3D_30_5_6_b                l = 3

===========================================================================================
===========================================================================================
S1:
	q_c:    379.0000    141.5000    33.5000
	ub :    389.0000    169.0000    57.0000
	lb :    369.0000    114.0000    10.0000

	==================================================================================
	Q1:
		Shape: Hybrid
		q_c:    373.0000    149.0000    29.0000
		ub :    376.3783    151.6266    32.4763
		lb :    369.6217    146.3734    25.5237
		P^-1: 
			    0.3192    -0.0834    -0.1383
			    -0.0834    0.3890    -0.0920
			    -0.1383    -0.0920    0.2918
		A:
			    -0.3208    -0.9063    -0.2752
			    -0.4397    -0.6773    0.5898
			    0.3950    0.1683    -0.9031
			    -0.1251    0.9064    -0.4034
			    -0.3762    -0.1635    -0.9120
			    -0.4755    0.6300    0.6140
		b:
			    -260.9501
			    -247.0166
			    147.1655
			    77.4657
			    -189.0687
			    -64.6489
	==================================================================================
	Q2:
		Shape: Ellipse
		q_c:    379.0000    147.0000    29.5000
		ub :    381.2744    150.3235    32.6641
		lb :    376.7256    143.6765    26.3359
		P^-1: 
			    0.6385    0.2268    0.1643
			    0.2268    0.3924    0.3287
			    0.1643    0.3287    0.5246
	==================================================================================
	Q3:
		Shape: Polyhedra
		q_c:    383.0000    148.0000    33.5000
		ub :    387.3710    151.3617    37.8646
		lb :    378.6290    144.6383    29.1354
		A:
			    0.6573    -0.7336    0.1724
			    0.2309    0.8992    -0.3716
			    -0.2559    0.3151    -0.9139
			    -0.4813    0.5496    0.6829
			    0.7670    0.3596    0.5314
			    -0.3276    0.8803    0.3432
			    0.4025    0.7952    0.4534
			    -0.6341    0.5995    -0.4885
			    -0.6602    -0.0908    0.7455
			    -0.4025    -0.7952    -0.4534
			    0.6341    -0.5995    0.4885
			    0.6602    0.0908    -0.7455
		b:
			    151.4505
			    211.5337
			    -79.3671
			    -77.4218
			    366.9670
			    18.6603
			    289.0546
			    -167.9908
			    -238.3458
			    -285.0546
			    172.9908
			    244.3458
	==================================================================================
	Q4:
		Shape: Polyhedra
		q_c:    377.5000    143.0000    29.5000
		ub :    380.5156    145.6116    31.2715
		lb :    374.4844    140.3884    27.7285
		A:
			    -0.0133    -0.0231    -0.9996
			    0.1107    -0.9875    0.1123
			    0.5320    -0.2956    0.7934
			    0.3468    0.9373    -0.0338
			    -0.9170    0.2789    -0.2852
			    -0.0825    -0.3349    0.9386
			    0.4618    0.8719    0.1629
			    0.8776    -0.4224    -0.2268
			    -0.1290    0.2477    -0.9602
			    -0.4618    -0.8719    -0.1629
			    -0.8776    0.4224    0.2268
			    0.1290    -0.2477    0.9602
		b:
			    -36.6702
			    -94.3842
			    183.3643
			    265.4585
			    -312.4820
			    -50.2520
			    305.3192
			    266.6769
			    -40.5925
			    -302.3192
			    -261.6769
			    42.5925
	==================================================================================
	Q5:
		Shape: Hybrid
		q_c:    377.5000    146.0000    25.5000
		ub :    381.6760    150.1055    29.3456
		lb :    373.3240    141.8945    21.6544
		P^-1: 
			    0.1565    -0.0029    0.0123
			    -0.0029    0.1576    0.0102
			    0.0123    0.0102    0.1171
		A:
			    0.4131    0.8966    -0.1596
			    0.9015    -0.0079    -0.4328
			    0.7794    -0.0989    -0.6186
			    0.1444    -0.5655    -0.8120
			    -0.6082    0.5471    -0.5751
			    0.6673    -0.1189    0.7352
		b:
			    284.1392
			    329.5722
			    265.5811
			    -47.2762
			    -162.9944
			    254.6918
	==================================================================================
	Q6:
		Shape: Polyhedra
		q_c:    374.5000    139.5000    29.5000
		ub :    380.6665    145.3076    33.7294
		lb :    368.3335    133.6924    25.2706
		A:
			    0.9159    0.0390    0.3995
			    0.2560    0.8503    0.4599
			    0.9139    -0.3310    0.2351
			    0.1458    0.9508    0.2732
			    0.1762    0.2875    0.9414
			    -0.7921    -0.3222    -0.5185
			    0.3332    0.0662    0.9405
			    -0.6634    0.7253    0.1840
			    -0.6700    -0.6853    0.2855
			    -0.3332    -0.0662    -0.9405
			    0.6634    -0.7253    -0.1840
			    0.6700    0.6853    -0.2855
		b:
			    363.6165
			    231.6197
			    306.6811
			    199.1438
			    136.5187
			    -353.6716
			    164.2401
			    -137.8593
			    -334.0781
			    -159.2401
			    145.8593
			    342.0781


===========================================================================================
===========================================================================================
S2:
	q_c:    366.0000    414.5000    330.0000
	ub :    385.0000    432.0000    352.0000
	lb :    347.0000    397.0000    308.0000

	==================================================================================
	Q1:
		Shape: Ellipse
		q_c:    377.0000    434.5000    342.5000
		ub :    385.0062    446.2790    353.9015
		lb :    368.9938    422.7210    331.0985
		P^-1: 
			    0.0552    0.0024    -0.0135
			    0.0024    0.0219    0.0158
			    -0.0135    0.0158    0.0344
	==================================================================================
	Q2:
		Shape: Hybrid
		q_c:    375.0000    429.5000    346.0000
		ub :    385.7493    434.2481    352.8398
		lb :    364.2507    424.7519    339.1602
		P^-1: 
			    0.0124    0.0007    -0.0116
			    0.0007    0.1023    -0.0189
			    -0.0116    -0.0189    0.0689
		A:
			    0.7025    -0.1345    -0.6989
			    0.2162    0.9758    0.0313
			    -0.0443    0.9664    0.2531
			    0.4086    -0.7427    0.5306
			    0.5568    -0.8304    -0.0215
			    -0.2327    0.9172    0.3235
		b:
			    -31.3039
			    513.5173
			    488.0340
			    21.8023
			    -150.9514
			    420.8672
	==================================================================================
	Q3:
		Shape: Hybrid
		q_c:    376.0000    423.5000    310.5000
		ub :    386.0657    432.5618    318.2253
		lb :    365.9343    414.4382    302.7747
		P^-1: 
			    0.0344    0.0213    0.0038
			    0.0213    0.0409    0.0090
			    0.0038    0.0090    0.0358
		A:
			    0.4419    -0.0432    0.8960
			    0.7609    0.3061    -0.5721
			    -0.7721    -0.3529    -0.5285
			    -0.1727    0.6617    0.7296
			    -0.9171    -0.3839    -0.1075
			    -0.2023    -0.8940    -0.3998
		b:
			    429.9253
			    241.5237
			    -600.9140
			    445.4360
			    -537.7189
			    -575.9430
	==================================================================================
	Q4:
		Shape: Ellipse
		q_c:    348.0000    418.5000    314.5000
		ub :    362.6159    434.5153    330.2765
		lb :    333.3841    402.4847    298.7235
		P^-1: 
			    0.0117    -0.0008    -0.0007
			    -0.0008    0.0111    -0.0002
			    -0.0007    -0.0002    0.0106
	==================================================================================
	Q5:
		Shape: Ellipse
		q_c:    383.0000    411.0000    335.0000
		ub :    398.8660    426.2065    347.5086
		lb :    367.1340    395.7935    322.4914
		P^-1: 
			    0.0128    0.0026    0.0042
			    0.0026    0.0109    0.0031
			    0.0042    0.0031    0.0158
	==================================================================================
	Q6:
		Shape: Polyhedra
		q_c:    387.0000    414.5000    332.5000
		ub :    399.3643    426.1692    343.4148
		lb :    374.6357    402.8308    321.5852
		A:
			    0.1531    0.5230    -0.8385
			    0.6961    -0.2641    0.6676
			    -0.9879    0.0957    -0.1218
			    -0.2639    0.4784    -0.8375
			    0.8199    -0.2788    0.5001
			    0.4155    0.7388    0.5306
			    0.3142    0.1602    0.9357
			    -0.9241    0.2773    0.2629
			    -0.2174    -0.9473    0.2352
			    -0.3142    -0.1602    -0.9357
			    0.9241    -0.2773    -0.2629
			    0.2174    0.9473    -0.2352
		b:
			    5.1216
			    389.6204
			    -374.4738
			    -174.6692
			    376.1150
			    651.1570
			    506.1319
			    -146.3005
			    -390.1033
			    -492.1319
			    164.3005
			    407.1033


===========================================================================================
===========================================================================================
S3:
	q_c:    164.0000    463.0000    67.5000
	ub :    173.0000    473.0000    91.0000
	lb :    155.0000    453.0000    44.0000

	==================================================================================
	Q1:
		Shape: Ellipse
		q_c:    167.5000    459.0000    71.0000
		ub :    173.8013    464.6222    77.1179
		lb :    161.1987    453.3778    64.8821
		P^-1: 
			    0.0595    0.0106    -0.0202
			    0.0106    0.0605    -0.0212
			    -0.0202    -0.0212    0.0899
	==================================================================================
	Q2:
		Shape: Polyhedra
		q_c:    156.0000    463.0000    70.5000
		ub :    163.6246    471.2681    75.9131
		lb :    148.3754    454.7319    65.0869
		A:
			    0.0579    -0.7317    0.6791
			    0.1012    -0.1527    0.9831
			    0.2665    -0.9481    -0.1735
			    -0.9072    0.4048    -0.1141
			    -0.7503    0.0688    -0.6575
			    -0.0931    -0.4752    -0.8750
			    0.4977    0.8595    0.1167
			    -0.0800    0.1795    -0.9805
			    -0.8636    0.4786    0.1581
			    -0.4977    -0.8595    -0.1167
			    0.0800    -0.1795    0.9805
			    0.8636    -0.4786    -0.1581
		b:
			    -277.1720
			    18.3811
			    -404.1068
			    42.8151
			    -126.8626
			    -291.4230
			    489.8004
			    5.5102
			    103.0314
			    -477.8004
			    2.4898
			    -93.0314
	==================================================================================
	Q3:
		Shape: Hybrid
		q_c:    157.0000    456.0000    68.5000
		ub :    162.5334    459.2494    73.8754
		lb :    151.4666    452.7506    63.1246
		P^-1: 
			    0.1920    0.3013    -0.1177
			    0.3013    0.7635    -0.2739
			    -0.1177    -0.2739    0.1696
		A:
			    -0.3027    -0.8504    0.4302
			    -0.3810    -0.8889    0.2544
			    0.5058    0.5671    -0.6501
			    0.0202    -0.8900    0.4556
			    -0.8799    -0.1721    0.4428
			    -0.6626    -0.6687    0.3374
		b:
			    -405.2603
			    -447.1748
			    294.9531
			    -370.0903
			    -183.6182
			    -384.6536
	==================================================================================
	Q4:
		Shape: Hybrid
		q_c:    169.0000    456.0000    76.5000
		ub :    173.1950    462.3213    83.1819
		lb :    164.8050    449.6787    69.8181
		P^-1: 
			    0.2234    -0.0046    -0.0679
			    -0.0046    0.0525    -0.0102
			    -0.0679    -0.0102    0.0766
		A:
			    0.8777    -0.3365    -0.3412
			    -0.6731    0.7281    0.1297
			    0.9953    0.0615    -0.0751
			    -0.8251    0.4162    0.3821
			    0.7117    -0.4648    -0.5268
			    0.3903    0.2552    0.8846
		b:
			    -29.8026
			    230.6532
			    191.8990
			    81.2090
			    -129.9230
			    253.7929
	==================================================================================
	Q5:
		Shape: Polyhedra
		q_c:    158.0000    462.0000    78.5000
		ub :    162.5669    465.7126    81.6786
		lb :    153.4331    458.2874    75.3214
		A:
			    0.5070    0.5006    -0.7017
			    0.2479    0.9392    0.2374
			    0.3701    0.7159    0.5920
			    -0.2394    -0.9582    0.1568
			    0.2846    0.8108    -0.5115
			    -0.2977    -0.6658    -0.6842
			    0.2303    0.6343    0.7380
			    0.1223    0.7335    -0.6686
			    -0.9654    0.2443    0.0914
			    -0.2303    -0.6343    -0.7380
			    -0.1223    -0.7335    0.6686
			    0.9654    -0.2443    -0.0914
		b:
			    258.8054
			    493.7360
			    437.7429
			    -466.1862
			    381.4398
			    -406.3207
			    389.3520
			    307.7316
			    -28.5094
			    -385.3520
			    -303.7316
			    36.5094
	==================================================================================
	Q6:
		Shape: Hybrid
		q_c:    169.0000    453.5000    59.0000
		ub :    172.9826    458.4641    63.8508
		lb :    165.0174    448.5359    54.1492
		P^-1: 
			    0.0822    0.0026    0.0033
			    0.0026    0.0930    0.0141
			    0.0033    0.0141    0.0992
		A:
			    -0.3295    0.5960    0.7323
			    -0.9797    -0.0758    -0.1855
			    0.4893    0.6440    0.5880
			    0.8525    0.1584    -0.4981
			    -0.5450    -0.0421    -0.8374
			    -0.2045    0.9255    -0.3188
		b:
			    259.4123
			    -208.9283
			    411.0414
			    188.5226
			    -158.8684
			    368.2914


===========================================================================================
===========================================================================================
S4:
	q_c:    348.0000    412.0000    432.0000
	ub :    359.0000    425.0000    442.0000
	lb :    337.0000    399.0000    422.0000

	==================================================================================
	Q1:
		Shape: Polyhedra
		q_c:    352.5000    418.0000    427.5000
		ub :    358.8767    424.5574    434.3238
		lb :    346.1233    411.4426    420.6762
		A:
			    -0.9833    0.0848    0.1608
			    0.2695    -0.7168    0.6431
			    -0.3304    0.9129    -0.2396
			    0.2233    0.0778    0.9716
			    -0.1105    -0.9892    0.0963
			    -0.2090    -0.9566    -0.2033
			    0.4790    0.4401    0.7595
			    -0.7819    0.6071    0.1414
			    -0.3989    -0.6616    0.6350
			    -0.4790    -0.4401    -0.7595
			    0.7819    -0.6071    -0.1414
			    0.3989    0.6616    -0.6350
		b:
			    -239.0228
			    73.8808
			    165.8763
			    531.7192
			    -407.4306
			    -555.9609
			    683.0048
			    41.6026
			    -142.2177
			    -672.0048
			    -35.6026
			    149.2177
	==================================================================================
	Q2:
		Shape: Hybrid
		q_c:    353.0000    407.5000    435.5000
		ub :    357.9832    413.5772    441.9245
		lb :    348.0168    401.4228    429.0755
		P^-1: 
			    0.0496    -0.0022    0.0014
			    -0.0022    0.0629    -0.0206
			    0.0014    -0.0206    0.0585
		A:
			    0.8455    -0.5074    -0.1662
			    -0.6446    0.3133    -0.6974
			    0.6026    0.7282    -0.3264
			    0.8153    -0.0191    0.5788
			    -0.6052    0.2749    0.7471
			    0.0930    -0.8921    -0.4423
		b:
			    22.0816
			    -401.2952
			    369.6347
			    534.7274
			    226.7045
			    -520.2345
	==================================================================================
	Q3:
		Shape: Ellipse
		q_c:    348.0000    419.0000    440.0000
		ub :    353.4114    424.8721    445.0744
		lb :    342.5886    413.1279    434.9256
		P^-1: 
			    0.1536    -0.0442    -0.0826
			    -0.0442    0.0840    0.0401
			    -0.0826    0.0401    0.1374
	==================================================================================
	Q4:
		Shape: Polyhedra
		q_c:    341.5000    418.0000    435.5000
		ub :    349.4910    425.7584    442.8816
		lb :    333.5090    410.2416    428.1184
		A:
			    -0.6110    -0.4444    0.6551
			    0.9199    0.3890    0.0498
			    0.3407    -0.7635    -0.5487
			    -0.4442    0.4084    -0.7974
			    -0.3864    -0.8003    0.4584
			    0.8670    0.1621    0.4713
			    0.4514    0.6529    0.6083
			    0.6966    0.1682    -0.6974
			    -0.5576    0.7386    -0.3789
			    -0.4514    -0.6529    -0.6083
			    -0.6966    -0.1682    0.6974
			    0.5576    -0.7386    0.3789
		b:
			    -104.9426
			    502.4147
			    -437.0166
			    -322.3860
			    -262.0375
			    573.7020
			    695.4567
			    8.4679
			    -40.2162
			    -688.4567
			    -0.4679
			    53.2162
	==================================================================================
	Q5:
		Shape: Polyhedra
		q_c:    340.5000    410.5000    437.0000
		ub :    347.1856    416.1938    442.8284
		lb :    333.8144    404.8062    431.1716
		A:
			    0.7287    0.6643    0.1661
			    -0.8938    0.4307    -0.1247
			    -0.3485    -0.1050    0.9314
			    0.2299    0.0620    -0.9712
			    0.0719    -0.4752    -0.8769
			    0.3751    0.6417    -0.6690
			    0.8943    0.2899    0.3409
			    0.1408    -0.9054    0.4005
			    0.4248    -0.3102    -0.8505
			    -0.8943    -0.2899    -0.3409
			    -0.1408    0.9054    -0.4005
			    -0.4248    0.3102    0.8505
		b:
			    598.6320
			    -177.4369
			    248.3551
			    -317.5549
			    -550.3552
			    102.3746
			    577.9793
			    -145.1963
			    -351.3675
			    -566.9793
			    152.1963
			    357.3675
	==================================================================================
	Q6:
		Shape: Hybrid
		q_c:    348.0000    417.5000    430.5000
		ub :    352.8379    420.0341    435.2626
		lb :    343.1621    414.9659    425.7374
		P^-1: 
			    0.1939    0.2911    0.0757
			    0.2911    0.8367    0.1964
			    0.0757    0.1964    0.1327
		A:
			    -0.6072    -0.7387    -0.2927
			    -0.5842    -0.7811    -0.2204
			    0.2122    0.8476    -0.4863
			    -0.2614    -0.9637    0.0542
			    -0.3865    -0.7411    -0.5490
			    -0.4404    -0.6175    -0.6518
		b:
			    -644.7704
			    -623.4616
			    220.3823
			    -469.0267
			    -679.2119
			    -690.1839


===========================================================================================
===========================================================================================
S5:
	q_c:    170.5000    221.0000    259.5000
	ub :    181.0000    239.0000    275.0000
	lb :    160.0000    203.0000    244.0000

	==================================================================================
	Q1:
		Shape: Hybrid
		q_c:    174.5000    213.0000    251.0000
		ub :    177.8844    217.7360    254.9642
		lb :    171.1156    208.2640    247.0358
		P^-1: 
			    0.2303    0.0573    0.0039
			    0.0573    0.0823    0.0035
			    0.0039    0.0035    0.0816
		A:
			    0.0100    -0.1286    0.9916
			    -0.4361    -0.7506    -0.4964
			    0.1211    0.2569    -0.9588
			    -0.7204    -0.6854    0.1062
			    0.4770    0.4898    -0.7297
			    -0.8077    0.3051    0.5045
		b:
			    225.7819
			    -358.4855
			    -162.3059
			    -243.5522
			    6.5681
			    52.7645
	==================================================================================
	Q2:
		Shape: Ellipse
		q_c:    168.5000    221.5000    248.5000
		ub :    174.5577    227.7184    254.7885
		lb :    162.4423    215.2816    242.2115
		P^-1: 
			    0.0603    0.0018    0.0089
			    0.0018    0.0865    0.0283
			    0.0089    0.0283    0.0761
	==================================================================================
	Q3:
		Shape: Hybrid
		q_c:    165.5000    219.0000    259.0000
		ub :    171.4057    222.3335    264.9837
		lb :    159.5943    215.6665    253.0163
		P^-1: 
			    0.0639    0.0114    -0.0019
			    0.0114    0.1560    -0.0155
			    -0.0019    -0.0155    0.0651
		A:
			    -0.7859    0.6162    -0.0507
			    0.2702    -0.7263    0.6321
			    -0.8827    0.3663    -0.2946
			    -0.5268    0.0901    -0.8452
			    0.4700    -0.6871    0.5541
			    -0.5982    -0.5766    -0.5565
		b:
			    -5.8312
			    51.2921
			    -139.5311
			    -283.6383
			    72.9205
			    -367.0436
	==================================================================================
	Q4:
		Shape: Hybrid
		q_c:    175.0000    226.0000    252.5000
		ub :    180.9692    232.4223    259.4706
		lb :    169.0308    219.5777    245.5294
		P^-1: 
			    0.0946    -0.0241    -0.0129
			    -0.0241    0.0729    -0.0052
			    -0.0129    -0.0052    0.0392
		A:
			    0.0008    -0.5011    0.8654
			    0.7162    0.6946    -0.0680
			    -0.6111    0.6213    -0.4904
			    0.4030    0.9112    -0.0859
			    -0.0711    0.2823    0.9567
			    0.3202    0.8903    0.3237
		b:
			    108.5235
			    267.8219
			    -88.0676
			    257.4293
			    296.6728
			    342.1633
	==================================================================================
	Q5:
		Shape: Hybrid
		q_c:    168.5000    221.0000    259.5000
		ub :    171.9703    225.4658    264.7392
		lb :    165.0297    216.5342    254.2608
		P^-1: 
			    0.5462    0.3732    0.1050
			    0.3732    0.5418    0.2557
			    0.1050    0.2557    0.2020
		A:
			    -0.2049    -0.9220    -0.3285
			    0.7374    0.6036    0.3031
			    0.8966    0.4387    -0.0608
			    0.9397    0.2970    0.1695
			    -0.6498    -0.6687    -0.3614
			    0.9182    0.2160    -0.3321
		b:
			    -322.3258
			    336.8981
			    233.0877
			    269.1196
			    -350.5142
			    117.5278
	==================================================================================
	Q6:
		Shape: Ellipse
		q_c:    173.0000    229.0000    252.5000
		ub :    179.1884    235.8398    258.7644
		lb :    166.8116    222.1602    246.2356
		P^-1: 
			    0.0400    -0.0000    -0.0001
			    -0.0000    0.0399    -0.0010
			    -0.0001    -0.0010    0.0332


===========================================================================================
===========================================================================================
