3D_35_6_6_c                l = 3

===========================================================================================
===========================================================================================
S1:
	q_c:	401.5	453.0	43.0
	ub :	421.0225	476.6601	66.0961
	lb :	379.2098	428.436	20.3251

	==================================================================================
	Q1:
		Shape: Polyhedra
		q_c:	399.0	450.5	42.5
		ub :	406.2161	458.6126	48.4696
		lb :	391.7839	442.3874	36.5304
		A:
			-0.8253	-0.4193	0.3782
			0.6235	0.323	-0.7119
			0.359	0.7162	-0.5985
			-0.819	-0.3698	0.4387
			-0.8197	-0.4274	-0.3814
			0.7553	-0.4077	0.5131
			0.0566	0.2515	0.9662
			0.7248	0.6552	-0.213
			-0.6866	0.7124	-0.1452
			-0.0566	-0.2515	-0.9662
			-0.7248	-0.6552	0.213
			0.6866	-0.7124	0.1452
		b:
			-499.0814
			367.3991
			444.2485
			-471.5463
			-531.9162
			146.4635
			181.4373
			577.8127
			48.3165
			-172.4373
			-572.8127
			-33.3165
	==================================================================================
	Q2:
		Shape: Hybrid
		q_c:	403.0	466.5	31.5
		ub :	414.1735	476.6601	42.6749
		lb :	391.8265	456.3399	20.3251
		P^-1:
			0.0428	-0.03	-0.0177
			-0.03	0.0525	0.0027
			-0.0177	0.0027	0.0284
		A:
			0.6538	-0.3066	-0.6918
			-0.1132	-0.2823	0.9526
			-0.9155	0.1117	0.3866
			-0.4882	0.3039	0.8181
			0.1317	-0.9759	-0.1738
			-0.9851	0.1046	0.1363
		b:
			101.1864
			-142.7674
			-300.9147
			-25.9179
			-403.6109
			-338.9883
	==================================================================================
	Q3:
		Shape: Ellipse
		q_c:	394.5	437.0	47.5
		ub :	401.8618	445.564	55.873
		lb :	387.1382	428.436	39.127
		P^-1:
			0.0854	0.0138	0.0368
			0.0138	0.0307	0.0101
			0.0368	0.0101	0.0465
	==================================================================================
	Q4:
		Shape: Ellipse
		q_c:	414.5	450.5	59.0
		ub :	421.0225	456.686	66.0961
		lb :	407.9775	444.314	51.9039
		P^-1:
			0.0623	0.0197	0.017
			0.0197	0.0667	0.0282
			0.017	0.0282	0.0714
	==================================================================================
	Q5:
		Shape: Polyhedra
		q_c:	388.0	461.0	40.5
		ub :	396.7902	472.751	50.7628
		lb :	379.2098	449.249	30.2372
		A:
			0.875	-0.321	0.3624
			0.0803	0.7913	0.6062
			0.8466	-0.0707	-0.5275
			-0.4254	0.0104	-0.9049
			0.6531	-0.1452	0.7432
			0.6228	-0.0698	0.7792
			0.0724	0.5599	0.8254
			0.3653	0.7552	-0.5443
			-0.9281	0.3409	-0.1499
			-0.0724	-0.5599	-0.8254
			-0.3653	-0.7552	0.5443
			0.9281	-0.3409	0.1499
		b:
			211.7654
			426.3773
			281.2411
			-190.8882
			222.4174
			246.8064
			325.1363
			476.8199
			-203.5035
			-314.1363
			-458.8199
			214.5035
	==================================================================================
	Q6:
		Shape: Polyhedra
		q_c:	401.5	457.5	44.0
		ub :	409.7926	464.133	52.0701
		lb :	393.2074	450.867	35.9299
		A:
			0.8176	-0.3508	0.4566
			-0.6851	-0.7238	0.0818
			-0.6484	0.5873	0.4844
			0.7732	0.6241	-0.1129
			0.4202	0.9047	-0.0707
			0.4366	-0.7163	-0.5444
			0.4886	0.8526	0.1852
			0.853	-0.5114	0.1037
			0.1831	0.1073	-0.9772
			-0.4886	-0.8526	-0.1852
			-0.853	0.5114	-0.1037
			-0.1831	-0.1073	0.9772
		b:
			194.321
			-598.9378
			36.1149
			595.0555
			582.9236
			-170.3606
			597.4068
			119.5877
			86.6001
			-591.4068
			-106.5877
			-72.6001


===========================================================================================
===========================================================================================
S2:
	q_c:	471.0	53.5	275.0
	ub :	488.8372	64.5629	291.6691
	lb :	459.0468	40.2861	257.1673

	==================================================================================
	Q1:
		Shape: Ellipse
		q_c:	465.5	50.0	264.0
		ub :	471.9532	55.7309	270.8327
		lb :	459.0468	44.2691	257.1673
		P^-1:
			0.1751	-0.1388	0.1321
			-0.1388	0.1733	-0.1369
			0.1321	-0.1369	0.169
	==================================================================================
	Q2:
		Shape: Polyhedra
		q_c:	482.0	49.5	279.5
		ub :	488.8372	55.787	286.7551
		lb :	475.1628	43.213	272.2449
		A:
			-0.5859	0.1892	0.788
			-0.6376	-0.6252	-0.45
			0.5467	-0.1848	0.8166
			-0.037	0.9768	0.211
			0.8866	-0.0063	0.4626
			-0.4153	0.5954	-0.6877
			0.8523	0.0986	0.5136
			-0.4575	-0.3352	0.8236
			0.2534	-0.937	-0.2406
			-0.8523	-0.0986	-0.5136
			0.4575	0.3352	-0.8236
			-0.2534	0.937	0.2406
		b:
			-47.926
			-459.9074
			486.8937
			94.0022
			560.3058
			-358.4613
			563.262
			-1.9183
			13.0215
			-555.262
			11.9183
			-4.0215
	==================================================================================
	Q3:
		Shape: Polyhedra
		q_c:	478.5	48.0	283.0
		ub :	482.8735	53.2	288.0887
		lb :	474.1265	42.8	277.9113
		A:
			0.7596	-0.5658	-0.3207
			0.7593	-0.4258	0.4921
			-0.8109	0.2668	0.5209
			-0.197	-0.0963	0.9757
			-0.8318	0.3627	0.4203
			0.8664	0.0866	-0.4919
			0.6903	0.4998	0.5232
			-0.1555	0.8087	-0.5673
			-0.7066	0.3102	0.6359
			-0.6903	-0.4998	-0.5232
			0.1555	-0.8087	0.5673
			0.7066	-0.3102	-0.6359
		b:
			247.8571
			485.5118
			-225.7488
			180.0481
			-259.5297
			281.875
			505.8577
			-192.6289
			-141.2672
			-498.8577
			199.6289
			145.2672
	==================================================================================
	Q4:
		Shape: Ellipse
		q_c:	479.0	46.0	274.0
		ub :	482.242	49.5696	277.4911
		lb :	475.758	42.4304	270.5089
		P^-1:
			0.4791	-0.2867	-0.2335
			-0.2867	0.3662	0.3127
			-0.2335	0.3127	0.4864
	==================================================================================
	Q5:
		Shape: Polyhedra
		q_c:	469.5	59.0	282.0
		ub :	478.0454	64.5629	290.4508
		lb :	460.9546	53.4371	273.5492
		A:
			0.6496	-0.3609	-0.6691
			-0.6421	-0.7192	0.2653
			0.4805	-0.5915	-0.6475
			0.4659	-0.3803	-0.7989
			-0.595	0.3291	0.7332
			0.1921	0.9044	-0.3811
			0.629	0.208	0.7491
			0.254	-0.9656	0.0548
			0.7348	0.1558	-0.6602
			-0.629	-0.208	-0.7491
			-0.254	0.9656	-0.0548
			-0.7348	-0.1558	0.6602
		b:
			99.0435
			-264.6196
			12.367
			-24.407
			-48.9544
			39.7591
			526.3179
			81.2526
			171.9815
			-511.3179
			-74.2526
			-163.9815
	==================================================================================
	Q6:
		Shape: Ellipse
		q_c:	473.5	44.5	285.5
		ub :	480.9766	48.7139	291.6691
		lb :	466.0234	40.2861	279.3309
		P^-1:
			0.0395	0.0014	0.0366
			0.0014	0.1435	0.0243
			0.0366	0.0243	0.1118


===========================================================================================
===========================================================================================
S3:
	q_c:	34.5	481.5	342.5
	ub :	41.4662	491.1738	350.3121
	lb :	26.3403	476.0961	335.645

	==================================================================================
	Q1:
		Shape: Polyhedra
		q_c:	34.0	482.0	344.5
		ub :	40.0029	487.9039	350.3121
		lb :	27.9971	476.0961	338.6879
		A:
			-0.2051	-0.9094	-0.3619
			0.3288	0.0214	-0.9441
			-0.1251	-0.9196	-0.3725
			-0.9107	-0.3443	0.2282
			-0.6592	-0.6514	0.3757
			0.6361	-0.6509	-0.4145
			0.6929	0.4865	0.5322
			-0.648	0.0965	0.7555
			0.3162	-0.8683	0.3821
			-0.6929	-0.4865	-0.5322
			0.648	-0.0965	-0.7555
			-0.3162	0.8683	-0.3821
		b:
			-565.7276
			-300.9245
			-571.6277
			-114.7427
			-203.2938
			-431.7149
			445.898
			287.2467
			-272.1293
			-436.898
			-282.2467
			280.1293
	==================================================================================
	Q2:
		Shape: Polyhedra
		q_c:	38.0	480.5	345.5
		ub :	41.4662	483.116	349.5623
		lb :	34.5338	477.884	341.4377
		A:
			-0.2179	-0.7501	0.6244
			0.0599	-0.9392	0.338
			-0.2708	0.8831	-0.383
			-0.1509	-0.8835	0.4435
			0.9363	0.0649	-0.3451
			-0.5556	0.7868	-0.2688
			0.4213	0.4972	0.7585
			-0.8731	-0.0041	0.4876
			0.2456	-0.8676	0.4323
			-0.4213	-0.4972	-0.7585
			0.8731	0.0041	-0.4876
			-0.2456	0.8676	-0.4323
		b:
			-151.6798
			-331.0433
			282.736
			-275.7058
			-50.4073
			265.2668
			520.4667
			135.3045
			-257.205
			-513.4667
			-131.3045
			259.205
	==================================================================================
	Q3:
		Shape: Polyhedra
		q_c:	30.0	487.5	338.5
		ub :	33.6597	491.1738	341.2807
		lb :	26.3403	483.8262	335.7193
		A:
			0.608	-0.3026	-0.734
			0.1995	0.1475	0.9687
			-0.6255	-0.7656	0.1505
			0.7757	0.4753	0.4152
			0.4286	0.5442	0.7212
			0.4875	0.8013	0.3468
			0.6778	0.5481	0.4901
			-0.4541	-0.2123	0.8653
			0.5783	-0.809	0.105
			-0.6778	-0.5481	-0.4901
			0.4541	0.2123	-0.8653
			-0.5783	0.809	-0.105
		b:
			-375.4347
			407.6016
			-339.21
			397.0398
			523.8672
			524.3831
			454.9286
			177.7999
			-338.5193
			-451.9286
			-173.7999
			344.5193
	==================================================================================
	Q4:
		Shape: Ellipse
		q_c:	33.5	485.0	343.0
		ub :	36.6223	488.2434	345.5019
		lb :	30.3777	481.7566	340.4981
		P^-1:
			0.5722	0.4581	0.001
			0.4581	0.5094	0.0009
			0.001	0.0009	0.16
	==================================================================================
	Q5:
		Shape: Polyhedra
		q_c:	37.0	485.0	345.0
		ub :	39.4926	488.9079	348.8728
		lb :	34.5074	481.0921	341.1272
		A:
			-0.659	-0.408	-0.6319
			-0.8956	-0.3986	-0.1976
			-0.0229	0.5281	0.8488
			0.9902	0.1324	0.0455
			-0.6965	0.2822	-0.6598
			-0.321	0.8783	0.3544
			0.4822	0.5958	0.6423
			-0.8657	0.4366	0.2449
			-0.1345	-0.6741	0.7263
			-0.4822	-0.5958	-0.6423
			0.8657	-0.4366	-0.2449
			0.1345	0.6741	-0.7263
		b:
			-438.7367
			-292.9219
			549.8709
			118.1409
			-114.1869
			538.1136
			529.8975
			265.6963
			-77.835
			-526.8975
			-262.6963
			84.835
	==================================================================================
	Q6:
		Shape: Polyhedra
		q_c:	36.0	482.5	338.0
		ub :	39.7965	484.8266	340.355
		lb :	32.2035	480.1734	335.645
		A:
			0.2741	-0.9529	0.1295
			0.6099	0.2794	0.7416
			-0.5327	0.6325	0.5623
			-0.4416	0.8576	-0.2637
			0.021	-0.9991	0.0378
			-0.2325	0.9703	-0.0663
			0.1295	0.2572	0.9577
			-0.3315	0.9214	-0.2026
			-0.9345	-0.2913	0.2045
			-0.1295	-0.2572	-0.9577
			0.3315	-0.9214	0.2026
			0.9345	0.2913	-0.2045
		b:
			-405.1299
			409.5977
			477.9464
			309.8187
			-467.1397
			438.4505
			453.928
			365.1738
			-101.5361
			-450.928
			-363.1738
			108.5361


===========================================================================================
===========================================================================================
S4:
	q_c:	402.0	387.0	165.5
	ub :	433.1744	409.551	183.7753
	lb :	373.0227	355.3007	140.2731

	==================================================================================
	Q1:
		Shape: Hybrid
		q_c:	383.0	380.5	170.5
		ub :	392.9773	390.4687	177.3423
		lb :	373.0227	370.5313	163.6577
		P^-1:
			0.039	0.0254	-0.0023
			0.0254	0.0342	-0.0032
			-0.0023	-0.0032	0.0282
		A:
			0.4562	-0.3867	0.8015
			0.65	0.7594	0.0295
			-0.4716	0.129	-0.8723
			-0.9812	-0.1017	0.1637
			0.0928	-0.5431	0.8345
			0.9506	0.2015	-0.2362
		b:
			169.4999
			545.1126
			-275.7125
			-382.1445
			-24.2946
			404.3654
	==================================================================================
	Q2:
		Shape: Ellipse
		q_c:	405.5	365.0	175.0
		ub :	415.7734	374.6993	183.7753
		lb :	395.2266	355.3007	166.2247
		P^-1:
			0.031	0.0023	-0.0123
			0.0023	0.0215	-0.0008
			-0.0123	-0.0008	0.041
	==================================================================================
	Q3:
		Shape: Ellipse
		q_c:	421.5	397.0	152.0
		ub :	433.1744	409.551	163.7269
		lb :	409.8256	384.449	140.2731
		P^-1:
			0.0257	0.0046	0.0079
			0.0046	0.0149	0.0005
			0.0079	0.0005	0.0226
	==================================================================================
	Q4:
		Shape: Hybrid
		q_c:	397.5	391.5	164.0
		ub :	406.7112	402.7757	172.4476
		lb :	388.2888	380.2243	155.5524
		P^-1:
			0.2214	0.0778	-0.1997
			0.0778	0.0436	-0.0732
			-0.1997	-0.0732	0.2111
		A:
			0.3513	0.2466	-0.9032
			-0.8083	-0.1395	0.5721
			0.6814	-0.0076	-0.7319
			-0.8015	-0.5811	-0.1412
			-0.7646	-0.2341	0.6004
			0.5502	0.6926	-0.4665
		b:
			90.7993
			-280.6386
			149.6995
			-563.9769
			-296.1517
			416.7343
	==================================================================================
	Q5:
		Shape: Ellipse
		q_c:	395.5	383.0	157.0
		ub :	406.8857	390.0317	168.2203
		lb :	384.1143	375.9683	145.7797
		P^-1:
			0.0209	-0.0025	0.0126
			-0.0025	0.0568	-0.0121
			0.0126	-0.0121	0.0289
	==================================================================================
	Q6:
		Shape: Hybrid
		q_c:	389.0	394.0	159.5
		ub :	400.3812	406.5096	172.2266
		lb :	377.6188	381.4904	146.7734
		P^-1:
			0.0257	0.0037	-0.0043
			0.0037	0.021	0.0078
			-0.0043	0.0078	0.0188
		A:
			0.9905	0.1345	0.0283
			0.7173	-0.3377	0.6095
			-0.9934	-0.103	-0.0501
			0.8943	-0.2475	-0.3728
			0.3482	-0.5667	-0.7467
			-0.4641	-0.0633	0.8835
		b:
			446.2056
			249.4745
			-431.5183
			194.069
			-203.8949
			-60.2998


===========================================================================================
===========================================================================================
S5:
	q_c:	200.0	146.0	301.5
	ub :	213.5111	157.109	319.4519
	lb :	189.1329	135.6541	283.5792

	==================================================================================
	Q1:
		Shape: Hybrid
		q_c:	199.0	143.5	298.5
		ub :	206.4003	147.5284	305.7392
		lb :	191.5997	139.4716	291.2608
		P^-1:
			0.0457	-0.0254	0.0024
			-0.0254	0.1533	-0.0107
			0.0024	-0.0107	0.041
		A:
			-0.388	0.8749	0.2898
			-0.8781	0.474	0.0653
			0.6036	-0.2035	-0.7709
			0.6858	0.7088	-0.1652
			0.1014	-0.6791	0.727
			0.4172	-0.6441	-0.6411
		b:
			136.6918
			-84.3313
			-135.5617
			192.0246
			142.3062
			-197.9366
	==================================================================================
	Q2:
		Shape: Hybrid
		q_c:	206.5	143.5	294.5
		ub :	212.9043	151.3459	301.9865
		lb :	200.0957	135.6541	287.0135
		P^-1:
			0.0559	0.0003	-0.0068
			0.0003	0.0258	0.0077
			-0.0068	0.0077	0.0539
		A:
			0.752	-0.3808	0.538
			0.3016	-0.4593	0.8355
			0.4519	0.7626	-0.4629
			-0.7685	0.1264	0.6272
			-0.345	-0.1534	0.926
			-0.0176	0.5797	0.8146
		b:
			262.2806
			245.9048
			70.2788
			46.1555
			181.9127
			322.0573
	==================================================================================
	Q3:
		Shape: Polyhedra
		q_c:	197.5	148.5	314.0
		ub :	205.8671	157.109	319.4519
		lb :	189.1329	139.891	308.5481
		A:
			-0.8708	-0.4891	0.0497
			-0.78	0.0603	-0.6229
			0.8116	0.5605	0.1647
			0.6857	-0.0284	0.7274
			0.9107	0.4062	0.0753
			0.2778	0.0576	-0.9589
			0.2508	0.186	0.95
			-0.4103	0.9093	-0.0697
			-0.8768	-0.3723	0.3044
			-0.2508	-0.186	-0.95
			0.4103	-0.9093	0.0697
			0.8768	0.3723	-0.3044
		b:
			-223.6116
			-336.0423
			300.4142
			363.903
			269.0914
			-233.4429
			378.9535
			38.6118
			-127.3835
			-371.9535
			-25.6118
			138.3835
	==================================================================================
	Q4:
		Shape: Ellipse
		q_c:	201.5	147.5	293.0
		ub :	208.1819	156.5029	302.4208
		lb :	194.8181	138.4971	283.5792
		P^-1:
			0.063	-0.0122	-0.0242
			-0.0122	0.0275	0.0075
			-0.0242	0.0075	0.0385
	==================================================================================
	Q5:
		Shape: Polyhedra
		q_c:	199.0	146.5	302.0
		ub :	207.2247	154.1398	310.6842
		lb :	190.7753	138.8602	293.3158
		A:
			0.5105	-0.7977	-0.3209
			0.0368	0.3412	0.9393
			-0.2258	-0.4593	-0.8591
			-0.045	0.1481	-0.9879
			0.3978	0.3041	-0.8656
			-0.0984	-0.5308	0.8418
			0.2705	0.8562	0.4401
			0.879	-0.0332	-0.4757
			-0.3927	0.5155	-0.7616
			-0.2705	-0.8562	-0.4401
			-0.879	0.0332	0.4757
			0.3927	-0.5155	0.7616
		b:
			-106.5504
			346.459
			-366.0375
			-280.7411
			-132.6358
			161.6512
			318.1818
			31.8861
			-228.1232
			-306.1818
			-20.8861
			237.1232
	==================================================================================
	Q6:
		Shape: Hybrid
		q_c:	208.0	145.0	306.0
		ub :	213.5111	149.0561	311.5493
		lb :	202.4889	140.9439	300.4507
		P^-1:
			0.0936	-0.0574	-0.0322
			-0.0574	0.2024	0.0503
			-0.0322	0.0503	0.0981
		A:
			-0.3347	-0.8235	0.4581
			-0.0804	0.6406	0.7636
			0.0605	-0.4475	0.8922
			-0.2561	-0.8643	-0.4328
			-0.9154	0.2987	0.27
			0.005	0.8926	0.4509
		b:
			-46.5211
			311.491
			223.3174
			-309.1628
			-62.4102
			269.8419


===========================================================================================
===========================================================================================
S6:
	q_c:	36.5	466.0	402.5
	ub :	51.8892	482.95	422.3609
	lb :	21.0372	451.3341	394.0531

	==================================================================================
	Q1:
		Shape: Polyhedra
		q_c:	25.5	472.0	399.5
		ub :	29.9628	475.9967	404.9469
		lb :	21.0372	468.0033	394.0531
		A:
			-0.5085	0.6945	0.509
			-0.8206	-0.0466	0.5696
			0.4065	0.5325	0.7424
			-0.6681	-0.5895	0.454
			-0.5107	-0.0158	0.8596
			-0.2002	-0.5677	-0.7985
			0.0974	0.9868	0.1292
			0.9945	-0.1016	0.0257
			0.0385	0.126	-0.9913
			-0.0974	-0.9868	-0.1292
			-0.9945	0.1016	-0.0257
			-0.0385	-0.126	0.9913
		b:
			521.9584
			189.0409
			562.385
			-109.8913
			327.7023
			-587.9123
			522.8853
			-8.3046
			-330.5627
			-516.8853
			16.3046
			340.5627
	==================================================================================
	Q2:
		Shape: Hybrid
		q_c:	32.0	460.0	409.5
		ub :	40.4482	468.6659	414.5973
		lb :	23.5518	451.3341	404.4027
		P^-1:
			0.0367	-0.0033	-0.0174
			-0.0033	0.0368	-0.0215
			-0.0174	-0.0215	0.1012
		A:
			-0.0664	0.0171	0.9976
			0.3783	-0.4783	-0.7925
			0.6565	0.1429	-0.7407
			0.2093	-0.3033	-0.9296
			-0.0183	-0.9943	-0.1052
			0.6141	0.2398	-0.752
		b:
			416.2562
			-529.546
			-214.3583
			-510.9299
			-496.7027
			-175.7934
	==================================================================================
	Q3:
		Shape: Hybrid
		q_c:	43.5	470.5	402.5
		ub :	51.8892	477.1328	407.8839
		lb :	35.1108	463.8672	397.1161
		P^-1:
			0.042	0.0346	0.0219
			0.0346	0.0938	-0.0109
			0.0219	-0.0109	0.1042
		A:
			-0.2418	-0.537	-0.8082
			0.3998	-0.6087	0.6853
			-0.7511	0.2978	-0.5892
			0.061	-0.538	-0.8407
			0.4504	0.8066	-0.3827
			-0.2423	-0.9374	-0.2502
		b:
			-586.5347
			9.4641
			-126.0161
			-585.7531
			246.7183
			-550.2802
	==================================================================================
	Q4:
		Shape: Hybrid
		q_c:	38.0	478.0	417.5
		ub :	42.545	481.9781	422.3609
		lb :	33.455	474.0219	412.6391
		P^-1:
			0.4068	-0.2978	0.338
			-0.2978	0.3421	-0.288
			0.338	-0.288	0.3952
		A:
			-0.785	0.566	-0.2517
			0.8805	-0.4538	0.1372
			-0.8269	0.3073	-0.4709
			0.4831	-0.7043	0.5201
			-0.5871	0.7268	-0.3564
			-0.7197	0.3426	-0.6039
		b:
			136.8892
			-124.4674
			-80.0483
			-100.3906
			177.258
			-114.9313
	==================================================================================
	Q5:
		Shape: Hybrid
		q_c:	30.5	474.0	410.5
		ub :	39.7446	482.95	419.8017
		lb :	21.2554	465.05	401.1983
		P^-1:
			0.0362	-0.0028	0.0072
			-0.0028	0.0379	0.0053
			0.0072	0.0053	0.0263
		A:
			-0.006	0.7181	0.6959
			-0.5181	-0.8424	-0.1483
			0.0295	0.6111	0.791
			0.4455	0.6693	-0.5946
			-0.8183	0.2762	-0.504
			-0.8934	-0.3831	-0.2349
		b:
			628.6529
			-473.1253
			618.223
			90.9528
			-98.4076
			-302.4958
	==================================================================================
	Q6:
		Shape: Ellipse
		q_c:	40.0	474.5	412.0
		ub :	42.9745	480.285	418.0386
		lb :	37.0255	468.715	405.9614
		P^-1:
			0.16	0.0013	-0.0015
			0.0013	0.1067	0.0626
			-0.0015	0.0626	0.0863


===========================================================================================
===========================================================================================
