3D_30_14_6_b                l = 3

===========================================================================================
===========================================================================================
S1:
	q_c:	348.0	412.0	432.0
	ub :	358.8767	425.7584	445.0744
	lb :	333.509	401.4228	420.6762

	==================================================================================
	Q1:
		Shape: Polyhedra
		q_c:	352.5	418.0	427.5
		ub :	358.8767	424.5574	434.3238
		lb :	346.1233	411.4426	420.6762
		A:
			-0.9833	0.0848	0.1608
			0.2695	-0.7168	0.6431
			-0.3304	0.9129	-0.2396
			0.2233	0.0778	0.9716
			-0.1105	-0.9892	0.0963
			-0.209	-0.9566	-0.2033
			0.479	0.4401	0.7595
			-0.7819	0.6071	0.1414
			-0.3989	-0.6616	0.635
			-0.479	-0.4401	-0.7595
			0.7819	-0.6071	-0.1414
			0.3989	0.6616	-0.635
		b:
			-239.0228
			73.8808
			165.8763
			531.7192
			-407.4306
			-555.9609
			683.0048
			41.6026
			-142.2177
			-672.0048
			-35.6026
			149.2177
	==================================================================================
	Q2:
		Shape: Hybrid
		q_c:	353.0	407.5	435.5
		ub :	357.9832	413.5772	441.9245
		lb :	348.0168	401.4228	429.0755
		P^-1:
			0.0496	-0.0022	0.0014
			-0.0022	0.0629	-0.0206
			0.0014	-0.0206	0.0585
		A:
			0.8455	-0.5074	-0.1662
			-0.6446	0.3133	-0.6974
			0.6026	0.7282	-0.3264
			0.8153	-0.0191	0.5788
			-0.6052	0.2749	0.7471
			0.093	-0.8921	-0.4423
		b:
			22.0816
			-401.2952
			369.6347
			534.7274
			226.7045
			-520.2345
	==================================================================================
	Q3:
		Shape: Ellipse
		q_c:	348.0	419.0	440.0
		ub :	353.4114	424.8721	445.0744
		lb :	342.5886	413.1279	434.9256
		P^-1:
			0.1536	-0.0442	-0.0826
			-0.0442	0.084	0.0401
			-0.0826	0.0401	0.1374
	==================================================================================
	Q4:
		Shape: Polyhedra
		q_c:	341.5	418.0	435.5
		ub :	349.491	425.7584	442.8816
		lb :	333.509	410.2416	428.1184
		A:
			-0.611	-0.4444	0.6551
			0.9199	0.389	0.0498
			0.3407	-0.7635	-0.5487
			-0.4442	0.4084	-0.7974
			-0.3864	-0.8003	0.4584
			0.867	0.1621	0.4713
			0.4514	0.6529	0.6083
			0.6966	0.1682	-0.6974
			-0.5576	0.7386	-0.3789
			-0.4514	-0.6529	-0.6083
			-0.6966	-0.1682	0.6974
			0.5576	-0.7386	0.3789
		b:
			-104.9426
			502.4147
			-437.0166
			-322.386
			-262.0375
			573.702
			695.4567
			8.4679
			-40.2162
			-688.4567
			-0.4679
			53.2162
	==================================================================================
	Q5:
		Shape: Polyhedra
		q_c:	340.5	410.5	437.0
		ub :	347.1856	416.1938	442.8284
		lb :	333.8144	404.8062	431.1716
		A:
			0.7287	0.6643	0.1661
			-0.8938	0.4307	-0.1247
			-0.3485	-0.105	0.9314
			0.2299	0.062	-0.9712
			0.0719	-0.4752	-0.8769
			0.3751	0.6417	-0.669
			0.8943	0.2899	0.3409
			0.1408	-0.9054	0.4005
			0.4248	-0.3102	-0.8505
			-0.8943	-0.2899	-0.3409
			-0.1408	0.9054	-0.4005
			-0.4248	0.3102	0.8505
		b:
			598.632
			-177.4369
			248.3551
			-317.5549
			-550.3552
			102.3746
			577.9793
			-145.1963
			-351.3675
			-566.9793
			152.1963
			357.3675
	==================================================================================
	Q6:
		Shape: Hybrid
		q_c:	348.0	417.5	430.5
		ub :	352.8379	420.0341	435.2626
		lb :	343.1621	414.9659	425.7374
		P^-1:
			0.1939	0.2911	0.0757
			0.2911	0.8367	0.1964
			0.0757	0.1964	0.1327
		A:
			-0.6072	-0.7387	-0.2927
			-0.5842	-0.7811	-0.2204
			0.2122	0.8476	-0.4863
			-0.2614	-0.9637	0.0542
			-0.3865	-0.7411	-0.549
			-0.4404	-0.6175	-0.6518
		b:
			-644.7704
			-623.4616
			220.3823
			-469.0267
			-679.2119
			-690.1839


===========================================================================================
===========================================================================================
S2:
	q_c:	164.0	463.0	67.5
	ub :	173.8013	471.2681	83.1819
	lb :	148.3754	448.5359	54.1492

	==================================================================================
	Q1:
		Shape: Ellipse
		q_c:	167.5	459.0	71.0
		ub :	173.8013	464.6222	77.1179
		lb :	161.1987	453.3778	64.8821
		P^-1:
			0.0595	0.0106	-0.0202
			0.0106	0.0605	-0.0212
			-0.0202	-0.0212	0.0899
	==================================================================================
	Q2:
		Shape: Polyhedra
		q_c:	156.0	463.0	70.5
		ub :	163.6246	471.2681	75.9131
		lb :	148.3754	454.7319	65.0869
		A:
			0.0579	-0.7317	0.6791
			0.1012	-0.1527	0.9831
			0.2665	-0.9481	-0.1735
			-0.9072	0.4048	-0.1141
			-0.7503	0.0688	-0.6575
			-0.0931	-0.4752	-0.875
			0.4977	0.8595	0.1167
			-0.08	0.1795	-0.9805
			-0.8636	0.4786	0.1581
			-0.4977	-0.8595	-0.1167
			0.08	-0.1795	0.9805
			0.8636	-0.4786	-0.1581
		b:
			-277.172
			18.3811
			-404.1068
			42.8151
			-126.8626
			-291.423
			489.8004
			5.5102
			103.0314
			-477.8004
			2.4898
			-93.0314
	==================================================================================
	Q3:
		Shape: Hybrid
		q_c:	157.0	456.0	68.5
		ub :	162.5334	459.2494	73.8754
		lb :	151.4666	452.7506	63.1246
		P^-1:
			0.192	0.3013	-0.1177
			0.3013	0.7635	-0.2739
			-0.1177	-0.2739	0.1696
		A:
			-0.3027	-0.8504	0.4302
			-0.381	-0.8889	0.2544
			0.5058	0.5671	-0.6501
			0.0202	-0.89	0.4556
			-0.8799	-0.1721	0.4428
			-0.6626	-0.6687	0.3374
		b:
			-405.2603
			-447.1748
			294.9531
			-370.0903
			-183.6182
			-384.6536
	==================================================================================
	Q4:
		Shape: Hybrid
		q_c:	169.0	456.0	76.5
		ub :	173.195	462.3213	83.1819
		lb :	164.805	449.6787	69.8181
		P^-1:
			0.2234	-0.0046	-0.0679
			-0.0046	0.0525	-0.0102
			-0.0679	-0.0102	0.0766
		A:
			0.8777	-0.3365	-0.3412
			-0.6731	0.7281	0.1297
			0.9953	0.0615	-0.0751
			-0.8251	0.4162	0.3821
			0.7117	-0.4648	-0.5268
			0.3903	0.2552	0.8846
		b:
			-29.8026
			230.6532
			191.899
			81.209
			-129.923
			253.7929
	==================================================================================
	Q5:
		Shape: Polyhedra
		q_c:	158.0	462.0	78.5
		ub :	162.5669	465.7126	81.6786
		lb :	153.4331	458.2874	75.3214
		A:
			0.507	0.5006	-0.7017
			0.2479	0.9392	0.2374
			0.3701	0.7159	0.592
			-0.2394	-0.9582	0.1568
			0.2846	0.8108	-0.5115
			-0.2977	-0.6658	-0.6842
			0.2303	0.6343	0.738
			0.1223	0.7335	-0.6686
			-0.9654	0.2443	0.0914
			-0.2303	-0.6343	-0.738
			-0.1223	-0.7335	0.6686
			0.9654	-0.2443	-0.0914
		b:
			258.8054
			493.736
			437.7429
			-466.1862
			381.4398
			-406.3207
			389.352
			307.7316
			-28.5094
			-385.352
			-303.7316
			36.5094
	==================================================================================
	Q6:
		Shape: Hybrid
		q_c:	169.0	453.5	59.0
		ub :	172.9826	458.4641	63.8508
		lb :	165.0174	448.5359	54.1492
		P^-1:
			0.0822	0.0026	0.0033
			0.0026	0.093	0.0141
			0.0033	0.0141	0.0992
		A:
			-0.3295	0.596	0.7323
			-0.9797	-0.0758	-0.1855
			0.4893	0.644	0.588
			0.8525	0.1584	-0.4981
			-0.545	-0.0421	-0.8374
			-0.2045	0.9255	-0.3188
		b:
			259.4123
			-208.9283
			411.0414
			188.5226
			-158.8684
			368.2914


===========================================================================================
===========================================================================================
S3:
	q_c:	313.0	120.5	101.5
	ub :	331.3106	151.35	129.3027
	lb :	285.9164	103.3301	74.0234

	==================================================================================
	Q1:
		Shape: Polyhedra
		q_c:	322.5	120.0	87.0
		ub :	330.2038	127.8336	94.1514
		lb :	314.7962	112.1664	79.8486
		A:
			-0.9212	0.3879	0.0295
			0.9297	-0.1312	-0.3441
			-0.0922	0.3898	-0.9163
			-0.9174	0.0163	-0.3975
			-0.8642	0.2651	-0.4277
			-0.5698	0.7616	0.3086
			0.0829	0.406	0.9101
			-0.6396	0.722	-0.2638
			-0.7642	-0.5602	0.3195
			-0.0829	-0.406	-0.9101
			0.6396	-0.722	0.2638
			0.7642	0.5602	-0.3195
		b:
			-243.6463
			260.1016
			-57.9519
			-323.5192
			-280.2222
			-62.2023
			159.1322
			-140.0717
			-278.3976
			-150.1322
			145.0717
			293.3976
	==================================================================================
	Q2:
		Shape: Polyhedra
		q_c:	295.5	126.0	86.5
		ub :	305.0836	135.2148	98.9766
		lb :	285.9164	116.7852	74.0234
		A:
			-0.7568	-0.4899	0.4326
			-0.8686	0.291	-0.4012
			-0.1425	-0.9736	0.1785
			-0.6564	0.7373	0.1595
			0.6442	0.6228	0.444
			0.9013	-0.0428	0.431
			0.2564	0.926	0.2771
			0.244	0.2154	-0.9456
			-0.9353	0.31	-0.1707
			-0.2564	-0.926	-0.2771
			-0.244	-0.2154	0.9456
			0.9353	-0.31	0.1707
		b:
			-239.5437
			-248.3753
			-142.6942
			-81.2804
			312.9792
			304.4191
			221.9074
			27.9434
			-246.0755
			-210.9074
			-6.9434
			258.0755
	==================================================================================
	Q3:
		Shape: Hybrid
		q_c:	321.0	128.0	99.0
		ub :	329.863	136.4496	108.2321
		lb :	312.137	119.5504	89.7679
		P^-1:
			0.0736	0.079	0.0655
			0.079	0.1241	0.0816
			0.0655	0.0816	0.0898
		A:
			0.5778	0.7725	0.2634
			-0.9973	0.071	-0.0169
			0.2797	0.8751	0.3949
			-0.4905	-0.8075	-0.3277
			0.307	0.7311	0.6093
			-0.5653	-0.5402	-0.6233
		b:
			312.3001
			-306.1777
			242.9611
			-291.6981
			254.1181
			-311.0653
	==================================================================================
	Q4:
		Shape: Polyhedra
		q_c:	321.0	139.5	116.5
		ub :	331.3106	151.35	128.3828
		lb :	310.6894	127.65	104.6172
		A:
			0.2784	0.0929	0.956
			0.1619	0.6471	-0.745
			-0.5263	0.8432	-0.1097
			-0.4325	0.6404	-0.6347
			-0.6134	-0.3643	-0.7007
			0.8018	0.3135	-0.5088
			0.6824	0.5612	0.4683
			0.7294	-0.481	-0.4864
			-0.0477	0.6736	-0.7376
			-0.6824	-0.5612	-0.4683
			-0.7294	0.481	0.4864
			0.0477	-0.6736	0.7376
		b:
			220.0619
			62.4909
			-55.9551
			-116.3124
			-324.1196
			249.4538
			356.9105
			119.3611
			-0.2764
			-346.9105
			-101.3611
			14.2764
	==================================================================================
	Q5:
		Shape: Hybrid
		q_c:	298.0	134.5	112.0
		ub :	306.0368	140.2199	120.1095
		lb :	289.9632	128.7801	103.8905
		P^-1:
			0.0831	-0.0343	0.0582
			-0.0343	0.0629	-0.0324
			0.0582	-0.0324	0.0744
		A:
			-0.7735	0.1449	-0.6171
			0.6687	-0.4731	0.5736
			0.4996	-0.8391	0.2151
			0.9265	0.3587	0.1141
			0.4207	-0.2359	0.876
			0.3851	-0.7752	0.5007
		b:
			-278.5091
			201.1385
			62.4854
			341.0224
			194.0139
			68.4945
	==================================================================================
	Q6:
		Shape: Polyhedra
		q_c:	305.0	113.5	114.5
		ub :	319.4748	123.6699	129.3027
		lb :	290.5252	103.3301	99.6973
		A:
			-0.9392	0.2996	0.1676
			0.3364	-0.9328	0.1292
			0.1024	-0.9695	0.2225
			-0.9368	-0.082	0.3401
			0.5591	0.7424	-0.3691
			-0.0267	-0.6481	0.7611
			0.6478	0.3246	0.6892
			-0.7362	0.0341	0.6759
			0.1959	-0.9452	0.2611
			-0.6478	-0.3246	-0.6892
			0.7362	-0.0341	-0.6759
			-0.1959	0.9452	-0.2611
		b:
			-224.4201
			18.6074
			-46.2919
			-246.9332
			220.766
			13.294
			323.3346
			-134.2732
			-10.6558
			-303.3346
			152.2732
			24.6558


===========================================================================================
===========================================================================================
S4:
	q_c:	123.0	28.5	272.0
	ub :	144.7653	52.476	291.7945
	lb :	110.4356	25.3264	257.3289

	==================================================================================
	Q1:
		Shape: Polyhedra
		q_c:	132.5	34.5	284.5
		ub :	140.3843	42.8637	291.7945
		lb :	124.6157	26.1363	277.2055
		A:
			-0.6906	0.0618	-0.7205
			0.6788	-0.5536	-0.4824
			0.936	-0.1055	0.3359
			0.7766	-0.2651	0.5715
			-0.6834	-0.6975	0.2157
			0.716	0.6751	-0.178
			0.3024	0.3994	0.8654
			0.5329	0.6819	-0.501
			-0.7903	0.6127	-0.0066
			-0.3024	-0.3994	-0.8654
			-0.5329	-0.6819	0.501
			0.7903	-0.6127	0.0066
		b:
			-289.1996
			-61.657
			220.7663
			261.2524
			-48.1878
			72.5509
			305.5725
			-43.3835
			-80.9536
			-294.5725
			53.3835
			89.9536
	==================================================================================
	Q2:
		Shape: Polyhedra
		q_c:	128.5	39.5	266.0
		ub :	135.9407	45.7456	273.8491
		lb :	121.0593	33.2544	258.1509
		A:
			-0.7617	-0.2592	-0.5938
			0.9767	0.2141	0.0121
			-0.9097	-0.1729	-0.3775
			-0.5342	0.7746	0.3385
			-0.8307	0.2838	-0.4789
			0.7472	-0.1758	0.6409
			0.7103	0.6472	0.2769
			0.5084	-0.7437	0.4341
			0.4869	-0.1676	-0.8572
			-0.7103	-0.6472	-0.2769
			-0.5084	0.7437	-0.4341
			-0.4869	0.1676	0.8572
		b:
			-262.3578
			141.3157
			-220.4878
			56.9875
			-219.0629
			263.4533
			193.9857
			155.4303
			-166.083
			-186.9857
			-147.4303
			178.083
	==================================================================================
	Q3:
		Shape: Hybrid
		q_c:	138.0	35.5	276.0
		ub :	144.7653	44.2525	281.9594
		lb :	131.2347	26.7475	270.0406
		P^-1:
			0.0603	0.0255	-0.0162
			0.0255	0.0672	-0.0906
			-0.0162	-0.0906	0.2006
		A:
			0.6107	0.7902	-0.051
			0.6777	0.3828	-0.6278
			-0.3129	0.3272	-0.8916
			-0.9346	-0.1371	-0.3283
			0.7843	-0.4995	0.368
			-0.1103	0.3523	-0.9294
		b:
			102.0093
			-64.1361
			-276.0971
			-221.4355
			196.3924
			-258.0163
	==================================================================================
	Q4:
		Shape: Hybrid
		q_c:	125.0	42.5	270.5
		ub :	134.449	52.476	278.8586
		lb :	115.551	32.524	262.1414
		P^-1:
			0.0289	0.0063	0.0039
			0.0063	0.0314	0.004
			0.0039	0.004	0.0312
		A:
			0.1517	0.8068	0.5711
			-0.8018	-0.0356	0.5966
			0.4531	-0.7811	0.4296
			-0.5553	-0.7348	-0.3894
			0.6879	-0.2543	-0.6798
			0.9539	0.2987	-0.0277
		b:
			210.5183
			63.3561
			143.4456
			-203.4469
			-104.9125
			127.6797
	==================================================================================
	Q5:
		Shape: Ellipse
		q_c:	115.0	43.0	261.5
		ub :	119.5644	47.4711	265.6711
		lb :	110.4356	38.5289	257.3289
		P^-1:
			0.2402	-0.0195	-0.1709
			-0.0195	0.1287	-0.0487
			-0.1709	-0.0487	0.298
	==================================================================================
	Q6:
		Shape: Hybrid
		q_c:	125.5	33.0	281.5
		ub :	130.2252	40.6736	289.6379
		lb :	120.7748	25.3264	273.3621
		P^-1:
			0.0803	-0.0064	-0.0054
			-0.0064	0.0431	-0.0109
			-0.0054	-0.0109	0.0313
		A:
			0.9036	0.1733	0.3917
			-0.6006	0.6688	0.4382
			0.3104	-0.8643	0.3957
			-0.8594	0.3861	-0.3351
			0.1004	0.3495	-0.9315
			0.3659	0.9298	0.0408
		b:
			232.2413
			73.2725
			124.441
			-187.3217
			-234.5685
			91.5433


===========================================================================================
===========================================================================================
S5:
	q_c:	43.0	499.0	40.5
	ub :	52.8729	512.0268	51.6066
	lb :	31.6785	479.2614	23.0848

	==================================================================================
	Q1:
		Shape: Hybrid
		q_c:	40.5	490.0	45.5
		ub :	48.1648	497.8293	51.6066
		lb :	32.8352	482.1707	39.3934
		P^-1:
			0.0462	0.0058	0.0137
			0.0058	0.0454	0.0127
			0.0137	0.0127	0.07
		A:
			-0.7591	-0.4857	-0.4335
			0.4377	-0.4952	-0.7505
			-0.0776	-0.8213	0.5653
			-0.2949	0.6719	-0.6794
			0.4654	-0.2138	-0.8589
			0.7122	-0.0993	0.695
		b:
			-286.1802
			-256.3668
			-376.6186
			289.3404
			-122.2699
			14.0923
	==================================================================================
	Q2:
		Shape: Ellipse
		q_c:	39.5	504.5	30.5
		ub :	47.3215	512.0268	37.9152
		lb :	31.6785	496.9732	23.0848
		P^-1:
			0.0473	0.0013	0.0037
			0.0013	0.0486	-0.0023
			0.0037	-0.0023	0.0429
	==================================================================================
	Q3:
		Shape: Ellipse
		q_c:	39.0	498.0	34.0
		ub :	42.6407	502.6972	37.6734
		lb :	35.3593	493.3028	30.3266
		P^-1:
			0.2776	0.0267	-0.1062
			0.0267	0.1301	0.1095
			-0.1062	0.1095	0.3493
	==================================================================================
	Q4:
		Shape: Ellipse
		q_c:	45.5	486.0	42.0
		ub :	52.8729	492.7386	49.5019
		lb :	38.1271	479.2614	34.4981
		P^-1:
			0.0431	0.0057	-0.0126
			0.0057	0.0484	0.0004
			-0.0126	0.0004	0.0535
	==================================================================================
	Q5:
		Shape: Hybrid
		q_c:	42.5	506.5	44.0
		ub :	46.0966	509.8124	48.7979
		lb :	38.9034	503.1876	39.2021
		P^-1:
			0.3924	-0.0408	0.1273
			-0.0408	0.4126	0.0996
			0.1273	0.0996	0.1333
		A:
			-0.9627	-0.2033	-0.1784
			-0.9035	-0.0477	-0.4259
			-0.0565	-0.8271	-0.5592
			0.3919	-0.6705	-0.63
			-0.5639	0.7514	-0.3427
			-0.47	0.8249	0.3141
		b:
			-150.6695
			-80.5242
			-444.8827
			-348.7637
			342.7967
			412.6498
	==================================================================================
	Q6:
		Shape: Ellipse
		q_c:	40.0	495.5	43.0
		ub :	45.5809	501.2056	48.3384
		lb :	34.4191	489.7944	37.6616
		P^-1:
			0.087	0.0312	0.0104
			0.0312	0.1075	-0.0401
			0.0104	-0.0401	0.126


===========================================================================================
===========================================================================================
S6:
	q_c:	467.5	306.5	288.5
	ub :	483.876	319.6871	306.6668
	lb :	454.8304	292.5606	276.8142

	==================================================================================
	Q1:
		Shape: Polyhedra
		q_c:	467.0	300.0	297.5
		ub :	475.6727	307.0596	306.6668
		lb :	458.3273	292.9404	288.3332
		A:
			0.3227	-0.9434	-0.0766
			-0.1274	-0.7487	-0.6505
			-0.3843	0.8584	0.3398
			-0.6667	-0.6719	0.3225
			0.1922	-0.4465	-0.8739
			0.0373	-0.9609	-0.2745
			0.8953	0.117	0.4298
			-0.2785	-0.606	0.7451
			0.3476	-0.7868	-0.51
			-0.8953	-0.117	-0.4298
			0.2785	0.606	-0.7451
			-0.3476	0.7868	0.51
		b:
			-151.1201
			-473.5505
			182.3013
			-410.5319
			-300.0083
			-348.6756
			587.5643
			-83.6757
			-222.4504
			-574.5643
			96.6757
			228.4504
	==================================================================================
	Q2:
		Shape: Polyhedra
		q_c:	471.5	315.0	281.5
		ub :	473.0504	319.6871	286.1858
		lb :	469.9496	310.3129	276.8142
		A:
			0.7206	0.6866	0.0969
			0.9834	0.1814	-0.0004
			-0.0069	-0.9957	-0.0927
			0.959	0.1656	-0.2298
			-0.9467	-0.1425	0.289
			0.9558	-0.2251	0.1891
			0.1745	0.7034	0.6891
			0.012	0.6982	-0.7158
			-0.9846	0.1332	0.1134
			-0.1745	-0.7034	-0.6891
			-0.012	-0.6982	0.7158
			0.9846	-0.1332	-0.1134
		b:
			585.8791
			522.107
			-339.8191
			441.1276
			-408.4253
			434.4033
			500.8315
			27.6301
			-389.3345
			-494.8315
			-20.6301
			391.3345
	==================================================================================
	Q3:
		Shape: Polyhedra
		q_c:	469.5	299.5	286.0
		ub :	475.2696	306.4394	293.6571
		lb :	463.7304	292.5606	278.3429
		A:
			0.7265	0.4728	0.4986
			0.3677	0.9096	-0.1936
			0.8135	0.3114	0.4911
			0.948	0.2903	0.1309
			-0.1597	-0.7523	-0.6392
			-0.1404	0.0079	0.9901
			0.6522	0.6723	0.3502
			0.7474	-0.6475	-0.1489
			0.1267	0.3589	-0.9248
			-0.6522	-0.6723	-0.3502
			-0.7474	0.6475	0.1489
			-0.1267	-0.3589	0.9248
		b:
			628.5535
			394.0961
			619.0978
			572.7716
			-479.4333
			225.8001
			610.7175
			118.4322
			-91.0252
			-604.7175
			-110.4322
			104.0252
	==================================================================================
	Q4:
		Shape: Ellipse
		q_c:	470.5	298.5	287.0
		ub :	476.4598	302.4762	293.2814
		lb :	464.5402	294.5238	280.7186
		P^-1:
			0.1311	0.0699	0.0597
			0.0699	0.1614	0.0468
			0.0597	0.0468	0.0791
	==================================================================================
	Q5:
		Shape: Polyhedra
		q_c:	476.0	311.0	291.0
		ub :	483.876	318.5395	299.2282
		lb :	468.124	303.4605	282.7718
		A:
			-0.9445	0.2144	0.2488
			0.798	0.5973	-0.0804
			-0.5115	0.8472	0.1434
			0.9798	0.1578	0.1227
			-0.7949	-0.0973	-0.5989
			-0.4907	0.4133	-0.767
			0.2687	0.9137	0.3047
			0.8351	-0.3787	0.3991
			0.48	0.1472	-0.8648
			-0.2687	-0.9137	-0.3047
			-0.8351	0.3787	-0.3991
			-0.48	-0.1472	0.8648
		b:
			-305.5928
			547.5355
			66.7893
			556.0505
			-578.1391
			-323.503
			506.2594
			400.3609
			28.1318
			-495.2594
			-391.3609
			-17.1318
	==================================================================================
	Q6:
		Shape: Polyhedra
		q_c:	461.5	300.5	288.0
		ub :	468.1696	308.0551	295.2368
		lb :	454.8304	292.9449	280.7632
		A:
			-0.9341	-0.3125	0.1723
			0.9605	0.2214	0.1685
			-0.7633	-0.6405	0.0845
			0.9549	0.1621	-0.2487
			0.8976	-0.2434	-0.3676
			0.9514	-0.3072	0.0225
			0.111	0.695	0.7104
			0.4456	0.6041	-0.6607
			-0.8883	0.3899	-0.2426
			-0.111	-0.695	-0.7104
			-0.4456	-0.6041	0.6607
			0.8883	-0.3899	0.2426
		b:
			-470.6466
			562.8841
			-515.6771
			422.5284
			239.8061
			357.7432
			468.6808
			201.8972
			-358.1703
			-460.6808
			-191.8972
			367.1703


===========================================================================================
===========================================================================================
S7:
	q_c:	241.0	195.0	38.5
	ub :	253.321	206.0752	50.4918
	lb :	234.7705	187.0206	30.995

	==================================================================================
	Q1:
		Shape: Hybrid
		q_c:	249.0	197.5	37.5
		ub :	253.321	201.8236	40.9228
		lb :	244.679	193.1764	34.0772
		P^-1:
			0.2188	0.0358	-0.1517
			0.0358	0.123	-0.0504
			-0.1517	-0.0504	0.3249
		A:
			-0.487	-0.4191	0.7663
			0.2309	0.1107	0.9667
			-0.7016	-0.7114	-0.0408
			-0.181	-0.5464	0.8177
			0.4009	0.5096	0.7613
			0.1044	0.5812	0.8071
		b:
			-174.4022
			117.3826
			-314.7756
			-121.0827
			231.1911
			173.0293
	==================================================================================
	Q2:
		Shape: Hybrid
		q_c:	242.5	193.0	42.0
		ub :	245.8455	196.37	45.6287
		lb :	239.1545	189.63	38.3713
		P^-1:
			0.112	0.0018	0.0063
			0.0018	0.1599	-0.0002
			0.0063	-0.0002	0.1592
		A:
			0.2462	0.0385	-0.9685
			-0.1476	0.5882	-0.7951
			0.1462	-0.9535	0.2635
			0.2263	0.381	-0.8964
			0.2932	0.8879	0.3544
			0.8866	0.337	-0.3167
		b:
			27.7648
			45.5861
			-136.2424
			92.0652
			258.6328
			268.4129
	==================================================================================
	Q3:
		Shape: Hybrid
		q_c:	245.0	201.0	45.5
		ub :	247.3473	206.0752	50.4918
		lb :	242.6527	195.9248	40.5082
		P^-1:
			0.2489	0.009	-0.011
			0.009	0.0834	0.0235
			-0.011	0.0235	0.0913
		A:
			-0.1436	0.211	-0.9669
			0.66	0.7132	-0.2359
			0.9522	0.2849	0.1104
			0.7213	0.0127	-0.6925
			0.9173	-0.1363	0.3741
			0.4752	-0.1411	-0.8685
		b:
			-34.1125
			296.4043
			296.6877
			149.4535
			215.8849
			50.5382
	==================================================================================
	Q4:
		Shape: Hybrid
		q_c:	240.5	191.5	40.5
		ub :	245.1286	195.3135	44.7314
		lb :	235.8714	187.6865	36.2686
		P^-1:
			0.1377	-0.0191	0.0151
			-0.0191	0.1437	0.013
			0.0151	0.013	0.1497
		A:
			0.8429	-0.4595	0.2801
			-0.7036	0.3885	0.595
			0.0244	0.6718	-0.7403
			0.9869	0.1525	-0.0517
			-0.2618	0.9649	0.0219
			0.9676	0.2424	-0.0714
		b:
			127.3346
			-69.3298
			106.0898
			266.0368
			124.0128
			277.8173
	==================================================================================
	Q5:
		Shape: Hybrid
		q_c:	242.5	191.5	43.0
		ub :	246.5984	195.9794	46.3607
		lb :	238.4016	187.0206	39.6393
		P^-1:
			0.0817	0.0003	-0.0015
			0.0003	0.0852	-0.0163
			-0.0015	-0.0163	0.1564
		A:
			-0.2108	-0.1002	0.9724
			0.1623	-0.3842	-0.9089
			0.4032	-0.8407	0.3616
			0.0094	-0.9658	0.2589
			-0.6191	0.1443	0.7719
			0.4091	-0.6215	0.6681
		b:
			-27.1833
			-71.6664
			-45.6684
			-169.4932
			-87.552
			10.6134
	==================================================================================
	Q6:
		Shape: Ellipse
		q_c:	238.5	196.5	32.5
		ub :	242.2295	198.9669	34.005
		lb :	234.7705	194.0331	30.995
		P^-1:
			0.3604	0.0426	1.0014
			0.0426	0.2485	0.0694
			1.0014	0.0694	3.7227


===========================================================================================
===========================================================================================
S8:
	q_c:	94.0	238.5	83.5
	ub :	101.0416	245.4606	91.2467
	lb :	86.1611	228.7938	74.5522

	==================================================================================
	Q1:
		Shape: Hybrid
		q_c:	90.5	233.5	85.0
		ub :	94.1446	238.2062	89.97
		lb :	86.8554	228.7938	80.03
		P^-1:
			0.1599	0.0012	-0.0031
			0.0012	0.1477	0.0324
			-0.0031	0.0324	0.0749
		A:
			0.9521	0.0667	0.2983
			0.1967	-0.9045	-0.3783
			0.9097	-0.0413	-0.4132
			0.9124	-0.1323	-0.3874
			0.1317	-0.8142	-0.5655
			-0.8157	-0.4584	-0.353
		b:
			128.5162
			-224.3099
			39.0238
			20.1464
			-224.9092
			-209.5251
	==================================================================================
	Q2:
		Shape: Hybrid
		q_c:	93.5	238.0	86.0
		ub :	96.9394	242.1028	89.2457
		lb :	90.0606	233.8972	82.7543
		P^-1:
			0.3007	-0.1742	0.0334
			-0.1742	0.2245	-0.0087
			0.0334	-0.0087	0.1609
		A:
			0.7998	-0.3117	0.513
			-0.9437	0.2413	0.2265
			-0.6461	0.7631	-0.0169
			-0.8802	0.4604	0.1148
			0.9049	-0.4141	-0.0983
			0.7119	-0.6076	-0.3522
		b:
			45.7973
			-9.9478
			120.6119
			38.1004
			-21.3785
			-107.3346
	==================================================================================
	Q3:
		Shape: Hybrid
		q_c:	97.5	242.0	77.5
		ub :	100.9432	245.4606	80.4478
		lb :	94.0568	238.5394	74.5522
		P^-1:
			0.2741	-0.0017	-0.106
			-0.0017	0.23	-0.0786
			-0.106	-0.0786	0.3504
		A:
			-0.3561	0.3655	-0.86
			0.0477	-0.6092	-0.7916
			-0.5864	0.5599	0.5854
			-0.7088	-0.6156	-0.3446
			0.3489	0.9295	0.12
			0.1405	0.1187	-0.9829
		b:
			-11.738
			-202.6305
			124.8477
			-243.0838
			269.8144
			-32.7975
	==================================================================================
	Q4:
		Shape: Polyhedra
		q_c:	98.0	235.0	87.0
		ub :	101.0416	238.0241	91.0701
		lb :	94.9584	231.9759	82.9299
		A:
			-0.8124	-0.5815	-0.0423
			0.3037	0.9476	-0.0986
			-0.6307	-0.6746	0.3835
			-0.7108	-0.6243	-0.3241
			0.8457	-0.0682	0.5293
			-0.0887	0.9807	0.1743
			0.6414	0.7642	0.0679
			0.148	-0.2102	0.9664
			0.7528	-0.6097	-0.2479
			-0.6414	-0.7642	-0.0679
			-0.148	0.2102	-0.9664
			-0.7528	0.6097	0.2479
		b:
			-218.8017
			245.3869
			-185.2234
			-243.1582
			115.6136
			238.8503
			249.3574
			52.6987
			-88.583
			-247.3574
			-45.6987
			93.583
	==================================================================================
	Q5:
		Shape: Hybrid
		q_c:	88.0	234.0	87.0
		ub :	89.8389	238.305	91.2467
		lb :	86.1611	229.695	82.7533
		P^-1:
			0.9613	-0.0009	0.1792
			-0.0009	0.1115	0.0387
			0.1792	0.0387	0.1688
		A:
			-0.7221	0.5588	-0.4079
			0.7345	-0.5215	-0.4342
			0.3044	0.6832	0.6637
			0.8014	0.2032	0.5625
			-0.9418	-0.2995	-0.1527
			-0.7403	0.6721	0.0143
		b:
			33.498
			-93.6103
			246.233
			167.9231
			-165.3676
			95.0227
	==================================================================================
	Q6:
		Shape: Hybrid
		q_c:	94.0	237.5	84.5
		ub :	98.1955	242.4742	88.9608
		lb :	89.8045	232.5258	80.0392
		P^-1:
			0.1111	0.0	0.0
			0.0	0.1111	0.0
			0.0	0.0	0.1111
		A:
			0.4711	0.4541	-0.7562
			0.3095	0.4384	-0.8438
			-0.6966	0.5367	-0.4761
			0.5042	0.1971	-0.8408
			-0.6769	0.736	-0.0108
			-0.3465	0.4061	0.8456
		b:
			89.7244
			63.4112
			23.2456
			24.6622
			111.7684
			136.8341


===========================================================================================
===========================================================================================
S9:
	q_c:	409.5	257.5	208.0
	ub :	421.1908	271.1525	221.5789
	lb :	402.0851	247.1581	197.3136

	==================================================================================
	Q1:
		Shape: Polyhedra
		q_c:	409.0	257.5	208.5
		ub :	415.9149	264.0035	213.7038
		lb :	402.0851	250.9965	203.2962
		A:
			-0.7298	-0.2896	-0.6193
			-0.4636	-0.0965	-0.8808
			-0.5911	-0.4833	-0.6458
			0.4913	0.2479	-0.835
			0.8523	-0.1798	0.4912
			0.5245	0.8108	0.2601
			0.5961	0.3234	0.7349
			0.651	0.3411	-0.6782
			-0.47	0.8826	-0.0072
			-0.5961	-0.3234	-0.7349
			-0.651	-0.3411	0.6782
			0.47	-0.8826	0.0072
		b:
			-500.3892
			-395.8753
			-499.113
			96.507
			407.6639
			481.064
			481.8185
			218.6678
			38.057
			-478.8185
			-206.6678
			-29.057
	==================================================================================
	Q2:
		Shape: Ellipse
		q_c:	414.0	262.0	212.0
		ub :	418.5455	265.558	216.4062
		lb :	409.4545	258.442	207.5938
		P^-1:
			0.2061	0.0793	0.1759
			0.0793	0.248	0.0066
			0.1759	0.0066	0.2897
	==================================================================================
	Q3:
		Shape: Hybrid
		q_c:	415.0	265.0	215.0
		ub :	418.439	271.1525	221.3274
		lb :	411.561	258.8475	208.6726
		P^-1:
			0.4021	0.1221	0.0093
			0.1221	0.0902	-0.0002
			0.0093	-0.0002	0.0414
		A:
			-0.961	-0.2568	-0.1027
			0.9149	0.2117	0.3438
			-0.9554	0.0526	-0.2907
			0.794	-0.0252	0.6074
			-0.9893	-0.1312	0.0637
			0.9449	0.2758	-0.1762
		b:
			-488.1186
			511.0957
			-443.3508
			455.9695
			-430.6097
			428.3768
	==================================================================================
	Q4:
		Shape: Ellipse
		q_c:	413.5	251.5	201.5
		ub :	415.8842	253.4457	205.6864
		lb :	411.1158	249.5543	197.3136
		P^-1:
			2.1227	1.8337	-0.4158
			1.8337	2.0428	-0.384
			-0.4158	-0.384	0.147
	==================================================================================
	Q5:
		Shape: Hybrid
		q_c:	414.5	252.0	215.5
		ub :	421.1908	256.8419	221.5789
		lb :	407.8092	247.1581	209.4211
		P^-1:
			0.0386	-0.0105	0.0193
			-0.0105	0.1152	-0.0476
			0.0193	-0.0476	0.1017
		A:
			0.8186	-0.498	0.2861
			0.1688	0.9208	-0.3516
			0.2409	-0.9044	0.3521
			-0.2148	0.3522	-0.911
			0.339	-0.6452	0.6847
			-0.1934	0.1783	-0.9648
		b:
			278.5369
			228.0185
			-50.6018
			-194.9442
			126.8589
			-241.2096
	==================================================================================
	Q6:
		Shape: Polyhedra
		q_c:	413.5	260.5	208.0
		ub :	419.5806	266.4603	214.7172
		lb :	407.4194	254.5397	201.2828
		A:
			0.8211	-0.4997	0.2759
			-0.975	-0.0548	0.2155
			-0.9998	0.0169	-0.0106
			-0.4468	0.2986	-0.8434
			0.4585	-0.8856	-0.0736
			0.6797	-0.0644	-0.7307
			0.8813	0.2105	0.4231
			-0.1565	-0.7149	0.6815
			0.4459	-0.6668	-0.5971
			-0.8813	-0.2105	-0.4231
			0.1565	0.7149	-0.6815
			-0.4459	0.6668	0.5971
		b:
			271.1056
			-368.2294
			-406.6865
			-277.4078
			-53.2109
			115.7561
			512.248
			-104.1618
			-111.5324
			-502.248
			114.1618
			115.5324


===========================================================================================
===========================================================================================
S10:
	q_c:	253.0	496.5	257.5
	ub :	257.5953	501.5372	260.3117
	lb :	249.4219	494.0795	254.4425

	==================================================================================
	Q1:
		Shape: Hybrid
		q_c:	254.5	499.0	258.0
		ub :	256.9779	501.3413	260.1875
		lb :	252.0221	496.6587	255.8125
		P^-1:
			0.4444	-0.0	-0.0
			-0.0	0.4444	-0.0
			-0.0	-0.0	0.4444
		A:
			-0.6899	-0.176	0.7021
			0.5541	-0.5423	0.6316
			0.0816	0.5215	0.8493
			0.614	0.0355	-0.7885
			-0.5733	-0.8094	0.1277
			0.8905	-0.4548	0.0132
		b:
			-81.5126
			34.089
			500.8754
			-28.6964
			-516.0834
			3.8616
	==================================================================================
	Q2:
		Shape: Hybrid
		q_c:	255.0	496.5	259.0
		ub :	257.5953	498.9205	260.2712
		lb :	252.4047	494.0795	257.7288
		P^-1:
			0.3316	-0.0943	-0.074
			-0.0943	0.3711	-0.0054
			-0.074	-0.0054	0.9918
		A:
			-0.4714	-0.2292	-0.8516
			-0.0834	0.5422	0.8361
			-0.1173	0.3961	-0.9107
			0.3156	-0.8274	-0.4646
			-0.3647	0.3553	0.8607
			-0.1285	0.3074	0.9429
		b:
			-453.6414
			465.2256
			-68.5153
			-449.7082
			306.9175
			364.6492
	==================================================================================
	Q3:
		Shape: Ellipse
		q_c:	254.5	499.5	258.5
		ub :	256.3386	501.5372	260.3117
		lb :	252.6614	497.4628	256.6883
		P^-1:
			0.8671	-0.1668	-0.1683
			-0.1668	0.7905	-0.2113
			-0.1683	-0.2113	0.7868
	==================================================================================
	Q4:
		Shape: Ellipse
		q_c:	255.5	498.5	256.0
		ub :	257.3456	499.6025	257.5575
		lb :	253.6544	497.3975	254.4425
		P^-1:
			1.0028	-1.1723	-0.157
			-1.1723	3.5367	-0.183
			-0.157	-0.183	0.905
	==================================================================================
	Q5:
		Shape: Hybrid
		q_c:	251.5	497.0	256.0
		ub :	253.5781	499.0788	257.2676
		lb :	249.4219	494.9212	254.7324
		P^-1:
			0.4879	0.1688	-0.3525
			0.1688	1.0997	-1.3682
			-0.3525	-1.3682	3.3012
		A:
			0.0039	-0.5249	0.8512
			0.7551	0.0986	-0.6482
			-0.7906	0.5821	0.1901
			0.3513	0.6217	-0.7
			0.8975	0.1022	-0.429
			0.0058	0.2212	0.9752
		b:
			-41.6774
			73.833
			140.4002
			218.5924
			167.7325
			361.8416
	==================================================================================
	Q6:
		Shape: Polyhedra
		q_c:	254.0	497.0	258.5
		ub :	256.0055	498.9099	259.9304
		lb :	251.9945	495.0901	257.0696
		A:
			-0.8729	-0.4862	-0.0415
			-0.3036	-0.0818	-0.9493
			0.885	0.4526	0.1088
			-0.6691	0.3388	-0.6614
			-0.1134	0.4554	0.883
			-0.2142	0.8819	-0.4199
			0.282	0.3249	0.9027
			-0.84	0.5382	0.0687
			-0.4636	-0.7777	0.4247
			-0.282	-0.3249	-0.9027
			0.84	-0.5382	-0.0687
			0.4636	0.7777	-0.4247
		b:
			-472.9406
			-362.1609
			479.0369
			-171.2659
			426.9129
			276.6009
			467.4488
			73.3807
			-393.4692
			-465.4488
			-70.3807
			395.4692


===========================================================================================
===========================================================================================
S11:
	q_c:	379.0	141.5	33.5
	ub :	387.371	151.6266	37.8646
	lb :	368.3335	133.6924	21.6544

	==================================================================================
	Q1:
		Shape: Hybrid
		q_c:	373.0	149.0	29.0
		ub :	376.3783	151.6266	32.4763
		lb :	369.6217	146.3734	25.5237
		P^-1:
			0.3192	-0.0834	-0.1383
			-0.0834	0.389	-0.092
			-0.1383	-0.092	0.2918
		A:
			-0.3208	-0.9063	-0.2752
			-0.4397	-0.6773	0.5898
			0.395	0.1683	-0.9031
			-0.1251	0.9064	-0.4034
			-0.3762	-0.1635	-0.912
			-0.4755	0.63	0.614
		b:
			-260.9501
			-247.0166
			147.1655
			77.4657
			-189.0687
			-64.6489
	==================================================================================
	Q2:
		Shape: Ellipse
		q_c:	379.0	147.0	29.5
		ub :	381.2744	150.3235	32.6641
		lb :	376.7256	143.6765	26.3359
		P^-1:
			0.6385	0.2268	0.1643
			0.2268	0.3924	0.3287
			0.1643	0.3287	0.5246
	==================================================================================
	Q3:
		Shape: Polyhedra
		q_c:	383.0	148.0	33.5
		ub :	387.371	151.3617	37.8646
		lb :	378.629	144.6383	29.1354
		A:
			0.6573	-0.7336	0.1724
			0.2309	0.8992	-0.3716
			-0.2559	0.3151	-0.9139
			-0.4813	0.5496	0.6829
			0.767	0.3596	0.5314
			-0.3276	0.8803	0.3432
			0.4025	0.7952	0.4534
			-0.6341	0.5995	-0.4885
			-0.6602	-0.0908	0.7455
			-0.4025	-0.7952	-0.4534
			0.6341	-0.5995	0.4885
			0.6602	0.0908	-0.7455
		b:
			151.4505
			211.5337
			-79.3671
			-77.4218
			366.967
			18.6603
			289.0546
			-167.9908
			-238.3458
			-285.0546
			172.9908
			244.3458
	==================================================================================
	Q4:
		Shape: Polyhedra
		q_c:	377.5	143.0	29.5
		ub :	380.5156	145.6116	31.2715
		lb :	374.4844	140.3884	27.7285
		A:
			-0.0133	-0.0231	-0.9996
			0.1107	-0.9875	0.1123
			0.532	-0.2956	0.7934
			0.3468	0.9373	-0.0338
			-0.917	0.2789	-0.2852
			-0.0825	-0.3349	0.9386
			0.4618	0.8719	0.1629
			0.8776	-0.4224	-0.2268
			-0.129	0.2477	-0.9602
			-0.4618	-0.8719	-0.1629
			-0.8776	0.4224	0.2268
			0.129	-0.2477	0.9602
		b:
			-36.6702
			-94.3842
			183.3643
			265.4585
			-312.482
			-50.252
			305.3192
			266.6769
			-40.5925
			-302.3192
			-261.6769
			42.5925
	==================================================================================
	Q5:
		Shape: Hybrid
		q_c:	377.5	146.0	25.5
		ub :	381.676	150.1055	29.3456
		lb :	373.324	141.8945	21.6544
		P^-1:
			0.1565	-0.0029	0.0123
			-0.0029	0.1576	0.0102
			0.0123	0.0102	0.1171
		A:
			0.4131	0.8966	-0.1596
			0.9015	-0.0079	-0.4328
			0.7794	-0.0989	-0.6186
			0.1444	-0.5655	-0.812
			-0.6082	0.5471	-0.5751
			0.6673	-0.1189	0.7352
		b:
			284.1392
			329.5722
			265.5811
			-47.2762
			-162.9944
			254.6918
	==================================================================================
	Q6:
		Shape: Polyhedra
		q_c:	374.5	139.5	29.5
		ub :	380.6665	145.3076	33.7294
		lb :	368.3335	133.6924	25.2706
		A:
			0.9159	0.039	0.3995
			0.256	0.8503	0.4599
			0.9139	-0.331	0.2351
			0.1458	0.9508	0.2732
			0.1762	0.2875	0.9414
			-0.7921	-0.3222	-0.5185
			0.3332	0.0662	0.9405
			-0.6634	0.7253	0.184
			-0.67	-0.6853	0.2855
			-0.3332	-0.0662	-0.9405
			0.6634	-0.7253	-0.184
			0.67	0.6853	-0.2855
		b:
			363.6165
			231.6197
			306.6811
			199.1438
			136.5187
			-353.6716
			164.2401
			-137.8593
			-334.0781
			-159.2401
			145.8593
			342.0781


===========================================================================================
===========================================================================================
S12:
	q_c:	415.5	258.0	33.5
	ub :	434.7969	279.9	51.511
	lb :	390.3255	240.0055	10.6994

	==================================================================================
	Q1:
		Shape: Hybrid
		q_c:	427.5	256.5	19.5
		ub :	434.7969	267.5578	27.9777
		lb :	420.2031	245.4422	11.0223
		P^-1:
			0.0574	-0.0146	-0.0007
			-0.0146	0.0199	-0.0069
			-0.0007	-0.0069	0.0306
		A:
			0.3057	-0.3509	-0.8851
			-0.3294	0.5252	-0.7846
			-0.8775	0.3319	0.3462
			0.9284	-0.3713	0.0118
			0.7219	-0.2878	0.6293
			0.9389	0.3069	-0.1557
		b:
			27.9367
			-18.2233
			-280.8506
			303.9078
			249.8232
			480.9174
	==================================================================================
	Q2:
		Shape: Hybrid
		q_c:	418.5	252.0	36.5
		ub :	431.0916	263.9945	46.5321
		lb :	405.9084	240.0055	26.4679
		P^-1:
			0.0193	0.011	0.0005
			0.011	0.0265	-0.0081
			0.0005	-0.0081	0.032
		A:
			0.7307	0.6632	-0.1622
			-0.8645	-0.21	0.4567
			-0.2302	0.7797	-0.5824
			0.2328	0.2019	0.9513
			0.6691	0.7418	-0.0455
			0.5796	0.4652	0.6691
		b:
			470.0465
			-393.1072
			83.1065
			186.548
			468.257
			387.7173
	==================================================================================
	Q3:
		Shape: Ellipse
		q_c:	412.0	272.5	20.0
		ub :	419.2706	279.9	29.3006
		lb :	404.7294	265.1	10.6994
		P^-1:
			0.0775	-0.0604	0.0101
			-0.0604	0.1094	-0.0219
			0.0101	-0.0219	0.024
	==================================================================================
	Q4:
		Shape: Polyhedra
		q_c:	412.5	269.0	38.5
		ub :	420.6304	276.1345	48.1555
		lb :	404.3696	261.8655	28.8445
		A:
			-0.3143	-0.8784	0.3601
			-0.4502	-0.8823	0.1377
			0.7784	-0.0163	-0.6276
			0.1264	-0.9811	0.1465
			-0.5138	-0.4107	0.7532
			0.9986	-0.0516	-0.0065
			0.9367	0.1029	0.3346
			-0.3498	0.2418	0.9051
			0.0123	-0.9648	0.2625
			-0.9367	-0.1029	-0.3346
			0.3498	-0.2418	-0.9051
			-0.0123	0.9648	-0.2625
		b:
			-346.8728
			-412.4762
			299.2347
			-201.0665
			-287.1384
			403.9675
			432.9705
			-37.4073
			-239.3843
			-420.9705
			51.4073
			249.3843
	==================================================================================
	Q5:
		Shape: Ellipse
		q_c:	419.5	253.0	23.5
		ub :	429.4835	264.554	35.2411
		lb :	409.5165	241.446	11.7589
		P^-1:
			0.0259	0.0021	0.0039
			0.0021	0.0161	0.0008
			0.0039	0.0008	0.0171
	==================================================================================
	Q6:
		Shape: Polyhedra
		q_c:	400.5	253.5	43.5
		ub :	410.6745	263.2126	51.511
		lb :	390.3255	243.7874	35.489
		A:
			0.5833	0.4519	-0.6749
			0.5914	0.4019	-0.6991
			0.1201	0.7395	0.6623
			-0.8851	-0.4018	0.2349
			0.4914	-0.1115	-0.8637
			-0.0258	-0.3821	-0.9238
			0.6166	0.6381	0.4612
			-0.6383	0.7481	-0.1817
			-0.4609	-0.1824	0.8685
			-0.6166	-0.6381	-0.4612
			0.6383	-0.7481	0.1817
			0.4609	0.1824	-0.8685
		b:
			323.8407
			313.3161
			269.7678
			-440.9641
			136.1621
			-142.3365
			433.7503
			-66.404
			-188.0445
			-423.7503
			81.404
