3D_35_14_6_f                l = 3

===========================================================================================
===========================================================================================
S1:
	q_c:	504.5	356.5	435.5
	ub :	524.8061	373.6382	459.9479
	lb :	494.3012	339.2716	421.1184

	==================================================================================
	Q1:
		Shape: Hybrid
		q_c:	511.5	356.0	446.5
		ub :	519.4071	363.6152	455.0245
		lb :	503.5929	348.3848	437.9755
		P^-1:
			0.0519	-0.0206	0.0046
			-0.0206	0.0591	-0.0155
			0.0046	-0.0155	0.0384
		A:
			-0.9976	-0.0583	0.037
			0.0184	0.641	-0.7673
			0.0481	-0.9792	-0.1969
			-0.2422	-0.1573	-0.9574
			-0.8261	0.5146	0.2298
			-0.0838	0.9054	-0.4161
		b:
			-511.4519
			-102.4263
			-408.7637
			-603.4882
			-134.3198
			95.9303
	==================================================================================
	Q2:
		Shape: Hybrid
		q_c:	515.5	358.0	428.5
		ub :	523.1206	363.0452	435.8816
		lb :	507.8794	352.9548	421.1184
		P^-1:
			0.0796	-0.0714	0.0587
			-0.0714	0.1677	-0.0613
			0.0587	-0.0613	0.0889
		A:
			-0.4767	-0.8538	0.2091
			-0.4989	0.6892	-0.5254
			0.1454	0.9874	0.0619
			-0.3959	0.9153	0.074
			0.2936	-0.6436	-0.7068
			0.7161	0.0969	0.6912
		b:
			-457.9826
			-234.58
			457.4758
			157.2741
			-378.1158
			702.632
	==================================================================================
	Q3:
		Shape: Polyhedra
		q_c:	510.5	350.5	428.5
		ub :	515.0495	353.0563	432.4115
		lb :	505.9505	347.9437	424.5885
		A:
			-0.3176	0.4102	-0.8549
			-0.4408	-0.8762	0.1947
			-0.1451	-0.5722	0.8071
			0.4466	0.8796	0.164
			-0.9201	-0.036	0.39
			0.0229	0.4991	-0.8662
			0.4427	0.1948	0.8753
			-0.0406	0.9795	-0.1975
			-0.8958	0.0519	0.4415
			-0.4427	-0.1948	-0.8753
			0.0406	-0.9795	0.1975
			0.8958	-0.0519	-0.4415
		b:
			-382.6897
			-446.2096
			73.7498
			608.7947
			-311.2517
			-182.1557
			671.3207
			239.9775
			-245.8985
			-667.3207
			-235.9775
			253.8985
	==================================================================================
	Q4:
		Shape: Polyhedra
		q_c:	510.5	364.0	448.5
		ub :	520.895	373.6382	459.9479
		lb :	500.105	354.3618	437.0521
		A:
			0.1462	0.3229	0.9351
			-0.2041	0.9358	0.2875
			-0.2268	-0.1156	-0.9671
			-0.5097	-0.7947	-0.3297
			-0.013	-0.7218	-0.692
			-0.9477	-0.3087	-0.081
			0.4203	0.7829	0.4588
			0.833	-0.1323	-0.5373
			-0.3599	0.608	-0.7077
			-0.4203	-0.7829	-0.4588
			-0.833	0.1323	0.5373
			0.3599	-0.608	0.7077
		b:
			617.7712
			371.3577
			-584.8116
			-692.2875
			-574.3409
			-626.5709
			710.2869
			142.5772
			-271.8425
			-700.2869
			-129.5772
			287.8425
	==================================================================================
	Q5:
		Shape: Ellipse
		q_c:	499.5	356.5	428.0
		ub :	504.6988	361.2667	432.0689
		lb :	494.3012	351.7333	423.9311
		P^-1:
			0.1491	-0.0621	-0.0989
			-0.0621	0.2377	-0.1319
			-0.0989	-0.1319	0.3476
	==================================================================================
	Q6:
		Shape: Polyhedra
		q_c:	519.0	345.5	428.0
		ub :	524.8061	351.7284	431.1557
		lb :	513.1939	339.2716	424.8443
		A:
			-0.0889	0.1593	-0.9832
			-0.2942	-0.8995	-0.3232
			0.322	-0.1641	-0.9324
			0.1445	0.4596	-0.8763
			0.9361	0.1043	-0.3359
			0.7455	0.666	-0.0252
			0.8152	0.4409	0.3756
			0.5061	-0.8576	-0.0915
			0.2818	0.2647	-0.9222
			-0.8152	-0.4409	-0.3756
			-0.5061	0.8576	0.0915
			-0.2818	-0.2647	0.9222
		b:
			-409.9447
			-597.5443
			-286.232
			-139.3711
			381.4083
			609.5626
			739.6736
			-67.8294
			-155.5335
			-732.6736
			77.8294
			158.5335


===========================================================================================
===========================================================================================
S2:
	q_c:	106.5	374.5	348.0
	ub :	115.0265	382.5456	356.7732
	lb :	100.1813	367.4139	341.4659

	==================================================================================
	Q1:
		Shape: Hybrid
		q_c:	110.0	374.0	351.5
		ub :	112.2964	378.0234	355.3039
		lb :	107.7036	369.9766	347.6961
		P^-1:
			0.4431	0.0173	-0.0134
			0.0173	0.2184	0.175
			-0.0134	0.175	0.309
		A:
			-0.233	-0.8537	-0.4658
			-0.8922	-0.4389	-0.1061
			0.9535	-0.3012	0.0069
			0.8136	0.2796	0.5097
			-0.882	-0.0266	0.4705
			0.7899	0.4385	0.4287
		b:
			-507.4645
			-298.7034
			-4.3042
			374.063
			59.3853
			402.3401
	==================================================================================
	Q2:
		Shape: Polyhedra
		q_c:	106.0	380.0	346.0
		ub :	109.4522	382.3227	348.5804
		lb :	102.5478	377.6773	343.4196
		A:
			0.6935	0.0573	0.7182
			-0.4081	-0.7389	0.5361
			0.0434	0.8789	0.475
			-0.034	0.7826	0.6216
			-0.387	-0.3207	-0.8645
			-0.7285	-0.6564	0.1961
			0.203	0.9162	0.3456
			-0.1698	0.3806	-0.909
			-0.9643	0.1259	0.2328
			-0.203	-0.9162	-0.3456
			0.1698	-0.3806	0.909
			0.9643	-0.1259	-0.2328
		b:
			345.7606
			-136.6912
			504.5133
			510.5188
			-460.4787
			-256.52
			490.7403
			-186.4138
			29.1597
			-487.7403
			189.4138
			-23.1597
	==================================================================================
	Q3:
		Shape: Polyhedra
		q_c:	108.0	372.0	352.5
		ub :	112.8214	376.5861	356.7732
		lb :	103.1786	367.4139	348.2268
		A:
			0.1946	-0.1771	-0.9648
			0.616	-0.2492	0.7473
			-0.5214	-0.1645	0.8373
			-0.2149	0.5909	-0.7776
			-0.9009	-0.0669	-0.4289
			0.1109	0.8005	0.589
			0.6117	0.5534	0.5654
			0.6076	0.129	-0.7837
			-0.5066	0.8229	-0.2573
			-0.6117	-0.5534	-0.5654
			-0.6076	-0.129	0.7837
			0.5066	-0.8229	0.2573
		b:
			-382.4281
			240.2826
			180.1253
			-74.3229
			-270.5661
			520.1163
			473.712
			-160.1197
			164.1809
			-468.712
			165.1197
			-157.1809
	==================================================================================
	Q4:
		Shape: Ellipse
		q_c:	107.5	379.0	350.0
		ub :	111.7984	382.5456	353.9188
		lb :	103.2016	375.4544	346.0812
		P^-1:
			0.166	-0.0446	-0.0212
			-0.0446	0.2263	-0.01
			-0.0212	-0.01	0.1287
	==================================================================================
	Q5:
		Shape: Hybrid
		q_c:	111.5	377.0	344.5
		ub :	115.0265	378.9931	347.5341
		lb :	107.9735	375.0069	341.4659
		P^-1:
			0.1175	-0.0403	-0.0096
			-0.0403	0.4389	0.0118
			-0.0096	0.0118	0.1592
		A:
			-0.3998	0.8809	-0.2535
			0.2381	0.8572	-0.4567
			0.0945	0.0781	-0.9925
			0.5142	0.6773	0.5263
			-0.4174	0.9027	-0.1041
			0.2945	0.9121	-0.2853
		b:
			201.211
			193.6102
			-300.1587
			495.6324
			258.9116
			279.5801
	==================================================================================
	Q6:
		Shape: Polyhedra
		q_c:	103.5	377.0	351.5
		ub :	106.8187	380.4811	354.6025
		lb :	100.1813	373.5189	348.3975
		A:
			0.2272	0.0439	-0.9729
			0.6567	-0.6827	0.3203
			-0.3837	0.0334	0.9229
			0.7989	-0.3689	0.475
			-0.2013	0.0692	0.9771
			-0.0865	0.9673	-0.2386
			0.6944	0.5996	0.3978
			-0.1131	0.6369	-0.7626
			-0.7107	0.4846	0.5101
			-0.6944	-0.5996	-0.3978
			0.1131	-0.6369	0.7626
			0.7107	-0.4846	-0.5101
		b:
			-300.299
			-75.2419
			298.8057
			112.6146
			350.3786
			273.7128
			440.7688
			-38.137
			289.911
			-434.7688
			41.137
			-286.911


===========================================================================================
===========================================================================================
S3:
	q_c:	489.0	199.0	318.0
	ub :	497.2469	214.0025	329.5413
	lb :	472.1234	187.6035	305.8512

	==================================================================================
	Q1:
		Shape: Polyhedra
		q_c:	485.0	199.5	317.5
		ub :	491.4122	207.7992	325.6436
		lb :	478.5878	191.2008	309.3564
		A:
			0.7227	0.6006	-0.3419
			-0.8824	-0.2953	0.3664
			0.6417	0.7497	-0.1618
			0.5285	0.3248	-0.7843
			-0.8323	-0.5459	-0.0963
			0.5491	0.805	-0.2249
			0.3312	0.5934	0.7336
			0.4206	-0.7888	0.4481
			0.8446	0.1602	-0.5108
			-0.3312	-0.5934	-0.7336
			-0.4206	0.7888	-0.4481
			-0.8446	-0.1602	0.5108
		b:
			365.2927
			-367.7932
			413.7252
			75.4288
			-538.7204
			359.9133
			517.9419
			194.3978
			281.9004
			-505.9419
			-183.3978
			-276.9004
	==================================================================================
	Q2:
		Shape: Polyhedra
		q_c:	479.0	200.5	323.0
		ub :	482.6299	206.9058	328.3241
		lb :	475.3701	194.0942	317.6759
		A:
			0.4747	-0.755	-0.4523
			0.9318	-0.1856	0.3118
			0.1868	-0.5338	-0.8247
			0.2506	0.8253	0.5061
			-0.3616	0.4594	0.8113
			-0.426	-0.1908	-0.8844
			0.6784	0.2531	0.6897
			0.0229	0.931	-0.3642
			-0.7343	0.2629	0.6258
			-0.6784	-0.2531	-0.6897
			-0.0229	-0.931	0.3642
			0.7343	-0.2629	-0.6258
		b:
			-66.6804
			512.8711
			-281.3578
			452.9461
			183.2393
			-524.9695
			601.4875
			85.4876
			-94.8761
			-595.4875
			-74.4876
			98.8761
	==================================================================================
	Q3:
		Shape: Hybrid
		q_c:	479.5	196.5	322.0
		ub :	485.0099	202.0227	325.6339
		lb :	473.9901	190.9773	318.3661
		P^-1:
			0.1028	-0.053	-0.0103
			-0.053	0.102	0.01
			-0.0103	0.01	0.1157
		A:
			0.3999	0.6047	-0.6888
			0.5293	-0.8467	-0.0548
			0.6104	-0.373	-0.6987
			0.3977	-0.8035	-0.4431
			-0.7645	0.0637	0.6415
			-0.6432	0.3943	-0.6563
		b:
			91.3708
			71.1929
			-4.1519
			-108.3825
			-145.5582
			-440.5742
	==================================================================================
	Q4:
		Shape: Polyhedra
		q_c:	478.5	205.0	323.0
		ub :	484.8766	209.4751	329.5413
		lb :	472.1234	200.5249	316.4587
		A:
			-0.7031	-0.2114	0.679
			-0.5873	0.8046	-0.0881
			-0.3543	-0.8851	0.3019
			-0.0915	0.9559	-0.2792
			-0.8062	-0.3905	0.4445
			0.6171	-0.7867	0.0186
			0.6186	0.4695	0.6301
			-0.4725	0.8629	-0.1791
			-0.6278	-0.1869	0.7556
			-0.6186	-0.4695	-0.6301
			0.4725	-0.8629	0.1791
			0.6278	0.1869	-0.7556
		b:
			-157.3914
			-143.4221
			-249.954
			63.9167
			-318.4523
			141.2077
			602.2352
			-106.0371
			-91.6512
			-589.2352
			108.0371
			97.6512
	==================================================================================
	Q5:
		Shape: Polyhedra
		q_c:	490.5	191.5	312.5
		ub :	497.2469	195.3965	319.1488
		lb :	483.7531	187.6035	305.8512
		A:
			0.2459	-0.0601	-0.9674
			-0.2173	-0.5337	0.8173
			0.9672	0.1193	0.2241
			-0.3367	0.6295	0.7002
			0.4167	0.8718	-0.2574
			0.6348	0.7218	0.2755
			0.6356	0.2561	0.7283
			-0.7383	-0.0744	0.6704
			0.2258	-0.9638	0.1418
			-0.6356	-0.2561	-0.7283
			0.7383	0.0744	-0.6704
			-0.2258	0.9638	-0.1418
		b:
			-188.6994
			50.5735
			571.7878
			178.1805
			294.3524
			539.7929
			592.8956
			-162.3544
			-26.9794
			-583.8956
			171.3544
			31.9794
	==================================================================================
	Q6:
		Shape: Polyhedra
		q_c:	482.5	209.5	315.0
		ub :	487.8889	214.0025	320.9453
		lb :	477.1111	204.9975	309.0547
		A:
			0.7764	0.5872	-0.229
			0.5565	0.7715	0.3084
			-0.8441	-0.2763	-0.4596
			0.769	0.5987	-0.2241
			-0.8514	-0.4393	-0.2866
			-0.6909	-0.1071	-0.715
			0.6909	0.6263	0.3613
			-0.534	0.1051	0.8389
			0.4874	-0.7725	0.4071
			-0.6909	-0.6263	-0.3613
			0.534	-0.1051	-0.8389
			-0.4874	0.7725	-0.4071
		b:
			428.2972
			528.9584
			-607.8376
			428.688
			-591.3014
			-578.2987
			579.8432
			33.117
			205.5482
			-576.8432
			-24.117
			-197.5482


===========================================================================================
===========================================================================================
S4:
	q_c:	167.5	32.5	204.0
	ub :	193.9411	56.2736	226.4709
	lb :	137.0648	0.827	170.9413

	==================================================================================
	Q1:
		Shape: Polyhedra
		q_c:	153.0	42.5	217.5
		ub :	167.759	56.2736	226.4709
		lb :	138.241	28.7264	208.5291
		A:
			0.2804	-0.0905	-0.9556
			0.6858	-0.6424	0.3422
			0.2304	-0.756	0.6127
			-0.7607	0.4251	-0.4906
			0.2115	-0.5876	-0.781
			0.0835	-0.9709	-0.2245
			0.1874	0.0047	0.9823
			-0.7351	0.664	0.1371
			-0.6516	-0.7477	0.1279
			-0.1874	-0.0047	-0.9823
			0.7351	-0.664	-0.1371
			0.6516	0.7477	-0.1279
		b:
			-161.4344
			161.3993
			144.9889
			-196.2243
			-154.1922
			-67.6562
			249.02
			-44.4204
			-94.1532
			-236.02
			64.4204
			113.1532
	==================================================================================
	Q2:
		Shape: Ellipse
		q_c:	182.5	41.5	192.5
		ub :	193.9411	52.0227	202.7756
		lb :	171.0589	30.9773	182.2244
		P^-1:
			0.0218	0.0006	-0.0028
			0.0006	0.0206	-0.0015
			-0.0028	-0.0015	0.0172
	==================================================================================
	Q3:
		Shape: Ellipse
		q_c:	177.5	25.0	183.5
		ub :	189.456	36.1339	196.0587
		lb :	165.544	13.8661	170.9413
		P^-1:
			0.0195	0.0046	0.0003
			0.0046	0.0236	0.0041
			0.0003	0.0041	0.0163
	==================================================================================
	Q4:
		Shape: Ellipse
		q_c:	151.5	14.0	192.0
		ub :	165.9352	27.173	206.3235
		lb :	137.0648	0.827	177.6765
		P^-1:
			0.0172	0.0045	0.0064
			0.0045	0.0194	0.0061
			0.0064	0.0061	0.0119
	==================================================================================
	Q5:
		Shape: Ellipse
		q_c:	184.5	22.0	193.0
		ub :	191.4537	32.5332	204.1343
		lb :	177.5463	11.4668	181.8657
		P^-1:
			0.1972	0.0572	0.0788
			0.0572	0.0379	0.0285
			0.0788	0.0285	0.0464
	==================================================================================
	Q6:
		Shape: Ellipse
		q_c:	166.5	18.5	195.0
		ub :	180.8766	32.8847	205.6685
		lb :	152.1234	4.1153	184.3315
		P^-1:
			0.0148	0.0044	0.0017
			0.0044	0.014	0.0015
			0.0017	0.0015	0.0173


===========================================================================================
===========================================================================================
S5:
	q_c:	225.0	263.0	141.0
	ub :	242.8215	275.9356	160.9054
	lb :	204.7372	242.691	113.7826

	==================================================================================
	Q1:
		Shape: Ellipse
		q_c:	216.5	269.0	124.0
		ub :	225.7679	275.7537	134.2174
		lb :	207.2321	262.2463	113.7826
		P^-1:
			0.0237	0.0143	0.0023
			0.0143	0.0747	0.0141
			0.0023	0.0141	0.0193
	==================================================================================
	Q2:
		Shape: Hybrid
		q_c:	229.0	254.5	124.5
		ub :	239.0032	262.698	134.116
		lb :	218.9968	246.302	114.884
		P^-1:
			0.042	-0.0517	-0.0282
			-0.0517	0.1091	0.043
			-0.0282	0.043	0.0449
		A:
			0.3504	-0.8876	-0.299
			-0.6108	0.7917	-0.0108
			-0.1784	-0.9307	-0.3193
			-0.4029	0.8953	-0.1901
			-0.4589	0.6279	0.6286
			0.1765	-0.8509	-0.4948
		b:
			-181.3917
			63.0725
			-313.0606
			115.0372
			134.7319
			-235.4759
	==================================================================================
	Q3:
		Shape: Polyhedra
		q_c:	227.0	260.5	152.0
		ub :	234.7372	268.9125	160.9054
		lb :	219.2628	252.0875	143.0946
		A:
			0.8095	0.2894	-0.5107
			-0.4795	-0.2663	0.8362
			-0.6968	-0.4721	0.54
			-0.9844	-0.1068	0.1399
			-0.7147	0.3818	-0.586
			-0.648	-0.1394	0.7488
			0.5512	0.3669	0.7494
			-0.1802	0.9293	-0.3224
			-0.8147	0.0427	0.5783
			-0.5512	-0.3669	-0.7494
			0.1802	-0.9293	0.3224
			0.8147	-0.0427	-0.5783
		b:
			185.864
			-46.3971
			-194.3069
			-225.4796
			-145.7285
			-65.3444
			340.6044
			158.6631
			-81.9043
			-328.6044
			-145.6631
			89.9043
	==================================================================================
	Q4:
		Shape: Polyhedra
		q_c:	232.5	266.0	142.0
		ub :	242.8215	275.9356	153.9143
		lb :	222.1785	256.0644	130.0857
		A:
			0.0495	0.4004	-0.915
			0.9965	-0.0203	0.0811
			-0.1426	-0.7063	-0.6934
			-0.8983	-0.4258	0.1088
			-0.6835	-0.7187	0.1275
			0.2494	0.7837	0.5688
			0.7692	0.2012	0.6065
			-0.6389	0.2591	0.7243
			-0.0114	-0.9446	0.3279
			-0.7692	-0.2012	-0.6065
			0.6389	-0.2591	-0.7243
			0.0114	0.9446	-0.3279
		b:
			-4.8293
			245.147
			-312.2597
			-299.3983
			-324.8078
			354.4833
			325.9832
			30.2271
			-200.377
			-310.9832
			-16.2271
			214.377
	==================================================================================
	Q5:
		Shape: Ellipse
		q_c:	231.5	251.5	141.0
		ub :	236.744	256.2808	145.7217
		lb :	226.256	246.7192	136.2783
		P^-1:
			0.0491	-0.0401	0.0447
			-0.0401	0.2227	-0.192
			0.0447	-0.192	0.262
	==================================================================================
	Q6:
		Shape: Ellipse
		q_c:	216.5	253.5	141.5
		ub :	228.2628	264.309	146.9158
		lb :	204.7372	242.691	136.0842
		P^-1:
			0.0252	-0.0018	-0.0372
			-0.0018	0.0214	-0.0149
			-0.0372	-0.0149	0.1482


===========================================================================================
===========================================================================================
S6:
	q_c:	164.0	199.0	419.5
	ub :	187.9298	216.9592	434.0088
	lb :	145.3579	174.0007	401.5999

	==================================================================================
	Q1:
		Shape: Polyhedra
		q_c:	157.5	211.0	425.0
		ub :	162.7136	216.9592	429.7535
		lb :	152.2864	205.0408	420.2465
		A:
			-0.5435	0.0656	0.8368
			0.6169	-0.0553	0.7851
			0.6617	-0.1284	0.7387
			0.0284	-0.1059	0.994
			-0.2284	0.112	-0.9671
			0.706	0.4304	0.5624
			0.5914	0.1251	0.7966
			-0.7508	0.4457	0.4875
			-0.294	-0.8864	0.3575
			-0.5914	-0.1251	-0.7966
			0.7508	-0.4457	-0.4875
			0.294	0.8864	-0.3575
		b:
			287.7558
			420.8223
			392.9115
			407.4214
			-420.9711
			443.267
			459.5956
			186.957
			-76.9086
			-456.5956
			-178.957
			85.9086
	==================================================================================
	Q2:
		Shape: Ellipse
		q_c:	171.5	184.5	413.0
		ub :	178.8112	189.8314	419.5014
		lb :	164.1888	179.1686	406.4986
		P^-1:
			0.0356	-0.0022	-0.0055
			-0.0022	0.049	-0.0009
			-0.0055	-0.0009	0.0472
	==================================================================================
	Q3:
		Shape: Polyhedra
		q_c:	166.5	206.0	424.5
		ub :	175.4853	214.6399	434.0088
		lb :	157.5147	197.3601	414.9912
		A:
			-0.2998	-0.9457	0.1254
			-0.0497	-0.7284	-0.6833
			-0.3145	-0.6338	0.7067
			-0.0775	0.8101	0.5811
			-0.676	0.333	-0.6574
			-0.9829	-0.1091	0.1481
			0.6381	0.5861	0.4994
			-0.1721	0.7407	-0.6494
			-0.7505	0.3284	0.5735
			-0.6381	-0.5861	-0.4994
			0.1721	-0.7407	0.6494
			0.7505	-0.3284	-0.5735
		b:
			-186.7456
			-442.8872
			122.472
			406.408
			-318.0409
			-117.0849
			443.4495
			-146.7306
			193.1712
			-434.4495
			156.7306
			-179.1712
	==================================================================================
	Q4:
		Shape: Hybrid
		q_c:	156.0	189.5	413.0
		ub :	166.6421	199.8719	424.4001
		lb :	145.3579	179.1281	401.5999
		P^-1:
			0.0254	-0.0009	0.0036
			-0.0009	0.0219	0.0027
			0.0036	0.0027	0.0219
		A:
			0.0695	-0.8208	-0.567
			-0.3867	0.6181	-0.6844
			0.9114	-0.4089	0.0466
			-0.4447	-0.8894	0.1061
			0.9543	0.0538	-0.2939
			-0.7449	-0.0747	-0.6629
		b:
			-375.4571
			-222.041
			87.2041
			-190.1026
			41.4212
			-401.1209
	==================================================================================
	Q5:
		Shape: Polyhedra
		q_c:	177.0	203.0	412.0
		ub :	187.9298	214.2942	421.1974
		lb :	166.0702	191.7058	402.8026
		A:
			-0.7406	-0.6482	-0.1768
			0.6863	0.7052	0.178
			-0.0	-0.0715	0.9974
			-0.2689	-0.2876	-0.9192
			0.4587	0.1716	-0.8719
			0.1408	0.4886	0.861
			0.6393	0.1864	0.746
			-0.5048	0.8336	0.2243
			-0.5801	-0.5199	0.627
			-0.6393	-0.1864	-0.746
			0.5048	-0.8336	-0.2243
			0.5801	0.5199	-0.627
		b:
			-330.0667
			343.6008
			401.8022
			-479.1483
			-237.3599
			485.2659
			463.3502
			181.2946
			55.6168
			-453.3502
			-163.2946
			-44.6168
	==================================================================================
	Q6:
		Shape: Ellipse
		q_c:	160.0	187.5	410.5
		ub :	173.1933	200.9993	418.7961
		lb :	146.8067	174.0007	402.2039
		P^-1:
			0.013	0.0016	-0.0045
			0.0016	0.0162	-0.0112
			-0.0045	-0.0112	0.0449


===========================================================================================
===========================================================================================
S7:
	q_c:	66.5	488.5	450.5
	ub :	83.827	505.6862	468.3434
	lb :	47.7386	473.0511	442.4546

	==================================================================================
	Q1:
		Shape: Hybrid
		q_c:	77.0	500.5	455.5
		ub :	80.8265	504.5041	458.1159
		lb :	73.1735	496.4959	452.8841
		P^-1:
			0.3599	0.098	-0.3633
			0.098	0.1545	-0.1197
			-0.3633	-0.1197	0.7567
		A:
			-0.5987	0.3018	0.742
			-0.4264	0.2527	0.8685
			-0.1313	-0.3468	0.9287
			0.9773	0.029	-0.21
			-0.715	-0.6415	0.2779
			-0.6626	0.3983	0.6343
		b:
			444.0828
			490.2298
			240.3137
			-4.2641
			-248.1558
			438.6939
	==================================================================================
	Q2:
		Shape: Ellipse
		q_c:	64.5	492.5	455.5
		ub :	71.7767	498.8848	461.8255
		lb :	57.2233	486.1152	449.1745
		P^-1:
			0.0955	0.1062	0.0179
			0.1062	0.1705	0.0251
			0.0179	0.0251	0.0321
	==================================================================================
	Q3:
		Shape: Hybrid
		q_c:	73.5	479.5	460.5
		ub :	80.863	485.9489	467.1467
		lb :	66.137	473.0511	453.8533
		P^-1:
			0.0567	-0.0091	-0.0036
			-0.0091	0.0481	-0.0057
			-0.0036	-0.0057	0.0602
		A:
			-0.9276	-0.1499	0.3422
			0.649	-0.7351	0.1961
			0.3001	-0.8668	0.3982
			-0.948	0.172	0.2679
			0.3037	0.0042	-0.9527
			0.2413	-0.6093	0.7554
		b:
			19.77
			-212.4706
			-208.0446
			138.2409
			-412.403
			75.4369
	==================================================================================
	Q4:
		Shape: Polyhedra
		q_c:	56.0	496.0	457.0
		ub :	64.2614	505.6862	466.5131
		lb :	47.7386	486.3138	447.4869
		A:
			-0.9417	0.3365	0.0037
			0.9115	0.2836	-0.2978
			0.1891	0.8781	-0.4394
			0.6483	-0.3888	0.6546
			-0.3196	0.7824	-0.5346
			0.5682	-0.1574	-0.8077
			0.3625	0.7082	0.6058
			0.5899	0.3289	-0.7374
			-0.7215	0.6247	-0.2985
			-0.3625	-0.7082	-0.6058
			-0.5899	-0.3289	0.7374
			0.7215	-0.6247	0.2985
		b:
			119.6754
			60.6591
			250.5431
			147.1419
			129.7018
			-410.1026
			656.9309
			-136.3505
			136.5394
			-639.9309
			145.3505
			-129.5394
	==================================================================================
	Q5:
		Shape: Hybrid
		q_c:	66.0	493.5	460.5
		ub :	74.0826	500.3028	468.3434
		lb :	57.9174	486.6972	452.6566
		P^-1:
			0.0506	-0.0036	0.0129
			-0.0036	0.0533	-0.0062
			0.0129	-0.0062	0.0358
		A:
			-0.9791	0.2	-0.0356
			0.6253	0.4507	0.6371
			-0.0631	0.2703	-0.9607
			0.9291	-0.0344	0.3682
			0.3263	-0.8735	0.3612
			0.33	-0.8986	-0.2891
		b:
			20.2338
			559.6693
			-309.9122
			216.085
			-241.0865
			-552.0117
	==================================================================================
	Q6:
		Shape: Polyhedra
		q_c:	78.5	484.5	449.5
		ub :	83.827	491.9489	456.5454
		lb :	73.173	477.0511	442.4546
		A:
			-0.9581	-0.1097	-0.2645
			-0.3005	-0.946	-0.1212
			-0.2794	-0.1353	0.9506
			0.7589	-0.6073	0.235
			0.8862	0.1637	0.4335
			-0.3817	0.7855	-0.4871
			0.0559	0.8854	0.4614
			0.8071	0.232	-0.543
			-0.5878	0.4028	-0.7016
			-0.0559	-0.8854	-0.4614
			-0.8071	-0.232	0.543
			0.5878	-0.4028	0.7016
		b:
			-243.5322
			-530.7444
			343.7844
			-125.3158
			347.604
			135.489
			646.7864
			-64.2837
			-163.3818
			-634.7864
			72.2837
			169.3818


===========================================================================================
===========================================================================================
S8:
	q_c:	403.5	182.0	181.0
	ub :	412.9935	192.7788	191.3928
	lb :	389.7432	166.8403	168.8113

	==================================================================================
	Q1:
		Shape: Ellipse
		q_c:	397.0	174.0	180.5
		ub :	403.5424	178.2712	187.2214
		lb :	390.4576	169.7288	173.7786
		P^-1:
			0.1495	-0.1551	0.084
			-0.1551	0.2799	-0.1178
			0.084	-0.1178	0.1045
	==================================================================================
	Q2:
		Shape: Polyhedra
		q_c:	404.5	185.5	185.0
		ub :	410.9709	191.3804	191.3928
		lb :	398.0291	179.6196	178.6072
		A:
			0.9355	-0.2815	-0.2137
			0.7502	0.5529	-0.3626
			0.1408	0.9611	0.2377
			0.8691	-0.1219	0.4795
			-0.5665	0.5753	-0.5901
			0.9249	-0.3282	0.1921
			0.6179	0.5637	0.5482
			-0.3727	0.8238	-0.427
			-0.6923	0.0595	0.7191
			-0.6179	-0.5637	-0.5482
			0.3727	-0.8238	0.427
			0.6923	-0.0595	-0.7191
		b:
			289.9936
			342.773
			283.6108
			421.972
			-227.8759
			352.5662
			460.9082
			-73.4442
			-132.9515
			-450.9082
			80.4442
			138.9515
	==================================================================================
	Q3:
		Shape: Ellipse
		q_c:	407.5	177.0	185.5
		ub :	412.9935	182.1985	190.359
		lb :	402.0065	171.8015	180.641
		P^-1:
			0.1084	0.0369	-0.0076
			0.0369	0.1001	-0.0282
			-0.0076	-0.0282	0.1251
	==================================================================================
	Q4:
		Shape: Hybrid
		q_c:	396.0	170.0	174.5
		ub :	402.2568	173.1597	180.1887
		lb :	389.7432	166.8403	168.8113
		P^-1:
			0.0496	0.0086	0.0179
			0.0086	0.158	0.0091
			0.0179	0.0091	0.0741
		A:
			-0.3484	-0.2948	-0.8898
			-0.0612	0.8614	-0.5043
			0.0221	-0.7242	-0.6892
			-0.6454	-0.0778	0.7599
			0.1771	-0.7867	0.5914
			-0.1096	0.9539	0.2794
		b:
			-341.2484
			35.9377
			-232.7065
			-132.6574
			41.4315
			169.0023
	==================================================================================
	Q5:
		Shape: Ellipse
		q_c:	400.0	174.5	177.0
		ub :	407.5239	181.9533	183.0192
		lb :	392.4761	167.0467	170.9808
		P^-1:
			0.0508	0.0024	0.0136
			0.0024	0.0529	0.0143
			0.0136	0.0143	0.0674
	==================================================================================
	Q6:
		Shape: Ellipse
		q_c:	401.5	187.0	183.5
		ub :	407.4546	192.7788	187.9963
		lb :	395.5454	181.2212	179.0037
		P^-1:
			0.0648	-0.0035	0.0137
			-0.0035	0.0512	0.0039
			0.0137	0.0039	0.107


===========================================================================================
===========================================================================================
S9:
	q_c:	317.0	90.0	60.0
	ub :	325.0961	96.0329	69.6734
	lb :	312.5674	82.2174	51.6647

	==================================================================================
	Q1:
		Shape: Hybrid
		q_c:	316.0	89.5	60.5
		ub :	319.1661	93.4667	64.8033
		lb :	312.8339	85.5333	56.1967
		P^-1:
			0.1579	-0.0057	-0.008
			-0.0057	0.144	-0.0222
			-0.008	-0.0222	0.1292
		A:
			-0.9539	-0.117	0.2765
			0.6343	-0.2163	0.7422
			0.6134	0.6869	-0.3898
			-0.4615	0.2105	-0.8618
			-0.7172	0.5383	-0.4425
			-0.1034	-0.4216	0.9008
		b:
			-293.9165
			227.4365
			233.0099
			-177.6574
			-203.9649
			-14.5593
	==================================================================================
	Q2:
		Shape: Ellipse
		q_c:	317.5	87.5	62.0
		ub :	320.4557	90.4694	65.1162
		lb :	314.5443	84.5306	58.8838
		P^-1:
			0.3143	-0.1409	0.0166
			-0.1409	0.2887	-0.0145
			0.0166	-0.0145	0.1126
	==================================================================================
	Q3:
		Shape: Hybrid
		q_c:	315.5	84.5	62.5
		ub :	318.4326	85.9225	65.2323
		lb :	312.5674	83.0775	59.7677
		P^-1:
			0.5294	0.7938	0.5766
			0.7938	2.9939	1.3938
			0.5766	1.3938	1.0812
		A:
			0.2458	0.9118	0.3289
			-0.2603	-0.7905	-0.5544
			-0.6601	-0.5059	-0.5553
			0.3418	0.5503	0.7618
			0.6739	0.7323	-0.0974
			-0.3171	-0.8867	-0.3364
		b:
			175.4552
			-183.2825
			-284.9837
			202.53
			269.843
			-195.6762
	==================================================================================
	Q4:
		Shape: Ellipse
		q_c:	321.5	91.5	59.0
		ub :	324.9231	96.0329	62.5352
		lb :	318.0769	86.9671	55.4648
		P^-1:
			0.1549	-0.0155	-0.0132
			-0.0155	0.1209	-0.0661
			-0.0132	-0.0661	0.2158
	==================================================================================
	Q5:
		Shape: Hybrid
		q_c:	322.0	89.0	55.0
		ub :	325.0961	92.6853	58.3353
		lb :	318.9039	85.3147	51.6647
		P^-1:
			0.1111	0.0005	0.0007
			0.0005	0.1518	0.0632
			0.0007	0.0632	0.2093
		A:
			-0.0802	0.4936	-0.866
			-0.6106	-0.3212	0.7238
			-0.5494	0.8109	0.2014
			0.6319	-0.3054	-0.7123
			0.2587	0.6296	0.7325
			-0.024	0.6524	0.7575
		b:
			-27.7086
			-183.5592
			-91.9906
			138.5723
			180.7343
			93.0271
	==================================================================================
	Q6:
		Shape: Ellipse
		q_c:	317.0	85.0	66.5
		ub :	319.9223	87.7826	69.6734
		lb :	314.0777	82.2174	63.3266
		P^-1:
			0.2993	-0.0633	-0.0561
			-0.0633	0.3313	0.072
			-0.0561	0.072	0.3138


===========================================================================================
===========================================================================================
S10:
	q_c:	421.0	486.5	97.5
	ub :	449.2751	519.415	119.955
	lb :	397.859	457.2878	70.5781

	==================================================================================
	Q1:
		Shape: Ellipse
		q_c:	432.5	506.5	83.0
		ub :	445.5317	519.415	95.4219
		lb :	419.4683	493.585	70.5781
		P^-1:
			0.0179	0.0012	0.0058
			0.0012	0.0094	0.0
			0.0058	0.0	0.0178
	==================================================================================
	Q2:
		Shape: Ellipse
		q_c:	417.0	494.0	101.0
		ub :	436.141	510.1754	119.7474
		lb :	397.859	477.8246	82.2526
		P^-1:
			0.0087	0.0007	0.0016
			0.0007	0.0095	-0.0003
			0.0016	-0.0003	0.0064
	==================================================================================
	Q3:
		Shape: Polyhedra
		q_c:	420.0	498.0	84.5
		ub :	431.5987	506.4531	98.0556
		lb :	408.4013	489.5469	70.9444
		A:
			-0.5665	-0.819	-0.091
			-0.4787	0.0367	-0.8772
			-0.9594	-0.2799	-0.0333
			-0.6416	-0.6959	-0.3227
			-0.7955	-0.5212	-0.309
			-0.5238	-0.259	-0.8115
			0.6726	0.6619	0.331
			-0.4132	0.7069	-0.574
			-0.6139	0.2493	0.749
			-0.6726	-0.6619	-0.331
			0.4132	-0.7069	0.574
			0.6139	-0.2493	-0.749
		b:
			-650.8086
			-250.6922
			-538.428
			-641.2471
			-617.1164
			-411.9816
			642.0687
			135.5042
			-57.3929
			-638.0687
			-124.5042
			83.3929
	==================================================================================
	Q4:
		Shape: Polyhedra
		q_c:	418.0	470.5	88.0
		ub :	429.5303	483.7122	101.3692
		lb :	406.4697	457.2878	74.6308
		A:
			0.0432	0.2319	0.9718
			-0.2205	0.0548	0.9738
			-0.9429	-0.049	-0.3293
			0.5411	0.1741	-0.8227
			0.5305	-0.5747	0.6232
			0.5121	0.5515	-0.6585
			0.6574	0.4526	0.6024
			0.0688	0.7601	-0.6461
			-0.7504	0.4662	0.4686
			-0.6574	-0.4526	-0.6024
			-0.0688	-0.7601	0.6461
			0.7504	-0.4662	-0.4686
		b:
			220.3233
			27.3411
			-438.7243
			243.9793
			14.0595
			423.6708
			547.7803
			337.5134
			-44.5637
			-533.7803
			-321.5134
			61.5637
	==================================================================================
	Q5:
		Shape: Polyhedra
		q_c:	419.0	476.5	110.5
		ub :	431.7644	491.6331	119.955
		lb :	406.2356	461.3669	101.045
		A:
			0.9384	0.2409	0.2476
			0.1911	-0.3356	0.9224
			-0.7534	-0.4975	0.43
			-0.1978	0.9801	0.0157
			-0.7228	0.5721	-0.3877
			-0.3772	-0.2487	-0.8921
			0.8056	0.3433	0.4829
			-0.4727	0.8638	0.1744
			-0.3572	-0.3687	0.8582
			-0.8056	-0.3433	-0.4829
			0.4727	-0.8638	-0.1744
			0.3572	0.3687	-0.8582
		b:
			541.7059
			27.9476
			-499.8898
			398.2651
			-62.4463
			-369.0112
			560.4926
			245.8279
			-225.5485
			-548.4926
			-219.8279
			235.5485
	==================================================================================
	Q6:
		Shape: Ellipse
		q_c:	438.5	473.0	85.5
		ub :	449.2751	479.3287	96.459
		lb :	427.7249	466.6713	74.541
		P^-1:
			0.0202	0.0108	-0.0029
			0.0108	0.0588	-0.0061
			-0.0029	-0.0061	0.0152


===========================================================================================
===========================================================================================
S11:
	q_c:	49.5	344.5	168.5
	ub :	61.1053	357.3334	180.0066
	lb :	38.1871	331.4064	157.1485

	==================================================================================
	Q1:
		Shape: Ellipse
		q_c:	45.5	348.0	174.5
		ub :	50.2931	352.8611	178.7263
		lb :	40.7069	343.1389	170.2737
		P^-1:
			0.1009	0.0045	-0.0407
			0.0045	0.2185	-0.1779
			-0.0407	-0.1779	0.2987
	==================================================================================
	Q2:
		Shape: Ellipse
		q_c:	44.5	351.5	174.0
		ub :	50.8129	357.3334	179.2468
		lb :	38.1871	345.6666	168.7532
		P^-1:
			0.0495	0.0165	0.0163
			0.0165	0.0816	0.0071
			0.0163	0.0071	0.1016
	==================================================================================
	Q3:
		Shape: Hybrid
		q_c:	50.5	345.5	162.5
		ub :	56.6055	351.851	167.7314
		lb :	44.3945	339.149	157.2686
		P^-1:
			0.0768	-0.0348	-0.0055
			-0.0348	0.0755	-0.002
			-0.0055	-0.002	0.0613
		A:
			-0.2573	0.6634	0.7026
			0.8367	-0.3831	0.3914
			0.5365	-0.3447	0.7703
			0.0826	-0.2791	-0.9567
			0.5819	0.3182	-0.7485
			-0.0467	0.4712	0.8808
		b:
			332.7034
			-24.4672
			35.4761
			-245.1423
			20.3452
			306.2055
	==================================================================================
	Q4:
		Shape: Polyhedra
		q_c:	49.0	348.0	169.0
		ub :	53.8742	351.9151	174.1096
		lb :	44.1258	344.0849	163.8904
		A:
			0.5036	0.4317	-0.7483
			-0.5342	0.5269	-0.6611
			-0.4749	0.3119	0.8229
			-0.8017	-0.5068	-0.3168
			-0.3478	-0.9359	-0.0561
			0.3295	-0.9412	-0.0751
			0.8615	0.0284	0.5069
			-0.5072	0.0952	0.8566
			-0.0239	-0.9951	0.0964
			-0.8615	-0.0284	-0.5069
			0.5072	-0.0952	-0.8566
			0.0239	0.9951	-0.0964
		b:
			51.9558
			48.9429
			227.8421
			-265.6985
			-348.7079
			-320.5694
			141.2592
			156.5333
			-327.6634
			-134.2592
			-149.5333
			334.6634
	==================================================================================
	Q5:
		Shape: Polyhedra
		q_c:	54.0	338.5	174.5
		ub :	61.1053	345.5936	180.0066
		lb :	46.8947	331.4064	168.9934
		A:
			-0.3764	-0.7553	0.5365
			0.0143	0.7483	0.6633
			0.3595	0.933	-0.0156
			-0.5555	-0.0902	0.8266
			0.3426	-0.489	-0.8022
			-0.2555	0.1964	-0.9467
			0.9347	0.3076	0.1781
			0.2306	-0.9061	0.3547
			0.2705	-0.2904	-0.9179
			-0.9347	-0.3076	-0.1781
			-0.2306	0.9061	-0.3547
			-0.2705	0.2904	0.9179
		b:
			-177.4876
			373.6538
			337.6782
			87.3642
			-283.8484
			-108.4194
			191.1772
			-227.3723
			-240.8761
			-180.1772
			237.3723
			246.8761
	==================================================================================
	Q6:
		Shape: Polyhedra
		q_c:	51.5	343.5	162.0
		ub :	56.4896	347.7511	166.8515
		lb :	46.5104	339.2489	157.1485
		A:
			0.0548	0.7261	-0.6854
			-0.0031	0.4281	0.9037
			0.3452	0.2741	-0.8976
			0.1662	-0.3519	0.9212
			-0.1972	-0.9764	0.0881
			0.742	0.44	0.5058
			0.3171	0.747	0.5843
			0.6774	-0.6096	0.4118
			0.6638	0.2652	-0.6993
			-0.3171	-0.747	-0.5843
			-0.6774	0.6096	-0.4118
			-0.6638	-0.2652	0.6993
		b:
			144.4401
			295.7959
			-30.0561
			40.0324
			-328.6529
			273.6342
			369.5924
			-104.7973
			15.5044
			-365.5924
			110.7973
			-8.5044


===========================================================================================
===========================================================================================
S12:
	q_c:	353.0	506.5	437.0
	ub :	363.3598	514.9653	447.5666
	lb :	345.4569	497.4659	428.0083

	==================================================================================
	Q1:
		Shape: Ellipse
		q_c:	354.5	509.0	439.0
		ub :	359.6043	513.7022	443.1224
		lb :	349.3957	504.2978	434.8776
		P^-1:
			0.0558	-0.026	-0.0226
			-0.026	0.1582	0.0812
			-0.0226	0.0812	0.167
	==================================================================================
	Q2:
		Shape: Ellipse
		q_c:	352.5	504.5	437.5
		ub :	355.8222	507.9431	441.7375
		lb :	349.1778	501.0569	433.2625
		P^-1:
			0.36	0.0403	0.1427
			0.0403	0.2133	-0.0571
			0.1427	-0.0571	0.2028
	==================================================================================
	Q3:
		Shape: Hybrid
		q_c:	359.5	501.5	444.5
		ub :	363.3598	505.5341	447.5666
		lb :	355.6402	497.4659	441.4334
		P^-1:
			0.1655	-0.009	0.0196
			-0.009	0.1748	-0.0322
			0.0196	-0.0322	0.2297
		A:
			0.0284	-0.6732	0.7389
			-0.7542	0.0382	-0.6555
			0.8962	-0.3789	0.2306
			-0.8466	0.1144	0.5198
			-0.849	-0.0282	-0.5276
			0.9647	0.1802	0.1921
		b:
			2.1278
			-542.1297
			236.0485
			-14.4571
			-552.5881
			523.9908
	==================================================================================
	Q4:
		Shape: Hybrid
		q_c:	355.5	503.5	442.5
		ub :	359.2612	506.2663	445.9354
		lb :	351.7388	500.7337	439.0646
		P^-1:
			0.2887	-0.0167	0.2572
			-0.0167	0.6769	-0.3284
			0.2572	-0.3284	0.5604
		A:
			-0.8491	-0.1331	-0.5112
			0.499	-0.1736	0.8491
			-0.2807	-0.9283	-0.2439
			0.6103	-0.2858	0.7388
			-0.3881	-0.9039	0.1799
			-0.3245	0.0197	-0.9457
		b:
			-593.9288
			466.3886
			-674.0108
			400.6523
			-512.5892
			-522.7761
	==================================================================================
	Q5:
		Shape: Polyhedra
		q_c:	350.0	504.5	433.0
		ub :	354.5431	509.302	437.9917
		lb :	345.4569	499.698	428.0083
		A:
			-0.3099	0.1506	0.9388
			-0.3514	0.7392	0.5745
			-0.2507	0.8517	-0.4603
			0.1809	-0.1507	0.9719
			0.0307	-0.4976	0.8669
			0.6731	-0.4298	0.6018
			0.1538	0.8454	0.5115
			0.5209	0.3705	-0.769
			-0.8396	0.3847	-0.3834
			-0.1538	-0.8454	-0.5115
			-0.5209	-0.3705	0.769
			0.8396	-0.3847	0.3834
		b:
			376.9904
			501.7125
			145.6296
			411.0953
			138.1059
			282.3358
			704.8242
			39.2922
			-262.7724
			-698.8242
			-33.2922
			268.7724
	==================================================================================
	Q6:
		Shape: Polyhedra
		q_c:	355.0	512.5	440.0
		ub :	359.8567	514.9653	445.0423
		lb :	350.1433	510.0347	434.9577
		A:
			-0.7698	0.4761	-0.4251
			-0.9036	0.4034	0.1439
			0.3234	0.8138	0.4829
			-0.8291	-0.5573	0.0451
			0.5082	-0.7703	0.3853
			0.2868	-0.9172	0.2767
			0.7183	0.4916	0.4923
			-0.579	0.03	0.8148
			0.3858	-0.8703	0.3062
			-0.7183	-0.4916	-0.4923
			0.579	-0.03	-0.8148
			-0.3858	0.8703	-0.3062
		b:
			-214.4931
			-47.806
			747.139
			-556.8411
			-43.6994
			-245.419
			726.5672
			172.3341
			-173.3426
			-720.5672
			-164.3341
			175.3426


===========================================================================================
===========================================================================================
S13:
	q_c:	287.5	25.0	291.0
	ub :	301.772	41.2921	303.419
	lb :	278.672	8.8836	277.1793

	==================================================================================
	Q1:
		Shape: Hybrid
		q_c:	288.0	17.0	295.5
		ub :	296.5353	25.1164	303.419
		lb :	279.4647	8.8836	287.581
		P^-1:
			0.043	0.0094	0.0011
			0.0094	0.0298	0.0056
			0.0011	0.0056	0.0402
		A:
			-0.0411	-0.6469	-0.7615
			-0.4827	-0.8743	0.0515
			0.473	-0.1491	0.8683
			0.4512	0.8469	-0.2813
			-0.413	0.8815	0.2288
			0.21	0.9052	-0.3694
		b:
			-245.0938
			-135.615
			393.381
			64.423
			-32.4599
			-29.624
	==================================================================================
	Q2:
		Shape: Polyhedra
		q_c:	298.5	28.5	294.5
		ub :	301.772	35.2303	300.7424
		lb :	295.228	21.7697	288.2576
		A:
			-0.2016	-0.6493	0.7333
			0.0093	0.0886	-0.996
			-0.856	0.3743	0.3567
			-0.9305	-0.0434	-0.3636
			-0.2323	-0.8848	-0.404
			-0.7389	0.2469	-0.6269
			0.9986	0.0118	0.0524
			-0.0066	-0.9414	0.3374
			0.0533	-0.3372	-0.9399
			-0.9986	-0.0118	-0.0524
			0.0066	0.9414	-0.3374
			-0.0533	0.3372	0.9399
		b:
			142.5071
			-283.3526
			-136.1876
			-382.8981
			-208.6161
			-394.2137
			316.844
			76.0541
			-265.9973
			-310.844
			-65.0541
			274.9973
	==================================================================================
	Q3:
		Shape: Hybrid
		q_c:	288.0	33.0	293.0
		ub :	294.7597	41.2921	301.1479
		lb :	281.2403	24.7079	284.8521
		P^-1:
			0.0424	0.0039	0.0013
			0.0039	0.0438	0.0071
			0.0013	0.0071	0.0309
		A:
			-0.3772	-0.4945	-0.783
			0.8857	0.4108	-0.2162
			0.1024	0.9921	0.0726
			-0.6684	-0.6329	0.3906
			-0.7737	-0.6308	-0.0589
			0.6696	0.5266	-0.5238
		b:
			-351.6795
			207.9413
			86.0013
			-96.0406
			-258.5388
