3D_30_9_6_f                l = 3

===========================================================================================
===========================================================================================
S1:
	q_c:	170.5	218.0	106.0
	ub :	183.777	225.8376	117.1605
	lb :	160.5791	204.6863	98.076

	==================================================================================
	Q1:
		Shape: Ellipse
		q_c:	164.0	220.0	106.0
		ub :	167.4209	223.7668	109.2502
		lb :	160.5791	216.2332	102.7498
		P^-1:
			0.2221	-0.0326	-0.0258
			-0.0326	0.2118	-0.0302
			-0.0258	-0.0302	0.2261
	==================================================================================
	Q2:
		Shape: Ellipse
		q_c:	168.0	216.5	104.0
		ub :	173.2675	222.2272	107.8248
		lb :	162.7325	210.7728	100.1752
		P^-1:
			0.3389	0.0327	-0.4229
			0.0327	0.0645	-0.0214
			-0.4229	-0.0214	0.7276
	==================================================================================
	Q3:
		Shape: Hybrid
		q_c:	165.5	222.5	101.5
		ub :	169.2229	225.8376	104.924
		lb :	161.7771	219.1624	98.076
		P^-1:
			0.0822	-0.0029	0.0063
			-0.0029	0.2068	0.0452
			0.0063	0.0452	0.2026
		A:
			-0.3768	-0.1576	-0.9128
			-0.2056	0.9776	0.0455
			-0.3135	0.9425	0.1161
			0.575	0.7868	0.2244
			0.5591	0.8016	0.2116
			-0.2716	-0.9618	-0.0357
		b:
			-188.7073
			189.3796
			170.9277
			294.6747
			294.0309
			-261.1738
	==================================================================================
	Q4:
		Shape: Ellipse
		q_c:	173.5	215.5	110.0
		ub :	177.4667	219.7329	114.1522
		lb :	169.5333	211.2671	105.8478
		P^-1:
			0.1423	-0.0019	-0.0236
			-0.0019	0.0628	-0.0033
			-0.0236	-0.0033	0.1285
	==================================================================================
	Q5:
		Shape: Hybrid
		q_c:	167.0	214.0	112.0
		ub :	171.5842	219.5639	117.1605
		lb :	162.4158	208.4361	106.8395
		P^-1:
			0.271	0.0342	0.1871
			0.0342	0.0681	0.0306
			0.1871	0.0306	0.2304
		A:
			-0.6592	0.1081	-0.7442
			-0.0455	-0.2552	-0.9658
			-0.3322	-0.256	0.9078
			-0.9056	-0.1224	-0.4061
			-0.6924	-0.061	-0.7189
			0.3204	-0.8015	0.505
		b:
			-169.2809
			-168.11
			-5.5405
			-221.781
			-208.4167
			-58.6157
	==================================================================================
	Q6:
		Shape: Hybrid
		q_c:	177.0	212.0	109.0
		ub :	183.777	219.3137	114.1664
		lb :	170.223	204.6863	103.8336
		P^-1:
			0.0443	0.0046	0.0011
			0.0046	0.0457	-0.0032
			0.0011	-0.0032	0.0619
		A:
			-0.1064	-0.9263	0.3615
			0.2673	-0.8751	-0.4034
			0.1546	0.9635	0.2184
			0.552	-0.0659	0.8313
			-0.0911	0.7536	0.651
			-0.4129	-0.1367	0.9005
		b:
			-173.3029
			-179.3566
			258.1056
			176.5496
			217.199
			-1.7353


===========================================================================================
===========================================================================================
S2:
	q_c:	125.0	187.0	170.0
	ub :	138.1584	197.7453	185.0471
	lb :	108.7118	172.9165	150.7423

	==================================================================================
	Q1:
		Shape: Ellipse
		q_c:	129.5	190.5	158.5
		ub :	135.1203	197.7453	166.2577
		lb :	123.8797	183.2547	150.7423
		P^-1:
			0.0492	0.001	-0.0011
			0.001	0.0417	0.0081
			-0.0011	0.0081	0.0409
	==================================================================================
	Q2:
		Shape: Ellipse
		q_c:	116.5	181.0	177.5
		ub :	122.2957	189.0835	185.0471
		lb :	110.7043	172.9165	169.9529
		P^-1:
			0.0761	-0.0145	0.0008
			-0.0145	0.043	-0.0038
			0.0008	-0.0038	0.0356
	==================================================================================
	Q3:
		Shape: Polyhedra
		q_c:	115.0	188.0	176.0
		ub :	121.2882	193.7945	181.8661
		lb :	108.7118	182.2055	170.1339
		A:
			-0.9727	-0.127	0.1944
			-0.4395	0.7272	-0.5273
			-0.1479	0.9883	0.0374
			0.2793	0.4444	-0.8512
			-0.3793	-0.0545	-0.9237
			-0.0888	-0.6283	-0.7729
			0.5568	0.6691	0.4923
			-0.5453	0.7415	-0.391
			-0.6266	-0.0508	0.7777
			-0.5568	-0.6691	-0.4923
			0.5453	-0.7415	0.391
			0.6266	0.0508	-0.7777
		b:
			-98.073
			-2.6527
			179.3585
			-30.8501
			-212.6349
			-260.5993
			280.458
			11.8687
			58.2634
			-272.458
			-3.8687
			-52.2634
	==================================================================================
	Q4:
		Shape: Polyhedra
		q_c:	132.5	182.0	165.0
		ub :	138.1584	186.066	170.3481
		lb :	126.8416	177.934	159.6519
		A:
			-0.3592	0.4606	0.8117
			0.2111	-0.5489	0.8088
			-0.1628	0.9236	0.3471
			-0.8544	0.392	-0.3411
			0.6658	0.6512	0.3642
			0.263	-0.933	-0.2455
			0.616	0.3128	0.7229
			-0.6625	-0.2906	0.6903
			0.4261	-0.9042	0.0282
			-0.616	-0.3128	-0.7229
			0.6625	0.2906	-0.6903
			-0.4261	0.9042	-0.0282
		b:
			173.5487
			64.7478
			206.1769
			-95.2986
			270.3032
			-173.2716
			261.3447
			-22.7757
			-101.4622
			-254.3447
			30.7757
			105.4622
	==================================================================================
	Q5:
		Shape: Hybrid
		q_c:	125.0	184.5	172.0
		ub :	132.1441	191.5175	179.6653
		lb :	117.8559	177.4825	164.3347
		P^-1:
			0.0431	-0.0105	-0.0137
			-0.0105	0.0689	-0.0166
			-0.0137	-0.0166	0.0599
		A:
			0.9862	-0.048	-0.1585
			-0.4484	-0.8797	0.1584
			0.0721	-0.9858	-0.1516
			0.2936	-0.9059	-0.3051
			-0.73	0.6795	0.0731
			0.1326	0.1752	-0.9756
		b:
			90.3194
			-188.2748
			-196.4728
			-180.5669
			48.9596
			-116.5996
	==================================================================================
	Q6:
		Shape: Polyhedra
		q_c:	129.5	184.0	170.0
		ub :	134.7976	188.7973	176.5246
		lb :	124.2024	179.2027	163.4754
		A:
			0.5673	0.0411	0.8225
			0.2368	0.4774	0.8462
			0.8743	0.4789	0.0789
			-0.7714	-0.4479	-0.4521
			-0.5896	0.8008	-0.1057
			-0.8167	-0.3866	-0.4285
			0.0412	0.8985	0.4371
			0.5993	0.3278	-0.7303
			-0.7995	0.292	-0.5249
			-0.0412	-0.8985	-0.4371
			-0.5993	-0.3278	0.7303
			0.7995	-0.292	0.5249
		b:
			223.3723
			265.3147
			218.884
			-256.4429
			55.2391
			-246.9685
			247.4617
			19.7768
			-137.0332
			-242.4617
			-7.7768
			141.0332


===========================================================================================
===========================================================================================
S3:
	q_c:	511.0	361.0	395.0
	ub :	530.2108	389.187	411.4935
	lb :	492.9681	336.8499	375.0475

	==================================================================================
	Q1:
		Shape: Polyhedra
		q_c:	505.0	365.5	400.0
		ub :	510.8028	372.1244	406.3505
		lb :	499.1972	358.8756	393.6495
		A:
			0.6491	-0.7429	-0.1637
			-0.8799	0.026	0.4745
			0.9802	0.1784	-0.0858
			0.9137	0.3838	-0.1336
			-0.7818	-0.4249	-0.4564
			0.7395	0.3349	-0.5839
			0.7444	0.6524	0.1423
			0.6597	-0.6856	-0.3078
			-0.1032	0.3231	-0.9407
			-0.7444	-0.6524	-0.1423
			-0.6597	0.6856	0.3078
			0.1032	-0.3231	0.9407
		b:
			-5.6861
			-241.1651
			529.7665
			552.2449
			-728.4994
			266.5632
			675.3055
			-37.0532
			-305.3541
			-667.3055
			44.0532
			315.3541
	==================================================================================
	Q2:
		Shape: Hybrid
		q_c:	498.0	346.0	393.0
		ub :	499.9735	348.7177	395.5514
		lb :	496.0265	343.2823	390.4486
		P^-1:
			0.848	-0.3003	-0.0272
			-0.3003	0.4008	0.0137
			-0.0272	0.0137	0.2512
		A:
			0.6	-0.4539	-0.6587
			0.8116	-0.268	0.5191
			0.7381	0.2349	0.6324
			-0.7385	0.2723	-0.6169
			-0.1053	0.2763	-0.9553
			0.782	-0.6215	0.0468
		b:
			-116.109
			516.3781
			698.6961
			-514.9628
			-330.784
			193.3446
	==================================================================================
	Q3:
		Shape: Polyhedra
		q_c:	521.0	348.5	383.5
		ub :	530.2108	360.1501	391.9525
		lb :	511.7892	336.8499	375.0475
		A:
			0.2523	0.8666	0.4305
			-0.5282	-0.3412	0.7776
			0.664	0.148	-0.733
			-0.7857	-0.1683	0.5953
			-0.6116	0.0318	0.7905
			0.4943	0.2872	-0.8205
			0.3331	0.8581	0.3908
			0.6287	0.1068	-0.7703
			-0.7027	0.5023	-0.5039
			-0.3331	-0.8581	-0.3908
			-0.6287	-0.1068	0.7703
			0.7027	-0.5023	0.5039
		b:
			607.5254
			-93.3438
			118.0096
			-237.2359
			-2.5002
			45.2435
			631.4587
			70.899
			-376.8104
			-613.4587
			-67.899
			391.8104
	==================================================================================
	Q4:
		Shape: Ellipse
		q_c:	504.5	379.5	388.0
		ub :	516.0319	389.187	398.6797
		lb :	492.9681	369.813	377.3203
		P^-1:
			0.0233	-0.0067	0.0007
			-0.0067	0.0276	-0.0028
			0.0007	-0.0028	0.0204
	==================================================================================
	Q5:
		Shape: Hybrid
		q_c:	513.5	357.0	399.5
		ub :	525.0204	363.859	411.4935
		lb :	501.9796	350.141	387.5065
		P^-1:
			0.0166	0.0047	0.0007
			0.0047	0.0586	-0.0123
			0.0007	-0.0123	0.0189
		A:
			0.2798	0.9242	-0.26
			-0.0613	-0.9685	0.2415
			-0.6048	-0.7394	-0.296
			-0.5988	-0.294	-0.745
			-0.4919	-0.8559	-0.1595
			0.0247	0.9942	0.1049
		b:
			371.9315
			-278.727
			-688.6352
			-704.5549
			-618.4759
			412.3427
	==================================================================================
	Q6:
		Shape: Polyhedra
		q_c:	516.5	354.5	399.5
		ub :	528.2934	367.3007	411.4336
		lb :	504.7066	341.6993	387.5664
		A:
			0.864	-0.4622	0.1996
			-0.1658	-0.9861	-0.0056
			-0.448	0.6556	-0.6079
			0.6425	-0.7654	0.0368
			0.7881	0.1727	0.5908
			-0.508	-0.8387	0.1961
			0.7963	0.5044	0.334
			0.5994	-0.5835	-0.5479
			-0.0814	0.6365	-0.767
			-0.7963	-0.5044	-0.334
			-0.5994	0.5835	0.5479
			0.0814	-0.6365	0.767
		b:
			369.7177
			-429.8898
			-235.1292
			82.4277
			712.5127
			-473.6103
			732.0092
			-108.6319
			-116.3438
			-715.0092
			123.6319
			129.3438


===========================================================================================
===========================================================================================
S4:
	q_c:	366.5	490.5	434.0
	ub :	370.4528	508.0062	451.6986
	lb :	353.5479	474.0732	415.7472

	==================================================================================
	Q1:
		Shape: Polyhedra
		q_c:	363.0	494.0	422.0
		ub :	368.549	500.5222	428.2528
		lb :	357.451	487.4778	415.7472
		A:
			0.9416	-0.2482	-0.2276
			-0.9449	-0.3259	0.0299
			0.7674	0.4908	-0.4125
			0.9856	0.1691	-0.0003
			0.1794	0.7694	0.6131
			-0.961	0.0998	-0.258
			0.7802	0.0608	0.6225
			-0.6255	0.0749	0.7766
			0.0006	-0.9953	0.0965
			-0.7802	-0.0608	-0.6225
			0.6255	-0.0749	-0.7766
			-0.0006	0.9953	-0.0965
		b:
			127.4142
			-487.2002
			351.8168
			445.153
			708.9742
			-404.6506
			579.481
			142.1982
			-444.7483
			-572.481
			-133.1982
			456.7483
	==================================================================================
	Q2:
		Shape: Hybrid
		q_c:	364.5	486.5	425.5
		ub :	367.7887	491.8436	431.01
		lb :	361.2113	481.1564	419.99
		P^-1:
			0.3866	-0.0833	0.1086
			-0.0833	0.0839	-0.0279
			0.1086	-0.0279	0.0989
		A:
			-0.4762	0.7301	-0.4901
			0.4872	-0.066	0.8708
			-0.5765	-0.2269	-0.7849
			-0.9261	-0.3772	-0.0073
			0.9092	-0.301	0.2878
			-0.7991	-0.0344	-0.6002
		b:
			-24.8229
			518.1731
			-652.2817
			-522.1208
			308.1594
			-562.0369
	==================================================================================
	Q3:
		Shape: Ellipse
		q_c:	361.5	499.0	443.0
		ub :	369.4521	508.0062	451.6986
		lb :	353.5479	489.9938	434.3014
		P^-1:
			0.0206	0.001	0.0007
			0.001	0.0297	-0.0027
			0.0007	-0.0027	0.0309
	==================================================================================
	Q4:
		Shape: Ellipse
		q_c:	364.5	482.5	439.5
		ub :	369.8117	490.9268	448.7932
		lb :	359.1883	474.0732	430.2068
		P^-1:
			0.6119	0.4475	0.1712
			0.4475	0.3586	0.1305
			0.1712	0.1305	0.0677
	==================================================================================
	Q5:
		Shape: Ellipse
		q_c:	366.0	499.0	436.0
		ub :	370.4528	503.8656	439.0968
		lb :	361.5472	494.1344	432.9032
		P^-1:
			0.1899	0.0824	-0.0953
			0.0824	0.1204	-0.0938
			-0.0953	-0.0938	0.3566
	==================================================================================
	Q6:
		Shape: Polyhedra
		q_c:	362.5	481.5	444.5
		ub :	369.6563	488.5439	449.6957
		lb :	355.3437	474.4561	439.3043
		A:
			0.1335	-0.9034	0.4074
			0.5031	-0.1557	0.8501
			0.294	0.3012	-0.9071
			-0.9716	-0.1992	-0.1275
			-0.9053	0.1896	-0.3801
			0.742	0.3337	-0.5815
			0.5993	0.797	0.0748
			-0.0972	0.1652	-0.9815
			-0.7946	0.5809	0.1765
			-0.5993	-0.797	-0.0748
			0.0972	-0.1652	0.9815
			0.7946	-0.5809	-0.1765
		b:
			-200.9767
			489.4538
			-147.526
			-500.1481
			-400.8835
			175.5768
			638.2681
			-387.9413
			75.605
			-630.2681
			395.9413
			-64.605


===========================================================================================
===========================================================================================
S5:
	q_c:	490.0	155.5	489.0
	ub :	506.2599	168.9154	514.4576
	lb :	469.7213	132.4077	473.4263

	==================================================================================
	Q1:
		Shape: Hybrid
		q_c:	492.5	154.5	488.0
		ub :	500.0959	162.4669	495.2667
		lb :	484.9041	146.5331	480.7333
		P^-1:
			0.0553	0.0127	0.0177
			0.0127	0.0264	0.013
			0.0177	0.013	0.0603
		A:
			-0.2225	0.1966	0.9549
			0.74	-0.6514	0.1675
			-0.0789	0.3481	-0.9341
			0.3839	0.6123	0.6912
			0.0949	0.783	-0.6147
			0.9057	-0.1515	0.3958
		b:
			389.5698
			350.0973
			-437.4725
			623.3299
			-127.5482
			618.733
	==================================================================================
	Q2:
		Shape: Ellipse
		q_c:	478.5	157.0	497.0
		ub :	487.2787	164.6293	506.6912
		lb :	469.7213	149.3707	487.3088
		P^-1:
			0.0296	-0.0006	-0.0046
			-0.0006	0.0387	-0.0038
			-0.0046	-0.0038	0.0285
	==================================================================================
	Q3:
		Shape: Ellipse
		q_c:	482.0	141.5	500.0
		ub :	491.1645	150.5923	510.0273
		lb :	472.8355	132.4077	489.9727
		P^-1:
			0.0412	-0.0167	-0.0119
			-0.0167	0.0406	0.0061
			-0.0119	0.0061	0.0289
	==================================================================================
	Q4:
		Shape: Ellipse
		q_c:	483.0	154.5	504.5
		ub :	492.8633	163.1618	514.4576
		lb :	473.1367	145.8382	494.5424
		P^-1:
			0.0318	0.0068	-0.0017
			0.0068	0.0307	0.007
			-0.0017	0.007	0.0309
	==================================================================================
	Q5:
		Shape: Ellipse
		q_c:	498.0	159.0	480.0
		ub :	506.2599	166.557	486.5737
		lb :	489.7401	151.443	473.4263
		P^-1:
			0.1333	0.1146	0.0226
			0.1146	0.125	0.0278
			0.0226	0.0278	0.0455
	==================================================================================
	Q6:
		Shape: Hybrid
		q_c:	489.0	159.5	498.5
		ub :	498.3373	168.9154	507.7483
		lb :	479.6627	150.0846	489.2517
		P^-1:
			0.0313	0.0013	-0.0021
			0.0013	0.0283	-0.0008
			-0.0021	-0.0008	0.0291
		A:
			0.9564	0.2553	0.1418
			-0.5779	-0.6732	-0.4613
			0.7944	-0.4782	0.3745
			-0.3062	-0.9465	-0.1021
			0.9564	-0.0489	0.2879
			-0.2648	0.5905	0.7623
		b:
			582.036
			-616.7934
			502.0726
			-348.4439
			606.4588
			347.8778


===========================================================================================
===========================================================================================
S6:
	q_c:	303.5	257.5	395.0
	ub :	328.7949	281.473	415.2146
	lb :	281.5618	235.141	367.7236

	==================================================================================
	Q1:
		Shape: Polyhedra
		q_c:	303.0	267.5	392.0
		ub :	307.538	272.5231	394.3983
		lb :	298.462	262.4769	389.6017
		A:
			0.1502	-0.3398	-0.9284
			0.0861	-0.5264	0.8459
			0.2875	-0.1268	-0.9494
			-0.224	-0.2283	-0.9475
			-0.4116	-0.0484	-0.9101
			-0.6964	0.5025	-0.5125
			0.3756	0.0995	0.9214
			-0.7775	0.5749	0.2548
			-0.5044	-0.8121	0.2933
			-0.3756	-0.0995	-0.9214
			0.7775	-0.5749	-0.2548
			0.5044	0.8121	-0.2933
		b:
			-407.5867
			219.4599
			-316.853
			-499.574
			-493.8895
			-275.1937
			502.1183
			21.0917
			-251.1099
			-501.1183
			-15.0917
			259.1099
	==================================================================================
	Q2:
		Shape: Polyhedra
		q_c:	306.0	247.5	386.5
		ub :	318.3583	259.2688	398.1294
		lb :	293.6417	235.7312	374.8706
		A:
			0.5113	0.2704	-0.8158
			-0.1421	-0.133	0.9809
			-0.0333	-0.9187	0.3936
			0.0333	0.2969	-0.9543
			-0.2953	-0.4226	-0.8568
			0.651	-0.2821	0.7047
			0.6084	0.3337	0.7201
			-0.7759	0.4411	0.4511
			-0.1671	-0.8331	0.5272
			-0.6084	-0.3337	-0.7201
			0.7759	-0.4411	-0.4511
			0.1671	0.8331	-0.5272
		b:
			-83.294
			310.0519
			-78.6964
			-278.5977
			-520.4581
			407.7166
			551.5673
			57.0918
			-47.0482
			-542.5673
			-35.0918
			60.0482
	==================================================================================
	Q3:
		Shape: Hybrid
		q_c:	316.0	253.0	391.5
		ub :	328.7949	264.3333	398.9641
		lb :	303.2051	241.6667	384.0359
		P^-1:
			0.0469	0.0456	-0.1082
			0.0456	0.0852	-0.1514
			-0.1082	-0.1514	0.3392
		A:
			-0.3192	-0.2789	0.9057
			0.125	-0.632	0.7648
			0.7366	-0.6716	0.0797
			0.4287	0.7939	-0.4313
			0.3669	0.4229	-0.8286
			-0.3331	-0.2077	0.9197
		b:
			184.2215
			182.2043
			101.0878
			172.4864
			-100.4206
			203.7032
	==================================================================================
	Q4:
		Shape: Polyhedra
		q_c:	315.5	274.0	406.5
		ub :	324.2659	281.473	415.2146
		lb :	306.7341	266.527	397.7854
		A:
			0.36	0.9174	0.1694
			-0.3721	0.0113	0.9281
			0.3848	-0.9215	-0.0523
			-0.2564	-0.7569	0.6011
			0.5773	0.8165	-0.0052
			-0.583	-0.8123	-0.0176
			0.2762	0.7494	0.6017
			0.9535	-0.1348	-0.2697
			-0.121	0.6482	-0.7518
			-0.2762	-0.7494	-0.6017
			-0.9535	0.1348	0.2697
			0.121	-0.6482	0.7518
		b:
			437.8879
			269.2938
			-146.5963
			-37.5129
			408.7853
			-408.6752
			540.0896
			161.7305
			-159.6513
			-534.0896
			-146.7305
			172.6513
	==================================================================================
	Q5:
		Shape: Ellipse
		q_c:	289.0	253.5	392.5
		ub :	296.4382	260.5476	402.8454
		lb :	281.5618	246.4524	382.1546
		P^-1:
			0.0388	0.003	-0.0053
			0.003	0.0467	0.0089
			-0.0053	0.0089	0.0178
	==================================================================================
	Q6:
		Shape: Polyhedra
		q_c:	308.5	243.0	379.0
		ub :	319.5194	250.859	390.2764
		lb :	297.4806	235.141	367.7236
		A:
			0.645	-0.5762	0.5019
			-0.581	-0.3606	0.7296
			0.3494	-0.5377	0.7673
			-0.9625	-0.2404	-0.1255
			-0.1129	0.9836	0.1404
			-0.5546	0.8129	0.1779
			0.5238	0.7858	0.3288
			0.503	0.0262	-0.8639
			-0.6875	0.6179	-0.3816
			-0.5238	-0.7858	-0.3288
			-0.503	-0.0262	0.8639
			0.6875	-0.6179	0.3816
		b:
			255.2473
			17.7848
			274.6487
			-396.9859
			262.9288
			100.2154
			482.1641
			-157.3736
			-200.5492
			-472.1641
			174.3736
			212.5492


===========================================================================================
===========================================================================================
S7:
	q_c:	181.5	60.0	363.5
	ub :	201.2095	80.294	385.4151
	lb :	157.7832	37.367	352.9436

	==================================================================================
	Q1:
		Shape: Hybrid
		q_c:	167.5	44.0	361.5
		ub :	177.2168	50.633	370.0564
		lb :	157.7832	37.367	352.9436
		P^-1:
			0.0267	-0.0135	-0.0016
			-0.0135	0.0572	-0.0033
			-0.0016	-0.0033	0.0268
		A:
			0.249	-0.7384	0.6268
			0.9988	-0.044	0.0236
			0.2471	-0.2853	-0.926
			-0.2557	-0.6038	0.755
			-0.0514	-0.4552	-0.8889
			-0.3615	0.9001	0.2429
		b:
			238.5934
			178.3694
			-301.9962
			207.0745
			-345.841
			69.1189
	==================================================================================
	Q2:
		Shape: Ellipse
		q_c:	182.5	67.5	377.5
		ub :	191.4913	75.5664	385.4151
		lb :	173.5087	59.4336	369.5849
		P^-1:
			0.0359	-0.0009	-0.0089
			-0.0009	0.0404	-0.0055
			-0.0089	-0.0055	0.0409
	==================================================================================
	Q3:
		Shape: Polyhedra
		q_c:	175.0	54.5	363.5
		ub :	182.389	59.5381	370.9286
		lb :	167.611	49.4619	356.0714
		A:
			-0.8305	0.3231	0.4537
			-0.3624	0.5521	-0.7509
			0.4498	-0.8907	-0.0667
			0.1278	-0.8643	-0.4864
			0.1578	-0.9826	-0.0984
			-0.5641	-0.158	0.8105
			0.3725	0.897	0.2379
			0.5789	-0.0242	-0.8151
			-0.7254	0.4413	-0.5283
			-0.3725	-0.897	-0.2379
			-0.5789	0.0242	0.8151
			0.7254	-0.4413	0.5283
		b:
			42.3303
			-302.0346
			9.9325
			-197.449
			-57.9673
			192.725
			204.0525
			-190.7894
			-290.9181
			-197.0525
			201.7894
			298.9181
	==================================================================================
	Q4:
		Shape: Ellipse
		q_c:	192.0	76.5	361.0
		ub :	198.5619	80.294	368.7189
		lb :	185.4381	72.706	353.2811
		P^-1:
			0.0697	-0.0091	0.0268
			-0.0091	0.155	-0.0187
			0.0268	-0.0187	0.0407
	==================================================================================
	Q5:
		Shape: Ellipse
		q_c:	194.5	54.0	372.5
		ub :	201.2095	60.5054	379.2004
		lb :	187.7905	47.4946	365.7996
		P^-1:
			0.0781	-0.0298	-0.0025
			-0.0298	0.0818	-0.0139
			-0.0025	-0.0139	0.0537
	==================================================================================
	Q6:
		Shape: Ellipse
		q_c:	189.0	51.5	368.0
		ub :	194.3243	61.0496	377.482
		lb :	183.6757	41.9504	358.518
		P^-1:
			0.3291	0.1251	0.14
			0.1251	0.0704	0.0599
			0.14	0.0599	0.0863


===========================================================================================
===========================================================================================
S8:
	q_c:	297.0	103.0	178.0
	ub :	305.4478	114.6492	187.585
	lb :	286.1424	93.3281	167.7921

	==================================================================================
	Q1:
		Shape: Polyhedra
		q_c:	300.5	101.5	178.5
		ub :	305.4478	103.3984	183.4044
		lb :	295.5522	99.6016	173.5956
		A:
			0.2261	0.9328	0.2806
			-0.9016	-0.3139	-0.2975
			0.8182	-0.3814	-0.4302
			0.0245	-0.7787	-0.6269
			0.544	0.8325	-0.1044
			-0.2314	-0.8696	-0.4362
			0.5303	0.0025	0.8478
			-0.8424	0.1142	0.5266
			-0.0955	-0.9935	0.0626
			-0.5303	-0.0025	-0.8478
			0.8424	-0.1142	-0.5266
			0.0955	0.9935	-0.0626
		b:
			214.6097
			-352.6216
			133.7507
			-180.954
			231.4512
			-233.4609
			314.4473
			-144.0402
			-116.8571
			-307.4473
			151.0402
			119.8571
	==================================================================================
	Q2:
		Shape: Polyhedra
		q_c:	300.0	105.5	173.0
		ub :	302.7065	107.6694	174.7617
		lb :	297.2935	103.3306	171.2383
		A:
			0.0478	-0.9956	-0.0802
			-0.1356	0.1423	0.9805
			0.4265	0.8275	-0.365
			0.0562	-0.0252	-0.9981
			0.2015	0.8999	0.3868
			0.4751	0.6105	-0.6337
			0.0152	0.4749	0.8799
			-0.9178	0.3558	-0.1762
			-0.3968	-0.8049	0.4413
			-0.0152	-0.4749	-0.8799
			0.9178	-0.3558	0.1762
			0.3968	0.8049	-0.4413
		b:
			-103.2509
			144.9744
			153.1209
			-157.4392
			223.3107
			98.3467
			207.8901
			-265.7773
			-126.605
			-205.8901
			270.7773
			128.605
	==================================================================================
	Q3:
		Shape: Hybrid
		q_c:	291.0	105.0	183.0
		ub :	295.8576	108.2018	187.585
		lb :	286.1424	101.7982	178.415
		P^-1:
			0.1233	-0.0153	-0.0864
			-0.0153	0.2482	-0.0104
			-0.0864	-0.0104	0.191
		A:
			-0.4507	-0.1346	0.8825
			-0.7911	-0.1131	0.6011
			0.3574	-0.9242	0.1348
			-0.3232	-0.0348	0.9457
			-0.0244	-0.8821	-0.4705
			-0.8507	0.3893	0.3533
		b:
			17.232
			-130.805
			32.8536
			76.5436
			-184.4228
			-140.4456
	==================================================================================
	Q4:
		Shape: Ellipse
		q_c:	295.0	109.5	180.5
		ub :	299.9762	114.6492	185.3586
		lb :	290.0238	104.3508	175.6414
		P^-1:
			0.1173	0.0237	-0.0287
			0.0237	0.1054	-0.005
			-0.0287	-0.005	0.1301
	==================================================================================
	Q5:
		Shape: Polyhedra
		q_c:	291.5	98.0	181.5
		ub :	295.7168	102.6719	185.8256
		lb :	287.2832	93.3281	177.1744
		A:
			-0.3005	0.0222	-0.9535
			-0.6374	0.0756	-0.7668
			0.6832	0.5589	-0.4699
			0.8244	-0.2451	-0.5102
			0.888	0.4353	-0.1486
			-0.0643	-0.8773	0.4756
			0.4545	0.5494	0.7011
			-0.5103	0.8058	-0.3006
			-0.7301	-0.2211	0.6466
			-0.4545	-0.5494	-0.7011
			0.5103	-0.8058	0.3006
			0.7301	0.2211	-0.6466
		b:
			-255.3211
			-314.2494
			170.5062
			125.6636
			276.809
			-15.7605
			317.0904
			-121.332
			-115.6371
			-310.0904
			127.332
			118.6371
	==================================================================================
	Q6:
		Shape: Hybrid
		q_c:	296.5	108.0	173.0
		ub :	301.9618	112.9283	178.2079
		lb :	291.0382	103.0717	167.7921
		P^-1:
			0.1419	-0.0881	-0.0095
			-0.0881	0.174	-0.0333
			-0.0095	-0.0333	0.0947
		A:
			0.163	0.547	-0.8211
			0.543	-0.8285	-0.1374
			0.9564	-0.154	0.2483
			-0.9352	0.3266	-0.1367
			-0.821	0.479	0.3109
			-0.4872	-0.015	0.8732
		b:
			-32.8144
			48.9748
			312.1553
			-263.8861
			-136.5602
			7.0161


===========================================================================================
===========================================================================================
S9:
	q_c:	180.0	423.0	342.5
	ub :	204.0774	448.1027	367.7094
	lb :	162.3308	399.3399	320.3113

	==================================================================================
	Q1:
		Shape: Polyhedra
		q_c:	186.5	427.5	335.5
		ub :	198.505	439.7126	339.1736
		lb :	174.495	415.2874	331.8264
		A:
			-0.055	-0.1209	-0.9911
			-0.0839	0.8586	0.5058
			-0.0584	-0.6289	0.7753
			0.1725	0.3064	-0.9361
			0.9391	0.2538	-0.2315
			-0.6	-0.5367	-0.5932
			0.7252	0.6831	0.0866
			0.6885	-0.7169	-0.1099
			-0.013	0.1393	-0.9902
			-0.7252	-0.6831	-0.0866
			-0.6885	0.7169	0.1099
			0.013	-0.1393	0.9902
		b:
			-391.577
			529.2467
			-14.9804
			-148.184
			213.7923
			-533.8899
			463.8242
			-205.4477
			-273.0718
			-448.8242
			224.4477
			277.0718
	==================================================================================
	Q2:
		Shape: Polyhedra
		q_c:	192.0	411.5	352.0
		ub :	204.0774	423.3273	360.2996
		lb :	179.9226	399.6727	343.7004
		A:
			0.3928	0.0919	0.915
			-0.3605	-0.5824	-0.7286
			0.3493	-0.3651	-0.8629
			0.1069	0.7051	-0.701
			-0.592	0.6321	0.5
			0.9007	-0.3979	0.1745
			0.3928	0.083	0.9159
			-0.2811	0.9591	0.0336
			-0.8756	-0.2707	0.4001
			-0.3928	-0.083	-0.9159
			0.2811	-0.9591	-0.0336
			0.8756	0.2707	-0.4001
		b:
			440.3334
			-558.887
			-379.549
			71.9881
			331.3593
			78.9144
			436.9677
			362.0245
			-130.1745
			-426.9677
			-343.0245
			147.1745
	==================================================================================
	Q3:
		Shape: Polyhedra
		q_c:	175.5	415.0	333.0
		ub :	188.6692	428.9635	345.6887
		lb :	162.3308	401.0365	320.3113
		A:
			0.1518	0.5588	0.8153
			-0.1451	-0.5225	-0.8402
			0.8644	0.0029	0.5028
			-0.6378	0.3415	-0.6903
			0.0713	-0.745	-0.6632
			0.2231	0.9418	0.2516
			0.6821	0.4181	0.5999
			-0.6882	0.6443	0.3335
			-0.2471	-0.6403	0.7273
			-0.6821	-0.4181	-0.5999
			0.6882	-0.6443	-0.3335
			0.2471	0.6403	-0.7273
		b:
			537.7137
			-514.43
			327.6179
			-192.5341
			-508.8733
			521.6487
			499.4947
			267.664
			-59.431
			-486.4947
			-247.664
			74.431
	==================================================================================
	Q4:
		Shape: Polyhedra
		q_c:	173.0	435.0	335.0
		ub :	183.6522	445.8848	344.7521
		lb :	162.3478	424.1152	325.2479
		A:
			-0.569	-0.3702	0.7343
			-0.9414	-0.1158	-0.317
			0.7768	-0.3244	-0.5398
			-0.9584	-0.1832	-0.2187
			-0.8794	-0.3345	-0.3386
			0.5579	-0.2169	-0.801
			0.3209	0.915	0.2448
			0.5966	0.0055	-0.8025
			-0.7356	0.4035	-0.5441
			-0.3209	-0.915	-0.2448
			-0.5966	-0.0055	0.8025
			0.7356	-0.4035	0.5441
		b:
			-7.8448
			-312.3349
			-182.0929
			-311.6753
			-403.4456
			-260.9326
			544.5076
			-158.2594
			-127.5035
			-526.5076
			168.2594
			140.5035
	==================================================================================
	Q5:
		Shape: Ellipse
		q_c:	190.5	436.0	352.5
		ub :	201.5337	448.1027	364.1292
		lb :	179.4663	423.8973	340.8708
		P^-1:
			0.0269	0.0041	0.0072
			0.0041	0.0171	0.0027
			0.0072	0.0027	0.0203
	==================================================================================
	Q6:
		Shape: Ellipse
		q_c:	187.5	408.0	356.5
		ub :	199.173	416.6601	367.7094
		lb :	175.827	399.3399	345.2906
		P^-1:
			0.0263	0.0015	-0.0134
			0.0015	0.0291	-0.0046
			-0.0134	-0.0046	0.0235


===========================================================================================
===========================================================================================
