3D_30_8_6_b                l = 3

===========================================================================================
===========================================================================================
S1:
	q_c:	241.0	195.0	38.5
	ub :	253.321	206.0752	50.4918
	lb :	234.7705	187.0206	30.995

	==================================================================================
	Q1:
		Shape: Hybrid
		q_c:	249.0	197.5	37.5
		ub :	253.321	201.8236	40.9228
		lb :	244.679	193.1764	34.0772
		P^-1:
			0.2188	0.0358	-0.1517
			0.0358	0.123	-0.0504
			-0.1517	-0.0504	0.3249
		A:
			-0.487	-0.4191	0.7663
			0.2309	0.1107	0.9667
			-0.7016	-0.7114	-0.0408
			-0.181	-0.5464	0.8177
			0.4009	0.5096	0.7613
			0.1044	0.5812	0.8071
		b:
			-174.4022
			117.3826
			-314.7756
			-121.0827
			231.1911
			173.0293
	==================================================================================
	Q2:
		Shape: Hybrid
		q_c:	242.5	193.0	42.0
		ub :	245.8455	196.37	45.6287
		lb :	239.1545	189.63	38.3713
		P^-1:
			0.112	0.0018	0.0063
			0.0018	0.1599	-0.0002
			0.0063	-0.0002	0.1592
		A:
			0.2462	0.0385	-0.9685
			-0.1476	0.5882	-0.7951
			0.1462	-0.9535	0.2635
			0.2263	0.381	-0.8964
			0.2932	0.8879	0.3544
			0.8866	0.337	-0.3167
		b:
			27.7648
			45.5861
			-136.2424
			92.0652
			258.6328
			268.4129
	==================================================================================
	Q3:
		Shape: Hybrid
		q_c:	245.0	201.0	45.5
		ub :	247.3473	206.0752	50.4918
		lb :	242.6527	195.9248	40.5082
		P^-1:
			0.2489	0.009	-0.011
			0.009	0.0834	0.0235
			-0.011	0.0235	0.0913
		A:
			-0.1436	0.211	-0.9669
			0.66	0.7132	-0.2359
			0.9522	0.2849	0.1104
			0.7213	0.0127	-0.6925
			0.9173	-0.1363	0.3741
			0.4752	-0.1411	-0.8685
		b:
			-34.1125
			296.4043
			296.6877
			149.4535
			215.8849
			50.5382
	==================================================================================
	Q4:
		Shape: Hybrid
		q_c:	240.5	191.5	40.5
		ub :	245.1286	195.3135	44.7314
		lb :	235.8714	187.6865	36.2686
		P^-1:
			0.1377	-0.0191	0.0151
			-0.0191	0.1437	0.013
			0.0151	0.013	0.1497
		A:
			0.8429	-0.4595	0.2801
			-0.7036	0.3885	0.595
			0.0244	0.6718	-0.7403
			0.9869	0.1525	-0.0517
			-0.2618	0.9649	0.0219
			0.9676	0.2424	-0.0714
		b:
			127.3346
			-69.3298
			106.0898
			266.0368
			124.0128
			277.8173
	==================================================================================
	Q5:
		Shape: Hybrid
		q_c:	242.5	191.5	43.0
		ub :	246.5984	195.9794	46.3607
		lb :	238.4016	187.0206	39.6393
		P^-1:
			0.0817	0.0003	-0.0015
			0.0003	0.0852	-0.0163
			-0.0015	-0.0163	0.1564
		A:
			-0.2108	-0.1002	0.9724
			0.1623	-0.3842	-0.9089
			0.4032	-0.8407	0.3616
			0.0094	-0.9658	0.2589
			-0.6191	0.1443	0.7719
			0.4091	-0.6215	0.6681
		b:
			-27.1833
			-71.6664
			-45.6684
			-169.4932
			-87.552
			10.6134
	==================================================================================
	Q6:
		Shape: Ellipse
		q_c:	238.5	196.5	32.5
		ub :	242.2295	198.9669	34.005
		lb :	234.7705	194.0331	30.995
		P^-1:
			0.3604	0.0426	1.0014
			0.0426	0.2485	0.0694
			1.0014	0.0694	3.7227


===========================================================================================
===========================================================================================
S2:
	q_c:	379.0	141.5	33.5
	ub :	387.371	151.6266	37.8646
	lb :	368.3335	133.6924	21.6544

	==================================================================================
	Q1:
		Shape: Hybrid
		q_c:	373.0	149.0	29.0
		ub :	376.3783	151.6266	32.4763
		lb :	369.6217	146.3734	25.5237
		P^-1:
			0.3192	-0.0834	-0.1383
			-0.0834	0.389	-0.092
			-0.1383	-0.092	0.2918
		A:
			-0.3208	-0.9063	-0.2752
			-0.4397	-0.6773	0.5898
			0.395	0.1683	-0.9031
			-0.1251	0.9064	-0.4034
			-0.3762	-0.1635	-0.912
			-0.4755	0.63	0.614
		b:
			-260.9501
			-247.0166
			147.1655
			77.4657
			-189.0687
			-64.6489
	==================================================================================
	Q2:
		Shape: Ellipse
		q_c:	379.0	147.0	29.5
		ub :	381.2744	150.3235	32.6641
		lb :	376.7256	143.6765	26.3359
		P^-1:
			0.6385	0.2268	0.1643
			0.2268	0.3924	0.3287
			0.1643	0.3287	0.5246
	==================================================================================
	Q3:
		Shape: Polyhedra
		q_c:	383.0	148.0	33.5
		ub :	387.371	151.3617	37.8646
		lb :	378.629	144.6383	29.1354
		A:
			0.6573	-0.7336	0.1724
			0.2309	0.8992	-0.3716
			-0.2559	0.3151	-0.9139
			-0.4813	0.5496	0.6829
			0.767	0.3596	0.5314
			-0.3276	0.8803	0.3432
			0.4025	0.7952	0.4534
			-0.6341	0.5995	-0.4885
			-0.6602	-0.0908	0.7455
			-0.4025	-0.7952	-0.4534
			0.6341	-0.5995	0.4885
			0.6602	0.0908	-0.7455
		b:
			151.4505
			211.5337
			-79.3671
			-77.4218
			366.967
			18.6603
			289.0546
			-167.9908
			-238.3458
			-285.0546
			172.9908
			244.3458
	==================================================================================
	Q4:
		Shape: Polyhedra
		q_c:	377.5	143.0	29.5
		ub :	380.5156	145.6116	31.2715
		lb :	374.4844	140.3884	27.7285
		A:
			-0.0133	-0.0231	-0.9996
			0.1107	-0.9875	0.1123
			0.532	-0.2956	0.7934
			0.3468	0.9373	-0.0338
			-0.917	0.2789	-0.2852
			-0.0825	-0.3349	0.9386
			0.4618	0.8719	0.1629
			0.8776	-0.4224	-0.2268
			-0.129	0.2477	-0.9602
			-0.4618	-0.8719	-0.1629
			-0.8776	0.4224	0.2268
			0.129	-0.2477	0.9602
		b:
			-36.6702
			-94.3842
			183.3643
			265.4585
			-312.482
			-50.252
			305.3192
			266.6769
			-40.5925
			-302.3192
			-261.6769
			42.5925
	==================================================================================
	Q5:
		Shape: Hybrid
		q_c:	377.5	146.0	25.5
		ub :	381.676	150.1055	29.3456
		lb :	373.324	141.8945	21.6544
		P^-1:
			0.1565	-0.0029	0.0123
			-0.0029	0.1576	0.0102
			0.0123	0.0102	0.1171
		A:
			0.4131	0.8966	-0.1596
			0.9015	-0.0079	-0.4328
			0.7794	-0.0989	-0.6186
			0.1444	-0.5655	-0.812
			-0.6082	0.5471	-0.5751
			0.6673	-0.1189	0.7352
		b:
			284.1392
			329.5722
			265.5811
			-47.2762
			-162.9944
			254.6918
	==================================================================================
	Q6:
		Shape: Polyhedra
		q_c:	374.5	139.5	29.5
		ub :	380.6665	145.3076	33.7294
		lb :	368.3335	133.6924	25.2706
		A:
			0.9159	0.039	0.3995
			0.256	0.8503	0.4599
			0.9139	-0.331	0.2351
			0.1458	0.9508	0.2732
			0.1762	0.2875	0.9414
			-0.7921	-0.3222	-0.5185
			0.3332	0.0662	0.9405
			-0.6634	0.7253	0.184
			-0.67	-0.6853	0.2855
			-0.3332	-0.0662	-0.9405
			0.6634	-0.7253	-0.184
			0.67	0.6853	-0.2855
		b:
			363.6165
			231.6197
			306.6811
			199.1438
			136.5187
			-353.6716
			164.2401
			-137.8593
			-334.0781
			-159.2401
			145.8593
			342.0781


===========================================================================================
===========================================================================================
S3:
	q_c:	488.0	471.5	266.0
	ub :	503.0365	486.2032	282.1609
	lb :	476.0386	458.0147	251.535

	==================================================================================
	Q1:
		Shape: Hybrid
		q_c:	492.5	479.5	272.0
		ub :	498.9541	486.2032	277.6459
		lb :	486.0459	472.7968	266.3541
		P^-1:
			0.2096	0.1012	0.1738
			0.1012	0.0849	0.1011
			0.1738	0.1011	0.2178
		A:
			0.6117	-0.2874	0.737
			0.8626	-0.0456	0.5039
			0.5592	0.5589	0.6123
			0.3843	0.3922	0.8357
			0.8563	-0.1339	-0.4989
			0.8368	0.5443	0.0588
		b:
			367.1042
			542.318
			711.1503
			606.0537
			226.1322
			691.7416
	==================================================================================
	Q2:
		Shape: Ellipse
		q_c:	485.5	468.0	271.0
		ub :	492.0749	474.4634	277.4159
		lb :	478.9251	461.5366	264.5841
		P^-1:
			0.062	0.0086	0.003
			0.0086	0.0594	0.0116
			0.003	0.0116	0.0721
	==================================================================================
	Q3:
		Shape: Polyhedra
		q_c:	490.5	480.0	257.5
		ub :	496.1	484.9378	263.465
		lb :	484.9	475.0622	251.535
		A:
			-0.0857	0.1777	0.9803
			-0.4594	0.2081	0.8635
			-0.7304	0.508	0.4565
			0.7672	-0.5371	-0.3506
			0.1677	-0.583	-0.795
			0.3626	-0.8293	-0.4251
			0.7675	0.1647	0.6195
			-0.6175	0.4495	0.6455
			-0.1721	-0.878	0.4467
			-0.7675	-0.1647	-0.6195
			0.6175	-0.4495	-0.6455
			0.1721	0.878	-0.4467
		b:
			299.089
			99.642
			5.7531
			30.9795
			-399.2368
			-326.8726
			619.5449
			81.587
			-387.3473
			-610.5449
			-76.587
			394.3473
	==================================================================================
	Q4:
		Shape: Ellipse
		q_c:	488.5	466.5	270.5
		ub :	493.99	471.3164	276.5754
		lb :	483.01	461.6836	264.4246
		P^-1:
			0.1616	-0.1452	-0.0665
			-0.1452	0.271	0.1368
			-0.0665	0.1368	0.1334
	==================================================================================
	Q5:
		Shape: Hybrid
		q_c:	479.5	469.5	274.5
		ub :	482.9614	477.1955	282.1609
		lb :	476.0386	461.8045	266.8391
		P^-1:
			0.1561	-0.0171	0.0128
			-0.0171	0.0393	-0.0053
			0.0128	-0.0053	0.0377
		A:
			-0.7431	0.1299	0.6565
			-0.9066	-0.2137	-0.364
			0.8771	-0.3713	0.3047
			0.0627	-0.956	-0.2865
			-0.7745	0.5693	-0.2757
			-0.9306	-0.2933	0.2189
		b:
			-112.1252
			-632.9218
			331.4944
			-493.3898
			-177.7325
			-521.6979
	==================================================================================
	Q6:
		Shape: Polyhedra
		q_c:	494.5	466.5	261.0
		ub :	503.0365	474.9853	267.1819
		lb :	485.9635	458.0147	254.8181
		A:
			-0.5931	-0.1418	0.7926
			-0.1003	0.2589	-0.9607
			0.0559	0.9958	-0.0729
			0.7356	0.3385	-0.5868
			-0.44	0.8905	0.1155
			-0.791	-0.2785	0.5448
			0.5119	0.6233	0.5912
			0.2892	0.523	-0.8018
			-0.8089	0.5814	0.0875
			-0.5119	-0.6233	-0.5912
			-0.2892	-0.523	0.8018
			0.8089	-0.5814	-0.0875
		b:
			-148.6763
			-175.7948
			478.0566
			372.4263
			233.7773
			-374.652
			703.694
			180.6981
			-99.9343
			-692.694
			-174.6981
			111.9343


===========================================================================================
===========================================================================================
S4:
	q_c:	253.0	496.5	257.5
	ub :	257.5953	501.5372	260.3117
	lb :	249.4219	494.0795	254.4425

	==================================================================================
	Q1:
		Shape: Hybrid
		q_c:	254.5	499.0	258.0
		ub :	256.9779	501.3413	260.1875
		lb :	252.0221	496.6587	255.8125
		P^-1:
			0.4444	-0.0	-0.0
			-0.0	0.4444	-0.0
			-0.0	-0.0	0.4444
		A:
			-0.6899	-0.176	0.7021
			0.5541	-0.5423	0.6316
			0.0816	0.5215	0.8493
			0.614	0.0355	-0.7885
			-0.5733	-0.8094	0.1277
			0.8905	-0.4548	0.0132
		b:
			-81.5126
			34.089
			500.8754
			-28.6964
			-516.0834
			3.8616
	==================================================================================
	Q2:
		Shape: Hybrid
		q_c:	255.0	496.5	259.0
		ub :	257.5953	498.9205	260.2712
		lb :	252.4047	494.0795	257.7288
		P^-1:
			0.3316	-0.0943	-0.074
			-0.0943	0.3711	-0.0054
			-0.074	-0.0054	0.9918
		A:
			-0.4714	-0.2292	-0.8516
			-0.0834	0.5422	0.8361
			-0.1173	0.3961	-0.9107
			0.3156	-0.8274	-0.4646
			-0.3647	0.3553	0.8607
			-0.1285	0.3074	0.9429
		b:
			-453.6414
			465.2256
			-68.5153
			-449.7082
			306.9175
			364.6492
	==================================================================================
	Q3:
		Shape: Ellipse
		q_c:	254.5	499.5	258.5
		ub :	256.3386	501.5372	260.3117
		lb :	252.6614	497.4628	256.6883
		P^-1:
			0.8671	-0.1668	-0.1683
			-0.1668	0.7905	-0.2113
			-0.1683	-0.2113	0.7868
	==================================================================================
	Q4:
		Shape: Ellipse
		q_c:	255.5	498.5	256.0
		ub :	257.3456	499.6025	257.5575
		lb :	253.6544	497.3975	254.4425
		P^-1:
			1.0028	-1.1723	-0.157
			-1.1723	3.5367	-0.183
			-0.157	-0.183	0.905
	==================================================================================
	Q5:
		Shape: Hybrid
		q_c:	251.5	497.0	256.0
		ub :	253.5781	499.0788	257.2676
		lb :	249.4219	494.9212	254.7324
		P^-1:
			0.4879	0.1688	-0.3525
			0.1688	1.0997	-1.3682
			-0.3525	-1.3682	3.3012
		A:
			0.0039	-0.5249	0.8512
			0.7551	0.0986	-0.6482
			-0.7906	0.5821	0.1901
			0.3513	0.6217	-0.7
			0.8975	0.1022	-0.429
			0.0058	0.2212	0.9752
		b:
			-41.6774
			73.833
			140.4002
			218.5924
			167.7325
			361.8416
	==================================================================================
	Q6:
		Shape: Polyhedra
		q_c:	254.0	497.0	258.5
		ub :	256.0055	498.9099	259.9304
		lb :	251.9945	495.0901	257.0696
		A:
			-0.8729	-0.4862	-0.0415
			-0.3036	-0.0818	-0.9493
			0.885	0.4526	0.1088
			-0.6691	0.3388	-0.6614
			-0.1134	0.4554	0.883
			-0.2142	0.8819	-0.4199
			0.282	0.3249	0.9027
			-0.84	0.5382	0.0687
			-0.4636	-0.7777	0.4247
			-0.282	-0.3249	-0.9027
			0.84	-0.5382	-0.0687
			0.4636	0.7777	-0.4247
		b:
			-472.9406
			-362.1609
			479.0369
			-171.2659
			426.9129
			276.6009
			467.4488
			73.3807
			-393.4692
			-465.4488
			-70.3807
			395.4692


===========================================================================================
===========================================================================================
S5:
	q_c:	98.0	292.5	60.5
	ub :	110.2349	305.5569	65.3992
	lb :	89.374	278.327	47.7054

	==================================================================================
	Q1:
		Shape: Hybrid
		q_c:	105.0	299.0	52.5
		ub :	110.2349	303.9908	57.2946
		lb :	99.7651	294.0092	47.7054
		P^-1:
			0.1015	0.0096	0.0133
			0.0096	0.0862	0.0067
			0.0133	0.0067	0.0676
		A:
			0.9555	0.2908	0.0496
			0.9671	-0.0038	-0.2543
			0.4427	0.8054	-0.394
			0.2582	-0.1238	-0.9581
			0.8099	-0.1943	-0.5535
			0.5331	-0.6957	-0.4815
		b:
			191.4823
			88.9435
			268.6725
			-57.7443
			0.0922
			-175.1764
	==================================================================================
	Q2:
		Shape: Polyhedra
		q_c:	102.0	301.0	59.5
		ub :	107.7973	305.5569	65.3992
		lb :	96.2027	296.4431	53.6008
		A:
			-0.4184	0.1822	-0.8898
			0.413	0.1625	0.8961
			-0.7819	0.6229	0.0258
			0.7062	-0.6798	-0.198
			-0.872	-0.4869	0.0504
			0.5573	0.827	-0.0738
			0.8553	0.0607	0.5145
			-0.4254	-0.4846	0.7644
			0.2957	-0.8726	-0.3886
			-0.8553	-0.0607	-0.5145
			0.4254	0.4846	-0.7644
			-0.2957	0.8726	0.3886
		b:
			-36.9388
			148.1586
			112.6932
			-141.1294
			-228.7235
			304.8864
			140.1386
			-140.2649
			-252.6232
			-132.1386
			147.2649
			258.6232
	==================================================================================
	Q3:
		Shape: Polyhedra
		q_c:	92.5	283.5	61.0
		ub :	94.4739	288.673	63.6651
		lb :	90.5261	278.327	58.3349
		A:
			-0.5905	0.76	-0.2715
			-0.7308	0.1307	0.67
			0.4511	0.3546	-0.819
			0.6052	0.0228	-0.7958
			0.9008	-0.1165	-0.4184
			0.9092	-0.0873	-0.4072
			0.6336	0.0657	0.7709
			0.0006	-0.9964	0.0845
			0.7737	-0.053	-0.6314
			-0.6336	-0.0657	-0.7709
			-0.0006	0.9964	-0.0845
			-0.7737	0.053	0.6314
		b:
			148.4141
			10.9693
			94.5935
			14.7867
			25.6475
			35.3568
			126.7627
			-272.2791
			18.5171
			-121.7627
			282.2791
			-17.5171
	==================================================================================
	Q4:
		Shape: Polyhedra
		q_c:	96.5	292.0	54.0
		ub :	100.9139	296.9255	58.2617
		lb :	92.0861	287.0745	49.7383
		A:
			-0.7507	0.1782	0.6361
			-0.584	-0.0948	-0.8062
			0.3104	-0.2511	0.9168
			0.5449	-0.1851	-0.8178
			-0.0952	-0.1929	0.9766
			-0.9873	-0.1471	0.0602
			0.8448	0.4774	0.2416
			0.2044	-0.7053	0.6788
			0.4945	-0.5241	-0.6934
			-0.8448	-0.4774	-0.2416
			-0.2044	0.7053	-0.6788
			-0.4945	0.5241	0.6934
		b:
			15.9523
			-124.2225
			9.4513
			-43.7493
			-9.8791
			-131.787
			237.4665
			-146.0665
			-141.2649
			-230.4665
			153.0665
			144.2649
	==================================================================================
	Q5:
		Shape: Ellipse
		q_c:	93.5	285.5	61.0
		ub :	97.626	289.6548	63.8018
		lb :	89.374	281.3452	58.1982
		P^-1:
			0.1428	0.0473	0.0463
			0.0473	0.189	0.1081
			0.0463	0.1081	0.3837
	==================================================================================
	Q6:
		Shape: Ellipse
		q_c:	98.0	295.0	61.5
		ub :	102.5611	299.2232	64.6612
		lb :	93.4389	290.7768	58.3388
		P^-1:
			0.2199	0.2247	-0.2281
			0.2247	0.4482	-0.3805
			-0.2281	-0.3805	0.5247


===========================================================================================
===========================================================================================
S6:
	q_c:	415.5	258.0	33.5
	ub :	434.7969	279.9	51.511
	lb :	390.3255	240.0055	10.6994

	==================================================================================
	Q1:
		Shape: Hybrid
		q_c:	427.5	256.5	19.5
		ub :	434.7969	267.5578	27.9777
		lb :	420.2031	245.4422	11.0223
		P^-1:
			0.0574	-0.0146	-0.0007
			-0.0146	0.0199	-0.0069
			-0.0007	-0.0069	0.0306
		A:
			0.3057	-0.3509	-0.8851
			-0.3294	0.5252	-0.7846
			-0.8775	0.3319	0.3462
			0.9284	-0.3713	0.0118
			0.7219	-0.2878	0.6293
			0.9389	0.3069	-0.1557
		b:
			27.9367
			-18.2233
			-280.8506
			303.9078
			249.8232
			480.9174
	==================================================================================
	Q2:
		Shape: Hybrid
		q_c:	418.5	252.0	36.5
		ub :	431.0916	263.9945	46.5321
		lb :	405.9084	240.0055	26.4679
		P^-1:
			0.0193	0.011	0.0005
			0.011	0.0265	-0.0081
			0.0005	-0.0081	0.032
		A:
			0.7307	0.6632	-0.1622
			-0.8645	-0.21	0.4567
			-0.2302	0.7797	-0.5824
			0.2328	0.2019	0.9513
			0.6691	0.7418	-0.0455
			0.5796	0.4652	0.6691
		b:
			470.0465
			-393.1072
			83.1065
			186.548
			468.257
			387.7173
	==================================================================================
	Q3:
		Shape: Ellipse
		q_c:	412.0	272.5	20.0
		ub :	419.2706	279.9	29.3006
		lb :	404.7294	265.1	10.6994
		P^-1:
			0.0775	-0.0604	0.0101
			-0.0604	0.1094	-0.0219
			0.0101	-0.0219	0.024
	==================================================================================
	Q4:
		Shape: Polyhedra
		q_c:	412.5	269.0	38.5
		ub :	420.6304	276.1345	48.1555
		lb :	404.3696	261.8655	28.8445
		A:
			-0.3143	-0.8784	0.3601
			-0.4502	-0.8823	0.1377
			0.7784	-0.0163	-0.6276
			0.1264	-0.9811	0.1465
			-0.5138	-0.4107	0.7532
			0.9986	-0.0516	-0.0065
			0.9367	0.1029	0.3346
			-0.3498	0.2418	0.9051
			0.0123	-0.9648	0.2625
			-0.9367	-0.1029	-0.3346
			0.3498	-0.2418	-0.9051
			-0.0123	0.9648	-0.2625
		b:
			-346.8728
			-412.4762
			299.2347
			-201.0665
			-287.1384
			403.9675
			432.9705
			-37.4073
			-239.3843
			-420.9705
			51.4073
			249.3843
	==================================================================================
	Q5:
		Shape: Ellipse
		q_c:	419.5	253.0	23.5
		ub :	429.4835	264.554	35.2411
		lb :	409.5165	241.446	11.7589
		P^-1:
			0.0259	0.0021	0.0039
			0.0021	0.0161	0.0008
			0.0039	0.0008	0.0171
	==================================================================================
	Q6:
		Shape: Polyhedra
		q_c:	400.5	253.5	43.5
		ub :	410.6745	263.2126	51.511
		lb :	390.3255	243.7874	35.489
		A:
			0.5833	0.4519	-0.6749
			0.5914	0.4019	-0.6991
			0.1201	0.7395	0.6623
			-0.8851	-0.4018	0.2349
			0.4914	-0.1115	-0.8637
			-0.0258	-0.3821	-0.9238
			0.6166	0.6381	0.4612
			-0.6383	0.7481	-0.1817
			-0.4609	-0.1824	0.8685
			-0.6166	-0.6381	-0.4612
			0.6383	-0.7481	0.1817
			0.4609	0.1824	-0.8685
		b:
			323.8407
			313.3161
			269.7678
			-440.9641
			136.1621
			-142.3365
			433.7503
			-66.404
			-188.0445
			-423.7503
			81.404
			198.0445


===========================================================================================
===========================================================================================
S7:
	q_c:	348.0	412.0	432.0
	ub :	358.8767	425.7584	445.0744
	lb :	333.509	401.4228	420.6762

	==================================================================================
	Q1:
		Shape: Polyhedra
		q_c:	352.5	418.0	427.5
		ub :	358.8767	424.5574	434.3238
		lb :	346.1233	411.4426	420.6762
		A:
			-0.9833	0.0848	0.1608
			0.2695	-0.7168	0.6431
			-0.3304	0.9129	-0.2396
			0.2233	0.0778	0.9716
			-0.1105	-0.9892	0.0963
			-0.209	-0.9566	-0.2033
			0.479	0.4401	0.7595
			-0.7819	0.6071	0.1414
			-0.3989	-0.6616	0.635
			-0.479	-0.4401	-0.7595
			0.7819	-0.6071	-0.1414
			0.3989	0.6616	-0.635
		b:
			-239.0228
			73.8808
			165.8763
			531.7192
			-407.4306
			-555.9609
			683.0048
			41.6026
			-142.2177
			-672.0048
			-35.6026
			149.2177
	==================================================================================
	Q2:
		Shape: Hybrid
		q_c:	353.0	407.5	435.5
		ub :	357.9832	413.5772	441.9245
		lb :	348.0168	401.4228	429.0755
		P^-1:
			0.0496	-0.0022	0.0014
			-0.0022	0.0629	-0.0206
			0.0014	-0.0206	0.0585
		A:
			0.8455	-0.5074	-0.1662
			-0.6446	0.3133	-0.6974
			0.6026	0.7282	-0.3264
			0.8153	-0.0191	0.5788
			-0.6052	0.2749	0.7471
			0.093	-0.8921	-0.4423
		b:
			22.0816
			-401.2952
			369.6347
			534.7274
			226.7045
			-520.2345
	==================================================================================
	Q3:
		Shape: Ellipse
		q_c:	348.0	419.0	440.0
		ub :	353.4114	424.8721	445.0744
		lb :	342.5886	413.1279	434.9256
		P^-1:
			0.1536	-0.0442	-0.0826
			-0.0442	0.084	0.0401
			-0.0826	0.0401	0.1374
	==================================================================================
	Q4:
		Shape: Polyhedra
		q_c:	341.5	418.0	435.5
		ub :	349.491	425.7584	442.8816
		lb :	333.509	410.2416	428.1184
		A:
			-0.611	-0.4444	0.6551
			0.9199	0.389	0.0498
			0.3407	-0.7635	-0.5487
			-0.4442	0.4084	-0.7974
			-0.3864	-0.8003	0.4584
			0.867	0.1621	0.4713
			0.4514	0.6529	0.6083
			0.6966	0.1682	-0.6974
			-0.5576	0.7386	-0.3789
			-0.4514	-0.6529	-0.6083
			-0.6966	-0.1682	0.6974
			0.5576	-0.7386	0.3789
		b:
			-104.9426
			502.4147
			-437.0166
			-322.386
			-262.0375
			573.702
			695.4567
			8.4679
			-40.2162
			-688.4567
			-0.4679
			53.2162
	==================================================================================
	Q5:
		Shape: Polyhedra
		q_c:	340.5	410.5	437.0
		ub :	347.1856	416.1938	442.8284
		lb :	333.8144	404.8062	431.1716
		A:
			0.7287	0.6643	0.1661
			-0.8938	0.4307	-0.1247
			-0.3485	-0.105	0.9314
			0.2299	0.062	-0.9712
			0.0719	-0.4752	-0.8769
			0.3751	0.6417	-0.669
			0.8943	0.2899	0.3409
			0.1408	-0.9054	0.4005
			0.4248	-0.3102	-0.8505
			-0.8943	-0.2899	-0.3409
			-0.1408	0.9054	-0.4005
			-0.4248	0.3102	0.8505
		b:
			598.632
			-177.4369
			248.3551
			-317.5549
			-550.3552
			102.3746
			577.9793
			-145.1963
			-351.3675
			-566.9793
			152.1963
			357.3675
	==================================================================================
	Q6:
		Shape: Hybrid
		q_c:	348.0	417.5	430.5
		ub :	352.8379	420.0341	435.2626
		lb :	343.1621	414.9659	425.7374
		P^-1:
			0.1939	0.2911	0.0757
			0.2911	0.8367	0.1964
			0.0757	0.1964	0.1327
		A:
			-0.6072	-0.7387	-0.2927
			-0.5842	-0.7811	-0.2204
			0.2122	0.8476	-0.4863
			-0.2614	-0.9637	0.0542
			-0.3865	-0.7411	-0.549
			-0.4404	-0.6175	-0.6518
		b:
			-644.7704
			-623.4616
			220.3823
			-469.0267
			-679.2119
			-690.1839


===========================================================================================
===========================================================================================
S8:
	q_c:	164.0	463.0	67.5
	ub :	173.8013	471.2681	83.1819
	lb :	148.3754	448.5359	54.1492

	==================================================================================
	Q1:
		Shape: Ellipse
		q_c:	167.5	459.0	71.0
		ub :	173.8013	464.6222	77.1179
		lb :	161.1987	453.3778	64.8821
		P^-1:
			0.0595	0.0106	-0.0202
			0.0106	0.0605	-0.0212
			-0.0202	-0.0212	0.0899
	==================================================================================
	Q2:
		Shape: Polyhedra
		q_c:	156.0	463.0	70.5
		ub :	163.6246	471.2681	75.9131
		lb :	148.3754	454.7319	65.0869
		A:
			0.0579	-0.7317	0.6791
			0.1012	-0.1527	0.9831
			0.2665	-0.9481	-0.1735
			-0.9072	0.4048	-0.1141
			-0.7503	0.0688	-0.6575
			-0.0931	-0.4752	-0.875
			0.4977	0.8595	0.1167
			-0.08	0.1795	-0.9805
			-0.8636	0.4786	0.1581
			-0.4977	-0.8595	-0.1167
			0.08	-0.1795	0.9805
			0.8636	-0.4786	-0.1581
		b:
			-277.172
			18.3811
			-404.1068
			42.8151
			-126.8626
			-291.423
			489.8004
			5.5102
			103.0314
			-477.8004
			2.4898
			-93.0314
	==================================================================================
	Q3:
		Shape: Hybrid
		q_c:	157.0	456.0	68.5
		ub :	162.5334	459.2494	73.8754
		lb :	151.4666	452.7506	63.1246
		P^-1:
			0.192	0.3013	-0.1177
			0.3013	0.7635	-0.2739
			-0.1177	-0.2739	0.1696
		A:
			-0.3027	-0.8504	0.4302
			-0.381	-0.8889	0.2544
			0.5058	0.5671	-0.6501
			0.0202	-0.89	0.4556
			-0.8799	-0.1721	0.4428
			-0.6626	-0.6687	0.3374
		b:
			-405.2603
			-447.1748
			294.9531
			-370.0903
			-183.6182
			-384.6536
	==================================================================================
	Q4:
		Shape: Hybrid
		q_c:	169.0	456.0	76.5
		ub :	173.195	462.3213	83.1819
		lb :	164.805	449.6787	69.8181
		P^-1:
			0.2234	-0.0046	-0.0679
			-0.0046	0.0525	-0.0102
			-0.0679	-0.0102	0.0766
		A:
			0.8777	-0.3365	-0.3412
			-0.6731	0.7281	0.1297
			0.9953	0.0615	-0.0751
			-0.8251	0.4162	0.3821
			0.7117	-0.4648	-0.5268
			0.3903	0.2552	0.8846
		b:
			-29.8026
			230.6532
			191.899
			81.209
			-129.923
			253.7929
	==================================================================================
	Q5:
		Shape: Polyhedra
		q_c:	158.0	462.0	78.5
		ub :	162.5669	465.7126	81.6786
		lb :	153.4331	458.2874	75.3214
		A:
			0.507	0.5006	-0.7017
			0.2479	0.9392	0.2374
			0.3701	0.7159	0.592
			-0.2394	-0.9582	0.1568
			0.2846	0.8108	-0.5115
			-0.2977	-0.6658	-0.6842
			0.2303	0.6343	0.738
			0.1223	0.7335	-0.6686
			-0.9654	0.2443	0.0914
			-0.2303	-0.6343	-0.738
			-0.1223	-0.7335	0.6686
			0.9654	-0.2443	-0.0914
		b:
			258.8054
			493.736
			437.7429
			-466.1862
			381.4398
			-406.3207
			389.352
			307.7316
			-28.5094
			-385.352
			-303.7316
			36.5094
	==================================================================================
	Q6:
		Shape: Hybrid
		q_c:	169.0	453.5	59.0
		ub :	172.9826	458.4641	63.8508
		lb :	165.0174	448.5359	54.1492
		P^-1:
			0.0822	0.0026	0.0033
			0.0026	0.093	0.0141
			0.0033	0.0141	0.0992
		A:
			-0.3295	0.596	0.7323
			-0.9797	-0.0758	-0.1855
			0.4893	0.644	0.588
			0.8525	0.1584	-0.4981
			-0.545	-0.0421	-0.8374
			-0.2045	0.9255	-0.3188
		b:
			259.4123
			-208.9283
			411.0414
			188.5226
			-158.8684
			368.2914


===========================================================================================
===========================================================================================
