3D_35_25_6_a                l = 3

===========================================================================================
===========================================================================================
S1:
	q_c:	328.0	49.0	347.5
	ub :	338.6554	60.6129	360.7602
	lb :	318.4652	39.184	342.4555

	==================================================================================
	Q1:
		Shape: Ellipse
		q_c:	325.0	49.5	349.0
		ub :	329.3512	54.9897	354.009
		lb :	320.6488	44.0103	343.991
		P^-1:
			0.551	0.2108	0.424
			0.2108	0.1541	0.1611
			0.424	0.1611	0.4259
	==================================================================================
	Q2:
		Shape: Polyhedra
		q_c:	330.0	56.0	346.0
		ub :	333.5577	60.6129	349.0217
		lb :	326.4423	51.3871	342.9783
		A:
			0.1003	0.0324	-0.9944
			0.4398	0.5446	-0.7141
			-0.1555	0.5692	0.8073
			-0.866	-0.2978	0.4016
			-0.369	-0.7081	0.602
			0.7548	0.196	0.626
			0.895	0.2257	0.3847
			0.329	-0.9165	-0.2276
			0.3011	0.3303	-0.8946
			-0.895	-0.2257	-0.3847
			-0.329	0.9165	0.2276
			-0.3011	-0.3303	0.8946
		b:
			-307.4009
			-69.7712
			263.1212
			-161.704
			48.9709
			478.6386
			443.0918
			-17.5218
			-190.1426
			-439.0918
			25.5218
			193.1426
	==================================================================================
	Q3:
		Shape: Ellipse
		q_c:	329.0	52.0	355.0
		ub :	335.3615	57.158	360.7602
		lb :	322.6385	46.842	349.2398
		P^-1:
			0.0664	0.0075	-0.0019
			0.0075	0.0767	-0.0037
			-0.0019	-0.0037	0.0634
	==================================================================================
	Q4:
		Shape: Polyhedra
		q_c:	322.0	45.0	355.5
		ub :	325.5348	48.8167	359.3537
		lb :	318.4652	41.1833	351.6463
		A:
			0.827	-0.422	-0.3714
			-0.4335	-0.5416	-0.7202
			0.6326	0.255	0.7313
			0.2053	-0.8363	-0.5083
			-0.2714	-0.6779	-0.6832
			0.485	0.6782	-0.5522
			0.0539	0.6509	0.7572
			-0.156	0.7545	-0.6375
			-0.9863	-0.0838	0.1423
			-0.0539	-0.6509	-0.7572
			0.156	-0.7545	0.6375
			0.9863	0.0838	-0.1423
		b:
			118.0659
			-417.8084
			477.633
			-150.0553
			-358.7166
			-6.6255
			317.8401
			-239.925
			-267.7798
			-313.8401
			245.925
			273.7798
	==================================================================================
	Q5:
		Shape: Polyhedra
		q_c:	327.0	43.0	352.0
		ub :	331.1597	46.816	356.1867
		lb :	322.8403	39.184	347.8133
		A:
			0.6954	-0.4408	-0.5675
			-0.3668	-0.8371	0.4058
			-0.0344	-0.3926	0.9191
			0.668	-0.5943	-0.4479
			0.5275	0.6303	0.5696
			-0.6824	0.7255	0.0896
			0.5536	0.6095	0.5674
			0.7143	0.0028	-0.6998
			-0.4282	0.7927	-0.4339
			-0.5536	-0.6095	-0.5674
			-0.7143	-0.0028	0.6998
			0.4282	-0.7927	0.4339
		b:
			10.8122
			-10.5993
			297.7001
			37.4479
			403.0859
			-158.0302
			409.9739
			-10.6459
			-256.1394
			-403.9739
			14.6459
			261.1394
	==================================================================================
	Q6:
		Shape: Ellipse
		q_c:	335.0	52.0	346.0
		ub :	338.6554	56.4239	349.5445
		lb :	331.3446	47.5761	342.4555
		P^-1:
			0.1102	-0.0051	0.0009
			-0.0051	0.0834	0.0047
			0.0009	0.0047	0.1103


===========================================================================================
===========================================================================================
S2:
	q_c:	321.0	129.5	328.5
	ub :	335.7628	144.054	345.1719
	lb :	307.0069	116.2916	312.0813

	==================================================================================
	Q1:
		Shape: Hybrid
		q_c:	316.5	128.0	335.5
		ub :	325.9931	136.6808	345.1719
		lb :	307.0069	119.3192	325.8281
		P^-1:
			0.0317	-0.0053	-0.0007
			-0.0053	0.0318	-0.0062
			-0.0007	-0.0062	0.0332
		A:
			0.5882	0.752	0.2974
			-0.7474	0.5889	-0.3077
			0.2553	-0.9506	-0.1768
			0.9104	-0.1677	-0.3782
			0.7285	0.0418	-0.6838
			0.1191	0.181	-0.9762
		b:
			386.1617
			-261.7759
			-96.958
			142.8033
			9.5248
			-263.787
	==================================================================================
	Q2:
		Shape: Polyhedra
		q_c:	325.5	136.5	329.5
		ub :	333.4415	141.7593	337.0365
		lb :	317.5585	131.2407	321.9635
		A:
			-0.2834	0.6113	-0.739
			0.5495	-0.8086	0.2102
			0.0139	0.8016	0.5977
			0.3637	-0.9189	0.1525
			-0.7222	0.5183	-0.458
			-0.0515	-0.8475	0.5283
			0.811	0.0975	0.5769
			-0.5595	-0.1586	0.8135
			0.1708	-0.9825	-0.0741
			-0.811	-0.0975	-0.5769
			0.5595	0.1586	-0.8135
			-0.1708	0.9825	0.0741
		b:
			-247.4226
			142.1365
			315.3427
			47.3736
			-310.2442
			46.0769
			472.8627
			69.255
			-98.9376
			-461.8627
			-59.255
			106.9376
	==================================================================================
	Q3:
		Shape: Ellipse
		q_c:	326.0	137.0	323.5
		ub :	332.1856	144.054	330.6258
		lb :	319.8144	129.946	316.3742
		P^-1:
			0.0728	-0.0294	-0.0196
			-0.0294	0.0712	0.0128
			-0.0196	0.0128	0.0565
	==================================================================================
	Q4:
		Shape: Hybrid
		q_c:	322.5	124.0	327.0
		ub :	325.8075	127.1241	330.405
		lb :	319.1925	120.8759	323.595
		P^-1:
			1.5646	-1.8461	0.4474
			-1.8461	2.395	-0.5253
			0.4474	-0.5253	0.282
		A:
			0.8086	0.0373	0.5872
			0.2135	-0.9288	0.3029
			-0.1618	0.3258	0.9315
			0.3132	-0.8288	0.4636
			-0.6793	0.4906	0.5458
			-0.5171	0.7209	-0.4613
		b:
			459.5444
			54.0553
			295.0622
			150.9938
			22.0719
			-227.5428
	==================================================================================
	Q5:
		Shape: Polyhedra
		q_c:	327.0	128.0	322.0
		ub :	331.9741	133.5987	327.6987
		lb :	322.0259	122.4013	316.3013
		A:
			-0.8042	-0.2252	-0.55
			-0.7346	0.2514	-0.6302
			0.7317	0.226	-0.6431
			-0.0485	0.2285	0.9723
			-0.4766	-0.6295	-0.6136
			0.5424	0.8251	-0.1581
			0.9577	0.184	0.2214
			-0.0419	-0.6717	0.7396
			0.2848	-0.7176	-0.6356
			-0.9577	-0.184	-0.2214
			0.0419	0.6717	-0.7396
			-0.2848	0.7176	0.6356
		b:
			-464.9732
			-407.1419
			64.7838
			330.0074
			-430.255
			235.7617
			411.9952
			141.9844
			-199.869
			-403.9952
			-134.9844
			206.869
	==================================================================================
	Q6:
		Shape: Hybrid
		q_c:	329.5	125.5	321.0
		ub :	335.7628	134.7084	329.9187
		lb :	323.2372	116.2916	312.0813
		P^-1:
			0.0589	-0.0084	0.0052
			-0.0084	0.0291	-0.0061
			0.0052	-0.0061	0.0313
		A:
			-0.8025	-0.5898	0.0896
			-0.8113	-0.0885	0.5779
			-0.9769	0.2042	0.0633
			0.9455	-0.1754	-0.2744
			-0.4626	0.8255	-0.3234
			-0.4846	0.7117	-0.5086
		b:
			-306.3269
			-89.9196
			-273.79
			203.8683
			-149.6159
			-230.8661


===========================================================================================
===========================================================================================
S3:
	q_c:	22.0	115.5	137.0
	ub :	58.0284	149.1642	182.7798
	lb :	-14.3898	80.8575	101.929

	==================================================================================
	Q1:
		Shape: Ellipse
		q_c:	21.5	120.5	136.0
		ub :	37.1073	135.4772	146.8953
		lb :	5.8927	105.5228	125.1047
		P^-1:
			0.0105	0.001	0.0024
			0.001	0.0087	0.0008
			0.0024	0.0008	0.0168
	==================================================================================
	Q2:
		Shape: Polyhedra
		q_c:	6.0	131.5	127.5
		ub :	26.3898	149.1642	147.0787
		lb :	-14.3898	113.8358	107.9213
		A:
			0.3618	-0.9015	0.2375
			-0.3046	0.9516	-0.0411
			-0.1532	0.9694	-0.1917
			0.5354	-0.0151	0.8444
			-0.2641	-0.5337	0.8034
			0.2956	0.6426	-0.7069
			0.5402	0.528	0.6553
			-0.0144	-0.7727	0.6346
			0.8414	-0.3522	-0.4098
			-0.5402	-0.528	-0.6553
			0.0144	0.7727	-0.6346
			-0.8414	0.3522	0.4098
		b:
			-76.771
			128.6399
			111.0751
			121.9199
			38.4812
			3.446
			171.2248
			-14.7925
			-79.02
			-141.2248
			26.7925
			108.02
	==================================================================================
	Q3:
		Shape: Polyhedra
		q_c:	38.5	97.5	163.0
		ub :	58.0284	114.1425	182.7798
		lb :	18.9716	80.8575	143.2202
		A:
			-0.8071	0.5846	-0.0831
			-0.0421	-0.2986	0.9534
			0.0204	-0.9117	-0.4104
			0.1412	-0.343	-0.9287
			0.7452	-0.3322	-0.5782
			-0.2015	0.1936	0.9602
			0.6987	0.456	0.5513
			-0.6848	0.2029	0.6999
			0.2073	-0.8666	0.454
			-0.6987	-0.456	-0.5513
			0.6848	-0.2029	-0.6999
			-0.2073	0.8666	-0.454
		b:
			22.9255
			135.3469
			-143.1054
			-167.1448
			-86.9947
			179.426
			175.7239
			118.5084
			6.4918
			-146.7239
			-96.5084
			11.5082
	==================================================================================
	Q4:
		Shape: Polyhedra
		q_c:	39.0	99.5	113.5
		ub :	50.4019	111.8579	125.071
		lb :	27.5981	87.1421	101.929
		A:
			-0.9263	0.1634	0.3394
			0.8333	0.2072	-0.5124
			0.472	0.8686	0.151
			0.1832	-0.9808	-0.0676
			-0.3501	0.4509	0.8211
			0.9222	-0.0673	0.3808
			0.5051	0.5043	0.7004
			-0.7761	0.6205	0.113
			-0.3776	-0.6006	0.7048
			-0.5051	-0.5043	-0.7004
			0.7761	-0.6205	-0.113
			0.3776	0.6006	-0.7048
		b:
			25.3714
			2.6738
			129.5001
			-91.2773
			131.3353
			78.9975
			156.3704
			50.2908
			14.0055
			-142.3704
			-38.2908
			2.9945
	==================================================================================
	Q5:
		Shape: Ellipse
		q_c:	12.0	126.0	140.5
		ub :	18.8828	136.8808	151.5884
		lb :	5.1172	115.1192	129.4116
		P^-1:
			0.1361	-0.0515	0.0083
			-0.0515	0.0492	0.0132
			0.0083	0.0132	0.0238
	==================================================================================
	Q6:
		Shape: Polyhedra
		q_c:	27.5	129.0	119.5
		ub :	35.3607	138.9529	129.7588
		lb :	19.6393	119.0471	109.2412
		A:
			-0.3343	-0.3263	0.8842
			0.0752	0.3765	-0.9234
			-0.9975	0.064	0.0291
			-0.2162	-0.6937	-0.6871
			0.3659	-0.0191	-0.9305
			-0.5028	0.6394	0.5817
			0.5156	0.3656	0.7749
			-0.8457	0.0716	0.5289
			0.1379	-0.928	0.3461
			-0.5156	-0.3656	-0.7749
			0.8457	-0.0716	-0.5289
			-0.1379	0.928	-0.3461
		b:
			60.1166
			-53.0664
			-10.8588
			-170.1916
			-98.3056
			143.6071
			161.4453
			52.6844
			-67.0603
			-146.4453
			-45.6844
			82.0603


===========================================================================================
===========================================================================================
S4:
	q_c:	382.5	219.5	313.5
	ub :	392.8691	229.4527	323.7372
	lb :	374.2376	212.4646	304.9565

	==================================================================================
	Q1:
		Shape: Ellipse
		q_c:	384.0	216.5	314.0
		ub :	388.0277	220.5354	317.0054
		lb :	379.9723	212.4646	310.9946
		P^-1:
			0.1948	0.0074	-0.113
			0.0074	0.1318	0.0401
			-0.113	0.0401	0.3889
	==================================================================================
	Q2:
		Shape: Hybrid
		q_c:	384.5	225.5	319.5
		ub :	387.5453	229.4527	323.7372
		lb :	381.4547	221.5473	315.2628
		P^-1:
			0.7341	-0.3311	0.2366
			-0.3311	0.2871	-0.1258
			0.2366	-0.1258	0.201
		A:
			-0.8844	0.0607	-0.4628
			-0.7527	-0.6434	-0.1394
			0.9805	-0.1924	-0.0393
			0.1206	0.7153	0.6884
			-0.4185	-0.1781	-0.8906
			0.8274	-0.5534	-0.0953
		b:
			-473.1948
			-476.755
			322.206
			430.1067
			-483.5408
			163.945
	==================================================================================
	Q3:
		Shape: Ellipse
		q_c:	389.0	221.0	308.5
		ub :	392.8691	223.6948	312.0435
		lb :	385.1309	218.3052	304.9565
		P^-1:
			0.2641	0.0028	-0.1774
			0.0028	0.2506	-0.0379
			-0.1774	-0.0379	0.2615
	==================================================================================
	Q4:
		Shape: Polyhedra
		q_c:	386.0	218.5	314.0
		ub :	388.8275	221.8716	317.284
		lb :	383.1725	215.1284	310.716
		A:
			0.2575	-0.4143	-0.873
			0.9038	-0.4196	-0.0844
			-0.976	-0.1813	-0.1205
			0.1729	-0.1053	-0.9793
			0.6842	0.1457	0.7146
			-0.1128	-0.4619	-0.8797
			0.6798	0.2349	0.6947
			-0.7181	0.4052	0.5658
			-0.1486	-0.8835	0.4441
			-0.6798	-0.2349	-0.6947
			0.7181	-0.4052	-0.5658
			0.1486	0.8835	-0.4441
		b:
			-263.3613
			232.5938
			-452.4456
			-261.857
			521.8247
			-419.0
			533.3877
			-9.0202
			-108.4429
			-530.3877
			13.0202
			113.4429
	==================================================================================
	Q5:
		Shape: Polyhedra
		q_c:	382.5	216.0	309.5
		ub :	386.9178	218.7448	312.3555
		lb :	378.0822	213.2552	306.6445
		A:
			-0.0364	0.6654	0.7456
			0.6251	0.7131	-0.3174
			0.0034	0.9792	0.203
			0.6836	0.7217	-0.1088
			0.5011	0.6719	-0.5454
			-0.3595	0.5545	0.7505
			0.9799	0.1642	0.1135
			0.1111	-0.921	0.3734
			0.1659	-0.3533	-0.9207
			-0.9799	-0.1642	-0.1135
			-0.1111	0.921	-0.3734
			-0.1659	0.3533	0.9207
		b:
			362.5836
			297.8992
			277.413
			386.955
			170.5482
			216.5938
			449.3993
			-39.38
			-295.8268
			-441.3993
			42.38
			299.8268
	==================================================================================
	Q6:
		Shape: Polyhedra
		q_c:	378.0	224.0	315.5
		ub :	381.7624	228.6518	319.3833
		lb :	374.2376	219.3482	311.6167
		A:
			-0.3681	0.9293	0.0312
			-0.7877	-0.0393	0.6148
			0.9253	-0.2172	0.3109
			0.999	-0.0306	-0.034
			0.7728	0.4949	-0.3973
			0.1416	-0.8781	0.457
			0.4403	0.8542	0.2764
			-0.1858	0.3878	-0.9028
			-0.8784	0.3462	0.3295
			-0.4403	-0.8542	-0.2764
			0.1858	-0.3878	0.9028
			0.8784	-0.3462	-0.3295
		b:
			81.6293
			-110.438
			401.5174
			362.3551
			280.4376
			3.7997
			448.4854
			-265.6912
			-148.538
			-441.4854
			270.6912
			152.538


===========================================================================================
===========================================================================================
S5:
	q_c:	114.0	298.5	99.5
	ub :	129.4807	317.8951	116.5824
	lb :	101.7557	285.6007	89.8659

	==================================================================================
	Q1:
		Shape: Polyhedra
		q_c:	123.0	302.0	98.0
		ub :	129.4807	310.2925	106.1341
		lb :	116.5193	293.7075	89.8659
		A:
			-0.0286	0.4784	-0.8777
			0.9972	-0.0043	0.0748
			-0.352	0.1132	-0.9291
			-0.8878	-0.3719	0.2712
			0.7322	0.6111	-0.3008
			0.75	-0.2708	-0.6034
			0.3054	0.7694	0.561
			-0.8291	-0.0748	0.554
			0.4682	-0.6344	0.6151
			-0.3054	-0.7694	-0.561
			0.8291	0.0748	-0.554
			-0.4682	0.6344	-0.6151
		b:
			59.8922
			132.6911
			-94.6263
			-191.5959
			249.0971
			-45.5318
			330.9053
			-67.7929
			-68.2051
			-318.9053
			72.7929
			79.2051
	==================================================================================
	Q2:
		Shape: Polyhedra
		q_c:	107.5	294.0	104.5
		ub :	113.2443	298.9555	111.4056
		lb :	101.7557	289.0445	97.5944
		A:
			0.1641	0.8119	0.5602
			-0.2379	-0.8256	-0.5116
			0.5106	0.8574	0.0651
			0.7325	0.6286	0.2616
			-0.6346	-0.7688	0.0784
			-0.0144	-0.9773	-0.2116
			0.4605	0.8384	0.2915
			-0.3154	0.4615	-0.8292
			-0.8297	0.2899	0.4769
			-0.4605	-0.8384	-0.2915
			0.3154	-0.4615	0.8292
			0.8297	-0.2899	-0.4769
		b:
			317.0464
			-319.8355
			315.6116
			292.9171
			-283.7808
			-308.4811
			327.9637
			20.6186
			49.8843
			-324.9637
			-9.6186
			-41.8843
	==================================================================================
	Q3:
		Shape: Hybrid
		q_c:	109.0	309.0	108.0
		ub :	115.5094	314.6572	114.8199
		lb :	102.4906	303.3428	101.1801
		P^-1:
			0.0634	0.0179	0.0187
			0.0179	0.0722	0.0238
			0.0187	0.0238	0.0742
		A:
			0.0292	0.7582	0.6514
			0.4808	0.8596	-0.1731
			0.3444	-0.9322	-0.1114
			-0.6655	-0.7437	0.0634
			0.5049	0.4488	0.7373
			-0.0073	0.9696	0.2445
		b:
			309.6793
			301.7695
			-259.8232
			-293.2076
			274.9223
			327.4726
	==================================================================================
	Q4:
		Shape: Hybrid
		q_c:	107.5	306.0	107.5
		ub :	113.2402	311.8129	113.0752
		lb :	101.7598	300.1871	101.9248
		P^-1:
			0.0409	0.0055	0.0019
			0.0055	0.0748	0.0124
			0.0019	0.0124	0.0553
		A:
			-0.2934	0.9392	-0.1785
			0.5901	0.2081	0.7801
			0.498	-0.0305	-0.8666
			-0.6887	-0.2289	-0.688
			0.6468	-0.3077	0.6978
			-0.6609	-0.0216	-0.7502
		b:
			239.0337
			213.5517
			-46.1901
			-215.3912
			53.3763
			-155.492
	==================================================================================
	Q5:
		Shape: Polyhedra
		q_c:	122.0	292.0	109.5
		ub :	128.9821	298.3993	116.5824
		lb :	115.0179	285.6007	102.4176
		A:
			0.0431	-0.1126	-0.9927
			0.355	-0.5199	-0.777
			-0.3301	0.5857	-0.7403
			-0.9249	-0.1533	0.348
			0.5169	0.5321	-0.6706
			0.0015	-0.2075	0.9782
			0.3605	0.6198	0.697
			0.7892	0.1956	-0.5821
			-0.4971	0.76	-0.4187
			-0.3605	-0.6198	-0.697
			-0.7892	-0.1956	0.5821
			0.4971	-0.76	0.4187
		b:
			-132.1415
			-189.362
			53.7195
			-115.0309
			149.4035
			50.9118
			305.2974
			94.1488
			119.4176
			-297.2974
			-85.1488
			-111.4176
	==================================================================================
	Q6:
		Shape: Ellipse
		q_c:	115.5	309.5	104.5
		ub :	123.8214	317.8951	110.6247
		lb :	107.1786	301.1049	98.3753
		P^-1:
			0.0365	-0.0067	-0.0002
			-0.0067	0.0272	-0.0005
			-0.0002	-0.0005	0.04


===========================================================================================
===========================================================================================
S6:
	q_c:	510.0	226.5	232.0
	ub :	528.9118	242.6256	251.1948
	lb :	501.9516	210.615	225.3533

	==================================================================================
	Q1:
		Shape: Polyhedra
		q_c:	511.0	235.5	234.5
		ub :	517.1522	239.984	240.6582
		lb :	504.8478	231.016	228.3418
		A:
			-0.2774	0.8057	-0.5234
			-0.1876	-0.6582	0.7291
			-0.1858	-0.9714	-0.1477
			0.3353	-0.8384	-0.4298
			-0.7403	0.0064	-0.6722
			0.3616	-0.1949	0.9117
			0.5299	0.7462	0.4029
			-0.5402	0.6632	-0.5179
			-0.6537	0.0568	0.7546
			-0.5299	-0.7462	-0.4029
			0.5402	-0.6632	0.5179
			0.6537	-0.0568	-0.7546
		b:
			-71.6928
			-76.2132
			-355.3746
			-123.2825
			-531.4399
			356.0255
			543.995
			-238.3238
			-139.2314
			-537.995
			244.3238
			148.2314
	==================================================================================
	Q2:
		Shape: Polyhedra
		q_c:	519.0	232.5	232.0
		ub :	525.1938	237.8963	238.6467
		lb :	512.8062	227.1037	225.3533
		A:
			-0.3661	0.9037	0.2222
			-0.4638	0.8802	-0.1009
			0.5095	-0.6605	0.5515
			0.7565	-0.1712	0.6312
			0.6925	-0.6496	0.3138
			-0.5538	0.3822	-0.7398
			0.2441	0.7352	0.6324
			0.6797	0.3354	-0.6523
			-0.6917	0.589	-0.4178
			-0.2441	-0.7352	-0.6324
			-0.6797	-0.3354	0.6523
			0.6917	-0.589	0.4178
		b:
			74.2307
			-57.209
			241.216
			501.4916
			283.2247
			-367.6515
			447.3275
			285.4063
			-316.9772
			-441.3275
			-273.4063
			320.9772
	==================================================================================
	Q3:
		Shape: Hybrid
		q_c:	522.5	235.0	240.0
		ub :	527.5683	240.8733	245.8684
		lb :	517.4317	229.1267	234.1316
		P^-1:
			0.0518	-0.0091	-0.0078
			-0.0091	0.0834	0.0293
			-0.0078	0.0293	0.0747
		A:
			-0.7901	0.527	0.3131
			-0.5693	0.1722	0.8039
			-0.3257	0.9413	-0.0891
			-0.2581	0.1828	-0.9487
			-0.2731	-0.7794	-0.5639
			-0.0714	-0.337	-0.9388
		b:
			-211.6157
			-61.8171
			31.9959
			-316.8186
			-459.2921
			-339.767
	==================================================================================
	Q4:
		Shape: Ellipse
		q_c:	512.0	236.5	241.5
		ub :	515.5036	242.6256	246.2981
		lb :	508.4964	230.3744	236.7019
		P^-1:
			0.1568	-0.0183	-0.0029
			-0.0183	0.0543	-0.0257
			-0.0029	-0.0257	0.1001
	==================================================================================
	Q5:
		Shape: Polyhedra
		q_c:	509.0	218.0	245.0
		ub :	516.0484	225.385	251.1948
		lb :	501.9516	210.615	238.8052
		A:
			-0.1847	-0.891	0.4147
			-0.3263	-0.7333	0.5965
			-0.4187	0.0019	-0.9081
			-0.5711	-0.6569	0.4922
			-0.6614	-0.2357	0.712
			-0.5221	-0.6132	0.5928
			0.926	0.1447	0.3486
			-0.3013	-0.2728	0.9137
			0.2273	-0.9511	-0.209
			-0.926	-0.1447	-0.3486
			0.3013	0.2728	-0.9137
			-0.2273	0.9511	0.209
		b:
			-181.6665
			-175.4971
			-430.8562
			-309.0312
			-209.8274
			-250.0892
			593.2994
			14.5278
			-136.8714
			-583.2994
			-7.5278
			148.8714
	==================================================================================
	Q6:
		Shape: Polyhedra
		q_c:	524.0	232.0	239.5
		ub :	528.9118	235.4172	244.2289
		lb :	519.0882	228.5828	234.7711
		A:
			0.5635	-0.6469	-0.5138
			0.334	-0.6561	-0.6767
			-0.8768	0.2828	0.3888
			0.294	0.2141	-0.9315
			-0.0242	0.9969	0.0747
			0.7693	-0.5781	0.272
			0.6134	0.1282	0.7793
			-0.7565	-0.1879	0.6264
			0.2268	-0.9738	-0.0183
			-0.6134	-0.1282	-0.7793
			0.7565	0.1879	-0.6264
			-0.2268	0.9738	0.0183
		b:
			24.6645
			-136.4498
			-298.155
			-16.3959
			239.0771
			337.2664
			541.8
			-287.5133
			-108.9618
			-533.8
			292.5133
			113.9618


===========================================================================================
===========================================================================================
S7:
	q_c:	308.0	78.0	234.5
	ub :	325.556	90.7653	252.8062
	lb :	293.8694	63.1657	224.4162

	==================================================================================
	Q1:
		Shape: Hybrid
		q_c:	316.5	80.0	239.0
		ub :	325.556	87.2944	247.8433
		lb :	307.444	72.7056	230.1567
		P^-1:
			0.0317	0.0194	0.0119
			0.0194	0.0666	0.0132
			0.0119	0.0132	0.0368
		A:
			0.2878	-0.926	-0.2445
			-0.0809	-0.5991	-0.7966
			0.0412	0.8581	0.5118
			-0.6748	-0.7279	-0.1212
			0.6886	0.2193	0.6912
			0.0065	0.9995	-0.0315
		b:
			-38.025
			-261.0371
			206.4914
			-298.4247
			403.647
			77.0471
	==================================================================================
	Q2:
		Shape: Hybrid
		q_c:	301.5	73.5	232.0
		ub :	307.7876	78.2934	239.5838
		lb :	295.2124	68.7066	224.4162
		P^-1:
			0.0361	-0.0117	0.0003
			-0.0117	0.0786	-0.0004
			0.0003	-0.0004	0.0178
		A:
			0.7466	0.6317	0.2088
			-0.0589	-0.6286	-0.7755
			0.3155	0.8872	-0.3367
			0.6611	-0.4063	0.6308
			-0.2645	0.942	0.2066
			-0.641	0.7584	0.1178
		b:
			323.5116
			-239.3295
			85.1819
			319.9222
			39.4435
			-107.885
	==================================================================================
	Q3:
		Shape: Ellipse
		q_c:	301.5	83.5	242.5
		ub :	305.8318	88.103	246.6466
		lb :	297.1682	78.897	238.3534
		P^-1:
			0.1471	-0.0138	0.0165
			-0.0138	0.1452	0.0177
			0.0165	0.0177	0.1389
	==================================================================================
	Q4:
		Shape: Hybrid
		q_c:	303.5	84.5	243.5
		ub :	307.7972	90.7653	250.0468
		lb :	299.2028	78.2347	236.9532
		P^-1:
			0.1306	-0.0603	-0.0474
			-0.0603	0.1301	0.0828
			-0.0474	0.0828	0.104
		A:
			0.643	-0.7604	-0.0918
			0.4025	-0.8136	-0.4196
			-0.617	-0.7868	-0.0117
			-0.7497	0.5733	0.3306
			-0.0877	-0.1528	-0.9844
			-0.5257	0.7389	0.4214
		b:
			110.5025
			-47.4673
			-253.4488
			-97.3539
			-276.1535
			6.6432
	==================================================================================
	Q5:
		Shape: Hybrid
		q_c:	307.5	71.0	245.0
		ub :	311.7456	78.8343	252.8062
		lb :	303.2544	63.1657	237.1938
		P^-1:
			0.081	-0.0055	-0.0009
			-0.0055	0.0328	0.0021
			-0.0009	0.0021	0.0287
		A:
			0.3434	-0.3995	0.85
			-0.9578	-0.174	-0.2286
			0.7971	0.3434	-0.4967
			-0.899	-0.2129	-0.3827
			0.9046	0.3898	0.1722
			-0.8944	0.1733	0.4124
		b:
			289.4417
			-360.7997
			150.7229
			-382.9157
			350.4524
			-159.4632
	==================================================================================
	Q6:
		Shape: Polyhedra
		q_c:	298.0	80.5	234.5
		ub :	302.1306	84.3656	238.2942
		lb :	293.8694	76.6344	230.7058
		A:
			-0.3828	0.106	0.9177
			0.4294	-0.8756	0.2211
			0.1518	0.1143	-0.9818
			0.4882	-0.7319	-0.4754
			-0.5345	0.8285	0.1668
			0.5189	0.3098	0.7967
			0.0215	0.8683	0.4956
			-0.0273	0.496	-0.8679
			-0.9994	0.0052	0.0344
			-0.0215	-0.8683	-0.4956
			0.0273	-0.496	0.8679
			0.9994	-0.0052	-0.0344
		b:
			112.6145
			112.3438
			-173.1426
			-21.6207
			-50.1667
			369.5468
			195.5364
			-169.2293
			-285.3324
			-189.5364
			174.2293
			293.3324


===========================================================================================
===========================================================================================
S8:
	q_c:	309.0	440.0	482.5
	ub :	313.9768	446.6999	488.6349
	lb :	304.1931	434.4503	478.1971

	==================================================================================
	Q1:
		Shape: Polyhedra
		q_c:	306.5	439.5	485.0
		ub :	308.8069	441.7733	487.4756
		lb :	304.1931	437.2267	482.5244
		A:
			0.8531	0.3154	-0.4157
			-0.7976	0.0255	-0.6026
			0.2871	-0.2458	0.9258
			-0.5995	0.7915	-0.1192
			0.9815	0.1693	0.0888
			0.4619	0.5661	-0.6827
			0.3506	0.8382	0.4177
			-0.8871	0.1542	0.4351
			0.3002	-0.5231	0.7976
			-0.3506	-0.8382	-0.4177
			0.8871	-0.1542	-0.4351
			-0.3002	0.5231	-0.7976
		b:
			199.9875
			-524.0425
			430.4791
			107.7847
			419.8541
			60.7865
			679.9496
			8.4088
			250.4697
			-676.9496
			-5.4088
			-247.4697
	==================================================================================
	Q2:
		Shape: Hybrid
		q_c:	311.0	438.0	480.5
		ub :	313.9768	440.8143	482.8029
		lb :	308.0232	435.1857	478.1971
		P^-1:
			0.25	-0.0	0.0
			-0.0	0.25	-0.0
			0.0	-0.0	0.25
		A:
			-0.1805	-0.9642	0.194
			0.8761	0.4822	-0.0016
			0.7156	-0.6438	-0.2712
			0.0541	-0.6967	-0.7154
			-0.3872	0.2132	-0.897
			-0.7123	-0.6973	-0.0804
		b:
			-384.2534
			483.8777
			-188.7221
			-631.0443
			-457.0377
			-564.5622
	==================================================================================
	Q3:
		Shape: Hybrid
		q_c:	308.5	438.5	482.5
		ub :	311.9012	441.8589	484.5729
		lb :	305.0988	435.1411	480.4271
		P^-1:
			0.2121	-0.0372	-0.0486
			-0.0372	0.2135	-0.0429
			-0.0486	-0.0429	0.4288
		A:
			0.3744	0.5572	0.7412
			0.5103	-0.4078	-0.7572
			-0.3801	0.7702	0.5121
			0.0451	-0.4108	0.9106
			-0.0939	0.864	-0.4946
			0.6464	-0.4622	0.6071
		b:
			718.9257
			-385.7306
			468.8028
			273.9695
			112.4302
			290.836
	==================================================================================
	Q4:
		Shape: Ellipse
		q_c:	307.0	437.0	484.0
		ub :	309.5271	439.5497	485.9908
		lb :	304.4729	434.4503	482.0092
		P^-1:
			0.606	0.2317	0.2142
			0.2317	0.4055	0.1773
			0.2142	0.1773	0.683
	==================================================================================
	Q5:
		Shape: Ellipse
		q_c:	310.0	441.5	484.5
		ub :	313.1264	444.3709	488.0675
		lb :	306.8736	438.6291	480.9325
		P^-1:
			0.2381	-0.0115	0.0283
			-0.0115	0.239	0.0272
			0.0283	0.0272	0.1829
	==================================================================================
	Q6:
		Shape: Polyhedra
		q_c:	309.0	443.5	485.5
		ub :	311.4796	446.6999	488.6349
		lb :	306.5204	440.3001	482.3651
		A:
			0.659	0.7486	-0.0738
			-0.3805	-0.7798	0.4972
			0.0543	-0.3342	0.9409
			-0.3394	0.8656	0.3682
			-0.7937	0.4826	0.3702
			0.6082	0.7681	-0.2002
			0.0408	0.6387	0.7683
			-0.7993	0.4823	-0.3585
			-0.5996	-0.5995	0.5302
			-0.0408	-0.6387	-0.7683
			0.7993	-0.4823	0.3585
			0.5996	0.5995	-0.5302
		b:
			501.7782
			-220.0493
			327.2436
			459.6248
			150.2503
			433.3767
			670.9054
			-205.6548
			-191.7418
			-666.9054
			208.6548
			195.7418


===========================================================================================
===========================================================================================
S9:
	q_c:	194.0	119.5	305.5
	ub :	214.5284	132.3841	323.279
	lb :	176.349	99.5582	280.2268

	==================================================================================
	Q1:
		Shape: Hybrid
		q_c:	200.0	118.0	305.5
		ub :	206.4132	126.1539	315.346
		lb :	193.5868	109.8461	295.654
		P^-1:
			0.1043	-0.0677	-0.0097
			-0.0677	0.0749	0.0089
			-0.0097	0.0089	0.0136
		A:
			-0.7583	0.5264	0.3844
			-0.9423	0.313	0.1192
			-0.9422	0.309	0.1293
			0.2769	-0.8317	-0.4812
			-0.5058	0.8623	-0.0259
			-0.077	-0.9801	-0.1831
		b:
			30.2942
			-112.9366
			-110.3022
			-185.7799
			-4.994
			-182.3003
	==================================================================================
	Q2:
		Shape: Polyhedra
		q_c:	202.5	106.0	316.5
		ub :	210.1956	112.4418	323.279
		lb :	194.8044	99.5582	309.721
		A:
			-0.1214	-0.4086	-0.9046
			0.6341	-0.7621	-0.131
			-0.1282	0.0189	0.9916
			-0.669	-0.4943	0.5551
			-0.9763	-0.1984	-0.0867
			0.3466	-0.9316	0.1093
			0.4783	0.8566	0.1937
			0.5582	-0.1262	-0.8201
			-0.678	0.5003	-0.5385
			-0.4783	-0.8566	-0.1937
			-0.5582	0.1262	0.8201
			0.678	-0.5003	0.5385
		b:
			-350.2727
			11.1785
			293.9644
			-8.6617
			-241.5646
			11.1297
			252.4502
			-156.4073
			-248.6919
			-245.4502
			163.4073
			260.6919
	==================================================================================
	Q3:
		Shape: Polyhedra
		q_c:	198.0	110.0	291.5
		ub :	203.9712	117.3192	298.5519
		lb :	192.0288	102.6808	284.4481
		A:
			-0.2184	-0.2149	-0.9519
			0.9129	-0.0937	0.3972
			-0.7532	0.5899	-0.291
			0.6337	-0.101	0.7669
			-0.8618	0.1859	-0.472
			-0.8496	0.4934	0.1863
			0.077	0.5765	0.8134
			0.6346	0.6009	-0.486
			-0.769	0.5537	-0.3196
			-0.077	-0.5765	-0.8134
			-0.6346	-0.6009	0.486
			0.769	-0.5537	0.3196
		b:
			-340.4226
			289.3315
			-167.0598
			340.8605
			-285.1097
			-56.5081
			319.7874
			56.5873
			-182.5152
			-311.7874
			-43.5873
			186.5152
	==================================================================================
	Q4:
		Shape: Hybrid
		q_c:	185.5	123.0	288.5
		ub :	194.651	130.3299	296.7732
		lb :	176.349	115.6701	280.2268
		P^-1:
			0.0165	0.0014	-0.0035
			0.0014	0.0329	0.0003
			-0.0035	0.0003	0.0323
		A:
			-0.1172	-0.8771	0.4659
			0.7648	0.5506	-0.3347
			0.2499	0.2985	0.9211
			0.382	0.9157	0.125
			0.4351	-0.2126	-0.8749
			-0.2453	0.9065	0.3437
		b:
			7.5402
			116.8942
			352.0542
			222.6121
			-194.9096
			168.0838
	==================================================================================
	Q5:
		Shape: Polyhedra
		q_c:	200.5	125.0	309.0
		ub :	206.1927	132.3841	317.7732
		lb :	194.8073	117.6159	300.2268
		A:
			-0.8767	-0.0447	0.4789
			-0.3455	-0.8389	0.4207
			0.5658	0.8116	0.1456
			-0.771	-0.6301	-0.0926
			-0.639	-0.7629	-0.0986
			0.9486	0.3041	0.088
			0.1923	0.7971	0.5725
			-0.2234	0.6036	-0.7654
			-0.9556	0.0193	0.2941
			-0.1923	-0.7971	-0.5725
			0.2234	-0.6036	0.7654
			0.9556	-0.0193	-0.2941
		b:
			-29.6389
			-38.0438
			263.7502
			-258.351
			-250.0817
			258.9589
			318.5751
			-198.3351
			-94.8149
			-311.5751
			213.3351
			101.8149
	==================================================================================
	Q6:
		Shape: Polyhedra
		q_c:	205.0	122.0	300.0
		ub :	214.5284	131.2357	307.2929
		lb :	195.4716	112.7643	292.7071
		A:
			0.284	0.1425	-0.9482
			0.7836	-0.5566	-0.2761
			0.5583	-0.5663	0.6063
			0.8681	-0.3698	0.3313
			-0.1959	-0.2022	0.9596
			-0.0025	0.9002	-0.4354
			0.7904	0.5084	0.3416
			-0.0056	-0.5517	0.834
			0.6125	-0.6611	-0.4333
			-0.7904	-0.5084	-0.3416
			0.0056	0.5517	-0.834
			-0.6125	0.6611	0.4333
		b:
			-204.9829
			16.397
			231.6344
			238.2757
			226.5578
			-17.286
			333.56
			184.2445
			-78.5675
			-319.56
			-179.2445
			91.5675


===========================================================================================
===========================================================================================
S10:
	q_c:	184.5	452.0	212.5
	ub :	209.8891	480.7081	239.9638
	lb :	165.4747	428.6737	192.6354

	==================================================================================
	Q1:
		Shape: Ellipse
		q_c:	196.5	456.0	203.0
		ub :	203.3185	467.6747	213.3646
		lb :	189.6815	444.3253	192.6354
		P^-1:
			0.0237	-0.0001	-0.0002
			-0.0001	0.0103	-0.0013
			-0.0002	-0.0013	0.0153
	==================================================================================
	Q2:
		Shape: Polyhedra
		q_c:	183.0	440.5	221.5
		ub :	194.3852	452.3263	232.7449
		lb :	171.6148	428.6737	210.2551
		A:
			0.5091	-0.0482	0.8594
			-0.4241	0.6556	-0.6248
			-0.4726	0.4859	0.7352
			0.4874	-0.8255	-0.2845
			0.3076	-0.8571	-0.4132
			0.3644	-0.8693	0.3339
			0.2108	0.621	0.7549
			0.9744	-0.1953	-0.1115
			0.0782	0.7591	-0.6463
			-0.2108	-0.621	-0.7549
			-0.9744	0.1953	0.1115
			-0.0782	-0.7591	0.6463
		b:
			270.001
			80.4591
			298.7624
			-329.0717
			-404.786
			-234.6123
			486.852
			77.1029
			212.531
			-471.852
			-58.1029
			-198.531
	==================================================================================
	Q3:
		Shape: Hybrid
		q_c:	183.5	440.0	224.0
		ub :	191.3551	446.3377	227.7613
		lb :	175.6449	433.6623	220.2387
		P^-1:
			0.0492	-0.0406	-0.0187
			-0.0406	0.0856	-0.0049
			-0.0187	-0.0049	0.1568
		A:
			0.958	0.0785	-0.2757
			0.2228	-0.9635	0.1487
			-0.346	0.2348	0.9084
			0.0521	-0.9402	-0.3366
			0.8166	-0.2157	0.5353
			0.1582	-0.9866	-0.039
		b:
			153.1828
			-347.4354
			244.6071
			-476.4521
			178.5879
			-411.1476
	==================================================================================
	Q4:
		Shape: Ellipse
		q_c:	173.5	456.5	215.0
		ub :	181.5253	466.2397	224.9706
		lb :	165.4747	446.7603	205.0294
		P^-1:
			0.0624	0.0096	-0.0238
			0.0096	0.0329	-0.0155
			-0.0238	-0.0155	0.0351
	==================================================================================
	Q5:
		Shape: Ellipse
		q_c:	197.5	469.0	229.0
		ub :	209.8891	480.7081	239.9638
		lb :	185.1109	457.2919	218.0362
		P^-1:
			0.0196	-0.0007	0.001
			-0.0007	0.0197	0.0009
			0.001	0.0009	0.0192
	==================================================================================
	Q6:
		Shape: Ellipse
		q_c:	174.5	451.5	219.0
		ub :	177.9788	458.6	225.1619
		lb :	171.0212	444.4	212.8381
		P^-1:
			0.4084	-0.0736	-0.0896
			-0.0736	0.0552	-0.006
			-0.0896	-0.006	0.0903


===========================================================================================
===========================================================================================
S11:
	q_c:	353.5	175.0	502.5
	ub :	365.2343	182.5911	506.341
	lb :	343.353	164.311	490.7558

	==================================================================================
	Q1:
		Shape: Ellipse
		q_c:	351.0	172.0	497.0
		ub :	355.26	176.8581	502.1325
		lb :	346.74	167.1419	491.8675
		P^-1:
			0.1487	-0.0388	-0.0139
			-0.0388	0.1528	-0.0915
			-0.0139	-0.0915	0.1579
	==================================================================================
	Q2:
		Shape: Polyhedra
		q_c:	356.0	177.5	496.5
		ub :	361.3832	182.5911	502.2442
		lb :	350.6168	172.4089	490.7558
		A:
			-0.8359	0.3927	0.3836
			0.6055	-0.1222	-0.7864
			0.9986	0.0521	0.013
			-0.2717	-0.8342	0.4799
			-0.2802	-0.6363	0.7188
			0.5098	0.8581	-0.0614
			0.5141	0.5297	0.6747
			-0.7669	-0.0685	0.6381
			0.3842	-0.8454	0.371
			-0.5141	-0.5297	-0.6747
			0.7669	0.0685	-0.6381
			-0.3842	0.8454	-0.371
		b:
			-34.7859
			-193.8697
			374.4696
			-3.5396
			146.9174
			306.9962
			616.498
			34.1649
			173.9101
			-607.498
			-29.1649
			-167.9101
	==================================================================================
	Q3:
		Shape: Ellipse
		q_c:	352.5	168.5	499.5
		ub :	356.3428	172.689	503.8304
		lb :	348.6572	164.311	495.1696
		P^-1:
			0.1834	-0.0505	-0.0466
			-0.0505	0.1788	0.0085
			-0.0466	0.0085	0.1589
	==================================================================================
	Q4:
		Shape: Polyhedra
		q_c:	346.0	173.5	503.5
		ub :	348.647	176.2849	506.003
		lb :	343.353	170.7151	500.997
		A:
			-0.3478	0.8177	0.4587
			-0.7071	-0.4237	0.5661
			0.7719	-0.4865	-0.4093
			-0.1199	0.5875	0.8003
			-0.5199	0.5069	0.6876
			-0.6666	0.6682	0.3304
			0.7935	0.5179	0.3197
			-0.0372	0.5656	-0.8239
			-0.6075	0.6418	0.468
			-0.7935	-0.5179	-0.3197
			0.0372	-0.5656	0.8239
			0.6075	-0.6418	-0.468
		b:
			253.6802
			-31.2564
			-22.299
			464.9064
			255.3189
			52.6775
			527.8503
			-328.0719
			137.8209
			-522.8503
			331.0719
			-135.8209
	==================================================================================
	Q5:
		Shape: Polyhedra
		q_c:	361.0	171.0	502.5
		ub :	365.2343	173.6231	506.2308
		lb :	356.7657	168.3769	498.7692
		A:
			0.0485	0.2948	-0.9543
			-0.0858	-0.787	0.611
			0.3414	0.562	-0.7534
			-0.2735	-0.3901	0.8792
			0.1988	-0.7682	-0.6086
			-0.7472	0.6393	0.1815
			0.8443	0.1621	0.5108
			-0.5231	0.042	0.8512
			0.1166	-0.9859	0.1202
			-0.8443	-0.1621	-0.5108
			0.5231	-0.042	-0.8512
			-0.1166	0.9859	-0.1202
		b:
			-409.325
			143.4902
			-157.2312
			278.4094
			-363.2492
			-66.8289
			592.6849
			248.0913
			-64.0947
			-585.6849
			-244.0913
			68.0947
	==================================================================================
	Q6:
		Shape: Ellipse
		q_c:	360.0	172.5	502.5
		ub :	363.3486	175.6314	506.341
		lb :	356.6514	169.3686	498.659
		P^-1:
			0.1648	0.043	-0.02
			0.043	0.3092	-0.1579
			-0.02	-0.1579	0.2415


===========================================================================================
===========================================================================================
S12:
	q_c:	124.0	120.5	264.5
	ub :	148.6726	138.3469	281.8279
	lb :	105.6132	105.0673	244.9895

	==================================================================================
	Q1:
		Shape: Hybrid
		q_c:	122.5	111.5	271.0
		ub :	132.6931	117.4592	280.0633
		lb :	112.3069	105.5408	261.9367
		P^-1:
			0.02	0.0036	0.0075
			0.0036	0.0487	0.001
			0.0075	0.001	0.0293
		A:
			0.4519	-0.8428	0.2925
			0.0284	0.6751	0.7372
			-0.1708	-0.6744	-0.7183
			-0.0748	0.9829	0.1681
			-0.2252	0.7634	0.6054
			0.0887	-0.5225	-0.848
		b:
			43.7387
			281.71
			-287.8916
			148.4912
			225.1793
			-273.4565
	==================================================================================
	Q2:
		Shape: Polyhedra
		q_c:	136.0	120.0	259.5
		ub :	143.4727	126.2761	264.8513
		lb :	128.5273	113.7239	254.1487
		A:
			0.1912	0.2088	-0.9591
			0.642	0.2478	-0.7255
			-0.2672	-0.2221	-0.9377
			0.2327	0.8487	-0.4749
			-0.1804	-0.0239	-0.9833
			0.7976	0.6027	0.0261
			0.4687	0.8747	0.1232
			0.8789	-0.4479	-0.1641
			-0.0884	0.1852	-0.9787
			-0.4687	-0.8747	-0.1232
			-0.8789	0.4479	0.1641
			0.0884	-0.1852	0.9787
		b:
			-193.6649
			-66.389
			-302.4916
			13.7024
			-278.6108
			191.4318
			203.6745
			29.6904
			-239.779
			-197.6745
			-16.6904
			247.779
	==================================================================================
	Q3:
		Shape: Ellipse
		q_c:	133.0	120.5	260.0
		ub :	141.766	132.8115	272.0038
		lb :	124.234	108.1885	247.9962
		P^-1:
			0.0478	-0.0152	-0.017
			-0.0152	0.021	0.0046
			-0.017	0.0046	0.0237
	==================================================================================
	Q4:
		Shape: Hybrid
		q_c:	114.5	114.5	251.0
		ub :	123.3868	123.9327	257.0105
		lb :	105.6132	105.0673	244.9895
		P^-1:
			0.0253	-0.002	-0.0001
			-0.002	0.0269	-0.0042
			-0.0001	-0.0042	0.0486
		A:
			0.9555	0.2084	0.2088
			0.2333	-0.9328	0.2746
			-0.7872	0.491	-0.3731
			0.1123	0.9742	-0.1957
			0.8246	-0.5624	-0.0606
			0.1189	0.9232	-0.3654
		b:
			189.7891
			-7.6135
			-124.044
			79.0924
			18.5996
			31.2081
	==================================================================================
	Q5:
		Shape: Ellipse
		q_c:	138.5	116.5	255.0
		ub :	148.6726	125.9283	264.5596
		lb :	128.3274	107.0717	245.4404
		P^-1:
			0.0277	-0.0095	0.0102
			-0.0095	0.044	-0.018
			0.0102	-0.018	0.0322
	==================================================================================
	Q6:
		Shape: Hybrid
		q_c:	122.5	129.0	270.5
		ub :	132.548	138.3469	281.8279
		lb :	112.452	119.6531	259.1721
		P^-1:
			0.0493	-0.0302	0.0075
			-0.0302	0.0524	-0.0006
			0.0075	-0.0006	0.0159
		A:
			-0.2475	0.8487	0.4674
			0.672	-0.6639	0.3281
			0.2001	0.243	0.9492
			0.6996	-0.3324	0.6325
			-0.3054	0.9488	0.081
			-0.9524	0.2038	-0.2268
		b:
			209.1482
			87.6399
			318.5022
			217.527
			109.4922
			-148.704


===========================================================================================
===========================================================================================
S13:
	q_c:	271.0	342.0	404.0
	ub :	291.2832	370.6576	427.1438
	lb :	247.0783	329.8041	374.0008

	==================================================================================
	Q1:
		Shape: Ellipse
		q_c:	287.5	346.0	408.5
