3D_35_14_6_e                l = 3

===========================================================================================
===========================================================================================
S1:
	q_c:	46.5	98.5	252.5
	ub :	52.3022	112.0739	274.6572
	lb :	26.1636	75.0508	235.207

	==================================================================================
	Q1:
		Shape: Hybrid
		q_c:	40.5	104.5	246.0
		ub :	49.1637	112.0739	253.1545
		lb :	31.8363	96.9261	238.8455
		P^-1:
			0.0369	0.0113	0.0192
			0.0113	0.0596	-0.0149
			0.0192	-0.0149	0.0681
		A:
			-0.2987	-0.8338	0.4643
			0.1862	-0.5958	-0.7813
			-0.8459	-0.4458	-0.2928
			-0.2853	-0.8171	-0.5009
			-0.8523	-0.1123	0.5109
			0.0076	-0.8993	0.4374
		b:
			17.0631
			-242.8682
			-150.139
			-217.5132
			84.0271
			16.0105
	==================================================================================
	Q2:
		Shape: Hybrid
		q_c:	45.0	94.5	266.0
		ub :	50.3587	99.5819	269.9867
		lb :	39.6413	89.4181	262.0133
		P^-1:
			0.1253	-0.0377	-0.063
			-0.0377	0.1221	-0.0459
			-0.063	-0.0459	0.212
		A:
			0.6276	-0.1495	-0.764
			0.2892	0.7126	-0.6392
			-0.2296	0.8955	-0.3812
			0.3187	-0.1647	-0.9335
			0.9047	-0.3482	0.2453
			-0.4438	-0.4747	0.7601
		b:
			-188.0068
			-88.1388
			-25.5503
			-248.1723
			75.1512
			138.6121
	==================================================================================
	Q3:
		Shape: Ellipse
		q_c:	38.5	98.0	265.0
		ub :	47.5292	104.824	274.6572
		lb :	29.4708	91.176	255.3428
		P^-1:
			0.0345	-0.0029	-0.0172
			-0.0029	0.0731	-0.0185
			-0.0172	-0.0185	0.0391
	==================================================================================
	Q4:
		Shape: Polyhedra
		q_c:	46.0	94.5	259.5
		ub :	52.3022	101.4594	268.7485
		lb :	39.6978	87.5406	250.2515
		A:
			0.9268	0.3576	0.1152
			0.8007	0.5176	0.3017
			-0.9474	0.229	0.2237
			0.5229	0.7739	-0.3574
			-0.6402	-0.0424	0.767
			0.082	0.9828	-0.1654
			0.584	0.7877	0.196
			0.7831	-0.4832	-0.3916
			-0.2137	0.3822	-0.899
			-0.584	-0.7877	-0.196
			-0.7831	0.4832	0.3916
			0.2137	-0.3822	0.899
		b:
			109.5361
			167.2484
			40.0293
			9.0397
			171.1419
			58.4507
			154.6727
			-107.2466
			-199.0125
			-149.6727
			115.2466
			215.0125
	==================================================================================
	Q5:
		Shape: Ellipse
		q_c:	33.0	82.0	240.0
		ub :	39.8364	88.9492	244.793
		lb :	26.1636	75.0508	235.207
		P^-1:
			0.1358	-0.0682	-0.1553
			-0.0682	0.1031	0.1255
			-0.1553	0.1255	0.288
	==================================================================================
	Q6:
		Shape: Hybrid
		q_c:	39.5	93.0	243.5
		ub :	43.6128	96.6605	249.6374
		lb :	35.3872	89.3395	237.3626
		P^-1:
			0.3839	0.4206	0.1002
			0.4206	0.6669	0.1378
			0.1002	0.1378	0.0586
		A:
			0.3838	0.898	0.2153
			-0.7257	-0.6839	0.0757
			-0.319	-0.8318	-0.4542
			0.3774	0.9247	-0.05
			0.595	0.8023	0.0483
			-0.0909	0.978	-0.188
		b:
			151.8568
			-72.4263
			-198.9041
			90.0513
			110.6398
			44.0982


===========================================================================================
===========================================================================================
S2:
	q_c:	376.5	463.0	14.5
	ub :	382.615	471.5772	23.5788
	lb :	371.4867	458.6116	8.5206

	==================================================================================
	Q1:
		Shape: Polyhedra
		q_c:	380.0	462.0	11.5
		ub :	382.615	464.7182	14.4794
		lb :	377.385	459.2818	8.5206
		A:
			-0.7715	0.2004	-0.6039
			0.1439	0.9833	-0.1111
			0.8375	-0.546	0.0225
			0.4341	-0.8935	-0.1151
			-0.1975	-0.7689	-0.6081
			0.4995	0.7385	0.4529
			0.3228	0.649	0.6889
			-0.1275	0.7511	-0.6478
			-0.9378	0.1213	0.3252
			-0.3228	-0.649	-0.6889
			0.1275	-0.7511	0.6478
			0.9378	-0.1213	-0.3252
		b:
			-205.6504
			509.5499
			68.2587
			-247.2801
			-435.7474
			537.7628
			431.9321
			293.0864
			-294.6027
			-428.9321
			-289.0864
			298.6027
	==================================================================================
	Q2:
		Shape: Polyhedra
		q_c:	379.0	464.0	16.0
		ub :	381.6359	465.9615	18.1106
		lb :	376.3641	462.0385	13.8894
		A:
			0.7308	0.6105	0.3052
			-0.9187	-0.2657	-0.292
			0.0857	0.8519	0.5166
			0.2553	-0.7143	0.6516
			-0.2236	0.5838	-0.7805
			0.3772	-0.8957	-0.2354
			0.2004	0.9795	0.0189
			0.9245	-0.1827	-0.3345
			-0.3242	0.0845	-0.9422
			-0.2004	-0.9795	-0.0189
			-0.9245	0.1827	0.3345
			0.3242	-0.0845	0.9422
		b:
			566.7744
			-474.4121
			437.5833
			-222.7582
			175.1578
			-274.7279
			532.2642
			262.2611
			-97.2246
			-529.2642
			-258.2611
			100.2246
	==================================================================================
	Q3:
		Shape: Ellipse
		q_c:	377.0	462.5	14.0
		ub :	378.9683	464.4222	15.6514
		lb :	375.0317	460.5778	12.3486
		P^-1:
			0.4444	-0.0	0.0
			-0.0	0.4444	-0.0
			0.0	-0.0	0.4444
	==================================================================================
	Q4:
		Shape: Polyhedra
		q_c:	375.0	469.0	14.5
		ub :	378.5133	471.5772	17.8988
		lb :	371.4867	466.4228	11.1012
		A:
			-0.9935	0.1053	0.0422
			-0.0686	-0.9815	0.1785
			0.2646	-0.6477	0.7145
			0.0562	0.611	-0.7896
			-0.2762	0.9033	0.3283
			-0.4997	0.7075	0.4998
			0.7179	0.2324	0.6562
			-0.1894	0.9723	-0.1371
			-0.6699	-0.0258	0.742
			-0.7179	-0.2324	-0.6562
			0.1894	-0.9723	0.1371
			0.6699	0.0258	-0.742
		b:
			-320.373
			-481.4817
			-192.0612
			298.2472
			326.8755
			153.6854
			390.2277
			384.9879
			-250.5544
			-385.2277
			-380.9879
			254.5544
	==================================================================================
	Q5:
		Shape: Ellipse
		q_c:	378.5	462.0	20.0
		ub :	380.9979	465.3884	23.5788
		lb :	376.0021	458.6116	16.4212
		P^-1:
			0.4141	-0.075	0.0134
			-0.075	0.2581	0.0494
			0.0134	0.0494	0.1334
	==================================================================================
	Q6:
		Shape: Ellipse
		q_c:	376.5	463.5	13.5
		ub :	379.8531	466.5925	15.8612
		lb :	373.1469	460.4075	11.1388
		P^-1:
			0.2279	-0.1538	-0.0525
			-0.1538	0.5104	-0.2972
			-0.0525	-0.2972	0.8173


===========================================================================================
===========================================================================================
S3:
	q_c:	165.0	440.5	426.0
	ub :	193.6357	458.7965	451.3988
	lb :	140.7048	419.0904	405.4871

	==================================================================================
	Q1:
		Shape: Hybrid
		q_c:	153.5	437.0	415.5
		ub :	165.5619	445.7921	425.5129
		lb :	141.4381	428.2079	405.4871
		P^-1:
			0.0306	0.0286	-0.0075
			0.0286	0.0655	0.0072
			-0.0075	0.0072	0.0277
		A:
			-0.6414	-0.5886	0.4921
			-0.6622	-0.655	0.3639
			0.7024	0.7023	-0.1157
			0.6318	0.6024	-0.4878
			0.1818	-0.2941	0.9383
			-0.2604	-0.8678	0.4232
		b:
			-148.6218
			-234.364
			368.9231
			160.1318
			295.9551
			-239.7104
	==================================================================================
	Q2:
		Shape: Ellipse
		q_c:	183.0	436.0	426.5
		ub :	193.6357	444.5918	436.4123
		lb :	172.3643	427.4082	416.5877
		P^-1:
			0.0426	0.0325	0.0254
			0.0325	0.0604	0.0333
			0.0254	0.0333	0.0437
	==================================================================================
	Q3:
		Shape: Hybrid
		q_c:	168.5	431.0	441.0
		ub :	176.139	442.9096	451.3988
		lb :	160.861	419.0904	430.6012
		P^-1:
			0.0447	0.0114	0.0048
			0.0114	0.0169	0.0001
			0.0048	0.0001	0.018
		A:
			-0.3734	0.4298	-0.8221
			0.7271	0.4615	-0.5083
			-0.713	-0.7005	-0.0299
			-0.456	0.839	0.2969
			0.711	0.659	0.2453
			0.8078	-0.2137	0.5493
		b:
			-235.1002
			100.9831
			-431.9605
			422.4363
			515.2653
			290.1433
	==================================================================================
	Q4:
		Shape: Polyhedra
		q_c:	157.5	440.0	427.5
		ub :	167.0771	445.9043	430.6943
		lb :	147.9229	434.0957	424.3057
		A:
			-0.2216	0.0721	-0.9725
			0.0563	0.44	-0.8962
			-0.5354	0.2454	0.8082
			-0.042	-0.4335	0.9002
			-0.0137	-0.526	0.8504
			0.0404	0.4074	-0.9124
			0.0141	0.9919	0.1265
			-0.0002	0.1265	-0.992
			-0.9999	0.014	0.002
			-0.0141	-0.9919	-0.1265
			0.0002	-0.1265	0.992
			0.9999	-0.014	-0.002
		b:
			-415.6749
			-177.6869
			374.9215
			190.4302
			133.1587
			-201.5357
			498.2219
			-365.9274
			-140.9954
			-487.2219
			370.9274
			159.9954
	==================================================================================
	Q5:
		Shape: Hybrid
		q_c:	178.5	452.0	436.0
		ub :	184.4324	458.7965	439.6819
		lb :	172.5676	445.2035	432.3181
		P^-1:
			0.0717	-0.0249	0.0121
			-0.0249	0.0582	-0.0503
			0.0121	-0.0503	0.2348
		A:
			-0.3522	0.8521	-0.3871
			-0.3558	-0.605	0.7123
			-0.3882	-0.2404	-0.8897
			-0.3474	-0.1346	0.928
			0.5609	-0.2625	0.7851
			-0.4769	0.5563	-0.6806
		b:
			156.1497
			-23.8489
			-563.3614
			283.2077
			325.3822
			-128.8675
	==================================================================================
	Q6:
		Shape: Hybrid
		q_c:	148.5	443.0	440.0
		ub :	156.2952	448.0695	447.8061
		lb :	140.7048	437.9305	432.1939
		P^-1:
			0.0359	0.0286	0.0114
			0.0286	0.1401	0.0364
			0.0114	0.0364	0.0449
		A:
			-0.6393	-0.7661	0.0662
			-0.0049	0.7765	0.6301
			-0.6471	-0.7243	-0.2381
			0.051	-0.727	-0.6848
			0.4484	-0.5312	-0.7189
			0.7135	0.671	0.2015
		b:
			-402.5595
			622.5712
			-519.4903
			-613.4345
			-481.3451
			494.4161


===========================================================================================
===========================================================================================
S4:
	q_c:	159.0	211.5	518.0
	ub :	167.1307	222.756	527.4223
	lb :	149.1807	204.224	511.0448

	==================================================================================
	Q1:
		Shape: Hybrid
		q_c:	162.5	206.5	517.5
		ub :	164.2475	207.8176	518.5778
		lb :	160.7525	205.1824	516.4222
		P^-1:
			0.9151	-0.1341	-1.1693
			-0.1341	0.9739	0.0149
			-1.1693	0.0149	3.5554
		A:
			-0.1868	-0.1565	0.9698
			-0.6532	0.1464	0.7429
			0.1065	-0.5547	0.8252
			0.208	-0.9684	0.138
			0.0516	-0.1446	0.9881
			0.1596	0.706	-0.69
		b:
			439.5299
			308.9536
			330.366
			-94.0137
			490.3649
			-184.806
	==================================================================================
	Q2:
		Shape: Hybrid
		q_c:	159.0	211.5	521.0
		ub :	164.251	214.2392	526.2243
		lb :	153.749	208.7608	515.7757
		P^-1:
			0.0911	-0.0253	0.0287
			-0.0253	0.2411	-0.0227
			0.0287	-0.0227	0.0913
		A:
			-0.3537	0.856	-0.3771
			0.7006	-0.5529	0.4512
			0.402	-0.2896	0.8686
			0.2143	-0.8742	0.4357
			-0.9225	-0.0052	-0.3859
			0.0333	-0.097	0.9947
		b:
			-70.5729
			231.0731
			457.1211
			77.3427
			-346.69
			505.4758
	==================================================================================
	Q3:
		Shape: Polyhedra
		q_c:	154.0	214.0	522.5
		ub :	158.8193	216.9224	527.4223
		lb :	149.1807	211.0776	517.5777
		A:
			-0.6855	-0.1836	-0.7045
			0.3766	-0.9262	0.016
			-0.8669	0.4445	0.2257
			-0.0442	-0.5466	-0.8362
			-0.5128	0.8585	0.0044
			0.6966	0.6971	-0.1697
			0.6596	0.0809	0.7473
			-0.6039	-0.5349	0.591
			0.4475	-0.8411	-0.3039
			-0.6596	-0.0809	-0.7473
			0.6039	0.5349	-0.591
			-0.4475	0.8411	0.3039
		b:
			-508.9877
			-130.1255
			81.7483
			-557.6942
			108.8491
			170.5317
			513.3339
			103.8108
			-268.3766
			-505.3339
			-98.8108
			271.3766
	==================================================================================
	Q4:
		Shape: Hybrid
		q_c:	154.5	217.0	514.5
		ub :	158.0688	220.8597	517.9552
		lb :	150.9312	213.1403	511.0448
		P^-1:
			0.251	0.0656	0.1206
			0.0656	0.1155	0.0827
			0.1206	0.0827	0.3195
		A:
			-0.6255	0.7802	-0.0079
			0.6811	0.6302	0.3727
			0.7317	0.6606	0.1678
			-0.0879	-0.3895	-0.9168
			0.9583	0.2838	0.032
			-0.204	0.0731	-0.9762
		b:
			71.143
			435.0157
			344.2515
			-568.7219
			227.5118
			-516.6464
	==================================================================================
	Q5:
		Shape: Polyhedra
		q_c:	163.0	218.0	521.0
		ub :	167.1307	222.756	525.9434
		lb :	158.8693	213.244	516.0566
		A:
			-0.9106	-0.0255	-0.4126
			0.4561	-0.6028	0.6547
			-0.1695	-0.54	-0.8244
			0.3719	0.8919	0.2574
			-0.3784	0.1877	-0.9064
			0.9943	0.0034	-0.1061
			0.8421	0.1403	0.5208
			-0.3404	-0.6107	0.7149
			0.4184	-0.7793	-0.4665
			-0.8421	-0.1403	-0.5208
			0.3404	0.6107	-0.7149
			-0.4184	0.7793	0.4665
		b:
			-366.8823
			286.9504
			-572.2141
			392.014
			-490.2786
			110.0701
			441.1775
			187.3329
			-341.7645
			-437.1775
			-180.3329
			347.7645
	==================================================================================
	Q6:
		Shape: Polyhedra
		q_c:	159.0	208.5	519.5
		ub :	162.5618	212.776	524.1153
		lb :	155.4382	204.224	514.8847
		A:
			0.4671	-0.8048	-0.3662
			0.6098	0.3532	-0.7095
			-0.5032	0.8092	0.3033
			-0.8923	-0.1494	-0.4259
			-0.9352	0.1412	-0.3247
			-0.3754	0.049	0.9256
			0.1937	0.5163	0.8342
			-0.1918	0.8539	-0.4839
			-0.9621	-0.0663	0.2644
			-0.1937	-0.5163	-0.8342
			0.1918	-0.8539	0.4839
			0.9621	0.0663	-0.2644
		b:
			-280.9067
			-195.2758
			249.1274
			-391.5638
			-285.2673
			434.2036
			574.8268
			-100.8303
			-26.9436
			-568.8268
			106.8303
			31.9436


===========================================================================================
===========================================================================================
S5:
	q_c:	474.0	341.5	472.5
	ub :	491.5665	363.4459	493.5291
	lb :	453.7219	322.3961	454.6902

	==================================================================================
	Q1:
		Shape: Polyhedra
		q_c:	484.5	331.0	475.5
		ub :	490.6633	337.654	481.8898
		lb :	478.3367	324.346	469.1102
		A:
			-0.451	0.3555	-0.8187
			-0.8617	-0.2894	0.4168
			0.7068	-0.6038	0.3687
			0.7314	-0.6811	0.0349
			0.5935	-0.7404	-0.3155
			-0.7812	0.6087	0.1388
			0.6146	0.6686	0.4187
			0.7436	-0.6681	-0.0246
			0.2633	0.3265	-0.9078
			-0.6146	-0.6686	-0.4187
			-0.7436	0.6681	0.0246
			-0.2633	-0.3265	0.9078
		b:
			-486.1571
			-310.5297
			320.1508
			147.0614
			-105.1552
			-109.4129
			724.657
			128.9236
			-191.9982
			-711.657
			-125.9236
			199.9982
	==================================================================================
	Q2:
		Shape: Ellipse
		q_c:	482.0	347.5	473.5
		ub :	491.4508	358.7162	481.6283
		lb :	472.5492	336.2838	465.3717
		P^-1:
			0.0201	-0.0018	-0.0001
			-0.0018	0.0103	-0.0004
			-0.0001	-0.0004	0.0204
	==================================================================================
	Q3:
		Shape: Polyhedra
		q_c:	465.0	346.0	482.5
		ub :	476.2781	351.9088	493.5291
		lb :	453.7219	340.0912	471.4709
		A:
			0.6967	0.6904	-0.1949
			0.8021	-0.5727	0.1694
			-0.0466	-0.9286	-0.3682
			0.3851	-0.7455	-0.544
			0.3098	0.5854	0.7492
			0.0935	0.9182	0.3849
			0.6789	0.0565	0.7321
			-0.7292	-0.0644	0.6812
			0.0856	-0.9963	-0.0025
			-0.6789	-0.0565	-0.7321
			0.7292	0.0644	-0.6812
			-0.0856	0.9963	0.0025
		b:
			475.1681
			263.6719
			-514.9087
			-335.6014
			715.918
			552.7198
			697.4595
			-26.188
			-301.1082
			-679.4595
			39.188
			311.1082
	==================================================================================
	Q4:
		Shape: Ellipse
		q_c:	467.0	353.0	464.5
		ub :	476.9431	363.4459	474.3098
		lb :	457.0569	342.5541	454.6902
		P^-1:
			0.0442	0.0183	-0.0042
			0.0183	0.0315	0.0182
			-0.0042	0.0182	0.0461
	==================================================================================
	Q5:
		Shape: Ellipse
		q_c:	482.5	349.0	481.5
		ub :	491.5665	353.7955	490.0561
		lb :	473.4335	344.2045	472.9439
		P^-1:
			0.0585	0.1661	-0.0723
			0.1661	0.8153	-0.3444
			-0.0723	-0.3444	0.1735
	==================================================================================
	Q6:
		Shape: Polyhedra
		q_c:	471.0	330.5	469.0
		ub :	480.6097	338.6039	477.5091
		lb :	461.3903	322.3961	460.4909
		A:
			0.3199	0.0437	-0.9464
			0.0655	-0.7773	0.6257
			-0.6183	0.6815	-0.3915
			-0.0335	0.9427	0.332
			0.9235	0.0764	-0.3759
			0.8292	-0.3485	-0.4369
			0.6192	0.3472	0.7043
			-0.6097	-0.3525	0.7099
			0.4948	-0.869	-0.0066
			-0.6192	-0.3472	-0.7043
			0.6097	0.3525	-0.7099
			-0.4948	0.869	0.0066
		b:
			-273.3123
			72.2974
			-244.5763
			456.8318
			289.1193
			75.2462
			743.7173
			-65.7289
			-52.7476
			-729.7173
			75.7289
			61.7476


===========================================================================================
===========================================================================================
S6:
	q_c:	391.5	277.0	153.5
	ub :	409.0022	288.2162	170.6736
	lb :	379.0416	261.5322	148.837

	==================================================================================
	Q1:
		Shape: Ellipse
		q_c:	384.0	283.0	163.5
		ub :	388.9584	288.2162	168.2731
		lb :	379.0416	277.7838	158.7269
		P^-1:
			0.1911	-0.0744	0.0505
			-0.0744	0.0885	-0.0278
			0.0505	-0.0278	0.0822
	==================================================================================
	Q2:
		Shape: Polyhedra
		q_c:	401.5	281.5	155.0
		ub :	408.2662	286.5527	161.163
		lb :	394.7338	276.4473	148.837
		A:
			-0.924	0.3817	0.0223
			-0.864	-0.3977	-0.3087
			0.1048	-0.9944	-0.0163
			0.6762	0.5775	0.4574
			0.945	0.3244	-0.0416
			-0.1261	-0.6801	0.7222
			0.5811	0.0583	0.8117
			-0.7907	0.2764	0.5462
			-0.1925	-0.9593	0.2067
			-0.5811	-0.0583	-0.8117
			0.7907	-0.2764	-0.5462
			0.1925	0.9593	-0.2067
		b:
			-255.1606
			-503.0657
			-236.5548
			508.2003
			468.7277
			-126.5347
			378.5517
			-149.4886
			-311.7919
			-372.5517
			160.4886
			318.7919
	==================================================================================
	Q3:
		Shape: Hybrid
		q_c:	403.5	281.0	163.5
		ub :	409.0022	286.4568	170.6736
		lb :	397.9978	275.5432	156.3264
		P^-1:
			0.184	0.0523	0.0859
			0.0523	0.0797	0.0212
			0.0859	0.0212	0.0767
		A:
			0.8006	0.5947	0.073
			0.2995	-0.9412	-0.1562
			0.7285	0.3371	0.5964
			-0.5001	-0.7212	-0.4793
			0.5587	0.2458	0.7921
			-0.596	0.5084	0.6215
		b:
			503.8809
			-165.6766
			487.4289
			-480.8959
			426.1267
			8.7598
	==================================================================================
	Q4:
		Shape: Hybrid
		q_c:	388.0	268.5	163.5
		ub :	394.7194	275.4678	167.5027
		lb :	381.2806	261.5322	159.4973
		P^-1:
			0.0431	0.0048	-0.0011
			0.0048	0.0532	-0.027
			-0.0011	-0.027	0.1531
		A:
			-0.1588	0.1063	0.9816
			0.9333	0.1457	0.3282
			0.4156	0.3864	0.8234
			0.3168	-0.8099	0.4937
			0.5694	-0.0533	-0.8204
			0.1704	0.79	-0.589
		b:
			129.1213
			458.255
			402.0383
			-11.0835
			74.8552
			184.1657
	==================================================================================
	Q5:
		Shape: Hybrid
		q_c:	398.5	273.0	158.0
		ub :	404.9889	279.1295	162.7892
		lb :	392.0111	266.8705	153.2108
		P^-1:
			0.0707	-0.056	0.0615
			-0.056	0.1702	-0.1755
			0.0615	-0.1755	0.3061
		A:
			0.26	-0.7972	0.5449
			0.804	0.3336	0.4922
			0.2682	-0.6542	0.7072
			0.3838	-0.7512	0.537
			0.024	-0.7882	0.615
			-0.8397	-0.1363	-0.5257
		b:
			-26.6073
			493.1101
			40.8606
			34.0223
			-106.939
			-451.3971
	==================================================================================
	Q6:
		Shape: Hybrid
		q_c:	401.5	279.5	159.0
		ub :	408.1552	285.5503	163.9414
		lb :	394.8448	273.4497	154.0586
		P^-1:
			0.0577	0.0396	0.0063
			0.0396	0.1142	-0.0313
			0.0063	-0.0313	0.1323
		A:
			-0.6117	-0.0025	-0.7911
			-0.0592	-0.4933	-0.8678
			-0.5612	-0.8032	0.1996
			-0.8142	-0.517	0.2642
			0.3416	0.7599	-0.5531
			0.1548	-0.8767	0.4554
		b:
			-370.0149
			-297.4626
			-416.6108
			-427.0882
			262.8927
			-108.3482


===========================================================================================
===========================================================================================
S7:
	q_c:	84.5	316.0	159.5
	ub :	90.6719	321.0793	166.8636
	lb :	77.6649	306.9399	152.9909

	==================================================================================
	Q1:
		Shape: Polyhedra
		q_c:	83.0	313.0	161.5
		ub :	87.3292	316.6912	165.8388
		lb :	78.6708	309.3088	157.1612
		A:
			-0.6403	-0.556	0.53
			0.1535	-0.3634	-0.9189
			-0.3371	-0.1079	-0.9353
			-0.1195	-0.9635	-0.2397
			0.1273	-0.8829	-0.4519
			-0.1152	0.2421	-0.9634
			0.6262	0.6144	0.4799
			-0.7168	0.2117	0.6643
			0.3066	-0.76	0.573
			-0.6262	-0.6144	-0.4799
			0.7168	-0.2117	-0.6643
			-0.3066	0.76	-0.573
		b:
			-138.9333
			-246.6108
			-210.337
			-347.7944
			-336.1864
			-86.9879
			324.301
			117.0498
			-117.9041
			-319.301
			-111.0498
			121.9041
	==================================================================================
	Q2:
		Shape: Polyhedra
		q_c:	84.5	318.5	163.5
		ub :	86.9654	321.0793	165.6114
		lb :	82.0346	315.9207	161.3886
		A:
			0.9443	0.2758	-0.1796
			-0.8412	-0.4915	-0.2253
			-0.1441	0.2375	0.9606
			-0.6272	-0.5523	-0.5493
			-0.0435	0.0895	0.995
			-0.2821	-0.563	0.7768
			0.6334	0.1265	0.7634
			-0.6386	-0.4717	0.608
			0.437	-0.8726	-0.218
			-0.6334	-0.1265	-0.7634
			0.6386	0.4717	-0.608
			-0.437	0.8726	0.218
		b:
			139.7093
			-263.2255
			221.9732
			-317.486
			188.8526
			-74.6595
			219.6334
			-103.2941
			-274.6449
			-217.6334
			106.2941
			278.6449
	==================================================================================
	Q3:
		Shape: Hybrid
		q_c:	84.5	311.0	163.5
		ub :	88.556	315.0601	166.8636
		lb :	80.444	306.9399	160.1364
		P^-1:
			0.1967	-0.0654	-0.017
			-0.0654	0.1698	-0.0208
			-0.017	-0.0208	0.2446
		A:
			-0.0457	0.815	0.5777
			-0.3255	0.7452	0.582
			0.8539	-0.4648	0.2342
			-0.3786	-0.446	0.811
			-0.4109	0.0641	-0.9094
			0.542	-0.8403	0.0118
		b:
			345.593
			300.6818
			-33.0237
			-36.9012
			-162.2924
			-212.486
	==================================================================================
	Q4:
		Shape: Hybrid
		q_c:	81.0	312.0	160.0
		ub :	84.3351	315.1877	163.0793
		lb :	77.6649	308.8123	156.9207
		P^-1:
			0.1692	0.004	-0.027
			0.004	0.1617	-0.0116
			-0.027	-0.0116	0.2391
		A:
			-0.5907	-0.249	-0.7675
			-0.6877	0.2643	0.6761
			-0.7254	0.309	-0.615
			-0.7371	-0.5495	0.3933
			0.2362	0.6719	-0.702
			-0.1712	-0.0717	0.9826
		b:
			-246.96
			136.1249
			-59.314
			-166.9469
			117.606
			122.0112
	==================================================================================
	Q5:
		Shape: Hybrid
		q_c:	88.0	316.0	155.5
		ub :	90.6719	318.045	158.0091
		lb :	85.3281	313.955	152.9909
		P^-1:
			0.4805	-0.272	0.103
			-0.272	0.8548	0.0123
			0.103	0.0123	0.3591
		A:
			0.4567	-0.8714	0.1789
			0.6086	-0.784	-0.1223
			0.6938	-0.2985	0.6553
			0.9058	-0.2916	-0.3075
			-0.1787	-0.9723	0.1504
			0.4108	0.7693	0.4894
		b:
			-206.8438
			-212.6107
			69.4568
			-59.116
			-298.693
			356.2704
	==================================================================================
	Q6:
		Shape: Hybrid
		q_c:	84.0	316.5	159.0
		ub :	87.4409	320.1184	162.0653
		lb :	80.5591	312.8816	155.9347
		P^-1:
			0.2141	-0.0837	-0.0738
			-0.0837	0.2896	0.1143
			-0.0738	0.1143	0.2607
		A:
			-0.4843	-0.3764	-0.7898
			0.142	0.9595	-0.2433
			0.9199	-0.3541	-0.1685
			0.7038	-0.7076	0.0632
			0.2215	0.8986	0.3788
			-0.7944	-0.1903	0.5768
		b:
			-283.8515
			278.5197
			-60.352
			-153.5234
			364.5091
			-33.7807


===========================================================================================
===========================================================================================
S8:
	q_c:	479.5	386.5	131.5
	ub :	490.9398	396.1243	149.4542
	lb :	465.9189	371.6473	123.2144

	==================================================================================
	Q1:
		Shape: Polyhedra
		q_c:	475.0	378.0	137.5
		ub :	482.154	384.3527	139.9065
		lb :	467.846	371.6473	135.0935
		A:
			-0.2715	-0.4158	0.868
			-0.3464	-0.2429	-0.9061
			-0.622	-0.5156	0.5893
			0.414	0.2297	0.8808
			0.0709	0.0736	-0.9948
			0.7825	0.2765	-0.5579
			0.0715	0.1952	0.9782
			-0.8262	0.561	-0.0516
			-0.5588	-0.8045	0.2014
			-0.0715	-0.1952	-0.9782
			0.8262	-0.561	0.0516
			0.5588	0.8045	-0.2014
		b:
			-164.4695
			-378.9025
			-406.336
			406.9014
			-73.5848
			403.3278
			243.7255
			-180.9854
			-538.8406
			-240.7255
			193.9854
			544.8406
	==================================================================================
	Q2:
		Shape: Polyhedra
		q_c:	483.5	384.5	126.5
		ub :	488.8165	389.6712	129.7856
		lb :	478.1835	379.3288	123.2144
		A:
			0.3045	0.3232	-0.896
			0.0153	0.2445	0.9695
			0.6807	0.1246	-0.7219
			-0.3863	-0.3108	0.8684
			-0.641	-0.2834	0.7133
			-0.5698	-0.0639	-0.8193
			0.6489	0.7606	0.0205
			0.7213	-0.6062	-0.335
			-0.2424	0.2322	-0.942
			-0.6489	-0.7606	-0.0205
			-0.7213	0.6062	0.335
			0.2424	-0.2322	0.942
		b:
			160.6168
			226.6518
			288.9627
			-193.8276
			-325.5808
			-401.4325
			611.7788
			77.2405
			-145.1018
			-605.7788
			-69.2405
			149.1018
	==================================================================================
	Q3:
		Shape: Hybrid
		q_c:	472.0	381.0	131.5
		ub :	475.9635	384.2667	132.7666
		lb :	468.0365	377.7333	130.2334
		P^-1:
			0.0854	0.0179	-0.018
			0.0179	0.1659	-0.0882
			-0.018	-0.0882	0.9903
		A:
			-0.2156	0.7065	-0.6741
			-0.4794	0.0038	0.8776
			0.0419	0.2862	0.9573
			-0.0143	0.9813	-0.1918
			-0.119	-0.3308	0.9362
			-0.1274	-0.1356	0.9825
		b:
			80.3003
			-108.0722
			255.5472
			343.8785
			-58.4454
			17.9364
	==================================================================================
	Q4:
		Shape: Hybrid
		q_c:	477.0	382.5	137.0
		ub :	481.1694	387.0647	140.9056
		lb :	472.8306	377.9353	133.0944
		P^-1:
			0.4412	0.3284	-0.3051
			0.3284	0.3815	-0.2786
			-0.3051	-0.2786	0.3406
		A:
			0.724	0.6582	-0.2063
			-0.822	-0.5401	0.1808
			-0.8451	-0.467	-0.2604
			-0.7599	-0.6445	0.0846
			0.4593	-0.519	0.7209
			0.847	0.021	-0.5312
		b:
			569.8922
			-572.7357
			-615.1704
			-596.0675
			122.0803
			340.9293
	==================================================================================
	Q5:
		Shape: Polyhedra
		q_c:	486.5	387.0	128.0
		ub :	490.9398	390.8453	132.5812
		lb :	482.0602	383.1547	123.4188
		A:
			-0.1032	-0.9946	0.0145
			0.4948	-0.8619	-0.111
			-0.7323	-0.6808	-0.0142
			-0.0207	0.988	-0.1528
			0.1985	-0.0824	0.9766
			0.266	-0.1139	-0.9572
			0.5483	0.5808	0.6016
			0.366	-0.8136	0.4519
			0.7519	-0.0276	-0.6587
			-0.5483	-0.5808	-0.6016
			-0.366	0.8136	-0.4519
			-0.7519	0.0276	0.6587
		b:
			-430.5158
			-104.5173
			-618.7346
			355.3466
			192.4235
			-34.5403
			571.5534
			-76.4422
			273.3328
			-565.5534
			81.4422
			-268.3328
	==================================================================================
	Q6:
		Shape: Ellipse
		q_c:	473.0	388.0	141.5
		ub :	480.0811	396.1243	149.4542
		lb :	465.9189	379.8757	133.5458
		P^-1:
			0.0613	0.0129	0.0199
			0.0129	0.0415	0.0055
			0.0199	0.0055	0.0518


===========================================================================================
===========================================================================================
S9:
	q_c:	486.0	217.0	280.5
	ub :	495.8669	225.3654	290.6283
	lb :	477.9739	210.2822	277.5593

	==================================================================================
	Q1:
		Shape: Hybrid
		q_c:	491.0	218.0	285.0
		ub :	495.8669	222.7955	289.1931
		lb :	486.1331	213.2045	280.8069
		P^-1:
			0.129	-0.0117	-0.0205
			-0.0117	0.1187	0.0133
			-0.0205	0.0133	0.1345
		A:
			0.7115	-0.6756	-0.1934
			-0.4486	0.8257	0.3419
			-0.688	-0.7156	0.1208
			0.8169	-0.5384	-0.2069
			-0.0453	-0.5056	0.8616
			0.0173	-0.5523	0.8335
		b:
			148.3428
			58.605
			-457.6406
			226.1735
			114.7542
			127.3251
	==================================================================================
	Q2:
		Shape: Ellipse
		q_c:	489.0	214.0	288.5
		ub :	492.634	217.7178	290.6283
		lb :	485.366	210.2822	286.3717
		P^-1:
			0.2428	0.1395	-0.1632
			0.1395	0.2731	-0.2595
			-0.1632	-0.2595	0.8453
	==================================================================================
	Q3:
		Shape: Ellipse
		q_c:	492.0	214.5	286.0
		ub :	495.3367	217.4886	289.9507
		lb :	488.6633	211.5114	282.0493
		P^-1:
			0.1546	0.014	-0.0147
			0.014	0.741	0.4115
			-0.0147	0.4115	0.346
	==================================================================================
	Q4:
		Shape: Ellipse
		q_c:	490.5	221.5	286.5
		ub :	492.2016	225.3654	289.1392
		lb :	488.7984	217.6346	283.8608
		P^-1:
			2.8607	0.2212	1.711
			0.2212	0.11	0.1855
			1.711	0.1855	1.3609
	==================================================================================
	Q5:
		Shape: Hybrid
		q_c:	485.0	220.5	281.0
		ub :	488.6825	224.1893	284.4407
		lb :	481.3175	216.8107	277.5593
		P^-1:
			0.5147	0.3019	0.3061
			0.3019	0.3036	0.2513
			0.3061	0.2513	0.4233
		A:
			0.4305	0.4467	0.7843
			0.2324	0.7214	0.6523
			-0.1806	-0.138	-0.9738
			0.709	0.629	0.3189
			-0.6227	-0.5002	-0.6017
			0.9657	0.2457	-0.0837
		b:
			528.4255
			456.3287
			-390.2353
			572.9239
			-580.8666
			500.4589
	==================================================================================
	Q6:
		Shape: Ellipse
		q_c:	482.0	219.0	283.5
		ub :	486.0261	221.9169	287.4146
		lb :	477.9739	216.0831	279.5854
		P^-1:
			0.1491	-0.0058	-0.0616
			-0.0058	0.2497	-0.0035
			-0.0616	-0.0035	0.2123


===========================================================================================
===========================================================================================
S10:
	q_c:	166.5	272.0	460.0
	ub :	168.4567	276.2951	464.0906
	lb :	162.6717	269.0641	456.2173

	==================================================================================
	Q1:
		Shape: Polyhedra
		q_c:	166.5	270.5	463.0
		ub :	167.9352	271.9359	464.0906
		lb :	165.0648	269.0641	461.9094
		A:
			-0.406	0.3107	-0.8595
			0.3359	-0.1312	-0.9327
			0.864	0.0259	-0.5029
			0.527	-0.3942	-0.7529
			0.1413	-0.1984	0.9699
			0.9224	-0.2037	-0.3283
			0.5461	0.4228	0.7232
			-0.5912	-0.417	0.6903
			0.5935	-0.8045	0.0222
			-0.5461	-0.4228	-0.7232
			0.5912	0.417	-0.6903
			-0.5935	0.8045	-0.0222
		b:
			-380.5632
			-410.6723
			-81.3172
			-366.6835
			419.7317
			-52.7167
			541.131
			108.8664
			-107.5208
			-539.131
			-107.8664
			109.5208
	==================================================================================
	Q2:
		Shape: Ellipse
		q_c:	166.5	274.5	460.5
		ub :	168.4144	276.2951	462.5632
		lb :	164.5856	272.7049	458.4368
		P^-1:
			0.7839	0.1037	0.2502
			0.1037	0.4761	0.0765
			0.2502	0.0765	0.6288
	==================================================================================
	Q3:
		Shape: Ellipse
		q_c:	165.0	271.5	461.0
		ub :	166.2403	273.3666	462.7033
		lb :	163.7597	269.6334	459.2967
		P^-1:
			3.2723	0.9068	1.095
			0.9068	0.8984	0.0939
			1.095	0.0939	1.2738
	==================================================================================
	Q4:
		Shape: Ellipse
		q_c:	165.5	274.5	461.0
		ub :	166.9798	276.1051	462.6798
		lb :	164.0202	272.8949	459.3202
		P^-1:
			0.9989	-0.0034	0.0248
			-0.0034	0.9896	0.0752
			0.0248	0.0752	0.456
	==================================================================================
	Q5:
		Shape: Ellipse
		q_c:	165.0	272.5	461.5
		ub :	167.3283	275.0514	463.7077
		lb :	162.6717	269.9486	459.2923
		P^-1:
			0.4444	-0.0	0.0
			-0.0	0.4444	-0.0
			0.0	-0.0	0.4444
	==================================================================================
	Q6:
		Shape: Polyhedra
		q_c:	166.0	272.5	458.5
		ub :	168.4567	275.0778	460.7827
		lb :	163.5433	269.9222	456.2173
		A:
			-0.8782	0.4639	-0.1166
			-0.8901	0.2756	-0.363
			-0.0609	0.1208	-0.9908
			0.5764	0.263	0.7737
			-0.1248	0.9811	0.1477
			0.8615	-0.0926	-0.4992
			0.8071	0.5779	0.1211
			0.3733	-0.6583	0.6536
			0.4574	-0.4823	-0.7471
			-0.8071	-0.5779	-0.1211
			-0.3733	0.6583	-0.6536
			-0.4574	0.4823	0.7471
		b:
			-71.3236
			-237.6163
			-429.9778
			523.585
			315.8544
			-109.6254
			348.4583
			183.7534
			-396.5429
			-345.4583
			-180.7534
			399.5429


===========================================================================================
===========================================================================================
S11:
	q_c:	481.5	122.5	464.5
	ub :	490.9415	127.9143	472.3799
	lb :	472.7643	113.5036	456.369

	==================================================================================
	Q1:
		Shape: Hybrid
		q_c:	488.0	122.5	464.0
		ub :	490.9415	126.0841	467.6355
		lb :	485.0585	118.9159	460.3645
		P^-1:
			0.3612	-0.1303	-0.003
			-0.1303	0.2389	0.0176
			-0.003	0.0176	0.1154
		A:
			-0.099	-0.2512	0.9629
			0.6643	0.5375	-0.5195
			0.0196	0.694	0.7198
			0.4266	-0.8113	-0.3997
			0.9523	-0.1375	0.2723
			0.4208	-0.8984	0.1257
		b:
			369.9313
			150.9355
			430.3181
			-75.4464
			575.3194
			154.7788
	==================================================================================
	Q2:
		Shape: Ellipse
		q_c:	476.5	123.5	466.0
		ub :	480.2357	126.0795	469.8171
		lb :	472.7643	120.9205	462.1829
		P^-1:
			0.1589	0.019	0.0173
			0.019	0.2449	0.0087
			0.0173	0.0087	0.1174
	==================================================================================
	Q3:
		Shape: Polyhedra
		q_c:	482.0	123.0	466.5
		ub :	485.215	126.9843	470.5233
		lb :	478.785	119.0157	462.4767
		A:
			-0.7491	0.304	-0.5886
			-0.7106	0.0336	-0.7027
			-0.7948	0.2412	-0.5569
			0.4566	-0.0497	-0.8883
			0.2693	0.8252	-0.4965
			0.0292	-0.9978	0.0587
			0.0905	0.6925	0.7157
			-0.5123	0.6487	-0.5629
			-0.8541	-0.3157	0.4134
			-0.0905	-0.6925	-0.7157
			0.5123	-0.6487	0.5629
			0.8541	0.3157	-0.4134
		b:
			-595.8047
			-663.7764
			-610.7746
			-198.1374
			1.9893
			-78.836
			465.1795
			-427.1914
			-255.6203
			-460.1795
			432.1914
			259.6203
	==================================================================================
	Q4:
		Shape: Hybrid
		q_c:	488.0	119.0	459.5
		ub :	490.4784	121.379	462.3805
		lb :	485.5216	116.621	456.6195
		P^-1:
			0.3852	0.031	0.084
			0.031	0.4282	-0.0439
			0.084	-0.0439	0.3255
		A:
			0.1058	0.9881	0.1121
			0.9864	-0.1457	0.0761
			-0.9695	-0.188	0.1572
			-0.8493	0.0229	-0.5274
			-0.0149	0.9646	0.2635
			-0.3978	0.2538	-0.8816
		b:
			221.5069
			499.9099
			-422.3028
			-653.316
			229.4773
			-568.2137
	==================================================================================
	Q5:
		Shape: Polyhedra
		q_c:	486.5	124.0	468.5
		ub :	489.1673	127.9143	472.3799
		lb :	483.8327	120.0857	464.6201
		A:
			0.9727	0.1493	-0.1776
			-0.0679	-0.7791	0.6233
			0.6219	0.7392	0.2586
			-0.7598	-0.6273	-0.1707
			0.4505	-0.2483	-0.8576
			0.6414	-0.7606	0.1001
			0.8561	0.2885	0.4289
			0.4722	-0.7741	-0.4218
			0.2103	0.5636	-0.7989
			-0.8561	-0.2885	-0.4289
			-0.4722	0.7741	0.4218
			-0.2103	-0.5636	0.7989
		b:
			410.3694
			165.3112
			517.0088
			-525.8857
			-210.6552
			267.0578
			654.1718
			-61.3757
			-199.0815
			-652.1718
			66.3757
			205.0815
	==================================================================================
	Q6:
		Shape: Ellipse
		q_c:	486.5	118.5	461.0
		ub :	489.7248	123.4964	465.631
		lb :	483.2752	113.5036	456.369
		P^-1:
			0.1894	0.0198	-0.0373
			0.0198	0.1001	-0.0673
			-0.0373	-0.0673	0.183


===========================================================================================
===========================================================================================
S12:
	q_c:	476.5	337.5	306.5
	ub :	487.0926	345.3513	315.9322
	lb :	471.019	328.597	298.4665

	==================================================================================
	Q1:
		Shape: Polyhedra
		q_c:	484.0	332.5	301.5
		ub :	487.0926	334.6186	304.5335
		lb :	480.9074	330.3814	298.4665
		A:
			-0.5771	-0.3611	-0.7325
			-0.6361	0.7524	-0.1711
			0.7471	0.3389	0.5718
			0.8548	0.2655	0.4458
			0.4757	-0.8782	-0.05
			0.776	-0.146	0.6136
			0.6281	0.4427	0.6399
			-0.3379	0.896	-0.2883
			-0.701	-0.0351	0.7123
			-0.6281	-0.4427	-0.6399
			0.3379	-0.896	0.2883
			0.701	0.0351	-0.7123
		b:
			-619.629
			-107.2289
			647.3543
			637.4996
			-74.6765
			513.2982
			644.6431
			49.4709
			-133.164
			-643.6431
			-45.4709
			139.164
	==================================================================================
	Q2:
		Shape: Ellipse
		q_c:	478.5	342.0	308.5
		ub :	481.4782	345.3513	311.2237
		lb :	475.5218	338.6487	305.7763
		P^-1:
			0.4586	-0.0852	-0.3408
			-0.0852	0.2523	0.1982
			-0.3408	0.1982	0.6991
	==================================================================================
	Q3:
		Shape: Polyhedra
		q_c:	482.0	335.0	312.5
		ub :	484.1323	338.5077	315.9322
		lb :	479.8677	331.4923	309.0678
		A:
			0.6767	-0.3511	0.6471
			0.523	-0.4268	-0.7377
			0.2896	-0.2127	0.9332
			0.7562	-0.6167	0.2185
			0.8983	-0.1829	-0.3995
			0.9282	0.0302	0.3709
			0.0716	0.4393	0.8955
			0.4193	0.8013	-0.4267
			-0.905	0.406	-0.1269
			-0.0716	-0.4393	-0.8955
			-0.4193	-0.8013	0.4267
			0.905	-0.406	0.1269
		b:
			412.3745
			-119.2791
			362.2394
			227.3649
			248.4866
			574.8856
			464.0138
			339.7209
			-338.8417
			-459.0138
			-334.7209
			340.8417
	==================================================================================
	Q4:
		Shape: Polyhedra
		q_c:	474.5	333.0	306.5
		ub :	477.2564	337.403	308.3617
		lb :	471.7436	328.597	304.6383
		A:
			0.8207	0.1355	-0.5551
			0.6331	0.2433	-0.7349
			0.5507	-0.8294	0.0942
			-0.4991	0.5869	-0.6376
			0.5515	0.108	0.8272
			0.3866	-0.186	-0.9033
			0.1839	0.9797	0.0802
			0.0376	0.0745	-0.9965
			-0.9822	0.1863	-0.0231
			-0.1839	-0.9797	-0.0802
			-0.0376	-0.0745	0.9965
			0.9822	-0.1863	0.0231
		b:
			266.386
			158.1707
			17.1752
			-234.4607
			553.1001
			-153.6571
			442.0686
			-261.2942
			-409.1164
			-434.0686
			264.2942
			413.1164
	==================================================================================
	Q5:
		Shape: Hybrid
		q_c:	475.5	341.0	311.5
		ub :	479.981	344.8439	315.1156
		lb :	471.019	337.1561	307.8844
		P^-1:
			0.1393	0.0676	0.0425
			0.0676	0.2087	-0.026
			0.0425	-0.026	0.2337
		A:
			0.8384	0.2399	0.4895
			-0.3996	0.5625	-0.7238
			0.8434	-0.2861	0.4548
			0.3191	-0.5513	0.7709
			-0.0249	0.9259	0.377
			-0.2649	-0.9589	-0.1016
		b:
			634.2298
			-222.3742
			446.945
			205.0024
			422.9453
			-483.419
	==================================================================================
	Q6:
		Shape: Hybrid
		q_c:	478.5	335.0	307.5
		ub :	481.232	337.4926	310.268
		lb :	475.768	332.5074	304.732
		P^-1:
			0.3914	-0.058	-0.0643
			-0.058	0.2738	0.0264
			-0.0643	0.0264	0.2792
		A:
			-0.467	0.5831	-0.6648
			0.5573	-0.3441	-0.7557
			0.8965	0.2237	-0.3824
			-0.0066	0.6066	-0.795
			-0.7772	0.6214	-0.0987
			-0.7296	-0.0258	0.6834
		b:
			-231.364
			-80.0868
			387.2555
			-43.1709
			-193.1741
			-146.7529


===========================================================================================
===========================================================================================
S13:
	q_c:	477.5	193.5	109.5
	ub :	486.5343	202.7942	119.6884
	lb :	469.7085	188.944	105.0438

	==================================================================================
	Q1:
		Shape: Polyhedra
		q_c:	482.0	193.5	108.5
		ub :	483.6754	195.2327	110.1172
		lb :	480.3246	191.7673	106.8828
		A:
			0.6832	0.3759	0.6261
			0.819	0.3225	-0.4746
			0.9616	-0.2105	-0.1761
			0.8132	-0.2646	0.5183
			-0.0582	0.4803	0.8752
			0.0782	0.8449	-0.5292
			0.1924	0.9705	0.1454
			0.7202	-0.039	-0.6927
			-0.6666	0.238	-0.7064
			-0.1924	-0.9705	-0.1454
			-0.7202	0.039	0.6927
			0.6666	-0.238	0.7064
		b:
			471.1494
			406.7576
			404.66
			398.0034
			161.0297
			145.0548
			297.8039
			265.4039
			-350.8993
			-294.8039
			-263.4039
			352.8993
	==================================================================================
	Q2:
		Shape: Hybrid
		q_c:	473.5	193.0	115.5
		ub :	477.2915	197.056	119.6884
		lb :	469.7085	188.944	111.3116
		P^-1:
			0.1176	0.0194	0.0238
			0.0194	0.1273	0.0723
			0.0238	0.0723	0.1978
		A:
			0.6206	0.7286	0.29
			0.0681	0.0176	-0.9975
			0.1693	-0.8055	-0.5679
			-0.3128	-0.8408	-0.4417
			-0.6883	0.5446	-0.4792
			-0.8947	0.0351	0.4454
		b:
			469.5248
			-77.9769
