3D_35_20_6_d                l = 3

===========================================================================================
===========================================================================================
S1:
	q_c:    347.5000    265.0000    185.0000
	ub :    354.0000    280.0000    190.0000
	lb :    341.0000    250.0000    180.0000

	==================================================================================
	Q1:
		Shape: Hybrid
		q_c:    351.0000    265.0000    183.0000
		ub :    353.2066    268.2148    186.2746
		lb :    348.7934    261.7852    179.7254
		P^-1: 
			    0.5989    -0.2863    0.2409
			    -0.2863    0.4425    -0.2427
			    0.2409    -0.2427    0.3687
		A:
			    0.1705    -0.9390    0.2988
			    0.7342    0.5641    0.3780
			    0.5004    -0.1911    0.8444
			    0.2287    0.9470    0.2256
			    -0.8621    0.4861    -0.1430
			    -0.7697    -0.6372    -0.0386
		b:
			    -133.2299
			    477.9816
			    280.5964
			    374.2882
			    -199.2535
			    -444.4986
	==================================================================================
	Q2:
		Shape: Ellipse
		q_c:    350.5000    259.5000    181.0000
		ub :    354.0934    263.0609    184.3575
		lb :    346.9066    255.9391    177.6425
		P^-1: 
			    0.2665    -0.1476    -0.0661
			    -0.1476    0.3116    -0.0101
			    -0.0661    -0.0101    0.2274
	==================================================================================
	Q3:
		Shape: Hybrid
		q_c:    350.0000    267.5000    190.0000
		ub :    354.5557    271.9031    193.6054
		lb :    345.4443    263.0969    186.3946
		P^-1: 
			    0.1467    0.0218    -0.0008
			    0.0218    0.1245    0.0013
			    -0.0008    0.0013    0.1600
		A:
			    -0.3769    -0.5822    0.7204
			    0.9088    0.3919    -0.1434
			    0.7772    -0.5651    0.2768
			    0.8361    0.5440    -0.0698
			    0.9493    -0.1979    -0.2442
			    -0.9670    -0.2355    0.0974
		b:
			    -149.4691
			    396.9169
			    175.1098
			    426.1662
			    234.4155
			    -381.6208
	==================================================================================
	Q4:
		Shape: Polyhedra
		q_c:    348.5000    266.5000    189.0000
		ub :    351.9839    269.5380    192.7643
		lb :    345.0161    263.4620    185.2357
		A:
			    0.8887    -0.3585    -0.2860
			    0.3507    0.1000    -0.9311
			    0.0164    -0.9894    0.1444
			    0.7579    -0.5886    0.2813
			    -0.9456    -0.1221    -0.3015
			    0.4893    -0.4555    -0.7437
			    0.7343    0.2137    0.6443
			    -0.6636    0.4256    0.6152
			    -0.1428    -0.8793    0.4543
			    -0.7343    -0.2137    -0.6443
			    0.6636    -0.4256    -0.6152
			    0.1428    0.8793    -0.4543
		b:
			    161.9425
			    -25.2228
			    -228.6927
			    162.7512
			    -416.2625
			    -89.8358
			    437.6242
			    -0.0678
			    -196.2293
			    -431.6242
			    3.0678
			    200.2293
	==================================================================================
	Q5:
		Shape: Ellipse
		q_c:    351.5000    265.0000    181.0000
		ub :    354.3288    268.3200    183.3198
		lb :    348.6712    261.6800    178.6802
		P^-1: 
			    0.7371    -0.3507    0.1831
			    -0.3507    0.3078    -0.1092
			    0.1831    -0.1092    0.3162
	==================================================================================
	Q6:
		Shape: Ellipse
		q_c:    351.0000    266.0000    186.0000
		ub :    353.1751    268.3374    187.7471
		lb :    348.8249    263.6626    184.2529
		P^-1: 
			    0.2500    0.0000    0.0002
			    0.0000    0.2528    0.0231
			    0.0002    0.0231    0.4417


===========================================================================================
===========================================================================================
S2:
	q_c:    378.5000    327.0000    512.5000
	ub :    397.0000    345.0000    531.0000
	lb :    360.0000    309.0000    494.0000

	==================================================================================
	Q1:
		Shape: Ellipse
		q_c:    374.0000    308.0000    503.0000
		ub :    384.4802    317.8355    512.5408
		lb :    363.5198    298.1645    493.4592
		P^-1: 
			    0.0277    -0.0101    0.0036
			    -0.0101    0.0316    -0.0114
			    0.0036    -0.0114    0.0357
	==================================================================================
	Q2:
		Shape: Ellipse
		q_c:    398.5000    330.0000    521.5000
		ub :    410.1194    342.7519    534.2319
		lb :    386.8806    317.2481    508.7681
		P^-1: 
			    0.0181    -0.0041    -0.0062
			    -0.0041    0.0170    0.0028
			    -0.0062    0.0028    0.0207
	==================================================================================
	Q3:
		Shape: Ellipse
		q_c:    371.0000    319.5000    508.5000
		ub :    380.6330    329.6688    518.2367
		lb :    361.3670    309.3312    498.7633
		P^-1: 
			    0.0377    -0.0135    0.0002
			    -0.0135    0.0337    0.0020
			    0.0002    0.0020    0.0221
	==================================================================================
	Q4:
		Shape: Polyhedra
		q_c:    366.5000    326.5000    496.5000
		ub :    379.4154    337.1594    509.3034
		lb :    353.5846    315.8406    483.6966
		A:
			    -0.7362    0.6502    -0.1877
			    0.2586    0.4278    0.8661
			    0.4890    -0.8708    0.0499
			    0.4368    0.6619    0.6092
			    0.2567    0.2257    -0.9398
			    -0.8577    0.4465    -0.2548
			    0.1635    0.8085    0.5653
			    0.9632    -0.0069    -0.2688
			    -0.2134    0.5884    -0.7799
			    -0.1635    -0.8085    -0.5653
			    -0.9632    0.0069    0.2688
			    0.2134    -0.5884    0.7799
		b:
			    -141.9193
			    672.2383
			    -72.0971
			    686.7994
			    -290.7229
			    -285.8921
			    612.5682
			    227.8124
			    -266.3301
			    -596.5682
			    -206.8124
			    280.3301
	==================================================================================
	Q5:
		Shape: Hybrid
		q_c:    366.5000    328.5000    496.5000
		ub :    374.9711    335.5464    503.5169
		lb :    358.0289    321.4536    489.4831
		P^-1: 
			    0.0500    0.0605    -0.0384
			    0.0605    0.1638    -0.0909
			    -0.0384    -0.0909    0.0876
		A:
			    -0.0325    0.7502    -0.6604
			    -0.7236    -0.4764    0.4995
			    -0.1444    -0.9613    0.2345
			    0.2352    0.8900    -0.3906
			    0.1195    0.8675    -0.4829
			    -0.5220    -0.6384    0.5657
		b:
			    -91.3272
			    -171.0873
			    -250.2618
			    185.9836
			    90.4533
			    -118.7011
	==================================================================================
	Q6:
		Shape: Polyhedra
		q_c:    397.0000    310.0000    506.5000
		ub :    409.0468    322.1512    513.7336
		lb :    384.9532    297.8488    499.2664
		A:
			    0.7061    0.0697    0.7047
			    0.5647    -0.2128    0.7974
			    0.0655    -0.2704    0.9605
			    0.2821    0.4110    0.8669
			    0.1110    0.1524    0.9821
			    -0.8762    -0.0206    0.4815
			    0.4239    0.0903    0.9012
			    -0.6796    0.6895    0.2505
			    -0.5988    -0.7186    0.3536
			    -0.4239    -0.0903    -0.9012
			    0.6796    -0.6895    -0.2505
			    0.5988    0.7186    -0.3536
		b:
			    662.6546
			    566.1972
			    432.7690
			    682.5035
			    592.5386
			    -101.7439
			    655.2257
			    80.8527
			    -274.3899
			    -650.2257
			    -60.8527
			    288.3899


===========================================================================================
===========================================================================================
S3:
	q_c:    67.0000    416.0000    157.0000
	ub :    70.0000    434.0000    177.0000
	lb :    64.0000    398.0000    137.0000

	==================================================================================
	Q1:
		Shape: Polyhedra
		q_c:    68.5000    414.5000    154.5000
		ub :    70.1343    416.4958    156.6748
		lb :    66.8657    412.5042    152.3252
		A:
			    -0.8278    -0.5413    0.1473
			    -0.6643    -0.6885    -0.2910
			    -0.8540    -0.3993    0.3336
			    -0.9164    -0.4003    -0.0070
			    -0.7581    0.1395    0.6370
			    0.7511    0.5878    -0.3007
			    0.7971    0.5540    0.2402
			    0.2996    -0.7082    0.6394
			    0.5243    -0.4377    -0.7304
			    -0.7971    -0.5540    -0.2402
			    -0.2996    0.7082    -0.6394
			    -0.5243    0.4377    0.7304
		b:
			    -257.5897
			    -375.2755
			    -171.5123
			    -229.1237
			    105.6948
			    249.5229
			    321.8522
			    -172.7311
			    -256.8584
			    -320.8522
			    175.7311
			    259.8584
	==================================================================================
	Q2:
		Shape: Hybrid
		q_c:    70.5000    415.5000    159.0000
		ub :    72.9526    417.5987    161.2168
		lb :    68.0474    413.4013    156.7832
		P^-1: 
			    0.2637    0.0304    -0.0394
			    0.0304    0.4393    0.0066
			    -0.0394    0.0066    0.4358
		A:
			    0.2913    0.0355    0.9560
			    -0.6657    0.6957    -0.2700
			    -0.8324    0.5464    0.0922
			    -0.6357    -0.7256    0.2634
			    -0.2077    -0.1749    -0.9624
			    0.5524    0.8335    -0.0103
		b:
			    188.1768
			    200.2990
			    184.1378
			    -303.5549
			    -239.5241
			    384.4726
	==================================================================================
	Q3:
		Shape: Ellipse
		q_c:    64.5000    416.5000    155.0000
		ub :    66.7939    419.0686    157.2903
		lb :    62.2061    413.9314    152.7097
		P^-1: 
			    0.4354    0.0397    -0.0105
			    0.0397    0.2711    0.0457
			    -0.0105    0.0457    0.4324
	==================================================================================
	Q4:
		Shape: Ellipse
		q_c:    68.0000    417.5000    159.5000
		ub :    70.4447    419.9054    161.8743
		lb :    65.5553    415.0946    157.1257
		P^-1: 
			    0.4367    -0.0375    -0.0058
			    -0.0375    0.2621    -0.0282
			    -0.0058    -0.0282    0.4401
	==================================================================================
	Q5:
		Shape: Polyhedra
		q_c:    66.0000    416.0000    158.5000
		ub :    67.3682    417.5122    160.3023
		lb :    64.6318    414.4878    156.6977
		A:
			    -0.1251    0.5654    -0.8153
			    0.5219    -0.1285    0.8433
			    -0.3991    0.8769    0.2678
			    -0.1828    0.8974    0.4015
			    0.5196    -0.6057    -0.6026
			    0.5134    -0.5791    0.6333
			    0.9739    0.2039    0.0997
			    0.1718    -0.9493    0.2633
			    0.1483    -0.2393    -0.9595
			    -0.9739    -0.2039    -0.0997
			    -0.1718    0.9493    -0.2633
			    -0.1483    0.2393    0.9595
		b:
			    98.9258
			    115.9279
			    382.0609
			    426.1212
			    -311.8672
			    -105.5277
			    165.8959
			    -340.8329
			    -240.3551
			    -163.8959
			    342.8329
			    243.3551
	==================================================================================
	Q6:
		Shape: Polyhedra
		q_c:    65.0000    415.0000    155.5000
		ub :    66.5021    416.7571    157.1872
		lb :    63.4979    413.2429    153.8128
		A:
			    0.3496    0.7011    -0.6214
			    0.0770    0.5433    0.8360
			    -0.7875    -0.5840    -0.1969
			    0.0887    -0.2875    -0.9537
			    0.3538    -0.2804    0.8923
			    -0.1969    -0.5304    0.8246
			    0.7360    0.1817    0.6521
			    -0.6742    0.1095    0.7304
			    0.0613    -0.9772    0.2031
			    -0.7360    -0.1817    -0.6521
			    0.6742    -0.1095    -0.7304
			    -0.0613    0.9772    -0.2031
		b:
			    218.3948
			    361.5457
			    -323.0227
			    -260.8355
			    46.5123
			    -103.4568
			    225.6531
			    116.2152
			    -368.4821
			    -223.6531
			    -114.2152
			    371.4821


===========================================================================================
===========================================================================================
S4:
	q_c:    171.0000    224.5000    127.0000
	ub :    173.0000    244.0000    146.0000
	lb :    169.0000    205.0000    108.0000

	==================================================================================
	Q1:
		Shape: Hybrid
		q_c:    171.0000    227.5000    130.0000
		ub :    173.5316    230.3574    132.8345
		lb :    168.4684    224.6426    127.1655
		P^-1: 
			    0.7086    -0.0228    -0.3649
			    -0.0228    0.2511    0.0182
			    -0.3649    0.0182    0.5403
		A:
			    0.6566    0.0771    -0.7503
			    -0.7017    0.0548    0.7104
			    -0.3334    0.1236    0.9346
			    -0.1749    0.9467    0.2704
			    -0.4913    0.2129    0.8446
			    -0.8784    -0.0154    0.4776
		b:
			    32.8544
			    -14.6530
			    93.4781
			    222.0411
			    74.9400
			    -91.0596
	==================================================================================
	Q2:
		Shape: Ellipse
		q_c:    170.0000    222.5000    125.5000
		ub :    171.8059    224.7499    127.1327
		lb :    168.1941    220.2501    123.8673
		P^-1: 
			    1.9426    -0.1137    -1.5477
			    -0.1137    0.5050    -0.4264
			    -1.5477    -0.4264    2.8024
	==================================================================================
	Q3:
		Shape: Ellipse
		q_c:    173.5000    223.0000    130.5000
		ub :    175.9594    225.4796    132.9906
		lb :    171.0406    220.5204    128.0094
		P^-1: 
			    0.4444    0.0000    0.0000
			    0.0000    0.4444    0.0000
			    0.0000    0.0000    0.4444
	==================================================================================
	Q4:
		Shape: Hybrid
		q_c:    171.0000    224.5000    128.0000
		ub :    173.2196    226.8019    130.1145
		lb :    168.7804    222.1981    125.8855
		P^-1: 
			    0.7824    0.2966    -0.1670
			    0.2966    0.5957    0.2276
			    -0.1670    0.2276    0.8718
		A:
			    -0.3903    -0.6994    0.5987
			    0.7091    -0.1561    -0.6876
			    0.3910    -0.2976    0.8710
			    -0.3488    0.5325    0.7712
			    0.2272    -0.7973    -0.5592
			    -0.0996    0.3077    -0.9463
		b:
			    -146.2411
			    -1.2312
			    112.7383
			    159.2161
			    -210.9132
			    -68.0400
	==================================================================================
	Q5:
		Shape: Ellipse
		q_c:    173.5000    225.0000    126.5000
		ub :    176.0143    227.3972    128.5371
		lb :    170.9857    222.6028    124.4629
		P^-1: 
			    0.4444    -0.0000    -0.0000
			    -0.0000    0.4444    -0.0000
			    -0.0000    -0.0000    0.4444
	==================================================================================
	Q6:
		Shape: Hybrid
		q_c:    172.5000    226.5000    126.5000
		ub :    175.1708    229.3780    129.0926
		lb :    169.8292    223.6220    123.9074
		P^-1: 
			    0.4132    -0.0569    0.0431
			    -0.0569    0.3407    0.0786
			    0.0431    0.0786    0.3850
		A:
			    -0.2759    0.5065    -0.8169
			    0.6185    -0.0435    0.7846
			    -0.6573    0.4465    0.6071
			    -0.4471    0.3019    0.8420
			    0.9696    -0.2204    -0.1060
			    0.1688    0.5850    0.7933
		b:
			    -35.1781
			    196.8666
			    65.3386
			    98.6192
			    104.7303
			    262.7167


===========================================================================================
===========================================================================================
S5:
	q_c:    180.0000    174.0000    391.0000
	ub :    193.0000    192.0000    421.0000
	lb :    167.0000    156.0000    361.0000

	==================================================================================
	Q1:
		Shape: Ellipse
		q_c:    188.0000    184.0000    381.0000
		ub :    196.8195    193.2183    392.5673
		lb :    179.1805    174.7817    369.4327
		P^-1: 
			    0.0279    0.0042    -0.0016
			    0.0042    0.0345    0.0100
			    -0.0016    0.0100    0.0177
	==================================================================================
	Q2:
		Shape: Hybrid
		q_c:    171.0000    169.0000    399.5000
		ub :    180.9060    180.2246    409.6708
		lb :    161.0940    157.7754    389.3292
		P^-1: 
			    0.0182    0.0014    -0.0015
			    0.0014    0.0232    -0.0056
			    -0.0015    -0.0056    0.0198
		A:
			    0.4620    0.4726    -0.7505
			    -0.4313    0.8559    0.2852
			    -0.6397    0.3323    0.6930
			    0.5469    0.8370    -0.0182
			    -0.3026    0.9381    0.1684
			    0.3428    -0.1756    -0.9229
		b:
			    -137.6176
			    189.3398
			    228.2390
			    231.5138
			    178.3187
			    -335.2231
	==================================================================================
	Q3:
		Shape: Hybrid
		q_c:    192.5000    165.0000    404.0000
		ub :    200.7767    176.8246    414.9922
		lb :    184.2233    153.1754    393.0078
		P^-1: 
			    0.0394    -0.0033    -0.0022
			    -0.0033    0.0205    -0.0131
			    -0.0022    -0.0131    0.0312
		A:
			    0.1825    -0.1823    0.9662
			    -0.4147    0.5277    -0.7413
			    0.1906    0.2907    0.9376
			    0.8014    0.3247    0.5023
			    -0.0807    -0.7409    0.6668
			    0.7036    0.1830    -0.6866
		b:
			    398.8589
			    -289.7275
			    469.0275
			    415.5841
			    134.5111
			    -109.1338
	==================================================================================
	Q4:
		Shape: Ellipse
		q_c:    176.5000    168.5000    402.5000
		ub :    187.5970    176.6689    413.2962
		lb :    165.4030    160.3311    391.7038
		P^-1: 
			    0.0280    -0.0197    0.0127
			    -0.0197    0.0557    -0.0244
			    0.0127    -0.0244    0.0335
	==================================================================================
	Q5:
		Shape: Ellipse
		q_c:    184.5000    176.5000    384.0000
		ub :    190.3000    182.7938    391.2414
		lb :    178.7000    170.2062    376.7586
		P^-1: 
			    0.0850    -0.0065    0.0169
			    -0.0065    0.0942    -0.0268
			    0.0169    -0.0268    0.0372
	==================================================================================
	Q6:
		Shape: Hybrid
		q_c:    170.5000    174.5000    386.5000
		ub :    184.6694    188.3915    398.3177
		lb :    156.3306    160.6085    374.6823
		P^-1: 
			    0.0124    -0.0007    -0.0018
			    -0.0007    0.0137    -0.0017
			    -0.0018    -0.0017    0.0166
		A:
			    -0.5979    0.5005    -0.6261
			    -0.8646    -0.2101    0.4564
			    -0.7921    -0.5061    0.3412
			    -0.5199    -0.4049    0.7522
			    -0.5400    -0.0274    -0.8412
			    -0.7696    0.6049    0.2046
		b:
			    -251.9200
			    -3.0324
			    -86.6182
			    135.3656
			    -416.9467
			    58.1764


===========================================================================================
===========================================================================================
S6:
	q_c:    431.5000    252.5000    80.0000
	ub :    451.0000    257.0000    104.0000
	lb :    412.0000    248.0000    56.0000

	==================================================================================
	Q1:
		Shape: Hybrid
		q_c:    430.5000    249.5000    80.0000
		ub :    433.1344    251.1749    82.5845
		lb :    427.8656    247.8251    77.4155
		P^-1: 
			    0.2906    0.1689    0.0166
			    0.1689    0.9526    0.0693
			    0.0166    0.0693    0.2568
		A:
			    -0.5740    -0.8032    0.1595
			    0.9678    0.1696    0.1861
			    0.3586    0.8124    -0.4598
			    -0.0721    0.8929    0.4444
			    -0.4227    -0.8635    -0.2753
			    0.4534    -0.8206    0.3478
		b:
			    -433.9811
			    475.2020
			    321.1762
			    228.0734
			    -418.8026
			    19.4312
	==================================================================================
	Q2:
		Shape: Hybrid
		q_c:    433.5000    254.0000    77.5000
		ub :    436.7902    257.9797    81.2138
		lb :    430.2098    250.0203    73.7862
		P^-1: 
			    0.1972    0.0377    0.0233
			    0.0377    0.1982    0.0236
			    0.0233    0.0236    0.1746
		A:
			    -0.7615    -0.3315    0.5570
			    -0.4054    -0.5095    -0.7590
			    0.1638    -0.4973    0.8520
			    -0.3294    -0.6917    -0.6427
			    0.3135    -0.8884    0.3354
			    0.3114    -0.6437    0.6991
		b:
			    -369.7443
			    -362.8672
			    12.2251
			    -367.2112
			    -62.2771
			    27.1800
	==================================================================================
	Q3:
		Shape: Ellipse
		q_c:    430.0000    252.5000    83.0000
		ub :    432.9143    255.3872    86.0251
		lb :    427.0857    249.6128    79.9749
		P^-1: 
			    0.3705    0.0174    0.0928
			    0.0174    0.2525    0.0134
			    0.0928    0.0134    0.3215
	==================================================================================
	Q4:
		Shape: Hybrid
		q_c:    430.0000    248.5000    83.0000
		ub :    433.6371    252.1629    86.3484
		lb :    426.3629    244.8371    79.6516
		P^-1: 
			    0.2461    0.0102    0.1036
			    0.0102    0.2810    0.1297
			    0.1036    0.1297    0.2784
		A:
			    0.3830    -0.5857    0.7143
			    -0.1928    0.9530    0.2337
			    0.3707    0.7193    0.5876
			    -0.6890    0.6549    0.3105
			    -0.9898    -0.1412    -0.0171
			    0.4370    -0.8217    -0.3658
		b:
			    80.0817
			    174.4571
			    387.7109
			    -106.5002
			    -460.6215
			    -45.5374
	==================================================================================
	Q5:
		Shape: Ellipse
		q_c:    435.0000    252.5000    81.0000
		ub :    438.1944    255.0940    84.2345
		lb :    431.8056    249.9060    77.7655
		P^-1: 
			    0.4524    -0.3597    0.0811
			    -0.3597    0.6836    -0.1859
			    0.0811    -0.1859    0.2740
	==================================================================================
	Q6:
		Shape: Ellipse
		q_c:    429.0000    255.5000    82.5000
		ub :    433.0352    258.5457    86.4452
		lb :    424.9648    252.4543    78.5548
		P^-1: 
			    0.1739    -0.0302    0.0119
			    -0.0302    0.2259    -0.0259
			    0.0119    -0.0259    0.1702


===========================================================================================
===========================================================================================
S7:
	q_c:    268.0000    175.5000    298.5000
	ub :    283.0000    187.0000    321.0000
	lb :    253.0000    164.0000    276.0000

	==================================================================================
	Q1:
		Shape: Hybrid
		q_c:    268.5000    180.0000    297.0000
		ub :    274.3242    185.8726    302.0891
		lb :    262.6758    174.1274    291.9109
		P^-1: 
			    0.0590    0.0156    0.0033
			    0.0156    0.1022    -0.0413
			    0.0033    -0.0413    0.1298
		A:
			    0.3109    0.0524    0.9490
			    -0.0464    -0.3269    0.9439
			    0.1454    0.8961    0.4193
			    0.9174    -0.0961    -0.3862
			    0.2642    -0.6297    -0.7305
			    -0.1740    -0.9845    -0.0203
		b:
			    376.5540
			    210.4204
			    327.2792
			    117.3742
			    -256.6235
			    -227.9004
	==================================================================================
	Q2:
		Shape: Polyhedra
		q_c:    271.0000    180.5000    305.5000
		ub :    277.7555    188.8878    313.7674
		lb :    264.2445    172.1122    297.2326
		A:
			    0.8534    -0.5180    0.0584
			    0.4506    -0.8116    -0.3719
			    0.4412    -0.6354    -0.6337
			    -0.5004    0.4950    0.7104
			    0.8608    -0.0343    -0.5078
			    0.7015    -0.3726    0.6075
			    0.8512    0.0901    0.5170
			    -0.2018    -0.8532    0.4810
			    0.4844    -0.5138    -0.7080
			    -0.8512    -0.0901    -0.5170
			    0.2018    0.8532    -0.4810
			    -0.4844    0.5138    0.7080
		b:
			    159.9644
			    -133.3145
			    -184.6164
			    174.7621
			    76.5418
			    313.2715
			    408.8935
			    -54.7381
			    -173.7671
			    -400.8935
			    68.7381
			    181.7671
	==================================================================================
	Q3:
		Shape: Hybrid
		q_c:    255.0000    168.5000    298.5000
		ub :    264.8001    176.5646    307.7990
		lb :    245.1999    160.4354    289.2010
		P^-1: 
			    0.0364    0.0103    0.0159
			    0.0103    0.0377    0.0121
			    0.0159    0.0121    0.0366
		A:
			    0.4782    0.5075    0.7168
			    -0.7892    0.2262    -0.5710
			    0.5740    0.0993    0.8128
			    0.7767    -0.4634    -0.4266
			    -0.1950    0.7087    0.6780
			    -0.9111    -0.4030    -0.0862
		b:
			    423.5087
			    -330.4162
			    408.3087
			    -2.7493
			    275.6187
			    -322.7249
	==================================================================================
	Q4:
		Shape: Hybrid
		q_c:    265.5000    181.0000    295.0000
		ub :    270.2145    187.8838    301.6920
		lb :    260.7855    174.1162    288.3080
		P^-1: 
			    0.2791    -0.1594    -0.1236
			    -0.1594    0.1420    0.0723
			    -0.1236    0.0723    0.1058
		A:
			    0.6787    -0.4068    -0.6115
			    0.4300    -0.8919    -0.1401
			    0.4503    -0.1022    0.8870
			    0.6919    -0.7005    0.1748
			    -0.7255    -0.6480    0.2319
			    -0.7841    -0.3472    0.5144
		b:
			    -72.6920
			    -86.3613
			    366.8833
			    110.6092
			    -237.3180
			    -116.1082
	==================================================================================
	Q5:
		Shape: Ellipse
		q_c:    267.0000    168.0000    295.5000
		ub :    272.3716    175.5172    302.9246
		lb :    261.6284    160.4828    288.0754
		P^-1: 
			    0.1957    0.0898    0.0296
			    0.0898    0.0862    0.0046
			    0.0296    0.0046    0.0453
	==================================================================================
	Q6:
		Shape: Hybrid
		q_c:    283.0000    169.0000    306.5000
		ub :    288.9289    174.5771    311.7745
		lb :    277.0711    163.4229    301.2255
		P^-1: 
			    0.0741    0.0024    -0.0217
			    0.0024    0.0506    0.0034
			    -0.0217    0.0034    0.0983
		A:
			    -0.9526    0.1935    0.2347
			    -0.6009    0.5759    0.5543
			    0.1058    0.4810    -0.8703
			    0.6682    0.3520    -0.6554
			    -0.2732    0.2992    -0.9143
			    -0.3456    0.2036    0.9160
		b:
			    -162.8290
			    99.2976
			    -153.3827
			    49.5001
			    -304.6962
			    218.9338


===========================================================================================
===========================================================================================
S8:
	q_c:    75.0000    444.5000    261.5000
	ub :    89.0000    457.0000    281.0000
	lb :    61.0000    432.0000    242.0000

	==================================================================================
	Q1:
		Shape: Hybrid
		q_c:    86.0000    446.0000    276.5000
		ub :    93.7710    453.4935    283.5344
		lb :    78.2290    438.5065    269.4656
		P^-1: 
			    0.0510    0.0083    -0.0239
			    0.0083    0.0683    -0.0336
			    -0.0239    -0.0336    0.0690
		A:
			    -0.7198    0.5223    -0.4572
			    -0.0768    0.7731    -0.6296
			    -0.1332    -0.9685    -0.2102
			    -0.3097    -0.0833    0.9472
			    -0.5629    -0.8178    0.1200
			    -0.9754    -0.1498    0.1615
		b:
			    47.8203
			    166.0022
			    -498.1046
			    200.5747
			    -377.1106
			    -102.9898
	==================================================================================
	Q2:
		Shape: Polyhedra
		q_c:    64.0000    441.0000    265.0000
		ub :    71.2306    449.1454    273.0084
		lb :    56.7694    432.8546    256.9916
		A:
			    -0.3139    -0.8511    -0.4208
			    -0.8476    -0.5191    0.1101
			    0.6954    0.1608    -0.7004
			    -0.9647    -0.1984    -0.1731
			    0.2782    0.6700    -0.6883
			    0.6719    0.7366    -0.0774
			    0.2600    0.3873    0.8846
			    -0.6660    0.7352    -0.1262
			    -0.6992    -0.5563    0.4490
			    -0.2600    -0.3873    -0.8846
			    0.6660    -0.7352    0.1262
			    0.6992    0.5563    -0.4490
		b:
			    -500.9752
			    -250.6111
			    -66.4822
			    -190.3704
			    134.5347
			    350.9433
			    428.8317
			    253.6728
			    -168.5856
			    -414.8317
			    -242.6728
			    173.5856
	==================================================================================
	Q3:
		Shape: Polyhedra
		q_c:    83.0000    435.0000    257.5000
		ub :    90.1585    445.7858    267.5620
		lb :    75.8415    424.2142    247.4380
		A:
			    -0.8497    0.3101    0.4265
			    -0.9966    -0.0194    -0.0807
			    -0.8203    -0.4192    0.3890
			    -0.7150    -0.2999    0.6316
			    0.4247    -0.8959    0.1302
			    -0.7833    -0.0114    0.6215
			    0.1635    0.8113    0.5613
			    0.7998    0.2240    -0.5568
			    -0.5775    0.5400    -0.6123
			    -0.1635    -0.8113    -0.5613
			    -0.7998    -0.2240    0.5568
			    0.5775    -0.5400    0.6123
		b:
			    178.9609
			    -107.3819
			    -146.1633
			    -23.6157
			    -314.3181
			    93.9672
			    520.0215
			    23.9630
			    34.3009
			    -502.0215
			    -16.9630
			    -24.3009
	==================================================================================
	Q4:
		Shape: Polyhedra
		q_c:    66.5000    459.0000    253.5000
		ub :    75.9511    465.8310    263.4006
		lb :    57.0489    452.1690    243.5994
		A:
			    -0.9351    0.1031    -0.3390
			    -0.1850    0.8507    -0.4920
			    0.7416    -0.3097    -0.5950
			    -0.9116    0.3929    -0.1212
			    -0.8755    -0.4552    0.1622
			    0.5623    -0.2540    0.7870
			    0.8024    0.4446    0.3981
			    -0.4902    0.1107    0.8645
			    0.3403    -0.8889    0.3068
			    -0.8024    -0.4446    -0.3981
			    0.4902    -0.1107    -0.8645
			    -0.3403    0.8889    -0.3068
		b:
			    -95.5790
			    257.7475
			    -236.6031
			    94.2025
			    -219.9765
			    125.5534
			    363.8271
			    244.8798
			    -303.6005
			    -352.8271
			    -229.8798
			    311.6005
	==================================================================================
	Q5:
		Shape: Ellipse
		q_c:    80.5000    445.5000    256.0000
		ub :    89.2358    455.3585    265.6647
		lb :    71.7642    435.6415    246.3353
		P^-1: 
			    0.0381    0.0004    0.0113
			    0.0004    0.0201    0.0056
			    0.0113    0.0056    0.0367
	==================================================================================
	Q6:
		Shape: Polyhedra
		q_c:    80.0000    441.5000    251.0000
		ub :    89.5111    450.9961    259.6810
		lb :    70.4889    432.0039    242.3190
		A:
			    -0.8358    -0.4285    -0.3433
			    -0.2403    -0.9706    0.0106
			    0.6148    -0.5440    0.5711
			    0.0226    0.3502    0.9364
			    0.6693    0.2422    0.7024
			    -0.7537    -0.2756    0.5967
			    0.5912    0.6489    0.4789
			    0.0154    0.5846    -0.8112
			    -0.8063    0.4870    0.3356
			    -0.5912    -0.6489    -0.4789
			    -0.0154    -0.5846    0.8112
			    0.8063    -0.4870    -0.3356
		b:
			    -337.8751
			    -440.5755
			    -40.9534
			    397.0787
			    340.5938
			    -24.9180
			    456.9990
			    60.7236
			    244.2403
			    -450.9990
			    -50.7236
			    -225.2403


===========================================================================================
===========================================================================================
S9:
	q_c:    336.0000    69.5000    72.0000
	ub :    361.0000    87.0000    95.0000
	lb :    311.0000    52.0000    49.0000

	==================================================================================
	Q1:
		Shape: Polyhedra
		q_c:    346.5000    71.5000    85.0000
		ub :    350.7139    77.8708    93.1843
		lb :    342.2861    65.1292    76.8157
		A:
			    0.1354    0.3678    -0.9200
			    -0.1001    -0.6433    -0.7590
			    0.9351    0.1369    0.3270
			    0.9908    -0.0594    0.1215
			    -0.9189    0.0037    -0.3945
			    0.8762    0.3337    0.3477
			    0.9606    0.1513    0.2329
			    0.1534    -0.9881    0.0092
			    0.2316    0.0269    -0.9724
			    -0.9606    -0.1513    -0.2329
			    -0.1534    0.9881    -0.0092
			    -0.2316    -0.0269    0.9724
		b:
			    2.7770
			    -138.5002
			    363.2674
			    351.5160
			    -349.4745
			    359.1400
			    364.9831
			    -10.7125
			    7.5008
			    -361.9831
			    22.7125
			    8.4992
	==================================================================================
	Q2:
		Shape: Hybrid
		q_c:    336.0000    66.5000    64.5000
		ub :    343.4438    73.2271    72.3607
		lb :    328.5562    59.7729    56.6393
		P^-1: 
			    0.0748    -0.0470    -0.0110
			    -0.0470    0.0964    0.0511
			    -0.0110    0.0511    0.0717
		A:
			    0.0025    -0.8410    -0.5410
			    -0.0733    0.7288    0.6808
			    0.8717    -0.0363    0.4887
			    -0.8491    0.5122    -0.1292
			    0.9176    0.3398    0.2062
			    0.5247    0.7299    0.4380
		b:
			    -87.9944
			    69.3493
			    324.7464
			    -257.5017
			    348.0251
			    256.4745
	==================================================================================
	Q3:
		Shape: Hybrid
		q_c:    354.5000    76.0000    55.0000
		ub :    363.4740    83.2552    63.0910
		lb :    345.5260    68.7448    46.9090
		P^-1: 
			    0.0199    0.0018    0.0076
			    0.0018    0.0303    0.0067
			    0.0076    0.0067    0.0447
		A:
			    -0.4781    0.0694    0.8756
			    -0.2400    -0.1061    0.9650
			    0.2960    0.6202    0.7265
			    0.5447    -0.8371    0.0511
			    0.3939    -0.9032    0.1707
			    0.5964    -0.5560    0.5789
		b:
			    -112.1157
			    -36.7017
			    194.4781
			    136.4235
			    84.3167
			    204.7425
	==================================================================================
	Q4:
		Shape: Ellipse
		q_c:    321.0000    69.5000    78.0000
		ub :    328.2853    75.4127    85.8011
		lb :    313.7147    63.5873    70.1989
		P^-1: 
			    0.0731    0.0235    0.0300
			    0.0235    0.0789    0.0074
			    0.0300    0.0074    0.0494
	==================================================================================
	Q5:
		Shape: Ellipse
		q_c:    350.0000    57.5000    62.0000
		ub :    362.4830    68.9016    71.8161
		lb :    337.5170    46.0984    52.1839
		P^-1: 
			    0.0267    -0.0043    -0.0220
			    -0.0043    0.0172    -0.0021
			    -0.0220    -0.0021    0.0489
	==================================================================================
	Q6:
		Shape: Hybrid
		q_c:    350.0000    89.0000    60.5000
		ub :    363.0211    98.4384    73.5325
		lb :    336.9789    79.5616    47.4675
		P^-1: 
			    0.0145    -0.0067    0.0025
			    -0.0067    0.0411    -0.0138
			    0.0025    -0.0138    0.0199
		A:
			    0.7977    0.4932    -0.3470
			    -0.0484    0.4246    -0.9041
			    0.5196    -0.7271    0.4486
			    0.5350    -0.7472    0.3944
			    -0.3097    0.9315    0.1910
			    -0.0300    -0.5216    -0.8527
		b:
			    307.9654
			    -29.5753
			    147.2817
			    147.5959
			    -9.8861
			    -102.0176


===========================================================================================
===========================================================================================
S10:
	q_c:    479.5000    119.0000    314.5000
	ub :    491.0000    146.0000    335.0000
	lb :    468.0000    92.0000    294.0000

	==================================================================================
	Q1:
		Shape: Polyhedra
		q_c:    475.0000    133.0000    311.0000
		ub :    479.4074    140.1561    318.4193
		lb :    470.5926    125.8439    303.5807
		A:
			    0.5681    0.8216    -0.0469
			    0.3799    0.6820    0.6249
			    -0.3978    -0.7706    0.4980
			    0.3320    0.7234    0.6053
			    -0.3712    0.9189    0.1337
			    -0.9474    -0.0500    -0.3163
			    0.8932    0.4285    0.1364
			    0.4456    -0.8842    -0.1400
			    0.0607    0.1858    -0.9807
			    -0.8932    -0.4285    -0.1364
			    -0.4456    0.8842    0.1400
			    -0.0607    -0.1858    0.9807
		b:
			    367.9691
			    469.9975
			    -131.4785
			    446.7849
			    -6.5682
			    -552.1027
			    525.1882
			    56.4917
			    -244.9682
			    -522.1882
			    -44.4917
			    257.9682
	==================================================================================
	Q2:
		Shape: Ellipse
		q_c:    488.0000    122.0000    325.5000
		ub :    490.7982    129.5213    333.0481
		lb :    485.2018    114.4787    317.9519
		P^-1: 
			    0.2475    -0.0092    -0.0213
			    -0.0092    0.0426    -0.0186
			    -0.0213    -0.0186    0.0460
	==================================================================================
	Q3:
		Shape: Polyhedra
		q_c:    472.5000    129.5000    313.0000
		ub :    478.8170    134.2305    319.6130
		lb :    466.1830    124.7695    306.3870
		A:
			    0.8493    0.5276    0.0167
			    -0.9902    -0.0723    -0.1197
			    0.4525    0.8902    0.0520
			    -0.4078    -0.4962    -0.7664
			    -0.2744    0.4706    -0.8386
			    -0.9018    -0.3720    -0.2202
			    0.5980    0.2568    0.7592
			    -0.7954    0.0734    0.6017
			    0.0988    -0.9637    0.2482
			    -0.5980    -0.2568    -0.7592
			    0.7954    -0.0734    -0.6017
			    -0.0988    0.9637    -0.2482
		b:
			    478.9902
			    -510.4170
			    349.1110
			    -492.8743
			    -327.3870
			    -539.0210
			    557.4598
			    -173.4818
			    3.0711
			    -549.4598
			    182.4818
			    3.9289
	==================================================================================
	Q4:
		Shape: Polyhedra
		q_c:    474.0000    114.0000    309.5000
		ub :    481.8959    120.3462    317.7255
		lb :    466.1041    107.6538    301.2745
		A:
			    0.4359    0.1356    -0.8897
			    0.0727    0.9686    -0.2376
			    0.2372    0.7041    -0.6693
			    -0.6663    0.7085    0.2327
			    0.9991    0.0430    -0.0054
			    0.3045    -0.1613    -0.9388
			    0.1007    0.9940    0.0419
			    0.7997    -0.0558    -0.5979
			    -0.5920    0.0937    -0.8005
			    -0.1007    -0.9940    -0.0419
			    -0.7997    0.0558    0.5979
			    0.5920    -0.0937    0.8005
		b:
			    -48.4603
			    76.9090
			    -8.9920
			    -158.0841
			    482.0251
			    -159.4482
			    179.5056
			    191.6479
			    -510.6607
			    -168.5056
			    -183.6479
			    524.6607
	==================================================================================
	Q5:
		Shape: Ellipse
		q_c:    479.5000    113.5000    306.0000
		ub :    484.6177    119.6256    311.7457
		lb :    474.3823    107.3744    300.2543
		P^-1: 
			    0.3067    0.0522    -0.1833
			    0.0522    0.0594    -0.0398
			    -0.1833    -0.0398    0.1677
	==================================================================================
	Q6:
		Shape: Polyhedra
		q_c:    474.5000    129.5000    314.5000
		ub :    481.5367    136.2352    320.5765
		lb :    467.4633    122.7648    308.4235
		A:
			    0.0200    0.9569    -0.2898
			    -0.9414    -0.1088    0.3193
			    -0.7429    0.4719    -0.4748
			    -0.4422    -0.7418    0.5041
			    0.9210    0.0590    -0.3852
			    0.9005    -0.3984    0.1742
			    0.6315    0.6346    0.4455
			    0.6776    -0.7310    0.0807
			    0.3769    0.2510    -0.8916
			    -0.6315    -0.6346    -0.4455
			    -0.6776    0.7310    -0.0807
			    -0.3769    -0.2510    0.8916
		b:
			    46.3014
			    -356.1818
			    -436.9297
			    -143.0970
			    327.5882
			    434.2435
			    526.9544
			    255.7317
			    -65.0910
			    -516.9544
			    -248.7317
			    73.0910


===========================================================================================
===========================================================================================
S11:
	q_c:    52.0000    128.0000    475.0000
	ub :    78.0000    144.0000    492.0000
	lb :    26.0000    112.0000    458.0000

	==================================================================================
	Q1:
		Shape: Ellipse
		q_c:    37.0000    118.5000    479.0000
		ub :    45.7971    126.0309    486.8461
		lb :    28.2029    110.9691    471.1539
		P^-1: 
			    0.0377    0.0008    0.0032
			    0.0008    0.0397    -0.0011
			    0.0032    -0.0011    0.0356
	==================================================================================
	Q2:
		Shape: Ellipse
		q_c:    61.0000    127.0000    470.0000
		ub :    65.6874    132.6305    475.9592
		lb :    56.3126    121.3695    464.0408
		P^-1: 
			    0.1100    -0.0031    0.0082
			    -0.0031    0.1024    0.0231
