3D_30_12_6_a                l = 3

===========================================================================================
===========================================================================================
S1:
	q_c:	350.0	414.5	184.5
	ub :	371.8831	441.7572	204.6047
	lb :	333.8828	392.6769	163.909

	==================================================================================
	Q1:
		Shape: Ellipse
		q_c:	355.5	414.5	182.0
		ub :	367.2069	426.4769	195.3084
		lb :	343.7931	402.5231	168.6916
		P^-1:
			0.0213	-0.0011	0.0038
			-0.0011	0.0148	0.0025
			0.0038	0.0025	0.0177
	==================================================================================
	Q2:
		Shape: Polyhedra
		q_c:	342.0	401.5	170.5
		ub :	350.1172	409.4889	177.091
		lb :	333.8828	393.5111	163.909
		A:
			-0.44	0.3058	-0.8443
			-0.1721	0.0787	0.9819
			0.654	0.2742	-0.7051
			-0.3554	0.4589	-0.8143
			-0.1176	-0.0838	-0.9895
			-0.8914	0.4147	-0.183
			0.8089	0.5626	0.1705
			0.328	-0.6726	0.6633
			0.4879	-0.4806	-0.7287
			-0.8089	-0.5626	-0.1705
			-0.328	0.6726	-0.6633
			-0.4879	0.4806	0.7287
		b:
			-167.3818
			144.1775
			218.2544
			-72.0954
			-238.3391
			-164.9287
			537.627
			-40.7879
			-146.3437
			-525.627
			48.7879
			154.3437
	==================================================================================
	Q3:
		Shape: Hybrid
		q_c:	358.5	418.5	174.5
		ub :	367.5397	427.3638	184.0187
		lb :	349.4603	409.6362	164.9813
		P^-1:
			0.0731	0.0722	0.0081
			0.0722	0.0983	0.0089
			0.0081	0.0089	0.0165
		A:
			-0.1707	0.6362	0.7524
			-0.0708	-0.4101	-0.9093
			-0.5201	-0.8541	0.0
			-0.7889	-0.6039	0.1137
			0.6188	0.7437	0.2531
			0.7693	0.557	0.3128
		b:
			342.8395
			-349.495
			-542.2682
			-513.4987
			578.7992
			565.8789
	==================================================================================
	Q4:
		Shape: Hybrid
		q_c:	345.0	430.0	180.5
		ub :	353.7947	441.7572	192.4395
		lb :	336.2053	418.2428	168.5605
		P^-1:
			0.0354	0.0056	-0.0081
			0.0056	0.0183	0.0012
			-0.0081	0.0012	0.0205
		A:
			-0.3638	-0.233	0.9019
			0.1012	0.9877	-0.1193
			-0.4017	-0.9123	-0.0802
			0.7785	-0.5449	-0.3115
			0.9037	0.4097	-0.1246
			0.532	0.15	-0.8333
		b:
			-58.7519
			443.1534
			-541.0405
			-17.9252
			468.1817
			101.1938
	==================================================================================
	Q5:
		Shape: Hybrid
		q_c:	365.5	403.0	198.0
		ub :	371.8831	413.3231	204.6047
		lb :	359.1169	392.6769	191.3953
		P^-1:
			0.0477	-0.0069	-0.0036
			-0.0069	0.0394	-0.0567
			-0.0036	-0.0567	0.1333
		A:
			0.596	0.5028	-0.626
			0.4594	0.4513	-0.765
			-0.1867	-0.3945	0.8997
			0.0327	0.3394	-0.9401
			-0.355	0.0889	-0.9306
			-0.2249	-0.607	0.7623
		b:
			299.5519
			200.4424
			-47.7406
			-36.0357
			-274.9834
			-173.5653
	==================================================================================
	Q6:
		Shape: Polyhedra
		q_c:	350.0	402.0	184.0
		ub :	359.5419	411.2109	191.3099
		lb :	340.4581	392.7891	176.6901
		A:
			-0.2731	0.06	-0.9601
			-0.4382	-0.0511	0.8974
			0.1951	-0.5976	0.7777
			-0.4411	0.5214	-0.7305
			-0.8467	-0.5313	0.0291
			-0.1682	-0.9566	-0.2382
			0.5045	0.3987	0.7659
			-0.7758	0.5987	0.1994
			-0.379	-0.6948	0.6113
			-0.5045	-0.3987	-0.7659
			0.7758	-0.5987	-0.1994
			0.379	0.6948	-0.6113
		b:
			-243.9566
			-3.4654
			-23.947
			-73.8994
			-499.7898
			-482.0093
			481.7575
			13.3238
			-294.9559
			-473.7575
			1.6762
			303.9559


===========================================================================================
===========================================================================================
S2:
	q_c:	140.0	509.5	449.5
	ub :	148.4829	524.2007	459.3974
	lb :	129.9122	495.9484	443.1994

	==================================================================================
	Q1:
		Shape: Ellipse
		q_c:	139.5	508.5	456.5
		ub :	144.8387	513.6993	458.7394
		lb :	134.1613	503.3007	454.2606
		P^-1:
			0.0727	0.0022	0.0616
			0.0022	0.063	0.0134
			0.0616	0.0134	0.4337
	==================================================================================
	Q2:
		Shape: Ellipse
		q_c:	144.0	506.0	450.5
		ub :	148.4829	511.4306	455.8489
		lb :	139.5171	500.5694	445.1511
		P^-1:
			0.1068	0.0075	0.014
			0.0075	0.0409	0.0021
			0.014	0.0021	0.0528
	==================================================================================
	Q3:
		Shape: Polyhedra
		q_c:	136.0	519.0	448.0
		ub :	140.7308	524.2007	452.8006
		lb :	131.2692	513.7993	443.1994
		A:
			-0.5917	-0.7461	0.3055
			0.3684	-0.489	0.7906
			0.3311	0.9078	0.2576
			-0.808	-0.4446	-0.3866
			0.4715	-0.7671	-0.435
			0.9612	0.2503	0.1159
			0.1663	0.6383	0.7516
			-0.7625	0.5665	-0.3124
			-0.6252	-0.5212	0.5809
			-0.1663	-0.6383	-0.7516
			0.7625	-0.5665	0.3124
			0.6252	0.5212	-0.5809
		b:
			-328.2595
			153.7337
			634.435
			-510.8463
			-525.677
			315.57
			693.6144
			53.8769
			-92.7625
			-687.6144
			-46.8769
			97.7625
	==================================================================================
	Q4:
		Shape: Polyhedra
		q_c:	138.5	513.0	454.0
		ub :	143.2647	516.6398	458.0305
		lb :	133.7353	509.3602	449.9695
		A:
			0.9372	0.2469	0.2463
			0.1939	-0.4217	0.8857
			0.2118	0.3047	-0.9286
			-0.7749	-0.0966	0.6247
			0.5751	-0.4826	0.6606
			-0.8814	0.0696	0.4673
			0.8675	0.3296	0.3726
			0.2807	-0.9427	0.1803
			0.4107	-0.0518	-0.9103
			-0.8675	-0.3296	-0.3726
			-0.2807	0.9427	-0.1803
			-0.4107	0.0518	0.9103
		b:
			371.7839
			215.2925
			-233.4027
			129.4893
			134.8904
			128.6258
			461.8651
			-360.3864
			-380.4911
			-454.8651
			365.3864
			385.4911
	==================================================================================
	Q5:
		Shape: Hybrid
		q_c:	142.5	500.5	453.0
		ub :	147.8095	505.0516	459.3974
		lb :	137.1905	495.9484	446.6026
		P^-1:
			0.0826	-0.0077	0.0111
			-0.0077	0.1069	-0.0092
			0.0111	-0.0092	0.0363
		A:
			-0.4886	-0.6824	-0.5437
			0.3618	0.9304	-0.0582
			0.6089	0.7522	-0.252
			0.4511	-0.7119	-0.5382
			-0.5056	0.7329	-0.4553
			-0.0983	0.9868	-0.1285
		b:
			-654.934
			492.6028
			351.1634
			-532.9618
			90.3263
			423.2161
	==================================================================================
	Q6:
		Shape: Ellipse
		q_c:	135.5	516.5	451.5
		ub :	141.0878	522.6359	456.5344
		lb :	129.9122	510.3641	446.4656
		P^-1:
			0.0932	-0.0226	-0.0166
			-0.0226	0.0827	-0.0209
			-0.0166	-0.0209	0.0957


===========================================================================================
===========================================================================================
S3:
	q_c:	285.0	383.0	378.0
	ub :	293.5148	389.3359	383.0089
	lb :	273.5521	373.7508	369.6358

	==================================================================================
	Q1:
		Shape: Polyhedra
		q_c:	286.5	385.0	377.0
		ub :	289.9491	389.3359	381.3669
		lb :	283.0509	380.6641	372.6331
		A:
			-0.8488	0.1883	-0.494
			0.7803	0.5427	-0.3109
			0.7482	0.0878	0.6577
			-0.2707	-0.2968	-0.9157
			0.3214	0.9036	-0.2833
			0.4059	0.9137	-0.0218
			0.5564	0.6703	0.491
			-0.14	0.6581	-0.7398
			-0.819	0.3429	0.46
			-0.5564	-0.6703	-0.491
			0.14	-0.6581	0.7398
			0.819	-0.3429	-0.46
		b:
			-354.3715
			317.7449
			498.7084
			-534.4803
			335.9329
			462.5026
			605.0925
			-62.6453
			72.7761
			-600.0925
			68.6453
			-68.7761
	==================================================================================
	Q2:
		Shape: Ellipse
		q_c:	284.0	383.5	377.5
		ub :	286.6839	386.9024	381.5503
		lb :	281.3161	380.0976	373.4497
		P^-1:
			0.3549	-0.0871	-0.0456
			-0.0871	0.3131	0.0766
			-0.0456	0.0766	0.1081
	==================================================================================
	Q3:
		Shape: Polyhedra
		q_c:	289.5	379.5	375.5
		ub :	293.5148	383.5133	379.6587
		lb :	285.4852	375.4867	371.3413
		A:
			-0.3791	0.8944	0.2374
			-0.4747	0.8551	-0.2084
			-0.8497	-0.2713	0.4522
			0.2413	-0.0877	0.9665
			-0.5449	-0.7975	-0.2589
			0.4212	-0.4238	0.8018
			0.2578	0.8225	0.507
			0.5625	0.2989	-0.7709
			-0.7856	0.484	-0.3856
			-0.2578	-0.8225	-0.507
			-0.5625	-0.2989	0.7709
			0.7856	-0.484	0.3856
		b:
			321.3035
			111.3687
			-176.64
			401.9662
			-555.139
			264.7056
			579.6571
			-10.7002
			-186.0371
			-574.6571
			15.7002
			191.0371
	==================================================================================
	Q4:
		Shape: Hybrid
		q_c:	279.0	379.0	374.0
		ub :	283.2811	381.3772	378.3642
		lb :	274.7189	376.6228	369.6358
		P^-1:
			0.1113	0.0052	-0.0005
			0.0052	0.2488	-0.012
			-0.0005	-0.012	0.1122
		A:
			0.8886	0.1599	-0.43
			-0.8289	-0.4934	0.2636
			-0.3988	-0.8511	-0.3414
			0.2268	0.7837	-0.5783
			0.8733	0.2298	-0.4296
			-0.4421	0.896	0.042
		b:
			149.6414
			-317.9426
			-560.1625
			145.3229
			172.0099
			233.2369
	==================================================================================
	Q5:
		Shape: Ellipse
		q_c:	277.5	377.5	374.0
		ub :	281.4479	381.2492	377.7061
		lb :	273.5521	373.7508	370.2939
		P^-1:
			0.1898	-0.0076	-0.0417
			-0.0076	0.1619	0.0106
			-0.0417	0.0106	0.2183
	==================================================================================
	Q6:
		Shape: Ellipse
		q_c:	278.5	385.0	380.0
		ub :	281.4916	388.5989	383.0089
		lb :	275.5084	381.4011	376.9911
		P^-1:
			0.2339	-0.0326	-0.0112
			-0.0326	0.1839	-0.0227
			-0.0112	-0.0227	0.2422


===========================================================================================
===========================================================================================
S4:
	q_c:	448.5	57.0	401.0
	ub :	461.4994	71.1493	413.4802
	lb :	437.0812	46.132	387.4705

	==================================================================================
	Q1:
		Shape: Ellipse
		q_c:	450.5	50.5	402.5
		ub :	454.0677	54.868	406.6549
		lb :	446.9323	46.132	398.3451
		P^-1:
			0.2081	-0.0752	0.083
			-0.0752	0.1581	-0.147
			0.083	-0.147	0.3008
	==================================================================================
	Q2:
		Shape: Polyhedra
		q_c:	444.0	65.0	396.0
		ub :	450.448	71.1493	402.428
		lb :	437.552	58.8507	389.572
		A:
			-0.7108	0.3747	0.5952
			0.0064	0.9294	-0.3691
			0.9865	0.1628	-0.0177
			-0.4859	-0.3351	0.8072
			0.3463	0.5413	0.7662
			-0.5464	0.3149	0.776
			0.51	0.5157	0.6885
			0.6431	0.3029	-0.7033
			-0.5712	0.8015	-0.1772
			-0.51	-0.5157	-0.6885
			-0.6431	-0.3029	0.7033
			0.5712	-0.8015	0.1772
		b:
			-52.3524
			-79.7535
			445.5735
			85.1945
			497.793
			88.7223
			538.0853
			29.7432
			-268.6885
			-527.0853
			-23.7432
			274.6885
	==================================================================================
	Q3:
		Shape: Ellipse
		q_c:	443.0	65.0	405.5
		ub :	448.9188	70.4181	410.2855
		lb :	437.0812	59.5819	400.7145
		P^-1:
			0.1073	0.0474	-0.0361
			0.0474	0.1174	0.0324
			-0.0361	0.0324	0.1353
	==================================================================================
	Q4:
		Shape: Hybrid
		q_c:	445.5	60.0	408.5
		ub :	450.42	65.0664	413.4802
		lb :	440.58	54.9336	403.5198
		P^-1:
			0.1046	0.0124	0.0072
			0.0124	0.0671	0.0064
			0.0072	0.0064	0.0836
		A:
			-0.5838	-0.7225	-0.3704
			-0.2315	0.6363	-0.7359
			-0.1436	0.6223	0.7695
			0.4315	-0.4487	0.7826
			-0.7374	0.3006	-0.6049
			0.7047	-0.2798	0.6521
		b:
			-452.9757
			-363.2412
			289.7754
			487.1398
			-555.6642
			565.4184
	==================================================================================
	Q5:
		Shape: Hybrid
		q_c:	450.5	56.0	407.5
		ub :	454.6355	60.1977	411.255
		lb :	446.3645	51.8023	403.745
		P^-1:
			0.2451	0.1629	-0.2328
			0.1629	0.4663	-0.4058
			-0.2328	-0.4058	0.5111
		A:
			-0.684	-0.3439	0.6434
			-0.9588	0.1888	-0.2123
			0.1249	-0.9137	0.3867
			0.8683	0.35	-0.3516
			0.563	0.6109	0.5566
			0.5519	-0.2945	-0.7802
		b:
			-64.2965
			-505.5184
			163.9487
			268.9908
			518.0672
			-83.6473
	==================================================================================
	Q6:
		Shape: Hybrid
		q_c:	455.0	59.0	393.5
		ub :	461.4994	63.9048	399.5295
		lb :	448.5006	54.0952	387.4705
		P^-1:
			0.0762	-0.0414	-0.0054
			-0.0414	0.1395	-0.0039
			-0.0054	-0.0039	0.0562
		A:
			0.9568	-0.2862	0.0514
			-0.0074	0.9715	0.237
			-0.7004	0.6212	0.3514
			-0.3872	0.914	0.121
			0.4026	0.4984	-0.7678
			0.936	-0.3504	-0.034
		b:
			441.0236
			149.0446
			-142.0713
			-73.3571
			-86.8563
			394.0001


===========================================================================================
===========================================================================================
S5:
	q_c:	176.0	125.0	138.5
	ub :	183.2776	132.5846	146.1048
	lb :	170.9779	119.0123	133.063

	==================================================================================
	Q1:
		Shape: Hybrid
		q_c:	179.5	124.0	139.5
		ub :	183.0581	127.111	141.9661
		lb :	175.9419	120.889	137.0339
		P^-1:
			0.2996	0.0054	-0.361
			0.0054	0.1577	0.0125
			-0.361	0.0125	0.8138
		A:
			0.3294	0.066	-0.9419
			-0.2709	0.5111	0.8157
			0.2289	0.5863	0.7771
			-0.3659	0.9238	0.1126
			-0.1054	0.9176	-0.3833
			-0.7674	-0.4505	0.4562
		b:
			-63.5029
			129.5897
			223.9034
			66.612
			43.4276
			-128.5607
	==================================================================================
	Q2:
		Shape: Ellipse
		q_c:	173.5	127.5	136.0
		ub :	175.4256	130.5324	138.937
		lb :	171.5744	124.4676	133.063
		P^-1:
			0.4354	-0.037	-0.0333
			-0.037	0.2925	-0.137
			-0.0333	-0.137	0.3209
	==================================================================================
	Q3:
		Shape: Polyhedra
		q_c:	175.5	123.0	141.0
		ub :	180.0221	126.9877	145.2635
		lb :	170.9779	119.0123	136.7365
		A:
			-0.8207	0.565	-0.0845
			0.0948	0.1128	0.9891
			-0.2964	-0.8662	0.4023
			0.7049	-0.6738	-0.2216
			0.2199	0.9252	-0.3093
			-0.2476	0.8264	0.5058
			0.7231	0.4496	0.5244
			-0.6232	0.0971	0.776
			0.298	-0.8879	0.3504
			-0.7231	-0.4496	-0.5244
			0.6232	-0.0971	-0.776
			-0.298	0.8879	-0.3504
		b:
			-83.8987
			172.7244
			-99.2382
			11.8864
			111.4417
			132.0759
			259.6449
			13.9879
			-5.0064
			-252.6449
			-9.9879
			10.0064
	==================================================================================
	Q4:
		Shape: Ellipse
		q_c:	180.0	122.0	138.5
		ub :	183.2776	124.8779	141.9472
		lb :	176.7224	119.1221	135.0528
		P^-1:
			0.25	-0.0	0.0
			-0.0	0.25	0.0
			0.0	0.0	0.25
	==================================================================================
	Q5:
		Shape: Ellipse
		q_c:	179.0	128.0	141.5
		ub :	182.6833	132.5846	146.1048
		lb :	175.3167	123.4154	136.8952
		P^-1:
			0.2151	-0.0506	-0.0327
			-0.0506	0.1357	0.0159
			-0.0327	0.0159	0.1214
	==================================================================================
	Q6:
		Shape: Ellipse
		q_c:	175.0	128.0	137.5
		ub :	176.9568	131.2686	141.2111
		lb :	173.0432	124.7314	133.7889
		P^-1:
			0.9319	-0.1737	0.1561
			-0.1737	0.2601	0.0233
			0.1561	0.0233	0.1691


===========================================================================================
===========================================================================================
S6:
	q_c:	89.5	378.0	282.0
	ub :	111.7942	399.4562	298.0054
	lb :	71.1969	366.9057	261.8468

	==================================================================================
	Q1:
		Shape: Hybrid
		q_c:	102.5	387.5	281.5
		ub :	111.7942	398.144	292.5759
		lb :	93.2058	376.856	270.4241
		P^-1:
			0.0497	0.0072	0.019
			0.0072	0.0228	-0.0084
			0.019	-0.0084	0.0342
		A:
			0.6506	0.1346	-0.7474
			-0.5824	0.183	-0.7921
			-0.9559	0.2631	-0.1303
			-0.9395	-0.0526	0.3385
			-0.5971	0.3738	-0.7098
			0.8116	-0.2629	-0.5217
		b:
			-86.2415
			-209.3975
			-28.7694
			-16.7586
			-113.7265
			-159.1851
	==================================================================================
	Q2:
		Shape: Ellipse
		q_c:	85.0	374.0	291.0
		ub :	91.9215	381.0943	298.0054
		lb :	78.0785	366.9057	283.9946
		P^-1:
			0.0558	-0.0053	-0.0061
			-0.0053	0.0537	0.0063
			-0.0061	0.0063	0.0302
	==================================================================================
	Q3:
		Shape: Hybrid
		q_c:	86.5	390.0	270.5
		ub :	96.5665	399.4562	277.3213
		lb :	76.4335	380.5438	263.6787
		P^-1:
			0.0236	0.0064	0.0209
			0.0064	0.0297	0.0271
			0.0209	0.0271	0.096
		A:
			0.2495	0.1097	-0.9621
			-0.7042	-0.4268	-0.5674
			0.0598	-0.1776	-0.9823
			-0.5065	0.0325	-0.8616
			-0.0172	0.2425	-0.97
			-0.5031	0.6741	0.5408
		b:
			-192.2295
			-377.454
			-327.5049
			-261.6344
			-165.9441
			370.2052
	==================================================================================
	Q4:
		Shape: Ellipse
		q_c:	87.5	391.0	272.0
		ub :	95.254	398.3866	280.0831
		lb :	79.746	383.6134	263.9169
		P^-1:
			0.0484	-0.0093	0.0056
			-0.0093	0.0504	-0.0062
			0.0056	-0.0062	0.0437
	==================================================================================
	Q5:
		Shape: Hybrid
		q_c:	98.0	383.0	270.5
		ub :	106.4073	392.7054	279.1532
		lb :	89.5927	373.2946	261.8468
		P^-1:
			0.1414	-0.0147	-0.1139
			-0.0147	0.0261	0.001
			-0.1139	0.001	0.1295
		A:
			-0.3675	-0.5956	0.7143
			0.5211	-0.7071	-0.478
			-0.8068	0.3225	0.4951
			-0.5974	0.4972	-0.6292
			0.3398	0.1046	-0.9347
			0.1488	-0.1399	-0.9789
		b:
			-67.6702
			-345.2606
			180.0342
			-33.3183
			-176.9477
			-299.695
	==================================================================================
	Q6:
		Shape: Polyhedra
		q_c:	81.0	381.5	285.5
		ub :	90.8031	391.3826	294.4617
		lb :	71.1969	371.6174	276.5383
		A:
			-0.7103	-0.447	0.5438
			-0.0438	-0.0439	-0.9981
			-0.6397	0.4595	0.6162
			-0.7122	0.6866	-0.146
			-0.4809	-0.4302	0.764
			0.7146	0.3472	-0.6073
			0.1739	0.9832	0.0557
			0.7214	-0.0887	-0.6868
			-0.6703	0.1597	-0.7247
			-0.1739	-0.9832	-0.0557
			-0.7214	0.0887	0.6868
			0.6703	-0.1597	0.7247
		b:
			-66.3252
			-299.1501
			305.3939
			169.5392
			21.3778
			23.1376
			413.5824
			-165.9759
			-193.7942
			-396.5824
			176.9759
			206.7942


===========================================================================================
===========================================================================================
S7:
	q_c:	23.0	401.0	88.0
	ub :	31.4641	408.4896	96.9543
	lb :	12.1156	389.7601	78.7057

	==================================================================================
	Q1:
		Shape: Hybrid
		q_c:	26.5	405.5	89.5
		ub :	28.3702	407.5191	92.0572
		lb :	24.6298	403.4809	86.9428
		P^-1:
			2.9933	1.0597	-1.252
			1.0597	0.8845	-0.5348
			-1.252	-0.5348	0.7267
		A:
			-0.6925	-0.4145	0.5904
			0.9646	0.2272	0.1338
			-0.4008	-0.8379	-0.3705
			-0.8936	-0.1805	0.4109
			0.8153	-0.1479	-0.5598
			-0.8636	0.4667	-0.1907
		b:
			-133.0701
			130.7316
			-381.9772
			-59.7964
			-87.6731
			150.5769
	==================================================================================
	Q2:
		Shape: Ellipse
		q_c:	16.5	399.5	92.5
		ub :	20.8844	404.0796	96.3923
		lb :	12.1156	394.9204	88.6077
		P^-1:
			0.0827	-0.0027	0.0086
			-0.0027	0.0884	-0.0218
			0.0086	-0.0218	0.1522
	==================================================================================
	Q3:
		Shape: Ellipse
		q_c:	26.0	403.0	84.0
		ub :	31.4641	408.4896	89.2943
		lb :	20.5359	397.5104	78.7057
		P^-1:
			0.1038	-0.0084	-0.0152
			-0.0084	0.1014	-0.0175
			-0.0152	-0.0175	0.0796
	==================================================================================
	Q4:
		Shape: Hybrid
		q_c:	20.5	399.5	92.0
		ub :	25.9913	404.2571	96.9543
		lb :	15.0087	394.7429	87.0457
		P^-1:
			0.0964	0.007	-0.013
			0.007	0.085	-0.0061
			-0.013	-0.0061	0.093
		A:
			-0.5489	-0.2579	-0.7951
			-0.6088	0.1297	-0.7826
			0.6216	0.7734	0.1244
			-0.4057	-0.6128	-0.6782
			-0.4057	-0.6128	-0.6782
			-0.4755	0.7184	0.5078
		b:
			-185.4151
			-30.6727
			334.973
			-313.5197
			7.8558
			325.8918
	==================================================================================
	Q5:
		Shape: Ellipse
		q_c:	22.5	394.0	90.0
		ub :	26.7054	398.2399	95.0773
		lb :	18.2946	389.7601	84.9227
		P^-1:
			0.1718	0.1174	0.0617
			0.1174	0.2847	0.1448
			0.0617	0.1448	0.1615
	==================================================================================
	Q6:
		Shape: Polyhedra
		q_c:	20.0	403.0	88.5
		ub :	22.901	408.0173	93.5625
		lb :	17.099	397.9827	83.4375
		A:
			0.9242	-0.3442	-0.1655
			-0.8902	0.2127	0.403
			0.21	0.5871	0.7818
			0.3654	-0.1785	-0.9136
			0.4767	-0.0941	-0.874
			-0.8411	-0.2389	-0.4853
			0.0553	0.6472	0.7603
			-0.0609	0.7622	-0.6444
			-0.9966	-0.0107	0.0815
			-0.0553	-0.6472	-0.7603
			0.0609	-0.7622	0.6444
			0.9966	0.0107	-0.0815
		b:
			-132.2567
			106.1694
			312.9885
			-142.3463
			-102.6371
			-153.3024
			332.2166
			252.9333
			-14.5249
			-326.2166
			-244.9333
			19.5249


===========================================================================================
===========================================================================================
S8:
	q_c:	324.5	363.0	386.5
	ub :	337.7198	374.7284	398.42
	lb :	313.4181	356.3451	376.6067

	==================================================================================
	Q1:
		Shape: Ellipse
		q_c:	333.0	362.5	384.0
		ub :	337.7198	368.6549	389.9691
		lb :	328.2802	356.3451	378.0309
		P^-1:
			0.118	-0.016	-0.0362
			-0.016	0.0698	0.0325
			-0.0362	0.0325	0.1032
	==================================================================================
	Q2:
		Shape: Ellipse
		q_c:	331.5	366.0	381.5
		ub :	337.0367	372.3459	386.3933
		lb :	325.9633	359.6541	376.6067
		P^-1:
			0.1729	-0.0638	-0.0741
			-0.0638	0.0709	0.0328
			-0.0741	0.0328	0.1087
	==================================================================================
	Q3:
		Shape: Hybrid
		q_c:	319.5	370.0	385.0
		ub :	324.3498	374.7284	389.1072
		lb :	314.6502	365.2716	380.8928
		P^-1:
			0.1181	-0.0076	0.0153
			-0.0076	0.1194	-0.0167
			0.0153	-0.0167	0.1447
		A:
			0.7171	-0.3161	0.6212
			-0.2088	0.3062	-0.9288
			0.902	-0.3986	-0.1661
			0.8793	-0.4745	0.0419
			0.7373	0.2403	-0.6314
			-0.146	0.7904	0.595
		b:
			352.6492
			-309.7154
			78.4401
			123.11
			83.0762
			476.588
	==================================================================================
	Q4:
		Shape: Hybrid
		q_c:	327.0	363.5	394.0
		ub :	331.3798	367.0889	398.42
		lb :	322.6202	359.9111	389.58
		P^-1:
			0.2073	-0.141	-0.0799
			-0.141	0.3262	0.048
			-0.0799	0.048	0.1526
		A:
			0.3634	-0.5972	-0.715
			0.7948	-0.38	-0.4732
			0.3467	-0.6384	-0.6872
			0.5966	-0.8024	-0.0157
			-0.4433	0.5967	0.6689
			-0.4635	0.8129	-0.3528
		b:
			-378.7202
			-63.5671
			-388.1925
			-101.8796
			336.6142
			6.247
	==================================================================================
	Q5:
		Shape: Polyhedra
		q_c:	322.0	366.0	386.0
		ub :	329.9613	372.267	394.1787
		lb :	314.0387	359.733	377.8213
		A:
			-0.119	-0.008	-0.9929
			-0.0538	-0.9646	-0.2582
			-0.3917	-0.813	0.4309
			0.1192	-0.6981	-0.706
			0.7937	-0.1679	0.5847
			-0.4072	0.7331	-0.5448
			0.3364	0.814	0.4736
			0.7217	0.1002	-0.6849
			-0.605	0.5722	-0.5537
			-0.3364	-0.814	-0.4736
			-0.7217	-0.1002	0.6849
			0.605	-0.5722	0.5537
		b:
			-419.7026
			-465.6392
			-252.2843
			-484.7153
			423.5718
			-69.4886
			593.5363
			10.6741
			-195.624
			-584.5363
			1.3259
			202.624
	==================================================================================
	Q6:
		Shape: Hybrid
		q_c:	317.5	361.0	382.5
		ub :	321.5819	364.0868	386.2625
		lb :	313.4181	357.9132	378.7375
		P^-1:
			0.1233	-0.0393	-0.0017
			-0.0393	0.2375	0.0056
			-0.0017	0.0056	0.1114
		A:
			-0.7884	0.547	0.2815
			-0.2911	-0.8836	0.3667
			0.3329	-0.1008	0.9376
			-0.3709	-0.2778	-0.8862
			0.9577	0.2488	-0.1447
			-0.6787	0.6533	0.3354
		b:
			56.3123
			-269.6494
			429.8867
			-555.0262
			340.5444
			150.0056


===========================================================================================
===========================================================================================
S9:
	q_c:	412.0	233.0	505.5
	ub :	419.6592	243.5566	516.8667
	lb :	398.9651	225.3356	499.4599

	==================================================================================
	Q1:
		Shape: Polyhedra
		q_c:	414.5	236.0	508.0
		ub :	419.6592	241.2981	511.6451
		lb :	409.3408	230.7019	504.3549
		A:
			-0.112	-0.9379	-0.3284
			-0.8183	0.3051	0.4871
			-0.7123	0.6952	0.0964
			0.027	-0.0698	-0.9972
			0.6139	0.4686	-0.6353
			0.4426	-0.1421	-0.8854
			0.503	0.7011	0.5055
			0.2533	0.4396	-0.8617
			-0.8264	0.5615	0.0435
			-0.503	-0.7011	-0.5055
			-0.2533	-0.4396	0.8617
			0.8264	-0.5615	-0.0435
		b:
			-431.0923
			-16.5407
			-78.6962
			-509.2893
			44.672
			-297.245
			634.2285
			-227.0084
			-184.4015
			-627.2285
			231.0084
			191.4015
	==================================================================================
	Q2:
		Shape: Ellipse
		q_c:	408.0	236.5	503.5
		ub :	411.0571	240.0003	507.5401
		lb :	404.9429	232.9997	499.4599
		P^-1:
			0.2355	0.0189	0.0375
			0.0189	0.1595	-0.0072
			0.0375	-0.0072	0.1261
	==================================================================================
	Q3:
		Shape: Ellipse
		q_c:	403.0	230.0	506.0
		ub :	407.0349	234.6644	510.5825
		lb :	398.9651	225.3356	501.4175
		P^-1:
			0.181	0.012	0.0693
			0.012	0.0906	0.026
			0.0693	0.026	0.1711
	==================================================================================
	Q4:
		Shape: Ellipse
		q_c:	411.0	239.5	509.0
		ub :	415.5846	243.5566	512.8461
		lb :	406.4154	235.4434	505.1539
		P^-1:
			0.136	-0.0205	-0.0133
			-0.0205	0.1424	-0.0114
			-0.0133	-0.0114	0.1527
	==================================================================================
	Q5:
		Shape: Polyhedra
		q_c:	413.5	236.5	506.0
		ub :	418.916	239.6771	511.7354
		lb :	408.084	233.3229	500.2646
		A:
			0.2006	0.8762	-0.4381
			0.5029	-0.5368	-0.6774
			0.1059	0.8895	-0.4445
			-0.2651	0.8964	-0.3551
			-0.9793	-0.1125	0.168
			-0.4308	-0.2651	-0.8627
			0.4487	0.211	0.8684
			-0.3025	0.9502	-0.0746
			-0.841	-0.2292	0.4901
			-0.4487	-0.211	-0.8684
			0.3025	-0.9502	0.0746
			0.841	0.2292	-0.4901
		b:
			70.9262
			-258.5781
			31.5459
			-75.4318
			-342.9681
			-672.821
			679.3479
			63.415
			-150.4392
			-670.3479
			-60.415
			157.4392
	==================================================================================
	Q6:
		Shape: Polyhedra
		q_c:	412.5	229.5	513.0
		ub :	416.9149	233.001	516.8667
		lb :	408.0851	225.999	509.1333
		A:
			-0.5302	-0.3731	0.7614
			-0.4377	-0.5806	0.6866
			0.8883	0.2406	0.3913
			0.3348	-0.4186	0.8442
			-0.0304	0.7712	-0.6359
			0.5608	0.286	0.777
			0.5279	0.413	0.7422
			-0.7486	-0.1866	0.6362
			0.4012	-0.8914	0.2107
			-0.5279	-0.413	-0.7422
			0.7486	0.1866	-0.6362
			-0.4012	0.8914	-0.2107
		b:
			89.6565
			41.7022
			624.486
			477.4692
			-158.937
			697.0875
			694.7546
			-21.7221
			71.4744
			-691.7546
			28.7221
			-66.4744


===========================================================================================
===========================================================================================
S10:
	q_c:	252.0	23.0	303.0
	ub :	260.4456	36.6418	316.8792
	lb :	234.4217	9.392	294.1435

	==================================================================================
	Q1:
		Shape: Hybrid
		q_c:	254.5	26.0	312.5
		ub :	259.2138	30.3261	316.8792
		lb :	249.7862	21.6739	308.1208
		P^-1:
			0.1345	-0.0199	0.0201
			-0.0199	0.0901	-0.0137
			0.0201	-0.0137	0.1281
		A:
			-0.2658	0.3542	-0.8966
			-0.8394	0.4771	-0.2602
			0.1374	-0.9821	-0.1289
			0.451	0.092	0.8878
			0.0848	0.2154	-0.9728
			0.9122	0.3446	-0.2216
		b:
			-337.2134
			-281.2011
			-28.7422
			396.0867
			-275.2453
			173.7189
	==================================================================================
	Q2:
		Shape: Polyhedra
		q_c:	244.5	14.5	301.0
		ub :	251.4509	19.608	307.8565
		lb :	237.5491	9.392	294.1435
		A:
			0.4937	-0.8564	-0.1511
			-0.7246	0.4992	0.4751
			-0.1916	0.9305	0.3122
			0.2344	0.9541	0.1867
			0.2216	0.0499	0.9739
			-0.603	0.5812	0.5465
			0.788	0.1754	0.5902
			-0.1875	-0.8447	0.5014
			0.5865	-0.5057	-0.6327
			-0.788	-0.1754	-0.5902
			0.1875	0.8447	-0.5014
			-0.5865	0.5057	0.6327
		b:
			65.5215
			-24.5767
			63.527
			131.4383
			353.2629
			27.5369
			379.3534
			96.3197
			-52.3725
			-366.3534
			-89.3197
			56.3725
	==================================================================================
	Q3:
		Shape: Polyhedra
		q_c:	244.5	18.0	302.5
		ub :	249.803	23.8374	308.4851
		lb :	239.197	12.1626	296.5149
		A:
			0.1471	-0.8034	0.577
			0.5443	-0.4444	-0.7116
			0.7878	-0.2902	-0.5433
			0.161	0.9255	0.3428
			0.0206	0.2706	-0.9625
			0.924	0.382	-0.0186
			0.0163	0.9504	0.3107
			0.207	0.3008	-0.931
			-0.9782	0.0794	-0.1918
			-0.0163	-0.9504	-0.3107
			-0.207	-0.3008	0.931
			0.9782	-0.0794	0.1918
		b:
			200.2543
			-85.876
			27.3984
			164.2236
			-277.2261
			231.6227
			119.5728
			-221.5972
			-291.2611
			-110.5728
			229.5972
			300.2611
	==================================================================================
	Q4:
		Shape: Ellipse
		q_c:	250.0	22.5	299.5
		ub :	254.1022	26.158	302.9517
		lb :	245.8978	18.842	296.0483
		P^-1:
			0.13	0.0492	0.0599
			0.0492	0.2982	-0.118
			0.0599	-0.118	0.3478
	==================================================================================
	Q5:
		Shape: Polyhedra
		q_c:	239.5	29.5	308.0
		ub :	244.5783	33.8611	312.3211
		lb :	234.4217	25.1389	303.6789
		A:
			0.6824	0.699	0.2137
			-0.5467	-0.8242	-0.1477
			0.9329	-0.3582	0.0381
			-0.6277	0.4216	0.6544
			0.166	-0.6866	0.7078
			0.0723	0.9734	-0.2176
			0.7068	0.3141	0.6339
			-0.6082	-0.188	0.7712
			0.3614	-0.9306	0.0581
			-0.7068	-0.3141	-0.6339
			0.6082	0.188	-0.7712
			-0.3614	0.9306	-0.0581
		b:
			253.1815
			-197.5135
			227.6616
			66.3596
			240.4207
			-18.0337
			377.2829
			88.8244
			79.9996
			-370.2829
			-83.8244
			-73.9996
	==================================================================================
	Q6:
		Shape: Ellipse
		q_c:	254.5	31.0	304.5
		ub :	260.4456	36.6418	310.6162
		lb :	248.5544	25.3582	298.3838
		P^-1:
			0.109	0.0305	0.0468
			0.0305	0.0544	0.0242
			0.0468	0.0242	0.0861


===========================================================================================
===========================================================================================
S11:
	q_c:	442.0	268.0	313.5
	ub :	455.9014	283.0808	328.379
	lb :	434.2529	255.4146	300.1334

	==================================================================================
	Q1:
		Shape: Hybrid
		q_c:	449.5	268.0	321.0
		ub :	452.5209	271.0088	323.7476
		lb :	446.4791	264.9912	318.2524
		P^-1:
			0.3646	0.1173	0.0308
			0.1173	0.2319	0.0386
			0.0308	0.0386	0.2579
		A:
			0.2137	-0.0416	0.976
			0.0097	0.9367	-0.35
			-0.5536	0.105	-0.8261
			-0.9729	0.0048	-0.2311
			0.5132	0.7032	-0.4921
			-0.6058	-0.7435	0.2833
		b:
			399.4391
			144.6094
			-484.6618
			-509.1579
			262.3631
			-379.5485
	==================================================================================
	Q2:
		Shape: Polyhedra
		q_c:	439.5	278.5	314.0
		ub :	444.7471	283.0808	318.8932
		lb :	434.2529	273.9192	309.1068
		A:
			-0.6285	-0.1909	-0.754
			0.7292	-0.6763	0.1045
			0.7851	0.1494	-0.601
			0.3913	-0.5381	-0.7466
			0.1852	0.7054	-0.6842
			-0.4135	-0.9028	0.1182
			0.7117	0.1146	0.6931
			-0.6067	-0.3971	0.6886
			0.3541	-0.9106	-0.2131
			-0.7117	-0.1146	-0.6931
			0.6067	0.3971	-0.6886
			-0.3541	0.9106	0.2131
		b:
			-562.6585
			168.4599
			200.5651
			-209.0803
			65.8003
			-393.0056
			565.8207
			-158.5279
			-161.3757
			-558.8207
			163.5279
			168.3757
	==================================================================================
	Q3:
		Shape: Ellipse
		q_c:	441.5	270.0	321.0
		ub :	447.8231	275.6153	328.379
		lb :	435.1769	264.3847	313.621
		P^-1:
			0.113	-0.0383	0.0458
			-0.0383	0.0992	-0.0043
			0.0458	-0.0043	0.0572
	==================================================================================
	Q4:
		Shape: Polyhedra
		q_c:	446.5	260.0	315.5
		ub :	451.8203	264.5854	321.2524
		lb :	441.1797	255.4146	309.7476
		A:
			-0.3049	-0.9522	0.0205
			-0.609	0.5551	-0.5666
			-0.8842	0.3898	0.2575
			-0.6889	0.2526	0.6794
			-0.0193	-0.9004	0.4346
			-0.8327	-0.2845	-0.475
			0.9041	0.3582	0.2329
			-0.2069	-0.1101	0.9722
			0.3738	-0.9272	-0.0254
			-0.9041	-0.3582	-0.2329
			0.2069	0.1101	-0.9722
			-0.3738	0.9272	0.0254
		b:
			-373.9442
			-302.6639
			-208.6354
			-23.1879
			-101.8901
			-592.0308
			573.8119
			190.7282
			-79.17
			-566.8119
			-180.7282
			85.17
	==================================================================================
	Q5:
		Shape: Hybrid
		q_c:	445.5	266.0	306.5
		ub :	451.8026	272.6464	312.8666
		lb :	439.1974	259.3536	300.1334
		P^-1:
			0.0667	-0.0032	0.0103
			-0.0032	0.0443	0.0095
			0.0103	0.0095	0.0731
		A:
			0.2991	0.4475	-0.8428
			0.7479	-0.6603	0.0679
			-0.867	-0.2627	-0.4235
			-0.5047	-0.6822	0.529
			-0.9597	-0.2809	0.008
			0.8869	0.4152	0.2024
		b:
			-3.2905
			180.7622
			-583.911
			-241.0588
			-497.4372
			569.9347
	==================================================================================
	Q6:
		Shape: Hybrid
		q_c:	447.5	266.0	320.5
		ub :	455.9014	273.8383	327.5079
		lb :	439.0986	258.1617	313.4921
		P^-1:
			0.0439	0.0008	-0.0125
			0.0008	0.0396	-0.0063
			-0.0125	-0.0063	0.052
		A:
			-0.4292	0.2093	0.8786
			0.755	0.625	-0.1984
			-0.9388	-0.2882	0.1887
			0.3002	0.7413	-0.6003
			0.9165	-0.2661	-0.2988
			0.705	-0.2406	-0.6671
		b:
			147.4762
			443.2815
			-433.5663
			141.5263
			246.1933
			39.9757


===========================================================================================
===========================================================================================
S12:
	q_c:	64.5	236.5	403.5
	ub :	77.9519	245.539	411.1181
	lb :	54.7423	227.8851	395.51

	==================================================================================
	Q1:
		Shape: Polyhedra
		q_c:	65.0	232.5	400.0
		ub :	70.0645	236.4589	404.49
		lb :	59.9355	228.5411	395.51
		A:
			-0.2165	-0.8796	-0.4237
			0.3175	-0.8693	-0.3789
			0.0921	-0.9193	0.3826
			0.2856	-0.9244	-0.2529
			-0.2941	-0.4865	0.8227
			0.6531	0.3633	0.6644
			0.1484	0.5766	0.8034
			-0.0868	0.8169	-0.5702
			-0.9851	0.0148	0.1713
			-0.1484	-0.5766	-0.8034
			0.0868	-0.8169	0.5702
			0.9851	-0.0148	-0.1713
		b:
			-385.3804
			-330.0037
			-51.7207
			-294.5159
			200.1483
			395.8848
			467.5801
			-40.8048
			12.4294
			-462.5801
			46.8048
			-3.4294
	==================================================================================
	Q2:
		Shape: Ellipse
		q_c:	60.5	237.0	405.0
		ub :	65.2123	241.0652	409.3161
		lb :	55.7877	232.9348	400.6839
		P^-1:
			0.1754	0.1138	-0.0877
			0.1138	0.2351	-0.1375
			-0.0877	-0.1375	0.2267
	==================================================================================
	Q3:
		Shape: Polyhedra
		q_c:	73.0	239.0	406.0
		ub :	77.9519	242.4313	411.1181
		lb :	68.0481	235.5687	400.8819
		A:
			0.473	0.8452	-0.2487
			-0.5787	0.8075	-0.1145
			0.1435	-0.8101	0.5684
			0.1149	-0.9412	-0.3177
			0.1808	-0.0994	-0.9785
			-0.232	0.9491	0.2129
			0.7409	0.2776	0.6116
			-0.6716	0.3136	0.6713
			-0.0054	-0.9081	0.4188
			-0.7409	-0.2776	-0.6116
			0.6716	-0.3136	-0.6713
			0.0054	0.9081	-0.4188
		b:
			137.7309
			106.7532
			49.3016
			-342.8883
			-404.4692
			298.8459
			372.2188
			301.9715
			-45.9048
			-365.2188
			-294.9715
			48.9048
	==================================================================================
	Q4:
		Shape: Hybrid
		q_c:	61.0	242.0	406.0
		ub :	63.871	245.539	409.3831
		lb :	58.129	238.461	402.6169
		P^-1:
			0.2919	-0.1316	-0.053
			-0.1316	0.2912	0.0529
			-0.053	0.0529	0.1813
		A:
			0.783	-0.6152	0.0925
			-0.4053	-0.4124	-0.8159
			0.3871	-0.9177	0.089
			-0.8136	0.2039	-0.5445
			0.14	-0.9784	-0.1521
			0.1105	0.3344	-0.9359
		b:
			-62.6352
			-454.0672
			-161.304
			-219.8373
			-288.8147
			-290.5746
	==================================================================================
	Q5:
		Shape: Hybrid
		q_c:	62.0	230.5	404.5
		ub :	65.0373	233.1149	407.2653
		lb :	58.9627	227.8851	401.7347
		P^-1:
			0.3434	0.0854	0.0463
			0.0854	0.3281	0.0423
			0.0463	0.0423	0.2729
		A:
			-0.1867	-0.9008	-0.392
			0.4595	0.8529	-0.2479
			-0.9551	-0.2067	-0.2125
			0.0811	-0.8014	-0.5926
			0.2169	0.866	0.4506
			-0.0402	-0.8103	-0.5846
		b:
			-376.8693
			125.7569
			-191.9102
			-418.3405
			396.2287
			-424.7515
	==================================================================================
	Q6:
		Shape: Polyhedra
		q_c:	59.0	240.0	402.5
		ub :	63.2577	244.5605	405.9985
		lb :	54.7423	235.4395	399.0015
		A:
			-0.9903	0.0865	-0.1083
			-0.7971	0.0556	-0.6013
			0.7112	0.6245	0.3227
			-0.2003	-0.7245	-0.6595
			0.0348	-0.3707	-0.9281
			-0.7972	-0.3686	-0.4782
			0.7258	0.4345	0.5333
			0.5383	-0.8414	-0.0471
			0.4283	0.3212	-0.8446
			-0.7258	-0.4345	-0.5333
			-0.5383	0.8414	0.0471
			-0.4283	-0.3212	0.8446
		b:
			-78.7242
			-273.5964
			323.4237
			-448.8194
			-457.8759
			-326.4221
			363.2618
			-185.6272
			-234.5848
			-360.2618
			192.6272
			240.5848


===========================================================================================
===========================================================================================
