3D_35_15_6_f                l = 3

===========================================================================================
===========================================================================================
S1:
	q_c:    405.5000    78.0000    361.5000
	ub :    426.0000    95.0000    388.0000
	lb :    385.0000    61.0000    335.0000

	==================================================================================
	Q1:
		Shape: Polyhedra
		q_c:    405.5000    59.5000    346.5000
		ub :    411.6941    67.4833    354.9927
		lb :    399.3059    51.5167    338.0073
		A:
			    0.2866    -0.2530    -0.9240
			    0.4989    -0.7037    -0.5058
			    0.8659    -0.3760    0.3300
			    0.0016    -0.5142    -0.8576
			    -0.9751    0.1167    -0.1885
			    0.2925    0.1674    -0.9415
			    0.2295    0.6962    0.6802
			    0.9255    0.0601    -0.3739
			    -0.3012    0.7153    -0.6306
			    -0.2295    -0.6962    -0.6802
			    -0.9255    -0.0601    0.3739
			    0.3012    -0.7153    0.6306
		b:
			    -214.3581
			    -10.2130
			    448.1379
			    -322.1872
			    -449.4079
			    -192.7573
			    375.1749
			    252.8297
			    -292.0570
			    -365.1749
			    -245.8297
			    304.0570
	==================================================================================
	Q2:
		Shape: Hybrid
		q_c:    414.0000    97.5000    362.0000
		ub :    425.9252    111.1105    373.9516
		lb :    402.0748    83.8895    350.0484
		P^-1: 
			    0.0182    -0.0006    0.0030
			    -0.0006    0.0147    0.0049
			    0.0030    0.0049    0.0197
		A:
			    -0.6464    0.6856    0.3350
			    0.5692    0.2776    0.7739
			    0.0091    -0.4634    -0.8861
			    -0.4568    0.2707    0.8474
			    -0.6692    0.0323    -0.7424
			    -0.0234    0.7830    0.6216
		b:
			    -75.2553
			    546.1756
			    -358.7109
			    148.2849
			    -538.9786
			    295.4461
	==================================================================================
	Q3:
		Shape: Polyhedra
		q_c:    402.5000    72.5000    359.5000
		ub :    416.0162    85.7515    370.9014
		lb :    388.9838    59.2485    348.0986
		A:
			    0.4496    0.5440    0.7084
			    -0.6233    0.0441    0.7808
			    -0.4900    -0.6462    -0.5850
			    -0.0876    -0.9406    -0.3279
			    -0.3234    -0.7947    -0.5137
			    0.0132    0.8903    0.4551
			    0.0591    0.6277    0.7763
			    0.3893    0.7015    -0.5969
			    -0.9192    0.3375    -0.2029
			    -0.0591    -0.6277    -0.7763
			    -0.3893    -0.7015    0.5969
			    0.9192    -0.3375    0.2029
		b:
			    480.5219
			    41.6559
			    -448.5252
			    -214.8954
			    -366.8962
			    239.0846
			    352.3418
			    3.4877
			    -408.4634
			    -344.3418
			    17.5123
			    428.4634
	==================================================================================
	Q4:
		Shape: Polyhedra
		q_c:    402.5000    90.5000    342.0000
		ub :    415.4651    99.5905    355.1681
		lb :    389.5349    81.4095    328.8319
		A:
			    -0.9397    0.1430    -0.3108
			    0.6472    -0.4416    0.6213
			    -0.6250    0.4236    -0.6556
			    0.7654    -0.5943    -0.2470
			    0.9137    -0.1304    -0.3849
			    0.1433    -0.9279    0.3442
			    0.6947    0.3980    0.5992
			    -0.6646    0.0365    0.7463
			    0.2752    -0.9167    0.2898
			    -0.6947    -0.3980    -0.5992
			    0.6646    -0.0365    -0.7463
			    -0.2752    0.9167    -0.2898
		b:
			    -464.2158
			    439.7501
			    -430.7387
			    177.9922
			    233.3789
			    98.0056
			    527.5504
			    0.5262
			    133.4144
			    -513.5504
			    18.4738
			    -120.4144
	==================================================================================
	Q5:
		Shape: Polyhedra
		q_c:    419.5000    68.5000    370.0000
		ub :    426.5236    75.4204    374.8397
		lb :    412.4764    61.5796    365.1603
		A:
			    0.0098    0.2749    -0.9614
			    0.8703    0.4408    0.2196
			    -0.1729    0.4525    0.8749
			    -0.4595    0.1096    -0.8814
			    0.9153    -0.1360    -0.3791
			    -0.3042    -0.3730    -0.8765
			    0.4290    0.0259    0.9029
			    -0.8668    0.2931    0.4034
			    -0.2542    -0.9557    0.1482
			    -0.4290    -0.0259    -0.9029
			    0.8668    -0.2931    -0.4034
			    0.2542    0.9557    -0.1482
		b:
			    -329.4617
			    481.1536
			    286.2152
			    -509.2305
			    239.8599
			    -474.7637
			    517.8260
			    -188.7620
			    -111.7961
			    -513.8260
			    199.7620
			    122.7961
	==================================================================================
	Q6:
		Shape: Polyhedra
		q_c:    402.0000    77.0000    363.0000
		ub :    414.0789    85.6186    375.7361
		lb :    389.9211    68.3814    350.2639
		A:
			    0.4261    0.5615    -0.7093
			    0.3334    0.9254    0.1800
			    -0.8960    0.4031    0.1864
			    -0.4260    0.9044    -0.0256
			    -0.3228    0.9406    0.1049
			    -0.7938    0.0069    0.6082
			    0.0482    0.9401    0.3376
			    -0.1435    0.3410    -0.9290
			    -0.9885    -0.0036    0.1513
			    -0.0482    -0.9401    -0.3376
			    0.1435    -0.3410    0.9290
			    0.9885    0.0036    -0.1513
		b:
			    -33.1610
			    276.8477
			    -251.5943
			    -103.4906
			    -12.6026
			    -87.5104
			    219.8207
			    -358.6586
			    -332.2236
			    -208.8207
			    378.6586
			    353.2236


===========================================================================================
===========================================================================================
S2:
	q_c:    256.5000    195.0000    70.5000
	ub :    279.0000    212.0000    88.0000
	lb :    234.0000    178.0000    53.0000

	==================================================================================
	Q1:
		Shape: Hybrid
		q_c:    262.5000    207.0000    60.0000
		ub :    269.0017    217.7455    70.0834
		lb :    255.9983    196.2545    49.9166
		P^-1: 
			    0.0582    0.0124    0.0042
			    0.0124    0.0222    0.0001
			    0.0042    0.0001    0.0202
		A:
			    -0.4575    -0.8728    -0.1699
			    -0.5171    -0.3335    0.7883
			    -0.9538    -0.0173    -0.2999
			    0.3034    0.9049    -0.2985
			    -0.2018    -0.3696    0.9070
			    0.3484    0.9327    -0.0930
		b:
			    -306.9980
			    -153.0979
			    -269.4960
			    253.5033
			    -70.1362
			    283.2721
	==================================================================================
	Q2:
		Shape: Polyhedra
		q_c:    269.0000    202.0000    57.5000
		ub :    281.3715    213.9529    68.7069
		lb :    256.6285    190.0471    46.2931
		A:
			    0.3775    -0.1659    -0.9110
			    0.0630    -0.8987    0.4340
			    -0.9965    0.0319    -0.0779
			    -0.3009    0.7207    -0.6246
			    -0.2831    0.0541    0.9576
			    0.6244    -0.7637    0.1639
			    0.6087    0.2596    0.7497
			    -0.6307    0.7316    0.2588
			    -0.4813    -0.6304    0.6091
			    -0.6087    -0.2596    -0.7497
			    0.6307    -0.7316    -0.2588
			    0.4813    0.6304    -0.6091
		b:
			    22.9081
			    -132.2825
			    -258.8617
			    35.9351
			    -3.0771
			    30.9160
			    265.8005
			    0.9905
			    -214.7778
			    -252.8005
			    15.0095
			    228.7778
	==================================================================================
	Q3:
		Shape: Ellipse
		q_c:    252.0000    198.5000    76.0000
		ub :    257.5762    204.2460    80.9105
		lb :    246.4238    192.7540    71.0895
		P^-1: 
			    0.0749    0.0127    -0.0031
			    0.0127    0.0557    -0.0015
			    -0.0031    -0.0015    0.0498
	==================================================================================
	Q4:
		Shape: Ellipse
		q_c:    272.0000    211.0000    67.0000
		ub :    281.5799    221.3443    76.6595
		lb :    262.4201    200.6557    57.3405
		P^-1: 
			    0.0318    -0.0137    -0.0112
			    -0.0137    0.0337    -0.0040
			    -0.0112    -0.0040    0.0377
	==================================================================================
	Q5:
		Shape: Hybrid
		q_c:    256.0000    191.5000    82.5000
		ub :    266.1951    201.5043    93.2531
		lb :    245.8049    181.4957    71.7469
		P^-1: 
			    0.0206    0.0033    0.0047
			    0.0033    0.0384    0.0154
			    0.0047    0.0154    0.0247
		A:
			    -0.3741    0.8928    -0.2508
			    -0.0147    -0.5771    -0.8166
			    -0.4726    -0.8813    0.0054
			    0.1446    -0.5010    -0.8533
			    -0.7627    0.3723    0.5289
			    -0.6710    -0.5944    -0.4431
		b:
			    59.1105
			    -178.5880
			    -285.3744
			    -125.7201
			    -75.5265
			    -319.0716
	==================================================================================
	Q6:
		Shape: Ellipse
		q_c:    257.0000    184.0000    57.5000
		ub :    263.7974    194.3049    66.0573
		lb :    250.2026    173.6951    48.9427
		P^-1: 
			    0.0461    -0.0033    -0.0142
			    -0.0033    0.0143    0.0084
			    -0.0142    0.0084    0.0475


===========================================================================================
===========================================================================================
S3:
	q_c:    166.0000    277.0000    193.5000
	ub :    182.0000    289.0000    209.0000
	lb :    150.0000    265.0000    178.0000

	==================================================================================
	Q1:
		Shape: Ellipse
		q_c:    170.5000    282.5000    194.5000
		ub :    178.0147    290.3191    201.7398
		lb :    162.9853    274.6809    187.2602
		P^-1: 
			    0.0525    0.0028    0.0197
			    0.0028    0.0367    0.0092
			    0.0197    0.0092    0.0656
	==================================================================================
	Q2:
		Shape: Hybrid
		q_c:    178.0000    286.0000    201.5000
		ub :    184.0726    293.3811    208.6566
		lb :    171.9274    278.6189    194.3434
		P^-1: 
			    0.5091    -0.1891    -0.4517
			    -0.1891    0.1076    0.1657
			    -0.4517    0.1657    0.4436
		A:
			    -0.6821    0.4481    0.5779
			    0.6239    -0.3347    -0.7063
			    0.6681    -0.3438    -0.6599
			    0.7504    -0.5088    -0.4220
			    -0.7393    0.4596    0.4921
			    -0.5966    0.3602    0.7171
		b:
			    124.0714
			    -126.2026
			    -111.7600
			    -95.5399
			    100.0906
			    142.2746
	==================================================================================
	Q3:
		Shape: Ellipse
		q_c:    179.5000    282.0000    189.5000
		ub :    188.2777    292.6683    198.0404
		lb :    170.7223    271.3317    180.9596
		P^-1: 
			    0.0271    -0.0007    -0.0062
			    -0.0007    0.0305    -0.0220
			    -0.0062    -0.0220    0.0465
	==================================================================================
	Q4:
		Shape: Polyhedra
		q_c:    173.0000    267.0000    199.0000
		ub :    181.2116    275.8565    208.4915
		lb :    164.7884    258.1435    189.5085
		A:
			    -0.8815    -0.3625    0.3027
			    -0.2720    -0.6792    0.6817
			    0.3921    -0.7904    0.4707
			    0.7563    -0.3705    0.5392
			    -0.5781    0.7215    -0.3812
			    0.7553    0.1890    -0.6276
			    0.3984    0.6967    0.5965
			    -0.2699    0.7106    -0.6497
			    -0.8766    0.0978    0.4712
			    -0.3984    -0.6967    -0.5965
			    0.2699    -0.7106    0.6497
			    0.8766    -0.0978    -0.4712
		b:
			    -183.7598
			    -88.4590
			    -45.4174
			    144.0424
			    20.8632
			    60.7133
			    381.6589
			    17.7454
			    -27.2663
			    -365.6589
			    -9.7454
			    36.2663
	==================================================================================
	Q5:
		Shape: Ellipse
		q_c:    160.0000    270.0000    189.5000
		ub :    169.9262    280.5643    197.6012
		lb :    150.0738    259.4357    181.3988
		P^-1: 
			    0.0271    -0.0116    -0.0035
			    -0.0116    0.0276    0.0015
			    -0.0035    0.0015    0.0287
	==================================================================================
	Q6:
		Shape: Polyhedra
		q_c:    155.0000    278.5000    189.0000
		ub :    159.5231    285.7264    195.9301
		lb :    150.4769    271.2736    182.0699
		A:
			    0.6882    0.1009    0.7185
			    0.1389    0.1135    -0.9838
			    -0.5945    -0.7961    0.1126
			    -0.6490    0.7235    -0.2352
			    0.4756    -0.7990    0.3680
			    -0.3510    -0.2219    0.9097
			    0.1659    0.6900    0.7045
			    0.9832    -0.1708    -0.0642
			    0.0760    0.7033    -0.7068
			    -0.1659    -0.6900    -0.7045
			    -0.9832    0.1708    0.0642
			    -0.0760    -0.7033    0.7068
		b:
			    274.6420
			    -127.8273
			    -287.9110
			    60.8407
			    -74.4050
			    60.7522
			    355.0412
			    96.1781
			    79.5887
			    -347.0412
			    -89.1781
			    -68.5887


===========================================================================================
===========================================================================================
S4:
	q_c:    49.5000    344.5000    168.5000
	ub :    59.0000    354.0000    176.0000
	lb :    40.0000    335.0000    161.0000

	==================================================================================
	Q1:
		Shape: Ellipse
		q_c:    45.5000    348.0000    174.5000
		ub :    50.2931    352.8611    178.7263
		lb :    40.7069    343.1389    170.2737
		P^-1: 
			    0.1009    0.0045    -0.0407
			    0.0045    0.2185    -0.1779
			    -0.0407    -0.1779    0.2987
	==================================================================================
	Q2:
		Shape: Ellipse
		q_c:    44.5000    351.5000    174.0000
		ub :    50.8129    357.3334    179.2468
		lb :    38.1871    345.6666    168.7532
		P^-1: 
			    0.0495    0.0165    0.0163
			    0.0165    0.0816    0.0071
			    0.0163    0.0071    0.1016
	==================================================================================
	Q3:
		Shape: Hybrid
		q_c:    50.5000    345.5000    162.5000
		ub :    56.6055    351.8510    167.7314
		lb :    44.3945    339.1490    157.2686
		P^-1: 
			    0.0768    -0.0348    -0.0055
			    -0.0348    0.0755    -0.0020
			    -0.0055    -0.0020    0.0613
		A:
			    -0.2573    0.6634    0.7026
			    0.8367    -0.3831    0.3914
			    0.5365    -0.3447    0.7703
			    0.0826    -0.2791    -0.9567
			    0.5819    0.3182    -0.7485
			    -0.0467    0.4712    0.8808
		b:
			    332.7034
			    -24.4672
			    35.4761
			    -245.1423
			    20.3452
			    306.2055
	==================================================================================
	Q4:
		Shape: Polyhedra
		q_c:    49.0000    348.0000    169.0000
		ub :    53.8742    351.9151    174.1096
		lb :    44.1258    344.0849    163.8904
		A:
			    0.5036    0.4317    -0.7483
			    -0.5342    0.5269    -0.6611
			    -0.4749    0.3119    0.8229
			    -0.8017    -0.5068    -0.3168
			    -0.3478    -0.9359    -0.0561
			    0.3295    -0.9412    -0.0751
			    0.8615    0.0284    0.5069
			    -0.5072    0.0952    0.8566
			    -0.0239    -0.9951    0.0964
			    -0.8615    -0.0284    -0.5069
			    0.5072    -0.0952    -0.8566
			    0.0239    0.9951    -0.0964
		b:
			    51.9558
			    48.9429
			    227.8421
			    -265.6985
			    -348.7079
			    -320.5694
			    141.2592
			    156.5333
			    -327.6634
			    -134.2592
			    -149.5333
			    334.6634
	==================================================================================
	Q5:
		Shape: Polyhedra
		q_c:    54.0000    338.5000    174.5000
		ub :    61.1053    345.5936    180.0066
		lb :    46.8947    331.4064    168.9934
		A:
			    -0.3764    -0.7553    0.5365
			    0.0143    0.7483    0.6633
			    0.3595    0.9330    -0.0156
			    -0.5555    -0.0902    0.8266
			    0.3426    -0.4890    -0.8022
			    -0.2555    0.1964    -0.9467
			    0.9347    0.3076    0.1781
			    0.2306    -0.9061    0.3547
			    0.2705    -0.2904    -0.9179
			    -0.9347    -0.3076    -0.1781
			    -0.2306    0.9061    -0.3547
			    -0.2705    0.2904    0.9179
		b:
			    -177.4876
			    373.6538
			    337.6782
			    87.3642
			    -283.8484
			    -108.4194
			    191.1772
			    -227.3723
			    -240.8761
			    -180.1772
			    237.3723
			    246.8761
	==================================================================================
	Q6:
		Shape: Polyhedra
		q_c:    51.5000    343.5000    162.0000
		ub :    56.4896    347.7511    166.8515
		lb :    46.5104    339.2489    157.1485
		A:
			    0.0548    0.7261    -0.6854
			    -0.0031    0.4281    0.9037
			    0.3452    0.2741    -0.8976
			    0.1662    -0.3519    0.9212
			    -0.1972    -0.9764    0.0881
			    0.7420    0.4400    0.5058
			    0.3171    0.7470    0.5843
			    0.6774    -0.6096    0.4118
			    0.6638    0.2652    -0.6993
			    -0.3171    -0.7470    -0.5843
			    -0.6774    0.6096    -0.4118
			    -0.6638    -0.2652    0.6993
		b:
			    144.4401
			    295.7959
			    -30.0561
			    40.0324
			    -328.6529
			    273.6342
			    369.5924
			    -104.7973
			    15.5044
			    -365.5924
			    110.7973
			    -8.5044


===========================================================================================
===========================================================================================
S5:
	q_c:    65.0000    494.5000    386.0000
	ub :    71.0000    524.0000    398.0000
	lb :    59.0000    465.0000    374.0000

	==================================================================================
	Q1:
		Shape: Hybrid
		q_c:    66.5000    498.0000    387.5000
		ub :    70.6989    502.1688    391.0564
		lb :    62.3011    493.8312    383.9436
		P^-1: 
			    0.1600    0.0000    0.0000
			    0.0000    0.1600    0.0000
			    0.0000    0.0000    0.1600
		A:
			    0.1462    0.9347    -0.3240
			    0.3946    -0.8588    0.3267
			    0.9668    0.1443    -0.2111
			    -0.3246    0.6113    0.7217
			    0.1256    -0.9484    -0.2911
			    0.4634    0.5254    -0.7136
		b:
			    350.8725
			    -273.6287
			    55.6161
			    563.7920
			    -575.4990
			    17.1758
	==================================================================================
	Q2:
		Shape: Ellipse
		q_c:    70.5000    498.0000    389.5000
		ub :    74.7831    501.8834    393.1525
		lb :    66.2169    494.1166    385.8475
		P^-1: 
			    0.1600    0.0000    -0.0000
			    0.0000    0.1600    0.0000
			    -0.0000    0.0000    0.1600
	==================================================================================
	Q3:
		Shape: Polyhedra
		q_c:    71.0000    498.0000    385.0000
		ub :    76.7564    503.1013    390.9158
		lb :    65.2436    492.8987    379.0842
		A:
			    0.9534    0.1104    -0.2807
			    0.9826    -0.0493    -0.1791
			    -0.1627    0.2605    0.9517
			    -0.5943    -0.7977    -0.1025
			    -0.8866    0.1934    -0.4201
			    0.3059    0.8308    -0.4649
			    0.4119    0.7960    0.4435
			    0.3140    -0.5809    0.7510
			    0.8554    -0.1700    -0.4892
			    -0.4119    -0.7960    -0.4435
			    -0.3140    0.5809    -0.7510
			    -0.8554    0.1700    0.4892
		b:
			    18.4634
			    -19.8147
			    488.1498
			    -475.7725
			    -124.7628
			    259.8723
			    599.4165
			    25.6411
			    -208.2901
			    -593.4165
			    -18.6411
			    216.2901
	==================================================================================
	Q4:
		Shape: Ellipse
		q_c:    69.5000    494.5000    388.5000
		ub :    74.9243    497.9161    393.2899
		lb :    64.0757    491.0839    383.7101
		P^-1: 
			    0.0992    -0.1137    -0.0489
			    -0.1137    0.3841    0.0690
			    -0.0489    0.0690    0.1217
	==================================================================================
	Q5:
		Shape: Hybrid
		q_c:    67.0000    490.5000    379.0000
		ub :    70.4983    493.7870    383.1029
		lb :    63.5017    487.2130    374.8971
		P^-1: 
			    0.2065    -0.0295    -0.0572
			    -0.0295    0.2300    -0.0389
			    -0.0572    -0.0389    0.1746
		A:
			    0.1034    -0.4702    0.8765
			    -0.3172    -0.9418    0.1113
			    0.5825    0.6920    -0.4263
			    0.8841    0.2233    -0.4104
			    0.4296    -0.1002    0.8974
			    -0.1224    0.9486    0.2918
		b:
			    109.8088
			    -439.8043
			    217.9932
			    14.3278
			    321.5518
			    568.9965
	==================================================================================
	Q6:
		Shape: Hybrid
		q_c:    64.0000    498.5000    382.0000
		ub :    66.4188    500.3183    384.0395
		lb :    61.5812    496.6817    379.9605
		P^-1: 
			    0.5349    -0.2452    -0.2691
			    -0.2452    0.8707    -0.1419
			    -0.2691    -0.1419    0.8443
		A:
			    -0.6375    0.3348    -0.6939
			    -0.1088    -0.5817    0.8061
			    -0.5300    0.3763    -0.7599
			    -0.0329    0.5139    -0.8572
			    -0.4942    0.8520    0.1727
			    -0.5925    -0.4570    -0.6634
		b:
			    -137.9561
			    11.5086
			    -135.6383
			    -72.7989
			    459.6002
			    -517.7183


===========================================================================================
===========================================================================================
S6:
	q_c:    241.5000    383.5000    493.0000
	ub :    257.0000    398.0000    503.0000
	lb :    226.0000    369.0000    483.0000

	==================================================================================
	Q1:
		Shape: Polyhedra
		q_c:    249.0000    390.5000    490.0000
		ub :    258.8722    399.6639    499.6349
		lb :    239.1278    381.3361    480.3651
		A:
			    0.2538    0.9509    0.1773
			    0.8899    -0.3881    -0.2398
			    -0.4355    0.8294    0.3498
			    0.6801    0.7318    0.0440
			    0.8973    -0.0802    -0.4342
			    -0.7332    0.0485    -0.6782
			    0.4906    0.8247    0.2815
			    0.6903    -0.1707    -0.7031
			    -0.5317    0.5393    -0.6530
			    -0.4906    -0.8247    -0.2815
			    -0.6903    0.1707    0.7031
			    0.5317    -0.5393    0.6530
		b:
			    527.0215
			    -41.8442
			    392.4797
			    482.1317
			    -15.4683
			    -489.3540
			    587.6301
			    -234.2597
			    -234.8069
			    -576.6301
			    244.2597
			    248.8069
	==================================================================================
	Q2:
		Shape: Ellipse
		q_c:    232.5000    380.0000    505.0000
		ub :    239.0549    387.0495    513.0007
		lb :    225.9451    372.9505    496.9993
		P^-1: 
			    0.0993    -0.0376    -0.0581
			    -0.0376    0.0688    0.0089
			    -0.0581    0.0089    0.0748
	==================================================================================
	Q3:
		Shape: Hybrid
		q_c:    247.0000    392.5000    500.0000
		ub :    252.4791    394.7623    505.1146
		lb :    241.5209    390.2377    494.8854
		P^-1: 
			    0.0506    -0.0072    -0.0036
			    -0.0072    0.2496    0.0046
			    -0.0036    0.0046    0.0617
		A:
			    -0.2048    -0.8200    0.5344
			    0.1534    -0.9828    -0.1026
			    -0.6849    0.4152    0.5988
			    -0.0856    -0.9510    0.2970
			    0.1330    0.9878    -0.0813
			    -0.3553    -0.9338    -0.0416
		b:
			    -103.3372
			    -398.1069
			    295.9913
			    -244.6091
			    381.0290
			    -473.5574
	==================================================================================
	Q4:
		Shape: Hybrid
		q_c:    238.0000    380.0000    493.0000
		ub :    246.1077    384.5849    501.1488
		lb :    229.8923    375.4151    484.8512
		P^-1: 
			    0.0346    -0.0033    0.0138
			    -0.0033    0.1067    -0.0161
			    0.0138    -0.0161    0.0428
		A:
			    0.6283    -0.1378    0.7657
			    -0.3691    -0.9112    -0.1829
			    0.4936    0.7986    -0.3444
			    0.4177    -0.5705    0.7071
			    0.3867    0.2634    0.8838
			    0.5134    0.8578    -0.0256
		b:
			    477.4527
			    -522.1587
			    254.0122
			    233.4679
			    631.0253
			    437.9810
	==================================================================================
	Q5:
		Shape: Polyhedra
		q_c:    246.0000    371.5000    484.5000
		ub :    253.0758    379.0178    489.9071
		lb :    238.9242    363.9822    479.0929
		A:
			    -0.6216    0.6159    0.4841
			    -0.7979    -0.4856    -0.3573
			    -0.2449    0.3081    0.9193
			    -0.0202    0.8566    0.5157
			    -0.2634    -0.4721    -0.8412
			    -0.0790    -0.8009    -0.5936
			    0.2923    0.5824    0.7585
			    0.8972    -0.4415    -0.0068
			    0.3310    0.6826    -0.6516
			    -0.2923    -0.5824    -0.7585
			    -0.8972    0.4415    0.0068
			    -0.3310    -0.6826    0.6516
		b:
			    314.7426
			    -546.1261
			    503.3617
			    565.9503
			    -646.0475
			    -602.2026
			    657.2774
			    58.4091
			    25.7857
			    -654.2774
			    -48.4091
			    -12.7857
	==================================================================================
	Q6:
		Shape: Ellipse
		q_c:    246.0000    393.5000    480.5000
		ub :    255.8024    398.9703    489.9121
		lb :    236.1976    388.0297    471.0879
		P^-1: 
			    0.0215    0.0024    0.0096
			    0.0024    0.1428    0.0443
			    0.0096    0.0443    0.0444


===========================================================================================
===========================================================================================
S7:
	q_c:    287.5000    25.0000    291.0000
	ub :    310.0000    50.0000    301.0000
	lb :    265.0000    0.0000    281.0000

	==================================================================================
	Q1:
		Shape: Hybrid
		q_c:    288.0000    17.0000    295.5000
		ub :    296.5353    25.1164    303.4190
		lb :    279.4647    8.8836    287.5810
		P^-1: 
			    0.0430    0.0094    0.0011
			    0.0094    0.0298    0.0056
			    0.0011    0.0056    0.0402
		A:
			    -0.0411    -0.6469    -0.7615
			    -0.4827    -0.8743    0.0515
			    0.4730    -0.1491    0.8683
			    0.4512    0.8469    -0.2813
			    -0.4130    0.8815    0.2288
			    0.2100    0.9052    -0.3694
		b:
			    -245.0938
			    -135.6150
			    393.3810
			    64.4230
			    -32.4599
			    -29.6240
	==================================================================================
	Q2:
		Shape: Polyhedra
		q_c:    298.5000    28.5000    294.5000
		ub :    301.7720    35.2303    300.7424
		lb :    295.2280    21.7697    288.2576
		A:
			    -0.2016    -0.6493    0.7333
			    0.0093    0.0886    -0.9960
			    -0.8560    0.3743    0.3567
			    -0.9305    -0.0434    -0.3636
			    -0.2323    -0.8848    -0.4040
			    -0.7389    0.2469    -0.6269
			    0.9986    0.0118    0.0524
			    -0.0066    -0.9414    0.3374
			    0.0533    -0.3372    -0.9399
			    -0.9986    -0.0118    -0.0524
			    0.0066    0.9414    -0.3374
			    -0.0533    0.3372    0.9399
		b:
			    142.5071
			    -283.3526
			    -136.1876
			    -382.8981
			    -208.6161
			    -394.2137
			    316.8440
			    76.0541
			    -265.9973
			    -310.8440
			    -65.0541
			    274.9973
	==================================================================================
	Q3:
		Shape: Hybrid
		q_c:    288.0000    33.0000    293.0000
		ub :    294.7597    41.2921    301.1479
		lb :    281.2403    24.7079    284.8521
		P^-1: 
			    0.0424    0.0039    0.0013
			    0.0039    0.0438    0.0071
			    0.0013    0.0071    0.0309
		A:
			    -0.3772    -0.4945    -0.7830
			    0.8857    0.4108    -0.2162
			    0.1024    0.9921    0.0726
			    -0.6684    -0.6329    0.3906
			    -0.7737    -0.6308    -0.0589
			    0.6696    0.5266    -0.5238
		b:
			    -351.6795
			    207.9413
			    86.0013
			    -96.0406
			    -258.5388
			    59.8288
	==================================================================================
	Q4:
		Shape: Ellipse
		q_c:    290.0000    17.0000    292.5000
		ub :    294.6950    22.0676    296.6706
		lb :    285.3050    11.9324    288.3294
		P^-1: 
			    0.1245    0.0349    0.0159
			    0.0349    0.1111    0.0073
			    0.0159    0.0073    0.1171
	==================================================================================
	Q5:
		Shape: Polyhedra
		q_c:    292.0000    28.0000    292.0000
		ub :    301.1028    37.9442    302.5501
		lb :    282.8972    18.0558    281.4499
		A:
			    -0.7706    0.2166    0.5994
			    -0.7639    -0.5443    0.3466
			    -0.7561    0.6056    0.2482
			    0.8602    0.4567    -0.2268
			    0.9138    -0.1484    -0.3780
			    -0.0980    -0.9240    0.3696
			    0.1054    0.8536    0.5101
			    -0.7503    0.4049    -0.5225
			    -0.6526    -0.3277    0.6832
			    -0.1054    -0.8536    -0.5101
			    0.7503    -0.4049    0.5225
			    0.6526    0.3277    -0.6832
		b:
			    -37.8178
			    -131.0330
			    -125.2046
			    203.8063
			    158.3346
			    59.6124
			    210.1451
			    -354.3340
			    5.7627
			    -197.1451
			    366.3340
			    6.2373
	==================================================================================
	Q6:
		Shape: Hybrid
		q_c:    284.5000    33.0000    282.0000
		ub :    290.3280    38.9995    286.8207
		lb :    278.6720    27.0005    277.1793
		P^-1: 
			    0.0638    0.0025    -0.0073
			    0.0025    0.0676    -0.0147
			    -0.0073    -0.0147    0.1048
		A:
			    -0.7548    -0.1937    0.6267
			    -0.4103    0.0194    -0.9118
			    -0.6596    -0.7073    0.2542
			    -0.1912    -0.5939    -0.7815
			    0.0305    0.3050    0.9519
			    0.0057    0.3122    0.9500
		b:
			    -42.4342
			    -371.2902
			    -137.1050
			    -292.0983
			    289.0986
			    281.7441


===========================================================================================
===========================================================================================
S8:
	q_c:    449.0000    280.5000    24.0000
	ub :    474.0000    298.0000    48.0000
	lb :    424.0000    263.0000    0.0000

	==================================================================================
	Q1:
		Shape: Ellipse
		q_c:    462.5000    270.0000    34.0000
		ub :    471.0379    280.2825    45.2615
		lb :    453.9621    259.7175    22.7385
		P^-1: 
			    0.0252    -0.0034    -0.0007
			    -0.0034    0.0292    0.0062
			    -0.0007    0.0062    0.0147
	==================================================================================
	Q2:
		Shape: Polyhedra
		q_c:    444.5000    266.5000    13.5000
		ub :    452.2987    272.9870    19.9498
		lb :    436.7013    260.0130    7.0502
		A:
			    -0.1712    0.4683    0.8668
			    -0.3368    -0.3620    -0.8692
			    -0.3939    0.4101    0.8226
			    0.3061    0.7963    0.5218
			    -0.5761    0.7937    0.1954
			    0.0704    0.4790    0.8750
			    0.9959    0.0582    0.0690
			    -0.0027    -0.7446    0.6675
			    0.0902    -0.6650    -0.7414
			    -0.9959    -0.0582    -0.0690
			    0.0027    0.7446    -0.6675
			    -0.0902    0.6650    0.7414
		b:
			    64.0269
			    -253.3227
			    -50.5400
			    359.7469
			    -36.7699
			    174.4955
			    466.6322
			    -185.6266
			    -143.6186
			    -451.6322
			    195.6266
			    150.6186
	==================================================================================
	Q3:
		Shape: Ellipse
		q_c:    446.5000    278.0000    31.0000
		ub :    458.2588    288.4989    43.7970
		lb :    434.7412    267.5011    18.2030
		P^-1: 
			    0.0194    -0.0061    -0.0005
			    -0.0061    0.0276    0.0066
			    -0.0005    0.0066    0.0162
	==================================================================================
	Q4:
		Shape: Polyhedra
		q_c:    431.0000    280.5000    34.5000
		ub :    440.7521    290.7130    44.3005
		lb :    421.2479    270.2870    24.6995
		A:
			    -0.0376    0.9955    0.0873
			    0.9804    0.1969    -0.0040
			    0.4749    0.8501    -0.2275
			    -0.5613    0.8108    -0.1661
			    -0.3845    0.7144    0.5847
			    0.4227    -0.1964    -0.8847
			    0.5833    0.5964    0.5514
			    -0.7364    0.6747    0.0492
			    -0.3427    -0.4348    0.8328
			    -0.5833    -0.5964    -0.5514
			    0.7364    -0.6747    -0.0492
			    0.3427    0.4348    -0.8328
		b:
			    271.7927
			    483.6363
			    442.0908
			    -14.9613
			    60.3836
			    103.3706
			    443.7196
			    -121.4415
			    -233.4266
			    -431.7196
			    131.4415
			    248.4266
	==================================================================================
	Q5:
		Shape: Polyhedra
		q_c:    450.0000    274.5000    23.5000
		ub :    458.5089    282.7658    30.1924
		lb :    441.4911    266.2342    16.8076
		A:
			    -0.8767    0.0304    0.4801
			    0.0512    -0.9496    0.3093
			    0.7278    -0.1319    0.6730
			    -0.2144    0.5955    0.7742
			    0.9495    0.2224    -0.2214
			    -0.5033    -0.7398    0.4466
			    0.6240    0.5001    0.6004
			    -0.6587    0.7500    0.0597
			    -0.4205    -0.4328    0.7974
			    -0.6240    -0.5001    -0.6004
			    0.6587    -0.7500    -0.0597
			    0.4205    0.4328    -0.7974
		b:
			    -370.5481
			    -225.7952
			    312.6476
			    90.3621
			    487.8918
			    -414.9444
			    438.1831
			    -84.1211
			    -285.7709
			    -426.1831
			    94.1211
			    292.7709
	==================================================================================
	Q6:
		Shape: Polyhedra
		q_c:    448.0000    270.5000    31.5000
		ub :    457.4057    280.1174    39.4298
		lb :    438.5943    260.8826    23.5702
		A:
			    -0.2979    -0.3434    0.8907
			    -0.1820    -0.4635    0.8672
			    -0.9953    0.0597    -0.0760
			    -0.4493    0.0514    0.8919
			    -0.5646    -0.7988    -0.2078
			    0.0133    0.1588    -0.9872
			    0.6102    0.3520    0.7098
			    -0.6918    -0.1999    0.6939
			    0.3861    -0.9144    0.1215
			    -0.6102    -0.3520    -0.7098
			    0.6918    0.1999    -0.6939
			    -0.3861    0.9144    -0.1215
		b:
			    -193.0243
			    -173.9857
			    -426.5577
			    -154.2354
			    -469.8754
			    23.0350
			    395.9285
			    -337.1458
			    -63.0525
			    -385.9285
			    347.1458
			    78.0525


===========================================================================================
===========================================================================================
S9:
	q_c:    167.5000    32.5000    204.0000
	ub :    197.0000    54.0000    221.0000
	lb :    138.0000    11.0000    187.0000

	==================================================================================
	Q1:
		Shape: Polyhedra
		q_c:    153.0000    42.5000    217.5000
		ub :    167.7590    56.2736    226.4709
		lb :    138.2410    28.7264    208.5291
		A:
			    0.2804    -0.0905    -0.9556
			    0.6858    -0.6424    0.3422
			    0.2304    -0.7560    0.6127
			    -0.7607    0.4251    -0.4906
			    0.2115    -0.5876    -0.7810
			    0.0835    -0.9709    -0.2245
			    0.1874    0.0047    0.9823
			    -0.7351    0.6640    0.1371
			    -0.6516    -0.7477    0.1279
			    -0.1874    -0.0047    -0.9823
			    0.7351    -0.6640    -0.1371
			    0.6516    0.7477    -0.1279
		b:
			    -161.4344
			    161.3993
			    144.9889
			    -196.2243
			    -154.1922
			    -67.6562
			    249.0200
			    -44.4204
			    -94.1532
			    -236.0200
			    64.4204
			    113.1532
	==================================================================================
	Q2:
		Shape: Ellipse
		q_c:    182.5000    41.5000    192.5000
		ub :    193.9411    52.0227    202.7756
		lb :    171.0589    30.9773    182.2244
		P^-1: 
			    0.0218    0.0006    -0.0028
			    0.0006    0.0206    -0.0015
			    -0.0028    -0.0015    0.0172
	==================================================================================
	Q3:
		Shape: Ellipse
		q_c:    177.5000    25.0000    183.5000
		ub :    189.4560    36.1339    196.0587
		lb :    165.5440    13.8661    170.9413
		P^-1: 
			    0.0195    0.0046    0.0003
			    0.0046    0.0236    0.0041
			    0.0003    0.0041    0.0163
	==================================================================================
	Q4:
		Shape: Ellipse
		q_c:    151.5000    14.0000    192.0000
		ub :    165.9352    27.1730    206.3235
		lb :    137.0648    0.8270    177.6765
		P^-1: 
			    0.0172    0.0045    0.0064
			    0.0045    0.0194    0.0061
			    0.0064    0.0061    0.0119
	==================================================================================
	Q5:
		Shape: Ellipse
		q_c:    184.5000    22.0000    193.0000
		ub :    191.4537    32.5332    204.1343
		lb :    177.5463    11.4668    181.8657
		P^-1: 
			    0.1972    0.0572    0.0788
			    0.0572    0.0379    0.0285
			    0.0788    0.0285    0.0464
	==================================================================================
	Q6:
		Shape: Ellipse
		q_c:    166.5000    18.5000    195.0000
		ub :    180.8766    32.8847    205.6685
		lb :    152.1234    4.1153    184.3315
		P^-1: 
			    0.0148    0.0044    0.0017
			    0.0044    0.0140    0.0015
			    0.0017    0.0015    0.0173


===========================================================================================
===========================================================================================
S10:
	q_c:    353.0000    506.5000    437.0000
	ub :    360.0000    520.0000    456.0000
	lb :    346.0000    493.0000    418.0000

	==================================================================================
	Q1:
		Shape: Ellipse
		q_c:    354.5000    509.0000    439.0000
		ub :    359.6043    513.7022    443.1224
		lb :    349.3957    504.2978    434.8776
		P^-1: 
			    0.0558    -0.0260    -0.0226
			    -0.0260    0.1582    0.0812
			    -0.0226    0.0812    0.1670
	==================================================================================
	Q2:
		Shape: Ellipse
		q_c:    352.5000    504.5000    437.5000
		ub :    355.8222    507.9431    441.7375
		lb :    349.1778    501.0569    433.2625
		P^-1: 
			    0.3600    0.0403    0.1427
			    0.0403    0.2133    -0.0571
			    0.1427    -0.0571    0.2028
	==================================================================================
	Q3:
		Shape: Hybrid
		q_c:    359.5000    501.5000    444.5000
		ub :    363.3598    505.5341    447.5666
		lb :    355.6402    497.4659    441.4334
		P^-1: 
			    0.1655    -0.0090    0.0196
			    -0.0090    0.1748    -0.0322
			    0.0196    -0.0322    0.2297
		A:
			    0.0284    -0.6732    0.7389
			    -0.7542    0.0382    -0.6555
			    0.8962    -0.3789    0.2306
			    -0.8466    0.1144    0.5198
			    -0.8490    -0.0282    -0.5276
			    0.9647    0.1802    0.1921
		b:
			    2.1278
			    -542.1297
			    236.0485
			    -14.4571
			    -552.5881
			    523.9908
	==================================================================================
	Q4:
		Shape: Hybrid
		q_c:    355.5000    503.5000    442.5000
		ub :    359.2612    506.2663    445.9354
		lb :    351.7388    500.7337    439.0646
		P^-1: 
			    0.2887    -0.0167    0.2572
			    -0.0167    0.6769    -0.3284
			    0.2572    -0.3284    0.5604
		A:
			    -0.8491    -0.1331    -0.5112
			    0.4990    -0.1736    0.8491
			    -0.2807    -0.9283    -0.2439
			    0.6103    -0.2858    0.7388
			    -0.3881    -0.9039    0.1799
			    -0.3245    0.0197    -0.9457
		b:
			    -593.9288
			    466.3886
			    -674.0108
			    400.6523
			    -512.5892
			    -522.7761
	==================================================================================
	Q5:
		Shape: Polyhedra
		q_c:    350.0000    504.5000    433.0000
		ub :    354.5431    509.3020    437.9917
		lb :    345.4569    499.6980    428.0083
		A:
			    -0.3099    0.1506    0.9388
			    -0.3514    0.7392    0.5745
			    -0.2507    0.8517    -0.4603
			    0.1809    -0.1507    0.9719
			    0.0307    -0.4976    0.8669
			    0.6731    -0.4298    0.6018
			    0.1538    0.8454    0.5115
			    0.5209    0.3705    -0.7690
			    -0.8396    0.3847    -0.3834
			    -0.1538    -0.8454    -0.5115
			    -0.5209    -0.3705    0.7690
			    0.8396    -0.3847    0.3834
		b:
			    376.9904
			    501.7125
			    145.6296
			    411.0953
			    138.1059
			    282.3358
			    704.8242
			    39.2922
			    -262.7724
			    -698.8242
			    -33.2922
			    268.7724
	==================================================================================
	Q6:
		Shape: Polyhedra
		q_c:    355.0000    512.5000    440.0000
