3D_35_10_6_b                l = 3

===========================================================================================
===========================================================================================
S1:
	q_c:    168.5000    208.0000    94.0000
	ub :    188.0000    225.0000    108.0000
	lb :    149.0000    191.0000    80.0000

	==================================================================================
	Q1:
		Shape: Hybrid
		q_c:    157.0000    220.0000    108.0000
		ub :    168.6219    231.1094    118.6692
		lb :    145.3781    208.8906    97.3308
		P^-1: 
			    0.0261    0.0045    0.0081
			    0.0045    0.0175    0.0035
			    0.0081    0.0035    0.0173
		A:
			    0.7059    0.3868    0.5933
			    0.4261    0.3388    0.8388
			    0.3766    0.0748    -0.9233
			    -0.6000    0.7930    0.1058
			    -0.6023    0.5793    -0.5492
			    -0.7121    -0.3005    -0.6346
		b:
			    262.8444
			    235.7757
			    -17.9296
			    96.9255
			    -21.7245
			    -243.5460
	==================================================================================
	Q2:
		Shape: Ellipse
		q_c:    172.0000    225.5000    98.5000
		ub :    181.7495    236.6978    107.5449
		lb :    162.2505    214.3022    89.4551
		P^-1: 
			    0.0261    0.0062    -0.0133
			    0.0062    0.0398    -0.0324
			    -0.0133    -0.0324    0.0505
	==================================================================================
	Q3:
		Shape: Hybrid
		q_c:    163.0000    202.5000    95.5000
		ub :    174.4958    214.8476    105.1619
		lb :    151.5042    190.1524    85.8381
		P^-1: 
			    0.0175    -0.0010    -0.0018
			    -0.0010    0.0153    -0.0026
			    -0.0018    -0.0026    0.0225
		A:
			    0.3947    -0.9163    -0.0678
			    0.7471    -0.1043    0.6565
			    0.2891    -0.8688    0.4020
			    0.3970    0.1731    0.9013
			    0.0426    -0.3956    0.9174
			    0.9618    0.1947    0.1926
		b:
			    -123.0182
			    167.5781
			    -86.1691
			    190.0324
			    17.7877
			    219.2195
	==================================================================================
	Q4:
		Shape: Ellipse
		q_c:    156.0000    201.0000    93.0000
		ub :    162.0253    209.8030    101.8867
		lb :    149.9747    192.1970    84.1133
		P^-1: 
			    0.0589    0.0031    -0.0078
			    0.0031    0.0304    -0.0093
			    -0.0078    -0.0093    0.0369
	==================================================================================
	Q5:
		Shape: Polyhedra
		q_c:    165.5000    212.0000    96.0000
		ub :    177.3426    222.5393    107.5190
		lb :    153.6574    201.4607    84.4810
		A:
			    -0.6765    -0.0714    0.7330
			    0.4360    0.8991    0.0400
			    0.1477    -0.1399    -0.9791
			    -0.1734    0.9752    0.1374
			    0.9911    0.0136    0.1327
			    0.1355    -0.7619    0.6334
			    0.3512    0.0328    0.9357
			    -0.5396    0.8239    0.1736
			    -0.7652    -0.5658    0.3070
			    -0.3512    -0.0328    -0.9357
			    0.5396    -0.8239    -0.1736
			    0.7652    0.5658    -0.3070
		b:
			    -49.8950
			    273.1086
			    -90.5598
			    199.7952
			    186.8203
			    -70.1755
			    163.9055
			    111.0256
			    -212.1297
			    -145.9055
			    -93.0256
			    222.1297
	==================================================================================
	Q6:
		Shape: Hybrid
		q_c:    163.0000    214.5000    80.0000
		ub :    175.9973    227.3556    90.1105
		lb :    150.0027    201.6444    69.8895
		P^-1: 
			    0.0182    0.0075    -0.0057
			    0.0075    0.0199    -0.0096
			    -0.0057    -0.0096    0.0308
		A:
			    0.8871    -0.0448    0.4593
			    0.0589    -0.7607    -0.6465
			    0.1574    -0.0291    -0.9871
			    0.7556    0.1303    -0.6419
			    0.9377    0.2750    0.2123
			    0.1855    0.9813    -0.0511
		b:
			    177.3353
			    -199.2296
			    -55.8156
			    103.7773
			    233.8846
			    241.6909


===========================================================================================
===========================================================================================
S2:
	q_c:    525.5000    309.0000    200.5000
	ub :    540.0000    339.0000    231.0000
	lb :    511.0000    279.0000    170.0000

	==================================================================================
	Q1:
		Shape: Ellipse
		q_c:    516.0000    312.0000    208.0000
		ub :    528.4072    325.2230    219.7182
		lb :    503.5928    298.7770    196.2818
		P^-1: 
			    0.0187    -0.0036    -0.0032
			    -0.0036    0.0166    0.0018
			    -0.0032    0.0018    0.0178
	==================================================================================
	Q2:
		Shape: Hybrid
		q_c:    524.0000    321.0000    200.5000
		ub :    530.3652    329.8672    208.6193
		lb :    517.6348    312.1328    192.3807
		P^-1: 
			    0.0287    -0.0054    0.0067
			    -0.0054    0.0507    -0.0468
			    0.0067    -0.0468    0.0734
		A:
			    -0.0822    0.5204    -0.8499
			    -0.3675    -0.7889    0.4926
			    0.4847    -0.6497    0.5856
			    -0.3310    -0.3031    0.8936
			    -0.4130    -0.5718    0.7089
			    -0.0749    -0.6661    0.7421
		b:
			    -44.7745
			    -343.9691
			    165.1254
			    -88.6062
			    -255.3395
			    -102.6247
	==================================================================================
	Q3:
		Shape: Ellipse
		q_c:    535.0000    300.0000    196.5000
		ub :    546.6959    312.1337    202.0823
		lb :    523.3041    287.8663    190.9177
		P^-1: 
			    0.0158    -0.0025    -0.0141
			    -0.0025    0.0169    0.0200
			    -0.0141    0.0200    0.1046
	==================================================================================
	Q4:
		Shape: Ellipse
		q_c:    535.0000    294.5000    206.5000
		ub :    547.9323    307.1551    216.3952
		lb :    522.0677    281.8449    196.6048
		P^-1: 
			    0.0109    0.0027    -0.0015
			    0.0027    0.0237    -0.0164
			    -0.0015    -0.0164    0.0387
	==================================================================================
	Q5:
		Shape: Polyhedra
		q_c:    526.5000    324.0000    196.5000
		ub :    534.4927    334.1546    205.2049
		lb :    518.5073    313.8454    187.7951
		A:
			    0.2510    0.6770    0.6919
			    -0.3598    0.8463    0.3929
			    0.6269    -0.7788    -0.0226
			    0.9549    0.2966    -0.0114
			    -0.3603    -0.1285    -0.9239
			    0.0125    -0.4523    -0.8918
			    0.3660    0.5044    0.7821
			    -0.8944    0.4228    0.1459
			    -0.2571    -0.7529    0.6059
			    -0.3660    -0.5044    -0.7821
			    0.8944    -0.4228    -0.1459
			    0.2571    0.7529    -0.6059
		b:
			    491.6129
			    166.9961
			    78.9049
			    602.2602
			    -408.1258
			    -310.8584
			    513.8139
			    -300.2271
			    -252.2243
			    -505.8139
			    310.2271
			    268.2243
	==================================================================================
	Q6:
		Shape: Hybrid
		q_c:    513.5000    310.0000    198.0000
		ub :    523.4836    322.1476    210.5112
		lb :    503.5164    297.8524    185.4888
		P^-1: 
			    0.0224    0.0044    -0.0019
			    0.0044    0.0243    0.0151
			    -0.0019    0.0151    0.0253
		A:
			    0.2118    -0.2537    -0.9438
			    0.3253    -0.8337    -0.4462
			    -0.3353    0.5948    0.7306
			    0.8581    -0.4908    -0.1510
			    -0.8390    0.0848    -0.5375
			    0.6787    0.4886    0.5483
		b:
			    -152.8320
			    -175.8535
			    159.6994
			    263.8205
			    -504.8377
			    611.9722


===========================================================================================
===========================================================================================
S3:
	q_c:    175.5000    152.5000    346.0000
	ub :    194.0000    177.0000    370.0000
	lb :    157.0000    128.0000    322.0000

	==================================================================================
	Q1:
		Shape: Ellipse
		q_c:    158.5000    163.5000    334.0000
		ub :    174.4968    177.5601    349.9812
		lb :    142.5032    149.4399    318.0188
		P^-1: 
			    0.0113    0.0004    0.0025
			    0.0004    0.0140    0.0020
			    0.0025    0.0020    0.0109
	==================================================================================
	Q2:
		Shape: Polyhedra
		q_c:    181.5000    161.0000    333.5000
		ub :    186.6330    169.9826    341.7374
		lb :    176.3670    152.0174    325.2626
		A:
			    0.7939    -0.0891    -0.6015
			    -0.8308    -0.3015    0.4678
			    0.9580    -0.1035    -0.2673
			    0.9972    0.0301    0.0685
			    0.9104    0.2431    -0.3349
			    0.7715    -0.6187    0.1483
			    0.3616    0.2252    0.9047
			    -0.1633    0.9707    -0.1763
			    -0.9179    -0.0840    0.3878
			    -0.3616    -0.2252    -0.9047
			    0.1633    -0.9707    0.1763
			    0.9179    0.0840    -0.3878
		b:
			    -68.2779
			    -40.9694
			    70.2777
			    212.1470
			    94.6147
			    95.8851
			    410.6143
			    75.3257
			    -49.3000
			    -396.6143
			    -60.3257
			    52.3000
	==================================================================================
	Q3:
		Shape: Ellipse
		q_c:    187.5000    171.5000    360.5000
		ub :    194.4559    179.7925    370.1456
		lb :    180.5441    163.2075    350.8544
		P^-1: 
			    0.1104    -0.0644    -0.0179
			    -0.0644    0.0665    0.0134
			    -0.0179    0.0134    0.0158
	==================================================================================
	Q4:
		Shape: Ellipse
		q_c:    169.0000    151.5000    347.5000
		ub :    181.8774    164.2996    361.7102
		lb :    156.1226    138.7004    333.2898
		P^-1: 
			    0.0131    -0.0015    -0.0026
			    -0.0015    0.0160    0.0002
			    -0.0026    0.0002    0.0154
	==================================================================================
	Q5:
		Shape: Ellipse
		q_c:    159.5000    160.0000    332.0000
		ub :    170.3215    172.2831    343.7912
		lb :    148.6785    147.7169    320.2088
		P^-1: 
			    0.0166    0.0049    0.0026
			    0.0049    0.0224    0.0051
			    0.0026    0.0051    0.0150
	==================================================================================
	Q6:
		Shape: Ellipse
		q_c:    182.0000    138.0000    335.0000
		ub :    194.0516    150.5019    346.7103
		lb :    169.9484    125.4981    323.2897
		P^-1: 
			    0.0193    -0.0012    -0.0004
			    -0.0012    0.0188    0.0003
			    -0.0004    0.0003    0.0179


===========================================================================================
===========================================================================================
S4:
	q_c:    23.0000    474.0000    64.0000
	ub :    46.0000    495.0000    90.0000
	lb :    0.0000    453.0000    38.0000

	==================================================================================
	Q1:
		Shape: Ellipse
		q_c:    17.0000    466.0000    47.0000
		ub :    21.6869    472.1786    51.9597
		lb :    12.3131    459.8214    42.0403
		P^-1: 
			    0.0621    -0.0031    0.0006
			    -0.0031    0.0413    0.0042
			    0.0006    0.0042    0.0617
	==================================================================================
	Q2:
		Shape: Polyhedra
		q_c:    4.5000    455.0000    69.0000
		ub :    17.7892    469.5473    84.6765
		lb :    -8.7892    440.4527    53.3235
		A:
			    0.9154    0.3988    0.0552
			    -0.5678    -0.6952    -0.4408
			    -0.6299    -0.7255    0.2773
			    0.4521    0.8917    0.0200
			    -0.4663    -0.7446    -0.4777
			    0.7553    0.6337    -0.1673
			    0.7103    0.6858    0.1588
			    0.3067    -0.5046    0.8071
			    0.6336    -0.5246    -0.5687
			    -0.7103    -0.6858    -0.1588
			    -0.3067    0.5046    -0.8071
			    -0.6336    0.5246    0.5687
		b:
			    195.5118
			    -343.1880
			    -306.7402
			    415.6373
			    -367.5415
			    286.4250
			    331.6722
			    -160.5029
			    -266.0650
			    -320.6722
			    184.5029
			    284.0650
	==================================================================================
	Q3:
		Shape: Ellipse
		q_c:    22.0000    485.0000    86.5000
		ub :    28.9282    491.0035    93.9576
		lb :    15.0718    478.9965    79.0424
		P^-1: 
			    0.1214    -0.1033    0.0108
			    -0.1033    0.1656    -0.0082
			    0.0108    -0.0082    0.0360
	==================================================================================
	Q4:
		Shape: Hybrid
		q_c:    31.0000    473.0000    72.5000
		ub :    36.8455    486.6883    86.6624
		lb :    25.1545    459.3117    58.3376
		P^-1: 
			    0.1056    0.0049    0.0225
			    0.0049    0.0101    0.0008
			    0.0225    0.0008    0.0145
		A:
			    0.9811    -0.1734    0.0861
			    -0.6202    0.5568    -0.5526
			    0.9949    0.0949    0.0352
			    -0.9071    -0.4102    -0.0942
			    0.9498    -0.1255    0.2867
			    -0.6960    -0.6684    -0.2625
		b:
			    -42.8904
			    210.0053
			    80.3340
			    -225.7635
			    -7.1675
			    -351.3575
	==================================================================================
	Q5:
		Shape: Polyhedra
		q_c:    22.5000    465.5000    61.5000
		ub :    32.2197    475.6513    69.4964
		lb :    12.7803    455.3487    53.5036
		A:
			    0.3539    -0.5314    -0.7697
			    0.8754    0.2747    -0.3977
			    0.5813    0.5102    -0.6338
			    0.3324    -0.4782    -0.8129
			    -0.1017    -0.8017    -0.5890
			    -0.2155    0.8469    0.4862
			    0.7843    0.6043    0.1402
			    0.5026    -0.7514    0.4275
			    0.3637    -0.2648    -0.8931
			    -0.7843    -0.6043    -0.1402
			    -0.5026    0.7514    -0.4275
			    -0.3637    0.2648    0.8931
		b:
			    -281.9587
			    128.2853
			    217.0190
			    -260.4741
			    -406.4489
			    424.9530
			    313.0863
			    -304.6967
			    -165.5078
			    -302.0863
			    319.6967
			    174.5078
	==================================================================================
	Q6:
		Shape: Polyhedra
		q_c:    7.5000    491.0000    56.5000
		ub :    16.1628    500.7673    61.3002
		lb :    -1.1628    481.2327    51.6998
		A:
			    0.1750    -0.3605    0.9162
			    0.5694    0.1406    -0.8099
			    0.1887    0.3786    -0.9061
			    -0.5067    0.8610    0.0437
			    -0.9231    0.3773    -0.0741
			    0.4108    -0.7605    0.5029
			    0.4912    0.8356    0.2460
			    0.8637    -0.4306    -0.2619
			    -0.1129    0.3411    -0.9332
			    -0.4912    -0.8356    -0.2460
			    -0.8637    0.4306    0.2619
			    0.1129    -0.3411    0.9332
		b:
			    -122.4099
			    31.3563
			    138.5724
			    427.2394
			    179.0543
			    -337.9187
			    436.3652
			    -214.7428
			    115.4032
			    -419.3652
			    224.7428
			    -112.4032


===========================================================================================
===========================================================================================
S5:
	q_c:    493.0000    464.0000    77.5000
	ub :    506.0000    483.0000    94.0000
	lb :    480.0000    445.0000    61.0000

	==================================================================================
	Q1:
		Shape: Polyhedra
		q_c:    501.5000    478.5000    64.0000
		ub :    509.0664    485.5026    71.1860
		lb :    493.9336    471.4974    56.8140
		A:
			    0.4355    -0.7305    0.5261
			    0.8444    -0.4082    0.3470
			    -0.5851    0.6441    0.4927
			    -0.4935    0.7489    -0.4422
			    -0.5628    0.6982    0.4425
			    -0.3958    0.8023    -0.4468
			    0.6317    0.6290    0.4530
			    -0.4000    -0.2361    0.8856
			    0.6640    -0.7407    0.1025
			    -0.6317    -0.6290    -0.4530
			    0.4000    0.2361    -0.8856
			    -0.6640    0.7407    -0.1025
		b:
			    -94.3896
			    253.9785
			    49.8137
			    85.4378
			    83.6360
			    159.8142
			    653.3041
			    -252.3738
			    -12.3584
			    -640.3041
			    261.3738
			    17.3584
	==================================================================================
	Q2:
		Shape: Ellipse
		q_c:    485.5000    450.0000    86.5000
		ub :    491.9296    455.1545    94.6193
		lb :    479.0704    444.8455    78.3807
		P^-1: 
			    0.0896    0.0071    -0.0375
			    0.0071    0.0779    0.0129
			    -0.0375    0.0129    0.0457
	==================================================================================
	Q3:
		Shape: Hybrid
		q_c:    491.0000    475.5000    66.5000
		ub :    498.9934    485.1375    74.8179
		lb :    483.0066    465.8625    58.1821
		P^-1: 
			    0.0371    0.0070    0.0027
			    0.0070    0.0204    0.0007
			    0.0027    0.0007    0.0208
		A:
			    0.8887    0.3766    0.2616
			    0.4448    -0.6753    -0.5883
			    -0.7466    -0.4355    -0.5030
			    0.7992    0.6009    -0.0154
			    -0.9621    -0.1894    0.1962
			    -0.8080    -0.5395    0.2369
		b:
			    635.3480
			    -137.0007
			    -604.1733
			    679.9107
			    -546.5793
			    -634.5381
	==================================================================================
	Q4:
		Shape: Ellipse
		q_c:    493.5000    463.0000    82.0000
		ub :    502.5194    471.7166    90.1418
		lb :    484.4806    454.2834    73.8582
		P^-1: 
			    0.0354    -0.0103    -0.0066
			    -0.0103    0.0415    -0.0030
			    -0.0066    -0.0030    0.0361
	==================================================================================
	Q5:
		Shape: Polyhedra
		q_c:    486.0000    464.5000    72.5000
		ub :    494.1090    475.7946    81.5628
		lb :    477.8910    453.2054    63.4372
		A:
			    0.2351    -0.2365    0.9428
			    -0.7543    0.0672    0.6531
			    -0.8451    -0.5280    0.0843
			    0.8647    -0.4213    0.2735
			    0.7981    0.5468    0.2532
			    0.8400    -0.4146    0.3500
			    0.2589    0.3533    0.8990
			    -0.9496    0.2635    0.1699
			    -0.1769    -0.8976    0.4038
			    -0.2589    -0.3533    -0.8990
			    0.9496    -0.2635    -0.1699
			    0.1769    0.8976    -0.4038
		b:
			    79.2154
			    -282.1385
			    -642.6428
			    250.3078
			    666.7158
			    247.0933
			    360.1153
			    -321.2687
			    -464.6326
			    -350.1153
			    332.2687
			    482.6326
	==================================================================================
	Q6:
		Shape: Hybrid
		q_c:    497.5000    466.0000    85.0000
		ub :    506.7026    474.3473    93.3278
		lb :    488.2974    457.6527    76.6722
		P^-1: 
			    0.0349    -0.0005    -0.0030
			    -0.0005    0.0332    0.0007
			    -0.0030    0.0007    0.0380
		A:
			    -0.7231    -0.5484    0.4199
			    -0.4946    0.5229    0.6942
			    -0.0522    0.3481    -0.9360
			    0.1530    -0.7566    -0.6358
			    -0.8567    0.4918    0.1556
			    -0.5343    -0.5057    0.6773
		b:
			    -576.8320
			    59.2219
			    59.4067
			    -327.7278
			    -181.0288
			    -441.2285


===========================================================================================
===========================================================================================
S6:
	q_c:    95.0000    160.5000    500.0000
	ub :    101.0000    163.0000    519.0000
	lb :    89.0000    158.0000    481.0000

	==================================================================================
	Q1:
		Shape: Hybrid
		q_c:    95.5000    160.5000    500.5000
		ub :    97.2773    162.3641    502.3813
		lb :    93.7227    158.6359    498.6187
		P^-1: 
			    0.4514    0.0345    -0.0511
			    0.0345    0.6159    -0.2543
			    -0.0511    -0.2543    0.8216
		A:
			    0.2490    -0.6921    0.6775
			    -0.4747    0.6379    -0.6064
			    0.7967    0.5210    0.3063
			    0.7886    -0.5380    -0.2978
			    -0.1796    0.4027    -0.8975
			    0.7664    0.6191    -0.1713
		b:
			    252.3850
			    -245.7260
			    313.9902
			    -159.1010
			    -401.1509
			    87.6689
	==================================================================================
	Q2:
		Shape: Polyhedra
		q_c:    97.0000    159.0000    501.5000
		ub :    98.8394    161.1159    503.5510
		lb :    95.1606    156.8841    499.4490
		A:
			    0.8567    -0.1061    0.5048
			    -0.1719    0.6140    0.7704
			    -0.2377    0.8446    -0.4798
			    0.2295    -0.1476    -0.9620
			    0.7993    0.3358    0.4983
			    -0.2412    -0.0201    0.9703
			    0.3857    0.4899    0.7818
			    0.0477    0.8356    -0.5472
			    -0.9214    0.2484    0.2989
			    -0.3857    -0.4899    -0.7818
			    -0.0477    -0.8356    0.5472
			    0.9214    -0.2484    -0.2989
		b:
			    320.6839
			    468.4717
			    -127.8826
			    -482.4178
			    381.9653
			    461.3002
			    508.3838
			    -135.4200
			    101.5341
			    -506.3838
			    138.4200
			    -98.5341
	==================================================================================
	Q3:
		Shape: Ellipse
		q_c:    94.0000    161.5000    503.0000
		ub :    95.5162    163.0167    504.7150
		lb :    92.4838    159.9833    501.2850
		P^-1: 
			    1.0000    0.0000    0.0000
			    0.0000    1.0000    0.0000
			    0.0000    0.0000    1.0000
	==================================================================================
	Q4:
		Shape: Polyhedra
		q_c:    95.0000    160.0000    500.0000
		ub :    96.9615    161.5624    501.8145
		lb :    93.0385    158.4376    498.1855
		A:
			    -0.4452    0.7125    0.5424
			    -0.9784    0.1218    -0.1668
			    0.9204    0.1808    -0.3467
			    -0.5036    -0.4889    0.7123
			    0.7716    -0.4667    0.4322
			    -0.1319    0.4607    0.8777
			    0.7299    0.2686    0.6285
			    -0.5809    -0.2407    0.7775
			    0.3602    -0.9327    -0.0196
			    -0.7299    -0.2686    -0.6285
			    0.5809    0.2407    -0.7775
			    -0.3602    0.9327    0.0196
		b:
			    344.0527
			    -155.7607
			    -55.6026
			    231.5494
			    215.7380
			    501.2650
			    427.5875
			    296.5721
			    -123.8221
			    -425.5875
			    -293.5721
			    125.8221
	==================================================================================
	Q5:
		Shape: Hybrid
		q_c:    97.5000    160.0000    498.0000
		ub :    99.6644    162.4261    500.5033
		lb :    95.3356    157.5739    495.4967
		P^-1: 
			    0.4437    0.0113    -0.0030
			    0.0113    0.2637    0.0485
			    -0.0030    0.0485    0.4314
		A:
			    0.1239    -0.4245    -0.8969
			    -0.2647    0.3102    0.9131
			    0.0814    0.7030    0.7065
			    0.2234    -0.7430    -0.6309
			    0.9010    0.2360    -0.3639
			    0.6250    0.7806    0.0075
		b:
			    -501.7300
			    479.2909
			    473.1465
			    -410.3556
			    -54.8198
			    190.5910
	==================================================================================
	Q6:
		Shape: Ellipse
		q_c:    93.0000    162.0000    499.0000
		ub :    94.8899    163.5801    500.7543
		lb :    91.1101    160.4199    497.2457
		P^-1: 
			    0.5113    0.0778    0.1631
			    0.0778    0.9876    -0.0260
			    0.1631    -0.0260    0.9456


===========================================================================================
===========================================================================================
S7:
	q_c:    109.0000    257.5000    375.5000
	ub :    139.0000    282.0000    382.0000
	lb :    79.0000    233.0000    369.0000

	==================================================================================
	Q1:
		Shape: Ellipse
		q_c:    108.5000    253.0000    374.0000
		ub :    114.6768    258.7451    378.3760
		lb :    102.3232    247.2549    369.6240
		P^-1: 
			    0.0686    -0.0053    -0.0314
			    -0.0053    0.0808    -0.0262
			    -0.0314    -0.0262    0.1417
	==================================================================================
	Q2:
		Shape: Polyhedra
		q_c:    114.5000    256.5000    370.5000
		ub :    117.6104    259.9276    374.6121
		lb :    111.3896    253.0724    366.3879
		A:
			    -0.6062    -0.6212    -0.4967
			    -0.6932    -0.4946    -0.5242
			    -0.6057    -0.6675    -0.4330
			    0.6887    0.5363    0.4879
			    -0.7842    -0.5943    -0.1785
			    -0.4056    0.5573    0.7245
			    0.7578    0.5806    0.2978
			    0.5302    -0.2819    -0.7996
			    -0.3802    0.7639    -0.5215
			    -0.7578    -0.5806    -0.2978
			    -0.5302    0.2819    0.7996
			    0.3802    -0.7639    0.5215
		b:
			    -411.8643
			    -399.5774
			    -400.1878
			    397.9873
			    -307.7453
			    367.8642
			    346.5274
			    -304.8505
			    -37.8149
			    -345.5274
			    310.8505
			    43.8149
	==================================================================================
	Q3:
		Shape: Ellipse
		q_c:    111.0000    262.5000    376.0000
		ub :    114.0881    265.3008    378.6632
		lb :    107.9119    259.6992    373.3368
		P^-1: 
			    0.3263    -0.0439    0.0842
			    -0.0439    0.2752    -0.0484
			    0.0842    -0.0484    0.3429
	==================================================================================
	Q4:
		Shape: Ellipse
		q_c:    105.5000    260.5000    374.5000
		ub :    110.3906    264.3927    377.9701
		lb :    100.6094    256.6073    371.0299
		P^-1: 
			    0.0676    -0.0070    0.0184
			    -0.0070    0.1103    0.0068
			    0.0184    0.0068    0.1557
	==================================================================================
	Q5:
		Shape: Ellipse
		q_c:    112.0000    254.5000    373.5000
		ub :    117.4213    260.2709    378.4927
		lb :    106.5787    248.7291    368.5073
		P^-1: 
			    0.1003    -0.0133    -0.0152
			    -0.0133    0.0947    -0.0187
			    -0.0152    -0.0187    0.0897
	==================================================================================
	Q6:
		Shape: Hybrid
		q_c:    108.5000    264.5000    379.5000
		ub :    111.7799    266.3951    381.9170
		lb :    105.2201    262.6049    377.0830
		P^-1: 
			    0.3320    0.0026    0.3794
			    0.0026    0.4464    -0.0651
			    0.3794    -0.0651    0.7772
		A:
			    -0.6965    0.1800    -0.6946
			    -0.1827    0.7492    -0.6366
			    0.4298    -0.7682    0.4745
			    -0.0191    0.8981    -0.4394
			    -0.4009    0.5339    -0.7445
			    0.3062    0.8823    -0.3576
		b:
			    -290.8025
			    -62.4598
			    24.4283
			    69.6385
			    -184.1876
			    132.1032


===========================================================================================
===========================================================================================
S8:
	q_c:    121.0000    112.5000    116.0000
	ub :    148.0000    132.0000    131.0000
	lb :    94.0000    93.0000    101.0000

	==================================================================================
	Q1:
		Shape: Polyhedra
		q_c:    129.0000    127.5000    104.0000
		ub :    135.4046    131.8901    110.6449
		lb :    122.5954    123.1099    97.3551
		A:
			    -0.7304    0.5313    0.4291
			    -0.0168    -0.5504    -0.8347
			    0.2358    -0.7910    -0.5645
			    -0.9050    -0.2982    -0.3033
			    0.4441    -0.6620    -0.6037
			    -0.1211    -0.9780    0.1697
			    0.5497    0.0970    0.8297
			    -0.5192    0.8177    0.2484
			    -0.6544    -0.5674    0.4999
			    -0.5497    -0.0970    -0.8297
			    0.5192    -0.8177    -0.2484
			    0.6544    0.5674    -0.4999
		b:
			    20.5627
			    -155.1403
			    -126.3777
			    -181.7149
			    -87.3128
			    -119.4829
			    174.5745
			    65.1141
			    -100.7585
			    -164.5745
			    -61.1141
			    108.7585
	==================================================================================
	Q2:
		Shape: Ellipse
		q_c:    106.0000    122.0000    106.5000
		ub :    115.0277    129.5674    115.0778
		lb :    96.9723    114.4326    97.9222
		P^-1: 
			    0.0357    0.0000    0.0034
			    0.0000    0.0331    0.0000
			    0.0034    0.0000    0.0374
	==================================================================================
	Q3:
		Shape: Ellipse
		q_c:    113.5000    125.5000    107.0000
		ub :    121.5828    133.6941    114.8109
		lb :    105.4172    117.3059    99.1891
		P^-1: 
			    0.0378    -0.0060    0.0017
			    -0.0060    0.0466    -0.0123
			    0.0017    -0.0123    0.0512
	==================================================================================
	Q4:
		Shape: Ellipse
		q_c:    109.5000    116.5000    124.0000
		ub :    115.4326    125.4688    132.0034
		lb :    103.5674    107.5312    115.9966
		P^-1: 
			    0.0890    -0.0172    0.0284
			    -0.0172    0.0252    -0.0160
			    0.0284    -0.0160    0.0547
	==================================================================================
	Q5:
		Shape: Hybrid
		q_c:    110.0000    122.5000    123.0000
		ub :    119.7235    132.3756    128.6801
		lb :    100.2765    112.6244    117.3199
		P^-1: 
			    0.0535    -0.0068    -0.0804
			    -0.0068    0.0218    0.0164
			    -0.0804    0.0164    0.2155
		A:
			    0.6166    -0.2313    -0.7526
			    0.5871    0.1718    -0.7911
			    0.6584    -0.3278    -0.6776
			    -0.4060    0.1446    0.9024
			    -0.3872    0.8887    -0.2457
			    0.3364    -0.5282    -0.7796
		b:
			    -51.1179
			    -9.6223
			    -48.5369
			    85.0994
			    42.0559
			    -120.9142
	==================================================================================
	Q6:
		Shape: Ellipse
		q_c:    106.5000    107.5000    101.5000
		ub :    113.7669    114.4623    110.3141
		lb :    99.2331    100.5377    92.6859
		P^-1: 
			    0.2324    -0.2073    -0.0271
			    -0.2073    0.2354    0.0246
			    -0.0271    0.0246    0.0281


===========================================================================================
===========================================================================================
S9:
	q_c:    166.0000    425.5000    184.5000
	ub :    172.0000    437.0000    198.0000
	lb :    160.0000    414.0000    171.0000

	==================================================================================
	Q1:
		Shape: Polyhedra
		q_c:    166.0000    419.0000    182.0000
		ub :    167.8494    421.7059    185.4963
		lb :    164.1506    416.2941    178.5037
		A:
			    0.7877    -0.4949    0.3668
			    0.7491    0.1645    -0.6417
			    0.2367    0.9659    0.1045
			    -0.5893    -0.2835    -0.7565
			    -0.3490    -0.9138    0.2078
			    0.7997    -0.4462    0.4017
			    0.1182    0.4266    0.8967
			    -0.0036    0.9032    -0.4293
			    -0.9930    0.0475    0.1083
			    -0.1182    -0.4266    -0.8967
			    0.0036    -0.9032    0.4293
			    0.9930    -0.0475    -0.1083
		b:
			    -8.2647
			    78.3204
			    465.0844
			    -351.5914
			    -401.3763
			    20.5540
			    364.5730
			    301.2069
			    -123.7270
			    -358.5730
			    -298.2069
			    126.7270
	==================================================================================
	Q2:
		Shape: Polyhedra
		q_c:    173.5000    425.5000    183.0000
		ub :    178.4225    430.0245    187.2922
		lb :    168.5775    420.9755    178.7078
		A:
			    0.7445    -0.4301    -0.5106
			    0.6751    0.5205    -0.5228
			    0.3170    -0.5799    0.7505
			    0.0675    0.8909    -0.4492
			    -0.9639    -0.2317    -0.1315
			    -0.8243    0.1145    0.5544
			    0.6059    0.7433    0.2835
			    0.3312    0.0884    -0.9394
			    -0.7234    0.6631    -0.1926
			    -0.6059    -0.7433    -0.2835
			    -0.3312    -0.0884    0.9394
			    0.7234    -0.6631    0.1926
		b:
			    -144.5123
			    246.1489
			    -51.6998
			    311.5586
			    -286.6837
			    10.0465
			    476.7909
			    -73.8424
			    123.8773
			    -469.7909
			    79.8424
			    -118.8773
	==================================================================================
	Q3:
		Shape: Hybrid
		q_c:    167.5000    422.0000    189.5000
		ub :    171.8447    426.9656    194.2944
		lb :    163.1553    417.0344    184.7056
		P^-1: 
			    0.1843    -0.0815    -0.0105
			    -0.0815    0.1463    0.0084
			    -0.0105    0.0084    0.0827
		A:
			    0.8120    -0.5020    -0.2978
			    0.2449    0.9009    -0.3583
			    0.8757    0.4623    -0.1395
			    -0.0823    0.5515    0.8301
			    0.3893    -0.9029    -0.1825
			    0.9285    -0.3712    -0.0080
		b:
			    -131.1584
			    355.6740
			    317.6286
			    378.4848
			    -348.9590
			    -1.4587
	==================================================================================
	Q4:
		Shape: Polyhedra
		q_c:    165.5000    430.0000    185.5000
		ub :    169.4166    433.9269    188.9994
		lb :    161.5834    426.0731    182.0006
		A:
			    -0.1268    -0.5984    -0.7911
			    -0.6382    -0.7279    -0.2507
			    -0.7584    -0.6147    -0.2166
			    0.1277    0.3947    0.9099
			    -0.1679    -0.3633    0.9164
			    -0.5515    -0.7481    0.3690
			    0.5485    0.5852    0.5973
			    -0.5017    0.8017    -0.3248
			    -0.6689    -0.1215    0.7333
			    -0.5485    -0.5852    -0.5973
			    0.5017    -0.8017    0.3248
			    0.6689    0.1215    -0.7333
		b:
			    -423.3702
			    -463.4570
			    -428.4322
			    361.2905
			    -11.5779
			    -342.2484
			    454.6979
			    204.9617
			    -24.9328
			    -451.6979
			    -197.9617
			    28.9328
	==================================================================================
	Q5:
		Shape: Ellipse
		q_c:    161.0000    423.5000    185.0000
		ub :    164.9638    426.9766    189.3657
		lb :    157.0362    420.0234    180.6343
		P^-1: 
			    0.1340    -0.0072    0.0236
			    -0.0072    0.2290    0.0438
			    0.0236    0.0438    0.1581
	==================================================================================
	Q6:
		Shape: Hybrid
		q_c:    170.0000    430.0000    183.5000
		ub :    174.4721    435.8222    189.6118
		lb :    165.5279    424.1778    177.3882
		P^-1: 
			    0.1103    0.0047    -0.0054
			    0.0047    0.0848    0.0302
			    -0.0054    0.0302    0.0765
		A:
			    -0.0046    -0.6413    -0.7673
			    0.9320    -0.0581    0.3579
			    -0.8599    -0.5071    -0.0580
			    -0.4819    0.7552    0.4443
			    0.8413    0.4184    0.3424
			    -0.7242    0.3398    -0.6000
		b:
			    -415.7785
			    200.9204
			    -373.3398
			    325.9301
			    387.2566
			    -84.6842


===========================================================================================
===========================================================================================
S10:
	q_c:    111.0000    307.5000    103.0000
	ub :    128.0000    333.0000    115.0000
	lb :    94.0000    282.0000    91.0000

	==================================================================================
	Q1:
		Shape: Ellipse
		q_c:    110.0000    300.5000    105.0000
		ub :    118.2335    306.6134    113.4479
		lb :    101.7665    294.3866    96.5521
		P^-1: 
			    0.0872    -0.0840    0.0573
			    -0.0840    0.1510    -0.0640
			    0.0573    -0.0640    0.0722
	==================================================================================
	Q2:
		Shape: Ellipse
		q_c:    106.5000    301.0000    115.5000
		ub :    115.2561    309.6556    123.7314
		lb :    97.7439    292.3444    107.2686
		P^-1: 
			    0.0414    0.0108    -0.0050
			    0.0108    0.0348    0.0068
			    -0.0050    0.0068    0.0463
	==================================================================================
	Q3:
		Shape: Polyhedra
		q_c:    117.0000    298.0000    98.0000
		ub :    124.0918    303.4268    105.9782
		lb :    109.9082    292.5732    90.0218
		A:
			    0.5134    0.7739    -0.3708
			    -0.5227    0.8491    0.0762
			    -0.0053    -0.9497    0.3132
			    -0.5931    -0.5137    -0.6200
			    0.5187    0.7397    -0.4288
			    -0.7162    -0.5428    -0.4386
			    0.2471    0.9223    0.2973
			    0.8850    -0.0898    -0.4569
			    -0.3947    0.3760    -0.8383
			    -0.2471    -0.9223    -0.2973
			    -0.8850    0.0898    0.4569
			    0.3947    -0.3760    0.8383
		b:
			    258.4365
			    203.6455
			    -248.5330
			    -278.9889
			    243.3309
			    -284.5273
			    335.8767
			    36.5145
			    -10.2840
			    -329.8767
			    -27.5145
			    22.2840
	==================================================================================
	Q4:
		Shape: Ellipse
		q_c:    120.5000    303.0000    110.5000
		ub :    128.2070    312.7617    120.2132
		lb :    112.7930    293.2383    100.7868
		P^-1: 
			    0.0504    0.0243    0.0157
			    0.0243    0.0448    0.0164
			    0.0157    0.0164    0.0279
	==================================================================================
	Q5:
		Shape: Hybrid
		q_c:    118.0000    321.5000    92.0000
		ub :    126.2502    329.8783    100.6258
		lb :    109.7498    313.1217    83.3742
		P^-1: 
			    0.0380    -0.0016    0.0042
			    -0.0016    0.0387    0.0035
			    0.0042    0.0035    0.0311
		A:
			    -0.0467    -0.5191    0.8534
			    0.5415    0.6574    0.5241
			    0.0274    -0.8248    -0.5647
			    -0.4953    0.8120    -0.3088
			    -0.1512    0.9770    -0.1506
			    -0.1451    0.9721    -0.1843
		b:
			    -90.5318
			    325.9536
			    -311.3483
			    176.8077
			    285.0611
			    281.1416
	==================================================================================
	Q6:
		Shape: Ellipse
		q_c:    99.5000    304.5000    106.0000
		ub :    102.7407    306.7289    110.3627
		lb :    96.2593    302.2711    101.6373
		P^-1: 
			    0.4461    -0.1408    0.2011
			    -0.1408    0.8652    -0.2180
			    0.2011    -0.2180    0.1956


===========================================================================================
===========================================================================================
