3D_35_25_6_d                l = 3

===========================================================================================
===========================================================================================
S1:
	q_c:	312.5	148.5	20.0
	ub :	325.2708	165.7927	36.8424
	lb :	299.6818	136.2818	5.9498

	==================================================================================
	Q1:
		Shape: Ellipse
		q_c:	305.5	143.0	23.0
		ub :	311.3182	148.7487	27.8775
		lb :	299.6818	137.2513	18.1225
		P^-1:
			0.0862	-0.0331	0.0256
			-0.0331	0.1086	-0.0357
			0.0256	-0.0357	0.0902
	==================================================================================
	Q2:
		Shape: Hybrid
		q_c:	310.0	159.5	29.5
		ub :	313.2113	165.7927	36.8424
		lb :	306.7887	153.2073	22.1576
		P^-1:
			2.9937	-1.6445	-0.5091
			-1.6445	0.9627	0.2936
			-0.5091	0.2936	0.1208
		A:
			-0.6151	0.7066	0.3499
			-0.8978	0.4388	-0.0374
			-0.9222	0.3826	0.0567
			0.9137	-0.3797	0.1448
			0.7922	-0.5849	-0.1741
			-0.9062	0.4166	-0.0726
		b:
			-66.0963
			-208.5313
			-222.5978
			228.4092
			147.6853
			-215.5239
	==================================================================================
	Q3:
		Shape: Polyhedra
		q_c:	319.5	158.0	17.0
		ub :	325.2708	163.4661	21.6811
		lb :	313.7292	152.5339	12.3189
		A:
			0.9136	-0.1579	-0.3748
			0.1456	0.6576	-0.7392
			0.0737	-0.65	0.7564
			0.9233	-0.3301	-0.1965
			-0.2955	-0.5539	0.7784
			0.9591	-0.1463	-0.2423
			0.6597	0.2881	0.6941
			-0.6504	-0.2438	0.7194
			0.3765	-0.926	0.0266
			-0.6597	-0.2881	-0.6941
			0.6504	0.2438	-0.7194
			-0.3765	0.926	-0.0266
		b:
			263.6327
			141.0202
			-62.8566
			242.9204
			-165.8238
			282.4225
			272.1096
			-231.5854
			-21.5836
			-264.1096
			236.5854
			29.5836
	==================================================================================
	Q4:
		Shape: Hybrid
		q_c:	314.0	148.5	24.0
		ub :	322.2892	156.8155	31.0076
		lb :	305.7108	140.1845	16.9924
		P^-1:
			0.0555	-0.0012	-0.0367
			-0.0012	0.0302	0.0065
			-0.0367	0.0065	0.0863
		A:
			0.8834	0.4313	0.1832
			-0.2665	-0.2334	0.9351
			-0.0788	-0.1639	-0.9833
			0.5639	0.5127	-0.6475
			-0.0529	-0.1267	-0.9905
			0.7412	0.3655	0.5631
		b:
			349.6712
			-93.6849
			-69.9816
			240.2894
			-56.573
			304.5518
	==================================================================================
	Q5:
		Shape: Ellipse
		q_c:	320.0	143.5	12.0
		ub :	324.1319	150.7182	18.0502
		lb :	315.8681	136.2818	5.9498
		P^-1:
			0.225	-0.0662	0.0221
			-0.0662	0.0632	0.0158
			0.0221	0.0158	0.0713
	==================================================================================
	Q6:
		Shape: Hybrid
		q_c:	314.5	151.5	21.5
		ub :	320.4859	158.9939	28.7464
		lb :	308.5141	144.0061	14.2536
		P^-1:
			0.0845	0.0621	0.0682
			0.0621	0.1056	0.085
			0.0682	0.085	0.1207
		A:
			0.7443	-0.1634	0.6476
			0.9347	0.3291	0.1342
			0.5008	0.618	0.606
			-0.9969	-0.0753	-0.0214
			0.3662	0.7285	0.5789
			0.831	0.457	0.317
		b:
			226.6657
			349.74
			265.1833
			-321.6599
			239.2483
			339.595


===========================================================================================
===========================================================================================
S2:
	q_c:	268.0	175.5	298.5
	ub :	288.9289	188.8878	313.7674
	lb :	245.1999	160.4354	288.0754

	==================================================================================
	Q1:
		Shape: Hybrid
		q_c:	268.5	180.0	297.0
		ub :	274.3242	185.8726	302.0891
		lb :	262.6758	174.1274	291.9109
		P^-1:
			0.059	0.0156	0.0033
			0.0156	0.1022	-0.0413
			0.0033	-0.0413	0.1298
		A:
			0.3109	0.0524	0.949
			-0.0464	-0.3269	0.9439
			0.1454	0.8961	0.4193
			0.9174	-0.0961	-0.3862
			0.2642	-0.6297	-0.7305
			-0.174	-0.9845	-0.0203
		b:
			376.554
			210.4204
			327.2792
			117.3742
			-256.6235
			-227.9004
	==================================================================================
	Q2:
		Shape: Polyhedra
		q_c:	271.0	180.5	305.5
		ub :	277.7555	188.8878	313.7674
		lb :	264.2445	172.1122	297.2326
		A:
			0.8534	-0.518	0.0584
			0.4506	-0.8116	-0.3719
			0.4412	-0.6354	-0.6337
			-0.5004	0.495	0.7104
			0.8608	-0.0343	-0.5078
			0.7015	-0.3726	0.6075
			0.8512	0.0901	0.517
			-0.2018	-0.8532	0.481
			0.4844	-0.5138	-0.708
			-0.8512	-0.0901	-0.517
			0.2018	0.8532	-0.481
			-0.4844	0.5138	0.708
		b:
			159.9644
			-133.3145
			-184.6164
			174.7621
			76.5418
			313.2715
			408.8935
			-54.7381
			-173.7671
			-400.8935
			68.7381
			181.7671
	==================================================================================
	Q3:
		Shape: Hybrid
		q_c:	255.0	168.5	298.5
		ub :	264.8001	176.5646	307.799
		lb :	245.1999	160.4354	289.201
		P^-1:
			0.0364	0.0103	0.0159
			0.0103	0.0377	0.0121
			0.0159	0.0121	0.0366
		A:
			0.4782	0.5075	0.7168
			-0.7892	0.2262	-0.571
			0.574	0.0993	0.8128
			0.7767	-0.4634	-0.4266
			-0.195	0.7087	0.678
			-0.9111	-0.403	-0.0862
		b:
			423.5087
			-330.4162
			408.3087
			-2.7493
			275.6187
			-322.7249
	==================================================================================
	Q4:
		Shape: Hybrid
		q_c:	265.5	181.0	295.0
		ub :	270.2145	187.8838	301.692
		lb :	260.7855	174.1162	288.308
		P^-1:
			0.2791	-0.1594	-0.1236
			-0.1594	0.142	0.0723
			-0.1236	0.0723	0.1058
		A:
			0.6787	-0.4068	-0.6115
			0.43	-0.8919	-0.1401
			0.4503	-0.1022	0.887
			0.6919	-0.7005	0.1748
			-0.7255	-0.648	0.2319
			-0.7841	-0.3472	0.5144
		b:
			-72.692
			-86.3613
			366.8833
			110.6092
			-237.318
			-116.1082
	==================================================================================
	Q5:
		Shape: Ellipse
		q_c:	267.0	168.0	295.5
		ub :	272.3716	175.5172	302.9246
		lb :	261.6284	160.4828	288.0754
		P^-1:
			0.1957	0.0898	0.0296
			0.0898	0.0862	0.0046
			0.0296	0.0046	0.0453
	==================================================================================
	Q6:
		Shape: Hybrid
		q_c:	283.0	169.0	306.5
		ub :	288.9289	174.5771	311.7745
		lb :	277.0711	163.4229	301.2255
		P^-1:
			0.0741	0.0024	-0.0217
			0.0024	0.0506	0.0034
			-0.0217	0.0034	0.0983
		A:
			-0.9526	0.1935	0.2347
			-0.6009	0.5759	0.5543
			0.1058	0.481	-0.8703
			0.6682	0.352	-0.6554
			-0.2732	0.2992	-0.9143
			-0.3456	0.2036	0.916
		b:
			-162.829
			99.2976
			-153.3827
			49.5001
			-304.6962
			218.9338


===========================================================================================
===========================================================================================
S3:
	q_c:	446.5	269.0	328.0
	ub :	473.2727	294.1463	350.0118
	lb :	429.0859	250.5692	309.5498

	==================================================================================
	Q1:
		Shape: Hybrid
		q_c:	450.0	275.0	315.0
		ub :	456.1358	280.619	320.4502
		lb :	443.8642	269.381	309.5498
		P^-1:
			0.0846	0.0303	0.0274
			0.0303	0.104	0.0375
			0.0274	0.0375	0.0964
		A:
			-0.5335	-0.0709	-0.8428
			-0.4434	-0.8708	-0.2122
			0.4125	0.8948	0.1706
			0.1065	0.9542	0.2797
			-0.8664	-0.257	-0.4281
			-0.971	0.2218	0.0891
		b:
			-523.1894
			-504.2681
			487.1016
			400.2204
			-593.6179
			-345.2227
	==================================================================================
	Q2:
		Shape: Polyhedra
		q_c:	449.5	285.0	342.0
		ub :	457.0724	294.1463	350.0118
		lb :	441.9276	275.8537	333.9882
		A:
			0.8148	-0.5582	0.1565
			0.942	-0.3166	0.1112
			0.6766	-0.7272	0.1156
			0.8297	0.1107	0.5471
			-0.9872	-0.0057	0.1595
			0.4638	-0.8718	-0.1577
			0.3726	0.9245	0.0801
			0.131	0.0331	-0.9908
			-0.9187	0.3797	-0.1088
			-0.3726	-0.9245	-0.0801
			-0.131	-0.0331	0.9908
			0.9187	-0.3797	0.1088
		b:
			264.9374
			375.2775
			141.3428
			597.2666
			-385.8191
			-87.7929
			466.3599
			-263.5651
			-337.9649
			-450.3599
			277.5651
			345.9649
	==================================================================================
	Q3:
		Shape: Hybrid
		q_c:	439.5	266.5	338.0
		ub :	449.9141	275.1735	344.1076
		lb :	429.0859	257.8265	331.8924
		P^-1:
			0.018	-0.0147	-0.0154
			-0.0147	0.0516	0.0328
			-0.0154	0.0328	0.0869
		A:
			0.0289	-0.0906	-0.9955
			-0.0835	-0.9787	0.1875
			-0.1412	-0.491	0.8596
			-0.0801	-0.7919	-0.6054
			-0.4383	0.5168	0.7355
			0.4666	-0.2435	-0.8503
		b:
			-345.6824
			-229.8007
			101.4215
			-447.9407
			195.7206
			-144.6157
	==================================================================================
	Q4:
		Shape: Ellipse
		q_c:	456.0	274.0	333.0
		ub :	465.8683	281.8583	343.1435
		lb :	446.1317	266.1417	322.8565
		P^-1:
			0.0602	0.0467	0.0399
			0.0467	0.0919	0.048
			0.0399	0.048	0.048
	==================================================================================
	Q5:
		Shape: Ellipse
		q_c:	464.0	258.0	321.5
		ub :	473.2727	265.4308	326.9004
		lb :	454.7273	250.5692	316.0996
		P^-1:
			0.0264	0.0325	-0.0211
			0.0325	0.1762	-0.1888
			-0.0211	-0.1888	0.3068
	==================================================================================
	Q6:
		Shape: Ellipse
		q_c:	447.5	283.5	334.0
		ub :	453.7013	293.0672	340.768
		lb :	441.2987	273.9328	327.232
		P^-1:
			0.0406	-0.001	-0.0022
			-0.001	0.013	0.0047
			-0.0022	0.0047	0.0481


===========================================================================================
===========================================================================================
S4:
	q_c:	27.5	225.5	294.5
	ub :	47.3813	244.5566	318.3568
	lb :	20.4061	205.1262	274.6686

	==================================================================================
	Q1:
		Shape: Polyhedra
		q_c:	36.5	216.0	284.0
		ub :	47.3813	226.8738	293.3314
		lb :	25.6187	205.1262	274.6686
		A:
			-0.1432	0.7742	0.6165
			-0.7097	-0.2278	0.6667
			-0.5276	-0.5021	0.6853
			-0.6926	-0.3413	-0.6355
			-0.9245	-0.1023	0.3671
			0.1655	0.9541	-0.2495
			0.48	0.8747	0.0675
			-0.0076	0.0811	-0.9967
			-0.8772	0.4779	0.0456
			-0.48	-0.8747	-0.0675
			0.0076	-0.0811	0.9967
			0.8772	-0.4779	-0.0456
		b:
			344.9922
			122.3866
			74.8272
			-271.6267
			56.5569
			148.5792
			232.6079
			-257.3275
			92.6489
			-218.6079
			274.3275
			-75.6489
	==================================================================================
	Q2:
		Shape: Hybrid
		q_c:	32.0	229.5	293.5
		ub :	41.3009	237.2097	302.8768
		lb :	22.6991	221.7903	284.1232
		P^-1:
			0.0232	0.0036	0.007
			0.0036	0.0363	0.01
			0.007	0.01	0.0381
		A:
			0.1584	0.9696	0.1864
			-0.0396	0.679	0.7331
			0.4919	-0.059	0.8687
			0.4325	0.3122	0.8458
			0.7102	0.331	0.6213
			-0.867	-0.3376	-0.3666
		b:
			285.1952
			372.2623
			260.1775
			336.2383
			283.978
			-209.2747
	==================================================================================
	Q3:
		Shape: Polyhedra
		q_c:	29.5	235.5	308.0
		ub :	38.5939	244.5566	315.1409
		lb :	20.4061	226.4434	300.8591
		A:
			0.1634	0.1251	0.9786
			0.2091	0.831	-0.5155
			-0.4628	-0.8775	-0.1257
			0.3461	0.8565	-0.383
			-0.0876	-0.1593	-0.9833
			0.0452	-0.1161	-0.9922
			0.6081	0.4683	0.641
			-0.3869	-0.5302	0.7544
			0.6932	-0.7068	-0.1413
			-0.6081	-0.4683	-0.641
			0.3869	0.5302	-0.7544
			-0.6932	0.7068	0.1413
		b:
			340.3637
			47.5605
			-254.1243
			98.3812
			-338.2539
			-326.9531
			330.6573
			100.0776
			-183.0017
			-320.6573
			-92.0776
			196.0017
	==================================================================================
	Q4:
		Shape: Polyhedra
		q_c:	31.0	235.5	300.5
		ub :	36.6524	243.4563	308.6549
		lb :	25.3476	227.5437	292.3451
		A:
			0.8301	0.5549	-0.0547
			-0.5095	-0.5505	0.6614
			-0.2384	0.7952	-0.5575
			0.4521	-0.3437	-0.8231
			-0.1356	-0.9857	0.0999
			-0.8485	-0.0228	0.5287
			0.1514	0.6473	0.7471
			-0.5522	0.6822	-0.4792
			-0.8198	-0.34	0.4607
			-0.1514	-0.6473	-0.7471
			0.5522	-0.6822	0.4792
			0.8198	0.34	-0.4607
		b:
			143.9022
			56.5283
			16.2749
			-308.9041
			-201.4866
			130.5956
			388.1216
			3.5419
			35.9579
			-375.1216
			4.4581
			-29.9579
	==================================================================================
	Q5:
		Shape: Ellipse
		q_c:	37.5	234.5	301.0
		ub :	43.6539	236.8571	306.7478
		lb :	31.3461	232.1429	295.2522
		P^-1:
			0.0972	0.1884	0.0829
			0.1884	0.8642	0.266
			0.0829	0.266	0.1602
	==================================================================================
	Q6:
		Shape: Polyhedra
		q_c:	40.5	233.5	311.0
		ub :	46.2073	240.5027	318.3568
		lb :	34.7927	226.4973	303.6432
		A:
			0.7812	-0.6243	0.0003
			0.8284	-0.2767	-0.487
			0.9698	-0.1351	-0.2032
			-0.9393	-0.1061	0.3261
			0.0571	-0.7361	-0.6745
			-0.0215	0.9649	0.2618
			0.7413	0.4969	0.4511
			0.6563	-0.6775	-0.3321
			0.1406	0.5423	-0.8284
			-0.7413	-0.4969	-0.4511
			-0.6563	0.6775	0.3321
			-0.1406	-0.5423	0.8284
		b:
			-110.7811
			-178.998
			-51.9375
			42.605
			-375.8114
			309.5106
			290.3584
			-231.9046
			-119.8082
			-282.3584
			237.9046
			130.8082


===========================================================================================
===========================================================================================
S5:
	q_c:	274.0	467.0	52.5
	ub :	278.1385	470.0668	56.8187
	lb :	270.7012	463.3238	49.2419

	==================================================================================
	Q1:
		Shape: Polyhedra
		q_c:	276.0	465.5	53.0
		ub :	278.1385	467.6762	54.8594
		lb :	273.8615	463.3238	51.1406
		A:
			0.9154	0.3215	0.2423
			0.359	0.8657	-0.3487
			-0.6769	0.3971	0.6198
			0.9294	0.3688	0.016
			0.7441	0.3955	-0.5385
			0.2273	0.9269	-0.2988
			0.7261	0.5082	0.4632
			-0.3494	-0.3075	0.8851
			0.5922	-0.8045	-0.0457
			-0.7261	-0.5082	-0.4632
			0.3494	0.3075	-0.8851
			-0.5922	0.8045	0.0457
		b:
			416.21
			484.9821
			32.3982
			430.1769
			362.3295
			479.7524
			462.5009
			-191.1713
			-211.9711
			-460.5009
			194.1713
			214.9711
	==================================================================================
	Q2:
		Shape: Hybrid
		q_c:	274.5	468.0	55.0
		ub :	276.3305	470.0668	56.8187
		lb :	272.6695	465.9332	53.1813
		P^-1:
			0.8296	-0.2562	0.0029
			-0.2562	0.6149	-0.002
			0.0029	-0.002	0.4445
		A:
			0.8427	0.1773	0.5084
			-0.9296	0.3372	-0.1486
			-0.8829	0.2687	-0.3851
			0.9842	0.1559	0.0833
			-0.0872	-0.1841	-0.979
			0.5671	0.711	-0.4158
		b:
			343.0698
			-105.0185
			-137.1337
			348.4922
			-162.9351
			466.5282
	==================================================================================
	Q3:
		Shape: Hybrid
		q_c:	275.0	465.0	53.0
		ub :	276.4181	466.4561	53.7137
		lb :	273.5819	463.5439	52.2863
		P^-1:
			1.0138	-0.0352	0.1998
			-0.0352	1.0899	-0.5102
			0.1998	-0.5102	3.8964
		A:
			0.1728	0.2539	0.9517
			0.023	-0.392	-0.9197
			0.0448	0.3556	0.9336
			0.2875	-0.0078	-0.9578
			-0.3628	-0.1364	-0.9218
			-0.4875	-0.0509	-0.8716
		b:
			216.4027
			-224.2547
			227.5587
			25.0167
			-211.6786
			-203.5473
	==================================================================================
	Q4:
		Shape: Ellipse
		q_c:	275.0	465.5	53.5
		ub :	276.2027	466.9915	54.9397
		lb :	273.7973	464.0085	52.0603
		P^-1:
			2.9355	-0.5581	-1.3224
			-0.5581	1.1609	0.3813
			-1.3224	0.3813	1.9035
	==================================================================================
	Q5:
		Shape: Ellipse
		q_c:	272.5	467.0	53.0
		ub :	274.2988	468.8381	53.9866
		lb :	270.7012	465.1619	52.0134
		P^-1:
			0.9767	-0.1408	-0.8174
			-0.1408	0.7665	-0.5388
			-0.8174	-0.5388	3.7013
	==================================================================================
	Q6:
		Shape: Hybrid
		q_c:	274.0	466.5	51.0
		ub :	275.9557	468.5362	52.7581
		lb :	272.0443	464.4638	49.2419
		P^-1:
			0.8044	0.2353	0.1226
			0.2353	0.5983	0.0802
			0.1226	0.0802	0.4862
		A:
			-0.8744	0.1232	-0.4694
			-0.6609	-0.6229	0.4187
			-0.3339	0.6443	-0.688
			-0.9278	-0.3522	-0.1228
			0.9813	-0.0561	0.1842
			0.6429	0.725	-0.2469
		b:
			-205.304
			-449.5354
			174.9998
			-424.2575
			252.7908
			502.4752


===========================================================================================
===========================================================================================
S6:
	q_c:	105.0	241.0	92.5
	ub :	138.6592	262.7589	122.1976
	lb :	84.8025	214.2695	76.5622

	==================================================================================
	Q1:
		Shape: Polyhedra
		q_c:	98.5	254.5	95.5
		ub :	104.0461	262.7589	100.8206
		lb :	92.9539	246.2411	90.1794
		A:
			0.511	-0.6374	-0.5767
			-0.3468	0.4257	0.8358
			0.6448	-0.6406	-0.4168
			-0.8627	0.5057	0.0003
			-0.7514	-0.4239	-0.5056
			-0.1284	0.6105	0.7815
			0.014	0.2618	0.965
			-0.9886	0.1482	-0.0259
			-0.1498	-0.9537	0.2609
			-0.014	-0.2618	-0.965
			0.9886	-0.1482	0.0259
			0.1498	0.9537	-0.2609
		b:
			-162.4444
			157.7499
			-134.595
			48.6287
			-225.5526
			221.5251
			163.6732
			-57.6425
			-225.5416
			-156.6732
			66.6425
			239.5416
	==================================================================================
	Q2:
		Shape: Ellipse
		q_c:	93.5	247.0	82.5
		ub :	98.6711	253.1002	88.4378
		lb :	88.3289	240.8998	76.5622
		P^-1:
			0.8691	1.1677	0.8594
			1.1677	1.9536	1.6131
			0.8594	1.6131	1.4429
	==================================================================================
	Q3:
		Shape: Hybrid
		q_c:	124.5	226.5	112.0
		ub :	138.6592	238.7305	122.1976
		lb :	110.3408	214.2695	101.8024
		P^-1:
			0.0142	0.0007	-0.0091
			0.0007	0.0133	0.0023
			-0.0091	0.0023	0.0285
		A:
			0.4806	-0.3473	0.8053
			-0.3388	0.1501	0.9288
			0.2634	0.5592	-0.7861
			-0.4787	0.0772	0.8746
			-0.355	0.92	0.1658
			0.5462	0.3049	-0.7802
		b:
			78.1524
			98.654
			75.8175
			58.5927
			188.8461
			53.0414
	==================================================================================
	Q4:
		Shape: Hybrid
		q_c:	118.0	240.0	92.5
		ub :	129.2409	251.3199	102.8972
		lb :	106.7591	228.6801	82.1028
		P^-1:
			0.0275	0.0025	-0.0105
			0.0025	0.0208	-0.0059
			-0.0105	-0.0059	0.0278
		A:
			0.0164	0.2828	-0.959
			0.9406	-0.0427	-0.3367
			0.589	-0.6902	-0.4204
			-0.1423	0.4497	-0.8818
			0.7858	-0.5738	-0.2308
			0.0963	-0.5465	0.8319
		b:
			-15.1928
			72.8489
			-130.7744
			13.5012
			-62.2716
			-39.0806
	==================================================================================
	Q5:
		Shape: Ellipse
		q_c:	91.0	236.0	105.0
		ub :	97.1975	248.3416	115.5196
		lb :	84.8025	223.6584	94.4804
		P^-1:
			0.0579	0.0031	0.0113
			0.0031	0.0122	0.0079
			0.0113	0.0079	0.0292
	==================================================================================
	Q6:
		Shape: Polyhedra
		q_c:	111.0	246.5	101.0
		ub :	120.3163	257.6456	108.0943
		lb :	101.6837	235.3544	93.9057
		A:
			-0.6047	0.4246	0.6738
			0.005	-0.6146	-0.7888
			0.8133	0.2122	-0.5418
			-0.6829	0.0676	-0.7274
			-0.0155	-0.1461	0.9891
			0.7224	0.5755	0.3833
			0.6775	0.1897	0.7106
			-0.6675	-0.2473	0.7024
			0.309	-0.9502	-0.0409
			-0.6775	-0.1897	-0.7106
			0.6675	0.2473	-0.7024
			-0.309	0.9502	0.0409
		b:
			112.872
			-223.7901
			93.3364
			-128.0779
			67.1101
			265.8925
			197.737
			-58.6025
			-194.5615
			-189.737
			69.6025
			213.5615


===========================================================================================
===========================================================================================
S7:
	q_c:	392.5	482.5	250.0
	ub :	397.3841	486.6871	252.4992
	lb :	388.7983	480.7398	246.5316

	==================================================================================
	Q1:
		Shape: Ellipse
		q_c:	395.5	483.0	248.5
		ub :	397.3841	484.8758	250.4684
		lb :	393.6159	481.1242	246.5316
		P^-1:
			0.8435	0.0515	0.2445
			0.0515	0.4511	0.0316
			0.2445	0.0316	0.5943
	==================================================================================
	Q2:
		Shape: Hybrid
		q_c:	390.5	484.5	250.0
		ub :	392.2017	486.0133	251.4563
		lb :	388.7983	482.9867	248.5437
		P^-1:
			1.0	-0.0	-0.0
			-0.0	1.0	0.0
			-0.0	0.0	1.0
		A:
			-0.0141	-0.8377	0.5459
			-0.835	-0.1683	0.5238
			0.3227	-0.8917	0.3173
			-0.4766	0.5125	0.7143
			-0.9333	-0.1848	0.3079
			-0.787	0.2665	-0.5565
		b:
			-274.3809
			-276.1733
			-226.1816
			241.2788
			-376.5131
			-316.8142
	==================================================================================
	Q3:
		Shape: Polyhedra
		q_c:	394.5	483.0	250.5
		ub :	396.7966	485.2602	252.4992
		lb :	392.2034	480.7398	248.5008
		A:
			-0.2162	0.7218	-0.6575
			-0.6388	-0.322	0.6987
			0.7767	0.6214	-0.1033
			0.0466	-0.8213	0.5686
			-0.9505	0.2891	0.1137
			-0.3072	-0.9219	-0.2362
			0.3433	0.6398	0.6876
			0.5202	0.4801	-0.7063
			-0.782	0.6002	-0.168
			-0.3433	-0.6398	-0.6876
			-0.5202	-0.4801	0.7063
			0.782	-0.6002	0.168
		b:
			100.1304
			-230.9919
			581.997
			-234.3455
			-205.3499
			-624.461
			617.6868
			261.6567
			-59.2077
			-615.6868
			-258.6567
			62.2077
	==================================================================================
	Q4:
		Shape: Ellipse
		q_c:	394.0	483.5	249.5
		ub :	395.862	484.348	251.2339
		lb :	392.138	482.652	247.7661
		P^-1:
			0.7759	0.6631	-0.1974
			0.6631	3.8318	0.3573
			-0.1974	0.3573	0.8368
	==================================================================================
	Q5:
		Shape: Ellipse
		q_c:	394.0	485.0	249.0
		ub :	395.6419	486.6871	250.4958
		lb :	392.3581	483.3129	247.5042
		P^-1:
			1.2866	0.55	0.9067
			0.55	2.0285	1.5239
			0.9067	1.5239	2.1293
	==================================================================================
	Q6:
		Shape: Polyhedra
		q_c:	395.5	484.5	250.5
		ub :	396.8887	485.5447	251.9411
		lb :	394.1113	483.4553	249.0589
		A:
			0.2638	-0.5614	0.7844
			0.5015	0.3968	-0.7688
			0.0275	0.9584	-0.2842
			-0.8506	-0.2833	-0.4429
			0.7695	-0.5832	0.2602
			0.3842	0.8355	-0.3929
			0.8843	0.1455	0.4436
			-0.4573	0.4617	0.7601
			-0.0942	-0.875	0.4748
			-0.8843	-0.1455	-0.4436
			0.4573	-0.4617	-0.7601
			0.0942	0.875	-0.4748
		b:
			29.5315
			198.7598
			404.5769
			-583.6512
			87.8038
			458.9071
			532.3712
			234.2513
			-341.7707
			-530.3712
			-232.2513
			342.7707


===========================================================================================
===========================================================================================
S8:
	q_c:	29.5	460.5	460.5
	ub :	57.1448	488.9726	484.3124
	lb :	2.3458	431.3472	446.3413

	==================================================================================
	Q1:
		Shape: Hybrid
		q_c:	42.0	445.0	477.5
		ub :	53.327	458.6528	484.3124
		lb :	30.673	431.3472	470.6876
		P^-1:
			0.028	0.0062	-0.0194
			0.0062	0.0096	0.0009
			-0.0194	0.0009	0.0746
		A:
			0.2691	0.8671	0.4193
			0.351	0.1918	0.9165
			0.5228	0.2015	0.8283
			0.5969	0.1359	-0.7907
			-0.6307	-0.1027	0.7692
			0.6735	-0.1023	-0.7321
		b:
			604.6465
			541.1007
			511.1243
			-289.8318
			297.3418
			-363.6398
	==================================================================================
	Q2:
		Shape: Polyhedra
		q_c:	20.5	479.5	460.0
		ub :	34.0717	488.9726	473.6587
		lb :	6.9283	470.0274	446.3413
		A:
			-0.0879	-0.9028	-0.421
			-0.7036	0.7078	-0.0631
			-0.1326	-0.304	-0.9434
			-0.2475	-0.8463	-0.4718
			0.9881	0.0363	0.1491
			-0.661	-0.2977	-0.6888
			0.5007	0.7893	0.3553
			-0.7133	0.6088	-0.3472
			-0.4904	-0.0796	0.8679
			-0.5007	-0.7893	-0.3553
			0.7133	-0.6088	0.3472
			0.4904	0.0796	-0.8679
		b:
			-622.9264
			304.8867
			-574.0858
			-623.1266
			114.2365
			-466.8007
			556.2063
			126.5764
			361.4765
			-548.2063
			-108.5764
			-340.4765
	==================================================================================
	Q3:
		Shape: Ellipse
		q_c:	12.5	459.5	467.5
		ub :	22.6542	469.3097	480.1798
		lb :	2.3458	449.6903	454.8202
		P^-1:
			0.0678	-0.0444	-0.0119
			-0.0444	0.0643	-0.0011
			-0.0119	-0.0011	0.015
	==================================================================================
	Q4:
		Shape: Ellipse
		q_c:	39.0	472.5	473.0
		ub :	44.3404	480.5925	480.7372
		lb :	33.6596	464.4075	465.2628
		P^-1:
			0.0777	-0.0119	-0.0056
			-0.0119	0.0396	-0.002
			-0.0056	-0.002	0.0374
	==================================================================================
	Q5:
		Shape: Hybrid
		q_c:	45.0	461.0	457.0
		ub :	54.1834	471.357	465.1706
		lb :	35.8166	450.643	448.8294
		P^-1:
			0.0274	0.0153	0.02
			0.0153	0.0473	0.0617
			0.02	0.0617	0.12
		A:
			0.4976	0.572	0.6521
			0.1072	0.021	-0.994
			-0.0432	-0.1758	-0.9835
			0.4192	-0.1215	-0.8997
			-0.0326	0.9952	0.0924
			-0.8886	-0.4018	-0.2213
		b:
			586.2154
			-435.8456
			-529.7913
			-444.7231
			506.2669
			-321.9809
	==================================================================================
	Q6:
		Shape: Ellipse
		q_c:	47.5	461.5	467.0
		ub :	57.1448	469.9435	476.9644
		lb :	37.8552	453.0565	457.0356
		P^-1:
			0.0276	-0.0008	0.0002
			-0.0008	0.0242	0.0011
			0.0002	0.0011	0.0275


===========================================================================================
===========================================================================================
S9:
	q_c:	75.0	444.5	261.5
	ub :	93.771	465.831	283.5344
	lb :	56.7694	424.2142	242.319

	==================================================================================
	Q1:
		Shape: Hybrid
		q_c:	86.0	446.0	276.5
		ub :	93.771	453.4935	283.5344
		lb :	78.229	438.5065	269.4656
		P^-1:
			0.051	0.0083	-0.0239
			0.0083	0.0683	-0.0336
			-0.0239	-0.0336	0.069
		A:
			-0.7198	0.5223	-0.4572
			-0.0768	0.7731	-0.6296
			-0.1332	-0.9685	-0.2102
			-0.3097	-0.0833	0.9472
			-0.5629	-0.8178	0.12
			-0.9754	-0.1498	0.1615
		b:
			47.8203
			166.0022
			-498.1046
			200.5747
			-377.1106
			-102.9898
	==================================================================================
	Q2:
		Shape: Polyhedra
		q_c:	64.0	441.0	265.0
		ub :	71.2306	449.1454	273.0084
		lb :	56.7694	432.8546	256.9916
		A:
			-0.3139	-0.8511	-0.4208
			-0.8476	-0.5191	0.1101
			0.6954	0.1608	-0.7004
			-0.9647	-0.1984	-0.1731
			0.2782	0.67	-0.6883
			0.6719	0.7366	-0.0774
			0.26	0.3873	0.8846
			-0.666	0.7352	-0.1262
			-0.6992	-0.5563	0.449
			-0.26	-0.3873	-0.8846
			0.666	-0.7352	0.1262
			0.6992	0.5563	-0.449
		b:
			-500.9752
			-250.6111
			-66.4822
			-190.3704
			134.5347
			350.9433
			428.8317
			253.6728
			-168.5856
			-414.8317
			-242.6728
			173.5856
	==================================================================================
	Q3:
		Shape: Polyhedra
		q_c:	83.0	435.0	257.5
		ub :	90.1585	445.7858	267.562
		lb :	75.8415	424.2142	247.438
		A:
			-0.8497	0.3101	0.4265
			-0.9966	-0.0194	-0.0807
			-0.8203	-0.4192	0.389
			-0.715	-0.2999	0.6316
			0.4247	-0.8959	0.1302
			-0.7833	-0.0114	0.6215
			0.1635	0.8113	0.5613
			0.7998	0.224	-0.5568
			-0.5775	0.54	-0.6123
			-0.1635	-0.8113	-0.5613
			-0.7998	-0.224	0.5568
			0.5775	-0.54	0.6123
		b:
			178.9609
			-107.3819
			-146.1633
			-23.6157
			-314.3181
			93.9672
			520.0215
			23.963
			34.3009
			-502.0215
			-16.963
			-24.3009
	==================================================================================
	Q4:
		Shape: Polyhedra
		q_c:	66.5	459.0	253.5
		ub :	75.9511	465.831	263.4006
		lb :	57.0489	452.169	243.5994
		A:
			-0.9351	0.1031	-0.339
			-0.185	0.8507	-0.492
			0.7416	-0.3097	-0.595
			-0.9116	0.3929	-0.1212
			-0.8755	-0.4552	0.1622
			0.5623	-0.254	0.787
			0.8024	0.4446	0.3981
			-0.4902	0.1107	0.8645
			0.3403	-0.8889	0.3068
			-0.8024	-0.4446	-0.3981
			0.4902	-0.1107	-0.8645
			-0.3403	0.8889	-0.3068
		b:
			-95.579
			257.7475
			-236.6031
			94.2025
			-219.9765
			125.5534
			363.8271
			244.8798
			-303.6005
			-352.8271
			-229.8798
			311.6005
	==================================================================================
	Q5:
		Shape: Ellipse
		q_c:	80.5	445.5	256.0
		ub :	89.2358	455.3585	265.6647
		lb :	71.7642	435.6415	246.3353
		P^-1:
			0.0381	0.0004	0.0113
			0.0004	0.0201	0.0056
			0.0113	0.0056	0.0367
	==================================================================================
	Q6:
		Shape: Polyhedra
		q_c:	80.0	441.5	251.0
		ub :	89.5111	450.9961	259.681
		lb :	70.4889	432.0039	242.319
		A:
			-0.8358	-0.4285	-0.3433
			-0.2403	-0.9706	0.0106
			0.6148	-0.544	0.5711
			0.0226	0.3502	0.9364
			0.6693	0.2422	0.7024
			-0.7537	-0.2756	0.5967
			0.5912	0.6489	0.4789
			0.0154	0.5846	-0.8112
			-0.8063	0.487	0.3356
			-0.5912	-0.6489	-0.4789
			-0.0154	-0.5846	0.8112
			0.8063	-0.487	-0.3356
		b:
			-337.8751
			-440.5755
			-40.9534
			397.0787
			340.5938
			-24.918
			456.999
			60.7236
			244.2403
			-450.999
			-50.7236
			-225.2403


===========================================================================================
===========================================================================================
S10:
	q_c:	366.5	464.0	364.5
	ub :	388.2473	479.8995	381.9247
	lb :	352.243	448.2924	348.1587

	==================================================================================
	Q1:
		Shape: Polyhedra
		q_c:	360.0	465.5	358.0
		ub :	366.0811	471.4339	364.7019
		lb :	353.9189	459.5661	351.2981
		A:
			-0.5667	0.6537	-0.5015
			0.5518	-0.13	0.8238
			0.6919	-0.7116	-0.1219
			0.1829	0.7445	-0.6421
			-0.6942	-0.089	0.7142
			-0.6749	-0.6964	-0.244
			0.3337	0.8015	0.4963
			0.7047	-0.5618	0.4334
			0.6262	0.2051	-0.7522
			-0.3337	-0.8015	-0.4963
			-0.7047	0.5618	-0.4334
			-0.6262	-0.2051	0.7522
		b:
			-76.7004
			436.3162
			-122.5428
			186.5277
			-31.1756
			-650.0472
			675.3812
			149.8409
			56.1071
			-666.3812
			-144.8409
			-47.1071
	==================================================================================
	Q2:
		Shape: Hybrid
		q_c:	361.0	471.0	357.0
		ub :	369.757	479.8995	362.8384
		lb :	352.243	462.1005	351.1616
		P^-1:
			0.037	-0.0123	0.0104
			-0.0123	0.0354	-0.0136
			0.0104	-0.0136	0.0729
		A:
			0.8869	0.3861	-0.2537
			-0.5236	0.8268	0.2054
			-0.0358	-0.1354	0.9901
			-0.7928	-0.1437	0.5922
			-0.8639	0.4936	-0.1001
			0.0657	0.918	-0.3911
		b:
			415.7898
			277.0911
			278.8145
			-138.8263
			-112.1776
			320.0549
	==================================================================================
	Q3:
		Shape: Polyhedra
		q_c:	363.5	467.0	370.0
		ub :	370.9803	475.0871	376.9429
		lb :	356.0197	458.9129	363.0571
		A:
			-0.4208	-0.838	0.3475
			0.4079	0.9086	-0.0897
			0.0479	-0.2248	0.9732
			0.9126	-0.3995	0.0869
			0.5568	0.8206	-0.1288
			0.9075	0.4088	0.0968
			0.0991	0.8191	0.5651
			0.1152	0.5546	-0.8241
			-0.9884	0.1468	-0.0394
			-0.0991	-0.8191	-0.5651
			-0.1152	-0.5546	0.8241
			0.9884	-0.1468	0.0394
		b:
			-410.8637
			544.7381
			276.9361
			183.7422
			543.3911
			562.863
			633.6176
			-0.042
			-298.7884
			-621.6176
			8.042
			311.7884
	==================================================================================
	Q4:
		Shape: Polyhedra
		q_c:	367.5	462.0	356.5
		ub :	375.7092	467.8487	364.8413
		lb :	359.2908	456.1513	348.1587
		A:
			-0.0173	-0.9345	-0.3555
			-0.2183	0.9188	0.3289
			0.521	0.5192	0.6775
			0.818	-0.2761	-0.5046
			-0.7455	-0.5306	-0.4034
			0.6416	0.1056	0.7598
			0.1802	0.8877	0.4236
			0.7164	0.1766	-0.6749
			-0.674	0.4252	-0.6041
			-0.1802	-0.8877	-0.4236
			-0.7164	-0.1766	0.6749
			0.674	-0.4252	0.6041
		b:
			-561.7221
			465.0007
			676.5519
			-1.2113
			-658.814
			559.9449
			630.3936
			110.2743
			-261.6395
			-624.3936
			-98.2743
			271.6395
	==================================================================================
	Q5:
		Shape: Ellipse
		q_c:	378.0	470.0	368.5
		ub :	388.2473	478.5236	378.1535
		lb :	367.7527	461.4764	358.8465
		P^-1:
			0.0335	-0.0182	-0.0054
			-0.0182	0.0509	-0.0008
			-0.0054	-0.0008	0.0237
	==================================================================================
	Q6:
		Shape: Ellipse
		q_c:	362.5	455.0	375.0
		ub :	367.9846	461.7076	381.9247
		lb :	357.0154	448.2924	368.0753
		P^-1:
			0.0563	0.0275	0.0255
			0.0275	0.1578	0.1079
			0.0255	0.1079	0.1057


===========================================================================================
===========================================================================================
S11:
	q_c:	191.5	41.0	286.0
	ub :	223.5917	69.3428	318.0814
	lb :	167.2029	18.7619	262.4487

	==================================================================================
	Q1:
		Shape: Hybrid
		q_c:	197.5	59.0	278.5
		ub :	210.3808	65.0694	288.0149
		lb :	184.6192	52.9306	268.9851
		P^-1:
			0.0113	-0.0107	0.0132
			-0.0107	0.0809	-0.0386
			0.0132	-0.0386	0.0543
		A:
			-0.2944	0.5871	-0.7541
			0.1024	-0.4259	0.899
			-0.3356	-0.7482	-0.5723
			0.0634	0.9791	-0.1932
			-0.6681	0.5973	-0.4438
			-0.5476	0.7661	-0.3364
		b:
			-231.5673
			248.1188
			-265.216
			18.9996
			-215.2366
			-152.4076
	==================================================================================
	Q2:
		Shape: Hybrid
		q_c:	208.0	35.5	299.0
		ub :	223.5917	52.2381	314.8465
		lb :	192.4083	18.7619	283.1535
		P^-1:
			0.0165	-0.0056	-0.0094
			-0.0056	0.0107	0.0018
			-0.0094	0.0018	0.0171
		A:
			0.2737	0.953	-0.1296
			-0.2515	0.2998	-0.9202
			-0.5066	0.8622	-0.0072
			0.1855	0.6843	-0.7052
			0.6042	-0.7959	-0.0372
			0.0872	0.9272	0.3644
		b:
			60.4527
			-309.7936
			-71.397
			-141.7407
			91.4107
			168.4713
	==================================================================================
	Q3:
		Shape: Hybrid
		q_c:	195.0	39.5	276.5
		ub :	208.2633	54.118	290.5513
		lb :	181.7367	24.882	262.4487
		P^-1:
			0.0147	-0.0034	-0.0024
			-0.0034	0.014	-0.0027
			-0.0024	-0.0027	0.0159
		A:
			0.5955	-0.5074	-0.6228
			-0.8765	-0.0146	-0.4812
			-0.0305	-0.325	0.9452
			-0.7146	-0.473	0.5153
			0.9278	0.0213	0.3726
			-0.3073	-0.9131	0.2681
		b:
			-72.1218
			-298.9873
			246.4633
			-10.9746
			290.2631
			-16.6865
	==================================================================================
	Q4:
		Shape: Ellipse
		q_c:	178.0	50.0	275.5
		ub :	188.7971	62.9256	287.4765
		lb :	167.2029	37.0744	263.5235
		P^-1:
			0.0195	-0.0013	-0.0001
			-0.0013	0.0178	0.0018
			-0.0001	0.0018	0.0147
	==================================================================================
	Q5:
		Shape: Polyhedra
		q_c:	196.0	56.0	308.0
		ub :	208.8527	69.3428	318.0814
		lb :	183.1473	42.6572	297.9186
		A:
			0.0378	0.9977	0.0564
			0.8168	0.2437	0.523
			-0.84	-0.3623	0.4039
			-0.764	-0.6189	0.1826
			-0.9766	-0.2133	0.0291
			-0.5104	-0.0765	0.8566
			0.631	0.6739	0.3843
			0.751	-0.6548	-0.0849
			0.1944	0.3422	-0.9193
			-0.631	-0.6739	-0.3843
			-0.751	0.6548	0.0849
			-0.1944	-0.3422	0.9193
		b:
			88.7581
			342.5534
			-52.9537
			-120.7328
			-186.3608
			166.8722
			287.2793
			93.3923
			-218.8705
			-272.2793
			-75.3923
			232.8705
	==================================================================================
	Q6:
		Shape: Ellipse
		q_c:	202.0	36.0	304.0
		ub :	209.5681	46.5223	314.2544
		lb :	194.4319	25.4777	293.7456
		P^-1:
			0.039	0.0045	0.0098
			0.0045	0.0201	0.009
			0.0098	0.009	0.0337


===========================================================================================
===========================================================================================
S12:
	q_c:	366.5	142.5	428.5
	ub :	372.1293	148.0694	436.0773
	lb :	361.0072	137.6986	424.7702

	==================================================================================
	Q1:
		Shape: Polyhedra
		q_c:	364.0	144.5	432.0
		ub :	366.9928	146.4436	434.5366
		lb :	361.0072	142.5564	429.4634
		A:
			0.1335	0.9001	-0.4148
			-0.191	-0.7615	0.6194
			0.5226	-0.3973	-0.7544
			-0.2574	-0.918	0.3017
			-0.2593	-0.0879	0.9618
			0.7065	0.443	0.552
			0.8852	0.0612	0.4612
			-0.3824	-0.4688	0.7962
			0.265	-0.8812	-0.3916
			-0.8852	-0.0612	-0.4612
			0.3824	0.4688	-0.7962
			-0.265	0.8812	0.3916
		b:
			0.6886
			89.1496
			-191.7494
			-94.7356
			309.5955
			561.9744
			532.7854
			138.0194
			-198.5583
			-527.7854
			-136.0194
			201.5583
	==================================================================================
	Q2:
		Shape: Polyhedra
		q_c:	369.0	140.0	429.5
		ub :	371.3441	141.8173	431.7904
		lb :	366.6559	138.1827	427.2096
		A:
			0.0901	0.9102	-0.4042
			-0.3846	-0.3658	0.8475
			0.6803	0.732	0.0353
			-0.4619	-0.2266	-0.8575
			0.2939	0.1714	-0.9403
			0.1539	-0.915	0.3729
			0.6392	0.0659	0.7662
			-0.6224	0.6295	0.4651
			-0.4517	-0.7742	0.4434
			-0.6392	-0.0659	-0.7662
			0.6224	-0.6295	-0.4651
			0.4517	0.7742	-0.4434
		b:
			-11.7998
			172.0299
			369.8661
			-568.9566
			-270.1407
			90.0204
			575.6764
			59.7205
			-83.6352
			-572.6764
			-56.7205
			85.6352
	==================================================================================
	Q3:
		Shape: Hybrid
		q_c:	364.5	142.5	427.5
		ub :	367.3294	145.1833	430.2298
		lb :	361.6706	139.8167	424.7702
		P^-1:
			0.25	-0.0006	0.0006
			-0.0006	0.6385	-0.3748
			0.0006	-0.3748	0.6115
		A:
			-0.0861	-0.9804	0.1772
			0.411	-0.9084	-0.0773
			-0.0187	0.974	-0.226
			-0.0835	-0.9202	0.3825
			0.1127	-0.4481	-0.8869
			0.0215	-0.5511	-0.8341
		b:
			-94.4335
			-11.4583
			36.2115
			2.6487
			-400.4906
			-425.8259
	==================================================================================
	Q4:
		Shape: Ellipse
		q_c:	365.0	142.5	432.0
		ub :	367.998	145.1171	434.3768
		lb :	362.002	139.8829	429.6232
		P^-1:
			0.4221	0.1384	-0.3344
			0.1384	0.3862	0.0025
			-0.3344	0.0025	0.7961
	==================================================================================
	Q5:
		Shape: Polyhedra
		q_c:	367.5	145.5	433.0
		ub :	370.7561	148.0694	436.0773
		lb :	364.2439	142.9306	429.9227
		A:
			-0.4891	0.4128	-0.7683
			-0.5198	0.7032	-0.485
			0.2808	-0.6673	0.6898
			-0.7031	0.488	-0.5171
			0.1586	-0.822	-0.5469
			0.6614	-0.6447	0.3833
			0.5555	0.7689	0.3165
			0.5171	-0.6175	0.5927
			0.6512	-0.1656	-0.7406
			-0.5555	-0.7689	-0.3165
			-0.5171	0.6175	-0.5927
			-0.6512	0.1656	0.7406
		b:
			-451.2373
			-297.6769
			305.9385
			-410.2089
			-295.9498
			316.385
			455.0675
			357.8266
			-102.9518
			-451.0675
			-355.8266
			107.9518
	==================================================================================
	Q6:
		Shape: Hybrid
		q_c:	368.5	140.5	432.5
		ub :	372.1293	143.3014	435.9886
		lb :	364.8707	137.6986	429.0114
		P^-1:
			0.1207	-0.0001	0.0352
			-0.0001	0.25	0.0
			0.0352	0.0	0.2404
		A:
			0.5982	0.3564	0.7178
			0.1268	0.9689	0.2126
			0.24	0.8927	-0.3815
			0.2649	0.0916	0.9599
			-0.9551	0.1164	0.2725
			-0.2083	0.2988	0.9313
		b:
			582.1115
			275.8125
			50.0035
			526.6538
			-215.7357
			369.2509


===========================================================================================
===========================================================================================
S13:
	q_c:	336.0	69.5	72.0
	ub :	363.474	98.4384	93.1843
	lb :	313.7147	46.0984	46.909

	==================================================================================
	Q1:
		Shape: Polyhedra
		q_c:	346.5	71.5	85.0
		ub :	350.7139	77.8708	93.1843
		lb :	342.2861	65.1292	76.8157
		A:
			0.1354	0.3678	-0.92
			-0.1001	-0.6433	-0.759
			0.9351	0.1369	0.327
			0.9908	-0.0594	0.1215
			-0.9189	0.0037	-0.3945
			0.8762	0.3337	0.3477
			0.9606	0.1513	0.2329
			0.1534	-0.9881	0.0092
			0.2316	0.0269	-0.9724
			-0.9606	-0.1513	-0.2329
			-0.1534	0.9881	-0.0092
			-0.2316	-0.0269	0.9724
		b:
			2.777
			-138.5002
			363.2674
			351.516
			-349.4745
			359.14
			364.9831
			-10.7125
			7.5008
			-361.9831
			22.7125
			8.4992
	==================================================================================
	Q2:
		Shape: Hybrid
		q_c:	336.0	66.5	64.5
		ub :	343.4438	73.2271	72.3607
		lb :	328.5562	59.7729	56.6393
		P^-1:
			0.0748	-0.047	-0.011
			-0.047	0.0964	0.0511
			-0.011	0.0511	0.0717
		A:
			0.0025	-0.841	-0.541
			-0.0733	0.7288	0.6808
			0.8717	-0.0363	0.4887
			-0.8491	0.5122	-0.1292
			0.9176	0.3398	0.2062
			0.5247	0.7299	0.438
		b:
			-87.9944
			69.3493
			324.7464
			-257.5017
			348.0251
			256.4745
	==================================================================================
	Q3:
		Shape: Hybrid
		q_c:	354.5	76.0	55.0
		ub :	363.474	83.2552	63.091
		lb :	345.526	68.7448	46.909
		P^-1:
			0.0199	0.0018	0.0076
			0.0018	0.0303	0.0067
			0.0076	0.0067	0.0447
		A:
			-0.4781	0.0694	0.8756
