3D_35_25_6_e                l = 3

===========================================================================================
===========================================================================================
S1:
	q_c:	292.5	168.0	84.5
	ub :	308.5862	182.1791	95.4183
	lb :	280.6996	151.7581	67.034

	==================================================================================
	Q1:
		Shape: Hybrid
		q_c:	293.5	161.5	91.0
		ub :	298.9899	167.4571	95.4183
		lb :	288.0101	155.5429	86.5817
		P^-1:
			0.072	0.0167	-0.0002
			0.0167	0.0996	0.0777
			-0.0002	0.0777	0.2094
		A:
			-0.5996	-0.3124	-0.7368
			-0.3747	0.3505	0.8583
			-0.1966	-0.8322	-0.5184
			0.0755	-0.1383	0.9875
			0.8973	-0.1697	0.4076
			-0.2052	-0.1405	-0.9686
		b:
			-291.7122
			26.1172
			-237.6243
			91.6453
			276.0639
			-169.5667
	==================================================================================
	Q2:
		Shape: Ellipse
		q_c:	302.0	171.0	76.5
		ub :	308.5862	176.9386	82.9697
		lb :	295.4138	165.0614	70.0303
		P^-1:
			0.0758	-0.0263	0.0021
			-0.0263	0.0874	-0.0131
			0.0021	-0.0131	0.0598
	==================================================================================
	Q3:
		Shape: Hybrid
		q_c:	289.5	175.5	82.5
		ub :	296.9783	182.1791	88.6591
		lb :	282.0217	168.8209	76.3409
		P^-1:
			0.0591	-0.0124	0.0304
			-0.0124	0.0757	0.0229
			0.0304	0.0229	0.0858
		A:
			-0.4	0.8227	0.404
			0.4323	-0.3185	0.8436
			-0.5357	-0.5595	-0.6324
			0.0746	-0.9934	0.0873
			-0.913	-0.296	-0.2806
			0.0956	0.0705	0.9929
		b:
			63.8693
			140.8824
			-303.6133
			-142.9659
			-336.4643
			124.2533
	==================================================================================
	Q4:
		Shape: Hybrid
		q_c:	292.0	159.5	74.0
		ub :	297.9202	166.5059	80.966
		lb :	286.0798	152.4941	67.034
		P^-1:
			0.0744	-0.0114	0.0073
			-0.0114	0.0545	-0.0033
			0.0073	-0.0033	0.0515
		A:
			0.6171	-0.7494	-0.2402
			-0.6583	-0.3511	-0.6659
			-0.1182	-0.2325	0.9654
			0.2397	-0.8708	-0.4294
			-0.6044	0.793	-0.0768
			0.3475	0.4587	0.8178
		b:
			45.0593
			-295.0866
			2.5501
			-98.1121
			-53.6562
			237.794
	==================================================================================
	Q5:
		Shape: Polyhedra
		q_c:	292.0	163.5	90.0
		ub :	297.3889	167.757	95.2961
		lb :	286.6111	159.243	84.7039
		A:
			-0.477	-0.8735	0.0976
			-0.2592	-0.9187	0.2981
			-0.4094	-0.1689	0.8966
			0.1589	-0.957	0.2427
			-0.2503	-0.6924	0.6767
			0.0119	0.9312	-0.3643
			0.2688	0.4761	0.8373
			-0.962	0.0897	0.2578
			0.0476	-0.8748	0.4821
			-0.2688	-0.4761	-0.8373
			0.962	-0.0897	-0.2578
			-0.0476	0.8748	-0.4821
		b:
			-270.1712
			-196.3229
			-62.826
			-85.5832
			-122.5212
			125.4645
			235.1846
			-238.5369
			-83.2411
			-228.1846
			247.5369
			88.2411
	==================================================================================
	Q6:
		Shape: Hybrid
		q_c:	288.0	159.0	89.0
		ub :	295.3004	166.2419	95.0037
		lb :	280.6996	151.7581	82.9963
		P^-1:
			0.0543	0.0334	0.0397
			0.0334	0.0747	0.04
			0.0397	0.04	0.1081
		A:
			-0.5955	0.7823	0.1826
			0.0857	0.7143	0.6945
			0.4138	0.8053	0.4246
			-0.5184	-0.722	0.4583
			-0.64	0.0026	-0.7683
			-0.2531	0.8676	0.4281
		b:
			-26.4618
			202.1122
			286.7212
			-220.0585
			-249.9827
			106.5911


===========================================================================================
===========================================================================================
S2:
	q_c:	384.5	261.5	200.0
	ub :	395.9644	272.809	211.689
	lb :	376.9119	250.8855	186.8298

	==================================================================================
	Q1:
		Shape: Hybrid
		q_c:	381.0	267.0	205.5
		ub :	385.0881	272.809	211.689
		lb :	376.9119	261.191	199.311
		P^-1:
			0.1474	-0.0174	-0.0303
			-0.0174	0.0722	-0.0104
			-0.0303	-0.0104	0.0714
		A:
			-0.8479	0.4633	-0.2578
			0.9564	0.2275	-0.183
			-0.4954	0.4694	-0.731
			-0.7051	0.6494	0.2847
			0.9984	0.0264	0.0505
			0.0139	-0.9761	-0.2168
		b:
			-250.5873
			389.1198
			-211.264
			-35.0148
			399.4436
			-297.0966
	==================================================================================
	Q2:
		Shape: Hybrid
		q_c:	383.5	262.0	191.5
		ub :	387.1479	266.3642	196.1702
		lb :	379.8521	257.6358	186.8298
		P^-1:
			0.1554	-0.0068	-0.0146
			-0.0068	0.1095	0.0108
			-0.0146	0.0108	0.0878
		A:
			-0.4215	-0.2626	0.868
			0.719	-0.6949	-0.0155
			0.4759	-0.7393	0.4763
			-0.8501	-0.5263	0.0195
			0.6868	0.5718	-0.4487
			-0.7028	0.6198	-0.3492
		b:
			-62.2547
			92.1841
			81.9804
			-458.6571
			328.9436
			-172.2487
	==================================================================================
	Q3:
		Shape: Ellipse
		q_c:	386.0	261.5	196.5
		ub :	391.8698	267.1174	200.8841
		lb :	380.1302	255.8826	192.1159
		P^-1:
			0.0896	-0.0046	-0.0369
			-0.0046	0.0842	0.0255
			-0.0369	0.0255	0.1304
	==================================================================================
	Q4:
		Shape: Polyhedra
		q_c:	382.5	266.5	197.0
		ub :	387.8173	272.2996	202.1065
		lb :	377.1827	260.7004	191.8935
		A:
			-0.6472	-0.1998	0.7357
			0.5691	-0.8045	0.1698
			-0.6919	-0.2126	0.69
			-0.0624	0.2337	-0.9703
			0.8849	0.2033	-0.4192
			-0.1835	-0.283	-0.9414
			0.7875	0.5944	0.1627
			-0.2147	0.512	-0.8317
			-0.5777	0.6201	0.5308
			-0.7875	-0.5944	-0.1627
			0.2147	-0.512	0.8317
			0.5777	-0.6201	-0.5308
		b:
			-152.411
			40.3011
			-181.9431
			-149.5981
			313.4554
			-327.6963
			494.6895
			-106.5101
			52.8521
			-488.6895
			112.5101
			-44.8521
	==================================================================================
	Q5:
		Shape: Hybrid
		q_c:	392.0	255.0	193.0
		ub :	395.9644	259.1145	195.7987
		lb :	388.0356	250.8855	190.2013
		P^-1:
			0.2455	-0.1768	0.0717
			-0.1768	0.2873	0.0637
			0.0717	0.0637	0.4186
		A:
			0.1108	-0.0956	0.9892
			-0.1232	-0.877	-0.4645
			0.7157	-0.4453	-0.538
			0.0766	0.7315	0.6775
			-0.2743	-0.3643	-0.89
			0.6936	-0.5144	-0.5042
		b:
			210.9548
			-359.8589
			64.4656
			348.5698
			-371.272
			44.5436
	==================================================================================
	Q6:
		Shape: Hybrid
		q_c:	386.0	263.0	195.5
		ub :	389.5736	266.3371	199.0943
		lb :	382.4264	259.6629	191.9057
		P^-1:
			0.2956	0.1389	0.0298
			0.1389	0.3023	0.0305
			0.0298	0.0305	0.1666
		A:
			-0.9578	0.1492	0.2457
			0.5645	0.8071	-0.173
			0.8464	-0.5317	-0.0278
			0.8706	0.378	-0.3149
			0.9427	0.2682	-0.1986
			-0.7332	-0.5382	-0.4156
		b:
			-280.9031
			397.2667
			183.1677
			375.0268
			396.7259
			-504.9461


===========================================================================================
===========================================================================================
S3:
	q_c:	362.0	89.0	244.5
	ub :	372.8006	100.2224	251.7567
	lb :	354.2198	79.5083	235.671

	==================================================================================
	Q1:
		Shape: Polyhedra
		q_c:	368.5	94.0	247.5
		ub :	372.8006	97.5622	251.2613
		lb :	364.1994	90.4378	243.7387
		A:
			0.2024	0.9133	0.3534
			0.8322	0.4316	0.348
			0.1439	0.2059	0.9679
			0.4594	-0.5742	-0.6777
			-0.8772	0.1517	-0.4555
			-0.6022	0.604	-0.522
			0.4879	0.4663	0.7379
			-0.872	0.2995	0.3872
			-0.0404	-0.8324	0.5528
			-0.4879	-0.4663	-0.7379
			0.872	-0.2995	-0.3872
			0.0404	0.8324	-0.5528
		b:
			249.7857
			435.6739
			313.8973
			-48.9665
			-418.9035
			-291.7348
			407.7448
			-193.3381
			45.673
			-404.7448
			201.3381
			-41.673
	==================================================================================
	Q2:
		Shape: Ellipse
		q_c:	362.0	83.5	244.0
		ub :	366.8205	87.4917	248.4461
		lb :	357.1795	79.5083	239.5539
		P^-1:
			0.1466	-0.0824	0.0913
			-0.0824	0.2687	-0.1473
			0.0913	-0.1473	0.2219
	==================================================================================
	Q3:
		Shape: Polyhedra
		q_c:	359.5	95.0	240.5
		ub :	364.7802	100.2224	245.329
		lb :	354.2198	89.7776	235.671
		A:
			-0.3396	-0.8439	0.4153
			-0.0099	0.9623	-0.2717
			-0.5961	0.6418	-0.4826
			-0.3612	-0.8152	0.4527
			-0.1606	0.6172	-0.7702
			-0.6951	0.2461	0.6755
			0.4811	0.742	0.4669
			0.7575	-0.6199	0.2047
			0.4413	0.2552	-0.8603
			-0.4811	-0.742	-0.4669
			-0.7575	0.6199	-0.2047
			-0.4413	-0.2552	0.8603
		b:
			-99.1894
			25.688
			-266.3705
			-95.2588
			-181.3202
			-61.0413
			359.2296
			265.6508
			-21.0107
			-352.2296
			-259.6508
			27.0107
	==================================================================================
	Q4:
		Shape: Hybrid
		q_c:	360.5	90.0	241.5
		ub :	362.962	92.0116	243.6999
		lb :	358.038	87.9884	239.3001
		P^-1:
			0.5532	0.0225	-0.3595
			0.0225	0.4323	0.0501
			-0.3595	0.0501	0.7089
		A:
			0.8894	0.3315	-0.3147
			-0.2456	-0.3695	0.8962
			-0.507	-0.5399	0.6719
			-0.1546	0.637	-0.7552
			0.8105	-0.4972	-0.3097
			0.6677	-0.0447	-0.7431
		b:
			275.2787
			95.4772
			-68.3836
			-179.5676
			173.5839
			57.7207
	==================================================================================
	Q5:
		Shape: Hybrid
		q_c:	359.0	92.5	249.5
		ub :	360.4651	94.177	251.7567
		lb :	357.5349	90.823	247.2433
		P^-1:
			0.9667	0.0165	-0.1527
			0.0165	0.4441	-0.018
			-0.1527	-0.018	0.2836
		A:
			-0.7427	-0.0762	0.6653
			0.9876	-0.0761	-0.1373
			0.9259	-0.319	-0.2023
			0.5414	0.5766	-0.6119
			-0.364	0.7503	0.5519
			-0.7541	-0.3239	0.5714
		b:
			-106.8604
			313.7713
			252.995
			95.9656
			77.4822
			-157.3623
	==================================================================================
	Q6:
		Shape: Polyhedra
		q_c:	360.0	96.5	246.0
		ub :	363.8909	99.4907	250.9635
		lb :	356.1091	93.5093	241.0365
		A:
			-0.6779	0.7088	0.195
			-0.179	-0.8875	-0.4247
			0.8038	-0.4085	0.4325
			0.209	0.952	0.2239
			0.2482	-0.3945	-0.8847
			-0.605	-0.5376	-0.5874
			0.9828	0.1065	0.1512
			-0.1475	-0.0417	0.9882
			0.1116	-0.9934	-0.0252
			-0.9828	-0.1065	-0.1512
			0.1475	0.0417	-0.9882
			-0.1116	0.9934	0.0252
		b:
			-124.8176
			-251.6744
			359.4377
			224.7893
			-162.2036
			-410.8684
			404.2592
			190.4716
			-59.4183
			-398.2592
			-181.4716
			64.4183


===========================================================================================
===========================================================================================
S4:
	q_c:	499.0	240.0	250.0
	ub :	526.4026	257.7742	266.8346
	lb :	477.4437	213.4117	226.8188

	==================================================================================
	Q1:
		Shape: Polyhedra
		q_c:	490.5	235.0	249.0
		ub :	498.7958	242.2841	257.9242
		lb :	482.2042	227.7159	240.0758
		A:
			0.1117	0.3835	0.9168
			0.5291	-0.6124	0.5874
			-0.2996	0.191	-0.9348
			-0.2824	-0.6548	-0.7011
			0.636	0.7711	0.0291
			0.6627	-0.7337	-0.15
			0.8639	0.1467	0.4818
			-0.348	-0.5176	0.7817
			0.364	-0.843	-0.3961
			-0.8639	-0.1467	-0.4818
			0.348	0.5176	-0.7817
			-0.364	0.843	0.3961
		b:
			378.2483
			267.2746
			-329.0661
			-462.1771
			505.8663
			119.5528
			583.6902
			-91.7024
			-114.1803
			-572.6902
			103.7024
			122.1803
	==================================================================================
	Q2:
		Shape: Polyhedra
		q_c:	499.0	247.5	236.0
		ub :	509.1094	257.4707	245.1812
		lb :	488.8906	237.5293	226.8188
		A:
			-0.2984	-0.2277	0.9269
			0.5617	-0.3956	-0.7266
			-0.1425	0.3171	0.9376
			0.9208	0.0489	-0.3871
			0.382	0.1842	-0.9056
			-0.5291	-0.8422	-0.1033
			0.2297	0.7006	0.6756
			0.7091	0.355	-0.6092
			-0.6666	0.619	-0.4153
			-0.2297	-0.7006	-0.6756
			-0.7091	-0.355	0.6092
			0.6666	-0.619	0.4153
		b:
			18.5902
			15.8663
			232.8761
			385.7825
			27.27
			-492.5488
			451.4345
			302.4427
			-268.463
			-443.4345
			-293.4427
			286.463
	==================================================================================
	Q3:
		Shape: Hybrid
		q_c:	516.0	241.5	244.0
		ub :	526.4026	250.3931	253.8537
		lb :	505.5974	232.6069	234.1463
		P^-1:
			0.0255	0.0018	0.0017
			0.0018	0.0212	0.0013
			0.0017	0.0013	0.0252
		A:
			0.1889	-0.8957	0.4026
			-0.4698	-0.8483	0.2443
			-0.5164	0.6053	0.6057
			-0.0193	0.8393	0.5434
			-0.1295	-0.2144	0.9681
			0.1657	0.9794	0.1157
		b:
			-16.5987
			-383.9955
			31.1751
			328.911
			121.0636
			354.0291
	==================================================================================
	Q4:
		Shape: Hybrid
		q_c:	512.0	250.5	248.0
		ub :	519.7355	257.7742	255.4173
		lb :	504.2645	243.2258	240.5827
		P^-1:
			0.0463	0.0017	-0.0041
			0.0017	0.0405	-0.0011
			-0.0041	-0.0011	0.0426
		A:
			-0.2287	0.0135	0.9734
			-0.2947	-0.8886	0.3515
			-0.5232	0.8324	-0.1827
			-0.0484	-0.9782	-0.2018
			0.2229	-0.6886	-0.6901
			-0.0984	0.6379	0.7638
		b:
			130.2199
			-283.7362
			-101.9444
			-317.1043
			-226.8181
			301.5474
	==================================================================================
	Q5:
		Shape: Ellipse
		q_c:	487.5	225.0	256.5
		ub :	497.5563	236.5883	266.8346
		lb :	477.4437	213.4117	246.1654
		P^-1:
			0.025	-0.0038	-0.0022
			-0.0038	0.0222	-0.0018
			-0.0022	-0.0018	0.0221
	==================================================================================
	Q6:
		Shape: Ellipse
		q_c:	493.0	237.0	252.0
		ub :	501.2941	244.3046	259.2332
		lb :	484.7059	229.6954	244.7668
		P^-1:
			0.0157	-0.0002	0.0009
			-0.0002	0.0423	-0.0171
			0.0009	-0.0171	0.0479


===========================================================================================
===========================================================================================
S5:
	q_c:	444.5	84.5	177.0
	ub :	457.0763	101.5942	195.5443
	lb :	426.5974	64.3701	165.562

	==================================================================================
	Q1:
		Shape: Hybrid
		q_c:	450.5	86.0	184.5
		ub :	455.1428	93.1499	191.9406
		lb :	445.8572	78.8501	177.0594
		P^-1:
			0.0622	0.0015	0.0024
			0.0015	0.0424	-0.008
			0.0024	-0.008	0.0403
		A:
			-0.7006	-0.2518	0.6676
			0.3405	0.7039	-0.6234
			0.7335	0.6718	-0.1036
			0.1359	-0.3705	0.9188
			0.5018	-0.3434	-0.7939
			0.1909	0.8836	0.4275
		b:
			-211.626
			101.3439
			371.4217
			201.5568
			53.2698
			244.1548
	==================================================================================
	Q2:
		Shape: Polyhedra
		q_c:	440.0	91.5	186.5
		ub :	448.1271	95.8761	195.5443
		lb :	431.8729	87.1239	177.4557
		A:
			-0.4302	-0.6919	0.5799
			0.231	-0.953	-0.1959
			-0.8828	0.0502	0.4671
			0.8264	-0.1709	-0.5365
			0.8573	-0.4452	-0.2584
			0.8486	-0.3547	-0.3925
			0.5908	0.0263	0.8064
			-0.7755	-0.2571	0.5766
			0.2225	-0.966	-0.1315
			-0.5908	-0.0263	-0.8064
			0.7755	0.2571	-0.5766
			-0.2225	0.966	0.1315
		b:
			-140.9468
			-18.6062
			-293.479
			251.0403
			292.2376
			271.1824
			421.2481
			-254.2318
			-11.5109
			-404.2481
			260.2318
			18.5109
	==================================================================================
	Q3:
		Shape: Polyhedra
		q_c:	448.5	73.0	188.5
		ub :	457.0763	81.6299	194.3061
		lb :	439.9237	64.3701	182.6939
		A:
			0.5013	-0.2096	-0.8395
			-0.9262	-0.363	0.1023
			0.2402	0.5492	-0.8004
			0.5247	0.3605	-0.7712
			-0.4069	0.0981	-0.9082
			0.6586	-0.5369	-0.5273
			0.5396	0.7799	0.3173
			0.2748	0.1931	-0.9419
			-0.7958	0.5954	-0.1101
			-0.5396	-0.7799	-0.3173
			-0.2748	-0.1931	0.9419
			0.7958	-0.5954	0.1101
		b:
			55.3116
			-417.105
			0.85
			120.1548
			-341.9625
			161.7382
			364.7394
			-36.7029
			-328.7204
			-352.7394
			43.7029
			339.7204
	==================================================================================
	Q4:
		Shape: Ellipse
		q_c:	432.5	95.5	171.5
		ub :	438.4026	101.5942	177.438
		lb :	426.5974	89.4058	165.562
		P^-1:
			0.0926	0.0123	0.0226
			0.0123	0.067	0.012
			0.0226	0.012	0.0634
	==================================================================================
	Q5:
		Shape: Ellipse
		q_c:	436.5	84.0	177.0
		ub :	441.3838	91.5124	186.2968
		lb :	431.6162	76.4876	167.7032
		P^-1:
			0.217	-0.0332	-0.0745
			-0.0332	0.0489	-0.0006
			-0.0745	-0.0006	0.0491
	==================================================================================
	Q6:
		Shape: Hybrid
		q_c:	448.0	83.5	177.0
		ub :	450.9997	87.6864	182.8543
		lb :	445.0003	79.3136	171.1457
		P^-1:
			0.2441	-0.0072	-0.0344
			-0.0072	0.0628	0.0006
			-0.0344	0.0006	0.0387
		A:
			0.8807	0.1036	-0.4623
			-0.8108	0.4914	-0.3181
			-0.7853	0.3925	0.4789
			0.6434	0.5642	0.5174
			0.2318	0.609	-0.7586
			-0.897	0.3828	0.2209
		b:
			322.9662
			-376.0968
			-232.3077
			430.1915
			24.0977
			-329.4163


===========================================================================================
===========================================================================================
S6:
	q_c:	457.0	31.5	413.5
	ub :	476.1929	45.5774	433.8441
	lb :	437.7059	4.7335	390.9035

	==================================================================================
	Q1:
		Shape: Polyhedra
		q_c:	446.5	37.0	414.0
		ub :	455.2941	45.5774	422.3984
		lb :	437.7059	28.4226	405.6016
		A:
			0.279	-0.917	-0.285
			-0.4014	-0.8472	-0.3481
			-0.7158	-0.6963	0.0524
			0.6991	0.35	-0.6236
			-0.5617	-0.1622	0.8113
			-0.9169	0.0584	-0.3949
			0.3939	0.6808	0.6175
			0.7001	0.213	-0.6815
			-0.5955	0.7008	-0.3928
			-0.3939	-0.6808	-0.6175
			-0.7001	-0.213	0.6815
			0.5955	-0.7008	0.3928
		b:
			-21.791
			-350.0809
			-319.1533
			71.4364
			83.5718
			-565.0134
			461.2307
			42.8504
			-396.0588
			-452.2307
			-33.8504
			409.0588
	==================================================================================
	Q2:
		Shape: Hybrid
		q_c:	463.5	30.0	407.0
		ub :	474.5601	39.7261	417.3265
		lb :	452.4399	20.2739	396.6735
		P^-1:
			0.0258	-0.0031	0.0051
			-0.0031	0.0273	-0.0037
			0.0051	-0.0037	0.0215
		A:
			0.3173	-0.9461	-0.0645
			0.0896	-0.8956	0.4358
			-0.3546	0.553	-0.754
			-0.4344	0.9007	0.0043
			-0.7507	0.1808	0.6355
			-0.1298	0.5368	0.8336
		b:
			95.8013
			195.135
			-451.5383
			-169.3535
			-79.2887
			299.7428
	==================================================================================
	Q3:
		Shape: Polyhedra
		q_c:	452.5	16.5	402.5
		ub :	464.619	28.2665	414.0965
		lb :	440.381	4.7335	390.9035
		A:
			0.5979	0.5748	0.5586
			0.2476	-0.3092	0.9182
			-0.6402	-0.6475	0.4135
			0.9158	-0.02	-0.4011
			-0.4454	0.5587	-0.6996
			-0.8698	0.0482	0.491
			0.5568	0.4196	0.7168
			-0.688	0.7166	0.1149
			-0.4654	-0.5571	0.6877
			-0.5568	-0.4196	-0.7168
			0.688	-0.7166	-0.1149
			0.4654	0.5571	-0.6877
		b:
			513.3138
			484.1485
			-126.7443
			259.2816
			-466.8547
			-188.6185
			555.9103
			-247.2354
			63.9964
			-538.9103
			259.2354
			-49.9964
	==================================================================================
	Q4:
		Shape: Polyhedra
		q_c:	457.5	17.5	423.0
		ub :	466.9429	23.605	431.6699
		lb :	448.0571	11.395	414.3301
		A:
			0.5157	0.4985	-0.6968
			-0.011	-0.4521	0.8919
			-0.6977	-0.7078	-0.1103
			0.4958	0.7568	0.426
			-0.3879	0.9211	0.0332
			0.6216	0.7153	0.3193
			0.5397	0.2016	0.8174
			-0.8369	0.2336	0.495
			-0.0911	-0.9512	0.2948
			-0.5397	-0.2016	-0.8174
			0.8369	-0.2336	-0.495
			0.0911	0.9512	-0.2948
		b:
			-44.1765
			368.9953
			-373.5418
			424.3953
			-141.9931
			436.2755
			600.689
			-161.4025
			69.8545
			-591.689
			177.4025
			-62.8545
	==================================================================================
	Q5:
		Shape: Hybrid
		q_c:	472.0	34.0	427.0
		ub :	476.1929	40.5762	433.8441
		lb :	467.8071	27.4238	420.1559
		P^-1:
			0.0811	-0.0048	-0.0016
			-0.0048	0.0282	0.0003
			-0.0016	0.0003	0.0237
		A:
			0.8673	-0.4952	-0.0502
			-0.9069	0.2659	-0.3268
			-0.837	-0.1248	0.5328
			0.9382	0.3043	0.1652
			-0.6824	0.6218	-0.3843
			-0.676	-0.59	0.4415
		b:
			373.4142
			-556.2113
			-168.9271
			526.0439
			-461.8461
			-147.0765
	==================================================================================
	Q6:
		Shape: Ellipse
		q_c:	448.0	41.0	412.5
		ub :	457.3246	44.5129	417.5779
		lb :	438.6754	37.4871	407.4221
		P^-1:
			0.0167	-0.0381	0.0185
			-0.0381	0.3882	-0.1303
			0.0185	-0.1303	0.1144


===========================================================================================
===========================================================================================
S7:
	q_c:	391.5	277.0	153.5
	ub :	409.0022	288.2162	170.6736
	lb :	379.0416	261.5322	148.837

	==================================================================================
	Q1:
		Shape: Ellipse
		q_c:	384.0	283.0	163.5
		ub :	388.9584	288.2162	168.2731
		lb :	379.0416	277.7838	158.7269
		P^-1:
			0.1911	-0.0744	0.0505
			-0.0744	0.0885	-0.0278
			0.0505	-0.0278	0.0822
	==================================================================================
	Q2:
		Shape: Polyhedra
		q_c:	401.5	281.5	155.0
		ub :	408.2662	286.5527	161.163
		lb :	394.7338	276.4473	148.837
		A:
			-0.924	0.3817	0.0223
			-0.864	-0.3977	-0.3087
			0.1048	-0.9944	-0.0163
			0.6762	0.5775	0.4574
			0.945	0.3244	-0.0416
			-0.1261	-0.6801	0.7222
			0.5811	0.0583	0.8117
			-0.7907	0.2764	0.5462
			-0.1925	-0.9593	0.2067
			-0.5811	-0.0583	-0.8117
			0.7907	-0.2764	-0.5462
			0.1925	0.9593	-0.2067
		b:
			-255.1606
			-503.0657
			-236.5548
			508.2003
			468.7277
			-126.5347
			378.5517
			-149.4886
			-311.7919
			-372.5517
			160.4886
			318.7919
	==================================================================================
	Q3:
		Shape: Hybrid
		q_c:	403.5	281.0	163.5
		ub :	409.0022	286.4568	170.6736
		lb :	397.9978	275.5432	156.3264
		P^-1:
			0.184	0.0523	0.0859
			0.0523	0.0797	0.0212
			0.0859	0.0212	0.0767
		A:
			0.8006	0.5947	0.073
			0.2995	-0.9412	-0.1562
			0.7285	0.3371	0.5964
			-0.5001	-0.7212	-0.4793
			0.5587	0.2458	0.7921
			-0.596	0.5084	0.6215
		b:
			503.8809
			-165.6766
			487.4289
			-480.8959
			426.1267
			8.7598
	==================================================================================
	Q4:
		Shape: Hybrid
		q_c:	388.0	268.5	163.5
		ub :	394.7194	275.4678	167.5027
		lb :	381.2806	261.5322	159.4973
		P^-1:
			0.0431	0.0048	-0.0011
			0.0048	0.0532	-0.027
			-0.0011	-0.027	0.1531
		A:
			-0.1588	0.1063	0.9816
			0.9333	0.1457	0.3282
			0.4156	0.3864	0.8234
			0.3168	-0.8099	0.4937
			0.5694	-0.0533	-0.8204
			0.1704	0.79	-0.589
		b:
			129.1213
			458.255
			402.0383
			-11.0835
			74.8552
			184.1657
	==================================================================================
	Q5:
		Shape: Hybrid
		q_c:	398.5	273.0	158.0
		ub :	404.9889	279.1295	162.7892
		lb :	392.0111	266.8705	153.2108
		P^-1:
			0.0707	-0.056	0.0615
			-0.056	0.1702	-0.1755
			0.0615	-0.1755	0.3061
		A:
			0.26	-0.7972	0.5449
			0.804	0.3336	0.4922
			0.2682	-0.6542	0.7072
			0.3838	-0.7512	0.537
			0.024	-0.7882	0.615
			-0.8397	-0.1363	-0.5257
		b:
			-26.6073
			493.1101
			40.8606
			34.0223
			-106.939
			-451.3971
	==================================================================================
	Q6:
		Shape: Hybrid
		q_c:	401.5	279.5	159.0
		ub :	408.1552	285.5503	163.9414
		lb :	394.8448	273.4497	154.0586
		P^-1:
			0.0577	0.0396	0.0063
			0.0396	0.1142	-0.0313
			0.0063	-0.0313	0.1323
		A:
			-0.6117	-0.0025	-0.7911
			-0.0592	-0.4933	-0.8678
			-0.5612	-0.8032	0.1996
			-0.8142	-0.517	0.2642
			0.3416	0.7599	-0.5531
			0.1548	-0.8767	0.4554
		b:
			-370.0149
			-297.4626
			-416.6108
			-427.0882
			262.8927
			-108.3482


===========================================================================================
===========================================================================================
S8:
	q_c:	29.0	446.0	280.0
	ub :	40.3995	462.8915	296.2672
	lb :	15.3186	432.1631	271.7052

	==================================================================================
	Q1:
		Shape: Ellipse
		q_c:	29.5	439.5	279.0
		ub :	34.601	443.3496	283.906
		lb :	24.399	435.6504	274.094
		P^-1:
			0.0654	0.012	-0.0023
			0.012	0.1535	0.0196
			-0.0023	0.0196	0.0853
	==================================================================================
	Q2:
		Shape: Polyhedra
		q_c:	22.5	439.0	289.0
		ub :	29.6814	445.8369	294.7505
		lb :	15.3186	432.1631	283.2495
		A:
			0.877	0.4334	0.2075
			0.8136	-0.065	-0.5778
			0.6153	0.1241	0.7785
			0.2285	0.2477	0.9415
			-0.7085	-0.6205	0.3361
			0.6979	0.5275	-0.4845
			0.5619	0.6893	0.4573
			0.7265	-0.6756	0.1257
			0.3956	0.2616	-0.8804
			-0.5619	-0.6893	-0.4573
			-0.7265	0.6756	-0.1257
			-0.3956	-0.2616	0.8804
		b:
			273.7394
			-172.902
			297.2431
			389.7223
			-187.4083
			111.1232
			450.9002
			-238.9203
			-126.7068
			-443.9002
			248.9203
			134.7068
	==================================================================================
	Q3:
		Shape: Hybrid
		q_c:	25.5	449.5	290.5
		ub :	31.5609	455.3705	296.2672
		lb :	19.4391	443.6295	284.7328
		P^-1:
			0.0784	-0.0029	0.0092
			-0.0029	0.079	0.0083
			0.0092	0.0083	0.0552
		A:
			0.9866	-0.0068	-0.163
			0.0477	0.8897	0.454
			0.1156	-0.9785	0.171
			-0.4288	0.728	0.5349
			0.4384	-0.8139	0.3812
			0.9837	-0.177	0.0305
		b:
			-23.2729
			534.805
			-385.2853
			473.636
			-241.9641
			-43.8222
	==================================================================================
	Q4:
		Shape: Hybrid
		q_c:	30.0	449.0	284.5
		ub :	34.3115	453.103	289.2043
		lb :	25.6885	444.897	279.7957
		P^-1:
			0.2024	0.0127	0.0694
			0.0127	0.1615	0.0401
			0.0694	0.0401	0.1086
		A:
			-0.7125	0.3741	-0.5936
			0.6162	0.2096	0.7592
			0.4121	0.8835	0.2225
			0.3011	-0.6264	-0.719
			-0.6603	-0.7115	-0.2403
			-0.5943	-0.6065	0.5282
		b:
			-20.8099
			329.9283
			473.7367
			-474.7656
			-406.3785
			-137.2352
	==================================================================================
	Q5:
		Shape: Ellipse
		q_c:	35.0	441.5	277.5
		ub :	40.3995	445.4287	283.2948
		lb :	29.6005	437.5713	271.7052
		P^-1:
			0.0789	0.0069	0.0301
			0.0069	0.1535	-0.0216
			0.0301	-0.0216	0.0881
	==================================================================================
	Q6:
		Shape: Polyhedra
		q_c:	29.0	456.0	286.0
		ub :	35.4893	462.8915	292.0564
		lb :	22.5107	449.1085	279.9436
		A:
			0.8079	-0.156	-0.5683
			-0.7172	0.6847	0.1293
			-0.9285	-0.0728	-0.364
			-0.1201	-0.2297	0.9658
			-0.0513	0.9428	0.3294
			-0.1044	0.6342	0.7661
			0.6003	0.5831	0.5474
			0.7533	-0.6422	-0.142
			0.2687	0.4975	-0.8248
			-0.6003	-0.5831	-0.5474
			-0.7533	0.6422	0.142
			-0.2687	-0.4975	0.8248
		b:
			-206.2242
			332.4249
			-160.2476
			171.9871
			526.631
			509.2747
			443.8612
			-307.5985
			2.7959
			-435.8612
			315.5985
			5.2041


===========================================================================================
===========================================================================================
S9:
	q_c:	74.0	189.0	60.0
	ub :	81.9668	197.8305	64.041
	lb :	70.1097	183.324	53.7879

	==================================================================================
	Q1:
		Shape: Polyhedra
		q_c:	76.5	195.0	62.0
		ub :	79.7641	197.8305	64.041
		lb :	73.2359	192.1695	59.959
		A:
			0.1132	-0.6098	0.7845
			0.2627	-0.7489	-0.6084
			0.4105	0.6212	-0.6675
			-0.3431	-0.1178	0.9319
			-0.606	-0.2573	0.7527
			0.2661	-0.4726	-0.8402
			0.1202	0.3838	0.9156
			-0.8663	0.4909	-0.092
			-0.4848	-0.7821	0.3915
			-0.1202	-0.3838	-0.9156
			0.8663	-0.4909	0.092
			0.4848	0.7821	-0.3915
		b:
			-59.8522
			-161.6296
			112.2191
			9.9473
			-48.3859
			-122.0862
			142.2938
			26.7404
			-164.3323
			-139.2938
			-20.7404
			166.3323
	==================================================================================
	Q2:
		Shape: Polyhedra
		q_c:	73.0	187.0	57.5
		ub :	75.8903	190.676	60.8845
		lb :	70.1097	183.324	54.1155
		A:
			0.8285	-0.5211	0.2053
			-0.8945	0.422	-0.1478
			0.8274	0.4583	0.3246
			0.8092	-0.4022	-0.4282
			0.2333	-0.8961	-0.3776
			0.6948	0.2596	-0.6707
			0.6736	0.6904	0.2638
			0.7372	-0.602	-0.3067
			-0.0529	0.4011	-0.9145
			-0.6736	-0.6904	-0.2638
			-0.7372	0.602	0.3067
			0.0529	-0.4011	0.9145
		b:
			-23.5661
			6.7348
			167.6761
			-39.586
			-170.3778
			62.9859
			196.4499
			-75.4007
			21.0558
			-190.4499
			77.4007
			-16.0558
	==================================================================================
	Q3:
		Shape: Polyhedra
		q_c:	76.5	188.5	59.0
		ub :	78.9453	191.1342	62.2081
		lb :	74.0547	185.8658	55.7919
		A:
			-0.3709	-0.4279	0.8242
			0.6198	-0.7081	0.3385
			-0.8209	0.3702	-0.4349
			0.0335	0.0652	-0.9973
			0.8413	-0.4215	0.3385
			0.3209	-0.9281	-0.1888
			0.1919	0.4487	0.8728
			0.0017	0.8892	-0.4575
			-0.9814	0.0893	0.1699
			-0.1919	-0.4487	-0.8728
			-0.0017	-0.8892	0.4575
			0.9814	-0.0893	-0.1699
		b:
			-58.5522
			-64.3742
			-16.7161
			-41.7276
			6.7929
			-159.6291
			153.2584
			142.2582
			-46.2134
			-148.2584
			-139.2582
			50.2134
	==================================================================================
	Q4:
		Shape: Ellipse
		q_c:	79.0	190.5	60.0
		ub :	81.9668	193.5808	62.2018
		lb :	76.0332	187.4192	57.7982
		P^-1:
			0.2529	0.0061	-0.0228
			0.0061	0.2626	-0.0475
			-0.0228	-0.0475	0.4289
	==================================================================================
	Q5:
		Shape: Hybrid
		q_c:	78.0	187.0	60.0
		ub :	80.5958	190.0168	62.7239
		lb :	75.4042	183.9832	57.2761
		P^-1:
			0.25	0.0	-0.0
			0.0	0.25	0.0
			-0.0	0.0	0.25
		A:
			-0.7868	0.4786	-0.3897
			0.4215	-0.1441	-0.8953
			-0.733	0.3845	-0.5611
			-0.8396	-0.4701	0.2722
			0.1608	0.0627	0.985
			-0.3754	-0.9179	-0.1283
		b:
			5.7468
			-46.7925
			-17.9321
			-136.0732
			84.3759
			-207.6335
	==================================================================================
	Q6:
		Shape: Ellipse
		q_c:	78.5	187.5	56.0
		ub :	80.9602	188.7895	58.2121
		lb :	76.0398	186.2105	53.7879
		P^-1:
			0.4375	-0.6145	0.4501
			-0.6145	2.9243	-1.5134
			0.4501	-1.5134	1.3327


===========================================================================================
===========================================================================================
S10:
	q_c:	474.0	341.5	472.5
	ub :	491.5665	363.4459	493.5291
	lb :	453.7219	322.3961	454.6902

	==================================================================================
	Q1:
		Shape: Polyhedra
		q_c:	484.5	331.0	475.5
		ub :	490.6633	337.654	481.8898
		lb :	478.3367	324.346	469.1102
		A:
			-0.451	0.3555	-0.8187
			-0.8617	-0.2894	0.4168
			0.7068	-0.6038	0.3687
			0.7314	-0.6811	0.0349
			0.5935	-0.7404	-0.3155
			-0.7812	0.6087	0.1388
			0.6146	0.6686	0.4187
			0.7436	-0.6681	-0.0246
			0.2633	0.3265	-0.9078
			-0.6146	-0.6686	-0.4187
			-0.7436	0.6681	0.0246
			-0.2633	-0.3265	0.9078
		b:
			-486.1571
			-310.5297
			320.1508
			147.0614
			-105.1552
			-109.4129
			724.657
			128.9236
			-191.9982
			-711.657
			-125.9236
			199.9982
	==================================================================================
	Q2:
		Shape: Ellipse
		q_c:	482.0	347.5	473.5
		ub :	491.4508	358.7162	481.6283
		lb :	472.5492	336.2838	465.3717
		P^-1:
			0.0201	-0.0018	-0.0001
			-0.0018	0.0103	-0.0004
			-0.0001	-0.0004	0.0204
	==================================================================================
	Q3:
		Shape: Polyhedra
		q_c:	465.0	346.0	482.5
		ub :	476.2781	351.9088	493.5291
		lb :	453.7219	340.0912	471.4709
		A:
			0.6967	0.6904	-0.1949
			0.8021	-0.5727	0.1694
			-0.0466	-0.9286	-0.3682
			0.3851	-0.7455	-0.544
			0.3098	0.5854	0.7492
			0.0935	0.9182	0.3849
			0.6789	0.0565	0.7321
			-0.7292	-0.0644	0.6812
			0.0856	-0.9963	-0.0025
			-0.6789	-0.0565	-0.7321
			0.7292	0.0644	-0.6812
			-0.0856	0.9963	0.0025
		b:
			475.1681
			263.6719
			-514.9087
			-335.6014
			715.918
			552.7198
			697.4595
			-26.188
			-301.1082
			-679.4595
			39.188
			311.1082
	==================================================================================
	Q4:
		Shape: Ellipse
		q_c:	467.0	353.0	464.5
		ub :	476.9431	363.4459	474.3098
		lb :	457.0569	342.5541	454.6902
		P^-1:
			0.0442	0.0183	-0.0042
			0.0183	0.0315	0.0182
			-0.0042	0.0182	0.0461
	==================================================================================
	Q5:
		Shape: Ellipse
		q_c:	482.5	349.0	481.5
		ub :	491.5665	353.7955	490.0561
		lb :	473.4335	344.2045	472.9439
		P^-1:
			0.0585	0.1661	-0.0723
			0.1661	0.8153	-0.3444
			-0.0723	-0.3444	0.1735
	==================================================================================
	Q6:
		Shape: Polyhedra
		q_c:	471.0	330.5	469.0
		ub :	480.6097	338.6039	477.5091
		lb :	461.3903	322.3961	460.4909
		A:
			0.3199	0.0437	-0.9464
			0.0655	-0.7773	0.6257
			-0.6183	0.6815	-0.3915
			-0.0335	0.9427	0.332
			0.9235	0.0764	-0.3759
			0.8292	-0.3485	-0.4369
			0.6192	0.3472	0.7043
			-0.6097	-0.3525	0.7099
			0.4948	-0.869	-0.0066
			-0.6192	-0.3472	-0.7043
			0.6097	0.3525	-0.7099
			-0.4948	0.869	0.0066
		b:
			-273.3123
			72.2974
			-244.5763
			456.8318
			289.1193
			75.2462
			743.7173
			-65.7289
			-52.7476
			-729.7173
			75.7289
			61.7476


===========================================================================================
===========================================================================================
S11:
	q_c:	479.5	386.5	131.5
	ub :	490.9398	396.1243	149.4542
	lb :	465.9189	371.6473	123.2144

	==================================================================================
	Q1:
		Shape: Polyhedra
		q_c:	475.0	378.0	137.5
		ub :	482.154	384.3527	139.9065
		lb :	467.846	371.6473	135.0935
		A:
			-0.2715	-0.4158	0.868
			-0.3464	-0.2429	-0.9061
			-0.622	-0.5156	0.5893
			0.414	0.2297	0.8808
			0.0709	0.0736	-0.9948
			0.7825	0.2765	-0.5579
			0.0715	0.1952	0.9782
			-0.8262	0.561	-0.0516
			-0.5588	-0.8045	0.2014
			-0.0715	-0.1952	-0.9782
			0.8262	-0.561	0.0516
			0.5588	0.8045	-0.2014
		b:
			-164.4695
			-378.9025
			-406.336
			406.9014
			-73.5848
			403.3278
			243.7255
			-180.9854
			-538.8406
			-240.7255
			193.9854
			544.8406
	==================================================================================
	Q2:
		Shape: Polyhedra
		q_c:	483.5	384.5	126.5
		ub :	488.8165	389.6712	129.7856
		lb :	478.1835	379.3288	123.2144
		A:
			0.3045	0.3232	-0.896
			0.0153	0.2445	0.9695
			0.6807	0.1246	-0.7219
			-0.3863	-0.3108	0.8684
			-0.641	-0.2834	0.7133
			-0.5698	-0.0639	-0.8193
			0.6489	0.7606	0.0205
			0.7213	-0.6062	-0.335
			-0.2424	0.2322	-0.942
			-0.6489	-0.7606	-0.0205
			-0.7213	0.6062	0.335
			0.2424	-0.2322	0.942
		b:
			160.6168
			226.6518
			288.9627
			-193.8276
			-325.5808
			-401.4325
			611.7788
			77.2405
			-145.1018
			-605.7788
			-69.2405
			149.1018
	==================================================================================
	Q3:
		Shape: Hybrid
		q_c:	472.0	381.0	131.5
		ub :	475.9635	384.2667	132.7666
		lb :	468.0365	377.7333	130.2334
		P^-1:
			0.0854	0.0179	-0.018
			0.0179	0.1659	-0.0882
			-0.018	-0.0882	0.9903
		A:
			-0.2156	0.7065	-0.6741
			-0.4794	0.0038	0.8776
			0.0419	0.2862	0.9573
			-0.0143	0.9813	-0.1918
			-0.119	-0.3308	0.9362
			-0.1274	-0.1356	0.9825
		b:
			80.3003
			-108.0722
			255.5472
			343.8785
			-58.4454
			17.9364
	==================================================================================
	Q4:
		Shape: Hybrid
		q_c:	477.0	382.5	137.0
		ub :	481.1694	387.0647	140.9056
		lb :	472.8306	377.9353	133.0944
		P^-1:
			0.4412	0.3284	-0.3051
			0.3284	0.3815	-0.2786
			-0.3051	-0.2786	0.3406
		A:
			0.724	0.6582	-0.2063
			-0.822	-0.5401	0.1808
			-0.8451	-0.467	-0.2604
			-0.7599	-0.6445	0.0846
			0.4593	-0.519	0.7209
			0.847	0.021	-0.5312
		b:
			569.8922
			-572.7357
			-615.1704
			-596.0675
			122.0803
			340.9293
	==================================================================================
	Q5:
		Shape: Polyhedra
		q_c:	486.5	387.0	128.0
		ub :	490.9398	390.8453	132.5812
		lb :	482.0602	383.1547	123.4188
		A:
			-0.1032	-0.9946	0.0145
			0.4948	-0.8619	-0.111
			-0.7323	-0.6808	-0.0142
			-0.0207	0.988	-0.1528
			0.1985	-0.0824	0.9766
			0.266	-0.1139	-0.9572
			0.5483	0.5808	0.6016
			0.366	-0.8136	0.4519
			0.7519	-0.0276	-0.6587
			-0.5483	-0.5808	-0.6016
			-0.366	0.8136	-0.4519
			-0.7519	0.0276	0.6587
		b:
			-430.5158
			-104.5173
			-618.7346
			355.3466
			192.4235
			-34.5403
			571.5534
			-76.4422
			273.3328
			-565.5534
			81.4422
			-268.3328
	==================================================================================
	Q6:
		Shape: Ellipse
		q_c:	473.0	388.0	141.5
		ub :	480.0811	396.1243	149.4542
		lb :	465.9189	379.8757	133.5458
		P^-1:
			0.0613	0.0129	0.0199
			0.0129	0.0415	0.0055
			0.0199	0.0055	0.0518


===========================================================================================
===========================================================================================
S12:
	q_c:	198.5	452.5	210.5
	ub :	215.6189	467.7961	231.6558
	lb :	180.5889	433.5518	192.8689

	==================================================================================
	Q1:
		Shape: Hybrid
		q_c:	203.0	457.5	216.0
		ub :	209.7596	467.7961	223.4252
		lb :	196.2404	447.2039	208.5748
		P^-1:
			0.1275	0.0238	0.0499
			0.0238	0.0209	-0.0016
			0.0499	-0.0016	0.0734
		A:
			-0.9958	0.0918	-0.0024
			0.8195	-0.4068	0.4036
			-0.5496	0.4234	-0.7202
			-0.352	0.1715	-0.9201
			0.8492	0.4862	0.2058
			-0.4538	-0.7755	0.4389
		b:
			-157.512
			71.2751
			-70.2096
			-189.4499
			441.5717
			-347.7621
	==================================================================================
	Q2:
		Shape: Ellipse
		q_c:	200.5	457.0	207.5
		ub :	208.5228	465.3039	213.9774
		lb :	192.4772	448.6961	201.0226
		P^-1:
			0.0607	0.0241	-0.0031
			0.0241	0.037	-0.0119
			-0.0031	-0.0119	0.0667
	==================================================================================
	Q3:
		Shape: Hybrid
		q_c:	199.0	442.5	201.5
		ub :	207.307	449.9515	210.1311
		lb :	190.693	435.0485	192.8689
		P^-1:
			0.021	-0.0001	0.0028
			-0.0001	0.0377	-0.0033
			0.0028	-0.0033	0.0347
		A:
			0.1194	-0.5052	-0.8547
			-0.0027	-0.9047	-0.4261
			-0.2991	-0.9468	-0.1184
			-0.5598	-0.3966	0.7276
			-0.15	0.979	-0.1379
			0.7515	0.2885	-0.5933
		b:
			-368.8696
			-483.8186
			-499.4884
			-136.7393
			378.2135
			161.6809
	==================================================================================
	Q4:
		Shape: Ellipse
		q_c:	188.0	447.0	218.0
		ub :	195.4111	451.0412	223.8816
		lb :	180.5889	442.9588	212.1184
		P^-1:
			0.0255	0.0149	0.0007
			0.0149	0.3706	0.1539
			0.0007	0.1539	0.1214
	==================================================================================
	Q5:
		Shape: Polyhedra
		q_c:	210.5	444.5	226.5
		ub :	215.6189	450.3262	231.6558
		lb :	205.3811	438.6738	221.3442
		A:
			0.1571	0.3829	0.9103
			-0.9694	-0.0515	-0.2401
			-0.9217	-0.3117	0.231
			-0.7426	-0.6697	-0.0082
			-0.3977	0.2285	0.8886
			0.6355	0.7486	-0.1889
			0.848	0.5228	0.0864
			0.3369	-0.6578	0.6737
			0.4091	-0.5422	-0.734
			-0.848	-0.5228	-0.0864
			-0.3369	0.6578	-0.6737
			-0.4091	0.5422	0.734
		b:
			412.6523
			-278.1111
			-277.2383
			-452.8205
			222.2221
			426.9455
			433.4863
			-64.8718
			-318.1401
			-427.4863
			72.8718
			324.1401
	==================================================================================
	Q6:
		Shape: Hybrid
		q_c:	206.5	440.0	200.5
		ub :	213.3113	446.4482	208.1109
		lb :	199.6887	433.5518	192.8891
		P^-1:
			0.135	0.105	0.0189
			0.105	0.1492	0.0151
			0.0189	0.0151	0.0389
		A:
			0.7492	0.6473	0.1408
			-0.0698	0.9966	0.0443
			-0.8913	-0.4452	-0.0863
			-0.649	0.7535	0.1049
			-0.5176	-0.7438	-0.4229
			-0.548	-0.7252	-0.4169
		b:
			468.7809
			436.0178
			-395.618
			222.8189
			-517.2958
			-514.2476


===========================================================================================
===========================================================================================
S13:
	q_c:	393.5	256.5	69.5
	ub :	417.0362	275.6475	94.3723
	lb :	367.3146	238.266	40.9382

	==================================================================================
	Q1:
		Shape: Hybrid
		q_c:	387.5	259.0	50.0
		ub :	399.2011	268.2355	59.0618
		lb :	375.7989	249.7645	40.9382
		P^-1:
			0.0119	0.0013	0.0026
			0.0013	0.0202	-0.0007
			0.0026	-0.0007	0.0231
		A:
			0.4193	0.3071	-0.8543
