3D_35_15_6_c                l = 3

===========================================================================================
===========================================================================================
S1:
	q_c:    111.0000    120.5000    480.5000
	ub :    128.0000    138.0000    502.0000
	lb :    94.0000    103.0000    459.0000

	==================================================================================
	Q1:
		Shape: Polyhedra
		q_c:    108.5000    103.0000    468.0000
		ub :    123.4697    117.6610    478.9288
		lb :    93.5303    88.3390    457.0712
		A:
			    -0.7978    -0.0363    0.6018
			    0.1509    0.0625    -0.9866
			    -0.9746    -0.2237    0.0115
			    -0.3810    0.7331    -0.5634
			    0.0788    -0.5266    -0.8464
			    0.9746    -0.1498    -0.1662
			    0.2815    0.1997    0.9386
			    -0.7254    0.6846    0.0719
			    -0.6282    -0.7011    0.3375
			    -0.2815    -0.1997    -0.9386
			    0.7254    -0.6846    -0.0719
			    0.6282    0.7011    -0.3375
		b:
			    200.6353
			    -430.8855
			    -114.0574
			    -220.4605
			    -433.8273
			    22.0138
			    497.8546
			    34.9610
			    27.0885
			    -482.8546
			    -15.9610
			    -8.0885
	==================================================================================
	Q2:
		Shape: Polyhedra
		q_c:    117.5000    125.0000    492.5000
		ub :    131.0992    141.4375    508.2342
		lb :    103.9008    108.5625    476.7658
		A:
			    -0.0042    -0.3335    -0.9428
			    0.8009    0.4741    -0.3657
			    -0.0909    -0.9834    0.1570
			    0.4251    0.8668    -0.2607
			    0.8755    -0.3728    0.3073
			    0.0246    0.7706    -0.6368
			    0.5828    0.6482    0.4900
			    -0.8099    0.5122    0.2857
			    -0.0658    -0.5634    0.8236
			    -0.5828    -0.6482    -0.4900
			    0.8099    -0.5122    -0.2857
			    0.0658    0.5634    -0.8236
		b:
			    -497.0560
			    -16.9677
			    -46.5278
			    39.4390
			    217.7643
			    -203.5510
			    398.3443
			    120.0689
			    338.4490
			    -383.3443
			    -99.0689
			    -316.4490
	==================================================================================
	Q3:
		Shape: Polyhedra
		q_c:    126.5000    133.5000    481.0000
		ub :    133.4286    144.2898    490.0289
		lb :    119.5714    122.7102    471.9711
		A:
			    -0.0967    -0.0111    -0.9952
			    -0.3630    -0.5469    0.7544
			    0.9639    0.0234    -0.2652
			    -0.3770    0.2784    -0.8834
			    -0.6666    -0.5045    0.5487
			    0.8718    -0.2785    0.4030
			    0.1319    0.9208    0.3670
			    0.8553    0.0814    -0.5117
			    -0.5011    0.3813    -0.7769
			    -0.1319    -0.9208    -0.3670
			    -0.8553    -0.0814    0.5117
			    0.5011    -0.3813    0.7769
		b:
			    -486.9565
			    248.7770
			    1.5717
			    -430.8517
			    117.3174
			    271.2982
			    325.6291
			    -123.0433
			    -381.6449
			    -306.6291
			    131.0433
			    390.6449
	==================================================================================
	Q4:
		Shape: Ellipse
		q_c:    107.0000    107.5000    472.5000
		ub :    120.6906    121.0165    485.3992
		lb :    93.3094    93.9835    459.6008
		P^-1: 
			    0.0170    0.0021    0.0039
			    0.0021    0.0133    0.0021
			    0.0039    0.0021    0.0125
	==================================================================================
	Q5:
		Shape: Ellipse
		q_c:    97.0000    116.0000    492.0000
		ub :    103.1247    122.1335    496.8619
		lb :    90.8753    109.8665    487.1381
		P^-1: 
			    0.1056    0.0873    0.0514
			    0.0873    0.1420    0.0485
			    0.0514    0.0485    0.1171
	==================================================================================
	Q6:
		Shape: Polyhedra
		q_c:    118.0000    120.5000    468.5000
		ub :    135.2522    137.7732    484.7878
		lb :    100.7478    103.2268    452.2122
		A:
			    0.4401    0.8959    0.0604
			    0.5006    0.7975    0.3368
			    -0.2501    0.2320    0.9400
			    -0.4648    0.7573    0.4587
			    0.0573    0.9928    0.1055
			    -0.0422    -0.4709    -0.8812
			    0.3592    0.5116    0.7805
			    0.7389    0.3550    -0.5727
			    -0.5701    0.7825    -0.2505
			    -0.3592    -0.5116    -0.7805
			    -0.7389    -0.3550    0.5727
			    0.5701    -0.7825    0.2505
		b:
			    198.3984
			    323.0378
			    448.8456
			    261.8826
			    186.3231
			    -464.5382
			    479.7173
			    -128.3588
			    -79.3270
			    -459.7173
			    148.3588
			    101.3270


===========================================================================================
===========================================================================================
S2:
	q_c:    132.5000    233.5000    121.0000
	ub :    144.0000    246.0000    150.0000
	lb :    121.0000    221.0000    92.0000

	==================================================================================
	Q1:
		Shape: Ellipse
		q_c:    122.5000    225.5000    123.5000
		ub :    127.8137    234.6470    133.0970
		lb :    117.1863    216.3530    113.9030
		P^-1: 
			    0.1001    0.0239    0.0151
			    0.0239    0.0341    0.0086
			    0.0151    0.0086    0.0224
	==================================================================================
	Q2:
		Shape: Polyhedra
		q_c:    141.5000    244.5000    109.0000
		ub :    148.7268    251.2714    117.0050
		lb :    134.2732    237.7286    100.9950
		A:
			    -0.7338    0.4601    -0.4999
			    -0.9558    -0.2920    0.0331
			    0.0623    0.4800    -0.8750
			    0.5806    0.4419    0.6838
			    -0.0638    -0.7568    0.6505
			    -0.0243    -0.9140    0.4051
			    0.4962    0.4969    0.7120
			    0.8612    -0.1779    -0.4761
			    -0.1099    0.8494    -0.5162
			    -0.4962    -0.4969    -0.7120
			    -0.8612    0.1779    0.4761
			    0.1099    -0.8494    0.5162
		b:
			    -41.3221
			    -198.0732
			    35.0970
			    269.7343
			    -119.1079
			    -178.7146
			    274.3053
			    31.4821
			    139.8560
			    -264.3053
			    -21.4821
			    -131.8560
	==================================================================================
	Q3:
		Shape: Ellipse
		q_c:    136.0000    233.5000    131.5000
		ub :    139.6042    238.0783    135.0625
		lb :    132.3958    228.9217    127.9375
		P^-1: 
			    0.3670    0.1862    -0.3189
			    0.1862    0.1911    -0.2827
			    -0.3189    -0.2827    0.6513
	==================================================================================
	Q4:
		Shape: Hybrid
		q_c:    140.5000    236.0000    126.0000
		ub :    146.8170    244.4361    134.5330
		lb :    134.1830    227.5639    117.4670
		P^-1: 
			    0.0905    -0.0286    0.0195
			    -0.0286    0.0432    -0.0121
			    0.0195    -0.0121    0.0383
		A:
			    -0.9973    -0.0570    -0.0464
			    0.6326    -0.4300    0.6441
			    0.9468    -0.1198    0.2987
			    0.8875    0.0995    0.4500
			    0.0810    0.7218    -0.6874
			    0.4963    -0.8412    0.2147
		b:
			    -156.9953
			    70.6170
			    144.2610
			    207.3913
			    98.7640
			    -99.1916
	==================================================================================
	Q5:
		Shape: Polyhedra
		q_c:    133.0000    239.5000    118.5000
		ub :    140.5908    247.0701    126.5673
		lb :    125.4092    231.9299    110.4327
		A:
			    -0.9220    0.3796    0.0767
			    0.1133    -0.0416    0.9927
			    0.9239    -0.3825    0.0113
			    -0.9104    0.0801    0.4059
			    0.9972    0.0332    -0.0664
			    0.9044    0.2989    -0.3045
			    0.6250    0.3548    0.6953
			    -0.7314    0.5775    0.3628
			    -0.2728    -0.7353    0.6204
			    -0.6250    -0.3548    -0.6953
			    0.7314    -0.5775    -0.3628
			    0.2728    0.7353    -0.6204
		b:
			    -18.3699
			    127.8025
			    36.9404
			    -49.5732
			    137.3606
			    160.3643
			    255.9987
			    88.0149
			    -134.3647
			    -244.9987
			    -80.0149
			    143.3647
	==================================================================================
	Q6:
		Shape: Polyhedra
		q_c:    140.0000    225.0000    112.5000
		ub :    147.2441    234.6520    121.4122
		lb :    132.7559    215.3480    103.5878
		A:
			    0.8689    -0.2658    -0.4175
			    -0.9567    0.2837    -0.0655
			    0.9645    -0.2132    -0.1561
			    -0.8169    0.0934    0.5692
			    0.0556    -0.3102    -0.9490
			    -0.9199    0.0757    0.3847
			    0.6298    0.7150    0.3036
			    -0.0911    0.4562    -0.8852
			    -0.7714    0.5298    0.3524
			    -0.6298    -0.7150    -0.3036
			    0.0911    -0.4562    0.8852
			    0.7714    -0.5298    -0.3524
		b:
			    18.0348
			    -73.2611
			    73.3302
			    -25.3792
			    -162.8730
			    -64.4278
			    290.6959
			    -3.2017
			    53.3644
			    -275.6959
			    16.2017
			    -48.3644


===========================================================================================
===========================================================================================
S3:
	q_c:    337.0000    451.5000    452.5000
	ub :    341.0000    464.0000    471.0000
	lb :    333.0000    439.0000    434.0000

	==================================================================================
	Q1:
		Shape: Ellipse
		q_c:    337.0000    451.5000    451.5000
		ub :    339.4276    453.3800    453.1287
		lb :    334.5724    449.6200    449.8713
		P^-1: 
			    0.4550    0.2602    0.2098
			    0.2602    0.8758    -0.1002
			    0.2098    -0.1002    0.9192
	==================================================================================
	Q2:
		Shape: Ellipse
		q_c:    341.5000    454.0000    457.0000
		ub :    345.0823    457.3053    459.8206
		lb :    337.9177    450.6947    454.1794
		P^-1: 
			    0.2299    -0.0087    -0.1222
			    -0.0087    0.1611    0.0151
			    -0.1222    0.0151    0.3734
	==================================================================================
	Q3:
		Shape: Polyhedra
		q_c:    332.5000    449.5000    454.0000
		ub :    336.0769    451.7613    457.6410
		lb :    328.9231    447.2387    450.3590
		A:
			    0.3556    -0.8249    0.4394
			    -0.3695    0.5612    -0.7406
			    0.1981    0.6907    -0.6955
			    -0.4805    0.8739    0.0734
			    0.7299    0.6733    -0.1183
			    -0.3066    -0.8252    0.4743
			    0.6607    0.2489    0.7082
			    0.0533    0.9255    -0.3749
			    -0.7488    0.2854    0.5982
			    -0.6607    -0.2489    -0.7082
			    -0.0533    -0.9255    0.3749
			    0.7488    -0.2854    -0.5982
		b:
			    -51.6799
			    -205.0855
			    61.9196
			    268.1929
			    493.5092
			    -256.3345
			    655.5684
			    264.5133
			    153.4468
			    -650.5684
			    -262.5133
			    -148.4468
	==================================================================================
	Q4:
		Shape: Hybrid
		q_c:    341.5000    455.0000    456.5000
		ub :    345.1471    458.2179    459.8226
		lb :    337.8529    451.7821    453.1774
		P^-1: 
			    0.2171    -0.0199    0.0385
			    -0.0199    0.1669    -0.0134
			    0.0385    -0.0134    0.1860
		A:
			    -0.2682    0.9585    0.0967
			    -0.2617    -0.3682    -0.8922
			    -0.6082    0.7126    0.3498
			    0.1456    -0.1883    -0.9713
			    -0.4667    0.8428    0.2682
			    -0.0093    -0.4492    -0.8934
		b:
			    390.0954
			    -662.8287
			    277.6238
			    -477.8830
			    347.9242
			    -613.9415
	==================================================================================
	Q5:
		Shape: Polyhedra
		q_c:    334.0000    451.5000    449.0000
		ub :    337.4703    454.9229    452.8360
		lb :    330.5297    448.0771    445.1640
		A:
			    0.7576    -0.3329    -0.5614
			    0.9526    0.3036    -0.0185
			    -0.0703    0.6752    -0.7343
			    0.4406    -0.8471    -0.2972
			    -0.7108    -0.4561    0.5354
			    0.8470    -0.4318    -0.3102
			    0.3401    0.2164    0.9151
			    -0.9048    -0.1897    0.3812
			    0.2561    -0.9577    0.1313
			    -0.3401    -0.2164    -0.9151
			    0.9048    0.1897    -0.3812
			    -0.2561    0.9577    -0.1313
		b:
			    -147.0896
			    449.0865
			    -45.6932
			    -366.2718
			    -200.8321
			    -49.1289
			    625.2173
			    -214.7135
			    -285.4064
			    -619.2173
			    218.7135
			    290.4064
	==================================================================================
	Q6:
		Shape: Ellipse
		q_c:    335.5000    452.5000    452.0000
		ub :    338.0141    454.6661    454.0370
		lb :    332.9859    450.3339    449.9630
		P^-1: 
			    0.4318    0.2799    0.4675
			    0.2799    1.9010    1.7732
			    0.4675    1.7732    2.3616


===========================================================================================
===========================================================================================
S4:
	q_c:    61.0000    112.0000    188.0000
	ub :    77.0000    128.0000    207.0000
	lb :    45.0000    96.0000    169.0000

	==================================================================================
	Q1:
		Shape: Polyhedra
		q_c:    69.5000    107.0000    182.5000
		ub :    75.0942    116.2230    191.6399
		lb :    63.9058    97.7770    173.3601
		A:
			    0.5191    -0.6432    0.5629
			    -0.6198    0.0048    0.7848
			    0.5044    -0.1982    0.8404
			    0.8636    0.4976    0.0807
			    0.7094    -0.1175    -0.6949
			    -0.5730    0.8071    -0.1427
			    0.1257    0.7482    0.6515
			    -0.0382    0.6599    -0.7504
			    -0.9913    0.0694    0.1115
			    -0.1257    -0.7482    -0.6515
			    0.0382    -0.6599    0.7504
			    0.9913    -0.0694    -0.1115
		b:
			    74.8697
			    106.0086
			    172.7729
			    133.5400
			    -84.7544
			    25.8972
			    215.1867
			    -63.9955
			    -36.6261
			    -200.1867
			    73.9955
			    45.6261
	==================================================================================
	Q2:
		Shape: Ellipse
		q_c:    50.0000    102.5000    175.0000
		ub :    59.9464    112.4572    183.8470
		lb :    40.0536    92.5428    166.1530
		P^-1: 
			    0.0371    0.0337    0.0262
			    0.0337    0.0603    0.0311
			    0.0262    0.0311    0.0497
	==================================================================================
	Q3:
		Shape: Polyhedra
		q_c:    48.5000    120.0000    203.5000
		ub :    58.1865    131.5127    211.0260
		lb :    38.8135    108.4873    195.9740
		A:
			    -0.7159    0.2930    0.6338
			    -0.3880    -0.8175    -0.4257
			    0.0554    0.3478    -0.9359
			    -0.7698    0.2104    0.6026
			    0.0335    -0.1997    0.9793
			    0.2159    0.5888    -0.7789
			    0.0841    0.2777    0.9570
			    -0.3644    0.9024    -0.2299
			    -0.9274    -0.3294    0.1771
			    -0.0841    -0.2777    -0.9570
			    0.3644    -0.9024    0.2299
			    0.9274    0.3294    -0.1771
		b:
			    135.6720
			    -197.0581
			    -139.8384
			    116.8190
			    182.5759
			    -70.2496
			    236.6469
			    52.8390
			    -41.9815
			    -227.6469
			    -34.8390
			    54.9815
	==================================================================================
	Q4:
		Shape: Hybrid
		q_c:    68.5000    104.5000    189.0000
		ub :    78.5268    116.0564    201.4069
		lb :    58.4732    92.9436    176.5931
		P^-1: 
			    0.0346    -0.0149    0.0023
			    -0.0149    0.0313    -0.0077
			    0.0023    -0.0077    0.0150
		A:
			    -0.6897    0.3883    -0.6112
			    0.8080    -0.5889    -0.0182
			    -0.9004    0.1913    -0.3907
			    -0.9512    -0.3031    0.0579
			    0.9314    -0.3637    -0.0169
			    0.7830    0.0670    0.6185
		b:
			    -118.3875
			    -7.1200
			    -111.7473
			    -81.2763
			    25.3995
			    182.9889
	==================================================================================
	Q5:
		Shape: Hybrid
		q_c:    54.5000    96.5000    191.0000
		ub :    65.1456    106.7710    200.6300
		lb :    43.8544    86.2290    181.3700
		P^-1: 
			    0.0246    -0.0014    0.0025
			    -0.0014    0.0255    -0.0023
			    0.0025    -0.0023    0.0191
		A:
			    0.2341    0.3114    -0.9210
			    -0.1344    0.4326    -0.8915
			    -0.9928    0.1190    0.0120
			    -0.9916    0.1145    0.0607
			    0.5824    0.2820    0.7625
			    0.4260    0.7982    -0.4259
		b:
			    -128.9200
			    -132.0872
			    -36.9508
			    -27.9534
			    208.3736
			    22.4276
	==================================================================================
	Q6:
		Shape: Hybrid
		q_c:    71.0000    106.0000    186.0000
		ub :    78.8910    111.3102    193.9687
		lb :    63.1090    100.6898    178.0313
		P^-1: 
			    0.0340    0.0004    -0.0061
			    0.0004    0.0400    0.0004
			    -0.0061    0.0004    0.0338
		A:
			    0.1828    0.7557    -0.6289
			    -0.3418    0.2490    0.9062
			    -0.3380    0.0463    -0.9400
			    0.9389    0.3430    0.0279
			    0.2948    -0.9090    -0.2946
			    -0.6777    0.0143    -0.7352
		b:
			    -21.2602
			    173.3479
			    -190.5922
			    111.1806
			    -127.7262
			    -179.8453


===========================================================================================
===========================================================================================
S5:
	q_c:    214.0000    417.0000    62.0000
	ub :    231.0000    430.0000    73.0000
	lb :    197.0000    404.0000    51.0000

	==================================================================================
	Q1:
		Shape: Ellipse
		q_c:    208.5000    409.5000    72.5000
		ub :    213.1090    414.2911    77.2593
		lb :    203.8910    404.7089    67.7407
		P^-1: 
			    0.1484    -0.0184    -0.0209
			    -0.0184    0.1308    -0.0331
			    -0.0209    -0.0331    0.1224
	==================================================================================
	Q2:
		Shape: Hybrid
		q_c:    208.5000    423.5000    69.0000
		ub :    214.3686    429.2611    73.6221
		lb :    202.6314    417.7389    64.3779
		P^-1: 
			    0.0893    0.0285    -0.0243
			    0.0285    0.0936    -0.0311
			    -0.0243    -0.0311    0.1212
		A:
			    0.8719    0.4632    -0.1586
			    -0.2262    -0.2102    0.9511
			    -0.6390    -0.3713    -0.6737
			    -0.1367    -0.8411    0.5233
			    0.4646    0.7342    -0.4951
			    0.8849    0.3238    -0.3347
		b:
			    368.7882
			    -69.0620
			    -334.6867
			    -346.9463
			    375.0075
			    300.2828
	==================================================================================
	Q3:
		Shape: Hybrid
		q_c:    205.5000    426.5000    62.0000
		ub :    211.1218    432.4608    68.2511
		lb :    199.8782    420.5392    55.7489
		P^-1: 
			    0.1181    -0.0454    0.0082
			    -0.0454    0.1100    0.0188
			    0.0082    0.0188    0.0536
		A:
			    -0.3574    0.6732    0.6474
			    -0.3856    -0.9195    -0.0763
			    -0.9297    0.3619    -0.0688
			    0.0801    0.9682    0.2369
			    -0.7564    -0.6524    0.0473
			    -0.5259    0.2692    -0.8068
		b:
			    255.7727
			    -473.5927
			    -39.5093
			    446.1378
			    -427.9247
			    -40.6305
	==================================================================================
	Q4:
		Shape: Hybrid
		q_c:    207.5000    425.5000    65.5000
		ub :    211.4809    428.6542    68.9421
		lb :    203.5191    422.3458    62.0579
		P^-1: 
			    0.2036    -0.0985    0.1402
			    -0.0985    0.4041    0.0574
			    0.1402    0.0574    0.3628
		A:
			    -0.5902    0.8056    0.0522
			    -0.0425    0.9991    -0.0071
			    -0.0331    0.1884    -0.9815
			    0.2430    -0.7739    -0.5848
			    -0.7128    0.6924    0.1116
			    -0.1865    0.8925    0.4107
		b:
			    224.6394
			    416.8561
			    10.4313
			    -316.3035
			    155.2286
			    368.7176
	==================================================================================
	Q5:
		Shape: Ellipse
		q_c:    213.0000    419.5000    70.0000
		ub :    217.8881    423.5689    74.9415
		lb :    208.1119    415.4311    65.0585
		P^-1: 
			    0.1791    -0.1556    0.0709
			    -0.1556    0.3149    -0.0659
			    0.0709    -0.0659    0.1241
	==================================================================================
	Q6:
		Shape: Hybrid
		q_c:    211.0000    415.0000    60.0000
		ub :    212.7506    417.8169    63.4077
		lb :    209.2494    412.1831    56.5923
		P^-1: 
			    0.8874    0.2585    -0.0707
			    0.2585    0.3490    -0.0565
			    -0.0707    -0.0565    0.1247
		A:
			    0.9845    -0.1220    -0.1259
			    -0.8844    -0.2612    0.3868
			    0.8801    0.0789    -0.4682
			    0.6286    0.7655    -0.1371
			    0.9486    0.1835    0.2579
			    -0.7535    -0.6281    -0.1944
		b:
			    150.4020
			    -270.9871
			    191.4518
			    442.9050
			    292.6662
			    -430.3561


===========================================================================================
===========================================================================================
S6:
	q_c:    111.0000    85.0000    252.0000
	ub :    120.0000    102.0000    271.0000
	lb :    102.0000    68.0000    233.0000

	==================================================================================
	Q1:
		Shape: Polyhedra
		q_c:    105.5000    84.5000    253.0000
		ub :    112.9994    91.2196    258.7951
		lb :    98.0006    77.7804    247.2049
		A:
			    -0.4878    -0.7064    -0.5129
			    0.9285    -0.0333    -0.3698
			    0.2363    -0.7698    -0.5930
			    -0.6952    -0.1910    0.6929
			    0.9036    -0.0262    -0.4275
			    0.5811    0.1749    -0.7948
			    0.8207    0.4507    0.3510
			    -0.3776    0.8891    -0.2588
			    -0.4288    0.0799    0.8999
			    -0.8207    -0.4507    -0.3510
			    0.3776    -0.8891    0.2588
			    0.4288    -0.0799    -0.8999
		b:
			    -235.6939
			    5.8392
			    -186.1322
			    89.3956
			    -10.9248
			    -121.7100
			    218.9845
			    -25.6935
			    192.1883
			    -207.9845
			    34.6935
			    -186.1883
	==================================================================================
	Q2:
		Shape: Ellipse
		q_c:    118.0000    89.5000    253.0000
		ub :    123.6103    95.8934    260.0010
		lb :    112.3897    83.1066    245.9990
		P^-1: 
			    0.1390    0.0842    0.0430
			    0.0842    0.1280    0.0622
			    0.0430    0.0622    0.0785
	==================================================================================
	Q3:
		Shape: Ellipse
		q_c:    118.5000    92.0000    264.0000
		ub :    122.6831    96.5286    268.8453
		lb :    114.3169    87.4714    259.1547
		P^-1: 
			    0.1248    0.0147    0.0163
			    0.0147    0.1269    0.0175
			    0.0163    0.0175    0.1305
	==================================================================================
	Q4:
		Shape: Polyhedra
		q_c:    115.5000    82.0000    246.5000
		ub :    118.3644    86.8883    251.5328
		lb :    112.6356    77.1117    241.4672
		A:
			    -0.9014    -0.2165    0.3749
			    0.8217    0.4385    -0.3640
			    0.4403    -0.8921    0.1020
			    -0.6867    -0.4463    0.5739
			    -0.4858    -0.4856    0.7268
			    0.7221    0.5530    -0.4156
			    0.1866    0.5424    0.8191
			    0.5380    -0.7541    0.3768
			    0.8221    0.3703    -0.4325
			    -0.1866    -0.5424    -0.8191
			    -0.5380    0.7541    -0.3768
			    -0.8221    -0.3703    0.4325
		b:
			    -28.7142
			    41.7794
			    6.0236
			    26.4184
			    84.8653
			    27.1480
			    272.4405
			    96.1899
			    19.2091
			    -263.4405
			    -90.1899
			    -18.2091
	==================================================================================
	Q5:
		Shape: Hybrid
		q_c:    113.0000    86.5000    244.5000
		ub :    117.7825    91.7677    249.0343
		lb :    108.2175    81.2323    239.9657
		P^-1: 
			    0.1278    -0.0360    -0.0284
			    -0.0360    0.1198    -0.0317
			    -0.0284    -0.0317    0.1349
		A:
			    0.0069    0.5148    0.8573
			    -0.4304    0.0031    -0.9026
			    -0.0852    -0.6490    0.7560
			    0.8206    -0.5143    0.2493
			    -0.3093    -0.8913    0.3315
			    -0.8700    -0.3514    0.3458
		b:
			    257.1282
			    -266.9819
			    120.3343
			    110.5662
			    -29.1518
			    -42.3886
	==================================================================================
	Q6:
		Shape: Hybrid
		q_c:    110.0000    79.5000    256.0000
		ub :    113.6347    85.2149    261.5439
		lb :    106.3653    73.7851    250.4561
		P^-1: 
			    0.3540    0.1199    -0.1095
			    0.1199    0.1118    -0.0450
			    -0.1095    -0.0450    0.1036
		A:
			    0.2154    0.8608    0.4612
			    -0.9971    -0.0199    0.0729
			    0.9549    0.0049    0.2969
			    -0.7533    -0.6532    -0.0766
			    -0.9707    -0.2199    0.0968
			    -0.7684    -0.6087    0.1978
		b:
			    213.2207
			    -91.1595
			    183.5947
			    -152.7733
			    -98.4067
			    -81.1553


===========================================================================================
===========================================================================================
S7:
	q_c:    165.5000    178.5000    191.0000
	ub :    185.0000    187.0000    211.0000
	lb :    146.0000    170.0000    171.0000

	==================================================================================
	Q1:
		Shape: Ellipse
		q_c:    173.5000    172.5000    186.0000
		ub :    176.8872    175.6982    188.7588
		lb :    170.1128    169.3018    183.2412
		P^-1: 
			    0.2500    0.0000    0.0000
			    0.0000    0.2500    0.0000
			    0.0000    0.0000    0.2500
	==================================================================================
	Q2:
		Shape: Hybrid
		q_c:    164.0000    176.0000    191.5000
		ub :    167.0384    179.4361    195.0472
		lb :    160.9616    172.5639    187.9528
		P^-1: 
			    0.2210    -0.0744    0.0899
			    -0.0744    0.2508    -0.1098
			    0.0899    -0.1098    0.2927
		A:
			    -0.4473    -0.3003    -0.8424
			    0.1487    0.8228    -0.5486
			    0.4329    0.0297    -0.9010
			    -0.2959    -0.8910    0.3444
			    -0.8548    0.4802    0.1965
			    0.4210    0.2984    0.8566
		b:
			    -286.1127
			    65.3635
			    -94.7190
			    -137.9334
			    -16.5199
			    287.0228
	==================================================================================
	Q3:
		Shape: Polyhedra
		q_c:    162.5000    170.5000    191.5000
		ub :    165.3540    173.4051    194.6365
		lb :    159.6460    167.5949    188.3635
		A:
			    0.0045    0.5274    0.8496
			    0.5601    -0.7344    -0.3833
			    -0.6219    0.4608    0.6331
			    0.7930    0.5976    0.1184
			    0.8671    0.3924    0.3068
			    0.2064    0.5455    -0.8123
			    0.0728    0.7047    0.7058
			    -0.1160    0.7088    -0.6958
			    -0.9906    -0.0312    0.1333
			    -0.0728    -0.7047    -0.7058
			    0.1160    -0.7088    0.6958
			    0.9906    0.0312    -0.1333
		b:
			    255.3570
			    -105.4210
			    100.9930
			    255.7547
			    268.9194
			    -26.9634
			    269.1335
			    -29.2415
			    -138.2565
			    -265.1335
			    33.2415
			    143.2565
	==================================================================================
	Q4:
		Shape: Ellipse
		q_c:    170.0000    176.0000    189.5000
		ub :    173.1690    178.2448    192.5625
		lb :    166.8310    173.7552    186.4375
		P^-1: 
			    0.3218    -0.0238    0.1388
			    -0.0238    0.4398    0.0269
			    0.1388    0.0269    0.2872
	==================================================================================
	Q5:
		Shape: Polyhedra
		q_c:    167.5000    177.0000    187.5000
		ub :    171.9112    180.5114    191.6038
		lb :    163.0888    173.4886    183.3962
		A:
			    0.4537    -0.3041    0.8377
			    -0.6594    -0.5527    0.5096
			    0.3919    -0.8911    0.2288
			    -0.5203    0.5861    -0.6211
			    0.5507    0.8187    -0.1629
			    0.3013    -0.8835    0.3586
			    0.2970    0.6870    0.6631
			    -0.9439    0.1063    0.3126
			    0.1443    -0.7188    0.6801
			    -0.2970    -0.6870    -0.6631
			    0.9439    -0.1063    -0.3126
			    -0.1443    0.7188    -0.6801
		b:
			    181.2831
			    -109.9197
			    -47.0272
			    -97.9405
			    209.2831
			    -36.8055
			    298.6957
			    -77.1675
			    25.9603
			    -292.6957
			    84.1675
			    -22.9603
	==================================================================================
	Q6:
		Shape: Ellipse
		q_c:    168.0000    176.0000    184.0000
		ub :    169.9363    179.1728    186.9471
		lb :    166.0637    172.8272    181.0529
		P^-1: 
			    3.4492    1.1385    0.7291
			    1.1385    0.5005    0.2563
			    0.7291    0.2563    0.3213


===========================================================================================
===========================================================================================
S8:
	q_c:    338.0000    103.5000    398.5000
	ub :    354.0000    119.0000    419.0000
	lb :    322.0000    88.0000    378.0000

	==================================================================================
	Q1:
		Shape: Hybrid
		q_c:    331.5000    95.5000    413.5000
		ub :    338.5253    103.5848    420.9202
		lb :    324.4747    87.4152    406.0798
		P^-1: 
			    0.1290    0.0294    -0.0949
			    0.0294    0.0686    -0.0633
			    -0.0949    -0.0633    0.1327
		A:
			    -0.1106    -0.4390    0.8917
			    0.6829    0.3951    -0.6144
			    0.6162    0.3767    -0.6917
			    -0.2451    -0.8896    0.3855
			    0.5189    0.1779    -0.8361
			    0.1912    0.5720    -0.7977
		b:
			    292.4367
			    11.2107
			    -44.7696
			    -3.8955
			    -155.0461
			    -210.0966
	==================================================================================
	Q2:
		Shape: Ellipse
		q_c:    323.5000    122.5000    399.5000
		ub :    329.6096    129.1988    406.6707
		lb :    317.3904    115.8012    392.3293
		P^-1: 
			    0.0761    0.0415    0.0361
			    0.0415    0.0877    0.0415
			    0.0361    0.0415    0.0761
	==================================================================================
	Q3:
		Shape: Hybrid
		q_c:    327.0000    105.5000    396.5000
		ub :    336.7738    118.3211    409.3072
		lb :    317.2262    92.6789    383.6928
		P^-1: 
			    0.0196    0.0012    -0.0013
			    0.0012    0.0160    -0.0004
			    -0.0013    -0.0004    0.0160
		A:
			    -0.3467    0.3628    -0.8650
			    -0.7720    0.4762    -0.4210
			    -0.6139    0.5593    0.5570
			    -0.3430    0.9187    0.1958
			    0.9151    0.3999    0.0513
			    0.4910    0.8654    -0.1000
		b:
			    -413.5751
			    -364.8198
			    83.2806
			    66.8979
			    365.3963
			    216.2153
	==================================================================================
	Q4:
		Shape: Polyhedra
		q_c:    324.0000    110.5000    393.0000
		ub :    334.7517    118.5743    403.3298
		lb :    313.2483    102.4257    382.6702
		A:
			    -0.5510    0.7163    -0.4282
			    0.2872    -0.8548    -0.4324
			    0.0060    0.9832    0.1822
			    0.9475    0.2859    0.1429
			    0.4891    -0.8597    0.1473
			    -0.5922    0.7486    -0.2982
			    0.5105    0.0092    0.8598
			    -0.8351    0.2437    0.4932
			    -0.2050    -0.9698    0.1321
			    -0.5105    -0.0092    -0.8598
			    0.8351    -0.2437    -0.4932
			    0.2050    0.9698    -0.1321
		b:
			    -260.8494
			    -164.5712
			    188.7816
			    401.6600
			    128.0760
			    -219.5457
			    511.3304
			    -42.8174
			    -115.1728
			    -497.3304
			    56.8174
			    128.1728
	==================================================================================
	Q5:
		Shape: Hybrid
		q_c:    341.5000    100.0000    400.5000
		ub :    350.4015    109.6254    409.5616
		lb :    332.5985    90.3746    391.4384
		P^-1: 
			    0.0307    -0.0029    -0.0009
			    -0.0029    0.0295    -0.0024
			    -0.0009    -0.0024    0.0184
		A:
			    0.6054    0.7613    0.2322
			    -0.4935    -0.8675    0.0624
			    0.4644    0.5368    0.7044
			    0.9944    -0.0509    -0.0921
			    -0.1479    -0.6875    0.7110
			    -0.8343    0.1429    0.5325
		b:
			    379.4959
			    -227.0170
			    498.7730
			    300.5504
			    169.0882
			    -54.0108
	==================================================================================
	Q6:
		Shape: Polyhedra
		q_c:    341.5000    96.0000    396.5000
		ub :    346.2285    103.9201    404.4260
		lb :    336.7715    88.0799    388.5740
		A:
			    -0.8654    0.1659    -0.4728
			    0.7497    0.5490    -0.3696
			    0.8833    -0.4292    -0.1887
			    -0.1297    0.6433    0.7546
			    0.6026    0.7954    0.0653
			    -0.9225    0.1518    0.3549
			    0.1226    0.6042    0.7873
			    0.4082    0.6924    -0.5950
			    -0.9046    0.3943    -0.1617
			    -0.1226    -0.6042    -0.7873
			    -0.4082    -0.6924    0.5950
			    0.9046    -0.3943    0.1617
		b:
			    -464.2775
			    167.2737
			    188.2808
			    322.0149
			    313.3699
			    -156.2878
			    417.5434
			    -24.5376
			    -333.2140
			    -406.5434
			    35.5376
			    337.2140


===========================================================================================
===========================================================================================
S9:
	q_c:    318.5000    28.0000    41.5000
	ub :    343.0000    56.0000    61.0000
	lb :    294.0000    0.0000    22.0000

	==================================================================================
	Q1:
		Shape: Polyhedra
		q_c:    307.0000    36.5000    20.5000
		ub :    317.7166    48.0085    30.1968
		lb :    296.2834    24.9915    10.8032
		A:
			    -0.6382    0.6133    0.4654
			    -0.0953    -0.3998    0.9116
			    0.0106    -0.3229    0.9464
			    0.0222    -0.1478    -0.9888
			    -0.6809    -0.7031    0.2049
			    -0.9675    0.0676    -0.2435
			    0.8718    0.4378    0.2196
			    0.3585    -0.8758    0.3231
			    0.3338    -0.2030    -0.9205
			    -0.8718    -0.4378    -0.2196
			    -0.3585    0.8758    -0.3231
			    -0.3338    0.2030    0.9205
		b:
			    -156.9370
			    -18.1212
			    17.8660
			    -12.7160
			    -223.6022
			    -292.5459
			    294.6350
			    93.2075
			    82.1864
			    -281.6350
			    -76.2075
			    -70.1864
	==================================================================================
	Q2:
		Shape: Polyhedra
		q_c:    315.5000    29.5000    50.5000
		ub :    322.5979    35.7261    58.0386
		lb :    308.4021    23.2739    42.9614
		A:
			    0.5999    -0.4734    0.6449
			    -0.9468    -0.0848    -0.3104
			    -0.6944    0.5989    -0.3990
			    0.2576    -0.9445    -0.2038
			    -0.4733    -0.4716    -0.7441
			    0.7941    0.5828    -0.1725
			    0.2798    0.9590    0.0439
			    0.5500    -0.1227    -0.8261
			    -0.7869    0.2553    -0.5618
			    -0.2798    -0.9590    -0.0439
			    -0.5500    0.1227    0.8261
			    0.7869    -0.2553    0.5618
		b:
			    210.4253
			    -313.7218
			    -218.8045
			    48.4364
			    -196.2352
			    264.5026
			    123.7902
			    135.6865
			    -267.1056
			    -113.7902
			    -120.6865
			    271.1056
	==================================================================================
	Q3:
		Shape: Ellipse
		q_c:    298.5000    18.5000    52.5000
		ub :    305.8387    29.5205    62.7949
		lb :    291.1613    7.4795    42.2051
		P^-1: 
			    0.0574    0.0137    -0.0020
			    0.0137    0.0259    0.0067
			    -0.0020    0.0067    0.0209
	==================================================================================
	Q4:
		Shape: Hybrid
		q_c:    303.0000    33.5000    56.5000
		ub :    311.7945    41.9385    67.6850
		lb :    294.2055    25.0615    45.3150
		P^-1: 
			    0.0448    -0.0105    0.0101
			    -0.0105    0.0505    0.0190
			    0.0101    0.0190    0.0277
		A:
			    0.5478    -0.7312    0.4066
			    -0.9229    0.3851    0.0011
			    -0.3945    -0.5510    -0.7353
			    0.6534    -0.0746    -0.7533
			    -0.3960    0.7778    -0.4880
			    -0.7080    -0.5388    -0.4566
		b:
			    168.2334
			    -264.1050
			    -177.0438
			    158.9669
			    -116.8557
			    -255.7194
	==================================================================================
	Q5:
		Shape: Ellipse
		q_c:    326.0000    25.0000    35.0000
		ub :    332.5473    30.4167    39.4106
		lb :    319.4527    19.5833    30.5894
		P^-1: 
			    0.0698    0.0736    -0.0254
			    0.0736    0.1821    -0.0607
			    -0.0254    -0.0607    0.1128
	==================================================================================
	Q6:
		Shape: Hybrid
		q_c:    322.0000    25.0000    49.5000
		ub :    331.4750    34.2009    58.6075
		lb :    312.5250    15.7991    40.3925
		P^-1: 
			    0.0381    0.0030    0.0126
			    0.0030    0.0283    0.0058
			    0.0126    0.0058    0.0311
		A:
			    -0.0021    0.6684    0.7438
			    -0.2007    0.4666    0.8614
			    -0.3871    -0.8237    -0.4144
			    0.5001    0.8628    0.0741
			    0.9224    0.3087    -0.2319
			    0.8519    0.5160    -0.0894
		b:
			    56.1842
			    -6.5095
			    -162.7711
			    189.7362
			    297.0924
			    286.3603


===========================================================================================
===========================================================================================
S10:
	q_c:    483.0000    296.5000    292.5000
	ub :    488.0000    308.0000    312.0000
	lb :    478.0000    285.0000    273.0000

	==================================================================================
	Q1:
		Shape: Polyhedra
		q_c:    482.5000    296.5000    291.5000
		ub :    486.1637    300.0095    294.7325
		lb :    478.8363    292.9905    288.2675
		A:
			    -0.2105    -0.9763    -0.0514
			    -0.2553    0.8536    0.4541
			    -0.3831    -0.4949    0.7799
			    -0.9485    0.3035    0.0903
			    0.7947    -0.2509    -0.5527
			    -0.3476    -0.9121    -0.2172
			    0.8201    0.5227    0.2331
			    0.3714    -0.7959    0.4781
			    0.4354    -0.3055    -0.8468
			    -0.8201    -0.5227    -0.2331
			    -0.3714    0.7959    -0.4781
			    -0.4354    0.3055    0.8468
		b:
			    -403.7397
			    264.3708
			    -102.1541
			    -339.1599
			    150.0407
			    -499.1527
			    621.0885
			    84.5720
			    -125.3614
			    -616.0885
			    -80.5720
			    129.3614
	==================================================================================
	Q2:
		Shape: Hybrid
		q_c:    483.0000    300.0000    292.0000
		ub :    485.5340    302.6164    294.9877
		lb :    480.4660    297.3836    289.0123
		P^-1: 
			    0.6354    0.2553    0.3265
			    0.2553    0.5111    0.0497
			    0.3265    0.0497    0.4580
		A:
			    -0.6762    -0.7306    -0.0946
			    0.2031    0.9659    -0.1608
			    -0.1273    -0.0325    -0.9913
			    0.7270    0.2346    0.6453
			    -0.4955    0.7301    -0.4706
			    0.1091    -0.9940    0.0041
		b:
			    -572.7705
			    341.8288
			    -359.4386
			    610.4954
			    -156.6063
			    -243.0794
	==================================================================================
	Q3:
		Shape: Hybrid
		q_c:    480.5000    293.5000    288.5000
		ub :    483.1797    295.6198    291.0678
		lb :    477.8203    291.3802    285.9322
		P^-1: 
			    0.3694    -0.0827    0.1881
			    -0.0827    0.7279    -0.2763
			    0.1881    -0.2763    0.5971
		A:
			    0.2722    0.5984    -0.7536
			    0.0066    0.9794    0.2017
			    0.0900    -0.9774    0.1915
			    0.0459    0.6769    -0.7347
			    -0.6315    0.6529    -0.4184
			    0.6869    0.0132    0.7266
		b:
			    89.8745
			    349.7308
			    -187.7135
			    9.4431
			    -231.7938
			    544.3776
	==================================================================================
	Q4:
		Shape: Ellipse
		q_c:    485.5000    296.0000    290.0000
		ub :    488.9813    299.2958    293.2675
		lb :    482.0187    292.7042    286.7325
		P^-1: 
			    0.2793    0.0009    0.1404
			    0.0009    0.1600    0.0011
			    0.1404    0.0011    0.3252
	==================================================================================
	Q5:
		Shape: Hybrid
		q_c:    487.0000    294.5000    294.5000
		ub :    489.3096    296.4422    296.7532
		lb :    484.6904    292.5578    292.2468
		P^-1: 
			    0.7217    0.2277    -0.2819
