3D_35_5_6_d                l = 3

===========================================================================================
===========================================================================================
S1:
	q_c:    171.0000    224.5000    127.0000
	ub :    173.0000    244.0000    146.0000
	lb :    169.0000    205.0000    108.0000

	==================================================================================
	Q1:
		Shape: Hybrid
		q_c:    171.0000    227.5000    130.0000
		ub :    173.5316    230.3574    132.8345
		lb :    168.4684    224.6426    127.1655
		P^-1: 
			    0.7086    -0.0228    -0.3649
			    -0.0228    0.2511    0.0182
			    -0.3649    0.0182    0.5403
		A:
			    0.6566    0.0771    -0.7503
			    -0.7017    0.0548    0.7104
			    -0.3334    0.1236    0.9346
			    -0.1749    0.9467    0.2704
			    -0.4913    0.2129    0.8446
			    -0.8784    -0.0154    0.4776
		b:
			    32.8544
			    -14.6530
			    93.4781
			    222.0411
			    74.9400
			    -91.0596
	==================================================================================
	Q2:
		Shape: Ellipse
		q_c:    170.0000    222.5000    125.5000
		ub :    171.8059    224.7499    127.1327
		lb :    168.1941    220.2501    123.8673
		P^-1: 
			    1.9426    -0.1137    -1.5477
			    -0.1137    0.5050    -0.4264
			    -1.5477    -0.4264    2.8024
	==================================================================================
	Q3:
		Shape: Ellipse
		q_c:    173.5000    223.0000    130.5000
		ub :    175.9594    225.4796    132.9906
		lb :    171.0406    220.5204    128.0094
		P^-1: 
			    0.4444    0.0000    0.0000
			    0.0000    0.4444    0.0000
			    0.0000    0.0000    0.4444
	==================================================================================
	Q4:
		Shape: Hybrid
		q_c:    171.0000    224.5000    128.0000
		ub :    173.2196    226.8019    130.1145
		lb :    168.7804    222.1981    125.8855
		P^-1: 
			    0.7824    0.2966    -0.1670
			    0.2966    0.5957    0.2276
			    -0.1670    0.2276    0.8718
		A:
			    -0.3903    -0.6994    0.5987
			    0.7091    -0.1561    -0.6876
			    0.3910    -0.2976    0.8710
			    -0.3488    0.5325    0.7712
			    0.2272    -0.7973    -0.5592
			    -0.0996    0.3077    -0.9463
		b:
			    -146.2411
			    -1.2312
			    112.7383
			    159.2161
			    -210.9132
			    -68.0400
	==================================================================================
	Q5:
		Shape: Ellipse
		q_c:    173.5000    225.0000    126.5000
		ub :    176.0143    227.3972    128.5371
		lb :    170.9857    222.6028    124.4629
		P^-1: 
			    0.4444    -0.0000    -0.0000
			    -0.0000    0.4444    -0.0000
			    -0.0000    -0.0000    0.4444
	==================================================================================
	Q6:
		Shape: Hybrid
		q_c:    172.5000    226.5000    126.5000
		ub :    175.1708    229.3780    129.0926
		lb :    169.8292    223.6220    123.9074
		P^-1: 
			    0.4132    -0.0569    0.0431
			    -0.0569    0.3407    0.0786
			    0.0431    0.0786    0.3850
		A:
			    -0.2759    0.5065    -0.8169
			    0.6185    -0.0435    0.7846
			    -0.6573    0.4465    0.6071
			    -0.4471    0.3019    0.8420
			    0.9696    -0.2204    -0.1060
			    0.1688    0.5850    0.7933
		b:
			    -35.1781
			    196.8666
			    65.3386
			    98.6192
			    104.7303
			    262.7167


===========================================================================================
===========================================================================================
S2:
	q_c:    313.5000    202.5000    349.5000
	ub :    322.0000    226.0000    364.0000
	lb :    305.0000    179.0000    335.0000

	==================================================================================
	Q1:
		Shape: Ellipse
		q_c:    306.0000    203.0000    351.5000
		ub :    310.4066    208.4323    357.0745
		lb :    301.5934    197.5677    345.9255
		P^-1: 
			    0.3235    -0.0029    -0.1814
			    -0.0029    0.0605    -0.0037
			    -0.1814    -0.0037    0.1723
	==================================================================================
	Q2:
		Shape: Polyhedra
		q_c:    312.5000    211.0000    344.5000
		ub :    319.2153    219.2978    350.9200
		lb :    305.7847    202.7022    338.0800
		A:
			    0.5172    0.8218    -0.2390
			    0.0634    -0.6951    0.7161
			    0.0305    -0.6214    0.7829
			    -0.8034    -0.2475    -0.5416
			    0.0900    -0.3321    -0.9389
			    -0.6250    -0.3608    0.6923
			    0.1171    0.1845    0.9758
			    -0.3778    0.9170    -0.1281
			    -0.9184    -0.3537    0.1771
			    -0.1171    -0.1845    -0.9758
			    0.3778    -0.9170    0.1281
			    0.9184    0.3537    -0.1771
		b:
			    257.6919
			    125.6751
			    153.7770
			    -485.3225
			    -360.3389
			    -28.5181
			    416.7118
			    37.7959
			    -296.6184
			    -406.7118
			    -24.7959
			    304.6184
	==================================================================================
	Q3:
		Shape: Polyhedra
		q_c:    313.5000    197.5000    349.5000
		ub :    320.7199    202.8457    356.3617
		lb :    306.2801    192.1543    342.6383
		A:
			    -0.3719    -0.7281    -0.5758
			    -0.1571    -0.8758    -0.4563
			    -0.6049    -0.7820    -0.1504
			    0.4041    0.9066    0.1213
			    0.3023    0.9501    0.0773
			    -0.1833    -0.9721    -0.1464
			    0.4323    0.7768    0.4579
			    0.5839    0.1458    -0.7986
			    -0.6872    0.6126    -0.3905
			    -0.4323    -0.7768    -0.4579
			    -0.5839    -0.1458    0.7986
			    0.6872    -0.6126    0.3905
		b:
			    -459.5460
			    -379.3187
			    -394.0938
			    350.7154
			    312.2072
			    -297.8272
			    450.9757
			    -62.2820
			    -225.9388
			    -446.9757
			    72.2820
			    235.9388
	==================================================================================
	Q4:
		Shape: Hybrid
		q_c:    316.5000    209.0000    344.0000
		ub :    322.4937    214.4145    347.9035
		lb :    310.5063    203.5855    340.0965
		P^-1: 
			    0.0786    0.0032    0.0614
			    0.0032    0.0868    0.0439
			    0.0614    0.0439    0.2156
		A:
			    -0.0595    0.4257    -0.9029
			    0.1664    0.6098    0.7749
			    -0.5595    -0.5167    -0.6480
			    -0.1226    0.3470    -0.9298
			    0.2298    0.9035    0.3618
			    0.0944    0.8973    -0.4312
		b:
			    -238.3354
			    447.9899
			    -506.3950
			    -284.2287
			    388.2137
			    71.9665
	==================================================================================
	Q5:
		Shape: Ellipse
		q_c:    321.0000    205.0000    352.5000
		ub :    324.6976    210.0408    357.8938
		lb :    317.3024    199.9592    347.1062
		P^-1: 
			    0.3312    -0.1778    -0.0175
			    -0.1778    0.1615    0.0119
			    -0.0175    0.0119    0.0412
	==================================================================================
	Q6:
		Shape: Ellipse
		q_c:    306.5000    200.5000    355.0000
		ub :    312.4691    206.3579    361.2139
		lb :    300.5309    194.6421    348.7861
		P^-1: 
			    0.0793    0.0209    0.0135
			    0.0209    0.0885    0.0155
			    0.0135    0.0155    0.0389


===========================================================================================
===========================================================================================
S3:
	q_c:    392.5000    482.5000    250.0000
	ub :    395.0000    506.0000    269.0000
	lb :    390.0000    459.0000    231.0000

	==================================================================================
	Q1:
		Shape: Ellipse
		q_c:    395.5000    483.0000    248.5000
		ub :    397.3841    484.8758    250.4684
		lb :    393.6159    481.1242    246.5316
		P^-1: 
			    0.8435    0.0515    0.2445
			    0.0515    0.4511    0.0316
			    0.2445    0.0316    0.5943
	==================================================================================
	Q2:
		Shape: Hybrid
		q_c:    390.5000    484.5000    250.0000
		ub :    392.2017    486.0133    251.4563
		lb :    388.7983    482.9867    248.5437
		P^-1: 
			    1.0000    -0.0000    -0.0000
			    -0.0000    1.0000    0.0000
			    -0.0000    0.0000    1.0000
		A:
			    -0.0141    -0.8377    0.5459
			    -0.8350    -0.1683    0.5238
			    0.3227    -0.8917    0.3173
			    -0.4766    0.5125    0.7143
			    -0.9333    -0.1848    0.3079
			    -0.7870    0.2665    -0.5565
		b:
			    -274.3809
			    -276.1733
			    -226.1816
			    241.2788
			    -376.5131
			    -316.8142
	==================================================================================
	Q3:
		Shape: Polyhedra
		q_c:    394.5000    483.0000    250.5000
		ub :    396.7966    485.2602    252.4992
		lb :    392.2034    480.7398    248.5008
		A:
			    -0.2162    0.7218    -0.6575
			    -0.6388    -0.3220    0.6987
			    0.7767    0.6214    -0.1033
			    0.0466    -0.8213    0.5686
			    -0.9505    0.2891    0.1137
			    -0.3072    -0.9219    -0.2362
			    0.3433    0.6398    0.6876
			    0.5202    0.4801    -0.7063
			    -0.7820    0.6002    -0.1680
			    -0.3433    -0.6398    -0.6876
			    -0.5202    -0.4801    0.7063
			    0.7820    -0.6002    0.1680
		b:
			    100.1304
			    -230.9919
			    581.9970
			    -234.3455
			    -205.3499
			    -624.4610
			    617.6868
			    261.6567
			    -59.2077
			    -615.6868
			    -258.6567
			    62.2077
	==================================================================================
	Q4:
		Shape: Ellipse
		q_c:    394.0000    483.5000    249.5000
		ub :    395.8620    484.3480    251.2339
		lb :    392.1380    482.6520    247.7661
		P^-1: 
			    0.7759    0.6631    -0.1974
			    0.6631    3.8318    0.3573
			    -0.1974    0.3573    0.8368
	==================================================================================
	Q5:
		Shape: Ellipse
		q_c:    394.0000    485.0000    249.0000
		ub :    395.6419    486.6871    250.4958
		lb :    392.3581    483.3129    247.5042
		P^-1: 
			    1.2866    0.5500    0.9067
			    0.5500    2.0285    1.5239
			    0.9067    1.5239    2.1293
	==================================================================================
	Q6:
		Shape: Polyhedra
		q_c:    395.5000    484.5000    250.5000
		ub :    396.8887    485.5447    251.9411
		lb :    394.1113    483.4553    249.0589
		A:
			    0.2638    -0.5614    0.7844
			    0.5015    0.3968    -0.7688
			    0.0275    0.9584    -0.2842
			    -0.8506    -0.2833    -0.4429
			    0.7695    -0.5832    0.2602
			    0.3842    0.8355    -0.3929
			    0.8843    0.1455    0.4436
			    -0.4573    0.4617    0.7601
			    -0.0942    -0.8750    0.4748
			    -0.8843    -0.1455    -0.4436
			    0.4573    -0.4617    -0.7601
			    0.0942    0.8750    -0.4748
		b:
			    29.5315
			    198.7598
			    404.5769
			    -583.6512
			    87.8038
			    458.9071
			    532.3712
			    234.2513
			    -341.7707
			    -530.3712
			    -232.2513
			    342.7707


===========================================================================================
===========================================================================================
S4:
	q_c:    274.0000    467.0000    52.5000
	ub :    295.0000    493.0000    55.0000
	lb :    253.0000    441.0000    50.0000

	==================================================================================
	Q1:
		Shape: Polyhedra
		q_c:    276.0000    465.5000    53.0000
		ub :    278.1385    467.6762    54.8594
		lb :    273.8615    463.3238    51.1406
		A:
			    0.9154    0.3215    0.2423
			    0.3590    0.8657    -0.3487
			    -0.6769    0.3971    0.6198
			    0.9294    0.3688    0.0160
			    0.7441    0.3955    -0.5385
			    0.2273    0.9269    -0.2988
			    0.7261    0.5082    0.4632
			    -0.3494    -0.3075    0.8851
			    0.5922    -0.8045    -0.0457
			    -0.7261    -0.5082    -0.4632
			    0.3494    0.3075    -0.8851
			    -0.5922    0.8045    0.0457
		b:
			    416.2100
			    484.9821
			    32.3982
			    430.1769
			    362.3295
			    479.7524
			    462.5009
			    -191.1713
			    -211.9711
			    -460.5009
			    194.1713
			    214.9711
	==================================================================================
	Q2:
		Shape: Hybrid
		q_c:    274.5000    468.0000    55.0000
		ub :    276.3305    470.0668    56.8187
		lb :    272.6695    465.9332    53.1813
		P^-1: 
			    0.8296    -0.2562    0.0029
			    -0.2562    0.6149    -0.0020
			    0.0029    -0.0020    0.4445
		A:
			    0.8427    0.1773    0.5084
			    -0.9296    0.3372    -0.1486
			    -0.8829    0.2687    -0.3851
			    0.9842    0.1559    0.0833
			    -0.0872    -0.1841    -0.9790
			    0.5671    0.7110    -0.4158
		b:
			    343.0698
			    -105.0185
			    -137.1337
			    348.4922
			    -162.9351
			    466.5282
	==================================================================================
	Q3:
		Shape: Hybrid
		q_c:    275.0000    465.0000    53.0000
		ub :    276.4181    466.4561    53.7137
		lb :    273.5819    463.5439    52.2863
		P^-1: 
			    1.0138    -0.0352    0.1998
			    -0.0352    1.0899    -0.5102
			    0.1998    -0.5102    3.8964
		A:
			    0.1728    0.2539    0.9517
			    0.0230    -0.3920    -0.9197
			    0.0448    0.3556    0.9336
			    0.2875    -0.0078    -0.9578
			    -0.3628    -0.1364    -0.9218
			    -0.4875    -0.0509    -0.8716
		b:
			    216.4027
			    -224.2547
			    227.5587
			    25.0167
			    -211.6786
			    -203.5473
	==================================================================================
	Q4:
		Shape: Ellipse
		q_c:    275.0000    465.5000    53.5000
		ub :    276.2027    466.9915    54.9397
		lb :    273.7973    464.0085    52.0603
		P^-1: 
			    2.9355    -0.5581    -1.3224
			    -0.5581    1.1609    0.3813
			    -1.3224    0.3813    1.9035
	==================================================================================
	Q5:
		Shape: Ellipse
		q_c:    272.5000    467.0000    53.0000
		ub :    274.2988    468.8381    53.9866
		lb :    270.7012    465.1619    52.0134
		P^-1: 
			    0.9767    -0.1408    -0.8174
			    -0.1408    0.7665    -0.5388
			    -0.8174    -0.5388    3.7013
	==================================================================================
	Q6:
		Shape: Hybrid
		q_c:    274.0000    466.5000    51.0000
		ub :    275.9557    468.5362    52.7581
		lb :    272.0443    464.4638    49.2419
		P^-1: 
			    0.8044    0.2353    0.1226
			    0.2353    0.5983    0.0802
			    0.1226    0.0802    0.4862
		A:
			    -0.8744    0.1232    -0.4694
			    -0.6609    -0.6229    0.4187
			    -0.3339    0.6443    -0.6880
			    -0.9278    -0.3522    -0.1228
			    0.9813    -0.0561    0.1842
			    0.6429    0.7250    -0.2469
		b:
			    -205.3040
			    -449.5354
			    174.9998
			    -424.2575
			    252.7908
			    502.4752


===========================================================================================
===========================================================================================
S5:
	q_c:    474.5000    100.5000    400.5000
	ub :    488.0000    105.0000    415.0000
	lb :    461.0000    96.0000    386.0000

	==================================================================================
	Q1:
		Shape: Hybrid
		q_c:    477.5000    97.5000    404.5000
		ub :    478.9089    99.8796    406.3964
		lb :    476.0911    95.1204    402.6036
		P^-1: 
			    0.9776    -0.1094    0.0660
			    -0.1094    0.4665    0.3218
			    0.0660    0.3218    0.8059
		A:
			    -0.8457    0.4596    0.2711
			    0.7866    -0.1449    0.6002
			    -0.5873    0.0988    -0.8033
			    -0.2268    0.6846    0.6927
			    0.2235    -0.8157    -0.5335
			    -0.7821    0.4185    -0.4617
		b:
			    -248.8372
			    604.8903
			    -595.0437
			    239.1903
			    -187.9306
			    -518.6541
	==================================================================================
	Q2:
		Shape: Hybrid
		q_c:    474.5000    97.0000    400.0000
		ub :    475.8414    98.6265    402.1571
		lb :    473.1586    95.3735    397.8429
		P^-1: 
			    3.3030    -1.3694    -0.3598
			    -1.3694    1.0988    0.1546
			    -0.3598    0.1546    0.2926
		A:
			    -0.9328    0.1438    0.3306
			    -0.9772    0.1999    -0.0708
			    0.2350    -0.7544    -0.6129
			    -0.8046    0.1403    -0.5770
			    -0.3501    0.9027    -0.2503
			    -0.7649    0.6269    -0.1481
		b:
			    -295.9104
			    -472.1967
			    -205.6065
			    -597.8000
			    -177.7246
			    -360.8622
	==================================================================================
	Q3:
		Shape: Polyhedra
		q_c:    476.0000    97.0000    404.5000
		ub :    477.8808    100.0639    407.3223
		lb :    474.1192    93.9361    401.6777
		A:
			    0.4290    0.9031    -0.0213
			    0.6320    -0.1743    -0.7551
			    -0.8401    0.1665    0.5163
			    -0.3751    0.8907    0.2569
			    -0.9342    -0.3566    0.0119
			    0.8588    0.0266    0.5116
			    0.2792    0.5732    0.7704
			    0.2100    0.7464    -0.6315
			    -0.9370    0.3381    0.0880
			    -0.2792    -0.5732    -0.7704
			    -0.2100    -0.7464    0.6315
			    0.9370    -0.3381    -0.0880
		b:
			    285.3559
			    -19.9538
			    -173.5326
			    13.3185
			    -472.8990
			    619.5811
			    501.6057
			    -80.5611
			    -376.6247
			    -498.6057
			    85.5611
			    378.6247
	==================================================================================
	Q4:
		Shape: Polyhedra
		q_c:    472.5000    102.5000    401.5000
		ub :    475.0946    105.3439    404.8868
		lb :    469.9054    99.6561    398.1132
		A:
			    -0.9304    0.2661    -0.2522
			    -0.6788    -0.4554    -0.5760
			    0.7287    -0.4567    0.5103
			    -0.9213    0.2254    -0.3170
			    0.8824    -0.4543    0.1227
			    -0.9430    0.2294    -0.2410
			    0.8790    0.2049    0.4305
			    -0.3787    -0.2485    0.8915
			    0.2897    -0.9467    -0.1409
			    -0.8790    -0.2049    -0.4305
			    0.3787    0.2485    -0.8915
			    -0.2897    0.9467    0.1409
		b:
			    -512.2431
			    -597.4921
			    504.0414
			    -538.2161
			    421.1851
			    -517.5201
			    610.1953
			    156.5123
			    -14.7281
			    -608.1953
			    -150.5123
			    18.7281
	==================================================================================
	Q5:
		Shape: Ellipse
		q_c:    471.5000    97.5000    399.5000
		ub :    475.7730    102.0119    403.5350
		lb :    467.2270    92.9881    395.4650
		P^-1: 
			    0.1124    0.0082    -0.0102
			    0.0082    0.1647    -0.0671
			    -0.0102    -0.0671    0.1952
	==================================================================================
	Q6:
		Shape: Polyhedra
		q_c:    471.0000    98.0000    405.0000
		ub :    475.0248    102.0084    408.6095
		lb :    466.9752    93.9916    401.3905
		A:
			    -0.6192    -0.0297    -0.7847
			    0.4456    -0.8030    0.3957
			    0.7022    -0.6282    0.3351
			    -0.7649    0.6400    0.0733
			    -0.3973    0.2085    -0.8937
			    0.9872    -0.0856    0.1344
			    0.4363    0.8723    0.2208
			    0.5932    -0.0943    -0.7995
			    -0.6766    0.4798    -0.5586
			    -0.4363    -0.8723    -0.2208
			    -0.5932    0.0943    0.7995
			    0.6766    -0.4798    0.5586
		b:
			    -610.1764
			    293.4258
			    406.4996
			    -265.8396
			    -526.7751
			    513.1794
			    383.8992
			    -51.1541
			    -496.3832
			    -376.8992
			    56.1541
			    499.3832


===========================================================================================
===========================================================================================
