3D_30_11_6_e                l = 3

===========================================================================================
===========================================================================================
S1:
	q_c:	96.5	197.5	320.5
	ub :	109.8149	213.3299	337.5151
	lb :	77.6283	186.3032	307.8793

	==================================================================================
	Q1:
		Shape: Polyhedra
		q_c:	86.0	201.0	321.5
		ub :	93.9504	207.9924	328.4721
		lb :	78.0496	194.0076	314.5279
		A:
			-0.5737	-0.7526	-0.3232
			0.4781	0.4804	-0.7353
			0.0882	0.6737	0.7337
			0.3809	0.382	-0.842
			0.4829	-0.0449	0.8745
			-0.9617	0.1135	-0.2497
			0.7764	0.5962	0.2043
			0.4959	-0.778	0.3856
			0.3888	-0.1981	-0.8998
			-0.7764	-0.5962	-0.2043
			-0.4959	0.778	-0.3856
			-0.3888	0.1981	0.8998
		b:
			-299.0875
			-93.8073
			384.039
			-156.3528
			318.326
			-135.458
			257.7864
			13.7356
			-290.6452
			-246.7864
			-6.7356
			300.6452
	==================================================================================
	Q2:
		Shape: Hybrid
		q_c:	104.0	198.0	328.0
		ub :	109.8149	203.0683	333.9984
		lb :	98.1851	192.9317	322.0016
		P^-1:
			0.0612	0.0046	0.0155
			0.0046	0.1328	-0.0411
			0.0155	-0.0411	0.0971
		A:
			0.6001	-0.0645	0.7974
			0.6251	0.6968	-0.3518
			0.2382	0.0961	0.9664
			0.0554	0.9902	0.1283
			-0.0086	-0.9774	-0.2113
			-0.0605	-0.7602	-0.6469
		b:
			313.1875
			89.6259
			362.9982
			245.7542
			-261.715
			-366.5046
	==================================================================================
	Q3:
		Shape: Hybrid
		q_c:	89.0	193.5	315.5
		ub :	96.3954	200.6968	323.1207
		lb :	81.6046	186.3032	307.8793
		P^-1:
			0.0643	0.0159	0.0155
			0.0159	0.0657	-0.0085
			0.0155	-0.0085	0.0419
		A:
			0.413	0.81	-0.4163
			0.4582	-0.4038	0.7919
			-0.5936	-0.7706	0.2321
			0.9807	0.0453	0.1903
			-0.7812	-0.2243	-0.5825
			0.5199	-0.8542	0.0023
		b:
			64.2253
			214.846
			-126.7936
			158.3027
			-294.7304
			-115.2837
	==================================================================================
	Q4:
		Shape: Polyhedra
		q_c:	89.5	198.5	330.5
		ub :	95.8731	203.1011	336.7186
		lb :	83.1269	193.8989	324.2814
		A:
			0.317	0.9455	0.074
			-0.0202	-0.1568	0.9874
			-0.0969	0.3211	-0.9421
			0.2069	0.4399	0.8739
			-0.5207	-0.5633	0.6415
			0.4505	0.8435	-0.2926
			0.4843	0.5587	0.6733
			-0.2359	0.8244	-0.5145
			-0.8425	0.0903	0.5311
			-0.4843	-0.5587	-0.6733
			0.2359	-0.8244	0.5145
			0.8425	-0.0903	-0.5311
		b:
			243.5588
			297.0813
			-252.9148
			397.935
			57.7969
			114.5587
			379.7612
			-24.4942
			123.0584
			-373.7612
			30.4942
			-113.0584
	==================================================================================
	Q5:
		Shape: Ellipse
		q_c:	93.0	206.0	332.0
		ub :	100.1254	213.3299	337.5151
		lb :	85.8746	198.6701	326.4849
		P^-1:
			0.0628	0.021	0.0088
			0.021	0.0479	0.0059
			0.0088	0.0059	0.0534
	==================================================================================
	Q6:
		Shape: Ellipse
		q_c:	83.5	202.0	324.5
		ub :	89.3717	206.3038	330.4809
		lb :	77.6283	197.6962	318.5191
		P^-1:
			0.1182	-0.0849	0.0245
			-0.0849	0.1853	-0.0275
			0.0245	-0.0275	0.0584


===========================================================================================
===========================================================================================
S2:
	q_c:	486.5	8.5	85.5
	ub :	496.1579	23.4023	101.4957
	lb :	474.4496	-0.3509	73.2647

	==================================================================================
	Q1:
		Shape: Ellipse
		q_c:	487.0	8.0	94.0
		ub :	493.1733	11.3189	101.4957
		lb :	480.8267	4.6811	86.5043
		P^-1:
			0.1603	-0.1523	0.0605
			-0.1523	0.3389	-0.0631
			0.0605	-0.0631	0.0505
	==================================================================================
	Q2:
		Shape: Polyhedra
		q_c:	482.0	18.5	79.0
		ub :	487.2115	23.4023	84.7353
		lb :	476.7885	13.5977	73.2647
		A:
			-0.3948	0.8123	0.4294
			-0.7964	-0.0922	0.5977
			-0.8089	0.5571	-0.1881
			0.9068	-0.3667	-0.208
			-0.3485	0.887	0.3031
			-0.2708	0.8454	-0.4604
			0.3308	0.8048	0.4928
			0.8323	-0.0027	-0.5543
			-0.4448	0.5935	-0.6708
			-0.3308	-0.8048	-0.4928
			-0.8323	0.0027	0.5543
			0.4448	-0.5935	0.6708
		b:
			-138.0115
			-335.3632
			-391.0768
			416.9874
			-124.2153
			-147.7768
			216.7696
			360.3369
			-252.8858
			-209.7696
			-354.3369
			259.8858
	==================================================================================
	Q3:
		Shape: Polyhedra
		q_c:	487.0	11.0	82.0
		ub :	491.8407	13.5158	86.6356
		lb :	482.1593	8.4842	77.3644
		A:
			-0.6716	-0.716	-0.1904
			0.3958	-0.906	0.1502
			-0.859	0.1121	-0.4996
			0.2999	0.4545	0.8387
			0.5939	0.4211	-0.6855
			-0.2755	0.6372	-0.7198
			0.2252	0.9743	0.0074
			0.8899	-0.2026	-0.4086
			-0.3966	0.0986	-0.9127
			-0.2252	-0.9743	-0.0074
			-0.8899	0.2026	0.4086
			0.3966	-0.0986	0.9127
		b:
			-348.3239
			197.5598
			-454.5619
			222.9133
			240.6892
			-183.1483
			122.5121
			401.156
			-263.4078
			-119.5121
			-394.156
			270.4078
	==================================================================================
	Q4:
		Shape: Hybrid
		q_c:	479.5	6.0	92.5
		ub :	484.5504	11.8288	98.3953
		lb :	474.4496	0.1712	86.6047
		P^-1:
			0.1879	-0.0872	-0.025
			-0.0872	0.1083	0.0226
			-0.025	0.0226	0.0657
		A:
			-0.9953	0.0819	0.052
			0.8846	-0.1305	0.4478
			-0.6156	-0.6887	-0.3832
			0.1129	0.9889	0.0962
			0.502	-0.7163	0.4847
			-0.8997	0.1645	0.4044
		b:
			-470.2184
			466.9191
			-331.5543
			71.9936
			283.6241
			-391.35
	==================================================================================
	Q5:
		Shape: Hybrid
		q_c:	482.0	5.5	81.0
		ub :	487.8829	10.3342	84.4605
		lb :	476.1171	0.6658	77.5395
		P^-1:
			0.0957	0.1021	-0.0198
			0.1021	0.2625	0.1119
			-0.0198	0.1119	0.3693
		A:
			-0.0098	-0.0865	-0.9962
			-0.3902	-0.9059	-0.1647
			-0.0733	-0.1259	0.9893
			-0.5778	0.3833	0.7206
			0.6396	0.7172	0.2767
			0.4486	0.8074	0.3832
		b:
			-84.7761
			-205.3421
			45.4105
			-215.5563
			336.1089
			252.6538
	==================================================================================
	Q6:
		Shape: Ellipse
		q_c:	491.5	5.0	95.5
		ub :	496.1579	10.3509	101.1585
		lb :	486.8421	-0.3509	89.8415
		P^-1:
			0.0925	0.0056	0.0131
			0.0056	0.0676	0.0129
			0.0131	0.0129	0.0951


===========================================================================================
===========================================================================================
S3:
	q_c:	216.0	358.0	296.5
	ub :	239.9885	379.6329	322.0163
	lb :	191.0972	329.6567	274.6432

	==================================================================================
	Q1:
		Shape: Ellipse
		q_c:	230.5	372.5	297.0
		ub :	239.9885	379.6329	307.3926
		lb :	221.0115	365.3671	286.6074
		P^-1:
			0.1582	0.1825	0.0829
			0.1825	0.255	0.1078
			0.0829	0.1078	0.0667
	==================================================================================
	Q2:
		Shape: Polyhedra
		q_c:	211.5	342.0	310.0
		ub :	225.1108	354.3433	322.0163
		lb :	197.8892	329.6567	297.9837
		A:
			0.6353	-0.6994	0.3274
			0.6777	0.0704	0.7319
			0.5394	0.4599	0.7054
			-0.546	-0.8086	-0.2193
			0.4018	0.7864	-0.4692
			-0.2515	-0.8464	-0.4694
			0.6648	0.3303	0.67
			0.6561	0.1708	-0.7351
			-0.3572	0.9283	-0.1031
			-0.6648	-0.3303	-0.67
			-0.6561	-0.1708	0.7351
			0.3572	-0.9283	0.1031
		b:
			5.6523
			400.1991
			495.7187
			-452.5678
			218.1075
			-480.7342
			466.7728
			-20.7185
			219.4525
			-455.7728
			40.7185
			-200.4525
	==================================================================================
	Q3:
		Shape: Polyhedra
		q_c:	204.5	340.0	288.0
		ub :	217.9028	345.533	301.3568
		lb :	191.0972	334.467	274.6432
		A:
			0.3629	-0.917	0.1659
			-0.2367	-0.9328	0.2718
			0.2847	-0.9471	0.1479
			0.1426	-0.9739	0.1767
			-0.2512	-0.8042	0.5387
			0.6285	-0.7724	0.0918
			0.7579	0.0604	0.6496
			-0.6482	0.183	0.7392
			-0.0742	-0.9813	0.1779
			-0.7579	-0.0604	-0.6496
			0.6482	-0.183	-0.7392
			0.0742	0.9813	-0.1779
		b:
			-184.6008
			-283.4774
			-216.5302
			-247.1057
			-164.9347
			-100.7276
			373.1154
			150.553
			-294.0785
			-352.1154
			-134.553
			301.0785
	==================================================================================
	Q4:
		Shape: Hybrid
		q_c:	218.5	342.5	298.0
		ub :	230.1134	351.4981	311.432
		lb :	206.8866	333.5019	284.568
		P^-1:
			0.0091	0.0006	0.0
			0.0006	0.023	0.0032
			0.0	0.0032	0.0083
		A:
			0.4137	0.8914	-0.1852
			-0.4468	-0.7846	0.4299
			-0.2284	-0.9505	0.2106
			-0.7051	-0.3311	-0.627
			0.6543	-0.3939	-0.6455
			0.0907	0.7895	0.607
		b:
			345.2368
			-232.3063
			-308.2664
			-447.4732
			-177.5934
			475.5645
	==================================================================================
	Q5:
		Shape: Hybrid
		q_c:	209.5	355.0	286.0
		ub :	219.2945	360.8188	295.0946
		lb :	199.7055	349.1812	276.9054
		P^-1:
			0.0218	-0.0202	0.0083
			-0.0202	0.7547	-0.4241
			0.0083	-0.4241	0.2649
		A:
			0.1228	-0.9119	0.3917
			-0.0672	0.8891	-0.4527
			0.4477	0.6529	-0.611
			-0.4244	0.7414	-0.5199
			-0.3653	-0.4945	0.7887
			0.0241	0.8419	-0.5392
		b:
			-185.0613
			172.6622
			153.7844
			28.1609
			-23.1455
			150.2807
	==================================================================================
	Q6:
		Shape: Ellipse
		q_c:	217.5	354.5	290.5
		ub :	231.292	367.4978	301.8992
		lb :	203.708	341.5022	279.1008
		P^-1:
			0.0159	0.0002	-0.0016
			0.0002	0.0158	-0.0011
			-0.0016	-0.0011	0.0155


===========================================================================================
===========================================================================================
S4:
	q_c:	163.0	143.5	187.0
	ub :	171.4223	151.4943	193.7685
	lb :	156.446	136.9922	181.3091

	==================================================================================
	Q1:
		Shape: Ellipse
		q_c:	166.5	141.0	190.5
		ub :	169.8449	145.0078	192.6988
		lb :	163.1551	136.9922	188.3012
		P^-1:
			0.1672	0.0197	-0.0509
			0.0197	0.0876	-0.033
			-0.0509	-0.033	0.4313
	==================================================================================
	Q2:
		Shape: Hybrid
		q_c:	167.5	145.5	188.5
		ub :	170.143	148.2801	190.6868
		lb :	164.857	142.7199	186.3132
		P^-1:
			0.3117	0.0882	0.0203
			0.0882	0.3859	-0.0135
			0.0203	-0.0135	0.4413
		A:
			0.858	0.3637	-0.3628
			-0.1923	-0.1866	-0.9634
			0.8375	0.3642	-0.4074
			-0.1119	0.9189	-0.3782
			-0.3478	0.1732	-0.9214
			-0.3832	-0.828	0.4093
		b:
			129.1611
			-240.2068
			117.3892
			44.5749
			-205.9611
			-106.7471
	==================================================================================
	Q3:
		Shape: Ellipse
		q_c:	168.0	147.5	186.0
		ub :	171.4223	151.4943	190.107
		lb :	164.5777	143.5057	181.893
		P^-1:
			0.2427	0.0215	-0.0224
			0.0215	0.187	0.0657
			-0.0224	0.0657	0.1815
	==================================================================================
	Q4:
		Shape: Hybrid
		q_c:	160.0	147.5	185.0
		ub :	163.554	150.0206	188.6909
		lb :	156.446	144.9794	181.3091
		P^-1:
			0.4144	-0.3226	-0.227
			-0.3226	0.6557	0.1965
			-0.227	0.1965	0.291
		A:
			-0.1106	-0.962	-0.2495
			-0.3224	0.9385	0.1233
			0.4589	-0.5344	-0.7098
			0.3421	-0.9385	0.046
			-0.3246	0.9458	0.0116
			-0.1285	0.9674	0.2182
		b:
			-204.4821
			110.3721
			-135.8661
			-74.3268
			90.5084
			163.3969
	==================================================================================
	Q5:
		Shape: Polyhedra
		q_c:	161.5	142.5	190.0
		ub :	164.9325	145.7326	193.7685
		lb :	158.0675	139.2674	186.2315
		A:
			0.1925	-0.6869	-0.7008
			0.7658	-0.2083	0.6084
			-0.9737	-0.1102	-0.1994
			0.041	-0.4846	0.8738
			-0.3781	-0.8201	0.4294
			0.1007	0.9949	-0.0067
			0.4422	0.65	0.618
			-0.8343	0.0452	0.5494
			0.3291	-0.7586	0.5623
			-0.4422	-0.65	-0.618
			0.8343	-0.0452	-0.5494
			-0.3291	0.7586	-0.5623
		b:
			-197.6147
			211.7729
			-208.6275
			105.609
			-94.2317
			159.0051
			283.9677
			-21.9092
			53.8921
			-278.9677
			25.9092
			-49.8921
	==================================================================================
	Q6:
		Shape: Polyhedra
		q_c:	163.5	146.5	187.0
		ub :	167.6492	150.5286	190.1147
		lb :	159.3508	142.4714	183.8853
		A:
			-0.3154	0.202	0.9272
			0.0169	-0.1529	0.9881
			-0.1959	0.9537	-0.2283
			-0.2902	0.0945	0.9523
			0.8462	-0.5283	0.0701
			-0.8183	0.2469	0.519
			0.869	0.4715	0.1502
			0.4909	-0.7825	-0.383
			-0.063	0.4066	-0.9114
			-0.869	-0.4715	-0.1502
			-0.4909	0.7825	0.383
			0.063	-0.4066	0.9114
		b:
			153.415
			167.1565
			67.1239
			146.4818
			76.5262
			1.9198
			242.7476
			-104.0061
			-119.1891
			-235.7476
			108.0061
			123.1891


===========================================================================================
===========================================================================================
S5:
	q_c:	340.5	26.0	454.0
	ub :	347.4428	34.3681	463.2923
	lb :	333.7635	18.0144	447.7939

	==================================================================================
	Q1:
		Shape: Hybrid
		q_c:	345.0	21.5	459.0
		ub :	347.4428	24.8428	462.3395
		lb :	342.5572	18.1572	455.6605
		P^-1:
			2.1258	1.7508	0.843
			1.7508	1.6418	0.7134
			0.843	0.7134	0.5035
		A:
			0.6647	0.7455	-0.049
			-0.7613	-0.5417	-0.3563
			-0.7594	-0.6459	0.0784
			-0.6547	-0.6505	-0.385
			-0.8584	-0.477	-0.1889
			0.561	0.3642	-0.7434
		b:
			223.6137
			-437.4978
			-239.0515
			-416.2569
			-392.4845
			-137.7337
	==================================================================================
	Q2:
		Shape: Ellipse
		q_c:	339.0	29.5	453.0
		ub :	343.0155	32.9934	456.774
		lb :	334.9845	26.0066	449.226
		P^-1:
			0.1812	-0.0377	0.0064
			-0.0377	0.2269	-0.0113
			0.0064	-0.0113	0.1619
	==================================================================================
	Q3:
		Shape: Ellipse
		q_c:	338.0	28.5	452.0
		ub :	340.8426	32.1939	456.2061
		lb :	335.1574	24.8061	447.7939
		P^-1:
			0.4051	-0.081	-0.0676
			-0.081	0.2394	-0.0532
			-0.0676	-0.0532	0.1315
	==================================================================================
	Q4:
		Shape: Polyhedra
		q_c:	343.5	26.5	459.5
		ub :	346.7929	29.8191	463.2751
		lb :	340.2071	23.1809	455.7249
		A:
			0.9592	0.0631	-0.2757
			-0.6086	-0.5155	0.6032
			-0.3498	0.0159	-0.9367
			0.7272	-0.6442	0.237
			-0.5699	-0.2558	-0.7809
			0.3165	-0.8834	-0.3456
			0.741	0.1534	0.6538
			0.0551	0.9564	-0.2868
			-0.6692	0.2486	0.7002
			-0.741	-0.1534	-0.6538
			-0.0551	-0.9564	0.2868
			0.6692	-0.2486	-0.7002
		b:
			206.8051
			56.9746
			-548.019
			343.9623
			-559.3229
			-71.0204
			560.9998
			-85.0153
			100.9635
			-556.9998
			90.0153
			-95.9635
	==================================================================================
	Q5:
		Shape: Ellipse
		q_c:	342.5	30.0	456.5
		ub :	346.037	34.3681	460.8548
		lb :	338.963	25.6319	452.1452
		P^-1:
			0.348	-0.0312	-0.1479
			-0.0312	0.1152	0.0195
			-0.1479	0.0195	0.2035
	==================================================================================
	Q6:
		Shape: Polyhedra
		q_c:	336.0	20.5	460.5
		ub :	338.2365	22.9856	463.2923
		lb :	333.7635	18.0144	457.7077
		A:
			-0.6731	0.6827	0.2844
			0.9162	-0.2333	0.3257
			-0.363	0.9154	-0.1742
			-0.6989	0.5043	-0.5072
			0.9036	-0.0598	-0.4243
			0.8997	-0.4308	0.0704
			0.7683	0.6369	0.0635
			0.6381	-0.7542	-0.1549
			-0.0508	0.1595	-0.9859
			-0.7683	-0.6369	-0.0635
			-0.6381	0.7542	0.1549
			0.0508	-0.1595	0.9859
		b:
			-79.6571
			454.7766
			-181.7459
			-456.1024
			108.6739
			327.4532
			301.9503
			129.0969
			-465.2875
			-298.9503
			-126.0969
			470.2875


===========================================================================================
===========================================================================================
S6:
	q_c:	340.0	287.0	153.5
	ub :	360.9284	304.2283	178.5743
	lb :	321.1846	264.3479	138.0412

	==================================================================================
	Q1:
		Shape: Ellipse
		q_c:	342.0	289.5	156.0
		ub :	345.7744	295.3703	159.2351
		lb :	338.2256	283.6297	152.7649
		P^-1:
			0.2233	0.0296	0.038
			0.0296	0.0377	0.0078
			0.038	0.0078	0.1821
	==================================================================================
	Q2:
		Shape: Hybrid
		q_c:	350.5	283.0	164.0
		ub :	360.9284	293.9226	171.5122
		lb :	340.0716	272.0774	156.4878
		P^-1:
			0.0217	-0.002	-0.0035
			-0.002	0.022	-0.0056
			-0.0035	-0.0056	0.0378
		A:
			0.7479	-0.2523	0.614
			-0.5153	0.298	0.8035
			-0.5185	0.8424	-0.1463
			-0.2737	-0.4955	0.8243
			0.4638	-0.143	0.8743
			-0.325	0.06	0.9438
		b:
			295.2775
			38.7126
			36.6144
			-98.2445
			268.8202
			60.5816
	==================================================================================
	Q3:
		Shape: Ellipse
		q_c:	330.0	299.0	163.5
		ub :	334.6717	304.2283	172.8423
		lb :	325.3283	293.7717	154.1577
		P^-1:
			0.1548	-0.0923	-0.0173
			-0.0923	0.1545	0.0205
			-0.0173	0.0205	0.0155
	==================================================================================
	Q4:
		Shape: Ellipse
		q_c:	344.5	276.5	167.5
		ub :	355.5304	288.6521	178.5743
		lb :	333.4696	264.3479	156.4257
		P^-1:
			0.0207	-0.0029	-0.0037
			-0.0029	0.0215	-0.0053
			-0.0037	-0.0053	0.023
	==================================================================================
	Q5:
		Shape: Polyhedra
		q_c:	333.5	290.0	147.0
		ub :	343.4604	298.3912	155.9588
		lb :	323.5396	281.6088	138.0412
		A:
			0.0462	-0.9901	-0.1329
			0.3906	0.878	0.2767
			-0.9594	-0.1031	0.2626
			-0.1892	-0.8672	-0.4606
			0.1577	-0.8648	-0.4767
			-0.8501	-0.5251	0.0408
			0.9776	0.1219	0.1713
			-0.1118	-0.3887	0.9146
			0.1781	-0.9133	-0.3664
			-0.9776	-0.1219	-0.1713
			0.1118	0.3887	-0.9146
			-0.1781	0.9133	0.3664
		b:
			-285.6695
			432.0699
			-303.1489
			-376.3057
			-262.7611
			-421.7726
			395.081
			-9.5703
			-253.8144
			-378.081
			21.5703
			264.8144
	==================================================================================
	Q6:
		Shape: Ellipse
		q_c:	331.0	284.5	157.0
		ub :	340.8154	294.1756	166.8644
		lb :	321.1846	274.8244	147.1356
		P^-1:
			0.0216	0.0043	0.0027
			0.0043	0.0377	-0.0126
			0.0027	-0.0126	0.0356


===========================================================================================
===========================================================================================
S7:
	q_c:	218.0	17.5	128.5
	ub :	225.1598	25.2827	135.277
	lb :	207.2187	8.6576	119.2161

	==================================================================================
	Q1:
		Shape: Ellipse
		q_c:	212.5	19.5	132.0
		ub :	216.2841	23.5277	135.277
		lb :	208.7159	15.4723	128.723
		P^-1:
			0.167	0.0142	-0.0195
			0.0142	0.1886	-0.0394
			-0.0195	-0.0394	0.2144
	==================================================================================
	Q2:
		Shape: Polyhedra
		q_c:	215.5	22.0	122.5
		ub :	219.7237	25.2827	125.7839
		lb :	211.2763	18.7173	119.2161
		A:
			-0.4614	-0.7542	-0.4673
			0.4086	0.4379	0.8008
			0.7956	0.5183	0.3136
			0.4547	0.153	0.8774
			-0.5483	-0.3402	-0.7639
			0.0084	-0.9938	-0.1105
			0.5349	0.3135	0.7846
			-0.8404	0.2932	0.4558
			-0.0872	-0.9032	0.4203
			-0.5349	-0.3135	-0.7846
			0.8404	-0.2932	-0.4558
			0.0872	0.9032	-0.4203
		b:
			-172.1085
			196.6383
			223.1852
			209.5172
			-218.7221
			-31.2624
			218.7804
			-114.3258
			14.8293
			-217.7804
			123.3258
			-10.8293
	==================================================================================
	Q3:
		Shape: Ellipse
		q_c:	213.0	16.0	125.5
		ub :	216.8373	20.7002	129.3878
		lb :	209.1627	11.2998	121.6122
		P^-1:
			0.5913	0.1396	0.4285
			0.1396	0.1259	0.1031
			0.4285	0.1031	0.4755
	==================================================================================
	Q4:
		Shape: Polyhedra
		q_c:	213.5	21.0	128.0
		ub :	217.866	24.9217	132.8121
		lb :	209.134	17.0783	123.1879
		A:
			-0.0803	-0.9879	0.1325
			0.4172	0.0312	0.9083
			-0.6495	-0.4617	-0.6041
			0.1357	0.9899	0.0418
			-0.8308	0.5185	-0.2024
			-0.9033	-0.1813	0.3888
			0.6645	0.2574	0.7016
			-0.7464	0.275	0.606
			-0.037	-0.9264	0.3748
			-0.6645	-0.2574	-0.7016
			0.7464	-0.275	-0.606
			0.037	0.9264	-0.3748
		b:
			-18.4179
			208.5651
			-223.1885
			57.6579
			-189.4427
			-143.6213
			239.5729
			-72.5141
			23.1284
			-234.5729
			79.5141
			-18.1284
	==================================================================================
	Q5:
		Shape: Hybrid
		q_c:	222.0	16.0	131.0
		ub :	225.1598	19.1354	134.641
		lb :	218.8402	12.8646	127.359
		P^-1:
			0.4919	0.3552	0.2061
			0.3552	0.5402	0.2206
			0.2061	0.2206	0.288
		A:
			0.9025	0.3934	0.1754
			-0.7789	0.395	0.4872
			0.6597	0.5503	-0.5119
			-0.8177	-0.3186	-0.4794
			0.2864	0.2185	0.9329
			0.4319	0.6434	0.6321
		b:
			230.5321
			-100.7735
			89.8051
			-248.5737
			190.7212
			189.6948
	==================================================================================
	Q6:
		Shape: Ellipse
		q_c:	213.0	14.0	130.5
		ub :	218.7813	19.3424	134.4558
		lb :	207.2187	8.6576	126.5442
		P^-1:
			0.0731	-0.0093	0.0075
			-0.0093	0.0725	0.0024
			0.0075	0.0024	0.1096


===========================================================================================
===========================================================================================
S8:
	q_c:	534.0	196.0	364.5
	ub :	550.771	221.6668	378.2154
	lb :	517.4047	174.61	347.1001

	==================================================================================
	Q1:
		Shape: Ellipse
		q_c:	538.0	208.0	354.5
		ub :	542.6709	212.6492	361.8999
		lb :	533.3291	203.3508	347.1001
		P^-1:
			0.136	-0.0916	-0.0029
			-0.0916	0.1758	0.0095
			-0.0029	0.0095	0.0211
	==================================================================================
	Q2:
		Shape: Ellipse
		q_c:	527.0	190.5	358.5
		ub :	536.5953	201.3826	369.8782
		lb :	517.4047	179.6174	347.1218
		P^-1:
			0.0371	-0.0184	0.0157
			-0.0184	0.0325	-0.0092
			0.0157	-0.0092	0.0271
	==================================================================================
	Q3:
		Shape: Hybrid
		q_c:	545.5	183.5	358.5
		ub :	550.771	190.3749	365.7879
		lb :	540.229	176.6251	351.2121
		P^-1:
			0.0497	-0.002	-0.0006
			-0.002	0.0527	0.0137
			-0.0006	0.0137	0.0426
		A:
			-0.2262	-0.8944	-0.3858
			0.7059	-0.0895	0.7026
			0.7595	0.366	0.5378
			-0.1692	0.5159	-0.8398
			-0.5356	-0.8442	0.0199
			0.6701	-0.6953	0.2599
		b:
			-423.6656
			623.4016
			676.6957
			-295.2633
			-437.3324
			333.8666
	==================================================================================
	Q4:
		Shape: Hybrid
		q_c:	527.5	211.5	359.0
		ub :	536.1236	221.6668	364.9196
		lb :	518.8764	201.3332	353.0804
		P^-1:
			0.0754	0.0214	0.0594
			0.0214	0.0215	0.018
			0.0594	0.018	0.11
		A:
			0.4064	0.3477	0.845
			-0.3644	0.5526	-0.7496
			0.8486	0.1623	0.5036
			-0.1762	-0.3154	-0.9325
			-0.6417	-0.5667	-0.5168
			-0.3747	-0.2494	-0.893
		b:
			593.1288
			-339.8819
			664.6982
			-491.8489
			-641.2505
			-569.3043
	==================================================================================
	Q5:
		Shape: Hybrid
		q_c:	542.5	207.0	371.5
		ub :	549.4611	214.1176	378.2154
		lb :	535.5389	199.8824	364.7846
		P^-1:
			0.031	0.0101	0.0077
			0.0101	0.062	0.019
			0.0077	0.019	0.0564
		A:
			-0.3291	0.7965	0.5072
			-0.5295	-0.7775	-0.3392
			-0.3184	-0.9244	-0.2102
			0.182	0.7069	0.6835
			0.0195	-0.0277	-0.9994
			0.4859	-0.8393	-0.244
		b:
			177.4562
			-572.0806
			-440.0519
			500.7721
			-363.7431
			2.4788
	==================================================================================
	Q6:
		Shape: Hybrid
		q_c:	532.0	187.0	361.0
		ub :	544.6687	199.39	370.4396
		lb :	519.3313	174.61	351.5604
		P^-1:
			0.0155	-0.0052	0.0003
			-0.0052	0.0149	-0.0005
			0.0003	-0.0005	0.0139
		A:
			-0.9019	-0.0151	-0.4318
			-0.7726	-0.0363	0.6339
			-0.1124	0.312	-0.9434
			0.9358	-0.2018	-0.289
			-0.3884	0.5678	0.7258
			0.8894	-0.0413	-0.4553
		b:
			-633.4432
			-183.8155
			-337.1836
			360.2907
			166.0717
			306.0743


===========================================================================================
===========================================================================================
S9:
	q_c:	513.5	349.0	458.5
	ub :	521.5651	356.8339	469.5546
	lb :	506.4083	338.4344	452.0265

	==================================================================================
	Q1:
		Shape: Ellipse
		q_c:	509.5	343.5	459.5
		ub :	512.5917	348.5656	463.7843
		lb :	506.4083	338.4344	455.2157
		P^-1:
			0.237	0.043	0.0199
			0.043	0.0975	-0.0373
			0.0199	-0.0373	0.138
	==================================================================================
	Q2:
		Shape: Polyhedra
		q_c:	516.5	344.0	466.0
		ub :	521.1726	349.0225	469.5546
		lb :	511.8274	338.9775	462.4454
		A:
			0.014	-0.1692	0.9855
			-0.1467	-0.3263	-0.9338
			-0.1228	0.3358	0.9339
			0.9263	0.3299	-0.1821
			-0.1436	-0.8782	0.4562
			-0.3422	-0.2877	-0.8945
			0.7444	0.604	0.2846
			-0.0551	-0.3692	0.9277
			0.6655	-0.7063	-0.2415
			-0.7444	-0.604	-0.2846
			0.0551	0.3692	-0.9277
			-0.6655	0.7063	0.2415
		b:
			410.338
			-620.5879
			489.9853
			510.0571
			-161.0834
			-689.9714
			727.9034
			278.8399
			-8.2877
			-721.9034
			-274.8399
			15.2877
	==================================================================================
	Q3:
		Shape: Hybrid
		q_c:	513.5	349.5	454.5
		ub :	516.8407	352.6308	456.9735
		lb :	510.1593	346.3692	452.0265
		P^-1:
			0.2761	0.1957	0.165
			0.1957	0.5061	0.3395
			0.165	0.3395	0.6278
		A:
			0.3562	0.93	-0.0902
			-0.0532	0.268	-0.9619
			0.254	0.9159	0.3108
			0.554	0.6445	0.527
			-0.3725	-0.6415	-0.6706
			-0.8212	0.1127	-0.5594
		b:
			468.1972
			-369.4824
			592.688
			749.8748
			-719.7861
			-634.9735
	==================================================================================
	Q4:
		Shape: Polyhedra
		q_c:	515.0	352.0	463.5
		ub :	518.9762	356.8339	468.209
		lb :	511.0238	347.1661	458.791
		A:
			0.0345	0.737	-0.675
			-0.574	0.4576	0.6791
			-0.9084	0.2379	-0.3437
			0.7691	-0.3941	0.5031
			-0.8543	-0.3784	0.3565
			0.6742	0.4602	-0.5777
			0.3265	0.7942	0.5126
			0.8588	-0.0228	-0.5117
			-0.3947	0.6073	-0.6895
			-0.3265	-0.7942	-0.5126
			-0.8588	0.0228	0.5117
			0.3947	-0.6073	0.6895
		b:
			-33.4593
			183.1468
			-541.1292
			492.7408
			-405.3593
			243.7241
			689.7503
			199.096
			-307.1059
			-680.7503
			-195.096
			311.1059
	==================================================================================
	Q5:
		Shape: Polyhedra
		q_c:	517.0	351.5	460.5
		ub :	520.2048	354.5078	464.2894
		lb :	513.7952	348.4922	456.7106
		A:
			-0.4912	-0.2941	-0.8199
			0.7066	-0.5923	0.3872
			-0.854	0.0837	-0.5135
			0.0361	-0.7725	-0.634
			0.0098	-0.8007	0.5989
			0.2225	0.973	-0.062
			0.0791	0.9755	0.2052
			0.641	0.1078	-0.7599
			-0.7634	0.1916	-0.6168
			-0.0791	-0.9755	-0.2052
			-0.641	-0.1078	0.7599
			0.7634	-0.1916	0.6168
		b:
			-733.125
			336.8921
			-647.4061
			-542.183
			1.9528
			431.0873
			480.7767
			22.8913
			-610.3729
			-475.7767
			-15.8913
			612.3729
	==================================================================================
	Q6:
		Shape: Polyhedra
		q_c:	517.5	344.5	462.0
		ub :	521.5651	348.7547	466.5697
		lb :	513.4349	340.2453	457.4303
		A:
			0.4695	-0.8504	0.2377
			-0.9596	-0.2814	-0.0069
			-0.2356	-0.5626	0.7925
			-0.6941	0.5973	0.4019
			0.8873	0.3408	0.3106
			-0.3834	0.0169	0.9234
			0.6986	0.3429	0.6281
			-0.7121	0.4193	0.5631
			-0.0703	-0.8406	0.537
			-0.6986	-0.3429	-0.6281
			0.7121	-0.4193	-0.5631
			0.0703	0.8406	-0.537
		b:
			62.6497
			-594.09
			53.0302
			35.7135
			722.3215
			237.1333
			771.7836
			39.5986
			-75.3499
			-767.7836
			-32.5986
			80.3499


===========================================================================================
===========================================================================================
S10:
	q_c:	516.5	162.5	492.0
	ub :	522.0716	167.5093	497.0916
	lb :	512.3088	158.3692	487.6261

	==================================================================================
	Q1:
		Shape: Ellipse
		q_c:	517.5	161.0	492.5
		ub :	520.2028	163.6308	495.3508
		lb :	514.7972	158.3692	489.6492
		P^-1:
			0.3987	-0.0664	-0.0489
			-0.0664	0.3481	-0.071
			-0.0489	-0.071	0.3921
	==================================================================================
	Q2:
		Shape: Ellipse
		q_c:	514.5	163.5	494.5
		ub :	516.6912	165.9651	497.0916
		lb :	512.3088	161.0349	491.9084
		P^-1:
			0.6026	0.2393	0.2876
			0.2393	0.5371	0.1017
			0.2876	0.1017	0.5547
	==================================================================================
	Q3:
		Shape: Hybrid
		q_c:	519.5	164.5	490.5
		ub :	522.0716	167.5093	493.3739
		lb :	516.9284	161.4907	487.6261
		P^-1:
			0.2802	-0.0492	-0.0504
			-0.0492	0.3302	0.0821
			-0.0504	0.0821	0.334
		A:
			0.6637	0.5875	-0.463
			-0.1157	-0.9213	-0.3713
			-0.8094	0.2011	-0.5518
			-0.9822	0.1726	0.074
			-0.0842	0.7493	0.6569
			-0.5813	0.8081	0.0954
		b:
			215.5646
			-392.8226
			-656.7989
			-444.4795
			402.5251
			-121.3212
	==================================================================================
	Q4:
		Shape: Hybrid
		q_c:	519.0	164.5	493.5
		ub :	522.0003	166.8937	496.0594
		lb :	515.9997	162.1063	490.9406
		P^-1:
			0.45	-0.3506	0.0875
			-0.3506	0.7749	0.0863
			0.0875	0.0863	0.3795
		A:
			0.0899	-0.9863	-0.138
			0.9739	-0.0738	-0.2146
			-0.5476	0.6026	0.5805
			-0.3815	0.8178	-0.4309
			0.7743	-0.6329	-0.0024
			0.4325	-0.6984	-0.5703
		b:
			-182.8909
			388.9648
			102.2983
			-275.3424
			297.2405
			-171.0797
	==================================================================================
	Q5:
		Shape: Hybrid
		q_c:	519.5	164.5	495.0
		ub :	520.9163	165.6897	496.4418
		lb :	518.0837	163.3103	493.5582
		P^-1:
			1.0	0.0	0.0
			0.0	1.0	0.0
			0.0	0.0	1.0
		A:
			0.2648	0.3155	0.9112
			-0.4834	0.66	0.5751
			0.9154	-0.0681	0.3968
			0.8956	-0.2347	-0.3778
			-0.9863	0.0762	0.1463
			0.575	-0.5303	0.623
		b:
			641.0219
			142.6165
			661.2679
			240.1236
			-426.9451
			520.359
	==================================================================================
	Q6:
		Shape: Ellipse
		q_c:	516.5	163.0	494.5
		ub :	518.3328	164.9291	496.5743
		lb :	514.6672	161.0709	492.4257
		P^-1:
			0.6795	0.0681	0.2659
			0.0681	0.4642	0.0771
			0.2659	0.0771	0.7452


===========================================================================================
===========================================================================================
S11:
	q_c:	182.5	325.0	74.5
	ub :	198.5014	341.9908	91.825
	lb :	171.0821	307.6428	64.6132

	==================================================================================
	Q1:
		Shape: Ellipse
		q_c:	192.0	327.5	75.0
		ub :	198.5014	332.6002	80.7085
		lb :	185.4986	322.3998	69.2915
		P^-1:
			0.0623	0.0053	0.0149
			0.0053	0.0802	-0.0041
			0.0149	-0.0041	0.0701
	==================================================================================
	Q2:
		Shape: Ellipse
		q_c:	175.5	318.0	69.0
		ub :	179.9179	322.6041	73.3868
		lb :	171.0821	313.3959	64.6132
		P^-1:
			0.1138	0.009	-0.0067
			0.009	0.1407	-0.0222
			-0.0067	-0.0222	0.1277
	==================================================================================
	Q3:
		Shape: Hybrid
		q_c:	180.0	330.5	77.0
		ub :	185.1224	336.0313	79.9437
		lb :	174.8776	324.9687	74.0563
		P^-1:
			0.1344	0.034	-0.1293
			0.034	0.063	-0.0546
			-0.1293	-0.0546	0.378
		A:
			0.4132	0.5329	-0.7384
			0.6907	-0.3524	-0.6315
			-0.9227	0.0722	0.3788
			0.5825	0.5612	-0.588
			0.2061	0.237	-0.9494
			-0.304	-0.2366	0.9228
		b:
			195.0702
			-38.5365
			-110.86
			246.7021
			43.2632
			-61.0308
	==================================================================================
	Q4:
		Shape: Polyhedra
		q_c:	179.0	316.0	84.5
		ub :	186.7245	324.3572	91.825
		lb :	171.2755	307.6428	77.175
		A:
			-0.0461	-0.0121	0.9989
			0.6963	0.7085	0.115
			-0.4814	-0.7677	0.423
			-0.7156	0.185	0.6736
			-0.0358	-0.9523	0.3031
			-0.7746	0.2347	-0.5873
			0.4681	0.565	0.6794
			-0.8353	0.5338	0.1317
			-0.2883	-0.6292	0.7218
			-0.4681	-0.565	-0.6794
			0.8353	-0.5338	-0.1317
			0.2883	0.6292	-0.7218
		b:
			77.118
			362.9203
			-288.073
			-7.7557
			-276.7786
			-109.3207
			324.2434
			35.2727
			-184.4332
			-315.2434
			-25.2727
			194.4332
	==================================================================================
	Q5:
		Shape: Hybrid
		q_c:	186.0	324.5	77.0
		ub :	193.1609	330.7893	83.7313
		lb :	178.8391	318.2107	70.2687
		P^-1:
			0.0576	-0.0139	0.0022
			-0.0139	0.0728	-0.0036
			0.0022	-0.0036	0.0499
		A:
			-0.9367	0.3396	0.0853
			-0.2674	-0.9404	0.2102
			0.9767	0.0145	0.2143
			-0.2571	-0.6568	-0.7089
			-0.5566	-0.8298	0.0401
			0.885	-0.4656	-0.0044
		b:
			-55.242
			-336.4106
			205.3864
			-312.8926
			-367.1322
			15.25
	==================================================================================
	Q6:
		Shape: Hybrid
		q_c:	181.5	336.0	75.5
		ub :	184.8705	341.9908	80.7324
		lb :	178.1295	330.0092	70.2676
		P^-1:
			0.1108	-0.0043	-0.0025
			-0.0043	0.0583	-0.0308
			-0.0025	-0.0308	0.0931
		A:
			0.7857	-0.2469	-0.5672
			-0.5279	-0.0451	0.8481
			-0.5672	0.8227	-0.0378
			0.4207	0.3554	-0.8347
			0.4321	-0.2462	0.8675
			0.6498	-0.7365	0.1876
		b:
			18.7932
			-45.1287
			173.1105
			134.2768
			62.867
			-113.2737


===========================================================================================
===========================================================================================
