3D_35_9_6_e                l = 3

===========================================================================================
===========================================================================================
S1:
	q_c:	74.0	189.0	60.0
	ub :	81.9668	197.8305	64.041
	lb :	70.1097	183.324	53.7879

	==================================================================================
	Q1:
		Shape: Polyhedra
		q_c:	76.5	195.0	62.0
		ub :	79.7641	197.8305	64.041
		lb :	73.2359	192.1695	59.959
		A:
			0.1132	-0.6098	0.7845
			0.2627	-0.7489	-0.6084
			0.4105	0.6212	-0.6675
			-0.3431	-0.1178	0.9319
			-0.606	-0.2573	0.7527
			0.2661	-0.4726	-0.8402
			0.1202	0.3838	0.9156
			-0.8663	0.4909	-0.092
			-0.4848	-0.7821	0.3915
			-0.1202	-0.3838	-0.9156
			0.8663	-0.4909	0.092
			0.4848	0.7821	-0.3915
		b:
			-59.8522
			-161.6296
			112.2191
			9.9473
			-48.3859
			-122.0862
			142.2938
			26.7404
			-164.3323
			-139.2938
			-20.7404
			166.3323
	==================================================================================
	Q2:
		Shape: Polyhedra
		q_c:	73.0	187.0	57.5
		ub :	75.8903	190.676	60.8845
		lb :	70.1097	183.324	54.1155
		A:
			0.8285	-0.5211	0.2053
			-0.8945	0.422	-0.1478
			0.8274	0.4583	0.3246
			0.8092	-0.4022	-0.4282
			0.2333	-0.8961	-0.3776
			0.6948	0.2596	-0.6707
			0.6736	0.6904	0.2638
			0.7372	-0.602	-0.3067
			-0.0529	0.4011	-0.9145
			-0.6736	-0.6904	-0.2638
			-0.7372	0.602	0.3067
			0.0529	-0.4011	0.9145
		b:
			-23.5661
			6.7348
			167.6761
			-39.586
			-170.3778
			62.9859
			196.4499
			-75.4007
			21.0558
			-190.4499
			77.4007
			-16.0558
	==================================================================================
	Q3:
		Shape: Polyhedra
		q_c:	76.5	188.5	59.0
		ub :	78.9453	191.1342	62.2081
		lb :	74.0547	185.8658	55.7919
		A:
			-0.3709	-0.4279	0.8242
			0.6198	-0.7081	0.3385
			-0.8209	0.3702	-0.4349
			0.0335	0.0652	-0.9973
			0.8413	-0.4215	0.3385
			0.3209	-0.9281	-0.1888
			0.1919	0.4487	0.8728
			0.0017	0.8892	-0.4575
			-0.9814	0.0893	0.1699
			-0.1919	-0.4487	-0.8728
			-0.0017	-0.8892	0.4575
			0.9814	-0.0893	-0.1699
		b:
			-58.5522
			-64.3742
			-16.7161
			-41.7276
			6.7929
			-159.6291
			153.2584
			142.2582
			-46.2134
			-148.2584
			-139.2582
			50.2134
	==================================================================================
	Q4:
		Shape: Ellipse
		q_c:	79.0	190.5	60.0
		ub :	81.9668	193.5808	62.2018
		lb :	76.0332	187.4192	57.7982
		P^-1:
			0.2529	0.0061	-0.0228
			0.0061	0.2626	-0.0475
			-0.0228	-0.0475	0.4289
	==================================================================================
	Q5:
		Shape: Hybrid
		q_c:	78.0	187.0	60.0
		ub :	80.5958	190.0168	62.7239
		lb :	75.4042	183.9832	57.2761
		P^-1:
			0.25	0.0	-0.0
			0.0	0.25	0.0
			-0.0	0.0	0.25
		A:
			-0.7868	0.4786	-0.3897
			0.4215	-0.1441	-0.8953
			-0.733	0.3845	-0.5611
			-0.8396	-0.4701	0.2722
			0.1608	0.0627	0.985
			-0.3754	-0.9179	-0.1283
		b:
			5.7468
			-46.7925
			-17.9321
			-136.0732
			84.3759
			-207.6335
	==================================================================================
	Q6:
		Shape: Ellipse
		q_c:	78.5	187.5	56.0
		ub :	80.9602	188.7895	58.2121
		lb :	76.0398	186.2105	53.7879
		P^-1:
			0.4375	-0.6145	0.4501
			-0.6145	2.9243	-1.5134
			0.4501	-1.5134	1.3327


===========================================================================================
===========================================================================================
S2:
	q_c:	165.0	440.5	426.0
	ub :	193.6357	458.7965	451.3988
	lb :	140.7048	419.0904	405.4871

	==================================================================================
	Q1:
		Shape: Hybrid
		q_c:	153.5	437.0	415.5
		ub :	165.5619	445.7921	425.5129
		lb :	141.4381	428.2079	405.4871
		P^-1:
			0.0306	0.0286	-0.0075
			0.0286	0.0655	0.0072
			-0.0075	0.0072	0.0277
		A:
			-0.6414	-0.5886	0.4921
			-0.6622	-0.655	0.3639
			0.7024	0.7023	-0.1157
			0.6318	0.6024	-0.4878
			0.1818	-0.2941	0.9383
			-0.2604	-0.8678	0.4232
		b:
			-148.6218
			-234.364
			368.9231
			160.1318
			295.9551
			-239.7104
	==================================================================================
	Q2:
		Shape: Ellipse
		q_c:	183.0	436.0	426.5
		ub :	193.6357	444.5918	436.4123
		lb :	172.3643	427.4082	416.5877
		P^-1:
			0.0426	0.0325	0.0254
			0.0325	0.0604	0.0333
			0.0254	0.0333	0.0437
	==================================================================================
	Q3:
		Shape: Hybrid
		q_c:	168.5	431.0	441.0
		ub :	176.139	442.9096	451.3988
		lb :	160.861	419.0904	430.6012
		P^-1:
			0.0447	0.0114	0.0048
			0.0114	0.0169	0.0001
			0.0048	0.0001	0.018
		A:
			-0.3734	0.4298	-0.8221
			0.7271	0.4615	-0.5083
			-0.713	-0.7005	-0.0299
			-0.456	0.839	0.2969
			0.711	0.659	0.2453
			0.8078	-0.2137	0.5493
		b:
			-235.1002
			100.9831
			-431.9605
			422.4363
			515.2653
			290.1433
	==================================================================================
	Q4:
		Shape: Polyhedra
		q_c:	157.5	440.0	427.5
		ub :	167.0771	445.9043	430.6943
		lb :	147.9229	434.0957	424.3057
		A:
			-0.2216	0.0721	-0.9725
			0.0563	0.44	-0.8962
			-0.5354	0.2454	0.8082
			-0.042	-0.4335	0.9002
			-0.0137	-0.526	0.8504
			0.0404	0.4074	-0.9124
			0.0141	0.9919	0.1265
			-0.0002	0.1265	-0.992
			-0.9999	0.014	0.002
			-0.0141	-0.9919	-0.1265
			0.0002	-0.1265	0.992
			0.9999	-0.014	-0.002
		b:
			-415.6749
			-177.6869
			374.9215
			190.4302
			133.1587
			-201.5357
			498.2219
			-365.9274
			-140.9954
			-487.2219
			370.9274
			159.9954
	==================================================================================
	Q5:
		Shape: Hybrid
		q_c:	178.5	452.0	436.0
		ub :	184.4324	458.7965	439.6819
		lb :	172.5676	445.2035	432.3181
		P^-1:
			0.0717	-0.0249	0.0121
			-0.0249	0.0582	-0.0503
			0.0121	-0.0503	0.2348
		A:
			-0.3522	0.8521	-0.3871
			-0.3558	-0.605	0.7123
			-0.3882	-0.2404	-0.8897
			-0.3474	-0.1346	0.928
			0.5609	-0.2625	0.7851
			-0.4769	0.5563	-0.6806
		b:
			156.1497
			-23.8489
			-563.3614
			283.2077
			325.3822
			-128.8675
	==================================================================================
	Q6:
		Shape: Hybrid
		q_c:	148.5	443.0	440.0
		ub :	156.2952	448.0695	447.8061
		lb :	140.7048	437.9305	432.1939
		P^-1:
			0.0359	0.0286	0.0114
			0.0286	0.1401	0.0364
			0.0114	0.0364	0.0449
		A:
			-0.6393	-0.7661	0.0662
			-0.0049	0.7765	0.6301
			-0.6471	-0.7243	-0.2381
			0.051	-0.727	-0.6848
			0.4484	-0.5312	-0.7189
			0.7135	0.671	0.2015
		b:
			-402.5595
			622.5712
			-519.4903
			-613.4345
			-481.3451
			494.4161


===========================================================================================
===========================================================================================
S3:
	q_c:	159.0	211.5	518.0
	ub :	167.1307	222.756	527.4223
	lb :	149.1807	204.224	511.0448

	==================================================================================
	Q1:
		Shape: Hybrid
		q_c:	162.5	206.5	517.5
		ub :	164.2475	207.8176	518.5778
		lb :	160.7525	205.1824	516.4222
		P^-1:
			0.9151	-0.1341	-1.1693
			-0.1341	0.9739	0.0149
			-1.1693	0.0149	3.5554
		A:
			-0.1868	-0.1565	0.9698
			-0.6532	0.1464	0.7429
			0.1065	-0.5547	0.8252
			0.208	-0.9684	0.138
			0.0516	-0.1446	0.9881
			0.1596	0.706	-0.69
		b:
			439.5299
			308.9536
			330.366
			-94.0137
			490.3649
			-184.806
	==================================================================================
	Q2:
		Shape: Hybrid
		q_c:	159.0	211.5	521.0
		ub :	164.251	214.2392	526.2243
		lb :	153.749	208.7608	515.7757
		P^-1:
			0.0911	-0.0253	0.0287
			-0.0253	0.2411	-0.0227
			0.0287	-0.0227	0.0913
		A:
			-0.3537	0.856	-0.3771
			0.7006	-0.5529	0.4512
			0.402	-0.2896	0.8686
			0.2143	-0.8742	0.4357
			-0.9225	-0.0052	-0.3859
			0.0333	-0.097	0.9947
		b:
			-70.5729
			231.0731
			457.1211
			77.3427
			-346.69
			505.4758
	==================================================================================
	Q3:
		Shape: Polyhedra
		q_c:	154.0	214.0	522.5
		ub :	158.8193	216.9224	527.4223
		lb :	149.1807	211.0776	517.5777
		A:
			-0.6855	-0.1836	-0.7045
			0.3766	-0.9262	0.016
			-0.8669	0.4445	0.2257
			-0.0442	-0.5466	-0.8362
			-0.5128	0.8585	0.0044
			0.6966	0.6971	-0.1697
			0.6596	0.0809	0.7473
			-0.6039	-0.5349	0.591
			0.4475	-0.8411	-0.3039
			-0.6596	-0.0809	-0.7473
			0.6039	0.5349	-0.591
			-0.4475	0.8411	0.3039
		b:
			-508.9877
			-130.1255
			81.7483
			-557.6942
			108.8491
			170.5317
			513.3339
			103.8108
			-268.3766
			-505.3339
			-98.8108
			271.3766
	==================================================================================
	Q4:
		Shape: Hybrid
		q_c:	154.5	217.0	514.5
		ub :	158.0688	220.8597	517.9552
		lb :	150.9312	213.1403	511.0448
		P^-1:
			0.251	0.0656	0.1206
			0.0656	0.1155	0.0827
			0.1206	0.0827	0.3195
		A:
			-0.6255	0.7802	-0.0079
			0.6811	0.6302	0.3727
			0.7317	0.6606	0.1678
			-0.0879	-0.3895	-0.9168
			0.9583	0.2838	0.032
			-0.204	0.0731	-0.9762
		b:
			71.143
			435.0157
			344.2515
			-568.7219
			227.5118
			-516.6464
	==================================================================================
	Q5:
		Shape: Polyhedra
		q_c:	163.0	218.0	521.0
		ub :	167.1307	222.756	525.9434
		lb :	158.8693	213.244	516.0566
		A:
			-0.9106	-0.0255	-0.4126
			0.4561	-0.6028	0.6547
			-0.1695	-0.54	-0.8244
			0.3719	0.8919	0.2574
			-0.3784	0.1877	-0.9064
			0.9943	0.0034	-0.1061
			0.8421	0.1403	0.5208
			-0.3404	-0.6107	0.7149
			0.4184	-0.7793	-0.4665
			-0.8421	-0.1403	-0.5208
			0.3404	0.6107	-0.7149
			-0.4184	0.7793	0.4665
		b:
			-366.8823
			286.9504
			-572.2141
			392.014
			-490.2786
			110.0701
			441.1775
			187.3329
			-341.7645
			-437.1775
			-180.3329
			347.7645
	==================================================================================
	Q6:
		Shape: Polyhedra
		q_c:	159.0	208.5	519.5
		ub :	162.5618	212.776	524.1153
		lb :	155.4382	204.224	514.8847
		A:
			0.4671	-0.8048	-0.3662
			0.6098	0.3532	-0.7095
			-0.5032	0.8092	0.3033
			-0.8923	-0.1494	-0.4259
			-0.9352	0.1412	-0.3247
			-0.3754	0.049	0.9256
			0.1937	0.5163	0.8342
			-0.1918	0.8539	-0.4839
			-0.9621	-0.0663	0.2644
			-0.1937	-0.5163	-0.8342
			0.1918	-0.8539	0.4839
			0.9621	0.0663	-0.2644
		b:
			-280.9067
			-195.2758
			249.1274
			-391.5638
			-285.2673
			434.2036
			574.8268
			-100.8303
			-26.9436
			-568.8268
			106.8303
			31.9436


===========================================================================================
===========================================================================================
S4:
	q_c:	78.5	127.5	210.5
	ub :	94.8139	146.1614	230.5734
	lb :	64.8862	108.8584	194.7802

	==================================================================================
	Q1:
		Shape: Hybrid
		q_c:	77.5	117.0	218.0
		ub :	85.2877	125.1416	224.7336
		lb :	69.7123	108.8584	211.2664
		P^-1:
			0.0636	-0.0237	-0.0147
			-0.0237	0.0504	-0.0193
			-0.0147	-0.0193	0.0697
		A:
			0.5817	-0.7273	-0.3642
			0.2481	-0.6101	0.7525
			-0.5629	0.796	0.2227
			-0.6774	-0.4037	0.615
			-0.731	0.3058	-0.61
			-0.5895	0.638	0.4954
		b:
			-117.0195
			113.6501
			100.4423
			36.8014
			-151.1717
			139.32
	==================================================================================
	Q2:
		Shape: Hybrid
		q_c:	77.5	133.5	221.0
		ub :	80.7665	136.6817	228.7544
		lb :	74.2335	130.3183	213.2456
		P^-1:
			0.7302	-0.4038	0.0713
			-0.4038	0.3737	-0.0384
			0.0713	-0.0384	0.0249
		A:
			0.7717	-0.6317	0.0731
			0.9617	-0.2139	0.1713
			-0.9694	0.1945	-0.1498
			-0.9822	0.1492	-0.1144
			-0.9992	-0.0079	0.0403
			-0.7284	0.684	0.0399
		b:
			-7.8219
			84.8348
			-81.2874
			-80.4342
			-67.9503
			44.5563
	==================================================================================
	Q3:
		Shape: Hybrid
		q_c:	73.0	128.5	204.5
		ub :	81.1138	133.4988	210.7625
		lb :	64.8862	123.5012	198.2375
		P^-1:
			0.0231	0.0121	0.0032
			0.0121	0.1059	-0.0149
			0.0032	-0.0149	0.0519
		A:
			-0.1343	-0.6851	0.7159
			0.2409	-0.6867	-0.6859
			-0.569	-0.5899	0.573
			0.6731	0.739	-0.027
			0.2613	0.9524	-0.1572
			0.7998	0.3949	0.4522
		b:
			50.6329
			-207.4971
			3.0668
			141.6818
			110.9307
			205.5676
	==================================================================================
	Q4:
		Shape: Hybrid
		q_c:	84.5	130.5	220.5
		ub :	92.6969	136.1913	227.7181
		lb :	76.3031	124.8087	213.2819
		P^-1:
			0.0441	0.009	0.0384
			0.009	0.0447	0.0152
			0.0384	0.0152	0.0827
		A:
			0.2627	-0.9306	0.2548
			0.7506	0.5881	0.3013
			-0.6068	-0.471	-0.6403
			-0.6869	-0.1602	-0.7089
			-0.819	0.5185	-0.2459
			0.6144	0.788	-0.0386
		b:
			-39.5568
			209.673
			-252.0724
			-233.4556
			-51.8956
			150.1025
	==================================================================================
	Q5:
		Shape: Ellipse
		q_c:	90.5	125.0	203.5
		ub :	94.8139	132.6661	212.2198
		lb :	86.1861	117.3339	194.7802
		P^-1:
			0.1094	0.0089	0.0077
			0.0089	0.0635	-0.0294
			0.0077	-0.0294	0.0355
	==================================================================================
	Q6:
		Shape: Hybrid
		q_c:	82.0	137.0	222.5
		ub :	88.5325	146.1614	230.5734
		lb :	75.4675	127.8386	214.4266
		P^-1:
			0.0392	-0.0033	0.0013
			-0.0033	0.0262	0.0035
			0.0013	0.0035	0.0313
		A:
			-0.0238	-0.3385	-0.9407
			0.0135	-0.5933	-0.8048
			-0.8473	-0.4589	0.2674
			-0.826	-0.5601	0.0623
			0.6854	0.0931	-0.7222
			-0.4561	0.2675	-0.8488
		b:
			-254.6102
			-256.229
			-69.571
			-127.3192
			-88.5806
			-186.4677


===========================================================================================
===========================================================================================
S5:
	q_c:	376.5	463.0	14.5
	ub :	382.615	471.5772	23.5788
	lb :	371.4867	458.6116	8.5206

	==================================================================================
	Q1:
		Shape: Polyhedra
		q_c:	380.0	462.0	11.5
		ub :	382.615	464.7182	14.4794
		lb :	377.385	459.2818	8.5206
		A:
			-0.7715	0.2004	-0.6039
			0.1439	0.9833	-0.1111
			0.8375	-0.546	0.0225
			0.4341	-0.8935	-0.1151
			-0.1975	-0.7689	-0.6081
			0.4995	0.7385	0.4529
			0.3228	0.649	0.6889
			-0.1275	0.7511	-0.6478
			-0.9378	0.1213	0.3252
			-0.3228	-0.649	-0.6889
			0.1275	-0.7511	0.6478
			0.9378	-0.1213	-0.3252
		b:
			-205.6504
			509.5499
			68.2587
			-247.2801
			-435.7474
			537.7628
			431.9321
			293.0864
			-294.6027
			-428.9321
			-289.0864
			298.6027
	==================================================================================
	Q2:
		Shape: Polyhedra
		q_c:	379.0	464.0	16.0
		ub :	381.6359	465.9615	18.1106
		lb :	376.3641	462.0385	13.8894
		A:
			0.7308	0.6105	0.3052
			-0.9187	-0.2657	-0.292
			0.0857	0.8519	0.5166
			0.2553	-0.7143	0.6516
			-0.2236	0.5838	-0.7805
			0.3772	-0.8957	-0.2354
			0.2004	0.9795	0.0189
			0.9245	-0.1827	-0.3345
			-0.3242	0.0845	-0.9422
			-0.2004	-0.9795	-0.0189
			-0.9245	0.1827	0.3345
			0.3242	-0.0845	0.9422
		b:
			566.7744
			-474.4121
			437.5833
			-222.7582
			175.1578
			-274.7279
			532.2642
			262.2611
			-97.2246
			-529.2642
			-258.2611
			100.2246
	==================================================================================
	Q3:
		Shape: Ellipse
		q_c:	377.0	462.5	14.0
		ub :	378.9683	464.4222	15.6514
		lb :	375.0317	460.5778	12.3486
		P^-1:
			0.4444	-0.0	0.0
			-0.0	0.4444	-0.0
			0.0	-0.0	0.4444
	==================================================================================
	Q4:
		Shape: Polyhedra
		q_c:	375.0	469.0	14.5
		ub :	378.5133	471.5772	17.8988
		lb :	371.4867	466.4228	11.1012
		A:
			-0.9935	0.1053	0.0422
			-0.0686	-0.9815	0.1785
			0.2646	-0.6477	0.7145
			0.0562	0.611	-0.7896
			-0.2762	0.9033	0.3283
			-0.4997	0.7075	0.4998
			0.7179	0.2324	0.6562
			-0.1894	0.9723	-0.1371
			-0.6699	-0.0258	0.742
			-0.7179	-0.2324	-0.6562
			0.1894	-0.9723	0.1371
			0.6699	0.0258	-0.742
		b:
			-320.373
			-481.4817
			-192.0612
			298.2472
			326.8755
			153.6854
			390.2277
			384.9879
			-250.5544
			-385.2277
			-380.9879
			254.5544
	==================================================================================
	Q5:
		Shape: Ellipse
		q_c:	378.5	462.0	20.0
		ub :	380.9979	465.3884	23.5788
		lb :	376.0021	458.6116	16.4212
		P^-1:
			0.4141	-0.075	0.0134
			-0.075	0.2581	0.0494
			0.0134	0.0494	0.1334
	==================================================================================
	Q6:
		Shape: Ellipse
		q_c:	376.5	463.5	13.5
		ub :	379.8531	466.5925	15.8612
		lb :	373.1469	460.4075	11.1388
		P^-1:
			0.2279	-0.1538	-0.0525
			-0.1538	0.5104	-0.2972
			-0.0525	-0.2972	0.8173


===========================================================================================
===========================================================================================
S6:
	q_c:	166.5	272.0	460.0
	ub :	168.4567	276.2951	464.0906
	lb :	162.6717	269.0641	456.2173

	==================================================================================
	Q1:
		Shape: Polyhedra
		q_c:	166.5	270.5	463.0
		ub :	167.9352	271.9359	464.0906
		lb :	165.0648	269.0641	461.9094
		A:
			-0.406	0.3107	-0.8595
			0.3359	-0.1312	-0.9327
			0.864	0.0259	-0.5029
			0.527	-0.3942	-0.7529
			0.1413	-0.1984	0.9699
			0.9224	-0.2037	-0.3283
			0.5461	0.4228	0.7232
			-0.5912	-0.417	0.6903
			0.5935	-0.8045	0.0222
			-0.5461	-0.4228	-0.7232
			0.5912	0.417	-0.6903
			-0.5935	0.8045	-0.0222
		b:
			-380.5632
			-410.6723
			-81.3172
			-366.6835
			419.7317
			-52.7167
			541.131
			108.8664
			-107.5208
			-539.131
			-107.8664
			109.5208
	==================================================================================
	Q2:
		Shape: Ellipse
		q_c:	166.5	274.5	460.5
		ub :	168.4144	276.2951	462.5632
		lb :	164.5856	272.7049	458.4368
		P^-1:
			0.7839	0.1037	0.2502
			0.1037	0.4761	0.0765
			0.2502	0.0765	0.6288
	==================================================================================
	Q3:
		Shape: Ellipse
		q_c:	165.0	271.5	461.0
		ub :	166.2403	273.3666	462.7033
		lb :	163.7597	269.6334	459.2967
		P^-1:
			3.2723	0.9068	1.095
			0.9068	0.8984	0.0939
			1.095	0.0939	1.2738
	==================================================================================
	Q4:
		Shape: Ellipse
		q_c:	165.5	274.5	461.0
		ub :	166.9798	276.1051	462.6798
		lb :	164.0202	272.8949	459.3202
		P^-1:
			0.9989	-0.0034	0.0248
			-0.0034	0.9896	0.0752
			0.0248	0.0752	0.456
	==================================================================================
	Q5:
		Shape: Ellipse
		q_c:	165.0	272.5	461.5
		ub :	167.3283	275.0514	463.7077
		lb :	162.6717	269.9486	459.2923
		P^-1:
			0.4444	-0.0	0.0
			-0.0	0.4444	-0.0
			0.0	-0.0	0.4444
	==================================================================================
	Q6:
		Shape: Polyhedra
		q_c:	166.0	272.5	458.5
		ub :	168.4567	275.0778	460.7827
		lb :	163.5433	269.9222	456.2173
		A:
			-0.8782	0.4639	-0.1166
			-0.8901	0.2756	-0.363
			-0.0609	0.1208	-0.9908
			0.5764	0.263	0.7737
			-0.1248	0.9811	0.1477
			0.8615	-0.0926	-0.4992
			0.8071	0.5779	0.1211
			0.3733	-0.6583	0.6536
			0.4574	-0.4823	-0.7471
			-0.8071	-0.5779	-0.1211
			-0.3733	0.6583	-0.6536
			-0.4574	0.4823	0.7471
		b:
			-71.3236
			-237.6163
			-429.9778
			523.585
			315.8544
			-109.6254
			348.4583
			183.7534
			-396.5429
			-345.4583
			-180.7534
			399.5429


===========================================================================================
===========================================================================================
S7:
	q_c:	444.5	84.5	177.0
	ub :	457.0763	101.5942	195.5443
	lb :	426.5974	64.3701	165.562

	==================================================================================
	Q1:
		Shape: Hybrid
		q_c:	450.5	86.0	184.5
		ub :	455.1428	93.1499	191.9406
		lb :	445.8572	78.8501	177.0594
		P^-1:
			0.0622	0.0015	0.0024
			0.0015	0.0424	-0.008
			0.0024	-0.008	0.0403
		A:
			-0.7006	-0.2518	0.6676
			0.3405	0.7039	-0.6234
			0.7335	0.6718	-0.1036
			0.1359	-0.3705	0.9188
			0.5018	-0.3434	-0.7939
			0.1909	0.8836	0.4275
		b:
			-211.626
			101.3439
			371.4217
			201.5568
			53.2698
			244.1548
	==================================================================================
	Q2:
		Shape: Polyhedra
		q_c:	440.0	91.5	186.5
		ub :	448.1271	95.8761	195.5443
		lb :	431.8729	87.1239	177.4557
		A:
			-0.4302	-0.6919	0.5799
			0.231	-0.953	-0.1959
			-0.8828	0.0502	0.4671
			0.8264	-0.1709	-0.5365
			0.8573	-0.4452	-0.2584
			0.8486	-0.3547	-0.3925
			0.5908	0.0263	0.8064
			-0.7755	-0.2571	0.5766
			0.2225	-0.966	-0.1315
			-0.5908	-0.0263	-0.8064
			0.7755	0.2571	-0.5766
			-0.2225	0.966	0.1315
		b:
			-140.9468
			-18.6062
			-293.479
			251.0403
			292.2376
			271.1824
			421.2481
			-254.2318
			-11.5109
			-404.2481
			260.2318
			18.5109
	==================================================================================
	Q3:
		Shape: Polyhedra
		q_c:	448.5	73.0	188.5
		ub :	457.0763	81.6299	194.3061
		lb :	439.9237	64.3701	182.6939
		A:
			0.5013	-0.2096	-0.8395
			-0.9262	-0.363	0.1023
			0.2402	0.5492	-0.8004
			0.5247	0.3605	-0.7712
			-0.4069	0.0981	-0.9082
			0.6586	-0.5369	-0.5273
			0.5396	0.7799	0.3173
			0.2748	0.1931	-0.9419
			-0.7958	0.5954	-0.1101
			-0.5396	-0.7799	-0.3173
			-0.2748	-0.1931	0.9419
			0.7958	-0.5954	0.1101
		b:
			55.3116
			-417.105
			0.85
			120.1548
			-341.9625
			161.7382
			364.7394
			-36.7029
			-328.7204
			-352.7394
			43.7029
			339.7204
	==================================================================================
	Q4:
		Shape: Ellipse
		q_c:	432.5	95.5	171.5
		ub :	438.4026	101.5942	177.438
		lb :	426.5974	89.4058	165.562
		P^-1:
			0.0926	0.0123	0.0226
			0.0123	0.067	0.012
			0.0226	0.012	0.0634
	==================================================================================
	Q5:
		Shape: Ellipse
		q_c:	436.5	84.0	177.0
		ub :	441.3838	91.5124	186.2968
		lb :	431.6162	76.4876	167.7032
		P^-1:
			0.217	-0.0332	-0.0745
			-0.0332	0.0489	-0.0006
			-0.0745	-0.0006	0.0491
	==================================================================================
	Q6:
		Shape: Hybrid
		q_c:	448.0	83.5	177.0
		ub :	450.9997	87.6864	182.8543
		lb :	445.0003	79.3136	171.1457
		P^-1:
			0.2441	-0.0072	-0.0344
			-0.0072	0.0628	0.0006
			-0.0344	0.0006	0.0387
		A:
			0.8807	0.1036	-0.4623
			-0.8108	0.4914	-0.3181
			-0.7853	0.3925	0.4789
			0.6434	0.5642	0.5174
			0.2318	0.609	-0.7586
			-0.897	0.3828	0.2209
		b:
			322.9662
			-376.0968
			-232.3077
			430.1915
			24.0977
			-329.4163


===========================================================================================
===========================================================================================
S8:
	q_c:	292.5	168.0	84.5
	ub :	308.5862	182.1791	95.4183
	lb :	280.6996	151.7581	67.034

	==================================================================================
	Q1:
		Shape: Hybrid
		q_c:	293.5	161.5	91.0
		ub :	298.9899	167.4571	95.4183
		lb :	288.0101	155.5429	86.5817
		P^-1:
			0.072	0.0167	-0.0002
			0.0167	0.0996	0.0777
			-0.0002	0.0777	0.2094
		A:
			-0.5996	-0.3124	-0.7368
			-0.3747	0.3505	0.8583
			-0.1966	-0.8322	-0.5184
			0.0755	-0.1383	0.9875
			0.8973	-0.1697	0.4076
			-0.2052	-0.1405	-0.9686
		b:
			-291.7122
			26.1172
			-237.6243
			91.6453
			276.0639
			-169.5667
	==================================================================================
	Q2:
		Shape: Ellipse
		q_c:	302.0	171.0	76.5
		ub :	308.5862	176.9386	82.9697
		lb :	295.4138	165.0614	70.0303
		P^-1:
			0.0758	-0.0263	0.0021
			-0.0263	0.0874	-0.0131
			0.0021	-0.0131	0.0598
	==================================================================================
	Q3:
		Shape: Hybrid
		q_c:	289.5	175.5	82.5
		ub :	296.9783	182.1791	88.6591
		lb :	282.0217	168.8209	76.3409
		P^-1:
			0.0591	-0.0124	0.0304
			-0.0124	0.0757	0.0229
			0.0304	0.0229	0.0858
		A:
			-0.4	0.8227	0.404
			0.4323	-0.3185	0.8436
			-0.5357	-0.5595	-0.6324
			0.0746	-0.9934	0.0873
			-0.913	-0.296	-0.2806
			0.0956	0.0705	0.9929
		b:
			63.8693
			140.8824
			-303.6133
			-142.9659
			-336.4643
			124.2533
	==================================================================================
	Q4:
		Shape: Hybrid
		q_c:	292.0	159.5	74.0
		ub :	297.9202	166.5059	80.966
		lb :	286.0798	152.4941	67.034
		P^-1:
			0.0744	-0.0114	0.0073
			-0.0114	0.0545	-0.0033
			0.0073	-0.0033	0.0515
		A:
			0.6171	-0.7494	-0.2402
			-0.6583	-0.3511	-0.6659
			-0.1182	-0.2325	0.9654
			0.2397	-0.8708	-0.4294
			-0.6044	0.793	-0.0768
			0.3475	0.4587	0.8178
		b:
			45.0593
			-295.0866
			2.5501
			-98.1121
			-53.6562
			237.794
	==================================================================================
	Q5:
		Shape: Polyhedra
		q_c:	292.0	163.5	90.0
		ub :	297.3889	167.757	95.2961
		lb :	286.6111	159.243	84.7039
		A:
			-0.477	-0.8735	0.0976
			-0.2592	-0.9187	0.2981
			-0.4094	-0.1689	0.8966
			0.1589	-0.957	0.2427
			-0.2503	-0.6924	0.6767
			0.0119	0.9312	-0.3643
			0.2688	0.4761	0.8373
			-0.962	0.0897	0.2578
			0.0476	-0.8748	0.4821
			-0.2688	-0.4761	-0.8373
			0.962	-0.0897	-0.2578
			-0.0476	0.8748	-0.4821
		b:
			-270.1712
			-196.3229
			-62.826
			-85.5832
			-122.5212
			125.4645
			235.1846
			-238.5369
			-83.2411
			-228.1846
			247.5369
			88.2411
	==================================================================================
	Q6:
		Shape: Hybrid
		q_c:	288.0	159.0	89.0
		ub :	295.3004	166.2419	95.0037
		lb :	280.6996	151.7581	82.9963
		P^-1:
			0.0543	0.0334	0.0397
			0.0334	0.0747	0.04
			0.0397	0.04	0.1081
		A:
			-0.5955	0.7823	0.1826
			0.0857	0.7143	0.6945
			0.4138	0.8053	0.4246
			-0.5184	-0.722	0.4583
			-0.64	0.0026	-0.7683
			-0.2531	0.8676	0.4281
		b:
			-26.4618
			202.1122
			286.7212
			-220.0585
			-249.9827
			106.5911


===========================================================================================
===========================================================================================
S9:
	q_c:	137.5	28.0	353.5
	ub :	146.9755	40.923	368.7414
	lb :	126.4683	18.4693	342.8676

	==================================================================================
	Q1:
		Shape: Ellipse
		q_c:	131.5	24.5	352.5
		ub :	136.5317	28.725	356.9558
		lb :	126.4683	20.275	348.0442
		P^-1:
			0.1172	0.0644	0.0697
			0.0644	0.2188	-0.0338
			0.0697	-0.0338	0.2134
	==================================================================================
	Q2:
		Shape: Hybrid
		q_c:	135.5	27.5	347.5
		ub :	140.0872	31.7118	352.1324
		lb :	130.9128	23.2882	342.8676
		P^-1:
			0.151	0.1479	0.1411
			0.1479	0.6215	0.4311
			0.1411	0.4311	0.388
		A:
			-0.8193	0.1189	0.5609
			0.4746	0.6598	0.5825
			-0.9142	0.2211	0.3397
			0.0871	-0.9869	-0.1357
			-0.9815	-0.1742	0.079
			-0.4927	-0.6913	-0.5286
		b:
			90.3855
			285.6392
			3.1517
			-60.755
			-107.4882
			-268.6267
	==================================================================================
	Q3:
		Shape: Polyhedra
		q_c:	135.0	29.0	353.0
		ub :	140.2826	33.8592	359.1288
		lb :	129.7174	24.1408	346.8712
		A:
			0.414	0.9073	0.0742
			-0.8258	-0.5361	-0.1754
			0.8535	-0.2342	-0.4656
			0.6518	0.7386	-0.1722
			0.4261	0.8063	-0.4104
			0.3446	0.9354	0.0788
			0.7053	0.7039	0.0841
			0.2469	-0.1326	-0.9599
			-0.6645	0.6978	-0.2673
			-0.7053	-0.7039	-0.0841
			-0.2469	0.1326	0.9599
			0.6645	-0.6978	0.2673
		b:
			110.5098
			-187.1713
			-51.4937
			50.5432
			-61.0414
			103.7968
			146.8344
			-304.3732
			-159.3327
			-143.8344
			314.3732
			168.3327
	==================================================================================
	Q4:
		Shape: Polyhedra
		q_c:	135.5	35.0	356.5
		ub :	138.332	40.923	362.7602
		lb :	132.668	29.077	350.2398
		A:
			0.776	-0.6093	-0.1633
			-0.7982	0.5213	0.3018
			0.7529	-0.6574	0.0312
			-0.8541	0.4426	0.2733
			-0.9583	0.2836	0.0345
			-0.8128	0.47	0.3442
			0.3985	0.8264	0.3978
			-0.0646	0.4579	-0.8866
			-0.9149	0.3276	0.2359
			-0.3985	-0.8264	-0.3978
			0.0646	-0.4579	0.8866
			0.9149	-0.3276	-0.2359
		b:
			27.2754
			19.049
			92.4311
			-1.6921
			-106.236
			30.2939
			228.7344
			-303.8126
			-27.4026
			-220.7344
			313.8126
			29.4026
	==================================================================================
	Q5:
		Shape: Ellipse
		q_c:	137.5	27.0	363.0
		ub :	144.0568	33.2913	368.7414
		lb :	130.9432	20.7087	357.2586
		P^-1:
			0.0666	-0.002	-0.0076
			-0.002	0.0635	0.0037
			-0.0076	0.0037	0.0766
	==================================================================================
	Q6:
		Shape: Ellipse
		q_c:	143.0	22.0	356.5
		ub :	146.9755	25.5307	360.4042
		lb :	139.0245	18.4693	352.5958
		P^-1:
			0.1981	-0.046	0.0245
			-0.046	0.2038	-0.0038
			0.0245	-0.0038	0.1192


===========================================================================================
===========================================================================================
