3D_35_9_6_b                l = 3

===========================================================================================
===========================================================================================
S1:
	q_c:	525.5	309.0	200.5
	ub :	547.9323	334.1546	219.7182
	lb :	503.5164	281.8449	185.4888

	==================================================================================
	Q1:
		Shape: Ellipse
		q_c:	516.0	312.0	208.0
		ub :	528.4072	325.223	219.7182
		lb :	503.5928	298.777	196.2818
		P^-1:
			0.0187	-0.0036	-0.0032
			-0.0036	0.0166	0.0018
			-0.0032	0.0018	0.0178
	==================================================================================
	Q2:
		Shape: Hybrid
		q_c:	524.0	321.0	200.5
		ub :	530.3652	329.8672	208.6193
		lb :	517.6348	312.1328	192.3807
		P^-1:
			0.0287	-0.0054	0.0067
			-0.0054	0.0507	-0.0468
			0.0067	-0.0468	0.0734
		A:
			-0.0822	0.5204	-0.8499
			-0.3675	-0.7889	0.4926
			0.4847	-0.6497	0.5856
			-0.331	-0.3031	0.8936
			-0.413	-0.5718	0.7089
			-0.0749	-0.6661	0.7421
		b:
			-44.7745
			-343.9691
			165.1254
			-88.6062
			-255.3395
			-102.6247
	==================================================================================
	Q3:
		Shape: Ellipse
		q_c:	535.0	300.0	196.5
		ub :	546.6959	312.1337	202.0823
		lb :	523.3041	287.8663	190.9177
		P^-1:
			0.0158	-0.0025	-0.0141
			-0.0025	0.0169	0.02
			-0.0141	0.02	0.1046
	==================================================================================
	Q4:
		Shape: Ellipse
		q_c:	535.0	294.5	206.5
		ub :	547.9323	307.1551	216.3952
		lb :	522.0677	281.8449	196.6048
		P^-1:
			0.0109	0.0027	-0.0015
			0.0027	0.0237	-0.0164
			-0.0015	-0.0164	0.0387
	==================================================================================
	Q5:
		Shape: Polyhedra
		q_c:	526.5	324.0	196.5
		ub :	534.4927	334.1546	205.2049
		lb :	518.5073	313.8454	187.7951
		A:
			0.251	0.677	0.6919
			-0.3598	0.8463	0.3929
			0.6269	-0.7788	-0.0226
			0.9549	0.2966	-0.0114
			-0.3603	-0.1285	-0.9239
			0.0125	-0.4523	-0.8918
			0.366	0.5044	0.7821
			-0.8944	0.4228	0.1459
			-0.2571	-0.7529	0.6059
			-0.366	-0.5044	-0.7821
			0.8944	-0.4228	-0.1459
			0.2571	0.7529	-0.6059
		b:
			491.6129
			166.9961
			78.9049
			602.2602
			-408.1258
			-310.8584
			513.8139
			-300.2271
			-252.2243
			-505.8139
			310.2271
			268.2243
	==================================================================================
	Q6:
		Shape: Hybrid
		q_c:	513.5	310.0	198.0
		ub :	523.4836	322.1476	210.5112
		lb :	503.5164	297.8524	185.4888
		P^-1:
			0.0224	0.0044	-0.0019
			0.0044	0.0243	0.0151
			-0.0019	0.0151	0.0253
		A:
			0.2118	-0.2537	-0.9438
			0.3253	-0.8337	-0.4462
			-0.3353	0.5948	0.7306
			0.8581	-0.4908	-0.151
			-0.839	0.0848	-0.5375
			0.6787	0.4886	0.5483
		b:
			-152.832
			-175.8535
			159.6994
			263.8205
			-504.8377
			611.9722


===========================================================================================
===========================================================================================
S2:
	q_c:	452.5	456.0	460.5
	ub :	477.8197	485.5123	489.6664
	lb :	426.0932	432.3919	437.8456

	==================================================================================
	Q1:
		Shape: Polyhedra
		q_c:	442.5	449.0	447.5
		ub :	458.9068	465.6081	457.1544
		lb :	426.0932	432.3919	437.8456
		A:
			0.5569	-0.1404	-0.8187
			0.2543	-0.494	0.8315
			0.7358	0.1552	0.6592
			-0.3248	-0.2347	0.9162
			-0.9741	0.0702	-0.2149
			0.2072	-0.9717	0.1132
			0.1672	0.2037	0.9647
			-0.7724	0.6351	-0.0003
			-0.6127	-0.745	0.2635
			-0.1672	-0.2037	-0.9647
			0.7724	-0.6351	0.0003
			0.6127	0.745	-0.2635
		b:
			-173.8709
			271.8198
			698.9622
			169.6901
			-485.0794
			-282.9529
			604.1226
			-45.7306
			-476.7394
			-590.1226
			67.7306
			498.7394
	==================================================================================
	Q2:
		Shape: Polyhedra
		q_c:	461.0	471.5	473.0
		ub :	477.8197	485.5123	489.6664
		lb :	444.1803	457.4877	456.3336
		A:
			0.1176	-0.9798	0.1617
			0.7808	0.5867	-0.2149
			0.6839	0.536	-0.495
			0.3481	0.7634	-0.5441
			-0.9258	0.0546	-0.374
			0.9137	-0.2905	-0.2841
			0.621	0.7317	0.281
			0.5755	-0.669	0.4704
			0.5321	-0.1304	-0.8366
			-0.621	-0.7317	-0.281
			-0.5755	0.669	-0.4704
			-0.5321	0.1304	0.8366
		b:
			-321.7694
			543.6712
			343.6656
			272.8426
			-568.5398
			160.7607
			771.6857
			182.8296
			-200.3608
			-756.6857
			-161.8296
			223.3608
	==================================================================================
	Q3:
		Shape: Ellipse
		q_c:	447.0	466.0	463.0
		ub :	455.7697	474.3581	471.9585
		lb :	438.2303	457.6419	454.0415
		P^-1:
			0.0301	-0.0021	-0.0078
			-0.0021	0.0183	0.0028
			-0.0078	0.0028	0.033
	==================================================================================
	Q4:
		Shape: Ellipse
		q_c:	464.0	474.5	473.0
		ub :	471.8827	484.3006	480.0731
		lb :	456.1173	464.6994	465.9269
		P^-1:
			0.0324	0.0029	-0.0037
			0.0029	0.0222	0.0094
			-0.0037	0.0094	0.0457
	==================================================================================
	Q5:
		Shape: Ellipse
		q_c:	451.0	450.0	476.0
		ub :	461.716	460.0139	486.5726
		lb :	440.284	439.9861	465.4274
		P^-1:
			0.0271	0.0053	0.0012
			0.0053	0.0264	0.0032
			0.0012	0.0032	0.0237
	==================================================================================
	Q6:
		Shape: Hybrid
		q_c:	463.0	474.0	460.5
		ub :	473.1944	482.4443	471.0159
		lb :	452.8056	465.5557	449.9841
		P^-1:
			0.0231	0.001	0.0045
			0.001	0.0301	0.0025
			0.0045	0.0025	0.0281
		A:
			0.4271	-0.8385	0.3384
			-0.9637	0.1035	-0.246
			0.1838	0.0315	-0.9825
			0.2919	-0.9024	-0.317
			-0.9711	0.2286	0.0691
			0.8394	-0.2259	0.4943
		b:
			-40.6079
			-506.7861
			-348.8351
			-435.3908
			-305.4136
			512.5927


===========================================================================================
===========================================================================================
S3:
	q_c:	523.0	43.0	481.0
	ub :	549.4703	63.8719	503.3474
	lb :	505.3118	28.0466	451.9839

	==================================================================================
	Q1:
		Shape: Polyhedra
		q_c:	526.5	48.0	463.0
		ub :	537.1641	55.272	474.0161
		lb :	515.8359	40.728	451.9839
		A:
			0.8549	0.188	0.4835
			-0.2303	0.2809	0.9317
			0.7115	0.2039	-0.6725
			-0.5082	-0.8157	0.2762
			-0.0603	0.3183	0.9461
			0.3381	-0.8916	-0.3014
			0.6028	0.0352	0.7971
			-0.6606	0.5823	0.4738
			-0.4475	-0.8122	0.3743
			-0.6028	-0.0352	-0.7971
			0.6606	-0.5823	-0.4738
			0.4475	0.8122	-0.3743
		b:
			690.9993
			330.135
			78.0898
			-173.7568
			428.6156
			0.6863
			696.6209
			-95.5023
			-96.3124
			-679.6209
			105.5023
			106.3124
	==================================================================================
	Q2:
		Shape: Hybrid
		q_c:	528.5	34.5	469.5
		ub :	535.1873	40.9534	479.1478
		lb :	521.8127	28.0466	459.8522
		P^-1:
			0.0327	-0.0002	-0.0025
			-0.0002	0.0329	-0.0018
			-0.0025	-0.0018	0.0144
		A:
			-0.7588	0.1055	0.6427
			-0.6675	0.7352	-0.118
			0.4153	0.9066	-0.0746
			0.175	-0.8872	-0.427
			-0.7784	0.6275	0.0205
			0.4993	0.647	-0.5762
		b:
			-91.8461
			-379.9894
			218.4982
			-135.0194
			-377.3564
			19.1125
	==================================================================================
	Q3:
		Shape: Hybrid
		q_c:	510.5	42.5	481.0
		ub :	515.6882	47.3551	486.5181
		lb :	505.3118	37.6449	475.4819
		P^-1:
			0.0815	-0.0014	0.0003
			-0.0014	0.0632	0.0033
			0.0003	0.0033	0.081
		A:
			0.3569	0.9338	0.0266
			0.0598	0.746	0.6633
			0.3405	-0.0738	-0.9374
			-0.7168	-0.1222	-0.6865
			-0.7339	0.2193	0.6429
			0.9803	-0.1975	0.0013
		b:
			236.8663
			383.2052
			-278.4451
			-699.5692
			-54.3821
			494.4316
	==================================================================================
	Q4:
		Shape: Ellipse
		q_c:	538.5	56.0	472.5
		ub :	549.4703	63.8719	477.1238
		lb :	527.5297	48.1281	467.8762
		P^-1:
			0.0203	0.0251	0.0013
			0.0251	0.0713	-0.0005
			0.0013	-0.0005	0.0816
	==================================================================================
	Q5:
		Shape: Ellipse
		q_c:	519.5	52.5	495.5
		ub :	527.418	55.3654	503.3474
		lb :	511.582	49.6346	487.6526
		P^-1:
			0.0466	0.0732	0.0044
			0.0732	0.4295	0.024
			0.0044	0.024	0.0345
	==================================================================================
	Q6:
		Shape: Ellipse
		q_c:	515.0	45.5	484.5
		ub :	524.0097	54.0121	492.6915
		lb :	505.9903	36.9879	476.3085
		P^-1:
			0.0301	-0.0095	-0.0098
			-0.0095	0.0447	-0.0048
			-0.0098	-0.0048	0.0444


===========================================================================================
===========================================================================================
S4:
	q_c:	430.0	269.0	113.0
	ub :	438.685	284.3156	130.152
	lb :	420.2299	250.7321	101.4051

	==================================================================================
	Q1:
		Shape: Hybrid
		q_c:	424.0	273.5	121.0
		ub :	427.7701	276.8664	125.8808
		lb :	420.2299	270.1336	116.1192
		P^-1:
			0.2027	0.0162	0.0798
			0.0162	0.1575	-0.011
			0.0798	-0.011	0.1123
		A:
			-0.9468	-0.3085	0.0918
			-0.8742	-0.3905	-0.2885
			-0.9578	-0.2345	-0.1662
			0.9846	-0.1075	0.1376
			-0.711	0.4391	-0.5493
			-0.1928	0.9233	0.3322
		b:
			-473.0177
			-511.2785
			-489.0878
			406.1806
			-246.6729
			213.0009
	==================================================================================
	Q2:
		Shape: Hybrid
		q_c:	431.0	279.5	109.0
		ub :	438.685	284.3156	116.5949
		lb :	423.315	274.6844	101.4051
		P^-1:
			0.0384	0.0031	0.0034
			0.0031	0.062	0.0015
			0.0034	0.0015	0.0352
		A:
			0.1363	0.5847	0.7997
			0.3303	-0.9301	-0.1607
			-0.233	-0.1872	-0.9543
			0.3127	-0.7506	-0.5821
			-0.6502	0.7523	-0.1062
			-0.7737	-0.5576	-0.3007
		b:
			312.1362
			-132.8038
			-253.6135
			-135.7183
			-78.896
			-519.5228
	==================================================================================
	Q3:
		Shape: Hybrid
		q_c:	431.5	264.5	109.0
		ub :	435.8812	269.7056	112.5342
		lb :	427.1188	259.2944	105.4658
		P^-1:
			0.6258	0.3704	-0.2782
			0.3704	0.3398	-0.012
			-0.2782	-0.012	0.5119
		A:
			0.6836	0.695	0.223
			-0.8391	-0.5218	-0.1536
			-0.341	-0.0026	0.9401
			0.5562	0.1598	-0.8155
			-0.7675	-0.6072	-0.2055
			-0.4126	-0.7789	-0.4723
		b:
			503.8477
			-515.795
			-44.4416
			194.0541
			-513.3544
			-434.409
	==================================================================================
	Q4:
		Shape: Polyhedra
		q_c:	431.0	259.0	122.5
		ub :	436.7803	264.8416	127.6647
		lb :	425.2197	253.1584	117.3353
		A:
			0.8381	0.5426	-0.0558
			-0.5506	0.6531	0.5199
			0.9509	-0.2339	0.2024
			0.1553	-0.9651	-0.2107
			0.5494	0.8324	-0.0734
			-0.0607	0.2587	0.9641
			0.1142	0.8842	0.4529
			-0.9873	0.1517	-0.0474
			-0.1107	-0.4417	0.8903
			-0.1142	-0.8842	-0.4529
			0.9873	-0.1517	0.0474
			0.1107	0.4417	-0.8903
		b:
			499.4538
			-0.0749
			379.0236
			-204.7883
			447.4388
			162.6802
			337.6951
			-387.0258
			-49.5251
			-329.6951
			397.0258
			56.5251
	==================================================================================
	Q5:
		Shape: Hybrid
		q_c:	431.5	257.5	122.5
		ub :	438.6747	264.2679	130.152
		lb :	424.3253	250.7321	114.848
		P^-1:
			0.0346	0.0013	0.0046
			0.0013	0.0493	-0.0004
			0.0046	-0.0004	0.0479
		A:
			0.0221	0.4917	-0.8705
			-0.0315	0.2457	0.9688
			0.0057	0.9516	0.3072
			-0.1904	0.9775	0.0909
			0.933	0.3554	-0.0576
			0.5108	0.7688	0.3847
		b:
			31.8322
			170.7344
			287.4087
			183.0337
			490.0507
			467.8706
	==================================================================================
	Q6:
		Shape: Polyhedra
		q_c:	431.0	268.5	122.0
		ub :	437.5284	271.986	127.6035
		lb :	424.4716	265.014	116.3965
		A:
			0.0476	-0.8421	0.5372
			0.8374	0.3067	0.4525
			-0.9257	0.2314	0.2992
			0.0011	-0.8305	0.5571
			-0.3622	0.6777	-0.6399
			0.3941	-0.9146	0.0903
			0.2482	0.8971	0.3655
			-0.8963	0.0696	0.4379
			0.3674	-0.4363	0.8214
			-0.2482	-0.8971	-0.3655
			0.8963	-0.0696	-0.4379
			-0.3674	0.4363	-0.8214
		b:
			-137.2181
			502.0531
			-294.9302
			-151.6635
			-49.2333
			-61.5694
			394.4472
			-308.7069
			144.409
			-390.4472
			319.7069
			-138.409


===========================================================================================
===========================================================================================
S5:
	q_c:	27.0	26.0	201.5
	ub :	34.0471	34.0335	206.5565
	lb :	18.741	18.1038	195.4567

	==================================================================================
	Q1:
		Shape: Hybrid
		q_c:	30.0	23.0	200.5
		ub :	34.0471	26.7035	204.2886
		lb :	25.9529	19.2965	196.7114
		P^-1:
			0.194	0.0567	0.0377
			0.0567	0.1925	-0.0382
			0.0377	-0.0382	0.2245
		A:
			0.9704	0.2412	-0.0111
			-0.5158	-0.7042	-0.4878
			0.8384	-0.3509	0.4171
			0.6463	-0.6577	0.387
			-0.1291	0.9284	0.3483
			-0.3341	-0.916	-0.2221
		b:
			33.6915
			-128.3485
			102.0839
			83.3464
			89.0455
			-74.3644
	==================================================================================
	Q2:
		Shape: Hybrid
		q_c:	24.5	23.0	199.0
		ub :	27.1662	25.5587	201.2507
		lb :	21.8338	20.4413	196.7493
		P^-1:
			0.6996	0.8538	1.0244
			0.8538	1.5447	1.5756
			1.0244	1.5756	2.1657
		A:
			-0.2525	-0.7922	-0.5556
			0.3156	0.6101	0.7268
			-0.4922	-0.6019	-0.6289
			0.5674	0.207	0.797
			0.0122	0.6852	0.7283
			0.2157	0.8151	0.5377
		b:
			-134.4419
			166.6667
			-150.7016
			178.0712
			161.7635
			131.6209
	==================================================================================
	Q3:
		Shape: Polyhedra
		q_c:	23.0	22.5	198.5
		ub :	27.259	26.8962	201.5433
		lb :	18.741	18.1038	195.4567
		A:
			0.9805	-0.1339	-0.1438
			0.0973	0.518	-0.8498
			0.2761	-0.1253	-0.9529
			-0.978	-0.1269	-0.1653
			-0.4029	-0.5906	0.6992
			0.9429	0.3319	0.0284
			0.5	0.7444	0.4426
			0.1257	0.4433	-0.8875
			-0.8569	0.4993	0.1281
			-0.5	-0.7444	-0.4426
			-0.1257	-0.4433	0.8875
			0.8569	-0.4993	-0.1281
		b:
			-6.0538
			-153.2782
			-183.5217
			-55.1677
			117.9998
			37.7175
			119.099
			-161.8133
			19.9501
			-113.099
			164.8133
			-13.9501
	==================================================================================
	Q4:
		Shape: Polyhedra
		q_c:	27.5	27.5	203.0
		ub :	31.3154	30.9276	206.5565
		lb :	23.6846	24.0724	199.4435
		A:
			0.2684	0.9627	-0.0334
			0.052	-0.7588	-0.6492
			0.6544	0.7423	-0.1439
			-0.1732	0.9552	-0.2399
			0.6054	0.7007	-0.3775
			0.6409	0.6163	-0.4576
			0.6146	0.3368	0.7133
			0.7249	-0.5978	-0.3423
			0.3111	0.7275	-0.6115
			-0.6146	-0.3368	-0.7133
			-0.7249	0.5978	0.3423
			-0.3111	-0.7275	0.6115
		b:
			28.9912
			-148.7409
			11.0656
			-25.2625
			-39.0479
			-56.633
			173.4695
			-63.4987
			-94.0777
			-168.4695
			68.4987
			97.0777
	==================================================================================
	Q5:
		Shape: Polyhedra
		q_c:	25.0	26.5	203.5
		ub :	27.4585	27.7027	206.3517
		lb :	22.5415	25.2973	200.6483
		A:
			0.3083	-0.9512	0.0103
			-0.0093	-0.952	0.3059
			0.9438	-0.2997	0.1395
			0.6331	-0.7064	0.3166
			-0.0784	0.8246	-0.5603
			0.8883	-0.4357	0.1452
			0.0523	0.9976	0.0445
			0.1761	0.0346	-0.9838
			-0.983	0.0593	-0.1739
			-0.0523	-0.9976	-0.0445
			-0.1761	-0.0346	0.9838
			0.983	-0.0593	0.1739
		b:
			-14.2313
			38.0522
			45.9973
			63.2208
			-92.4516
			42.0929
			37.7959
			-192.3743
			-56.3915
			-35.7959
			197.3743
			60.3915
	==================================================================================
	Q6:
		Shape: Hybrid
		q_c:	30.0	31.5	203.0
		ub :	33.358	34.0335	205.2096
		lb :	26.642	28.9665	200.7904
		P^-1:
			0.2163	-0.0033	-0.2438
			-0.0033	1.6966	-1.7582
			-0.2438	-1.7582	2.6426
		A:
			-0.2523	0.2723	-0.9285
			-0.2543	-0.3831	0.888
			-0.2651	-0.4689	0.8425
			-0.2912	0.3062	-0.9063
			0.0895	0.3717	-0.924
			0.0841	0.6887	-0.7201
		b:
			-186.3341
			160.9955
			148.7407
			-181.9042
			-172.7483
			-121.6404


===========================================================================================
===========================================================================================
S6:
	q_c:	391.5	304.0	503.5
	ub :	407.9174	316.7908	518.8561
	lb :	375.4986	295.6482	490.3718

	==================================================================================
	Q1:
		Shape: Polyhedra
		q_c:	389.0	305.0	498.0
		ub :	396.2699	313.444	504.146
		lb :	381.7301	296.556	491.854
		A:
			-0.4283	0.9017	0.0588
			-0.2669	0.8407	0.4712
			0.7344	-0.6699	-0.1088
			-0.6575	0.4019	-0.6373
			-0.926	0.289	-0.2429
			0.6772	-0.4983	-0.5413
			0.6471	0.7394	0.1861
			0.7619	-0.6364	-0.1208
			0.0291	0.2199	-0.9751
			-0.6471	-0.7394	-0.1861
			-0.7619	0.6364	0.1208
			-0.0291	-0.2199	0.9751
		b:
			141.7668
			392.0915
			30.2191
			-446.3925
			-388.6912
			-154.7756
			577.4034
			45.1201
			-402.6683
			-562.4034
			-39.1201
			411.6683
	==================================================================================
	Q2:
		Shape: Ellipse
		q_c:	390.5	303.0	497.0
		ub :	396.9406	308.0655	502.2653
		lb :	384.0594	297.9345	491.7347
		P^-1:
			0.05	-0.0045	-0.0224
			-0.0045	0.0825	-0.0104
			-0.0224	-0.0104	0.1002
	==================================================================================
	Q3:
		Shape: Hybrid
		q_c:	400.0	302.5	511.0
		ub :	406.0355	307.5489	516.7388
		lb :	393.9645	297.4511	505.2612
		P^-1:
			0.0675	0.0021	0.0159
			0.0021	0.0496	0.0018
			0.0159	0.0018	0.0633
		A:
			-0.2603	0.103	-0.96
			-0.75	-0.6604	0.0383
			0.9116	-0.312	-0.2675
			0.8442	0.5351	-0.0314
			-0.1133	0.8038	-0.584
			0.9279	0.0526	-0.3691
		b:
			-561.4082
			-477.7364
			136.1237
			485.8438
			-98.0335
			200.9813
	==================================================================================
	Q4:
		Shape: Ellipse
		q_c:	387.0	311.5	499.0
		ub :	395.1079	314.8075	507.3609
		lb :	378.8921	308.1925	490.6391
		P^-1:
			0.053	0.0932	-0.0039
			0.0932	0.4223	0.0011
			-0.0039	0.0011	0.0259
	==================================================================================
	Q5:
		Shape: Polyhedra
		q_c:	382.0	310.5	495.5
		ub :	388.5014	316.7908	500.6282
		lb :	375.4986	304.2092	490.3718
		A:
			0.4728	-0.2991	0.8288
			-0.3521	0.7574	-0.5499
			0.58	-0.674	0.4576
			-0.9218	0.2144	-0.3229
			0.2883	-0.0858	-0.9537
			0.6548	-0.5058	-0.5616
			0.53	0.7976	0.2878
			-0.4069	0.537	-0.739
			-0.744	0.2746	0.6092
			-0.53	-0.7976	-0.2878
			0.4069	-0.537	0.739
			0.744	-0.2746	-0.6092
		b:
			500.4649
			-169.7415
			241.0315
			-442.2213
			-385.557
			-181.1265
			598.261
			-353.3294
			106.8833
			-587.261
			356.3294
			-98.8833
	==================================================================================
	Q6:
		Shape: Ellipse
		q_c:	402.0	302.0	513.5
		ub :	407.9174	308.3518	518.8561
		lb :	396.0826	295.6482	508.1439
		P^-1:
			0.2171	0.1222	0.1496
			0.1222	0.111	0.1128
			0.1496	0.1128	0.2066


===========================================================================================
===========================================================================================
S7:
	q_c:	23.0	474.0	64.0
	ub :	36.8455	500.7673	93.9576
	lb :	-8.7892	440.4527	42.0403

	==================================================================================
	Q1:
		Shape: Ellipse
		q_c:	17.0	466.0	47.0
		ub :	21.6869	472.1786	51.9597
		lb :	12.3131	459.8214	42.0403
		P^-1:
			0.0621	-0.0031	0.0006
			-0.0031	0.0413	0.0042
			0.0006	0.0042	0.0617
	==================================================================================
	Q2:
		Shape: Polyhedra
		q_c:	4.5	455.0	69.0
		ub :	17.7892	469.5473	84.6765
		lb :	-8.7892	440.4527	53.3235
		A:
			0.9154	0.3988	0.0552
			-0.5678	-0.6952	-0.4408
			-0.6299	-0.7255	0.2773
			0.4521	0.8917	0.02
			-0.4663	-0.7446	-0.4777
			0.7553	0.6337	-0.1673
			0.7103	0.6858	0.1588
			0.3067	-0.5046	0.8071
			0.6336	-0.5246	-0.5687
			-0.7103	-0.6858	-0.1588
			-0.3067	0.5046	-0.8071
			-0.6336	0.5246	0.5687
		b:
			195.5118
			-343.188
			-306.7402
			415.6373
			-367.5415
			286.425
			331.6722
			-160.5029
			-266.065
			-320.6722
			184.5029
			284.065
	==================================================================================
	Q3:
		Shape: Ellipse
		q_c:	22.0	485.0	86.5
		ub :	28.9282	491.0035	93.9576
		lb :	15.0718	478.9965	79.0424
		P^-1:
			0.1214	-0.1033	0.0108
			-0.1033	0.1656	-0.0082
			0.0108	-0.0082	0.036
	==================================================================================
	Q4:
		Shape: Hybrid
		q_c:	31.0	473.0	72.5
		ub :	36.8455	486.6883	86.6624
		lb :	25.1545	459.3117	58.3376
		P^-1:
			0.1056	0.0049	0.0225
			0.0049	0.0101	0.0008
			0.0225	0.0008	0.0145
		A:
			0.9811	-0.1734	0.0861
			-0.6202	0.5568	-0.5526
			0.9949	0.0949	0.0352
			-0.9071	-0.4102	-0.0942
			0.9498	-0.1255	0.2867
			-0.696	-0.6684	-0.2625
		b:
			-42.8904
			210.0053
			80.334
			-225.7635
			-7.1675
			-351.3575
	==================================================================================
	Q5:
		Shape: Polyhedra
		q_c:	22.5	465.5	61.5
		ub :	32.2197	475.6513	69.4964
		lb :	12.7803	455.3487	53.5036
		A:
			0.3539	-0.5314	-0.7697
			0.8754	0.2747	-0.3977
			0.5813	0.5102	-0.6338
			0.3324	-0.4782	-0.8129
			-0.1017	-0.8017	-0.589
			-0.2155	0.8469	0.4862
			0.7843	0.6043	0.1402
			0.5026	-0.7514	0.4275
			0.3637	-0.2648	-0.8931
			-0.7843	-0.6043	-0.1402
			-0.5026	0.7514	-0.4275
			-0.3637	0.2648	0.8931
		b:
			-281.9587
			128.2853
			217.019
			-260.4741
			-406.4489
			424.953
			313.0863
			-304.6967
			-165.5078
			-302.0863
			319.6967
			174.5078
	==================================================================================
	Q6:
		Shape: Polyhedra
		q_c:	7.5	491.0	56.5
		ub :	16.1628	500.7673	61.3002
		lb :	-1.1628	481.2327	51.6998
		A:
			0.175	-0.3605	0.9162
			0.5694	0.1406	-0.8099
			0.1887	0.3786	-0.9061
			-0.5067	0.861	0.0437
			-0.9231	0.3773	-0.0741
			0.4108	-0.7605	0.5029
			0.4912	0.8356	0.246
			0.8637	-0.4306	-0.2619
			-0.1129	0.3411	-0.9332
			-0.4912	-0.8356	-0.246
			-0.8637	0.4306	0.2619
			0.1129	-0.3411	0.9332
		b:
			-122.4099
			31.3563
			138.5724
			427.2394
			179.0543
			-337.9187
			436.3652
			-214.7428
			115.4032
			-419.3652
			224.7428
			-112.4032


===========================================================================================
===========================================================================================
S8:
	q_c:	403.5	62.0	398.0
	ub :	415.4547	90.4934	430.8789
	lb :	372.2431	46.9857	374.4525

	==================================================================================
	Q1:
		Shape: Ellipse
		q_c:	400.5	82.0	410.0
		ub :	408.7183	90.4934	417.948
		lb :	392.2817	73.5066	402.052
		P^-1:
			0.0391	0.0041	-0.0007
			0.0041	0.0218	0.003
			-0.0007	0.003	0.0395
	==================================================================================
	Q2:
		Shape: Hybrid
		q_c:	392.0	62.5	394.0
		ub :	402.248	73.2399	403.8012
		lb :	381.752	51.7601	384.1988
		P^-1:
			0.0278	0.0027	0.0043
			0.0027	0.0252	0.0037
			0.0043	0.0037	0.0241
		A:
			0.1891	0.7101	0.6782
			0.6512	-0.7344	-0.1914
			-0.1461	0.9242	-0.3529
			0.8309	-0.5256	0.1829
			-0.9186	0.364	0.1542
			-0.1412	-0.6449	-0.7511
		b:
			388.8128
			137.6973
			-134.59
			368.5207
			-272.9045
			-388.468
	==================================================================================
	Q3:
		Shape: Ellipse
		q_c:	386.5	76.0	386.5
		ub :	400.7569	87.0197	398.5475
		lb :	372.2431	64.9803	374.4525
		P^-1:
			0.0138	-0.0137	0.0053
			-0.0137	0.0465	-0.0199
			0.0053	-0.0199	0.0244
	==================================================================================
	Q4:
		Shape: Ellipse
		q_c:	400.0	68.5	403.0
		ub :	412.2319	77.2096	416.038
		lb :	387.7681	59.7904	389.962
		P^-1:
			0.0238	0.0149	0.0044
			0.0149	0.0398	0.0034
			0.0044	0.0034	0.0105
	==================================================================================
	Q5:
		Shape: Polyhedra
		q_c:	401.5	51.5	416.5
		ub :	415.4547	56.0143	430.8789
		lb :	387.5453	46.9857	402.1211
		A:
			0.8156	-0.573	-0.0803
			-0.0547	0.9922	0.1121
			-0.0656	-0.9451	-0.3202
			0.1251	0.9677	0.2188
			-0.241	-0.9524	0.1866
			-0.2934	-0.9551	0.0426
			0.1684	0.9839	0.06
			0.7708	-0.0935	-0.6302
			-0.6145	0.1523	-0.7741
			-0.1684	-0.9839	-0.06
			-0.7708	0.0935	0.6302
			0.6145	-0.1523	0.7741
		b:
			273.2565
			78.6665
			-205.1168
			193.7524
			-64.9749
			-146.8352
			145.2452
			50.6514
			-549.7761
			-141.2452
			-33.6514
			572.7761
	==================================================================================
	Q6:
		Shape: Hybrid
		q_c:	394.0	59.5	386.0
		ub :	404.1168	68.829	393.1837
		lb :	383.8832	50.171	378.8163
		P^-1:
			0.0293	0.0042	-0.0147
			0.0042	0.0292	0.0081
			-0.0147	0.0081	0.0548
		A:
			-0.7435	0.6681	-0.0276
			0.3955	0.5513	-0.7346
			0.7339	0.3347	0.5911
			0.114	-0.9006	-0.4194
			0.9942	0.0157	0.1063
			0.2147	0.9414	-0.2602
		b:
			-258.7689
			-91.875
			541.3708
			-167.0994
			438.3294
			44.1711


===========================================================================================
===========================================================================================
S9:
	q_c:	333.0	491.0	439.0
	ub :	352.8017	509.5262	456.1276
	lb :	314.7776	470.8776	418.8503

	==================================================================================
	Q1:
		Shape: Polyhedra
		q_c:	325.5	484.5	445.5
		ub :	336.2224	494.4633	456.1276
		lb :	314.7776	474.5367	434.8724
		A:
			0.2352	-0.5406	-0.8077
			0.7189	-0.5636	-0.4068
			0.0979	0.8921	-0.4411
			-0.1657	0.9055	-0.3906
			-0.3097	-0.6904	-0.6538
			0.189	-0.7836	0.5919
			0.8436	0.465	0.2686
			0.1928	0.2045	-0.9597
			-0.5012	0.8614	0.0829
			-0.8436	-0.465	-0.2686
			-0.1928	-0.2045	0.9597
			0.5012	-0.8614	-0.0829
		b:
			-537.8975
			-214.0452
			274.6849
			217.3568
			-719.2977
			-47.3205
			627.0291
			-257.1828
			296.6308
			-612.0291
			274.1828
			-285.6308
	==================================================================================
	Q2:
		Shape: Polyhedra
		q_c:	341.0	500.5	438.0
		ub :	349.7658	509.4801	445.9848
		lb :	332.2342	491.5199	430.0152
		A:
			-0.5564	0.1578	0.8158
			-0.67	-0.1838	0.7193
			-0.5471	0.4872	0.6807
			0.1268	0.4998	-0.8568
			0.5808	0.5366	-0.6122
			0.7102	-0.2262	-0.6666
			0.6919	0.5575	0.4587
			-0.6455	0.1932	0.7389
			0.3233	-0.8074	0.4936
			-0.6919	-0.5575	-0.4587
			0.6455	-0.1932	-0.7389
			-0.3233	0.8074	-0.4936
		b:
			249.1698
			-2.0899
			358.5377
			-77.6764
			203.1349
			-160.422
			723.8981
			202.7203
			-72.6335
			-707.8981
			-197.7203
			82.6335
	==================================================================================
	Q3:
		Shape: Ellipse
		q_c:	331.0	504.0	435.0
		ub :	336.2978	509.5262	439.639
		lb :	325.7022	498.4738	430.361
		P^-1:
			0.0919	0.0227	0.0071
			0.0227	0.08	0.0055
			0.0071	0.0055	0.0642
	==================================================================================
	Q4:
		Shape: Hybrid
		q_c:	341.0	490.0	442.0
		ub :	351.728	499.9288	449.38
		lb :	330.272	480.0712	434.62
		P^-1:
			0.0217	-0.0001	-0.0048
			-0.0001	0.0204	0.0006
			-0.0048	0.0006	0.0387
		A:
			0.141	0.0899	-0.9859
			-0.8156	-0.0854	0.5722
			-0.0193	-0.7196	-0.6941
			0.4541	0.2734	-0.848
			0.4143	0.6286	-0.6582
			-0.8401	-0.0813	0.5363
		b:
			-341.0589
			-63.5876
			-662.3433
			-83.1846
			161.8611
			-85.7045
	==================================================================================
	Q5:
		Shape: Ellipse
		q_c:	324.5	500.5	430.5
		ub :	330.1312	507.8585	436.7922
		lb :	318.8688	493.1415	424.2078
		P^-1:
			0.1225	-0.037	0.0255
			-0.037	0.0472	-0.0347
			0.0255	-0.0347	0.0956
	==================================================================================
	Q6:
		Shape: Polyhedra
		q_c:	344.5	478.0	427.0
		ub :	352.8017	485.1224	435.1497
		lb :	336.1983	470.8776	418.8503
		A:
			0.5552	0.7632	-0.3306
			-0.3418	-0.9385	-0.048
			-0.7204	0.3326	0.6086
			0.256	0.0544	0.9651
			0.8852	-0.2766	0.3742
			0.4378	-0.8981	-0.0424
			0.4711	0.678	0.5642
			0.7213	0.0721	-0.6889
			-0.5077	0.7315	-0.4551
			-0.4711	-0.678	-0.5642
			-0.7213	-0.0721	0.6889
			0.5077	-0.7315	0.4551
		b:
			419.6265
			-582.5211
			175.705
			530.9685
			337.9675
			-291.0131
			730.8129
			-6.2205
			-13.5768
			-723.8129
			16.2205
			25.5768


===========================================================================================
===========================================================================================
