3D_30_20_6_e                l = 3

===========================================================================================
===========================================================================================
S1:
	q_c:    340.0000    287.0000    153.5000
	ub :    370.0000    316.0000    167.0000
	lb :    310.0000    258.0000    140.0000

	==================================================================================
	Q1:
		Shape: Ellipse
		q_c:    342.0000    289.5000    156.0000
		ub :    345.7744    295.3703    159.2351
		lb :    338.2256    283.6297    152.7649
		P^-1: 
			    0.2233    0.0296    0.0380
			    0.0296    0.0377    0.0078
			    0.0380    0.0078    0.1821
	==================================================================================
	Q2:
		Shape: Hybrid
		q_c:    350.5000    283.0000    164.0000
		ub :    360.9284    293.9226    171.5122
		lb :    340.0716    272.0774    156.4878
		P^-1: 
			    0.0217    -0.0020    -0.0035
			    -0.0020    0.0220    -0.0056
			    -0.0035    -0.0056    0.0378
		A:
			    0.7479    -0.2523    0.6140
			    -0.5153    0.2980    0.8035
			    -0.5185    0.8424    -0.1463
			    -0.2737    -0.4955    0.8243
			    0.4638    -0.1430    0.8743
			    -0.3250    0.0600    0.9438
		b:
			    295.2775
			    38.7126
			    36.6144
			    -98.2445
			    268.8202
			    60.5816
	==================================================================================
	Q3:
		Shape: Ellipse
		q_c:    330.0000    299.0000    163.5000
		ub :    334.6717    304.2283    172.8423
		lb :    325.3283    293.7717    154.1577
		P^-1: 
			    0.1548    -0.0923    -0.0173
			    -0.0923    0.1545    0.0205
			    -0.0173    0.0205    0.0155
	==================================================================================
	Q4:
		Shape: Ellipse
		q_c:    344.5000    276.5000    167.5000
		ub :    355.5304    288.6521    178.5743
		lb :    333.4696    264.3479    156.4257
		P^-1: 
			    0.0207    -0.0029    -0.0037
			    -0.0029    0.0215    -0.0053
			    -0.0037    -0.0053    0.0230
	==================================================================================
	Q5:
		Shape: Polyhedra
		q_c:    333.5000    290.0000    147.0000
		ub :    343.4604    298.3912    155.9588
		lb :    323.5396    281.6088    138.0412
		A:
			    0.0462    -0.9901    -0.1329
			    0.3906    0.8780    0.2767
			    -0.9594    -0.1031    0.2626
			    -0.1892    -0.8672    -0.4606
			    0.1577    -0.8648    -0.4767
			    -0.8501    -0.5251    0.0408
			    0.9776    0.1219    0.1713
			    -0.1118    -0.3887    0.9146
			    0.1781    -0.9133    -0.3664
			    -0.9776    -0.1219    -0.1713
			    0.1118    0.3887    -0.9146
			    -0.1781    0.9133    0.3664
		b:
			    -285.6695
			    432.0699
			    -303.1489
			    -376.3057
			    -262.7611
			    -421.7726
			    395.0810
			    -9.5703
			    -253.8144
			    -378.0810
			    21.5703
			    264.8144
	==================================================================================
	Q6:
		Shape: Ellipse
		q_c:    331.0000    284.5000    157.0000
		ub :    340.8154    294.1756    166.8644
		lb :    321.1846    274.8244    147.1356
		P^-1: 
			    0.0216    0.0043    0.0027
			    0.0043    0.0377    -0.0126
			    0.0027    -0.0126    0.0356


===========================================================================================
===========================================================================================
S2:
	q_c:    115.0000    303.0000    117.0000
	ub :    133.0000    310.0000    140.0000
	lb :    97.0000    296.0000    94.0000

	==================================================================================
	Q1:
		Shape: Polyhedra
		q_c:    113.5000    306.0000    112.5000
		ub :    117.1115    310.8970    117.9589
		lb :    109.8885    301.1030    107.0411
		A:
			    0.9769    -0.2137    0.0047
			    -0.9762    0.1817    -0.1183
			    0.6178    -0.7641    -0.1855
			    -0.6848    -0.1193    0.7189
			    -0.5812    -0.2144    0.7850
			    -0.6840    0.7289    0.0303
			    0.3884    0.5331    0.7516
			    -0.9214    0.2320    0.3117
			    -0.0082    -0.8136    0.5813
			    -0.3884    -0.5331    -0.7516
			    0.9214    -0.2320    -0.3117
			    0.0082    0.8136    -0.5813
		b:
			    48.3030
			    -66.0064
			    -182.0843
			    -31.0391
			    -40.8335
			    151.0674
			    296.2709
			    3.4751
			    -182.0049
			    -287.2709
			    0.5249
			    187.0049
	==================================================================================
	Q2:
		Shape: Ellipse
		q_c:    111.0000    297.0000    113.0000
		ub :    115.3538    302.3751    118.5338
		lb :    106.6462    291.6249    107.4662
		P^-1: 
			    0.1861    0.0191    0.0868
			    0.0191    0.0655    0.0134
			    0.0868    0.0134    0.1234
	==================================================================================
	Q3:
		Shape: Polyhedra
		q_c:    118.0000    306.5000    121.5000
		ub :    120.5954    310.6604    126.2648
		lb :    115.4046    302.3396    116.7352
		A:
			    0.8434    0.5143    0.1555
			    -0.1528    -0.5431    0.8256
			    0.0298    0.7630    0.6457
			    0.8873    -0.3991    -0.2312
			    0.9218    0.3492    -0.1685
			    0.4424    0.5235    -0.7282
			    0.0450    0.3636    0.9305
			    -0.9050    0.4093    -0.1161
			    -0.4231    -0.8368    0.3475
			    -0.0450    -0.3636    -0.9305
			    0.9050    -0.4093    0.1161
			    0.4231    0.8368    -0.3475
		b:
			    278.5652
			    -81.1472
			    319.5168
			    -43.8027
			    197.4323
			    127.0657
			    233.8072
			    6.0610
			    -261.6900
			    -225.8072
			    -3.0610
			    266.6900
	==================================================================================
	Q4:
		Shape: Ellipse
		q_c:    118.5000    296.0000    110.5000
		ub :    124.9127    301.0990    117.0629
		lb :    112.0873    290.9010    103.9371
		P^-1: 
			    0.0622    0.0039    0.0203
			    0.0039    0.0502    0.0033
			    0.0203    0.0033    0.0586
	==================================================================================
	Q5:
		Shape: Polyhedra
		q_c:    110.5000    301.5000    117.0000
		ub :    113.6899    306.8379    122.7503
		lb :    107.3101    296.1621    111.2497
		A:
			    0.6945    -0.7167    -0.0627
			    -0.7434    0.0621    0.6660
			    0.9085    -0.1776    0.3783
			    0.5399    0.7716    -0.3365
			    0.7692    -0.5499    -0.3254
			    -0.8501    0.4351    0.2967
			    0.5403    0.6618    0.5197
			    0.1030    0.5609    -0.8214
			    -0.8351    0.4974    0.2349
			    -0.5403    -0.6618    -0.5197
			    -0.1030    -0.5609    0.8214
			    0.8351    -0.4974    -0.2349
		b:
			    -145.0493
			    17.2644
			    93.6695
			    256.9980
			    -117.7741
			    73.0344
			    323.5412
			    88.9057
			    86.1516
			    -316.5412
			    -79.9057
			    -84.1516
	==================================================================================
	Q6:
		Shape: Hybrid
		q_c:    117.0000    305.5000    117.0000
		ub :    122.6526    311.3893    120.1749
		lb :    111.3474    299.6107    113.8251
		P^-1: 
			    0.1346    -0.0785    0.0340
			    -0.0785    0.1052    -0.0290
			    0.0340    -0.0290    0.2102
		A:
			    -0.8634    0.4628    -0.2007
			    -0.7283    0.5720    -0.3775
			    -0.5527    0.7901    -0.2650
			    0.2833    -0.2741    -0.9190
			    -0.4883    0.8200    0.2987
			    0.8957    -0.0432    -0.4426
		b:
			    18.2362
			    46.4727
			    147.1654
			    -156.7008
			    230.1257
			    42.2085


===========================================================================================
===========================================================================================
S3:
	q_c:    513.5000    349.0000    458.5000
	ub :    524.0000    365.0000    465.0000
	lb :    503.0000    333.0000    452.0000

	==================================================================================
	Q1:
		Shape: Ellipse
		q_c:    509.5000    343.5000    459.5000
		ub :    512.5917    348.5656    463.7843
		lb :    506.4083    338.4344    455.2157
		P^-1: 
			    0.2370    0.0430    0.0199
			    0.0430    0.0975    -0.0373
			    0.0199    -0.0373    0.1380
	==================================================================================
	Q2:
		Shape: Polyhedra
		q_c:    516.5000    344.0000    466.0000
		ub :    521.1726    349.0225    469.5546
		lb :    511.8274    338.9775    462.4454
		A:
			    0.0140    -0.1692    0.9855
			    -0.1467    -0.3263    -0.9338
			    -0.1228    0.3358    0.9339
			    0.9263    0.3299    -0.1821
			    -0.1436    -0.8782    0.4562
			    -0.3422    -0.2877    -0.8945
			    0.7444    0.6040    0.2846
			    -0.0551    -0.3692    0.9277
			    0.6655    -0.7063    -0.2415
			    -0.7444    -0.6040    -0.2846
			    0.0551    0.3692    -0.9277
			    -0.6655    0.7063    0.2415
		b:
			    410.3380
			    -620.5879
			    489.9853
			    510.0571
			    -161.0834
			    -689.9714
			    727.9034
			    278.8399
			    -8.2877
			    -721.9034
			    -274.8399
			    15.2877
	==================================================================================
	Q3:
		Shape: Hybrid
		q_c:    513.5000    349.5000    454.5000
		ub :    516.8407    352.6308    456.9735
		lb :    510.1593    346.3692    452.0265
		P^-1: 
			    0.2761    0.1957    0.1650
			    0.1957    0.5061    0.3395
			    0.1650    0.3395    0.6278
		A:
			    0.3562    0.9300    -0.0902
			    -0.0532    0.2680    -0.9619
			    0.2540    0.9159    0.3108
			    0.5540    0.6445    0.5270
			    -0.3725    -0.6415    -0.6706
			    -0.8212    0.1127    -0.5594
		b:
			    468.1972
			    -369.4824
			    592.6880
			    749.8748
			    -719.7861
			    -634.9735
	==================================================================================
	Q4:
		Shape: Polyhedra
		q_c:    515.0000    352.0000    463.5000
		ub :    518.9762    356.8339    468.2090
		lb :    511.0238    347.1661    458.7910
		A:
			    0.0345    0.7370    -0.6750
			    -0.5740    0.4576    0.6791
			    -0.9084    0.2379    -0.3437
			    0.7691    -0.3941    0.5031
			    -0.8543    -0.3784    0.3565
			    0.6742    0.4602    -0.5777
			    0.3265    0.7942    0.5126
			    0.8588    -0.0228    -0.5117
			    -0.3947    0.6073    -0.6895
			    -0.3265    -0.7942    -0.5126
			    -0.8588    0.0228    0.5117
			    0.3947    -0.6073    0.6895
		b:
			    -33.4593
			    183.1468
			    -541.1292
			    492.7408
			    -405.3593
			    243.7241
			    689.7503
			    199.0960
			    -307.1059
			    -680.7503
			    -195.0960
			    311.1059
	==================================================================================
	Q5:
		Shape: Polyhedra
		q_c:    517.0000    351.5000    460.5000
		ub :    520.2048    354.5078    464.2894
		lb :    513.7952    348.4922    456.7106
		A:
			    -0.4912    -0.2941    -0.8199
			    0.7066    -0.5923    0.3872
			    -0.8540    0.0837    -0.5135
			    0.0361    -0.7725    -0.6340
			    0.0098    -0.8007    0.5989
			    0.2225    0.9730    -0.0620
			    0.0791    0.9755    0.2052
			    0.6410    0.1078    -0.7599
			    -0.7634    0.1916    -0.6168
			    -0.0791    -0.9755    -0.2052
			    -0.6410    -0.1078    0.7599
			    0.7634    -0.1916    0.6168
		b:
			    -733.1250
			    336.8921
			    -647.4061
			    -542.1830
			    1.9528
			    431.0873
			    480.7767
			    22.8913
			    -610.3729
			    -475.7767
			    -15.8913
			    612.3729
	==================================================================================
	Q6:
		Shape: Polyhedra
		q_c:    517.5000    344.5000    462.0000
		ub :    521.5651    348.7547    466.5697
		lb :    513.4349    340.2453    457.4303
		A:
			    0.4695    -0.8504    0.2377
			    -0.9596    -0.2814    -0.0069
			    -0.2356    -0.5626    0.7925
			    -0.6941    0.5973    0.4019
			    0.8873    0.3408    0.3106
			    -0.3834    0.0169    0.9234
			    0.6986    0.3429    0.6281
			    -0.7121    0.4193    0.5631
			    -0.0703    -0.8406    0.5370
			    -0.6986    -0.3429    -0.6281
			    0.7121    -0.4193    -0.5631
			    0.0703    0.8406    -0.5370
		b:
			    62.6497
			    -594.0900
			    53.0302
			    35.7135
			    722.3215
			    237.1333
			    771.7836
			    39.5986
			    -75.3499
			    -767.7836
			    -32.5986
			    80.3499


===========================================================================================
===========================================================================================
S4:
	q_c:    214.5000    240.0000    469.0000
	ub :    234.0000    262.0000    489.0000
	lb :    195.0000    218.0000    449.0000

	==================================================================================
	Q1:
		Shape: Hybrid
		q_c:    213.0000    227.0000    473.5000
		ub :    223.2005    237.1916    479.4109
		lb :    202.7995    216.8084    467.5891
		P^-1: 
			    0.1248    -0.0662    -0.3084
			    -0.0662    0.0518    0.1781
			    -0.3084    0.1781    0.8483
		A:
			    -0.2526    0.5442    0.8000
			    -0.4707    0.3635    0.8039
			    -0.2069    0.3589    0.9102
			    0.0939    0.6213    -0.7779
			    0.8641    0.4689    0.1830
			    0.3209    -0.2986    -0.8988
		b:
			    451.3635
			    364.7388
			    469.9907
			    -201.1425
			    386.0308
			    -424.1869
	==================================================================================
	Q2:
		Shape: Hybrid
		q_c:    195.5000    230.5000    485.5000
		ub :    209.1465    243.3925    502.3279
		lb :    181.8535    217.6075    468.6721
		P^-1: 
			    0.0331    -0.0146    -0.0148
			    -0.0146    0.0214    0.0049
			    -0.0148    0.0049    0.0138
		A:
			    -0.9105    -0.0649    0.4084
			    0.2927    0.9045    -0.3103
			    -0.4061    0.0432    0.9128
			    -0.8675    0.2497    0.4302
			    0.2491    -0.2207    -0.9430
			    -0.5962    0.7881    -0.1531
		b:
			    9.4225
			    121.4600
			    380.3804
			    99.4864
			    -452.0622
			    -4.5799
	==================================================================================
	Q3:
		Shape: Hybrid
		q_c:    206.5000    239.5000    490.0000
		ub :    217.7390    253.3118    499.7312
		lb :    195.2610    225.6882    480.2688
		P^-1: 
			    0.0171    -0.0025    0.0009
			    -0.0025    0.0095    0.0023
			    0.0009    0.0023    0.0199
		A:
			    0.2282    -0.9708    0.0745
			    -0.9288    -0.3488    -0.1252
			    0.7370    -0.2094    -0.6426
			    -0.4128    0.3492    -0.8412
			    -0.8925    0.1785    0.4141
			    0.9626    -0.2318    -0.1402
		b:
			    -142.1610
			    -331.4341
			    -208.8776
			    -409.5079
			    65.4613
			    78.5844
	==================================================================================
	Q4:
		Shape: Ellipse
		q_c:    218.0000    258.5000    449.5000
		ub :    227.8392    266.8205    459.3944
		lb :    208.1608    250.1795    439.6056
		P^-1: 
			    0.0438    0.0151    0.0225
			    0.0151    0.0514    0.0201
			    0.0225    0.0201    0.0333
	==================================================================================
	Q5:
		Shape: Polyhedra
		q_c:    209.0000    216.5000    460.5000
		ub :    217.1426    223.5738    467.9761
		lb :    200.8574    209.4262    453.0239
		A:
			    -0.2703    0.7011    -0.6599
			    -0.4414    0.5501    -0.7089
			    -0.8852    0.2886    -0.3649
			    -0.1447    -0.9021    -0.4065
			    0.8026    -0.3224    0.5020
			    -0.5217    0.8343    0.1782
			    0.6880    0.2328    0.6874
			    -0.6092    -0.3295    0.7213
			    0.3944    -0.9150    -0.0848
			    -0.6880    -0.2328    -0.6874
			    0.6092    0.3295    -0.7213
			    -0.3944    0.9150    0.0848
		b:
			    -203.5940
			    -295.0526
			    -286.5584
			    -408.5631
			    332.9610
			    158.2313
			    514.2297
			    140.0084
			    -150.2391
			    -507.2297
			    -127.0084
			    159.2391
	==================================================================================
	Q6:
		Shape: Hybrid
		q_c:    228.5000    225.0000    472.5000
		ub :    247.1554    242.6970    492.4729
		lb :    209.8446    207.3030    452.5271
		P^-1: 
			    0.0054    -0.0009    0.0014
			    -0.0009    0.0073    -0.0017
			    0.0014    -0.0017    0.0080
		A:
			    -0.2363    0.3952    0.8877
			    -0.0223    -0.0312    -0.9993
			    0.0981    0.0843    0.9916
			    0.0431    0.3683    -0.9287
			    -0.5354    -0.0214    0.8443
			    -0.7159    0.6791    -0.1620
		b:
			    462.4443
			    -477.5654
			    516.5865
			    -340.0810
			    280.2425
			    -80.4311


===========================================================================================
===========================================================================================
S5:
	q_c:    534.0000    196.0000    364.5000
	ub :    547.0000    210.0000    391.0000
	lb :    521.0000    182.0000    338.0000

	==================================================================================
	Q1:
		Shape: Ellipse
		q_c:    538.0000    208.0000    354.5000
		ub :    542.6709    212.6492    361.8999
		lb :    533.3291    203.3508    347.1001
		P^-1: 
			    0.1360    -0.0916    -0.0029
			    -0.0916    0.1758    0.0095
			    -0.0029    0.0095    0.0211
	==================================================================================
	Q2:
		Shape: Ellipse
		q_c:    527.0000    190.5000    358.5000
		ub :    536.5953    201.3826    369.8782
		lb :    517.4047    179.6174    347.1218
		P^-1: 
			    0.0371    -0.0184    0.0157
			    -0.0184    0.0325    -0.0092
			    0.0157    -0.0092    0.0271
	==================================================================================
	Q3:
		Shape: Hybrid
		q_c:    545.5000    183.5000    358.5000
		ub :    550.7710    190.3749    365.7879
		lb :    540.2290    176.6251    351.2121
		P^-1: 
			    0.0497    -0.0020    -0.0006
			    -0.0020    0.0527    0.0137
			    -0.0006    0.0137    0.0426
		A:
			    -0.2262    -0.8944    -0.3858
			    0.7059    -0.0895    0.7026
			    0.7595    0.3660    0.5378
			    -0.1692    0.5159    -0.8398
			    -0.5356    -0.8442    0.0199
			    0.6701    -0.6953    0.2599
		b:
			    -423.6656
			    623.4016
			    676.6957
			    -295.2633
			    -437.3324
			    333.8666
	==================================================================================
	Q4:
		Shape: Hybrid
		q_c:    527.5000    211.5000    359.0000
		ub :    536.1236    221.6668    364.9196
		lb :    518.8764    201.3332    353.0804
		P^-1: 
			    0.0754    0.0214    0.0594
			    0.0214    0.0215    0.0180
			    0.0594    0.0180    0.1100
		A:
			    0.4064    0.3477    0.8450
			    -0.3644    0.5526    -0.7496
			    0.8486    0.1623    0.5036
			    -0.1762    -0.3154    -0.9325
			    -0.6417    -0.5667    -0.5168
			    -0.3747    -0.2494    -0.8930
		b:
			    593.1288
			    -339.8819
			    664.6982
			    -491.8489
			    -641.2505
			    -569.3043
	==================================================================================
	Q5:
		Shape: Hybrid
		q_c:    542.5000    207.0000    371.5000
		ub :    549.4611    214.1176    378.2154
		lb :    535.5389    199.8824    364.7846
		P^-1: 
			    0.0310    0.0101    0.0077
			    0.0101    0.0620    0.0190
			    0.0077    0.0190    0.0564
		A:
			    -0.3291    0.7965    0.5072
			    -0.5295    -0.7775    -0.3392
			    -0.3184    -0.9244    -0.2102
			    0.1820    0.7069    0.6835
			    0.0195    -0.0277    -0.9994
			    0.4859    -0.8393    -0.2440
		b:
			    177.4562
			    -572.0806
			    -440.0519
			    500.7721
			    -363.7431
			    2.4788
	==================================================================================
	Q6:
		Shape: Hybrid
		q_c:    532.0000    187.0000    361.0000
		ub :    544.6687    199.3900    370.4396
		lb :    519.3313    174.6100    351.5604
		P^-1: 
			    0.0155    -0.0052    0.0003
			    -0.0052    0.0149    -0.0005
			    0.0003    -0.0005    0.0139
		A:
			    -0.9019    -0.0151    -0.4318
			    -0.7726    -0.0363    0.6339
			    -0.1124    0.3120    -0.9434
			    0.9358    -0.2018    -0.2890
			    -0.3884    0.5678    0.7258
			    0.8894    -0.0413    -0.4553
		b:
			    -633.4432
			    -183.8155
			    -337.1836
			    360.2907
			    166.0717
			    306.0743


===========================================================================================
===========================================================================================
S6:
	q_c:    262.5000    225.5000    298.0000
	ub :    283.0000    245.0000    323.0000
	lb :    242.0000    206.0000    273.0000

	==================================================================================
	Q1:
		Shape: Ellipse
		q_c:    259.0000    217.5000    311.0000
		ub :    269.8383    226.6626    321.5489
		lb :    248.1617    208.3374    300.4511
		P^-1: 
			    0.0418    0.0277    -0.0090
			    0.0277    0.0615    0.0129
			    -0.0090    0.0129    0.0284
	==================================================================================
	Q2:
		Shape: Polyhedra
		q_c:    265.5000    236.5000    283.0000
		ub :    272.9514    243.9733    289.7373
		lb :    258.0486    229.0267    276.2627
		A:
			    0.7625    -0.5019    0.4082
			    -0.3499    0.5063    -0.7882
			    -0.6193    0.0412    0.7840
			    -0.0907    0.4661    -0.8801
			    0.3453    -0.5042    0.7915
			    0.9818    0.0936    -0.1652
			    0.8783    0.1734    0.4456
			    -0.3321    -0.4491    0.8295
			    0.3439    -0.8765    -0.3368
			    -0.8783    -0.1734    -0.4456
			    0.3321    0.4491    -0.8295
			    -0.3439    0.8765    0.3368
		b:
			    204.4628
			    -192.1520
			    71.2777
			    -159.4220
			    200.4950
			    240.7462
			    405.2917
			    43.3471
			    -205.3058
			    -395.2917
			    -37.3471
			    217.3058
	==================================================================================
	Q3:
		Shape: Polyhedra
		q_c:    263.5000    213.5000    308.5000
		ub :    272.0496    222.7481    317.1095
		lb :    254.9504    204.2519    299.8905
		A:
			    -0.8738    -0.1987    0.4439
			    -0.5026    0.4109    0.7607
			    -0.2353    -0.9632    0.1299
			    -0.5409    0.4899    0.6837
			    -0.2817    -0.5310    0.7992
			    0.8325    -0.5525    0.0414
			    0.1714    0.9718    0.1619
			    0.7939    -0.0389    -0.6069
			    -0.5834    0.2326    -0.7781
			    -0.1714    -0.9718    -0.1619
			    -0.7939    0.0389    0.6069
			    0.5834    -0.2326    0.7781
		b:
			    -130.4360
			    195.6649
			    -219.7692
			    178.8796
			    64.8000
			    119.9288
			    310.6017
			    18.6593
			    -338.6401
			    -294.6017
			    -8.6593
			    349.6401
	==================================================================================
	Q4:
		Shape: Polyhedra
		q_c:    269.0000    211.0000    304.0000
		ub :    280.4245    222.0841    312.3416
		lb :    257.5755    199.9159    295.6584
		A:
			    0.3442    -0.7020    -0.6235
			    -0.1003    -0.3093    -0.9457
			    0.1739    0.8627    -0.4749
			    -0.0643    0.5081    -0.8589
			    -0.5845    0.3987    -0.7067
			    -0.5877    -0.1590    -0.7933
			    0.3793    0.7980    0.4682
			    0.8720    -0.4775    0.1074
			    0.3093    0.3676    -0.8771
			    -0.3793    -0.7980    -0.4682
			    -0.8720    0.4775    -0.1074
			    -0.3093    -0.3676    0.8771
		b:
			    -238.0722
			    -373.8788
			    90.3006
			    -165.4956
			    -280.5416
			    -425.9646
			    419.2708
			    174.9647
			    -100.8667
			    -406.2708
			    -157.9647
			    110.8667
	==================================================================================
	Q5:
		Shape: Hybrid
		q_c:    255.5000    221.0000    311.5000
		ub :    267.0931    230.5608    323.0359
		lb :    243.9069    211.4392    299.9641
		P^-1: 
			    0.0232    0.0091    0.0028
			    0.0091    0.0331    0.0047
			    0.0028    0.0047    0.0192
		A:
			    -0.0479    0.3474    -0.9365
			    -0.9836    0.1652    -0.0728
			    0.0959    0.7982    0.5947
			    0.0770    0.1292    0.9886
			    0.8330    0.5530    -0.0179
			    0.8369    0.4862    -0.2514
		b:
			    -222.1741
			    -232.7404
			    389.4072
			    360.8240
			    332.6957
			    246.6909
	==================================================================================
	Q6:
		Shape: Hybrid
		q_c:    263.5000    209.5000    285.5000
		ub :    275.6859    221.8502    296.0124
		lb :    251.3141    197.1498    274.9876
		P^-1: 
			    0.0187    -0.0011    0.0042
			    -0.0011    0.0201    0.0049
			    0.0042    0.0049    0.0232
		A:
			    0.5467    0.1757    0.8187
			    0.5938    -0.2819    -0.7536
			    -0.9150    -0.0823    0.3951
			    -0.8349    0.2974    0.4631
			    0.5252    -0.3033    -0.7951
			    -0.5386    0.2704    0.7980
		b:
			    417.7554
			    -113.3679
			    -140.4947
			    -20.9497
			    -147.9246
			    146.8631


===========================================================================================
===========================================================================================
S7:
	q_c:    125.5000    196.5000    196.0000
	ub :    146.0000    221.0000    201.0000
	lb :    105.0000    172.0000    191.0000

	==================================================================================
	Q1:
		Shape: Hybrid
		q_c:    122.0000    197.0000    198.0000
		ub :    124.9684    200.1224    200.6124
		lb :    119.0316    193.8776    195.3876
		P^-1: 
			    0.2758    0.1362    0.0306
			    0.1362    0.3273    0.0118
			    0.0306    0.0118    0.2513
		A:
			    0.5006    -0.4556    0.7361
			    -0.8528    -0.2316    0.4682
			    -0.0999    -0.8691    0.4844
			    -0.2506    0.8780    -0.4078
			    -0.3063    -0.9184    -0.2504
			    -0.0208    -0.6795    0.7334
		b:
			    118.4577
			    -55.6983
			    -86.3371
			    63.0666
			    -266.9528
			    10.0350
	==================================================================================
	Q2:
		Shape: Hybrid
		q_c:    121.5000    194.0000    193.0000
		ub :    124.0845    196.9606    195.7974
		lb :    118.9155    191.0394    190.2026
		P^-1: 
			    0.2736    0.0360    -0.0523
			    0.0360    0.3050    -0.0798
			    -0.0523    -0.0798    0.3659
		A:
			    0.1658    -0.3195    0.9330
			    -0.3339    0.9323    0.1391
			    -0.8023    -0.5398    -0.2548
			    0.9140    0.3068    0.2655
			    -0.0879    0.2770    -0.9568
			    -0.7323    0.1457    0.6652
		b:
			    139.1376
			    168.3597
			    -250.1965
			    223.0258
			    -140.7021
			    68.7125
	==================================================================================
	Q3:
		Shape: Polyhedra
		q_c:    125.0000    194.0000    191.5000
		ub :    127.6721    196.3166    193.3151
		lb :    122.3279    191.6834    189.6849
		A:
			    -0.9137    0.3516    -0.2038
			    0.3946    0.7655    0.5082
			    0.5685    0.5379    0.6224
			    0.6482    0.7496    -0.1342
			    -0.3838    -0.5215    -0.7621
			    -0.6198    -0.4978    -0.6067
			    0.5581    0.7339    0.3872
			    0.7663    -0.6348    0.0986
			    0.3181    0.2417    -0.9167
			    -0.5581    -0.7339    -0.3872
			    -0.7663    0.6348    -0.0986
			    -0.3181    -0.2417    0.9167
		b:
			    -82.6647
			    295.7953
			    295.3474
			    201.6094
			    -294.2660
			    -289.4164
			    286.7834
			    -5.9919
			    -87.3984
			    -285.7834
			    10.9919
			    90.3984
	==================================================================================
	Q4:
		Shape: Hybrid
		q_c:    130.0000    196.5000    196.5000
		ub :    133.3747    199.1190    199.9965
		lb :    126.6253    193.8810    193.0035
		P^-1: 
			    0.2476    0.0787    -0.0159
			    0.0787    0.3899    0.0785
			    -0.0159    0.0785    0.2169
		A:
			    -0.0965    0.9703    -0.2219
			    -0.4805    -0.1915    0.8558
			    -0.3435    0.3723    0.8622
			    0.4416    -0.7920    -0.4216
			    -0.3846    -0.9202    0.0723
			    -0.0183    0.5370    0.8434
		b:
			    135.7333
			    69.4408
			    199.1327
			    -179.9921
			    -215.7557
			    269.9625
	==================================================================================
	Q5:
		Shape: Polyhedra
		q_c:    127.0000    194.5000    196.0000
		ub :    129.9789    197.5698    198.3166
		lb :    124.0211    191.4302    193.6834
		A:
			    0.1164    -0.2418    0.9633
			    0.3145    0.5188    0.7950
			    -0.9142    -0.3798    -0.1412
			    0.3286    0.1038    -0.9388
			    -0.3937    -0.6217    0.6771
			    -0.6384    -0.4842    0.5982
			    0.3556    0.9146    0.1926
			    0.8407    -0.2230    -0.4934
			    -0.4083    0.3374    -0.8482
			    -0.3556    -0.9146    -0.1926
			    -0.8407    0.2230    0.4934
			    0.4083    -0.3374    0.8482
		b:
			    157.7202
			    298.6686
			    -215.4769
			    -120.4817
			    -36.3242
			    -55.9645
			    263.3038
			    -31.3152
			    -151.4688
			    -258.3038
			    35.3152
			    153.4688
	==================================================================================
	Q6:
		Shape: Polyhedra
		q_c:    124.0000    197.5000    195.5000
		ub :    126.7551    199.8595    198.8409
		lb :    121.2449    195.1405    192.1591
		A:
			    -0.9547    0.0303    0.2961
			    0.6542    0.5515    0.5175
			    -0.8975    0.2878    -0.3343
			    -0.9133    -0.3943    0.1025
			    -0.9784    0.1356    -0.1562
			    0.6827    0.7272    -0.0711
			    0.8345    0.4748    0.2797
			    -0.2575    -0.1127    0.9597
			    0.4871    -0.8729    0.0282
			    -0.8345    -0.4748    -0.2797
			    0.2575    0.1127    -0.9597
			    -0.4871    0.8729    -0.0282
		b:
			    -52.4725
			    292.8754
			    -118.2676
			    -169.2912
			    -123.5584
			    216.1132
			    253.4242
			    136.4250
			    -104.9635
			    -250.4242
			    -130.4250
			    107.9635


===========================================================================================
===========================================================================================
S8:
	q_c:    163.0000    143.5000    187.0000
	ub :    179.0000    149.0000    200.0000
	lb :    147.0000    138.0000    174.0000

	==================================================================================
	Q1:
		Shape: Ellipse
		q_c:    166.5000    141.0000    190.5000
		ub :    169.8449    145.0078    192.6988
		lb :    163.1551    136.9922    188.3012
		P^-1: 
			    0.1672    0.0197    -0.0509
			    0.0197    0.0876    -0.0330
			    -0.0509    -0.0330    0.4313
	==================================================================================
	Q2:
		Shape: Hybrid
		q_c:    167.5000    145.5000    188.5000
		ub :    170.1430    148.2801    190.6868
		lb :    164.8570    142.7199    186.3132
		P^-1: 
			    0.3117    0.0882    0.0203
			    0.0882    0.3859    -0.0135
			    0.0203    -0.0135    0.4413
		A:
			    0.8580    0.3637    -0.3628
			    -0.1923    -0.1866    -0.9634
			    0.8375    0.3642    -0.4074
			    -0.1119    0.9189    -0.3782
			    -0.3478    0.1732    -0.9214
			    -0.3832    -0.8280    0.4093
		b:
			    129.1611
			    -240.2068
			    117.3892
			    44.5749
			    -205.9611
			    -106.7471
	==================================================================================
	Q3:
		Shape: Ellipse
		q_c:    168.0000    147.5000    186.0000
		ub :    171.4223    151.4943    190.1070
		lb :    164.5777    143.5057    181.8930
		P^-1: 
			    0.2427    0.0215    -0.0224
			    0.0215    0.1870    0.0657
			    -0.0224    0.0657    0.1815
	==================================================================================
	Q4:
		Shape: Hybrid
		q_c:    160.0000    147.5000    185.0000
		ub :    163.5540    150.0206    188.6909
		lb :    156.4460    144.9794    181.3091
		P^-1: 
			    0.4144    -0.3226    -0.2270
			    -0.3226    0.6557    0.1965
			    -0.2270    0.1965    0.2910
		A:
			    -0.1106    -0.9620    -0.2495
			    -0.3224    0.9385    0.1233
			    0.4589    -0.5344    -0.7098
			    0.3421    -0.9385    0.0460
			    -0.3246    0.9458    0.0116
			    -0.1285    0.9674    0.2182
		b:
			    -204.4821
			    110.3721
			    -135.8661
			    -74.3268
			    90.5084
			    163.3969
	==================================================================================
	Q5:
		Shape: Polyhedra
		q_c:    161.5000    142.5000    190.0000
		ub :    164.9325    145.7326    193.7685
		lb :    158.0675    139.2674    186.2315
		A:
			    0.1925    -0.6869    -0.7008
			    0.7658    -0.2083    0.6084
			    -0.9737    -0.1102    -0.1994
			    0.0410    -0.4846    0.8738
			    -0.3781    -0.8201    0.4294
			    0.1007    0.9949    -0.0067
			    0.4422    0.6500    0.6180
			    -0.8343    0.0452    0.5494
			    0.3291    -0.7586    0.5623
			    -0.4422    -0.6500    -0.6180
			    0.8343    -0.0452    -0.5494
			    -0.3291    0.7586    -0.5623
		b:
			    -197.6147
			    211.7729
			    -208.6275
			    105.6090
			    -94.2317
			    159.0051
			    283.9677
			    -21.9092
			    53.8921
			    -278.9677
			    25.9092
			    -49.8921
	==================================================================================
	Q6:
		Shape: Polyhedra
		q_c:    163.5000    146.5000    187.0000
		ub :    167.6492    150.5286    190.1147
		lb :    159.3508    142.4714    183.8853
		A:
			    -0.3154    0.2020    0.9272
			    0.0169    -0.1529    0.9881
			    -0.1959    0.9537    -0.2283
			    -0.2902    0.0945    0.9523
			    0.8462    -0.5283    0.0701
			    -0.8183    0.2469    0.5190
			    0.8690    0.4715    0.1502
			    0.4909    -0.7825    -0.3830
			    -0.0630    0.4066    -0.9114
			    -0.8690    -0.4715    -0.1502
			    -0.4909    0.7825    0.3830
			    0.0630    -0.4066    0.9114
		b:
			    153.4150
			    167.1565
			    67.1239
			    146.4818
			    76.5262
			    1.9198
			    242.7476
			    -104.0061
			    -119.1891
			    -235.7476
			    108.0061
			    123.1891


===========================================================================================
===========================================================================================
S9:
	q_c:    96.5000    197.5000    320.5000
	ub :    115.0000    211.0000    334.0000
	lb :    78.0000    184.0000    307.0000

	==================================================================================
	Q1:
		Shape: Polyhedra
		q_c:    86.0000    201.0000    321.5000
		ub :    93.9504    207.9924    328.4721
		lb :    78.0496    194.0076    314.5279
		A:
			    -0.5737    -0.7526    -0.3232
			    0.4781    0.4804    -0.7353
			    0.0882    0.6737    0.7337
			    0.3809    0.3820    -0.8420
			    0.4829    -0.0449    0.8745
			    -0.9617    0.1135    -0.2497
			    0.7764    0.5962    0.2043
			    0.4959    -0.7780    0.3856
			    0.3888    -0.1981    -0.8998
			    -0.7764    -0.5962    -0.2043
			    -0.4959    0.7780    -0.3856
			    -0.3888    0.1981    0.8998
		b:
			    -299.0875
			    -93.8073
			    384.0390
			    -156.3528
			    318.3260
			    -135.4580
			    257.7864
			    13.7356
			    -290.6452
			    -246.7864
			    -6.7356
			    300.6452
	==================================================================================
	Q2:
		Shape: Hybrid
		q_c:    104.0000    198.0000    328.0000
		ub :    109.8149    203.0683    333.9984
		lb :    98.1851    192.9317    322.0016
		P^-1: 
			    0.0612    0.0046    0.0155
			    0.0046    0.1328    -0.0411
			    0.0155    -0.0411    0.0971
		A:
			    0.6001    -0.0645    0.7974
			    0.6251    0.6968    -0.3518
			    0.2382    0.0961    0.9664
			    0.0554    0.9902    0.1283
			    -0.0086    -0.9774    -0.2113
			    -0.0605    -0.7602    -0.6469
		b:
			    313.1875
			    89.6259
			    362.9982
			    245.7542
			    -261.7150
			    -366.5046
	==================================================================================
	Q3:
		Shape: Hybrid
		q_c:    89.0000    193.5000    315.5000
		ub :    96.3954    200.6968    323.1207
		lb :    81.6046    186.3032    307.8793
		P^-1: 
			    0.0643    0.0159    0.0155
			    0.0159    0.0657    -0.0085
			    0.0155    -0.0085    0.0419
		A:
			    0.4130    0.8100    -0.4163
			    0.4582    -0.4038    0.7919
			    -0.5936    -0.7706    0.2321
			    0.9807    0.0453    0.1903
			    -0.7812    -0.2243    -0.5825
			    0.5199    -0.8542    0.0023
		b:
			    64.2253
			    214.8460
			    -126.7936
			    158.3027
			    -294.7304
			    -115.2837
	==================================================================================
	Q4:
		Shape: Polyhedra
		q_c:    89.5000    198.5000    330.5000
		ub :    95.8731    203.1011    336.7186
		lb :    83.1269    193.8989    324.2814
		A:
			    0.3170    0.9455    0.0740
			    -0.0202    -0.1568    0.9874
			    -0.0969    0.3211    -0.9421
			    0.2069    0.4399    0.8739
			    -0.5207    -0.5633    0.6415
			    0.4505    0.8435    -0.2926
			    0.4843    0.5587    0.6733
			    -0.2359    0.8244    -0.5145
			    -0.8425    0.0903    0.5311
			    -0.4843    -0.5587    -0.6733
			    0.2359    -0.8244    0.5145
			    0.8425    -0.0903    -0.5311
		b:
			    243.5588
			    297.0813
			    -252.9148
			    397.9350
			    57.7969
			    114.5587
			    379.7612
			    -24.4942
			    123.0584
			    -373.7612
			    30.4942
			    -113.0584
	==================================================================================
	Q5:
		Shape: Ellipse
		q_c:    93.0000    206.0000    332.0000
		ub :    100.1254    213.3299    337.5151
		lb :    85.8746    198.6701    326.4849
		P^-1: 
			    0.0628    0.0210    0.0088
			    0.0210    0.0479    0.0059
			    0.0088    0.0059    0.0534
	==================================================================================
	Q6:
		Shape: Ellipse
		q_c:    83.5000    202.0000    324.5000
		ub :    89.3717    206.3038    330.4809
		lb :    77.6283    197.6962    318.5191
		P^-1: 
			    0.1182    -0.0849    0.0245
			    -0.0849    0.1853    -0.0275
			    0.0245    -0.0275    0.0584


===========================================================================================
===========================================================================================
S10:
	q_c:    216.0000    358.0000    296.5000
	ub :    234.0000    381.0000    313.0000
	lb :    198.0000    335.0000    280.0000

	==================================================================================
	Q1:
		Shape: Ellipse
		q_c:    230.5000    372.5000    297.0000
		ub :    239.9885    379.6329    307.3926
		lb :    221.0115    365.3671    286.6074
		P^-1: 
			    0.1582    0.1825    0.0829
			    0.1825    0.2550    0.1078
			    0.0829    0.1078    0.0667
	==================================================================================
	Q2:
		Shape: Polyhedra
		q_c:    211.5000    342.0000    310.0000
		ub :    225.1108    354.3433    322.0163
		lb :    197.8892    329.6567    297.9837
		A:
			    0.6353    -0.6994    0.3274
			    0.6777    0.0704    0.7319
			    0.5394    0.4599    0.7054
			    -0.5460    -0.8086    -0.2193
			    0.4018    0.7864    -0.4692
			    -0.2515    -0.8464    -0.4694
			    0.6648    0.3303    0.6700
			    0.6561    0.1708    -0.7351
			    -0.3572    0.9283    -0.1031
			    -0.6648    -0.3303    -0.6700
			    -0.6561    -0.1708    0.7351
			    0.3572    -0.9283    0.1031
		b:
			    5.6523
			    400.1991
			    495.7187
			    -452.5678
			    218.1075
			    -480.7342
			    466.7728
			    -20.7185
			    219.4525
			    -455.7728
			    40.7185
			    -200.4525
	==================================================================================
	Q3:
		Shape: Polyhedra
		q_c:    204.5000    340.0000    288.0000
		ub :    217.9028    345.5330    301.3568
		lb :    191.0972    334.4670    274.6432
		A:
			    0.3629    -0.9170    0.1659
			    -0.2367    -0.9328    0.2718
			    0.2847    -0.9471    0.1479
			    0.1426    -0.9739    0.1767
			    -0.2512    -0.8042    0.5387
			    0.6285    -0.7724    0.0918
			    0.7579    0.0604    0.6496
			    -0.6482    0.1830    0.7392
