3D_30_25_6_d                l = 3

===========================================================================================
===========================================================================================
S1:
	q_c:	83.0	34.5	388.5
	ub :	98.7323	49.5139	406.8226
	lb :	71.3874	18.9006	384.9189

	==================================================================================
	Q1:
		Shape: Polyhedra
		q_c:	86.0	44.0	390.0
		ub :	90.211	49.5139	394.3163
		lb :	81.789	38.4861	385.6837
		A:
			-0.8345	-0.5336	0.1377
			0.5831	0.2935	0.7576
			-0.0791	0.7554	0.6505
			0.9232	0.2154	0.3184
			0.6603	-0.0185	0.7507
			0.0581	0.738	0.6723
			0.8782	0.3212	0.3543
			-0.1991	-0.428	0.8816
			0.4348	-0.8448	-0.3119
			-0.8782	-0.3212	-0.3543
			0.1991	0.428	-0.8816
			-0.4348	0.8448	0.3119
		b:
			-39.3704
			360.8004
			284.2041
			215.109
			350.9387
			303.4963
			229.8508
			310.3483
			-116.9307
			-225.8508
			-305.3483
			125.9307
	==================================================================================
	Q2:
		Shape: Hybrid
		q_c:	78.5	34.5	393.5
		ub :	83.629	38.7167	398.8686
		lb :	73.371	30.2833	388.1314
		P^-1:
			0.1637	-0.0717	0.0531
			-0.0717	0.1399	-0.036
			0.0531	-0.036	0.0905
		A:
			0.4296	0.2076	0.8788
			-0.6021	0.545	-0.5835
			-0.9388	-0.1635	0.3032
			0.7418	-0.6682	-0.0579
			0.3451	0.8294	-0.4394
			-0.8873	0.1112	-0.4476
		b:
			389.0469
			-256.9049
			42.5172
			13.8682
			-114.6892
			-240.5019
	==================================================================================
	Q3:
		Shape: Polyhedra
		q_c:	76.5	32.5	390.5
		ub :	81.6126	37.839	395.5428
		lb :	71.3874	27.161	385.4572
		A:
			0.8242	-0.4361	-0.3612
			0.6961	-0.7143	0.0719
			0.087	0.6983	-0.7105
			-0.1208	0.3859	-0.9146
			0.8078	-0.1407	0.5724
			-0.5468	0.826	0.1368
			0.3073	0.4852	0.8186
			-0.6641	0.7255	-0.1807
			-0.6816	-0.4881	0.5452
			-0.3073	-0.4852	-0.8186
			0.6641	-0.7255	0.1807
			0.6816	0.4881	-0.5452
		b:
			-89.1326
			61.1063
			-245.0681
			-350.6569
			283.9782
			41.5134
			362.4431
			-94.7891
			147.8995
			-355.4431
			100.7891
			-141.8995
	==================================================================================
	Q4:
		Shape: Hybrid
		q_c:	86.0	26.0	390.0
		ub :	92.2492	33.0994	395.0811
		lb :	79.7508	18.9006	384.9189
		P^-1:
			0.101	-0.0225	-0.0408
			-0.0225	0.0379	-0.0035
			-0.0408	-0.0035	0.1305
		A:
			-0.3777	0.4338	0.818
			-0.3053	0.3035	0.9026
			0.5257	0.2138	-0.8234
			0.9456	-0.2508	-0.207
			0.054	-0.3258	-0.9439
			0.6985	-0.7156	0.0074
		b:
			299.895
			335.4805
			-268.7242
			-4.1615
			-369.6031
			46.8974
	==================================================================================
	Q5:
		Shape: Hybrid
		q_c:	91.0	43.0	394.0
		ub :	96.2121	48.0273	398.4722
		lb :	85.7879	37.9727	389.5278
		P^-1:
			0.0675	0.035	0.045
			0.035	0.1293	0.0703
			0.045	0.0703	0.1843
		A:
			-0.5844	-0.6458	0.4913
			0.0447	-0.9364	-0.348
			-0.2091	-0.37	0.9052
			-0.2755	-0.358	0.8922
			0.2507	0.7032	0.6653
			-0.2394	0.7504	0.6161
		b:
			115.3602
			-171.4099
			324.0616
			313.4772
			316.2752
			255.2199
	==================================================================================
	Q6:
		Shape: Hybrid
		q_c:	91.0	42.0	399.0
		ub :	98.7323	47.8916	406.8226
		lb :	83.2677	36.1084	391.1774
		P^-1:
			0.0467	0.0038	0.0136
			0.0038	0.0516	0.0032
			0.0136	0.0032	0.0466
		A:
			0.6887	0.7172	-0.1063
			-0.5151	0.267	-0.8145
			0.6296	-0.6874	0.362
			-0.5061	0.7834	0.3608
			0.757	0.3915	0.5232
			-0.4882	-0.7574	-0.4336
		b:
			52.9798
			-358.3694
			175.3692
			133.7302
			296.1153
			-247.156


===========================================================================================
===========================================================================================
S2:
	q_c:	91.5	252.5	144.5
	ub :	102.5528	260.6275	162.4105
	lb :	81.6581	243.3815	136.6354

	==================================================================================
	Q1:
		Shape: Hybrid
		q_c:	87.0	252.5	155.5
		ub :	89.8957	255.0729	158.1723
		lb :	84.1043	249.9271	152.8277
		P^-1:
			0.2776	0.0644	0.0214
			0.0644	0.4003	0.0499
			0.0214	0.0499	0.2665
		A:
			-0.6232	-0.2528	-0.74
			0.3551	-0.8962	-0.2661
			-0.7225	-0.6597	0.2069
			-0.1779	-0.9465	-0.2694
			0.0787	-0.9365	0.3418
			-0.2356	-0.8654	0.4422
		b:
			-232.0985
			-235.7729
			-196.2901
			-295.5718
			-175.4327
			-169.2402
	==================================================================================
	Q2:
		Shape: Polyhedra
		q_c:	87.0	251.0	152.0
		ub :	92.3419	255.4011	155.5272
		lb :	81.6581	246.5989	148.4728
		A:
			-0.6953	0.1191	0.7088
			0.6391	-0.3208	-0.699
			-0.8504	0.5261	0.0102
			0.4266	-0.8981	-0.1069
			0.2315	-0.4495	0.8628
			-0.2449	-0.396	0.885
			0.8813	0.448	0.1506
			0.2633	-0.7301	0.6306
			0.3925	-0.5161	-0.7613
			-0.8813	-0.448	-0.1506
			-0.2633	0.7301	-0.6306
			-0.3925	0.5161	0.7613
		b:
			80.1368
			-128.4128
			62.5276
			-202.4853
			40.1923
			15.9815
			216.5079
			-62.9824
			-208.6129
			-207.5079
			65.9824
			213.6129
	==================================================================================
	Q3:
		Shape: Ellipse
		q_c:	97.0	255.0	150.5
		ub :	102.5528	260.6275	155.749
		lb :	91.4472	249.3725	145.251
		P^-1:
			0.0961	-0.0145	-0.0025
			-0.0145	0.0962	0.0025
			-0.0025	0.0025	0.0821
	==================================================================================
	Q4:
		Shape: Ellipse
		q_c:	90.0	247.0	145.0
		ub :	93.7932	250.6185	148.0231
		lb :	86.2068	243.3815	141.9769
		P^-1:
			0.211	0.1498	0.088
			0.1498	0.3483	-0.0565
			0.088	-0.0565	0.4113
	==================================================================================
	Q5:
		Shape: Hybrid
		q_c:	92.0	256.0	142.5
		ub :	98.5446	259.9185	148.3646
		lb :	85.4554	252.0815	136.6354
		P^-1:
			0.1041	0.1642	-0.1447
			0.1642	0.656	-0.4154
			-0.1447	-0.4154	0.3546
		A:
			0.5124	0.5478	-0.6614
			-0.345	-0.7589	0.5522
			0.22	0.4016	-0.889
			-0.3408	-0.6075	0.7175
			-0.4795	-0.5624	0.6736
			0.0223	-0.9589	0.283
		b:
			94.2875
			-146.7169
			-1.8389
			-83.7925
			-91.039
			-201.9054
	==================================================================================
	Q6:
		Shape: Ellipse
		q_c:	96.0	252.0	156.5
		ub :	100.2962	257.9161	162.4105
		lb :	91.7038	246.0839	150.5895
		P^-1:
			0.1874	-0.0518	-0.0638
			-0.0518	0.0981	0.046
			-0.0638	0.046	0.0954


===========================================================================================
===========================================================================================
S3:
	q_c:	133.5	45.5	362.5
	ub :	161.2115	63.9769	388.4828
	lb :	112.9323	19.2697	335.4506

	==================================================================================
	Q1:
		Shape: Ellipse
		q_c:	132.0	53.5	370.0
		ub :	141.5294	63.3556	376.9032
		lb :	122.4706	43.6444	363.0968
		P^-1:
			0.0178	-0.0002	0.0004
			-0.0002	0.0359	-0.0369
			0.0004	-0.0369	0.093
	==================================================================================
	Q2:
		Shape: Polyhedra
		q_c:	138.0	47.5	351.0
		ub :	142.5557	54.0131	357.2066
		lb :	133.4443	40.9869	344.7934
		A:
			-0.0247	-0.1689	-0.9853
			-0.4846	0.8703	0.0882
			0.8965	0.1833	0.4035
			-0.9163	-0.3635	-0.1679
			0.1036	0.7134	-0.693
			-0.5163	0.5195	-0.6808
			0.2153	0.7208	0.6589
			0.3202	0.5853	-0.7449
			-0.9226	0.3713	-0.1048
			-0.2153	-0.7208	-0.6589
			-0.3202	-0.5853	0.7449
			0.9226	-0.3713	0.1048
		b:
			-352.9701
			8.8508
			277.383
			-199.1591
			-191.1237
			-282.267
			299.7011
			-185.49
			-143.962
			-290.7011
			193.49
			148.962
	==================================================================================
	Q3:
		Shape: Polyhedra
		q_c:	128.0	34.0	347.0
		ub :	143.0677	47.8109	358.5494
		lb :	112.9323	20.1891	335.4506
		A:
			-0.1677	0.1477	0.9747
			-0.1768	0.9366	0.3026
			-0.8293	-0.0235	-0.5583
			0.3114	0.1369	0.9404
			-0.209	-0.8634	-0.4593
			0.4879	-0.5731	0.6584
			0.1639	0.5662	0.8078
			0.7912	0.4136	-0.4505
			-0.5892	0.7129	-0.3802
			-0.1639	-0.5662	-0.8078
			-0.7912	-0.4136	0.4505
			0.5892	-0.7129	0.3802
		b:
			328.1553
			121.6775
			-292.0144
			376.5597
			-209.8158
			281.5435
			324.0307
			-30.4766
			-172.6119
			-317.0307
			51.4766
			193.6119
	==================================================================================
	Q4:
		Shape: Polyhedra
		q_c:	150.5	52.5	378.5
		ub :	161.2115	63.9769	388.4828
		lb :	139.7885	41.0231	368.5172
		A:
			-0.422	0.1313	0.897
			-0.2465	-0.5642	-0.788
			-0.3036	-0.8044	-0.5107
			0.4972	0.6748	0.5454
			-0.0862	0.6297	0.772
			-0.2216	-0.8908	-0.3967
			0.3607	0.6732	0.6456
			0.2424	0.6007	-0.7618
			-0.9006	0.4313	0.0535
			-0.3607	-0.6732	-0.6456
			-0.2424	-0.6007	0.7618
			0.9006	-0.4313	-0.0535
		b:
			291.1293
			-361.3671
			-277.7388
			319.9984
			317.0104
			-225.9443
			336.9737
			-210.3296
			-84.6562
			-330.9737
			230.3296
			100.6562
	==================================================================================
	Q5:
		Shape: Ellipse
		q_c:	144.5	31.0	359.0
		ub :	154.8547	42.7303	368.7483
		lb :	134.1453	19.2697	349.2517
		P^-1:
			0.0207	0.0068	0.0016
			0.0068	0.0208	0.0006
			0.0016	0.0006	0.0179
	==================================================================================
	Q6:
		Shape: Hybrid
		q_c:	148.0	46.5	364.0
		ub :	152.8618	56.0209	372.536
		lb :	143.1382	36.9791	355.464
		P^-1:
			0.3319	0.0663	0.174
			0.0663	0.0306	0.0397
			0.174	0.0397	0.1212
		A:
			-0.9608	0.0906	-0.2619
			0.4646	0.291	0.8363
			-0.8625	-0.4514	-0.2287
			-0.7578	-0.2192	0.6146
			0.1474	-0.6589	-0.7376
			0.9443	0.215	0.2494
		b:
			-231.1907
			389.574
			-229.4937
			106.8818
			-271.6752
			241.9904


===========================================================================================
===========================================================================================
S4:
	q_c:	11.5	197.0	94.0
	ub :	25.2409	214.0433	111.6529
	lb :	-2.4035	185.9718	85.0216

	==================================================================================
	Q1:
		Shape: Polyhedra
		q_c:	13.5	193.0	96.0
		ub :	20.0028	199.2734	100.3354
		lb :	6.9972	186.7266	91.6646
		A:
			-0.0818	0.9903	-0.1123
			-0.9954	-0.0702	-0.0653
			-0.9433	0.0027	0.3318
			-0.8457	-0.362	-0.3922
			-0.3267	-0.572	0.7523
			0.3415	-0.0736	0.937
			0.5074	0.6964	0.5076
			-0.3419	-0.378	0.8604
			0.791	-0.61	0.0463
			-0.5074	-0.6964	-0.5076
			0.3419	0.378	-0.8604
			-0.791	0.61	-0.0463
		b:
			183.2701
			-29.0228
			23.836
			-115.3985
			-39.5497
			83.6835
			192.9809
			8.0311
			-97.6119
			-186.9809
			-2.0311
			107.6119
	==================================================================================
	Q2:
		Shape: Polyhedra
		q_c:	5.0	206.5	103.5
		ub :	10.5371	214.0433	110.9969
		lb :	-0.5371	198.9567	96.0031
		A:
			-0.9619	-0.2194	0.1632
			0.0558	-0.7679	0.6382
			0.5313	-0.4166	0.7377
			-0.2198	-0.2785	0.9349
			0.9774	-0.1674	0.1288
			0.3869	-0.8047	0.4502
			0.0626	0.7699	0.6351
			-0.4359	0.5935	-0.6765
			-0.8978	-0.2345	0.3728
			-0.0626	-0.7699	-0.6351
			0.4359	-0.5935	0.6765
			0.8978	0.2345	-0.3728
		b:
			-28.7302
			-89.1789
			-4.2641
			42.1843
			-12.4738
			-114.5305
			231.5298
			52.8589
			-9.8204
			-218.5298
			-47.8589
			18.8204
	==================================================================================
	Q3:
		Shape: Polyhedra
		q_c:	19.0	191.5	106.5
		ub :	25.2409	197.0282	111.6529
		lb :	12.7591	185.9718	101.3471
		A:
			0.5518	0.4484	0.7032
			0.1882	-0.2196	0.9573
			0.6492	0.1707	-0.7413
			-0.3256	0.6597	-0.6774
			-0.2012	0.6764	0.7085
			-0.362	0.5483	0.7538
			0.1758	0.7066	0.6855
			0.4556	0.5588	-0.6929
			-0.8726	0.4341	-0.2237
			-0.1758	-0.7066	-0.6855
			-0.4556	-0.5588	0.6929
			0.8726	-0.4341	0.2237
		b:
			173.6502
			67.3614
			-29.5812
			52.4935
			203.3428
			181.1569
			213.1498
			46.3803
			47.2306
			-210.1498
			-37.3803
			-38.2306
	==================================================================================
	Q4:
		Shape: Polyhedra
		q_c:	2.0	192.0	89.5
		ub :	6.4035	196.1771	93.9784
		lb :	-2.4035	187.8229	85.0216
		A:
			0.7349	0.3465	0.583
			-0.154	-0.7635	-0.6272
			-0.6432	0.6796	0.3527
			0.1322	0.9626	-0.2363
			-0.0221	0.3347	-0.9421
			-0.5414	-0.2452	-0.8042
			0.5099	0.7437	0.4323
			-0.816	0.2591	0.5167
			0.2723	-0.6162	0.739
			-0.5099	-0.7437	-0.4323
			0.816	-0.2591	-0.5167
			-0.2723	0.6162	-0.739
		b:
			122.7073
			-200.4446
			163.6606
			166.4405
			-17.5276
			-117.6461
			185.0104
			97.3525
			-49.1316
			-180.0104
			-91.3525
			54.1316
	==================================================================================
	Q5:
		Shape: Hybrid
		q_c:	10.0	198.0	97.5
		ub :	15.2286	204.3161	103.655
		lb :	4.7714	191.6839	91.345
		P^-1:
			0.0745	0.0017	0.0091
			0.0017	0.0341	0.0061
			0.0091	0.0061	0.0686
		A:
			0.9736	-0.0823	0.213
			0.7078	0.0385	-0.7053
			0.9526	0.2614	0.1555
			0.9139	0.3515	-0.2031
			-0.8144	0.4669	0.3446
			-0.1762	0.5984	-0.7816
		b:
			16.0996
			-51.7874
			78.4089
			61.2416
			120.3594
			43.4907
	==================================================================================
	Q6:
		Shape: Hybrid
		q_c:	2.0	195.0	102.0
		ub :	5.6286	198.6315	105.5098
		lb :	-1.6286	191.3685	98.4902
		P^-1:
			0.2206	-0.0383	-0.0177
			-0.0383	0.2	-0.0231
			-0.0177	-0.0231	0.2394
		A:
			0.6565	0.6846	0.3168
			0.0127	0.985	0.1723
			-0.2166	-0.618	-0.7558
			-0.1006	0.8784	-0.4672
			0.6288	-0.6773	0.3819
			0.3166	-0.5623	-0.7639
		b:
			168.6173
			211.0011
			-196.6582
			124.5283
			-90.8667
			-185.8059


===========================================================================================
===========================================================================================
S5:
	q_c:	23.0	300.0	288.5
	ub :	39.5577	312.7274	298.1912
	lb :	12.078	285.6835	279.1578

	==================================================================================
	Q1:
		Shape: Polyhedra
		q_c:	18.0	297.0	284.5
		ub :	23.922	303.0693	289.8422
		lb :	12.078	290.9307	279.1578
		A:
			0.7517	-0.5177	-0.4085
			-0.3738	-0.9065	-0.196
			-0.3553	-0.8118	0.4634
			-0.891	0.0493	0.4512
			-0.079	0.6679	0.7401
			-0.9331	0.3516	0.0759
			0.8469	0.2759	0.4545
			-0.4863	0.056	0.872
			0.2151	-0.9596	0.1816
			-0.8469	-0.2759	-0.4545
			0.4863	-0.056	-0.872
			-0.2151	0.9596	-0.1816
		b:
			-252.5482
			-327.144
			-111.2495
			130.3507
			411.3347
			113.2851
			230.4959
			258.9743
			-224.456
			-222.4959
			-252.9743
			234.456
	==================================================================================
	Q2:
		Shape: Ellipse
		q_c:	20.5	292.5	290.0
		ub :	24.0587	293.6207	293.5559
		lb :	16.9413	291.3793	286.4441
		P^-1:
			0.3003	-0.7132	-0.103
			-0.7132	3.784	0.5236
			-0.103	0.5236	0.2356
	==================================================================================
	Q3:
		Shape: Hybrid
		q_c:	31.0	294.0	290.5
		ub :	39.5577	302.3165	298.1912
		lb :	22.4423	285.6835	282.8088
		P^-1:
			0.0398	0.0082	-0.0129
			0.0082	0.0373	-0.002
			-0.0129	-0.002	0.0531
		A:
			0.981	0.0723	-0.18
			-0.3089	0.9506	-0.0289
			-0.0596	0.7813	-0.6213
			0.7974	0.06	-0.6005
			-0.7861	0.1585	0.5974
			0.5008	-0.043	-0.8645
		b:
			2.3622
			265.158
			50.4966
			-129.7804
			198.3379
			-246.1329
	==================================================================================
	Q4:
		Shape: Hybrid
		q_c:	29.5	306.0	292.5
		ub :	35.2107	312.7274	297.6211
		lb :	23.7893	299.2726	287.3789
		P^-1:
			0.4529	0.0042	-0.4722
			0.0042	0.0441	0.0022
			-0.4722	0.0022	0.5924
		A:
			0.8349	0.0212	-0.55
			0.7506	-0.1983	-0.6302
			0.7307	-0.2303	-0.6427
			-0.6851	0.2642	0.6789
			-0.786	0.0292	0.6175
			0.7108	0.063	-0.7006
		b:
			-128.6461
			-221.7955
			-235.7617
			260.3658
			167.236
			-164.0717
	==================================================================================
	Q5:
		Shape: Hybrid
		q_c:	29.0	298.5	293.0
		ub :	35.4124	304.9526	297.7143
		lb :	22.5876	292.0474	288.2857
		P^-1:
			0.0816	0.0308	-0.0357
			0.0308	0.0789	-0.0332
			-0.0357	-0.0332	0.1114
		A:
			-0.4894	0.1707	0.8552
			-0.9316	0.1455	-0.3332
			0.6579	0.0464	-0.7517
			0.5768	0.7329	-0.3607
			0.0925	0.9952	0.0306
			-0.2608	0.0137	-0.9653
		b:
			289.3877
			-78.2118
			-185.5747
			131.3973
			311.3841
			-283.9383
	==================================================================================
	Q6:
		Shape: Polyhedra
		q_c:	29.5	305.0	283.5
		ub :	33.1415	309.0914	286.0878
		lb :	25.8585	300.9086	280.9122
		A:
			-0.0185	0.7041	-0.7099
			0.9612	0.091	0.2602
			0.6885	-0.0736	0.7215
			-0.6514	-0.5708	0.4999
			-0.3342	0.2015	-0.9207
			0.0033	-0.4635	-0.8861
			0.8936	0.4464	0.0479
			0.0321	-0.1698	0.9849
			0.4478	-0.8786	-0.1661
			-0.8936	-0.4464	-0.0479
			-0.0321	0.1698	-0.9849
			-0.4478	0.8786	0.1661
		b:
			15.2842
			132.4151
			204.684
			-49.2257
			-207.3663
			-390.0857
			178.5777
			230.3809
			-298.8382
			-173.5777
			-226.3809
			304.8382


===========================================================================================
===========================================================================================
S6:
	q_c:	255.0	38.5	370.0
	ub :	277.9955	56.6552	386.8145
	lb :	235.4135	12.9336	355.762

	==================================================================================
	Q1:
		Shape: Hybrid
		q_c:	265.0	33.0	377.0
		ub :	277.9955	46.0429	386.8145
		lb :	252.0045	19.9571	367.1855
		P^-1:
			0.0193	0.0026	-0.0142
			0.0026	0.0133	-0.0053
			-0.0142	-0.0053	0.0415
		A:
			0.865	0.2194	-0.4513
			0.1913	0.3673	-0.9102
			0.874	-0.4821	-0.0616
			-0.2789	0.1764	0.944
			0.6804	0.4445	-0.5826
			0.4143	-0.3738	-0.8298
		b:
			70.4815
			-277.4508
			198.7976
			290.8847
			-21.1019
			-211.5801
	==================================================================================
	Q2:
		Shape: Polyhedra
		q_c:	256.0	22.5	366.5
		ub :	266.0244	32.0664	375.2032
		lb :	245.9756	12.9336	357.7968
		A:
			0.5127	-0.8586	-0.0044
			-0.4426	0.0829	0.8929
			0.7213	-0.5131	-0.4654
			0.3644	-0.6323	0.6837
			-0.0923	-0.4758	0.8747
			0.887	0.2737	0.3718
			0.5363	0.8105	0.2356
			0.5877	-0.1582	-0.7934
			-0.6058	0.564	-0.5612
			-0.5363	-0.8105	-0.2356
			-0.5877	0.1582	0.7934
			0.6058	-0.564	0.5612
		b:
			116.0139
			220.819
			7.7051
			335.1477
			291.6287
			375.9492
			248.8791
			-138.8876
			-342.5738
			-234.8791
			148.8876
			353.5738
	==================================================================================
	Q3:
		Shape: Polyhedra
		q_c:	243.0	33.0	373.5
		ub :	250.5865	41.8244	382.1776
		lb :	235.4135	24.1756	364.8224
		A:
			0.6918	-0.3034	0.6553
			-0.4989	-0.8245	-0.267
			-0.5298	0.4816	-0.6981
			0.9809	0.1752	-0.0844
			0.2248	-0.7195	0.6571
			-0.7931	0.5042	-0.3418
			0.1987	0.7849	0.5869
			-0.9589	0.2794	-0.0489
			-0.2023	-0.5531	0.8081
			-0.1987	-0.7849	-0.5869
			0.9589	-0.2794	0.0489
			0.2023	0.5531	-0.8081
		b:
			408.9383
			-243.5116
			-366.982
			218.3231
			283.3961
			-297.8778
			297.4179
			-236.5529
			241.9282
			-289.4179
			247.5529
			-226.9282
	==================================================================================
	Q4:
		Shape: Ellipse
		q_c:	245.5	31.5	368.5
		ub :	252.8503	39.6007	376.6213
		lb :	238.1497	23.3993	360.3787
		P^-1:
			0.0463	0.0039	0.0056
			0.0039	0.0339	0.0029
			0.0056	0.0029	0.03
	==================================================================================
	Q5:
		Shape: Hybrid
		q_c:	261.5	44.5	377.0
		ub :	269.8279	52.8576	384.6984
		lb :	253.1721	36.1424	369.3016
		P^-1:
			0.0433	0.0062	-0.0036
			0.0062	0.0432	0.0038
			-0.0036	0.0038	0.0307
		A:
			0.1971	0.8801	-0.432
			0.0193	0.9566	0.2909
			-0.7916	0.4599	-0.4024
			0.6079	0.5594	0.5635
			0.2587	-0.8946	0.3644
			-0.7008	0.0519	-0.7115
		b:
			-69.283
			159.8056
			-334.8795
			399.0099
			168.4224
			-445.7293
	==================================================================================
	Q6:
		Shape: Polyhedra
		q_c:	244.5	50.5	361.0
		ub :	250.5283	56.6552	366.238
		lb :	238.4717	44.3448	355.762
		A:
			0.5855	-0.1698	-0.7927
			0.0152	0.9923	0.1231
			-0.029	0.7308	-0.682
			-0.656	0.3438	0.6719
			-0.1313	-0.5693	0.8116
			0.1557	0.4735	0.8669
			0.5524	0.626	0.5504
			0.5299	0.246	-0.8116
			-0.6435	0.74	-0.1958
			-0.5524	-0.626	-0.5504
			-0.5299	-0.246	0.8116
			0.6435	-0.74	0.1958
		b:
			-149.1604
			102.652
			-213.8311
			102.153
			234.4035
			379.785
			370.8712
			-149.0062
			-187.6634
			-359.8712
			153.0062
			193.6634


===========================================================================================
===========================================================================================
S7:
	q_c:	457.5	153.5	80.5
	ub :	482.9601	179.4325	101.5555
	lb :	445.5616	134.2856	66.5256

	==================================================================================
	Q1:
		Shape: Polyhedra
		q_c:	461.5	159.5	93.0
		ub :	469.843	167.1736	101.1623
		lb :	453.157	151.8264	84.8377
		A:
			-0.4343	0.1188	-0.8929
			-0.142	0.8488	0.5093
			0.8302	0.4623	-0.3115
			0.2339	-0.9555	-0.1798
			0.2826	0.0691	-0.9568
			-0.4641	0.8787	0.1116
			0.6693	0.4158	0.6158
			-0.3335	-0.5725	0.749
			0.6639	-0.7067	-0.2445
			-0.6693	-0.4158	-0.6158
			0.3335	0.5725	-0.749
			-0.6639	0.7067	0.2445
		b:
			-258.4887
			122.1248
			433.0034
			-57.0517
			56.9304
			-60.0207
			439.461
			-171.5777
			174.4427
			-425.461
			179.5777
			-167.4427
	==================================================================================
	Q2:
		Shape: Polyhedra
		q_c:	468.5	146.0	77.5
		ub :	477.9813	154.7363	88.3208
		lb :	459.0187	137.2637	66.6792
		A:
			-0.1976	0.9355	-0.2929
			-0.3682	-0.5756	-0.7302
			-0.839	-0.174	0.5155
			0.3795	0.4108	-0.829
			-0.7633	-0.6162	0.1943
			-0.8111	0.5586	-0.1732
			0.3275	0.4857	0.8105
			-0.9241	-0.0142	0.3819
			0.197	-0.874	0.4441
			-0.3275	-0.4857	-0.8105
			0.9241	0.0142	-0.3819
			-0.197	0.874	-0.4441
		b:
			27.3478
			-306.1304
			-372.0639
			179.8958
			-426.0231
			-305.6319
			294.1596
			-398.9048
			5.1229
			-280.1596
			411.9048
			6.8771
	==================================================================================
	Q3:
		Shape: Ellipse
		q_c:	461.0	172.0	75.0
		ub :	469.9057	179.4325	83.4744
		lb :	452.0943	164.5675	66.5256
		P^-1:
			0.0361	-0.0062	0.0013
			-0.0062	0.0458	-0.0027
			0.0013	-0.0027	0.0336
	==================================================================================
	Q4:
		Shape: Hybrid
		q_c:	473.5	165.5	94.0
		ub :	482.9601	174.0043	101.5555
		lb :	464.0399	156.9957	86.4445
		P^-1:
			0.0204	0.0065	-0.0028
			0.0065	0.0378	0.0009
			-0.0028	0.0009	0.0396
		A:
			0.0864	-0.9899	-0.1126
			-0.4756	-0.3007	-0.8267
			-0.4648	0.2606	0.8462
			0.8071	0.2474	0.5361
			-0.7743	-0.6312	0.0455
			0.2384	-0.1937	-0.9517
		b:
			-130.5756
			-349.5353
			-94.4342
			477.5225
			-463.5254
			-6.0676
	==================================================================================
	Q5:
		Shape: Polyhedra
		q_c:	454.5	143.5	86.0
		ub :	463.4384	152.7144	95.6727
		lb :	445.5616	134.2856	76.3273
		A:
			0.2328	-0.155	-0.9601
			0.3526	0.8793	-0.3202
			0.7779	-0.6075	0.161
			-0.8672	-0.0425	-0.4962
			-0.7902	0.0925	-0.6058
			0.5795	0.2346	-0.7805
			0.1133	0.6487	0.7526
			-0.8603	-0.3149	0.4009
			0.4971	-0.6928	0.5224
			-0.1133	-0.6487	-0.7526
			0.8603	0.3149	-0.4009
			-0.4971	0.6928	-0.5224
		b:
			7.2012
			264.9799
			285.2845
			-437.1481
			-392.6043
			236.6216
			215.2825
			-394.7112
			175.9276
			-203.2825
			408.7112
			-166.9276
	==================================================================================
	Q6:
		Shape: Ellipse
		q_c:	456.5	149.5	81.5
		ub :	465.3731	158.5682	88.628
		lb :	447.6269	140.4318	74.372
		P^-1:
			0.0288	-0.0023	0.0055
			-0.0023	0.0328	-0.012
			0.0055	-0.012	0.0564


===========================================================================================
===========================================================================================
S8:
	q_c:	281.5	37.0	235.0
	ub :	304.1302	62.3553	263.2524
	lb :	249.5094	16.1884	211.3761

	==================================================================================
	Q1:
		Shape: Polyhedra
		q_c:	269.5	51.0	242.0
		ub :	281.0521	62.3553	255.3054
		lb :	257.9479	39.6447	228.6946
		A:
			-0.139	0.098	-0.9854
			-0.1882	-0.3757	-0.9074
			-0.792	0.4115	-0.4509
			-0.3388	0.2465	-0.908
			-0.8844	-0.3278	-0.3321
			0.103	-0.994	0.0372
			0.7548	0.2022	0.6241
			-0.6498	0.3611	0.6689
			-0.0901	-0.9104	0.4039
			-0.7548	-0.2022	-0.6241
			0.6498	-0.3611	-0.6689
			0.0901	0.9104	-0.4039
		b:
			-263.3485
			-281.6186
			-295.0193
			-292.0586
			-329.8149
			-6.1794
			369.7433
			16.1688
			34.0342
			-359.7433
			5.8312
			-20.0342
	==================================================================================
	Q2:
		Shape: Polyhedra
		q_c:	275.0	49.0	251.5
		ub :	284.3771	56.0371	263.2524
		lb :	265.6229	41.9629	239.7476
		A:
			-0.1527	-0.8027	-0.5765
			-0.5313	0.845	0.0613
			0.0476	-0.9833	-0.1759
			-0.4641	0.8671	0.1811
			0.6373	-0.7025	0.3166
			-0.4776	0.8335	0.2778
			0.6255	0.4541	0.6344
			-0.5816	0.8134	-0.0088
			-0.5201	-0.3635	0.7729
			-0.6255	-0.4541	-0.6344
			0.5816	-0.8134	0.0088
			0.5201	0.3635	-0.7729
		b:
			-222.4605
			-88.1824
			-75.9368
			-38.0022
			222.9701
			-18.2608
			358.3302
			-121.2937
			45.0665
			-349.3302
			123.2937
			-22.0665
	==================================================================================
	Q3:
		Shape: Ellipse
		q_c:	274.5	22.5	239.0
		ub :	278.0645	28.8116	247.3199
		lb :	270.9355	16.1884	230.6801
		P^-1:
			0.2316	0.0328	0.0362
			0.0328	0.1054	0.0442
			0.0362	0.0442	0.0419
	==================================================================================
	Q4:
		Shape: Ellipse
		q_c:	292.0	45.0	224.5
		ub :	304.1302	56.8101	234.3316
		lb :	279.8698	33.1899	214.6684
		P^-1:
			0.0205	0.002	0.0014
			0.002	0.0194	0.0009
			0.0014	0.0009	0.022
	==================================================================================
	Q5:
		Shape: Polyhedra
		q_c:	289.5	48.5	239.5
		ub :	297.312	56.9309	247.6977
		lb :	281.688	40.0691	231.3023
		A:
			0.9756	0.0158	0.2188
			-0.3759	-0.1512	-0.9142
			-0.5549	-0.8291	-0.0684
			-0.9708	0.1817	0.1564
			0.1877	0.4583	-0.8687
			-0.8494	0.2596	-0.4594
			0.482	0.5804	0.6563
			0.4158	0.5078	-0.7545
			-0.7712	0.6366	0.0034
			-0.482	-0.5804	-0.6563
			-0.4158	-0.5078	0.7545
			0.7712	-0.6366	-0.0034
		b:
			339.982
			-329.8098
			-211.6613
			-230.4576
			-125.1134
			-339.263
			329.8838
			-29.2039
			-188.0686
			-319.8838
			42.2039
			195.0686
	==================================================================================
	Q6:
		Shape: Hybrid
		q_c:	264.0	36.5	227.0
		ub :	278.4906	46.5046	242.6239
		lb :	249.5094	26.4954	211.3761
		P^-1:
			0.0153	0.0019	0.0089
			0.0019	0.0267	-0.0036
			0.0089	-0.0036	0.0149
		A:
			0.8369	0.2604	0.4815
			0.3484	-0.2336	0.9078
			-0.4005	-0.9125	0.0829
			-0.9363	-0.3435	-0.0727
			-0.1626	0.3698	-0.9148
			0.8849	0.4612	-0.0658
		b:
			343.5735
			294.204
			-116.768
			-270.2767
			-231.6706
			241.7819


===========================================================================================
===========================================================================================
S9:
	q_c:	281.5	420.0	28.5
	ub :	289.038	433.1686	39.7031
	lb :	270.6956	408.2501	16.2103

	==================================================================================
	Q1:
		Shape: Ellipse
		q_c:	282.0	428.0	22.5
		ub :	288.247	432.4564	28.7897
		lb :	275.753	423.5436	16.2103
		P^-1:
			0.0917	-0.0731	-0.0265
			-0.0731	0.2019	0.0381
			-0.0265	0.0381	0.0683
	==================================================================================
	Q2:
		Shape: Polyhedra
		q_c:	282.0	422.5	31.0
		ub :	286.7648	427.7359	34.4785
		lb :	277.2352	417.2641	27.5215
		A:
			0.9539	0.2644	0.1423
			-0.4083	-0.5664	0.7159
			-0.6855	-0.5619	-0.463
			0.3711	0.8182	0.4392
			-0.5334	-0.1761	-0.8273
			0.3331	0.6928	0.6396
			0.4426	0.4293	0.7873
			-0.4965	0.8484	-0.1836
			-0.7468	-0.3096	0.5886
			-0.4426	-0.4293	-0.7873
			0.4965	-0.8484	0.1836
			0.7468	0.3096	-0.5886
		b:
			387.4701
			-329.3063
			-443.3495
			466.3646
			-248.5764
			408.4456
			332.0945
			217.2692
			-320.6529
			-329.0945
			-208.2692
			325.6529
	==================================================================================
	Q3:
		Shape: Polyhedra
		q_c:	280.0	415.0	25.0
		ub :	286.4374	421.7499	30.4908
		lb :	273.5626	408.2501	19.5092
		A:
			0.2136	0.7729	-0.5976
			-0.1862	0.6552	-0.7321
			0.1687	-0.982	0.085
			-0.1083	0.9498	-0.2935
			0.2785	0.1339	-0.9511
			-0.7385	0.673	-0.0403
			0.7955	0.5666	0.2148
			0.6014	-0.6952	-0.3936
			-0.0736	0.4423	-0.8938
			-0.7955	-0.5666	-0.2148
			-0.6014	0.6952	0.3936
			0.0736	-0.4423	0.8938
		b:
			369.6416
			204.9617
			-354.4939
			360.2362
			113.1766
			74.7601
			468.7383
			-126.9657
			144.1031
			-457.7383
			132.9657
			-137.1031
	==================================================================================
	Q4:
		Shape: Polyhedra
		q_c:	283.5	425.0	34.5
		ub :	288.7268	430.7986	39.7031
		lb :	278.2732	419.2014	29.2969
		A:
			-0.8871	-0.3363	0.316
			0.2122	0.3707	-0.9042
			0.9594	0.0183	0.2816
			0.0229	0.3704	0.9286
			-0.1896	0.2485	0.9499
			0.3134	0.7039	-0.6375
			0.2421	0.834	0.4959
			0.5923	0.2778	-0.7563
			-0.7685	0.4768	-0.4267
			-0.2421	-0.834	-0.4959
			-0.5923	-0.2778	0.7563
			0.7685	-0.4768	0.4267
		b:
			-380.8564
			188.9768
			293.2645
			199.3718
			87.6515
			368.6401
			444.1649
			261.8947
			-25.9514
			-436.1649
			-257.8947
			33.9514
	==================================================================================
	Q5:
		Shape: Ellipse
		q_c:	285.0	422.5	23.0
		ub :	289.038	424.6735	27.9699
		lb :	280.962	420.3265	18.0301
		P^-1:
			0.0822	0.0182	0.0055
			0.0182	0.4388	0.0427
			0.0055	0.0427	0.0544
	==================================================================================
	Q6:
		Shape: Hybrid
		q_c:	276.5	427.5	32.0
		ub :	282.3044	433.1686	37.2119
		lb :	270.6956	421.8314	26.7881
		P^-1:
			0.1113	-0.0506	-0.0302
			-0.0506	0.1074	-0.0314
			-0.0302	-0.0314	0.1413
		A:
			-0.5131	0.3086	0.8009
			0.6965	-0.5725	-0.4327
			0.6973	-0.3551	0.6226
			-0.9841	0.1346	-0.116
			0.648	-0.7325	-0.2086
			-0.506	0.8625	-0.007
		b:
			17.0568
			-64.7331
			62.8443
			-215.9838
			-139.3149
			230.073


===========================================================================================
===========================================================================================
S10:
	q_c:	407.5	487.5	47.0
	ub :	433.856	505.8934	71.9614
	lb :	387.7392	470.5767	22.8838

	==================================================================================
	Q1:
		Shape: Polyhedra
		q_c:	415.5	492.0	62.0
		ub :	424.6823	499.6733	68.2654
		lb :	406.3177	484.3267	55.7346
		A:
			-0.0462	-0.8861	0.4612
			-0.2254	-0.7714	-0.5951
			0.4608	-0.8819	-0.0992
			-0.0932	0.2131	0.9726
			-0.3624	0.6311	0.6858
			-0.3859	0.3125	-0.868
			0.9465	0.2892	0.1435
			0.32	-0.8992	-0.2985
			0.0427	0.3284	-0.9436
			-0.9465	-0.2892	-0.1435
			-0.32	0.8992	0.2985
			-0.0427	-0.3284	0.9436
		b:
			-422.057
			-504.4591
			-243.9571
			130.5971
			206.8908
			-55.5212
			552.4195
			-323.4567
			124.8305
			-536.4195
			332.4567
			-116.8305
	==================================================================================
	Q2:
		Shape: Ellipse
		q_c:	416.5	490.0	53.0
		ub :	424.6354	497.7357	60.9845
		lb :	408.3646	482.2643	45.0155
		P^-1:
			0.0388	-0.0163	-0.0007
			-0.0163	0.0511	0.0027
			-0.0007	0.0027	0.0241
	==================================================================================
	Q3:
		Shape: Ellipse
		q_c:	425.5	490.5	29.0
		ub :	433.856	501.0352	35.1162
		lb :	417.144	479.9648	22.8838
		P^-1:
			0.0391	0.013	0.0107
			0.013	0.0232	0.0249
			0.0107	0.0249	0.1011
	==================================================================================
	Q4:
		Shape: Polyhedra
		q_c:	407.5	475.0	45.5
		ub :	419.5052	479.4233	55.4756
		lb :	395.4948	470.5767	35.5244
		A:
			0.5425	-0.8346	0.0958
			0.1204	0.8741	0.4705
			0.1541	0.714	-0.683
			0.108	-0.3005	0.9476
			0.0446	0.9065	0.4199
			0.2296	-0.9475	0.2227
			0.915	0.0818	0.395
			-0.3949	-0.0181	0.9185
			0.0823	-0.9965	0.0157
			-0.915	-0.0818	-0.395
			0.3949	0.0181	-0.9185
			-0.0823	0.9965	-0.0157
		b:
			-165.3991
			490.9871
			376.1086
			-48.4915
			472.64
			-342.2113
			439.7018
			-121.2243
			-435.5836
			-419.7018
			134.2243
			442.5836
	==================================================================================
	Q5:
		Shape: Ellipse
		q_c:	415.5	492.0	57.0
		ub :	430.9401	504.6549	71.9614
		lb :	400.0599	479.3451	42.0386
		P^-1:
			0.013	0.0032	0.0029
			0.0032	0.0156	0.0034
			0.0029	0.0034	0.013
	==================================================================================
	Q6:
		Shape: Ellipse
		q_c:	398.0	496.5	42.0
		ub :	408.2608	505.8934	49.5448
		lb :	387.7392	487.1066	34.4552
		P^-1:
			0.0267	-0.0032	0.021
			-0.0032	0.0646	0.0588
			0.021	0.0588	0.121


===========================================================================================
===========================================================================================
S11:
	q_c:	137.5	116.5	378.5
	ub :	155.5968	135.456	393.3439
	lb :	119.3956	96.7941	357.9802

	==================================================================================
	Q1:
		Shape: Polyhedra
		q_c:	149.0	122.5	377.0
		ub :	155.5968	128.9248	383.0977
		lb :	142.4032	116.0752	370.9023
		A:
			0.4273	0.8735	0.2334
			0.2471	0.8576	-0.451
			0.1969	-0.9802	0.0233
			0.223	0.4903	-0.8425
			-0.0549	0.4289	0.9017
			-0.5396	0.8283	-0.1507
			0.6344	0.7711	0.0539
			0.6795	-0.5231	-0.5145
			-0.3685	0.363	-0.8558
			-0.6344	-0.7711	-0.0539
			-0.6795	0.5231	0.5145
			0.3685	-0.363	0.8558
		b:
			262.214
			-24.2587
			-78.0433
			-220.107
			388.4305
			-31.5689
			212.8074
			-152.8089
			-328.573
			-205.8074
			160.8089
			337.573
	==================================================================================
	Q2:
		Shape: Polyhedra
		q_c:	128.0	109.0	367.0
		ub :	135.6124	117.2802	376.0198
		lb :	120.3876	100.7198	357.9802
		A:
			-0.3292	0.4334	-0.8389
			-0.143	0.8761	0.4605
			0.4775	0.8642	-0.1585
			-0.8394	0.4952	-0.2237
			-0.0711	0.9113	0.4057
			0.3112	-0.2535	-0.9159
			0.1708	0.7973	0.579
			0.7584	0.2687	-0.5938
			-0.629	0.5405	-0.5588
			-0.1708	-0.7973	-0.579
			-0.7584	-0.2687	0.5938
			0.629	-0.5405	0.5588
		b:
			-299.2607
			252.429
			103.4507
			-132.1532
			245.3324
			-317.5148
			327.7413
			-85.0568
			-224.1614
			-314.7413
			98.0568
			229.1614
	==================================================================================
	Q3:
		Shape: Ellipse
		q_c:	127.0	108.5	367.5
		ub :	134.6044	115.7589	375.0564
		lb :	119.3956	101.2411	359.9436
		P^-1:
			0.0461	0.0068	0.0004
			0.0068	0.0534	-0.0082
			0.0004	-0.0082	0.0523
	==================================================================================
	Q4:
		Shape: Ellipse
		q_c:	141.0	104.0	377.5
		ub :	149.8036	111.2059	385.8271
		lb :	132.1964	96.7941	369.1729
		P^-1:
			0.1654	0.1171	0.1653
			0.1171	0.1142	0.1314
			0.1653	0.1314	0.203
	==================================================================================
	Q5:
		Shape: Ellipse
		q_c:	131.0	123.5	381.5
		ub :	142.4506	133.2106	393.3439
		lb :	119.5494	113.7894	369.6561
		P^-1:
			0.0198	0.0046	0.0052
			0.0046	0.0268	0.0044
			0.0052	0.0044	0.0224
	==================================================================================
	Q6:
		Shape: Polyhedra
		q_c:	130.0	126.0	371.0
		ub :	139.5394	135.456	380.923
		lb :	120.4606	116.544	361.077
		A:
			0.6285	-0.2627	-0.7321
			-0.5669	0.5321	0.629
			0.8375	0.0652	-0.5425
			-0.3129	0.735	0.6016
			0.9474	-0.1361	-0.2898
			-0.9149	-0.3767	-0.1449
			0.5416	0.7598	0.3597
			0.7543	-0.2504	-0.6069
			-0.3711	0.6	-0.7087
			-0.5416	-0.7598	-0.3597
			-0.7543	0.2504	0.6069
			0.3711	-0.6	0.7087
		b:
			-217.4693
			232.1984
			-78.6734
			280.6314
			4.0619
			-214.6097
			305.0948
			-153.1389
			-229.0709
			-294.0948
			164.1389
			242.0709


===========================================================================================
===========================================================================================
S12:
	q_c:	245.5	78.0	166.0
	ub :	265.0224	96.4978	174.6799
	lb :	232.1757	69.0358	152.8846

	==================================================================================
	Q1:
		Shape: Ellipse
		q_c:	250.5	76.0	157.5
		ub :	253.0725	78.3747	162.1154
		lb :	247.9275	73.6253	152.8846
		P^-1:
			0.4093	-0.3014	0.0659
			-0.3014	0.8204	-0.1208
			0.0659	-0.1208	0.0697
	==================================================================================
	Q2:
		Shape: Hybrid
		q_c:	257.5	77.0	164.0
		ub :	265.0224	84.9642	171.3007
		lb :	249.9776	69.0358	156.6993
		P^-1:
			0.0566	0.0076	-0.0106
			0.0076	0.0527	0.0137
			-0.0106	0.0137	0.0435
		A:
			0.9705	-0.1029	-0.2179
			0.7381	0.5424	0.4013
			0.9371	-0.177	-0.3007
			-0.7799	-0.3867	0.4921
			-0.0437	0.6819	0.7301
			0.0929	-0.6126	-0.7849
		b:
			208.4497
			299.8704
			180.5335
			-147.7452
			163.0723
			-149.853
	==================================================================================
	Q3:
		Shape: Ellipse
		q_c:	245.0	85.0	164.5
		ub :	249.9763	91.5775	171.6854
		lb :	240.0237	78.4225	157.3146
		P^-1:
			0.1047	0.0087	-0.0179
			0.0087	0.0491	-0.0079
			-0.0179	-0.0079	0.0398
	==================================================================================
	Q4:
		Shape: Polyhedra
		q_c:	242.0	89.5	168.5
		ub :	248.7864	96.4978	174.6799
		lb :	235.2136	82.5022	162.3201
		A:
			0.4104	0.8442	0.3449
			-0.5459	-0.7059	0.4513
			0.7551	0.5273	-0.3895
			0.354	-0.1291	0.9263
			-0.6107	-0.3591	-0.7058
			-0.7091	-0.4192	-0.567
			0.2666	0.6445	0.7166
			-0.9544	0.2801	0.1032
			-0.1342	-0.7115	0.6898
			-0.2666	-0.6445	-0.7166
			0.9544	-0.2801	-0.1032
			0.1342	0.7115	-0.6898
		b:
			236.6997
			-114.657
			169.1477
			234.3616
			-294.9213
			-300.5606
			246.4608
			-183.0037
			24.5718
			-239.4608
			194.0037
			-15.5718
	==================================================================================
	Q5:
		Shape: Ellipse
		q_c:	252.0	78.0	170.0
		ub :	256.5895	81.8963	174.0894
		lb :	247.4105	74.1037	165.9106
		P^-1:
			0.0818	-0.0409	0.0391
			-0.0409	0.2075	-0.0338
			0.0391	-0.0338	0.1832
	==================================================================================
	Q6:
		Shape: Ellipse
		q_c:	237.5	89.0	162.5
		ub :	242.8243	94.7463	166.4228
		lb :	232.1757	83.2537	158.5772
		P^-1:
			0.1866	0.1076	-0.1216
			0.1076	0.1244	-0.1172
			-0.1216	-0.1172	0.2845


===========================================================================================
===========================================================================================
S13:
	q_c:	244.0	128.0	148.0
	ub :	265.3992	137.4334	174.4112
	lb :	226.939	109.3487	130.7466

	==================================================================================
	Q1:
		Shape: Polyhedra
		q_c:	257.0	126.0	144.5
		ub :	263.9954	132.3405	151.2946
		lb :	250.0046	119.6595	137.7054
		A:
			-0.8681	-0.3919	-0.3048
			-0.9509	-0.2891	-0.1102
			-0.9832	-0.1759	-0.0486
			0.9218	0.2749	-0.2735
			-0.7276	-0.5338	-0.4309
			-0.8919	-0.4442	-0.0849
			0.7782	0.486	0.3977
			-0.4474	-0.0153	0.8942
			0.4407	-0.8738	0.2056
			-0.7782	-0.486	-0.3977
			0.4474	0.0153	-0.8942
			-0.4407	0.8738	-0.2056
		b:
			-313.4331
			-293.3412
			-278.2263
			236.0476
			-313.4928
			-294.1747
			321.7078
			17.3002
			38.3529
			-315.7078
			-7.3002
			-27.3529
	==================================================================================
	Q2:
		Shape: Ellipse
		q_c:	257.5	129.0	159.5
		ub :	265.3992	137.4334	168.8136
		lb :	249.6008	120.5666	150.1864
		P^-1:
