3D_30_8_6_e                l = 3

===========================================================================================
===========================================================================================
S1:
	q_c:	534.0	196.0	364.5
	ub :	550.771	221.6668	378.2154
	lb :	517.4047	174.61	347.1001

	==================================================================================
	Q1:
		Shape: Ellipse
		q_c:	538.0	208.0	354.5
		ub :	542.6709	212.6492	361.8999
		lb :	533.3291	203.3508	347.1001
		P^-1:
			0.136	-0.0916	-0.0029
			-0.0916	0.1758	0.0095
			-0.0029	0.0095	0.0211
	==================================================================================
	Q2:
		Shape: Ellipse
		q_c:	527.0	190.5	358.5
		ub :	536.5953	201.3826	369.8782
		lb :	517.4047	179.6174	347.1218
		P^-1:
			0.0371	-0.0184	0.0157
			-0.0184	0.0325	-0.0092
			0.0157	-0.0092	0.0271
	==================================================================================
	Q3:
		Shape: Hybrid
		q_c:	545.5	183.5	358.5
		ub :	550.771	190.3749	365.7879
		lb :	540.229	176.6251	351.2121
		P^-1:
			0.0497	-0.002	-0.0006
			-0.002	0.0527	0.0137
			-0.0006	0.0137	0.0426
		A:
			-0.2262	-0.8944	-0.3858
			0.7059	-0.0895	0.7026
			0.7595	0.366	0.5378
			-0.1692	0.5159	-0.8398
			-0.5356	-0.8442	0.0199
			0.6701	-0.6953	0.2599
		b:
			-423.6656
			623.4016
			676.6957
			-295.2633
			-437.3324
			333.8666
	==================================================================================
	Q4:
		Shape: Hybrid
		q_c:	527.5	211.5	359.0
		ub :	536.1236	221.6668	364.9196
		lb :	518.8764	201.3332	353.0804
		P^-1:
			0.0754	0.0214	0.0594
			0.0214	0.0215	0.018
			0.0594	0.018	0.11
		A:
			0.4064	0.3477	0.845
			-0.3644	0.5526	-0.7496
			0.8486	0.1623	0.5036
			-0.1762	-0.3154	-0.9325
			-0.6417	-0.5667	-0.5168
			-0.3747	-0.2494	-0.893
		b:
			593.1288
			-339.8819
			664.6982
			-491.8489
			-641.2505
			-569.3043
	==================================================================================
	Q5:
		Shape: Hybrid
		q_c:	542.5	207.0	371.5
		ub :	549.4611	214.1176	378.2154
		lb :	535.5389	199.8824	364.7846
		P^-1:
			0.031	0.0101	0.0077
			0.0101	0.062	0.019
			0.0077	0.019	0.0564
		A:
			-0.3291	0.7965	0.5072
			-0.5295	-0.7775	-0.3392
			-0.3184	-0.9244	-0.2102
			0.182	0.7069	0.6835
			0.0195	-0.0277	-0.9994
			0.4859	-0.8393	-0.244
		b:
			177.4562
			-572.0806
			-440.0519
			500.7721
			-363.7431
			2.4788
	==================================================================================
	Q6:
		Shape: Hybrid
		q_c:	532.0	187.0	361.0
		ub :	544.6687	199.39	370.4396
		lb :	519.3313	174.61	351.5604
		P^-1:
			0.0155	-0.0052	0.0003
			-0.0052	0.0149	-0.0005
			0.0003	-0.0005	0.0139
		A:
			-0.9019	-0.0151	-0.4318
			-0.7726	-0.0363	0.6339
			-0.1124	0.312	-0.9434
			0.9358	-0.2018	-0.289
			-0.3884	0.5678	0.7258
			0.8894	-0.0413	-0.4553
		b:
			-633.4432
			-183.8155
			-337.1836
			360.2907
			166.0717
			306.0743


===========================================================================================
===========================================================================================
S2:
	q_c:	218.0	17.5	128.5
	ub :	225.1598	25.2827	135.277
	lb :	207.2187	8.6576	119.2161

	==================================================================================
	Q1:
		Shape: Ellipse
		q_c:	212.5	19.5	132.0
		ub :	216.2841	23.5277	135.277
		lb :	208.7159	15.4723	128.723
		P^-1:
			0.167	0.0142	-0.0195
			0.0142	0.1886	-0.0394
			-0.0195	-0.0394	0.2144
	==================================================================================
	Q2:
		Shape: Polyhedra
		q_c:	215.5	22.0	122.5
		ub :	219.7237	25.2827	125.7839
		lb :	211.2763	18.7173	119.2161
		A:
			-0.4614	-0.7542	-0.4673
			0.4086	0.4379	0.8008
			0.7956	0.5183	0.3136
			0.4547	0.153	0.8774
			-0.5483	-0.3402	-0.7639
			0.0084	-0.9938	-0.1105
			0.5349	0.3135	0.7846
			-0.8404	0.2932	0.4558
			-0.0872	-0.9032	0.4203
			-0.5349	-0.3135	-0.7846
			0.8404	-0.2932	-0.4558
			0.0872	0.9032	-0.4203
		b:
			-172.1085
			196.6383
			223.1852
			209.5172
			-218.7221
			-31.2624
			218.7804
			-114.3258
			14.8293
			-217.7804
			123.3258
			-10.8293
	==================================================================================
	Q3:
		Shape: Ellipse
		q_c:	213.0	16.0	125.5
		ub :	216.8373	20.7002	129.3878
		lb :	209.1627	11.2998	121.6122
		P^-1:
			0.5913	0.1396	0.4285
			0.1396	0.1259	0.1031
			0.4285	0.1031	0.4755
	==================================================================================
	Q4:
		Shape: Polyhedra
		q_c:	213.5	21.0	128.0
		ub :	217.866	24.9217	132.8121
		lb :	209.134	17.0783	123.1879
		A:
			-0.0803	-0.9879	0.1325
			0.4172	0.0312	0.9083
			-0.6495	-0.4617	-0.6041
			0.1357	0.9899	0.0418
			-0.8308	0.5185	-0.2024
			-0.9033	-0.1813	0.3888
			0.6645	0.2574	0.7016
			-0.7464	0.275	0.606
			-0.037	-0.9264	0.3748
			-0.6645	-0.2574	-0.7016
			0.7464	-0.275	-0.606
			0.037	0.9264	-0.3748
		b:
			-18.4179
			208.5651
			-223.1885
			57.6579
			-189.4427
			-143.6213
			239.5729
			-72.5141
			23.1284
			-234.5729
			79.5141
			-18.1284
	==================================================================================
	Q5:
		Shape: Hybrid
		q_c:	222.0	16.0	131.0
		ub :	225.1598	19.1354	134.641
		lb :	218.8402	12.8646	127.359
		P^-1:
			0.4919	0.3552	0.2061
			0.3552	0.5402	0.2206
			0.2061	0.2206	0.288
		A:
			0.9025	0.3934	0.1754
			-0.7789	0.395	0.4872
			0.6597	0.5503	-0.5119
			-0.8177	-0.3186	-0.4794
			0.2864	0.2185	0.9329
			0.4319	0.6434	0.6321
		b:
			230.5321
			-100.7735
			89.8051
			-248.5737
			190.7212
			189.6948
	==================================================================================
	Q6:
		Shape: Ellipse
		q_c:	213.0	14.0	130.5
		ub :	218.7813	19.3424	134.4558
		lb :	207.2187	8.6576	126.5442
		P^-1:
			0.0731	-0.0093	0.0075
			-0.0093	0.0725	0.0024
			0.0075	0.0024	0.1096


===========================================================================================
===========================================================================================
S3:
	q_c:	520.5	187.0	231.5
	ub :	534.0023	196.3483	244.1089
	lb :	507.0405	177.1291	226.2703

	==================================================================================
	Q1:
		Shape: Hybrid
		q_c:	515.0	189.5	233.0
		ub :	520.481	196.3483	238.1608
		lb :	509.519	182.6517	227.8392
		P^-1:
			0.0779	-0.0069	-0.0186
			-0.0069	0.0712	-0.0532
			-0.0186	-0.0532	0.1256
		A:
			0.6807	-0.2901	0.6726
			0.0509	0.1704	-0.9841
			-0.544	-0.8304	0.1206
			-0.7925	-0.2681	0.5477
			0.3215	-0.8623	0.3912
			0.1378	-0.503	-0.8532
		b:
			454.5761
			-168.9691
			-406.0801
			-329.4477
			95.4836
			-219.7183
	==================================================================================
	Q2:
		Shape: Polyhedra
		q_c:	513.0	189.0	239.5
		ub :	518.9595	194.9031	244.1089
		lb :	507.0405	183.0969	234.8911
		A:
			0.4331	0.9001	0.0476
			0.4546	0.5512	-0.6997
			0.9531	0.1129	0.2808
			0.5086	0.7828	0.3585
			0.4208	-0.6866	-0.5928
			-0.6653	-0.6973	-0.2667
			0.4045	0.3466	0.8463
			-0.6274	-0.5681	0.5325
			0.6654	-0.7464	-0.0123
			-0.4045	-0.3466	-0.8463
			0.6274	0.5681	-0.5325
			-0.6654	0.7464	0.0123
		b:
			407.0164
			172.8562
			581.0697
			498.1049
			-52.0579
			-533.6665
			479.1941
			-298.7014
			201.3364
			-472.1941
			304.7014
			-193.3364
	==================================================================================
	Q3:
		Shape: Polyhedra
		q_c:	519.5	184.0	234.5
		ub :	525.2925	189.1961	239.8613
		lb :	513.7075	178.8039	229.1387
		A:
			0.8134	-0.3098	0.4924
			0.9174	0.3474	0.1944
			-0.8524	-0.2725	0.4462
			0.3182	0.2606	-0.9115
			0.9125	0.1651	-0.3742
			0.2614	-0.6335	-0.7283
			0.4917	0.7308	0.4735
			0.608	0.1011	-0.7875
			-0.6233	0.6751	-0.3946
			-0.4917	-0.7308	-0.4735
			-0.608	-0.1011	0.7875
			0.6233	-0.6751	0.3946
		b:
			484.841
			589.2567
			-385.323
			2.6432
			419.7977
			-148.4507
			503.933
			152.8113
			-288.1459
			-497.933
			-146.8113
			296.1459
	==================================================================================
	Q4:
		Shape: Hybrid
		q_c:	522.0	189.0	232.0
		ub :	528.0808	195.2348	237.7297
		lb :	515.9192	182.7652	226.2703
		P^-1:
			0.1124	-0.05	-0.027
			-0.05	0.1075	-0.0255
			-0.027	-0.0255	0.0844
		A:
			0.6378	-0.5332	-0.5558
			0.8905	0.0797	-0.448
			-0.7493	0.5386	0.3854
			-0.6804	0.121	-0.7228
			-0.2592	-0.7253	0.6378
			0.5413	0.1322	-0.8303
		b:
			104.8769
			377.7995
			-198.5241
			-496.7879
			-122.5836
			116.6622
	==================================================================================
	Q5:
		Shape: Polyhedra
		q_c:	523.5	181.5	238.5
		ub :	527.3624	185.8709	242.8274
		lb :	519.6376	177.1291	234.1726
		A:
			-0.3951	-0.8934	0.2139
			-0.121	-0.0773	0.9896
			0.0513	0.8465	0.53
			0.0972	0.6465	0.7567
			0.8267	-0.2254	0.5155
			0.4116	0.4083	0.8148
			0.2698	0.782	0.5618
			-0.0687	0.5976	-0.7989
			-0.9605	0.1769	0.2149
			-0.2698	-0.782	-0.5618
			0.0687	-0.5976	0.7989
			0.9605	-0.1769	-0.2149
		b:
			-315.2201
			161.3322
			309.8745
			351.6648
			517.6405
			486.817
			420.1654
			-115.5142
			-416.4311
			-414.1654
			120.5142
			422.4311
	==================================================================================
	Q6:
		Shape: Polyhedra
		q_c:	528.0	189.0	239.5
		ub :	534.0023	194.4461	243.2835
		lb :	521.9977	183.5539	235.7165
		A:
			0.3413	0.379	-0.8602
			0.5958	-0.6384	0.4872
			-0.3926	0.6973	0.5997
			0.2165	0.2531	-0.9429
			-0.4728	-0.3894	0.7905
			-0.1848	-0.4913	0.8512
			0.815	0.3887	0.4298
			-0.2566	-0.423	0.869
			0.5196	-0.8185	-0.245
			-0.815	-0.3887	-0.4298
			0.2566	0.423	-0.869
			-0.5196	0.8185	0.245
		b:
			46.8989
			314.1395
			71.9433
			-62.3957
			-132.4748
			14.5152
			611.2096
			-6.3126
			64.9526
			-602.2096
			8.3126
			-56.9526


===========================================================================================
===========================================================================================
S4:
	q_c:	535.5	408.0	218.0
	ub :	556.3776	427.4144	231.372
	lb :	517.5181	394.2184	201.3038

	==================================================================================
	Q1:
		Shape: Ellipse
		q_c:	547.5	413.0	225.5
		ub :	552.478	420.1163	231.372
		lb :	542.522	405.8837	219.628
		P^-1:
			0.0935	-0.0333	-0.0617
			-0.0333	0.0598	0.0755
			-0.0617	0.0755	0.1828
	==================================================================================
	Q2:
		Shape: Polyhedra
		q_c:	525.5	401.5	222.5
		ub :	533.4819	408.7816	226.9711
		lb :	517.5181	394.2184	218.0289
		A:
			-0.386	0.2123	0.8977
			0.0828	0.7148	-0.6944
			0.4466	0.3444	0.8258
			0.5114	0.5949	0.6201
			0.1962	-0.0869	-0.9767
			0.2919	-0.1605	0.9429
			0.6174	0.7794	0.1063
			0.7748	-0.6259	0.0892
			0.1361	0.0273	-0.9903
			-0.6174	-0.7794	-0.1063
			-0.7748	0.6259	-0.0892
			-0.1361	-0.0273	0.9903
		b:
			86.1271
			180.381
			560.5699
			649.461
			-145.5333
			302.9094
			665.0411
			182.2003
			-134.3872
			-657.0411
			-169.2003
			141.3872
	==================================================================================
	Q3:
		Shape: Polyhedra
		q_c:	541.5	421.0	218.0
		ub :	547.2871	427.4144	224.1568
		lb :	535.7129	414.5856	211.8432
		A:
			0.4774	0.6706	-0.5678
			0.6112	-0.5917	0.5257
			-0.7343	0.6562	-0.1736
			0.6721	0.5186	0.5285
			0.9047	-0.2663	-0.3325
			0.1942	0.6439	0.74
			0.9596	0.2133	0.1836
			0.2353	-0.966	-0.1074
			0.1544	0.1462	-0.9771
			-0.9596	-0.2133	-0.1836
			-0.2353	0.966	0.1074
			-0.1544	-0.1462	0.9771
		b:
			421.821
			201.1579
			-154.5745
			701.7882
			309.7543
			542.3665
			653.4498
			-297.6602
			-62.8162
			-645.4498
			307.6602
			72.8162
	==================================================================================
	Q4:
		Shape: Hybrid
		q_c:	532.0	412.5	210.5
		ub :	542.3491	421.9108	219.6962
		lb :	521.6509	403.0892	201.3038
		P^-1:
			0.0287	0.014	0.0055
			0.014	0.0357	0.007
			0.0055	0.007	0.0205
		A:
			0.6635	0.6379	0.3909
			0.4415	0.8549	0.2724
			0.8636	0.37	-0.3425
			-0.466	-0.8633	0.1938
			-0.5778	0.1615	-0.8
			-0.5565	0.7662	0.3214
		b:
			700.7793
			647.2562
			543.9661
			-560.0774
			-404.47
			92.5742
	==================================================================================
	Q5:
		Shape: Hybrid
		q_c:	539.5	400.5	223.0
		ub :	544.3612	405.2459	229.3393
		lb :	534.6388	395.7541	216.6607
		P^-1:
			0.1978	0.0782	0.0361
			0.0782	0.1067	0.0152
			0.0361	0.0152	0.0411
		A:
			-0.6738	-0.6836	-0.2805
			-0.7324	0.0912	-0.6748
			0.8066	0.0515	0.5888
			0.5182	0.4409	0.7328
			-0.2038	-0.7943	-0.5723
			-0.79	-0.5545	-0.2617
		b:
			-698.5596
			-506.416
			589.2506
			622.3095
			-552.8409
			-705.546
	==================================================================================
	Q6:
		Shape: Hybrid
		q_c:	548.5	406.0	216.0
		ub :	556.3776	413.9394	222.428
		lb :	540.6224	398.0606	209.572
		P^-1:
			0.0465	0.0072	-0.0072
			0.0072	0.0479	-0.008
			-0.0072	-0.008	0.048
		A:
			0.7035	0.2658	0.6591
			0.5006	0.3142	-0.8066
			-0.3405	0.8176	-0.4643
			-0.0548	-0.9915	-0.1183
			-0.9877	0.0592	0.1448
			0.802	0.5961	0.0376
		b:
			639.1358
			230.076
			47.5572
			-455.4372
			-483.7354
			692.5


===========================================================================================
===========================================================================================
S5:
	q_c:	96.5	197.5	320.5
	ub :	109.8149	213.3299	337.5151
	lb :	77.6283	186.3032	307.8793

	==================================================================================
	Q1:
		Shape: Polyhedra
		q_c:	86.0	201.0	321.5
		ub :	93.9504	207.9924	328.4721
		lb :	78.0496	194.0076	314.5279
		A:
			-0.5737	-0.7526	-0.3232
			0.4781	0.4804	-0.7353
			0.0882	0.6737	0.7337
			0.3809	0.382	-0.842
			0.4829	-0.0449	0.8745
			-0.9617	0.1135	-0.2497
			0.7764	0.5962	0.2043
			0.4959	-0.778	0.3856
			0.3888	-0.1981	-0.8998
			-0.7764	-0.5962	-0.2043
			-0.4959	0.778	-0.3856
			-0.3888	0.1981	0.8998
		b:
			-299.0875
			-93.8073
			384.039
			-156.3528
			318.326
			-135.458
			257.7864
			13.7356
			-290.6452
			-246.7864
			-6.7356
			300.6452
	==================================================================================
	Q2:
		Shape: Hybrid
		q_c:	104.0	198.0	328.0
		ub :	109.8149	203.0683	333.9984
		lb :	98.1851	192.9317	322.0016
		P^-1:
			0.0612	0.0046	0.0155
			0.0046	0.1328	-0.0411
			0.0155	-0.0411	0.0971
		A:
			0.6001	-0.0645	0.7974
			0.6251	0.6968	-0.3518
			0.2382	0.0961	0.9664
			0.0554	0.9902	0.1283
			-0.0086	-0.9774	-0.2113
			-0.0605	-0.7602	-0.6469
		b:
			313.1875
			89.6259
			362.9982
			245.7542
			-261.715
			-366.5046
	==================================================================================
	Q3:
		Shape: Hybrid
		q_c:	89.0	193.5	315.5
		ub :	96.3954	200.6968	323.1207
		lb :	81.6046	186.3032	307.8793
		P^-1:
			0.0643	0.0159	0.0155
			0.0159	0.0657	-0.0085
			0.0155	-0.0085	0.0419
		A:
			0.413	0.81	-0.4163
			0.4582	-0.4038	0.7919
			-0.5936	-0.7706	0.2321
			0.9807	0.0453	0.1903
			-0.7812	-0.2243	-0.5825
			0.5199	-0.8542	0.0023
		b:
			64.2253
			214.846
			-126.7936
			158.3027
			-294.7304
			-115.2837
	==================================================================================
	Q4:
		Shape: Polyhedra
		q_c:	89.5	198.5	330.5
		ub :	95.8731	203.1011	336.7186
		lb :	83.1269	193.8989	324.2814
		A:
			0.317	0.9455	0.074
			-0.0202	-0.1568	0.9874
			-0.0969	0.3211	-0.9421
			0.2069	0.4399	0.8739
			-0.5207	-0.5633	0.6415
			0.4505	0.8435	-0.2926
			0.4843	0.5587	0.6733
			-0.2359	0.8244	-0.5145
			-0.8425	0.0903	0.5311
			-0.4843	-0.5587	-0.6733
			0.2359	-0.8244	0.5145
			0.8425	-0.0903	-0.5311
		b:
			243.5588
			297.0813
			-252.9148
			397.935
			57.7969
			114.5587
			379.7612
			-24.4942
			123.0584
			-373.7612
			30.4942
			-113.0584
	==================================================================================
	Q5:
		Shape: Ellipse
		q_c:	93.0	206.0	332.0
		ub :	100.1254	213.3299	337.5151
		lb :	85.8746	198.6701	326.4849
		P^-1:
			0.0628	0.021	0.0088
			0.021	0.0479	0.0059
			0.0088	0.0059	0.0534
	==================================================================================
	Q6:
		Shape: Ellipse
		q_c:	83.5	202.0	324.5
		ub :	89.3717	206.3038	330.4809
		lb :	77.6283	197.6962	318.5191
		P^-1:
			0.1182	-0.0849	0.0245
			-0.0849	0.1853	-0.0275
			0.0245	-0.0275	0.0584


===========================================================================================
===========================================================================================
S6:
	q_c:	165.0	236.5	394.0
	ub :	174.2095	243.7502	403.6188
	lb :	157.4823	227.7563	390.9412

	==================================================================================
	Q1:
		Shape: Polyhedra
		q_c:	165.5	240.5	400.0
		ub :	168.5974	243.2361	403.3367
		lb :	162.4026	237.7639	396.6633
		A:
			0.4583	-0.8743	-0.1601
			-0.1924	-0.4664	-0.8634
			-0.6194	0.7483	-0.2374
			-0.0222	0.3101	0.9504
			-0.7344	0.3966	-0.5507
			0.4649	-0.8083	-0.3614
			0.628	0.3218	0.7086
			0.639	-0.7329	-0.2334
			0.4442	0.5994	-0.6659
			-0.628	-0.3218	-0.7086
			-0.639	0.7329	0.2334
			-0.4442	-0.5994	0.6659
		b:
			-197.3617
			-487.0874
			-16.1255
			453.251
			-244.4457
			-260.8736
			467.2553
			-162.9009
			-46.678
			-462.2553
			164.9009
			50.678
	==================================================================================
	Q2:
		Shape: Ellipse
		q_c:	161.0	234.0	395.0
		ub :	164.5177	237.6979	399.0588
		lb :	157.4823	230.3021	390.9412
		P^-1:
			0.2268	0.0338	0.0347
			0.0338	0.1695	-0.0025
			0.0347	-0.0025	0.1248
	==================================================================================
	Q3:
		Shape: Hybrid
		q_c:	167.0	241.5	398.0
		ub :	169.7051	243.7502	400.7841
		lb :	164.2949	239.2498	395.2159
		P^-1:
			0.254	0.0449	-0.0307
			0.0449	0.7591	-0.3473
			-0.0307	-0.3473	0.4869
		A:
			0.5067	-0.7968	0.3292
			-0.4268	-0.6022	-0.6747
			0.2912	0.194	0.9368
			0.5174	-0.7772	0.358
			-0.9172	-0.0373	0.3968
			0.8085	0.3327	-0.4854
		b:
			24.1686
			-483.7496
			469.7275
			42.1539
			-2.843
			23.3784
	==================================================================================
	Q4:
		Shape: Ellipse
		q_c:	166.0	238.5	401.5
		ub :	169.0498	241.3282	403.6188
		lb :	162.9502	235.6718	399.3812
		P^-1:
			0.2604	-0.0014	-0.0438
			-0.0014	0.2502	0.006
			-0.0438	0.006	0.4338
	==================================================================================
	Q5:
		Shape: Ellipse
		q_c:	170.0	231.5	398.0
		ub :	174.2095	235.2437	401.8665
		lb :	165.7905	227.7563	394.1335
		P^-1:
			0.1782	-0.0265	0.0641
			-0.0265	0.1216	-0.0253
			0.0641	-0.0253	0.1724
	==================================================================================
	Q6:
		Shape: Polyhedra
		q_c:	164.0	238.0	395.0
		ub :	166.6086	240.0233	397.4506
		lb :	161.3914	235.9767	392.5494
		A:
			-0.4623	0.1627	-0.8717
			0.2739	0.5231	-0.807
			0.593	-0.7867	0.172
			-0.4352	-0.8973	-0.0733
			-0.2199	0.9108	-0.3493
			-0.0123	-0.051	0.9986
			0.8842	0.1364	0.4468
			-0.4055	0.699	0.5891
			-0.2319	-0.702	0.6733
			-0.8842	-0.1364	-0.4468
			0.4055	-0.699	-0.5891
			0.2319	0.702	-0.6733
		b:
			-379.7099
			-148.3233
			-20.53
			-312.4064
			43.9653
			381.6989
			355.9695
			334.0192
			61.8407
			-351.9695
			-331.0192
			-59.8407


===========================================================================================
===========================================================================================
S7:
	q_c:	340.5	26.0	454.0
	ub :	347.4428	34.3681	463.2923
	lb :	333.7635	18.0144	447.7939

	==================================================================================
	Q1:
		Shape: Hybrid
		q_c:	345.0	21.5	459.0
		ub :	347.4428	24.8428	462.3395
		lb :	342.5572	18.1572	455.6605
		P^-1:
			2.1258	1.7508	0.843
			1.7508	1.6418	0.7134
			0.843	0.7134	0.5035
		A:
			0.6647	0.7455	-0.049
			-0.7613	-0.5417	-0.3563
			-0.7594	-0.6459	0.0784
			-0.6547	-0.6505	-0.385
			-0.8584	-0.477	-0.1889
			0.561	0.3642	-0.7434
		b:
			223.6137
			-437.4978
			-239.0515
			-416.2569
			-392.4845
			-137.7337
	==================================================================================
	Q2:
		Shape: Ellipse
		q_c:	339.0	29.5	453.0
		ub :	343.0155	32.9934	456.774
		lb :	334.9845	26.0066	449.226
		P^-1:
			0.1812	-0.0377	0.0064
			-0.0377	0.2269	-0.0113
			0.0064	-0.0113	0.1619
	==================================================================================
	Q3:
		Shape: Ellipse
		q_c:	338.0	28.5	452.0
		ub :	340.8426	32.1939	456.2061
		lb :	335.1574	24.8061	447.7939
		P^-1:
			0.4051	-0.081	-0.0676
			-0.081	0.2394	-0.0532
			-0.0676	-0.0532	0.1315
	==================================================================================
	Q4:
		Shape: Polyhedra
		q_c:	343.5	26.5	459.5
		ub :	346.7929	29.8191	463.2751
		lb :	340.2071	23.1809	455.7249
		A:
			0.9592	0.0631	-0.2757
			-0.6086	-0.5155	0.6032
			-0.3498	0.0159	-0.9367
			0.7272	-0.6442	0.237
			-0.5699	-0.2558	-0.7809
			0.3165	-0.8834	-0.3456
			0.741	0.1534	0.6538
			0.0551	0.9564	-0.2868
			-0.6692	0.2486	0.7002
			-0.741	-0.1534	-0.6538
			-0.0551	-0.9564	0.2868
			0.6692	-0.2486	-0.7002
		b:
			206.8051
			56.9746
			-548.019
			343.9623
			-559.3229
			-71.0204
			560.9998
			-85.0153
			100.9635
			-556.9998
			90.0153
			-95.9635
	==================================================================================
	Q5:
		Shape: Ellipse
		q_c:	342.5	30.0	456.5
		ub :	346.037	34.3681	460.8548
		lb :	338.963	25.6319	452.1452
		P^-1:
			0.348	-0.0312	-0.1479
			-0.0312	0.1152	0.0195
			-0.1479	0.0195	0.2035
	==================================================================================
	Q6:
		Shape: Polyhedra
		q_c:	336.0	20.5	460.5
		ub :	338.2365	22.9856	463.2923
		lb :	333.7635	18.0144	457.7077
		A:
			-0.6731	0.6827	0.2844
			0.9162	-0.2333	0.3257
			-0.363	0.9154	-0.1742
			-0.6989	0.5043	-0.5072
			0.9036	-0.0598	-0.4243
			0.8997	-0.4308	0.0704
			0.7683	0.6369	0.0635
			0.6381	-0.7542	-0.1549
			-0.0508	0.1595	-0.9859
			-0.7683	-0.6369	-0.0635
			-0.6381	0.7542	0.1549
			0.0508	-0.1595	0.9859
		b:
			-79.6571
			454.7766
			-181.7459
			-456.1024
			108.6739
			327.4532
			301.9503
			129.0969
			-465.2875
			-298.9503
			-126.0969
			470.2875


===========================================================================================
===========================================================================================
S8:
	q_c:	507.5	267.0	75.0
	ub :	517.7206	274.2631	84.7355
	lb :	498.7692	258.2703	66.9344

	==================================================================================
	Q1:
		Shape: Hybrid
		q_c:	512.0	268.0	77.0
		ub :	516.4984	272.0231	81.8431
		lb :	507.5016	263.9769	72.1569
		P^-1:
			0.1341	-0.0558	0.0069
			-0.0558	0.2108	-0.04
			0.0069	-0.04	0.0978
		A:
			0.3196	0.1178	-0.9402
			0.7578	-0.3983	-0.5167
			0.2471	0.9416	0.2287
			-0.1143	-0.7356	-0.6677
			0.859	-0.4651	0.214
			0.3889	-0.887	0.2489
		b:
			124.9925
			243.3079
			398.3562
			-304.7654
			333.0541
			-18.4518
	==================================================================================
	Q2:
		Shape: Hybrid
		q_c:	513.5	270.0	81.5
		ub :	517.7206	274.2631	84.7355
		lb :	509.2794	265.7369	78.2645
		P^-1:
			0.1436	0.0628	-0.0764
			0.0628	0.2324	-0.1476
			-0.0764	-0.1476	0.2907
		A:
			-0.4012	-0.3131	0.8608
			0.0623	0.9976	-0.0311
			0.8444	0.1468	-0.5153
			-0.4698	-0.7071	0.5285
			-0.5121	0.1391	0.8476
			0.4985	0.7291	-0.469
		b:
			-219.4096
			300.5489
			432.795
			-388.1747
			-154.6589
			415.5795
	==================================================================================
	Q3:
		Shape: Polyhedra
		q_c:	503.5	269.0	73.0
		ub :	507.4526	273.6529	77.3518
		lb :	499.5474	264.3471	68.6482
		A:
			0.0523	-0.7885	0.6128
			0.8869	0.203	-0.4149
			0.8706	0.2357	-0.4318
			-0.5993	0.3665	0.7117
			-0.2537	-0.2903	-0.9227
			-0.8543	0.1036	-0.5093
			0.3243	0.5917	0.7381
			-0.8414	0.537	-0.0608
			-0.4323	-0.6013	0.672
			-0.3243	-0.5917	-0.7381
			0.8414	-0.537	0.0608
			0.4323	0.6013	-0.672
		b:
			-138.2982
			473.5517
			472.9477
			-148.591
			-270.2153
			-437.0489
			379.3121
			-281.6235
			-327.3773
			-373.3121
			285.6235
			333.3773
	==================================================================================
	Q4:
		Shape: Polyhedra
		q_c:	512.5	268.5	78.5
		ub :	516.3887	273.1629	82.8546
		lb :	508.6113	263.8371	74.1454
		A:
			0.9369	0.3344	-0.1019
			-0.4415	0.0293	-0.8968
			-0.5413	0.77	-0.3378
			0.211	-0.5993	-0.7722
			0.3525	0.0917	0.9313
			0.928	0.3726	0.008
			0.5056	0.5728	0.6452
			0.2277	0.6327	-0.7402
			-0.8322	0.5212	0.1894
			-0.5056	-0.5728	-0.6452
			-0.2277	-0.6327	0.7402
			0.8322	-0.5212	-0.1894
		b:
			564.5924
			-286.1983
			-94.2862
			-111.0781
			280.9695
			578.7677
			465.5784
			231.9753
			-269.1704
			-461.5784
			-224.9753
			274.1704
	==================================================================================
	Q5:
		Shape: Ellipse
		q_c:	503.5	264.0	73.5
		ub :	506.2101	266.8951	76.3469
		lb :	500.7899	261.1049	70.6531
		P^-1:
			0.293	-0.03	-0.0749
			-0.03	0.2709	0.0522
			-0.0749	0.0522	0.3805
	==================================================================================
	Q6:
		Shape: Hybrid
		q_c:	503.5	263.0	72.0
		ub :	508.2308	267.7297	77.0656
		lb :	498.7692	258.2703	66.9344
		P^-1:
			0.1002	-0.004	0.0237
			-0.004	0.1802	0.0854
			0.0237	0.0854	0.1433
		A:
			0.0145	0.5881	0.8087
			0.6988	0.7028	-0.1329
			-0.1478	-0.4836	-0.8627
			0.5575	-0.6573	0.5071
			-0.8735	-0.3717	-0.3145
			0.1121	-0.39	-0.9139
		b:
			221.3633
			529.636
			-262.4329
			146.537
			-558.2546
			-110.33


===========================================================================================
===========================================================================================
