3D_35_12_6_b                l = 3

===========================================================================================
===========================================================================================
S1:
	q_c:	391.5	304.0	503.5
	ub :	407.9174	316.7908	518.8561
	lb :	375.4986	295.6482	490.3718

	==================================================================================
	Q1:
		Shape: Polyhedra
		q_c:	389.0	305.0	498.0
		ub :	396.2699	313.444	504.146
		lb :	381.7301	296.556	491.854
		A:
			-0.4283	0.9017	0.0588
			-0.2669	0.8407	0.4712
			0.7344	-0.6699	-0.1088
			-0.6575	0.4019	-0.6373
			-0.926	0.289	-0.2429
			0.6772	-0.4983	-0.5413
			0.6471	0.7394	0.1861
			0.7619	-0.6364	-0.1208
			0.0291	0.2199	-0.9751
			-0.6471	-0.7394	-0.1861
			-0.7619	0.6364	0.1208
			-0.0291	-0.2199	0.9751
		b:
			141.7668
			392.0915
			30.2191
			-446.3925
			-388.6912
			-154.7756
			577.4034
			45.1201
			-402.6683
			-562.4034
			-39.1201
			411.6683
	==================================================================================
	Q2:
		Shape: Ellipse
		q_c:	390.5	303.0	497.0
		ub :	396.9406	308.0655	502.2653
		lb :	384.0594	297.9345	491.7347
		P^-1:
			0.05	-0.0045	-0.0224
			-0.0045	0.0825	-0.0104
			-0.0224	-0.0104	0.1002
	==================================================================================
	Q3:
		Shape: Hybrid
		q_c:	400.0	302.5	511.0
		ub :	406.0355	307.5489	516.7388
		lb :	393.9645	297.4511	505.2612
		P^-1:
			0.0675	0.0021	0.0159
			0.0021	0.0496	0.0018
			0.0159	0.0018	0.0633
		A:
			-0.2603	0.103	-0.96
			-0.75	-0.6604	0.0383
			0.9116	-0.312	-0.2675
			0.8442	0.5351	-0.0314
			-0.1133	0.8038	-0.584
			0.9279	0.0526	-0.3691
		b:
			-561.4082
			-477.7364
			136.1237
			485.8438
			-98.0335
			200.9813
	==================================================================================
	Q4:
		Shape: Ellipse
		q_c:	387.0	311.5	499.0
		ub :	395.1079	314.8075	507.3609
		lb :	378.8921	308.1925	490.6391
		P^-1:
			0.053	0.0932	-0.0039
			0.0932	0.4223	0.0011
			-0.0039	0.0011	0.0259
	==================================================================================
	Q5:
		Shape: Polyhedra
		q_c:	382.0	310.5	495.5
		ub :	388.5014	316.7908	500.6282
		lb :	375.4986	304.2092	490.3718
		A:
			0.4728	-0.2991	0.8288
			-0.3521	0.7574	-0.5499
			0.58	-0.674	0.4576
			-0.9218	0.2144	-0.3229
			0.2883	-0.0858	-0.9537
			0.6548	-0.5058	-0.5616
			0.53	0.7976	0.2878
			-0.4069	0.537	-0.739
			-0.744	0.2746	0.6092
			-0.53	-0.7976	-0.2878
			0.4069	-0.537	0.739
			0.744	-0.2746	-0.6092
		b:
			500.4649
			-169.7415
			241.0315
			-442.2213
			-385.557
			-181.1265
			598.261
			-353.3294
			106.8833
			-587.261
			356.3294
			-98.8833
	==================================================================================
	Q6:
		Shape: Ellipse
		q_c:	402.0	302.0	513.5
		ub :	407.9174	308.3518	518.8561
		lb :	396.0826	295.6482	508.1439
		P^-1:
			0.2171	0.1222	0.1496
			0.1222	0.111	0.1128
			0.1496	0.1128	0.2066


===========================================================================================
===========================================================================================
S2:
	q_c:	75.5	93.0	196.5
	ub :	89.4315	109.0235	212.0496
	lb :	57.5339	80.6774	184.4236

	==================================================================================
	Q1:
		Shape: Hybrid
		q_c:	64.5	99.5	203.0
		ub :	70.3145	105.3591	207.6306
		lb :	58.6855	93.6409	198.3694
		P^-1:
			0.0951	-0.0249	-0.0334
			-0.0249	0.0824	0.0203
			-0.0334	0.0203	0.1267
		A:
			0.4084	0.8727	0.2676
			-0.1686	0.6122	-0.7725
			-0.4016	-0.1441	-0.9044
			0.6545	0.2108	0.7261
			-0.3894	0.0791	0.9177
			-0.9177	0.2938	-0.2674
		b:
			170.1277
			-104.5541
			-221.6987
			213.02
			170.4369
			-82.0192
	==================================================================================
	Q2:
		Shape: Ellipse
		q_c:	84.0	101.0	190.5
		ub :	89.4315	106.3095	196.5764
		lb :	78.5685	95.6905	184.4236
		P^-1:
			0.1323	-0.0636	-0.0749
			-0.0636	0.111	0.0531
			-0.0749	0.0531	0.1186
	==================================================================================
	Q3:
		Shape: Hybrid
		q_c:	79.5	106.0	200.0
		ub :	83.2872	109.0235	204.3907
		lb :	75.7128	102.9765	195.6093
		P^-1:
			0.334	-0.0564	0.1373
			-0.0564	0.2853	-0.0631
			0.1373	-0.0631	0.1376
		A:
			-0.4672	-0.8824	-0.0556
			0.1572	0.8304	-0.5346
			-0.2454	0.2888	0.9254
			-0.7505	-0.6265	0.2103
			0.7137	-0.6957	-0.0814
			0.2796	0.9249	-0.2576
		b:
			-140.5367
			-4.7503
			199.3542
			-82.3302
			-31.6935
			70.1024
	==================================================================================
	Q4:
		Shape: Hybrid
		q_c:	65.5	98.5	204.5
		ub :	73.4661	103.5064	212.0496
		lb :	57.5339	93.4936	196.9504
		P^-1:
			0.0443	0.02	-0.0094
			0.02	0.1049	0.0065
			-0.0094	0.0065	0.039
		A:
			-0.1079	0.7486	0.6542
			0.1749	0.35	0.9203
			0.0666	0.8986	-0.4337
			0.3121	-0.9492	0.0408
			0.0202	-0.8483	0.5291
			-0.1105	-0.3909	-0.9138
		b:
			202.8361
			237.6686
			6.6091
			-62.2051
			28.7898
			-229.2076
	==================================================================================
	Q5:
		Shape: Hybrid
		q_c:	66.0	97.0	202.5
		ub :	73.067	104.0602	208.6031
		lb :	58.933	89.9398	196.3969
		P^-1:
			0.0714	-0.0131	-0.0295
			-0.0131	0.057	0.0195
			-0.0295	0.0195	0.0722
		A:
			0.8118	-0.0202	0.5836
			-0.3743	0.8374	-0.3982
			0.2552	0.8108	0.5267
			0.4902	0.3243	-0.809
			0.6986	-0.6462	-0.3071
			0.1611	0.2959	0.9415
		b:
			173.1351
			-20.8405
			204.8282
			-97.5715
			-76.7961
			232.6724
	==================================================================================
	Q6:
		Shape: Hybrid
		q_c:	67.5	87.5	201.5
		ub :	73.3197	94.3226	209.066
		lb :	61.6803	80.6774	193.934
		P^-1:
			0.1629	-0.0688	0.0859
			-0.0688	0.0851	-0.0246
			0.0859	-0.0246	0.0881
		A:
			0.8631	-0.4842	0.1435
			0.0339	0.3887	0.9207
			0.5874	-0.7043	0.3987
			0.9758	-0.1799	-0.1247
			-0.7463	0.6461	-0.1599
			0.8661	-0.2625	0.4254
		b:
			46.4289
			225.2396
			59.9292
			28.2964
			-24.6026
			122.4123


===========================================================================================
===========================================================================================
S3:
	q_c:	384.0	15.5	171.0
	ub :	397.8431	36.6952	190.1955
	lb :	367.3598	1.0579	163.3597

	==================================================================================
	Q1:
		Shape: Hybrid
		q_c:	382.5	7.0	178.0
		ub :	386.6195	12.9421	184.711
		lb :	378.3805	1.0579	171.289
		P^-1:
			0.1491	0.011	0.02
			0.011	0.0983	0.0379
			0.02	0.0379	0.0567
		A:
			-0.1902	-0.8922	-0.4096
			-0.7438	0.6106	-0.272
			-0.4106	-0.7311	-0.5448
			-0.7021	-0.0553	0.7099
			0.3129	-0.9389	-0.1438
			0.326	-0.9431	0.0656
		b:
			-150.2767
			-326.3329
			-257.6842
			-139.4254
			89.5469
			132.2446
	==================================================================================
	Q2:
		Shape: Hybrid
		q_c:	376.0	14.5	181.5
		ub :	384.6402	20.5735	190.1955
		lb :	367.3598	8.4265	172.8045
		P^-1:
			0.0332	0.0064	0.0041
			0.0064	0.059	0.0071
			0.0041	0.0071	0.0311
		A:
			-0.3213	-0.898	-0.3006
			-0.0968	-0.5834	-0.8064
			-0.0092	0.0585	-0.9982
			-0.0752	-0.8802	-0.4685
			-0.6233	-0.7269	-0.2883
			0.4438	-0.8198	-0.3618
		b:
			-186.3905
			-188.3561
			-179.9871
			-123.8857
			-294.8838
			92.1619
	==================================================================================
	Q3:
		Shape: Polyhedra
		q_c:	381.0	28.5	173.0
		ub :	389.2232	36.6952	181.8442
		lb :	372.7768	20.3048	164.1558
		A:
			-0.1525	0.7118	0.6856
			0.7991	0.4505	-0.398
			0.3706	-0.0176	-0.9286
			0.3175	-0.6096	0.7263
			-0.0683	0.9663	-0.2483
			-0.4054	-0.8402	0.3602
			0.853	0.0397	0.5204
			-0.3973	-0.5971	0.6968
			0.3384	-0.8012	-0.4936
			-0.853	-0.0397	-0.5204
			0.3973	0.5971	-0.6968
			-0.3384	0.8012	0.4936
		b:
			87.654
			252.7537
			-14.6732
			233.8749
			-35.8724
			-111.568
			421.1537
			-43.8455
			27.7158
			-411.1537
			51.8455
			-13.7158
	==================================================================================
	Q4:
		Shape: Polyhedra
		q_c:	391.0	18.0	175.5
		ub :	397.8431	25.3497	182.1935
		lb :	384.1569	10.6503	168.8065
		A:
			0.6878	-0.5242	-0.5021
			-0.8483	0.3741	-0.3747
			0.87	-0.4538	-0.1929
			-0.659	-0.5984	0.4557
			-0.239	0.154	0.9587
			0.3223	0.2457	0.9142
			0.8539	0.4569	0.2493
			-0.4816	0.5119	0.7113
			0.1974	-0.7274	0.6572
			-0.8539	-0.4569	-0.2493
			0.4816	-0.5119	-0.7113
			-0.1974	0.7274	-0.6572
		b:
			175.0019
			-386.0982
			302.1819
			-183.8035
			81.3436
			295.2307
			390.8413
			-50.7687
			183.9063
			-380.8413
			57.7687
			-174.9063
	==================================================================================
	Q5:
		Shape: Polyhedra
		q_c:	385.0	23.5	171.5
		ub :	393.4676	30.365	178.7279
		lb :	376.5324	16.635	164.2721
		A:
			0.0108	0.8902	-0.4554
			-0.1463	0.9129	-0.381
			0.686	-0.7185	-0.1145
			0.0064	0.0142	0.9999
			-0.5775	0.4294	0.6943
			-0.4526	0.7357	0.5039
			0.4108	0.9004	0.1434
			0.1663	0.0807	-0.9828
			-0.8964	0.4276	-0.1165
			-0.4108	-0.9004	-0.1434
			-0.1663	-0.0807	0.9828
			0.8964	-0.4276	0.1165
		b:
			-47.9291
			-94.9033
			233.7665
			180.2507
			-87.0961
			-64.8012
			207.9149
			-96.6424
			-348.5673
			-199.9149
			108.6424
			361.5673
	==================================================================================
	Q6:
		Shape: Polyhedra
		q_c:	382.5	9.5	169.0
		ub :	388.5122	16.2871	174.6403
		lb :	376.4878	2.7129	163.3597
		A:
			-0.4208	-0.8296	-0.367
			-0.6494	0.7603	0.0183
			-0.4429	-0.6779	-0.5868
			-0.3381	0.7959	0.5022
			0.4111	0.2664	0.8718
			-0.6936	-0.3376	-0.6364
			0.5066	0.4851	0.7128
			0.2157	0.7291	-0.6495
			-0.8348	0.4828	0.2647
			-0.5066	-0.4851	-0.7128
			-0.2157	-0.7291	0.6495
			0.8348	-0.4828	-0.2647
		b:
			-228.1065
			-233.0804
			-273.129
			-32.6979
			309.1399
			-374.1317
			320.3338
			-15.3345
			-264.9797
			-317.3338
			25.3345
			274.9797


===========================================================================================
===========================================================================================
S4:
	q_c:	403.5	62.0	398.0
	ub :	415.4547	90.4934	430.8789
	lb :	372.2431	46.9857	374.4525

	==================================================================================
	Q1:
		Shape: Ellipse
		q_c:	400.5	82.0	410.0
		ub :	408.7183	90.4934	417.948
		lb :	392.2817	73.5066	402.052
		P^-1:
			0.0391	0.0041	-0.0007
			0.0041	0.0218	0.003
			-0.0007	0.003	0.0395
	==================================================================================
	Q2:
		Shape: Hybrid
		q_c:	392.0	62.5	394.0
		ub :	402.248	73.2399	403.8012
		lb :	381.752	51.7601	384.1988
		P^-1:
			0.0278	0.0027	0.0043
			0.0027	0.0252	0.0037
			0.0043	0.0037	0.0241
		A:
			0.1891	0.7101	0.6782
			0.6512	-0.7344	-0.1914
			-0.1461	0.9242	-0.3529
			0.8309	-0.5256	0.1829
			-0.9186	0.364	0.1542
			-0.1412	-0.6449	-0.7511
		b:
			388.8128
			137.6973
			-134.59
			368.5207
			-272.9045
			-388.468
	==================================================================================
	Q3:
		Shape: Ellipse
		q_c:	386.5	76.0	386.5
		ub :	400.7569	87.0197	398.5475
		lb :	372.2431	64.9803	374.4525
		P^-1:
			0.0138	-0.0137	0.0053
			-0.0137	0.0465	-0.0199
			0.0053	-0.0199	0.0244
	==================================================================================
	Q4:
		Shape: Ellipse
		q_c:	400.0	68.5	403.0
		ub :	412.2319	77.2096	416.038
		lb :	387.7681	59.7904	389.962
		P^-1:
			0.0238	0.0149	0.0044
			0.0149	0.0398	0.0034
			0.0044	0.0034	0.0105
	==================================================================================
	Q5:
		Shape: Polyhedra
		q_c:	401.5	51.5	416.5
		ub :	415.4547	56.0143	430.8789
		lb :	387.5453	46.9857	402.1211
		A:
			0.8156	-0.573	-0.0803
			-0.0547	0.9922	0.1121
			-0.0656	-0.9451	-0.3202
			0.1251	0.9677	0.2188
			-0.241	-0.9524	0.1866
			-0.2934	-0.9551	0.0426
			0.1684	0.9839	0.06
			0.7708	-0.0935	-0.6302
			-0.6145	0.1523	-0.7741
			-0.1684	-0.9839	-0.06
			-0.7708	0.0935	0.6302
			0.6145	-0.1523	0.7741
		b:
			273.2565
			78.6665
			-205.1168
			193.7524
			-64.9749
			-146.8352
			145.2452
			50.6514
			-549.7761
			-141.2452
			-33.6514
			572.7761
	==================================================================================
	Q6:
		Shape: Hybrid
		q_c:	394.0	59.5	386.0
		ub :	404.1168	68.829	393.1837
		lb :	383.8832	50.171	378.8163
		P^-1:
			0.0293	0.0042	-0.0147
			0.0042	0.0292	0.0081
			-0.0147	0.0081	0.0548
		A:
			-0.7435	0.6681	-0.0276
			0.3955	0.5513	-0.7346
			0.7339	0.3347	0.5911
			0.114	-0.9006	-0.4194
			0.9942	0.0157	0.1063
			0.2147	0.9414	-0.2602
		b:
			-258.7689
			-91.875
			541.3708
			-167.0994
			438.3294
			44.1711


===========================================================================================
===========================================================================================
S5:
	q_c:	517.5	132.5	442.5
	ub :	537.4355	150.0751	457.645
	lb :	506.0999	121.3181	427.7501

	==================================================================================
	Q1:
		Shape: Polyhedra
		q_c:	520.0	141.0	434.5
		ub :	526.4612	146.4969	441.1445
		lb :	513.5388	135.5031	427.8555
		A:
			-0.904	0.3568	0.2355
			0.6838	-0.6665	0.297
			-0.31	0.9497	-0.0435
			-0.6465	0.756	-0.1025
			0.7123	-0.6947	0.0999
			-0.8424	0.4891	0.2261
			0.7367	0.6443	0.2055
			-0.2036	-0.0785	0.9759
			0.6449	-0.7608	0.0733
			-0.7367	-0.6443	-0.2055
			0.2036	0.0785	-0.9759
			-0.6449	0.7608	-0.0733
		b:
			-314.0025
			393.0011
			-43.4032
			-272.1146
			317.944
			-267.8628
			568.7161
			312.5844
			261.9193
			-557.7161
			-301.5844
			-257.9193
	==================================================================================
	Q2:
		Shape: Polyhedra
		q_c:	521.5	139.0	437.0
		ub :	527.3562	143.2597	442.8564
		lb :	515.6438	134.7403	431.1436
		A:
			0.3857	0.8922	0.235
			-0.2448	-0.8072	-0.5371
			0.7317	-0.5732	-0.3688
			0.6126	-0.6393	0.4648
			-0.3954	0.9184	0.0138
			0.3725	-0.9162	0.1476
			0.6873	0.0223	0.726
			-0.4819	0.7618	0.4328
			-0.5435	-0.6474	0.5344
			-0.6873	-0.0223	-0.726
			0.4819	-0.7618	-0.4328
			0.5435	0.6474	-0.5344
		b:
			431.1823
			-471.3537
			143.4125
			437.2123
			-69.7349
			134.3617
			682.8033
			46.1962
			-136.389
			-674.8033
			-41.1962
			143.389
	==================================================================================
	Q3:
		Shape: Polyhedra
		q_c:	515.0	142.0	439.0
		ub :	521.1171	148.7054	446.5673
		lb :	508.8829	135.2946	431.4327
		A:
			0.8178	0.5271	0.2309
			0.5704	0.4267	0.7018
			-0.729	-0.4818	-0.4862
			-0.4497	-0.7711	-0.4507
			0.8356	0.5054	-0.2154
			0.1424	-0.9418	-0.3046
			0.6333	0.6252	0.4561
			0.7505	-0.3522	-0.5592
			-0.189	0.6965	-0.6923
			-0.6333	-0.6252	-0.4561
			-0.7505	0.3522	0.5592
			0.189	-0.6965	0.6923
		b:
			599.6029
			664.7028
			-655.5466
			-537.0165
			411.3506
			-189.7808
			616.6617
			96.511
			-296.8295
			-613.6617
			-85.511
			307.8295
	==================================================================================
	Q4:
		Shape: Polyhedra
		q_c:	525.0	143.5	451.0
		ub :	529.7903	150.0751	457.645
		lb :	520.2097	136.9249	444.355
		A:
			-0.7962	-0.5928	-0.1213
			0.6645	-0.2648	0.6988
			0.5931	0.3801	0.7097
			0.7604	0.4599	0.4586
			-0.8334	-0.5305	0.1548
			-0.8022	-0.1645	-0.574
			0.8596	0.2924	0.4189
			-0.0706	-0.7441	0.6643
			0.506	-0.6006	-0.619
			-0.8596	-0.2924	-0.4189
			0.0706	0.7441	-0.6643
			-0.506	0.6006	0.619
		b:
			-555.9023
			628.2506
			688.8221
			673.8948
			-441.4064
			-701.9943
			683.7151
			158.7485
			-93.2155
			-680.7151
			-152.7485
			106.2155
	==================================================================================
	Q5:
		Shape: Polyhedra
		q_c:	511.5	129.0	431.5
		ub :	516.9001	136.6819	435.2499
		lb :	506.0999	121.3181	427.7501
		A:
			-0.4513	-0.2318	-0.8617
			-0.2633	-0.6019	0.7539
			0.9469	0.004	-0.3216
			-0.4566	-0.2579	0.8514
			-0.6589	-0.1509	-0.7369
			0.9861	0.0856	-0.1421
			0.7138	0.2109	0.6678
			-0.606	-0.292	0.7399
			0.3511	-0.9329	-0.0806
			-0.7138	-0.2109	-0.6678
			0.606	0.292	-0.7399
			-0.3511	0.9329	0.0806
		b:
			-630.3766
			116.6058
			349.3856
			103.0418
			-672.4687
			457.0778
			682.4883
			-25.8548
			31.4385
			-678.4883
			30.8548
			-17.4385
	==================================================================================
	Q6:
		Shape: Polyhedra
		q_c:	530.5	138.5	440.0
		ub :	537.4355	147.0706	448.5383
		lb :	523.5645	129.9294	431.4617
		A:
			-0.4413	-0.8753	0.1979
			-0.9603	-0.0175	0.2786
			0.1237	-0.992	-0.0254
			-0.8908	0.3704	-0.2633
			-0.1492	0.9313	0.3322
			0.2932	-0.9272	-0.2333
			0.6957	0.6731	0.2507
			0.7122	-0.601	-0.3628
			-0.0936	0.4309	-0.8975
			-0.6957	-0.6731	-0.2507
			-0.7122	0.601	0.3628
			0.0936	-0.4309	0.8975
		b:
			-262.8719
			-384.7875
			-78.0564
			-532.2151
			200.4173
			-71.1088
			577.6085
			138.9442
			-378.3663
			-567.6085
			-130.9442
			391.3663


===========================================================================================
===========================================================================================
S6:
	q_c:	121.0	112.5	116.0
	ub :	135.4046	133.6941	132.0034
	lb :	96.9723	100.5377	92.6859

	==================================================================================
	Q1:
		Shape: Polyhedra
		q_c:	129.0	127.5	104.0
		ub :	135.4046	131.8901	110.6449
		lb :	122.5954	123.1099	97.3551
		A:
			-0.7304	0.5313	0.4291
			-0.0168	-0.5504	-0.8347
			0.2358	-0.791	-0.5645
			-0.905	-0.2982	-0.3033
			0.4441	-0.662	-0.6037
			-0.1211	-0.978	0.1697
			0.5497	0.097	0.8297
			-0.5192	0.8177	0.2484
			-0.6544	-0.5674	0.4999
			-0.5497	-0.097	-0.8297
			0.5192	-0.8177	-0.2484
			0.6544	0.5674	-0.4999
		b:
			20.5627
			-155.1403
			-126.3777
			-181.7149
			-87.3128
			-119.4829
			174.5745
			65.1141
			-100.7585
			-164.5745
			-61.1141
			108.7585
	==================================================================================
	Q2:
		Shape: Ellipse
		q_c:	106.0	122.0	106.5
		ub :	115.0277	129.5674	115.0778
		lb :	96.9723	114.4326	97.9222
		P^-1:
			0.0357	0.0	0.0034
			0.0	0.0331	0.0
			0.0034	0.0	0.0374
	==================================================================================
	Q3:
		Shape: Ellipse
		q_c:	113.5	125.5	107.0
		ub :	121.5828	133.6941	114.8109
		lb :	105.4172	117.3059	99.1891
		P^-1:
			0.0378	-0.006	0.0017
			-0.006	0.0466	-0.0123
			0.0017	-0.0123	0.0512
	==================================================================================
	Q4:
		Shape: Ellipse
		q_c:	109.5	116.5	124.0
		ub :	115.4326	125.4688	132.0034
		lb :	103.5674	107.5312	115.9966
		P^-1:
			0.089	-0.0172	0.0284
			-0.0172	0.0252	-0.016
			0.0284	-0.016	0.0547
	==================================================================================
	Q5:
		Shape: Hybrid
		q_c:	110.0	122.5	123.0
		ub :	119.7235	132.3756	128.6801
		lb :	100.2765	112.6244	117.3199
		P^-1:
			0.0535	-0.0068	-0.0804
			-0.0068	0.0218	0.0164
			-0.0804	0.0164	0.2155
		A:
			0.6166	-0.2313	-0.7526
			0.5871	0.1718	-0.7911
			0.6584	-0.3278	-0.6776
			-0.406	0.1446	0.9024
			-0.3872	0.8887	-0.2457
			0.3364	-0.5282	-0.7796
		b:
			-51.1179
			-9.6223
			-48.5369
			85.0994
			42.0559
			-120.9142
	==================================================================================
	Q6:
		Shape: Ellipse
		q_c:	106.5	107.5	101.5
		ub :	113.7669	114.4623	110.3141
		lb :	99.2331	100.5377	92.6859
		P^-1:
			0.2324	-0.2073	-0.0271
			-0.2073	0.2354	0.0246
			-0.0271	0.0246	0.0281


===========================================================================================
===========================================================================================
S7:
	q_c:	319.0	397.0	172.5
	ub :	335.4193	403.5113	190.3235
	lb :	319.5725	381.7298	165.8878

	==================================================================================
	Q1:
		Shape: Ellipse
		q_c:	325.5	388.0	171.0
		ub :	331.4275	392.9766	176.1122
		lb :	319.5725	383.0234	165.8878
		P^-1:
			0.0678	-0.017	0.0444
			-0.017	0.136	-0.0793
			0.0444	-0.0793	0.1772
	==================================================================================
	Q2:
		Shape: Hybrid
		q_c:	326.0	395.5	184.5
		ub :	330.931	400.0874	190.3235
		lb :	321.069	390.9126	178.6765
		P^-1:
			0.0797	-0.0054	-0.0042
			-0.0054	0.1024	-0.0178
			-0.0042	-0.0178	0.0731
		A:
			-0.1857	-0.7848	-0.5913
			0.873	-0.0803	0.4811
			0.2412	-0.8479	-0.4721
			-0.8447	0.4403	0.3042
			0.5929	-0.6733	-0.4417
			-0.5031	0.2177	0.8364
		b:
			-477.6891
			343.7517
			-341.7407
			-43.1514
			-152.4815
			78.6068
	==================================================================================
	Q3:
		Shape: Hybrid
		q_c:	329.5	395.0	174.5
		ub :	335.4193	399.441	180.4719
		lb :	323.5807	390.559	168.5281
		P^-1:
			0.1271	-0.0654	-0.0696
			-0.0654	0.1231	0.0585
			-0.0696	0.0585	0.1117
		A:
			-0.6225	0.4152	0.6634
			0.4886	-0.8327	-0.2606
			-0.7212	0.6793	0.1357
			0.6699	-0.166	-0.7237
			0.6209	-0.3735	-0.6892
			0.5836	-0.652	-0.484
		b:
			75.7811
			-211.9241
			56.0176
			30.3661
			-62.0505
			-148.6804
	==================================================================================
	Q4:
		Shape: Ellipse
		q_c:	326.5	387.5	177.5
		ub :	332.2626	393.2702	183.1909
		lb :	320.7374	381.7298	171.8091
		P^-1:
			0.056	0.0077	0.0108
			0.0077	0.0904	-0.0176
			0.0108	-0.0176	0.0958
	==================================================================================
	Q5:
		Shape: Ellipse
		q_c:	325.5	398.5	181.5
		ub :	330.8326	403.5113	185.3393
		lb :	320.1674	393.4887	177.6607
		P^-1:
			0.1098	-0.0024	-0.0628
			-0.0024	0.0818	0.0054
			-0.0628	0.0054	0.2216
	==================================================================================
	Q6:
		Shape: Polyhedra
		q_c:	327.5	386.0	172.0
		ub :	330.6577	390.1299	176.0839
		lb :	324.3423	381.8701	167.9161
		A:
			0.3226	-0.2855	-0.9024
			0.4602	0.8436	0.2768
			0.9498	0.303	0.0782
			0.1393	-0.0007	-0.9903
			0.6223	-0.407	0.6686
			0.4328	0.5409	-0.7212
			0.5477	0.5861	0.5971
			-0.1886	0.7817	-0.5944
			-0.8152	0.2129	0.5387
			-0.5477	-0.5861	-0.5971
			0.1886	-0.7817	0.5944
			0.8152	-0.2129	-0.5387
		b:
			-157.8406
			526.5275
			443.5644
			-122.6627
			164.5092
			228.9955
			510.8045
			140.7501
			-90.6286
			-505.8045
			-134.7501
			93.6286


===========================================================================================
===========================================================================================
S8:
	q_c:	84.0	247.5	112.5
	ub :	99.929	259.3078	130.5294
	lb :	61.0955	222.786	90.0778

	==================================================================================
	Q1:
		Shape: Polyhedra
		q_c:	74.5	236.5	107.0
		ub :	86.7702	248.7657	115.9947
		lb :	62.2298	224.2343	98.0053
		A:
			0.9443	0.3263	-0.0428
			-0.3051	-0.8141	-0.4941
			-0.1254	0.7488	-0.6508
			0.8711	0.4154	0.2618
			0.8597	0.3701	0.3522
			0.4883	0.7106	-0.5065
			0.5446	0.5696	0.6156
			-0.7775	0.6181	0.1158
			-0.3146	-0.5417	0.7795
			-0.5446	-0.5696	-0.6156
			0.7775	-0.6181	-0.1158
			0.3146	0.5417	-0.7795
		b:
			149.937
			-262.7446
			105.5954
			197.0134
			195.0628
			156.5154
			245.6597
			110.6539
			-61.6342
			-236.6597
			-90.6539
			74.6342
	==================================================================================
	Q2:
		Shape: Hybrid
		q_c:	75.0	239.5	100.0
		ub :	86.461	250.191	109.9222
		lb :	63.539	228.809	90.0778
		P^-1:
			0.023	0.0123	0.0043
			0.0123	0.0308	-0.0009
			0.0043	-0.0009	0.0222
		A:
			-0.1257	0.6443	0.7543
			-0.0253	0.9581	0.2854
			-0.8027	-0.3791	-0.4603
			0.3025	0.9529	0.0215
			0.3351	0.819	0.4657
			0.9224	0.2339	0.3074
		b:
			225.4301
			260.4805
			-193.8262
			256.0389
			271.1195
			159.7845
	==================================================================================
	Q3:
		Shape: Ellipse
		q_c:	72.0	244.5	107.5
		ub :	82.9045	252.9355	117.5628
		lb :	61.0955	236.0645	97.4372
		P^-1:
			0.0242	-0.0077	0.0009
			-0.0077	0.036	-0.0019
			0.0009	-0.0019	0.0206
	==================================================================================
	Q4:
		Shape: Hybrid
		q_c:	90.0	236.0	101.0
		ub :	98.3783	245.4191	108.4276
		lb :	81.6217	226.5809	93.5724
		P^-1:
			0.2061	0.0386	-0.2058
			0.0386	0.0337	-0.0242
			-0.2058	-0.0242	0.2585
		A:
			-0.5569	-0.7192	0.4153
			-0.5302	-0.1599	0.8326
			-0.7023	-0.1524	0.6953
			0.5223	0.1451	-0.8403
			-0.5652	0.2345	0.7909
			-0.6087	0.6632	0.4356
		b:
			-174.5894
			-0.1038
			-28.1563
			-2.3745
			86.0509
			150.6702
	==================================================================================
	Q5:
		Shape: Hybrid
		q_c:	91.5	234.0	116.5
		ub :	99.929	245.214	127.142
		lb :	83.071	222.786	105.858
		P^-1:
			0.0234	0.0009	0.001
			0.0009	0.0204	-0.0039
			0.001	-0.0039	0.0192
		A:
			0.2684	0.9501	-0.1587
			0.3635	-0.1418	0.9208
			0.0735	0.4193	-0.9049
			0.4011	0.2192	-0.8894
			-0.6111	-0.7914	-0.0175
			0.2026	0.4483	-0.8706
		b:
			231.9749
			111.0702
			2.9663
			-11.8155
			-239.5986
			25.522
	==================================================================================
	Q6:
		Shape: Polyhedra
		q_c:	90.5	255.5	123.0
		ub :	99.0499	259.3078	130.5294
		lb :	81.9501	251.6922	115.4706
		A:
			-0.18	0.2333	0.9556
			-0.9057	-0.118	-0.4071
			-0.2917	0.7855	-0.5458
			-0.0228	0.9607	-0.2766
			-0.515	0.5779	-0.6331
			0.4553	0.8259	0.3325
			0.3774	0.4832	0.79
			-0.3119	0.8696	-0.3829
			-0.872	-0.1019	0.4789
			-0.3774	-0.4832	-0.79
			0.3119	-0.8696	0.3829
			0.872	0.1019	-0.4789
		b:
			166.5674
			-156.5915
			108.5336
			211.5163
			25.342
			297.6086
			259.2765
			147.8639
			-38.5376
			-250.2765
			-145.8639
			53.5376


===========================================================================================
===========================================================================================
S9:
	q_c:	428.0	485.0	235.5
	ub :	446.6754	505.1394	255.9898
	lb :	411.5715	472.3667	221.7921

	==================================================================================
	Q1:
		Shape: Ellipse
		q_c:	431.5	483.0	240.5
		ub :	442.7319	493.2122	250.9436
		lb :	420.2681	472.7878	230.0564
		P^-1:
			0.0211	0.0005	0.0012
			0.0005	0.0208	0.0009
			0.0012	0.0009	0.0226
	==================================================================================
	Q2:
		Shape: Hybrid
		q_c:	433.0	489.5	241.5
		ub :	441.3306	497.1928	246.9005
		lb :	424.6694	481.8072	236.0995
		P^-1:
			0.0728	0.0713	0.0544
			0.0713	0.1187	0.0819
			0.0544	0.0819	0.1283
		A:
			0.2318	0.0784	0.9696
			-0.4295	-0.3498	-0.8326
			-0.0681	-0.5736	-0.8163
			0.2154	-0.0735	-0.9738
			-0.7149	-0.6389	-0.2841
			0.7733	0.6326	0.0426
		b:
			375.3828
			-556.6251
			-505.4837
			-174.9727
			-689.1273
			657.1852
	==================================================================================
	Q3:
		Shape: Ellipse
		q_c:	430.5	475.5	247.0
		ub :	434.0553	478.6333	250.9871
		lb :	426.9447	472.3667	243.0129
		P^-1:
			0.3195	0.0	-0.1713
			0.0	0.1579	-0.017
			-0.1713	-0.017	0.2087
	==================================================================================
	Q4:
		Shape: Ellipse
		q_c:	435.5	483.0	245.0
		ub :	446.6754	491.0334	255.9898
		lb :	424.3246	474.9666	234.0102
		P^-1:
			0.025	-0.0113	0.004
			-0.0113	0.0387	-0.0098
			0.004	-0.0098	0.0239
	==================================================================================
	Q5:
		Shape: Polyhedra
		q_c:	424.5	486.0	228.0
		ub :	430.0614	492.7372	233.3485
		lb :	418.9386	479.2628	222.6515
		A:
			-0.7101	-0.3845	-0.5898
			0.3846	0.3532	0.8528
			0.658	0.2636	0.7054
			-0.2007	-0.0801	-0.9764
			-0.5319	-0.3189	-0.7845
			0.6103	0.3256	0.7221
			0.6427	0.3936	0.6573
			0.2937	-0.919	0.2632
			0.7076	0.0239	-0.7062
			-0.6427	-0.3936	-0.6573
			-0.2937	0.919	-0.2632
			-0.7076	-0.0239	0.7062
		b:
			-622.1352
			530.9023
			569.3206
			-343.6969
			-558.6144
			582.7503
			614.4655
			-254.9595
			155.5094
			-613.4655
			268.9595
			-146.5094
	==================================================================================
	Q6:
		Shape: Ellipse
		q_c:	418.5	497.5	226.0
		ub :	425.4285	505.1394	230.2079
		lb :	411.5715	489.8606	221.7921
		P^-1:
			1.069	-0.3526	-1.7064
			-0.3526	0.1531	0.5808
			-1.7064	0.5808	2.8441


===========================================================================================
===========================================================================================
S10:
	q_c:	525.5	309.0	200.5
	ub :	547.9323	334.1546	219.7182
	lb :	503.5164	281.8449	185.4888

	==================================================================================
	Q1:
		Shape: Ellipse
		q_c:	516.0	312.0	208.0
		ub :	528.4072	325.223	219.7182
		lb :	503.5928	298.777	196.2818
		P^-1:
			0.0187	-0.0036	-0.0032
			-0.0036	0.0166	0.0018
			-0.0032	0.0018	0.0178
	==================================================================================
	Q2:
		Shape: Hybrid
		q_c:	524.0	321.0	200.5
		ub :	530.3652	329.8672	208.6193
		lb :	517.6348	312.1328	192.3807
		P^-1:
			0.0287	-0.0054	0.0067
			-0.0054	0.0507	-0.0468
			0.0067	-0.0468	0.0734
		A:
			-0.0822	0.5204	-0.8499
			-0.3675	-0.7889	0.4926
			0.4847	-0.6497	0.5856
			-0.331	-0.3031	0.8936
			-0.413	-0.5718	0.7089
			-0.0749	-0.6661	0.7421
		b:
			-44.7745
			-343.9691
			165.1254
			-88.6062
			-255.3395
			-102.6247
	==================================================================================
	Q3:
		Shape: Ellipse
		q_c:	535.0	300.0	196.5
		ub :	546.6959	312.1337	202.0823
		lb :	523.3041	287.8663	190.9177
		P^-1:
			0.0158	-0.0025	-0.0141
			-0.0025	0.0169	0.02
			-0.0141	0.02	0.1046
	==================================================================================
	Q4:
		Shape: Ellipse
		q_c:	535.0	294.5	206.5
		ub :	547.9323	307.1551	216.3952
		lb :	522.0677	281.8449	196.6048
		P^-1:
			0.0109	0.0027	-0.0015
			0.0027	0.0237	-0.0164
			-0.0015	-0.0164	0.0387
	==================================================================================
	Q5:
		Shape: Polyhedra
		q_c:	526.5	324.0	196.5
		ub :	534.4927	334.1546	205.2049
		lb :	518.5073	313.8454	187.7951
		A:
			0.251	0.677	0.6919
			-0.3598	0.8463	0.3929
			0.6269	-0.7788	-0.0226
			0.9549	0.2966	-0.0114
			-0.3603	-0.1285	-0.9239
			0.0125	-0.4523	-0.8918
			0.366	0.5044	0.7821
			-0.8944	0.4228	0.1459
			-0.2571	-0.7529	0.6059
			-0.366	-0.5044	-0.7821
			0.8944	-0.4228	-0.1459
			0.2571	0.7529	-0.6059
		b:
			491.6129
			166.9961
			78.9049
			602.2602
			-408.1258
			-310.8584
			513.8139
			-300.2271
			-252.2243
			-505.8139
			310.2271
			268.2243
	==================================================================================
	Q6:
		Shape: Hybrid
		q_c:	513.5	310.0	198.0
		ub :	523.4836	322.1476	210.5112
		lb :	503.5164	297.8524	185.4888
		P^-1:
			0.0224	0.0044	-0.0019
			0.0044	0.0243	0.0151
			-0.0019	0.0151	0.0253
		A:
			0.2118	-0.2537	-0.9438
			0.3253	-0.8337	-0.4462
			-0.3353	0.5948	0.7306
			0.8581	-0.4908	-0.151
			-0.839	0.0848	-0.5375
			0.6787	0.4886	0.5483
		b:
			-152.832
			-175.8535
			159.6994
			263.8205
			-504.8377
			611.9722


===========================================================================================
===========================================================================================
S11:
	q_c:	67.5	193.0	484.5
	ub :	71.8554	211.3998	502.7562
	lb :	48.1901	183.0555	461.5985

	==================================================================================
	Q1:
		Shape: Hybrid
		q_c:	65.0	201.5	471.0
		ub :	71.8554	211.3998	480.4015
		lb :	58.1446	191.6002	461.5985
		P^-1:
			0.0716	-0.0197	-0.0068
			-0.0197	0.0311	0.0108
			-0.0068	0.0108	0.0298
		A:
			0.5084	-0.3638	-0.7805
			-0.5111	0.8218	-0.2518
			0.839	-0.1011	-0.5346
			-0.3072	0.3142	0.8983
			0.7947	-0.1164	0.5957
			0.7038	-0.7097	0.0327
		b:
			-404.9296
			17.7666
			-214.9148
			469.9053
			311.9974
			-79.1037
	==================================================================================
	Q2:
		Shape: Hybrid
		q_c:	66.0	197.5	489.5
		ub :	69.7036	201.9103	493.8356
		lb :	62.2964	193.0897	485.1644
		P^-1:
			0.3472	0.1495	0.0481
			0.1495	0.1717	0.0399
			0.0481	0.0399	0.1183
		A:
			-0.8815	-0.2032	-0.4263
			-0.7264	-0.2887	-0.6237
			0.9956	0.0933	0.0125
			-0.6597	-0.5149	-0.5474
			0.7948	0.3496	0.4961
			-0.6363	0.5367	0.5541
		b:
			-305.8451
			-409.0085
			91.5021
			-412.1204
			365.3518
			337.6002
	==================================================================================
	Q3:
		Shape: Polyhedra
		q_c:	58.5	202.0	496.0
		ub :	66.3221	209.074	502.7562
		lb :	50.6779	194.926	489.2438
		A:
			-0.1623	0.986	0.0375
			0.6793	0.7171	-0.1562
			-0.7009	-0.6882	0.1874
			0.6204	0.1857	0.762
			0.6595	0.0462	-0.7503
			-0.7238	0.2782	-0.6314
			0.7446	0.5973	0.298
			-0.3313	-0.057	0.9418
			0.5795	-0.8	0.1555
			-0.7446	-0.5973	-0.298
			0.3313	0.057	-0.9418
			-0.5795	0.8	-0.1555
		b:
			213.493
			111.3818
			-82.809
			456.2034
			-319.2794
			-294.3445
			316.0323
			441.255
			-45.0931
			-308.0323
			-431.255
			56.0931
	==================================================================================
	Q4:
		Shape: Hybrid
		q_c:	55.5	193.0	480.0
		ub :	62.8099	199.8043	485.6132
		lb :	48.1901	186.1957	474.3868
		P^-1:
			0.0519	-0.0098	0.0501
			-0.0098	0.0318	-0.0204
			0.0501	-0.0204	0.1319
		A:
			-0.446	0.3577	-0.8205
			0.488	0.269	0.8304
			0.0752	-0.0597	0.9954
			-0.4299	-0.8466	-0.3138
			0.8597	-0.4656	0.2101
			-0.3773	0.2103	-0.9019
		b:
			-348.0669
			479.7947
			472.4182
			-333.3654
			62.3639
			-411.9891
	==================================================================================
	Q5:
		Shape: Polyhedra
		q_c:	60.0	201.5	493.0
		ub :	66.7348	207.6763	500.4156
		lb :	53.2652	195.3237	485.5844
		A:
			-0.9775	-0.2045	-0.0524
			0.5922	0.4076	0.6951
			-0.1011	0.7997	0.5919
			0.1722	0.389	-0.905
			0.966	0.1184	-0.23
			-0.4654	-0.8463	-0.2592
			0.6665	0.5614	0.4905
			0.2838	-0.7995	0.5294
			0.6894	-0.2136	-0.6922
			-0.6665	-0.5614	-0.4905
			-0.2838	0.7995	-0.5294
			-0.6894	0.2136	0.6922
		b:
			-121.8276
			463.0892
			451.1117
			-352.4979
			-26.9
			-323.2865
			397.4426
			121.4119
			-337.4333
			-392.4426
			-112.4119
			348.4333
	==================================================================================
	Q6:
		Shape: Hybrid
		q_c:	58.0	189.0	493.0
		ub :	65.1562	194.9445	499.4016
		lb :	50.8438	183.0555	486.5984
		P^-1:
			0.039	-0.0023	0.0142
			-0.0023	0.0652	0.0088
			0.0142	0.0088	0.073
		A:
			0.876	-0.4619	0.1386
			-0.0514	-0.9699	0.2379
			-0.2687	-0.9331	-0.2388
			-0.395	-0.8916	-0.2214
			-0.4624	-0.8702	-0.17
			0.4753	0.6135	-0.6306
		b:
			34.8053
			-66.6198
			-307.4733
			-298.2186
			-272.5845
			-164.194


===========================================================================================
===========================================================================================
S12:
	q_c:	452.5	456.0	460.5
	ub :	477.8197	485.5123	489.6664
	lb :	426.0932	432.3919	437.8456

	==================================================================================
	Q1:
		Shape: Polyhedra
		q_c:	442.5	449.0	447.5
		ub :	458.9068	465.6081	457.1544
		lb :	426.0932	432.3919	437.8456
		A:
			0.5569	-0.1404	-0.8187
			0.2543	-0.494	0.8315
			0.7358	0.1552	0.6592
			-0.3248	-0.2347	0.9162
			-0.9741	0.0702	-0.2149
			0.2072	-0.9717	0.1132
			0.1672	0.2037	0.9647
			-0.7724	0.6351	-0.0003
			-0.6127	-0.745	0.2635
			-0.1672	-0.2037	-0.9647
			0.7724	-0.6351	0.0003
			0.6127	0.745	-0.2635
		b:
			-173.8709
			271.8198
			698.9622
			169.6901
			-485.0794
			-282.9529
			604.1226
			-45.7306
			-476.7394
			-590.1226
			67.7306
			498.7394
	==================================================================================
	Q2:
		Shape: Polyhedra
		q_c:	461.0	471.5	473.0
		ub :	477.8197	485.5123	489.6664
		lb :	444.1803	457.4877	456.3336
		A:
			0.1176	-0.9798	0.1617
			0.7808	0.5867	-0.2149
			0.6839	0.536	-0.495
			0.3481	0.7634	-0.5441
			-0.9258	0.0546	-0.374
			0.9137	-0.2905	-0.2841
			0.621	0.7317	0.281
			0.5755	-0.669	0.4704
			0.5321	-0.1304	-0.8366
			-0.621	-0.7317	-0.281
			-0.5755	0.669	-0.4704
			-0.5321	0.1304	0.8366
		b:
			-321.7694
			543.6712
			343.6656
			272.8426
			-568.5398
			160.7607
			771.6857
			182.8296
			-200.3608
			-756.6857
			-161.8296
			223.3608
	==================================================================================
	Q3:
		Shape: Ellipse
		q_c:	447.0	466.0	463.0
		ub :	455.7697	474.3581	471.9585
		lb :	438.2303	457.6419	454.0415
		P^-1:
			0.0301	-0.0021	-0.0078
			-0.0021	0.0183	0.0028
			-0.0078	0.0028	0.033
	==================================================================================
	Q4:
		Shape: Ellipse
		q_c:	464.0	474.5	473.0
		ub :	471.8827	484.3006	480.0731
		lb :	456.1173	464.6994	465.9269
		P^-1:
			0.0324	0.0029	-0.0037
			0.0029	0.0222	0.0094
			-0.0037	0.0094	0.0457
	==================================================================================
	Q5:
		Shape: Ellipse
		q_c:	451.0	450.0	476.0
		ub :	461.716	460.0139	486.5726
		lb :	440.284	439.9861	465.4274
		P^-1:
			0.0271	0.0053	0.0012
			0.0053	0.0264	0.0032
			0.0012	0.0032	0.0237
	==================================================================================
	Q6:
		Shape: Hybrid
		q_c:	463.0	474.0	460.5
		ub :	473.1944	482.4443	471.0159
		lb :	452.8056	465.5557	449.9841
		P^-1:
			0.0231	0.001	0.0045
			0.001	0.0301	0.0025
			0.0045	0.0025	0.0281
		A:
			0.4271	-0.8385	0.3384
			-0.9637	0.1035	-0.246
			0.1838	0.0315	-0.9825
			0.2919	-0.9024	-0.317
			-0.9711	0.2286	0.0691
			0.8394	-0.2259	0.4943
		b:
			-40.6079
			-506.7861
			-348.8351
			-435.3908
			-305.4136
			512.5927


===========================================================================================
===========================================================================================
