3D_35_12_6_f                l = 3

===========================================================================================
===========================================================================================
S1:
	q_c:	317.0	90.0	60.0
	ub :	325.0961	96.0329	69.6734
	lb :	312.5674	82.2174	51.6647

	==================================================================================
	Q1:
		Shape: Hybrid
		q_c:	316.0	89.5	60.5
		ub :	319.1661	93.4667	64.8033
		lb :	312.8339	85.5333	56.1967
		P^-1:
			0.1579	-0.0057	-0.008
			-0.0057	0.144	-0.0222
			-0.008	-0.0222	0.1292
		A:
			-0.9539	-0.117	0.2765
			0.6343	-0.2163	0.7422
			0.6134	0.6869	-0.3898
			-0.4615	0.2105	-0.8618
			-0.7172	0.5383	-0.4425
			-0.1034	-0.4216	0.9008
		b:
			-293.9165
			227.4365
			233.0099
			-177.6574
			-203.9649
			-14.5593
	==================================================================================
	Q2:
		Shape: Ellipse
		q_c:	317.5	87.5	62.0
		ub :	320.4557	90.4694	65.1162
		lb :	314.5443	84.5306	58.8838
		P^-1:
			0.3143	-0.1409	0.0166
			-0.1409	0.2887	-0.0145
			0.0166	-0.0145	0.1126
	==================================================================================
	Q3:
		Shape: Hybrid
		q_c:	315.5	84.5	62.5
		ub :	318.4326	85.9225	65.2323
		lb :	312.5674	83.0775	59.7677
		P^-1:
			0.5294	0.7938	0.5766
			0.7938	2.9939	1.3938
			0.5766	1.3938	1.0812
		A:
			0.2458	0.9118	0.3289
			-0.2603	-0.7905	-0.5544
			-0.6601	-0.5059	-0.5553
			0.3418	0.5503	0.7618
			0.6739	0.7323	-0.0974
			-0.3171	-0.8867	-0.3364
		b:
			175.4552
			-183.2825
			-284.9837
			202.53
			269.843
			-195.6762
	==================================================================================
	Q4:
		Shape: Ellipse
		q_c:	321.5	91.5	59.0
		ub :	324.9231	96.0329	62.5352
		lb :	318.0769	86.9671	55.4648
		P^-1:
			0.1549	-0.0155	-0.0132
			-0.0155	0.1209	-0.0661
			-0.0132	-0.0661	0.2158
	==================================================================================
	Q5:
		Shape: Hybrid
		q_c:	322.0	89.0	55.0
		ub :	325.0961	92.6853	58.3353
		lb :	318.9039	85.3147	51.6647
		P^-1:
			0.1111	0.0005	0.0007
			0.0005	0.1518	0.0632
			0.0007	0.0632	0.2093
		A:
			-0.0802	0.4936	-0.866
			-0.6106	-0.3212	0.7238
			-0.5494	0.8109	0.2014
			0.6319	-0.3054	-0.7123
			0.2587	0.6296	0.7325
			-0.024	0.6524	0.7575
		b:
			-27.7086
			-183.5592
			-91.9906
			138.5723
			180.7343
			93.0271
	==================================================================================
	Q6:
		Shape: Ellipse
		q_c:	317.0	85.0	66.5
		ub :	319.9223	87.7826	69.6734
		lb :	314.0777	82.2174	63.3266
		P^-1:
			0.2993	-0.0633	-0.0561
			-0.0633	0.3313	0.072
			-0.0561	0.072	0.3138


===========================================================================================
===========================================================================================
S2:
	q_c:	104.5	249.0	53.5
	ub :	119.5169	257.002	64.5883
	lb :	98.5485	237.4298	42.7675

	==================================================================================
	Q1:
		Shape: Hybrid
		q_c:	113.5	245.5	58.0
		ub :	119.5169	251.5089	64.5883
		lb :	107.4831	239.4911	51.4117
		P^-1:
			0.0494	0.0003	0.0003
			0.0003	0.0889	0.0296
			0.0003	0.0296	0.0716
		A:
			0.2306	-0.151	0.9613
			0.5298	0.6201	0.5785
			0.1382	0.5029	-0.8532
			-0.0369	0.6149	0.7877
			-0.0699	-0.9391	0.3364
			-0.8233	-0.0463	0.5657
		b:
			47.5756
			247.9241
			92.6473
			194.084
			-216.3721
			-69.1231
	==================================================================================
	Q2:
		Shape: Ellipse
		q_c:	112.0	242.5	50.0
		ub :	113.9616	247.5702	54.3453
		lb :	110.0384	237.4298	45.6547
		P^-1:
			3.5411	-0.5046	-1.1547
			-0.5046	0.1239	0.1744
			-1.1547	0.1744	0.4659
	==================================================================================
	Q3:
		Shape: Hybrid
		q_c:	108.0	252.5	48.0
		ub :	113.4239	257.002	53.2325
		lb :	102.5761	247.998	42.7675
		P^-1:
			0.1935	-0.1854	-0.0018
			-0.1854	0.3065	-0.0198
			-0.0018	-0.0198	0.0754
		A:
			0.3084	-0.8973	-0.316
			-0.8077	0.5823	-0.0923
			0.2988	-0.6576	0.6916
			0.2313	0.9366	-0.2631
			-0.167	0.6229	0.7643
			0.1096	0.8297	-0.5474
		b:
			-206.7827
			56.5987
			-98.6572
			251.3819
			178.5911
			197.2894
	==================================================================================
	Q4:
		Shape: Hybrid
		q_c:	109.0	248.5	55.0
		ub :	113.3138	254.2441	59.8496
		lb :	104.6862	242.7559	50.1504
		P^-1:
			0.0812	-0.0036	0.0011
			-0.0036	0.0526	0.0089
			0.0011	0.0089	0.0789
		A:
			-0.5538	-0.8048	-0.2136
			-0.1766	0.2285	-0.9574
			-0.542	0.5862	-0.6021
			0.5065	0.1623	0.8468
			0.4016	-0.4402	-0.8031
			0.1866	0.2664	-0.9456
		b:
			-269.7349
			-13.1222
			55.7148
			143.866
			-108.0123
			36.603
	==================================================================================
	Q5:
		Shape: Ellipse
		q_c:	102.5	243.0	49.5
		ub :	106.4515	246.5361	52.2435
		lb :	98.5485	239.4639	46.7565
		P^-1:
			0.1519	0.0618	-0.0136
			0.0618	0.2111	0.0085
			-0.0136	0.0085	0.2481
	==================================================================================
	Q6:
		Shape: Hybrid
		q_c:	111.5	249.0	49.0
		ub :	116.7606	254.8499	55.1029
		lb :	106.2394	243.1501	42.8971
		P^-1:
			0.0927	0.0136	0.007
			0.0136	0.0816	0.0179
			0.007	0.0179	0.081
		A:
			0.4833	0.6658	0.5684
			-0.8544	-0.4548	0.2514
			-0.862	0.4843	0.1495
			0.0389	-0.8393	-0.5423
			0.1235	0.0109	-0.9923
			-0.9003	0.085	-0.4268
		b:
			249.0471
			-194.3481
			33.872
			-229.4421
			-30.0023
			-98.2496


===========================================================================================
===========================================================================================
S3:
	q_c:	208.5	120.0	73.5
	ub :	240.4317	152.7259	104.5818
	lb :	185.5423	95.2357	43.4896

	==================================================================================
	Q1:
		Shape: Polyhedra
		q_c:	225.0	121.0	68.0
		ub :	236.9791	137.6228	83.0201
		lb :	213.0209	104.3772	52.9799
		A:
			-0.7252	0.232	0.6483
			-0.8101	0.5099	-0.2894
			0.7122	0.3853	-0.5868
			-0.8284	-0.4404	0.3461
			-0.861	-0.1511	0.4857
			-0.5389	0.8406	-0.0537
			0.4087	0.8025	0.4347
			-0.109	0.5158	-0.8498
			-0.9062	0.2999	0.2982
			-0.4087	-0.8025	-0.4347
			0.109	-0.5158	0.8498
			0.9062	-0.2999	-0.2982
		b:
			-83.8989
			-132.7411
			175.3786
			-207.0415
			-171.4886
			-14.547
			231.1116
			-10.896
			-140.8197
			-206.1116
			28.896
			153.8197
	==================================================================================
	Q2:
		Shape: Hybrid
		q_c:	211.5	139.0	55.5
		ub :	223.7867	152.7259	67.5104
		lb :	199.2133	125.2741	43.4896
		P^-1:
			0.117	-0.0413	-0.1113
			-0.0413	0.0315	0.0489
			-0.1113	0.0489	0.123
		A:
			0.7338	-0.0669	-0.676
			-0.4421	0.54	0.7162
			-0.7576	0.2721	0.5934
			-0.7242	-0.5074	0.467
			-0.0695	0.9725	0.2225
			-0.7863	-0.0745	0.6133
		b:
			110.1006
			23.6025
			-87.9564
			-192.2324
			139.934
			-140.0281
	==================================================================================
	Q3:
		Shape: Polyhedra
		q_c:	224.5	111.5	90.5
		ub :	240.4317	123.5138	104.5818
		lb :	208.5683	99.4862	76.4182
		A:
			0.0444	0.9286	-0.3685
			-0.4032	0.536	0.7417
			-0.1643	0.9809	0.1038
			-0.3516	0.5598	0.7503
			-0.1274	-0.5147	-0.8478
			-0.3216	-0.3736	-0.87
			0.3191	0.9254	0.2046
			0.5569	-0.0084	-0.8306
			-0.7668	0.379	-0.518
			-0.3191	-0.9254	-0.2046
			-0.5569	0.0084	0.8306
			0.7668	-0.379	0.518
		b:
			89.3238
			44.1151
			90.8105
			59.1049
			-154.3522
			-183.3124
			201.3369
			56.4138
			-164.7796
			-185.3369
			-41.4138
			188.7796
	==================================================================================
	Q4:
		Shape: Ellipse
		q_c:	202.0	108.5	84.5
		ub :	217.3039	121.7643	97.2685
		lb :	186.6961	95.2357	71.7315
		P^-1:
			0.0059	0.0013	-0.0009
			0.0013	0.0173	0.0058
			-0.0009	0.0058	0.0184
	==================================================================================
	Q5:
		Shape: Polyhedra
		q_c:	216.5	129.5	56.0
		ub :	229.2411	141.677	67.6757
		lb :	203.7589	117.323	44.3243
		A:
			-0.7408	-0.0289	0.6711
			-0.3656	0.7418	-0.5622
			-0.3612	0.4765	-0.8016
			0.2402	0.6568	-0.7148
			0.0738	-0.6024	0.7948
			0.1601	0.9845	-0.0717
			0.7314	0.441	0.5203
			-0.1104	-0.6762	0.7284
			0.673	-0.5901	-0.4459
			-0.7314	-0.441	-0.5203
			0.1104	0.6762	-0.7284
			-0.673	0.5901	0.4459
		b:
			-118.498
			-8.6025
			-55.7398
			101.6348
			-12.817
			164.8776
			252.5778
			-66.1872
			53.812
			-236.5778
			75.1872
			-34.812
	==================================================================================
	Q6:
		Shape: Polyhedra
		q_c:	199.0	115.5	84.5
		ub :	212.4577	125.3022	94.355
		lb :	185.5423	105.6978	74.645
		A:
			0.0946	-0.8053	-0.5852
			0.7478	-0.2643	0.609
			0.7853	-0.3149	0.5331
			-0.0477	0.8042	0.5924
			0.8356	0.477	0.2723
			-0.5607	-0.6705	-0.4859
			0.3535	0.3323	0.8744
			-0.909	-0.0987	0.405
			0.2209	-0.938	0.2672
			-0.3535	-0.3323	-0.8744
			0.909	0.0987	-0.405
			-0.2209	0.938	-0.2672
		b:
			-117.3722
			176.7757
			172.5368
			139.4824
			252.9029
			-224.0082
			186.1121
			-146.5723
			-33.803
			-179.1121
			169.5723
			49.803


===========================================================================================
===========================================================================================
S4:
	q_c:	341.0	72.5	166.5
	ub :	349.7362	86.0426	175.6778
	lb :	328.5925	63.0014	154.7461

	==================================================================================
	Q1:
		Shape: Ellipse
		q_c:	342.0	68.5	161.5
		ub :	346.9545	72.5749	166.7992
		lb :	337.0455	64.4251	156.2008
		P^-1:
			0.1653	0.0654	0.0521
			0.0654	0.1679	0.0233
			0.0521	0.0233	0.0904
	==================================================================================
	Q2:
		Shape: Hybrid
		q_c:	333.5	67.0	166.5
		ub :	338.4075	70.9986	171.1873
		lb :	328.5925	63.0014	161.8127
		P^-1:
			0.0998	-0.0384	-0.0781
			-0.0384	0.1681	0.016
			-0.0781	0.016	0.1915
		A:
			-0.5957	0.7663	0.2405
			-0.9644	0.0278	-0.263
			0.5567	0.7658	-0.3219
			0.3078	0.9334	-0.1847
			-0.143	-0.6884	-0.7111
			-0.5908	-0.6119	0.5258
		b:
			-105.9087
			-360.2374
			185.4776
			136.3133
			-210.0546
			-148.6321
	==================================================================================
	Q3:
		Shape: Hybrid
		q_c:	342.0	77.0	162.0
		ub :	348.1675	83.7628	168.012
		lb :	335.8325	70.2372	155.988
		P^-1:
			0.0792	0.0244	0.0189
			0.0244	0.0693	0.0154
			0.0189	0.0154	0.0614
		A:
			0.6387	0.7327	-0.2348
			0.7356	0.6772	-0.0176
			-0.8327	-0.4841	-0.2688
			-0.2874	0.314	0.9049
			-0.5168	0.3352	-0.7878
			-0.2041	-0.9746	-0.0927
		b:
			239.0531
			302.7363
			-364.0006
			75.3025
			-275.9082
			-157.5881
	==================================================================================
	Q4:
		Shape: Polyhedra
		q_c:	338.5	80.0	159.0
		ub :	343.5964	86.0426	163.2539
		lb :	333.4036	73.9574	154.7461
		A:
			0.8254	-0.0991	-0.5559
			-0.7066	-0.4491	0.5469
			0.5459	0.6302	-0.5521
			-0.5581	0.099	0.8239
			-0.8859	-0.0269	0.4631
			0.6633	0.1518	-0.7327
			0.7222	0.5804	0.3763
			0.4567	-0.8087	0.3708
			0.5196	-0.0959	-0.849
			-0.7222	-0.5804	-0.3763
			-0.4567	0.8087	-0.3708
			-0.5196	0.0959	0.849
		b:
			185.186
			-185.8723
			150.4924
			-48.4766
			-226.2994
			121.8643
			353.2226
			154.3454
			34.6961
			-348.2226
			-143.3454
			-31.6961
	==================================================================================
	Q5:
		Shape: Ellipse
		q_c:	344.0	79.5	172.0
		ub :	347.616	83.0132	175.6778
		lb :	340.384	75.9868	168.3222
		P^-1:
			0.2974	-0.1325	-0.028
			-0.1325	0.3161	-0.0723
			-0.028	-0.0723	0.1921
	==================================================================================
	Q6:
		Shape: Hybrid
		q_c:	346.0	73.0	171.0
		ub :	349.7362	77.6184	175.2172
		lb :	342.2638	68.3816	166.7828
		P^-1:
			2.7688	-1.7577	0.513
			-1.7577	1.1734	-0.3378
			0.513	-0.3378	0.1795
		A:
			-0.8368	0.5465	-0.0322
			-0.7532	0.6243	-0.207
			0.4939	-0.7035	0.511
			-0.6789	0.6755	0.2877
			0.7618	-0.6103	0.2173
			0.8742	-0.4717	0.1149
		b:
			-254.7346
			-249.9305
			208.684
			-134.6898
			256.6485
			288.0969


===========================================================================================
===========================================================================================
S5:
	q_c:	256.5	195.0	70.5
	ub :	281.5799	221.3443	93.2531
	lb :	245.8049	173.6951	46.2931

	==================================================================================
	Q1:
		Shape: Hybrid
		q_c:	262.5	207.0	60.0
		ub :	269.0017	217.7455	70.0834
		lb :	255.9983	196.2545	49.9166
		P^-1:
			0.0582	0.0124	0.0042
			0.0124	0.0222	0.0001
			0.0042	0.0001	0.0202
		A:
			-0.4575	-0.8728	-0.1699
			-0.5171	-0.3335	0.7883
			-0.9538	-0.0173	-0.2999
			0.3034	0.9049	-0.2985
			-0.2018	-0.3696	0.907
			0.3484	0.9327	-0.093
		b:
			-306.998
			-153.0979
			-269.496
			253.5033
			-70.1362
			283.2721
	==================================================================================
	Q2:
		Shape: Polyhedra
		q_c:	269.0	202.0	57.5
		ub :	281.3715	213.9529	68.7069
		lb :	256.6285	190.0471	46.2931
		A:
			0.3775	-0.1659	-0.911
			0.063	-0.8987	0.434
			-0.9965	0.0319	-0.0779
			-0.3009	0.7207	-0.6246
			-0.2831	0.0541	0.9576
			0.6244	-0.7637	0.1639
			0.6087	0.2596	0.7497
			-0.6307	0.7316	0.2588
			-0.4813	-0.6304	0.6091
			-0.6087	-0.2596	-0.7497
			0.6307	-0.7316	-0.2588
			0.4813	0.6304	-0.6091
		b:
			22.9081
			-132.2825
			-258.8617
			35.9351
			-3.0771
			30.916
			265.8005
			0.9905
			-214.7778
			-252.8005
			15.0095
			228.7778
	==================================================================================
	Q3:
		Shape: Ellipse
		q_c:	252.0	198.5	76.0
		ub :	257.5762	204.246	80.9105
		lb :	246.4238	192.754	71.0895
		P^-1:
			0.0749	0.0127	-0.0031
			0.0127	0.0557	-0.0015
			-0.0031	-0.0015	0.0498
	==================================================================================
	Q4:
		Shape: Ellipse
		q_c:	272.0	211.0	67.0
		ub :	281.5799	221.3443	76.6595
		lb :	262.4201	200.6557	57.3405
		P^-1:
			0.0318	-0.0137	-0.0112
			-0.0137	0.0337	-0.004
			-0.0112	-0.004	0.0377
	==================================================================================
	Q5:
		Shape: Hybrid
		q_c:	256.0	191.5	82.5
		ub :	266.1951	201.5043	93.2531
		lb :	245.8049	181.4957	71.7469
		P^-1:
			0.0206	0.0033	0.0047
			0.0033	0.0384	0.0154
			0.0047	0.0154	0.0247
		A:
			-0.3741	0.8928	-0.2508
			-0.0147	-0.5771	-0.8166
			-0.4726	-0.8813	0.0054
			0.1446	-0.501	-0.8533
			-0.7627	0.3723	0.5289
			-0.671	-0.5944	-0.4431
		b:
			59.1105
			-178.588
			-285.3744
			-125.7201
			-75.5265
			-319.0716
	==================================================================================
	Q6:
		Shape: Ellipse
		q_c:	257.0	184.0	57.5
		ub :	263.7974	194.3049	66.0573
		lb :	250.2026	173.6951	48.9427
		P^-1:
			0.0461	-0.0033	-0.0142
			-0.0033	0.0143	0.0084
			-0.0142	0.0084	0.0475


===========================================================================================
===========================================================================================
S6:
	q_c:	495.5	34.0	150.5
	ub :	502.3794	40.4356	155.8622
	lb :	492.628	29.4017	145.45

	==================================================================================
	Q1:
		Shape: Ellipse
		q_c:	499.5	36.0	153.0
		ub :	502.3794	38.4389	155.8622
		lb :	496.6206	33.5611	150.1378
		P^-1:
			0.2694	-0.057	-0.0123
			-0.057	0.4172	0.0361
			-0.0123	0.0361	0.2578
	==================================================================================
	Q2:
		Shape: Ellipse
		q_c:	495.0	32.0	150.5
		ub :	497.372	34.5983	152.8401
		lb :	492.628	29.4017	148.1599
		P^-1:
			0.7167	0.1224	-0.2993
			0.1224	0.317	0.0088
			-0.2993	0.0088	0.6607
	==================================================================================
	Q3:
		Shape: Ellipse
		q_c:	499.5	36.0	151.0
		ub :	501.4096	38.5607	153.0824
		lb :	497.5904	33.4393	148.9176
		P^-1:
			0.8728	-0.2409	-0.1376
			-0.2409	0.3535	0.0092
			-0.1376	0.0092	0.4681
	==================================================================================
	Q4:
		Shape: Polyhedra
		q_c:	498.0	37.5	148.5
		ub :	500.1208	40.4356	151.1505
		lb :	495.8792	34.5644	145.8495
		A:
			0.3249	-0.8356	0.443
			0.2926	0.0001	0.9562
			0.0292	-0.864	0.5026
			0.2919	0.8171	-0.4972
			-0.2276	0.8539	-0.468
			0.7475	0.1948	0.635
			0.0181	0.8676	0.4969
			-0.0525	0.4972	-0.8661
			-0.9985	-0.0104	0.0545
			-0.0181	-0.8676	-0.4969
			0.0525	-0.4972	0.8661
			0.9985	0.0104	-0.0545
		b:
			198.0904
			289.5153
			58.5537
			104.0134
			-148.9932
			475.9124
			117.8249
			-134.6162
			-487.5253
			-112.8249
			137.6162
			491.5253
	==================================================================================
	Q5:
		Shape: Ellipse
		q_c:	496.5	34.5	148.0
		ub :	499.4795	37.8516	150.55
		lb :	493.5205	31.1484	145.45
		P^-1:
			0.256	0.0107	-0.0573
			0.0107	0.1905	0.0727
			-0.0573	0.0727	0.408
	==================================================================================
	Q6:
		Shape: Hybrid
		q_c:	497.0	33.5	150.5
		ub :	500.8239	36.9773	154.5556
		lb :	493.1761	30.0227	146.4444
		P^-1:
			0.1819	-0.0304	-0.0238
			-0.0304	0.2023	0.0331
			-0.0238	0.0331	0.1859
		A:
			0.3554	0.9278	0.1131
			0.1848	-0.4808	0.8572
			0.9588	0.0284	-0.2826
			-0.6902	-0.5894	0.4199
			-0.4358	0.2154	0.8739
			-0.0255	0.5643	-0.8252
		b:
			226.1305
			206.2377
			436.294
			-298.0976
			-76.6797
			-116.4682


===========================================================================================
===========================================================================================
S7:
	q_c:	421.0	486.5	97.5
	ub :	449.2751	519.415	119.955
	lb :	397.859	457.2878	70.5781

	==================================================================================
	Q1:
		Shape: Ellipse
		q_c:	432.5	506.5	83.0
		ub :	445.5317	519.415	95.4219
		lb :	419.4683	493.585	70.5781
		P^-1:
			0.0179	0.0012	0.0058
			0.0012	0.0094	0.0
			0.0058	0.0	0.0178
	==================================================================================
	Q2:
		Shape: Ellipse
		q_c:	417.0	494.0	101.0
		ub :	436.141	510.1754	119.7474
		lb :	397.859	477.8246	82.2526
		P^-1:
			0.0087	0.0007	0.0016
			0.0007	0.0095	-0.0003
			0.0016	-0.0003	0.0064
	==================================================================================
	Q3:
		Shape: Polyhedra
		q_c:	420.0	498.0	84.5
		ub :	431.5987	506.4531	98.0556
		lb :	408.4013	489.5469	70.9444
		A:
			-0.5665	-0.819	-0.091
			-0.4787	0.0367	-0.8772
			-0.9594	-0.2799	-0.0333
			-0.6416	-0.6959	-0.3227
			-0.7955	-0.5212	-0.309
			-0.5238	-0.259	-0.8115
			0.6726	0.6619	0.331
			-0.4132	0.7069	-0.574
			-0.6139	0.2493	0.749
			-0.6726	-0.6619	-0.331
			0.4132	-0.7069	0.574
			0.6139	-0.2493	-0.749
		b:
			-650.8086
			-250.6922
			-538.428
			-641.2471
			-617.1164
			-411.9816
			642.0687
			135.5042
			-57.3929
			-638.0687
			-124.5042
			83.3929
	==================================================================================
	Q4:
		Shape: Polyhedra
		q_c:	418.0	470.5	88.0
		ub :	429.5303	483.7122	101.3692
		lb :	406.4697	457.2878	74.6308
		A:
			0.0432	0.2319	0.9718
			-0.2205	0.0548	0.9738
			-0.9429	-0.049	-0.3293
			0.5411	0.1741	-0.8227
			0.5305	-0.5747	0.6232
			0.5121	0.5515	-0.6585
			0.6574	0.4526	0.6024
			0.0688	0.7601	-0.6461
			-0.7504	0.4662	0.4686
			-0.6574	-0.4526	-0.6024
			-0.0688	-0.7601	0.6461
			0.7504	-0.4662	-0.4686
		b:
			220.3233
			27.3411
			-438.7243
			243.9793
			14.0595
			423.6708
			547.7803
			337.5134
			-44.5637
			-533.7803
			-321.5134
			61.5637
	==================================================================================
	Q5:
		Shape: Polyhedra
		q_c:	419.0	476.5	110.5
		ub :	431.7644	491.6331	119.955
		lb :	406.2356	461.3669	101.045
		A:
			0.9384	0.2409	0.2476
			0.1911	-0.3356	0.9224
			-0.7534	-0.4975	0.43
			-0.1978	0.9801	0.0157
			-0.7228	0.5721	-0.3877
			-0.3772	-0.2487	-0.8921
			0.8056	0.3433	0.4829
			-0.4727	0.8638	0.1744
			-0.3572	-0.3687	0.8582
			-0.8056	-0.3433	-0.4829
			0.4727	-0.8638	-0.1744
			0.3572	0.3687	-0.8582
		b:
			541.7059
			27.9476
			-499.8898
			398.2651
			-62.4463
			-369.0112
			560.4926
			245.8279
			-225.5485
			-548.4926
			-219.8279
			235.5485
	==================================================================================
	Q6:
		Shape: Ellipse
		q_c:	438.5	473.0	85.5
		ub :	449.2751	479.3287	96.459
		lb :	427.7249	466.6713	74.541
		P^-1:
			0.0202	0.0108	-0.0029
			0.0108	0.0588	-0.0061
			-0.0029	-0.0061	0.0152


===========================================================================================
===========================================================================================
S8:
	q_c:	257.5	16.5	221.0
	ub :	274.2774	31.6636	240.4037
	lb :	241.4732	0.8037	205.1172

	==================================================================================
	Q1:
		Shape: Ellipse
		q_c:	263.5	22.5	213.5
		ub :	268.8247	31.6636	221.8828
		lb :	258.1753	13.3364	205.1172
		P^-1:
			0.079	-0.0114	-0.0002
			-0.0114	0.0304	-0.0097
			-0.0002	-0.0097	0.0326
	==================================================================================
	Q2:
		Shape: Polyhedra
		q_c:	259.0	10.5	228.0
		ub :	263.937	17.1445	233.5491
		lb :	254.063	3.8555	222.4509
		A:
			-0.2058	0.9376	0.2801
			0.736	-0.3663	0.5693
			0.6056	0.607	0.5146
			-0.6453	0.3343	0.687
			0.235	-0.9521	-0.1956
			-0.6833	0.6859	-0.2505
			0.0402	0.4524	0.8909
			0.1718	0.8752	-0.4521
			-0.9843	0.1713	-0.0425
			-0.0402	-0.4524	-0.8909
			-0.1718	-0.8752	0.4521
			0.9843	-0.1713	0.0425
		b:
			24.6743
			320.7435
			284.4721
			-3.2334
			10.6466
			-222.4992
			221.7954
			-44.3963
			-258.8353
			-214.7954
			54.3963
			266.8353
	==================================================================================
	Q3:
		Shape: Polyhedra
		q_c:	245.5	5.0	220.5
		ub :	249.5268	9.1963	224.2321
		lb :	241.4732	0.8037	216.7679
		A:
			-0.2775	0.8733	0.4004
			0.6149	0.7875	0.0416
			0.4536	-0.8686	0.1992
			0.3042	0.189	-0.9337
			-0.1066	0.5864	0.803
			0.3105	-0.5887	0.7463
			0.0992	0.4286	0.898
			-0.1042	0.902	-0.419
			-0.9896	-0.052	0.1341
			-0.0992	-0.4286	-0.898
			0.1042	-0.902	0.419
			0.9896	0.052	-0.1341
		b:
			27.3924
			167.3357
			154.4119
			-127.4409
			155.9657
			241.1032
			226.5061
			-109.9714
			-210.1276
			-222.5061
			116.9714
			217.1276
	==================================================================================
	Q4:
		Shape: Hybrid
		q_c:	260.5	23.5	233.0
		ub :	264.7621	30.6952	240.4037
		lb :	256.2379	16.3048	225.5963
		P^-1:
			0.1826	0.066	0.0613
			0.066	0.0864	0.0503
			0.0613	0.0503	0.0712
		A:
			0.7341	-0.2447	0.6334
			-0.9613	-0.1528	-0.2294
			-0.6573	-0.3344	-0.6753
			-0.8607	0.2156	-0.4613
			0.2366	0.8457	0.4784
			-0.9561	-0.2622	-0.1309
		b:
			336.2068
			-306.0726
			-334.805
			-324.0219
			195.0651
			-284.3369
	==================================================================================
	Q5:
		Shape: Polyhedra
		q_c:	268.0	15.0	225.5
		ub :	274.2774	18.8802	232.045
		lb :	261.7226	11.1198	218.955
		A:
			0.8552	0.4917	-0.1641
			-0.8601	0.4348	-0.2667
			-0.1455	-0.8992	-0.4126
			0.1212	-0.9643	0.2353
			-0.4668	-0.8109	0.3529
			-0.2361	-0.947	-0.2179
			0.7795	0.1631	0.6048
			-0.6188	0.3501	0.7032
			-0.0971	-0.9224	0.3739
			-0.7795	-0.1631	-0.6048
			0.6188	-0.3501	-0.7032
			0.0971	0.9224	-0.3739
		b:
			203.1261
			-280.2677
			-142.0158
			73.0977
			-55.4926
			-123.8401
			351.2333
			3.4691
			45.9595
			-344.2333
			7.5309
			-42.9595
	==================================================================================
	Q6:
		Shape: Ellipse
		q_c:	257.5	18.5	224.5
		ub :	261.7529	23.3595	228.6861
		lb :	253.2471	13.6405	220.3139
		P^-1:
			0.0898	0.0571	0.0703
			0.0571	0.3587	0.4483
			0.0703	0.4483	0.6732


===========================================================================================
===========================================================================================
S9:
	q_c:	116.0	172.5	257.5
	ub :	125.8605	184.2424	268.8762
	lb :	101.4633	165.6381	241.8931

	==================================================================================
	Q1:
		Shape: Polyhedra
		q_c:	117.0	176.0	259.5
		ub :	125.1909	182.7559	267.6557
		lb :	108.8091	169.2441	251.3443
		A:
			0.2579	-0.3452	-0.9024
			0.3895	0.8807	-0.2694
			-0.5062	0.8274	-0.2433
			-0.7008	0.3174	-0.6389
			-0.8669	0.4985	-0.003
			-0.2965	-0.874	-0.3851
			0.4795	0.1761	0.8597
			-0.5891	0.7907	0.1666
			-0.6504	-0.5864	0.4829
			-0.4795	-0.1761	-0.8597
			0.5891	-0.7907	-0.1666
			0.6504	0.5864	-0.4829
		b:
			-259.6209
			135.4633
			27.1758
			-186.5586
			-10.4877
			-283.4349
			316.1874
			116.9685
			-48.9807
			-304.1874
			-109.9685
			58.9807
	==================================================================================
	Q2:
		Shape: Polyhedra
		q_c:	107.0	178.0	260.5
		ub :	112.5367	184.2424	267.1099
		lb :	101.4633	171.7576	253.8901
		A:
			0.8835	0.4025	0.2398
			-0.4805	0.7396	0.4713
			-0.2924	0.2053	-0.934
			-0.6347	0.3436	0.6921
			-0.9605	0.1174	0.2521
			-0.9351	-0.1678	0.3121
			0.7028	0.4198	0.5743
			-0.7087	0.3438	0.6161
			0.0612	-0.84	0.5391
			-0.7028	-0.4198	-0.5743
			0.7087	-0.3438	-0.6161
			-0.0612	0.84	-0.5391
		b:
			232.5802
			206.6244
			-234.095
			177.0468
			-12.5798
			-44.9292
			303.5294
			149.339
			1.4799
			-295.5294
			-142.339
			6.5201
	==================================================================================
	Q3:
		Shape: Polyhedra
		q_c:	112.5	178.5	247.5
		ub :	115.5092	183.7941	253.1069
		lb :	109.4908	173.2059	241.8931
		A:
			-0.9414	-0.3351	0.0394
			-0.7837	0.1538	-0.6018
			0.506	0.8602	-0.064
			0.9195	-0.2937	-0.2612
			0.9814	-0.1877	-0.0409
			0.6408	0.5894	-0.4919
			0.0961	0.2748	0.9567
			-0.1524	0.9539	-0.2587
			-0.9836	-0.121	0.1335
			-0.0961	-0.2748	-0.9567
			0.1524	-0.9539	0.2587
			0.9836	0.121	-0.1335
		b:
			-153.7694
			-206.1736
			198.0369
			-11.0759
			69.0761
			58.5833
			301.1428
			93.0866
			-97.2038
			-292.1428
			-85.0866
			101.2038
	==================================================================================
	Q4:
		Shape: Polyhedra
		q_c:	112.0	178.5	249.0
		ub :	116.4791	183.081	254.0324
		lb :	107.5209	173.919	243.9676
		A:
			-0.2736	0.8655	0.4195
			0.5462	-0.3102	-0.7781
			0.5129	0.7385	0.4376
			-0.0011	-0.9594	0.2822
			0.7359	0.0238	0.6766
			0.5138	0.6501	-0.5599
			0.1049	0.745	0.6588
			-0.2722	0.6586	-0.7015
			-0.9565	-0.1058	0.2719
			-0.1049	-0.745	-0.6588
			0.2722	-0.6586	0.7015
			0.9565	0.1058	-0.2719
		b:
			231.3504
			-184.6888
			301.3384
			-98.0862
			258.3085
			37.4346
			311.763
			-84.5978
			-54.8034
			-305.763
			90.5978
			61.8034
	==================================================================================
	Q5:
		Shape: Polyhedra
		q_c:	120.5	172.0	251.0
		ub :	125.8605	178.3619	257.2293
		lb :	115.1395	165.6381	244.7707
		A:
			0.5009	-0.7501	0.4318
			0.9426	0.2479	-0.2236
			-0.7571	0.6351	0.1529
			0.8888	0.125	-0.441
			-0.9945	-0.0406	-0.0966
			-0.6137	0.6503	0.4478
			0.4181	0.893	0.1666
			0.9067	-0.4215	-0.0164
			0.0556	0.1579	-0.9859
			-0.4181	-0.893	-0.1666
			-0.9067	0.4215	0.0164
			-0.0556	-0.1579	0.9859
		b:
			44.0009
			104.1944
			59.9907
			22.1806
			-147.3298
			154.3011
			250.2846
			36.1541
			-208.1092
			-241.2846
			-29.1541
			219.1092
	==================================================================================
	Q6:
		Shape: Hybrid
		q_c:	117.5	169.5	265.0
		ub :	121.1449	173.1449	268.8762
		lb :	113.8551	165.8551	261.1238
		P^-1:
			1.7913	-1.5718	-1.1002
			-1.5718	1.5304	1.0736
			-1.1002	1.0736	0.9008
		A:
			-0.6912	0.6153	0.379
			0.6049	-0.5907	-0.5339
			0.9839	-0.1631	-0.0726
			-0.0665	-0.0466	0.9967
			0.148	-0.989	0.0077
			0.8118	-0.4878	-0.3209
		b:
			123.7848
			-170.2155
			70.4356
			250.8521
			-145.5688
			-71.735


===========================================================================================
===========================================================================================
S10:
	q_c:	449.0	280.5	24.0
	ub :	471.0379	290.713	45.2615
	lb :	421.2479	259.7175	7.0502

	==================================================================================
	Q1:
		Shape: Ellipse
		q_c:	462.5	270.0	34.0
		ub :	471.0379	280.2825	45.2615
		lb :	453.9621	259.7175	22.7385
		P^-1:
			0.0252	-0.0034	-0.0007
			-0.0034	0.0292	0.0062
			-0.0007	0.0062	0.0147
	==================================================================================
	Q2:
		Shape: Polyhedra
		q_c:	444.5	266.5	13.5
		ub :	452.2987	272.987	19.9498
		lb :	436.7013	260.013	7.0502
		A:
			-0.1712	0.4683	0.8668
			-0.3368	-0.362	-0.8692
			-0.3939	0.4101	0.8226
			0.3061	0.7963	0.5218
			-0.5761	0.7937	0.1954
			0.0704	0.479	0.875
			0.9959	0.0582	0.069
			-0.0027	-0.7446	0.6675
			0.0902	-0.665	-0.7414
			-0.9959	-0.0582	-0.069
			0.0027	0.7446	-0.6675
			-0.0902	0.665	0.7414
		b:
			64.0269
			-253.3227
			-50.54
			359.7469
			-36.7699
			174.4955
			466.6322
			-185.6266
			-143.6186
			-451.6322
			195.6266
			150.6186
	==================================================================================
	Q3:
		Shape: Ellipse
		q_c:	446.5	278.0	31.0
		ub :	458.2588	288.4989	43.797
		lb :	434.7412	267.5011	18.203
		P^-1:
			0.0194	-0.0061	-0.0005
			-0.0061	0.0276	0.0066
			-0.0005	0.0066	0.0162
	==================================================================================
	Q4:
		Shape: Polyhedra
		q_c:	431.0	280.5	34.5
		ub :	440.7521	290.713	44.3005
		lb :	421.2479	270.287	24.6995
		A:
			-0.0376	0.9955	0.0873
			0.9804	0.1969	-0.004
			0.4749	0.8501	-0.2275
			-0.5613	0.8108	-0.1661
			-0.3845	0.7144	0.5847
			0.4227	-0.1964	-0.8847
			0.5833	0.5964	0.5514
			-0.7364	0.6747	0.0492
			-0.3427	-0.4348	0.8328
			-0.5833	-0.5964	-0.5514
			0.7364	-0.6747	-0.0492
			0.3427	0.4348	-0.8328
		b:
			271.7927
			483.6363
			442.0908
			-14.9613
			60.3836
			103.3706
			443.7196
			-121.4415
			-233.4266
			-431.7196
			131.4415
			248.4266
	==================================================================================
	Q5:
		Shape: Polyhedra
		q_c:	450.0	274.5	23.5
		ub :	458.5089	282.7658	30.1924
		lb :	441.4911	266.2342	16.8076
		A:
			-0.8767	0.0304	0.4801
			0.0512	-0.9496	0.3093
			0.7278	-0.1319	0.673
			-0.2144	0.5955	0.7742
			0.9495	0.2224	-0.2214
			-0.5033	-0.7398	0.4466
			0.624	0.5001	0.6004
			-0.6587	0.75	0.0597
			-0.4205	-0.4328	0.7974
			-0.624	-0.5001	-0.6004
			0.6587	-0.75	-0.0597
			0.4205	0.4328	-0.7974
		b:
			-370.5481
			-225.7952
			312.6476
			90.3621
			487.8918
			-414.9444
			438.1831
			-84.1211
			-285.7709
			-426.1831
			94.1211
			292.7709
	==================================================================================
	Q6:
		Shape: Polyhedra
		q_c:	448.0	270.5	31.5
		ub :	457.4057	280.1174	39.4298
		lb :	438.5943	260.8826	23.5702
		A:
			-0.2979	-0.3434	0.8907
			-0.182	-0.4635	0.8672
			-0.9953	0.0597	-0.076
			-0.4493	0.0514	0.8919
			-0.5646	-0.7988	-0.2078
			0.0133	0.1588	-0.9872
			0.6102	0.352	0.7098
			-0.6918	-0.1999	0.6939
			0.3861	-0.9144	0.1215
			-0.6102	-0.352	-0.7098
			0.6918	0.1999	-0.6939
			-0.3861	0.9144	-0.1215
		b:
			-193.0243
			-173.9857
			-426.5577
			-154.2354
			-469.8754
			23.035
			395.9285
			-337.1458
			-63.0525
			-385.9285
			347.1458
			78.0525


===========================================================================================
===========================================================================================
S11:
	q_c:	167.5	32.5	204.0
	ub :	193.9411	56.2736	226.4709
	lb :	137.0648	0.827	170.9413

	==================================================================================
	Q1:
		Shape: Polyhedra
		q_c:	153.0	42.5	217.5
		ub :	167.759	56.2736	226.4709
		lb :	138.241	28.7264	208.5291
		A:
			0.2804	-0.0905	-0.9556
			0.6858	-0.6424	0.3422
			0.2304	-0.756	0.6127
			-0.7607	0.4251	-0.4906
			0.2115	-0.5876	-0.781
			0.0835	-0.9709	-0.2245
			0.1874	0.0047	0.9823
			-0.7351	0.664	0.1371
			-0.6516	-0.7477	0.1279
			-0.1874	-0.0047	-0.9823
			0.7351	-0.664	-0.1371
			0.6516	0.7477	-0.1279
		b:
			-161.4344
			161.3993
			144.9889
			-196.2243
			-154.1922
			-67.6562
			249.02
			-44.4204
			-94.1532
			-236.02
			64.4204
			113.1532
	==================================================================================
	Q2:
		Shape: Ellipse
		q_c:	182.5	41.5	192.5
		ub :	193.9411	52.0227	202.7756
		lb :	171.0589	30.9773	182.2244
		P^-1:
			0.0218	0.0006	-0.0028
			0.0006	0.0206	-0.0015
			-0.0028	-0.0015	0.0172
	==================================================================================
	Q3:
		Shape: Ellipse
		q_c:	177.5	25.0	183.5
		ub :	189.456	36.1339	196.0587
		lb :	165.544	13.8661	170.9413
		P^-1:
			0.0195	0.0046	0.0003
			0.0046	0.0236	0.0041
			0.0003	0.0041	0.0163
	==================================================================================
	Q4:
		Shape: Ellipse
		q_c:	151.5	14.0	192.0
		ub :	165.9352	27.173	206.3235
		lb :	137.0648	0.827	177.6765
		P^-1:
			0.0172	0.0045	0.0064
			0.0045	0.0194	0.0061
			0.0064	0.0061	0.0119
	==================================================================================
	Q5:
		Shape: Ellipse
		q_c:	184.5	22.0	193.0
		ub :	191.4537	32.5332	204.1343
		lb :	177.5463	11.4668	181.8657
		P^-1:
			0.1972	0.0572	0.0788
			0.0572	0.0379	0.0285
			0.0788	0.0285	0.0464
	==================================================================================
	Q6:
		Shape: Ellipse
		q_c:	166.5	18.5	195.0
		ub :	180.8766	32.8847	205.6685
		lb :	152.1234	4.1153	184.3315
		P^-1:
			0.0148	0.0044	0.0017
			0.0044	0.014	0.0015
			0.0017	0.0015	0.0173


===========================================================================================
===========================================================================================
S12:
	q_c:	231.0	94.5	106.5
	ub :	243.1453	102.2826	117.4956
	lb :	220.1587	86.6359	100.1384

	==================================================================================
	Q1:
		Shape: Ellipse
		q_c:	224.5	94.0	111.0
		ub :	228.8413	97.1578	115.2255
		lb :	220.1587	90.8422	106.7745
		P^-1:
			0.1049	0.0254	0.0272
			0.0254	0.3831	-0.1225
			0.0272	-0.1225	0.198
	==================================================================================
	Q2:
		Shape: Ellipse
		q_c:	238.0	94.0	113.0
		ub :	243.1453	99.1683	117.4956
		lb :	232.8547	88.8317	108.5044
		P^-1:
			0.1025	-0.0433	-0.0207
			-0.0433	0.1274	-0.0156
			-0.0207	-0.0156	0.1526
	==================================================================================
	Q3:
		Shape: Ellipse
		q_c:	232.0	99.0	104.0
		ub :	235.2439	101.9026	107.8616
		lb :	228.7561	96.0974	100.1384
		P^-1:
			1.0449	-0.4433	0.951
			-0.4433	2.3038	-1.6596
			0.951	-1.6596	1.7007
	==================================================================================
	Q4:
		Shape: Polyhedra
		q_c:	230.5	91.0	109.0
		ub :	233.8128	94.5575	113.3707
		lb :	227.1872	87.4425	104.6293
		A:
			-0.9663	0.1903	0.1731
			0.9232	-0.3626	0.1272
			0.7089	0.153	-0.6885
			0.5371	-0.7885	-0.2996
			-0.6034	0.6242	0.4963
			0.2113	-0.8122	-0.5437
			0.5527	0.2472	0.7959
			-0.8318	0.2236	0.5081
			-0.0523	-0.9428	0.3291
			-0.5527	-0.2472	-0.7959
			0.8318	-0.2236	-0.5081
			0.0523	0.9428	-0.3291
		b:
			-184.6848
			196.0032
			104.0261
			21.3883
			-26.3544
			-81.9678
			240.1358
			-114.4912
			-59.4822
			-233.1358
			117.4912
			64.4822
	==================================================================================
	Q5:
		Shape: Polyhedra
		q_c:	232.0	99.5	109.5
		ub :	236.5829	102.2826	114.1845
		lb :	227.4171	96.7174	104.8155
		A:
			-0.802	-0.5366	0.2625
			-0.3003	0.8111	0.5019
			-0.0911	-0.3499	-0.9324
			-0.3982	-0.4216	-0.8147
			0.1711	0.6484	0.7418
			-0.7189	-0.4412	-0.5372
			0.2025	0.9393	0.2769
			0.7043	0.0568	-0.7077
			-0.6804	0.3383	-0.65
			-0.2025	-0.9393	-0.2769
			-0.7043	-0.0568	0.7077
			0.6804	-0.3383	0.65
		b:
			-207.3439
			68.6865
			-155.2161
			-221.3204
			187.8145
			-267.4323
			172.7564
			95.5577
			-193.3815
			-168.7564
			-87.5577
			197.3815
	==================================================================================
	Q6:
		Shape: Polyhedra
		q_c:	227.5	91.0	107.0
		ub :	231.8118	95.3641	111.7346
		lb :	223.1882	86.6359	102.2654
		A:
			-0.5282	0.7356	-0.4242
			0.5388	0.7731	-0.3347
			0.1146	-0.8411	-0.5286
			0.826	0.3928	0.4043
			0.351	-0.3242	0.8785
			-0.0803	-0.8904	0.4481
			0.5614	0.4713	0.6802
			-0.8275	0.3245	0.4582
			-0.0048	-0.8201	0.5721
			-0.5614	-0.4713	-0.6802
			0.8275	-0.3245	-0.4582
			0.0048	0.8201	-0.5721
		b:
			-95.8411
			159.7516
			-104.1067
			269.5769
			146.8466
			-48.8393
			245.8924
			-106.2093
			-12.0009
			-240.8924
			113.2093
			17.0009


===========================================================================================
===========================================================================================
