3D_35_10_6_e                l = 3

===========================================================================================
===========================================================================================
S1:
	q_c:    486.0000    217.0000    280.5000
	ub :    506.0000    233.0000    288.0000
	lb :    466.0000    201.0000    273.0000

	==================================================================================
	Q1:
		Shape: Hybrid
		q_c:    491.0000    218.0000    285.0000
		ub :    495.8669    222.7955    289.1931
		lb :    486.1331    213.2045    280.8069
		P^-1: 
			    0.1290    -0.0117    -0.0205
			    -0.0117    0.1187    0.0133
			    -0.0205    0.0133    0.1345
		A:
			    0.7115    -0.6756    -0.1934
			    -0.4486    0.8257    0.3419
			    -0.6880    -0.7156    0.1208
			    0.8169    -0.5384    -0.2069
			    -0.0453    -0.5056    0.8616
			    0.0173    -0.5523    0.8335
		b:
			    148.3428
			    58.6050
			    -457.6406
			    226.1735
			    114.7542
			    127.3251
	==================================================================================
	Q2:
		Shape: Ellipse
		q_c:    489.0000    214.0000    288.5000
		ub :    492.6340    217.7178    290.6283
		lb :    485.3660    210.2822    286.3717
		P^-1: 
			    0.2428    0.1395    -0.1632
			    0.1395    0.2731    -0.2595
			    -0.1632    -0.2595    0.8453
	==================================================================================
	Q3:
		Shape: Ellipse
		q_c:    492.0000    214.5000    286.0000
		ub :    495.3367    217.4886    289.9507
		lb :    488.6633    211.5114    282.0493
		P^-1: 
			    0.1546    0.0140    -0.0147
			    0.0140    0.7410    0.4115
			    -0.0147    0.4115    0.3460
	==================================================================================
	Q4:
		Shape: Ellipse
		q_c:    490.5000    221.5000    286.5000
		ub :    492.2016    225.3654    289.1392
		lb :    488.7984    217.6346    283.8608
		P^-1: 
			    2.8607    0.2212    1.7110
			    0.2212    0.1100    0.1855
			    1.7110    0.1855    1.3609
	==================================================================================
	Q5:
		Shape: Hybrid
		q_c:    485.0000    220.5000    281.0000
		ub :    488.6825    224.1893    284.4407
		lb :    481.3175    216.8107    277.5593
		P^-1: 
			    0.5147    0.3019    0.3061
			    0.3019    0.3036    0.2513
			    0.3061    0.2513    0.4233
		A:
			    0.4305    0.4467    0.7843
			    0.2324    0.7214    0.6523
			    -0.1806    -0.1380    -0.9738
			    0.7090    0.6290    0.3189
			    -0.6227    -0.5002    -0.6017
			    0.9657    0.2457    -0.0837
		b:
			    528.4255
			    456.3287
			    -390.2353
			    572.9239
			    -580.8666
			    500.4589
	==================================================================================
	Q6:
		Shape: Ellipse
		q_c:    482.0000    219.0000    283.5000
		ub :    486.0261    221.9169    287.4146
		lb :    477.9739    216.0831    279.5854
		P^-1: 
			    0.1491    -0.0058    -0.0616
			    -0.0058    0.2497    -0.0035
			    -0.0616    -0.0035    0.2123


===========================================================================================
===========================================================================================
S2:
	q_c:    460.5000    191.5000    416.5000
	ub :    478.0000    209.0000    434.0000
	lb :    443.0000    174.0000    399.0000

	==================================================================================
	Q1:
		Shape: Hybrid
		q_c:    443.0000    175.5000    420.5000
		ub :    453.4741    186.2076    430.8788
		lb :    432.5259    164.7924    410.1212
		P^-1: 
			    0.0100    0.0001    0.0003
			    0.0001    0.0209    0.0102
			    0.0003    0.0102    0.0245
		A:
			    0.4354    -0.4571    -0.7756
			    -0.0254    0.9739    0.2256
			    0.9921    -0.0982    -0.0787
			    0.4894    0.8252    0.2819
			    0.8553    -0.0233    -0.5176
			    0.5654    -0.6350    -0.5264
		b:
			    -209.4593
			    258.7750
			    396.3703
			    484.9757
			    163.7394
			    -77.7039
	==================================================================================
	Q2:
		Shape: Polyhedra
		q_c:    475.5000    184.0000    405.5000
		ub :    485.2529    197.1762    419.1724
		lb :    465.7471    170.8238    391.8276
		A:
			    0.7198    -0.4561    0.5233
			    0.6414    0.5978    -0.4810
			    0.9614    0.2194    0.1660
			    -0.4770    -0.8729    0.1027
			    -0.9081    -0.0546    0.4152
			    -0.9492    -0.1871    0.2530
			    0.0964    0.7861    0.6105
			    -0.4028    0.5917    -0.6983
			    -0.9102    -0.1786    0.3737
			    -0.0964    -0.7861    -0.6105
			    0.4028    -0.5917    0.6983
			    0.9102    0.1786    -0.3737
		b:
			    478.7615
			    226.6356
			    571.7043
			    -337.9096
			    -267.4372
			    -377.1256
			    447.0629
			    -357.3157
			    -308.1119
			    -429.0629
			    374.3157
			    320.1119
	==================================================================================
	Q3:
		Shape: Polyhedra
		q_c:    470.5000    197.0000    432.0000
		ub :    478.8011    209.5147    443.3092
		lb :    462.1989    184.4853    420.6908
		A:
			    0.6946    0.0867    0.7141
			    -0.9324    0.0424    -0.3589
			    -0.4161    -0.6953    -0.5861
			    0.6276    -0.6154    -0.4769
			    0.4802    0.8474    0.2266
			    -0.2467    -0.3587    0.9003
			    0.8198    0.2342    0.5226
			    -0.5680    0.2170    0.7939
			    0.0725    -0.9477    0.3109
			    -0.8198    -0.2342    -0.5226
			    0.5680    -0.2170    -0.7939
			    -0.0725    0.9477    -0.3109
		b:
			    656.9690
			    -580.5920
			    -579.5448
			    -23.7277
			    498.6394
			    210.8196
			    661.6025
			    125.9465
			    -7.7365
			    -653.6025
			    -110.9465
			    28.7365
	==================================================================================
	Q4:
		Shape: Hybrid
		q_c:    476.0000    201.5000    404.5000
		ub :    482.4984    213.2867    412.2411
		lb :    469.5016    189.7133    396.7589
		P^-1: 
			    0.0743    -0.0060    0.0106
			    -0.0060    0.0121    0.0127
			    0.0106    0.0127    0.0660
		A:
			    -0.4099    -0.4090    -0.8153
			    0.9513    0.0065    0.3082
			    0.9821    0.0030    -0.1883
			    -0.8904    0.2208    0.3980
			    0.3260    0.2309    0.9167
			    0.9092    -0.3446    0.2336
		b:
			    -604.5635
			    580.6548
			    394.3168
			    -216.2262
			    574.4900
			    460.6823
	==================================================================================
	Q5:
		Shape: Ellipse
		q_c:    445.0000    183.5000    404.0000
		ub :    457.3820    193.7510    415.8778
		lb :    432.6180    173.2490    392.1222
		P^-1: 
			    0.0200    -0.0060    0.0076
			    -0.0060    0.0279    -0.0095
			    0.0076    -0.0095    0.0237
	==================================================================================
	Q6:
		Shape: Hybrid
		q_c:    473.0000    200.5000    417.0000
		ub :    486.9552    205.9997    431.5644
		lb :    459.0448    195.0003    402.4356
		P^-1: 
			    0.0096    -0.0084    0.0017
			    -0.0084    0.1083    -0.0144
			    0.0017    -0.0144    0.0098
		A:
			    -0.1335    -0.8155    0.5631
			    -0.0781    0.8972    -0.4347
			    0.2613    -0.9324    0.2498
			    0.1019    -0.9230    0.3710
			    0.1768    0.9833    -0.0418
			    0.3867    0.9201    -0.0618
		b:
			    12.8658
			    -35.2958
			    43.0339
			    20.3097
			    265.9545
			    345.7402


===========================================================================================
===========================================================================================
S3:
	q_c:    128.0000    464.0000    395.5000
	ub :    143.0000    484.0000    409.0000
	lb :    113.0000    444.0000    382.0000

	==================================================================================
	Q1:
		Shape: Polyhedra
		q_c:    129.0000    457.5000    395.0000
		ub :    135.3545    464.0006    400.8208
		lb :    122.6455    450.9994    389.1792
		A:
			    0.8182    -0.2860    -0.4988
			    -0.8758    -0.3659    -0.3147
			    -0.1139    0.8835    -0.4544
			    0.8202    0.5175    0.2439
			    0.3162    -0.6426    -0.6980
			    -0.6678    -0.2142    -0.7128
			    0.3371    0.4867    0.8059
			    0.2711    0.7695    -0.5782
			    -0.9016    0.4134    0.1275
			    -0.3371    -0.4867    -0.8059
			    -0.2711    -0.7695    0.5782
			    0.9016    -0.4134    -0.1275
		b:
			    -217.9084
			    -400.5706
			    213.7351
			    442.9140
			    -524.6698
			    -461.6079
			    588.4878
			    162.1568
			    127.6841
			    -580.4878
			    -155.1568
			    -118.6841
	==================================================================================
	Q2:
		Shape: Polyhedra
		q_c:    127.0000    479.0000    395.0000
		ub :    130.7067    485.4840    401.4253
		lb :    123.2933    472.5160    388.5747
		A:
			    0.9330    0.2071    0.2942
			    -0.7035    0.6858    -0.1867
			    -0.6661    0.6734    0.3207
			    -0.3049    0.9051    0.2964
			    0.8753    -0.0393    0.4820
			    -0.9687    0.1924    -0.1566
			    0.0379    0.6902    0.7226
			    0.3664    0.6632    -0.6526
			    -0.9297    0.2895    -0.2277
			    -0.0379    -0.6902    -0.7226
			    -0.3664    -0.6632    0.6526
			    0.9297    -0.2895    0.2277
		b:
			    336.3837
			    167.9415
			    366.9688
			    515.0369
			    284.5006
			    -91.0853
			    623.8582
			    112.4117
			    -67.8300
			    -617.8582
			    -100.4117
			    70.8300
	==================================================================================
	Q3:
		Shape: Hybrid
		q_c:    131.0000    473.5000    393.5000
		ub :    138.9190    482.7518    402.7582
		lb :    123.0810    464.2482    384.2418
		P^-1: 
			    0.0383    -0.0244    -0.0133
			    -0.0244    0.0539    0.0182
			    -0.0133    0.0182    0.0303
		A:
			    0.0030    -0.9599    -0.2805
			    -0.0340    0.7574    0.6521
			    -0.6752    0.1861    -0.7138
			    -0.1055    0.7264    0.6791
			    0.7184    -0.6879    -0.1038
			    -0.5937    0.7633    0.2548
		b:
			    -561.3093
			    613.8131
			    -276.0562
			    600.2434
			    -270.1064
			    385.7981
	==================================================================================
	Q4:
		Shape: Hybrid
		q_c:    132.5000    477.5000    404.0000
		ub :    138.5096    482.7929    409.3520
		lb :    126.4904    472.2071    398.6480
		P^-1: 
			    0.0816    -0.0000    0.0000
			    -0.0000    0.0816    -0.0000
			    0.0000    -0.0000    0.0816
		A:
			    -0.9509    -0.2937    -0.0980
			    0.9491    0.1957    -0.2467
			    -0.7015    -0.1224    -0.7021
			    -0.8242    0.4548    0.3373
			    0.2033    0.7009    0.6836
			    0.6537    0.4832    -0.5824
		b:
			    -304.0666
			    121.3048
			    -433.2997
			    245.9832
			    639.5734
			    83.8032
	==================================================================================
	Q5:
		Shape: Ellipse
		q_c:    132.0000    465.5000    398.0000
		ub :    137.1729    469.2649    403.0785
		lb :    126.8271    461.7351    392.9215
		P^-1: 
			    0.1116    -0.0182    0.0206
			    -0.0182    0.1454    -0.0131
			    0.0206    -0.0131    0.0958
	==================================================================================
	Q6:
		Shape: Hybrid
		q_c:    119.5000    461.0000    386.0000
		ub :    129.9711    469.2543    395.7142
		lb :    109.0289    452.7457    376.2858
		P^-1: 
			    0.0288    -0.0104    -0.0047
			    -0.0104    0.0441    -0.0016
			    -0.0047    -0.0016    0.0220
		A:
			    0.7425    -0.2753    0.6106
			    0.0310    0.5611    -0.8272
			    -0.7800    0.5369    0.3214
			    -0.9411    0.3001    0.1557
			    0.6006    0.7296    0.3270
			    0.9011    -0.3964    -0.1755
		b:
			    201.9328
			    -53.1117
			    281.1196
			    89.2947
			    538.9558
			    -139.7310


===========================================================================================
===========================================================================================
S4:
	q_c:    46.5000    98.5000    252.5000
	ub :    64.0000    114.0000    266.0000
	lb :    29.0000    83.0000    239.0000

	==================================================================================
	Q1:
		Shape: Hybrid
		q_c:    40.5000    104.5000    246.0000
		ub :    49.1637    112.0739    253.1545
		lb :    31.8363    96.9261    238.8455
		P^-1: 
			    0.0369    0.0113    0.0192
			    0.0113    0.0596    -0.0149
			    0.0192    -0.0149    0.0681
		A:
			    -0.2987    -0.8338    0.4643
			    0.1862    -0.5958    -0.7813
			    -0.8459    -0.4458    -0.2928
			    -0.2853    -0.8171    -0.5009
			    -0.8523    -0.1123    0.5109
			    0.0076    -0.8993    0.4374
		b:
			    17.0631
			    -242.8682
			    -150.1390
			    -217.5132
			    84.0271
			    16.0105
	==================================================================================
	Q2:
		Shape: Hybrid
		q_c:    45.0000    94.5000    266.0000
		ub :    50.3587    99.5819    269.9867
		lb :    39.6413    89.4181    262.0133
		P^-1: 
			    0.1253    -0.0377    -0.0630
			    -0.0377    0.1221    -0.0459
			    -0.0630    -0.0459    0.2120
		A:
			    0.6276    -0.1495    -0.7640
			    0.2892    0.7126    -0.6392
			    -0.2296    0.8955    -0.3812
			    0.3187    -0.1647    -0.9335
			    0.9047    -0.3482    0.2453
			    -0.4438    -0.4747    0.7601
		b:
			    -188.0068
			    -88.1388
			    -25.5503
			    -248.1723
			    75.1512
			    138.6121
	==================================================================================
	Q3:
		Shape: Ellipse
		q_c:    38.5000    98.0000    265.0000
		ub :    47.5292    104.8240    274.6572
		lb :    29.4708    91.1760    255.3428
		P^-1: 
			    0.0345    -0.0029    -0.0172
			    -0.0029    0.0731    -0.0185
			    -0.0172    -0.0185    0.0391
	==================================================================================
	Q4:
		Shape: Polyhedra
		q_c:    46.0000    94.5000    259.5000
		ub :    52.3022    101.4594    268.7485
		lb :    39.6978    87.5406    250.2515
		A:
			    0.9268    0.3576    0.1152
			    0.8007    0.5176    0.3017
			    -0.9474    0.2290    0.2237
			    0.5229    0.7739    -0.3574
			    -0.6402    -0.0424    0.7670
			    0.0820    0.9828    -0.1654
			    0.5840    0.7877    0.1960
			    0.7831    -0.4832    -0.3916
			    -0.2137    0.3822    -0.8990
			    -0.5840    -0.7877    -0.1960
			    -0.7831    0.4832    0.3916
			    0.2137    -0.3822    0.8990
		b:
			    109.5361
			    167.2484
			    40.0293
			    9.0397
			    171.1419
			    58.4507
			    154.6727
			    -107.2466
			    -199.0125
			    -149.6727
			    115.2466
			    215.0125
	==================================================================================
	Q5:
		Shape: Ellipse
		q_c:    33.0000    82.0000    240.0000
		ub :    39.8364    88.9492    244.7930
		lb :    26.1636    75.0508    235.2070
		P^-1: 
			    0.1358    -0.0682    -0.1553
			    -0.0682    0.1031    0.1255
			    -0.1553    0.1255    0.2880
	==================================================================================
	Q6:
		Shape: Hybrid
		q_c:    39.5000    93.0000    243.5000
		ub :    43.6128    96.6605    249.6374
		lb :    35.3872    89.3395    237.3626
		P^-1: 
			    0.3839    0.4206    0.1002
			    0.4206    0.6669    0.1378
			    0.1002    0.1378    0.0586
		A:
			    0.3838    0.8980    0.2153
			    -0.7257    -0.6839    0.0757
			    -0.3190    -0.8318    -0.4542
			    0.3774    0.9247    -0.0500
			    0.5950    0.8023    0.0483
			    -0.0909    0.9780    -0.1880
		b:
			    151.8568
			    -72.4263
			    -198.9041
			    90.0513
			    110.6398
			    44.0982


===========================================================================================
===========================================================================================
S5:
	q_c:    474.0000    341.5000    472.5000
	ub :    489.0000    354.0000    502.0000
	lb :    459.0000    329.0000    443.0000

	==================================================================================
	Q1:
		Shape: Polyhedra
		q_c:    484.5000    331.0000    475.5000
		ub :    490.6633    337.6540    481.8898
		lb :    478.3367    324.3460    469.1102
		A:
			    -0.4510    0.3555    -0.8187
			    -0.8617    -0.2894    0.4168
			    0.7068    -0.6038    0.3687
			    0.7314    -0.6811    0.0349
			    0.5935    -0.7404    -0.3155
			    -0.7812    0.6087    0.1388
			    0.6146    0.6686    0.4187
			    0.7436    -0.6681    -0.0246
			    0.2633    0.3265    -0.9078
			    -0.6146    -0.6686    -0.4187
			    -0.7436    0.6681    0.0246
			    -0.2633    -0.3265    0.9078
		b:
			    -486.1571
			    -310.5297
			    320.1508
			    147.0614
			    -105.1552
			    -109.4129
			    724.6570
			    128.9236
			    -191.9982
			    -711.6570
			    -125.9236
			    199.9982
	==================================================================================
	Q2:
		Shape: Ellipse
		q_c:    482.0000    347.5000    473.5000
		ub :    491.4508    358.7162    481.6283
		lb :    472.5492    336.2838    465.3717
		P^-1: 
			    0.0201    -0.0018    -0.0001
			    -0.0018    0.0103    -0.0004
			    -0.0001    -0.0004    0.0204
	==================================================================================
	Q3:
		Shape: Polyhedra
		q_c:    465.0000    346.0000    482.5000
		ub :    476.2781    351.9088    493.5291
		lb :    453.7219    340.0912    471.4709
		A:
			    0.6967    0.6904    -0.1949
			    0.8021    -0.5727    0.1694
			    -0.0466    -0.9286    -0.3682
			    0.3851    -0.7455    -0.5440
			    0.3098    0.5854    0.7492
			    0.0935    0.9182    0.3849
			    0.6789    0.0565    0.7321
			    -0.7292    -0.0644    0.6812
			    0.0856    -0.9963    -0.0025
			    -0.6789    -0.0565    -0.7321
			    0.7292    0.0644    -0.6812
			    -0.0856    0.9963    0.0025
		b:
			    475.1681
			    263.6719
			    -514.9087
			    -335.6014
			    715.9180
			    552.7198
			    697.4595
			    -26.1880
			    -301.1082
			    -679.4595
			    39.1880
			    311.1082
	==================================================================================
	Q4:
		Shape: Ellipse
		q_c:    467.0000    353.0000    464.5000
		ub :    476.9431    363.4459    474.3098
		lb :    457.0569    342.5541    454.6902
		P^-1: 
			    0.0442    0.0183    -0.0042
			    0.0183    0.0315    0.0182
			    -0.0042    0.0182    0.0461
	==================================================================================
	Q5:
		Shape: Ellipse
		q_c:    482.5000    349.0000    481.5000
		ub :    491.5665    353.7955    490.0561
		lb :    473.4335    344.2045    472.9439
		P^-1: 
			    0.0585    0.1661    -0.0723
			    0.1661    0.8153    -0.3444
			    -0.0723    -0.3444    0.1735
	==================================================================================
	Q6:
		Shape: Polyhedra
		q_c:    471.0000    330.5000    469.0000
		ub :    480.6097    338.6039    477.5091
		lb :    461.3903    322.3961    460.4909
		A:
			    0.3199    0.0437    -0.9464
			    0.0655    -0.7773    0.6257
			    -0.6183    0.6815    -0.3915
			    -0.0335    0.9427    0.3320
			    0.9235    0.0764    -0.3759
			    0.8292    -0.3485    -0.4369
			    0.6192    0.3472    0.7043
			    -0.6097    -0.3525    0.7099
			    0.4948    -0.8690    -0.0066
			    -0.6192    -0.3472    -0.7043
			    0.6097    0.3525    -0.7099
			    -0.4948    0.8690    0.0066
		b:
			    -273.3123
			    72.2974
			    -244.5763
			    456.8318
			    289.1193
			    75.2462
			    743.7173
			    -65.7289
			    -52.7476
			    -729.7173
			    75.7289
			    61.7476


===========================================================================================
===========================================================================================
S6:
	q_c:    477.5000    193.5000    109.5000
	ub :    490.0000    207.0000    115.0000
	lb :    465.0000    180.0000    104.0000

	==================================================================================
	Q1:
		Shape: Polyhedra
		q_c:    482.0000    193.5000    108.5000
		ub :    483.6754    195.2327    110.1172
		lb :    480.3246    191.7673    106.8828
		A:
			    0.6832    0.3759    0.6261
			    0.8190    0.3225    -0.4746
			    0.9616    -0.2105    -0.1761
			    0.8132    -0.2646    0.5183
			    -0.0582    0.4803    0.8752
			    0.0782    0.8449    -0.5292
			    0.1924    0.9705    0.1454
			    0.7202    -0.0390    -0.6927
			    -0.6666    0.2380    -0.7064
			    -0.1924    -0.9705    -0.1454
			    -0.7202    0.0390    0.6927
			    0.6666    -0.2380    0.7064
		b:
			    471.1494
			    406.7576
			    404.6600
			    398.0034
			    161.0297
			    145.0548
			    297.8039
			    265.4039
			    -350.8993
			    -294.8039
			    -263.4039
			    352.8993
	==================================================================================
	Q2:
		Shape: Hybrid
		q_c:    473.5000    193.0000    115.5000
		ub :    477.2915    197.0560    119.6884
		lb :    469.7085    188.9440    111.3116
		P^-1: 
			    0.1176    0.0194    0.0238
			    0.0194    0.1273    0.0723
			    0.0238    0.0723    0.1978
		A:
			    0.6206    0.7286    0.2900
			    0.0681    0.0176    -0.9975
			    0.1693    -0.8055    -0.5679
			    -0.3128    -0.8408    -0.4417
			    -0.6883    0.5446    -0.4792
			    -0.8947    0.0351    0.4454
		b:
			    469.5248
			    -77.9769
			    -139.4317
			    -360.0052
			    -273.8827
			    -363.4383
	==================================================================================
	Q3:
		Shape: Polyhedra
		q_c:    483.0000    194.5000    109.0000
		ub :    486.5343    198.5261    112.9562
		lb :    479.4657    190.4739    105.0438
		A:
			    0.4042    0.4235    0.8107
			    -0.0792    -0.1493    0.9856
			    0.4705    0.0865    -0.8782
			    -0.7930    -0.6091    -0.0127
			    0.3193    -0.1825    -0.9299
			    0.6529    -0.3093    0.6914
			    0.5832    0.5056    0.6358
			    0.7871    -0.5452    -0.2884
			    0.2008    0.6687    -0.7159
			    -0.5832    -0.5056    -0.6358
			    -0.7871    0.5452    0.2884
			    -0.2008    -0.6687    0.7159
		b:
			    368.4711
			    42.6017
			    150.6853
			    -500.4086
			    19.6623
			    332.9506
			    451.8239
			    244.6876
			    151.5337
			    -446.8239
			    -240.6876
			    -146.5337
	==================================================================================
	Q4:
		Shape: Hybrid
		q_c:    478.5000    200.0000    114.0000
		ub :    480.9184    202.7942    116.9533
		lb :    476.0816    197.2058    111.0467
		P^-1: 
			    0.5992    0.2594    0.1128
			    0.2594    0.5228    0.3146
			    0.1128    0.3146    0.4825
		A:
			    0.6064    0.7376    -0.2969
			    0.9333    0.1432    -0.3294
			    -0.4221    -0.8483    -0.3198
			    -0.2075    -0.6196    -0.7570
			    0.3651    0.0843    0.9271
			    0.1650    0.6281    0.7604
		b:
			    405.0628
			    438.5747
			    -407.3704
			    -308.8914
			    298.5052
			    291.8907
	==================================================================================
	Q5:
		Shape: Polyhedra
		q_c:    478.0000    192.0000    109.5000
		ub :    480.4898    194.8233    112.3956
		lb :    475.5102    189.1767    106.6044
		A:
			    -0.7918    0.3115    0.5254
			    0.7345    0.2332    -0.6372
			    0.6580    0.5686    -0.4937
			    -0.8458    0.3859    0.3683
			    0.4236    -0.4050    -0.8103
			    0.5855    0.2610    0.7675
			    0.3523    0.5191    0.7788
			    -0.5866    0.7708    -0.2484
			    -0.7292    -0.3693    0.5760
			    -0.3523    -0.5191    -0.7788
			    0.5866    -0.7708    0.2484
			    0.7292    0.3693    -0.5760
		b:
			    -259.7493
			    327.1505
			    370.6886
			    -288.5433
			    37.9135
			    416.4229
			    355.8201
			    -158.1228
			    -355.4038
			    -350.8201
			    161.1228
			    357.4038
	==================================================================================
	Q6:
		Shape: Polyhedra
		q_c:    473.5000    196.0000    112.0000
		ub :    475.5003    198.4378    114.7406
		lb :    471.4997    193.5622    109.2594
		A:
			    -0.2999    0.1656    0.9395
			    0.1733    0.5873    -0.7906
			    0.4729    -0.5703    0.6717
			    -0.8669    -0.4753    -0.1500
			    0.1237    0.5705    -0.8120
			    -0.7157    -0.0047    -0.6984
			    0.1356    0.5173    0.8450
			    -0.9746    -0.0837    0.2076
			    0.1782    -0.8517    0.4928
			    -0.1356    -0.5173    -0.8450
			    0.9746    0.0837    -0.2076
			    -0.1782    0.8517    -0.4928
		b:
			    -2.4564
			    110.2046
			    188.9112
			    -518.8184
			    81.0110
			    -416.2622
			    262.2147
			    -453.1437
			    -25.8804
			    -258.2147
			    456.1437
			    28.8804


===========================================================================================
===========================================================================================
S7:
	q_c:    345.5000    80.5000    85.0000
	ub :    370.0000    97.0000    102.0000
	lb :    321.0000    64.0000    68.0000

	==================================================================================
	Q1:
		Shape: Ellipse
		q_c:    335.5000    80.0000    71.5000
		ub :    344.9169    91.5636    82.0451
		lb :    326.0831    68.4364    60.9549
		P^-1: 
			    0.0347    0.0095    0.0005
			    0.0095    0.0231    0.0003
			    0.0005    0.0003    0.0178
	==================================================================================
	Q2:
		Shape: Ellipse
		q_c:    351.5000    69.0000    101.0000
		ub :    359.9461    79.2098    110.3405
		lb :    343.0539    58.7902    91.6595
		P^-1: 
			    0.0334    -0.0017    -0.0143
			    -0.0017    0.0128    0.0034
			    -0.0143    0.0034    0.0359
	==================================================================================
	Q3:
		Shape: Polyhedra
		q_c:    334.5000    65.0000    87.5000
		ub :    343.7559    73.2905    97.4217
		lb :    325.2441    56.7095    77.5783
		A:
			    0.8175    -0.4724    0.3295
			    0.3889    0.7759    -0.4967
			    -0.5856    0.3540    -0.7292
			    0.4430    0.6483    -0.6193
			    -0.2984    0.7060    -0.6423
			    -0.7864    0.4071    -0.4646
			    0.7988    0.4977    0.3380
			    0.3071    -0.8205    0.4822
			    0.5173    -0.2813    -0.8082
			    -0.7988    -0.4977    -0.3380
			    -0.3071    0.8205    -0.4822
			    -0.5173    0.2813    0.8082
		b:
			    276.5202
			    142.2605
			    -231.9077
			    141.7833
			    -105.5037
			    -272.4751
			    334.1180
			    96.0969
			    91.5408
			    -324.1180
			    -87.0969
			    -76.5408
	==================================================================================
	Q4:
		Shape: Ellipse
		q_c:    345.0000    79.0000    91.0000
		ub :    349.0921    83.0255    94.0054
		lb :    340.9079    74.9745    87.9946
		P^-1: 
			    0.2095    0.1091    -0.0910
			    0.1091    0.2324    -0.1056
			    -0.0910    -0.1056    0.2736
	==================================================================================
	Q5:
		Shape: Polyhedra
		q_c:    336.5000    67.5000    87.0000
		ub :    343.2532    75.7781    93.3983
		lb :    329.7468    59.2219    80.6017
		A:
			    0.0456    0.1230    -0.9914
			    -0.2650    -0.5964    -0.7577
			    -0.4202    -0.8852    -0.1999
			    -0.4609    -0.5627    0.6862
			    -0.3974    -0.9170    -0.0356
			    -0.8670    0.1210    -0.4834
			    0.6117    0.0446    0.7899
			    -0.7899    -0.0219    0.6129
			    0.0447    -0.9988    0.0218
			    -0.6117    -0.0446    -0.7899
			    0.7899    0.0219    -0.6129
			    -0.0447    0.9988    -0.0218
		b:
			    -58.0548
			    -189.6893
			    -211.3043
			    -127.3294
			    -191.2600
			    -321.3001
			    281.5498
			    -208.9483
			    -42.4948
			    -273.5498
			    218.9483
			    58.4948
	==================================================================================
	Q6:
		Shape: Ellipse
		q_c:    337.5000    65.5000    77.5000
		ub :    344.6551    70.3748    83.9284
		lb :    330.3449    60.6252    71.0716
		P^-1: 
			    0.0518    -0.0202    -0.0454
			    -0.0202    0.0847    0.0356
			    -0.0454    0.0356    0.1137


===========================================================================================
===========================================================================================
S8:
	q_c:    74.0000    189.0000    60.0000
	ub :    88.0000    194.0000    77.0000
	lb :    60.0000    184.0000    43.0000

	==================================================================================
	Q1:
		Shape: Polyhedra
		q_c:    76.5000    195.0000    62.0000
		ub :    79.7641    197.8305    64.0410
		lb :    73.2359    192.1695    59.9590
		A:
			    0.1132    -0.6098    0.7845
			    0.2627    -0.7489    -0.6084
			    0.4105    0.6212    -0.6675
			    -0.3431    -0.1178    0.9319
			    -0.6060    -0.2573    0.7527
			    0.2661    -0.4726    -0.8402
			    0.1202    0.3838    0.9156
			    -0.8663    0.4909    -0.0920
			    -0.4848    -0.7821    0.3915
			    -0.1202    -0.3838    -0.9156
			    0.8663    -0.4909    0.0920
			    0.4848    0.7821    -0.3915
		b:
			    -59.8522
			    -161.6296
			    112.2191
			    9.9473
			    -48.3859
			    -122.0862
			    142.2938
			    26.7404
			    -164.3323
			    -139.2938
			    -20.7404
			    166.3323
	==================================================================================
	Q2:
		Shape: Polyhedra
		q_c:    73.0000    187.0000    57.5000
		ub :    75.8903    190.6760    60.8845
		lb :    70.1097    183.3240    54.1155
		A:
			    0.8285    -0.5211    0.2053
			    -0.8945    0.4220    -0.1478
			    0.8274    0.4583    0.3246
			    0.8092    -0.4022    -0.4282
			    0.2333    -0.8961    -0.3776
			    0.6948    0.2596    -0.6707
			    0.6736    0.6904    0.2638
			    0.7372    -0.6020    -0.3067
			    -0.0529    0.4011    -0.9145
			    -0.6736    -0.6904    -0.2638
			    -0.7372    0.6020    0.3067
			    0.0529    -0.4011    0.9145
		b:
			    -23.5661
			    6.7348
			    167.6761
			    -39.5860
			    -170.3778
			    62.9859
			    196.4499
			    -75.4007
			    21.0558
			    -190.4499
			    77.4007
			    -16.0558
	==================================================================================
	Q3:
		Shape: Polyhedra
		q_c:    76.5000    188.5000    59.0000
		ub :    78.9453    191.1342    62.2081
		lb :    74.0547    185.8658    55.7919
		A:
			    -0.3709    -0.4279    0.8242
			    0.6198    -0.7081    0.3385
			    -0.8209    0.3702    -0.4349
			    0.0335    0.0652    -0.9973
			    0.8413    -0.4215    0.3385
			    0.3209    -0.9281    -0.1888
			    0.1919    0.4487    0.8728
			    0.0017    0.8892    -0.4575
			    -0.9814    0.0893    0.1699
			    -0.1919    -0.4487    -0.8728
			    -0.0017    -0.8892    0.4575
			    0.9814    -0.0893    -0.1699
		b:
			    -58.5522
			    -64.3742
			    -16.7161
			    -41.7276
			    6.7929
			    -159.6291
			    153.2584
			    142.2582
			    -46.2134
			    -148.2584
			    -139.2582
			    50.2134
	==================================================================================
	Q4:
		Shape: Ellipse
		q_c:    79.0000    190.5000    60.0000
		ub :    81.9668    193.5808    62.2018
		lb :    76.0332    187.4192    57.7982
		P^-1: 
			    0.2529    0.0061    -0.0228
			    0.0061    0.2626    -0.0475
			    -0.0228    -0.0475    0.4289
	==================================================================================
	Q5:
		Shape: Hybrid
		q_c:    78.0000    187.0000    60.0000
		ub :    80.5958    190.0168    62.7239
		lb :    75.4042    183.9832    57.2761
		P^-1: 
			    0.2500    0.0000    -0.0000
			    0.0000    0.2500    0.0000
			    -0.0000    0.0000    0.2500
		A:
			    -0.7868    0.4786    -0.3897
			    0.4215    -0.1441    -0.8953
			    -0.7330    0.3845    -0.5611
			    -0.8396    -0.4701    0.2722
			    0.1608    0.0627    0.9850
			    -0.3754    -0.9179    -0.1283
		b:
			    5.7468
			    -46.7925
			    -17.9321
			    -136.0732
			    84.3759
			    -207.6335
	==================================================================================
	Q6:
		Shape: Ellipse
		q_c:    78.5000    187.5000    56.0000
		ub :    80.9602    188.7895    58.2121
		lb :    76.0398    186.2105    53.7879
		P^-1: 
			    0.4375    -0.6145    0.4501
			    -0.6145    2.9243    -1.5134
			    0.4501    -1.5134    1.3327


===========================================================================================
===========================================================================================
S9:
	q_c:    256.0000    378.5000    374.0000
	ub :    278.0000    393.0000    382.0000
	lb :    234.0000    364.0000    366.0000

	==================================================================================
	Q1:
		Shape: Ellipse
		q_c:    251.5000    380.0000    369.0000
		ub :    256.6456    385.0006    372.7381
		lb :    246.3544    374.9994    365.2619
		P^-1: 
			    0.1077    0.0177    0.0176
			    0.0177    0.0941    0.0077
			    0.0176    0.0077    0.1510
	==================================================================================
	Q2:
		Shape: Hybrid
		q_c:    260.0000    388.5000    368.0000
		ub :    264.3518    392.7756    371.5138
		lb :    255.6482    384.2244    364.4862
		P^-1: 
			    0.1111    -0.0000    0.0000
			    -0.0000    0.1111    -0.0000
			    0.0000    -0.0000    0.1111
		A:
			    0.8377    -0.1715    -0.5186
			    0.3278    0.2715    0.9049
			    0.3561    -0.3820    -0.8528
			    0.3336    -0.7036    0.6274
			    0.0347    -0.6126    0.7897
			    -0.3913    -0.2793    0.8768
		b:
			    -38.1595
			    525.2168
			    -368.1627
			    45.7525
			    63.1343
			    113.8970
	==================================================================================
	Q3:
		Shape: Polyhedra
		q_c:    259.0000    380.5000    376.5000
		ub :    262.4775    383.3906    379.8731
		lb :    255.5225    377.6094    373.1269
		A:
			    0.2354    0.6416    0.7300
			    -0.3269    -0.5765    -0.7489
			    -0.2893    -0.4683    -0.8349
			    0.4097    -0.8737    -0.2623
			    0.4804    0.0884    -0.8726
			    -0.6256    -0.4256    -0.6539
			    0.3349    0.6946    0.6367
			    -0.9320    0.1447    0.3323
			    0.1386    -0.7047    0.6958
			    -0.3349    -0.6946    -0.6367
			    0.9320    -0.1447    -0.3323
			    -0.1386    0.7047    -0.6958
		b:
			    581.0299
			    -584.8999
			    -566.2147
			    -322.8069
			    -167.8283
			    -568.7078
			    591.7471
			    -58.2148
			    32.2338
			    -589.7471
			    64.2148
			    -27.2338
	==================================================================================
	Q4:
		Shape: Ellipse
		q_c:    258.5000    380.0000    379.5000
		ub :    264.5079    386.5903    385.5956
		lb :    252.4921    373.4097    373.4044
		P^-1: 
			    0.0787    0.0052    -0.0076
			    0.0052    0.0723    0.0137
			    -0.0076    0.0137    0.0616
	==================================================================================
	Q5:
		Shape: Hybrid
		q_c:    262.5000    371.0000    378.0000
		ub :    264.8276    373.9184    380.4585
		lb :    260.1724    368.0816    375.5415
		P^-1: 
			    0.2518    0.0131    0.0177
			    0.0131    0.1902    0.0866
			    0.0177    0.0866    0.4124
		A:
			    0.5156    -0.4072    -0.7539
			    -0.4196    -0.5977    0.6831
			    0.6106    -0.6742    0.4154
			    0.4762    -0.6263    -0.6172
			    -0.1357    -0.5267    -0.8392
			    0.2137    0.6430    0.7355
		b:
			    -299.6989
			    -72.2067
			    68.7480
			    -339.5622
			    -547.4015
			    573.5656
	==================================================================================
	Q6:
		Shape: Hybrid
		q_c:    256.5000    382.0000    374.0000
		ub :    261.3305    386.5003    378.6820
		lb :    251.6695    377.4997    369.3180
		P^-1: 
			    0.1214    -0.0248    -0.0064
			    -0.0248    0.1432    -0.0119
			    -0.0064    -0.0119    0.0881
		A:
			    -0.9930    -0.0336    -0.1133
			    0.2376    -0.6544    0.7178
			    -0.1681    0.8641    0.4744
			    -0.1840    0.8573    -0.4807
			    -0.7489    0.6616    -0.0395
			    -0.2653    -0.5745    -0.7743
		b:
			    -308.1752
			    81.0723
			    466.0721
			    101.9268
			    47.1533
			    -574.9246


===========================================================================================
===========================================================================================
S10:
	q_c:    198.5000    452.5000    210.5000
	ub :    222.0000    470.0000    224.0000
	lb :    175.0000    435.0000    197.0000

	==================================================================================
	Q1:
		Shape: Hybrid
		q_c:    203.0000    457.5000    216.0000
		ub :    209.7596    467.7961    223.4252
		lb :    196.2404    447.2039    208.5748
		P^-1: 
			    0.1275    0.0238    0.0499
			    0.0238    0.0209    -0.0016
			    0.0499    -0.0016    0.0734
		A:
			    -0.9958    0.0918    -0.0024
			    0.8195    -0.4068    0.4036
			    -0.5496    0.4234    -0.7202
			    -0.3520    0.1715    -0.9201
			    0.8492    0.4862    0.2058
			    -0.4538    -0.7755    0.4389
		b:
			    -157.5120
			    71.2751
			    -70.2096
			    -189.4499
			    441.5717
			    -347.7621
	==================================================================================
	Q2:
		Shape: Ellipse
		q_c:    200.5000    457.0000    207.5000
		ub :    208.5228    465.3039    213.9774
		lb :    192.4772    448.6961    201.0226
		P^-1: 
			    0.0607    0.0241    -0.0031
			    0.0241    0.0370    -0.0119
			    -0.0031    -0.0119    0.0667
	==================================================================================
	Q3:
		Shape: Hybrid
		q_c:    199.0000    442.5000    201.5000
		ub :    207.3070    449.9515    210.1311
		lb :    190.6930    435.0485    192.8689
		P^-1: 
			    0.0210    -0.0001    0.0028
			    -0.0001    0.0377    -0.0033
			    0.0028    -0.0033    0.0347
		A:
			    0.1194    -0.5052    -0.8547
			    -0.0027    -0.9047    -0.4261
			    -0.2991    -0.9468    -0.1184
			    -0.5598    -0.3966    0.7276
			    -0.1500    0.9790    -0.1379
			    0.7515    0.2885    -0.5933
		b:
			    -368.8696
			    -483.8186
			    -499.4884
			    -136.7393
			    378.2135
			    161.6809
	==================================================================================
	Q4:
		Shape: Ellipse
		q_c:    188.0000    447.0000    218.0000
		ub :    195.4111    451.0412    223.8816
		lb :    180.5889    442.9588    212.1184
		P^-1: 
			    0.0255    0.0149    0.0007
			    0.0149    0.3706    0.1539
			    0.0007    0.1539    0.1214
	==================================================================================
	Q5:
		Shape: Polyhedra
		q_c:    210.5000    444.5000    226.5000
		ub :    215.6189    450.3262    231.6558
		lb :    205.3811    438.6738    221.3442
		A:
			    0.1571    0.3829    0.9103
			    -0.9694    -0.0515    -0.2401
			    -0.9217    -0.3117    0.2310
			    -0.7426    -0.6697    -0.0082
			    -0.3977    0.2285    0.8886
			    0.6355    0.7486    -0.1889
			    0.8480    0.5228    0.0864
			    0.3369    -0.6578    0.6737
			    0.4091    -0.5422    -0.7340
			    -0.8480    -0.5228    -0.0864
			    -0.3369    0.6578    -0.6737
			    -0.4091    0.5422    0.7340
		b:
			    412.6523
			    -278.1111
			    -277.2383
			    -452.8205
			    222.2221
			    426.9455
			    433.4863
			    -64.8718
			    -318.1401
			    -427.4863
			    72.8718
			    324.1401
	==================================================================================
	Q6:
		Shape: Hybrid
		q_c:    206.5000    440.0000    200.5000
		ub :    213.3113    446.4482    208.1109
		lb :    199.6887    433.5518    192.8891
		P^-1: 
			    0.1350    0.1050    0.0189
			    0.1050    0.1492    0.0151
			    0.0189    0.0151    0.0389
		A:
			    0.7492    0.6473    0.1408
