3D_35_8_6_e                l = 3

===========================================================================================
===========================================================================================
S1:
	q_c:	166.5	272.0	460.0
	ub :	168.4567	276.2951	464.0906
	lb :	162.6717	269.0641	456.2173

	==================================================================================
	Q1:
		Shape: Polyhedra
		q_c:	166.5	270.5	463.0
		ub :	167.9352	271.9359	464.0906
		lb :	165.0648	269.0641	461.9094
		A:
			-0.406	0.3107	-0.8595
			0.3359	-0.1312	-0.9327
			0.864	0.0259	-0.5029
			0.527	-0.3942	-0.7529
			0.1413	-0.1984	0.9699
			0.9224	-0.2037	-0.3283
			0.5461	0.4228	0.7232
			-0.5912	-0.417	0.6903
			0.5935	-0.8045	0.0222
			-0.5461	-0.4228	-0.7232
			0.5912	0.417	-0.6903
			-0.5935	0.8045	-0.0222
		b:
			-380.5632
			-410.6723
			-81.3172
			-366.6835
			419.7317
			-52.7167
			541.131
			108.8664
			-107.5208
			-539.131
			-107.8664
			109.5208
	==================================================================================
	Q2:
		Shape: Ellipse
		q_c:	166.5	274.5	460.5
		ub :	168.4144	276.2951	462.5632
		lb :	164.5856	272.7049	458.4368
		P^-1:
			0.7839	0.1037	0.2502
			0.1037	0.4761	0.0765
			0.2502	0.0765	0.6288
	==================================================================================
	Q3:
		Shape: Ellipse
		q_c:	165.0	271.5	461.0
		ub :	166.2403	273.3666	462.7033
		lb :	163.7597	269.6334	459.2967
		P^-1:
			3.2723	0.9068	1.095
			0.9068	0.8984	0.0939
			1.095	0.0939	1.2738
	==================================================================================
	Q4:
		Shape: Ellipse
		q_c:	165.5	274.5	461.0
		ub :	166.9798	276.1051	462.6798
		lb :	164.0202	272.8949	459.3202
		P^-1:
			0.9989	-0.0034	0.0248
			-0.0034	0.9896	0.0752
			0.0248	0.0752	0.456
	==================================================================================
	Q5:
		Shape: Ellipse
		q_c:	165.0	272.5	461.5
		ub :	167.3283	275.0514	463.7077
		lb :	162.6717	269.9486	459.2923
		P^-1:
			0.4444	-0.0	0.0
			-0.0	0.4444	-0.0
			0.0	-0.0	0.4444
	==================================================================================
	Q6:
		Shape: Polyhedra
		q_c:	166.0	272.5	458.5
		ub :	168.4567	275.0778	460.7827
		lb :	163.5433	269.9222	456.2173
		A:
			-0.8782	0.4639	-0.1166
			-0.8901	0.2756	-0.363
			-0.0609	0.1208	-0.9908
			0.5764	0.263	0.7737
			-0.1248	0.9811	0.1477
			0.8615	-0.0926	-0.4992
			0.8071	0.5779	0.1211
			0.3733	-0.6583	0.6536
			0.4574	-0.4823	-0.7471
			-0.8071	-0.5779	-0.1211
			-0.3733	0.6583	-0.6536
			-0.4574	0.4823	0.7471
		b:
			-71.3236
			-237.6163
			-429.9778
			523.585
			315.8544
			-109.6254
			348.4583
			183.7534
			-396.5429
			-345.4583
			-180.7534
			399.5429


===========================================================================================
===========================================================================================
S2:
	q_c:	198.5	452.5	210.5
	ub :	215.6189	467.7961	231.6558
	lb :	180.5889	433.5518	192.8689

	==================================================================================
	Q1:
		Shape: Hybrid
		q_c:	203.0	457.5	216.0
		ub :	209.7596	467.7961	223.4252
		lb :	196.2404	447.2039	208.5748
		P^-1:
			0.1275	0.0238	0.0499
			0.0238	0.0209	-0.0016
			0.0499	-0.0016	0.0734
		A:
			-0.9958	0.0918	-0.0024
			0.8195	-0.4068	0.4036
			-0.5496	0.4234	-0.7202
			-0.352	0.1715	-0.9201
			0.8492	0.4862	0.2058
			-0.4538	-0.7755	0.4389
		b:
			-157.512
			71.2751
			-70.2096
			-189.4499
			441.5717
			-347.7621
	==================================================================================
	Q2:
		Shape: Ellipse
		q_c:	200.5	457.0	207.5
		ub :	208.5228	465.3039	213.9774
		lb :	192.4772	448.6961	201.0226
		P^-1:
			0.0607	0.0241	-0.0031
			0.0241	0.037	-0.0119
			-0.0031	-0.0119	0.0667
	==================================================================================
	Q3:
		Shape: Hybrid
		q_c:	199.0	442.5	201.5
		ub :	207.307	449.9515	210.1311
		lb :	190.693	435.0485	192.8689
		P^-1:
			0.021	-0.0001	0.0028
			-0.0001	0.0377	-0.0033
			0.0028	-0.0033	0.0347
		A:
			0.1194	-0.5052	-0.8547
			-0.0027	-0.9047	-0.4261
			-0.2991	-0.9468	-0.1184
			-0.5598	-0.3966	0.7276
			-0.15	0.979	-0.1379
			0.7515	0.2885	-0.5933
		b:
			-368.8696
			-483.8186
			-499.4884
			-136.7393
			378.2135
			161.6809
	==================================================================================
	Q4:
		Shape: Ellipse
		q_c:	188.0	447.0	218.0
		ub :	195.4111	451.0412	223.8816
		lb :	180.5889	442.9588	212.1184
		P^-1:
			0.0255	0.0149	0.0007
			0.0149	0.3706	0.1539
			0.0007	0.1539	0.1214
	==================================================================================
	Q5:
		Shape: Polyhedra
		q_c:	210.5	444.5	226.5
		ub :	215.6189	450.3262	231.6558
		lb :	205.3811	438.6738	221.3442
		A:
			0.1571	0.3829	0.9103
			-0.9694	-0.0515	-0.2401
			-0.9217	-0.3117	0.231
			-0.7426	-0.6697	-0.0082
			-0.3977	0.2285	0.8886
			0.6355	0.7486	-0.1889
			0.848	0.5228	0.0864
			0.3369	-0.6578	0.6737
			0.4091	-0.5422	-0.734
			-0.848	-0.5228	-0.0864
			-0.3369	0.6578	-0.6737
			-0.4091	0.5422	0.734
		b:
			412.6523
			-278.1111
			-277.2383
			-452.8205
			222.2221
			426.9455
			433.4863
			-64.8718
			-318.1401
			-427.4863
			72.8718
			324.1401
	==================================================================================
	Q6:
		Shape: Hybrid
		q_c:	206.5	440.0	200.5
		ub :	213.3113	446.4482	208.1109
		lb :	199.6887	433.5518	192.8891
		P^-1:
			0.135	0.105	0.0189
			0.105	0.1492	0.0151
			0.0189	0.0151	0.0389
		A:
			0.7492	0.6473	0.1408
			-0.0698	0.9966	0.0443
			-0.8913	-0.4452	-0.0863
			-0.649	0.7535	0.1049
			-0.5176	-0.7438	-0.4229
			-0.548	-0.7252	-0.4169
		b:
			468.7809
			436.0178
			-395.618
			222.8189
			-517.2958
			-514.2476


===========================================================================================
===========================================================================================
S3:
	q_c:	292.5	168.0	84.5
	ub :	308.5862	182.1791	95.4183
	lb :	280.6996	151.7581	67.034

	==================================================================================
	Q1:
		Shape: Hybrid
		q_c:	293.5	161.5	91.0
		ub :	298.9899	167.4571	95.4183
		lb :	288.0101	155.5429	86.5817
		P^-1:
			0.072	0.0167	-0.0002
			0.0167	0.0996	0.0777
			-0.0002	0.0777	0.2094
		A:
			-0.5996	-0.3124	-0.7368
			-0.3747	0.3505	0.8583
			-0.1966	-0.8322	-0.5184
			0.0755	-0.1383	0.9875
			0.8973	-0.1697	0.4076
			-0.2052	-0.1405	-0.9686
		b:
			-291.7122
			26.1172
			-237.6243
			91.6453
			276.0639
			-169.5667
	==================================================================================
	Q2:
		Shape: Ellipse
		q_c:	302.0	171.0	76.5
		ub :	308.5862	176.9386	82.9697
		lb :	295.4138	165.0614	70.0303
		P^-1:
			0.0758	-0.0263	0.0021
			-0.0263	0.0874	-0.0131
			0.0021	-0.0131	0.0598
	==================================================================================
	Q3:
		Shape: Hybrid
		q_c:	289.5	175.5	82.5
		ub :	296.9783	182.1791	88.6591
		lb :	282.0217	168.8209	76.3409
		P^-1:
			0.0591	-0.0124	0.0304
			-0.0124	0.0757	0.0229
			0.0304	0.0229	0.0858
		A:
			-0.4	0.8227	0.404
			0.4323	-0.3185	0.8436
			-0.5357	-0.5595	-0.6324
			0.0746	-0.9934	0.0873
			-0.913	-0.296	-0.2806
			0.0956	0.0705	0.9929
		b:
			63.8693
			140.8824
			-303.6133
			-142.9659
			-336.4643
			124.2533
	==================================================================================
	Q4:
		Shape: Hybrid
		q_c:	292.0	159.5	74.0
		ub :	297.9202	166.5059	80.966
		lb :	286.0798	152.4941	67.034
		P^-1:
			0.0744	-0.0114	0.0073
			-0.0114	0.0545	-0.0033
			0.0073	-0.0033	0.0515
		A:
			0.6171	-0.7494	-0.2402
			-0.6583	-0.3511	-0.6659
			-0.1182	-0.2325	0.9654
			0.2397	-0.8708	-0.4294
			-0.6044	0.793	-0.0768
			0.3475	0.4587	0.8178
		b:
			45.0593
			-295.0866
			2.5501
			-98.1121
			-53.6562
			237.794
	==================================================================================
	Q5:
		Shape: Polyhedra
		q_c:	292.0	163.5	90.0
		ub :	297.3889	167.757	95.2961
		lb :	286.6111	159.243	84.7039
		A:
			-0.477	-0.8735	0.0976
			-0.2592	-0.9187	0.2981
			-0.4094	-0.1689	0.8966
			0.1589	-0.957	0.2427
			-0.2503	-0.6924	0.6767
			0.0119	0.9312	-0.3643
			0.2688	0.4761	0.8373
			-0.962	0.0897	0.2578
			0.0476	-0.8748	0.4821
			-0.2688	-0.4761	-0.8373
			0.962	-0.0897	-0.2578
			-0.0476	0.8748	-0.4821
		b:
			-270.1712
			-196.3229
			-62.826
			-85.5832
			-122.5212
			125.4645
			235.1846
			-238.5369
			-83.2411
			-228.1846
			247.5369
			88.2411
	==================================================================================
	Q6:
		Shape: Hybrid
		q_c:	288.0	159.0	89.0
		ub :	295.3004	166.2419	95.0037
		lb :	280.6996	151.7581	82.9963
		P^-1:
			0.0543	0.0334	0.0397
			0.0334	0.0747	0.04
			0.0397	0.04	0.1081
		A:
			-0.5955	0.7823	0.1826
			0.0857	0.7143	0.6945
			0.4138	0.8053	0.4246
			-0.5184	-0.722	0.4583
			-0.64	0.0026	-0.7683
			-0.2531	0.8676	0.4281
		b:
			-26.4618
			202.1122
			286.7212
			-220.0585
			-249.9827
			106.5911


===========================================================================================
===========================================================================================
S4:
	q_c:	477.5	193.5	109.5
	ub :	486.5343	202.7942	119.6884
	lb :	469.7085	188.944	105.0438

	==================================================================================
	Q1:
		Shape: Polyhedra
		q_c:	482.0	193.5	108.5
		ub :	483.6754	195.2327	110.1172
		lb :	480.3246	191.7673	106.8828
		A:
			0.6832	0.3759	0.6261
			0.819	0.3225	-0.4746
			0.9616	-0.2105	-0.1761
			0.8132	-0.2646	0.5183
			-0.0582	0.4803	0.8752
			0.0782	0.8449	-0.5292
			0.1924	0.9705	0.1454
			0.7202	-0.039	-0.6927
			-0.6666	0.238	-0.7064
			-0.1924	-0.9705	-0.1454
			-0.7202	0.039	0.6927
			0.6666	-0.238	0.7064
		b:
			471.1494
			406.7576
			404.66
			398.0034
			161.0297
			145.0548
			297.8039
			265.4039
			-350.8993
			-294.8039
			-263.4039
			352.8993
	==================================================================================
	Q2:
		Shape: Hybrid
		q_c:	473.5	193.0	115.5
		ub :	477.2915	197.056	119.6884
		lb :	469.7085	188.944	111.3116
		P^-1:
			0.1176	0.0194	0.0238
			0.0194	0.1273	0.0723
			0.0238	0.0723	0.1978
		A:
			0.6206	0.7286	0.29
			0.0681	0.0176	-0.9975
			0.1693	-0.8055	-0.5679
			-0.3128	-0.8408	-0.4417
			-0.6883	0.5446	-0.4792
			-0.8947	0.0351	0.4454
		b:
			469.5248
			-77.9769
			-139.4317
			-360.0052
			-273.8827
			-363.4383
	==================================================================================
	Q3:
		Shape: Polyhedra
		q_c:	483.0	194.5	109.0
		ub :	486.5343	198.5261	112.9562
		lb :	479.4657	190.4739	105.0438
		A:
			0.4042	0.4235	0.8107
			-0.0792	-0.1493	0.9856
			0.4705	0.0865	-0.8782
			-0.793	-0.6091	-0.0127
			0.3193	-0.1825	-0.9299
			0.6529	-0.3093	0.6914
			0.5832	0.5056	0.6358
			0.7871	-0.5452	-0.2884
			0.2008	0.6687	-0.7159
			-0.5832	-0.5056	-0.6358
			-0.7871	0.5452	0.2884
			-0.2008	-0.6687	0.7159
		b:
			368.4711
			42.6017
			150.6853
			-500.4086
			19.6623
			332.9506
			451.8239
			244.6876
			151.5337
			-446.8239
			-240.6876
			-146.5337
	==================================================================================
	Q4:
		Shape: Hybrid
		q_c:	478.5	200.0	114.0
		ub :	480.9184	202.7942	116.9533
		lb :	476.0816	197.2058	111.0467
		P^-1:
			0.5992	0.2594	0.1128
			0.2594	0.5228	0.3146
			0.1128	0.3146	0.4825
		A:
			0.6064	0.7376	-0.2969
			0.9333	0.1432	-0.3294
			-0.4221	-0.8483	-0.3198
			-0.2075	-0.6196	-0.757
			0.3651	0.0843	0.9271
			0.165	0.6281	0.7604
		b:
			405.0628
			438.5747
			-407.3704
			-308.8914
			298.5052
			291.8907
	==================================================================================
	Q5:
		Shape: Polyhedra
		q_c:	478.0	192.0	109.5
		ub :	480.4898	194.8233	112.3956
		lb :	475.5102	189.1767	106.6044
		A:
			-0.7918	0.3115	0.5254
			0.7345	0.2332	-0.6372
			0.658	0.5686	-0.4937
			-0.8458	0.3859	0.3683
			0.4236	-0.405	-0.8103
			0.5855	0.261	0.7675
			0.3523	0.5191	0.7788
			-0.5866	0.7708	-0.2484
			-0.7292	-0.3693	0.576
			-0.3523	-0.5191	-0.7788
			0.5866	-0.7708	0.2484
			0.7292	0.3693	-0.576
		b:
			-259.7493
			327.1505
			370.6886
			-288.5433
			37.9135
			416.4229
			355.8201
			-158.1228
			-355.4038
			-350.8201
			161.1228
			357.4038
	==================================================================================
	Q6:
		Shape: Polyhedra
		q_c:	473.5	196.0	112.0
		ub :	475.5003	198.4378	114.7406
		lb :	471.4997	193.5622	109.2594
		A:
			-0.2999	0.1656	0.9395
			0.1733	0.5873	-0.7906
			0.4729	-0.5703	0.6717
			-0.8669	-0.4753	-0.15
			0.1237	0.5705	-0.812
			-0.7157	-0.0047	-0.6984
			0.1356	0.5173	0.845
			-0.9746	-0.0837	0.2076
			0.1782	-0.8517	0.4928
			-0.1356	-0.5173	-0.845
			0.9746	0.0837	-0.2076
			-0.1782	0.8517	-0.4928
		b:
			-2.4564
			110.2046
			188.9112
			-518.8184
			81.011
			-416.2622
			262.2147
			-453.1437
			-25.8804
			-258.2147
			456.1437
			28.8804


===========================================================================================
===========================================================================================
S5:
	q_c:	297.0	386.5	157.0
	ub :	320.0877	403.7043	180.1306
	lb :	282.2567	362.3788	141.23

	==================================================================================
	Q1:
		Shape: Hybrid
		q_c:	294.5	391.5	165.5
		ub :	303.624	400.4817	171.4934
		lb :	285.376	382.5183	159.5066
		P^-1:
			0.0314	0.0141	0.0003
			0.0141	0.0384	-0.0002
			0.0003	-0.0002	0.0494
		A:
			0.1723	-0.1464	-0.9741
			-0.777	0.561	0.2856
			0.6448	0.7633	0.0396
			-0.8947	-0.402	-0.1945
			0.5587	0.7171	-0.4167
			-0.7506	0.5131	0.4162
		b:
			-165.3265
			42.6911
			497.5495
			-450.2191
			378.5778
			53.1267
	==================================================================================
	Q2:
		Shape: Ellipse
		q_c:	299.5	396.5	152.0
		ub :	305.6542	403.7043	159.4224
		lb :	293.3458	389.2957	144.5776
		P^-1:
			0.0731	0.0128	0.0109
			0.0128	0.0449	0.0042
			0.0109	0.0042	0.0436
	==================================================================================
	Q3:
		Shape: Polyhedra
		q_c:	308.5	387.0	148.5
		ub :	315.8774	395.1409	155.77
		lb :	301.1226	378.8591	141.23
		A:
			0.4791	-0.8732	0.0897
			-0.6785	0.1417	-0.7208
			-0.6404	-0.1748	-0.7479
			0.443	0.147	0.8844
			0.5699	0.6482	0.5051
			-0.4307	-0.4323	-0.7922
			0.5045	0.3491	0.7897
			-0.0226	-0.909	0.4162
			0.8631	-0.2279	-0.4506
			-0.5045	-0.3491	-0.7897
			0.0226	0.909	-0.4162
			-0.8631	0.2279	0.4506
		b:
			-169.9393
			-257.8179
			-374.0958
			327.0015
			504.6757
			-416.1272
			409.4926
			-290.4456
			118.6703
			-406.4926
			303.4456
			-103.6703
	==================================================================================
	Q4:
		Shape: Ellipse
		q_c:	292.5	381.0	164.0
		ub :	302.7433	388.5284	172.2735
		lb :	282.2567	373.4716	155.7265
		P^-1:
			0.0225	-0.0055	0.0058
			-0.0055	0.0383	0.0018
			0.0058	0.0018	0.03
	==================================================================================
	Q5:
		Shape: Hybrid
		q_c:	296.5	398.5	152.0
		ub :	300.3404	401.4175	155.499
		lb :	292.6596	395.5825	148.501
		P^-1:
			0.1602	0.0164	0.0966
			0.0164	0.323	0.0981
			0.0966	0.0981	0.3224
		A:
			0.0096	-0.2673	-0.9636
			-0.0076	-0.4192	0.9078
			0.2579	0.8219	-0.5079
			0.5395	0.7995	0.2641
			-0.7079	-0.6418	-0.2948
			0.4771	-0.865	0.1555
		b:
			-249.0063
			-29.8477
			328.4021
			519.9119
			-509.1099
			-178.3502
	==================================================================================
	Q6:
		Shape: Hybrid
		q_c:	306.5	375.5	167.0
		ub :	320.0877	388.6212	180.1306
		lb :	292.9123	362.3788	153.8694
		P^-1:
			0.0192	-0.0079	-0.0007
			-0.0079	0.0205	-0.0002
			-0.0007	-0.0002	0.0115
		A:
			0.0726	0.9974	0.0017
			-0.9459	0.309	-0.0987
			0.7231	-0.4794	-0.4972
			0.4305	-0.7873	-0.4413
			-0.3407	0.9256	-0.1648
			0.5172	0.7088	-0.4796
		b:
			401.9054
			-186.4126
			-37.415
			-233.4461
			219.2586
			350.5325


===========================================================================================
===========================================================================================
S6:
	q_c:	474.0	341.5	472.5
	ub :	491.5665	363.4459	493.5291
	lb :	453.7219	322.3961	454.6902

	==================================================================================
	Q1:
		Shape: Polyhedra
		q_c:	484.5	331.0	475.5
		ub :	490.6633	337.654	481.8898
		lb :	478.3367	324.346	469.1102
		A:
			-0.451	0.3555	-0.8187
			-0.8617	-0.2894	0.4168
			0.7068	-0.6038	0.3687
			0.7314	-0.6811	0.0349
			0.5935	-0.7404	-0.3155
			-0.7812	0.6087	0.1388
			0.6146	0.6686	0.4187
			0.7436	-0.6681	-0.0246
			0.2633	0.3265	-0.9078
			-0.6146	-0.6686	-0.4187
			-0.7436	0.6681	0.0246
			-0.2633	-0.3265	0.9078
		b:
			-486.1571
			-310.5297
			320.1508
			147.0614
			-105.1552
			-109.4129
			724.657
			128.9236
			-191.9982
			-711.657
			-125.9236
			199.9982
	==================================================================================
	Q2:
		Shape: Ellipse
		q_c:	482.0	347.5	473.5
		ub :	491.4508	358.7162	481.6283
		lb :	472.5492	336.2838	465.3717
		P^-1:
			0.0201	-0.0018	-0.0001
			-0.0018	0.0103	-0.0004
			-0.0001	-0.0004	0.0204
	==================================================================================
	Q3:
		Shape: Polyhedra
		q_c:	465.0	346.0	482.5
		ub :	476.2781	351.9088	493.5291
		lb :	453.7219	340.0912	471.4709
		A:
			0.6967	0.6904	-0.1949
			0.8021	-0.5727	0.1694
			-0.0466	-0.9286	-0.3682
			0.3851	-0.7455	-0.544
			0.3098	0.5854	0.7492
			0.0935	0.9182	0.3849
			0.6789	0.0565	0.7321
			-0.7292	-0.0644	0.6812
			0.0856	-0.9963	-0.0025
			-0.6789	-0.0565	-0.7321
			0.7292	0.0644	-0.6812
			-0.0856	0.9963	0.0025
		b:
			475.1681
			263.6719
			-514.9087
			-335.6014
			715.918
			552.7198
			697.4595
			-26.188
			-301.1082
			-679.4595
			39.188
			311.1082
	==================================================================================
	Q4:
		Shape: Ellipse
		q_c:	467.0	353.0	464.5
		ub :	476.9431	363.4459	474.3098
		lb :	457.0569	342.5541	454.6902
		P^-1:
			0.0442	0.0183	-0.0042
			0.0183	0.0315	0.0182
			-0.0042	0.0182	0.0461
	==================================================================================
	Q5:
		Shape: Ellipse
		q_c:	482.5	349.0	481.5
		ub :	491.5665	353.7955	490.0561
		lb :	473.4335	344.2045	472.9439
		P^-1:
			0.0585	0.1661	-0.0723
			0.1661	0.8153	-0.3444
			-0.0723	-0.3444	0.1735
	==================================================================================
	Q6:
		Shape: Polyhedra
		q_c:	471.0	330.5	469.0
		ub :	480.6097	338.6039	477.5091
		lb :	461.3903	322.3961	460.4909
		A:
			0.3199	0.0437	-0.9464
			0.0655	-0.7773	0.6257
			-0.6183	0.6815	-0.3915
			-0.0335	0.9427	0.332
			0.9235	0.0764	-0.3759
			0.8292	-0.3485	-0.4369
			0.6192	0.3472	0.7043
			-0.6097	-0.3525	0.7099
			0.4948	-0.869	-0.0066
			-0.6192	-0.3472	-0.7043
			0.6097	0.3525	-0.7099
			-0.4948	0.869	0.0066
		b:
			-273.3123
			72.2974
			-244.5763
			456.8318
			289.1193
			75.2462
			743.7173
			-65.7289
			-52.7476
			-729.7173
			75.7289
			61.7476


===========================================================================================
===========================================================================================
S7:
	q_c:	300.0	261.5	325.0
	ub :	330.5492	293.3614	347.2716
	lb :	277.0371	227.7449	299.0941

	==================================================================================
	Q1:
		Shape: Hybrid
		q_c:	311.5	280.0	331.5
		ub :	323.1596	293.3614	341.5848
		lb :	299.8404	266.6386	321.4152
		P^-1:
			0.0344	0.0131	0.0129
			0.0131	0.0161	0.0051
			0.0129	0.0051	0.0257
		A:
			0.7295	-0.2507	0.6364
			0.9376	0.3162	0.1446
			0.8371	-0.2219	0.5
			-0.2678	-0.4886	-0.8304
			-0.9884	0.0706	-0.1345
			-0.7334	0.1301	-0.6672
		b:
			372.619
			431.5587
			369.0864
			-491.3753
			-327.9693
			-409.2679
	==================================================================================
	Q2:
		Shape: Polyhedra
		q_c:	320.5	271.5	317.0
		ub :	330.5492	281.8531	328.2641
		lb :	310.4508	261.1469	305.7359
		A:
			0.9914	0.1215	-0.0478
			-0.2656	0.9638	-0.0224
			-0.6719	0.6564	0.3432
			0.7278	0.6846	-0.0395
			-0.9375	-0.3338	0.0988
			0.8171	0.4105	-0.4047
			0.8178	0.2045	0.5379
			-0.5315	0.6268	0.5698
			-0.2206	-0.7519	0.6213
			-0.8178	-0.2045	-0.5379
			0.5315	-0.6268	-0.5698
			0.2206	0.7519	-0.6213
		b:
			342.0435
			175.9136
			77.7008
			413.3613
			-353.1658
			251.766
			494.6528
			186.44
			-70.9083
			-481.6528
			-174.44
			84.9083
	==================================================================================
	Q3:
		Shape: Ellipse
		q_c:	310.0	250.5	312.5
		ub :	319.163	260.7876	323.4692
		lb :	300.837	240.2124	301.5308
		P^-1:
			0.1347	-0.1019	0.0541
			-0.1019	0.1004	-0.0546
			0.0541	-0.0546	0.0485
	==================================================================================
	Q4:
		Shape: Hybrid
		q_c:	288.5	238.0	315.0
		ub :	297.632	248.2551	324.2428
		lb :	279.368	227.7449	305.7572
		P^-1:
			0.0267	0.0039	0.0022
			0.0039	0.0284	0.0035
			0.0022	0.0035	0.022
		A:
			-0.324	0.8363	-0.4423
			0.7896	-0.4518	-0.4153
			-0.2389	-0.9385	-0.2493
			-0.0046	-0.507	-0.8619
			0.7831	0.3757	-0.4956
			-0.8947	-0.0947	-0.4365
		b:
			-29.8175
			-6.7484
			-367.894
			-389.98
			162.9268
			-414.876
	==================================================================================
	Q5:
		Shape: Polyhedra
		q_c:	292.0	268.5	314.5
		ub :	306.9629	284.6201	329.9059
		lb :	277.0371	252.3799	299.0941
		A:
			-0.5854	-0.564	-0.5824
			-0.5719	0.7729	0.2749
			-0.5927	0.3907	-0.7043
			-0.2104	-0.0259	-0.9773
			-0.8991	0.3489	-0.2644
			-0.7885	0.3668	-0.4937
			0.2341	0.5146	0.8248
			0.0665	0.8379	-0.5417
			-0.9699	0.1817	0.1619
			-0.2341	-0.5146	-0.8248
			-0.0665	-0.8379	0.5417
			0.9699	-0.1817	-0.1619
		b:
			-495.9033
			138.4117
			-278.7113
			-366.2309
			-239.8874
			-275.4451
			474.943
			85.0501
			-171.0217
			-456.943
			-63.0501
			196.0217
	==================================================================================
	Q6:
		Shape: Polyhedra
		q_c:	310.5	260.5	336.5
		ub :	322.8893	272.2356	347.2716
		lb :	298.1107	248.7644	325.7284
		A:
			0.736	0.2802	-0.6162
			0.1759	0.8428	-0.5087
			-0.7056	0.6688	0.2342
			0.1267	0.3111	0.9419
			-0.0405	0.5989	0.7998
			-0.2908	0.5487	0.7838
			0.4594	0.8741	0.1576
			0.6462	-0.2072	-0.7345
			-0.6094	0.4393	-0.6601
			-0.4594	-0.8741	-0.1576
			-0.6462	0.2072	0.7345
			0.6094	-0.4393	0.6601
		b:
			101.5437
			110.6853
			40.9367
			444.5469
			420.1725
			323.7643
			431.8907
			-93.4616
			-290.4015
			-414.8907
			107.4616
			303.4015


===========================================================================================
===========================================================================================
S8:
	q_c:	78.5	127.5	210.5
	ub :	94.8139	146.1614	230.5734
	lb :	64.8862	108.8584	194.7802

	==================================================================================
	Q1:
		Shape: Hybrid
		q_c:	77.5	117.0	218.0
		ub :	85.2877	125.1416	224.7336
		lb :	69.7123	108.8584	211.2664
		P^-1:
			0.0636	-0.0237	-0.0147
			-0.0237	0.0504	-0.0193
			-0.0147	-0.0193	0.0697
		A:
			0.5817	-0.7273	-0.3642
			0.2481	-0.6101	0.7525
			-0.5629	0.796	0.2227
			-0.6774	-0.4037	0.615
			-0.731	0.3058	-0.61
			-0.5895	0.638	0.4954
		b:
			-117.0195
			113.6501
			100.4423
			36.8014
			-151.1717
			139.32
	==================================================================================
	Q2:
		Shape: Hybrid
		q_c:	77.5	133.5	221.0
		ub :	80.7665	136.6817	228.7544
		lb :	74.2335	130.3183	213.2456
		P^-1:
			0.7302	-0.4038	0.0713
			-0.4038	0.3737	-0.0384
			0.0713	-0.0384	0.0249
		A:
			0.7717	-0.6317	0.0731
			0.9617	-0.2139	0.1713
			-0.9694	0.1945	-0.1498
			-0.9822	0.1492	-0.1144
			-0.9992	-0.0079	0.0403
			-0.7284	0.684	0.0399
		b:
			-7.8219
			84.8348
			-81.2874
			-80.4342
			-67.9503
			44.5563
	==================================================================================
	Q3:
		Shape: Hybrid
		q_c:	73.0	128.5	204.5
		ub :	81.1138	133.4988	210.7625
		lb :	64.8862	123.5012	198.2375
		P^-1:
			0.0231	0.0121	0.0032
			0.0121	0.1059	-0.0149
			0.0032	-0.0149	0.0519
		A:
			-0.1343	-0.6851	0.7159
			0.2409	-0.6867	-0.6859
			-0.569	-0.5899	0.573
			0.6731	0.739	-0.027
			0.2613	0.9524	-0.1572
			0.7998	0.3949	0.4522
		b:
			50.6329
			-207.4971
			3.0668
			141.6818
			110.9307
			205.5676
	==================================================================================
	Q4:
		Shape: Hybrid
		q_c:	84.5	130.5	220.5
		ub :	92.6969	136.1913	227.7181
		lb :	76.3031	124.8087	213.2819
		P^-1:
			0.0441	0.009	0.0384
			0.009	0.0447	0.0152
			0.0384	0.0152	0.0827
		A:
			0.2627	-0.9306	0.2548
			0.7506	0.5881	0.3013
			-0.6068	-0.471	-0.6403
			-0.6869	-0.1602	-0.7089
			-0.819	0.5185	-0.2459
			0.6144	0.788	-0.0386
		b:
			-39.5568
			209.673
			-252.0724
			-233.4556
			-51.8956
			150.1025
	==================================================================================
	Q5:
		Shape: Ellipse
		q_c:	90.5	125.0	203.5
		ub :	94.8139	132.6661	212.2198
		lb :	86.1861	117.3339	194.7802
		P^-1:
			0.1094	0.0089	0.0077
			0.0089	0.0635	-0.0294
			0.0077	-0.0294	0.0355
	==================================================================================
	Q6:
		Shape: Hybrid
		q_c:	82.0	137.0	222.5
		ub :	88.5325	146.1614	230.5734
		lb :	75.4675	127.8386	214.4266
		P^-1:
			0.0392	-0.0033	0.0013
			-0.0033	0.0262	0.0035
			0.0013	0.0035	0.0313
		A:
			-0.0238	-0.3385	-0.9407
			0.0135	-0.5933	-0.8048
			-0.8473	-0.4589	0.2674
			-0.826	-0.5601	0.0623
			0.6854	0.0931	-0.7222
			-0.4561	0.2675	-0.8488
		b:
			-254.6102
			-256.229
			-69.571
			-127.3192
			-88.5806
			-186.4677


===========================================================================================
===========================================================================================
