3D_35_6_6_e                l = 3

===========================================================================================
===========================================================================================
S1:
	q_c:	376.5	463.0	14.5
	ub :	382.615	471.5772	23.5788
	lb :	371.4867	458.6116	8.5206

	==================================================================================
	Q1:
		Shape: Polyhedra
		q_c:	380.0	462.0	11.5
		ub :	382.615	464.7182	14.4794
		lb :	377.385	459.2818	8.5206
		A:
			-0.7715	0.2004	-0.6039
			0.1439	0.9833	-0.1111
			0.8375	-0.546	0.0225
			0.4341	-0.8935	-0.1151
			-0.1975	-0.7689	-0.6081
			0.4995	0.7385	0.4529
			0.3228	0.649	0.6889
			-0.1275	0.7511	-0.6478
			-0.9378	0.1213	0.3252
			-0.3228	-0.649	-0.6889
			0.1275	-0.7511	0.6478
			0.9378	-0.1213	-0.3252
		b:
			-205.6504
			509.5499
			68.2587
			-247.2801
			-435.7474
			537.7628
			431.9321
			293.0864
			-294.6027
			-428.9321
			-289.0864
			298.6027
	==================================================================================
	Q2:
		Shape: Polyhedra
		q_c:	379.0	464.0	16.0
		ub :	381.6359	465.9615	18.1106
		lb :	376.3641	462.0385	13.8894
		A:
			0.7308	0.6105	0.3052
			-0.9187	-0.2657	-0.292
			0.0857	0.8519	0.5166
			0.2553	-0.7143	0.6516
			-0.2236	0.5838	-0.7805
			0.3772	-0.8957	-0.2354
			0.2004	0.9795	0.0189
			0.9245	-0.1827	-0.3345
			-0.3242	0.0845	-0.9422
			-0.2004	-0.9795	-0.0189
			-0.9245	0.1827	0.3345
			0.3242	-0.0845	0.9422
		b:
			566.7744
			-474.4121
			437.5833
			-222.7582
			175.1578
			-274.7279
			532.2642
			262.2611
			-97.2246
			-529.2642
			-258.2611
			100.2246
	==================================================================================
	Q3:
		Shape: Ellipse
		q_c:	377.0	462.5	14.0
		ub :	378.9683	464.4222	15.6514
		lb :	375.0317	460.5778	12.3486
		P^-1:
			0.4444	-0.0	0.0
			-0.0	0.4444	-0.0
			0.0	-0.0	0.4444
	==================================================================================
	Q4:
		Shape: Polyhedra
		q_c:	375.0	469.0	14.5
		ub :	378.5133	471.5772	17.8988
		lb :	371.4867	466.4228	11.1012
		A:
			-0.9935	0.1053	0.0422
			-0.0686	-0.9815	0.1785
			0.2646	-0.6477	0.7145
			0.0562	0.611	-0.7896
			-0.2762	0.9033	0.3283
			-0.4997	0.7075	0.4998
			0.7179	0.2324	0.6562
			-0.1894	0.9723	-0.1371
			-0.6699	-0.0258	0.742
			-0.7179	-0.2324	-0.6562
			0.1894	-0.9723	0.1371
			0.6699	0.0258	-0.742
		b:
			-320.373
			-481.4817
			-192.0612
			298.2472
			326.8755
			153.6854
			390.2277
			384.9879
			-250.5544
			-385.2277
			-380.9879
			254.5544
	==================================================================================
	Q5:
		Shape: Ellipse
		q_c:	378.5	462.0	20.0
		ub :	380.9979	465.3884	23.5788
		lb :	376.0021	458.6116	16.4212
		P^-1:
			0.4141	-0.075	0.0134
			-0.075	0.2581	0.0494
			0.0134	0.0494	0.1334
	==================================================================================
	Q6:
		Shape: Ellipse
		q_c:	376.5	463.5	13.5
		ub :	379.8531	466.5925	15.8612
		lb :	373.1469	460.4075	11.1388
		P^-1:
			0.2279	-0.1538	-0.0525
			-0.1538	0.5104	-0.2972
			-0.0525	-0.2972	0.8173


===========================================================================================
===========================================================================================
S2:
	q_c:	460.5	191.5	416.5
	ub :	486.9552	213.2867	443.3092
	lb :	432.5259	164.7924	391.8276

	==================================================================================
	Q1:
		Shape: Hybrid
		q_c:	443.0	175.5	420.5
		ub :	453.4741	186.2076	430.8788
		lb :	432.5259	164.7924	410.1212
		P^-1:
			0.01	0.0001	0.0003
			0.0001	0.0209	0.0102
			0.0003	0.0102	0.0245
		A:
			0.4354	-0.4571	-0.7756
			-0.0254	0.9739	0.2256
			0.9921	-0.0982	-0.0787
			0.4894	0.8252	0.2819
			0.8553	-0.0233	-0.5176
			0.5654	-0.635	-0.5264
		b:
			-209.4593
			258.775
			396.3703
			484.9757
			163.7394
			-77.7039
	==================================================================================
	Q2:
		Shape: Polyhedra
		q_c:	475.5	184.0	405.5
		ub :	485.2529	197.1762	419.1724
		lb :	465.7471	170.8238	391.8276
		A:
			0.7198	-0.4561	0.5233
			0.6414	0.5978	-0.481
			0.9614	0.2194	0.166
			-0.477	-0.8729	0.1027
			-0.9081	-0.0546	0.4152
			-0.9492	-0.1871	0.253
			0.0964	0.7861	0.6105
			-0.4028	0.5917	-0.6983
			-0.9102	-0.1786	0.3737
			-0.0964	-0.7861	-0.6105
			0.4028	-0.5917	0.6983
			0.9102	0.1786	-0.3737
		b:
			478.7615
			226.6356
			571.7043
			-337.9096
			-267.4372
			-377.1256
			447.0629
			-357.3157
			-308.1119
			-429.0629
			374.3157
			320.1119
	==================================================================================
	Q3:
		Shape: Polyhedra
		q_c:	470.5	197.0	432.0
		ub :	478.8011	209.5147	443.3092
		lb :	462.1989	184.4853	420.6908
		A:
			0.6946	0.0867	0.7141
			-0.9324	0.0424	-0.3589
			-0.4161	-0.6953	-0.5861
			0.6276	-0.6154	-0.4769
			0.4802	0.8474	0.2266
			-0.2467	-0.3587	0.9003
			0.8198	0.2342	0.5226
			-0.568	0.217	0.7939
			0.0725	-0.9477	0.3109
			-0.8198	-0.2342	-0.5226
			0.568	-0.217	-0.7939
			-0.0725	0.9477	-0.3109
		b:
			656.969
			-580.592
			-579.5448
			-23.7277
			498.6394
			210.8196
			661.6025
			125.9465
			-7.7365
			-653.6025
			-110.9465
			28.7365
	==================================================================================
	Q4:
		Shape: Hybrid
		q_c:	476.0	201.5	404.5
		ub :	482.4984	213.2867	412.2411
		lb :	469.5016	189.7133	396.7589
		P^-1:
			0.0743	-0.006	0.0106
			-0.006	0.0121	0.0127
			0.0106	0.0127	0.066
		A:
			-0.4099	-0.409	-0.8153
			0.9513	0.0065	0.3082
			0.9821	0.003	-0.1883
			-0.8904	0.2208	0.398
			0.326	0.2309	0.9167
			0.9092	-0.3446	0.2336
		b:
			-604.5635
			580.6548
			394.3168
			-216.2262
			574.49
			460.6823
	==================================================================================
	Q5:
		Shape: Ellipse
		q_c:	445.0	183.5	404.0
		ub :	457.382	193.751	415.8778
		lb :	432.618	173.249	392.1222
		P^-1:
			0.02	-0.006	0.0076
			-0.006	0.0279	-0.0095
			0.0076	-0.0095	0.0237
	==================================================================================
	Q6:
		Shape: Hybrid
		q_c:	473.0	200.5	417.0
		ub :	486.9552	205.9997	431.5644
		lb :	459.0448	195.0003	402.4356
		P^-1:
			0.0096	-0.0084	0.0017
			-0.0084	0.1083	-0.0144
			0.0017	-0.0144	0.0098
		A:
			-0.1335	-0.8155	0.5631
			-0.0781	0.8972	-0.4347
			0.2613	-0.9324	0.2498
			0.1019	-0.923	0.371
			0.1768	0.9833	-0.0418
			0.3867	0.9201	-0.0618
		b:
			12.8658
			-35.2958
			43.0339
			20.3097
			265.9545
			345.7402


===========================================================================================
===========================================================================================
S3:
	q_c:	159.0	211.5	518.0
	ub :	167.1307	222.756	527.4223
	lb :	149.1807	204.224	511.0448

	==================================================================================
	Q1:
		Shape: Hybrid
		q_c:	162.5	206.5	517.5
		ub :	164.2475	207.8176	518.5778
		lb :	160.7525	205.1824	516.4222
		P^-1:
			0.9151	-0.1341	-1.1693
			-0.1341	0.9739	0.0149
			-1.1693	0.0149	3.5554
		A:
			-0.1868	-0.1565	0.9698
			-0.6532	0.1464	0.7429
			0.1065	-0.5547	0.8252
			0.208	-0.9684	0.138
			0.0516	-0.1446	0.9881
			0.1596	0.706	-0.69
		b:
			439.5299
			308.9536
			330.366
			-94.0137
			490.3649
			-184.806
	==================================================================================
	Q2:
		Shape: Hybrid
		q_c:	159.0	211.5	521.0
		ub :	164.251	214.2392	526.2243
		lb :	153.749	208.7608	515.7757
		P^-1:
			0.0911	-0.0253	0.0287
			-0.0253	0.2411	-0.0227
			0.0287	-0.0227	0.0913
		A:
			-0.3537	0.856	-0.3771
			0.7006	-0.5529	0.4512
			0.402	-0.2896	0.8686
			0.2143	-0.8742	0.4357
			-0.9225	-0.0052	-0.3859
			0.0333	-0.097	0.9947
		b:
			-70.5729
			231.0731
			457.1211
			77.3427
			-346.69
			505.4758
	==================================================================================
	Q3:
		Shape: Polyhedra
		q_c:	154.0	214.0	522.5
		ub :	158.8193	216.9224	527.4223
		lb :	149.1807	211.0776	517.5777
		A:
			-0.6855	-0.1836	-0.7045
			0.3766	-0.9262	0.016
			-0.8669	0.4445	0.2257
			-0.0442	-0.5466	-0.8362
			-0.5128	0.8585	0.0044
			0.6966	0.6971	-0.1697
			0.6596	0.0809	0.7473
			-0.6039	-0.5349	0.591
			0.4475	-0.8411	-0.3039
			-0.6596	-0.0809	-0.7473
			0.6039	0.5349	-0.591
			-0.4475	0.8411	0.3039
		b:
			-508.9877
			-130.1255
			81.7483
			-557.6942
			108.8491
			170.5317
			513.3339
			103.8108
			-268.3766
			-505.3339
			-98.8108
			271.3766
	==================================================================================
	Q4:
		Shape: Hybrid
		q_c:	154.5	217.0	514.5
		ub :	158.0688	220.8597	517.9552
		lb :	150.9312	213.1403	511.0448
		P^-1:
			0.251	0.0656	0.1206
			0.0656	0.1155	0.0827
			0.1206	0.0827	0.3195
		A:
			-0.6255	0.7802	-0.0079
			0.6811	0.6302	0.3727
			0.7317	0.6606	0.1678
			-0.0879	-0.3895	-0.9168
			0.9583	0.2838	0.032
			-0.204	0.0731	-0.9762
		b:
			71.143
			435.0157
			344.2515
			-568.7219
			227.5118
			-516.6464
	==================================================================================
	Q5:
		Shape: Polyhedra
		q_c:	163.0	218.0	521.0
		ub :	167.1307	222.756	525.9434
		lb :	158.8693	213.244	516.0566
		A:
			-0.9106	-0.0255	-0.4126
			0.4561	-0.6028	0.6547
			-0.1695	-0.54	-0.8244
			0.3719	0.8919	0.2574
			-0.3784	0.1877	-0.9064
			0.9943	0.0034	-0.1061
			0.8421	0.1403	0.5208
			-0.3404	-0.6107	0.7149
			0.4184	-0.7793	-0.4665
			-0.8421	-0.1403	-0.5208
			0.3404	0.6107	-0.7149
			-0.4184	0.7793	0.4665
		b:
			-366.8823
			286.9504
			-572.2141
			392.014
			-490.2786
			110.0701
			441.1775
			187.3329
			-341.7645
			-437.1775
			-180.3329
			347.7645
	==================================================================================
	Q6:
		Shape: Polyhedra
		q_c:	159.0	208.5	519.5
		ub :	162.5618	212.776	524.1153
		lb :	155.4382	204.224	514.8847
		A:
			0.4671	-0.8048	-0.3662
			0.6098	0.3532	-0.7095
			-0.5032	0.8092	0.3033
			-0.8923	-0.1494	-0.4259
			-0.9352	0.1412	-0.3247
			-0.3754	0.049	0.9256
			0.1937	0.5163	0.8342
			-0.1918	0.8539	-0.4839
			-0.9621	-0.0663	0.2644
			-0.1937	-0.5163	-0.8342
			0.1918	-0.8539	0.4839
			0.9621	0.0663	-0.2644
		b:
			-280.9067
			-195.2758
			249.1274
			-391.5638
			-285.2673
			434.2036
			574.8268
			-100.8303
			-26.9436
			-568.8268
			106.8303
			31.9436


===========================================================================================
===========================================================================================
S4:
	q_c:	84.5	316.0	159.5
	ub :	90.6719	321.0793	166.8636
	lb :	77.6649	306.9399	152.9909

	==================================================================================
	Q1:
		Shape: Polyhedra
		q_c:	83.0	313.0	161.5
		ub :	87.3292	316.6912	165.8388
		lb :	78.6708	309.3088	157.1612
		A:
			-0.6403	-0.556	0.53
			0.1535	-0.3634	-0.9189
			-0.3371	-0.1079	-0.9353
			-0.1195	-0.9635	-0.2397
			0.1273	-0.8829	-0.4519
			-0.1152	0.2421	-0.9634
			0.6262	0.6144	0.4799
			-0.7168	0.2117	0.6643
			0.3066	-0.76	0.573
			-0.6262	-0.6144	-0.4799
			0.7168	-0.2117	-0.6643
			-0.3066	0.76	-0.573
		b:
			-138.9333
			-246.6108
			-210.337
			-347.7944
			-336.1864
			-86.9879
			324.301
			117.0498
			-117.9041
			-319.301
			-111.0498
			121.9041
	==================================================================================
	Q2:
		Shape: Polyhedra
		q_c:	84.5	318.5	163.5
		ub :	86.9654	321.0793	165.6114
		lb :	82.0346	315.9207	161.3886
		A:
			0.9443	0.2758	-0.1796
			-0.8412	-0.4915	-0.2253
			-0.1441	0.2375	0.9606
			-0.6272	-0.5523	-0.5493
			-0.0435	0.0895	0.995
			-0.2821	-0.563	0.7768
			0.6334	0.1265	0.7634
			-0.6386	-0.4717	0.608
			0.437	-0.8726	-0.218
			-0.6334	-0.1265	-0.7634
			0.6386	0.4717	-0.608
			-0.437	0.8726	0.218
		b:
			139.7093
			-263.2255
			221.9732
			-317.486
			188.8526
			-74.6595
			219.6334
			-103.2941
			-274.6449
			-217.6334
			106.2941
			278.6449
	==================================================================================
	Q3:
		Shape: Hybrid
		q_c:	84.5	311.0	163.5
		ub :	88.556	315.0601	166.8636
		lb :	80.444	306.9399	160.1364
		P^-1:
			0.1967	-0.0654	-0.017
			-0.0654	0.1698	-0.0208
			-0.017	-0.0208	0.2446
		A:
			-0.0457	0.815	0.5777
			-0.3255	0.7452	0.582
			0.8539	-0.4648	0.2342
			-0.3786	-0.446	0.811
			-0.4109	0.0641	-0.9094
			0.542	-0.8403	0.0118
		b:
			345.593
			300.6818
			-33.0237
			-36.9012
			-162.2924
			-212.486
	==================================================================================
	Q4:
		Shape: Hybrid
		q_c:	81.0	312.0	160.0
		ub :	84.3351	315.1877	163.0793
		lb :	77.6649	308.8123	156.9207
		P^-1:
			0.1692	0.004	-0.027
			0.004	0.1617	-0.0116
			-0.027	-0.0116	0.2391
		A:
			-0.5907	-0.249	-0.7675
			-0.6877	0.2643	0.6761
			-0.7254	0.309	-0.615
			-0.7371	-0.5495	0.3933
			0.2362	0.6719	-0.702
			-0.1712	-0.0717	0.9826
		b:
			-246.96
			136.1249
			-59.314
			-166.9469
			117.606
			122.0112
	==================================================================================
	Q5:
		Shape: Hybrid
		q_c:	88.0	316.0	155.5
		ub :	90.6719	318.045	158.0091
		lb :	85.3281	313.955	152.9909
		P^-1:
			0.4805	-0.272	0.103
			-0.272	0.8548	0.0123
			0.103	0.0123	0.3591
		A:
			0.4567	-0.8714	0.1789
			0.6086	-0.784	-0.1223
			0.6938	-0.2985	0.6553
			0.9058	-0.2916	-0.3075
			-0.1787	-0.9723	0.1504
			0.4108	0.7693	0.4894
		b:
			-206.8438
			-212.6107
			69.4568
			-59.116
			-298.693
			356.2704
	==================================================================================
	Q6:
		Shape: Hybrid
		q_c:	84.0	316.5	159.0
		ub :	87.4409	320.1184	162.0653
		lb :	80.5591	312.8816	155.9347
		P^-1:
			0.2141	-0.0837	-0.0738
			-0.0837	0.2896	0.1143
			-0.0738	0.1143	0.2607
		A:
			-0.4843	-0.3764	-0.7898
			0.142	0.9595	-0.2433
			0.9199	-0.3541	-0.1685
			0.7038	-0.7076	0.0632
			0.2215	0.8986	0.3788
			-0.7944	-0.1903	0.5768
		b:
			-283.8515
			278.5197
			-60.352
			-153.5234
			364.5091
			-33.7807


===========================================================================================
===========================================================================================
S5:
	q_c:	481.5	122.5	464.5
	ub :	490.9415	127.9143	472.3799
	lb :	472.7643	113.5036	456.369

	==================================================================================
	Q1:
		Shape: Hybrid
		q_c:	488.0	122.5	464.0
		ub :	490.9415	126.0841	467.6355
		lb :	485.0585	118.9159	460.3645
		P^-1:
			0.3612	-0.1303	-0.003
			-0.1303	0.2389	0.0176
			-0.003	0.0176	0.1154
		A:
			-0.099	-0.2512	0.9629
			0.6643	0.5375	-0.5195
			0.0196	0.694	0.7198
			0.4266	-0.8113	-0.3997
			0.9523	-0.1375	0.2723
			0.4208	-0.8984	0.1257
		b:
			369.9313
			150.9355
			430.3181
			-75.4464
			575.3194
			154.7788
	==================================================================================
	Q2:
		Shape: Ellipse
		q_c:	476.5	123.5	466.0
		ub :	480.2357	126.0795	469.8171
		lb :	472.7643	120.9205	462.1829
		P^-1:
			0.1589	0.019	0.0173
			0.019	0.2449	0.0087
			0.0173	0.0087	0.1174
	==================================================================================
	Q3:
		Shape: Polyhedra
		q_c:	482.0	123.0	466.5
		ub :	485.215	126.9843	470.5233
		lb :	478.785	119.0157	462.4767
		A:
			-0.7491	0.304	-0.5886
			-0.7106	0.0336	-0.7027
			-0.7948	0.2412	-0.5569
			0.4566	-0.0497	-0.8883
			0.2693	0.8252	-0.4965
			0.0292	-0.9978	0.0587
			0.0905	0.6925	0.7157
			-0.5123	0.6487	-0.5629
			-0.8541	-0.3157	0.4134
			-0.0905	-0.6925	-0.7157
			0.5123	-0.6487	0.5629
			0.8541	0.3157	-0.4134
		b:
			-595.8047
			-663.7764
			-610.7746
			-198.1374
			1.9893
			-78.836
			465.1795
			-427.1914
			-255.6203
			-460.1795
			432.1914
			259.6203
	==================================================================================
	Q4:
		Shape: Hybrid
		q_c:	488.0	119.0	459.5
		ub :	490.4784	121.379	462.3805
		lb :	485.5216	116.621	456.6195
		P^-1:
			0.3852	0.031	0.084
			0.031	0.4282	-0.0439
			0.084	-0.0439	0.3255
		A:
			0.1058	0.9881	0.1121
			0.9864	-0.1457	0.0761
			-0.9695	-0.188	0.1572
			-0.8493	0.0229	-0.5274
			-0.0149	0.9646	0.2635
			-0.3978	0.2538	-0.8816
		b:
			221.5069
			499.9099
			-422.3028
			-653.316
			229.4773
			-568.2137
	==================================================================================
	Q5:
		Shape: Polyhedra
		q_c:	486.5	124.0	468.5
		ub :	489.1673	127.9143	472.3799
		lb :	483.8327	120.0857	464.6201
		A:
			0.9727	0.1493	-0.1776
			-0.0679	-0.7791	0.6233
			0.6219	0.7392	0.2586
			-0.7598	-0.6273	-0.1707
			0.4505	-0.2483	-0.8576
			0.6414	-0.7606	0.1001
			0.8561	0.2885	0.4289
			0.4722	-0.7741	-0.4218
			0.2103	0.5636	-0.7989
			-0.8561	-0.2885	-0.4289
			-0.4722	0.7741	0.4218
			-0.2103	-0.5636	0.7989
		b:
			410.3694
			165.3112
			517.0088
			-525.8857
			-210.6552
			267.0578
			654.1718
			-61.3757
			-199.0815
			-652.1718
			66.3757
			205.0815
	==================================================================================
	Q6:
		Shape: Ellipse
		q_c:	486.5	118.5	461.0
		ub :	489.7248	123.4964	465.631
		lb :	483.2752	113.5036	456.369
		P^-1:
			0.1894	0.0198	-0.0373
			0.0198	0.1001	-0.0673
			-0.0373	-0.0673	0.183


===========================================================================================
===========================================================================================
S6:
	q_c:	300.0	261.5	325.0
	ub :	330.5492	293.3614	347.2716
	lb :	277.0371	227.7449	299.0941

	==================================================================================
	Q1:
		Shape: Hybrid
		q_c:	311.5	280.0	331.5
		ub :	323.1596	293.3614	341.5848
		lb :	299.8404	266.6386	321.4152
		P^-1:
			0.0344	0.0131	0.0129
			0.0131	0.0161	0.0051
			0.0129	0.0051	0.0257
		A:
			0.7295	-0.2507	0.6364
			0.9376	0.3162	0.1446
			0.8371	-0.2219	0.5
			-0.2678	-0.4886	-0.8304
			-0.9884	0.0706	-0.1345
			-0.7334	0.1301	-0.6672
		b:
			372.619
			431.5587
			369.0864
			-491.3753
			-327.9693
			-409.2679
	==================================================================================
	Q2:
		Shape: Polyhedra
		q_c:	320.5	271.5	317.0
		ub :	330.5492	281.8531	328.2641
		lb :	310.4508	261.1469	305.7359
		A:
			0.9914	0.1215	-0.0478
			-0.2656	0.9638	-0.0224
			-0.6719	0.6564	0.3432
			0.7278	0.6846	-0.0395
			-0.9375	-0.3338	0.0988
			0.8171	0.4105	-0.4047
			0.8178	0.2045	0.5379
			-0.5315	0.6268	0.5698
			-0.2206	-0.7519	0.6213
			-0.8178	-0.2045	-0.5379
			0.5315	-0.6268	-0.5698
			0.2206	0.7519	-0.6213
		b:
			342.0435
			175.9136
			77.7008
			413.3613
			-353.1658
			251.766
			494.6528
			186.44
			-70.9083
			-481.6528
			-174.44
			84.9083
	==================================================================================
	Q3:
		Shape: Ellipse
		q_c:	310.0	250.5	312.5
		ub :	319.163	260.7876	323.4692
		lb :	300.837	240.2124	301.5308
		P^-1:
			0.1347	-0.1019	0.0541
			-0.1019	0.1004	-0.0546
			0.0541	-0.0546	0.0485
	==================================================================================
	Q4:
		Shape: Hybrid
		q_c:	288.5	238.0	315.0
		ub :	297.632	248.2551	324.2428
		lb :	279.368	227.7449	305.7572
		P^-1:
			0.0267	0.0039	0.0022
			0.0039	0.0284	0.0035
			0.0022	0.0035	0.022
		A:
			-0.324	0.8363	-0.4423
			0.7896	-0.4518	-0.4153
			-0.2389	-0.9385	-0.2493
			-0.0046	-0.507	-0.8619
			0.7831	0.3757	-0.4956
			-0.8947	-0.0947	-0.4365
		b:
			-29.8175
			-6.7484
			-367.894
			-389.98
			162.9268
			-414.876
	==================================================================================
	Q5:
		Shape: Polyhedra
		q_c:	292.0	268.5	314.5
		ub :	306.9629	284.6201	329.9059
		lb :	277.0371	252.3799	299.0941
		A:
			-0.5854	-0.564	-0.5824
			-0.5719	0.7729	0.2749
			-0.5927	0.3907	-0.7043
			-0.2104	-0.0259	-0.9773
			-0.8991	0.3489	-0.2644
			-0.7885	0.3668	-0.4937
			0.2341	0.5146	0.8248
			0.0665	0.8379	-0.5417
			-0.9699	0.1817	0.1619
			-0.2341	-0.5146	-0.8248
			-0.0665	-0.8379	0.5417
			0.9699	-0.1817	-0.1619
		b:
			-495.9033
			138.4117
			-278.7113
			-366.2309
			-239.8874
			-275.4451
			474.943
			85.0501
			-171.0217
			-456.943
			-63.0501
			196.0217
	==================================================================================
	Q6:
		Shape: Polyhedra
		q_c:	310.5	260.5	336.5
		ub :	322.8893	272.2356	347.2716
		lb :	298.1107	248.7644	325.7284
		A:
			0.736	0.2802	-0.6162
			0.1759	0.8428	-0.5087
			-0.7056	0.6688	0.2342
			0.1267	0.3111	0.9419
			-0.0405	0.5989	0.7998
			-0.2908	0.5487	0.7838
			0.4594	0.8741	0.1576
			0.6462	-0.2072	-0.7345
			-0.6094	0.4393	-0.6601
			-0.4594	-0.8741	-0.1576
			-0.6462	0.2072	0.7345
			0.6094	-0.4393	0.6601
		b:
			101.5437
			110.6853
			40.9367
			444.5469
			420.1725
			323.7643
			431.8907
			-93.4616
			-290.4015
			-414.8907
			107.4616
			303.4015


===========================================================================================
===========================================================================================
