3D_35_13_6_f                l = 3

===========================================================================================
===========================================================================================
S1:
	q_c:	403.5	182.0	181.0
	ub :	412.9935	192.7788	191.3928
	lb :	389.7432	166.8403	168.8113

	==================================================================================
	Q1:
		Shape: Ellipse
		q_c:	397.0	174.0	180.5
		ub :	403.5424	178.2712	187.2214
		lb :	390.4576	169.7288	173.7786
		P^-1:
			0.1495	-0.1551	0.084
			-0.1551	0.2799	-0.1178
			0.084	-0.1178	0.1045
	==================================================================================
	Q2:
		Shape: Polyhedra
		q_c:	404.5	185.5	185.0
		ub :	410.9709	191.3804	191.3928
		lb :	398.0291	179.6196	178.6072
		A:
			0.9355	-0.2815	-0.2137
			0.7502	0.5529	-0.3626
			0.1408	0.9611	0.2377
			0.8691	-0.1219	0.4795
			-0.5665	0.5753	-0.5901
			0.9249	-0.3282	0.1921
			0.6179	0.5637	0.5482
			-0.3727	0.8238	-0.427
			-0.6923	0.0595	0.7191
			-0.6179	-0.5637	-0.5482
			0.3727	-0.8238	0.427
			0.6923	-0.0595	-0.7191
		b:
			289.9936
			342.773
			283.6108
			421.972
			-227.8759
			352.5662
			460.9082
			-73.4442
			-132.9515
			-450.9082
			80.4442
			138.9515
	==================================================================================
	Q3:
		Shape: Ellipse
		q_c:	407.5	177.0	185.5
		ub :	412.9935	182.1985	190.359
		lb :	402.0065	171.8015	180.641
		P^-1:
			0.1084	0.0369	-0.0076
			0.0369	0.1001	-0.0282
			-0.0076	-0.0282	0.1251
	==================================================================================
	Q4:
		Shape: Hybrid
		q_c:	396.0	170.0	174.5
		ub :	402.2568	173.1597	180.1887
		lb :	389.7432	166.8403	168.8113
		P^-1:
			0.0496	0.0086	0.0179
			0.0086	0.158	0.0091
			0.0179	0.0091	0.0741
		A:
			-0.3484	-0.2948	-0.8898
			-0.0612	0.8614	-0.5043
			0.0221	-0.7242	-0.6892
			-0.6454	-0.0778	0.7599
			0.1771	-0.7867	0.5914
			-0.1096	0.9539	0.2794
		b:
			-341.2484
			35.9377
			-232.7065
			-132.6574
			41.4315
			169.0023
	==================================================================================
	Q5:
		Shape: Ellipse
		q_c:	400.0	174.5	177.0
		ub :	407.5239	181.9533	183.0192
		lb :	392.4761	167.0467	170.9808
		P^-1:
			0.0508	0.0024	0.0136
			0.0024	0.0529	0.0143
			0.0136	0.0143	0.0674
	==================================================================================
	Q6:
		Shape: Ellipse
		q_c:	401.5	187.0	183.5
		ub :	407.4546	192.7788	187.9963
		lb :	395.5454	181.2212	179.0037
		P^-1:
			0.0648	-0.0035	0.0137
			-0.0035	0.0512	0.0039
			0.0137	0.0039	0.107


===========================================================================================
===========================================================================================
S2:
	q_c:	287.5	25.0	291.0
	ub :	301.772	41.2921	303.419
	lb :	278.672	8.8836	277.1793

	==================================================================================
	Q1:
		Shape: Hybrid
		q_c:	288.0	17.0	295.5
		ub :	296.5353	25.1164	303.419
		lb :	279.4647	8.8836	287.581
		P^-1:
			0.043	0.0094	0.0011
			0.0094	0.0298	0.0056
			0.0011	0.0056	0.0402
		A:
			-0.0411	-0.6469	-0.7615
			-0.4827	-0.8743	0.0515
			0.473	-0.1491	0.8683
			0.4512	0.8469	-0.2813
			-0.413	0.8815	0.2288
			0.21	0.9052	-0.3694
		b:
			-245.0938
			-135.615
			393.381
			64.423
			-32.4599
			-29.624
	==================================================================================
	Q2:
		Shape: Polyhedra
		q_c:	298.5	28.5	294.5
		ub :	301.772	35.2303	300.7424
		lb :	295.228	21.7697	288.2576
		A:
			-0.2016	-0.6493	0.7333
			0.0093	0.0886	-0.996
			-0.856	0.3743	0.3567
			-0.9305	-0.0434	-0.3636
			-0.2323	-0.8848	-0.404
			-0.7389	0.2469	-0.6269
			0.9986	0.0118	0.0524
			-0.0066	-0.9414	0.3374
			0.0533	-0.3372	-0.9399
			-0.9986	-0.0118	-0.0524
			0.0066	0.9414	-0.3374
			-0.0533	0.3372	0.9399
		b:
			142.5071
			-283.3526
			-136.1876
			-382.8981
			-208.6161
			-394.2137
			316.844
			76.0541
			-265.9973
			-310.844
			-65.0541
			274.9973
	==================================================================================
	Q3:
		Shape: Hybrid
		q_c:	288.0	33.0	293.0
		ub :	294.7597	41.2921	301.1479
		lb :	281.2403	24.7079	284.8521
		P^-1:
			0.0424	0.0039	0.0013
			0.0039	0.0438	0.0071
			0.0013	0.0071	0.0309
		A:
			-0.3772	-0.4945	-0.783
			0.8857	0.4108	-0.2162
			0.1024	0.9921	0.0726
			-0.6684	-0.6329	0.3906
			-0.7737	-0.6308	-0.0589
			0.6696	0.5266	-0.5238
		b:
			-351.6795
			207.9413
			86.0013
			-96.0406
			-258.5388
			59.8288
	==================================================================================
	Q4:
		Shape: Ellipse
		q_c:	290.0	17.0	292.5
		ub :	294.695	22.0676	296.6706
		lb :	285.305	11.9324	288.3294
		P^-1:
			0.1245	0.0349	0.0159
			0.0349	0.1111	0.0073
			0.0159	0.0073	0.1171
	==================================================================================
	Q5:
		Shape: Polyhedra
		q_c:	292.0	28.0	292.0
		ub :	301.1028	37.9442	302.5501
		lb :	282.8972	18.0558	281.4499
		A:
			-0.7706	0.2166	0.5994
			-0.7639	-0.5443	0.3466
			-0.7561	0.6056	0.2482
			0.8602	0.4567	-0.2268
			0.9138	-0.1484	-0.378
			-0.098	-0.924	0.3696
			0.1054	0.8536	0.5101
			-0.7503	0.4049	-0.5225
			-0.6526	-0.3277	0.6832
			-0.1054	-0.8536	-0.5101
			0.7503	-0.4049	0.5225
			0.6526	0.3277	-0.6832
		b:
			-37.8178
			-131.033
			-125.2046
			203.8063
			158.3346
			59.6124
			210.1451
			-354.334
			5.7627
			-197.1451
			366.334
			6.2373
	==================================================================================
	Q6:
		Shape: Hybrid
		q_c:	284.5	33.0	282.0
		ub :	290.328	38.9995	286.8207
		lb :	278.672	27.0005	277.1793
		P^-1:
			0.0638	0.0025	-0.0073
			0.0025	0.0676	-0.0147
			-0.0073	-0.0147	0.1048
		A:
			-0.7548	-0.1937	0.6267
			-0.4103	0.0194	-0.9118
			-0.6596	-0.7073	0.2542
			-0.1912	-0.5939	-0.7815
			0.0305	0.305	0.9519
			0.0057	0.3122	0.95
		b:
			-42.4342
			-371.2902
			-137.105
			-292.0983
			289.0986
			281.7441


===========================================================================================
===========================================================================================
S3:
	q_c:	106.5	374.5	348.0
	ub :	115.0265	382.5456	356.7732
	lb :	100.1813	367.4139	341.4659

	==================================================================================
	Q1:
		Shape: Hybrid
		q_c:	110.0	374.0	351.5
		ub :	112.2964	378.0234	355.3039
		lb :	107.7036	369.9766	347.6961
		P^-1:
			0.4431	0.0173	-0.0134
			0.0173	0.2184	0.175
			-0.0134	0.175	0.309
		A:
			-0.233	-0.8537	-0.4658
			-0.8922	-0.4389	-0.1061
			0.9535	-0.3012	0.0069
			0.8136	0.2796	0.5097
			-0.882	-0.0266	0.4705
			0.7899	0.4385	0.4287
		b:
			-507.4645
			-298.7034
			-4.3042
			374.063
			59.3853
			402.3401
	==================================================================================
	Q2:
		Shape: Polyhedra
		q_c:	106.0	380.0	346.0
		ub :	109.4522	382.3227	348.5804
		lb :	102.5478	377.6773	343.4196
		A:
			0.6935	0.0573	0.7182
			-0.4081	-0.7389	0.5361
			0.0434	0.8789	0.475
			-0.034	0.7826	0.6216
			-0.387	-0.3207	-0.8645
			-0.7285	-0.6564	0.1961
			0.203	0.9162	0.3456
			-0.1698	0.3806	-0.909
			-0.9643	0.1259	0.2328
			-0.203	-0.9162	-0.3456
			0.1698	-0.3806	0.909
			0.9643	-0.1259	-0.2328
		b:
			345.7606
			-136.6912
			504.5133
			510.5188
			-460.4787
			-256.52
			490.7403
			-186.4138
			29.1597
			-487.7403
			189.4138
			-23.1597
	==================================================================================
	Q3:
		Shape: Polyhedra
		q_c:	108.0	372.0	352.5
		ub :	112.8214	376.5861	356.7732
		lb :	103.1786	367.4139	348.2268
		A:
			0.1946	-0.1771	-0.9648
			0.616	-0.2492	0.7473
			-0.5214	-0.1645	0.8373
			-0.2149	0.5909	-0.7776
			-0.9009	-0.0669	-0.4289
			0.1109	0.8005	0.589
			0.6117	0.5534	0.5654
			0.6076	0.129	-0.7837
			-0.5066	0.8229	-0.2573
			-0.6117	-0.5534	-0.5654
			-0.6076	-0.129	0.7837
			0.5066	-0.8229	0.2573
		b:
			-382.4281
			240.2826
			180.1253
			-74.3229
			-270.5661
			520.1163
			473.712
			-160.1197
			164.1809
			-468.712
			165.1197
			-157.1809
	==================================================================================
	Q4:
		Shape: Ellipse
		q_c:	107.5	379.0	350.0
		ub :	111.7984	382.5456	353.9188
		lb :	103.2016	375.4544	346.0812
		P^-1:
			0.166	-0.0446	-0.0212
			-0.0446	0.2263	-0.01
			-0.0212	-0.01	0.1287
	==================================================================================
	Q5:
		Shape: Hybrid
		q_c:	111.5	377.0	344.5
		ub :	115.0265	378.9931	347.5341
		lb :	107.9735	375.0069	341.4659
		P^-1:
			0.1175	-0.0403	-0.0096
			-0.0403	0.4389	0.0118
			-0.0096	0.0118	0.1592
		A:
			-0.3998	0.8809	-0.2535
			0.2381	0.8572	-0.4567
			0.0945	0.0781	-0.9925
			0.5142	0.6773	0.5263
			-0.4174	0.9027	-0.1041
			0.2945	0.9121	-0.2853
		b:
			201.211
			193.6102
			-300.1587
			495.6324
			258.9116
			279.5801
	==================================================================================
	Q6:
		Shape: Polyhedra
		q_c:	103.5	377.0	351.5
		ub :	106.8187	380.4811	354.6025
		lb :	100.1813	373.5189	348.3975
		A:
			0.2272	0.0439	-0.9729
			0.6567	-0.6827	0.3203
			-0.3837	0.0334	0.9229
			0.7989	-0.3689	0.475
			-0.2013	0.0692	0.9771
			-0.0865	0.9673	-0.2386
			0.6944	0.5996	0.3978
			-0.1131	0.6369	-0.7626
			-0.7107	0.4846	0.5101
			-0.6944	-0.5996	-0.3978
			0.1131	-0.6369	0.7626
			0.7107	-0.4846	-0.5101
		b:
			-300.299
			-75.2419
			298.8057
			112.6146
			350.3786
			273.7128
			440.7688
			-38.137
			289.911
			-434.7688
			41.137
			-286.911


===========================================================================================
===========================================================================================
S4:
	q_c:	402.0	288.5	200.5
	ub :	419.7918	307.0494	225.9835
	lb :	392.8755	271.7036	184.8221

	==================================================================================
	Q1:
		Shape: Ellipse
		q_c:	410.0	300.0	212.5
		ub :	418.4854	305.3814	220.8986
		lb :	401.5146	294.6186	204.1014
		P^-1:
			0.0377	-0.0118	0.009
			-0.0118	0.0757	-0.0085
			0.009	-0.0085	0.036
	==================================================================================
	Q2:
		Shape: Ellipse
		q_c:	402.5	297.5	192.5
		ub :	412.1245	307.0494	200.1779
		lb :	392.8755	287.9506	184.8221
		P^-1:
			0.029	0.0033	-0.0101
			0.0033	0.034	-0.0145
			-0.0101	-0.0145	0.0509
	==================================================================================
	Q3:
		Shape: Ellipse
		q_c:	413.5	283.5	210.5
		ub :	418.9611	290.3532	215.9089
		lb :	408.0389	276.6468	205.0911
		P^-1:
			2.0042	0.3807	1.9447
			0.3807	0.1187	0.3532
			1.9447	0.3532	1.9674
	==================================================================================
	Q4:
		Shape: Ellipse
		q_c:	406.0	282.5	198.5
		ub :	414.8034	289.8162	207.1118
		lb :	397.1966	275.1838	189.8882
		P^-1:
			0.0451	-0.0074	0.0193
			-0.0074	0.0593	0.0083
			0.0193	0.0083	0.0409
	==================================================================================
	Q5:
		Shape: Polyhedra
		q_c:	413.0	289.0	198.0
		ub :	418.1131	293.7516	203.108
		lb :	407.8869	284.2484	192.892
		A:
			-0.7227	0.6863	-0.0817
			0.0958	0.9377	0.334
			0.6937	0.5494	-0.4658
			0.3313	-0.9397	0.0847
			-0.8963	-0.0264	-0.4426
			0.1162	0.5678	-0.8149
			0.6784	0.6139	0.4036
			-0.2806	0.7242	-0.6299
			-0.679	0.3141	0.6636
			-0.6784	-0.6139	-0.4036
			0.2806	-0.7242	0.6299
			0.679	-0.3141	-0.6636
		b:
			-113.3504
			379.7058
			356.1125
			-115.2059
			-462.5116
			53.4673
			540.5128
			-28.8017
			-54.7595
			-534.5128
			33.8017
			61.7595
	==================================================================================
	Q6:
		Shape: Ellipse
		q_c:	411.5	280.0	215.0
		ub :	419.7918	288.2964	225.9835
		lb :	403.2082	271.7036	204.0165
		P^-1:
			0.0444	-0.0037	-0.0122
			-0.0037	0.0183	0.0011
			-0.0122	0.0011	0.0156


===========================================================================================
===========================================================================================
S5:
	q_c:	449.0	280.5	24.0
	ub :	471.0379	290.713	45.2615
	lb :	421.2479	259.7175	7.0502

	==================================================================================
	Q1:
		Shape: Ellipse
		q_c:	462.5	270.0	34.0
		ub :	471.0379	280.2825	45.2615
		lb :	453.9621	259.7175	22.7385
		P^-1:
			0.0252	-0.0034	-0.0007
			-0.0034	0.0292	0.0062
			-0.0007	0.0062	0.0147
	==================================================================================
	Q2:
		Shape: Polyhedra
		q_c:	444.5	266.5	13.5
		ub :	452.2987	272.987	19.9498
		lb :	436.7013	260.013	7.0502
		A:
			-0.1712	0.4683	0.8668
			-0.3368	-0.362	-0.8692
			-0.3939	0.4101	0.8226
			0.3061	0.7963	0.5218
			-0.5761	0.7937	0.1954
			0.0704	0.479	0.875
			0.9959	0.0582	0.069
			-0.0027	-0.7446	0.6675
			0.0902	-0.665	-0.7414
			-0.9959	-0.0582	-0.069
			0.0027	0.7446	-0.6675
			-0.0902	0.665	0.7414
		b:
			64.0269
			-253.3227
			-50.54
			359.7469
			-36.7699
			174.4955
			466.6322
			-185.6266
			-143.6186
			-451.6322
			195.6266
			150.6186
	==================================================================================
	Q3:
		Shape: Ellipse
		q_c:	446.5	278.0	31.0
		ub :	458.2588	288.4989	43.797
		lb :	434.7412	267.5011	18.203
		P^-1:
			0.0194	-0.0061	-0.0005
			-0.0061	0.0276	0.0066
			-0.0005	0.0066	0.0162
	==================================================================================
	Q4:
		Shape: Polyhedra
		q_c:	431.0	280.5	34.5
		ub :	440.7521	290.713	44.3005
		lb :	421.2479	270.287	24.6995
		A:
			-0.0376	0.9955	0.0873
			0.9804	0.1969	-0.004
			0.4749	0.8501	-0.2275
			-0.5613	0.8108	-0.1661
			-0.3845	0.7144	0.5847
			0.4227	-0.1964	-0.8847
			0.5833	0.5964	0.5514
			-0.7364	0.6747	0.0492
			-0.3427	-0.4348	0.8328
			-0.5833	-0.5964	-0.5514
			0.7364	-0.6747	-0.0492
			0.3427	0.4348	-0.8328
		b:
			271.7927
			483.6363
			442.0908
			-14.9613
			60.3836
			103.3706
			443.7196
			-121.4415
			-233.4266
			-431.7196
			131.4415
			248.4266
	==================================================================================
	Q5:
		Shape: Polyhedra
		q_c:	450.0	274.5	23.5
		ub :	458.5089	282.7658	30.1924
		lb :	441.4911	266.2342	16.8076
		A:
			-0.8767	0.0304	0.4801
			0.0512	-0.9496	0.3093
			0.7278	-0.1319	0.673
			-0.2144	0.5955	0.7742
			0.9495	0.2224	-0.2214
			-0.5033	-0.7398	0.4466
			0.624	0.5001	0.6004
			-0.6587	0.75	0.0597
			-0.4205	-0.4328	0.7974
			-0.624	-0.5001	-0.6004
			0.6587	-0.75	-0.0597
			0.4205	0.4328	-0.7974
		b:
			-370.5481
			-225.7952
			312.6476
			90.3621
			487.8918
			-414.9444
			438.1831
			-84.1211
			-285.7709
			-426.1831
			94.1211
			292.7709
	==================================================================================
	Q6:
		Shape: Polyhedra
		q_c:	448.0	270.5	31.5
		ub :	457.4057	280.1174	39.4298
		lb :	438.5943	260.8826	23.5702
		A:
			-0.2979	-0.3434	0.8907
			-0.182	-0.4635	0.8672
			-0.9953	0.0597	-0.076
			-0.4493	0.0514	0.8919
			-0.5646	-0.7988	-0.2078
			0.0133	0.1588	-0.9872
			0.6102	0.352	0.7098
			-0.6918	-0.1999	0.6939
			0.3861	-0.9144	0.1215
			-0.6102	-0.352	-0.7098
			0.6918	0.1999	-0.6939
			-0.3861	0.9144	-0.1215
		b:
			-193.0243
			-173.9857
			-426.5577
			-154.2354
			-469.8754
			23.035
			395.9285
			-337.1458
			-63.0525
			-385.9285
			347.1458
			78.0525


===========================================================================================
===========================================================================================
S6:
	q_c:	20.5	222.5	371.5
	ub :	28.7957	230.139	379.7307
	lb :	14.5733	216.8617	366.8956

	==================================================================================
	Q1:
		Shape: Polyhedra
		q_c:	19.0	226.5	376.5
		ub :	22.465	230.139	379.7307
		lb :	15.535	222.861	373.2693
		A:
			0.5281	0.0221	-0.8489
			0.0072	-0.1012	0.9948
			0.0226	0.4544	-0.8905
			-0.3396	0.8769	-0.3403
			0.1956	0.5363	-0.821
			0.8485	0.1206	-0.5153
			0.7625	0.5232	0.3807
			-0.15	-0.4294	0.8906
			0.6294	-0.7361	-0.2489
			-0.7625	-0.5232	-0.3807
			0.15	0.4294	-0.8906
			-0.6294	0.7361	0.2489
		b:
			-302.5535
			353.8459
			-229.9165
			66.029
			-181.9112
			-148.42
			278.8186
			237.1969
			-246.4873
			-273.8186
			-233.1969
			250.4873
	==================================================================================
	Q2:
		Shape: Hybrid
		q_c:	21.0	226.5	371.5
		ub :	23.754	229.4548	374.6407
		lb :	18.246	223.5452	368.3593
		P^-1:
			0.3716	0.0679	0.0651
			0.0679	0.2879	0.0364
			0.0651	0.0364	0.2849
		A:
			-0.2813	-0.2188	0.9344
			0.004	0.0656	0.9978
			-0.4483	-0.5625	0.6947
			-0.4305	-0.2886	-0.8552
			-0.864	0.4983	-0.0727
			-0.4401	-0.0462	-0.8968
		b:
			292.9013
			386.7884
			122.4838
			-391.1863
			68.8493
			-351.8621
	==================================================================================
	Q3:
		Shape: Hybrid
		q_c:	25.5	224.5	374.0
		ub :	28.7957	227.7585	376.3415
		lb :	22.2043	221.2415	371.6585
		P^-1:
			0.3526	0.1053	-0.3121
			0.1053	0.2426	-0.1095
			-0.3121	-0.1095	0.8148
		A:
			0.2961	-0.5762	0.7618
			-0.0678	-0.0898	0.9936
			-0.1652	0.0996	0.9812
			0.3059	0.2806	-0.9098
			0.1328	-0.4966	-0.8578
			-0.2505	-0.7095	0.6587
		b:
			164.6339
			350.5152
			385.8451
			-268.9051
			-427.8101
			81.7173
	==================================================================================
	Q4:
		Shape: Ellipse
		q_c:	21.0	219.5	371.0
		ub :	24.3103	222.1383	373.6467
		lb :	17.6897	216.8617	368.3533
		P^-1:
			0.2479	-0.1275	-0.0004
			-0.1275	0.3566	-0.032
			-0.0004	-0.032	0.2499
	==================================================================================
	Q5:
		Shape: Hybrid
		q_c:	22.0	220.0	369.5
		ub :	24.3366	222.5673	371.9503
		lb :	19.6634	217.4327	367.0497
		P^-1:
			0.4417	-0.0061	0.0222
			-0.0061	0.4311	0.0487
			0.0222	0.0487	0.2661
		A:
			-0.9603	-0.1182	-0.2529
			0.0554	0.5464	0.8357
			0.3525	-0.8867	0.2991
			-0.3242	0.896	0.3035
			-0.9339	0.3273	0.1441
			0.9309	0.2946	0.216
		b:
			-139.8087
			431.1947
			-75.9179
			302.8882
			105.4667
			165.8622
	==================================================================================
	Q6:
		Shape: Polyhedra
		q_c:	18.0	222.0	370.0
		ub :	21.4267	224.978	373.1044
		lb :	14.5733	219.022	366.8956
		A:
			-0.4136	0.8312	-0.3716
			-0.8495	0.4719	0.2359
			0.6156	-0.4511	0.6462
			0.214	-0.9013	-0.3767
			0.375	0.5375	0.7552
			0.1436	-0.7993	0.5836
			0.7425	0.6551	0.1399
			0.6186	-0.7507	0.232
			0.257	-0.0857	-0.9626
			-0.7425	-0.6551	-0.1399
			-0.6186	0.7507	-0.232
			-0.257	0.0857	0.9626
		b:
			41.1589
			178.6393
			151.8432
			-333.5759
			408.0245
			42.9533
			213.0683
			-68.176
			-368.0594
			-208.0683
			71.176
			373.0594


===========================================================================================
===========================================================================================
S7:
	q_c:	225.0	263.0	141.0
	ub :	242.8215	275.9356	160.9054
	lb :	204.7372	242.691	113.7826

	==================================================================================
	Q1:
		Shape: Ellipse
		q_c:	216.5	269.0	124.0
		ub :	225.7679	275.7537	134.2174
		lb :	207.2321	262.2463	113.7826
		P^-1:
			0.0237	0.0143	0.0023
			0.0143	0.0747	0.0141
			0.0023	0.0141	0.0193
	==================================================================================
	Q2:
		Shape: Hybrid
		q_c:	229.0	254.5	124.5
		ub :	239.0032	262.698	134.116
		lb :	218.9968	246.302	114.884
		P^-1:
			0.042	-0.0517	-0.0282
			-0.0517	0.1091	0.043
			-0.0282	0.043	0.0449
		A:
			0.3504	-0.8876	-0.299
			-0.6108	0.7917	-0.0108
			-0.1784	-0.9307	-0.3193
			-0.4029	0.8953	-0.1901
			-0.4589	0.6279	0.6286
			0.1765	-0.8509	-0.4948
		b:
			-181.3917
			63.0725
			-313.0606
			115.0372
			134.7319
			-235.4759
	==================================================================================
	Q3:
		Shape: Polyhedra
		q_c:	227.0	260.5	152.0
		ub :	234.7372	268.9125	160.9054
		lb :	219.2628	252.0875	143.0946
		A:
			0.8095	0.2894	-0.5107
			-0.4795	-0.2663	0.8362
			-0.6968	-0.4721	0.54
			-0.9844	-0.1068	0.1399
			-0.7147	0.3818	-0.586
			-0.648	-0.1394	0.7488
			0.5512	0.3669	0.7494
			-0.1802	0.9293	-0.3224
			-0.8147	0.0427	0.5783
			-0.5512	-0.3669	-0.7494
			0.1802	-0.9293	0.3224
			0.8147	-0.0427	-0.5783
		b:
			185.864
			-46.3971
			-194.3069
			-225.4796
			-145.7285
			-65.3444
			340.6044
			158.6631
			-81.9043
			-328.6044
			-145.6631
			89.9043
	==================================================================================
	Q4:
		Shape: Polyhedra
		q_c:	232.5	266.0	142.0
		ub :	242.8215	275.9356	153.9143
		lb :	222.1785	256.0644	130.0857
		A:
			0.0495	0.4004	-0.915
			0.9965	-0.0203	0.0811
			-0.1426	-0.7063	-0.6934
			-0.8983	-0.4258	0.1088
			-0.6835	-0.7187	0.1275
			0.2494	0.7837	0.5688
			0.7692	0.2012	0.6065
			-0.6389	0.2591	0.7243
			-0.0114	-0.9446	0.3279
			-0.7692	-0.2012	-0.6065
			0.6389	-0.2591	-0.7243
			0.0114	0.9446	-0.3279
		b:
			-4.8293
			245.147
			-312.2597
			-299.3983
			-324.8078
			354.4833
			325.9832
			30.2271
			-200.377
			-310.9832
			-16.2271
			214.377
	==================================================================================
	Q5:
		Shape: Ellipse
		q_c:	231.5	251.5	141.0
		ub :	236.744	256.2808	145.7217
		lb :	226.256	246.7192	136.2783
		P^-1:
			0.0491	-0.0401	0.0447
			-0.0401	0.2227	-0.192
			0.0447	-0.192	0.262
	==================================================================================
	Q6:
		Shape: Ellipse
		q_c:	216.5	253.5	141.5
		ub :	228.2628	264.309	146.9158
		lb :	204.7372	242.691	136.0842
		P^-1:
			0.0252	-0.0018	-0.0372
			-0.0018	0.0214	-0.0149
			-0.0372	-0.0149	0.1482


===========================================================================================
===========================================================================================
S8:
	q_c:	257.5	16.5	221.0
	ub :	274.2774	31.6636	240.4037
	lb :	241.4732	0.8037	205.1172

	==================================================================================
	Q1:
		Shape: Ellipse
		q_c:	263.5	22.5	213.5
		ub :	268.8247	31.6636	221.8828
		lb :	258.1753	13.3364	205.1172
		P^-1:
			0.079	-0.0114	-0.0002
			-0.0114	0.0304	-0.0097
			-0.0002	-0.0097	0.0326
	==================================================================================
	Q2:
		Shape: Polyhedra
		q_c:	259.0	10.5	228.0
		ub :	263.937	17.1445	233.5491
		lb :	254.063	3.8555	222.4509
		A:
			-0.2058	0.9376	0.2801
			0.736	-0.3663	0.5693
			0.6056	0.607	0.5146
			-0.6453	0.3343	0.687
			0.235	-0.9521	-0.1956
			-0.6833	0.6859	-0.2505
			0.0402	0.4524	0.8909
			0.1718	0.8752	-0.4521
			-0.9843	0.1713	-0.0425
			-0.0402	-0.4524	-0.8909
			-0.1718	-0.8752	0.4521
			0.9843	-0.1713	0.0425
		b:
			24.6743
			320.7435
			284.4721
			-3.2334
			10.6466
			-222.4992
			221.7954
			-44.3963
			-258.8353
			-214.7954
			54.3963
			266.8353
	==================================================================================
	Q3:
		Shape: Polyhedra
		q_c:	245.5	5.0	220.5
		ub :	249.5268	9.1963	224.2321
		lb :	241.4732	0.8037	216.7679
		A:
			-0.2775	0.8733	0.4004
			0.6149	0.7875	0.0416
			0.4536	-0.8686	0.1992
			0.3042	0.189	-0.9337
			-0.1066	0.5864	0.803
			0.3105	-0.5887	0.7463
			0.0992	0.4286	0.898
			-0.1042	0.902	-0.419
			-0.9896	-0.052	0.1341
			-0.0992	-0.4286	-0.898
			0.1042	-0.902	0.419
			0.9896	0.052	-0.1341
		b:
			27.3924
			167.3357
			154.4119
			-127.4409
			155.9657
			241.1032
			226.5061
			-109.9714
			-210.1276
			-222.5061
			116.9714
			217.1276
	==================================================================================
	Q4:
		Shape: Hybrid
		q_c:	260.5	23.5	233.0
		ub :	264.7621	30.6952	240.4037
		lb :	256.2379	16.3048	225.5963
		P^-1:
			0.1826	0.066	0.0613
			0.066	0.0864	0.0503
			0.0613	0.0503	0.0712
		A:
			0.7341	-0.2447	0.6334
			-0.9613	-0.1528	-0.2294
			-0.6573	-0.3344	-0.6753
			-0.8607	0.2156	-0.4613
			0.2366	0.8457	0.4784
			-0.9561	-0.2622	-0.1309
		b:
			336.2068
			-306.0726
			-334.805
			-324.0219
			195.0651
			-284.3369
	==================================================================================
	Q5:
		Shape: Polyhedra
		q_c:	268.0	15.0	225.5
		ub :	274.2774	18.8802	232.045
		lb :	261.7226	11.1198	218.955
		A:
			0.8552	0.4917	-0.1641
			-0.8601	0.4348	-0.2667
			-0.1455	-0.8992	-0.4126
			0.1212	-0.9643	0.2353
			-0.4668	-0.8109	0.3529
			-0.2361	-0.947	-0.2179
			0.7795	0.1631	0.6048
			-0.6188	0.3501	0.7032
			-0.0971	-0.9224	0.3739
			-0.7795	-0.1631	-0.6048
			0.6188	-0.3501	-0.7032
			0.0971	0.9224	-0.3739
		b:
			203.1261
			-280.2677
			-142.0158
			73.0977
			-55.4926
			-123.8401
			351.2333
			3.4691
			45.9595
			-344.2333
			7.5309
			-42.9595
	==================================================================================
	Q6:
		Shape: Ellipse
		q_c:	257.5	18.5	224.5
		ub :	261.7529	23.3595	228.6861
		lb :	253.2471	13.6405	220.3139
		P^-1:
			0.0898	0.0571	0.0703
			0.0571	0.3587	0.4483
			0.0703	0.4483	0.6732


===========================================================================================
===========================================================================================
S9:
	q_c:	167.5	32.5	204.0
	ub :	193.9411	56.2736	226.4709
	lb :	137.0648	0.827	170.9413

	==================================================================================
	Q1:
		Shape: Polyhedra
		q_c:	153.0	42.5	217.5
		ub :	167.759	56.2736	226.4709
		lb :	138.241	28.7264	208.5291
		A:
			0.2804	-0.0905	-0.9556
			0.6858	-0.6424	0.3422
			0.2304	-0.756	0.6127
			-0.7607	0.4251	-0.4906
			0.2115	-0.5876	-0.781
			0.0835	-0.9709	-0.2245
			0.1874	0.0047	0.9823
			-0.7351	0.664	0.1371
			-0.6516	-0.7477	0.1279
			-0.1874	-0.0047	-0.9823
			0.7351	-0.664	-0.1371
			0.6516	0.7477	-0.1279
		b:
			-161.4344
			161.3993
			144.9889
			-196.2243
			-154.1922
			-67.6562
			249.02
			-44.4204
			-94.1532
			-236.02
			64.4204
			113.1532
	==================================================================================
	Q2:
		Shape: Ellipse
		q_c:	182.5	41.5	192.5
		ub :	193.9411	52.0227	202.7756
		lb :	171.0589	30.9773	182.2244
		P^-1:
			0.0218	0.0006	-0.0028
			0.0006	0.0206	-0.0015
			-0.0028	-0.0015	0.0172
	==================================================================================
	Q3:
		Shape: Ellipse
		q_c:	177.5	25.0	183.5
		ub :	189.456	36.1339	196.0587
		lb :	165.544	13.8661	170.9413
		P^-1:
			0.0195	0.0046	0.0003
			0.0046	0.0236	0.0041
			0.0003	0.0041	0.0163
	==================================================================================
	Q4:
		Shape: Ellipse
		q_c:	151.5	14.0	192.0
		ub :	165.9352	27.173	206.3235
		lb :	137.0648	0.827	177.6765
		P^-1:
			0.0172	0.0045	0.0064
			0.0045	0.0194	0.0061
			0.0064	0.0061	0.0119
	==================================================================================
	Q5:
		Shape: Ellipse
		q_c:	184.5	22.0	193.0
		ub :	191.4537	32.5332	204.1343
		lb :	177.5463	11.4668	181.8657
		P^-1:
			0.1972	0.0572	0.0788
			0.0572	0.0379	0.0285
			0.0788	0.0285	0.0464
	==================================================================================
	Q6:
		Shape: Ellipse
		q_c:	166.5	18.5	195.0
		ub :	180.8766	32.8847	205.6685
		lb :	152.1234	4.1153	184.3315
		P^-1:
			0.0148	0.0044	0.0017
			0.0044	0.014	0.0015
			0.0017	0.0015	0.0173


===========================================================================================
===========================================================================================
S10:
	q_c:	66.5	488.5	450.5
	ub :	83.827	505.6862	468.3434
	lb :	47.7386	473.0511	442.4546

	==================================================================================
	Q1:
		Shape: Hybrid
		q_c:	77.0	500.5	455.5
		ub :	80.8265	504.5041	458.1159
		lb :	73.1735	496.4959	452.8841
		P^-1:
			0.3599	0.098	-0.3633
			0.098	0.1545	-0.1197
			-0.3633	-0.1197	0.7567
		A:
			-0.5987	0.3018	0.742
			-0.4264	0.2527	0.8685
			-0.1313	-0.3468	0.9287
			0.9773	0.029	-0.21
			-0.715	-0.6415	0.2779
			-0.6626	0.3983	0.6343
		b:
			444.0828
			490.2298
			240.3137
			-4.2641
			-248.1558
			438.6939
	==================================================================================
	Q2:
		Shape: Ellipse
		q_c:	64.5	492.5	455.5
		ub :	71.7767	498.8848	461.8255
		lb :	57.2233	486.1152	449.1745
		P^-1:
			0.0955	0.1062	0.0179
			0.1062	0.1705	0.0251
			0.0179	0.0251	0.0321
	==================================================================================
	Q3:
		Shape: Hybrid
		q_c:	73.5	479.5	460.5
		ub :	80.863	485.9489	467.1467
		lb :	66.137	473.0511	453.8533
		P^-1:
			0.0567	-0.0091	-0.0036
			-0.0091	0.0481	-0.0057
			-0.0036	-0.0057	0.0602
		A:
			-0.9276	-0.1499	0.3422
			0.649	-0.7351	0.1961
			0.3001	-0.8668	0.3982
			-0.948	0.172	0.2679
			0.3037	0.0042	-0.9527
			0.2413	-0.6093	0.7554
		b:
			19.77
			-212.4706
			-208.0446
			138.2409
			-412.403
			75.4369
	==================================================================================
	Q4:
		Shape: Polyhedra
		q_c:	56.0	496.0	457.0
		ub :	64.2614	505.6862	466.5131
		lb :	47.7386	486.3138	447.4869
		A:
			-0.9417	0.3365	0.0037
			0.9115	0.2836	-0.2978
			0.1891	0.8781	-0.4394
			0.6483	-0.3888	0.6546
			-0.3196	0.7824	-0.5346
			0.5682	-0.1574	-0.8077
			0.3625	0.7082	0.6058
			0.5899	0.3289	-0.7374
			-0.7215	0.6247	-0.2985
			-0.3625	-0.7082	-0.6058
			-0.5899	-0.3289	0.7374
			0.7215	-0.6247	0.2985
		b:
			119.6754
			60.6591
			250.5431
			147.1419
			129.7018
			-410.1026
			656.9309
			-136.3505
			136.5394
			-639.9309
			145.3505
			-129.5394
	==================================================================================
	Q5:
		Shape: Hybrid
		q_c:	66.0	493.5	460.5
		ub :	74.0826	500.3028	468.3434
		lb :	57.9174	486.6972	452.6566
		P^-1:
			0.0506	-0.0036	0.0129
			-0.0036	0.0533	-0.0062
			0.0129	-0.0062	0.0358
		A:
			-0.9791	0.2	-0.0356
			0.6253	0.4507	0.6371
			-0.0631	0.2703	-0.9607
			0.9291	-0.0344	0.3682
			0.3263	-0.8735	0.3612
			0.33	-0.8986	-0.2891
		b:
			20.2338
			559.6693
			-309.9122
			216.085
			-241.0865
			-552.0117
	==================================================================================
	Q6:
		Shape: Polyhedra
		q_c:	78.5	484.5	449.5
		ub :	83.827	491.9489	456.5454
		lb :	73.173	477.0511	442.4546
		A:
			-0.9581	-0.1097	-0.2645
			-0.3005	-0.946	-0.1212
			-0.2794	-0.1353	0.9506
			0.7589	-0.6073	0.235
			0.8862	0.1637	0.4335
			-0.3817	0.7855	-0.4871
			0.0559	0.8854	0.4614
			0.8071	0.232	-0.543
			-0.5878	0.4028	-0.7016
			-0.0559	-0.8854	-0.4614
			-0.8071	-0.232	0.543
			0.5878	-0.4028	0.7016
		b:
			-243.5322
			-530.7444
			343.7844
			-125.3158
			347.604
			135.489
			646.7864
			-64.2837
			-163.3818
			-634.7864
			72.2837
			169.3818


===========================================================================================
===========================================================================================
S11:
	q_c:	208.5	120.0	73.5
	ub :	240.4317	152.7259	104.5818
	lb :	185.5423	95.2357	43.4896

	==================================================================================
	Q1:
		Shape: Polyhedra
		q_c:	225.0	121.0	68.0
		ub :	236.9791	137.6228	83.0201
		lb :	213.0209	104.3772	52.9799
		A:
			-0.7252	0.232	0.6483
			-0.8101	0.5099	-0.2894
			0.7122	0.3853	-0.5868
			-0.8284	-0.4404	0.3461
			-0.861	-0.1511	0.4857
			-0.5389	0.8406	-0.0537
			0.4087	0.8025	0.4347
			-0.109	0.5158	-0.8498
			-0.9062	0.2999	0.2982
			-0.4087	-0.8025	-0.4347
			0.109	-0.5158	0.8498
			0.9062	-0.2999	-0.2982
		b:
			-83.8989
			-132.7411
			175.3786
			-207.0415
			-171.4886
			-14.547
			231.1116
			-10.896
			-140.8197
			-206.1116
			28.896
			153.8197
	==================================================================================
	Q2:
		Shape: Hybrid
		q_c:	211.5	139.0	55.5
		ub :	223.7867	152.7259	67.5104
		lb :	199.2133	125.2741	43.4896
		P^-1:
			0.117	-0.0413	-0.1113
			-0.0413	0.0315	0.0489
			-0.1113	0.0489	0.123
		A:
			0.7338	-0.0669	-0.676
			-0.4421	0.54	0.7162
			-0.7576	0.2721	0.5934
			-0.7242	-0.5074	0.467
			-0.0695	0.9725	0.2225
			-0.7863	-0.0745	0.6133
		b:
			110.1006
			23.6025
			-87.9564
			-192.2324
			139.934
			-140.0281
	==================================================================================
	Q3:
		Shape: Polyhedra
		q_c:	224.5	111.5	90.5
		ub :	240.4317	123.5138	104.5818
		lb :	208.5683	99.4862	76.4182
		A:
			0.0444	0.9286	-0.3685
			-0.4032	0.536	0.7417
			-0.1643	0.9809	0.1038
			-0.3516	0.5598	0.7503
			-0.1274	-0.5147	-0.8478
			-0.3216	-0.3736	-0.87
			0.3191	0.9254	0.2046
			0.5569	-0.0084	-0.8306
			-0.7668	0.379	-0.518
			-0.3191	-0.9254	-0.2046
			-0.5569	0.0084	0.8306
			0.7668	-0.379	0.518
		b:
			89.3238
			44.1151
			90.8105
			59.1049
			-154.3522
			-183.3124
			201.3369
			56.4138
			-164.7796
			-185.3369
			-41.4138
			188.7796
	==================================================================================
	Q4:
		Shape: Ellipse
		q_c:	202.0	108.5	84.5
		ub :	217.3039	121.7643	97.2685
		lb :	186.6961	95.2357	71.7315
		P^-1:
			0.0059	0.0013	-0.0009
			0.0013	0.0173	0.0058
			-0.0009	0.0058	0.0184
	==================================================================================
	Q5:
		Shape: Polyhedra
		q_c:	216.5	129.5	56.0
		ub :	229.2411	141.677	67.6757
		lb :	203.7589	117.323	44.3243
		A:
			-0.7408	-0.0289	0.6711
			-0.3656	0.7418	-0.5622
			-0.3612	0.4765	-0.8016
			0.2402	0.6568	-0.7148
			0.0738	-0.6024	0.7948
			0.1601	0.9845	-0.0717
			0.7314	0.441	0.5203
			-0.1104	-0.6762	0.7284
			0.673	-0.5901	-0.4459
			-0.7314	-0.441	-0.5203
			0.1104	0.6762	-0.7284
			-0.673	0.5901	0.4459
		b:
			-118.498
			-8.6025
			-55.7398
			101.6348
			-12.817
			164.8776
			252.5778
			-66.1872
			53.812
			-236.5778
			75.1872
			-34.812
	==================================================================================
	Q6:
		Shape: Polyhedra
		q_c:	199.0	115.5	84.5
		ub :	212.4577	125.3022	94.355
		lb :	185.5423	105.6978	74.645
		A:
			0.0946	-0.8053	-0.5852
			0.7478	-0.2643	0.609
			0.7853	-0.3149	0.5331
			-0.0477	0.8042	0.5924
			0.8356	0.477	0.2723
			-0.5607	-0.6705	-0.4859
			0.3535	0.3323	0.8744
			-0.909	-0.0987	0.405
			0.2209	-0.938	0.2672
			-0.3535	-0.3323	-0.8744
			0.909	0.0987	-0.405
			-0.2209	0.938	-0.2672
		b:
			-117.3722
			176.7757
			172.5368
			139.4824
			252.9029
			-224.0082
			186.1121
			-146.5723
			-33.803
			-179.1121
			169.5723
			49.803


===========================================================================================
===========================================================================================
S12:
	q_c:	65.0	494.5	386.0
	ub :	76.7564	503.1013	393.2899
	lb :	61.5812	487.213	374.8971

	==================================================================================
	Q1:
		Shape: Hybrid
		q_c:	66.5	498.0	387.5
		ub :	70.6989	502.1688	391.0564
		lb :	62.3011	493.8312	383.9436
		P^-1:
			0.16	0.0	0.0
			0.0	0.16	0.0
			0.0	0.0	0.16
		A:
			0.1462	0.9347	-0.324
			0.3946	-0.8588	0.3267
			0.9668	0.1443	-0.2111
			-0.3246	0.6113	0.7217
			0.1256	-0.9484	-0.2911
			0.4634	0.5254	-0.7136
		b:
			350.8725
			-273.6287
			55.6161
			563.792
			-575.499
			17.1758
	==================================================================================
	Q2:
		Shape: Ellipse
		q_c:	70.5	498.0	389.5
		ub :	74.7831	501.8834	393.1525
		lb :	66.2169	494.1166	385.8475
		P^-1:
			0.16	0.0	-0.0
			0.0	0.16	0.0
			-0.0	0.0	0.16
	==================================================================================
	Q3:
		Shape: Polyhedra
		q_c:	71.0	498.0	385.0
		ub :	76.7564	503.1013	390.9158
		lb :	65.2436	492.8987	379.0842
		A:
			0.9534	0.1104	-0.2807
			0.9826	-0.0493	-0.1791
			-0.1627	0.2605	0.9517
			-0.5943	-0.7977	-0.1025
			-0.8866	0.1934	-0.4201
			0.3059	0.8308	-0.4649
			0.4119	0.796	0.4435
			0.314	-0.5809	0.751
			0.8554	-0.17	-0.4892
			-0.4119	-0.796	-0.4435
			-0.314	0.5809	-0.751
			-0.8554	0.17	0.4892
		b:
			18.4634
			-19.8147
			488.1498
			-475.7725
			-124.7628
			259.8723
			599.4165
			25.6411
			-208.2901
			-593.4165
			-18.6411
			216.2901
	==================================================================================
	Q4:
		Shape: Ellipse
		q_c:	69.5	494.5	388.5
		ub :	74.9243	497.9161	393.2899
		lb :	64.0757	491.0839	383.7101
		P^-1:
			0.0992	-0.1137	-0.0489
			-0.1137	0.3841	0.069
			-0.0489	0.069	0.1217
	==================================================================================
	Q5:
		Shape: Hybrid
		q_c:	67.0	490.5	379.0
		ub :	70.4983	493.787	383.1029
		lb :	63.5017	487.213	374.8971
		P^-1:
			0.2065	-0.0295	-0.0572
			-0.0295	0.23	-0.0389
			-0.0572	-0.0389	0.1746
		A:
			0.1034	-0.4702	0.8765
			-0.3172	-0.9418	0.1113
			0.5825	0.692	-0.4263
			0.8841	0.2233	-0.4104
			0.4296	-0.1002	0.8974
			-0.1224	0.9486	0.2918
		b:
			109.8088
			-439.8043
			217.9932
			14.3278
			321.5518
			568.9965
	==================================================================================
	Q6:
		Shape: Hybrid
		q_c:	64.0	498.5	382.0
		ub :	66.4188	500.3183	384.0395
		lb :	61.5812	496.6817	379.9605
		P^-1:
			0.5349	-0.2452	-0.2691
			-0.2452	0.8707	-0.1419
			-0.2691	-0.1419	0.8443
		A:
			-0.6375	0.3348	-0.6939
			-0.1088	-0.5817	0.8061
			-0.53	0.3763	-0.7599
			-0.0329	0.5139	-0.8572
			-0.4942	0.852	0.1727
			-0.5925	-0.457	-0.6634
		b:
			-137.9561
			11.5086
			-135.6383
			-72.7989
			459.6002
			-517.7183


===========================================================================================
===========================================================================================
S13:
	q_c:	402.5	320.0	342.5
	ub :	428.2825	341.95	357.3429
	lb :	375.4961	298.3897	327.0957

	==================================================================================
	Q1:
		Shape: Hybrid
		q_c:	414.0	308.5	335.0
		ub :	424.6746	318.6103	342.9043
		lb :	403.3254	298.3897	327.0957
		P^-1:
			0.0284	0.0196	-0.0091
			0.0196	0.0438	-0.0236
			-0.0091	-0.0236	0.0564
		A:
			-0.4365	0.071	-0.8969
			-0.4356	-0.8109	-0.3908
			0.5684	0.7345	-0.3706
			-0.8917	-0.4431	0.0921
			-0.2725	-0.8503	0.4501
			0.2891	-0.3852	-0.8764
		b:
			-455.8517
			-557.6026
			339.9228
			-471.3459
			-221.9721
			-287.95
	==================================================================================
	Q2:
		Shape: Polyhedra
		q_c:	416.5	313.0	345.5
		ub :	428.2825	322.2014	357.3429
		lb :	404.7175	303.7986	333.6571
		A:
			0.5983	0.7875	-0.1479
			-0.3119	-0.8261	-0.4693
			-0.087	-0.4667	-0.8801
			0.685	0.0814	-0.724
			0.342	-0.7938	-0.5029
			-0.0628	0.9922	0.1076
			0.083	0.9514	0.2967
			0.5155	0.2138	-0.8298
			-0.8528	0.2219	-0.4727
			-0.083	-0.9514	-0.2967
			-0.5155	-0.2138	0.8298
			0.8528	-0.2219	0.4727
		b:
			451.2063
			-544.2693
			-479.5085
			67.7222
			-273.366
			327.7593
			440.8698
			1.9481
			-440.0815
			-428.8698
			12.0519
			458.0815
	==================================================================================
	Q3:
		Shape: Hybrid
		q_c:	410.5	334.5	349.0
		ub :	417.1727	341.95	355.3358
		lb :	403.8273	327.05	342.6642
		P^-1:
			0.0495	0.0005	0.001
			0.0005	0.0518	0.005
			0.001	0.005	0.06
		A:
			-0.1084	-0.9778	0.1791
			-0.79	-0.6131	0.0094
			0.224	0.5423	0.8098
			-0.4098	0.1623	0.8976
			0.6577	0.1786	0.7318
			-0.3564	0.3464	-0.8678
		b:
			-306.5964
			-523.618
			557.991
			201.4728
			587.3308
			-330.9865
	==================================================================================
	Q4:
		Shape: Polyhedra
		q_c:	404.5	312.0	343.5
		ub :	411.3969	318.5182	349.538
		lb :	397.6031	305.4818	337.462
		A:
			-0.0552	0.6222	0.7809
			0.0506	-0.4742	-0.879
			-0.2777	-0.3737	-0.885
			0.195	0.1337	-0.9716
			-0.6639	-0.7436	0.0792
			-0.9008	-0.3475	-0.2603
			0.2512	0.9434	0.2167
			0.8132	-0.3271	0.4813
			0.5249	0.0553	-0.8493
			-0.2512	-0.9434	-0.2167
			-0.8132	0.3271	-0.4813
			-0.5249	-0.0553	0.8493
		b:
			444.2771
			-425.3716
			-528.5086
			-209.8514
			-468.7013
			-557.3412
			475.3648
			397.2374
			-59.1552
			-465.3648
			-387.2374
			65.1552
