3D_35_15_6_a                l = 3

===========================================================================================
===========================================================================================
S1:
	q_c:    353.5000    175.0000    502.5000
	ub :    361.0000    204.0000    513.0000
	lb :    346.0000    146.0000    492.0000

	==================================================================================
	Q1:
		Shape: Ellipse
		q_c:    351.0000    172.0000    497.0000
		ub :    355.2600    176.8581    502.1325
		lb :    346.7400    167.1419    491.8675
		P^-1: 
			    0.1487    -0.0388    -0.0139
			    -0.0388    0.1528    -0.0915
			    -0.0139    -0.0915    0.1579
	==================================================================================
	Q2:
		Shape: Polyhedra
		q_c:    356.0000    177.5000    496.5000
		ub :    361.3832    182.5911    502.2442
		lb :    350.6168    172.4089    490.7558
		A:
			    -0.8359    0.3927    0.3836
			    0.6055    -0.1222    -0.7864
			    0.9986    0.0521    0.0130
			    -0.2717    -0.8342    0.4799
			    -0.2802    -0.6363    0.7188
			    0.5098    0.8581    -0.0614
			    0.5141    0.5297    0.6747
			    -0.7669    -0.0685    0.6381
			    0.3842    -0.8454    0.3710
			    -0.5141    -0.5297    -0.6747
			    0.7669    0.0685    -0.6381
			    -0.3842    0.8454    -0.3710
		b:
			    -34.7859
			    -193.8697
			    374.4696
			    -3.5396
			    146.9174
			    306.9962
			    616.4980
			    34.1649
			    173.9101
			    -607.4980
			    -29.1649
			    -167.9101
	==================================================================================
	Q3:
		Shape: Ellipse
		q_c:    352.5000    168.5000    499.5000
		ub :    356.3428    172.6890    503.8304
		lb :    348.6572    164.3110    495.1696
		P^-1: 
			    0.1834    -0.0505    -0.0466
			    -0.0505    0.1788    0.0085
			    -0.0466    0.0085    0.1589
	==================================================================================
	Q4:
		Shape: Polyhedra
		q_c:    346.0000    173.5000    503.5000
		ub :    348.6470    176.2849    506.0030
		lb :    343.3530    170.7151    500.9970
		A:
			    -0.3478    0.8177    0.4587
			    -0.7071    -0.4237    0.5661
			    0.7719    -0.4865    -0.4093
			    -0.1199    0.5875    0.8003
			    -0.5199    0.5069    0.6876
			    -0.6666    0.6682    0.3304
			    0.7935    0.5179    0.3197
			    -0.0372    0.5656    -0.8239
			    -0.6075    0.6418    0.4680
			    -0.7935    -0.5179    -0.3197
			    0.0372    -0.5656    0.8239
			    0.6075    -0.6418    -0.4680
		b:
			    253.6802
			    -31.2564
			    -22.2990
			    464.9064
			    255.3189
			    52.6775
			    527.8503
			    -328.0719
			    137.8209
			    -522.8503
			    331.0719
			    -135.8209
	==================================================================================
	Q5:
		Shape: Polyhedra
		q_c:    361.0000    171.0000    502.5000
		ub :    365.2343    173.6231    506.2308
		lb :    356.7657    168.3769    498.7692
		A:
			    0.0485    0.2948    -0.9543
			    -0.0858    -0.7870    0.6110
			    0.3414    0.5620    -0.7534
			    -0.2735    -0.3901    0.8792
			    0.1988    -0.7682    -0.6086
			    -0.7472    0.6393    0.1815
			    0.8443    0.1621    0.5108
			    -0.5231    0.0420    0.8512
			    0.1166    -0.9859    0.1202
			    -0.8443    -0.1621    -0.5108
			    0.5231    -0.0420    -0.8512
			    -0.1166    0.9859    -0.1202
		b:
			    -409.3250
			    143.4902
			    -157.2312
			    278.4094
			    -363.2492
			    -66.8289
			    592.6849
			    248.0913
			    -64.0947
			    -585.6849
			    -244.0913
			    68.0947
	==================================================================================
	Q6:
		Shape: Ellipse
		q_c:    360.0000    172.5000    502.5000
		ub :    363.3486    175.6314    506.3410
		lb :    356.6514    169.3686    498.6590
		P^-1: 
			    0.1648    0.0430    -0.0200
			    0.0430    0.3092    -0.1579
			    -0.0200    -0.1579    0.2415


===========================================================================================
===========================================================================================
S2:
	q_c:    277.0000    41.0000    386.5000
	ub :    293.0000    61.0000    394.0000
	lb :    261.0000    21.0000    379.0000

	==================================================================================
	Q1:
		Shape: Ellipse
		q_c:    273.0000    38.5000    390.0000
		ub :    277.7015    42.1141    394.6657
		lb :    268.2985    34.8859    385.3343
		P^-1: 
			    0.1217    0.0117    0.0524
			    0.0117    0.2122    0.0462
			    0.0524    0.0462    0.1578
	==================================================================================
	Q2:
		Shape: Ellipse
		q_c:    274.0000    48.0000    392.0000
		ub :    277.4887    52.9900    396.3847
		lb :    270.5113    43.0100    387.6153
		P^-1: 
			    0.6622    0.0365    0.4419
			    0.0365    0.0674    0.0353
			    0.4419    0.0353    0.4145
	==================================================================================
	Q3:
		Shape: Polyhedra
		q_c:    283.5000    44.5000    393.5000
		ub :    289.3451    49.6925    397.9914
		lb :    277.6549    39.3075    389.0086
		A:
			    0.2584    -0.4856    0.8351
			    0.0853    0.9002    -0.4270
			    -0.1098    -0.8995    -0.4229
			    0.4881    0.8688    0.0833
			    0.5393    -0.6915    0.4807
			    -0.0253    -0.8015    0.5974
			    0.2496    0.1063    0.9625
			    -0.4274    0.9040    0.0110
			    -0.8689    -0.4141    0.2710
			    -0.2496    -0.1063    -0.9625
			    0.4274    -0.9040    -0.0110
			    0.8689    0.4141    -0.2710
		b:
			    383.7912
			    -100.1112
			    -233.9931
			    213.6273
			    314.7725
			    195.9079
			    457.7289
			    -73.1202
			    -154.1146
			    -450.7289
			    80.1202
			    162.1146
	==================================================================================
	Q4:
		Shape: Polyhedra
		q_c:    271.5000    42.0000    392.0000
		ub :    276.0507    46.4949    396.2662
		lb :    266.9493    37.5051    387.7338
		A:
			    0.9576    0.2329    -0.1697
			    0.8013    -0.5787    -0.1519
			    0.7878    -0.5944    -0.1616
			    0.8344    0.2344    -0.4989
			    -0.9864    -0.1606    -0.0349
			    -0.9680    -0.1995    -0.1521
			    0.3733    0.6655    0.6463
			    0.6793    -0.6705    0.2981
			    0.6318    0.3278    -0.7024
			    -0.3733    -0.6655    -0.6463
			    -0.6793    0.6705    -0.2981
			    -0.6318    -0.3278    0.7024
		b:
			    205.8544
			    136.5830
			    128.4637
			    43.3581
			    -285.5408
			    -328.1621
			    385.1615
			    276.1318
			    -87.5528
			    -380.1615
			    -270.1318
			    92.5528
	==================================================================================
	Q5:
		Shape: Ellipse
		q_c:    278.5000    40.0000    389.0000
		ub :    282.3310    42.6521    392.8590
		lb :    274.6690    37.3479    385.1410
		P^-1: 
			    0.2881    0.0298    0.1702
			    0.0298    0.2636    0.0457
			    0.1702    0.0457    0.2245
	==================================================================================
	Q6:
		Shape: Hybrid
		q_c:    271.5000    44.0000    388.0000
		ub :    274.4224    47.3977    391.3457
		lb :    268.5776    40.6023    384.6543
		P^-1: 
			    0.1597    0.0237    -0.0120
			    0.0237    0.5082    -0.4571
			    -0.0120    -0.4571    0.5737
		A:
			    -0.4803    0.7494    -0.4558
			    0.3802    0.4439    -0.8114
			    -0.0512    0.4469    -0.8931
			    -0.3736    0.7428    -0.5556
			    -0.5606    -0.2167    0.7992
			    -0.4792    0.3292    -0.8136
		b:
			    -272.9970
			    -191.0444
			    -339.8759
			    -283.3325
			    149.9702
			    -430.0036


===========================================================================================
===========================================================================================
S3:
	q_c:    28.0000    254.5000    372.0000
	ub :    42.0000    280.0000    390.0000
	lb :    14.0000    229.0000    354.0000

	==================================================================================
	Q1:
		Shape: Ellipse
		q_c:    28.5000    262.5000    369.5000
		ub :    36.8591    268.5677    378.0967
		lb :    20.1409    256.4323    360.9033
		P^-1: 
			    0.0727    -0.0637    0.0160
			    -0.0637    0.1061    -0.0196
			    0.0160    -0.0196    0.0253
	==================================================================================
	Q2:
		Shape: Hybrid
		q_c:    37.5000    252.0000    366.5000
		ub :    49.6582    264.0822    376.1512
		lb :    25.3418    239.9178    356.8488
		P^-1: 
			    0.0178    0.0000    -0.0000
			    0.0000    0.0178    -0.0000
			    -0.0000    -0.0000    0.0178
		A:
			    -0.1126    0.6322    -0.7666
			    -0.0457    -0.9612    0.2721
			    0.2450    -0.5746    0.7809
			    -0.0301    0.2137    -0.9764
			    -0.4228    -0.5022    -0.7544
			    -0.8117    -0.5566    -0.1768
		b:
			    -122.1224
			    -140.4540
			    154.3195
			    -301.3912
			    -415.1309
			    -231.7639
	==================================================================================
	Q3:
		Shape: Polyhedra
		q_c:    20.0000    238.5000    374.5000
		ub :    27.9526    245.6382    383.4348
		lb :    12.0474    231.3618    365.5652
		A:
			    -0.3594    0.6052    -0.7103
			    0.4247    0.9032    0.0620
			    -0.5522    -0.7893    -0.2686
			    0.9041    0.1983    0.3786
			    0.5080    0.4855    0.7115
			    0.4491    0.4544    0.7693
			    0.5991    0.7133    0.3637
			    0.3409    -0.6383    0.6902
			    0.7245    -0.2896    -0.6255
			    -0.5991    -0.7133    -0.3637
			    -0.3409    0.6383    -0.6902
			    -0.7245    0.2896    0.6255
		b:
			    -122.8545
			    250.0886
			    -297.7347
			    211.0676
			    395.5357
			    408.9378
			    320.3115
			    119.0848
			    -282.3289
			    -316.3115
			    -107.0848
			    295.3289
	==================================================================================
	Q4:
		Shape: Hybrid
		q_c:    24.0000    259.0000    365.0000
		ub :    32.2781    268.0190    375.9302
		lb :    15.7219    249.9810    354.0698
		P^-1: 
			    0.0633    -0.0395    0.0053
			    -0.0395    0.0720    -0.0196
			    0.0053    -0.0196    0.0212
		A:
			    0.8580    -0.4472    -0.2527
			    -0.8119    -0.2352    0.5343
			    -0.6133    0.7509    -0.2452
			    0.8237    0.5632    -0.0667
			    0.8053    -0.5319    0.2619
			    -0.2260    0.9656    -0.1286
		b:
			    -184.7912
			    118.5770
			    91.7761
			    146.0187
			    -20.7887
			    200.3607
	==================================================================================
	Q5:
		Shape: Hybrid
		q_c:    17.5000    249.0000    369.0000
		ub :    23.7164    257.6537    377.7967
		lb :    11.2836    240.3463    360.2033
		P^-1: 
			    0.0695    0.0130    0.0141
			    0.0130    0.0414    0.0135
			    0.0141    0.0135    0.0344
		A:
			    0.4009    -0.3808    0.8332
			    -0.7608    0.5441    -0.3537
			    0.4005    -0.7264    -0.5585
			    -0.9416    0.0272    -0.3357
			    0.1011    -0.3403    -0.9349
			    -0.8062    -0.1563    -0.5706
		b:
			    223.8167
			    -5.0406
			    -376.7154
			    -131.4281
			    -424.2790
			    -261.4622
	==================================================================================
	Q6:
		Shape: Ellipse
		q_c:    35.0000    268.0000    376.0000
		ub :    42.2029    274.9303    381.3648
		lb :    27.7971    261.0697    370.6352
		P^-1: 
			    0.0505    -0.0130    0.0314
			    -0.0130    0.0561    -0.0388
			    0.0314    -0.0388    0.1333


===========================================================================================
===========================================================================================
S4:
	q_c:    271.0000    342.0000    404.0000
	ub :    289.0000    359.0000    422.0000
	lb :    253.0000    325.0000    386.0000

	==================================================================================
	Q1:
		Shape: Ellipse
		q_c:    287.5000    346.0000    408.5000
		ub :    291.2832    352.1863    414.6652
		lb :    283.7168    339.8137    402.3348
		P^-1: 
			    0.1544    -0.0121    -0.0206
			    -0.0121    0.0545    -0.0036
			    -0.0206    -0.0036    0.0630
	==================================================================================
	Q2:
		Shape: Ellipse
		q_c:    278.0000    344.5000    387.5000
		ub :    288.9839    358.5725    400.9992
		lb :    267.0161    330.4275    374.0008
		P^-1: 
			    0.0219    -0.0033    0.0004
			    -0.0033    0.0146    -0.0044
			    0.0004    -0.0044    0.0149
	==================================================================================
	Q3:
		Shape: Polyhedra
		q_c:    270.0000    344.0000    397.5000
		ub :    276.3920    349.7834    403.9116
		lb :    263.6080    338.2166    391.0884
		A:
			    -0.6299    -0.1041    -0.7696
			    -0.7751    -0.5108    0.3718
			    -0.7839    0.0634    -0.6177
			    -0.1266    0.7990    -0.5878
			    -0.4870    -0.8700    -0.0774
			    -0.3967    0.7468    0.5338
			    0.8064    0.1626    0.5685
			    -0.1723    0.9843    -0.0372
			    -0.5657    -0.0680    0.8218
			    -0.8064    -0.1626    -0.5685
			    0.1723    -0.9843    0.0372
			    0.5657    0.0680    -0.8218
		b:
			    -508.5655
			    -232.2855
			    -432.2043
			    11.9770
			    -457.0413
			    367.1535
			    502.6707
			    282.3098
			    156.0681
			    -496.6707
			    -272.3098
			    -145.0681
	==================================================================================
	Q4:
		Shape: Polyhedra
		q_c:    278.5000    341.0000    393.0000
		ub :    288.6098    352.1959    404.9775
		lb :    268.3902    329.8041    381.0225
		A:
			    -0.1019    0.6891    -0.7175
			    0.0234    -0.1211    0.9924
			    0.0336    0.2188    -0.9752
			    0.8946    -0.0929    -0.4372
			    0.8416    0.4029    -0.3596
			    0.8784    -0.4622    -0.1217
			    0.9577    0.0045    0.2878
			    -0.2604    0.4400    0.8594
			    -0.1227    -0.8980    0.4225
			    -0.9577    -0.0045    -0.2878
			    0.2604    -0.4400    -0.8594
			    0.1227    0.8980    -0.4225
		b:
			    -66.6427
			    362.8599
			    -291.4559
			    53.0287
			    238.5021
			    46.6642
			    388.8733
			    422.2757
			    -165.3353
			    -373.8733
			    -408.2757
			    183.3353
	==================================================================================
	Q5:
		Shape: Hybrid
		q_c:    280.0000    345.5000    402.5000
		ub :    284.1826    352.3926    409.9582
		lb :    275.8174    338.6074    395.0418
		P^-1: 
			    0.3854    -0.0106    -0.1441
			    -0.0106    0.0443    -0.0057
			    -0.1441    -0.0057    0.0919
		A:
			    -0.5009    0.5164    0.6946
			    0.9038    -0.3854    0.1861
			    0.8827    -0.2124    -0.4193
			    0.9761    0.0451    -0.2124
			    -0.8325    -0.1272    0.5392
			    0.7627    0.0009    -0.6468
		b:
			    321.1036
			    197.3299
			    6.0598
			    204.5148
			    -58.9156
			    -44.9832
	==================================================================================
	Q6:
		Shape: Ellipse
		q_c:    255.0000    362.5000    420.0000
		ub :    262.9217    370.6576    427.1438
		lb :    247.0783    354.3424    412.8562
		P^-1: 
			    0.0439    0.0042    -0.0049
			    0.0042    0.0213    0.0006
			    -0.0049    0.0006    0.0446


===========================================================================================
===========================================================================================
S5:
	q_c:    292.0000    227.0000    29.5000
	ub :    304.0000    237.0000    59.0000
	lb :    280.0000    217.0000    0.0000

	==================================================================================
	Q1:
		Shape: Polyhedra
		q_c:    289.5000    232.0000    36.0000
		ub :    294.9318    236.7641    42.3155
		lb :    284.0682    227.2359    29.6845
		A:
			    0.5961    -0.7204    0.3545
			    0.1134    0.9524    -0.2829
			    -0.7630    0.6462    0.0192
			    0.6606    0.7213    0.2081
			    0.8777    -0.2947    0.3779
			    -0.5019    0.7980    -0.3335
			    0.3340    0.5267    0.7817
			    -0.5778    0.7696    -0.2717
			    -0.7447    -0.3609    0.5614
			    -0.3340    -0.5267    -0.7817
			    0.5778    -0.7696    0.2717
			    0.7447    0.3609    -0.5614
		b:
			    19.2781
			    246.6994
			    -68.4031
			    370.5562
			    201.9139
			    28.9296
			    251.5248
			    2.4851
			    -274.6179
			    -242.5248
			    -0.4851
			    283.6179
	==================================================================================
	Q2:
		Shape: Hybrid
		q_c:    303.0000    225.0000    32.0000
		ub :    311.8461    233.4282    38.5862
		lb :    294.1539    216.5718    25.4138
		P^-1: 
			    0.0240    0.0092    -0.0012
			    0.0092    0.0438    -0.0037
			    -0.0012    -0.0037    0.0420
		A:
			    0.0457    -0.4182    0.9072
			    0.1292    0.8808    0.4555
			    -0.5221    -0.0358    0.8522
			    0.7053    0.5999    0.3777
			    -0.4786    -0.7534    -0.4509
			    0.7773    0.6275    -0.0453
		b:
			    -48.6433
			    254.6143
			    -135.8399
			    363.8185
			    -326.2924
			    378.2906
	==================================================================================
	Q3:
		Shape: Polyhedra
		q_c:    295.0000    227.0000    37.5000
		ub :    302.3588    233.7986    46.3179
		lb :    287.6412    220.2014    28.6821
		A:
			    0.6783    -0.7321    0.0620
			    -0.4460    0.8593    0.2503
			    -0.6832    0.7294    -0.0345
			    0.7467    0.5742    0.3359
			    -0.8415    0.5159    0.1603
			    0.8209    -0.5711    -0.0018
			    0.7232    0.4108    0.5552
			    -0.5846    0.7921    0.1756
			    -0.3676    -0.4515    0.8130
			    -0.7232    -0.4108    -0.5552
			    0.5846    -0.7921    -0.1756
			    0.3676    0.4515    -0.8130
		b:
			    38.6550
			    75.0143
			    -34.9235
			    368.3468
			    -122.3170
			    115.0692
			    332.4153
			    15.9250
			    -173.4593
			    -322.4153
			    -11.9250
			    187.4593
	==================================================================================
	Q4:
		Shape: Ellipse
		q_c:    288.5000    223.5000    39.0000
		ub :    293.0145    228.4763    42.6758
		lb :    283.9855    218.5237    35.3242
		P^-1: 
			    0.1545    0.0414    -0.1407
			    0.0414    0.0687    -0.0740
			    -0.1407    -0.0740    0.3522
	==================================================================================
	Q5:
		Shape: Ellipse
		q_c:    286.5000    216.5000    27.0000
		ub :    291.6297    221.8862    32.2526
		lb :    281.3703    211.1138    21.7474
		P^-1: 
			    0.1145    -0.0422    -0.0344
			    -0.0422    0.1208    -0.0319
			    -0.0344    -0.0319    0.1340
	==================================================================================
	Q6:
		Shape: Ellipse
		q_c:    286.0000    231.5000    22.5000
		ub :    292.6855    237.8099    28.9245
		lb :    279.3145    225.1901    16.0755
		P^-1: 
			    0.0574    -0.0086    0.0046
			    -0.0086    0.0442    -0.0017
			    0.0046    -0.0017    0.0339


===========================================================================================
===========================================================================================
S6:
	q_c:    379.5000    464.0000    391.0000
	ub :    405.0000    479.0000    421.0000
	lb :    354.0000    449.0000    361.0000

	==================================================================================
	Q1:
		Shape: Hybrid
		q_c:    370.5000    455.0000    401.5000
		ub :    380.7253    463.5467    410.7119
		lb :    360.2747    446.4533    392.2881
		P^-1: 
			    0.0354    0.0092    -0.0207
			    0.0092    0.0342    0.0059
			    -0.0207    0.0059    0.0467
		A:
			    -0.5483    -0.2644    0.7934
			    -0.8274    0.5515    0.1064
			    -0.4410    0.6816    0.5839
			    0.4812    0.8531    0.2018
			    0.4665    0.6999    0.5409
			    -0.6141    -0.6152    -0.4944
		b:
			    -2.6605
			    -7.7141
			    384.2262
			    650.4266
			    711.8061
			    -702.2057
	==================================================================================
	Q2:
		Shape: Polyhedra
		q_c:    373.5000    469.0000    384.0000
		ub :    385.2564    480.0907    395.1784
		lb :    361.7436    457.9093    372.8216
		A:
			    0.5690    -0.4588    0.6824
			    -0.0602    -0.5867    0.8076
			    -0.4798    -0.3589    0.8006
			    0.7380    -0.2753    -0.6161
			    0.5647    -0.2378    -0.7903
			    0.3170    -0.7863    -0.5303
			    0.4471    0.2135    0.8687
			    0.3489    -0.9358    0.0504
			    0.8237    0.2805    -0.4928
			    -0.4471    -0.2135    -0.8687
			    -0.3489    0.9358    -0.0504
			    -0.8237    -0.2805    0.4928
		b:
			    268.0043
			    20.1442
			    -33.4509
			    -83.3280
			    -196.9921
			    -445.9529
			    609.6598
			    -281.2362
			    255.9389
			    -591.6598
			    297.2362
			    -243.9389
	==================================================================================
	Q3:
		Shape: Hybrid
		q_c:    394.0000    463.5000    385.0000
		ub :    399.7902    469.6999    392.1688
		lb :    388.2098    457.3001    377.8312
		P^-1: 
			    0.1257    -0.0431    -0.0319
			    -0.0431    0.0819    0.0042
			    -0.0319    0.0042    0.0480
		A:
			    -0.7002    0.3794    0.6049
			    0.8136    0.4348    -0.3861
			    0.5314    -0.6012    0.5968
			    -0.6814    0.2237    0.6969
			    0.9417    -0.2757    -0.1929
			    0.4766    0.0085    -0.8791
		b:
			    134.6158
			    375.7978
			    163.3532
			    105.5322
			    170.3886
			    -143.9617
	==================================================================================
	Q4:
		Shape: Hybrid
		q_c:    367.0000    479.0000    388.0000
		ub :    376.1161    488.6961    395.2081
		lb :    357.8839    469.3039    380.7919
		P^-1: 
			    0.0334    0.0016    -0.0112
			    0.0016    0.0284    0.0123
			    -0.0112    0.0123    0.0542
		A:
			    0.4589    0.3697    -0.8079
			    0.9774    0.0524    0.2046
			    -0.8852    -0.4336    0.1686
			    0.5609    0.7848    -0.2637
			    -0.0291    0.1921    0.9809
			    0.6487    -0.5592    -0.5162
		b:
			    35.0343
			    467.1052
			    -463.7363
			    483.2382
			    464.2874
			    -227.0950
	==================================================================================
	Q5:
		Shape: Hybrid
		q_c:    369.0000    451.5000    402.5000
		ub :    379.0278    462.3454    411.9455
		lb :    358.9722    440.6546    393.0545
		P^-1: 
			    0.0495    0.0083    0.0286
			    0.0083    0.0200    -0.0069
			    0.0286    -0.0069    0.0562
		A:
			    0.1115    -0.4593    0.8813
			    -0.7668    -0.6404    -0.0424
			    -0.1765    -0.5646    0.8063
			    -0.8155    0.2086    -0.5398
			    0.7216    0.5360    0.4381
			    -0.0690    0.6453    -0.7608
		b:
			    191.2729
			    -585.8398
			    7.8330
			    -421.2165
			    687.5928
			    -36.9825
	==================================================================================
	Q6:
		Shape: Ellipse
		q_c:    368.0000    452.5000    393.5000
		ub :    376.6278    461.0959    399.3200
		lb :    359.3722    443.9041    387.6800
		P^-1: 
			    0.0430    0.0202    0.0103
			    0.0202    0.0448    0.0124
			    0.0103    0.0124    0.0669


===========================================================================================
===========================================================================================
S7:
	q_c:    394.0000    456.0000    100.0000
	ub :    416.0000    466.0000    115.0000
	lb :    372.0000    446.0000    85.0000

	==================================================================================
	Q1:
		Shape: Polyhedra
		q_c:    402.5000    459.0000    97.5000
		ub :    410.5232    466.8303    104.5923
		lb :    394.4768    451.1697    90.4077
		A:
			    -0.7500    0.5855    0.3076
			    0.8907    0.4525    -0.0437
			    -0.7963    -0.6037    0.0390
			    0.0613    -0.7474    -0.6615
			    -0.2815    -0.1294    -0.9508
			    0.9616    0.2732    0.0258
			    0.2796    0.6797    0.6781
			    0.5238    0.4839    -0.7010
			    -0.8047    0.5512    -0.2207
			    -0.2796    -0.6797    -0.6781
			    -0.5238    -0.4839    0.7010
			    0.8047    -0.5512    0.2207
		b:
			    2.0443
			    566.6998
			    -589.2315
			    -379.1331
			    -261.2604
			    519.8846
			    494.1409
			    369.5970
			    -86.8797
			    -487.1409
			    -359.5970
			    97.8797
	==================================================================================
	Q2:
		Shape: Ellipse
		q_c:    402.5000    462.5000    99.0000
		ub :    405.1715    464.1567    103.8312
		lb :    399.8285    460.8433    94.1688
		P^-1: 
			    0.4182    -0.0388    0.0957
			    -0.0388    0.9794    0.1327
			    0.0957    0.1327    0.0962
	==================================================================================
	Q3:
		Shape: Ellipse
		q_c:    399.5000    463.5000    100.5000
		ub :    406.8005    471.3272    107.6461
		lb :    392.1995    455.6728    93.3539
		P^-1: 
			    0.0691    -0.0167    -0.0170
			    -0.0167    0.0593    -0.0227
			    -0.0170    -0.0227    0.0585
	==================================================================================
	Q4:
		Shape: Ellipse
		q_c:    399.5000    446.5000    97.0000
		ub :    402.6847    452.3491    102.9389
		lb :    396.3153    440.6509    91.0611
		P^-1: 
			    0.3759    0.1256    0.0756
			    0.1256    0.1102    0.0355
			    0.0756    0.0355    0.0702
	==================================================================================
	Q5:
		Shape: Polyhedra
		q_c:    387.0000    447.0000    109.5000
		ub :    395.4646    455.1908    114.9309
		lb :    378.5354    438.8092    104.0691
		A:
			    -0.0500    -0.1863    0.9812
			    -0.6834    -0.0450    0.7286
			    -0.5783    -0.7198    0.3839
			    0.1043    0.7621    -0.6390
			    0.5229    0.7852    -0.3318
			    -0.0398    0.9913    0.1257
			    0.3797    0.7640    0.5216
			    0.2748    0.4452    -0.8522
			    -0.8834    0.4669    -0.0409
			    -0.3797    -0.7640    -0.5216
			    -0.2748    -0.4452    0.8522
			    0.8834    -0.4669    0.0409
		b:
			    8.1734
			    -200.4524
			    -499.6565
			    314.6562
			    520.9176
			    446.6862
			    550.5740
			    215.0664
			    -131.1412
			    -540.5740
			    -209.0664
			    144.1412
	==================================================================================
	Q6:
		Shape: Hybrid
		q_c:    401.0000    465.0000    96.5000
		ub :    404.8125    469.9031    101.8299
		lb :    397.1875    460.0969    91.1701
		P^-1: 
			    0.6198    0.3925    0.2271
			    0.3925    0.3527    0.1750
			    0.2271    0.1750    0.1716
		A:
			    -0.4786    -0.7488    -0.4584
			    -0.7337    -0.5104    -0.4485
			    0.6208    0.4156    0.6648
			    -0.8616    0.0871    -0.5001
			    -0.5914    -0.1349    -0.7950
			    -0.9517    -0.1669    -0.2578
		b:
			    -583.2842
			    -574.2247
			    507.5371
			    -351.1537
			    -374.5658
			    -482.8005


===========================================================================================
===========================================================================================
S8:
	q_c:    308.0000    78.0000    234.5000
	ub :    319.0000    102.0000    254.0000
	lb :    297.0000    54.0000    215.0000

	==================================================================================
	Q1:
		Shape: Hybrid
		q_c:    316.5000    80.0000    239.0000
		ub :    325.5560    87.2944    247.8433
		lb :    307.4440    72.7056    230.1567
		P^-1: 
			    0.0317    0.0194    0.0119
			    0.0194    0.0666    0.0132
			    0.0119    0.0132    0.0368
		A:
			    0.2878    -0.9260    -0.2445
			    -0.0809    -0.5991    -0.7966
			    0.0412    0.8581    0.5118
			    -0.6748    -0.7279    -0.1212
			    0.6886    0.2193    0.6912
			    0.0065    0.9995    -0.0315
		b:
			    -38.0250
			    -261.0371
			    206.4914
			    -298.4247
			    403.6470
			    77.0471
	==================================================================================
	Q2:
		Shape: Hybrid
		q_c:    301.5000    73.5000    232.0000
		ub :    307.7876    78.2934    239.5838
		lb :    295.2124    68.7066    224.4162
		P^-1: 
			    0.0361    -0.0117    0.0003
			    -0.0117    0.0786    -0.0004
			    0.0003    -0.0004    0.0178
		A:
			    0.7466    0.6317    0.2088
			    -0.0589    -0.6286    -0.7755
			    0.3155    0.8872    -0.3367
			    0.6611    -0.4063    0.6308
			    -0.2645    0.9420    0.2066
			    -0.6410    0.7584    0.1178
		b:
			    323.5116
			    -239.3295
			    85.1819
			    319.9222
			    39.4435
			    -107.8850
	==================================================================================
	Q3:
		Shape: Ellipse
		q_c:    301.5000    83.5000    242.5000
		ub :    305.8318    88.1030    246.6466
		lb :    297.1682    78.8970    238.3534
		P^-1: 
			    0.1471    -0.0138    0.0165
			    -0.0138    0.1452    0.0177
			    0.0165    0.0177    0.1389
	==================================================================================
	Q4:
		Shape: Hybrid
		q_c:    303.5000    84.5000    243.5000
		ub :    307.7972    90.7653    250.0468
		lb :    299.2028    78.2347    236.9532
		P^-1: 
			    0.1306    -0.0603    -0.0474
			    -0.0603    0.1301    0.0828
			    -0.0474    0.0828    0.1040
		A:
			    0.6430    -0.7604    -0.0918
			    0.4025    -0.8136    -0.4196
			    -0.6170    -0.7868    -0.0117
			    -0.7497    0.5733    0.3306
			    -0.0877    -0.1528    -0.9844
			    -0.5257    0.7389    0.4214
		b:
			    110.5025
			    -47.4673
			    -253.4488
			    -97.3539
			    -276.1535
			    6.6432
	==================================================================================
	Q5:
		Shape: Hybrid
		q_c:    307.5000    71.0000    245.0000
		ub :    311.7456    78.8343    252.8062
		lb :    303.2544    63.1657    237.1938
		P^-1: 
			    0.0810    -0.0055    -0.0009
			    -0.0055    0.0328    0.0021
			    -0.0009    0.0021    0.0287
		A:
			    0.3434    -0.3995    0.8500
			    -0.9578    -0.1740    -0.2286
			    0.7971    0.3434    -0.4967
			    -0.8990    -0.2129    -0.3827
			    0.9046    0.3898    0.1722
			    -0.8944    0.1733    0.4124
		b:
			    289.4417
			    -360.7997
			    150.7229
			    -382.9157
			    350.4524
			    -159.4632
	==================================================================================
	Q6:
		Shape: Polyhedra
		q_c:    298.0000    80.5000    234.5000
		ub :    302.1306    84.3656    238.2942
		lb :    293.8694    76.6344    230.7058
		A:
			    -0.3828    0.1060    0.9177
			    0.4294    -0.8756    0.2211
			    0.1518    0.1143    -0.9818
			    0.4882    -0.7319    -0.4754
			    -0.5345    0.8285    0.1668
			    0.5189    0.3098    0.7967
			    0.0215    0.8683    0.4956
			    -0.0273    0.4960    -0.8679
			    -0.9994    0.0052    0.0344
			    -0.0215    -0.8683    -0.4956
			    0.0273    -0.4960    0.8679
			    0.9994    -0.0052    -0.0344
		b:
			    112.6145
			    112.3438
			    -173.1426
			    -21.6207
			    -50.1667
			    369.5468
			    195.5364
			    -169.2293
			    -285.3324
			    -189.5364
			    174.2293
			    293.3324


===========================================================================================
===========================================================================================
S9:
	q_c:    181.0000    127.5000    110.5000
	ub :    208.0000    138.0000    131.0000
	lb :    154.0000    117.0000    90.0000

	==================================================================================
	Q1:
		Shape: Polyhedra
		q_c:    173.0000    122.0000    120.5000
		ub :    179.0047    128.0129    127.2171
		lb :    166.9953    115.9871    113.7829
		A:
			    -0.2832    0.9568    -0.0656
			    -0.7996    -0.2079    -0.5635
			    -0.7316    0.0523    -0.6797
			    0.1929    0.4433    0.8754
			    0.5272    -0.6757    -0.5153
			    0.6706    0.7296    0.1339
			    0.2680    0.8998    0.3444
			    -0.2756    0.4141    -0.8675
			    -0.9232    0.1376    0.3589
			    -0.2680    -0.8998    -0.3444
			    0.2756    -0.4141    0.8675
			    0.9232    -0.1376    -0.3589
		b:
			    63.9713
			    -227.3843
			    -197.7514
			    197.1491
			    -49.3239
			    225.1685
			    201.6326
			    -97.1855
			    -95.6728
			    -193.6326
			    106.1855
			    103.6728
	==================================================================================
	Q2:
		Shape: Hybrid
		q_c:    189.5000    129.5000    109.5000
		ub :    194.6153    136.2190    116.2083
		lb :    184.3847    122.7810    102.7917
		P^-1: 
			    0.1268    0.0383    0.0274
			    0.0383    0.0669    0.0263
			    0.0274    0.0263    0.0687
		A:
			    -0.8734    0.1322    -0.4686
			    0.2094    -0.7653    -0.6086
			    -0.9431    0.1142    -0.3124
			    0.9370    -0.0659    0.3431
			    0.0162    0.7905    0.6123
			    0.4762    0.5181    -0.7105
		b:
			    -197.5304
			    -123.4140
			    -196.0848
			    208.5401
			    174.8747
			    82.7233
	==================================================================================
	Q3:
		Shape: Polyhedra
		q_c:    183.0000    125.0000    109.0000
		ub :    189.0416    131.3787    114.6352
		lb :    176.9584    118.6213    103.3648
		A:
			    0.6194    -0.0466    -0.7837
			    0.4036    -0.4182    -0.8137
			    -0.0061    0.9807    0.1954
			    0.1850    -0.7674    0.6140
			    -0.8895    -0.0165    0.4566
			    -0.4483    0.7428    -0.4973
			    0.3089    0.8161    0.4885
			    -0.0956    0.5377    -0.8377
			    -0.9463    0.2120    0.2441
			    -0.3089    -0.8161    -0.4885
			    0.0956    -0.5377    0.8377
			    0.9463    -0.2120    -0.2441
		b:
			    26.0985
			    -62.6937
			    147.4746
			    7.6966
			    -110.7158
			    -40.2042
			    216.7764
			    -39.0998
			    -115.5633
			    -206.7764
			    44.0998
			    124.5633
	==================================================================================
	Q4:
		Shape: Hybrid
		q_c:    183.5000    118.5000    118.0000
		ub :    188.9480    124.1645    123.4848
		lb :    178.0520    112.8355    112.5152
		P^-1: 
			    0.0971    -0.0139    -0.0047
			    -0.0139    0.0942    0.0043
			    -0.0047    0.0043    0.0831
		A:
			    -0.1993    0.0540    0.9784
			    0.8507    0.5065    -0.1406
			    0.5336    -0.4253    0.7310
			    0.0298    0.1297    -0.9911
			    0.8504    0.4175    0.3202
			    0.6102    -0.6405    0.4663
		b:
			    87.2094
			    201.4807
			    135.6668
			    -94.1191
			    245.2728
			    92.8022
	==================================================================================
	Q5:
		Shape: Ellipse
		q_c:    175.0000    128.5000    111.0000
		ub :    179.3203    134.8252    115.3761
		lb :    170.6797    122.1748    106.6239
		P^-1: 
			    0.6845    0.1905    -0.3969
			    0.1905    0.0966    -0.0897
			    -0.3969    -0.0897    0.3631
	==================================================================================
	Q6:
		Shape: Hybrid
		q_c:    183.0000    117.5000    113.0000
		ub :    188.9688    122.7089    118.8663
		lb :    177.0312    112.2911    107.1337
		P^-1: 
			    0.0738    0.0042    0.0168
			    0.0042    0.0916    0.0142
			    0.0168    0.0142    0.0899
		A:
			    0.7814    -0.4701    -0.4103
			    0.3724    0.8434    -0.3873
			    -0.7082    0.6986    -0.1019
			    -0.1037    0.0576    0.9929
			    0.7358    -0.0234    0.6768
			    0.5498    0.7127    0.4357
		b:
			    43.6691
			    125.6588
			    -56.9576
			    101.9833
			    210.1297
			    235.2019


===========================================================================================
===========================================================================================
S10:
	q_c:    216.5000    189.5000    395.0000
	ub :    224.0000    203.0000    408.0000
	lb :    209.0000    176.0000    382.0000

	==================================================================================
	Q1:
		Shape: Hybrid
		q_c:    220.0000    189.5000    397.0000
		ub :    225.6745    195.2904    402.4676
		lb :    214.3255    183.7096    391.5324
		P^-1: 
			    0.0694    0.0036    0.0103
			    0.0036    0.0873    -0.0162
			    0.0103    -0.0162    0.0986
		A:
			    0.1151    0.5680    -0.8149
			    0.5869    0.3662    -0.7221
			    -0.7913    0.5775    0.2010
			    0.6407    0.2150    0.7371
			    0.6513    0.0830    0.7542
			    0.8692    0.4920    -0.0499
		b:
			    -189.0037
			    -86.1695
			    17.6015
			    476.1530
			    460.2595
			    266.7907
	==================================================================================
	Q2:
		Shape: Polyhedra
		q_c:    210.5000    195.5000    389.0000
		ub :    215.3474    201.9251    395.5875
		lb :    205.6526    189.0749    382.4125
		A:
			    0.6382    0.7034    0.3130
			    0.3945    -0.9003    0.1837
			    -0.8898    0.3561    -0.2853
			    -0.6048    0.7628    0.2289
			    -0.3888    0.8513    0.3523
			    -0.6911    -0.1456    -0.7079
			    0.0721    0.7155    0.6949
			    -0.8040    0.4540    -0.3840
			    -0.5902    -0.5311    0.6080
			    -0.0721    -0.7155    -0.6949
			    0.8040    -0.4540    0.3840
			    0.5902    0.5311    -0.6080
		b:
			    397.8076
			    -18.4249
			    -226.5571
			    113.9439
			    225.1233
			    -446.3194
			    429.3724
			    -227.8664
			    13.4412
			    -421.3724
			    231.8664
			    -3.4412
	==================================================================================
	Q3:
		Shape: Ellipse
		q_c:    217.0000    187.5000    393.0000
		ub :    220.8149    192.3886    397.9412
		lb :    213.1851    182.6114    388.0588
		P^-1: 
			    0.1929    -0.0234    -0.0427
			    -0.0234    0.1585    0.0716
			    -0.0427    0.0716    0.1211
	==================================================================================
	Q4:
		Shape: Ellipse
		q_c:    214.5000    186.5000    396.5000
		ub :    220.6789    192.8700    402.0703
		lb :    208.3211    180.1300    390.9297
		P^-1: 
			    0.0724    -0.0095    -0.0008
			    -0.0095    0.0717    0.0007
			    -0.0008    0.0007    0.0626
	==================================================================================
	Q5:
		Shape: Hybrid
		q_c:    223.5000    196.5000    400.0000
		ub :    227.6499    201.4386    404.2449
		lb :    219.3501    191.5614    395.7551
		P^-1: 
			    0.5201    0.2198    0.4104
			    0.2198    0.1855    0.1715
			    0.4104    0.1715    0.4680
		A:
			    0.3242    -0.0158    0.9459
			    0.6746    0.0781    0.7340
			    -0.7238    -0.6545    -0.2184
			    -0.3982    0.9112    -0.1056
			    -0.2663    -0.3555    -0.8959
			    -0.8331    -0.2831    -0.4752
		b:
			    449.1301
			    460.5044
			    -376.4875
			    50.9502
			    -486.2247
			    -431.1174
	==================================================================================
	Q6:
		Shape: Ellipse
		q_c:    216.5000    192.0000    398.5000
		ub :    221.7209    198.0040    405.0837
		lb :    211.2791    185.9960    391.9163
		P^-1: 
			    0.1245    -0.0363    -0.0403
			    -0.0363    0.0867    -0.0014
			    -0.0403    -0.0014    0.0704


===========================================================================================
===========================================================================================
S11:
	q_c:    382.5000    219.5000    313.5000
	ub :    389.0000    229.0000    323.0000
	lb :    376.0000    210.0000    304.0000

	==================================================================================
	Q1:
		Shape: Ellipse
		q_c:    384.0000    216.5000    314.0000
		ub :    388.0277    220.5354    317.0054
		lb :    379.9723    212.4646    310.9946
		P^-1: 
			    0.1948    0.0074    -0.1130
			    0.0074    0.1318    0.0401
			    -0.1130    0.0401    0.3889
	==================================================================================
	Q2:
