3D_35_7_6_e                l = 3

===========================================================================================
===========================================================================================
S1:
	q_c:	78.5	127.5	210.5
	ub :	94.8139	146.1614	230.5734
	lb :	64.8862	108.8584	194.7802

	==================================================================================
	Q1:
		Shape: Hybrid
		q_c:	77.5	117.0	218.0
		ub :	85.2877	125.1416	224.7336
		lb :	69.7123	108.8584	211.2664
		P^-1:
			0.0636	-0.0237	-0.0147
			-0.0237	0.0504	-0.0193
			-0.0147	-0.0193	0.0697
		A:
			0.5817	-0.7273	-0.3642
			0.2481	-0.6101	0.7525
			-0.5629	0.796	0.2227
			-0.6774	-0.4037	0.615
			-0.731	0.3058	-0.61
			-0.5895	0.638	0.4954
		b:
			-117.0195
			113.6501
			100.4423
			36.8014
			-151.1717
			139.32
	==================================================================================
	Q2:
		Shape: Hybrid
		q_c:	77.5	133.5	221.0
		ub :	80.7665	136.6817	228.7544
		lb :	74.2335	130.3183	213.2456
		P^-1:
			0.7302	-0.4038	0.0713
			-0.4038	0.3737	-0.0384
			0.0713	-0.0384	0.0249
		A:
			0.7717	-0.6317	0.0731
			0.9617	-0.2139	0.1713
			-0.9694	0.1945	-0.1498
			-0.9822	0.1492	-0.1144
			-0.9992	-0.0079	0.0403
			-0.7284	0.684	0.0399
		b:
			-7.8219
			84.8348
			-81.2874
			-80.4342
			-67.9503
			44.5563
	==================================================================================
	Q3:
		Shape: Hybrid
		q_c:	73.0	128.5	204.5
		ub :	81.1138	133.4988	210.7625
		lb :	64.8862	123.5012	198.2375
		P^-1:
			0.0231	0.0121	0.0032
			0.0121	0.1059	-0.0149
			0.0032	-0.0149	0.0519
		A:
			-0.1343	-0.6851	0.7159
			0.2409	-0.6867	-0.6859
			-0.569	-0.5899	0.573
			0.6731	0.739	-0.027
			0.2613	0.9524	-0.1572
			0.7998	0.3949	0.4522
		b:
			50.6329
			-207.4971
			3.0668
			141.6818
			110.9307
			205.5676
	==================================================================================
	Q4:
		Shape: Hybrid
		q_c:	84.5	130.5	220.5
		ub :	92.6969	136.1913	227.7181
		lb :	76.3031	124.8087	213.2819
		P^-1:
			0.0441	0.009	0.0384
			0.009	0.0447	0.0152
			0.0384	0.0152	0.0827
		A:
			0.2627	-0.9306	0.2548
			0.7506	0.5881	0.3013
			-0.6068	-0.471	-0.6403
			-0.6869	-0.1602	-0.7089
			-0.819	0.5185	-0.2459
			0.6144	0.788	-0.0386
		b:
			-39.5568
			209.673
			-252.0724
			-233.4556
			-51.8956
			150.1025
	==================================================================================
	Q5:
		Shape: Ellipse
		q_c:	90.5	125.0	203.5
		ub :	94.8139	132.6661	212.2198
		lb :	86.1861	117.3339	194.7802
		P^-1:
			0.1094	0.0089	0.0077
			0.0089	0.0635	-0.0294
			0.0077	-0.0294	0.0355
	==================================================================================
	Q6:
		Shape: Hybrid
		q_c:	82.0	137.0	222.5
		ub :	88.5325	146.1614	230.5734
		lb :	75.4675	127.8386	214.4266
		P^-1:
			0.0392	-0.0033	0.0013
			-0.0033	0.0262	0.0035
			0.0013	0.0035	0.0313
		A:
			-0.0238	-0.3385	-0.9407
			0.0135	-0.5933	-0.8048
			-0.8473	-0.4589	0.2674
			-0.826	-0.5601	0.0623
			0.6854	0.0931	-0.7222
			-0.4561	0.2675	-0.8488
		b:
			-254.6102
			-256.229
			-69.571
			-127.3192
			-88.5806
			-186.4677


===========================================================================================
===========================================================================================
S2:
	q_c:	46.5	98.5	252.5
	ub :	52.3022	112.0739	274.6572
	lb :	26.1636	75.0508	235.207

	==================================================================================
	Q1:
		Shape: Hybrid
		q_c:	40.5	104.5	246.0
		ub :	49.1637	112.0739	253.1545
		lb :	31.8363	96.9261	238.8455
		P^-1:
			0.0369	0.0113	0.0192
			0.0113	0.0596	-0.0149
			0.0192	-0.0149	0.0681
		A:
			-0.2987	-0.8338	0.4643
			0.1862	-0.5958	-0.7813
			-0.8459	-0.4458	-0.2928
			-0.2853	-0.8171	-0.5009
			-0.8523	-0.1123	0.5109
			0.0076	-0.8993	0.4374
		b:
			17.0631
			-242.8682
			-150.139
			-217.5132
			84.0271
			16.0105
	==================================================================================
	Q2:
		Shape: Hybrid
		q_c:	45.0	94.5	266.0
		ub :	50.3587	99.5819	269.9867
		lb :	39.6413	89.4181	262.0133
		P^-1:
			0.1253	-0.0377	-0.063
			-0.0377	0.1221	-0.0459
			-0.063	-0.0459	0.212
		A:
			0.6276	-0.1495	-0.764
			0.2892	0.7126	-0.6392
			-0.2296	0.8955	-0.3812
			0.3187	-0.1647	-0.9335
			0.9047	-0.3482	0.2453
			-0.4438	-0.4747	0.7601
		b:
			-188.0068
			-88.1388
			-25.5503
			-248.1723
			75.1512
			138.6121
	==================================================================================
	Q3:
		Shape: Ellipse
		q_c:	38.5	98.0	265.0
		ub :	47.5292	104.824	274.6572
		lb :	29.4708	91.176	255.3428
		P^-1:
			0.0345	-0.0029	-0.0172
			-0.0029	0.0731	-0.0185
			-0.0172	-0.0185	0.0391
	==================================================================================
	Q4:
		Shape: Polyhedra
		q_c:	46.0	94.5	259.5
		ub :	52.3022	101.4594	268.7485
		lb :	39.6978	87.5406	250.2515
		A:
			0.9268	0.3576	0.1152
			0.8007	0.5176	0.3017
			-0.9474	0.229	0.2237
			0.5229	0.7739	-0.3574
			-0.6402	-0.0424	0.767
			0.082	0.9828	-0.1654
			0.584	0.7877	0.196
			0.7831	-0.4832	-0.3916
			-0.2137	0.3822	-0.899
			-0.584	-0.7877	-0.196
			-0.7831	0.4832	0.3916
			0.2137	-0.3822	0.899
		b:
			109.5361
			167.2484
			40.0293
			9.0397
			171.1419
			58.4507
			154.6727
			-107.2466
			-199.0125
			-149.6727
			115.2466
			215.0125
	==================================================================================
	Q5:
		Shape: Ellipse
		q_c:	33.0	82.0	240.0
		ub :	39.8364	88.9492	244.793
		lb :	26.1636	75.0508	235.207
		P^-1:
			0.1358	-0.0682	-0.1553
			-0.0682	0.1031	0.1255
			-0.1553	0.1255	0.288
	==================================================================================
	Q6:
		Shape: Hybrid
		q_c:	39.5	93.0	243.5
		ub :	43.6128	96.6605	249.6374
		lb :	35.3872	89.3395	237.3626
		P^-1:
			0.3839	0.4206	0.1002
			0.4206	0.6669	0.1378
			0.1002	0.1378	0.0586
		A:
			0.3838	0.898	0.2153
			-0.7257	-0.6839	0.0757
			-0.319	-0.8318	-0.4542
			0.3774	0.9247	-0.05
			0.595	0.8023	0.0483
			-0.0909	0.978	-0.188
		b:
			151.8568
			-72.4263
			-198.9041
			90.0513
			110.6398
			44.0982


===========================================================================================
===========================================================================================
S3:
	q_c:	137.5	28.0	353.5
	ub :	146.9755	40.923	368.7414
	lb :	126.4683	18.4693	342.8676

	==================================================================================
	Q1:
		Shape: Ellipse
		q_c:	131.5	24.5	352.5
		ub :	136.5317	28.725	356.9558
		lb :	126.4683	20.275	348.0442
		P^-1:
			0.1172	0.0644	0.0697
			0.0644	0.2188	-0.0338
			0.0697	-0.0338	0.2134
	==================================================================================
	Q2:
		Shape: Hybrid
		q_c:	135.5	27.5	347.5
		ub :	140.0872	31.7118	352.1324
		lb :	130.9128	23.2882	342.8676
		P^-1:
			0.151	0.1479	0.1411
			0.1479	0.6215	0.4311
			0.1411	0.4311	0.388
		A:
			-0.8193	0.1189	0.5609
			0.4746	0.6598	0.5825
			-0.9142	0.2211	0.3397
			0.0871	-0.9869	-0.1357
			-0.9815	-0.1742	0.079
			-0.4927	-0.6913	-0.5286
		b:
			90.3855
			285.6392
			3.1517
			-60.755
			-107.4882
			-268.6267
	==================================================================================
	Q3:
		Shape: Polyhedra
		q_c:	135.0	29.0	353.0
		ub :	140.2826	33.8592	359.1288
		lb :	129.7174	24.1408	346.8712
		A:
			0.414	0.9073	0.0742
			-0.8258	-0.5361	-0.1754
			0.8535	-0.2342	-0.4656
			0.6518	0.7386	-0.1722
			0.4261	0.8063	-0.4104
			0.3446	0.9354	0.0788
			0.7053	0.7039	0.0841
			0.2469	-0.1326	-0.9599
			-0.6645	0.6978	-0.2673
			-0.7053	-0.7039	-0.0841
			-0.2469	0.1326	0.9599
			0.6645	-0.6978	0.2673
		b:
			110.5098
			-187.1713
			-51.4937
			50.5432
			-61.0414
			103.7968
			146.8344
			-304.3732
			-159.3327
			-143.8344
			314.3732
			168.3327
	==================================================================================
	Q4:
		Shape: Polyhedra
		q_c:	135.5	35.0	356.5
		ub :	138.332	40.923	362.7602
		lb :	132.668	29.077	350.2398
		A:
			0.776	-0.6093	-0.1633
			-0.7982	0.5213	0.3018
			0.7529	-0.6574	0.0312
			-0.8541	0.4426	0.2733
			-0.9583	0.2836	0.0345
			-0.8128	0.47	0.3442
			0.3985	0.8264	0.3978
			-0.0646	0.4579	-0.8866
			-0.9149	0.3276	0.2359
			-0.3985	-0.8264	-0.3978
			0.0646	-0.4579	0.8866
			0.9149	-0.3276	-0.2359
		b:
			27.2754
			19.049
			92.4311
			-1.6921
			-106.236
			30.2939
			228.7344
			-303.8126
			-27.4026
			-220.7344
			313.8126
			29.4026
	==================================================================================
	Q5:
		Shape: Ellipse
		q_c:	137.5	27.0	363.0
		ub :	144.0568	33.2913	368.7414
		lb :	130.9432	20.7087	357.2586
		P^-1:
			0.0666	-0.002	-0.0076
			-0.002	0.0635	0.0037
			-0.0076	0.0037	0.0766
	==================================================================================
	Q6:
		Shape: Ellipse
		q_c:	143.0	22.0	356.5
		ub :	146.9755	25.5307	360.4042
		lb :	139.0245	18.4693	352.5958
		P^-1:
			0.1981	-0.046	0.0245
			-0.046	0.2038	-0.0038
			0.0245	-0.0038	0.1192


===========================================================================================
===========================================================================================
S4:
	q_c:	384.5	261.5	200.0
	ub :	395.9644	272.809	211.689
	lb :	376.9119	250.8855	186.8298

	==================================================================================
	Q1:
		Shape: Hybrid
		q_c:	381.0	267.0	205.5
		ub :	385.0881	272.809	211.689
		lb :	376.9119	261.191	199.311
		P^-1:
			0.1474	-0.0174	-0.0303
			-0.0174	0.0722	-0.0104
			-0.0303	-0.0104	0.0714
		A:
			-0.8479	0.4633	-0.2578
			0.9564	0.2275	-0.183
			-0.4954	0.4694	-0.731
			-0.7051	0.6494	0.2847
			0.9984	0.0264	0.0505
			0.0139	-0.9761	-0.2168
		b:
			-250.5873
			389.1198
			-211.264
			-35.0148
			399.4436
			-297.0966
	==================================================================================
	Q2:
		Shape: Hybrid
		q_c:	383.5	262.0	191.5
		ub :	387.1479	266.3642	196.1702
		lb :	379.8521	257.6358	186.8298
		P^-1:
			0.1554	-0.0068	-0.0146
			-0.0068	0.1095	0.0108
			-0.0146	0.0108	0.0878
		A:
			-0.4215	-0.2626	0.868
			0.719	-0.6949	-0.0155
			0.4759	-0.7393	0.4763
			-0.8501	-0.5263	0.0195
			0.6868	0.5718	-0.4487
			-0.7028	0.6198	-0.3492
		b:
			-62.2547
			92.1841
			81.9804
			-458.6571
			328.9436
			-172.2487
	==================================================================================
	Q3:
		Shape: Ellipse
		q_c:	386.0	261.5	196.5
		ub :	391.8698	267.1174	200.8841
		lb :	380.1302	255.8826	192.1159
		P^-1:
			0.0896	-0.0046	-0.0369
			-0.0046	0.0842	0.0255
			-0.0369	0.0255	0.1304
	==================================================================================
	Q4:
		Shape: Polyhedra
		q_c:	382.5	266.5	197.0
		ub :	387.8173	272.2996	202.1065
		lb :	377.1827	260.7004	191.8935
		A:
			-0.6472	-0.1998	0.7357
			0.5691	-0.8045	0.1698
			-0.6919	-0.2126	0.69
			-0.0624	0.2337	-0.9703
			0.8849	0.2033	-0.4192
			-0.1835	-0.283	-0.9414
			0.7875	0.5944	0.1627
			-0.2147	0.512	-0.8317
			-0.5777	0.6201	0.5308
			-0.7875	-0.5944	-0.1627
			0.2147	-0.512	0.8317
			0.5777	-0.6201	-0.5308
		b:
			-152.411
			40.3011
			-181.9431
			-149.5981
			313.4554
			-327.6963
			494.6895
			-106.5101
			52.8521
			-488.6895
			112.5101
			-44.8521
	==================================================================================
	Q5:
		Shape: Hybrid
		q_c:	392.0	255.0	193.0
		ub :	395.9644	259.1145	195.7987
		lb :	388.0356	250.8855	190.2013
		P^-1:
			0.2455	-0.1768	0.0717
			-0.1768	0.2873	0.0637
			0.0717	0.0637	0.4186
		A:
			0.1108	-0.0956	0.9892
			-0.1232	-0.877	-0.4645
			0.7157	-0.4453	-0.538
			0.0766	0.7315	0.6775
			-0.2743	-0.3643	-0.89
			0.6936	-0.5144	-0.5042
		b:
			210.9548
			-359.8589
			64.4656
			348.5698
			-371.272
			44.5436
	==================================================================================
	Q6:
		Shape: Hybrid
		q_c:	386.0	263.0	195.5
		ub :	389.5736	266.3371	199.0943
		lb :	382.4264	259.6629	191.9057
		P^-1:
			0.2956	0.1389	0.0298
			0.1389	0.3023	0.0305
			0.0298	0.0305	0.1666
		A:
			-0.9578	0.1492	0.2457
			0.5645	0.8071	-0.173
			0.8464	-0.5317	-0.0278
			0.8706	0.378	-0.3149
			0.9427	0.2682	-0.1986
			-0.7332	-0.5382	-0.4156
		b:
			-280.9031
			397.2667
			183.1677
			375.0268
			396.7259
			-504.9461


===========================================================================================
===========================================================================================
S5:
	q_c:	393.5	256.5	69.5
	ub :	417.0362	275.6475	94.3723
	lb :	367.3146	238.266	40.9382

	==================================================================================
	Q1:
		Shape: Hybrid
		q_c:	387.5	259.0	50.0
		ub :	399.2011	268.2355	59.0618
		lb :	375.7989	249.7645	40.9382
		P^-1:
			0.0119	0.0013	0.0026
			0.0013	0.0202	-0.0007
			0.0026	-0.0007	0.0231
		A:
			0.4193	0.3071	-0.8543
			-0.2593	-0.1444	-0.9549
			-0.2163	0.5088	-0.8333
			-0.5671	-0.5742	0.5906
			0.714	0.2581	0.6508
			-0.3702	0.373	0.8508
		b:
			203.6151
			-182.3438
			9.6917
			-334.3595
			380.2996
			0.2233
	==================================================================================
	Q2:
		Shape: Hybrid
		q_c:	393.5	256.0	73.0
		ub :	401.1933	264.3579	81.5237
		lb :	385.8067	247.6421	64.4763
		P^-1:
			0.0422	0.0193	0.002
			0.0193	0.0436	0.0031
			0.002	0.0031	0.0182
		A:
			-0.1602	0.8563	-0.491
			0.8689	0.2656	0.4178
			-0.0746	0.9939	-0.0808
			-0.9859	-0.1453	0.0828
			0.3716	0.8392	-0.397
			-0.3844	-0.7836	-0.4882
		b:
			124.7988
			443.5452
			222.8328
			-415.9699
			335.3447
			-384.524
	==================================================================================
	Q3:
		Shape: Polyhedra
		q_c:	407.0	265.5	59.5
		ub :	417.0362	275.6475	68.9084
		lb :	396.9638	255.3525	50.0916
		A:
			0.0784	0.6881	0.7214
			0.4377	0.7447	0.5038
			0.627	0.7686	0.1271
			0.6457	-0.0976	0.7573
			0.2246	0.5781	-0.7844
			-0.3417	-0.9203	-0.1905
			0.6221	0.628	0.4675
			0.7829	-0.4945	-0.3776
			-0.006	0.6009	-0.7993
			-0.6221	-0.628	-0.4675
			-0.7829	0.4945	0.3776
			0.006	-0.6009	0.7993
		b:
			263.7991
			409.8949
			470.5816
			286.8712
			203.4444
			-390.2679
			451.2682
			174.8773
			114.5381
			-444.2682
			-154.8773
			-104.5381
	==================================================================================
	Q4:
		Shape: Hybrid
		q_c:	399.5	250.5	85.0
		ub :	411.454	262.734	94.3723
		lb :	387.546	238.266	75.6277
		P^-1:
			0.0291	0.0068	0.0209
			0.0068	0.0171	0.0085
			0.0209	0.0085	0.0458
		A:
			-0.0209	-0.2166	-0.976
			0.9311	0.1255	0.3424
			-0.6418	0.007	0.7669
			-0.4939	0.8604	-0.1259
			0.4251	0.5787	0.696
			-0.328	-0.8602	-0.3906
		b:
			-142.0287
			436.3163
			-183.497
			13.8745
			376.7997
			-375.1303
	==================================================================================
	Q5:
		Shape: Polyhedra
		q_c:	378.0	253.0	68.5
		ub :	388.6854	260.8601	79.7755
		lb :	367.3146	245.1399	57.2245
		A:
			0.4138	0.9099	-0.0302
			-0.5526	-0.6273	-0.5488
			0.8551	0.0393	0.517
			-0.1904	-0.9725	0.134
			-0.0812	-0.9939	0.0748
			0.1251	0.9479	0.2931
			0.5623	0.7864	0.2558
			0.7379	-0.6168	0.2739
			0.3731	0.0347	-0.9271
			-0.5623	-0.7864	-0.2558
			-0.7379	0.6168	-0.2739
			-0.3731	-0.0347	0.9271
		b:
			389.4888
			-400.1049
			374.424
			-303.4829
			-271.6868
			312.296
			433.5284
			148.1634
			95.3213
			-424.5284
			-135.1634
			-77.3213
	==================================================================================
	Q6:
		Shape: Hybrid
		q_c:	406.5	262.0	75.0
		ub :	416.292	270.3724	84.8006
		lb :	396.708	253.6276	65.1994
		P^-1:
			0.0184	-0.0002	0.0018
			-0.0002	0.0205	-0.0006
			0.0018	-0.0006	0.0229
		A:
			-0.5835	0.2027	0.7864
			0.2592	0.9432	0.2078
			-0.4934	-0.0655	0.8673
			-0.7829	-0.6197	0.0556
			-0.3117	0.9068	-0.2839
			0.4697	-0.747	-0.4705
		b:
			-121.1074
			371.8155
			-148.8431
			-472.4055
			93.2251
			-36.1067


===========================================================================================
===========================================================================================
S6:
	q_c:	166.5	272.0	460.0
	ub :	168.4567	276.2951	464.0906
	lb :	162.6717	269.0641	456.2173

	==================================================================================
	Q1:
		Shape: Polyhedra
		q_c:	166.5	270.5	463.0
		ub :	167.9352	271.9359	464.0906
		lb :	165.0648	269.0641	461.9094
		A:
			-0.406	0.3107	-0.8595
			0.3359	-0.1312	-0.9327
			0.864	0.0259	-0.5029
			0.527	-0.3942	-0.7529
			0.1413	-0.1984	0.9699
			0.9224	-0.2037	-0.3283
			0.5461	0.4228	0.7232
			-0.5912	-0.417	0.6903
			0.5935	-0.8045	0.0222
			-0.5461	-0.4228	-0.7232
			0.5912	0.417	-0.6903
			-0.5935	0.8045	-0.0222
		b:
			-380.5632
			-410.6723
			-81.3172
			-366.6835
			419.7317
			-52.7167
			541.131
			108.8664
			-107.5208
			-539.131
			-107.8664
			109.5208
	==================================================================================
	Q2:
		Shape: Ellipse
		q_c:	166.5	274.5	460.5
		ub :	168.4144	276.2951	462.5632
		lb :	164.5856	272.7049	458.4368
		P^-1:
			0.7839	0.1037	0.2502
			0.1037	0.4761	0.0765
			0.2502	0.0765	0.6288
	==================================================================================
	Q3:
		Shape: Ellipse
		q_c:	165.0	271.5	461.0
		ub :	166.2403	273.3666	462.7033
		lb :	163.7597	269.6334	459.2967
		P^-1:
			3.2723	0.9068	1.095
			0.9068	0.8984	0.0939
			1.095	0.0939	1.2738
	==================================================================================
	Q4:
		Shape: Ellipse
		q_c:	165.5	274.5	461.0
		ub :	166.9798	276.1051	462.6798
		lb :	164.0202	272.8949	459.3202
		P^-1:
			0.9989	-0.0034	0.0248
			-0.0034	0.9896	0.0752
			0.0248	0.0752	0.456
	==================================================================================
	Q5:
		Shape: Ellipse
		q_c:	165.0	272.5	461.5
		ub :	167.3283	275.0514	463.7077
		lb :	162.6717	269.9486	459.2923
		P^-1:
			0.4444	-0.0	0.0
			-0.0	0.4444	-0.0
			0.0	-0.0	0.4444
	==================================================================================
	Q6:
		Shape: Polyhedra
		q_c:	166.0	272.5	458.5
		ub :	168.4567	275.0778	460.7827
		lb :	163.5433	269.9222	456.2173
		A:
			-0.8782	0.4639	-0.1166
			-0.8901	0.2756	-0.363
			-0.0609	0.1208	-0.9908
			0.5764	0.263	0.7737
			-0.1248	0.9811	0.1477
			0.8615	-0.0926	-0.4992
			0.8071	0.5779	0.1211
			0.3733	-0.6583	0.6536
			0.4574	-0.4823	-0.7471
			-0.8071	-0.5779	-0.1211
			-0.3733	0.6583	-0.6536
			-0.4574	0.4823	0.7471
		b:
			-71.3236
			-237.6163
			-429.9778
			523.585
			315.8544
			-109.6254
			348.4583
			183.7534
			-396.5429
			-345.4583
			-180.7534
			399.5429


===========================================================================================
===========================================================================================
S7:
	q_c:	128.0	464.0	395.5
	ub :	138.919	485.484	409.352
	lb :	109.0289	450.9994	376.2858

	==================================================================================
	Q1:
		Shape: Polyhedra
		q_c:	129.0	457.5	395.0
		ub :	135.3545	464.0006	400.8208
		lb :	122.6455	450.9994	389.1792
		A:
			0.8182	-0.286	-0.4988
			-0.8758	-0.3659	-0.3147
			-0.1139	0.8835	-0.4544
			0.8202	0.5175	0.2439
			0.3162	-0.6426	-0.698
			-0.6678	-0.2142	-0.7128
			0.3371	0.4867	0.8059
			0.2711	0.7695	-0.5782
			-0.9016	0.4134	0.1275
			-0.3371	-0.4867	-0.8059
			-0.2711	-0.7695	0.5782
			0.9016	-0.4134	-0.1275
		b:
			-217.9084
			-400.5706
			213.7351
			442.914
			-524.6698
			-461.6079
			588.4878
			162.1568
			127.6841
			-580.4878
			-155.1568
			-118.6841
	==================================================================================
	Q2:
		Shape: Polyhedra
		q_c:	127.0	479.0	395.0
		ub :	130.7067	485.484	401.4253
		lb :	123.2933	472.516	388.5747
		A:
			0.933	0.2071	0.2942
			-0.7035	0.6858	-0.1867
			-0.6661	0.6734	0.3207
			-0.3049	0.9051	0.2964
			0.8753	-0.0393	0.482
			-0.9687	0.1924	-0.1566
			0.0379	0.6902	0.7226
			0.3664	0.6632	-0.6526
			-0.9297	0.2895	-0.2277
			-0.0379	-0.6902	-0.7226
			-0.3664	-0.6632	0.6526
			0.9297	-0.2895	0.2277
		b:
			336.3837
			167.9415
			366.9688
			515.0369
			284.5006
			-91.0853
			623.8582
			112.4117
			-67.83
			-617.8582
			-100.4117
			70.83
	==================================================================================
	Q3:
		Shape: Hybrid
		q_c:	131.0	473.5	393.5
		ub :	138.919	482.7518	402.7582
		lb :	123.081	464.2482	384.2418
		P^-1:
			0.0383	-0.0244	-0.0133
			-0.0244	0.0539	0.0182
			-0.0133	0.0182	0.0303
		A:
			0.003	-0.9599	-0.2805
			-0.034	0.7574	0.6521
			-0.6752	0.1861	-0.7138
			-0.1055	0.7264	0.6791
			0.7184	-0.6879	-0.1038
			-0.5937	0.7633	0.2548
		b:
			-561.3093
			613.8131
			-276.0562
			600.2434
			-270.1064
			385.7981
	==================================================================================
	Q4:
		Shape: Hybrid
		q_c:	132.5	477.5	404.0
		ub :	138.5096	482.7929	409.352
		lb :	126.4904	472.2071	398.648
		P^-1:
			0.0816	-0.0	0.0
			-0.0	0.0816	-0.0
			0.0	-0.0	0.0816
		A:
			-0.9509	-0.2937	-0.098
			0.9491	0.1957	-0.2467
			-0.7015	-0.1224	-0.7021
			-0.8242	0.4548	0.3373
			0.2033	0.7009	0.6836
			0.6537	0.4832	-0.5824
		b:
			-304.0666
			121.3048
			-433.2997
			245.9832
			639.5734
			83.8032
	==================================================================================
	Q5:
		Shape: Ellipse
		q_c:	132.0	465.5	398.0
		ub :	137.1729	469.2649	403.0785
		lb :	126.8271	461.7351	392.9215
		P^-1:
			0.1116	-0.0182	0.0206
			-0.0182	0.1454	-0.0131
			0.0206	-0.0131	0.0958
	==================================================================================
	Q6:
		Shape: Hybrid
		q_c:	119.5	461.0	386.0
		ub :	129.9711	469.2543	395.7142
		lb :	109.0289	452.7457	376.2858
		P^-1:
			0.0288	-0.0104	-0.0047
			-0.0104	0.0441	-0.0016
			-0.0047	-0.0016	0.022
		A:
			0.7425	-0.2753	0.6106
			0.031	0.5611	-0.8272
			-0.78	0.5369	0.3214
			-0.9411	0.3001	0.1557
			0.6006	0.7296	0.327
			0.9011	-0.3964	-0.1755
		b:
			201.9328
			-53.1117
			281.1196
			89.2947
			538.9558
			-139.731


===========================================================================================
===========================================================================================
