3D_30_9_6_c                l = 3

===========================================================================================
===========================================================================================
S1:
	q_c:	309.0	534.0	95.0
	ub :	320.2761	550.2383	111.086
	lb :	290.437	520.3607	83.6644

	==================================================================================
	Q1:
		Shape: Hybrid
		q_c:	298.5	531.5	105.0
		ub :	305.5288	538.001	111.086
		lb :	291.4712	524.999	98.914
		P^-1:
			0.0776	0.0445	0.0241
			0.0445	0.0845	0.0423
			0.0241	0.0423	0.0934
		A:
			-0.4922	-0.8178	-0.2982
			-0.3012	-0.627	-0.7184
			0.0445	-0.4388	0.8975
			0.2714	0.6131	0.7419
			-0.6177	0.2711	0.7382
			0.0294	-0.7529	-0.6575
		b:
			-611.2905
			-497.2303
			-122.38
			486.2256
			40.074
			-458.3204
	==================================================================================
	Q2:
		Shape: Ellipse
		q_c:	305.0	538.5	102.0
		ub :	311.2546	545.7068	109.5226
		lb :	298.7454	531.2932	94.4774
		P^-1:
			0.072	-0.0054	-0.0111
			-0.0054	0.0631	0.0162
			-0.0111	0.0162	0.0369
	==================================================================================
	Q3:
		Shape: Hybrid
		q_c:	298.5	545.5	90.5
		ub :	305.244	550.2383	97.3356
		lb :	291.756	540.7617	83.6644
		P^-1:
			0.0649	-0.0355	-0.0148
			-0.0355	0.1304	0.0338
			-0.0148	0.0338	0.0635
		A:
			-0.9732	-0.2297	0.0086
			-0.4098	-0.4758	0.7783
			0.1185	0.9855	0.1212
			0.2106	0.7619	-0.6125
			0.9053	-0.125	-0.4059
			0.7662	-0.486	-0.4204
		b:
			-411.83
			-308.1986
			585.9039
			426.092
			168.0235
			-72.49
	==================================================================================
	Q4:
		Shape: Hybrid
		q_c:	300.5	528.0	102.5
		ub :	307.8467	535.6393	108.5482
		lb :	293.1533	520.3607	96.4518
		P^-1:
			0.0646	0.0177	0.025
			0.0177	0.0634	-0.029
			0.025	-0.029	0.0884
		A:
			-0.4524	-0.878	0.1565
			-0.0521	0.408	-0.9115
			0.6794	0.64	-0.3588
			-0.3636	-0.8873	-0.2836
			-0.8325	0.1797	-0.5241
			0.8939	-0.0153	0.4481
		b:
			-581.3527
			108.0107
			507.3999
			-603.9301
			-206.8045
			308.6511
	==================================================================================
	Q5:
		Shape: Polyhedra
		q_c:	298.0	537.0	92.0
		ub :	305.563	544.6225	99.7632
		lb :	290.437	529.3775	84.2368
		A:
			-0.1801	-0.2382	0.9544
			0.5008	0.1176	0.8575
			-0.8867	-0.0897	-0.4536
			0.4751	0.3537	0.8057
			0.4824	-0.8063	0.3423
			-0.7089	0.6851	-0.1676
			0.5537	0.6805	0.48
			-0.1832	0.6618	-0.7269
			-0.8123	0.3146	0.4911
			-0.5537	-0.6805	-0.48
			0.1832	-0.6618	0.7269
			0.8123	-0.3146	-0.4911
		b:
			-89.4273
			295.9111
			-349.3075
			410.4722
			-253.4576
			145.7939
			579.5753
			237.9216
			-22.944
			-569.5753
			-229.9216
			32.944
	==================================================================================
	Q6:
		Shape: Ellipse
		q_c:	313.5	532.5	101.0
		ub :	320.2761	539.8233	107.2115
		lb :	306.7239	525.1767	94.7885
		P^-1:
			0.055	0.0232	0.0068
			0.0232	0.0577	0.0061
			0.0068	0.0061	0.042


===========================================================================================
===========================================================================================
S2:
	q_c:	310.0	370.0	344.5
	ub :	318.512	377.5207	350.6297
	lb :	303.6846	363.2036	337.3436

	==================================================================================
	Q1:
		Shape: Polyhedra
		q_c:	308.0	370.5	344.0
		ub :	312.1497	374.6745	346.8135
		lb :	303.8503	366.3255	341.1865
		A:
			-0.6776	0.2332	-0.6975
			0.4168	-0.2652	-0.8694
			0.3335	-0.0936	0.9381
			0.4138	-0.3846	0.8251
			-0.4139	-0.4393	0.7973
			-0.7684	-0.5832	-0.2635
			0.7266	0.6774	0.1148
			0.6435	-0.6125	-0.4591
			-0.2407	0.4075	-0.8809
			-0.7266	-0.6774	-0.1148
			-0.6435	0.6125	0.4591
			0.2407	-0.4075	0.8809
		b:
			-360.3232
			-266.7024
			392.44
			270.3471
			-13.8602
			-540.4255
			517.251
			-184.1613
			-224.7161
			-511.251
			189.1613
			227.7161
	==================================================================================
	Q2:
		Shape: Ellipse
		q_c:	313.5	367.0	346.5
		ub :	315.9491	369.5408	348.5748
		lb :	311.0509	364.4592	344.4252
		P^-1:
			0.613	0.0995	-0.2824
			0.0995	0.2956	-0.0013
			-0.2824	-0.0013	0.7859
	==================================================================================
	Q3:
		Shape: Hybrid
		q_c:	309.0	369.5	340.5
		ub :	312.1642	372.1411	343.6564
		lb :	305.8358	366.8589	337.3436
		P^-1:
			0.2507	-0.0953	0.1122
			-0.0953	0.7363	-0.3612
			0.1122	-0.3612	0.4231
		A:
			0.1814	-0.3201	0.9299
			-0.012	0.9045	-0.4262
			0.9911	-0.0217	-0.131
			-0.8244	0.3889	-0.4113
			0.1434	-0.6541	0.7427
			0.5199	0.719	-0.4612
		b:
			255.509
			185.9617
			255.328
			-249.9194
			56.1362
			270.4288
	==================================================================================
	Q4:
		Shape: Hybrid
		q_c:	307.5	368.5	346.5
		ub :	310.6556	372.6523	350.6297
		lb :	304.3444	364.3477	342.3703
		P^-1:
			0.6716	-0.2101	-0.3856
			-0.2101	0.201	0.0976
			-0.3856	0.0976	0.3691
		A:
			-0.1252	0.8436	-0.5222
			0.7402	0.599	0.3055
			0.8198	0.0677	-0.5687
			0.1331	-0.7903	-0.5981
			-0.3008	0.9166	0.2633
			-0.9192	0.311	0.2414
		b:
			93.3912
			557.044
			80.8003
			-455.3755
			338.3713
			-83.5699
	==================================================================================
	Q5:
		Shape: Hybrid
		q_c:	307.0	366.5	341.0
		ub :	310.3154	369.7964	344.067
		lb :	303.6846	363.2036	337.933
		P^-1:
			0.3171	0.0445	-0.1082
			0.0445	0.1878	0.0111
			-0.1082	0.0111	0.3495
		A:
			-0.7528	-0.4661	0.4648
			-0.2317	0.0475	0.9716
			-0.2164	-0.9598	0.1785
			-0.0259	0.3517	-0.9358
			-0.1016	0.9492	0.2979
			-0.7784	-0.1832	-0.6004
		b:
			-242.5525
			278.4763
			-355.8146
			-196.9173
			419.8142
			-509.5299
	==================================================================================
	Q6:
		Shape: Polyhedra
		q_c:	315.5	374.0	347.5
		ub :	318.512	377.5207	350.1403
		lb :	312.488	370.4793	344.8597
		A:
			0.5179	-0.7798	0.3517
			0.6483	-0.5493	0.5273
			0.8432	-0.4919	0.2167
			0.221	0.9285	-0.2984
			-0.5896	0.7969	0.1313
			0.8853	0.1315	0.446
			0.384	0.8782	0.2851
			0.1091	0.2634	-0.9585
			-0.9169	0.3992	0.0053
			-0.384	-0.8782	-0.2851
			-0.1091	-0.2634	0.9585
			0.9169	-0.3992	-0.0053
		b:
			-3.9506
			184.3522
			159.3548
			315.6302
			159.7896
			485.6677
			551.1713
			-198.1237
			-136.1407
			-546.1713
			202.1237
			140.1407


===========================================================================================
===========================================================================================
S3:
	q_c:	44.5	175.0	19.0
	ub :	67.8676	198.667	43.1607
	lb :	28.904	162.3015	2.5474

	==================================================================================
	Q1:
		Shape: Polyhedra
		q_c:	34.5	175.5	8.5
		ub :	40.096	182.5462	14.4526
		lb :	28.904	168.4538	2.5474
		A:
			-0.5123	-0.7681	0.3841
			-0.1466	0.78	0.6083
			0.9639	0.2664	-0.0036
			0.7419	-0.5792	0.3377
			0.9952	0.0866	-0.045
			-0.9875	0.1322	0.0854
			0.3411	0.3903	0.8551
			-0.3782	0.8898	-0.2553
			-0.8606	-0.2363	0.4512
			-0.3411	-0.3903	-0.8551
			0.3782	-0.8898	0.2553
			0.8606	0.2363	-0.4512
		b:
			-145.3696
			141.5458
			82.872
			-68.099
			52.2011
			-6.6895
			91.5411
			146.4475
			-64.8283
			-83.5411
			-135.4475
			69.8283
	==================================================================================
	Q2:
		Shape: Ellipse
		q_c:	54.0	185.5	31.0
		ub :	67.8676	198.667	43.1607
		lb :	40.1324	172.333	18.8393
		P^-1:
			0.0159	-0.002	-0.0013
			-0.002	0.012	-0.0003
			-0.0013	-0.0003	0.0166
	==================================================================================
	Q3:
		Shape: Polyhedra
		q_c:	52.5	169.0	30.0
		ub :	58.6697	174.9578	33.4689
		lb :	46.3303	163.0422	26.5311
		A:
			0.1283	-0.6303	-0.7657
			0.54	0.403	-0.7389
			-0.2849	-0.3154	0.9052
			0.6332	-0.2462	0.7338
			-0.8839	-0.0603	-0.4638
			-0.4387	0.7318	-0.5215
			0.2375	0.0333	0.9708
			-0.9535	0.1987	0.2265
			-0.1854	-0.9795	0.079
			-0.2375	-0.0333	-0.9708
			0.9535	-0.1987	-0.2265
			0.1854	0.9795	-0.079
		b:
			-119.0587
			78.5354
			-37.7141
			16.7634
			-66.5356
			89.2123
			49.2258
			-4.6779
			-167.8968
			-45.2258
			14.6779
			177.8968
	==================================================================================
	Q4:
		Shape: Ellipse
		q_c:	53.0	170.0	29.5
		ub :	58.115	174.951	34.4581
		lb :	47.885	165.049	24.5419
		P^-1:
			0.1125	-0.0119	0.0475
			-0.0119	0.0518	-0.0107
			0.0475	-0.0107	0.1076
	==================================================================================
	Q5:
		Shape: Polyhedra
		q_c:	56.0	182.5	13.0
		ub :	62.7519	189.5185	20.4915
		lb :	49.2481	175.4815	5.5085
		A:
			-0.8986	-0.1286	-0.4194
			-0.5435	0.7375	0.4009
			0.5127	-0.4934	0.7026
			0.6365	0.3442	-0.6902
			0.5409	-0.6926	0.4772
			-0.0493	-0.6424	0.7648
			0.3057	0.7774	0.5497
			-0.15	0.6094	-0.7785
			-0.9402	0.1555	0.3029
			-0.3057	-0.7774	-0.5497
			0.15	-0.6094	0.7785
			0.9402	-0.1555	-0.3029
		b:
			-74.5042
			114.1493
			-47.639
			94.282
			-85.2953
			-105.542
			170.6457
			97.2007
			-15.3326
			-161.6457
			-88.2007
			25.3326
	==================================================================================
	Q6:
		Shape: Hybrid
		q_c:	36.0	169.5	19.0
		ub :	42.865	176.6985	24.0646
		lb :	29.135	162.3015	13.9354
		P^-1:
			0.2044	0.1657	0.0902
			0.1657	0.1775	0.1206
			0.0902	0.1206	0.1914
		A:
			-0.4253	-0.4687	-0.7742
			-0.847	-0.501	-0.1778
			0.9143	0.1267	-0.3848
			0.3469	0.6714	0.6549
			0.689	0.7243	0.0248
			0.3263	0.323	0.8884
		b:
			-108.4093
			-117.4574
			49.9223
			140.019
			149.5596
			84.9162


===========================================================================================
===========================================================================================
S4:
	q_c:	310.5	477.5	338.5
	ub :	324.892	498.4221	355.202
	lb :	295.0611	465.443	325.1042

	==================================================================================
	Q1:
		Shape: Hybrid
		q_c:	319.0	477.0	338.0
		ub :	324.892	482.1335	342.7726
		lb :	313.108	471.8665	333.2274
		P^-1:
			0.0814	0.0709	-0.0478
			0.0709	0.2477	-0.1779
			-0.0478	-0.1779	0.2464
		A:
			0.1138	0.8656	-0.4876
			-0.1143	-0.1894	0.9752
			0.0144	0.7148	0.6992
			-0.1268	0.4952	-0.8595
			-0.9756	0.0717	-0.2076
			0.0949	-0.9414	-0.3238
		b:
			285.4998
			204.5644
			585.0343
			-93.4489
			-343.8785
			-525.1474
	==================================================================================
	Q2:
		Shape: Hybrid
		q_c:	311.0	478.0	330.5
		ub :	318.9238	485.7597	335.7182
		lb :	303.0762	470.2403	325.2818
		P^-1:
			0.03	-0.011	-0.0017
			-0.011	0.0437	-0.0034
			-0.0017	-0.0034	0.0619
		A:
			0.889	-0.3526	0.2921
			-0.1076	-0.366	0.9244
			0.3397	0.6567	-0.6733
			-0.7946	0.3999	-0.4569
			-0.7268	0.2068	-0.6549
			0.1094	-0.9619	-0.2505
		b:
			207.7758
			99.2208
			199.9872
			-203.9655
			-340.5722
			-505.6902
	==================================================================================
	Q3:
		Shape: Polyhedra
		q_c:	301.5	477.5	329.5
		ub :	307.9389	483.3552	332.9879
		lb :	295.0611	471.6448	326.0121
		A:
			-0.7696	0.5547	0.3163
			-0.1294	0.3651	0.9219
			0.1831	0.3103	0.9328
			0.1323	-0.2029	0.9702
			0.1602	0.2686	0.9498
			0.1349	-0.5784	0.8045
			0.1426	0.3755	0.9158
			-0.5261	0.8125	-0.2513
			-0.8384	-0.446	0.3134
			-0.1426	-0.3755	-0.9158
			0.5261	-0.8125	0.2513
			0.8384	0.446	-0.3134
		b:
			141.079
			440.697
			511.7911
			265.2109
			490.6255
			33.1786
			525.0592
			150.5349
			-357.4475
			-523.0592
			-142.5349
			367.4475
	==================================================================================
	Q4:
		Shape: Polyhedra
		q_c:	306.5	473.5	332.5
		ub :	313.5384	481.557	339.8958
		lb :	299.4616	465.443	325.1042
		A:
			0.3087	0.8871	0.3431
			0.9432	0.2284	0.2414
			-0.5687	0.8209	0.0526
			-0.5029	-0.8458	0.1782
			-0.5101	-0.672	-0.5369
			-0.7529	0.117	-0.6477
			0.8468	0.3216	0.4236
			0.4057	-0.9056	-0.1234
			0.344	0.2764	-0.8974
			-0.8468	-0.3216	-0.4236
			-0.4057	0.9056	0.1234
			-0.344	-0.2764	0.8974
		b:
			633.5606
			480.724
			237.8111
			-490.3129
			-649.1306
			-386.7777
			555.6909
			-339.5128
			-56.084
			-549.6909
			351.5128
			68.084
	==================================================================================
	Q5:
		Shape: Polyhedra
		q_c:	317.0	491.0	347.0
		ub :	320.346	498.4221	355.202
		lb :	313.654	483.5779	338.798
		A:
			0.8743	-0.0822	-0.4785
			0.1296	0.2519	-0.959
			0.9022	-0.2268	0.3668
			-0.9985	-0.0126	0.0532
			0.9515	0.247	-0.1834
			0.8316	-0.0565	-0.5524
			0.171	0.6157	0.7692
			-0.1739	0.7873	-0.5915
			-0.9698	-0.0326	0.2417
			-0.171	-0.6157	-0.7692
			0.1739	-0.7873	0.5915
			0.9698	0.0326	-0.2417
		b:
			73.2549
			-163.063
			305.0758
			-302.4043
			361.2681
			47.0205
			630.931
			129.7054
			-238.0515
			-615.931
			-122.7054
			241.0515
	==================================================================================
	Q6:
		Shape: Hybrid
		q_c:	310.0	475.5	330.5
		ub :	313.3317	480.4369	335.0771
		lb :	306.6683	470.5631	325.9229
		P^-1:
			0.2223	-0.0063	-0.0423
			-0.0063	0.0828	0.045
			-0.0423	0.045	0.1673
		A:
			-0.5463	0.4808	-0.6859
			0.1208	-0.8381	-0.5321
			0.8827	-0.4431	-0.1568
			-0.3855	0.6512	0.6537
			-0.9772	0.1805	-0.112
			0.5262	0.603	0.5996
		b:
			-164.9852
			-534.978
			12.5542
			407.6697
			-252.7366
			649.6388


===========================================================================================
===========================================================================================
S5:
	q_c:	151.0	153.5	228.5
	ub :	168.8858	167.5409	242.7333
	lb :	134.1534	137.6192	216.0419

	==================================================================================
	Q1:
		Shape: Ellipse
		q_c:	151.5	149.5	223.5
		ub :	160.1203	158.5398	230.9581
		lb :	142.8797	140.4602	216.0419
		P^-1:
			0.0377	-0.0034	-0.0116
			-0.0034	0.0348	0.0114
			-0.0116	0.0114	0.0508
	==================================================================================
	Q2:
		Shape: Ellipse
		q_c:	143.5	159.0	234.0
		ub :	152.2885	166.7926	241.722
		lb :	134.7115	151.2074	226.278
		P^-1:
			0.0307	0.0092	0.0069
			0.0092	0.0449	-0.0034
			0.0069	-0.0034	0.0468
	==================================================================================
	Q3:
		Shape: Hybrid
		q_c:	149.5	161.0	221.0
		ub :	155.9822	167.5409	224.4144
		lb :	143.0178	154.4591	217.5856
		P^-1:
			0.0859	0.0671	0.0103
			0.0671	0.0992	-0.0093
			0.0103	-0.0093	0.1586
		A:
			-0.8455	-0.5337	-0.0151
			-0.2364	-0.3875	0.891
			0.8433	0.492	0.2163
			-0.9469	-0.3152	0.0636
			-0.3539	-0.7529	0.5549
			-0.2539	-0.6106	-0.7501
		b:
			-213.9566
			100.442
			254.8238
			-175.6233
			-50.0019
			-300.2231
	==================================================================================
	Q4:
		Shape: Ellipse
		q_c:	162.0	154.5	223.5
		ub :	168.8858	160.2844	230.7942
		lb :	155.1142	148.7156	216.2058
		P^-1:
			0.0531	-0.005	-0.0099
			-0.005	0.0599	-0.0052
			-0.0099	-0.0052	0.052
	==================================================================================
	Q5:
		Shape: Ellipse
		q_c:	142.5	152.0	235.0
		ub :	150.8466	155.0022	242.7333
		lb :	134.1534	148.9978	227.2667
		P^-1:
			0.0404	0.078	-0.0026
			0.078	0.4293	0.0052
			-0.0026	0.0052	0.0315
	==================================================================================
	Q6:
		Shape: Polyhedra
		q_c:	159.5	143.5	229.0
		ub :	165.214	149.3808	235.6719
		lb :	153.786	137.6192	222.3281
		A:
			-0.8831	-0.4091	-0.2296
			-0.3392	-0.8103	0.4779
			-0.0483	0.068	0.9965
			-0.6297	0.3658	-0.6853
			-0.4037	0.7454	-0.5304
			0.2322	0.6579	0.7164
			0.2907	0.8275	0.4803
			-0.9324	0.1323	0.3364
			0.2149	-0.5457	0.81
			-0.2907	-0.8275	-0.4803
			0.9324	-0.1323	-0.3364
			-0.2149	0.5457	-0.81
		b:
			-248.3795
			-56.7788
			234.4194
			-200.5093
			-74.4978
			299.0911
			278.6129
			-48.6841
			145.9594
			-271.6129
			56.6841
			-136.9594


===========================================================================================
===========================================================================================
S6:
	q_c:	360.5	500.5	178.5
	ub :	374.0578	509.879	192.3806
	lb :	351.8415	494.0652	166.1646

	==================================================================================
	Q1:
		Shape: Polyhedra
		q_c:	367.5	503.0	186.0
		ub :	374.0578	509.2857	190.732
		lb :	360.9422	496.7143	181.268
		A:
			-0.3694	-0.5442	-0.7532
			-0.4179	0.4077	-0.8118
			0.5768	-0.2789	0.7678
			0.6386	0.7619	0.1081
			-0.0628	-0.0162	-0.9979
			0.8309	-0.4005	-0.3863
			0.6845	0.6934	0.2252
			0.587	-0.7074	0.3936
			0.4323	-0.1372	-0.8913
			-0.6845	-0.6934	-0.2252
			-0.587	0.7074	-0.3936
			-0.4323	0.1372	0.8913
		b:
			-545.3384
			-96.1547
			218.1222
			643.007
			-213.8978
			35.093
			647.2023
			-63.378
			-73.4263
			-637.2023
			70.378
			78.4263
	==================================================================================
	Q2:
		Shape: Polyhedra
		q_c:	363.5	500.5	186.5
		ub :	369.1582	503.4768	192.3806
		lb :	357.8418	497.5232	180.6194
		A:
			-0.3274	-0.8547	0.4028
			-0.5667	0.6889	0.452
			-0.2271	0.3864	-0.8939
			-0.1572	-0.9094	0.3851
			-0.2651	-0.9311	-0.2506
			0.4115	-0.9095	-0.0597
			0.7851	0.1258	0.6064
			-0.0208	0.984	-0.1771
			-0.619	0.1264	0.7751
			-0.7851	-0.1258	-0.6064
			0.0208	-0.984	0.1771
			0.619	-0.1264	-0.7751
		b:
			-469.196
			226.4562
			-52.3643
			-438.2564
			-606.4569
			-314.2158
			465.451
			453.866
			-13.1718
			-457.451
			-449.866
			21.1718
	==================================================================================
	Q3:
		Shape: Polyhedra
		q_c:	357.0	507.0	186.5
		ub :	361.1323	509.879	190.5844
		lb :	352.8677	504.121	182.4156
		A:
			-0.0562	0.857	-0.5122
			0.9074	-0.4122	0.0824
			0.3211	-0.8063	-0.4967
			-0.0184	-0.9781	-0.2073
			-0.3385	0.6285	-0.7003
			0.6255	-0.4487	-0.6382
			0.6731	0.4287	0.6026
			0.4309	-0.8896	0.1516
			0.601	0.1576	-0.7835
			-0.6731	-0.4287	-0.6026
			-0.4309	0.8896	-0.1516
			-0.601	-0.1576	0.7835
		b:
			320.9235
			132.4023
			-384.7047
			-539.2537
			69.2482
			-120.637
			572.5337
			-267.4395
			151.3691
			-567.5337
			270.4395
			-145.3691
	==================================================================================
	Q4:
		Shape: Hybrid
		q_c:	357.5	497.5	171.5
		ub :	362.7294	500.9348	176.8354
		lb :	352.2706	494.0652	166.1646
		P^-1:
			0.1306	-0.0557	0.0462
			-0.0557	0.1991	-0.0371
			0.0462	-0.0371	0.0939
		A:
			-0.6902	0.6366	-0.3441
			-0.7433	0.3902	-0.5433
			-0.5285	0.5701	-0.6291
			-0.8817	0.2636	0.3912
			0.7495	-0.6599	0.0536
			0.296	0.8777	-0.3769
		b:
			12.0883
			-163.4788
			-11.9886
			-114.454
			-49.7477
			479.7208
	==================================================================================
	Q5:
		Shape: Polyhedra
		q_c:	356.5	500.5	182.0
		ub :	361.1585	505.8761	187.7123
		lb :	351.8415	495.1239	176.2877
		A:
			-0.6007	-0.7982	-0.0456
			0.8293	0.2869	-0.4794
			0.1201	-0.1165	0.9859
			0.5393	0.8108	0.2275
			-0.5185	-0.5878	-0.621
			0.8352	-0.5499	-0.011
			0.7983	0.2426	0.5512
			0.0401	-0.9347	0.3533
			0.6009	-0.2599	-0.7559
			-0.7983	-0.2426	-0.5512
			-0.0401	0.9347	-0.3533
			-0.6009	0.2599	0.7559
		b:
			-618.3993
			355.5009
			167.3833
			642.9412
			-588.9033
			24.0524
			509.3317
			-385.2147
			-49.9473
			-503.3317
			393.2147
			56.9473
	==================================================================================
	Q6:
		Shape: Hybrid
		q_c:	357.0	501.5	182.5
		ub :	361.2527	505.4779	186.8057
		lb :	352.7473	497.5221	178.1943
		P^-1:
			0.1248	0.0037	0.0216
			0.0037	0.1121	0.0058
			0.0216	0.0058	0.1453
		A:
			-0.2529	0.9571	0.1418
			-0.311	0.2542	-0.9158
			-0.1806	-0.964	0.1951
			-0.2101	0.9751	-0.071
			0.4352	0.6707	-0.6006
			-0.2018	-0.7876	-0.5822
		b:
			417.3026
			-149.2787
			-510.5654
			402.7815
			383.8713
			-571.7798


===========================================================================================
===========================================================================================
S7:
	q_c:	205.0	174.5	107.0
	ub :	221.0404	203.4047	133.7796
	lb :	178.4743	148.5802	82.9614

	==================================================================================
	Q1:
		Shape: Ellipse
		q_c:	203.0	181.0	99.5
		ub :	214.1984	194.8056	113.138
		lb :	191.8016	167.1944	85.862
		P^-1:
			0.0198	-0.0044	-0.0043
			-0.0044	0.0154	-0.002
			-0.0043	-0.002	0.0163
	==================================================================================
	Q2:
		Shape: Hybrid
		q_c:	194.0	161.0	98.0
		ub :	204.9941	173.4198	108.8528
		lb :	183.0059	148.5802	87.1472
		P^-1:
			0.0182	0.0019	0.0015
			0.0019	0.0194	-0.0025
			0.0015	-0.0025	0.0222
		A:
			0.9392	-0.2204	0.2634
			0.5327	0.3893	-0.7515
			0.035	-0.9787	-0.2022
			-0.663	-0.005	-0.7486
			0.0916	-0.9909	0.0987
			0.8619	-0.4661	0.1997
		b:
			176.68
			95.9942
			-166.3782
			-199.2405
			-128.0804
			116.0462
	==================================================================================
	Q3:
		Shape: Ellipse
		q_c:	200.0	169.5	93.5
		ub :	203.4765	174.7924	100.2821
		lb :	196.5235	164.2076	86.7179
		P^-1:
			0.1108	0.0026	0.004
			0.0026	0.0401	-0.0004
			0.004	-0.0004	0.0239
	==================================================================================
	Q4:
		Shape: Polyhedra
		q_c:	215.0	171.5	125.5
		ub :	221.0404	179.3757	133.7796
		lb :	208.9596	163.6243	117.2204
		A:
			0.5156	-0.728	-0.4518
			-0.7881	0.5895	0.1774
			0.8984	-0.3634	-0.2466
			-0.5685	0.2967	0.7673
			0.0674	-0.5033	-0.8615
			0.5341	-0.8352	-0.131
			0.6885	0.4029	0.603
			-0.223	-0.6736	0.7047
			0.6901	-0.6197	-0.3739
			-0.6885	-0.4029	-0.603
			0.223	0.6736	-0.7047
			-0.6901	0.6197	0.3739
		b:
			-68.0878
			-43.4238
			102.7186
			28.9588
			-176.1869
			-41.4537
			296.8062
			-68.0255
			-2.3158
			-288.8062
			82.0255
			7.3158
	==================================================================================
	Q5:
		Shape: Hybrid
		q_c:	188.0	191.5	96.5
		ub :	197.5257	203.4047	108.6034
		lb :	178.4743	179.5953	84.3966
		P^-1:
			0.0342	0.0065	-0.0013
			0.0065	0.0234	0.013
			-0.0013	0.013	0.0255
		A:
			0.9895	-0.1212	0.0787
			-0.9723	0.2033	-0.1149
			0.9472	0.075	0.3119
			-0.3562	0.764	0.538
			-0.8486	-0.5145	0.123
			-0.9126	-0.3832	-0.1427
		b:
			174.0843
			-150.9
			226.0598
			134.684
			-243.0569
			-256.0708
	==================================================================================
	Q6:
		Shape: Hybrid
		q_c:	204.5	183.5	91.0
		ub :	213.9783	192.7156	99.0386
		lb :	195.0217	174.2844	82.9614
		P^-1:
			0.0357	0.0041	0.0096
			0.0041	0.0299	0.0049
			0.0096	0.0049	0.0394
		A:
			0.0351	-0.6372	0.7699
			0.5292	0.8485	-0.0057
			0.4232	0.808	0.4099
			-0.915	-0.2805	-0.2901
			-0.0366	-0.6518	0.7575
			-0.8038	0.5742	0.1557
		b:
			-36.1548
			266.6937
			274.9353
			-262.284
			-54.5461
			-41.1333


===========================================================================================
===========================================================================================
S8:
	q_c:	153.0	283.0	177.5
	ub :	155.3853	285.9622	180.4358
	lb :	150.2646	279.6636	175.558

	==================================================================================
	Q1:
		Shape: Hybrid
		q_c:	152.0	284.0	177.0
		ub :	153.4577	285.4638	178.1457
		lb :	150.5423	282.5362	175.8543
		P^-1:
			1.0383	-0.1684	0.2917
			-0.1684	1.7404	-1.2824
			0.2917	-1.2824	3.2213
		A:
			0.1471	0.5492	-0.8227
			0.0077	0.0115	0.9999
			-0.3648	-0.3285	0.8712
			-0.6168	0.7723	0.1524
			-0.4329	0.2172	0.8749
			0.6941	0.4931	-0.5245
		b:
			33.0169
			181.8473
			5.8882
			153.2517
			151.3461
			153.2916
	==================================================================================
	Q2:
		Shape: Polyhedra
		q_c:	153.5	282.0	177.5
		ub :	154.9811	283.3579	178.8103
		lb :	152.0189	280.6421	176.1897
		A:
			-0.2908	0.8229	0.4882
			-0.7675	-0.3871	-0.5109
			0.236	-0.5494	-0.8015
			-0.0095	-0.1136	-0.9935
			-0.3574	-0.2571	-0.8979
			-0.2809	0.6318	0.7224
			0.2326	0.6297	0.7412
			-0.5972	0.694	-0.4022
			-0.7677	-0.3491	0.5374
			-0.2326	-0.6297	-0.7412
			0.5972	-0.694	0.4022
			0.7677	0.3491	-0.5374
		b:
			274.7856
			-316.946
			-260.3436
			-209.1348
			-286.1131
			263.9372
			345.3423
			33.6349
			-119.8771
			-344.3423
			-31.6349
			121.8771
	==================================================================================
	Q3:
		Shape: Polyhedra
		q_c:	154.5	284.5	176.5
		ub :	155.3853	285.7238	177.442
		lb :	153.6147	283.2762	175.558
		A:
			0.7571	-0.6465	-0.0937
			-0.9604	0.2744	0.0479
			-0.8899	-0.2987	-0.3447
			0.8817	-0.2784	-0.381
			0.6693	0.3359	0.6627
			-0.6803	0.119	-0.7233
			0.007	0.4414	0.8973
			-0.9026	0.3891	-0.1844
			-0.4305	-0.8085	0.4012
			-0.007	-0.4414	-0.8973
			0.9026	-0.3891	0.1844
			0.4305	0.8085	-0.4012
		b:
			-82.9827
			-61.3528
			-282.6582
			-9.6729
			316.5049
			-198.3977
			285.5461
			-60.7798
			-224.735
			-284.5461
			61.7798
			226.735
	==================================================================================
	Q4:
		Shape: Hybrid
		q_c:	152.5	284.0	178.5
		ub :	154.2155	285.9622	180.4358
		lb :	150.7845	282.0378	176.5642
		P^-1:
			0.9075	-0.1225	-0.1668
			-0.1225	0.8377	-0.221
			-0.1668	-0.221	0.6992
		A:
			0.6344	-0.0772	-0.7691
			0.6995	-0.1336	-0.702
			0.262	-0.3844	0.8852
			-0.5787	0.6775	-0.4539
			-0.9968	0.0618	0.0512
			-0.1515	-0.9662	0.2087
		b:
			-61.8869
			-56.0197
			89.4808
			23.6666
			-124.7481
			-259.6257
	==================================================================================
	Q5:
		Shape: Hybrid
		q_c:	152.5	282.0	178.0
		ub :	154.7354	284.3364	179.657
		lb :	150.2646	279.6636	176.343
		P^-1:
			0.4547	-0.0262	0.0701
			-0.0262	0.5111	-0.1786
			0.0701	-0.1786	0.9231
		A:
			-0.7101	0.0666	0.701
			-0.1117	0.7459	-0.6566
			0.0926	-0.8382	0.5374
			0.9882	0.1315	-0.0786
			-0.2635	-0.7584	0.5961
			-0.6858	-0.2044	0.6985
		b:
			36.1526
			77.0465
			-125.884
			174.7789
			-147.2521
			-37.0638
	==================================================================================
	Q6:
		Shape: Polyhedra
		q_c:	153.5	282.5	178.5
		ub :	154.4788	284.333	180.3022
		lb :	152.5212	280.667	176.6978
		A:
			0.787	0.5191	0.3333
			-0.9316	-0.3332	-0.1452
			0.9364	0.2734	0.2198
			-0.1265	-0.5261	-0.841
			-0.5951	-0.3027	-0.7445
			0.158	0.4559	0.8759
			0.9431	0.0879	0.3205
			-0.136	-0.7779	0.6135
			0.3033	-0.6222	-0.7217
			-0.9431	-0.0879	-0.3205
			0.136	0.7779	-0.6135
			-0.3033	0.6222	0.7217
		b:
			327.674
			-262.3864
			260.7957
			-317.2149
			-309.0421
			310.3329
			227.3265
			-129.6259
			-257.0435
			-226.3265
			132.6259
			259.0435


===========================================================================================
===========================================================================================
S9:
	q_c:	432.0	291.5	258.5
	ub :	454.1357	311.3313	275.0175
	lb :	411.977	277.3911	231.9628

	==================================================================================
	Q1:
		Shape: Ellipse
		q_c:	419.5	299.5	239.0
		ub :	427.023	307.1495	246.0372
		lb :	411.977	291.8505	231.9628
		P^-1:
			0.0486	0.001	-0.0024
			0.001	0.0481	0.0031
			-0.0024	0.0031	0.0421
	==================================================================================
	Q2:
		Shape: Polyhedra
		q_c:	423.5	301.5	267.0
		ub :	431.1322	309.3377	275.0175
		lb :	415.8678	293.6623	258.9825
		A:
			0.4342	0.8514	0.2941
			0.3586	-0.2094	0.9097
			-0.937	0.2087	0.28
			-0.0808	0.8516	0.518
			-0.1543	-0.779	-0.6078
			0.0779	0.8589	-0.5062
			0.8668	0.4534	0.2075
			-0.1628	-0.1361	0.9772
			0.4713	-0.8809	-0.0442
			-0.8668	-0.4534	-0.2075
			0.1628	0.1361	-0.9772
			-0.4713	0.8809	0.0442
		b:
			523.9964
			338.1443
			-253.7597
			366.4529
			-456.9707
			162.8259
			563.7018
			157.9581
			-72.2719
			-554.7018
			-143.9581
			83.2719
	==================================================================================
	Q3:
		Shape: Polyhedra
		q_c:	444.5	303.5	263.0
		ub :	453.0331	311.3313	266.9431
		lb :	435.9669	295.6687	259.0569
		A:
			-0.8087	0.5679	-0.1532
			-0.5739	0.7788	-0.2533
			0.3413	-0.0235	-0.9396
			-0.3395	0.4517	-0.8251
			-0.4854	0.8728	0.0513
			-0.8481	0.1962	-0.4922
			0.7808	0.6236	0.0391
			0.6248	-0.7798	-0.0387
			0.0063	0.0547	-0.9985
			-0.7808	-0.6236	-0.0391
			-0.6248	0.7798	0.0387
			-0.0063	-0.0547	0.9985
		b:
			-223.623
			-82.2807
			-98.6966
			-227.4202
			65.9336
			-441.4174
			555.0948
			33.8537
			-239.6948
			-538.0948
			-27.8537
			246.6948
	==================================================================================
	Q4:
		Shape: Hybrid
		q_c:	443.5	288.0	254.5
		ub :	454.1357	298.6089	261.9074
		lb :	432.8643	277.3911	247.0926
		P^-1:
			0.0251	-0.0096	0.0109
			-0.0096	0.0305	-0.0152
			0.0109	-0.0152	0.0484
		A:
			0.0093	0.1984	-0.9801
			-0.0139	-0.2626	0.9648
			0.9913	-0.1313	0.0064
			0.8337	-0.2035	0.5134
			-0.5001	-0.2057	-0.8412
			0.1666	0.0219	0.9858
		b:
			-185.4339
			166.4055
			408.1212
			445.1756
			-491.4777
			334.0326
	==================================================================================
	Q5:
		Shape: Hybrid
		q_c:	441.5	297.5	245.0
		ub :	452.3378	307.4409	252.7024
		lb :	430.6622	287.5591	237.2976
		P^-1:
			0.0406	0.0149	0.0561
			0.0149	0.022	0.03
			0.0561	0.03	0.1236
		A:
			-0.2674	-0.3825	-0.8844
			-0.3852	0.7975	0.4643
			-0.6288	-0.729	-0.2703
			0.6149	0.6402	0.4606
			-0.3503	-0.4255	-0.8344
			0.7094	0.7046	-0.0141
		b:
			-446.6552
			187.586
			-555.3695
			578.9183
			-483.8898
			526.0394
	==================================================================================
	Q6:
		Shape: Hybrid
		q_c:	431.0	292.5	259.5
		ub :	437.6798	303.1421	269.9092
		lb :	424.3202	281.8579	249.0908
		P^-1:
			0.0562	0.012	0.0105
			0.012	0.0246	-0.0029
			0.0105	-0.0029	0.0251
		A:
			0.1236	-0.977	-0.1738
			-0.4846	-0.3975	0.7792
			0.1451	-0.2859	-0.9472
			0.7022	0.0527	0.71
			-0.6536	-0.4841	0.5818
			0.8617	0.5049	0.0501
		b:
			-272.2072
			-118.8041
			-261.4759
			505.1433
			-268.7617
			534.3341


===========================================================================================
===========================================================================================
