3D_35_12_6_c                l = 3

===========================================================================================
===========================================================================================
S1:
	q_c:	401.5	453.0	43.0
	ub :	421.0225	476.6601	66.0961
	lb :	379.2098	428.436	20.3251

	==================================================================================
	Q1:
		Shape: Polyhedra
		q_c:	399.0	450.5	42.5
		ub :	406.2161	458.6126	48.4696
		lb :	391.7839	442.3874	36.5304
		A:
			-0.8253	-0.4193	0.3782
			0.6235	0.323	-0.7119
			0.359	0.7162	-0.5985
			-0.819	-0.3698	0.4387
			-0.8197	-0.4274	-0.3814
			0.7553	-0.4077	0.5131
			0.0566	0.2515	0.9662
			0.7248	0.6552	-0.213
			-0.6866	0.7124	-0.1452
			-0.0566	-0.2515	-0.9662
			-0.7248	-0.6552	0.213
			0.6866	-0.7124	0.1452
		b:
			-499.0814
			367.3991
			444.2485
			-471.5463
			-531.9162
			146.4635
			181.4373
			577.8127
			48.3165
			-172.4373
			-572.8127
			-33.3165
	==================================================================================
	Q2:
		Shape: Hybrid
		q_c:	403.0	466.5	31.5
		ub :	414.1735	476.6601	42.6749
		lb :	391.8265	456.3399	20.3251
		P^-1:
			0.0428	-0.03	-0.0177
			-0.03	0.0525	0.0027
			-0.0177	0.0027	0.0284
		A:
			0.6538	-0.3066	-0.6918
			-0.1132	-0.2823	0.9526
			-0.9155	0.1117	0.3866
			-0.4882	0.3039	0.8181
			0.1317	-0.9759	-0.1738
			-0.9851	0.1046	0.1363
		b:
			101.1864
			-142.7674
			-300.9147
			-25.9179
			-403.6109
			-338.9883
	==================================================================================
	Q3:
		Shape: Ellipse
		q_c:	394.5	437.0	47.5
		ub :	401.8618	445.564	55.873
		lb :	387.1382	428.436	39.127
		P^-1:
			0.0854	0.0138	0.0368
			0.0138	0.0307	0.0101
			0.0368	0.0101	0.0465
	==================================================================================
	Q4:
		Shape: Ellipse
		q_c:	414.5	450.5	59.0
		ub :	421.0225	456.686	66.0961
		lb :	407.9775	444.314	51.9039
		P^-1:
			0.0623	0.0197	0.017
			0.0197	0.0667	0.0282
			0.017	0.0282	0.0714
	==================================================================================
	Q5:
		Shape: Polyhedra
		q_c:	388.0	461.0	40.5
		ub :	396.7902	472.751	50.7628
		lb :	379.2098	449.249	30.2372
		A:
			0.875	-0.321	0.3624
			0.0803	0.7913	0.6062
			0.8466	-0.0707	-0.5275
			-0.4254	0.0104	-0.9049
			0.6531	-0.1452	0.7432
			0.6228	-0.0698	0.7792
			0.0724	0.5599	0.8254
			0.3653	0.7552	-0.5443
			-0.9281	0.3409	-0.1499
			-0.0724	-0.5599	-0.8254
			-0.3653	-0.7552	0.5443
			0.9281	-0.3409	0.1499
		b:
			211.7654
			426.3773
			281.2411
			-190.8882
			222.4174
			246.8064
			325.1363
			476.8199
			-203.5035
			-314.1363
			-458.8199
			214.5035
	==================================================================================
	Q6:
		Shape: Polyhedra
		q_c:	401.5	457.5	44.0
		ub :	409.7926	464.133	52.0701
		lb :	393.2074	450.867	35.9299
		A:
			0.8176	-0.3508	0.4566
			-0.6851	-0.7238	0.0818
			-0.6484	0.5873	0.4844
			0.7732	0.6241	-0.1129
			0.4202	0.9047	-0.0707
			0.4366	-0.7163	-0.5444
			0.4886	0.8526	0.1852
			0.853	-0.5114	0.1037
			0.1831	0.1073	-0.9772
			-0.4886	-0.8526	-0.1852
			-0.853	0.5114	-0.1037
			-0.1831	-0.1073	0.9772
		b:
			194.321
			-598.9378
			36.1149
			595.0555
			582.9236
			-170.3606
			597.4068
			119.5877
			86.6001
			-591.4068
			-106.5877
			-72.6001


===========================================================================================
===========================================================================================
S2:
	q_c:	71.0	130.0	301.5
	ub :	82.298	140.7716	310.4046
	lb :	64.7976	119.065	289.9963

	==================================================================================
	Q1:
		Shape: Polyhedra
		q_c:	73.5	129.5	305.5
		ub :	78.0606	134.2685	309.9294
		lb :	68.9394	124.7315	301.0706
		A:
			0.6377	0.729	0.249
			0.9495	0.3095	0.0506
			-0.8791	0.4502	-0.1564
			0.4948	-0.8578	-0.1389
			-0.7939	0.098	0.6
			-0.2922	-0.5408	0.7888
			0.2472	0.0342	0.9684
			-0.8987	0.3816	0.2159
			-0.3621	-0.9237	0.1251
			-0.2472	-0.0342	-0.9684
			0.8987	-0.3816	-0.2159
			0.3621	0.9237	-0.1251
		b:
			221.1706
			128.5721
			-51.4357
			-114.0437
			140.4522
			153.1719
			321.9323
			51.8327
			-104.0273
			-314.9323
			-46.8327
			112.0273
	==================================================================================
	Q2:
		Shape: Polyhedra
		q_c:	74.5	123.5	299.5
		ub :	76.7865	126.7639	302.8357
		lb :	72.2135	120.2361	296.1643
		A:
			0.4443	-0.8659	0.2298
			-0.6266	-0.6283	-0.4611
			0.8631	0.335	0.3781
			0.9673	0.2332	-0.0998
			0.9415	-0.0783	-0.3278
			-0.2048	0.7043	-0.6797
			0.9474	0.0677	0.3128
			-0.1041	-0.8591	0.5011
			0.3026	-0.5073	-0.8069
			-0.9474	-0.0677	-0.3128
			0.1041	0.8591	-0.5011
			-0.3026	0.5073	0.8069
		b:
			-2.7458
			-260.584
			220.4717
			72.661
			-35.9646
			-129.462
			174.1112
			38.7301
			-279.7721
			-171.1112
			-33.7301
			283.7721
	==================================================================================
	Q3:
		Shape: Polyhedra
		q_c:	69.0	131.0	305.5
		ub :	73.2024	135.861	310.4046
		lb :	64.7976	126.139	300.5954
		A:
			-0.1204	0.722	0.6813
			0.7224	0.0491	0.6898
			0.087	0.7902	0.6067
			-0.3408	-0.773	-0.535
			-0.4111	-0.8594	0.304
			0.2913	-0.147	0.9453
			0.5553	0.4676	0.6877
			-0.8159	0.1462	0.5594
			0.161	-0.8717	0.4628
			-0.5553	-0.4676	-0.6877
			0.8159	-0.1462	-0.5594
			-0.161	0.8717	-0.4628
		b:
			297.0698
			269.4552
			297.4186
			-285.8417
			-44.4839
			292.594
			311.6706
			136.7565
			42.2826
			-307.6706
			-130.7565
			-34.2826
	==================================================================================
	Q4:
		Shape: Ellipse
		q_c:	73.0	124.0	295.0
		ub :	76.8271	128.935	300.0037
		lb :	69.1729	119.065	289.9963
		P^-1:
			0.1851	0.0589	0.0371
			0.0589	0.1426	0.0446
			0.0371	0.0446	0.1151
	==================================================================================
	Q5:
		Shape: Hybrid
		q_c:	77.0	136.0	302.0
		ub :	82.298	140.7716	307.4289
		lb :	71.702	131.2284	296.5711
		P^-1:
			0.0993	0.0036	0.014
			0.0036	0.11	-0.0043
			0.014	-0.0043	0.0945
		A:
			0.41	-0.0435	0.9111
			-0.3168	0.9407	-0.121
			-0.8331	-0.1651	0.528
			-0.3476	-0.5829	-0.7344
			0.5864	0.5566	0.5885
			-0.0813	-0.8979	0.4327
		b:
			302.3823
			68.54
			74.7534
			-326.2329
			300.1051
			3.8239
	==================================================================================
	Q6:
		Shape: Hybrid
		q_c:	76.0	126.0	298.5
		ub :	79.8231	129.9636	301.3596
		lb :	72.1769	122.0364	295.6404
		P^-1:
			0.3105	0.0377	-0.3689
			0.0377	0.1182	-0.0698
			-0.3689	-0.0698	0.7934
		A:
			-0.7071	-0.1	0.7
			-0.276	0.0041	0.9612
			-0.6763	0.3668	0.6388
			0.1373	-0.0667	-0.9883
			-0.695	-0.2019	0.6901
			-0.9188	-0.3934	0.0324
		b:
			143.4169
			267.1504
			186.8084
			-292.0106
			128.5428
			-107.5642


===========================================================================================
===========================================================================================
S3:
	q_c:	319.0	493.5	111.5
	ub :	332.4302	506.796	128.916
	lb :	302.3812	476.802	99.5409

	==================================================================================
	Q1:
		Shape: Ellipse
		q_c:	319.0	490.0	122.5
		ub :	325.4445	495.2283	128.916
		lb :	312.5555	484.7717	116.084
		P^-1:
			0.062	0.0114	0.0202
			0.0114	0.0791	0.0201
			0.0202	0.0201	0.0819
	==================================================================================
	Q2:
		Shape: Ellipse
		q_c:	307.5	484.0	121.0
		ub :	312.6188	491.198	126.6815
		lb :	302.3812	476.802	115.3185
		P^-1:
			0.1255	0.0245	0.0332
			0.0245	0.0337	0.0252
			0.0332	0.0252	0.1061
	==================================================================================
	Q3:
		Shape: Ellipse
		q_c:	316.5	500.5	108.0
		ub :	323.4189	506.796	114.7927
		lb :	309.5811	494.204	101.2073
		P^-1:
			0.0357	0.0043	0.0097
			0.0043	0.05	0.0173
			0.0097	0.0173	0.0689
	==================================================================================
	Q4:
		Shape: Ellipse
		q_c:	323.0	498.0	106.0
		ub :	330.3846	505.4329	112.4591
		lb :	315.6154	490.5671	99.5409
		P^-1:
			0.0525	0.0074	0.015
			0.0074	0.0581	-0.0164
			0.015	-0.0164	0.0666
	==================================================================================
	Q5:
		Shape: Ellipse
		q_c:	330.0	494.0	106.0
		ub :	332.4302	499.8401	111.9375
		lb :	327.5698	488.1599	100.0625
		P^-1:
			0.4259	-0.0759	-0.0312
			-0.0759	0.0755	0.0119
			-0.0312	0.0119	0.0549
	==================================================================================
	Q6:
		Shape: Hybrid
		q_c:	319.0	490.5	113.0
		ub :	326.2931	497.845	117.1235
		lb :	311.7069	483.155	108.8765
		P^-1:
			0.044	-0.0149	-0.012
			-0.0149	0.0531	-0.0257
			-0.012	-0.0257	0.1532
		A:
			-0.398	-0.238	-0.886
			-0.0912	0.6808	-0.7268
			-0.0865	0.0024	0.9962
			-0.1671	0.9784	-0.1214
			-0.8004	-0.5111	-0.3134
			0.7956	-0.3214	0.5136
		b:
			-340.8547
			224.6334
			87.5586
			416.0545
			-536.736
			157.1747


===========================================================================================
===========================================================================================
S4:
	q_c:	46.0	366.5	272.5
	ub :	61.4664	380.1438	293.2189
	lb :	30.6898	348.525	255.1841

	==================================================================================
	Q1:
		Shape: Hybrid
		q_c:	50.5	371.5	280.0
		ub :	53.7533	375.4408	284.2286
		lb :	47.2467	367.5592	275.7714
		P^-1:
			0.3666	0.0095	-0.1208
			0.0095	0.2056	-0.0978
			-0.1208	-0.0978	0.2039
		A:
			0.7519	0.5774	-0.3181
			0.4234	-0.7344	-0.5305
			-0.9258	-0.1898	0.327
			-0.3345	-0.6491	0.6833
			-0.9989	0.0287	-0.0378
			-0.0147	-0.4643	0.8856
		b:
			164.4974
			-397.9623
			-24.8718
			-65.7416
			-49.1833
			76.1627
	==================================================================================
	Q2:
		Shape: Polyhedra
		q_c:	54.0	359.0	285.5
		ub :	61.4664	362.9311	293.2189
		lb :	46.5336	355.0689	277.7811
		A:
			-0.2725	-0.4616	0.8442
			0.3488	0.8979	0.2685
			0.3732	0.8093	0.4537
			-0.2515	0.869	0.4261
			0.2177	-0.906	-0.3629
			0.5927	0.8034	0.057
			0.7925	0.1188	0.5982
			-0.6074	0.0664	0.7916
			0.0543	-0.9907	0.1248
			-0.7925	-0.1188	-0.5982
			0.6074	-0.0664	-0.7916
			-0.0543	0.9907	-0.1248
		b:
			65.4449
			421.5551
			444.3048
			424.0244
			-413.3426
			340.7266
			261.2169
			222.5288
			-314.1098
			-251.2169
			-211.5288
			320.1098
	==================================================================================
	Q3:
		Shape: Ellipse
		q_c:	42.5	370.5	282.0
		ub :	51.2669	380.1438	291.7371
		lb :	33.7331	360.8562	272.2629
		P^-1:
			0.048	-0.002	-0.0176
			-0.002	0.0293	0.0107
			-0.0176	0.0107	0.036
	==================================================================================
	Q4:
		Shape: Hybrid
		q_c:	49.0	359.5	261.0
		ub :	54.4474	365.1708	265.7471
		lb :	43.5526	353.8292	256.2529
		P^-1:
			0.2157	-0.0667	-0.179
			-0.0667	0.0936	0.0253
			-0.179	0.0253	0.2863
		A:
			-0.3146	0.0695	0.9467
			0.8391	-0.4369	0.324
			-0.797	0.042	0.6025
			-0.1153	-0.9845	0.1323
			0.3884	-0.1739	-0.9049
			0.4372	-0.31	-0.8442
		b:
			257.9355
			-28.8361
			134.4537
			-321.8493
			-278.4991
			-309.1953
	==================================================================================
	Q5:
		Shape: Polyhedra
		q_c:	37.0	359.5	271.0
		ub :	43.3102	368.2998	276.0718
		lb :	30.6898	350.7002	265.9282
		A:
			0.4476	-0.2704	-0.8524
			-0.0577	0.1862	0.9808
			0.2335	0.6014	0.7641
			-0.342	-0.0426	0.9387
			0.497	-0.0522	-0.8662
			-0.8598	0.4737	0.1907
			0.7044	0.5433	0.4567
			0.5669	-0.0436	-0.8226
			-0.4271	0.8384	-0.3387
			-0.7044	-0.5433	-0.4567
			-0.5669	0.0436	0.8226
			0.4271	-0.8384	0.3387
		b:
			-310.0348
			332.7635
			434.7607
			228.5062
			-234.052
			196.1791
			348.1562
			-216.6171
			202.3046
			-342.1562
			218.6171
			-185.3046
	==================================================================================
	Q6:
		Shape: Polyhedra
		q_c:	39.0	354.5	263.0
		ub :	46.9777	360.475	270.8159
		lb :	31.0223	348.525	255.1841
		A:
			-0.6456	0.7416	-0.1824
			-0.732	0.5065	0.4557
			-0.1435	0.9763	-0.1621
			0.6598	0.6052	-0.4454
			0.5982	-0.6573	-0.4583
			-0.0091	-0.5926	-0.8054
			0.1312	0.988	0.0816
			0.7455	-0.0441	-0.6651
			-0.6535	0.1481	-0.7423
			-0.1312	-0.988	-0.0816
			-0.7455	0.0441	0.6651
			0.6535	-0.1481	0.7423
		b:
			194.9809
			275.8903
			302.938
			128.132
			-325.2171
			-417.1297
			381.8102
			-156.4811
			-162.7207
			-371.8102
			166.4811
			173.7207


===========================================================================================
===========================================================================================
S5:
	q_c:	471.0	53.5	275.0
	ub :	488.8372	64.5629	291.6691
	lb :	459.0468	40.2861	257.1673

	==================================================================================
	Q1:
		Shape: Ellipse
		q_c:	465.5	50.0	264.0
		ub :	471.9532	55.7309	270.8327
		lb :	459.0468	44.2691	257.1673
		P^-1:
			0.1751	-0.1388	0.1321
			-0.1388	0.1733	-0.1369
			0.1321	-0.1369	0.169
	==================================================================================
	Q2:
		Shape: Polyhedra
		q_c:	482.0	49.5	279.5
		ub :	488.8372	55.787	286.7551
		lb :	475.1628	43.213	272.2449
		A:
			-0.5859	0.1892	0.788
			-0.6376	-0.6252	-0.45
			0.5467	-0.1848	0.8166
			-0.037	0.9768	0.211
			0.8866	-0.0063	0.4626
			-0.4153	0.5954	-0.6877
			0.8523	0.0986	0.5136
			-0.4575	-0.3352	0.8236
			0.2534	-0.937	-0.2406
			-0.8523	-0.0986	-0.5136
			0.4575	0.3352	-0.8236
			-0.2534	0.937	0.2406
		b:
			-47.926
			-459.9074
			486.8937
			94.0022
			560.3058
			-358.4613
			563.262
			-1.9183
			13.0215
			-555.262
			11.9183
			-4.0215
	==================================================================================
	Q3:
		Shape: Polyhedra
		q_c:	478.5	48.0	283.0
		ub :	482.8735	53.2	288.0887
		lb :	474.1265	42.8	277.9113
		A:
			0.7596	-0.5658	-0.3207
			0.7593	-0.4258	0.4921
			-0.8109	0.2668	0.5209
			-0.197	-0.0963	0.9757
			-0.8318	0.3627	0.4203
			0.8664	0.0866	-0.4919
			0.6903	0.4998	0.5232
			-0.1555	0.8087	-0.5673
			-0.7066	0.3102	0.6359
			-0.6903	-0.4998	-0.5232
			0.1555	-0.8087	0.5673
			0.7066	-0.3102	-0.6359
		b:
			247.8571
			485.5118
			-225.7488
			180.0481
			-259.5297
			281.875
			505.8577
			-192.6289
			-141.2672
			-498.8577
			199.6289
			145.2672
	==================================================================================
	Q4:
		Shape: Ellipse
		q_c:	479.0	46.0	274.0
		ub :	482.242	49.5696	277.4911
		lb :	475.758	42.4304	270.5089
		P^-1:
			0.4791	-0.2867	-0.2335
			-0.2867	0.3662	0.3127
			-0.2335	0.3127	0.4864
	==================================================================================
	Q5:
		Shape: Polyhedra
		q_c:	469.5	59.0	282.0
		ub :	478.0454	64.5629	290.4508
		lb :	460.9546	53.4371	273.5492
		A:
			0.6496	-0.3609	-0.6691
			-0.6421	-0.7192	0.2653
			0.4805	-0.5915	-0.6475
			0.4659	-0.3803	-0.7989
			-0.595	0.3291	0.7332
			0.1921	0.9044	-0.3811
			0.629	0.208	0.7491
			0.254	-0.9656	0.0548
			0.7348	0.1558	-0.6602
			-0.629	-0.208	-0.7491
			-0.254	0.9656	-0.0548
			-0.7348	-0.1558	0.6602
		b:
			99.0435
			-264.6196
			12.367
			-24.407
			-48.9544
			39.7591
			526.3179
			81.2526
			171.9815
			-511.3179
			-74.2526
			-163.9815
	==================================================================================
	Q6:
		Shape: Ellipse
		q_c:	473.5	44.5	285.5
		ub :	480.9766	48.7139	291.6691
		lb :	466.0234	40.2861	279.3309
		P^-1:
			0.0395	0.0014	0.0366
			0.0014	0.1435	0.0243
			0.0366	0.0243	0.1118


===========================================================================================
===========================================================================================
S6:
	q_c:	165.5	178.5	191.0
	ub :	176.8872	180.5114	195.0472
	lb :	159.646	167.5949	181.0529

	==================================================================================
	Q1:
		Shape: Ellipse
		q_c:	173.5	172.5	186.0
		ub :	176.8872	175.6982	188.7588
		lb :	170.1128	169.3018	183.2412
		P^-1:
			0.25	0.0	0.0
			0.0	0.25	0.0
			0.0	0.0	0.25
	==================================================================================
	Q2:
		Shape: Hybrid
		q_c:	164.0	176.0	191.5
		ub :	167.0384	179.4361	195.0472
		lb :	160.9616	172.5639	187.9528
		P^-1:
			0.221	-0.0744	0.0899
			-0.0744	0.2508	-0.1098
			0.0899	-0.1098	0.2927
		A:
			-0.4473	-0.3003	-0.8424
			0.1487	0.8228	-0.5486
			0.4329	0.0297	-0.901
			-0.2959	-0.891	0.3444
			-0.8548	0.4802	0.1965
			0.421	0.2984	0.8566
		b:
			-286.1127
			65.3635
			-94.719
			-137.9334
			-16.5199
			287.0228
	==================================================================================
	Q3:
		Shape: Polyhedra
		q_c:	162.5	170.5	191.5
		ub :	165.354	173.4051	194.6365
		lb :	159.646	167.5949	188.3635
		A:
			0.0045	0.5274	0.8496
			0.5601	-0.7344	-0.3833
			-0.6219	0.4608	0.6331
			0.793	0.5976	0.1184
			0.8671	0.3924	0.3068
			0.2064	0.5455	-0.8123
			0.0728	0.7047	0.7058
			-0.116	0.7088	-0.6958
			-0.9906	-0.0312	0.1333
			-0.0728	-0.7047	-0.7058
			0.116	-0.7088	0.6958
			0.9906	0.0312	-0.1333
		b:
			255.357
			-105.421
			100.993
			255.7547
			268.9194
			-26.9634
			269.1335
			-29.2415
			-138.2565
			-265.1335
			33.2415
			143.2565
	==================================================================================
	Q4:
		Shape: Ellipse
		q_c:	170.0	176.0	189.5
		ub :	173.169	178.2448	192.5625
		lb :	166.831	173.7552	186.4375
		P^-1:
			0.3218	-0.0238	0.1388
			-0.0238	0.4398	0.0269
			0.1388	0.0269	0.2872
	==================================================================================
	Q5:
		Shape: Polyhedra
		q_c:	167.5	177.0	187.5
		ub :	171.9112	180.5114	191.6038
		lb :	163.0888	173.4886	183.3962
		A:
			0.4537	-0.3041	0.8377
			-0.6594	-0.5527	0.5096
			0.3919	-0.8911	0.2288
			-0.5203	0.5861	-0.6211
			0.5507	0.8187	-0.1629
			0.3013	-0.8835	0.3586
			0.297	0.687	0.6631
			-0.9439	0.1063	0.3126
			0.1443	-0.7188	0.6801
			-0.297	-0.687	-0.6631
			0.9439	-0.1063	-0.3126
			-0.1443	0.7188	-0.6801
		b:
			181.2831
			-109.9197
			-47.0272
			-97.9405
			209.2831
			-36.8055
			298.6957
			-77.1675
			25.9603
			-292.6957
			84.1675
			-22.9603
	==================================================================================
	Q6:
		Shape: Ellipse
		q_c:	168.0	176.0	184.0
		ub :	169.9363	179.1728	186.9471
		lb :	166.0637	172.8272	181.0529
		P^-1:
			3.4492	1.1385	0.7291
			1.1385	0.5005	0.2563
			0.7291	0.2563	0.3213


===========================================================================================
===========================================================================================
S7:
	q_c:	474.5	262.5	347.5
	ub :	484.7927	271.753	361.9324
	lb :	464.7883	252.4505	338.7007

	==================================================================================
	Q1:
		Shape: Hybrid
		q_c:	474.5	261.5	343.5
		ub :	478.4478	264.6126	348.2993
		lb :	470.5522	258.3874	338.7007
		P^-1:
			0.1135	-0.0241	-0.0045
			-0.0241	0.2406	-0.0312
			-0.0045	-0.0312	0.0696
		A:
			-0.9471	-0.2956	0.1249
			0.4294	-0.8042	0.4109
			-0.2152	0.7993	-0.5611
			-0.7354	0.6448	-0.2084
			0.1992	-0.9782	0.058
			-0.833	0.1873	0.5206
		b:
			-481.8
			135.9328
			-84.3826
			-250.3982
			-140.3448
			-165.3046
	==================================================================================
	Q2:
		Shape: Polyhedra
		q_c:	477.5	259.5	356.0
		ub :	483.1803	265.8818	361.9324
		lb :	471.8197	253.1182	350.0676
		A:
			-0.5728	-0.7865	-0.231
			0.3457	-0.0855	-0.9344
			0.2349	-0.5808	0.7795
			0.5074	-0.4744	0.7194
			-0.7195	0.5524	0.4209
			0.8241	-0.3093	0.4746
			0.1617	0.422	0.8921
			-0.5301	0.7996	-0.2822
			-0.8324	-0.4272	0.3529
			-0.1617	-0.422	-0.8921
			0.5301	-0.7996	0.2822
			0.8324	0.4272	-0.3529
		b:
			-556.0903
			-185.914
			242.8857
			379.2667
			-46.5172
			486.1394
			508.2749
			-142.0702
			-379.1916
			-500.2749
			150.0702
			386.1916
	==================================================================================
	Q3:
		Shape: Polyhedra
		q_c:	480.5	267.0	353.5
		ub :	484.7927	271.4685	357.1782
		lb :	476.2073	262.5315	349.8218
		A:
			0.0454	0.8891	-0.4554
			0.845	-0.3907	-0.3652
			0.8781	-0.352	-0.3239
			-0.2218	-0.2843	0.9327
			-0.1822	-0.6455	-0.7417
			0.0796	0.3277	-0.9414
			0.6415	0.7172	0.2721
			0.584	-0.2267	-0.7795
			-0.4974	0.6589	-0.5643
			-0.6415	-0.7172	-0.2721
			-0.584	0.2267	0.7795
			0.4974	-0.6589	0.5643
		b:
			101.2034
			174.5839
			215.4819
			149.4342
			-519.5715
			-204.7106
			598.9246
			-53.9501
			-259.5465
			-592.9246
			56.9501
			265.5465
	==================================================================================
	Q4:
		Shape: Polyhedra
		q_c:	469.5	257.5	353.5
		ub :	473.6929	262.5495	357.8864
		lb :	465.3071	252.4505	349.1136
		A:
			-0.6732	0.1755	0.7183
			-0.0033	-0.0851	0.9964
			-0.4551	-0.8499	-0.2655
			0.7438	-0.3586	-0.5641
			0.0121	0.2913	-0.9565
			-0.8698	-0.4643	0.167
			0.8244	0.3106	0.4732
			0.1582	-0.9291	0.3342
			0.5434	-0.2006	-0.8151
			-0.8244	-0.3106	-0.4732
			-0.1582	0.9291	-0.3342
			-0.5434	0.2006	0.8151
		b:
			-14.9466
			331.383
			-522.9726
			59.7105
			-254.4909
			-465.9755
			637.2966
			-42.8443
			-82.6886
			-631.2966
			50.8443
			86.6886
	==================================================================================
	Q5:
		Shape: Polyhedra
		q_c:	479.5	263.5	351.0
		ub :	483.8152	268.9378	356.3144
		lb :	475.1848	258.0622	345.6856
		A:
			0.7683	0.0683	-0.6364
			-0.7036	-0.5313	0.472
			0.1821	-0.0275	-0.9829
			-0.3942	0.8911	0.2248
			0.7892	-0.5754	0.2147
			0.9383	-0.2352	-0.2535
			0.1726	0.5366	0.826
			0.5022	0.6735	-0.5424
			-0.8474	0.5084	-0.1532
			-0.1726	-0.5366	-0.826
			-0.5022	-0.6735	0.5424
			0.8474	-0.5084	0.1532
		b:
			166.0526
			-308.7079
			-261.2488
			127.8149
			304.6961
			301.6109
			518.0645
			230.8713
			-323.6377
			-510.0645
			-224.8713
			328.6377
	==================================================================================
	Q6:
		Shape: Hybrid
		q_c:	469.5	267.0	346.0
		ub :	474.2117	271.753	350.313
		lb :	464.7883	262.247	341.687
		P^-1:
			0.1174	0.0051	-0.0216
			0.0051	0.0883	0.0146
			-0.0216	0.0146	0.147
		A:
			0.6023	0.6669	0.4387
			-0.0051	0.1457	0.9893
			0.3883	-0.0535	0.92
			-0.2112	0.185	-0.9598
			0.2797	0.6156	0.7367
			0.8782	0.4309	0.2075
		b:
			614.4078
			380.1842
			487.9896
			-380.1855
			552.2122
			600.9234


===========================================================================================
===========================================================================================
S8:
	q_c:	368.5	328.5	308.5
	ub :	386.4755	351.82	333.7893
	lb :	351.0995	306.4353	290.2941

	==================================================================================
	Q1:
		Shape: Polyhedra
		q_c:	368.5	344.0	299.5
		ub :	377.8201	351.82	308.7059
		lb :	359.1799	336.18	290.2941
		A:
			-0.5782	-0.7327	-0.359
			0.2119	0.1432	0.9667
			0.3178	-0.384	0.8669
			0.1945	0.9637	0.1828
			-0.4335	0.659	-0.6147
			-0.5727	0.8144	0.0931
			0.4436	0.7972	0.4096
			0.6815	-0.0033	-0.7318
			-0.582	0.6038	-0.5448
			-0.4436	-0.7972	-0.4096
			-0.6815	0.0033	0.7318
			0.582	-0.6038	0.5448
		b:
			-566.6435
			422.416
			249.8076
			463.8186
			-112.1234
			102.3176
			566.3601
			36.3435
			-164.9227
			-554.3601
			-25.3435
			174.9227
	==================================================================================
	Q2:
		Shape: Hybrid
		q_c:	376.5	314.0	299.0
		ub :	386.4755	321.3985	307.0097
		lb :	366.5245	306.6015	290.9903
		P^-1:
			0.0195	-0.0039	0.0022
			-0.0039	0.0319	0.001
			0.0022	0.001	0.0272
		A:
			-0.0019	-0.6841	-0.7294
			0.3651	-0.9302	-0.0382
			0.5641	-0.5629	-0.6041
			-0.6101	0.6056	0.5108
			0.7463	0.5326	0.3992
			-0.8962	-0.3061	-0.3212
		b:
			-430.6047
			-163.2987
			-141.5337
			116.6172
			571.6472
			-525.2382
	==================================================================================
	Q3:
		Shape: Polyhedra
		q_c:	367.5	320.5	323.0
		ub :	377.3777	326.5657	333.7893
		lb :	357.6223	314.4343	312.2107
		A:
			0.0633	-0.8357	-0.5456
			0.5759	0.1841	-0.7965
			-0.3619	0.825	0.4341
			0.7289	-0.5384	-0.4229
			0.156	-0.8143	-0.5591
			0.1763	-0.7855	-0.5932
			0.8947	0.0807	0.4393
			-0.258	0.8962	0.361
			-0.3645	-0.4363	0.8226
			-0.8947	-0.0807	-0.4393
			0.258	-0.8962	-0.361
			0.3645	0.4363	-0.8226
		b:
			-418.0193
			21.5281
			273.9506
			-36.6127
			-381.5839
			-375.6926
			503.5526
			310.9911
			0.4077
			-489.5526
			-306.9911
			16.5923
	==================================================================================
	Q4:
		Shape: Hybrid
		q_c:	361.5	325.0	305.0
		ub :	370.5867	334.7924	313.5696
		lb :	352.4133	315.2076	296.4304
		P^-1:
			0.0318	-0.0029	-0.0086
			-0.0029	0.0287	0.0086
			-0.0086	0.0086	0.0403
		A:
			-0.3874	-0.7497	0.5365
			-0.1477	-0.871	-0.4685
			0.5846	-0.3958	0.7082
			0.5563	-0.3436	0.7566
			-0.4988	-0.0629	0.8644
			-0.0783	0.7092	0.7007
		b:
			-216.1552
			-476.1228
			302.8249
			324.2506
			65.5655
			418.5451
	==================================================================================
	Q5:
		Shape: Polyhedra
		q_c:	363.0	322.0	306.0
		ub :	374.9005	330.9591	318.2227
		lb :	351.0995	313.0409	293.7773
		A:
			-0.3654	0.8244	-0.4323
			-0.7493	0.6622	-0.0092
			-0.3722	0.3664	-0.8528
			0.0118	0.4757	0.8795
			0.0346	-0.8411	0.5398
			-0.0751	0.6992	-0.711
			0.5025	0.6846	0.528
			-0.54	0.7255	-0.4268
			-0.6752	-0.0707	0.7342
			-0.5025	-0.6846	-0.528
			0.54	-0.7255	0.4268
			0.6752	0.0707	-0.7342
		b:
			4.3312
			-56.6069
			-272.5346
			435.0925
			-87.8154
			-14.3141
			572.9244
			-89.4934
			-34.7009
			-555.9244
			96.4934
			51.7009
	==================================================================================
	Q6:
		Shape: Ellipse
		q_c:	365.0	315.0	317.5
		ub :	373.2965	323.5647	323.5385
		lb :	356.7035	306.4353	311.4615
		P^-1:
			0.3951	0.3394	-0.3348
			0.3394	0.3231	-0.3011
			-0.3348	-0.3011	0.3233


===========================================================================================
===========================================================================================
S9:
	q_c:	111.0	120.5	480.5
	ub :	135.2522	144.2898	508.2342
	lb :	90.8753	88.339	452.2122

	==================================================================================
	Q1:
		Shape: Polyhedra
		q_c:	108.5	103.0	468.0
		ub :	123.4697	117.661	478.9288
		lb :	93.5303	88.339	457.0712
		A:
			-0.7978	-0.0363	0.6018
			0.1509	0.0625	-0.9866
			-0.9746	-0.2237	0.0115
			-0.381	0.7331	-0.5634
			0.0788	-0.5266	-0.8464
			0.9746	-0.1498	-0.1662
			0.2815	0.1997	0.9386
			-0.7254	0.6846	0.0719
			-0.6282	-0.7011	0.3375
			-0.2815	-0.1997	-0.9386
			0.7254	-0.6846	-0.0719
			0.6282	0.7011	-0.3375
		b:
			200.6353
			-430.8855
			-114.0574
			-220.4605
			-433.8273
			22.0138
			497.8546
			34.961
			27.0885
			-482.8546
			-15.961
			-8.0885
	==================================================================================
	Q2:
		Shape: Polyhedra
		q_c:	117.5	125.0	492.5
		ub :	131.0992	141.4375	508.2342
		lb :	103.9008	108.5625	476.7658
		A:
			-0.0042	-0.3335	-0.9428
			0.8009	0.4741	-0.3657
			-0.0909	-0.9834	0.157
			0.4251	0.8668	-0.2607
			0.8755	-0.3728	0.3073
			0.0246	0.7706	-0.6368
			0.5828	0.6482	0.49
			-0.8099	0.5122	0.2857
			-0.0658	-0.5634	0.8236
			-0.5828	-0.6482	-0.49
			0.8099	-0.5122	-0.2857
			0.0658	0.5634	-0.8236
		b:
			-497.056
			-16.9677
			-46.5278
			39.439
			217.7643
			-203.551
			398.3443
			120.0689
			338.449
			-383.3443
			-99.0689
			-316.449
	==================================================================================
	Q3:
		Shape: Polyhedra
		q_c:	126.5	133.5	481.0
		ub :	133.4286	144.2898	490.0289
		lb :	119.5714	122.7102	471.9711
		A:
			-0.0967	-0.0111	-0.9952
			-0.363	-0.5469	0.7544
			0.9639	0.0234	-0.2652
			-0.377	0.2784	-0.8834
			-0.6666	-0.5045	0.5487
			0.8718	-0.2785	0.403
			0.1319	0.9208	0.367
			0.8553	0.0814	-0.5117
			-0.5011	0.3813	-0.7769
			-0.1319	-0.9208	-0.367
			-0.8553	-0.0814	0.5117
			0.5011	-0.3813	0.7769
		b:
			-486.9565
			248.777
			1.5717
			-430.8517
			117.3174
			271.2982
			325.6291
			-123.0433
			-381.6449
			-306.6291
			131.0433
			390.6449
	==================================================================================
	Q4:
		Shape: Ellipse
		q_c:	107.0	107.5	472.5
		ub :	120.6906	121.0165	485.3992
		lb :	93.3094	93.9835	459.6008
		P^-1:
			0.017	0.0021	0.0039
			0.0021	0.0133	0.0021
			0.0039	0.0021	0.0125
	==================================================================================
	Q5:
		Shape: Ellipse
		q_c:	97.0	116.0	492.0
		ub :	103.1247	122.1335	496.8619
		lb :	90.8753	109.8665	487.1381
		P^-1:
			0.1056	0.0873	0.0514
			0.0873	0.142	0.0485
			0.0514	0.0485	0.1171
	==================================================================================
	Q6:
		Shape: Polyhedra
		q_c:	118.0	120.5	468.5
		ub :	135.2522	137.7732	484.7878
		lb :	100.7478	103.2268	452.2122
		A:
			0.4401	0.8959	0.0604
			0.5006	0.7975	0.3368
			-0.2501	0.232	0.94
			-0.4648	0.7573	0.4587
			0.0573	0.9928	0.1055
			-0.0422	-0.4709	-0.8812
			0.3592	0.5116	0.7805
			0.7389	0.355	-0.5727
			-0.5701	0.7825	-0.2505
			-0.3592	-0.5116	-0.7805
			-0.7389	-0.355	0.5727
			0.5701	-0.7825	0.2505
		b:
			198.3984
			323.0378
			448.8456
			261.8826
			186.3231
			-464.5382
			479.7173
			-128.3588
			-79.327
			-459.7173
			148.3588
			101.327


===========================================================================================
===========================================================================================
S10:
	q_c:	442.0	286.0	268.5
	ub :	460.1426	307.4339	295.3856
	lb :	418.5249	276.1253	257.1401

	==================================================================================
	Q1:
		Shape: Ellipse
		q_c:	436.5	290.5	264.5
		ub :	445.6788	299.9006	271.8599
		lb :	427.3212	281.0994	257.1401
		P^-1:
			0.0457	0.0113	0.0237
			0.0113	0.0267	0.0056
			0.0237	0.0056	0.0627
	==================================================================================
	Q2:
		Shape: Polyhedra
		q_c:	427.5	285.5	271.5
		ub :	436.4751	294.5037	279.9048
		lb :	418.5249	276.4963	263.0952
		A:
			0.2678	-0.3916	0.8803
			0.7494	0.6586	-0.068
			-0.3939	0.2618	0.8811
			0.8953	0.3596	0.263
			-0.3566	0.1781	0.9171
			0.752	0.0821	0.6541
			0.6265	0.5164	0.5838
			0.7677	-0.5385	-0.3475
			0.1349	0.6659	-0.7338
			-0.6265	-0.5164	-0.5838
			-0.7677	0.5385	0.3475
			-0.1349	-0.6659	0.7338
		b:
			246.1025
			495.0578
			151.3017
			562.4305
			152.9437
			527.9517
			579.2627
			86.6022
			52.5664
			-568.2627
			-73.6022
			-44.5664
	==================================================================================
	Q3:
		Shape: Ellipse
		q_c:	442.0	286.5	270.0
		ub :	448.195	292.7539	275.2529
		lb :	435.805	280.2461	264.7471
		P^-1:
			0.053	0.0058	0.0005
			0.0058	0.0588	0.0008
			0.0005	0.0008	0.0494
	==================================================================================
	Q4:
		Shape: Hybrid
		q_c:	432.5	284.0	288.0
		ub :	436.0847	291.8747	295.3856
		lb :	428.9153	276.1253	280.6144
		P^-1:
			0.1568	-0.0174	0.0055
			-0.0174	0.0419	-0.0201
			0.0055	-0.0201	0.0475
		A:
			0.4512	-0.6688	-0.5909
			-0.9654	-0.0539	-0.2552
			-0.2882	-0.4933	0.8207
			0.819	-0.4073	-0.4042
			-0.8332	0.5524	-0.0267
			0.7922	-0.5039	0.3442
		b:
			-160.5209
			-504.5777
			-25.5951
			124.8807
			-209.0965
			300.351
	==================================================================================
	Q5:
		Shape: Polyhedra
		q_c:	449.5	298.0	272.5
		ub :	460.1426	307.4339	282.9766
		lb :	438.8574	288.5661	262.0234
		A:
			-0.9488	-0.2371	-0.2087
			-0.5048	0.7291	0.4622
			-0.2563	-0.8874	-0.3833
			0.0415	-0.1919	-0.9805
			-0.9976	0.0686	0.0033
			0.3985	-0.3293	-0.856
			0.128	0.7232	0.6786
			-0.4019	0.6634	-0.6312
			-0.9067	-0.1919	0.3755
			-0.128	-0.7232	-0.6786
			0.4019	-0.6634	0.6312
			0.9067	0.1919	-0.3755
		b:
			-546.6728
			122.2179
			-479.103
			-300.0258
			-419.3036
			-146.1184
			462.4746
			-147.9473
			-354.4377
			-453.4746
			161.9473
			370.4377
	==================================================================================
	Q6:
		Shape: Polyhedra
		q_c:	447.0	296.5	266.0
		ub :	452.3117	302.1814	272.2698
		lb :	441.6883	290.8186	259.7302
		A:
			-0.8589	0.5042	-0.0895
			0.033	0.9715	0.2346
			-0.5274	-0.8496	-0.0003
			-0.5387	0.7849	0.3062
			0.6986	0.5012	0.5107
			-0.8242	-0.5202	0.2237
			0.5592	0.6695	0.4889
			0.3115	0.3768	-0.8723
			-0.7683	0.6401	0.0021
			-0.5592	-0.6695	-0.4889
			-0.3115	-0.3768	0.8723
			0.7683	-0.6401	-0.0021
		b:
			-255.7242
			368.168
			-484.0055
			76.0277
			599.6925
			-458.9732
			581.5185
			24.4556
			-150.5828
			-575.5185
			-13.4556
			155.5828


===========================================================================================
===========================================================================================
S11:
	q_c:	36.5	466.0	402.5
	ub :	51.8892	482.95	422.3609
	lb :	21.0372	451.3341	394.0531

	==================================================================================
	Q1:
		Shape: Polyhedra
		q_c:	25.5	472.0	399.5
		ub :	29.9628	475.9967	404.9469
		lb :	21.0372	468.0033	394.0531
		A:
			-0.5085	0.6945	0.509
			-0.8206	-0.0466	0.5696
			0.4065	0.5325	0.7424
			-0.6681	-0.5895	0.454
			-0.5107	-0.0158	0.8596
			-0.2002	-0.5677	-0.7985
			0.0974	0.9868	0.1292
			0.9945	-0.1016	0.0257
			0.0385	0.126	-0.9913
			-0.0974	-0.9868	-0.1292
			-0.9945	0.1016	-0.0257
			-0.0385	-0.126	0.9913
		b:
			521.9584
			189.0409
			562.385
			-109.8913
			327.7023
			-587.9123
			522.8853
			-8.3046
			-330.5627
			-516.8853
			16.3046
			340.5627
	==================================================================================
	Q2:
		Shape: Hybrid
		q_c:	32.0	460.0	409.5
		ub :	40.4482	468.6659	414.5973
		lb :	23.5518	451.3341	404.4027
		P^-1:
			0.0367	-0.0033	-0.0174
			-0.0033	0.0368	-0.0215
			-0.0174	-0.0215	0.1012
		A:
			-0.0664	0.0171	0.9976
			0.3783	-0.4783	-0.7925
			0.6565	0.1429	-0.7407
			0.2093	-0.3033	-0.9296
			-0.0183	-0.9943	-0.1052
			0.6141	0.2398	-0.752
		b:
			416.2562
			-529.546
			-214.3583
			-510.9299
			-496.7027
			-175.7934
	==================================================================================
	Q3:
		Shape: Hybrid
		q_c:	43.5	470.5	402.5
		ub :	51.8892	477.1328	407.8839
		lb :	35.1108	463.8672	397.1161
		P^-1:
			0.042	0.0346	0.0219
			0.0346	0.0938	-0.0109
			0.0219	-0.0109	0.1042
		A:
			-0.2418	-0.537	-0.8082
			0.3998	-0.6087	0.6853
			-0.7511	0.2978	-0.5892
			0.061	-0.538	-0.8407
			0.4504	0.8066	-0.3827
			-0.2423	-0.9374	-0.2502
		b:
			-586.5347
			9.4641
			-126.0161
			-585.7531
			246.7183
			-550.2802
	==================================================================================
	Q4:
		Shape: Hybrid
		q_c:	38.0	478.0	417.5
		ub :	42.545	481.9781	422.3609
		lb :	33.455	474.0219	412.6391
		P^-1:
			0.4068	-0.2978	0.338
			-0.2978	0.3421	-0.288
			0.338	-0.288	0.3952
		A:
			-0.785	0.566	-0.2517
			0.8805	-0.4538	0.1372
			-0.8269	0.3073	-0.4709
			0.4831	-0.7043	0.5201
			-0.5871	0.7268	-0.3564
			-0.7197	0.3426	-0.6039
		b:
			136.8892
			-124.4674
			-80.0483
			-100.3906
			177.258
			-114.9313
	==================================================================================
	Q5:
		Shape: Hybrid
		q_c:	30.5	474.0	410.5
		ub :	39.7446	482.95	419.8017
		lb :	21.2554	465.05	401.1983
		P^-1:
			0.0362	-0.0028	0.0072
			-0.0028	0.0379	0.0053
			0.0072	0.0053	0.0263
		A:
			-0.006	0.7181	0.6959
			-0.5181	-0.8424	-0.1483
			0.0295	0.6111	0.791
			0.4455	0.6693	-0.5946
			-0.8183	0.2762	-0.504
			-0.8934	-0.3831	-0.2349
		b:
			628.6529
			-473.1253
			618.223
			90.9528
			-98.4076
			-302.4958
	==================================================================================
	Q6:
		Shape: Ellipse
		q_c:	40.0	474.5	412.0
		ub :	42.9745	480.285	418.0386
		lb :	37.0255	468.715	405.9614
		P^-1:
			0.16	0.0013	-0.0015
			0.0013	0.1067	0.0626
			-0.0015	0.0626	0.0863


===========================================================================================
===========================================================================================
S12:
	q_c:	245.0	144.5	277.0
	ub :	255.2775	152.2392	289.1417
	lb :	235.75	132.3485	274.1821

	==================================================================================
	Q1:
		Shape: Polyhedra
		q_c:	242.0	138.0	279.0
		ub :	247.3123	143.6515	283.8179
		lb :	236.6877	132.3485	274.1821
		A:
			0.4987	0.8565	-0.1331
			0.4014	0.7873	0.468
			-0.3905	-0.4599	-0.7975
			-0.1575	0.925	0.3458
			-0.7623	-0.2347	-0.6032
			-0.7064	-0.0786	-0.7035
			0.5765	0.2646	0.773
			-0.6922	0.6609	0.29
			-0.4342	-0.7023	0.5642
			-0.5765	-0.2646	-0.773
			0.6922	-0.6609	-0.29
			0.4342	0.7023	-0.5642
		b:
			205.4638
			339.1498
			-378.3249
			189.3832
			-383.0071
			-375.9397
			393.7168
			8.1039
			-40.5617
			-389.7168
			-1.1039
			48.5617
	==================================================================================
	Q2:
		Shape: Hybrid
		q_c:	239.5	148.0	285.5
		ub :	243.25	150.8885	289.1417
		lb :	235.75	145.1115	281.8583
		P^-1:
			0.2472	0.1246	0.0409
			0.1246	0.338	0.0585
			0.0409	0.0585	0.1792
		A:
			0.6126	0.6834	0.3971
			-0.213	0.7757	-0.5941
			-0.3024	-0.6834	-0.6645
			-0.3813	0.9232	0.048
			0.6668	0.7162	-0.2059
			0.7917	0.3629	0.4914
		b:
			362.0359
			-104.1701
			-362.2553
			60.5301
			207.9325
			384.7059
	==================================================================================
	Q3:
		Shape: Hybrid
		q_c:	242.0	149.5	281.0
		ub :	246.4882	152.2392	283.8524
		lb :	237.5118	146.7608	278.1476
		P^-1:
			0.1201	-0.0491	0.1994
			-0.0491	0.3877	-0.2914
			0.1994	-0.2914	0.8047
		A:
			-0.1859	0.7842	-0.5921
			0.3219	-0.4265	0.8452
			-0.0286	0.8183	-0.574
			-0.483	0.1331	-0.8654
			-0.0345	0.5065	0.8616
			-0.5909	0.3238	-0.7389
		b:
			-93.3321
			252.2252
			-45.0553
			-339.2647
			311.1454
			-300.9364
	==================================================================================
	Q4:
		Shape: Hybrid
		q_c:	241.5	148.5	281.0
		ub :	244.7222	152.1979	284.3842
		lb :	238.2778	144.8021	277.6158
		P^-1:
			0.2378	-0.0192	-0.0241
			-0.0192	0.2198	-0.0379
			-0.0241	-0.0379	0.2024
		A:
			0.7304	0.6064	0.3143
			0.4396	0.8609	-0.2561
			-0.3019	0.5564	0.7741
			-0.4278	0.7036	-0.5674
			0.3705	-0.4178	0.8296
			0.511	-0.1224	-0.8508
		b:
			356.1314
			163.1769
			228.544
			-157.2483
			261.6881
			-132.7171
	==================================================================================
	Q5:
		Shape: Ellipse
		q_c:	251.5	142.0	280.5
		ub :	255.2775	145.5555	283.2835
		lb :	247.7225	138.4445	277.7165
		P^-1:
			0.2139	0.0106	-0.1109
			0.0106	0.1621	-0.0219
			-0.1109	-0.0219	0.3885
	==================================================================================
	Q6:
		Shape: Hybrid
		q_c:	241.0	148.0	278.0
		ub :	245.3499	152.0094	281.7025
		lb :	236.6501	143.9906	274.2975
		P^-1:
			0.1704	0.0117	-0.0565
			0.0117	0.1713	-0.0402
			-0.0565	-0.0402	0.1794
		A:
			0.9758	-0.214	0.0458
			0.9862	-0.1305	-0.1019
			-0.7157	-0.3355	-0.6126
			0.3702	-0.1333	0.9193
			0.7256	0.6871	0.0372
			0.9817	0.1735	0.0783
		b:
			217.8156
			191.495
			-390.443
			326.8104
			288.47
			285.6721


===========================================================================================
===========================================================================================
