3D_30_8_6_c                l = 3

===========================================================================================
===========================================================================================
S1:
	q_c:	432.0	291.5	258.5
	ub :	454.1357	311.3313	275.0175
	lb :	411.977	277.3911	231.9628

	==================================================================================
	Q1:
		Shape: Ellipse
		q_c:	419.5	299.5	239.0
		ub :	427.023	307.1495	246.0372
		lb :	411.977	291.8505	231.9628
		P^-1:
			0.0486	0.001	-0.0024
			0.001	0.0481	0.0031
			-0.0024	0.0031	0.0421
	==================================================================================
	Q2:
		Shape: Polyhedra
		q_c:	423.5	301.5	267.0
		ub :	431.1322	309.3377	275.0175
		lb :	415.8678	293.6623	258.9825
		A:
			0.4342	0.8514	0.2941
			0.3586	-0.2094	0.9097
			-0.937	0.2087	0.28
			-0.0808	0.8516	0.518
			-0.1543	-0.779	-0.6078
			0.0779	0.8589	-0.5062
			0.8668	0.4534	0.2075
			-0.1628	-0.1361	0.9772
			0.4713	-0.8809	-0.0442
			-0.8668	-0.4534	-0.2075
			0.1628	0.1361	-0.9772
			-0.4713	0.8809	0.0442
		b:
			523.9964
			338.1443
			-253.7597
			366.4529
			-456.9707
			162.8259
			563.7018
			157.9581
			-72.2719
			-554.7018
			-143.9581
			83.2719
	==================================================================================
	Q3:
		Shape: Polyhedra
		q_c:	444.5	303.5	263.0
		ub :	453.0331	311.3313	266.9431
		lb :	435.9669	295.6687	259.0569
		A:
			-0.8087	0.5679	-0.1532
			-0.5739	0.7788	-0.2533
			0.3413	-0.0235	-0.9396
			-0.3395	0.4517	-0.8251
			-0.4854	0.8728	0.0513
			-0.8481	0.1962	-0.4922
			0.7808	0.6236	0.0391
			0.6248	-0.7798	-0.0387
			0.0063	0.0547	-0.9985
			-0.7808	-0.6236	-0.0391
			-0.6248	0.7798	0.0387
			-0.0063	-0.0547	0.9985
		b:
			-223.623
			-82.2807
			-98.6966
			-227.4202
			65.9336
			-441.4174
			555.0948
			33.8537
			-239.6948
			-538.0948
			-27.8537
			246.6948
	==================================================================================
	Q4:
		Shape: Hybrid
		q_c:	443.5	288.0	254.5
		ub :	454.1357	298.6089	261.9074
		lb :	432.8643	277.3911	247.0926
		P^-1:
			0.0251	-0.0096	0.0109
			-0.0096	0.0305	-0.0152
			0.0109	-0.0152	0.0484
		A:
			0.0093	0.1984	-0.9801
			-0.0139	-0.2626	0.9648
			0.9913	-0.1313	0.0064
			0.8337	-0.2035	0.5134
			-0.5001	-0.2057	-0.8412
			0.1666	0.0219	0.9858
		b:
			-185.4339
			166.4055
			408.1212
			445.1756
			-491.4777
			334.0326
	==================================================================================
	Q5:
		Shape: Hybrid
		q_c:	441.5	297.5	245.0
		ub :	452.3378	307.4409	252.7024
		lb :	430.6622	287.5591	237.2976
		P^-1:
			0.0406	0.0149	0.0561
			0.0149	0.022	0.03
			0.0561	0.03	0.1236
		A:
			-0.2674	-0.3825	-0.8844
			-0.3852	0.7975	0.4643
			-0.6288	-0.729	-0.2703
			0.6149	0.6402	0.4606
			-0.3503	-0.4255	-0.8344
			0.7094	0.7046	-0.0141
		b:
			-446.6552
			187.586
			-555.3695
			578.9183
			-483.8898
			526.0394
	==================================================================================
	Q6:
		Shape: Hybrid
		q_c:	431.0	292.5	259.5
		ub :	437.6798	303.1421	269.9092
		lb :	424.3202	281.8579	249.0908
		P^-1:
			0.0562	0.012	0.0105
			0.012	0.0246	-0.0029
			0.0105	-0.0029	0.0251
		A:
			0.1236	-0.977	-0.1738
			-0.4846	-0.3975	0.7792
			0.1451	-0.2859	-0.9472
			0.7022	0.0527	0.71
			-0.6536	-0.4841	0.5818
			0.8617	0.5049	0.0501
		b:
			-272.2072
			-118.8041
			-261.4759
			505.1433
			-268.7617
			534.3341


===========================================================================================
===========================================================================================
S2:
	q_c:	62.5	21.0	305.5
	ub :	85.6889	39.8404	335.6679
	lb :	44.3724	-4.1462	273.1996

	==================================================================================
	Q1:
		Shape: Polyhedra
		q_c:	69.5	28.0	314.0
		ub :	81.8051	39.8404	323.113
		lb :	57.1949	16.1596	304.887
		A:
			-0.5249	0.6753	-0.5182
			-0.2878	-0.3889	-0.8752
			0.4368	-0.3079	0.8452
			-0.4649	-0.4105	-0.7844
			-0.084	-0.6088	-0.7889
			0.1153	0.4027	0.908
			0.5201	0.1774	0.8354
			-0.5281	0.8356	0.1513
			-0.6712	-0.5199	0.5283
			-0.5201	-0.1774	-0.8354
			0.5281	-0.8356	-0.1513
			0.6712	0.5199	-0.5283
		b:
			-173.9681
			-302.0646
			292.0428
			-286.6311
			-265.8133
			308.84
			306.4471
			41.205
			115.1906
			-300.4471
			-27.205
			-94.1906
	==================================================================================
	Q2:
		Shape: Polyhedra
		q_c:	56.5	8.5	298.0
		ub :	66.1619	19.6058	309.499
		lb :	46.8381	-2.6058	286.501
		A:
			-0.0955	-0.979	-0.1802
			0.4436	-0.6766	-0.5878
			0.4333	0.375	0.8195
			-0.5038	0.5341	0.679
			-0.2418	0.0373	0.9696
			-0.5735	0.6011	0.5566
			0.672	0.2619	0.6927
			-0.2068	-0.8318	0.5151
			0.7111	-0.4894	-0.5048
			-0.672	-0.2619	-0.6927
			0.2068	0.8318	-0.5151
			-0.7111	0.4894	0.5048
		b:
			-60.0456
			-150.9462
			278.7095
			183.1399
			282.0722
			143.1938
			253.6128
			143.2492
			-109.9259
			-239.6128
			-126.2492
			118.9259
	==================================================================================
	Q3:
		Shape: Polyhedra
		q_c:	57.5	12.0	322.0
		ub :	70.6276	24.7847	335.6679
		lb :	44.3724	-0.7847	308.3321
		A:
			-0.2654	-0.5291	0.806
			-0.9339	0.2058	-0.2924
			0.4553	0.2848	0.8435
			-0.5417	-0.8213	-0.1788
			0.1847	0.9828	-0.009
			-0.1757	0.9777	0.1146
			0.8135	0.2622	0.5191
			-0.346	-0.4993	0.7944
			0.4675	-0.8258	-0.3154
			-0.8135	-0.2622	-0.5191
			0.346	0.4993	-0.7944
			-0.4675	0.8258	0.3154
		b:
			246.9059
			-137.5247
			309.3212
			-90.4719
			27.6007
			46.2411
			225.0686
			238.9082
			-77.1031
			-209.0686
			-220.9082
			92.1031
	==================================================================================
	Q4:
		Shape: Hybrid
		q_c:	66.5	3.5	324.5
		ub :	75.8369	9.8767	335.1436
		lb :	57.1631	-2.8767	313.8564
		P^-1:
			0.0374	-0.012	-0.0145
			-0.012	0.2097	-0.0868
			-0.0145	-0.0868	0.0623
		A:
			-0.2556	-0.6988	0.6681
			-0.49	-0.3848	0.7822
			-0.0661	0.9427	-0.3269
			-0.7309	-0.6317	0.2582
			-0.0126	0.9982	-0.0585
			-0.1988	0.8323	-0.5175
		b:
			199.1344
			222.824
			-106.0826
			37.3073
			-13.6307
			-176.4138
	==================================================================================
	Q5:
		Shape: Ellipse
		q_c:	67.5	12.0	311.0
		ub :	79.0924	22.3398	321.208
		lb :	55.9076	1.6602	300.792
		P^-1:
			0.0263	0.0084	0.0224
			0.0084	0.0236	0.0043
			0.0224	0.0043	0.0462
	==================================================================================
	Q6:
		Shape: Polyhedra
		q_c:	74.0	7.5	284.5
		ub :	85.6889	19.1462	295.8004
		lb :	62.3111	-4.1462	273.1996
		A:
			0.623	-0.5081	0.5947
			0.8118	-0.0677	-0.58
			-0.2581	0.9596	-0.1122
			-0.8442	-0.3653	0.3922
			-0.3599	0.7669	-0.5314
			-0.77	0.4613	0.4408
			0.5212	0.5386	0.6621
			-0.5045	-0.4313	0.748
			0.6884	-0.7238	0.047
			-0.5212	-0.5386	-0.6621
			0.5045	0.4313	-0.748
			-0.6884	0.7238	-0.047
		b:
			217.9989
			-100.0999
			-38.0041
			52.7826
			-166.777
			77.1881
			241.4665
			177.7249
			63.8688
			-220.4665
			-166.7249
			-53.8688


===========================================================================================
===========================================================================================
S3:
	q_c:	325.0	152.0	295.5
	ub :	335.1224	166.0346	308.0917
	lb :	314.5752	140.4852	284.1572

	==================================================================================
	Q1:
		Shape: Polyhedra
		q_c:	322.5	154.0	298.0
		ub :	327.0978	157.8901	302.7565
		lb :	317.9022	150.1099	293.2435
		A:
			-0.6886	0.6882	0.2285
			0.4868	-0.8731	-0.0252
			0.8017	-0.2264	-0.5532
			-0.3805	0.6842	-0.6222
			0.2388	-0.8467	0.4754
			0.934	-0.3564	0.0255
			0.6714	0.7244	0.1566
			0.3095	-0.082	-0.9474
			-0.6734	0.6845	-0.2792
			-0.6714	-0.7244	-0.1566
			-0.3095	0.082	0.9474
			0.6734	-0.6845	0.2792
		b:
			-45.6362
			17.0164
			62.2153
			-200.5452
			90.5131
			256.1379
			378.2398
			-191.1344
			-193.4843
			-371.2398
			199.1344
			196.4843
	==================================================================================
	Q2:
		Shape: Polyhedra
		q_c:	324.0	145.5	289.0
		ub :	329.2232	150.5148	293.8428
		lb :	318.7768	140.4852	284.1572
		A:
			0.1505	-0.4347	0.8879
			0.0147	-0.8592	0.5115
			-0.3513	0.6175	-0.7037
			-0.4371	-0.041	0.8985
			-0.2514	-0.8624	0.4395
			0.9118	-0.2953	-0.2855
			0.9542	0.1865	0.2341
			-0.0554	-0.6585	0.7506
			0.2941	-0.7292	-0.6179
			-0.9542	-0.1865	-0.2341
			0.0554	0.6585	-0.7506
			-0.2941	0.7292	0.6179
		b:
			244.0903
			29.5674
			-225.219
			115.3049
			-77.696
			174.1562
			407.9267
			104.6484
			-184.896
			-399.9267
			-101.6484
			193.896
	==================================================================================
	Q3:
		Shape: Hybrid
		q_c:	331.0	155.5	294.0
		ub :	335.1224	157.6039	298.2589
		lb :	326.8776	153.3961	289.7411
		P^-1:
			0.1171	-0.0535	0.0088
			-0.0535	0.4357	-0.0002
			0.0088	-0.0002	0.0844
		A:
			-0.1086	0.9039	0.4137
			-0.2903	0.6927	0.6603
			-0.1709	0.8758	-0.4513
			0.206	-0.8919	0.4025
			-0.0127	0.9146	-0.4042
			-0.0234	0.9469	-0.3207
		b:
			227.4543
			207.6085
			-51.7828
			49.0448
			20.4235
			46.3022
	==================================================================================
	Q4:
		Shape: Hybrid
		q_c:	327.5	149.0	296.0
		ub :	332.6345	153.8621	300.7164
		lb :	322.3655	144.1379	291.2836
		P^-1:
			0.1219	-0.0332	-0.0074
			-0.0332	0.1302	-0.0132
			-0.0074	-0.0132	0.1006
		A:
			0.0603	-0.9982	-0.0044
			-0.9314	0.1868	0.3125
			-0.8613	0.3397	0.3777
			-0.98	-0.083	-0.181
			-0.9512	0.2716	0.1464
			-0.4907	-0.1524	-0.8579
		b:
			-128.6634
			-183.1376
			-118.195
			-385.006
			-226.2229
			-435.2322
	==================================================================================
	Q5:
		Shape: Polyhedra
		q_c:	320.5	147.0	294.0
		ub :	326.4248	151.1236	299.2368
		lb :	314.5752	142.8764	288.7632
		A:
			-0.4044	-0.3714	0.8358
			-0.1148	-0.9483	0.2959
			-0.6394	0.6868	-0.3456
			0.4383	-0.7619	0.4769
			-0.1456	0.7554	-0.6389
			0.8115	-0.5577	-0.1745
			0.7992	0.419	0.4309
			0.4309	-0.8992	0.0752
			0.419	0.1255	-0.8993
			-0.7992	-0.419	-0.4309
			-0.4309	0.8992	-0.0752
			-0.419	-0.1255	0.8993
		b:
			64.9505
			-86.4218
			-203.0378
			171.119
			-120.7979
			129.5185
			448.9259
			30.0374
			-108.1458
			-439.9259
			-26.0374
			115.1458
	==================================================================================
	Q6:
		Shape: Ellipse
		q_c:	328.0	159.5	301.5
		ub :	333.5848	166.0346	308.0917
		lb :	322.4152	152.9654	294.9083
		P^-1:
			0.0715	-0.0072	0.0063
			-0.0072	0.0682	-0.005
			0.0063	-0.005	0.0669


===========================================================================================
===========================================================================================
S4:
	q_c:	310.0	370.0	344.5
	ub :	318.512	377.5207	350.6297
	lb :	303.6846	363.2036	337.3436

	==================================================================================
	Q1:
		Shape: Polyhedra
		q_c:	308.0	370.5	344.0
		ub :	312.1497	374.6745	346.8135
		lb :	303.8503	366.3255	341.1865
		A:
			-0.6776	0.2332	-0.6975
			0.4168	-0.2652	-0.8694
			0.3335	-0.0936	0.9381
			0.4138	-0.3846	0.8251
			-0.4139	-0.4393	0.7973
			-0.7684	-0.5832	-0.2635
			0.7266	0.6774	0.1148
			0.6435	-0.6125	-0.4591
			-0.2407	0.4075	-0.8809
			-0.7266	-0.6774	-0.1148
			-0.6435	0.6125	0.4591
			0.2407	-0.4075	0.8809
		b:
			-360.3232
			-266.7024
			392.44
			270.3471
			-13.8602
			-540.4255
			517.251
			-184.1613
			-224.7161
			-511.251
			189.1613
			227.7161
	==================================================================================
	Q2:
		Shape: Ellipse
		q_c:	313.5	367.0	346.5
		ub :	315.9491	369.5408	348.5748
		lb :	311.0509	364.4592	344.4252
		P^-1:
			0.613	0.0995	-0.2824
			0.0995	0.2956	-0.0013
			-0.2824	-0.0013	0.7859
	==================================================================================
	Q3:
		Shape: Hybrid
		q_c:	309.0	369.5	340.5
		ub :	312.1642	372.1411	343.6564
		lb :	305.8358	366.8589	337.3436
		P^-1:
			0.2507	-0.0953	0.1122
			-0.0953	0.7363	-0.3612
			0.1122	-0.3612	0.4231
		A:
			0.1814	-0.3201	0.9299
			-0.012	0.9045	-0.4262
			0.9911	-0.0217	-0.131
			-0.8244	0.3889	-0.4113
			0.1434	-0.6541	0.7427
			0.5199	0.719	-0.4612
		b:
			255.509
			185.9617
			255.328
			-249.9194
			56.1362
			270.4288
	==================================================================================
	Q4:
		Shape: Hybrid
		q_c:	307.5	368.5	346.5
		ub :	310.6556	372.6523	350.6297
		lb :	304.3444	364.3477	342.3703
		P^-1:
			0.6716	-0.2101	-0.3856
			-0.2101	0.201	0.0976
			-0.3856	0.0976	0.3691
		A:
			-0.1252	0.8436	-0.5222
			0.7402	0.599	0.3055
			0.8198	0.0677	-0.5687
			0.1331	-0.7903	-0.5981
			-0.3008	0.9166	0.2633
			-0.9192	0.311	0.2414
		b:
			93.3912
			557.044
			80.8003
			-455.3755
			338.3713
			-83.5699
	==================================================================================
	Q5:
		Shape: Hybrid
		q_c:	307.0	366.5	341.0
		ub :	310.3154	369.7964	344.067
		lb :	303.6846	363.2036	337.933
		P^-1:
			0.3171	0.0445	-0.1082
			0.0445	0.1878	0.0111
			-0.1082	0.0111	0.3495
		A:
			-0.7528	-0.4661	0.4648
			-0.2317	0.0475	0.9716
			-0.2164	-0.9598	0.1785
			-0.0259	0.3517	-0.9358
			-0.1016	0.9492	0.2979
			-0.7784	-0.1832	-0.6004
		b:
			-242.5525
			278.4763
			-355.8146
			-196.9173
			419.8142
			-509.5299
	==================================================================================
	Q6:
		Shape: Polyhedra
		q_c:	315.5	374.0	347.5
		ub :	318.512	377.5207	350.1403
		lb :	312.488	370.4793	344.8597
		A:
			0.5179	-0.7798	0.3517
			0.6483	-0.5493	0.5273
			0.8432	-0.4919	0.2167
			0.221	0.9285	-0.2984
			-0.5896	0.7969	0.1313
			0.8853	0.1315	0.446
			0.384	0.8782	0.2851
			0.1091	0.2634	-0.9585
			-0.9169	0.3992	0.0053
			-0.384	-0.8782	-0.2851
			-0.1091	-0.2634	0.9585
			0.9169	-0.3992	-0.0053
		b:
			-3.9506
			184.3522
			159.3548
			315.6302
			159.7896
			485.6677
			551.1713
			-198.1237
			-136.1407
			-546.1713
			202.1237
			140.1407


===========================================================================================
===========================================================================================
S5:
	q_c:	440.5	297.5	176.5
	ub :	479.035	333.4327	211.9278
	lb :	416.9969	264.1371	150.1427

	==================================================================================
	Q1:
		Shape: Polyhedra
		q_c:	432.5	277.0	196.5
		ub :	444.6774	287.2484	209.5232
		lb :	420.3226	266.7516	183.4768
		A:
			-0.9145	0.2187	0.3403
			-0.4581	-0.6312	0.6259
			-0.346	-0.6629	-0.664
			0.7549	-0.1019	-0.6479
			-0.2878	0.8223	-0.4909
			0.2331	-0.8977	0.3738
			0.267	0.067	0.9614
			-0.6636	-0.7107	0.2338
			0.6989	-0.7003	-0.1453
			-0.267	-0.067	-0.9614
			0.6636	0.7107	-0.2338
			-0.6989	0.7003	0.1453
		b:
			-260.6795
			-243.0503
			-454.3323
			178.8974
			15.138
			-66.6276
			333.942
			-432.3942
			87.7158
			-311.942
			443.3942
			-71.7158
	==================================================================================
	Q2:
		Shape: Ellipse
		q_c:	449.0	274.5	195.0
		ub :	463.2906	284.8629	201.7373
		lb :	434.7094	264.1371	188.2627
		P^-1:
			0.0068	0.0025	-0.0114
			0.0025	0.0167	-0.0228
			-0.0114	-0.0228	0.1042
	==================================================================================
	Q3:
		Shape: Polyhedra
		q_c:	441.0	301.0	198.5
		ub :	458.4857	318.0416	209.5571
		lb :	423.5143	283.9584	187.4429
		A:
			0.5318	0.1945	0.8242
			0.093	-0.4829	0.8707
			0.6985	0.6246	-0.3492
			-0.4674	-0.8836	-0.026
			0.8886	0.3788	0.2587
			0.6735	0.14	0.7258
			0.5054	0.5848	0.6345
			-0.379	-0.5102	0.7721
			0.7752	-0.6307	-0.0363
			-0.5054	-0.5848	-0.6345
			0.379	0.5102	-0.7721
			-0.7752	0.6307	0.0363
		b:
			464.7706
			76.9984
			434.4516
			-469.4295
			566.3737
			492.152
			532.3509
			-159.9409
			158.8425
			-517.3509
			174.9409
			-130.8425
	==================================================================================
	Q4:
		Shape: Ellipse
		q_c:	433.5	317.0	162.5
		ub :	450.0031	333.4327	174.8573
		lb :	416.9969	300.5673	150.1427
		P^-1:
			0.0081	-0.0036	-0.0005
			-0.0036	0.0121	-0.0012
			-0.0005	-0.0012	0.0151
	==================================================================================
	Q5:
		Shape: Ellipse
		q_c:	461.5	291.5	176.0
		ub :	479.035	306.1656	192.5621
		lb :	443.965	276.8344	159.4379
		P^-1:
			0.0103	0.0005	0.0024
			0.0005	0.0104	0.001
			0.0024	0.001	0.008
	==================================================================================
	Q6:
		Shape: Hybrid
		q_c:	440.0	303.5	197.0
		ub :	457.0546	320.6232	211.9278
		lb :	422.9454	286.3768	182.0722
		P^-1:
			0.0098	0.0007	0.0005
			0.0007	0.0098	0.0003
			0.0005	0.0003	0.0106
		A:
			-0.8361	-0.5464	0.0499
			0.247	-0.9175	-0.3116
			-0.5012	0.1918	0.8438
			-0.3874	0.502	-0.7733
			0.3427	0.6686	0.6599
			-0.3563	0.066	-0.932
		b:
			-518.756
			-225.6694
			9.2687
			-165.1891
			488.5732
			-315.4233


===========================================================================================
===========================================================================================
S6:
	q_c:	11.5	139.0	101.0
	ub :	27.4306	154.7868	116.0359
	lb :	-4.6801	125.3297	85.712

	==================================================================================
	Q1:
		Shape: Ellipse
		q_c:	19.0	133.5	95.5
		ub :	27.4306	139.6293	103.864
		lb :	10.5694	127.3707	87.136
		P^-1:
			0.0393	-0.0157	0.004
			-0.0157	0.0728	-0.0102
			0.004	-0.0102	0.0357
	==================================================================================
	Q2:
		Shape: Polyhedra
		q_c:	12.0	134.5	96.0
		ub :	19.5044	140.9214	103.7406
		lb :	4.4956	128.0786	88.2594
		A:
			0.132	0.2168	0.9673
			-0.4238	0.2823	-0.8607
			-0.8826	0.4417	-0.1609
			-0.109	0.4149	0.9033
			-0.331	-0.9352	-0.1259
			0.4034	0.6667	-0.6267
			0.1836	0.7073	0.6827
			-0.197	0.7069	-0.6794
			-0.9631	-0.0097	0.2691
			-0.1836	-0.7073	-0.6827
			0.197	-0.7069	0.6794
			0.9631	0.0097	-0.2691
		b:
			127.8059
			-44.5938
			39.191
			145.2972
			-137.4817
			39.9963
			166.369
			32.9875
			18.9754
			-159.369
			-21.9875
			-6.9754
	==================================================================================
	Q3:
		Shape: Hybrid
		q_c:	1.5	140.5	91.5
		ub :	6.5839	145.5952	97.288
		lb :	-3.5839	135.4048	85.712
		P^-1:
			0.2919	-0.0115	-0.1912
			-0.0115	0.1025	0.0455
			-0.1912	0.0455	0.1943
		A:
			-0.9148	-0.2893	0.2818
			0.274	-0.9114	-0.3069
			0.0894	0.7207	-0.6875
			-0.8479	-0.2727	0.4546
			0.8057	-0.5229	-0.2781
			-0.7347	-0.2	0.6482
		b:
			-14.8389
			-153.4788
			42.2002
			3.1039
			-95.6284
			31.2441
	==================================================================================
	Q4:
		Shape: Polyhedra
		q_c:	8.0	130.5	101.5
		ub :	11.4588	135.6703	109.628
		lb :	4.5412	125.3297	93.372
		A:
			0.0854	-0.8485	-0.5223
			0.6471	-0.5269	-0.5511
			-0.6943	-0.7194	-0.0199
			0.4583	0.8715	0.1745
			0.1967	-0.905	-0.3772
			-0.375	0.8917	0.2534
			0.4324	0.8723	0.2282
			0.0165	-0.2607	0.9653
			0.9015	-0.4136	-0.1272
			-0.4324	-0.8723	-0.2282
			-0.0165	0.2607	-0.9653
			-0.9015	0.4136	0.1272
		b:
			-159.8606
			-115.8264
			-98.7256
			137.634
			-152.1619
			141.5927
			142.9591
			71.5837
			-57.1744
			-137.9591
			-56.5837
			62.1744
	==================================================================================
	Q5:
		Shape: Ellipse
		q_c:	22.5	138.0	108.5
		ub :	24.7319	142.6836	116.0359
		lb :	20.2681	133.3164	100.9641
		P^-1:
			0.4227	0.0803	-0.0182
			0.0803	0.1278	-0.0233
			-0.0182	-0.0233	0.0255
	==================================================================================
	Q6:
		Shape: Hybrid
		q_c:	1.5	149.0	105.5
		ub :	7.6801	154.7868	110.0532
		lb :	-4.6801	143.2132	100.9468
		P^-1:
			0.078	0.0022	-0.0356
			0.0022	0.0628	-0.005
			-0.0356	-0.005	0.1442
		A:
			-0.4209	-0.8772	0.2309
			0.0983	-0.4932	0.8643
			0.1425	0.8246	-0.5476
			0.7237	-0.6874	-0.0607
			-0.4143	-0.4974	0.7622
			-0.7523	0.1444	0.6428
		b:
			-104.4557
			19.7729
			67.5819
			-105.1078
			7.2988
			89.8641


===========================================================================================
===========================================================================================
S7:
	q_c:	51.0	106.0	418.0
	ub :	74.265	126.4821	441.7097
	lb :	24.0704	86.4605	389.6968

	==================================================================================
	Q1:
		Shape: Hybrid
		q_c:	39.5	110.5	405.5
		ub :	54.1393	122.599	421.3032
		lb :	24.8607	98.401	389.6968
		P^-1:
			0.013	0.0008	-0.0055
			0.0008	0.0109	0.0005
			-0.0055	0.0005	0.0114
		A:
			-0.8242	-0.3909	0.4097
			-0.7462	0.4517	0.489
			0.2204	0.7257	-0.6518
			0.5407	0.7365	-0.4063
			-0.1527	-0.0433	0.9873
			0.3833	-0.1234	-0.9153
		b:
			94.6092
			223.2207
			-169.5497
			-57.1805
			395.6734
			-364.7735
	==================================================================================
	Q2:
		Shape: Polyhedra
		q_c:	59.5	113.5	430.5
		ub :	70.7842	121.3385	438.0
		lb :	48.2158	105.6615	423.0
		A:
			0.5093	-0.2287	0.8296
			0.2279	-0.8653	-0.4465
			-0.7962	-0.1888	-0.5748
			0.0401	0.5808	-0.8131
			-0.4323	-0.8879	0.1573
			-0.1337	-0.9884	0.072
			0.0959	0.8448	0.5264
			-0.0665	0.5331	-0.8435
			-0.9932	0.0458	0.1073
			-0.0959	-0.8448	-0.5264
			0.0665	-0.5331	0.8435
			0.9932	-0.0458	-0.1073
		b:
			367.2179
			-269.8759
			-307.7659
			-278.0545
			-52.1955
			-83.4005
			334.693
			-303.0662
			2.7985
			-321.693
			310.0662
			18.2015
	==================================================================================
	Q3:
		Shape: Hybrid
		q_c:	35.5	96.5	417.5
		ub :	46.2854	106.5395	428.2359
		lb :	24.7146	86.4605	406.7641
		P^-1:
			0.0232	-0.0015	0.0005
			-0.0015	0.0187	0.0016
			0.0005	0.0016	0.0232
		A:
			-0.2982	-0.3283	-0.8962
			0.1986	-0.8602	0.4696
			-0.3203	0.6657	0.674
			0.4423	-0.746	0.4978
			-0.2342	-0.9703	-0.0614
			0.6181	0.3225	-0.7169
		b:
			-413.1864
			124.1179
			337.6365
			155.3231
			-123.4324
			-242.5089
	==================================================================================
	Q4:
		Shape: Hybrid
		q_c:	65.0	116.0	422.0
		ub :	74.265	126.4821	434.0693
		lb :	55.735	105.5179	409.9307
		P^-1:
			0.0729	-0.0228	-0.0441
			-0.0228	0.0309	0.0071
			-0.0441	0.0071	0.0434
		A:
			-0.4565	0.4066	0.7914
			0.5367	-0.0282	-0.8433
			0.2841	-0.4902	-0.824
			0.7209	-0.104	-0.6852
			-0.1136	-0.981	0.1575
			-0.7779	0.4025	0.4826
		b:
			355.3802
			-321.2549
			-380.7169
			-252.5508
			-49.4138
			201.3543
	==================================================================================
	Q5:
		Shape: Hybrid
		q_c:	34.5	103.5	427.0
		ub :	44.9296	117.2555	441.7097
		lb :	24.0704	89.7445	412.2903
		P^-1:
			0.0192	0.002	0.0018
			0.002	0.0192	0.006
			0.0018	0.006	0.01
		A:
			-0.5095	-0.8542	0.1038
			-0.1658	0.676	0.718
			0.1685	0.6649	0.7277
			0.5607	-0.2453	0.7909
			-0.9058	-0.378	-0.1916
			0.6865	0.5527	0.4725
		b:
			-56.7369
			375.3553
			389.5943
			338.8037
			-148.5615
			286.1352
	==================================================================================
	Q6:
		Shape: Polyhedra
		q_c:	53.5	113.0	407.5
		ub :	63.6615	125.738	419.1677
		lb :	43.3385	100.262	395.8323
		A:
			-0.3424	0.8226	0.454
			-0.5776	-0.5222	0.6275
			-0.5491	0.7104	-0.4403
			-0.7902	0.1738	0.5877
			0.7664	-0.0279	-0.6418
			0.3693	0.9065	0.2046
			0.6231	0.7255	0.2922
			0.7819	-0.5875	-0.2084
			0.0205	0.3583	-0.9334
			-0.6231	-0.7255	-0.2922
			-0.7819	0.5875	0.2084
			-0.0205	-0.3583	0.9334
		b:
			266.447
			174.1229
			-121.3274
			223.6667
			-216.472
			213.8843
			242.8834
			-103.4885
			-330.2686
			-225.8834
			115.4885
			347.2686


===========================================================================================
===========================================================================================
S8:
	q_c:	456.0	207.0	173.0
	ub :	481.1612	230.7522	196.3092
	lb :	426.5435	187.2954	157.2515

	==================================================================================
	Q1:
		Shape: Hybrid
		q_c:	438.5	217.0	170.5
		ub :	450.4565	230.7522	183.7485
		lb :	426.5435	203.2478	157.2515
		P^-1:
			0.0194	0.0075	-0.0085
			0.0075	0.0175	-0.0048
			-0.0085	-0.0048	0.02
		A:
			0.7285	0.1129	-0.6757
			-0.0928	-0.4924	0.8654
			0.1847	0.7447	-0.6414
			-0.6073	-0.7788	-0.1569
			-0.9123	0.0367	-0.4078
			0.037	0.0035	0.9993
		b:
			232.1553
			4.4847
			137.3558
			-457.4769
			-454.9123
			192.6275
	==================================================================================
	Q2:
		Shape: Ellipse
		q_c:	469.5	198.0	185.0
		ub :	478.0782	208.7046	196.3092
		lb :	460.9218	187.2954	173.6908
		P^-1:
			0.0232	0.0009	0.0017
			0.0009	0.0157	0.0002
			0.0017	0.0002	0.016
	==================================================================================
	Q3:
		Shape: Polyhedra
		q_c:	471.0	200.5	184.5
		ub :	481.1612	211.1156	194.6017
		lb :	460.8388	189.8844	174.3983
		A:
			0.6586	0.5211	-0.5429
			-0.5796	0.2607	0.7721
			-0.8141	-0.1112	-0.57
			-0.0981	0.366	0.9254
			-0.0169	0.1948	-0.9807
			-0.6504	0.1276	-0.7488
			0.7721	0.206	0.6012
			-0.4609	0.8328	0.3065
			-0.4376	-0.5137	0.738
			-0.7721	-0.206	-0.6012
			0.4609	-0.8328	-0.3065
			0.4376	0.5137	-0.738
		b:
			320.8816
			-71.2096
			-505.8527
			204.4341
			-143.7507
			-413.6054
			520.8784
			13.966
			-166.4427
			-510.8784
			1.034
			179.4427
	==================================================================================
	Q4:
		Shape: Polyhedra
		q_c:	465.5	206.5	177.0
		ub :	476.977	215.7199	188.455
		lb :	454.023	197.2801	165.545
		A:
			-0.2238	0.4647	-0.8568
			-0.0333	0.7084	0.705
			-0.6705	0.4495	-0.5902
			-0.0872	0.9942	0.063
			0.1481	0.9875	0.0545
			-0.998	-0.0597	-0.0215
			0.5873	0.7671	0.2581
			0.5532	-0.1476	-0.8199
			-0.5908	0.6243	-0.511
			-0.5873	-0.7671	-0.2581
			-0.5532	0.1476	0.8199
			0.5908	-0.6243	0.511
		b:
			-153.1135
			262.7116
			-317.7554
			181.7715
			288.1634
			-474.09
			482.997
			90.3899
			-230.5421
			-471.997
			-73.3899
			242.5421
	==================================================================================
	Q5:
		Shape: Polyhedra
		q_c:	468.0	213.5	173.5
		ub :	476.5859	222.4697	183.6005
		lb :	459.4141	204.5303	163.3995
		A:
			-0.2831	-0.8542	-0.4362
			-0.4015	-0.2374	-0.8845
			0.4523	0.093	0.887
			-0.4602	-0.42	0.7822
			-0.556	-0.0604	-0.829
			0.8672	0.3864	0.3141
			0.6882	0.5276	0.498
			0.698	-0.2943	-0.6529
			-0.1979	0.7969	-0.5708
			-0.6882	-0.5276	-0.498
			-0.698	0.2943	0.6529
			0.1979	-0.7969	0.5708
		b:
			-386.1515
			-387.5324
			390.134
			-162.3507
			-412.4844
			546.4397
			524.1341
			158.047
			-15.0247
			-518.1341
			-143.047
			28.0247
	==================================================================================
	Q6:
		Shape: Hybrid
		q_c:	452.0	199.0	168.0
		ub :	460.691	206.7495	175.2127
		lb :	443.309	191.2505	160.7873
		P^-1:
			0.0311	-0.0054	0.0003
			-0.0054	0.0367	-0.0004
			0.0003	-0.0004	0.0278
		A:
			-0.2222	0.8191	0.5289
			-0.7475	0.4013	-0.5293
			-0.8098	-0.0525	0.5843
			-0.2023	-0.9559	0.2129
			-0.5425	-0.7305	0.4149
			-0.1838	0.1329	-0.9739
		b:
			154.2951
			-343.9802
			-274.9366
			-242.8737
			-317.487
			-216.8221


===========================================================================================
===========================================================================================
