3D_35_20_6_b                l = 3

===========================================================================================
===========================================================================================
S1:
	q_c:    506.0000    458.0000    32.5000
	ub :    529.0000    477.0000    65.0000
	lb :    483.0000    439.0000    0.0000

	==================================================================================
	Q1:
		Shape: Ellipse
		q_c:    509.0000    446.0000    34.5000
		ub :    516.4825    453.8348    40.0373
		lb :    501.5175    438.1652    28.9627
		P^-1: 
			    0.0404    0.0007    0.0027
			    0.0007    0.0414    0.0055
			    0.0027    0.0055    0.0607
	==================================================================================
	Q2:
		Shape: Hybrid
		q_c:    518.5000    462.0000    40.0000
		ub :    528.2785    470.1485    49.7138
		lb :    508.7215    453.8515    30.2862
		P^-1: 
			    0.0293    -0.0037    0.0057
			    -0.0037    0.0373    -0.0012
			    0.0057    -0.0012    0.0301
		A:
			    0.7779    -0.2411    0.5803
			    0.3307    0.9427    0.0435
			    -0.1164    -0.3533    -0.9282
			    0.7131    0.5424    0.4442
			    0.5758    0.6090    0.5455
			    -0.4119    -0.8728    0.2618
		b:
			    317.9246
			    611.7452
			    -257.5001
			    641.2086
			    604.7639
			    -603.1159
	==================================================================================
	Q3:
		Shape: Polyhedra
		q_c:    498.5000    469.5000    49.5000
		ub :    509.7778    478.8132    62.2179
		lb :    487.2222    460.1868    36.7821
		A:
			    0.6142    -0.7890    -0.0169
			    0.2981    -0.8482    -0.4378
			    0.7889    -0.5954    0.1522
			    -0.4746    0.7979    -0.3716
			    -0.8235    0.5620    0.0778
			    -0.5913    0.6969    -0.4058
			    0.5011    0.6000    0.6236
			    0.6263    0.2459    -0.7398
			    -0.5973    0.7612    -0.2526
			    -0.5011    -0.6000    -0.6236
			    -0.6263    -0.2459    0.7398
			    0.5973    -0.7612    0.2526
		b:
			    -61.9903
			    -264.6182
			    124.2879
			    122.1214
			    -138.6743
			    14.8708
			    571.8589
			    399.5387
			    49.1589
			    -552.8589
			    -382.5387
			    -45.1589
	==================================================================================
	Q4:
		Shape: Hybrid
		q_c:    501.5000    449.0000    27.0000
		ub :    517.7059    465.4558    39.2729
		lb :    485.2941    432.5442    14.7271
		P^-1: 
			    0.0116    0.0036    -0.0050
			    0.0036    0.0121    -0.0052
			    -0.0050    -0.0052    0.0173
		A:
			    -0.4429    -0.7473    0.4953
			    -0.9502    0.2976    -0.0923
			    -0.9792    -0.1917    0.0667
			    -0.9473    -0.1822    0.2636
			    -0.4510    0.3729    0.8109
			    0.8964    0.4220    0.1356
		b:
			    -540.3777
			    -337.9111
			    -569.0426
			    -544.0881
			    -30.8581
			    649.1526
	==================================================================================
	Q5:
		Shape: Ellipse
		q_c:    499.0000    471.0000    36.5000
		ub :    509.6890    481.8267    48.8360
		lb :    488.3110    460.1733    24.1640
		P^-1: 
			    0.0537    0.0352    0.0337
			    0.0352    0.0423    0.0287
			    0.0337    0.0287    0.0398
	==================================================================================
	Q6:
		Shape: Hybrid
		q_c:    511.0000    458.5000    17.0000
		ub :    519.4600    466.7556    23.2617
		lb :    502.5400    450.2444    10.7383
		P^-1: 
			    0.0346    0.0188    -0.0105
			    0.0188    0.0561    -0.0169
			    -0.0105    -0.0169    0.0546
		A:
			    -0.1885    0.9266    -0.3253
			    0.2266    0.9308    -0.2870
			    -0.8761    -0.2192    0.4294
			    -0.3866    -0.9215    0.0370
			    -0.2419    -0.9317    -0.2709
			    -0.8032    0.1159    0.5844
		b:
			    326.1930
			    539.8633
			    -537.6749
			    -617.1104
			    -552.4948
			    -343.6277


===========================================================================================
===========================================================================================
S2:
	q_c:    493.0000    464.0000    77.5000
	ub :    506.0000    483.0000    94.0000
	lb :    480.0000    445.0000    61.0000

	==================================================================================
	Q1:
		Shape: Polyhedra
		q_c:    501.5000    478.5000    64.0000
		ub :    509.0664    485.5026    71.1860
		lb :    493.9336    471.4974    56.8140
		A:
			    0.4355    -0.7305    0.5261
			    0.8444    -0.4082    0.3470
			    -0.5851    0.6441    0.4927
			    -0.4935    0.7489    -0.4422
			    -0.5628    0.6982    0.4425
			    -0.3958    0.8023    -0.4468
			    0.6317    0.6290    0.4530
			    -0.4000    -0.2361    0.8856
			    0.6640    -0.7407    0.1025
			    -0.6317    -0.6290    -0.4530
			    0.4000    0.2361    -0.8856
			    -0.6640    0.7407    -0.1025
		b:
			    -94.3896
			    253.9785
			    49.8137
			    85.4378
			    83.6360
			    159.8142
			    653.3041
			    -252.3738
			    -12.3584
			    -640.3041
			    261.3738
			    17.3584
	==================================================================================
	Q2:
		Shape: Ellipse
		q_c:    485.5000    450.0000    86.5000
		ub :    491.9296    455.1545    94.6193
		lb :    479.0704    444.8455    78.3807
		P^-1: 
			    0.0896    0.0071    -0.0375
			    0.0071    0.0779    0.0129
			    -0.0375    0.0129    0.0457
	==================================================================================
	Q3:
		Shape: Hybrid
		q_c:    491.0000    475.5000    66.5000
		ub :    498.9934    485.1375    74.8179
		lb :    483.0066    465.8625    58.1821
		P^-1: 
			    0.0371    0.0070    0.0027
			    0.0070    0.0204    0.0007
			    0.0027    0.0007    0.0208
		A:
			    0.8887    0.3766    0.2616
			    0.4448    -0.6753    -0.5883
			    -0.7466    -0.4355    -0.5030
			    0.7992    0.6009    -0.0154
			    -0.9621    -0.1894    0.1962
			    -0.8080    -0.5395    0.2369
		b:
			    635.3480
			    -137.0007
			    -604.1733
			    679.9107
			    -546.5793
			    -634.5381
	==================================================================================
	Q4:
		Shape: Ellipse
		q_c:    493.5000    463.0000    82.0000
		ub :    502.5194    471.7166    90.1418
		lb :    484.4806    454.2834    73.8582
		P^-1: 
			    0.0354    -0.0103    -0.0066
			    -0.0103    0.0415    -0.0030
			    -0.0066    -0.0030    0.0361
	==================================================================================
	Q5:
		Shape: Polyhedra
		q_c:    486.0000    464.5000    72.5000
		ub :    494.1090    475.7946    81.5628
		lb :    477.8910    453.2054    63.4372
		A:
			    0.2351    -0.2365    0.9428
			    -0.7543    0.0672    0.6531
			    -0.8451    -0.5280    0.0843
			    0.8647    -0.4213    0.2735
			    0.7981    0.5468    0.2532
			    0.8400    -0.4146    0.3500
			    0.2589    0.3533    0.8990
			    -0.9496    0.2635    0.1699
			    -0.1769    -0.8976    0.4038
			    -0.2589    -0.3533    -0.8990
			    0.9496    -0.2635    -0.1699
			    0.1769    0.8976    -0.4038
		b:
			    79.2154
			    -282.1385
			    -642.6428
			    250.3078
			    666.7158
			    247.0933
			    360.1153
			    -321.2687
			    -464.6326
			    -350.1153
			    332.2687
			    482.6326
	==================================================================================
	Q6:
		Shape: Hybrid
		q_c:    497.5000    466.0000    85.0000
		ub :    506.7026    474.3473    93.3278
		lb :    488.2974    457.6527    76.6722
		P^-1: 
			    0.0349    -0.0005    -0.0030
			    -0.0005    0.0332    0.0007
			    -0.0030    0.0007    0.0380
		A:
			    -0.7231    -0.5484    0.4199
			    -0.4946    0.5229    0.6942
			    -0.0522    0.3481    -0.9360
			    0.1530    -0.7566    -0.6358
			    -0.8567    0.4918    0.1556
			    -0.5343    -0.5057    0.6773
		b:
			    -576.8320
			    59.2219
			    59.4067
			    -327.7278
			    -181.0288
			    -441.2285


===========================================================================================
===========================================================================================
S3:
	q_c:    354.5000    54.5000    273.5000
	ub :    377.0000    79.0000    298.0000
	lb :    332.0000    30.0000    249.0000

	==================================================================================
	Q1:
		Shape: Hybrid
		q_c:    358.5000    56.5000    253.5000
		ub :    368.8249    61.8649    265.0987
		lb :    348.1751    51.1351    241.9013
		P^-1: 
			    0.0188    0.0009    0.0031
			    0.0009    0.0617    -0.0062
			    0.0031    -0.0062    0.0147
		A:
			    0.4941    0.8656    0.0815
			    -0.2528    -0.7388    0.6247
			    0.1528    0.6684    -0.7279
			    0.2458    0.9689    0.0296
			    -0.4383    0.5028    0.7450
			    -0.4539    -0.8295    0.3255
		b:
			    249.6920
			    30.1166
			    -87.4210
			    152.6931
			    66.5443
			    -123.7136
	==================================================================================
	Q2:
		Shape: Polyhedra
		q_c:    363.5000    43.5000    297.5000
		ub :    372.0531    52.1075    305.0942
		lb :    354.9469    34.8925    289.9058
		A:
			    0.2566    -0.9613    0.1001
			    -0.3348    0.8518    -0.4029
			    -0.8994    0.3999    0.1767
			    0.3306    -0.7690    -0.5471
			    -0.6278    -0.6964    -0.3477
			    -0.3049    -0.9135    0.2693
			    0.6973    0.7167    0.0021
			    0.7065    -0.6869    -0.1706
			    -0.1208    0.1204    -0.9853
			    -0.6973    -0.7167    -0.0021
			    -0.7065    0.6869    0.1706
			    0.1208    -0.1204    0.9853
		b:
			    86.3860
			    -199.0224
			    -252.4994
			    -71.0666
			    -354.9522
			    -63.7651
			    292.2783
			    180.1804
			    -324.8245
			    -278.2783
			    -172.1804
			    338.8245
	==================================================================================
	Q3:
		Shape: Hybrid
		q_c:    360.0000    55.5000    268.0000
		ub :    372.4926    72.4532    284.5322
		lb :    347.5074    38.5468    251.4678
		P^-1: 
			    0.0167    0.0064    0.0048
			    0.0064    0.0123    0.0030
			    0.0048    0.0030    0.0105
		A:
			    0.9327    0.1376    0.3333
			    0.0275    -0.6068    -0.7944
			    0.0215    -0.9977    -0.0639
			    -0.4756    -0.7440    -0.4694
			    0.6752    0.6355    0.3745
			    0.5984    0.4757    0.6447
		b:
			    437.0933
			    -230.0399
			    -57.8362
			    -334.2182
			    382.0853
			    418.3933
	==================================================================================
	Q4:
		Shape: Polyhedra
		q_c:    345.0000    41.0000    283.5000
		ub :    355.8943    49.7637    290.9234
		lb :    334.1057    32.2363    276.0766
		A:
			    -0.4172    -0.1969    0.8872
			    -0.0681    0.4196    0.9051
			    0.3130    -0.3174    -0.8952
			    0.2063    -0.9778    -0.0378
			    0.0931    0.2369    -0.9671
			    -0.0560    0.9480    -0.3134
			    0.9593    0.2401    0.1490
			    0.1495    -0.8788    0.4532
			    0.2397    -0.4124    -0.8789
			    -0.9593    -0.2401    -0.1490
			    -0.1495    0.8788    -0.4532
			    -0.2397    0.4124    0.8789
		b:
			    104.7385
			    254.5722
			    -154.7365
			    25.5704
			    -227.6895
			    -63.7619
			    392.5217
			    149.5427
			    -179.3693
			    -373.5217
			    -138.5427
			    187.3693
	==================================================================================
	Q5:
		Shape: Ellipse
		q_c:    372.0000    67.5000    263.5000
		ub :    390.7356    81.0955    280.4450
		lb :    353.2644    53.9045    246.5550
		P^-1: 
			    0.0094    -0.0060    0.0000
			    -0.0060    0.0162    0.0032
			    0.0000    0.0032    0.0090
	==================================================================================
	Q6:
		Shape: Ellipse
		q_c:    373.5000    37.5000    291.5000
		ub :    383.5275    48.7249    299.8757
		lb :    363.4725    26.2751    283.1243
		P^-1: 
			    0.0304    -0.0127    -0.0032
			    -0.0127    0.0214    0.0015
			    -0.0032    0.0015    0.0210


===========================================================================================
===========================================================================================
S4:
	q_c:    166.0000    425.5000    184.5000
	ub :    172.0000    437.0000    198.0000
	lb :    160.0000    414.0000    171.0000

	==================================================================================
	Q1:
		Shape: Polyhedra
		q_c:    166.0000    419.0000    182.0000
		ub :    167.8494    421.7059    185.4963
		lb :    164.1506    416.2941    178.5037
		A:
			    0.7877    -0.4949    0.3668
			    0.7491    0.1645    -0.6417
			    0.2367    0.9659    0.1045
			    -0.5893    -0.2835    -0.7565
			    -0.3490    -0.9138    0.2078
			    0.7997    -0.4462    0.4017
			    0.1182    0.4266    0.8967
			    -0.0036    0.9032    -0.4293
			    -0.9930    0.0475    0.1083
			    -0.1182    -0.4266    -0.8967
			    0.0036    -0.9032    0.4293
			    0.9930    -0.0475    -0.1083
		b:
			    -8.2647
			    78.3204
			    465.0844
			    -351.5914
			    -401.3763
			    20.5540
			    364.5730
			    301.2069
			    -123.7270
			    -358.5730
			    -298.2069
			    126.7270
	==================================================================================
	Q2:
		Shape: Polyhedra
		q_c:    173.5000    425.5000    183.0000
		ub :    178.4225    430.0245    187.2922
		lb :    168.5775    420.9755    178.7078
		A:
			    0.7445    -0.4301    -0.5106
			    0.6751    0.5205    -0.5228
			    0.3170    -0.5799    0.7505
			    0.0675    0.8909    -0.4492
			    -0.9639    -0.2317    -0.1315
			    -0.8243    0.1145    0.5544
			    0.6059    0.7433    0.2835
			    0.3312    0.0884    -0.9394
			    -0.7234    0.6631    -0.1926
			    -0.6059    -0.7433    -0.2835
			    -0.3312    -0.0884    0.9394
			    0.7234    -0.6631    0.1926
		b:
			    -144.5123
			    246.1489
			    -51.6998
			    311.5586
			    -286.6837
			    10.0465
			    476.7909
			    -73.8424
			    123.8773
			    -469.7909
			    79.8424
			    -118.8773
	==================================================================================
	Q3:
		Shape: Hybrid
		q_c:    167.5000    422.0000    189.5000
		ub :    171.8447    426.9656    194.2944
		lb :    163.1553    417.0344    184.7056
		P^-1: 
			    0.1843    -0.0815    -0.0105
			    -0.0815    0.1463    0.0084
			    -0.0105    0.0084    0.0827
		A:
			    0.8120    -0.5020    -0.2978
			    0.2449    0.9009    -0.3583
			    0.8757    0.4623    -0.1395
			    -0.0823    0.5515    0.8301
			    0.3893    -0.9029    -0.1825
			    0.9285    -0.3712    -0.0080
		b:
			    -131.1584
			    355.6740
			    317.6286
			    378.4848
			    -348.9590
			    -1.4587
	==================================================================================
	Q4:
		Shape: Polyhedra
		q_c:    165.5000    430.0000    185.5000
		ub :    169.4166    433.9269    188.9994
		lb :    161.5834    426.0731    182.0006
		A:
			    -0.1268    -0.5984    -0.7911
			    -0.6382    -0.7279    -0.2507
			    -0.7584    -0.6147    -0.2166
			    0.1277    0.3947    0.9099
			    -0.1679    -0.3633    0.9164
			    -0.5515    -0.7481    0.3690
			    0.5485    0.5852    0.5973
			    -0.5017    0.8017    -0.3248
			    -0.6689    -0.1215    0.7333
			    -0.5485    -0.5852    -0.5973
			    0.5017    -0.8017    0.3248
			    0.6689    0.1215    -0.7333
		b:
			    -423.3702
			    -463.4570
			    -428.4322
			    361.2905
			    -11.5779
			    -342.2484
			    454.6979
			    204.9617
			    -24.9328
			    -451.6979
			    -197.9617
			    28.9328
	==================================================================================
	Q5:
		Shape: Ellipse
		q_c:    161.0000    423.5000    185.0000
		ub :    164.9638    426.9766    189.3657
		lb :    157.0362    420.0234    180.6343
		P^-1: 
			    0.1340    -0.0072    0.0236
			    -0.0072    0.2290    0.0438
			    0.0236    0.0438    0.1581
	==================================================================================
	Q6:
		Shape: Hybrid
		q_c:    170.0000    430.0000    183.5000
		ub :    174.4721    435.8222    189.6118
		lb :    165.5279    424.1778    177.3882
		P^-1: 
			    0.1103    0.0047    -0.0054
			    0.0047    0.0848    0.0302
			    -0.0054    0.0302    0.0765
		A:
			    -0.0046    -0.6413    -0.7673
			    0.9320    -0.0581    0.3579
			    -0.8599    -0.5071    -0.0580
			    -0.4819    0.7552    0.4443
			    0.8413    0.4184    0.3424
			    -0.7242    0.3398    -0.6000
		b:
			    -415.7785
			    200.9204
			    -373.3398
			    325.9301
			    387.2566
			    -84.6842


===========================================================================================
===========================================================================================
S5:
	q_c:    37.5000    289.0000    9.0000
	ub :    51.0000    304.0000    17.0000
	lb :    24.0000    274.0000    1.0000

	==================================================================================
	Q1:
		Shape: Ellipse
		q_c:    36.5000    293.0000    14.5000
		ub :    40.5366    297.4136    18.2489
		lb :    32.4634    288.5864    10.7511
		P^-1: 
			    0.1130    -0.0034    -0.0088
			    -0.0034    0.1172    0.0158
			    -0.0088    0.0158    0.1520
	==================================================================================
	Q2:
		Shape: Ellipse
		q_c:    37.5000    287.0000    5.5000
		ub :    42.7219    292.0776    9.4956
		lb :    32.2781    281.9224    1.5044
		P^-1: 
			    0.0952    0.0146    -0.0013
			    0.0146    0.0977    0.0012
			    -0.0013    0.0012    0.1110
	==================================================================================
	Q3:
		Shape: Ellipse
		q_c:    41.0000    296.0000    11.0000
		ub :    45.0350    299.9338    15.1534
		lb :    36.9650    292.0662    6.8466
		P^-1: 
			    0.1981    -0.0503    -0.0198
			    -0.0503    0.1552    0.0394
			    -0.0198    0.0394    0.1678
	==================================================================================
	Q4:
		Shape: Ellipse
		q_c:    36.0000    293.5000    11.0000
		ub :    38.5022    297.4371    14.0494
		lb :    33.4978    289.5629    7.9506
		P^-1: 
			    0.2860    0.0225    0.0722
			    0.0225    0.1041    0.0826
			    0.0722    0.0826    0.3860
	==================================================================================
	Q5:
		Shape: Hybrid
		q_c:    33.0000    289.0000    6.5000
		ub :    37.8532    291.5218    11.6697
		lb :    28.1468    286.4782    1.3303
		P^-1: 
			    0.4176    0.9880    -0.4284
			    0.9880    3.1738    -1.2498
			    -0.4284    -1.2498    0.5691
		A:
			    -0.2264    -0.9388    0.2598
			    0.2590    0.8754    -0.4082
			    0.0745    0.9305    -0.3585
			    0.1683    0.9384    -0.3018
			    0.1100    0.9080    -0.4043
			    -0.3840    -0.7993    0.4622
		b:
			    -276.6730
			    259.1939
			    269.6800
			    275.1905
			    264.0021
			    -240.1954
	==================================================================================
	Q6:
		Shape: Ellipse
		q_c:    41.0000    283.0000    12.5000
		ub :    47.4864    287.8385    18.9146
		lb :    34.5136    278.1615    6.0854
		P^-1: 
			    0.0683    0.0323    0.0092
			    0.0323    0.1278    0.0384
			    0.0092    0.0384    0.0758


===========================================================================================
===========================================================================================
S6:
	q_c:    168.5000    208.0000    94.0000
	ub :    188.0000    225.0000    108.0000
	lb :    149.0000    191.0000    80.0000

	==================================================================================
	Q1:
		Shape: Hybrid
		q_c:    157.0000    220.0000    108.0000
		ub :    168.6219    231.1094    118.6692
		lb :    145.3781    208.8906    97.3308
		P^-1: 
			    0.0261    0.0045    0.0081
			    0.0045    0.0175    0.0035
			    0.0081    0.0035    0.0173
		A:
			    0.7059    0.3868    0.5933
			    0.4261    0.3388    0.8388
			    0.3766    0.0748    -0.9233
			    -0.6000    0.7930    0.1058
			    -0.6023    0.5793    -0.5492
			    -0.7121    -0.3005    -0.6346
		b:
			    262.8444
			    235.7757
			    -17.9296
			    96.9255
			    -21.7245
			    -243.5460
	==================================================================================
	Q2:
		Shape: Ellipse
		q_c:    172.0000    225.5000    98.5000
		ub :    181.7495    236.6978    107.5449
		lb :    162.2505    214.3022    89.4551
		P^-1: 
			    0.0261    0.0062    -0.0133
			    0.0062    0.0398    -0.0324
			    -0.0133    -0.0324    0.0505
	==================================================================================
	Q3:
		Shape: Hybrid
		q_c:    163.0000    202.5000    95.5000
		ub :    174.4958    214.8476    105.1619
		lb :    151.5042    190.1524    85.8381
		P^-1: 
			    0.0175    -0.0010    -0.0018
			    -0.0010    0.0153    -0.0026
			    -0.0018    -0.0026    0.0225
		A:
			    0.3947    -0.9163    -0.0678
			    0.7471    -0.1043    0.6565
			    0.2891    -0.8688    0.4020
			    0.3970    0.1731    0.9013
			    0.0426    -0.3956    0.9174
			    0.9618    0.1947    0.1926
		b:
			    -123.0182
			    167.5781
			    -86.1691
			    190.0324
			    17.7877
			    219.2195
	==================================================================================
	Q4:
		Shape: Ellipse
		q_c:    156.0000    201.0000    93.0000
		ub :    162.0253    209.8030    101.8867
		lb :    149.9747    192.1970    84.1133
		P^-1: 
			    0.0589    0.0031    -0.0078
			    0.0031    0.0304    -0.0093
			    -0.0078    -0.0093    0.0369
	==================================================================================
	Q5:
		Shape: Polyhedra
		q_c:    165.5000    212.0000    96.0000
		ub :    177.3426    222.5393    107.5190
		lb :    153.6574    201.4607    84.4810
		A:
			    -0.6765    -0.0714    0.7330
			    0.4360    0.8991    0.0400
			    0.1477    -0.1399    -0.9791
			    -0.1734    0.9752    0.1374
			    0.9911    0.0136    0.1327
			    0.1355    -0.7619    0.6334
			    0.3512    0.0328    0.9357
			    -0.5396    0.8239    0.1736
			    -0.7652    -0.5658    0.3070
			    -0.3512    -0.0328    -0.9357
			    0.5396    -0.8239    -0.1736
			    0.7652    0.5658    -0.3070
		b:
			    -49.8950
			    273.1086
			    -90.5598
			    199.7952
			    186.8203
			    -70.1755
			    163.9055
			    111.0256
			    -212.1297
			    -145.9055
			    -93.0256
			    222.1297
	==================================================================================
	Q6:
		Shape: Hybrid
		q_c:    163.0000    214.5000    80.0000
		ub :    175.9973    227.3556    90.1105
		lb :    150.0027    201.6444    69.8895
		P^-1: 
			    0.0182    0.0075    -0.0057
			    0.0075    0.0199    -0.0096
			    -0.0057    -0.0096    0.0308
		A:
			    0.8871    -0.0448    0.4593
			    0.0589    -0.7607    -0.6465
			    0.1574    -0.0291    -0.9871
			    0.7556    0.1303    -0.6419
			    0.9377    0.2750    0.2123
			    0.1855    0.9813    -0.0511
		b:
			    177.3353
			    -199.2296
			    -55.8156
			    103.7773
			    233.8846
			    241.6909


===========================================================================================
===========================================================================================
S7:
	q_c:    139.0000    260.0000    337.0000
	ub :    157.0000    273.0000    344.0000
	lb :    121.0000    247.0000    330.0000

	==================================================================================
	Q1:
		Shape: Ellipse
		q_c:    141.5000    259.0000    339.0000
		ub :    147.6670    265.7897    346.2171
		lb :    135.3330    252.2103    331.7829
		P^-1: 
			    0.0573    -0.0041    -0.0049
			    -0.0041    0.0593    -0.0039
			    -0.0049    -0.0039    0.0578
	==================================================================================
	Q2:
		Shape: Ellipse
		q_c:    133.5000    257.0000    345.0000
		ub :    138.9035    262.5188    348.8375
		lb :    128.0965    251.4812    341.1625
		P^-1: 
			    0.1351    -0.0829    -0.0459
			    -0.0829    0.1300    0.0389
			    -0.0459    0.0389    0.1454
	==================================================================================
	Q3:
		Shape: Ellipse
		q_c:    142.0000    255.0000    341.5000
		ub :    145.8538    259.8630    346.5878
		lb :    138.1462    250.1370    336.4122
		P^-1: 
			    0.3186    -0.0701    0.1653
			    -0.0701    0.0817    -0.0452
			    0.1653    -0.0452    0.1692
	==================================================================================
	Q4:
		Shape: Ellipse
		q_c:    144.5000    270.0000    336.0000
		ub :    149.1571    274.4957    340.2873
		lb :    139.8429    265.5043    331.7127
		P^-1: 
			    0.1986    0.1079    0.1140
			    0.1079    0.1619    0.1275
			    0.1140    0.1275    0.2575
	==================================================================================
	Q5:
		Shape: Ellipse
		q_c:    137.5000    265.0000    333.5000
		ub :    143.1118    268.4287    338.7609
		lb :    131.8882    261.5713    328.2391
		P^-1: 
			    0.0929    0.0647    -0.0737
			    0.0647    0.3309    -0.1451
			    -0.0737    -0.1451    0.1812
	==================================================================================
	Q6:
		Shape: Ellipse
		q_c:    144.0000    258.0000    329.5000
		ub :    146.0248    260.6761    333.2561
		lb :    141.9752    255.3239    325.7439
		P^-1: 
			    0.8000    0.3240    0.0724
			    0.3240    0.4389    0.0610
			    0.0724    0.0610    0.0927


===========================================================================================
===========================================================================================
S8:
	q_c:    525.5000    309.0000    200.5000
	ub :    540.0000    339.0000    231.0000
	lb :    511.0000    279.0000    170.0000

	==================================================================================
	Q1:
		Shape: Ellipse
		q_c:    516.0000    312.0000    208.0000
		ub :    528.4072    325.2230    219.7182
		lb :    503.5928    298.7770    196.2818
		P^-1: 
			    0.0187    -0.0036    -0.0032
			    -0.0036    0.0166    0.0018
			    -0.0032    0.0018    0.0178
	==================================================================================
	Q2:
		Shape: Hybrid
		q_c:    524.0000    321.0000    200.5000
		ub :    530.3652    329.8672    208.6193
		lb :    517.6348    312.1328    192.3807
		P^-1: 
			    0.0287    -0.0054    0.0067
			    -0.0054    0.0507    -0.0468
			    0.0067    -0.0468    0.0734
		A:
			    -0.0822    0.5204    -0.8499
			    -0.3675    -0.7889    0.4926
			    0.4847    -0.6497    0.5856
			    -0.3310    -0.3031    0.8936
			    -0.4130    -0.5718    0.7089
			    -0.0749    -0.6661    0.7421
		b:
			    -44.7745
			    -343.9691
			    165.1254
			    -88.6062
			    -255.3395
			    -102.6247
	==================================================================================
	Q3:
		Shape: Ellipse
		q_c:    535.0000    300.0000    196.5000
		ub :    546.6959    312.1337    202.0823
		lb :    523.3041    287.8663    190.9177
		P^-1: 
			    0.0158    -0.0025    -0.0141
			    -0.0025    0.0169    0.0200
			    -0.0141    0.0200    0.1046
	==================================================================================
	Q4:
		Shape: Ellipse
		q_c:    535.0000    294.5000    206.5000
		ub :    547.9323    307.1551    216.3952
		lb :    522.0677    281.8449    196.6048
		P^-1: 
			    0.0109    0.0027    -0.0015
			    0.0027    0.0237    -0.0164
			    -0.0015    -0.0164    0.0387
	==================================================================================
	Q5:
		Shape: Polyhedra
		q_c:    526.5000    324.0000    196.5000
		ub :    534.4927    334.1546    205.2049
		lb :    518.5073    313.8454    187.7951
		A:
			    0.2510    0.6770    0.6919
			    -0.3598    0.8463    0.3929
			    0.6269    -0.7788    -0.0226
			    0.9549    0.2966    -0.0114
			    -0.3603    -0.1285    -0.9239
			    0.0125    -0.4523    -0.8918
			    0.3660    0.5044    0.7821
			    -0.8944    0.4228    0.1459
			    -0.2571    -0.7529    0.6059
			    -0.3660    -0.5044    -0.7821
			    0.8944    -0.4228    -0.1459
			    0.2571    0.7529    -0.6059
		b:
			    491.6129
			    166.9961
			    78.9049
			    602.2602
			    -408.1258
			    -310.8584
			    513.8139
			    -300.2271
			    -252.2243
			    -505.8139
			    310.2271
			    268.2243
	==================================================================================
	Q6:
		Shape: Hybrid
		q_c:    513.5000    310.0000    198.0000
		ub :    523.4836    322.1476    210.5112
		lb :    503.5164    297.8524    185.4888
		P^-1: 
			    0.0224    0.0044    -0.0019
			    0.0044    0.0243    0.0151
			    -0.0019    0.0151    0.0253
		A:
			    0.2118    -0.2537    -0.9438
			    0.3253    -0.8337    -0.4462
			    -0.3353    0.5948    0.7306
			    0.8581    -0.4908    -0.1510
			    -0.8390    0.0848    -0.5375
			    0.6787    0.4886    0.5483
		b:
			    -152.8320
			    -175.8535
			    159.6994
			    263.8205
			    -504.8377
			    611.9722


===========================================================================================
===========================================================================================
S9:
	q_c:    121.0000    112.5000    116.0000
	ub :    148.0000    132.0000    131.0000
	lb :    94.0000    93.0000    101.0000

	==================================================================================
	Q1:
		Shape: Polyhedra
		q_c:    129.0000    127.5000    104.0000
		ub :    135.4046    131.8901    110.6449
		lb :    122.5954    123.1099    97.3551
		A:
			    -0.7304    0.5313    0.4291
			    -0.0168    -0.5504    -0.8347
			    0.2358    -0.7910    -0.5645
			    -0.9050    -0.2982    -0.3033
			    0.4441    -0.6620    -0.6037
			    -0.1211    -0.9780    0.1697
			    0.5497    0.0970    0.8297
			    -0.5192    0.8177    0.2484
			    -0.6544    -0.5674    0.4999
			    -0.5497    -0.0970    -0.8297
			    0.5192    -0.8177    -0.2484
			    0.6544    0.5674    -0.4999
		b:
			    20.5627
			    -155.1403
			    -126.3777
			    -181.7149
			    -87.3128
			    -119.4829
			    174.5745
			    65.1141
			    -100.7585
			    -164.5745
			    -61.1141
			    108.7585
	==================================================================================
	Q2:
		Shape: Ellipse
		q_c:    106.0000    122.0000    106.5000
		ub :    115.0277    129.5674    115.0778
		lb :    96.9723    114.4326    97.9222
		P^-1: 
			    0.0357    0.0000    0.0034
			    0.0000    0.0331    0.0000
			    0.0034    0.0000    0.0374
	==================================================================================
	Q3:
		Shape: Ellipse
		q_c:    113.5000    125.5000    107.0000
		ub :    121.5828    133.6941    114.8109
		lb :    105.4172    117.3059    99.1891
		P^-1: 
			    0.0378    -0.0060    0.0017
			    -0.0060    0.0466    -0.0123
			    0.0017    -0.0123    0.0512
	==================================================================================
	Q4:
		Shape: Ellipse
		q_c:    109.5000    116.5000    124.0000
		ub :    115.4326    125.4688    132.0034
		lb :    103.5674    107.5312    115.9966
		P^-1: 
			    0.0890    -0.0172    0.0284
			    -0.0172    0.0252    -0.0160
			    0.0284    -0.0160    0.0547
	==================================================================================
	Q5:
		Shape: Hybrid
		q_c:    110.0000    122.5000    123.0000
		ub :    119.7235    132.3756    128.6801
		lb :    100.2765    112.6244    117.3199
		P^-1: 
			    0.0535    -0.0068    -0.0804
			    -0.0068    0.0218    0.0164
			    -0.0804    0.0164    0.2155
		A:
			    0.6166    -0.2313    -0.7526
			    0.5871    0.1718    -0.7911
			    0.6584    -0.3278    -0.6776
			    -0.4060    0.1446    0.9024
			    -0.3872    0.8887    -0.2457
			    0.3364    -0.5282    -0.7796
		b:
			    -51.1179
			    -9.6223
			    -48.5369
			    85.0994
			    42.0559
			    -120.9142
	==================================================================================
	Q6:
		Shape: Ellipse
		q_c:    106.5000    107.5000    101.5000
		ub :    113.7669    114.4623    110.3141
		lb :    99.2331    100.5377    92.6859
		P^-1: 
			    0.2324    -0.2073    -0.0271
			    -0.2073    0.2354    0.0246
			    -0.0271    0.0246    0.0281


===========================================================================================
===========================================================================================
S10:
	q_c:    27.0000    26.0000    201.5000
	ub :    50.0000    52.0000    207.0000
	lb :    4.0000    0.0000    196.0000

	==================================================================================
	Q1:
		Shape: Hybrid
		q_c:    30.0000    23.0000    200.5000
		ub :    34.0471    26.7035    204.2886
		lb :    25.9529    19.2965    196.7114
		P^-1: 
			    0.1940    0.0567    0.0377
			    0.0567    0.1925    -0.0382
			    0.0377    -0.0382    0.2245
		A:
			    0.9704    0.2412    -0.0111
			    -0.5158    -0.7042    -0.4878
			    0.8384    -0.3509    0.4171
			    0.6463    -0.6577    0.3870
			    -0.1291    0.9284    0.3483
			    -0.3341    -0.9160    -0.2221
		b:
			    33.6915
			    -128.3485
			    102.0839
			    83.3464
			    89.0455
			    -74.3644
	==================================================================================
	Q2:
		Shape: Hybrid
		q_c:    24.5000    23.0000    199.0000
		ub :    27.1662    25.5587    201.2507
		lb :    21.8338    20.4413    196.7493
		P^-1: 
			    0.6996    0.8538    1.0244
			    0.8538    1.5447    1.5756
			    1.0244    1.5756    2.1657
		A:
			    -0.2525    -0.7922    -0.5556
			    0.3156    0.6101    0.7268
			    -0.4922    -0.6019    -0.6289
			    0.5674    0.2070    0.7970
			    0.0122    0.6852    0.7283
			    0.2157    0.8151    0.5377
		b:
			    -134.4419
			    166.6667
			    -150.7016
			    178.0712
			    161.7635
			    131.6209
	==================================================================================
	Q3:
		Shape: Polyhedra
		q_c:    23.0000    22.5000    198.5000
		ub :    27.2590    26.8962    201.5433
		lb :    18.7410    18.1038    195.4567
		A:
			    0.9805    -0.1339    -0.1438
			    0.0973    0.5180    -0.8498
			    0.2761    -0.1253    -0.9529
			    -0.9780    -0.1269    -0.1653
			    -0.4029    -0.5906    0.6992
			    0.9429    0.3319    0.0284
			    0.5000    0.7444    0.4426
			    0.1257    0.4433    -0.8875
			    -0.8569    0.4993    0.1281
			    -0.5000    -0.7444    -0.4426
			    -0.1257    -0.4433    0.8875
			    0.8569    -0.4993    -0.1281
		b:
			    -6.0538
			    -153.2782
			    -183.5217
			    -55.1677
			    117.9998
			    37.7175
			    119.0990
			    -161.8133
			    19.9501
			    -113.0990
			    164.8133
			    -13.9501
	==================================================================================
	Q4:
		Shape: Polyhedra
		q_c:    27.5000    27.5000    203.0000
		ub :    31.3154    30.9276    206.5565
		lb :    23.6846    24.0724    199.4435
		A:
			    0.2684    0.9627    -0.0334
			    0.0520    -0.7588    -0.6492
			    0.6544    0.7423    -0.1439
			    -0.1732    0.9552    -0.2399
			    0.6054    0.7007    -0.3775
			    0.6409    0.6163    -0.4576
			    0.6146    0.3368    0.7133
			    0.7249    -0.5978    -0.3423
			    0.3111    0.7275    -0.6115
			    -0.6146    -0.3368    -0.7133
			    -0.7249    0.5978    0.3423
			    -0.3111    -0.7275    0.6115
		b:
			    28.9912
			    -148.7409
			    11.0656
			    -25.2625
			    -39.0479
			    -56.6330
			    173.4695
			    -63.4987
			    -94.0777
			    -168.4695
			    68.4987
			    97.0777
	==================================================================================
	Q5:
		Shape: Polyhedra
		q_c:    25.0000    26.5000    203.5000
		ub :    27.4585    27.7027    206.3517
		lb :    22.5415    25.2973    200.6483
		A:
			    0.3083    -0.9512    0.0103
			    -0.0093    -0.9520    0.3059
			    0.9438    -0.2997    0.1395
			    0.6331    -0.7064    0.3166
			    -0.0784    0.8246    -0.5603
			    0.8883    -0.4357    0.1452
			    0.0523    0.9976    0.0445
			    0.1761    0.0346    -0.9838
			    -0.9830    0.0593    -0.1739
			    -0.0523    -0.9976    -0.0445
			    -0.1761    -0.0346    0.9838
			    0.9830    -0.0593    0.1739
		b:
			    -14.2313
			    38.0522
			    45.9973
			    63.2208
			    -92.4516
			    42.0929
			    37.7959
			    -192.3743
			    -56.3915
			    -35.7959
			    197.3743
			    60.3915
	==================================================================================
	Q6:
		Shape: Hybrid
		q_c:    30.0000    31.5000    203.0000
		ub :    33.3580    34.0335    205.2096
		lb :    26.6420    28.9665    200.7904
		P^-1: 
			    0.2163    -0.0033    -0.2438
			    -0.0033    1.6966    -1.7582
			    -0.2438    -1.7582    2.6426
		A:
			    -0.2523    0.2723    -0.9285
			    -0.2543    -0.3831    0.8880
			    -0.2651    -0.4689    0.8425
			    -0.2912    0.3062    -0.9063
			    0.0895    0.3717    -0.9240
			    0.0841    0.6887    -0.7201
		b:
			    -186.3341
			    160.9955
			    148.7407
			    -181.9042
			    -172.7483
			    -121.6404


===========================================================================================
===========================================================================================
S11:
	q_c:    517.5000    132.5000    442.5000
	ub :    531.0000    169.0000    465.0000
	lb :    504.0000    96.0000    420.0000

	==================================================================================
	Q1:
		Shape: Polyhedra
		q_c:    520.0000    141.0000    434.5000
		ub :    526.4612    146.4969    441.1445
		lb :    513.5388    135.5031    427.8555
		A:
			    -0.9040    0.3568    0.2355
			    0.6838    -0.6665    0.2970
			    -0.3100    0.9497    -0.0435
			    -0.6465    0.7560    -0.1025
			    0.7123    -0.6947    0.0999
			    -0.8424    0.4891    0.2261
			    0.7367    0.6443    0.2055
			    -0.2036    -0.0785    0.9759
			    0.6449    -0.7608    0.0733
			    -0.7367    -0.6443    -0.2055
			    0.2036    0.0785    -0.9759
			    -0.6449    0.7608    -0.0733
		b:
			    -314.0025
			    393.0011
			    -43.4032
			    -272.1146
			    317.9440
			    -267.8628
			    568.7161
			    312.5844
			    261.9193
			    -557.7161
			    -301.5844
			    -257.9193
	==================================================================================
	Q2:
		Shape: Polyhedra
		q_c:    521.5000    139.0000    437.0000
		ub :    527.3562    143.2597    442.8564
		lb :    515.6438    134.7403    431.1436
		A:
			    0.3857    0.8922    0.2350
			    -0.2448    -0.8072    -0.5371
			    0.7317    -0.5732    -0.3688
			    0.6126    -0.6393    0.4648
			    -0.3954    0.9184    0.0138
			    0.3725    -0.9162    0.1476
			    0.6873    0.0223    0.7260
			    -0.4819    0.7618    0.4328
			    -0.5435    -0.6474    0.5344
			    -0.6873    -0.0223    -0.7260
			    0.4819    -0.7618    -0.4328
			    0.5435    0.6474    -0.5344
		b:
			    431.1823
			    -471.3537
			    143.4125
			    437.2123
			    -69.7349
			    134.3617
			    682.8033
			    46.1962
			    -136.3890
			    -674.8033
			    -41.1962
			    143.3890
	==================================================================================
	Q3:
		Shape: Polyhedra
		q_c:    515.0000    142.0000    439.0000
		ub :    521.1171    148.7054    446.5673
		lb :    508.8829    135.2946    431.4327
		A:
			    0.8178    0.5271    0.2309
			    0.5704    0.4267    0.7018
			    -0.7290    -0.4818    -0.4862
			    -0.4497    -0.7711    -0.4507
			    0.8356    0.5054    -0.2154
			    0.1424    -0.9418    -0.3046
			    0.6333    0.6252    0.4561
			    0.7505    -0.3522    -0.5592
			    -0.1890    0.6965    -0.6923
			    -0.6333    -0.6252    -0.4561
			    -0.7505    0.3522    0.5592
			    0.1890    -0.6965    0.6923
		b:
