3D_35_15_6_d                l = 3

===========================================================================================
===========================================================================================
S1:
	q_c:    364.0000    468.5000    442.0000
	ub :    381.0000    492.0000    459.0000
	lb :    347.0000    445.0000    425.0000

	==================================================================================
	Q1:
		Shape: Ellipse
		q_c:    364.0000    467.0000    434.0000
		ub :    368.9845    475.0076    442.1780
		lb :    359.0155    458.9924    425.8220
		P^-1: 
			    0.1415    -0.0216    -0.0403
			    -0.0216    0.0384    0.0015
			    -0.0403    0.0015    0.0478
	==================================================================================
	Q2:
		Shape: Ellipse
		q_c:    359.0000    473.0000    452.0000
		ub :    363.7819    477.9233    457.6102
		lb :    354.2181    468.0767    446.3898
		P^-1: 
			    0.4174    0.3375    0.3163
			    0.3375    0.3704    0.2845
			    0.3163    0.2845    0.3240
	==================================================================================
	Q3:
		Shape: Ellipse
		q_c:    361.5000    464.5000    447.5000
		ub :    369.4742    472.4787    456.1374
		lb :    353.5258    456.5213    438.8626
		P^-1: 
			    0.0615    0.0051    -0.0251
			    0.0051    0.0408    0.0131
			    -0.0251    0.0131    0.0491
	==================================================================================
	Q4:
		Shape: Polyhedra
		q_c:    363.5000    483.5000    450.0000
		ub :    369.3010    488.0370    458.6276
		lb :    357.6990    478.9630    441.3724
		A:
			    -0.7656    -0.5580    0.3202
			    -0.8070    0.5880    -0.0550
			    0.9435    -0.3181    0.0931
			    0.9434    0.3314    -0.0135
			    -0.9253    0.1369    -0.3536
			    0.9338    -0.2027    0.2949
			    0.7987    0.5888    0.1239
			    -0.1580    0.0064    0.9874
			    0.5806    -0.8082    0.0981
			    -0.7987    -0.5888    -0.1239
			    0.1580    -0.0064    -0.9874
			    -0.5806    0.8082    -0.0981
		b:
			    -399.3177
			    -30.6965
			    234.2394
			    500.7489
			    -425.7270
			    377.5011
			    634.2935
			    398.0342
			    -132.5633
			    -627.2935
			    -382.0342
			    138.5633
	==================================================================================
	Q5:
		Shape: Ellipse
		q_c:    366.5000    481.0000    454.5000
		ub :    373.8785    489.7807    463.0790
		lb :    359.1215    472.2193    445.9210
		P^-1: 
			    0.0446    -0.0066    -0.0075
			    -0.0066    0.0402    -0.0104
			    -0.0075    -0.0104    0.0376
	==================================================================================
	Q6:
		Shape: Hybrid
		q_c:    355.5000    466.5000    429.0000
		ub :    362.3811    473.2150    435.5981
		lb :    348.6189    459.7850    422.4019
		P^-1: 
			    0.0767    -0.0033    -0.0338
			    -0.0033    0.0483    0.0089
			    -0.0338    0.0089    0.0755
		A:
			    -0.3248    0.3623    0.8736
			    -0.6347    -0.6006    0.4862
			    -0.9618    -0.1294    -0.2412
			    0.0423    0.2784    -0.9595
			    -0.4781    0.0504    -0.8768
			    0.2662    0.7009    -0.6617
		b:
			    430.2286
			    -294.8801
			    -502.8164
			    -263.9951
			    -519.3352
			    140.5873


===========================================================================================
===========================================================================================
S2:
	q_c:    312.5000    148.5000    20.0000
	ub :    340.0000    163.0000    30.0000
	lb :    285.0000    134.0000    10.0000

	==================================================================================
	Q1:
		Shape: Ellipse
		q_c:    305.5000    143.0000    23.0000
		ub :    311.3182    148.7487    27.8775
		lb :    299.6818    137.2513    18.1225
		P^-1: 
			    0.0862    -0.0331    0.0256
			    -0.0331    0.1086    -0.0357
			    0.0256    -0.0357    0.0902
	==================================================================================
	Q2:
		Shape: Hybrid
		q_c:    310.0000    159.5000    29.5000
		ub :    313.2113    165.7927    36.8424
		lb :    306.7887    153.2073    22.1576
		P^-1: 
			    2.9937    -1.6445    -0.5091
			    -1.6445    0.9627    0.2936
			    -0.5091    0.2936    0.1208
		A:
			    -0.6151    0.7066    0.3499
			    -0.8978    0.4388    -0.0374
			    -0.9222    0.3826    0.0567
			    0.9137    -0.3797    0.1448
			    0.7922    -0.5849    -0.1741
			    -0.9062    0.4166    -0.0726
		b:
			    -66.0963
			    -208.5313
			    -222.5978
			    228.4092
			    147.6853
			    -215.5239
	==================================================================================
	Q3:
		Shape: Polyhedra
		q_c:    319.5000    158.0000    17.0000
		ub :    325.2708    163.4661    21.6811
		lb :    313.7292    152.5339    12.3189
		A:
			    0.9136    -0.1579    -0.3748
			    0.1456    0.6576    -0.7392
			    0.0737    -0.6500    0.7564
			    0.9233    -0.3301    -0.1965
			    -0.2955    -0.5539    0.7784
			    0.9591    -0.1463    -0.2423
			    0.6597    0.2881    0.6941
			    -0.6504    -0.2438    0.7194
			    0.3765    -0.9260    0.0266
			    -0.6597    -0.2881    -0.6941
			    0.6504    0.2438    -0.7194
			    -0.3765    0.9260    -0.0266
		b:
			    263.6327
			    141.0202
			    -62.8566
			    242.9204
			    -165.8238
			    282.4225
			    272.1096
			    -231.5854
			    -21.5836
			    -264.1096
			    236.5854
			    29.5836
	==================================================================================
	Q4:
		Shape: Hybrid
		q_c:    314.0000    148.5000    24.0000
		ub :    322.2892    156.8155    31.0076
		lb :    305.7108    140.1845    16.9924
		P^-1: 
			    0.0555    -0.0012    -0.0367
			    -0.0012    0.0302    0.0065
			    -0.0367    0.0065    0.0863
		A:
			    0.8834    0.4313    0.1832
			    -0.2665    -0.2334    0.9351
			    -0.0788    -0.1639    -0.9833
			    0.5639    0.5127    -0.6475
			    -0.0529    -0.1267    -0.9905
			    0.7412    0.3655    0.5631
		b:
			    349.6712
			    -93.6849
			    -69.9816
			    240.2894
			    -56.5730
			    304.5518
	==================================================================================
	Q5:
		Shape: Ellipse
		q_c:    320.0000    143.5000    12.0000
		ub :    324.1319    150.7182    18.0502
		lb :    315.8681    136.2818    5.9498
		P^-1: 
			    0.2250    -0.0662    0.0221
			    -0.0662    0.0632    0.0158
			    0.0221    0.0158    0.0713
	==================================================================================
	Q6:
		Shape: Hybrid
		q_c:    314.5000    151.5000    21.5000
		ub :    320.4859    158.9939    28.7464
		lb :    308.5141    144.0061    14.2536
		P^-1: 
			    0.0845    0.0621    0.0682
			    0.0621    0.1056    0.0850
			    0.0682    0.0850    0.1207
		A:
			    0.7443    -0.1634    0.6476
			    0.9347    0.3291    0.1342
			    0.5008    0.6180    0.6060
			    -0.9969    -0.0753    -0.0214
			    0.3662    0.7285    0.5789
			    0.8310    0.4570    0.3170
		b:
			    226.6657
			    349.7400
			    265.1833
			    -321.6599
			    239.2483
			    339.5950


===========================================================================================
===========================================================================================
S3:
	q_c:    431.5000    252.5000    80.0000
	ub :    451.0000    257.0000    104.0000
	lb :    412.0000    248.0000    56.0000

	==================================================================================
	Q1:
		Shape: Hybrid
		q_c:    430.5000    249.5000    80.0000
		ub :    433.1344    251.1749    82.5845
		lb :    427.8656    247.8251    77.4155
		P^-1: 
			    0.2906    0.1689    0.0166
			    0.1689    0.9526    0.0693
			    0.0166    0.0693    0.2568
		A:
			    -0.5740    -0.8032    0.1595
			    0.9678    0.1696    0.1861
			    0.3586    0.8124    -0.4598
			    -0.0721    0.8929    0.4444
			    -0.4227    -0.8635    -0.2753
			    0.4534    -0.8206    0.3478
		b:
			    -433.9811
			    475.2020
			    321.1762
			    228.0734
			    -418.8026
			    19.4312
	==================================================================================
	Q2:
		Shape: Hybrid
		q_c:    433.5000    254.0000    77.5000
		ub :    436.7902    257.9797    81.2138
		lb :    430.2098    250.0203    73.7862
		P^-1: 
			    0.1972    0.0377    0.0233
			    0.0377    0.1982    0.0236
			    0.0233    0.0236    0.1746
		A:
			    -0.7615    -0.3315    0.5570
			    -0.4054    -0.5095    -0.7590
			    0.1638    -0.4973    0.8520
			    -0.3294    -0.6917    -0.6427
			    0.3135    -0.8884    0.3354
			    0.3114    -0.6437    0.6991
		b:
			    -369.7443
			    -362.8672
			    12.2251
			    -367.2112
			    -62.2771
			    27.1800
	==================================================================================
	Q3:
		Shape: Ellipse
		q_c:    430.0000    252.5000    83.0000
		ub :    432.9143    255.3872    86.0251
		lb :    427.0857    249.6128    79.9749
		P^-1: 
			    0.3705    0.0174    0.0928
			    0.0174    0.2525    0.0134
			    0.0928    0.0134    0.3215
	==================================================================================
	Q4:
		Shape: Hybrid
		q_c:    430.0000    248.5000    83.0000
		ub :    433.6371    252.1629    86.3484
		lb :    426.3629    244.8371    79.6516
		P^-1: 
			    0.2461    0.0102    0.1036
			    0.0102    0.2810    0.1297
			    0.1036    0.1297    0.2784
		A:
			    0.3830    -0.5857    0.7143
			    -0.1928    0.9530    0.2337
			    0.3707    0.7193    0.5876
			    -0.6890    0.6549    0.3105
			    -0.9898    -0.1412    -0.0171
			    0.4370    -0.8217    -0.3658
		b:
			    80.0817
			    174.4571
			    387.7109
			    -106.5002
			    -460.6215
			    -45.5374
	==================================================================================
	Q5:
		Shape: Ellipse
		q_c:    435.0000    252.5000    81.0000
		ub :    438.1944    255.0940    84.2345
		lb :    431.8056    249.9060    77.7655
		P^-1: 
			    0.4524    -0.3597    0.0811
			    -0.3597    0.6836    -0.1859
			    0.0811    -0.1859    0.2740
	==================================================================================
	Q6:
		Shape: Ellipse
		q_c:    429.0000    255.5000    82.5000
		ub :    433.0352    258.5457    86.4452
		lb :    424.9648    252.4543    78.5548
		P^-1: 
			    0.1739    -0.0302    0.0119
			    -0.0302    0.2259    -0.0259
			    0.0119    -0.0259    0.1702


===========================================================================================
===========================================================================================
S4:
	q_c:    27.5000    225.5000    294.5000
	ub :    44.0000    245.0000    315.0000
	lb :    11.0000    206.0000    274.0000

	==================================================================================
	Q1:
		Shape: Polyhedra
		q_c:    36.5000    216.0000    284.0000
		ub :    47.3813    226.8738    293.3314
		lb :    25.6187    205.1262    274.6686
		A:
			    -0.1432    0.7742    0.6165
			    -0.7097    -0.2278    0.6667
			    -0.5276    -0.5021    0.6853
			    -0.6926    -0.3413    -0.6355
			    -0.9245    -0.1023    0.3671
			    0.1655    0.9541    -0.2495
			    0.4800    0.8747    0.0675
			    -0.0076    0.0811    -0.9967
			    -0.8772    0.4779    0.0456
			    -0.4800    -0.8747    -0.0675
			    0.0076    -0.0811    0.9967
			    0.8772    -0.4779    -0.0456
		b:
			    344.9922
			    122.3866
			    74.8272
			    -271.6267
			    56.5569
			    148.5792
			    232.6079
			    -257.3275
			    92.6489
			    -218.6079
			    274.3275
			    -75.6489
	==================================================================================
	Q2:
		Shape: Hybrid
		q_c:    32.0000    229.5000    293.5000
		ub :    41.3009    237.2097    302.8768
		lb :    22.6991    221.7903    284.1232
		P^-1: 
			    0.0232    0.0036    0.0070
			    0.0036    0.0363    0.0100
			    0.0070    0.0100    0.0381
		A:
			    0.1584    0.9696    0.1864
			    -0.0396    0.6790    0.7331
			    0.4919    -0.0590    0.8687
			    0.4325    0.3122    0.8458
			    0.7102    0.3310    0.6213
			    -0.8670    -0.3376    -0.3666
		b:
			    285.1952
			    372.2623
			    260.1775
			    336.2383
			    283.9780
			    -209.2747
	==================================================================================
	Q3:
		Shape: Polyhedra
		q_c:    29.5000    235.5000    308.0000
		ub :    38.5939    244.5566    315.1409
		lb :    20.4061    226.4434    300.8591
		A:
			    0.1634    0.1251    0.9786
			    0.2091    0.8310    -0.5155
			    -0.4628    -0.8775    -0.1257
			    0.3461    0.8565    -0.3830
			    -0.0876    -0.1593    -0.9833
			    0.0452    -0.1161    -0.9922
			    0.6081    0.4683    0.6410
			    -0.3869    -0.5302    0.7544
			    0.6932    -0.7068    -0.1413
			    -0.6081    -0.4683    -0.6410
			    0.3869    0.5302    -0.7544
			    -0.6932    0.7068    0.1413
		b:
			    340.3637
			    47.5605
			    -254.1243
			    98.3812
			    -338.2539
			    -326.9531
			    330.6573
			    100.0776
			    -183.0017
			    -320.6573
			    -92.0776
			    196.0017
	==================================================================================
	Q4:
		Shape: Polyhedra
		q_c:    31.0000    235.5000    300.5000
		ub :    36.6524    243.4563    308.6549
		lb :    25.3476    227.5437    292.3451
		A:
			    0.8301    0.5549    -0.0547
			    -0.5095    -0.5505    0.6614
			    -0.2384    0.7952    -0.5575
			    0.4521    -0.3437    -0.8231
			    -0.1356    -0.9857    0.0999
			    -0.8485    -0.0228    0.5287
			    0.1514    0.6473    0.7471
			    -0.5522    0.6822    -0.4792
			    -0.8198    -0.3400    0.4607
			    -0.1514    -0.6473    -0.7471
			    0.5522    -0.6822    0.4792
			    0.8198    0.3400    -0.4607
		b:
			    143.9022
			    56.5283
			    16.2749
			    -308.9041
			    -201.4866
			    130.5956
			    388.1216
			    3.5419
			    35.9579
			    -375.1216
			    4.4581
			    -29.9579
	==================================================================================
	Q5:
		Shape: Ellipse
		q_c:    37.5000    234.5000    301.0000
		ub :    43.6539    236.8571    306.7478
		lb :    31.3461    232.1429    295.2522
		P^-1: 
			    0.0972    0.1884    0.0829
			    0.1884    0.8642    0.2660
			    0.0829    0.2660    0.1602
	==================================================================================
	Q6:
		Shape: Polyhedra
		q_c:    40.5000    233.5000    311.0000
		ub :    46.2073    240.5027    318.3568
		lb :    34.7927    226.4973    303.6432
		A:
			    0.7812    -0.6243    0.0003
			    0.8284    -0.2767    -0.4870
			    0.9698    -0.1351    -0.2032
			    -0.9393    -0.1061    0.3261
			    0.0571    -0.7361    -0.6745
			    -0.0215    0.9649    0.2618
			    0.7413    0.4969    0.4511
			    0.6563    -0.6775    -0.3321
			    0.1406    0.5423    -0.8284
			    -0.7413    -0.4969    -0.4511
			    -0.6563    0.6775    0.3321
			    -0.1406    -0.5423    0.8284
		b:
			    -110.7811
			    -178.9980
			    -51.9375
			    42.6050
			    -375.8114
			    309.5106
			    290.3584
			    -231.9046
			    -119.8082
			    -282.3584
			    237.9046
			    130.8082


===========================================================================================
===========================================================================================
S5:
	q_c:    180.0000    174.0000    391.0000
	ub :    193.0000    192.0000    421.0000
	lb :    167.0000    156.0000    361.0000

	==================================================================================
	Q1:
		Shape: Ellipse
		q_c:    188.0000    184.0000    381.0000
		ub :    196.8195    193.2183    392.5673
		lb :    179.1805    174.7817    369.4327
		P^-1: 
			    0.0279    0.0042    -0.0016
			    0.0042    0.0345    0.0100
			    -0.0016    0.0100    0.0177
	==================================================================================
	Q2:
		Shape: Hybrid
		q_c:    171.0000    169.0000    399.5000
		ub :    180.9060    180.2246    409.6708
		lb :    161.0940    157.7754    389.3292
		P^-1: 
			    0.0182    0.0014    -0.0015
			    0.0014    0.0232    -0.0056
			    -0.0015    -0.0056    0.0198
		A:
			    0.4620    0.4726    -0.7505
			    -0.4313    0.8559    0.2852
			    -0.6397    0.3323    0.6930
			    0.5469    0.8370    -0.0182
			    -0.3026    0.9381    0.1684
			    0.3428    -0.1756    -0.9229
		b:
			    -137.6176
			    189.3398
			    228.2390
			    231.5138
			    178.3187
			    -335.2231
	==================================================================================
	Q3:
		Shape: Hybrid
		q_c:    192.5000    165.0000    404.0000
		ub :    200.7767    176.8246    414.9922
		lb :    184.2233    153.1754    393.0078
		P^-1: 
			    0.0394    -0.0033    -0.0022
			    -0.0033    0.0205    -0.0131
			    -0.0022    -0.0131    0.0312
		A:
			    0.1825    -0.1823    0.9662
			    -0.4147    0.5277    -0.7413
			    0.1906    0.2907    0.9376
			    0.8014    0.3247    0.5023
			    -0.0807    -0.7409    0.6668
			    0.7036    0.1830    -0.6866
		b:
			    398.8589
			    -289.7275
			    469.0275
			    415.5841
			    134.5111
			    -109.1338
	==================================================================================
	Q4:
		Shape: Ellipse
		q_c:    176.5000    168.5000    402.5000
		ub :    187.5970    176.6689    413.2962
		lb :    165.4030    160.3311    391.7038
		P^-1: 
			    0.0280    -0.0197    0.0127
			    -0.0197    0.0557    -0.0244
			    0.0127    -0.0244    0.0335
	==================================================================================
	Q5:
		Shape: Ellipse
		q_c:    184.5000    176.5000    384.0000
		ub :    190.3000    182.7938    391.2414
		lb :    178.7000    170.2062    376.7586
		P^-1: 
			    0.0850    -0.0065    0.0169
			    -0.0065    0.0942    -0.0268
			    0.0169    -0.0268    0.0372
	==================================================================================
	Q6:
		Shape: Hybrid
		q_c:    170.5000    174.5000    386.5000
		ub :    184.6694    188.3915    398.3177
		lb :    156.3306    160.6085    374.6823
		P^-1: 
			    0.0124    -0.0007    -0.0018
			    -0.0007    0.0137    -0.0017
			    -0.0018    -0.0017    0.0166
		A:
			    -0.5979    0.5005    -0.6261
			    -0.8646    -0.2101    0.4564
			    -0.7921    -0.5061    0.3412
			    -0.5199    -0.4049    0.7522
			    -0.5400    -0.0274    -0.8412
			    -0.7696    0.6049    0.2046
		b:
			    -251.9200
			    -3.0324
			    -86.6182
			    135.3656
			    -416.9467
			    58.1764


===========================================================================================
===========================================================================================
S6:
	q_c:    279.0000    334.5000    477.5000
	ub :    296.0000    357.0000    492.0000
	lb :    262.0000    312.0000    463.0000

	==================================================================================
	Q1:
		Shape: Hybrid
		q_c:    287.5000    335.5000    483.0000
		ub :    294.2334    346.2521    494.0055
		lb :    280.7666    324.7479    471.9945
		P^-1: 
			    0.0277    -0.0003    -0.0007
			    -0.0003    0.0178    0.0000
			    -0.0007    0.0000    0.0178
		A:
			    -0.5856    0.7879    0.1904
			    0.4803    0.4230    0.7684
			    -0.6094    0.7416    0.2805
			    0.7986    0.1011    0.5933
			    -0.3830    0.1876    -0.9045
			    -0.6565    0.5682    -0.4962
		b:
			    191.9418
			    655.3868
			    212.9949
			    553.7682
			    -479.7077
			    -233.8449
	==================================================================================
	Q2:
		Shape: Hybrid
		q_c:    295.0000    341.0000    471.5000
		ub :    304.6357    351.0382    479.0756
		lb :    285.3643    330.9618    463.9244
		P^-1: 
			    0.0260    0.0029    0.0018
			    0.0029    0.0275    0.0042
			    0.0018    0.0042    0.0380
		A:
			    -0.9426    -0.3252    -0.0762
			    -0.3217    -0.5186    0.7922
			    0.1191    -0.7919    0.5989
			    -0.5057    -0.4076    0.7604
			    -0.1082    0.3453    0.9322
			    0.9785    -0.1896    0.0807
		b:
			    -421.3922
			    105.0854
			    51.1483
			    73.6466
			    527.9926
			    265.9128
	==================================================================================
	Q3:
		Shape: Polyhedra
		q_c:    279.5000    322.0000    472.5000
		ub :    287.1384    329.4647    477.8461
		lb :    271.8616    314.5353    467.1539
		A:
			    0.7158    0.6413    -0.2764
			    0.3891    0.5883    -0.7089
			    0.1914    -0.7880    -0.5852
			    0.7123    0.3615    0.6017
			    0.9075    0.0679    -0.4145
			    -0.7406    -0.6680    0.0721
			    0.6418    0.6754    0.3633
			    0.6322    -0.7341    0.2479
			    0.4341    0.0706    -0.8981
			    -0.6418    -0.6754    -0.3633
			    -0.6322    0.7341    -0.2479
			    -0.4341    -0.0706    0.8981
		b:
			    278.2614
			    -32.7218
			    -471.6724
			    602.9757
			    84.0152
			    -386.1239
			    570.0016
			    65.9282
			    -277.3006
			    -567.0016
			    -48.9282
			    283.3006
	==================================================================================
	Q4:
		Shape: Ellipse
		q_c:    274.5000    339.5000    465.0000
		ub :    282.0822    347.8115    470.6792
		lb :    266.9178    331.1885    459.3208
		P^-1: 
			    0.0466    -0.0192    -0.0029
			    -0.0192    0.0433    -0.0114
			    -0.0029    -0.0114    0.0779
	==================================================================================
	Q5:
		Shape: Ellipse
		q_c:    275.0000    339.0000    488.5000
		ub :    286.5303    346.4754    500.6524
		lb :    263.4697    331.5246    476.3476
		P^-1: 
			    0.0414    0.0383    0.0183
			    0.0383    0.0788    0.0207
			    0.0183    0.0207    0.0224
	==================================================================================
	Q6:
		Shape: Polyhedra
		q_c:    263.0000    321.5000    492.0000
		ub :    272.2779    331.2854    501.7432
		lb :    253.7221    311.7146    482.2568
		A:
			    -0.2400    0.2083    0.9482
			    -0.5766    -0.3792    -0.7237
			    -0.6408    0.0380    -0.7667
			    -0.0856    -0.7234    0.6851
			    0.2239    0.5903    -0.7755
			    -0.9603    -0.2544    -0.1148
			    0.2136    0.7823    0.5851
			    0.6421    0.3389    -0.6876
			    -0.7362    0.5226    -0.4299
			    -0.2136    -0.7823    -0.5851
			    -0.6421    -0.3389    0.6876
			    0.7362    -0.5226    0.4299
		b:
			    475.8518
			    -623.4616
			    -527.2200
			    87.6404
			    -127.5187
			    -384.9676
			    601.5658
			    -55.4767
			    -230.6481
			    -589.5658
			    65.4767
			    243.6481


===========================================================================================
===========================================================================================
S7:
	q_c:    366.5000    464.0000    364.5000
	ub :    378.0000    481.0000    378.0000
	lb :    355.0000    447.0000    351.0000

	==================================================================================
	Q1:
		Shape: Polyhedra
		q_c:    360.0000    465.5000    358.0000
		ub :    366.0811    471.4339    364.7019
		lb :    353.9189    459.5661    351.2981
		A:
			    -0.5667    0.6537    -0.5015
			    0.5518    -0.1300    0.8238
			    0.6919    -0.7116    -0.1219
			    0.1829    0.7445    -0.6421
			    -0.6942    -0.0890    0.7142
			    -0.6749    -0.6964    -0.2440
			    0.3337    0.8015    0.4963
			    0.7047    -0.5618    0.4334
			    0.6262    0.2051    -0.7522
			    -0.3337    -0.8015    -0.4963
			    -0.7047    0.5618    -0.4334
			    -0.6262    -0.2051    0.7522
		b:
			    -76.7004
			    436.3162
			    -122.5428
			    186.5277
			    -31.1756
			    -650.0472
			    675.3812
			    149.8409
			    56.1071
			    -666.3812
			    -144.8409
			    -47.1071
	==================================================================================
	Q2:
		Shape: Hybrid
		q_c:    361.0000    471.0000    357.0000
		ub :    369.7570    479.8995    362.8384
		lb :    352.2430    462.1005    351.1616
		P^-1: 
			    0.0370    -0.0123    0.0104
			    -0.0123    0.0354    -0.0136
			    0.0104    -0.0136    0.0729
		A:
			    0.8869    0.3861    -0.2537
			    -0.5236    0.8268    0.2054
			    -0.0358    -0.1354    0.9901
			    -0.7928    -0.1437    0.5922
			    -0.8639    0.4936    -0.1001
			    0.0657    0.9180    -0.3911
		b:
			    415.7898
			    277.0911
			    278.8145
			    -138.8263
			    -112.1776
			    320.0549
	==================================================================================
	Q3:
		Shape: Polyhedra
		q_c:    363.5000    467.0000    370.0000
		ub :    370.9803    475.0871    376.9429
		lb :    356.0197    458.9129    363.0571
		A:
			    -0.4208    -0.8380    0.3475
			    0.4079    0.9086    -0.0897
			    0.0479    -0.2248    0.9732
			    0.9126    -0.3995    0.0869
			    0.5568    0.8206    -0.1288
			    0.9075    0.4088    0.0968
			    0.0991    0.8191    0.5651
			    0.1152    0.5546    -0.8241
			    -0.9884    0.1468    -0.0394
			    -0.0991    -0.8191    -0.5651
			    -0.1152    -0.5546    0.8241
			    0.9884    -0.1468    0.0394
		b:
			    -410.8637
			    544.7381
			    276.9361
			    183.7422
			    543.3911
			    562.8630
			    633.6176
			    -0.0420
			    -298.7884
			    -621.6176
			    8.0420
			    311.7884
	==================================================================================
	Q4:
		Shape: Polyhedra
		q_c:    367.5000    462.0000    356.5000
		ub :    375.7092    467.8487    364.8413
		lb :    359.2908    456.1513    348.1587
		A:
			    -0.0173    -0.9345    -0.3555
			    -0.2183    0.9188    0.3289
			    0.5210    0.5192    0.6775
			    0.8180    -0.2761    -0.5046
			    -0.7455    -0.5306    -0.4034
			    0.6416    0.1056    0.7598
			    0.1802    0.8877    0.4236
			    0.7164    0.1766    -0.6749
			    -0.6740    0.4252    -0.6041
			    -0.1802    -0.8877    -0.4236
			    -0.7164    -0.1766    0.6749
			    0.6740    -0.4252    0.6041
		b:
			    -561.7221
			    465.0007
			    676.5519
			    -1.2113
			    -658.8140
			    559.9449
			    630.3936
			    110.2743
			    -261.6395
			    -624.3936
			    -98.2743
			    271.6395
	==================================================================================
	Q5:
		Shape: Ellipse
		q_c:    378.0000    470.0000    368.5000
		ub :    388.2473    478.5236    378.1535
		lb :    367.7527    461.4764    358.8465
		P^-1: 
			    0.0335    -0.0182    -0.0054
			    -0.0182    0.0509    -0.0008
			    -0.0054    -0.0008    0.0237
	==================================================================================
	Q6:
		Shape: Ellipse
		q_c:    362.5000    455.0000    375.0000
		ub :    367.9846    461.7076    381.9247
		lb :    357.0154    448.2924    368.0753
		P^-1: 
			    0.0563    0.0275    0.0255
			    0.0275    0.1578    0.1079
			    0.0255    0.1079    0.1057


===========================================================================================
===========================================================================================
S8:
	q_c:    67.0000    416.0000    157.0000
	ub :    70.0000    434.0000    177.0000
	lb :    64.0000    398.0000    137.0000

	==================================================================================
	Q1:
		Shape: Polyhedra
		q_c:    68.5000    414.5000    154.5000
		ub :    70.1343    416.4958    156.6748
		lb :    66.8657    412.5042    152.3252
		A:
			    -0.8278    -0.5413    0.1473
			    -0.6643    -0.6885    -0.2910
			    -0.8540    -0.3993    0.3336
			    -0.9164    -0.4003    -0.0070
			    -0.7581    0.1395    0.6370
			    0.7511    0.5878    -0.3007
			    0.7971    0.5540    0.2402
			    0.2996    -0.7082    0.6394
			    0.5243    -0.4377    -0.7304
			    -0.7971    -0.5540    -0.2402
			    -0.2996    0.7082    -0.6394
			    -0.5243    0.4377    0.7304
		b:
			    -257.5897
			    -375.2755
			    -171.5123
			    -229.1237
			    105.6948
			    249.5229
			    321.8522
			    -172.7311
			    -256.8584
			    -320.8522
			    175.7311
			    259.8584
	==================================================================================
	Q2:
		Shape: Hybrid
		q_c:    70.5000    415.5000    159.0000
		ub :    72.9526    417.5987    161.2168
		lb :    68.0474    413.4013    156.7832
		P^-1: 
			    0.2637    0.0304    -0.0394
			    0.0304    0.4393    0.0066
			    -0.0394    0.0066    0.4358
		A:
			    0.2913    0.0355    0.9560
			    -0.6657    0.6957    -0.2700
			    -0.8324    0.5464    0.0922
			    -0.6357    -0.7256    0.2634
			    -0.2077    -0.1749    -0.9624
			    0.5524    0.8335    -0.0103
		b:
			    188.1768
			    200.2990
			    184.1378
			    -303.5549
			    -239.5241
			    384.4726
	==================================================================================
	Q3:
		Shape: Ellipse
		q_c:    64.5000    416.5000    155.0000
		ub :    66.7939    419.0686    157.2903
		lb :    62.2061    413.9314    152.7097
		P^-1: 
			    0.4354    0.0397    -0.0105
			    0.0397    0.2711    0.0457
			    -0.0105    0.0457    0.4324
	==================================================================================
	Q4:
		Shape: Ellipse
		q_c:    68.0000    417.5000    159.5000
		ub :    70.4447    419.9054    161.8743
		lb :    65.5553    415.0946    157.1257
		P^-1: 
			    0.4367    -0.0375    -0.0058
			    -0.0375    0.2621    -0.0282
			    -0.0058    -0.0282    0.4401
	==================================================================================
	Q5:
		Shape: Polyhedra
		q_c:    66.0000    416.0000    158.5000
		ub :    67.3682    417.5122    160.3023
		lb :    64.6318    414.4878    156.6977
		A:
			    -0.1251    0.5654    -0.8153
			    0.5219    -0.1285    0.8433
			    -0.3991    0.8769    0.2678
			    -0.1828    0.8974    0.4015
			    0.5196    -0.6057    -0.6026
			    0.5134    -0.5791    0.6333
			    0.9739    0.2039    0.0997
			    0.1718    -0.9493    0.2633
			    0.1483    -0.2393    -0.9595
			    -0.9739    -0.2039    -0.0997
			    -0.1718    0.9493    -0.2633
			    -0.1483    0.2393    0.9595
		b:
			    98.9258
			    115.9279
			    382.0609
			    426.1212
			    -311.8672
			    -105.5277
			    165.8959
			    -340.8329
			    -240.3551
			    -163.8959
			    342.8329
			    243.3551
	==================================================================================
	Q6:
		Shape: Polyhedra
		q_c:    65.0000    415.0000    155.5000
		ub :    66.5021    416.7571    157.1872
		lb :    63.4979    413.2429    153.8128
		A:
			    0.3496    0.7011    -0.6214
			    0.0770    0.5433    0.8360
			    -0.7875    -0.5840    -0.1969
			    0.0887    -0.2875    -0.9537
			    0.3538    -0.2804    0.8923
			    -0.1969    -0.5304    0.8246
			    0.7360    0.1817    0.6521
			    -0.6742    0.1095    0.7304
			    0.0613    -0.9772    0.2031
			    -0.7360    -0.1817    -0.6521
			    0.6742    -0.1095    -0.7304
			    -0.0613    0.9772    -0.2031
		b:
			    218.3948
			    361.5457
			    -323.0227
			    -260.8355
			    46.5123
			    -103.4568
			    225.6531
			    116.2152
			    -368.4821
			    -223.6531
			    -114.2152
			    371.4821


===========================================================================================
===========================================================================================
S9:
	q_c:    479.5000    119.0000    314.5000
	ub :    491.0000    146.0000    335.0000
	lb :    468.0000    92.0000    294.0000

	==================================================================================
	Q1:
		Shape: Polyhedra
		q_c:    475.0000    133.0000    311.0000
		ub :    479.4074    140.1561    318.4193
		lb :    470.5926    125.8439    303.5807
		A:
			    0.5681    0.8216    -0.0469
			    0.3799    0.6820    0.6249
			    -0.3978    -0.7706    0.4980
			    0.3320    0.7234    0.6053
			    -0.3712    0.9189    0.1337
			    -0.9474    -0.0500    -0.3163
			    0.8932    0.4285    0.1364
			    0.4456    -0.8842    -0.1400
			    0.0607    0.1858    -0.9807
			    -0.8932    -0.4285    -0.1364
			    -0.4456    0.8842    0.1400
			    -0.0607    -0.1858    0.9807
		b:
			    367.9691
			    469.9975
			    -131.4785
			    446.7849
			    -6.5682
			    -552.1027
			    525.1882
			    56.4917
			    -244.9682
			    -522.1882
			    -44.4917
			    257.9682
	==================================================================================
	Q2:
		Shape: Ellipse
		q_c:    488.0000    122.0000    325.5000
		ub :    490.7982    129.5213    333.0481
		lb :    485.2018    114.4787    317.9519
		P^-1: 
			    0.2475    -0.0092    -0.0213
			    -0.0092    0.0426    -0.0186
			    -0.0213    -0.0186    0.0460
	==================================================================================
	Q3:
		Shape: Polyhedra
		q_c:    472.5000    129.5000    313.0000
		ub :    478.8170    134.2305    319.6130
		lb :    466.1830    124.7695    306.3870
		A:
			    0.8493    0.5276    0.0167
			    -0.9902    -0.0723    -0.1197
			    0.4525    0.8902    0.0520
			    -0.4078    -0.4962    -0.7664
			    -0.2744    0.4706    -0.8386
			    -0.9018    -0.3720    -0.2202
			    0.5980    0.2568    0.7592
			    -0.7954    0.0734    0.6017
			    0.0988    -0.9637    0.2482
			    -0.5980    -0.2568    -0.7592
			    0.7954    -0.0734    -0.6017
			    -0.0988    0.9637    -0.2482
		b:
			    478.9902
			    -510.4170
			    349.1110
			    -492.8743
			    -327.3870
			    -539.0210
			    557.4598
			    -173.4818
			    3.0711
			    -549.4598
			    182.4818
			    3.9289
	==================================================================================
	Q4:
		Shape: Polyhedra
		q_c:    474.0000    114.0000    309.5000
		ub :    481.8959    120.3462    317.7255
		lb :    466.1041    107.6538    301.2745
		A:
			    0.4359    0.1356    -0.8897
			    0.0727    0.9686    -0.2376
			    0.2372    0.7041    -0.6693
			    -0.6663    0.7085    0.2327
			    0.9991    0.0430    -0.0054
			    0.3045    -0.1613    -0.9388
			    0.1007    0.9940    0.0419
			    0.7997    -0.0558    -0.5979
			    -0.5920    0.0937    -0.8005
			    -0.1007    -0.9940    -0.0419
			    -0.7997    0.0558    0.5979
			    0.5920    -0.0937    0.8005
		b:
			    -48.4603
			    76.9090
			    -8.9920
			    -158.0841
			    482.0251
			    -159.4482
			    179.5056
			    191.6479
			    -510.6607
			    -168.5056
			    -183.6479
			    524.6607
	==================================================================================
	Q5:
		Shape: Ellipse
		q_c:    479.5000    113.5000    306.0000
		ub :    484.6177    119.6256    311.7457
		lb :    474.3823    107.3744    300.2543
		P^-1: 
			    0.3067    0.0522    -0.1833
			    0.0522    0.0594    -0.0398
			    -0.1833    -0.0398    0.1677
	==================================================================================
	Q6:
		Shape: Polyhedra
		q_c:    474.5000    129.5000    314.5000
		ub :    481.5367    136.2352    320.5765
		lb :    467.4633    122.7648    308.4235
		A:
			    0.0200    0.9569    -0.2898
			    -0.9414    -0.1088    0.3193
			    -0.7429    0.4719    -0.4748
			    -0.4422    -0.7418    0.5041
			    0.9210    0.0590    -0.3852
			    0.9005    -0.3984    0.1742
			    0.6315    0.6346    0.4455
			    0.6776    -0.7310    0.0807
			    0.3769    0.2510    -0.8916
			    -0.6315    -0.6346    -0.4455
			    -0.6776    0.7310    -0.0807
			    -0.3769    -0.2510    0.8916
		b:
			    46.3014
			    -356.1818
			    -436.9297
			    -143.0970
			    327.5882
			    434.2435
			    526.9544
			    255.7317
			    -65.0910
			    -516.9544
			    -248.7317
			    73.0910


===========================================================================================
===========================================================================================
S10:
	q_c:    268.0000    175.5000    298.5000
	ub :    283.0000    187.0000    321.0000
	lb :    253.0000    164.0000    276.0000

	==================================================================================
	Q1:
		Shape: Hybrid
		q_c:    268.5000    180.0000    297.0000
		ub :    274.3242    185.8726    302.0891
		lb :    262.6758    174.1274    291.9109
		P^-1: 
			    0.0590    0.0156    0.0033
			    0.0156    0.1022    -0.0413
			    0.0033    -0.0413    0.1298
		A:
			    0.3109    0.0524    0.9490
			    -0.0464    -0.3269    0.9439
			    0.1454    0.8961    0.4193
			    0.9174    -0.0961    -0.3862
			    0.2642    -0.6297    -0.7305
			    -0.1740    -0.9845    -0.0203
		b:
			    376.5540
			    210.4204
			    327.2792
			    117.3742
			    -256.6235
			    -227.9004
	==================================================================================
	Q2:
		Shape: Polyhedra
		q_c:    271.0000    180.5000    305.5000
		ub :    277.7555    188.8878    313.7674
		lb :    264.2445    172.1122    297.2326
		A:
			    0.8534    -0.5180    0.0584
			    0.4506    -0.8116    -0.3719
			    0.4412    -0.6354    -0.6337
			    -0.5004    0.4950    0.7104
			    0.8608    -0.0343    -0.5078
			    0.7015    -0.3726    0.6075
			    0.8512    0.0901    0.5170
			    -0.2018    -0.8532    0.4810
			    0.4844    -0.5138    -0.7080
			    -0.8512    -0.0901    -0.5170
			    0.2018    0.8532    -0.4810
			    -0.4844    0.5138    0.7080
		b:
			    159.9644
			    -133.3145
			    -184.6164
			    174.7621
			    76.5418
			    313.2715
			    408.8935
			    -54.7381
			    -173.7671
			    -400.8935
			    68.7381
			    181.7671
	==================================================================================
	Q3:
		Shape: Hybrid
		q_c:    255.0000    168.5000    298.5000
		ub :    264.8001    176.5646    307.7990
		lb :    245.1999    160.4354    289.2010
		P^-1: 
			    0.0364    0.0103    0.0159
			    0.0103    0.0377    0.0121
			    0.0159    0.0121    0.0366
		A:
			    0.4782    0.5075    0.7168
			    -0.7892    0.2262    -0.5710
			    0.5740    0.0993    0.8128
			    0.7767    -0.4634    -0.4266
			    -0.1950    0.7087    0.6780
			    -0.9111    -0.4030    -0.0862
		b:
			    423.5087
			    -330.4162
			    408.3087
			    -2.7493
			    275.6187
			    -322.7249
	==================================================================================
	Q4:
		Shape: Hybrid
		q_c:    265.5000    181.0000    295.0000
		ub :    270.2145    187.8838    301.6920
		lb :    260.7855    174.1162    288.3080
		P^-1: 
			    0.2791    -0.1594    -0.1236
			    -0.1594    0.1420    0.0723
			    -0.1236    0.0723    0.1058
		A:
			    0.6787    -0.4068    -0.6115
			    0.4300    -0.8919    -0.1401
			    0.4503    -0.1022    0.8870
			    0.6919    -0.7005    0.1748
			    -0.7255    -0.6480    0.2319
			    -0.7841    -0.3472    0.5144
		b:
			    -72.6920
			    -86.3613
			    366.8833
			    110.6092
			    -237.3180
			    -116.1082
	==================================================================================
	Q5:
		Shape: Ellipse
		q_c:    267.0000    168.0000    295.5000
		ub :    272.3716    175.5172    302.9246
		lb :    261.6284    160.4828    288.0754
		P^-1: 
			    0.1957    0.0898    0.0296
			    0.0898    0.0862    0.0046
			    0.0296    0.0046    0.0453
	==================================================================================
	Q6:
		Shape: Hybrid
		q_c:    283.0000    169.0000    306.5000
		ub :    288.9289    174.5771    311.7745
		lb :    277.0711    163.4229    301.2255
		P^-1: 
			    0.0741    0.0024    -0.0217
			    0.0024    0.0506    0.0034
			    -0.0217    0.0034    0.0983
		A:
			    -0.9526    0.1935    0.2347
			    -0.6009    0.5759    0.5543
			    0.1058    0.4810    -0.8703
			    0.6682    0.3520    -0.6554
			    -0.2732    0.2992    -0.9143
			    -0.3456    0.2036    0.9160
		b:
			    -162.8290
			    99.2976
			    -153.3827
			    49.5001
			    -304.6962
			    218.9338


