3D_30_11_6_d                l = 3

===========================================================================================
===========================================================================================
S1:
	q_c:	419.5	176.5	88.5
	ub :	431.0347	190.3196	104.8622
	lb :	402.7608	163.7803	83.2018

	==================================================================================
	Q1:
		Shape: Hybrid
		q_c:	418.0	173.0	93.0
		ub :	425.9365	180.644	96.9792
		lb :	410.0635	165.356	89.0208
		P^-1:
			0.075	0.0139	-0.1221
			0.0139	0.0563	-0.0787
			-0.1221	-0.0787	0.3862
		A:
			-0.2048	-0.516	-0.8317
			-0.2954	0.1402	0.945
			0.1998	-0.2419	-0.9495
			-0.4236	-0.1962	0.8844
			-0.8159	-0.4811	0.3207
			-0.3561	0.3734	0.8566
		b:
			-247.8344
			-9.7828
			-44.4942
			-127.8678
			-390.1814
			-2.2644
	==================================================================================
	Q2:
		Shape: Hybrid
		q_c:	423.0	170.5	97.0
		ub :	431.0347	176.1537	104.685
		lb :	414.9653	164.8463	89.315
		P^-1:
			0.0356	-0.0029	-0.0028
			-0.0029	0.0486	-0.002
			-0.0028	-0.002	0.0382
		A:
			0.0859	0.231	-0.9691
			0.0798	-0.5774	0.8126
			-0.6647	-0.5719	0.4808
			0.3624	-0.9296	-0.0669
			-0.511	-0.7029	0.4948
			-0.9151	0.3958	-0.0774
		b:
			-15.4913
			16.7231
			-329.305
			-9.3805
			-285.4028
			-324.2451
	==================================================================================
	Q3:
		Shape: Polyhedra
		q_c:	415.0	178.5	92.0
		ub :	423.6789	187.4655	100.7982
		lb :	406.3211	169.5345	83.2018
		A:
			-0.8488	-0.489	-0.2009
			-0.1341	-0.2167	-0.967
			-0.9631	-0.2459	0.1092
			0.5469	-0.2153	0.8091
			0.7442	-0.4738	-0.4709
			0.7329	0.6254	-0.268
			0.333	0.6532	0.6801
			-0.5202	0.7288	-0.4453
			-0.7865	-0.2055	0.5825
			-0.333	-0.6532	-0.6801
			0.5202	-0.7288	0.4453
			0.7865	0.2055	-0.5825
		b:
			-453.4389
			-178.4383
			-428.8089
			269.1779
			186.2283
			395.737
			321.8532
			-119.7508
			-304.9712
			-312.8532
			133.7508
			313.9712
	==================================================================================
	Q4:
		Shape: Ellipse
		q_c:	410.5	174.0	96.0
		ub :	416.4762	177.6033	101.7925
		lb :	404.5238	170.3967	90.2075
		P^-1:
			0.0728	0.0458	0.029
			0.0458	0.2212	0.0444
			0.029	0.0444	0.0871
	==================================================================================
	Q5:
		Shape: Polyhedra
		q_c:	408.0	167.5	87.0
		ub :	413.2392	171.2197	90.7497
		lb :	402.7608	163.7803	83.2503
		A:
			-0.0025	-0.9866	0.1634
			0.4306	-0.293	-0.8536
			-0.1656	0.8658	-0.4721
			0.3648	0.3049	-0.8797
			-0.4333	0.8572	0.2783
			-0.221	-0.8855	0.4087
			0.8777	0.2757	0.3921
			-0.1625	-0.5983	0.7846
			0.4509	-0.7523	-0.4803
			-0.8777	-0.2757	-0.3921
			0.1625	0.5983	-0.7846
			-0.4509	0.7523	0.4803
		b:
			-150.008
			54.4887
			37.9574
			124.6957
			-6.5246
			-201.1384
			442.8713
			-97.2787
			18.659
			-433.8713
			99.2787
			-13.659
	==================================================================================
	Q6:
		Shape: Ellipse
		q_c:	426.0	186.0	100.0
		ub :	430.3177	190.3196	104.8622
		lb :	421.6823	181.6804	95.1378
		P^-1:
			0.0831	-0.0075	0.0076
			-0.0075	0.1194	-0.0384
			0.0076	-0.0384	0.1208


===========================================================================================
===========================================================================================
S2:
	q_c:	306.5	363.5	268.5
	ub :	313.4344	375.4722	279.4894
	lb :	295.1149	355.5755	262.0759

	==================================================================================
	Q1:
		Shape: Hybrid
		q_c:	307.5	370.0	275.0
		ub :	312.7699	375.4722	278.6731
		lb :	302.2301	364.5278	271.3269
		P^-1:
			0.1401	0.0732	0.0237
			0.0732	0.112	0.0421
			0.0237	0.0421	0.2073
		A:
			-0.8171	-0.5187	-0.2518
			0.8244	0.5625	0.0633
			-0.9448	-0.2482	-0.2137
			-0.2711	0.3265	-0.9055
			0.5213	-0.3261	-0.7886
			-0.667	-0.6562	0.3529
		b:
			-511.1784
			480.286
			-439.4413
			-209.5267
			-175.2191
			-349.3184
	==================================================================================
	Q2:
		Shape: Ellipse
		q_c:	308.5	372.0	265.0
		ub :	310.5186	374.4826	267.9241
		lb :	306.4814	369.5174	262.0759
		P^-1:
			0.6462	-0.6769	0.4989
			-0.6769	2.2713	-1.8077
			0.4989	-1.8077	1.6381
	==================================================================================
	Q3:
		Shape: Hybrid
		q_c:	300.0	365.0	270.5
		ub :	304.0689	370.3052	274.2735
		lb :	295.9311	359.6948	266.7265
		P^-1:
			0.2952	0.099	0.1189
			0.099	0.0851	0.0797
			0.1189	0.0797	0.2642
		A:
			0.8795	0.1974	0.4331
			-0.295	-0.1401	-0.9452
			-0.3267	-0.0773	-0.9419
			0.0744	-0.0771	0.9942
			0.0067	-0.079	-0.9969
			-0.8488	0.1384	-0.5102
		b:
			454.0045
			-394.1027
			-379.7636
			264.8352
			-295.0253
			-340.2077
	==================================================================================
	Q4:
		Shape: Hybrid
		q_c:	309.5	359.5	275.5
		ub :	313.4344	362.985	279.1581
		lb :	305.5656	356.015	271.8419
		P^-1:
			0.1746	0.0051	-0.069
			0.0051	0.1115	-0.0055
			-0.069	-0.0055	0.1861
		A:
			-0.1556	-0.9565	-0.2467
			0.0203	0.1467	-0.989
			0.4373	-0.8939	0.0981
			-0.3788	-0.0968	-0.9204
			0.612	0.2814	-0.7391
			0.6004	-0.5784	-0.5523
		b:
			-457.9968
			-211.955
			-157.0143
			-403.7496
			88.0208
			-172.802
	==================================================================================
	Q5:
		Shape: Hybrid
		q_c:	301.5	363.0	269.5
		ub :	307.8851	366.9007	275.5127
		lb :	295.1149	359.0993	263.4873
		P^-1:
			0.0554	-0.0084	0.0065
			-0.0084	0.1098	-0.0011
			0.0065	-0.0011	0.0579
		A:
			-0.3935	0.8546	-0.339
			-0.2337	-0.8953	0.3792
			0.2475	-0.8625	-0.4415
			-0.5821	-0.5177	0.627
			-0.2415	0.8111	-0.5328
			-0.6977	-0.6055	0.3829
		b:
			101.89
			-291.3331
			-355.5728
			-191.6984
			79.8481
			-324.3182
	==================================================================================
	Q6:
		Shape: Hybrid
		q_c:	302.0	358.5	276.0
		ub :	305.2539	361.4245	279.4894
		lb :	298.7461	355.5755	272.5106
		P^-1:
			0.2408	0.0637	-0.0007
			0.0637	0.3382	0.121
			-0.0007	0.121	0.2755
		A:
			0.0024	-0.6763	-0.7367
			-0.9707	0.0529	-0.2346
			-0.3784	0.5854	0.7171
			-0.2499	0.7829	-0.5697
			-0.1393	0.8013	-0.5818
			-0.3425	-0.6267	-0.6999
		b:
			-444.2328
			-337.4948
			294.4577
			49.6732
			86.2639
			-520.4805


===========================================================================================
===========================================================================================
S3:
	q_c:	23.0	300.0	288.5
	ub :	39.5577	312.7274	298.1912
	lb :	12.078	285.6835	279.1578

	==================================================================================
	Q1:
		Shape: Polyhedra
		q_c:	18.0	297.0	284.5
		ub :	23.922	303.0693	289.8422
		lb :	12.078	290.9307	279.1578
		A:
			0.7517	-0.5177	-0.4085
			-0.3738	-0.9065	-0.196
			-0.3553	-0.8118	0.4634
			-0.891	0.0493	0.4512
			-0.079	0.6679	0.7401
			-0.9331	0.3516	0.0759
			0.8469	0.2759	0.4545
			-0.4863	0.056	0.872
			0.2151	-0.9596	0.1816
			-0.8469	-0.2759	-0.4545
			0.4863	-0.056	-0.872
			-0.2151	0.9596	-0.1816
		b:
			-252.5482
			-327.144
			-111.2495
			130.3507
			411.3347
			113.2851
			230.4959
			258.9743
			-224.456
			-222.4959
			-252.9743
			234.456
	==================================================================================
	Q2:
		Shape: Ellipse
		q_c:	20.5	292.5	290.0
		ub :	24.0587	293.6207	293.5559
		lb :	16.9413	291.3793	286.4441
		P^-1:
			0.3003	-0.7132	-0.103
			-0.7132	3.784	0.5236
			-0.103	0.5236	0.2356
	==================================================================================
	Q3:
		Shape: Hybrid
		q_c:	31.0	294.0	290.5
		ub :	39.5577	302.3165	298.1912
		lb :	22.4423	285.6835	282.8088
		P^-1:
			0.0398	0.0082	-0.0129
			0.0082	0.0373	-0.002
			-0.0129	-0.002	0.0531
		A:
			0.981	0.0723	-0.18
			-0.3089	0.9506	-0.0289
			-0.0596	0.7813	-0.6213
			0.7974	0.06	-0.6005
			-0.7861	0.1585	0.5974
			0.5008	-0.043	-0.8645
		b:
			2.3622
			265.158
			50.4966
			-129.7804
			198.3379
			-246.1329
	==================================================================================
	Q4:
		Shape: Hybrid
		q_c:	29.5	306.0	292.5
		ub :	35.2107	312.7274	297.6211
		lb :	23.7893	299.2726	287.3789
		P^-1:
			0.4529	0.0042	-0.4722
			0.0042	0.0441	0.0022
			-0.4722	0.0022	0.5924
		A:
			0.8349	0.0212	-0.55
			0.7506	-0.1983	-0.6302
			0.7307	-0.2303	-0.6427
			-0.6851	0.2642	0.6789
			-0.786	0.0292	0.6175
			0.7108	0.063	-0.7006
		b:
			-128.6461
			-221.7955
			-235.7617
			260.3658
			167.236
			-164.0717
	==================================================================================
	Q5:
		Shape: Hybrid
		q_c:	29.0	298.5	293.0
		ub :	35.4124	304.9526	297.7143
		lb :	22.5876	292.0474	288.2857
		P^-1:
			0.0816	0.0308	-0.0357
			0.0308	0.0789	-0.0332
			-0.0357	-0.0332	0.1114
		A:
			-0.4894	0.1707	0.8552
			-0.9316	0.1455	-0.3332
			0.6579	0.0464	-0.7517
			0.5768	0.7329	-0.3607
			0.0925	0.9952	0.0306
			-0.2608	0.0137	-0.9653
		b:
			289.3877
			-78.2118
			-185.5747
			131.3973
			311.3841
			-283.9383
	==================================================================================
	Q6:
		Shape: Polyhedra
		q_c:	29.5	305.0	283.5
		ub :	33.1415	309.0914	286.0878
		lb :	25.8585	300.9086	280.9122
		A:
			-0.0185	0.7041	-0.7099
			0.9612	0.091	0.2602
			0.6885	-0.0736	0.7215
			-0.6514	-0.5708	0.4999
			-0.3342	0.2015	-0.9207
			0.0033	-0.4635	-0.8861
			0.8936	0.4464	0.0479
			0.0321	-0.1698	0.9849
			0.4478	-0.8786	-0.1661
			-0.8936	-0.4464	-0.0479
			-0.0321	0.1698	-0.9849
			-0.4478	0.8786	0.1661
		b:
			15.2842
			132.4151
			204.684
			-49.2257
			-207.3663
			-390.0857
			178.5777
			230.3809
			-298.8382
			-173.5777
			-226.3809
			304.8382


===========================================================================================
===========================================================================================
S4:
	q_c:	245.5	78.0	166.0
	ub :	265.0224	96.4978	174.6799
	lb :	232.1757	69.0358	152.8846

	==================================================================================
	Q1:
		Shape: Ellipse
		q_c:	250.5	76.0	157.5
		ub :	253.0725	78.3747	162.1154
		lb :	247.9275	73.6253	152.8846
		P^-1:
			0.4093	-0.3014	0.0659
			-0.3014	0.8204	-0.1208
			0.0659	-0.1208	0.0697
	==================================================================================
	Q2:
		Shape: Hybrid
		q_c:	257.5	77.0	164.0
		ub :	265.0224	84.9642	171.3007
		lb :	249.9776	69.0358	156.6993
		P^-1:
			0.0566	0.0076	-0.0106
			0.0076	0.0527	0.0137
			-0.0106	0.0137	0.0435
		A:
			0.9705	-0.1029	-0.2179
			0.7381	0.5424	0.4013
			0.9371	-0.177	-0.3007
			-0.7799	-0.3867	0.4921
			-0.0437	0.6819	0.7301
			0.0929	-0.6126	-0.7849
		b:
			208.4497
			299.8704
			180.5335
			-147.7452
			163.0723
			-149.853
	==================================================================================
	Q3:
		Shape: Ellipse
		q_c:	245.0	85.0	164.5
		ub :	249.9763	91.5775	171.6854
		lb :	240.0237	78.4225	157.3146
		P^-1:
			0.1047	0.0087	-0.0179
			0.0087	0.0491	-0.0079
			-0.0179	-0.0079	0.0398
	==================================================================================
	Q4:
		Shape: Polyhedra
		q_c:	242.0	89.5	168.5
		ub :	248.7864	96.4978	174.6799
		lb :	235.2136	82.5022	162.3201
		A:
			0.4104	0.8442	0.3449
			-0.5459	-0.7059	0.4513
			0.7551	0.5273	-0.3895
			0.354	-0.1291	0.9263
			-0.6107	-0.3591	-0.7058
			-0.7091	-0.4192	-0.567
			0.2666	0.6445	0.7166
			-0.9544	0.2801	0.1032
			-0.1342	-0.7115	0.6898
			-0.2666	-0.6445	-0.7166
			0.9544	-0.2801	-0.1032
			0.1342	0.7115	-0.6898
		b:
			236.6997
			-114.657
			169.1477
			234.3616
			-294.9213
			-300.5606
			246.4608
			-183.0037
			24.5718
			-239.4608
			194.0037
			-15.5718
	==================================================================================
	Q5:
		Shape: Ellipse
		q_c:	252.0	78.0	170.0
		ub :	256.5895	81.8963	174.0894
		lb :	247.4105	74.1037	165.9106
		P^-1:
			0.0818	-0.0409	0.0391
			-0.0409	0.2075	-0.0338
			0.0391	-0.0338	0.1832
	==================================================================================
	Q6:
		Shape: Ellipse
		q_c:	237.5	89.0	162.5
		ub :	242.8243	94.7463	166.4228
		lb :	232.1757	83.2537	158.5772
		P^-1:
			0.1866	0.1076	-0.1216
			0.1076	0.1244	-0.1172
			-0.1216	-0.1172	0.2845


===========================================================================================
===========================================================================================
S5:
	q_c:	304.0	79.5	23.5
	ub :	318.2394	113.6343	56.6629
	lb :	274.7622	69.8384	-10.0664

	==================================================================================
	Q1:
		Shape: Polyhedra
		q_c:	298.0	95.5	13.5
		ub :	312.1822	110.1007	27.8457
		lb :	283.8178	80.8993	-0.8457
		A:
			-0.3287	0.7597	0.5611
			0.9758	0.0618	0.2097
			-0.0162	-0.0409	0.999
			-0.0999	0.9849	-0.1417
			0.2793	-0.7467	-0.6037
			-0.0514	-0.619	-0.7837
			0.6469	0.7237	0.2404
			0.6695	-0.3881	-0.6334
			-0.3651	0.5706	-0.7356
			-0.6469	-0.7237	-0.2404
			-0.6695	0.3881	0.6334
			0.3651	-0.5706	0.7356
		b:
			-9.7771
			308.0156
			13.9506
			71.4197
			11.7782
			-76.8864
			273.1279
			161.9081
			-54.2338
			-257.1279
			-145.9081
			74.2338
	==================================================================================
	Q2:
		Shape: Polyhedra
		q_c:	287.0	99.5	31.0
		ub :	297.6414	113.6343	44.9315
		lb :	276.3586	85.3657	17.0685
		A:
			-0.7516	-0.0613	0.6567
			0.971	-0.2209	-0.0917
			-0.0488	-0.4934	-0.8684
			-0.4702	-0.5974	-0.6497
			-0.2586	-0.7819	-0.5673
			0.5411	0.0694	-0.8381
			0.807	0.4633	0.3661
			0.5898	-0.6627	-0.4615
			0.0288	0.5884	-0.8081
			-0.807	-0.4633	-0.3661
			-0.5898	0.6627	0.4615
			-0.0288	-0.5884	0.8081
		b:
			-193.0485
			261.4388
			-82.0822
			-207.266
			-162.1848
			145.0388
			296.0642
			97.0407
			51.26
			-282.0642
			-81.0407
			-32.26
	==================================================================================
	Q3:
		Shape: Hybrid
		q_c:	291.0	79.5	28.5
		ub :	300.0878	89.1616	38.1327
		lb :	281.9122	69.8384	18.8673
		P^-1:
			0.0212	0.0017	0.0015
			0.0017	0.0273	-0.0004
			0.0015	-0.0004	0.0274
		A:
			0.6722	0.0225	-0.74
			-0.677	0.5154	-0.5254
			0.904	0.1611	-0.3961
			0.8797	0.2249	-0.4191
			-0.9823	-0.1871	-0.0062
			-0.9286	0.2719	-0.2527
		b:
			179.9585
			-167.5586
			268.3895
			265.676
			-297.1215
			-251.9942
	==================================================================================
	Q4:
		Shape: Polyhedra
		q_c:	301.5	96.0	26.0
		ub :	314.1527	108.6838	34.5911
		lb :	288.8473	83.3162	17.4089
		A:
			0.4968	-0.3657	-0.7871
			-0.8179	-0.054	0.5729
			0.4705	0.552	-0.6884
			0.0243	0.5348	0.8446
			0.6122	0.5445	0.5733
			0.6416	-0.1169	0.7581
			0.7099	0.7042	0.0052
			0.3045	-0.3003	-0.9039
			-0.6351	0.6433	-0.4276
			-0.7099	-0.7042	-0.0052
			-0.3045	0.3003	0.9039
			0.6351	-0.6433	0.4276
		b:
			99.1737
			-231.0616
			183.4706
			85.5092
			258.2585
			210.9862
			288.2889
			43.9608
			-130.3265
			-275.2889
			-34.9608
			151.3265
	==================================================================================
	Q5:
		Shape: Polyhedra
		q_c:	303.0	102.0	41.0
		ub :	318.2394	111.3759	56.6629
		lb :	287.7606	92.6241	25.3371
		A:
			0.0914	-0.5223	-0.8478
			-0.9939	0.0879	0.0666
			-0.0614	-0.7267	-0.6842
			-0.868	0.2091	0.4504
			-0.3649	-0.931	-0.009
			0.8262	0.5447	0.1437
			0.59	0.0267	0.807
			-0.703	0.5085	0.4972
			-0.3971	-0.8606	0.3188
			-0.59	-0.0267	-0.807
			0.703	-0.5085	-0.4972
			0.3971	0.8606	-0.3188
		b:
			-50.2767
			-280.0967
			-111.2452
			-214.843
			-199.6293
			320.5138
			226.567
			-132.266
			-189.5383
			-202.567
			149.266
			200.5383
	==================================================================================
	Q6:
		Shape: Polyhedra
		q_c:	280.5	103.0	0.0
		ub :	286.2378	112.2718	10.0664
		lb :	274.7622	93.7282	-10.0664
		A:
			-0.7607	0.5515	0.3423
			0.4903	-0.8343	-0.2521
			-0.814	0.5003	0.295
			0.4994	-0.8405	-0.21
			-0.251	0.8126	0.526
			0.6972	-0.5207	-0.4927
			0.5984	0.5469	0.5855
			-0.1489	-0.6421	0.752
			0.7872	-0.5372	-0.3028
			-0.5984	-0.5469	-0.5855
			0.1489	0.6421	-0.752
			-0.7872	0.5372	0.3028
		b:
			-155.05
			54.7888
			-175.2845
			56.8411
			16.8933
			144.0074
			229.6889
			-99.4043
			166.9848
			-218.6889
			116.4043
			-163.9848


===========================================================================================
===========================================================================================
S6:
	q_c:	137.5	116.5	378.5
	ub :	155.5968	135.456	393.3439
	lb :	119.3956	96.7941	357.9802

	==================================================================================
	Q1:
		Shape: Polyhedra
		q_c:	149.0	122.5	377.0
		ub :	155.5968	128.9248	383.0977
		lb :	142.4032	116.0752	370.9023
		A:
			0.4273	0.8735	0.2334
			0.2471	0.8576	-0.451
			0.1969	-0.9802	0.0233
			0.223	0.4903	-0.8425
			-0.0549	0.4289	0.9017
			-0.5396	0.8283	-0.1507
			0.6344	0.7711	0.0539
			0.6795	-0.5231	-0.5145
			-0.3685	0.363	-0.8558
			-0.6344	-0.7711	-0.0539
			-0.6795	0.5231	0.5145
			0.3685	-0.363	0.8558
		b:
			262.214
			-24.2587
			-78.0433
			-220.107
			388.4305
			-31.5689
			212.8074
			-152.8089
			-328.573
			-205.8074
			160.8089
			337.573
	==================================================================================
	Q2:
		Shape: Polyhedra
		q_c:	128.0	109.0	367.0
		ub :	135.6124	117.2802	376.0198
		lb :	120.3876	100.7198	357.9802
		A:
			-0.3292	0.4334	-0.8389
			-0.143	0.8761	0.4605
			0.4775	0.8642	-0.1585
			-0.8394	0.4952	-0.2237
			-0.0711	0.9113	0.4057
			0.3112	-0.2535	-0.9159
			0.1708	0.7973	0.579
			0.7584	0.2687	-0.5938
			-0.629	0.5405	-0.5588
			-0.1708	-0.7973	-0.579
			-0.7584	-0.2687	0.5938
			0.629	-0.5405	0.5588
		b:
			-299.2607
			252.429
			103.4507
			-132.1532
			245.3324
			-317.5148
			327.7413
			-85.0568
			-224.1614
			-314.7413
			98.0568
			229.1614
	==================================================================================
	Q3:
		Shape: Ellipse
		q_c:	127.0	108.5	367.5
		ub :	134.6044	115.7589	375.0564
		lb :	119.3956	101.2411	359.9436
		P^-1:
			0.0461	0.0068	0.0004
			0.0068	0.0534	-0.0082
			0.0004	-0.0082	0.0523
	==================================================================================
	Q4:
		Shape: Ellipse
		q_c:	141.0	104.0	377.5
		ub :	149.8036	111.2059	385.8271
		lb :	132.1964	96.7941	369.1729
		P^-1:
			0.1654	0.1171	0.1653
			0.1171	0.1142	0.1314
			0.1653	0.1314	0.203
	==================================================================================
	Q5:
		Shape: Ellipse
		q_c:	131.0	123.5	381.5
		ub :	142.4506	133.2106	393.3439
		lb :	119.5494	113.7894	369.6561
		P^-1:
			0.0198	0.0046	0.0052
			0.0046	0.0268	0.0044
			0.0052	0.0044	0.0224
	==================================================================================
	Q6:
		Shape: Polyhedra
		q_c:	130.0	126.0	371.0
		ub :	139.5394	135.456	380.923
		lb :	120.4606	116.544	361.077
		A:
			0.6285	-0.2627	-0.7321
			-0.5669	0.5321	0.629
			0.8375	0.0652	-0.5425
			-0.3129	0.735	0.6016
			0.9474	-0.1361	-0.2898
			-0.9149	-0.3767	-0.1449
			0.5416	0.7598	0.3597
			0.7543	-0.2504	-0.6069
			-0.3711	0.6	-0.7087
			-0.5416	-0.7598	-0.3597
			-0.7543	0.2504	0.6069
			0.3711	-0.6	0.7087
		b:
			-217.4693
			232.1984
			-78.6734
			280.6314
			4.0619
			-214.6097
			305.0948
			-153.1389
			-229.0709
			-294.0948
			164.1389
			242.0709


===========================================================================================
===========================================================================================
S7:
	q_c:	90.0	300.5	90.5
	ub :	119.9981	335.6679	114.1492
	lb :	60.8799	267.9682	61.3543

	==================================================================================
	Q1:
		Shape: Polyhedra
		q_c:	81.5	310.0	80.0
		ub :	102.1201	327.3933	98.6457
		lb :	60.8799	292.6067	61.3543
		A:
			-0.6647	-0.7388	0.1111
			-0.3285	0.3071	-0.8932
			0.4859	0.6756	-0.5544
			0.7495	0.5833	-0.3131
			0.5723	-0.4082	-0.7112
			0.3051	-0.6191	-0.7236
			0.5686	0.7224	0.3935
			0.5285	0.0458	-0.8477
			-0.6304	0.6899	-0.3558
			-0.5686	-0.7224	-0.3935
			-0.5285	-0.0458	0.8477
			0.6304	-0.6899	0.3558
		b:
			-264.2159
			10.0198
			216.083
			227.3685
			-124.9109
			-213.5824
			311.2664
			0.9439
			148.5442
			-292.2664
			22.0561
			-119.5442
	==================================================================================
	Q2:
		Shape: Ellipse
		q_c:	100.5	316.5	98.5
		ub :	119.9981	335.6679	112.6987
		lb :	81.0019	297.3321	84.3013
		P^-1:
			0.0077	-0.0015	-0.0006
			-0.0015	0.0064	0.0004
			-0.0006	0.0004	0.0096
	==================================================================================
	Q3:
		Shape: Hybrid
		q_c:	79.5	317.5	84.0
		ub :	86.3748	327.8256	91.1189
		lb :	72.6252	307.1744	76.8811
		P^-1:
			0.2799	0.145	0.1318
			0.145	0.0941	0.0931
			0.1318	0.0931	0.142
		A:
			-0.6337	-0.4464	-0.6318
			-0.6633	-0.5081	-0.5494
			0.8543	0.4476	-0.2642
			-0.958	-0.2115	0.1937
			0.6073	0.7585	0.2363
			0.4762	0.4103	0.7778
		b:
			-244.2473
			-259.2313
			190.5777
			-124.7652
			312.6947
			234.8525
	==================================================================================
	Q4:
		Shape: Ellipse
		q_c:	70.0	295.0	79.5
		ub :	78.2198	308.5795	94.6259
		lb :	61.7802	281.4205	64.3741
		P^-1:
			0.0273	0.0004	0.0021
			0.0004	0.016	0.0067
			0.0021	0.0067	0.0112
	==================================================================================
	Q5:
		Shape: Ellipse
		q_c:	110.5	307.0	108.0
		ub :	116.9843	315.6604	114.1492
		lb :	104.0157	298.3396	101.8508
		P^-1:
			0.0726	-0.0214	-0.0052
			-0.0214	0.0262	0.0014
			-0.0052	0.0014	0.0336
	==================================================================================
	Q6:
		Shape: Ellipse
		q_c:	105.5	284.0	81.5
		ub :	116.6772	300.0318	98.6781
		lb :	94.3228	267.9682	64.3219
		P^-1:
			0.0138	-0.0001	0.0003
			-0.0001	0.012	0.0036
			0.0003	0.0036	0.007


===========================================================================================
===========================================================================================
S8:
	q_c:	178.5	103.0	459.5
	ub :	205.568	127.9089	483.1118
	lb :	146.7416	81.4803	434.7032

	==================================================================================
	Q1:
		Shape: Ellipse
		q_c:	190.0	100.5	461.0
		ub :	198.8515	108.806	467.5383
		lb :	181.1485	92.194	454.4617
		P^-1:
			0.0431	0.0291	0.0114
			0.0291	0.0597	-0.0086
			0.0114	-0.0086	0.0782
	==================================================================================
	Q2:
		Shape: Polyhedra
		q_c:	199.5	100.5	459.5
		ub :	205.568	107.4863	465.2871
		lb :	193.432	93.5137	453.7129
		A:
			-0.8984	-0.3435	-0.2735
			-0.7458	-0.1019	0.6584
			-0.9887	0.1304	-0.0738
			0.5513	0.8115	-0.1938
			0.3494	0.3154	-0.8823
			-0.523	-0.6724	0.5238
			0.2666	0.558	0.7858
			-0.6509	0.7056	-0.2802
			-0.7108	-0.4368	0.5513
			-0.2666	-0.558	-0.7858
			0.6509	-0.7056	0.2802
			0.7108	0.4368	-0.5513
		b:
			-335.7569
			145.9943
			-213.6152
			105.3457
			-301.2333
			71.2884
			474.3567
			-182.1968
			69.6406
			-466.3567
			193.1968
			-65.6406
	==================================================================================
	Q3:
		Shape: Hybrid
		q_c:	193.5	119.5	465.0
		ub :	200.9432	127.9089	471.0354
		lb :	186.0568	111.0911	458.9646
		P^-1:
			0.0369	0.0064	0.0004
			0.0064	0.0268	-0.0006
			0.0004	-0.0006	0.033
		A:
			0.8646	0.4896	0.1128
			-0.3218	-0.9399	0.114
			-0.6628	0.5711	-0.4843
			-0.5711	-0.4191	-0.7059
			-0.5915	-0.7835	0.1905
			-0.6855	0.2982	0.6642
		b:
			280.7692
			-118.312
			-281.6702
			-486.0183
			-116.6726
			215.1283
	==================================================================================
	Q4:
		Shape: Ellipse
		q_c:	177.0	106.5	468.5
		ub :	186.4199	117.9692	480.0498
		lb :	167.5801	95.0308	456.9502
		P^-1:
			0.0307	0.0032	0.0049
			0.0032	0.0158	-0.0042
			0.0049	-0.0042	0.0226
	==================================================================================
	Q5:
		Shape: Hybrid
		q_c:	177.0	108.5	445.0
		ub :	190.352	120.705	455.2968
		lb :	163.648	96.295	434.7032
		P^-1:
			0.0135	0.0103	-0.0099
			0.0103	0.0277	-0.0128
			-0.0099	-0.0128	0.0335
		A:
			-0.3609	-0.5343	-0.7644
			-0.6983	-0.3342	0.633
			0.4795	0.8504	0.2167
			0.113	-0.2028	0.9727
			-0.6218	-0.326	0.7121
			-0.4996	0.1295	0.8565
		b:
			-456.4126
			125.8404
			278.2711
			435.2023
			174.9756
			311.3857
	==================================================================================
	Q6:
		Shape: Ellipse
		q_c:	163.5	98.0	470.5
		ub :	180.2584	114.5197	483.1118
		lb :	146.7416	81.4803	457.8882
		P^-1:
			0.0096	0.0036	-0.0007
			0.0036	0.0118	-0.0015
			-0.0007	-0.0015	0.0135


===========================================================================================
===========================================================================================
S9:
	q_c:	255.0	38.5	370.0
	ub :	277.9955	56.6552	386.8145
	lb :	235.4135	12.9336	355.762

	==================================================================================
	Q1:
		Shape: Hybrid
		q_c:	265.0	33.0	377.0
		ub :	277.9955	46.0429	386.8145
		lb :	252.0045	19.9571	367.1855
		P^-1:
			0.0193	0.0026	-0.0142
			0.0026	0.0133	-0.0053
			-0.0142	-0.0053	0.0415
		A:
			0.865	0.2194	-0.4513
			0.1913	0.3673	-0.9102
			0.874	-0.4821	-0.0616
			-0.2789	0.1764	0.944
			0.6804	0.4445	-0.5826
			0.4143	-0.3738	-0.8298
		b:
			70.4815
			-277.4508
			198.7976
			290.8847
			-21.1019
			-211.5801
	==================================================================================
	Q2:
		Shape: Polyhedra
		q_c:	256.0	22.5	366.5
		ub :	266.0244	32.0664	375.2032
		lb :	245.9756	12.9336	357.7968
		A:
			0.5127	-0.8586	-0.0044
			-0.4426	0.0829	0.8929
			0.7213	-0.5131	-0.4654
			0.3644	-0.6323	0.6837
			-0.0923	-0.4758	0.8747
			0.887	0.2737	0.3718
			0.5363	0.8105	0.2356
			0.5877	-0.1582	-0.7934
			-0.6058	0.564	-0.5612
			-0.5363	-0.8105	-0.2356
			-0.5877	0.1582	0.7934
			0.6058	-0.564	0.5612
		b:
			116.0139
			220.819
			7.7051
			335.1477
			291.6287
			375.9492
			248.8791
			-138.8876
			-342.5738
			-234.8791
			148.8876
			353.5738
	==================================================================================
	Q3:
		Shape: Polyhedra
		q_c:	243.0	33.0	373.5
		ub :	250.5865	41.8244	382.1776
		lb :	235.4135	24.1756	364.8224
		A:
			0.6918	-0.3034	0.6553
			-0.4989	-0.8245	-0.267
			-0.5298	0.4816	-0.6981
			0.9809	0.1752	-0.0844
			0.2248	-0.7195	0.6571
			-0.7931	0.5042	-0.3418
			0.1987	0.7849	0.5869
			-0.9589	0.2794	-0.0489
			-0.2023	-0.5531	0.8081
			-0.1987	-0.7849	-0.5869
			0.9589	-0.2794	0.0489
			0.2023	0.5531	-0.8081
		b:
			408.9383
			-243.5116
			-366.982
			218.3231
			283.3961
			-297.8778
			297.4179
			-236.5529
			241.9282
			-289.4179
			247.5529
			-226.9282
	==================================================================================
	Q4:
		Shape: Ellipse
		q_c:	245.5	31.5	368.5
		ub :	252.8503	39.6007	376.6213
		lb :	238.1497	23.3993	360.3787
		P^-1:
			0.0463	0.0039	0.0056
			0.0039	0.0339	0.0029
			0.0056	0.0029	0.03
	==================================================================================
	Q5:
		Shape: Hybrid
		q_c:	261.5	44.5	377.0
		ub :	269.8279	52.8576	384.6984
		lb :	253.1721	36.1424	369.3016
		P^-1:
			0.0433	0.0062	-0.0036
			0.0062	0.0432	0.0038
			-0.0036	0.0038	0.0307
		A:
			0.1971	0.8801	-0.432
			0.0193	0.9566	0.2909
			-0.7916	0.4599	-0.4024
			0.6079	0.5594	0.5635
			0.2587	-0.8946	0.3644
			-0.7008	0.0519	-0.7115
		b:
			-69.283
			159.8056
			-334.8795
			399.0099
			168.4224
			-445.7293
	==================================================================================
	Q6:
		Shape: Polyhedra
		q_c:	244.5	50.5	361.0
		ub :	250.5283	56.6552	366.238
		lb :	238.4717	44.3448	355.762
		A:
			0.5855	-0.1698	-0.7927
			0.0152	0.9923	0.1231
			-0.029	0.7308	-0.682
			-0.656	0.3438	0.6719
			-0.1313	-0.5693	0.8116
			0.1557	0.4735	0.8669
			0.5524	0.626	0.5504
			0.5299	0.246	-0.8116
			-0.6435	0.74	-0.1958
			-0.5524	-0.626	-0.5504
			-0.5299	-0.246	0.8116
			0.6435	-0.74	0.1958
		b:
			-149.1604
			102.652
			-213.8311
			102.153
			234.4035
			379.785
			370.8712
			-149.0062
			-187.6634
			-359.8712
			153.0062
			193.6634


===========================================================================================
===========================================================================================
S10:
	q_c:	11.5	197.0	94.0
	ub :	25.2409	214.0433	111.6529
	lb :	-2.4035	185.9718	85.0216

	==================================================================================
	Q1:
		Shape: Polyhedra
		q_c:	13.5	193.0	96.0
		ub :	20.0028	199.2734	100.3354
		lb :	6.9972	186.7266	91.6646
		A:
			-0.0818	0.9903	-0.1123
			-0.9954	-0.0702	-0.0653
			-0.9433	0.0027	0.3318
			-0.8457	-0.362	-0.3922
			-0.3267	-0.572	0.7523
			0.3415	-0.0736	0.937
			0.5074	0.6964	0.5076
			-0.3419	-0.378	0.8604
			0.791	-0.61	0.0463
			-0.5074	-0.6964	-0.5076
			0.3419	0.378	-0.8604
			-0.791	0.61	-0.0463
		b:
			183.2701
			-29.0228
			23.836
			-115.3985
			-39.5497
			83.6835
			192.9809
			8.0311
			-97.6119
			-186.9809
			-2.0311
			107.6119
	==================================================================================
	Q2:
		Shape: Polyhedra
		q_c:	5.0	206.5	103.5
		ub :	10.5371	214.0433	110.9969
		lb :	-0.5371	198.9567	96.0031
		A:
			-0.9619	-0.2194	0.1632
			0.0558	-0.7679	0.6382
			0.5313	-0.4166	0.7377
			-0.2198	-0.2785	0.9349
			0.9774	-0.1674	0.1288
			0.3869	-0.8047	0.4502
			0.0626	0.7699	0.6351
			-0.4359	0.5935	-0.6765
			-0.8978	-0.2345	0.3728
			-0.0626	-0.7699	-0.6351
			0.4359	-0.5935	0.6765
			0.8978	0.2345	-0.3728
		b:
			-28.7302
			-89.1789
			-4.2641
			42.1843
			-12.4738
			-114.5305
			231.5298
			52.8589
			-9.8204
			-218.5298
			-47.8589
			18.8204
	==================================================================================
	Q3:
		Shape: Polyhedra
		q_c:	19.0	191.5	106.5
		ub :	25.2409	197.0282	111.6529
		lb :	12.7591	185.9718	101.3471
		A:
			0.5518	0.4484	0.7032
			0.1882	-0.2196	0.9573
			0.6492	0.1707	-0.7413
			-0.3256	0.6597	-0.6774
			-0.2012	0.6764	0.7085
			-0.362	0.5483	0.7538
			0.1758	0.7066	0.6855
			0.4556	0.5588	-0.6929
			-0.8726	0.4341	-0.2237
			-0.1758	-0.7066	-0.6855
			-0.4556	-0.5588	0.6929
			0.8726	-0.4341	0.2237
		b:
			173.6502
			67.3614
			-29.5812
			52.4935
			203.3428
			181.1569
			213.1498
			46.3803
			47.2306
			-210.1498
			-37.3803
			-38.2306
	==================================================================================
	Q4:
		Shape: Polyhedra
		q_c:	2.0	192.0	89.5
		ub :	6.4035	196.1771	93.9784
		lb :	-2.4035	187.8229	85.0216
		A:
			0.7349	0.3465	0.583
			-0.154	-0.7635	-0.6272
			-0.6432	0.6796	0.3527
			0.1322	0.9626	-0.2363
			-0.0221	0.3347	-0.9421
			-0.5414	-0.2452	-0.8042
			0.5099	0.7437	0.4323
			-0.816	0.2591	0.5167
			0.2723	-0.6162	0.739
			-0.5099	-0.7437	-0.4323
			0.816	-0.2591	-0.5167
			-0.2723	0.6162	-0.739
		b:
			122.7073
			-200.4446
			163.6606
			166.4405
			-17.5276
			-117.6461
			185.0104
			97.3525
			-49.1316
			-180.0104
			-91.3525
			54.1316
	==================================================================================
	Q5:
		Shape: Hybrid
		q_c:	10.0	198.0	97.5
		ub :	15.2286	204.3161	103.655
		lb :	4.7714	191.6839	91.345
		P^-1:
			0.0745	0.0017	0.0091
			0.0017	0.0341	0.0061
			0.0091	0.0061	0.0686
		A:
			0.9736	-0.0823	0.213
			0.7078	0.0385	-0.7053
			0.9526	0.2614	0.1555
			0.9139	0.3515	-0.2031
			-0.8144	0.4669	0.3446
			-0.1762	0.5984	-0.7816
		b:
			16.0996
			-51.7874
			78.4089
			61.2416
			120.3594
			43.4907
	==================================================================================
	Q6:
		Shape: Hybrid
		q_c:	2.0	195.0	102.0
		ub :	5.6286	198.6315	105.5098
		lb :	-1.6286	191.3685	98.4902
		P^-1:
			0.2206	-0.0383	-0.0177
			-0.0383	0.2	-0.0231
			-0.0177	-0.0231	0.2394
		A:
			0.6565	0.6846	0.3168
			0.0127	0.985	0.1723
			-0.2166	-0.618	-0.7558
			-0.1006	0.8784	-0.4672
			0.6288	-0.6773	0.3819
			0.3166	-0.5623	-0.7639
		b:
			168.6173
			211.0011
			-196.6582
			124.5283
			-90.8667
			-185.8059


===========================================================================================
===========================================================================================
S11:
	q_c:	133.5	45.5	362.5
	ub :	161.2115	63.9769	388.4828
	lb :	112.9323	19.2697	335.4506

	==================================================================================
	Q1:
		Shape: Ellipse
		q_c:	132.0	53.5	370.0
		ub :	141.5294	63.3556	376.9032
		lb :	122.4706	43.6444	363.0968
		P^-1:
			0.0178	-0.0002	0.0004
			-0.0002	0.0359	-0.0369
			0.0004	-0.0369	0.093
	==================================================================================
	Q2:
		Shape: Polyhedra
		q_c:	138.0	47.5	351.0
		ub :	142.5557	54.0131	357.2066
		lb :	133.4443	40.9869	344.7934
		A:
			-0.0247	-0.1689	-0.9853
			-0.4846	0.8703	0.0882
			0.8965	0.1833	0.4035
			-0.9163	-0.3635	-0.1679
			0.1036	0.7134	-0.693
			-0.5163	0.5195	-0.6808
			0.2153	0.7208	0.6589
			0.3202	0.5853	-0.7449
			-0.9226	0.3713	-0.1048
			-0.2153	-0.7208	-0.6589
			-0.3202	-0.5853	0.7449
			0.9226	-0.3713	0.1048
		b:
			-352.9701
			8.8508
			277.383
			-199.1591
			-191.1237
			-282.267
			299.7011
			-185.49
			-143.962
			-290.7011
			193.49
			148.962
	==================================================================================
	Q3:
		Shape: Polyhedra
		q_c:	128.0	34.0	347.0
		ub :	143.0677	47.8109	358.5494
		lb :	112.9323	20.1891	335.4506
		A:
			-0.1677	0.1477	0.9747
			-0.1768	0.9366	0.3026
			-0.8293	-0.0235	-0.5583
			0.3114	0.1369	0.9404
			-0.209	-0.8634	-0.4593
			0.4879	-0.5731	0.6584
			0.1639	0.5662	0.8078
			0.7912	0.4136	-0.4505
			-0.5892	0.7129	-0.3802
			-0.1639	-0.5662	-0.8078
			-0.7912	-0.4136	0.4505
			0.5892	-0.7129	0.3802
		b:
			328.1553
			121.6775
			-292.0144
			376.5597
			-209.8158
			281.5435
			324.0307
			-30.4766
			-172.6119
			-317.0307
			51.4766
			193.6119
	==================================================================================
	Q4:
		Shape: Polyhedra
		q_c:	150.5	52.5	378.5
		ub :	161.2115	63.9769	388.4828
		lb :	139.7885	41.0231	368.5172
		A:
			-0.422	0.1313	0.897
			-0.2465	-0.5642	-0.788
			-0.3036	-0.8044	-0.5107
			0.4972	0.6748	0.5454
			-0.0862	0.6297	0.772
			-0.2216	-0.8908	-0.3967
			0.3607	0.6732	0.6456
			0.2424	0.6007	-0.7618
			-0.9006	0.4313	0.0535
			-0.3607	-0.6732	-0.6456
			-0.2424	-0.6007	0.7618
			0.9006	-0.4313	-0.0535
		b:
			291.1293
			-361.3671
			-277.7388
			319.9984
			317.0104
			-225.9443
			336.9737
			-210.3296
			-84.6562
			-330.9737
			230.3296
			100.6562
	==================================================================================
	Q5:
		Shape: Ellipse
		q_c:	144.5	31.0	359.0
		ub :	154.8547	42.7303	368.7483
		lb :	134.1453	19.2697	349.2517
		P^-1:
			0.0207	0.0068	0.0016
			0.0068	0.0208	0.0006
			0.0016	0.0006	0.0179
	==================================================================================
	Q6:
		Shape: Hybrid
		q_c:	148.0	46.5	364.0
		ub :	152.8618	56.0209	372.536
		lb :	143.1382	36.9791	355.464
		P^-1:
			0.3319	0.0663	0.174
			0.0663	0.0306	0.0397
			0.174	0.0397	0.1212
		A:
			-0.9608	0.0906	-0.2619
			0.4646	0.291	0.8363
			-0.8625	-0.4514	-0.2287
			-0.7578	-0.2192	0.6146
			0.1474	-0.6589	-0.7376
			0.9443	0.215	0.2494
		b:
			-231.1907
			389.574
			-229.4937
			106.8818
			-271.6752
			241.9904


===========================================================================================
===========================================================================================
