3D_30_5_6_f                l = 3

===========================================================================================
===========================================================================================
S1:
	q_c:    511.0000    361.0000    395.0000
	ub :    526.0000    381.0000    413.0000
	lb :    496.0000    341.0000    377.0000

	==================================================================================
	Q1:
		Shape: Polyhedra
		q_c:    505.0000    365.5000    400.0000
		ub :    510.8028    372.1244    406.3505
		lb :    499.1972    358.8756    393.6495
		A:
			    0.6491    -0.7429    -0.1637
			    -0.8799    0.0260    0.4745
			    0.9802    0.1784    -0.0858
			    0.9137    0.3838    -0.1336
			    -0.7818    -0.4249    -0.4564
			    0.7395    0.3349    -0.5839
			    0.7444    0.6524    0.1423
			    0.6597    -0.6856    -0.3078
			    -0.1032    0.3231    -0.9407
			    -0.7444    -0.6524    -0.1423
			    -0.6597    0.6856    0.3078
			    0.1032    -0.3231    0.9407
		b:
			    -5.6861
			    -241.1651
			    529.7665
			    552.2449
			    -728.4994
			    266.5632
			    675.3055
			    -37.0532
			    -305.3541
			    -667.3055
			    44.0532
			    315.3541
	==================================================================================
	Q2:
		Shape: Hybrid
		q_c:    498.0000    346.0000    393.0000
		ub :    499.9735    348.7177    395.5514
		lb :    496.0265    343.2823    390.4486
		P^-1: 
			    0.8480    -0.3003    -0.0272
			    -0.3003    0.4008    0.0137
			    -0.0272    0.0137    0.2512
		A:
			    0.6000    -0.4539    -0.6587
			    0.8116    -0.2680    0.5191
			    0.7381    0.2349    0.6324
			    -0.7385    0.2723    -0.6169
			    -0.1053    0.2763    -0.9553
			    0.7820    -0.6215    0.0468
		b:
			    -116.1090
			    516.3781
			    698.6961
			    -514.9628
			    -330.7840
			    193.3446
	==================================================================================
	Q3:
		Shape: Polyhedra
		q_c:    521.0000    348.5000    383.5000
		ub :    530.2108    360.1501    391.9525
		lb :    511.7892    336.8499    375.0475
		A:
			    0.2523    0.8666    0.4305
			    -0.5282    -0.3412    0.7776
			    0.6640    0.1480    -0.7330
			    -0.7857    -0.1683    0.5953
			    -0.6116    0.0318    0.7905
			    0.4943    0.2872    -0.8205
			    0.3331    0.8581    0.3908
			    0.6287    0.1068    -0.7703
			    -0.7027    0.5023    -0.5039
			    -0.3331    -0.8581    -0.3908
			    -0.6287    -0.1068    0.7703
			    0.7027    -0.5023    0.5039
		b:
			    607.5254
			    -93.3438
			    118.0096
			    -237.2359
			    -2.5002
			    45.2435
			    631.4587
			    70.8990
			    -376.8104
			    -613.4587
			    -67.8990
			    391.8104
	==================================================================================
	Q4:
		Shape: Ellipse
		q_c:    504.5000    379.5000    388.0000
		ub :    516.0319    389.1870    398.6797
		lb :    492.9681    369.8130    377.3203
		P^-1: 
			    0.0233    -0.0067    0.0007
			    -0.0067    0.0276    -0.0028
			    0.0007    -0.0028    0.0204
	==================================================================================
	Q5:
		Shape: Hybrid
		q_c:    513.5000    357.0000    399.5000
		ub :    525.0204    363.8590    411.4935
		lb :    501.9796    350.1410    387.5065
		P^-1: 
			    0.0166    0.0047    0.0007
			    0.0047    0.0586    -0.0123
			    0.0007    -0.0123    0.0189
		A:
			    0.2798    0.9242    -0.2600
			    -0.0613    -0.9685    0.2415
			    -0.6048    -0.7394    -0.2960
			    -0.5988    -0.2940    -0.7450
			    -0.4919    -0.8559    -0.1595
			    0.0247    0.9942    0.1049
		b:
			    371.9315
			    -278.7270
			    -688.6352
			    -704.5549
			    -618.4759
			    412.3427
	==================================================================================
	Q6:
		Shape: Polyhedra
		q_c:    516.5000    354.5000    399.5000
		ub :    528.2934    367.3007    411.4336
		lb :    504.7066    341.6993    387.5664
		A:
			    0.8640    -0.4622    0.1996
			    -0.1658    -0.9861    -0.0056
			    -0.4480    0.6556    -0.6079
			    0.6425    -0.7654    0.0368
			    0.7881    0.1727    0.5908
			    -0.5080    -0.8387    0.1961
			    0.7963    0.5044    0.3340
			    0.5994    -0.5835    -0.5479
			    -0.0814    0.6365    -0.7670
			    -0.7963    -0.5044    -0.3340
			    -0.5994    0.5835    0.5479
			    0.0814    -0.6365    0.7670
		b:
			    369.7177
			    -429.8898
			    -235.1292
			    82.4277
			    712.5127
			    -473.6103
			    732.0092
			    -108.6319
			    -116.3438
			    -715.0092
			    123.6319
			    129.3438


===========================================================================================
===========================================================================================
S2:
	q_c:    326.5000    44.0000    145.5000
	ub :    342.0000    73.0000    161.0000
	lb :    311.0000    15.0000    130.0000

	==================================================================================
	Q1:
		Shape: Polyhedra
		q_c:    317.5000    27.5000    131.5000
		ub :    323.9648    34.2882    137.2120
		lb :    311.0352    20.7118    125.7880
		A:
			    0.1741    0.2490    0.9527
			    0.3196    0.7488    0.5807
			    -0.2536    0.8528    -0.4564
			    -0.0811    -0.7895    -0.6084
			    0.6606    -0.1197    0.7411
			    -0.7491    -0.2626    -0.6082
			    0.5780    0.3617    0.7315
			    -0.4914    -0.5613    0.6659
			    0.6515    -0.7443    -0.1467
			    -0.5780    -0.3617    -0.7315
			    0.4914    0.5613    -0.6659
			    -0.6515    0.7443    0.1467
		b:
			    190.3965
			    201.1025
			    -112.4316
			    -124.5066
			    306.6465
			    -322.8471
			    291.6478
			    -78.3994
			    171.0921
			    -287.6478
			    89.3994
			    -163.0921
	==================================================================================
	Q2:
		Shape: Polyhedra
		q_c:    322.0000    56.0000    152.0000
		ub :    328.8026    63.2436    159.2439
		lb :    315.1974    48.7564    144.7561
		A:
			    0.6593    0.2816    0.6972
			    0.8925    -0.3058    0.3316
			    0.3661    -0.0753    -0.9275
			    -0.3878    -0.8657    -0.3165
			    -0.2919    -0.6816    0.6710
			    -0.3559    -0.9149    0.1906
			    0.0618    0.1078    0.9923
			    -0.5057    0.8605    -0.0619
			    -0.8605    -0.4979    0.1077
			    -0.0618    -0.1078    -0.9923
			    0.5057    -0.8605    0.0619
			    0.8605    0.4979    -0.1077
		b:
			    339.7880
			    325.7167
			    -21.1063
			    -216.3879
			    -24.8254
			    -132.1484
			    183.2671
			    -119.0597
			    -284.0941
			    -170.2671
			    129.0597
			    293.0941
	==================================================================================
	Q3:
		Shape: Polyhedra
		q_c:    325.5000    38.5000    146.5000
		ub :    334.6636    46.6008    153.3055
		lb :    316.3364    30.3992    139.6945
		A:
			    -0.6613    -0.6751    0.3270
			    -0.1011    -0.2682    -0.9580
			    -0.2109    0.2398    0.9476
			    0.7491    -0.1060    0.6540
			    0.7278    -0.4034    0.5545
			    0.1258    -0.9181    -0.3758
			    0.4186    0.0728    0.9052
			    -0.8450    -0.3340    0.4177
			    0.3328    -0.9398    -0.0783
			    -0.4186    -0.0728    -0.9052
			    0.8450    0.3340    -0.4177
			    -0.3328    0.9398    0.0783
		b:
			    -186.9085
			    -179.2244
			    84.4267
			    340.0818
			    307.5485
			    -43.6561
			    275.6874
			    -220.2175
			    66.6620
			    -267.6874
			    233.2175
			    -54.6620
	==================================================================================
	Q4:
		Shape: Polyhedra
		q_c:    340.0000    41.0000    139.0000
		ub :    343.0748    48.1430    145.0044
		lb :    336.9252    33.8570    132.9956
		A:
			    0.9321    0.1965    -0.3042
			    -0.9135    0.3399    0.2236
			    0.9965    0.0834    0.0044
			    -0.6677    0.3574    -0.6530
			    -0.6760    -0.3121    0.6675
			    0.9346    -0.0698    0.3488
			    0.1045    0.2675    0.9579
			    -0.1900    0.9508    -0.2448
			    -0.9762    -0.1564    0.1502
			    -0.1045    -0.2675    -0.9579
			    0.1900    -0.9508    0.2448
			    0.9762    0.1564    -0.1502
		b:
			    284.3843
			    -262.4663
			    344.5645
			    -298.4463
			    -146.6677
			    366.3807
			    184.1567
			    -53.6461
			    -315.9395
			    -175.1567
			    65.6461
			    318.9395
	==================================================================================
	Q5:
		Shape: Hybrid
		q_c:    340.5000    25.5000    141.0000
		ub :    348.9854    33.7632    148.5119
		lb :    332.0146    17.2368    133.4881
		P^-1: 
			    0.0229    0.0016    -0.0079
			    0.0016    0.0187    -0.0050
			    -0.0079    -0.0050    0.0460
		A:
			    0.2366    -0.4498    0.8612
			    -0.2502    0.2027    -0.9467
			    0.1193    0.4368    -0.8916
			    0.9860    -0.0931    -0.1385
			    0.7035    -0.2919    -0.6480
			    -0.7867    0.5951    0.1644
		b:
			    193.7955
			    -210.4639
			    -71.3280
			    318.2424
			    144.2789
			    -224.6988
	==================================================================================
	Q6:
		Shape: Polyhedra
		q_c:    317.5000    37.5000    145.0000
		ub :    325.4394    43.4180    152.3703
		lb :    309.5606    31.5820    137.6297
		A:
			    -0.6705    0.2747    0.6892
			    -0.3386    0.3379    -0.8781
			    0.4962    0.1541    -0.8544
			    -0.3623    0.8942    0.2631
			    0.0113    0.9478    -0.3187
			    -0.5208    0.8402    0.1512
			    0.8884    0.1778    0.4234
			    -0.3389    -0.3683    0.8657
			    0.3098    -0.9125    -0.2670
			    -0.8884    -0.1778    -0.4234
			    0.3389    0.3683    -0.8657
			    -0.3098    0.9125    0.2670
		b:
			    -98.4066
			    -217.0818
			    43.9059
			    -39.8294
			    -3.1573
			    -108.2023
			    356.1044
			    8.6296
			    28.9436
			    -344.1044
			    0.3704
			    -21.9436


===========================================================================================
===========================================================================================
S3:
	q_c:    141.0000    38.5000    363.5000
	ub :    153.0000    55.0000    385.0000
	lb :    129.0000    22.0000    342.0000

	==================================================================================
	Q1:
		Shape: Ellipse
		q_c:    135.5000    51.0000    372.5000
		ub :    145.4056    61.2008    380.6231
		lb :    125.5944    40.7992    364.3769
		P^-1: 
			    0.0245    0.0038    0.0100
			    0.0038    0.0156    0.0063
			    0.0100    0.0063    0.0435
	==================================================================================
	Q2:
		Shape: Polyhedra
		q_c:    148.0000    34.0000    356.5000
		ub :    155.1053    43.2043    360.2249
		lb :    140.8947    24.7957    352.7751
		A:
			    -0.0360    -0.2395    -0.9702
			    -0.6934    -0.1658    0.7012
			    0.0603    0.5700    -0.8194
			    0.8730    0.4809    0.0814
			    0.0187    0.0418    0.9990
			    -0.9769    -0.1865    0.1041
			    0.9011    0.4275    0.0725
			    -0.0134    -0.1395    0.9901
			    0.4334    -0.8932    -0.1200
			    -0.9011    -0.4275    -0.0725
			    0.0134    0.1395    -0.9901
			    -0.4334    0.8932    0.1200
		b:
			    -355.8444
			    145.4047
			    -259.9007
			    178.5941
			    363.0753
			    -109.4319
			    177.7333
			    348.7487
			    -0.9879
			    -169.7333
			    -343.7487
			    16.9879
	==================================================================================
	Q3:
		Shape: Hybrid
		q_c:    144.5000    41.0000    366.5000
		ub :    151.1532    47.5666    370.3861
		lb :    137.8468    34.4334    362.6139
		P^-1: 
			    0.0717    0.0104    -0.0540
			    0.0104    0.0708    0.0485
			    -0.0540    0.0485    0.2221
		A:
			    -0.2051    0.7195    0.6635
			    -0.1961    0.2239    -0.9547
			    -0.3139    -0.2901    -0.9040
			    0.0761    -0.5958    -0.7995
			    0.9924    0.0398    -0.1162
			    0.2929    0.7799    0.5531
		b:
			    244.9932
			    -366.3001
			    -386.6231
			    -305.0266
			    105.6336
			    279.0633
	==================================================================================
	Q4:
		Shape: Ellipse
		q_c:    145.5000    48.0000    356.0000
		ub :    152.1823    55.6076    364.3776
		lb :    138.8177    40.3924    347.6224
		P^-1: 
			    0.2232    -0.1828    0.0522
			    -0.1828    0.2310    -0.1038
			    0.0522    -0.1038    0.0857
	==================================================================================
	Q5:
		Shape: Polyhedra
		q_c:    143.5000    30.5000    371.5000
		ub :    149.5638    33.2626    376.9537
		lb :    137.4362    27.7374    366.0463
		A:
			    -0.1296    -0.8580    -0.4970
			    -0.3303    0.9339    0.1366
			    0.4957    0.7942    0.3516
			    0.2914    0.9324    0.2137
			    0.5778    -0.5456    -0.6070
			    0.2036    -0.9354    0.2890
			    0.1610    0.9767    0.1418
			    0.9498    -0.1142    -0.2914
			    -0.2684    0.1816    -0.9460
			    -0.1610    -0.9767    -0.1418
			    -0.9498    0.1142    0.2914
			    0.2684    -0.1816    0.9460
		b:
			    -227.3289
			    34.5371
			    228.2997
			    151.2646
			    -155.0139
			    110.6553
			    107.0761
			    29.5688
			    -380.4279
			    -104.0761
			    -19.5688
			    388.4279
	==================================================================================
	Q6:
		Shape: Hybrid
		q_c:    136.0000    36.5000    378.0000
		ub :    141.8009    43.5853    385.0729
		lb :    130.1991    29.4147    370.9271
		P^-1: 
			    0.0844    0.0162    0.0196
			    0.0162    0.0703    0.0254
			    0.0196    0.0254    0.0520
		A:
			    0.7223    -0.3784    0.5789
			    0.4510    0.6989    -0.5551
			    0.3595    0.9223    -0.1415
			    0.9358    -0.3231    0.1408
			    -0.1424    -0.9735    -0.1790
			    0.5735    0.6292    0.5246
		b:
			    306.0239
			    -119.3829
			    31.8639
			    171.0041
			    -120.3007
			    300.7795


===========================================================================================
===========================================================================================
S4:
	q_c:    254.5000    72.5000    462.5000
	ub :    262.0000    85.0000    471.0000
	lb :    247.0000    60.0000    454.0000

	==================================================================================
	Q1:
		Shape: Ellipse
		q_c:    258.0000    70.0000    463.0000
		ub :    263.2100    71.8326    467.3093
		lb :    252.7900    68.1674    458.6907
		P^-1: 
			    0.0696    -0.0168    -0.0439
			    -0.0168    0.4395    0.0333
			    -0.0439    0.0333    0.1447
	==================================================================================
	Q2:
		Shape: Hybrid
		q_c:    249.5000    78.0000    461.5000
		ub :    253.8827    81.3135    465.8543
		lb :    245.1173    74.6865    457.1457
		P^-1: 
			    0.1582    0.0296    0.0467
			    0.0296    0.2051    0.0341
			    0.0467    0.0341    0.1577
		A:
			    -0.9823    0.0818    -0.1684
			    -0.3700    -0.9274    -0.0547
			    -0.5351    0.7762    0.3335
			    0.9781    -0.0835    0.1909
			    0.4144    -0.1943    0.8891
			    0.6376    0.7621    -0.1131
		b:
			    -314.8645
			    -188.7402
			    82.5337
			    327.1478
			    500.0185
			    167.6974
	==================================================================================
	Q3:
		Shape: Hybrid
		q_c:    254.5000    65.5000    461.5000
		ub :    257.4919    69.6162    466.8903
		lb :    251.5081    61.3838    456.1097
		P^-1: 
			    0.4780    -0.3331    0.1152
			    -0.3331    0.6242    -0.2848
			    0.1152    -0.2848    0.1878
		A:
			    -0.7807    -0.3894    -0.4888
			    -0.6512    0.7194    -0.2418
			    0.7669    -0.5653    0.3040
			    0.2826    -0.8167    0.5032
			    0.8063    -0.3754    0.4571
			    -0.3353    0.7994    -0.4986
		b:
			    -446.3962
			    -229.6429
			    299.1190
			    251.3267
			    393.0557
			    -262.4261
	==================================================================================
	Q4:
		Shape: Hybrid
		q_c:    246.5000    75.5000    460.0000
		ub :    250.6829    80.3970    463.5173
		lb :    242.3171    70.6030    456.4827
		P^-1: 
			    0.1138    -0.0134    0.0467
			    -0.0134    0.1705    -0.1668
			    0.0467    -0.1668    0.3337
		A:
			    0.2425    0.3473    -0.9059
			    -0.1712    -0.3666    0.9145
			    0.0348    0.4014    -0.9152
			    0.1521    0.1432    -0.9779
			    0.8938    0.1731    0.4138
			    -0.8920    -0.0214    0.4515
		b:
			    -329.4679
			    351.9195
			    -381.1889
			    -399.9975
			    425.8288
			    -11.4054
	==================================================================================
	Q5:
		Shape: Polyhedra
		q_c:    253.5000    67.0000    469.5000
		ub :    259.6124    72.1479    474.8722
		lb :    247.3876    61.8521    464.1278
		A:
			    0.1476    -0.6899    0.7087
			    0.1754    0.2204    -0.9595
			    -0.4826    0.6438    0.5938
			    0.0668    0.9705    -0.2319
			    0.1547    -0.9338    -0.3227
			    0.5999    0.4299    -0.6748
			    0.7112    0.1881    0.6774
			    -0.6669    -0.1242    0.7347
			    0.2223    -0.9743    0.0371
			    -0.7112    -0.1881    -0.6774
			    0.6669    0.1242    -0.7347
			    -0.2223    0.9743    -0.0371
		b:
			    327.8550
			    -387.9313
			    203.0374
			    -23.0348
			    -170.8130
			    -133.2278
			    515.9184
			    170.0456
			    12.5042
			    -505.9184
			    -165.0456
			    -4.5042
	==================================================================================
	Q6:
		Shape: Polyhedra
		q_c:    260.0000    65.5000    467.5000
		ub :    263.5276    70.3747    472.6191
		lb :    256.4724    60.6253    462.3809
		A:
			    0.8210    0.4683    0.3267
			    0.5763    -0.3108    -0.7558
			    0.2108    0.9608    -0.1802
			    0.8561    0.4401    -0.2709
			    -0.5271    0.2418    0.8147
			    0.4584    -0.7207    -0.5201
			    0.4491    0.7285    0.5174
			    -0.1619    0.6358    -0.7547
			    -0.8787    0.2552    0.4034
			    -0.4491    -0.7285    -0.5174
			    0.1619    -0.6358    0.7547
			    0.8787    -0.2552    -0.4034
		b:
			    399.2665
			    -221.5888
			    36.8541
			    127.2728
			    262.0922
			    -168.9398
			    408.8432
			    -349.2650
			    -21.1411
			    -403.8432
			    357.2650
			    25.1411


===========================================================================================
===========================================================================================
S5:
	q_c:    183.5000    524.5000    119.0000
	ub :    196.0000    541.0000    143.0000
	lb :    171.0000    508.0000    95.0000

	==================================================================================
	Q1:
		Shape: Hybrid
		q_c:    178.0000    519.0000    108.5000
		ub :    185.8353    527.5458    117.4642
		lb :    170.1647    510.4542    99.5358
		P^-1: 
			    0.0437    0.0029    -0.0072
			    0.0029    0.0339    -0.0020
			    -0.0072    -0.0020    0.0380
		A:
			    -0.3145    0.9489    -0.0245
			    -0.0137    0.0012    0.9999
			    0.1825    0.9256    -0.3316
			    -0.6308    -0.6661    0.3981
			    0.6189    -0.3697    -0.6930
			    -0.8093    -0.5761    0.1143
		b:
			    437.1157
			    109.6417
			    479.8727
			    -412.2531
			    -154.2425
			    -428.1095
	==================================================================================
	Q2:
		Shape: Polyhedra
		q_c:    193.5000    529.0000    126.0000
		ub :    201.4582    537.5876    135.0855
		lb :    185.5418    520.4124    116.9145
		A:
			    -0.7287    0.3982    0.5572
			    0.7816    -0.4639    -0.4171
			    0.4520    -0.4448    0.7732
			    -0.3356    0.4045    -0.8507
			    0.5617    -0.7630    -0.3198
			    -0.0289    0.3544    0.9347
			    0.2317    0.6139    0.7546
			    -0.6739    0.6607    -0.3305
			    -0.7015    -0.4320    0.5668
			    -0.2317    -0.6139    -0.7546
			    0.6739    -0.6607    0.3305
			    0.7015    0.4320    -0.5668
		b:
			    145.1611
			    -141.7437
			    -46.0997
			    46.5172
			    -330.5862
			    305.6390
			    470.6543
			    180.9773
			    -286.8437
			    -458.6543
			    -173.9773
			    298.8437
	==================================================================================
	Q3:
		Shape: Ellipse
		q_c:    186.5000    524.5000    107.0000
		ub :    192.3492    530.5844    111.1215
		lb :    180.6508    518.4156    102.8785
		P^-1: 
			    0.0499    0.0107    0.0432
			    0.0107    0.0517    0.0469
			    0.0432    0.0469    0.2284
	==================================================================================
	Q4:
		Shape: Ellipse
		q_c:    195.5000    522.0000    130.5000
		ub :    199.5387    526.0536    133.9341
		lb :    191.4613    517.9464    127.0659
		P^-1: 
			    0.1454    0.0055    -0.0507
			    0.0055    0.2323    -0.1432
			    -0.0507    -0.1432    0.3379
	==================================================================================
	Q5:
		Shape: Hybrid
		q_c:    184.5000    522.0000    129.0000
		ub :    191.0669    529.1603    135.4688
		lb :    177.9331    514.8397    122.5312
		P^-1: 
			    0.0602    0.0210    0.0238
			    0.0210    0.0643    0.0204
			    0.0238    0.0204    0.0760
		A:
			    -0.7530    -0.0433    -0.6566
			    0.7618    0.3157    -0.5657
			    -0.0262    0.3023    0.9528
			    0.8895    0.1934    -0.4141
			    0.8856    0.4488    0.1197
			    0.5102    -0.2428    -0.8251
		b:
			    -244.1441
			    235.5406
			    278.1719
			    214.8409
			    415.4187
			    -135.9378
	==================================================================================
	Q6:
		Shape: Ellipse
		q_c:    193.0000    515.0000    122.0000
		ub :    201.4034    524.9081    129.2267
		lb :    184.5966    505.0919    114.7733
		P^-1: 
			    0.0316    0.0043    -0.0025
			    0.0043    0.0209    0.0053
			    -0.0025    0.0053    0.0383


===========================================================================================
===========================================================================================
