3D_30_14_6_c                l = 3

===========================================================================================
===========================================================================================
S1:
	q_c:	368.5	453.0	91.0
	ub :	382.5621	464.1362	101.2418
	lb :	358.9842	439.563	81.3515

	==================================================================================
	Q1:
		Shape: Polyhedra
		q_c:	364.0	460.5	96.0
		ub :	369.0158	463.1355	101.2418
		lb :	358.9842	457.8645	90.7582
		A:
			0.7063	-0.5564	-0.4377
			-0.2041	0.7455	0.6345
			-0.2873	-0.8897	0.3548
			0.6595	0.1975	-0.7253
			0.6412	0.7625	-0.086
			-0.5546	0.7981	0.2355
			0.6839	0.0666	0.7265
			-0.7271	0.1445	0.6712
			-0.0602	-0.9873	0.1472
			-0.6839	-0.0666	-0.7265
			0.7271	-0.1445	-0.6712
			0.0602	0.9873	-0.1472
		b:
			-38.683
			332.6402
			-478.1627
			263.8106
			579.0005
			190.6066
			353.8755
			-131.185
			-460.4255
			-344.8755
			136.185
			464.4255
	==================================================================================
	Q2:
		Shape: Polyhedra
		q_c:	375.5	455.0	88.0
		ub :	379.3833	460.9541	94.5408
		lb :	371.6167	449.0459	81.4592
		A:
			0.626	0.7628	-0.1617
			-0.9797	0.113	-0.1656
			-0.7098	0.682	0.1763
			0.6889	-0.2815	0.668
			-0.4423	-0.253	-0.8605
			-0.2743	0.9353	-0.2234
			0.1543	0.4048	0.9013
			0.0375	0.9091	-0.4148
			-0.9873	0.0978	0.1251
			-0.1543	-0.4048	-0.9013
			-0.0375	-0.9091	0.4148
			0.9873	-0.0978	-0.1251
		b:
			571.74
			-327.843
			62.8146
			193.4282
			-352.0596
			306.8424
			326.4403
			395.2434
			-312.2365
			-316.4403
			-387.2434
			318.2365
	==================================================================================
	Q3:
		Shape: Hybrid
		q_c:	370.5	450.0	89.0
		ub :	378.2944	454.6711	96.6485
		lb :	362.7056	445.3289	81.3515
		P^-1:
			0.0471	-0.014	0.0232
			-0.014	0.0986	-0.016
			0.0232	-0.016	0.0557
		A:
			0.8864	-0.4566	0.0765
			-0.5068	0.1753	-0.844
			0.5564	-0.5946	0.5804
			0.0604	0.3811	0.9226
			-0.4523	0.119	-0.8839
			-0.0159	-0.7253	-0.6883
		b:
			132.7437
			-181.8037
			-8.0668
			279.1446
			-190.3712
			-390.7082
	==================================================================================
	Q4:
		Shape: Hybrid
		q_c:	376.5	445.5	89.0
		ub :	382.5621	451.437	95.7688
		lb :	370.4379	439.563	82.2312
		P^-1:
			0.1393	-0.0839	0.0564
			-0.0839	0.1161	-0.0555
			0.0564	-0.0555	0.084
		A:
			0.3053	-0.2948	-0.9055
			0.5174	-0.5866	0.623
			-0.4533	-0.4909	0.744
			0.9677	-0.0508	0.247
			0.3628	-0.1863	0.9131
			-0.966	0.1211	-0.2285
		b:
			-93.304
			-9.8068
			-319.788
			365.9947
			137.3259
			-327.9151
	==================================================================================
	Q5:
		Shape: Polyhedra
		q_c:	364.5	459.5	92.5
		ub :	369.1789	464.1362	97.863
		lb :	359.8211	454.8638	87.137
		A:
			0.7192	0.6869	-0.1045
			-0.5539	-0.4349	-0.7099
			0.4821	0.3744	0.7921
			0.7823	0.288	0.5523
			0.5304	0.2094	0.8215
			0.7558	0.466	0.46
			0.6236	0.6294	0.4637
			0.7605	-0.3513	-0.5461
			-0.1808	0.6932	-0.6977
			-0.6236	-0.6294	-0.4637
			-0.7605	0.3513	0.5461
			0.1808	-0.6932	0.6977
		b:
			570.4635
			-465.9385
			422.8725
			470.269
			367.619
			533.471
			560.3927
			69.8054
			191.5737
			-558.3927
			-60.8054
			-184.5737
	==================================================================================
	Q6:
		Shape: Polyhedra
		q_c:	368.0	454.0	91.0
		ub :	374.0785	461.5443	98.197
		lb :	361.9215	446.4557	83.803
		A:
			-0.8767	0.4567	0.1513
			0.7763	-0.0224	-0.63
			-0.9222	0.2777	0.269
			0.6498	-0.7182	0.2487
			-0.6642	-0.5168	-0.5401
			-0.1412	0.8118	0.5666
			0.093	0.5238	0.8468
			-0.404	0.7971	-0.4487
			-0.91	-0.3004	0.2857
			-0.093	-0.5238	-0.8468
			0.404	-0.7971	0.4487
			0.91	0.3004	-0.2857
		b:
			-97.0015
			222.3061
			-184.5199
			-59.4113
			-523.8934
			372.7728
			353.5687
			177.3745
			-441.2629
			-344.5687
			-167.3745
			449.2629


===========================================================================================
===========================================================================================
S2:
	q_c:	509.0	58.0	293.0
	ub :	523.2232	78.9203	310.6456
	lb :	493.343	38.9836	282.4081

	==================================================================================
	Q1:
		Shape: Hybrid
		q_c:	515.5	64.5	298.5
		ub :	519.6834	67.9718	302.3888
		lb :	511.3166	61.0282	294.6112
		P^-1:
			0.16	-0.0	0.0
			-0.0	0.16	0.0
			0.0	0.0	0.16
		A:
			0.9572	-0.2107	-0.1983
			-0.159	0.2502	-0.9551
			0.0243	-0.8464	0.532
			0.3387	-0.7839	0.5204
			0.6727	0.7293	0.125
			0.7755	0.6297	0.0451
		b:
			421.9306
			-349.6684
			117.9746
			280.6213
			432.3796
			455.0976
	==================================================================================
	Q2:
		Shape: Ellipse
		q_c:	505.0	72.5	287.5
		ub :	509.9408	78.0855	292.5919
		lb :	500.0592	66.9145	282.4081
		P^-1:
			0.1158	-0.046	-0.0146
			-0.046	0.107	0.0042
			-0.0146	0.0042	0.0814
	==================================================================================
	Q3:
		Shape: Ellipse
		q_c:	502.5	69.5	300.5
		ub :	511.657	78.9203	310.6456
		lb :	493.343	60.0797	290.3544
		P^-1:
			0.0301	0.0055	0.0144
			0.0055	0.0202	0.0064
			0.0144	0.0064	0.0347
	==================================================================================
	Q4:
		Shape: Ellipse
		q_c:	504.5	59.5	301.0
		ub :	508.5664	63.7804	305.6308
		lb :	500.4336	55.2196	296.3692
		P^-1:
			0.1864	-0.0521	0.0063
			-0.0521	0.195	0.0465
			0.0063	0.0465	0.1102
	==================================================================================
	Q5:
		Shape: Hybrid
		q_c:	514.5	47.5	293.0
		ub :	523.2232	56.0164	300.5965
		lb :	505.7768	38.9836	285.4035
		P^-1:
			0.0299	0.0044	0.0007
			0.0044	0.0268	0.0003
			0.0007	0.0003	0.0205
		A:
			-0.5242	0.2422	0.8164
			0.274	0.2237	0.9354
			0.8802	0.2002	-0.4303
			0.5839	-0.7422	-0.3289
			-0.1245	-0.1802	-0.9757
			-0.7536	-0.0222	-0.657
		b:
			-14.9002
			429.6772
			339.5473
			172.6056
			-354.3406
			-577.7383
	==================================================================================
	Q6:
		Shape: Ellipse
		q_c:	514.5	54.5	294.0
		ub :	520.3298	61.1074	299.4337
		lb :	508.6702	47.8926	288.5663
		P^-1:
			0.0591	-0.0057	-0.0008
			-0.0057	0.0527	0.0005
			-0.0008	0.0005	0.0494


===========================================================================================
===========================================================================================
S3:
	q_c:	451.0	516.5	483.5
	ub :	470.913	531.0862	504.9029
	lb :	431.2612	489.9765	455.932

	==================================================================================
	Q1:
		Shape: Hybrid
		q_c:	455.5	502.0	489.0
		ub :	463.12	508.9516	493.8554
		lb :	447.88	495.0484	484.1446
		P^-1:
			0.0663	-0.0201	0.134
			-0.0201	0.0319	-0.0548
			0.134	-0.0548	0.3877
		A:
			0.5136	-0.2644	0.8163
			0.5688	-0.7854	0.2441
			0.2672	-0.2837	0.9209
			-0.1126	-0.1226	-0.986
			-0.3759	-0.0894	-0.9224
			0.7604	0.3335	0.5574
		b:
			501.8819
			-10.7756
			430.7359
			-593.0089
			-665.7455
			790.5579
	==================================================================================
	Q2:
		Shape: Hybrid
		q_c:	464.0	511.5	489.5
		ub :	470.913	519.2602	497.9795
		lb :	457.087	503.7398	481.0205
		P^-1:
			0.055	0.0067	0.0127
			0.0067	0.0294	0.0031
			0.0127	0.0031	0.0337
		A:
			-0.8439	-0.3645	-0.3936
			-0.2897	0.1286	-0.9484
			-0.6005	0.6749	-0.4289
			-0.8561	-0.3191	0.4066
			0.9583	-0.2624	0.1135
			-0.3268	-0.5558	-0.7644
		b:
			-768.6324
			-529.542
			-139.9419
			-358.2225
			368.6563
			-807.0414
	==================================================================================
	Q3:
		Shape: Ellipse
		q_c:	453.0	500.5	472.5
		ub :	463.8037	511.0235	482.6227
		lb :	442.1963	489.9765	462.3773
		P^-1:
			0.0289	-0.0062	-0.0087
			-0.0062	0.0219	-0.0021
			-0.0087	-0.0021	0.0325
	==================================================================================
	Q4:
		Shape: Polyhedra
		q_c:	442.5	520.0	496.5
		ub :	453.7388	531.0862	504.9029
		lb :	431.2612	508.9138	488.0971
		A:
			-0.6609	0.4579	-0.5946
			0.25	-0.3637	-0.8974
			-0.346	0.5274	0.776
			0.9483	-0.2308	-0.2179
			-0.7681	-0.2825	-0.5747
			0.4058	-0.7242	0.5576
			0.6302	0.7498	0.2016
			0.6167	-0.6412	0.4567
			0.4717	-0.1635	-0.8665
			-0.6302	-0.7498	-0.2016
			-0.6167	0.6412	-0.4567
			-0.4717	0.1635	0.8665
		b:
			-342.0995
			-519.6064
			511.1433
			197.6032
			-764.7041
			87.2554
			776.3409
			173.7433
			-302.5376
			-761.3409
			-158.7433
			310.5376
	==================================================================================
	Q5:
		Shape: Ellipse
		q_c:	442.5	518.0	466.5
		ub :	450.7668	528.0167	477.068
		lb :	434.2332	507.9833	455.932
		P^-1:
			0.0503	-0.0024	-0.0198
			-0.0024	0.018	0.0015
			-0.0198	0.0015	0.0298
	==================================================================================
	Q6:
		Shape: Hybrid
		q_c:	460.0	505.0	470.5
		ub :	468.436	509.5894	479.3453
		lb :	451.564	500.4106	461.6547
		P^-1:
			0.2545	-0.3863	-0.1401
			-0.3863	0.7085	0.2095
			-0.1401	0.2095	0.102
		A:
			-0.587	0.7504	0.3039
			-0.5207	0.762	0.385
			0.1775	-0.7923	0.5837
			-0.6778	0.6851	0.2671
			-0.5137	0.833	0.2053
			0.2992	-0.9542	-0.0021
		b:
			252.6247
			327.1684
			-39.8501
			161.1462
			281.6047
			-343.8781


===========================================================================================
===========================================================================================
S4:
	q_c:	103.5	189.0	370.0
	ub :	122.331	212.5291	388.8416
	lb :	83.2473	172.3384	341.7738

	==================================================================================
	Q1:
		Shape: Ellipse
		q_c:	109.0	184.5	374.0
		ub :	120.4943	195.6196	385.1741
		lb :	97.5057	173.3804	362.8259
		P^-1:
			0.0236	-0.0035	0.003
			-0.0035	0.0247	0.0035
			0.003	0.0035	0.017
	==================================================================================
	Q2:
		Shape: Hybrid
		q_c:	116.0	190.5	384.0
		ub :	122.331	195.3968	387.784
		lb :	109.669	185.6032	380.216
		P^-1:
			0.0757	0.0182	0.1225
			0.0182	0.0743	0.0652
			0.1225	0.0652	0.39
		A:
			-0.4302	-0.109	-0.8961
			0.0759	0.2064	0.9755
			-0.3962	0.1789	-0.9006
			0.4608	0.697	0.5494
			-0.1101	0.2403	-0.9644
			0.2756	-0.6452	-0.7126
		b:
			-413.896
			423.9434
			-356.425
			399.4822
			-335.6227
			-361.8823
	==================================================================================
	Q3:
		Shape: Polyhedra
		q_c:	109.0	199.0	355.5
		ub :	121.5069	212.5291	369.2262
		lb :	96.4931	185.4709	341.7738
		A:
			0.4376	-0.2613	-0.8604
			-0.9507	0.2645	0.1621
			-0.8861	-0.461	-0.048
			-0.8502	-0.5018	0.1592
			-0.0935	0.6304	-0.7706
			-0.7065	-0.5276	0.4716
			0.3437	0.7305	0.5901
			-0.6016	0.6538	-0.4589
			-0.7211	-0.1973	0.6641
			-0.3437	-0.7305	-0.5901
			0.6016	-0.6538	0.4589
			0.7211	0.1973	-0.6641
		b:
			-302.2444
			13.3941
			-196.8286
			-127.929
			-151.8546
			-7.2175
			403.1255
			-91.6178
			124.7455
			-382.1255
			105.6178
			-111.7455
	==================================================================================
	Q4:
		Shape: Hybrid
		q_c:	95.5	185.0	380.5
		ub :	101.9887	191.4572	388.8416
		lb :	89.0113	178.5428	372.1584
		P^-1:
			0.0642	0.0202	-0.0047
			0.0202	0.0569	-0.0035
			-0.0047	-0.0035	0.0162
		A:
			-0.9048	0.2995	-0.3026
			0.07	-0.6428	-0.7629
			-0.0967	-0.8813	0.4625
			0.6624	-0.2542	-0.7047
			0.446	0.878	-0.174
			0.0631	-0.9758	-0.2091
		b:
			-142.685
			-397.3122
			7.0308
			-247.3458
			140.9032
			-250.9797
	==================================================================================
	Q5:
		Shape: Hybrid
		q_c:	91.5	183.0	367.0
		ub :	99.7527	193.6616	376.9145
		lb :	83.2473	172.3384	357.0855
		P^-1:
			0.0388	0.0071	-0.0149
			0.0071	0.0266	-0.0162
			-0.0149	-0.0162	0.0406
		A:
			-0.8549	-0.1968	0.48
			-0.958	-0.1712	0.2299
			-0.6987	-0.3707	0.6119
			0.0959	-0.9276	0.361
			-0.3327	-0.1593	0.9295
			0.1305	-0.3274	0.9358
		b:
			64.3467
			-31.699
			94.8552
			-24.5127
			284.3797
			298.8104
	==================================================================================
	Q6:
		Shape: Polyhedra
		q_c:	112.0	196.5	357.0
		ub :	117.0154	207.8933	368.1569
		lb :	106.9846	185.1067	345.8431
		A:
			-0.8719	0.1487	0.4665
			-0.9642	-0.2286	0.1346
			-0.9464	0.1019	-0.3065
			0.8369	0.18	0.517
			0.7823	0.3716	-0.4999
			0.4674	-0.8833	0.0364
			0.0982	0.8204	0.5633
			-0.3049	0.5636	-0.7677
			-0.9473	-0.0964	0.3054
			-0.0982	-0.8204	-0.5633
			0.3049	-0.5636	0.7677
			0.9473	0.0964	-0.3054
		b:
			101.2765
			-102.1715
			-190.518
			319.8587
			-14.4879
			-100.6783
			381.8052
			-189.965
			-14.002
			-364.8052
			204.965
			18.002


===========================================================================================
===========================================================================================
S5:
	q_c:	72.5	161.5	451.5
	ub :	76.0437	164.492	454.753
	lb :	71.1251	159.6157	448.5204

	==================================================================================
	Q1:
		Shape: Ellipse
		q_c:	73.5	161.5	452.5
		ub :	75.1455	162.9515	453.9128
		lb :	71.8545	160.0485	451.0872
		P^-1:
			1.0	0.0	-0.0
			0.0	1.0	-0.0
			-0.0	-0.0	1.0
	==================================================================================
	Q2:
		Shape: Ellipse
		q_c:	73.0	161.5	453.5
		ub :	74.4507	162.8287	454.753
		lb :	71.5493	160.1713	452.247
		P^-1:
			1.8344	1.0092	0.888
			1.0092	2.2206	1.074
			0.888	1.074	1.945
	==================================================================================
	Q3:
		Shape: Ellipse
		q_c:	73.5	163.5	453.0
		ub :	74.9843	164.492	454.4725
		lb :	72.0157	162.508	451.5275
		P^-1:
			1.1726	-0.6522	0.2503
			-0.6522	3.4645	-0.9457
			0.2503	-0.9457	1.3629
	==================================================================================
	Q4:
		Shape: Hybrid
		q_c:	73.5	161.5	453.0
		ub :	74.6461	162.6324	454.1467
		lb :	72.3539	160.3676	451.8533
		P^-1:
			1.0127	0.1517	-0.1221
			0.1517	2.8129	-1.4591
			-0.1221	-1.4591	2.1744
		A:
			-0.7213	-0.6873	0.0851
			-0.0076	-0.5191	0.8547
			-0.3232	-0.5664	0.7581
			0.1295	-0.0984	0.9867
			-0.248	-0.8759	0.414
			-0.5618	-0.8273	-0.0065
		b:
			-124.8887
			303.1078
			228.5288
			441.1589
			28.1717
			-177.2612
	==================================================================================
	Q5:
		Shape: Polyhedra
		q_c:	74.5	161.5	452.5
		ub :	76.0437	163.1965	454.1421
		lb :	72.9563	159.8035	450.8579
		A:
			0.7679	0.2457	0.5916
			0.5837	-0.5506	-0.5968
			-0.0515	0.8393	0.5412
			-0.413	-0.2059	0.8871
			-0.8063	-0.3947	0.4405
			-0.991	-0.1233	0.0517
			0.5982	0.704	0.3827
			0.7851	-0.4194	-0.4557
			-0.1603	0.5731	-0.8037
			-0.5982	-0.704	-0.3827
			-0.7851	0.4194	0.4557
			0.1603	-0.5731	0.8037
		b:
			365.594
			-314.4722
			377.6233
			338.4043
			76.5119
			-69.3674
			332.4396
			-214.4532
			-282.0485
			-330.4396
			216.4532
			284.0485
	==================================================================================
	Q6:
		Shape: Polyhedra
		q_c:	73.0	161.5	450.5
		ub :	74.8749	163.3843	452.4796
		lb :	71.1251	159.6157	448.5204
		A:
			0.3127	0.9498	0.0045
			0.9813	-0.1739	-0.0823
			-0.2956	0.0213	0.9551
			0.9536	-0.2407	0.1807
			-0.073	-0.774	0.6289
			-0.9412	-0.2468	-0.2309
			0.3892	0.4934	0.7778
			-0.5586	0.7979	-0.2266
			-0.7324	-0.3463	0.5862
			-0.3892	-0.4934	-0.7778
			0.5586	-0.7979	0.2266
			0.7324	0.3463	-0.5862
		b:
			179.4315
			7.512
			413.3673
			113.2471
			154.0031
			-211.3386
			460.0191
			-13.0114
			155.6785
			-457.0191
			15.0114
			-153.6785


===========================================================================================
===========================================================================================
S6:
	q_c:	456.0	207.0	173.0
	ub :	481.1612	230.7522	196.3092
	lb :	426.5435	187.2954	157.2515

	==================================================================================
	Q1:
		Shape: Hybrid
		q_c:	438.5	217.0	170.5
		ub :	450.4565	230.7522	183.7485
		lb :	426.5435	203.2478	157.2515
		P^-1:
			0.0194	0.0075	-0.0085
			0.0075	0.0175	-0.0048
			-0.0085	-0.0048	0.02
		A:
			0.7285	0.1129	-0.6757
			-0.0928	-0.4924	0.8654
			0.1847	0.7447	-0.6414
			-0.6073	-0.7788	-0.1569
			-0.9123	0.0367	-0.4078
			0.037	0.0035	0.9993
		b:
			232.1553
			4.4847
			137.3558
			-457.4769
			-454.9123
			192.6275
	==================================================================================
	Q2:
		Shape: Ellipse
		q_c:	469.5	198.0	185.0
		ub :	478.0782	208.7046	196.3092
		lb :	460.9218	187.2954	173.6908
		P^-1:
			0.0232	0.0009	0.0017
			0.0009	0.0157	0.0002
			0.0017	0.0002	0.016
	==================================================================================
	Q3:
		Shape: Polyhedra
		q_c:	471.0	200.5	184.5
		ub :	481.1612	211.1156	194.6017
		lb :	460.8388	189.8844	174.3983
		A:
			0.6586	0.5211	-0.5429
			-0.5796	0.2607	0.7721
			-0.8141	-0.1112	-0.57
			-0.0981	0.366	0.9254
			-0.0169	0.1948	-0.9807
			-0.6504	0.1276	-0.7488
			0.7721	0.206	0.6012
			-0.4609	0.8328	0.3065
			-0.4376	-0.5137	0.738
			-0.7721	-0.206	-0.6012
			0.4609	-0.8328	-0.3065
			0.4376	0.5137	-0.738
		b:
			320.8816
			-71.2096
			-505.8527
			204.4341
			-143.7507
			-413.6054
			520.8784
			13.966
			-166.4427
			-510.8784
			1.034
			179.4427
	==================================================================================
	Q4:
		Shape: Polyhedra
		q_c:	465.5	206.5	177.0
		ub :	476.977	215.7199	188.455
		lb :	454.023	197.2801	165.545
		A:
			-0.2238	0.4647	-0.8568
			-0.0333	0.7084	0.705
			-0.6705	0.4495	-0.5902
			-0.0872	0.9942	0.063
			0.1481	0.9875	0.0545
			-0.998	-0.0597	-0.0215
			0.5873	0.7671	0.2581
			0.5532	-0.1476	-0.8199
			-0.5908	0.6243	-0.511
			-0.5873	-0.7671	-0.2581
			-0.5532	0.1476	0.8199
			0.5908	-0.6243	0.511
		b:
			-153.1135
			262.7116
			-317.7554
			181.7715
			288.1634
			-474.09
			482.997
			90.3899
			-230.5421
			-471.997
			-73.3899
			242.5421
	==================================================================================
	Q5:
		Shape: Polyhedra
		q_c:	468.0	213.5	173.5
		ub :	476.5859	222.4697	183.6005
		lb :	459.4141	204.5303	163.3995
		A:
			-0.2831	-0.8542	-0.4362
			-0.4015	-0.2374	-0.8845
			0.4523	0.093	0.887
			-0.4602	-0.42	0.7822
			-0.556	-0.0604	-0.829
			0.8672	0.3864	0.3141
			0.6882	0.5276	0.498
			0.698	-0.2943	-0.6529
			-0.1979	0.7969	-0.5708
			-0.6882	-0.5276	-0.498
			-0.698	0.2943	0.6529
			0.1979	-0.7969	0.5708
		b:
			-386.1515
			-387.5324
			390.134
			-162.3507
			-412.4844
			546.4397
			524.1341
			158.047
			-15.0247
			-518.1341
			-143.047
			28.0247
	==================================================================================
	Q6:
		Shape: Hybrid
		q_c:	452.0	199.0	168.0
		ub :	460.691	206.7495	175.2127
		lb :	443.309	191.2505	160.7873
		P^-1:
			0.0311	-0.0054	0.0003
			-0.0054	0.0367	-0.0004
			0.0003	-0.0004	0.0278
		A:
			-0.2222	0.8191	0.5289
			-0.7475	0.4013	-0.5293
			-0.8098	-0.0525	0.5843
			-0.2023	-0.9559	0.2129
			-0.5425	-0.7305	0.4149
			-0.1838	0.1329	-0.9739
		b:
			154.2951
			-343.9802
			-274.9366
			-242.8737
			-317.487
			-216.8221


===========================================================================================
===========================================================================================
S7:
	q_c:	440.5	297.5	176.5
	ub :	479.035	333.4327	211.9278
	lb :	416.9969	264.1371	150.1427

	==================================================================================
	Q1:
		Shape: Polyhedra
		q_c:	432.5	277.0	196.5
		ub :	444.6774	287.2484	209.5232
		lb :	420.3226	266.7516	183.4768
		A:
			-0.9145	0.2187	0.3403
			-0.4581	-0.6312	0.6259
			-0.346	-0.6629	-0.664
			0.7549	-0.1019	-0.6479
			-0.2878	0.8223	-0.4909
			0.2331	-0.8977	0.3738
			0.267	0.067	0.9614
			-0.6636	-0.7107	0.2338
			0.6989	-0.7003	-0.1453
			-0.267	-0.067	-0.9614
			0.6636	0.7107	-0.2338
			-0.6989	0.7003	0.1453
		b:
			-260.6795
			-243.0503
			-454.3323
			178.8974
			15.138
			-66.6276
			333.942
			-432.3942
			87.7158
			-311.942
			443.3942
			-71.7158
	==================================================================================
	Q2:
		Shape: Ellipse
		q_c:	449.0	274.5	195.0
		ub :	463.2906	284.8629	201.7373
		lb :	434.7094	264.1371	188.2627
		P^-1:
			0.0068	0.0025	-0.0114
			0.0025	0.0167	-0.0228
			-0.0114	-0.0228	0.1042
	==================================================================================
	Q3:
		Shape: Polyhedra
		q_c:	441.0	301.0	198.5
		ub :	458.4857	318.0416	209.5571
		lb :	423.5143	283.9584	187.4429
		A:
			0.5318	0.1945	0.8242
			0.093	-0.4829	0.8707
			0.6985	0.6246	-0.3492
			-0.4674	-0.8836	-0.026
			0.8886	0.3788	0.2587
			0.6735	0.14	0.7258
			0.5054	0.5848	0.6345
			-0.379	-0.5102	0.7721
			0.7752	-0.6307	-0.0363
			-0.5054	-0.5848	-0.6345
			0.379	0.5102	-0.7721
			-0.7752	0.6307	0.0363
		b:
			464.7706
			76.9984
			434.4516
			-469.4295
			566.3737
			492.152
			532.3509
			-159.9409
			158.8425
			-517.3509
			174.9409
			-130.8425
	==================================================================================
	Q4:
		Shape: Ellipse
		q_c:	433.5	317.0	162.5
		ub :	450.0031	333.4327	174.8573
		lb :	416.9969	300.5673	150.1427
		P^-1:
			0.0081	-0.0036	-0.0005
			-0.0036	0.0121	-0.0012
			-0.0005	-0.0012	0.0151
	==================================================================================
	Q5:
		Shape: Ellipse
		q_c:	461.5	291.5	176.0
		ub :	479.035	306.1656	192.5621
		lb :	443.965	276.8344	159.4379
		P^-1:
			0.0103	0.0005	0.0024
			0.0005	0.0104	0.001
			0.0024	0.001	0.008
	==================================================================================
	Q6:
		Shape: Hybrid
		q_c:	440.0	303.5	197.0
		ub :	457.0546	320.6232	211.9278
		lb :	422.9454	286.3768	182.0722
		P^-1:
			0.0098	0.0007	0.0005
			0.0007	0.0098	0.0003
			0.0005	0.0003	0.0106
		A:
			-0.8361	-0.5464	0.0499
			0.247	-0.9175	-0.3116
			-0.5012	0.1918	0.8438
			-0.3874	0.502	-0.7733
			0.3427	0.6686	0.6599
			-0.3563	0.066	-0.932
		b:
			-518.756
			-225.6694
			9.2687
			-165.1891
			488.5732
			-315.4233


===========================================================================================
===========================================================================================
S8:
	q_c:	95.0	519.5	223.5
	ub :	106.3906	533.2067	235.7831
	lb :	83.027	513.5818	215.4725

	==================================================================================
	Q1:
		Shape: Polyhedra
		q_c:	103.0	528.0	220.5
		ub :	106.3906	531.835	224.1817
		lb :	99.6094	524.165	216.8183
		A:
			0.521	0.4783	0.707
			-0.9457	0.2359	-0.2238
			-0.1404	-0.8841	-0.4457
			-0.7818	-0.3336	0.5268
			0.9486	-0.2203	-0.2273
			0.7518	-0.5746	-0.3236
			0.7815	0.5821	0.2244
			0.6165	-0.7757	-0.135
			0.0954	0.2439	-0.9651
			-0.7815	-0.5821	-0.2244
			-0.6165	0.7757	0.135
			-0.0954	-0.2439	0.9651
		b:
			464.4098
			-19.8938
			-577.2692
			-137.9826
			-66.3343
			-294.7634
			439.3264
			-373.3339
			-71.2142
			-435.3264
			378.3339
			77.2142
	==================================================================================
	Q2:
		Shape: Hybrid
		q_c:	94.5	523.0	223.0
		ub :	99.4212	528.892	227.6721
		lb :	89.5788	517.108	218.3279
		P^-1:
			0.0789	0.0088	-0.0016
			0.0088	0.0531	0.0053
			-0.0016	0.0053	0.0807
		A:
			-0.2811	-0.3674	-0.8866
			-0.9407	-0.1573	0.3006
			-0.4033	0.6788	-0.6136
			-0.1295	0.4442	0.8865
			0.6344	-0.2395	-0.735
			0.381	0.2509	-0.8899
		b:
			-414.6711
			-102.3413
			182.6
			419.6082
			-227.3907
			-29.385
	==================================================================================
	Q3:
		Shape: Polyhedra
		q_c:	97.0	523.5	231.5
		ub :	101.3155	526.3351	235.7831
		lb :	92.6845	520.6649	227.2169
		A:
			-0.4236	0.8936	0.1482
			-0.0057	-0.6669	-0.7451
			-0.8499	-0.2839	-0.4439
			0.2288	-0.7495	0.6211
			-0.7089	0.5491	0.4427
			0.2176	-0.6764	-0.7037
			0.8802	0.0972	0.4645
			-0.4404	-0.1975	0.8758
			0.1769	-0.9755	-0.1311
			-0.8802	-0.0972	-0.4645
			0.4404	0.1975	-0.8758
			-0.1769	0.9755	0.1311
		b:
			463.1317
			-519.6875
			-330.8509
			-223.8228
			323.7054
			-493.4745
			246.7856
			59.6255
			-521.847
			-240.7856
			-53.6255
			525.847
	==================================================================================
	Q4:
		Shape: Polyhedra
		q_c:	89.0	526.5	224.5
		ub :	94.2783	531.9435	228.6586
		lb :	83.7217	521.0565	220.3414
		A:
			0.2128	-0.3754	-0.9021
			-0.0297	-0.9984	0.0481
			0.0377	0.8324	-0.5529
			0.6387	-0.0352	-0.7687
			-0.6918	0.5634	-0.4517
			-0.1788	-0.8954	-0.4078
			0.845	0.5279	0.0853
			0.1093	-0.3266	0.9388
			0.5235	-0.784	-0.3337
			-0.845	-0.5279	-0.0853
			-0.1093	0.3266	-0.9388
			-0.5235	0.784	0.3337
		b:
			-378.2142
			-514.1594
			320.6706
			-130.9928
			136.7598
			-575.4196
			376.3115
			51.5383
			-438.0801
			-368.3115
			-45.5383
			444.0801
	==================================================================================
	Q5:
		Shape: Ellipse
		q_c:	87.5	528.5	220.0
		ub :	91.973	533.2067	224.5275
		lb :	83.027	523.7933	215.4725
		P^-1:
			0.1324	0.0257	-0.0018
			0.0257	0.1347	0.0117
			-0.0018	0.0117	0.0857
	==================================================================================
	Q6:
		Shape: Ellipse
		q_c:	90.5	519.5	224.5
		ub :	96.1192	525.4182	228.4856
		lb :	84.8808	513.5818	220.5144
		P^-1:
			0.0918	-0.0286	-0.0015
			-0.0286	0.0688	-0.0022
			-0.0015	-0.0022	0.111


===========================================================================================
===========================================================================================
S9:
	q_c:	325.0	152.0	295.5
	ub :	335.1224	166.0346	308.0917
	lb :	314.5752	140.4852	284.1572

	==================================================================================
	Q1:
		Shape: Polyhedra
		q_c:	322.5	154.0	298.0
		ub :	327.0978	157.8901	302.7565
		lb :	317.9022	150.1099	293.2435
		A:
			-0.6886	0.6882	0.2285
			0.4868	-0.8731	-0.0252
			0.8017	-0.2264	-0.5532
			-0.3805	0.6842	-0.6222
			0.2388	-0.8467	0.4754
			0.934	-0.3564	0.0255
			0.6714	0.7244	0.1566
			0.3095	-0.082	-0.9474
			-0.6734	0.6845	-0.2792
			-0.6714	-0.7244	-0.1566
			-0.3095	0.082	0.9474
			0.6734	-0.6845	0.2792
		b:
			-45.6362
			17.0164
			62.2153
			-200.5452
			90.5131
			256.1379
			378.2398
			-191.1344
			-193.4843
			-371.2398
			199.1344
			196.4843
	==================================================================================
	Q2:
		Shape: Polyhedra
		q_c:	324.0	145.5	289.0
		ub :	329.2232	150.5148	293.8428
		lb :	318.7768	140.4852	284.1572
		A:
			0.1505	-0.4347	0.8879
			0.0147	-0.8592	0.5115
			-0.3513	0.6175	-0.7037
			-0.4371	-0.041	0.8985
			-0.2514	-0.8624	0.4395
			0.9118	-0.2953	-0.2855
			0.9542	0.1865	0.2341
			-0.0554	-0.6585	0.7506
			0.2941	-0.7292	-0.6179
			-0.9542	-0.1865	-0.2341
			0.0554	0.6585	-0.7506
			-0.2941	0.7292	0.6179
		b:
			244.0903
			29.5674
			-225.219
			115.3049
			-77.696
			174.1562
			407.9267
			104.6484
			-184.896
			-399.9267
			-101.6484
			193.896
	==================================================================================
	Q3:
		Shape: Hybrid
		q_c:	331.0	155.5	294.0
		ub :	335.1224	157.6039	298.2589
		lb :	326.8776	153.3961	289.7411
		P^-1:
			0.1171	-0.0535	0.0088
			-0.0535	0.4357	-0.0002
			0.0088	-0.0002	0.0844
		A:
			-0.1086	0.9039	0.4137
			-0.2903	0.6927	0.6603
			-0.1709	0.8758	-0.4513
			0.206	-0.8919	0.4025
			-0.0127	0.9146	-0.4042
			-0.0234	0.9469	-0.3207
		b:
			227.4543
			207.6085
			-51.7828
			49.0448
			20.4235
			46.3022
	==================================================================================
	Q4:
		Shape: Hybrid
		q_c:	327.5	149.0	296.0
		ub :	332.6345	153.8621	300.7164
		lb :	322.3655	144.1379	291.2836
		P^-1:
			0.1219	-0.0332	-0.0074
			-0.0332	0.1302	-0.0132
			-0.0074	-0.0132	0.1006
		A:
			0.0603	-0.9982	-0.0044
			-0.9314	0.1868	0.3125
			-0.8613	0.3397	0.3777
			-0.98	-0.083	-0.181
			-0.9512	0.2716	0.1464
			-0.4907	-0.1524	-0.8579
		b:
			-128.6634
			-183.1376
			-118.195
			-385.006
			-226.2229
			-435.2322
	==================================================================================
	Q5:
		Shape: Polyhedra
		q_c:	320.5	147.0	294.0
		ub :	326.4248	151.1236	299.2368
		lb :	314.5752	142.8764	288.7632
		A:
			-0.4044	-0.3714	0.8358
			-0.1148	-0.9483	0.2959
			-0.6394	0.6868	-0.3456
			0.4383	-0.7619	0.4769
			-0.1456	0.7554	-0.6389
			0.8115	-0.5577	-0.1745
			0.7992	0.419	0.4309
			0.4309	-0.8992	0.0752
			0.419	0.1255	-0.8993
			-0.7992	-0.419	-0.4309
			-0.4309	0.8992	-0.0752
			-0.419	-0.1255	0.8993
		b:
			64.9505
			-86.4218
			-203.0378
			171.119
			-120.7979
			129.5185
			448.9259
			30.0374
			-108.1458
			-439.9259
			-26.0374
			115.1458
	==================================================================================
	Q6:
		Shape: Ellipse
		q_c:	328.0	159.5	301.5
		ub :	333.5848	166.0346	308.0917
		lb :	322.4152	152.9654	294.9083
		P^-1:
			0.0715	-0.0072	0.0063
			-0.0072	0.0682	-0.005
			0.0063	-0.005	0.0669


===========================================================================================
===========================================================================================
S10:
	q_c:	360.5	500.5	178.5
	ub :	374.0578	509.879	192.3806
	lb :	351.8415	494.0652	166.1646

	==================================================================================
	Q1:
		Shape: Polyhedra
		q_c:	367.5	503.0	186.0
		ub :	374.0578	509.2857	190.732
		lb :	360.9422	496.7143	181.268
		A:
			-0.3694	-0.5442	-0.7532
			-0.4179	0.4077	-0.8118
			0.5768	-0.2789	0.7678
			0.6386	0.7619	0.1081
			-0.0628	-0.0162	-0.9979
			0.8309	-0.4005	-0.3863
			0.6845	0.6934	0.2252
			0.587	-0.7074	0.3936
			0.4323	-0.1372	-0.8913
			-0.6845	-0.6934	-0.2252
			-0.587	0.7074	-0.3936
			-0.4323	0.1372	0.8913
		b:
			-545.3384
			-96.1547
			218.1222
			643.007
			-213.8978
			35.093
			647.2023
			-63.378
			-73.4263
			-637.2023
			70.378
			78.4263
	==================================================================================
	Q2:
		Shape: Polyhedra
		q_c:	363.5	500.5	186.5
		ub :	369.1582	503.4768	192.3806
		lb :	357.8418	497.5232	180.6194
		A:
			-0.3274	-0.8547	0.4028
			-0.5667	0.6889	0.452
			-0.2271	0.3864	-0.8939
			-0.1572	-0.9094	0.3851
			-0.2651	-0.9311	-0.2506
			0.4115	-0.9095	-0.0597
			0.7851	0.1258	0.6064
			-0.0208	0.984	-0.1771
			-0.619	0.1264	0.7751
			-0.7851	-0.1258	-0.6064
			0.0208	-0.984	0.1771
			0.619	-0.1264	-0.7751
		b:
			-469.196
			226.4562
			-52.3643
			-438.2564
			-606.4569
			-314.2158
			465.451
			453.866
			-13.1718
			-457.451
			-449.866
			21.1718
	==================================================================================
	Q3:
		Shape: Polyhedra
		q_c:	357.0	507.0	186.5
		ub :	361.1323	509.879	190.5844
		lb :	352.8677	504.121	182.4156
		A:
			-0.0562	0.857	-0.5122
			0.9074	-0.4122	0.0824
			0.3211	-0.8063	-0.4967
			-0.0184	-0.9781	-0.2073
			-0.3385	0.6285	-0.7003
			0.6255	-0.4487	-0.6382
			0.6731	0.4287	0.6026
			0.4309	-0.8896	0.1516
			0.601	0.1576	-0.7835
			-0.6731	-0.4287	-0.6026
			-0.4309	0.8896	-0.1516
			-0.601	-0.1576	0.7835
		b:
			320.9235
			132.4023
			-384.7047
			-539.2537
			69.2482
			-120.637
			572.5337
			-267.4395
			151.3691
			-567.5337
			270.4395
			-145.3691
	==================================================================================
	Q4:
		Shape: Hybrid
		q_c:	357.5	497.5	171.5
		ub :	362.7294	500.9348	176.8354
		lb :	352.2706	494.0652	166.1646
		P^-1:
			0.1306	-0.0557	0.0462
			-0.0557	0.1991	-0.0371
			0.0462	-0.0371	0.0939
		A:
			-0.6902	0.6366	-0.3441
			-0.7433	0.3902	-0.5433
			-0.5285	0.5701	-0.6291
			-0.8817	0.2636	0.3912
			0.7495	-0.6599	0.0536
			0.296	0.8777	-0.3769
		b:
			12.0883
			-163.4788
			-11.9886
			-114.454
			-49.7477
			479.7208
	==================================================================================
	Q5:
		Shape: Polyhedra
		q_c:	356.5	500.5	182.0
		ub :	361.1585	505.8761	187.7123
		lb :	351.8415	495.1239	176.2877
		A:
			-0.6007	-0.7982	-0.0456
			0.8293	0.2869	-0.4794
			0.1201	-0.1165	0.9859
			0.5393	0.8108	0.2275
			-0.5185	-0.5878	-0.621
			0.8352	-0.5499	-0.011
			0.7983	0.2426	0.5512
			0.0401	-0.9347	0.3533
			0.6009	-0.2599	-0.7559
			-0.7983	-0.2426	-0.5512
			-0.0401	0.9347	-0.3533
			-0.6009	0.2599	0.7559
		b:
			-618.3993
			355.5009
			167.3833
			642.9412
			-588.9033
			24.0524
			509.3317
			-385.2147
			-49.9473
			-503.3317
			393.2147
			56.9473
	==================================================================================
	Q6:
		Shape: Hybrid
		q_c:	357.0	501.5	182.5
		ub :	361.2527	505.4779	186.8057
		lb :	352.7473	497.5221	178.1943
		P^-1:
			0.1248	0.0037	0.0216
			0.0037	0.1121	0.0058
			0.0216	0.0058	0.1453
		A:
			-0.2529	0.9571	0.1418
			-0.311	0.2542	-0.9158
			-0.1806	-0.964	0.1951
			-0.2101	0.9751	-0.071
			0.4352	0.6707	-0.6006
			-0.2018	-0.7876	-0.5822
		b:
			417.3026
			-149.2787
			-510.5654
			402.7815
			383.8713
			-571.7798


===========================================================================================
===========================================================================================
S11:
	q_c:	306.5	531.0	469.0
	ub :	313.4146	538.205	477.4922
	lb :	302.3636	524.2341	463.6906

	==================================================================================
	Q1:
		Shape: Ellipse
		q_c:	307.5	534.5	467.5
		ub :	309.4494	537.4169	470.0009
		lb :	305.5506	531.5831	464.9991
		P^-1:
			1.5177	-0.7798	-1.5934
			-0.7798	0.6551	1.0141
			-1.5934	1.0141	2.2372
	==================================================================================
	Q2:
		Shape: Hybrid
		q_c:	308.5	531.5	469.5
		ub :	312.1934	534.7547	473.2406
		lb :	304.8066	528.2453	465.7594
		P^-1:
			0.164	0.0173	0.0067
			0.0173	0.2348	0.0289
			0.0067	0.0289	0.1712
		A:
			0.2038	-0.9507	-0.2338
			0.8522	0.4441	0.2768
			-0.796	-0.4629	-0.39
			0.7805	-0.5724	-0.2514
			0.5041	-0.5898	-0.6308
			0.5118	-0.8584	-0.0358
		b:
			-551.0835
			630.1585
			-673.4694
			-180.0935
			-452.8449
			-313.8886
	==================================================================================
	Q3:
		Shape: Polyhedra
		q_c:	305.5	535.5	471.0
		ub :	308.6364	538.205	474.0305
		lb :	302.3636	532.795	467.9695
		A:
			0.5026	0.8568	0.1151
			-0.0173	0.9097	-0.4149
			-0.3522	0.3962	-0.8479
			-0.4397	0.771	-0.4607
			-0.1607	-0.985	-0.0624
			0.5355	0.8166	-0.2154
			0.8052	0.5477	0.2274
			0.4614	-0.3377	-0.8204
			-0.3725	0.7655	-0.5246
			-0.8052	-0.5477	-0.2274
			-0.4614	0.3377	0.8204
			0.3725	-0.7655	0.5246
		b:
			668.4532
			287.6775
			-293.3579
			62.6067
			-604.2876
			501.2064
			648.3862
			-423.773
			50.0681
			-644.3862
			428.773
			-48.0681
	==================================================================================
	Q4:
		Shape: Ellipse
		q_c:	308.0	528.0	467.5
		ub :	311.7588	531.7659	471.3094
		lb :	304.2412	524.2341	463.6906
		P^-1:
			0.1894	-0.0401	0.0131
			-0.0401	0.2148	-0.0178
			0.0131	-0.0178	0.1658
	==================================================================================
	Q5:
		Shape: Ellipse
		q_c:	310.5	529.0	469.0
		ub :	313.4146	531.8144	472.3348
		lb :	307.5854	526.1856	465.6652
		P^-1:
			0.25	0.0	-0.0
			0.0	0.25	0.0
			-0.0	0.0	0.25
	==================================================================================
	Q6:
		Shape: Polyhedra
		q_c:	309.5	532.5	474.0
		ub :	312.2846	535.6912	477.4922
		lb :	306.7154	529.3088	470.5078
		A:
			0.5101	-0.7777	-0.3675
			0.3904	-0.1507	0.9082
			-0.2535	0.695	-0.6729
			-0.1709	0.7986	0.5771
			0.8078	-0.1147	0.5782
			0.4918	-0.2068	0.8458
			0.2381	0.5525	0.7988
			-0.1565	0.8335	-0.5299
			-0.9585	0.0012	0.285
			-0.2381	-0.5525	-0.7988
			0.1565	-0.8335	0.5299
			0.9585	-0.0012	-0.285
		b:
			-428.2628
			473.3227
			-24.8524
			648.0027
			465.1471
			445.2572
			748.5314
			146.733
			-158.9667
			-744.5314
			-141.733
			162.9667


===========================================================================================
===========================================================================================
S12:
	q_c:	310.0	370.0	344.5
	ub :	318.512	377.5207	350.6297
	lb :	303.6846	363.2036	337.3436

	==================================================================================
	Q1:
		Shape: Polyhedra
		q_c:	308.0	370.5	344.0
		ub :	312.1497	374.6745	346.8135
		lb :	303.8503	366.3255	341.1865
		A:
			-0.6776	0.2332	-0.6975
			0.4168	-0.2652	-0.8694
			0.3335	-0.0936	0.9381
			0.4138	-0.3846	0.8251
			-0.4139	-0.4393	0.7973
			-0.7684	-0.5832	-0.2635
			0.7266	0.6774	0.1148
			0.6435	-0.6125	-0.4591
			-0.2407	0.4075	-0.8809
			-0.7266	-0.6774	-0.1148
			-0.6435	0.6125	0.4591
			0.2407	-0.4075	0.8809
		b:
			-360.3232
			-266.7024
			392.44
			270.3471
			-13.8602
			-540.4255
			517.251
			-184.1613
			-224.7161
			-511.251
			189.1613
			227.7161
	==================================================================================
	Q2:
		Shape: Ellipse
		q_c:	313.5	367.0	346.5
		ub :	315.9491	369.5408	348.5748
		lb :	311.0509	364.4592	344.4252
		P^-1:
			0.613	0.0995	-0.2824
			0.0995	0.2956	-0.0013
			-0.2824	-0.0013	0.7859
	==================================================================================
	Q3:
		Shape: Hybrid
		q_c:	309.0	369.5	340.5
		ub :	312.1642	372.1411	343.6564
		lb :	305.8358	366.8589	337.3436
		P^-1:
			0.2507	-0.0953	0.1122
			-0.0953	0.7363	-0.3612
			0.1122	-0.3612	0.4231
		A:
			0.1814	-0.3201	0.9299
			-0.012	0.9045	-0.4262
			0.9911	-0.0217	-0.131
			-0.8244	0.3889	-0.4113
			0.1434	-0.6541	0.7427
			0.5199	0.719	-0.4612
		b:
			255.509
			185.9617
			255.328
			-249.9194
			56.1362
			270.4288
	==================================================================================
	Q4:
		Shape: Hybrid
		q_c:	307.5	368.5	346.5
		ub :	310.6556	372.6523	350.6297
		lb :	304.3444	364.3477	342.3703
		P^-1:
			0.6716	-0.2101	-0.3856
			-0.2101	0.201	0.0976
			-0.3856	0.0976	0.3691
		A:
			-0.1252	0.8436	-0.5222
			0.7402	0.599	0.3055
			0.8198	0.0677	-0.5687
			0.1331	-0.7903	-0.5981
			-0.3008	0.9166	0.2633
			-0.9192	0.311	0.2414
		b:
			93.3912
			557.044
			80.8003
			-455.3755
			338.3713
			-83.5699
	==================================================================================
	Q5:
		Shape: Hybrid
		q_c:	307.0	366.5	341.0
		ub :	310.3154	369.7964	344.067
		lb :	303.6846	363.2036	337.933
		P^-1:
			0.3171	0.0445	-0.1082
			0.0445	0.1878	0.0111
			-0.1082	0.0111	0.3495
		A:
			-0.7528	-0.4661	0.4648
			-0.2317	0.0475	0.9716
			-0.2164	-0.9598	0.1785
			-0.0259	0.3517	-0.9358
			-0.1016	0.9492	0.2979
			-0.7784	-0.1832	-0.6004
		b:
			-242.5525
			278.4763
			-355.8146
			-196.9173
			419.8142
			-509.5299
	==================================================================================
	Q6:
		Shape: Polyhedra
		q_c:	315.5	374.0	347.5
		ub :	318.512	377.5207	350.1403
		lb :	312.488	370.4793	344.8597
		A:
			0.5179	-0.7798	0.3517
			0.6483	-0.5493	0.5273
			0.8432	-0.4919	0.2167
			0.221	0.9285	-0.2984
			-0.5896	0.7969	0.1313
			0.8853	0.1315	0.446
			0.384	0.8782	0.2851
			0.1091	0.2634	-0.9585
			-0.9169	0.3992	0.0053
			-0.384	-0.8782	-0.2851
			-0.1091	-0.2634	0.9585
			0.9169	-0.3992	-0.0053
		b:
			-3.9506
			184.3522
			159.3548
			315.6302
			159.7896
			485.6677
			551.1713
			-198.1237
			-136.1407
			-546.1713
			202.1237
			140.1407


===========================================================================================
===========================================================================================
S13:
	q_c:	468.0	218.5	167.0
	ub :	477.0526	234.8323	176.6904
	lb :	453.7462	206.7095	152.4884

	==================================================================================
	Q1:
		Shape: Hybrid
		q_c:	463.0	227.5	160.5
		ub :	471.7849	234.8323	168.5116
		lb :	454.2151	220.1677	152.4884
		P^-1:
			0.0308	0.0045	-0.0172
			0.0045	0.1015	-0.0631
			-0.0172	-0.0631	0.0881
		A:
			-0.08	-0.3486	0.9338
			0.9537	-0.2359	0.1866
