3D_35_11_6_a                l = 3

===========================================================================================
===========================================================================================
S1:
	q_c:	216.5	189.5	395.0
	ub :	227.6499	201.9251	405.0837
	lb :	205.6526	180.13	382.4125

	==================================================================================
	Q1:
		Shape: Hybrid
		q_c:	220.0	189.5	397.0
		ub :	225.6745	195.2904	402.4676
		lb :	214.3255	183.7096	391.5324
		P^-1:
			0.0694	0.0036	0.0103
			0.0036	0.0873	-0.0162
			0.0103	-0.0162	0.0986
		A:
			0.1151	0.568	-0.8149
			0.5869	0.3662	-0.7221
			-0.7913	0.5775	0.201
			0.6407	0.215	0.7371
			0.6513	0.083	0.7542
			0.8692	0.492	-0.0499
		b:
			-189.0037
			-86.1695
			17.6015
			476.153
			460.2595
			266.7907
	==================================================================================
	Q2:
		Shape: Polyhedra
		q_c:	210.5	195.5	389.0
		ub :	215.3474	201.9251	395.5875
		lb :	205.6526	189.0749	382.4125
		A:
			0.6382	0.7034	0.313
			0.3945	-0.9003	0.1837
			-0.8898	0.3561	-0.2853
			-0.6048	0.7628	0.2289
			-0.3888	0.8513	0.3523
			-0.6911	-0.1456	-0.7079
			0.0721	0.7155	0.6949
			-0.804	0.454	-0.384
			-0.5902	-0.5311	0.608
			-0.0721	-0.7155	-0.6949
			0.804	-0.454	0.384
			0.5902	0.5311	-0.608
		b:
			397.8076
			-18.4249
			-226.5571
			113.9439
			225.1233
			-446.3194
			429.3724
			-227.8664
			13.4412
			-421.3724
			231.8664
			-3.4412
	==================================================================================
	Q3:
		Shape: Ellipse
		q_c:	217.0	187.5	393.0
		ub :	220.8149	192.3886	397.9412
		lb :	213.1851	182.6114	388.0588
		P^-1:
			0.1929	-0.0234	-0.0427
			-0.0234	0.1585	0.0716
			-0.0427	0.0716	0.1211
	==================================================================================
	Q4:
		Shape: Ellipse
		q_c:	214.5	186.5	396.5
		ub :	220.6789	192.87	402.0703
		lb :	208.3211	180.13	390.9297
		P^-1:
			0.0724	-0.0095	-0.0008
			-0.0095	0.0717	0.0007
			-0.0008	0.0007	0.0626
	==================================================================================
	Q5:
		Shape: Hybrid
		q_c:	223.5	196.5	400.0
		ub :	227.6499	201.4386	404.2449
		lb :	219.3501	191.5614	395.7551
		P^-1:
			0.5201	0.2198	0.4104
			0.2198	0.1855	0.1715
			0.4104	0.1715	0.468
		A:
			0.3242	-0.0158	0.9459
			0.6746	0.0781	0.734
			-0.7238	-0.6545	-0.2184
			-0.3982	0.9112	-0.1056
			-0.2663	-0.3555	-0.8959
			-0.8331	-0.2831	-0.4752
		b:
			449.1301
			460.5044
			-376.4875
			50.9502
			-486.2247
			-431.1174
	==================================================================================
	Q6:
		Shape: Ellipse
		q_c:	216.5	192.0	398.5
		ub :	221.7209	198.004	405.0837
		lb :	211.2791	185.996	391.9163
		P^-1:
			0.1245	-0.0363	-0.0403
			-0.0363	0.0867	-0.0014
			-0.0403	-0.0014	0.0704


===========================================================================================
===========================================================================================
S2:
	q_c:	292.0	227.0	29.5
	ub :	311.8461	237.8099	46.3179
	lb :	279.3145	211.1138	16.0755

	==================================================================================
	Q1:
		Shape: Polyhedra
		q_c:	289.5	232.0	36.0
		ub :	294.9318	236.7641	42.3155
		lb :	284.0682	227.2359	29.6845
		A:
			0.5961	-0.7204	0.3545
			0.1134	0.9524	-0.2829
			-0.763	0.6462	0.0192
			0.6606	0.7213	0.2081
			0.8777	-0.2947	0.3779
			-0.5019	0.798	-0.3335
			0.334	0.5267	0.7817
			-0.5778	0.7696	-0.2717
			-0.7447	-0.3609	0.5614
			-0.334	-0.5267	-0.7817
			0.5778	-0.7696	0.2717
			0.7447	0.3609	-0.5614
		b:
			19.2781
			246.6994
			-68.4031
			370.5562
			201.9139
			28.9296
			251.5248
			2.4851
			-274.6179
			-242.5248
			-0.4851
			283.6179
	==================================================================================
	Q2:
		Shape: Hybrid
		q_c:	303.0	225.0	32.0
		ub :	311.8461	233.4282	38.5862
		lb :	294.1539	216.5718	25.4138
		P^-1:
			0.024	0.0092	-0.0012
			0.0092	0.0438	-0.0037
			-0.0012	-0.0037	0.042
		A:
			0.0457	-0.4182	0.9072
			0.1292	0.8808	0.4555
			-0.5221	-0.0358	0.8522
			0.7053	0.5999	0.3777
			-0.4786	-0.7534	-0.4509
			0.7773	0.6275	-0.0453
		b:
			-48.6433
			254.6143
			-135.8399
			363.8185
			-326.2924
			378.2906
	==================================================================================
	Q3:
		Shape: Polyhedra
		q_c:	295.0	227.0	37.5
		ub :	302.3588	233.7986	46.3179
		lb :	287.6412	220.2014	28.6821
		A:
			0.6783	-0.7321	0.062
			-0.446	0.8593	0.2503
			-0.6832	0.7294	-0.0345
			0.7467	0.5742	0.3359
			-0.8415	0.5159	0.1603
			0.8209	-0.5711	-0.0018
			0.7232	0.4108	0.5552
			-0.5846	0.7921	0.1756
			-0.3676	-0.4515	0.813
			-0.7232	-0.4108	-0.5552
			0.5846	-0.7921	-0.1756
			0.3676	0.4515	-0.813
		b:
			38.655
			75.0143
			-34.9235
			368.3468
			-122.317
			115.0692
			332.4153
			15.925
			-173.4593
			-322.4153
			-11.925
			187.4593
	==================================================================================
	Q4:
		Shape: Ellipse
		q_c:	288.5	223.5	39.0
		ub :	293.0145	228.4763	42.6758
		lb :	283.9855	218.5237	35.3242
		P^-1:
			0.1545	0.0414	-0.1407
			0.0414	0.0687	-0.074
			-0.1407	-0.074	0.3522
	==================================================================================
	Q5:
		Shape: Ellipse
		q_c:	286.5	216.5	27.0
		ub :	291.6297	221.8862	32.2526
		lb :	281.3703	211.1138	21.7474
		P^-1:
			0.1145	-0.0422	-0.0344
			-0.0422	0.1208	-0.0319
			-0.0344	-0.0319	0.134
	==================================================================================
	Q6:
		Shape: Ellipse
		q_c:	286.0	231.5	22.5
		ub :	292.6855	237.8099	28.9245
		lb :	279.3145	225.1901	16.0755
		P^-1:
			0.0574	-0.0086	0.0046
			-0.0086	0.0442	-0.0017
			0.0046	-0.0017	0.0339


===========================================================================================
===========================================================================================
S3:
	q_c:	114.0	298.5	99.5
	ub :	129.4807	317.8951	116.5824
	lb :	101.7557	285.6007	89.8659

	==================================================================================
	Q1:
		Shape: Polyhedra
		q_c:	123.0	302.0	98.0
		ub :	129.4807	310.2925	106.1341
		lb :	116.5193	293.7075	89.8659
		A:
			-0.0286	0.4784	-0.8777
			0.9972	-0.0043	0.0748
			-0.352	0.1132	-0.9291
			-0.8878	-0.3719	0.2712
			0.7322	0.6111	-0.3008
			0.75	-0.2708	-0.6034
			0.3054	0.7694	0.561
			-0.8291	-0.0748	0.554
			0.4682	-0.6344	0.6151
			-0.3054	-0.7694	-0.561
			0.8291	0.0748	-0.554
			-0.4682	0.6344	-0.6151
		b:
			59.8922
			132.6911
			-94.6263
			-191.5959
			249.0971
			-45.5318
			330.9053
			-67.7929
			-68.2051
			-318.9053
			72.7929
			79.2051
	==================================================================================
	Q2:
		Shape: Polyhedra
		q_c:	107.5	294.0	104.5
		ub :	113.2443	298.9555	111.4056
		lb :	101.7557	289.0445	97.5944
		A:
			0.1641	0.8119	0.5602
			-0.2379	-0.8256	-0.5116
			0.5106	0.8574	0.0651
			0.7325	0.6286	0.2616
			-0.6346	-0.7688	0.0784
			-0.0144	-0.9773	-0.2116
			0.4605	0.8384	0.2915
			-0.3154	0.4615	-0.8292
			-0.8297	0.2899	0.4769
			-0.4605	-0.8384	-0.2915
			0.3154	-0.4615	0.8292
			0.8297	-0.2899	-0.4769
		b:
			317.0464
			-319.8355
			315.6116
			292.9171
			-283.7808
			-308.4811
			327.9637
			20.6186
			49.8843
			-324.9637
			-9.6186
			-41.8843
	==================================================================================
	Q3:
		Shape: Hybrid
		q_c:	109.0	309.0	108.0
		ub :	115.5094	314.6572	114.8199
		lb :	102.4906	303.3428	101.1801
		P^-1:
			0.0634	0.0179	0.0187
			0.0179	0.0722	0.0238
			0.0187	0.0238	0.0742
		A:
			0.0292	0.7582	0.6514
			0.4808	0.8596	-0.1731
			0.3444	-0.9322	-0.1114
			-0.6655	-0.7437	0.0634
			0.5049	0.4488	0.7373
			-0.0073	0.9696	0.2445
		b:
			309.6793
			301.7695
			-259.8232
			-293.2076
			274.9223
			327.4726
	==================================================================================
	Q4:
		Shape: Hybrid
		q_c:	107.5	306.0	107.5
		ub :	113.2402	311.8129	113.0752
		lb :	101.7598	300.1871	101.9248
		P^-1:
			0.0409	0.0055	0.0019
			0.0055	0.0748	0.0124
			0.0019	0.0124	0.0553
		A:
			-0.2934	0.9392	-0.1785
			0.5901	0.2081	0.7801
			0.498	-0.0305	-0.8666
			-0.6887	-0.2289	-0.688
			0.6468	-0.3077	0.6978
			-0.6609	-0.0216	-0.7502
		b:
			239.0337
			213.5517
			-46.1901
			-215.3912
			53.3763
			-155.492
	==================================================================================
	Q5:
		Shape: Polyhedra
		q_c:	122.0	292.0	109.5
		ub :	128.9821	298.3993	116.5824
		lb :	115.0179	285.6007	102.4176
		A:
			0.0431	-0.1126	-0.9927
			0.355	-0.5199	-0.777
			-0.3301	0.5857	-0.7403
			-0.9249	-0.1533	0.348
			0.5169	0.5321	-0.6706
			0.0015	-0.2075	0.9782
			0.3605	0.6198	0.697
			0.7892	0.1956	-0.5821
			-0.4971	0.76	-0.4187
			-0.3605	-0.6198	-0.697
			-0.7892	-0.1956	0.5821
			0.4971	-0.76	0.4187
		b:
			-132.1415
			-189.362
			53.7195
			-115.0309
			149.4035
			50.9118
			305.2974
			94.1488
			119.4176
			-297.2974
			-85.1488
			-111.4176
	==================================================================================
	Q6:
		Shape: Ellipse
		q_c:	115.5	309.5	104.5
		ub :	123.8214	317.8951	110.6247
		lb :	107.1786	301.1049	98.3753
		P^-1:
			0.0365	-0.0067	-0.0002
			-0.0067	0.0272	-0.0005
			-0.0002	-0.0005	0.04


===========================================================================================
===========================================================================================
S4:
	q_c:	379.5	464.0	391.0
	ub :	399.7902	488.6961	411.9455
	lb :	357.8839	440.6546	372.8216

	==================================================================================
	Q1:
		Shape: Hybrid
		q_c:	370.5	455.0	401.5
		ub :	380.7253	463.5467	410.7119
		lb :	360.2747	446.4533	392.2881
		P^-1:
			0.0354	0.0092	-0.0207
			0.0092	0.0342	0.0059
			-0.0207	0.0059	0.0467
		A:
			-0.5483	-0.2644	0.7934
			-0.8274	0.5515	0.1064
			-0.441	0.6816	0.5839
			0.4812	0.8531	0.2018
			0.4665	0.6999	0.5409
			-0.6141	-0.6152	-0.4944
		b:
			-2.6605
			-7.7141
			384.2262
			650.4266
			711.8061
			-702.2057
	==================================================================================
	Q2:
		Shape: Polyhedra
		q_c:	373.5	469.0	384.0
		ub :	385.2564	480.0907	395.1784
		lb :	361.7436	457.9093	372.8216
		A:
			0.569	-0.4588	0.6824
			-0.0602	-0.5867	0.8076
			-0.4798	-0.3589	0.8006
			0.738	-0.2753	-0.6161
			0.5647	-0.2378	-0.7903
			0.317	-0.7863	-0.5303
			0.4471	0.2135	0.8687
			0.3489	-0.9358	0.0504
			0.8237	0.2805	-0.4928
			-0.4471	-0.2135	-0.8687
			-0.3489	0.9358	-0.0504
			-0.8237	-0.2805	0.4928
		b:
			268.0043
			20.1442
			-33.4509
			-83.328
			-196.9921
			-445.9529
			609.6598
			-281.2362
			255.9389
			-591.6598
			297.2362
			-243.9389
	==================================================================================
	Q3:
		Shape: Hybrid
		q_c:	394.0	463.5	385.0
		ub :	399.7902	469.6999	392.1688
		lb :	388.2098	457.3001	377.8312
		P^-1:
			0.1257	-0.0431	-0.0319
			-0.0431	0.0819	0.0042
			-0.0319	0.0042	0.048
		A:
			-0.7002	0.3794	0.6049
			0.8136	0.4348	-0.3861
			0.5314	-0.6012	0.5968
			-0.6814	0.2237	0.6969
			0.9417	-0.2757	-0.1929
			0.4766	0.0085	-0.8791
		b:
			134.6158
			375.7978
			163.3532
			105.5322
			170.3886
			-143.9617
	==================================================================================
	Q4:
		Shape: Hybrid
		q_c:	367.0	479.0	388.0
		ub :	376.1161	488.6961	395.2081
		lb :	357.8839	469.3039	380.7919
		P^-1:
			0.0334	0.0016	-0.0112
			0.0016	0.0284	0.0123
			-0.0112	0.0123	0.0542
		A:
			0.4589	0.3697	-0.8079
			0.9774	0.0524	0.2046
			-0.8852	-0.4336	0.1686
			0.5609	0.7848	-0.2637
			-0.0291	0.1921	0.9809
			0.6487	-0.5592	-0.5162
		b:
			35.0343
			467.1052
			-463.7363
			483.2382
			464.2874
			-227.095
	==================================================================================
	Q5:
		Shape: Hybrid
		q_c:	369.0	451.5	402.5
		ub :	379.0278	462.3454	411.9455
		lb :	358.9722	440.6546	393.0545
		P^-1:
			0.0495	0.0083	0.0286
			0.0083	0.02	-0.0069
			0.0286	-0.0069	0.0562
		A:
			0.1115	-0.4593	0.8813
			-0.7668	-0.6404	-0.0424
			-0.1765	-0.5646	0.8063
			-0.8155	0.2086	-0.5398
			0.7216	0.536	0.4381
			-0.069	0.6453	-0.7608
		b:
			191.2729
			-585.8398
			7.833
			-421.2165
			687.5928
			-36.9825
	==================================================================================
	Q6:
		Shape: Ellipse
		q_c:	368.0	452.5	393.5
		ub :	376.6278	461.0959	399.32
		lb :	359.3722	443.9041	387.68
		P^-1:
			0.043	0.0202	0.0103
			0.0202	0.0448	0.0124
			0.0103	0.0124	0.0669


===========================================================================================
===========================================================================================
S5:
	q_c:	460.5	50.5	266.5
	ub :	479.968	76.4999	287.7634
	lb :	431.095	29.4368	248.0336

	==================================================================================
	Q1:
		Shape: Polyhedra
		q_c:	467.0	37.5	275.5
		ub :	475.3156	45.5632	283.1442
		lb :	458.6844	29.4368	267.8558
		A:
			-0.5134	0.344	-0.7862
			-0.6747	-0.6447	0.3593
			0.1589	-0.9093	-0.3845
			-0.7263	0.6408	-0.2486
			-0.573	0.6385	0.5138
			0.7797	-0.5692	0.261
			0.0218	0.2026	0.979
			0.2992	0.933	-0.1998
			-0.9539	0.2973	-0.0402
			-0.0218	-0.2026	-0.979
			-0.2992	-0.933	0.1998
			0.9539	-0.2973	0.0402
		b:
			-436.8937
			-234.7515
			-59.9502
			-376.9986
			-95.4341
			421.4523
			294.0178
			124.6764
			-438.4285
			-281.0178
			-114.6764
			452.4285
	==================================================================================
	Q2:
		Shape: Polyhedra
		q_c:	472.5	40.5	267.0
		ub :	479.968	47.1647	274.9511
		lb :	465.032	33.8353	259.0489
		A:
			-0.7242	-0.2702	-0.6345
			0.3711	0.7469	-0.5517
			-0.4121	-0.1143	-0.904
			0.0819	-0.9276	0.3646
			-0.0026	0.5454	0.8382
			-0.2783	-0.9605	-0.0001
			0.0918	0.4341	0.8962
			-0.1237	0.898	-0.4223
			-0.9881	-0.0721	0.1361
			-0.0918	-0.4341	-0.8962
			0.1237	-0.898	0.4223
			0.9881	0.0721	-0.1361
		b:
			-516.3353
			63.0777
			-434.8226
			102.4813
			250.6371
			-165.6002
			306.2471
			-130.8073
			-426.933
			-294.2471
			138.8073
			439.933
	==================================================================================
	Q3:
		Shape: Hybrid
		q_c:	453.5	61.5	260.0
		ub :	464.4384	72.9891	270.1729
		lb :	442.5616	50.0109	249.8271
		P^-1:
			0.0273	0.0127	0.0044
			0.0127	0.0269	-0.0018
			0.0044	-0.0018	0.0219
		A:
			-0.6332	-0.1055	0.7668
			0.1512	0.6173	-0.7721
			0.1655	-0.4935	-0.8539
			-0.1997	-0.8154	0.5434
			0.3567	0.1492	-0.9222
			0.7811	0.6234	0.0359
		b:
			-89.2598
			-90.4727
			-171.8212
			4.0547
			-64.1254
			404.4584
	==================================================================================
	Q4:
		Shape: Polyhedra
		q_c:	459.5	44.0	278.0
		ub :	468.4566	54.2709	287.7634
		lb :	450.5434	33.7291	268.2366
		A:
			0.8651	0.1812	-0.4677
			0.7931	0.5829	-0.1769
			-0.7947	0.1851	0.5781
			-0.8548	-0.5144	0.0691
			-0.8255	-0.5524	0.1157
			-0.9766	-0.2068	-0.0593
			0.623	0.533	0.5725
			-0.3062	0.8397	-0.4485
			-0.7198	0.1041	0.6863
			-0.623	-0.533	-0.5725
			0.3062	-0.8397	0.4485
			0.7198	-0.1041	-0.6863
		b:
			280.1206
			346.1916
			-191.7014
			-391.1675
			-366.3024
			-469.4073
			473.8921
			-219.9193
			-130.8702
			-463.8921
			236.9193
			139.8702
	==================================================================================
	Q5:
		Shape: Ellipse
		q_c:	455.5	64.5	259.5
		ub :	468.1604	76.4999	269.6293
		lb :	442.8396	52.5001	249.3707
		P^-1:
			0.0209	0.0016	0.0127
			0.0016	0.0126	0.0023
			0.0127	0.0023	0.0311
	==================================================================================
	Q6:
		Shape: Ellipse
		q_c:	444.0	54.0	260.5
		ub :	456.905	63.0522	272.9664
		lb :	431.095	44.9478	248.0336
		P^-1:
			0.0152	0.0022	0.002
			0.0022	0.0231	0.0001
			0.002	0.0001	0.0121


===========================================================================================
===========================================================================================
S6:
	q_c:	308.0	78.0	234.5
	ub :	325.556	90.7653	252.8062
	lb :	293.8694	63.1657	224.4162

	==================================================================================
	Q1:
		Shape: Hybrid
		q_c:	316.5	80.0	239.0
		ub :	325.556	87.2944	247.8433
		lb :	307.444	72.7056	230.1567
		P^-1:
			0.0317	0.0194	0.0119
			0.0194	0.0666	0.0132
			0.0119	0.0132	0.0368
		A:
			0.2878	-0.926	-0.2445
			-0.0809	-0.5991	-0.7966
			0.0412	0.8581	0.5118
			-0.6748	-0.7279	-0.1212
			0.6886	0.2193	0.6912
			0.0065	0.9995	-0.0315
		b:
			-38.025
			-261.0371
			206.4914
			-298.4247
			403.647
			77.0471
	==================================================================================
	Q2:
		Shape: Hybrid
		q_c:	301.5	73.5	232.0
		ub :	307.7876	78.2934	239.5838
		lb :	295.2124	68.7066	224.4162
		P^-1:
			0.0361	-0.0117	0.0003
			-0.0117	0.0786	-0.0004
			0.0003	-0.0004	0.0178
		A:
			0.7466	0.6317	0.2088
			-0.0589	-0.6286	-0.7755
			0.3155	0.8872	-0.3367
			0.6611	-0.4063	0.6308
			-0.2645	0.942	0.2066
			-0.641	0.7584	0.1178
		b:
			323.5116
			-239.3295
			85.1819
			319.9222
			39.4435
			-107.885
	==================================================================================
	Q3:
		Shape: Ellipse
		q_c:	301.5	83.5	242.5
		ub :	305.8318	88.103	246.6466
		lb :	297.1682	78.897	238.3534
		P^-1:
			0.1471	-0.0138	0.0165
			-0.0138	0.1452	0.0177
			0.0165	0.0177	0.1389
	==================================================================================
	Q4:
		Shape: Hybrid
		q_c:	303.5	84.5	243.5
		ub :	307.7972	90.7653	250.0468
		lb :	299.2028	78.2347	236.9532
		P^-1:
			0.1306	-0.0603	-0.0474
			-0.0603	0.1301	0.0828
			-0.0474	0.0828	0.104
		A:
			0.643	-0.7604	-0.0918
			0.4025	-0.8136	-0.4196
			-0.617	-0.7868	-0.0117
			-0.7497	0.5733	0.3306
			-0.0877	-0.1528	-0.9844
			-0.5257	0.7389	0.4214
		b:
			110.5025
			-47.4673
			-253.4488
			-97.3539
			-276.1535
			6.6432
	==================================================================================
	Q5:
		Shape: Hybrid
		q_c:	307.5	71.0	245.0
		ub :	311.7456	78.8343	252.8062
		lb :	303.2544	63.1657	237.1938
		P^-1:
			0.081	-0.0055	-0.0009
			-0.0055	0.0328	0.0021
			-0.0009	0.0021	0.0287
		A:
			0.3434	-0.3995	0.85
			-0.9578	-0.174	-0.2286
			0.7971	0.3434	-0.4967
			-0.899	-0.2129	-0.3827
			0.9046	0.3898	0.1722
			-0.8944	0.1733	0.4124
		b:
			289.4417
			-360.7997
			150.7229
			-382.9157
			350.4524
			-159.4632
	==================================================================================
	Q6:
		Shape: Polyhedra
		q_c:	298.0	80.5	234.5
		ub :	302.1306	84.3656	238.2942
		lb :	293.8694	76.6344	230.7058
		A:
			-0.3828	0.106	0.9177
			0.4294	-0.8756	0.2211
			0.1518	0.1143	-0.9818
			0.4882	-0.7319	-0.4754
			-0.5345	0.8285	0.1668
			0.5189	0.3098	0.7967
			0.0215	0.8683	0.4956
			-0.0273	0.496	-0.8679
			-0.9994	0.0052	0.0344
			-0.0215	-0.8683	-0.4956
			0.0273	-0.496	0.8679
			0.9994	-0.0052	-0.0344
		b:
			112.6145
			112.3438
			-173.1426
			-21.6207
			-50.1667
			369.5468
			195.5364
			-169.2293
			-285.3324
			-189.5364
			174.2293
			293.3324


===========================================================================================
===========================================================================================
S7:
	q_c:	362.5	502.5	483.0
	ub :	367.3948	507.8836	488.9973
	lb :	357.6005	498.3153	478.3452

	==================================================================================
	Q1:
		Shape: Hybrid
		q_c:	360.5	501.5	486.0
		ub :	363.3995	503.9089	488.7617
		lb :	357.6005	499.0911	483.2383
		P^-1:
			0.3535	0.1793	0.1864
			0.1793	0.5607	0.323
			0.1864	0.323	0.5858
		A:
			0.578	-0.0147	0.8159
			-0.1779	0.7948	0.5802
			0.6284	0.5931	0.5033
			0.0931	-0.8349	-0.5425
			-0.6124	-0.2146	-0.7609
			0.3988	0.9093	0.1187
		b:
			598.5396
			617.3385
			769.2256
			-647.9494
			-697.3528
			658.4136
	==================================================================================
	Q2:
		Shape: Polyhedra
		q_c:	361.0	503.5	481.0
		ub :	363.6878	506.5555	483.6548
		lb :	358.3122	500.4445	478.3452
		A:
			0.5628	-0.1318	0.816
			-0.6203	-0.7722	0.1377
			0.0435	0.2575	-0.9653
			-0.2592	0.922	0.2877
			0.345	0.8915	-0.2935
			0.492	-0.3404	0.8013
			0.0124	0.5062	0.8623
			-0.4336	0.7798	-0.4515
			-0.901	-0.3683	0.2291
			-0.0124	-0.5062	-0.8623
			0.4336	-0.7798	0.4515
			0.901	0.3683	-0.2291
		b:
			531.1084
			-544.5433
			-317.1951
			510.7896
			434.2435
			393.5366
			675.626
			20.9506
			-398.4863
			-672.626
			-16.9506
			402.4863
	==================================================================================
	Q3:
		Shape: Ellipse
		q_c:	365.0	504.5	485.5
		ub :	367.3948	507.8836	488.9973
		lb :	362.6052	501.1164	482.0027
		P^-1:
			0.4167	0.0183	-0.0684
			0.0183	0.2043	-0.0536
			-0.0684	-0.0536	0.2334
	==================================================================================
	Q4:
		Shape: Hybrid
		q_c:	362.0	504.0	481.0
		ub :	365.0618	506.5432	483.3465
		lb :	358.9382	501.4568	478.6535
		P^-1:
			0.3659	0.314	-0.0463
			0.314	0.7085	-0.229
			-0.0463	-0.229	0.53
		A:
			0.8632	-0.4922	-0.1126
			0.2991	0.9286	-0.2194
			-0.7946	-0.1024	-0.5985
			0.2544	-0.6125	0.7484
			-0.2104	-0.0695	-0.9751
			-0.1064	-0.7404	-0.6637
		b:
			12.2237
			471.4037
			-625.9163
			144.3756
			-579.272
			-729.6768
	==================================================================================
	Q5:
		Shape: Hybrid
		q_c:	362.5	501.0	482.0
		ub :	365.1199	503.6847	484.005
		lb :	359.8801	498.3153	479.995
		P^-1:
			0.5274	-0.2332	-0.2367
			-0.2332	0.4543	0.1528
			-0.2367	0.1528	0.7128
		A:
			0.6483	0.2429	-0.7216
			-0.494	-0.523	0.6946
			-0.1245	-0.0551	-0.9907
			-0.2091	0.555	0.8051
			-0.13	0.506	0.8527
			-0.9687	-0.2303	-0.0921
		b:
			9.8187
			-105.212
			-549.4234
			591.0273
			618.11
			-509.6573
	==================================================================================
	Q6:
		Shape: Polyhedra
		q_c:	360.5	504.0	483.0
		ub :	362.0596	505.8029	484.7992
		lb :	358.9404	502.1971	481.2008
		A:
			0.74	0.0378	0.6716
			-0.4992	-0.1658	0.8504
			0.5177	0.7893	0.3301
			0.4504	0.6973	0.5577
			0.2589	0.4823	-0.8369
			0.8039	-0.3758	0.461
			0.363	0.416	0.8338
			-0.1896	0.9091	-0.3711
			-0.9123	-0.0233	0.4089
			-0.363	-0.416	-0.8338
			0.1896	-0.9091	0.3711
			0.9123	0.0233	-0.4089
		b:
			611.2611
			148.2915
			745.0204
			784.2022
			-66.5203
			324.2988
			744.2468
			212.0999
			-142.1684
			-742.2468
			-209.0999
			144.1684


===========================================================================================
===========================================================================================
S8:
	q_c:	173.0	127.5	272.0
	ub :	181.8107	136.3406	283.104
	lb :	163.3068	118.8427	262.9645

	==================================================================================
	Q1:
		Shape: Hybrid
		q_c:	170.5	130.0	269.5
		ub :	175.4518	135.0237	272.7034
		lb :	165.5482	124.9763	266.2966
		P^-1:
			0.1062	0.0439	-0.08
			0.0439	0.1598	-0.1426
			-0.08	-0.1426	0.3417
		A:
			0.2263	0.1201	-0.9666
			0.3086	-0.7777	0.5476
			-0.6041	-0.3812	0.6999
			0.604	0.4592	-0.6514
			-0.1899	-0.4675	0.8633
			0.152	-0.9875	0.0412
		b:
			-205.1648
			100.947
			37.2236
			-11.6849
			140.2662
			-88.9272
	==================================================================================
	Q2:
		Shape: Ellipse
		q_c:	170.0	129.5	276.5
		ub :	174.3243	134.0627	281.4358
		lb :	165.6757	124.9373	271.5642
		P^-1:
			0.0839	0.0034	0.007
			0.0034	0.1107	-0.0009
			0.007	-0.0009	0.1093
	==================================================================================
	Q3:
		Shape: Ellipse
		q_c:	173.5	125.0	268.0
		ub :	179.3039	131.1573	273.0355
		lb :	167.6961	118.8427	262.9645
		P^-1:
			0.0935	0.022	-0.013
			0.022	0.0611	-0.0015
			-0.013	-0.0015	0.0876
	==================================================================================
	Q4:
		Shape: Polyhedra
		q_c:	177.5	131.0	271.5
		ub :	181.8107	134.8671	275.5819
		lb :	173.1893	127.1329	267.4181
		A:
			-0.9802	-0.1722	-0.0977
			-0.9239	-0.218	-0.3145
			-0.0199	-0.7536	0.657
			-0.8236	-0.4091	0.3927
			-0.577	0.8128	-0.08
			-0.9502	-0.3069	0.0546
			0.5049	0.7054	0.4976
			0.5812	0.1483	-0.8001
			-0.6382	0.6932	-0.3351
			-0.5049	-0.7054	-0.4976
			-0.5812	-0.1483	0.8001
			0.6382	-0.6932	0.3351
		b:
			-220.5806
			-275.4361
			78.6179
			-90.6649
			-15.1519
			-191.5394
			319.6067
			-92.1194
			-110.9461
			-314.6067
			97.1194
			115.9461
	==================================================================================
	Q5:
		Shape: Polyhedra
		q_c:	171.0	129.0	274.5
		ub :	175.7481	134.8468	279.8984
		lb :	166.2519	123.1532	269.1016
		A:
			-0.8149	0.2539	-0.521
			-0.3257	-0.9383	-0.1159
			0.0033	0.2479	0.9688
			-0.5867	0.1105	0.8023
			-0.9928	0.1147	-0.0345
			-0.4395	-0.8368	0.3266
			0.5664	0.7377	0.3675
			-0.1277	0.5191	-0.8451
			-0.8142	0.4317	0.3882
			-0.5664	-0.7377	-0.3675
			0.1277	-0.5191	0.8451
			0.8142	-0.4317	-0.3882
		b:
			-246.2736
			-204.6672
			301.9293
			136.9943
			-161.4792
			-89.6682
			296.8829
			-183.3719
			25.5388
			-288.8829
			190.3719
			-20.5388
	==================================================================================
	Q6:
		Shape: Ellipse
		q_c:	168.5	132.5	278.0
		ub :	173.6932	136.3406	283.104
		lb :	163.3068	128.6594	272.896
		P^-1:
			0.0896	0.0107	0.0414
			0.0107	0.1183	0.0137
			0.0414	0.0137	0.1257


===========================================================================================
===========================================================================================
S9:
	q_c:	382.5	219.5	313.5
	ub :	392.8691	229.4527	323.7372
	lb :	374.2376	212.4646	304.9565

	==================================================================================
	Q1:
		Shape: Ellipse
		q_c:	384.0	216.5	314.0
		ub :	388.0277	220.5354	317.0054
		lb :	379.9723	212.4646	310.9946
		P^-1:
			0.1948	0.0074	-0.113
			0.0074	0.1318	0.0401
			-0.113	0.0401	0.3889
	==================================================================================
	Q2:
		Shape: Hybrid
		q_c:	384.5	225.5	319.5
		ub :	387.5453	229.4527	323.7372
		lb :	381.4547	221.5473	315.2628
		P^-1:
			0.7341	-0.3311	0.2366
			-0.3311	0.2871	-0.1258
			0.2366	-0.1258	0.201
		A:
			-0.8844	0.0607	-0.4628
			-0.7527	-0.6434	-0.1394
			0.9805	-0.1924	-0.0393
			0.1206	0.7153	0.6884
			-0.4185	-0.1781	-0.8906
			0.8274	-0.5534	-0.0953
		b:
			-473.1948
			-476.755
			322.206
			430.1067
			-483.5408
			163.945
	==================================================================================
	Q3:
		Shape: Ellipse
		q_c:	389.0	221.0	308.5
		ub :	392.8691	223.6948	312.0435
		lb :	385.1309	218.3052	304.9565
		P^-1:
			0.2641	0.0028	-0.1774
			0.0028	0.2506	-0.0379
			-0.1774	-0.0379	0.2615
	==================================================================================
	Q4:
		Shape: Polyhedra
		q_c:	386.0	218.5	314.0
		ub :	388.8275	221.8716	317.284
		lb :	383.1725	215.1284	310.716
		A:
			0.2575	-0.4143	-0.873
			0.9038	-0.4196	-0.0844
			-0.976	-0.1813	-0.1205
			0.1729	-0.1053	-0.9793
			0.6842	0.1457	0.7146
			-0.1128	-0.4619	-0.8797
			0.6798	0.2349	0.6947
			-0.7181	0.4052	0.5658
			-0.1486	-0.8835	0.4441
			-0.6798	-0.2349	-0.6947
			0.7181	-0.4052	-0.5658
			0.1486	0.8835	-0.4441
		b:
			-263.3613
			232.5938
			-452.4456
			-261.857
			521.8247
			-419.0
			533.3877
			-9.0202
			-108.4429
			-530.3877
			13.0202
			113.4429
	==================================================================================
	Q5:
		Shape: Polyhedra
		q_c:	382.5	216.0	309.5
		ub :	386.9178	218.7448	312.3555
		lb :	378.0822	213.2552	306.6445
		A:
			-0.0364	0.6654	0.7456
			0.6251	0.7131	-0.3174
			0.0034	0.9792	0.203
			0.6836	0.7217	-0.1088
			0.5011	0.6719	-0.5454
			-0.3595	0.5545	0.7505
			0.9799	0.1642	0.1135
			0.1111	-0.921	0.3734
			0.1659	-0.3533	-0.9207
			-0.9799	-0.1642	-0.1135
			-0.1111	0.921	-0.3734
			-0.1659	0.3533	0.9207
		b:
			362.5836
			297.8992
			277.413
			386.955
			170.5482
			216.5938
			449.3993
			-39.38
			-295.8268
			-441.3993
			42.38
			299.8268
	==================================================================================
	Q6:
		Shape: Polyhedra
		q_c:	378.0	224.0	315.5
		ub :	381.7624	228.6518	319.3833
		lb :	374.2376	219.3482	311.6167
		A:
			-0.3681	0.9293	0.0312
			-0.7877	-0.0393	0.6148
			0.9253	-0.2172	0.3109
			0.999	-0.0306	-0.034
			0.7728	0.4949	-0.3973
			0.1416	-0.8781	0.457
			0.4403	0.8542	0.2764
			-0.1858	0.3878	-0.9028
			-0.8784	0.3462	0.3295
			-0.4403	-0.8542	-0.2764
			0.1858	-0.3878	0.9028
			0.8784	-0.3462	-0.3295
		b:
			81.6293
			-110.438
			401.5174
			362.3551
			280.4376
			3.7997
			448.4854
			-265.6912
			-148.538
			-441.4854
			270.6912
			152.538


===========================================================================================
===========================================================================================
S10:
	q_c:	499.0	343.0	329.0
	ub :	517.2477	356.0721	346.1722
	lb :	485.3877	325.3814	318.2591

	==================================================================================
	Q1:
		Shape: Ellipse
		q_c:	494.5	336.0	338.0
		ub :	499.2963	342.3411	343.5215
		lb :	489.7037	329.6589	332.4785
		P^-1:
			0.283	0.1438	0.1026
			0.1438	0.1319	0.1057
			0.1026	0.1057	0.1684
	==================================================================================
	Q2:
		Shape: Hybrid
		q_c:	504.0	334.0	340.0
		ub :	512.6983	342.6186	346.0133
		lb :	495.3017	325.3814	333.9867
		P^-1:
			0.0369	0.0083	0.0072
			0.0083	0.0353	0.0053
			0.0072	0.0053	0.058
		A:
			0.7804	0.0241	0.6249
			-0.065	0.641	-0.7648
			-0.5628	0.0313	-0.826
			0.3429	-0.6234	0.7027
			0.357	0.5037	0.7867
			-0.2722	0.596	-0.7555
		b:
			616.4396
			-75.7001
			-551.7134
			206.714
			617.7402
			-191.9514
	==================================================================================
	Q3:
		Shape: Hybrid
		q_c:	503.5	336.5	332.0
		ub :	510.7373	343.6648	339.8363
		lb :	496.2627	329.3352	324.1637
		P^-1:
			0.0678	-0.0143	-0.0134
			-0.0143	0.0666	-0.0104
			-0.0134	-0.0104	0.0334
		A:
			-0.0928	0.5101	-0.8551
			0.4959	0.5611	0.6627
			0.6172	-0.4059	-0.674
			0.1743	-0.9798	-0.098
			-0.0686	-0.2528	0.9651
			0.3351	-0.9267	0.1703
		b:
			-155.7121
			663.071
			-46.8745
			-272.1059
			204.516
			-84.6902
	==================================================================================
	Q4:
		Shape: Polyhedra
		q_c:	490.0	349.5	339.5
		ub :	494.6123	356.0721	346.1722
		lb :	485.3877	342.9279	332.8278
		A:
			-0.8611	0.4391	0.2564
			0.6933	0.5788	-0.4293
			0.6516	-0.2414	-0.7191
			0.9054	-0.2509	-0.3425
			0.7863	-0.1429	-0.601
			0.136	0.206	0.9691
			0.3252	0.7956	0.5112
			-0.3641	0.6042	-0.7088
			-0.8728	0.0444	0.4861
			-0.3252	-0.7956	-0.5112
			0.3641	-0.6042	0.7088
			0.8728	-0.0444	-0.4861
		b:
			-178.7232
			399.3777
			-7.0996
			241.6273
			132.952
			472.0311
			614.9484
			-202.3389
			-245.5943
			-606.9484
			213.3389
			248.5943
	==================================================================================
	Q5:
		Shape: Ellipse
		q_c:	509.0	346.0	334.5
		ub :	517.2477	353.9337	341.9851
		lb :	500.7523	338.0663	327.0149
		P^-1:
			0.0299	-0.0057	0.0026
			-0.0057	0.0679	-0.0395
			0.0026	-0.0395	0.0742
	==================================================================================
	Q6:
		Shape: Polyhedra
		q_c:	498.0	343.0	326.5
		ub :	505.7547	349.3949	334.7409
		lb :	490.2453	336.6051	318.2591
		A:
			-0.8241	0.5658	0.0269
			0.5972	-0.6313	0.4948
			0.5543	-0.8311	-0.0449
			-0.802	0.597	0.0187
			-0.5605	-0.047	0.8268
			0.6743	-0.7364	-0.0549
			0.62	0.5231	0.5848
			-0.5021	-0.3082	0.808
			0.6029	-0.7946	0.0716
			-0.62	-0.5231	-0.5848
			0.5021	0.3082	-0.808
			-0.6029	0.7946	-0.0716
		b:
			-205.1522
			245.4769
			-21.9694
			-186.3284
			-20.3977
			66.9873
			686.1128
			-86.9232
			52.5997
			-672.1128
			96.9232
			-49.5997


===========================================================================================
===========================================================================================
S11:
	q_c:	184.5	452.0	212.5
	ub :	209.8891	480.7081	239.9638
	lb :	165.4747	428.6737	192.6354

	==================================================================================
	Q1:
		Shape: Ellipse
		q_c:	196.5	456.0	203.0
		ub :	203.3185	467.6747	213.3646
		lb :	189.6815	444.3253	192.6354
		P^-1:
			0.0237	-0.0001	-0.0002
			-0.0001	0.0103	-0.0013
			-0.0002	-0.0013	0.0153
	==================================================================================
	Q2:
		Shape: Polyhedra
		q_c:	183.0	440.5	221.5
		ub :	194.3852	452.3263	232.7449
		lb :	171.6148	428.6737	210.2551
		A:
			0.5091	-0.0482	0.8594
			-0.4241	0.6556	-0.6248
			-0.4726	0.4859	0.7352
			0.4874	-0.8255	-0.2845
			0.3076	-0.8571	-0.4132
			0.3644	-0.8693	0.3339
			0.2108	0.621	0.7549
			0.9744	-0.1953	-0.1115
			0.0782	0.7591	-0.6463
			-0.2108	-0.621	-0.7549
			-0.9744	0.1953	0.1115
			-0.0782	-0.7591	0.6463
		b:
			270.001
			80.4591
			298.7624
			-329.0717
			-404.786
			-234.6123
			486.852
			77.1029
			212.531
			-471.852
			-58.1029
			-198.531
	==================================================================================
	Q3:
		Shape: Hybrid
		q_c:	183.5	440.0	224.0
		ub :	191.3551	446.3377	227.7613
		lb :	175.6449	433.6623	220.2387
		P^-1:
			0.0492	-0.0406	-0.0187
			-0.0406	0.0856	-0.0049
			-0.0187	-0.0049	0.1568
		A:
			0.958	0.0785	-0.2757
			0.2228	-0.9635	0.1487
			-0.346	0.2348	0.9084
			0.0521	-0.9402	-0.3366
			0.8166	-0.2157	0.5353
			0.1582	-0.9866	-0.039
		b:
			153.1828
			-347.4354
			244.6071
			-476.4521
			178.5879
			-411.1476
	==================================================================================
	Q4:
		Shape: Ellipse
		q_c:	173.5	456.5	215.0
		ub :	181.5253	466.2397	224.9706
		lb :	165.4747	446.7603	205.0294
		P^-1:
			0.0624	0.0096	-0.0238
			0.0096	0.0329	-0.0155
			-0.0238	-0.0155	0.0351
	==================================================================================
	Q5:
		Shape: Ellipse
		q_c:	197.5	469.0	229.0
		ub :	209.8891	480.7081	239.9638
		lb :	185.1109	457.2919	218.0362
		P^-1:
			0.0196	-0.0007	0.001
			-0.0007	0.0197	0.0009
			0.001	0.0009	0.0192
	==================================================================================
	Q6:
		Shape: Ellipse
		q_c:	174.5	451.5	219.0
		ub :	177.9788	458.6	225.1619
		lb :	171.0212	444.4	212.8381
		P^-1:
			0.4084	-0.0736	-0.0896
			-0.0736	0.0552	-0.006
			-0.0896	-0.006	0.0903


===========================================================================================
===========================================================================================
