3D_30_7_6_d                l = 3

===========================================================================================
===========================================================================================
S1:
	q_c:	487.0	167.5	498.5
	ub :	510.1795	190.377	512.9942
	lb :	468.8233	149.1184	477.828

	==================================================================================
	Q1:
		Shape: Hybrid
		q_c:	477.0	165.0	503.5
		ub :	485.1767	170.9822	512.9942
		lb :	468.8233	159.0178	494.0058
		P^-1:
			0.0591	-0.0058	0.0212
			-0.0058	0.074	-0.0092
			0.0212	-0.0092	0.0266
		A:
			0.0036	0.9704	0.2414
			0.0446	0.9556	0.2913
			-0.9888	0.0079	-0.1488
			0.0611	-0.9918	-0.1121
			0.9206	-0.3645	0.1399
			0.7665	-0.0533	0.6401
		b:
			285.9484
			328.323
			-542.7086
			-188.6605
			451.9055
			681.4979
	==================================================================================
	Q2:
		Shape: Ellipse
		q_c:	496.5	157.0	492.0
		ub :	503.1356	164.8816	499.2879
		lb :	489.8644	149.1184	484.7121
		P^-1:
			0.0492	-0.0008	-0.0017
			-0.0008	0.0465	-0.0062
			-0.0017	-0.0062	0.0362
	==================================================================================
	Q3:
		Shape: Hybrid
		q_c:	479.5	182.0	495.0
		ub :	483.2519	190.377	502.3304
		lb :	475.7481	173.623	487.6696
		P^-1:
			0.4191	-0.0885	-0.0481
			-0.0885	0.0374	0.01
			-0.0481	0.01	0.0294
		A:
			-0.6749	0.5739	-0.4638
			0.9426	-0.3338	0.0076
			-0.7937	0.4107	-0.4487
			-0.9822	0.1228	0.1421
			-0.9002	0.3998	-0.1725
			-0.7649	0.2711	0.5843
		b:
			-444.6846
			396.1414
			-524.5946
			-377.3779
			-442.307
			-25.4438
	==================================================================================
	Q4:
		Shape: Polyhedra
		q_c:	497.0	162.5	489.5
		ub :	504.6253	172.5965	498.0678
		lb :	489.3747	152.4035	480.9322
		A:
			-0.6406	0.5235	-0.5618
			-0.0481	0.5762	-0.8159
			0.7121	-0.2584	0.6528
			-0.3584	0.8246	-0.4376
			-0.786	-0.5725	0.2335
			-0.832	-0.2938	-0.4706
			0.9975	0.0702	0.0122
			0.014	-0.3608	0.9325
			0.0699	-0.93	-0.3609
			-0.9975	-0.0702	-0.0122
			-0.014	0.3608	-0.9325
			-0.0699	0.93	0.3609
		b:
			-501.6648
			-323.4923
			637.9919
			-251.3681
			-362.3593
			-684.5597
			520.1214
			410.7877
			-285.051
			-506.1214
			-398.7877
			301.051
	==================================================================================
	Q5:
		Shape: Hybrid
		q_c:	480.5	162.5	503.0
		ub :	486.7202	168.6833	508.5848
		lb :	474.2798	156.3167	497.4152
		P^-1:
			0.0985	0.0095	-0.0508
			0.0095	0.0634	-0.0197
			-0.0508	-0.0197	0.1099
		A:
			-0.5379	-0.1397	0.8313
			0.2963	0.2931	0.909
			-0.6046	0.3186	0.73
			0.4778	0.7995	-0.3641
			0.8106	-0.264	0.5227
			-0.807	-0.361	-0.4673
		b:
			138.3034
			650.1882
			130.2349
			178.4716
			612.4684
			-678.3765
	==================================================================================
	Q6:
		Shape: Ellipse
		q_c:	501.5	162.0	487.0
		ub :	510.1795	166.4732	496.172
		lb :	492.8205	157.5268	477.828
		P^-1:
			0.0516	-0.0018	-0.0336
			-0.0018	0.0815	-0.002
			-0.0336	-0.002	0.044


===========================================================================================
===========================================================================================
S2:
	q_c:	255.0	38.5	370.0
	ub :	277.9955	56.6552	386.8145
	lb :	235.4135	12.9336	355.762

	==================================================================================
	Q1:
		Shape: Hybrid
		q_c:	265.0	33.0	377.0
		ub :	277.9955	46.0429	386.8145
		lb :	252.0045	19.9571	367.1855
		P^-1:
			0.0193	0.0026	-0.0142
			0.0026	0.0133	-0.0053
			-0.0142	-0.0053	0.0415
		A:
			0.865	0.2194	-0.4513
			0.1913	0.3673	-0.9102
			0.874	-0.4821	-0.0616
			-0.2789	0.1764	0.944
			0.6804	0.4445	-0.5826
			0.4143	-0.3738	-0.8298
		b:
			70.4815
			-277.4508
			198.7976
			290.8847
			-21.1019
			-211.5801
	==================================================================================
	Q2:
		Shape: Polyhedra
		q_c:	256.0	22.5	366.5
		ub :	266.0244	32.0664	375.2032
		lb :	245.9756	12.9336	357.7968
		A:
			0.5127	-0.8586	-0.0044
			-0.4426	0.0829	0.8929
			0.7213	-0.5131	-0.4654
			0.3644	-0.6323	0.6837
			-0.0923	-0.4758	0.8747
			0.887	0.2737	0.3718
			0.5363	0.8105	0.2356
			0.5877	-0.1582	-0.7934
			-0.6058	0.564	-0.5612
			-0.5363	-0.8105	-0.2356
			-0.5877	0.1582	0.7934
			0.6058	-0.564	0.5612
		b:
			116.0139
			220.819
			7.7051
			335.1477
			291.6287
			375.9492
			248.8791
			-138.8876
			-342.5738
			-234.8791
			148.8876
			353.5738
	==================================================================================
	Q3:
		Shape: Polyhedra
		q_c:	243.0	33.0	373.5
		ub :	250.5865	41.8244	382.1776
		lb :	235.4135	24.1756	364.8224
		A:
			0.6918	-0.3034	0.6553
			-0.4989	-0.8245	-0.267
			-0.5298	0.4816	-0.6981
			0.9809	0.1752	-0.0844
			0.2248	-0.7195	0.6571
			-0.7931	0.5042	-0.3418
			0.1987	0.7849	0.5869
			-0.9589	0.2794	-0.0489
			-0.2023	-0.5531	0.8081
			-0.1987	-0.7849	-0.5869
			0.9589	-0.2794	0.0489
			0.2023	0.5531	-0.8081
		b:
			408.9383
			-243.5116
			-366.982
			218.3231
			283.3961
			-297.8778
			297.4179
			-236.5529
			241.9282
			-289.4179
			247.5529
			-226.9282
	==================================================================================
	Q4:
		Shape: Ellipse
		q_c:	245.5	31.5	368.5
		ub :	252.8503	39.6007	376.6213
		lb :	238.1497	23.3993	360.3787
		P^-1:
			0.0463	0.0039	0.0056
			0.0039	0.0339	0.0029
			0.0056	0.0029	0.03
	==================================================================================
	Q5:
		Shape: Hybrid
		q_c:	261.5	44.5	377.0
		ub :	269.8279	52.8576	384.6984
		lb :	253.1721	36.1424	369.3016
		P^-1:
			0.0433	0.0062	-0.0036
			0.0062	0.0432	0.0038
			-0.0036	0.0038	0.0307
		A:
			0.1971	0.8801	-0.432
			0.0193	0.9566	0.2909
			-0.7916	0.4599	-0.4024
			0.6079	0.5594	0.5635
			0.2587	-0.8946	0.3644
			-0.7008	0.0519	-0.7115
		b:
			-69.283
			159.8056
			-334.8795
			399.0099
			168.4224
			-445.7293
	==================================================================================
	Q6:
		Shape: Polyhedra
		q_c:	244.5	50.5	361.0
		ub :	250.5283	56.6552	366.238
		lb :	238.4717	44.3448	355.762
		A:
			0.5855	-0.1698	-0.7927
			0.0152	0.9923	0.1231
			-0.029	0.7308	-0.682
			-0.656	0.3438	0.6719
			-0.1313	-0.5693	0.8116
			0.1557	0.4735	0.8669
			0.5524	0.626	0.5504
			0.5299	0.246	-0.8116
			-0.6435	0.74	-0.1958
			-0.5524	-0.626	-0.5504
			-0.5299	-0.246	0.8116
			0.6435	-0.74	0.1958
		b:
			-149.1604
			102.652
			-213.8311
			102.153
			234.4035
			379.785
			370.8712
			-149.0062
			-187.6634
			-359.8712
			153.0062
			193.6634


===========================================================================================
===========================================================================================
S3:
	q_c:	281.5	420.0	28.5
	ub :	289.038	433.1686	39.7031
	lb :	270.6956	408.2501	16.2103

	==================================================================================
	Q1:
		Shape: Ellipse
		q_c:	282.0	428.0	22.5
		ub :	288.247	432.4564	28.7897
		lb :	275.753	423.5436	16.2103
		P^-1:
			0.0917	-0.0731	-0.0265
			-0.0731	0.2019	0.0381
			-0.0265	0.0381	0.0683
	==================================================================================
	Q2:
		Shape: Polyhedra
		q_c:	282.0	422.5	31.0
		ub :	286.7648	427.7359	34.4785
		lb :	277.2352	417.2641	27.5215
		A:
			0.9539	0.2644	0.1423
			-0.4083	-0.5664	0.7159
			-0.6855	-0.5619	-0.463
			0.3711	0.8182	0.4392
			-0.5334	-0.1761	-0.8273
			0.3331	0.6928	0.6396
			0.4426	0.4293	0.7873
			-0.4965	0.8484	-0.1836
			-0.7468	-0.3096	0.5886
			-0.4426	-0.4293	-0.7873
			0.4965	-0.8484	0.1836
			0.7468	0.3096	-0.5886
		b:
			387.4701
			-329.3063
			-443.3495
			466.3646
			-248.5764
			408.4456
			332.0945
			217.2692
			-320.6529
			-329.0945
			-208.2692
			325.6529
	==================================================================================
	Q3:
		Shape: Polyhedra
		q_c:	280.0	415.0	25.0
		ub :	286.4374	421.7499	30.4908
		lb :	273.5626	408.2501	19.5092
		A:
			0.2136	0.7729	-0.5976
			-0.1862	0.6552	-0.7321
			0.1687	-0.982	0.085
			-0.1083	0.9498	-0.2935
			0.2785	0.1339	-0.9511
			-0.7385	0.673	-0.0403
			0.7955	0.5666	0.2148
			0.6014	-0.6952	-0.3936
			-0.0736	0.4423	-0.8938
			-0.7955	-0.5666	-0.2148
			-0.6014	0.6952	0.3936
			0.0736	-0.4423	0.8938
		b:
			369.6416
			204.9617
			-354.4939
			360.2362
			113.1766
			74.7601
			468.7383
			-126.9657
			144.1031
			-457.7383
			132.9657
			-137.1031
	==================================================================================
	Q4:
		Shape: Polyhedra
		q_c:	283.5	425.0	34.5
		ub :	288.7268	430.7986	39.7031
		lb :	278.2732	419.2014	29.2969
		A:
			-0.8871	-0.3363	0.316
			0.2122	0.3707	-0.9042
			0.9594	0.0183	0.2816
			0.0229	0.3704	0.9286
			-0.1896	0.2485	0.9499
			0.3134	0.7039	-0.6375
			0.2421	0.834	0.4959
			0.5923	0.2778	-0.7563
			-0.7685	0.4768	-0.4267
			-0.2421	-0.834	-0.4959
			-0.5923	-0.2778	0.7563
			0.7685	-0.4768	0.4267
		b:
			-380.8564
			188.9768
			293.2645
			199.3718
			87.6515
			368.6401
			444.1649
			261.8947
			-25.9514
			-436.1649
			-257.8947
			33.9514
	==================================================================================
	Q5:
		Shape: Ellipse
		q_c:	285.0	422.5	23.0
		ub :	289.038	424.6735	27.9699
		lb :	280.962	420.3265	18.0301
		P^-1:
			0.0822	0.0182	0.0055
			0.0182	0.4388	0.0427
			0.0055	0.0427	0.0544
	==================================================================================
	Q6:
		Shape: Hybrid
		q_c:	276.5	427.5	32.0
		ub :	282.3044	433.1686	37.2119
		lb :	270.6956	421.8314	26.7881
		P^-1:
			0.1113	-0.0506	-0.0302
			-0.0506	0.1074	-0.0314
			-0.0302	-0.0314	0.1413
		A:
			-0.5131	0.3086	0.8009
			0.6965	-0.5725	-0.4327
			0.6973	-0.3551	0.6226
			-0.9841	0.1346	-0.116
			0.648	-0.7325	-0.2086
			-0.506	0.8625	-0.007
		b:
			17.0568
			-64.7331
			62.8443
			-215.9838
			-139.3149
			230.073


===========================================================================================
===========================================================================================
S4:
	q_c:	407.5	487.5	47.0
	ub :	433.856	505.8934	71.9614
	lb :	387.7392	470.5767	22.8838

	==================================================================================
	Q1:
		Shape: Polyhedra
		q_c:	415.5	492.0	62.0
		ub :	424.6823	499.6733	68.2654
		lb :	406.3177	484.3267	55.7346
		A:
			-0.0462	-0.8861	0.4612
			-0.2254	-0.7714	-0.5951
			0.4608	-0.8819	-0.0992
			-0.0932	0.2131	0.9726
			-0.3624	0.6311	0.6858
			-0.3859	0.3125	-0.868
			0.9465	0.2892	0.1435
			0.32	-0.8992	-0.2985
			0.0427	0.3284	-0.9436
			-0.9465	-0.2892	-0.1435
			-0.32	0.8992	0.2985
			-0.0427	-0.3284	0.9436
		b:
			-422.057
			-504.4591
			-243.9571
			130.5971
			206.8908
			-55.5212
			552.4195
			-323.4567
			124.8305
			-536.4195
			332.4567
			-116.8305
	==================================================================================
	Q2:
		Shape: Ellipse
		q_c:	416.5	490.0	53.0
		ub :	424.6354	497.7357	60.9845
		lb :	408.3646	482.2643	45.0155
		P^-1:
			0.0388	-0.0163	-0.0007
			-0.0163	0.0511	0.0027
			-0.0007	0.0027	0.0241
	==================================================================================
	Q3:
		Shape: Ellipse
		q_c:	425.5	490.5	29.0
		ub :	433.856	501.0352	35.1162
		lb :	417.144	479.9648	22.8838
		P^-1:
			0.0391	0.013	0.0107
			0.013	0.0232	0.0249
			0.0107	0.0249	0.1011
	==================================================================================
	Q4:
		Shape: Polyhedra
		q_c:	407.5	475.0	45.5
		ub :	419.5052	479.4233	55.4756
		lb :	395.4948	470.5767	35.5244
		A:
			0.5425	-0.8346	0.0958
			0.1204	0.8741	0.4705
			0.1541	0.714	-0.683
			0.108	-0.3005	0.9476
			0.0446	0.9065	0.4199
			0.2296	-0.9475	0.2227
			0.915	0.0818	0.395
			-0.3949	-0.0181	0.9185
			0.0823	-0.9965	0.0157
			-0.915	-0.0818	-0.395
			0.3949	0.0181	-0.9185
			-0.0823	0.9965	-0.0157
		b:
			-165.3991
			490.9871
			376.1086
			-48.4915
			472.64
			-342.2113
			439.7018
			-121.2243
			-435.5836
			-419.7018
			134.2243
			442.5836
	==================================================================================
	Q5:
		Shape: Ellipse
		q_c:	415.5	492.0	57.0
		ub :	430.9401	504.6549	71.9614
		lb :	400.0599	479.3451	42.0386
		P^-1:
			0.013	0.0032	0.0029
			0.0032	0.0156	0.0034
			0.0029	0.0034	0.013
	==================================================================================
	Q6:
		Shape: Ellipse
		q_c:	398.0	496.5	42.0
		ub :	408.2608	505.8934	49.5448
		lb :	387.7392	487.1066	34.4552
		P^-1:
			0.0267	-0.0032	0.021
			-0.0032	0.0646	0.0588
			0.021	0.0588	0.121


===========================================================================================
===========================================================================================
S5:
	q_c:	147.5	175.5	251.0
	ub :	166.3251	197.4129	273.0757
	lb :	121.7383	156.9012	236.3156

	==================================================================================
	Q1:
		Shape: Polyhedra
		q_c:	141.5	163.5	245.5
		ub :	148.0138	170.0988	251.2322
		lb :	134.9862	156.9012	239.7678
		A:
			-0.9555	0.1739	-0.2384
			-0.3333	0.8367	-0.4346
			0.3084	-0.3544	0.8828
			-0.5116	-0.1781	-0.8406
			-0.4729	-0.8574	0.2029
			-0.2407	0.8288	-0.5051
			0.7367	0.6648	0.124
			0.5597	-0.4966	-0.6634
			-0.3794	0.5581	-0.7379
			-0.7367	-0.6648	-0.124
			-0.5597	0.4966	0.6634
			0.3794	-0.5581	0.7379
		b:
			-161.5054
			-13.4845
			205.9601
			-304.1179
			-153.3857
			-18.9665
			247.3626
			-160.8534
			-140.1061
			-239.3626
			168.8534
			147.1061
	==================================================================================
	Q2:
		Shape: Polyhedra
		q_c:	133.5	175.5	261.5
		ub :	145.2617	182.5882	273.0757
		lb :	121.7383	168.4118	249.9243
		A:
			0.7922	-0.1432	0.5932
			0.8592	-0.2925	0.4197
			0.6968	0.3162	-0.6439
			0.7519	0.5213	0.4036
			0.4061	0.2765	0.871
			0.5161	0.3245	0.7927
			0.5225	0.6203	0.5849
			-0.4198	0.7843	-0.4568
			-0.7421	-0.0068	0.6702
			-0.5225	-0.6203	-0.5849
			0.4198	-0.7843	0.4568
			0.7421	0.0068	-0.6702
		b:
			240.9738
			178.8812
			-10.6979
			302.941
			335.9905
			338.2711
			336.5856
			-32.8478
			84.4887
			-326.5856
			42.8478
			-65.4887
	==================================================================================
	Q3:
		Shape: Polyhedra
		q_c:	157.5	178.5	257.5
		ub :	166.3251	186.629	264.0243
		lb :	148.6749	170.371	250.9757
		A:
			0.9344	-0.3152	-0.1661
			0.945	-0.3252	0.0343
			0.8229	-0.1633	-0.5442
			0.3039	-0.0371	0.952
			-0.9311	0.2516	-0.2642
			0.2119	0.2631	0.9412
			0.6824	0.712	0.1658
			0.6611	-0.6978	0.2759
			0.3121	-0.0787	-0.9468
			-0.6824	-0.712	-0.1658
			-0.6611	0.6978	-0.2759
			-0.3121	0.0787	0.9468
		b:
			52.793
			104.3191
			-34.9194
			291.1219
			-164.8405
			327.8796
			284.2411
			54.5983
			-204.191
			-270.2411
			-46.5983
			213.191
	==================================================================================
	Q4:
		Shape: Ellipse
		q_c:	148.0	190.5	245.0
		ub :	153.6765	197.4129	253.2381
		lb :	142.3235	183.5871	236.7619
		P^-1:
			0.0618	-0.0022	-0.0048
			-0.0022	0.0558	-0.0145
			-0.0048	-0.0145	0.0311
	==================================================================================
	Q5:
		Shape: Hybrid
		q_c:	136.5	175.0	241.5
		ub :	144.526	181.2073	246.6844
		lb :	128.474	168.7927	236.3156
		P^-1:
			0.0259	-0.0174	0.0014
			-0.0174	0.0749	-0.0059
			0.0014	-0.0059	0.0506
		A:
			0.4028	-0.9121	-0.0766
			0.663	-0.0557	-0.7465
			0.3025	-0.5492	0.779
			-0.1402	-0.6485	0.7482
			-0.5313	0.4898	-0.6912
			-0.0665	-0.9978	-0.0025
		b:
			-121.249
			-95.7398
			135.5922
			50.7092
			-151.0578
			-181.8667
	==================================================================================
	Q6:
		Shape: Polyhedra
		q_c:	152.0	174.0	260.0
		ub :	158.9874	181.1693	267.3507
		lb :	145.0126	166.8307	252.6493
		A:
			-0.306	-0.9428	0.132
			-0.0119	0.9994	0.0338
			-0.3261	0.2229	-0.9187
			0.0032	0.9943	0.1063
			-0.6326	-0.5665	0.5281
			-0.5154	-0.6322	0.5785
			0.7787	0.5919	0.2079
			-0.5243	0.4319	0.7339
			0.3446	-0.6805	0.6467
			-0.7787	-0.5919	-0.2079
			0.5243	-0.4319	-0.7339
			-0.3446	0.6805	-0.6467
		b:
			-172.4829
			185.0857
			-245.3971
			205.4054
			-53.2466
			-33.8095
			278.9191
			191.767
			106.1221
			-271.9191
			-180.767
			-98.1221


===========================================================================================
===========================================================================================
S6:
	q_c:	419.5	176.5	88.5
	ub :	431.0347	190.3196	104.8622
	lb :	402.7608	163.7803	83.2018

	==================================================================================
	Q1:
		Shape: Hybrid
		q_c:	418.0	173.0	93.0
		ub :	425.9365	180.644	96.9792
		lb :	410.0635	165.356	89.0208
		P^-1:
			0.075	0.0139	-0.1221
			0.0139	0.0563	-0.0787
			-0.1221	-0.0787	0.3862
		A:
			-0.2048	-0.516	-0.8317
			-0.2954	0.1402	0.945
			0.1998	-0.2419	-0.9495
			-0.4236	-0.1962	0.8844
			-0.8159	-0.4811	0.3207
			-0.3561	0.3734	0.8566
		b:
			-247.8344
			-9.7828
			-44.4942
			-127.8678
			-390.1814
			-2.2644
	==================================================================================
	Q2:
		Shape: Hybrid
		q_c:	423.0	170.5	97.0
		ub :	431.0347	176.1537	104.685
		lb :	414.9653	164.8463	89.315
		P^-1:
			0.0356	-0.0029	-0.0028
			-0.0029	0.0486	-0.002
			-0.0028	-0.002	0.0382
		A:
			0.0859	0.231	-0.9691
			0.0798	-0.5774	0.8126
			-0.6647	-0.5719	0.4808
			0.3624	-0.9296	-0.0669
			-0.511	-0.7029	0.4948
			-0.9151	0.3958	-0.0774
		b:
			-15.4913
			16.7231
			-329.305
			-9.3805
			-285.4028
			-324.2451
	==================================================================================
	Q3:
		Shape: Polyhedra
		q_c:	415.0	178.5	92.0
		ub :	423.6789	187.4655	100.7982
		lb :	406.3211	169.5345	83.2018
		A:
			-0.8488	-0.489	-0.2009
			-0.1341	-0.2167	-0.967
			-0.9631	-0.2459	0.1092
			0.5469	-0.2153	0.8091
			0.7442	-0.4738	-0.4709
			0.7329	0.6254	-0.268
			0.333	0.6532	0.6801
			-0.5202	0.7288	-0.4453
			-0.7865	-0.2055	0.5825
			-0.333	-0.6532	-0.6801
			0.5202	-0.7288	0.4453
			0.7865	0.2055	-0.5825
		b:
			-453.4389
			-178.4383
			-428.8089
			269.1779
			186.2283
			395.737
			321.8532
			-119.7508
			-304.9712
			-312.8532
			133.7508
			313.9712
	==================================================================================
	Q4:
		Shape: Ellipse
		q_c:	410.5	174.0	96.0
		ub :	416.4762	177.6033	101.7925
		lb :	404.5238	170.3967	90.2075
		P^-1:
			0.0728	0.0458	0.029
			0.0458	0.2212	0.0444
			0.029	0.0444	0.0871
	==================================================================================
	Q5:
		Shape: Polyhedra
		q_c:	408.0	167.5	87.0
		ub :	413.2392	171.2197	90.7497
		lb :	402.7608	163.7803	83.2503
		A:
			-0.0025	-0.9866	0.1634
			0.4306	-0.293	-0.8536
			-0.1656	0.8658	-0.4721
			0.3648	0.3049	-0.8797
			-0.4333	0.8572	0.2783
			-0.221	-0.8855	0.4087
			0.8777	0.2757	0.3921
			-0.1625	-0.5983	0.7846
			0.4509	-0.7523	-0.4803
			-0.8777	-0.2757	-0.3921
			0.1625	0.5983	-0.7846
			-0.4509	0.7523	0.4803
		b:
			-150.008
			54.4887
			37.9574
			124.6957
			-6.5246
			-201.1384
			442.8713
			-97.2787
			18.659
			-433.8713
			99.2787
			-13.659
	==================================================================================
	Q6:
		Shape: Ellipse
		q_c:	426.0	186.0	100.0
		ub :	430.3177	190.3196	104.8622
		lb :	421.6823	181.6804	95.1378
		P^-1:
			0.0831	-0.0075	0.0076
			-0.0075	0.1194	-0.0384
			0.0076	-0.0384	0.1208


===========================================================================================
===========================================================================================
S7:
	q_c:	461.5	345.5	359.5
	ub :	483.7412	362.8259	373.0621
	lb :	442.3993	328.0324	344.8137

	==================================================================================
	Q1:
		Shape: Ellipse
		q_c:	475.0	349.0	364.0
		ub :	483.7412	355.9268	373.0621
		lb :	466.2588	342.0732	354.9379
		P^-1:
			0.0258	0.0026	0.0051
			0.0026	0.0443	0.0071
			0.0051	0.0071	0.036
	==================================================================================
	Q2:
		Shape: Hybrid
		q_c:	455.5	337.5	360.0
		ub :	464.8033	346.9676	367.1738
		lb :	446.1967	328.0324	352.8262
		P^-1:
			0.0293	0.0077	-0.0005
			0.0077	0.0344	0.0003
			-0.0005	0.0003	0.04
		A:
			0.1572	-0.2011	0.9669
			-0.5768	-0.1755	-0.7978
			0.4482	0.818	0.3606
			-0.134	-0.6985	0.703
			-0.5518	-0.0341	0.8333
			0.9978	-0.0594	0.031
		b:
			354.4217
			-606.413
			612.5471
			-41.0319
			39.8726
			449.1651
	==================================================================================
	Q3:
		Shape: Ellipse
		q_c:	473.5	357.5	357.0
		ub :	479.8574	362.8259	361.5236
		lb :	467.1426	352.1741	352.4764
		P^-1:
			0.0554	-0.0285	-0.0019
			-0.0285	0.0954	-0.0068
			-0.0019	-0.0068	0.082
	==================================================================================
	Q4:
		Shape: Ellipse
		q_c:	450.5	351.5	354.5
		ub :	458.6007	361.5679	364.1863
		lb :	442.3993	341.4321	344.8137
		P^-1:
			0.0807	-0.0013	-0.0419
			-0.0013	0.0208	-0.0064
			-0.0419	-0.0064	0.0531
	==================================================================================
	Q5:
		Shape: Ellipse
		q_c:	466.0	347.0	361.5
		ub :	474.8471	356.0212	369.2744
		lb :	457.1529	337.9788	353.7256
		P^-1:
			0.036	0.0025	-0.0024
			0.0025	0.0351	-0.002
			-0.0024	-0.002	0.035
	==================================================================================
	Q6:
		Shape: Polyhedra
		q_c:	457.0	338.5	362.5
		ub :	465.2632	345.9674	371.5114
		lb :	448.7368	331.0326	353.4886
		A:
			-0.9613	-0.2756	-0.0002
			0.31	-0.5869	-0.748
			0.9212	0.296	0.2523
			0.7142	0.3799	-0.5879
			-0.1068	-0.0928	-0.9899
			0.9246	-0.2804	-0.2578
			0.371	0.7698	0.5194
			0.4009	-0.6373	0.6581
			0.8376	-0.0359	-0.5451
			-0.371	-0.7698	-0.5194
			-0.4009	0.6373	-0.6581
			-0.8376	0.0359	0.5451
		b:
			-527.7729
			-323.3824
			617.5916
			246.98
			-433.7946
			239.3503
			622.9076
			212.064
			178.0524
			-613.9076
			-200.064
			-168.0524


===========================================================================================
===========================================================================================
