3D_30_25_6_b                l = 3

===========================================================================================
===========================================================================================
S1:
	q_c:	348.0	412.0	432.0
	ub :	358.8767	425.7584	445.0744
	lb :	333.509	401.4228	420.6762

	==================================================================================
	Q1:
		Shape: Polyhedra
		q_c:	352.5	418.0	427.5
		ub :	358.8767	424.5574	434.3238
		lb :	346.1233	411.4426	420.6762
		A:
			-0.9833	0.0848	0.1608
			0.2695	-0.7168	0.6431
			-0.3304	0.9129	-0.2396
			0.2233	0.0778	0.9716
			-0.1105	-0.9892	0.0963
			-0.209	-0.9566	-0.2033
			0.479	0.4401	0.7595
			-0.7819	0.6071	0.1414
			-0.3989	-0.6616	0.635
			-0.479	-0.4401	-0.7595
			0.7819	-0.6071	-0.1414
			0.3989	0.6616	-0.635
		b:
			-239.0228
			73.8808
			165.8763
			531.7192
			-407.4306
			-555.9609
			683.0048
			41.6026
			-142.2177
			-672.0048
			-35.6026
			149.2177
	==================================================================================
	Q2:
		Shape: Hybrid
		q_c:	353.0	407.5	435.5
		ub :	357.9832	413.5772	441.9245
		lb :	348.0168	401.4228	429.0755
		P^-1:
			0.0496	-0.0022	0.0014
			-0.0022	0.0629	-0.0206
			0.0014	-0.0206	0.0585
		A:
			0.8455	-0.5074	-0.1662
			-0.6446	0.3133	-0.6974
			0.6026	0.7282	-0.3264
			0.8153	-0.0191	0.5788
			-0.6052	0.2749	0.7471
			0.093	-0.8921	-0.4423
		b:
			22.0816
			-401.2952
			369.6347
			534.7274
			226.7045
			-520.2345
	==================================================================================
	Q3:
		Shape: Ellipse
		q_c:	348.0	419.0	440.0
		ub :	353.4114	424.8721	445.0744
		lb :	342.5886	413.1279	434.9256
		P^-1:
			0.1536	-0.0442	-0.0826
			-0.0442	0.084	0.0401
			-0.0826	0.0401	0.1374
	==================================================================================
	Q4:
		Shape: Polyhedra
		q_c:	341.5	418.0	435.5
		ub :	349.491	425.7584	442.8816
		lb :	333.509	410.2416	428.1184
		A:
			-0.611	-0.4444	0.6551
			0.9199	0.389	0.0498
			0.3407	-0.7635	-0.5487
			-0.4442	0.4084	-0.7974
			-0.3864	-0.8003	0.4584
			0.867	0.1621	0.4713
			0.4514	0.6529	0.6083
			0.6966	0.1682	-0.6974
			-0.5576	0.7386	-0.3789
			-0.4514	-0.6529	-0.6083
			-0.6966	-0.1682	0.6974
			0.5576	-0.7386	0.3789
		b:
			-104.9426
			502.4147
			-437.0166
			-322.386
			-262.0375
			573.702
			695.4567
			8.4679
			-40.2162
			-688.4567
			-0.4679
			53.2162
	==================================================================================
	Q5:
		Shape: Polyhedra
		q_c:	340.5	410.5	437.0
		ub :	347.1856	416.1938	442.8284
		lb :	333.8144	404.8062	431.1716
		A:
			0.7287	0.6643	0.1661
			-0.8938	0.4307	-0.1247
			-0.3485	-0.105	0.9314
			0.2299	0.062	-0.9712
			0.0719	-0.4752	-0.8769
			0.3751	0.6417	-0.669
			0.8943	0.2899	0.3409
			0.1408	-0.9054	0.4005
			0.4248	-0.3102	-0.8505
			-0.8943	-0.2899	-0.3409
			-0.1408	0.9054	-0.4005
			-0.4248	0.3102	0.8505
		b:
			598.632
			-177.4369
			248.3551
			-317.5549
			-550.3552
			102.3746
			577.9793
			-145.1963
			-351.3675
			-566.9793
			152.1963
			357.3675
	==================================================================================
	Q6:
		Shape: Hybrid
		q_c:	348.0	417.5	430.5
		ub :	352.8379	420.0341	435.2626
		lb :	343.1621	414.9659	425.7374
		P^-1:
			0.1939	0.2911	0.0757
			0.2911	0.8367	0.1964
			0.0757	0.1964	0.1327
		A:
			-0.6072	-0.7387	-0.2927
			-0.5842	-0.7811	-0.2204
			0.2122	0.8476	-0.4863
			-0.2614	-0.9637	0.0542
			-0.3865	-0.7411	-0.549
			-0.4404	-0.6175	-0.6518
		b:
			-644.7704
			-623.4616
			220.3823
			-469.0267
			-679.2119
			-690.1839


===========================================================================================
===========================================================================================
S2:
	q_c:	253.0	496.5	257.5
	ub :	257.5953	501.5372	260.3117
	lb :	249.4219	494.0795	254.4425

	==================================================================================
	Q1:
		Shape: Hybrid
		q_c:	254.5	499.0	258.0
		ub :	256.9779	501.3413	260.1875
		lb :	252.0221	496.6587	255.8125
		P^-1:
			0.4444	-0.0	-0.0
			-0.0	0.4444	-0.0
			-0.0	-0.0	0.4444
		A:
			-0.6899	-0.176	0.7021
			0.5541	-0.5423	0.6316
			0.0816	0.5215	0.8493
			0.614	0.0355	-0.7885
			-0.5733	-0.8094	0.1277
			0.8905	-0.4548	0.0132
		b:
			-81.5126
			34.089
			500.8754
			-28.6964
			-516.0834
			3.8616
	==================================================================================
	Q2:
		Shape: Hybrid
		q_c:	255.0	496.5	259.0
		ub :	257.5953	498.9205	260.2712
		lb :	252.4047	494.0795	257.7288
		P^-1:
			0.3316	-0.0943	-0.074
			-0.0943	0.3711	-0.0054
			-0.074	-0.0054	0.9918
		A:
			-0.4714	-0.2292	-0.8516
			-0.0834	0.5422	0.8361
			-0.1173	0.3961	-0.9107
			0.3156	-0.8274	-0.4646
			-0.3647	0.3553	0.8607
			-0.1285	0.3074	0.9429
		b:
			-453.6414
			465.2256
			-68.5153
			-449.7082
			306.9175
			364.6492
	==================================================================================
	Q3:
		Shape: Ellipse
		q_c:	254.5	499.5	258.5
		ub :	256.3386	501.5372	260.3117
		lb :	252.6614	497.4628	256.6883
		P^-1:
			0.8671	-0.1668	-0.1683
			-0.1668	0.7905	-0.2113
			-0.1683	-0.2113	0.7868
	==================================================================================
	Q4:
		Shape: Ellipse
		q_c:	255.5	498.5	256.0
		ub :	257.3456	499.6025	257.5575
		lb :	253.6544	497.3975	254.4425
		P^-1:
			1.0028	-1.1723	-0.157
			-1.1723	3.5367	-0.183
			-0.157	-0.183	0.905
	==================================================================================
	Q5:
		Shape: Hybrid
		q_c:	251.5	497.0	256.0
		ub :	253.5781	499.0788	257.2676
		lb :	249.4219	494.9212	254.7324
		P^-1:
			0.4879	0.1688	-0.3525
			0.1688	1.0997	-1.3682
			-0.3525	-1.3682	3.3012
		A:
			0.0039	-0.5249	0.8512
			0.7551	0.0986	-0.6482
			-0.7906	0.5821	0.1901
			0.3513	0.6217	-0.7
			0.8975	0.1022	-0.429
			0.0058	0.2212	0.9752
		b:
			-41.6774
			73.833
			140.4002
			218.5924
			167.7325
			361.8416
	==================================================================================
	Q6:
		Shape: Polyhedra
		q_c:	254.0	497.0	258.5
		ub :	256.0055	498.9099	259.9304
		lb :	251.9945	495.0901	257.0696
		A:
			-0.8729	-0.4862	-0.0415
			-0.3036	-0.0818	-0.9493
			0.885	0.4526	0.1088
			-0.6691	0.3388	-0.6614
			-0.1134	0.4554	0.883
			-0.2142	0.8819	-0.4199
			0.282	0.3249	0.9027
			-0.84	0.5382	0.0687
			-0.4636	-0.7777	0.4247
			-0.282	-0.3249	-0.9027
			0.84	-0.5382	-0.0687
			0.4636	0.7777	-0.4247
		b:
			-472.9406
			-362.1609
			479.0369
			-171.2659
			426.9129
			276.6009
			467.4488
			73.3807
			-393.4692
			-465.4488
			-70.3807
			395.4692


===========================================================================================
===========================================================================================
S3:
	q_c:	241.0	195.0	38.5
	ub :	253.321	206.0752	50.4918
	lb :	234.7705	187.0206	30.995

	==================================================================================
	Q1:
		Shape: Hybrid
		q_c:	249.0	197.5	37.5
		ub :	253.321	201.8236	40.9228
		lb :	244.679	193.1764	34.0772
		P^-1:
			0.2188	0.0358	-0.1517
			0.0358	0.123	-0.0504
			-0.1517	-0.0504	0.3249
		A:
			-0.487	-0.4191	0.7663
			0.2309	0.1107	0.9667
			-0.7016	-0.7114	-0.0408
			-0.181	-0.5464	0.8177
			0.4009	0.5096	0.7613
			0.1044	0.5812	0.8071
		b:
			-174.4022
			117.3826
			-314.7756
			-121.0827
			231.1911
			173.0293
	==================================================================================
	Q2:
		Shape: Hybrid
		q_c:	242.5	193.0	42.0
		ub :	245.8455	196.37	45.6287
		lb :	239.1545	189.63	38.3713
		P^-1:
			0.112	0.0018	0.0063
			0.0018	0.1599	-0.0002
			0.0063	-0.0002	0.1592
		A:
			0.2462	0.0385	-0.9685
			-0.1476	0.5882	-0.7951
			0.1462	-0.9535	0.2635
			0.2263	0.381	-0.8964
			0.2932	0.8879	0.3544
			0.8866	0.337	-0.3167
		b:
			27.7648
			45.5861
			-136.2424
			92.0652
			258.6328
			268.4129
	==================================================================================
	Q3:
		Shape: Hybrid
		q_c:	245.0	201.0	45.5
		ub :	247.3473	206.0752	50.4918
		lb :	242.6527	195.9248	40.5082
		P^-1:
			0.2489	0.009	-0.011
			0.009	0.0834	0.0235
			-0.011	0.0235	0.0913
		A:
			-0.1436	0.211	-0.9669
			0.66	0.7132	-0.2359
			0.9522	0.2849	0.1104
			0.7213	0.0127	-0.6925
			0.9173	-0.1363	0.3741
			0.4752	-0.1411	-0.8685
		b:
			-34.1125
			296.4043
			296.6877
			149.4535
			215.8849
			50.5382
	==================================================================================
	Q4:
		Shape: Hybrid
		q_c:	240.5	191.5	40.5
		ub :	245.1286	195.3135	44.7314
		lb :	235.8714	187.6865	36.2686
		P^-1:
			0.1377	-0.0191	0.0151
			-0.0191	0.1437	0.013
			0.0151	0.013	0.1497
		A:
			0.8429	-0.4595	0.2801
			-0.7036	0.3885	0.595
			0.0244	0.6718	-0.7403
			0.9869	0.1525	-0.0517
			-0.2618	0.9649	0.0219
			0.9676	0.2424	-0.0714
		b:
			127.3346
			-69.3298
			106.0898
			266.0368
			124.0128
			277.8173
	==================================================================================
	Q5:
		Shape: Hybrid
		q_c:	242.5	191.5	43.0
		ub :	246.5984	195.9794	46.3607
		lb :	238.4016	187.0206	39.6393
		P^-1:
			0.0817	0.0003	-0.0015
			0.0003	0.0852	-0.0163
			-0.0015	-0.0163	0.1564
		A:
			-0.2108	-0.1002	0.9724
			0.1623	-0.3842	-0.9089
			0.4032	-0.8407	0.3616
			0.0094	-0.9658	0.2589
			-0.6191	0.1443	0.7719
			0.4091	-0.6215	0.6681
		b:
			-27.1833
			-71.6664
			-45.6684
			-169.4932
			-87.552
			10.6134
	==================================================================================
	Q6:
		Shape: Ellipse
		q_c:	238.5	196.5	32.5
		ub :	242.2295	198.9669	34.005
		lb :	234.7705	194.0331	30.995
		P^-1:
			0.3604	0.0426	1.0014
			0.0426	0.2485	0.0694
			1.0014	0.0694	3.7227


===========================================================================================
===========================================================================================
S4:
	q_c:	467.5	306.5	288.5
	ub :	483.876	319.6871	306.6668
	lb :	454.8304	292.5606	276.8142

	==================================================================================
	Q1:
		Shape: Polyhedra
		q_c:	467.0	300.0	297.5
		ub :	475.6727	307.0596	306.6668
		lb :	458.3273	292.9404	288.3332
		A:
			0.3227	-0.9434	-0.0766
			-0.1274	-0.7487	-0.6505
			-0.3843	0.8584	0.3398
			-0.6667	-0.6719	0.3225
			0.1922	-0.4465	-0.8739
			0.0373	-0.9609	-0.2745
			0.8953	0.117	0.4298
			-0.2785	-0.606	0.7451
			0.3476	-0.7868	-0.51
			-0.8953	-0.117	-0.4298
			0.2785	0.606	-0.7451
			-0.3476	0.7868	0.51
		b:
			-151.1201
			-473.5505
			182.3013
			-410.5319
			-300.0083
			-348.6756
			587.5643
			-83.6757
			-222.4504
			-574.5643
			96.6757
			228.4504
	==================================================================================
	Q2:
		Shape: Polyhedra
		q_c:	471.5	315.0	281.5
		ub :	473.0504	319.6871	286.1858
		lb :	469.9496	310.3129	276.8142
		A:
			0.7206	0.6866	0.0969
			0.9834	0.1814	-0.0004
			-0.0069	-0.9957	-0.0927
			0.959	0.1656	-0.2298
			-0.9467	-0.1425	0.289
			0.9558	-0.2251	0.1891
			0.1745	0.7034	0.6891
			0.012	0.6982	-0.7158
			-0.9846	0.1332	0.1134
			-0.1745	-0.7034	-0.6891
			-0.012	-0.6982	0.7158
			0.9846	-0.1332	-0.1134
		b:
			585.8791
			522.107
			-339.8191
			441.1276
			-408.4253
			434.4033
			500.8315
			27.6301
			-389.3345
			-494.8315
			-20.6301
			391.3345
	==================================================================================
	Q3:
		Shape: Polyhedra
		q_c:	469.5	299.5	286.0
		ub :	475.2696	306.4394	293.6571
		lb :	463.7304	292.5606	278.3429
		A:
			0.7265	0.4728	0.4986
			0.3677	0.9096	-0.1936
			0.8135	0.3114	0.4911
			0.948	0.2903	0.1309
			-0.1597	-0.7523	-0.6392
			-0.1404	0.0079	0.9901
			0.6522	0.6723	0.3502
			0.7474	-0.6475	-0.1489
			0.1267	0.3589	-0.9248
			-0.6522	-0.6723	-0.3502
			-0.7474	0.6475	0.1489
			-0.1267	-0.3589	0.9248
		b:
			628.5535
			394.0961
			619.0978
			572.7716
			-479.4333
			225.8001
			610.7175
			118.4322
			-91.0252
			-604.7175
			-110.4322
			104.0252
	==================================================================================
	Q4:
		Shape: Ellipse
		q_c:	470.5	298.5	287.0
		ub :	476.4598	302.4762	293.2814
		lb :	464.5402	294.5238	280.7186
		P^-1:
			0.1311	0.0699	0.0597
			0.0699	0.1614	0.0468
			0.0597	0.0468	0.0791
	==================================================================================
	Q5:
		Shape: Polyhedra
		q_c:	476.0	311.0	291.0
		ub :	483.876	318.5395	299.2282
		lb :	468.124	303.4605	282.7718
		A:
			-0.9445	0.2144	0.2488
			0.798	0.5973	-0.0804
			-0.5115	0.8472	0.1434
			0.9798	0.1578	0.1227
			-0.7949	-0.0973	-0.5989
			-0.4907	0.4133	-0.767
			0.2687	0.9137	0.3047
			0.8351	-0.3787	0.3991
			0.48	0.1472	-0.8648
			-0.2687	-0.9137	-0.3047
			-0.8351	0.3787	-0.3991
			-0.48	-0.1472	0.8648
		b:
			-305.5928
			547.5355
			66.7893
			556.0505
			-578.1391
			-323.503
			506.2594
			400.3609
			28.1318
			-495.2594
			-391.3609
			-17.1318
	==================================================================================
	Q6:
		Shape: Polyhedra
		q_c:	461.5	300.5	288.0
		ub :	468.1696	308.0551	295.2368
		lb :	454.8304	292.9449	280.7632
		A:
			-0.9341	-0.3125	0.1723
			0.9605	0.2214	0.1685
			-0.7633	-0.6405	0.0845
			0.9549	0.1621	-0.2487
			0.8976	-0.2434	-0.3676
			0.9514	-0.3072	0.0225
			0.111	0.695	0.7104
			0.4456	0.6041	-0.6607
			-0.8883	0.3899	-0.2426
			-0.111	-0.695	-0.7104
			-0.4456	-0.6041	0.6607
			0.8883	-0.3899	0.2426
		b:
			-470.6466
			562.8841
			-515.6771
			422.5284
			239.8061
			357.7432
			468.6808
			201.8972
			-358.1703
			-460.6808
			-191.8972
			367.1703


===========================================================================================
===========================================================================================
S5:
	q_c:	306.5	99.0	242.0
	ub :	317.5377	107.7445	248.5842
	lb :	298.9914	90.244	236.2989

	==================================================================================
	Q1:
		Shape: Hybrid
		q_c:	313.5	97.0	244.0
		ub :	317.5377	101.3083	248.1864
		lb :	309.4623	92.6917	239.8136
		P^-1:
			0.1528	-0.0213	-0.06
			-0.0213	0.122	0.0306
			-0.06	0.0306	0.1974
		A:
			0.0409	0.2607	-0.9645
			-0.8317	-0.3693	-0.4146
			0.1939	-0.8093	-0.5544
			0.5384	-0.4731	-0.6974
			0.4314	-0.7294	-0.5309
			-0.4938	0.5758	0.6517
		b:
			-195.6783
			-395.7218
			-151.5211
			-46.2159
			-63.7536
			61.1948
	==================================================================================
	Q2:
		Shape: Ellipse
		q_c:	302.0	104.5	245.0
		ub :	305.0086	107.7445	248.5842
		lb :	298.9914	101.2555	241.4158
		P^-1:
			0.1596	0.016	-0.0039
			0.016	0.3021	-0.1639
			-0.0039	-0.1639	0.2539
	==================================================================================
	Q3:
		Shape: Hybrid
		q_c:	307.0	95.5	243.5
		ub :	311.1373	99.5726	247.7087
		lb :	302.8627	91.4274	239.2913
		P^-1:
			0.16	-0.0	-0.0
			-0.0	0.16	0.0
			-0.0	0.0	0.16
		A:
			-0.7493	-0.6604	-0.0504
			0.1595	-0.4066	-0.8996
			0.1227	-0.8785	0.4617
			-0.8259	-0.005	-0.5637
			0.7123	-0.6426	0.2823
			-0.6728	0.6879	-0.2723
		b:
			-304.0986
			-207.6768
			67.4545
			-390.0619
			227.289
			-205.9063
	==================================================================================
	Q4:
		Shape: Polyhedra
		q_c:	305.0	94.5	243.0
		ub :	309.5888	98.756	247.8552
		lb :	300.4112	90.244	238.1448
		A:
			-0.7055	0.559	-0.4356
			-0.5885	0.7835	0.1992
			0.0985	0.6499	0.7536
			-0.1292	-0.8217	-0.5551
			0.0156	0.5881	0.8087
			-0.3779	-0.9202	0.1019
			0.8984	0.2454	0.3642
			0.0549	-0.8856	0.4613
			0.4357	-0.3944	-0.8091
			-0.8984	-0.2454	-0.3642
			-0.0549	0.8856	-0.4613
			-0.4357	0.3944	0.8091
		b:
			-265.2341
			-54.2027
			277.7
			-248.898
			259.9223
			-174.6379
			389.2104
			47.6308
			-97.9699
			-382.2104
			-42.6308
			103.9699
	==================================================================================
	Q5:
		Shape: Hybrid
		q_c:	304.5	102.0	240.0
		ub :	308.2697	105.6859	243.7011
		lb :	300.7303	98.3141	236.2989
		P^-1:
			0.2292	0.0454	-0.0201
			0.0454	0.1513	0.0437
			-0.0201	0.0437	0.2306
		A:
			-0.488	-0.7926	0.3655
			0.0657	-0.7429	-0.6661
			0.2324	-0.7355	-0.6364
			-0.4544	0.7006	0.5501
			0.2199	-0.1151	0.9687
			-0.611	-0.7648	0.2046
		b:
			-140.3114
			-214.4429
			-155.7342
			66.4781
			289.0535
			-213.6587
	==================================================================================
	Q6:
		Shape: Ellipse
		q_c:	309.0	95.5	240.5
		ub :	313.7838	100.6562	244.3902
		lb :	304.2162	90.3438	236.6098
		P^-1:
			0.0843	-0.0054	-0.0133
			-0.0054	0.0924	0.0264
			-0.0133	0.0264	0.1466


===========================================================================================
===========================================================================================
S6:
	q_c:	162.5	101.5	45.5
	ub :	176.0162	119.6534	61.0995
	lb :	146.1718	87.333	31.1927

	==================================================================================
	Q1:
		Shape: Polyhedra
		q_c:	161.5	103.5	55.0
		ub :	166.6051	108.3073	60.906
		lb :	156.3949	98.6927	49.094
		A:
			-0.6784	-0.6957	-0.2363
			0.9177	-0.3719	-0.1399
			-0.3599	0.8688	-0.34
			0.4651	-0.7375	0.4897
			0.1842	-0.9714	0.15
			-0.6134	0.6674	-0.4223
			0.4437	0.4982	0.745
			-0.658	-0.3833	0.6482
			0.6084	-0.7778	0.1577
			-0.4437	-0.4982	-0.745
			0.658	0.3833	-0.6482
			-0.6084	0.7778	-0.1577
		b:
			-190.1072
			104.1734
			14.8189
			27.6653
			-60.3136
			-51.2652
			169.1897
			-107.2831
			27.9367
			-159.1897
			113.2831
			-24.9367
	==================================================================================
	Q2:
		Shape: Hybrid
		q_c:	166.5	100.0	52.5
		ub :	173.8942	108.1486	61.0995
		lb :	159.1058	91.8514	43.9005
		P^-1:
			0.0765	0.0374	0.0158
			0.0374	0.0606	0.0093
			0.0158	0.0093	0.0348
		A:
			-0.4449	0.4254	0.7881
			0.6607	0.7451	0.0916
			-0.5131	-0.4568	-0.7267
			-0.6404	-0.3544	-0.6814
			-0.9014	-0.4216	0.0982
			-0.5444	-0.614	-0.5715
		b:
			14.3094
			190.9842
			-166.7209
			-175.4704
			-184.9651
			-179.9377
	==================================================================================
	Q3:
		Shape: Hybrid
		q_c:	153.0	94.5	35.0
		ub :	159.8282	101.667	38.8073
		lb :	146.1718	87.333	31.1927
		P^-1:
			0.039	-0.0024	-0.0012
			-0.0024	0.0342	-0.0023
			-0.0012	-0.0023	0.0815
		A:
			-0.1231	0.2578	-0.9583
			-0.06	-0.7324	-0.6783
			0.4594	0.7192	-0.5212
			0.0207	-0.9084	0.4175
			0.9384	0.1754	0.2977
			-0.0588	-0.1724	-0.9833
		b:
			-26.1298
			-99.1332
			123.2041
			-64.7451
			173.8871
			-57.8083
	==================================================================================
	Q4:
		Shape: Hybrid
		q_c:	154.0	100.0	49.5
		ub :	156.4985	102.9462	52.1367
		lb :	151.5015	97.0538	46.8633
		P^-1:
			2.2918	0.1856	-1.8882
			0.1856	0.2526	-0.2148
			-1.8882	-0.2148	1.8656
		A:
			-0.8544	-0.2519	0.4545
			0.304	0.1573	-0.9396
			0.6722	0.2652	-0.6912
			0.8783	-0.1445	-0.4557
			-0.9071	0.0158	0.4207
			0.7461	0.1012	-0.6582
		b:
			-133.6537
			17.0345
			96.2139
			98.8402
			-116.6931
			92.6896
	==================================================================================
	Q5:
		Shape: Hybrid
		q_c:	167.5	111.5	44.0
		ub :	174.878	119.6534	51.2985
		lb :	160.122	103.3466	36.7015
		P^-1:
			0.0749	0.0067	-0.0371
			0.0067	0.027	0.0026
			-0.0371	0.0026	0.0729
		A:
			-0.6887	-0.7233	-0.0508
			-0.8291	-0.0232	0.5586
			-0.6622	0.2757	0.6967
			0.9036	0.1134	-0.4132
			-0.7108	-0.6734	-0.2032
			-0.9068	-0.4215	0.0096
		b:
			-194.8335
			-115.2864
			-47.5937
			147.6172
			-199.6726
			-195.7359
	==================================================================================
	Q6:
		Shape: Ellipse
		q_c:	169.5	98.0	50.0
		ub :	176.0162	104.6987	55.4359
		lb :	162.9838	91.3013	44.5641
		P^-1:
			0.0599	0.0074	-0.0032
			0.0074	0.0557	-0.0075
			-0.0032	-0.0075	0.078


===========================================================================================
===========================================================================================
S7:
	q_c:	415.5	258.0	33.5
	ub :	434.7969	279.9	51.511
	lb :	390.3255	240.0055	10.6994

	==================================================================================
	Q1:
		Shape: Hybrid
		q_c:	427.5	256.5	19.5
		ub :	434.7969	267.5578	27.9777
		lb :	420.2031	245.4422	11.0223
		P^-1:
			0.0574	-0.0146	-0.0007
			-0.0146	0.0199	-0.0069
			-0.0007	-0.0069	0.0306
		A:
			0.3057	-0.3509	-0.8851
			-0.3294	0.5252	-0.7846
			-0.8775	0.3319	0.3462
			0.9284	-0.3713	0.0118
			0.7219	-0.2878	0.6293
			0.9389	0.3069	-0.1557
		b:
			27.9367
			-18.2233
			-280.8506
			303.9078
			249.8232
			480.9174
	==================================================================================
	Q2:
		Shape: Hybrid
		q_c:	418.5	252.0	36.5
		ub :	431.0916	263.9945	46.5321
		lb :	405.9084	240.0055	26.4679
		P^-1:
			0.0193	0.011	0.0005
			0.011	0.0265	-0.0081
			0.0005	-0.0081	0.032
		A:
			0.7307	0.6632	-0.1622
			-0.8645	-0.21	0.4567
			-0.2302	0.7797	-0.5824
			0.2328	0.2019	0.9513
			0.6691	0.7418	-0.0455
			0.5796	0.4652	0.6691
		b:
			470.0465
			-393.1072
			83.1065
			186.548
			468.257
			387.7173
	==================================================================================
	Q3:
		Shape: Ellipse
		q_c:	412.0	272.5	20.0
		ub :	419.2706	279.9	29.3006
		lb :	404.7294	265.1	10.6994
		P^-1:
			0.0775	-0.0604	0.0101
			-0.0604	0.1094	-0.0219
			0.0101	-0.0219	0.024
	==================================================================================
	Q4:
		Shape: Polyhedra
		q_c:	412.5	269.0	38.5
		ub :	420.6304	276.1345	48.1555
		lb :	404.3696	261.8655	28.8445
		A:
			-0.3143	-0.8784	0.3601
			-0.4502	-0.8823	0.1377
			0.7784	-0.0163	-0.6276
			0.1264	-0.9811	0.1465
			-0.5138	-0.4107	0.7532
			0.9986	-0.0516	-0.0065
			0.9367	0.1029	0.3346
			-0.3498	0.2418	0.9051
			0.0123	-0.9648	0.2625
			-0.9367	-0.1029	-0.3346
			0.3498	-0.2418	-0.9051
			-0.0123	0.9648	-0.2625
		b:
			-346.8728
			-412.4762
			299.2347
			-201.0665
			-287.1384
			403.9675
			432.9705
			-37.4073
			-239.3843
			-420.9705
			51.4073
			249.3843
	==================================================================================
	Q5:
		Shape: Ellipse
		q_c:	419.5	253.0	23.5
		ub :	429.4835	264.554	35.2411
		lb :	409.5165	241.446	11.7589
		P^-1:
			0.0259	0.0021	0.0039
			0.0021	0.0161	0.0008
			0.0039	0.0008	0.0171
	==================================================================================
	Q6:
		Shape: Polyhedra
		q_c:	400.5	253.5	43.5
		ub :	410.6745	263.2126	51.511
		lb :	390.3255	243.7874	35.489
		A:
			0.5833	0.4519	-0.6749
			0.5914	0.4019	-0.6991
			0.1201	0.7395	0.6623
			-0.8851	-0.4018	0.2349
			0.4914	-0.1115	-0.8637
			-0.0258	-0.3821	-0.9238
			0.6166	0.6381	0.4612
			-0.6383	0.7481	-0.1817
			-0.4609	-0.1824	0.8685
			-0.6166	-0.6381	-0.4612
			0.6383	-0.7481	0.1817
			0.4609	0.1824	-0.8685
		b:
			323.8407
			313.3161
			269.7678
			-440.9641
			136.1621
			-142.3365
			433.7503
			-66.404
			-188.0445
			-423.7503
			81.404
			198.0445


===========================================================================================
===========================================================================================
S8:
	q_c:	98.0	292.5	60.5
	ub :	110.2349	305.5569	65.3992
	lb :	89.374	278.327	47.7054

	==================================================================================
	Q1:
		Shape: Hybrid
		q_c:	105.0	299.0	52.5
		ub :	110.2349	303.9908	57.2946
		lb :	99.7651	294.0092	47.7054
		P^-1:
			0.1015	0.0096	0.0133
			0.0096	0.0862	0.0067
			0.0133	0.0067	0.0676
		A:
			0.9555	0.2908	0.0496
			0.9671	-0.0038	-0.2543
			0.4427	0.8054	-0.394
			0.2582	-0.1238	-0.9581
			0.8099	-0.1943	-0.5535
			0.5331	-0.6957	-0.4815
		b:
			191.4823
			88.9435
			268.6725
			-57.7443
			0.0922
			-175.1764
	==================================================================================
	Q2:
		Shape: Polyhedra
		q_c:	102.0	301.0	59.5
		ub :	107.7973	305.5569	65.3992
		lb :	96.2027	296.4431	53.6008
		A:
			-0.4184	0.1822	-0.8898
			0.413	0.1625	0.8961
			-0.7819	0.6229	0.0258
			0.7062	-0.6798	-0.198
			-0.872	-0.4869	0.0504
			0.5573	0.827	-0.0738
			0.8553	0.0607	0.5145
			-0.4254	-0.4846	0.7644
			0.2957	-0.8726	-0.3886
			-0.8553	-0.0607	-0.5145
			0.4254	0.4846	-0.7644
			-0.2957	0.8726	0.3886
		b:
			-36.9388
			148.1586
			112.6932
			-141.1294
			-228.7235
			304.8864
			140.1386
			-140.2649
			-252.6232
			-132.1386
			147.2649
			258.6232
	==================================================================================
	Q3:
		Shape: Polyhedra
		q_c:	92.5	283.5	61.0
		ub :	94.4739	288.673	63.6651
		lb :	90.5261	278.327	58.3349
		A:
			-0.5905	0.76	-0.2715
			-0.7308	0.1307	0.67
			0.4511	0.3546	-0.819
			0.6052	0.0228	-0.7958
			0.9008	-0.1165	-0.4184
			0.9092	-0.0873	-0.4072
			0.6336	0.0657	0.7709
			0.0006	-0.9964	0.0845
			0.7737	-0.053	-0.6314
			-0.6336	-0.0657	-0.7709
			-0.0006	0.9964	-0.0845
			-0.7737	0.053	0.6314
		b:
			148.4141
			10.9693
			94.5935
			14.7867
			25.6475
			35.3568
			126.7627
			-272.2791
			18.5171
			-121.7627
			282.2791
			-17.5171
	==================================================================================
	Q4:
		Shape: Polyhedra
		q_c:	96.5	292.0	54.0
		ub :	100.9139	296.9255	58.2617
		lb :	92.0861	287.0745	49.7383
		A:
			-0.7507	0.1782	0.6361
			-0.584	-0.0948	-0.8062
			0.3104	-0.2511	0.9168
			0.5449	-0.1851	-0.8178
			-0.0952	-0.1929	0.9766
			-0.9873	-0.1471	0.0602
			0.8448	0.4774	0.2416
			0.2044	-0.7053	0.6788
			0.4945	-0.5241	-0.6934
			-0.8448	-0.4774	-0.2416
			-0.2044	0.7053	-0.6788
			-0.4945	0.5241	0.6934
		b:
			15.9523
			-124.2225
			9.4513
			-43.7493
			-9.8791
			-131.787
			237.4665
			-146.0665
			-141.2649
			-230.4665
			153.0665
			144.2649
	==================================================================================
	Q5:
		Shape: Ellipse
		q_c:	93.5	285.5	61.0
		ub :	97.626	289.6548	63.8018
		lb :	89.374	281.3452	58.1982
		P^-1:
			0.1428	0.0473	0.0463
			0.0473	0.189	0.1081
			0.0463	0.1081	0.3837
	==================================================================================
	Q6:
		Shape: Ellipse
		q_c:	98.0	295.0	61.5
		ub :	102.5611	299.2232	64.6612
		lb :	93.4389	290.7768	58.3388
		P^-1:
			0.2199	0.2247	-0.2281
			0.2247	0.4482	-0.3805
			-0.2281	-0.3805	0.5247


===========================================================================================
===========================================================================================
S9:
	q_c:	194.5	147.0	321.0
	ub :	210.4	173.0226	333.6871
	lb :	172.3033	121.665	304.5509

	==================================================================================
	Q1:
		Shape: Polyhedra
		q_c:	201.5	140.0	312.5
		ub :	206.4181	147.1677	320.4491
		lb :	196.5819	132.8323	304.5509
		A:
			-0.4888	0.1667	0.8563
			-0.9419	-0.2936	-0.1631
			-0.4898	0.8342	0.2533
			0.7556	0.1777	-0.6305
			-0.6421	-0.5952	-0.4832
			-0.7681	-0.0415	-0.6389
			0.8001	0.5447	0.2514
			0.5996	-0.7389	-0.3073
			0.0184	0.3966	-0.9178
			-0.8001	-0.5447	-0.2514
			-0.5996	0.7389	0.3073
			-0.0184	-0.3966	0.9178
		b:
			197.9305
			-278.765
			101.2612
			-14.8618
			-360.4574
			-355.8256
			319.029
			-74.652
			-221.0918
			-313.029
			82.652
			234.0918
	==================================================================================
	Q2:
		Shape: Hybrid
		q_c:	200.5	133.0	322.0
		ub :	210.4	143.0776	332.389
		lb :	190.6	122.9224	311.611
		P^-1:
			0.0136	0.0049	-0.0031
			0.0049	0.032	-0.0105
			-0.0031	-0.0105	0.0224
		A:
			0.5234	0.7371	-0.4274
			0.4174	0.4178	-0.807
			0.4834	-0.0378	-0.8746
			-0.075	0.3815	-0.9213
			-0.7307	-0.6556	0.1906
			-0.5644	0.39	0.7276
		b:
			68.4374
			-117.0709
			-184.7725
			-257.0552
			-168.1229
			178.7211
	==================================================================================
	Q3:
		Shape: Ellipse
		q_c:	182.0	164.0	314.0
		ub :	191.6967	173.0226	321.7594
		lb :	172.3033	154.9774	306.2406
		P^-1:
			0.0308	0.0099	0.0072
			0.0099	0.0331	-0.0012
			0.0072	-0.0012	0.046
	==================================================================================
	Q4:
		Shape: Hybrid
		q_c:	201.5	160.0	321.0
		ub :	206.6816	170.2656	329.5452
		lb :	196.3184	149.7344	312.4548
		P^-1:
			0.0894	0.0132	0.0204
			0.0132	0.028	0.0296
			0.0204	0.0296	0.0686
		A:
			0.2712	0.5295	0.8038
			0.985	-0.0176	0.1718
			-0.915	-0.3625	-0.1771
			0.9972	-0.0747	0.0068
			-0.9899	-0.0875	-0.1113
			0.894	0.3338	0.299
		b:
			399.2963
			252.7976
			-297.0741
			193.2648
			-247.3476
			331.3045
	==================================================================================
	Q5:
		Shape: Hybrid
		q_c:	180.0	154.0	319.5
		ub :	184.0393	165.4241	330.995
		lb :	175.9607	142.5759	308.005
		P^-1:
			3.6043	-1.1767	0.1837
			-1.1767	0.4035	-0.0701
			0.1837	-0.0701	0.0291
		A:
			0.9489	-0.3015	0.0933
			-0.9544	0.2849	-0.089
			0.6113	-0.6469	0.456
			-0.8435	-0.491	0.2177
			-0.9145	0.3922	-0.0989
			0.9926	-0.1186	-0.0262
		b:
			154.5759
			-155.8997
			159.4407
			-152.5035
			-135.2275
			153.3617
	==================================================================================
	Q6:
		Shape: Polyhedra
		q_c:	195.0	133.0	320.0
		ub :	207.4752	144.335	333.6871
		lb :	182.5248	121.665	306.3129
		A:
			0.5844	-0.3485	0.7328
			-0.1775	0.9158	0.3602
			-0.908	-0.2822	-0.3097
			-0.21	0.2036	-0.9562
			0.8057	-0.3308	0.4914
			0.6761	0.73	0.0995
			0.6916	0.4149	0.5912
			-0.1233	0.8743	-0.4694
			-0.7117	0.2518	0.6558
			-0.6916	-0.4149	-0.5912
			0.1233	-0.8743	0.4694
			0.7117	-0.2518	-0.6558
		b:
			308.8782
			210.5322
			-306.6097
			-312.4154
			277.5105
			267.6546
			385.735
			-50.9686
			114.5678
			-372.735
			64.9686
			-94.5678


===========================================================================================
===========================================================================================
S10:
	q_c:	43.0	499.0	40.5
	ub :	52.8729	512.0268	51.6066
	lb :	31.6785	479.2614	23.0848

	==================================================================================
	Q1:
		Shape: Hybrid
		q_c:	40.5	490.0	45.5
		ub :	48.1648	497.8293	51.6066
		lb :	32.8352	482.1707	39.3934
		P^-1:
			0.0462	0.0058	0.0137
			0.0058	0.0454	0.0127
			0.0137	0.0127	0.07
		A:
			-0.7591	-0.4857	-0.4335
			0.4377	-0.4952	-0.7505
			-0.0776	-0.8213	0.5653
			-0.2949	0.6719	-0.6794
			0.4654	-0.2138	-0.8589
			0.7122	-0.0993	0.695
		b:
			-286.1802
			-256.3668
			-376.6186
			289.3404
			-122.2699
			14.0923
	==================================================================================
	Q2:
		Shape: Ellipse
		q_c:	39.5	504.5	30.5
		ub :	47.3215	512.0268	37.9152
		lb :	31.6785	496.9732	23.0848
		P^-1:
			0.0473	0.0013	0.0037
			0.0013	0.0486	-0.0023
			0.0037	-0.0023	0.0429
	==================================================================================
	Q3:
		Shape: Ellipse
		q_c:	39.0	498.0	34.0
		ub :	42.6407	502.6972	37.6734
		lb :	35.3593	493.3028	30.3266
		P^-1:
			0.2776	0.0267	-0.1062
			0.0267	0.1301	0.1095
			-0.1062	0.1095	0.3493
	==================================================================================
	Q4:
		Shape: Ellipse
		q_c:	45.5	486.0	42.0
		ub :	52.8729	492.7386	49.5019
		lb :	38.1271	479.2614	34.4981
		P^-1:
			0.0431	0.0057	-0.0126
			0.0057	0.0484	0.0004
			-0.0126	0.0004	0.0535
	==================================================================================
	Q5:
		Shape: Hybrid
		q_c:	42.5	506.5	44.0
		ub :	46.0966	509.8124	48.7979
		lb :	38.9034	503.1876	39.2021
		P^-1:
			0.3924	-0.0408	0.1273
			-0.0408	0.4126	0.0996
			0.1273	0.0996	0.1333
		A:
			-0.9627	-0.2033	-0.1784
			-0.9035	-0.0477	-0.4259
			-0.0565	-0.8271	-0.5592
			0.3919	-0.6705	-0.63
			-0.5639	0.7514	-0.3427
			-0.47	0.8249	0.3141
		b:
			-150.6695
			-80.5242
			-444.8827
			-348.7637
			342.7967
			412.6498
	==================================================================================
	Q6:
		Shape: Ellipse
		q_c:	40.0	495.5	43.0
		ub :	45.5809	501.2056	48.3384
		lb :	34.4191	489.7944	37.6616
		P^-1:
			0.087	0.0312	0.0104
			0.0312	0.1075	-0.0401
			0.0104	-0.0401	0.126


===========================================================================================
===========================================================================================
S11:
	q_c:	393.5	358.5	213.0
	ub :	416.7788	377.709	225.8324
	lb :	374.5731	341.0361	196.5564

	==================================================================================
	Q1:
		Shape: Ellipse
		q_c:	380.0	355.0	209.0
		ub :	385.4269	361.8018	215.5079
		lb :	374.5731	348.1982	202.4921
		P^-1:
			0.0716	0.0086	0.0041
			0.0086	0.0673	0.0097
			0.0041	0.0097	0.0546
	==================================================================================
	Q2:
		Shape: Polyhedra
		q_c:	395.5	370.0	218.5
		ub :	403.4772	377.709	225.8324
		lb :	387.5228	362.291	211.1676
		A:
			-0.5074	0.1775	0.8432
			0.6296	0.7764	0.0291
			-0.0049	-0.8359	-0.5489
			0.4038	0.9148	-0.0126
			0.2797	-0.4859	0.8281
			0.2319	-0.854	-0.4657
			0.8396	0.4341	0.3265
			-0.3415	0.8893	-0.3041
			-0.4224	0.1438	0.8949
			-0.8396	-0.4341	-0.3265
			0.3415	-0.8893	0.3041
			0.4224	-0.1438	-0.8949
		b:
			53.7585
			547.7169
			-426.1651
			500.6387
			116.9286
			-320.9836
			569.0264
			133.0149
			86.211
			-559.0264
			-122.0149
			-77.211
	==================================================================================
	Q3:
		Shape: Hybrid
		q_c:	384.5	356.0	211.0
		ub :	389.2906	361.1725	217.1359
		lb :	379.7094	350.8275	204.8641
		P^-1:
			0.1062	-0.0101	0.0133
			-0.0101	0.0902	0.0274
			0.0133	0.0274	0.0752
		A:
			0.3087	-0.9145	-0.2614
			0.5459	0.025	0.8375
			0.3021	-0.3226	-0.897
			-0.9285	-0.2849	0.238
			0.6351	-0.6711	0.3825
			-0.2609	-0.9019	0.3443
		b:
			-260.4315
			397.3869
			-185.888
			-406.1079
			87.9009
			-346.0819
	==================================================================================
	Q4:
		Shape: Hybrid
		q_c:	396.0	360.5	215.5
		ub :	404.0646	365.9754	221.6362
		lb :	387.9354	355.0246	209.3638
		P^-1:
			0.0183	0.0034	0.0026
			0.0034	0.0943	-0.0276
			0.0026	-0.0276	0.0656
		A:
			-0.492	-0.0407	-0.8696
			-0.2662	-0.3941	0.8797
			-0.321	0.8992	-0.2972
			-0.19	0.6611	-0.7259
			-0.6593	0.72	-0.2167
			-0.3599	0.9296	-0.0793
		b:
			-393.5083
			-55.3408
			135.4449
			8.533
			-44.0833
			178.3477
	==================================================================================
	Q5:
		Shape: Ellipse
		q_c:	407.0	370.5	206.0
		ub :	416.7788	376.8191	215.4436
		lb :	397.2212	364.1809	196.5564
		P^-1:
			0.0269	-0.0065	-0.0137
			-0.0065	0.055	0.0084
			-0.0137	0.0084	0.0384
	==================================================================================
	Q6:
		Shape: Ellipse
		q_c:	391.0	348.5	204.0
		ub :	398.006	355.9639	210.2338
		lb :	383.994	341.0361	197.7662
		P^-1:
			0.0839	-0.0018	0.052
			-0.0018	0.0482	0.0277
			0.052	0.0277	0.1181


===========================================================================================
===========================================================================================
S12:
	q_c:	451.5	23.5	199.5
	ub :	460.126	33.044	208.1667
	lb :	446.9206	16.9041	192.6325

	==================================================================================
	Q1:
		Shape: Hybrid
		q_c:	451.5	29.0	203.5
		ub :	454.9737	33.044	207.5525
		lb :	448.0263	24.956	199.4475
		P^-1:
			0.1955	0.0435	0.0103
			0.0435	0.2003	0.0347
			0.0103	0.0347	0.1253
		A:
			-0.7323	-0.502	0.4602
			-0.5283	-0.1646	0.8329
			0.5816	-0.2317	0.7798
			0.9701	-0.2289	0.0805
			-0.5737	-0.5351	0.6201
			-0.1939	-0.5116	-0.837
		b:
			-250.1017
			-72.0306
			416.3744
			449.1978
			-146.7384
			-271.2849
	==================================================================================
	Q2:
		Shape: Hybrid
		q_c:	455.5	24.5	197.5
		ub :	460.126	27.6092	201.5979
		lb :	450.874	21.3908	193.4021
		P^-1:
			0.312	0.4081	0.0363
			0.4081	0.7448	0.0862
			0.0363	0.0862	0.1169
		A:
			0.3211	0.9432	0.0847
			0.8657	-0.3297	0.3767
			0.7341	0.5898	-0.3364
			-0.7323	-0.301	-0.6108
			-0.2852	-0.9148	-0.2859
			0.1385	0.8795	0.4553
		b:
			186.9071
			464.0496
			283.7913
			-459.3016
			-207.9092
			175.883
	==================================================================================
	Q3:
		Shape: Polyhedra
		q_c:	452.0	23.0	196.0
		ub :	454.9841	26.8626	199.0566
		lb :	449.0159	19.1374	192.9434
		A:
			-0.3261	0.4884	0.8094
			0.3349	0.1229	-0.9342
			0.3722	0.4568	-0.808
			0.7156	-0.0861	-0.6932
			0.8226	0.2705	0.5002
			-0.7504	-0.6379	0.1731
			0.4911	0.1018	0.8651
			-0.1329	0.9903	-0.0411
			-0.8609	-0.0947	0.4999
			-0.4911	-0.1018	-0.8651
			0.1329	-0.9903	0.0411
			0.8609	0.0947	-0.4999
		b:
			24.9658
			-26.8858
			22.6336
			187.233
			478.399
			-317.5914
			396.3921
			-41.8343
			-291.8306
			-391.3921
			48.8343
			294.8306
	==================================================================================
	Q4:
		Shape: Polyhedra
		q_c:	453.0	22.5	204.5
		ub :	457.2012	27.2427	208.1667
		lb :	448.7988	17.7573	200.8333
		A:
			0.6999	-0.6924	0.1753
			0.716	0.5446	-0.4367
			-0.9765	-0.1737	-0.1275
			-0.5103	-0.2192	-0.8316
			-0.5422	0.1458	0.8275
			-0.481	-0.168	0.8604
			0.8353	0.3626	0.4133
			-0.4627	0.0578	0.8846
			0.2969	-0.9302	0.2161
			-0.8353	-0.3626	-0.4133
			0.4627	-0.0578	-0.8846
			-0.2969	0.9302	-0.2161
		b:
			341.0219
			249.8716
			-469.8428
			-403.7399
			-71.0536
			-43.6133
			473.566
			-25.4151
			161.7362
			-468.566
			29.4151
			-153.7362
	==================================================================================
	Q5:
		Shape: Hybrid
		q_c:	450.0	20.0	194.5
		ub :	453.0794	23.0959	196.3675
		lb :	446.9206	16.9041	192.6325
		P^-1:
			0.9802	0.2703	-1.5154
			0.2703	0.3426	-0.6085
			-1.5154	-0.6085	3.0871
		A:
			-0.6655	-0.2151	0.7147
			0.4399	0.0527	-0.8965
			0.343	0.2392	-0.9084
			0.548	-0.0621	-0.8342
			-0.551	-0.4164	0.7232
			0.2783	0.1498	-0.9487
		b:
			-164.2325
			24.9828
			-17.2496
			83.5616
			-114.9836
			-55.8796
	==================================================================================
	Q6:
		Shape: Polyhedra
		q_c:	452.0	28.0	199.0
		ub :	455.3907	31.2529	202.2989
		lb :	448.6093	24.7471	195.7011
		A:
			0.7457	-0.4469	-0.4941
			0.8983	-0.2229	-0.3787
			0.4434	-0.3392	0.8297
			0.973	-0.2057	-0.1046
			0.897	-0.2986	-0.3258
			-0.8705	-0.367	0.3279
			0.7412	0.5729	0.3499
			-0.6275	0.7765	0.0578
			-0.2386	-0.2624	0.935
			-0.7412	-0.5729	-0.3499
			0.6275	-0.7765	-0.0578
			0.2386	0.2624	-0.935
		b:
			228.0622
			326.3907
			358.3288
			415.1763
			334.1542
			-336.0517
			423.1821
			-248.8844
			73.3747
			-418.1821
			251.8844
			-68.3747


===========================================================================================
===========================================================================================
S13:
	q_c:	430.0	424.0	63.0
	ub :	451.5545	438.3568	86.2328
	lb :	407.531	401.2831	44.2537

	==================================================================================
	Q1:
		Shape: Polyhedra
		q_c:	430.0	415.0	59.5
		ub :	436.8881	422.5343	65.0416
		lb :	423.1119	407.4657	53.9584
		A:
			-0.2037	0.2954	0.9334
			0.8794	-0.4484	0.1602
			-0.9289	0.3641	0.0681
			-0.2505	-0.9576	-0.1423
			0.8445	-0.0516	-0.533
			0.7401	-0.5779	-0.344
			0.6172	0.7652	0.1832
			0.7354	-0.4784	-0.4799
			-0.2796	0.4309	-0.858
			-0.6172	-0.7652	-0.1832
			-0.7354	0.4784	0.4799
			0.2796	-0.4309	0.858
		b:
			94.0234
			204.9621
			-240.8719
			-507.9709
			313.6504
			60.9778
			599.8505
			92.1614
			11.0536
			-587.8505
			-86.1614
			-4.0536
	==================================================================================
	Q2:
		Shape: Polyhedra
		q_c:	418.5	428.0	51.5
		ub :	425.1967	434.8339	58.7463
		lb :	411.8033	421.1661	44.2537
		A:
			-0.9214	0.3853	0.0511
			-0.4122	-0.7399	-0.5317
			-0.7336	-0.3031	-0.6082
			0.5884	-0.7933	-0.1564
			0.8106	0.3068	0.4987
			0.3691	0.8241	-0.4296
			0.3364	0.9278	0.1615
			0.9387	-0.3441	0.0213
