3D_35_9_6_c                l = 3

===========================================================================================
===========================================================================================
S1:
	q_c:	165.5	178.5	191.0
	ub :	176.8872	180.5114	195.0472
	lb :	159.646	167.5949	181.0529

	==================================================================================
	Q1:
		Shape: Ellipse
		q_c:	173.5	172.5	186.0
		ub :	176.8872	175.6982	188.7588
		lb :	170.1128	169.3018	183.2412
		P^-1:
			0.25	0.0	0.0
			0.0	0.25	0.0
			0.0	0.0	0.25
	==================================================================================
	Q2:
		Shape: Hybrid
		q_c:	164.0	176.0	191.5
		ub :	167.0384	179.4361	195.0472
		lb :	160.9616	172.5639	187.9528
		P^-1:
			0.221	-0.0744	0.0899
			-0.0744	0.2508	-0.1098
			0.0899	-0.1098	0.2927
		A:
			-0.4473	-0.3003	-0.8424
			0.1487	0.8228	-0.5486
			0.4329	0.0297	-0.901
			-0.2959	-0.891	0.3444
			-0.8548	0.4802	0.1965
			0.421	0.2984	0.8566
		b:
			-286.1127
			65.3635
			-94.719
			-137.9334
			-16.5199
			287.0228
	==================================================================================
	Q3:
		Shape: Polyhedra
		q_c:	162.5	170.5	191.5
		ub :	165.354	173.4051	194.6365
		lb :	159.646	167.5949	188.3635
		A:
			0.0045	0.5274	0.8496
			0.5601	-0.7344	-0.3833
			-0.6219	0.4608	0.6331
			0.793	0.5976	0.1184
			0.8671	0.3924	0.3068
			0.2064	0.5455	-0.8123
			0.0728	0.7047	0.7058
			-0.116	0.7088	-0.6958
			-0.9906	-0.0312	0.1333
			-0.0728	-0.7047	-0.7058
			0.116	-0.7088	0.6958
			0.9906	0.0312	-0.1333
		b:
			255.357
			-105.421
			100.993
			255.7547
			268.9194
			-26.9634
			269.1335
			-29.2415
			-138.2565
			-265.1335
			33.2415
			143.2565
	==================================================================================
	Q4:
		Shape: Ellipse
		q_c:	170.0	176.0	189.5
		ub :	173.169	178.2448	192.5625
		lb :	166.831	173.7552	186.4375
		P^-1:
			0.3218	-0.0238	0.1388
			-0.0238	0.4398	0.0269
			0.1388	0.0269	0.2872
	==================================================================================
	Q5:
		Shape: Polyhedra
		q_c:	167.5	177.0	187.5
		ub :	171.9112	180.5114	191.6038
		lb :	163.0888	173.4886	183.3962
		A:
			0.4537	-0.3041	0.8377
			-0.6594	-0.5527	0.5096
			0.3919	-0.8911	0.2288
			-0.5203	0.5861	-0.6211
			0.5507	0.8187	-0.1629
			0.3013	-0.8835	0.3586
			0.297	0.687	0.6631
			-0.9439	0.1063	0.3126
			0.1443	-0.7188	0.6801
			-0.297	-0.687	-0.6631
			0.9439	-0.1063	-0.3126
			-0.1443	0.7188	-0.6801
		b:
			181.2831
			-109.9197
			-47.0272
			-97.9405
			209.2831
			-36.8055
			298.6957
			-77.1675
			25.9603
			-292.6957
			84.1675
			-22.9603
	==================================================================================
	Q6:
		Shape: Ellipse
		q_c:	168.0	176.0	184.0
		ub :	169.9363	179.1728	186.9471
		lb :	166.0637	172.8272	181.0529
		P^-1:
			3.4492	1.1385	0.7291
			1.1385	0.5005	0.2563
			0.7291	0.2563	0.3213


===========================================================================================
===========================================================================================
S2:
	q_c:	160.5	514.0	19.5
	ub :	185.1735	528.1704	38.0173
	lb :	154.2439	498.0105	2.9316

	==================================================================================
	Q1:
		Shape: Hybrid
		q_c:	176.5	511.0	11.5
		ub :	185.1735	517.0259	20.0684
		lb :	167.8265	504.9741	2.9316
		P^-1:
			0.0452	0.0029	0.0205
			0.0029	0.062	-0.0035
			0.0205	-0.0035	0.0382
		A:
			0.1109	-0.836	0.5373
			0.298	-0.9466	0.1228
			0.8625	0.435	0.2587
			0.6056	-0.7605	0.2343
			-0.0622	-0.1581	-0.9855
			0.545	-0.8336	0.09
		b:
			-399.2206
			-427.5609
			379.8581
			-276.6608
			-99.3184
			-326.1855
	==================================================================================
	Q2:
		Shape: Hybrid
		q_c:	164.0	505.0	17.0
		ub :	167.0135	511.9895	23.4892
		lb :	160.9865	498.0105	10.5108
		P^-1:
			0.4242	0.0285	-0.0825
			0.0285	0.0477	0.0198
			-0.0825	0.0198	0.082
		A:
			-0.8065	0.3866	0.4473
			-0.805	-0.4777	0.3518
			-0.9152	-0.0918	0.3925
			-0.9432	-0.2145	0.2538
			0.6981	0.1977	0.6882
			0.9176	0.3735	0.1363
		b:
			72.2228
			-365.0278
			-188.7891
			-257.7003
			228.7674
			342.7826
	==================================================================================
	Q3:
		Shape: Ellipse
		q_c:	173.0	510.5	10.0
		ub :	177.4832	514.3736	14.7581
		lb :	168.5168	506.6264	5.2419
		P^-1:
			0.1443	-0.0056	0.0308
			-0.0056	0.158	0.0109
			0.0308	0.0109	0.0993
	==================================================================================
	Q4:
		Shape: Ellipse
		q_c:	172.5	522.5	13.0
		ub :	179.8049	528.1704	17.6575
		lb :	165.1951	516.8296	8.3425
		P^-1:
			0.1657	0.2023	-0.0118
			0.2023	0.2952	-0.022
			-0.0118	-0.022	0.0638
	==================================================================================
	Q5:
		Shape: Ellipse
		q_c:	160.0	508.5	33.0
		ub :	165.7561	513.3897	38.0173
		lb :	154.2439	503.6103	27.9827
		P^-1:
			0.0579	-0.0039	0.0256
			-0.0039	0.0975	-0.0325
			0.0256	-0.0325	0.1356
	==================================================================================
	Q6:
		Shape: Ellipse
		q_c:	172.0	518.0	13.0
		ub :	180.7242	523.5388	22.0331
		lb :	163.2758	512.4612	3.9669
		P^-1:
			0.0577	-0.0785	0.0228
			-0.0785	0.2025	-0.0486
			0.0228	-0.0486	0.0313


===========================================================================================
===========================================================================================
S3:
	q_c:	111.0	120.5	480.5
	ub :	135.2522	144.2898	508.2342
	lb :	90.8753	88.339	452.2122

	==================================================================================
	Q1:
		Shape: Polyhedra
		q_c:	108.5	103.0	468.0
		ub :	123.4697	117.661	478.9288
		lb :	93.5303	88.339	457.0712
		A:
			-0.7978	-0.0363	0.6018
			0.1509	0.0625	-0.9866
			-0.9746	-0.2237	0.0115
			-0.381	0.7331	-0.5634
			0.0788	-0.5266	-0.8464
			0.9746	-0.1498	-0.1662
			0.2815	0.1997	0.9386
			-0.7254	0.6846	0.0719
			-0.6282	-0.7011	0.3375
			-0.2815	-0.1997	-0.9386
			0.7254	-0.6846	-0.0719
			0.6282	0.7011	-0.3375
		b:
			200.6353
			-430.8855
			-114.0574
			-220.4605
			-433.8273
			22.0138
			497.8546
			34.961
			27.0885
			-482.8546
			-15.961
			-8.0885
	==================================================================================
	Q2:
		Shape: Polyhedra
		q_c:	117.5	125.0	492.5
		ub :	131.0992	141.4375	508.2342
		lb :	103.9008	108.5625	476.7658
		A:
			-0.0042	-0.3335	-0.9428
			0.8009	0.4741	-0.3657
			-0.0909	-0.9834	0.157
			0.4251	0.8668	-0.2607
			0.8755	-0.3728	0.3073
			0.0246	0.7706	-0.6368
			0.5828	0.6482	0.49
			-0.8099	0.5122	0.2857
			-0.0658	-0.5634	0.8236
			-0.5828	-0.6482	-0.49
			0.8099	-0.5122	-0.2857
			0.0658	0.5634	-0.8236
		b:
			-497.056
			-16.9677
			-46.5278
			39.439
			217.7643
			-203.551
			398.3443
			120.0689
			338.449
			-383.3443
			-99.0689
			-316.449
	==================================================================================
	Q3:
		Shape: Polyhedra
		q_c:	126.5	133.5	481.0
		ub :	133.4286	144.2898	490.0289
		lb :	119.5714	122.7102	471.9711
		A:
			-0.0967	-0.0111	-0.9952
			-0.363	-0.5469	0.7544
			0.9639	0.0234	-0.2652
			-0.377	0.2784	-0.8834
			-0.6666	-0.5045	0.5487
			0.8718	-0.2785	0.403
			0.1319	0.9208	0.367
			0.8553	0.0814	-0.5117
			-0.5011	0.3813	-0.7769
			-0.1319	-0.9208	-0.367
			-0.8553	-0.0814	0.5117
			0.5011	-0.3813	0.7769
		b:
			-486.9565
			248.777
			1.5717
			-430.8517
			117.3174
			271.2982
			325.6291
			-123.0433
			-381.6449
			-306.6291
			131.0433
			390.6449
	==================================================================================
	Q4:
		Shape: Ellipse
		q_c:	107.0	107.5	472.5
		ub :	120.6906	121.0165	485.3992
		lb :	93.3094	93.9835	459.6008
		P^-1:
			0.017	0.0021	0.0039
			0.0021	0.0133	0.0021
			0.0039	0.0021	0.0125
	==================================================================================
	Q5:
		Shape: Ellipse
		q_c:	97.0	116.0	492.0
		ub :	103.1247	122.1335	496.8619
		lb :	90.8753	109.8665	487.1381
		P^-1:
			0.1056	0.0873	0.0514
			0.0873	0.142	0.0485
			0.0514	0.0485	0.1171
	==================================================================================
	Q6:
		Shape: Polyhedra
		q_c:	118.0	120.5	468.5
		ub :	135.2522	137.7732	484.7878
		lb :	100.7478	103.2268	452.2122
		A:
			0.4401	0.8959	0.0604
			0.5006	0.7975	0.3368
			-0.2501	0.232	0.94
			-0.4648	0.7573	0.4587
			0.0573	0.9928	0.1055
			-0.0422	-0.4709	-0.8812
			0.3592	0.5116	0.7805
			0.7389	0.355	-0.5727
			-0.5701	0.7825	-0.2505
			-0.3592	-0.5116	-0.7805
			-0.7389	-0.355	0.5727
			0.5701	-0.7825	0.2505
		b:
			198.3984
			323.0378
			448.8456
			261.8826
			186.3231
			-464.5382
			479.7173
			-128.3588
			-79.327
			-459.7173
			148.3588
			101.327


===========================================================================================
===========================================================================================
S4:
	q_c:	474.5	262.5	347.5
	ub :	484.7927	271.753	361.9324
	lb :	464.7883	252.4505	338.7007

	==================================================================================
	Q1:
		Shape: Hybrid
		q_c:	474.5	261.5	343.5
		ub :	478.4478	264.6126	348.2993
		lb :	470.5522	258.3874	338.7007
		P^-1:
			0.1135	-0.0241	-0.0045
			-0.0241	0.2406	-0.0312
			-0.0045	-0.0312	0.0696
		A:
			-0.9471	-0.2956	0.1249
			0.4294	-0.8042	0.4109
			-0.2152	0.7993	-0.5611
			-0.7354	0.6448	-0.2084
			0.1992	-0.9782	0.058
			-0.833	0.1873	0.5206
		b:
			-481.8
			135.9328
			-84.3826
			-250.3982
			-140.3448
			-165.3046
	==================================================================================
	Q2:
		Shape: Polyhedra
		q_c:	477.5	259.5	356.0
		ub :	483.1803	265.8818	361.9324
		lb :	471.8197	253.1182	350.0676
		A:
			-0.5728	-0.7865	-0.231
			0.3457	-0.0855	-0.9344
			0.2349	-0.5808	0.7795
			0.5074	-0.4744	0.7194
			-0.7195	0.5524	0.4209
			0.8241	-0.3093	0.4746
			0.1617	0.422	0.8921
			-0.5301	0.7996	-0.2822
			-0.8324	-0.4272	0.3529
			-0.1617	-0.422	-0.8921
			0.5301	-0.7996	0.2822
			0.8324	0.4272	-0.3529
		b:
			-556.0903
			-185.914
			242.8857
			379.2667
			-46.5172
			486.1394
			508.2749
			-142.0702
			-379.1916
			-500.2749
			150.0702
			386.1916
	==================================================================================
	Q3:
		Shape: Polyhedra
		q_c:	480.5	267.0	353.5
		ub :	484.7927	271.4685	357.1782
		lb :	476.2073	262.5315	349.8218
		A:
			0.0454	0.8891	-0.4554
			0.845	-0.3907	-0.3652
			0.8781	-0.352	-0.3239
			-0.2218	-0.2843	0.9327
			-0.1822	-0.6455	-0.7417
			0.0796	0.3277	-0.9414
			0.6415	0.7172	0.2721
			0.584	-0.2267	-0.7795
			-0.4974	0.6589	-0.5643
			-0.6415	-0.7172	-0.2721
			-0.584	0.2267	0.7795
			0.4974	-0.6589	0.5643
		b:
			101.2034
			174.5839
			215.4819
			149.4342
			-519.5715
			-204.7106
			598.9246
			-53.9501
			-259.5465
			-592.9246
			56.9501
			265.5465
	==================================================================================
	Q4:
		Shape: Polyhedra
		q_c:	469.5	257.5	353.5
		ub :	473.6929	262.5495	357.8864
		lb :	465.3071	252.4505	349.1136
		A:
			-0.6732	0.1755	0.7183
			-0.0033	-0.0851	0.9964
			-0.4551	-0.8499	-0.2655
			0.7438	-0.3586	-0.5641
			0.0121	0.2913	-0.9565
			-0.8698	-0.4643	0.167
			0.8244	0.3106	0.4732
			0.1582	-0.9291	0.3342
			0.5434	-0.2006	-0.8151
			-0.8244	-0.3106	-0.4732
			-0.1582	0.9291	-0.3342
			-0.5434	0.2006	0.8151
		b:
			-14.9466
			331.383
			-522.9726
			59.7105
			-254.4909
			-465.9755
			637.2966
			-42.8443
			-82.6886
			-631.2966
			50.8443
			86.6886
	==================================================================================
	Q5:
		Shape: Polyhedra
		q_c:	479.5	263.5	351.0
		ub :	483.8152	268.9378	356.3144
		lb :	475.1848	258.0622	345.6856
		A:
			0.7683	0.0683	-0.6364
			-0.7036	-0.5313	0.472
			0.1821	-0.0275	-0.9829
			-0.3942	0.8911	0.2248
			0.7892	-0.5754	0.2147
			0.9383	-0.2352	-0.2535
			0.1726	0.5366	0.826
			0.5022	0.6735	-0.5424
			-0.8474	0.5084	-0.1532
			-0.1726	-0.5366	-0.826
			-0.5022	-0.6735	0.5424
			0.8474	-0.5084	0.1532
		b:
			166.0526
			-308.7079
			-261.2488
			127.8149
			304.6961
			301.6109
			518.0645
			230.8713
			-323.6377
			-510.0645
			-224.8713
			328.6377
	==================================================================================
	Q6:
		Shape: Hybrid
		q_c:	469.5	267.0	346.0
		ub :	474.2117	271.753	350.313
		lb :	464.7883	262.247	341.687
		P^-1:
			0.1174	0.0051	-0.0216
			0.0051	0.0883	0.0146
			-0.0216	0.0146	0.147
		A:
			0.6023	0.6669	0.4387
			-0.0051	0.1457	0.9893
			0.3883	-0.0535	0.92
			-0.2112	0.185	-0.9598
			0.2797	0.6156	0.7367
			0.8782	0.4309	0.2075
		b:
			614.4078
			380.1842
			487.9896
			-380.1855
			552.2122
			600.9234


===========================================================================================
===========================================================================================
S5:
	q_c:	200.0	146.0	301.5
	ub :	213.5111	157.109	319.4519
	lb :	189.1329	135.6541	283.5792

	==================================================================================
	Q1:
		Shape: Hybrid
		q_c:	199.0	143.5	298.5
		ub :	206.4003	147.5284	305.7392
		lb :	191.5997	139.4716	291.2608
		P^-1:
			0.0457	-0.0254	0.0024
			-0.0254	0.1533	-0.0107
			0.0024	-0.0107	0.041
		A:
			-0.388	0.8749	0.2898
			-0.8781	0.474	0.0653
			0.6036	-0.2035	-0.7709
			0.6858	0.7088	-0.1652
			0.1014	-0.6791	0.727
			0.4172	-0.6441	-0.6411
		b:
			136.6918
			-84.3313
			-135.5617
			192.0246
			142.3062
			-197.9366
	==================================================================================
	Q2:
		Shape: Hybrid
		q_c:	206.5	143.5	294.5
		ub :	212.9043	151.3459	301.9865
		lb :	200.0957	135.6541	287.0135
		P^-1:
			0.0559	0.0003	-0.0068
			0.0003	0.0258	0.0077
			-0.0068	0.0077	0.0539
		A:
			0.752	-0.3808	0.538
			0.3016	-0.4593	0.8355
			0.4519	0.7626	-0.4629
			-0.7685	0.1264	0.6272
			-0.345	-0.1534	0.926
			-0.0176	0.5797	0.8146
		b:
			262.2806
			245.9048
			70.2788
			46.1555
			181.9127
			322.0573
	==================================================================================
	Q3:
		Shape: Polyhedra
		q_c:	197.5	148.5	314.0
		ub :	205.8671	157.109	319.4519
		lb :	189.1329	139.891	308.5481
		A:
			-0.8708	-0.4891	0.0497
			-0.78	0.0603	-0.6229
			0.8116	0.5605	0.1647
			0.6857	-0.0284	0.7274
			0.9107	0.4062	0.0753
			0.2778	0.0576	-0.9589
			0.2508	0.186	0.95
			-0.4103	0.9093	-0.0697
			-0.8768	-0.3723	0.3044
			-0.2508	-0.186	-0.95
			0.4103	-0.9093	0.0697
			0.8768	0.3723	-0.3044
		b:
			-223.6116
			-336.0423
			300.4142
			363.903
			269.0914
			-233.4429
			378.9535
			38.6118
			-127.3835
			-371.9535
			-25.6118
			138.3835
	==================================================================================
	Q4:
		Shape: Ellipse
		q_c:	201.5	147.5	293.0
		ub :	208.1819	156.5029	302.4208
		lb :	194.8181	138.4971	283.5792
		P^-1:
			0.063	-0.0122	-0.0242
			-0.0122	0.0275	0.0075
			-0.0242	0.0075	0.0385
	==================================================================================
	Q5:
		Shape: Polyhedra
		q_c:	199.0	146.5	302.0
		ub :	207.2247	154.1398	310.6842
		lb :	190.7753	138.8602	293.3158
		A:
			0.5105	-0.7977	-0.3209
			0.0368	0.3412	0.9393
			-0.2258	-0.4593	-0.8591
			-0.045	0.1481	-0.9879
			0.3978	0.3041	-0.8656
			-0.0984	-0.5308	0.8418
			0.2705	0.8562	0.4401
			0.879	-0.0332	-0.4757
			-0.3927	0.5155	-0.7616
			-0.2705	-0.8562	-0.4401
			-0.879	0.0332	0.4757
			0.3927	-0.5155	0.7616
		b:
			-106.5504
			346.459
			-366.0375
			-280.7411
			-132.6358
			161.6512
			318.1818
			31.8861
			-228.1232
			-306.1818
			-20.8861
			237.1232
	==================================================================================
	Q6:
		Shape: Hybrid
		q_c:	208.0	145.0	306.0
		ub :	213.5111	149.0561	311.5493
		lb :	202.4889	140.9439	300.4507
		P^-1:
			0.0936	-0.0574	-0.0322
			-0.0574	0.2024	0.0503
			-0.0322	0.0503	0.0981
		A:
			-0.3347	-0.8235	0.4581
			-0.0804	0.6406	0.7636
			0.0605	-0.4475	0.8922
			-0.2561	-0.8643	-0.4328
			-0.9154	0.2987	0.27
			0.005	0.8926	0.4509
		b:
			-46.5211
			311.491
			223.3174
			-309.1628
			-62.4102
			269.8419


===========================================================================================
===========================================================================================
S6:
	q_c:	319.0	493.5	111.5
	ub :	332.4302	506.796	128.916
	lb :	302.3812	476.802	99.5409

	==================================================================================
	Q1:
		Shape: Ellipse
		q_c:	319.0	490.0	122.5
		ub :	325.4445	495.2283	128.916
		lb :	312.5555	484.7717	116.084
		P^-1:
			0.062	0.0114	0.0202
			0.0114	0.0791	0.0201
			0.0202	0.0201	0.0819
	==================================================================================
	Q2:
		Shape: Ellipse
		q_c:	307.5	484.0	121.0
		ub :	312.6188	491.198	126.6815
		lb :	302.3812	476.802	115.3185
		P^-1:
			0.1255	0.0245	0.0332
			0.0245	0.0337	0.0252
			0.0332	0.0252	0.1061
	==================================================================================
	Q3:
		Shape: Ellipse
		q_c:	316.5	500.5	108.0
		ub :	323.4189	506.796	114.7927
		lb :	309.5811	494.204	101.2073
		P^-1:
			0.0357	0.0043	0.0097
			0.0043	0.05	0.0173
			0.0097	0.0173	0.0689
	==================================================================================
	Q4:
		Shape: Ellipse
		q_c:	323.0	498.0	106.0
		ub :	330.3846	505.4329	112.4591
		lb :	315.6154	490.5671	99.5409
		P^-1:
			0.0525	0.0074	0.015
			0.0074	0.0581	-0.0164
			0.015	-0.0164	0.0666
	==================================================================================
	Q5:
		Shape: Ellipse
		q_c:	330.0	494.0	106.0
		ub :	332.4302	499.8401	111.9375
		lb :	327.5698	488.1599	100.0625
		P^-1:
			0.4259	-0.0759	-0.0312
			-0.0759	0.0755	0.0119
			-0.0312	0.0119	0.0549
	==================================================================================
	Q6:
		Shape: Hybrid
		q_c:	319.0	490.5	113.0
		ub :	326.2931	497.845	117.1235
		lb :	311.7069	483.155	108.8765
		P^-1:
			0.044	-0.0149	-0.012
			-0.0149	0.0531	-0.0257
			-0.012	-0.0257	0.1532
		A:
			-0.398	-0.238	-0.886
			-0.0912	0.6808	-0.7268
			-0.0865	0.0024	0.9962
			-0.1671	0.9784	-0.1214
			-0.8004	-0.5111	-0.3134
			0.7956	-0.3214	0.5136
		b:
			-340.8547
			224.6334
			87.5586
			416.0545
			-536.736
			157.1747


===========================================================================================
===========================================================================================
S7:
	q_c:	405.5	482.0	148.5
	ub :	424.884	508.8621	169.1046
	lb :	383.0069	466.9474	119.2176

	==================================================================================
	Q1:
		Shape: Hybrid
		q_c:	412.0	485.5	136.0
		ub :	420.42	493.2468	143.6874
		lb :	403.58	477.7532	128.3126
		P^-1:
			0.0594	-0.0239	0.0188
			-0.0239	0.0559	0.0202
			0.0188	0.0202	0.0657
		A:
			0.731	-0.1339	0.6692
			-0.0826	0.9749	-0.2068
			0.2429	0.7523	0.6124
			-0.0057	0.4859	-0.874
			0.5595	-0.7076	0.4317
			-0.8975	0.3036	-0.3198
		b:
			328.8936
			415.053
			550.9545
			118.9578
			-51.9045
			-263.9091
	==================================================================================
	Q2:
		Shape: Ellipse
		q_c:	417.0	494.0	142.0
		ub :	424.884	499.4198	149.9958
		lb :	409.116	488.5802	134.0042
		P^-1:
			0.1573	0.1651	0.1022
			0.1651	0.267	0.1006
			0.1022	0.1006	0.1004
	==================================================================================
	Q3:
		Shape: Hybrid
		q_c:	406.0	497.0	133.5
		ub :	420.8655	508.8621	147.7824
		lb :	391.1345	485.1379	119.2176
		P^-1:
			0.0137	0.0007	-0.0049
			0.0007	0.0169	-0.0023
			-0.0049	-0.0023	0.0145
		A:
			-0.9711	0.159	0.1778
			-0.1804	0.9382	0.2954
			0.0968	0.9931	-0.0664
			-0.9376	-0.086	0.3369
			-0.0096	-0.9675	0.2527
			0.1167	-0.8418	0.5271
		b:
			-286.4545
			437.0388
			528.2014
			-373.906
			-446.952
			-296.2881
	==================================================================================
	Q4:
		Shape: Hybrid
		q_c:	418.0	489.0	164.5
		ub :	424.0052	494.348	169.1046
		lb :	411.9948	483.652	159.8954
		P^-1:
			0.1201	-0.1626	0.1197
			-0.1626	0.47	-0.4413
			0.1197	-0.4413	0.5541
		A:
			-0.2396	-0.5447	0.8037
			0.3065	-0.4915	0.8152
			0.4948	-0.6222	0.6066
			-0.4056	0.8246	-0.3944
			0.8153	-0.4082	0.4107
			-0.3933	0.7827	-0.4823
		b:
			-232.9441
			22.8449
			3.3838
			169.8953
			211.2051
			139.869
	==================================================================================
	Q5:
		Shape: Ellipse
		q_c:	391.5	480.0	139.5
		ub :	399.9931	493.0526	151.9593
		lb :	383.0069	466.9474	127.0407
		P^-1:
			0.1622	-0.0561	-0.101
			-0.0561	0.032	0.0361
			-0.101	0.0361	0.0781
	==================================================================================
	Q6:
		Shape: Polyhedra
		q_c:	403.0	480.5	148.0
		ub :	411.5747	489.3182	152.1667
		lb :	394.4253	471.6818	143.8333
		A:
			0.7941	-0.6074	-0.0221
			0.5406	-0.6836	-0.4903
			0.3327	0.1432	0.9321
			-0.5196	0.5915	-0.6166
			-0.1462	0.6429	-0.7518
			-0.224	0.7506	-0.6216
			0.7122	0.6917	0.1197
			0.7011	-0.6921	-0.1716
			-0.0358	0.2061	-0.9779
			-0.7122	-0.6917	-0.1197
			-0.7011	0.6921	0.1716
			0.0358	-0.2061	0.9779
		b:
			30.3562
			-177.8728
			344.5183
			-12.3288
			142.3192
			182.5285
			643.5965
			-69.9252
			-57.6033
			-630.5965
			80.9252
			62.6033


===========================================================================================
===========================================================================================
S8:
	q_c:	368.5	328.5	308.5
	ub :	386.4755	351.82	333.7893
	lb :	351.0995	306.4353	290.2941

	==================================================================================
	Q1:
		Shape: Polyhedra
		q_c:	368.5	344.0	299.5
		ub :	377.8201	351.82	308.7059
		lb :	359.1799	336.18	290.2941
		A:
			-0.5782	-0.7327	-0.359
			0.2119	0.1432	0.9667
			0.3178	-0.384	0.8669
			0.1945	0.9637	0.1828
			-0.4335	0.659	-0.6147
			-0.5727	0.8144	0.0931
			0.4436	0.7972	0.4096
			0.6815	-0.0033	-0.7318
			-0.582	0.6038	-0.5448
			-0.4436	-0.7972	-0.4096
			-0.6815	0.0033	0.7318
			0.582	-0.6038	0.5448
		b:
			-566.6435
			422.416
			249.8076
			463.8186
			-112.1234
			102.3176
			566.3601
			36.3435
			-164.9227
			-554.3601
			-25.3435
			174.9227
	==================================================================================
	Q2:
		Shape: Hybrid
		q_c:	376.5	314.0	299.0
		ub :	386.4755	321.3985	307.0097
		lb :	366.5245	306.6015	290.9903
		P^-1:
			0.0195	-0.0039	0.0022
			-0.0039	0.0319	0.001
			0.0022	0.001	0.0272
		A:
			-0.0019	-0.6841	-0.7294
			0.3651	-0.9302	-0.0382
			0.5641	-0.5629	-0.6041
			-0.6101	0.6056	0.5108
			0.7463	0.5326	0.3992
			-0.8962	-0.3061	-0.3212
		b:
			-430.6047
			-163.2987
			-141.5337
			116.6172
			571.6472
			-525.2382
	==================================================================================
	Q3:
		Shape: Polyhedra
		q_c:	367.5	320.5	323.0
		ub :	377.3777	326.5657	333.7893
		lb :	357.6223	314.4343	312.2107
		A:
			0.0633	-0.8357	-0.5456
			0.5759	0.1841	-0.7965
			-0.3619	0.825	0.4341
			0.7289	-0.5384	-0.4229
			0.156	-0.8143	-0.5591
			0.1763	-0.7855	-0.5932
			0.8947	0.0807	0.4393
			-0.258	0.8962	0.361
			-0.3645	-0.4363	0.8226
			-0.8947	-0.0807	-0.4393
			0.258	-0.8962	-0.361
			0.3645	0.4363	-0.8226
		b:
			-418.0193
			21.5281
			273.9506
			-36.6127
			-381.5839
			-375.6926
			503.5526
			310.9911
			0.4077
			-489.5526
			-306.9911
			16.5923
	==================================================================================
	Q4:
		Shape: Hybrid
		q_c:	361.5	325.0	305.0
		ub :	370.5867	334.7924	313.5696
		lb :	352.4133	315.2076	296.4304
		P^-1:
			0.0318	-0.0029	-0.0086
			-0.0029	0.0287	0.0086
			-0.0086	0.0086	0.0403
		A:
			-0.3874	-0.7497	0.5365
			-0.1477	-0.871	-0.4685
			0.5846	-0.3958	0.7082
			0.5563	-0.3436	0.7566
			-0.4988	-0.0629	0.8644
			-0.0783	0.7092	0.7007
		b:
			-216.1552
			-476.1228
			302.8249
			324.2506
			65.5655
			418.5451
	==================================================================================
	Q5:
		Shape: Polyhedra
		q_c:	363.0	322.0	306.0
		ub :	374.9005	330.9591	318.2227
		lb :	351.0995	313.0409	293.7773
		A:
			-0.3654	0.8244	-0.4323
			-0.7493	0.6622	-0.0092
			-0.3722	0.3664	-0.8528
			0.0118	0.4757	0.8795
			0.0346	-0.8411	0.5398
			-0.0751	0.6992	-0.711
			0.5025	0.6846	0.528
			-0.54	0.7255	-0.4268
			-0.6752	-0.0707	0.7342
			-0.5025	-0.6846	-0.528
			0.54	-0.7255	0.4268
			0.6752	0.0707	-0.7342
		b:
			4.3312
			-56.6069
			-272.5346
			435.0925
			-87.8154
			-14.3141
			572.9244
			-89.4934
			-34.7009
			-555.9244
			96.4934
			51.7009
	==================================================================================
	Q6:
		Shape: Ellipse
		q_c:	365.0	315.0	317.5
		ub :	373.2965	323.5647	323.5385
		lb :	356.7035	306.4353	311.4615
		P^-1:
			0.3951	0.3394	-0.3348
			0.3394	0.3231	-0.3011
			-0.3348	-0.3011	0.3233


===========================================================================================
===========================================================================================
S9:
	q_c:	471.0	53.5	275.0
	ub :	488.8372	64.5629	291.6691
	lb :	459.0468	40.2861	257.1673

	==================================================================================
	Q1:
		Shape: Ellipse
		q_c:	465.5	50.0	264.0
		ub :	471.9532	55.7309	270.8327
		lb :	459.0468	44.2691	257.1673
		P^-1:
			0.1751	-0.1388	0.1321
			-0.1388	0.1733	-0.1369
			0.1321	-0.1369	0.169
	==================================================================================
	Q2:
		Shape: Polyhedra
		q_c:	482.0	49.5	279.5
		ub :	488.8372	55.787	286.7551
		lb :	475.1628	43.213	272.2449
		A:
			-0.5859	0.1892	0.788
			-0.6376	-0.6252	-0.45
			0.5467	-0.1848	0.8166
			-0.037	0.9768	0.211
			0.8866	-0.0063	0.4626
			-0.4153	0.5954	-0.6877
			0.8523	0.0986	0.5136
			-0.4575	-0.3352	0.8236
			0.2534	-0.937	-0.2406
			-0.8523	-0.0986	-0.5136
			0.4575	0.3352	-0.8236
			-0.2534	0.937	0.2406
		b:
			-47.926
			-459.9074
			486.8937
			94.0022
			560.3058
			-358.4613
			563.262
			-1.9183
			13.0215
			-555.262
			11.9183
			-4.0215
	==================================================================================
	Q3:
		Shape: Polyhedra
		q_c:	478.5	48.0	283.0
		ub :	482.8735	53.2	288.0887
		lb :	474.1265	42.8	277.9113
		A:
			0.7596	-0.5658	-0.3207
			0.7593	-0.4258	0.4921
			-0.8109	0.2668	0.5209
			-0.197	-0.0963	0.9757
			-0.8318	0.3627	0.4203
			0.8664	0.0866	-0.4919
			0.6903	0.4998	0.5232
			-0.1555	0.8087	-0.5673
			-0.7066	0.3102	0.6359
			-0.6903	-0.4998	-0.5232
			0.1555	-0.8087	0.5673
			0.7066	-0.3102	-0.6359
		b:
			247.8571
			485.5118
			-225.7488
			180.0481
			-259.5297
			281.875
			505.8577
			-192.6289
			-141.2672
			-498.8577
			199.6289
			145.2672
	==================================================================================
	Q4:
		Shape: Ellipse
		q_c:	479.0	46.0	274.0
		ub :	482.242	49.5696	277.4911
		lb :	475.758	42.4304	270.5089
		P^-1:
			0.4791	-0.2867	-0.2335
			-0.2867	0.3662	0.3127
			-0.2335	0.3127	0.4864
	==================================================================================
	Q5:
		Shape: Polyhedra
		q_c:	469.5	59.0	282.0
		ub :	478.0454	64.5629	290.4508
		lb :	460.9546	53.4371	273.5492
		A:
			0.6496	-0.3609	-0.6691
			-0.6421	-0.7192	0.2653
			0.4805	-0.5915	-0.6475
			0.4659	-0.3803	-0.7989
			-0.595	0.3291	0.7332
			0.1921	0.9044	-0.3811
			0.629	0.208	0.7491
			0.254	-0.9656	0.0548
			0.7348	0.1558	-0.6602
			-0.629	-0.208	-0.7491
			-0.254	0.9656	-0.0548
			-0.7348	-0.1558	0.6602
		b:
			99.0435
			-264.6196
			12.367
			-24.407
			-48.9544
			39.7591
			526.3179
			81.2526
			171.9815
			-511.3179
			-74.2526
			-163.9815
	==================================================================================
	Q6:
		Shape: Ellipse
		q_c:	473.5	44.5	285.5
		ub :	480.9766	48.7139	291.6691
		lb :	466.0234	40.2861	279.3309
		P^-1:
			0.0395	0.0014	0.0366
			0.0014	0.1435	0.0243
			0.0366	0.0243	0.1118


===========================================================================================
===========================================================================================
