3D_30_6_6_d                l = 3

===========================================================================================
===========================================================================================
S1:
	q_c:	195.5	387.0	380.0
	ub :	216.953	407.6155	396.9549
	lb :	178.3544	371.322	363.8653

	==================================================================================
	Q1:
		Shape: Polyhedra
		q_c:	200.0	379.0	387.0
		ub :	209.415	386.678	396.9549
		lb :	190.585	371.322	377.0451
		A:
			0.0526	0.8131	-0.5798
			0.5932	-0.7076	0.3839
			-0.2821	0.8141	0.5076
			0.199	-0.5262	-0.8267
			0.5114	0.1871	-0.8388
			-0.5403	-0.7754	0.3268
			0.6664	0.2786	0.6916
			-0.71	0.5203	0.4745
			-0.2277	-0.8073	0.5445
			-0.6664	-0.2786	-0.6916
			0.71	-0.5203	-0.4745
			0.2277	0.8073	-0.5445
		b:
			98.4107
			4.3339
			453.5206
			-473.6499
			-147.1647
			-270.6701
			515.0036
			242.8498
			-136.7654
			-498.0036
			-234.8498
			144.7654
	==================================================================================
	Q2:
		Shape: Hybrid
		q_c:	184.5	378.5	370.5
		ub :	190.3147	385.0786	377.1347
		lb :	178.6853	371.9214	363.8653
		P^-1:
			0.0485	0.0002	-0.0065
			0.0002	0.0995	-0.0653
			-0.0065	-0.0653	0.0891
		A:
			-0.2461	-0.9684	-0.0395
			-0.3946	0.6208	-0.6774
			-0.1283	0.3741	-0.9185
			-0.1566	0.1432	0.9772
			0.279	0.4359	-0.8557
			-0.0817	-0.9144	0.3964
		b:
			-423.18
			-86.979
			-220.1317
			391.0961
			-98.7161
			-212.4909
	==================================================================================
	Q3:
		Shape: Ellipse
		q_c:	209.5	396.5	375.0
		ub :	216.953	405.4268	382.5266
		lb :	202.047	387.5732	367.4734
		P^-1:
			0.0371	0.0049	0.0016
			0.0049	0.0308	-0.0005
			0.0016	-0.0005	0.0329
	==================================================================================
	Q4:
		Shape: Hybrid
		q_c:	195.0	395.5	380.5
		ub :	206.7553	407.6155	393.2988
		lb :	183.2447	383.3845	367.7012
		P^-1:
			0.0171	0.0041	0.0047
			0.0041	0.021	-0.003
			0.0047	-0.003	0.0202
		A:
			0.4145	0.0587	0.9082
			-0.7553	0.152	-0.6375
			-0.4799	-0.3447	-0.8067
			0.6754	-0.733	0.0814
			0.1882	-0.6614	-0.726
			-0.2412	0.3211	-0.9158
		b:
			452.9948
			-326.2128
			-533.445
			-122.0043
			-495.7815
			-265.1878
	==================================================================================
	Q5:
		Shape: Polyhedra
		q_c:	189.5	396.5	383.5
		ub :	200.6456	407.122	391.4258
		lb :	178.3544	385.878	375.5742
		A:
			-0.9364	-0.3509	-0.003
			0.8778	-0.4769	-0.0447
			0.6118	0.6856	-0.3945
			-0.4411	0.6951	0.5676
			-0.4944	0.8407	-0.2208
			-0.1893	0.0414	-0.9811
			0.8403	0.5415	0.0276
			0.5421	-0.8398	-0.0282
			0.0079	0.0386	-0.9992
			-0.8403	-0.5415	-0.0276
			-0.5421	0.8398	0.0282
			-0.0079	-0.0386	0.9992
		b:
			-308.8347
			-32.7373
			245.1248
			416.5212
			161.5267
			-388.1306
			393.5118
			-234.5659
			-358.8778
			-375.5118
			247.5659
			373.8778
	==================================================================================
	Q6:
		Shape: Hybrid
		q_c:	203.0	395.0	389.5
		ub :	207.1444	398.86	393.6337
		lb :	198.8556	391.14	385.3663
		P^-1:
			0.1642	-0.0004	-0.0842
			-0.0004	0.0816	0.0004
			-0.0842	0.0004	0.1674
		A:
			-0.9596	0.0387	0.2788
			0.4181	-0.8607	-0.2905
			-0.389	-0.1137	0.9142
			-0.7343	0.4449	-0.5127
			-0.9492	0.1703	0.2645
			-0.859	0.4314	0.2759
		b:
			-69.4758
			-366.0711
			233.5003
			-170.5725
			-20.8752
			105.1063


===========================================================================================
===========================================================================================
S2:
	q_c:	147.5	175.5	251.0
	ub :	166.3251	197.4129	273.0757
	lb :	121.7383	156.9012	236.3156

	==================================================================================
	Q1:
		Shape: Polyhedra
		q_c:	141.5	163.5	245.5
		ub :	148.0138	170.0988	251.2322
		lb :	134.9862	156.9012	239.7678
		A:
			-0.9555	0.1739	-0.2384
			-0.3333	0.8367	-0.4346
			0.3084	-0.3544	0.8828
			-0.5116	-0.1781	-0.8406
			-0.4729	-0.8574	0.2029
			-0.2407	0.8288	-0.5051
			0.7367	0.6648	0.124
			0.5597	-0.4966	-0.6634
			-0.3794	0.5581	-0.7379
			-0.7367	-0.6648	-0.124
			-0.5597	0.4966	0.6634
			0.3794	-0.5581	0.7379
		b:
			-161.5054
			-13.4845
			205.9601
			-304.1179
			-153.3857
			-18.9665
			247.3626
			-160.8534
			-140.1061
			-239.3626
			168.8534
			147.1061
	==================================================================================
	Q2:
		Shape: Polyhedra
		q_c:	133.5	175.5	261.5
		ub :	145.2617	182.5882	273.0757
		lb :	121.7383	168.4118	249.9243
		A:
			0.7922	-0.1432	0.5932
			0.8592	-0.2925	0.4197
			0.6968	0.3162	-0.6439
			0.7519	0.5213	0.4036
			0.4061	0.2765	0.871
			0.5161	0.3245	0.7927
			0.5225	0.6203	0.5849
			-0.4198	0.7843	-0.4568
			-0.7421	-0.0068	0.6702
			-0.5225	-0.6203	-0.5849
			0.4198	-0.7843	0.4568
			0.7421	0.0068	-0.6702
		b:
			240.9738
			178.8812
			-10.6979
			302.941
			335.9905
			338.2711
			336.5856
			-32.8478
			84.4887
			-326.5856
			42.8478
			-65.4887
	==================================================================================
	Q3:
		Shape: Polyhedra
		q_c:	157.5	178.5	257.5
		ub :	166.3251	186.629	264.0243
		lb :	148.6749	170.371	250.9757
		A:
			0.9344	-0.3152	-0.1661
			0.945	-0.3252	0.0343
			0.8229	-0.1633	-0.5442
			0.3039	-0.0371	0.952
			-0.9311	0.2516	-0.2642
			0.2119	0.2631	0.9412
			0.6824	0.712	0.1658
			0.6611	-0.6978	0.2759
			0.3121	-0.0787	-0.9468
			-0.6824	-0.712	-0.1658
			-0.6611	0.6978	-0.2759
			-0.3121	0.0787	0.9468
		b:
			52.793
			104.3191
			-34.9194
			291.1219
			-164.8405
			327.8796
			284.2411
			54.5983
			-204.191
			-270.2411
			-46.5983
			213.191
	==================================================================================
	Q4:
		Shape: Ellipse
		q_c:	148.0	190.5	245.0
		ub :	153.6765	197.4129	253.2381
		lb :	142.3235	183.5871	236.7619
		P^-1:
			0.0618	-0.0022	-0.0048
			-0.0022	0.0558	-0.0145
			-0.0048	-0.0145	0.0311
	==================================================================================
	Q5:
		Shape: Hybrid
		q_c:	136.5	175.0	241.5
		ub :	144.526	181.2073	246.6844
		lb :	128.474	168.7927	236.3156
		P^-1:
			0.0259	-0.0174	0.0014
			-0.0174	0.0749	-0.0059
			0.0014	-0.0059	0.0506
		A:
			0.4028	-0.9121	-0.0766
			0.663	-0.0557	-0.7465
			0.3025	-0.5492	0.779
			-0.1402	-0.6485	0.7482
			-0.5313	0.4898	-0.6912
			-0.0665	-0.9978	-0.0025
		b:
			-121.249
			-95.7398
			135.5922
			50.7092
			-151.0578
			-181.8667
	==================================================================================
	Q6:
		Shape: Polyhedra
		q_c:	152.0	174.0	260.0
		ub :	158.9874	181.1693	267.3507
		lb :	145.0126	166.8307	252.6493
		A:
			-0.306	-0.9428	0.132
			-0.0119	0.9994	0.0338
			-0.3261	0.2229	-0.9187
			0.0032	0.9943	0.1063
			-0.6326	-0.5665	0.5281
			-0.5154	-0.6322	0.5785
			0.7787	0.5919	0.2079
			-0.5243	0.4319	0.7339
			0.3446	-0.6805	0.6467
			-0.7787	-0.5919	-0.2079
			0.5243	-0.4319	-0.7339
			-0.3446	0.6805	-0.6467
		b:
			-172.4829
			185.0857
			-245.3971
			205.4054
			-53.2466
			-33.8095
			278.9191
			191.767
			106.1221
			-271.9191
			-180.767
			-98.1221


===========================================================================================
===========================================================================================
S3:
	q_c:	245.5	78.0	166.0
	ub :	265.0224	96.4978	174.6799
	lb :	232.1757	69.0358	152.8846

	==================================================================================
	Q1:
		Shape: Ellipse
		q_c:	250.5	76.0	157.5
		ub :	253.0725	78.3747	162.1154
		lb :	247.9275	73.6253	152.8846
		P^-1:
			0.4093	-0.3014	0.0659
			-0.3014	0.8204	-0.1208
			0.0659	-0.1208	0.0697
	==================================================================================
	Q2:
		Shape: Hybrid
		q_c:	257.5	77.0	164.0
		ub :	265.0224	84.9642	171.3007
		lb :	249.9776	69.0358	156.6993
		P^-1:
			0.0566	0.0076	-0.0106
			0.0076	0.0527	0.0137
			-0.0106	0.0137	0.0435
		A:
			0.9705	-0.1029	-0.2179
			0.7381	0.5424	0.4013
			0.9371	-0.177	-0.3007
			-0.7799	-0.3867	0.4921
			-0.0437	0.6819	0.7301
			0.0929	-0.6126	-0.7849
		b:
			208.4497
			299.8704
			180.5335
			-147.7452
			163.0723
			-149.853
	==================================================================================
	Q3:
		Shape: Ellipse
		q_c:	245.0	85.0	164.5
		ub :	249.9763	91.5775	171.6854
		lb :	240.0237	78.4225	157.3146
		P^-1:
			0.1047	0.0087	-0.0179
			0.0087	0.0491	-0.0079
			-0.0179	-0.0079	0.0398
	==================================================================================
	Q4:
		Shape: Polyhedra
		q_c:	242.0	89.5	168.5
		ub :	248.7864	96.4978	174.6799
		lb :	235.2136	82.5022	162.3201
		A:
			0.4104	0.8442	0.3449
			-0.5459	-0.7059	0.4513
			0.7551	0.5273	-0.3895
			0.354	-0.1291	0.9263
			-0.6107	-0.3591	-0.7058
			-0.7091	-0.4192	-0.567
			0.2666	0.6445	0.7166
			-0.9544	0.2801	0.1032
			-0.1342	-0.7115	0.6898
			-0.2666	-0.6445	-0.7166
			0.9544	-0.2801	-0.1032
			0.1342	0.7115	-0.6898
		b:
			236.6997
			-114.657
			169.1477
			234.3616
			-294.9213
			-300.5606
			246.4608
			-183.0037
			24.5718
			-239.4608
			194.0037
			-15.5718
	==================================================================================
	Q5:
		Shape: Ellipse
		q_c:	252.0	78.0	170.0
		ub :	256.5895	81.8963	174.0894
		lb :	247.4105	74.1037	165.9106
		P^-1:
			0.0818	-0.0409	0.0391
			-0.0409	0.2075	-0.0338
			0.0391	-0.0338	0.1832
	==================================================================================
	Q6:
		Shape: Ellipse
		q_c:	237.5	89.0	162.5
		ub :	242.8243	94.7463	166.4228
		lb :	232.1757	83.2537	158.5772
		P^-1:
			0.1866	0.1076	-0.1216
			0.1076	0.1244	-0.1172
			-0.1216	-0.1172	0.2845


===========================================================================================
===========================================================================================
S4:
	q_c:	487.0	167.5	498.5
	ub :	510.1795	190.377	512.9942
	lb :	468.8233	149.1184	477.828

	==================================================================================
	Q1:
		Shape: Hybrid
		q_c:	477.0	165.0	503.5
		ub :	485.1767	170.9822	512.9942
		lb :	468.8233	159.0178	494.0058
		P^-1:
			0.0591	-0.0058	0.0212
			-0.0058	0.074	-0.0092
			0.0212	-0.0092	0.0266
		A:
			0.0036	0.9704	0.2414
			0.0446	0.9556	0.2913
			-0.9888	0.0079	-0.1488
			0.0611	-0.9918	-0.1121
			0.9206	-0.3645	0.1399
			0.7665	-0.0533	0.6401
		b:
			285.9484
			328.323
			-542.7086
			-188.6605
			451.9055
			681.4979
	==================================================================================
	Q2:
		Shape: Ellipse
		q_c:	496.5	157.0	492.0
		ub :	503.1356	164.8816	499.2879
		lb :	489.8644	149.1184	484.7121
		P^-1:
			0.0492	-0.0008	-0.0017
			-0.0008	0.0465	-0.0062
			-0.0017	-0.0062	0.0362
	==================================================================================
	Q3:
		Shape: Hybrid
		q_c:	479.5	182.0	495.0
		ub :	483.2519	190.377	502.3304
		lb :	475.7481	173.623	487.6696
		P^-1:
			0.4191	-0.0885	-0.0481
			-0.0885	0.0374	0.01
			-0.0481	0.01	0.0294
		A:
			-0.6749	0.5739	-0.4638
			0.9426	-0.3338	0.0076
			-0.7937	0.4107	-0.4487
			-0.9822	0.1228	0.1421
			-0.9002	0.3998	-0.1725
			-0.7649	0.2711	0.5843
		b:
			-444.6846
			396.1414
			-524.5946
			-377.3779
			-442.307
			-25.4438
	==================================================================================
	Q4:
		Shape: Polyhedra
		q_c:	497.0	162.5	489.5
		ub :	504.6253	172.5965	498.0678
		lb :	489.3747	152.4035	480.9322
		A:
			-0.6406	0.5235	-0.5618
			-0.0481	0.5762	-0.8159
			0.7121	-0.2584	0.6528
			-0.3584	0.8246	-0.4376
			-0.786	-0.5725	0.2335
			-0.832	-0.2938	-0.4706
			0.9975	0.0702	0.0122
			0.014	-0.3608	0.9325
			0.0699	-0.93	-0.3609
			-0.9975	-0.0702	-0.0122
			-0.014	0.3608	-0.9325
			-0.0699	0.93	0.3609
		b:
			-501.6648
			-323.4923
			637.9919
			-251.3681
			-362.3593
			-684.5597
			520.1214
			410.7877
			-285.051
			-506.1214
			-398.7877
			301.051
	==================================================================================
	Q5:
		Shape: Hybrid
		q_c:	480.5	162.5	503.0
		ub :	486.7202	168.6833	508.5848
		lb :	474.2798	156.3167	497.4152
		P^-1:
			0.0985	0.0095	-0.0508
			0.0095	0.0634	-0.0197
			-0.0508	-0.0197	0.1099
		A:
			-0.5379	-0.1397	0.8313
			0.2963	0.2931	0.909
			-0.6046	0.3186	0.73
			0.4778	0.7995	-0.3641
			0.8106	-0.264	0.5227
			-0.807	-0.361	-0.4673
		b:
			138.3034
			650.1882
			130.2349
			178.4716
			612.4684
			-678.3765
	==================================================================================
	Q6:
		Shape: Ellipse
		q_c:	501.5	162.0	487.0
		ub :	510.1795	166.4732	496.172
		lb :	492.8205	157.5268	477.828
		P^-1:
			0.0516	-0.0018	-0.0336
			-0.0018	0.0815	-0.002
			-0.0336	-0.002	0.044


===========================================================================================
===========================================================================================
S5:
	q_c:	244.0	128.0	148.0
	ub :	265.3992	137.4334	174.4112
	lb :	226.939	109.3487	130.7466

	==================================================================================
	Q1:
		Shape: Polyhedra
		q_c:	257.0	126.0	144.5
		ub :	263.9954	132.3405	151.2946
		lb :	250.0046	119.6595	137.7054
		A:
			-0.8681	-0.3919	-0.3048
			-0.9509	-0.2891	-0.1102
			-0.9832	-0.1759	-0.0486
			0.9218	0.2749	-0.2735
			-0.7276	-0.5338	-0.4309
			-0.8919	-0.4442	-0.0849
			0.7782	0.486	0.3977
			-0.4474	-0.0153	0.8942
			0.4407	-0.8738	0.2056
			-0.7782	-0.486	-0.3977
			0.4474	0.0153	-0.8942
			-0.4407	0.8738	-0.2056
		b:
			-313.4331
			-293.3412
			-278.2263
			236.0476
			-313.4928
			-294.1747
			321.7078
			17.3002
			38.3529
			-315.7078
			-7.3002
			-27.3529
	==================================================================================
	Q2:
		Shape: Ellipse
		q_c:	257.5	129.0	159.5
		ub :	265.3992	137.4334	168.8136
		lb :	249.6008	120.5666	150.1864
		P^-1:
			0.1728	-0.1977	-0.0641
			-0.1977	0.2597	0.0792
			-0.0641	0.0792	0.0413
	==================================================================================
	Q3:
		Shape: Ellipse
		q_c:	242.5	128.5	149.5
		ub :	250.6483	136.1137	158.5533
		lb :	234.3517	120.8863	140.4467
		P^-1:
			0.0413	-0.0041	-0.0112
			-0.0041	0.0473	-0.0057
			-0.0112	-0.0057	0.0338
	==================================================================================
	Q4:
		Shape: Hybrid
		q_c:	232.0	119.5	149.0
		ub :	237.061	129.6513	158.8603
		lb :	226.939	109.3487	139.1397
		P^-1:
			0.0624	0.0016	-0.0015
			0.0016	0.0361	0.0257
			-0.0015	0.0257	0.0376
		A:
			-0.3653	0.8958	-0.253
			-0.7707	-0.3367	-0.541
			0.985	-0.1649	0.0504
			0.7622	0.5296	0.3724
			-0.1822	0.9781	0.101
			0.7097	-0.4154	-0.569
		b:
			-9.1789
			-297.3885
			218.6763
			297.6587
			94.4586
			32.2721
	==================================================================================
	Q5:
		Shape: Hybrid
		q_c:	248.5	128.0	165.0
		ub :	255.8942	136.4804	174.4112
		lb :	241.1058	119.5196	155.5888
		P^-1:
			0.0327	0.0001	0.0012
			0.0001	0.0278	0.0
			0.0012	0.0	0.0281
		A:
			-0.7801	-0.2733	-0.5628
			0.5355	-0.0815	0.8406
			0.739	-0.6737	0.0033
			0.2019	-0.9732	-0.1098
			-0.292	-0.7163	-0.6338
			-0.0343	0.2481	0.9681
		b:
			-318.8502
			264.3416
			100.9677
			-89.2889
			-265.6631
			186.213
	==================================================================================
	Q6:
		Shape: Hybrid
		q_c:	236.5	117.5	136.5
		ub :	244.9431	122.4031	142.2534
		lb :	228.0569	112.5969	130.7466
		P^-1:
			0.0243	0.0015	-0.0192
			0.0015	0.0493	0.0007
			-0.0192	0.0007	0.0752
		A:
			-0.7904	0.2812	-0.5443
			0.0141	-0.3148	0.949
			-0.7698	-0.2706	0.5781
			-0.2193	-0.4558	-0.8626
			-0.5174	0.0239	0.8554
			-0.6946	-0.3177	0.6454
		b:
			-222.7671
			98.346
			-131.6467
			-220.0973
			-0.7494
			-110.6141


===========================================================================================
===========================================================================================
S6:
	q_c:	115.5	327.0	183.5
	ub :	125.5109	335.1123	190.158
	lb :	108.0385	318.3794	174.8176

	==================================================================================
	Q1:
		Shape: Ellipse
		q_c:	116.5	322.5	184.5
		ub :	120.5495	326.6206	188.2501
		lb :	112.4505	318.3794	180.7499
		P^-1:
			0.0871	0.0227	0.0185
			0.0227	0.1792	0.0669
			0.0185	0.0669	0.1765
	==================================================================================
	Q2:
		Shape: Polyhedra
		q_c:	120.0	324.0	181.0
		ub :	122.396	327.1338	184.4594
		lb :	117.604	320.8662	177.5406
		A:
			0.4331	0.1098	0.8946
			-0.0415	0.335	0.9413
			-0.3028	-0.0763	0.95
			-0.3698	-0.8428	-0.3911
			-0.7127	-0.6861	0.1463
			-0.6223	0.0502	-0.7811
			0.9328	0.2109	0.2921
			0.0528	-0.882	0.4682
			0.3564	-0.4213	-0.8339
			-0.9328	-0.2109	-0.2921
			-0.0528	0.882	-0.4682
			-0.3564	0.4213	0.8339
		b:
			251.5035
			276.3484
			113.2735
			-386.2354
			-279.6072
			-197.9986
			234.656
			-192.7013
			-242.1767
			-231.656
			196.7013
			247.1767
	==================================================================================
	Q3:
		Shape: Hybrid
		q_c:	111.5	324.5	180.0
		ub :	114.9615	327.4112	183.3132
		lb :	108.0385	321.5888	176.6868
		P^-1:
			0.2208	-0.0825	-0.1332
			-0.0825	0.414	-0.0491
			-0.1332	-0.0491	0.3651
		A:
			-0.4574	0.7463	0.4835
			-0.0192	-0.3775	0.9258
			0.7176	-0.5606	-0.4134
			-0.7083	0.0274	0.7054
			0.8242	-0.3495	-0.4456
			0.1926	0.9043	0.3811
		b:
			278.9689
			42.9612
			-175.4533
			57.7478
			-100.7312
			384.9462
	==================================================================================
	Q4:
		Shape: Ellipse
		q_c:	115.0	329.0	179.0
		ub :	120.4577	333.3032	183.1824
		lb :	109.5423	324.6968	174.8176
		P^-1:
			0.1312	0.1442	0.0452
			0.1442	0.3155	0.1114
			0.0452	0.1114	0.1582
	==================================================================================
	Q5:
		Shape: Polyhedra
		q_c:	115.5	325.0	187.0
		ub :	118.5349	327.0873	190.158
		lb :	112.4651	322.9127	183.842
		A:
			-0.6638	-0.6646	-0.3431
			0.7847	-0.4345	-0.442
			0.4172	0.8908	-0.18
			-0.5558	-0.4083	-0.7241
			-0.5357	-0.8435	0.0403
			-0.322	0.3619	-0.8748
			0.4968	0.826	0.2665
			0.771	-0.561	0.3014
			0.3984	0.0558	-0.9155
			-0.4968	-0.826	-0.2665
			-0.771	0.561	-0.3014
			-0.3984	-0.0558	0.9155
		b:
			-355.7359
			-131.0015
			305.4165
			-330.7547
			-327.2473
			-80.9205
			376.6467
			-34.9002
			-104.5615
			-374.6467
			38.9002
			109.5615
	==================================================================================
	Q6:
		Shape: Hybrid
		q_c:	121.0	333.0	184.0
		ub :	125.5109	335.1123	187.5425
		lb :	116.4891	330.8877	180.4575
		P^-1:
			0.1245	-0.0002	0.1408
			-0.0002	0.4444	0.0001
			0.1408	0.0001	0.3825
		A:
			-0.3498	0.9353	0.0541
			-0.9236	0.0772	-0.3756
			0.4074	0.9013	-0.147
			0.8681	-0.3984	-0.2961
			0.4476	0.1817	0.8756
			-0.5874	-0.0127	-0.8092
		b:
			280.2808
			-152.928
			323.8351
			-79.1464
			276.5376
			-223.2672


===========================================================================================
===========================================================================================
