3D_30_10_6_e                l = 3

===========================================================================================
===========================================================================================
S1:
	q_c:    513.5000    349.0000    458.5000
	ub :    524.0000    365.0000    465.0000
	lb :    503.0000    333.0000    452.0000

	==================================================================================
	Q1:
		Shape: Ellipse
		q_c:    509.5000    343.5000    459.5000
		ub :    512.5917    348.5656    463.7843
		lb :    506.4083    338.4344    455.2157
		P^-1: 
			    0.2370    0.0430    0.0199
			    0.0430    0.0975    -0.0373
			    0.0199    -0.0373    0.1380
	==================================================================================
	Q2:
		Shape: Polyhedra
		q_c:    516.5000    344.0000    466.0000
		ub :    521.1726    349.0225    469.5546
		lb :    511.8274    338.9775    462.4454
		A:
			    0.0140    -0.1692    0.9855
			    -0.1467    -0.3263    -0.9338
			    -0.1228    0.3358    0.9339
			    0.9263    0.3299    -0.1821
			    -0.1436    -0.8782    0.4562
			    -0.3422    -0.2877    -0.8945
			    0.7444    0.6040    0.2846
			    -0.0551    -0.3692    0.9277
			    0.6655    -0.7063    -0.2415
			    -0.7444    -0.6040    -0.2846
			    0.0551    0.3692    -0.9277
			    -0.6655    0.7063    0.2415
		b:
			    410.3380
			    -620.5879
			    489.9853
			    510.0571
			    -161.0834
			    -689.9714
			    727.9034
			    278.8399
			    -8.2877
			    -721.9034
			    -274.8399
			    15.2877
	==================================================================================
	Q3:
		Shape: Hybrid
		q_c:    513.5000    349.5000    454.5000
		ub :    516.8407    352.6308    456.9735
		lb :    510.1593    346.3692    452.0265
		P^-1: 
			    0.2761    0.1957    0.1650
			    0.1957    0.5061    0.3395
			    0.1650    0.3395    0.6278
		A:
			    0.3562    0.9300    -0.0902
			    -0.0532    0.2680    -0.9619
			    0.2540    0.9159    0.3108
			    0.5540    0.6445    0.5270
			    -0.3725    -0.6415    -0.6706
			    -0.8212    0.1127    -0.5594
		b:
			    468.1972
			    -369.4824
			    592.6880
			    749.8748
			    -719.7861
			    -634.9735
	==================================================================================
	Q4:
		Shape: Polyhedra
		q_c:    515.0000    352.0000    463.5000
		ub :    518.9762    356.8339    468.2090
		lb :    511.0238    347.1661    458.7910
		A:
			    0.0345    0.7370    -0.6750
			    -0.5740    0.4576    0.6791
			    -0.9084    0.2379    -0.3437
			    0.7691    -0.3941    0.5031
			    -0.8543    -0.3784    0.3565
			    0.6742    0.4602    -0.5777
			    0.3265    0.7942    0.5126
			    0.8588    -0.0228    -0.5117
			    -0.3947    0.6073    -0.6895
			    -0.3265    -0.7942    -0.5126
			    -0.8588    0.0228    0.5117
			    0.3947    -0.6073    0.6895
		b:
			    -33.4593
			    183.1468
			    -541.1292
			    492.7408
			    -405.3593
			    243.7241
			    689.7503
			    199.0960
			    -307.1059
			    -680.7503
			    -195.0960
			    311.1059
	==================================================================================
	Q5:
		Shape: Polyhedra
		q_c:    517.0000    351.5000    460.5000
		ub :    520.2048    354.5078    464.2894
		lb :    513.7952    348.4922    456.7106
		A:
			    -0.4912    -0.2941    -0.8199
			    0.7066    -0.5923    0.3872
			    -0.8540    0.0837    -0.5135
			    0.0361    -0.7725    -0.6340
			    0.0098    -0.8007    0.5989
			    0.2225    0.9730    -0.0620
			    0.0791    0.9755    0.2052
			    0.6410    0.1078    -0.7599
			    -0.7634    0.1916    -0.6168
			    -0.0791    -0.9755    -0.2052
			    -0.6410    -0.1078    0.7599
			    0.7634    -0.1916    0.6168
		b:
			    -733.1250
			    336.8921
			    -647.4061
			    -542.1830
			    1.9528
			    431.0873
			    480.7767
			    22.8913
			    -610.3729
			    -475.7767
			    -15.8913
			    612.3729
	==================================================================================
	Q6:
		Shape: Polyhedra
		q_c:    517.5000    344.5000    462.0000
		ub :    521.5651    348.7547    466.5697
		lb :    513.4349    340.2453    457.4303
		A:
			    0.4695    -0.8504    0.2377
			    -0.9596    -0.2814    -0.0069
			    -0.2356    -0.5626    0.7925
			    -0.6941    0.5973    0.4019
			    0.8873    0.3408    0.3106
			    -0.3834    0.0169    0.9234
			    0.6986    0.3429    0.6281
			    -0.7121    0.4193    0.5631
			    -0.0703    -0.8406    0.5370
			    -0.6986    -0.3429    -0.6281
			    0.7121    -0.4193    -0.5631
			    0.0703    0.8406    -0.5370
		b:
			    62.6497
			    -594.0900
			    53.0302
			    35.7135
			    722.3215
			    237.1333
			    771.7836
			    39.5986
			    -75.3499
			    -767.7836
			    -32.5986
			    80.3499


===========================================================================================
===========================================================================================
S2:
	q_c:    526.5000    254.0000    161.0000
	ub :    550.0000    277.0000    175.0000
	lb :    503.0000    231.0000    147.0000

	==================================================================================
	Q1:
		Shape: Ellipse
		q_c:    529.0000    270.0000    167.0000
		ub :    539.0783    281.1665    179.4985
		lb :    518.9217    258.8335    154.5015
		P^-1: 
			    0.0236    -0.0030    -0.0057
			    -0.0030    0.0195    -0.0012
			    -0.0057    -0.0012    0.0189
	==================================================================================
	Q2:
		Shape: Polyhedra
		q_c:    536.0000    272.5000    153.5000
		ub :    545.9811    280.7720    164.3022
		lb :    526.0189    264.2280    142.6978
		A:
			    0.6178    0.0552    -0.7844
			    0.6511    -0.2928    -0.7003
			    0.8103    -0.5851    0.0323
			    0.2974    0.5762    -0.7613
			    0.5142    -0.7818    0.3527
			    0.1692    -0.9208    0.3514
			    0.4490    0.2006    0.8707
			    -0.8070    0.5093    0.2988
			    -0.3836    -0.8369    0.3905
			    -0.4490    -0.2006    -0.8707
			    0.8070    -0.5093    -0.2988
			    0.3836    0.8369    -0.3905
		b:
			    231.5563
			    167.6561
			    285.6162
			    204.9882
			    122.4257
			    -101.3017
			    437.4712
			    -242.4011
			    -369.1887
			    -420.4712
			    253.4011
			    378.1887
	==================================================================================
	Q3:
		Shape: Hybrid
		q_c:    534.5000    246.5000    174.5000
		ub :    539.6949    252.7690    180.2308
		lb :    529.3051    240.2310    168.7692
		P^-1: 
			    0.0497    0.0008    0.0018
			    0.0008    0.0344    0.0062
			    0.0018    0.0062    0.0608
		A:
			    -0.6250    -0.6841    0.3760
			    -0.3930    0.9073    0.1493
			    0.3128    -0.2339    -0.9206
			    -0.6963    -0.1980    0.6899
			    0.9163    0.1933    0.3507
			    -0.2578    -0.4488    -0.8556
		b:
			    -434.0006
			    42.8770
			    -49.0010
			    -298.1290
			    600.9977
			    -395.6276
	==================================================================================
	Q4:
		Shape: Polyhedra
		q_c:    533.5000    249.5000    170.0000
		ub :    544.0929    259.3559    178.5883
		lb :    522.9071    239.6441    161.4117
		A:
			    0.5574    0.7185    -0.4160
			    -0.0916    -0.6038    -0.7919
			    -0.8622    0.0553    -0.5035
			    0.3727    0.3149    0.8729
			    -0.7430    0.3450    -0.5735
			    0.0741    -0.3204    -0.9444
			    0.5100    0.8455    0.1582
			    0.8083    -0.4083    -0.4241
			    -0.2940    0.3442    -0.8917
			    -0.5100    -0.8455    -0.1582
			    -0.8083    0.4083    0.4241
			    0.2940    -0.3442    0.8917
		b:
			    411.9364
			    -327.9398
			    -525.8339
			    431.2615
			    -402.0513
			    -194.8447
			    515.9390
			    264.7851
			    -217.5739
			    -503.9390
			    -249.7851
			    227.5739
	==================================================================================
	Q5:
		Shape: Polyhedra
		q_c:    517.5000    261.0000    173.0000
		ub :    525.6879    271.2187    183.1412
		lb :    509.3121    250.7813    162.8588
		A:
			    -0.9579    -0.2204    -0.1838
			    0.8666    -0.4938    -0.0720
			    0.9228    -0.0066    0.3852
			    0.0059    0.8570    0.5152
			    -0.0284    0.1209    0.9923
			    -0.7644    0.3978    -0.5074
			    0.7395    0.4268    0.5205
			    0.6528    -0.2662    -0.7092
			    -0.1641    0.8643    -0.4755
			    -0.7395    -0.4268    -0.5205
			    -0.6528    0.2662    0.7092
			    0.1641    -0.8643    0.4755
		b:
			    -580.5835
			    313.4943
			    547.3484
			    321.7716
			    194.3348
			    -373.0983
			    588.1493
			    151.6580
			    66.3919
			    -580.1493
			    -139.6580
			    -50.3919
	==================================================================================
	Q6:
		Shape: Hybrid
		q_c:    518.0000    245.0000    168.0000
		ub :    524.0656    250.5211    173.7335
		lb :    511.9344    239.4789    162.2665
		P^-1: 
			    0.0910    0.0443    0.0358
			    0.0443    0.1255    -0.0062
			    0.0358    -0.0062    0.0946
		A:
			    -0.5697    -0.4258    -0.7030
			    -0.1192    -0.8508    0.5118
			    -0.7841    -0.2997    -0.5434
			    0.3728    0.6968    -0.6128
			    0.5485    0.6193    0.5618
			    -0.8733    -0.4872    -0.0028
		b:
			    -516.0556
			    -182.6017
			    -569.4296
			    262.7190
			    531.6191
			    -570.3141


===========================================================================================
===========================================================================================
S3:
	q_c:    220.5000    220.5000    398.0000
	ub :    245.0000    237.0000    400.0000
	lb :    196.0000    204.0000    396.0000

	==================================================================================
	Q1:
		Shape: Polyhedra
		q_c:    221.0000    221.5000    397.0000
		ub :    222.2814    222.9825    398.3395
		lb :    219.7186    220.0175    395.6605
		A:
			    -0.7562    -0.5138    -0.4051
			    -0.1185    -0.8025    -0.5847
			    0.4173    -0.2182    -0.8822
			    0.6461    0.1598    -0.7463
			    -0.3160    0.4466    -0.8370
			    -0.4119    -0.5871    -0.6969
			    0.7303    0.3917    0.5597
			    0.6113    -0.7404    -0.2795
			    0.3049    0.5463    -0.7801
			    -0.7303    -0.3917    -0.5597
			    -0.6113    0.7404    0.2795
			    -0.3049    -0.5463    0.7801
		b:
			    -441.2395
			    -435.3123
			    -305.3778
			    -117.1049
			    -302.3311
			    -497.1309
			    470.8565
			    -138.8530
			    -120.3182
			    -469.8565
			    140.8530
			    122.3182
	==================================================================================
	Q2:
		Shape: Ellipse
		q_c:    220.5000    221.5000    400.0000
		ub :    222.2233    223.1285    401.4555
		lb :    218.7767    219.8715    398.5445
		P^-1: 
			    1.0000    -0.0000    0.0000
			    -0.0000    1.0000    -0.0000
			    0.0000    -0.0000    1.0000
	==================================================================================
	Q3:
		Shape: Hybrid
		q_c:    222.0000    219.5000    400.0000
		ub :    223.7157    221.5239    401.9167
		lb :    220.2843    217.4761    398.0833
		P^-1: 
			    0.9628    -0.0843    -0.1104
			    -0.0843    0.8092    -0.2500
			    -0.1104    -0.2500    0.6725
		A:
			    -0.6249    0.5125    0.5890
			    0.2466    -0.0319    0.9686
			    -0.6181    0.1929    -0.7621
			    -0.1505    -0.4360    0.8873
			    0.1156    0.3108    -0.9434
			    -0.3485    0.7997    -0.4890
		b:
			    210.0701
			    436.0136
			    -398.9778
			    226.4110
			    -282.8382
			    -96.9281
	==================================================================================
	Q4:
		Shape: Polyhedra
		q_c:    223.5000    222.5000    399.0000
		ub :    224.9931    223.6547    400.4302
		lb :    222.0069    221.3453    397.5698
		A:
			    0.5537    0.7712    -0.3140
			    -0.0293    -0.6264    -0.7789
			    0.9538    0.2001    0.2240
			    -0.8271    -0.2695    0.4933
			    0.5091    -0.6326    -0.5836
			    0.5807    0.7194    0.3812
			    0.5684    0.0937    0.8174
			    -0.1092    0.9933    -0.0380
			    -0.8155    -0.0677    0.5748
			    -0.5684    -0.0937    -0.8174
			    0.1092    -0.9933    0.0380
			    0.8155    0.0677    -0.5748
		b:
			    171.0846
			    -455.7133
			    348.0671
			    -46.9978
			    -258.8235
			    442.9309
			    475.0379
			    182.4461
			    33.0141
			    -473.0379
			    -180.4461
			    -31.0141
	==================================================================================
	Q5:
		Shape: Polyhedra
		q_c:    222.5000    218.5000    399.5000
		ub :    223.9716    220.3734    401.4147
		lb :    221.0284    216.6266    397.5853
		A:
			    -0.7377    0.3263    -0.5911
			    -0.9178    -0.1616    0.3626
			    -0.6342    -0.4084    -0.6565
			    0.9723    0.2115    -0.0998
			    0.9957    0.0045    0.0926
			    0.1749    0.8719    0.4573
			    0.7798    0.5913    0.2059
			    0.6245    -0.7109    -0.3235
			    -0.0449    0.3808    -0.9235
			    -0.7798    -0.5913    -0.2059
			    -0.6245    0.7109    0.3235
			    0.0449    -0.3808    0.9235
		b:
			    -327.7062
			    -93.6025
			    -491.4849
			    223.6731
			    260.5443
			    413.1388
			    385.9419
			    -144.6338
			    -294.2352
			    -383.9419
			    146.6338
			    297.2352
	==================================================================================
	Q6:
		Shape: Polyhedra
		q_c:    222.0000    220.5000    397.5000
		ub :    223.8619    222.2400    398.4621
		lb :    220.1381    218.7600    396.5379
		A:
			    -0.4940    -0.0456    -0.8683
			    0.1436    -0.3248    0.9348
			    0.8398    -0.3403    0.4230
			    0.3697    0.0526    0.9277
			    -0.3552    0.0796    0.9314
			    -0.3553    0.1190    0.9272
			    0.7447    0.6254    0.2333
			    0.6134    -0.7790    0.1303
			    0.2632    0.0461    -0.9636
			    -0.7447    -0.6254    -0.2333
			    -0.6134    0.7790    -0.1303
			    -0.2632    -0.0461    0.9636
		b:
			    -463.8165
			    332.5149
			    280.6917
			    463.3513
			    309.4352
			    316.4363
			    397.4356
			    17.1981
			    -313.9569
			    -394.4356
			    -15.1981
			    314.9569


===========================================================================================
===========================================================================================
S4:
	q_c:    218.0000    17.5000    128.5000
	ub :    241.0000    23.0000    138.0000
	lb :    195.0000    12.0000    119.0000

	==================================================================================
	Q1:
		Shape: Ellipse
		q_c:    212.5000    19.5000    132.0000
		ub :    216.2841    23.5277    135.2770
		lb :    208.7159    15.4723    128.7230
		P^-1: 
			    0.1670    0.0142    -0.0195
			    0.0142    0.1886    -0.0394
			    -0.0195    -0.0394    0.2144
	==================================================================================
	Q2:
		Shape: Polyhedra
		q_c:    215.5000    22.0000    122.5000
		ub :    219.7237    25.2827    125.7839
		lb :    211.2763    18.7173    119.2161
		A:
			    -0.4614    -0.7542    -0.4673
			    0.4086    0.4379    0.8008
			    0.7956    0.5183    0.3136
			    0.4547    0.1530    0.8774
			    -0.5483    -0.3402    -0.7639
			    0.0084    -0.9938    -0.1105
			    0.5349    0.3135    0.7846
			    -0.8404    0.2932    0.4558
			    -0.0872    -0.9032    0.4203
			    -0.5349    -0.3135    -0.7846
			    0.8404    -0.2932    -0.4558
			    0.0872    0.9032    -0.4203
		b:
			    -172.1085
			    196.6383
			    223.1852
			    209.5172
			    -218.7221
			    -31.2624
			    218.7804
			    -114.3258
			    14.8293
			    -217.7804
			    123.3258
			    -10.8293
	==================================================================================
	Q3:
		Shape: Ellipse
		q_c:    213.0000    16.0000    125.5000
		ub :    216.8373    20.7002    129.3878
		lb :    209.1627    11.2998    121.6122
		P^-1: 
			    0.5913    0.1396    0.4285
			    0.1396    0.1259    0.1031
			    0.4285    0.1031    0.4755
	==================================================================================
	Q4:
		Shape: Polyhedra
		q_c:    213.5000    21.0000    128.0000
		ub :    217.8660    24.9217    132.8121
		lb :    209.1340    17.0783    123.1879
		A:
			    -0.0803    -0.9879    0.1325
			    0.4172    0.0312    0.9083
			    -0.6495    -0.4617    -0.6041
			    0.1357    0.9899    0.0418
			    -0.8308    0.5185    -0.2024
			    -0.9033    -0.1813    0.3888
			    0.6645    0.2574    0.7016
			    -0.7464    0.2750    0.6060
			    -0.0370    -0.9264    0.3748
			    -0.6645    -0.2574    -0.7016
			    0.7464    -0.2750    -0.6060
			    0.0370    0.9264    -0.3748
		b:
			    -18.4179
			    208.5651
			    -223.1885
			    57.6579
			    -189.4427
			    -143.6213
			    239.5729
			    -72.5141
			    23.1284
			    -234.5729
			    79.5141
			    -18.1284
	==================================================================================
	Q5:
		Shape: Hybrid
		q_c:    222.0000    16.0000    131.0000
		ub :    225.1598    19.1354    134.6410
		lb :    218.8402    12.8646    127.3590
		P^-1: 
			    0.4919    0.3552    0.2061
			    0.3552    0.5402    0.2206
			    0.2061    0.2206    0.2880
		A:
			    0.9025    0.3934    0.1754
			    -0.7789    0.3950    0.4872
			    0.6597    0.5503    -0.5119
			    -0.8177    -0.3186    -0.4794
			    0.2864    0.2185    0.9329
			    0.4319    0.6434    0.6321
		b:
			    230.5321
			    -100.7735
			    89.8051
			    -248.5737
			    190.7212
			    189.6948
	==================================================================================
	Q6:
		Shape: Ellipse
		q_c:    213.0000    14.0000    130.5000
		ub :    218.7813    19.3424    134.4558
		lb :    207.2187    8.6576    126.5442
		P^-1: 
			    0.0731    -0.0093    0.0075
			    -0.0093    0.0725    0.0024
			    0.0075    0.0024    0.1096


===========================================================================================
===========================================================================================
S5:
	q_c:    293.5000    284.5000    195.5000
	ub :    309.0000    297.0000    206.0000
	lb :    278.0000    272.0000    185.0000

	==================================================================================
	Q1:
		Shape: Ellipse
		q_c:    284.5000    281.0000    193.0000
		ub :    292.7237    289.6437    199.9937
		lb :    276.2763    272.3563    186.0063
		P^-1: 
			    0.0384    0.0015    0.0042
			    0.0015    0.0388    -0.0058
			    0.0042    -0.0058    0.0452
	==================================================================================
	Q2:
		Shape: Hybrid
		q_c:    285.5000    287.5000    190.5000
		ub :    290.4915    291.5816    196.1303
		lb :    280.5085    283.4184    184.8697
		P^-1: 
			    0.1849    -0.0327    -0.0915
			    -0.0327    0.2336    -0.0459
			    -0.0915    -0.0459    0.1215
		A:
			    -0.1353    -0.8107    0.5696
			    0.7104    0.0593    -0.7013
			    -0.9192    -0.0598    0.3893
			    0.8863    -0.0633    -0.4587
			    -0.5325    -0.6901    -0.4902
			    0.5271    0.8258    -0.2005
		b:
			    -162.0789
			    87.3518
			    -204.2021
			    148.5370
			    -440.3240
			    351.3271
	==================================================================================
	Q3:
		Shape: Hybrid
		q_c:    296.5000    277.5000    193.5000
		ub :    301.1178    282.5371    196.9399
		lb :    291.8822    272.4629    190.0601
		P^-1: 
			    0.1176    0.0105    -0.0422
			    0.0105    0.0719    0.0240
			    -0.0422    0.0240    0.2342
		A:
			    -0.4391    0.1143    -0.8911
			    -0.9544    -0.0815    0.2871
			    -0.1608    0.0563    -0.9854
			    -0.6815    -0.3155    0.6603
			    -0.1004    0.5031    0.8584
			    0.5654    -0.0815    -0.8208
		b:
			    -269.0874
			    -248.2652
			    -221.3099
			    -160.3733
			    277.3327
			    -12.6416
	==================================================================================
	Q4:
		Shape: Hybrid
		q_c:    305.0000    275.5000    192.0000
		ub :    310.2604    281.2868    197.9834
		lb :    299.7396    269.7132    186.0166
		P^-1: 
			    0.0992    0.0037    -0.0164
			    0.0037    0.0555    0.0126
			    -0.0164    0.0126    0.0874
		A:
			    -0.4564    0.6674    0.5885
			    0.9178    -0.2364    0.3189
			    -0.5322    -0.3111    0.7874
			    0.2525    0.4774    -0.8416
			    -0.2723    -0.9433    -0.1899
			    -0.7298    -0.3870    -0.5636
		b:
			    159.6114
			    278.2018
			    -94.9340
			    49.2951
			    -376.8356
			    -435.4348
	==================================================================================
	Q5:
		Shape: Ellipse
		q_c:    292.0000    292.5000    203.5000
		ub :    298.6937    298.9633    209.4493
		lb :    285.3063    286.0367    197.5507
		P^-1: 
			    0.0694    0.0264    0.0008
			    0.0264    0.0737    -0.0216
			    0.0008    -0.0216    0.0897
	==================================================================================
	Q6:
		Shape: Ellipse
		q_c:    294.0000    281.0000    205.0000
		ub :    298.0171    289.0057    211.7726
		lb :    289.9829    272.9943    198.2274
		P^-1: 
			    3.2522    0.5538    -1.4487
			    0.5538    0.1345    -0.2163
			    -1.4487    -0.2163    0.7127


===========================================================================================
===========================================================================================
S6:
	q_c:    298.5000    319.5000    449.0000
	ub :    315.0000    333.0000    466.0000
	lb :    282.0000    306.0000    432.0000

	==================================================================================
	Q1:
		Shape: Ellipse
		q_c:    293.5000    325.5000    441.0000
		ub :    302.3568    333.5934    451.7000
		lb :    284.6432    317.4066    430.3000
		P^-1: 
			    0.0776    -0.0313    0.0300
			    -0.0313    0.0474    -0.0175
			    0.0300    -0.0175    0.0239
	==================================================================================
	Q2:
		Shape: Polyhedra
		q_c:    302.0000    313.5000    455.0000
		ub :    311.5553    324.7442    466.1449
		lb :    292.4447    302.2558    443.8551
		A:
			    -0.7330    -0.0998    0.6729
			    0.0388    0.7170    0.6960
			    -0.2658    0.7468    -0.6096
			    -0.0855    0.9938    -0.0711
			    0.2182    0.0491    -0.9747
			    -0.8707    -0.2820    -0.4028
			    0.1084    0.7146    0.6911
			    0.7761    0.3736    -0.5081
			    -0.6213    0.5914    -0.5141
			    -0.1084    -0.7146    -0.6911
			    -0.7761    -0.3736    0.5081
			    0.6213    -0.5914    0.5141
		b:
			    58.6776
			    559.6630
			    -115.8624
			    260.4656
			    -356.0477
			    -528.0410
			    577.7140
			    125.3153
			    -228.1145
			    -564.7140
			    -115.3153
			    244.1145
	==================================================================================
	Q3:
		Shape: Ellipse
		q_c:    300.0000    335.5000    451.5000
		ub :    307.7896    343.8399    460.5547
		lb :    292.2104    327.1601    442.4453
		P^-1: 
			    0.0460    0.0053    0.0053
			    0.0053    0.0407    -0.0052
			    0.0053    -0.0052    0.0205
	==================================================================================
	Q4:
		Shape: Hybrid
		q_c:    308.0000    315.0000    440.0000
		ub :    316.1265    325.1107    451.7338
		lb :    299.8735    304.8893    428.2662
		P^-1: 
			    0.0303    -0.0105    -0.0042
			    -0.0105    0.0390    0.0104
			    -0.0042    0.0104    0.0137
		A:
			    0.6424    0.0142    0.7662
			    0.1280    0.9917    -0.0110
			    -0.3459    0.8001    0.4900
			    0.5263    0.2946    0.7977
			    0.0442    0.9902    0.1325
			    0.7730    -0.3052    -0.5562
		b:
			    545.7652
			    350.7989
			    363.7251
			    611.7986
			    387.0375
			    -98.9045
	==================================================================================
	Q5:
		Shape: Polyhedra
		q_c:    301.0000    307.0000    441.0000
		ub :    308.7811    314.4867    447.0383
		lb :    293.2189    299.5133    434.9617
		A:
			    -0.9267    0.1392    0.3490
			    -0.7636    0.2786    0.5825
			    -0.9077    0.3197    -0.2718
			    -0.4426    0.7080    0.5503
			    -0.0977    0.5526    -0.8277
			    0.5513    -0.5016    -0.6667
			    0.3571    0.9311    0.0747
			    0.5912    -0.1634    -0.7898
			    -0.7231    0.3262    -0.6088
			    -0.3571    -0.9311    -0.0747
			    -0.5912    0.1634    0.7898
			    0.7231    -0.3262    0.6088
		b:
			    -78.4790
			    115.5382
			    -289.3239
			    330.6291
			    -219.5328
			    -278.9752
			    431.7794
			    -218.0034
			    -379.9988
			    -420.7794
			    223.0034
			    391.9988
	==================================================================================
	Q6:
		Shape: Ellipse
		q_c:    286.0000    330.5000    457.5000
		ub :    296.3946    340.4651    464.7202
		lb :    275.6054    320.5349    450.2798
		P^-1: 
			    0.0329    -0.0208    0.0359
			    -0.0208    0.0473    -0.0532
			    0.0359    -0.0532    0.1179


===========================================================================================
===========================================================================================
S7:
	q_c:    166.5000    236.0000    153.0000
	ub :    178.0000    247.0000    163.0000
	lb :    155.0000    225.0000    143.0000

	==================================================================================
	Q1:
		Shape: Polyhedra
		q_c:    175.0000    234.5000    151.0000
		ub :    183.1727    243.1604    159.4429
		lb :    166.8273    225.8396    142.5571
		A:
			    0.7370    0.1030    -0.6680
			    -0.1555    0.2359    0.9593
			    0.0589    0.6702    0.7398
			    0.5746    -0.6974    -0.4283
			    -0.5571    -0.8211    -0.1238
			    0.4588    0.7259    0.5124
			    0.2371    0.6063    0.7591
			    -0.9715    0.1414    0.1904
			    0.0082    -0.7825    0.6226
			    -0.2371    -0.6063    -0.7591
			    0.9715    -0.1414    -0.1904
			    -0.0082    0.7825    -0.6226
		b:
			    59.4035
			    177.8968
			    282.8976
			    -121.4115
			    -303.1940
			    332.0248
			    301.7878
			    -100.5911
			    -81.0734
			    -294.7878
			    115.5911
			    95.0734
	==================================================================================
	Q2:
		Shape: Hybrid
		q_c:    162.5000    235.0000    143.5000
		ub :    167.7926    241.6719    150.3528
		lb :    157.2074    228.3281    136.6472
		P^-1: 
			    0.0620    0.0016    0.0034
			    0.0016    0.0574    -0.0111
			    0.0034    -0.0111    0.0387
		A:
			    -0.0687    -0.8509    0.5209
			    0.6074    0.3040    -0.7339
			    0.7436    0.0597    0.6659
			    -0.5653    0.3399    -0.7516
			    -0.0139    0.3720    -0.9281
			    -0.0157    -0.1571    0.9875
		b:
			    -134.3451
			    67.4360
			    232.9017
			    -117.4639
			    -45.2818
			    105.2950
	==================================================================================
	Q3:
		Shape: Polyhedra
		q_c:    163.0000    248.5000    143.5000
		ub :    168.3343    254.1012    149.0334
		lb :    157.6657    242.8988    137.9666
		A:
			    0.8763    0.2159    0.4306
			    0.2963    -0.9410    -0.1637
			    -0.6695    -0.7242    0.1655
			    -0.0667    0.7938    0.6045
			    0.9031    0.1932    0.3836
			    0.7962    0.3630    0.4840
			    0.2312    0.8454    0.4816
			    0.4112    0.3637    -0.8358
			    -0.8818    0.3912    -0.2635
			    -0.2312    -0.8454    -0.4816
			    -0.4112    -0.3637    0.8358
			    0.8818    -0.3912    0.2635
		b:
			    261.7879
			    -205.5264
			    -261.8338
			    276.6429
			    253.7567
			    292.9436
			    320.3589
			    40.9719
			    -80.8195
			    -313.3589
			    -33.9719
			    87.8195
	==================================================================================
	Q4:
		Shape: Polyhedra
		q_c:    173.5000    229.0000    163.0000
		ub :    178.9662    235.7127    169.7069
		lb :    168.0338    222.2873    156.2931
		A:
			    0.5787    -0.2093    -0.7883
			    -0.5461    -0.5786    -0.6058
			    -0.1703    -0.8403    -0.5146
			    -0.8467    0.5074    0.1602
			    -0.2551    -0.3706    -0.8931
			    -0.6623    -0.4575    0.5934
			    0.9937    0.0922    0.0635
			    0.0103    -0.6402    0.7681
			    0.1115    -0.7627    -0.6371
			    -0.9937    -0.0922    -0.0635
			    -0.0103    0.6402    -0.7681
			    -0.1115    0.7627    0.6371
		b:
			    -71.5066
			    -321.5534
			    -301.7637
			    0.0849
			    -270.3451
			    -117.9634
			    208.8857
			    -14.6067
			    -255.1495
			    -198.8857
			    24.6067
			    263.1495
	==================================================================================
	Q5:
		Shape: Ellipse
		q_c:    163.0000    230.5000    154.0000
		ub :    170.8532    236.9825    161.8622
		lb :    155.1468    224.0175    146.1378
		P^-1: 
			    0.0355    0.0173    0.0112
			    0.0173    0.1065    0.0624
			    0.0112    0.0624    0.0789
	==================================================================================
	Q6:
		Shape: Ellipse
		q_c:    161.0000    241.5000    144.0000
		ub :    166.5167    248.2938    150.5439
		lb :    155.4833    234.7062    137.4561
		P^-1: 
			    0.0403    0.0025    0.0028
			    0.0025    0.0575    0.0241
			    0.0028    0.0241    0.0569


===========================================================================================
===========================================================================================
S8:
	q_c:    520.5000    187.0000    231.5000
	ub :    547.0000    196.0000    250.0000
	lb :    494.0000    178.0000    213.0000

	==================================================================================
	Q1:
		Shape: Hybrid
		q_c:    515.0000    189.5000    233.0000
		ub :    520.4810    196.3483    238.1608
		lb :    509.5190    182.6517    227.8392
		P^-1: 
			    0.0779    -0.0069    -0.0186
			    -0.0069    0.0712    -0.0532
			    -0.0186    -0.0532    0.1256
		A:
			    0.6807    -0.2901    0.6726
			    0.0509    0.1704    -0.9841
			    -0.5440    -0.8304    0.1206
			    -0.7925    -0.2681    0.5477
			    0.3215    -0.8623    0.3912
			    0.1378    -0.5030    -0.8532
		b:
			    454.5761
			    -168.9691
			    -406.0801
			    -329.4477
			    95.4836
			    -219.7183
	==================================================================================
	Q2:
		Shape: Polyhedra
		q_c:    513.0000    189.0000    239.5000
		ub :    518.9595    194.9031    244.1089
		lb :    507.0405    183.0969    234.8911
		A:
			    0.4331    0.9001    0.0476
			    0.4546    0.5512    -0.6997
			    0.9531    0.1129    0.2808
			    0.5086    0.7828    0.3585
			    0.4208    -0.6866    -0.5928
			    -0.6653    -0.6973    -0.2667
			    0.4045    0.3466    0.8463
			    -0.6274    -0.5681    0.5325
			    0.6654    -0.7464    -0.0123
			    -0.4045    -0.3466    -0.8463
			    0.6274    0.5681    -0.5325
			    -0.6654    0.7464    0.0123
		b:
			    407.0164
			    172.8562
			    581.0697
			    498.1049
			    -52.0579
			    -533.6665
			    479.1941
			    -298.7014
			    201.3364
			    -472.1941
			    304.7014
			    -193.3364
	==================================================================================
	Q3:
		Shape: Polyhedra
		q_c:    519.5000    184.0000    234.5000
		ub :    525.2925    189.1961    239.8613
		lb :    513.7075    178.8039    229.1387
		A:
			    0.8134    -0.3098    0.4924
			    0.9174    0.3474    0.1944
			    -0.8524    -0.2725    0.4462
			    0.3182    0.2606    -0.9115
			    0.9125    0.1651    -0.3742
			    0.2614    -0.6335    -0.7283
			    0.4917    0.7308    0.4735
			    0.6080    0.1011    -0.7875
			    -0.6233    0.6751    -0.3946
			    -0.4917    -0.7308    -0.4735
			    -0.6080    -0.1011    0.7875
			    0.6233    -0.6751    0.3946
		b:
			    484.8410
			    589.2567
			    -385.3230
			    2.6432
			    419.7977
			    -148.4507
			    503.9330
			    152.8113
			    -288.1459
			    -497.9330
			    -146.8113
			    296.1459
	==================================================================================
	Q4:
		Shape: Hybrid
		q_c:    522.0000    189.0000    232.0000
		ub :    528.0808    195.2348    237.7297
		lb :    515.9192    182.7652    226.2703
		P^-1: 
			    0.1124    -0.0500    -0.0270
			    -0.0500    0.1075    -0.0255
			    -0.0270    -0.0255    0.0844
		A:
			    0.6378    -0.5332    -0.5558
			    0.8905    0.0797    -0.4480
			    -0.7493    0.5386    0.3854
			    -0.6804    0.1210    -0.7228
			    -0.2592    -0.7253    0.6378
			    0.5413    0.1322    -0.8303
		b:
			    104.8769
			    377.7995
			    -198.5241
			    -496.7879
			    -122.5836
			    116.6622
	==================================================================================
	Q5:
		Shape: Polyhedra
		q_c:    523.5000    181.5000    238.5000
		ub :    527.3624    185.8709    242.8274
		lb :    519.6376    177.1291    234.1726
		A:
			    -0.3951    -0.8934    0.2139
			    -0.1210    -0.0773    0.9896
			    0.0513    0.8465    0.5300
			    0.0972    0.6465    0.7567
			    0.8267    -0.2254    0.5155
			    0.4116    0.4083    0.8148
			    0.2698    0.7820    0.5618
			    -0.0687    0.5976    -0.7989
			    -0.9605    0.1769    0.2149
			    -0.2698    -0.7820    -0.5618
			    0.0687    -0.5976    0.7989
			    0.9605    -0.1769    -0.2149
		b:
			    -315.2201
			    161.3322
			    309.8745
			    351.6648
			    517.6405
			    486.8170
			    420.1654
			    -115.5142
			    -416.4311
			    -414.1654
			    120.5142
			    422.4311
	==================================================================================
	Q6:
		Shape: Polyhedra
		q_c:    528.0000    189.0000    239.5000
		ub :    534.0023    194.4461    243.2835
		lb :    521.9977    183.5539    235.7165
		A:
			    0.3413    0.3790    -0.8602
			    0.5958    -0.6384    0.4872
			    -0.3926    0.6973    0.5997
			    0.2165    0.2531    -0.9429
			    -0.4728    -0.3894    0.7905
			    -0.1848    -0.4913    0.8512
			    0.8150    0.3887    0.4298
			    -0.2566    -0.4230    0.8690
			    0.5196    -0.8185    -0.2450
			    -0.8150    -0.3887    -0.4298
			    0.2566    0.4230    -0.8690
			    -0.5196    0.8185    0.2450
		b:
			    46.8989
			    314.1395
			    71.9433
			    -62.3957
			    -132.4748
			    14.5152
			    611.2096
			    -6.3126
			    64.9526
			    -602.2096
			    8.3126
			    -56.9526


===========================================================================================
===========================================================================================
S9:
	q_c:    400.0000    224.0000    179.5000
	ub :    413.0000    242.0000    182.0000
	lb :    387.0000    206.0000    177.0000

	==================================================================================
	Q1:
		Shape: Polyhedra
		q_c:    402.5000    224.5000    178.5000
		ub :    404.0092    227.0468    180.8944
		lb :    400.9908    221.9532    176.1056
		A:
			    -0.9479    0.0572    -0.3135
			    -0.7679    -0.4798    -0.4245
			    0.7714    0.2152    -0.5988
			    -0.8272    0.0631    0.5584
			    0.9164    -0.4002    -0.0029
			    0.9022    -0.3474    -0.2557
			    0.5360    0.5836    0.6100
			    0.8317    -0.2412    -0.5000
			    -0.1447    0.7754    -0.6147
			    -0.5360    -0.5836    -0.6100
			    -0.8317    0.2412    0.5000
			    0.1447    -0.7754    0.6147
		b:
			    -423.3398
			    -491.1163
			    252.9065
			    -218.4981
			    279.5477
			    240.2030
			    457.1457
			    191.8592
			    8.1177
			    -454.1457
			    -190.8592
			    -4.1177
	==================================================================================
	Q2:
		Shape: Ellipse
		q_c:    400.0000    221.5000    181.5000
		ub :    401.5113    223.4822    183.0292
		lb :    398.4887    219.5178    179.9708
		P^-1: 
			    0.9590    0.1340    -0.0562
			    0.1340    0.5625    0.1836
			    -0.0562    0.1836    0.9230
	==================================================================================
	Q3:
		Shape: Ellipse
		q_c:    398.5000    222.0000    177.5000
		ub :    400.9395    224.5571    179.4638
		lb :    396.0605    219.4429    175.5362
		P^-1: 
			    0.6167    0.1222    -0.2732
			    0.1222    0.2979    -0.0428
			    -0.2732    -0.0428    0.7799
	==================================================================================
	Q4:
		Shape: Polyhedra
		q_c:    399.0000    222.5000    179.0000
		ub :    401.9600    224.9122    181.7697
		lb :    396.0400    220.0878    176.2303
		A:
			    0.4455    0.7921    -0.4172
			    -0.4419    -0.4486    0.7769
			    -0.6698    -0.4955    -0.5531
			    -0.8914    -0.3514    0.2861
			    0.4652    0.6797    0.5671
			    0.5322    0.0973    0.8410
			    0.5268    0.8069    0.2671
			    0.6327    -0.5821    0.5107
			    0.5676    -0.1000    -0.8172
			    -0.5268    -0.8069    -0.2671
			    -0.6327    0.5821    -0.5107
			    -0.5676    0.1000    0.8172
		b:
			    280.7948
			    -135.4225
			    -475.0917
			    -381.2819
			    439.4971
			    386.4957
			    438.5476
			    216.8421
			    59.4467
			    -436.5476
			    -211.8421
			    -56.4467
	==================================================================================
	Q5:
		Shape: Hybrid
		q_c:    399.0000    224.0000    178.0000
		ub :    401.0356    225.1171    179.8807
		lb :    396.9644    222.8829    176.1193
		P^-1: 
			    1.6860    -0.5521    1.7113
			    -0.5521    1.2745    -0.6659
			    1.7113    -0.6659    2.2895
		A:
			    0.7392    -0.3179    0.5938
			    -0.5862    -0.5827    -0.5629
			    0.7174    -0.6037    0.3478
			    -0.0261    0.8825    -0.4696
			    -0.7072    -0.0330    -0.7063
			    -0.4808    -0.0151    -0.8767
		b:
			    329.7943
			    -463.9976
			    213.5316
			    104.4109
			    -414.9145
			    -350.8343
	==================================================================================
	Q6:
		Shape: Polyhedra
		q_c:    403.0000    223.5000    181.5000
		ub :    405.7510    226.5546    184.6190
		lb :    400.2490    220.4454    178.3810
		A:
			    -0.5003    -0.5529    -0.6664
			    -0.8818    0.4701    0.0378
			    -0.5692    -0.5526    0.6087
			    -0.9424    0.3155    -0.1114
			    0.9893    -0.0541    -0.1358
			    -0.6404    0.7675    0.0291
			    0.4498    0.7785    0.4378
			    0.8437    -0.2096    -0.4942
			    -0.2930    0.5916    -0.7511
			    -0.4498    -0.7785    -0.4378
			    -0.8437    0.2096    0.4942
			    0.2930    -0.5916    0.7511
		b:
			    -444.1232
			    -241.7746
			    -240.6293
			    -327.7814
			    363.5296
			    -79.4776
			    436.7026
			    205.0008
			    -120.1661
			    -432.7026
			    -202.0008
			    124.1661


===========================================================================================
===========================================================================================
S10:
	q_c:    313.0000    170.5000    92.0000
	ub :    337.0000    193.0000    115.0000
	lb :    289.0000    148.0000    69.0000

	==================================================================================
	Q1:
		Shape: Hybrid
		q_c:    301.0000    172.0000    92.5000
		ub :    315.4851    186.8466    102.6127
		lb :    286.5149    157.1534    82.3873
		P^-1: 
			    0.0114    0.0010    -0.0039
			    0.0010    0.0137    -0.0078
			    -0.0039    -0.0078    0.0291
		A:
			    0.7605    0.5287    -0.3769
			    -0.1514    -0.1273    -0.9802
			    0.2269    -0.4351    -0.8713
			    -0.8164    -0.0052    -0.5775
			    0.8128    -0.5731    -0.1045
			    -0.5302    0.3130    0.7880
		b:
			    290.4361
			    -153.5952
			    -81.7892
			    -293.4494
			    143.1762
			    -27.7871
	==================================================================================
	Q2:
		Shape: Hybrid
		q_c:    307.0000    162.0000    94.5000
