3D_30_10_6_b                l = 3

===========================================================================================
===========================================================================================
S1:
	q_c:    366.0000    414.5000    330.0000
	ub :    385.0000    432.0000    352.0000
	lb :    347.0000    397.0000    308.0000

	==================================================================================
	Q1:
		Shape: Ellipse
		q_c:    377.0000    434.5000    342.5000
		ub :    385.0062    446.2790    353.9015
		lb :    368.9938    422.7210    331.0985
		P^-1: 
			    0.0552    0.0024    -0.0135
			    0.0024    0.0219    0.0158
			    -0.0135    0.0158    0.0344
	==================================================================================
	Q2:
		Shape: Hybrid
		q_c:    375.0000    429.5000    346.0000
		ub :    385.7493    434.2481    352.8398
		lb :    364.2507    424.7519    339.1602
		P^-1: 
			    0.0124    0.0007    -0.0116
			    0.0007    0.1023    -0.0189
			    -0.0116    -0.0189    0.0689
		A:
			    0.7025    -0.1345    -0.6989
			    0.2162    0.9758    0.0313
			    -0.0443    0.9664    0.2531
			    0.4086    -0.7427    0.5306
			    0.5568    -0.8304    -0.0215
			    -0.2327    0.9172    0.3235
		b:
			    -31.3039
			    513.5173
			    488.0340
			    21.8023
			    -150.9514
			    420.8672
	==================================================================================
	Q3:
		Shape: Hybrid
		q_c:    376.0000    423.5000    310.5000
		ub :    386.0657    432.5618    318.2253
		lb :    365.9343    414.4382    302.7747
		P^-1: 
			    0.0344    0.0213    0.0038
			    0.0213    0.0409    0.0090
			    0.0038    0.0090    0.0358
		A:
			    0.4419    -0.0432    0.8960
			    0.7609    0.3061    -0.5721
			    -0.7721    -0.3529    -0.5285
			    -0.1727    0.6617    0.7296
			    -0.9171    -0.3839    -0.1075
			    -0.2023    -0.8940    -0.3998
		b:
			    429.9253
			    241.5237
			    -600.9140
			    445.4360
			    -537.7189
			    -575.9430
	==================================================================================
	Q4:
		Shape: Ellipse
		q_c:    348.0000    418.5000    314.5000
		ub :    362.6159    434.5153    330.2765
		lb :    333.3841    402.4847    298.7235
		P^-1: 
			    0.0117    -0.0008    -0.0007
			    -0.0008    0.0111    -0.0002
			    -0.0007    -0.0002    0.0106
	==================================================================================
	Q5:
		Shape: Ellipse
		q_c:    383.0000    411.0000    335.0000
		ub :    398.8660    426.2065    347.5086
		lb :    367.1340    395.7935    322.4914
		P^-1: 
			    0.0128    0.0026    0.0042
			    0.0026    0.0109    0.0031
			    0.0042    0.0031    0.0158
	==================================================================================
	Q6:
		Shape: Polyhedra
		q_c:    387.0000    414.5000    332.5000
		ub :    399.3643    426.1692    343.4148
		lb :    374.6357    402.8308    321.5852
		A:
			    0.1531    0.5230    -0.8385
			    0.6961    -0.2641    0.6676
			    -0.9879    0.0957    -0.1218
			    -0.2639    0.4784    -0.8375
			    0.8199    -0.2788    0.5001
			    0.4155    0.7388    0.5306
			    0.3142    0.1602    0.9357
			    -0.9241    0.2773    0.2629
			    -0.2174    -0.9473    0.2352
			    -0.3142    -0.1602    -0.9357
			    0.9241    -0.2773    -0.2629
			    0.2174    0.9473    -0.2352
		b:
			    5.1216
			    389.6204
			    -374.4738
			    -174.6692
			    376.1150
			    651.1570
			    506.1319
			    -146.3005
			    -390.1033
			    -492.1319
			    164.3005
			    407.1033


===========================================================================================
===========================================================================================
S2:
	q_c:    194.5000    147.0000    321.0000
	ub :    216.0000    165.0000    339.0000
	lb :    173.0000    129.0000    303.0000

	==================================================================================
	Q1:
		Shape: Polyhedra
		q_c:    201.5000    140.0000    312.5000
		ub :    206.4181    147.1677    320.4491
		lb :    196.5819    132.8323    304.5509
		A:
			    -0.4888    0.1667    0.8563
			    -0.9419    -0.2936    -0.1631
			    -0.4898    0.8342    0.2533
			    0.7556    0.1777    -0.6305
			    -0.6421    -0.5952    -0.4832
			    -0.7681    -0.0415    -0.6389
			    0.8001    0.5447    0.2514
			    0.5996    -0.7389    -0.3073
			    0.0184    0.3966    -0.9178
			    -0.8001    -0.5447    -0.2514
			    -0.5996    0.7389    0.3073
			    -0.0184    -0.3966    0.9178
		b:
			    197.9305
			    -278.7650
			    101.2612
			    -14.8618
			    -360.4574
			    -355.8256
			    319.0290
			    -74.6520
			    -221.0918
			    -313.0290
			    82.6520
			    234.0918
	==================================================================================
	Q2:
		Shape: Hybrid
		q_c:    200.5000    133.0000    322.0000
		ub :    210.4000    143.0776    332.3890
		lb :    190.6000    122.9224    311.6110
		P^-1: 
			    0.0136    0.0049    -0.0031
			    0.0049    0.0320    -0.0105
			    -0.0031    -0.0105    0.0224
		A:
			    0.5234    0.7371    -0.4274
			    0.4174    0.4178    -0.8070
			    0.4834    -0.0378    -0.8746
			    -0.0750    0.3815    -0.9213
			    -0.7307    -0.6556    0.1906
			    -0.5644    0.3900    0.7276
		b:
			    68.4374
			    -117.0709
			    -184.7725
			    -257.0552
			    -168.1229
			    178.7211
	==================================================================================
	Q3:
		Shape: Ellipse
		q_c:    182.0000    164.0000    314.0000
		ub :    191.6967    173.0226    321.7594
		lb :    172.3033    154.9774    306.2406
		P^-1: 
			    0.0308    0.0099    0.0072
			    0.0099    0.0331    -0.0012
			    0.0072    -0.0012    0.0460
	==================================================================================
	Q4:
		Shape: Hybrid
		q_c:    201.5000    160.0000    321.0000
		ub :    206.6816    170.2656    329.5452
		lb :    196.3184    149.7344    312.4548
		P^-1: 
			    0.0894    0.0132    0.0204
			    0.0132    0.0280    0.0296
			    0.0204    0.0296    0.0686
		A:
			    0.2712    0.5295    0.8038
			    0.9850    -0.0176    0.1718
			    -0.9150    -0.3625    -0.1771
			    0.9972    -0.0747    0.0068
			    -0.9899    -0.0875    -0.1113
			    0.8940    0.3338    0.2990
		b:
			    399.2963
			    252.7976
			    -297.0741
			    193.2648
			    -247.3476
			    331.3045
	==================================================================================
	Q5:
		Shape: Hybrid
		q_c:    180.0000    154.0000    319.5000
		ub :    184.0393    165.4241    330.9950
		lb :    175.9607    142.5759    308.0050
		P^-1: 
			    3.6043    -1.1767    0.1837
			    -1.1767    0.4035    -0.0701
			    0.1837    -0.0701    0.0291
		A:
			    0.9489    -0.3015    0.0933
			    -0.9544    0.2849    -0.0890
			    0.6113    -0.6469    0.4560
			    -0.8435    -0.4910    0.2177
			    -0.9145    0.3922    -0.0989
			    0.9926    -0.1186    -0.0262
		b:
			    154.5759
			    -155.8997
			    159.4407
			    -152.5035
			    -135.2275
			    153.3617
	==================================================================================
	Q6:
		Shape: Polyhedra
		q_c:    195.0000    133.0000    320.0000
		ub :    207.4752    144.3350    333.6871
		lb :    182.5248    121.6650    306.3129
		A:
			    0.5844    -0.3485    0.7328
			    -0.1775    0.9158    0.3602
			    -0.9080    -0.2822    -0.3097
			    -0.2100    0.2036    -0.9562
			    0.8057    -0.3308    0.4914
			    0.6761    0.7300    0.0995
			    0.6916    0.4149    0.5912
			    -0.1233    0.8743    -0.4694
			    -0.7117    0.2518    0.6558
			    -0.6916    -0.4149    -0.5912
			    0.1233    -0.8743    0.4694
			    0.7117    -0.2518    -0.6558
		b:
			    308.8782
			    210.5322
			    -306.6097
			    -312.4154
			    277.5105
			    267.6546
			    385.7350
			    -50.9686
			    114.5678
			    -372.7350
			    64.9686
			    -94.5678


===========================================================================================
===========================================================================================
S3:
	q_c:    164.0000    463.0000    67.5000
	ub :    173.0000    473.0000    91.0000
	lb :    155.0000    453.0000    44.0000

	==================================================================================
	Q1:
		Shape: Ellipse
		q_c:    167.5000    459.0000    71.0000
		ub :    173.8013    464.6222    77.1179
		lb :    161.1987    453.3778    64.8821
		P^-1: 
			    0.0595    0.0106    -0.0202
			    0.0106    0.0605    -0.0212
			    -0.0202    -0.0212    0.0899
	==================================================================================
	Q2:
		Shape: Polyhedra
		q_c:    156.0000    463.0000    70.5000
		ub :    163.6246    471.2681    75.9131
		lb :    148.3754    454.7319    65.0869
		A:
			    0.0579    -0.7317    0.6791
			    0.1012    -0.1527    0.9831
			    0.2665    -0.9481    -0.1735
			    -0.9072    0.4048    -0.1141
			    -0.7503    0.0688    -0.6575
			    -0.0931    -0.4752    -0.8750
			    0.4977    0.8595    0.1167
			    -0.0800    0.1795    -0.9805
			    -0.8636    0.4786    0.1581
			    -0.4977    -0.8595    -0.1167
			    0.0800    -0.1795    0.9805
			    0.8636    -0.4786    -0.1581
		b:
			    -277.1720
			    18.3811
			    -404.1068
			    42.8151
			    -126.8626
			    -291.4230
			    489.8004
			    5.5102
			    103.0314
			    -477.8004
			    2.4898
			    -93.0314
	==================================================================================
	Q3:
		Shape: Hybrid
		q_c:    157.0000    456.0000    68.5000
		ub :    162.5334    459.2494    73.8754
		lb :    151.4666    452.7506    63.1246
		P^-1: 
			    0.1920    0.3013    -0.1177
			    0.3013    0.7635    -0.2739
			    -0.1177    -0.2739    0.1696
		A:
			    -0.3027    -0.8504    0.4302
			    -0.3810    -0.8889    0.2544
			    0.5058    0.5671    -0.6501
			    0.0202    -0.8900    0.4556
			    -0.8799    -0.1721    0.4428
			    -0.6626    -0.6687    0.3374
		b:
			    -405.2603
			    -447.1748
			    294.9531
			    -370.0903
			    -183.6182
			    -384.6536
	==================================================================================
	Q4:
		Shape: Hybrid
		q_c:    169.0000    456.0000    76.5000
		ub :    173.1950    462.3213    83.1819
		lb :    164.8050    449.6787    69.8181
		P^-1: 
			    0.2234    -0.0046    -0.0679
			    -0.0046    0.0525    -0.0102
			    -0.0679    -0.0102    0.0766
		A:
			    0.8777    -0.3365    -0.3412
			    -0.6731    0.7281    0.1297
			    0.9953    0.0615    -0.0751
			    -0.8251    0.4162    0.3821
			    0.7117    -0.4648    -0.5268
			    0.3903    0.2552    0.8846
		b:
			    -29.8026
			    230.6532
			    191.8990
			    81.2090
			    -129.9230
			    253.7929
	==================================================================================
	Q5:
		Shape: Polyhedra
		q_c:    158.0000    462.0000    78.5000
		ub :    162.5669    465.7126    81.6786
		lb :    153.4331    458.2874    75.3214
		A:
			    0.5070    0.5006    -0.7017
			    0.2479    0.9392    0.2374
			    0.3701    0.7159    0.5920
			    -0.2394    -0.9582    0.1568
			    0.2846    0.8108    -0.5115
			    -0.2977    -0.6658    -0.6842
			    0.2303    0.6343    0.7380
			    0.1223    0.7335    -0.6686
			    -0.9654    0.2443    0.0914
			    -0.2303    -0.6343    -0.7380
			    -0.1223    -0.7335    0.6686
			    0.9654    -0.2443    -0.0914
		b:
			    258.8054
			    493.7360
			    437.7429
			    -466.1862
			    381.4398
			    -406.3207
			    389.3520
			    307.7316
			    -28.5094
			    -385.3520
			    -303.7316
			    36.5094
	==================================================================================
	Q6:
		Shape: Hybrid
		q_c:    169.0000    453.5000    59.0000
		ub :    172.9826    458.4641    63.8508
		lb :    165.0174    448.5359    54.1492
		P^-1: 
			    0.0822    0.0026    0.0033
			    0.0026    0.0930    0.0141
			    0.0033    0.0141    0.0992
		A:
			    -0.3295    0.5960    0.7323
			    -0.9797    -0.0758    -0.1855
			    0.4893    0.6440    0.5880
			    0.8525    0.1584    -0.4981
			    -0.5450    -0.0421    -0.8374
			    -0.2045    0.9255    -0.3188
		b:
			    259.4123
			    -208.9283
			    411.0414
			    188.5226
			    -158.8684
			    368.2914


===========================================================================================
===========================================================================================
S4:
	q_c:    211.5000    265.5000    117.0000
	ub :    229.0000    271.0000    135.0000
	lb :    194.0000    260.0000    99.0000

	==================================================================================
	Q1:
		Shape: Hybrid
		q_c:    207.0000    262.5000    113.0000
		ub :    210.4640    266.2262    117.0030
		lb :    203.5360    258.7738    108.9970
		P^-1: 
			    0.2828    0.0690    0.1516
			    0.0690    0.1388    0.0609
			    0.1516    0.0609    0.2451
		A:
			    0.4643    -0.8337    -0.2989
			    -0.4531    -0.7369    -0.5017
			    -0.8351    -0.5393    -0.1080
			    0.8402    -0.5368    0.0767
			    -0.6188    -0.0468    -0.7841
			    -0.5258    -0.6967    -0.4880
		b:
			    -154.2758
			    -342.6519
			    -325.2994
			    43.6257
			    -228.0587
			    -345.6987
	==================================================================================
	Q2:
		Shape: Hybrid
		q_c:    208.5000    263.0000    122.5000
		ub :    211.6717    267.4235    126.6124
		lb :    205.3283    258.5765    118.3876
		P^-1: 
			    0.1772    0.0141    0.0325
			    0.0141    0.1095    0.0586
			    0.0325    0.0586    0.2049
		A:
			    0.7647    -0.4763    -0.4340
			    0.9348    -0.2400    0.2617
			    0.7718    0.6061    0.1920
			    -0.0978    -0.4978    -0.8618
			    -0.7509    0.4478    0.4855
			    0.4711    0.1042    0.8759
		b:
			    -17.4582
			    165.3415
			    345.3986
			    -255.7833
			    22.1898
			    234.0895
	==================================================================================
	Q3:
		Shape: Ellipse
		q_c:    213.5000    268.0000    118.5000
		ub :    215.1713    271.3796    120.8428
		lb :    211.8287    264.6204    116.1572
		P^-1: 
			    0.4434    -0.0175    -0.0053
			    -0.0175    0.1405    -0.0929
			    -0.0053    -0.0929    0.4160
	==================================================================================
	Q4:
		Shape: Ellipse
		q_c:    209.5000    264.0000    116.5000
		ub :    212.2658    267.3232    119.9820
		lb :    206.7342    260.6768    113.0180
		P^-1: 
			    0.3959    -0.0696    -0.0949
			    -0.0696    0.3449    -0.1358
			    -0.0949    -0.1358    0.2593
	==================================================================================
	Q5:
		Shape: Hybrid
		q_c:    215.5000    267.0000    115.5000
		ub :    217.1893    269.6330    117.6964
		lb :    213.8107    264.3670    113.3036
		P^-1: 
			    3.2041    0.7719    -1.2985
			    0.7719    0.6090    0.0711
			    -1.2985    0.0711    1.3469
		A:
			    0.7266    0.1166    -0.6771
			    0.3695    0.5741    0.7306
			    0.6289    0.2508    -0.7359
			    -0.0253    -0.7023    -0.7114
			    0.0161    -0.0909    0.9957
			    -0.8767    -0.0088    0.4810
		b:
			    109.9099
			    318.0648
			    118.1734
			    -274.3096
			    95.5639
			    -135.3645
	==================================================================================
	Q6:
		Shape: Ellipse
		q_c:    211.0000    269.0000    118.0000
		ub :    214.4788    273.1435    121.8298
		lb :    207.5212    264.8565    114.1702
		P^-1: 
			    0.2603    0.0755    0.1164
			    0.0755    0.2047    0.1108
			    0.1164    0.1108    0.2506


===========================================================================================
===========================================================================================
S5:
	q_c:    94.0000    238.5000    83.5000
	ub :    110.0000    245.0000    110.0000
	lb :    78.0000    232.0000    57.0000

	==================================================================================
	Q1:
		Shape: Hybrid
		q_c:    90.5000    233.5000    85.0000
		ub :    94.1446    238.2062    89.9700
		lb :    86.8554    228.7938    80.0300
		P^-1: 
			    0.1599    0.0012    -0.0031
			    0.0012    0.1477    0.0324
			    -0.0031    0.0324    0.0749
		A:
			    0.9521    0.0667    0.2983
			    0.1967    -0.9045    -0.3783
			    0.9097    -0.0413    -0.4132
			    0.9124    -0.1323    -0.3874
			    0.1317    -0.8142    -0.5655
			    -0.8157    -0.4584    -0.3530
		b:
			    128.5162
			    -224.3099
			    39.0238
			    20.1464
			    -224.9092
			    -209.5251
	==================================================================================
	Q2:
		Shape: Hybrid
		q_c:    93.5000    238.0000    86.0000
		ub :    96.9394    242.1028    89.2457
		lb :    90.0606    233.8972    82.7543
		P^-1: 
			    0.3007    -0.1742    0.0334
			    -0.1742    0.2245    -0.0087
			    0.0334    -0.0087    0.1609
		A:
			    0.7998    -0.3117    0.5130
			    -0.9437    0.2413    0.2265
			    -0.6461    0.7631    -0.0169
			    -0.8802    0.4604    0.1148
			    0.9049    -0.4141    -0.0983
			    0.7119    -0.6076    -0.3522
		b:
			    45.7973
			    -9.9478
			    120.6119
			    38.1004
			    -21.3785
			    -107.3346
	==================================================================================
	Q3:
		Shape: Hybrid
		q_c:    97.5000    242.0000    77.5000
		ub :    100.9432    245.4606    80.4478
		lb :    94.0568    238.5394    74.5522
		P^-1: 
			    0.2741    -0.0017    -0.1060
			    -0.0017    0.2300    -0.0786
			    -0.1060    -0.0786    0.3504
		A:
			    -0.3561    0.3655    -0.8600
			    0.0477    -0.6092    -0.7916
			    -0.5864    0.5599    0.5854
			    -0.7088    -0.6156    -0.3446
			    0.3489    0.9295    0.1200
			    0.1405    0.1187    -0.9829
		b:
			    -11.7380
			    -202.6305
			    124.8477
			    -243.0838
			    269.8144
			    -32.7975
	==================================================================================
	Q4:
		Shape: Polyhedra
		q_c:    98.0000    235.0000    87.0000
		ub :    101.0416    238.0241    91.0701
		lb :    94.9584    231.9759    82.9299
		A:
			    -0.8124    -0.5815    -0.0423
			    0.3037    0.9476    -0.0986
			    -0.6307    -0.6746    0.3835
			    -0.7108    -0.6243    -0.3241
			    0.8457    -0.0682    0.5293
			    -0.0887    0.9807    0.1743
			    0.6414    0.7642    0.0679
			    0.1480    -0.2102    0.9664
			    0.7528    -0.6097    -0.2479
			    -0.6414    -0.7642    -0.0679
			    -0.1480    0.2102    -0.9664
			    -0.7528    0.6097    0.2479
		b:
			    -218.8017
			    245.3869
			    -185.2234
			    -243.1582
			    115.6136
			    238.8503
			    249.3574
			    52.6987
			    -88.5830
			    -247.3574
			    -45.6987
			    93.5830
	==================================================================================
	Q5:
		Shape: Hybrid
		q_c:    88.0000    234.0000    87.0000
		ub :    89.8389    238.3050    91.2467
		lb :    86.1611    229.6950    82.7533
		P^-1: 
			    0.9613    -0.0009    0.1792
			    -0.0009    0.1115    0.0387
			    0.1792    0.0387    0.1688
		A:
			    -0.7221    0.5588    -0.4079
			    0.7345    -0.5215    -0.4342
			    0.3044    0.6832    0.6637
			    0.8014    0.2032    0.5625
			    -0.9418    -0.2995    -0.1527
			    -0.7403    0.6721    0.0143
		b:
			    33.4980
			    -93.6103
			    246.2330
			    167.9231
			    -165.3676
			    95.0227
	==================================================================================
	Q6:
		Shape: Hybrid
		q_c:    94.0000    237.5000    84.5000
		ub :    98.1955    242.4742    88.9608
		lb :    89.8045    232.5258    80.0392
		P^-1: 
			    0.1111    0.0000    0.0000
			    0.0000    0.1111    0.0000
			    0.0000    0.0000    0.1111
		A:
			    0.4711    0.4541    -0.7562
			    0.3095    0.4384    -0.8438
			    -0.6966    0.5367    -0.4761
			    0.5042    0.1971    -0.8408
			    -0.6769    0.7360    -0.0108
			    -0.3465    0.4061    0.8456
		b:
			    89.7244
			    63.4112
			    23.2456
			    24.6622
			    111.7684
			    136.8341


===========================================================================================
===========================================================================================
S6:
	q_c:    57.5000    396.5000    345.5000
	ub :    70.0000    419.0000    358.0000
	lb :    45.0000    374.0000    333.0000

	==================================================================================
	Q1:
		Shape: Hybrid
		q_c:    54.0000    411.0000    342.0000
		ub :    58.0702    418.2500    347.7129
		lb :    49.9298    403.7500    336.2871
		P^-1: 
			    0.1495    0.0029    -0.0274
			    0.0029    0.0279    0.0150
			    -0.0274    0.0150    0.0878
		A:
			    -0.1424    0.0239    0.9895
			    -0.8525    -0.4495    -0.2668
			    0.1812    0.0127    0.9834
			    -0.6238    -0.1345    0.7699
			    0.6753    -0.2721    0.6855
			    -0.9936    -0.1127    0.0066
		b:
			    342.7859
			    -319.8060
			    353.8218
			    176.2812
			    162.1171
			    -96.3048
	==================================================================================
	Q2:
		Shape: Hybrid
		q_c:    63.0000    398.0000    340.5000
		ub :    70.6823    402.0828    348.0016
		lb :    55.3177    393.9172    332.9984
		P^-1: 
			    0.0363    -0.0035    -0.0035
			    -0.0035    0.0813    0.0014
			    -0.0035    0.0014    0.0371
		A:
			    -0.9553    0.1803    0.2343
			    0.6586    0.7248    0.2022
			    0.5754    -0.6086    -0.5464
			    -0.5493    -0.7885    -0.2765
			    0.0867    -0.2645    -0.9605
			    -0.6053    0.6559    0.4510
		b:
			    94.6696
			    401.6708
			    -389.3781
			    -439.9026
			    -423.5619
			    379.0451
	==================================================================================
	Q3:
		Shape: Ellipse
		q_c:    61.0000    395.5000    337.0000
		ub :    68.1684    401.7626    342.9767
		lb :    53.8316    389.2374    331.0233
		P^-1: 
			    0.0560    -0.0295    -0.0064
			    -0.0295    0.0863    -0.0190
			    -0.0064    -0.0190    0.0835
	==================================================================================
	Q4:
		Shape: Ellipse
		q_c:    53.5000    387.0000    346.0000
		ub :    63.0865    395.4242    354.2600
		lb :    43.9135    378.5758    337.7400
		P^-1: 
			    0.0246    0.0081    -0.0096
			    0.0081    0.0379    0.0002
			    -0.0096    0.0002    0.0447
	==================================================================================
	Q5:
		Shape: Ellipse
		q_c:    56.0000    390.5000    350.5000
		ub :    63.1872    398.0232    357.9935
		lb :    48.8128    382.9768    343.0065
		P^-1: 
			    0.0341    -0.0006    -0.0030
			    -0.0006    0.0488    -0.0115
			    -0.0030    -0.0115    0.0527
	==================================================================================
	Q6:
		Shape: Polyhedra
		q_c:    69.0000    398.5000    353.0000
		ub :    76.5716    408.2104    361.8519
		lb :    61.4284    388.7896    344.1481
		A:
			    -0.2809    0.1842    0.9419
			    -0.9621    0.2720    -0.0202
			    0.6047    0.0221    -0.7961
			    -0.3804    0.3080    0.8720
			    0.9092    0.2129    0.3577
			    -0.9645    -0.2521    -0.0785
			    0.6517    0.5370    0.5356
			    -0.7180    0.2092    0.6639
			    0.2444    -0.8172    0.5219
			    -0.6517    -0.5370    -0.5356
			    0.7180    -0.2092    -0.6639
			    -0.2444    0.8172    -0.5219
		b:
			    390.5393
			    39.8243
			    -226.9030
			    407.8799
			    279.2088
			    -189.8997
			    453.5348
			    271.1848
			    -117.0553
			    -442.5348
			    -265.1848
			    132.0553


===========================================================================================
===========================================================================================
S7:
	q_c:    348.0000    412.0000    432.0000
	ub :    359.0000    425.0000    442.0000
	lb :    337.0000    399.0000    422.0000

	==================================================================================
	Q1:
		Shape: Polyhedra
		q_c:    352.5000    418.0000    427.5000
		ub :    358.8767    424.5574    434.3238
		lb :    346.1233    411.4426    420.6762
		A:
			    -0.9833    0.0848    0.1608
			    0.2695    -0.7168    0.6431
			    -0.3304    0.9129    -0.2396
			    0.2233    0.0778    0.9716
			    -0.1105    -0.9892    0.0963
			    -0.2090    -0.9566    -0.2033
			    0.4790    0.4401    0.7595
			    -0.7819    0.6071    0.1414
			    -0.3989    -0.6616    0.6350
			    -0.4790    -0.4401    -0.7595
			    0.7819    -0.6071    -0.1414
			    0.3989    0.6616    -0.6350
		b:
			    -239.0228
			    73.8808
			    165.8763
			    531.7192
			    -407.4306
			    -555.9609
			    683.0048
			    41.6026
			    -142.2177
			    -672.0048
			    -35.6026
			    149.2177
	==================================================================================
	Q2:
		Shape: Hybrid
		q_c:    353.0000    407.5000    435.5000
		ub :    357.9832    413.5772    441.9245
		lb :    348.0168    401.4228    429.0755
		P^-1: 
			    0.0496    -0.0022    0.0014
			    -0.0022    0.0629    -0.0206
			    0.0014    -0.0206    0.0585
		A:
			    0.8455    -0.5074    -0.1662
			    -0.6446    0.3133    -0.6974
			    0.6026    0.7282    -0.3264
			    0.8153    -0.0191    0.5788
			    -0.6052    0.2749    0.7471
			    0.0930    -0.8921    -0.4423
		b:
			    22.0816
			    -401.2952
			    369.6347
			    534.7274
			    226.7045
			    -520.2345
	==================================================================================
	Q3:
		Shape: Ellipse
		q_c:    348.0000    419.0000    440.0000
		ub :    353.4114    424.8721    445.0744
		lb :    342.5886    413.1279    434.9256
		P^-1: 
			    0.1536    -0.0442    -0.0826
			    -0.0442    0.0840    0.0401
			    -0.0826    0.0401    0.1374
	==================================================================================
	Q4:
		Shape: Polyhedra
		q_c:    341.5000    418.0000    435.5000
		ub :    349.4910    425.7584    442.8816
		lb :    333.5090    410.2416    428.1184
		A:
			    -0.6110    -0.4444    0.6551
			    0.9199    0.3890    0.0498
			    0.3407    -0.7635    -0.5487
			    -0.4442    0.4084    -0.7974
			    -0.3864    -0.8003    0.4584
			    0.8670    0.1621    0.4713
			    0.4514    0.6529    0.6083
			    0.6966    0.1682    -0.6974
			    -0.5576    0.7386    -0.3789
			    -0.4514    -0.6529    -0.6083
			    -0.6966    -0.1682    0.6974
			    0.5576    -0.7386    0.3789
		b:
			    -104.9426
			    502.4147
			    -437.0166
			    -322.3860
			    -262.0375
			    573.7020
			    695.4567
			    8.4679
			    -40.2162
			    -688.4567
			    -0.4679
			    53.2162
	==================================================================================
	Q5:
		Shape: Polyhedra
		q_c:    340.5000    410.5000    437.0000
		ub :    347.1856    416.1938    442.8284
		lb :    333.8144    404.8062    431.1716
		A:
			    0.7287    0.6643    0.1661
			    -0.8938    0.4307    -0.1247
			    -0.3485    -0.1050    0.9314
			    0.2299    0.0620    -0.9712
			    0.0719    -0.4752    -0.8769
			    0.3751    0.6417    -0.6690
			    0.8943    0.2899    0.3409
			    0.1408    -0.9054    0.4005
			    0.4248    -0.3102    -0.8505
			    -0.8943    -0.2899    -0.3409
			    -0.1408    0.9054    -0.4005
			    -0.4248    0.3102    0.8505
		b:
			    598.6320
			    -177.4369
			    248.3551
			    -317.5549
			    -550.3552
			    102.3746
			    577.9793
			    -145.1963
			    -351.3675
			    -566.9793
			    152.1963
			    357.3675
	==================================================================================
	Q6:
		Shape: Hybrid
		q_c:    348.0000    417.5000    430.5000
		ub :    352.8379    420.0341    435.2626
		lb :    343.1621    414.9659    425.7374
		P^-1: 
			    0.1939    0.2911    0.0757
			    0.2911    0.8367    0.1964
			    0.0757    0.1964    0.1327
		A:
			    -0.6072    -0.7387    -0.2927
			    -0.5842    -0.7811    -0.2204
			    0.2122    0.8476    -0.4863
			    -0.2614    -0.9637    0.0542
			    -0.3865    -0.7411    -0.5490
			    -0.4404    -0.6175    -0.6518
		b:
			    -644.7704
			    -623.4616
			    220.3823
			    -469.0267
			    -679.2119
			    -690.1839


===========================================================================================
===========================================================================================
S8:
	q_c:    123.0000    322.0000    468.5000
	ub :    141.0000    342.0000    495.0000
	lb :    105.0000    302.0000    442.0000

	==================================================================================
	Q1:
		Shape: Hybrid
		q_c:    139.5000    330.5000    468.0000
		ub :    152.5303    345.5745    478.4427
		lb :    126.4697    315.4255    457.5573
		P^-1: 
			    0.0150    0.0041    0.0022
			    0.0041    0.0120    -0.0043
			    0.0022    -0.0043    0.0220
		A:
			    -0.1949    0.5800    -0.7910
			    0.8064    -0.4892    0.3324
			    0.5180    0.0481    0.8540
			    0.4787    -0.8448    0.2390
			    -0.2476    -0.9198    0.3045
			    0.0686    -0.9257    0.3721
		b:
			    -201.7786
			    112.5863
			    491.3941
			    -93.4954
			    -190.8510
			    -116.4096
	==================================================================================
	Q2:
		Shape: Polyhedra
		q_c:    119.5000    326.0000    481.5000
		ub :    129.3564    338.2260    493.9723
		lb :    109.6436    313.7740    469.0277
		A:
			    0.9609    0.2728    -0.0485
			    0.2744    0.4124    0.8687
			    0.8034    -0.4300    0.4120
			    -0.8031    0.5439    -0.2432
			    0.9593    0.2750    0.0645
			    0.7687    -0.3895    0.5073
			    0.6054    0.4593    0.6500
			    -0.7929    0.4197    0.4418
			    -0.0699    -0.7829    0.6182
			    -0.6054    -0.4593    -0.6500
			    0.7929    -0.4197    -0.4418
			    0.0699    0.7829    -0.6182
		b:
			    187.3096
			    592.8715
			    161.3081
			    -28.9298
			    242.3537
			    216.4156
			    542.5725
			    260.8180
			    42.1130
			    -527.5725
			    -248.8180
			    -26.1130
	==================================================================================
	Q3:
		Shape: Ellipse
		q_c:    122.0000    311.0000    478.0000
		ub :    126.3154    316.3034    483.4405
		lb :    117.6846    305.6966    472.5595
		P^-1: 
			    0.2078    0.0699    0.0173
			    0.0699    0.1339    -0.0230
			    0.0173    -0.0230    0.0688
	==================================================================================
	Q4:
		Shape: Hybrid
		q_c:    129.0000    311.0000    476.0000
		ub :    138.8023    320.7605    485.2676
		lb :    119.1977    301.2395    466.7324
		P^-1: 
			    0.0249    0.0032    0.0079
			    0.0032    0.0153    0.0049
			    0.0079    0.0049    0.0341
		A:
			    0.0688    -0.6865    -0.7238
			    -0.2735    -0.6888    -0.6714
			    -0.6644    -0.0516    -0.7456
			    0.5897    0.1295    0.7972
			    -0.9126    -0.0902    -0.3988
			    -0.4603    0.3289    -0.8246
		b:
			    -545.1235
			    -565.4658
			    -453.9083
			    498.3685
			    -332.2539
			    -345.8571
	==================================================================================
	Q5:
		Shape: Hybrid
		q_c:    118.5000    307.5000    483.0000
		ub :    131.7497    321.0618    496.6845
		lb :    105.2503    293.9382    469.3155
		P^-1: 
			    0.0158    0.0026    -0.0016
			    0.0026    0.0144    0.0021
			    -0.0016    0.0021    0.0164
		A:
			    -0.9883    -0.1513    -0.0191
			    -0.4005    0.6075    0.6860
			    -0.2371    -0.0506    0.9702
			    0.1063    -0.6133    0.7827
			    -0.8399    0.4617    -0.2854
			    0.5195    -0.8025    -0.2934
		b:
			    -168.6897
			    474.6740
			    428.9427
			    207.2617
			    -89.9446
			    -322.0972
	==================================================================================
	Q6:
		Shape: Hybrid
		q_c:    135.0000    311.0000    461.0000
		ub :    141.0684    320.3247    470.0550
		lb :    128.9316    301.6753    451.9450
		P^-1: 
			    0.0978    0.0298    0.0092
			    0.0298    0.0377    0.0016
			    0.0092    0.0016    0.0270
		A:
			    0.9651    0.1340    0.2251
			    -0.5427    -0.1536    -0.8258
			    0.1879    0.9816    -0.0345
			    -0.8902    -0.4390    0.1217
			    -0.9027    -0.3688    0.2216
			    0.6931    0.3564    -0.6265
		b:
			    277.5446
			    -498.1124
			    318.7402
			    -198.8702
			    -132.4225
			    -81.0702


===========================================================================================
===========================================================================================
S9:
	q_c:    101.5000    428.0000    238.0000
	ub :    118.0000    440.0000    258.0000
	lb :    85.0000    416.0000    218.0000

	==================================================================================
	Q1:
		Shape: Ellipse
		q_c:    98.5000    423.5000    240.5000
		ub :    104.6162    429.7971    247.6242
		lb :    92.3838    417.2029    233.3758
		P^-1: 
			    0.0701    0.0275    0.0111
			    0.0275    0.0859    0.0159
			    0.0111    0.0159    0.0282
	==================================================================================
	Q2:
		Shape: Ellipse
		q_c:    107.0000    434.0000    232.5000
		ub :    109.5475    438.8727    235.6735
		lb :    104.4525    429.1273    229.3265
		P^-1: 
			    0.1600    -0.0008    0.0012
			    -0.0008    0.0638    -0.0519
			    0.0012    -0.0519    0.2355
	==================================================================================
	Q3:
		Shape: Ellipse
		q_c:    103.5000    418.5000    230.0000
		ub :    111.8635    427.8600    239.2004
		lb :    95.1365    409.1400    220.7996
		P^-1: 
			    0.0306    -0.0023    -0.0014
			    -0.0023    0.0347    -0.0048
			    -0.0014    -0.0048    0.0356
	==================================================================================
	Q4:
		Shape: Hybrid
		q_c:    91.5000    423.0000    239.5000
		ub :    96.8297    429.3728    245.6728
		lb :    86.1703    416.6272    233.3272
		P^-1: 
			    0.1313    -0.0407    0.0234
			    -0.0407    0.0625    -0.0204
			    0.0234    -0.0204    0.0687
		A:
			    -0.4108    0.7319    -0.5437
			    0.6903    -0.6567    0.3038
			    -0.9688    0.1332    0.2090
			    -0.6771    0.7079    0.2012
			    0.8999    0.4307    -0.0689
			    -0.9327    -0.3580    0.0442
		b:
			    143.7095
			    -140.3199
			    19.6151
			    287.8526
			    250.7824
			    -223.5459
	==================================================================================
	Q5:
		Shape: Polyhedra
		q_c:    109.0000    437.0000    242.0000
		ub :    113.8104    442.2212    246.3408
		lb :    104.1896    431.7788    237.6592
		A:
			    0.7173    0.4339    0.5452
			    0.3297    -0.1386    0.9339
			    -0.8520    -0.4132    -0.3214
			    0.9153    0.3501    -0.1989
			    0.8432    0.3618    -0.3977
			    0.6329    0.2712    0.7252
			    0.7722    0.6301    0.0816
			    0.5920    -0.7602    0.2676
			    0.2307    -0.1584    -0.9601
			    -0.7722    -0.6301    -0.0816
			    -0.5920    0.7602    -0.2676
			    -0.2307    0.1584    0.9601
		b:
			    401.9095
			    205.0503
			    -349.1761
			    206.6954
			    155.8583
			    365.7418
			    380.7728
			    -197.8956
			    -273.4046
			    -377.7728
			    207.8956
			    279.4046
	==================================================================================
	Q6:
		Shape: Hybrid
		q_c:    106.5000    433.0000    234.5000
		ub :    110.9743    437.9044    238.3069
		lb :    102.0257    428.0956    230.6931
		P^-1: 
			    0.1613    -0.0293    -0.0462
			    -0.0293    0.0876    -0.0342
			    -0.0462    -0.0342    0.2236
		A:
			    -0.1129    -0.5290    0.8411
			    -0.3390    -0.1652    -0.9262
			    0.3039    -0.6010    0.7393
			    0.0562    -0.1088    -0.9925
			    -0.6928    -0.3437    0.6340
			    -0.4426    0.4373    0.7829
		b:
			    -42.5627
			    -322.9544
			    -53.0910
			    -272.4438
			    -72.5387
			    327.3578


===========================================================================================
===========================================================================================
S10:
	q_c:    313.0000    120.5000    101.5000
	ub :    332.0000    154.0000    123.0000
	lb :    294.0000    87.0000    80.0000

	==================================================================================
	Q1:
		Shape: Polyhedra
		q_c:    322.5000    120.0000    87.0000
		ub :    330.2038    127.8336    94.1514
		lb :    314.7962    112.1664    79.8486
		A:
			    -0.9212    0.3879    0.0295
			    0.9297    -0.1312    -0.3441
			    -0.0922    0.3898    -0.9163
			    -0.9174    0.0163    -0.3975
			    -0.8642    0.2651    -0.4277
			    -0.5698    0.7616    0.3086
			    0.0829    0.4060    0.9101
			    -0.6396    0.7220    -0.2638
			    -0.7642    -0.5602    0.3195
			    -0.0829    -0.4060    -0.9101
			    0.6396    -0.7220    0.2638
			    0.7642    0.5602    -0.3195
		b:
			    -243.6463
			    260.1016
			    -57.9519
			    -323.5192
			    -280.2222
			    -62.2023
			    159.1322
			    -140.0717
			    -278.3976
			    -150.1322
			    145.0717
			    293.3976
	==================================================================================
	Q2:
		Shape: Polyhedra
		q_c:    295.5000    126.0000    86.5000
		ub :    305.0836    135.2148    98.9766
		lb :    285.9164    116.7852    74.0234
		A:
			    -0.7568    -0.4899    0.4326
			    -0.8686    0.2910    -0.4012
			    -0.1425    -0.9736    0.1785
			    -0.6564    0.7373    0.1595
			    0.6442    0.6228    0.4440
			    0.9013    -0.0428    0.4310
			    0.2564    0.9260    0.2771
			    0.2440    0.2154    -0.9456
			    -0.9353    0.3100    -0.1707
			    -0.2564    -0.9260    -0.2771
			    -0.2440    -0.2154    0.9456
			    0.9353    -0.3100    0.1707
		b:
			    -239.5437
			    -248.3753
			    -142.6942
			    -81.2804
			    312.9792
			    304.4191
			    221.9074
			    27.9434
			    -246.0755
			    -210.9074
			    -6.9434
			    258.0755
	==================================================================================
	Q3:
		Shape: Hybrid
		q_c:    321.0000    128.0000    99.0000
		ub :    329.8630    136.4496    108.2321
		lb :    312.1370    119.5504    89.7679
		P^-1: 
			    0.0736    0.0790    0.0655
			    0.0790    0.1241    0.0816
			    0.0655    0.0816    0.0898
		A:
			    0.5778    0.7725    0.2634
			    -0.9973    0.0710    -0.0169
			    0.2797    0.8751    0.3949
			    -0.4905    -0.8075    -0.3277
			    0.3070    0.7311    0.6093
			    -0.5653    -0.5402    -0.6233
		b:
			    312.3001
			    -306.1777
			    242.9611
			    -291.6981
			    254.1181
			    -311.0653
	==================================================================================
	Q4:
		Shape: Polyhedra
		q_c:    321.0000    139.5000    116.5000
		ub :    331.3106    151.3500    128.3828
		lb :    310.6894    127.6500    104.6172
		A:
			    0.2784    0.0929    0.9560
			    0.1619    0.6471    -0.7450
			    -0.5263    0.8432    -0.1097
			    -0.4325    0.6404    -0.6347
			    -0.6134    -0.3643    -0.7007
			    0.8018    0.3135    -0.5088
			    0.6824    0.5612    0.4683
			    0.7294    -0.4810    -0.4864
			    -0.0477    0.6736    -0.7376
			    -0.6824    -0.5612    -0.4683
			    -0.7294    0.4810    0.4864
			    0.0477    -0.6736    0.7376
		b:
			    220.0619
			    62.4909
			    -55.9551
			    -116.3124
			    -324.1196
			    249.4538
			    356.9105
			    119.3611
			    -0.2764
			    -346.9105
			    -101.3611
			    14.2764
	==================================================================================
	Q5:
		Shape: Hybrid
		q_c:    298.0000    134.5000    112.0000
		ub :    306.0368    140.2199    120.1095
		lb :    289.9632    128.7801    103.8905
