3D_35_11_6_e                l = 3

===========================================================================================
===========================================================================================
S1:
	q_c:	292.5	168.0	84.5
	ub :	308.5862	182.1791	95.4183
	lb :	280.6996	151.7581	67.034

	==================================================================================
	Q1:
		Shape: Hybrid
		q_c:	293.5	161.5	91.0
		ub :	298.9899	167.4571	95.4183
		lb :	288.0101	155.5429	86.5817
		P^-1:
			0.072	0.0167	-0.0002
			0.0167	0.0996	0.0777
			-0.0002	0.0777	0.2094
		A:
			-0.5996	-0.3124	-0.7368
			-0.3747	0.3505	0.8583
			-0.1966	-0.8322	-0.5184
			0.0755	-0.1383	0.9875
			0.8973	-0.1697	0.4076
			-0.2052	-0.1405	-0.9686
		b:
			-291.7122
			26.1172
			-237.6243
			91.6453
			276.0639
			-169.5667
	==================================================================================
	Q2:
		Shape: Ellipse
		q_c:	302.0	171.0	76.5
		ub :	308.5862	176.9386	82.9697
		lb :	295.4138	165.0614	70.0303
		P^-1:
			0.0758	-0.0263	0.0021
			-0.0263	0.0874	-0.0131
			0.0021	-0.0131	0.0598
	==================================================================================
	Q3:
		Shape: Hybrid
		q_c:	289.5	175.5	82.5
		ub :	296.9783	182.1791	88.6591
		lb :	282.0217	168.8209	76.3409
		P^-1:
			0.0591	-0.0124	0.0304
			-0.0124	0.0757	0.0229
			0.0304	0.0229	0.0858
		A:
			-0.4	0.8227	0.404
			0.4323	-0.3185	0.8436
			-0.5357	-0.5595	-0.6324
			0.0746	-0.9934	0.0873
			-0.913	-0.296	-0.2806
			0.0956	0.0705	0.9929
		b:
			63.8693
			140.8824
			-303.6133
			-142.9659
			-336.4643
			124.2533
	==================================================================================
	Q4:
		Shape: Hybrid
		q_c:	292.0	159.5	74.0
		ub :	297.9202	166.5059	80.966
		lb :	286.0798	152.4941	67.034
		P^-1:
			0.0744	-0.0114	0.0073
			-0.0114	0.0545	-0.0033
			0.0073	-0.0033	0.0515
		A:
			0.6171	-0.7494	-0.2402
			-0.6583	-0.3511	-0.6659
			-0.1182	-0.2325	0.9654
			0.2397	-0.8708	-0.4294
			-0.6044	0.793	-0.0768
			0.3475	0.4587	0.8178
		b:
			45.0593
			-295.0866
			2.5501
			-98.1121
			-53.6562
			237.794
	==================================================================================
	Q5:
		Shape: Polyhedra
		q_c:	292.0	163.5	90.0
		ub :	297.3889	167.757	95.2961
		lb :	286.6111	159.243	84.7039
		A:
			-0.477	-0.8735	0.0976
			-0.2592	-0.9187	0.2981
			-0.4094	-0.1689	0.8966
			0.1589	-0.957	0.2427
			-0.2503	-0.6924	0.6767
			0.0119	0.9312	-0.3643
			0.2688	0.4761	0.8373
			-0.962	0.0897	0.2578
			0.0476	-0.8748	0.4821
			-0.2688	-0.4761	-0.8373
			0.962	-0.0897	-0.2578
			-0.0476	0.8748	-0.4821
		b:
			-270.1712
			-196.3229
			-62.826
			-85.5832
			-122.5212
			125.4645
			235.1846
			-238.5369
			-83.2411
			-228.1846
			247.5369
			88.2411
	==================================================================================
	Q6:
		Shape: Hybrid
		q_c:	288.0	159.0	89.0
		ub :	295.3004	166.2419	95.0037
		lb :	280.6996	151.7581	82.9963
		P^-1:
			0.0543	0.0334	0.0397
			0.0334	0.0747	0.04
			0.0397	0.04	0.1081
		A:
			-0.5955	0.7823	0.1826
			0.0857	0.7143	0.6945
			0.4138	0.8053	0.4246
			-0.5184	-0.722	0.4583
			-0.64	0.0026	-0.7683
			-0.2531	0.8676	0.4281
		b:
			-26.4618
			202.1122
			286.7212
			-220.0585
			-249.9827
			106.5911


===========================================================================================
===========================================================================================
S2:
	q_c:	391.5	277.0	153.5
	ub :	409.0022	288.2162	170.6736
	lb :	379.0416	261.5322	148.837

	==================================================================================
	Q1:
		Shape: Ellipse
		q_c:	384.0	283.0	163.5
		ub :	388.9584	288.2162	168.2731
		lb :	379.0416	277.7838	158.7269
		P^-1:
			0.1911	-0.0744	0.0505
			-0.0744	0.0885	-0.0278
			0.0505	-0.0278	0.0822
	==================================================================================
	Q2:
		Shape: Polyhedra
		q_c:	401.5	281.5	155.0
		ub :	408.2662	286.5527	161.163
		lb :	394.7338	276.4473	148.837
		A:
			-0.924	0.3817	0.0223
			-0.864	-0.3977	-0.3087
			0.1048	-0.9944	-0.0163
			0.6762	0.5775	0.4574
			0.945	0.3244	-0.0416
			-0.1261	-0.6801	0.7222
			0.5811	0.0583	0.8117
			-0.7907	0.2764	0.5462
			-0.1925	-0.9593	0.2067
			-0.5811	-0.0583	-0.8117
			0.7907	-0.2764	-0.5462
			0.1925	0.9593	-0.2067
		b:
			-255.1606
			-503.0657
			-236.5548
			508.2003
			468.7277
			-126.5347
			378.5517
			-149.4886
			-311.7919
			-372.5517
			160.4886
			318.7919
	==================================================================================
	Q3:
		Shape: Hybrid
		q_c:	403.5	281.0	163.5
		ub :	409.0022	286.4568	170.6736
		lb :	397.9978	275.5432	156.3264
		P^-1:
			0.184	0.0523	0.0859
			0.0523	0.0797	0.0212
			0.0859	0.0212	0.0767
		A:
			0.8006	0.5947	0.073
			0.2995	-0.9412	-0.1562
			0.7285	0.3371	0.5964
			-0.5001	-0.7212	-0.4793
			0.5587	0.2458	0.7921
			-0.596	0.5084	0.6215
		b:
			503.8809
			-165.6766
			487.4289
			-480.8959
			426.1267
			8.7598
	==================================================================================
	Q4:
		Shape: Hybrid
		q_c:	388.0	268.5	163.5
		ub :	394.7194	275.4678	167.5027
		lb :	381.2806	261.5322	159.4973
		P^-1:
			0.0431	0.0048	-0.0011
			0.0048	0.0532	-0.027
			-0.0011	-0.027	0.1531
		A:
			-0.1588	0.1063	0.9816
			0.9333	0.1457	0.3282
			0.4156	0.3864	0.8234
			0.3168	-0.8099	0.4937
			0.5694	-0.0533	-0.8204
			0.1704	0.79	-0.589
		b:
			129.1213
			458.255
			402.0383
			-11.0835
			74.8552
			184.1657
	==================================================================================
	Q5:
		Shape: Hybrid
		q_c:	398.5	273.0	158.0
		ub :	404.9889	279.1295	162.7892
		lb :	392.0111	266.8705	153.2108
		P^-1:
			0.0707	-0.056	0.0615
			-0.056	0.1702	-0.1755
			0.0615	-0.1755	0.3061
		A:
			0.26	-0.7972	0.5449
			0.804	0.3336	0.4922
			0.2682	-0.6542	0.7072
			0.3838	-0.7512	0.537
			0.024	-0.7882	0.615
			-0.8397	-0.1363	-0.5257
		b:
			-26.6073
			493.1101
			40.8606
			34.0223
			-106.939
			-451.3971
	==================================================================================
	Q6:
		Shape: Hybrid
		q_c:	401.5	279.5	159.0
		ub :	408.1552	285.5503	163.9414
		lb :	394.8448	273.4497	154.0586
		P^-1:
			0.0577	0.0396	0.0063
			0.0396	0.1142	-0.0313
			0.0063	-0.0313	0.1323
		A:
			-0.6117	-0.0025	-0.7911
			-0.0592	-0.4933	-0.8678
			-0.5612	-0.8032	0.1996
			-0.8142	-0.517	0.2642
			0.3416	0.7599	-0.5531
			0.1548	-0.8767	0.4554
		b:
			-370.0149
			-297.4626
			-416.6108
			-427.0882
			262.8927
			-108.3482


===========================================================================================
===========================================================================================
S3:
	q_c:	300.0	261.5	325.0
	ub :	330.5492	293.3614	347.2716
	lb :	277.0371	227.7449	299.0941

	==================================================================================
	Q1:
		Shape: Hybrid
		q_c:	311.5	280.0	331.5
		ub :	323.1596	293.3614	341.5848
		lb :	299.8404	266.6386	321.4152
		P^-1:
			0.0344	0.0131	0.0129
			0.0131	0.0161	0.0051
			0.0129	0.0051	0.0257
		A:
			0.7295	-0.2507	0.6364
			0.9376	0.3162	0.1446
			0.8371	-0.2219	0.5
			-0.2678	-0.4886	-0.8304
			-0.9884	0.0706	-0.1345
			-0.7334	0.1301	-0.6672
		b:
			372.619
			431.5587
			369.0864
			-491.3753
			-327.9693
			-409.2679
	==================================================================================
	Q2:
		Shape: Polyhedra
		q_c:	320.5	271.5	317.0
		ub :	330.5492	281.8531	328.2641
		lb :	310.4508	261.1469	305.7359
		A:
			0.9914	0.1215	-0.0478
			-0.2656	0.9638	-0.0224
			-0.6719	0.6564	0.3432
			0.7278	0.6846	-0.0395
			-0.9375	-0.3338	0.0988
			0.8171	0.4105	-0.4047
			0.8178	0.2045	0.5379
			-0.5315	0.6268	0.5698
			-0.2206	-0.7519	0.6213
			-0.8178	-0.2045	-0.5379
			0.5315	-0.6268	-0.5698
			0.2206	0.7519	-0.6213
		b:
			342.0435
			175.9136
			77.7008
			413.3613
			-353.1658
			251.766
			494.6528
			186.44
			-70.9083
			-481.6528
			-174.44
			84.9083
	==================================================================================
	Q3:
		Shape: Ellipse
		q_c:	310.0	250.5	312.5
		ub :	319.163	260.7876	323.4692
		lb :	300.837	240.2124	301.5308
		P^-1:
			0.1347	-0.1019	0.0541
			-0.1019	0.1004	-0.0546
			0.0541	-0.0546	0.0485
	==================================================================================
	Q4:
		Shape: Hybrid
		q_c:	288.5	238.0	315.0
		ub :	297.632	248.2551	324.2428
		lb :	279.368	227.7449	305.7572
		P^-1:
			0.0267	0.0039	0.0022
			0.0039	0.0284	0.0035
			0.0022	0.0035	0.022
		A:
			-0.324	0.8363	-0.4423
			0.7896	-0.4518	-0.4153
			-0.2389	-0.9385	-0.2493
			-0.0046	-0.507	-0.8619
			0.7831	0.3757	-0.4956
			-0.8947	-0.0947	-0.4365
		b:
			-29.8175
			-6.7484
			-367.894
			-389.98
			162.9268
			-414.876
	==================================================================================
	Q5:
		Shape: Polyhedra
		q_c:	292.0	268.5	314.5
		ub :	306.9629	284.6201	329.9059
		lb :	277.0371	252.3799	299.0941
		A:
			-0.5854	-0.564	-0.5824
			-0.5719	0.7729	0.2749
			-0.5927	0.3907	-0.7043
			-0.2104	-0.0259	-0.9773
			-0.8991	0.3489	-0.2644
			-0.7885	0.3668	-0.4937
			0.2341	0.5146	0.8248
			0.0665	0.8379	-0.5417
			-0.9699	0.1817	0.1619
			-0.2341	-0.5146	-0.8248
			-0.0665	-0.8379	0.5417
			0.9699	-0.1817	-0.1619
		b:
			-495.9033
			138.4117
			-278.7113
			-366.2309
			-239.8874
			-275.4451
			474.943
			85.0501
			-171.0217
			-456.943
			-63.0501
			196.0217
	==================================================================================
	Q6:
		Shape: Polyhedra
		q_c:	310.5	260.5	336.5
		ub :	322.8893	272.2356	347.2716
		lb :	298.1107	248.7644	325.7284
		A:
			0.736	0.2802	-0.6162
			0.1759	0.8428	-0.5087
			-0.7056	0.6688	0.2342
			0.1267	0.3111	0.9419
			-0.0405	0.5989	0.7998
			-0.2908	0.5487	0.7838
			0.4594	0.8741	0.1576
			0.6462	-0.2072	-0.7345
			-0.6094	0.4393	-0.6601
			-0.4594	-0.8741	-0.1576
			-0.6462	0.2072	0.7345
			0.6094	-0.4393	0.6601
		b:
			101.5437
			110.6853
			40.9367
			444.5469
			420.1725
			323.7643
			431.8907
			-93.4616
			-290.4015
			-414.8907
			107.4616
			303.4015


===========================================================================================
===========================================================================================
S4:
	q_c:	499.0	240.0	250.0
	ub :	526.4026	257.7742	266.8346
	lb :	477.4437	213.4117	226.8188

	==================================================================================
	Q1:
		Shape: Polyhedra
		q_c:	490.5	235.0	249.0
		ub :	498.7958	242.2841	257.9242
		lb :	482.2042	227.7159	240.0758
		A:
			0.1117	0.3835	0.9168
			0.5291	-0.6124	0.5874
			-0.2996	0.191	-0.9348
			-0.2824	-0.6548	-0.7011
			0.636	0.7711	0.0291
			0.6627	-0.7337	-0.15
			0.8639	0.1467	0.4818
			-0.348	-0.5176	0.7817
			0.364	-0.843	-0.3961
			-0.8639	-0.1467	-0.4818
			0.348	0.5176	-0.7817
			-0.364	0.843	0.3961
		b:
			378.2483
			267.2746
			-329.0661
			-462.1771
			505.8663
			119.5528
			583.6902
			-91.7024
			-114.1803
			-572.6902
			103.7024
			122.1803
	==================================================================================
	Q2:
		Shape: Polyhedra
		q_c:	499.0	247.5	236.0
		ub :	509.1094	257.4707	245.1812
		lb :	488.8906	237.5293	226.8188
		A:
			-0.2984	-0.2277	0.9269
			0.5617	-0.3956	-0.7266
			-0.1425	0.3171	0.9376
			0.9208	0.0489	-0.3871
			0.382	0.1842	-0.9056
			-0.5291	-0.8422	-0.1033
			0.2297	0.7006	0.6756
			0.7091	0.355	-0.6092
			-0.6666	0.619	-0.4153
			-0.2297	-0.7006	-0.6756
			-0.7091	-0.355	0.6092
			0.6666	-0.619	0.4153
		b:
			18.5902
			15.8663
			232.8761
			385.7825
			27.27
			-492.5488
			451.4345
			302.4427
			-268.463
			-443.4345
			-293.4427
			286.463
	==================================================================================
	Q3:
		Shape: Hybrid
		q_c:	516.0	241.5	244.0
		ub :	526.4026	250.3931	253.8537
		lb :	505.5974	232.6069	234.1463
		P^-1:
			0.0255	0.0018	0.0017
			0.0018	0.0212	0.0013
			0.0017	0.0013	0.0252
		A:
			0.1889	-0.8957	0.4026
			-0.4698	-0.8483	0.2443
			-0.5164	0.6053	0.6057
			-0.0193	0.8393	0.5434
			-0.1295	-0.2144	0.9681
			0.1657	0.9794	0.1157
		b:
			-16.5987
			-383.9955
			31.1751
			328.911
			121.0636
			354.0291
	==================================================================================
	Q4:
		Shape: Hybrid
		q_c:	512.0	250.5	248.0
		ub :	519.7355	257.7742	255.4173
		lb :	504.2645	243.2258	240.5827
		P^-1:
			0.0463	0.0017	-0.0041
			0.0017	0.0405	-0.0011
			-0.0041	-0.0011	0.0426
		A:
			-0.2287	0.0135	0.9734
			-0.2947	-0.8886	0.3515
			-0.5232	0.8324	-0.1827
			-0.0484	-0.9782	-0.2018
			0.2229	-0.6886	-0.6901
			-0.0984	0.6379	0.7638
		b:
			130.2199
			-283.7362
			-101.9444
			-317.1043
			-226.8181
			301.5474
	==================================================================================
	Q5:
		Shape: Ellipse
		q_c:	487.5	225.0	256.5
		ub :	497.5563	236.5883	266.8346
		lb :	477.4437	213.4117	246.1654
		P^-1:
			0.025	-0.0038	-0.0022
			-0.0038	0.0222	-0.0018
			-0.0022	-0.0018	0.0221
	==================================================================================
	Q6:
		Shape: Ellipse
		q_c:	493.0	237.0	252.0
		ub :	501.2941	244.3046	259.2332
		lb :	484.7059	229.6954	244.7668
		P^-1:
			0.0157	-0.0002	0.0009
			-0.0002	0.0423	-0.0171
			0.0009	-0.0171	0.0479


===========================================================================================
===========================================================================================
S5:
	q_c:	362.0	89.0	244.5
	ub :	372.8006	100.2224	251.7567
	lb :	354.2198	79.5083	235.671

	==================================================================================
	Q1:
		Shape: Polyhedra
		q_c:	368.5	94.0	247.5
		ub :	372.8006	97.5622	251.2613
		lb :	364.1994	90.4378	243.7387
		A:
			0.2024	0.9133	0.3534
			0.8322	0.4316	0.348
			0.1439	0.2059	0.9679
			0.4594	-0.5742	-0.6777
			-0.8772	0.1517	-0.4555
			-0.6022	0.604	-0.522
			0.4879	0.4663	0.7379
			-0.872	0.2995	0.3872
			-0.0404	-0.8324	0.5528
			-0.4879	-0.4663	-0.7379
			0.872	-0.2995	-0.3872
			0.0404	0.8324	-0.5528
		b:
			249.7857
			435.6739
			313.8973
			-48.9665
			-418.9035
			-291.7348
			407.7448
			-193.3381
			45.673
			-404.7448
			201.3381
			-41.673
	==================================================================================
	Q2:
		Shape: Ellipse
		q_c:	362.0	83.5	244.0
		ub :	366.8205	87.4917	248.4461
		lb :	357.1795	79.5083	239.5539
		P^-1:
			0.1466	-0.0824	0.0913
			-0.0824	0.2687	-0.1473
			0.0913	-0.1473	0.2219
	==================================================================================
	Q3:
		Shape: Polyhedra
		q_c:	359.5	95.0	240.5
		ub :	364.7802	100.2224	245.329
		lb :	354.2198	89.7776	235.671
		A:
			-0.3396	-0.8439	0.4153
			-0.0099	0.9623	-0.2717
			-0.5961	0.6418	-0.4826
			-0.3612	-0.8152	0.4527
			-0.1606	0.6172	-0.7702
			-0.6951	0.2461	0.6755
			0.4811	0.742	0.4669
			0.7575	-0.6199	0.2047
			0.4413	0.2552	-0.8603
			-0.4811	-0.742	-0.4669
			-0.7575	0.6199	-0.2047
			-0.4413	-0.2552	0.8603
		b:
			-99.1894
			25.688
			-266.3705
			-95.2588
			-181.3202
			-61.0413
			359.2296
			265.6508
			-21.0107
			-352.2296
			-259.6508
			27.0107
	==================================================================================
	Q4:
		Shape: Hybrid
		q_c:	360.5	90.0	241.5
		ub :	362.962	92.0116	243.6999
		lb :	358.038	87.9884	239.3001
		P^-1:
			0.5532	0.0225	-0.3595
			0.0225	0.4323	0.0501
			-0.3595	0.0501	0.7089
		A:
			0.8894	0.3315	-0.3147
			-0.2456	-0.3695	0.8962
			-0.507	-0.5399	0.6719
			-0.1546	0.637	-0.7552
			0.8105	-0.4972	-0.3097
			0.6677	-0.0447	-0.7431
		b:
			275.2787
			95.4772
			-68.3836
			-179.5676
			173.5839
			57.7207
	==================================================================================
	Q5:
		Shape: Hybrid
		q_c:	359.0	92.5	249.5
		ub :	360.4651	94.177	251.7567
		lb :	357.5349	90.823	247.2433
		P^-1:
			0.9667	0.0165	-0.1527
			0.0165	0.4441	-0.018
			-0.1527	-0.018	0.2836
		A:
			-0.7427	-0.0762	0.6653
			0.9876	-0.0761	-0.1373
			0.9259	-0.319	-0.2023
			0.5414	0.5766	-0.6119
			-0.364	0.7503	0.5519
			-0.7541	-0.3239	0.5714
		b:
			-106.8604
			313.7713
			252.995
			95.9656
			77.4822
			-157.3623
	==================================================================================
	Q6:
		Shape: Polyhedra
		q_c:	360.0	96.5	246.0
		ub :	363.8909	99.4907	250.9635
		lb :	356.1091	93.5093	241.0365
		A:
			-0.6779	0.7088	0.195
			-0.179	-0.8875	-0.4247
			0.8038	-0.4085	0.4325
			0.209	0.952	0.2239
			0.2482	-0.3945	-0.8847
			-0.605	-0.5376	-0.5874
			0.9828	0.1065	0.1512
			-0.1475	-0.0417	0.9882
			0.1116	-0.9934	-0.0252
			-0.9828	-0.1065	-0.1512
			0.1475	0.0417	-0.9882
			-0.1116	0.9934	0.0252
		b:
			-124.8176
			-251.6744
			359.4377
			224.7893
			-162.2036
			-410.8684
			404.2592
			190.4716
			-59.4183
			-398.2592
			-181.4716
			64.4183


===========================================================================================
===========================================================================================
S6:
	q_c:	376.5	463.0	14.5
	ub :	382.615	471.5772	23.5788
	lb :	371.4867	458.6116	8.5206

	==================================================================================
	Q1:
		Shape: Polyhedra
		q_c:	380.0	462.0	11.5
		ub :	382.615	464.7182	14.4794
		lb :	377.385	459.2818	8.5206
		A:
			-0.7715	0.2004	-0.6039
			0.1439	0.9833	-0.1111
			0.8375	-0.546	0.0225
			0.4341	-0.8935	-0.1151
			-0.1975	-0.7689	-0.6081
			0.4995	0.7385	0.4529
			0.3228	0.649	0.6889
			-0.1275	0.7511	-0.6478
			-0.9378	0.1213	0.3252
			-0.3228	-0.649	-0.6889
			0.1275	-0.7511	0.6478
			0.9378	-0.1213	-0.3252
		b:
			-205.6504
			509.5499
			68.2587
			-247.2801
			-435.7474
			537.7628
			431.9321
			293.0864
			-294.6027
			-428.9321
			-289.0864
			298.6027
	==================================================================================
	Q2:
		Shape: Polyhedra
		q_c:	379.0	464.0	16.0
		ub :	381.6359	465.9615	18.1106
		lb :	376.3641	462.0385	13.8894
		A:
			0.7308	0.6105	0.3052
			-0.9187	-0.2657	-0.292
			0.0857	0.8519	0.5166
			0.2553	-0.7143	0.6516
			-0.2236	0.5838	-0.7805
			0.3772	-0.8957	-0.2354
			0.2004	0.9795	0.0189
			0.9245	-0.1827	-0.3345
			-0.3242	0.0845	-0.9422
			-0.2004	-0.9795	-0.0189
			-0.9245	0.1827	0.3345
			0.3242	-0.0845	0.9422
		b:
			566.7744
			-474.4121
			437.5833
			-222.7582
			175.1578
			-274.7279
			532.2642
			262.2611
			-97.2246
			-529.2642
			-258.2611
			100.2246
	==================================================================================
	Q3:
		Shape: Ellipse
		q_c:	377.0	462.5	14.0
		ub :	378.9683	464.4222	15.6514
		lb :	375.0317	460.5778	12.3486
		P^-1:
			0.4444	-0.0	0.0
			-0.0	0.4444	-0.0
			0.0	-0.0	0.4444
	==================================================================================
	Q4:
		Shape: Polyhedra
		q_c:	375.0	469.0	14.5
		ub :	378.5133	471.5772	17.8988
		lb :	371.4867	466.4228	11.1012
		A:
			-0.9935	0.1053	0.0422
			-0.0686	-0.9815	0.1785
			0.2646	-0.6477	0.7145
			0.0562	0.611	-0.7896
			-0.2762	0.9033	0.3283
			-0.4997	0.7075	0.4998
			0.7179	0.2324	0.6562
			-0.1894	0.9723	-0.1371
			-0.6699	-0.0258	0.742
			-0.7179	-0.2324	-0.6562
			0.1894	-0.9723	0.1371
			0.6699	0.0258	-0.742
		b:
			-320.373
			-481.4817
			-192.0612
			298.2472
			326.8755
			153.6854
			390.2277
			384.9879
			-250.5544
			-385.2277
			-380.9879
			254.5544
	==================================================================================
	Q5:
		Shape: Ellipse
		q_c:	378.5	462.0	20.0
		ub :	380.9979	465.3884	23.5788
		lb :	376.0021	458.6116	16.4212
		P^-1:
			0.4141	-0.075	0.0134
			-0.075	0.2581	0.0494
			0.0134	0.0494	0.1334
	==================================================================================
	Q6:
		Shape: Ellipse
		q_c:	376.5	463.5	13.5
		ub :	379.8531	466.5925	15.8612
		lb :	373.1469	460.4075	11.1388
		P^-1:
			0.2279	-0.1538	-0.0525
			-0.1538	0.5104	-0.2972
			-0.0525	-0.2972	0.8173


===========================================================================================
===========================================================================================
S7:
	q_c:	165.0	440.5	426.0
	ub :	193.6357	458.7965	451.3988
	lb :	140.7048	419.0904	405.4871

	==================================================================================
	Q1:
		Shape: Hybrid
		q_c:	153.5	437.0	415.5
		ub :	165.5619	445.7921	425.5129
		lb :	141.4381	428.2079	405.4871
		P^-1:
			0.0306	0.0286	-0.0075
			0.0286	0.0655	0.0072
			-0.0075	0.0072	0.0277
		A:
			-0.6414	-0.5886	0.4921
			-0.6622	-0.655	0.3639
			0.7024	0.7023	-0.1157
			0.6318	0.6024	-0.4878
			0.1818	-0.2941	0.9383
			-0.2604	-0.8678	0.4232
		b:
			-148.6218
			-234.364
			368.9231
			160.1318
			295.9551
			-239.7104
	==================================================================================
	Q2:
		Shape: Ellipse
		q_c:	183.0	436.0	426.5
		ub :	193.6357	444.5918	436.4123
		lb :	172.3643	427.4082	416.5877
		P^-1:
			0.0426	0.0325	0.0254
			0.0325	0.0604	0.0333
			0.0254	0.0333	0.0437
	==================================================================================
	Q3:
		Shape: Hybrid
		q_c:	168.5	431.0	441.0
		ub :	176.139	442.9096	451.3988
		lb :	160.861	419.0904	430.6012
		P^-1:
			0.0447	0.0114	0.0048
			0.0114	0.0169	0.0001
			0.0048	0.0001	0.018
		A:
			-0.3734	0.4298	-0.8221
			0.7271	0.4615	-0.5083
			-0.713	-0.7005	-0.0299
			-0.456	0.839	0.2969
			0.711	0.659	0.2453
			0.8078	-0.2137	0.5493
		b:
			-235.1002
			100.9831
			-431.9605
			422.4363
			515.2653
			290.1433
	==================================================================================
	Q4:
		Shape: Polyhedra
		q_c:	157.5	440.0	427.5
		ub :	167.0771	445.9043	430.6943
		lb :	147.9229	434.0957	424.3057
		A:
			-0.2216	0.0721	-0.9725
			0.0563	0.44	-0.8962
			-0.5354	0.2454	0.8082
			-0.042	-0.4335	0.9002
			-0.0137	-0.526	0.8504
			0.0404	0.4074	-0.9124
			0.0141	0.9919	0.1265
			-0.0002	0.1265	-0.992
			-0.9999	0.014	0.002
			-0.0141	-0.9919	-0.1265
			0.0002	-0.1265	0.992
			0.9999	-0.014	-0.002
		b:
			-415.6749
			-177.6869
			374.9215
			190.4302
			133.1587
			-201.5357
			498.2219
			-365.9274
			-140.9954
			-487.2219
			370.9274
			159.9954
	==================================================================================
	Q5:
		Shape: Hybrid
		q_c:	178.5	452.0	436.0
		ub :	184.4324	458.7965	439.6819
		lb :	172.5676	445.2035	432.3181
		P^-1:
			0.0717	-0.0249	0.0121
			-0.0249	0.0582	-0.0503
			0.0121	-0.0503	0.2348
		A:
			-0.3522	0.8521	-0.3871
			-0.3558	-0.605	0.7123
			-0.3882	-0.2404	-0.8897
			-0.3474	-0.1346	0.928
			0.5609	-0.2625	0.7851
			-0.4769	0.5563	-0.6806
		b:
			156.1497
			-23.8489
			-563.3614
			283.2077
			325.3822
			-128.8675
	==================================================================================
	Q6:
		Shape: Hybrid
		q_c:	148.5	443.0	440.0
		ub :	156.2952	448.0695	447.8061
		lb :	140.7048	437.9305	432.1939
		P^-1:
			0.0359	0.0286	0.0114
			0.0286	0.1401	0.0364
			0.0114	0.0364	0.0449
		A:
			-0.6393	-0.7661	0.0662
			-0.0049	0.7765	0.6301
			-0.6471	-0.7243	-0.2381
			0.051	-0.727	-0.6848
			0.4484	-0.5312	-0.7189
			0.7135	0.671	0.2015
		b:
			-402.5595
			622.5712
			-519.4903
			-613.4345
			-481.3451
			494.4161


===========================================================================================
===========================================================================================
S8:
	q_c:	29.0	446.0	280.0
	ub :	40.3995	462.8915	296.2672
	lb :	15.3186	432.1631	271.7052

	==================================================================================
	Q1:
		Shape: Ellipse
		q_c:	29.5	439.5	279.0
		ub :	34.601	443.3496	283.906
		lb :	24.399	435.6504	274.094
		P^-1:
			0.0654	0.012	-0.0023
			0.012	0.1535	0.0196
			-0.0023	0.0196	0.0853
	==================================================================================
	Q2:
		Shape: Polyhedra
		q_c:	22.5	439.0	289.0
		ub :	29.6814	445.8369	294.7505
		lb :	15.3186	432.1631	283.2495
		A:
			0.877	0.4334	0.2075
			0.8136	-0.065	-0.5778
			0.6153	0.1241	0.7785
			0.2285	0.2477	0.9415
			-0.7085	-0.6205	0.3361
			0.6979	0.5275	-0.4845
			0.5619	0.6893	0.4573
			0.7265	-0.6756	0.1257
			0.3956	0.2616	-0.8804
			-0.5619	-0.6893	-0.4573
			-0.7265	0.6756	-0.1257
			-0.3956	-0.2616	0.8804
		b:
			273.7394
			-172.902
			297.2431
			389.7223
			-187.4083
			111.1232
			450.9002
			-238.9203
			-126.7068
			-443.9002
			248.9203
			134.7068
	==================================================================================
	Q3:
		Shape: Hybrid
		q_c:	25.5	449.5	290.5
		ub :	31.5609	455.3705	296.2672
		lb :	19.4391	443.6295	284.7328
		P^-1:
			0.0784	-0.0029	0.0092
			-0.0029	0.079	0.0083
			0.0092	0.0083	0.0552
		A:
			0.9866	-0.0068	-0.163
			0.0477	0.8897	0.454
			0.1156	-0.9785	0.171
			-0.4288	0.728	0.5349
			0.4384	-0.8139	0.3812
			0.9837	-0.177	0.0305
		b:
			-23.2729
			534.805
			-385.2853
			473.636
			-241.9641
			-43.8222
	==================================================================================
	Q4:
		Shape: Hybrid
		q_c:	30.0	449.0	284.5
		ub :	34.3115	453.103	289.2043
		lb :	25.6885	444.897	279.7957
		P^-1:
			0.2024	0.0127	0.0694
			0.0127	0.1615	0.0401
			0.0694	0.0401	0.1086
		A:
			-0.7125	0.3741	-0.5936
			0.6162	0.2096	0.7592
			0.4121	0.8835	0.2225
			0.3011	-0.6264	-0.719
			-0.6603	-0.7115	-0.2403
			-0.5943	-0.6065	0.5282
		b:
			-20.8099
			329.9283
			473.7367
			-474.7656
			-406.3785
			-137.2352
	==================================================================================
	Q5:
		Shape: Ellipse
		q_c:	35.0	441.5	277.5
		ub :	40.3995	445.4287	283.2948
		lb :	29.6005	437.5713	271.7052
		P^-1:
			0.0789	0.0069	0.0301
			0.0069	0.1535	-0.0216
			0.0301	-0.0216	0.0881
	==================================================================================
	Q6:
		Shape: Polyhedra
		q_c:	29.0	456.0	286.0
		ub :	35.4893	462.8915	292.0564
		lb :	22.5107	449.1085	279.9436
		A:
			0.8079	-0.156	-0.5683
			-0.7172	0.6847	0.1293
			-0.9285	-0.0728	-0.364
			-0.1201	-0.2297	0.9658
			-0.0513	0.9428	0.3294
			-0.1044	0.6342	0.7661
			0.6003	0.5831	0.5474
			0.7533	-0.6422	-0.142
			0.2687	0.4975	-0.8248
			-0.6003	-0.5831	-0.5474
			-0.7533	0.6422	0.142
			-0.2687	-0.4975	0.8248
		b:
			-206.2242
			332.4249
			-160.2476
			171.9871
			526.631
			509.2747
			443.8612
			-307.5985
			2.7959
			-435.8612
			315.5985
			5.2041


===========================================================================================
===========================================================================================
S9:
	q_c:	393.5	256.5	69.5
	ub :	417.0362	275.6475	94.3723
	lb :	367.3146	238.266	40.9382

	==================================================================================
	Q1:
		Shape: Hybrid
		q_c:	387.5	259.0	50.0
		ub :	399.2011	268.2355	59.0618
		lb :	375.7989	249.7645	40.9382
		P^-1:
			0.0119	0.0013	0.0026
			0.0013	0.0202	-0.0007
			0.0026	-0.0007	0.0231
		A:
			0.4193	0.3071	-0.8543
			-0.2593	-0.1444	-0.9549
			-0.2163	0.5088	-0.8333
			-0.5671	-0.5742	0.5906
			0.714	0.2581	0.6508
			-0.3702	0.373	0.8508
		b:
			203.6151
			-182.3438
			9.6917
			-334.3595
			380.2996
			0.2233
	==================================================================================
	Q2:
		Shape: Hybrid
		q_c:	393.5	256.0	73.0
		ub :	401.1933	264.3579	81.5237
		lb :	385.8067	247.6421	64.4763
		P^-1:
			0.0422	0.0193	0.002
			0.0193	0.0436	0.0031
			0.002	0.0031	0.0182
		A:
			-0.1602	0.8563	-0.491
			0.8689	0.2656	0.4178
			-0.0746	0.9939	-0.0808
			-0.9859	-0.1453	0.0828
			0.3716	0.8392	-0.397
			-0.3844	-0.7836	-0.4882
		b:
			124.7988
			443.5452
			222.8328
			-415.9699
			335.3447
			-384.524
	==================================================================================
	Q3:
		Shape: Polyhedra
		q_c:	407.0	265.5	59.5
		ub :	417.0362	275.6475	68.9084
		lb :	396.9638	255.3525	50.0916
		A:
			0.0784	0.6881	0.7214
			0.4377	0.7447	0.5038
			0.627	0.7686	0.1271
			0.6457	-0.0976	0.7573
			0.2246	0.5781	-0.7844
			-0.3417	-0.9203	-0.1905
			0.6221	0.628	0.4675
			0.7829	-0.4945	-0.3776
			-0.006	0.6009	-0.7993
			-0.6221	-0.628	-0.4675
			-0.7829	0.4945	0.3776
			0.006	-0.6009	0.7993
		b:
			263.7991
			409.8949
			470.5816
			286.8712
			203.4444
			-390.2679
			451.2682
			174.8773
			114.5381
			-444.2682
			-154.8773
			-104.5381
	==================================================================================
	Q4:
		Shape: Hybrid
		q_c:	399.5	250.5	85.0
		ub :	411.454	262.734	94.3723
		lb :	387.546	238.266	75.6277
		P^-1:
			0.0291	0.0068	0.0209
			0.0068	0.0171	0.0085
			0.0209	0.0085	0.0458
		A:
			-0.0209	-0.2166	-0.976
			0.9311	0.1255	0.3424
			-0.6418	0.007	0.7669
			-0.4939	0.8604	-0.1259
			0.4251	0.5787	0.696
			-0.328	-0.8602	-0.3906
		b:
			-142.0287
			436.3163
			-183.497
			13.8745
			376.7997
			-375.1303
	==================================================================================
	Q5:
		Shape: Polyhedra
		q_c:	378.0	253.0	68.5
		ub :	388.6854	260.8601	79.7755
		lb :	367.3146	245.1399	57.2245
		A:
			0.4138	0.9099	-0.0302
			-0.5526	-0.6273	-0.5488
			0.8551	0.0393	0.517
			-0.1904	-0.9725	0.134
			-0.0812	-0.9939	0.0748
			0.1251	0.9479	0.2931
			0.5623	0.7864	0.2558
			0.7379	-0.6168	0.2739
			0.3731	0.0347	-0.9271
			-0.5623	-0.7864	-0.2558
			-0.7379	0.6168	-0.2739
			-0.3731	-0.0347	0.9271
		b:
			389.4888
			-400.1049
			374.424
			-303.4829
			-271.6868
			312.296
			433.5284
			148.1634
			95.3213
			-424.5284
			-135.1634
			-77.3213
	==================================================================================
	Q6:
		Shape: Hybrid
		q_c:	406.5	262.0	75.0
		ub :	416.292	270.3724	84.8006
		lb :	396.708	253.6276	65.1994
		P^-1:
			0.0184	-0.0002	0.0018
			-0.0002	0.0205	-0.0006
			0.0018	-0.0006	0.0229
		A:
			-0.5835	0.2027	0.7864
			0.2592	0.9432	0.2078
			-0.4934	-0.0655	0.8673
			-0.7829	-0.6197	0.0556
			-0.3117	0.9068	-0.2839
			0.4697	-0.747	-0.4705
		b:
			-121.1074
			371.8155
			-148.8431
			-472.4055
			93.2251
			-36.1067


===========================================================================================
===========================================================================================
S10:
	q_c:	493.5	209.0	113.5
	ub :	522.0027	229.1548	131.8284
	lb :	485.9836	180.9342	90.5572

	==================================================================================
	Q1:
		Shape: Hybrid
		q_c:	511.5	194.5	121.5
		ub :	522.0027	204.4274	131.8284
		lb :	500.9973	184.5726	111.1716
		P^-1:
			0.0241	-0.002	-0.0006
			-0.002	0.0263	-0.0018
			-0.0006	-0.0018	0.0215
		A:
			0.6096	0.7096	-0.3533
			0.7746	0.4935	-0.3956
			-0.2296	-0.3238	-0.9178
			-0.64	-0.443	0.6278
			0.7736	-0.4655	-0.43
			0.2599	-0.4306	-0.8643
		b:
			410.3286
			447.6168
			-287.9562
			-333.7882
			256.2163
			-52.0536
	==================================================================================
	Q2:
		Shape: Hybrid
		q_c:	503.5	211.0	110.5
		ub :	512.2624	222.3024	121.5509
		lb :	494.7376	199.6976	99.4491
		P^-1:
			0.0299	0.0083	0.0052
			0.0083	0.0267	0.0065
			0.0052	0.0065	0.0194
		A:
			0.4754	0.4291	-0.768
			-0.6761	-0.339	0.6542
			-0.6087	0.3363	0.7186
			-0.5767	-0.1784	-0.7972
			0.6695	0.1584	-0.7257
			0.7545	0.1638	0.6355
		b:
			250.2023
			-334.8771
			-151.3921
			-412.4134
			295.2701
			488.0574
	==================================================================================
	Q3:
		Shape: Hybrid
		q_c:	499.5	215.0	98.0
		ub :	508.7467	224.6218	104.6744
		lb :	490.2533	205.3782	91.3256
		P^-1:
			0.0316	-0.0031	0.01
			-0.0031	0.0276	0.0104
			0.01	0.0104	0.0567
		A:
			0.9266	0.2781	0.253
			0.3888	0.0443	-0.9203
			-0.9015	-0.0251	-0.432
			0.2526	0.7351	-0.6291
			0.6234	-0.7296	-0.2812
			-0.9447	-0.1109	-0.3088
		b:
			551.1755
			116.8925
			-494.9131
			227.286
			130.3645
			-522.4895
	==================================================================================
	Q4:
		Shape: Ellipse
		q_c:	497.0	193.5	103.5
		ub :	508.0164	206.0658	116.4428
		lb :	485.9836	180.9342	90.5572
		P^-1:
			0.0368	0.0002	0.0179
			0.0002	0.0121	0.0008
			0.0179	0.0008	0.0239
	==================================================================================
	Q5:
		Shape: Ellipse
		q_c:	513.5	223.0	125.0
		ub :	520.5177	229.1548	131.4143
		lb :	506.4823	216.8452	118.5857
		P^-1:
			0.0964	0.0631	-0.0164
			0.0631	0.0866	-0.0183
			-0.0164	-0.0183	0.0448
	==================================================================================
	Q6:
		Shape: Hybrid
		q_c:	509.5	203.0	110.5
		ub :	519.4043	213.4423	119.2034
		lb :	499.5957	192.5577	101.7966
		P^-1:
			0.0273	-0.0	-0.0053
			-0.0	0.0287	-0.0079
			-0.0053	-0.0079	0.0322
		A:
			-0.8923	-0.0602	-0.4474
			-0.0564	-0.5555	-0.8296
			-0.8622	0.1716	-0.4767
			-0.4125	0.0732	0.908
			-0.4877	0.3484	-0.8005
			0.9381	0.2948	-0.1818
		b:
			-512.198
			-228.9877
			-453.2429
			-91.8878
			-262.8067
			521.1752


===========================================================================================
===========================================================================================
S11:
	q_c:	444.5	84.5	177.0
	ub :	457.0763	101.5942	195.5443
	lb :	426.5974	64.3701	165.562

	==================================================================================
	Q1:
		Shape: Hybrid
		q_c:	450.5	86.0	184.5
		ub :	455.1428	93.1499	191.9406
		lb :	445.8572	78.8501	177.0594
		P^-1:
			0.0622	0.0015	0.0024
			0.0015	0.0424	-0.008
			0.0024	-0.008	0.0403
		A:
			-0.7006	-0.2518	0.6676
			0.3405	0.7039	-0.6234
			0.7335	0.6718	-0.1036
			0.1359	-0.3705	0.9188
			0.5018	-0.3434	-0.7939
			0.1909	0.8836	0.4275
		b:
			-211.626
			101.3439
			371.4217
			201.5568
			53.2698
			244.1548
	==================================================================================
	Q2:
		Shape: Polyhedra
		q_c:	440.0	91.5	186.5
		ub :	448.1271	95.8761	195.5443
		lb :	431.8729	87.1239	177.4557
		A:
			-0.4302	-0.6919	0.5799
			0.231	-0.953	-0.1959
			-0.8828	0.0502	0.4671
			0.8264	-0.1709	-0.5365
			0.8573	-0.4452	-0.2584
			0.8486	-0.3547	-0.3925
			0.5908	0.0263	0.8064
			-0.7755	-0.2571	0.5766
			0.2225	-0.966	-0.1315
			-0.5908	-0.0263	-0.8064
			0.7755	0.2571	-0.5766
			-0.2225	0.966	0.1315
		b:
			-140.9468
			-18.6062
			-293.479
			251.0403
			292.2376
			271.1824
			421.2481
			-254.2318
			-11.5109
			-404.2481
			260.2318
			18.5109
	==================================================================================
	Q3:
		Shape: Polyhedra
		q_c:	448.5	73.0	188.5
		ub :	457.0763	81.6299	194.3061
		lb :	439.9237	64.3701	182.6939
		A:
			0.5013	-0.2096	-0.8395
			-0.9262	-0.363	0.1023
			0.2402	0.5492	-0.8004
			0.5247	0.3605	-0.7712
			-0.4069	0.0981	-0.9082
			0.6586	-0.5369	-0.5273
			0.5396	0.7799	0.3173
			0.2748	0.1931	-0.9419
			-0.7958	0.5954	-0.1101
			-0.5396	-0.7799	-0.3173
			-0.2748	-0.1931	0.9419
			0.7958	-0.5954	0.1101
		b:
			55.3116
			-417.105
			0.85
			120.1548
			-341.9625
			161.7382
			364.7394
			-36.7029
			-328.7204
			-352.7394
			43.7029
			339.7204
	==================================================================================
	Q4:
		Shape: Ellipse
		q_c:	432.5	95.5	171.5
		ub :	438.4026	101.5942	177.438
		lb :	426.5974	89.4058	165.562
		P^-1:
			0.0926	0.0123	0.0226
			0.0123	0.067	0.012
			0.0226	0.012	0.0634
	==================================================================================
	Q5:
		Shape: Ellipse
		q_c:	436.5	84.0	177.0
		ub :	441.3838	91.5124	186.2968
		lb :	431.6162	76.4876	167.7032
		P^-1:
			0.217	-0.0332	-0.0745
			-0.0332	0.0489	-0.0006
			-0.0745	-0.0006	0.0491
	==================================================================================
	Q6:
		Shape: Hybrid
		q_c:	448.0	83.5	177.0
		ub :	450.9997	87.6864	182.8543
		lb :	445.0003	79.3136	171.1457
		P^-1:
			0.2441	-0.0072	-0.0344
			-0.0072	0.0628	0.0006
			-0.0344	0.0006	0.0387
		A:
			0.8807	0.1036	-0.4623
			-0.8108	0.4914	-0.3181
			-0.7853	0.3925	0.4789
			0.6434	0.5642	0.5174
			0.2318	0.609	-0.7586
			-0.897	0.3828	0.2209
		b:
			322.9662
			-376.0968
			-232.3077
			430.1915
			24.0977
			-329.4163


===========================================================================================
===========================================================================================
