3D_35_13_6_c                l = 3

===========================================================================================
===========================================================================================
S1:
	q_c:	160.5	514.0	19.5
	ub :	185.1735	528.1704	38.0173
	lb :	154.2439	498.0105	2.9316

	==================================================================================
	Q1:
		Shape: Hybrid
		q_c:	176.5	511.0	11.5
		ub :	185.1735	517.0259	20.0684
		lb :	167.8265	504.9741	2.9316
		P^-1:
			0.0452	0.0029	0.0205
			0.0029	0.062	-0.0035
			0.0205	-0.0035	0.0382
		A:
			0.1109	-0.836	0.5373
			0.298	-0.9466	0.1228
			0.8625	0.435	0.2587
			0.6056	-0.7605	0.2343
			-0.0622	-0.1581	-0.9855
			0.545	-0.8336	0.09
		b:
			-399.2206
			-427.5609
			379.8581
			-276.6608
			-99.3184
			-326.1855
	==================================================================================
	Q2:
		Shape: Hybrid
		q_c:	164.0	505.0	17.0
		ub :	167.0135	511.9895	23.4892
		lb :	160.9865	498.0105	10.5108
		P^-1:
			0.4242	0.0285	-0.0825
			0.0285	0.0477	0.0198
			-0.0825	0.0198	0.082
		A:
			-0.8065	0.3866	0.4473
			-0.805	-0.4777	0.3518
			-0.9152	-0.0918	0.3925
			-0.9432	-0.2145	0.2538
			0.6981	0.1977	0.6882
			0.9176	0.3735	0.1363
		b:
			72.2228
			-365.0278
			-188.7891
			-257.7003
			228.7674
			342.7826
	==================================================================================
	Q3:
		Shape: Ellipse
		q_c:	173.0	510.5	10.0
		ub :	177.4832	514.3736	14.7581
		lb :	168.5168	506.6264	5.2419
		P^-1:
			0.1443	-0.0056	0.0308
			-0.0056	0.158	0.0109
			0.0308	0.0109	0.0993
	==================================================================================
	Q4:
		Shape: Ellipse
		q_c:	172.5	522.5	13.0
		ub :	179.8049	528.1704	17.6575
		lb :	165.1951	516.8296	8.3425
		P^-1:
			0.1657	0.2023	-0.0118
			0.2023	0.2952	-0.022
			-0.0118	-0.022	0.0638
	==================================================================================
	Q5:
		Shape: Ellipse
		q_c:	160.0	508.5	33.0
		ub :	165.7561	513.3897	38.0173
		lb :	154.2439	503.6103	27.9827
		P^-1:
			0.0579	-0.0039	0.0256
			-0.0039	0.0975	-0.0325
			0.0256	-0.0325	0.1356
	==================================================================================
	Q6:
		Shape: Ellipse
		q_c:	172.0	518.0	13.0
		ub :	180.7242	523.5388	22.0331
		lb :	163.2758	512.4612	3.9669
		P^-1:
			0.0577	-0.0785	0.0228
			-0.0785	0.2025	-0.0486
			0.0228	-0.0486	0.0313


===========================================================================================
===========================================================================================
S2:
	q_c:	111.0	85.0	252.0
	ub :	123.6103	96.5286	268.8453
	lb :	98.0006	73.7851	239.9657

	==================================================================================
	Q1:
		Shape: Polyhedra
		q_c:	105.5	84.5	253.0
		ub :	112.9994	91.2196	258.7951
		lb :	98.0006	77.7804	247.2049
		A:
			-0.4878	-0.7064	-0.5129
			0.9285	-0.0333	-0.3698
			0.2363	-0.7698	-0.593
			-0.6952	-0.191	0.6929
			0.9036	-0.0262	-0.4275
			0.5811	0.1749	-0.7948
			0.8207	0.4507	0.351
			-0.3776	0.8891	-0.2588
			-0.4288	0.0799	0.8999
			-0.8207	-0.4507	-0.351
			0.3776	-0.8891	0.2588
			0.4288	-0.0799	-0.8999
		b:
			-235.6939
			5.8392
			-186.1322
			89.3956
			-10.9248
			-121.71
			218.9845
			-25.6935
			192.1883
			-207.9845
			34.6935
			-186.1883
	==================================================================================
	Q2:
		Shape: Ellipse
		q_c:	118.0	89.5	253.0
		ub :	123.6103	95.8934	260.001
		lb :	112.3897	83.1066	245.999
		P^-1:
			0.139	0.0842	0.043
			0.0842	0.128	0.0622
			0.043	0.0622	0.0785
	==================================================================================
	Q3:
		Shape: Ellipse
		q_c:	118.5	92.0	264.0
		ub :	122.6831	96.5286	268.8453
		lb :	114.3169	87.4714	259.1547
		P^-1:
			0.1248	0.0147	0.0163
			0.0147	0.1269	0.0175
			0.0163	0.0175	0.1305
	==================================================================================
	Q4:
		Shape: Polyhedra
		q_c:	115.5	82.0	246.5
		ub :	118.3644	86.8883	251.5328
		lb :	112.6356	77.1117	241.4672
		A:
			-0.9014	-0.2165	0.3749
			0.8217	0.4385	-0.364
			0.4403	-0.8921	0.102
			-0.6867	-0.4463	0.5739
			-0.4858	-0.4856	0.7268
			0.7221	0.553	-0.4156
			0.1866	0.5424	0.8191
			0.538	-0.7541	0.3768
			0.8221	0.3703	-0.4325
			-0.1866	-0.5424	-0.8191
			-0.538	0.7541	-0.3768
			-0.8221	-0.3703	0.4325
		b:
			-28.7142
			41.7794
			6.0236
			26.4184
			84.8653
			27.148
			272.4405
			96.1899
			19.2091
			-263.4405
			-90.1899
			-18.2091
	==================================================================================
	Q5:
		Shape: Hybrid
		q_c:	113.0	86.5	244.5
		ub :	117.7825	91.7677	249.0343
		lb :	108.2175	81.2323	239.9657
		P^-1:
			0.1278	-0.036	-0.0284
			-0.036	0.1198	-0.0317
			-0.0284	-0.0317	0.1349
		A:
			0.0069	0.5148	0.8573
			-0.4304	0.0031	-0.9026
			-0.0852	-0.649	0.756
			0.8206	-0.5143	0.2493
			-0.3093	-0.8913	0.3315
			-0.87	-0.3514	0.3458
		b:
			257.1282
			-266.9819
			120.3343
			110.5662
			-29.1518
			-42.3886
	==================================================================================
	Q6:
		Shape: Hybrid
		q_c:	110.0	79.5	256.0
		ub :	113.6347	85.2149	261.5439
		lb :	106.3653	73.7851	250.4561
		P^-1:
			0.354	0.1199	-0.1095
			0.1199	0.1118	-0.045
			-0.1095	-0.045	0.1036
		A:
			0.2154	0.8608	0.4612
			-0.9971	-0.0199	0.0729
			0.9549	0.0049	0.2969
			-0.7533	-0.6532	-0.0766
			-0.9707	-0.2199	0.0968
			-0.7684	-0.6087	0.1978
		b:
			213.2207
			-91.1595
			183.5947
			-152.7733
			-98.4067
			-81.1553


===========================================================================================
===========================================================================================
S3:
	q_c:	452.5	488.0	129.5
	ub :	490.5728	499.6443	155.702
	lb :	426.9379	467.146	99.5185

	==================================================================================
	Q1:
		Shape: Ellipse
		q_c:	451.5	484.0	143.0
		ub :	466.8317	499.5299	155.702
		lb :	436.1683	468.4701	130.298
		P^-1:
			0.0168	-0.0026	-0.0108
			-0.0026	0.0108	0.005
			-0.0108	0.005	0.0238
	==================================================================================
	Q2:
		Shape: Polyhedra
		q_c:	480.5	479.0	146.5
		ub :	490.5728	487.9429	155.1822
		lb :	470.4272	470.0571	137.8178
		A:
			-0.351	0.1016	-0.9308
			0.3664	0.5803	-0.7273
			-0.1298	-0.3326	0.9341
			0.2253	0.8956	-0.3835
			-0.4058	0.4163	0.8136
			-0.6961	0.2372	0.6776
			0.8174	0.4725	0.3296
			-0.5342	0.4074	0.7407
			0.2157	-0.7815	0.5854
			-0.8174	-0.4725	-0.3296
			0.5342	-0.4074	-0.7407
			-0.2157	0.7815	-0.5854
		b:
			-250.7124
			352.3386
			-80.4575
			486.2963
			128.6886
			-116.392
			675.357
			51.9826
			-180.9616
			-659.357
			-41.9826
			188.9616
	==================================================================================
	Q3:
		Shape: Ellipse
		q_c:	461.0	482.5	135.0
		ub :	472.9652	497.854	148.327
		lb :	449.0348	467.146	121.673
		P^-1:
			0.0549	0.008	-0.0334
			0.008	0.0111	0.0014
			-0.0334	0.0014	0.0388
	==================================================================================
	Q4:
		Shape: Ellipse
		q_c:	444.5	491.0	133.5
		ub :	452.5807	499.0239	142.0099
		lb :	436.4193	482.9761	124.9901
		P^-1:
			0.0481	-0.0064	-0.015
			-0.0064	0.0363	-0.002
			-0.015	-0.002	0.0459
	==================================================================================
	Q5:
		Shape: Polyhedra
		q_c:	437.0	489.5	122.0
		ub :	447.0621	499.6443	127.4633
		lb :	426.9379	479.3557	116.5367
		A:
			-0.7561	0.4494	0.4757
			0.5961	-0.7627	0.2511
			0.47	0.1998	-0.8598
			-0.6881	0.5387	0.4861
			-0.7665	-0.6116	0.196
			0.7625	-0.6237	-0.172
			0.7272	0.6827	0.0712
			0.6864	-0.7241	-0.0678
			0.0053	0.0982	-0.9952
			-0.7272	-0.6827	-0.0712
			-0.6864	0.7241	0.0678
			-0.0053	-0.0982	0.9952
		b:
			-48.1526
			-78.5194
			204.258
			26.1067
			-600.2659
			10.6487
			671.163
			-59.2819
			-66.536
			-650.163
			66.2819
			75.536
	==================================================================================
	Q6:
		Shape: Ellipse
		q_c:	451.0	487.0	111.5
		ub :	464.3167	499.1652	123.4815
		lb :	437.6833	474.8348	99.5185
		P^-1:
			0.0152	0.003	-0.0069
			0.003	0.0244	-0.0121
			-0.0069	-0.0121	0.0272


===========================================================================================
===========================================================================================
S4:
	q_c:	165.5	178.5	191.0
	ub :	176.8872	180.5114	195.0472
	lb :	159.646	167.5949	181.0529

	==================================================================================
	Q1:
		Shape: Ellipse
		q_c:	173.5	172.5	186.0
		ub :	176.8872	175.6982	188.7588
		lb :	170.1128	169.3018	183.2412
		P^-1:
			0.25	0.0	0.0
			0.0	0.25	0.0
			0.0	0.0	0.25
	==================================================================================
	Q2:
		Shape: Hybrid
		q_c:	164.0	176.0	191.5
		ub :	167.0384	179.4361	195.0472
		lb :	160.9616	172.5639	187.9528
		P^-1:
			0.221	-0.0744	0.0899
			-0.0744	0.2508	-0.1098
			0.0899	-0.1098	0.2927
		A:
			-0.4473	-0.3003	-0.8424
			0.1487	0.8228	-0.5486
			0.4329	0.0297	-0.901
			-0.2959	-0.891	0.3444
			-0.8548	0.4802	0.1965
			0.421	0.2984	0.8566
		b:
			-286.1127
			65.3635
			-94.719
			-137.9334
			-16.5199
			287.0228
	==================================================================================
	Q3:
		Shape: Polyhedra
		q_c:	162.5	170.5	191.5
		ub :	165.354	173.4051	194.6365
		lb :	159.646	167.5949	188.3635
		A:
			0.0045	0.5274	0.8496
			0.5601	-0.7344	-0.3833
			-0.6219	0.4608	0.6331
			0.793	0.5976	0.1184
			0.8671	0.3924	0.3068
			0.2064	0.5455	-0.8123
			0.0728	0.7047	0.7058
			-0.116	0.7088	-0.6958
			-0.9906	-0.0312	0.1333
			-0.0728	-0.7047	-0.7058
			0.116	-0.7088	0.6958
			0.9906	0.0312	-0.1333
		b:
			255.357
			-105.421
			100.993
			255.7547
			268.9194
			-26.9634
			269.1335
			-29.2415
			-138.2565
			-265.1335
			33.2415
			143.2565
	==================================================================================
	Q4:
		Shape: Ellipse
		q_c:	170.0	176.0	189.5
		ub :	173.169	178.2448	192.5625
		lb :	166.831	173.7552	186.4375
		P^-1:
			0.3218	-0.0238	0.1388
			-0.0238	0.4398	0.0269
			0.1388	0.0269	0.2872
	==================================================================================
	Q5:
		Shape: Polyhedra
		q_c:	167.5	177.0	187.5
		ub :	171.9112	180.5114	191.6038
		lb :	163.0888	173.4886	183.3962
		A:
			0.4537	-0.3041	0.8377
			-0.6594	-0.5527	0.5096
			0.3919	-0.8911	0.2288
			-0.5203	0.5861	-0.6211
			0.5507	0.8187	-0.1629
			0.3013	-0.8835	0.3586
			0.297	0.687	0.6631
			-0.9439	0.1063	0.3126
			0.1443	-0.7188	0.6801
			-0.297	-0.687	-0.6631
			0.9439	-0.1063	-0.3126
			-0.1443	0.7188	-0.6801
		b:
			181.2831
			-109.9197
			-47.0272
			-97.9405
			209.2831
			-36.8055
			298.6957
			-77.1675
			25.9603
			-292.6957
			84.1675
			-22.9603
	==================================================================================
	Q6:
		Shape: Ellipse
		q_c:	168.0	176.0	184.0
		ub :	169.9363	179.1728	186.9471
		lb :	166.0637	172.8272	181.0529
		P^-1:
			3.4492	1.1385	0.7291
			1.1385	0.5005	0.2563
			0.7291	0.2563	0.3213


===========================================================================================
===========================================================================================
S5:
	q_c:	236.5	128.0	244.0
	ub :	252.2658	145.358	248.2752
	lb :	222.9621	117.9097	227.8834

	==================================================================================
	Q1:
		Shape: Polyhedra
		q_c:	243.5	122.0	237.0
		ub :	249.9097	126.0903	243.5592
		lb :	237.0903	117.9097	230.4408
		A:
			0.3091	-0.836	-0.4535
			0.3572	-0.1234	0.9259
			0.2443	-0.5985	0.763
			0.3393	-0.9335	0.1163
			0.3611	-0.7381	0.5699
			-0.1057	0.9177	0.383
			0.7274	0.546	0.4156
			0.5217	-0.0466	-0.8519
			-0.4458	0.8365	-0.3188
			-0.7274	-0.546	-0.4156
			-0.5217	0.0466	0.8519
			0.4458	-0.8365	0.3188
		b:
			-130.5538
			295.2793
			170.3889
			-1.4919
			135.3043
			180.4217
			346.2362
			-75.5479
			-80.0469
			-338.2362
			85.5479
			84.0469
	==================================================================================
	Q2:
		Shape: Ellipse
		q_c:	234.0	127.0	243.0
		ub :	239.505	132.7485	248.2752
		lb :	228.495	121.2515	237.7248
		P^-1:
			0.0823	0.0224	-0.0091
			0.0224	0.0877	-0.0113
			-0.0091	-0.0113	0.053
	==================================================================================
	Q3:
		Shape: Polyhedra
		q_c:	247.0	138.5	235.0
		ub :	250.6311	145.358	242.1166
		lb :	243.3689	131.642	227.8834
		A:
			-0.9831	0.1782	0.0412
			0.8192	-0.5695	-0.0677
			0.2738	-0.1167	-0.9547
			0.8787	-0.4502	0.1586
			-0.9049	0.4254	0.0139
			0.913	-0.4077	0.0105
			0.2669	0.6091	0.7468
			0.2755	0.6944	-0.6648
			-0.9235	0.3832	0.0175
			-0.2669	-0.6091	-0.7468
			-0.2755	-0.6944	0.6648
			0.9235	-0.3832	-0.0175
		b:
			-207.0482
			109.0529
			-168.0511
			193.3044
			-160.2992
			172.5312
			331.29
			12.497
			-169.9186
			-320.29
			-3.497
			171.9186
	==================================================================================
	Q4:
		Shape: Ellipse
		q_c:	246.0	137.5	242.0
		ub :	252.2658	143.49	248.0004
		lb :	239.7342	131.51	235.9996
		P^-1:
			0.0602	-0.0162	0.0075
			-0.0162	0.1035	-0.0513
			0.0075	-0.0513	0.1082
	==================================================================================
	Q5:
		Shape: Polyhedra
		q_c:	229.5	125.0	242.5
		ub :	236.0379	129.0746	247.8389
		lb :	222.9621	120.9254	237.1611
		A:
			-0.7049	0.4885	0.5142
			-0.3808	0.8015	-0.4611
			0.257	-0.1235	-0.9585
			0.9523	-0.2671	0.1474
			-0.2304	0.7256	0.6484
			0.1275	-0.0214	0.9916
			0.9067	0.1088	0.4076
			0.0146	-0.9737	0.2274
			0.4216	-0.2002	-0.8844
			-0.9067	-0.1088	-0.4076
			-0.0146	0.9737	-0.2274
			-0.4216	0.2002	0.8844
		b:
			27.2816
			-95.2354
			-186.214
			226.4322
			197.8204
			270.8349
			326.5232
			-60.2009
			-140.2305
			-314.5232
			66.2009
			145.2305
	==================================================================================
	Q6:
		Shape: Hybrid
		q_c:	236.5	134.0	239.0
		ub :	239.9007	137.1096	243.8106
		lb :	233.0993	130.8904	234.1894
		P^-1:
			0.2311	-0.0168	0.0539
			-0.0168	0.2351	0.0479
			0.0539	0.0479	0.0963
		A:
			0.6734	0.1413	0.7256
			-0.7977	0.5397	0.2689
			0.9287	-0.363	0.0758
			-0.9738	0.1056	-0.2013
			-0.6132	0.6267	0.481
			0.228	0.6844	-0.6925
		b:
			353.0652
			-50.743
			190.1583
			-263.2288
			55.4572
			-17.2015


===========================================================================================
===========================================================================================
S6:
	q_c:	338.5	68.0	417.5
	ub :	360.5015	87.7534	434.8753
	lb :	317.3511	56.0794	395.98

	==================================================================================
	Q1:
		Shape: Polyhedra
		q_c:	333.5	71.0	423.0
		ub :	338.4311	78.157	430.3372
		lb :	328.5689	63.843	415.6628
		A:
			-0.6653	0.1571	0.7299
			0.292	-0.9525	-0.0863
			-0.064	0.724	0.6868
			0.2688	0.4192	-0.8672
			0.6274	0.1493	0.7643
			-0.522	-0.8241	0.2199
			0.0306	0.7035	0.7101
			-0.0575	0.7105	-0.7014
			-0.9979	-0.0194	0.0622
			-0.0306	-0.7035	-0.7101
			0.0575	-0.7105	0.7014
			0.9979	0.0194	-0.0622
		b:
			102.7793
			-1.7987
			325.5545
			-242.4575
			547.9534
			-134.7313
			365.5111
			-260.4221
			-303.3557
			-355.5111
			270.4221
			312.3557
	==================================================================================
	Q2:
		Shape: Polyhedra
		q_c:	347.5	65.0	408.0
		ub :	356.0189	73.9206	415.6383
		lb :	338.9811	56.0794	400.3617
		A:
			-0.7109	0.2071	0.6721
			-0.5563	-0.6464	0.5223
			-0.481	-0.5614	0.6734
			0.5729	0.4608	-0.6778
			-0.0786	0.0388	-0.9961
			0.8586	0.3056	-0.4116
			0.5751	0.4597	0.6767
			0.4698	-0.8628	0.1868
			0.6697	0.2104	-0.7122
			-0.5751	-0.4597	-0.6767
			-0.4698	0.8628	-0.1868
			-0.6697	-0.2104	0.7122
		b:
			44.0385
			-18.5033
			74.4305
			-44.6075
			-425.8248
			153.7522
			512.8293
			189.3908
			-41.6568
			-498.8293
			-177.3908
			46.6568
	==================================================================================
	Q3:
		Shape: Hybrid
		q_c:	349.0	70.5	425.0
		ub :	360.5015	80.1304	434.8753
		lb :	337.4985	60.8696	415.1247
		P^-1:
			0.0237	0.008	-0.0053
			0.008	0.0262	0.0046
			-0.0053	0.0046	0.03
		A:
			0.4369	0.7522	-0.4933
			-0.0933	-0.9694	0.2271
			0.2964	0.9229	-0.2456
			-0.3505	-0.5058	-0.7883
			-0.7987	-0.4123	-0.4383
			-0.4809	-0.0792	0.8732
		b:
			-0.9707
			-0.37
			67.571
			-489.996
			-490.4936
			200.4306
	==================================================================================
	Q4:
		Shape: Polyhedra
		q_c:	345.0	73.5	404.5
		ub :	351.3043	81.5305	413.02
		lb :	338.6957	65.4695	395.98
		A:
			-0.7822	0.2979	-0.5472
			-0.7988	-0.0826	0.5959
			0.3736	-0.7564	-0.537
			-0.6812	-0.7184	0.1413
			-0.6628	0.3076	0.6827
			-0.2644	0.5401	0.799
			0.1616	0.6914	0.7041
			-0.0742	0.72	-0.69
			-0.9841	0.0592	0.1676
			-0.1616	-0.6914	-0.7041
			0.0742	-0.72	0.69
			0.9841	-0.0592	-0.1676
		b:
			-464.3433
			-35.6327
			-137.798
			-225.3444
			75.6224
			277.9115
			397.8842
			-247.2761
			-262.3475
			-384.8842
			256.2761
			272.3475
	==================================================================================
	Q5:
		Shape: Hybrid
		q_c:	328.5	77.0	416.0
		ub :	339.6489	87.7534	426.1501
		lb :	317.3511	66.2466	405.8499
		P^-1:
			0.0238	-0.0039	0.0012
			-0.0039	0.0239	0.0002
			0.0012	0.0002	0.0183
		A:
			-0.5091	0.2925	-0.8095
			-0.5924	-0.3514	0.725
			-0.8986	0.3885	-0.2037
			-0.9475	0.1123	0.2994
			-0.0727	0.989	-0.1288
			-0.7031	0.6708	-0.2359
		b:
			-477.6156
			84.3564
			-346.8718
			-174.4005
			2.1797
			-274.4284
	==================================================================================
	Q6:
		Shape: Ellipse
		q_c:	327.0	72.0	426.5
		ub :	333.6889	78.2431	433.1793
		lb :	320.3111	65.7569	419.8207
		P^-1:
			0.0365	-0.0094	-0.0008
			-0.0094	0.0588	0.0032
			-0.0008	0.0032	0.0281


===========================================================================================
===========================================================================================
S7:
	q_c:	442.0	286.0	268.5
	ub :	460.1426	307.4339	295.3856
	lb :	418.5249	276.1253	257.1401

	==================================================================================
	Q1:
		Shape: Ellipse
		q_c:	436.5	290.5	264.5
		ub :	445.6788	299.9006	271.8599
		lb :	427.3212	281.0994	257.1401
		P^-1:
			0.0457	0.0113	0.0237
			0.0113	0.0267	0.0056
			0.0237	0.0056	0.0627
	==================================================================================
	Q2:
		Shape: Polyhedra
		q_c:	427.5	285.5	271.5
		ub :	436.4751	294.5037	279.9048
		lb :	418.5249	276.4963	263.0952
		A:
			0.2678	-0.3916	0.8803
			0.7494	0.6586	-0.068
			-0.3939	0.2618	0.8811
			0.8953	0.3596	0.263
			-0.3566	0.1781	0.9171
			0.752	0.0821	0.6541
			0.6265	0.5164	0.5838
			0.7677	-0.5385	-0.3475
			0.1349	0.6659	-0.7338
			-0.6265	-0.5164	-0.5838
			-0.7677	0.5385	0.3475
			-0.1349	-0.6659	0.7338
		b:
			246.1025
			495.0578
			151.3017
			562.4305
			152.9437
			527.9517
			579.2627
			86.6022
			52.5664
			-568.2627
			-73.6022
			-44.5664
	==================================================================================
	Q3:
		Shape: Ellipse
		q_c:	442.0	286.5	270.0
		ub :	448.195	292.7539	275.2529
		lb :	435.805	280.2461	264.7471
		P^-1:
			0.053	0.0058	0.0005
			0.0058	0.0588	0.0008
			0.0005	0.0008	0.0494
	==================================================================================
	Q4:
		Shape: Hybrid
		q_c:	432.5	284.0	288.0
		ub :	436.0847	291.8747	295.3856
		lb :	428.9153	276.1253	280.6144
		P^-1:
			0.1568	-0.0174	0.0055
			-0.0174	0.0419	-0.0201
			0.0055	-0.0201	0.0475
		A:
			0.4512	-0.6688	-0.5909
			-0.9654	-0.0539	-0.2552
			-0.2882	-0.4933	0.8207
			0.819	-0.4073	-0.4042
			-0.8332	0.5524	-0.0267
			0.7922	-0.5039	0.3442
		b:
			-160.5209
			-504.5777
			-25.5951
			124.8807
			-209.0965
			300.351
	==================================================================================
	Q5:
		Shape: Polyhedra
		q_c:	449.5	298.0	272.5
		ub :	460.1426	307.4339	282.9766
		lb :	438.8574	288.5661	262.0234
		A:
			-0.9488	-0.2371	-0.2087
			-0.5048	0.7291	0.4622
			-0.2563	-0.8874	-0.3833
			0.0415	-0.1919	-0.9805
			-0.9976	0.0686	0.0033
			0.3985	-0.3293	-0.856
			0.128	0.7232	0.6786
			-0.4019	0.6634	-0.6312
			-0.9067	-0.1919	0.3755
			-0.128	-0.7232	-0.6786
			0.4019	-0.6634	0.6312
			0.9067	0.1919	-0.3755
		b:
			-546.6728
			122.2179
			-479.103
			-300.0258
			-419.3036
			-146.1184
			462.4746
			-147.9473
			-354.4377
			-453.4746
			161.9473
			370.4377
	==================================================================================
	Q6:
		Shape: Polyhedra
		q_c:	447.0	296.5	266.0
		ub :	452.3117	302.1814	272.2698
		lb :	441.6883	290.8186	259.7302
		A:
			-0.8589	0.5042	-0.0895
			0.033	0.9715	0.2346
			-0.5274	-0.8496	-0.0003
			-0.5387	0.7849	0.3062
			0.6986	0.5012	0.5107
			-0.8242	-0.5202	0.2237
			0.5592	0.6695	0.4889
			0.3115	0.3768	-0.8723
			-0.7683	0.6401	0.0021
			-0.5592	-0.6695	-0.4889
			-0.3115	-0.3768	0.8723
			0.7683	-0.6401	-0.0021
		b:
			-255.7242
			368.168
			-484.0055
			76.0277
			599.6925
			-458.9732
			581.5185
			24.4556
			-150.5828
			-575.5185
			-13.4556
			155.5828


===========================================================================================
===========================================================================================
S8:
	q_c:	61.0	112.0	188.0
	ub :	78.891	131.5127	211.026
	lb :	38.8135	86.229	166.153

	==================================================================================
	Q1:
		Shape: Polyhedra
		q_c:	69.5	107.0	182.5
		ub :	75.0942	116.223	191.6399
		lb :	63.9058	97.777	173.3601
		A:
			0.5191	-0.6432	0.5629
			-0.6198	0.0048	0.7848
			0.5044	-0.1982	0.8404
			0.8636	0.4976	0.0807
			0.7094	-0.1175	-0.6949
			-0.573	0.8071	-0.1427
			0.1257	0.7482	0.6515
			-0.0382	0.6599	-0.7504
			-0.9913	0.0694	0.1115
			-0.1257	-0.7482	-0.6515
			0.0382	-0.6599	0.7504
			0.9913	-0.0694	-0.1115
		b:
			74.8697
			106.0086
			172.7729
			133.54
			-84.7544
			25.8972
			215.1867
			-63.9955
			-36.6261
			-200.1867
			73.9955
			45.6261
	==================================================================================
	Q2:
		Shape: Ellipse
		q_c:	50.0	102.5	175.0
		ub :	59.9464	112.4572	183.847
		lb :	40.0536	92.5428	166.153
		P^-1:
			0.0371	0.0337	0.0262
			0.0337	0.0603	0.0311
			0.0262	0.0311	0.0497
	==================================================================================
	Q3:
		Shape: Polyhedra
		q_c:	48.5	120.0	203.5
		ub :	58.1865	131.5127	211.026
		lb :	38.8135	108.4873	195.974
		A:
			-0.7159	0.293	0.6338
			-0.388	-0.8175	-0.4257
			0.0554	0.3478	-0.9359
			-0.7698	0.2104	0.6026
			0.0335	-0.1997	0.9793
			0.2159	0.5888	-0.7789
			0.0841	0.2777	0.957
			-0.3644	0.9024	-0.2299
			-0.9274	-0.3294	0.1771
			-0.0841	-0.2777	-0.957
			0.3644	-0.9024	0.2299
			0.9274	0.3294	-0.1771
		b:
			135.672
			-197.0581
			-139.8384
			116.819
			182.5759
			-70.2496
			236.6469
			52.839
			-41.9815
			-227.6469
			-34.839
			54.9815
	==================================================================================
	Q4:
		Shape: Hybrid
		q_c:	68.5	104.5	189.0
		ub :	78.5268	116.0564	201.4069
		lb :	58.4732	92.9436	176.5931
		P^-1:
			0.0346	-0.0149	0.0023
			-0.0149	0.0313	-0.0077
			0.0023	-0.0077	0.015
		A:
			-0.6897	0.3883	-0.6112
			0.808	-0.5889	-0.0182
			-0.9004	0.1913	-0.3907
			-0.9512	-0.3031	0.0579
			0.9314	-0.3637	-0.0169
			0.783	0.067	0.6185
		b:
			-118.3875
			-7.12
			-111.7473
			-81.2763
			25.3995
			182.9889
	==================================================================================
	Q5:
		Shape: Hybrid
		q_c:	54.5	96.5	191.0
		ub :	65.1456	106.771	200.63
		lb :	43.8544	86.229	181.37
		P^-1:
			0.0246	-0.0014	0.0025
			-0.0014	0.0255	-0.0023
			0.0025	-0.0023	0.0191
		A:
			0.2341	0.3114	-0.921
			-0.1344	0.4326	-0.8915
			-0.9928	0.119	0.012
			-0.9916	0.1145	0.0607
			0.5824	0.282	0.7625
			0.426	0.7982	-0.4259
		b:
			-128.92
			-132.0872
			-36.9508
			-27.9534
			208.3736
			22.4276
	==================================================================================
	Q6:
		Shape: Hybrid
		q_c:	71.0	106.0	186.0
		ub :	78.891	111.3102	193.9687
		lb :	63.109	100.6898	178.0313
		P^-1:
			0.034	0.0004	-0.0061
			0.0004	0.04	0.0004
			-0.0061	0.0004	0.0338
		A:
			0.1828	0.7557	-0.6289
			-0.3418	0.249	0.9062
			-0.338	0.0463	-0.94
			0.9389	0.343	0.0279
			0.2948	-0.909	-0.2946
			-0.6777	0.0143	-0.7352
		b:
			-21.2602
			173.3479
			-190.5922
			111.1806
			-127.7262
			-179.8453


===========================================================================================
===========================================================================================
S9:
	q_c:	200.0	146.0	301.5
	ub :	213.5111	157.109	319.4519
	lb :	189.1329	135.6541	283.5792

	==================================================================================
	Q1:
		Shape: Hybrid
		q_c:	199.0	143.5	298.5
		ub :	206.4003	147.5284	305.7392
		lb :	191.5997	139.4716	291.2608
		P^-1:
			0.0457	-0.0254	0.0024
			-0.0254	0.1533	-0.0107
			0.0024	-0.0107	0.041
		A:
			-0.388	0.8749	0.2898
			-0.8781	0.474	0.0653
			0.6036	-0.2035	-0.7709
			0.6858	0.7088	-0.1652
			0.1014	-0.6791	0.727
			0.4172	-0.6441	-0.6411
		b:
			136.6918
			-84.3313
			-135.5617
			192.0246
			142.3062
			-197.9366
	==================================================================================
	Q2:
		Shape: Hybrid
		q_c:	206.5	143.5	294.5
		ub :	212.9043	151.3459	301.9865
		lb :	200.0957	135.6541	287.0135
		P^-1:
			0.0559	0.0003	-0.0068
			0.0003	0.0258	0.0077
			-0.0068	0.0077	0.0539
		A:
			0.752	-0.3808	0.538
			0.3016	-0.4593	0.8355
			0.4519	0.7626	-0.4629
			-0.7685	0.1264	0.6272
			-0.345	-0.1534	0.926
			-0.0176	0.5797	0.8146
		b:
			262.2806
			245.9048
			70.2788
			46.1555
			181.9127
			322.0573
	==================================================================================
	Q3:
		Shape: Polyhedra
		q_c:	197.5	148.5	314.0
		ub :	205.8671	157.109	319.4519
		lb :	189.1329	139.891	308.5481
		A:
			-0.8708	-0.4891	0.0497
			-0.78	0.0603	-0.6229
			0.8116	0.5605	0.1647
			0.6857	-0.0284	0.7274
			0.9107	0.4062	0.0753
			0.2778	0.0576	-0.9589
			0.2508	0.186	0.95
			-0.4103	0.9093	-0.0697
			-0.8768	-0.3723	0.3044
			-0.2508	-0.186	-0.95
			0.4103	-0.9093	0.0697
			0.8768	0.3723	-0.3044
		b:
			-223.6116
			-336.0423
			300.4142
			363.903
			269.0914
			-233.4429
			378.9535
			38.6118
			-127.3835
			-371.9535
			-25.6118
			138.3835
	==================================================================================
	Q4:
		Shape: Ellipse
		q_c:	201.5	147.5	293.0
		ub :	208.1819	156.5029	302.4208
		lb :	194.8181	138.4971	283.5792
		P^-1:
			0.063	-0.0122	-0.0242
			-0.0122	0.0275	0.0075
			-0.0242	0.0075	0.0385
	==================================================================================
	Q5:
		Shape: Polyhedra
		q_c:	199.0	146.5	302.0
		ub :	207.2247	154.1398	310.6842
		lb :	190.7753	138.8602	293.3158
		A:
			0.5105	-0.7977	-0.3209
			0.0368	0.3412	0.9393
			-0.2258	-0.4593	-0.8591
			-0.045	0.1481	-0.9879
			0.3978	0.3041	-0.8656
			-0.0984	-0.5308	0.8418
			0.2705	0.8562	0.4401
			0.879	-0.0332	-0.4757
			-0.3927	0.5155	-0.7616
			-0.2705	-0.8562	-0.4401
			-0.879	0.0332	0.4757
			0.3927	-0.5155	0.7616
		b:
			-106.5504
			346.459
			-366.0375
			-280.7411
			-132.6358
			161.6512
			318.1818
			31.8861
			-228.1232
			-306.1818
			-20.8861
			237.1232
	==================================================================================
	Q6:
		Shape: Hybrid
		q_c:	208.0	145.0	306.0
		ub :	213.5111	149.0561	311.5493
		lb :	202.4889	140.9439	300.4507
		P^-1:
			0.0936	-0.0574	-0.0322
			-0.0574	0.2024	0.0503
			-0.0322	0.0503	0.0981
		A:
			-0.3347	-0.8235	0.4581
			-0.0804	0.6406	0.7636
			0.0605	-0.4475	0.8922
			-0.2561	-0.8643	-0.4328
			-0.9154	0.2987	0.27
			0.005	0.8926	0.4509
		b:
			-46.5211
			311.491
			223.3174
			-309.1628
			-62.4102
			269.8419


===========================================================================================
===========================================================================================
S10:
	q_c:	396.5	110.5	80.5
	ub :	421.1367	132.2252	102.3386
	lb :	388.9218	91.737	65.9998

	==================================================================================
	Q1:
		Shape: Polyhedra
		q_c:	400.0	120.0	77.0
		ub :	405.2618	124.8296	82.6281
		lb :	394.7382	115.1704	71.3719
		A:
			0.7884	-0.223	0.5733
			-0.8282	0.1786	-0.5313
			0.9631	-0.2626	-0.0583
			-0.8317	-0.0813	-0.5492
			0.1892	-0.0547	-0.9804
			-0.8051	-0.5931	0.0005
			0.7515	0.549	0.3657
			0.6025	-0.3454	-0.7195
			-0.2687	0.7611	-0.5904
			-0.7515	-0.549	-0.3657
			-0.6025	0.3454	0.7195
			0.2687	-0.7611	0.5904
		b:
			335.2923
			-348.1577
			352.9031
			-382.2293
			-2.379
			-390.4653
			397.1613
			148.6351
			-59.1161
			-392.1613
			-139.6351
			64.1161
	==================================================================================
	Q2:
		Shape: Hybrid
		q_c:	406.0	114.0	72.5
		ub :	414.238	122.403	79.0002
		lb :	397.762	105.597	65.9998
		P^-1:
			0.0325	0.0089	0.0005
			0.0089	0.0447	-0.0003
			0.0005	-0.0003	0.0494
		A:
			0.8454	0.4029	0.3506
			-0.3467	-0.9376	-0.0264
			-0.5842	-0.7243	-0.3661
			-0.9544	0.2907	0.0678
			-0.1503	0.9268	-0.3442
			0.253	0.0791	0.9642
		b:
			417.3502
			-247.2735
			-344.0137
			-345.7427
			22.4521
			183.9446
	==================================================================================
	Q3:
		Shape: Hybrid
		q_c:	401.5	122.0	84.5
		ub :	411.4421	132.2252	94.978
		lb :	391.5579	111.7748	74.022
		P^-1:
			0.0423	-0.0215	0.0014
			-0.0215	0.0381	-0.0066
			0.0014	-0.0066	0.0214
		A:
			-0.481	-0.4491	-0.753
			0.0344	-0.8857	0.4629
			0.3976	-0.5888	0.7037
			0.5795	0.5852	0.5672
			-0.886	0.3812	0.2639
			0.0949	0.0656	-0.9933
		b:
			-305.6544
			-51.5207
			150.5274
			357.9698
			-284.1759
			-32.9265
	==================================================================================
	Q4:
		Shape: Hybrid
		q_c:	411.0	102.5	93.5
		ub :	421.1367	113.263	102.3386
		lb :	400.8633	91.737	84.6614
		P^-1:
			0.0337	0.0207	-0.0132
			0.0207	0.0355	-0.0052
			-0.0132	-0.0052	0.0387
		A:
			0.5161	-0.5534	-0.6537
			-0.652	0.0634	0.7556
			0.0866	-0.8478	-0.5232
			-0.6585	-0.7329	0.1709
			-0.2079	0.1714	0.963
			-0.4241	-0.8454	0.3248
		b:
			98.9644
			-187.55
			-95.8847
			-327.5926
			25.311
			-227.9053
	==================================================================================
	Q5:
		Shape: Ellipse
		q_c:	395.0	125.5	88.5
		ub :	400.9071	131.0766	94.4595
		lb :	389.0929	119.9234	82.5405
		P^-1:
			0.0757	-0.0019	0.0135
			-0.0019	0.0958	-0.0176
			0.0135	-0.0176	0.0838
	==================================================================================
	Q6:
		Shape: Ellipse
		q_c:	394.5	101.5	89.0
		ub :	400.0782	107.284	95.9395
		lb :	388.9218	95.716	82.0605
		P^-1:
			0.0923	-0.0025	-0.0347
			-0.0025	0.0332	0.0012
			-0.0347	0.0012	0.0465


===========================================================================================
===========================================================================================
S11:
	q_c:	337.0	451.5	452.5
	ub :	345.1471	458.2179	459.8226
	lb :	328.9231	447.2387	445.164

	==================================================================================
	Q1:
		Shape: Ellipse
		q_c:	337.0	451.5	451.5
		ub :	339.4276	453.38	453.1287
		lb :	334.5724	449.62	449.8713
		P^-1:
			0.455	0.2602	0.2098
			0.2602	0.8758	-0.1002
			0.2098	-0.1002	0.9192
	==================================================================================
	Q2:
		Shape: Ellipse
		q_c:	341.5	454.0	457.0
		ub :	345.0823	457.3053	459.8206
		lb :	337.9177	450.6947	454.1794
		P^-1:
			0.2299	-0.0087	-0.1222
			-0.0087	0.1611	0.0151
			-0.1222	0.0151	0.3734
	==================================================================================
	Q3:
		Shape: Polyhedra
		q_c:	332.5	449.5	454.0
		ub :	336.0769	451.7613	457.641
		lb :	328.9231	447.2387	450.359
		A:
			0.3556	-0.8249	0.4394
			-0.3695	0.5612	-0.7406
			0.1981	0.6907	-0.6955
			-0.4805	0.8739	0.0734
			0.7299	0.6733	-0.1183
			-0.3066	-0.8252	0.4743
			0.6607	0.2489	0.7082
			0.0533	0.9255	-0.3749
			-0.7488	0.2854	0.5982
			-0.6607	-0.2489	-0.7082
			-0.0533	-0.9255	0.3749
			0.7488	-0.2854	-0.5982
		b:
			-51.6799
			-205.0855
			61.9196
			268.1929
			493.5092
			-256.3345
			655.5684
			264.5133
			153.4468
			-650.5684
			-262.5133
			-148.4468
	==================================================================================
	Q4:
		Shape: Hybrid
		q_c:	341.5	455.0	456.5
		ub :	345.1471	458.2179	459.8226
		lb :	337.8529	451.7821	453.1774
		P^-1:
			0.2171	-0.0199	0.0385
			-0.0199	0.1669	-0.0134
			0.0385	-0.0134	0.186
		A:
			-0.2682	0.9585	0.0967
			-0.2617	-0.3682	-0.8922
			-0.6082	0.7126	0.3498
			0.1456	-0.1883	-0.9713
			-0.4667	0.8428	0.2682
			-0.0093	-0.4492	-0.8934
		b:
			390.0954
			-662.8287
			277.6238
			-477.883
			347.9242
			-613.9415
	==================================================================================
	Q5:
		Shape: Polyhedra
		q_c:	334.0	451.5	449.0
		ub :	337.4703	454.9229	452.836
		lb :	330.5297	448.0771	445.164
		A:
			0.7576	-0.3329	-0.5614
			0.9526	0.3036	-0.0185
			-0.0703	0.6752	-0.7343
			0.4406	-0.8471	-0.2972
			-0.7108	-0.4561	0.5354
			0.847	-0.4318	-0.3102
			0.3401	0.2164	0.9151
			-0.9048	-0.1897	0.3812
			0.2561	-0.9577	0.1313
			-0.3401	-0.2164	-0.9151
			0.9048	0.1897	-0.3812
			-0.2561	0.9577	-0.1313
		b:
			-147.0896
			449.0865
			-45.6932
			-366.2718
			-200.8321
			-49.1289
			625.2173
			-214.7135
			-285.4064
			-619.2173
			218.7135
			290.4064
	==================================================================================
	Q6:
		Shape: Ellipse
		q_c:	335.5	452.5	452.0
		ub :	338.0141	454.6661	454.037
		lb :	332.9859	450.3339	449.963
		P^-1:
			0.4318	0.2799	0.4675
			0.2799	1.901	1.7732
			0.4675	1.7732	2.3616


===========================================================================================
===========================================================================================
S12:
	q_c:	402.0	387.0	165.5
	ub :	433.1744	409.551	183.7753
	lb :	373.0227	355.3007	140.2731

	==================================================================================
	Q1:
		Shape: Hybrid
		q_c:	383.0	380.5	170.5
		ub :	392.9773	390.4687	177.3423
		lb :	373.0227	370.5313	163.6577
		P^-1:
			0.039	0.0254	-0.0023
			0.0254	0.0342	-0.0032
			-0.0023	-0.0032	0.0282
		A:
			0.4562	-0.3867	0.8015
			0.65	0.7594	0.0295
			-0.4716	0.129	-0.8723
			-0.9812	-0.1017	0.1637
			0.0928	-0.5431	0.8345
			0.9506	0.2015	-0.2362
		b:
			169.4999
			545.1126
			-275.7125
			-382.1445
			-24.2946
			404.3654
	==================================================================================
	Q2:
		Shape: Ellipse
		q_c:	405.5	365.0	175.0
		ub :	415.7734	374.6993	183.7753
		lb :	395.2266	355.3007	166.2247
		P^-1:
			0.031	0.0023	-0.0123
			0.0023	0.0215	-0.0008
			-0.0123	-0.0008	0.041
	==================================================================================
	Q3:
		Shape: Ellipse
		q_c:	421.5	397.0	152.0
		ub :	433.1744	409.551	163.7269
		lb :	409.8256	384.449	140.2731
		P^-1:
			0.0257	0.0046	0.0079
			0.0046	0.0149	0.0005
			0.0079	0.0005	0.0226
	==================================================================================
	Q4:
		Shape: Hybrid
		q_c:	397.5	391.5	164.0
		ub :	406.7112	402.7757	172.4476
		lb :	388.2888	380.2243	155.5524
		P^-1:
			0.2214	0.0778	-0.1997
			0.0778	0.0436	-0.0732
			-0.1997	-0.0732	0.2111
		A:
			0.3513	0.2466	-0.9032
			-0.8083	-0.1395	0.5721
			0.6814	-0.0076	-0.7319
			-0.8015	-0.5811	-0.1412
			-0.7646	-0.2341	0.6004
			0.5502	0.6926	-0.4665
		b:
			90.7993
			-280.6386
			149.6995
			-563.9769
			-296.1517
			416.7343
	==================================================================================
	Q5:
		Shape: Ellipse
		q_c:	395.5	383.0	157.0
		ub :	406.8857	390.0317	168.2203
		lb :	384.1143	375.9683	145.7797
		P^-1:
			0.0209	-0.0025	0.0126
			-0.0025	0.0568	-0.0121
			0.0126	-0.0121	0.0289
	==================================================================================
	Q6:
		Shape: Hybrid
		q_c:	389.0	394.0	159.5
		ub :	400.3812	406.5096	172.2266
		lb :	377.6188	381.4904	146.7734
		P^-1:
			0.0257	0.0037	-0.0043
			0.0037	0.021	0.0078
			-0.0043	0.0078	0.0188
		A:
			0.9905	0.1345	0.0283
			0.7173	-0.3377	0.6095
			-0.9934	-0.103	-0.0501
			0.8943	-0.2475	-0.3728
			0.3482	-0.5667	-0.7467
			-0.4641	-0.0633	0.8835
		b:
			446.2056
			249.4745
			-431.5183
			194.069
			-203.8949
			-60.2998


===========================================================================================
===========================================================================================
S13:
	q_c:	474.5	262.5	347.5
	ub :	484.7927	271.753	361.9324
	lb :	464.7883	252.4505	338.7007

	==================================================================================
	Q1:
		Shape: Hybrid
		q_c:	474.5	261.5	343.5
		ub :	478.4478	264.6126	348.2993
		lb :	470.5522	258.3874	338.7007
		P^-1:
			0.1135	-0.0241	-0.0045
			-0.0241	0.2406	-0.0312
			-0.0045	-0.0312	0.0696
		A:
			-0.9471	-0.2956	0.1249
			0.4294	-0.8042	0.4109
			-0.2152	0.7993	-0.5611
			-0.7354	0.6448	-0.2084
			0.1992	-0.9782	0.058
			-0.833	0.1873	0.5206
		b:
			-481.8
			135.9328
			-84.3826
			-250.3982
			-140.3448
			-165.3046
	==================================================================================
	Q2:
		Shape: Polyhedra
		q_c:	477.5	259.5	356.0
		ub :	483.1803	265.8818	361.9324
		lb :	471.8197	253.1182	350.0676
		A:
			-0.5728	-0.7865	-0.231
			0.3457	-0.0855	-0.9344
			0.2349	-0.5808	0.7795
			0.5074	-0.4744	0.7194
			-0.7195	0.5524	0.4209
			0.8241	-0.3093	0.4746
			0.1617	0.422	0.8921
			-0.5301	0.7996	-0.2822
			-0.8324	-0.4272	0.3529
			-0.1617	-0.422	-0.8921
			0.5301	-0.7996	0.2822
			0.8324	0.4272	-0.3529
		b:
			-556.0903
			-185.914
			242.8857
			379.2667
			-46.5172
			486.1394
			508.2749
			-142.0702
			-379.1916
			-500.2749
			150.0702
			386.1916
	==================================================================================
	Q3:
		Shape: Polyhedra
		q_c:	480.5	267.0	353.5
		ub :	484.7927	271.4685	357.1782
		lb :	476.2073	262.5315	349.8218
		A:
			0.0454	0.8891	-0.4554
			0.845	-0.3907	-0.3652
			0.8781	-0.352	-0.3239
			-0.2218	-0.2843	0.9327
			-0.1822	-0.6455	-0.7417
			0.0796	0.3277	-0.9414
			0.6415	0.7172	0.2721
			0.584	-0.2267	-0.7795
			-0.4974	0.6589	-0.5643
			-0.6415	-0.7172	-0.2721
			-0.584	0.2267	0.7795
			0.4974	-0.6589	0.5643
		b:
			101.2034
			174.5839
			215.4819
			149.4342
			-519.5715
			-204.7106
			598.9246
			-53.9501
			-259.5465
			-592.9246
			56.9501
			265.5465
	==================================================================================
	Q4:
		Shape: Polyhedra
		q_c:	469.5	257.5	353.5
		ub :	473.6929	262.5495	357.8864
		lb :	465.3071	252.4505	349.1136
		A:
			-0.6732	0.1755	0.7183
			-0.0033	-0.0851	0.9964
			-0.4551	-0.8499	-0.2655
			0.7438	-0.3586	-0.5641
			0.0121	0.2913	-0.9565
			-0.8698	-0.4643	0.167
			0.8244	0.3106	0.4732
			0.1582	-0.9291	0.3342
			0.5434	-0.2006	-0.8151
			-0.8244	-0.3106	-0.4732
			-0.1582	0.9291	-0.3342
			-0.5434	0.2006	0.8151
		b:
			-14.9466
			331.383
			-522.9726
			59.7105
			-254.4909
			-465.9755
			637.2966
			-42.8443
			-82.6886
			-631.2966
			50.8443
			86.6886
	==================================================================================
	Q5:
		Shape: Polyhedra
		q_c:	479.5	263.5	351.0
		ub :	483.8152	268.9378	356.3144
		lb :	475.1848	258.0622	345.6856
		A:
			0.7683	0.0683	-0.6364
			-0.7036	-0.5313	0.472
			0.1821	-0.0275	-0.9829
			-0.3942	0.8911	0.2248
			0.7892	-0.5754	0.2147
			0.9383	-0.2352	-0.2535
			0.1726	0.5366	0.826
			0.5022	0.6735	-0.5424
