3D_30_8_6_d                l = 3

===========================================================================================
===========================================================================================
S1:
	q_c:	83.0	34.5	388.5
	ub :	98.7323	49.5139	406.8226
	lb :	71.3874	18.9006	384.9189

	==================================================================================
	Q1:
		Shape: Polyhedra
		q_c:	86.0	44.0	390.0
		ub :	90.211	49.5139	394.3163
		lb :	81.789	38.4861	385.6837
		A:
			-0.8345	-0.5336	0.1377
			0.5831	0.2935	0.7576
			-0.0791	0.7554	0.6505
			0.9232	0.2154	0.3184
			0.6603	-0.0185	0.7507
			0.0581	0.738	0.6723
			0.8782	0.3212	0.3543
			-0.1991	-0.428	0.8816
			0.4348	-0.8448	-0.3119
			-0.8782	-0.3212	-0.3543
			0.1991	0.428	-0.8816
			-0.4348	0.8448	0.3119
		b:
			-39.3704
			360.8004
			284.2041
			215.109
			350.9387
			303.4963
			229.8508
			310.3483
			-116.9307
			-225.8508
			-305.3483
			125.9307
	==================================================================================
	Q2:
		Shape: Hybrid
		q_c:	78.5	34.5	393.5
		ub :	83.629	38.7167	398.8686
		lb :	73.371	30.2833	388.1314
		P^-1:
			0.1637	-0.0717	0.0531
			-0.0717	0.1399	-0.036
			0.0531	-0.036	0.0905
		A:
			0.4296	0.2076	0.8788
			-0.6021	0.545	-0.5835
			-0.9388	-0.1635	0.3032
			0.7418	-0.6682	-0.0579
			0.3451	0.8294	-0.4394
			-0.8873	0.1112	-0.4476
		b:
			389.0469
			-256.9049
			42.5172
			13.8682
			-114.6892
			-240.5019
	==================================================================================
	Q3:
		Shape: Polyhedra
		q_c:	76.5	32.5	390.5
		ub :	81.6126	37.839	395.5428
		lb :	71.3874	27.161	385.4572
		A:
			0.8242	-0.4361	-0.3612
			0.6961	-0.7143	0.0719
			0.087	0.6983	-0.7105
			-0.1208	0.3859	-0.9146
			0.8078	-0.1407	0.5724
			-0.5468	0.826	0.1368
			0.3073	0.4852	0.8186
			-0.6641	0.7255	-0.1807
			-0.6816	-0.4881	0.5452
			-0.3073	-0.4852	-0.8186
			0.6641	-0.7255	0.1807
			0.6816	0.4881	-0.5452
		b:
			-89.1326
			61.1063
			-245.0681
			-350.6569
			283.9782
			41.5134
			362.4431
			-94.7891
			147.8995
			-355.4431
			100.7891
			-141.8995
	==================================================================================
	Q4:
		Shape: Hybrid
		q_c:	86.0	26.0	390.0
		ub :	92.2492	33.0994	395.0811
		lb :	79.7508	18.9006	384.9189
		P^-1:
			0.101	-0.0225	-0.0408
			-0.0225	0.0379	-0.0035
			-0.0408	-0.0035	0.1305
		A:
			-0.3777	0.4338	0.818
			-0.3053	0.3035	0.9026
			0.5257	0.2138	-0.8234
			0.9456	-0.2508	-0.207
			0.054	-0.3258	-0.9439
			0.6985	-0.7156	0.0074
		b:
			299.895
			335.4805
			-268.7242
			-4.1615
			-369.6031
			46.8974
	==================================================================================
	Q5:
		Shape: Hybrid
		q_c:	91.0	43.0	394.0
		ub :	96.2121	48.0273	398.4722
		lb :	85.7879	37.9727	389.5278
		P^-1:
			0.0675	0.035	0.045
			0.035	0.1293	0.0703
			0.045	0.0703	0.1843
		A:
			-0.5844	-0.6458	0.4913
			0.0447	-0.9364	-0.348
			-0.2091	-0.37	0.9052
			-0.2755	-0.358	0.8922
			0.2507	0.7032	0.6653
			-0.2394	0.7504	0.6161
		b:
			115.3602
			-171.4099
			324.0616
			313.4772
			316.2752
			255.2199
	==================================================================================
	Q6:
		Shape: Hybrid
		q_c:	91.0	42.0	399.0
		ub :	98.7323	47.8916	406.8226
		lb :	83.2677	36.1084	391.1774
		P^-1:
			0.0467	0.0038	0.0136
			0.0038	0.0516	0.0032
			0.0136	0.0032	0.0466
		A:
			0.6887	0.7172	-0.1063
			-0.5151	0.267	-0.8145
			0.6296	-0.6874	0.362
			-0.5061	0.7834	0.3608
			0.757	0.3915	0.5232
			-0.4882	-0.7574	-0.4336
		b:
			52.9798
			-358.3694
			175.3692
			133.7302
			296.1153
			-247.156


===========================================================================================
===========================================================================================
S2:
	q_c:	306.5	363.5	268.5
	ub :	313.4344	375.4722	279.4894
	lb :	295.1149	355.5755	262.0759

	==================================================================================
	Q1:
		Shape: Hybrid
		q_c:	307.5	370.0	275.0
		ub :	312.7699	375.4722	278.6731
		lb :	302.2301	364.5278	271.3269
		P^-1:
			0.1401	0.0732	0.0237
			0.0732	0.112	0.0421
			0.0237	0.0421	0.2073
		A:
			-0.8171	-0.5187	-0.2518
			0.8244	0.5625	0.0633
			-0.9448	-0.2482	-0.2137
			-0.2711	0.3265	-0.9055
			0.5213	-0.3261	-0.7886
			-0.667	-0.6562	0.3529
		b:
			-511.1784
			480.286
			-439.4413
			-209.5267
			-175.2191
			-349.3184
	==================================================================================
	Q2:
		Shape: Ellipse
		q_c:	308.5	372.0	265.0
		ub :	310.5186	374.4826	267.9241
		lb :	306.4814	369.5174	262.0759
		P^-1:
			0.6462	-0.6769	0.4989
			-0.6769	2.2713	-1.8077
			0.4989	-1.8077	1.6381
	==================================================================================
	Q3:
		Shape: Hybrid
		q_c:	300.0	365.0	270.5
		ub :	304.0689	370.3052	274.2735
		lb :	295.9311	359.6948	266.7265
		P^-1:
			0.2952	0.099	0.1189
			0.099	0.0851	0.0797
			0.1189	0.0797	0.2642
		A:
			0.8795	0.1974	0.4331
			-0.295	-0.1401	-0.9452
			-0.3267	-0.0773	-0.9419
			0.0744	-0.0771	0.9942
			0.0067	-0.079	-0.9969
			-0.8488	0.1384	-0.5102
		b:
			454.0045
			-394.1027
			-379.7636
			264.8352
			-295.0253
			-340.2077
	==================================================================================
	Q4:
		Shape: Hybrid
		q_c:	309.5	359.5	275.5
		ub :	313.4344	362.985	279.1581
		lb :	305.5656	356.015	271.8419
		P^-1:
			0.1746	0.0051	-0.069
			0.0051	0.1115	-0.0055
			-0.069	-0.0055	0.1861
		A:
			-0.1556	-0.9565	-0.2467
			0.0203	0.1467	-0.989
			0.4373	-0.8939	0.0981
			-0.3788	-0.0968	-0.9204
			0.612	0.2814	-0.7391
			0.6004	-0.5784	-0.5523
		b:
			-457.9968
			-211.955
			-157.0143
			-403.7496
			88.0208
			-172.802
	==================================================================================
	Q5:
		Shape: Hybrid
		q_c:	301.5	363.0	269.5
		ub :	307.8851	366.9007	275.5127
		lb :	295.1149	359.0993	263.4873
		P^-1:
			0.0554	-0.0084	0.0065
			-0.0084	0.1098	-0.0011
			0.0065	-0.0011	0.0579
		A:
			-0.3935	0.8546	-0.339
			-0.2337	-0.8953	0.3792
			0.2475	-0.8625	-0.4415
			-0.5821	-0.5177	0.627
			-0.2415	0.8111	-0.5328
			-0.6977	-0.6055	0.3829
		b:
			101.89
			-291.3331
			-355.5728
			-191.6984
			79.8481
			-324.3182
	==================================================================================
	Q6:
		Shape: Hybrid
		q_c:	302.0	358.5	276.0
		ub :	305.2539	361.4245	279.4894
		lb :	298.7461	355.5755	272.5106
		P^-1:
			0.2408	0.0637	-0.0007
			0.0637	0.3382	0.121
			-0.0007	0.121	0.2755
		A:
			0.0024	-0.6763	-0.7367
			-0.9707	0.0529	-0.2346
			-0.3784	0.5854	0.7171
			-0.2499	0.7829	-0.5697
			-0.1393	0.8013	-0.5818
			-0.3425	-0.6267	-0.6999
		b:
			-444.2328
			-337.4948
			294.4577
			49.6732
			86.2639
			-520.4805


===========================================================================================
===========================================================================================
S3:
	q_c:	255.0	38.5	370.0
	ub :	277.9955	56.6552	386.8145
	lb :	235.4135	12.9336	355.762

	==================================================================================
	Q1:
		Shape: Hybrid
		q_c:	265.0	33.0	377.0
		ub :	277.9955	46.0429	386.8145
		lb :	252.0045	19.9571	367.1855
		P^-1:
			0.0193	0.0026	-0.0142
			0.0026	0.0133	-0.0053
			-0.0142	-0.0053	0.0415
		A:
			0.865	0.2194	-0.4513
			0.1913	0.3673	-0.9102
			0.874	-0.4821	-0.0616
			-0.2789	0.1764	0.944
			0.6804	0.4445	-0.5826
			0.4143	-0.3738	-0.8298
		b:
			70.4815
			-277.4508
			198.7976
			290.8847
			-21.1019
			-211.5801
	==================================================================================
	Q2:
		Shape: Polyhedra
		q_c:	256.0	22.5	366.5
		ub :	266.0244	32.0664	375.2032
		lb :	245.9756	12.9336	357.7968
		A:
			0.5127	-0.8586	-0.0044
			-0.4426	0.0829	0.8929
			0.7213	-0.5131	-0.4654
			0.3644	-0.6323	0.6837
			-0.0923	-0.4758	0.8747
			0.887	0.2737	0.3718
			0.5363	0.8105	0.2356
			0.5877	-0.1582	-0.7934
			-0.6058	0.564	-0.5612
			-0.5363	-0.8105	-0.2356
			-0.5877	0.1582	0.7934
			0.6058	-0.564	0.5612
		b:
			116.0139
			220.819
			7.7051
			335.1477
			291.6287
			375.9492
			248.8791
			-138.8876
			-342.5738
			-234.8791
			148.8876
			353.5738
	==================================================================================
	Q3:
		Shape: Polyhedra
		q_c:	243.0	33.0	373.5
		ub :	250.5865	41.8244	382.1776
		lb :	235.4135	24.1756	364.8224
		A:
			0.6918	-0.3034	0.6553
			-0.4989	-0.8245	-0.267
			-0.5298	0.4816	-0.6981
			0.9809	0.1752	-0.0844
			0.2248	-0.7195	0.6571
			-0.7931	0.5042	-0.3418
			0.1987	0.7849	0.5869
			-0.9589	0.2794	-0.0489
			-0.2023	-0.5531	0.8081
			-0.1987	-0.7849	-0.5869
			0.9589	-0.2794	0.0489
			0.2023	0.5531	-0.8081
		b:
			408.9383
			-243.5116
			-366.982
			218.3231
			283.3961
			-297.8778
			297.4179
			-236.5529
			241.9282
			-289.4179
			247.5529
			-226.9282
	==================================================================================
	Q4:
		Shape: Ellipse
		q_c:	245.5	31.5	368.5
		ub :	252.8503	39.6007	376.6213
		lb :	238.1497	23.3993	360.3787
		P^-1:
			0.0463	0.0039	0.0056
			0.0039	0.0339	0.0029
			0.0056	0.0029	0.03
	==================================================================================
	Q5:
		Shape: Hybrid
		q_c:	261.5	44.5	377.0
		ub :	269.8279	52.8576	384.6984
		lb :	253.1721	36.1424	369.3016
		P^-1:
			0.0433	0.0062	-0.0036
			0.0062	0.0432	0.0038
			-0.0036	0.0038	0.0307
		A:
			0.1971	0.8801	-0.432
			0.0193	0.9566	0.2909
			-0.7916	0.4599	-0.4024
			0.6079	0.5594	0.5635
			0.2587	-0.8946	0.3644
			-0.7008	0.0519	-0.7115
		b:
			-69.283
			159.8056
			-334.8795
			399.0099
			168.4224
			-445.7293
	==================================================================================
	Q6:
		Shape: Polyhedra
		q_c:	244.5	50.5	361.0
		ub :	250.5283	56.6552	366.238
		lb :	238.4717	44.3448	355.762
		A:
			0.5855	-0.1698	-0.7927
			0.0152	0.9923	0.1231
			-0.029	0.7308	-0.682
			-0.656	0.3438	0.6719
			-0.1313	-0.5693	0.8116
			0.1557	0.4735	0.8669
			0.5524	0.626	0.5504
			0.5299	0.246	-0.8116
			-0.6435	0.74	-0.1958
			-0.5524	-0.626	-0.5504
			-0.5299	-0.246	0.8116
			0.6435	-0.74	0.1958
		b:
			-149.1604
			102.652
			-213.8311
			102.153
			234.4035
			379.785
			370.8712
			-149.0062
			-187.6634
			-359.8712
			153.0062
			193.6634


===========================================================================================
===========================================================================================
S4:
	q_c:	90.0	300.5	90.5
	ub :	119.9981	335.6679	114.1492
	lb :	60.8799	267.9682	61.3543

	==================================================================================
	Q1:
		Shape: Polyhedra
		q_c:	81.5	310.0	80.0
		ub :	102.1201	327.3933	98.6457
		lb :	60.8799	292.6067	61.3543
		A:
			-0.6647	-0.7388	0.1111
			-0.3285	0.3071	-0.8932
			0.4859	0.6756	-0.5544
			0.7495	0.5833	-0.3131
			0.5723	-0.4082	-0.7112
			0.3051	-0.6191	-0.7236
			0.5686	0.7224	0.3935
			0.5285	0.0458	-0.8477
			-0.6304	0.6899	-0.3558
			-0.5686	-0.7224	-0.3935
			-0.5285	-0.0458	0.8477
			0.6304	-0.6899	0.3558
		b:
			-264.2159
			10.0198
			216.083
			227.3685
			-124.9109
			-213.5824
			311.2664
			0.9439
			148.5442
			-292.2664
			22.0561
			-119.5442
	==================================================================================
	Q2:
		Shape: Ellipse
		q_c:	100.5	316.5	98.5
		ub :	119.9981	335.6679	112.6987
		lb :	81.0019	297.3321	84.3013
		P^-1:
			0.0077	-0.0015	-0.0006
			-0.0015	0.0064	0.0004
			-0.0006	0.0004	0.0096
	==================================================================================
	Q3:
		Shape: Hybrid
		q_c:	79.5	317.5	84.0
		ub :	86.3748	327.8256	91.1189
		lb :	72.6252	307.1744	76.8811
		P^-1:
			0.2799	0.145	0.1318
			0.145	0.0941	0.0931
			0.1318	0.0931	0.142
		A:
			-0.6337	-0.4464	-0.6318
			-0.6633	-0.5081	-0.5494
			0.8543	0.4476	-0.2642
			-0.958	-0.2115	0.1937
			0.6073	0.7585	0.2363
			0.4762	0.4103	0.7778
		b:
			-244.2473
			-259.2313
			190.5777
			-124.7652
			312.6947
			234.8525
	==================================================================================
	Q4:
		Shape: Ellipse
		q_c:	70.0	295.0	79.5
		ub :	78.2198	308.5795	94.6259
		lb :	61.7802	281.4205	64.3741
		P^-1:
			0.0273	0.0004	0.0021
			0.0004	0.016	0.0067
			0.0021	0.0067	0.0112
	==================================================================================
	Q5:
		Shape: Ellipse
		q_c:	110.5	307.0	108.0
		ub :	116.9843	315.6604	114.1492
		lb :	104.0157	298.3396	101.8508
		P^-1:
			0.0726	-0.0214	-0.0052
			-0.0214	0.0262	0.0014
			-0.0052	0.0014	0.0336
	==================================================================================
	Q6:
		Shape: Ellipse
		q_c:	105.5	284.0	81.5
		ub :	116.6772	300.0318	98.6781
		lb :	94.3228	267.9682	64.3219
		P^-1:
			0.0138	-0.0001	0.0003
			-0.0001	0.012	0.0036
			0.0003	0.0036	0.007


===========================================================================================
===========================================================================================
S5:
	q_c:	304.0	79.5	23.5
	ub :	318.2394	113.6343	56.6629
	lb :	274.7622	69.8384	-10.0664

	==================================================================================
	Q1:
		Shape: Polyhedra
		q_c:	298.0	95.5	13.5
		ub :	312.1822	110.1007	27.8457
		lb :	283.8178	80.8993	-0.8457
		A:
			-0.3287	0.7597	0.5611
			0.9758	0.0618	0.2097
			-0.0162	-0.0409	0.999
			-0.0999	0.9849	-0.1417
			0.2793	-0.7467	-0.6037
			-0.0514	-0.619	-0.7837
			0.6469	0.7237	0.2404
			0.6695	-0.3881	-0.6334
			-0.3651	0.5706	-0.7356
			-0.6469	-0.7237	-0.2404
			-0.6695	0.3881	0.6334
			0.3651	-0.5706	0.7356
		b:
			-9.7771
			308.0156
			13.9506
			71.4197
			11.7782
			-76.8864
			273.1279
			161.9081
			-54.2338
			-257.1279
			-145.9081
			74.2338
	==================================================================================
	Q2:
		Shape: Polyhedra
		q_c:	287.0	99.5	31.0
		ub :	297.6414	113.6343	44.9315
		lb :	276.3586	85.3657	17.0685
		A:
			-0.7516	-0.0613	0.6567
			0.971	-0.2209	-0.0917
			-0.0488	-0.4934	-0.8684
			-0.4702	-0.5974	-0.6497
			-0.2586	-0.7819	-0.5673
			0.5411	0.0694	-0.8381
			0.807	0.4633	0.3661
			0.5898	-0.6627	-0.4615
			0.0288	0.5884	-0.8081
			-0.807	-0.4633	-0.3661
			-0.5898	0.6627	0.4615
			-0.0288	-0.5884	0.8081
		b:
			-193.0485
			261.4388
			-82.0822
			-207.266
			-162.1848
			145.0388
			296.0642
			97.0407
			51.26
			-282.0642
			-81.0407
			-32.26
	==================================================================================
	Q3:
		Shape: Hybrid
		q_c:	291.0	79.5	28.5
		ub :	300.0878	89.1616	38.1327
		lb :	281.9122	69.8384	18.8673
		P^-1:
			0.0212	0.0017	0.0015
			0.0017	0.0273	-0.0004
			0.0015	-0.0004	0.0274
		A:
			0.6722	0.0225	-0.74
			-0.677	0.5154	-0.5254
			0.904	0.1611	-0.3961
			0.8797	0.2249	-0.4191
			-0.9823	-0.1871	-0.0062
			-0.9286	0.2719	-0.2527
		b:
			179.9585
			-167.5586
			268.3895
			265.676
			-297.1215
			-251.9942
	==================================================================================
	Q4:
		Shape: Polyhedra
		q_c:	301.5	96.0	26.0
		ub :	314.1527	108.6838	34.5911
		lb :	288.8473	83.3162	17.4089
		A:
			0.4968	-0.3657	-0.7871
			-0.8179	-0.054	0.5729
			0.4705	0.552	-0.6884
			0.0243	0.5348	0.8446
			0.6122	0.5445	0.5733
			0.6416	-0.1169	0.7581
			0.7099	0.7042	0.0052
			0.3045	-0.3003	-0.9039
			-0.6351	0.6433	-0.4276
			-0.7099	-0.7042	-0.0052
			-0.3045	0.3003	0.9039
			0.6351	-0.6433	0.4276
		b:
			99.1737
			-231.0616
			183.4706
			85.5092
			258.2585
			210.9862
			288.2889
			43.9608
			-130.3265
			-275.2889
			-34.9608
			151.3265
	==================================================================================
	Q5:
		Shape: Polyhedra
		q_c:	303.0	102.0	41.0
		ub :	318.2394	111.3759	56.6629
		lb :	287.7606	92.6241	25.3371
		A:
			0.0914	-0.5223	-0.8478
			-0.9939	0.0879	0.0666
			-0.0614	-0.7267	-0.6842
			-0.868	0.2091	0.4504
			-0.3649	-0.931	-0.009
			0.8262	0.5447	0.1437
			0.59	0.0267	0.807
			-0.703	0.5085	0.4972
			-0.3971	-0.8606	0.3188
			-0.59	-0.0267	-0.807
			0.703	-0.5085	-0.4972
			0.3971	0.8606	-0.3188
		b:
			-50.2767
			-280.0967
			-111.2452
			-214.843
			-199.6293
			320.5138
			226.567
			-132.266
			-189.5383
			-202.567
			149.266
			200.5383
	==================================================================================
	Q6:
		Shape: Polyhedra
		q_c:	280.5	103.0	0.0
		ub :	286.2378	112.2718	10.0664
		lb :	274.7622	93.7282	-10.0664
		A:
			-0.7607	0.5515	0.3423
			0.4903	-0.8343	-0.2521
			-0.814	0.5003	0.295
			0.4994	-0.8405	-0.21
			-0.251	0.8126	0.526
			0.6972	-0.5207	-0.4927
			0.5984	0.5469	0.5855
			-0.1489	-0.6421	0.752
			0.7872	-0.5372	-0.3028
			-0.5984	-0.5469	-0.5855
			0.1489	0.6421	-0.752
			-0.7872	0.5372	0.3028
		b:
			-155.05
			54.7888
			-175.2845
			56.8411
			16.8933
			144.0074
			229.6889
			-99.4043
			166.9848
			-218.6889
			116.4043
			-163.9848


===========================================================================================
===========================================================================================
S6:
	q_c:	271.0	304.0	312.0
	ub :	284.9993	323.0644	333.0879
	lb :	260.5436	302.1613	303.6242

	==================================================================================
	Q1:
		Shape: Hybrid
		q_c:	269.5	318.0	309.0
		ub :	274.6045	323.0644	314.3758
		lb :	264.3955	312.9356	303.6242
		P^-1:
			0.0669	-0.0106	0.0086
			-0.0106	0.1016	-0.0105
			0.0086	-0.0105	0.0867
		A:
			0.2785	0.5738	-0.7702
			-0.3907	0.4158	0.8213
			-0.162	-0.8805	0.4456
			0.5224	-0.2742	-0.8074
			0.4057	0.913	-0.043
			-0.2748	-0.9594	0.0638
		b:
			21.409
			282.834
			-184.2495
			-193.6788
			388.3265
			-357.5718
	==================================================================================
	Q2:
		Shape: Hybrid
		q_c:	278.0	313.5	312.5
		ub :	284.8408	320.6439	316.8071
		lb :	271.1592	306.3561	308.1929
		P^-1:
			0.0565	-0.0239	-0.0144
			-0.0239	0.0619	-0.0287
			-0.0144	-0.0287	0.151
		A:
			0.6726	-0.5017	-0.5439
			0.4766	-0.5099	0.7161
			0.3977	-0.4055	-0.823
			-0.1998	-0.036	0.9792
			0.8744	-0.484	0.0345
			0.4332	0.2091	0.8767
		b:
			-138.1779
			198.2199
			-271.8102
			240.52
			104.6178
			463.0407
	==================================================================================
	Q3:
		Shape: Ellipse
		q_c:	277.5	308.5	316.5
		ub :	282.9559	314.8387	321.2335
		lb :	272.0441	302.1613	311.7665
		P^-1:
			0.1089	0.0136	-0.0393
			0.0136	0.0366	0.0021
			-0.0393	0.0021	0.1292
	==================================================================================
	Q4:
		Shape: Polyhedra
		q_c:	280.5	310.5	317.0
		ub :	284.9993	315.69	321.7579
		lb :	276.0007	305.31	312.2421
		A:
			-0.6973	-0.2895	0.6557
			-0.6093	-0.2865	0.7394
			-0.7777	0.0487	-0.6267
			-0.5735	-0.5246	0.6292
			0.6836	0.5203	-0.5119
			0.9995	-0.016	-0.0285
			0.8691	0.2532	0.425
			0.2295	0.5548	-0.7997
			-0.4382	0.7926	0.424
			-0.8691	-0.2532	-0.425
			-0.2295	-0.5548	0.7997
			0.4382	-0.7926	-0.424
		b:
			-74.8743
			-22.7559
			-399.1841
			-121.7981
			193.5361
			269.2087
			459.6056
			-14.3966
			261.5821
			-454.6056
			19.3966
			-253.5821
	==================================================================================
	Q5:
		Shape: Polyhedra
		q_c:	267.5	307.5	320.5
		ub :	272.8992	312.4358	323.9839
		lb :	262.1008	302.5642	317.0161
		A:
			-0.2824	-0.5603	-0.7786
			-0.0522	0.5665	0.8224
			0.3537	-0.5652	-0.7453
			0.0859	-0.9961	-0.0218
			0.87	0.2603	0.4187
			0.0126	-0.9938	-0.1107
			0.2985	0.243	0.9229
			-0.2209	-0.9232	0.3145
			0.9285	-0.2978	-0.2219
			-0.2985	-0.243	-0.9229
			0.2209	0.9232	-0.3145
			-0.9285	0.2978	0.2219
		b:
			-495.5335
			426.2072
			-314.8131
			-286.7265
			450.2028
			-334.2357
			451.8858
			-238.6708
			90.1662
			-448.8858
			245.6708
			-81.1662
	==================================================================================
	Q6:
		Shape: Ellipse
		q_c:	267.5	309.0	325.5
		ub :	274.4564	315.7261	333.0879
		lb :	260.5436	302.2739	317.9121
		P^-1:
			0.042	0.0056	-0.0123
			0.0056	0.0497	-0.0012
			-0.0123	-0.0012	0.0533


===========================================================================================
===========================================================================================
S7:
	q_c:	195.5	387.0	380.0
	ub :	216.953	407.6155	396.9549
	lb :	178.3544	371.322	363.8653

	==================================================================================
	Q1:
		Shape: Polyhedra
		q_c:	200.0	379.0	387.0
		ub :	209.415	386.678	396.9549
		lb :	190.585	371.322	377.0451
		A:
			0.0526	0.8131	-0.5798
			0.5932	-0.7076	0.3839
			-0.2821	0.8141	0.5076
			0.199	-0.5262	-0.8267
			0.5114	0.1871	-0.8388
			-0.5403	-0.7754	0.3268
			0.6664	0.2786	0.6916
			-0.71	0.5203	0.4745
			-0.2277	-0.8073	0.5445
			-0.6664	-0.2786	-0.6916
			0.71	-0.5203	-0.4745
			0.2277	0.8073	-0.5445
		b:
			98.4107
			4.3339
			453.5206
			-473.6499
			-147.1647
			-270.6701
			515.0036
			242.8498
			-136.7654
			-498.0036
			-234.8498
			144.7654
	==================================================================================
	Q2:
		Shape: Hybrid
		q_c:	184.5	378.5	370.5
		ub :	190.3147	385.0786	377.1347
		lb :	178.6853	371.9214	363.8653
		P^-1:
			0.0485	0.0002	-0.0065
			0.0002	0.0995	-0.0653
			-0.0065	-0.0653	0.0891
		A:
			-0.2461	-0.9684	-0.0395
			-0.3946	0.6208	-0.6774
			-0.1283	0.3741	-0.9185
			-0.1566	0.1432	0.9772
			0.279	0.4359	-0.8557
			-0.0817	-0.9144	0.3964
		b:
			-423.18
			-86.979
			-220.1317
			391.0961
			-98.7161
			-212.4909
	==================================================================================
	Q3:
		Shape: Ellipse
		q_c:	209.5	396.5	375.0
		ub :	216.953	405.4268	382.5266
		lb :	202.047	387.5732	367.4734
		P^-1:
			0.0371	0.0049	0.0016
			0.0049	0.0308	-0.0005
			0.0016	-0.0005	0.0329
	==================================================================================
	Q4:
		Shape: Hybrid
		q_c:	195.0	395.5	380.5
		ub :	206.7553	407.6155	393.2988
		lb :	183.2447	383.3845	367.7012
		P^-1:
			0.0171	0.0041	0.0047
			0.0041	0.021	-0.003
			0.0047	-0.003	0.0202
		A:
			0.4145	0.0587	0.9082
			-0.7553	0.152	-0.6375
			-0.4799	-0.3447	-0.8067
			0.6754	-0.733	0.0814
			0.1882	-0.6614	-0.726
			-0.2412	0.3211	-0.9158
		b:
			452.9948
			-326.2128
			-533.445
			-122.0043
			-495.7815
			-265.1878
	==================================================================================
	Q5:
		Shape: Polyhedra
		q_c:	189.5	396.5	383.5
		ub :	200.6456	407.122	391.4258
		lb :	178.3544	385.878	375.5742
		A:
			-0.9364	-0.3509	-0.003
			0.8778	-0.4769	-0.0447
			0.6118	0.6856	-0.3945
			-0.4411	0.6951	0.5676
			-0.4944	0.8407	-0.2208
			-0.1893	0.0414	-0.9811
			0.8403	0.5415	0.0276
			0.5421	-0.8398	-0.0282
			0.0079	0.0386	-0.9992
			-0.8403	-0.5415	-0.0276
			-0.5421	0.8398	0.0282
			-0.0079	-0.0386	0.9992
		b:
			-308.8347
			-32.7373
			245.1248
			416.5212
			161.5267
			-388.1306
			393.5118
			-234.5659
			-358.8778
			-375.5118
			247.5659
			373.8778
	==================================================================================
	Q6:
		Shape: Hybrid
		q_c:	203.0	395.0	389.5
		ub :	207.1444	398.86	393.6337
		lb :	198.8556	391.14	385.3663
		P^-1:
			0.1642	-0.0004	-0.0842
			-0.0004	0.0816	0.0004
			-0.0842	0.0004	0.1674
		A:
			-0.9596	0.0387	0.2788
			0.4181	-0.8607	-0.2905
			-0.389	-0.1137	0.9142
			-0.7343	0.4449	-0.5127
			-0.9492	0.1703	0.2645
			-0.859	0.4314	0.2759
		b:
			-69.4758
			-366.0711
			233.5003
			-170.5725
			-20.8752
			105.1063


===========================================================================================
===========================================================================================
S8:
	q_c:	461.5	345.5	359.5
	ub :	483.7412	362.8259	373.0621
	lb :	442.3993	328.0324	344.8137

	==================================================================================
	Q1:
		Shape: Ellipse
		q_c:	475.0	349.0	364.0
		ub :	483.7412	355.9268	373.0621
		lb :	466.2588	342.0732	354.9379
		P^-1:
			0.0258	0.0026	0.0051
			0.0026	0.0443	0.0071
			0.0051	0.0071	0.036
	==================================================================================
	Q2:
		Shape: Hybrid
		q_c:	455.5	337.5	360.0
		ub :	464.8033	346.9676	367.1738
		lb :	446.1967	328.0324	352.8262
		P^-1:
			0.0293	0.0077	-0.0005
			0.0077	0.0344	0.0003
			-0.0005	0.0003	0.04
		A:
			0.1572	-0.2011	0.9669
			-0.5768	-0.1755	-0.7978
			0.4482	0.818	0.3606
			-0.134	-0.6985	0.703
			-0.5518	-0.0341	0.8333
			0.9978	-0.0594	0.031
		b:
			354.4217
			-606.413
			612.5471
			-41.0319
			39.8726
			449.1651
	==================================================================================
	Q3:
		Shape: Ellipse
		q_c:	473.5	357.5	357.0
		ub :	479.8574	362.8259	361.5236
		lb :	467.1426	352.1741	352.4764
		P^-1:
			0.0554	-0.0285	-0.0019
			-0.0285	0.0954	-0.0068
			-0.0019	-0.0068	0.082
	==================================================================================
	Q4:
		Shape: Ellipse
		q_c:	450.5	351.5	354.5
		ub :	458.6007	361.5679	364.1863
		lb :	442.3993	341.4321	344.8137
		P^-1:
			0.0807	-0.0013	-0.0419
			-0.0013	0.0208	-0.0064
			-0.0419	-0.0064	0.0531
	==================================================================================
	Q5:
		Shape: Ellipse
		q_c:	466.0	347.0	361.5
		ub :	474.8471	356.0212	369.2744
		lb :	457.1529	337.9788	353.7256
		P^-1:
			0.036	0.0025	-0.0024
			0.0025	0.0351	-0.002
			-0.0024	-0.002	0.035
	==================================================================================
	Q6:
		Shape: Polyhedra
		q_c:	457.0	338.5	362.5
		ub :	465.2632	345.9674	371.5114
		lb :	448.7368	331.0326	353.4886
		A:
			-0.9613	-0.2756	-0.0002
			0.31	-0.5869	-0.748
			0.9212	0.296	0.2523
			0.7142	0.3799	-0.5879
			-0.1068	-0.0928	-0.9899
			0.9246	-0.2804	-0.2578
			0.371	0.7698	0.5194
			0.4009	-0.6373	0.6581
			0.8376	-0.0359	-0.5451
			-0.371	-0.7698	-0.5194
			-0.4009	0.6373	-0.6581
			-0.8376	0.0359	0.5451
		b:
			-527.7729
			-323.3824
			617.5916
			246.98
			-433.7946
			239.3503
			622.9076
			212.064
			178.0524
			-613.9076
			-200.064
			-168.0524


===========================================================================================
===========================================================================================
