3D_35_5_6_b                l = 3

===========================================================================================
===========================================================================================
S1:
	q_c:    384.0000    15.5000    171.0000
	ub :    405.0000    26.0000    185.0000
	lb :    363.0000    5.0000    157.0000

	==================================================================================
	Q1:
		Shape: Hybrid
		q_c:    382.5000    7.0000    178.0000
		ub :    386.6195    12.9421    184.7110
		lb :    378.3805    1.0579    171.2890
		P^-1: 
			    0.1491    0.0110    0.0200
			    0.0110    0.0983    0.0379
			    0.0200    0.0379    0.0567
		A:
			    -0.1902    -0.8922    -0.4096
			    -0.7438    0.6106    -0.2720
			    -0.4106    -0.7311    -0.5448
			    -0.7021    -0.0553    0.7099
			    0.3129    -0.9389    -0.1438
			    0.3260    -0.9431    0.0656
		b:
			    -150.2767
			    -326.3329
			    -257.6842
			    -139.4254
			    89.5469
			    132.2446
	==================================================================================
	Q2:
		Shape: Hybrid
		q_c:    376.0000    14.5000    181.5000
		ub :    384.6402    20.5735    190.1955
		lb :    367.3598    8.4265    172.8045
		P^-1: 
			    0.0332    0.0064    0.0041
			    0.0064    0.0590    0.0071
			    0.0041    0.0071    0.0311
		A:
			    -0.3213    -0.8980    -0.3006
			    -0.0968    -0.5834    -0.8064
			    -0.0092    0.0585    -0.9982
			    -0.0752    -0.8802    -0.4685
			    -0.6233    -0.7269    -0.2883
			    0.4438    -0.8198    -0.3618
		b:
			    -186.3905
			    -188.3561
			    -179.9871
			    -123.8857
			    -294.8838
			    92.1619
	==================================================================================
	Q3:
		Shape: Polyhedra
		q_c:    381.0000    28.5000    173.0000
		ub :    389.2232    36.6952    181.8442
		lb :    372.7768    20.3048    164.1558
		A:
			    -0.1525    0.7118    0.6856
			    0.7991    0.4505    -0.3980
			    0.3706    -0.0176    -0.9286
			    0.3175    -0.6096    0.7263
			    -0.0683    0.9663    -0.2483
			    -0.4054    -0.8402    0.3602
			    0.8530    0.0397    0.5204
			    -0.3973    -0.5971    0.6968
			    0.3384    -0.8012    -0.4936
			    -0.8530    -0.0397    -0.5204
			    0.3973    0.5971    -0.6968
			    -0.3384    0.8012    0.4936
		b:
			    87.6540
			    252.7537
			    -14.6732
			    233.8749
			    -35.8724
			    -111.5680
			    421.1537
			    -43.8455
			    27.7158
			    -411.1537
			    51.8455
			    -13.7158
	==================================================================================
	Q4:
		Shape: Polyhedra
		q_c:    391.0000    18.0000    175.5000
		ub :    397.8431    25.3497    182.1935
		lb :    384.1569    10.6503    168.8065
		A:
			    0.6878    -0.5242    -0.5021
			    -0.8483    0.3741    -0.3747
			    0.8700    -0.4538    -0.1929
			    -0.6590    -0.5984    0.4557
			    -0.2390    0.1540    0.9587
			    0.3223    0.2457    0.9142
			    0.8539    0.4569    0.2493
			    -0.4816    0.5119    0.7113
			    0.1974    -0.7274    0.6572
			    -0.8539    -0.4569    -0.2493
			    0.4816    -0.5119    -0.7113
			    -0.1974    0.7274    -0.6572
		b:
			    175.0019
			    -386.0982
			    302.1819
			    -183.8035
			    81.3436
			    295.2307
			    390.8413
			    -50.7687
			    183.9063
			    -380.8413
			    57.7687
			    -174.9063
	==================================================================================
	Q5:
		Shape: Polyhedra
		q_c:    385.0000    23.5000    171.5000
		ub :    393.4676    30.3650    178.7279
		lb :    376.5324    16.6350    164.2721
		A:
			    0.0108    0.8902    -0.4554
			    -0.1463    0.9129    -0.3810
			    0.6860    -0.7185    -0.1145
			    0.0064    0.0142    0.9999
			    -0.5775    0.4294    0.6943
			    -0.4526    0.7357    0.5039
			    0.4108    0.9004    0.1434
			    0.1663    0.0807    -0.9828
			    -0.8964    0.4276    -0.1165
			    -0.4108    -0.9004    -0.1434
			    -0.1663    -0.0807    0.9828
			    0.8964    -0.4276    0.1165
		b:
			    -47.9291
			    -94.9033
			    233.7665
			    180.2507
			    -87.0961
			    -64.8012
			    207.9149
			    -96.6424
			    -348.5673
			    -199.9149
			    108.6424
			    361.5673
	==================================================================================
	Q6:
		Shape: Polyhedra
		q_c:    382.5000    9.5000    169.0000
		ub :    388.5122    16.2871    174.6403
		lb :    376.4878    2.7129    163.3597
		A:
			    -0.4208    -0.8296    -0.3670
			    -0.6494    0.7603    0.0183
			    -0.4429    -0.6779    -0.5868
			    -0.3381    0.7959    0.5022
			    0.4111    0.2664    0.8718
			    -0.6936    -0.3376    -0.6364
			    0.5066    0.4851    0.7128
			    0.2157    0.7291    -0.6495
			    -0.8348    0.4828    0.2647
			    -0.5066    -0.4851    -0.7128
			    -0.2157    -0.7291    0.6495
			    0.8348    -0.4828    -0.2647
		b:
			    -228.1065
			    -233.0804
			    -273.1290
			    -32.6979
			    309.1399
			    -374.1317
			    320.3338
			    -15.3345
			    -264.9797
			    -317.3338
			    25.3345
			    274.9797


===========================================================================================
===========================================================================================
S2:
	q_c:    168.5000    208.0000    94.0000
	ub :    188.0000    225.0000    108.0000
	lb :    149.0000    191.0000    80.0000

	==================================================================================
	Q1:
		Shape: Hybrid
		q_c:    157.0000    220.0000    108.0000
		ub :    168.6219    231.1094    118.6692
		lb :    145.3781    208.8906    97.3308
		P^-1: 
			    0.0261    0.0045    0.0081
			    0.0045    0.0175    0.0035
			    0.0081    0.0035    0.0173
		A:
			    0.7059    0.3868    0.5933
			    0.4261    0.3388    0.8388
			    0.3766    0.0748    -0.9233
			    -0.6000    0.7930    0.1058
			    -0.6023    0.5793    -0.5492
			    -0.7121    -0.3005    -0.6346
		b:
			    262.8444
			    235.7757
			    -17.9296
			    96.9255
			    -21.7245
			    -243.5460
	==================================================================================
	Q2:
		Shape: Ellipse
		q_c:    172.0000    225.5000    98.5000
		ub :    181.7495    236.6978    107.5449
		lb :    162.2505    214.3022    89.4551
		P^-1: 
			    0.0261    0.0062    -0.0133
			    0.0062    0.0398    -0.0324
			    -0.0133    -0.0324    0.0505
	==================================================================================
	Q3:
		Shape: Hybrid
		q_c:    163.0000    202.5000    95.5000
		ub :    174.4958    214.8476    105.1619
		lb :    151.5042    190.1524    85.8381
		P^-1: 
			    0.0175    -0.0010    -0.0018
			    -0.0010    0.0153    -0.0026
			    -0.0018    -0.0026    0.0225
		A:
			    0.3947    -0.9163    -0.0678
			    0.7471    -0.1043    0.6565
			    0.2891    -0.8688    0.4020
			    0.3970    0.1731    0.9013
			    0.0426    -0.3956    0.9174
			    0.9618    0.1947    0.1926
		b:
			    -123.0182
			    167.5781
			    -86.1691
			    190.0324
			    17.7877
			    219.2195
	==================================================================================
	Q4:
		Shape: Ellipse
		q_c:    156.0000    201.0000    93.0000
		ub :    162.0253    209.8030    101.8867
		lb :    149.9747    192.1970    84.1133
		P^-1: 
			    0.0589    0.0031    -0.0078
			    0.0031    0.0304    -0.0093
			    -0.0078    -0.0093    0.0369
	==================================================================================
	Q5:
		Shape: Polyhedra
		q_c:    165.5000    212.0000    96.0000
		ub :    177.3426    222.5393    107.5190
		lb :    153.6574    201.4607    84.4810
		A:
			    -0.6765    -0.0714    0.7330
			    0.4360    0.8991    0.0400
			    0.1477    -0.1399    -0.9791
			    -0.1734    0.9752    0.1374
			    0.9911    0.0136    0.1327
			    0.1355    -0.7619    0.6334
			    0.3512    0.0328    0.9357
			    -0.5396    0.8239    0.1736
			    -0.7652    -0.5658    0.3070
			    -0.3512    -0.0328    -0.9357
			    0.5396    -0.8239    -0.1736
			    0.7652    0.5658    -0.3070
		b:
			    -49.8950
			    273.1086
			    -90.5598
			    199.7952
			    186.8203
			    -70.1755
			    163.9055
			    111.0256
			    -212.1297
			    -145.9055
			    -93.0256
			    222.1297
	==================================================================================
	Q6:
		Shape: Hybrid
		q_c:    163.0000    214.5000    80.0000
		ub :    175.9973    227.3556    90.1105
		lb :    150.0027    201.6444    69.8895
		P^-1: 
			    0.0182    0.0075    -0.0057
			    0.0075    0.0199    -0.0096
			    -0.0057    -0.0096    0.0308
		A:
			    0.8871    -0.0448    0.4593
			    0.0589    -0.7607    -0.6465
			    0.1574    -0.0291    -0.9871
			    0.7556    0.1303    -0.6419
			    0.9377    0.2750    0.2123
			    0.1855    0.9813    -0.0511
		b:
			    177.3353
			    -199.2296
			    -55.8156
			    103.7773
			    233.8846
			    241.6909


===========================================================================================
===========================================================================================
S3:
	q_c:    111.0000    307.5000    103.0000
	ub :    128.0000    333.0000    115.0000
	lb :    94.0000    282.0000    91.0000

	==================================================================================
	Q1:
		Shape: Ellipse
		q_c:    110.0000    300.5000    105.0000
		ub :    118.2335    306.6134    113.4479
		lb :    101.7665    294.3866    96.5521
		P^-1: 
			    0.0872    -0.0840    0.0573
			    -0.0840    0.1510    -0.0640
			    0.0573    -0.0640    0.0722
	==================================================================================
	Q2:
		Shape: Ellipse
		q_c:    106.5000    301.0000    115.5000
		ub :    115.2561    309.6556    123.7314
		lb :    97.7439    292.3444    107.2686
		P^-1: 
			    0.0414    0.0108    -0.0050
			    0.0108    0.0348    0.0068
			    -0.0050    0.0068    0.0463
	==================================================================================
	Q3:
		Shape: Polyhedra
		q_c:    117.0000    298.0000    98.0000
		ub :    124.0918    303.4268    105.9782
		lb :    109.9082    292.5732    90.0218
		A:
			    0.5134    0.7739    -0.3708
			    -0.5227    0.8491    0.0762
			    -0.0053    -0.9497    0.3132
			    -0.5931    -0.5137    -0.6200
			    0.5187    0.7397    -0.4288
			    -0.7162    -0.5428    -0.4386
			    0.2471    0.9223    0.2973
			    0.8850    -0.0898    -0.4569
			    -0.3947    0.3760    -0.8383
			    -0.2471    -0.9223    -0.2973
			    -0.8850    0.0898    0.4569
			    0.3947    -0.3760    0.8383
		b:
			    258.4365
			    203.6455
			    -248.5330
			    -278.9889
			    243.3309
			    -284.5273
			    335.8767
			    36.5145
			    -10.2840
			    -329.8767
			    -27.5145
			    22.2840
	==================================================================================
	Q4:
		Shape: Ellipse
		q_c:    120.5000    303.0000    110.5000
		ub :    128.2070    312.7617    120.2132
		lb :    112.7930    293.2383    100.7868
		P^-1: 
			    0.0504    0.0243    0.0157
			    0.0243    0.0448    0.0164
			    0.0157    0.0164    0.0279
	==================================================================================
	Q5:
		Shape: Hybrid
		q_c:    118.0000    321.5000    92.0000
		ub :    126.2502    329.8783    100.6258
		lb :    109.7498    313.1217    83.3742
		P^-1: 
			    0.0380    -0.0016    0.0042
			    -0.0016    0.0387    0.0035
			    0.0042    0.0035    0.0311
		A:
			    -0.0467    -0.5191    0.8534
			    0.5415    0.6574    0.5241
			    0.0274    -0.8248    -0.5647
			    -0.4953    0.8120    -0.3088
			    -0.1512    0.9770    -0.1506
			    -0.1451    0.9721    -0.1843
		b:
			    -90.5318
			    325.9536
			    -311.3483
			    176.8077
			    285.0611
			    281.1416
	==================================================================================
	Q6:
		Shape: Ellipse
		q_c:    99.5000    304.5000    106.0000
		ub :    102.7407    306.7289    110.3627
		lb :    96.2593    302.2711    101.6373
		P^-1: 
			    0.4461    -0.1408    0.2011
			    -0.1408    0.8652    -0.2180
			    0.2011    -0.2180    0.1956


===========================================================================================
===========================================================================================
S4:
	q_c:    490.0000    205.0000    159.5000
	ub :    501.0000    236.0000    189.0000
	lb :    479.0000    174.0000    130.0000

	==================================================================================
	Q1:
		Shape: Hybrid
		q_c:    503.0000    194.5000    150.0000
		ub :    510.3235    201.4635    156.6103
		lb :    495.6765    187.5365    143.3897
		P^-1: 
			    0.0349    0.0036    0.0006
			    0.0036    0.0934    -0.0606
			    0.0006    -0.0606    0.1048
		A:
			    -0.3432    0.8074    -0.4799
			    0.6208    0.6090    -0.4936
			    -0.2053    -0.5765    0.7909
			    0.1875    -0.9761    0.1101
			    -0.7644    0.2399    -0.5984
			    -0.0257    0.9555    -0.2939
		b:
			    -85.4843
			    359.2658
			    -95.3197
			    -76.2480
			    -424.3952
			    130.9935
	==================================================================================
	Q2:
		Shape: Hybrid
		q_c:    489.0000    204.5000    154.5000
		ub :    496.1852    209.3224    162.1939
		lb :    481.8148    199.6776    146.8061
		P^-1: 
			    0.0766    -0.0063    0.0423
			    -0.0063    0.1100    0.0077
			    0.0423    0.0077    0.0593
		A:
			    0.6259    0.7622    -0.1653
			    0.2906    -0.9391    0.1835
			    -0.2676    -0.9635    0.0125
			    -0.1312    -0.9636    0.2329
			    -0.3865    -0.9160    0.1080
			    -0.6953    0.7147    -0.0766
		b:
			    439.5042
			    -20.0483
			    -324.0211
			    -223.0534
			    -357.2304
			    -203.7261
	==================================================================================
	Q3:
		Shape: Hybrid
		q_c:    489.0000    196.5000    156.5000
		ub :    495.5570    201.0026    162.6038
		lb :    482.4430    191.9974    150.3962
		P^-1: 
			    0.0612    -0.0142    0.0067
			    -0.0142    0.1070    0.0002
			    0.0067    0.0002    0.0548
		A:
			    0.0183    0.4048    0.9142
			    -0.8046    0.2948    0.5154
			    -0.9134    -0.0961    -0.3955
			    0.6565    -0.1427    0.7407
			    -0.3302    0.8088    -0.4866
			    -0.2427    0.6222    -0.7443
		b:
			    234.1605
			    -252.2042
			    -524.9290
			    411.3319
			    -76.8682
			    -110.6757
	==================================================================================
	Q4:
		Shape: Ellipse
		q_c:    500.0000    202.0000    151.0000
		ub :    505.3631    207.4143    155.9233
		lb :    494.6369    196.5857    146.0767
		P^-1: 
			    0.0962    0.0247    -0.0810
			    0.0247    0.0724    -0.0364
			    -0.0810    -0.0364    0.1933
	==================================================================================
	Q5:
		Shape: Ellipse
		q_c:    481.0000    195.5000    162.5000
		ub :    486.2646    201.1574    168.7919
		lb :    475.7354    189.8426    156.2081
		P^-1: 
			    0.0617    -0.0010    0.0030
			    -0.0010    0.0614    0.0035
			    0.0030    0.0035    0.0513
	==================================================================================
	Q6:
		Shape: Ellipse
		q_c:    488.5000    200.5000    172.0000
		ub :    497.6362    205.7789    180.8430
		lb :    479.3638    195.2211    163.1570
		P^-1: 
			    0.0360    -0.0101    0.0166
			    -0.0101    0.0788    -0.0012
			    0.0166    -0.0012    0.0339


===========================================================================================
===========================================================================================
S5:
	q_c:    240.0000    406.0000    441.0000
	ub :    256.0000    423.0000    466.0000
	lb :    224.0000    389.0000    416.0000

	==================================================================================
	Q1:
		Shape: Ellipse
		q_c:    236.0000    397.5000    440.0000
		ub :    246.6365    405.5919    448.8837
		lb :    225.3635    389.4081    431.1163
		P^-1: 
			    0.0276    0.0177    0.0052
			    0.0177    0.0506    -0.0111
			    0.0052    -0.0111    0.0382
	==================================================================================
	Q2:
		Shape: Polyhedra
		q_c:    227.5000    402.0000    455.0000
		ub :    235.8992    411.3610    463.4750
		lb :    219.1008    392.6390    446.5250
		A:
			    0.3642    0.3127    -0.8773
			    -0.8401    -0.2647    -0.4735
			    0.0449    -0.4861    0.8728
			    -0.4496    0.2387    -0.8608
			    0.4637    -0.0868    -0.8817
			    0.4442    0.6811    0.5821
			    0.0541    0.2152    0.9751
			    -0.9985    0.0189    0.0513
			    -0.0074    -0.9764    0.2159
			    -0.0541    -0.2152    -0.9751
			    0.9985    -0.0189    -0.0513
			    0.0074    0.9764    -0.2159
		b:
			    -183.4300
			    -505.4353
			    219.0986
			    -390.9428
			    -323.6658
			    646.9135
			    548.9688
			    -188.2337
			    -287.9816
			    -535.9688
			    204.2337
			    303.9816
	==================================================================================
	Q3:
		Shape: Hybrid
		q_c:    244.0000    415.0000    457.5000
		ub :    248.5010    421.4859    464.1439
		lb :    239.4990    408.5141    450.8561
		P^-1: 
			    0.1021    0.0112    0.0077
			    0.0112    0.0772    0.0223
			    0.0077    0.0223    0.0535
		A:
			    0.1135    -0.1195    0.9863
			    -0.2409    0.0459    0.9695
			    -0.7078    -0.5142    0.4844
			    0.4849    -0.8146    0.3183
			    -0.4800    0.8772    -0.0076
			    0.1348    0.0146    0.9908
		b:
			    432.5522
			    406.8472
			    -161.9095
			    -71.3459
			    245.7804
			    495.2657
	==================================================================================
	Q4:
		Shape: Hybrid
		q_c:    230.0000    407.0000    428.0000
		ub :    239.6811    416.0837    437.5912
		lb :    220.3189    397.9163    418.4088
		P^-1: 
			    0.0360    -0.0032    0.0085
			    -0.0032    0.0374    0.0068
			    0.0085    0.0068    0.0222
		A:
			    -0.6586    0.5937    0.4624
			    0.1343    0.9826    -0.1284
			    0.6113    0.7758    0.1566
			    -0.6326    0.7672    0.1062
			    -0.6617    0.3095    -0.6829
			    -0.5470    0.4380    -0.7134
		b:
			    291.3679
			    379.1752
			    526.3714
			    214.7512
			    -315.3652
			    -249.4044
	==================================================================================
	Q5:
		Shape: Polyhedra
		q_c:    239.0000    407.0000    452.0000
		ub :    246.9906    412.2872    459.9570
		lb :    231.0094    401.7128    444.0430
		A:
			    0.8813    0.0557    -0.4693
			    0.0473    0.4684    -0.8822
			    0.1909    0.4398    0.8776
			    -0.7786    -0.6081    -0.1551
			    -0.6562    -0.7432    0.1305
			    0.1522    0.9881    0.0230
			    0.6256    0.4071    0.6655
			    0.7284    0.0009    -0.6852
			    -0.2795    0.9134    -0.2960
			    -0.6256    -0.4071    -0.6655
			    -0.7284    -0.0009    0.6852
			    0.2795    -0.9134    0.2960
		b:
			    27.0728
			    -191.8813
			    625.7869
			    -499.1591
			    -395.6047
			    452.9645
			    620.0195
			    -129.2554
			    175.1724
			    -612.0195
			    141.2554
			    -167.1724
	==================================================================================
	Q6:
		Shape: Polyhedra
		q_c:    239.0000    421.5000    450.0000
		ub :    245.6938    429.4594    455.9047
		lb :    232.3062    413.5406    444.0953
		A:
			    0.8214    0.5405    0.1824
			    -0.7056    -0.6704    -0.2295
			    0.4948    0.1397    0.8577
			    0.8803    0.0492    -0.4719
			    0.8410    0.2712    0.4681
			    -0.8433    -0.2867    -0.4545
			    0.7435    0.3160    0.5894
			    -0.3583    -0.5560    0.7500
			    0.5647    -0.7688    -0.3001
			    -0.7435    -0.3160    -0.5894
			    0.3583    0.5560    -0.7500
			    -0.5647    0.7688    0.3001
		b:
			    508.5936
			    -551.8037
			    565.4795
			    23.7253
			    528.1466
			    -524.7533
			    578.1172
			    21.0417
			    -317.1366
			    -574.1172
			    -14.0417
			    331.1366


===========================================================================================
===========================================================================================
