3D_30_6_6_c                l = 3

===========================================================================================
===========================================================================================
S1:
	q_c:	368.5	453.0	91.0
	ub :	382.5621	464.1362	101.2418
	lb :	358.9842	439.563	81.3515

	==================================================================================
	Q1:
		Shape: Polyhedra
		q_c:	364.0	460.5	96.0
		ub :	369.0158	463.1355	101.2418
		lb :	358.9842	457.8645	90.7582
		A:
			0.7063	-0.5564	-0.4377
			-0.2041	0.7455	0.6345
			-0.2873	-0.8897	0.3548
			0.6595	0.1975	-0.7253
			0.6412	0.7625	-0.086
			-0.5546	0.7981	0.2355
			0.6839	0.0666	0.7265
			-0.7271	0.1445	0.6712
			-0.0602	-0.9873	0.1472
			-0.6839	-0.0666	-0.7265
			0.7271	-0.1445	-0.6712
			0.0602	0.9873	-0.1472
		b:
			-38.683
			332.6402
			-478.1627
			263.8106
			579.0005
			190.6066
			353.8755
			-131.185
			-460.4255
			-344.8755
			136.185
			464.4255
	==================================================================================
	Q2:
		Shape: Polyhedra
		q_c:	375.5	455.0	88.0
		ub :	379.3833	460.9541	94.5408
		lb :	371.6167	449.0459	81.4592
		A:
			0.626	0.7628	-0.1617
			-0.9797	0.113	-0.1656
			-0.7098	0.682	0.1763
			0.6889	-0.2815	0.668
			-0.4423	-0.253	-0.8605
			-0.2743	0.9353	-0.2234
			0.1543	0.4048	0.9013
			0.0375	0.9091	-0.4148
			-0.9873	0.0978	0.1251
			-0.1543	-0.4048	-0.9013
			-0.0375	-0.9091	0.4148
			0.9873	-0.0978	-0.1251
		b:
			571.74
			-327.843
			62.8146
			193.4282
			-352.0596
			306.8424
			326.4403
			395.2434
			-312.2365
			-316.4403
			-387.2434
			318.2365
	==================================================================================
	Q3:
		Shape: Hybrid
		q_c:	370.5	450.0	89.0
		ub :	378.2944	454.6711	96.6485
		lb :	362.7056	445.3289	81.3515
		P^-1:
			0.0471	-0.014	0.0232
			-0.014	0.0986	-0.016
			0.0232	-0.016	0.0557
		A:
			0.8864	-0.4566	0.0765
			-0.5068	0.1753	-0.844
			0.5564	-0.5946	0.5804
			0.0604	0.3811	0.9226
			-0.4523	0.119	-0.8839
			-0.0159	-0.7253	-0.6883
		b:
			132.7437
			-181.8037
			-8.0668
			279.1446
			-190.3712
			-390.7082
	==================================================================================
	Q4:
		Shape: Hybrid
		q_c:	376.5	445.5	89.0
		ub :	382.5621	451.437	95.7688
		lb :	370.4379	439.563	82.2312
		P^-1:
			0.1393	-0.0839	0.0564
			-0.0839	0.1161	-0.0555
			0.0564	-0.0555	0.084
		A:
			0.3053	-0.2948	-0.9055
			0.5174	-0.5866	0.623
			-0.4533	-0.4909	0.744
			0.9677	-0.0508	0.247
			0.3628	-0.1863	0.9131
			-0.966	0.1211	-0.2285
		b:
			-93.304
			-9.8068
			-319.788
			365.9947
			137.3259
			-327.9151
	==================================================================================
	Q5:
		Shape: Polyhedra
		q_c:	364.5	459.5	92.5
		ub :	369.1789	464.1362	97.863
		lb :	359.8211	454.8638	87.137
		A:
			0.7192	0.6869	-0.1045
			-0.5539	-0.4349	-0.7099
			0.4821	0.3744	0.7921
			0.7823	0.288	0.5523
			0.5304	0.2094	0.8215
			0.7558	0.466	0.46
			0.6236	0.6294	0.4637
			0.7605	-0.3513	-0.5461
			-0.1808	0.6932	-0.6977
			-0.6236	-0.6294	-0.4637
			-0.7605	0.3513	0.5461
			0.1808	-0.6932	0.6977
		b:
			570.4635
			-465.9385
			422.8725
			470.269
			367.619
			533.471
			560.3927
			69.8054
			191.5737
			-558.3927
			-60.8054
			-184.5737
	==================================================================================
	Q6:
		Shape: Polyhedra
		q_c:	368.0	454.0	91.0
		ub :	374.0785	461.5443	98.197
		lb :	361.9215	446.4557	83.803
		A:
			-0.8767	0.4567	0.1513
			0.7763	-0.0224	-0.63
			-0.9222	0.2777	0.269
			0.6498	-0.7182	0.2487
			-0.6642	-0.5168	-0.5401
			-0.1412	0.8118	0.5666
			0.093	0.5238	0.8468
			-0.404	0.7971	-0.4487
			-0.91	-0.3004	0.2857
			-0.093	-0.5238	-0.8468
			0.404	-0.7971	0.4487
			0.91	0.3004	-0.2857
		b:
			-97.0015
			222.3061
			-184.5199
			-59.4113
			-523.8934
			372.7728
			353.5687
			177.3745
			-441.2629
			-344.5687
			-167.3745
			449.2629


===========================================================================================
===========================================================================================
S2:
	q_c:	103.5	189.0	370.0
	ub :	122.331	212.5291	388.8416
	lb :	83.2473	172.3384	341.7738

	==================================================================================
	Q1:
		Shape: Ellipse
		q_c:	109.0	184.5	374.0
		ub :	120.4943	195.6196	385.1741
		lb :	97.5057	173.3804	362.8259
		P^-1:
			0.0236	-0.0035	0.003
			-0.0035	0.0247	0.0035
			0.003	0.0035	0.017
	==================================================================================
	Q2:
		Shape: Hybrid
		q_c:	116.0	190.5	384.0
		ub :	122.331	195.3968	387.784
		lb :	109.669	185.6032	380.216
		P^-1:
			0.0757	0.0182	0.1225
			0.0182	0.0743	0.0652
			0.1225	0.0652	0.39
		A:
			-0.4302	-0.109	-0.8961
			0.0759	0.2064	0.9755
			-0.3962	0.1789	-0.9006
			0.4608	0.697	0.5494
			-0.1101	0.2403	-0.9644
			0.2756	-0.6452	-0.7126
		b:
			-413.896
			423.9434
			-356.425
			399.4822
			-335.6227
			-361.8823
	==================================================================================
	Q3:
		Shape: Polyhedra
		q_c:	109.0	199.0	355.5
		ub :	121.5069	212.5291	369.2262
		lb :	96.4931	185.4709	341.7738
		A:
			0.4376	-0.2613	-0.8604
			-0.9507	0.2645	0.1621
			-0.8861	-0.461	-0.048
			-0.8502	-0.5018	0.1592
			-0.0935	0.6304	-0.7706
			-0.7065	-0.5276	0.4716
			0.3437	0.7305	0.5901
			-0.6016	0.6538	-0.4589
			-0.7211	-0.1973	0.6641
			-0.3437	-0.7305	-0.5901
			0.6016	-0.6538	0.4589
			0.7211	0.1973	-0.6641
		b:
			-302.2444
			13.3941
			-196.8286
			-127.929
			-151.8546
			-7.2175
			403.1255
			-91.6178
			124.7455
			-382.1255
			105.6178
			-111.7455
	==================================================================================
	Q4:
		Shape: Hybrid
		q_c:	95.5	185.0	380.5
		ub :	101.9887	191.4572	388.8416
		lb :	89.0113	178.5428	372.1584
		P^-1:
			0.0642	0.0202	-0.0047
			0.0202	0.0569	-0.0035
			-0.0047	-0.0035	0.0162
		A:
			-0.9048	0.2995	-0.3026
			0.07	-0.6428	-0.7629
			-0.0967	-0.8813	0.4625
			0.6624	-0.2542	-0.7047
			0.446	0.878	-0.174
			0.0631	-0.9758	-0.2091
		b:
			-142.685
			-397.3122
			7.0308
			-247.3458
			140.9032
			-250.9797
	==================================================================================
	Q5:
		Shape: Hybrid
		q_c:	91.5	183.0	367.0
		ub :	99.7527	193.6616	376.9145
		lb :	83.2473	172.3384	357.0855
		P^-1:
			0.0388	0.0071	-0.0149
			0.0071	0.0266	-0.0162
			-0.0149	-0.0162	0.0406
		A:
			-0.8549	-0.1968	0.48
			-0.958	-0.1712	0.2299
			-0.6987	-0.3707	0.6119
			0.0959	-0.9276	0.361
			-0.3327	-0.1593	0.9295
			0.1305	-0.3274	0.9358
		b:
			64.3467
			-31.699
			94.8552
			-24.5127
			284.3797
			298.8104
	==================================================================================
	Q6:
		Shape: Polyhedra
		q_c:	112.0	196.5	357.0
		ub :	117.0154	207.8933	368.1569
		lb :	106.9846	185.1067	345.8431
		A:
			-0.8719	0.1487	0.4665
			-0.9642	-0.2286	0.1346
			-0.9464	0.1019	-0.3065
			0.8369	0.18	0.517
			0.7823	0.3716	-0.4999
			0.4674	-0.8833	0.0364
			0.0982	0.8204	0.5633
			-0.3049	0.5636	-0.7677
			-0.9473	-0.0964	0.3054
			-0.0982	-0.8204	-0.5633
			0.3049	-0.5636	0.7677
			0.9473	0.0964	-0.3054
		b:
			101.2765
			-102.1715
			-190.518
			319.8587
			-14.4879
			-100.6783
			381.8052
			-189.965
			-14.002
			-364.8052
			204.965
			18.002


===========================================================================================
===========================================================================================
S3:
	q_c:	153.0	283.0	177.5
	ub :	155.3853	285.9622	180.4358
	lb :	150.2646	279.6636	175.558

	==================================================================================
	Q1:
		Shape: Hybrid
		q_c:	152.0	284.0	177.0
		ub :	153.4577	285.4638	178.1457
		lb :	150.5423	282.5362	175.8543
		P^-1:
			1.0383	-0.1684	0.2917
			-0.1684	1.7404	-1.2824
			0.2917	-1.2824	3.2213
		A:
			0.1471	0.5492	-0.8227
			0.0077	0.0115	0.9999
			-0.3648	-0.3285	0.8712
			-0.6168	0.7723	0.1524
			-0.4329	0.2172	0.8749
			0.6941	0.4931	-0.5245
		b:
			33.0169
			181.8473
			5.8882
			153.2517
			151.3461
			153.2916
	==================================================================================
	Q2:
		Shape: Polyhedra
		q_c:	153.5	282.0	177.5
		ub :	154.9811	283.3579	178.8103
		lb :	152.0189	280.6421	176.1897
		A:
			-0.2908	0.8229	0.4882
			-0.7675	-0.3871	-0.5109
			0.236	-0.5494	-0.8015
			-0.0095	-0.1136	-0.9935
			-0.3574	-0.2571	-0.8979
			-0.2809	0.6318	0.7224
			0.2326	0.6297	0.7412
			-0.5972	0.694	-0.4022
			-0.7677	-0.3491	0.5374
			-0.2326	-0.6297	-0.7412
			0.5972	-0.694	0.4022
			0.7677	0.3491	-0.5374
		b:
			274.7856
			-316.946
			-260.3436
			-209.1348
			-286.1131
			263.9372
			345.3423
			33.6349
			-119.8771
			-344.3423
			-31.6349
			121.8771
	==================================================================================
	Q3:
		Shape: Polyhedra
		q_c:	154.5	284.5	176.5
		ub :	155.3853	285.7238	177.442
		lb :	153.6147	283.2762	175.558
		A:
			0.7571	-0.6465	-0.0937
			-0.9604	0.2744	0.0479
			-0.8899	-0.2987	-0.3447
			0.8817	-0.2784	-0.381
			0.6693	0.3359	0.6627
			-0.6803	0.119	-0.7233
			0.007	0.4414	0.8973
			-0.9026	0.3891	-0.1844
			-0.4305	-0.8085	0.4012
			-0.007	-0.4414	-0.8973
			0.9026	-0.3891	0.1844
			0.4305	0.8085	-0.4012
		b:
			-82.9827
			-61.3528
			-282.6582
			-9.6729
			316.5049
			-198.3977
			285.5461
			-60.7798
			-224.735
			-284.5461
			61.7798
			226.735
	==================================================================================
	Q4:
		Shape: Hybrid
		q_c:	152.5	284.0	178.5
		ub :	154.2155	285.9622	180.4358
		lb :	150.7845	282.0378	176.5642
		P^-1:
			0.9075	-0.1225	-0.1668
			-0.1225	0.8377	-0.221
			-0.1668	-0.221	0.6992
		A:
			0.6344	-0.0772	-0.7691
			0.6995	-0.1336	-0.702
			0.262	-0.3844	0.8852
			-0.5787	0.6775	-0.4539
			-0.9968	0.0618	0.0512
			-0.1515	-0.9662	0.2087
		b:
			-61.8869
			-56.0197
			89.4808
			23.6666
			-124.7481
			-259.6257
	==================================================================================
	Q5:
		Shape: Hybrid
		q_c:	152.5	282.0	178.0
		ub :	154.7354	284.3364	179.657
		lb :	150.2646	279.6636	176.343
		P^-1:
			0.4547	-0.0262	0.0701
			-0.0262	0.5111	-0.1786
			0.0701	-0.1786	0.9231
		A:
			-0.7101	0.0666	0.701
			-0.1117	0.7459	-0.6566
			0.0926	-0.8382	0.5374
			0.9882	0.1315	-0.0786
			-0.2635	-0.7584	0.5961
			-0.6858	-0.2044	0.6985
		b:
			36.1526
			77.0465
			-125.884
			174.7789
			-147.2521
			-37.0638
	==================================================================================
	Q6:
		Shape: Polyhedra
		q_c:	153.5	282.5	178.5
		ub :	154.4788	284.333	180.3022
		lb :	152.5212	280.667	176.6978
		A:
			0.787	0.5191	0.3333
			-0.9316	-0.3332	-0.1452
			0.9364	0.2734	0.2198
			-0.1265	-0.5261	-0.841
			-0.5951	-0.3027	-0.7445
			0.158	0.4559	0.8759
			0.9431	0.0879	0.3205
			-0.136	-0.7779	0.6135
			0.3033	-0.6222	-0.7217
			-0.9431	-0.0879	-0.3205
			0.136	0.7779	-0.6135
			-0.3033	0.6222	0.7217
		b:
			327.674
			-262.3864
			260.7957
			-317.2149
			-309.0421
			310.3329
			227.3265
			-129.6259
			-257.0435
			-226.3265
			132.6259
			259.0435


===========================================================================================
===========================================================================================
S4:
	q_c:	151.0	153.5	228.5
	ub :	168.8858	167.5409	242.7333
	lb :	134.1534	137.6192	216.0419

	==================================================================================
	Q1:
		Shape: Ellipse
		q_c:	151.5	149.5	223.5
		ub :	160.1203	158.5398	230.9581
		lb :	142.8797	140.4602	216.0419
		P^-1:
			0.0377	-0.0034	-0.0116
			-0.0034	0.0348	0.0114
			-0.0116	0.0114	0.0508
	==================================================================================
	Q2:
		Shape: Ellipse
		q_c:	143.5	159.0	234.0
		ub :	152.2885	166.7926	241.722
		lb :	134.7115	151.2074	226.278
		P^-1:
			0.0307	0.0092	0.0069
			0.0092	0.0449	-0.0034
			0.0069	-0.0034	0.0468
	==================================================================================
	Q3:
		Shape: Hybrid
		q_c:	149.5	161.0	221.0
		ub :	155.9822	167.5409	224.4144
		lb :	143.0178	154.4591	217.5856
		P^-1:
			0.0859	0.0671	0.0103
			0.0671	0.0992	-0.0093
			0.0103	-0.0093	0.1586
		A:
			-0.8455	-0.5337	-0.0151
			-0.2364	-0.3875	0.891
			0.8433	0.492	0.2163
			-0.9469	-0.3152	0.0636
			-0.3539	-0.7529	0.5549
			-0.2539	-0.6106	-0.7501
		b:
			-213.9566
			100.442
			254.8238
			-175.6233
			-50.0019
			-300.2231
	==================================================================================
	Q4:
		Shape: Ellipse
		q_c:	162.0	154.5	223.5
		ub :	168.8858	160.2844	230.7942
		lb :	155.1142	148.7156	216.2058
		P^-1:
			0.0531	-0.005	-0.0099
			-0.005	0.0599	-0.0052
			-0.0099	-0.0052	0.052
	==================================================================================
	Q5:
		Shape: Ellipse
		q_c:	142.5	152.0	235.0
		ub :	150.8466	155.0022	242.7333
		lb :	134.1534	148.9978	227.2667
		P^-1:
			0.0404	0.078	-0.0026
			0.078	0.4293	0.0052
			-0.0026	0.0052	0.0315
	==================================================================================
	Q6:
		Shape: Polyhedra
		q_c:	159.5	143.5	229.0
		ub :	165.214	149.3808	235.6719
		lb :	153.786	137.6192	222.3281
		A:
			-0.8831	-0.4091	-0.2296
			-0.3392	-0.8103	0.4779
			-0.0483	0.068	0.9965
			-0.6297	0.3658	-0.6853
			-0.4037	0.7454	-0.5304
			0.2322	0.6579	0.7164
			0.2907	0.8275	0.4803
			-0.9324	0.1323	0.3364
			0.2149	-0.5457	0.81
			-0.2907	-0.8275	-0.4803
			0.9324	-0.1323	-0.3364
			-0.2149	0.5457	-0.81
		b:
			-248.3795
			-56.7788
			234.4194
			-200.5093
			-74.4978
			299.0911
			278.6129
			-48.6841
			145.9594
			-271.6129
			56.6841
			-136.9594


===========================================================================================
===========================================================================================
S5:
	q_c:	468.5	73.5	469.0
	ub :	476.6803	84.5151	481.9506
	lb :	456.4917	61.4457	457.8821

	==================================================================================
	Q1:
		Shape: Ellipse
		q_c:	466.0	72.0	465.0
		ub :	470.7077	76.3479	468.7663
		lb :	461.2923	67.6521	461.2337
		P^-1:
			0.1256	0.0379	0.0039
			0.0379	0.1151	0.008
			0.0039	0.008	0.1121
	==================================================================================
	Q2:
		Shape: Polyhedra
		q_c:	467.0	79.5	471.5
		ub :	471.6523	84.5151	476.1837
		lb :	462.3477	74.4849	466.8163
		A:
			0.4797	-0.5145	-0.7107
			-0.5445	0.4712	-0.6939
			-0.5171	0.7923	0.3238
			-0.1391	-0.3651	0.9205
			-0.7908	0.552	-0.2646
			-0.0766	-0.6883	-0.7214
			0.3574	0.0269	0.9335
			-0.9233	0.1603	0.3489
			-0.1403	-0.9867	0.0821
			-0.3574	-0.0269	-0.9335
			0.9233	-0.1603	-0.3489
			0.1403	0.9867	-0.0821
		b:
			-148.5985
			-540.3274
			-22.0453
			343.69
			-446.6544
			-426.7331
			612.7308
			-250.9384
			-100.7362
			-605.7308
			256.9384
			109.7362
	==================================================================================
	Q3:
		Shape: Polyhedra
		q_c:	464.0	68.0	472.5
		ub :	471.5083	74.5543	479.1204
		lb :	456.4917	61.4457	465.8796
		A:
			-0.0371	-0.7906	0.6112
			-0.247	0.9451	0.214
			-0.0157	-0.848	0.5297
			-0.0661	-0.9964	-0.0535
			0.1373	-0.6572	-0.7411
			0.4031	0.8964	-0.1843
			0.525	0.8062	0.2729
			0.3839	0.0619	-0.9213
			-0.7596	0.5885	-0.277
			-0.525	-0.8062	-0.2729
			-0.3839	-0.0619	0.9213
			0.7596	-0.5885	0.277
		b:
			222.292
			55.2783
			189.833
			-119.2277
			-326.6196
			165.4077
			431.8746
			-248.4763
			-438.8172
			-422.8746
			257.4763
			447.8172
	==================================================================================
	Q4:
		Shape: Polyhedra
		q_c:	472.5	69.5	477.5
		ub :	476.6803	73.6754	481.9506
		lb :	468.3197	65.3246	473.0494
		A:
			-0.0705	-0.2984	0.9518
			-0.6945	0.1105	-0.7109
			-0.1859	0.8727	0.4516
			-0.602	0.5986	-0.5285
			0.5051	-0.8425	0.1871
			-0.3729	-0.1379	-0.9176
			0.2657	0.8428	0.468
			0.9363	-0.11	-0.3336
			-0.2297	0.5268	-0.8184
			-0.2657	-0.8428	-0.468
			-0.9363	0.11	0.3336
			0.2297	-0.5268	0.8184
		b:
			403.028
			-657.2681
			191.4322
			-492.595
			272.2064
			-621.1927
			410.5891
			278.4484
			-460.2008
			-404.5891
			-272.4484
			465.2008
	==================================================================================
	Q5:
		Shape: Polyhedra
		q_c:	470.0	68.0	468.0
		ub :	474.2181	72.6314	472.8635
		lb :	465.7819	63.3686	463.1365
		A:
			-0.2101	0.0414	-0.9768
			0.9077	0.409	0.0933
			0.7086	-0.3428	0.6168
			0.242	0.5913	0.7693
			0.9412	-0.3122	0.1294
			-0.1967	-0.593	-0.7808
			0.7474	0.1111	0.655
			-0.6644	0.1159	0.7384
			0.0061	-0.987	0.1604
			-0.7474	-0.1111	-0.655
			0.6644	-0.1159	-0.7384
			-0.0061	0.987	-0.1604
		b:
			-550.1374
			501.1168
			601.2337
			517.0792
			484.7301
			-495.0523
			667.8832
			44.6856
			14.8139
			-662.8832
			-37.6856
			-6.8139
	==================================================================================
	Q6:
		Shape: Ellipse
		q_c:	470.5	77.0	463.5
		ub :	475.2817	82.1367	469.1179
		lb :	465.7183	71.8633	457.8821
		P^-1:
			0.1398	-0.0093	-0.0319
			-0.0093	0.1102	0.0276
			-0.0319	0.0276	0.0705


===========================================================================================
===========================================================================================
S6:
	q_c:	432.0	291.5	258.5
	ub :	454.1357	311.3313	275.0175
	lb :	411.977	277.3911	231.9628

	==================================================================================
	Q1:
		Shape: Ellipse
		q_c:	419.5	299.5	239.0
		ub :	427.023	307.1495	246.0372
		lb :	411.977	291.8505	231.9628
		P^-1:
			0.0486	0.001	-0.0024
			0.001	0.0481	0.0031
			-0.0024	0.0031	0.0421
	==================================================================================
	Q2:
		Shape: Polyhedra
		q_c:	423.5	301.5	267.0
		ub :	431.1322	309.3377	275.0175
		lb :	415.8678	293.6623	258.9825
		A:
			0.4342	0.8514	0.2941
			0.3586	-0.2094	0.9097
			-0.937	0.2087	0.28
			-0.0808	0.8516	0.518
			-0.1543	-0.779	-0.6078
			0.0779	0.8589	-0.5062
			0.8668	0.4534	0.2075
			-0.1628	-0.1361	0.9772
			0.4713	-0.8809	-0.0442
			-0.8668	-0.4534	-0.2075
			0.1628	0.1361	-0.9772
			-0.4713	0.8809	0.0442
		b:
			523.9964
			338.1443
			-253.7597
			366.4529
			-456.9707
			162.8259
			563.7018
			157.9581
			-72.2719
			-554.7018
			-143.9581
			83.2719
	==================================================================================
	Q3:
		Shape: Polyhedra
		q_c:	444.5	303.5	263.0
		ub :	453.0331	311.3313	266.9431
		lb :	435.9669	295.6687	259.0569
		A:
			-0.8087	0.5679	-0.1532
			-0.5739	0.7788	-0.2533
			0.3413	-0.0235	-0.9396
			-0.3395	0.4517	-0.8251
			-0.4854	0.8728	0.0513
			-0.8481	0.1962	-0.4922
			0.7808	0.6236	0.0391
			0.6248	-0.7798	-0.0387
			0.0063	0.0547	-0.9985
			-0.7808	-0.6236	-0.0391
			-0.6248	0.7798	0.0387
			-0.0063	-0.0547	0.9985
		b:
			-223.623
			-82.2807
			-98.6966
			-227.4202
			65.9336
			-441.4174
			555.0948
			33.8537
			-239.6948
			-538.0948
			-27.8537
			246.6948
	==================================================================================
	Q4:
		Shape: Hybrid
		q_c:	443.5	288.0	254.5
		ub :	454.1357	298.6089	261.9074
		lb :	432.8643	277.3911	247.0926
		P^-1:
			0.0251	-0.0096	0.0109
			-0.0096	0.0305	-0.0152
			0.0109	-0.0152	0.0484
		A:
			0.0093	0.1984	-0.9801
			-0.0139	-0.2626	0.9648
			0.9913	-0.1313	0.0064
			0.8337	-0.2035	0.5134
			-0.5001	-0.2057	-0.8412
			0.1666	0.0219	0.9858
		b:
			-185.4339
			166.4055
			408.1212
			445.1756
			-491.4777
			334.0326
	==================================================================================
	Q5:
		Shape: Hybrid
		q_c:	441.5	297.5	245.0
		ub :	452.3378	307.4409	252.7024
		lb :	430.6622	287.5591	237.2976
		P^-1:
			0.0406	0.0149	0.0561
			0.0149	0.022	0.03
			0.0561	0.03	0.1236
		A:
			-0.2674	-0.3825	-0.8844
			-0.3852	0.7975	0.4643
			-0.6288	-0.729	-0.2703
			0.6149	0.6402	0.4606
			-0.3503	-0.4255	-0.8344
			0.7094	0.7046	-0.0141
		b:
			-446.6552
			187.586
			-555.3695
			578.9183
			-483.8898
			526.0394
	==================================================================================
	Q6:
		Shape: Hybrid
		q_c:	431.0	292.5	259.5
		ub :	437.6798	303.1421	269.9092
		lb :	424.3202	281.8579	249.0908
		P^-1:
			0.0562	0.012	0.0105
			0.012	0.0246	-0.0029
			0.0105	-0.0029	0.0251
		A:
			0.1236	-0.977	-0.1738
			-0.4846	-0.3975	0.7792
			0.1451	-0.2859	-0.9472
			0.7022	0.0527	0.71
			-0.6536	-0.4841	0.5818
			0.8617	0.5049	0.0501
		b:
			-272.2072
			-118.8041
			-261.4759
			505.1433
			-268.7617
			534.3341


===========================================================================================
===========================================================================================
