3D_35_10_6_a                l = 3

===========================================================================================
===========================================================================================
S1:
	q_c:    28.0000    254.5000    372.0000
	ub :    42.0000    280.0000    390.0000
	lb :    14.0000    229.0000    354.0000

	==================================================================================
	Q1:
		Shape: Ellipse
		q_c:    28.5000    262.5000    369.5000
		ub :    36.8591    268.5677    378.0967
		lb :    20.1409    256.4323    360.9033
		P^-1: 
			    0.0727    -0.0637    0.0160
			    -0.0637    0.1061    -0.0196
			    0.0160    -0.0196    0.0253
	==================================================================================
	Q2:
		Shape: Hybrid
		q_c:    37.5000    252.0000    366.5000
		ub :    49.6582    264.0822    376.1512
		lb :    25.3418    239.9178    356.8488
		P^-1: 
			    0.0178    0.0000    -0.0000
			    0.0000    0.0178    -0.0000
			    -0.0000    -0.0000    0.0178
		A:
			    -0.1126    0.6322    -0.7666
			    -0.0457    -0.9612    0.2721
			    0.2450    -0.5746    0.7809
			    -0.0301    0.2137    -0.9764
			    -0.4228    -0.5022    -0.7544
			    -0.8117    -0.5566    -0.1768
		b:
			    -122.1224
			    -140.4540
			    154.3195
			    -301.3912
			    -415.1309
			    -231.7639
	==================================================================================
	Q3:
		Shape: Polyhedra
		q_c:    20.0000    238.5000    374.5000
		ub :    27.9526    245.6382    383.4348
		lb :    12.0474    231.3618    365.5652
		A:
			    -0.3594    0.6052    -0.7103
			    0.4247    0.9032    0.0620
			    -0.5522    -0.7893    -0.2686
			    0.9041    0.1983    0.3786
			    0.5080    0.4855    0.7115
			    0.4491    0.4544    0.7693
			    0.5991    0.7133    0.3637
			    0.3409    -0.6383    0.6902
			    0.7245    -0.2896    -0.6255
			    -0.5991    -0.7133    -0.3637
			    -0.3409    0.6383    -0.6902
			    -0.7245    0.2896    0.6255
		b:
			    -122.8545
			    250.0886
			    -297.7347
			    211.0676
			    395.5357
			    408.9378
			    320.3115
			    119.0848
			    -282.3289
			    -316.3115
			    -107.0848
			    295.3289
	==================================================================================
	Q4:
		Shape: Hybrid
		q_c:    24.0000    259.0000    365.0000
		ub :    32.2781    268.0190    375.9302
		lb :    15.7219    249.9810    354.0698
		P^-1: 
			    0.0633    -0.0395    0.0053
			    -0.0395    0.0720    -0.0196
			    0.0053    -0.0196    0.0212
		A:
			    0.8580    -0.4472    -0.2527
			    -0.8119    -0.2352    0.5343
			    -0.6133    0.7509    -0.2452
			    0.8237    0.5632    -0.0667
			    0.8053    -0.5319    0.2619
			    -0.2260    0.9656    -0.1286
		b:
			    -184.7912
			    118.5770
			    91.7761
			    146.0187
			    -20.7887
			    200.3607
	==================================================================================
	Q5:
		Shape: Hybrid
		q_c:    17.5000    249.0000    369.0000
		ub :    23.7164    257.6537    377.7967
		lb :    11.2836    240.3463    360.2033
		P^-1: 
			    0.0695    0.0130    0.0141
			    0.0130    0.0414    0.0135
			    0.0141    0.0135    0.0344
		A:
			    0.4009    -0.3808    0.8332
			    -0.7608    0.5441    -0.3537
			    0.4005    -0.7264    -0.5585
			    -0.9416    0.0272    -0.3357
			    0.1011    -0.3403    -0.9349
			    -0.8062    -0.1563    -0.5706
		b:
			    223.8167
			    -5.0406
			    -376.7154
			    -131.4281
			    -424.2790
			    -261.4622
	==================================================================================
	Q6:
		Shape: Ellipse
		q_c:    35.0000    268.0000    376.0000
		ub :    42.2029    274.9303    381.3648
		lb :    27.7971    261.0697    370.6352
		P^-1: 
			    0.0505    -0.0130    0.0314
			    -0.0130    0.0561    -0.0388
			    0.0314    -0.0388    0.1333


===========================================================================================
===========================================================================================
S2:
	q_c:    271.0000    342.0000    404.0000
	ub :    289.0000    359.0000    422.0000
	lb :    253.0000    325.0000    386.0000

	==================================================================================
	Q1:
		Shape: Ellipse
		q_c:    287.5000    346.0000    408.5000
		ub :    291.2832    352.1863    414.6652
		lb :    283.7168    339.8137    402.3348
		P^-1: 
			    0.1544    -0.0121    -0.0206
			    -0.0121    0.0545    -0.0036
			    -0.0206    -0.0036    0.0630
	==================================================================================
	Q2:
		Shape: Ellipse
		q_c:    278.0000    344.5000    387.5000
		ub :    288.9839    358.5725    400.9992
		lb :    267.0161    330.4275    374.0008
		P^-1: 
			    0.0219    -0.0033    0.0004
			    -0.0033    0.0146    -0.0044
			    0.0004    -0.0044    0.0149
	==================================================================================
	Q3:
		Shape: Polyhedra
		q_c:    270.0000    344.0000    397.5000
		ub :    276.3920    349.7834    403.9116
		lb :    263.6080    338.2166    391.0884
		A:
			    -0.6299    -0.1041    -0.7696
			    -0.7751    -0.5108    0.3718
			    -0.7839    0.0634    -0.6177
			    -0.1266    0.7990    -0.5878
			    -0.4870    -0.8700    -0.0774
			    -0.3967    0.7468    0.5338
			    0.8064    0.1626    0.5685
			    -0.1723    0.9843    -0.0372
			    -0.5657    -0.0680    0.8218
			    -0.8064    -0.1626    -0.5685
			    0.1723    -0.9843    0.0372
			    0.5657    0.0680    -0.8218
		b:
			    -508.5655
			    -232.2855
			    -432.2043
			    11.9770
			    -457.0413
			    367.1535
			    502.6707
			    282.3098
			    156.0681
			    -496.6707
			    -272.3098
			    -145.0681
	==================================================================================
	Q4:
		Shape: Polyhedra
		q_c:    278.5000    341.0000    393.0000
		ub :    288.6098    352.1959    404.9775
		lb :    268.3902    329.8041    381.0225
		A:
			    -0.1019    0.6891    -0.7175
			    0.0234    -0.1211    0.9924
			    0.0336    0.2188    -0.9752
			    0.8946    -0.0929    -0.4372
			    0.8416    0.4029    -0.3596
			    0.8784    -0.4622    -0.1217
			    0.9577    0.0045    0.2878
			    -0.2604    0.4400    0.8594
			    -0.1227    -0.8980    0.4225
			    -0.9577    -0.0045    -0.2878
			    0.2604    -0.4400    -0.8594
			    0.1227    0.8980    -0.4225
		b:
			    -66.6427
			    362.8599
			    -291.4559
			    53.0287
			    238.5021
			    46.6642
			    388.8733
			    422.2757
			    -165.3353
			    -373.8733
			    -408.2757
			    183.3353
	==================================================================================
	Q5:
		Shape: Hybrid
		q_c:    280.0000    345.5000    402.5000
		ub :    284.1826    352.3926    409.9582
		lb :    275.8174    338.6074    395.0418
		P^-1: 
			    0.3854    -0.0106    -0.1441
			    -0.0106    0.0443    -0.0057
			    -0.1441    -0.0057    0.0919
		A:
			    -0.5009    0.5164    0.6946
			    0.9038    -0.3854    0.1861
			    0.8827    -0.2124    -0.4193
			    0.9761    0.0451    -0.2124
			    -0.8325    -0.1272    0.5392
			    0.7627    0.0009    -0.6468
		b:
			    321.1036
			    197.3299
			    6.0598
			    204.5148
			    -58.9156
			    -44.9832
	==================================================================================
	Q6:
		Shape: Ellipse
		q_c:    255.0000    362.5000    420.0000
		ub :    262.9217    370.6576    427.1438
		lb :    247.0783    354.3424    412.8562
		P^-1: 
			    0.0439    0.0042    -0.0049
			    0.0042    0.0213    0.0006
			    -0.0049    0.0006    0.0446


===========================================================================================
===========================================================================================
S3:
	q_c:    394.0000    456.0000    100.0000
	ub :    416.0000    466.0000    115.0000
	lb :    372.0000    446.0000    85.0000

	==================================================================================
	Q1:
		Shape: Polyhedra
		q_c:    402.5000    459.0000    97.5000
		ub :    410.5232    466.8303    104.5923
		lb :    394.4768    451.1697    90.4077
		A:
			    -0.7500    0.5855    0.3076
			    0.8907    0.4525    -0.0437
			    -0.7963    -0.6037    0.0390
			    0.0613    -0.7474    -0.6615
			    -0.2815    -0.1294    -0.9508
			    0.9616    0.2732    0.0258
			    0.2796    0.6797    0.6781
			    0.5238    0.4839    -0.7010
			    -0.8047    0.5512    -0.2207
			    -0.2796    -0.6797    -0.6781
			    -0.5238    -0.4839    0.7010
			    0.8047    -0.5512    0.2207
		b:
			    2.0443
			    566.6998
			    -589.2315
			    -379.1331
			    -261.2604
			    519.8846
			    494.1409
			    369.5970
			    -86.8797
			    -487.1409
			    -359.5970
			    97.8797
	==================================================================================
	Q2:
		Shape: Ellipse
		q_c:    402.5000    462.5000    99.0000
		ub :    405.1715    464.1567    103.8312
		lb :    399.8285    460.8433    94.1688
		P^-1: 
			    0.4182    -0.0388    0.0957
			    -0.0388    0.9794    0.1327
			    0.0957    0.1327    0.0962
	==================================================================================
	Q3:
		Shape: Ellipse
		q_c:    399.5000    463.5000    100.5000
		ub :    406.8005    471.3272    107.6461
		lb :    392.1995    455.6728    93.3539
		P^-1: 
			    0.0691    -0.0167    -0.0170
			    -0.0167    0.0593    -0.0227
			    -0.0170    -0.0227    0.0585
	==================================================================================
	Q4:
		Shape: Ellipse
		q_c:    399.5000    446.5000    97.0000
		ub :    402.6847    452.3491    102.9389
		lb :    396.3153    440.6509    91.0611
		P^-1: 
			    0.3759    0.1256    0.0756
			    0.1256    0.1102    0.0355
			    0.0756    0.0355    0.0702
	==================================================================================
	Q5:
		Shape: Polyhedra
		q_c:    387.0000    447.0000    109.5000
		ub :    395.4646    455.1908    114.9309
		lb :    378.5354    438.8092    104.0691
		A:
			    -0.0500    -0.1863    0.9812
			    -0.6834    -0.0450    0.7286
			    -0.5783    -0.7198    0.3839
			    0.1043    0.7621    -0.6390
			    0.5229    0.7852    -0.3318
			    -0.0398    0.9913    0.1257
			    0.3797    0.7640    0.5216
			    0.2748    0.4452    -0.8522
			    -0.8834    0.4669    -0.0409
			    -0.3797    -0.7640    -0.5216
			    -0.2748    -0.4452    0.8522
			    0.8834    -0.4669    0.0409
		b:
			    8.1734
			    -200.4524
			    -499.6565
			    314.6562
			    520.9176
			    446.6862
			    550.5740
			    215.0664
			    -131.1412
			    -540.5740
			    -209.0664
			    144.1412
	==================================================================================
	Q6:
		Shape: Hybrid
		q_c:    401.0000    465.0000    96.5000
		ub :    404.8125    469.9031    101.8299
		lb :    397.1875    460.0969    91.1701
		P^-1: 
			    0.6198    0.3925    0.2271
			    0.3925    0.3527    0.1750
			    0.2271    0.1750    0.1716
		A:
			    -0.4786    -0.7488    -0.4584
			    -0.7337    -0.5104    -0.4485
			    0.6208    0.4156    0.6648
			    -0.8616    0.0871    -0.5001
			    -0.5914    -0.1349    -0.7950
			    -0.9517    -0.1669    -0.2578
		b:
			    -583.2842
			    -574.2247
			    507.5371
			    -351.1537
			    -374.5658
			    -482.8005


===========================================================================================
===========================================================================================
S4:
	q_c:    328.0000    49.0000    347.5000
	ub :    356.0000    57.0000    378.0000
	lb :    300.0000    41.0000    317.0000

	==================================================================================
	Q1:
		Shape: Ellipse
		q_c:    325.0000    49.5000    349.0000
		ub :    329.3512    54.9897    354.0090
		lb :    320.6488    44.0103    343.9910
		P^-1: 
			    0.5510    0.2108    0.4240
			    0.2108    0.1541    0.1611
			    0.4240    0.1611    0.4259
	==================================================================================
	Q2:
		Shape: Polyhedra
		q_c:    330.0000    56.0000    346.0000
		ub :    333.5577    60.6129    349.0217
		lb :    326.4423    51.3871    342.9783
		A:
			    0.1003    0.0324    -0.9944
			    0.4398    0.5446    -0.7141
			    -0.1555    0.5692    0.8073
			    -0.8660    -0.2978    0.4016
			    -0.3690    -0.7081    0.6020
			    0.7548    0.1960    0.6260
			    0.8950    0.2257    0.3847
			    0.3290    -0.9165    -0.2276
			    0.3011    0.3303    -0.8946
			    -0.8950    -0.2257    -0.3847
			    -0.3290    0.9165    0.2276
			    -0.3011    -0.3303    0.8946
		b:
			    -307.4009
			    -69.7712
			    263.1212
			    -161.7040
			    48.9709
			    478.6386
			    443.0918
			    -17.5218
			    -190.1426
			    -439.0918
			    25.5218
			    193.1426
	==================================================================================
	Q3:
		Shape: Ellipse
		q_c:    329.0000    52.0000    355.0000
		ub :    335.3615    57.1580    360.7602
		lb :    322.6385    46.8420    349.2398
		P^-1: 
			    0.0664    0.0075    -0.0019
			    0.0075    0.0767    -0.0037
			    -0.0019    -0.0037    0.0634
	==================================================================================
	Q4:
		Shape: Polyhedra
		q_c:    322.0000    45.0000    355.5000
		ub :    325.5348    48.8167    359.3537
		lb :    318.4652    41.1833    351.6463
		A:
			    0.8270    -0.4220    -0.3714
			    -0.4335    -0.5416    -0.7202
			    0.6326    0.2550    0.7313
			    0.2053    -0.8363    -0.5083
			    -0.2714    -0.6779    -0.6832
			    0.4850    0.6782    -0.5522
			    0.0539    0.6509    0.7572
			    -0.1560    0.7545    -0.6375
			    -0.9863    -0.0838    0.1423
			    -0.0539    -0.6509    -0.7572
			    0.1560    -0.7545    0.6375
			    0.9863    0.0838    -0.1423
		b:
			    118.0659
			    -417.8084
			    477.6330
			    -150.0553
			    -358.7166
			    -6.6255
			    317.8401
			    -239.9250
			    -267.7798
			    -313.8401
			    245.9250
			    273.7798
	==================================================================================
	Q5:
		Shape: Polyhedra
		q_c:    327.0000    43.0000    352.0000
		ub :    331.1597    46.8160    356.1867
		lb :    322.8403    39.1840    347.8133
		A:
			    0.6954    -0.4408    -0.5675
			    -0.3668    -0.8371    0.4058
			    -0.0344    -0.3926    0.9191
			    0.6680    -0.5943    -0.4479
			    0.5275    0.6303    0.5696
			    -0.6824    0.7255    0.0896
			    0.5536    0.6095    0.5674
			    0.7143    0.0028    -0.6998
			    -0.4282    0.7927    -0.4339
			    -0.5536    -0.6095    -0.5674
			    -0.7143    -0.0028    0.6998
			    0.4282    -0.7927    0.4339
		b:
			    10.8122
			    -10.5993
			    297.7001
			    37.4479
			    403.0859
			    -158.0302
			    409.9739
			    -10.6459
			    -256.1394
			    -403.9739
			    14.6459
			    261.1394
	==================================================================================
	Q6:
		Shape: Ellipse
		q_c:    335.0000    52.0000    346.0000
		ub :    338.6554    56.4239    349.5445
		lb :    331.3446    47.5761    342.4555
		P^-1: 
			    0.1102    -0.0051    0.0009
			    -0.0051    0.0834    0.0047
			    0.0009    0.0047    0.1103


===========================================================================================
===========================================================================================
S5:
	q_c:    362.5000    502.5000    483.0000
	ub :    387.0000    505.0000    510.0000
	lb :    338.0000    500.0000    456.0000

	==================================================================================
	Q1:
		Shape: Hybrid
		q_c:    360.5000    501.5000    486.0000
		ub :    363.3995    503.9089    488.7617
		lb :    357.6005    499.0911    483.2383
		P^-1: 
			    0.3535    0.1793    0.1864
			    0.1793    0.5607    0.3230
			    0.1864    0.3230    0.5858
		A:
			    0.5780    -0.0147    0.8159
			    -0.1779    0.7948    0.5802
			    0.6284    0.5931    0.5033
			    0.0931    -0.8349    -0.5425
			    -0.6124    -0.2146    -0.7609
			    0.3988    0.9093    0.1187
		b:
			    598.5396
			    617.3385
			    769.2256
			    -647.9494
			    -697.3528
			    658.4136
	==================================================================================
	Q2:
		Shape: Polyhedra
		q_c:    361.0000    503.5000    481.0000
		ub :    363.6878    506.5555    483.6548
		lb :    358.3122    500.4445    478.3452
		A:
			    0.5628    -0.1318    0.8160
			    -0.6203    -0.7722    0.1377
			    0.0435    0.2575    -0.9653
			    -0.2592    0.9220    0.2877
			    0.3450    0.8915    -0.2935
			    0.4920    -0.3404    0.8013
			    0.0124    0.5062    0.8623
			    -0.4336    0.7798    -0.4515
			    -0.9010    -0.3683    0.2291
			    -0.0124    -0.5062    -0.8623
			    0.4336    -0.7798    0.4515
			    0.9010    0.3683    -0.2291
		b:
			    531.1084
			    -544.5433
			    -317.1951
			    510.7896
			    434.2435
			    393.5366
			    675.6260
			    20.9506
			    -398.4863
			    -672.6260
			    -16.9506
			    402.4863
	==================================================================================
	Q3:
		Shape: Ellipse
		q_c:    365.0000    504.5000    485.5000
		ub :    367.3948    507.8836    488.9973
		lb :    362.6052    501.1164    482.0027
		P^-1: 
			    0.4167    0.0183    -0.0684
			    0.0183    0.2043    -0.0536
			    -0.0684    -0.0536    0.2334
	==================================================================================
	Q4:
		Shape: Hybrid
		q_c:    362.0000    504.0000    481.0000
		ub :    365.0618    506.5432    483.3465
		lb :    358.9382    501.4568    478.6535
		P^-1: 
			    0.3659    0.3140    -0.0463
			    0.3140    0.7085    -0.2290
			    -0.0463    -0.2290    0.5300
		A:
			    0.8632    -0.4922    -0.1126
			    0.2991    0.9286    -0.2194
			    -0.7946    -0.1024    -0.5985
			    0.2544    -0.6125    0.7484
			    -0.2104    -0.0695    -0.9751
			    -0.1064    -0.7404    -0.6637
		b:
			    12.2237
			    471.4037
			    -625.9163
			    144.3756
			    -579.2720
			    -729.6768
	==================================================================================
	Q5:
		Shape: Hybrid
		q_c:    362.5000    501.0000    482.0000
		ub :    365.1199    503.6847    484.0050
		lb :    359.8801    498.3153    479.9950
		P^-1: 
			    0.5274    -0.2332    -0.2367
			    -0.2332    0.4543    0.1528
			    -0.2367    0.1528    0.7128
		A:
			    0.6483    0.2429    -0.7216
			    -0.4940    -0.5230    0.6946
			    -0.1245    -0.0551    -0.9907
			    -0.2091    0.5550    0.8051
			    -0.1300    0.5060    0.8527
			    -0.9687    -0.2303    -0.0921
		b:
			    9.8187
			    -105.2120
			    -549.4234
			    591.0273
			    618.1100
			    -509.6573
	==================================================================================
	Q6:
		Shape: Polyhedra
		q_c:    360.5000    504.0000    483.0000
		ub :    362.0596    505.8029    484.7992
		lb :    358.9404    502.1971    481.2008
		A:
			    0.7400    0.0378    0.6716
			    -0.4992    -0.1658    0.8504
			    0.5177    0.7893    0.3301
			    0.4504    0.6973    0.5577
			    0.2589    0.4823    -0.8369
			    0.8039    -0.3758    0.4610
			    0.3630    0.4160    0.8338
			    -0.1896    0.9091    -0.3711
			    -0.9123    -0.0233    0.4089
			    -0.3630    -0.4160    -0.8338
			    0.1896    -0.9091    0.3711
			    0.9123    0.0233    -0.4089
		b:
			    611.2611
			    148.2915
			    745.0204
			    784.2022
			    -66.5203
			    324.2988
			    744.2468
			    212.0999
			    -142.1684
			    -742.2468
			    -209.0999
			    144.1684


===========================================================================================
===========================================================================================
S6:
	q_c:    194.0000    119.5000    305.5000
	ub :    210.0000    142.0000    334.0000
	lb :    178.0000    97.0000    277.0000

	==================================================================================
	Q1:
		Shape: Hybrid
		q_c:    200.0000    118.0000    305.5000
		ub :    206.4132    126.1539    315.3460
		lb :    193.5868    109.8461    295.6540
		P^-1: 
			    0.1043    -0.0677    -0.0097
			    -0.0677    0.0749    0.0089
			    -0.0097    0.0089    0.0136
		A:
			    -0.7583    0.5264    0.3844
			    -0.9423    0.3130    0.1192
			    -0.9422    0.3090    0.1293
			    0.2769    -0.8317    -0.4812
			    -0.5058    0.8623    -0.0259
			    -0.0770    -0.9801    -0.1831
		b:
			    30.2942
			    -112.9366
			    -110.3022
			    -185.7799
			    -4.9940
			    -182.3003
	==================================================================================
	Q2:
		Shape: Polyhedra
		q_c:    202.5000    106.0000    316.5000
		ub :    210.1956    112.4418    323.2790
		lb :    194.8044    99.5582    309.7210
		A:
			    -0.1214    -0.4086    -0.9046
			    0.6341    -0.7621    -0.1310
			    -0.1282    0.0189    0.9916
			    -0.6690    -0.4943    0.5551
			    -0.9763    -0.1984    -0.0867
			    0.3466    -0.9316    0.1093
			    0.4783    0.8566    0.1937
			    0.5582    -0.1262    -0.8201
			    -0.6780    0.5003    -0.5385
			    -0.4783    -0.8566    -0.1937
			    -0.5582    0.1262    0.8201
			    0.6780    -0.5003    0.5385
		b:
			    -350.2727
			    11.1785
			    293.9644
			    -8.6617
			    -241.5646
			    11.1297
			    252.4502
			    -156.4073
			    -248.6919
			    -245.4502
			    163.4073
			    260.6919
	==================================================================================
	Q3:
		Shape: Polyhedra
		q_c:    198.0000    110.0000    291.5000
		ub :    203.9712    117.3192    298.5519
		lb :    192.0288    102.6808    284.4481
		A:
			    -0.2184    -0.2149    -0.9519
			    0.9129    -0.0937    0.3972
			    -0.7532    0.5899    -0.2910
			    0.6337    -0.1010    0.7669
			    -0.8618    0.1859    -0.4720
			    -0.8496    0.4934    0.1863
			    0.0770    0.5765    0.8134
			    0.6346    0.6009    -0.4860
			    -0.7690    0.5537    -0.3196
			    -0.0770    -0.5765    -0.8134
			    -0.6346    -0.6009    0.4860
			    0.7690    -0.5537    0.3196
		b:
			    -340.4226
			    289.3315
			    -167.0598
			    340.8605
			    -285.1097
			    -56.5081
			    319.7874
			    56.5873
			    -182.5152
			    -311.7874
			    -43.5873
			    186.5152
	==================================================================================
	Q4:
		Shape: Hybrid
		q_c:    185.5000    123.0000    288.5000
		ub :    194.6510    130.3299    296.7732
		lb :    176.3490    115.6701    280.2268
		P^-1: 
			    0.0165    0.0014    -0.0035
			    0.0014    0.0329    0.0003
			    -0.0035    0.0003    0.0323
		A:
			    -0.1172    -0.8771    0.4659
			    0.7648    0.5506    -0.3347
			    0.2499    0.2985    0.9211
			    0.3820    0.9157    0.1250
			    0.4351    -0.2126    -0.8749
			    -0.2453    0.9065    0.3437
		b:
			    7.5402
			    116.8942
			    352.0542
			    222.6121
			    -194.9096
			    168.0838
	==================================================================================
	Q5:
		Shape: Polyhedra
		q_c:    200.5000    125.0000    309.0000
		ub :    206.1927    132.3841    317.7732
		lb :    194.8073    117.6159    300.2268
		A:
			    -0.8767    -0.0447    0.4789
			    -0.3455    -0.8389    0.4207
			    0.5658    0.8116    0.1456
			    -0.7710    -0.6301    -0.0926
			    -0.6390    -0.7629    -0.0986
			    0.9486    0.3041    0.0880
			    0.1923    0.7971    0.5725
			    -0.2234    0.6036    -0.7654
			    -0.9556    0.0193    0.2941
			    -0.1923    -0.7971    -0.5725
			    0.2234    -0.6036    0.7654
			    0.9556    -0.0193    -0.2941
		b:
			    -29.6389
			    -38.0438
			    263.7502
			    -258.3510
			    -250.0817
			    258.9589
			    318.5751
			    -198.3351
			    -94.8149
			    -311.5751
			    213.3351
			    101.8149
	==================================================================================
	Q6:
		Shape: Polyhedra
		q_c:    205.0000    122.0000    300.0000
		ub :    214.5284    131.2357    307.2929
		lb :    195.4716    112.7643    292.7071
		A:
			    0.2840    0.1425    -0.9482
			    0.7836    -0.5566    -0.2761
			    0.5583    -0.5663    0.6063
			    0.8681    -0.3698    0.3313
			    -0.1959    -0.2022    0.9596
			    -0.0025    0.9002    -0.4354
			    0.7904    0.5084    0.3416
			    -0.0056    -0.5517    0.8340
			    0.6125    -0.6611    -0.4333
			    -0.7904    -0.5084    -0.3416
			    0.0056    0.5517    -0.8340
			    -0.6125    0.6611    0.4333
		b:
			    -204.9829
			    16.3970
			    231.6344
			    238.2757
			    226.5578
			    -17.2860
			    333.5600
			    184.2445
			    -78.5675
			    -319.5600
			    -179.2445
			    91.5675


===========================================================================================
===========================================================================================
S7:
	q_c:    181.0000    127.5000    110.5000
	ub :    208.0000    138.0000    131.0000
	lb :    154.0000    117.0000    90.0000

	==================================================================================
	Q1:
		Shape: Polyhedra
		q_c:    173.0000    122.0000    120.5000
		ub :    179.0047    128.0129    127.2171
		lb :    166.9953    115.9871    113.7829
		A:
			    -0.2832    0.9568    -0.0656
			    -0.7996    -0.2079    -0.5635
			    -0.7316    0.0523    -0.6797
			    0.1929    0.4433    0.8754
			    0.5272    -0.6757    -0.5153
			    0.6706    0.7296    0.1339
			    0.2680    0.8998    0.3444
			    -0.2756    0.4141    -0.8675
			    -0.9232    0.1376    0.3589
			    -0.2680    -0.8998    -0.3444
			    0.2756    -0.4141    0.8675
			    0.9232    -0.1376    -0.3589
		b:
			    63.9713
			    -227.3843
			    -197.7514
			    197.1491
			    -49.3239
			    225.1685
			    201.6326
			    -97.1855
			    -95.6728
			    -193.6326
			    106.1855
			    103.6728
	==================================================================================
	Q2:
		Shape: Hybrid
		q_c:    189.5000    129.5000    109.5000
		ub :    194.6153    136.2190    116.2083
		lb :    184.3847    122.7810    102.7917
		P^-1: 
			    0.1268    0.0383    0.0274
			    0.0383    0.0669    0.0263
			    0.0274    0.0263    0.0687
		A:
			    -0.8734    0.1322    -0.4686
			    0.2094    -0.7653    -0.6086
			    -0.9431    0.1142    -0.3124
			    0.9370    -0.0659    0.3431
			    0.0162    0.7905    0.6123
			    0.4762    0.5181    -0.7105
		b:
			    -197.5304
			    -123.4140
			    -196.0848
			    208.5401
			    174.8747
			    82.7233
	==================================================================================
	Q3:
		Shape: Polyhedra
		q_c:    183.0000    125.0000    109.0000
		ub :    189.0416    131.3787    114.6352
		lb :    176.9584    118.6213    103.3648
		A:
			    0.6194    -0.0466    -0.7837
			    0.4036    -0.4182    -0.8137
			    -0.0061    0.9807    0.1954
			    0.1850    -0.7674    0.6140
			    -0.8895    -0.0165    0.4566
			    -0.4483    0.7428    -0.4973
			    0.3089    0.8161    0.4885
			    -0.0956    0.5377    -0.8377
			    -0.9463    0.2120    0.2441
			    -0.3089    -0.8161    -0.4885
			    0.0956    -0.5377    0.8377
			    0.9463    -0.2120    -0.2441
		b:
			    26.0985
			    -62.6937
			    147.4746
			    7.6966
			    -110.7158
			    -40.2042
			    216.7764
			    -39.0998
			    -115.5633
			    -206.7764
			    44.0998
			    124.5633
	==================================================================================
	Q4:
		Shape: Hybrid
		q_c:    183.5000    118.5000    118.0000
		ub :    188.9480    124.1645    123.4848
		lb :    178.0520    112.8355    112.5152
		P^-1: 
			    0.0971    -0.0139    -0.0047
			    -0.0139    0.0942    0.0043
			    -0.0047    0.0043    0.0831
		A:
			    -0.1993    0.0540    0.9784
			    0.8507    0.5065    -0.1406
			    0.5336    -0.4253    0.7310
			    0.0298    0.1297    -0.9911
			    0.8504    0.4175    0.3202
			    0.6102    -0.6405    0.4663
		b:
			    87.2094
			    201.4807
			    135.6668
			    -94.1191
			    245.2728
			    92.8022
	==================================================================================
	Q5:
		Shape: Ellipse
		q_c:    175.0000    128.5000    111.0000
		ub :    179.3203    134.8252    115.3761
		lb :    170.6797    122.1748    106.6239
		P^-1: 
			    0.6845    0.1905    -0.3969
			    0.1905    0.0966    -0.0897
			    -0.3969    -0.0897    0.3631
	==================================================================================
	Q6:
		Shape: Hybrid
		q_c:    183.0000    117.5000    113.0000
		ub :    188.9688    122.7089    118.8663
		lb :    177.0312    112.2911    107.1337
		P^-1: 
			    0.0738    0.0042    0.0168
			    0.0042    0.0916    0.0142
			    0.0168    0.0142    0.0899
		A:
			    0.7814    -0.4701    -0.4103
			    0.3724    0.8434    -0.3873
			    -0.7082    0.6986    -0.1019
			    -0.1037    0.0576    0.9929
			    0.7358    -0.0234    0.6768
			    0.5498    0.7127    0.4357
		b:
			    43.6691
			    125.6588
			    -56.9576
			    101.9833
			    210.1297
			    235.2019


===========================================================================================
===========================================================================================
S8:
	q_c:    282.5000    379.5000    326.5000
	ub :    295.0000    390.0000    340.0000
	lb :    270.0000    369.0000    313.0000

	==================================================================================
	Q1:
		Shape: Hybrid
		q_c:    280.0000    375.5000    317.0000
		ub :    285.1688    379.7052    322.0034
		lb :    274.8312    371.2948    311.9966
		P^-1: 
			    0.1004    0.0241    -0.0045
			    0.0241    0.1413    0.0228
			    -0.0045    0.0228    0.1110
		A:
			    0.0053    -0.0516    -0.9987
			    0.6711    0.7354    -0.0936
			    0.1760    0.8324    0.5254
			    -0.9210    0.0194    0.3891
			    -0.5746    0.6332    0.5185
			    0.3228    0.1420    0.9358
		b:
			    -332.6851
			    435.8065
			    529.6865
			    -125.3549
			    242.9935
			    442.1314
	==================================================================================
	Q2:
		Shape: Hybrid
		q_c:    285.0000    374.5000    325.5000
		ub :    290.6692    380.4578    331.9613
		lb :    279.3308    368.5422    319.0387
		P^-1: 
			    0.0709    0.0035    0.0088
			    0.0035    0.0639    0.0037
			    0.0088    0.0037    0.0718
		A:
			    0.7514    -0.6269    0.2058
			    -0.9917    -0.0109    -0.1284
			    -0.0565    -0.9889    -0.1377
			    -0.6530    0.2524    -0.7141
			    0.2612    -0.4800    -0.8375
			    0.4719    -0.8640    -0.1756
		b:
			    48.5342
			    -326.5074
			    -429.0713
			    -322.1312
			    -375.7946
			    -243.9782
	==================================================================================
	Q3:
		Shape: Polyhedra
		q_c:    283.0000    375.0000    321.0000
		ub :    287.6416    379.8461    324.7070
		lb :    278.3584    370.1539    317.2930
		A:
			    0.6301    0.1588    -0.7601
			    0.6092    0.0539    -0.7912
			    0.5913    0.6756    -0.4403
			    -0.5831    0.5085    0.6336
			    0.5975    0.3885    -0.7014
			    0.6214    0.3337    -0.7089
			    0.6400    0.3437    0.6872
			    -0.6495    -0.2358    0.7228
			    0.4105    -0.9090    0.0723
			    -0.6400    -0.3437    -0.6872
			    0.6495    0.2358    -0.7228
			    -0.4105    0.9090    -0.0723
		b:
			    -5.4998
			    -60.4009
			    281.3838
			    231.5842
			    90.3803
			    74.0435
			    535.1097
			    -39.7191
			    -197.9715
			    -526.1097
			    40.7191
			    204.9715
	==================================================================================
	Q4:
		Shape: Polyhedra
		q_c:    288.5000    382.5000    332.0000
		ub :    292.3291    387.4017    336.7868
		lb :    284.6709    377.5983    327.2132
		A:
			    0.5903    0.2028    0.7813
			    -0.0178    -0.8944    0.4468
			    0.6918    0.1427    0.7078
			    -0.1003    -0.9599    -0.2619
			    -0.8467    0.3690    0.3833
			    -0.0274    -0.9853    -0.1686
			    0.0387    0.6551    0.7546
			    0.5337    0.6249    -0.5698
			    -0.8448    0.4248    -0.3255
			    -0.0387    -0.6551    -0.7546
			    -0.5337    -0.6249    0.5698
			    0.8448    -0.4248    0.3255
		b:
			    510.0367
			    -196.0150
			    491.8853
			    -480.0547
			    26.8732
			    -437.8063
			    515.2387
			    206.8134
			    -186.7989
			    -509.2387
			    -200.8134
			    191.7989
	==================================================================================
	Q5:
		Shape: Ellipse
		q_c:    283.0000    374.0000    334.0000
		ub :    285.3864    377.5610    336.9551
		lb :    280.6136    370.4390    331.0449
		P^-1: 
			    0.4018    0.0053    0.1014
			    0.0053    0.0818    0.0034
			    0.1014    0.0034    0.2025
	==================================================================================
	Q6:
		Shape: Ellipse
		q_c:    290.0000    384.0000    338.0000
		ub :    294.3695    388.8283    342.7598
		lb :    285.6305    379.1717    333.2402
		P^-1: 
			    0.1288    0.0294    -0.0246
			    0.0294    0.1322    0.0232
			    -0.0246    0.0232    0.1406


===========================================================================================
===========================================================================================
S9:
	q_c:    379.5000    464.0000    391.0000
	ub :    405.0000    479.0000    421.0000
	lb :    354.0000    449.0000    361.0000

	==================================================================================
	Q1:
		Shape: Hybrid
		q_c:    370.5000    455.0000    401.5000
		ub :    380.7253    463.5467    410.7119
		lb :    360.2747    446.4533    392.2881
		P^-1: 
			    0.0354    0.0092    -0.0207
			    0.0092    0.0342    0.0059
			    -0.0207    0.0059    0.0467
		A:
			    -0.5483    -0.2644    0.7934
			    -0.8274    0.5515    0.1064
			    -0.4410    0.6816    0.5839
			    0.4812    0.8531    0.2018
			    0.4665    0.6999    0.5409
			    -0.6141    -0.6152    -0.4944
		b:
			    -2.6605
			    -7.7141
			    384.2262
			    650.4266
			    711.8061
			    -702.2057
	==================================================================================
	Q2:
		Shape: Polyhedra
		q_c:    373.5000    469.0000    384.0000
		ub :    385.2564    480.0907    395.1784
		lb :    361.7436    457.9093    372.8216
		A:
			    0.5690    -0.4588    0.6824
			    -0.0602    -0.5867    0.8076
			    -0.4798    -0.3589    0.8006
			    0.7380    -0.2753    -0.6161
			    0.5647    -0.2378    -0.7903
			    0.3170    -0.7863    -0.5303
			    0.4471    0.2135    0.8687
			    0.3489    -0.9358    0.0504
			    0.8237    0.2805    -0.4928
			    -0.4471    -0.2135    -0.8687
			    -0.3489    0.9358    -0.0504
			    -0.8237    -0.2805    0.4928
		b:
			    268.0043
			    20.1442
			    -33.4509
			    -83.3280
			    -196.9921
			    -445.9529
			    609.6598
			    -281.2362
			    255.9389
			    -591.6598
			    297.2362
			    -243.9389
	==================================================================================
	Q3:
		Shape: Hybrid
		q_c:    394.0000    463.5000    385.0000
		ub :    399.7902    469.6999    392.1688
		lb :    388.2098    457.3001    377.8312
		P^-1: 
			    0.1257    -0.0431    -0.0319
			    -0.0431    0.0819    0.0042
			    -0.0319    0.0042    0.0480
		A:
			    -0.7002    0.3794    0.6049
			    0.8136    0.4348    -0.3861
			    0.5314    -0.6012    0.5968
			    -0.6814    0.2237    0.6969
			    0.9417    -0.2757    -0.1929
			    0.4766    0.0085    -0.8791
		b:
			    134.6158
			    375.7978
			    163.3532
			    105.5322
			    170.3886
			    -143.9617
	==================================================================================
	Q4:
		Shape: Hybrid
		q_c:    367.0000    479.0000    388.0000
		ub :    376.1161    488.6961    395.2081
		lb :    357.8839    469.3039    380.7919
		P^-1: 
			    0.0334    0.0016    -0.0112
			    0.0016    0.0284    0.0123
			    -0.0112    0.0123    0.0542
		A:
			    0.4589    0.3697    -0.8079
			    0.9774    0.0524    0.2046
			    -0.8852    -0.4336    0.1686
			    0.5609    0.7848    -0.2637
			    -0.0291    0.1921    0.9809
			    0.6487    -0.5592    -0.5162
		b:
			    35.0343
			    467.1052
			    -463.7363
			    483.2382
			    464.2874
			    -227.0950
	==================================================================================
	Q5:
		Shape: Hybrid
		q_c:    369.0000    451.5000    402.5000
		ub :    379.0278    462.3454    411.9455
		lb :    358.9722    440.6546    393.0545
		P^-1: 
			    0.0495    0.0083    0.0286
			    0.0083    0.0200    -0.0069
			    0.0286    -0.0069    0.0562
		A:
			    0.1115    -0.4593    0.8813
			    -0.7668    -0.6404    -0.0424
			    -0.1765    -0.5646    0.8063
			    -0.8155    0.2086    -0.5398
			    0.7216    0.5360    0.4381
			    -0.0690    0.6453    -0.7608
		b:
			    191.2729
			    -585.8398
			    7.8330
			    -421.2165
			    687.5928
			    -36.9825
	==================================================================================
	Q6:
		Shape: Ellipse
		q_c:    368.0000    452.5000    393.5000
		ub :    376.6278    461.0959    399.3200
		lb :    359.3722    443.9041    387.6800
		P^-1: 
			    0.0430    0.0202    0.0103
			    0.0202    0.0448    0.0124
			    0.0103    0.0124    0.0669


===========================================================================================
===========================================================================================
S10:
	q_c:    309.0000    440.0000    482.5000
	ub :    326.0000    444.0000    513.0000
	lb :    292.0000    436.0000    452.0000

	==================================================================================
	Q1:
		Shape: Polyhedra
		q_c:    306.5000    439.5000    485.0000
		ub :    308.8069    441.7733    487.4756
		lb :    304.1931    437.2267    482.5244
		A:
			    0.8531    0.3154    -0.4157
			    -0.7976    0.0255    -0.6026
			    0.2871    -0.2458    0.9258
			    -0.5995    0.7915    -0.1192
			    0.9815    0.1693    0.0888
			    0.4619    0.5661    -0.6827
			    0.3506    0.8382    0.4177
			    -0.8871    0.1542    0.4351
			    0.3002    -0.5231    0.7976
			    -0.3506    -0.8382    -0.4177
			    0.8871    -0.1542    -0.4351
			    -0.3002    0.5231    -0.7976
		b:
			    199.9875
			    -524.0425
			    430.4791
			    107.7847
			    419.8541
			    60.7865
			    679.9496
			    8.4088
			    250.4697
			    -676.9496
			    -5.4088
			    -247.4697
	==================================================================================
	Q2:
		Shape: Hybrid
		q_c:    311.0000    438.0000    480.5000
		ub :    313.9768    440.8143    482.8029
		lb :    308.0232    435.1857    478.1971
		P^-1: 
			    0.2500    -0.0000    0.0000
			    -0.0000    0.2500    -0.0000
			    0.0000    -0.0000    0.2500
		A:
			    -0.1805    -0.9642    0.1940
			    0.8761    0.4822    -0.0016
			    0.7156    -0.6438    -0.2712
			    0.0541    -0.6967    -0.7154
			    -0.3872    0.2132    -0.8970
			    -0.7123    -0.6973    -0.0804
		b:
			    -384.2534
			    483.8777
			    -188.7221
			    -631.0443
			    -457.0377
			    -564.5622
	==================================================================================
	Q3:
		Shape: Hybrid
		q_c:    308.5000    438.5000    482.5000
		ub :    311.9012    441.8589    484.5729
		lb :    305.0988    435.1411    480.4271
		P^-1: 
			    0.2121    -0.0372    -0.0486
			    -0.0372    0.2135    -0.0429
			    -0.0486    -0.0429    0.4288
		A:
			    0.3744    0.5572    0.7412
			    0.5103    -0.4078    -0.7572
			    -0.3801    0.7702    0.5121
			    0.0451    -0.4108    0.9106
			    -0.0939    0.8640    -0.4946
