3D_35_12_6_e                l = 3

===========================================================================================
===========================================================================================
S1:
	q_c:	493.5	209.0	113.5
	ub :	522.0027	229.1548	131.8284
	lb :	485.9836	180.9342	90.5572

	==================================================================================
	Q1:
		Shape: Hybrid
		q_c:	511.5	194.5	121.5
		ub :	522.0027	204.4274	131.8284
		lb :	500.9973	184.5726	111.1716
		P^-1:
			0.0241	-0.002	-0.0006
			-0.002	0.0263	-0.0018
			-0.0006	-0.0018	0.0215
		A:
			0.6096	0.7096	-0.3533
			0.7746	0.4935	-0.3956
			-0.2296	-0.3238	-0.9178
			-0.64	-0.443	0.6278
			0.7736	-0.4655	-0.43
			0.2599	-0.4306	-0.8643
		b:
			410.3286
			447.6168
			-287.9562
			-333.7882
			256.2163
			-52.0536
	==================================================================================
	Q2:
		Shape: Hybrid
		q_c:	503.5	211.0	110.5
		ub :	512.2624	222.3024	121.5509
		lb :	494.7376	199.6976	99.4491
		P^-1:
			0.0299	0.0083	0.0052
			0.0083	0.0267	0.0065
			0.0052	0.0065	0.0194
		A:
			0.4754	0.4291	-0.768
			-0.6761	-0.339	0.6542
			-0.6087	0.3363	0.7186
			-0.5767	-0.1784	-0.7972
			0.6695	0.1584	-0.7257
			0.7545	0.1638	0.6355
		b:
			250.2023
			-334.8771
			-151.3921
			-412.4134
			295.2701
			488.0574
	==================================================================================
	Q3:
		Shape: Hybrid
		q_c:	499.5	215.0	98.0
		ub :	508.7467	224.6218	104.6744
		lb :	490.2533	205.3782	91.3256
		P^-1:
			0.0316	-0.0031	0.01
			-0.0031	0.0276	0.0104
			0.01	0.0104	0.0567
		A:
			0.9266	0.2781	0.253
			0.3888	0.0443	-0.9203
			-0.9015	-0.0251	-0.432
			0.2526	0.7351	-0.6291
			0.6234	-0.7296	-0.2812
			-0.9447	-0.1109	-0.3088
		b:
			551.1755
			116.8925
			-494.9131
			227.286
			130.3645
			-522.4895
	==================================================================================
	Q4:
		Shape: Ellipse
		q_c:	497.0	193.5	103.5
		ub :	508.0164	206.0658	116.4428
		lb :	485.9836	180.9342	90.5572
		P^-1:
			0.0368	0.0002	0.0179
			0.0002	0.0121	0.0008
			0.0179	0.0008	0.0239
	==================================================================================
	Q5:
		Shape: Ellipse
		q_c:	513.5	223.0	125.0
		ub :	520.5177	229.1548	131.4143
		lb :	506.4823	216.8452	118.5857
		P^-1:
			0.0964	0.0631	-0.0164
			0.0631	0.0866	-0.0183
			-0.0164	-0.0183	0.0448
	==================================================================================
	Q6:
		Shape: Hybrid
		q_c:	509.5	203.0	110.5
		ub :	519.4043	213.4423	119.2034
		lb :	499.5957	192.5577	101.7966
		P^-1:
			0.0273	-0.0	-0.0053
			-0.0	0.0287	-0.0079
			-0.0053	-0.0079	0.0322
		A:
			-0.8923	-0.0602	-0.4474
			-0.0564	-0.5555	-0.8296
			-0.8622	0.1716	-0.4767
			-0.4125	0.0732	0.908
			-0.4877	0.3484	-0.8005
			0.9381	0.2948	-0.1818
		b:
			-512.198
			-228.9877
			-453.2429
			-91.8878
			-262.8067
			521.1752


===========================================================================================
===========================================================================================
S2:
	q_c:	477.5	193.5	109.5
	ub :	486.5343	202.7942	119.6884
	lb :	469.7085	188.944	105.0438

	==================================================================================
	Q1:
		Shape: Polyhedra
		q_c:	482.0	193.5	108.5
		ub :	483.6754	195.2327	110.1172
		lb :	480.3246	191.7673	106.8828
		A:
			0.6832	0.3759	0.6261
			0.819	0.3225	-0.4746
			0.9616	-0.2105	-0.1761
			0.8132	-0.2646	0.5183
			-0.0582	0.4803	0.8752
			0.0782	0.8449	-0.5292
			0.1924	0.9705	0.1454
			0.7202	-0.039	-0.6927
			-0.6666	0.238	-0.7064
			-0.1924	-0.9705	-0.1454
			-0.7202	0.039	0.6927
			0.6666	-0.238	0.7064
		b:
			471.1494
			406.7576
			404.66
			398.0034
			161.0297
			145.0548
			297.8039
			265.4039
			-350.8993
			-294.8039
			-263.4039
			352.8993
	==================================================================================
	Q2:
		Shape: Hybrid
		q_c:	473.5	193.0	115.5
		ub :	477.2915	197.056	119.6884
		lb :	469.7085	188.944	111.3116
		P^-1:
			0.1176	0.0194	0.0238
			0.0194	0.1273	0.0723
			0.0238	0.0723	0.1978
		A:
			0.6206	0.7286	0.29
			0.0681	0.0176	-0.9975
			0.1693	-0.8055	-0.5679
			-0.3128	-0.8408	-0.4417
			-0.6883	0.5446	-0.4792
			-0.8947	0.0351	0.4454
		b:
			469.5248
			-77.9769
			-139.4317
			-360.0052
			-273.8827
			-363.4383
	==================================================================================
	Q3:
		Shape: Polyhedra
		q_c:	483.0	194.5	109.0
		ub :	486.5343	198.5261	112.9562
		lb :	479.4657	190.4739	105.0438
		A:
			0.4042	0.4235	0.8107
			-0.0792	-0.1493	0.9856
			0.4705	0.0865	-0.8782
			-0.793	-0.6091	-0.0127
			0.3193	-0.1825	-0.9299
			0.6529	-0.3093	0.6914
			0.5832	0.5056	0.6358
			0.7871	-0.5452	-0.2884
			0.2008	0.6687	-0.7159
			-0.5832	-0.5056	-0.6358
			-0.7871	0.5452	0.2884
			-0.2008	-0.6687	0.7159
		b:
			368.4711
			42.6017
			150.6853
			-500.4086
			19.6623
			332.9506
			451.8239
			244.6876
			151.5337
			-446.8239
			-240.6876
			-146.5337
	==================================================================================
	Q4:
		Shape: Hybrid
		q_c:	478.5	200.0	114.0
		ub :	480.9184	202.7942	116.9533
		lb :	476.0816	197.2058	111.0467
		P^-1:
			0.5992	0.2594	0.1128
			0.2594	0.5228	0.3146
			0.1128	0.3146	0.4825
		A:
			0.6064	0.7376	-0.2969
			0.9333	0.1432	-0.3294
			-0.4221	-0.8483	-0.3198
			-0.2075	-0.6196	-0.757
			0.3651	0.0843	0.9271
			0.165	0.6281	0.7604
		b:
			405.0628
			438.5747
			-407.3704
			-308.8914
			298.5052
			291.8907
	==================================================================================
	Q5:
		Shape: Polyhedra
		q_c:	478.0	192.0	109.5
		ub :	480.4898	194.8233	112.3956
		lb :	475.5102	189.1767	106.6044
		A:
			-0.7918	0.3115	0.5254
			0.7345	0.2332	-0.6372
			0.658	0.5686	-0.4937
			-0.8458	0.3859	0.3683
			0.4236	-0.405	-0.8103
			0.5855	0.261	0.7675
			0.3523	0.5191	0.7788
			-0.5866	0.7708	-0.2484
			-0.7292	-0.3693	0.576
			-0.3523	-0.5191	-0.7788
			0.5866	-0.7708	0.2484
			0.7292	0.3693	-0.576
		b:
			-259.7493
			327.1505
			370.6886
			-288.5433
			37.9135
			416.4229
			355.8201
			-158.1228
			-355.4038
			-350.8201
			161.1228
			357.4038
	==================================================================================
	Q6:
		Shape: Polyhedra
		q_c:	473.5	196.0	112.0
		ub :	475.5003	198.4378	114.7406
		lb :	471.4997	193.5622	109.2594
		A:
			-0.2999	0.1656	0.9395
			0.1733	0.5873	-0.7906
			0.4729	-0.5703	0.6717
			-0.8669	-0.4753	-0.15
			0.1237	0.5705	-0.812
			-0.7157	-0.0047	-0.6984
			0.1356	0.5173	0.845
			-0.9746	-0.0837	0.2076
			0.1782	-0.8517	0.4928
			-0.1356	-0.5173	-0.845
			0.9746	0.0837	-0.2076
			-0.1782	0.8517	-0.4928
		b:
			-2.4564
			110.2046
			188.9112
			-518.8184
			81.011
			-416.2622
			262.2147
			-453.1437
			-25.8804
			-258.2147
			456.1437
			28.8804


===========================================================================================
===========================================================================================
S3:
	q_c:	444.5	84.5	177.0
	ub :	457.0763	101.5942	195.5443
	lb :	426.5974	64.3701	165.562

	==================================================================================
	Q1:
		Shape: Hybrid
		q_c:	450.5	86.0	184.5
		ub :	455.1428	93.1499	191.9406
		lb :	445.8572	78.8501	177.0594
		P^-1:
			0.0622	0.0015	0.0024
			0.0015	0.0424	-0.008
			0.0024	-0.008	0.0403
		A:
			-0.7006	-0.2518	0.6676
			0.3405	0.7039	-0.6234
			0.7335	0.6718	-0.1036
			0.1359	-0.3705	0.9188
			0.5018	-0.3434	-0.7939
			0.1909	0.8836	0.4275
		b:
			-211.626
			101.3439
			371.4217
			201.5568
			53.2698
			244.1548
	==================================================================================
	Q2:
		Shape: Polyhedra
		q_c:	440.0	91.5	186.5
		ub :	448.1271	95.8761	195.5443
		lb :	431.8729	87.1239	177.4557
		A:
			-0.4302	-0.6919	0.5799
			0.231	-0.953	-0.1959
			-0.8828	0.0502	0.4671
			0.8264	-0.1709	-0.5365
			0.8573	-0.4452	-0.2584
			0.8486	-0.3547	-0.3925
			0.5908	0.0263	0.8064
			-0.7755	-0.2571	0.5766
			0.2225	-0.966	-0.1315
			-0.5908	-0.0263	-0.8064
			0.7755	0.2571	-0.5766
			-0.2225	0.966	0.1315
		b:
			-140.9468
			-18.6062
			-293.479
			251.0403
			292.2376
			271.1824
			421.2481
			-254.2318
			-11.5109
			-404.2481
			260.2318
			18.5109
	==================================================================================
	Q3:
		Shape: Polyhedra
		q_c:	448.5	73.0	188.5
		ub :	457.0763	81.6299	194.3061
		lb :	439.9237	64.3701	182.6939
		A:
			0.5013	-0.2096	-0.8395
			-0.9262	-0.363	0.1023
			0.2402	0.5492	-0.8004
			0.5247	0.3605	-0.7712
			-0.4069	0.0981	-0.9082
			0.6586	-0.5369	-0.5273
			0.5396	0.7799	0.3173
			0.2748	0.1931	-0.9419
			-0.7958	0.5954	-0.1101
			-0.5396	-0.7799	-0.3173
			-0.2748	-0.1931	0.9419
			0.7958	-0.5954	0.1101
		b:
			55.3116
			-417.105
			0.85
			120.1548
			-341.9625
			161.7382
			364.7394
			-36.7029
			-328.7204
			-352.7394
			43.7029
			339.7204
	==================================================================================
	Q4:
		Shape: Ellipse
		q_c:	432.5	95.5	171.5
		ub :	438.4026	101.5942	177.438
		lb :	426.5974	89.4058	165.562
		P^-1:
			0.0926	0.0123	0.0226
			0.0123	0.067	0.012
			0.0226	0.012	0.0634
	==================================================================================
	Q5:
		Shape: Ellipse
		q_c:	436.5	84.0	177.0
		ub :	441.3838	91.5124	186.2968
		lb :	431.6162	76.4876	167.7032
		P^-1:
			0.217	-0.0332	-0.0745
			-0.0332	0.0489	-0.0006
			-0.0745	-0.0006	0.0491
	==================================================================================
	Q6:
		Shape: Hybrid
		q_c:	448.0	83.5	177.0
		ub :	450.9997	87.6864	182.8543
		lb :	445.0003	79.3136	171.1457
		P^-1:
			0.2441	-0.0072	-0.0344
			-0.0072	0.0628	0.0006
			-0.0344	0.0006	0.0387
		A:
			0.8807	0.1036	-0.4623
			-0.8108	0.4914	-0.3181
			-0.7853	0.3925	0.4789
			0.6434	0.5642	0.5174
			0.2318	0.609	-0.7586
			-0.897	0.3828	0.2209
		b:
			322.9662
			-376.0968
			-232.3077
			430.1915
			24.0977
			-329.4163


===========================================================================================
===========================================================================================
S4:
	q_c:	166.5	272.0	460.0
	ub :	168.4567	276.2951	464.0906
	lb :	162.6717	269.0641	456.2173

	==================================================================================
	Q1:
		Shape: Polyhedra
		q_c:	166.5	270.5	463.0
		ub :	167.9352	271.9359	464.0906
		lb :	165.0648	269.0641	461.9094
		A:
			-0.406	0.3107	-0.8595
			0.3359	-0.1312	-0.9327
			0.864	0.0259	-0.5029
			0.527	-0.3942	-0.7529
			0.1413	-0.1984	0.9699
			0.9224	-0.2037	-0.3283
			0.5461	0.4228	0.7232
			-0.5912	-0.417	0.6903
			0.5935	-0.8045	0.0222
			-0.5461	-0.4228	-0.7232
			0.5912	0.417	-0.6903
			-0.5935	0.8045	-0.0222
		b:
			-380.5632
			-410.6723
			-81.3172
			-366.6835
			419.7317
			-52.7167
			541.131
			108.8664
			-107.5208
			-539.131
			-107.8664
			109.5208
	==================================================================================
	Q2:
		Shape: Ellipse
		q_c:	166.5	274.5	460.5
		ub :	168.4144	276.2951	462.5632
		lb :	164.5856	272.7049	458.4368
		P^-1:
			0.7839	0.1037	0.2502
			0.1037	0.4761	0.0765
			0.2502	0.0765	0.6288
	==================================================================================
	Q3:
		Shape: Ellipse
		q_c:	165.0	271.5	461.0
		ub :	166.2403	273.3666	462.7033
		lb :	163.7597	269.6334	459.2967
		P^-1:
			3.2723	0.9068	1.095
			0.9068	0.8984	0.0939
			1.095	0.0939	1.2738
	==================================================================================
	Q4:
		Shape: Ellipse
		q_c:	165.5	274.5	461.0
		ub :	166.9798	276.1051	462.6798
		lb :	164.0202	272.8949	459.3202
		P^-1:
			0.9989	-0.0034	0.0248
			-0.0034	0.9896	0.0752
			0.0248	0.0752	0.456
	==================================================================================
	Q5:
		Shape: Ellipse
		q_c:	165.0	272.5	461.5
		ub :	167.3283	275.0514	463.7077
		lb :	162.6717	269.9486	459.2923
		P^-1:
			0.4444	-0.0	0.0
			-0.0	0.4444	-0.0
			0.0	-0.0	0.4444
	==================================================================================
	Q6:
		Shape: Polyhedra
		q_c:	166.0	272.5	458.5
		ub :	168.4567	275.0778	460.7827
		lb :	163.5433	269.9222	456.2173
		A:
			-0.8782	0.4639	-0.1166
			-0.8901	0.2756	-0.363
			-0.0609	0.1208	-0.9908
			0.5764	0.263	0.7737
			-0.1248	0.9811	0.1477
			0.8615	-0.0926	-0.4992
			0.8071	0.5779	0.1211
			0.3733	-0.6583	0.6536
			0.4574	-0.4823	-0.7471
			-0.8071	-0.5779	-0.1211
			-0.3733	0.6583	-0.6536
			-0.4574	0.4823	0.7471
		b:
			-71.3236
			-237.6163
			-429.9778
			523.585
			315.8544
			-109.6254
			348.4583
			183.7534
			-396.5429
			-345.4583
			-180.7534
			399.5429


===========================================================================================
===========================================================================================
S5:
	q_c:	345.5	80.5	85.0
	ub :	359.9461	91.5636	110.3405
	lb :	325.2441	56.7095	60.9549

	==================================================================================
	Q1:
		Shape: Ellipse
		q_c:	335.5	80.0	71.5
		ub :	344.9169	91.5636	82.0451
		lb :	326.0831	68.4364	60.9549
		P^-1:
			0.0347	0.0095	0.0005
			0.0095	0.0231	0.0003
			0.0005	0.0003	0.0178
	==================================================================================
	Q2:
		Shape: Ellipse
		q_c:	351.5	69.0	101.0
		ub :	359.9461	79.2098	110.3405
		lb :	343.0539	58.7902	91.6595
		P^-1:
			0.0334	-0.0017	-0.0143
			-0.0017	0.0128	0.0034
			-0.0143	0.0034	0.0359
	==================================================================================
	Q3:
		Shape: Polyhedra
		q_c:	334.5	65.0	87.5
		ub :	343.7559	73.2905	97.4217
		lb :	325.2441	56.7095	77.5783
		A:
			0.8175	-0.4724	0.3295
			0.3889	0.7759	-0.4967
			-0.5856	0.354	-0.7292
			0.443	0.6483	-0.6193
			-0.2984	0.706	-0.6423
			-0.7864	0.4071	-0.4646
			0.7988	0.4977	0.338
			0.3071	-0.8205	0.4822
			0.5173	-0.2813	-0.8082
			-0.7988	-0.4977	-0.338
			-0.3071	0.8205	-0.4822
			-0.5173	0.2813	0.8082
		b:
			276.5202
			142.2605
			-231.9077
			141.7833
			-105.5037
			-272.4751
			334.118
			96.0969
			91.5408
			-324.118
			-87.0969
			-76.5408
	==================================================================================
	Q4:
		Shape: Ellipse
		q_c:	345.0	79.0	91.0
		ub :	349.0921	83.0255	94.0054
		lb :	340.9079	74.9745	87.9946
		P^-1:
			0.2095	0.1091	-0.091
			0.1091	0.2324	-0.1056
			-0.091	-0.1056	0.2736
	==================================================================================
	Q5:
		Shape: Polyhedra
		q_c:	336.5	67.5	87.0
		ub :	343.2532	75.7781	93.3983
		lb :	329.7468	59.2219	80.6017
		A:
			0.0456	0.123	-0.9914
			-0.265	-0.5964	-0.7577
			-0.4202	-0.8852	-0.1999
			-0.4609	-0.5627	0.6862
			-0.3974	-0.917	-0.0356
			-0.867	0.121	-0.4834
			0.6117	0.0446	0.7899
			-0.7899	-0.0219	0.6129
			0.0447	-0.9988	0.0218
			-0.6117	-0.0446	-0.7899
			0.7899	0.0219	-0.6129
			-0.0447	0.9988	-0.0218
		b:
			-58.0548
			-189.6893
			-211.3043
			-127.3294
			-191.26
			-321.3001
			281.5498
			-208.9483
			-42.4948
			-273.5498
			218.9483
			58.4948
	==================================================================================
	Q6:
		Shape: Ellipse
		q_c:	337.5	65.5	77.5
		ub :	344.6551	70.3748	83.9284
		lb :	330.3449	60.6252	71.0716
		P^-1:
			0.0518	-0.0202	-0.0454
			-0.0202	0.0847	0.0356
			-0.0454	0.0356	0.1137


===========================================================================================
===========================================================================================
S6:
	q_c:	499.0	240.0	250.0
	ub :	526.4026	257.7742	266.8346
	lb :	477.4437	213.4117	226.8188

	==================================================================================
	Q1:
		Shape: Polyhedra
		q_c:	490.5	235.0	249.0
		ub :	498.7958	242.2841	257.9242
		lb :	482.2042	227.7159	240.0758
		A:
			0.1117	0.3835	0.9168
			0.5291	-0.6124	0.5874
			-0.2996	0.191	-0.9348
			-0.2824	-0.6548	-0.7011
			0.636	0.7711	0.0291
			0.6627	-0.7337	-0.15
			0.8639	0.1467	0.4818
			-0.348	-0.5176	0.7817
			0.364	-0.843	-0.3961
			-0.8639	-0.1467	-0.4818
			0.348	0.5176	-0.7817
			-0.364	0.843	0.3961
		b:
			378.2483
			267.2746
			-329.0661
			-462.1771
			505.8663
			119.5528
			583.6902
			-91.7024
			-114.1803
			-572.6902
			103.7024
			122.1803
	==================================================================================
	Q2:
		Shape: Polyhedra
		q_c:	499.0	247.5	236.0
		ub :	509.1094	257.4707	245.1812
		lb :	488.8906	237.5293	226.8188
		A:
			-0.2984	-0.2277	0.9269
			0.5617	-0.3956	-0.7266
			-0.1425	0.3171	0.9376
			0.9208	0.0489	-0.3871
			0.382	0.1842	-0.9056
			-0.5291	-0.8422	-0.1033
			0.2297	0.7006	0.6756
			0.7091	0.355	-0.6092
			-0.6666	0.619	-0.4153
			-0.2297	-0.7006	-0.6756
			-0.7091	-0.355	0.6092
			0.6666	-0.619	0.4153
		b:
			18.5902
			15.8663
			232.8761
			385.7825
			27.27
			-492.5488
			451.4345
			302.4427
			-268.463
			-443.4345
			-293.4427
			286.463
	==================================================================================
	Q3:
		Shape: Hybrid
		q_c:	516.0	241.5	244.0
		ub :	526.4026	250.3931	253.8537
		lb :	505.5974	232.6069	234.1463
		P^-1:
			0.0255	0.0018	0.0017
			0.0018	0.0212	0.0013
			0.0017	0.0013	0.0252
		A:
			0.1889	-0.8957	0.4026
			-0.4698	-0.8483	0.2443
			-0.5164	0.6053	0.6057
			-0.0193	0.8393	0.5434
			-0.1295	-0.2144	0.9681
			0.1657	0.9794	0.1157
		b:
			-16.5987
			-383.9955
			31.1751
			328.911
			121.0636
			354.0291
	==================================================================================
	Q4:
		Shape: Hybrid
		q_c:	512.0	250.5	248.0
		ub :	519.7355	257.7742	255.4173
		lb :	504.2645	243.2258	240.5827
		P^-1:
			0.0463	0.0017	-0.0041
			0.0017	0.0405	-0.0011
			-0.0041	-0.0011	0.0426
		A:
			-0.2287	0.0135	0.9734
			-0.2947	-0.8886	0.3515
			-0.5232	0.8324	-0.1827
			-0.0484	-0.9782	-0.2018
			0.2229	-0.6886	-0.6901
			-0.0984	0.6379	0.7638
		b:
			130.2199
			-283.7362
			-101.9444
			-317.1043
			-226.8181
			301.5474
	==================================================================================
	Q5:
		Shape: Ellipse
		q_c:	487.5	225.0	256.5
		ub :	497.5563	236.5883	266.8346
		lb :	477.4437	213.4117	246.1654
		P^-1:
			0.025	-0.0038	-0.0022
			-0.0038	0.0222	-0.0018
			-0.0022	-0.0018	0.0221
	==================================================================================
	Q6:
		Shape: Ellipse
		q_c:	493.0	237.0	252.0
		ub :	501.2941	244.3046	259.2332
		lb :	484.7059	229.6954	244.7668
		P^-1:
			0.0157	-0.0002	0.0009
			-0.0002	0.0423	-0.0171
			0.0009	-0.0171	0.0479


===========================================================================================
===========================================================================================
S7:
	q_c:	376.5	463.0	14.5
	ub :	382.615	471.5772	23.5788
	lb :	371.4867	458.6116	8.5206

	==================================================================================
	Q1:
		Shape: Polyhedra
		q_c:	380.0	462.0	11.5
		ub :	382.615	464.7182	14.4794
		lb :	377.385	459.2818	8.5206
		A:
			-0.7715	0.2004	-0.6039
			0.1439	0.9833	-0.1111
			0.8375	-0.546	0.0225
			0.4341	-0.8935	-0.1151
			-0.1975	-0.7689	-0.6081
			0.4995	0.7385	0.4529
			0.3228	0.649	0.6889
			-0.1275	0.7511	-0.6478
			-0.9378	0.1213	0.3252
			-0.3228	-0.649	-0.6889
			0.1275	-0.7511	0.6478
			0.9378	-0.1213	-0.3252
		b:
			-205.6504
			509.5499
			68.2587
			-247.2801
			-435.7474
			537.7628
			431.9321
			293.0864
			-294.6027
			-428.9321
			-289.0864
			298.6027
	==================================================================================
	Q2:
		Shape: Polyhedra
		q_c:	379.0	464.0	16.0
		ub :	381.6359	465.9615	18.1106
		lb :	376.3641	462.0385	13.8894
		A:
			0.7308	0.6105	0.3052
			-0.9187	-0.2657	-0.292
			0.0857	0.8519	0.5166
			0.2553	-0.7143	0.6516
			-0.2236	0.5838	-0.7805
			0.3772	-0.8957	-0.2354
			0.2004	0.9795	0.0189
			0.9245	-0.1827	-0.3345
			-0.3242	0.0845	-0.9422
			-0.2004	-0.9795	-0.0189
			-0.9245	0.1827	0.3345
			0.3242	-0.0845	0.9422
		b:
			566.7744
			-474.4121
			437.5833
			-222.7582
			175.1578
			-274.7279
			532.2642
			262.2611
			-97.2246
			-529.2642
			-258.2611
			100.2246
	==================================================================================
	Q3:
		Shape: Ellipse
		q_c:	377.0	462.5	14.0
		ub :	378.9683	464.4222	15.6514
		lb :	375.0317	460.5778	12.3486
		P^-1:
			0.4444	-0.0	0.0
			-0.0	0.4444	-0.0
			0.0	-0.0	0.4444
	==================================================================================
	Q4:
		Shape: Polyhedra
		q_c:	375.0	469.0	14.5
		ub :	378.5133	471.5772	17.8988
		lb :	371.4867	466.4228	11.1012
		A:
			-0.9935	0.1053	0.0422
			-0.0686	-0.9815	0.1785
			0.2646	-0.6477	0.7145
			0.0562	0.611	-0.7896
			-0.2762	0.9033	0.3283
			-0.4997	0.7075	0.4998
			0.7179	0.2324	0.6562
			-0.1894	0.9723	-0.1371
			-0.6699	-0.0258	0.742
			-0.7179	-0.2324	-0.6562
			0.1894	-0.9723	0.1371
			0.6699	0.0258	-0.742
		b:
			-320.373
			-481.4817
			-192.0612
			298.2472
			326.8755
			153.6854
			390.2277
			384.9879
			-250.5544
			-385.2277
			-380.9879
			254.5544
	==================================================================================
	Q5:
		Shape: Ellipse
		q_c:	378.5	462.0	20.0
		ub :	380.9979	465.3884	23.5788
		lb :	376.0021	458.6116	16.4212
		P^-1:
			0.4141	-0.075	0.0134
			-0.075	0.2581	0.0494
			0.0134	0.0494	0.1334
	==================================================================================
	Q6:
		Shape: Ellipse
		q_c:	376.5	463.5	13.5
		ub :	379.8531	466.5925	15.8612
		lb :	373.1469	460.4075	11.1388
		P^-1:
			0.2279	-0.1538	-0.0525
			-0.1538	0.5104	-0.2972
			-0.0525	-0.2972	0.8173


===========================================================================================
===========================================================================================
S8:
	q_c:	418.5	341.5	151.5
	ub :	435.8833	353.5207	163.7682
	lb :	408.0568	330.4646	138.2926

	==================================================================================
	Q1:
		Shape: Ellipse
		q_c:	413.5	341.0	143.5
		ub :	418.9432	346.1702	148.7074
		lb :	408.0568	335.8298	138.2926
		P^-1:
			0.0902	0.0058	0.0293
			0.0058	0.1227	-0.034
			0.0293	-0.034	0.1207
	==================================================================================
	Q2:
		Shape: Ellipse
		q_c:	418.0	338.0	156.5
		ub :	422.4371	345.5354	163.7682
		lb :	413.5629	330.4646	149.2318
		P^-1:
			0.3342	0.0829	-0.16
			0.0829	0.0594	-0.0486
			-0.16	-0.0486	0.1239
	==================================================================================
	Q3:
		Shape: Hybrid
		q_c:	416.0	340.0	156.5
		ub :	422.7488	346.9728	161.6809
		lb :	409.2512	333.0272	151.3191
		P^-1:
			0.0424	0.0053	-0.0056
			0.0053	0.0522	-0.0104
			-0.0056	-0.0104	0.0765
		A:
			-0.6189	-0.5121	-0.5956
			0.7568	0.3494	0.5524
			-0.8601	-0.5	-0.1015
			-0.8673	-0.488	0.0981
			-0.3618	0.6884	-0.6286
			-0.4474	-0.8092	0.3809
		b:
			-522.0031
			522.9642
			-540.7769
			-508.5754
			-12.3987
			-399.3788
	==================================================================================
	Q4:
		Shape: Ellipse
		q_c:	426.5	338.0	160.0
		ub :	429.5362	342.1154	163.3705
		lb :	423.4638	333.8846	156.6295
		P^-1:
			0.3298	0.0104	-0.1035
			0.0104	0.1047	0.0658
			-0.1035	0.0658	0.3416
	==================================================================================
	Q5:
		Shape: Polyhedra
		q_c:	427.0	341.5	152.5
		ub :	435.8833	349.1735	161.2217
		lb :	418.1167	333.8265	143.7783
		A:
			-0.502	0.4055	0.7639
			-0.3759	0.8528	-0.3624
			0.6067	0.7704	0.1959
			0.3413	0.0704	-0.9373
			0.5771	0.3781	-0.7238
			0.0435	-0.1338	-0.9901
			0.7106	0.1344	0.6906
			-0.5008	-0.5929	0.6307
			0.4942	-0.794	-0.354
			-0.7106	-0.1344	-0.6906
			0.5008	0.5929	-0.6307
			-0.4942	0.794	0.354
		b:
			45.6473
			80.543
			557.2662
			31.9113
			270.1726
			-172.8706
			460.1497
			-315.1228
			-109.1167
			-449.1497
			325.1228
			119.1167
	==================================================================================
	Q6:
		Shape: Hybrid
		q_c:	416.0	347.5	151.0
		ub :	422.1754	353.5207	156.5429
		lb :	409.8246	341.4793	145.4571
		P^-1:
			0.0779	-0.0029	0.007
			-0.0029	0.0793	0.0055
			0.007	0.0055	0.0685
		A:
			-0.3733	0.8595	-0.3491
			0.2712	-0.5772	0.7702
			0.0633	-0.3844	-0.921
			-0.9787	-0.0348	0.2023
			0.2666	0.5649	0.7809
			0.7223	0.0375	0.6905
		b:
			92.5104
			30.5518
			-244.3389
			-386.7217
			426.9181
			419.5791


===========================================================================================
===========================================================================================
S9:
	q_c:	198.5	452.5	210.5
	ub :	215.6189	467.7961	231.6558
	lb :	180.5889	433.5518	192.8689

	==================================================================================
	Q1:
		Shape: Hybrid
		q_c:	203.0	457.5	216.0
		ub :	209.7596	467.7961	223.4252
		lb :	196.2404	447.2039	208.5748
		P^-1:
			0.1275	0.0238	0.0499
			0.0238	0.0209	-0.0016
			0.0499	-0.0016	0.0734
		A:
			-0.9958	0.0918	-0.0024
			0.8195	-0.4068	0.4036
			-0.5496	0.4234	-0.7202
			-0.352	0.1715	-0.9201
			0.8492	0.4862	0.2058
			-0.4538	-0.7755	0.4389
		b:
			-157.512
			71.2751
			-70.2096
			-189.4499
			441.5717
			-347.7621
	==================================================================================
	Q2:
		Shape: Ellipse
		q_c:	200.5	457.0	207.5
		ub :	208.5228	465.3039	213.9774
		lb :	192.4772	448.6961	201.0226
		P^-1:
			0.0607	0.0241	-0.0031
			0.0241	0.037	-0.0119
			-0.0031	-0.0119	0.0667
	==================================================================================
	Q3:
		Shape: Hybrid
		q_c:	199.0	442.5	201.5
		ub :	207.307	449.9515	210.1311
		lb :	190.693	435.0485	192.8689
		P^-1:
			0.021	-0.0001	0.0028
			-0.0001	0.0377	-0.0033
			0.0028	-0.0033	0.0347
		A:
			0.1194	-0.5052	-0.8547
			-0.0027	-0.9047	-0.4261
			-0.2991	-0.9468	-0.1184
			-0.5598	-0.3966	0.7276
			-0.15	0.979	-0.1379
			0.7515	0.2885	-0.5933
		b:
			-368.8696
			-483.8186
			-499.4884
			-136.7393
			378.2135
			161.6809
	==================================================================================
	Q4:
		Shape: Ellipse
		q_c:	188.0	447.0	218.0
		ub :	195.4111	451.0412	223.8816
		lb :	180.5889	442.9588	212.1184
		P^-1:
			0.0255	0.0149	0.0007
			0.0149	0.3706	0.1539
			0.0007	0.1539	0.1214
	==================================================================================
	Q5:
		Shape: Polyhedra
		q_c:	210.5	444.5	226.5
		ub :	215.6189	450.3262	231.6558
		lb :	205.3811	438.6738	221.3442
		A:
			0.1571	0.3829	0.9103
			-0.9694	-0.0515	-0.2401
			-0.9217	-0.3117	0.231
			-0.7426	-0.6697	-0.0082
			-0.3977	0.2285	0.8886
			0.6355	0.7486	-0.1889
			0.848	0.5228	0.0864
			0.3369	-0.6578	0.6737
			0.4091	-0.5422	-0.734
			-0.848	-0.5228	-0.0864
			-0.3369	0.6578	-0.6737
			-0.4091	0.5422	0.734
		b:
			412.6523
			-278.1111
			-277.2383
			-452.8205
			222.2221
			426.9455
			433.4863
			-64.8718
			-318.1401
			-427.4863
			72.8718
			324.1401
	==================================================================================
	Q6:
		Shape: Hybrid
		q_c:	206.5	440.0	200.5
		ub :	213.3113	446.4482	208.1109
		lb :	199.6887	433.5518	192.8891
		P^-1:
			0.135	0.105	0.0189
			0.105	0.1492	0.0151
			0.0189	0.0151	0.0389
		A:
			0.7492	0.6473	0.1408
			-0.0698	0.9966	0.0443
			-0.8913	-0.4452	-0.0863
			-0.649	0.7535	0.1049
			-0.5176	-0.7438	-0.4229
			-0.548	-0.7252	-0.4169
		b:
			468.7809
			436.0178
			-395.618
			222.8189
			-517.2958
			-514.2476


===========================================================================================
===========================================================================================
S10:
	q_c:	474.0	341.5	472.5
	ub :	491.5665	363.4459	493.5291
	lb :	453.7219	322.3961	454.6902

	==================================================================================
	Q1:
		Shape: Polyhedra
		q_c:	484.5	331.0	475.5
		ub :	490.6633	337.654	481.8898
		lb :	478.3367	324.346	469.1102
		A:
			-0.451	0.3555	-0.8187
			-0.8617	-0.2894	0.4168
			0.7068	-0.6038	0.3687
			0.7314	-0.6811	0.0349
			0.5935	-0.7404	-0.3155
			-0.7812	0.6087	0.1388
			0.6146	0.6686	0.4187
			0.7436	-0.6681	-0.0246
			0.2633	0.3265	-0.9078
			-0.6146	-0.6686	-0.4187
			-0.7436	0.6681	0.0246
			-0.2633	-0.3265	0.9078
		b:
			-486.1571
			-310.5297
			320.1508
			147.0614
			-105.1552
			-109.4129
			724.657
			128.9236
			-191.9982
			-711.657
			-125.9236
			199.9982
	==================================================================================
	Q2:
		Shape: Ellipse
		q_c:	482.0	347.5	473.5
		ub :	491.4508	358.7162	481.6283
		lb :	472.5492	336.2838	465.3717
		P^-1:
			0.0201	-0.0018	-0.0001
			-0.0018	0.0103	-0.0004
			-0.0001	-0.0004	0.0204
	==================================================================================
	Q3:
		Shape: Polyhedra
		q_c:	465.0	346.0	482.5
		ub :	476.2781	351.9088	493.5291
		lb :	453.7219	340.0912	471.4709
		A:
			0.6967	0.6904	-0.1949
			0.8021	-0.5727	0.1694
			-0.0466	-0.9286	-0.3682
			0.3851	-0.7455	-0.544
			0.3098	0.5854	0.7492
			0.0935	0.9182	0.3849
			0.6789	0.0565	0.7321
			-0.7292	-0.0644	0.6812
			0.0856	-0.9963	-0.0025
			-0.6789	-0.0565	-0.7321
			0.7292	0.0644	-0.6812
			-0.0856	0.9963	0.0025
		b:
			475.1681
			263.6719
			-514.9087
			-335.6014
			715.918
			552.7198
			697.4595
			-26.188
			-301.1082
			-679.4595
			39.188
			311.1082
	==================================================================================
	Q4:
		Shape: Ellipse
		q_c:	467.0	353.0	464.5
		ub :	476.9431	363.4459	474.3098
		lb :	457.0569	342.5541	454.6902
		P^-1:
			0.0442	0.0183	-0.0042
			0.0183	0.0315	0.0182
			-0.0042	0.0182	0.0461
	==================================================================================
	Q5:
		Shape: Ellipse
		q_c:	482.5	349.0	481.5
		ub :	491.5665	353.7955	490.0561
		lb :	473.4335	344.2045	472.9439
		P^-1:
			0.0585	0.1661	-0.0723
			0.1661	0.8153	-0.3444
			-0.0723	-0.3444	0.1735
	==================================================================================
	Q6:
		Shape: Polyhedra
		q_c:	471.0	330.5	469.0
		ub :	480.6097	338.6039	477.5091
		lb :	461.3903	322.3961	460.4909
		A:
			0.3199	0.0437	-0.9464
			0.0655	-0.7773	0.6257
			-0.6183	0.6815	-0.3915
			-0.0335	0.9427	0.332
			0.9235	0.0764	-0.3759
			0.8292	-0.3485	-0.4369
			0.6192	0.3472	0.7043
			-0.6097	-0.3525	0.7099
			0.4948	-0.869	-0.0066
			-0.6192	-0.3472	-0.7043
			0.6097	0.3525	-0.7099
			-0.4948	0.869	0.0066
		b:
			-273.3123
			72.2974
			-244.5763
			456.8318
			289.1193
			75.2462
			743.7173
			-65.7289
			-52.7476
			-729.7173
			75.7289
			61.7476


===========================================================================================
===========================================================================================
S11:
	q_c:	256.0	378.5	374.0
	ub :	264.8276	392.7756	385.5956
	lb :	246.3544	368.0816	364.4862

	==================================================================================
	Q1:
		Shape: Ellipse
		q_c:	251.5	380.0	369.0
		ub :	256.6456	385.0006	372.7381
		lb :	246.3544	374.9994	365.2619
		P^-1:
			0.1077	0.0177	0.0176
			0.0177	0.0941	0.0077
			0.0176	0.0077	0.151
	==================================================================================
	Q2:
		Shape: Hybrid
		q_c:	260.0	388.5	368.0
		ub :	264.3518	392.7756	371.5138
		lb :	255.6482	384.2244	364.4862
		P^-1:
			0.1111	-0.0	0.0
			-0.0	0.1111	-0.0
			0.0	-0.0	0.1111
		A:
			0.8377	-0.1715	-0.5186
			0.3278	0.2715	0.9049
			0.3561	-0.382	-0.8528
			0.3336	-0.7036	0.6274
			0.0347	-0.6126	0.7897
			-0.3913	-0.2793	0.8768
		b:
			-38.1595
			525.2168
			-368.1627
			45.7525
			63.1343
			113.897
	==================================================================================
	Q3:
		Shape: Polyhedra
		q_c:	259.0	380.5	376.5
		ub :	262.4775	383.3906	379.8731
		lb :	255.5225	377.6094	373.1269
		A:
			0.2354	0.6416	0.73
			-0.3269	-0.5765	-0.7489
			-0.2893	-0.4683	-0.8349
			0.4097	-0.8737	-0.2623
			0.4804	0.0884	-0.8726
			-0.6256	-0.4256	-0.6539
			0.3349	0.6946	0.6367
			-0.932	0.1447	0.3323
			0.1386	-0.7047	0.6958
			-0.3349	-0.6946	-0.6367
			0.932	-0.1447	-0.3323
			-0.1386	0.7047	-0.6958
		b:
			581.0299
			-584.8999
			-566.2147
			-322.8069
			-167.8283
			-568.7078
			591.7471
			-58.2148
			32.2338
			-589.7471
			64.2148
			-27.2338
	==================================================================================
	Q4:
		Shape: Ellipse
		q_c:	258.5	380.0	379.5
		ub :	264.5079	386.5903	385.5956
		lb :	252.4921	373.4097	373.4044
		P^-1:
			0.0787	0.0052	-0.0076
			0.0052	0.0723	0.0137
			-0.0076	0.0137	0.0616
	==================================================================================
	Q5:
		Shape: Hybrid
		q_c:	262.5	371.0	378.0
		ub :	264.8276	373.9184	380.4585
		lb :	260.1724	368.0816	375.5415
		P^-1:
			0.2518	0.0131	0.0177
			0.0131	0.1902	0.0866
			0.0177	0.0866	0.4124
		A:
			0.5156	-0.4072	-0.7539
			-0.4196	-0.5977	0.6831
			0.6106	-0.6742	0.4154
			0.4762	-0.6263	-0.6172
			-0.1357	-0.5267	-0.8392
			0.2137	0.643	0.7355
		b:
			-299.6989
			-72.2067
			68.748
			-339.5622
			-547.4015
			573.5656
	==================================================================================
	Q6:
		Shape: Hybrid
		q_c:	256.5	382.0	374.0
		ub :	261.3305	386.5003	378.682
		lb :	251.6695	377.4997	369.318
		P^-1:
			0.1214	-0.0248	-0.0064
			-0.0248	0.1432	-0.0119
			-0.0064	-0.0119	0.0881
		A:
			-0.993	-0.0336	-0.1133
			0.2376	-0.6544	0.7178
			-0.1681	0.8641	0.4744
			-0.184	0.8573	-0.4807
			-0.7489	0.6616	-0.0395
			-0.2653	-0.5745	-0.7743
		b:
			-308.1752
			81.0723
			466.0721
			101.9268
			47.1533
			-574.9246


===========================================================================================
===========================================================================================
S12:
	q_c:	362.0	89.0	244.5
	ub :	372.8006	100.2224	251.7567
	lb :	354.2198	79.5083	235.671

	==================================================================================
	Q1:
		Shape: Polyhedra
		q_c:	368.5	94.0	247.5
		ub :	372.8006	97.5622	251.2613
		lb :	364.1994	90.4378	243.7387
		A:
			0.2024	0.9133	0.3534
			0.8322	0.4316	0.348
			0.1439	0.2059	0.9679
			0.4594	-0.5742	-0.6777
			-0.8772	0.1517	-0.4555
			-0.6022	0.604	-0.522
			0.4879	0.4663	0.7379
			-0.872	0.2995	0.3872
			-0.0404	-0.8324	0.5528
			-0.4879	-0.4663	-0.7379
			0.872	-0.2995	-0.3872
			0.0404	0.8324	-0.5528
		b:
			249.7857
			435.6739
			313.8973
			-48.9665
			-418.9035
			-291.7348
			407.7448
			-193.3381
			45.673
			-404.7448
			201.3381
			-41.673
	==================================================================================
	Q2:
		Shape: Ellipse
		q_c:	362.0	83.5	244.0
		ub :	366.8205	87.4917	248.4461
		lb :	357.1795	79.5083	239.5539
		P^-1:
			0.1466	-0.0824	0.0913
			-0.0824	0.2687	-0.1473
			0.0913	-0.1473	0.2219
	==================================================================================
	Q3:
		Shape: Polyhedra
		q_c:	359.5	95.0	240.5
		ub :	364.7802	100.2224	245.329
		lb :	354.2198	89.7776	235.671
		A:
			-0.3396	-0.8439	0.4153
			-0.0099	0.9623	-0.2717
			-0.5961	0.6418	-0.4826
			-0.3612	-0.8152	0.4527
			-0.1606	0.6172	-0.7702
			-0.6951	0.2461	0.6755
			0.4811	0.742	0.4669
			0.7575	-0.6199	0.2047
			0.4413	0.2552	-0.8603
			-0.4811	-0.742	-0.4669
			-0.7575	0.6199	-0.2047
			-0.4413	-0.2552	0.8603
		b:
			-99.1894
			25.688
			-266.3705
			-95.2588
			-181.3202
			-61.0413
			359.2296
			265.6508
			-21.0107
			-352.2296
			-259.6508
			27.0107
	==================================================================================
	Q4:
		Shape: Hybrid
		q_c:	360.5	90.0	241.5
		ub :	362.962	92.0116	243.6999
		lb :	358.038	87.9884	239.3001
		P^-1:
			0.5532	0.0225	-0.3595
			0.0225	0.4323	0.0501
			-0.3595	0.0501	0.7089
		A:
			0.8894	0.3315	-0.3147
			-0.2456	-0.3695	0.8962
			-0.507	-0.5399	0.6719
			-0.1546	0.637	-0.7552
			0.8105	-0.4972	-0.3097
			0.6677	-0.0447	-0.7431
		b:
			275.2787
			95.4772
			-68.3836
			-179.5676
			173.5839
			57.7207
	==================================================================================
	Q5:
		Shape: Hybrid
		q_c:	359.0	92.5	249.5
		ub :	360.4651	94.177	251.7567
		lb :	357.5349	90.823	247.2433
		P^-1:
			0.9667	0.0165	-0.1527
			0.0165	0.4441	-0.018
			-0.1527	-0.018	0.2836
		A:
			-0.7427	-0.0762	0.6653
			0.9876	-0.0761	-0.1373
			0.9259	-0.319	-0.2023
			0.5414	0.5766	-0.6119
			-0.364	0.7503	0.5519
			-0.7541	-0.3239	0.5714
		b:
			-106.8604
			313.7713
			252.995
			95.9656
			77.4822
			-157.3623
	==================================================================================
	Q6:
		Shape: Polyhedra
		q_c:	360.0	96.5	246.0
		ub :	363.8909	99.4907	250.9635
		lb :	356.1091	93.5093	241.0365
		A:
			-0.6779	0.7088	0.195
			-0.179	-0.8875	-0.4247
			0.8038	-0.4085	0.4325
			0.209	0.952	0.2239
			0.2482	-0.3945	-0.8847
			-0.605	-0.5376	-0.5874
			0.9828	0.1065	0.1512
			-0.1475	-0.0417	0.9882
			0.1116	-0.9934	-0.0252
			-0.9828	-0.1065	-0.1512
			0.1475	0.0417	-0.9882
			-0.1116	0.9934	0.0252
		b:
			-124.8176
			-251.6744
			359.4377
			224.7893
			-162.2036
			-410.8684
			404.2592
			190.4716
			-59.4183
			-398.2592
			-181.4716
			64.4183


===========================================================================================
===========================================================================================
