3D_35_8_6_a                l = 3

===========================================================================================
===========================================================================================
S1:
	q_c:	194.0	119.5	305.5
	ub :	214.5284	132.3841	323.279
	lb :	176.349	99.5582	280.2268

	==================================================================================
	Q1:
		Shape: Hybrid
		q_c:	200.0	118.0	305.5
		ub :	206.4132	126.1539	315.346
		lb :	193.5868	109.8461	295.654
		P^-1:
			0.1043	-0.0677	-0.0097
			-0.0677	0.0749	0.0089
			-0.0097	0.0089	0.0136
		A:
			-0.7583	0.5264	0.3844
			-0.9423	0.313	0.1192
			-0.9422	0.309	0.1293
			0.2769	-0.8317	-0.4812
			-0.5058	0.8623	-0.0259
			-0.077	-0.9801	-0.1831
		b:
			30.2942
			-112.9366
			-110.3022
			-185.7799
			-4.994
			-182.3003
	==================================================================================
	Q2:
		Shape: Polyhedra
		q_c:	202.5	106.0	316.5
		ub :	210.1956	112.4418	323.279
		lb :	194.8044	99.5582	309.721
		A:
			-0.1214	-0.4086	-0.9046
			0.6341	-0.7621	-0.131
			-0.1282	0.0189	0.9916
			-0.669	-0.4943	0.5551
			-0.9763	-0.1984	-0.0867
			0.3466	-0.9316	0.1093
			0.4783	0.8566	0.1937
			0.5582	-0.1262	-0.8201
			-0.678	0.5003	-0.5385
			-0.4783	-0.8566	-0.1937
			-0.5582	0.1262	0.8201
			0.678	-0.5003	0.5385
		b:
			-350.2727
			11.1785
			293.9644
			-8.6617
			-241.5646
			11.1297
			252.4502
			-156.4073
			-248.6919
			-245.4502
			163.4073
			260.6919
	==================================================================================
	Q3:
		Shape: Polyhedra
		q_c:	198.0	110.0	291.5
		ub :	203.9712	117.3192	298.5519
		lb :	192.0288	102.6808	284.4481
		A:
			-0.2184	-0.2149	-0.9519
			0.9129	-0.0937	0.3972
			-0.7532	0.5899	-0.291
			0.6337	-0.101	0.7669
			-0.8618	0.1859	-0.472
			-0.8496	0.4934	0.1863
			0.077	0.5765	0.8134
			0.6346	0.6009	-0.486
			-0.769	0.5537	-0.3196
			-0.077	-0.5765	-0.8134
			-0.6346	-0.6009	0.486
			0.769	-0.5537	0.3196
		b:
			-340.4226
			289.3315
			-167.0598
			340.8605
			-285.1097
			-56.5081
			319.7874
			56.5873
			-182.5152
			-311.7874
			-43.5873
			186.5152
	==================================================================================
	Q4:
		Shape: Hybrid
		q_c:	185.5	123.0	288.5
		ub :	194.651	130.3299	296.7732
		lb :	176.349	115.6701	280.2268
		P^-1:
			0.0165	0.0014	-0.0035
			0.0014	0.0329	0.0003
			-0.0035	0.0003	0.0323
		A:
			-0.1172	-0.8771	0.4659
			0.7648	0.5506	-0.3347
			0.2499	0.2985	0.9211
			0.382	0.9157	0.125
			0.4351	-0.2126	-0.8749
			-0.2453	0.9065	0.3437
		b:
			7.5402
			116.8942
			352.0542
			222.6121
			-194.9096
			168.0838
	==================================================================================
	Q5:
		Shape: Polyhedra
		q_c:	200.5	125.0	309.0
		ub :	206.1927	132.3841	317.7732
		lb :	194.8073	117.6159	300.2268
		A:
			-0.8767	-0.0447	0.4789
			-0.3455	-0.8389	0.4207
			0.5658	0.8116	0.1456
			-0.771	-0.6301	-0.0926
			-0.639	-0.7629	-0.0986
			0.9486	0.3041	0.088
			0.1923	0.7971	0.5725
			-0.2234	0.6036	-0.7654
			-0.9556	0.0193	0.2941
			-0.1923	-0.7971	-0.5725
			0.2234	-0.6036	0.7654
			0.9556	-0.0193	-0.2941
		b:
			-29.6389
			-38.0438
			263.7502
			-258.351
			-250.0817
			258.9589
			318.5751
			-198.3351
			-94.8149
			-311.5751
			213.3351
			101.8149
	==================================================================================
	Q6:
		Shape: Polyhedra
		q_c:	205.0	122.0	300.0
		ub :	214.5284	131.2357	307.2929
		lb :	195.4716	112.7643	292.7071
		A:
			0.284	0.1425	-0.9482
			0.7836	-0.5566	-0.2761
			0.5583	-0.5663	0.6063
			0.8681	-0.3698	0.3313
			-0.1959	-0.2022	0.9596
			-0.0025	0.9002	-0.4354
			0.7904	0.5084	0.3416
			-0.0056	-0.5517	0.834
			0.6125	-0.6611	-0.4333
			-0.7904	-0.5084	-0.3416
			0.0056	0.5517	-0.834
			-0.6125	0.6611	0.4333
		b:
			-204.9829
			16.397
			231.6344
			238.2757
			226.5578
			-17.286
			333.56
			184.2445
			-78.5675
			-319.56
			-179.2445
			91.5675


===========================================================================================
===========================================================================================
S2:
	q_c:	184.5	452.0	212.5
	ub :	209.8891	480.7081	239.9638
	lb :	165.4747	428.6737	192.6354

	==================================================================================
	Q1:
		Shape: Ellipse
		q_c:	196.5	456.0	203.0
		ub :	203.3185	467.6747	213.3646
		lb :	189.6815	444.3253	192.6354
		P^-1:
			0.0237	-0.0001	-0.0002
			-0.0001	0.0103	-0.0013
			-0.0002	-0.0013	0.0153
	==================================================================================
	Q2:
		Shape: Polyhedra
		q_c:	183.0	440.5	221.5
		ub :	194.3852	452.3263	232.7449
		lb :	171.6148	428.6737	210.2551
		A:
			0.5091	-0.0482	0.8594
			-0.4241	0.6556	-0.6248
			-0.4726	0.4859	0.7352
			0.4874	-0.8255	-0.2845
			0.3076	-0.8571	-0.4132
			0.3644	-0.8693	0.3339
			0.2108	0.621	0.7549
			0.9744	-0.1953	-0.1115
			0.0782	0.7591	-0.6463
			-0.2108	-0.621	-0.7549
			-0.9744	0.1953	0.1115
			-0.0782	-0.7591	0.6463
		b:
			270.001
			80.4591
			298.7624
			-329.0717
			-404.786
			-234.6123
			486.852
			77.1029
			212.531
			-471.852
			-58.1029
			-198.531
	==================================================================================
	Q3:
		Shape: Hybrid
		q_c:	183.5	440.0	224.0
		ub :	191.3551	446.3377	227.7613
		lb :	175.6449	433.6623	220.2387
		P^-1:
			0.0492	-0.0406	-0.0187
			-0.0406	0.0856	-0.0049
			-0.0187	-0.0049	0.1568
		A:
			0.958	0.0785	-0.2757
			0.2228	-0.9635	0.1487
			-0.346	0.2348	0.9084
			0.0521	-0.9402	-0.3366
			0.8166	-0.2157	0.5353
			0.1582	-0.9866	-0.039
		b:
			153.1828
			-347.4354
			244.6071
			-476.4521
			178.5879
			-411.1476
	==================================================================================
	Q4:
		Shape: Ellipse
		q_c:	173.5	456.5	215.0
		ub :	181.5253	466.2397	224.9706
		lb :	165.4747	446.7603	205.0294
		P^-1:
			0.0624	0.0096	-0.0238
			0.0096	0.0329	-0.0155
			-0.0238	-0.0155	0.0351
	==================================================================================
	Q5:
		Shape: Ellipse
		q_c:	197.5	469.0	229.0
		ub :	209.8891	480.7081	239.9638
		lb :	185.1109	457.2919	218.0362
		P^-1:
			0.0196	-0.0007	0.001
			-0.0007	0.0197	0.0009
			0.001	0.0009	0.0192
	==================================================================================
	Q6:
		Shape: Ellipse
		q_c:	174.5	451.5	219.0
		ub :	177.9788	458.6	225.1619
		lb :	171.0212	444.4	212.8381
		P^-1:
			0.4084	-0.0736	-0.0896
			-0.0736	0.0552	-0.006
			-0.0896	-0.006	0.0903


===========================================================================================
===========================================================================================
S3:
	q_c:	435.0	139.5	18.0
	ub :	461.6465	163.6108	35.4683
	lb :	409.8175	114.345	-7.0556

	==================================================================================
	Q1:
		Shape: Ellipse
		q_c:	432.0	128.5	1.0
		ub :	439.508	136.2676	9.0556
		lb :	424.492	120.7324	-7.0556
		P^-1:
			0.0274	0.0281	0.0278
			0.0281	0.1298	0.1137
			0.0278	0.1137	0.1288
	==================================================================================
	Q2:
		Shape: Polyhedra
		q_c:	452.0	125.5	12.5
		ub :	461.6465	136.655	23.0192
		lb :	442.3535	114.345	1.9808
		A:
			-0.927	0.0523	-0.3715
			-0.9736	-0.2248	-0.0402
			0.5789	-0.0916	0.8102
			-0.6727	0.6565	0.3412
			-0.1947	-0.6587	0.7267
			-0.5974	-0.7495	-0.2853
			0.5413	0.4161	0.7306
			-0.8024	-0.004	0.5967
			0.2512	-0.9093	0.3318
			-0.5413	-0.4161	-0.7306
			0.8024	0.004	-0.5967
			-0.2512	0.9093	-0.3318
		b:
			-410.6007
			-463.3082
			267.3313
			-210.1066
			-153.4555
			-360.9281
			312.0186
			-350.7391
			13.0854
			-300.0186
			360.7391
			5.9146
	==================================================================================
	Q3:
		Shape: Ellipse
		q_c:	449.5	130.0	7.0
		ub :	457.8571	138.2316	13.5078
		lb :	441.1429	121.7684	0.4922
		P^-1:
			0.0405	0.027	-0.0202
			0.027	0.0671	-0.0312
			-0.0202	-0.0312	0.0602
	==================================================================================
	Q4:
		Shape: Ellipse
		q_c:	420.0	135.5	26.0
		ub :	430.1825	146.6955	35.4683
		lb :	409.8175	124.3045	16.5317
		P^-1:
			0.0266	0.0041	0.0007
			0.0041	0.0139	-0.0024
			0.0007	-0.0024	0.0274
	==================================================================================
	Q5:
		Shape: Ellipse
		q_c:	426.5	127.0	14.0
		ub :	430.7876	133.4154	17.7939
		lb :	422.2124	120.5846	10.2061
		P^-1:
			0.081	0.0056	0.0001
			0.0056	0.0284	-0.001
			0.0001	-0.001	0.0816
	==================================================================================
	Q6:
		Shape: Polyhedra
		q_c:	433.5	154.0	22.5
		ub :	442.788	163.6108	32.8975
		lb :	424.212	144.3892	12.1025
		A:
			-0.1063	0.9943	0.0075
			-0.8785	-0.4337	-0.2004
			-0.0504	-0.7183	-0.6939
			0.2898	0.7218	0.6285
			0.2579	-0.9593	-0.1152
			0.8284	0.5601	-0.0055
			0.3836	0.8149	0.4346
			0.9192	-0.2915	-0.2647
			-0.089	0.501	-0.8608
			-0.3836	-0.8149	-0.4346
			-0.9192	0.2915	0.2647
			0.089	-0.501	0.8608
		b:
			113.1139
			-446.2524
			-142.9327
			255.6248
			-32.4298
			451.1446
			306.0503
			355.1259
			26.6864
			-297.0503
			-340.1259
			-11.6864


===========================================================================================
===========================================================================================
S4:
	q_c:	460.5	50.5	266.5
	ub :	479.968	76.4999	287.7634
	lb :	431.095	29.4368	248.0336

	==================================================================================
	Q1:
		Shape: Polyhedra
		q_c:	467.0	37.5	275.5
		ub :	475.3156	45.5632	283.1442
		lb :	458.6844	29.4368	267.8558
		A:
			-0.5134	0.344	-0.7862
			-0.6747	-0.6447	0.3593
			0.1589	-0.9093	-0.3845
			-0.7263	0.6408	-0.2486
			-0.573	0.6385	0.5138
			0.7797	-0.5692	0.261
			0.0218	0.2026	0.979
			0.2992	0.933	-0.1998
			-0.9539	0.2973	-0.0402
			-0.0218	-0.2026	-0.979
			-0.2992	-0.933	0.1998
			0.9539	-0.2973	0.0402
		b:
			-436.8937
			-234.7515
			-59.9502
			-376.9986
			-95.4341
			421.4523
			294.0178
			124.6764
			-438.4285
			-281.0178
			-114.6764
			452.4285
	==================================================================================
	Q2:
		Shape: Polyhedra
		q_c:	472.5	40.5	267.0
		ub :	479.968	47.1647	274.9511
		lb :	465.032	33.8353	259.0489
		A:
			-0.7242	-0.2702	-0.6345
			0.3711	0.7469	-0.5517
			-0.4121	-0.1143	-0.904
			0.0819	-0.9276	0.3646
			-0.0026	0.5454	0.8382
			-0.2783	-0.9605	-0.0001
			0.0918	0.4341	0.8962
			-0.1237	0.898	-0.4223
			-0.9881	-0.0721	0.1361
			-0.0918	-0.4341	-0.8962
			0.1237	-0.898	0.4223
			0.9881	0.0721	-0.1361
		b:
			-516.3353
			63.0777
			-434.8226
			102.4813
			250.6371
			-165.6002
			306.2471
			-130.8073
			-426.933
			-294.2471
			138.8073
			439.933
	==================================================================================
	Q3:
		Shape: Hybrid
		q_c:	453.5	61.5	260.0
		ub :	464.4384	72.9891	270.1729
		lb :	442.5616	50.0109	249.8271
		P^-1:
			0.0273	0.0127	0.0044
			0.0127	0.0269	-0.0018
			0.0044	-0.0018	0.0219
		A:
			-0.6332	-0.1055	0.7668
			0.1512	0.6173	-0.7721
			0.1655	-0.4935	-0.8539
			-0.1997	-0.8154	0.5434
			0.3567	0.1492	-0.9222
			0.7811	0.6234	0.0359
		b:
			-89.2598
			-90.4727
			-171.8212
			4.0547
			-64.1254
			404.4584
	==================================================================================
	Q4:
		Shape: Polyhedra
		q_c:	459.5	44.0	278.0
		ub :	468.4566	54.2709	287.7634
		lb :	450.5434	33.7291	268.2366
		A:
			0.8651	0.1812	-0.4677
			0.7931	0.5829	-0.1769
			-0.7947	0.1851	0.5781
			-0.8548	-0.5144	0.0691
			-0.8255	-0.5524	0.1157
			-0.9766	-0.2068	-0.0593
			0.623	0.533	0.5725
			-0.3062	0.8397	-0.4485
			-0.7198	0.1041	0.6863
			-0.623	-0.533	-0.5725
			0.3062	-0.8397	0.4485
			0.7198	-0.1041	-0.6863
		b:
			280.1206
			346.1916
			-191.7014
			-391.1675
			-366.3024
			-469.4073
			473.8921
			-219.9193
			-130.8702
			-463.8921
			236.9193
			139.8702
	==================================================================================
	Q5:
		Shape: Ellipse
		q_c:	455.5	64.5	259.5
		ub :	468.1604	76.4999	269.6293
		lb :	442.8396	52.5001	249.3707
		P^-1:
			0.0209	0.0016	0.0127
			0.0016	0.0126	0.0023
			0.0127	0.0023	0.0311
	==================================================================================
	Q6:
		Shape: Ellipse
		q_c:	444.0	54.0	260.5
		ub :	456.905	63.0522	272.9664
		lb :	431.095	44.9478	248.0336
		P^-1:
			0.0152	0.0022	0.002
			0.0022	0.0231	0.0001
			0.002	0.0001	0.0121


===========================================================================================
===========================================================================================
S5:
	q_c:	216.5	189.5	395.0
	ub :	227.6499	201.9251	405.0837
	lb :	205.6526	180.13	382.4125

	==================================================================================
	Q1:
		Shape: Hybrid
		q_c:	220.0	189.5	397.0
		ub :	225.6745	195.2904	402.4676
		lb :	214.3255	183.7096	391.5324
		P^-1:
			0.0694	0.0036	0.0103
			0.0036	0.0873	-0.0162
			0.0103	-0.0162	0.0986
		A:
			0.1151	0.568	-0.8149
			0.5869	0.3662	-0.7221
			-0.7913	0.5775	0.201
			0.6407	0.215	0.7371
			0.6513	0.083	0.7542
			0.8692	0.492	-0.0499
		b:
			-189.0037
			-86.1695
			17.6015
			476.153
			460.2595
			266.7907
	==================================================================================
	Q2:
		Shape: Polyhedra
		q_c:	210.5	195.5	389.0
		ub :	215.3474	201.9251	395.5875
		lb :	205.6526	189.0749	382.4125
		A:
			0.6382	0.7034	0.313
			0.3945	-0.9003	0.1837
			-0.8898	0.3561	-0.2853
			-0.6048	0.7628	0.2289
			-0.3888	0.8513	0.3523
			-0.6911	-0.1456	-0.7079
			0.0721	0.7155	0.6949
			-0.804	0.454	-0.384
			-0.5902	-0.5311	0.608
			-0.0721	-0.7155	-0.6949
			0.804	-0.454	0.384
			0.5902	0.5311	-0.608
		b:
			397.8076
			-18.4249
			-226.5571
			113.9439
			225.1233
			-446.3194
			429.3724
			-227.8664
			13.4412
			-421.3724
			231.8664
			-3.4412
	==================================================================================
	Q3:
		Shape: Ellipse
		q_c:	217.0	187.5	393.0
		ub :	220.8149	192.3886	397.9412
		lb :	213.1851	182.6114	388.0588
		P^-1:
			0.1929	-0.0234	-0.0427
			-0.0234	0.1585	0.0716
			-0.0427	0.0716	0.1211
	==================================================================================
	Q4:
		Shape: Ellipse
		q_c:	214.5	186.5	396.5
		ub :	220.6789	192.87	402.0703
		lb :	208.3211	180.13	390.9297
		P^-1:
			0.0724	-0.0095	-0.0008
			-0.0095	0.0717	0.0007
			-0.0008	0.0007	0.0626
	==================================================================================
	Q5:
		Shape: Hybrid
		q_c:	223.5	196.5	400.0
		ub :	227.6499	201.4386	404.2449
		lb :	219.3501	191.5614	395.7551
		P^-1:
			0.5201	0.2198	0.4104
			0.2198	0.1855	0.1715
			0.4104	0.1715	0.468
		A:
			0.3242	-0.0158	0.9459
			0.6746	0.0781	0.734
			-0.7238	-0.6545	-0.2184
			-0.3982	0.9112	-0.1056
			-0.2663	-0.3555	-0.8959
			-0.8331	-0.2831	-0.4752
		b:
			449.1301
			460.5044
			-376.4875
			50.9502
			-486.2247
			-431.1174
	==================================================================================
	Q6:
		Shape: Ellipse
		q_c:	216.5	192.0	398.5
		ub :	221.7209	198.004	405.0837
		lb :	211.2791	185.996	391.9163
		P^-1:
			0.1245	-0.0363	-0.0403
			-0.0363	0.0867	-0.0014
			-0.0403	-0.0014	0.0704


===========================================================================================
===========================================================================================
S6:
	q_c:	271.0	342.0	404.0
	ub :	291.2832	370.6576	427.1438
	lb :	247.0783	329.8041	374.0008

	==================================================================================
	Q1:
		Shape: Ellipse
		q_c:	287.5	346.0	408.5
		ub :	291.2832	352.1863	414.6652
		lb :	283.7168	339.8137	402.3348
		P^-1:
			0.1544	-0.0121	-0.0206
			-0.0121	0.0545	-0.0036
			-0.0206	-0.0036	0.063
	==================================================================================
	Q2:
		Shape: Ellipse
		q_c:	278.0	344.5	387.5
		ub :	288.9839	358.5725	400.9992
		lb :	267.0161	330.4275	374.0008
		P^-1:
			0.0219	-0.0033	0.0004
			-0.0033	0.0146	-0.0044
			0.0004	-0.0044	0.0149
	==================================================================================
	Q3:
		Shape: Polyhedra
		q_c:	270.0	344.0	397.5
		ub :	276.392	349.7834	403.9116
		lb :	263.608	338.2166	391.0884
		A:
			-0.6299	-0.1041	-0.7696
			-0.7751	-0.5108	0.3718
			-0.7839	0.0634	-0.6177
			-0.1266	0.799	-0.5878
			-0.487	-0.87	-0.0774
			-0.3967	0.7468	0.5338
			0.8064	0.1626	0.5685
			-0.1723	0.9843	-0.0372
			-0.5657	-0.068	0.8218
			-0.8064	-0.1626	-0.5685
			0.1723	-0.9843	0.0372
			0.5657	0.068	-0.8218
		b:
			-508.5655
			-232.2855
			-432.2043
			11.977
			-457.0413
			367.1535
			502.6707
			282.3098
			156.0681
			-496.6707
			-272.3098
			-145.0681
	==================================================================================
	Q4:
		Shape: Polyhedra
		q_c:	278.5	341.0	393.0
		ub :	288.6098	352.1959	404.9775
		lb :	268.3902	329.8041	381.0225
		A:
			-0.1019	0.6891	-0.7175
			0.0234	-0.1211	0.9924
			0.0336	0.2188	-0.9752
			0.8946	-0.0929	-0.4372
			0.8416	0.4029	-0.3596
			0.8784	-0.4622	-0.1217
			0.9577	0.0045	0.2878
			-0.2604	0.44	0.8594
			-0.1227	-0.898	0.4225
			-0.9577	-0.0045	-0.2878
			0.2604	-0.44	-0.8594
			0.1227	0.898	-0.4225
		b:
			-66.6427
			362.8599
			-291.4559
			53.0287
			238.5021
			46.6642
			388.8733
			422.2757
			-165.3353
			-373.8733
			-408.2757
			183.3353
	==================================================================================
	Q5:
		Shape: Hybrid
		q_c:	280.0	345.5	402.5
		ub :	284.1826	352.3926	409.9582
		lb :	275.8174	338.6074	395.0418
		P^-1:
			0.3854	-0.0106	-0.1441
			-0.0106	0.0443	-0.0057
			-0.1441	-0.0057	0.0919
		A:
			-0.5009	0.5164	0.6946
			0.9038	-0.3854	0.1861
			0.8827	-0.2124	-0.4193
			0.9761	0.0451	-0.2124
			-0.8325	-0.1272	0.5392
			0.7627	0.0009	-0.6468
		b:
			321.1036
			197.3299
			6.0598
			204.5148
			-58.9156
			-44.9832
	==================================================================================
	Q6:
		Shape: Ellipse
		q_c:	255.0	362.5	420.0
		ub :	262.9217	370.6576	427.1438
		lb :	247.0783	354.3424	412.8562
		P^-1:
			0.0439	0.0042	-0.0049
			0.0042	0.0213	0.0006
			-0.0049	0.0006	0.0446


===========================================================================================
===========================================================================================
S7:
	q_c:	264.5	130.5	482.5
	ub :	269.5544	137.9252	494.0244
	lb :	255.1585	123.0477	473.9418

	==================================================================================
	Q1:
		Shape: Hybrid
		q_c:	264.5	131.5	489.0
		ub :	269.5544	136.0407	494.0244
		lb :	259.4456	126.9593	483.9756
		P^-1:
			0.1087	0.0077	-0.0024
			0.0077	0.0864	0.0078
			-0.0024	0.0078	0.1087
		A:
			-0.8263	0.5616	0.0438
			-0.2128	0.3606	0.9081
			0.2809	0.0231	-0.9595
			-0.0508	-0.9979	-0.0401
			-0.0317	0.305	0.9518
			-0.9524	-0.2983	0.0631
		b:
			-121.511
			436.7017
			-390.3116
			-162.37
			498.6567
			-258.7524
	==================================================================================
	Q2:
		Shape: Polyhedra
		q_c:	259.0	134.5	481.0
		ub :	262.8415	137.9252	485.0316
		lb :	255.1585	131.0748	476.9684
		A:
			-0.3878	0.128	0.9128
			-0.4167	0.6346	0.651
			-0.8022	0.3312	-0.4969
			-0.7607	0.6424	-0.0925
			0.3132	-0.9478	-0.0597
			0.2358	-0.9692	-0.0709
			0.4865	0.6408	0.5939
			-0.2768	0.7578	-0.5909
			-0.8287	0.1231	0.546
			-0.4865	-0.6408	-0.5939
			0.2768	-0.7578	0.5909
			0.8287	-0.1231	-0.546
		b:
			358.3048
			293.0222
			-399.9938
			-152.881
			-72.8517
			-101.1757
			500.3585
			-251.9674
			67.0733
			-495.3585
			255.9674
			-62.0733
	==================================================================================
	Q3:
		Shape: Ellipse
		q_c:	259.0	127.5	480.5
		ub :	262.7742	131.9523	484.1168
		lb :	255.2258	123.0477	476.8832
		P^-1:
			0.1999	0.0163	-0.0467
			0.0163	0.0663	0.0099
			-0.0467	0.0099	0.2064
	==================================================================================
	Q4:
		Shape: Polyhedra
		q_c:	266.0	127.5	483.5
		ub :	269.1171	131.367	486.8093
		lb :	262.8829	123.633	480.1907
		A:
			-0.8293	-0.3712	-0.4177
			-0.7686	-0.3221	-0.5528
			0.5414	0.8224	0.1745
			-0.6356	-0.1735	0.7523
			0.4375	0.2437	0.8656
			0.1627	0.0047	-0.9867
			0.8611	0.5075	0.029
			0.4469	-0.7286	-0.5192
			-0.2424	0.46	-0.8542
			-0.8611	-0.5075	-0.029
			-0.4469	0.7286	0.5192
			0.2424	-0.46	0.8542
		b:
			-468.2601
			-511.0713
			335.1561
			174.7354
			568.0574
			-430.7834
			309.2837
			-222.035
			-416.8233
			-306.2837
			228.035
			420.8233
	==================================================================================
	Q5:
		Shape: Hybrid
		q_c:	264.5	131.5	484.5
		ub :	268.8015	135.3425	489.1
		lb :	260.1985	127.6575	479.9
		P^-1:
			0.306	-0.2924	0.2354
			-0.2924	0.4732	-0.3615
			0.2354	-0.3615	0.3944
		A:
			-0.5051	0.5918	-0.6282
			-0.4803	0.4833	-0.732
			0.7925	-0.5141	0.3281
			-0.406	0.8986	-0.1661
			-0.7171	0.4514	-0.531
			0.9469	0.2952	0.1276
		b:
			-359.5875
			-417.2921
			302.0423
			-68.2027
			-386.6108
			353.8783
	==================================================================================
	Q6:
		Shape: Hybrid
		q_c:	267.0	125.5	476.0
		ub :	268.7487	127.527	478.0582
		lb :	265.2513	123.473	473.9418
		P^-1:
			0.4967	-0.1289	0.0985
			-0.1289	0.7623	-0.2428
			0.0985	-0.2428	0.6299
		A:
			-0.602	0.2032	-0.7722
			0.7234	-0.6882	-0.0549
			0.8303	-0.5215	-0.1965
			-0.2303	-0.3756	0.8977
			-0.1041	-0.8284	0.5504
			-0.2642	0.7403	0.6182
		b:
			-502.0932
			81.4411
			63.5826
			319.4472
			130.8369
			317.6124


===========================================================================================
===========================================================================================
S8:
	q_c:	277.0	41.0	386.5
	ub :	289.3451	52.99	397.9914
	lb :	266.9493	34.8859	384.6543

	==================================================================================
	Q1:
		Shape: Ellipse
		q_c:	273.0	38.5	390.0
		ub :	277.7015	42.1141	394.6657
		lb :	268.2985	34.8859	385.3343
		P^-1:
			0.1217	0.0117	0.0524
			0.0117	0.2122	0.0462
			0.0524	0.0462	0.1578
	==================================================================================
	Q2:
		Shape: Ellipse
		q_c:	274.0	48.0	392.0
		ub :	277.4887	52.99	396.3847
		lb :	270.5113	43.01	387.6153
		P^-1:
			0.6622	0.0365	0.4419
			0.0365	0.0674	0.0353
			0.4419	0.0353	0.4145
	==================================================================================
	Q3:
		Shape: Polyhedra
		q_c:	283.5	44.5	393.5
		ub :	289.3451	49.6925	397.9914
		lb :	277.6549	39.3075	389.0086
		A:
			0.2584	-0.4856	0.8351
			0.0853	0.9002	-0.427
			-0.1098	-0.8995	-0.4229
			0.4881	0.8688	0.0833
			0.5393	-0.6915	0.4807
			-0.0253	-0.8015	0.5974
			0.2496	0.1063	0.9625
			-0.4274	0.904	0.011
			-0.8689	-0.4141	0.271
			-0.2496	-0.1063	-0.9625
			0.4274	-0.904	-0.011
			0.8689	0.4141	-0.271
		b:
			383.7912
			-100.1112
			-233.9931
			213.6273
			314.7725
			195.9079
			457.7289
			-73.1202
			-154.1146
			-450.7289
			80.1202
			162.1146
	==================================================================================
	Q4:
		Shape: Polyhedra
		q_c:	271.5	42.0	392.0
		ub :	276.0507	46.4949	396.2662
		lb :	266.9493	37.5051	387.7338
		A:
			0.9576	0.2329	-0.1697
			0.8013	-0.5787	-0.1519
			0.7878	-0.5944	-0.1616
			0.8344	0.2344	-0.4989
			-0.9864	-0.1606	-0.0349
			-0.968	-0.1995	-0.1521
			0.3733	0.6655	0.6463
			0.6793	-0.6705	0.2981
			0.6318	0.3278	-0.7024
			-0.3733	-0.6655	-0.6463
			-0.6793	0.6705	-0.2981
			-0.6318	-0.3278	0.7024
		b:
			205.8544
			136.583
			128.4637
			43.3581
			-285.5408
			-328.1621
			385.1615
			276.1318
			-87.5528
			-380.1615
			-270.1318
			92.5528
	==================================================================================
	Q5:
		Shape: Ellipse
		q_c:	278.5	40.0	389.0
		ub :	282.331	42.6521	392.859
		lb :	274.669	37.3479	385.141
		P^-1:
			0.2881	0.0298	0.1702
			0.0298	0.2636	0.0457
			0.1702	0.0457	0.2245
	==================================================================================
	Q6:
		Shape: Hybrid
		q_c:	271.5	44.0	388.0
		ub :	274.4224	47.3977	391.3457
		lb :	268.5776	40.6023	384.6543
		P^-1:
			0.1597	0.0237	-0.012
			0.0237	0.5082	-0.4571
			-0.012	-0.4571	0.5737
		A:
			-0.4803	0.7494	-0.4558
			0.3802	0.4439	-0.8114
			-0.0512	0.4469	-0.8931
			-0.3736	0.7428	-0.5556
			-0.5606	-0.2167	0.7992
			-0.4792	0.3292	-0.8136
		b:
			-272.997
			-191.0444
			-339.8759
			-283.3325
			149.9702
			-430.0036


===========================================================================================
===========================================================================================
