3D_35_5_6_f                l = 3

===========================================================================================
===========================================================================================
S1:
	q_c:    104.5000    249.0000    53.5000
	ub :    129.0000    257.0000    70.0000
	lb :    80.0000    241.0000    37.0000

	==================================================================================
	Q1:
		Shape: Hybrid
		q_c:    113.5000    245.5000    58.0000
		ub :    119.5169    251.5089    64.5883
		lb :    107.4831    239.4911    51.4117
		P^-1: 
			    0.0494    0.0003    0.0003
			    0.0003    0.0889    0.0296
			    0.0003    0.0296    0.0716
		A:
			    0.2306    -0.1510    0.9613
			    0.5298    0.6201    0.5785
			    0.1382    0.5029    -0.8532
			    -0.0369    0.6149    0.7877
			    -0.0699    -0.9391    0.3364
			    -0.8233    -0.0463    0.5657
		b:
			    47.5756
			    247.9241
			    92.6473
			    194.0840
			    -216.3721
			    -69.1231
	==================================================================================
	Q2:
		Shape: Ellipse
		q_c:    112.0000    242.5000    50.0000
		ub :    113.9616    247.5702    54.3453
		lb :    110.0384    237.4298    45.6547
		P^-1: 
			    3.5411    -0.5046    -1.1547
			    -0.5046    0.1239    0.1744
			    -1.1547    0.1744    0.4659
	==================================================================================
	Q3:
		Shape: Hybrid
		q_c:    108.0000    252.5000    48.0000
		ub :    113.4239    257.0020    53.2325
		lb :    102.5761    247.9980    42.7675
		P^-1: 
			    0.1935    -0.1854    -0.0018
			    -0.1854    0.3065    -0.0198
			    -0.0018    -0.0198    0.0754
		A:
			    0.3084    -0.8973    -0.3160
			    -0.8077    0.5823    -0.0923
			    0.2988    -0.6576    0.6916
			    0.2313    0.9366    -0.2631
			    -0.1670    0.6229    0.7643
			    0.1096    0.8297    -0.5474
		b:
			    -206.7827
			    56.5987
			    -98.6572
			    251.3819
			    178.5911
			    197.2894
	==================================================================================
	Q4:
		Shape: Hybrid
		q_c:    109.0000    248.5000    55.0000
		ub :    113.3138    254.2441    59.8496
		lb :    104.6862    242.7559    50.1504
		P^-1: 
			    0.0812    -0.0036    0.0011
			    -0.0036    0.0526    0.0089
			    0.0011    0.0089    0.0789
		A:
			    -0.5538    -0.8048    -0.2136
			    -0.1766    0.2285    -0.9574
			    -0.5420    0.5862    -0.6021
			    0.5065    0.1623    0.8468
			    0.4016    -0.4402    -0.8031
			    0.1866    0.2664    -0.9456
		b:
			    -269.7349
			    -13.1222
			    55.7148
			    143.8660
			    -108.0123
			    36.6030
	==================================================================================
	Q5:
		Shape: Ellipse
		q_c:    102.5000    243.0000    49.5000
		ub :    106.4515    246.5361    52.2435
		lb :    98.5485    239.4639    46.7565
		P^-1: 
			    0.1519    0.0618    -0.0136
			    0.0618    0.2111    0.0085
			    -0.0136    0.0085    0.2481
	==================================================================================
	Q6:
		Shape: Hybrid
		q_c:    111.5000    249.0000    49.0000
		ub :    116.7606    254.8499    55.1029
		lb :    106.2394    243.1501    42.8971
		P^-1: 
			    0.0927    0.0136    0.0070
			    0.0136    0.0816    0.0179
			    0.0070    0.0179    0.0810
		A:
			    0.4833    0.6658    0.5684
			    -0.8544    -0.4548    0.2514
			    -0.8620    0.4843    0.1495
			    0.0389    -0.8393    -0.5423
			    0.1235    0.0109    -0.9923
			    -0.9003    0.0850    -0.4268
		b:
			    249.0471
			    -194.3481
			    33.8720
			    -229.4421
			    -30.0023
			    -98.2496


===========================================================================================
===========================================================================================
S2:
	q_c:    177.0000    383.0000    190.5000
	ub :    180.0000    405.0000    200.0000
	lb :    174.0000    361.0000    181.0000

	==================================================================================
	Q1:
		Shape: Ellipse
		q_c:    180.0000    383.5000    191.0000
		ub :    182.1082    386.0031    193.8645
		lb :    177.8918    380.9969    188.1355
		P^-1: 
			    0.6824    0.2330    0.1603
			    0.2330    0.6612    0.2147
			    0.1603    0.2147    0.2608
	==================================================================================
	Q2:
		Shape: Ellipse
		q_c:    178.5000    386.5000    189.5000
		ub :    181.5087    389.5195    192.0551
		lb :    175.4913    383.4805    186.9449
		P^-1: 
			    0.1667    -0.0293    0.0060
			    -0.0293    0.3089    -0.0925
			    0.0060    -0.0925    0.3788
	==================================================================================
	Q3:
		Shape: Hybrid
		q_c:    181.5000    380.5000    190.0000
		ub :    184.7661    383.3769    192.4636
		lb :    178.2339    377.6231    187.5364
		P^-1: 
			    0.2763    0.1298    -0.0520
			    0.1298    0.3443    0.0402
			    -0.0520    0.0402    0.4283
		A:
			    -0.5361    0.7196    0.4413
			    0.1127    -0.2708    0.9560
			    0.9097    0.3138    -0.2721
			    0.3764    -0.5425    -0.7510
			    -0.0691    -0.4369    -0.8968
			    -0.1313    0.0332    0.9908
		b:
			    261.7241
			    100.0969
			    233.7828
			    -279.7977
			    -348.4479
			    177.8017
	==================================================================================
	Q4:
		Shape: Hybrid
		q_c:    179.5000    384.5000    194.0000
		ub :    181.0041    385.5697    195.5409
		lb :    177.9959    383.4303    192.4591
		P^-1: 
			    2.3886    -0.6212    1.6574
			    -0.6212    3.7605    0.6389
			    1.6574    0.6389    2.2954
		A:
			    -0.7081    -0.4515    -0.5428
			    0.0721    0.9959    0.0545
			    -0.5907    0.2288    -0.7737
			    0.5370    -0.6953    -0.4777
			    0.3481    -0.9263    -0.1442
			    0.2740    -0.6381    -0.7195
		b:
			    -405.6951
			    406.8152
			    -167.8457
			    -263.0104
			    -321.3675
			    -335.1184
	==================================================================================
	Q5:
		Shape: Ellipse
		q_c:    174.5000    384.5000    189.5000
		ub :    176.3509    386.6178    191.4779
		lb :    172.6491    382.3822    187.5221
		P^-1: 
			    1.1302    0.7644    1.1834
			    0.7644    1.0847    1.3580
			    1.1834    1.3580    2.4795
	==================================================================================
	Q6:
		Shape: Hybrid
		q_c:    177.5000    385.5000    192.5000
		ub :    179.8258    387.7211    194.9225
		lb :    175.1742    383.2789    190.0775
		P^-1: 
			    0.2559    -0.0099    0.0318
			    -0.0099    0.4439    0.0017
			    0.0318    0.0017    0.4391
		A:
			    -0.5241    0.8237    -0.2165
			    -0.4412    -0.8784    -0.1838
			    0.0178    -0.9546    -0.2973
			    0.2167    -0.4700    0.8556
			    -0.6934    -0.3373    -0.6367
			    0.3874    0.8966    -0.2147
		b:
			    183.6968
			    -451.4471
			    -421.3179
			    22.7386
			    -374.7320
			    373.9426


===========================================================================================
===========================================================================================
S3:
	q_c:    49.5000    344.5000    168.5000
	ub :    59.0000    354.0000    176.0000
	lb :    40.0000    335.0000    161.0000

	==================================================================================
	Q1:
		Shape: Ellipse
		q_c:    45.5000    348.0000    174.5000
		ub :    50.2931    352.8611    178.7263
		lb :    40.7069    343.1389    170.2737
		P^-1: 
			    0.1009    0.0045    -0.0407
			    0.0045    0.2185    -0.1779
			    -0.0407    -0.1779    0.2987
	==================================================================================
	Q2:
		Shape: Ellipse
		q_c:    44.5000    351.5000    174.0000
		ub :    50.8129    357.3334    179.2468
		lb :    38.1871    345.6666    168.7532
		P^-1: 
			    0.0495    0.0165    0.0163
			    0.0165    0.0816    0.0071
			    0.0163    0.0071    0.1016
	==================================================================================
	Q3:
		Shape: Hybrid
		q_c:    50.5000    345.5000    162.5000
		ub :    56.6055    351.8510    167.7314
		lb :    44.3945    339.1490    157.2686
		P^-1: 
			    0.0768    -0.0348    -0.0055
			    -0.0348    0.0755    -0.0020
			    -0.0055    -0.0020    0.0613
		A:
			    -0.2573    0.6634    0.7026
			    0.8367    -0.3831    0.3914
			    0.5365    -0.3447    0.7703
			    0.0826    -0.2791    -0.9567
			    0.5819    0.3182    -0.7485
			    -0.0467    0.4712    0.8808
		b:
			    332.7034
			    -24.4672
			    35.4761
			    -245.1423
			    20.3452
			    306.2055
	==================================================================================
	Q4:
		Shape: Polyhedra
		q_c:    49.0000    348.0000    169.0000
		ub :    53.8742    351.9151    174.1096
		lb :    44.1258    344.0849    163.8904
		A:
			    0.5036    0.4317    -0.7483
			    -0.5342    0.5269    -0.6611
			    -0.4749    0.3119    0.8229
			    -0.8017    -0.5068    -0.3168
			    -0.3478    -0.9359    -0.0561
			    0.3295    -0.9412    -0.0751
			    0.8615    0.0284    0.5069
			    -0.5072    0.0952    0.8566
			    -0.0239    -0.9951    0.0964
			    -0.8615    -0.0284    -0.5069
			    0.5072    -0.0952    -0.8566
			    0.0239    0.9951    -0.0964
		b:
			    51.9558
			    48.9429
			    227.8421
			    -265.6985
			    -348.7079
			    -320.5694
			    141.2592
			    156.5333
			    -327.6634
			    -134.2592
			    -149.5333
			    334.6634
	==================================================================================
	Q5:
		Shape: Polyhedra
		q_c:    54.0000    338.5000    174.5000
		ub :    61.1053    345.5936    180.0066
		lb :    46.8947    331.4064    168.9934
		A:
			    -0.3764    -0.7553    0.5365
			    0.0143    0.7483    0.6633
			    0.3595    0.9330    -0.0156
			    -0.5555    -0.0902    0.8266
			    0.3426    -0.4890    -0.8022
			    -0.2555    0.1964    -0.9467
			    0.9347    0.3076    0.1781
			    0.2306    -0.9061    0.3547
			    0.2705    -0.2904    -0.9179
			    -0.9347    -0.3076    -0.1781
			    -0.2306    0.9061    -0.3547
			    -0.2705    0.2904    0.9179
		b:
			    -177.4876
			    373.6538
			    337.6782
			    87.3642
			    -283.8484
			    -108.4194
			    191.1772
			    -227.3723
			    -240.8761
			    -180.1772
			    237.3723
			    246.8761
	==================================================================================
	Q6:
		Shape: Polyhedra
		q_c:    51.5000    343.5000    162.0000
		ub :    56.4896    347.7511    166.8515
		lb :    46.5104    339.2489    157.1485
		A:
			    0.0548    0.7261    -0.6854
			    -0.0031    0.4281    0.9037
			    0.3452    0.2741    -0.8976
			    0.1662    -0.3519    0.9212
			    -0.1972    -0.9764    0.0881
			    0.7420    0.4400    0.5058
			    0.3171    0.7470    0.5843
			    0.6774    -0.6096    0.4118
			    0.6638    0.2652    -0.6993
			    -0.3171    -0.7470    -0.5843
			    -0.6774    0.6096    -0.4118
			    -0.6638    -0.2652    0.6993
		b:
			    144.4401
			    295.7959
			    -30.0561
			    40.0324
			    -328.6529
			    273.6342
			    369.5924
			    -104.7973
			    15.5044
			    -365.5924
			    110.7973
			    -8.5044


===========================================================================================
===========================================================================================
S4:
	q_c:    504.5000    356.5000    435.5000
	ub :    516.0000    375.0000    465.0000
	lb :    493.0000    338.0000    406.0000

	==================================================================================
	Q1:
		Shape: Hybrid
		q_c:    511.5000    356.0000    446.5000
		ub :    519.4071    363.6152    455.0245
		lb :    503.5929    348.3848    437.9755
		P^-1: 
			    0.0519    -0.0206    0.0046
			    -0.0206    0.0591    -0.0155
			    0.0046    -0.0155    0.0384
		A:
			    -0.9976    -0.0583    0.0370
			    0.0184    0.6410    -0.7673
			    0.0481    -0.9792    -0.1969
			    -0.2422    -0.1573    -0.9574
			    -0.8261    0.5146    0.2298
			    -0.0838    0.9054    -0.4161
		b:
			    -511.4519
			    -102.4263
			    -408.7637
			    -603.4882
			    -134.3198
			    95.9303
	==================================================================================
	Q2:
		Shape: Hybrid
		q_c:    515.5000    358.0000    428.5000
		ub :    523.1206    363.0452    435.8816
		lb :    507.8794    352.9548    421.1184
		P^-1: 
			    0.0796    -0.0714    0.0587
			    -0.0714    0.1677    -0.0613
			    0.0587    -0.0613    0.0889
		A:
			    -0.4767    -0.8538    0.2091
			    -0.4989    0.6892    -0.5254
			    0.1454    0.9874    0.0619
			    -0.3959    0.9153    0.0740
			    0.2936    -0.6436    -0.7068
			    0.7161    0.0969    0.6912
		b:
			    -457.9826
			    -234.5800
			    457.4758
			    157.2741
			    -378.1158
			    702.6320
	==================================================================================
	Q3:
		Shape: Polyhedra
		q_c:    510.5000    350.5000    428.5000
		ub :    515.0495    353.0563    432.4115
		lb :    505.9505    347.9437    424.5885
		A:
			    -0.3176    0.4102    -0.8549
			    -0.4408    -0.8762    0.1947
			    -0.1451    -0.5722    0.8071
			    0.4466    0.8796    0.1640
			    -0.9201    -0.0360    0.3900
			    0.0229    0.4991    -0.8662
			    0.4427    0.1948    0.8753
			    -0.0406    0.9795    -0.1975
			    -0.8958    0.0519    0.4415
			    -0.4427    -0.1948    -0.8753
			    0.0406    -0.9795    0.1975
			    0.8958    -0.0519    -0.4415
		b:
			    -382.6897
			    -446.2096
			    73.7498
			    608.7947
			    -311.2517
			    -182.1557
			    671.3207
			    239.9775
			    -245.8985
			    -667.3207
			    -235.9775
			    253.8985
	==================================================================================
	Q4:
		Shape: Polyhedra
		q_c:    510.5000    364.0000    448.5000
		ub :    520.8950    373.6382    459.9479
		lb :    500.1050    354.3618    437.0521
		A:
			    0.1462    0.3229    0.9351
			    -0.2041    0.9358    0.2875
			    -0.2268    -0.1156    -0.9671
			    -0.5097    -0.7947    -0.3297
			    -0.0130    -0.7218    -0.6920
			    -0.9477    -0.3087    -0.0810
			    0.4203    0.7829    0.4588
			    0.8330    -0.1323    -0.5373
			    -0.3599    0.6080    -0.7077
			    -0.4203    -0.7829    -0.4588
			    -0.8330    0.1323    0.5373
			    0.3599    -0.6080    0.7077
		b:
			    617.7712
			    371.3577
			    -584.8116
			    -692.2875
			    -574.3409
			    -626.5709
			    710.2869
			    142.5772
			    -271.8425
			    -700.2869
			    -129.5772
			    287.8425
	==================================================================================
	Q5:
		Shape: Ellipse
		q_c:    499.5000    356.5000    428.0000
		ub :    504.6988    361.2667    432.0689
		lb :    494.3012    351.7333    423.9311
		P^-1: 
			    0.1491    -0.0621    -0.0989
			    -0.0621    0.2377    -0.1319
			    -0.0989    -0.1319    0.3476
	==================================================================================
	Q6:
		Shape: Polyhedra
		q_c:    519.0000    345.5000    428.0000
		ub :    524.8061    351.7284    431.1557
		lb :    513.1939    339.2716    424.8443
		A:
			    -0.0889    0.1593    -0.9832
			    -0.2942    -0.8995    -0.3232
			    0.3220    -0.1641    -0.9324
			    0.1445    0.4596    -0.8763
			    0.9361    0.1043    -0.3359
			    0.7455    0.6660    -0.0252
			    0.8152    0.4409    0.3756
			    0.5061    -0.8576    -0.0915
			    0.2818    0.2647    -0.9222
			    -0.8152    -0.4409    -0.3756
			    -0.5061    0.8576    0.0915
			    -0.2818    -0.2647    0.9222
		b:
			    -409.9447
			    -597.5443
			    -286.2320
			    -139.3711
			    381.4083
			    609.5626
			    739.6736
			    -67.8294
			    -155.5335
			    -732.6736
			    77.8294
			    158.5335


===========================================================================================
===========================================================================================
S5:
	q_c:    208.5000    120.0000    73.5000
	ub :    228.0000    142.0000    96.0000
	lb :    189.0000    98.0000    51.0000

	==================================================================================
	Q1:
		Shape: Polyhedra
		q_c:    225.0000    121.0000    68.0000
		ub :    236.9791    137.6228    83.0201
		lb :    213.0209    104.3772    52.9799
		A:
			    -0.7252    0.2320    0.6483
			    -0.8101    0.5099    -0.2894
			    0.7122    0.3853    -0.5868
			    -0.8284    -0.4404    0.3461
			    -0.8610    -0.1511    0.4857
			    -0.5389    0.8406    -0.0537
			    0.4087    0.8025    0.4347
			    -0.1090    0.5158    -0.8498
			    -0.9062    0.2999    0.2982
			    -0.4087    -0.8025    -0.4347
			    0.1090    -0.5158    0.8498
			    0.9062    -0.2999    -0.2982
		b:
			    -83.8989
			    -132.7411
			    175.3786
			    -207.0415
			    -171.4886
			    -14.5470
			    231.1116
			    -10.8960
			    -140.8197
			    -206.1116
			    28.8960
			    153.8197
	==================================================================================
	Q2:
		Shape: Hybrid
		q_c:    211.5000    139.0000    55.5000
		ub :    223.7867    152.7259    67.5104
		lb :    199.2133    125.2741    43.4896
		P^-1: 
			    0.1170    -0.0413    -0.1113
			    -0.0413    0.0315    0.0489
			    -0.1113    0.0489    0.1230
		A:
			    0.7338    -0.0669    -0.6760
			    -0.4421    0.5400    0.7162
			    -0.7576    0.2721    0.5934
			    -0.7242    -0.5074    0.4670
			    -0.0695    0.9725    0.2225
			    -0.7863    -0.0745    0.6133
		b:
			    110.1006
			    23.6025
			    -87.9564
			    -192.2324
			    139.9340
			    -140.0281
	==================================================================================
	Q3:
		Shape: Polyhedra
		q_c:    224.5000    111.5000    90.5000
		ub :    240.4317    123.5138    104.5818
		lb :    208.5683    99.4862    76.4182
		A:
			    0.0444    0.9286    -0.3685
			    -0.4032    0.5360    0.7417
			    -0.1643    0.9809    0.1038
			    -0.3516    0.5598    0.7503
			    -0.1274    -0.5147    -0.8478
			    -0.3216    -0.3736    -0.8700
			    0.3191    0.9254    0.2046
			    0.5569    -0.0084    -0.8306
			    -0.7668    0.3790    -0.5180
			    -0.3191    -0.9254    -0.2046
			    -0.5569    0.0084    0.8306
			    0.7668    -0.3790    0.5180
		b:
			    89.3238
			    44.1151
			    90.8105
			    59.1049
			    -154.3522
			    -183.3124
			    201.3369
			    56.4138
			    -164.7796
			    -185.3369
			    -41.4138
			    188.7796
	==================================================================================
	Q4:
		Shape: Ellipse
		q_c:    202.0000    108.5000    84.5000
		ub :    217.3039    121.7643    97.2685
		lb :    186.6961    95.2357    71.7315
		P^-1: 
			    0.0059    0.0013    -0.0009
			    0.0013    0.0173    0.0058
			    -0.0009    0.0058    0.0184
	==================================================================================
	Q5:
		Shape: Polyhedra
		q_c:    216.5000    129.5000    56.0000
		ub :    229.2411    141.6770    67.6757
		lb :    203.7589    117.3230    44.3243
		A:
			    -0.7408    -0.0289    0.6711
			    -0.3656    0.7418    -0.5622
			    -0.3612    0.4765    -0.8016
			    0.2402    0.6568    -0.7148
			    0.0738    -0.6024    0.7948
			    0.1601    0.9845    -0.0717
			    0.7314    0.4410    0.5203
			    -0.1104    -0.6762    0.7284
			    0.6730    -0.5901    -0.4459
			    -0.7314    -0.4410    -0.5203
			    0.1104    0.6762    -0.7284
			    -0.6730    0.5901    0.4459
		b:
			    -118.4980
			    -8.6025
			    -55.7398
			    101.6348
			    -12.8170
			    164.8776
			    252.5778
			    -66.1872
			    53.8120
			    -236.5778
			    75.1872
			    -34.8120
	==================================================================================
	Q6:
		Shape: Polyhedra
		q_c:    199.0000    115.5000    84.5000
		ub :    212.4577    125.3022    94.3550
		lb :    185.5423    105.6978    74.6450
		A:
			    0.0946    -0.8053    -0.5852
			    0.7478    -0.2643    0.6090
			    0.7853    -0.3149    0.5331
			    -0.0477    0.8042    0.5924
			    0.8356    0.4770    0.2723
			    -0.5607    -0.6705    -0.4859
			    0.3535    0.3323    0.8744
			    -0.9090    -0.0987    0.4050
			    0.2209    -0.9380    0.2672
			    -0.3535    -0.3323    -0.8744
			    0.9090    0.0987    -0.4050
			    -0.2209    0.9380    -0.2672
		b:
			    -117.3722
			    176.7757
			    172.5368
			    139.4824
			    252.9029
			    -224.0082
			    186.1121
			    -146.5723
			    -33.8030
			    -179.1121
			    169.5723
			    49.8030


===========================================================================================
===========================================================================================
