3D_30_9_6_d                l = 3

===========================================================================================
===========================================================================================
S1:
	q_c:	281.5	420.0	28.5
	ub :	289.038	433.1686	39.7031
	lb :	270.6956	408.2501	16.2103

	==================================================================================
	Q1:
		Shape: Ellipse
		q_c:	282.0	428.0	22.5
		ub :	288.247	432.4564	28.7897
		lb :	275.753	423.5436	16.2103
		P^-1:
			0.0917	-0.0731	-0.0265
			-0.0731	0.2019	0.0381
			-0.0265	0.0381	0.0683
	==================================================================================
	Q2:
		Shape: Polyhedra
		q_c:	282.0	422.5	31.0
		ub :	286.7648	427.7359	34.4785
		lb :	277.2352	417.2641	27.5215
		A:
			0.9539	0.2644	0.1423
			-0.4083	-0.5664	0.7159
			-0.6855	-0.5619	-0.463
			0.3711	0.8182	0.4392
			-0.5334	-0.1761	-0.8273
			0.3331	0.6928	0.6396
			0.4426	0.4293	0.7873
			-0.4965	0.8484	-0.1836
			-0.7468	-0.3096	0.5886
			-0.4426	-0.4293	-0.7873
			0.4965	-0.8484	0.1836
			0.7468	0.3096	-0.5886
		b:
			387.4701
			-329.3063
			-443.3495
			466.3646
			-248.5764
			408.4456
			332.0945
			217.2692
			-320.6529
			-329.0945
			-208.2692
			325.6529
	==================================================================================
	Q3:
		Shape: Polyhedra
		q_c:	280.0	415.0	25.0
		ub :	286.4374	421.7499	30.4908
		lb :	273.5626	408.2501	19.5092
		A:
			0.2136	0.7729	-0.5976
			-0.1862	0.6552	-0.7321
			0.1687	-0.982	0.085
			-0.1083	0.9498	-0.2935
			0.2785	0.1339	-0.9511
			-0.7385	0.673	-0.0403
			0.7955	0.5666	0.2148
			0.6014	-0.6952	-0.3936
			-0.0736	0.4423	-0.8938
			-0.7955	-0.5666	-0.2148
			-0.6014	0.6952	0.3936
			0.0736	-0.4423	0.8938
		b:
			369.6416
			204.9617
			-354.4939
			360.2362
			113.1766
			74.7601
			468.7383
			-126.9657
			144.1031
			-457.7383
			132.9657
			-137.1031
	==================================================================================
	Q4:
		Shape: Polyhedra
		q_c:	283.5	425.0	34.5
		ub :	288.7268	430.7986	39.7031
		lb :	278.2732	419.2014	29.2969
		A:
			-0.8871	-0.3363	0.316
			0.2122	0.3707	-0.9042
			0.9594	0.0183	0.2816
			0.0229	0.3704	0.9286
			-0.1896	0.2485	0.9499
			0.3134	0.7039	-0.6375
			0.2421	0.834	0.4959
			0.5923	0.2778	-0.7563
			-0.7685	0.4768	-0.4267
			-0.2421	-0.834	-0.4959
			-0.5923	-0.2778	0.7563
			0.7685	-0.4768	0.4267
		b:
			-380.8564
			188.9768
			293.2645
			199.3718
			87.6515
			368.6401
			444.1649
			261.8947
			-25.9514
			-436.1649
			-257.8947
			33.9514
	==================================================================================
	Q5:
		Shape: Ellipse
		q_c:	285.0	422.5	23.0
		ub :	289.038	424.6735	27.9699
		lb :	280.962	420.3265	18.0301
		P^-1:
			0.0822	0.0182	0.0055
			0.0182	0.4388	0.0427
			0.0055	0.0427	0.0544
	==================================================================================
	Q6:
		Shape: Hybrid
		q_c:	276.5	427.5	32.0
		ub :	282.3044	433.1686	37.2119
		lb :	270.6956	421.8314	26.7881
		P^-1:
			0.1113	-0.0506	-0.0302
			-0.0506	0.1074	-0.0314
			-0.0302	-0.0314	0.1413
		A:
			-0.5131	0.3086	0.8009
			0.6965	-0.5725	-0.4327
			0.6973	-0.3551	0.6226
			-0.9841	0.1346	-0.116
			0.648	-0.7325	-0.2086
			-0.506	0.8625	-0.007
		b:
			17.0568
			-64.7331
			62.8443
			-215.9838
			-139.3149
			230.073


===========================================================================================
===========================================================================================
S2:
	q_c:	405.0	505.5	395.5
	ub :	426.8084	523.1879	411.3026
	lb :	391.4538	489.1331	381.4029

	==================================================================================
	Q1:
		Shape: Hybrid
		q_c:	409.0	503.0	389.0
		ub :	416.63	510.6164	396.3384
		lb :	401.37	495.3836	381.6616
		P^-1:
			0.0178	0.0003	-0.0001
			0.0003	0.0367	-0.0106
			-0.0001	-0.0106	0.0404
		A:
			-0.71	-0.6044	-0.3613
			0.7911	-0.5388	-0.2895
			0.2449	-0.9149	0.3209
			0.2493	0.2544	-0.9344
			0.2153	0.9759	-0.0349
			0.5568	-0.1226	0.8215
		b:
			-730.465
			-55.3266
			-232.3372
			-130.8039
			568.5766
			489.2506
	==================================================================================
	Q2:
		Shape: Hybrid
		q_c:	399.0	500.0	388.0
		ub :	406.5108	506.6928	394.2614
		lb :	391.4892	493.3072	381.7386
		P^-1:
			0.0338	0.0021	0.0
			0.0021	0.0393	0.0001
			0.0	0.0001	0.0331
		A:
			0.4826	-0.7305	0.4833
			-0.1874	0.8189	0.5425
			-0.9255	-0.3762	0.045
			0.4057	-0.8279	-0.3874
			-0.5912	0.4629	0.6605
			-0.8245	0.2545	-0.5054
		b:
			17.6726
			547.9106
			-537.0971
			-399.5975
			254.8078
			-394.839
	==================================================================================
	Q3:
		Shape: Ellipse
		q_c:	419.0	501.0	402.5
		ub :	426.8084	507.3473	410.2508
		lb :	411.1916	494.6527	394.7492
		P^-1:
			0.0519	0.0024	0.0139
			0.0024	0.062	-0.0031
			0.0139	-0.0031	0.0442
	==================================================================================
	Q4:
		Shape: Polyhedra
		q_c:	409.5	503.0	398.0
		ub :	415.1867	508.3315	404.975
		lb :	403.8133	497.6685	391.025
		A:
			-0.6837	0.4136	0.6013
			0.7812	-0.1628	0.6027
			-0.7543	-0.4285	0.4974
			0.2205	-0.9095	0.3524
			0.2779	0.9463	0.1652
			-0.2509	-0.7019	-0.6666
			0.9802	0.082	0.1803
			-0.1487	-0.2968	0.9433
			0.1309	-0.9514	-0.2787
			-0.9802	-0.082	-0.1803
			0.1487	0.2968	-0.9433
			-0.1309	0.9514	0.2787
		b:
			171.8414
			482.6536
			-321.4301
			-222.6189
			659.2687
			-717.0736
			518.9149
			170.7684
			-532.3796
			-509.9149
			-159.7684
			539.3796
	==================================================================================
	Q5:
		Shape: Ellipse
		q_c:	413.0	496.5	386.5
		ub :	420.7734	503.8669	391.5971
		lb :	405.2266	489.1331	381.4029
		P^-1:
			0.0441	0.0212	0.0172
			0.0212	0.0571	0.0121
			0.0172	0.0121	0.1002
	==================================================================================
	Q6:
		Shape: Hybrid
		q_c:	399.5	515.0	404.5
		ub :	407.5462	523.1879	411.3026
		lb :	391.4538	506.8121	397.6974
		P^-1:
			0.0754	0.0039	-0.0616
			0.0039	0.0305	-0.0008
			-0.0616	-0.0008	0.115
		A:
			0.9094	-0.2897	-0.2985
			0.413	-0.4371	-0.799
			0.5837	-0.085	-0.8075
			-0.4437	-0.8281	0.3426
			-0.9085	-0.119	0.4005
			-0.9944	0.0687	-0.0803
		b:
			96.3588
			-381.1148
			-135.9437
			-461.4761
			-259.9296
			-390.5007


===========================================================================================
===========================================================================================
S3:
	q_c:	334.5	356.5	370.0
	ub :	341.8696	362.7805	375.9393
	lb :	328.6476	350.3475	363.9797

	==================================================================================
	Q1:
		Shape: Ellipse
		q_c:	337.0	356.5	371.5
		ub :	340.0661	359.8671	374.7477
		lb :	333.9339	353.1329	368.2523
		P^-1:
			0.3421	0.0545	0.0927
			0.0545	0.2751	0.0822
			0.0927	0.0822	0.2372
	==================================================================================
	Q2:
		Shape: Polyhedra
		q_c:	338.5	358.0	366.5
		ub :	341.8696	361.1674	369.0203
		lb :	335.1304	354.8326	363.9797
		A:
			-0.9649	-0.1711	-0.1994
			0.238	0.5641	-0.7906
			0.5816	0.5596	-0.5905
			0.909	-0.1725	0.3793
			0.2564	0.8901	0.3768
			0.6234	-0.3036	0.7206
			0.4564	0.8706	0.1836
			-0.1886	0.2963	-0.9363
			-0.8696	0.3926	0.2994
			-0.4564	-0.8706	-0.1836
			0.1886	-0.2963	0.9363
			0.8696	-0.3926	-0.2994
		b:
			-458.7195
			-5.5676
			182.7506
			387.1177
			545.5804
			368.1563
			535.4684
			-299.3988
			-41.5443
			-531.4684
			302.3988
			46.5443
	==================================================================================
	Q3:
		Shape: Ellipse
		q_c:	336.0	361.0	368.0
		ub :	338.9606	362.7805	370.9506
		lb :	333.0394	359.2195	365.0494
		P^-1:
			0.3205	-0.1478	-0.1065
			-0.1478	0.9259	-0.1851
			-0.1065	-0.1851	0.358
	==================================================================================
	Q4:
		Shape: Polyhedra
		q_c:	338.5	356.0	373.5
		ub :	340.3632	357.7312	375.5004
		lb :	336.6368	354.2688	371.4996
		A:
			-0.0575	0.9897	0.1314
			-0.4803	-0.37	-0.7953
			-0.7066	-0.6398	-0.3022
			0.5597	0.4188	-0.7151
			-0.4176	0.0815	-0.905
			0.81	-0.1291	0.5721
			0.7562	0.1671	0.6326
			-0.6481	0.0585	0.7593
			0.0899	-0.9842	0.1526
			-0.7562	-0.1671	-0.6326
			0.6481	-0.0585	-0.7593
			-0.0899	0.9842	-0.1526
		b:
			383.406
			-590.2328
			-578.6657
			72.9405
			-449.2109
			442.9667
			552.7662
			86.5334
			-261.4522
			-550.7662
			-83.5334
			264.4522
	==================================================================================
	Q5:
		Shape: Hybrid
		q_c:	332.0	353.5	372.5
		ub :	335.3524	356.6525	375.9393
		lb :	328.6476	350.3475	369.0607
		P^-1:
			0.3047	-0.113	0.0166
			-0.113	0.3076	-0.082
			0.0166	-0.082	0.2421
		A:
			-0.5316	0.8437	-0.0743
			-0.022	0.739	-0.6734
			-0.5256	0.7519	0.398
			0.563	0.6602	-0.4972
			-0.2834	0.6884	-0.6676
			0.2884	-0.9499	0.1204
		b:
			94.9306
			4.0571
			240.7016
			236.4072
			-98.557
			-194.223
	==================================================================================
	Q6:
		Shape: Ellipse
		q_c:	334.0	355.5	371.5
		ub :	336.8082	358.1789	373.8183
		lb :	331.1918	352.8211	369.1817
		P^-1:
			0.302	0.0816	0.0272
			0.0816	0.3976	-0.0156
			0.0272	-0.0156	0.4392


===========================================================================================
===========================================================================================
S4:
	q_c:	419.5	176.5	88.5
	ub :	431.0347	190.3196	104.8622
	lb :	402.7608	163.7803	83.2018

	==================================================================================
	Q1:
		Shape: Hybrid
		q_c:	418.0	173.0	93.0
		ub :	425.9365	180.644	96.9792
		lb :	410.0635	165.356	89.0208
		P^-1:
			0.075	0.0139	-0.1221
			0.0139	0.0563	-0.0787
			-0.1221	-0.0787	0.3862
		A:
			-0.2048	-0.516	-0.8317
			-0.2954	0.1402	0.945
			0.1998	-0.2419	-0.9495
			-0.4236	-0.1962	0.8844
			-0.8159	-0.4811	0.3207
			-0.3561	0.3734	0.8566
		b:
			-247.8344
			-9.7828
			-44.4942
			-127.8678
			-390.1814
			-2.2644
	==================================================================================
	Q2:
		Shape: Hybrid
		q_c:	423.0	170.5	97.0
		ub :	431.0347	176.1537	104.685
		lb :	414.9653	164.8463	89.315
		P^-1:
			0.0356	-0.0029	-0.0028
			-0.0029	0.0486	-0.002
			-0.0028	-0.002	0.0382
		A:
			0.0859	0.231	-0.9691
			0.0798	-0.5774	0.8126
			-0.6647	-0.5719	0.4808
			0.3624	-0.9296	-0.0669
			-0.511	-0.7029	0.4948
			-0.9151	0.3958	-0.0774
		b:
			-15.4913
			16.7231
			-329.305
			-9.3805
			-285.4028
			-324.2451
	==================================================================================
	Q3:
		Shape: Polyhedra
		q_c:	415.0	178.5	92.0
		ub :	423.6789	187.4655	100.7982
		lb :	406.3211	169.5345	83.2018
		A:
			-0.8488	-0.489	-0.2009
			-0.1341	-0.2167	-0.967
			-0.9631	-0.2459	0.1092
			0.5469	-0.2153	0.8091
			0.7442	-0.4738	-0.4709
			0.7329	0.6254	-0.268
			0.333	0.6532	0.6801
			-0.5202	0.7288	-0.4453
			-0.7865	-0.2055	0.5825
			-0.333	-0.6532	-0.6801
			0.5202	-0.7288	0.4453
			0.7865	0.2055	-0.5825
		b:
			-453.4389
			-178.4383
			-428.8089
			269.1779
			186.2283
			395.737
			321.8532
			-119.7508
			-304.9712
			-312.8532
			133.7508
			313.9712
	==================================================================================
	Q4:
		Shape: Ellipse
		q_c:	410.5	174.0	96.0
		ub :	416.4762	177.6033	101.7925
		lb :	404.5238	170.3967	90.2075
		P^-1:
			0.0728	0.0458	0.029
			0.0458	0.2212	0.0444
			0.029	0.0444	0.0871
	==================================================================================
	Q5:
		Shape: Polyhedra
		q_c:	408.0	167.5	87.0
		ub :	413.2392	171.2197	90.7497
		lb :	402.7608	163.7803	83.2503
		A:
			-0.0025	-0.9866	0.1634
			0.4306	-0.293	-0.8536
			-0.1656	0.8658	-0.4721
			0.3648	0.3049	-0.8797
			-0.4333	0.8572	0.2783
			-0.221	-0.8855	0.4087
			0.8777	0.2757	0.3921
			-0.1625	-0.5983	0.7846
			0.4509	-0.7523	-0.4803
			-0.8777	-0.2757	-0.3921
			0.1625	0.5983	-0.7846
			-0.4509	0.7523	0.4803
		b:
			-150.008
			54.4887
			37.9574
			124.6957
			-6.5246
			-201.1384
			442.8713
			-97.2787
			18.659
			-433.8713
			99.2787
			-13.659
	==================================================================================
	Q6:
		Shape: Ellipse
		q_c:	426.0	186.0	100.0
		ub :	430.3177	190.3196	104.8622
		lb :	421.6823	181.6804	95.1378
		P^-1:
			0.0831	-0.0075	0.0076
			-0.0075	0.1194	-0.0384
			0.0076	-0.0384	0.1208


===========================================================================================
===========================================================================================
S5:
	q_c:	244.0	128.0	148.0
	ub :	265.3992	137.4334	174.4112
	lb :	226.939	109.3487	130.7466

	==================================================================================
	Q1:
		Shape: Polyhedra
		q_c:	257.0	126.0	144.5
		ub :	263.9954	132.3405	151.2946
		lb :	250.0046	119.6595	137.7054
		A:
			-0.8681	-0.3919	-0.3048
			-0.9509	-0.2891	-0.1102
			-0.9832	-0.1759	-0.0486
			0.9218	0.2749	-0.2735
			-0.7276	-0.5338	-0.4309
			-0.8919	-0.4442	-0.0849
			0.7782	0.486	0.3977
			-0.4474	-0.0153	0.8942
			0.4407	-0.8738	0.2056
			-0.7782	-0.486	-0.3977
			0.4474	0.0153	-0.8942
			-0.4407	0.8738	-0.2056
		b:
			-313.4331
			-293.3412
			-278.2263
			236.0476
			-313.4928
			-294.1747
			321.7078
			17.3002
			38.3529
			-315.7078
			-7.3002
			-27.3529
	==================================================================================
	Q2:
		Shape: Ellipse
		q_c:	257.5	129.0	159.5
		ub :	265.3992	137.4334	168.8136
		lb :	249.6008	120.5666	150.1864
		P^-1:
			0.1728	-0.1977	-0.0641
			-0.1977	0.2597	0.0792
			-0.0641	0.0792	0.0413
	==================================================================================
	Q3:
		Shape: Ellipse
		q_c:	242.5	128.5	149.5
		ub :	250.6483	136.1137	158.5533
		lb :	234.3517	120.8863	140.4467
		P^-1:
			0.0413	-0.0041	-0.0112
			-0.0041	0.0473	-0.0057
			-0.0112	-0.0057	0.0338
	==================================================================================
	Q4:
		Shape: Hybrid
		q_c:	232.0	119.5	149.0
		ub :	237.061	129.6513	158.8603
		lb :	226.939	109.3487	139.1397
		P^-1:
			0.0624	0.0016	-0.0015
			0.0016	0.0361	0.0257
			-0.0015	0.0257	0.0376
		A:
			-0.3653	0.8958	-0.253
			-0.7707	-0.3367	-0.541
			0.985	-0.1649	0.0504
			0.7622	0.5296	0.3724
			-0.1822	0.9781	0.101
			0.7097	-0.4154	-0.569
		b:
			-9.1789
			-297.3885
			218.6763
			297.6587
			94.4586
			32.2721
	==================================================================================
	Q5:
		Shape: Hybrid
		q_c:	248.5	128.0	165.0
		ub :	255.8942	136.4804	174.4112
		lb :	241.1058	119.5196	155.5888
		P^-1:
			0.0327	0.0001	0.0012
			0.0001	0.0278	0.0
			0.0012	0.0	0.0281
		A:
			-0.7801	-0.2733	-0.5628
			0.5355	-0.0815	0.8406
			0.739	-0.6737	0.0033
			0.2019	-0.9732	-0.1098
			-0.292	-0.7163	-0.6338
			-0.0343	0.2481	0.9681
		b:
			-318.8502
			264.3416
			100.9677
			-89.2889
			-265.6631
			186.213
	==================================================================================
	Q6:
		Shape: Hybrid
		q_c:	236.5	117.5	136.5
		ub :	244.9431	122.4031	142.2534
		lb :	228.0569	112.5969	130.7466
		P^-1:
			0.0243	0.0015	-0.0192
			0.0015	0.0493	0.0007
			-0.0192	0.0007	0.0752
		A:
			-0.7904	0.2812	-0.5443
			0.0141	-0.3148	0.949
			-0.7698	-0.2706	0.5781
			-0.2193	-0.4558	-0.8626
			-0.5174	0.0239	0.8554
			-0.6946	-0.3177	0.6454
		b:
			-222.7671
			98.346
			-131.6467
			-220.0973
			-0.7494
			-110.6141


===========================================================================================
===========================================================================================
S6:
	q_c:	487.0	167.5	498.5
	ub :	510.1795	190.377	512.9942
	lb :	468.8233	149.1184	477.828

	==================================================================================
	Q1:
		Shape: Hybrid
		q_c:	477.0	165.0	503.5
		ub :	485.1767	170.9822	512.9942
		lb :	468.8233	159.0178	494.0058
		P^-1:
			0.0591	-0.0058	0.0212
			-0.0058	0.074	-0.0092
			0.0212	-0.0092	0.0266
		A:
			0.0036	0.9704	0.2414
			0.0446	0.9556	0.2913
			-0.9888	0.0079	-0.1488
			0.0611	-0.9918	-0.1121
			0.9206	-0.3645	0.1399
			0.7665	-0.0533	0.6401
		b:
			285.9484
			328.323
			-542.7086
			-188.6605
			451.9055
			681.4979
	==================================================================================
	Q2:
		Shape: Ellipse
		q_c:	496.5	157.0	492.0
		ub :	503.1356	164.8816	499.2879
		lb :	489.8644	149.1184	484.7121
		P^-1:
			0.0492	-0.0008	-0.0017
			-0.0008	0.0465	-0.0062
			-0.0017	-0.0062	0.0362
	==================================================================================
	Q3:
		Shape: Hybrid
		q_c:	479.5	182.0	495.0
		ub :	483.2519	190.377	502.3304
		lb :	475.7481	173.623	487.6696
		P^-1:
			0.4191	-0.0885	-0.0481
			-0.0885	0.0374	0.01
			-0.0481	0.01	0.0294
		A:
			-0.6749	0.5739	-0.4638
			0.9426	-0.3338	0.0076
			-0.7937	0.4107	-0.4487
			-0.9822	0.1228	0.1421
			-0.9002	0.3998	-0.1725
			-0.7649	0.2711	0.5843
		b:
			-444.6846
			396.1414
			-524.5946
			-377.3779
			-442.307
			-25.4438
	==================================================================================
	Q4:
		Shape: Polyhedra
		q_c:	497.0	162.5	489.5
		ub :	504.6253	172.5965	498.0678
		lb :	489.3747	152.4035	480.9322
		A:
			-0.6406	0.5235	-0.5618
			-0.0481	0.5762	-0.8159
			0.7121	-0.2584	0.6528
			-0.3584	0.8246	-0.4376
			-0.786	-0.5725	0.2335
			-0.832	-0.2938	-0.4706
			0.9975	0.0702	0.0122
			0.014	-0.3608	0.9325
			0.0699	-0.93	-0.3609
			-0.9975	-0.0702	-0.0122
			-0.014	0.3608	-0.9325
			-0.0699	0.93	0.3609
		b:
			-501.6648
			-323.4923
			637.9919
			-251.3681
			-362.3593
			-684.5597
			520.1214
			410.7877
			-285.051
			-506.1214
			-398.7877
			301.051
	==================================================================================
	Q5:
		Shape: Hybrid
		q_c:	480.5	162.5	503.0
		ub :	486.7202	168.6833	508.5848
		lb :	474.2798	156.3167	497.4152
		P^-1:
			0.0985	0.0095	-0.0508
			0.0095	0.0634	-0.0197
			-0.0508	-0.0197	0.1099
		A:
			-0.5379	-0.1397	0.8313
			0.2963	0.2931	0.909
			-0.6046	0.3186	0.73
			0.4778	0.7995	-0.3641
			0.8106	-0.264	0.5227
			-0.807	-0.361	-0.4673
		b:
			138.3034
			650.1882
			130.2349
			178.4716
			612.4684
			-678.3765
	==================================================================================
	Q6:
		Shape: Ellipse
		q_c:	501.5	162.0	487.0
		ub :	510.1795	166.4732	496.172
		lb :	492.8205	157.5268	477.828
		P^-1:
			0.0516	-0.0018	-0.0336
			-0.0018	0.0815	-0.002
			-0.0336	-0.002	0.044


===========================================================================================
===========================================================================================
S7:
	q_c:	90.0	300.5	90.5
	ub :	119.9981	335.6679	114.1492
	lb :	60.8799	267.9682	61.3543

	==================================================================================
	Q1:
		Shape: Polyhedra
		q_c:	81.5	310.0	80.0
		ub :	102.1201	327.3933	98.6457
		lb :	60.8799	292.6067	61.3543
		A:
			-0.6647	-0.7388	0.1111
			-0.3285	0.3071	-0.8932
			0.4859	0.6756	-0.5544
			0.7495	0.5833	-0.3131
			0.5723	-0.4082	-0.7112
			0.3051	-0.6191	-0.7236
			0.5686	0.7224	0.3935
			0.5285	0.0458	-0.8477
			-0.6304	0.6899	-0.3558
			-0.5686	-0.7224	-0.3935
			-0.5285	-0.0458	0.8477
			0.6304	-0.6899	0.3558
		b:
			-264.2159
			10.0198
			216.083
			227.3685
			-124.9109
			-213.5824
			311.2664
			0.9439
			148.5442
			-292.2664
			22.0561
			-119.5442
	==================================================================================
	Q2:
		Shape: Ellipse
		q_c:	100.5	316.5	98.5
		ub :	119.9981	335.6679	112.6987
		lb :	81.0019	297.3321	84.3013
		P^-1:
			0.0077	-0.0015	-0.0006
			-0.0015	0.0064	0.0004
			-0.0006	0.0004	0.0096
	==================================================================================
	Q3:
		Shape: Hybrid
		q_c:	79.5	317.5	84.0
		ub :	86.3748	327.8256	91.1189
		lb :	72.6252	307.1744	76.8811
		P^-1:
			0.2799	0.145	0.1318
			0.145	0.0941	0.0931
			0.1318	0.0931	0.142
		A:
			-0.6337	-0.4464	-0.6318
			-0.6633	-0.5081	-0.5494
			0.8543	0.4476	-0.2642
			-0.958	-0.2115	0.1937
			0.6073	0.7585	0.2363
			0.4762	0.4103	0.7778
		b:
			-244.2473
			-259.2313
			190.5777
			-124.7652
			312.6947
			234.8525
	==================================================================================
	Q4:
		Shape: Ellipse
		q_c:	70.0	295.0	79.5
		ub :	78.2198	308.5795	94.6259
		lb :	61.7802	281.4205	64.3741
		P^-1:
			0.0273	0.0004	0.0021
			0.0004	0.016	0.0067
			0.0021	0.0067	0.0112
	==================================================================================
	Q5:
		Shape: Ellipse
		q_c:	110.5	307.0	108.0
		ub :	116.9843	315.6604	114.1492
		lb :	104.0157	298.3396	101.8508
		P^-1:
			0.0726	-0.0214	-0.0052
			-0.0214	0.0262	0.0014
			-0.0052	0.0014	0.0336
	==================================================================================
	Q6:
		Shape: Ellipse
		q_c:	105.5	284.0	81.5
		ub :	116.6772	300.0318	98.6781
		lb :	94.3228	267.9682	64.3219
		P^-1:
			0.0138	-0.0001	0.0003
			-0.0001	0.012	0.0036
			0.0003	0.0036	0.007


===========================================================================================
===========================================================================================
S8:
	q_c:	461.5	345.5	359.5
	ub :	483.7412	362.8259	373.0621
	lb :	442.3993	328.0324	344.8137

	==================================================================================
	Q1:
		Shape: Ellipse
		q_c:	475.0	349.0	364.0
		ub :	483.7412	355.9268	373.0621
		lb :	466.2588	342.0732	354.9379
		P^-1:
			0.0258	0.0026	0.0051
			0.0026	0.0443	0.0071
			0.0051	0.0071	0.036
	==================================================================================
	Q2:
		Shape: Hybrid
		q_c:	455.5	337.5	360.0
		ub :	464.8033	346.9676	367.1738
		lb :	446.1967	328.0324	352.8262
		P^-1:
			0.0293	0.0077	-0.0005
			0.0077	0.0344	0.0003
			-0.0005	0.0003	0.04
		A:
			0.1572	-0.2011	0.9669
			-0.5768	-0.1755	-0.7978
			0.4482	0.818	0.3606
			-0.134	-0.6985	0.703
			-0.5518	-0.0341	0.8333
			0.9978	-0.0594	0.031
		b:
			354.4217
			-606.413
			612.5471
			-41.0319
			39.8726
			449.1651
	==================================================================================
	Q3:
		Shape: Ellipse
		q_c:	473.5	357.5	357.0
		ub :	479.8574	362.8259	361.5236
		lb :	467.1426	352.1741	352.4764
		P^-1:
			0.0554	-0.0285	-0.0019
			-0.0285	0.0954	-0.0068
			-0.0019	-0.0068	0.082
	==================================================================================
	Q4:
		Shape: Ellipse
		q_c:	450.5	351.5	354.5
		ub :	458.6007	361.5679	364.1863
		lb :	442.3993	341.4321	344.8137
		P^-1:
			0.0807	-0.0013	-0.0419
			-0.0013	0.0208	-0.0064
			-0.0419	-0.0064	0.0531
	==================================================================================
	Q5:
		Shape: Ellipse
		q_c:	466.0	347.0	361.5
		ub :	474.8471	356.0212	369.2744
		lb :	457.1529	337.9788	353.7256
		P^-1:
			0.036	0.0025	-0.0024
			0.0025	0.0351	-0.002
			-0.0024	-0.002	0.035
	==================================================================================
	Q6:
		Shape: Polyhedra
		q_c:	457.0	338.5	362.5
		ub :	465.2632	345.9674	371.5114
		lb :	448.7368	331.0326	353.4886
		A:
			-0.9613	-0.2756	-0.0002
			0.31	-0.5869	-0.748
			0.9212	0.296	0.2523
			0.7142	0.3799	-0.5879
			-0.1068	-0.0928	-0.9899
			0.9246	-0.2804	-0.2578
			0.371	0.7698	0.5194
			0.4009	-0.6373	0.6581
			0.8376	-0.0359	-0.5451
			-0.371	-0.7698	-0.5194
			-0.4009	0.6373	-0.6581
			-0.8376	0.0359	0.5451
		b:
			-527.7729
			-323.3824
			617.5916
			246.98
			-433.7946
			239.3503
			622.9076
			212.064
			178.0524
			-613.9076
			-200.064
			-168.0524


===========================================================================================
===========================================================================================
S9:
	q_c:	306.5	363.5	268.5
	ub :	313.4344	375.4722	279.4894
	lb :	295.1149	355.5755	262.0759

	==================================================================================
	Q1:
		Shape: Hybrid
		q_c:	307.5	370.0	275.0
		ub :	312.7699	375.4722	278.6731
		lb :	302.2301	364.5278	271.3269
		P^-1:
			0.1401	0.0732	0.0237
			0.0732	0.112	0.0421
			0.0237	0.0421	0.2073
		A:
			-0.8171	-0.5187	-0.2518
			0.8244	0.5625	0.0633
			-0.9448	-0.2482	-0.2137
			-0.2711	0.3265	-0.9055
			0.5213	-0.3261	-0.7886
			-0.667	-0.6562	0.3529
		b:
			-511.1784
			480.286
			-439.4413
			-209.5267
			-175.2191
			-349.3184
	==================================================================================
	Q2:
		Shape: Ellipse
		q_c:	308.5	372.0	265.0
		ub :	310.5186	374.4826	267.9241
		lb :	306.4814	369.5174	262.0759
		P^-1:
			0.6462	-0.6769	0.4989
			-0.6769	2.2713	-1.8077
			0.4989	-1.8077	1.6381
	==================================================================================
	Q3:
		Shape: Hybrid
		q_c:	300.0	365.0	270.5
		ub :	304.0689	370.3052	274.2735
		lb :	295.9311	359.6948	266.7265
		P^-1:
			0.2952	0.099	0.1189
			0.099	0.0851	0.0797
			0.1189	0.0797	0.2642
		A:
			0.8795	0.1974	0.4331
			-0.295	-0.1401	-0.9452
			-0.3267	-0.0773	-0.9419
			0.0744	-0.0771	0.9942
			0.0067	-0.079	-0.9969
			-0.8488	0.1384	-0.5102
		b:
			454.0045
			-394.1027
			-379.7636
			264.8352
			-295.0253
			-340.2077
	==================================================================================
	Q4:
		Shape: Hybrid
		q_c:	309.5	359.5	275.5
		ub :	313.4344	362.985	279.1581
		lb :	305.5656	356.015	271.8419
		P^-1:
			0.1746	0.0051	-0.069
			0.0051	0.1115	-0.0055
			-0.069	-0.0055	0.1861
		A:
			-0.1556	-0.9565	-0.2467
			0.0203	0.1467	-0.989
			0.4373	-0.8939	0.0981
			-0.3788	-0.0968	-0.9204
			0.612	0.2814	-0.7391
			0.6004	-0.5784	-0.5523
		b:
			-457.9968
			-211.955
			-157.0143
			-403.7496
			88.0208
			-172.802
	==================================================================================
	Q5:
		Shape: Hybrid
		q_c:	301.5	363.0	269.5
		ub :	307.8851	366.9007	275.5127
		lb :	295.1149	359.0993	263.4873
		P^-1:
			0.0554	-0.0084	0.0065
			-0.0084	0.1098	-0.0011
			0.0065	-0.0011	0.0579
		A:
			-0.3935	0.8546	-0.339
			-0.2337	-0.8953	0.3792
			0.2475	-0.8625	-0.4415
			-0.5821	-0.5177	0.627
			-0.2415	0.8111	-0.5328
			-0.6977	-0.6055	0.3829
		b:
			101.89
			-291.3331
			-355.5728
			-191.6984
			79.8481
			-324.3182
	==================================================================================
	Q6:
		Shape: Hybrid
		q_c:	302.0	358.5	276.0
		ub :	305.2539	361.4245	279.4894
		lb :	298.7461	355.5755	272.5106
		P^-1:
			0.2408	0.0637	-0.0007
			0.0637	0.3382	0.121
			-0.0007	0.121	0.2755
		A:
			0.0024	-0.6763	-0.7367
			-0.9707	0.0529	-0.2346
			-0.3784	0.5854	0.7171
			-0.2499	0.7829	-0.5697
			-0.1393	0.8013	-0.5818
			-0.3425	-0.6267	-0.6999
		b:
			-444.2328
			-337.4948
			294.4577
			49.6732
			86.2639
			-520.4805


===========================================================================================
===========================================================================================
