3D_30_12_6_f                l = 3

===========================================================================================
===========================================================================================
S1:
	q_c:	71.5	85.0	489.0
	ub :	89.9805	95.3535	500.0548
	lb :	59.2561	71.754	474.1139

	==================================================================================
	Q1:
		Shape: Polyhedra
		q_c:	74.0	92.5	492.0
		ub :	78.8206	95.0975	497.0337
		lb :	69.1794	89.9025	486.9663
		A:
			-0.0069	-0.9646	0.2636
			-0.2796	-0.8515	0.4437
			-0.1076	-0.631	0.7682
			0.8216	-0.4363	0.3668
			0.0011	-0.9706	0.2408
			-0.1327	-0.5025	0.8543
			0.5257	0.1096	0.8436
			-0.8507	0.0658	0.5216
			0.0016	-0.9918	0.1278
			-0.5257	-0.1096	-0.8436
			0.8507	-0.0658	-0.5216
			-0.0016	0.9918	-0.1278
		b:
			42.0122
			121.1949
			314.4545
			204.1394
			30.7832
			367.0479
			467.5775
			203.2568
			-26.7315
			-460.5775
			-196.2568
			30.7315
	==================================================================================
	Q2:
		Shape: Ellipse
		q_c:	64.0	82.0	478.5
		ub :	68.7439	86.2409	482.8861
		lb :	59.2561	77.7591	474.1139
		P^-1:
			0.1197	0.0018	0.0672
			0.0018	0.2767	-0.1642
			0.0672	-0.1642	0.2705
	==================================================================================
	Q3:
		Shape: Ellipse
		q_c:	81.5	80.0	482.5
		ub :	89.9805	87.2725	490.678
		lb :	73.0195	72.7275	474.322
		P^-1:
			0.036	0.0021	0.0031
			0.0021	0.0285	0.0019
			0.0031	0.0019	0.0364
	==================================================================================
	Q4:
		Shape: Hybrid
		q_c:	71.5	78.5	493.5
		ub :	78.0139	85.246	500.0548
		lb :	64.9861	71.754	486.9452
		P^-1:
			0.0521	0.0051	0.0016
			0.0051	0.0589	0.0029
			0.0016	0.0029	0.0503
		A:
			-0.7475	-0.0879	-0.6585
			-0.5359	-0.3059	0.7869
			-0.1349	0.9226	-0.3614
			-0.4692	0.883	0.0102
			0.2573	0.578	0.7744
			-0.6626	0.1618	0.7312
		b:
			-382.9616
			328.4666
			-113.256
			43.1857
			448.1242
			328.694
	==================================================================================
	Q5:
		Shape: Polyhedra
		q_c:	72.5	91.5	490.5
		ub :	77.6557	95.3535	495.4582
		lb :	67.3443	87.6465	485.5418
		A:
			0.5749	0.1054	0.8114
			0.1755	0.2026	-0.9634
			-0.423	-0.7724	-0.4737
			-0.4619	-0.1903	-0.8663
			-0.3404	-0.4625	-0.8187
			-0.0014	-0.9199	-0.3922
			0.0094	0.8863	0.4631
			0.8409	0.2436	-0.4832
			-0.5411	0.394	-0.743
			-0.0094	-0.8863	-0.4631
			-0.8409	-0.2436	0.4832
			0.5411	-0.394	0.743
		b:
			451.7643
			-437.7875
			-331.3089
			-473.4644
			-466.3617
			-274.6205
			310.9152
			-149.2748
			-365.1187
			-306.9152
			158.2748
			370.1187
	==================================================================================
	Q6:
		Shape: Polyhedra
		q_c:	76.0	82.0	490.0
		ub :	82.5689	85.3975	496.7882
		lb :	69.4311	78.6025	483.2118
		A:
			0.2694	-0.2707	0.9242
			-0.3855	0.8994	0.206
			-0.8446	0.4003	-0.3556
			-0.478	0.8718	-0.1067
			0.2134	-0.9714	0.1046
			-0.2318	0.9682	0.0944
			0.7204	0.2158	0.6592
			-0.3585	0.9294	0.0875
			-0.5937	-0.2994	0.7469
			-0.7204	-0.2158	-0.6592
			0.3585	-0.9294	-0.0875
			0.5937	0.2994	-0.7469
		b:
			455.6782
			146.5533
			-202.1001
			-15.6619
			-10.6293
			109.2209
			399.9362
			92.85
			301.3002
			-390.9362
			-90.85
			-291.3002


===========================================================================================
===========================================================================================
S2:
	q_c:	228.5	332.5	132.5
	ub :	256.1134	349.7862	152.4947
	lb :	204.1089	320.1263	112.021

	==================================================================================
	Q1:
		Shape: Ellipse
		q_c:	240.5	332.5	124.0
		ub :	249.4128	340.8999	134.1507
		lb :	231.5872	324.1001	113.8493
		P^-1:
			0.0382	-0.0323	-0.0163
			-0.0323	0.0769	0.031
			-0.0163	0.031	0.0342
	==================================================================================
	Q2:
		Shape: Hybrid
		q_c:	225.0	342.5	127.5
		ub :	234.2696	349.7862	132.0696
		lb :	215.7304	335.2138	122.9304
		P^-1:
			0.0343	-0.0391	-0.0048
			-0.0391	0.0885	0.0087
			-0.0048	0.0087	0.0646
		A:
			-0.0338	0.7711	-0.6358
			0.6686	-0.7165	0.1989
			-0.7789	0.5684	0.265
			0.1491	-0.6027	-0.7839
			-0.502	0.8048	0.3166
			-0.2447	0.9463	0.2113
		b:
			178.3886
			-67.3194
			56.2122
			-270.6739
			204.6441
			297.9571
	==================================================================================
	Q3:
		Shape: Polyhedra
		q_c:	229.0	337.5	134.5
		ub :	238.3311	346.4267	142.0992
		lb :	219.6689	328.5733	126.9008
		A:
			-0.8875	0.0828	0.4532
			-0.5796	0.6561	-0.4833
			-0.8064	-0.1942	0.5585
			0.3402	0.1796	-0.923
			-0.9123	0.3759	-0.1626
			-0.8641	-0.3167	0.3911
			0.909	0.0583	0.4128
			-0.4011	-0.1477	0.9041
			0.1137	-0.9873	-0.1109
			-0.909	-0.0583	-0.4128
			0.4011	0.1477	-0.9041
			-0.1137	0.9873	0.1109
		b:
			-108.5234
			31.2077
			-169.927
			18.4026
			-96.3728
			-246.3317
			290.8505
			-16.1096
			-314.0957
			-275.8505
			24.1096
			330.0957
	==================================================================================
	Q4:
		Shape: Polyhedra
		q_c:	245.5	327.0	119.0
		ub :	256.1134	333.8737	125.979
		lb :	234.8866	320.1263	112.021
		A:
			0.3154	-0.9212	0.2281
			0.7699	-0.5853	-0.2542
			0.5174	-0.7532	0.4062
			0.1772	-0.4807	-0.8588
			0.7078	-0.2489	0.6611
			0.3941	0.0576	0.9173
			0.137	0.9655	0.2213
			0.9814	-0.1019	-0.1627
			-0.1345	0.2395	-0.9615
			-0.137	-0.9655	-0.2213
			-0.9814	0.1019	0.1627
			0.1345	-0.2395	0.9615
		b:
			-190.9391
			-24.1027
			-64.5684
			-210.2694
			177.8536
			229.676
			380.6928
			197.7438
			-64.6334
			-370.6928
			-178.7438
			73.6334
	==================================================================================
	Q5:
		Shape: Hybrid
		q_c:	230.5	335.5	147.0
		ub :	239.1676	342.8264	152.4947
		lb :	221.8324	328.1736	141.5053
		P^-1:
			0.0139	0.0001	0.0005
			0.0001	0.0205	-0.001
			0.0005	-0.001	0.0399
		A:
			0.1036	-0.0427	-0.9937
			0.6739	0.7366	0.0575
			-0.4108	-0.6702	0.6182
			-0.1204	0.4814	-0.8682
			0.4729	-0.8017	-0.3657
			-0.3772	0.5273	-0.7614
		b:
			-133.9547
			416.1134
			-224.5902
			9.1279
			-209.0026
			-18.3929
	==================================================================================
	Q6:
		Shape: Ellipse
		q_c:	214.5	336.5	137.5
		ub :	224.8911	346.9237	146.8914
		lb :	204.1089	326.0763	128.1086
		P^-1:
			0.0284	0.0071	0.0031
			0.0071	0.021	0.0068
			0.0031	0.0068	0.0341


===========================================================================================
===========================================================================================
S3:
	q_c:	180.0	423.0	342.5
	ub :	204.0774	448.1027	367.7094
	lb :	162.3308	399.3399	320.3113

	==================================================================================
	Q1:
		Shape: Polyhedra
		q_c:	186.5	427.5	335.5
		ub :	198.505	439.7126	339.1736
		lb :	174.495	415.2874	331.8264
		A:
			-0.055	-0.1209	-0.9911
			-0.0839	0.8586	0.5058
			-0.0584	-0.6289	0.7753
			0.1725	0.3064	-0.9361
			0.9391	0.2538	-0.2315
			-0.6	-0.5367	-0.5932
			0.7252	0.6831	0.0866
			0.6885	-0.7169	-0.1099
			-0.013	0.1393	-0.9902
			-0.7252	-0.6831	-0.0866
			-0.6885	0.7169	0.1099
			0.013	-0.1393	0.9902
		b:
			-391.577
			529.2467
			-14.9804
			-148.184
			213.7923
			-533.8899
			463.8242
			-205.4477
			-273.0718
			-448.8242
			224.4477
			277.0718
	==================================================================================
	Q2:
		Shape: Polyhedra
		q_c:	192.0	411.5	352.0
		ub :	204.0774	423.3273	360.2996
		lb :	179.9226	399.6727	343.7004
		A:
			0.3928	0.0919	0.915
			-0.3605	-0.5824	-0.7286
			0.3493	-0.3651	-0.8629
			0.1069	0.7051	-0.701
			-0.592	0.6321	0.5
			0.9007	-0.3979	0.1745
			0.3928	0.083	0.9159
			-0.2811	0.9591	0.0336
			-0.8756	-0.2707	0.4001
			-0.3928	-0.083	-0.9159
			0.2811	-0.9591	-0.0336
			0.8756	0.2707	-0.4001
		b:
			440.3334
			-558.887
			-379.549
			71.9881
			331.3593
			78.9144
			436.9677
			362.0245
			-130.1745
			-426.9677
			-343.0245
			147.1745
	==================================================================================
	Q3:
		Shape: Polyhedra
		q_c:	175.5	415.0	333.0
		ub :	188.6692	428.9635	345.6887
		lb :	162.3308	401.0365	320.3113
		A:
			0.1518	0.5588	0.8153
			-0.1451	-0.5225	-0.8402
			0.8644	0.0029	0.5028
			-0.6378	0.3415	-0.6903
			0.0713	-0.745	-0.6632
			0.2231	0.9418	0.2516
			0.6821	0.4181	0.5999
			-0.6882	0.6443	0.3335
			-0.2471	-0.6403	0.7273
			-0.6821	-0.4181	-0.5999
			0.6882	-0.6443	-0.3335
			0.2471	0.6403	-0.7273
		b:
			537.7137
			-514.43
			327.6179
			-192.5341
			-508.8733
			521.6487
			499.4947
			267.664
			-59.431
			-486.4947
			-247.664
			74.431
	==================================================================================
	Q4:
		Shape: Polyhedra
		q_c:	173.0	435.0	335.0
		ub :	183.6522	445.8848	344.7521
		lb :	162.3478	424.1152	325.2479
		A:
			-0.569	-0.3702	0.7343
			-0.9414	-0.1158	-0.317
			0.7768	-0.3244	-0.5398
			-0.9584	-0.1832	-0.2187
			-0.8794	-0.3345	-0.3386
			0.5579	-0.2169	-0.801
			0.3209	0.915	0.2448
			0.5966	0.0055	-0.8025
			-0.7356	0.4035	-0.5441
			-0.3209	-0.915	-0.2448
			-0.5966	-0.0055	0.8025
			0.7356	-0.4035	0.5441
		b:
			-7.8448
			-312.3349
			-182.0929
			-311.6753
			-403.4456
			-260.9326
			544.5076
			-158.2594
			-127.5035
			-526.5076
			168.2594
			140.5035
	==================================================================================
	Q5:
		Shape: Ellipse
		q_c:	190.5	436.0	352.5
		ub :	201.5337	448.1027	364.1292
		lb :	179.4663	423.8973	340.8708
		P^-1:
			0.0269	0.0041	0.0072
			0.0041	0.0171	0.0027
			0.0072	0.0027	0.0203
	==================================================================================
	Q6:
		Shape: Ellipse
		q_c:	187.5	408.0	356.5
		ub :	199.173	416.6601	367.7094
		lb :	175.827	399.3399	345.2906
		P^-1:
			0.0263	0.0015	-0.0134
			0.0015	0.0291	-0.0046
			-0.0134	-0.0046	0.0235


===========================================================================================
===========================================================================================
S4:
	q_c:	183.5	524.5	119.0
	ub :	201.4582	537.5876	135.4688
	lb :	170.1647	505.0919	99.5358

	==================================================================================
	Q1:
		Shape: Hybrid
		q_c:	178.0	519.0	108.5
		ub :	185.8353	527.5458	117.4642
		lb :	170.1647	510.4542	99.5358
		P^-1:
			0.0437	0.0029	-0.0072
			0.0029	0.0339	-0.002
			-0.0072	-0.002	0.038
		A:
			-0.3145	0.9489	-0.0245
			-0.0137	0.0012	0.9999
			0.1825	0.9256	-0.3316
			-0.6308	-0.6661	0.3981
			0.6189	-0.3697	-0.693
			-0.8093	-0.5761	0.1143
		b:
			437.1157
			109.6417
			479.8727
			-412.2531
			-154.2425
			-428.1095
	==================================================================================
	Q2:
		Shape: Polyhedra
		q_c:	193.5	529.0	126.0
		ub :	201.4582	537.5876	135.0855
		lb :	185.5418	520.4124	116.9145
		A:
			-0.7287	0.3982	0.5572
			0.7816	-0.4639	-0.4171
			0.452	-0.4448	0.7732
			-0.3356	0.4045	-0.8507
			0.5617	-0.763	-0.3198
			-0.0289	0.3544	0.9347
			0.2317	0.6139	0.7546
			-0.6739	0.6607	-0.3305
			-0.7015	-0.432	0.5668
			-0.2317	-0.6139	-0.7546
			0.6739	-0.6607	0.3305
			0.7015	0.432	-0.5668
		b:
			145.1611
			-141.7437
			-46.0997
			46.5172
			-330.5862
			305.639
			470.6543
			180.9773
			-286.8437
			-458.6543
			-173.9773
			298.8437
	==================================================================================
	Q3:
		Shape: Ellipse
		q_c:	186.5	524.5	107.0
		ub :	192.3492	530.5844	111.1215
		lb :	180.6508	518.4156	102.8785
		P^-1:
			0.0499	0.0107	0.0432
			0.0107	0.0517	0.0469
			0.0432	0.0469	0.2284
	==================================================================================
	Q4:
		Shape: Ellipse
		q_c:	195.5	522.0	130.5
		ub :	199.5387	526.0536	133.9341
		lb :	191.4613	517.9464	127.0659
		P^-1:
			0.1454	0.0055	-0.0507
			0.0055	0.2323	-0.1432
			-0.0507	-0.1432	0.3379
	==================================================================================
	Q5:
		Shape: Hybrid
		q_c:	184.5	522.0	129.0
		ub :	191.0669	529.1603	135.4688
		lb :	177.9331	514.8397	122.5312
		P^-1:
			0.0602	0.021	0.0238
			0.021	0.0643	0.0204
			0.0238	0.0204	0.076
		A:
			-0.753	-0.0433	-0.6566
			0.7618	0.3157	-0.5657
			-0.0262	0.3023	0.9528
			0.8895	0.1934	-0.4141
			0.8856	0.4488	0.1197
			0.5102	-0.2428	-0.8251
		b:
			-244.1441
			235.5406
			278.1719
			214.8409
			415.4187
			-135.9378
	==================================================================================
	Q6:
		Shape: Ellipse
		q_c:	193.0	515.0	122.0
		ub :	201.4034	524.9081	129.2267
		lb :	184.5966	505.0919	114.7733
		P^-1:
			0.0316	0.0043	-0.0025
			0.0043	0.0209	0.0053
			-0.0025	0.0053	0.0383


===========================================================================================
===========================================================================================
S5:
	q_c:	110.5	424.0	290.0
	ub :	123.9177	437.3736	298.5743
	lb :	100.0723	409.7652	281.6153

	==================================================================================
	Q1:
		Shape: Ellipse
		q_c:	109.5	431.5	291.0
		ub :	115.5889	437.1798	296.1547
		lb :	103.4111	425.8202	285.8453
		P^-1:
			0.1156	0.0533	0.0714
			0.0533	0.1154	0.0677
			0.0714	0.0677	0.1309
	==================================================================================
	Q2:
		Shape: Polyhedra
		q_c:	110.0	420.5	290.5
		ub :	115.7692	423.2936	296.3498
		lb :	104.2308	417.7064	284.6502
		A:
			0.211	-0.8778	-0.4302
			-0.9162	-0.3698	-0.1543
			-0.59	-0.787	-0.1806
			0.9787	0.1541	0.1356
			0.6375	0.7684	-0.0558
			0.3313	0.9238	0.1919
			0.2102	0.9649	0.1571
			0.7464	-0.0546	-0.6633
			-0.6315	0.2567	-0.7317
			-0.2102	-0.9649	-0.1571
			-0.7464	0.0546	0.6633
			0.6315	-0.2567	0.7317
		b:
			-468.687
			-297.6744
			-446.1134
			215.6563
			379.2551
			482.2353
			476.0306
			-130.0394
			-169.5645
			-473.0306
			137.0394
			178.5645
	==================================================================================
	Q3:
		Shape: Polyhedra
		q_c:	118.0	424.5	294.0
		ub :	122.3315	428.6903	298.5743
		lb :	113.6685	420.3097	289.4257
		A:
			-0.6361	-0.5849	-0.5032
			-0.13	-0.9657	0.2247
			0.971	0.2306	-0.0638
			-0.4256	-0.1521	0.8921
			0.6342	0.7519	0.1803
			0.3886	-0.1863	0.9024
			0.6564	0.258	0.7089
			0.132	-0.9645	0.2287
			0.7428	-0.0565	-0.6671
			-0.6564	-0.258	-0.7089
			-0.132	0.9645	-0.2287
			-0.7428	0.0565	0.6671
		b:
			-468.6427
			-355.7525
			196.5035
			150.4936
			449.945
			234.8528
			397.9003
			-323.0999
			-129.4814
			-392.9003
			330.0999
			135.4814
	==================================================================================
	Q4:
		Shape: Hybrid
		q_c:	106.0	415.5	286.5
		ub :	111.9277	421.2348	291.3396
		lb :	100.0723	409.7652	281.6604
		P^-1:
			0.0816	0.0	0.0
			0.0	0.0816	-0.0
			0.0	-0.0	0.0816
		A:
			-0.3681	0.8444	0.3892
			0.7303	-0.1937	0.6551
			0.8052	0.5101	0.3025
			-0.3663	0.8299	0.4209
			-0.6019	-0.7924	-0.0988
			-0.5262	0.0571	-0.8484
		b:
			425.0933
			186.3784
			385.7043
			428.3067
			-419.6068
			-273.3636
	==================================================================================
	Q5:
		Shape: Ellipse
		q_c:	118.5	431.0	291.0
		ub :	123.9177	436.2553	296.348
		lb :	113.0823	425.7447	285.652
		P^-1:
			0.0618	-0.0475	0.043
			-0.0475	0.1542	-0.0824
			0.043	-0.0824	0.1365
	==================================================================================
	Q6:
		Shape: Ellipse
		q_c:	116.5	431.5	287.5
		ub :	122.9325	437.3736	293.3847
		lb :	110.0675	425.6264	281.6153
		P^-1:
			0.059	0.0204	0.0092
			0.0204	0.0927	0.0196
			0.0092	0.0196	0.0582


===========================================================================================
===========================================================================================
S6:
	q_c:	125.0	187.0	170.0
	ub :	138.1584	197.7453	185.0471
	lb :	108.7118	172.9165	150.7423

	==================================================================================
	Q1:
		Shape: Ellipse
		q_c:	129.5	190.5	158.5
		ub :	135.1203	197.7453	166.2577
		lb :	123.8797	183.2547	150.7423
		P^-1:
			0.0492	0.001	-0.0011
			0.001	0.0417	0.0081
			-0.0011	0.0081	0.0409
	==================================================================================
	Q2:
		Shape: Ellipse
		q_c:	116.5	181.0	177.5
		ub :	122.2957	189.0835	185.0471
		lb :	110.7043	172.9165	169.9529
		P^-1:
			0.0761	-0.0145	0.0008
			-0.0145	0.043	-0.0038
			0.0008	-0.0038	0.0356
	==================================================================================
	Q3:
		Shape: Polyhedra
		q_c:	115.0	188.0	176.0
		ub :	121.2882	193.7945	181.8661
		lb :	108.7118	182.2055	170.1339
		A:
			-0.9727	-0.127	0.1944
			-0.4395	0.7272	-0.5273
			-0.1479	0.9883	0.0374
			0.2793	0.4444	-0.8512
			-0.3793	-0.0545	-0.9237
			-0.0888	-0.6283	-0.7729
			0.5568	0.6691	0.4923
			-0.5453	0.7415	-0.391
			-0.6266	-0.0508	0.7777
			-0.5568	-0.6691	-0.4923
			0.5453	-0.7415	0.391
			0.6266	0.0508	-0.7777
		b:
			-98.073
			-2.6527
			179.3585
			-30.8501
			-212.6349
			-260.5993
			280.458
			11.8687
			58.2634
			-272.458
			-3.8687
			-52.2634
	==================================================================================
	Q4:
		Shape: Polyhedra
		q_c:	132.5	182.0	165.0
		ub :	138.1584	186.066	170.3481
		lb :	126.8416	177.934	159.6519
		A:
			-0.3592	0.4606	0.8117
			0.2111	-0.5489	0.8088
			-0.1628	0.9236	0.3471
			-0.8544	0.392	-0.3411
			0.6658	0.6512	0.3642
			0.263	-0.933	-0.2455
			0.616	0.3128	0.7229
			-0.6625	-0.2906	0.6903
			0.4261	-0.9042	0.0282
			-0.616	-0.3128	-0.7229
			0.6625	0.2906	-0.6903
			-0.4261	0.9042	-0.0282
		b:
			173.5487
			64.7478
			206.1769
			-95.2986
			270.3032
			-173.2716
			261.3447
			-22.7757
			-101.4622
			-254.3447
			30.7757
			105.4622
	==================================================================================
	Q5:
		Shape: Hybrid
		q_c:	125.0	184.5	172.0
		ub :	132.1441	191.5175	179.6653
		lb :	117.8559	177.4825	164.3347
		P^-1:
			0.0431	-0.0105	-0.0137
			-0.0105	0.0689	-0.0166
			-0.0137	-0.0166	0.0599
		A:
			0.9862	-0.048	-0.1585
			-0.4484	-0.8797	0.1584
			0.0721	-0.9858	-0.1516
			0.2936	-0.9059	-0.3051
			-0.73	0.6795	0.0731
			0.1326	0.1752	-0.9756
		b:
			90.3194
			-188.2748
			-196.4728
			-180.5669
			48.9596
			-116.5996
	==================================================================================
	Q6:
		Shape: Polyhedra
		q_c:	129.5	184.0	170.0
		ub :	134.7976	188.7973	176.5246
		lb :	124.2024	179.2027	163.4754
		A:
			0.5673	0.0411	0.8225
			0.2368	0.4774	0.8462
			0.8743	0.4789	0.0789
			-0.7714	-0.4479	-0.4521
			-0.5896	0.8008	-0.1057
			-0.8167	-0.3866	-0.4285
			0.0412	0.8985	0.4371
			0.5993	0.3278	-0.7303
			-0.7995	0.292	-0.5249
			-0.0412	-0.8985	-0.4371
			-0.5993	-0.3278	0.7303
			0.7995	-0.292	0.5249
		b:
			223.3723
			265.3147
			218.884
			-256.4429
			55.2391
			-246.9685
			247.4617
			19.7768
			-137.0332
			-242.4617
			-7.7768
			141.0332


===========================================================================================
===========================================================================================
S7:
	q_c:	105.0	364.5	415.5
	ub :	126.8044	385.9969	440.5611
	lb :	80.5402	346.0565	396.9059

	==================================================================================
	Q1:
		Shape: Polyhedra
		q_c:	100.5	367.0	428.0
		ub :	108.2899	375.4387	435.4267
		lb :	92.7101	358.5613	420.5733
		A:
			-0.7446	0.0612	0.6647
			-0.6331	-0.1302	0.763
			-0.6924	0.5803	0.4287
			0.4233	-0.4525	-0.7849
			-0.4177	0.1722	0.8921
			0.2383	0.5972	-0.7658
			0.213	0.9413	0.2618
			0.6379	0.069	-0.7671
			-0.7401	0.3304	-0.5857
			-0.213	-0.9413	-0.2618
			-0.6379	-0.069	0.7671
			0.7401	-0.3304	0.5857
		b:
			234.881
			217.7136
			331.6804
			-455.3576
			406.3128
			-80.1228
			485.4333
			-236.3627
			-197.3156
			-472.4333
			241.3627
			210.3156
	==================================================================================
	Q2:
		Shape: Polyhedra
		q_c:	96.5	378.0	412.5
		ub :	105.1886	383.7063	420.2649
		lb :	87.8114	372.2937	404.7351
		A:
			-0.6844	0.5367	0.4935
			-0.6069	0.7415	0.2861
			0.3732	-0.7601	-0.5319
			0.5912	-0.7201	-0.3633
			-0.4852	0.8739	0.0277
			0.7589	-0.3644	-0.5398
			0.901	0.3137	0.2996
			-0.2139	-0.2797	0.936
			0.3775	-0.9074	-0.1849
			-0.901	-0.3137	-0.2996
			0.2139	0.2797	-0.936
			-0.3775	0.9074	0.1849
		b:
			344.1603
			342.5068
			-467.9672
			-362.1939
			297.3105
			-282.575
			336.6406
			265.2126
			-380.8424
			-321.6406
			-254.2126
			384.8424
	==================================================================================
	Q3:
		Shape: Ellipse
		q_c:	107.0	358.5	404.0
		ub :	116.2274	367.8586	411.0941
		lb :	97.7726	349.1414	396.9059
		P^-1:
			0.0282	0.0073	-0.0002
			0.0073	0.0354	0.0001
			-0.0002	0.0001	0.04
	==================================================================================
	Q4:
		Shape: Polyhedra
		q_c:	112.0	364.0	410.5
		ub :	122.7835	373.3223	421.2118
		lb :	101.2165	354.6777	399.7882
		A:
			0.735	-0.4798	-0.4791
			-0.2248	0.7888	-0.572
			0.1221	0.8067	-0.5782
			0.4837	-0.1582	0.8609
			0.8935	0.2461	-0.3755
			0.2096	-0.5294	0.822
			0.8443	0.343	0.4118
			0.5199	-0.3379	-0.7846
			-0.13	0.8765	-0.4636
			-0.8443	-0.343	-0.4118
			-0.5199	0.3379	0.7846
			0.13	-0.8765	0.4636
		b:
			-282.5059
			32.236
			75.1359
			356.8322
			42.6936
			173.8207
			396.4412
			-380.3133
			119.1891
			-380.4412
			393.3133
			-109.1891
	==================================================================================
	Q5:
		Shape: Hybrid
		q_c:	119.0	355.5	410.5
		ub :	126.8044	364.9435	420.4542
		lb :	111.1956	346.0565	400.5458
		P^-1:
			0.0445	-0.0126	0.0166
			-0.0126	0.0321	-0.0053
			0.0166	-0.0053	0.0341
		A:
			0.7566	-0.3435	-0.5564
			-0.2509	-0.9608	0.1182
			-0.345	0.448	-0.8248
			0.9358	-0.1025	-0.3374
			0.8694	-0.2253	-0.4397
			-0.633	0.3617	0.6845
		b:
			-256.2676
			-318.5716
			-217.4799
			-59.4631
			-152.9842
			338.6272
	==================================================================================
	Q6:
		Shape: Ellipse
		q_c:	89.0	375.5	429.0
		ub :	97.4598	385.9969	440.5611
		lb :	80.5402	365.0031	417.4389
		P^-1:
			0.0365	0.007	-0.0013
			0.007	0.0259	0.0037
			-0.0013	0.0037	0.0112


===========================================================================================
===========================================================================================
S8:
	q_c:	303.5	257.5	395.0
	ub :	328.7949	281.473	415.2146
	lb :	281.5618	235.141	367.7236

	==================================================================================
	Q1:
		Shape: Polyhedra
		q_c:	303.0	267.5	392.0
		ub :	307.538	272.5231	394.3983
		lb :	298.462	262.4769	389.6017
		A:
			0.1502	-0.3398	-0.9284
			0.0861	-0.5264	0.8459
			0.2875	-0.1268	-0.9494
			-0.224	-0.2283	-0.9475
			-0.4116	-0.0484	-0.9101
			-0.6964	0.5025	-0.5125
			0.3756	0.0995	0.9214
			-0.7775	0.5749	0.2548
			-0.5044	-0.8121	0.2933
			-0.3756	-0.0995	-0.9214
			0.7775	-0.5749	-0.2548
			0.5044	0.8121	-0.2933
		b:
			-407.5867
			219.4599
			-316.853
			-499.574
			-493.8895
			-275.1937
			502.1183
			21.0917
			-251.1099
			-501.1183
			-15.0917
			259.1099
	==================================================================================
	Q2:
		Shape: Polyhedra
		q_c:	306.0	247.5	386.5
		ub :	318.3583	259.2688	398.1294
		lb :	293.6417	235.7312	374.8706
		A:
			0.5113	0.2704	-0.8158
			-0.1421	-0.133	0.9809
			-0.0333	-0.9187	0.3936
			0.0333	0.2969	-0.9543
			-0.2953	-0.4226	-0.8568
			0.651	-0.2821	0.7047
			0.6084	0.3337	0.7201
			-0.7759	0.4411	0.4511
			-0.1671	-0.8331	0.5272
			-0.6084	-0.3337	-0.7201
			0.7759	-0.4411	-0.4511
			0.1671	0.8331	-0.5272
		b:
			-83.294
			310.0519
			-78.6964
			-278.5977
			-520.4581
			407.7166
			551.5673
			57.0918
			-47.0482
			-542.5673
			-35.0918
			60.0482
	==================================================================================
	Q3:
		Shape: Hybrid
		q_c:	316.0	253.0	391.5
		ub :	328.7949	264.3333	398.9641
		lb :	303.2051	241.6667	384.0359
		P^-1:
			0.0469	0.0456	-0.1082
			0.0456	0.0852	-0.1514
			-0.1082	-0.1514	0.3392
		A:
			-0.3192	-0.2789	0.9057
			0.125	-0.632	0.7648
			0.7366	-0.6716	0.0797
			0.4287	0.7939	-0.4313
			0.3669	0.4229	-0.8286
			-0.3331	-0.2077	0.9197
		b:
			184.2215
			182.2043
			101.0878
			172.4864
			-100.4206
			203.7032
	==================================================================================
	Q4:
		Shape: Polyhedra
		q_c:	315.5	274.0	406.5
		ub :	324.2659	281.473	415.2146
		lb :	306.7341	266.527	397.7854
		A:
			0.36	0.9174	0.1694
			-0.3721	0.0113	0.9281
			0.3848	-0.9215	-0.0523
			-0.2564	-0.7569	0.6011
			0.5773	0.8165	-0.0052
			-0.583	-0.8123	-0.0176
			0.2762	0.7494	0.6017
			0.9535	-0.1348	-0.2697
			-0.121	0.6482	-0.7518
			-0.2762	-0.7494	-0.6017
			-0.9535	0.1348	0.2697
			0.121	-0.6482	0.7518
		b:
			437.8879
			269.2938
			-146.5963
			-37.5129
			408.7853
			-408.6752
			540.0896
			161.7305
			-159.6513
			-534.0896
			-146.7305
			172.6513
	==================================================================================
	Q5:
		Shape: Ellipse
		q_c:	289.0	253.5	392.5
		ub :	296.4382	260.5476	402.8454
		lb :	281.5618	246.4524	382.1546
		P^-1:
			0.0388	0.003	-0.0053
			0.003	0.0467	0.0089
			-0.0053	0.0089	0.0178
	==================================================================================
	Q6:
		Shape: Polyhedra
		q_c:	308.5	243.0	379.0
		ub :	319.5194	250.859	390.2764
		lb :	297.4806	235.141	367.7236
		A:
			0.645	-0.5762	0.5019
			-0.581	-0.3606	0.7296
			0.3494	-0.5377	0.7673
			-0.9625	-0.2404	-0.1255
			-0.1129	0.9836	0.1404
			-0.5546	0.8129	0.1779
			0.5238	0.7858	0.3288
			0.503	0.0262	-0.8639
			-0.6875	0.6179	-0.3816
			-0.5238	-0.7858	-0.3288
			-0.503	-0.0262	0.8639
			0.6875	-0.6179	0.3816
		b:
			255.2473
			17.7848
			274.6487
			-396.9859
			262.9288
			100.2154
			482.1641
			-157.3736
			-200.5492
			-472.1641
			174.3736
			212.5492


===========================================================================================
===========================================================================================
S9:
	q_c:	248.0	259.0	252.5
	ub :	264.7013	280.9483	274.652
	lb :	223.1084	242.1516	234.3819

	==================================================================================
	Q1:
		Shape: Ellipse
		q_c:	232.5	270.5	246.0
		ub :	241.8916	280.9483	254.3517
		lb :	223.1084	260.0517	237.6483
		P^-1:
			0.0294	0.0063	-0.0015
			0.0063	0.022	0.0026
			-0.0015	0.0026	0.0324
	==================================================================================
	Q2:
		Shape: Ellipse
		q_c:	254.5	255.0	259.0
		ub :	264.7013	265.535	269.7743
		lb :	244.2987	244.465	248.2257
		P^-1:
			0.0274	0.0029	0.0053
			0.0029	0.023	0.0005
			0.0053	0.0005	0.0267
	==================================================================================
	Q3:
		Shape: Polyhedra
		q_c:	250.0	246.5	243.0
		ub :	253.582	250.8484	251.6181
		lb :	246.418	242.1516	234.3819
		A:
			0.3809	-0.9178	-0.1122
			-0.4297	-0.4881	0.7597
			0.3083	0.9279	0.2097
			0.6814	0.5421	-0.4918
			-0.5705	0.7276	-0.381
			0.9095	-0.2688	0.3172
			0.124	0.2354	0.964
			0.9913	0.0144	-0.131
			-0.0447	0.9718	-0.2315
			-0.124	-0.2354	-0.964
			-0.9913	-0.0144	0.131
			0.0447	-0.9718	0.2315
		b:
			-155.0047
			-38.1623
			361.0476
			187.6711
			-52.6391
			241.8751
			331.2586
			222.0322
			174.6068
			-315.2586
			-217.0322
			-169.6068
	==================================================================================
	Q4:
		Shape: Ellipse
		q_c:	244.0	259.0	251.0
		ub :	251.8458	266.5879	259.24
		lb :	236.1542	251.4121	242.76
		P^-1:
			0.0516	0.0031	-0.0127
			0.0031	0.0365	0.002
			-0.0127	0.002	0.0474
	==================================================================================
	Q5:
		Shape: Polyhedra
		q_c:	254.0	261.0	253.5
		ub :	264.1583	270.1964	262.0105
		lb :	243.8417	251.8036	244.9895
		A:
			-0.8488	-0.5077	-0.1475
			-0.1208	-0.1727	-0.9775
			-0.7389	0.521	-0.4274
			-0.9859	0.1429	0.087
			-0.5605	0.5962	-0.5749
			0.7887	-0.2092	-0.5781
			0.3551	0.0391	0.934
			-0.825	-0.4568	0.3328
			0.4397	-0.8887	-0.13
			-0.3551	-0.0391	-0.934
			0.825	0.4568	-0.3328
			-0.4397	0.8887	0.13
		b:
			-379.4815
			-317.5202
			-153.4936
			-184.7317
			-125.9716
			5.5515
			343.1665
			-238.4248
			-146.2139
			-331.1665
			250.4248
			160.2139
	==================================================================================
	Q6:
		Shape: Ellipse
		q_c:	252.0	270.0	266.5
		ub :	256.709	278.7746	274.652
		lb :	247.291	261.2254	258.348
		P^-1:
			0.1908	0.0416	0.0849
			0.0416	0.0378	0.0325
			0.0849	0.0325	0.0818


===========================================================================================
===========================================================================================
S10:
	q_c:	457.0	150.5	523.5
	ub :	465.4431	159.6112	531.635
	lb :	451.257	145.2644	518.4876

	==================================================================================
	Q1:
		Shape: Polyhedra
		q_c:	455.0	149.0	525.0
		ub :	457.8969	151.9318	526.9759
		lb :	452.1031	146.0682	523.0241
		A:
			0.5502	0.2546	0.7953
			0.8773	0.4437	0.1832
			0.9642	-0.171	0.2027
			-0.3701	-0.9282	0.0391
			0.3164	-0.2413	0.9174
			0.0222	-0.949	-0.3144
			0.6232	0.5694	0.5361
			0.6387	-0.7661	0.0712
			0.4513	0.298	-0.8411
			-0.6232	-0.5694	-0.5361
			-0.6387	0.7661	-0.0712
			-0.4513	-0.298	0.8411
		b:
			706.9743
			562.6379
			521.658
			-284.5893
			591.2745
			-294.4033
			650.8511
			216.3577
			-190.358
			-648.8511
			-211.3577
			193.358
	==================================================================================
	Q2:
		Shape: Ellipse
		q_c:	454.5	156.0	521.5
		ub :	457.743	159.6112	524.5124
		lb :	451.257	152.3888	518.4876
		P^-1:
			0.549	0.1889	-0.3738
			0.1889	0.2518	-0.1816
			-0.3738	-0.1816	0.5192
	==================================================================================
	Q3:
		Shape: Ellipse
		q_c:	462.0	148.5	528.5
		ub :	465.4431	150.7758	531.635
		lb :	458.5569	146.2242	525.365
		P^-1:
			0.3783	0.1568	0.368
			0.1568	0.3648	0.2199
			0.368	0.2199	0.618
	==================================================================================
	Q4:
		Shape: Ellipse
		q_c:	455.0	152.5	524.5
		ub :	456.6131	153.9162	525.8122
		lb :	453.3869	151.0838	523.1878
		P^-1:
			1.0	0.0	0.0
			0.0	1.0	-0.0
			0.0	-0.0	1.0
	==================================================================================
	Q5:
		Shape: Hybrid
		q_c:	456.0	151.5	523.0
		ub :	458.8544	155.0921	526.4269
		lb :	453.1456	147.9079	519.5731
		P^-1:
			0.25	-0.0006	0.0013
			-0.0006	0.235	0.0335
			0.0013	0.0335	0.175
		A:
			0.4203	0.4406	0.7932
			-0.6465	0.5865	-0.488
			0.1443	0.9738	-0.1756
			0.4009	-0.9023	0.1585
			-0.7888	0.604	-0.1142
			0.8271	0.0233	0.5616
		b:
			674.4383
			-459.9111
			122.6531
			130.1215
			-326.8529
			675.541
	==================================================================================
	Q6:
		Shape: Polyhedra
		q_c:	459.5	148.0	526.5
		ub :	463.1024	150.7356	530.009
		lb :	455.8976	145.2644	522.991
		A:
			-0.7237	0.5892	-0.3594
			-0.893	0.351	-0.2815
			0.606	0.3947	0.6906
			-0.7643	-0.247	-0.5956
			-0.1059	-0.9924	-0.0627
			-0.8899	0.0269	-0.4553
			0.4458	0.6046	0.66
			-0.5614	0.7632	-0.3199
			-0.6971	-0.228	0.6797
			-0.4458	-0.6046	-0.66
			0.5614	-0.7632	0.3199
			0.6971	0.228	-0.6797
		b:
			-433.0305
			-504.8791
			701.9924
			-699.7955
			-226.9052
			-642.9729
			643.3638
			-311.9372
			6.8027
			-640.3638
			314.9372
			-0.8027


===========================================================================================
===========================================================================================
S11:
	q_c:	416.0	245.5	412.0
	ub :	417.3322	247.7931	414.9134
	lb :	414.0587	244.0106	409.5467

	==================================================================================
	Q1:
		Shape: Ellipse
		q_c:	415.5	245.5	411.0
		ub :	416.9413	246.5985	412.4533
		lb :	414.0587	244.4015	409.5467
		P^-1:
			1.9078	1.1277	0.7923
			1.1277	2.4008	0.9841
			0.7923	0.9841	1.6914
	==================================================================================
	Q2:
		Shape: Polyhedra
		q_c:	416.5	247.0	411.5
		ub :	417.2539	247.6008	412.2008
		lb :	415.7461	246.3992	410.7992
		A:
			-0.1878	-0.7367	-0.6497
			-0.7241	0.6796	-0.1178
			0.2685	0.4815	0.8343
			0.2996	0.415	-0.8591
			-0.9375	-0.3131	-0.1521
			-0.4903	0.211	-0.8457
			0.8752	0.1953	0.4426
			-0.4466	-0.0259	0.8944
			0.1861	-0.9804	0.0646
			-0.8752	-0.1953	-0.4426
			0.4466	0.0259	-0.8944
			-0.1861	0.9804	-0.0646
		b:
			-527.0125
			-181.7212
			574.5815
			-125.7134
			-529.8753
			-499.5597
			595.3922
			176.1409
			-137.5836
			-594.3922
			-175.1409
			138.5836
	==================================================================================
	Q3:
		Shape: Ellipse
		q_c:	416.0	245.5	413.5
		ub :	416.6753	246.9444	414.9134
		lb :	415.3247	244.0556	412.0866
		P^-1:
			3.9251	-0.4274	0.1909
			-0.4274	1.0624	-0.0279
			0.1909	-0.0279	1.0125
	==================================================================================
	Q4:
		Shape: Polyhedra
		q_c:	415.5	245.5	412.0
		ub :	416.735	246.9894	413.8856
		lb :	414.265	244.0106	410.1144
		A:
			-0.4823	-0.8354	-0.2637
			-0.401	-0.5882	0.7023
			-0.8264	-0.5622	-0.0312
			-0.3783	0.9128	0.1542
			-0.3396	0.8102	-0.4777
			0.0043	0.9873	0.1589
			0.1378	0.3622	0.9218
			-0.9897	0.014	0.1424
			0.0387	-0.932	0.3604
			-0.1378	-0.3622	-0.9218
			0.9897	-0.014	-0.1424
			-0.0387	0.932	-0.3604
		b:
			-512.9271
			-20.5968
			-493.181
			131.5596
			-137.9759
			310.7651
			527.4771
			-348.1097
			-63.226
			-524.4771
			350.1097
			65.226
	==================================================================================
	Q5:
		Shape: Ellipse
		q_c:	416.5	247.0	412.5
		ub :	417.3322	247.7931	413.3565
		lb :	415.6678	246.2069	411.6435
		P^-1:
			4.0	-0.0	0.0
			-0.0	4.0	0.0
			0.0	0.0	4.0
	==================================================================================
	Q6:
		Shape: Polyhedra
		q_c:	415.5	247.0	411.5
		ub :	416.162	247.6418	412.1498
		lb :	414.838	246.3582	410.8502
		A:
			-0.2575	0.6903	-0.6762
			0.6781	-0.5206	0.5188
			0.4029	-0.8969	-0.1823
			-0.5733	-0.8188	-0.0304
			0.9393	0.2446	0.2408
			-0.5742	0.6795	-0.4568
			0.1964	0.1223	0.9729
			-0.9673	0.1864	0.1719
			-0.1603	-0.9748	0.155
			-0.1964	-0.1223	-0.9729
			0.9673	-0.1864	-0.1719
			0.1603	0.9748	-0.155
		b:
			-214.2171
			367.1623
			-128.6162
			-452.4368
			550.2484
			-258.2159
			512.6616
			-284.6559
			-243.1351
			-511.6616
			285.6559
			244.1351


===========================================================================================
===========================================================================================
S12:
	q_c:	141.0	38.5	363.5
	ub :	155.1053	61.2008	385.0729
	lb :	125.5944	24.7957	347.6224

	==================================================================================
	Q1:
		Shape: Ellipse
		q_c:	135.5	51.0	372.5
		ub :	145.4056	61.2008	380.6231
		lb :	125.5944	40.7992	364.3769
		P^-1:
			0.0245	0.0038	0.01
			0.0038	0.0156	0.0063
			0.01	0.0063	0.0435
	==================================================================================
	Q2:
		Shape: Polyhedra
		q_c:	148.0	34.0	356.5
		ub :	155.1053	43.2043	360.2249
		lb :	140.8947	24.7957	352.7751
		A:
			-0.036	-0.2395	-0.9702
			-0.6934	-0.1658	0.7012
			0.0603	0.57	-0.8194
			0.873	0.4809	0.0814
			0.0187	0.0418	0.999
			-0.9769	-0.1865	0.1041
			0.9011	0.4275	0.0725
			-0.0134	-0.1395	0.9901
			0.4334	-0.8932	-0.12
			-0.9011	-0.4275	-0.0725
			0.0134	0.1395	-0.9901
			-0.4334	0.8932	0.12
		b:
			-355.8444
			145.4047
			-259.9007
			178.5941
			363.0753
			-109.4319
			177.7333
			348.7487
			-0.9879
			-169.7333
			-343.7487
			16.9879
	==================================================================================
	Q3:
		Shape: Hybrid
		q_c:	144.5	41.0	366.5
		ub :	151.1532	47.5666	370.3861
		lb :	137.8468	34.4334	362.6139
		P^-1:
			0.0717	0.0104	-0.054
			0.0104	0.0708	0.0485
			-0.054	0.0485	0.2221
		A:
			-0.2051	0.7195	0.6635
			-0.1961	0.2239	-0.9547
			-0.3139	-0.2901	-0.904
			0.0761	-0.5958	-0.7995
			0.9924	0.0398	-0.1162
			0.2929	0.7799	0.5531
		b:
			244.9932
			-366.3001
			-386.6231
			-305.0266
			105.6336
			279.0633
	==================================================================================
	Q4:
		Shape: Ellipse
		q_c:	145.5	48.0	356.0
		ub :	152.1823	55.6076	364.3776
		lb :	138.8177	40.3924	347.6224
		P^-1:
			0.2232	-0.1828	0.0522
			-0.1828	0.231	-0.1038
			0.0522	-0.1038	0.0857
	==================================================================================
	Q5:
		Shape: Polyhedra
		q_c:	143.5	30.5	371.5
		ub :	149.5638	33.2626	376.9537
		lb :	137.4362	27.7374	366.0463
		A:
			-0.1296	-0.858	-0.497
			-0.3303	0.9339	0.1366
			0.4957	0.7942	0.3516
			0.2914	0.9324	0.2137
			0.5778	-0.5456	-0.607
			0.2036	-0.9354	0.289
			0.161	0.9767	0.1418
			0.9498	-0.1142	-0.2914
			-0.2684	0.1816	-0.946
			-0.161	-0.9767	-0.1418
			-0.9498	0.1142	0.2914
			0.2684	-0.1816	0.946
		b:
			-227.3289
			34.5371
			228.2997
			151.2646
			-155.0139
			110.6553
			107.0761
			29.5688
			-380.4279
			-104.0761
			-19.5688
			388.4279
	==================================================================================
	Q6:
		Shape: Hybrid
		q_c:	136.0	36.5	378.0
		ub :	141.8009	43.5853	385.0729
		lb :	130.1991	29.4147	370.9271
		P^-1:
			0.0844	0.0162	0.0196
			0.0162	0.0703	0.0254
			0.0196	0.0254	0.052
		A:
			0.7223	-0.3784	0.5789
			0.451	0.6989	-0.5551
			0.3595	0.9223	-0.1415
			0.9358	-0.3231	0.1408
			-0.1424	-0.9735	-0.179
			0.5735	0.6292	0.5246
		b:
			306.0239
			-119.3829
			31.8639
			171.0041
			-120.3007
			300.7795


===========================================================================================
===========================================================================================
