3D_35_7_6_a                l = 3

===========================================================================================
===========================================================================================
S1:
	q_c:	292.0	227.0	29.5
	ub :	311.8461	237.8099	46.3179
	lb :	279.3145	211.1138	16.0755

	==================================================================================
	Q1:
		Shape: Polyhedra
		q_c:	289.5	232.0	36.0
		ub :	294.9318	236.7641	42.3155
		lb :	284.0682	227.2359	29.6845
		A:
			0.5961	-0.7204	0.3545
			0.1134	0.9524	-0.2829
			-0.763	0.6462	0.0192
			0.6606	0.7213	0.2081
			0.8777	-0.2947	0.3779
			-0.5019	0.798	-0.3335
			0.334	0.5267	0.7817
			-0.5778	0.7696	-0.2717
			-0.7447	-0.3609	0.5614
			-0.334	-0.5267	-0.7817
			0.5778	-0.7696	0.2717
			0.7447	0.3609	-0.5614
		b:
			19.2781
			246.6994
			-68.4031
			370.5562
			201.9139
			28.9296
			251.5248
			2.4851
			-274.6179
			-242.5248
			-0.4851
			283.6179
	==================================================================================
	Q2:
		Shape: Hybrid
		q_c:	303.0	225.0	32.0
		ub :	311.8461	233.4282	38.5862
		lb :	294.1539	216.5718	25.4138
		P^-1:
			0.024	0.0092	-0.0012
			0.0092	0.0438	-0.0037
			-0.0012	-0.0037	0.042
		A:
			0.0457	-0.4182	0.9072
			0.1292	0.8808	0.4555
			-0.5221	-0.0358	0.8522
			0.7053	0.5999	0.3777
			-0.4786	-0.7534	-0.4509
			0.7773	0.6275	-0.0453
		b:
			-48.6433
			254.6143
			-135.8399
			363.8185
			-326.2924
			378.2906
	==================================================================================
	Q3:
		Shape: Polyhedra
		q_c:	295.0	227.0	37.5
		ub :	302.3588	233.7986	46.3179
		lb :	287.6412	220.2014	28.6821
		A:
			0.6783	-0.7321	0.062
			-0.446	0.8593	0.2503
			-0.6832	0.7294	-0.0345
			0.7467	0.5742	0.3359
			-0.8415	0.5159	0.1603
			0.8209	-0.5711	-0.0018
			0.7232	0.4108	0.5552
			-0.5846	0.7921	0.1756
			-0.3676	-0.4515	0.813
			-0.7232	-0.4108	-0.5552
			0.5846	-0.7921	-0.1756
			0.3676	0.4515	-0.813
		b:
			38.655
			75.0143
			-34.9235
			368.3468
			-122.317
			115.0692
			332.4153
			15.925
			-173.4593
			-322.4153
			-11.925
			187.4593
	==================================================================================
	Q4:
		Shape: Ellipse
		q_c:	288.5	223.5	39.0
		ub :	293.0145	228.4763	42.6758
		lb :	283.9855	218.5237	35.3242
		P^-1:
			0.1545	0.0414	-0.1407
			0.0414	0.0687	-0.074
			-0.1407	-0.074	0.3522
	==================================================================================
	Q5:
		Shape: Ellipse
		q_c:	286.5	216.5	27.0
		ub :	291.6297	221.8862	32.2526
		lb :	281.3703	211.1138	21.7474
		P^-1:
			0.1145	-0.0422	-0.0344
			-0.0422	0.1208	-0.0319
			-0.0344	-0.0319	0.134
	==================================================================================
	Q6:
		Shape: Ellipse
		q_c:	286.0	231.5	22.5
		ub :	292.6855	237.8099	28.9245
		lb :	279.3145	225.1901	16.0755
		P^-1:
			0.0574	-0.0086	0.0046
			-0.0086	0.0442	-0.0017
			0.0046	-0.0017	0.0339


===========================================================================================
===========================================================================================
S2:
	q_c:	353.5	175.0	502.5
	ub :	365.2343	182.5911	506.341
	lb :	343.353	164.311	490.7558

	==================================================================================
	Q1:
		Shape: Ellipse
		q_c:	351.0	172.0	497.0
		ub :	355.26	176.8581	502.1325
		lb :	346.74	167.1419	491.8675
		P^-1:
			0.1487	-0.0388	-0.0139
			-0.0388	0.1528	-0.0915
			-0.0139	-0.0915	0.1579
	==================================================================================
	Q2:
		Shape: Polyhedra
		q_c:	356.0	177.5	496.5
		ub :	361.3832	182.5911	502.2442
		lb :	350.6168	172.4089	490.7558
		A:
			-0.8359	0.3927	0.3836
			0.6055	-0.1222	-0.7864
			0.9986	0.0521	0.013
			-0.2717	-0.8342	0.4799
			-0.2802	-0.6363	0.7188
			0.5098	0.8581	-0.0614
			0.5141	0.5297	0.6747
			-0.7669	-0.0685	0.6381
			0.3842	-0.8454	0.371
			-0.5141	-0.5297	-0.6747
			0.7669	0.0685	-0.6381
			-0.3842	0.8454	-0.371
		b:
			-34.7859
			-193.8697
			374.4696
			-3.5396
			146.9174
			306.9962
			616.498
			34.1649
			173.9101
			-607.498
			-29.1649
			-167.9101
	==================================================================================
	Q3:
		Shape: Ellipse
		q_c:	352.5	168.5	499.5
		ub :	356.3428	172.689	503.8304
		lb :	348.6572	164.311	495.1696
		P^-1:
			0.1834	-0.0505	-0.0466
			-0.0505	0.1788	0.0085
			-0.0466	0.0085	0.1589
	==================================================================================
	Q4:
		Shape: Polyhedra
		q_c:	346.0	173.5	503.5
		ub :	348.647	176.2849	506.003
		lb :	343.353	170.7151	500.997
		A:
			-0.3478	0.8177	0.4587
			-0.7071	-0.4237	0.5661
			0.7719	-0.4865	-0.4093
			-0.1199	0.5875	0.8003
			-0.5199	0.5069	0.6876
			-0.6666	0.6682	0.3304
			0.7935	0.5179	0.3197
			-0.0372	0.5656	-0.8239
			-0.6075	0.6418	0.468
			-0.7935	-0.5179	-0.3197
			0.0372	-0.5656	0.8239
			0.6075	-0.6418	-0.468
		b:
			253.6802
			-31.2564
			-22.299
			464.9064
			255.3189
			52.6775
			527.8503
			-328.0719
			137.8209
			-522.8503
			331.0719
			-135.8209
	==================================================================================
	Q5:
		Shape: Polyhedra
		q_c:	361.0	171.0	502.5
		ub :	365.2343	173.6231	506.2308
		lb :	356.7657	168.3769	498.7692
		A:
			0.0485	0.2948	-0.9543
			-0.0858	-0.787	0.611
			0.3414	0.562	-0.7534
			-0.2735	-0.3901	0.8792
			0.1988	-0.7682	-0.6086
			-0.7472	0.6393	0.1815
			0.8443	0.1621	0.5108
			-0.5231	0.042	0.8512
			0.1166	-0.9859	0.1202
			-0.8443	-0.1621	-0.5108
			0.5231	-0.042	-0.8512
			-0.1166	0.9859	-0.1202
		b:
			-409.325
			143.4902
			-157.2312
			278.4094
			-363.2492
			-66.8289
			592.6849
			248.0913
			-64.0947
			-585.6849
			-244.0913
			68.0947
	==================================================================================
	Q6:
		Shape: Ellipse
		q_c:	360.0	172.5	502.5
		ub :	363.3486	175.6314	506.341
		lb :	356.6514	169.3686	498.659
		P^-1:
			0.1648	0.043	-0.02
			0.043	0.3092	-0.1579
			-0.02	-0.1579	0.2415


===========================================================================================
===========================================================================================
S3:
	q_c:	282.5	379.5	326.5
	ub :	294.3695	388.8283	342.7598
	lb :	274.8312	368.5422	311.9966

	==================================================================================
	Q1:
		Shape: Hybrid
		q_c:	280.0	375.5	317.0
		ub :	285.1688	379.7052	322.0034
		lb :	274.8312	371.2948	311.9966
		P^-1:
			0.1004	0.0241	-0.0045
			0.0241	0.1413	0.0228
			-0.0045	0.0228	0.111
		A:
			0.0053	-0.0516	-0.9987
			0.6711	0.7354	-0.0936
			0.176	0.8324	0.5254
			-0.921	0.0194	0.3891
			-0.5746	0.6332	0.5185
			0.3228	0.142	0.9358
		b:
			-332.6851
			435.8065
			529.6865
			-125.3549
			242.9935
			442.1314
	==================================================================================
	Q2:
		Shape: Hybrid
		q_c:	285.0	374.5	325.5
		ub :	290.6692	380.4578	331.9613
		lb :	279.3308	368.5422	319.0387
		P^-1:
			0.0709	0.0035	0.0088
			0.0035	0.0639	0.0037
			0.0088	0.0037	0.0718
		A:
			0.7514	-0.6269	0.2058
			-0.9917	-0.0109	-0.1284
			-0.0565	-0.9889	-0.1377
			-0.653	0.2524	-0.7141
			0.2612	-0.48	-0.8375
			0.4719	-0.864	-0.1756
		b:
			48.5342
			-326.5074
			-429.0713
			-322.1312
			-375.7946
			-243.9782
	==================================================================================
	Q3:
		Shape: Polyhedra
		q_c:	283.0	375.0	321.0
		ub :	287.6416	379.8461	324.707
		lb :	278.3584	370.1539	317.293
		A:
			0.6301	0.1588	-0.7601
			0.6092	0.0539	-0.7912
			0.5913	0.6756	-0.4403
			-0.5831	0.5085	0.6336
			0.5975	0.3885	-0.7014
			0.6214	0.3337	-0.7089
			0.64	0.3437	0.6872
			-0.6495	-0.2358	0.7228
			0.4105	-0.909	0.0723
			-0.64	-0.3437	-0.6872
			0.6495	0.2358	-0.7228
			-0.4105	0.909	-0.0723
		b:
			-5.4998
			-60.4009
			281.3838
			231.5842
			90.3803
			74.0435
			535.1097
			-39.7191
			-197.9715
			-526.1097
			40.7191
			204.9715
	==================================================================================
	Q4:
		Shape: Polyhedra
		q_c:	288.5	382.5	332.0
		ub :	292.3291	387.4017	336.7868
		lb :	284.6709	377.5983	327.2132
		A:
			0.5903	0.2028	0.7813
			-0.0178	-0.8944	0.4468
			0.6918	0.1427	0.7078
			-0.1003	-0.9599	-0.2619
			-0.8467	0.369	0.3833
			-0.0274	-0.9853	-0.1686
			0.0387	0.6551	0.7546
			0.5337	0.6249	-0.5698
			-0.8448	0.4248	-0.3255
			-0.0387	-0.6551	-0.7546
			-0.5337	-0.6249	0.5698
			0.8448	-0.4248	0.3255
		b:
			510.0367
			-196.015
			491.8853
			-480.0547
			26.8732
			-437.8063
			515.2387
			206.8134
			-186.7989
			-509.2387
			-200.8134
			191.7989
	==================================================================================
	Q5:
		Shape: Ellipse
		q_c:	283.0	374.0	334.0
		ub :	285.3864	377.561	336.9551
		lb :	280.6136	370.439	331.0449
		P^-1:
			0.4018	0.0053	0.1014
			0.0053	0.0818	0.0034
			0.1014	0.0034	0.2025
	==================================================================================
	Q6:
		Shape: Ellipse
		q_c:	290.0	384.0	338.0
		ub :	294.3695	388.8283	342.7598
		lb :	285.6305	379.1717	333.2402
		P^-1:
			0.1288	0.0294	-0.0246
			0.0294	0.1322	0.0232
			-0.0246	0.0232	0.1406


===========================================================================================
===========================================================================================
S4:
	q_c:	510.0	226.5	232.0
	ub :	528.9118	242.6256	251.1948
	lb :	501.9516	210.615	225.3533

	==================================================================================
	Q1:
		Shape: Polyhedra
		q_c:	511.0	235.5	234.5
		ub :	517.1522	239.984	240.6582
		lb :	504.8478	231.016	228.3418
		A:
			-0.2774	0.8057	-0.5234
			-0.1876	-0.6582	0.7291
			-0.1858	-0.9714	-0.1477
			0.3353	-0.8384	-0.4298
			-0.7403	0.0064	-0.6722
			0.3616	-0.1949	0.9117
			0.5299	0.7462	0.4029
			-0.5402	0.6632	-0.5179
			-0.6537	0.0568	0.7546
			-0.5299	-0.7462	-0.4029
			0.5402	-0.6632	0.5179
			0.6537	-0.0568	-0.7546
		b:
			-71.6928
			-76.2132
			-355.3746
			-123.2825
			-531.4399
			356.0255
			543.995
			-238.3238
			-139.2314
			-537.995
			244.3238
			148.2314
	==================================================================================
	Q2:
		Shape: Polyhedra
		q_c:	519.0	232.5	232.0
		ub :	525.1938	237.8963	238.6467
		lb :	512.8062	227.1037	225.3533
		A:
			-0.3661	0.9037	0.2222
			-0.4638	0.8802	-0.1009
			0.5095	-0.6605	0.5515
			0.7565	-0.1712	0.6312
			0.6925	-0.6496	0.3138
			-0.5538	0.3822	-0.7398
			0.2441	0.7352	0.6324
			0.6797	0.3354	-0.6523
			-0.6917	0.589	-0.4178
			-0.2441	-0.7352	-0.6324
			-0.6797	-0.3354	0.6523
			0.6917	-0.589	0.4178
		b:
			74.2307
			-57.209
			241.216
			501.4916
			283.2247
			-367.6515
			447.3275
			285.4063
			-316.9772
			-441.3275
			-273.4063
			320.9772
	==================================================================================
	Q3:
		Shape: Hybrid
		q_c:	522.5	235.0	240.0
		ub :	527.5683	240.8733	245.8684
		lb :	517.4317	229.1267	234.1316
		P^-1:
			0.0518	-0.0091	-0.0078
			-0.0091	0.0834	0.0293
			-0.0078	0.0293	0.0747
		A:
			-0.7901	0.527	0.3131
			-0.5693	0.1722	0.8039
			-0.3257	0.9413	-0.0891
			-0.2581	0.1828	-0.9487
			-0.2731	-0.7794	-0.5639
			-0.0714	-0.337	-0.9388
		b:
			-211.6157
			-61.8171
			31.9959
			-316.8186
			-459.2921
			-339.767
	==================================================================================
	Q4:
		Shape: Ellipse
		q_c:	512.0	236.5	241.5
		ub :	515.5036	242.6256	246.2981
		lb :	508.4964	230.3744	236.7019
		P^-1:
			0.1568	-0.0183	-0.0029
			-0.0183	0.0543	-0.0257
			-0.0029	-0.0257	0.1001
	==================================================================================
	Q5:
		Shape: Polyhedra
		q_c:	509.0	218.0	245.0
		ub :	516.0484	225.385	251.1948
		lb :	501.9516	210.615	238.8052
		A:
			-0.1847	-0.891	0.4147
			-0.3263	-0.7333	0.5965
			-0.4187	0.0019	-0.9081
			-0.5711	-0.6569	0.4922
			-0.6614	-0.2357	0.712
			-0.5221	-0.6132	0.5928
			0.926	0.1447	0.3486
			-0.3013	-0.2728	0.9137
			0.2273	-0.9511	-0.209
			-0.926	-0.1447	-0.3486
			0.3013	0.2728	-0.9137
			-0.2273	0.9511	0.209
		b:
			-181.6665
			-175.4971
			-430.8562
			-309.0312
			-209.8274
			-250.0892
			593.2994
			14.5278
			-136.8714
			-583.2994
			-7.5278
			148.8714
	==================================================================================
	Q6:
		Shape: Polyhedra
		q_c:	524.0	232.0	239.5
		ub :	528.9118	235.4172	244.2289
		lb :	519.0882	228.5828	234.7711
		A:
			0.5635	-0.6469	-0.5138
			0.334	-0.6561	-0.6767
			-0.8768	0.2828	0.3888
			0.294	0.2141	-0.9315
			-0.0242	0.9969	0.0747
			0.7693	-0.5781	0.272
			0.6134	0.1282	0.7793
			-0.7565	-0.1879	0.6264
			0.2268	-0.9738	-0.0183
			-0.6134	-0.1282	-0.7793
			0.7565	0.1879	-0.6264
			-0.2268	0.9738	0.0183
		b:
			24.6645
			-136.4498
			-298.155
			-16.3959
			239.0771
			337.2664
			541.8
			-287.5133
			-108.9618
			-533.8
			292.5133
			113.9618


===========================================================================================
===========================================================================================
S5:
	q_c:	237.0	281.0	175.0
	ub :	250.5965	295.8257	189.5456
	lb :	221.3251	265.1088	156.5526

	==================================================================================
	Q1:
		Shape: Ellipse
		q_c:	238.0	278.0	182.5
		ub :	242.8829	283.3641	186.6022
		lb :	233.1171	272.6359	178.3978
		P^-1:
			0.1276	0.0416	-0.0162
			0.0416	0.09	-0.0035
			-0.0162	-0.0035	0.1159
	==================================================================================
	Q2:
		Shape: Hybrid
		q_c:	232.0	272.0	164.5
		ub :	239.6557	278.8912	172.39
		lb :	224.3443	265.1088	156.61
		P^-1:
			0.0616	0.0326	0.0213
			0.0326	0.0795	0.0095
			0.0213	0.0095	0.0471
		A:
			0.437	-0.8973	-0.0621
			0.6645	-0.6733	-0.3242
			-0.1947	-0.9718	-0.1333
			0.8971	0.3522	-0.267
			0.6409	0.6873	0.3419
			-0.3788	-0.5286	0.7597
		b:
			-149.3904
			-78.0753
			-329.3258
			263.145
			393.3798
			-103.3146
	==================================================================================
	Q3:
		Shape: Polyhedra
		q_c:	245.0	276.5	184.0
		ub :	250.5965	280.7352	189.5456
		lb :	239.4035	272.2648	178.4544
		A:
			0.6759	-0.1707	0.717
			-0.8334	0.1017	0.5433
			-0.0721	-0.9378	-0.3396
			0.8824	-0.3084	-0.3553
			0.4914	-0.3307	-0.8057
			0.437	-0.0289	-0.899
			0.6106	0.2251	0.7593
			-0.6187	-0.4629	0.6348
			0.4944	-0.8573	-0.1434
			-0.6106	-0.2251	-0.7593
			0.6187	0.4629	-0.6348
			-0.4944	0.8573	0.1434
		b:
			254.0853
			-73.0118
			-336.6677
			68.3355
			-116.2403
			-62.9247
			355.5428
			-159.2717
			-140.3246
			-347.5428
			166.2717
			144.3246
	==================================================================================
	Q4:
		Shape: Hybrid
		q_c:	236.5	289.0	172.5
		ub :	243.018	295.8257	177.9129
		lb :	229.982	282.1743	167.0871
		P^-1:
			0.2115	0.144	0.1341
			0.144	0.138	0.1183
			0.1341	0.1183	0.1811
		A:
			0.8938	0.4484	-0.0078
			-0.9122	-0.3828	-0.146
			-0.8787	-0.0132	-0.4772
			-0.5114	-0.8386	-0.1877
			-0.4923	-0.2669	-0.8285
			-0.9189	-0.2607	-0.2962
		b:
			341.5624
			-349.8006
			-291.0095
			-393.253
			-334.926
			-341.7794
	==================================================================================
	Q5:
		Shape: Polyhedra
		q_c:	230.0	274.5	165.5
		ub :	238.6749	282.4892	174.4474
		lb :	221.3251	266.5108	156.5526
		A:
			-0.6161	-0.7247	0.3086
			0.7768	-0.5328	-0.3356
			-0.908	0.3174	0.2735
			0.5859	-0.7515	0.3033
			-0.7527	0.5004	-0.4279
			0.1964	-0.5307	-0.8245
			0.6273	0.3567	0.6923
			0.7471	-0.0246	-0.6643
			-0.2199	0.9339	-0.2819
			-0.6273	-0.3567	-0.6923
			-0.7471	0.0246	0.6643
			0.2199	-0.9339	0.2819
		b:
			-283.7299
			-17.2821
			-70.7735
			-15.0201
			-100.6462
			-231.5597
			361.7687
			60.624
			165.6162
			-351.7687
			-49.624
			-152.6162
	==================================================================================
	Q6:
		Shape: Polyhedra
		q_c:	231.5	274.0	180.0
		ub :	236.6642	279.8669	185.5259
		lb :	226.3358	268.1331	174.4741
		A:
			-0.4481	0.4502	-0.7723
			0.2576	-0.6388	-0.725
			0.3934	-0.9183	0.0442
			-0.973	0.1445	-0.1802
			-0.8756	0.2057	-0.4371
			-0.1204	-0.4653	0.8769
			0.622	0.6515	0.4344
			-0.1743	-0.4257	0.8879
			0.7634	-0.628	-0.1512
			-0.622	-0.6515	-0.4344
			0.1743	0.4257	-0.8879
			-0.7634	0.628	0.1512
		b:
			-115.6777
			-242.5258
			-149.3756
			-214.9085
			-221.7058
			6.4588
			404.1888
			6.8346
			-19.5541
			-397.1888
			1.1654
			25.5541


===========================================================================================
===========================================================================================
S6:
	q_c:	173.0	127.5	272.0
	ub :	181.8107	136.3406	283.104
	lb :	163.3068	118.8427	262.9645

	==================================================================================
	Q1:
		Shape: Hybrid
		q_c:	170.5	130.0	269.5
		ub :	175.4518	135.0237	272.7034
		lb :	165.5482	124.9763	266.2966
		P^-1:
			0.1062	0.0439	-0.08
			0.0439	0.1598	-0.1426
			-0.08	-0.1426	0.3417
		A:
			0.2263	0.1201	-0.9666
			0.3086	-0.7777	0.5476
			-0.6041	-0.3812	0.6999
			0.604	0.4592	-0.6514
			-0.1899	-0.4675	0.8633
			0.152	-0.9875	0.0412
		b:
			-205.1648
			100.947
			37.2236
			-11.6849
			140.2662
			-88.9272
	==================================================================================
	Q2:
		Shape: Ellipse
		q_c:	170.0	129.5	276.5
		ub :	174.3243	134.0627	281.4358
		lb :	165.6757	124.9373	271.5642
		P^-1:
			0.0839	0.0034	0.007
			0.0034	0.1107	-0.0009
			0.007	-0.0009	0.1093
	==================================================================================
	Q3:
		Shape: Ellipse
		q_c:	173.5	125.0	268.0
		ub :	179.3039	131.1573	273.0355
		lb :	167.6961	118.8427	262.9645
		P^-1:
			0.0935	0.022	-0.013
			0.022	0.0611	-0.0015
			-0.013	-0.0015	0.0876
	==================================================================================
	Q4:
		Shape: Polyhedra
		q_c:	177.5	131.0	271.5
		ub :	181.8107	134.8671	275.5819
		lb :	173.1893	127.1329	267.4181
		A:
			-0.9802	-0.1722	-0.0977
			-0.9239	-0.218	-0.3145
			-0.0199	-0.7536	0.657
			-0.8236	-0.4091	0.3927
			-0.577	0.8128	-0.08
			-0.9502	-0.3069	0.0546
			0.5049	0.7054	0.4976
			0.5812	0.1483	-0.8001
			-0.6382	0.6932	-0.3351
			-0.5049	-0.7054	-0.4976
			-0.5812	-0.1483	0.8001
			0.6382	-0.6932	0.3351
		b:
			-220.5806
			-275.4361
			78.6179
			-90.6649
			-15.1519
			-191.5394
			319.6067
			-92.1194
			-110.9461
			-314.6067
			97.1194
			115.9461
	==================================================================================
	Q5:
		Shape: Polyhedra
		q_c:	171.0	129.0	274.5
		ub :	175.7481	134.8468	279.8984
		lb :	166.2519	123.1532	269.1016
		A:
			-0.8149	0.2539	-0.521
			-0.3257	-0.9383	-0.1159
			0.0033	0.2479	0.9688
			-0.5867	0.1105	0.8023
			-0.9928	0.1147	-0.0345
			-0.4395	-0.8368	0.3266
			0.5664	0.7377	0.3675
			-0.1277	0.5191	-0.8451
			-0.8142	0.4317	0.3882
			-0.5664	-0.7377	-0.3675
			0.1277	-0.5191	0.8451
			0.8142	-0.4317	-0.3882
		b:
			-246.2736
			-204.6672
			301.9293
			136.9943
			-161.4792
			-89.6682
			296.8829
			-183.3719
			25.5388
			-288.8829
			190.3719
			-20.5388
	==================================================================================
	Q6:
		Shape: Ellipse
		q_c:	168.5	132.5	278.0
		ub :	173.6932	136.3406	283.104
		lb :	163.3068	128.6594	272.896
		P^-1:
			0.0896	0.0107	0.0414
			0.0107	0.1183	0.0137
			0.0414	0.0137	0.1257


===========================================================================================
===========================================================================================
S7:
	q_c:	264.5	130.5	482.5
	ub :	269.5544	137.9252	494.0244
	lb :	255.1585	123.0477	473.9418

	==================================================================================
	Q1:
		Shape: Hybrid
		q_c:	264.5	131.5	489.0
		ub :	269.5544	136.0407	494.0244
		lb :	259.4456	126.9593	483.9756
		P^-1:
			0.1087	0.0077	-0.0024
			0.0077	0.0864	0.0078
			-0.0024	0.0078	0.1087
		A:
			-0.8263	0.5616	0.0438
			-0.2128	0.3606	0.9081
			0.2809	0.0231	-0.9595
			-0.0508	-0.9979	-0.0401
			-0.0317	0.305	0.9518
			-0.9524	-0.2983	0.0631
		b:
			-121.511
			436.7017
			-390.3116
			-162.37
			498.6567
			-258.7524
	==================================================================================
	Q2:
		Shape: Polyhedra
		q_c:	259.0	134.5	481.0
		ub :	262.8415	137.9252	485.0316
		lb :	255.1585	131.0748	476.9684
		A:
			-0.3878	0.128	0.9128
			-0.4167	0.6346	0.651
			-0.8022	0.3312	-0.4969
			-0.7607	0.6424	-0.0925
			0.3132	-0.9478	-0.0597
			0.2358	-0.9692	-0.0709
			0.4865	0.6408	0.5939
			-0.2768	0.7578	-0.5909
			-0.8287	0.1231	0.546
			-0.4865	-0.6408	-0.5939
			0.2768	-0.7578	0.5909
			0.8287	-0.1231	-0.546
		b:
			358.3048
			293.0222
			-399.9938
			-152.881
			-72.8517
			-101.1757
			500.3585
			-251.9674
			67.0733
			-495.3585
			255.9674
			-62.0733
	==================================================================================
	Q3:
		Shape: Ellipse
		q_c:	259.0	127.5	480.5
		ub :	262.7742	131.9523	484.1168
		lb :	255.2258	123.0477	476.8832
		P^-1:
			0.1999	0.0163	-0.0467
			0.0163	0.0663	0.0099
			-0.0467	0.0099	0.2064
	==================================================================================
	Q4:
		Shape: Polyhedra
		q_c:	266.0	127.5	483.5
		ub :	269.1171	131.367	486.8093
		lb :	262.8829	123.633	480.1907
		A:
			-0.8293	-0.3712	-0.4177
			-0.7686	-0.3221	-0.5528
			0.5414	0.8224	0.1745
			-0.6356	-0.1735	0.7523
			0.4375	0.2437	0.8656
			0.1627	0.0047	-0.9867
			0.8611	0.5075	0.029
			0.4469	-0.7286	-0.5192
			-0.2424	0.46	-0.8542
			-0.8611	-0.5075	-0.029
			-0.4469	0.7286	0.5192
			0.2424	-0.46	0.8542
		b:
			-468.2601
			-511.0713
			335.1561
			174.7354
			568.0574
			-430.7834
			309.2837
			-222.035
			-416.8233
			-306.2837
			228.035
			420.8233
	==================================================================================
	Q5:
		Shape: Hybrid
		q_c:	264.5	131.5	484.5
		ub :	268.8015	135.3425	489.1
		lb :	260.1985	127.6575	479.9
		P^-1:
			0.306	-0.2924	0.2354
			-0.2924	0.4732	-0.3615
			0.2354	-0.3615	0.3944
		A:
			-0.5051	0.5918	-0.6282
			-0.4803	0.4833	-0.732
			0.7925	-0.5141	0.3281
			-0.406	0.8986	-0.1661
			-0.7171	0.4514	-0.531
			0.9469	0.2952	0.1276
		b:
			-359.5875
			-417.2921
			302.0423
			-68.2027
			-386.6108
			353.8783
	==================================================================================
	Q6:
		Shape: Hybrid
		q_c:	267.0	125.5	476.0
		ub :	268.7487	127.527	478.0582
		lb :	265.2513	123.473	473.9418
		P^-1:
			0.4967	-0.1289	0.0985
			-0.1289	0.7623	-0.2428
			0.0985	-0.2428	0.6299
		A:
			-0.602	0.2032	-0.7722
			0.7234	-0.6882	-0.0549
			0.8303	-0.5215	-0.1965
			-0.2303	-0.3756	0.8977
			-0.1041	-0.8284	0.5504
			-0.2642	0.7403	0.6182
		b:
			-502.0932
			81.4411
			63.5826
			319.4472
			130.8369
			317.6124


===========================================================================================
===========================================================================================
