3D_35_14_6_a                l = 3

===========================================================================================
===========================================================================================
S1:
	q_c:	237.0	281.0	175.0
	ub :	250.5965	295.8257	189.5456
	lb :	221.3251	265.1088	156.5526

	==================================================================================
	Q1:
		Shape: Ellipse
		q_c:	238.0	278.0	182.5
		ub :	242.8829	283.3641	186.6022
		lb :	233.1171	272.6359	178.3978
		P^-1:
			0.1276	0.0416	-0.0162
			0.0416	0.09	-0.0035
			-0.0162	-0.0035	0.1159
	==================================================================================
	Q2:
		Shape: Hybrid
		q_c:	232.0	272.0	164.5
		ub :	239.6557	278.8912	172.39
		lb :	224.3443	265.1088	156.61
		P^-1:
			0.0616	0.0326	0.0213
			0.0326	0.0795	0.0095
			0.0213	0.0095	0.0471
		A:
			0.437	-0.8973	-0.0621
			0.6645	-0.6733	-0.3242
			-0.1947	-0.9718	-0.1333
			0.8971	0.3522	-0.267
			0.6409	0.6873	0.3419
			-0.3788	-0.5286	0.7597
		b:
			-149.3904
			-78.0753
			-329.3258
			263.145
			393.3798
			-103.3146
	==================================================================================
	Q3:
		Shape: Polyhedra
		q_c:	245.0	276.5	184.0
		ub :	250.5965	280.7352	189.5456
		lb :	239.4035	272.2648	178.4544
		A:
			0.6759	-0.1707	0.717
			-0.8334	0.1017	0.5433
			-0.0721	-0.9378	-0.3396
			0.8824	-0.3084	-0.3553
			0.4914	-0.3307	-0.8057
			0.437	-0.0289	-0.899
			0.6106	0.2251	0.7593
			-0.6187	-0.4629	0.6348
			0.4944	-0.8573	-0.1434
			-0.6106	-0.2251	-0.7593
			0.6187	0.4629	-0.6348
			-0.4944	0.8573	0.1434
		b:
			254.0853
			-73.0118
			-336.6677
			68.3355
			-116.2403
			-62.9247
			355.5428
			-159.2717
			-140.3246
			-347.5428
			166.2717
			144.3246
	==================================================================================
	Q4:
		Shape: Hybrid
		q_c:	236.5	289.0	172.5
		ub :	243.018	295.8257	177.9129
		lb :	229.982	282.1743	167.0871
		P^-1:
			0.2115	0.144	0.1341
			0.144	0.138	0.1183
			0.1341	0.1183	0.1811
		A:
			0.8938	0.4484	-0.0078
			-0.9122	-0.3828	-0.146
			-0.8787	-0.0132	-0.4772
			-0.5114	-0.8386	-0.1877
			-0.4923	-0.2669	-0.8285
			-0.9189	-0.2607	-0.2962
		b:
			341.5624
			-349.8006
			-291.0095
			-393.253
			-334.926
			-341.7794
	==================================================================================
	Q5:
		Shape: Polyhedra
		q_c:	230.0	274.5	165.5
		ub :	238.6749	282.4892	174.4474
		lb :	221.3251	266.5108	156.5526
		A:
			-0.6161	-0.7247	0.3086
			0.7768	-0.5328	-0.3356
			-0.908	0.3174	0.2735
			0.5859	-0.7515	0.3033
			-0.7527	0.5004	-0.4279
			0.1964	-0.5307	-0.8245
			0.6273	0.3567	0.6923
			0.7471	-0.0246	-0.6643
			-0.2199	0.9339	-0.2819
			-0.6273	-0.3567	-0.6923
			-0.7471	0.0246	0.6643
			0.2199	-0.9339	0.2819
		b:
			-283.7299
			-17.2821
			-70.7735
			-15.0201
			-100.6462
			-231.5597
			361.7687
			60.624
			165.6162
			-351.7687
			-49.624
			-152.6162
	==================================================================================
	Q6:
		Shape: Polyhedra
		q_c:	231.5	274.0	180.0
		ub :	236.6642	279.8669	185.5259
		lb :	226.3358	268.1331	174.4741
		A:
			-0.4481	0.4502	-0.7723
			0.2576	-0.6388	-0.725
			0.3934	-0.9183	0.0442
			-0.973	0.1445	-0.1802
			-0.8756	0.2057	-0.4371
			-0.1204	-0.4653	0.8769
			0.622	0.6515	0.4344
			-0.1743	-0.4257	0.8879
			0.7634	-0.628	-0.1512
			-0.622	-0.6515	-0.4344
			0.1743	0.4257	-0.8879
			-0.7634	0.628	0.1512
		b:
			-115.6777
			-242.5258
			-149.3756
			-214.9085
			-221.7058
			6.4588
			404.1888
			6.8346
			-19.5541
			-397.1888
			1.1654
			25.5541


===========================================================================================
===========================================================================================
S2:
	q_c:	308.0	78.0	234.5
	ub :	325.556	90.7653	252.8062
	lb :	293.8694	63.1657	224.4162

	==================================================================================
	Q1:
		Shape: Hybrid
		q_c:	316.5	80.0	239.0
		ub :	325.556	87.2944	247.8433
		lb :	307.444	72.7056	230.1567
		P^-1:
			0.0317	0.0194	0.0119
			0.0194	0.0666	0.0132
			0.0119	0.0132	0.0368
		A:
			0.2878	-0.926	-0.2445
			-0.0809	-0.5991	-0.7966
			0.0412	0.8581	0.5118
			-0.6748	-0.7279	-0.1212
			0.6886	0.2193	0.6912
			0.0065	0.9995	-0.0315
		b:
			-38.025
			-261.0371
			206.4914
			-298.4247
			403.647
			77.0471
	==================================================================================
	Q2:
		Shape: Hybrid
		q_c:	301.5	73.5	232.0
		ub :	307.7876	78.2934	239.5838
		lb :	295.2124	68.7066	224.4162
		P^-1:
			0.0361	-0.0117	0.0003
			-0.0117	0.0786	-0.0004
			0.0003	-0.0004	0.0178
		A:
			0.7466	0.6317	0.2088
			-0.0589	-0.6286	-0.7755
			0.3155	0.8872	-0.3367
			0.6611	-0.4063	0.6308
			-0.2645	0.942	0.2066
			-0.641	0.7584	0.1178
		b:
			323.5116
			-239.3295
			85.1819
			319.9222
			39.4435
			-107.885
	==================================================================================
	Q3:
		Shape: Ellipse
		q_c:	301.5	83.5	242.5
		ub :	305.8318	88.103	246.6466
		lb :	297.1682	78.897	238.3534
		P^-1:
			0.1471	-0.0138	0.0165
			-0.0138	0.1452	0.0177
			0.0165	0.0177	0.1389
	==================================================================================
	Q4:
		Shape: Hybrid
		q_c:	303.5	84.5	243.5
		ub :	307.7972	90.7653	250.0468
		lb :	299.2028	78.2347	236.9532
		P^-1:
			0.1306	-0.0603	-0.0474
			-0.0603	0.1301	0.0828
			-0.0474	0.0828	0.104
		A:
			0.643	-0.7604	-0.0918
			0.4025	-0.8136	-0.4196
			-0.617	-0.7868	-0.0117
			-0.7497	0.5733	0.3306
			-0.0877	-0.1528	-0.9844
			-0.5257	0.7389	0.4214
		b:
			110.5025
			-47.4673
			-253.4488
			-97.3539
			-276.1535
			6.6432
	==================================================================================
	Q5:
		Shape: Hybrid
		q_c:	307.5	71.0	245.0
		ub :	311.7456	78.8343	252.8062
		lb :	303.2544	63.1657	237.1938
		P^-1:
			0.081	-0.0055	-0.0009
			-0.0055	0.0328	0.0021
			-0.0009	0.0021	0.0287
		A:
			0.3434	-0.3995	0.85
			-0.9578	-0.174	-0.2286
			0.7971	0.3434	-0.4967
			-0.899	-0.2129	-0.3827
			0.9046	0.3898	0.1722
			-0.8944	0.1733	0.4124
		b:
			289.4417
			-360.7997
			150.7229
			-382.9157
			350.4524
			-159.4632
	==================================================================================
	Q6:
		Shape: Polyhedra
		q_c:	298.0	80.5	234.5
		ub :	302.1306	84.3656	238.2942
		lb :	293.8694	76.6344	230.7058
		A:
			-0.3828	0.106	0.9177
			0.4294	-0.8756	0.2211
			0.1518	0.1143	-0.9818
			0.4882	-0.7319	-0.4754
			-0.5345	0.8285	0.1668
			0.5189	0.3098	0.7967
			0.0215	0.8683	0.4956
			-0.0273	0.496	-0.8679
			-0.9994	0.0052	0.0344
			-0.0215	-0.8683	-0.4956
			0.0273	-0.496	0.8679
			0.9994	-0.0052	-0.0344
		b:
			112.6145
			112.3438
			-173.1426
			-21.6207
			-50.1667
			369.5468
			195.5364
			-169.2293
			-285.3324
			-189.5364
			174.2293
			293.3324


===========================================================================================
===========================================================================================
S3:
	q_c:	84.5	140.5	211.0
	ub :	98.6638	157.846	235.4347
	lb :	66.5472	126.297	185.3953

	==================================================================================
	Q1:
		Shape: Polyhedra
		q_c:	75.5	137.5	207.5
		ub :	84.4528	147.0688	215.7298
		lb :	66.5472	127.9312	199.2702
		A:
			0.4897	0.7624	-0.423
			-0.833	-0.2542	0.4915
			-0.5688	0.3019	0.765
			-0.161	-0.8341	0.5276
			0.6887	0.1563	-0.708
			-0.4283	0.8856	0.1798
			0.0675	0.3829	0.9213
			-0.9225	0.3756	-0.0885
			-0.38	-0.844	0.3786
			-0.0675	-0.3829	-0.9213
			0.9225	-0.3756	0.0885
			0.38	0.844	-0.3786
		b:
			59.5475
			10.3125
			163.6282
			-11.7742
			-67.3431
			133.1418
			254.9233
			-29.3654
			-60.6628
			-242.9233
			43.3654
			71.6628
	==================================================================================
	Q2:
		Shape: Ellipse
		q_c:	84.5	138.5	226.0
		ub :	89.5368	147.4016	234.3611
		lb :	79.4632	129.5984	217.6389
		P^-1:
			0.221	-0.0679	0.0065
			-0.0679	0.084	0.0505
			0.0065	0.0505	0.0684
	==================================================================================
	Q3:
		Shape: Hybrid
		q_c:	83.0	137.0	214.0
		ub :	90.1224	144.7746	220.6438
		lb :	75.8776	129.2254	207.3562
		P^-1:
			0.0448	0.0092	-0.0107
			0.0092	0.0574	-0.0212
			-0.0107	-0.0212	0.0525
		A:
			-0.3034	-0.8575	0.4155
			0.1433	-0.9528	-0.2677
			0.0115	-0.5003	0.8658
			-0.5335	0.8238	0.1915
			0.2939	0.6119	-0.7343
			0.56	0.8226	-0.0984
		b:
			-51.808
			-172.6426
			119.9059
			112.8515
			-47.1163
			140.5881
	==================================================================================
	Q4:
		Shape: Hybrid
		q_c:	90.0	146.5	196.0
		ub :	98.6638	157.846	206.6047
		lb :	81.3362	135.154	185.3953
		P^-1:
			0.0346	-0.0087	-0.0038
			-0.0087	0.0232	0.0007
			-0.0038	0.0007	0.0204
		A:
			0.9119	0.2897	-0.2905
			-0.0484	-0.6903	-0.7219
			0.9795	-0.097	0.1764
			-0.2375	-0.9037	0.3563
			-0.8375	0.24	-0.4909
			-0.8967	-0.0981	0.4316
		b:
			71.2924
			-242.3642
			111.7615
			-79.2937
			-132.8208
			-7.1743
	==================================================================================
	Q5:
		Shape: Polyhedra
		q_c:	76.0	144.0	222.5
		ub :	83.1768	150.8652	229.0353
		lb :	68.8232	137.1348	215.9647
		A:
			-0.8334	-0.2448	-0.4955
			0.8408	-0.1094	0.5302
			0.9926	-0.1217	-0.0047
			0.1449	0.9894	0.0119
			-0.9857	-0.0457	0.1621
			0.1317	0.8873	-0.4419
			0.7107	0.5495	0.4393
			0.5714	-0.8152	0.0953
			0.4105	0.1833	-0.8933
			-0.7107	-0.5495	-0.4393
			-0.5714	0.8152	-0.0953
			-0.4105	-0.1833	0.8933
		b:
			-205.8613
			170.1115
			61.3957
			160.6077
			-40.9641
			44.6202
			233.3886
			-47.2577
			-135.657
			-228.3886
			58.2577
			146.657
	==================================================================================
	Q6:
		Shape: Hybrid
		q_c:	86.5	133.5	227.5
		ub :	94.8804	140.703	235.4347
		lb :	78.1196	126.297	219.5653
		P^-1:
			0.0428	-0.0041	0.0015
			-0.0041	0.0458	-0.0021
			0.0015	-0.0021	0.0408
		A:
			0.4543	-0.6198	0.6399
			-0.0094	0.6356	-0.7719
			-0.3755	-0.9197	-0.115
			-0.1324	-0.7257	0.6752
			-0.0146	-0.9582	-0.2857
			-0.0636	-0.3716	0.9262
		b:
			104.4673
			-89.0859
			-178.7814
			47.7828
			-191.6312
			158.2154


===========================================================================================
===========================================================================================
S4:
	q_c:	184.5	452.0	212.5
	ub :	209.8891	480.7081	239.9638
	lb :	165.4747	428.6737	192.6354

	==================================================================================
	Q1:
		Shape: Ellipse
		q_c:	196.5	456.0	203.0
		ub :	203.3185	467.6747	213.3646
		lb :	189.6815	444.3253	192.6354
		P^-1:
			0.0237	-0.0001	-0.0002
			-0.0001	0.0103	-0.0013
			-0.0002	-0.0013	0.0153
	==================================================================================
	Q2:
		Shape: Polyhedra
		q_c:	183.0	440.5	221.5
		ub :	194.3852	452.3263	232.7449
		lb :	171.6148	428.6737	210.2551
		A:
			0.5091	-0.0482	0.8594
			-0.4241	0.6556	-0.6248
			-0.4726	0.4859	0.7352
			0.4874	-0.8255	-0.2845
			0.3076	-0.8571	-0.4132
			0.3644	-0.8693	0.3339
			0.2108	0.621	0.7549
			0.9744	-0.1953	-0.1115
			0.0782	0.7591	-0.6463
			-0.2108	-0.621	-0.7549
			-0.9744	0.1953	0.1115
			-0.0782	-0.7591	0.6463
		b:
			270.001
			80.4591
			298.7624
			-329.0717
			-404.786
			-234.6123
			486.852
			77.1029
			212.531
			-471.852
			-58.1029
			-198.531
	==================================================================================
	Q3:
		Shape: Hybrid
		q_c:	183.5	440.0	224.0
		ub :	191.3551	446.3377	227.7613
		lb :	175.6449	433.6623	220.2387
		P^-1:
			0.0492	-0.0406	-0.0187
			-0.0406	0.0856	-0.0049
			-0.0187	-0.0049	0.1568
		A:
			0.958	0.0785	-0.2757
			0.2228	-0.9635	0.1487
			-0.346	0.2348	0.9084
			0.0521	-0.9402	-0.3366
			0.8166	-0.2157	0.5353
			0.1582	-0.9866	-0.039
		b:
			153.1828
			-347.4354
			244.6071
			-476.4521
			178.5879
			-411.1476
	==================================================================================
	Q4:
		Shape: Ellipse
		q_c:	173.5	456.5	215.0
		ub :	181.5253	466.2397	224.9706
		lb :	165.4747	446.7603	205.0294
		P^-1:
			0.0624	0.0096	-0.0238
			0.0096	0.0329	-0.0155
			-0.0238	-0.0155	0.0351
	==================================================================================
	Q5:
		Shape: Ellipse
		q_c:	197.5	469.0	229.0
		ub :	209.8891	480.7081	239.9638
		lb :	185.1109	457.2919	218.0362
		P^-1:
			0.0196	-0.0007	0.001
			-0.0007	0.0197	0.0009
			0.001	0.0009	0.0192
	==================================================================================
	Q6:
		Shape: Ellipse
		q_c:	174.5	451.5	219.0
		ub :	177.9788	458.6	225.1619
		lb :	171.0212	444.4	212.8381
		P^-1:
			0.4084	-0.0736	-0.0896
			-0.0736	0.0552	-0.006
			-0.0896	-0.006	0.0903


===========================================================================================
===========================================================================================
S5:
	q_c:	460.5	50.5	266.5
	ub :	479.968	76.4999	287.7634
	lb :	431.095	29.4368	248.0336

	==================================================================================
	Q1:
		Shape: Polyhedra
		q_c:	467.0	37.5	275.5
		ub :	475.3156	45.5632	283.1442
		lb :	458.6844	29.4368	267.8558
		A:
			-0.5134	0.344	-0.7862
			-0.6747	-0.6447	0.3593
			0.1589	-0.9093	-0.3845
			-0.7263	0.6408	-0.2486
			-0.573	0.6385	0.5138
			0.7797	-0.5692	0.261
			0.0218	0.2026	0.979
			0.2992	0.933	-0.1998
			-0.9539	0.2973	-0.0402
			-0.0218	-0.2026	-0.979
			-0.2992	-0.933	0.1998
			0.9539	-0.2973	0.0402
		b:
			-436.8937
			-234.7515
			-59.9502
			-376.9986
			-95.4341
			421.4523
			294.0178
			124.6764
			-438.4285
			-281.0178
			-114.6764
			452.4285
	==================================================================================
	Q2:
		Shape: Polyhedra
		q_c:	472.5	40.5	267.0
		ub :	479.968	47.1647	274.9511
		lb :	465.032	33.8353	259.0489
		A:
			-0.7242	-0.2702	-0.6345
			0.3711	0.7469	-0.5517
			-0.4121	-0.1143	-0.904
			0.0819	-0.9276	0.3646
			-0.0026	0.5454	0.8382
			-0.2783	-0.9605	-0.0001
			0.0918	0.4341	0.8962
			-0.1237	0.898	-0.4223
			-0.9881	-0.0721	0.1361
			-0.0918	-0.4341	-0.8962
			0.1237	-0.898	0.4223
			0.9881	0.0721	-0.1361
		b:
			-516.3353
			63.0777
			-434.8226
			102.4813
			250.6371
			-165.6002
			306.2471
			-130.8073
			-426.933
			-294.2471
			138.8073
			439.933
	==================================================================================
	Q3:
		Shape: Hybrid
		q_c:	453.5	61.5	260.0
		ub :	464.4384	72.9891	270.1729
		lb :	442.5616	50.0109	249.8271
		P^-1:
			0.0273	0.0127	0.0044
			0.0127	0.0269	-0.0018
			0.0044	-0.0018	0.0219
		A:
			-0.6332	-0.1055	0.7668
			0.1512	0.6173	-0.7721
			0.1655	-0.4935	-0.8539
			-0.1997	-0.8154	0.5434
			0.3567	0.1492	-0.9222
			0.7811	0.6234	0.0359
		b:
			-89.2598
			-90.4727
			-171.8212
			4.0547
			-64.1254
			404.4584
	==================================================================================
	Q4:
		Shape: Polyhedra
		q_c:	459.5	44.0	278.0
		ub :	468.4566	54.2709	287.7634
		lb :	450.5434	33.7291	268.2366
		A:
			0.8651	0.1812	-0.4677
			0.7931	0.5829	-0.1769
			-0.7947	0.1851	0.5781
			-0.8548	-0.5144	0.0691
			-0.8255	-0.5524	0.1157
			-0.9766	-0.2068	-0.0593
			0.623	0.533	0.5725
			-0.3062	0.8397	-0.4485
			-0.7198	0.1041	0.6863
			-0.623	-0.533	-0.5725
			0.3062	-0.8397	0.4485
			0.7198	-0.1041	-0.6863
		b:
			280.1206
			346.1916
			-191.7014
			-391.1675
			-366.3024
			-469.4073
			473.8921
			-219.9193
			-130.8702
			-463.8921
			236.9193
			139.8702
	==================================================================================
	Q5:
		Shape: Ellipse
		q_c:	455.5	64.5	259.5
		ub :	468.1604	76.4999	269.6293
		lb :	442.8396	52.5001	249.3707
		P^-1:
			0.0209	0.0016	0.0127
			0.0016	0.0126	0.0023
			0.0127	0.0023	0.0311
	==================================================================================
	Q6:
		Shape: Ellipse
		q_c:	444.0	54.0	260.5
		ub :	456.905	63.0522	272.9664
		lb :	431.095	44.9478	248.0336
		P^-1:
			0.0152	0.0022	0.002
			0.0022	0.0231	0.0001
			0.002	0.0001	0.0121


===========================================================================================
===========================================================================================
S6:
	q_c:	353.5	175.0	502.5
	ub :	365.2343	182.5911	506.341
	lb :	343.353	164.311	490.7558

	==================================================================================
	Q1:
		Shape: Ellipse
		q_c:	351.0	172.0	497.0
		ub :	355.26	176.8581	502.1325
		lb :	346.74	167.1419	491.8675
		P^-1:
			0.1487	-0.0388	-0.0139
			-0.0388	0.1528	-0.0915
			-0.0139	-0.0915	0.1579
	==================================================================================
	Q2:
		Shape: Polyhedra
		q_c:	356.0	177.5	496.5
		ub :	361.3832	182.5911	502.2442
		lb :	350.6168	172.4089	490.7558
		A:
			-0.8359	0.3927	0.3836
			0.6055	-0.1222	-0.7864
			0.9986	0.0521	0.013
			-0.2717	-0.8342	0.4799
			-0.2802	-0.6363	0.7188
			0.5098	0.8581	-0.0614
			0.5141	0.5297	0.6747
			-0.7669	-0.0685	0.6381
			0.3842	-0.8454	0.371
			-0.5141	-0.5297	-0.6747
			0.7669	0.0685	-0.6381
			-0.3842	0.8454	-0.371
		b:
			-34.7859
			-193.8697
			374.4696
			-3.5396
			146.9174
			306.9962
			616.498
			34.1649
			173.9101
			-607.498
			-29.1649
			-167.9101
	==================================================================================
	Q3:
		Shape: Ellipse
		q_c:	352.5	168.5	499.5
		ub :	356.3428	172.689	503.8304
		lb :	348.6572	164.311	495.1696
		P^-1:
			0.1834	-0.0505	-0.0466
			-0.0505	0.1788	0.0085
			-0.0466	0.0085	0.1589
	==================================================================================
	Q4:
		Shape: Polyhedra
		q_c:	346.0	173.5	503.5
		ub :	348.647	176.2849	506.003
		lb :	343.353	170.7151	500.997
		A:
			-0.3478	0.8177	0.4587
			-0.7071	-0.4237	0.5661
			0.7719	-0.4865	-0.4093
			-0.1199	0.5875	0.8003
			-0.5199	0.5069	0.6876
			-0.6666	0.6682	0.3304
			0.7935	0.5179	0.3197
			-0.0372	0.5656	-0.8239
			-0.6075	0.6418	0.468
			-0.7935	-0.5179	-0.3197
			0.0372	-0.5656	0.8239
			0.6075	-0.6418	-0.468
		b:
			253.6802
			-31.2564
			-22.299
			464.9064
			255.3189
			52.6775
			527.8503
			-328.0719
			137.8209
			-522.8503
			331.0719
			-135.8209
	==================================================================================
	Q5:
		Shape: Polyhedra
		q_c:	361.0	171.0	502.5
		ub :	365.2343	173.6231	506.2308
		lb :	356.7657	168.3769	498.7692
		A:
			0.0485	0.2948	-0.9543
			-0.0858	-0.787	0.611
			0.3414	0.562	-0.7534
			-0.2735	-0.3901	0.8792
			0.1988	-0.7682	-0.6086
			-0.7472	0.6393	0.1815
			0.8443	0.1621	0.5108
			-0.5231	0.042	0.8512
			0.1166	-0.9859	0.1202
			-0.8443	-0.1621	-0.5108
			0.5231	-0.042	-0.8512
			-0.1166	0.9859	-0.1202
		b:
			-409.325
			143.4902
			-157.2312
			278.4094
			-363.2492
			-66.8289
			592.6849
			248.0913
			-64.0947
			-585.6849
			-244.0913
			68.0947
	==================================================================================
	Q6:
		Shape: Ellipse
		q_c:	360.0	172.5	502.5
		ub :	363.3486	175.6314	506.341
		lb :	356.6514	169.3686	498.659
		P^-1:
			0.1648	0.043	-0.02
			0.043	0.3092	-0.1579
			-0.02	-0.1579	0.2415


===========================================================================================
===========================================================================================
S7:
	q_c:	510.0	226.5	232.0
	ub :	528.9118	242.6256	251.1948
	lb :	501.9516	210.615	225.3533

	==================================================================================
	Q1:
		Shape: Polyhedra
		q_c:	511.0	235.5	234.5
		ub :	517.1522	239.984	240.6582
		lb :	504.8478	231.016	228.3418
		A:
			-0.2774	0.8057	-0.5234
			-0.1876	-0.6582	0.7291
			-0.1858	-0.9714	-0.1477
			0.3353	-0.8384	-0.4298
			-0.7403	0.0064	-0.6722
			0.3616	-0.1949	0.9117
			0.5299	0.7462	0.4029
			-0.5402	0.6632	-0.5179
			-0.6537	0.0568	0.7546
			-0.5299	-0.7462	-0.4029
			0.5402	-0.6632	0.5179
			0.6537	-0.0568	-0.7546
		b:
			-71.6928
			-76.2132
			-355.3746
			-123.2825
			-531.4399
			356.0255
			543.995
			-238.3238
			-139.2314
			-537.995
			244.3238
			148.2314
	==================================================================================
	Q2:
		Shape: Polyhedra
		q_c:	519.0	232.5	232.0
		ub :	525.1938	237.8963	238.6467
		lb :	512.8062	227.1037	225.3533
		A:
			-0.3661	0.9037	0.2222
			-0.4638	0.8802	-0.1009
			0.5095	-0.6605	0.5515
			0.7565	-0.1712	0.6312
			0.6925	-0.6496	0.3138
			-0.5538	0.3822	-0.7398
			0.2441	0.7352	0.6324
			0.6797	0.3354	-0.6523
			-0.6917	0.589	-0.4178
			-0.2441	-0.7352	-0.6324
			-0.6797	-0.3354	0.6523
			0.6917	-0.589	0.4178
		b:
			74.2307
			-57.209
			241.216
			501.4916
			283.2247
			-367.6515
			447.3275
			285.4063
			-316.9772
			-441.3275
			-273.4063
			320.9772
	==================================================================================
	Q3:
		Shape: Hybrid
		q_c:	522.5	235.0	240.0
		ub :	527.5683	240.8733	245.8684
		lb :	517.4317	229.1267	234.1316
		P^-1:
			0.0518	-0.0091	-0.0078
			-0.0091	0.0834	0.0293
			-0.0078	0.0293	0.0747
		A:
			-0.7901	0.527	0.3131
			-0.5693	0.1722	0.8039
			-0.3257	0.9413	-0.0891
			-0.2581	0.1828	-0.9487
			-0.2731	-0.7794	-0.5639
			-0.0714	-0.337	-0.9388
		b:
			-211.6157
			-61.8171
			31.9959
			-316.8186
			-459.2921
			-339.767
	==================================================================================
	Q4:
		Shape: Ellipse
		q_c:	512.0	236.5	241.5
		ub :	515.5036	242.6256	246.2981
		lb :	508.4964	230.3744	236.7019
		P^-1:
			0.1568	-0.0183	-0.0029
			-0.0183	0.0543	-0.0257
			-0.0029	-0.0257	0.1001
	==================================================================================
	Q5:
		Shape: Polyhedra
		q_c:	509.0	218.0	245.0
		ub :	516.0484	225.385	251.1948
		lb :	501.9516	210.615	238.8052
		A:
			-0.1847	-0.891	0.4147
			-0.3263	-0.7333	0.5965
			-0.4187	0.0019	-0.9081
			-0.5711	-0.6569	0.4922
			-0.6614	-0.2357	0.712
			-0.5221	-0.6132	0.5928
			0.926	0.1447	0.3486
			-0.3013	-0.2728	0.9137
			0.2273	-0.9511	-0.209
			-0.926	-0.1447	-0.3486
			0.3013	0.2728	-0.9137
			-0.2273	0.9511	0.209
		b:
			-181.6665
			-175.4971
			-430.8562
			-309.0312
			-209.8274
			-250.0892
			593.2994
			14.5278
			-136.8714
			-583.2994
			-7.5278
			148.8714
	==================================================================================
	Q6:
		Shape: Polyhedra
		q_c:	524.0	232.0	239.5
		ub :	528.9118	235.4172	244.2289
		lb :	519.0882	228.5828	234.7711
		A:
			0.5635	-0.6469	-0.5138
			0.334	-0.6561	-0.6767
			-0.8768	0.2828	0.3888
			0.294	0.2141	-0.9315
			-0.0242	0.9969	0.0747
			0.7693	-0.5781	0.272
			0.6134	0.1282	0.7793
			-0.7565	-0.1879	0.6264
			0.2268	-0.9738	-0.0183
			-0.6134	-0.1282	-0.7793
			0.7565	0.1879	-0.6264
			-0.2268	0.9738	0.0183
		b:
			24.6645
			-136.4498
			-298.155
			-16.3959
			239.0771
			337.2664
			541.8
			-287.5133
			-108.9618
			-533.8
			292.5133
			113.9618


===========================================================================================
===========================================================================================
S8:
	q_c:	321.0	129.5	328.5
	ub :	335.7628	144.054	345.1719
	lb :	307.0069	116.2916	312.0813

	==================================================================================
	Q1:
		Shape: Hybrid
		q_c:	316.5	128.0	335.5
		ub :	325.9931	136.6808	345.1719
		lb :	307.0069	119.3192	325.8281
		P^-1:
			0.0317	-0.0053	-0.0007
			-0.0053	0.0318	-0.0062
			-0.0007	-0.0062	0.0332
		A:
			0.5882	0.752	0.2974
			-0.7474	0.5889	-0.3077
			0.2553	-0.9506	-0.1768
			0.9104	-0.1677	-0.3782
			0.7285	0.0418	-0.6838
			0.1191	0.181	-0.9762
		b:
			386.1617
			-261.7759
			-96.958
			142.8033
			9.5248
			-263.787
	==================================================================================
	Q2:
		Shape: Polyhedra
		q_c:	325.5	136.5	329.5
		ub :	333.4415	141.7593	337.0365
		lb :	317.5585	131.2407	321.9635
		A:
			-0.2834	0.6113	-0.739
			0.5495	-0.8086	0.2102
			0.0139	0.8016	0.5977
			0.3637	-0.9189	0.1525
			-0.7222	0.5183	-0.458
			-0.0515	-0.8475	0.5283
			0.811	0.0975	0.5769
			-0.5595	-0.1586	0.8135
			0.1708	-0.9825	-0.0741
			-0.811	-0.0975	-0.5769
			0.5595	0.1586	-0.8135
			-0.1708	0.9825	0.0741
		b:
			-247.4226
			142.1365
			315.3427
			47.3736
			-310.2442
			46.0769
			472.8627
			69.255
			-98.9376
			-461.8627
			-59.255
			106.9376
	==================================================================================
	Q3:
		Shape: Ellipse
		q_c:	326.0	137.0	323.5
		ub :	332.1856	144.054	330.6258
		lb :	319.8144	129.946	316.3742
		P^-1:
			0.0728	-0.0294	-0.0196
			-0.0294	0.0712	0.0128
			-0.0196	0.0128	0.0565
	==================================================================================
	Q4:
		Shape: Hybrid
		q_c:	322.5	124.0	327.0
		ub :	325.8075	127.1241	330.405
		lb :	319.1925	120.8759	323.595
		P^-1:
			1.5646	-1.8461	0.4474
			-1.8461	2.395	-0.5253
			0.4474	-0.5253	0.282
		A:
			0.8086	0.0373	0.5872
			0.2135	-0.9288	0.3029
			-0.1618	0.3258	0.9315
			0.3132	-0.8288	0.4636
			-0.6793	0.4906	0.5458
			-0.5171	0.7209	-0.4613
		b:
			459.5444
			54.0553
			295.0622
			150.9938
			22.0719
			-227.5428
	==================================================================================
	Q5:
		Shape: Polyhedra
		q_c:	327.0	128.0	322.0
		ub :	331.9741	133.5987	327.6987
		lb :	322.0259	122.4013	316.3013
		A:
			-0.8042	-0.2252	-0.55
			-0.7346	0.2514	-0.6302
			0.7317	0.226	-0.6431
			-0.0485	0.2285	0.9723
			-0.4766	-0.6295	-0.6136
			0.5424	0.8251	-0.1581
			0.9577	0.184	0.2214
			-0.0419	-0.6717	0.7396
			0.2848	-0.7176	-0.6356
			-0.9577	-0.184	-0.2214
			0.0419	0.6717	-0.7396
			-0.2848	0.7176	0.6356
		b:
			-464.9732
			-407.1419
			64.7838
			330.0074
			-430.255
			235.7617
			411.9952
			141.9844
			-199.869
			-403.9952
			-134.9844
			206.869
	==================================================================================
	Q6:
		Shape: Hybrid
		q_c:	329.5	125.5	321.0
		ub :	335.7628	134.7084	329.9187
		lb :	323.2372	116.2916	312.0813
		P^-1:
			0.0589	-0.0084	0.0052
			-0.0084	0.0291	-0.0061
			0.0052	-0.0061	0.0313
		A:
			-0.8025	-0.5898	0.0896
			-0.8113	-0.0885	0.5779
			-0.9769	0.2042	0.0633
			0.9455	-0.1754	-0.2744
			-0.4626	0.8255	-0.3234
			-0.4846	0.7117	-0.5086
		b:
			-306.3269
			-89.9196
			-273.79
			203.8683
			-149.6159
			-230.8661


===========================================================================================
===========================================================================================
S9:
	q_c:	216.5	189.5	395.0
	ub :	227.6499	201.9251	405.0837
	lb :	205.6526	180.13	382.4125

	==================================================================================
	Q1:
		Shape: Hybrid
		q_c:	220.0	189.5	397.0
		ub :	225.6745	195.2904	402.4676
		lb :	214.3255	183.7096	391.5324
		P^-1:
			0.0694	0.0036	0.0103
			0.0036	0.0873	-0.0162
			0.0103	-0.0162	0.0986
		A:
			0.1151	0.568	-0.8149
			0.5869	0.3662	-0.7221
			-0.7913	0.5775	0.201
			0.6407	0.215	0.7371
			0.6513	0.083	0.7542
			0.8692	0.492	-0.0499
		b:
			-189.0037
			-86.1695
			17.6015
			476.153
			460.2595
			266.7907
	==================================================================================
	Q2:
		Shape: Polyhedra
		q_c:	210.5	195.5	389.0
		ub :	215.3474	201.9251	395.5875
		lb :	205.6526	189.0749	382.4125
		A:
			0.6382	0.7034	0.313
			0.3945	-0.9003	0.1837
			-0.8898	0.3561	-0.2853
			-0.6048	0.7628	0.2289
			-0.3888	0.8513	0.3523
			-0.6911	-0.1456	-0.7079
			0.0721	0.7155	0.6949
			-0.804	0.454	-0.384
			-0.5902	-0.5311	0.608
			-0.0721	-0.7155	-0.6949
			0.804	-0.454	0.384
			0.5902	0.5311	-0.608
		b:
			397.8076
			-18.4249
			-226.5571
			113.9439
			225.1233
			-446.3194
			429.3724
			-227.8664
			13.4412
			-421.3724
			231.8664
			-3.4412
	==================================================================================
	Q3:
		Shape: Ellipse
		q_c:	217.0	187.5	393.0
		ub :	220.8149	192.3886	397.9412
		lb :	213.1851	182.6114	388.0588
		P^-1:
			0.1929	-0.0234	-0.0427
			-0.0234	0.1585	0.0716
			-0.0427	0.0716	0.1211
	==================================================================================
	Q4:
		Shape: Ellipse
		q_c:	214.5	186.5	396.5
		ub :	220.6789	192.87	402.0703
		lb :	208.3211	180.13	390.9297
		P^-1:
			0.0724	-0.0095	-0.0008
			-0.0095	0.0717	0.0007
			-0.0008	0.0007	0.0626
	==================================================================================
	Q5:
		Shape: Hybrid
		q_c:	223.5	196.5	400.0
		ub :	227.6499	201.4386	404.2449
		lb :	219.3501	191.5614	395.7551
		P^-1:
			0.5201	0.2198	0.4104
			0.2198	0.1855	0.1715
			0.4104	0.1715	0.468
		A:
			0.3242	-0.0158	0.9459
			0.6746	0.0781	0.734
			-0.7238	-0.6545	-0.2184
			-0.3982	0.9112	-0.1056
			-0.2663	-0.3555	-0.8959
			-0.8331	-0.2831	-0.4752
		b:
			449.1301
			460.5044
			-376.4875
			50.9502
			-486.2247
			-431.1174
	==================================================================================
	Q6:
		Shape: Ellipse
		q_c:	216.5	192.0	398.5
		ub :	221.7209	198.004	405.0837
		lb :	211.2791	185.996	391.9163
		P^-1:
			0.1245	-0.0363	-0.0403
			-0.0363	0.0867	-0.0014
			-0.0403	-0.0014	0.0704


===========================================================================================
===========================================================================================
S10:
	q_c:	22.0	115.5	137.0
	ub :	58.0284	149.1642	182.7798
	lb :	-14.3898	80.8575	101.929

	==================================================================================
	Q1:
		Shape: Ellipse
		q_c:	21.5	120.5	136.0
		ub :	37.1073	135.4772	146.8953
		lb :	5.8927	105.5228	125.1047
		P^-1:
			0.0105	0.001	0.0024
			0.001	0.0087	0.0008
			0.0024	0.0008	0.0168
	==================================================================================
	Q2:
		Shape: Polyhedra
		q_c:	6.0	131.5	127.5
		ub :	26.3898	149.1642	147.0787
		lb :	-14.3898	113.8358	107.9213
		A:
			0.3618	-0.9015	0.2375
			-0.3046	0.9516	-0.0411
			-0.1532	0.9694	-0.1917
			0.5354	-0.0151	0.8444
			-0.2641	-0.5337	0.8034
			0.2956	0.6426	-0.7069
			0.5402	0.528	0.6553
			-0.0144	-0.7727	0.6346
			0.8414	-0.3522	-0.4098
			-0.5402	-0.528	-0.6553
			0.0144	0.7727	-0.6346
			-0.8414	0.3522	0.4098
		b:
			-76.771
			128.6399
			111.0751
			121.9199
			38.4812
			3.446
			171.2248
			-14.7925
			-79.02
			-141.2248
			26.7925
			108.02
	==================================================================================
	Q3:
		Shape: Polyhedra
		q_c:	38.5	97.5	163.0
		ub :	58.0284	114.1425	182.7798
		lb :	18.9716	80.8575	143.2202
		A:
			-0.8071	0.5846	-0.0831
			-0.0421	-0.2986	0.9534
			0.0204	-0.9117	-0.4104
			0.1412	-0.343	-0.9287
			0.7452	-0.3322	-0.5782
			-0.2015	0.1936	0.9602
			0.6987	0.456	0.5513
			-0.6848	0.2029	0.6999
			0.2073	-0.8666	0.454
			-0.6987	-0.456	-0.5513
			0.6848	-0.2029	-0.6999
			-0.2073	0.8666	-0.454
		b:
			22.9255
			135.3469
			-143.1054
			-167.1448
			-86.9947
			179.426
			175.7239
			118.5084
			6.4918
			-146.7239
			-96.5084
			11.5082
	==================================================================================
	Q4:
		Shape: Polyhedra
		q_c:	39.0	99.5	113.5
		ub :	50.4019	111.8579	125.071
		lb :	27.5981	87.1421	101.929
		A:
			-0.9263	0.1634	0.3394
			0.8333	0.2072	-0.5124
			0.472	0.8686	0.151
			0.1832	-0.9808	-0.0676
			-0.3501	0.4509	0.8211
			0.9222	-0.0673	0.3808
			0.5051	0.5043	0.7004
			-0.7761	0.6205	0.113
			-0.3776	-0.6006	0.7048
			-0.5051	-0.5043	-0.7004
			0.7761	-0.6205	-0.113
			0.3776	0.6006	-0.7048
		b:
			25.3714
			2.6738
			129.5001
			-91.2773
			131.3353
			78.9975
			156.3704
			50.2908
			14.0055
			-142.3704
			-38.2908
			2.9945
	==================================================================================
	Q5:
		Shape: Ellipse
		q_c:	12.0	126.0	140.5
		ub :	18.8828	136.8808	151.5884
		lb :	5.1172	115.1192	129.4116
		P^-1:
			0.1361	-0.0515	0.0083
			-0.0515	0.0492	0.0132
			0.0083	0.0132	0.0238
	==================================================================================
	Q6:
		Shape: Polyhedra
		q_c:	27.5	129.0	119.5
		ub :	35.3607	138.9529	129.7588
		lb :	19.6393	119.0471	109.2412
		A:
			-0.3343	-0.3263	0.8842
			0.0752	0.3765	-0.9234
			-0.9975	0.064	0.0291
			-0.2162	-0.6937	-0.6871
			0.3659	-0.0191	-0.9305
			-0.5028	0.6394	0.5817
			0.5156	0.3656	0.7749
			-0.8457	0.0716	0.5289
			0.1379	-0.928	0.3461
			-0.5156	-0.3656	-0.7749
			0.8457	-0.0716	-0.5289
			-0.1379	0.928	-0.3461
		b:
			60.1166
			-53.0664
			-10.8588
			-170.1916
			-98.3056
			143.6071
			161.4453
			52.6844
			-67.0603
			-146.4453
			-45.6844
			82.0603


===========================================================================================
===========================================================================================
S11:
	q_c:	124.0	120.5	264.5
	ub :	148.6726	138.3469	281.8279
	lb :	105.6132	105.0673	244.9895

	==================================================================================
	Q1:
		Shape: Hybrid
		q_c:	122.5	111.5	271.0
		ub :	132.6931	117.4592	280.0633
		lb :	112.3069	105.5408	261.9367
		P^-1:
			0.02	0.0036	0.0075
			0.0036	0.0487	0.001
			0.0075	0.001	0.0293
		A:
			0.4519	-0.8428	0.2925
			0.0284	0.6751	0.7372
			-0.1708	-0.6744	-0.7183
			-0.0748	0.9829	0.1681
			-0.2252	0.7634	0.6054
			0.0887	-0.5225	-0.848
		b:
			43.7387
			281.71
			-287.8916
			148.4912
			225.1793
			-273.4565
	==================================================================================
	Q2:
		Shape: Polyhedra
		q_c:	136.0	120.0	259.5
		ub :	143.4727	126.2761	264.8513
		lb :	128.5273	113.7239	254.1487
		A:
			0.1912	0.2088	-0.9591
			0.642	0.2478	-0.7255
			-0.2672	-0.2221	-0.9377
			0.2327	0.8487	-0.4749
			-0.1804	-0.0239	-0.9833
			0.7976	0.6027	0.0261
			0.4687	0.8747	0.1232
			0.8789	-0.4479	-0.1641
			-0.0884	0.1852	-0.9787
			-0.4687	-0.8747	-0.1232
			-0.8789	0.4479	0.1641
			0.0884	-0.1852	0.9787
		b:
			-193.6649
			-66.389
			-302.4916
			13.7024
			-278.6108
			191.4318
			203.6745
			29.6904
			-239.779
			-197.6745
			-16.6904
			247.779
	==================================================================================
	Q3:
		Shape: Ellipse
		q_c:	133.0	120.5	260.0
		ub :	141.766	132.8115	272.0038
		lb :	124.234	108.1885	247.9962
		P^-1:
			0.0478	-0.0152	-0.017
			-0.0152	0.021	0.0046
			-0.017	0.0046	0.0237
	==================================================================================
	Q4:
		Shape: Hybrid
		q_c:	114.5	114.5	251.0
		ub :	123.3868	123.9327	257.0105
		lb :	105.6132	105.0673	244.9895
		P^-1:
			0.0253	-0.002	-0.0001
			-0.002	0.0269	-0.0042
			-0.0001	-0.0042	0.0486
		A:
			0.9555	0.2084	0.2088
			0.2333	-0.9328	0.2746
			-0.7872	0.491	-0.3731
			0.1123	0.9742	-0.1957
			0.8246	-0.5624	-0.0606
			0.1189	0.9232	-0.3654
		b:
			189.7891
			-7.6135
			-124.044
			79.0924
			18.5996
			31.2081
	==================================================================================
	Q5:
		Shape: Ellipse
		q_c:	138.5	116.5	255.0
		ub :	148.6726	125.9283	264.5596
		lb :	128.3274	107.0717	245.4404
		P^-1:
			0.0277	-0.0095	0.0102
			-0.0095	0.044	-0.018
			0.0102	-0.018	0.0322
	==================================================================================
	Q6:
		Shape: Hybrid
		q_c:	122.5	129.0	270.5
		ub :	132.548	138.3469	281.8279
		lb :	112.452	119.6531	259.1721
		P^-1:
			0.0493	-0.0302	0.0075
			-0.0302	0.0524	-0.0006
			0.0075	-0.0006	0.0159
		A:
			-0.2475	0.8487	0.4674
			0.672	-0.6639	0.3281
			0.2001	0.243	0.9492
			0.6996	-0.3324	0.6325
			-0.3054	0.9488	0.081
			-0.9524	0.2038	-0.2268
		b:
			209.1482
			87.6399
			318.5022
			217.527
			109.4922
			-148.704


===========================================================================================
===========================================================================================
S12:
	q_c:	454.5	265.0	490.5
	ub :	459.575	275.9469	507.1732
	lb :	437.4876	250.8122	478.7733

	==================================================================================
	Q1:
		Shape: Ellipse
		q_c:	452.0	270.0	487.0
		ub :	457.5311	275.9469	492.9053
		lb :	446.4689	264.0531	481.0947
		P^-1:
			0.041	-0.003	0.0057
			-0.003	0.0567	-0.0132
			0.0057	-0.0132	0.0733
	==================================================================================
	Q2:
		Shape: Ellipse
		q_c:	454.5	265.0	493.5
		ub :	459.575	270.4939	499.5754
		lb :	449.425	259.5061	487.4246
		P^-1:
			0.1596	-0.0785	-0.006
			-0.0785	0.1582	0.0575
			-0.006	0.0575	0.0833
	==================================================================================
	Q3:
		Shape: Polyhedra
		q_c:	449.5	262.0	495.0
		ub :	455.919	268.0666	499.6735
		lb :	443.081	255.9334	490.3265
		A:
			-0.3834	-0.767	0.5145
			0.3308	0.1213	-0.9359
			-0.326	0.2191	-0.9196
			-0.652	-0.7164	-0.2482
			0.5111	0.6656	-0.5439
			-0.3804	-0.8951	-0.2325
			0.6202	0.3961	0.677
			0.6608	-0.7289	-0.1789
			0.4226	0.5584	-0.7139
			-0.6202	-0.3961	-0.677
			-0.6608	0.7289	0.1789
			-0.4226	-0.5584	0.7139
		b:
			-116.6453
			-280.2447
			-541.056
			-600.063
			136.634
			-516.8007
			721.7188
			22.5032
			-15.6074
			-713.7188
			-12.5032
			18.6074
	==================================================================================
	Q4:
		Shape: Polyhedra
		q_c:	445.0	262.0	494.5
		ub :	450.3366	269.7468	501.958
		lb :	439.6634	254.2532	487.042
		A:
			0.7999	0.4924	-0.3431
			-0.9577	0.1368	0.2531
			-0.3533	0.6912	0.6304
			-0.5706	-0.6632	0.4843
			0.0614	0.6774	-0.733
			-0.798	0.5948	0.0974
			0.2249	0.9309	0.2879
			0.0341	0.2878	-0.9571
			-0.9738	0.225	0.033
			-0.2249	-0.9309	-0.2879
			-0.0341	-0.2878	0.9571
			0.9738	-0.225	-0.033
		b:
			320.3103
			-261.0408
			340.8733
			-182.723
			-151.7783
			-146.812
			491.8398
			-376.6936
			-354.076
			-480.8398
			388.6936
			362.076
	==================================================================================
	Q5:
		Shape: Ellipse
		q_c:	454.0	255.0	482.5
		ub :	458.8079	259.1878	486.2267
		lb :	449.1921	250.8122	478.7733
		P^-1:
			0.1142	-0.0774	0.0282
			-0.0774	0.2036	0.0019
			0.0282	0.0019	0.1546
	==================================================================================
	Q6:
		Shape: Hybrid
		q_c:	446.0	268.0	499.5
		ub :	454.5124	275.7101	507.1732
		lb :	437.4876	260.2899	491.8268
		P^-1:
			0.0416	0.0193	-0.0187
			0.0193	0.0592	-0.0351
			-0.0187	-0.0351	0.0711
		A:
			0.2915	0.5911	-0.7521
			-0.0005	-0.4498	0.8931
			-0.7735	-0.6322	-0.0458
			-0.1289	-0.8736	0.4692
			0.913	-0.0531	-0.4045
			-0.3788	0.6009	-0.7039
		b:
			-85.7347
			327.407
			-534.1208
			-55.0345
			194.4801
			-356.5454


===========================================================================================
===========================================================================================
S13:
	q_c:	499.0	343.0	329.0
	ub :	517.2477	356.0721	346.1722
	lb :	485.3877	325.3814	318.2591

	==================================================================================
	Q1:
		Shape: Ellipse
		q_c:	494.5	336.0	338.0
		ub :	499.2963	342.3411	343.5215
		lb :	489.7037	329.6589	332.4785
		P^-1:
			0.283	0.1438	0.1026
			0.1438	0.1319	0.1057
			0.1026	0.1057	0.1684
	==================================================================================
	Q2:
		Shape: Hybrid
		q_c:	504.0	334.0	340.0
		ub :	512.6983	342.6186	346.0133
		lb :	495.3017	325.3814	333.9867
		P^-1:
			0.0369	0.0083	0.0072
			0.0083	0.0353	0.0053
			0.0072	0.0053	0.058
		A:
			0.7804	0.0241	0.6249
			-0.065	0.641	-0.7648
			-0.5628	0.0313	-0.826
			0.3429	-0.6234	0.7027
			0.357	0.5037	0.7867
			-0.2722	0.596	-0.7555
		b:
			616.4396
			-75.7001
			-551.7134
			206.714
			617.7402
			-191.9514
	==================================================================================
	Q3:
		Shape: Hybrid
		q_c:	503.5	336.5	332.0
		ub :	510.7373	343.6648	339.8363
		lb :	496.2627	329.3352	324.1637
		P^-1:
			0.0678	-0.0143	-0.0134
			-0.0143	0.0666	-0.0104
			-0.0134	-0.0104	0.0334
		A:
			-0.0928	0.5101	-0.8551
			0.4959	0.5611	0.6627
			0.6172	-0.4059	-0.674
