3D_35_5_6_a                l = 3

===========================================================================================
===========================================================================================
S1:
	q_c:    308.0000    78.0000    234.5000
	ub :    319.0000    102.0000    254.0000
	lb :    297.0000    54.0000    215.0000

	==================================================================================
	Q1:
		Shape: Hybrid
		q_c:    316.5000    80.0000    239.0000
		ub :    325.5560    87.2944    247.8433
		lb :    307.4440    72.7056    230.1567
		P^-1: 
			    0.0317    0.0194    0.0119
			    0.0194    0.0666    0.0132
			    0.0119    0.0132    0.0368
		A:
			    0.2878    -0.9260    -0.2445
			    -0.0809    -0.5991    -0.7966
			    0.0412    0.8581    0.5118
			    -0.6748    -0.7279    -0.1212
			    0.6886    0.2193    0.6912
			    0.0065    0.9995    -0.0315
		b:
			    -38.0250
			    -261.0371
			    206.4914
			    -298.4247
			    403.6470
			    77.0471
	==================================================================================
	Q2:
		Shape: Hybrid
		q_c:    301.5000    73.5000    232.0000
		ub :    307.7876    78.2934    239.5838
		lb :    295.2124    68.7066    224.4162
		P^-1: 
			    0.0361    -0.0117    0.0003
			    -0.0117    0.0786    -0.0004
			    0.0003    -0.0004    0.0178
		A:
			    0.7466    0.6317    0.2088
			    -0.0589    -0.6286    -0.7755
			    0.3155    0.8872    -0.3367
			    0.6611    -0.4063    0.6308
			    -0.2645    0.9420    0.2066
			    -0.6410    0.7584    0.1178
		b:
			    323.5116
			    -239.3295
			    85.1819
			    319.9222
			    39.4435
			    -107.8850
	==================================================================================
	Q3:
		Shape: Ellipse
		q_c:    301.5000    83.5000    242.5000
		ub :    305.8318    88.1030    246.6466
		lb :    297.1682    78.8970    238.3534
		P^-1: 
			    0.1471    -0.0138    0.0165
			    -0.0138    0.1452    0.0177
			    0.0165    0.0177    0.1389
	==================================================================================
	Q4:
		Shape: Hybrid
		q_c:    303.5000    84.5000    243.5000
		ub :    307.7972    90.7653    250.0468
		lb :    299.2028    78.2347    236.9532
		P^-1: 
			    0.1306    -0.0603    -0.0474
			    -0.0603    0.1301    0.0828
			    -0.0474    0.0828    0.1040
		A:
			    0.6430    -0.7604    -0.0918
			    0.4025    -0.8136    -0.4196
			    -0.6170    -0.7868    -0.0117
			    -0.7497    0.5733    0.3306
			    -0.0877    -0.1528    -0.9844
			    -0.5257    0.7389    0.4214
		b:
			    110.5025
			    -47.4673
			    -253.4488
			    -97.3539
			    -276.1535
			    6.6432
	==================================================================================
	Q5:
		Shape: Hybrid
		q_c:    307.5000    71.0000    245.0000
		ub :    311.7456    78.8343    252.8062
		lb :    303.2544    63.1657    237.1938
		P^-1: 
			    0.0810    -0.0055    -0.0009
			    -0.0055    0.0328    0.0021
			    -0.0009    0.0021    0.0287
		A:
			    0.3434    -0.3995    0.8500
			    -0.9578    -0.1740    -0.2286
			    0.7971    0.3434    -0.4967
			    -0.8990    -0.2129    -0.3827
			    0.9046    0.3898    0.1722
			    -0.8944    0.1733    0.4124
		b:
			    289.4417
			    -360.7997
			    150.7229
			    -382.9157
			    350.4524
			    -159.4632
	==================================================================================
	Q6:
		Shape: Polyhedra
		q_c:    298.0000    80.5000    234.5000
		ub :    302.1306    84.3656    238.2942
		lb :    293.8694    76.6344    230.7058
		A:
			    -0.3828    0.1060    0.9177
			    0.4294    -0.8756    0.2211
			    0.1518    0.1143    -0.9818
			    0.4882    -0.7319    -0.4754
			    -0.5345    0.8285    0.1668
			    0.5189    0.3098    0.7967
			    0.0215    0.8683    0.4956
			    -0.0273    0.4960    -0.8679
			    -0.9994    0.0052    0.0344
			    -0.0215    -0.8683    -0.4956
			    0.0273    -0.4960    0.8679
			    0.9994    -0.0052    -0.0344
		b:
			    112.6145
			    112.3438
			    -173.1426
			    -21.6207
			    -50.1667
			    369.5468
			    195.5364
			    -169.2293
			    -285.3324
			    -189.5364
			    174.2293
			    293.3324


===========================================================================================
===========================================================================================
S2:
	q_c:    282.5000    379.5000    326.5000
	ub :    295.0000    390.0000    340.0000
	lb :    270.0000    369.0000    313.0000

	==================================================================================
	Q1:
		Shape: Hybrid
		q_c:    280.0000    375.5000    317.0000
		ub :    285.1688    379.7052    322.0034
		lb :    274.8312    371.2948    311.9966
		P^-1: 
			    0.1004    0.0241    -0.0045
			    0.0241    0.1413    0.0228
			    -0.0045    0.0228    0.1110
		A:
			    0.0053    -0.0516    -0.9987
			    0.6711    0.7354    -0.0936
			    0.1760    0.8324    0.5254
			    -0.9210    0.0194    0.3891
			    -0.5746    0.6332    0.5185
			    0.3228    0.1420    0.9358
		b:
			    -332.6851
			    435.8065
			    529.6865
			    -125.3549
			    242.9935
			    442.1314
	==================================================================================
	Q2:
		Shape: Hybrid
		q_c:    285.0000    374.5000    325.5000
		ub :    290.6692    380.4578    331.9613
		lb :    279.3308    368.5422    319.0387
		P^-1: 
			    0.0709    0.0035    0.0088
			    0.0035    0.0639    0.0037
			    0.0088    0.0037    0.0718
		A:
			    0.7514    -0.6269    0.2058
			    -0.9917    -0.0109    -0.1284
			    -0.0565    -0.9889    -0.1377
			    -0.6530    0.2524    -0.7141
			    0.2612    -0.4800    -0.8375
			    0.4719    -0.8640    -0.1756
		b:
			    48.5342
			    -326.5074
			    -429.0713
			    -322.1312
			    -375.7946
			    -243.9782
	==================================================================================
	Q3:
		Shape: Polyhedra
		q_c:    283.0000    375.0000    321.0000
		ub :    287.6416    379.8461    324.7070
		lb :    278.3584    370.1539    317.2930
		A:
			    0.6301    0.1588    -0.7601
			    0.6092    0.0539    -0.7912
			    0.5913    0.6756    -0.4403
			    -0.5831    0.5085    0.6336
			    0.5975    0.3885    -0.7014
			    0.6214    0.3337    -0.7089
			    0.6400    0.3437    0.6872
			    -0.6495    -0.2358    0.7228
			    0.4105    -0.9090    0.0723
			    -0.6400    -0.3437    -0.6872
			    0.6495    0.2358    -0.7228
			    -0.4105    0.9090    -0.0723
		b:
			    -5.4998
			    -60.4009
			    281.3838
			    231.5842
			    90.3803
			    74.0435
			    535.1097
			    -39.7191
			    -197.9715
			    -526.1097
			    40.7191
			    204.9715
	==================================================================================
	Q4:
		Shape: Polyhedra
		q_c:    288.5000    382.5000    332.0000
		ub :    292.3291    387.4017    336.7868
		lb :    284.6709    377.5983    327.2132
		A:
			    0.5903    0.2028    0.7813
			    -0.0178    -0.8944    0.4468
			    0.6918    0.1427    0.7078
			    -0.1003    -0.9599    -0.2619
			    -0.8467    0.3690    0.3833
			    -0.0274    -0.9853    -0.1686
			    0.0387    0.6551    0.7546
			    0.5337    0.6249    -0.5698
			    -0.8448    0.4248    -0.3255
			    -0.0387    -0.6551    -0.7546
			    -0.5337    -0.6249    0.5698
			    0.8448    -0.4248    0.3255
		b:
			    510.0367
			    -196.0150
			    491.8853
			    -480.0547
			    26.8732
			    -437.8063
			    515.2387
			    206.8134
			    -186.7989
			    -509.2387
			    -200.8134
			    191.7989
	==================================================================================
	Q5:
		Shape: Ellipse
		q_c:    283.0000    374.0000    334.0000
		ub :    285.3864    377.5610    336.9551
		lb :    280.6136    370.4390    331.0449
		P^-1: 
			    0.4018    0.0053    0.1014
			    0.0053    0.0818    0.0034
			    0.1014    0.0034    0.2025
	==================================================================================
	Q6:
		Shape: Ellipse
		q_c:    290.0000    384.0000    338.0000
		ub :    294.3695    388.8283    342.7598
		lb :    285.6305    379.1717    333.2402
		P^-1: 
			    0.1288    0.0294    -0.0246
			    0.0294    0.1322    0.0232
			    -0.0246    0.0232    0.1406


===========================================================================================
===========================================================================================
S3:
	q_c:    84.5000    140.5000    211.0000
	ub :    101.0000    156.0000    228.0000
	lb :    68.0000    125.0000    194.0000

	==================================================================================
	Q1:
		Shape: Polyhedra
		q_c:    75.5000    137.5000    207.5000
		ub :    84.4528    147.0688    215.7298
		lb :    66.5472    127.9312    199.2702
		A:
			    0.4897    0.7624    -0.4230
			    -0.8330    -0.2542    0.4915
			    -0.5688    0.3019    0.7650
			    -0.1610    -0.8341    0.5276
			    0.6887    0.1563    -0.7080
			    -0.4283    0.8856    0.1798
			    0.0675    0.3829    0.9213
			    -0.9225    0.3756    -0.0885
			    -0.3800    -0.8440    0.3786
			    -0.0675    -0.3829    -0.9213
			    0.9225    -0.3756    0.0885
			    0.3800    0.8440    -0.3786
		b:
			    59.5475
			    10.3125
			    163.6282
			    -11.7742
			    -67.3431
			    133.1418
			    254.9233
			    -29.3654
			    -60.6628
			    -242.9233
			    43.3654
			    71.6628
	==================================================================================
	Q2:
		Shape: Ellipse
		q_c:    84.5000    138.5000    226.0000
		ub :    89.5368    147.4016    234.3611
		lb :    79.4632    129.5984    217.6389
		P^-1: 
			    0.2210    -0.0679    0.0065
			    -0.0679    0.0840    0.0505
			    0.0065    0.0505    0.0684
	==================================================================================
	Q3:
		Shape: Hybrid
		q_c:    83.0000    137.0000    214.0000
		ub :    90.1224    144.7746    220.6438
		lb :    75.8776    129.2254    207.3562
		P^-1: 
			    0.0448    0.0092    -0.0107
			    0.0092    0.0574    -0.0212
			    -0.0107    -0.0212    0.0525
		A:
			    -0.3034    -0.8575    0.4155
			    0.1433    -0.9528    -0.2677
			    0.0115    -0.5003    0.8658
			    -0.5335    0.8238    0.1915
			    0.2939    0.6119    -0.7343
			    0.5600    0.8226    -0.0984
		b:
			    -51.8080
			    -172.6426
			    119.9059
			    112.8515
			    -47.1163
			    140.5881
	==================================================================================
	Q4:
		Shape: Hybrid
		q_c:    90.0000    146.5000    196.0000
		ub :    98.6638    157.8460    206.6047
		lb :    81.3362    135.1540    185.3953
		P^-1: 
			    0.0346    -0.0087    -0.0038
			    -0.0087    0.0232    0.0007
			    -0.0038    0.0007    0.0204
		A:
			    0.9119    0.2897    -0.2905
			    -0.0484    -0.6903    -0.7219
			    0.9795    -0.0970    0.1764
			    -0.2375    -0.9037    0.3563
			    -0.8375    0.2400    -0.4909
			    -0.8967    -0.0981    0.4316
		b:
			    71.2924
			    -242.3642
			    111.7615
			    -79.2937
			    -132.8208
			    -7.1743
	==================================================================================
	Q5:
		Shape: Polyhedra
		q_c:    76.0000    144.0000    222.5000
		ub :    83.1768    150.8652    229.0353
		lb :    68.8232    137.1348    215.9647
		A:
			    -0.8334    -0.2448    -0.4955
			    0.8408    -0.1094    0.5302
			    0.9926    -0.1217    -0.0047
			    0.1449    0.9894    0.0119
			    -0.9857    -0.0457    0.1621
			    0.1317    0.8873    -0.4419
			    0.7107    0.5495    0.4393
			    0.5714    -0.8152    0.0953
			    0.4105    0.1833    -0.8933
			    -0.7107    -0.5495    -0.4393
			    -0.5714    0.8152    -0.0953
			    -0.4105    -0.1833    0.8933
		b:
			    -205.8613
			    170.1115
			    61.3957
			    160.6077
			    -40.9641
			    44.6202
			    233.3886
			    -47.2577
			    -135.6570
			    -228.3886
			    58.2577
			    146.6570
	==================================================================================
	Q6:
		Shape: Hybrid
		q_c:    86.5000    133.5000    227.5000
		ub :    94.8804    140.7030    235.4347
		lb :    78.1196    126.2970    219.5653
		P^-1: 
			    0.0428    -0.0041    0.0015
			    -0.0041    0.0458    -0.0021
			    0.0015    -0.0021    0.0408
		A:
			    0.4543    -0.6198    0.6399
			    -0.0094    0.6356    -0.7719
			    -0.3755    -0.9197    -0.1150
			    -0.1324    -0.7257    0.6752
			    -0.0146    -0.9582    -0.2857
			    -0.0636    -0.3716    0.9262
		b:
			    104.4673
			    -89.0859
			    -178.7814
			    47.7828
			    -191.6312
			    158.2154


===========================================================================================
===========================================================================================
S4:
	q_c:    28.0000    254.5000    372.0000
	ub :    42.0000    280.0000    390.0000
	lb :    14.0000    229.0000    354.0000

	==================================================================================
	Q1:
		Shape: Ellipse
		q_c:    28.5000    262.5000    369.5000
		ub :    36.8591    268.5677    378.0967
		lb :    20.1409    256.4323    360.9033
		P^-1: 
			    0.0727    -0.0637    0.0160
			    -0.0637    0.1061    -0.0196
			    0.0160    -0.0196    0.0253
	==================================================================================
	Q2:
		Shape: Hybrid
		q_c:    37.5000    252.0000    366.5000
		ub :    49.6582    264.0822    376.1512
		lb :    25.3418    239.9178    356.8488
		P^-1: 
			    0.0178    0.0000    -0.0000
			    0.0000    0.0178    -0.0000
			    -0.0000    -0.0000    0.0178
		A:
			    -0.1126    0.6322    -0.7666
			    -0.0457    -0.9612    0.2721
			    0.2450    -0.5746    0.7809
			    -0.0301    0.2137    -0.9764
			    -0.4228    -0.5022    -0.7544
			    -0.8117    -0.5566    -0.1768
		b:
			    -122.1224
			    -140.4540
			    154.3195
			    -301.3912
			    -415.1309
			    -231.7639
	==================================================================================
	Q3:
		Shape: Polyhedra
		q_c:    20.0000    238.5000    374.5000
		ub :    27.9526    245.6382    383.4348
		lb :    12.0474    231.3618    365.5652
		A:
			    -0.3594    0.6052    -0.7103
			    0.4247    0.9032    0.0620
			    -0.5522    -0.7893    -0.2686
			    0.9041    0.1983    0.3786
			    0.5080    0.4855    0.7115
			    0.4491    0.4544    0.7693
			    0.5991    0.7133    0.3637
			    0.3409    -0.6383    0.6902
			    0.7245    -0.2896    -0.6255
			    -0.5991    -0.7133    -0.3637
			    -0.3409    0.6383    -0.6902
			    -0.7245    0.2896    0.6255
		b:
			    -122.8545
			    250.0886
			    -297.7347
			    211.0676
			    395.5357
			    408.9378
			    320.3115
			    119.0848
			    -282.3289
			    -316.3115
			    -107.0848
			    295.3289
	==================================================================================
	Q4:
		Shape: Hybrid
		q_c:    24.0000    259.0000    365.0000
		ub :    32.2781    268.0190    375.9302
		lb :    15.7219    249.9810    354.0698
		P^-1: 
			    0.0633    -0.0395    0.0053
			    -0.0395    0.0720    -0.0196
			    0.0053    -0.0196    0.0212
		A:
			    0.8580    -0.4472    -0.2527
			    -0.8119    -0.2352    0.5343
			    -0.6133    0.7509    -0.2452
			    0.8237    0.5632    -0.0667
			    0.8053    -0.5319    0.2619
			    -0.2260    0.9656    -0.1286
		b:
			    -184.7912
			    118.5770
			    91.7761
			    146.0187
			    -20.7887
			    200.3607
	==================================================================================
	Q5:
		Shape: Hybrid
		q_c:    17.5000    249.0000    369.0000
		ub :    23.7164    257.6537    377.7967
		lb :    11.2836    240.3463    360.2033
		P^-1: 
			    0.0695    0.0130    0.0141
			    0.0130    0.0414    0.0135
			    0.0141    0.0135    0.0344
		A:
			    0.4009    -0.3808    0.8332
			    -0.7608    0.5441    -0.3537
			    0.4005    -0.7264    -0.5585
			    -0.9416    0.0272    -0.3357
			    0.1011    -0.3403    -0.9349
			    -0.8062    -0.1563    -0.5706
		b:
			    223.8167
			    -5.0406
			    -376.7154
			    -131.4281
			    -424.2790
			    -261.4622
	==================================================================================
	Q6:
		Shape: Ellipse
		q_c:    35.0000    268.0000    376.0000
		ub :    42.2029    274.9303    381.3648
		lb :    27.7971    261.0697    370.6352
		P^-1: 
			    0.0505    -0.0130    0.0314
			    -0.0130    0.0561    -0.0388
			    0.0314    -0.0388    0.1333


===========================================================================================
===========================================================================================
S5:
	q_c:    264.5000    130.5000    482.5000
	ub :    272.0000    146.0000    489.0000
	lb :    257.0000    115.0000    476.0000

	==================================================================================
	Q1:
		Shape: Hybrid
		q_c:    264.5000    131.5000    489.0000
		ub :    269.5544    136.0407    494.0244
		lb :    259.4456    126.9593    483.9756
		P^-1: 
			    0.1087    0.0077    -0.0024
			    0.0077    0.0864    0.0078
			    -0.0024    0.0078    0.1087
		A:
			    -0.8263    0.5616    0.0438
			    -0.2128    0.3606    0.9081
			    0.2809    0.0231    -0.9595
			    -0.0508    -0.9979    -0.0401
			    -0.0317    0.3050    0.9518
			    -0.9524    -0.2983    0.0631
		b:
			    -121.5110
			    436.7017
			    -390.3116
			    -162.3700
			    498.6567
			    -258.7524
	==================================================================================
	Q2:
		Shape: Polyhedra
		q_c:    259.0000    134.5000    481.0000
		ub :    262.8415    137.9252    485.0316
		lb :    255.1585    131.0748    476.9684
		A:
			    -0.3878    0.1280    0.9128
			    -0.4167    0.6346    0.6510
			    -0.8022    0.3312    -0.4969
			    -0.7607    0.6424    -0.0925
			    0.3132    -0.9478    -0.0597
			    0.2358    -0.9692    -0.0709
			    0.4865    0.6408    0.5939
			    -0.2768    0.7578    -0.5909
			    -0.8287    0.1231    0.5460
			    -0.4865    -0.6408    -0.5939
			    0.2768    -0.7578    0.5909
			    0.8287    -0.1231    -0.5460
		b:
			    358.3048
			    293.0222
			    -399.9938
			    -152.8810
			    -72.8517
			    -101.1757
			    500.3585
			    -251.9674
			    67.0733
			    -495.3585
			    255.9674
			    -62.0733
	==================================================================================
	Q3:
		Shape: Ellipse
		q_c:    259.0000    127.5000    480.5000
		ub :    262.7742    131.9523    484.1168
		lb :    255.2258    123.0477    476.8832
		P^-1: 
			    0.1999    0.0163    -0.0467
			    0.0163    0.0663    0.0099
			    -0.0467    0.0099    0.2064
	==================================================================================
	Q4:
		Shape: Polyhedra
		q_c:    266.0000    127.5000    483.5000
		ub :    269.1171    131.3670    486.8093
		lb :    262.8829    123.6330    480.1907
		A:
			    -0.8293    -0.3712    -0.4177
			    -0.7686    -0.3221    -0.5528
			    0.5414    0.8224    0.1745
			    -0.6356    -0.1735    0.7523
			    0.4375    0.2437    0.8656
			    0.1627    0.0047    -0.9867
			    0.8611    0.5075    0.0290
			    0.4469    -0.7286    -0.5192
			    -0.2424    0.4600    -0.8542
			    -0.8611    -0.5075    -0.0290
			    -0.4469    0.7286    0.5192
			    0.2424    -0.4600    0.8542
		b:
			    -468.2601
			    -511.0713
			    335.1561
			    174.7354
			    568.0574
			    -430.7834
			    309.2837
			    -222.0350
			    -416.8233
			    -306.2837
			    228.0350
			    420.8233
	==================================================================================
	Q5:
		Shape: Hybrid
		q_c:    264.5000    131.5000    484.5000
		ub :    268.8015    135.3425    489.1000
		lb :    260.1985    127.6575    479.9000
		P^-1: 
			    0.3060    -0.2924    0.2354
			    -0.2924    0.4732    -0.3615
			    0.2354    -0.3615    0.3944
		A:
			    -0.5051    0.5918    -0.6282
			    -0.4803    0.4833    -0.7320
			    0.7925    -0.5141    0.3281
			    -0.4060    0.8986    -0.1661
			    -0.7171    0.4514    -0.5310
			    0.9469    0.2952    0.1276
		b:
			    -359.5875
			    -417.2921
			    302.0423
			    -68.2027
			    -386.6108
			    353.8783
	==================================================================================
	Q6:
		Shape: Hybrid
		q_c:    267.0000    125.5000    476.0000
		ub :    268.7487    127.5270    478.0582
		lb :    265.2513    123.4730    473.9418
		P^-1: 
			    0.4967    -0.1289    0.0985
			    -0.1289    0.7623    -0.2428
			    0.0985    -0.2428    0.6299
		A:
			    -0.6020    0.2032    -0.7722
			    0.7234    -0.6882    -0.0549
			    0.8303    -0.5215    -0.1965
			    -0.2303    -0.3756    0.8977
			    -0.1041    -0.8284    0.5504
			    -0.2642    0.7403    0.6182
		b:
			    -502.0932
			    81.4411
			    63.5826
			    319.4472
			    130.8369
			    317.6124


===========================================================================================
===========================================================================================
