3D_35_12_6_d                l = 3

===========================================================================================
===========================================================================================
S1:
	q_c:	75.0	444.5	261.5
	ub :	93.771	465.831	283.5344
	lb :	56.7694	424.2142	242.319

	==================================================================================
	Q1:
		Shape: Hybrid
		q_c:	86.0	446.0	276.5
		ub :	93.771	453.4935	283.5344
		lb :	78.229	438.5065	269.4656
		P^-1:
			0.051	0.0083	-0.0239
			0.0083	0.0683	-0.0336
			-0.0239	-0.0336	0.069
		A:
			-0.7198	0.5223	-0.4572
			-0.0768	0.7731	-0.6296
			-0.1332	-0.9685	-0.2102
			-0.3097	-0.0833	0.9472
			-0.5629	-0.8178	0.12
			-0.9754	-0.1498	0.1615
		b:
			47.8203
			166.0022
			-498.1046
			200.5747
			-377.1106
			-102.9898
	==================================================================================
	Q2:
		Shape: Polyhedra
		q_c:	64.0	441.0	265.0
		ub :	71.2306	449.1454	273.0084
		lb :	56.7694	432.8546	256.9916
		A:
			-0.3139	-0.8511	-0.4208
			-0.8476	-0.5191	0.1101
			0.6954	0.1608	-0.7004
			-0.9647	-0.1984	-0.1731
			0.2782	0.67	-0.6883
			0.6719	0.7366	-0.0774
			0.26	0.3873	0.8846
			-0.666	0.7352	-0.1262
			-0.6992	-0.5563	0.449
			-0.26	-0.3873	-0.8846
			0.666	-0.7352	0.1262
			0.6992	0.5563	-0.449
		b:
			-500.9752
			-250.6111
			-66.4822
			-190.3704
			134.5347
			350.9433
			428.8317
			253.6728
			-168.5856
			-414.8317
			-242.6728
			173.5856
	==================================================================================
	Q3:
		Shape: Polyhedra
		q_c:	83.0	435.0	257.5
		ub :	90.1585	445.7858	267.562
		lb :	75.8415	424.2142	247.438
		A:
			-0.8497	0.3101	0.4265
			-0.9966	-0.0194	-0.0807
			-0.8203	-0.4192	0.389
			-0.715	-0.2999	0.6316
			0.4247	-0.8959	0.1302
			-0.7833	-0.0114	0.6215
			0.1635	0.8113	0.5613
			0.7998	0.224	-0.5568
			-0.5775	0.54	-0.6123
			-0.1635	-0.8113	-0.5613
			-0.7998	-0.224	0.5568
			0.5775	-0.54	0.6123
		b:
			178.9609
			-107.3819
			-146.1633
			-23.6157
			-314.3181
			93.9672
			520.0215
			23.963
			34.3009
			-502.0215
			-16.963
			-24.3009
	==================================================================================
	Q4:
		Shape: Polyhedra
		q_c:	66.5	459.0	253.5
		ub :	75.9511	465.831	263.4006
		lb :	57.0489	452.169	243.5994
		A:
			-0.9351	0.1031	-0.339
			-0.185	0.8507	-0.492
			0.7416	-0.3097	-0.595
			-0.9116	0.3929	-0.1212
			-0.8755	-0.4552	0.1622
			0.5623	-0.254	0.787
			0.8024	0.4446	0.3981
			-0.4902	0.1107	0.8645
			0.3403	-0.8889	0.3068
			-0.8024	-0.4446	-0.3981
			0.4902	-0.1107	-0.8645
			-0.3403	0.8889	-0.3068
		b:
			-95.579
			257.7475
			-236.6031
			94.2025
			-219.9765
			125.5534
			363.8271
			244.8798
			-303.6005
			-352.8271
			-229.8798
			311.6005
	==================================================================================
	Q5:
		Shape: Ellipse
		q_c:	80.5	445.5	256.0
		ub :	89.2358	455.3585	265.6647
		lb :	71.7642	435.6415	246.3353
		P^-1:
			0.0381	0.0004	0.0113
			0.0004	0.0201	0.0056
			0.0113	0.0056	0.0367
	==================================================================================
	Q6:
		Shape: Polyhedra
		q_c:	80.0	441.5	251.0
		ub :	89.5111	450.9961	259.681
		lb :	70.4889	432.0039	242.319
		A:
			-0.8358	-0.4285	-0.3433
			-0.2403	-0.9706	0.0106
			0.6148	-0.544	0.5711
			0.0226	0.3502	0.9364
			0.6693	0.2422	0.7024
			-0.7537	-0.2756	0.5967
			0.5912	0.6489	0.4789
			0.0154	0.5846	-0.8112
			-0.8063	0.487	0.3356
			-0.5912	-0.6489	-0.4789
			-0.0154	-0.5846	0.8112
			0.8063	-0.487	-0.3356
		b:
			-337.8751
			-440.5755
			-40.9534
			397.0787
			340.5938
			-24.918
			456.999
			60.7236
			244.2403
			-450.999
			-50.7236
			-225.2403


===========================================================================================
===========================================================================================
S2:
	q_c:	336.0	69.5	72.0
	ub :	363.474	98.4384	93.1843
	lb :	313.7147	46.0984	46.909

	==================================================================================
	Q1:
		Shape: Polyhedra
		q_c:	346.5	71.5	85.0
		ub :	350.7139	77.8708	93.1843
		lb :	342.2861	65.1292	76.8157
		A:
			0.1354	0.3678	-0.92
			-0.1001	-0.6433	-0.759
			0.9351	0.1369	0.327
			0.9908	-0.0594	0.1215
			-0.9189	0.0037	-0.3945
			0.8762	0.3337	0.3477
			0.9606	0.1513	0.2329
			0.1534	-0.9881	0.0092
			0.2316	0.0269	-0.9724
			-0.9606	-0.1513	-0.2329
			-0.1534	0.9881	-0.0092
			-0.2316	-0.0269	0.9724
		b:
			2.777
			-138.5002
			363.2674
			351.516
			-349.4745
			359.14
			364.9831
			-10.7125
			7.5008
			-361.9831
			22.7125
			8.4992
	==================================================================================
	Q2:
		Shape: Hybrid
		q_c:	336.0	66.5	64.5
		ub :	343.4438	73.2271	72.3607
		lb :	328.5562	59.7729	56.6393
		P^-1:
			0.0748	-0.047	-0.011
			-0.047	0.0964	0.0511
			-0.011	0.0511	0.0717
		A:
			0.0025	-0.841	-0.541
			-0.0733	0.7288	0.6808
			0.8717	-0.0363	0.4887
			-0.8491	0.5122	-0.1292
			0.9176	0.3398	0.2062
			0.5247	0.7299	0.438
		b:
			-87.9944
			69.3493
			324.7464
			-257.5017
			348.0251
			256.4745
	==================================================================================
	Q3:
		Shape: Hybrid
		q_c:	354.5	76.0	55.0
		ub :	363.474	83.2552	63.091
		lb :	345.526	68.7448	46.909
		P^-1:
			0.0199	0.0018	0.0076
			0.0018	0.0303	0.0067
			0.0076	0.0067	0.0447
		A:
			-0.4781	0.0694	0.8756
			-0.24	-0.1061	0.965
			0.296	0.6202	0.7265
			0.5447	-0.8371	0.0511
			0.3939	-0.9032	0.1707
			0.5964	-0.556	0.5789
		b:
			-112.1157
			-36.7017
			194.4781
			136.4235
			84.3167
			204.7425
	==================================================================================
	Q4:
		Shape: Ellipse
		q_c:	321.0	69.5	78.0
		ub :	328.2853	75.4127	85.8011
		lb :	313.7147	63.5873	70.1989
		P^-1:
			0.0731	0.0235	0.03
			0.0235	0.0789	0.0074
			0.03	0.0074	0.0494
	==================================================================================
	Q5:
		Shape: Ellipse
		q_c:	350.0	57.5	62.0
		ub :	362.483	68.9016	71.8161
		lb :	337.517	46.0984	52.1839
		P^-1:
			0.0267	-0.0043	-0.022
			-0.0043	0.0172	-0.0021
			-0.022	-0.0021	0.0489
	==================================================================================
	Q6:
		Shape: Hybrid
		q_c:	350.0	89.0	60.5
		ub :	363.0211	98.4384	73.5325
		lb :	336.9789	79.5616	47.4675
		P^-1:
			0.0145	-0.0067	0.0025
			-0.0067	0.0411	-0.0138
			0.0025	-0.0138	0.0199
		A:
			0.7977	0.4932	-0.347
			-0.0484	0.4246	-0.9041
			0.5196	-0.7271	0.4486
			0.535	-0.7472	0.3944
			-0.3097	0.9315	0.191
			-0.03	-0.5216	-0.8527
		b:
			307.9654
			-29.5753
			147.2817
			147.5959
			-9.8861
			-102.0176


===========================================================================================
===========================================================================================
S3:
	q_c:	251.0	495.0	383.0
	ub :	268.5641	510.4782	397.6303
	lb :	242.6752	480.0249	365.7468

	==================================================================================
	Q1:
		Shape: Hybrid
		q_c:	260.0	500.5	385.5
		ub :	267.1594	509.4055	393.6747
		lb :	252.8406	491.5945	377.3253
		P^-1:
			0.0651	-0.0233	-0.0135
			-0.0233	0.0443	-0.0074
			-0.0135	-0.0074	0.042
		A:
			0.5036	0.3054	-0.8082
			0.7894	0.4557	-0.4114
			0.624	-0.7268	-0.287
			-0.105	-0.9202	-0.377
			-0.1592	-0.8423	-0.5149
			0.6554	0.2873	0.6985
		b:
			-25.2001
			277.9434
			-309.8712
			-628.6015
			-656.6287
			588.3057
	==================================================================================
	Q2:
		Shape: Hybrid
		q_c:	258.0	489.5	385.5
		ub :	267.7113	498.8156	393.2107
		lb :	248.2887	480.1844	377.7893
		P^-1:
			0.03	-0.0033	0.0048
			-0.0033	0.0296	0.0039
			0.0048	0.0039	0.0371
		A:
			-0.0452	-0.2937	-0.9548
			0.2975	0.4913	0.8186
			-0.3215	-0.0103	-0.9469
			0.9415	-0.2486	0.2277
			0.8772	0.0966	0.4703
			0.1075	0.9398	0.3243
		b:
			-520.9204
			635.3948
			-450.4521
			211.9842
			457.8512
			615.9617
	==================================================================================
	Q3:
		Shape: Polyhedra
		q_c:	261.5	494.0	381.5
		ub :	267.8468	499.7208	386.6576
		lb :	255.1532	488.2792	376.3424
		A:
			-0.0025	-0.8074	0.59
			0.4169	0.7342	0.5359
			-0.007	0.7654	-0.6435
			0.9227	-0.2698	0.2753
			0.7218	-0.6878	-0.0765
			0.7656	0.4457	0.4638
			0.4535	0.8079	0.3763
			0.8794	-0.3368	-0.3365
			-0.1451	0.4835	-0.8632
			-0.4535	-0.8079	-0.3763
			-0.8794	0.3368	0.3365
			0.1451	-0.4835	0.8632
		b:
			-171.6806
			679.6272
			133.4867
			217.4064
			-175.5746
			601.0201
			664.7632
			-59.8201
			-125.9129
			-657.7632
			69.8201
			130.9129
	==================================================================================
	Q4:
		Shape: Hybrid
		q_c:	255.0	493.5	375.0
		ub :	257.1905	497.3509	378.6825
		lb :	252.8095	489.6491	371.3175
		P^-1:
			0.4228	-0.0458	0.0413
			-0.0458	0.1705	-0.077
			0.0413	-0.077	0.2122
		A:
			-0.5565	-0.7941	-0.2441
			0.9126	0.0178	-0.4086
			0.8901	-0.3307	-0.3137
			0.8103	0.4292	-0.3991
			0.8853	0.4626	0.0466
			-0.4758	0.6434	-0.5996
		b:
			-623.4909
			89.3036
			-52.7212
			269.9004
			472.758
			-27.6535
	==================================================================================
	Q5:
		Shape: Hybrid
		q_c:	261.5	486.5	373.0
		ub :	268.5641	492.9751	380.2532
		lb :	254.4359	480.0249	365.7468
		P^-1:
			0.0516	-0.0045	0.0019
			-0.0045	0.0587	-0.0039
			0.0019	-0.0039	0.051
		A:
			-0.2686	-0.9066	-0.3255
			0.4225	-0.4818	0.7677
			-0.527	-0.8448	0.0928
			-0.8123	-0.0138	0.583
			-0.2777	-0.9383	0.206
			-0.6722	0.6195	-0.4054
		b:
			-630.3549
			164.5751
			-511.8113
			0.8252
			-450.0524
			-23.5126
	==================================================================================
	Q6:
		Shape: Ellipse
		q_c:	248.0	502.0	389.0
		ub :	253.3248	510.4782	397.6303
		lb :	242.6752	493.5218	380.3697
		P^-1:
			0.1966	0.0499	-0.0775
			0.0499	0.0503	-0.0338
			-0.0775	-0.0338	0.0634


===========================================================================================
===========================================================================================
S4:
	q_c:	319.0	349.5	135.5
	ub :	332.7872	364.2365	146.3883
	lb :	308.1488	340.8947	121.1755

	==================================================================================
	Q1:
		Shape: Polyhedra
		q_c:	323.0	351.5	137.0
		ub :	329.0332	358.4692	144.0993
		lb :	316.9668	344.5308	129.9007
		A:
			-0.6611	0.7203	0.2102
			-0.7731	-0.1381	-0.6191
			0.7628	0.6452	0.0431
			0.9913	-0.1318	0.0022
			0.319	0.6275	0.7103
			0.5718	0.3257	0.753
			0.1876	0.7418	0.6438
			0.0114	0.6538	-0.7566
			-0.9822	0.1493	0.1142
			-0.1876	-0.7418	-0.6438
			-0.0114	-0.6538	0.7566
			0.9822	-0.1493	-0.1142
		b:
			73.3957
			-378.3531
			483.7843
			279.6568
			424.028
			406.3522
			412.5607
			135.814
			-243.6156
			-406.5607
			-123.814
			254.6156
	==================================================================================
	Q2:
		Shape: Ellipse
		q_c:	317.5	347.0	140.0
		ub :	321.5604	351.3192	141.9102
		lb :	313.4396	342.6808	138.0898
		P^-1:
			0.5146	-0.1058	-1.1518
			-0.1058	0.1659	0.4372
			-1.1518	0.4372	3.5612
	==================================================================================
	Q3:
		Shape: Hybrid
		q_c:	314.0	355.5	139.5
		ub :	319.8512	361.9514	146.3883
		lb :	308.1488	349.0486	132.6117
		P^-1:
			0.0749	0.0184	0.013
			0.0184	0.0657	0.0281
			0.013	0.0281	0.073
		A:
			-0.031	-0.6182	-0.7854
			0.056	0.9123	0.4057
			-0.3038	0.8035	0.512
			-0.6336	-0.4591	-0.6227
			-0.3057	-0.0877	-0.9481
			0.6274	-0.2861	0.7243
		b:
			-337.295
			400.6479
			263.9945
			-447.4821
			-257.1379
			199.1556
	==================================================================================
	Q4:
		Shape: Hybrid
		q_c:	324.0	347.5	142.5
		ub :	327.9906	348.8057	145.7141
		lb :	320.0094	346.1943	139.2859
		P^-1:
			0.3599	-0.0239	0.4357
			-0.0239	0.9991	0.0162
			0.4357	0.0162	0.7035
		A:
			0.3642	-0.9046	0.2217
			0.3697	0.6257	0.6868
			-0.7545	0.113	-0.6464
			-0.3115	0.6398	-0.7025
			-0.3153	-0.7681	-0.5573
			0.2332	0.9471	-0.2204
		b:
			-164.0907
			435.6387
			-296.4045
			21.9692
			-447.9849
			374.4481
	==================================================================================
	Q5:
		Shape: Hybrid
		q_c:	323.0	357.0	128.0
		ub :	328.3271	364.2365	134.8245
		lb :	317.6729	349.7635	121.1755
		P^-1:
			0.1362	0.0574	0.0815
			0.0574	0.0804	0.0622
			0.0815	0.0622	0.1159
		A:
			-0.8767	0.3307	-0.3494
			-0.9527	-0.1243	-0.2774
			0.7475	0.3381	0.5718
			0.632	-0.7054	-0.3211
			0.9151	0.2269	-0.3333
			-0.0832	-0.7474	-0.6591
		b:
			-206.9696
			-385.6867
			436.405
			-85.2483
			337.2498
			-375.8756
	==================================================================================
	Q6:
		Shape: Hybrid
		q_c:	328.0	345.5	135.0
		ub :	332.7872	350.1053	137.8053
		lb :	323.2128	340.8947	132.1947
		P^-1:
			0.093	0.016	-0.0238
			0.016	0.1063	-0.0179
			-0.0238	-0.0179	0.2435
		A:
			0.9163	0.3885	0.0977
			-0.1229	0.7482	0.652
			-0.4575	-0.8872	0.0591
			-0.3595	-0.5201	0.7748
			0.1651	-0.6008	-0.7822
			0.6397	0.0256	-0.7682
		b:
			450.1201
			308.0518
			-446.6757
			-191.7606
			-257.3785
			116.4033


===========================================================================================
===========================================================================================
S5:
	q_c:	180.0	174.0	391.0
	ub :	200.7767	193.2183	414.9922
	lb :	156.3306	153.1754	369.4327

	==================================================================================
	Q1:
		Shape: Ellipse
		q_c:	188.0	184.0	381.0
		ub :	196.8195	193.2183	392.5673
		lb :	179.1805	174.7817	369.4327
		P^-1:
			0.0279	0.0042	-0.0016
			0.0042	0.0345	0.01
			-0.0016	0.01	0.0177
	==================================================================================
	Q2:
		Shape: Hybrid
		q_c:	171.0	169.0	399.5
		ub :	180.906	180.2246	409.6708
		lb :	161.094	157.7754	389.3292
		P^-1:
			0.0182	0.0014	-0.0015
			0.0014	0.0232	-0.0056
			-0.0015	-0.0056	0.0198
		A:
			0.462	0.4726	-0.7505
			-0.4313	0.8559	0.2852
			-0.6397	0.3323	0.693
			0.5469	0.837	-0.0182
			-0.3026	0.9381	0.1684
			0.3428	-0.1756	-0.9229
		b:
			-137.6176
			189.3398
			228.239
			231.5138
			178.3187
			-335.2231
	==================================================================================
	Q3:
		Shape: Hybrid
		q_c:	192.5	165.0	404.0
		ub :	200.7767	176.8246	414.9922
		lb :	184.2233	153.1754	393.0078
		P^-1:
			0.0394	-0.0033	-0.0022
			-0.0033	0.0205	-0.0131
			-0.0022	-0.0131	0.0312
		A:
			0.1825	-0.1823	0.9662
			-0.4147	0.5277	-0.7413
			0.1906	0.2907	0.9376
			0.8014	0.3247	0.5023
			-0.0807	-0.7409	0.6668
			0.7036	0.183	-0.6866
		b:
			398.8589
			-289.7275
			469.0275
			415.5841
			134.5111
			-109.1338
	==================================================================================
	Q4:
		Shape: Ellipse
		q_c:	176.5	168.5	402.5
		ub :	187.597	176.6689	413.2962
		lb :	165.403	160.3311	391.7038
		P^-1:
			0.028	-0.0197	0.0127
			-0.0197	0.0557	-0.0244
			0.0127	-0.0244	0.0335
	==================================================================================
	Q5:
		Shape: Ellipse
		q_c:	184.5	176.5	384.0
		ub :	190.3	182.7938	391.2414
		lb :	178.7	170.2062	376.7586
		P^-1:
			0.085	-0.0065	0.0169
			-0.0065	0.0942	-0.0268
			0.0169	-0.0268	0.0372
	==================================================================================
	Q6:
		Shape: Hybrid
		q_c:	170.5	174.5	386.5
		ub :	184.6694	188.3915	398.3177
		lb :	156.3306	160.6085	374.6823
		P^-1:
			0.0124	-0.0007	-0.0018
			-0.0007	0.0137	-0.0017
			-0.0018	-0.0017	0.0166
		A:
			-0.5979	0.5005	-0.6261
			-0.8646	-0.2101	0.4564
			-0.7921	-0.5061	0.3412
			-0.5199	-0.4049	0.7522
			-0.54	-0.0274	-0.8412
			-0.7696	0.6049	0.2046
		b:
			-251.92
			-3.0324
			-86.6182
			135.3656
			-416.9467
			58.1764


===========================================================================================
===========================================================================================
S6:
	q_c:	38.5	33.5	45.0
	ub :	41.3412	38.307	53.5241
	lb :	28.3258	24.9711	37.288

	==================================================================================
	Q1:
		Shape: Hybrid
		q_c:	33.5	32.0	49.5
		ub :	36.6183	36.1247	53.5241
		lb :	30.3817	27.8753	45.4759
		P^-1:
			0.3739	-0.0652	-0.1166
			-0.0652	0.1428	0.0053
			-0.1166	0.0053	0.1989
		A:
			-0.7265	0.6792	-0.1044
			-0.7996	-0.1139	-0.5896
			0.527	-0.0434	0.8488
			-0.0752	0.4716	-0.8786
			-0.9031	-0.2696	0.3343
			0.7943	0.1623	-0.5854
		b:
			-6.4753
			-57.7452
			60.2149
			-29.1987
			-21.191
			3.794
	==================================================================================
	Q2:
		Shape: Ellipse
		q_c:	38.0	35.5	41.0
		ub :	41.1992	38.307	44.712
		lb :	34.8008	32.693	37.288
		P^-1:
			0.3055	0.0507	0.156
			0.0507	0.2558	0.0084
			0.156	0.0084	0.2443
	==================================================================================
	Q3:
		Shape: Ellipse
		q_c:	33.0	29.0	47.0
		ub :	36.4617	33.0289	50.9752
		lb :	29.5383	24.9711	43.0248
		P^-1:
			0.2178	-0.037	0.0222
			-0.037	0.1837	-0.0142
			0.0222	-0.0142	0.1685
	==================================================================================
	Q4:
		Shape: Ellipse
		q_c:	36.0	30.5	45.5
		ub :	39.7216	34.5088	49.2294
		lb :	32.2784	26.4912	41.7706
		P^-1:
			0.161	0.0056	-0.0074
			0.0056	0.1924	-0.0428
			-0.0074	-0.0428	0.2166
	==================================================================================
	Q5:
		Shape: Hybrid
		q_c:	32.0	33.5	48.5
		ub :	35.6742	35.5777	52.1865
		lb :	28.3258	31.4223	44.8135
		P^-1:
			0.3664	-0.2378	0.2042
			-0.2378	0.896	-0.0226
			0.2042	-0.0226	0.2636
		A:
			-0.6787	0.7319	0.0609
			-0.5077	-0.2802	-0.8147
			0.5437	0.2828	-0.7902
			0.2614	0.4939	0.8293
			0.0137	-0.9896	-0.1435
			0.2745	-0.8823	0.3824
		b:
			6.8524
			-64.0147
			-8.5027
			66.4609
			-39.0326
			-1.417
	==================================================================================
	Q6:
		Shape: Hybrid
		q_c:	37.5	31.0	42.5
		ub :	41.3412	34.2665	46.8778
		lb :	33.6588	27.7335	38.1222
		P^-1:
			0.1587	0.0168	0.0276
			0.0168	0.236	0.0347
			0.0276	0.0347	0.0969
		A:
			-0.2598	0.7548	-0.6023
			-0.4078	0.8298	-0.381
			-0.6777	0.7301	-0.0875
			0.2346	0.5056	0.8302
			-0.6229	-0.5079	-0.595
			0.8662	0.324	-0.3804
		b:
			-10.1024
			-4.2304
			-5.1087
			61.4601
			-63.0774
			28.2821


===========================================================================================
===========================================================================================
S7:
	q_c:	171.0	224.5	127.0
	ub :	176.0143	230.3574	132.9906
	lb :	168.1941	220.2501	123.8673

	==================================================================================
	Q1:
		Shape: Hybrid
		q_c:	171.0	227.5	130.0
		ub :	173.5316	230.3574	132.8345
		lb :	168.4684	224.6426	127.1655
		P^-1:
			0.7086	-0.0228	-0.3649
			-0.0228	0.2511	0.0182
			-0.3649	0.0182	0.5403
		A:
			0.6566	0.0771	-0.7503
			-0.7017	0.0548	0.7104
			-0.3334	0.1236	0.9346
			-0.1749	0.9467	0.2704
			-0.4913	0.2129	0.8446
			-0.8784	-0.0154	0.4776
		b:
			32.8544
			-14.653
			93.4781
			222.0411
			74.94
			-91.0596
	==================================================================================
	Q2:
		Shape: Ellipse
		q_c:	170.0	222.5	125.5
		ub :	171.8059	224.7499	127.1327
		lb :	168.1941	220.2501	123.8673
		P^-1:
			1.9426	-0.1137	-1.5477
			-0.1137	0.505	-0.4264
			-1.5477	-0.4264	2.8024
	==================================================================================
	Q3:
		Shape: Ellipse
		q_c:	173.5	223.0	130.5
		ub :	175.9594	225.4796	132.9906
		lb :	171.0406	220.5204	128.0094
		P^-1:
			0.4444	0.0	0.0
			0.0	0.4444	0.0
			0.0	0.0	0.4444
	==================================================================================
	Q4:
		Shape: Hybrid
		q_c:	171.0	224.5	128.0
		ub :	173.2196	226.8019	130.1145
		lb :	168.7804	222.1981	125.8855
		P^-1:
			0.7824	0.2966	-0.167
			0.2966	0.5957	0.2276
			-0.167	0.2276	0.8718
		A:
			-0.3903	-0.6994	0.5987
			0.7091	-0.1561	-0.6876
			0.391	-0.2976	0.871
			-0.3488	0.5325	0.7712
			0.2272	-0.7973	-0.5592
			-0.0996	0.3077	-0.9463
		b:
			-146.2411
			-1.2312
			112.7383
			159.2161
			-210.9132
			-68.04
	==================================================================================
	Q5:
		Shape: Ellipse
		q_c:	173.5	225.0	126.5
		ub :	176.0143	227.3972	128.5371
		lb :	170.9857	222.6028	124.4629
		P^-1:
			0.4444	-0.0	-0.0
			-0.0	0.4444	-0.0
			-0.0	-0.0	0.4444
	==================================================================================
	Q6:
		Shape: Hybrid
		q_c:	172.5	226.5	126.5
		ub :	175.1708	229.378	129.0926
		lb :	169.8292	223.622	123.9074
		P^-1:
			0.4132	-0.0569	0.0431
			-0.0569	0.3407	0.0786
			0.0431	0.0786	0.385
		A:
			-0.2759	0.5065	-0.8169
			0.6185	-0.0435	0.7846
			-0.6573	0.4465	0.6071
			-0.4471	0.3019	0.842
			0.9696	-0.2204	-0.106
			0.1688	0.585	0.7933
		b:
			-35.1781
			196.8666
			65.3386
			98.6192
			104.7303
			262.7167


===========================================================================================
===========================================================================================
S8:
	q_c:	378.5	327.0	512.5
	ub :	410.1194	342.7519	534.2319
	lb :	353.5846	297.8488	483.6966

	==================================================================================
	Q1:
		Shape: Ellipse
		q_c:	374.0	308.0	503.0
		ub :	384.4802	317.8355	512.5408
		lb :	363.5198	298.1645	493.4592
		P^-1:
			0.0277	-0.0101	0.0036
			-0.0101	0.0316	-0.0114
			0.0036	-0.0114	0.0357
	==================================================================================
	Q2:
		Shape: Ellipse
		q_c:	398.5	330.0	521.5
		ub :	410.1194	342.7519	534.2319
		lb :	386.8806	317.2481	508.7681
		P^-1:
			0.0181	-0.0041	-0.0062
			-0.0041	0.017	0.0028
			-0.0062	0.0028	0.0207
	==================================================================================
	Q3:
		Shape: Ellipse
		q_c:	371.0	319.5	508.5
		ub :	380.633	329.6688	518.2367
		lb :	361.367	309.3312	498.7633
		P^-1:
			0.0377	-0.0135	0.0002
			-0.0135	0.0337	0.002
			0.0002	0.002	0.0221
	==================================================================================
	Q4:
		Shape: Polyhedra
		q_c:	366.5	326.5	496.5
		ub :	379.4154	337.1594	509.3034
		lb :	353.5846	315.8406	483.6966
		A:
			-0.7362	0.6502	-0.1877
			0.2586	0.4278	0.8661
			0.489	-0.8708	0.0499
			0.4368	0.6619	0.6092
			0.2567	0.2257	-0.9398
			-0.8577	0.4465	-0.2548
			0.1635	0.8085	0.5653
			0.9632	-0.0069	-0.2688
			-0.2134	0.5884	-0.7799
			-0.1635	-0.8085	-0.5653
			-0.9632	0.0069	0.2688
			0.2134	-0.5884	0.7799
		b:
			-141.9193
			672.2383
			-72.0971
			686.7994
			-290.7229
			-285.8921
			612.5682
			227.8124
			-266.3301
			-596.5682
			-206.8124
			280.3301
	==================================================================================
	Q5:
		Shape: Hybrid
		q_c:	366.5	328.5	496.5
		ub :	374.9711	335.5464	503.5169
		lb :	358.0289	321.4536	489.4831
		P^-1:
			0.05	0.0605	-0.0384
			0.0605	0.1638	-0.0909
			-0.0384	-0.0909	0.0876
		A:
			-0.0325	0.7502	-0.6604
			-0.7236	-0.4764	0.4995
			-0.1444	-0.9613	0.2345
			0.2352	0.89	-0.3906
			0.1195	0.8675	-0.4829
			-0.522	-0.6384	0.5657
		b:
			-91.3272
			-171.0873
			-250.2618
			185.9836
			90.4533
			-118.7011
	==================================================================================
	Q6:
		Shape: Polyhedra
		q_c:	397.0	310.0	506.5
		ub :	409.0468	322.1512	513.7336
		lb :	384.9532	297.8488	499.2664
		A:
			0.7061	0.0697	0.7047
			0.5647	-0.2128	0.7974
			0.0655	-0.2704	0.9605
			0.2821	0.411	0.8669
			0.111	0.1524	0.9821
			-0.8762	-0.0206	0.4815
			0.4239	0.0903	0.9012
			-0.6796	0.6895	0.2505
			-0.5988	-0.7186	0.3536
			-0.4239	-0.0903	-0.9012
			0.6796	-0.6895	-0.2505
			0.5988	0.7186	-0.3536
		b:
			662.6546
			566.1972
			432.769
			682.5035
			592.5386
			-101.7439
			655.2257
			80.8527
			-274.3899
			-650.2257
			-60.8527
			288.3899


===========================================================================================
===========================================================================================
S9:
	q_c:	274.0	467.0	52.5
	ub :	278.1385	470.0668	56.8187
	lb :	270.7012	463.3238	49.2419

	==================================================================================
	Q1:
		Shape: Polyhedra
		q_c:	276.0	465.5	53.0
		ub :	278.1385	467.6762	54.8594
		lb :	273.8615	463.3238	51.1406
		A:
			0.9154	0.3215	0.2423
			0.359	0.8657	-0.3487
			-0.6769	0.3971	0.6198
			0.9294	0.3688	0.016
			0.7441	0.3955	-0.5385
			0.2273	0.9269	-0.2988
			0.7261	0.5082	0.4632
			-0.3494	-0.3075	0.8851
			0.5922	-0.8045	-0.0457
			-0.7261	-0.5082	-0.4632
			0.3494	0.3075	-0.8851
			-0.5922	0.8045	0.0457
		b:
			416.21
			484.9821
			32.3982
			430.1769
			362.3295
			479.7524
			462.5009
			-191.1713
			-211.9711
			-460.5009
			194.1713
			214.9711
	==================================================================================
	Q2:
		Shape: Hybrid
		q_c:	274.5	468.0	55.0
		ub :	276.3305	470.0668	56.8187
		lb :	272.6695	465.9332	53.1813
		P^-1:
			0.8296	-0.2562	0.0029
			-0.2562	0.6149	-0.002
			0.0029	-0.002	0.4445
		A:
			0.8427	0.1773	0.5084
			-0.9296	0.3372	-0.1486
			-0.8829	0.2687	-0.3851
			0.9842	0.1559	0.0833
			-0.0872	-0.1841	-0.979
			0.5671	0.711	-0.4158
		b:
			343.0698
			-105.0185
			-137.1337
			348.4922
			-162.9351
			466.5282
	==================================================================================
	Q3:
		Shape: Hybrid
		q_c:	275.0	465.0	53.0
		ub :	276.4181	466.4561	53.7137
		lb :	273.5819	463.5439	52.2863
		P^-1:
			1.0138	-0.0352	0.1998
			-0.0352	1.0899	-0.5102
			0.1998	-0.5102	3.8964
		A:
			0.1728	0.2539	0.9517
			0.023	-0.392	-0.9197
			0.0448	0.3556	0.9336
			0.2875	-0.0078	-0.9578
			-0.3628	-0.1364	-0.9218
			-0.4875	-0.0509	-0.8716
		b:
			216.4027
			-224.2547
			227.5587
			25.0167
			-211.6786
			-203.5473
	==================================================================================
	Q4:
		Shape: Ellipse
		q_c:	275.0	465.5	53.5
		ub :	276.2027	466.9915	54.9397
		lb :	273.7973	464.0085	52.0603
		P^-1:
			2.9355	-0.5581	-1.3224
			-0.5581	1.1609	0.3813
			-1.3224	0.3813	1.9035
	==================================================================================
	Q5:
		Shape: Ellipse
		q_c:	272.5	467.0	53.0
		ub :	274.2988	468.8381	53.9866
		lb :	270.7012	465.1619	52.0134
		P^-1:
			0.9767	-0.1408	-0.8174
			-0.1408	0.7665	-0.5388
			-0.8174	-0.5388	3.7013
	==================================================================================
	Q6:
		Shape: Hybrid
		q_c:	274.0	466.5	51.0
		ub :	275.9557	468.5362	52.7581
		lb :	272.0443	464.4638	49.2419
		P^-1:
			0.8044	0.2353	0.1226
			0.2353	0.5983	0.0802
			0.1226	0.0802	0.4862
		A:
			-0.8744	0.1232	-0.4694
			-0.6609	-0.6229	0.4187
			-0.3339	0.6443	-0.688
			-0.9278	-0.3522	-0.1228
			0.9813	-0.0561	0.1842
			0.6429	0.725	-0.2469
		b:
			-205.304
			-449.5354
			174.9998
			-424.2575
			252.7908
			502.4752


===========================================================================================
===========================================================================================
S10:
	q_c:	191.5	41.0	286.0
	ub :	223.5917	69.3428	318.0814
	lb :	167.2029	18.7619	262.4487

	==================================================================================
	Q1:
		Shape: Hybrid
		q_c:	197.5	59.0	278.5
		ub :	210.3808	65.0694	288.0149
		lb :	184.6192	52.9306	268.9851
		P^-1:
			0.0113	-0.0107	0.0132
			-0.0107	0.0809	-0.0386
			0.0132	-0.0386	0.0543
		A:
			-0.2944	0.5871	-0.7541
			0.1024	-0.4259	0.899
			-0.3356	-0.7482	-0.5723
			0.0634	0.9791	-0.1932
			-0.6681	0.5973	-0.4438
			-0.5476	0.7661	-0.3364
		b:
			-231.5673
			248.1188
			-265.216
			18.9996
			-215.2366
			-152.4076
	==================================================================================
	Q2:
		Shape: Hybrid
		q_c:	208.0	35.5	299.0
		ub :	223.5917	52.2381	314.8465
		lb :	192.4083	18.7619	283.1535
		P^-1:
			0.0165	-0.0056	-0.0094
			-0.0056	0.0107	0.0018
			-0.0094	0.0018	0.0171
		A:
			0.2737	0.953	-0.1296
			-0.2515	0.2998	-0.9202
			-0.5066	0.8622	-0.0072
			0.1855	0.6843	-0.7052
			0.6042	-0.7959	-0.0372
			0.0872	0.9272	0.3644
		b:
			60.4527
			-309.7936
			-71.397
			-141.7407
			91.4107
			168.4713
	==================================================================================
	Q3:
		Shape: Hybrid
		q_c:	195.0	39.5	276.5
		ub :	208.2633	54.118	290.5513
		lb :	181.7367	24.882	262.4487
		P^-1:
			0.0147	-0.0034	-0.0024
			-0.0034	0.014	-0.0027
			-0.0024	-0.0027	0.0159
		A:
			0.5955	-0.5074	-0.6228
			-0.8765	-0.0146	-0.4812
			-0.0305	-0.325	0.9452
			-0.7146	-0.473	0.5153
			0.9278	0.0213	0.3726
			-0.3073	-0.9131	0.2681
		b:
			-72.1218
			-298.9873
			246.4633
			-10.9746
			290.2631
			-16.6865
	==================================================================================
	Q4:
		Shape: Ellipse
		q_c:	178.0	50.0	275.5
		ub :	188.7971	62.9256	287.4765
		lb :	167.2029	37.0744	263.5235
		P^-1:
			0.0195	-0.0013	-0.0001
			-0.0013	0.0178	0.0018
			-0.0001	0.0018	0.0147
	==================================================================================
	Q5:
		Shape: Polyhedra
		q_c:	196.0	56.0	308.0
		ub :	208.8527	69.3428	318.0814
		lb :	183.1473	42.6572	297.9186
		A:
			0.0378	0.9977	0.0564
			0.8168	0.2437	0.523
			-0.84	-0.3623	0.4039
			-0.764	-0.6189	0.1826
			-0.9766	-0.2133	0.0291
			-0.5104	-0.0765	0.8566
			0.631	0.6739	0.3843
			0.751	-0.6548	-0.0849
			0.1944	0.3422	-0.9193
			-0.631	-0.6739	-0.3843
			-0.751	0.6548	0.0849
			-0.1944	-0.3422	0.9193
		b:
			88.7581
			342.5534
			-52.9537
			-120.7328
			-186.3608
			166.8722
			287.2793
			93.3923
			-218.8705
			-272.2793
			-75.3923
			232.8705
	==================================================================================
	Q6:
		Shape: Ellipse
		q_c:	202.0	36.0	304.0
		ub :	209.5681	46.5223	314.2544
		lb :	194.4319	25.4777	293.7456
		P^-1:
			0.039	0.0045	0.0098
			0.0045	0.0201	0.009
			0.0098	0.009	0.0337


===========================================================================================
===========================================================================================
S11:
	q_c:	446.5	269.0	328.0
	ub :	473.2727	294.1463	350.0118
	lb :	429.0859	250.5692	309.5498

	==================================================================================
	Q1:
		Shape: Hybrid
		q_c:	450.0	275.0	315.0
		ub :	456.1358	280.619	320.4502
		lb :	443.8642	269.381	309.5498
		P^-1:
			0.0846	0.0303	0.0274
			0.0303	0.104	0.0375
			0.0274	0.0375	0.0964
		A:
			-0.5335	-0.0709	-0.8428
			-0.4434	-0.8708	-0.2122
			0.4125	0.8948	0.1706
			0.1065	0.9542	0.2797
			-0.8664	-0.257	-0.4281
			-0.971	0.2218	0.0891
		b:
			-523.1894
			-504.2681
			487.1016
			400.2204
			-593.6179
			-345.2227
	==================================================================================
	Q2:
		Shape: Polyhedra
		q_c:	449.5	285.0	342.0
		ub :	457.0724	294.1463	350.0118
		lb :	441.9276	275.8537	333.9882
		A:
			0.8148	-0.5582	0.1565
			0.942	-0.3166	0.1112
			0.6766	-0.7272	0.1156
			0.8297	0.1107	0.5471
			-0.9872	-0.0057	0.1595
			0.4638	-0.8718	-0.1577
			0.3726	0.9245	0.0801
			0.131	0.0331	-0.9908
			-0.9187	0.3797	-0.1088
			-0.3726	-0.9245	-0.0801
			-0.131	-0.0331	0.9908
			0.9187	-0.3797	0.1088
		b:
			264.9374
			375.2775
			141.3428
			597.2666
			-385.8191
			-87.7929
			466.3599
			-263.5651
			-337.9649
			-450.3599
			277.5651
			345.9649
	==================================================================================
	Q3:
		Shape: Hybrid
		q_c:	439.5	266.5	338.0
		ub :	449.9141	275.1735	344.1076
		lb :	429.0859	257.8265	331.8924
		P^-1:
			0.018	-0.0147	-0.0154
			-0.0147	0.0516	0.0328
			-0.0154	0.0328	0.0869
		A:
			0.0289	-0.0906	-0.9955
			-0.0835	-0.9787	0.1875
			-0.1412	-0.491	0.8596
			-0.0801	-0.7919	-0.6054
			-0.4383	0.5168	0.7355
			0.4666	-0.2435	-0.8503
		b:
			-345.6824
			-229.8007
			101.4215
			-447.9407
			195.7206
			-144.6157
	==================================================================================
	Q4:
		Shape: Ellipse
		q_c:	456.0	274.0	333.0
		ub :	465.8683	281.8583	343.1435
		lb :	446.1317	266.1417	322.8565
		P^-1:
			0.0602	0.0467	0.0399
			0.0467	0.0919	0.048
			0.0399	0.048	0.048
	==================================================================================
	Q5:
		Shape: Ellipse
		q_c:	464.0	258.0	321.5
		ub :	473.2727	265.4308	326.9004
		lb :	454.7273	250.5692	316.0996
		P^-1:
			0.0264	0.0325	-0.0211
			0.0325	0.1762	-0.1888
			-0.0211	-0.1888	0.3068
	==================================================================================
	Q6:
		Shape: Ellipse
		q_c:	447.5	283.5	334.0
		ub :	453.7013	293.0672	340.768
		lb :	441.2987	273.9328	327.232
		P^-1:
			0.0406	-0.001	-0.0022
			-0.001	0.013	0.0047
			-0.0022	0.0047	0.0481


===========================================================================================
===========================================================================================
S12:
	q_c:	347.5	265.0	185.0
	ub :	354.5557	271.9031	193.6054
	lb :	345.0161	255.9391	177.6425

	==================================================================================
	Q1:
		Shape: Hybrid
		q_c:	351.0	265.0	183.0
		ub :	353.2066	268.2148	186.2746
		lb :	348.7934	261.7852	179.7254
		P^-1:
			0.5989	-0.2863	0.2409
			-0.2863	0.4425	-0.2427
			0.2409	-0.2427	0.3687
		A:
			0.1705	-0.939	0.2988
			0.7342	0.5641	0.378
			0.5004	-0.1911	0.8444
			0.2287	0.947	0.2256
			-0.8621	0.4861	-0.143
			-0.7697	-0.6372	-0.0386
		b:
			-133.2299
			477.9816
			280.5964
			374.2882
			-199.2535
			-444.4986
	==================================================================================
	Q2:
		Shape: Ellipse
		q_c:	350.5	259.5	181.0
		ub :	354.0934	263.0609	184.3575
		lb :	346.9066	255.9391	177.6425
		P^-1:
			0.2665	-0.1476	-0.0661
			-0.1476	0.3116	-0.0101
			-0.0661	-0.0101	0.2274
	==================================================================================
	Q3:
		Shape: Hybrid
		q_c:	350.0	267.5	190.0
		ub :	354.5557	271.9031	193.6054
		lb :	345.4443	263.0969	186.3946
		P^-1:
			0.1467	0.0218	-0.0008
			0.0218	0.1245	0.0013
			-0.0008	0.0013	0.16
		A:
			-0.3769	-0.5822	0.7204
			0.9088	0.3919	-0.1434
			0.7772	-0.5651	0.2768
			0.8361	0.544	-0.0698
			0.9493	-0.1979	-0.2442
			-0.967	-0.2355	0.0974
		b:
			-149.4691
			396.9169
			175.1098
			426.1662
			234.4155
			-381.6208
	==================================================================================
	Q4:
		Shape: Polyhedra
		q_c:	348.5	266.5	189.0
		ub :	351.9839	269.538	192.7643
		lb :	345.0161	263.462	185.2357
		A:
			0.8887	-0.3585	-0.286
			0.3507	0.1	-0.9311
			0.0164	-0.9894	0.1444
			0.7579	-0.5886	0.2813
			-0.9456	-0.1221	-0.3015
			0.4893	-0.4555	-0.7437
			0.7343	0.2137	0.6443
			-0.6636	0.4256	0.6152
			-0.1428	-0.8793	0.4543
			-0.7343	-0.2137	-0.6443
			0.6636	-0.4256	-0.6152
			0.1428	0.8793	-0.4543
		b:
			161.9425
			-25.2228
			-228.6927
			162.7512
			-416.2625
			-89.8358
			437.6242
			-0.0678
			-196.2293
			-431.6242
			3.0678
			200.2293
	==================================================================================
	Q5:
		Shape: Ellipse
		q_c:	351.5	265.0	181.0
		ub :	354.3288	268.32	183.3198
		lb :	348.6712	261.68	178.6802
		P^-1:
			0.7371	-0.3507	0.1831
			-0.3507	0.3078	-0.1092
			0.1831	-0.1092	0.3162
	==================================================================================
	Q6:
		Shape: Ellipse
		q_c:	351.0	266.0	186.0
		ub :	353.1751	268.3374	187.7471
		lb :	348.8249	263.6626	184.2529
		P^-1:
			0.25	0.0	0.0002
			0.0	0.2528	0.0231
			0.0002	0.0231	0.4417


===========================================================================================
===========================================================================================
