3D_35_10_6_c                l = 3

===========================================================================================
===========================================================================================
S1:
	q_c:    401.5000    453.0000    43.0000
	ub :    418.0000    480.0000    69.0000
	lb :    385.0000    426.0000    17.0000

	==================================================================================
	Q1:
		Shape: Polyhedra
		q_c:    399.0000    450.5000    42.5000
		ub :    406.2161    458.6126    48.4696
		lb :    391.7839    442.3874    36.5304
		A:
			    -0.8253    -0.4193    0.3782
			    0.6235    0.3230    -0.7119
			    0.3590    0.7162    -0.5985
			    -0.8190    -0.3698    0.4387
			    -0.8197    -0.4274    -0.3814
			    0.7553    -0.4077    0.5131
			    0.0566    0.2515    0.9662
			    0.7248    0.6552    -0.2130
			    -0.6866    0.7124    -0.1452
			    -0.0566    -0.2515    -0.9662
			    -0.7248    -0.6552    0.2130
			    0.6866    -0.7124    0.1452
		b:
			    -499.0814
			    367.3991
			    444.2485
			    -471.5463
			    -531.9162
			    146.4635
			    181.4373
			    577.8127
			    48.3165
			    -172.4373
			    -572.8127
			    -33.3165
	==================================================================================
	Q2:
		Shape: Hybrid
		q_c:    403.0000    466.5000    31.5000
		ub :    414.1735    476.6601    42.6749
		lb :    391.8265    456.3399    20.3251
		P^-1: 
			    0.0428    -0.0300    -0.0177
			    -0.0300    0.0525    0.0027
			    -0.0177    0.0027    0.0284
		A:
			    0.6538    -0.3066    -0.6918
			    -0.1132    -0.2823    0.9526
			    -0.9155    0.1117    0.3866
			    -0.4882    0.3039    0.8181
			    0.1317    -0.9759    -0.1738
			    -0.9851    0.1046    0.1363
		b:
			    101.1864
			    -142.7674
			    -300.9147
			    -25.9179
			    -403.6109
			    -338.9883
	==================================================================================
	Q3:
		Shape: Ellipse
		q_c:    394.5000    437.0000    47.5000
		ub :    401.8618    445.5640    55.8730
		lb :    387.1382    428.4360    39.1270
		P^-1: 
			    0.0854    0.0138    0.0368
			    0.0138    0.0307    0.0101
			    0.0368    0.0101    0.0465
	==================================================================================
	Q4:
		Shape: Ellipse
		q_c:    414.5000    450.5000    59.0000
		ub :    421.0225    456.6860    66.0961
		lb :    407.9775    444.3140    51.9039
		P^-1: 
			    0.0623    0.0197    0.0170
			    0.0197    0.0667    0.0282
			    0.0170    0.0282    0.0714
	==================================================================================
	Q5:
		Shape: Polyhedra
		q_c:    388.0000    461.0000    40.5000
		ub :    396.7902    472.7510    50.7628
		lb :    379.2098    449.2490    30.2372
		A:
			    0.8750    -0.3210    0.3624
			    0.0803    0.7913    0.6062
			    0.8466    -0.0707    -0.5275
			    -0.4254    0.0104    -0.9049
			    0.6531    -0.1452    0.7432
			    0.6228    -0.0698    0.7792
			    0.0724    0.5599    0.8254
			    0.3653    0.7552    -0.5443
			    -0.9281    0.3409    -0.1499
			    -0.0724    -0.5599    -0.8254
			    -0.3653    -0.7552    0.5443
			    0.9281    -0.3409    0.1499
		b:
			    211.7654
			    426.3773
			    281.2411
			    -190.8882
			    222.4174
			    246.8064
			    325.1363
			    476.8199
			    -203.5035
			    -314.1363
			    -458.8199
			    214.5035
	==================================================================================
	Q6:
		Shape: Polyhedra
		q_c:    401.5000    457.5000    44.0000
		ub :    409.7926    464.1330    52.0701
		lb :    393.2074    450.8670    35.9299
		A:
			    0.8176    -0.3508    0.4566
			    -0.6851    -0.7238    0.0818
			    -0.6484    0.5873    0.4844
			    0.7732    0.6241    -0.1129
			    0.4202    0.9047    -0.0707
			    0.4366    -0.7163    -0.5444
			    0.4886    0.8526    0.1852
			    0.8530    -0.5114    0.1037
			    0.1831    0.1073    -0.9772
			    -0.4886    -0.8526    -0.1852
			    -0.8530    0.5114    -0.1037
			    -0.1831    -0.1073    0.9772
		b:
			    194.3210
			    -598.9378
			    36.1149
			    595.0555
			    582.9236
			    -170.3606
			    597.4068
			    119.5877
			    86.6001
			    -591.4068
			    -106.5877
			    -72.6001


===========================================================================================
===========================================================================================
S2:
	q_c:    138.0000    141.5000    395.5000
	ub :    157.0000    157.0000    403.0000
	lb :    119.0000    126.0000    388.0000

	==================================================================================
	Q1:
		Shape: Polyhedra
		q_c:    144.0000    139.0000    392.5000
		ub :    150.3990    144.1846    399.3422
		lb :    137.6010    133.8154    385.6578
		A:
			    -0.7179    -0.6943    0.0497
			    -0.2697    0.4675    0.8418
			    0.0187    -0.8978    0.4399
			    0.3765    0.1048    -0.9205
			    -0.8682    0.3832    -0.3153
			    0.9465    0.1935    -0.2582
			    0.6573    0.0918    0.7481
			    -0.7427    0.2479    0.6221
			    -0.1283    -0.9644    0.2312
			    -0.6573    -0.0918    -0.7481
			    0.7427    -0.2479    -0.6221
			    0.1283    0.9644    -0.2312
		b:
			    -176.1726
			    360.5119
			    54.6308
			    -288.6239
			    -190.9947
			    65.7644
			    406.0217
			    175.1841
			    -57.8017
			    -396.0217
			    -168.1841
			    65.8017
	==================================================================================
	Q2:
		Shape: Polyhedra
		q_c:    134.0000    133.5000    389.5000
		ub :    140.2304    140.1332    393.3026
		lb :    127.7696    126.8668    385.6974
		A:
			    -0.6755    0.6938    0.2497
			    0.2565    -0.3970    -0.8812
			    0.6101    -0.2352    -0.7566
			    0.1821    -0.4821    -0.8570
			    0.6404    -0.2139    -0.7376
			    -0.3012    0.0142    -0.9534
			    0.8614    0.5071    0.0283
			    0.0974    -0.1102    -0.9891
			    -0.4985    0.8548    -0.1444
			    -0.8614    -0.5071    -0.0283
			    -0.0974    0.1102    0.9891
			    0.4985    -0.8548    0.1444
		b:
			    104.0676
			    -358.5799
			    -240.8037
			    -370.3835
			    -226.4736
			    -406.5172
			    198.1645
			    -383.9225
			    -3.9211
			    -190.1645
			    389.9225
			    13.9211
	==================================================================================
	Q3:
		Shape: Ellipse
		q_c:    144.5000    142.0000    398.0000
		ub :    148.4741    145.8469    401.9207
		lb :    140.5259    138.1531    394.0793
		P^-1: 
			    0.1586    0.0010    0.0104
			    0.0010    0.1593    -0.0073
			    0.0104    -0.0073    0.0837
	==================================================================================
	Q4:
		Shape: Ellipse
		q_c:    132.5000    148.0000    396.5000
		ub :    139.4455    155.1807    401.5036
		lb :    125.5545    140.8193    391.4964
		P^-1: 
			    0.0528    0.0132    -0.0375
			    0.0132    0.0886    -0.0887
			    -0.0375    -0.0887    0.1910
	==================================================================================
	Q5:
		Shape: Hybrid
		q_c:    143.5000    145.5000    391.5000
		ub :    148.0270    151.8981    398.0132
		lb :    138.9730    139.1019    384.9868
		P^-1: 
			    0.1047    -0.0121    -0.0031
			    -0.0121    0.0767    0.0202
			    -0.0031    0.0202    0.0513
		A:
			    -0.1405    0.1775    0.9740
			    -0.8873    0.2689    0.3747
			    -0.6776    -0.7280    -0.1042
			    -0.6431    0.6439    0.4147
			    0.7929    0.6069    0.0543
			    -0.1712    -0.9816    -0.0841
		b:
			    389.8851
			    60.1292
			    -241.8329
			    165.3342
			    225.4241
			    -198.0439
	==================================================================================
	Q6:
		Shape: Polyhedra
		q_c:    135.0000    140.0000    402.5000
		ub :    140.0934    146.2211    407.6504
		lb :    129.9066    133.7789    397.3496
		A:
			    0.4845    0.7298    -0.4823
			    -0.3709    0.7912    -0.4863
			    -0.2987    -0.2670    0.9162
			    -0.8988    -0.0441    0.4361
			    -0.0295    -0.7927    -0.6089
			    0.3843    0.6669    -0.6384
			    0.3289    0.6728    0.6627
			    0.2705    0.6052    -0.7487
			    -0.9048    0.4255    0.0170
			    -0.3289    -0.6728    -0.6627
			    -0.2705    -0.6052    0.7487
			    0.9048    -0.4255    -0.0170
		b:
			    -24.0826
			    -132.7058
			    293.5578
			    50.5780
			    -354.2932
			    -109.9449
			    411.3283
			    -178.5994
			    -52.7176
			    -399.3283
			    181.5994
			    58.7176


===========================================================================================
===========================================================================================
S3:
	q_c:    150.5000    148.0000    520.0000
	ub :    176.0000    166.0000    540.0000
	lb :    125.0000    130.0000    500.0000

	==================================================================================
	Q1:
		Shape: Polyhedra
		q_c:    160.5000    158.0000    510.0000
		ub :    176.4700    175.4303    527.5975
		lb :    144.5300    140.5697    492.4025
		A:
			    -0.6358    0.5532    0.5383
			    -0.0779    -0.0274    -0.9966
			    -0.4672    0.8833    0.0395
			    -0.1124    0.5170    0.8486
			    -0.5822    0.7972    -0.1596
			    -0.0541    0.1498    0.9872
			    0.5284    0.5317    0.6619
			    -0.0517    -0.7580    0.6502
			    0.8474    -0.3778    -0.3731
			    -0.5284    -0.5317    -0.6619
			    0.0517    0.7580    -0.6502
			    -0.8474    0.3778    0.3731
		b:
			    271.7038
			    -514.8684
			    95.8711
			    507.1944
			    -37.7584
			    528.9535
			    516.3809
			    213.5140
			    -101.9502
			    -496.3809
			    -193.5140
			    125.9502
	==================================================================================
	Q2:
		Shape: Ellipse
		q_c:    142.0000    138.5000    531.5000
		ub :    154.3158    152.9728    543.8137
		lb :    129.6842    124.0272    519.1863
		P^-1: 
			    0.0189    0.0010    -0.0065
			    0.0010    0.0178    -0.0108
			    -0.0065    -0.0108    0.0217
	==================================================================================
	Q3:
		Shape: Hybrid
		q_c:    144.0000    163.0000    531.5000
		ub :    153.6491    174.2196    543.7366
		lb :    134.3509    151.7804    519.2634
		P^-1: 
			    0.0574    -0.0282    -0.0172
			    -0.0282    0.0352    0.0058
			    -0.0172    0.0058    0.0205
		A:
			    0.7213    -0.1184    -0.6824
			    -0.7867    0.0246    -0.6168
			    0.9394    -0.3094    0.1476
			    0.4687    0.0444    -0.8822
			    0.7955    -0.5975    -0.1014
			    -0.5701    0.3166    0.7581
		b:
			    -274.9561
			    -430.4795
			    166.9891
			    -389.5219
			    -34.7358
			    376.0969
	==================================================================================
	Q4:
		Shape: Hybrid
		q_c:    141.5000    137.5000    524.0000
		ub :    155.7254    146.9489    538.7332
		lb :    127.2746    128.0511    509.2668
		P^-1: 
			    0.0270    0.0189    0.0155
			    0.0189    0.0373    0.0154
			    0.0155    0.0154    0.0190
		A:
			    -0.4270    -0.8901    -0.1594
			    -0.5997    -0.5301    -0.5996
			    0.3842    0.7710    0.5080
			    0.8748    0.4542    0.1685
			    0.8887    0.2021    0.4116
			    -0.4318    -0.1883    -0.8821
		b:
			    -263.2866
			    -469.4531
			    429.0113
			    278.8389
			    373.2502
			    -543.8708
	==================================================================================
	Q5:
		Shape: Polyhedra
		q_c:    164.0000    138.0000    526.5000
		ub :    176.2372    147.8174    537.2566
		lb :    151.7628    128.1826    515.7434
		A:
			    0.0853    -0.8870    -0.4538
			    -0.1361    -0.7363    -0.6629
			    0.0316    0.8032    0.5949
			    0.3224    0.7558    0.5699
			    0.8745    -0.4844    -0.0257
			    -0.2981    -0.7336    -0.6107
			    0.1089    0.7528    0.6491
			    -0.8640    0.3946    -0.3128
			    -0.4916    -0.5268    0.6934
			    -0.1089    -0.7528    -0.6491
			    0.8640    -0.3946    0.3128
			    0.4916    0.5268    -0.6934
		b:
			    -344.4133
			    -471.3998
			    430.9426
			    459.8109
			    70.8102
			    -469.4054
			    465.0144
			    -243.9003
			    222.2614
			    -462.0144
			    259.9003
			    -201.2614
	==================================================================================
	Q6:
		Shape: Ellipse
		q_c:    132.5000    167.0000    511.5000
		ub :    147.2886    182.2526    527.9011
		lb :    117.7114    151.7474    495.0989
		P^-1: 
			    0.0137    -0.0067    -0.0031
			    -0.0067    0.0165    0.0038
			    -0.0031    0.0038    0.0100


===========================================================================================
===========================================================================================
S4:
	q_c:    160.5000    514.0000    19.5000
	ub :    178.0000    540.0000    39.0000
	lb :    143.0000    488.0000    0.0000

	==================================================================================
	Q1:
		Shape: Hybrid
		q_c:    176.5000    511.0000    11.5000
		ub :    185.1735    517.0259    20.0684
		lb :    167.8265    504.9741    2.9316
		P^-1: 
			    0.0452    0.0029    0.0205
			    0.0029    0.0620    -0.0035
			    0.0205    -0.0035    0.0382
		A:
			    0.1109    -0.8360    0.5373
			    0.2980    -0.9466    0.1228
			    0.8625    0.4350    0.2587
			    0.6056    -0.7605    0.2343
			    -0.0622    -0.1581    -0.9855
			    0.5450    -0.8336    0.0900
		b:
			    -399.2206
			    -427.5609
			    379.8581
			    -276.6608
			    -99.3184
			    -326.1855
	==================================================================================
	Q2:
		Shape: Hybrid
		q_c:    164.0000    505.0000    17.0000
		ub :    167.0135    511.9895    23.4892
		lb :    160.9865    498.0105    10.5108
		P^-1: 
			    0.4242    0.0285    -0.0825
			    0.0285    0.0477    0.0198
			    -0.0825    0.0198    0.0820
		A:
			    -0.8065    0.3866    0.4473
			    -0.8050    -0.4777    0.3518
			    -0.9152    -0.0918    0.3925
			    -0.9432    -0.2145    0.2538
			    0.6981    0.1977    0.6882
			    0.9176    0.3735    0.1363
		b:
			    72.2228
			    -365.0278
			    -188.7891
			    -257.7003
			    228.7674
			    342.7826
	==================================================================================
	Q3:
		Shape: Ellipse
		q_c:    173.0000    510.5000    10.0000
		ub :    177.4832    514.3736    14.7581
		lb :    168.5168    506.6264    5.2419
		P^-1: 
			    0.1443    -0.0056    0.0308
			    -0.0056    0.1580    0.0109
			    0.0308    0.0109    0.0993
	==================================================================================
	Q4:
		Shape: Ellipse
		q_c:    172.5000    522.5000    13.0000
		ub :    179.8049    528.1704    17.6575
		lb :    165.1951    516.8296    8.3425
		P^-1: 
			    0.1657    0.2023    -0.0118
			    0.2023    0.2952    -0.0220
			    -0.0118    -0.0220    0.0638
	==================================================================================
	Q5:
		Shape: Ellipse
		q_c:    160.0000    508.5000    33.0000
		ub :    165.7561    513.3897    38.0173
		lb :    154.2439    503.6103    27.9827
		P^-1: 
			    0.0579    -0.0039    0.0256
			    -0.0039    0.0975    -0.0325
			    0.0256    -0.0325    0.1356
	==================================================================================
	Q6:
		Shape: Ellipse
		q_c:    172.0000    518.0000    13.0000
		ub :    180.7242    523.5388    22.0331
		lb :    163.2758    512.4612    3.9669
		P^-1: 
			    0.0577    -0.0785    0.0228
			    -0.0785    0.2025    -0.0486
			    0.0228    -0.0486    0.0313


===========================================================================================
===========================================================================================
S5:
	q_c:    402.0000    387.0000    165.5000
	ub :    429.0000    413.0000    184.0000
	lb :    375.0000    361.0000    147.0000

	==================================================================================
	Q1:
		Shape: Hybrid
		q_c:    383.0000    380.5000    170.5000
		ub :    392.9773    390.4687    177.3423
		lb :    373.0227    370.5313    163.6577
		P^-1: 
			    0.0390    0.0254    -0.0023
			    0.0254    0.0342    -0.0032
			    -0.0023    -0.0032    0.0282
		A:
			    0.4562    -0.3867    0.8015
			    0.6500    0.7594    0.0295
			    -0.4716    0.1290    -0.8723
			    -0.9812    -0.1017    0.1637
			    0.0928    -0.5431    0.8345
			    0.9506    0.2015    -0.2362
		b:
			    169.4999
			    545.1126
			    -275.7125
			    -382.1445
			    -24.2946
			    404.3654
	==================================================================================
	Q2:
		Shape: Ellipse
		q_c:    405.5000    365.0000    175.0000
		ub :    415.7734    374.6993    183.7753
		lb :    395.2266    355.3007    166.2247
		P^-1: 
			    0.0310    0.0023    -0.0123
			    0.0023    0.0215    -0.0008
			    -0.0123    -0.0008    0.0410
	==================================================================================
	Q3:
		Shape: Ellipse
		q_c:    421.5000    397.0000    152.0000
		ub :    433.1744    409.5510    163.7269
		lb :    409.8256    384.4490    140.2731
		P^-1: 
			    0.0257    0.0046    0.0079
			    0.0046    0.0149    0.0005
			    0.0079    0.0005    0.0226
	==================================================================================
	Q4:
		Shape: Hybrid
		q_c:    397.5000    391.5000    164.0000
		ub :    406.7112    402.7757    172.4476
		lb :    388.2888    380.2243    155.5524
		P^-1: 
			    0.2214    0.0778    -0.1997
			    0.0778    0.0436    -0.0732
			    -0.1997    -0.0732    0.2111
		A:
			    0.3513    0.2466    -0.9032
			    -0.8083    -0.1395    0.5721
			    0.6814    -0.0076    -0.7319
			    -0.8015    -0.5811    -0.1412
			    -0.7646    -0.2341    0.6004
			    0.5502    0.6926    -0.4665
		b:
			    90.7993
			    -280.6386
			    149.6995
			    -563.9769
			    -296.1517
			    416.7343
	==================================================================================
	Q5:
		Shape: Ellipse
		q_c:    395.5000    383.0000    157.0000
		ub :    406.8857    390.0317    168.2203
		lb :    384.1143    375.9683    145.7797
		P^-1: 
			    0.0209    -0.0025    0.0126
			    -0.0025    0.0568    -0.0121
			    0.0126    -0.0121    0.0289
	==================================================================================
	Q6:
		Shape: Hybrid
		q_c:    389.0000    394.0000    159.5000
		ub :    400.3812    406.5096    172.2266
		lb :    377.6188    381.4904    146.7734
		P^-1: 
			    0.0257    0.0037    -0.0043
			    0.0037    0.0210    0.0078
			    -0.0043    0.0078    0.0188
		A:
			    0.9905    0.1345    0.0283
			    0.7173    -0.3377    0.6095
			    -0.9934    -0.1030    -0.0501
			    0.8943    -0.2475    -0.3728
			    0.3482    -0.5667    -0.7467
			    -0.4641    -0.0633    0.8835
		b:
			    446.2056
			    249.4745
			    -431.5183
			    194.0690
			    -203.8949
			    -60.2998


===========================================================================================
===========================================================================================
S6:
	q_c:    442.0000    286.0000    268.5000
	ub :    461.0000    308.0000    287.0000
	lb :    423.0000    264.0000    250.0000

	==================================================================================
	Q1:
		Shape: Ellipse
		q_c:    436.5000    290.5000    264.5000
		ub :    445.6788    299.9006    271.8599
		lb :    427.3212    281.0994    257.1401
		P^-1: 
			    0.0457    0.0113    0.0237
			    0.0113    0.0267    0.0056
			    0.0237    0.0056    0.0627
	==================================================================================
	Q2:
		Shape: Polyhedra
		q_c:    427.5000    285.5000    271.5000
		ub :    436.4751    294.5037    279.9048
		lb :    418.5249    276.4963    263.0952
		A:
			    0.2678    -0.3916    0.8803
			    0.7494    0.6586    -0.0680
			    -0.3939    0.2618    0.8811
			    0.8953    0.3596    0.2630
			    -0.3566    0.1781    0.9171
			    0.7520    0.0821    0.6541
			    0.6265    0.5164    0.5838
			    0.7677    -0.5385    -0.3475
			    0.1349    0.6659    -0.7338
			    -0.6265    -0.5164    -0.5838
			    -0.7677    0.5385    0.3475
			    -0.1349    -0.6659    0.7338
		b:
			    246.1025
			    495.0578
			    151.3017
			    562.4305
			    152.9437
			    527.9517
			    579.2627
			    86.6022
			    52.5664
			    -568.2627
			    -73.6022
			    -44.5664
	==================================================================================
	Q3:
		Shape: Ellipse
		q_c:    442.0000    286.5000    270.0000
		ub :    448.1950    292.7539    275.2529
		lb :    435.8050    280.2461    264.7471
		P^-1: 
			    0.0530    0.0058    0.0005
			    0.0058    0.0588    0.0008
			    0.0005    0.0008    0.0494
	==================================================================================
	Q4:
		Shape: Hybrid
		q_c:    432.5000    284.0000    288.0000
		ub :    436.0847    291.8747    295.3856
		lb :    428.9153    276.1253    280.6144
		P^-1: 
			    0.1568    -0.0174    0.0055
			    -0.0174    0.0419    -0.0201
			    0.0055    -0.0201    0.0475
		A:
			    0.4512    -0.6688    -0.5909
			    -0.9654    -0.0539    -0.2552
			    -0.2882    -0.4933    0.8207
			    0.8190    -0.4073    -0.4042
			    -0.8332    0.5524    -0.0267
			    0.7922    -0.5039    0.3442
		b:
			    -160.5209
			    -504.5777
			    -25.5951
			    124.8807
			    -209.0965
			    300.3510
	==================================================================================
	Q5:
		Shape: Polyhedra
		q_c:    449.5000    298.0000    272.5000
		ub :    460.1426    307.4339    282.9766
		lb :    438.8574    288.5661    262.0234
		A:
			    -0.9488    -0.2371    -0.2087
			    -0.5048    0.7291    0.4622
			    -0.2563    -0.8874    -0.3833
			    0.0415    -0.1919    -0.9805
			    -0.9976    0.0686    0.0033
			    0.3985    -0.3293    -0.8560
			    0.1280    0.7232    0.6786
			    -0.4019    0.6634    -0.6312
			    -0.9067    -0.1919    0.3755
			    -0.1280    -0.7232    -0.6786
			    0.4019    -0.6634    0.6312
			    0.9067    0.1919    -0.3755
		b:
			    -546.6728
			    122.2179
			    -479.1030
			    -300.0258
			    -419.3036
			    -146.1184
			    462.4746
			    -147.9473
			    -354.4377
			    -453.4746
			    161.9473
			    370.4377
	==================================================================================
	Q6:
		Shape: Polyhedra
		q_c:    447.0000    296.5000    266.0000
		ub :    452.3117    302.1814    272.2698
		lb :    441.6883    290.8186    259.7302
		A:
			    -0.8589    0.5042    -0.0895
			    0.0330    0.9715    0.2346
			    -0.5274    -0.8496    -0.0003
			    -0.5387    0.7849    0.3062
			    0.6986    0.5012    0.5107
			    -0.8242    -0.5202    0.2237
			    0.5592    0.6695    0.4889
			    0.3115    0.3768    -0.8723
			    -0.7683    0.6401    0.0021
			    -0.5592    -0.6695    -0.4889
			    -0.3115    -0.3768    0.8723
			    0.7683    -0.6401    -0.0021
		b:
			    -255.7242
			    368.1680
			    -484.0055
			    76.0277
			    599.6925
			    -458.9732
			    581.5185
			    24.4556
			    -150.5828
			    -575.5185
			    -13.4556
			    155.5828


===========================================================================================
===========================================================================================
S7:
	q_c:    173.5000    466.0000    346.0000
	ub :    190.0000    483.0000    367.0000
	lb :    157.0000    449.0000    325.0000

	==================================================================================
	Q1:
		Shape: Hybrid
		q_c:    162.5000    472.0000    339.5000
		ub :    171.3138    481.5828    347.3993
		lb :    153.6862    462.4172    331.6007
		P^-1: 
			    0.0706    0.0459    0.0118
			    0.0459    0.0586    -0.0078
			    0.0118    -0.0078    0.0436
		A:
			    -0.6593    -0.5828    -0.4751
			    -0.7690    -0.6268    0.1259
			    -0.6717    -0.5210    -0.5267
			    0.7076    0.3126    0.6337
			    -0.5161    -0.5367    -0.6676
			    0.8384    0.2351    0.4918
		b:
			    -541.3921
			    -376.3970
			    -531.7648
			    479.8740
			    -560.9007
			    416.4329
	==================================================================================
	Q2:
		Shape: Hybrid
		q_c:    168.0000    457.0000    344.5000
		ub :    175.3619    463.8282    352.6112
		lb :    160.6381    450.1718    336.3888
		P^-1: 
			    0.0420    0.0053    0.0064
			    0.0053    0.0572    -0.0093
			    0.0064    -0.0093    0.0458
		A:
			    -0.1482    -0.4175    0.8965
			    -0.3226    -0.6163    -0.7184
			    -0.6570    -0.2863    0.6975
			    0.2280    -0.2171    -0.9492
			    0.9455    0.3211    0.0537
			    0.2076    0.9263    0.3144
		b:
			    95.6239
			    -580.6228
			    2.0324
			    -384.7024
			    326.7870
			    568.9712
	==================================================================================
	Q3:
		Shape: Polyhedra
		q_c:    177.0000    456.5000    343.5000
		ub :    187.1501    466.2458    353.5557
		lb :    166.8499    446.7542    333.4443
		A:
			    0.7365    -0.0177    0.6762
			    -0.2606    -0.5402    -0.8002
			    0.1920    -0.9206    0.3400
			    0.6830    -0.5257    0.5072
			    -0.9940    -0.1084    0.0173
			    -0.5965    -0.4866    -0.6383
			    0.7293    0.3595    0.5821
			    -0.4258    -0.4276    0.7974
			    0.5356    -0.8294    -0.1588
			    -0.7293    -0.3595    -0.5821
			    0.4258    0.4276    -0.7974
			    -0.5356    0.8294    0.1588
		b:
			    360.2095
			    -561.8840
			    -263.2514
			    60.9083
			    -213.4311
			    -541.4655
			    498.6581
			    10.8800
			    -332.8742
			    -487.6581
			    4.1200
			    343.8742
	==================================================================================
	Q4:
		Shape: Hybrid
		q_c:    173.0000    472.5000    363.5000
		ub :    181.5284    483.7872    375.3283
		lb :    164.4716    461.2128    351.6717
		P^-1: 
			    0.0404    0.0093    0.0012
			    0.0093    0.0312    0.0140
			    0.0012    0.0140    0.0219
		A:
			    0.5095    0.8374    0.1981
			    0.3092    -0.8840    -0.3505
			    0.8750    0.4370    0.2086
			    -0.9717    0.1803    -0.1529
			    0.9154    0.3451    0.2073
			    -0.8477    -0.4832    -0.2187
		b:
			    558.6377
			    -488.0166
			    436.0080
			    -134.7833
			    399.2360
			    -452.1628
	==================================================================================
	Q5:
		Shape: Polyhedra
		q_c:    171.0000    478.5000    351.5000
		ub :    181.3823    489.8104    363.3135
		lb :    160.6177    467.1896    339.6865
		A:
			    0.7671    0.3913    0.5083
			    -0.9984    -0.0534    -0.0192
			    -0.6986    -0.2357    0.6756
			    -0.9850    -0.1519    0.0820
			    0.0898    -0.8296    -0.5511
			    -0.6976    0.4610    -0.5484
			    0.5921    0.7500    0.2948
			    0.1096    -0.4374    0.8926
			    0.7983    -0.4962    -0.3412
			    -0.5921    -0.7500    -0.2948
			    -0.1096    0.4374    -0.8926
			    -0.7983    0.4962    0.3412
		b:
			    502.5913
			    -195.8648
			    13.2829
			    -205.3398
			    -568.6578
			    -83.1538
			    568.2367
			    131.7097
			    -212.3525
			    -559.2367
			    -114.7097
			    229.3525
	==================================================================================
	Q6:
		Shape: Polyhedra
		q_c:    173.0000    466.5000    357.0000
		ub :    183.0433    474.1484    367.1112
		lb :    162.9567    458.8516    346.8888
		A:
			    0.5133    0.3074    0.8012
			    -0.5455    -0.7910    -0.2770
			    0.0403    0.9884    -0.1465
			    0.0702    0.4167    0.9063
			    -0.3696    -0.4539    -0.8108
			    -0.7389    -0.5378    -0.4061
			    0.6526    0.5038    0.5659
			    0.4464    -0.8592    0.2502
			    0.6123    0.0894    -0.7856
			    -0.6526    -0.5038    -0.5659
			    -0.4464    0.8592    -0.2502
			    -0.6123    -0.0894    0.7856
		b:
			    521.9273
			    -558.5762
			    421.8371
			    536.1496
			    -561.0753
			    -520.7039
			    552.4739
			    -227.7659
			    -123.8472
			    -547.4739
			    240.7659
			    141.8472


===========================================================================================
===========================================================================================
S8:
	q_c:    396.5000    110.5000    80.5000
	ub :    413.0000    123.0000    98.0000
	lb :    380.0000    98.0000    63.0000

	==================================================================================
	Q1:
		Shape: Polyhedra
		q_c:    400.0000    120.0000    77.0000
		ub :    405.2618    124.8296    82.6281
		lb :    394.7382    115.1704    71.3719
		A:
			    0.7884    -0.2230    0.5733
			    -0.8282    0.1786    -0.5313
			    0.9631    -0.2626    -0.0583
			    -0.8317    -0.0813    -0.5492
			    0.1892    -0.0547    -0.9804
			    -0.8051    -0.5931    0.0005
			    0.7515    0.5490    0.3657
			    0.6025    -0.3454    -0.7195
			    -0.2687    0.7611    -0.5904
			    -0.7515    -0.5490    -0.3657
			    -0.6025    0.3454    0.7195
			    0.2687    -0.7611    0.5904
		b:
			    335.2923
			    -348.1577
			    352.9031
			    -382.2293
			    -2.3790
			    -390.4653
			    397.1613
			    148.6351
			    -59.1161
			    -392.1613
			    -139.6351
			    64.1161
	==================================================================================
	Q2:
		Shape: Hybrid
		q_c:    406.0000    114.0000    72.5000
		ub :    414.2380    122.4030    79.0002
		lb :    397.7620    105.5970    65.9998
		P^-1: 
			    0.0325    0.0089    0.0005
			    0.0089    0.0447    -0.0003
			    0.0005    -0.0003    0.0494
		A:
			    0.8454    0.4029    0.3506
			    -0.3467    -0.9376    -0.0264
			    -0.5842    -0.7243    -0.3661
			    -0.9544    0.2907    0.0678
			    -0.1503    0.9268    -0.3442
			    0.2530    0.0791    0.9642
		b:
			    417.3502
			    -247.2735
			    -344.0137
			    -345.7427
			    22.4521
			    183.9446
	==================================================================================
	Q3:
		Shape: Hybrid
		q_c:    401.5000    122.0000    84.5000
		ub :    411.4421    132.2252    94.9780
		lb :    391.5579    111.7748    74.0220
		P^-1: 
			    0.0423    -0.0215    0.0014
			    -0.0215    0.0381    -0.0066
			    0.0014    -0.0066    0.0214
		A:
			    -0.4810    -0.4491    -0.7530
			    0.0344    -0.8857    0.4629
			    0.3976    -0.5888    0.7037
			    0.5795    0.5852    0.5672
			    -0.8860    0.3812    0.2639
			    0.0949    0.0656    -0.9933
		b:
			    -305.6544
			    -51.5207
			    150.5274
			    357.9698
			    -284.1759
			    -32.9265
	==================================================================================
	Q4:
		Shape: Hybrid
		q_c:    411.0000    102.5000    93.5000
		ub :    421.1367    113.2630    102.3386
		lb :    400.8633    91.7370    84.6614
		P^-1: 
			    0.0337    0.0207    -0.0132
			    0.0207    0.0355    -0.0052
			    -0.0132    -0.0052    0.0387
		A:
			    0.5161    -0.5534    -0.6537
			    -0.6520    0.0634    0.7556
			    0.0866    -0.8478    -0.5232
			    -0.6585    -0.7329    0.1709
			    -0.2079    0.1714    0.9630
			    -0.4241    -0.8454    0.3248
		b:
			    98.9644
			    -187.5500
			    -95.8847
			    -327.5926
			    25.3110
			    -227.9053
	==================================================================================
	Q5:
		Shape: Ellipse
		q_c:    395.0000    125.5000    88.5000
		ub :    400.9071    131.0766    94.4595
		lb :    389.0929    119.9234    82.5405
		P^-1: 
			    0.0757    -0.0019    0.0135
			    -0.0019    0.0958    -0.0176
			    0.0135    -0.0176    0.0838
	==================================================================================
	Q6:
		Shape: Ellipse
		q_c:    394.5000    101.5000    89.0000
		ub :    400.0782    107.2840    95.9395
		lb :    388.9218    95.7160    82.0605
		P^-1: 
			    0.0923    -0.0025    -0.0347
			    -0.0025    0.0332    0.0012
			    -0.0347    0.0012    0.0465


===========================================================================================
===========================================================================================
S9:
	q_c:    474.5000    262.5000    347.5000
	ub :    488.0000    270.0000    364.0000
	lb :    461.0000    255.0000    331.0000

	==================================================================================
	Q1:
		Shape: Hybrid
		q_c:    474.5000    261.5000    343.5000
		ub :    478.4478    264.6126    348.2993
		lb :    470.5522    258.3874    338.7007
		P^-1: 
			    0.1135    -0.0241    -0.0045
			    -0.0241    0.2406    -0.0312
			    -0.0045    -0.0312    0.0696
		A:
			    -0.9471    -0.2956    0.1249
			    0.4294    -0.8042    0.4109
			    -0.2152    0.7993    -0.5611
			    -0.7354    0.6448    -0.2084
			    0.1992    -0.9782    0.0580
			    -0.8330    0.1873    0.5206
		b:
			    -481.8000
			    135.9328
			    -84.3826
			    -250.3982
			    -140.3448
			    -165.3046
	==================================================================================
	Q2:
		Shape: Polyhedra
		q_c:    477.5000    259.5000    356.0000
		ub :    483.1803    265.8818    361.9324
		lb :    471.8197    253.1182    350.0676
		A:
			    -0.5728    -0.7865    -0.2310
			    0.3457    -0.0855    -0.9344
			    0.2349    -0.5808    0.7795
			    0.5074    -0.4744    0.7194
			    -0.7195    0.5524    0.4209
			    0.8241    -0.3093    0.4746
			    0.1617    0.4220    0.8921
			    -0.5301    0.7996    -0.2822
			    -0.8324    -0.4272    0.3529
			    -0.1617    -0.4220    -0.8921
			    0.5301    -0.7996    0.2822
			    0.8324    0.4272    -0.3529
		b:
			    -556.0903
			    -185.9140
			    242.8857
			    379.2667
			    -46.5172
			    486.1394
			    508.2749
			    -142.0702
			    -379.1916
			    -500.2749
			    150.0702
			    386.1916
	==================================================================================
	Q3:
		Shape: Polyhedra
		q_c:    480.5000    267.0000    353.5000
		ub :    484.7927    271.4685    357.1782
		lb :    476.2073    262.5315    349.8218
		A:
			    0.0454    0.8891    -0.4554
			    0.8450    -0.3907    -0.3652
			    0.8781    -0.3520    -0.3239
			    -0.2218    -0.2843    0.9327
			    -0.1822    -0.6455    -0.7417
			    0.0796    0.3277    -0.9414
			    0.6415    0.7172    0.2721
			    0.5840    -0.2267    -0.7795
			    -0.4974    0.6589    -0.5643
			    -0.6415    -0.7172    -0.2721
			    -0.5840    0.2267    0.7795
			    0.4974    -0.6589    0.5643
		b:
			    101.2034
			    174.5839
			    215.4819
			    149.4342
			    -519.5715
			    -204.7106
			    598.9246
			    -53.9501
			    -259.5465
			    -592.9246
			    56.9501
			    265.5465
	==================================================================================
	Q4:
		Shape: Polyhedra
		q_c:    469.5000    257.5000    353.5000
		ub :    473.6929    262.5495    357.8864
		lb :    465.3071    252.4505    349.1136
		A:
			    -0.6732    0.1755    0.7183
			    -0.0033    -0.0851    0.9964
			    -0.4551    -0.8499    -0.2655
			    0.7438    -0.3586    -0.5641
			    0.0121    0.2913    -0.9565
			    -0.8698    -0.4643    0.1670
			    0.8244    0.3106    0.4732
			    0.1582    -0.9291    0.3342
			    0.5434    -0.2006    -0.8151
			    -0.8244    -0.3106    -0.4732
			    -0.1582    0.9291    -0.3342
			    -0.5434    0.2006    0.8151
		b:
			    -14.9466
			    331.3830
			    -522.9726
			    59.7105
			    -254.4909
			    -465.9755
			    637.2966
			    -42.8443
			    -82.6886
			    -631.2966
			    50.8443
			    86.6886
	==================================================================================
	Q5:
		Shape: Polyhedra
		q_c:    479.5000    263.5000    351.0000
		ub :    483.8152    268.9378    356.3144
		lb :    475.1848    258.0622    345.6856
		A:
			    0.7683    0.0683    -0.6364
			    -0.7036    -0.5313    0.4720
			    0.1821    -0.0275    -0.9829
			    -0.3942    0.8911    0.2248
			    0.7892    -0.5754    0.2147
			    0.9383    -0.2352    -0.2535
			    0.1726    0.5366    0.8260
			    0.5022    0.6735    -0.5424
			    -0.8474    0.5084    -0.1532
			    -0.1726    -0.5366    -0.8260
			    -0.5022    -0.6735    0.5424
			    0.8474    -0.5084    0.1532
		b:
			    166.0526
			    -308.7079
			    -261.2488
			    127.8149
			    304.6961
			    301.6109
			    518.0645
			    230.8713
			    -323.6377
			    -510.0645
			    -224.8713
			    328.6377
	==================================================================================
	Q6:
		Shape: Hybrid
		q_c:    469.5000    267.0000    346.0000
		ub :    474.2117    271.7530    350.3130
		lb :    464.7883    262.2470    341.6870
		P^-1: 
			    0.1174    0.0051    -0.0216
			    0.0051    0.0883    0.0146
			    -0.0216    0.0146    0.1470
		A:
			    0.6023    0.6669    0.4387
			    -0.0051    0.1457    0.9893
			    0.3883    -0.0535    0.9200
			    -0.2112    0.1850    -0.9598
			    0.2797    0.6156    0.7367
			    0.8782    0.4309    0.2075
		b:
			    614.4078
			    380.1842
			    487.9896
			    -380.1855
			    552.2122
			    600.9234


===========================================================================================
===========================================================================================
S10:
	q_c:    74.5000    253.0000    234.0000
	ub :    103.0000    275.0000    244.0000
	lb :    46.0000    231.0000    224.0000

	==================================================================================
	Q1:
		Shape: Hybrid
		q_c:    83.5000    247.0000    230.5000
		ub :    88.4393    252.0747    234.1814
		lb :    78.5607    241.9253    226.8186
		P^-1: 
			    0.1554    -0.0452    -0.1255
			    -0.0452    0.1569    0.1341
			    -0.1255    0.1341    0.3057
		A:
			    -0.2680    0.7723    0.5759
			    -0.1671    0.6157    0.7701
			    -0.1240    0.2453    0.9615
			    -0.8810    0.4072    -0.2410
			    -0.3631    0.0104    0.9317
			    0.1433    0.3954    0.9073
		b:
			    302.3548
			    316.5742
			    273.1534
			    -25.6611
			    188.3872
			    320.3044
	==================================================================================
	Q2:
		Shape: Hybrid
		q_c:    79.5000    257.5000    233.0000
		ub :    85.1404    263.2709    238.7979
		lb :    73.8596    251.7291    227.2021
		P^-1: 
			    0.1163    -0.0480    -0.0068
			    -0.0480    0.1054    0.0061
			    -0.0068    0.0061    0.0634
		A:
			    0.9375    -0.2657    0.2245
			    -0.2632    -0.6883    0.6760
			    0.4333    0.8211    0.3716
			    -0.1682    0.0378    -0.9850
			    -0.9614    -0.2471    -0.1212
			    -0.8229    0.5670    0.0367
		b:
			    60.1489
			    -37.9537
			    335.1181
			    -230.4165
			    -165.9274
			    90.4222
	==================================================================================
	Q3:
		Shape: Ellipse
		q_c:    87.0000    255.0000    229.0000
		ub :    95.6348    263.1881    237.7937
		lb :    78.3652    246.8119    220.2063
		P^-1: 
			    0.0521    0.0265    0.0043
			    0.0265    0.0565    0.0047
			    0.0043    0.0047    0.0285
	==================================================================================
	Q4:
		Shape: Hybrid
		q_c:    66.5000    253.0000    228.0000
		ub :    71.8204    260.4941    235.6718
		lb :    61.1796    245.5059    220.3282
		P^-1: 
			    0.1012    -0.0015    -0.0217
			    -0.0015    0.0441    0.0193
			    -0.0217    0.0193    0.0561
		A:
			    0.6266    -0.3928    -0.6731
			    -0.2330    -0.2311    -0.9446
			    -0.4483    0.6942    0.5631
			    -0.9011    0.2593    0.3475
			    -0.1316    0.7501    0.6481
			    0.5877    0.7562    0.2877
		b:
			    -209.4416
			    -286.3342
			    276.3754
			    86.4829
			    331.1540
			    298.6023
