3D_30_25_6_f                l = 3

===========================================================================================
===========================================================================================
S1:
	q_c:	366.5	490.5	434.0
	ub :	370.4528	508.0062	451.6986
	lb :	353.5479	474.0732	415.7472

	==================================================================================
	Q1:
		Shape: Polyhedra
		q_c:	363.0	494.0	422.0
		ub :	368.549	500.5222	428.2528
		lb :	357.451	487.4778	415.7472
		A:
			0.9416	-0.2482	-0.2276
			-0.9449	-0.3259	0.0299
			0.7674	0.4908	-0.4125
			0.9856	0.1691	-0.0003
			0.1794	0.7694	0.6131
			-0.961	0.0998	-0.258
			0.7802	0.0608	0.6225
			-0.6255	0.0749	0.7766
			0.0006	-0.9953	0.0965
			-0.7802	-0.0608	-0.6225
			0.6255	-0.0749	-0.7766
			-0.0006	0.9953	-0.0965
		b:
			127.4142
			-487.2002
			351.8168
			445.153
			708.9742
			-404.6506
			579.481
			142.1982
			-444.7483
			-572.481
			-133.1982
			456.7483
	==================================================================================
	Q2:
		Shape: Hybrid
		q_c:	364.5	486.5	425.5
		ub :	367.7887	491.8436	431.01
		lb :	361.2113	481.1564	419.99
		P^-1:
			0.3866	-0.0833	0.1086
			-0.0833	0.0839	-0.0279
			0.1086	-0.0279	0.0989
		A:
			-0.4762	0.7301	-0.4901
			0.4872	-0.066	0.8708
			-0.5765	-0.2269	-0.7849
			-0.9261	-0.3772	-0.0073
			0.9092	-0.301	0.2878
			-0.7991	-0.0344	-0.6002
		b:
			-24.8229
			518.1731
			-652.2817
			-522.1208
			308.1594
			-562.0369
	==================================================================================
	Q3:
		Shape: Ellipse
		q_c:	361.5	499.0	443.0
		ub :	369.4521	508.0062	451.6986
		lb :	353.5479	489.9938	434.3014
		P^-1:
			0.0206	0.001	0.0007
			0.001	0.0297	-0.0027
			0.0007	-0.0027	0.0309
	==================================================================================
	Q4:
		Shape: Ellipse
		q_c:	364.5	482.5	439.5
		ub :	369.8117	490.9268	448.7932
		lb :	359.1883	474.0732	430.2068
		P^-1:
			0.6119	0.4475	0.1712
			0.4475	0.3586	0.1305
			0.1712	0.1305	0.0677
	==================================================================================
	Q5:
		Shape: Ellipse
		q_c:	366.0	499.0	436.0
		ub :	370.4528	503.8656	439.0968
		lb :	361.5472	494.1344	432.9032
		P^-1:
			0.1899	0.0824	-0.0953
			0.0824	0.1204	-0.0938
			-0.0953	-0.0938	0.3566
	==================================================================================
	Q6:
		Shape: Polyhedra
		q_c:	362.5	481.5	444.5
		ub :	369.6563	488.5439	449.6957
		lb :	355.3437	474.4561	439.3043
		A:
			0.1335	-0.9034	0.4074
			0.5031	-0.1557	0.8501
			0.294	0.3012	-0.9071
			-0.9716	-0.1992	-0.1275
			-0.9053	0.1896	-0.3801
			0.742	0.3337	-0.5815
			0.5993	0.797	0.0748
			-0.0972	0.1652	-0.9815
			-0.7946	0.5809	0.1765
			-0.5993	-0.797	-0.0748
			0.0972	-0.1652	0.9815
			0.7946	-0.5809	-0.1765
		b:
			-200.9767
			489.4538
			-147.526
			-500.1481
			-400.8835
			175.5768
			638.2681
			-387.9413
			75.605
			-630.2681
			395.9413
			-64.605


===========================================================================================
===========================================================================================
S2:
	q_c:	105.0	364.5	415.5
	ub :	126.8044	385.9969	440.5611
	lb :	80.5402	346.0565	396.9059

	==================================================================================
	Q1:
		Shape: Polyhedra
		q_c:	100.5	367.0	428.0
		ub :	108.2899	375.4387	435.4267
		lb :	92.7101	358.5613	420.5733
		A:
			-0.7446	0.0612	0.6647
			-0.6331	-0.1302	0.763
			-0.6924	0.5803	0.4287
			0.4233	-0.4525	-0.7849
			-0.4177	0.1722	0.8921
			0.2383	0.5972	-0.7658
			0.213	0.9413	0.2618
			0.6379	0.069	-0.7671
			-0.7401	0.3304	-0.5857
			-0.213	-0.9413	-0.2618
			-0.6379	-0.069	0.7671
			0.7401	-0.3304	0.5857
		b:
			234.881
			217.7136
			331.6804
			-455.3576
			406.3128
			-80.1228
			485.4333
			-236.3627
			-197.3156
			-472.4333
			241.3627
			210.3156
	==================================================================================
	Q2:
		Shape: Polyhedra
		q_c:	96.5	378.0	412.5
		ub :	105.1886	383.7063	420.2649
		lb :	87.8114	372.2937	404.7351
		A:
			-0.6844	0.5367	0.4935
			-0.6069	0.7415	0.2861
			0.3732	-0.7601	-0.5319
			0.5912	-0.7201	-0.3633
			-0.4852	0.8739	0.0277
			0.7589	-0.3644	-0.5398
			0.901	0.3137	0.2996
			-0.2139	-0.2797	0.936
			0.3775	-0.9074	-0.1849
			-0.901	-0.3137	-0.2996
			0.2139	0.2797	-0.936
			-0.3775	0.9074	0.1849
		b:
			344.1603
			342.5068
			-467.9672
			-362.1939
			297.3105
			-282.575
			336.6406
			265.2126
			-380.8424
			-321.6406
			-254.2126
			384.8424
	==================================================================================
	Q3:
		Shape: Ellipse
		q_c:	107.0	358.5	404.0
		ub :	116.2274	367.8586	411.0941
		lb :	97.7726	349.1414	396.9059
		P^-1:
			0.0282	0.0073	-0.0002
			0.0073	0.0354	0.0001
			-0.0002	0.0001	0.04
	==================================================================================
	Q4:
		Shape: Polyhedra
		q_c:	112.0	364.0	410.5
		ub :	122.7835	373.3223	421.2118
		lb :	101.2165	354.6777	399.7882
		A:
			0.735	-0.4798	-0.4791
			-0.2248	0.7888	-0.572
			0.1221	0.8067	-0.5782
			0.4837	-0.1582	0.8609
			0.8935	0.2461	-0.3755
			0.2096	-0.5294	0.822
			0.8443	0.343	0.4118
			0.5199	-0.3379	-0.7846
			-0.13	0.8765	-0.4636
			-0.8443	-0.343	-0.4118
			-0.5199	0.3379	0.7846
			0.13	-0.8765	0.4636
		b:
			-282.5059
			32.236
			75.1359
			356.8322
			42.6936
			173.8207
			396.4412
			-380.3133
			119.1891
			-380.4412
			393.3133
			-109.1891
	==================================================================================
	Q5:
		Shape: Hybrid
		q_c:	119.0	355.5	410.5
		ub :	126.8044	364.9435	420.4542
		lb :	111.1956	346.0565	400.5458
		P^-1:
			0.0445	-0.0126	0.0166
			-0.0126	0.0321	-0.0053
			0.0166	-0.0053	0.0341
		A:
			0.7566	-0.3435	-0.5564
			-0.2509	-0.9608	0.1182
			-0.345	0.448	-0.8248
			0.9358	-0.1025	-0.3374
			0.8694	-0.2253	-0.4397
			-0.633	0.3617	0.6845
		b:
			-256.2676
			-318.5716
			-217.4799
			-59.4631
			-152.9842
			338.6272
	==================================================================================
	Q6:
		Shape: Ellipse
		q_c:	89.0	375.5	429.0
		ub :	97.4598	385.9969	440.5611
		lb :	80.5402	365.0031	417.4389
		P^-1:
			0.0365	0.007	-0.0013
			0.007	0.0259	0.0037
			-0.0013	0.0037	0.0112


===========================================================================================
===========================================================================================
S3:
	q_c:	170.5	218.0	106.0
	ub :	183.777	225.8376	117.1605
	lb :	160.5791	204.6863	98.076

	==================================================================================
	Q1:
		Shape: Ellipse
		q_c:	164.0	220.0	106.0
		ub :	167.4209	223.7668	109.2502
		lb :	160.5791	216.2332	102.7498
		P^-1:
			0.2221	-0.0326	-0.0258
			-0.0326	0.2118	-0.0302
			-0.0258	-0.0302	0.2261
	==================================================================================
	Q2:
		Shape: Ellipse
		q_c:	168.0	216.5	104.0
		ub :	173.2675	222.2272	107.8248
		lb :	162.7325	210.7728	100.1752
		P^-1:
			0.3389	0.0327	-0.4229
			0.0327	0.0645	-0.0214
			-0.4229	-0.0214	0.7276
	==================================================================================
	Q3:
		Shape: Hybrid
		q_c:	165.5	222.5	101.5
		ub :	169.2229	225.8376	104.924
		lb :	161.7771	219.1624	98.076
		P^-1:
			0.0822	-0.0029	0.0063
			-0.0029	0.2068	0.0452
			0.0063	0.0452	0.2026
		A:
			-0.3768	-0.1576	-0.9128
			-0.2056	0.9776	0.0455
			-0.3135	0.9425	0.1161
			0.575	0.7868	0.2244
			0.5591	0.8016	0.2116
			-0.2716	-0.9618	-0.0357
		b:
			-188.7073
			189.3796
			170.9277
			294.6747
			294.0309
			-261.1738
	==================================================================================
	Q4:
		Shape: Ellipse
		q_c:	173.5	215.5	110.0
		ub :	177.4667	219.7329	114.1522
		lb :	169.5333	211.2671	105.8478
		P^-1:
			0.1423	-0.0019	-0.0236
			-0.0019	0.0628	-0.0033
			-0.0236	-0.0033	0.1285
	==================================================================================
	Q5:
		Shape: Hybrid
		q_c:	167.0	214.0	112.0
		ub :	171.5842	219.5639	117.1605
		lb :	162.4158	208.4361	106.8395
		P^-1:
			0.271	0.0342	0.1871
			0.0342	0.0681	0.0306
			0.1871	0.0306	0.2304
		A:
			-0.6592	0.1081	-0.7442
			-0.0455	-0.2552	-0.9658
			-0.3322	-0.256	0.9078
			-0.9056	-0.1224	-0.4061
			-0.6924	-0.061	-0.7189
			0.3204	-0.8015	0.505
		b:
			-169.2809
			-168.11
			-5.5405
			-221.781
			-208.4167
			-58.6157
	==================================================================================
	Q6:
		Shape: Hybrid
		q_c:	177.0	212.0	109.0
		ub :	183.777	219.3137	114.1664
		lb :	170.223	204.6863	103.8336
		P^-1:
			0.0443	0.0046	0.0011
			0.0046	0.0457	-0.0032
			0.0011	-0.0032	0.0619
		A:
			-0.1064	-0.9263	0.3615
			0.2673	-0.8751	-0.4034
			0.1546	0.9635	0.2184
			0.552	-0.0659	0.8313
			-0.0911	0.7536	0.651
			-0.4129	-0.1367	0.9005
		b:
			-173.3029
			-179.3566
			258.1056
			176.5496
			217.199
			-1.7353


===========================================================================================
===========================================================================================
S4:
	q_c:	457.0	150.5	523.5
	ub :	465.4431	159.6112	531.635
	lb :	451.257	145.2644	518.4876

	==================================================================================
	Q1:
		Shape: Polyhedra
		q_c:	455.0	149.0	525.0
		ub :	457.8969	151.9318	526.9759
		lb :	452.1031	146.0682	523.0241
		A:
			0.5502	0.2546	0.7953
			0.8773	0.4437	0.1832
			0.9642	-0.171	0.2027
			-0.3701	-0.9282	0.0391
			0.3164	-0.2413	0.9174
			0.0222	-0.949	-0.3144
			0.6232	0.5694	0.5361
			0.6387	-0.7661	0.0712
			0.4513	0.298	-0.8411
			-0.6232	-0.5694	-0.5361
			-0.6387	0.7661	-0.0712
			-0.4513	-0.298	0.8411
		b:
			706.9743
			562.6379
			521.658
			-284.5893
			591.2745
			-294.4033
			650.8511
			216.3577
			-190.358
			-648.8511
			-211.3577
			193.358
	==================================================================================
	Q2:
		Shape: Ellipse
		q_c:	454.5	156.0	521.5
		ub :	457.743	159.6112	524.5124
		lb :	451.257	152.3888	518.4876
		P^-1:
			0.549	0.1889	-0.3738
			0.1889	0.2518	-0.1816
			-0.3738	-0.1816	0.5192
	==================================================================================
	Q3:
		Shape: Ellipse
		q_c:	462.0	148.5	528.5
		ub :	465.4431	150.7758	531.635
		lb :	458.5569	146.2242	525.365
		P^-1:
			0.3783	0.1568	0.368
			0.1568	0.3648	0.2199
			0.368	0.2199	0.618
	==================================================================================
	Q4:
		Shape: Ellipse
		q_c:	455.0	152.5	524.5
		ub :	456.6131	153.9162	525.8122
		lb :	453.3869	151.0838	523.1878
		P^-1:
			1.0	0.0	0.0
			0.0	1.0	-0.0
			0.0	-0.0	1.0
	==================================================================================
	Q5:
		Shape: Hybrid
		q_c:	456.0	151.5	523.0
		ub :	458.8544	155.0921	526.4269
		lb :	453.1456	147.9079	519.5731
		P^-1:
			0.25	-0.0006	0.0013
			-0.0006	0.235	0.0335
			0.0013	0.0335	0.175
		A:
			0.4203	0.4406	0.7932
			-0.6465	0.5865	-0.488
			0.1443	0.9738	-0.1756
			0.4009	-0.9023	0.1585
			-0.7888	0.604	-0.1142
			0.8271	0.0233	0.5616
		b:
			674.4383
			-459.9111
			122.6531
			130.1215
			-326.8529
			675.541
	==================================================================================
	Q6:
		Shape: Polyhedra
		q_c:	459.5	148.0	526.5
		ub :	463.1024	150.7356	530.009
		lb :	455.8976	145.2644	522.991
		A:
			-0.7237	0.5892	-0.3594
			-0.893	0.351	-0.2815
			0.606	0.3947	0.6906
			-0.7643	-0.247	-0.5956
			-0.1059	-0.9924	-0.0627
			-0.8899	0.0269	-0.4553
			0.4458	0.6046	0.66
			-0.5614	0.7632	-0.3199
			-0.6971	-0.228	0.6797
			-0.4458	-0.6046	-0.66
			0.5614	-0.7632	0.3199
			0.6971	0.228	-0.6797
		b:
			-433.0305
			-504.8791
			701.9924
			-699.7955
			-226.9052
			-642.9729
			643.3638
			-311.9372
			6.8027
			-640.3638
			314.9372
			-0.8027


===========================================================================================
===========================================================================================
S5:
	q_c:	125.0	187.0	170.0
	ub :	138.1584	197.7453	185.0471
	lb :	108.7118	172.9165	150.7423

	==================================================================================
	Q1:
		Shape: Ellipse
		q_c:	129.5	190.5	158.5
		ub :	135.1203	197.7453	166.2577
		lb :	123.8797	183.2547	150.7423
		P^-1:
			0.0492	0.001	-0.0011
			0.001	0.0417	0.0081
			-0.0011	0.0081	0.0409
	==================================================================================
	Q2:
		Shape: Ellipse
		q_c:	116.5	181.0	177.5
		ub :	122.2957	189.0835	185.0471
		lb :	110.7043	172.9165	169.9529
		P^-1:
			0.0761	-0.0145	0.0008
			-0.0145	0.043	-0.0038
			0.0008	-0.0038	0.0356
	==================================================================================
	Q3:
		Shape: Polyhedra
		q_c:	115.0	188.0	176.0
		ub :	121.2882	193.7945	181.8661
		lb :	108.7118	182.2055	170.1339
		A:
			-0.9727	-0.127	0.1944
			-0.4395	0.7272	-0.5273
			-0.1479	0.9883	0.0374
			0.2793	0.4444	-0.8512
			-0.3793	-0.0545	-0.9237
			-0.0888	-0.6283	-0.7729
			0.5568	0.6691	0.4923
			-0.5453	0.7415	-0.391
			-0.6266	-0.0508	0.7777
			-0.5568	-0.6691	-0.4923
			0.5453	-0.7415	0.391
			0.6266	0.0508	-0.7777
		b:
			-98.073
			-2.6527
			179.3585
			-30.8501
			-212.6349
			-260.5993
			280.458
			11.8687
			58.2634
			-272.458
			-3.8687
			-52.2634
	==================================================================================
	Q4:
		Shape: Polyhedra
		q_c:	132.5	182.0	165.0
		ub :	138.1584	186.066	170.3481
		lb :	126.8416	177.934	159.6519
		A:
			-0.3592	0.4606	0.8117
			0.2111	-0.5489	0.8088
			-0.1628	0.9236	0.3471
			-0.8544	0.392	-0.3411
			0.6658	0.6512	0.3642
			0.263	-0.933	-0.2455
			0.616	0.3128	0.7229
			-0.6625	-0.2906	0.6903
			0.4261	-0.9042	0.0282
			-0.616	-0.3128	-0.7229
			0.6625	0.2906	-0.6903
			-0.4261	0.9042	-0.0282
		b:
			173.5487
			64.7478
			206.1769
			-95.2986
			270.3032
			-173.2716
			261.3447
			-22.7757
			-101.4622
			-254.3447
			30.7757
			105.4622
	==================================================================================
	Q5:
		Shape: Hybrid
		q_c:	125.0	184.5	172.0
		ub :	132.1441	191.5175	179.6653
		lb :	117.8559	177.4825	164.3347
		P^-1:
			0.0431	-0.0105	-0.0137
			-0.0105	0.0689	-0.0166
			-0.0137	-0.0166	0.0599
		A:
			0.9862	-0.048	-0.1585
			-0.4484	-0.8797	0.1584
			0.0721	-0.9858	-0.1516
			0.2936	-0.9059	-0.3051
			-0.73	0.6795	0.0731
			0.1326	0.1752	-0.9756
		b:
			90.3194
			-188.2748
			-196.4728
			-180.5669
			48.9596
			-116.5996
	==================================================================================
	Q6:
		Shape: Polyhedra
		q_c:	129.5	184.0	170.0
		ub :	134.7976	188.7973	176.5246
		lb :	124.2024	179.2027	163.4754
		A:
			0.5673	0.0411	0.8225
			0.2368	0.4774	0.8462
			0.8743	0.4789	0.0789
			-0.7714	-0.4479	-0.4521
			-0.5896	0.8008	-0.1057
			-0.8167	-0.3866	-0.4285
			0.0412	0.8985	0.4371
			0.5993	0.3278	-0.7303
			-0.7995	0.292	-0.5249
			-0.0412	-0.8985	-0.4371
			-0.5993	-0.3278	0.7303
			0.7995	-0.292	0.5249
		b:
			223.3723
			265.3147
			218.884
			-256.4429
			55.2391
			-246.9685
			247.4617
			19.7768
			-137.0332
			-242.4617
			-7.7768
			141.0332


===========================================================================================
===========================================================================================
S6:
	q_c:	133.0	105.5	411.5
	ub :	152.6005	121.5425	428.2654
	lb :	120.1313	84.1136	400.1639

	==================================================================================
	Q1:
		Shape: Polyhedra
		q_c:	126.5	115.0	417.5
		ub :	132.8687	121.5425	422.4654
		lb :	120.1313	108.4575	412.5346
		A:
			0.2188	0.3363	0.916
			-0.9503	-0.1137	0.2897
			-0.3412	0.5763	0.7426
			-0.7498	0.2648	0.6064
			-0.0423	-0.4004	-0.9153
			0.5712	0.5779	0.583
			0.1426	0.5324	0.8344
			0.681	0.559	-0.473
			-0.7183	0.6357	-0.2828
			-0.1426	-0.5324	-0.8344
			-0.681	-0.559	0.473
			0.7183	-0.6357	0.2828
		b:
			451.5121
			-8.5235
			336.4793
			192.6138
			-431.0519
			384.8364
			430.1318
			-44.5612
			-129.8301
			-425.1318
			49.5612
			141.8301
	==================================================================================
	Q2:
		Shape: Hybrid
		q_c:	137.0	92.0	421.5
		ub :	142.8899	99.8864	428.2654
		lb :	131.1101	84.1136	414.7346
		P^-1:
			0.086	-0.0355	-0.0143
			-0.0355	0.0529	0.0007
			-0.0143	0.0007	0.0494
		A:
			0.7108	-0.7028	-0.0267
			0.7905	-0.2284	-0.5682
			0.9577	-0.237	0.1631
			0.5158	-0.425	-0.7439
			-0.6327	0.7743	-0.0095
			0.2775	0.7739	-0.5692
		b:
			23.1558
			-150.3494
			180.3556
			-279.6617
			-17.5429
			-127.2011
	==================================================================================
	Q3:
		Shape: Hybrid
		q_c:	130.0	95.0	421.0
		ub :	135.8174	101.5287	427.3511
		lb :	124.1826	88.4713	414.6489
		P^-1:
			0.0755	-0.0055	-0.008
			-0.0055	0.0635	0.0076
			-0.008	0.0076	0.0545
		A:
			0.0489	0.9833	-0.1755
			-0.3413	0.2282	-0.9118
			-0.2947	0.949	-0.1121
			0.162	-0.4292	-0.8885
			-0.2702	-0.895	0.3549
			0.1343	0.929	-0.3449
		b:
			28.2641
			-403.8464
			6.8901
			-391.5524
			31.7083
			-37.0328
	==================================================================================
	Q4:
		Shape: Polyhedra
		q_c:	144.5	111.5	416.5
		ub :	152.6005	119.7032	423.3316
		lb :	136.3995	103.2968	409.6684
		A:
			0.3234	-0.8312	0.4522
			-0.6862	0.5646	-0.4586
			-0.4408	-0.6683	-0.5993
			0.3058	-0.7187	0.6245
			-0.2014	0.791	0.5777
			0.446	-0.8637	0.2349
			0.4508	0.8481	0.2784
			0.8132	-0.2617	-0.5198
			-0.3679	0.4608	-0.8077
			-0.4508	-0.8481	-0.2784
			-0.8132	0.2617	0.5198
			0.3679	-0.4608	0.8077
		b:
			146.4321
			-223.6725
			-381.6216
			227.6468
			305.5886
			70.4294
			282.1706
			-123.1437
			-335.1858
			-269.1706
			133.1437
			341.1858
	==================================================================================
	Q5:
		Shape: Hybrid
		q_c:	138.0	108.5	408.5
		ub :	144.3931	116.3627	416.8361
		lb :	131.6069	100.6373	400.1639
		P^-1:
			0.0821	-0.0785	-0.0544
			-0.0785	0.1392	0.0819
			-0.0544	0.0819	0.0769
		A:
			-0.1621	-0.3176	-0.9343
			0.6185	-0.7336	-0.2817
			0.6854	-0.6996	-0.202
			0.4546	-0.849	-0.2694
			-0.7572	0.4793	0.4437
			0.028	-0.9627	0.2692
		b:
			-434.0971
			-107.7828
			-61.9174
			-137.7809
			130.6145
			14.1287
	==================================================================================
	Q6:
		Shape: Hybrid
		q_c:	139.5	112.5	418.5
		ub :	145.7696	117.6955	424.7794
		lb :	133.2304	107.3045	412.2206
		P^-1:
			0.1003	0.0401	0.0339
			0.0401	0.1026	0.027
			0.0339	0.027	0.0596
		A:
			0.3823	0.8346	0.3965
			0.1802	0.9625	-0.2027
			0.5837	0.7804	0.2244
			-0.2646	-0.5992	-0.7557
			0.8205	-0.2327	0.5221
			-0.2249	-0.5078	-0.8316
		b:
			314.6436
			50.961
			264.5159
			-418.4785
			309.0858
			-434.1797


===========================================================================================
===========================================================================================
S7:
	q_c:	248.0	259.0	252.5
	ub :	264.7013	280.9483	274.652
	lb :	223.1084	242.1516	234.3819

	==================================================================================
	Q1:
		Shape: Ellipse
		q_c:	232.5	270.5	246.0
		ub :	241.8916	280.9483	254.3517
		lb :	223.1084	260.0517	237.6483
		P^-1:
			0.0294	0.0063	-0.0015
			0.0063	0.022	0.0026
			-0.0015	0.0026	0.0324
	==================================================================================
	Q2:
		Shape: Ellipse
		q_c:	254.5	255.0	259.0
		ub :	264.7013	265.535	269.7743
		lb :	244.2987	244.465	248.2257
		P^-1:
			0.0274	0.0029	0.0053
			0.0029	0.023	0.0005
			0.0053	0.0005	0.0267
	==================================================================================
	Q3:
		Shape: Polyhedra
		q_c:	250.0	246.5	243.0
		ub :	253.582	250.8484	251.6181
		lb :	246.418	242.1516	234.3819
		A:
			0.3809	-0.9178	-0.1122
			-0.4297	-0.4881	0.7597
			0.3083	0.9279	0.2097
			0.6814	0.5421	-0.4918
			-0.5705	0.7276	-0.381
			0.9095	-0.2688	0.3172
			0.124	0.2354	0.964
			0.9913	0.0144	-0.131
			-0.0447	0.9718	-0.2315
			-0.124	-0.2354	-0.964
			-0.9913	-0.0144	0.131
			0.0447	-0.9718	0.2315
		b:
			-155.0047
			-38.1623
			361.0476
			187.6711
			-52.6391
			241.8751
			331.2586
			222.0322
			174.6068
			-315.2586
			-217.0322
			-169.6068
	==================================================================================
	Q4:
		Shape: Ellipse
		q_c:	244.0	259.0	251.0
		ub :	251.8458	266.5879	259.24
		lb :	236.1542	251.4121	242.76
		P^-1:
			0.0516	0.0031	-0.0127
			0.0031	0.0365	0.002
			-0.0127	0.002	0.0474
	==================================================================================
	Q5:
		Shape: Polyhedra
		q_c:	254.0	261.0	253.5
		ub :	264.1583	270.1964	262.0105
		lb :	243.8417	251.8036	244.9895
		A:
			-0.8488	-0.5077	-0.1475
			-0.1208	-0.1727	-0.9775
			-0.7389	0.521	-0.4274
			-0.9859	0.1429	0.087
			-0.5605	0.5962	-0.5749
			0.7887	-0.2092	-0.5781
			0.3551	0.0391	0.934
			-0.825	-0.4568	0.3328
			0.4397	-0.8887	-0.13
			-0.3551	-0.0391	-0.934
			0.825	0.4568	-0.3328
			-0.4397	0.8887	0.13
		b:
			-379.4815
			-317.5202
			-153.4936
			-184.7317
			-125.9716
			5.5515
			343.1665
			-238.4248
			-146.2139
			-331.1665
			250.4248
			160.2139
	==================================================================================
	Q6:
		Shape: Ellipse
		q_c:	252.0	270.0	266.5
		ub :	256.709	278.7746	274.652
		lb :	247.291	261.2254	258.348
		P^-1:
			0.1908	0.0416	0.0849
			0.0416	0.0378	0.0325
			0.0849	0.0325	0.0818


===========================================================================================
===========================================================================================
S8:
	q_c:	110.5	424.0	290.0
	ub :	123.9177	437.3736	298.5743
	lb :	100.0723	409.7652	281.6153

	==================================================================================
	Q1:
		Shape: Ellipse
		q_c:	109.5	431.5	291.0
		ub :	115.5889	437.1798	296.1547
		lb :	103.4111	425.8202	285.8453
		P^-1:
			0.1156	0.0533	0.0714
			0.0533	0.1154	0.0677
			0.0714	0.0677	0.1309
	==================================================================================
	Q2:
		Shape: Polyhedra
		q_c:	110.0	420.5	290.5
		ub :	115.7692	423.2936	296.3498
		lb :	104.2308	417.7064	284.6502
		A:
			0.211	-0.8778	-0.4302
			-0.9162	-0.3698	-0.1543
			-0.59	-0.787	-0.1806
			0.9787	0.1541	0.1356
			0.6375	0.7684	-0.0558
			0.3313	0.9238	0.1919
			0.2102	0.9649	0.1571
			0.7464	-0.0546	-0.6633
			-0.6315	0.2567	-0.7317
			-0.2102	-0.9649	-0.1571
			-0.7464	0.0546	0.6633
			0.6315	-0.2567	0.7317
		b:
			-468.687
			-297.6744
			-446.1134
			215.6563
			379.2551
			482.2353
			476.0306
			-130.0394
			-169.5645
			-473.0306
			137.0394
			178.5645
	==================================================================================
	Q3:
		Shape: Polyhedra
		q_c:	118.0	424.5	294.0
		ub :	122.3315	428.6903	298.5743
		lb :	113.6685	420.3097	289.4257
		A:
			-0.6361	-0.5849	-0.5032
			-0.13	-0.9657	0.2247
			0.971	0.2306	-0.0638
			-0.4256	-0.1521	0.8921
			0.6342	0.7519	0.1803
			0.3886	-0.1863	0.9024
			0.6564	0.258	0.7089
			0.132	-0.9645	0.2287
			0.7428	-0.0565	-0.6671
			-0.6564	-0.258	-0.7089
			-0.132	0.9645	-0.2287
			-0.7428	0.0565	0.6671
		b:
			-468.6427
			-355.7525
			196.5035
			150.4936
			449.945
			234.8528
			397.9003
			-323.0999
			-129.4814
			-392.9003
			330.0999
			135.4814
	==================================================================================
	Q4:
		Shape: Hybrid
		q_c:	106.0	415.5	286.5
		ub :	111.9277	421.2348	291.3396
		lb :	100.0723	409.7652	281.6604
		P^-1:
			0.0816	0.0	0.0
			0.0	0.0816	-0.0
			0.0	-0.0	0.0816
		A:
			-0.3681	0.8444	0.3892
			0.7303	-0.1937	0.6551
			0.8052	0.5101	0.3025
			-0.3663	0.8299	0.4209
			-0.6019	-0.7924	-0.0988
			-0.5262	0.0571	-0.8484
		b:
			425.0933
			186.3784
			385.7043
			428.3067
			-419.6068
			-273.3636
	==================================================================================
	Q5:
		Shape: Ellipse
		q_c:	118.5	431.0	291.0
		ub :	123.9177	436.2553	296.348
		lb :	113.0823	425.7447	285.652
		P^-1:
			0.0618	-0.0475	0.043
			-0.0475	0.1542	-0.0824
			0.043	-0.0824	0.1365
	==================================================================================
	Q6:
		Shape: Ellipse
		q_c:	116.5	431.5	287.5
		ub :	122.9325	437.3736	293.3847
		lb :	110.0675	425.6264	281.6153
		P^-1:
			0.059	0.0204	0.0092
			0.0204	0.0927	0.0196
			0.0092	0.0196	0.0582


===========================================================================================
===========================================================================================
S9:
	q_c:	180.0	423.0	342.5
	ub :	204.0774	448.1027	367.7094
	lb :	162.3308	399.3399	320.3113

	==================================================================================
	Q1:
		Shape: Polyhedra
		q_c:	186.5	427.5	335.5
		ub :	198.505	439.7126	339.1736
		lb :	174.495	415.2874	331.8264
		A:
			-0.055	-0.1209	-0.9911
			-0.0839	0.8586	0.5058
			-0.0584	-0.6289	0.7753
			0.1725	0.3064	-0.9361
			0.9391	0.2538	-0.2315
			-0.6	-0.5367	-0.5932
			0.7252	0.6831	0.0866
			0.6885	-0.7169	-0.1099
			-0.013	0.1393	-0.9902
			-0.7252	-0.6831	-0.0866
			-0.6885	0.7169	0.1099
			0.013	-0.1393	0.9902
		b:
			-391.577
			529.2467
			-14.9804
			-148.184
			213.7923
			-533.8899
			463.8242
			-205.4477
			-273.0718
			-448.8242
			224.4477
			277.0718
	==================================================================================
	Q2:
		Shape: Polyhedra
		q_c:	192.0	411.5	352.0
		ub :	204.0774	423.3273	360.2996
		lb :	179.9226	399.6727	343.7004
		A:
			0.3928	0.0919	0.915
			-0.3605	-0.5824	-0.7286
			0.3493	-0.3651	-0.8629
			0.1069	0.7051	-0.701
			-0.592	0.6321	0.5
			0.9007	-0.3979	0.1745
			0.3928	0.083	0.9159
			-0.2811	0.9591	0.0336
			-0.8756	-0.2707	0.4001
			-0.3928	-0.083	-0.9159
			0.2811	-0.9591	-0.0336
			0.8756	0.2707	-0.4001
		b:
			440.3334
			-558.887
			-379.549
			71.9881
			331.3593
			78.9144
			436.9677
			362.0245
			-130.1745
			-426.9677
			-343.0245
			147.1745
	==================================================================================
	Q3:
		Shape: Polyhedra
		q_c:	175.5	415.0	333.0
		ub :	188.6692	428.9635	345.6887
		lb :	162.3308	401.0365	320.3113
		A:
			0.1518	0.5588	0.8153
			-0.1451	-0.5225	-0.8402
			0.8644	0.0029	0.5028
			-0.6378	0.3415	-0.6903
			0.0713	-0.745	-0.6632
			0.2231	0.9418	0.2516
			0.6821	0.4181	0.5999
			-0.6882	0.6443	0.3335
			-0.2471	-0.6403	0.7273
			-0.6821	-0.4181	-0.5999
			0.6882	-0.6443	-0.3335
			0.2471	0.6403	-0.7273
		b:
			537.7137
			-514.43
			327.6179
			-192.5341
			-508.8733
			521.6487
			499.4947
			267.664
			-59.431
			-486.4947
			-247.664
			74.431
	==================================================================================
	Q4:
		Shape: Polyhedra
		q_c:	173.0	435.0	335.0
		ub :	183.6522	445.8848	344.7521
		lb :	162.3478	424.1152	325.2479
		A:
			-0.569	-0.3702	0.7343
			-0.9414	-0.1158	-0.317
			0.7768	-0.3244	-0.5398
			-0.9584	-0.1832	-0.2187
			-0.8794	-0.3345	-0.3386
			0.5579	-0.2169	-0.801
			0.3209	0.915	0.2448
			0.5966	0.0055	-0.8025
			-0.7356	0.4035	-0.5441
			-0.3209	-0.915	-0.2448
			-0.5966	-0.0055	0.8025
			0.7356	-0.4035	0.5441
		b:
			-7.8448
			-312.3349
			-182.0929
			-311.6753
			-403.4456
			-260.9326
			544.5076
			-158.2594
			-127.5035
			-526.5076
			168.2594
			140.5035
	==================================================================================
	Q5:
		Shape: Ellipse
		q_c:	190.5	436.0	352.5
		ub :	201.5337	448.1027	364.1292
		lb :	179.4663	423.8973	340.8708
		P^-1:
			0.0269	0.0041	0.0072
			0.0041	0.0171	0.0027
			0.0072	0.0027	0.0203
	==================================================================================
	Q6:
		Shape: Ellipse
		q_c:	187.5	408.0	356.5
		ub :	199.173	416.6601	367.7094
		lb :	175.827	399.3399	345.2906
		P^-1:
			0.0263	0.0015	-0.0134
			0.0015	0.0291	-0.0046
			-0.0134	-0.0046	0.0235


===========================================================================================
===========================================================================================
S10:
	q_c:	386.0	255.5	231.5
	ub :	398.8168	270.1523	239.4271
	lb :	374.8077	241.4738	217.9154

	==================================================================================
	Q1:
		Shape: Ellipse
		q_c:	381.0	248.5	235.5
		ub :	387.1923	253.9553	239.4271
		lb :	374.8077	243.0447	231.5729
		P^-1:
			0.0535	0.0278	-0.003
			0.0278	0.0977	0.0015
			-0.003	0.0015	0.111
	==================================================================================
	Q2:
		Shape: Polyhedra
		q_c:	380.5	253.5	223.0
		ub :	382.9782	258.6217	228.0846
		lb :	378.0218	248.3783	217.9154
		A:
			0.3397	0.9356	-0.096
			-0.8635	0.0665	-0.4999
			-0.5667	0.6212	-0.5412
			0.7864	-0.6165	-0.0398
			0.9263	0.2688	-0.264
			0.9357	-0.3498	-0.0458
			0.0189	0.7175	0.6963
			-0.9923	0.0985	-0.0745
			-0.1221	-0.6896	0.7139
			-0.0189	-0.7175	-0.6963
			0.9923	-0.0985	0.0745
			0.1221	0.6896	-0.7139
		b:
			348.4547
			-420.8396
			-175.9348
			136.5946
			364.1678
			259.3011
			347.8709
			-367.2276
			-58.5577
			-340.8709
			371.2276
			65.5577
	==================================================================================
	Q3:
		Shape: Ellipse
		q_c:	393.5	253.5	226.5
		ub :	398.8168	260.9085	232.7554
		lb :	388.1832	246.0915	220.2446
		P^-1:
			0.0739	-0.0086	0.019
			-0.0086	0.0306	-0.0216
			0.019	-0.0216	0.0928
	==================================================================================
	Q4:
		Shape: Ellipse
		q_c:	383.0	246.5	226.0
		ub :	388.6852	251.5262	230.4302
		lb :	377.3148	241.4738	221.5698
		P^-1:
			0.1136	0.0256	-0.0782
			0.0256	0.0917	0.013
			-0.0782	0.013	0.2052
	==================================================================================
	Q5:
		Shape: Ellipse
		q_c:	384.0	261.5	227.5
		ub :	390.3472	268.1261	232.8323
		lb :	377.6528	254.8739	222.1677
		P^-1:
			0.0625	0.0	-0.0
			0.0	0.0625	-0.0
			-0.0	-0.0	0.0625
	==================================================================================
	Q6:
		Shape: Ellipse
		q_c:	384.5	263.0	230.5
		ub :	393.3593	270.1523	239.0971
		lb :	375.6407	255.8477	221.9029
		P^-1:
			0.0386	-0.014	0.0131
			-0.014	0.0595	-0.02
			0.0131	-0.02	0.0444


===========================================================================================
===========================================================================================
S11:
	q_c:	511.0	361.0	395.0
	ub :	530.2108	389.187	411.4935
	lb :	492.9681	336.8499	375.0475

	==================================================================================
	Q1:
		Shape: Polyhedra
		q_c:	505.0	365.5	400.0
		ub :	510.8028	372.1244	406.3505
		lb :	499.1972	358.8756	393.6495
		A:
			0.6491	-0.7429	-0.1637
			-0.8799	0.026	0.4745
			0.9802	0.1784	-0.0858
			0.9137	0.3838	-0.1336
			-0.7818	-0.4249	-0.4564
			0.7395	0.3349	-0.5839
			0.7444	0.6524	0.1423
			0.6597	-0.6856	-0.3078
			-0.1032	0.3231	-0.9407
			-0.7444	-0.6524	-0.1423
			-0.6597	0.6856	0.3078
			0.1032	-0.3231	0.9407
		b:
			-5.6861
			-241.1651
			529.7665
			552.2449
			-728.4994
			266.5632
			675.3055
			-37.0532
			-305.3541
			-667.3055
			44.0532
			315.3541
	==================================================================================
	Q2:
		Shape: Hybrid
		q_c:	498.0	346.0	393.0
		ub :	499.9735	348.7177	395.5514
		lb :	496.0265	343.2823	390.4486
		P^-1:
			0.848	-0.3003	-0.0272
			-0.3003	0.4008	0.0137
			-0.0272	0.0137	0.2512
		A:
			0.6	-0.4539	-0.6587
			0.8116	-0.268	0.5191
			0.7381	0.2349	0.6324
			-0.7385	0.2723	-0.6169
			-0.1053	0.2763	-0.9553
			0.782	-0.6215	0.0468
		b:
			-116.109
			516.3781
			698.6961
			-514.9628
			-330.784
			193.3446
	==================================================================================
	Q3:
		Shape: Polyhedra
		q_c:	521.0	348.5	383.5
		ub :	530.2108	360.1501	391.9525
		lb :	511.7892	336.8499	375.0475
		A:
			0.2523	0.8666	0.4305
			-0.5282	-0.3412	0.7776
			0.664	0.148	-0.733
			-0.7857	-0.1683	0.5953
			-0.6116	0.0318	0.7905
			0.4943	0.2872	-0.8205
			0.3331	0.8581	0.3908
			0.6287	0.1068	-0.7703
			-0.7027	0.5023	-0.5039
			-0.3331	-0.8581	-0.3908
			-0.6287	-0.1068	0.7703
			0.7027	-0.5023	0.5039
		b:
			607.5254
			-93.3438
			118.0096
			-237.2359
			-2.5002
			45.2435
			631.4587
			70.899
			-376.8104
			-613.4587
			-67.899
			391.8104
	==================================================================================
	Q4:
		Shape: Ellipse
		q_c:	504.5	379.5	388.0
		ub :	516.0319	389.187	398.6797
		lb :	492.9681	369.813	377.3203
		P^-1:
			0.0233	-0.0067	0.0007
			-0.0067	0.0276	-0.0028
			0.0007	-0.0028	0.0204
	==================================================================================
	Q5:
		Shape: Hybrid
		q_c:	513.5	357.0	399.5
		ub :	525.0204	363.859	411.4935
		lb :	501.9796	350.141	387.5065
		P^-1:
			0.0166	0.0047	0.0007
			0.0047	0.0586	-0.0123
			0.0007	-0.0123	0.0189
		A:
			0.2798	0.9242	-0.26
			-0.0613	-0.9685	0.2415
			-0.6048	-0.7394	-0.296
			-0.5988	-0.294	-0.745
			-0.4919	-0.8559	-0.1595
			0.0247	0.9942	0.1049
		b:
			371.9315
			-278.727
			-688.6352
			-704.5549
			-618.4759
			412.3427
	==================================================================================
	Q6:
		Shape: Polyhedra
		q_c:	516.5	354.5	399.5
		ub :	528.2934	367.3007	411.4336
		lb :	504.7066	341.6993	387.5664
		A:
			0.864	-0.4622	0.1996
			-0.1658	-0.9861	-0.0056
			-0.448	0.6556	-0.6079
			0.6425	-0.7654	0.0368
			0.7881	0.1727	0.5908
			-0.508	-0.8387	0.1961
			0.7963	0.5044	0.334
			0.5994	-0.5835	-0.5479
			-0.0814	0.6365	-0.767
			-0.7963	-0.5044	-0.334
			-0.5994	0.5835	0.5479
			0.0814	-0.6365	0.767
		b:
			369.7177
			-429.8898
			-235.1292
			82.4277
			712.5127
			-473.6103
			732.0092
			-108.6319
			-116.3438
			-715.0092
			123.6319
			129.3438


===========================================================================================
===========================================================================================
S12:
	q_c:	232.0	440.0	293.5
	ub :	242.1538	455.1052	309.8227
	lb :	224.8462	426.1571	283.1758

	==================================================================================
	Q1:
		Shape: Hybrid
		q_c:	236.0	447.0	292.5
		ub :	241.7617	452.8198	297.8875
		lb :	230.2383	441.1802	287.1125
		P^-1:
			0.0489	-0.0311	-0.0286
			-0.0311	0.149	0.1002
			-0.0286	0.1002	0.1321
		A:
			0.1392	-0.8368	-0.5296
			-0.0165	-0.6753	-0.7374
			0.5215	0.7623	-0.3834
			0.3734	-0.5272	0.7633
			0.4375	0.4184	0.796
			0.2997	-0.5406	-0.7861
		b:
			-494.9141
			-520.1571
			355.5864
			79.7198
			525.7682
			-399.5946
	==================================================================================
	Q2:
		Shape: Ellipse
		q_c:	235.0	449.0	303.5
		ub :	240.7517	454.9317	309.8227
		lb :	229.2483	443.0683	297.1773
		P^-1:
			0.0965	0.01	-0.0239
			0.01	0.0647	-0.0114
			-0.0239	-0.0114	0.0524
	==================================================================================
	Q3:
		Shape: Ellipse
		q_c:	233.5	441.5	291.5
		ub :	242.1538	449.0394	299.8242
		lb :	224.8462	433.9606	283.1758
		P^-1:
			0.0398	0.0026	0.0056
			0.0026	0.0445	0.0043
			0.0056	0.0043	0.0381
	==================================================================================
	Q4:
		Shape: Ellipse
		q_c:	236.0	445.5	290.0
		ub :	240.0935	450.605	295.0222
		lb :	231.9065	440.395	284.9778
		P^-1:
			0.2291	-0.1123	-0.117
			-0.1123	0.1549	0.1312
			-0.117	0.1312	0.221
	==================================================================================
	Q5:
		Shape: Ellipse
		q_c:	234.0	449.5	294.5
		ub :	241.3042	455.1052	301.3185
		lb :	226.6958	443.8948	287.6815
		P^-1:
			0.0533	-0.0026	0.0134
			-0.0026	0.0618	0.0037
			0.0134	0.0037	0.043
	==================================================================================
	Q6:
		Shape: Hybrid
		q_c:	230.0	430.5	305.0
		ub :	233.556	434.8429	309.4904
		lb :	226.444	426.1571	300.5096
		P^-1:
			0.1523	-0.0059	-0.0168
			-0.0059	0.0841	0.0093
			-0.0168	0.0093	0.1163
		A:
			0.4199	-0.7534	-0.5061
			0.3205	-0.8272	-0.4616
			0.9977	0.0655	0.0177
			-0.3909	0.4565	0.7992
			-0.6396	-0.7615	0.1046
			-0.1351	-0.1242	0.983
		b:
			-380.3852
			-421.3276
			264.4285
			351.9481
			-441.1089
			217.0025


===========================================================================================
===========================================================================================
S13:
	q_c:	416.0	245.5	412.0
	ub :	417.3322	247.7931	414.9134
	lb :	414.0587	244.0106	409.5467

	==================================================================================
	Q1:
		Shape: Ellipse
		q_c:	415.5	245.5	411.0
		ub :	416.9413	246.5985	412.4533
		lb :	414.0587	244.4015	409.5467
		P^-1:
			1.9078	1.1277	0.7923
			1.1277	2.4008	0.9841
			0.7923	0.9841	1.6914
	==================================================================================
	Q2:
		Shape: Polyhedra
		q_c:	416.5	247.0	411.5
		ub :	417.2539	247.6008	412.2008
		lb :	415.7461	246.3992	410.7992
		A:
			-0.1878	-0.7367	-0.6497
			-0.7241	0.6796	-0.1178
			0.2685	0.4815	0.8343
			0.2996	0.415	-0.8591
			-0.9375	-0.3131	-0.1521
			-0.4903	0.211	-0.8457
			0.8752	0.1953	0.4426
			-0.4466	-0.0259	0.8944
			0.1861	-0.9804	0.0646
			-0.8752	-0.1953	-0.4426
			0.4466	0.0259	-0.8944
			-0.1861	0.9804	-0.0646
		b:
			-527.0125
			-181.7212
			574.5815
			-125.7134
			-529.8753
			-499.5597
			595.3922
			176.1409
			-137.5836
			-594.3922
			-175.1409
			138.5836
	==================================================================================
	Q3:
		Shape: Ellipse
		q_c:	416.0	245.5	413.5
		ub :	416.6753	246.9444	414.9134
		lb :	415.3247	244.0556	412.0866
		P^-1:
			3.9251	-0.4274	0.1909
			-0.4274	1.0624	-0.0279
			0.1909	-0.0279	1.0125
	==================================================================================
	Q4:
		Shape: Polyhedra
		q_c:	415.5	245.5	412.0
		ub :	416.735	246.9894	413.8856
		lb :	414.265	244.0106	410.1144
		A:
			-0.4823	-0.8354	-0.2637
			-0.401	-0.5882	0.7023
			-0.8264	-0.5622	-0.0312
			-0.3783	0.9128	0.1542
			-0.3396	0.8102	-0.4777
			0.0043	0.9873	0.1589
			0.1378	0.3622	0.9218
			-0.9897	0.014	0.1424
			0.0387	-0.932	0.3604
			-0.1378	-0.3622	-0.9218
			0.9897	-0.014	-0.1424
			-0.0387	0.932	-0.3604
		b:
			-512.9271
			-20.5968
			-493.181
			131.5596
			-137.9759
			310.7651
			527.4771
			-348.1097
			-63.226
			-524.4771
			350.1097
			65.226
	==================================================================================
	Q5:
		Shape: Ellipse
		q_c:	416.5	247.0	412.5
		ub :	417.3322	247.7931	413.3565
		lb :	415.6678	246.2069	411.6435
		P^-1:
			4.0	-0.0	0.0
			-0.0	4.0	0.0
			0.0	0.0	4.0
	==================================================================================
	Q6:
		Shape: Polyhedra
		q_c:	415.5	247.0	411.5
		ub :	416.162	247.6418	412.1498
		lb :	414.838	246.3582	410.8502
		A:
			-0.2575	0.6903	-0.6762
			0.6781	-0.5206	0.5188
			0.4029	-0.8969	-0.1823
			-0.5733	-0.8188	-0.0304
			0.9393	0.2446	0.2408
			-0.5742	0.6795	-0.4568
			0.1964	0.1223	0.9729
			-0.9673	0.1864	0.1719
			-0.1603	-0.9748	0.155
			-0.1964	-0.1223	-0.9729
			0.9673	-0.1864	-0.1719
			0.1603	0.9748	-0.155
		b:
			-214.2171
			367.1623
			-128.6162
			-452.4368
			550.2484
			-258.2159
			512.6616
			-284.6559
			-243.1351
			-511.6616
			285.6559
			244.1351


===========================================================================================
===========================================================================================
S14:
	q_c:	228.5	332.5	132.5
	ub :	256.1134	349.7862	152.4947
	lb :	204.1089	320.1263	112.021

	==================================================================================
	Q1:
		Shape: Ellipse
		q_c:	240.5	332.5	124.0
		ub :	249.4128	340.8999	134.1507
		lb :	231.5872	324.1001	113.8493
		P^-1:
			0.0382	-0.0323	-0.0163
			-0.0323	0.0769	0.031
			-0.0163	0.031	0.0342
