3D_35_25_6_f                l = 3

===========================================================================================
===========================================================================================
S1:
	q_c:	104.5	249.0	53.5
	ub :	119.5169	257.002	64.5883
	lb :	98.5485	237.4298	42.7675

	==================================================================================
	Q1:
		Shape: Hybrid
		q_c:	113.5	245.5	58.0
		ub :	119.5169	251.5089	64.5883
		lb :	107.4831	239.4911	51.4117
		P^-1:
			0.0494	0.0003	0.0003
			0.0003	0.0889	0.0296
			0.0003	0.0296	0.0716
		A:
			0.2306	-0.151	0.9613
			0.5298	0.6201	0.5785
			0.1382	0.5029	-0.8532
			-0.0369	0.6149	0.7877
			-0.0699	-0.9391	0.3364
			-0.8233	-0.0463	0.5657
		b:
			47.5756
			247.9241
			92.6473
			194.084
			-216.3721
			-69.1231
	==================================================================================
	Q2:
		Shape: Ellipse
		q_c:	112.0	242.5	50.0
		ub :	113.9616	247.5702	54.3453
		lb :	110.0384	237.4298	45.6547
		P^-1:
			3.5411	-0.5046	-1.1547
			-0.5046	0.1239	0.1744
			-1.1547	0.1744	0.4659
	==================================================================================
	Q3:
		Shape: Hybrid
		q_c:	108.0	252.5	48.0
		ub :	113.4239	257.002	53.2325
		lb :	102.5761	247.998	42.7675
		P^-1:
			0.1935	-0.1854	-0.0018
			-0.1854	0.3065	-0.0198
			-0.0018	-0.0198	0.0754
		A:
			0.3084	-0.8973	-0.316
			-0.8077	0.5823	-0.0923
			0.2988	-0.6576	0.6916
			0.2313	0.9366	-0.2631
			-0.167	0.6229	0.7643
			0.1096	0.8297	-0.5474
		b:
			-206.7827
			56.5987
			-98.6572
			251.3819
			178.5911
			197.2894
	==================================================================================
	Q4:
		Shape: Hybrid
		q_c:	109.0	248.5	55.0
		ub :	113.3138	254.2441	59.8496
		lb :	104.6862	242.7559	50.1504
		P^-1:
			0.0812	-0.0036	0.0011
			-0.0036	0.0526	0.0089
			0.0011	0.0089	0.0789
		A:
			-0.5538	-0.8048	-0.2136
			-0.1766	0.2285	-0.9574
			-0.542	0.5862	-0.6021
			0.5065	0.1623	0.8468
			0.4016	-0.4402	-0.8031
			0.1866	0.2664	-0.9456
		b:
			-269.7349
			-13.1222
			55.7148
			143.866
			-108.0123
			36.603
	==================================================================================
	Q5:
		Shape: Ellipse
		q_c:	102.5	243.0	49.5
		ub :	106.4515	246.5361	52.2435
		lb :	98.5485	239.4639	46.7565
		P^-1:
			0.1519	0.0618	-0.0136
			0.0618	0.2111	0.0085
			-0.0136	0.0085	0.2481
	==================================================================================
	Q6:
		Shape: Hybrid
		q_c:	111.5	249.0	49.0
		ub :	116.7606	254.8499	55.1029
		lb :	106.2394	243.1501	42.8971
		P^-1:
			0.0927	0.0136	0.007
			0.0136	0.0816	0.0179
			0.007	0.0179	0.081
		A:
			0.4833	0.6658	0.5684
			-0.8544	-0.4548	0.2514
			-0.862	0.4843	0.1495
			0.0389	-0.8393	-0.5423
			0.1235	0.0109	-0.9923
			-0.9003	0.085	-0.4268
		b:
			249.0471
			-194.3481
			33.872
			-229.4421
			-30.0023
			-98.2496


===========================================================================================
===========================================================================================
S2:
	q_c:	106.5	374.5	348.0
	ub :	115.0265	382.5456	356.7732
	lb :	100.1813	367.4139	341.4659

	==================================================================================
	Q1:
		Shape: Hybrid
		q_c:	110.0	374.0	351.5
		ub :	112.2964	378.0234	355.3039
		lb :	107.7036	369.9766	347.6961
		P^-1:
			0.4431	0.0173	-0.0134
			0.0173	0.2184	0.175
			-0.0134	0.175	0.309
		A:
			-0.233	-0.8537	-0.4658
			-0.8922	-0.4389	-0.1061
			0.9535	-0.3012	0.0069
			0.8136	0.2796	0.5097
			-0.882	-0.0266	0.4705
			0.7899	0.4385	0.4287
		b:
			-507.4645
			-298.7034
			-4.3042
			374.063
			59.3853
			402.3401
	==================================================================================
	Q2:
		Shape: Polyhedra
		q_c:	106.0	380.0	346.0
		ub :	109.4522	382.3227	348.5804
		lb :	102.5478	377.6773	343.4196
		A:
			0.6935	0.0573	0.7182
			-0.4081	-0.7389	0.5361
			0.0434	0.8789	0.475
			-0.034	0.7826	0.6216
			-0.387	-0.3207	-0.8645
			-0.7285	-0.6564	0.1961
			0.203	0.9162	0.3456
			-0.1698	0.3806	-0.909
			-0.9643	0.1259	0.2328
			-0.203	-0.9162	-0.3456
			0.1698	-0.3806	0.909
			0.9643	-0.1259	-0.2328
		b:
			345.7606
			-136.6912
			504.5133
			510.5188
			-460.4787
			-256.52
			490.7403
			-186.4138
			29.1597
			-487.7403
			189.4138
			-23.1597
	==================================================================================
	Q3:
		Shape: Polyhedra
		q_c:	108.0	372.0	352.5
		ub :	112.8214	376.5861	356.7732
		lb :	103.1786	367.4139	348.2268
		A:
			0.1946	-0.1771	-0.9648
			0.616	-0.2492	0.7473
			-0.5214	-0.1645	0.8373
			-0.2149	0.5909	-0.7776
			-0.9009	-0.0669	-0.4289
			0.1109	0.8005	0.589
			0.6117	0.5534	0.5654
			0.6076	0.129	-0.7837
			-0.5066	0.8229	-0.2573
			-0.6117	-0.5534	-0.5654
			-0.6076	-0.129	0.7837
			0.5066	-0.8229	0.2573
		b:
			-382.4281
			240.2826
			180.1253
			-74.3229
			-270.5661
			520.1163
			473.712
			-160.1197
			164.1809
			-468.712
			165.1197
			-157.1809
	==================================================================================
	Q4:
		Shape: Ellipse
		q_c:	107.5	379.0	350.0
		ub :	111.7984	382.5456	353.9188
		lb :	103.2016	375.4544	346.0812
		P^-1:
			0.166	-0.0446	-0.0212
			-0.0446	0.2263	-0.01
			-0.0212	-0.01	0.1287
	==================================================================================
	Q5:
		Shape: Hybrid
		q_c:	111.5	377.0	344.5
		ub :	115.0265	378.9931	347.5341
		lb :	107.9735	375.0069	341.4659
		P^-1:
			0.1175	-0.0403	-0.0096
			-0.0403	0.4389	0.0118
			-0.0096	0.0118	0.1592
		A:
			-0.3998	0.8809	-0.2535
			0.2381	0.8572	-0.4567
			0.0945	0.0781	-0.9925
			0.5142	0.6773	0.5263
			-0.4174	0.9027	-0.1041
			0.2945	0.9121	-0.2853
		b:
			201.211
			193.6102
			-300.1587
			495.6324
			258.9116
			279.5801
	==================================================================================
	Q6:
		Shape: Polyhedra
		q_c:	103.5	377.0	351.5
		ub :	106.8187	380.4811	354.6025
		lb :	100.1813	373.5189	348.3975
		A:
			0.2272	0.0439	-0.9729
			0.6567	-0.6827	0.3203
			-0.3837	0.0334	0.9229
			0.7989	-0.3689	0.475
			-0.2013	0.0692	0.9771
			-0.0865	0.9673	-0.2386
			0.6944	0.5996	0.3978
			-0.1131	0.6369	-0.7626
			-0.7107	0.4846	0.5101
			-0.6944	-0.5996	-0.3978
			0.1131	-0.6369	0.7626
			0.7107	-0.4846	-0.5101
		b:
			-300.299
			-75.2419
			298.8057
			112.6146
			350.3786
			273.7128
			440.7688
			-38.137
			289.911
			-434.7688
			41.137
			-286.911


===========================================================================================
===========================================================================================
S3:
	q_c:	341.0	72.5	166.5
	ub :	349.7362	86.0426	175.6778
	lb :	328.5925	63.0014	154.7461

	==================================================================================
	Q1:
		Shape: Ellipse
		q_c:	342.0	68.5	161.5
		ub :	346.9545	72.5749	166.7992
		lb :	337.0455	64.4251	156.2008
		P^-1:
			0.1653	0.0654	0.0521
			0.0654	0.1679	0.0233
			0.0521	0.0233	0.0904
	==================================================================================
	Q2:
		Shape: Hybrid
		q_c:	333.5	67.0	166.5
		ub :	338.4075	70.9986	171.1873
		lb :	328.5925	63.0014	161.8127
		P^-1:
			0.0998	-0.0384	-0.0781
			-0.0384	0.1681	0.016
			-0.0781	0.016	0.1915
		A:
			-0.5957	0.7663	0.2405
			-0.9644	0.0278	-0.263
			0.5567	0.7658	-0.3219
			0.3078	0.9334	-0.1847
			-0.143	-0.6884	-0.7111
			-0.5908	-0.6119	0.5258
		b:
			-105.9087
			-360.2374
			185.4776
			136.3133
			-210.0546
			-148.6321
	==================================================================================
	Q3:
		Shape: Hybrid
		q_c:	342.0	77.0	162.0
		ub :	348.1675	83.7628	168.012
		lb :	335.8325	70.2372	155.988
		P^-1:
			0.0792	0.0244	0.0189
			0.0244	0.0693	0.0154
			0.0189	0.0154	0.0614
		A:
			0.6387	0.7327	-0.2348
			0.7356	0.6772	-0.0176
			-0.8327	-0.4841	-0.2688
			-0.2874	0.314	0.9049
			-0.5168	0.3352	-0.7878
			-0.2041	-0.9746	-0.0927
		b:
			239.0531
			302.7363
			-364.0006
			75.3025
			-275.9082
			-157.5881
	==================================================================================
	Q4:
		Shape: Polyhedra
		q_c:	338.5	80.0	159.0
		ub :	343.5964	86.0426	163.2539
		lb :	333.4036	73.9574	154.7461
		A:
			0.8254	-0.0991	-0.5559
			-0.7066	-0.4491	0.5469
			0.5459	0.6302	-0.5521
			-0.5581	0.099	0.8239
			-0.8859	-0.0269	0.4631
			0.6633	0.1518	-0.7327
			0.7222	0.5804	0.3763
			0.4567	-0.8087	0.3708
			0.5196	-0.0959	-0.849
			-0.7222	-0.5804	-0.3763
			-0.4567	0.8087	-0.3708
			-0.5196	0.0959	0.849
		b:
			185.186
			-185.8723
			150.4924
			-48.4766
			-226.2994
			121.8643
			353.2226
			154.3454
			34.6961
			-348.2226
			-143.3454
			-31.6961
	==================================================================================
	Q5:
		Shape: Ellipse
		q_c:	344.0	79.5	172.0
		ub :	347.616	83.0132	175.6778
		lb :	340.384	75.9868	168.3222
		P^-1:
			0.2974	-0.1325	-0.028
			-0.1325	0.3161	-0.0723
			-0.028	-0.0723	0.1921
	==================================================================================
	Q6:
		Shape: Hybrid
		q_c:	346.0	73.0	171.0
		ub :	349.7362	77.6184	175.2172
		lb :	342.2638	68.3816	166.7828
		P^-1:
			2.7688	-1.7577	0.513
			-1.7577	1.1734	-0.3378
			0.513	-0.3378	0.1795
		A:
			-0.8368	0.5465	-0.0322
			-0.7532	0.6243	-0.207
			0.4939	-0.7035	0.511
			-0.6789	0.6755	0.2877
			0.7618	-0.6103	0.2173
			0.8742	-0.4717	0.1149
		b:
			-254.7346
			-249.9305
			208.684
			-134.6898
			256.6485
			288.0969


===========================================================================================
===========================================================================================
S4:
	q_c:	96.5	324.5	278.0
	ub :	129.3519	354.7569	310.4064
	lb :	81.4473	297.7347	250.5081

	==================================================================================
	Q1:
		Shape: Polyhedra
		q_c:	115.5	338.5	286.0
		ub :	129.3519	350.2229	294.5057
		lb :	101.6481	326.7771	277.4943
		A:
			-0.175	-0.6481	-0.7412
			-0.4424	-0.2367	0.865
			-0.33	-0.54	-0.7743
			-0.5949	-0.6397	-0.4867
			-0.8564	0.5129	-0.0593
			0.4376	0.7204	0.5381
			0.3796	0.7158	0.5861
			0.2784	0.5158	-0.8102
			-0.8823	0.4708	-0.0035
			-0.3796	-0.7158	-0.5861
			-0.2784	-0.5158	0.8102
			0.8823	-0.4708	0.0035
		b:
			-448.2972
			125.3194
			-439.2918
			-420.9955
			69.7356
			450.432
			455.77
			-15.9662
			68.4621
			-451.77
			33.9662
			-44.4621
	==================================================================================
	Q2:
		Shape: Ellipse
		q_c:	113.5	311.5	295.0
		ub :	123.6402	325.2653	307.455
		lb :	103.3598	297.7347	282.545
		P^-1:
			0.0764	0.021	0.0429
			0.021	0.0173	0.0125
			0.0429	0.0125	0.0398
	==================================================================================
	Q3:
		Shape: Polyhedra
		q_c:	102.5	314.0	261.0
		ub :	117.8087	324.9326	269.6169
		lb :	87.1913	303.0674	252.3831
		A:
			-0.6133	-0.4623	0.6404
			0.1974	-0.6109	0.7667
			-0.3409	-0.7151	-0.6103
			-0.386	-0.6934	0.6085
			-0.6977	-0.7091	0.1025
			-0.5689	-0.6482	0.5061
			0.4903	0.8702	0.048
			0.8382	-0.486	0.2473
			0.2385	-0.0811	-0.9677
			-0.4903	-0.8702	-0.048
			-0.8382	0.486	-0.2473
			-0.2385	0.0811	0.9677
		b:
			-35.9709
			38.6162
			-414.2402
			-93.5115
			-262.3788
			-125.3897
			340.0298
			12.3796
			-248.5799
			-332.0298
			16.6204
			258.5799
	==================================================================================
	Q4:
		Shape: Polyhedra
		q_c:	96.0	340.5	267.0
		ub :	109.4779	354.7569	282.3472
		lb :	82.5221	326.2431	251.6528
		A:
			-0.1147	0.331	-0.9366
			-0.8884	0.2425	0.3899
			-0.9088	0.3633	0.2052
			-0.9063	0.0277	0.4217
			-0.2267	0.0317	0.9734
			0.9456	0.2178	0.2417
			0.375	0.6269	0.6829
			-0.4155	0.7722	-0.4807
			-0.8287	-0.1035	0.5501
			-0.375	-0.6269	-0.6829
			0.4155	-0.7722	0.4807
			0.8287	0.1035	-0.5501
		b:
			-139.3745
			108.7262
			98.9292
			42.0924
			257.5844
			238.3571
			442.2977
			103.7019
			39.055
			-421.2977
			-85.7019
			-25.055
	==================================================================================
	Q5:
		Shape: Hybrid
		q_c:	91.5	324.0	296.5
		ub :	101.5527	335.3748	310.4064
		lb :	81.4473	312.6252	282.5936
		P^-1:
			0.0621	-0.0254	0.0191
			-0.0254	0.0311	-0.0038
			0.0191	-0.0038	0.0164
		A:
			0.9949	0.0757	0.0662
			-0.562	-0.2306	-0.7943
			0.6659	-0.5586	0.4946
			-0.579	0.7514	-0.3164
			0.2286	0.9621	0.1485
			-0.1181	-0.9234	-0.3652
		b:
			139.632
			-356.7458
			29.664
			99.8219
			382.4281
			-413.1101
	==================================================================================
	Q6:
		Shape: Hybrid
		q_c:	101.5	334.0	264.5
		ub :	116.5306	347.7972	278.4919
		lb :	86.4694	320.2028	250.5081
		P^-1:
			0.0171	0.0045	0.0156
			0.0045	0.0116	0.0035
			0.0156	0.0035	0.0278
		A:
			0.4579	-0.8273	-0.3254
			-0.5882	-0.5789	-0.5647
			-0.9231	0.1972	0.3301
			-0.9268	-0.3402	-0.1591
			0.7016	-0.0263	0.7121
			-0.2875	-0.3083	-0.9068
		b:
			-306.3936
			-398.7865
			70.1264
			-243.0497
			254.028
			-368.0348


===========================================================================================
===========================================================================================
S5:
	q_c:	177.0	383.0	190.5
	ub :	184.7661	389.5195	195.5409
	lb :	172.6491	377.6231	186.9449

	==================================================================================
	Q1:
		Shape: Ellipse
		q_c:	180.0	383.5	191.0
		ub :	182.1082	386.0031	193.8645
		lb :	177.8918	380.9969	188.1355
		P^-1:
			0.6824	0.233	0.1603
			0.233	0.6612	0.2147
			0.1603	0.2147	0.2608
	==================================================================================
	Q2:
		Shape: Ellipse
		q_c:	178.5	386.5	189.5
		ub :	181.5087	389.5195	192.0551
		lb :	175.4913	383.4805	186.9449
		P^-1:
			0.1667	-0.0293	0.006
			-0.0293	0.3089	-0.0925
			0.006	-0.0925	0.3788
	==================================================================================
	Q3:
		Shape: Hybrid
		q_c:	181.5	380.5	190.0
		ub :	184.7661	383.3769	192.4636
		lb :	178.2339	377.6231	187.5364
		P^-1:
			0.2763	0.1298	-0.052
			0.1298	0.3443	0.0402
			-0.052	0.0402	0.4283
		A:
			-0.5361	0.7196	0.4413
			0.1127	-0.2708	0.956
			0.9097	0.3138	-0.2721
			0.3764	-0.5425	-0.751
			-0.0691	-0.4369	-0.8968
			-0.1313	0.0332	0.9908
		b:
			261.7241
			100.0969
			233.7828
			-279.7977
			-348.4479
			177.8017
	==================================================================================
	Q4:
		Shape: Hybrid
		q_c:	179.5	384.5	194.0
		ub :	181.0041	385.5697	195.5409
		lb :	177.9959	383.4303	192.4591
		P^-1:
			2.3886	-0.6212	1.6574
			-0.6212	3.7605	0.6389
			1.6574	0.6389	2.2954
		A:
			-0.7081	-0.4515	-0.5428
			0.0721	0.9959	0.0545
			-0.5907	0.2288	-0.7737
			0.537	-0.6953	-0.4777
			0.3481	-0.9263	-0.1442
			0.274	-0.6381	-0.7195
		b:
			-405.6951
			406.8152
			-167.8457
			-263.0104
			-321.3675
			-335.1184
	==================================================================================
	Q5:
		Shape: Ellipse
		q_c:	174.5	384.5	189.5
		ub :	176.3509	386.6178	191.4779
		lb :	172.6491	382.3822	187.5221
		P^-1:
			1.1302	0.7644	1.1834
			0.7644	1.0847	1.358
			1.1834	1.358	2.4795
	==================================================================================
	Q6:
		Shape: Hybrid
		q_c:	177.5	385.5	192.5
		ub :	179.8258	387.7211	194.9225
		lb :	175.1742	383.2789	190.0775
		P^-1:
			0.2559	-0.0099	0.0318
			-0.0099	0.4439	0.0017
			0.0318	0.0017	0.4391
		A:
			-0.5241	0.8237	-0.2165
			-0.4412	-0.8784	-0.1838
			0.0178	-0.9546	-0.2973
			0.2167	-0.47	0.8556
			-0.6934	-0.3373	-0.6367
			0.3874	0.8966	-0.2147
		b:
			183.6968
			-451.4471
			-421.3179
			22.7386
			-374.732
			373.9426


===========================================================================================
===========================================================================================
S6:
	q_c:	164.0	199.0	419.5
	ub :	187.9298	216.9592	434.0088
	lb :	145.3579	174.0007	401.5999

	==================================================================================
	Q1:
		Shape: Polyhedra
		q_c:	157.5	211.0	425.0
		ub :	162.7136	216.9592	429.7535
		lb :	152.2864	205.0408	420.2465
		A:
			-0.5435	0.0656	0.8368
			0.6169	-0.0553	0.7851
			0.6617	-0.1284	0.7387
			0.0284	-0.1059	0.994
			-0.2284	0.112	-0.9671
			0.706	0.4304	0.5624
			0.5914	0.1251	0.7966
			-0.7508	0.4457	0.4875
			-0.294	-0.8864	0.3575
			-0.5914	-0.1251	-0.7966
			0.7508	-0.4457	-0.4875
			0.294	0.8864	-0.3575
		b:
			287.7558
			420.8223
			392.9115
			407.4214
			-420.9711
			443.267
			459.5956
			186.957
			-76.9086
			-456.5956
			-178.957
			85.9086
	==================================================================================
	Q2:
		Shape: Ellipse
		q_c:	171.5	184.5	413.0
		ub :	178.8112	189.8314	419.5014
		lb :	164.1888	179.1686	406.4986
		P^-1:
			0.0356	-0.0022	-0.0055
			-0.0022	0.049	-0.0009
			-0.0055	-0.0009	0.0472
	==================================================================================
	Q3:
		Shape: Polyhedra
		q_c:	166.5	206.0	424.5
		ub :	175.4853	214.6399	434.0088
		lb :	157.5147	197.3601	414.9912
		A:
			-0.2998	-0.9457	0.1254
			-0.0497	-0.7284	-0.6833
			-0.3145	-0.6338	0.7067
			-0.0775	0.8101	0.5811
			-0.676	0.333	-0.6574
			-0.9829	-0.1091	0.1481
			0.6381	0.5861	0.4994
			-0.1721	0.7407	-0.6494
			-0.7505	0.3284	0.5735
			-0.6381	-0.5861	-0.4994
			0.1721	-0.7407	0.6494
			0.7505	-0.3284	-0.5735
		b:
			-186.7456
			-442.8872
			122.472
			406.408
			-318.0409
			-117.0849
			443.4495
			-146.7306
			193.1712
			-434.4495
			156.7306
			-179.1712
	==================================================================================
	Q4:
		Shape: Hybrid
		q_c:	156.0	189.5	413.0
		ub :	166.6421	199.8719	424.4001
		lb :	145.3579	179.1281	401.5999
		P^-1:
			0.0254	-0.0009	0.0036
			-0.0009	0.0219	0.0027
			0.0036	0.0027	0.0219
		A:
			0.0695	-0.8208	-0.567
			-0.3867	0.6181	-0.6844
			0.9114	-0.4089	0.0466
			-0.4447	-0.8894	0.1061
			0.9543	0.0538	-0.2939
			-0.7449	-0.0747	-0.6629
		b:
			-375.4571
			-222.041
			87.2041
			-190.1026
			41.4212
			-401.1209
	==================================================================================
	Q5:
		Shape: Polyhedra
		q_c:	177.0	203.0	412.0
		ub :	187.9298	214.2942	421.1974
		lb :	166.0702	191.7058	402.8026
		A:
			-0.7406	-0.6482	-0.1768
			0.6863	0.7052	0.178
			-0.0	-0.0715	0.9974
			-0.2689	-0.2876	-0.9192
			0.4587	0.1716	-0.8719
			0.1408	0.4886	0.861
			0.6393	0.1864	0.746
			-0.5048	0.8336	0.2243
			-0.5801	-0.5199	0.627
			-0.6393	-0.1864	-0.746
			0.5048	-0.8336	-0.2243
			0.5801	0.5199	-0.627
		b:
			-330.0667
			343.6008
			401.8022
			-479.1483
			-237.3599
			485.2659
			463.3502
			181.2946
			55.6168
			-453.3502
			-163.2946
			-44.6168
	==================================================================================
	Q6:
		Shape: Ellipse
		q_c:	160.0	187.5	410.5
		ub :	173.1933	200.9993	418.7961
		lb :	146.8067	174.0007	402.2039
		P^-1:
			0.013	0.0016	-0.0045
			0.0016	0.0162	-0.0112
			-0.0045	-0.0112	0.0449


===========================================================================================
===========================================================================================
S7:
	q_c:	489.0	199.0	318.0
	ub :	497.2469	214.0025	329.5413
	lb :	472.1234	187.6035	305.8512

	==================================================================================
	Q1:
		Shape: Polyhedra
		q_c:	485.0	199.5	317.5
		ub :	491.4122	207.7992	325.6436
		lb :	478.5878	191.2008	309.3564
		A:
			0.7227	0.6006	-0.3419
			-0.8824	-0.2953	0.3664
			0.6417	0.7497	-0.1618
			0.5285	0.3248	-0.7843
			-0.8323	-0.5459	-0.0963
			0.5491	0.805	-0.2249
			0.3312	0.5934	0.7336
			0.4206	-0.7888	0.4481
			0.8446	0.1602	-0.5108
			-0.3312	-0.5934	-0.7336
			-0.4206	0.7888	-0.4481
			-0.8446	-0.1602	0.5108
		b:
			365.2927
			-367.7932
			413.7252
			75.4288
			-538.7204
			359.9133
			517.9419
			194.3978
			281.9004
			-505.9419
			-183.3978
			-276.9004
	==================================================================================
	Q2:
		Shape: Polyhedra
		q_c:	479.0	200.5	323.0
		ub :	482.6299	206.9058	328.3241
		lb :	475.3701	194.0942	317.6759
		A:
			0.4747	-0.755	-0.4523
			0.9318	-0.1856	0.3118
			0.1868	-0.5338	-0.8247
			0.2506	0.8253	0.5061
			-0.3616	0.4594	0.8113
			-0.426	-0.1908	-0.8844
			0.6784	0.2531	0.6897
			0.0229	0.931	-0.3642
			-0.7343	0.2629	0.6258
			-0.6784	-0.2531	-0.6897
			-0.0229	-0.931	0.3642
			0.7343	-0.2629	-0.6258
		b:
			-66.6804
			512.8711
			-281.3578
			452.9461
			183.2393
			-524.9695
			601.4875
			85.4876
			-94.8761
			-595.4875
			-74.4876
			98.8761
	==================================================================================
	Q3:
		Shape: Hybrid
		q_c:	479.5	196.5	322.0
		ub :	485.0099	202.0227	325.6339
		lb :	473.9901	190.9773	318.3661
		P^-1:
			0.1028	-0.053	-0.0103
			-0.053	0.102	0.01
			-0.0103	0.01	0.1157
		A:
			0.3999	0.6047	-0.6888
			0.5293	-0.8467	-0.0548
			0.6104	-0.373	-0.6987
			0.3977	-0.8035	-0.4431
			-0.7645	0.0637	0.6415
			-0.6432	0.3943	-0.6563
		b:
			91.3708
			71.1929
			-4.1519
			-108.3825
			-145.5582
			-440.5742
	==================================================================================
	Q4:
		Shape: Polyhedra
		q_c:	478.5	205.0	323.0
		ub :	484.8766	209.4751	329.5413
		lb :	472.1234	200.5249	316.4587
		A:
			-0.7031	-0.2114	0.679
			-0.5873	0.8046	-0.0881
			-0.3543	-0.8851	0.3019
			-0.0915	0.9559	-0.2792
			-0.8062	-0.3905	0.4445
			0.6171	-0.7867	0.0186
			0.6186	0.4695	0.6301
			-0.4725	0.8629	-0.1791
			-0.6278	-0.1869	0.7556
			-0.6186	-0.4695	-0.6301
			0.4725	-0.8629	0.1791
			0.6278	0.1869	-0.7556
		b:
			-157.3914
			-143.4221
			-249.954
			63.9167
			-318.4523
			141.2077
			602.2352
			-106.0371
			-91.6512
			-589.2352
			108.0371
			97.6512
	==================================================================================
	Q5:
		Shape: Polyhedra
		q_c:	490.5	191.5	312.5
		ub :	497.2469	195.3965	319.1488
		lb :	483.7531	187.6035	305.8512
		A:
			0.2459	-0.0601	-0.9674
			-0.2173	-0.5337	0.8173
			0.9672	0.1193	0.2241
			-0.3367	0.6295	0.7002
			0.4167	0.8718	-0.2574
			0.6348	0.7218	0.2755
			0.6356	0.2561	0.7283
			-0.7383	-0.0744	0.6704
			0.2258	-0.9638	0.1418
			-0.6356	-0.2561	-0.7283
			0.7383	0.0744	-0.6704
			-0.2258	0.9638	-0.1418
		b:
			-188.6994
			50.5735
			571.7878
			178.1805
			294.3524
			539.7929
			592.8956
			-162.3544
			-26.9794
			-583.8956
			171.3544
			31.9794
	==================================================================================
	Q6:
		Shape: Polyhedra
		q_c:	482.5	209.5	315.0
		ub :	487.8889	214.0025	320.9453
		lb :	477.1111	204.9975	309.0547
		A:
			0.7764	0.5872	-0.229
			0.5565	0.7715	0.3084
			-0.8441	-0.2763	-0.4596
			0.769	0.5987	-0.2241
			-0.8514	-0.4393	-0.2866
			-0.6909	-0.1071	-0.715
			0.6909	0.6263	0.3613
			-0.534	0.1051	0.8389
			0.4874	-0.7725	0.4071
			-0.6909	-0.6263	-0.3613
			0.534	-0.1051	-0.8389
			-0.4874	0.7725	-0.4071
		b:
			428.2972
			528.9584
			-607.8376
			428.688
			-591.3014
			-578.2987
			579.8432
			33.117
			205.5482
			-576.8432
			-24.117
			-197.5482


===========================================================================================
===========================================================================================
S8:
	q_c:	421.0	486.5	97.5
	ub :	449.2751	519.415	119.955
	lb :	397.859	457.2878	70.5781

	==================================================================================
	Q1:
		Shape: Ellipse
		q_c:	432.5	506.5	83.0
		ub :	445.5317	519.415	95.4219
		lb :	419.4683	493.585	70.5781
		P^-1:
			0.0179	0.0012	0.0058
			0.0012	0.0094	0.0
			0.0058	0.0	0.0178
	==================================================================================
	Q2:
		Shape: Ellipse
		q_c:	417.0	494.0	101.0
		ub :	436.141	510.1754	119.7474
		lb :	397.859	477.8246	82.2526
		P^-1:
			0.0087	0.0007	0.0016
			0.0007	0.0095	-0.0003
			0.0016	-0.0003	0.0064
	==================================================================================
	Q3:
		Shape: Polyhedra
		q_c:	420.0	498.0	84.5
		ub :	431.5987	506.4531	98.0556
		lb :	408.4013	489.5469	70.9444
		A:
			-0.5665	-0.819	-0.091
			-0.4787	0.0367	-0.8772
			-0.9594	-0.2799	-0.0333
			-0.6416	-0.6959	-0.3227
			-0.7955	-0.5212	-0.309
			-0.5238	-0.259	-0.8115
			0.6726	0.6619	0.331
			-0.4132	0.7069	-0.574
			-0.6139	0.2493	0.749
			-0.6726	-0.6619	-0.331
			0.4132	-0.7069	0.574
			0.6139	-0.2493	-0.749
		b:
			-650.8086
			-250.6922
			-538.428
			-641.2471
			-617.1164
			-411.9816
			642.0687
			135.5042
			-57.3929
			-638.0687
			-124.5042
			83.3929
	==================================================================================
	Q4:
		Shape: Polyhedra
		q_c:	418.0	470.5	88.0
		ub :	429.5303	483.7122	101.3692
		lb :	406.4697	457.2878	74.6308
		A:
			0.0432	0.2319	0.9718
			-0.2205	0.0548	0.9738
			-0.9429	-0.049	-0.3293
			0.5411	0.1741	-0.8227
			0.5305	-0.5747	0.6232
			0.5121	0.5515	-0.6585
			0.6574	0.4526	0.6024
			0.0688	0.7601	-0.6461
			-0.7504	0.4662	0.4686
			-0.6574	-0.4526	-0.6024
			-0.0688	-0.7601	0.6461
			0.7504	-0.4662	-0.4686
		b:
			220.3233
			27.3411
			-438.7243
			243.9793
			14.0595
			423.6708
			547.7803
			337.5134
			-44.5637
			-533.7803
			-321.5134
			61.5637
	==================================================================================
	Q5:
		Shape: Polyhedra
		q_c:	419.0	476.5	110.5
		ub :	431.7644	491.6331	119.955
		lb :	406.2356	461.3669	101.045
		A:
			0.9384	0.2409	0.2476
			0.1911	-0.3356	0.9224
			-0.7534	-0.4975	0.43
			-0.1978	0.9801	0.0157
			-0.7228	0.5721	-0.3877
			-0.3772	-0.2487	-0.8921
			0.8056	0.3433	0.4829
			-0.4727	0.8638	0.1744
			-0.3572	-0.3687	0.8582
			-0.8056	-0.3433	-0.4829
			0.4727	-0.8638	-0.1744
			0.3572	0.3687	-0.8582
		b:
			541.7059
			27.9476
			-499.8898
			398.2651
			-62.4463
			-369.0112
			560.4926
			245.8279
			-225.5485
			-548.4926
			-219.8279
			235.5485
	==================================================================================
	Q6:
		Shape: Ellipse
		q_c:	438.5	473.0	85.5
		ub :	449.2751	479.3287	96.459
		lb :	427.7249	466.6713	74.541
		P^-1:
			0.0202	0.0108	-0.0029
			0.0108	0.0588	-0.0061
			-0.0029	-0.0061	0.0152


===========================================================================================
===========================================================================================
S9:
	q_c:	257.5	16.5	221.0
	ub :	274.2774	31.6636	240.4037
	lb :	241.4732	0.8037	205.1172

	==================================================================================
	Q1:
		Shape: Ellipse
		q_c:	263.5	22.5	213.5
		ub :	268.8247	31.6636	221.8828
		lb :	258.1753	13.3364	205.1172
		P^-1:
			0.079	-0.0114	-0.0002
			-0.0114	0.0304	-0.0097
			-0.0002	-0.0097	0.0326
	==================================================================================
	Q2:
		Shape: Polyhedra
		q_c:	259.0	10.5	228.0
		ub :	263.937	17.1445	233.5491
		lb :	254.063	3.8555	222.4509
		A:
			-0.2058	0.9376	0.2801
			0.736	-0.3663	0.5693
			0.6056	0.607	0.5146
			-0.6453	0.3343	0.687
			0.235	-0.9521	-0.1956
			-0.6833	0.6859	-0.2505
			0.0402	0.4524	0.8909
			0.1718	0.8752	-0.4521
			-0.9843	0.1713	-0.0425
			-0.0402	-0.4524	-0.8909
			-0.1718	-0.8752	0.4521
			0.9843	-0.1713	0.0425
		b:
			24.6743
			320.7435
			284.4721
			-3.2334
			10.6466
			-222.4992
			221.7954
			-44.3963
			-258.8353
			-214.7954
			54.3963
			266.8353
	==================================================================================
	Q3:
		Shape: Polyhedra
		q_c:	245.5	5.0	220.5
		ub :	249.5268	9.1963	224.2321
		lb :	241.4732	0.8037	216.7679
		A:
			-0.2775	0.8733	0.4004
			0.6149	0.7875	0.0416
			0.4536	-0.8686	0.1992
			0.3042	0.189	-0.9337
			-0.1066	0.5864	0.803
			0.3105	-0.5887	0.7463
			0.0992	0.4286	0.898
			-0.1042	0.902	-0.419
			-0.9896	-0.052	0.1341
			-0.0992	-0.4286	-0.898
			0.1042	-0.902	0.419
			0.9896	0.052	-0.1341
		b:
			27.3924
			167.3357
			154.4119
			-127.4409
			155.9657
			241.1032
			226.5061
			-109.9714
			-210.1276
			-222.5061
			116.9714
			217.1276
	==================================================================================
	Q4:
		Shape: Hybrid
		q_c:	260.5	23.5	233.0
		ub :	264.7621	30.6952	240.4037
		lb :	256.2379	16.3048	225.5963
		P^-1:
			0.1826	0.066	0.0613
			0.066	0.0864	0.0503
			0.0613	0.0503	0.0712
		A:
			0.7341	-0.2447	0.6334
			-0.9613	-0.1528	-0.2294
			-0.6573	-0.3344	-0.6753
			-0.8607	0.2156	-0.4613
			0.2366	0.8457	0.4784
			-0.9561	-0.2622	-0.1309
		b:
			336.2068
			-306.0726
			-334.805
			-324.0219
			195.0651
			-284.3369
	==================================================================================
	Q5:
		Shape: Polyhedra
		q_c:	268.0	15.0	225.5
		ub :	274.2774	18.8802	232.045
		lb :	261.7226	11.1198	218.955
		A:
			0.8552	0.4917	-0.1641
			-0.8601	0.4348	-0.2667
			-0.1455	-0.8992	-0.4126
			0.1212	-0.9643	0.2353
			-0.4668	-0.8109	0.3529
			-0.2361	-0.947	-0.2179
			0.7795	0.1631	0.6048
			-0.6188	0.3501	0.7032
			-0.0971	-0.9224	0.3739
			-0.7795	-0.1631	-0.6048
			0.6188	-0.3501	-0.7032
			0.0971	0.9224	-0.3739
		b:
			203.1261
			-280.2677
			-142.0158
			73.0977
			-55.4926
			-123.8401
			351.2333
			3.4691
			45.9595
			-344.2333
			7.5309
			-42.9595
	==================================================================================
	Q6:
		Shape: Ellipse
		q_c:	257.5	18.5	224.5
		ub :	261.7529	23.3595	228.6861
		lb :	253.2471	13.6405	220.3139
		P^-1:
			0.0898	0.0571	0.0703
			0.0571	0.3587	0.4483
			0.0703	0.4483	0.6732


===========================================================================================
===========================================================================================
S10:
	q_c:	256.5	195.0	70.5
	ub :	281.5799	221.3443	93.2531
	lb :	245.8049	173.6951	46.2931

	==================================================================================
	Q1:
		Shape: Hybrid
		q_c:	262.5	207.0	60.0
		ub :	269.0017	217.7455	70.0834
		lb :	255.9983	196.2545	49.9166
		P^-1:
			0.0582	0.0124	0.0042
			0.0124	0.0222	0.0001
			0.0042	0.0001	0.0202
		A:
			-0.4575	-0.8728	-0.1699
			-0.5171	-0.3335	0.7883
			-0.9538	-0.0173	-0.2999
			0.3034	0.9049	-0.2985
			-0.2018	-0.3696	0.907
			0.3484	0.9327	-0.093
		b:
			-306.998
			-153.0979
			-269.496
			253.5033
			-70.1362
			283.2721
	==================================================================================
	Q2:
		Shape: Polyhedra
		q_c:	269.0	202.0	57.5
		ub :	281.3715	213.9529	68.7069
		lb :	256.6285	190.0471	46.2931
		A:
			0.3775	-0.1659	-0.911
			0.063	-0.8987	0.434
			-0.9965	0.0319	-0.0779
			-0.3009	0.7207	-0.6246
			-0.2831	0.0541	0.9576
			0.6244	-0.7637	0.1639
			0.6087	0.2596	0.7497
			-0.6307	0.7316	0.2588
			-0.4813	-0.6304	0.6091
			-0.6087	-0.2596	-0.7497
			0.6307	-0.7316	-0.2588
			0.4813	0.6304	-0.6091
		b:
			22.9081
			-132.2825
			-258.8617
			35.9351
			-3.0771
			30.916
			265.8005
			0.9905
			-214.7778
			-252.8005
			15.0095
			228.7778
	==================================================================================
	Q3:
		Shape: Ellipse
		q_c:	252.0	198.5	76.0
		ub :	257.5762	204.246	80.9105
		lb :	246.4238	192.754	71.0895
		P^-1:
			0.0749	0.0127	-0.0031
			0.0127	0.0557	-0.0015
			-0.0031	-0.0015	0.0498
	==================================================================================
	Q4:
		Shape: Ellipse
		q_c:	272.0	211.0	67.0
		ub :	281.5799	221.3443	76.6595
		lb :	262.4201	200.6557	57.3405
		P^-1:
			0.0318	-0.0137	-0.0112
			-0.0137	0.0337	-0.004
			-0.0112	-0.004	0.0377
	==================================================================================
	Q5:
		Shape: Hybrid
		q_c:	256.0	191.5	82.5
		ub :	266.1951	201.5043	93.2531
		lb :	245.8049	181.4957	71.7469
		P^-1:
			0.0206	0.0033	0.0047
			0.0033	0.0384	0.0154
			0.0047	0.0154	0.0247
		A:
			-0.3741	0.8928	-0.2508
			-0.0147	-0.5771	-0.8166
			-0.4726	-0.8813	0.0054
			0.1446	-0.501	-0.8533
			-0.7627	0.3723	0.5289
			-0.671	-0.5944	-0.4431
		b:
			59.1105
			-178.588
			-285.3744
			-125.7201
			-75.5265
			-319.0716
	==================================================================================
	Q6:
		Shape: Ellipse
		q_c:	257.0	184.0	57.5
		ub :	263.7974	194.3049	66.0573
		lb :	250.2026	173.6951	48.9427
		P^-1:
			0.0461	-0.0033	-0.0142
			-0.0033	0.0143	0.0084
			-0.0142	0.0084	0.0475


===========================================================================================
===========================================================================================
S11:
	q_c:	287.5	25.0	291.0
	ub :	301.772	41.2921	303.419
	lb :	278.672	8.8836	277.1793

	==================================================================================
	Q1:
		Shape: Hybrid
		q_c:	288.0	17.0	295.5
		ub :	296.5353	25.1164	303.419
		lb :	279.4647	8.8836	287.581
		P^-1:
			0.043	0.0094	0.0011
			0.0094	0.0298	0.0056
			0.0011	0.0056	0.0402
		A:
			-0.0411	-0.6469	-0.7615
			-0.4827	-0.8743	0.0515
			0.473	-0.1491	0.8683
			0.4512	0.8469	-0.2813
			-0.413	0.8815	0.2288
			0.21	0.9052	-0.3694
		b:
			-245.0938
			-135.615
			393.381
			64.423
			-32.4599
			-29.624
	==================================================================================
	Q2:
		Shape: Polyhedra
		q_c:	298.5	28.5	294.5
		ub :	301.772	35.2303	300.7424
		lb :	295.228	21.7697	288.2576
		A:
			-0.2016	-0.6493	0.7333
			0.0093	0.0886	-0.996
			-0.856	0.3743	0.3567
			-0.9305	-0.0434	-0.3636
			-0.2323	-0.8848	-0.404
			-0.7389	0.2469	-0.6269
			0.9986	0.0118	0.0524
			-0.0066	-0.9414	0.3374
			0.0533	-0.3372	-0.9399
			-0.9986	-0.0118	-0.0524
			0.0066	0.9414	-0.3374
			-0.0533	0.3372	0.9399
		b:
			142.5071
			-283.3526
			-136.1876
			-382.8981
			-208.6161
			-394.2137
			316.844
			76.0541
			-265.9973
			-310.844
			-65.0541
			274.9973
	==================================================================================
	Q3:
		Shape: Hybrid
		q_c:	288.0	33.0	293.0
		ub :	294.7597	41.2921	301.1479
		lb :	281.2403	24.7079	284.8521
		P^-1:
			0.0424	0.0039	0.0013
			0.0039	0.0438	0.0071
			0.0013	0.0071	0.0309
		A:
			-0.3772	-0.4945	-0.783
			0.8857	0.4108	-0.2162
			0.1024	0.9921	0.0726
			-0.6684	-0.6329	0.3906
			-0.7737	-0.6308	-0.0589
			0.6696	0.5266	-0.5238
		b:
			-351.6795
			207.9413
			86.0013
			-96.0406
			-258.5388
			59.8288
	==================================================================================
	Q4:
		Shape: Ellipse
		q_c:	290.0	17.0	292.5
		ub :	294.695	22.0676	296.6706
		lb :	285.305	11.9324	288.3294
		P^-1:
			0.1245	0.0349	0.0159
			0.0349	0.1111	0.0073
			0.0159	0.0073	0.1171
	==================================================================================
	Q5:
		Shape: Polyhedra
		q_c:	292.0	28.0	292.0
		ub :	301.1028	37.9442	302.5501
		lb :	282.8972	18.0558	281.4499
		A:
			-0.7706	0.2166	0.5994
			-0.7639	-0.5443	0.3466
			-0.7561	0.6056	0.2482
			0.8602	0.4567	-0.2268
			0.9138	-0.1484	-0.378
			-0.098	-0.924	0.3696
			0.1054	0.8536	0.5101
			-0.7503	0.4049	-0.5225
			-0.6526	-0.3277	0.6832
			-0.1054	-0.8536	-0.5101
			0.7503	-0.4049	0.5225
			0.6526	0.3277	-0.6832
		b:
			-37.8178
			-131.033
			-125.2046
			203.8063
			158.3346
			59.6124
			210.1451
			-354.334
			5.7627
			-197.1451
			366.334
			6.2373
	==================================================================================
	Q6:
		Shape: Hybrid
		q_c:	284.5	33.0	282.0
		ub :	290.328	38.9995	286.8207
		lb :	278.672	27.0005	277.1793
		P^-1:
			0.0638	0.0025	-0.0073
			0.0025	0.0676	-0.0147
			-0.0073	-0.0147	0.1048
		A:
			-0.7548	-0.1937	0.6267
			-0.4103	0.0194	-0.9118
			-0.6596	-0.7073	0.2542
			-0.1912	-0.5939	-0.7815
			0.0305	0.305	0.9519
			0.0057	0.3122	0.95
		b:
			-42.4342
			-371.2902
			-137.105
			-292.0983
			289.0986
			281.7441


===========================================================================================
===========================================================================================
S12:
	q_c:	391.0	299.0	134.0
	ub :	431.0285	333.1653	171.0609
	lb :	344.3623	251.7297	87.6141

	==================================================================================
	Q1:
		Shape: Hybrid
		q_c:	368.5	310.0	110.5
		ub :	392.6377	333.1653	133.3859
		lb :	344.3623	286.8347	87.6141
		P^-1:
			0.0043	-0.0007	-0.0011
			-0.0007	0.0057	-0.0007
			-0.0011	-0.0007	0.0056
		A:
			-0.5688	-0.761	-0.3119
			0.2428	0.3531	-0.9035
			-0.9231	-0.0901	0.3738
			0.9806	-0.0237	-0.1948
			-0.6899	-0.4281	0.5838
			0.4177	0.4688	-0.7783
		b:
			-469.6165
			105.4387
			-318.5153
			341.3447
			-315.0695
			219.6023
	==================================================================================
	Q2:
		Shape: Ellipse
		q_c:	404.5	295.5	156.0
		ub :	420.7802	311.3385	171.0609
		lb :	388.2198	279.6615	140.9391
		P^-1:
			0.0152	-0.008	-0.0021
			-0.008	0.016	-0.0024
			-0.0021	-0.0024	0.0103
	==================================================================================
	Q3:
		Shape: Ellipse
		q_c:	384.5	302.5	148.0
		ub :	399.7065	318.7528	161.9529
		lb :	369.2935	286.2472	134.0471
		P^-1:
			0.0191	-0.0098	0.0041
			-0.0098	0.0166	0.0039
			0.0041	0.0039	0.0146
	==================================================================================
	Q4:
		Shape: Hybrid
		q_c:	411.5	272.5	123.5
		ub :	431.0285	293.2703	141.3489
		lb :	391.9715	251.7297	105.6511
		P^-1:
			0.0055	0.0013	-0.0008
			0.0013	0.0073	-0.0011
			-0.0008	-0.0011	0.0074
		A:
			0.2191	-0.725	0.653
			0.4616	-0.1954	0.8653
			-0.4796	0.6007	-0.6397
			0.0169	0.3835	0.9234
			-0.2577	0.952	-0.1651
			0.7427	-0.6691	-0.0269
		b:
			-20.0215
			251.1381
			-104.8909
			232.5555
			140.394
			128.9708
	==================================================================================
	Q5:
		Shape: Polyhedra
		q_c:	409.0	313.0	128.0
		ub :	426.6556	320.4485	144.6984
		lb :	391.3444	305.5515	111.3016
		A:
			0.6791	-0.7246	-0.1174
			-0.1988	0.4319	0.8797
			0.6859	0.5333	-0.4951
			0.3313	-0.9278	0.1714
			-0.2105	0.9775	-0.0123
			0.0027	-0.9652	-0.2614
			0.1916	0.0492	0.9802
			-0.9458	-0.2577	0.1978
			0.2623	-0.965	-0.0029
			-0.1916	-0.0492	-0.9802
			0.9458	0.2577	-0.1978
			-0.2623	0.965	0.0029
		b:
			43.5878
			178.9964
			398.1731
			-128.9948
			221.4141
			-328.6052
			233.2107
			-427.1658
			-192.1155
			-205.2107
			457.1658
			198.1155
	==================================================================================
	Q6:
		Shape: Hybrid
		q_c:	380.0	313.5	145.5
		ub :	390.5229	328.2808	158.0118
		lb :	369.4771	298.7192	132.9882
		P^-1:
			0.0197	0.0019	0.0015
			0.0019	0.007	0.0018
			0.0015	0.0018	0.014
		A:
			-0.8726	-0.4879	0.0232
			-0.3407	-0.622	0.705
			0.2986	-0.7885	-0.5377
			0.2948	-0.2009	-0.9342
			-0.6196	-0.7407	0.2597
			0.4264	0.1745	0.8875
		b:
			-476.5756
			-214.7014
			-204.8774
			-81.8648
			-423.1561
			350.2675


===========================================================================================
===========================================================================================
S13:
	q_c:	65.0	494.5	386.0
	ub :	76.7564	503.1013	393.2899
	lb :	61.5812	487.213	374.8971

	==================================================================================
	Q1:
		Shape: Hybrid
		q_c:	66.5	498.0	387.5
		ub :	70.6989	502.1688	391.0564
		lb :	62.3011	493.8312	383.9436
		P^-1:
			0.16	0.0	0.0
			0.0	0.16	0.0
			0.0	0.0	0.16
		A:
			0.1462	0.9347	-0.324
			0.3946	-0.8588	0.3267
			0.9668	0.1443	-0.2111
			-0.3246	0.6113	0.7217
			0.1256	-0.9484	-0.2911
			0.4634	0.5254	-0.7136
		b:
			350.8725
			-273.6287
			55.6161
			563.792
			-575.499
			17.1758
	==================================================================================
	Q2:
		Shape: Ellipse
		q_c:	70.5	498.0	389.5
		ub :	74.7831	501.8834	393.1525
		lb :	66.2169	494.1166	385.8475
		P^-1:
			0.16	0.0	-0.0
			0.0	0.16	0.0
			-0.0	0.0	0.16
	==================================================================================
	Q3:
		Shape: Polyhedra
		q_c:	71.0	498.0	385.0
		ub :	76.7564	503.1013	390.9158
		lb :	65.2436	492.8987	379.0842
		A:
			0.9534	0.1104	-0.2807
			0.9826	-0.0493	-0.1791
