3D_35_14_6_b                l = 3

===========================================================================================
===========================================================================================
S1:
	q_c:	84.0	247.5	112.5
	ub :	99.929	259.3078	130.5294
	lb :	61.0955	222.786	90.0778

	==================================================================================
	Q1:
		Shape: Polyhedra
		q_c:	74.5	236.5	107.0
		ub :	86.7702	248.7657	115.9947
		lb :	62.2298	224.2343	98.0053
		A:
			0.9443	0.3263	-0.0428
			-0.3051	-0.8141	-0.4941
			-0.1254	0.7488	-0.6508
			0.8711	0.4154	0.2618
			0.8597	0.3701	0.3522
			0.4883	0.7106	-0.5065
			0.5446	0.5696	0.6156
			-0.7775	0.6181	0.1158
			-0.3146	-0.5417	0.7795
			-0.5446	-0.5696	-0.6156
			0.7775	-0.6181	-0.1158
			0.3146	0.5417	-0.7795
		b:
			149.937
			-262.7446
			105.5954
			197.0134
			195.0628
			156.5154
			245.6597
			110.6539
			-61.6342
			-236.6597
			-90.6539
			74.6342
	==================================================================================
	Q2:
		Shape: Hybrid
		q_c:	75.0	239.5	100.0
		ub :	86.461	250.191	109.9222
		lb :	63.539	228.809	90.0778
		P^-1:
			0.023	0.0123	0.0043
			0.0123	0.0308	-0.0009
			0.0043	-0.0009	0.0222
		A:
			-0.1257	0.6443	0.7543
			-0.0253	0.9581	0.2854
			-0.8027	-0.3791	-0.4603
			0.3025	0.9529	0.0215
			0.3351	0.819	0.4657
			0.9224	0.2339	0.3074
		b:
			225.4301
			260.4805
			-193.8262
			256.0389
			271.1195
			159.7845
	==================================================================================
	Q3:
		Shape: Ellipse
		q_c:	72.0	244.5	107.5
		ub :	82.9045	252.9355	117.5628
		lb :	61.0955	236.0645	97.4372
		P^-1:
			0.0242	-0.0077	0.0009
			-0.0077	0.036	-0.0019
			0.0009	-0.0019	0.0206
	==================================================================================
	Q4:
		Shape: Hybrid
		q_c:	90.0	236.0	101.0
		ub :	98.3783	245.4191	108.4276
		lb :	81.6217	226.5809	93.5724
		P^-1:
			0.2061	0.0386	-0.2058
			0.0386	0.0337	-0.0242
			-0.2058	-0.0242	0.2585
		A:
			-0.5569	-0.7192	0.4153
			-0.5302	-0.1599	0.8326
			-0.7023	-0.1524	0.6953
			0.5223	0.1451	-0.8403
			-0.5652	0.2345	0.7909
			-0.6087	0.6632	0.4356
		b:
			-174.5894
			-0.1038
			-28.1563
			-2.3745
			86.0509
			150.6702
	==================================================================================
	Q5:
		Shape: Hybrid
		q_c:	91.5	234.0	116.5
		ub :	99.929	245.214	127.142
		lb :	83.071	222.786	105.858
		P^-1:
			0.0234	0.0009	0.001
			0.0009	0.0204	-0.0039
			0.001	-0.0039	0.0192
		A:
			0.2684	0.9501	-0.1587
			0.3635	-0.1418	0.9208
			0.0735	0.4193	-0.9049
			0.4011	0.2192	-0.8894
			-0.6111	-0.7914	-0.0175
			0.2026	0.4483	-0.8706
		b:
			231.9749
			111.0702
			2.9663
			-11.8155
			-239.5986
			25.522
	==================================================================================
	Q6:
		Shape: Polyhedra
		q_c:	90.5	255.5	123.0
		ub :	99.0499	259.3078	130.5294
		lb :	81.9501	251.6922	115.4706
		A:
			-0.18	0.2333	0.9556
			-0.9057	-0.118	-0.4071
			-0.2917	0.7855	-0.5458
			-0.0228	0.9607	-0.2766
			-0.515	0.5779	-0.6331
			0.4553	0.8259	0.3325
			0.3774	0.4832	0.79
			-0.3119	0.8696	-0.3829
			-0.872	-0.1019	0.4789
			-0.3774	-0.4832	-0.79
			0.3119	-0.8696	0.3829
			0.872	0.1019	-0.4789
		b:
			166.5674
			-156.5915
			108.5336
			211.5163
			25.342
			297.6086
			259.2765
			147.8639
			-38.5376
			-250.2765
			-145.8639
			53.5376


===========================================================================================
===========================================================================================
S2:
	q_c:	36.0	382.0	361.5
	ub :	45.2373	390.8178	372.8095
	lb :	26.2536	376.361	351.4549

	==================================================================================
	Q1:
		Shape: Polyhedra
		q_c:	41.5	385.0	367.0
		ub :	44.5147	387.1502	369.9206
		lb :	38.4853	382.8498	364.0794
		A:
			0.009	-0.7833	-0.6216
			-0.5839	-0.6484	-0.4885
			-0.8526	-0.4351	-0.2894
			-0.4831	-0.7324	-0.4798
			0.3288	0.8912	0.3125
			-0.0346	0.7642	0.6441
			0.1406	0.8136	0.5642
			0.8608	0.181	-0.4756
			-0.4891	0.5525	-0.6749
			-0.1406	-0.8136	-0.5642
			-0.8608	-0.181	0.4756
			0.4891	-0.5525	0.6749
		b:
			-528.7266
			-452.0359
			-307.4247
			-477.2236
			472.2685
			529.7818
			526.6209
			-67.1251
			-52.7696
			-525.6209
			71.1251
			57.7696
	==================================================================================
	Q2:
		Shape: Hybrid
		q_c:	34.0	381.5	368.5
		ub :	37.6896	385.9075	372.8095
		lb :	30.3104	377.0925	364.1905
		P^-1:
			0.1111	0.0002	-0.0003
			0.0002	0.1333	-0.0243
			-0.0003	-0.0243	0.1378
		A:
			0.3246	-0.2914	-0.8999
			0.9865	-0.1525	0.0605
			0.3315	-0.2297	0.9151
			0.3071	0.3448	0.887
			-0.5685	0.0668	-0.8199
			0.267	0.9609	0.0733
		b:
			-430.0844
			-0.5683
			262.2529
			470.5266
			-294.4342
			404.2549
	==================================================================================
	Q3:
		Shape: Hybrid
		q_c:	40.0	384.5	357.0
		ub :	45.2373	389.9346	362.5451
		lb :	34.7627	379.0654	351.4549
		P^-1:
			0.0924	0.0053	0.0132
			0.0053	0.0842	0.0065
			0.0132	0.0065	0.0977
		A:
			0.888	-0.4017	0.2238
			0.064	0.1386	0.9883
			0.4849	-0.4835	-0.7287
			0.9828	-0.1785	0.048
			-0.0648	-0.1032	0.9925
			0.0073	-0.9106	-0.4132
		b:
			-37.1924
			410.3322
			-424.7473
			-10.3692
			313.8415
			-495.5016
	==================================================================================
	Q4:
		Shape: Hybrid
		q_c:	31.0	380.0	359.5
		ub :	35.7464	383.639	363.9883
		lb :	26.2536	376.361	355.0117
		P^-1:
			0.0664	-0.002	0.0157
			-0.002	0.2103	-0.0634
			0.0157	-0.0634	0.147
		A:
			0.3192	-0.1968	-0.927
			0.4275	0.8849	-0.1847
			-0.1935	0.4416	-0.8761
			-0.0058	0.0117	0.9999
			0.6298	0.7758	0.0384
			0.4796	0.8677	-0.1307
		b:
			-395.8763
			284.6816
			-151.8446
			365.5822
			330.1636
			299.3092
	==================================================================================
	Q5:
		Shape: Hybrid
		q_c:	31.0	387.5	360.5
		ub :	33.8572	390.8178	364.0177
		lb :	28.1428	384.1822	356.9823
		P^-1:
			0.2491	-0.0079	0.0041
			-0.0079	0.1795	0.0363
			0.0041	0.0363	0.2313
		A:
			0.1043	0.7125	0.6939
			-0.0272	0.8477	-0.5297
			-0.4206	-0.6152	-0.6668
			-0.6617	-0.3793	0.6467
			-0.5453	-0.3091	0.7792
			0.0459	-0.5576	-0.8288
		b:
			530.527
			138.1643
			-490.7689
			66.9191
			145.449
			-512.437
	==================================================================================
	Q6:
		Shape: Ellipse
		q_c:	33.0	382.0	362.0
		ub :	37.8087	386.8688	364.8811
		lb :	28.1913	377.1312	359.1189
		P^-1:
			0.1079	0.0195	-0.0282
			0.0195	0.0962	-0.0258
			-0.0282	-0.0258	0.2386


===========================================================================================
===========================================================================================
S3:
	q_c:	493.0	464.0	77.5
	ub :	509.0664	485.5026	94.6193
	lb :	477.891	444.8455	56.814

	==================================================================================
	Q1:
		Shape: Polyhedra
		q_c:	501.5	478.5	64.0
		ub :	509.0664	485.5026	71.186
		lb :	493.9336	471.4974	56.814
		A:
			0.4355	-0.7305	0.5261
			0.8444	-0.4082	0.347
			-0.5851	0.6441	0.4927
			-0.4935	0.7489	-0.4422
			-0.5628	0.6982	0.4425
			-0.3958	0.8023	-0.4468
			0.6317	0.629	0.453
			-0.4	-0.2361	0.8856
			0.664	-0.7407	0.1025
			-0.6317	-0.629	-0.453
			0.4	0.2361	-0.8856
			-0.664	0.7407	-0.1025
		b:
			-94.3896
			253.9785
			49.8137
			85.4378
			83.636
			159.8142
			653.3041
			-252.3738
			-12.3584
			-640.3041
			261.3738
			17.3584
	==================================================================================
	Q2:
		Shape: Ellipse
		q_c:	485.5	450.0	86.5
		ub :	491.9296	455.1545	94.6193
		lb :	479.0704	444.8455	78.3807
		P^-1:
			0.0896	0.0071	-0.0375
			0.0071	0.0779	0.0129
			-0.0375	0.0129	0.0457
	==================================================================================
	Q3:
		Shape: Hybrid
		q_c:	491.0	475.5	66.5
		ub :	498.9934	485.1375	74.8179
		lb :	483.0066	465.8625	58.1821
		P^-1:
			0.0371	0.007	0.0027
			0.007	0.0204	0.0007
			0.0027	0.0007	0.0208
		A:
			0.8887	0.3766	0.2616
			0.4448	-0.6753	-0.5883
			-0.7466	-0.4355	-0.503
			0.7992	0.6009	-0.0154
			-0.9621	-0.1894	0.1962
			-0.808	-0.5395	0.2369
		b:
			635.348
			-137.0007
			-604.1733
			679.9107
			-546.5793
			-634.5381
	==================================================================================
	Q4:
		Shape: Ellipse
		q_c:	493.5	463.0	82.0
		ub :	502.5194	471.7166	90.1418
		lb :	484.4806	454.2834	73.8582
		P^-1:
			0.0354	-0.0103	-0.0066
			-0.0103	0.0415	-0.003
			-0.0066	-0.003	0.0361
	==================================================================================
	Q5:
		Shape: Polyhedra
		q_c:	486.0	464.5	72.5
		ub :	494.109	475.7946	81.5628
		lb :	477.891	453.2054	63.4372
		A:
			0.2351	-0.2365	0.9428
			-0.7543	0.0672	0.6531
			-0.8451	-0.528	0.0843
			0.8647	-0.4213	0.2735
			0.7981	0.5468	0.2532
			0.84	-0.4146	0.35
			0.2589	0.3533	0.899
			-0.9496	0.2635	0.1699
			-0.1769	-0.8976	0.4038
			-0.2589	-0.3533	-0.899
			0.9496	-0.2635	-0.1699
			0.1769	0.8976	-0.4038
		b:
			79.2154
			-282.1385
			-642.6428
			250.3078
			666.7158
			247.0933
			360.1153
			-321.2687
			-464.6326
			-350.1153
			332.2687
			482.6326
	==================================================================================
	Q6:
		Shape: Hybrid
		q_c:	497.5	466.0	85.0
		ub :	506.7026	474.3473	93.3278
		lb :	488.2974	457.6527	76.6722
		P^-1:
			0.0349	-0.0005	-0.003
			-0.0005	0.0332	0.0007
			-0.003	0.0007	0.038
		A:
			-0.7231	-0.5484	0.4199
			-0.4946	0.5229	0.6942
			-0.0522	0.3481	-0.936
			0.153	-0.7566	-0.6358
			-0.8567	0.4918	0.1556
			-0.5343	-0.5057	0.6773
		b:
			-576.832
			59.2219
			59.4067
			-327.7278
			-181.0288
			-441.2285


===========================================================================================
===========================================================================================
S4:
	q_c:	23.0	474.0	64.0
	ub :	36.8455	500.7673	93.9576
	lb :	-8.7892	440.4527	42.0403

	==================================================================================
	Q1:
		Shape: Ellipse
		q_c:	17.0	466.0	47.0
		ub :	21.6869	472.1786	51.9597
		lb :	12.3131	459.8214	42.0403
		P^-1:
			0.0621	-0.0031	0.0006
			-0.0031	0.0413	0.0042
			0.0006	0.0042	0.0617
	==================================================================================
	Q2:
		Shape: Polyhedra
		q_c:	4.5	455.0	69.0
		ub :	17.7892	469.5473	84.6765
		lb :	-8.7892	440.4527	53.3235
		A:
			0.9154	0.3988	0.0552
			-0.5678	-0.6952	-0.4408
			-0.6299	-0.7255	0.2773
			0.4521	0.8917	0.02
			-0.4663	-0.7446	-0.4777
			0.7553	0.6337	-0.1673
			0.7103	0.6858	0.1588
			0.3067	-0.5046	0.8071
			0.6336	-0.5246	-0.5687
			-0.7103	-0.6858	-0.1588
			-0.3067	0.5046	-0.8071
			-0.6336	0.5246	0.5687
		b:
			195.5118
			-343.188
			-306.7402
			415.6373
			-367.5415
			286.425
			331.6722
			-160.5029
			-266.065
			-320.6722
			184.5029
			284.065
	==================================================================================
	Q3:
		Shape: Ellipse
		q_c:	22.0	485.0	86.5
		ub :	28.9282	491.0035	93.9576
		lb :	15.0718	478.9965	79.0424
		P^-1:
			0.1214	-0.1033	0.0108
			-0.1033	0.1656	-0.0082
			0.0108	-0.0082	0.036
	==================================================================================
	Q4:
		Shape: Hybrid
		q_c:	31.0	473.0	72.5
		ub :	36.8455	486.6883	86.6624
		lb :	25.1545	459.3117	58.3376
		P^-1:
			0.1056	0.0049	0.0225
			0.0049	0.0101	0.0008
			0.0225	0.0008	0.0145
		A:
			0.9811	-0.1734	0.0861
			-0.6202	0.5568	-0.5526
			0.9949	0.0949	0.0352
			-0.9071	-0.4102	-0.0942
			0.9498	-0.1255	0.2867
			-0.696	-0.6684	-0.2625
		b:
			-42.8904
			210.0053
			80.334
			-225.7635
			-7.1675
			-351.3575
	==================================================================================
	Q5:
		Shape: Polyhedra
		q_c:	22.5	465.5	61.5
		ub :	32.2197	475.6513	69.4964
		lb :	12.7803	455.3487	53.5036
		A:
			0.3539	-0.5314	-0.7697
			0.8754	0.2747	-0.3977
			0.5813	0.5102	-0.6338
			0.3324	-0.4782	-0.8129
			-0.1017	-0.8017	-0.589
			-0.2155	0.8469	0.4862
			0.7843	0.6043	0.1402
			0.5026	-0.7514	0.4275
			0.3637	-0.2648	-0.8931
			-0.7843	-0.6043	-0.1402
			-0.5026	0.7514	-0.4275
			-0.3637	0.2648	0.8931
		b:
			-281.9587
			128.2853
			217.019
			-260.4741
			-406.4489
			424.953
			313.0863
			-304.6967
			-165.5078
			-302.0863
			319.6967
			174.5078
	==================================================================================
	Q6:
		Shape: Polyhedra
		q_c:	7.5	491.0	56.5
		ub :	16.1628	500.7673	61.3002
		lb :	-1.1628	481.2327	51.6998
		A:
			0.175	-0.3605	0.9162
			0.5694	0.1406	-0.8099
			0.1887	0.3786	-0.9061
			-0.5067	0.861	0.0437
			-0.9231	0.3773	-0.0741
			0.4108	-0.7605	0.5029
			0.4912	0.8356	0.246
			0.8637	-0.4306	-0.2619
			-0.1129	0.3411	-0.9332
			-0.4912	-0.8356	-0.246
			-0.8637	0.4306	0.2619
			0.1129	-0.3411	0.9332
		b:
			-122.4099
			31.3563
			138.5724
			427.2394
			179.0543
			-337.9187
			436.3652
			-214.7428
			115.4032
			-419.3652
			224.7428
			-112.4032


===========================================================================================
===========================================================================================
S5:
	q_c:	333.0	491.0	439.0
	ub :	352.8017	509.5262	456.1276
	lb :	314.7776	470.8776	418.8503

	==================================================================================
	Q1:
		Shape: Polyhedra
		q_c:	325.5	484.5	445.5
		ub :	336.2224	494.4633	456.1276
		lb :	314.7776	474.5367	434.8724
		A:
			0.2352	-0.5406	-0.8077
			0.7189	-0.5636	-0.4068
			0.0979	0.8921	-0.4411
			-0.1657	0.9055	-0.3906
			-0.3097	-0.6904	-0.6538
			0.189	-0.7836	0.5919
			0.8436	0.465	0.2686
			0.1928	0.2045	-0.9597
			-0.5012	0.8614	0.0829
			-0.8436	-0.465	-0.2686
			-0.1928	-0.2045	0.9597
			0.5012	-0.8614	-0.0829
		b:
			-537.8975
			-214.0452
			274.6849
			217.3568
			-719.2977
			-47.3205
			627.0291
			-257.1828
			296.6308
			-612.0291
			274.1828
			-285.6308
	==================================================================================
	Q2:
		Shape: Polyhedra
		q_c:	341.0	500.5	438.0
		ub :	349.7658	509.4801	445.9848
		lb :	332.2342	491.5199	430.0152
		A:
			-0.5564	0.1578	0.8158
			-0.67	-0.1838	0.7193
			-0.5471	0.4872	0.6807
			0.1268	0.4998	-0.8568
			0.5808	0.5366	-0.6122
			0.7102	-0.2262	-0.6666
			0.6919	0.5575	0.4587
			-0.6455	0.1932	0.7389
			0.3233	-0.8074	0.4936
			-0.6919	-0.5575	-0.4587
			0.6455	-0.1932	-0.7389
			-0.3233	0.8074	-0.4936
		b:
			249.1698
			-2.0899
			358.5377
			-77.6764
			203.1349
			-160.422
			723.8981
			202.7203
			-72.6335
			-707.8981
			-197.7203
			82.6335
	==================================================================================
	Q3:
		Shape: Ellipse
		q_c:	331.0	504.0	435.0
		ub :	336.2978	509.5262	439.639
		lb :	325.7022	498.4738	430.361
		P^-1:
			0.0919	0.0227	0.0071
			0.0227	0.08	0.0055
			0.0071	0.0055	0.0642
	==================================================================================
	Q4:
		Shape: Hybrid
		q_c:	341.0	490.0	442.0
		ub :	351.728	499.9288	449.38
		lb :	330.272	480.0712	434.62
		P^-1:
			0.0217	-0.0001	-0.0048
			-0.0001	0.0204	0.0006
			-0.0048	0.0006	0.0387
		A:
			0.141	0.0899	-0.9859
			-0.8156	-0.0854	0.5722
			-0.0193	-0.7196	-0.6941
			0.4541	0.2734	-0.848
			0.4143	0.6286	-0.6582
			-0.8401	-0.0813	0.5363
		b:
			-341.0589
			-63.5876
			-662.3433
			-83.1846
			161.8611
			-85.7045
	==================================================================================
	Q5:
		Shape: Ellipse
		q_c:	324.5	500.5	430.5
		ub :	330.1312	507.8585	436.7922
		lb :	318.8688	493.1415	424.2078
		P^-1:
			0.1225	-0.037	0.0255
			-0.037	0.0472	-0.0347
			0.0255	-0.0347	0.0956
	==================================================================================
	Q6:
		Shape: Polyhedra
		q_c:	344.5	478.0	427.0
		ub :	352.8017	485.1224	435.1497
		lb :	336.1983	470.8776	418.8503
		A:
			0.5552	0.7632	-0.3306
			-0.3418	-0.9385	-0.048
			-0.7204	0.3326	0.6086
			0.256	0.0544	0.9651
			0.8852	-0.2766	0.3742
			0.4378	-0.8981	-0.0424
			0.4711	0.678	0.5642
			0.7213	0.0721	-0.6889
			-0.5077	0.7315	-0.4551
			-0.4711	-0.678	-0.5642
			-0.7213	-0.0721	0.6889
			0.5077	-0.7315	0.4551
		b:
			419.6265
			-582.5211
			175.705
			530.9685
			337.9675
			-291.0131
			730.8129
			-6.2205
			-13.5768
			-723.8129
			16.2205
			25.5768


===========================================================================================
===========================================================================================
S6:
	q_c:	168.5	208.0	94.0
	ub :	181.7495	236.6978	118.6692
	lb :	145.3781	190.1524	69.8895

	==================================================================================
	Q1:
		Shape: Hybrid
		q_c:	157.0	220.0	108.0
		ub :	168.6219	231.1094	118.6692
		lb :	145.3781	208.8906	97.3308
		P^-1:
			0.0261	0.0045	0.0081
			0.0045	0.0175	0.0035
			0.0081	0.0035	0.0173
		A:
			0.7059	0.3868	0.5933
			0.4261	0.3388	0.8388
			0.3766	0.0748	-0.9233
			-0.6	0.793	0.1058
			-0.6023	0.5793	-0.5492
			-0.7121	-0.3005	-0.6346
		b:
			262.8444
			235.7757
			-17.9296
			96.9255
			-21.7245
			-243.546
	==================================================================================
	Q2:
		Shape: Ellipse
		q_c:	172.0	225.5	98.5
		ub :	181.7495	236.6978	107.5449
		lb :	162.2505	214.3022	89.4551
		P^-1:
			0.0261	0.0062	-0.0133
			0.0062	0.0398	-0.0324
			-0.0133	-0.0324	0.0505
	==================================================================================
	Q3:
		Shape: Hybrid
		q_c:	163.0	202.5	95.5
		ub :	174.4958	214.8476	105.1619
		lb :	151.5042	190.1524	85.8381
		P^-1:
			0.0175	-0.001	-0.0018
			-0.001	0.0153	-0.0026
			-0.0018	-0.0026	0.0225
		A:
			0.3947	-0.9163	-0.0678
			0.7471	-0.1043	0.6565
			0.2891	-0.8688	0.402
			0.397	0.1731	0.9013
			0.0426	-0.3956	0.9174
			0.9618	0.1947	0.1926
		b:
			-123.0182
			167.5781
			-86.1691
			190.0324
			17.7877
			219.2195
	==================================================================================
	Q4:
		Shape: Ellipse
		q_c:	156.0	201.0	93.0
		ub :	162.0253	209.803	101.8867
		lb :	149.9747	192.197	84.1133
		P^-1:
			0.0589	0.0031	-0.0078
			0.0031	0.0304	-0.0093
			-0.0078	-0.0093	0.0369
	==================================================================================
	Q5:
		Shape: Polyhedra
		q_c:	165.5	212.0	96.0
		ub :	177.3426	222.5393	107.519
		lb :	153.6574	201.4607	84.481
		A:
			-0.6765	-0.0714	0.733
			0.436	0.8991	0.04
			0.1477	-0.1399	-0.9791
			-0.1734	0.9752	0.1374
			0.9911	0.0136	0.1327
			0.1355	-0.7619	0.6334
			0.3512	0.0328	0.9357
			-0.5396	0.8239	0.1736
			-0.7652	-0.5658	0.307
			-0.3512	-0.0328	-0.9357
			0.5396	-0.8239	-0.1736
			0.7652	0.5658	-0.307
		b:
			-49.895
			273.1086
			-90.5598
			199.7952
			186.8203
			-70.1755
			163.9055
			111.0256
			-212.1297
			-145.9055
			-93.0256
			222.1297
	==================================================================================
	Q6:
		Shape: Hybrid
		q_c:	163.0	214.5	80.0
		ub :	175.9973	227.3556	90.1105
		lb :	150.0027	201.6444	69.8895
		P^-1:
			0.0182	0.0075	-0.0057
			0.0075	0.0199	-0.0096
			-0.0057	-0.0096	0.0308
		A:
			0.8871	-0.0448	0.4593
			0.0589	-0.7607	-0.6465
			0.1574	-0.0291	-0.9871
			0.7556	0.1303	-0.6419
			0.9377	0.275	0.2123
			0.1855	0.9813	-0.0511
		b:
			177.3353
			-199.2296
			-55.8156
			103.7773
			233.8846
			241.6909


===========================================================================================
===========================================================================================
S7:
	q_c:	240.0	406.0	441.0
	ub :	248.501	429.4594	464.1439
	lb :	219.1008	389.4081	418.4088

	==================================================================================
	Q1:
		Shape: Ellipse
		q_c:	236.0	397.5	440.0
		ub :	246.6365	405.5919	448.8837
		lb :	225.3635	389.4081	431.1163
		P^-1:
			0.0276	0.0177	0.0052
			0.0177	0.0506	-0.0111
			0.0052	-0.0111	0.0382
	==================================================================================
	Q2:
		Shape: Polyhedra
		q_c:	227.5	402.0	455.0
		ub :	235.8992	411.361	463.475
		lb :	219.1008	392.639	446.525
		A:
			0.3642	0.3127	-0.8773
			-0.8401	-0.2647	-0.4735
			0.0449	-0.4861	0.8728
			-0.4496	0.2387	-0.8608
			0.4637	-0.0868	-0.8817
			0.4442	0.6811	0.5821
			0.0541	0.2152	0.9751
			-0.9985	0.0189	0.0513
			-0.0074	-0.9764	0.2159
			-0.0541	-0.2152	-0.9751
			0.9985	-0.0189	-0.0513
			0.0074	0.9764	-0.2159
		b:
			-183.43
			-505.4353
			219.0986
			-390.9428
			-323.6658
			646.9135
			548.9688
			-188.2337
			-287.9816
			-535.9688
			204.2337
			303.9816
	==================================================================================
	Q3:
		Shape: Hybrid
		q_c:	244.0	415.0	457.5
		ub :	248.501	421.4859	464.1439
		lb :	239.499	408.5141	450.8561
		P^-1:
			0.1021	0.0112	0.0077
			0.0112	0.0772	0.0223
			0.0077	0.0223	0.0535
		A:
			0.1135	-0.1195	0.9863
			-0.2409	0.0459	0.9695
			-0.7078	-0.5142	0.4844
			0.4849	-0.8146	0.3183
			-0.48	0.8772	-0.0076
			0.1348	0.0146	0.9908
		b:
			432.5522
			406.8472
			-161.9095
			-71.3459
			245.7804
			495.2657
	==================================================================================
	Q4:
		Shape: Hybrid
		q_c:	230.0	407.0	428.0
		ub :	239.6811	416.0837	437.5912
		lb :	220.3189	397.9163	418.4088
		P^-1:
			0.036	-0.0032	0.0085
			-0.0032	0.0374	0.0068
			0.0085	0.0068	0.0222
		A:
			-0.6586	0.5937	0.4624
			0.1343	0.9826	-0.1284
			0.6113	0.7758	0.1566
			-0.6326	0.7672	0.1062
			-0.6617	0.3095	-0.6829
			-0.547	0.438	-0.7134
		b:
			291.3679
			379.1752
			526.3714
			214.7512
			-315.3652
			-249.4044
	==================================================================================
	Q5:
		Shape: Polyhedra
		q_c:	239.0	407.0	452.0
		ub :	246.9906	412.2872	459.957
		lb :	231.0094	401.7128	444.043
		A:
			0.8813	0.0557	-0.4693
			0.0473	0.4684	-0.8822
			0.1909	0.4398	0.8776
			-0.7786	-0.6081	-0.1551
			-0.6562	-0.7432	0.1305
			0.1522	0.9881	0.023
			0.6256	0.4071	0.6655
			0.7284	0.0009	-0.6852
			-0.2795	0.9134	-0.296
			-0.6256	-0.4071	-0.6655
			-0.7284	-0.0009	0.6852
			0.2795	-0.9134	0.296
		b:
			27.0728
			-191.8813
			625.7869
			-499.1591
			-395.6047
			452.9645
			620.0195
			-129.2554
			175.1724
			-612.0195
			141.2554
			-167.1724
	==================================================================================
	Q6:
		Shape: Polyhedra
		q_c:	239.0	421.5	450.0
		ub :	245.6938	429.4594	455.9047
		lb :	232.3062	413.5406	444.0953
		A:
			0.8214	0.5405	0.1824
			-0.7056	-0.6704	-0.2295
			0.4948	0.1397	0.8577
			0.8803	0.0492	-0.4719
			0.841	0.2712	0.4681
			-0.8433	-0.2867	-0.4545
			0.7435	0.316	0.5894
			-0.3583	-0.556	0.75
			0.5647	-0.7688	-0.3001
			-0.7435	-0.316	-0.5894
			0.3583	0.556	-0.75
			-0.5647	0.7688	0.3001
		b:
			508.5936
			-551.8037
			565.4795
			23.7253
			528.1466
			-524.7533
			578.1172
			21.0417
			-317.1366
			-574.1172
			-14.0417
			331.1366


===========================================================================================
===========================================================================================
S8:
	q_c:	109.0	257.5	375.5
	ub :	117.6104	266.3951	381.917
	lb :	100.6094	247.2549	366.3879

	==================================================================================
	Q1:
		Shape: Ellipse
		q_c:	108.5	253.0	374.0
		ub :	114.6768	258.7451	378.376
		lb :	102.3232	247.2549	369.624
		P^-1:
			0.0686	-0.0053	-0.0314
			-0.0053	0.0808	-0.0262
			-0.0314	-0.0262	0.1417
	==================================================================================
	Q2:
		Shape: Polyhedra
		q_c:	114.5	256.5	370.5
		ub :	117.6104	259.9276	374.6121
		lb :	111.3896	253.0724	366.3879
		A:
			-0.6062	-0.6212	-0.4967
			-0.6932	-0.4946	-0.5242
			-0.6057	-0.6675	-0.433
			0.6887	0.5363	0.4879
			-0.7842	-0.5943	-0.1785
			-0.4056	0.5573	0.7245
			0.7578	0.5806	0.2978
			0.5302	-0.2819	-0.7996
			-0.3802	0.7639	-0.5215
			-0.7578	-0.5806	-0.2978
			-0.5302	0.2819	0.7996
			0.3802	-0.7639	0.5215
		b:
			-411.8643
			-399.5774
			-400.1878
			397.9873
			-307.7453
			367.8642
			346.5274
			-304.8505
			-37.8149
			-345.5274
			310.8505
			43.8149
	==================================================================================
	Q3:
		Shape: Ellipse
		q_c:	111.0	262.5	376.0
		ub :	114.0881	265.3008	378.6632
		lb :	107.9119	259.6992	373.3368
		P^-1:
			0.3263	-0.0439	0.0842
			-0.0439	0.2752	-0.0484
			0.0842	-0.0484	0.3429
	==================================================================================
	Q4:
		Shape: Ellipse
		q_c:	105.5	260.5	374.5
		ub :	110.3906	264.3927	377.9701
		lb :	100.6094	256.6073	371.0299
		P^-1:
			0.0676	-0.007	0.0184
			-0.007	0.1103	0.0068
			0.0184	0.0068	0.1557
	==================================================================================
	Q5:
		Shape: Ellipse
		q_c:	112.0	254.5	373.5
		ub :	117.4213	260.2709	378.4927
		lb :	106.5787	248.7291	368.5073
		P^-1:
			0.1003	-0.0133	-0.0152
			-0.0133	0.0947	-0.0187
			-0.0152	-0.0187	0.0897
	==================================================================================
	Q6:
		Shape: Hybrid
		q_c:	108.5	264.5	379.5
		ub :	111.7799	266.3951	381.917
		lb :	105.2201	262.6049	377.083
		P^-1:
			0.332	0.0026	0.3794
			0.0026	0.4464	-0.0651
			0.3794	-0.0651	0.7772
		A:
			-0.6965	0.18	-0.6946
			-0.1827	0.7492	-0.6366
			0.4298	-0.7682	0.4745
			-0.0191	0.8981	-0.4394
			-0.4009	0.5339	-0.7445
			0.3062	0.8823	-0.3576
		b:
			-290.8025
			-62.4598
			24.4283
			69.6385
			-184.1876
			132.1032


===========================================================================================
===========================================================================================
S9:
	q_c:	490.0	205.0	159.5
	ub :	510.3235	209.3224	180.843
	lb :	475.7354	187.5365	143.3897

	==================================================================================
	Q1:
		Shape: Hybrid
		q_c:	503.0	194.5	150.0
		ub :	510.3235	201.4635	156.6103
		lb :	495.6765	187.5365	143.3897
		P^-1:
			0.0349	0.0036	0.0006
			0.0036	0.0934	-0.0606
			0.0006	-0.0606	0.1048
		A:
			-0.3432	0.8074	-0.4799
			0.6208	0.609	-0.4936
			-0.2053	-0.5765	0.7909
			0.1875	-0.9761	0.1101
			-0.7644	0.2399	-0.5984
			-0.0257	0.9555	-0.2939
		b:
			-85.4843
			359.2658
			-95.3197
			-76.248
			-424.3952
			130.9935
	==================================================================================
	Q2:
		Shape: Hybrid
		q_c:	489.0	204.5	154.5
		ub :	496.1852	209.3224	162.1939
		lb :	481.8148	199.6776	146.8061
		P^-1:
			0.0766	-0.0063	0.0423
			-0.0063	0.11	0.0077
			0.0423	0.0077	0.0593
		A:
			0.6259	0.7622	-0.1653
			0.2906	-0.9391	0.1835
			-0.2676	-0.9635	0.0125
			-0.1312	-0.9636	0.2329
			-0.3865	-0.916	0.108
			-0.6953	0.7147	-0.0766
		b:
			439.5042
			-20.0483
			-324.0211
			-223.0534
			-357.2304
			-203.7261
	==================================================================================
	Q3:
		Shape: Hybrid
		q_c:	489.0	196.5	156.5
		ub :	495.557	201.0026	162.6038
		lb :	482.443	191.9974	150.3962
		P^-1:
			0.0612	-0.0142	0.0067
			-0.0142	0.107	0.0002
			0.0067	0.0002	0.0548
		A:
			0.0183	0.4048	0.9142
			-0.8046	0.2948	0.5154
			-0.9134	-0.0961	-0.3955
			0.6565	-0.1427	0.7407
			-0.3302	0.8088	-0.4866
			-0.2427	0.6222	-0.7443
		b:
			234.1605
			-252.2042
			-524.929
			411.3319
			-76.8682
			-110.6757
	==================================================================================
	Q4:
		Shape: Ellipse
		q_c:	500.0	202.0	151.0
		ub :	505.3631	207.4143	155.9233
		lb :	494.6369	196.5857	146.0767
		P^-1:
			0.0962	0.0247	-0.081
			0.0247	0.0724	-0.0364
			-0.081	-0.0364	0.1933
	==================================================================================
	Q5:
		Shape: Ellipse
		q_c:	481.0	195.5	162.5
		ub :	486.2646	201.1574	168.7919
		lb :	475.7354	189.8426	156.2081
		P^-1:
			0.0617	-0.001	0.003
			-0.001	0.0614	0.0035
			0.003	0.0035	0.0513
	==================================================================================
	Q6:
		Shape: Ellipse
		q_c:	488.5	200.5	172.0
		ub :	497.6362	205.7789	180.843
		lb :	479.3638	195.2211	163.157
		P^-1:
			0.036	-0.0101	0.0166
			-0.0101	0.0788	-0.0012
			0.0166	-0.0012	0.0339


===========================================================================================
===========================================================================================
S10:
	q_c:	506.0	458.0	32.5
	ub :	528.2785	481.8267	62.2179
	lb :	485.2941	432.5442	10.7383

	==================================================================================
	Q1:
		Shape: Ellipse
		q_c:	509.0	446.0	34.5
		ub :	516.4825	453.8348	40.0373
		lb :	501.5175	438.1652	28.9627
		P^-1:
			0.0404	0.0007	0.0027
			0.0007	0.0414	0.0055
			0.0027	0.0055	0.0607
	==================================================================================
	Q2:
		Shape: Hybrid
		q_c:	518.5	462.0	40.0
		ub :	528.2785	470.1485	49.7138
		lb :	508.7215	453.8515	30.2862
		P^-1:
			0.0293	-0.0037	0.0057
			-0.0037	0.0373	-0.0012
			0.0057	-0.0012	0.0301
		A:
			0.7779	-0.2411	0.5803
			0.3307	0.9427	0.0435
			-0.1164	-0.3533	-0.9282
			0.7131	0.5424	0.4442
			0.5758	0.609	0.5455
			-0.4119	-0.8728	0.2618
		b:
			317.9246
			611.7452
			-257.5001
			641.2086
			604.7639
			-603.1159
	==================================================================================
	Q3:
		Shape: Polyhedra
		q_c:	498.5	469.5	49.5
		ub :	509.7778	478.8132	62.2179
		lb :	487.2222	460.1868	36.7821
		A:
			0.6142	-0.789	-0.0169
			0.2981	-0.8482	-0.4378
			0.7889	-0.5954	0.1522
			-0.4746	0.7979	-0.3716
			-0.8235	0.562	0.0778
			-0.5913	0.6969	-0.4058
			0.5011	0.6	0.6236
			0.6263	0.2459	-0.7398
			-0.5973	0.7612	-0.2526
			-0.5011	-0.6	-0.6236
			-0.6263	-0.2459	0.7398
			0.5973	-0.7612	0.2526
		b:
			-61.9903
			-264.6182
			124.2879
			122.1214
			-138.6743
			14.8708
			571.8589
			399.5387
			49.1589
			-552.8589
			-382.5387
			-45.1589
	==================================================================================
	Q4:
		Shape: Hybrid
		q_c:	501.5	449.0	27.0
		ub :	517.7059	465.4558	39.2729
		lb :	485.2941	432.5442	14.7271
		P^-1:
			0.0116	0.0036	-0.005
			0.0036	0.0121	-0.0052
			-0.005	-0.0052	0.0173
		A:
			-0.4429	-0.7473	0.4953
			-0.9502	0.2976	-0.0923
			-0.9792	-0.1917	0.0667
			-0.9473	-0.1822	0.2636
			-0.451	0.3729	0.8109
			0.8964	0.422	0.1356
		b:
			-540.3777
			-337.9111
			-569.0426
			-544.0881
			-30.8581
			649.1526
	==================================================================================
	Q5:
		Shape: Ellipse
		q_c:	499.0	471.0	36.5
		ub :	509.689	481.8267	48.836
		lb :	488.311	460.1733	24.164
		P^-1:
			0.0537	0.0352	0.0337
			0.0352	0.0423	0.0287
			0.0337	0.0287	0.0398
	==================================================================================
	Q6:
		Shape: Hybrid
		q_c:	511.0	458.5	17.0
		ub :	519.46	466.7556	23.2617
		lb :	502.54	450.2444	10.7383
		P^-1:
			0.0346	0.0188	-0.0105
			0.0188	0.0561	-0.0169
			-0.0105	-0.0169	0.0546
		A:
			-0.1885	0.9266	-0.3253
			0.2266	0.9308	-0.287
			-0.8761	-0.2192	0.4294
			-0.3866	-0.9215	0.037
			-0.2419	-0.9317	-0.2709
			-0.8032	0.1159	0.5844
		b:
			326.193
			539.8633
			-537.6749
			-617.1104
			-552.4948
			-343.6277


===========================================================================================
===========================================================================================
S11:
	q_c:	164.0	496.0	361.5
	ub :	183.661	513.8694	378.6054
	lb :	141.277	477.4553	343.9646

	==================================================================================
	Q1:
		Shape: Hybrid
		q_c:	173.0	498.0	354.5
		ub :	183.661	504.6782	365.0354
		lb :	162.339	491.3218	343.9646
		P^-1:
			0.0251	-0.0126	0.004
			-0.0126	0.0545	-0.0107
			0.004	-0.0107	0.0238
		A:
			-0.3366	0.402	-0.8515
			0.0391	0.0862	0.9955
			-0.4535	-0.8513	0.2639
			-0.4016	-0.8556	0.3266
			0.585	-0.5442	0.6014
			0.0016	0.2634	-0.9647
		b:
			-156.2466
			407.4675
			-405.0733
			-376.1616
			46.3892
			-206.18
	==================================================================================
	Q2:
		Shape: Ellipse
		q_c:	150.5	496.0	367.0
		ub :	159.723	507.415	378.6054
		lb :	141.277	484.585	355.3946
		P^-1:
			0.0294	0.0029	-0.005
			0.0029	0.0202	-0.0029
			-0.005	-0.0029	0.0216
	==================================================================================
	Q3:
		Shape: Polyhedra
		q_c:	158.0	485.5	367.0
		ub :	165.5569	493.5447	372.4924
		lb :	150.4431	477.4553	361.5076
		A:
			0.0638	-0.7291	-0.6814
			0.8561	-0.5028	-0.1193
			-0.8627	0.3553	-0.3598
			0.3446	-0.8936	-0.2875
			0.6764	-0.4066	-0.6142
			-0.5374	0.5613	0.6294
			0.7031	0.706	0.0846
			0.7103	-0.6918	-0.1298
			-0.0331	0.1514	-0.9879
			-0.7031	-0.706	-0.0846
			-0.7103	0.6918	0.1298
			0.0331	-0.1514	0.9879
		b:
			-588.9798
			-148.8267
			-91.4599
			-480.6095
			-312.0451
			422.4061
			491.9174
			-267.8084
			-289.796
			-477.9174
			274.8084
			298.796
	==================================================================================
	Q4:
		Shape: Ellipse
		q_c:	163.0	489.5	364.5
		ub :	170.1524	496.6118	371.4332
		lb :	155.8476	482.3882	357.5668
		P^-1:
			0.0636	-0.0204	-0.0032
			-0.0204	0.0576	0.0028
			-0.0032	0.0028	0.0404
	==================================================================================
	Q5:
		Shape: Ellipse
		q_c:	155.5	505.5	352.5
		ub :	160.9534	510.4139	356.5337
		lb :	150.0466	500.5861	348.4663
		P^-1:
			0.0832	0.0	-0.0065
			0.0	0.0816	-0.0002
			-0.0065	-0.0002	0.1096
	==================================================================================
	Q6:
		Shape: Ellipse
		q_c:	159.0	503.5	355.0
		ub :	169.6575	513.8694	362.5845
		lb :	148.3425	493.1306	347.4155
		P^-1:
			0.0226	-0.0009	-0.0031
			-0.0009	0.0229	-0.0025
			-0.0031	-0.0025	0.0317


===========================================================================================
===========================================================================================
S12:
	q_c:	166.0	425.5	184.5
	ub :	178.4225	435.8222	194.2944
	lb :	157.0362	416.2941	177.3882

	==================================================================================
	Q1:
		Shape: Polyhedra
		q_c:	166.0	419.0	182.0
		ub :	167.8494	421.7059	185.4963
		lb :	164.1506	416.2941	178.5037
		A:
			0.7877	-0.4949	0.3668
			0.7491	0.1645	-0.6417
			0.2367	0.9659	0.1045
			-0.5893	-0.2835	-0.7565
			-0.349	-0.9138	0.2078
			0.7997	-0.4462	0.4017
			0.1182	0.4266	0.8967
			-0.0036	0.9032	-0.4293
			-0.993	0.0475	0.1083
			-0.1182	-0.4266	-0.8967
			0.0036	-0.9032	0.4293
			0.993	-0.0475	-0.1083
		b:
			-8.2647
			78.3204
			465.0844
			-351.5914
			-401.3763
			20.554
			364.573
			301.2069
			-123.727
			-358.573
			-298.2069
			126.727
	==================================================================================
	Q2:
		Shape: Polyhedra
		q_c:	173.5	425.5	183.0
		ub :	178.4225	430.0245	187.2922
		lb :	168.5775	420.9755	178.7078
		A:
			0.7445	-0.4301	-0.5106
			0.6751	0.5205	-0.5228
			0.317	-0.5799	0.7505
			0.0675	0.8909	-0.4492
			-0.9639	-0.2317	-0.1315
			-0.8243	0.1145	0.5544
			0.6059	0.7433	0.2835
			0.3312	0.0884	-0.9394
			-0.7234	0.6631	-0.1926
			-0.6059	-0.7433	-0.2835
			-0.3312	-0.0884	0.9394
			0.7234	-0.6631	0.1926
		b:
			-144.5123
			246.1489
			-51.6998
			311.5586
			-286.6837
			10.0465
			476.7909
			-73.8424
			123.8773
			-469.7909
			79.8424
			-118.8773
	==================================================================================
	Q3:
		Shape: Hybrid
		q_c:	167.5	422.0	189.5
		ub :	171.8447	426.9656	194.2944
		lb :	163.1553	417.0344	184.7056
		P^-1:
			0.1843	-0.0815	-0.0105
			-0.0815	0.1463	0.0084
			-0.0105	0.0084	0.0827
		A:
			0.812	-0.502	-0.2978
			0.2449	0.9009	-0.3583
			0.8757	0.4623	-0.1395
			-0.0823	0.5515	0.8301
			0.3893	-0.9029	-0.1825
			0.9285	-0.3712	-0.008
		b:
			-131.1584
			355.674
			317.6286
			378.4848
			-348.959
			-1.4587
	==================================================================================
	Q4:
		Shape: Polyhedra
		q_c:	165.5	430.0	185.5
		ub :	169.4166	433.9269	188.9994
		lb :	161.5834	426.0731	182.0006
		A:
			-0.1268	-0.5984	-0.7911
			-0.6382	-0.7279	-0.2507
			-0.7584	-0.6147	-0.2166
			0.1277	0.3947	0.9099
			-0.1679	-0.3633	0.9164
			-0.5515	-0.7481	0.369
			0.5485	0.5852	0.5973
			-0.5017	0.8017	-0.3248
			-0.6689	-0.1215	0.7333
			-0.5485	-0.5852	-0.5973
			0.5017	-0.8017	0.3248
			0.6689	0.1215	-0.7333
		b:
			-423.3702
			-463.457
			-428.4322
			361.2905
			-11.5779
			-342.2484
			454.6979
			204.9617
			-24.9328
			-451.6979
			-197.9617
			28.9328
	==================================================================================
	Q5:
		Shape: Ellipse
		q_c:	161.0	423.5	185.0
		ub :	164.9638	426.9766	189.3657
		lb :	157.0362	420.0234	180.6343
		P^-1:
			0.134	-0.0072	0.0236
			-0.0072	0.229	0.0438
			0.0236	0.0438	0.1581
	==================================================================================
	Q6:
		Shape: Hybrid
		q_c:	170.0	430.0	183.5
		ub :	174.4721	435.8222	189.6118
		lb :	165.5279	424.1778	177.3882
		P^-1:
			0.1103	0.0047	-0.0054
			0.0047	0.0848	0.0302
			-0.0054	0.0302	0.0765
		A:
			-0.0046	-0.6413	-0.7673
			0.932	-0.0581	0.3579
			-0.8599	-0.5071	-0.058
			-0.4819	0.7552	0.4443
			0.8413	0.4184	0.3424
			-0.7242	0.3398	-0.6
		b:
			-415.7785
			200.9204
			-373.3398
			325.9301
			387.2566
			-84.6842


===========================================================================================
===========================================================================================
S13:
	q_c:	391.5	304.0	503.5
	ub :	407.9174	316.7908	518.8561
	lb :	375.4986	295.6482	490.3718

	==================================================================================
	Q1:
		Shape: Polyhedra
		q_c:	389.0	305.0	498.0
		ub :	396.2699	313.444	504.146
		lb :	381.7301	296.556	491.854
		A:
			-0.4283	0.9017	0.0588
			-0.2669	0.8407	0.4712
			0.7344	-0.6699	-0.1088
			-0.6575	0.4019	-0.6373
			-0.926	0.289	-0.2429
			0.6772	-0.4983	-0.5413
			0.6471	0.7394	0.1861
			0.7619	-0.6364	-0.1208
			0.0291	0.2199	-0.9751
			-0.6471	-0.7394	-0.1861
			-0.7619	0.6364	0.1208
			-0.0291	-0.2199	0.9751
		b:
			141.7668
			392.0915
			30.2191
			-446.3925
			-388.6912
			-154.7756
			577.4034
			45.1201
			-402.6683
			-562.4034
			-39.1201
			411.6683
	==================================================================================
	Q2:
		Shape: Ellipse
		q_c:	390.5	303.0	497.0
		ub :	396.9406	308.0655	502.2653
		lb :	384.0594	297.9345	491.7347
		P^-1:
			0.05	-0.0045	-0.0224
			-0.0045	0.0825	-0.0104
			-0.0224	-0.0104	0.1002
	==================================================================================
	Q3:
		Shape: Hybrid
		q_c:	400.0	302.5	511.0
		ub :	406.0355	307.5489	516.7388
		lb :	393.9645	297.4511	505.2612
		P^-1:
			0.0675	0.0021	0.0159
			0.0021	0.0496	0.0018
			0.0159	0.0018	0.0633
		A:
			-0.2603	0.103	-0.96
			-0.75	-0.6604	0.0383
			0.9116	-0.312	-0.2675
			0.8442	0.5351	-0.0314
			-0.1133	0.8038	-0.584
			0.9279	0.0526	-0.3691
		b:
			-561.4082
			-477.7364
			136.1237
			485.8438
			-98.0335
			200.9813
	==================================================================================
	Q4:
		Shape: Ellipse
		q_c:	387.0	311.5	499.0
		ub :	395.1079	314.8075	507.3609
		lb :	378.8921	308.1925	490.6391
		P^-1:
			0.053	0.0932	-0.0039
			0.0932	0.4223	0.0011
			-0.0039	0.0011	0.0259
	==================================================================================
	Q5:
		Shape: Polyhedra
		q_c:	382.0	310.5	495.5
		ub :	388.5014	316.7908	500.6282
		lb :	375.4986	304.2092	490.3718
		A:
			0.4728	-0.2991	0.8288
			-0.3521	0.7574	-0.5499
			0.58	-0.674	0.4576
			-0.9218	0.2144	-0.3229
			0.2883	-0.0858	-0.9537
			0.6548	-0.5058	-0.5616
			0.53	0.7976	0.2878
			-0.4069	0.537	-0.739
			-0.744	0.2746	0.6092
			-0.53	-0.7976	-0.2878
			0.4069	-0.537	0.739
			0.744	-0.2746	-0.6092
		b:
			500.4649
			-169.7415
			241.0315
			-442.2213
			-385.557
