3D_35_13_6_a                l = 3

===========================================================================================
===========================================================================================
S1:
	q_c:	435.0	139.5	18.0
	ub :	461.6465	163.6108	35.4683
	lb :	409.8175	114.345	-7.0556

	==================================================================================
	Q1:
		Shape: Ellipse
		q_c:	432.0	128.5	1.0
		ub :	439.508	136.2676	9.0556
		lb :	424.492	120.7324	-7.0556
		P^-1:
			0.0274	0.0281	0.0278
			0.0281	0.1298	0.1137
			0.0278	0.1137	0.1288
	==================================================================================
	Q2:
		Shape: Polyhedra
		q_c:	452.0	125.5	12.5
		ub :	461.6465	136.655	23.0192
		lb :	442.3535	114.345	1.9808
		A:
			-0.927	0.0523	-0.3715
			-0.9736	-0.2248	-0.0402
			0.5789	-0.0916	0.8102
			-0.6727	0.6565	0.3412
			-0.1947	-0.6587	0.7267
			-0.5974	-0.7495	-0.2853
			0.5413	0.4161	0.7306
			-0.8024	-0.004	0.5967
			0.2512	-0.9093	0.3318
			-0.5413	-0.4161	-0.7306
			0.8024	0.004	-0.5967
			-0.2512	0.9093	-0.3318
		b:
			-410.6007
			-463.3082
			267.3313
			-210.1066
			-153.4555
			-360.9281
			312.0186
			-350.7391
			13.0854
			-300.0186
			360.7391
			5.9146
	==================================================================================
	Q3:
		Shape: Ellipse
		q_c:	449.5	130.0	7.0
		ub :	457.8571	138.2316	13.5078
		lb :	441.1429	121.7684	0.4922
		P^-1:
			0.0405	0.027	-0.0202
			0.027	0.0671	-0.0312
			-0.0202	-0.0312	0.0602
	==================================================================================
	Q4:
		Shape: Ellipse
		q_c:	420.0	135.5	26.0
		ub :	430.1825	146.6955	35.4683
		lb :	409.8175	124.3045	16.5317
		P^-1:
			0.0266	0.0041	0.0007
			0.0041	0.0139	-0.0024
			0.0007	-0.0024	0.0274
	==================================================================================
	Q5:
		Shape: Ellipse
		q_c:	426.5	127.0	14.0
		ub :	430.7876	133.4154	17.7939
		lb :	422.2124	120.5846	10.2061
		P^-1:
			0.081	0.0056	0.0001
			0.0056	0.0284	-0.001
			0.0001	-0.001	0.0816
	==================================================================================
	Q6:
		Shape: Polyhedra
		q_c:	433.5	154.0	22.5
		ub :	442.788	163.6108	32.8975
		lb :	424.212	144.3892	12.1025
		A:
			-0.1063	0.9943	0.0075
			-0.8785	-0.4337	-0.2004
			-0.0504	-0.7183	-0.6939
			0.2898	0.7218	0.6285
			0.2579	-0.9593	-0.1152
			0.8284	0.5601	-0.0055
			0.3836	0.8149	0.4346
			0.9192	-0.2915	-0.2647
			-0.089	0.501	-0.8608
			-0.3836	-0.8149	-0.4346
			-0.9192	0.2915	0.2647
			0.089	-0.501	0.8608
		b:
			113.1139
			-446.2524
			-142.9327
			255.6248
			-32.4298
			451.1446
			306.0503
			355.1259
			26.6864
			-297.0503
			-340.1259
			-11.6864


===========================================================================================
===========================================================================================
S2:
	q_c:	271.0	342.0	404.0
	ub :	291.2832	370.6576	427.1438
	lb :	247.0783	329.8041	374.0008

	==================================================================================
	Q1:
		Shape: Ellipse
		q_c:	287.5	346.0	408.5
		ub :	291.2832	352.1863	414.6652
		lb :	283.7168	339.8137	402.3348
		P^-1:
			0.1544	-0.0121	-0.0206
			-0.0121	0.0545	-0.0036
			-0.0206	-0.0036	0.063
	==================================================================================
	Q2:
		Shape: Ellipse
		q_c:	278.0	344.5	387.5
		ub :	288.9839	358.5725	400.9992
		lb :	267.0161	330.4275	374.0008
		P^-1:
			0.0219	-0.0033	0.0004
			-0.0033	0.0146	-0.0044
			0.0004	-0.0044	0.0149
	==================================================================================
	Q3:
		Shape: Polyhedra
		q_c:	270.0	344.0	397.5
		ub :	276.392	349.7834	403.9116
		lb :	263.608	338.2166	391.0884
		A:
			-0.6299	-0.1041	-0.7696
			-0.7751	-0.5108	0.3718
			-0.7839	0.0634	-0.6177
			-0.1266	0.799	-0.5878
			-0.487	-0.87	-0.0774
			-0.3967	0.7468	0.5338
			0.8064	0.1626	0.5685
			-0.1723	0.9843	-0.0372
			-0.5657	-0.068	0.8218
			-0.8064	-0.1626	-0.5685
			0.1723	-0.9843	0.0372
			0.5657	0.068	-0.8218
		b:
			-508.5655
			-232.2855
			-432.2043
			11.977
			-457.0413
			367.1535
			502.6707
			282.3098
			156.0681
			-496.6707
			-272.3098
			-145.0681
	==================================================================================
	Q4:
		Shape: Polyhedra
		q_c:	278.5	341.0	393.0
		ub :	288.6098	352.1959	404.9775
		lb :	268.3902	329.8041	381.0225
		A:
			-0.1019	0.6891	-0.7175
			0.0234	-0.1211	0.9924
			0.0336	0.2188	-0.9752
			0.8946	-0.0929	-0.4372
			0.8416	0.4029	-0.3596
			0.8784	-0.4622	-0.1217
			0.9577	0.0045	0.2878
			-0.2604	0.44	0.8594
			-0.1227	-0.898	0.4225
			-0.9577	-0.0045	-0.2878
			0.2604	-0.44	-0.8594
			0.1227	0.898	-0.4225
		b:
			-66.6427
			362.8599
			-291.4559
			53.0287
			238.5021
			46.6642
			388.8733
			422.2757
			-165.3353
			-373.8733
			-408.2757
			183.3353
	==================================================================================
	Q5:
		Shape: Hybrid
		q_c:	280.0	345.5	402.5
		ub :	284.1826	352.3926	409.9582
		lb :	275.8174	338.6074	395.0418
		P^-1:
			0.3854	-0.0106	-0.1441
			-0.0106	0.0443	-0.0057
			-0.1441	-0.0057	0.0919
		A:
			-0.5009	0.5164	0.6946
			0.9038	-0.3854	0.1861
			0.8827	-0.2124	-0.4193
			0.9761	0.0451	-0.2124
			-0.8325	-0.1272	0.5392
			0.7627	0.0009	-0.6468
		b:
			321.1036
			197.3299
			6.0598
			204.5148
			-58.9156
			-44.9832
	==================================================================================
	Q6:
		Shape: Ellipse
		q_c:	255.0	362.5	420.0
		ub :	262.9217	370.6576	427.1438
		lb :	247.0783	354.3424	412.8562
		P^-1:
			0.0439	0.0042	-0.0049
			0.0042	0.0213	0.0006
			-0.0049	0.0006	0.0446


===========================================================================================
===========================================================================================
S3:
	q_c:	394.0	456.0	100.0
	ub :	410.5232	471.3272	114.9309
	lb :	378.5354	438.8092	90.4077

	==================================================================================
	Q1:
		Shape: Polyhedra
		q_c:	402.5	459.0	97.5
		ub :	410.5232	466.8303	104.5923
		lb :	394.4768	451.1697	90.4077
		A:
			-0.75	0.5855	0.3076
			0.8907	0.4525	-0.0437
			-0.7963	-0.6037	0.039
			0.0613	-0.7474	-0.6615
			-0.2815	-0.1294	-0.9508
			0.9616	0.2732	0.0258
			0.2796	0.6797	0.6781
			0.5238	0.4839	-0.701
			-0.8047	0.5512	-0.2207
			-0.2796	-0.6797	-0.6781
			-0.5238	-0.4839	0.701
			0.8047	-0.5512	0.2207
		b:
			2.0443
			566.6998
			-589.2315
			-379.1331
			-261.2604
			519.8846
			494.1409
			369.597
			-86.8797
			-487.1409
			-359.597
			97.8797
	==================================================================================
	Q2:
		Shape: Ellipse
		q_c:	402.5	462.5	99.0
		ub :	405.1715	464.1567	103.8312
		lb :	399.8285	460.8433	94.1688
		P^-1:
			0.4182	-0.0388	0.0957
			-0.0388	0.9794	0.1327
			0.0957	0.1327	0.0962
	==================================================================================
	Q3:
		Shape: Ellipse
		q_c:	399.5	463.5	100.5
		ub :	406.8005	471.3272	107.6461
		lb :	392.1995	455.6728	93.3539
		P^-1:
			0.0691	-0.0167	-0.017
			-0.0167	0.0593	-0.0227
			-0.017	-0.0227	0.0585
	==================================================================================
	Q4:
		Shape: Ellipse
		q_c:	399.5	446.5	97.0
		ub :	402.6847	452.3491	102.9389
		lb :	396.3153	440.6509	91.0611
		P^-1:
			0.3759	0.1256	0.0756
			0.1256	0.1102	0.0355
			0.0756	0.0355	0.0702
	==================================================================================
	Q5:
		Shape: Polyhedra
		q_c:	387.0	447.0	109.5
		ub :	395.4646	455.1908	114.9309
		lb :	378.5354	438.8092	104.0691
		A:
			-0.05	-0.1863	0.9812
			-0.6834	-0.045	0.7286
			-0.5783	-0.7198	0.3839
			0.1043	0.7621	-0.639
			0.5229	0.7852	-0.3318
			-0.0398	0.9913	0.1257
			0.3797	0.764	0.5216
			0.2748	0.4452	-0.8522
			-0.8834	0.4669	-0.0409
			-0.3797	-0.764	-0.5216
			-0.2748	-0.4452	0.8522
			0.8834	-0.4669	0.0409
		b:
			8.1734
			-200.4524
			-499.6565
			314.6562
			520.9176
			446.6862
			550.574
			215.0664
			-131.1412
			-540.574
			-209.0664
			144.1412
	==================================================================================
	Q6:
		Shape: Hybrid
		q_c:	401.0	465.0	96.5
		ub :	404.8125	469.9031	101.8299
		lb :	397.1875	460.0969	91.1701
		P^-1:
			0.6198	0.3925	0.2271
			0.3925	0.3527	0.175
			0.2271	0.175	0.1716
		A:
			-0.4786	-0.7488	-0.4584
			-0.7337	-0.5104	-0.4485
			0.6208	0.4156	0.6648
			-0.8616	0.0871	-0.5001
			-0.5914	-0.1349	-0.795
			-0.9517	-0.1669	-0.2578
		b:
			-583.2842
			-574.2247
			507.5371
			-351.1537
			-374.5658
			-482.8005


===========================================================================================
===========================================================================================
S4:
	q_c:	84.5	140.5	211.0
	ub :	98.6638	157.846	235.4347
	lb :	66.5472	126.297	185.3953

	==================================================================================
	Q1:
		Shape: Polyhedra
		q_c:	75.5	137.5	207.5
		ub :	84.4528	147.0688	215.7298
		lb :	66.5472	127.9312	199.2702
		A:
			0.4897	0.7624	-0.423
			-0.833	-0.2542	0.4915
			-0.5688	0.3019	0.765
			-0.161	-0.8341	0.5276
			0.6887	0.1563	-0.708
			-0.4283	0.8856	0.1798
			0.0675	0.3829	0.9213
			-0.9225	0.3756	-0.0885
			-0.38	-0.844	0.3786
			-0.0675	-0.3829	-0.9213
			0.9225	-0.3756	0.0885
			0.38	0.844	-0.3786
		b:
			59.5475
			10.3125
			163.6282
			-11.7742
			-67.3431
			133.1418
			254.9233
			-29.3654
			-60.6628
			-242.9233
			43.3654
			71.6628
	==================================================================================
	Q2:
		Shape: Ellipse
		q_c:	84.5	138.5	226.0
		ub :	89.5368	147.4016	234.3611
		lb :	79.4632	129.5984	217.6389
		P^-1:
			0.221	-0.0679	0.0065
			-0.0679	0.084	0.0505
			0.0065	0.0505	0.0684
	==================================================================================
	Q3:
		Shape: Hybrid
		q_c:	83.0	137.0	214.0
		ub :	90.1224	144.7746	220.6438
		lb :	75.8776	129.2254	207.3562
		P^-1:
			0.0448	0.0092	-0.0107
			0.0092	0.0574	-0.0212
			-0.0107	-0.0212	0.0525
		A:
			-0.3034	-0.8575	0.4155
			0.1433	-0.9528	-0.2677
			0.0115	-0.5003	0.8658
			-0.5335	0.8238	0.1915
			0.2939	0.6119	-0.7343
			0.56	0.8226	-0.0984
		b:
			-51.808
			-172.6426
			119.9059
			112.8515
			-47.1163
			140.5881
	==================================================================================
	Q4:
		Shape: Hybrid
		q_c:	90.0	146.5	196.0
		ub :	98.6638	157.846	206.6047
		lb :	81.3362	135.154	185.3953
		P^-1:
			0.0346	-0.0087	-0.0038
			-0.0087	0.0232	0.0007
			-0.0038	0.0007	0.0204
		A:
			0.9119	0.2897	-0.2905
			-0.0484	-0.6903	-0.7219
			0.9795	-0.097	0.1764
			-0.2375	-0.9037	0.3563
			-0.8375	0.24	-0.4909
			-0.8967	-0.0981	0.4316
		b:
			71.2924
			-242.3642
			111.7615
			-79.2937
			-132.8208
			-7.1743
	==================================================================================
	Q5:
		Shape: Polyhedra
		q_c:	76.0	144.0	222.5
		ub :	83.1768	150.8652	229.0353
		lb :	68.8232	137.1348	215.9647
		A:
			-0.8334	-0.2448	-0.4955
			0.8408	-0.1094	0.5302
			0.9926	-0.1217	-0.0047
			0.1449	0.9894	0.0119
			-0.9857	-0.0457	0.1621
			0.1317	0.8873	-0.4419
			0.7107	0.5495	0.4393
			0.5714	-0.8152	0.0953
			0.4105	0.1833	-0.8933
			-0.7107	-0.5495	-0.4393
			-0.5714	0.8152	-0.0953
			-0.4105	-0.1833	0.8933
		b:
			-205.8613
			170.1115
			61.3957
			160.6077
			-40.9641
			44.6202
			233.3886
			-47.2577
			-135.657
			-228.3886
			58.2577
			146.657
	==================================================================================
	Q6:
		Shape: Hybrid
		q_c:	86.5	133.5	227.5
		ub :	94.8804	140.703	235.4347
		lb :	78.1196	126.297	219.5653
		P^-1:
			0.0428	-0.0041	0.0015
			-0.0041	0.0458	-0.0021
			0.0015	-0.0021	0.0408
		A:
			0.4543	-0.6198	0.6399
			-0.0094	0.6356	-0.7719
			-0.3755	-0.9197	-0.115
			-0.1324	-0.7257	0.6752
			-0.0146	-0.9582	-0.2857
			-0.0636	-0.3716	0.9262
		b:
			104.4673
			-89.0859
			-178.7814
			47.7828
			-191.6312
			158.2154


===========================================================================================
===========================================================================================
S5:
	q_c:	28.0	254.5	372.0
	ub :	49.6582	274.9303	383.4348
	lb :	11.2836	231.3618	354.0698

	==================================================================================
	Q1:
		Shape: Ellipse
		q_c:	28.5	262.5	369.5
		ub :	36.8591	268.5677	378.0967
		lb :	20.1409	256.4323	360.9033
		P^-1:
			0.0727	-0.0637	0.016
			-0.0637	0.1061	-0.0196
			0.016	-0.0196	0.0253
	==================================================================================
	Q2:
		Shape: Hybrid
		q_c:	37.5	252.0	366.5
		ub :	49.6582	264.0822	376.1512
		lb :	25.3418	239.9178	356.8488
		P^-1:
			0.0178	0.0	-0.0
			0.0	0.0178	-0.0
			-0.0	-0.0	0.0178
		A:
			-0.1126	0.6322	-0.7666
			-0.0457	-0.9612	0.2721
			0.245	-0.5746	0.7809
			-0.0301	0.2137	-0.9764
			-0.4228	-0.5022	-0.7544
			-0.8117	-0.5566	-0.1768
		b:
			-122.1224
			-140.454
			154.3195
			-301.3912
			-415.1309
			-231.7639
	==================================================================================
	Q3:
		Shape: Polyhedra
		q_c:	20.0	238.5	374.5
		ub :	27.9526	245.6382	383.4348
		lb :	12.0474	231.3618	365.5652
		A:
			-0.3594	0.6052	-0.7103
			0.4247	0.9032	0.062
			-0.5522	-0.7893	-0.2686
			0.9041	0.1983	0.3786
			0.508	0.4855	0.7115
			0.4491	0.4544	0.7693
			0.5991	0.7133	0.3637
			0.3409	-0.6383	0.6902
			0.7245	-0.2896	-0.6255
			-0.5991	-0.7133	-0.3637
			-0.3409	0.6383	-0.6902
			-0.7245	0.2896	0.6255
		b:
			-122.8545
			250.0886
			-297.7347
			211.0676
			395.5357
			408.9378
			320.3115
			119.0848
			-282.3289
			-316.3115
			-107.0848
			295.3289
	==================================================================================
	Q4:
		Shape: Hybrid
		q_c:	24.0	259.0	365.0
		ub :	32.2781	268.019	375.9302
		lb :	15.7219	249.981	354.0698
		P^-1:
			0.0633	-0.0395	0.0053
			-0.0395	0.072	-0.0196
			0.0053	-0.0196	0.0212
		A:
			0.858	-0.4472	-0.2527
			-0.8119	-0.2352	0.5343
			-0.6133	0.7509	-0.2452
			0.8237	0.5632	-0.0667
			0.8053	-0.5319	0.2619
			-0.226	0.9656	-0.1286
		b:
			-184.7912
			118.577
			91.7761
			146.0187
			-20.7887
			200.3607
	==================================================================================
	Q5:
		Shape: Hybrid
		q_c:	17.5	249.0	369.0
		ub :	23.7164	257.6537	377.7967
		lb :	11.2836	240.3463	360.2033
		P^-1:
			0.0695	0.013	0.0141
			0.013	0.0414	0.0135
			0.0141	0.0135	0.0344
		A:
			0.4009	-0.3808	0.8332
			-0.7608	0.5441	-0.3537
			0.4005	-0.7264	-0.5585
			-0.9416	0.0272	-0.3357
			0.1011	-0.3403	-0.9349
			-0.8062	-0.1563	-0.5706
		b:
			223.8167
			-5.0406
			-376.7154
			-131.4281
			-424.279
			-261.4622
	==================================================================================
	Q6:
		Shape: Ellipse
		q_c:	35.0	268.0	376.0
		ub :	42.2029	274.9303	381.3648
		lb :	27.7971	261.0697	370.6352
		P^-1:
			0.0505	-0.013	0.0314
			-0.013	0.0561	-0.0388
			0.0314	-0.0388	0.1333


===========================================================================================
===========================================================================================
S6:
	q_c:	362.5	502.5	483.0
	ub :	367.3948	507.8836	488.9973
	lb :	357.6005	498.3153	478.3452

	==================================================================================
	Q1:
		Shape: Hybrid
		q_c:	360.5	501.5	486.0
		ub :	363.3995	503.9089	488.7617
		lb :	357.6005	499.0911	483.2383
		P^-1:
			0.3535	0.1793	0.1864
			0.1793	0.5607	0.323
			0.1864	0.323	0.5858
		A:
			0.578	-0.0147	0.8159
			-0.1779	0.7948	0.5802
			0.6284	0.5931	0.5033
			0.0931	-0.8349	-0.5425
			-0.6124	-0.2146	-0.7609
			0.3988	0.9093	0.1187
		b:
			598.5396
			617.3385
			769.2256
			-647.9494
			-697.3528
			658.4136
	==================================================================================
	Q2:
		Shape: Polyhedra
		q_c:	361.0	503.5	481.0
		ub :	363.6878	506.5555	483.6548
		lb :	358.3122	500.4445	478.3452
		A:
			0.5628	-0.1318	0.816
			-0.6203	-0.7722	0.1377
			0.0435	0.2575	-0.9653
			-0.2592	0.922	0.2877
			0.345	0.8915	-0.2935
			0.492	-0.3404	0.8013
			0.0124	0.5062	0.8623
			-0.4336	0.7798	-0.4515
			-0.901	-0.3683	0.2291
			-0.0124	-0.5062	-0.8623
			0.4336	-0.7798	0.4515
			0.901	0.3683	-0.2291
		b:
			531.1084
			-544.5433
			-317.1951
			510.7896
			434.2435
			393.5366
			675.626
			20.9506
			-398.4863
			-672.626
			-16.9506
			402.4863
	==================================================================================
	Q3:
		Shape: Ellipse
		q_c:	365.0	504.5	485.5
		ub :	367.3948	507.8836	488.9973
		lb :	362.6052	501.1164	482.0027
		P^-1:
			0.4167	0.0183	-0.0684
			0.0183	0.2043	-0.0536
			-0.0684	-0.0536	0.2334
	==================================================================================
	Q4:
		Shape: Hybrid
		q_c:	362.0	504.0	481.0
		ub :	365.0618	506.5432	483.3465
		lb :	358.9382	501.4568	478.6535
		P^-1:
			0.3659	0.314	-0.0463
			0.314	0.7085	-0.229
			-0.0463	-0.229	0.53
		A:
			0.8632	-0.4922	-0.1126
			0.2991	0.9286	-0.2194
			-0.7946	-0.1024	-0.5985
			0.2544	-0.6125	0.7484
			-0.2104	-0.0695	-0.9751
			-0.1064	-0.7404	-0.6637
		b:
			12.2237
			471.4037
			-625.9163
			144.3756
			-579.272
			-729.6768
	==================================================================================
	Q5:
		Shape: Hybrid
		q_c:	362.5	501.0	482.0
		ub :	365.1199	503.6847	484.005
		lb :	359.8801	498.3153	479.995
		P^-1:
			0.5274	-0.2332	-0.2367
			-0.2332	0.4543	0.1528
			-0.2367	0.1528	0.7128
		A:
			0.6483	0.2429	-0.7216
			-0.494	-0.523	0.6946
			-0.1245	-0.0551	-0.9907
			-0.2091	0.555	0.8051
			-0.13	0.506	0.8527
			-0.9687	-0.2303	-0.0921
		b:
			9.8187
			-105.212
			-549.4234
			591.0273
			618.11
			-509.6573
	==================================================================================
	Q6:
		Shape: Polyhedra
		q_c:	360.5	504.0	483.0
		ub :	362.0596	505.8029	484.7992
		lb :	358.9404	502.1971	481.2008
		A:
			0.74	0.0378	0.6716
			-0.4992	-0.1658	0.8504
			0.5177	0.7893	0.3301
			0.4504	0.6973	0.5577
			0.2589	0.4823	-0.8369
			0.8039	-0.3758	0.461
			0.363	0.416	0.8338
			-0.1896	0.9091	-0.3711
			-0.9123	-0.0233	0.4089
			-0.363	-0.416	-0.8338
			0.1896	-0.9091	0.3711
			0.9123	0.0233	-0.4089
		b:
			611.2611
			148.2915
			745.0204
			784.2022
			-66.5203
			324.2988
			744.2468
			212.0999
			-142.1684
			-742.2468
			-209.0999
			144.1684


===========================================================================================
===========================================================================================
S7:
	q_c:	458.5	27.0	399.0
	ub :	463.6847	31.4996	401.9586
	lb :	456.1881	23.5772	395.6458

	==================================================================================
	Q1:
		Shape: Hybrid
		q_c:	461.5	26.5	398.5
		ub :	463.6847	28.7875	400.6133
		lb :	459.3153	24.2125	396.3867
		P^-1:
			0.728	0.119	0.2509
			0.119	0.4944	0.1053
			0.2509	0.1053	0.6665
		A:
			-0.7585	-0.2064	0.6181
			-0.9626	0.2397	0.1259
			-0.0331	0.1285	-0.9912
			-0.3543	0.5371	0.7655
			0.5348	0.1397	0.8333
			-0.6783	0.731	0.0743
		b:
			-108.2328
			-386.8634
			-406.0077
			156.7281
			583.1707
			-263.1175
	==================================================================================
	Q2:
		Shape: Hybrid
		q_c:	461.0	30.0	397.5
		ub :	462.5551	31.4996	399.3542
		lb :	459.4449	28.5004	395.6458
		P^-1:
			2.4914	1.3007	1.1226
			1.3007	1.81	0.5019
			1.1226	0.5019	1.1431
		A:
			0.5367	0.6909	0.4844
			0.4173	0.7143	0.5619
			-0.949	-0.3093	0.0616
			0.5522	0.7905	0.2649
			-0.2692	-0.6861	0.6758
			0.5451	0.166	0.8218
		b:
			461.0516
			437.636
			-421.6328
			383.9351
			124.7836
			583.4697
	==================================================================================
	Q3:
		Shape: Polyhedra
		q_c:	461.0	26.5	398.5
		ub :	463.2008	29.0334	400.968
		lb :	458.7992	23.9666	396.032
		A:
			-0.3651	-0.8579	-0.3617
			-0.2638	-0.3693	0.8911
			-0.0605	0.9786	-0.1966
			0.3653	-0.2009	0.9089
			0.1201	0.3428	-0.9317
			0.6062	0.7853	-0.1258
			0.112	0.7233	0.6814
			0.4917	0.5555	-0.6705
			-0.8635	0.4101	-0.2935
			-0.112	-0.7233	-0.6814
			-0.4917	-0.5555	0.6705
			0.8635	-0.4101	0.2935
		b:
			-333.6431
			225.1862
			-78.8022
			526.804
			-305.3178
			251.6309
			343.8055
			-24.3155
			-502.6687
			-340.8055
			27.3155
			505.6687
	==================================================================================
	Q4:
		Shape: Polyhedra
		q_c:	460.5	25.0	400.0
		ub :	462.076	26.4228	401.5046
		lb :	458.924	23.5772	398.4954
		A:
			0.3441	0.6862	0.6409
			0.588	0.8082	-0.0308
			0.8372	-0.0529	0.5443
			0.7069	-0.6747	-0.2124
			-0.4334	0.9009	-0.0222
			0.8046	-0.5937	0.0136
			0.4101	0.1227	0.9037
			0.3071	0.9145	-0.2635
			-0.8588	0.3856	0.3373
			-0.4101	-0.1227	-0.9037
			-0.3071	-0.9145	0.2635
			0.8588	-0.3856	-0.3373
		b:
			432.9594
			279.6727
			602.9386
			224.7083
			-184.9595
			362.118
			554.4203
			59.8824
			-249.8867
			-552.4203
			-57.8824
			251.8867
	==================================================================================
	Q5:
		Shape: Hybrid
		q_c:	461.0	26.0	400.0
		ub :	462.9307	27.3843	401.9586
		lb :	459.0693	24.6157	398.0414
		P^-1:
			0.6616	-0.032	-0.2692
			-0.032	0.997	-0.0254
			-0.2692	-0.0254	0.7859
		A:
			0.4659	-0.5121	-0.7216
			-0.1661	0.9294	0.3295
			-0.0149	-0.1947	-0.9808
			-0.31	-0.8327	0.4588
			-0.0525	-0.6278	0.7766
			0.7302	0.2831	-0.6218
		b:
			-86.6784
			79.9125
			-403.5103
			19.4578
			270.7214
			95.8028
	==================================================================================
	Q6:
		Shape: Polyhedra
		q_c:	458.0	27.0	397.5
		ub :	459.8119	28.1869	399.1191
		lb :	456.1881	25.8131	395.8809
		A:
			-0.4951	0.3957	-0.7735
			0.7017	0.4826	0.5241
			0.1024	0.9525	0.2869
			-0.2504	-0.8479	0.4673
			-0.2806	-0.9172	-0.2827
			-0.5925	0.7992	0.1014
			0.4268	0.5607	0.7096
			-0.3438	0.8263	-0.4461
			-0.8364	-0.0535	0.5454
			-0.4268	-0.5607	-0.7096
			0.3438	-0.8263	0.4461
			0.8364	0.0535	-0.5454
		b:
			-522.6512
			543.4239
			187.3939
			49.2895
			-264.961
			-208.327
			493.1742
			-311.4726
			-166.2268
			-492.1742
			313.4726
			169.2268


===========================================================================================
===========================================================================================
S8:
	q_c:	124.0	120.5	264.5
	ub :	148.6726	138.3469	281.8279
	lb :	105.6132	105.0673	244.9895

	==================================================================================
	Q1:
		Shape: Hybrid
		q_c:	122.5	111.5	271.0
		ub :	132.6931	117.4592	280.0633
		lb :	112.3069	105.5408	261.9367
		P^-1:
			0.02	0.0036	0.0075
			0.0036	0.0487	0.001
			0.0075	0.001	0.0293
		A:
			0.4519	-0.8428	0.2925
			0.0284	0.6751	0.7372
			-0.1708	-0.6744	-0.7183
			-0.0748	0.9829	0.1681
			-0.2252	0.7634	0.6054
			0.0887	-0.5225	-0.848
		b:
			43.7387
			281.71
			-287.8916
			148.4912
			225.1793
			-273.4565
	==================================================================================
	Q2:
		Shape: Polyhedra
		q_c:	136.0	120.0	259.5
		ub :	143.4727	126.2761	264.8513
		lb :	128.5273	113.7239	254.1487
		A:
			0.1912	0.2088	-0.9591
			0.642	0.2478	-0.7255
			-0.2672	-0.2221	-0.9377
			0.2327	0.8487	-0.4749
			-0.1804	-0.0239	-0.9833
			0.7976	0.6027	0.0261
			0.4687	0.8747	0.1232
			0.8789	-0.4479	-0.1641
			-0.0884	0.1852	-0.9787
			-0.4687	-0.8747	-0.1232
			-0.8789	0.4479	0.1641
			0.0884	-0.1852	0.9787
		b:
			-193.6649
			-66.389
			-302.4916
			13.7024
			-278.6108
			191.4318
			203.6745
			29.6904
			-239.779
			-197.6745
			-16.6904
			247.779
	==================================================================================
	Q3:
		Shape: Ellipse
		q_c:	133.0	120.5	260.0
		ub :	141.766	132.8115	272.0038
		lb :	124.234	108.1885	247.9962
		P^-1:
			0.0478	-0.0152	-0.017
			-0.0152	0.021	0.0046
			-0.017	0.0046	0.0237
	==================================================================================
	Q4:
		Shape: Hybrid
		q_c:	114.5	114.5	251.0
		ub :	123.3868	123.9327	257.0105
		lb :	105.6132	105.0673	244.9895
		P^-1:
			0.0253	-0.002	-0.0001
			-0.002	0.0269	-0.0042
			-0.0001	-0.0042	0.0486
		A:
			0.9555	0.2084	0.2088
			0.2333	-0.9328	0.2746
			-0.7872	0.491	-0.3731
			0.1123	0.9742	-0.1957
			0.8246	-0.5624	-0.0606
			0.1189	0.9232	-0.3654
		b:
			189.7891
			-7.6135
			-124.044
			79.0924
			18.5996
			31.2081
	==================================================================================
	Q5:
		Shape: Ellipse
		q_c:	138.5	116.5	255.0
		ub :	148.6726	125.9283	264.5596
		lb :	128.3274	107.0717	245.4404
		P^-1:
			0.0277	-0.0095	0.0102
			-0.0095	0.044	-0.018
			0.0102	-0.018	0.0322
	==================================================================================
	Q6:
		Shape: Hybrid
		q_c:	122.5	129.0	270.5
		ub :	132.548	138.3469	281.8279
		lb :	112.452	119.6531	259.1721
		P^-1:
			0.0493	-0.0302	0.0075
			-0.0302	0.0524	-0.0006
			0.0075	-0.0006	0.0159
		A:
			-0.2475	0.8487	0.4674
			0.672	-0.6639	0.3281
			0.2001	0.243	0.9492
			0.6996	-0.3324	0.6325
			-0.3054	0.9488	0.081
			-0.9524	0.2038	-0.2268
		b:
			209.1482
			87.6399
			318.5022
			217.527
			109.4922
			-148.704


===========================================================================================
===========================================================================================
S9:
	q_c:	246.5	133.5	323.0
	ub :	251.9065	138.0152	328.7987
	lb :	239.6107	127.651	317.8865

	==================================================================================
	Q1:
		Shape: Hybrid
		q_c:	244.0	134.5	326.0
		ub :	247.5739	138.0152	328.7987
		lb :	240.4261	130.9848	323.2013
		P^-1:
			0.1859	-0.0404	-0.0053
			-0.0404	0.2245	-0.0034
			-0.0053	-0.0034	0.2496
		A:
			0.8789	-0.1204	-0.4615
			-0.2665	-0.516	-0.8141
			-0.3771	0.3532	-0.8561
			-0.3771	-0.9261	0.0137
			-0.2333	-0.6407	-0.7315
			0.539	0.3479	-0.7671
		b:
			49.0477
			-398.6458
			-322.5968
			-210.7405
			-380.3801
			-70.5919
	==================================================================================
	Q2:
		Shape: Polyhedra
		q_c:	249.0	134.0	326.0
		ub :	251.9065	137.1153	326.768
		lb :	246.0935	130.8847	325.232
		A:
			-0.6794	-0.7181	-0.1512
			0.2212	-0.2254	-0.9488
			-0.89	-0.0011	-0.456
			0.0078	-0.0316	0.9995
			-0.1642	0.1975	0.9665
			0.0643	-0.0727	-0.9953
			0.0979	0.0075	0.9952
			-0.422	0.9059	0.0347
			-0.9013	-0.4234	0.0919
			-0.0979	-0.0075	-0.9952
			0.422	-0.9059	-0.0347
			0.9013	0.4234	-0.0919
		b:
			-312.6319
			-283.41
			-368.6216
			324.0685
			301.548
			-317.569
			350.3074
			30.1241
			-249.2065
			-349.3074
			-25.1241
			253.2065
	==================================================================================
	Q3:
		Shape: Ellipse
		q_c:	245.0	134.0	322.5
		ub :	246.8225	136.1253	324.3085
		lb :	243.1775	131.8747	320.6915
		P^-1:
			2.0054	1.0074	-1.4486
			1.0074	1.0947	-0.935
			-1.4486	-0.935	1.7888
	==================================================================================
	Q4:
		Shape: Polyhedra
		q_c:	242.5	131.5	320.5
		ub :	245.3893	134.1051	322.6398
		lb :	239.6107	128.8949	318.3602
		A:
			0.2251	-0.0435	-0.9734
			-0.4401	-0.1276	-0.8888
			-0.4721	0.7456	0.4703
			0.7659	0.324	-0.5553
			-0.1585	-0.4027	-0.9015
			-0.1263	-0.5043	-0.8543
			0.3197	0.946	0.0542
			0.8978	-0.3207	0.3018
			0.3029	-0.0478	-0.9518
			-0.3197	-0.946	-0.0542
			-0.8978	0.3207	-0.3018
			-0.3029	0.0478	0.9518
		b:
			-261.5894
			-406.6197
			136.1174
			52.1048
			-378.6598
			-369.0269
			221.2963
			274.2778
			-236.3921
			-217.2963
			-270.2778
			239.3921
	==================================================================================
	Q5:
		Shape: Ellipse
		q_c:	244.0	131.5	321.5
		ub :	247.7832	135.349	325.1135
		lb :	240.2168	127.651	317.8865
		P^-1:
			0.213	-0.0437	-0.0072
			-0.0437	0.196	0.0059
			-0.0072	0.0059	0.161
	==================================================================================
	Q6:
		Shape: Hybrid
		q_c:	248.0	130.5	326.5
		ub :	249.8859	132.1143	328.3923
		lb :	246.1141	128.8857	324.6077
		P^-1:
			0.7334	0.0481	-0.2734
			0.0481	0.4525	-0.0455
			-0.2734	-0.0455	0.703
		A:
			-0.7769	-0.2184	0.5905
			-0.7774	0.6216	-0.0966
			-0.8062	0.2674	0.5277
			-0.3367	-0.5888	-0.7348
			-0.282	0.6139	-0.7373
			0.4774	-0.1515	0.8655
		b:
			-27.8859
			-142.2751
			7.8503
			-399.2781
			-229.6068
			382.1824


===========================================================================================
===========================================================================================
S10:
	q_c:	46.5	78.5	479.5
	ub :	71.3792	87.1324	502.5783
	lb :	37.3491	53.9632	458.5853

	==================================================================================
	Q1:
		Shape: Ellipse
		q_c:	55.5	79.0	483.5
		ub :	61.4744	86.1837	490.5295
		lb :	49.5256	71.8163	476.4705
		P^-1:
			0.0931	0.0149	0.0263
			0.0149	0.0465	0.0031
			0.0263	0.0031	0.0609
	==================================================================================
	Q2:
		Shape: Polyhedra
		q_c:	54.5	80.5	464.5
		ub :	59.67	85.6144	470.4147
		lb :	49.33	75.3856	458.5853
		A:
			-0.0814	-0.5565	0.8268
			-0.2428	-0.6771	-0.6947
			-0.4559	-0.69	-0.5621
			0.587	0.7348	0.3398
			0.722	0.419	0.5505
			0.9673	0.0372	0.251
			0.6073	0.6223	0.4939
			-0.7759	0.3309	0.5371
			0.1708	-0.7094	0.6838
			-0.6073	-0.6223	-0.4939
			0.7759	-0.3309	-0.5371
			-0.1708	0.7094	-0.6838
		b:
			338.9484
			-388.1716
			-340.1679
			250.2158
			330.2208
			175.6262
			313.5936
			238.8308
			273.8503
			-311.5936
			-228.8308
			-265.8503
	==================================================================================
	Q3:
		Shape: Polyhedra
		q_c:	45.5	77.5	493.0
		ub :	53.6509	86.4839	502.5783
		lb :	37.3491	68.5161	483.4217
		A:
			0.895	0.4456	0.0193
			0.1014	-0.9946	-0.022
			-0.231	0.4319	0.8719
			0.1731	0.0098	0.9848
			0.1379	-0.25	0.9584
			0.438	0.7195	-0.539
			0.4948	0.6132	0.6158
			-0.2366	0.7769	-0.5835
			-0.8362	0.143	0.5294
			-0.4948	-0.6132	-0.6158
			0.2366	-0.7769	0.5835
			0.8362	-0.143	-0.5294
		b:
			90.1392
			-77.3841
			458.0741
			499.9753
			465.2096
			-184.4572
			379.6294
			-232.2208
			238.5459
			-367.6294
			244.2208
			-229.5459
	==================================================================================
	Q4:
		Shape: Ellipse
		q_c:	53.0	73.0	482.0
		ub :	60.905	79.3796	489.9447
		lb :	45.095	66.6204	474.0553
		P^-1:
			0.0429	-0.041	-0.023
			-0.041	0.1192	0.0436
			-0.023	0.0436	0.0546
	==================================================================================
	Q5:
		Shape: Ellipse
		q_c:	64.5	61.0	489.5
		ub :	71.3792	68.0368	494.7731
		lb :	57.6208	53.9632	484.2269
		P^-1:
			0.0769	0.0391	0.01
			0.0391	0.0589	0.009
			0.01	0.009	0.0524
	==================================================================================
	Q6:
		Shape: Polyhedra
		q_c:	56.0	79.5	493.0
		ub :	64.3384	87.1324	500.0387
		lb :	47.6616	71.8676	485.9613
		A:
			0.9446	0.2484	0.2144
			0.65	-0.0126	0.7598
			0.4628	-0.7595	0.4572
			0.1274	-0.3276	-0.9362
			-0.2561	-0.9344	0.2474
			-0.2417	0.8468	-0.4738
			0.3931	0.9157	0.0841
			0.7154	-0.362	0.5976
			0.5777	-0.1748	-0.7973
			-0.3931	-0.9157	-0.0841
			-0.7154	0.362	-0.5976
			-0.5777	0.1748	0.7973
		b:
			183.4964
			415.0175
			196.0415
			-475.7688
			38.7721
			-174.5779
			141.761
			310.9208
			-370.134
			-130.761
			-300.9208
			379.134


===========================================================================================
===========================================================================================
S11:
	q_c:	499.0	343.0	329.0
	ub :	517.2477	356.0721	346.1722
	lb :	485.3877	325.3814	318.2591

	==================================================================================
	Q1:
		Shape: Ellipse
		q_c:	494.5	336.0	338.0
		ub :	499.2963	342.3411	343.5215
		lb :	489.7037	329.6589	332.4785
		P^-1:
			0.283	0.1438	0.1026
			0.1438	0.1319	0.1057
			0.1026	0.1057	0.1684
	==================================================================================
	Q2:
		Shape: Hybrid
		q_c:	504.0	334.0	340.0
		ub :	512.6983	342.6186	346.0133
		lb :	495.3017	325.3814	333.9867
		P^-1:
			0.0369	0.0083	0.0072
			0.0083	0.0353	0.0053
			0.0072	0.0053	0.058
		A:
			0.7804	0.0241	0.6249
			-0.065	0.641	-0.7648
			-0.5628	0.0313	-0.826
			0.3429	-0.6234	0.7027
			0.357	0.5037	0.7867
			-0.2722	0.596	-0.7555
		b:
			616.4396
			-75.7001
			-551.7134
			206.714
			617.7402
			-191.9514
	==================================================================================
	Q3:
		Shape: Hybrid
		q_c:	503.5	336.5	332.0
		ub :	510.7373	343.6648	339.8363
		lb :	496.2627	329.3352	324.1637
		P^-1:
			0.0678	-0.0143	-0.0134
			-0.0143	0.0666	-0.0104
			-0.0134	-0.0104	0.0334
		A:
			-0.0928	0.5101	-0.8551
			0.4959	0.5611	0.6627
			0.6172	-0.4059	-0.674
			0.1743	-0.9798	-0.098
			-0.0686	-0.2528	0.9651
			0.3351	-0.9267	0.1703
		b:
			-155.7121
			663.071
			-46.8745
			-272.1059
			204.516
			-84.6902
	==================================================================================
	Q4:
		Shape: Polyhedra
		q_c:	490.0	349.5	339.5
		ub :	494.6123	356.0721	346.1722
		lb :	485.3877	342.9279	332.8278
		A:
			-0.8611	0.4391	0.2564
			0.6933	0.5788	-0.4293
			0.6516	-0.2414	-0.7191
			0.9054	-0.2509	-0.3425
			0.7863	-0.1429	-0.601
			0.136	0.206	0.9691
			0.3252	0.7956	0.5112
			-0.3641	0.6042	-0.7088
			-0.8728	0.0444	0.4861
			-0.3252	-0.7956	-0.5112
			0.3641	-0.6042	0.7088
			0.8728	-0.0444	-0.4861
		b:
			-178.7232
			399.3777
			-7.0996
			241.6273
			132.952
			472.0311
			614.9484
			-202.3389
			-245.5943
			-606.9484
			213.3389
			248.5943
	==================================================================================
	Q5:
		Shape: Ellipse
		q_c:	509.0	346.0	334.5
		ub :	517.2477	353.9337	341.9851
		lb :	500.7523	338.0663	327.0149
		P^-1:
			0.0299	-0.0057	0.0026
			-0.0057	0.0679	-0.0395
			0.0026	-0.0395	0.0742
	==================================================================================
	Q6:
		Shape: Polyhedra
		q_c:	498.0	343.0	326.5
		ub :	505.7547	349.3949	334.7409
		lb :	490.2453	336.6051	318.2591
		A:
			-0.8241	0.5658	0.0269
			0.5972	-0.6313	0.4948
			0.5543	-0.8311	-0.0449
			-0.802	0.597	0.0187
			-0.5605	-0.047	0.8268
			0.6743	-0.7364	-0.0549
			0.62	0.5231	0.5848
			-0.5021	-0.3082	0.808
			0.6029	-0.7946	0.0716
			-0.62	-0.5231	-0.5848
			0.5021	0.3082	-0.808
			-0.6029	0.7946	-0.0716
		b:
			-205.1522
			245.4769
			-21.9694
			-186.3284
			-20.3977
			66.9873
			686.1128
			-86.9232
			52.5997
			-672.1128
			96.9232
			-49.5997


===========================================================================================
===========================================================================================
S12:
	q_c:	216.5	189.5	395.0
	ub :	227.6499	201.9251	405.0837
	lb :	205.6526	180.13	382.4125

	==================================================================================
	Q1:
		Shape: Hybrid
		q_c:	220.0	189.5	397.0
		ub :	225.6745	195.2904	402.4676
		lb :	214.3255	183.7096	391.5324
		P^-1:
			0.0694	0.0036	0.0103
			0.0036	0.0873	-0.0162
			0.0103	-0.0162	0.0986
		A:
			0.1151	0.568	-0.8149
			0.5869	0.3662	-0.7221
			-0.7913	0.5775	0.201
			0.6407	0.215	0.7371
			0.6513	0.083	0.7542
			0.8692	0.492	-0.0499
		b:
			-189.0037
			-86.1695
			17.6015
			476.153
			460.2595
			266.7907
	==================================================================================
	Q2:
		Shape: Polyhedra
		q_c:	210.5	195.5	389.0
		ub :	215.3474	201.9251	395.5875
		lb :	205.6526	189.0749	382.4125
		A:
			0.6382	0.7034	0.313
			0.3945	-0.9003	0.1837
			-0.8898	0.3561	-0.2853
			-0.6048	0.7628	0.2289
			-0.3888	0.8513	0.3523
			-0.6911	-0.1456	-0.7079
			0.0721	0.7155	0.6949
			-0.804	0.454	-0.384
			-0.5902	-0.5311	0.608
			-0.0721	-0.7155	-0.6949
			0.804	-0.454	0.384
			0.5902	0.5311	-0.608
		b:
			397.8076
			-18.4249
			-226.5571
			113.9439
			225.1233
			-446.3194
			429.3724
			-227.8664
			13.4412
			-421.3724
			231.8664
			-3.4412
	==================================================================================
	Q3:
		Shape: Ellipse
		q_c:	217.0	187.5	393.0
		ub :	220.8149	192.3886	397.9412
		lb :	213.1851	182.6114	388.0588
		P^-1:
			0.1929	-0.0234	-0.0427
			-0.0234	0.1585	0.0716
			-0.0427	0.0716	0.1211
	==================================================================================
	Q4:
		Shape: Ellipse
		q_c:	214.5	186.5	396.5
		ub :	220.6789	192.87	402.0703
		lb :	208.3211	180.13	390.9297
		P^-1:
			0.0724	-0.0095	-0.0008
			-0.0095	0.0717	0.0007
			-0.0008	0.0007	0.0626
	==================================================================================
	Q5:
		Shape: Hybrid
		q_c:	223.5	196.5	400.0
		ub :	227.6499	201.4386	404.2449
		lb :	219.3501	191.5614	395.7551
		P^-1:
			0.5201	0.2198	0.4104
			0.2198	0.1855	0.1715
			0.4104	0.1715	0.468
		A:
			0.3242	-0.0158	0.9459
			0.6746	0.0781	0.734
			-0.7238	-0.6545	-0.2184
			-0.3982	0.9112	-0.1056
			-0.2663	-0.3555	-0.8959
			-0.8331	-0.2831	-0.4752
		b:
			449.1301
			460.5044
			-376.4875
			50.9502
			-486.2247
			-431.1174
	==================================================================================
	Q6:
		Shape: Ellipse
		q_c:	216.5	192.0	398.5
		ub :	221.7209	198.004	405.0837
		lb :	211.2791	185.996	391.9163
		P^-1:
			0.1245	-0.0363	-0.0403
			-0.0363	0.0867	-0.0014
			-0.0403	-0.0014	0.0704


===========================================================================================
===========================================================================================
S13:
	q_c:	237.0	281.0	175.0
	ub :	250.5965	295.8257	189.5456
	lb :	221.3251	265.1088	156.5526

	==================================================================================
	Q1:
		Shape: Ellipse
		q_c:	238.0	278.0	182.5
		ub :	242.8829	283.3641	186.6022
		lb :	233.1171	272.6359	178.3978
		P^-1:
			0.1276	0.0416	-0.0162
			0.0416	0.09	-0.0035
			-0.0162	-0.0035	0.1159
	==================================================================================
	Q2:
		Shape: Hybrid
		q_c:	232.0	272.0	164.5
		ub :	239.6557	278.8912	172.39
		lb :	224.3443	265.1088	156.61
		P^-1:
			0.0616	0.0326	0.0213
			0.0326	0.0795	0.0095
			0.0213	0.0095	0.0471
		A:
			0.437	-0.8973	-0.0621
			0.6645	-0.6733	-0.3242
			-0.1947	-0.9718	-0.1333
			0.8971	0.3522	-0.267
			0.6409	0.6873	0.3419
			-0.3788	-0.5286	0.7597
		b:
			-149.3904
			-78.0753
			-329.3258
			263.145
			393.3798
			-103.3146
	==================================================================================
	Q3:
		Shape: Polyhedra
		q_c:	245.0	276.5	184.0
		ub :	250.5965	280.7352	189.5456
		lb :	239.4035	272.2648	178.4544
		A:
			0.6759	-0.1707	0.717
			-0.8334	0.1017	0.5433
			-0.0721	-0.9378	-0.3396
			0.8824	-0.3084	-0.3553
			0.4914	-0.3307	-0.8057
			0.437	-0.0289	-0.899
			0.6106	0.2251	0.7593
			-0.6187	-0.4629	0.6348
			0.4944	-0.8573	-0.1434
			-0.6106	-0.2251	-0.7593
			0.6187	0.4629	-0.6348
			-0.4944	0.8573	0.1434
		b:
			254.0853
			-73.0118
			-336.6677
			68.3355
			-116.2403
			-62.9247
			355.5428
			-159.2717
			-140.3246
			-347.5428
			166.2717
			144.3246
	==================================================================================
	Q4:
		Shape: Hybrid
		q_c:	236.5	289.0	172.5
		ub :	243.018	295.8257	177.9129
		lb :	229.982	282.1743	167.0871
		P^-1:
			0.2115	0.144	0.1341
			0.144	0.138	0.1183
			0.1341	0.1183	0.1811
		A:
			0.8938	0.4484	-0.0078
			-0.9122	-0.3828	-0.146
			-0.8787	-0.0132	-0.4772
			-0.5114	-0.8386	-0.1877
			-0.4923	-0.2669	-0.8285
			-0.9189	-0.2607	-0.2962
		b:
			341.5624
			-349.8006
			-291.0095
			-393.253
			-334.926
			-341.7794
	==================================================================================
	Q5:
		Shape: Polyhedra
		q_c:	230.0	274.5	165.5
		ub :	238.6749	282.4892	174.4474
		lb :	221.3251	266.5108	156.5526
		A:
			-0.6161	-0.7247	0.3086
			0.7768	-0.5328	-0.3356
			-0.908	0.3174	0.2735
