3D_35_20_6_f                l = 3

===========================================================================================
===========================================================================================
S1:
	q_c:    66.5000    488.5000    450.5000
	ub :    88.0000    501.0000    469.0000
	lb :    45.0000    476.0000    432.0000

	==================================================================================
	Q1:
		Shape: Hybrid
		q_c:    77.0000    500.5000    455.5000
		ub :    80.8265    504.5041    458.1159
		lb :    73.1735    496.4959    452.8841
		P^-1: 
			    0.3599    0.0980    -0.3633
			    0.0980    0.1545    -0.1197
			    -0.3633    -0.1197    0.7567
		A:
			    -0.5987    0.3018    0.7420
			    -0.4264    0.2527    0.8685
			    -0.1313    -0.3468    0.9287
			    0.9773    0.0290    -0.2100
			    -0.7150    -0.6415    0.2779
			    -0.6626    0.3983    0.6343
		b:
			    444.0828
			    490.2298
			    240.3137
			    -4.2641
			    -248.1558
			    438.6939
	==================================================================================
	Q2:
		Shape: Ellipse
		q_c:    64.5000    492.5000    455.5000
		ub :    71.7767    498.8848    461.8255
		lb :    57.2233    486.1152    449.1745
		P^-1: 
			    0.0955    0.1062    0.0179
			    0.1062    0.1705    0.0251
			    0.0179    0.0251    0.0321
	==================================================================================
	Q3:
		Shape: Hybrid
		q_c:    73.5000    479.5000    460.5000
		ub :    80.8630    485.9489    467.1467
		lb :    66.1370    473.0511    453.8533
		P^-1: 
			    0.0567    -0.0091    -0.0036
			    -0.0091    0.0481    -0.0057
			    -0.0036    -0.0057    0.0602
		A:
			    -0.9276    -0.1499    0.3422
			    0.6490    -0.7351    0.1961
			    0.3001    -0.8668    0.3982
			    -0.9480    0.1720    0.2679
			    0.3037    0.0042    -0.9527
			    0.2413    -0.6093    0.7554
		b:
			    19.7700
			    -212.4706
			    -208.0446
			    138.2409
			    -412.4030
			    75.4369
	==================================================================================
	Q4:
		Shape: Polyhedra
		q_c:    56.0000    496.0000    457.0000
		ub :    64.2614    505.6862    466.5131
		lb :    47.7386    486.3138    447.4869
		A:
			    -0.9417    0.3365    0.0037
			    0.9115    0.2836    -0.2978
			    0.1891    0.8781    -0.4394
			    0.6483    -0.3888    0.6546
			    -0.3196    0.7824    -0.5346
			    0.5682    -0.1574    -0.8077
			    0.3625    0.7082    0.6058
			    0.5899    0.3289    -0.7374
			    -0.7215    0.6247    -0.2985
			    -0.3625    -0.7082    -0.6058
			    -0.5899    -0.3289    0.7374
			    0.7215    -0.6247    0.2985
		b:
			    119.6754
			    60.6591
			    250.5431
			    147.1419
			    129.7018
			    -410.1026
			    656.9309
			    -136.3505
			    136.5394
			    -639.9309
			    145.3505
			    -129.5394
	==================================================================================
	Q5:
		Shape: Hybrid
		q_c:    66.0000    493.5000    460.5000
		ub :    74.0826    500.3028    468.3434
		lb :    57.9174    486.6972    452.6566
		P^-1: 
			    0.0506    -0.0036    0.0129
			    -0.0036    0.0533    -0.0062
			    0.0129    -0.0062    0.0358
		A:
			    -0.9791    0.2000    -0.0356
			    0.6253    0.4507    0.6371
			    -0.0631    0.2703    -0.9607
			    0.9291    -0.0344    0.3682
			    0.3263    -0.8735    0.3612
			    0.3300    -0.8986    -0.2891
		b:
			    20.2338
			    559.6693
			    -309.9122
			    216.0850
			    -241.0865
			    -552.0117
	==================================================================================
	Q6:
		Shape: Polyhedra
		q_c:    78.5000    484.5000    449.5000
		ub :    83.8270    491.9489    456.5454
		lb :    73.1730    477.0511    442.4546
		A:
			    -0.9581    -0.1097    -0.2645
			    -0.3005    -0.9460    -0.1212
			    -0.2794    -0.1353    0.9506
			    0.7589    -0.6073    0.2350
			    0.8862    0.1637    0.4335
			    -0.3817    0.7855    -0.4871
			    0.0559    0.8854    0.4614
			    0.8071    0.2320    -0.5430
			    -0.5878    0.4028    -0.7016
			    -0.0559    -0.8854    -0.4614
			    -0.8071    -0.2320    0.5430
			    0.5878    -0.4028    0.7016
		b:
			    -243.5322
			    -530.7444
			    343.7844
			    -125.3158
			    347.6040
			    135.4890
			    646.7864
			    -64.2837
			    -163.3818
			    -634.7864
			    72.2837
			    169.3818


===========================================================================================
===========================================================================================
S2:
	q_c:    403.5000    182.0000    181.0000
	ub :    415.0000    203.0000    205.0000
	lb :    392.0000    161.0000    157.0000

	==================================================================================
	Q1:
		Shape: Ellipse
		q_c:    397.0000    174.0000    180.5000
		ub :    403.5424    178.2712    187.2214
		lb :    390.4576    169.7288    173.7786
		P^-1: 
			    0.1495    -0.1551    0.0840
			    -0.1551    0.2799    -0.1178
			    0.0840    -0.1178    0.1045
	==================================================================================
	Q2:
		Shape: Polyhedra
		q_c:    404.5000    185.5000    185.0000
		ub :    410.9709    191.3804    191.3928
		lb :    398.0291    179.6196    178.6072
		A:
			    0.9355    -0.2815    -0.2137
			    0.7502    0.5529    -0.3626
			    0.1408    0.9611    0.2377
			    0.8691    -0.1219    0.4795
			    -0.5665    0.5753    -0.5901
			    0.9249    -0.3282    0.1921
			    0.6179    0.5637    0.5482
			    -0.3727    0.8238    -0.4270
			    -0.6923    0.0595    0.7191
			    -0.6179    -0.5637    -0.5482
			    0.3727    -0.8238    0.4270
			    0.6923    -0.0595    -0.7191
		b:
			    289.9936
			    342.7730
			    283.6108
			    421.9720
			    -227.8759
			    352.5662
			    460.9082
			    -73.4442
			    -132.9515
			    -450.9082
			    80.4442
			    138.9515
	==================================================================================
	Q3:
		Shape: Ellipse
		q_c:    407.5000    177.0000    185.5000
		ub :    412.9935    182.1985    190.3590
		lb :    402.0065    171.8015    180.6410
		P^-1: 
			    0.1084    0.0369    -0.0076
			    0.0369    0.1001    -0.0282
			    -0.0076    -0.0282    0.1251
	==================================================================================
	Q4:
		Shape: Hybrid
		q_c:    396.0000    170.0000    174.5000
		ub :    402.2568    173.1597    180.1887
		lb :    389.7432    166.8403    168.8113
		P^-1: 
			    0.0496    0.0086    0.0179
			    0.0086    0.1580    0.0091
			    0.0179    0.0091    0.0741
		A:
			    -0.3484    -0.2948    -0.8898
			    -0.0612    0.8614    -0.5043
			    0.0221    -0.7242    -0.6892
			    -0.6454    -0.0778    0.7599
			    0.1771    -0.7867    0.5914
			    -0.1096    0.9539    0.2794
		b:
			    -341.2484
			    35.9377
			    -232.7065
			    -132.6574
			    41.4315
			    169.0023
	==================================================================================
	Q5:
		Shape: Ellipse
		q_c:    400.0000    174.5000    177.0000
		ub :    407.5239    181.9533    183.0192
		lb :    392.4761    167.0467    170.9808
		P^-1: 
			    0.0508    0.0024    0.0136
			    0.0024    0.0529    0.0143
			    0.0136    0.0143    0.0674
	==================================================================================
	Q6:
		Shape: Ellipse
		q_c:    401.5000    187.0000    183.5000
		ub :    407.4546    192.7788    187.9963
		lb :    395.5454    181.2212    179.0037
		P^-1: 
			    0.0648    -0.0035    0.0137
			    -0.0035    0.0512    0.0039
			    0.0137    0.0039    0.1070


===========================================================================================
===========================================================================================
S3:
	q_c:    489.0000    199.0000    318.0000
	ub :    503.0000    210.0000    338.0000
	lb :    475.0000    188.0000    298.0000

	==================================================================================
	Q1:
		Shape: Polyhedra
		q_c:    485.0000    199.5000    317.5000
		ub :    491.4122    207.7992    325.6436
		lb :    478.5878    191.2008    309.3564
		A:
			    0.7227    0.6006    -0.3419
			    -0.8824    -0.2953    0.3664
			    0.6417    0.7497    -0.1618
			    0.5285    0.3248    -0.7843
			    -0.8323    -0.5459    -0.0963
			    0.5491    0.8050    -0.2249
			    0.3312    0.5934    0.7336
			    0.4206    -0.7888    0.4481
			    0.8446    0.1602    -0.5108
			    -0.3312    -0.5934    -0.7336
			    -0.4206    0.7888    -0.4481
			    -0.8446    -0.1602    0.5108
		b:
			    365.2927
			    -367.7932
			    413.7252
			    75.4288
			    -538.7204
			    359.9133
			    517.9419
			    194.3978
			    281.9004
			    -505.9419
			    -183.3978
			    -276.9004
	==================================================================================
	Q2:
		Shape: Polyhedra
		q_c:    479.0000    200.5000    323.0000
		ub :    482.6299    206.9058    328.3241
		lb :    475.3701    194.0942    317.6759
		A:
			    0.4747    -0.7550    -0.4523
			    0.9318    -0.1856    0.3118
			    0.1868    -0.5338    -0.8247
			    0.2506    0.8253    0.5061
			    -0.3616    0.4594    0.8113
			    -0.4260    -0.1908    -0.8844
			    0.6784    0.2531    0.6897
			    0.0229    0.9310    -0.3642
			    -0.7343    0.2629    0.6258
			    -0.6784    -0.2531    -0.6897
			    -0.0229    -0.9310    0.3642
			    0.7343    -0.2629    -0.6258
		b:
			    -66.6804
			    512.8711
			    -281.3578
			    452.9461
			    183.2393
			    -524.9695
			    601.4875
			    85.4876
			    -94.8761
			    -595.4875
			    -74.4876
			    98.8761
	==================================================================================
	Q3:
		Shape: Hybrid
		q_c:    479.5000    196.5000    322.0000
		ub :    485.0099    202.0227    325.6339
		lb :    473.9901    190.9773    318.3661
		P^-1: 
			    0.1028    -0.0530    -0.0103
			    -0.0530    0.1020    0.0100
			    -0.0103    0.0100    0.1157
		A:
			    0.3999    0.6047    -0.6888
			    0.5293    -0.8467    -0.0548
			    0.6104    -0.3730    -0.6987
			    0.3977    -0.8035    -0.4431
			    -0.7645    0.0637    0.6415
			    -0.6432    0.3943    -0.6563
		b:
			    91.3708
			    71.1929
			    -4.1519
			    -108.3825
			    -145.5582
			    -440.5742
	==================================================================================
	Q4:
		Shape: Polyhedra
		q_c:    478.5000    205.0000    323.0000
		ub :    484.8766    209.4751    329.5413
		lb :    472.1234    200.5249    316.4587
		A:
			    -0.7031    -0.2114    0.6790
			    -0.5873    0.8046    -0.0881
			    -0.3543    -0.8851    0.3019
			    -0.0915    0.9559    -0.2792
			    -0.8062    -0.3905    0.4445
			    0.6171    -0.7867    0.0186
			    0.6186    0.4695    0.6301
			    -0.4725    0.8629    -0.1791
			    -0.6278    -0.1869    0.7556
			    -0.6186    -0.4695    -0.6301
			    0.4725    -0.8629    0.1791
			    0.6278    0.1869    -0.7556
		b:
			    -157.3914
			    -143.4221
			    -249.9540
			    63.9167
			    -318.4523
			    141.2077
			    602.2352
			    -106.0371
			    -91.6512
			    -589.2352
			    108.0371
			    97.6512
	==================================================================================
	Q5:
		Shape: Polyhedra
		q_c:    490.5000    191.5000    312.5000
		ub :    497.2469    195.3965    319.1488
		lb :    483.7531    187.6035    305.8512
		A:
			    0.2459    -0.0601    -0.9674
			    -0.2173    -0.5337    0.8173
			    0.9672    0.1193    0.2241
			    -0.3367    0.6295    0.7002
			    0.4167    0.8718    -0.2574
			    0.6348    0.7218    0.2755
			    0.6356    0.2561    0.7283
			    -0.7383    -0.0744    0.6704
			    0.2258    -0.9638    0.1418
			    -0.6356    -0.2561    -0.7283
			    0.7383    0.0744    -0.6704
			    -0.2258    0.9638    -0.1418
		b:
			    -188.6994
			    50.5735
			    571.7878
			    178.1805
			    294.3524
			    539.7929
			    592.8956
			    -162.3544
			    -26.9794
			    -583.8956
			    171.3544
			    31.9794
	==================================================================================
	Q6:
		Shape: Polyhedra
		q_c:    482.5000    209.5000    315.0000
		ub :    487.8889    214.0025    320.9453
		lb :    477.1111    204.9975    309.0547
		A:
			    0.7764    0.5872    -0.2290
			    0.5565    0.7715    0.3084
			    -0.8441    -0.2763    -0.4596
			    0.7690    0.5987    -0.2241
			    -0.8514    -0.4393    -0.2866
			    -0.6909    -0.1071    -0.7150
			    0.6909    0.6263    0.3613
			    -0.5340    0.1051    0.8389
			    0.4874    -0.7725    0.4071
			    -0.6909    -0.6263    -0.3613
			    0.5340    -0.1051    -0.8389
			    -0.4874    0.7725    -0.4071
		b:
			    428.2972
			    528.9584
			    -607.8376
			    428.6880
			    -591.3014
			    -578.2987
			    579.8432
			    33.1170
			    205.5482
			    -576.8432
			    -24.1170
			    -197.5482


===========================================================================================
===========================================================================================
S4:
	q_c:    287.5000    25.0000    291.0000
	ub :    310.0000    50.0000    301.0000
	lb :    265.0000    0.0000    281.0000

	==================================================================================
	Q1:
		Shape: Hybrid
		q_c:    288.0000    17.0000    295.5000
		ub :    296.5353    25.1164    303.4190
		lb :    279.4647    8.8836    287.5810
		P^-1: 
			    0.0430    0.0094    0.0011
			    0.0094    0.0298    0.0056
			    0.0011    0.0056    0.0402
		A:
			    -0.0411    -0.6469    -0.7615
			    -0.4827    -0.8743    0.0515
			    0.4730    -0.1491    0.8683
			    0.4512    0.8469    -0.2813
			    -0.4130    0.8815    0.2288
			    0.2100    0.9052    -0.3694
		b:
			    -245.0938
			    -135.6150
			    393.3810
			    64.4230
			    -32.4599
			    -29.6240
	==================================================================================
	Q2:
		Shape: Polyhedra
		q_c:    298.5000    28.5000    294.5000
		ub :    301.7720    35.2303    300.7424
		lb :    295.2280    21.7697    288.2576
		A:
			    -0.2016    -0.6493    0.7333
			    0.0093    0.0886    -0.9960
			    -0.8560    0.3743    0.3567
			    -0.9305    -0.0434    -0.3636
			    -0.2323    -0.8848    -0.4040
			    -0.7389    0.2469    -0.6269
			    0.9986    0.0118    0.0524
			    -0.0066    -0.9414    0.3374
			    0.0533    -0.3372    -0.9399
			    -0.9986    -0.0118    -0.0524
			    0.0066    0.9414    -0.3374
			    -0.0533    0.3372    0.9399
		b:
			    142.5071
			    -283.3526
			    -136.1876
			    -382.8981
			    -208.6161
			    -394.2137
			    316.8440
			    76.0541
			    -265.9973
			    -310.8440
			    -65.0541
			    274.9973
	==================================================================================
	Q3:
		Shape: Hybrid
		q_c:    288.0000    33.0000    293.0000
		ub :    294.7597    41.2921    301.1479
		lb :    281.2403    24.7079    284.8521
		P^-1: 
			    0.0424    0.0039    0.0013
			    0.0039    0.0438    0.0071
			    0.0013    0.0071    0.0309
		A:
			    -0.3772    -0.4945    -0.7830
			    0.8857    0.4108    -0.2162
			    0.1024    0.9921    0.0726
			    -0.6684    -0.6329    0.3906
			    -0.7737    -0.6308    -0.0589
			    0.6696    0.5266    -0.5238
		b:
			    -351.6795
			    207.9413
			    86.0013
			    -96.0406
			    -258.5388
			    59.8288
	==================================================================================
	Q4:
		Shape: Ellipse
		q_c:    290.0000    17.0000    292.5000
		ub :    294.6950    22.0676    296.6706
		lb :    285.3050    11.9324    288.3294
		P^-1: 
			    0.1245    0.0349    0.0159
			    0.0349    0.1111    0.0073
			    0.0159    0.0073    0.1171
	==================================================================================
	Q5:
		Shape: Polyhedra
		q_c:    292.0000    28.0000    292.0000
		ub :    301.1028    37.9442    302.5501
		lb :    282.8972    18.0558    281.4499
		A:
			    -0.7706    0.2166    0.5994
			    -0.7639    -0.5443    0.3466
			    -0.7561    0.6056    0.2482
			    0.8602    0.4567    -0.2268
			    0.9138    -0.1484    -0.3780
			    -0.0980    -0.9240    0.3696
			    0.1054    0.8536    0.5101
			    -0.7503    0.4049    -0.5225
			    -0.6526    -0.3277    0.6832
			    -0.1054    -0.8536    -0.5101
			    0.7503    -0.4049    0.5225
			    0.6526    0.3277    -0.6832
		b:
			    -37.8178
			    -131.0330
			    -125.2046
			    203.8063
			    158.3346
			    59.6124
			    210.1451
			    -354.3340
			    5.7627
			    -197.1451
			    366.3340
			    6.2373
	==================================================================================
	Q6:
		Shape: Hybrid
		q_c:    284.5000    33.0000    282.0000
		ub :    290.3280    38.9995    286.8207
		lb :    278.6720    27.0005    277.1793
		P^-1: 
			    0.0638    0.0025    -0.0073
			    0.0025    0.0676    -0.0147
			    -0.0073    -0.0147    0.1048
		A:
			    -0.7548    -0.1937    0.6267
			    -0.4103    0.0194    -0.9118
			    -0.6596    -0.7073    0.2542
			    -0.1912    -0.5939    -0.7815
			    0.0305    0.3050    0.9519
			    0.0057    0.3122    0.9500
		b:
			    -42.4342
			    -371.2902
			    -137.1050
			    -292.0983
			    289.0986
			    281.7441


===========================================================================================
===========================================================================================
S5:
	q_c:    405.5000    78.0000    361.5000
	ub :    426.0000    95.0000    388.0000
	lb :    385.0000    61.0000    335.0000

	==================================================================================
	Q1:
		Shape: Polyhedra
		q_c:    405.5000    59.5000    346.5000
		ub :    411.6941    67.4833    354.9927
		lb :    399.3059    51.5167    338.0073
		A:
			    0.2866    -0.2530    -0.9240
			    0.4989    -0.7037    -0.5058
			    0.8659    -0.3760    0.3300
			    0.0016    -0.5142    -0.8576
			    -0.9751    0.1167    -0.1885
			    0.2925    0.1674    -0.9415
			    0.2295    0.6962    0.6802
			    0.9255    0.0601    -0.3739
			    -0.3012    0.7153    -0.6306
			    -0.2295    -0.6962    -0.6802
			    -0.9255    -0.0601    0.3739
			    0.3012    -0.7153    0.6306
		b:
			    -214.3581
			    -10.2130
			    448.1379
			    -322.1872
			    -449.4079
			    -192.7573
			    375.1749
			    252.8297
			    -292.0570
			    -365.1749
			    -245.8297
			    304.0570
	==================================================================================
	Q2:
		Shape: Hybrid
		q_c:    414.0000    97.5000    362.0000
		ub :    425.9252    111.1105    373.9516
		lb :    402.0748    83.8895    350.0484
		P^-1: 
			    0.0182    -0.0006    0.0030
			    -0.0006    0.0147    0.0049
			    0.0030    0.0049    0.0197
		A:
			    -0.6464    0.6856    0.3350
			    0.5692    0.2776    0.7739
			    0.0091    -0.4634    -0.8861
			    -0.4568    0.2707    0.8474
			    -0.6692    0.0323    -0.7424
			    -0.0234    0.7830    0.6216
		b:
			    -75.2553
			    546.1756
			    -358.7109
			    148.2849
			    -538.9786
			    295.4461
	==================================================================================
	Q3:
		Shape: Polyhedra
		q_c:    402.5000    72.5000    359.5000
		ub :    416.0162    85.7515    370.9014
		lb :    388.9838    59.2485    348.0986
		A:
			    0.4496    0.5440    0.7084
			    -0.6233    0.0441    0.7808
			    -0.4900    -0.6462    -0.5850
			    -0.0876    -0.9406    -0.3279
			    -0.3234    -0.7947    -0.5137
			    0.0132    0.8903    0.4551
			    0.0591    0.6277    0.7763
			    0.3893    0.7015    -0.5969
			    -0.9192    0.3375    -0.2029
			    -0.0591    -0.6277    -0.7763
			    -0.3893    -0.7015    0.5969
			    0.9192    -0.3375    0.2029
		b:
			    480.5219
			    41.6559
			    -448.5252
			    -214.8954
			    -366.8962
			    239.0846
			    352.3418
			    3.4877
			    -408.4634
			    -344.3418
			    17.5123
			    428.4634
	==================================================================================
	Q4:
		Shape: Polyhedra
		q_c:    402.5000    90.5000    342.0000
		ub :    415.4651    99.5905    355.1681
		lb :    389.5349    81.4095    328.8319
		A:
			    -0.9397    0.1430    -0.3108
			    0.6472    -0.4416    0.6213
			    -0.6250    0.4236    -0.6556
			    0.7654    -0.5943    -0.2470
			    0.9137    -0.1304    -0.3849
			    0.1433    -0.9279    0.3442
			    0.6947    0.3980    0.5992
			    -0.6646    0.0365    0.7463
			    0.2752    -0.9167    0.2898
			    -0.6947    -0.3980    -0.5992
			    0.6646    -0.0365    -0.7463
			    -0.2752    0.9167    -0.2898
		b:
			    -464.2158
			    439.7501
			    -430.7387
			    177.9922
			    233.3789
			    98.0056
			    527.5504
			    0.5262
			    133.4144
			    -513.5504
			    18.4738
			    -120.4144
	==================================================================================
	Q5:
		Shape: Polyhedra
		q_c:    419.5000    68.5000    370.0000
		ub :    426.5236    75.4204    374.8397
		lb :    412.4764    61.5796    365.1603
		A:
			    0.0098    0.2749    -0.9614
			    0.8703    0.4408    0.2196
			    -0.1729    0.4525    0.8749
			    -0.4595    0.1096    -0.8814
			    0.9153    -0.1360    -0.3791
			    -0.3042    -0.3730    -0.8765
			    0.4290    0.0259    0.9029
			    -0.8668    0.2931    0.4034
			    -0.2542    -0.9557    0.1482
			    -0.4290    -0.0259    -0.9029
			    0.8668    -0.2931    -0.4034
			    0.2542    0.9557    -0.1482
		b:
			    -329.4617
			    481.1536
			    286.2152
			    -509.2305
			    239.8599
			    -474.7637
			    517.8260
			    -188.7620
			    -111.7961
			    -513.8260
			    199.7620
			    122.7961
	==================================================================================
	Q6:
		Shape: Polyhedra
		q_c:    402.0000    77.0000    363.0000
		ub :    414.0789    85.6186    375.7361
		lb :    389.9211    68.3814    350.2639
		A:
			    0.4261    0.5615    -0.7093
			    0.3334    0.9254    0.1800
			    -0.8960    0.4031    0.1864
			    -0.4260    0.9044    -0.0256
			    -0.3228    0.9406    0.1049
			    -0.7938    0.0069    0.6082
			    0.0482    0.9401    0.3376
			    -0.1435    0.3410    -0.9290
			    -0.9885    -0.0036    0.1513
			    -0.0482    -0.9401    -0.3376
			    0.1435    -0.3410    0.9290
			    0.9885    0.0036    -0.1513
		b:
			    -33.1610
			    276.8477
			    -251.5943
			    -103.4906
			    -12.6026
			    -87.5104
			    219.8207
			    -358.6586
			    -332.2236
			    -208.8207
			    378.6586
			    353.2236


===========================================================================================
===========================================================================================
S6:
	q_c:    177.0000    383.0000    190.5000
	ub :    180.0000    405.0000    200.0000
	lb :    174.0000    361.0000    181.0000

	==================================================================================
	Q1:
		Shape: Ellipse
		q_c:    180.0000    383.5000    191.0000
		ub :    182.1082    386.0031    193.8645
		lb :    177.8918    380.9969    188.1355
		P^-1: 
			    0.6824    0.2330    0.1603
			    0.2330    0.6612    0.2147
			    0.1603    0.2147    0.2608
	==================================================================================
	Q2:
		Shape: Ellipse
		q_c:    178.5000    386.5000    189.5000
		ub :    181.5087    389.5195    192.0551
		lb :    175.4913    383.4805    186.9449
		P^-1: 
			    0.1667    -0.0293    0.0060
			    -0.0293    0.3089    -0.0925
			    0.0060    -0.0925    0.3788
	==================================================================================
	Q3:
		Shape: Hybrid
		q_c:    181.5000    380.5000    190.0000
		ub :    184.7661    383.3769    192.4636
		lb :    178.2339    377.6231    187.5364
		P^-1: 
			    0.2763    0.1298    -0.0520
			    0.1298    0.3443    0.0402
			    -0.0520    0.0402    0.4283
		A:
			    -0.5361    0.7196    0.4413
			    0.1127    -0.2708    0.9560
			    0.9097    0.3138    -0.2721
			    0.3764    -0.5425    -0.7510
			    -0.0691    -0.4369    -0.8968
			    -0.1313    0.0332    0.9908
		b:
			    261.7241
			    100.0969
			    233.7828
			    -279.7977
			    -348.4479
			    177.8017
	==================================================================================
	Q4:
		Shape: Hybrid
		q_c:    179.5000    384.5000    194.0000
		ub :    181.0041    385.5697    195.5409
		lb :    177.9959    383.4303    192.4591
		P^-1: 
			    2.3886    -0.6212    1.6574
			    -0.6212    3.7605    0.6389
			    1.6574    0.6389    2.2954
		A:
			    -0.7081    -0.4515    -0.5428
			    0.0721    0.9959    0.0545
			    -0.5907    0.2288    -0.7737
			    0.5370    -0.6953    -0.4777
			    0.3481    -0.9263    -0.1442
			    0.2740    -0.6381    -0.7195
		b:
			    -405.6951
			    406.8152
			    -167.8457
			    -263.0104
			    -321.3675
			    -335.1184
	==================================================================================
	Q5:
		Shape: Ellipse
		q_c:    174.5000    384.5000    189.5000
		ub :    176.3509    386.6178    191.4779
		lb :    172.6491    382.3822    187.5221
		P^-1: 
			    1.1302    0.7644    1.1834
			    0.7644    1.0847    1.3580
			    1.1834    1.3580    2.4795
	==================================================================================
	Q6:
		Shape: Hybrid
		q_c:    177.5000    385.5000    192.5000
		ub :    179.8258    387.7211    194.9225
		lb :    175.1742    383.2789    190.0775
		P^-1: 
			    0.2559    -0.0099    0.0318
			    -0.0099    0.4439    0.0017
			    0.0318    0.0017    0.4391
		A:
			    -0.5241    0.8237    -0.2165
			    -0.4412    -0.8784    -0.1838
			    0.0178    -0.9546    -0.2973
			    0.2167    -0.4700    0.8556
			    -0.6934    -0.3373    -0.6367
			    0.3874    0.8966    -0.2147
		b:
			    183.6968
			    -451.4471
			    -421.3179
			    22.7386
			    -374.7320
			    373.9426


===========================================================================================
===========================================================================================
S7:
	q_c:    164.0000    199.0000    419.5000
	ub :    190.0000    213.0000    433.0000
	lb :    138.0000    185.0000    406.0000

	==================================================================================
	Q1:
		Shape: Polyhedra
		q_c:    157.5000    211.0000    425.0000
		ub :    162.7136    216.9592    429.7535
		lb :    152.2864    205.0408    420.2465
		A:
			    -0.5435    0.0656    0.8368
			    0.6169    -0.0553    0.7851
			    0.6617    -0.1284    0.7387
			    0.0284    -0.1059    0.9940
			    -0.2284    0.1120    -0.9671
			    0.7060    0.4304    0.5624
			    0.5914    0.1251    0.7966
			    -0.7508    0.4457    0.4875
			    -0.2940    -0.8864    0.3575
			    -0.5914    -0.1251    -0.7966
			    0.7508    -0.4457    -0.4875
			    0.2940    0.8864    -0.3575
		b:
			    287.7558
			    420.8223
			    392.9115
			    407.4214
			    -420.9711
			    443.2670
			    459.5956
			    186.9570
			    -76.9086
			    -456.5956
			    -178.9570
			    85.9086
	==================================================================================
	Q2:
		Shape: Ellipse
		q_c:    171.5000    184.5000    413.0000
		ub :    178.8112    189.8314    419.5014
		lb :    164.1888    179.1686    406.4986
		P^-1: 
			    0.0356    -0.0022    -0.0055
			    -0.0022    0.0490    -0.0009
			    -0.0055    -0.0009    0.0472
	==================================================================================
	Q3:
		Shape: Polyhedra
		q_c:    166.5000    206.0000    424.5000
		ub :    175.4853    214.6399    434.0088
		lb :    157.5147    197.3601    414.9912
		A:
			    -0.2998    -0.9457    0.1254
			    -0.0497    -0.7284    -0.6833
			    -0.3145    -0.6338    0.7067
			    -0.0775    0.8101    0.5811
			    -0.6760    0.3330    -0.6574
			    -0.9829    -0.1091    0.1481
			    0.6381    0.5861    0.4994
			    -0.1721    0.7407    -0.6494
			    -0.7505    0.3284    0.5735
			    -0.6381    -0.5861    -0.4994
			    0.1721    -0.7407    0.6494
			    0.7505    -0.3284    -0.5735
		b:
			    -186.7456
			    -442.8872
			    122.4720
			    406.4080
			    -318.0409
			    -117.0849
			    443.4495
			    -146.7306
			    193.1712
			    -434.4495
			    156.7306
			    -179.1712
	==================================================================================
	Q4:
		Shape: Hybrid
		q_c:    156.0000    189.5000    413.0000
		ub :    166.6421    199.8719    424.4001
		lb :    145.3579    179.1281    401.5999
		P^-1: 
			    0.0254    -0.0009    0.0036
			    -0.0009    0.0219    0.0027
			    0.0036    0.0027    0.0219
		A:
			    0.0695    -0.8208    -0.5670
			    -0.3867    0.6181    -0.6844
			    0.9114    -0.4089    0.0466
			    -0.4447    -0.8894    0.1061
			    0.9543    0.0538    -0.2939
			    -0.7449    -0.0747    -0.6629
		b:
			    -375.4571
			    -222.0410
			    87.2041
			    -190.1026
			    41.4212
			    -401.1209
	==================================================================================
	Q5:
		Shape: Polyhedra
		q_c:    177.0000    203.0000    412.0000
		ub :    187.9298    214.2942    421.1974
		lb :    166.0702    191.7058    402.8026
		A:
			    -0.7406    -0.6482    -0.1768
			    0.6863    0.7052    0.1780
			    -0.0000    -0.0715    0.9974
			    -0.2689    -0.2876    -0.9192
			    0.4587    0.1716    -0.8719
			    0.1408    0.4886    0.8610
			    0.6393    0.1864    0.7460
			    -0.5048    0.8336    0.2243
			    -0.5801    -0.5199    0.6270
			    -0.6393    -0.1864    -0.7460
			    0.5048    -0.8336    -0.2243
			    0.5801    0.5199    -0.6270
		b:
			    -330.0667
			    343.6008
			    401.8022
			    -479.1483
			    -237.3599
			    485.2659
			    463.3502
			    181.2946
			    55.6168
			    -453.3502
			    -163.2946
			    -44.6168
	==================================================================================
	Q6:
		Shape: Ellipse
		q_c:    160.0000    187.5000    410.5000
		ub :    173.1933    200.9993    418.7961
		lb :    146.8067    174.0007    402.2039
		P^-1: 
			    0.0130    0.0016    -0.0045
			    0.0016    0.0162    -0.0112
			    -0.0045    -0.0112    0.0449


===========================================================================================
===========================================================================================
S8:
	q_c:    495.5000    34.0000    150.5000
	ub :    512.0000    37.0000    171.0000
	lb :    479.0000    31.0000    130.0000

	==================================================================================
	Q1:
		Shape: Ellipse
		q_c:    499.5000    36.0000    153.0000
		ub :    502.3794    38.4389    155.8622
		lb :    496.6206    33.5611    150.1378
		P^-1: 
			    0.2694    -0.0570    -0.0123
			    -0.0570    0.4172    0.0361
			    -0.0123    0.0361    0.2578
	==================================================================================
	Q2:
		Shape: Ellipse
		q_c:    495.0000    32.0000    150.5000
		ub :    497.3720    34.5983    152.8401
		lb :    492.6280    29.4017    148.1599
		P^-1: 
			    0.7167    0.1224    -0.2993
			    0.1224    0.3170    0.0088
			    -0.2993    0.0088    0.6607
	==================================================================================
	Q3:
		Shape: Ellipse
		q_c:    499.5000    36.0000    151.0000
		ub :    501.4096    38.5607    153.0824
		lb :    497.5904    33.4393    148.9176
		P^-1: 
			    0.8728    -0.2409    -0.1376
			    -0.2409    0.3535    0.0092
			    -0.1376    0.0092    0.4681
	==================================================================================
	Q4:
		Shape: Polyhedra
		q_c:    498.0000    37.5000    148.5000
		ub :    500.1208    40.4356    151.1505
		lb :    495.8792    34.5644    145.8495
		A:
			    0.3249    -0.8356    0.4430
			    0.2926    0.0001    0.9562
			    0.0292    -0.8640    0.5026
			    0.2919    0.8171    -0.4972
			    -0.2276    0.8539    -0.4680
			    0.7475    0.1948    0.6350
			    0.0181    0.8676    0.4969
			    -0.0525    0.4972    -0.8661
			    -0.9985    -0.0104    0.0545
			    -0.0181    -0.8676    -0.4969
			    0.0525    -0.4972    0.8661
			    0.9985    0.0104    -0.0545
		b:
			    198.0904
			    289.5153
			    58.5537
			    104.0134
			    -148.9932
			    475.9124
			    117.8249
			    -134.6162
			    -487.5253
			    -112.8249
			    137.6162
			    491.5253
	==================================================================================
	Q5:
		Shape: Ellipse
		q_c:    496.5000    34.5000    148.0000
		ub :    499.4795    37.8516    150.5500
		lb :    493.5205    31.1484    145.4500
		P^-1: 
			    0.2560    0.0107    -0.0573
			    0.0107    0.1905    0.0727
			    -0.0573    0.0727    0.4080
	==================================================================================
	Q6:
		Shape: Hybrid
		q_c:    497.0000    33.5000    150.5000
		ub :    500.8239    36.9773    154.5556
		lb :    493.1761    30.0227    146.4444
		P^-1: 
			    0.1819    -0.0304    -0.0238
			    -0.0304    0.2023    0.0331
			    -0.0238    0.0331    0.1859
		A:
			    0.3554    0.9278    0.1131
			    0.1848    -0.4808    0.8572
			    0.9588    0.0284    -0.2826
			    -0.6902    -0.5894    0.4199
			    -0.4358    0.2154    0.8739
			    -0.0255    0.5643    -0.8252
		b:
			    226.1305
			    206.2377
			    436.2940
			    -298.0976
			    -76.6797
			    -116.4682


===========================================================================================
===========================================================================================
S9:
	q_c:    241.5000    383.5000    493.0000
	ub :    257.0000    398.0000    503.0000
	lb :    226.0000    369.0000    483.0000

	==================================================================================
	Q1:
		Shape: Polyhedra
		q_c:    249.0000    390.5000    490.0000
		ub :    258.8722    399.6639    499.6349
		lb :    239.1278    381.3361    480.3651
		A:
			    0.2538    0.9509    0.1773
			    0.8899    -0.3881    -0.2398
			    -0.4355    0.8294    0.3498
			    0.6801    0.7318    0.0440
			    0.8973    -0.0802    -0.4342
			    -0.7332    0.0485    -0.6782
			    0.4906    0.8247    0.2815
			    0.6903    -0.1707    -0.7031
			    -0.5317    0.5393    -0.6530
			    -0.4906    -0.8247    -0.2815
			    -0.6903    0.1707    0.7031
			    0.5317    -0.5393    0.6530
		b:
			    527.0215
			    -41.8442
			    392.4797
			    482.1317
			    -15.4683
			    -489.3540
			    587.6301
			    -234.2597
			    -234.8069
			    -576.6301
			    244.2597
			    248.8069
	==================================================================================
	Q2:
		Shape: Ellipse
		q_c:    232.5000    380.0000    505.0000
		ub :    239.0549    387.0495    513.0007
		lb :    225.9451    372.9505    496.9993
		P^-1: 
			    0.0993    -0.0376    -0.0581
			    -0.0376    0.0688    0.0089
			    -0.0581    0.0089    0.0748
	==================================================================================
	Q3:
		Shape: Hybrid
		q_c:    247.0000    392.5000    500.0000
		ub :    252.4791    394.7623    505.1146
		lb :    241.5209    390.2377    494.8854
		P^-1: 
			    0.0506    -0.0072    -0.0036
			    -0.0072    0.2496    0.0046
			    -0.0036    0.0046    0.0617
		A:
			    -0.2048    -0.8200    0.5344
			    0.1534    -0.9828    -0.1026
			    -0.6849    0.4152    0.5988
			    -0.0856    -0.9510    0.2970
			    0.1330    0.9878    -0.0813
			    -0.3553    -0.9338    -0.0416
		b:
			    -103.3372
			    -398.1069
			    295.9913
			    -244.6091
			    381.0290
			    -473.5574
	==================================================================================
	Q4:
		Shape: Hybrid
		q_c:    238.0000    380.0000    493.0000
		ub :    246.1077    384.5849    501.1488
		lb :    229.8923    375.4151    484.8512
		P^-1: 
			    0.0346    -0.0033    0.0138
			    -0.0033    0.1067    -0.0161
			    0.0138    -0.0161    0.0428
		A:
			    0.6283    -0.1378    0.7657
			    -0.3691    -0.9112    -0.1829
			    0.4936    0.7986    -0.3444
			    0.4177    -0.5705    0.7071
			    0.3867    0.2634    0.8838
			    0.5134    0.8578    -0.0256
		b:
			    477.4527
			    -522.1587
			    254.0122
			    233.4679
			    631.0253
			    437.9810
	==================================================================================
	Q5:
		Shape: Polyhedra
		q_c:    246.0000    371.5000    484.5000
		ub :    253.0758    379.0178    489.9071
		lb :    238.9242    363.9822    479.0929
		A:
			    -0.6216    0.6159    0.4841
			    -0.7979    -0.4856    -0.3573
			    -0.2449    0.3081    0.9193
			    -0.0202    0.8566    0.5157
			    -0.2634    -0.4721    -0.8412
			    -0.0790    -0.8009    -0.5936
			    0.2923    0.5824    0.7585
			    0.8972    -0.4415    -0.0068
			    0.3310    0.6826    -0.6516
			    -0.2923    -0.5824    -0.7585
			    -0.8972    0.4415    0.0068
			    -0.3310    -0.6826    0.6516
		b:
			    314.7426
			    -546.1261
			    503.3617
			    565.9503
			    -646.0475
			    -602.2026
			    657.2774
			    58.4091
			    25.7857
			    -654.2774
			    -48.4091
			    -12.7857
	==================================================================================
	Q6:
		Shape: Ellipse
		q_c:    246.0000    393.5000    480.5000
		ub :    255.8024    398.9703    489.9121
		lb :    236.1976    388.0297    471.0879
		P^-1: 
			    0.0215    0.0024    0.0096
			    0.0024    0.1428    0.0443
			    0.0096    0.0443    0.0444


===========================================================================================
===========================================================================================
S10:
	q_c:    65.0000    494.5000    386.0000
	ub :    71.0000    524.0000    398.0000
	lb :    59.0000    465.0000    374.0000

	==================================================================================
	Q1:
		Shape: Hybrid
		q_c:    66.5000    498.0000    387.5000
		ub :    70.6989    502.1688    391.0564
		lb :    62.3011    493.8312    383.9436
		P^-1: 
			    0.1600    0.0000    0.0000
			    0.0000    0.1600    0.0000
			    0.0000    0.0000    0.1600
		A:
			    0.1462    0.9347    -0.3240
			    0.3946    -0.8588    0.3267
			    0.9668    0.1443    -0.2111
			    -0.3246    0.6113    0.7217
			    0.1256    -0.9484    -0.2911
			    0.4634    0.5254    -0.7136
		b:
			    350.8725
			    -273.6287
			    55.6161
			    563.7920
			    -575.4990
			    17.1758
	==================================================================================
	Q2:
		Shape: Ellipse
		q_c:    70.5000    498.0000    389.5000
		ub :    74.7831    501.8834    393.1525
		lb :    66.2169    494.1166    385.8475
		P^-1: 
			    0.1600    0.0000    -0.0000
			    0.0000    0.1600    0.0000
			    -0.0000    0.0000    0.1600
	==================================================================================
	Q3:
		Shape: Polyhedra
		q_c:    71.0000    498.0000    385.0000
		ub :    76.7564    503.1013    390.9158
		lb :    65.2436    492.8987    379.0842
		A:
			    0.9534    0.1104    -0.2807
			    0.9826    -0.0493    -0.1791
			    -0.1627    0.2605    0.9517
			    -0.5943    -0.7977    -0.1025
			    -0.8866    0.1934    -0.4201
			    0.3059    0.8308    -0.4649
			    0.4119    0.7960    0.4435
			    0.3140    -0.5809    0.7510
			    0.8554    -0.1700    -0.4892
			    -0.4119    -0.7960    -0.4435
			    -0.3140    0.5809    -0.7510
			    -0.8554    0.1700    0.4892
		b:
			    18.4634
			    -19.8147
			    488.1498
			    -475.7725
			    -124.7628
			    259.8723
			    599.4165
			    25.6411
			    -208.2901
			    -593.4165
			    -18.6411
			    216.2901
	==================================================================================
	Q4:
		Shape: Ellipse
		q_c:    69.5000    494.5000    388.5000
