3D_35_7_6_d                l = 3

===========================================================================================
===========================================================================================
S1:
	q_c:	38.5	33.5	45.0
	ub :	41.3412	38.307	53.5241
	lb :	28.3258	24.9711	37.288

	==================================================================================
	Q1:
		Shape: Hybrid
		q_c:	33.5	32.0	49.5
		ub :	36.6183	36.1247	53.5241
		lb :	30.3817	27.8753	45.4759
		P^-1:
			0.3739	-0.0652	-0.1166
			-0.0652	0.1428	0.0053
			-0.1166	0.0053	0.1989
		A:
			-0.7265	0.6792	-0.1044
			-0.7996	-0.1139	-0.5896
			0.527	-0.0434	0.8488
			-0.0752	0.4716	-0.8786
			-0.9031	-0.2696	0.3343
			0.7943	0.1623	-0.5854
		b:
			-6.4753
			-57.7452
			60.2149
			-29.1987
			-21.191
			3.794
	==================================================================================
	Q2:
		Shape: Ellipse
		q_c:	38.0	35.5	41.0
		ub :	41.1992	38.307	44.712
		lb :	34.8008	32.693	37.288
		P^-1:
			0.3055	0.0507	0.156
			0.0507	0.2558	0.0084
			0.156	0.0084	0.2443
	==================================================================================
	Q3:
		Shape: Ellipse
		q_c:	33.0	29.0	47.0
		ub :	36.4617	33.0289	50.9752
		lb :	29.5383	24.9711	43.0248
		P^-1:
			0.2178	-0.037	0.0222
			-0.037	0.1837	-0.0142
			0.0222	-0.0142	0.1685
	==================================================================================
	Q4:
		Shape: Ellipse
		q_c:	36.0	30.5	45.5
		ub :	39.7216	34.5088	49.2294
		lb :	32.2784	26.4912	41.7706
		P^-1:
			0.161	0.0056	-0.0074
			0.0056	0.1924	-0.0428
			-0.0074	-0.0428	0.2166
	==================================================================================
	Q5:
		Shape: Hybrid
		q_c:	32.0	33.5	48.5
		ub :	35.6742	35.5777	52.1865
		lb :	28.3258	31.4223	44.8135
		P^-1:
			0.3664	-0.2378	0.2042
			-0.2378	0.896	-0.0226
			0.2042	-0.0226	0.2636
		A:
			-0.6787	0.7319	0.0609
			-0.5077	-0.2802	-0.8147
			0.5437	0.2828	-0.7902
			0.2614	0.4939	0.8293
			0.0137	-0.9896	-0.1435
			0.2745	-0.8823	0.3824
		b:
			6.8524
			-64.0147
			-8.5027
			66.4609
			-39.0326
			-1.417
	==================================================================================
	Q6:
		Shape: Hybrid
		q_c:	37.5	31.0	42.5
		ub :	41.3412	34.2665	46.8778
		lb :	33.6588	27.7335	38.1222
		P^-1:
			0.1587	0.0168	0.0276
			0.0168	0.236	0.0347
			0.0276	0.0347	0.0969
		A:
			-0.2598	0.7548	-0.6023
			-0.4078	0.8298	-0.381
			-0.6777	0.7301	-0.0875
			0.2346	0.5056	0.8302
			-0.6229	-0.5079	-0.595
			0.8662	0.324	-0.3804
		b:
			-10.1024
			-4.2304
			-5.1087
			61.4601
			-63.0774
			28.2821


===========================================================================================
===========================================================================================
S2:
	q_c:	312.5	148.5	20.0
	ub :	325.2708	165.7927	36.8424
	lb :	299.6818	136.2818	5.9498

	==================================================================================
	Q1:
		Shape: Ellipse
		q_c:	305.5	143.0	23.0
		ub :	311.3182	148.7487	27.8775
		lb :	299.6818	137.2513	18.1225
		P^-1:
			0.0862	-0.0331	0.0256
			-0.0331	0.1086	-0.0357
			0.0256	-0.0357	0.0902
	==================================================================================
	Q2:
		Shape: Hybrid
		q_c:	310.0	159.5	29.5
		ub :	313.2113	165.7927	36.8424
		lb :	306.7887	153.2073	22.1576
		P^-1:
			2.9937	-1.6445	-0.5091
			-1.6445	0.9627	0.2936
			-0.5091	0.2936	0.1208
		A:
			-0.6151	0.7066	0.3499
			-0.8978	0.4388	-0.0374
			-0.9222	0.3826	0.0567
			0.9137	-0.3797	0.1448
			0.7922	-0.5849	-0.1741
			-0.9062	0.4166	-0.0726
		b:
			-66.0963
			-208.5313
			-222.5978
			228.4092
			147.6853
			-215.5239
	==================================================================================
	Q3:
		Shape: Polyhedra
		q_c:	319.5	158.0	17.0
		ub :	325.2708	163.4661	21.6811
		lb :	313.7292	152.5339	12.3189
		A:
			0.9136	-0.1579	-0.3748
			0.1456	0.6576	-0.7392
			0.0737	-0.65	0.7564
			0.9233	-0.3301	-0.1965
			-0.2955	-0.5539	0.7784
			0.9591	-0.1463	-0.2423
			0.6597	0.2881	0.6941
			-0.6504	-0.2438	0.7194
			0.3765	-0.926	0.0266
			-0.6597	-0.2881	-0.6941
			0.6504	0.2438	-0.7194
			-0.3765	0.926	-0.0266
		b:
			263.6327
			141.0202
			-62.8566
			242.9204
			-165.8238
			282.4225
			272.1096
			-231.5854
			-21.5836
			-264.1096
			236.5854
			29.5836
	==================================================================================
	Q4:
		Shape: Hybrid
		q_c:	314.0	148.5	24.0
		ub :	322.2892	156.8155	31.0076
		lb :	305.7108	140.1845	16.9924
		P^-1:
			0.0555	-0.0012	-0.0367
			-0.0012	0.0302	0.0065
			-0.0367	0.0065	0.0863
		A:
			0.8834	0.4313	0.1832
			-0.2665	-0.2334	0.9351
			-0.0788	-0.1639	-0.9833
			0.5639	0.5127	-0.6475
			-0.0529	-0.1267	-0.9905
			0.7412	0.3655	0.5631
		b:
			349.6712
			-93.6849
			-69.9816
			240.2894
			-56.573
			304.5518
	==================================================================================
	Q5:
		Shape: Ellipse
		q_c:	320.0	143.5	12.0
		ub :	324.1319	150.7182	18.0502
		lb :	315.8681	136.2818	5.9498
		P^-1:
			0.225	-0.0662	0.0221
			-0.0662	0.0632	0.0158
			0.0221	0.0158	0.0713
	==================================================================================
	Q6:
		Shape: Hybrid
		q_c:	314.5	151.5	21.5
		ub :	320.4859	158.9939	28.7464
		lb :	308.5141	144.0061	14.2536
		P^-1:
			0.0845	0.0621	0.0682
			0.0621	0.1056	0.085
			0.0682	0.085	0.1207
		A:
			0.7443	-0.1634	0.6476
			0.9347	0.3291	0.1342
			0.5008	0.618	0.606
			-0.9969	-0.0753	-0.0214
			0.3662	0.7285	0.5789
			0.831	0.457	0.317
		b:
			226.6657
			349.74
			265.1833
			-321.6599
			239.2483
			339.595


===========================================================================================
===========================================================================================
S3:
	q_c:	360.5	404.0	484.5
	ub :	384.3774	436.3515	505.0495
	lb :	344.4703	382.3682	459.8308

	==================================================================================
	Q1:
		Shape: Ellipse
		q_c:	376.0	392.5	478.0
		ub :	384.3774	398.4494	488.7148
		lb :	367.6226	386.5506	467.2852
		P^-1:
			0.0455	0.0121	-0.0198
			0.0121	0.1421	-0.0433
			-0.0198	-0.0433	0.0329
	==================================================================================
	Q2:
		Shape: Polyhedra
		q_c:	371.5	396.5	473.0
		ub :	381.6958	410.6318	486.1692
		lb :	361.3042	382.3682	459.8308
		A:
			-0.6385	0.2876	0.7139
			-0.833	0.434	0.3431
			-0.7569	-0.166	-0.6321
			0.9289	-0.368	-0.041
			0.739	-0.1815	0.6489
			-0.9056	0.1686	0.3893
			0.2855	0.6974	0.6574
			0.2704	0.5994	-0.7534
			-0.9194	0.3929	-0.0174
			-0.2855	-0.6974	-0.6574
			-0.2704	-0.5994	0.7534
			0.9194	-0.3929	0.0174
		b:
			222.2305
			31.009
			-638.2236
			185.2882
			516.7603
			-78.935
			702.5241
			-8.6964
			-188.5277
			-684.5241
			27.6964
			199.5277
	==================================================================================
	Q3:
		Shape: Hybrid
		q_c:	355.5	412.5	494.5
		ub :	363.3544	423.0928	505.0495
		lb :	347.6456	401.9072	483.9505
		P^-1:
			0.0314	0.0036	0.0043
			0.0036	0.026	0.0092
			0.0043	0.0092	0.0281
		A:
			0.0313	-0.2104	-0.9771
			0.5632	-0.6385	-0.5245
			0.98	0.1305	-0.1505
			-0.9682	0.1074	0.2261
			0.1655	-0.6586	-0.7341
			0.9479	0.1345	0.2888
		b:
			-555.3908
			-319.1318
			331.1024
			-184.6766
			-572.8501
			538.1701
	==================================================================================
	Q4:
		Shape: Polyhedra
		q_c:	357.5	425.5	483.0
		ub :	370.5297	436.3515	496.4693
		lb :	344.4703	414.6485	469.5307
		A:
			0.8283	-0.0441	0.5586
			0.4687	0.7083	-0.5279
			0.2156	-0.6242	-0.7509
			-0.1467	0.9563	0.2531
			-0.0851	0.6697	0.7377
			-0.1884	-0.8052	-0.5623
			0.8409	0.0182	0.5408
			-0.4529	0.5707	0.685
			-0.2962	-0.8209	0.4882
			-0.8409	-0.0182	-0.5408
			0.4529	-0.5707	-0.685
			0.2962	0.8209	-0.4882
		b:
			556.1471
			222.4439
			-544.5305
			484.0296
			617.7447
			-674.0034
			578.5936
			418.2952
			-210.8932
			-560.5936
			-405.2952
			227.8932
	==================================================================================
	Q5:
		Shape: Hybrid
		q_c:	358.0	405.5	494.5
		ub :	370.1694	418.8166	502.8994
		lb :	345.8306	392.1834	486.1006
		P^-1:
			0.022	0.0104	-0.0165
			0.0104	0.0181	-0.0213
			-0.0165	-0.0213	0.0676
		A:
			-0.0083	-0.2034	0.9791
			0.6137	0.7171	0.3302
			-0.7575	-0.1992	-0.6217
			-0.356	-0.2848	0.89
			-0.7067	-0.3712	0.6024
			-0.6895	-0.1875	0.6996
		b:
			401.0997
			680.2758
			-653.8448
			199.0294
			-102.605
			26.3498
	==================================================================================
	Q6:
		Shape: Polyhedra
		q_c:	361.5	390.0	474.5
		ub :	367.4833	391.3414	479.8095
		lb :	355.5167	388.6586	469.1905
		A:
			-0.7626	0.4515	0.4632
			-0.2365	-0.971	0.0351
			0.0565	0.7718	-0.6333
			0.3644	-0.8552	-0.3686
			0.2687	-0.8635	-0.4269
			0.4176	-0.7837	-0.4598
			0.78	0.0458	0.6242
			-0.6232	-0.034	0.7813
			0.0571	-0.9984	0.002
			-0.78	-0.0458	-0.6242
			0.6232	0.034	-0.7813
			-0.0571	0.9984	-0.002
		b:
			122.6387
			-445.9058
			23.263
			-375.3862
			-440.7613
			-371.408
			601.9857
			134.1517
			-366.79
			-589.9857
			-130.1517
			368.79


===========================================================================================
===========================================================================================
S4:
	q_c:	364.0	468.5	442.0
	ub :	373.8785	489.7807	463.079
	lb :	348.6189	456.5213	422.4019

	==================================================================================
	Q1:
		Shape: Ellipse
		q_c:	364.0	467.0	434.0
		ub :	368.9845	475.0076	442.178
		lb :	359.0155	458.9924	425.822
		P^-1:
			0.1415	-0.0216	-0.0403
			-0.0216	0.0384	0.0015
			-0.0403	0.0015	0.0478
	==================================================================================
	Q2:
		Shape: Ellipse
		q_c:	359.0	473.0	452.0
		ub :	363.7819	477.9233	457.6102
		lb :	354.2181	468.0767	446.3898
		P^-1:
			0.4174	0.3375	0.3163
			0.3375	0.3704	0.2845
			0.3163	0.2845	0.324
	==================================================================================
	Q3:
		Shape: Ellipse
		q_c:	361.5	464.5	447.5
		ub :	369.4742	472.4787	456.1374
		lb :	353.5258	456.5213	438.8626
		P^-1:
			0.0615	0.0051	-0.0251
			0.0051	0.0408	0.0131
			-0.0251	0.0131	0.0491
	==================================================================================
	Q4:
		Shape: Polyhedra
		q_c:	363.5	483.5	450.0
		ub :	369.301	488.037	458.6276
		lb :	357.699	478.963	441.3724
		A:
			-0.7656	-0.558	0.3202
			-0.807	0.588	-0.055
			0.9435	-0.3181	0.0931
			0.9434	0.3314	-0.0135
			-0.9253	0.1369	-0.3536
			0.9338	-0.2027	0.2949
			0.7987	0.5888	0.1239
			-0.158	0.0064	0.9874
			0.5806	-0.8082	0.0981
			-0.7987	-0.5888	-0.1239
			0.158	-0.0064	-0.9874
			-0.5806	0.8082	-0.0981
		b:
			-399.3177
			-30.6965
			234.2394
			500.7489
			-425.727
			377.5011
			634.2935
			398.0342
			-132.5633
			-627.2935
			-382.0342
			138.5633
	==================================================================================
	Q5:
		Shape: Ellipse
		q_c:	366.5	481.0	454.5
		ub :	373.8785	489.7807	463.079
		lb :	359.1215	472.2193	445.921
		P^-1:
			0.0446	-0.0066	-0.0075
			-0.0066	0.0402	-0.0104
			-0.0075	-0.0104	0.0376
	==================================================================================
	Q6:
		Shape: Hybrid
		q_c:	355.5	466.5	429.0
		ub :	362.3811	473.215	435.5981
		lb :	348.6189	459.785	422.4019
		P^-1:
			0.0767	-0.0033	-0.0338
			-0.0033	0.0483	0.0089
			-0.0338	0.0089	0.0755
		A:
			-0.3248	0.3623	0.8736
			-0.6347	-0.6006	0.4862
			-0.9618	-0.1294	-0.2412
			0.0423	0.2784	-0.9595
			-0.4781	0.0504	-0.8768
			0.2662	0.7009	-0.6617
		b:
			430.2286
			-294.8801
			-502.8164
			-263.9951
			-519.3352
			140.5873


===========================================================================================
===========================================================================================
S5:
	q_c:	191.5	41.0	286.0
	ub :	223.5917	69.3428	318.0814
	lb :	167.2029	18.7619	262.4487

	==================================================================================
	Q1:
		Shape: Hybrid
		q_c:	197.5	59.0	278.5
		ub :	210.3808	65.0694	288.0149
		lb :	184.6192	52.9306	268.9851
		P^-1:
			0.0113	-0.0107	0.0132
			-0.0107	0.0809	-0.0386
			0.0132	-0.0386	0.0543
		A:
			-0.2944	0.5871	-0.7541
			0.1024	-0.4259	0.899
			-0.3356	-0.7482	-0.5723
			0.0634	0.9791	-0.1932
			-0.6681	0.5973	-0.4438
			-0.5476	0.7661	-0.3364
		b:
			-231.5673
			248.1188
			-265.216
			18.9996
			-215.2366
			-152.4076
	==================================================================================
	Q2:
		Shape: Hybrid
		q_c:	208.0	35.5	299.0
		ub :	223.5917	52.2381	314.8465
		lb :	192.4083	18.7619	283.1535
		P^-1:
			0.0165	-0.0056	-0.0094
			-0.0056	0.0107	0.0018
			-0.0094	0.0018	0.0171
		A:
			0.2737	0.953	-0.1296
			-0.2515	0.2998	-0.9202
			-0.5066	0.8622	-0.0072
			0.1855	0.6843	-0.7052
			0.6042	-0.7959	-0.0372
			0.0872	0.9272	0.3644
		b:
			60.4527
			-309.7936
			-71.397
			-141.7407
			91.4107
			168.4713
	==================================================================================
	Q3:
		Shape: Hybrid
		q_c:	195.0	39.5	276.5
		ub :	208.2633	54.118	290.5513
		lb :	181.7367	24.882	262.4487
		P^-1:
			0.0147	-0.0034	-0.0024
			-0.0034	0.014	-0.0027
			-0.0024	-0.0027	0.0159
		A:
			0.5955	-0.5074	-0.6228
			-0.8765	-0.0146	-0.4812
			-0.0305	-0.325	0.9452
			-0.7146	-0.473	0.5153
			0.9278	0.0213	0.3726
			-0.3073	-0.9131	0.2681
		b:
			-72.1218
			-298.9873
			246.4633
			-10.9746
			290.2631
			-16.6865
	==================================================================================
	Q4:
		Shape: Ellipse
		q_c:	178.0	50.0	275.5
		ub :	188.7971	62.9256	287.4765
		lb :	167.2029	37.0744	263.5235
		P^-1:
			0.0195	-0.0013	-0.0001
			-0.0013	0.0178	0.0018
			-0.0001	0.0018	0.0147
	==================================================================================
	Q5:
		Shape: Polyhedra
		q_c:	196.0	56.0	308.0
		ub :	208.8527	69.3428	318.0814
		lb :	183.1473	42.6572	297.9186
		A:
			0.0378	0.9977	0.0564
			0.8168	0.2437	0.523
			-0.84	-0.3623	0.4039
			-0.764	-0.6189	0.1826
			-0.9766	-0.2133	0.0291
			-0.5104	-0.0765	0.8566
			0.631	0.6739	0.3843
			0.751	-0.6548	-0.0849
			0.1944	0.3422	-0.9193
			-0.631	-0.6739	-0.3843
			-0.751	0.6548	0.0849
			-0.1944	-0.3422	0.9193
		b:
			88.7581
			342.5534
			-52.9537
			-120.7328
			-186.3608
			166.8722
			287.2793
			93.3923
			-218.8705
			-272.2793
			-75.3923
			232.8705
	==================================================================================
	Q6:
		Shape: Ellipse
		q_c:	202.0	36.0	304.0
		ub :	209.5681	46.5223	314.2544
		lb :	194.4319	25.4777	293.7456
		P^-1:
			0.039	0.0045	0.0098
			0.0045	0.0201	0.009
			0.0098	0.009	0.0337


===========================================================================================
===========================================================================================
S6:
	q_c:	171.0	224.5	127.0
	ub :	176.0143	230.3574	132.9906
	lb :	168.1941	220.2501	123.8673

	==================================================================================
	Q1:
		Shape: Hybrid
		q_c:	171.0	227.5	130.0
		ub :	173.5316	230.3574	132.8345
		lb :	168.4684	224.6426	127.1655
		P^-1:
			0.7086	-0.0228	-0.3649
			-0.0228	0.2511	0.0182
			-0.3649	0.0182	0.5403
		A:
			0.6566	0.0771	-0.7503
			-0.7017	0.0548	0.7104
			-0.3334	0.1236	0.9346
			-0.1749	0.9467	0.2704
			-0.4913	0.2129	0.8446
			-0.8784	-0.0154	0.4776
		b:
			32.8544
			-14.653
			93.4781
			222.0411
			74.94
			-91.0596
	==================================================================================
	Q2:
		Shape: Ellipse
		q_c:	170.0	222.5	125.5
		ub :	171.8059	224.7499	127.1327
		lb :	168.1941	220.2501	123.8673
		P^-1:
			1.9426	-0.1137	-1.5477
			-0.1137	0.505	-0.4264
			-1.5477	-0.4264	2.8024
	==================================================================================
	Q3:
		Shape: Ellipse
		q_c:	173.5	223.0	130.5
		ub :	175.9594	225.4796	132.9906
		lb :	171.0406	220.5204	128.0094
		P^-1:
			0.4444	0.0	0.0
			0.0	0.4444	0.0
			0.0	0.0	0.4444
	==================================================================================
	Q4:
		Shape: Hybrid
		q_c:	171.0	224.5	128.0
		ub :	173.2196	226.8019	130.1145
		lb :	168.7804	222.1981	125.8855
		P^-1:
			0.7824	0.2966	-0.167
			0.2966	0.5957	0.2276
			-0.167	0.2276	0.8718
		A:
			-0.3903	-0.6994	0.5987
			0.7091	-0.1561	-0.6876
			0.391	-0.2976	0.871
			-0.3488	0.5325	0.7712
			0.2272	-0.7973	-0.5592
			-0.0996	0.3077	-0.9463
		b:
			-146.2411
			-1.2312
			112.7383
			159.2161
			-210.9132
			-68.04
	==================================================================================
	Q5:
		Shape: Ellipse
		q_c:	173.5	225.0	126.5
		ub :	176.0143	227.3972	128.5371
		lb :	170.9857	222.6028	124.4629
		P^-1:
			0.4444	-0.0	-0.0
			-0.0	0.4444	-0.0
			-0.0	-0.0	0.4444
	==================================================================================
	Q6:
		Shape: Hybrid
		q_c:	172.5	226.5	126.5
		ub :	175.1708	229.378	129.0926
		lb :	169.8292	223.622	123.9074
		P^-1:
			0.4132	-0.0569	0.0431
			-0.0569	0.3407	0.0786
			0.0431	0.0786	0.385
		A:
			-0.2759	0.5065	-0.8169
			0.6185	-0.0435	0.7846
			-0.6573	0.4465	0.6071
			-0.4471	0.3019	0.842
			0.9696	-0.2204	-0.106
			0.1688	0.585	0.7933
		b:
			-35.1781
			196.8666
			65.3386
			98.6192
			104.7303
			262.7167


===========================================================================================
===========================================================================================
S7:
	q_c:	274.0	467.0	52.5
	ub :	278.1385	470.0668	56.8187
	lb :	270.7012	463.3238	49.2419

	==================================================================================
	Q1:
		Shape: Polyhedra
		q_c:	276.0	465.5	53.0
		ub :	278.1385	467.6762	54.8594
		lb :	273.8615	463.3238	51.1406
		A:
			0.9154	0.3215	0.2423
			0.359	0.8657	-0.3487
			-0.6769	0.3971	0.6198
			0.9294	0.3688	0.016
			0.7441	0.3955	-0.5385
			0.2273	0.9269	-0.2988
			0.7261	0.5082	0.4632
			-0.3494	-0.3075	0.8851
			0.5922	-0.8045	-0.0457
			-0.7261	-0.5082	-0.4632
			0.3494	0.3075	-0.8851
			-0.5922	0.8045	0.0457
		b:
			416.21
			484.9821
			32.3982
			430.1769
			362.3295
			479.7524
			462.5009
			-191.1713
			-211.9711
			-460.5009
			194.1713
			214.9711
	==================================================================================
	Q2:
		Shape: Hybrid
		q_c:	274.5	468.0	55.0
		ub :	276.3305	470.0668	56.8187
		lb :	272.6695	465.9332	53.1813
		P^-1:
			0.8296	-0.2562	0.0029
			-0.2562	0.6149	-0.002
			0.0029	-0.002	0.4445
		A:
			0.8427	0.1773	0.5084
			-0.9296	0.3372	-0.1486
			-0.8829	0.2687	-0.3851
			0.9842	0.1559	0.0833
			-0.0872	-0.1841	-0.979
			0.5671	0.711	-0.4158
		b:
			343.0698
			-105.0185
			-137.1337
			348.4922
			-162.9351
			466.5282
	==================================================================================
	Q3:
		Shape: Hybrid
		q_c:	275.0	465.0	53.0
		ub :	276.4181	466.4561	53.7137
		lb :	273.5819	463.5439	52.2863
		P^-1:
			1.0138	-0.0352	0.1998
			-0.0352	1.0899	-0.5102
			0.1998	-0.5102	3.8964
		A:
			0.1728	0.2539	0.9517
			0.023	-0.392	-0.9197
			0.0448	0.3556	0.9336
			0.2875	-0.0078	-0.9578
			-0.3628	-0.1364	-0.9218
			-0.4875	-0.0509	-0.8716
		b:
			216.4027
			-224.2547
			227.5587
			25.0167
			-211.6786
			-203.5473
	==================================================================================
	Q4:
		Shape: Ellipse
		q_c:	275.0	465.5	53.5
		ub :	276.2027	466.9915	54.9397
		lb :	273.7973	464.0085	52.0603
		P^-1:
			2.9355	-0.5581	-1.3224
			-0.5581	1.1609	0.3813
			-1.3224	0.3813	1.9035
	==================================================================================
	Q5:
		Shape: Ellipse
		q_c:	272.5	467.0	53.0
		ub :	274.2988	468.8381	53.9866
		lb :	270.7012	465.1619	52.0134
		P^-1:
			0.9767	-0.1408	-0.8174
			-0.1408	0.7665	-0.5388
			-0.8174	-0.5388	3.7013
	==================================================================================
	Q6:
		Shape: Hybrid
		q_c:	274.0	466.5	51.0
		ub :	275.9557	468.5362	52.7581
		lb :	272.0443	464.4638	49.2419
		P^-1:
			0.8044	0.2353	0.1226
			0.2353	0.5983	0.0802
			0.1226	0.0802	0.4862
		A:
			-0.8744	0.1232	-0.4694
			-0.6609	-0.6229	0.4187
			-0.3339	0.6443	-0.688
			-0.9278	-0.3522	-0.1228
			0.9813	-0.0561	0.1842
			0.6429	0.725	-0.2469
		b:
			-205.304
			-449.5354
			174.9998
			-424.2575
			252.7908
			502.4752


===========================================================================================
===========================================================================================
