3D_30_14_6_a                l = 3

===========================================================================================
===========================================================================================
S1:
	q_c:	502.5	190.5	75.0
	ub :	504.9773	193.0176	78.4194
	lb :	500.3648	188.3266	72.9962

	==================================================================================
	Q1:
		Shape: Ellipse
		q_c:	503.5	191.0	77.0
		ub :	504.6855	192.4574	78.4194
		lb :	502.3145	189.5426	75.5806
		P^-1:
			3.1137	-1.3681	-0.0409
			-1.3681	1.8856	0.0265
			-0.0409	0.0265	1.0008
	==================================================================================
	Q2:
		Shape: Ellipse
		q_c:	501.5	190.0	75.5
		ub :	502.6352	191.6734	76.8868
		lb :	500.3648	188.3266	74.1132
		P^-1:
			2.7857	-0.4917	-1.3925
			-0.4917	0.5853	0.4659
			-1.3925	0.4659	2.0734
	==================================================================================
	Q3:
		Shape: Hybrid
		q_c:	503.0	191.0	74.5
		ub :	504.6069	192.495	75.2908
		lb :	501.3931	189.505	73.7092
		P^-1:
			1.8731	-1.7362	-0.1557
			-1.7362	2.5828	-0.1271
			-0.1557	-0.1271	3.9886
		A:
			0.1589	-0.1591	0.9744
			0.3505	-0.884	0.3092
			0.7757	-0.6219	0.1076
			-0.0218	-0.0873	-0.9959
			-0.2676	0.4187	0.8678
			-0.2857	-0.2969	0.9112
		b:
			122.403
			30.8806
			279.7586
			-101.5717
			10.2822
			-132.059
	==================================================================================
	Q4:
		Shape: Hybrid
		q_c:	503.5	191.0	75.0
		ub :	504.9773	192.9824	77.0038
		lb :	502.0227	189.0176	72.9962
		P^-1:
			0.9987	-0.0138	0.0229
			-0.0138	0.8517	0.2454
			0.0229	0.2454	0.594
		A:
			0.3181	-0.8956	-0.3109
			-0.1047	0.8541	0.5094
			-0.5076	0.3617	0.782
			-0.0897	-0.5019	0.8603
			0.3832	0.8666	-0.3197
			0.0549	0.9866	-0.1536
		b:
			-33.696
			149.1335
			-127.2206
			-75.5067
			335.2613
			205.282
	==================================================================================
	Q5:
		Shape: Ellipse
		q_c:	503.0	190.0	75.0
		ub :	503.9092	190.8477	76.1303
		lb :	502.0908	189.1523	73.8697
		P^-1:
			3.8116	0.143	-0.7135
			0.143	3.8915	0.5417
			-0.7135	0.5417	1.2969
	==================================================================================
	Q6:
		Shape: Polyhedra
		q_c:	502.5	192.0	75.5
		ub :	503.6648	193.0176	76.5669
		lb :	501.3352	190.9824	74.4331
		A:
			0.7777	-0.3718	-0.507
			0.1559	0.9288	-0.3363
			0.3381	0.9309	-0.1381
			-0.1044	0.9894	-0.101
			-0.8285	0.5592	-0.0288
			-0.6606	0.48	0.5772
			0.5988	0.4282	0.6768
			-0.5854	-0.3427	0.7348
			0.5466	-0.8362	0.0454
			-0.5988	-0.4282	-0.6768
			0.5854	0.3427	-0.7348
			-0.5466	0.8362	-0.0454
		b:
			281.6155
			231.8057
			338.8521
			130.4565
			-310.5848
			-195.692
			435.2186
			-303.9862
			118.028
			-433.2186
			304.9862
			-117.028


===========================================================================================
===========================================================================================
S2:
	q_c:	140.0	509.5	449.5
	ub :	148.4829	524.2007	459.3974
	lb :	129.9122	495.9484	443.1994

	==================================================================================
	Q1:
		Shape: Ellipse
		q_c:	139.5	508.5	456.5
		ub :	144.8387	513.6993	458.7394
		lb :	134.1613	503.3007	454.2606
		P^-1:
			0.0727	0.0022	0.0616
			0.0022	0.063	0.0134
			0.0616	0.0134	0.4337
	==================================================================================
	Q2:
		Shape: Ellipse
		q_c:	144.0	506.0	450.5
		ub :	148.4829	511.4306	455.8489
		lb :	139.5171	500.5694	445.1511
		P^-1:
			0.1068	0.0075	0.014
			0.0075	0.0409	0.0021
			0.014	0.0021	0.0528
	==================================================================================
	Q3:
		Shape: Polyhedra
		q_c:	136.0	519.0	448.0
		ub :	140.7308	524.2007	452.8006
		lb :	131.2692	513.7993	443.1994
		A:
			-0.5917	-0.7461	0.3055
			0.3684	-0.489	0.7906
			0.3311	0.9078	0.2576
			-0.808	-0.4446	-0.3866
			0.4715	-0.7671	-0.435
			0.9612	0.2503	0.1159
			0.1663	0.6383	0.7516
			-0.7625	0.5665	-0.3124
			-0.6252	-0.5212	0.5809
			-0.1663	-0.6383	-0.7516
			0.7625	-0.5665	0.3124
			0.6252	0.5212	-0.5809
		b:
			-328.2595
			153.7337
			634.435
			-510.8463
			-525.677
			315.57
			693.6144
			53.8769
			-92.7625
			-687.6144
			-46.8769
			97.7625
	==================================================================================
	Q4:
		Shape: Polyhedra
		q_c:	138.5	513.0	454.0
		ub :	143.2647	516.6398	458.0305
		lb :	133.7353	509.3602	449.9695
		A:
			0.9372	0.2469	0.2463
			0.1939	-0.4217	0.8857
			0.2118	0.3047	-0.9286
			-0.7749	-0.0966	0.6247
			0.5751	-0.4826	0.6606
			-0.8814	0.0696	0.4673
			0.8675	0.3296	0.3726
			0.2807	-0.9427	0.1803
			0.4107	-0.0518	-0.9103
			-0.8675	-0.3296	-0.3726
			-0.2807	0.9427	-0.1803
			-0.4107	0.0518	0.9103
		b:
			371.7839
			215.2925
			-233.4027
			129.4893
			134.8904
			128.6258
			461.8651
			-360.3864
			-380.4911
			-454.8651
			365.3864
			385.4911
	==================================================================================
	Q5:
		Shape: Hybrid
		q_c:	142.5	500.5	453.0
		ub :	147.8095	505.0516	459.3974
		lb :	137.1905	495.9484	446.6026
		P^-1:
			0.0826	-0.0077	0.0111
			-0.0077	0.1069	-0.0092
			0.0111	-0.0092	0.0363
		A:
			-0.4886	-0.6824	-0.5437
			0.3618	0.9304	-0.0582
			0.6089	0.7522	-0.252
			0.4511	-0.7119	-0.5382
			-0.5056	0.7329	-0.4553
			-0.0983	0.9868	-0.1285
		b:
			-654.934
			492.6028
			351.1634
			-532.9618
			90.3263
			423.2161
	==================================================================================
	Q6:
		Shape: Ellipse
		q_c:	135.5	516.5	451.5
		ub :	141.0878	522.6359	456.5344
		lb :	129.9122	510.3641	446.4656
		P^-1:
			0.0932	-0.0226	-0.0166
			-0.0226	0.0827	-0.0209
			-0.0166	-0.0209	0.0957


===========================================================================================
===========================================================================================
S3:
	q_c:	89.5	378.0	282.0
	ub :	111.7942	399.4562	298.0054
	lb :	71.1969	366.9057	261.8468

	==================================================================================
	Q1:
		Shape: Hybrid
		q_c:	102.5	387.5	281.5
		ub :	111.7942	398.144	292.5759
		lb :	93.2058	376.856	270.4241
		P^-1:
			0.0497	0.0072	0.019
			0.0072	0.0228	-0.0084
			0.019	-0.0084	0.0342
		A:
			0.6506	0.1346	-0.7474
			-0.5824	0.183	-0.7921
			-0.9559	0.2631	-0.1303
			-0.9395	-0.0526	0.3385
			-0.5971	0.3738	-0.7098
			0.8116	-0.2629	-0.5217
		b:
			-86.2415
			-209.3975
			-28.7694
			-16.7586
			-113.7265
			-159.1851
	==================================================================================
	Q2:
		Shape: Ellipse
		q_c:	85.0	374.0	291.0
		ub :	91.9215	381.0943	298.0054
		lb :	78.0785	366.9057	283.9946
		P^-1:
			0.0558	-0.0053	-0.0061
			-0.0053	0.0537	0.0063
			-0.0061	0.0063	0.0302
	==================================================================================
	Q3:
		Shape: Hybrid
		q_c:	86.5	390.0	270.5
		ub :	96.5665	399.4562	277.3213
		lb :	76.4335	380.5438	263.6787
		P^-1:
			0.0236	0.0064	0.0209
			0.0064	0.0297	0.0271
			0.0209	0.0271	0.096
		A:
			0.2495	0.1097	-0.9621
			-0.7042	-0.4268	-0.5674
			0.0598	-0.1776	-0.9823
			-0.5065	0.0325	-0.8616
			-0.0172	0.2425	-0.97
			-0.5031	0.6741	0.5408
		b:
			-192.2295
			-377.454
			-327.5049
			-261.6344
			-165.9441
			370.2052
	==================================================================================
	Q4:
		Shape: Ellipse
		q_c:	87.5	391.0	272.0
		ub :	95.254	398.3866	280.0831
		lb :	79.746	383.6134	263.9169
		P^-1:
			0.0484	-0.0093	0.0056
			-0.0093	0.0504	-0.0062
			0.0056	-0.0062	0.0437
	==================================================================================
	Q5:
		Shape: Hybrid
		q_c:	98.0	383.0	270.5
		ub :	106.4073	392.7054	279.1532
		lb :	89.5927	373.2946	261.8468
		P^-1:
			0.1414	-0.0147	-0.1139
			-0.0147	0.0261	0.001
			-0.1139	0.001	0.1295
		A:
			-0.3675	-0.5956	0.7143
			0.5211	-0.7071	-0.478
			-0.8068	0.3225	0.4951
			-0.5974	0.4972	-0.6292
			0.3398	0.1046	-0.9347
			0.1488	-0.1399	-0.9789
		b:
			-67.6702
			-345.2606
			180.0342
			-33.3183
			-176.9477
			-299.695
	==================================================================================
	Q6:
		Shape: Polyhedra
		q_c:	81.0	381.5	285.5
		ub :	90.8031	391.3826	294.4617
		lb :	71.1969	371.6174	276.5383
		A:
			-0.7103	-0.447	0.5438
			-0.0438	-0.0439	-0.9981
			-0.6397	0.4595	0.6162
			-0.7122	0.6866	-0.146
			-0.4809	-0.4302	0.764
			0.7146	0.3472	-0.6073
			0.1739	0.9832	0.0557
			0.7214	-0.0887	-0.6868
			-0.6703	0.1597	-0.7247
			-0.1739	-0.9832	-0.0557
			-0.7214	0.0887	0.6868
			0.6703	-0.1597	0.7247
		b:
			-66.3252
			-299.1501
			305.3939
			169.5392
			21.3778
			23.1376
			413.5824
			-165.9759
			-193.7942
			-396.5824
			176.9759
			206.7942


===========================================================================================
===========================================================================================
S4:
	q_c:	226.5	154.0	364.0
	ub :	243.5877	178.3927	382.5531
	lb :	206.4645	133.76	342.4984

	==================================================================================
	Q1:
		Shape: Hybrid
		q_c:	217.5	156.5	361.5
		ub :	227.9003	166.0739	372.6492
		lb :	207.0997	146.9261	350.3508
		P^-1:
			0.0332	0.0174	0.0075
			0.0174	0.0379	0.0169
			0.0075	0.0169	0.0289
		A:
			0.8995	0.201	-0.388
			-0.8307	-0.5423	0.1257
			0.9844	-0.1234	-0.1258
			-0.0747	0.5265	0.8469
			-0.2417	-0.4818	-0.8423
			0.253	0.5196	0.8161
		b:
			90.9218
			-216.8741
			153.9219
			375.6525
			-429.5061
			434.1729
	==================================================================================
	Q2:
		Shape: Ellipse
		q_c:	227.0	167.5	375.0
		ub :	235.8867	175.486	382.5531
		lb :	218.1133	159.514	367.4469
		P^-1:
			0.0245	0.0043	0.004
			0.0043	0.0878	-0.0652
			0.004	-0.0652	0.1012
	==================================================================================
	Q3:
		Shape: Ellipse
		q_c:	215.5	142.5	371.5
		ub :	223.9692	151.24	378.7174
		lb :	207.0308	133.76	364.2826
		P^-1:
			0.0299	-0.0132	-0.0032
			-0.0132	0.0397	0.0012
			-0.0032	0.0012	0.0332
	==================================================================================
	Q4:
		Shape: Polyhedra
		q_c:	223.5	162.0	352.0
		ub :	232.056	168.8274	361.5016
		lb :	214.944	155.1726	342.4984
		A:
			-0.9912	-0.0967	-0.0908
			0.4621	0.4403	0.7698
			0.0663	0.0591	0.996
			0.7778	-0.0972	0.6209
			-0.8282	-0.0941	-0.5525
			-0.8327	-0.3908	0.3922
			0.8883	0.0452	0.4571
			-0.4593	0.0833	0.8844
			0.0019	-0.9955	0.0948
			-0.8883	-0.0452	-0.4571
			0.4593	-0.0833	-0.8844
			-0.0019	0.9955	-0.0948
		b:
			-263.0221
			451.8489
			381.7515
			382.6954
			-388.8162
			-104.8657
			372.7358
			229.151
			-121.4913
			-360.7358
			-215.151
			133.4913
	==================================================================================
	Q5:
		Shape: Ellipse
		q_c:	215.5	157.5	372.0
		ub :	224.5355	165.4298	380.6839
		lb :	206.4645	149.5702	363.3161
		P^-1:
			0.0354	0.0074	-0.0091
			0.0074	0.0479	-0.0132
			-0.0091	-0.0132	0.04
	==================================================================================
	Q6:
		Shape: Hybrid
		q_c:	235.5	169.5	365.5
		ub :	243.5877	178.3927	373.3615
		lb :	227.4123	160.6073	357.6385
		P^-1:
			0.0237	0.0002	0.0003
			0.0002	0.0359	0.018
			0.0003	0.018	0.0503
		A:
			0.6718	0.2136	0.7092
			-0.3511	-0.8663	-0.3554
			-0.3937	0.482	-0.7827
			0.559	0.4309	0.7084
			0.6917	0.6949	-0.1966
			0.6819	-0.5284	-0.5057
		b:
			457.0263
			-356.3108
			-292.8976
			466.5107
			213.1994
			-110.4178


===========================================================================================
===========================================================================================
S5:
	q_c:	466.5	189.5	469.0
	ub :	483.1332	209.777	482.2729
	lb :	453.7754	176.7735	454.9936

	==================================================================================
	Q1:
		Shape: Ellipse
		q_c:	460.0	185.5	466.5
		ub :	461.3277	194.2265	474.6205
		lb :	458.6723	176.7735	458.3795
		P^-1:
			0.9986	-0.0363	0.0043
			-0.0363	0.0307	0.0151
			0.0043	0.0151	0.0379
	==================================================================================
	Q2:
		Shape: Ellipse
		q_c:	460.0	200.5	471.5
		ub :	464.9864	205.8213	477.2502
		lb :	455.0136	195.1787	465.7498
		P^-1:
			0.1337	0.0012	0.041
			0.0012	0.0763	0.0112
			0.041	0.0112	0.0941
	==================================================================================
	Q3:
		Shape: Hybrid
		q_c:	470.0	188.5	476.0
		ub :	475.067	193.6189	482.2729
		lb :	464.933	183.3811	469.7271
		P^-1:
			0.0613	-0.0049	-0.0039
			-0.0049	0.1818	-0.1003
			-0.0039	-0.1003	0.1025
		A:
			0.517	0.7905	-0.3283
			-0.7161	-0.5195	0.4662
			-0.2988	-0.3414	0.8912
			-0.441	0.6002	-0.6673
			-0.5425	0.7182	-0.4357
			0.3574	0.5245	-0.7727
		b:
			237.6879
			-210.3097
			221.8248
			-409.9191
			-325.2461
			-99.1398
	==================================================================================
	Q4:
		Shape: Hybrid
		q_c:	477.0	193.5	460.5
		ub :	483.1332	199.873	466.0064
		lb :	470.8668	187.127	454.9936
		P^-1:
			0.0741	-0.027	-0.0136
			-0.027	0.0789	0.0148
			-0.0136	0.0148	0.0569
		A:
			0.7388	-0.6048	-0.2973
			0.4931	0.3444	0.7989
			0.3259	-0.888	0.3243
			0.012	-0.9487	-0.316
			0.5576	-0.3817	0.7371
			-0.2001	-0.6785	0.7069
		b:
			99.9953
			672.6949
			135.2738
			-321.1795
			534.4105
			101.7837
	==================================================================================
	Q5:
		Shape: Hybrid
		q_c:	470.5	200.0	469.0
		ub :	480.1573	209.777	473.2853
		lb :	460.8427	190.223	464.7147
		P^-1:
			0.0447	0.0265	-0.0949
			0.0265	0.0493	-0.1035
			-0.0949	-0.1035	0.3912
		A:
			0.6291	0.1273	-0.7669
			-0.1576	-0.7542	0.6375
			-0.5492	-0.2615	0.7937
			-0.2901	0.4128	0.8634
			-0.5262	-0.7815	0.3352
			-0.45	-0.2503	0.8572
		b:
			-35.6476
			77.3542
			63.5577
			354.8463
			-241.9822
			141.6345
	==================================================================================
	Q6:
		Shape: Ellipse
		q_c:	460.5	204.0	472.0
		ub :	467.2246	207.4995	478.6666
		lb :	453.7754	200.5005	465.3334
		P^-1:
			0.0428	0.0025	-0.0041
			0.0025	0.1107	0.0046
			-0.0041	0.0046	0.047


===========================================================================================
===========================================================================================
S6:
	q_c:	406.5	73.5	211.0
	ub :	429.4416	99.7497	234.1207
	lb :	400.616	57.3784	187.048

	==================================================================================
	Q1:
		Shape: Polyhedra
		q_c:	422.0	85.0	200.5
		ub :	429.4416	92.9529	207.2502
		lb :	414.5584	77.0471	193.7498
		A:
			-0.72	0.1886	0.6678
			0.5111	-0.5137	0.6891
			0.4227	0.2063	0.8825
			0.0414	-0.3169	-0.9476
			-0.4886	-0.6269	-0.6069
			0.8285	0.2019	0.5223
			0.6713	0.2045	0.7124
			-0.5358	-0.5302	0.6572
			0.5121	-0.8229	-0.2463
			-0.6713	-0.2045	-0.7124
			0.5358	0.5302	-0.6572
			-0.5121	0.8229	0.2463
		b:
			-148.4309
			314.3699
			375.7577
			-195.2025
			-377.7798
			474.2876
			446.0227
			-133.9071
			102.2599
			-441.0227
			144.9071
			-91.2599
	==================================================================================
	Q2:
		Shape: Ellipse
		q_c:	420.0	77.5	222.0
		ub :	427.2945	82.376	229.0706
		lb :	412.7055	72.624	214.9294
		P^-1:
			0.0527	-0.0198	0.0075
			-0.0198	0.1028	-0.0075
			0.0075	-0.0075	0.0449
	==================================================================================
	Q3:
		Shape: Hybrid
		q_c:	409.5	71.5	196.5
		ub :	416.6162	81.4236	205.952
		lb :	402.3838	61.5764	187.048
		P^-1:
			0.0415	0.0022	0.0072
			0.0022	0.039	0.023
			0.0072	0.023	0.0359
		A:
			0.1437	-0.9105	-0.3878
			-0.914	-0.3969	-0.0844
			0.9103	0.3293	0.2509
			0.3125	0.0303	-0.9494
			0.3275	0.8934	0.3076
			0.4286	-0.6466	-0.631
		b:
			-79.6727
			-416.0473
			448.3203
			-51.3379
			261.4935
			7.8254
	==================================================================================
	Q4:
		Shape: Ellipse
		q_c:	422.5	90.0	224.5
		ub :	428.377	99.7497	234.1207
		lb :	416.623	80.2503	214.8793
		P^-1:
			0.1212	-0.0478	-0.0403
			-0.0478	0.0443	0.0175
			-0.0403	0.0175	0.0385
	==================================================================================
	Q5:
		Shape: Ellipse
		q_c:	409.5	83.0	201.5
		ub :	418.384	91.3666	211.2314
		lb :	400.616	74.6334	191.7686
		P^-1:
			0.0323	-0.0012	-0.0014
			-0.0012	0.0312	-0.0022
			-0.0014	-0.0022	0.0304
	==================================================================================
	Q6:
		Shape: Hybrid
		q_c:	415.5	64.5	205.0
		ub :	424.7827	71.6216	214.5869
		lb :	406.2173	57.3784	195.4131
		P^-1:
			0.0283	-0.0022	0.0007
			-0.0022	0.0384	-0.0034
			0.0007	-0.0034	0.0289
		A:
			0.1388	0.9105	0.3895
			-0.4634	0.7452	-0.4794
			0.8484	-0.3032	0.4339
			-0.2994	-0.9207	-0.2502
			-0.8151	-0.5765	0.0568
			0.3975	-0.4187	0.8165
		b:
			199.2605
			-240.1237
			425.1001
			-232.095
			-360.8758
			308.5584


===========================================================================================
===========================================================================================
S7:
	q_c:	324.5	363.0	386.5
	ub :	337.7198	374.7284	398.42
	lb :	313.4181	356.3451	376.6067

	==================================================================================
	Q1:
		Shape: Ellipse
		q_c:	333.0	362.5	384.0
		ub :	337.7198	368.6549	389.9691
		lb :	328.2802	356.3451	378.0309
		P^-1:
			0.118	-0.016	-0.0362
			-0.016	0.0698	0.0325
			-0.0362	0.0325	0.1032
	==================================================================================
	Q2:
		Shape: Ellipse
		q_c:	331.5	366.0	381.5
		ub :	337.0367	372.3459	386.3933
		lb :	325.9633	359.6541	376.6067
		P^-1:
			0.1729	-0.0638	-0.0741
			-0.0638	0.0709	0.0328
			-0.0741	0.0328	0.1087
	==================================================================================
	Q3:
		Shape: Hybrid
		q_c:	319.5	370.0	385.0
		ub :	324.3498	374.7284	389.1072
		lb :	314.6502	365.2716	380.8928
		P^-1:
			0.1181	-0.0076	0.0153
			-0.0076	0.1194	-0.0167
			0.0153	-0.0167	0.1447
		A:
			0.7171	-0.3161	0.6212
			-0.2088	0.3062	-0.9288
			0.902	-0.3986	-0.1661
			0.8793	-0.4745	0.0419
			0.7373	0.2403	-0.6314
			-0.146	0.7904	0.595
		b:
			352.6492
			-309.7154
			78.4401
			123.11
			83.0762
			476.588
	==================================================================================
	Q4:
		Shape: Hybrid
		q_c:	327.0	363.5	394.0
		ub :	331.3798	367.0889	398.42
		lb :	322.6202	359.9111	389.58
		P^-1:
			0.2073	-0.141	-0.0799
			-0.141	0.3262	0.048
			-0.0799	0.048	0.1526
		A:
			0.3634	-0.5972	-0.715
			0.7948	-0.38	-0.4732
			0.3467	-0.6384	-0.6872
			0.5966	-0.8024	-0.0157
			-0.4433	0.5967	0.6689
			-0.4635	0.8129	-0.3528
		b:
			-378.7202
			-63.5671
			-388.1925
			-101.8796
			336.6142
			6.247
	==================================================================================
	Q5:
		Shape: Polyhedra
		q_c:	322.0	366.0	386.0
		ub :	329.9613	372.267	394.1787
		lb :	314.0387	359.733	377.8213
		A:
			-0.119	-0.008	-0.9929
			-0.0538	-0.9646	-0.2582
			-0.3917	-0.813	0.4309
			0.1192	-0.6981	-0.706
			0.7937	-0.1679	0.5847
			-0.4072	0.7331	-0.5448
			0.3364	0.814	0.4736
			0.7217	0.1002	-0.6849
			-0.605	0.5722	-0.5537
			-0.3364	-0.814	-0.4736
			-0.7217	-0.1002	0.6849
			0.605	-0.5722	0.5537
		b:
			-419.7026
			-465.6392
			-252.2843
			-484.7153
			423.5718
			-69.4886
			593.5363
			10.6741
			-195.624
			-584.5363
			1.3259
			202.624
	==================================================================================
	Q6:
		Shape: Hybrid
		q_c:	317.5	361.0	382.5
		ub :	321.5819	364.0868	386.2625
		lb :	313.4181	357.9132	378.7375
		P^-1:
			0.1233	-0.0393	-0.0017
			-0.0393	0.2375	0.0056
			-0.0017	0.0056	0.1114
		A:
			-0.7884	0.547	0.2815
			-0.2911	-0.8836	0.3667
			0.3329	-0.1008	0.9376
			-0.3709	-0.2778	-0.8862
			0.9577	0.2488	-0.1447
			-0.6787	0.6533	0.3354
		b:
			56.3123
			-269.6494
			429.8867
			-555.0262
			340.5444
			150.0056


===========================================================================================
===========================================================================================
S8:
	q_c:	350.0	414.5	184.5
	ub :	371.8831	441.7572	204.6047
	lb :	333.8828	392.6769	163.909

	==================================================================================
	Q1:
		Shape: Ellipse
		q_c:	355.5	414.5	182.0
		ub :	367.2069	426.4769	195.3084
		lb :	343.7931	402.5231	168.6916
		P^-1:
			0.0213	-0.0011	0.0038
			-0.0011	0.0148	0.0025
			0.0038	0.0025	0.0177
	==================================================================================
	Q2:
		Shape: Polyhedra
		q_c:	342.0	401.5	170.5
		ub :	350.1172	409.4889	177.091
		lb :	333.8828	393.5111	163.909
		A:
			-0.44	0.3058	-0.8443
			-0.1721	0.0787	0.9819
			0.654	0.2742	-0.7051
			-0.3554	0.4589	-0.8143
			-0.1176	-0.0838	-0.9895
			-0.8914	0.4147	-0.183
			0.8089	0.5626	0.1705
			0.328	-0.6726	0.6633
			0.4879	-0.4806	-0.7287
			-0.8089	-0.5626	-0.1705
			-0.328	0.6726	-0.6633
			-0.4879	0.4806	0.7287
		b:
			-167.3818
			144.1775
			218.2544
			-72.0954
			-238.3391
			-164.9287
			537.627
			-40.7879
			-146.3437
			-525.627
			48.7879
			154.3437
	==================================================================================
	Q3:
		Shape: Hybrid
		q_c:	358.5	418.5	174.5
		ub :	367.5397	427.3638	184.0187
		lb :	349.4603	409.6362	164.9813
		P^-1:
			0.0731	0.0722	0.0081
			0.0722	0.0983	0.0089
			0.0081	0.0089	0.0165
		A:
			-0.1707	0.6362	0.7524
			-0.0708	-0.4101	-0.9093
			-0.5201	-0.8541	0.0
			-0.7889	-0.6039	0.1137
			0.6188	0.7437	0.2531
			0.7693	0.557	0.3128
		b:
			342.8395
			-349.495
			-542.2682
			-513.4987
			578.7992
			565.8789
	==================================================================================
	Q4:
		Shape: Hybrid
		q_c:	345.0	430.0	180.5
		ub :	353.7947	441.7572	192.4395
		lb :	336.2053	418.2428	168.5605
		P^-1:
			0.0354	0.0056	-0.0081
			0.0056	0.0183	0.0012
			-0.0081	0.0012	0.0205
		A:
			-0.3638	-0.233	0.9019
			0.1012	0.9877	-0.1193
			-0.4017	-0.9123	-0.0802
			0.7785	-0.5449	-0.3115
			0.9037	0.4097	-0.1246
			0.532	0.15	-0.8333
		b:
			-58.7519
			443.1534
			-541.0405
			-17.9252
			468.1817
			101.1938
	==================================================================================
	Q5:
		Shape: Hybrid
		q_c:	365.5	403.0	198.0
		ub :	371.8831	413.3231	204.6047
		lb :	359.1169	392.6769	191.3953
		P^-1:
			0.0477	-0.0069	-0.0036
			-0.0069	0.0394	-0.0567
			-0.0036	-0.0567	0.1333
		A:
			0.596	0.5028	-0.626
			0.4594	0.4513	-0.765
			-0.1867	-0.3945	0.8997
			0.0327	0.3394	-0.9401
			-0.355	0.0889	-0.9306
			-0.2249	-0.607	0.7623
		b:
			299.5519
			200.4424
			-47.7406
			-36.0357
			-274.9834
			-173.5653
	==================================================================================
	Q6:
		Shape: Polyhedra
		q_c:	350.0	402.0	184.0
		ub :	359.5419	411.2109	191.3099
		lb :	340.4581	392.7891	176.6901
		A:
			-0.2731	0.06	-0.9601
			-0.4382	-0.0511	0.8974
			0.1951	-0.5976	0.7777
			-0.4411	0.5214	-0.7305
			-0.8467	-0.5313	0.0291
			-0.1682	-0.9566	-0.2382
			0.5045	0.3987	0.7659
			-0.7758	0.5987	0.1994
			-0.379	-0.6948	0.6113
			-0.5045	-0.3987	-0.7659
			0.7758	-0.5987	-0.1994
			0.379	0.6948	-0.6113
		b:
			-243.9566
			-3.4654
			-23.947
			-73.8994
			-499.7898
			-482.0093
			481.7575
			13.3238
			-294.9559
			-473.7575
			1.6762
			303.9559


===========================================================================================
===========================================================================================
S9:
	q_c:	458.5	214.0	357.5
	ub :	479.9886	244.1736	390.9624
	lb :	441.3671	202.7602	328.3197

	==================================================================================
	Q1:
		Shape: Ellipse
		q_c:	454.0	220.5	360.5
		ub :	464.4292	234.5016	374.2561
		lb :	443.5708	206.4984	346.7439
		P^-1:
			0.022	0.0019	0.0007
			0.0019	0.0133	0.0059
			0.0007	0.0059	0.0179
	==================================================================================
	Q2:
		Shape: Hybrid
		q_c:	455.0	216.5	377.5
		ub :	467.2543	230.2398	390.9624
		lb :	442.7457	202.7602	364.0376
		P^-1:
			0.016	0.0014	0.0013
			0.0014	0.0154	0.0
			0.0013	0.0	0.0159
		A:
			-0.6553	-0.747	-0.1121
			-0.305	0.667	0.6798
			0.1238	0.2226	-0.967
			-0.5101	0.4259	-0.7473
			0.99	-0.0063	0.1408
			-0.3417	0.3256	0.8816
		b:
			-498.3172
			266.7976
			-256.2336
			-417.8511
			506.3825
			252.315
	==================================================================================
	Q3:
		Shape: Hybrid
		q_c:	444.0	213.0	344.5
		ub :	446.6329	219.9887	351.9124
		lb :	441.3671	206.0113	337.0876
		P^-1:
			0.4302	0.0202	0.0667
			0.0202	0.0734	0.0495
			0.0667	0.0495	0.0724
		A:
			-0.9946	-0.104	-0.0039
			-0.9658	0.2574	0.0304
			-0.9955	-0.0694	0.0641
			0.9168	-0.2913	-0.2732
			-0.9645	0.2612	0.0397
			-0.8623	-0.3779	-0.3372
		b:
			-463.9896
			-362.4376
			-433.4558
			252.3042
			-357.8007
			-578.4264
	==================================================================================
	Q4:
		Shape: Polyhedra
		q_c:	463.0	234.5	348.0
		ub :	472.4717	244.1736	354.6652
		lb :	453.5283	224.8264	341.3348
		A:
			0.2462	-0.9466	-0.2083
			-0.448	-0.6642	-0.5984
			0.8529	0.5048	0.1332
			-0.3232	-0.83	-0.4545
			0.032	-0.3073	0.9511
			0.9858	-0.1121	-0.1247
			0.6099	0.4691	0.6387
			0.5917	-0.8057	0.0267
			0.5271	0.3616	-0.769
			-0.6099	-0.4691	-0.6387
			-0.5917	0.8057	-0.0267
			-0.5271	-0.3616	0.769
		b:
			-173.5667
			-567.5604
			563.8408
			-497.7646
			279.0442
			392.9114
			618.1697
			101.7952
			66.7604
			-611.1697
			-86.7952
			-55.7604
	==================================================================================
	Q5:
		Shape: Ellipse
		q_c:	472.5	230.0	337.0
		ub :	479.9886	236.929	345.6803
		lb :	465.0114	223.071	328.3197
		P^-1:
			0.1459	-0.0996	0.051
			-0.0996	0.1104	-0.0405
			0.051	-0.0405	0.0451
	==================================================================================
	Q6:
		Shape: Hybrid
		q_c:	452.5	221.0	359.5
		ub :	459.909	228.2786	363.9162
		lb :	445.091	213.7214	355.0838
		P^-1:
			0.0702	0.0501	-0.0538
			0.0501	0.0877	-0.0725
			-0.0538	-0.0725	0.1823
		A:
			0.2278	0.1452	-0.9628
			-0.7425	-0.5166	0.4264
			-0.5057	0.8149	0.2832
			0.2145	0.7168	-0.6635
			-0.0498	0.8554	0.5156
			-0.6056	-0.7119	0.3555
		b:
			-209.4996
			-295.0269
			57.9069
			18.5885
			355.8221
			-301.8335


===========================================================================================
===========================================================================================
S10:
	q_c:	142.5	436.0	306.5
	ub :	155.4715	450.3163	324.7745
	lb :	125.4787	422.0589	295.8325

	==================================================================================
	Q1:
		Shape: Polyhedra
		q_c:	144.5	431.0	315.0
		ub :	150.2122	438.565	321.7806
		lb :	138.7878	423.435	308.2194
		A:
			-0.1785	0.3587	0.9162
			0.5157	-0.0659	0.8542
			-0.7178	0.5346	-0.4461
			-0.3208	-0.4793	-0.8169
			0.3116	0.6798	0.6639
			0.9755	-0.2099	0.066
			0.5094	0.3985	0.7627
			-0.2106	-0.8016	0.5595
			0.8344	-0.4457	-0.3244
			-0.5094	-0.3985	-0.7627
			0.2106	0.8016	-0.5595
			-0.8344	0.4457	0.3244
		b:
			420.8872
			318.9157
			-9.5789
			-507.2329
			550.4319
			74.7108
			488.6198
			-193.6715
			-170.1979
			-482.6198
			205.6715
			177.1979
	==================================================================================
	Q2:
		Shape: Polyhedra
		q_c:	141.5	427.5	313.0
		ub :	148.0496	432.9411	319.0012
		lb :	134.9504	422.0589	306.9988
		A:
			0.3772	0.922	0.0873
			-0.0516	0.8113	0.5823
			-0.0195	0.8493	-0.5276
			0.2171	-0.9421	0.2555
			-0.1544	-0.4875	0.8593
			0.9247	-0.2443	0.292
			0.5267	0.514	0.6771
			-0.8472	0.382	0.3691
			-0.069	-0.768	0.6367
			-0.5267	-0.514	-0.6771
			0.8472	-0.382	-0.3691
			0.069	0.768	-0.6367
		b:
			478.6782
			526.4976
			196.8306
			-289.4657
			40.9239
			122.2623
			511.1734
			163.4582
			-137.3104
			-501.1734
			-154.4582
			140.3104
	==================================================================================
	Q3:
		Shape: Polyhedra
		q_c:	133.0	442.5	315.0
		ub :	140.5213	450.3163	323.1328
		lb :	125.4787	434.6837	306.8672
		A:
			-0.1515	-0.7833	-0.6029
			-0.4846	0.7157	0.503
			-0.738	0.2935	0.6076
			0.2077	-0.0696	0.9757
			0.5446	0.3556	-0.7596
			0.6089	0.7931	0.0121
			0.188	0.7001	0.6889
			0.4523	-0.6843	0.572
			0.8718	0.204	-0.4453
			-0.188	-0.7001	-0.6889
			-0.4523	0.6843	-0.572
			-0.8718	-0.204	0.4453
		b:
			-553.1091
			415.107
			227.4872
			309.4045
			-4.5917
			440.0082
			555.285
			-55.9769
			70.4564
			-548.285
			68.9769
			-61.4564
	==================================================================================
	Q4:
		Shape: Hybrid
		q_c:	139.5	433.0	320.0
		ub :	145.6806	438.9738	324.7745
		lb :	133.3194	427.0262	315.2255
		P^-1:
			0.1021	0.0485	0.0659
			0.0485	0.095	0.0666
			0.0659	0.0666	0.1648
		A:
			-0.7127	-0.6707	0.2054
			-0.3314	-0.7654	-0.5517
			0.3654	0.1749	0.9143
			0.7964	0.5526	0.2457
			0.1372	-0.739	0.6596
			0.4545	0.2586	0.8524
		b:
			-321.4871
			-552.6893
			420.6651
			430.7968
			-86.5527
			449.3413
	==================================================================================
	Q5:
		Shape: Hybrid
		q_c:	149.0	440.5	315.5
		ub :	155.4715	445.4888	320.1529
		lb :	142.5285	435.5112	310.8471
		P^-1:
			0.0312	0.0178	-0.0107
			0.0178	0.1281	-0.0365
			-0.0107	-0.0365	0.1101
		A:
			-0.0357	0.0555	-0.9978
			0.012	-0.5702	0.8214
			0.0106	-0.9866	0.1627
			0.2529	-0.058	0.9658
			-0.5941	0.5808	-0.5565
			0.1059	0.1127	-0.988
		b:
			-293.7861
			11.2707
			-380.056
			319.1216
			-4.8935
			-244.4883
	==================================================================================
	Q6:
		Shape: Hybrid
		q_c:	145.0	430.0	302.5
		ub :	152.7012	435.3646	309.1675
		lb :	137.2988	424.6354	295.8325
		P^-1:
			0.0458	0.0432	0.0078
			0.0432	0.1358	0.0269
			0.0078	0.0269	0.0462
		A:
			-0.2228	0.9739	-0.0426
			-0.313	0.9225	0.2257
			0.4392	0.187	-0.8787
			-0.4009	-0.7598	-0.5118
			-0.8157	-0.2203	0.535
			-0.115	-0.987	0.112
		b:
			376.5274
			422.5554
			-117.9791
			-538.0447
			-47.3777
			-405.1745


===========================================================================================
===========================================================================================
S11:
	q_c:	479.5	128.0	427.5
	ub :	498.9103	131.705	447.7082
	lb :	458.9595	103.71	412.6729

	==================================================================================
	Q1:
		Shape: Polyhedra
		q_c:	485.5	125.5	427.5
		ub :	493.2328	131.705	434.7245
		lb :	477.7672	119.295	420.2755
		A:
			-0.6517	0.7475	-0.1286
			0.1711	-0.8499	0.4985
			0.2146	-0.0559	-0.9751
			-0.3355	-0.8534	0.3989
			0.9244	-0.3783	-0.0479
			-0.9239	-0.1079	0.367
			0.7048	0.4247	0.5682
			-0.6313	0.0101	0.7755
			0.3236	-0.9053	0.2753
			-0.7048	-0.4247	-0.5682
			0.6313	-0.0101	-0.7755
			-0.3236	0.9053	-0.2753
		b:
			-273.5127
			193.4883
			-315.586
			-95.2301
			385.19
			-300.9952
			644.3906
			29.8051
			165.1899
			-632.3906
			-22.8051
			-157.1899
	==================================================================================
	Q2:
		Shape: Polyhedra
		q_c:	467.0	113.0	419.0
		ub :	475.0405	121.1399	425.3271
		lb :	458.9595	104.8601	412.6729
		A:
			0.7777	0.6262	-0.0556
			-0.0924	0.874	0.4771
			-0.1602	0.987	-0.0121
			-0.3326	0.5841	0.7404
			0.9131	0.1637	-0.3734
			-0.3148	0.272	0.9093
			0.4194	0.5842	0.6948
			0.4724	0.5132	-0.7166
			-0.7752	0.6288	-0.0607
			-0.4194	-0.5842	-0.6948
			-0.4724	-0.5132	0.7166
			0.7752	-0.6288	0.0607
		b:
			414.9426
			260.3932
			36.6748
			225.7216
			293.0418
			269.1673
			557.5198
			-17.6699
			-310.915
			-548.5198
			25.6699
			321.915
	==================================================================================
	Q3:
		Shape: Polyhedra
		q_c:	476.5	112.5	428.5
		ub :	484.7105	121.29	436.0984
		lb :	468.2895	103.71	420.9016
		A:
			0.1832	-0.2202	0.9581
			-0.3194	-0.03	-0.9472
			-0.033	0.6514	0.758
			0.2758	0.9191	-0.2815
			0.8788	-0.1717	0.4452
			0.6224	-0.2113	0.7536
			0.8153	0.5661	0.1217
			0.5233	-0.6304	-0.5734
			-0.2479	0.5312	-0.8102
			-0.8153	-0.5661	-0.1217
			-0.5233	0.6304	0.5734
			0.2479	-0.5312	0.8102
		b:
			478.8785
			-555.73
			386.6506
			120.0562
			596.0089
			601.7327
			510.3399
			-63.7505
			-399.5112
			-498.3399
			70.7505
			411.5112
	==================================================================================
	Q4:
		Shape: Polyhedra
		q_c:	493.0	113.5	425.5
		ub :	498.9103	120.9742	430.7878
		lb :	487.0897	106.0258	420.2122
		A:
			0.9929	0.0439	0.1102
			-0.0695	-0.6268	0.7761
			0.2607	0.0625	-0.9634
			0.8047	0.3669	-0.4667
			0.3237	0.5812	0.7466
			-0.5965	0.2308	-0.7687
			0.7278	0.1011	0.6783
			-0.2323	0.967	0.1051
			-0.6452	-0.234	0.7273
			-0.7278	-0.1011	-0.6783
			0.2323	-0.967	-0.1051
			0.6452	0.234	-0.7273
		b:
			544.6407
			229.3958
			-270.5493
			243.6933
			547.4864
			-591.8698
			661.3985
			46.4423
			-31.1974
			-656.3985
			-33.4423
			39.1974
	==================================================================================
	Q5:
		Shape: Polyhedra
		q_c:	472.0	118.5	434.0
		ub :	476.2092	123.9858	439.1975
		lb :	467.7908	113.0142	428.8025
		A:
			-0.8456	-0.0636	0.5301
			-0.3703	-0.0015	0.9289
			-0.662	0.7434	0.0952
			-0.7078	0.422	0.5665
			-0.9148	-0.3327	0.2292
			-0.8013	0.5395	-0.2583
			0.6255	0.6804	0.3818
			-0.7775	0.5845	0.2322
			-0.0652	-0.4421	0.8946
			-0.6255	-0.6804	-0.3818
			0.7775	-0.5845	-0.2322
			0.0652	0.4421	-0.8946
		b:
			-173.7909
			231.3166
			-181.3588
			-36.329
			-368.1095
			-424.186
			546.0772
			-195.441
			308.6075
			-537.0772
			198.441
			-301.6075
	==================================================================================
	Q6:
		Shape: Ellipse
		q_c:	477.0	116.0	442.5
		ub :	485.4158	121.0168	447.7082
		lb :	468.5842	110.9832	437.2918
		P^-1:
			0.0254	-0.0058	-0.0244
			-0.0058	0.0619	0.0006
			-0.0244	0.0006	0.104


===========================================================================================
===========================================================================================
S12:
	q_c:	397.5	323.5	528.0
	ub :	426.2989	356.6767	561.7309
	lb :	366.4683	295.0362	507.723

	==================================================================================
	Q1:
		Shape: Polyhedra
		q_c:	413.5	303.0	534.5
		ub :	425.7672	310.9638	546.519
		lb :	401.2328	295.0362	522.481
		A:
			0.0132	-0.9991	0.0394
			-0.3734	0.1136	-0.9207
			0.1368	-0.985	0.1054
			-0.2496	-0.9612	0.1172
			-0.1652	0.9863	-0.0016
			0.1495	0.9773	0.1503
			0.0689	0.8873	0.4561
			-0.6557	0.3848	-0.6496
			-0.7519	-0.2543	0.6083
			-0.0689	-0.8873	-0.4561
			0.6557	-0.3848	0.6496
			0.7519	0.2543	-0.6083
		b:
			-271.4409
			-604.7669
			-180.4255
			-326.0159
			234.3242
			442.308
			544.0929
			-494.2512
			-53.3152
			-538.0929
			509.2512
			72.3152
	==================================================================================
	Q2:
		Shape: Polyhedra
		q_c:	403.5	317.5	546.5
		ub :	415.2128	330.7533	557.7261
		lb :	391.7872	304.2467	535.2739
		A:
			0.5616	0.712	0.4215
			-0.2679	-0.8963	0.3534
			-0.7088	-0.5464	0.4462
			-0.5039	0.6714	-0.5435
			-0.0559	-0.3485	0.9357
			0.9767	0.21	-0.0441
			0.7733	0.5786	0.2594
			-0.0775	0.4923	-0.867
			-0.6293	0.6503	0.4255
			-0.7733	-0.5786	-0.2594
			0.0775	-0.4923	0.867
			0.6293	-0.6503	-0.4255
		b:
			689.5147
			-193.1396
			-209.1856
			-279.6766
			384.4014
			444.064
			643.4671
			-342.7989
			195.5831
			-631.4671
			354.7989
			-174.5831
	==================================================================================
	Q3:
		Shape: Hybrid
		q_c:	420.0	321.5	545.5
		ub :	426.2989	336.5088	559.8495
		lb :	413.7011	306.4912	531.1505
		P^-1:
			0.047	0.0039	0.0042
			0.0039	0.0184	0.015
			0.0042	0.015	0.0222
		A:
			0.8032	-0.0978	-0.5876
			0.7221	-0.4288	-0.5429
			-0.7741	0.3988	0.4917
			0.6732	0.5786	0.4604
			0.5531	-0.689	-0.4684
			-0.3668	-0.0862	-0.9263
		b:
			-10.299
			-127.6224
			74.338
			722.6749
			-240.8807
			-680.5967
	==================================================================================
	Q4:
		Shape: Polyhedra
		q_c:	383.5	329.5	545.5
		ub :	400.5317	347.9454	561.7309
		lb :	366.4683	311.0546	529.2691
		A:
			-0.9275	-0.2801	0.2475
			0.2138	-0.9043	-0.3696
			0.146	-0.7136	0.6852
			-0.2086	-0.1358	0.9685
			-0.7755	0.2132	-0.5942
			-0.4731	0.1273	-0.8718
			0.5189	0.6948	0.4981
			0.8548	-0.4192	-0.3059
			-0.0038	0.5845	-0.8114
			-0.5189	-0.6948	-0.4981
			-0.8548	0.4192	0.3059
			0.0038	-0.5845	0.8114
		b:
			-301.1683
			-405.2678
			202.4475
			412.5637
			-540.4051
			-605.1049
			712.6087
			34.8507
			-243.9721
			-686.6087
			-10.8507
			258.9721
	==================================================================================
	Q5:
		Shape: Ellipse
		q_c:	398.0	338.5	537.5
		ub :	415.5967	356.6767	552.633
		lb :	380.4033	320.3233	522.367
		P^-1:
			0.0107	0.0044	0.0003
			0.0044	0.0094	0.0039
			0.0003	0.0039	0.0148
	==================================================================================
	Q6:
		Shape: Polyhedra
		q_c:	387.0	331.5	516.5
		ub :	395.7797	337.3788	525.277
		lb :	378.2203	325.6212	507.723
		A:
			-0.0042	-0.1683	-0.9857
			0.1984	0.98	0.0146
			-0.6313	0.2554	-0.7323
			0.2535	-0.9606	0.1141
			-0.1298	0.6455	0.7526
			0.7847	-0.3214	-0.5301
			0.3988	0.0371	0.9163
			-0.9003	0.2062	0.3834
			-0.1747	-0.9778	0.1157
			-0.3988	-0.0371	-0.9163
			0.9003	-0.2062	-0.3834
			0.1747	0.9778	-0.1157
		b:
			-560.1329
			413.7582
			-531.5262
			-156.5735
			558.3759
			-70.6692
			646.4038
			-76.007
			-327.5113
			-633.4038
			88.007
			336.5113


===========================================================================================
===========================================================================================
S13:
	q_c:	128.5	152.5	240.5
	ub :	136.6368	158.3569	250.1589
	lb :	122.658	146.7671	234.7265

	==================================================================================
	Q1:
		Shape: Polyhedra
		q_c:	125.5	154.5	239.5
		ub :	128.342	156.6728	242.3538
		lb :	122.658	152.3272	236.6462
		A:
			-0.4653	-0.8504	-0.2455
			0.9861	-0.1073	-0.1267
			0.6068	-0.711	-0.3554
			0.2235	-0.799	0.5583
			0.3628	0.8937	0.2639
			0.1241	0.8524	-0.508
			0.8427	0.0261	0.5378
			-0.3649	-0.7067	0.6061
			0.3959	-0.707	-0.586
			-0.8427	-0.0261	-0.5378
			0.3649	0.7067	-0.6061
			-0.3959	0.707	0.586
		b:
			-246.9058
			78.7397
			-116.8191
			39.7341
			248.5186
			26.7303
			240.5837
			-8.8393
			-197.9044
			-236.5837
			10.8393
			201.9044
	==================================================================================
	Q2:
		Shape: Ellipse
		q_c:	133.5	154.5	240.0
		ub :	136.6368	156.546	243.2298
		lb :	130.3632	152.454	236.7702
		P^-1:
			0.2136	0.0006	0.0442
			0.0006	0.25	-0.0007
			0.0442	-0.0007	0.1964
	==================================================================================
	Q3:
		Shape: Ellipse
		q_c:	127.5	154.0	238.5
		ub :	130.0426	156.2164	240.8589
		lb :	124.9574	151.7836	236.1411
		P^-1:
			0.2954	-0.0091	0.1011
			-0.0091	0.706	0.2945
			0.1011	0.2945	0.6931
	==================================================================================
	Q4:
		Shape: Ellipse
		q_c:	130.5	150.5	246.0
		ub :	134.6521	154.2329	250.1589
		lb :	126.3479	146.7671	241.8411
		P^-1:
			0.1735	-0.043	0.0195
			-0.043	0.1604	-0.0505
			0.0195	-0.0505	0.1872
	==================================================================================
	Q5:
		Shape: Hybrid
		q_c:	128.0	155.5	243.0
		ub :	130.2453	158.3569	246.3682
		lb :	125.7547	152.6431	239.6318
		P^-1:
			0.4161	-0.0271	-0.0807
			-0.0271	0.2416	-0.0213
			-0.0807	-0.0213	0.1967
		A:
			0.7832	0.5901	0.196
			-0.5337	0.725	0.4354
