3D_30_20_6_f                l = 3

===========================================================================================
===========================================================================================
S1:
	q_c:    110.5000    424.0000    290.0000
	ub :    124.0000    444.0000    297.0000
	lb :    97.0000    404.0000    283.0000

	==================================================================================
	Q1:
		Shape: Ellipse
		q_c:    109.5000    431.5000    291.0000
		ub :    115.5889    437.1798    296.1547
		lb :    103.4111    425.8202    285.8453
		P^-1: 
			    0.1156    0.0533    0.0714
			    0.0533    0.1154    0.0677
			    0.0714    0.0677    0.1309
	==================================================================================
	Q2:
		Shape: Polyhedra
		q_c:    110.0000    420.5000    290.5000
		ub :    115.7692    423.2936    296.3498
		lb :    104.2308    417.7064    284.6502
		A:
			    0.2110    -0.8778    -0.4302
			    -0.9162    -0.3698    -0.1543
			    -0.5900    -0.7870    -0.1806
			    0.9787    0.1541    0.1356
			    0.6375    0.7684    -0.0558
			    0.3313    0.9238    0.1919
			    0.2102    0.9649    0.1571
			    0.7464    -0.0546    -0.6633
			    -0.6315    0.2567    -0.7317
			    -0.2102    -0.9649    -0.1571
			    -0.7464    0.0546    0.6633
			    0.6315    -0.2567    0.7317
		b:
			    -468.6870
			    -297.6744
			    -446.1134
			    215.6563
			    379.2551
			    482.2353
			    476.0306
			    -130.0394
			    -169.5645
			    -473.0306
			    137.0394
			    178.5645
	==================================================================================
	Q3:
		Shape: Polyhedra
		q_c:    118.0000    424.5000    294.0000
		ub :    122.3315    428.6903    298.5743
		lb :    113.6685    420.3097    289.4257
		A:
			    -0.6361    -0.5849    -0.5032
			    -0.1300    -0.9657    0.2247
			    0.9710    0.2306    -0.0638
			    -0.4256    -0.1521    0.8921
			    0.6342    0.7519    0.1803
			    0.3886    -0.1863    0.9024
			    0.6564    0.2580    0.7089
			    0.1320    -0.9645    0.2287
			    0.7428    -0.0565    -0.6671
			    -0.6564    -0.2580    -0.7089
			    -0.1320    0.9645    -0.2287
			    -0.7428    0.0565    0.6671
		b:
			    -468.6427
			    -355.7525
			    196.5035
			    150.4936
			    449.9450
			    234.8528
			    397.9003
			    -323.0999
			    -129.4814
			    -392.9003
			    330.0999
			    135.4814
	==================================================================================
	Q4:
		Shape: Hybrid
		q_c:    106.0000    415.5000    286.5000
		ub :    111.9277    421.2348    291.3396
		lb :    100.0723    409.7652    281.6604
		P^-1: 
			    0.0816    0.0000    0.0000
			    0.0000    0.0816    -0.0000
			    0.0000    -0.0000    0.0816
		A:
			    -0.3681    0.8444    0.3892
			    0.7303    -0.1937    0.6551
			    0.8052    0.5101    0.3025
			    -0.3663    0.8299    0.4209
			    -0.6019    -0.7924    -0.0988
			    -0.5262    0.0571    -0.8484
		b:
			    425.0933
			    186.3784
			    385.7043
			    428.3067
			    -419.6068
			    -273.3636
	==================================================================================
	Q5:
		Shape: Ellipse
		q_c:    118.5000    431.0000    291.0000
		ub :    123.9177    436.2553    296.3480
		lb :    113.0823    425.7447    285.6520
		P^-1: 
			    0.0618    -0.0475    0.0430
			    -0.0475    0.1542    -0.0824
			    0.0430    -0.0824    0.1365
	==================================================================================
	Q6:
		Shape: Ellipse
		q_c:    116.5000    431.5000    287.5000
		ub :    122.9325    437.3736    293.3847
		lb :    110.0675    425.6264    281.6153
		P^-1: 
			    0.0590    0.0204    0.0092
			    0.0204    0.0927    0.0196
			    0.0092    0.0196    0.0582


===========================================================================================
===========================================================================================
S2:
	q_c:    297.0000    103.0000    178.0000
	ub :    303.0000    132.0000    197.0000
	lb :    291.0000    74.0000    159.0000

	==================================================================================
	Q1:
		Shape: Polyhedra
		q_c:    300.5000    101.5000    178.5000
		ub :    305.4478    103.3984    183.4044
		lb :    295.5522    99.6016    173.5956
		A:
			    0.2261    0.9328    0.2806
			    -0.9016    -0.3139    -0.2975
			    0.8182    -0.3814    -0.4302
			    0.0245    -0.7787    -0.6269
			    0.5440    0.8325    -0.1044
			    -0.2314    -0.8696    -0.4362
			    0.5303    0.0025    0.8478
			    -0.8424    0.1142    0.5266
			    -0.0955    -0.9935    0.0626
			    -0.5303    -0.0025    -0.8478
			    0.8424    -0.1142    -0.5266
			    0.0955    0.9935    -0.0626
		b:
			    214.6097
			    -352.6216
			    133.7507
			    -180.9540
			    231.4512
			    -233.4609
			    314.4473
			    -144.0402
			    -116.8571
			    -307.4473
			    151.0402
			    119.8571
	==================================================================================
	Q2:
		Shape: Polyhedra
		q_c:    300.0000    105.5000    173.0000
		ub :    302.7065    107.6694    174.7617
		lb :    297.2935    103.3306    171.2383
		A:
			    0.0478    -0.9956    -0.0802
			    -0.1356    0.1423    0.9805
			    0.4265    0.8275    -0.3650
			    0.0562    -0.0252    -0.9981
			    0.2015    0.8999    0.3868
			    0.4751    0.6105    -0.6337
			    0.0152    0.4749    0.8799
			    -0.9178    0.3558    -0.1762
			    -0.3968    -0.8049    0.4413
			    -0.0152    -0.4749    -0.8799
			    0.9178    -0.3558    0.1762
			    0.3968    0.8049    -0.4413
		b:
			    -103.2509
			    144.9744
			    153.1209
			    -157.4392
			    223.3107
			    98.3467
			    207.8901
			    -265.7773
			    -126.6050
			    -205.8901
			    270.7773
			    128.6050
	==================================================================================
	Q3:
		Shape: Hybrid
		q_c:    291.0000    105.0000    183.0000
		ub :    295.8576    108.2018    187.5850
		lb :    286.1424    101.7982    178.4150
		P^-1: 
			    0.1233    -0.0153    -0.0864
			    -0.0153    0.2482    -0.0104
			    -0.0864    -0.0104    0.1910
		A:
			    -0.4507    -0.1346    0.8825
			    -0.7911    -0.1131    0.6011
			    0.3574    -0.9242    0.1348
			    -0.3232    -0.0348    0.9457
			    -0.0244    -0.8821    -0.4705
			    -0.8507    0.3893    0.3533
		b:
			    17.2320
			    -130.8050
			    32.8536
			    76.5436
			    -184.4228
			    -140.4456
	==================================================================================
	Q4:
		Shape: Ellipse
		q_c:    295.0000    109.5000    180.5000
		ub :    299.9762    114.6492    185.3586
		lb :    290.0238    104.3508    175.6414
		P^-1: 
			    0.1173    0.0237    -0.0287
			    0.0237    0.1054    -0.0050
			    -0.0287    -0.0050    0.1301
	==================================================================================
	Q5:
		Shape: Polyhedra
		q_c:    291.5000    98.0000    181.5000
		ub :    295.7168    102.6719    185.8256
		lb :    287.2832    93.3281    177.1744
		A:
			    -0.3005    0.0222    -0.9535
			    -0.6374    0.0756    -0.7668
			    0.6832    0.5589    -0.4699
			    0.8244    -0.2451    -0.5102
			    0.8880    0.4353    -0.1486
			    -0.0643    -0.8773    0.4756
			    0.4545    0.5494    0.7011
			    -0.5103    0.8058    -0.3006
			    -0.7301    -0.2211    0.6466
			    -0.4545    -0.5494    -0.7011
			    0.5103    -0.8058    0.3006
			    0.7301    0.2211    -0.6466
		b:
			    -255.3211
			    -314.2494
			    170.5062
			    125.6636
			    276.8090
			    -15.7605
			    317.0904
			    -121.3320
			    -115.6371
			    -310.0904
			    127.3320
			    118.6371
	==================================================================================
	Q6:
		Shape: Hybrid
		q_c:    296.5000    108.0000    173.0000
		ub :    301.9618    112.9283    178.2079
		lb :    291.0382    103.0717    167.7921
		P^-1: 
			    0.1419    -0.0881    -0.0095
			    -0.0881    0.1740    -0.0333
			    -0.0095    -0.0333    0.0947
		A:
			    0.1630    0.5470    -0.8211
			    0.5430    -0.8285    -0.1374
			    0.9564    -0.1540    0.2483
			    -0.9352    0.3266    -0.1367
			    -0.8210    0.4790    0.3109
			    -0.4872    -0.0150    0.8732
		b:
			    -32.8144
			    48.9748
			    312.1553
			    -263.8861
			    -136.5602
			    7.0161


===========================================================================================
===========================================================================================
S3:
	q_c:    326.5000    44.0000    145.5000
	ub :    342.0000    73.0000    161.0000
	lb :    311.0000    15.0000    130.0000

	==================================================================================
	Q1:
		Shape: Polyhedra
		q_c:    317.5000    27.5000    131.5000
		ub :    323.9648    34.2882    137.2120
		lb :    311.0352    20.7118    125.7880
		A:
			    0.1741    0.2490    0.9527
			    0.3196    0.7488    0.5807
			    -0.2536    0.8528    -0.4564
			    -0.0811    -0.7895    -0.6084
			    0.6606    -0.1197    0.7411
			    -0.7491    -0.2626    -0.6082
			    0.5780    0.3617    0.7315
			    -0.4914    -0.5613    0.6659
			    0.6515    -0.7443    -0.1467
			    -0.5780    -0.3617    -0.7315
			    0.4914    0.5613    -0.6659
			    -0.6515    0.7443    0.1467
		b:
			    190.3965
			    201.1025
			    -112.4316
			    -124.5066
			    306.6465
			    -322.8471
			    291.6478
			    -78.3994
			    171.0921
			    -287.6478
			    89.3994
			    -163.0921
	==================================================================================
	Q2:
		Shape: Polyhedra
		q_c:    322.0000    56.0000    152.0000
		ub :    328.8026    63.2436    159.2439
		lb :    315.1974    48.7564    144.7561
		A:
			    0.6593    0.2816    0.6972
			    0.8925    -0.3058    0.3316
			    0.3661    -0.0753    -0.9275
			    -0.3878    -0.8657    -0.3165
			    -0.2919    -0.6816    0.6710
			    -0.3559    -0.9149    0.1906
			    0.0618    0.1078    0.9923
			    -0.5057    0.8605    -0.0619
			    -0.8605    -0.4979    0.1077
			    -0.0618    -0.1078    -0.9923
			    0.5057    -0.8605    0.0619
			    0.8605    0.4979    -0.1077
		b:
			    339.7880
			    325.7167
			    -21.1063
			    -216.3879
			    -24.8254
			    -132.1484
			    183.2671
			    -119.0597
			    -284.0941
			    -170.2671
			    129.0597
			    293.0941
	==================================================================================
	Q3:
		Shape: Polyhedra
		q_c:    325.5000    38.5000    146.5000
		ub :    334.6636    46.6008    153.3055
		lb :    316.3364    30.3992    139.6945
		A:
			    -0.6613    -0.6751    0.3270
			    -0.1011    -0.2682    -0.9580
			    -0.2109    0.2398    0.9476
			    0.7491    -0.1060    0.6540
			    0.7278    -0.4034    0.5545
			    0.1258    -0.9181    -0.3758
			    0.4186    0.0728    0.9052
			    -0.8450    -0.3340    0.4177
			    0.3328    -0.9398    -0.0783
			    -0.4186    -0.0728    -0.9052
			    0.8450    0.3340    -0.4177
			    -0.3328    0.9398    0.0783
		b:
			    -186.9085
			    -179.2244
			    84.4267
			    340.0818
			    307.5485
			    -43.6561
			    275.6874
			    -220.2175
			    66.6620
			    -267.6874
			    233.2175
			    -54.6620
	==================================================================================
	Q4:
		Shape: Polyhedra
		q_c:    340.0000    41.0000    139.0000
		ub :    343.0748    48.1430    145.0044
		lb :    336.9252    33.8570    132.9956
		A:
			    0.9321    0.1965    -0.3042
			    -0.9135    0.3399    0.2236
			    0.9965    0.0834    0.0044
			    -0.6677    0.3574    -0.6530
			    -0.6760    -0.3121    0.6675
			    0.9346    -0.0698    0.3488
			    0.1045    0.2675    0.9579
			    -0.1900    0.9508    -0.2448
			    -0.9762    -0.1564    0.1502
			    -0.1045    -0.2675    -0.9579
			    0.1900    -0.9508    0.2448
			    0.9762    0.1564    -0.1502
		b:
			    284.3843
			    -262.4663
			    344.5645
			    -298.4463
			    -146.6677
			    366.3807
			    184.1567
			    -53.6461
			    -315.9395
			    -175.1567
			    65.6461
			    318.9395
	==================================================================================
	Q5:
		Shape: Hybrid
		q_c:    340.5000    25.5000    141.0000
		ub :    348.9854    33.7632    148.5119
		lb :    332.0146    17.2368    133.4881
		P^-1: 
			    0.0229    0.0016    -0.0079
			    0.0016    0.0187    -0.0050
			    -0.0079    -0.0050    0.0460
		A:
			    0.2366    -0.4498    0.8612
			    -0.2502    0.2027    -0.9467
			    0.1193    0.4368    -0.8916
			    0.9860    -0.0931    -0.1385
			    0.7035    -0.2919    -0.6480
			    -0.7867    0.5951    0.1644
		b:
			    193.7955
			    -210.4639
			    -71.3280
			    318.2424
			    144.2789
			    -224.6988
	==================================================================================
	Q6:
		Shape: Polyhedra
		q_c:    317.5000    37.5000    145.0000
		ub :    325.4394    43.4180    152.3703
		lb :    309.5606    31.5820    137.6297
		A:
			    -0.6705    0.2747    0.6892
			    -0.3386    0.3379    -0.8781
			    0.4962    0.1541    -0.8544
			    -0.3623    0.8942    0.2631
			    0.0113    0.9478    -0.3187
			    -0.5208    0.8402    0.1512
			    0.8884    0.1778    0.4234
			    -0.3389    -0.3683    0.8657
			    0.3098    -0.9125    -0.2670
			    -0.8884    -0.1778    -0.4234
			    0.3389    0.3683    -0.8657
			    -0.3098    0.9125    0.2670
		b:
			    -98.4066
			    -217.0818
			    43.9059
			    -39.8294
			    -3.1573
			    -108.2023
			    356.1044
			    8.6296
			    28.9436
			    -344.1044
			    0.3704
			    -21.9436


===========================================================================================
===========================================================================================
S4:
	q_c:    180.0000    423.0000    342.5000
	ub :    197.0000    437.0000    356.0000
	lb :    163.0000    409.0000    329.0000

	==================================================================================
	Q1:
		Shape: Polyhedra
		q_c:    186.5000    427.5000    335.5000
		ub :    198.5050    439.7126    339.1736
		lb :    174.4950    415.2874    331.8264
		A:
			    -0.0550    -0.1209    -0.9911
			    -0.0839    0.8586    0.5058
			    -0.0584    -0.6289    0.7753
			    0.1725    0.3064    -0.9361
			    0.9391    0.2538    -0.2315
			    -0.6000    -0.5367    -0.5932
			    0.7252    0.6831    0.0866
			    0.6885    -0.7169    -0.1099
			    -0.0130    0.1393    -0.9902
			    -0.7252    -0.6831    -0.0866
			    -0.6885    0.7169    0.1099
			    0.0130    -0.1393    0.9902
		b:
			    -391.5770
			    529.2467
			    -14.9804
			    -148.1840
			    213.7923
			    -533.8899
			    463.8242
			    -205.4477
			    -273.0718
			    -448.8242
			    224.4477
			    277.0718
	==================================================================================
	Q2:
		Shape: Polyhedra
		q_c:    192.0000    411.5000    352.0000
		ub :    204.0774    423.3273    360.2996
		lb :    179.9226    399.6727    343.7004
		A:
			    0.3928    0.0919    0.9150
			    -0.3605    -0.5824    -0.7286
			    0.3493    -0.3651    -0.8629
			    0.1069    0.7051    -0.7010
			    -0.5920    0.6321    0.5000
			    0.9007    -0.3979    0.1745
			    0.3928    0.0830    0.9159
			    -0.2811    0.9591    0.0336
			    -0.8756    -0.2707    0.4001
			    -0.3928    -0.0830    -0.9159
			    0.2811    -0.9591    -0.0336
			    0.8756    0.2707    -0.4001
		b:
			    440.3334
			    -558.8870
			    -379.5490
			    71.9881
			    331.3593
			    78.9144
			    436.9677
			    362.0245
			    -130.1745
			    -426.9677
			    -343.0245
			    147.1745
	==================================================================================
	Q3:
		Shape: Polyhedra
		q_c:    175.5000    415.0000    333.0000
		ub :    188.6692    428.9635    345.6887
		lb :    162.3308    401.0365    320.3113
		A:
			    0.1518    0.5588    0.8153
			    -0.1451    -0.5225    -0.8402
			    0.8644    0.0029    0.5028
			    -0.6378    0.3415    -0.6903
			    0.0713    -0.7450    -0.6632
			    0.2231    0.9418    0.2516
			    0.6821    0.4181    0.5999
			    -0.6882    0.6443    0.3335
			    -0.2471    -0.6403    0.7273
			    -0.6821    -0.4181    -0.5999
			    0.6882    -0.6443    -0.3335
			    0.2471    0.6403    -0.7273
		b:
			    537.7137
			    -514.4300
			    327.6179
			    -192.5341
			    -508.8733
			    521.6487
			    499.4947
			    267.6640
			    -59.4310
			    -486.4947
			    -247.6640
			    74.4310
	==================================================================================
	Q4:
		Shape: Polyhedra
		q_c:    173.0000    435.0000    335.0000
		ub :    183.6522    445.8848    344.7521
		lb :    162.3478    424.1152    325.2479
		A:
			    -0.5690    -0.3702    0.7343
			    -0.9414    -0.1158    -0.3170
			    0.7768    -0.3244    -0.5398
			    -0.9584    -0.1832    -0.2187
			    -0.8794    -0.3345    -0.3386
			    0.5579    -0.2169    -0.8010
			    0.3209    0.9150    0.2448
			    0.5966    0.0055    -0.8025
			    -0.7356    0.4035    -0.5441
			    -0.3209    -0.9150    -0.2448
			    -0.5966    -0.0055    0.8025
			    0.7356    -0.4035    0.5441
		b:
			    -7.8448
			    -312.3349
			    -182.0929
			    -311.6753
			    -403.4456
			    -260.9326
			    544.5076
			    -158.2594
			    -127.5035
			    -526.5076
			    168.2594
			    140.5035
	==================================================================================
	Q5:
		Shape: Ellipse
		q_c:    190.5000    436.0000    352.5000
		ub :    201.5337    448.1027    364.1292
		lb :    179.4663    423.8973    340.8708
		P^-1: 
			    0.0269    0.0041    0.0072
			    0.0041    0.0171    0.0027
			    0.0072    0.0027    0.0203
	==================================================================================
	Q6:
		Shape: Ellipse
		q_c:    187.5000    408.0000    356.5000
		ub :    199.1730    416.6601    367.7094
		lb :    175.8270    399.3399    345.2906
		P^-1: 
			    0.0263    0.0015    -0.0134
			    0.0015    0.0291    -0.0046
			    -0.0134    -0.0046    0.0235


===========================================================================================
===========================================================================================
S5:
	q_c:    131.0000    237.5000    54.0000
	ub :    153.0000    258.0000    70.0000
	lb :    109.0000    217.0000    38.0000

	==================================================================================
	Q1:
		Shape: Hybrid
		q_c:    126.5000    247.5000    40.0000
		ub :    135.2757    256.9750    45.8852
		lb :    117.7243    238.0250    34.1148
		P^-1: 
			    0.0387    -0.0035    -0.0216
			    -0.0035    0.0331    -0.0254
			    -0.0216    -0.0254    0.0971
		A:
			    -0.1649    -0.9829    -0.0818
			    -0.7805    0.0492    0.6233
			    0.9426    -0.2614    -0.2077
			    0.4427    0.1683    -0.8807
			    -0.2347    0.1449    0.9612
			    -0.8846    0.2418    0.3986
		b:
			    -262.0269
			    -59.0927
			    49.6825
			    64.0629
			    47.1055
			    -33.0155
	==================================================================================
	Q2:
		Shape: Polyhedra
		q_c:    119.0000    236.0000    65.0000
		ub :    126.9111    245.2129    73.2846
		lb :    111.0889    226.7871    56.7154
		A:
			    0.8492    0.3817    -0.3649
			    -0.6344    -0.3097    0.7083
			    0.1694    0.8789    -0.4459
			    -0.7213    0.2407    0.6494
			    -0.9541    -0.1750    0.2429
			    -0.5317    -0.2376    0.8130
			    0.2812    0.6363    0.7183
			    0.7629    -0.6023    0.2348
			    0.5821    0.4820    -0.6549
			    -0.2812    -0.6363    -0.7183
			    -0.7629    0.6023    -0.2348
			    -0.5821    -0.4820    0.6549
		b:
			    171.0561
			    -99.3723
			    202.7955
			    17.8898
			    -134.8666
			    -62.9825
			    237.3316
			    -30.5869
			    143.4532
			    -223.3316
			    41.5869
			    -137.4532
	==================================================================================
	Q3:
		Shape: Ellipse
		q_c:    119.5000    224.5000    48.5000
		ub :    126.6861    232.5030    56.5587
		lb :    112.3139    216.4970    40.4413
		P^-1: 
			    0.0874    -0.0344    -0.0188
			    -0.0344    0.0422    0.0102
			    -0.0188    0.0102    0.0230
	==================================================================================
	Q4:
		Shape: Ellipse
		q_c:    144.0000    252.0000    71.0000
		ub :    160.6707    261.4549    87.3911
		lb :    127.3293    242.5451    54.6089
		P^-1: 
			    0.0078    -0.0037    -0.0007
			    -0.0037    0.0267    0.0026
			    -0.0007    0.0026    0.0078
	==================================================================================
	Q5:
		Shape: Hybrid
		q_c:    138.5000    245.5000    58.0000
		ub :    144.9325    251.1642    65.6767
		lb :    132.0675    239.8358    50.3233
		P^-1: 
			    0.1158    0.0348    0.0339
			    0.0348    0.1321    -0.0208
			    0.0339    -0.0208    0.0436
		A:
			    0.1533    -0.8077    0.5693
			    -0.2420    0.9670    -0.0793
			    -0.9136    -0.2823    -0.2928
			    -0.0787    -0.8094    0.5820
			    -0.0046    0.9165    -0.4000
			    0.0099    -0.5248    -0.8511
		b:
			    -142.1492
			    201.4925
			    -211.3700
			    -173.7054
			    202.7425
			    -171.7531
	==================================================================================
	Q6:
		Shape: Polyhedra
		q_c:    133.0000    239.0000    39.0000
		ub :    143.5150    248.5826    49.0537
		lb :    122.4850    229.4174    28.9463
		A:
			    0.8468    0.3342    -0.4139
			    -0.6569    0.4071    0.6346
			    0.5158    -0.7972    -0.3138
			    -0.4229    -0.7124    -0.5600
			    -0.6918    0.6574    0.2987
			    0.0959    0.9798    -0.1755
			    0.0709    0.8276    0.5568
			    0.0221    0.5568    -0.8304
			    -0.9972    0.0712    0.0212
			    -0.0709    -0.8276    -0.5568
			    -0.0221    -0.5568    0.8304
			    0.9972    -0.0712    -0.0212
		b:
			    185.8757
			    42.8149
			    -126.9845
			    -242.4524
			    84.9572
			    246.9897
			    233.9410
			    112.1317
			    -104.7933
			    -223.9410
			    -95.1317
			    124.7933


===========================================================================================
===========================================================================================
S6:
	q_c:    386.0000    255.5000    231.5000
	ub :    410.0000    271.0000    241.0000
	lb :    362.0000    240.0000    222.0000

	==================================================================================
	Q1:
		Shape: Ellipse
		q_c:    381.0000    248.5000    235.5000
		ub :    387.1923    253.9553    239.4271
		lb :    374.8077    243.0447    231.5729
		P^-1: 
			    0.0535    0.0278    -0.0030
			    0.0278    0.0977    0.0015
			    -0.0030    0.0015    0.1110
	==================================================================================
	Q2:
		Shape: Polyhedra
		q_c:    380.5000    253.5000    223.0000
		ub :    382.9782    258.6217    228.0846
		lb :    378.0218    248.3783    217.9154
		A:
			    0.3397    0.9356    -0.0960
			    -0.8635    0.0665    -0.4999
			    -0.5667    0.6212    -0.5412
			    0.7864    -0.6165    -0.0398
			    0.9263    0.2688    -0.2640
			    0.9357    -0.3498    -0.0458
			    0.0189    0.7175    0.6963
			    -0.9923    0.0985    -0.0745
			    -0.1221    -0.6896    0.7139
			    -0.0189    -0.7175    -0.6963
			    0.9923    -0.0985    0.0745
			    0.1221    0.6896    -0.7139
		b:
			    348.4547
			    -420.8396
			    -175.9348
			    136.5946
			    364.1678
			    259.3011
			    347.8709
			    -367.2276
			    -58.5577
			    -340.8709
			    371.2276
			    65.5577
	==================================================================================
	Q3:
		Shape: Ellipse
		q_c:    393.5000    253.5000    226.5000
		ub :    398.8168    260.9085    232.7554
		lb :    388.1832    246.0915    220.2446
		P^-1: 
			    0.0739    -0.0086    0.0190
			    -0.0086    0.0306    -0.0216
			    0.0190    -0.0216    0.0928
	==================================================================================
	Q4:
		Shape: Ellipse
		q_c:    383.0000    246.5000    226.0000
		ub :    388.6852    251.5262    230.4302
		lb :    377.3148    241.4738    221.5698
		P^-1: 
			    0.1136    0.0256    -0.0782
			    0.0256    0.0917    0.0130
			    -0.0782    0.0130    0.2052
	==================================================================================
	Q5:
		Shape: Ellipse
		q_c:    384.0000    261.5000    227.5000
		ub :    390.3472    268.1261    232.8323
		lb :    377.6528    254.8739    222.1677
		P^-1: 
			    0.0625    0.0000    -0.0000
			    0.0000    0.0625    -0.0000
			    -0.0000    -0.0000    0.0625
	==================================================================================
	Q6:
		Shape: Ellipse
		q_c:    384.5000    263.0000    230.5000
		ub :    393.3593    270.1523    239.0971
		lb :    375.6407    255.8477    221.9029
		P^-1: 
			    0.0386    -0.0140    0.0131
			    -0.0140    0.0595    -0.0200
			    0.0131    -0.0200    0.0444


===========================================================================================
===========================================================================================
S7:
	q_c:    71.5000    85.0000    489.0000
	ub :    83.0000    104.0000    509.0000
	lb :    60.0000    66.0000    469.0000

	==================================================================================
	Q1:
		Shape: Polyhedra
		q_c:    74.0000    92.5000    492.0000
		ub :    78.8206    95.0975    497.0337
		lb :    69.1794    89.9025    486.9663
		A:
			    -0.0069    -0.9646    0.2636
			    -0.2796    -0.8515    0.4437
			    -0.1076    -0.6310    0.7682
			    0.8216    -0.4363    0.3668
			    0.0011    -0.9706    0.2408
			    -0.1327    -0.5025    0.8543
			    0.5257    0.1096    0.8436
			    -0.8507    0.0658    0.5216
			    0.0016    -0.9918    0.1278
			    -0.5257    -0.1096    -0.8436
			    0.8507    -0.0658    -0.5216
			    -0.0016    0.9918    -0.1278
		b:
			    42.0122
			    121.1949
			    314.4545
			    204.1394
			    30.7832
			    367.0479
			    467.5775
			    203.2568
			    -26.7315
			    -460.5775
			    -196.2568
			    30.7315
	==================================================================================
	Q2:
		Shape: Ellipse
		q_c:    64.0000    82.0000    478.5000
		ub :    68.7439    86.2409    482.8861
		lb :    59.2561    77.7591    474.1139
		P^-1: 
			    0.1197    0.0018    0.0672
			    0.0018    0.2767    -0.1642
			    0.0672    -0.1642    0.2705
	==================================================================================
	Q3:
		Shape: Ellipse
		q_c:    81.5000    80.0000    482.5000
		ub :    89.9805    87.2725    490.6780
		lb :    73.0195    72.7275    474.3220
		P^-1: 
			    0.0360    0.0021    0.0031
			    0.0021    0.0285    0.0019
			    0.0031    0.0019    0.0364
	==================================================================================
	Q4:
		Shape: Hybrid
		q_c:    71.5000    78.5000    493.5000
		ub :    78.0139    85.2460    500.0548
		lb :    64.9861    71.7540    486.9452
		P^-1: 
			    0.0521    0.0051    0.0016
			    0.0051    0.0589    0.0029
			    0.0016    0.0029    0.0503
		A:
			    -0.7475    -0.0879    -0.6585
			    -0.5359    -0.3059    0.7869
			    -0.1349    0.9226    -0.3614
			    -0.4692    0.8830    0.0102
			    0.2573    0.5780    0.7744
			    -0.6626    0.1618    0.7312
		b:
			    -382.9616
			    328.4666
			    -113.2560
			    43.1857
			    448.1242
			    328.6940
	==================================================================================
	Q5:
		Shape: Polyhedra
		q_c:    72.5000    91.5000    490.5000
		ub :    77.6557    95.3535    495.4582
		lb :    67.3443    87.6465    485.5418
		A:
			    0.5749    0.1054    0.8114
			    0.1755    0.2026    -0.9634
			    -0.4230    -0.7724    -0.4737
			    -0.4619    -0.1903    -0.8663
			    -0.3404    -0.4625    -0.8187
			    -0.0014    -0.9199    -0.3922
			    0.0094    0.8863    0.4631
			    0.8409    0.2436    -0.4832
			    -0.5411    0.3940    -0.7430
			    -0.0094    -0.8863    -0.4631
			    -0.8409    -0.2436    0.4832
			    0.5411    -0.3940    0.7430
		b:
			    451.7643
			    -437.7875
			    -331.3089
			    -473.4644
			    -466.3617
			    -274.6205
			    310.9152
			    -149.2748
			    -365.1187
			    -306.9152
			    158.2748
			    370.1187
	==================================================================================
	Q6:
		Shape: Polyhedra
		q_c:    76.0000    82.0000    490.0000
		ub :    82.5689    85.3975    496.7882
		lb :    69.4311    78.6025    483.2118
		A:
			    0.2694    -0.2707    0.9242
			    -0.3855    0.8994    0.2060
			    -0.8446    0.4003    -0.3556
			    -0.4780    0.8718    -0.1067
			    0.2134    -0.9714    0.1046
			    -0.2318    0.9682    0.0944
			    0.7204    0.2158    0.6592
			    -0.3585    0.9294    0.0875
			    -0.5937    -0.2994    0.7469
			    -0.7204    -0.2158    -0.6592
			    0.3585    -0.9294    -0.0875
			    0.5937    0.2994    -0.7469
		b:
			    455.6782
			    146.5533
			    -202.1001
			    -15.6619
			    -10.6293
			    109.2209
			    399.9362
			    92.8500
			    301.3002
			    -390.9362
			    -90.8500
			    -291.3002


===========================================================================================
===========================================================================================
S8:
	q_c:    490.0000    155.5000    489.0000
	ub :    519.0000    180.0000    504.0000
	lb :    461.0000    131.0000    474.0000

	==================================================================================
	Q1:
		Shape: Hybrid
		q_c:    492.5000    154.5000    488.0000
		ub :    500.0959    162.4669    495.2667
		lb :    484.9041    146.5331    480.7333
		P^-1: 
			    0.0553    0.0127    0.0177
			    0.0127    0.0264    0.0130
			    0.0177    0.0130    0.0603
		A:
			    -0.2225    0.1966    0.9549
			    0.7400    -0.6514    0.1675
			    -0.0789    0.3481    -0.9341
			    0.3839    0.6123    0.6912
			    0.0949    0.7830    -0.6147
			    0.9057    -0.1515    0.3958
		b:
			    389.5698
			    350.0973
			    -437.4725
			    623.3299
			    -127.5482
			    618.7330
	==================================================================================
	Q2:
		Shape: Ellipse
		q_c:    478.5000    157.0000    497.0000
		ub :    487.2787    164.6293    506.6912
		lb :    469.7213    149.3707    487.3088
		P^-1: 
			    0.0296    -0.0006    -0.0046
			    -0.0006    0.0387    -0.0038
			    -0.0046    -0.0038    0.0285
	==================================================================================
	Q3:
		Shape: Ellipse
		q_c:    482.0000    141.5000    500.0000
		ub :    491.1645    150.5923    510.0273
		lb :    472.8355    132.4077    489.9727
		P^-1: 
			    0.0412    -0.0167    -0.0119
			    -0.0167    0.0406    0.0061
			    -0.0119    0.0061    0.0289
	==================================================================================
	Q4:
		Shape: Ellipse
		q_c:    483.0000    154.5000    504.5000
		ub :    492.8633    163.1618    514.4576
		lb :    473.1367    145.8382    494.5424
		P^-1: 
			    0.0318    0.0068    -0.0017
			    0.0068    0.0307    0.0070
			    -0.0017    0.0070    0.0309
	==================================================================================
	Q5:
		Shape: Ellipse
		q_c:    498.0000    159.0000    480.0000
		ub :    506.2599    166.5570    486.5737
		lb :    489.7401    151.4430    473.4263
		P^-1: 
			    0.1333    0.1146    0.0226
			    0.1146    0.1250    0.0278
			    0.0226    0.0278    0.0455
	==================================================================================
	Q6:
		Shape: Hybrid
		q_c:    489.0000    159.5000    498.5000
		ub :    498.3373    168.9154    507.7483
		lb :    479.6627    150.0846    489.2517
		P^-1: 
			    0.0313    0.0013    -0.0021
			    0.0013    0.0283    -0.0008
			    -0.0021    -0.0008    0.0291
		A:
			    0.9564    0.2553    0.1418
			    -0.5779    -0.6732    -0.4613
			    0.7944    -0.4782    0.3745
			    -0.3062    -0.9465    -0.1021
			    0.9564    -0.0489    0.2879
			    -0.2648    0.5905    0.7623
		b:
			    582.0360
			    -616.7934
			    502.0726
			    -348.4439
			    606.4588
			    347.8778


===========================================================================================
===========================================================================================
S9:
	q_c:    141.0000    38.5000    363.5000
	ub :    153.0000    55.0000    385.0000
	lb :    129.0000    22.0000    342.0000

	==================================================================================
	Q1:
		Shape: Ellipse
		q_c:    135.5000    51.0000    372.5000
		ub :    145.4056    61.2008    380.6231
		lb :    125.5944    40.7992    364.3769
		P^-1: 
			    0.0245    0.0038    0.0100
			    0.0038    0.0156    0.0063
			    0.0100    0.0063    0.0435
	==================================================================================
	Q2:
		Shape: Polyhedra
		q_c:    148.0000    34.0000    356.5000
		ub :    155.1053    43.2043    360.2249
		lb :    140.8947    24.7957    352.7751
		A:
			    -0.0360    -0.2395    -0.9702
			    -0.6934    -0.1658    0.7012
			    0.0603    0.5700    -0.8194
			    0.8730    0.4809    0.0814
			    0.0187    0.0418    0.9990
			    -0.9769    -0.1865    0.1041
			    0.9011    0.4275    0.0725
			    -0.0134    -0.1395    0.9901
			    0.4334    -0.8932    -0.1200
			    -0.9011    -0.4275    -0.0725
			    0.0134    0.1395    -0.9901
			    -0.4334    0.8932    0.1200
		b:
			    -355.8444
			    145.4047
			    -259.9007
			    178.5941
			    363.0753
			    -109.4319
			    177.7333
			    348.7487
			    -0.9879
			    -169.7333
			    -343.7487
			    16.9879
	==================================================================================
	Q3:
		Shape: Hybrid
		q_c:    144.5000    41.0000    366.5000
		ub :    151.1532    47.5666    370.3861
		lb :    137.8468    34.4334    362.6139
		P^-1: 
			    0.0717    0.0104    -0.0540
			    0.0104    0.0708    0.0485
			    -0.0540    0.0485    0.2221
		A:
			    -0.2051    0.7195    0.6635
			    -0.1961    0.2239    -0.9547
			    -0.3139    -0.2901    -0.9040
			    0.0761    -0.5958    -0.7995
			    0.9924    0.0398    -0.1162
			    0.2929    0.7799    0.5531
		b:
			    244.9932
			    -366.3001
			    -386.6231
			    -305.0266
			    105.6336
			    279.0633
	==================================================================================
	Q4:
		Shape: Ellipse
		q_c:    145.5000    48.0000    356.0000
		ub :    152.1823    55.6076    364.3776
		lb :    138.8177    40.3924    347.6224
		P^-1: 
			    0.2232    -0.1828    0.0522
			    -0.1828    0.2310    -0.1038
			    0.0522    -0.1038    0.0857
	==================================================================================
	Q5:
		Shape: Polyhedra
		q_c:    143.5000    30.5000    371.5000
		ub :    149.5638    33.2626    376.9537
		lb :    137.4362    27.7374    366.0463
		A:
			    -0.1296    -0.8580    -0.4970
			    -0.3303    0.9339    0.1366
			    0.4957    0.7942    0.3516
			    0.2914    0.9324    0.2137
			    0.5778    -0.5456    -0.6070
			    0.2036    -0.9354    0.2890
			    0.1610    0.9767    0.1418
			    0.9498    -0.1142    -0.2914
			    -0.2684    0.1816    -0.9460
			    -0.1610    -0.9767    -0.1418
			    -0.9498    0.1142    0.2914
			    0.2684    -0.1816    0.9460
		b:
			    -227.3289
			    34.5371
			    228.2997
			    151.2646
			    -155.0139
			    110.6553
			    107.0761
			    29.5688
			    -380.4279
			    -104.0761
			    -19.5688
			    388.4279
	==================================================================================
	Q6:
		Shape: Hybrid
		q_c:    136.0000    36.5000    378.0000
		ub :    141.8009    43.5853    385.0729
		lb :    130.1991    29.4147    370.9271
		P^-1: 
			    0.0844    0.0162    0.0196
			    0.0162    0.0703    0.0254
			    0.0196    0.0254    0.0520
		A:
			    0.7223    -0.3784    0.5789
			    0.4510    0.6989    -0.5551
			    0.3595    0.9223    -0.1415
			    0.9358    -0.3231    0.1408
			    -0.1424    -0.9735    -0.1790
			    0.5735    0.6292    0.5246
		b:
			    306.0239
			    -119.3829
			    31.8639
			    171.0041
			    -120.3007
			    300.7795


===========================================================================================
===========================================================================================
S10:
	q_c:    105.0000    364.5000    415.5000
	ub :    119.0000    393.0000    437.0000
	lb :    91.0000    336.0000    394.0000

	==================================================================================
	Q1:
		Shape: Polyhedra
		q_c:    100.5000    367.0000    428.0000
		ub :    108.2899    375.4387    435.4267
		lb :    92.7101    358.5613    420.5733
		A:
			    -0.7446    0.0612    0.6647
			    -0.6331    -0.1302    0.7630
			    -0.6924    0.5803    0.4287
			    0.4233    -0.4525    -0.7849
			    -0.4177    0.1722    0.8921
			    0.2383    0.5972    -0.7658
			    0.2130    0.9413    0.2618
			    0.6379    0.0690    -0.7671
			    -0.7401    0.3304    -0.5857
			    -0.2130    -0.9413    -0.2618
			    -0.6379    -0.0690    0.7671
			    0.7401    -0.3304    0.5857
		b:
			    234.8810
			    217.7136
			    331.6804
			    -455.3576
			    406.3128
			    -80.1228
			    485.4333
			    -236.3627
			    -197.3156
			    -472.4333
			    241.3627
			    210.3156
	==================================================================================
	Q2:
		Shape: Polyhedra
		q_c:    96.5000    378.0000    412.5000
		ub :    105.1886    383.7063    420.2649
		lb :    87.8114    372.2937    404.7351
		A:
			    -0.6844    0.5367    0.4935
			    -0.6069    0.7415    0.2861
			    0.3732    -0.7601    -0.5319
			    0.5912    -0.7201    -0.3633
			    -0.4852    0.8739    0.0277
			    0.7589    -0.3644    -0.5398
			    0.9010    0.3137    0.2996
			    -0.2139    -0.2797    0.9360
			    0.3775    -0.9074    -0.1849
			    -0.9010    -0.3137    -0.2996
			    0.2139    0.2797    -0.9360
			    -0.3775    0.9074    0.1849
		b:
			    344.1603
			    342.5068
			    -467.9672
			    -362.1939
			    297.3105
			    -282.5750
			    336.6406
			    265.2126
			    -380.8424
			    -321.6406
			    -254.2126
			    384.8424
	==================================================================================
	Q3:
		Shape: Ellipse
		q_c:    107.0000    358.5000    404.0000
		ub :    116.2274    367.8586    411.0941
		lb :    97.7726    349.1414    396.9059
		P^-1: 
			    0.0282    0.0073    -0.0002
			    0.0073    0.0354    0.0001
			    -0.0002    0.0001    0.0400
	==================================================================================
	Q4:
		Shape: Polyhedra
		q_c:    112.0000    364.0000    410.5000
		ub :    122.7835    373.3223    421.2118
		lb :    101.2165    354.6777    399.7882
		A:
			    0.7350    -0.4798    -0.4791
			    -0.2248    0.7888    -0.5720
			    0.1221    0.8067    -0.5782
			    0.4837    -0.1582    0.8609
			    0.8935    0.2461    -0.3755
			    0.2096    -0.5294    0.8220
			    0.8443    0.3430    0.4118
			    0.5199    -0.3379    -0.7846
			    -0.1300    0.8765    -0.4636
			    -0.8443    -0.3430    -0.4118
			    -0.5199    0.3379    0.7846
			    0.1300    -0.8765    0.4636
		b:
			    -282.5059
			    32.2360
			    75.1359
			    356.8322
			    42.6936
			    173.8207
			    396.4412
			    -380.3133
			    119.1891
			    -380.4412
			    393.3133
			    -109.1891
	==================================================================================
	Q5:
		Shape: Hybrid
		q_c:    119.0000    355.5000    410.5000
