3D_30_6_6_b                l = 3

===========================================================================================
===========================================================================================
S1:
	q_c:	488.0	471.5	266.0
	ub :	503.0365	486.2032	282.1609
	lb :	476.0386	458.0147	251.535

	==================================================================================
	Q1:
		Shape: Hybrid
		q_c:	492.5	479.5	272.0
		ub :	498.9541	486.2032	277.6459
		lb :	486.0459	472.7968	266.3541
		P^-1:
			0.2096	0.1012	0.1738
			0.1012	0.0849	0.1011
			0.1738	0.1011	0.2178
		A:
			0.6117	-0.2874	0.737
			0.8626	-0.0456	0.5039
			0.5592	0.5589	0.6123
			0.3843	0.3922	0.8357
			0.8563	-0.1339	-0.4989
			0.8368	0.5443	0.0588
		b:
			367.1042
			542.318
			711.1503
			606.0537
			226.1322
			691.7416
	==================================================================================
	Q2:
		Shape: Ellipse
		q_c:	485.5	468.0	271.0
		ub :	492.0749	474.4634	277.4159
		lb :	478.9251	461.5366	264.5841
		P^-1:
			0.062	0.0086	0.003
			0.0086	0.0594	0.0116
			0.003	0.0116	0.0721
	==================================================================================
	Q3:
		Shape: Polyhedra
		q_c:	490.5	480.0	257.5
		ub :	496.1	484.9378	263.465
		lb :	484.9	475.0622	251.535
		A:
			-0.0857	0.1777	0.9803
			-0.4594	0.2081	0.8635
			-0.7304	0.508	0.4565
			0.7672	-0.5371	-0.3506
			0.1677	-0.583	-0.795
			0.3626	-0.8293	-0.4251
			0.7675	0.1647	0.6195
			-0.6175	0.4495	0.6455
			-0.1721	-0.878	0.4467
			-0.7675	-0.1647	-0.6195
			0.6175	-0.4495	-0.6455
			0.1721	0.878	-0.4467
		b:
			299.089
			99.642
			5.7531
			30.9795
			-399.2368
			-326.8726
			619.5449
			81.587
			-387.3473
			-610.5449
			-76.587
			394.3473
	==================================================================================
	Q4:
		Shape: Ellipse
		q_c:	488.5	466.5	270.5
		ub :	493.99	471.3164	276.5754
		lb :	483.01	461.6836	264.4246
		P^-1:
			0.1616	-0.1452	-0.0665
			-0.1452	0.271	0.1368
			-0.0665	0.1368	0.1334
	==================================================================================
	Q5:
		Shape: Hybrid
		q_c:	479.5	469.5	274.5
		ub :	482.9614	477.1955	282.1609
		lb :	476.0386	461.8045	266.8391
		P^-1:
			0.1561	-0.0171	0.0128
			-0.0171	0.0393	-0.0053
			0.0128	-0.0053	0.0377
		A:
			-0.7431	0.1299	0.6565
			-0.9066	-0.2137	-0.364
			0.8771	-0.3713	0.3047
			0.0627	-0.956	-0.2865
			-0.7745	0.5693	-0.2757
			-0.9306	-0.2933	0.2189
		b:
			-112.1252
			-632.9218
			331.4944
			-493.3898
			-177.7325
			-521.6979
	==================================================================================
	Q6:
		Shape: Polyhedra
		q_c:	494.5	466.5	261.0
		ub :	503.0365	474.9853	267.1819
		lb :	485.9635	458.0147	254.8181
		A:
			-0.5931	-0.1418	0.7926
			-0.1003	0.2589	-0.9607
			0.0559	0.9958	-0.0729
			0.7356	0.3385	-0.5868
			-0.44	0.8905	0.1155
			-0.791	-0.2785	0.5448
			0.5119	0.6233	0.5912
			0.2892	0.523	-0.8018
			-0.8089	0.5814	0.0875
			-0.5119	-0.6233	-0.5912
			-0.2892	-0.523	0.8018
			0.8089	-0.5814	-0.0875
		b:
			-148.6763
			-175.7948
			478.0566
			372.4263
			233.7773
			-374.652
			703.694
			180.6981
			-99.9343
			-692.694
			-174.6981
			111.9343


===========================================================================================
===========================================================================================
S2:
	q_c:	148.5	59.5	501.0
	ub :	169.1797	87.2932	521.4335
	lb :	131.55	35.6234	475.0508

	==================================================================================
	Q1:
		Shape: Polyhedra
		q_c:	149.0	52.0	495.5
		ub :	157.216	60.4701	505.8567
		lb :	140.784	43.5299	485.1433
		A:
			0.4427	-0.6946	0.567
			-0.2564	0.2991	-0.9191
			-0.5466	-0.6857	-0.4806
			0.7662	-0.6409	-0.0468
			-0.3721	-0.915	0.156
			-0.4513	0.2271	-0.863
			0.8837	0.0173	0.4676
			-0.4665	0.1105	0.8776
			-0.0365	-0.9937	0.1057
			-0.8837	-0.0173	-0.4676
			0.4665	-0.1105	-0.8776
			0.0365	0.9937	-0.1057
		b:
			317.3017
			-471.1648
			-349.0296
			64.3188
			-18.3542
			-476.9149
			368.7965
			379.5674
			2.7803
			-359.7965
			-362.5674
			12.2197
	==================================================================================
	Q2:
		Shape: Ellipse
		q_c:	153.5	47.0	502.5
		ub :	163.1719	58.3766	513.0218
		lb :	143.8281	35.6234	491.9782
		P^-1:
			0.0216	0.0041	0.0026
			0.0041	0.0239	0.0001
			0.0026	0.0001	0.0237
	==================================================================================
	Q3:
		Shape: Ellipse
		q_c:	143.0	77.0	493.5
		ub :	154.45	87.2932	506.2927
		lb :	131.55	66.7068	480.7073
		P^-1:
			0.0246	-0.0159	0.0039
			-0.0159	0.0532	-0.0322
			0.0039	-0.0322	0.0351
	==================================================================================
	Q4:
		Shape: Ellipse
		q_c:	146.0	72.0	507.0
		ub :	159.0835	78.7078	519.5036
		lb :	132.9165	65.2922	494.4964
		P^-1:
			0.0144	-0.0067	0.0032
			-0.0067	0.0478	0.0039
			0.0032	0.0039	0.015
	==================================================================================
	Q5:
		Shape: Hybrid
		q_c:	160.5	51.5	487.5
		ub :	169.1797	62.0617	499.9492
		lb :	151.8203	40.9383	475.0508
		P^-1:
			0.0523	-0.0225	-0.0015
			-0.0225	0.0533	0.0239
			-0.0015	0.0239	0.0242
		A:
			0.1845	-0.972	0.1453
			-0.8871	0.2605	0.3811
			0.7856	-0.5165	-0.3406
			-0.9228	0.3474	0.1668
			-0.8607	-0.2921	-0.4171
			0.6402	-0.6051	-0.4734
		b:
			55.8456
			60.6038
			-64.2101
			-46.335
			-353.2684
			-156.8233
	==================================================================================
	Q6:
		Shape: Hybrid
		q_c:	146.0	62.5	514.0
		ub :	153.5986	67.6937	521.4335
		lb :	138.4014	57.3063	506.5665
		P^-1:
			0.0536	-0.0283	-0.0089
			-0.0283	0.0936	0.0117
			-0.0089	0.0117	0.0369
		A:
			0.5146	-0.7845	-0.3461
			0.0954	0.9954	0.0131
			-0.0476	-0.9527	-0.3003
			0.3	0.8404	0.4514
			0.814	-0.5284	-0.2413
			-0.2973	-0.9393	0.1715
		b:
			-150.1804
			85.1556
			-218.6556
			331.2161
			-36.1549
			-11.2056


===========================================================================================
===========================================================================================
S3:
	q_c:	379.0	141.5	33.5
	ub :	387.371	151.6266	37.8646
	lb :	368.3335	133.6924	21.6544

	==================================================================================
	Q1:
		Shape: Hybrid
		q_c:	373.0	149.0	29.0
		ub :	376.3783	151.6266	32.4763
		lb :	369.6217	146.3734	25.5237
		P^-1:
			0.3192	-0.0834	-0.1383
			-0.0834	0.389	-0.092
			-0.1383	-0.092	0.2918
		A:
			-0.3208	-0.9063	-0.2752
			-0.4397	-0.6773	0.5898
			0.395	0.1683	-0.9031
			-0.1251	0.9064	-0.4034
			-0.3762	-0.1635	-0.912
			-0.4755	0.63	0.614
		b:
			-260.9501
			-247.0166
			147.1655
			77.4657
			-189.0687
			-64.6489
	==================================================================================
	Q2:
		Shape: Ellipse
		q_c:	379.0	147.0	29.5
		ub :	381.2744	150.3235	32.6641
		lb :	376.7256	143.6765	26.3359
		P^-1:
			0.6385	0.2268	0.1643
			0.2268	0.3924	0.3287
			0.1643	0.3287	0.5246
	==================================================================================
	Q3:
		Shape: Polyhedra
		q_c:	383.0	148.0	33.5
		ub :	387.371	151.3617	37.8646
		lb :	378.629	144.6383	29.1354
		A:
			0.6573	-0.7336	0.1724
			0.2309	0.8992	-0.3716
			-0.2559	0.3151	-0.9139
			-0.4813	0.5496	0.6829
			0.767	0.3596	0.5314
			-0.3276	0.8803	0.3432
			0.4025	0.7952	0.4534
			-0.6341	0.5995	-0.4885
			-0.6602	-0.0908	0.7455
			-0.4025	-0.7952	-0.4534
			0.6341	-0.5995	0.4885
			0.6602	0.0908	-0.7455
		b:
			151.4505
			211.5337
			-79.3671
			-77.4218
			366.967
			18.6603
			289.0546
			-167.9908
			-238.3458
			-285.0546
			172.9908
			244.3458
	==================================================================================
	Q4:
		Shape: Polyhedra
		q_c:	377.5	143.0	29.5
		ub :	380.5156	145.6116	31.2715
		lb :	374.4844	140.3884	27.7285
		A:
			-0.0133	-0.0231	-0.9996
			0.1107	-0.9875	0.1123
			0.532	-0.2956	0.7934
			0.3468	0.9373	-0.0338
			-0.917	0.2789	-0.2852
			-0.0825	-0.3349	0.9386
			0.4618	0.8719	0.1629
			0.8776	-0.4224	-0.2268
			-0.129	0.2477	-0.9602
			-0.4618	-0.8719	-0.1629
			-0.8776	0.4224	0.2268
			0.129	-0.2477	0.9602
		b:
			-36.6702
			-94.3842
			183.3643
			265.4585
			-312.482
			-50.252
			305.3192
			266.6769
			-40.5925
			-302.3192
			-261.6769
			42.5925
	==================================================================================
	Q5:
		Shape: Hybrid
		q_c:	377.5	146.0	25.5
		ub :	381.676	150.1055	29.3456
		lb :	373.324	141.8945	21.6544
		P^-1:
			0.1565	-0.0029	0.0123
			-0.0029	0.1576	0.0102
			0.0123	0.0102	0.1171
		A:
			0.4131	0.8966	-0.1596
			0.9015	-0.0079	-0.4328
			0.7794	-0.0989	-0.6186
			0.1444	-0.5655	-0.812
			-0.6082	0.5471	-0.5751
			0.6673	-0.1189	0.7352
		b:
			284.1392
			329.5722
			265.5811
			-47.2762
			-162.9944
			254.6918
	==================================================================================
	Q6:
		Shape: Polyhedra
		q_c:	374.5	139.5	29.5
		ub :	380.6665	145.3076	33.7294
		lb :	368.3335	133.6924	25.2706
		A:
			0.9159	0.039	0.3995
			0.256	0.8503	0.4599
			0.9139	-0.331	0.2351
			0.1458	0.9508	0.2732
			0.1762	0.2875	0.9414
			-0.7921	-0.3222	-0.5185
			0.3332	0.0662	0.9405
			-0.6634	0.7253	0.184
			-0.67	-0.6853	0.2855
			-0.3332	-0.0662	-0.9405
			0.6634	-0.7253	-0.184
			0.67	0.6853	-0.2855
		b:
			363.6165
			231.6197
			306.6811
			199.1438
			136.5187
			-353.6716
			164.2401
			-137.8593
			-334.0781
			-159.2401
			145.8593
			342.0781


===========================================================================================
===========================================================================================
S4:
	q_c:	170.5	221.0	259.5
	ub :	180.9692	235.8398	264.9837
	lb :	159.5943	208.264	242.2115

	==================================================================================
	Q1:
		Shape: Hybrid
		q_c:	174.5	213.0	251.0
		ub :	177.8844	217.736	254.9642
		lb :	171.1156	208.264	247.0358
		P^-1:
			0.2303	0.0573	0.0039
			0.0573	0.0823	0.0035
			0.0039	0.0035	0.0816
		A:
			0.01	-0.1286	0.9916
			-0.4361	-0.7506	-0.4964
			0.1211	0.2569	-0.9588
			-0.7204	-0.6854	0.1062
			0.477	0.4898	-0.7297
			-0.8077	0.3051	0.5045
		b:
			225.7819
			-358.4855
			-162.3059
			-243.5522
			6.5681
			52.7645
	==================================================================================
	Q2:
		Shape: Ellipse
		q_c:	168.5	221.5	248.5
		ub :	174.5577	227.7184	254.7885
		lb :	162.4423	215.2816	242.2115
		P^-1:
			0.0603	0.0018	0.0089
			0.0018	0.0865	0.0283
			0.0089	0.0283	0.0761
	==================================================================================
	Q3:
		Shape: Hybrid
		q_c:	165.5	219.0	259.0
		ub :	171.4057	222.3335	264.9837
		lb :	159.5943	215.6665	253.0163
		P^-1:
			0.0639	0.0114	-0.0019
			0.0114	0.156	-0.0155
			-0.0019	-0.0155	0.0651
		A:
			-0.7859	0.6162	-0.0507
			0.2702	-0.7263	0.6321
			-0.8827	0.3663	-0.2946
			-0.5268	0.0901	-0.8452
			0.47	-0.6871	0.5541
			-0.5982	-0.5766	-0.5565
		b:
			-5.8312
			51.2921
			-139.5311
			-283.6383
			72.9205
			-367.0436
	==================================================================================
	Q4:
		Shape: Hybrid
		q_c:	175.0	226.0	252.5
		ub :	180.9692	232.4223	259.4706
		lb :	169.0308	219.5777	245.5294
		P^-1:
			0.0946	-0.0241	-0.0129
			-0.0241	0.0729	-0.0052
			-0.0129	-0.0052	0.0392
		A:
			0.0008	-0.5011	0.8654
			0.7162	0.6946	-0.068
			-0.6111	0.6213	-0.4904
			0.403	0.9112	-0.0859
			-0.0711	0.2823	0.9567
			0.3202	0.8903	0.3237
		b:
			108.5235
			267.8219
			-88.0676
			257.4293
			296.6728
			342.1633
	==================================================================================
	Q5:
		Shape: Hybrid
		q_c:	168.5	221.0	259.5
		ub :	171.9703	225.4658	264.7392
		lb :	165.0297	216.5342	254.2608
		P^-1:
			0.5462	0.3732	0.105
			0.3732	0.5418	0.2557
			0.105	0.2557	0.202
		A:
			-0.2049	-0.922	-0.3285
			0.7374	0.6036	0.3031
			0.8966	0.4387	-0.0608
			0.9397	0.297	0.1695
			-0.6498	-0.6687	-0.3614
			0.9182	0.216	-0.3321
		b:
			-322.3258
			336.8981
			233.0877
			269.1196
			-350.5142
			117.5278
	==================================================================================
	Q6:
		Shape: Ellipse
		q_c:	173.0	229.0	252.5
		ub :	179.1884	235.8398	258.7644
		lb :	166.8116	222.1602	246.2356
		P^-1:
			0.04	-0.0	-0.0001
			-0.0	0.0399	-0.001
			-0.0001	-0.001	0.0332


===========================================================================================
===========================================================================================
S5:
	q_c:	43.0	499.0	40.5
	ub :	52.8729	512.0268	51.6066
	lb :	31.6785	479.2614	23.0848

	==================================================================================
	Q1:
		Shape: Hybrid
		q_c:	40.5	490.0	45.5
		ub :	48.1648	497.8293	51.6066
		lb :	32.8352	482.1707	39.3934
		P^-1:
			0.0462	0.0058	0.0137
			0.0058	0.0454	0.0127
			0.0137	0.0127	0.07
		A:
			-0.7591	-0.4857	-0.4335
			0.4377	-0.4952	-0.7505
			-0.0776	-0.8213	0.5653
			-0.2949	0.6719	-0.6794
			0.4654	-0.2138	-0.8589
			0.7122	-0.0993	0.695
		b:
			-286.1802
			-256.3668
			-376.6186
			289.3404
			-122.2699
			14.0923
	==================================================================================
	Q2:
		Shape: Ellipse
		q_c:	39.5	504.5	30.5
		ub :	47.3215	512.0268	37.9152
		lb :	31.6785	496.9732	23.0848
		P^-1:
			0.0473	0.0013	0.0037
			0.0013	0.0486	-0.0023
			0.0037	-0.0023	0.0429
	==================================================================================
	Q3:
		Shape: Ellipse
		q_c:	39.0	498.0	34.0
		ub :	42.6407	502.6972	37.6734
		lb :	35.3593	493.3028	30.3266
		P^-1:
			0.2776	0.0267	-0.1062
			0.0267	0.1301	0.1095
			-0.1062	0.1095	0.3493
	==================================================================================
	Q4:
		Shape: Ellipse
		q_c:	45.5	486.0	42.0
		ub :	52.8729	492.7386	49.5019
		lb :	38.1271	479.2614	34.4981
		P^-1:
			0.0431	0.0057	-0.0126
			0.0057	0.0484	0.0004
			-0.0126	0.0004	0.0535
	==================================================================================
	Q5:
		Shape: Hybrid
		q_c:	42.5	506.5	44.0
		ub :	46.0966	509.8124	48.7979
		lb :	38.9034	503.1876	39.2021
		P^-1:
			0.3924	-0.0408	0.1273
			-0.0408	0.4126	0.0996
			0.1273	0.0996	0.1333
		A:
			-0.9627	-0.2033	-0.1784
			-0.9035	-0.0477	-0.4259
			-0.0565	-0.8271	-0.5592
			0.3919	-0.6705	-0.63
			-0.5639	0.7514	-0.3427
			-0.47	0.8249	0.3141
		b:
			-150.6695
			-80.5242
			-444.8827
			-348.7637
			342.7967
			412.6498
	==================================================================================
	Q6:
		Shape: Ellipse
		q_c:	40.0	495.5	43.0
		ub :	45.5809	501.2056	48.3384
		lb :	34.4191	489.7944	37.6616
		P^-1:
			0.087	0.0312	0.0104
			0.0312	0.1075	-0.0401
			0.0104	-0.0401	0.126


===========================================================================================
===========================================================================================
S6:
	q_c:	306.5	99.0	242.0
	ub :	317.5377	107.7445	248.5842
	lb :	298.9914	90.244	236.2989

	==================================================================================
	Q1:
		Shape: Hybrid
		q_c:	313.5	97.0	244.0
		ub :	317.5377	101.3083	248.1864
		lb :	309.4623	92.6917	239.8136
		P^-1:
			0.1528	-0.0213	-0.06
			-0.0213	0.122	0.0306
			-0.06	0.0306	0.1974
		A:
			0.0409	0.2607	-0.9645
			-0.8317	-0.3693	-0.4146
			0.1939	-0.8093	-0.5544
			0.5384	-0.4731	-0.6974
			0.4314	-0.7294	-0.5309
			-0.4938	0.5758	0.6517
		b:
			-195.6783
			-395.7218
			-151.5211
			-46.2159
			-63.7536
			61.1948
	==================================================================================
	Q2:
		Shape: Ellipse
		q_c:	302.0	104.5	245.0
		ub :	305.0086	107.7445	248.5842
		lb :	298.9914	101.2555	241.4158
		P^-1:
			0.1596	0.016	-0.0039
			0.016	0.3021	-0.1639
			-0.0039	-0.1639	0.2539
	==================================================================================
	Q3:
		Shape: Hybrid
		q_c:	307.0	95.5	243.5
		ub :	311.1373	99.5726	247.7087
		lb :	302.8627	91.4274	239.2913
		P^-1:
			0.16	-0.0	-0.0
			-0.0	0.16	0.0
			-0.0	0.0	0.16
		A:
			-0.7493	-0.6604	-0.0504
			0.1595	-0.4066	-0.8996
			0.1227	-0.8785	0.4617
			-0.8259	-0.005	-0.5637
			0.7123	-0.6426	0.2823
			-0.6728	0.6879	-0.2723
		b:
			-304.0986
			-207.6768
			67.4545
			-390.0619
			227.289
			-205.9063
	==================================================================================
	Q4:
		Shape: Polyhedra
		q_c:	305.0	94.5	243.0
		ub :	309.5888	98.756	247.8552
		lb :	300.4112	90.244	238.1448
		A:
			-0.7055	0.559	-0.4356
			-0.5885	0.7835	0.1992
			0.0985	0.6499	0.7536
			-0.1292	-0.8217	-0.5551
			0.0156	0.5881	0.8087
			-0.3779	-0.9202	0.1019
			0.8984	0.2454	0.3642
			0.0549	-0.8856	0.4613
			0.4357	-0.3944	-0.8091
			-0.8984	-0.2454	-0.3642
			-0.0549	0.8856	-0.4613
			-0.4357	0.3944	0.8091
		b:
			-265.2341
			-54.2027
			277.7
			-248.898
			259.9223
			-174.6379
			389.2104
			47.6308
			-97.9699
			-382.2104
			-42.6308
			103.9699
	==================================================================================
	Q5:
		Shape: Hybrid
		q_c:	304.5	102.0	240.0
		ub :	308.2697	105.6859	243.7011
		lb :	300.7303	98.3141	236.2989
		P^-1:
			0.2292	0.0454	-0.0201
			0.0454	0.1513	0.0437
			-0.0201	0.0437	0.2306
		A:
			-0.488	-0.7926	0.3655
			0.0657	-0.7429	-0.6661
			0.2324	-0.7355	-0.6364
			-0.4544	0.7006	0.5501
			0.2199	-0.1151	0.9687
			-0.611	-0.7648	0.2046
		b:
			-140.3114
			-214.4429
			-155.7342
			66.4781
			289.0535
			-213.6587
	==================================================================================
	Q6:
		Shape: Ellipse
		q_c:	309.0	95.5	240.5
		ub :	313.7838	100.6562	244.3902
		lb :	304.2162	90.3438	236.6098
		P^-1:
			0.0843	-0.0054	-0.0133
			-0.0054	0.0924	0.0264
			-0.0133	0.0264	0.1466


===========================================================================================
===========================================================================================
