3D_35_7_6_c                l = 3

===========================================================================================
===========================================================================================
S1:
	q_c:	150.5	148.0	520.0
	ub :	176.47	182.2526	543.8137
	lb :	117.7114	124.0272	492.4025

	==================================================================================
	Q1:
		Shape: Polyhedra
		q_c:	160.5	158.0	510.0
		ub :	176.47	175.4303	527.5975
		lb :	144.53	140.5697	492.4025
		A:
			-0.6358	0.5532	0.5383
			-0.0779	-0.0274	-0.9966
			-0.4672	0.8833	0.0395
			-0.1124	0.517	0.8486
			-0.5822	0.7972	-0.1596
			-0.0541	0.1498	0.9872
			0.5284	0.5317	0.6619
			-0.0517	-0.758	0.6502
			0.8474	-0.3778	-0.3731
			-0.5284	-0.5317	-0.6619
			0.0517	0.758	-0.6502
			-0.8474	0.3778	0.3731
		b:
			271.7038
			-514.8684
			95.8711
			507.1944
			-37.7584
			528.9535
			516.3809
			213.514
			-101.9502
			-496.3809
			-193.514
			125.9502
	==================================================================================
	Q2:
		Shape: Ellipse
		q_c:	142.0	138.5	531.5
		ub :	154.3158	152.9728	543.8137
		lb :	129.6842	124.0272	519.1863
		P^-1:
			0.0189	0.001	-0.0065
			0.001	0.0178	-0.0108
			-0.0065	-0.0108	0.0217
	==================================================================================
	Q3:
		Shape: Hybrid
		q_c:	144.0	163.0	531.5
		ub :	153.6491	174.2196	543.7366
		lb :	134.3509	151.7804	519.2634
		P^-1:
			0.0574	-0.0282	-0.0172
			-0.0282	0.0352	0.0058
			-0.0172	0.0058	0.0205
		A:
			0.7213	-0.1184	-0.6824
			-0.7867	0.0246	-0.6168
			0.9394	-0.3094	0.1476
			0.4687	0.0444	-0.8822
			0.7955	-0.5975	-0.1014
			-0.5701	0.3166	0.7581
		b:
			-274.9561
			-430.4795
			166.9891
			-389.5219
			-34.7358
			376.0969
	==================================================================================
	Q4:
		Shape: Hybrid
		q_c:	141.5	137.5	524.0
		ub :	155.7254	146.9489	538.7332
		lb :	127.2746	128.0511	509.2668
		P^-1:
			0.027	0.0189	0.0155
			0.0189	0.0373	0.0154
			0.0155	0.0154	0.019
		A:
			-0.427	-0.8901	-0.1594
			-0.5997	-0.5301	-0.5996
			0.3842	0.771	0.508
			0.8748	0.4542	0.1685
			0.8887	0.2021	0.4116
			-0.4318	-0.1883	-0.8821
		b:
			-263.2866
			-469.4531
			429.0113
			278.8389
			373.2502
			-543.8708
	==================================================================================
	Q5:
		Shape: Polyhedra
		q_c:	164.0	138.0	526.5
		ub :	176.2372	147.8174	537.2566
		lb :	151.7628	128.1826	515.7434
		A:
			0.0853	-0.887	-0.4538
			-0.1361	-0.7363	-0.6629
			0.0316	0.8032	0.5949
			0.3224	0.7558	0.5699
			0.8745	-0.4844	-0.0257
			-0.2981	-0.7336	-0.6107
			0.1089	0.7528	0.6491
			-0.864	0.3946	-0.3128
			-0.4916	-0.5268	0.6934
			-0.1089	-0.7528	-0.6491
			0.864	-0.3946	0.3128
			0.4916	0.5268	-0.6934
		b:
			-344.4133
			-471.3998
			430.9426
			459.8109
			70.8102
			-469.4054
			465.0144
			-243.9003
			222.2614
			-462.0144
			259.9003
			-201.2614
	==================================================================================
	Q6:
		Shape: Ellipse
		q_c:	132.5	167.0	511.5
		ub :	147.2886	182.2526	527.9011
		lb :	117.7114	151.7474	495.0989
		P^-1:
			0.0137	-0.0067	-0.0031
			-0.0067	0.0165	0.0038
			-0.0031	0.0038	0.01


===========================================================================================
===========================================================================================
S2:
	q_c:	46.0	366.5	272.5
	ub :	61.4664	380.1438	293.2189
	lb :	30.6898	348.525	255.1841

	==================================================================================
	Q1:
		Shape: Hybrid
		q_c:	50.5	371.5	280.0
		ub :	53.7533	375.4408	284.2286
		lb :	47.2467	367.5592	275.7714
		P^-1:
			0.3666	0.0095	-0.1208
			0.0095	0.2056	-0.0978
			-0.1208	-0.0978	0.2039
		A:
			0.7519	0.5774	-0.3181
			0.4234	-0.7344	-0.5305
			-0.9258	-0.1898	0.327
			-0.3345	-0.6491	0.6833
			-0.9989	0.0287	-0.0378
			-0.0147	-0.4643	0.8856
		b:
			164.4974
			-397.9623
			-24.8718
			-65.7416
			-49.1833
			76.1627
	==================================================================================
	Q2:
		Shape: Polyhedra
		q_c:	54.0	359.0	285.5
		ub :	61.4664	362.9311	293.2189
		lb :	46.5336	355.0689	277.7811
		A:
			-0.2725	-0.4616	0.8442
			0.3488	0.8979	0.2685
			0.3732	0.8093	0.4537
			-0.2515	0.869	0.4261
			0.2177	-0.906	-0.3629
			0.5927	0.8034	0.057
			0.7925	0.1188	0.5982
			-0.6074	0.0664	0.7916
			0.0543	-0.9907	0.1248
			-0.7925	-0.1188	-0.5982
			0.6074	-0.0664	-0.7916
			-0.0543	0.9907	-0.1248
		b:
			65.4449
			421.5551
			444.3048
			424.0244
			-413.3426
			340.7266
			261.2169
			222.5288
			-314.1098
			-251.2169
			-211.5288
			320.1098
	==================================================================================
	Q3:
		Shape: Ellipse
		q_c:	42.5	370.5	282.0
		ub :	51.2669	380.1438	291.7371
		lb :	33.7331	360.8562	272.2629
		P^-1:
			0.048	-0.002	-0.0176
			-0.002	0.0293	0.0107
			-0.0176	0.0107	0.036
	==================================================================================
	Q4:
		Shape: Hybrid
		q_c:	49.0	359.5	261.0
		ub :	54.4474	365.1708	265.7471
		lb :	43.5526	353.8292	256.2529
		P^-1:
			0.2157	-0.0667	-0.179
			-0.0667	0.0936	0.0253
			-0.179	0.0253	0.2863
		A:
			-0.3146	0.0695	0.9467
			0.8391	-0.4369	0.324
			-0.797	0.042	0.6025
			-0.1153	-0.9845	0.1323
			0.3884	-0.1739	-0.9049
			0.4372	-0.31	-0.8442
		b:
			257.9355
			-28.8361
			134.4537
			-321.8493
			-278.4991
			-309.1953
	==================================================================================
	Q5:
		Shape: Polyhedra
		q_c:	37.0	359.5	271.0
		ub :	43.3102	368.2998	276.0718
		lb :	30.6898	350.7002	265.9282
		A:
			0.4476	-0.2704	-0.8524
			-0.0577	0.1862	0.9808
			0.2335	0.6014	0.7641
			-0.342	-0.0426	0.9387
			0.497	-0.0522	-0.8662
			-0.8598	0.4737	0.1907
			0.7044	0.5433	0.4567
			0.5669	-0.0436	-0.8226
			-0.4271	0.8384	-0.3387
			-0.7044	-0.5433	-0.4567
			-0.5669	0.0436	0.8226
			0.4271	-0.8384	0.3387
		b:
			-310.0348
			332.7635
			434.7607
			228.5062
			-234.052
			196.1791
			348.1562
			-216.6171
			202.3046
			-342.1562
			218.6171
			-185.3046
	==================================================================================
	Q6:
		Shape: Polyhedra
		q_c:	39.0	354.5	263.0
		ub :	46.9777	360.475	270.8159
		lb :	31.0223	348.525	255.1841
		A:
			-0.6456	0.7416	-0.1824
			-0.732	0.5065	0.4557
			-0.1435	0.9763	-0.1621
			0.6598	0.6052	-0.4454
			0.5982	-0.6573	-0.4583
			-0.0091	-0.5926	-0.8054
			0.1312	0.988	0.0816
			0.7455	-0.0441	-0.6651
			-0.6535	0.1481	-0.7423
			-0.1312	-0.988	-0.0816
			-0.7455	0.0441	0.6651
			0.6535	-0.1481	0.7423
		b:
			194.9809
			275.8903
			302.938
			128.132
			-325.2171
			-417.1297
			381.8102
			-156.4811
			-162.7207
			-371.8102
			166.4811
			173.7207


===========================================================================================
===========================================================================================
S3:
	q_c:	471.0	53.5	275.0
	ub :	488.8372	64.5629	291.6691
	lb :	459.0468	40.2861	257.1673

	==================================================================================
	Q1:
		Shape: Ellipse
		q_c:	465.5	50.0	264.0
		ub :	471.9532	55.7309	270.8327
		lb :	459.0468	44.2691	257.1673
		P^-1:
			0.1751	-0.1388	0.1321
			-0.1388	0.1733	-0.1369
			0.1321	-0.1369	0.169
	==================================================================================
	Q2:
		Shape: Polyhedra
		q_c:	482.0	49.5	279.5
		ub :	488.8372	55.787	286.7551
		lb :	475.1628	43.213	272.2449
		A:
			-0.5859	0.1892	0.788
			-0.6376	-0.6252	-0.45
			0.5467	-0.1848	0.8166
			-0.037	0.9768	0.211
			0.8866	-0.0063	0.4626
			-0.4153	0.5954	-0.6877
			0.8523	0.0986	0.5136
			-0.4575	-0.3352	0.8236
			0.2534	-0.937	-0.2406
			-0.8523	-0.0986	-0.5136
			0.4575	0.3352	-0.8236
			-0.2534	0.937	0.2406
		b:
			-47.926
			-459.9074
			486.8937
			94.0022
			560.3058
			-358.4613
			563.262
			-1.9183
			13.0215
			-555.262
			11.9183
			-4.0215
	==================================================================================
	Q3:
		Shape: Polyhedra
		q_c:	478.5	48.0	283.0
		ub :	482.8735	53.2	288.0887
		lb :	474.1265	42.8	277.9113
		A:
			0.7596	-0.5658	-0.3207
			0.7593	-0.4258	0.4921
			-0.8109	0.2668	0.5209
			-0.197	-0.0963	0.9757
			-0.8318	0.3627	0.4203
			0.8664	0.0866	-0.4919
			0.6903	0.4998	0.5232
			-0.1555	0.8087	-0.5673
			-0.7066	0.3102	0.6359
			-0.6903	-0.4998	-0.5232
			0.1555	-0.8087	0.5673
			0.7066	-0.3102	-0.6359
		b:
			247.8571
			485.5118
			-225.7488
			180.0481
			-259.5297
			281.875
			505.8577
			-192.6289
			-141.2672
			-498.8577
			199.6289
			145.2672
	==================================================================================
	Q4:
		Shape: Ellipse
		q_c:	479.0	46.0	274.0
		ub :	482.242	49.5696	277.4911
		lb :	475.758	42.4304	270.5089
		P^-1:
			0.4791	-0.2867	-0.2335
			-0.2867	0.3662	0.3127
			-0.2335	0.3127	0.4864
	==================================================================================
	Q5:
		Shape: Polyhedra
		q_c:	469.5	59.0	282.0
		ub :	478.0454	64.5629	290.4508
		lb :	460.9546	53.4371	273.5492
		A:
			0.6496	-0.3609	-0.6691
			-0.6421	-0.7192	0.2653
			0.4805	-0.5915	-0.6475
			0.4659	-0.3803	-0.7989
			-0.595	0.3291	0.7332
			0.1921	0.9044	-0.3811
			0.629	0.208	0.7491
			0.254	-0.9656	0.0548
			0.7348	0.1558	-0.6602
			-0.629	-0.208	-0.7491
			-0.254	0.9656	-0.0548
			-0.7348	-0.1558	0.6602
		b:
			99.0435
			-264.6196
			12.367
			-24.407
			-48.9544
			39.7591
			526.3179
			81.2526
			171.9815
			-511.3179
			-74.2526
			-163.9815
	==================================================================================
	Q6:
		Shape: Ellipse
		q_c:	473.5	44.5	285.5
		ub :	480.9766	48.7139	291.6691
		lb :	466.0234	40.2861	279.3309
		P^-1:
			0.0395	0.0014	0.0366
			0.0014	0.1435	0.0243
			0.0366	0.0243	0.1118


===========================================================================================
===========================================================================================
S4:
	q_c:	474.5	262.5	347.5
	ub :	484.7927	271.753	361.9324
	lb :	464.7883	252.4505	338.7007

	==================================================================================
	Q1:
		Shape: Hybrid
		q_c:	474.5	261.5	343.5
		ub :	478.4478	264.6126	348.2993
		lb :	470.5522	258.3874	338.7007
		P^-1:
			0.1135	-0.0241	-0.0045
			-0.0241	0.2406	-0.0312
			-0.0045	-0.0312	0.0696
		A:
			-0.9471	-0.2956	0.1249
			0.4294	-0.8042	0.4109
			-0.2152	0.7993	-0.5611
			-0.7354	0.6448	-0.2084
			0.1992	-0.9782	0.058
			-0.833	0.1873	0.5206
		b:
			-481.8
			135.9328
			-84.3826
			-250.3982
			-140.3448
			-165.3046
	==================================================================================
	Q2:
		Shape: Polyhedra
		q_c:	477.5	259.5	356.0
		ub :	483.1803	265.8818	361.9324
		lb :	471.8197	253.1182	350.0676
		A:
			-0.5728	-0.7865	-0.231
			0.3457	-0.0855	-0.9344
			0.2349	-0.5808	0.7795
			0.5074	-0.4744	0.7194
			-0.7195	0.5524	0.4209
			0.8241	-0.3093	0.4746
			0.1617	0.422	0.8921
			-0.5301	0.7996	-0.2822
			-0.8324	-0.4272	0.3529
			-0.1617	-0.422	-0.8921
			0.5301	-0.7996	0.2822
			0.8324	0.4272	-0.3529
		b:
			-556.0903
			-185.914
			242.8857
			379.2667
			-46.5172
			486.1394
			508.2749
			-142.0702
			-379.1916
			-500.2749
			150.0702
			386.1916
	==================================================================================
	Q3:
		Shape: Polyhedra
		q_c:	480.5	267.0	353.5
		ub :	484.7927	271.4685	357.1782
		lb :	476.2073	262.5315	349.8218
		A:
			0.0454	0.8891	-0.4554
			0.845	-0.3907	-0.3652
			0.8781	-0.352	-0.3239
			-0.2218	-0.2843	0.9327
			-0.1822	-0.6455	-0.7417
			0.0796	0.3277	-0.9414
			0.6415	0.7172	0.2721
			0.584	-0.2267	-0.7795
			-0.4974	0.6589	-0.5643
			-0.6415	-0.7172	-0.2721
			-0.584	0.2267	0.7795
			0.4974	-0.6589	0.5643
		b:
			101.2034
			174.5839
			215.4819
			149.4342
			-519.5715
			-204.7106
			598.9246
			-53.9501
			-259.5465
			-592.9246
			56.9501
			265.5465
	==================================================================================
	Q4:
		Shape: Polyhedra
		q_c:	469.5	257.5	353.5
		ub :	473.6929	262.5495	357.8864
		lb :	465.3071	252.4505	349.1136
		A:
			-0.6732	0.1755	0.7183
			-0.0033	-0.0851	0.9964
			-0.4551	-0.8499	-0.2655
			0.7438	-0.3586	-0.5641
			0.0121	0.2913	-0.9565
			-0.8698	-0.4643	0.167
			0.8244	0.3106	0.4732
			0.1582	-0.9291	0.3342
			0.5434	-0.2006	-0.8151
			-0.8244	-0.3106	-0.4732
			-0.1582	0.9291	-0.3342
			-0.5434	0.2006	0.8151
		b:
			-14.9466
			331.383
			-522.9726
			59.7105
			-254.4909
			-465.9755
			637.2966
			-42.8443
			-82.6886
			-631.2966
			50.8443
			86.6886
	==================================================================================
	Q5:
		Shape: Polyhedra
		q_c:	479.5	263.5	351.0
		ub :	483.8152	268.9378	356.3144
		lb :	475.1848	258.0622	345.6856
		A:
			0.7683	0.0683	-0.6364
			-0.7036	-0.5313	0.472
			0.1821	-0.0275	-0.9829
			-0.3942	0.8911	0.2248
			0.7892	-0.5754	0.2147
			0.9383	-0.2352	-0.2535
			0.1726	0.5366	0.826
			0.5022	0.6735	-0.5424
			-0.8474	0.5084	-0.1532
			-0.1726	-0.5366	-0.826
			-0.5022	-0.6735	0.5424
			0.8474	-0.5084	0.1532
		b:
			166.0526
			-308.7079
			-261.2488
			127.8149
			304.6961
			301.6109
			518.0645
			230.8713
			-323.6377
			-510.0645
			-224.8713
			328.6377
	==================================================================================
	Q6:
		Shape: Hybrid
		q_c:	469.5	267.0	346.0
		ub :	474.2117	271.753	350.313
		lb :	464.7883	262.247	341.687
		P^-1:
			0.1174	0.0051	-0.0216
			0.0051	0.0883	0.0146
			-0.0216	0.0146	0.147
		A:
			0.6023	0.6669	0.4387
			-0.0051	0.1457	0.9893
			0.3883	-0.0535	0.92
			-0.2112	0.185	-0.9598
			0.2797	0.6156	0.7367
			0.8782	0.4309	0.2075
		b:
			614.4078
			380.1842
			487.9896
			-380.1855
			552.2122
			600.9234


===========================================================================================
===========================================================================================
S5:
	q_c:	403.5	385.0	481.0
	ub :	416.9336	402.3742	497.4429
	lb :	390.7673	368.6477	470.5446

	==================================================================================
	Q1:
		Shape: Ellipse
		q_c:	397.0	393.5	490.5
		ub :	403.2327	400.1317	495.7399
		lb :	390.7673	386.8683	485.2601
		P^-1:
			0.0781	0.0125	-0.0007
			0.0125	0.0367	0.0026
			-0.0007	0.0026	0.0815
	==================================================================================
	Q2:
		Shape: Polyhedra
		q_c:	410.0	394.0	489.5
		ub :	416.021	402.3742	497.4429
		lb :	403.979	385.6258	481.5571
		A:
			0.7637	-0.3988	0.5077
			0.8953	-0.0381	-0.4439
			0.3003	0.9538	0.0079
			-0.804	-0.0317	-0.5938
			-0.8164	0.1933	-0.5442
			0.8766	-0.3387	0.3419
			0.6428	0.3722	0.6695
			-0.7575	0.4389	0.4833
			-0.114	-0.8178	0.5641
			-0.6428	-0.3722	-0.6695
			0.7575	-0.4389	-0.4833
			0.114	0.8178	-0.5641
		b:
			409.1399
			139.0463
			508.4573
			-629.0361
			-520.8214
			397.5191
			741.428
			102.9241
			-86.3578
			-734.428
			-94.9241
			99.3578
	==================================================================================
	Q3:
		Shape: Polyhedra
		q_c:	405.0	387.5	487.5
		ub :	411.5536	393.2629	493.9112
		lb :	398.4464	381.7371	481.0888
		A:
			-0.3843	-0.245	0.8901
			-0.8449	-0.4524	-0.2854
			-0.9881	-0.0349	0.1496
			-0.201	-0.8218	0.5332
			-0.3971	-0.7177	-0.5721
			0.5886	-0.7036	-0.3982
			0.5229	0.7382	0.4261
			-0.6667	0.0428	0.7441
			0.5311	-0.6732	0.5145
			-0.5229	-0.7382	-0.4261
			0.6667	-0.0428	-0.7441
			-0.5311	0.6732	-0.5145
		b:
			187.0113
			-653.053
			-337.0802
			-135.8515
			-714.2946
			-224.5289
			709.0833
			112.7845
			209.5525
			-702.0833
			-105.7845
			-200.5525
	==================================================================================
	Q4:
		Shape: Polyhedra
		q_c:	402.5	384.0	488.0
		ub :	410.1584	391.2171	496.1022
		lb :	394.8416	376.7829	479.8978
		A:
			0.1064	-0.3985	0.911
			-0.1173	0.0315	0.9926
			0.9197	-0.1576	0.3596
			0.7783	0.6173	-0.1149
			0.189	-0.9036	-0.3843
			-0.3985	-0.3645	-0.8416
			0.7734	0.5497	0.3157
			0.3234	-0.7705	0.5493
			0.5452	-0.3227	-0.7737
			-0.7734	-0.5497	-0.3157
			-0.3234	0.7705	-0.5493
			-0.5452	0.3227	0.7737
		b:
			338.974
			454.7485
			489.3437
			498.486
			-453.4023
			-706.3792
			680.4556
			106.3242
			-276.0352
			-672.4556
			-98.3242
			288.0352
	==================================================================================
	Q5:
		Shape: Hybrid
		q_c:	410.0	378.0	477.0
		ub :	416.9336	382.5188	483.4554
		lb :	403.0664	373.4812	470.5446
		P^-1:
			0.0658	0.0212	0.0541
			0.0212	0.1248	0.0129
			0.0541	0.0129	0.1083
		A:
			-0.5671	0.7473	-0.3463
			-0.5149	0.0532	-0.8556
			0.0708	0.6861	-0.7241
			-0.5143	-0.8168	-0.2613
			-0.6875	-0.0061	-0.7261
			0.6426	0.5484	0.5351
		b:
			-112.9103
			-597.6619
			-54.6753
			-642.7056
			-629.0035
			727.4528
	==================================================================================
	Q6:
		Shape: Ellipse
		q_c:	407.5	375.0	490.0
		ub :	413.646	381.3523	495.1902
		lb :	401.354	368.6477	484.8098
		P^-1:
			0.043	0.0075	0.0017
			0.0075	0.0596	-0.0006
			0.0017	-0.0006	0.0624


===========================================================================================
===========================================================================================
S6:
	q_c:	111.0	85.0	252.0
	ub :	123.6103	96.5286	268.8453
	lb :	98.0006	73.7851	239.9657

	==================================================================================
	Q1:
		Shape: Polyhedra
		q_c:	105.5	84.5	253.0
		ub :	112.9994	91.2196	258.7951
		lb :	98.0006	77.7804	247.2049
		A:
			-0.4878	-0.7064	-0.5129
			0.9285	-0.0333	-0.3698
			0.2363	-0.7698	-0.593
			-0.6952	-0.191	0.6929
			0.9036	-0.0262	-0.4275
			0.5811	0.1749	-0.7948
			0.8207	0.4507	0.351
			-0.3776	0.8891	-0.2588
			-0.4288	0.0799	0.8999
			-0.8207	-0.4507	-0.351
			0.3776	-0.8891	0.2588
			0.4288	-0.0799	-0.8999
		b:
			-235.6939
			5.8392
			-186.1322
			89.3956
			-10.9248
			-121.71
			218.9845
			-25.6935
			192.1883
			-207.9845
			34.6935
			-186.1883
	==================================================================================
	Q2:
		Shape: Ellipse
		q_c:	118.0	89.5	253.0
		ub :	123.6103	95.8934	260.001
		lb :	112.3897	83.1066	245.999
		P^-1:
			0.139	0.0842	0.043
			0.0842	0.128	0.0622
			0.043	0.0622	0.0785
	==================================================================================
	Q3:
		Shape: Ellipse
		q_c:	118.5	92.0	264.0
		ub :	122.6831	96.5286	268.8453
		lb :	114.3169	87.4714	259.1547
		P^-1:
			0.1248	0.0147	0.0163
			0.0147	0.1269	0.0175
			0.0163	0.0175	0.1305
	==================================================================================
	Q4:
		Shape: Polyhedra
		q_c:	115.5	82.0	246.5
		ub :	118.3644	86.8883	251.5328
		lb :	112.6356	77.1117	241.4672
		A:
			-0.9014	-0.2165	0.3749
			0.8217	0.4385	-0.364
			0.4403	-0.8921	0.102
			-0.6867	-0.4463	0.5739
			-0.4858	-0.4856	0.7268
			0.7221	0.553	-0.4156
			0.1866	0.5424	0.8191
			0.538	-0.7541	0.3768
			0.8221	0.3703	-0.4325
			-0.1866	-0.5424	-0.8191
			-0.538	0.7541	-0.3768
			-0.8221	-0.3703	0.4325
		b:
			-28.7142
			41.7794
			6.0236
			26.4184
			84.8653
			27.148
			272.4405
			96.1899
			19.2091
			-263.4405
			-90.1899
			-18.2091
	==================================================================================
	Q5:
		Shape: Hybrid
		q_c:	113.0	86.5	244.5
		ub :	117.7825	91.7677	249.0343
		lb :	108.2175	81.2323	239.9657
		P^-1:
			0.1278	-0.036	-0.0284
			-0.036	0.1198	-0.0317
			-0.0284	-0.0317	0.1349
		A:
			0.0069	0.5148	0.8573
			-0.4304	0.0031	-0.9026
			-0.0852	-0.649	0.756
			0.8206	-0.5143	0.2493
			-0.3093	-0.8913	0.3315
			-0.87	-0.3514	0.3458
		b:
			257.1282
			-266.9819
			120.3343
			110.5662
			-29.1518
			-42.3886
	==================================================================================
	Q6:
		Shape: Hybrid
		q_c:	110.0	79.5	256.0
		ub :	113.6347	85.2149	261.5439
		lb :	106.3653	73.7851	250.4561
		P^-1:
			0.354	0.1199	-0.1095
			0.1199	0.1118	-0.045
			-0.1095	-0.045	0.1036
		A:
			0.2154	0.8608	0.4612
			-0.9971	-0.0199	0.0729
			0.9549	0.0049	0.2969
			-0.7533	-0.6532	-0.0766
			-0.9707	-0.2199	0.0968
			-0.7684	-0.6087	0.1978
		b:
			213.2207
			-91.1595
			183.5947
			-152.7733
			-98.4067
			-81.1553


===========================================================================================
===========================================================================================
S7:
	q_c:	34.5	481.5	342.5
	ub :	41.4662	491.1738	350.3121
	lb :	26.3403	476.0961	335.645

	==================================================================================
	Q1:
		Shape: Polyhedra
		q_c:	34.0	482.0	344.5
		ub :	40.0029	487.9039	350.3121
		lb :	27.9971	476.0961	338.6879
		A:
			-0.2051	-0.9094	-0.3619
			0.3288	0.0214	-0.9441
			-0.1251	-0.9196	-0.3725
			-0.9107	-0.3443	0.2282
			-0.6592	-0.6514	0.3757
			0.6361	-0.6509	-0.4145
			0.6929	0.4865	0.5322
			-0.648	0.0965	0.7555
			0.3162	-0.8683	0.3821
			-0.6929	-0.4865	-0.5322
			0.648	-0.0965	-0.7555
			-0.3162	0.8683	-0.3821
		b:
			-565.7276
			-300.9245
			-571.6277
			-114.7427
			-203.2938
			-431.7149
			445.898
			287.2467
			-272.1293
			-436.898
			-282.2467
			280.1293
	==================================================================================
	Q2:
		Shape: Polyhedra
		q_c:	38.0	480.5	345.5
		ub :	41.4662	483.116	349.5623
		lb :	34.5338	477.884	341.4377
		A:
			-0.2179	-0.7501	0.6244
			0.0599	-0.9392	0.338
			-0.2708	0.8831	-0.383
			-0.1509	-0.8835	0.4435
			0.9363	0.0649	-0.3451
			-0.5556	0.7868	-0.2688
			0.4213	0.4972	0.7585
			-0.8731	-0.0041	0.4876
			0.2456	-0.8676	0.4323
			-0.4213	-0.4972	-0.7585
			0.8731	0.0041	-0.4876
			-0.2456	0.8676	-0.4323
		b:
			-151.6798
			-331.0433
			282.736
			-275.7058
			-50.4073
			265.2668
			520.4667
			135.3045
			-257.205
			-513.4667
			-131.3045
			259.205
	==================================================================================
	Q3:
		Shape: Polyhedra
		q_c:	30.0	487.5	338.5
		ub :	33.6597	491.1738	341.2807
		lb :	26.3403	483.8262	335.7193
		A:
			0.608	-0.3026	-0.734
			0.1995	0.1475	0.9687
			-0.6255	-0.7656	0.1505
			0.7757	0.4753	0.4152
			0.4286	0.5442	0.7212
			0.4875	0.8013	0.3468
			0.6778	0.5481	0.4901
			-0.4541	-0.2123	0.8653
			0.5783	-0.809	0.105
			-0.6778	-0.5481	-0.4901
			0.4541	0.2123	-0.8653
			-0.5783	0.809	-0.105
		b:
			-375.4347
			407.6016
			-339.21
			397.0398
			523.8672
			524.3831
			454.9286
			177.7999
			-338.5193
			-451.9286
			-173.7999
			344.5193
	==================================================================================
	Q4:
		Shape: Ellipse
		q_c:	33.5	485.0	343.0
		ub :	36.6223	488.2434	345.5019
		lb :	30.3777	481.7566	340.4981
		P^-1:
			0.5722	0.4581	0.001
			0.4581	0.5094	0.0009
			0.001	0.0009	0.16
	==================================================================================
	Q5:
		Shape: Polyhedra
		q_c:	37.0	485.0	345.0
		ub :	39.4926	488.9079	348.8728
		lb :	34.5074	481.0921	341.1272
		A:
			-0.659	-0.408	-0.6319
			-0.8956	-0.3986	-0.1976
			-0.0229	0.5281	0.8488
			0.9902	0.1324	0.0455
			-0.6965	0.2822	-0.6598
			-0.321	0.8783	0.3544
			0.4822	0.5958	0.6423
			-0.8657	0.4366	0.2449
			-0.1345	-0.6741	0.7263
			-0.4822	-0.5958	-0.6423
			0.8657	-0.4366	-0.2449
			0.1345	0.6741	-0.7263
		b:
			-438.7367
			-292.9219
			549.8709
			118.1409
			-114.1869
			538.1136
			529.8975
			265.6963
			-77.835
			-526.8975
			-262.6963
			84.835
	==================================================================================
	Q6:
		Shape: Polyhedra
		q_c:	36.0	482.5	338.0
		ub :	39.7965	484.8266	340.355
		lb :	32.2035	480.1734	335.645
		A:
			0.2741	-0.9529	0.1295
			0.6099	0.2794	0.7416
			-0.5327	0.6325	0.5623
			-0.4416	0.8576	-0.2637
			0.021	-0.9991	0.0378
			-0.2325	0.9703	-0.0663
			0.1295	0.2572	0.9577
			-0.3315	0.9214	-0.2026
			-0.9345	-0.2913	0.2045
			-0.1295	-0.2572	-0.9577
			0.3315	-0.9214	0.2026
			0.9345	0.2913	-0.2045
		b:
			-405.1299
			409.5977
			477.9464
			309.8187
			-467.1397
			438.4505
			453.928
			365.1738
			-101.5361
			-450.928
			-363.1738
			108.5361


===========================================================================================
===========================================================================================
