3D_35_8_6_b                l = 3

===========================================================================================
===========================================================================================
S1:
	q_c:	452.5	456.0	460.5
	ub :	477.8197	485.5123	489.6664
	lb :	426.0932	432.3919	437.8456

	==================================================================================
	Q1:
		Shape: Polyhedra
		q_c:	442.5	449.0	447.5
		ub :	458.9068	465.6081	457.1544
		lb :	426.0932	432.3919	437.8456
		A:
			0.5569	-0.1404	-0.8187
			0.2543	-0.494	0.8315
			0.7358	0.1552	0.6592
			-0.3248	-0.2347	0.9162
			-0.9741	0.0702	-0.2149
			0.2072	-0.9717	0.1132
			0.1672	0.2037	0.9647
			-0.7724	0.6351	-0.0003
			-0.6127	-0.745	0.2635
			-0.1672	-0.2037	-0.9647
			0.7724	-0.6351	0.0003
			0.6127	0.745	-0.2635
		b:
			-173.8709
			271.8198
			698.9622
			169.6901
			-485.0794
			-282.9529
			604.1226
			-45.7306
			-476.7394
			-590.1226
			67.7306
			498.7394
	==================================================================================
	Q2:
		Shape: Polyhedra
		q_c:	461.0	471.5	473.0
		ub :	477.8197	485.5123	489.6664
		lb :	444.1803	457.4877	456.3336
		A:
			0.1176	-0.9798	0.1617
			0.7808	0.5867	-0.2149
			0.6839	0.536	-0.495
			0.3481	0.7634	-0.5441
			-0.9258	0.0546	-0.374
			0.9137	-0.2905	-0.2841
			0.621	0.7317	0.281
			0.5755	-0.669	0.4704
			0.5321	-0.1304	-0.8366
			-0.621	-0.7317	-0.281
			-0.5755	0.669	-0.4704
			-0.5321	0.1304	0.8366
		b:
			-321.7694
			543.6712
			343.6656
			272.8426
			-568.5398
			160.7607
			771.6857
			182.8296
			-200.3608
			-756.6857
			-161.8296
			223.3608
	==================================================================================
	Q3:
		Shape: Ellipse
		q_c:	447.0	466.0	463.0
		ub :	455.7697	474.3581	471.9585
		lb :	438.2303	457.6419	454.0415
		P^-1:
			0.0301	-0.0021	-0.0078
			-0.0021	0.0183	0.0028
			-0.0078	0.0028	0.033
	==================================================================================
	Q4:
		Shape: Ellipse
		q_c:	464.0	474.5	473.0
		ub :	471.8827	484.3006	480.0731
		lb :	456.1173	464.6994	465.9269
		P^-1:
			0.0324	0.0029	-0.0037
			0.0029	0.0222	0.0094
			-0.0037	0.0094	0.0457
	==================================================================================
	Q5:
		Shape: Ellipse
		q_c:	451.0	450.0	476.0
		ub :	461.716	460.0139	486.5726
		lb :	440.284	439.9861	465.4274
		P^-1:
			0.0271	0.0053	0.0012
			0.0053	0.0264	0.0032
			0.0012	0.0032	0.0237
	==================================================================================
	Q6:
		Shape: Hybrid
		q_c:	463.0	474.0	460.5
		ub :	473.1944	482.4443	471.0159
		lb :	452.8056	465.5557	449.9841
		P^-1:
			0.0231	0.001	0.0045
			0.001	0.0301	0.0025
			0.0045	0.0025	0.0281
		A:
			0.4271	-0.8385	0.3384
			-0.9637	0.1035	-0.246
			0.1838	0.0315	-0.9825
			0.2919	-0.9024	-0.317
			-0.9711	0.2286	0.0691
			0.8394	-0.2259	0.4943
		b:
			-40.6079
			-506.7861
			-348.8351
			-435.3908
			-305.4136
			512.5927


===========================================================================================
===========================================================================================
S2:
	q_c:	319.0	397.0	172.5
	ub :	335.4193	403.5113	190.3235
	lb :	319.5725	381.7298	165.8878

	==================================================================================
	Q1:
		Shape: Ellipse
		q_c:	325.5	388.0	171.0
		ub :	331.4275	392.9766	176.1122
		lb :	319.5725	383.0234	165.8878
		P^-1:
			0.0678	-0.017	0.0444
			-0.017	0.136	-0.0793
			0.0444	-0.0793	0.1772
	==================================================================================
	Q2:
		Shape: Hybrid
		q_c:	326.0	395.5	184.5
		ub :	330.931	400.0874	190.3235
		lb :	321.069	390.9126	178.6765
		P^-1:
			0.0797	-0.0054	-0.0042
			-0.0054	0.1024	-0.0178
			-0.0042	-0.0178	0.0731
		A:
			-0.1857	-0.7848	-0.5913
			0.873	-0.0803	0.4811
			0.2412	-0.8479	-0.4721
			-0.8447	0.4403	0.3042
			0.5929	-0.6733	-0.4417
			-0.5031	0.2177	0.8364
		b:
			-477.6891
			343.7517
			-341.7407
			-43.1514
			-152.4815
			78.6068
	==================================================================================
	Q3:
		Shape: Hybrid
		q_c:	329.5	395.0	174.5
		ub :	335.4193	399.441	180.4719
		lb :	323.5807	390.559	168.5281
		P^-1:
			0.1271	-0.0654	-0.0696
			-0.0654	0.1231	0.0585
			-0.0696	0.0585	0.1117
		A:
			-0.6225	0.4152	0.6634
			0.4886	-0.8327	-0.2606
			-0.7212	0.6793	0.1357
			0.6699	-0.166	-0.7237
			0.6209	-0.3735	-0.6892
			0.5836	-0.652	-0.484
		b:
			75.7811
			-211.9241
			56.0176
			30.3661
			-62.0505
			-148.6804
	==================================================================================
	Q4:
		Shape: Ellipse
		q_c:	326.5	387.5	177.5
		ub :	332.2626	393.2702	183.1909
		lb :	320.7374	381.7298	171.8091
		P^-1:
			0.056	0.0077	0.0108
			0.0077	0.0904	-0.0176
			0.0108	-0.0176	0.0958
	==================================================================================
	Q5:
		Shape: Ellipse
		q_c:	325.5	398.5	181.5
		ub :	330.8326	403.5113	185.3393
		lb :	320.1674	393.4887	177.6607
		P^-1:
			0.1098	-0.0024	-0.0628
			-0.0024	0.0818	0.0054
			-0.0628	0.0054	0.2216
	==================================================================================
	Q6:
		Shape: Polyhedra
		q_c:	327.5	386.0	172.0
		ub :	330.6577	390.1299	176.0839
		lb :	324.3423	381.8701	167.9161
		A:
			0.3226	-0.2855	-0.9024
			0.4602	0.8436	0.2768
			0.9498	0.303	0.0782
			0.1393	-0.0007	-0.9903
			0.6223	-0.407	0.6686
			0.4328	0.5409	-0.7212
			0.5477	0.5861	0.5971
			-0.1886	0.7817	-0.5944
			-0.8152	0.2129	0.5387
			-0.5477	-0.5861	-0.5971
			0.1886	-0.7817	0.5944
			0.8152	-0.2129	-0.5387
		b:
			-157.8406
			526.5275
			443.5644
			-122.6627
			164.5092
			228.9955
			510.8045
			140.7501
			-90.6286
			-505.8045
			-134.7501
			93.6286


===========================================================================================
===========================================================================================
S3:
	q_c:	403.5	62.0	398.0
	ub :	415.4547	90.4934	430.8789
	lb :	372.2431	46.9857	374.4525

	==================================================================================
	Q1:
		Shape: Ellipse
		q_c:	400.5	82.0	410.0
		ub :	408.7183	90.4934	417.948
		lb :	392.2817	73.5066	402.052
		P^-1:
			0.0391	0.0041	-0.0007
			0.0041	0.0218	0.003
			-0.0007	0.003	0.0395
	==================================================================================
	Q2:
		Shape: Hybrid
		q_c:	392.0	62.5	394.0
		ub :	402.248	73.2399	403.8012
		lb :	381.752	51.7601	384.1988
		P^-1:
			0.0278	0.0027	0.0043
			0.0027	0.0252	0.0037
			0.0043	0.0037	0.0241
		A:
			0.1891	0.7101	0.6782
			0.6512	-0.7344	-0.1914
			-0.1461	0.9242	-0.3529
			0.8309	-0.5256	0.1829
			-0.9186	0.364	0.1542
			-0.1412	-0.6449	-0.7511
		b:
			388.8128
			137.6973
			-134.59
			368.5207
			-272.9045
			-388.468
	==================================================================================
	Q3:
		Shape: Ellipse
		q_c:	386.5	76.0	386.5
		ub :	400.7569	87.0197	398.5475
		lb :	372.2431	64.9803	374.4525
		P^-1:
			0.0138	-0.0137	0.0053
			-0.0137	0.0465	-0.0199
			0.0053	-0.0199	0.0244
	==================================================================================
	Q4:
		Shape: Ellipse
		q_c:	400.0	68.5	403.0
		ub :	412.2319	77.2096	416.038
		lb :	387.7681	59.7904	389.962
		P^-1:
			0.0238	0.0149	0.0044
			0.0149	0.0398	0.0034
			0.0044	0.0034	0.0105
	==================================================================================
	Q5:
		Shape: Polyhedra
		q_c:	401.5	51.5	416.5
		ub :	415.4547	56.0143	430.8789
		lb :	387.5453	46.9857	402.1211
		A:
			0.8156	-0.573	-0.0803
			-0.0547	0.9922	0.1121
			-0.0656	-0.9451	-0.3202
			0.1251	0.9677	0.2188
			-0.241	-0.9524	0.1866
			-0.2934	-0.9551	0.0426
			0.1684	0.9839	0.06
			0.7708	-0.0935	-0.6302
			-0.6145	0.1523	-0.7741
			-0.1684	-0.9839	-0.06
			-0.7708	0.0935	0.6302
			0.6145	-0.1523	0.7741
		b:
			273.2565
			78.6665
			-205.1168
			193.7524
			-64.9749
			-146.8352
			145.2452
			50.6514
			-549.7761
			-141.2452
			-33.6514
			572.7761
	==================================================================================
	Q6:
		Shape: Hybrid
		q_c:	394.0	59.5	386.0
		ub :	404.1168	68.829	393.1837
		lb :	383.8832	50.171	378.8163
		P^-1:
			0.0293	0.0042	-0.0147
			0.0042	0.0292	0.0081
			-0.0147	0.0081	0.0548
		A:
			-0.7435	0.6681	-0.0276
			0.3955	0.5513	-0.7346
			0.7339	0.3347	0.5911
			0.114	-0.9006	-0.4194
			0.9942	0.0157	0.1063
			0.2147	0.9414	-0.2602
		b:
			-258.7689
			-91.875
			541.3708
			-167.0994
			438.3294
			44.1711


===========================================================================================
===========================================================================================
S4:
	q_c:	67.5	193.0	484.5
	ub :	71.8554	211.3998	502.7562
	lb :	48.1901	183.0555	461.5985

	==================================================================================
	Q1:
		Shape: Hybrid
		q_c:	65.0	201.5	471.0
		ub :	71.8554	211.3998	480.4015
		lb :	58.1446	191.6002	461.5985
		P^-1:
			0.0716	-0.0197	-0.0068
			-0.0197	0.0311	0.0108
			-0.0068	0.0108	0.0298
		A:
			0.5084	-0.3638	-0.7805
			-0.5111	0.8218	-0.2518
			0.839	-0.1011	-0.5346
			-0.3072	0.3142	0.8983
			0.7947	-0.1164	0.5957
			0.7038	-0.7097	0.0327
		b:
			-404.9296
			17.7666
			-214.9148
			469.9053
			311.9974
			-79.1037
	==================================================================================
	Q2:
		Shape: Hybrid
		q_c:	66.0	197.5	489.5
		ub :	69.7036	201.9103	493.8356
		lb :	62.2964	193.0897	485.1644
		P^-1:
			0.3472	0.1495	0.0481
			0.1495	0.1717	0.0399
			0.0481	0.0399	0.1183
		A:
			-0.8815	-0.2032	-0.4263
			-0.7264	-0.2887	-0.6237
			0.9956	0.0933	0.0125
			-0.6597	-0.5149	-0.5474
			0.7948	0.3496	0.4961
			-0.6363	0.5367	0.5541
		b:
			-305.8451
			-409.0085
			91.5021
			-412.1204
			365.3518
			337.6002
	==================================================================================
	Q3:
		Shape: Polyhedra
		q_c:	58.5	202.0	496.0
		ub :	66.3221	209.074	502.7562
		lb :	50.6779	194.926	489.2438
		A:
			-0.1623	0.986	0.0375
			0.6793	0.7171	-0.1562
			-0.7009	-0.6882	0.1874
			0.6204	0.1857	0.762
			0.6595	0.0462	-0.7503
			-0.7238	0.2782	-0.6314
			0.7446	0.5973	0.298
			-0.3313	-0.057	0.9418
			0.5795	-0.8	0.1555
			-0.7446	-0.5973	-0.298
			0.3313	0.057	-0.9418
			-0.5795	0.8	-0.1555
		b:
			213.493
			111.3818
			-82.809
			456.2034
			-319.2794
			-294.3445
			316.0323
			441.255
			-45.0931
			-308.0323
			-431.255
			56.0931
	==================================================================================
	Q4:
		Shape: Hybrid
		q_c:	55.5	193.0	480.0
		ub :	62.8099	199.8043	485.6132
		lb :	48.1901	186.1957	474.3868
		P^-1:
			0.0519	-0.0098	0.0501
			-0.0098	0.0318	-0.0204
			0.0501	-0.0204	0.1319
		A:
			-0.446	0.3577	-0.8205
			0.488	0.269	0.8304
			0.0752	-0.0597	0.9954
			-0.4299	-0.8466	-0.3138
			0.8597	-0.4656	0.2101
			-0.3773	0.2103	-0.9019
		b:
			-348.0669
			479.7947
			472.4182
			-333.3654
			62.3639
			-411.9891
	==================================================================================
	Q5:
		Shape: Polyhedra
		q_c:	60.0	201.5	493.0
		ub :	66.7348	207.6763	500.4156
		lb :	53.2652	195.3237	485.5844
		A:
			-0.9775	-0.2045	-0.0524
			0.5922	0.4076	0.6951
			-0.1011	0.7997	0.5919
			0.1722	0.389	-0.905
			0.966	0.1184	-0.23
			-0.4654	-0.8463	-0.2592
			0.6665	0.5614	0.4905
			0.2838	-0.7995	0.5294
			0.6894	-0.2136	-0.6922
			-0.6665	-0.5614	-0.4905
			-0.2838	0.7995	-0.5294
			-0.6894	0.2136	0.6922
		b:
			-121.8276
			463.0892
			451.1117
			-352.4979
			-26.9
			-323.2865
			397.4426
			121.4119
			-337.4333
			-392.4426
			-112.4119
			348.4333
	==================================================================================
	Q6:
		Shape: Hybrid
		q_c:	58.0	189.0	493.0
		ub :	65.1562	194.9445	499.4016
		lb :	50.8438	183.0555	486.5984
		P^-1:
			0.039	-0.0023	0.0142
			-0.0023	0.0652	0.0088
			0.0142	0.0088	0.073
		A:
			0.876	-0.4619	0.1386
			-0.0514	-0.9699	0.2379
			-0.2687	-0.9331	-0.2388
			-0.395	-0.8916	-0.2214
			-0.4624	-0.8702	-0.17
			0.4753	0.6135	-0.6306
		b:
			34.8053
			-66.6198
			-307.4733
			-298.2186
			-272.5845
			-164.194


===========================================================================================
===========================================================================================
S5:
	q_c:	49.0	47.0	322.0
	ub :	61.5614	66.449	339.4198
	lb :	35.528	36.2559	305.7731

	==================================================================================
	Q1:
		Shape: Hybrid
		q_c:	49.5	49.5	331.5
		ub :	57.0679	56.2221	339.4198
		lb :	41.9321	42.7779	323.5802
		P^-1:
			0.0556	-0.0154	-0.0168
			-0.0154	0.0613	0.0063
			-0.0168	0.0063	0.0472
		A:
			-0.8882	0.1724	0.4259
			-0.1912	-0.2732	-0.9428
			-0.7753	0.5924	-0.219
			0.2135	-0.6396	-0.7384
			0.285	0.6251	0.7267
			0.156	-0.8341	-0.5291
		b:
			107.8562
			-332.1737
			-79.1001
			-263.5127
			289.1976
			-206.6728
	==================================================================================
	Q2:
		Shape: Ellipse
		q_c:	53.5	45.0	333.0
		ub :	61.5614	50.812	338.4788
		lb :	45.4386	39.188	327.5212
		P^-1:
			0.0469	0.0616	-0.0099
			0.0616	0.1897	-0.0717
			-0.0099	-0.0717	0.1154
	==================================================================================
	Q3:
		Shape: Ellipse
		q_c:	51.5	54.0	314.5
		ub :	60.2068	60.2222	323.2269
		lb :	42.7932	47.7778	305.7731
		P^-1:
			0.0351	0.012	0.0073
			0.012	0.0717	0.0156
			0.0073	0.0156	0.0356
	==================================================================================
	Q4:
		Shape: Polyhedra
		q_c:	43.5	44.5	328.0
		ub :	48.133	49.5999	332.1929
		lb :	38.867	39.4001	323.8071
		A:
			-0.8841	0.3703	-0.2851
			-0.1733	-0.7042	-0.6885
			0.1999	0.054	0.9783
			-0.6481	0.445	-0.618
			-0.4732	-0.8777	0.0755
			0.4792	-0.4666	-0.7434
			0.1534	0.2628	0.9526
			-0.068	0.9645	-0.2551
			-0.9858	-0.0257	0.1659
			-0.1534	-0.2628	-0.9526
			0.068	-0.9645	0.2551
			0.9858	0.0257	-0.1659
		b:
			-111.4656
			-261.587
			334.615
			-207.2751
			-30.5954
			-240.4745
			333.3136
			-39.2167
			14.3791
			-328.3136
			48.2167
			-6.3791
	==================================================================================
	Q5:
		Shape: Hybrid
		q_c:	47.0	45.0	324.5
		ub :	53.4367	53.7441	332.5974
		lb :	40.5633	36.2559	316.4026
		P^-1:
			0.0483	-0.0038	-0.0005
			-0.0038	0.0346	-0.0062
			-0.0005	-0.0062	0.0342
		A:
			-0.3743	0.2129	-0.9025
			0.6071	-0.2191	-0.7638
			-0.7761	0.0065	0.6305
			-0.7989	-0.5981	0.0633
			-0.1866	0.1689	-0.9678
			-0.1665	0.8078	-0.5655
		b:
			-297.9448
			-226.2134
			171.0548
			-41.0745
			-312.1589
			-152.2962
	==================================================================================
	Q6:
		Shape: Ellipse
		q_c:	40.5	60.5	318.5
		ub :	45.472	66.449	324.8937
		lb :	35.528	54.551	312.1063
		P^-1:
			0.0813	0.001	-0.0036
			0.001	0.0779	0.0129
			-0.0036	0.0129	0.0371


===========================================================================================
===========================================================================================
S6:
	q_c:	37.5	289.0	9.0
	ub :	47.4864	299.9338	18.9146
	lb :	28.1468	278.1615	1.3303

	==================================================================================
	Q1:
		Shape: Ellipse
		q_c:	36.5	293.0	14.5
		ub :	40.5366	297.4136	18.2489
		lb :	32.4634	288.5864	10.7511
		P^-1:
			0.113	-0.0034	-0.0088
			-0.0034	0.1172	0.0158
			-0.0088	0.0158	0.152
	==================================================================================
	Q2:
		Shape: Ellipse
		q_c:	37.5	287.0	5.5
		ub :	42.7219	292.0776	9.4956
		lb :	32.2781	281.9224	1.5044
		P^-1:
			0.0952	0.0146	-0.0013
			0.0146	0.0977	0.0012
			-0.0013	0.0012	0.111
	==================================================================================
	Q3:
		Shape: Ellipse
		q_c:	41.0	296.0	11.0
		ub :	45.035	299.9338	15.1534
		lb :	36.965	292.0662	6.8466
		P^-1:
			0.1981	-0.0503	-0.0198
			-0.0503	0.1552	0.0394
			-0.0198	0.0394	0.1678
	==================================================================================
	Q4:
		Shape: Ellipse
		q_c:	36.0	293.5	11.0
		ub :	38.5022	297.4371	14.0494
		lb :	33.4978	289.5629	7.9506
		P^-1:
			0.286	0.0225	0.0722
			0.0225	0.1041	0.0826
			0.0722	0.0826	0.386
	==================================================================================
	Q5:
		Shape: Hybrid
		q_c:	33.0	289.0	6.5
		ub :	37.8532	291.5218	11.6697
		lb :	28.1468	286.4782	1.3303
		P^-1:
			0.4176	0.988	-0.4284
			0.988	3.1738	-1.2498
			-0.4284	-1.2498	0.5691
		A:
			-0.2264	-0.9388	0.2598
			0.259	0.8754	-0.4082
			0.0745	0.9305	-0.3585
			0.1683	0.9384	-0.3018
			0.11	0.908	-0.4043
			-0.384	-0.7993	0.4622
		b:
			-276.673
			259.1939
			269.68
			275.1905
			264.0021
			-240.1954
	==================================================================================
	Q6:
		Shape: Ellipse
		q_c:	41.0	283.0	12.5
		ub :	47.4864	287.8385	18.9146
		lb :	34.5136	278.1615	6.0854
		P^-1:
			0.0683	0.0323	0.0092
			0.0323	0.1278	0.0384
			0.0092	0.0384	0.0758


===========================================================================================
===========================================================================================
S7:
	q_c:	333.0	491.0	439.0
	ub :	352.8017	509.5262	456.1276
	lb :	314.7776	470.8776	418.8503

	==================================================================================
	Q1:
		Shape: Polyhedra
		q_c:	325.5	484.5	445.5
		ub :	336.2224	494.4633	456.1276
		lb :	314.7776	474.5367	434.8724
		A:
			0.2352	-0.5406	-0.8077
			0.7189	-0.5636	-0.4068
			0.0979	0.8921	-0.4411
			-0.1657	0.9055	-0.3906
			-0.3097	-0.6904	-0.6538
			0.189	-0.7836	0.5919
			0.8436	0.465	0.2686
			0.1928	0.2045	-0.9597
			-0.5012	0.8614	0.0829
			-0.8436	-0.465	-0.2686
			-0.1928	-0.2045	0.9597
			0.5012	-0.8614	-0.0829
		b:
			-537.8975
			-214.0452
			274.6849
			217.3568
			-719.2977
			-47.3205
			627.0291
			-257.1828
			296.6308
			-612.0291
			274.1828
			-285.6308
	==================================================================================
	Q2:
		Shape: Polyhedra
		q_c:	341.0	500.5	438.0
		ub :	349.7658	509.4801	445.9848
		lb :	332.2342	491.5199	430.0152
		A:
			-0.5564	0.1578	0.8158
			-0.67	-0.1838	0.7193
			-0.5471	0.4872	0.6807
			0.1268	0.4998	-0.8568
			0.5808	0.5366	-0.6122
			0.7102	-0.2262	-0.6666
			0.6919	0.5575	0.4587
			-0.6455	0.1932	0.7389
			0.3233	-0.8074	0.4936
			-0.6919	-0.5575	-0.4587
			0.6455	-0.1932	-0.7389
			-0.3233	0.8074	-0.4936
		b:
			249.1698
			-2.0899
			358.5377
			-77.6764
			203.1349
			-160.422
			723.8981
			202.7203
			-72.6335
			-707.8981
			-197.7203
			82.6335
	==================================================================================
	Q3:
		Shape: Ellipse
		q_c:	331.0	504.0	435.0
		ub :	336.2978	509.5262	439.639
		lb :	325.7022	498.4738	430.361
		P^-1:
			0.0919	0.0227	0.0071
			0.0227	0.08	0.0055
			0.0071	0.0055	0.0642
	==================================================================================
	Q4:
		Shape: Hybrid
		q_c:	341.0	490.0	442.0
		ub :	351.728	499.9288	449.38
		lb :	330.272	480.0712	434.62
		P^-1:
			0.0217	-0.0001	-0.0048
			-0.0001	0.0204	0.0006
			-0.0048	0.0006	0.0387
		A:
			0.141	0.0899	-0.9859
			-0.8156	-0.0854	0.5722
			-0.0193	-0.7196	-0.6941
			0.4541	0.2734	-0.848
			0.4143	0.6286	-0.6582
			-0.8401	-0.0813	0.5363
		b:
			-341.0589
			-63.5876
			-662.3433
			-83.1846
			161.8611
			-85.7045
	==================================================================================
	Q5:
		Shape: Ellipse
		q_c:	324.5	500.5	430.5
		ub :	330.1312	507.8585	436.7922
		lb :	318.8688	493.1415	424.2078
		P^-1:
			0.1225	-0.037	0.0255
			-0.037	0.0472	-0.0347
			0.0255	-0.0347	0.0956
	==================================================================================
	Q6:
		Shape: Polyhedra
		q_c:	344.5	478.0	427.0
		ub :	352.8017	485.1224	435.1497
		lb :	336.1983	470.8776	418.8503
		A:
			0.5552	0.7632	-0.3306
			-0.3418	-0.9385	-0.048
			-0.7204	0.3326	0.6086
			0.256	0.0544	0.9651
			0.8852	-0.2766	0.3742
			0.4378	-0.8981	-0.0424
			0.4711	0.678	0.5642
			0.7213	0.0721	-0.6889
			-0.5077	0.7315	-0.4551
			-0.4711	-0.678	-0.5642
			-0.7213	-0.0721	0.6889
			0.5077	-0.7315	0.4551
		b:
			419.6265
			-582.5211
			175.705
			530.9685
			337.9675
			-291.0131
			730.8129
			-6.2205
			-13.5768
			-723.8129
			16.2205
			25.5768


===========================================================================================
===========================================================================================
S8:
	q_c:	384.0	15.5	171.0
	ub :	397.8431	36.6952	190.1955
	lb :	367.3598	1.0579	163.3597

	==================================================================================
	Q1:
		Shape: Hybrid
		q_c:	382.5	7.0	178.0
		ub :	386.6195	12.9421	184.711
		lb :	378.3805	1.0579	171.289
		P^-1:
			0.1491	0.011	0.02
			0.011	0.0983	0.0379
			0.02	0.0379	0.0567
		A:
			-0.1902	-0.8922	-0.4096
			-0.7438	0.6106	-0.272
			-0.4106	-0.7311	-0.5448
			-0.7021	-0.0553	0.7099
			0.3129	-0.9389	-0.1438
			0.326	-0.9431	0.0656
		b:
			-150.2767
			-326.3329
			-257.6842
			-139.4254
			89.5469
			132.2446
	==================================================================================
	Q2:
		Shape: Hybrid
		q_c:	376.0	14.5	181.5
		ub :	384.6402	20.5735	190.1955
		lb :	367.3598	8.4265	172.8045
		P^-1:
			0.0332	0.0064	0.0041
			0.0064	0.059	0.0071
			0.0041	0.0071	0.0311
		A:
			-0.3213	-0.898	-0.3006
			-0.0968	-0.5834	-0.8064
			-0.0092	0.0585	-0.9982
			-0.0752	-0.8802	-0.4685
			-0.6233	-0.7269	-0.2883
			0.4438	-0.8198	-0.3618
		b:
			-186.3905
			-188.3561
			-179.9871
			-123.8857
			-294.8838
			92.1619
	==================================================================================
	Q3:
		Shape: Polyhedra
		q_c:	381.0	28.5	173.0
		ub :	389.2232	36.6952	181.8442
		lb :	372.7768	20.3048	164.1558
		A:
			-0.1525	0.7118	0.6856
			0.7991	0.4505	-0.398
			0.3706	-0.0176	-0.9286
			0.3175	-0.6096	0.7263
			-0.0683	0.9663	-0.2483
			-0.4054	-0.8402	0.3602
			0.853	0.0397	0.5204
			-0.3973	-0.5971	0.6968
			0.3384	-0.8012	-0.4936
			-0.853	-0.0397	-0.5204
			0.3973	0.5971	-0.6968
			-0.3384	0.8012	0.4936
		b:
			87.654
			252.7537
			-14.6732
			233.8749
			-35.8724
			-111.568
			421.1537
			-43.8455
			27.7158
			-411.1537
			51.8455
			-13.7158
	==================================================================================
	Q4:
		Shape: Polyhedra
		q_c:	391.0	18.0	175.5
		ub :	397.8431	25.3497	182.1935
		lb :	384.1569	10.6503	168.8065
		A:
			0.6878	-0.5242	-0.5021
			-0.8483	0.3741	-0.3747
			0.87	-0.4538	-0.1929
			-0.659	-0.5984	0.4557
			-0.239	0.154	0.9587
			0.3223	0.2457	0.9142
			0.8539	0.4569	0.2493
			-0.4816	0.5119	0.7113
			0.1974	-0.7274	0.6572
			-0.8539	-0.4569	-0.2493
			0.4816	-0.5119	-0.7113
			-0.1974	0.7274	-0.6572
		b:
			175.0019
			-386.0982
			302.1819
			-183.8035
			81.3436
			295.2307
			390.8413
			-50.7687
			183.9063
			-380.8413
			57.7687
			-174.9063
	==================================================================================
	Q5:
		Shape: Polyhedra
		q_c:	385.0	23.5	171.5
		ub :	393.4676	30.365	178.7279
		lb :	376.5324	16.635	164.2721
		A:
			0.0108	0.8902	-0.4554
			-0.1463	0.9129	-0.381
			0.686	-0.7185	-0.1145
			0.0064	0.0142	0.9999
			-0.5775	0.4294	0.6943
			-0.4526	0.7357	0.5039
			0.4108	0.9004	0.1434
			0.1663	0.0807	-0.9828
			-0.8964	0.4276	-0.1165
			-0.4108	-0.9004	-0.1434
			-0.1663	-0.0807	0.9828
			0.8964	-0.4276	0.1165
		b:
			-47.9291
			-94.9033
			233.7665
			180.2507
			-87.0961
			-64.8012
			207.9149
			-96.6424
			-348.5673
			-199.9149
			108.6424
			361.5673
	==================================================================================
	Q6:
		Shape: Polyhedra
		q_c:	382.5	9.5	169.0
		ub :	388.5122	16.2871	174.6403
		lb :	376.4878	2.7129	163.3597
		A:
			-0.4208	-0.8296	-0.367
			-0.6494	0.7603	0.0183
			-0.4429	-0.6779	-0.5868
			-0.3381	0.7959	0.5022
			0.4111	0.2664	0.8718
			-0.6936	-0.3376	-0.6364
			0.5066	0.4851	0.7128
			0.2157	0.7291	-0.6495
			-0.8348	0.4828	0.2647
			-0.5066	-0.4851	-0.7128
			-0.2157	-0.7291	0.6495
			0.8348	-0.4828	-0.2647
		b:
			-228.1065
			-233.0804
			-273.129
			-32.6979
			309.1399
			-374.1317
			320.3338
			-15.3345
			-264.9797
			-317.3338
			25.3345
			274.9797


===========================================================================================
===========================================================================================
