3D_35_20_6_a                l = 3

===========================================================================================
===========================================================================================
S1:
	q_c:    458.5000    27.0000    399.0000
	ub :    461.0000    38.0000    414.0000
	lb :    456.0000    16.0000    384.0000

	==================================================================================
	Q1:
		Shape: Hybrid
		q_c:    461.5000    26.5000    398.5000
		ub :    463.6847    28.7875    400.6133
		lb :    459.3153    24.2125    396.3867
		P^-1: 
			    0.7280    0.1190    0.2509
			    0.1190    0.4944    0.1053
			    0.2509    0.1053    0.6665
		A:
			    -0.7585    -0.2064    0.6181
			    -0.9626    0.2397    0.1259
			    -0.0331    0.1285    -0.9912
			    -0.3543    0.5371    0.7655
			    0.5348    0.1397    0.8333
			    -0.6783    0.7310    0.0743
		b:
			    -108.2328
			    -386.8634
			    -406.0077
			    156.7281
			    583.1707
			    -263.1175
	==================================================================================
	Q2:
		Shape: Hybrid
		q_c:    461.0000    30.0000    397.5000
		ub :    462.5551    31.4996    399.3542
		lb :    459.4449    28.5004    395.6458
		P^-1: 
			    2.4914    1.3007    1.1226
			    1.3007    1.8100    0.5019
			    1.1226    0.5019    1.1431
		A:
			    0.5367    0.6909    0.4844
			    0.4173    0.7143    0.5619
			    -0.9490    -0.3093    0.0616
			    0.5522    0.7905    0.2649
			    -0.2692    -0.6861    0.6758
			    0.5451    0.1660    0.8218
		b:
			    461.0516
			    437.6360
			    -421.6328
			    383.9351
			    124.7836
			    583.4697
	==================================================================================
	Q3:
		Shape: Polyhedra
		q_c:    461.0000    26.5000    398.5000
		ub :    463.2008    29.0334    400.9680
		lb :    458.7992    23.9666    396.0320
		A:
			    -0.3651    -0.8579    -0.3617
			    -0.2638    -0.3693    0.8911
			    -0.0605    0.9786    -0.1966
			    0.3653    -0.2009    0.9089
			    0.1201    0.3428    -0.9317
			    0.6062    0.7853    -0.1258
			    0.1120    0.7233    0.6814
			    0.4917    0.5555    -0.6705
			    -0.8635    0.4101    -0.2935
			    -0.1120    -0.7233    -0.6814
			    -0.4917    -0.5555    0.6705
			    0.8635    -0.4101    0.2935
		b:
			    -333.6431
			    225.1862
			    -78.8022
			    526.8040
			    -305.3178
			    251.6309
			    343.8055
			    -24.3155
			    -502.6687
			    -340.8055
			    27.3155
			    505.6687
	==================================================================================
	Q4:
		Shape: Polyhedra
		q_c:    460.5000    25.0000    400.0000
		ub :    462.0760    26.4228    401.5046
		lb :    458.9240    23.5772    398.4954
		A:
			    0.3441    0.6862    0.6409
			    0.5880    0.8082    -0.0308
			    0.8372    -0.0529    0.5443
			    0.7069    -0.6747    -0.2124
			    -0.4334    0.9009    -0.0222
			    0.8046    -0.5937    0.0136
			    0.4101    0.1227    0.9037
			    0.3071    0.9145    -0.2635
			    -0.8588    0.3856    0.3373
			    -0.4101    -0.1227    -0.9037
			    -0.3071    -0.9145    0.2635
			    0.8588    -0.3856    -0.3373
		b:
			    432.9594
			    279.6727
			    602.9386
			    224.7083
			    -184.9595
			    362.1180
			    554.4203
			    59.8824
			    -249.8867
			    -552.4203
			    -57.8824
			    251.8867
	==================================================================================
	Q5:
		Shape: Hybrid
		q_c:    461.0000    26.0000    400.0000
		ub :    462.9307    27.3843    401.9586
		lb :    459.0693    24.6157    398.0414
		P^-1: 
			    0.6616    -0.0320    -0.2692
			    -0.0320    0.9970    -0.0254
			    -0.2692    -0.0254    0.7859
		A:
			    0.4659    -0.5121    -0.7216
			    -0.1661    0.9294    0.3295
			    -0.0149    -0.1947    -0.9808
			    -0.3100    -0.8327    0.4588
			    -0.0525    -0.6278    0.7766
			    0.7302    0.2831    -0.6218
		b:
			    -86.6784
			    79.9125
			    -403.5103
			    19.4578
			    270.7214
			    95.8028
	==================================================================================
	Q6:
		Shape: Polyhedra
		q_c:    458.0000    27.0000    397.5000
		ub :    459.8119    28.1869    399.1191
		lb :    456.1881    25.8131    395.8809
		A:
			    -0.4951    0.3957    -0.7735
			    0.7017    0.4826    0.5241
			    0.1024    0.9525    0.2869
			    -0.2504    -0.8479    0.4673
			    -0.2806    -0.9172    -0.2827
			    -0.5925    0.7992    0.1014
			    0.4268    0.5607    0.7096
			    -0.3438    0.8263    -0.4461
			    -0.8364    -0.0535    0.5454
			    -0.4268    -0.5607    -0.7096
			    0.3438    -0.8263    0.4461
			    0.8364    0.0535    -0.5454
		b:
			    -522.6512
			    543.4239
			    187.3939
			    49.2895
			    -264.9610
			    -208.3270
			    493.1742
			    -311.4726
			    -166.2268
			    -492.1742
			    313.4726
			    169.2268


===========================================================================================
===========================================================================================
S2:
	q_c:    28.0000    254.5000    372.0000
	ub :    42.0000    280.0000    390.0000
	lb :    14.0000    229.0000    354.0000

	==================================================================================
	Q1:
		Shape: Ellipse
		q_c:    28.5000    262.5000    369.5000
		ub :    36.8591    268.5677    378.0967
		lb :    20.1409    256.4323    360.9033
		P^-1: 
			    0.0727    -0.0637    0.0160
			    -0.0637    0.1061    -0.0196
			    0.0160    -0.0196    0.0253
	==================================================================================
	Q2:
		Shape: Hybrid
		q_c:    37.5000    252.0000    366.5000
		ub :    49.6582    264.0822    376.1512
		lb :    25.3418    239.9178    356.8488
		P^-1: 
			    0.0178    0.0000    -0.0000
			    0.0000    0.0178    -0.0000
			    -0.0000    -0.0000    0.0178
		A:
			    -0.1126    0.6322    -0.7666
			    -0.0457    -0.9612    0.2721
			    0.2450    -0.5746    0.7809
			    -0.0301    0.2137    -0.9764
			    -0.4228    -0.5022    -0.7544
			    -0.8117    -0.5566    -0.1768
		b:
			    -122.1224
			    -140.4540
			    154.3195
			    -301.3912
			    -415.1309
			    -231.7639
	==================================================================================
	Q3:
		Shape: Polyhedra
		q_c:    20.0000    238.5000    374.5000
		ub :    27.9526    245.6382    383.4348
		lb :    12.0474    231.3618    365.5652
		A:
			    -0.3594    0.6052    -0.7103
			    0.4247    0.9032    0.0620
			    -0.5522    -0.7893    -0.2686
			    0.9041    0.1983    0.3786
			    0.5080    0.4855    0.7115
			    0.4491    0.4544    0.7693
			    0.5991    0.7133    0.3637
			    0.3409    -0.6383    0.6902
			    0.7245    -0.2896    -0.6255
			    -0.5991    -0.7133    -0.3637
			    -0.3409    0.6383    -0.6902
			    -0.7245    0.2896    0.6255
		b:
			    -122.8545
			    250.0886
			    -297.7347
			    211.0676
			    395.5357
			    408.9378
			    320.3115
			    119.0848
			    -282.3289
			    -316.3115
			    -107.0848
			    295.3289
	==================================================================================
	Q4:
		Shape: Hybrid
		q_c:    24.0000    259.0000    365.0000
		ub :    32.2781    268.0190    375.9302
		lb :    15.7219    249.9810    354.0698
		P^-1: 
			    0.0633    -0.0395    0.0053
			    -0.0395    0.0720    -0.0196
			    0.0053    -0.0196    0.0212
		A:
			    0.8580    -0.4472    -0.2527
			    -0.8119    -0.2352    0.5343
			    -0.6133    0.7509    -0.2452
			    0.8237    0.5632    -0.0667
			    0.8053    -0.5319    0.2619
			    -0.2260    0.9656    -0.1286
		b:
			    -184.7912
			    118.5770
			    91.7761
			    146.0187
			    -20.7887
			    200.3607
	==================================================================================
	Q5:
		Shape: Hybrid
		q_c:    17.5000    249.0000    369.0000
		ub :    23.7164    257.6537    377.7967
		lb :    11.2836    240.3463    360.2033
		P^-1: 
			    0.0695    0.0130    0.0141
			    0.0130    0.0414    0.0135
			    0.0141    0.0135    0.0344
		A:
			    0.4009    -0.3808    0.8332
			    -0.7608    0.5441    -0.3537
			    0.4005    -0.7264    -0.5585
			    -0.9416    0.0272    -0.3357
			    0.1011    -0.3403    -0.9349
			    -0.8062    -0.1563    -0.5706
		b:
			    223.8167
			    -5.0406
			    -376.7154
			    -131.4281
			    -424.2790
			    -261.4622
	==================================================================================
	Q6:
		Shape: Ellipse
		q_c:    35.0000    268.0000    376.0000
		ub :    42.2029    274.9303    381.3648
		lb :    27.7971    261.0697    370.6352
		P^-1: 
			    0.0505    -0.0130    0.0314
			    -0.0130    0.0561    -0.0388
			    0.0314    -0.0388    0.1333


===========================================================================================
===========================================================================================
S3:
	q_c:    460.5000    50.5000    266.5000
	ub :    477.0000    79.0000    283.0000
	lb :    444.0000    22.0000    250.0000

	==================================================================================
	Q1:
		Shape: Polyhedra
		q_c:    467.0000    37.5000    275.5000
		ub :    475.3156    45.5632    283.1442
		lb :    458.6844    29.4368    267.8558
		A:
			    -0.5134    0.3440    -0.7862
			    -0.6747    -0.6447    0.3593
			    0.1589    -0.9093    -0.3845
			    -0.7263    0.6408    -0.2486
			    -0.5730    0.6385    0.5138
			    0.7797    -0.5692    0.2610
			    0.0218    0.2026    0.9790
			    0.2992    0.9330    -0.1998
			    -0.9539    0.2973    -0.0402
			    -0.0218    -0.2026    -0.9790
			    -0.2992    -0.9330    0.1998
			    0.9539    -0.2973    0.0402
		b:
			    -436.8937
			    -234.7515
			    -59.9502
			    -376.9986
			    -95.4341
			    421.4523
			    294.0178
			    124.6764
			    -438.4285
			    -281.0178
			    -114.6764
			    452.4285
	==================================================================================
	Q2:
		Shape: Polyhedra
		q_c:    472.5000    40.5000    267.0000
		ub :    479.9680    47.1647    274.9511
		lb :    465.0320    33.8353    259.0489
		A:
			    -0.7242    -0.2702    -0.6345
			    0.3711    0.7469    -0.5517
			    -0.4121    -0.1143    -0.9040
			    0.0819    -0.9276    0.3646
			    -0.0026    0.5454    0.8382
			    -0.2783    -0.9605    -0.0001
			    0.0918    0.4341    0.8962
			    -0.1237    0.8980    -0.4223
			    -0.9881    -0.0721    0.1361
			    -0.0918    -0.4341    -0.8962
			    0.1237    -0.8980    0.4223
			    0.9881    0.0721    -0.1361
		b:
			    -516.3353
			    63.0777
			    -434.8226
			    102.4813
			    250.6371
			    -165.6002
			    306.2471
			    -130.8073
			    -426.9330
			    -294.2471
			    138.8073
			    439.9330
	==================================================================================
	Q3:
		Shape: Hybrid
		q_c:    453.5000    61.5000    260.0000
		ub :    464.4384    72.9891    270.1729
		lb :    442.5616    50.0109    249.8271
		P^-1: 
			    0.0273    0.0127    0.0044
			    0.0127    0.0269    -0.0018
			    0.0044    -0.0018    0.0219
		A:
			    -0.6332    -0.1055    0.7668
			    0.1512    0.6173    -0.7721
			    0.1655    -0.4935    -0.8539
			    -0.1997    -0.8154    0.5434
			    0.3567    0.1492    -0.9222
			    0.7811    0.6234    0.0359
		b:
			    -89.2598
			    -90.4727
			    -171.8212
			    4.0547
			    -64.1254
			    404.4584
	==================================================================================
	Q4:
		Shape: Polyhedra
		q_c:    459.5000    44.0000    278.0000
		ub :    468.4566    54.2709    287.7634
		lb :    450.5434    33.7291    268.2366
		A:
			    0.8651    0.1812    -0.4677
			    0.7931    0.5829    -0.1769
			    -0.7947    0.1851    0.5781
			    -0.8548    -0.5144    0.0691
			    -0.8255    -0.5524    0.1157
			    -0.9766    -0.2068    -0.0593
			    0.6230    0.5330    0.5725
			    -0.3062    0.8397    -0.4485
			    -0.7198    0.1041    0.6863
			    -0.6230    -0.5330    -0.5725
			    0.3062    -0.8397    0.4485
			    0.7198    -0.1041    -0.6863
		b:
			    280.1206
			    346.1916
			    -191.7014
			    -391.1675
			    -366.3024
			    -469.4073
			    473.8921
			    -219.9193
			    -130.8702
			    -463.8921
			    236.9193
			    139.8702
	==================================================================================
	Q5:
		Shape: Ellipse
		q_c:    455.5000    64.5000    259.5000
		ub :    468.1604    76.4999    269.6293
		lb :    442.8396    52.5001    249.3707
		P^-1: 
			    0.0209    0.0016    0.0127
			    0.0016    0.0126    0.0023
			    0.0127    0.0023    0.0311
	==================================================================================
	Q6:
		Shape: Ellipse
		q_c:    444.0000    54.0000    260.5000
		ub :    456.9050    63.0522    272.9664
		lb :    431.0950    44.9478    248.0336
		P^-1: 
			    0.0152    0.0022    0.0020
			    0.0022    0.0231    0.0001
			    0.0020    0.0001    0.0121


===========================================================================================
===========================================================================================
S4:
	q_c:    382.5000    219.5000    313.5000
	ub :    389.0000    229.0000    323.0000
	lb :    376.0000    210.0000    304.0000

	==================================================================================
	Q1:
		Shape: Ellipse
		q_c:    384.0000    216.5000    314.0000
		ub :    388.0277    220.5354    317.0054
		lb :    379.9723    212.4646    310.9946
		P^-1: 
			    0.1948    0.0074    -0.1130
			    0.0074    0.1318    0.0401
			    -0.1130    0.0401    0.3889
	==================================================================================
	Q2:
		Shape: Hybrid
		q_c:    384.5000    225.5000    319.5000
		ub :    387.5453    229.4527    323.7372
		lb :    381.4547    221.5473    315.2628
		P^-1: 
			    0.7341    -0.3311    0.2366
			    -0.3311    0.2871    -0.1258
			    0.2366    -0.1258    0.2010
		A:
			    -0.8844    0.0607    -0.4628
			    -0.7527    -0.6434    -0.1394
			    0.9805    -0.1924    -0.0393
			    0.1206    0.7153    0.6884
			    -0.4185    -0.1781    -0.8906
			    0.8274    -0.5534    -0.0953
		b:
			    -473.1948
			    -476.7550
			    322.2060
			    430.1067
			    -483.5408
			    163.9450
	==================================================================================
	Q3:
		Shape: Ellipse
		q_c:    389.0000    221.0000    308.5000
		ub :    392.8691    223.6948    312.0435
		lb :    385.1309    218.3052    304.9565
		P^-1: 
			    0.2641    0.0028    -0.1774
			    0.0028    0.2506    -0.0379
			    -0.1774    -0.0379    0.2615
	==================================================================================
	Q4:
		Shape: Polyhedra
		q_c:    386.0000    218.5000    314.0000
		ub :    388.8275    221.8716    317.2840
		lb :    383.1725    215.1284    310.7160
		A:
			    0.2575    -0.4143    -0.8730
			    0.9038    -0.4196    -0.0844
			    -0.9760    -0.1813    -0.1205
			    0.1729    -0.1053    -0.9793
			    0.6842    0.1457    0.7146
			    -0.1128    -0.4619    -0.8797
			    0.6798    0.2349    0.6947
			    -0.7181    0.4052    0.5658
			    -0.1486    -0.8835    0.4441
			    -0.6798    -0.2349    -0.6947
			    0.7181    -0.4052    -0.5658
			    0.1486    0.8835    -0.4441
		b:
			    -263.3613
			    232.5938
			    -452.4456
			    -261.8570
			    521.8247
			    -419.0000
			    533.3877
			    -9.0202
			    -108.4429
			    -530.3877
			    13.0202
			    113.4429
	==================================================================================
	Q5:
		Shape: Polyhedra
		q_c:    382.5000    216.0000    309.5000
		ub :    386.9178    218.7448    312.3555
		lb :    378.0822    213.2552    306.6445
		A:
			    -0.0364    0.6654    0.7456
			    0.6251    0.7131    -0.3174
			    0.0034    0.9792    0.2030
			    0.6836    0.7217    -0.1088
			    0.5011    0.6719    -0.5454
			    -0.3595    0.5545    0.7505
			    0.9799    0.1642    0.1135
			    0.1111    -0.9210    0.3734
			    0.1659    -0.3533    -0.9207
			    -0.9799    -0.1642    -0.1135
			    -0.1111    0.9210    -0.3734
			    -0.1659    0.3533    0.9207
		b:
			    362.5836
			    297.8992
			    277.4130
			    386.9550
			    170.5482
			    216.5938
			    449.3993
			    -39.3800
			    -295.8268
			    -441.3993
			    42.3800
			    299.8268
	==================================================================================
	Q6:
		Shape: Polyhedra
		q_c:    378.0000    224.0000    315.5000
		ub :    381.7624    228.6518    319.3833
		lb :    374.2376    219.3482    311.6167
		A:
			    -0.3681    0.9293    0.0312
			    -0.7877    -0.0393    0.6148
			    0.9253    -0.2172    0.3109
			    0.9990    -0.0306    -0.0340
			    0.7728    0.4949    -0.3973
			    0.1416    -0.8781    0.4570
			    0.4403    0.8542    0.2764
			    -0.1858    0.3878    -0.9028
			    -0.8784    0.3462    0.3295
			    -0.4403    -0.8542    -0.2764
			    0.1858    -0.3878    0.9028
			    0.8784    -0.3462    -0.3295
		b:
			    81.6293
			    -110.4380
			    401.5174
			    362.3551
			    280.4376
			    3.7997
			    448.4854
			    -265.6912
			    -148.5380
			    -441.4854
			    270.6912
			    152.5380


===========================================================================================
===========================================================================================
S5:
	q_c:    499.0000    343.0000    329.0000
	ub :    515.0000    356.0000    351.0000
	lb :    483.0000    330.0000    307.0000

	==================================================================================
	Q1:
		Shape: Ellipse
		q_c:    494.5000    336.0000    338.0000
		ub :    499.2963    342.3411    343.5215
		lb :    489.7037    329.6589    332.4785
		P^-1: 
			    0.2830    0.1438    0.1026
			    0.1438    0.1319    0.1057
			    0.1026    0.1057    0.1684
	==================================================================================
	Q2:
		Shape: Hybrid
		q_c:    504.0000    334.0000    340.0000
		ub :    512.6983    342.6186    346.0133
		lb :    495.3017    325.3814    333.9867
		P^-1: 
			    0.0369    0.0083    0.0072
			    0.0083    0.0353    0.0053
			    0.0072    0.0053    0.0580
		A:
			    0.7804    0.0241    0.6249
			    -0.0650    0.6410    -0.7648
			    -0.5628    0.0313    -0.8260
			    0.3429    -0.6234    0.7027
			    0.3570    0.5037    0.7867
			    -0.2722    0.5960    -0.7555
		b:
			    616.4396
			    -75.7001
			    -551.7134
			    206.7140
			    617.7402
			    -191.9514
	==================================================================================
	Q3:
		Shape: Hybrid
		q_c:    503.5000    336.5000    332.0000
		ub :    510.7373    343.6648    339.8363
		lb :    496.2627    329.3352    324.1637
		P^-1: 
			    0.0678    -0.0143    -0.0134
			    -0.0143    0.0666    -0.0104
			    -0.0134    -0.0104    0.0334
		A:
			    -0.0928    0.5101    -0.8551
			    0.4959    0.5611    0.6627
			    0.6172    -0.4059    -0.6740
			    0.1743    -0.9798    -0.0980
			    -0.0686    -0.2528    0.9651
			    0.3351    -0.9267    0.1703
		b:
			    -155.7121
			    663.0710
			    -46.8745
			    -272.1059
			    204.5160
			    -84.6902
	==================================================================================
	Q4:
		Shape: Polyhedra
		q_c:    490.0000    349.5000    339.5000
		ub :    494.6123    356.0721    346.1722
		lb :    485.3877    342.9279    332.8278
		A:
			    -0.8611    0.4391    0.2564
			    0.6933    0.5788    -0.4293
			    0.6516    -0.2414    -0.7191
			    0.9054    -0.2509    -0.3425
			    0.7863    -0.1429    -0.6010
			    0.1360    0.2060    0.9691
			    0.3252    0.7956    0.5112
			    -0.3641    0.6042    -0.7088
			    -0.8728    0.0444    0.4861
			    -0.3252    -0.7956    -0.5112
			    0.3641    -0.6042    0.7088
			    0.8728    -0.0444    -0.4861
		b:
			    -178.7232
			    399.3777
			    -7.0996
			    241.6273
			    132.9520
			    472.0311
			    614.9484
			    -202.3389
			    -245.5943
			    -606.9484
			    213.3389
			    248.5943
	==================================================================================
	Q5:
		Shape: Ellipse
		q_c:    509.0000    346.0000    334.5000
		ub :    517.2477    353.9337    341.9851
		lb :    500.7523    338.0663    327.0149
		P^-1: 
			    0.0299    -0.0057    0.0026
			    -0.0057    0.0679    -0.0395
			    0.0026    -0.0395    0.0742
	==================================================================================
	Q6:
		Shape: Polyhedra
		q_c:    498.0000    343.0000    326.5000
		ub :    505.7547    349.3949    334.7409
		lb :    490.2453    336.6051    318.2591
		A:
			    -0.8241    0.5658    0.0269
			    0.5972    -0.6313    0.4948
			    0.5543    -0.8311    -0.0449
			    -0.8020    0.5970    0.0187
			    -0.5605    -0.0470    0.8268
			    0.6743    -0.7364    -0.0549
			    0.6200    0.5231    0.5848
			    -0.5021    -0.3082    0.8080
			    0.6029    -0.7946    0.0716
			    -0.6200    -0.5231    -0.5848
			    0.5021    0.3082    -0.8080
			    -0.6029    0.7946    -0.0716
		b:
			    -205.1522
			    245.4769
			    -21.9694
			    -186.3284
			    -20.3977
			    66.9873
			    686.1128
			    -86.9232
			    52.5997
			    -672.1128
			    96.9232
			    -49.5997


===========================================================================================
===========================================================================================
S6:
	q_c:    46.5000    78.5000    479.5000
	ub :    66.0000    99.0000    500.0000
	lb :    27.0000    58.0000    459.0000

	==================================================================================
	Q1:
		Shape: Ellipse
		q_c:    55.5000    79.0000    483.5000
		ub :    61.4744    86.1837    490.5295
		lb :    49.5256    71.8163    476.4705
		P^-1: 
			    0.0931    0.0149    0.0263
			    0.0149    0.0465    0.0031
			    0.0263    0.0031    0.0609
	==================================================================================
	Q2:
		Shape: Polyhedra
		q_c:    54.5000    80.5000    464.5000
		ub :    59.6700    85.6144    470.4147
		lb :    49.3300    75.3856    458.5853
		A:
			    -0.0814    -0.5565    0.8268
			    -0.2428    -0.6771    -0.6947
			    -0.4559    -0.6900    -0.5621
			    0.5870    0.7348    0.3398
			    0.7220    0.4190    0.5505
			    0.9673    0.0372    0.2510
			    0.6073    0.6223    0.4939
			    -0.7759    0.3309    0.5371
			    0.1708    -0.7094    0.6838
			    -0.6073    -0.6223    -0.4939
			    0.7759    -0.3309    -0.5371
			    -0.1708    0.7094    -0.6838
		b:
			    338.9484
			    -388.1716
			    -340.1679
			    250.2158
			    330.2208
			    175.6262
			    313.5936
			    238.8308
			    273.8503
			    -311.5936
			    -228.8308
			    -265.8503
	==================================================================================
	Q3:
		Shape: Polyhedra
		q_c:    45.5000    77.5000    493.0000
		ub :    53.6509    86.4839    502.5783
		lb :    37.3491    68.5161    483.4217
		A:
			    0.8950    0.4456    0.0193
			    0.1014    -0.9946    -0.0220
			    -0.2310    0.4319    0.8719
			    0.1731    0.0098    0.9848
			    0.1379    -0.2500    0.9584
			    0.4380    0.7195    -0.5390
			    0.4948    0.6132    0.6158
			    -0.2366    0.7769    -0.5835
			    -0.8362    0.1430    0.5294
			    -0.4948    -0.6132    -0.6158
			    0.2366    -0.7769    0.5835
			    0.8362    -0.1430    -0.5294
		b:
			    90.1392
			    -77.3841
			    458.0741
			    499.9753
			    465.2096
			    -184.4572
			    379.6294
			    -232.2208
			    238.5459
			    -367.6294
			    244.2208
			    -229.5459
	==================================================================================
	Q4:
		Shape: Ellipse
		q_c:    53.0000    73.0000    482.0000
		ub :    60.9050    79.3796    489.9447
		lb :    45.0950    66.6204    474.0553
		P^-1: 
			    0.0429    -0.0410    -0.0230
			    -0.0410    0.1192    0.0436
			    -0.0230    0.0436    0.0546
	==================================================================================
	Q5:
		Shape: Ellipse
		q_c:    64.5000    61.0000    489.5000
		ub :    71.3792    68.0368    494.7731
		lb :    57.6208    53.9632    484.2269
		P^-1: 
			    0.0769    0.0391    0.0100
			    0.0391    0.0589    0.0090
			    0.0100    0.0090    0.0524
	==================================================================================
	Q6:
		Shape: Polyhedra
		q_c:    56.0000    79.5000    493.0000
		ub :    64.3384    87.1324    500.0387
		lb :    47.6616    71.8676    485.9613
		A:
			    0.9446    0.2484    0.2144
			    0.6500    -0.0126    0.7598
			    0.4628    -0.7595    0.4572
			    0.1274    -0.3276    -0.9362
			    -0.2561    -0.9344    0.2474
			    -0.2417    0.8468    -0.4738
			    0.3931    0.9157    0.0841
			    0.7154    -0.3620    0.5976
			    0.5777    -0.1748    -0.7973
			    -0.3931    -0.9157    -0.0841
			    -0.7154    0.3620    -0.5976
			    -0.5777    0.1748    0.7973
		b:
			    183.4964
			    415.0175
			    196.0415
			    -475.7688
			    38.7721
			    -174.5779
			    141.7610
			    310.9208
			    -370.1340
			    -130.7610
			    -300.9208
			    379.1340


===========================================================================================
===========================================================================================
S7:
	q_c:    353.5000    175.0000    502.5000
	ub :    361.0000    204.0000    513.0000
	lb :    346.0000    146.0000    492.0000

	==================================================================================
	Q1:
		Shape: Ellipse
		q_c:    351.0000    172.0000    497.0000
		ub :    355.2600    176.8581    502.1325
		lb :    346.7400    167.1419    491.8675
		P^-1: 
			    0.1487    -0.0388    -0.0139
			    -0.0388    0.1528    -0.0915
			    -0.0139    -0.0915    0.1579
	==================================================================================
	Q2:
		Shape: Polyhedra
		q_c:    356.0000    177.5000    496.5000
		ub :    361.3832    182.5911    502.2442
		lb :    350.6168    172.4089    490.7558
		A:
			    -0.8359    0.3927    0.3836
			    0.6055    -0.1222    -0.7864
			    0.9986    0.0521    0.0130
			    -0.2717    -0.8342    0.4799
			    -0.2802    -0.6363    0.7188
			    0.5098    0.8581    -0.0614
			    0.5141    0.5297    0.6747
			    -0.7669    -0.0685    0.6381
			    0.3842    -0.8454    0.3710
			    -0.5141    -0.5297    -0.6747
			    0.7669    0.0685    -0.6381
			    -0.3842    0.8454    -0.3710
		b:
			    -34.7859
			    -193.8697
			    374.4696
			    -3.5396
			    146.9174
			    306.9962
			    616.4980
			    34.1649
			    173.9101
			    -607.4980
			    -29.1649
			    -167.9101
	==================================================================================
	Q3:
		Shape: Ellipse
		q_c:    352.5000    168.5000    499.5000
		ub :    356.3428    172.6890    503.8304
		lb :    348.6572    164.3110    495.1696
		P^-1: 
			    0.1834    -0.0505    -0.0466
			    -0.0505    0.1788    0.0085
			    -0.0466    0.0085    0.1589
	==================================================================================
	Q4:
		Shape: Polyhedra
		q_c:    346.0000    173.5000    503.5000
		ub :    348.6470    176.2849    506.0030
		lb :    343.3530    170.7151    500.9970
		A:
			    -0.3478    0.8177    0.4587
			    -0.7071    -0.4237    0.5661
			    0.7719    -0.4865    -0.4093
			    -0.1199    0.5875    0.8003
			    -0.5199    0.5069    0.6876
			    -0.6666    0.6682    0.3304
			    0.7935    0.5179    0.3197
			    -0.0372    0.5656    -0.8239
			    -0.6075    0.6418    0.4680
			    -0.7935    -0.5179    -0.3197
			    0.0372    -0.5656    0.8239
			    0.6075    -0.6418    -0.4680
		b:
			    253.6802
			    -31.2564
			    -22.2990
			    464.9064
			    255.3189
			    52.6775
			    527.8503
			    -328.0719
			    137.8209
			    -522.8503
			    331.0719
			    -135.8209
	==================================================================================
	Q5:
		Shape: Polyhedra
		q_c:    361.0000    171.0000    502.5000
		ub :    365.2343    173.6231    506.2308
		lb :    356.7657    168.3769    498.7692
		A:
			    0.0485    0.2948    -0.9543
			    -0.0858    -0.7870    0.6110
			    0.3414    0.5620    -0.7534
			    -0.2735    -0.3901    0.8792
			    0.1988    -0.7682    -0.6086
			    -0.7472    0.6393    0.1815
			    0.8443    0.1621    0.5108
			    -0.5231    0.0420    0.8512
			    0.1166    -0.9859    0.1202
			    -0.8443    -0.1621    -0.5108
			    0.5231    -0.0420    -0.8512
			    -0.1166    0.9859    -0.1202
		b:
			    -409.3250
			    143.4902
			    -157.2312
			    278.4094
			    -363.2492
			    -66.8289
			    592.6849
			    248.0913
			    -64.0947
			    -585.6849
			    -244.0913
			    68.0947
	==================================================================================
	Q6:
		Shape: Ellipse
		q_c:    360.0000    172.5000    502.5000
		ub :    363.3486    175.6314    506.3410
		lb :    356.6514    169.3686    498.6590
		P^-1: 
			    0.1648    0.0430    -0.0200
			    0.0430    0.3092    -0.1579
			    -0.0200    -0.1579    0.2415


===========================================================================================
===========================================================================================
S8:
	q_c:    328.0000    49.0000    347.5000
	ub :    356.0000    57.0000    378.0000
	lb :    300.0000    41.0000    317.0000

	==================================================================================
	Q1:
		Shape: Ellipse
		q_c:    325.0000    49.5000    349.0000
		ub :    329.3512    54.9897    354.0090
		lb :    320.6488    44.0103    343.9910
		P^-1: 
			    0.5510    0.2108    0.4240
			    0.2108    0.1541    0.1611
			    0.4240    0.1611    0.4259
	==================================================================================
	Q2:
		Shape: Polyhedra
		q_c:    330.0000    56.0000    346.0000
		ub :    333.5577    60.6129    349.0217
		lb :    326.4423    51.3871    342.9783
		A:
			    0.1003    0.0324    -0.9944
			    0.4398    0.5446    -0.7141
			    -0.1555    0.5692    0.8073
			    -0.8660    -0.2978    0.4016
			    -0.3690    -0.7081    0.6020
			    0.7548    0.1960    0.6260
			    0.8950    0.2257    0.3847
			    0.3290    -0.9165    -0.2276
			    0.3011    0.3303    -0.8946
			    -0.8950    -0.2257    -0.3847
			    -0.3290    0.9165    0.2276
			    -0.3011    -0.3303    0.8946
		b:
			    -307.4009
			    -69.7712
			    263.1212
			    -161.7040
			    48.9709
			    478.6386
			    443.0918
			    -17.5218
			    -190.1426
			    -439.0918
			    25.5218
			    193.1426
	==================================================================================
	Q3:
		Shape: Ellipse
		q_c:    329.0000    52.0000    355.0000
		ub :    335.3615    57.1580    360.7602
		lb :    322.6385    46.8420    349.2398
		P^-1: 
			    0.0664    0.0075    -0.0019
			    0.0075    0.0767    -0.0037
			    -0.0019    -0.0037    0.0634
	==================================================================================
	Q4:
		Shape: Polyhedra
		q_c:    322.0000    45.0000    355.5000
		ub :    325.5348    48.8167    359.3537
		lb :    318.4652    41.1833    351.6463
		A:
			    0.8270    -0.4220    -0.3714
			    -0.4335    -0.5416    -0.7202
			    0.6326    0.2550    0.7313
			    0.2053    -0.8363    -0.5083
			    -0.2714    -0.6779    -0.6832
			    0.4850    0.6782    -0.5522
			    0.0539    0.6509    0.7572
			    -0.1560    0.7545    -0.6375
			    -0.9863    -0.0838    0.1423
			    -0.0539    -0.6509    -0.7572
			    0.1560    -0.7545    0.6375
			    0.9863    0.0838    -0.1423
		b:
			    118.0659
			    -417.8084
			    477.6330
			    -150.0553
			    -358.7166
			    -6.6255
			    317.8401
			    -239.9250
			    -267.7798
			    -313.8401
			    245.9250
			    273.7798
	==================================================================================
	Q5:
		Shape: Polyhedra
		q_c:    327.0000    43.0000    352.0000
		ub :    331.1597    46.8160    356.1867
		lb :    322.8403    39.1840    347.8133
		A:
			    0.6954    -0.4408    -0.5675
			    -0.3668    -0.8371    0.4058
			    -0.0344    -0.3926    0.9191
			    0.6680    -0.5943    -0.4479
			    0.5275    0.6303    0.5696
			    -0.6824    0.7255    0.0896
			    0.5536    0.6095    0.5674
			    0.7143    0.0028    -0.6998
			    -0.4282    0.7927    -0.4339
			    -0.5536    -0.6095    -0.5674
			    -0.7143    -0.0028    0.6998
			    0.4282    -0.7927    0.4339
		b:
			    10.8122
			    -10.5993
			    297.7001
			    37.4479
			    403.0859
			    -158.0302
			    409.9739
			    -10.6459
			    -256.1394
			    -403.9739
			    14.6459
			    261.1394
	==================================================================================
	Q6:
		Shape: Ellipse
		q_c:    335.0000    52.0000    346.0000
		ub :    338.6554    56.4239    349.5445
		lb :    331.3446    47.5761    342.4555
		P^-1: 
			    0.1102    -0.0051    0.0009
			    -0.0051    0.0834    0.0047
			    0.0009    0.0047    0.1103


===========================================================================================
===========================================================================================
S9:
	q_c:    292.0000    227.0000    29.5000
	ub :    304.0000    237.0000    59.0000
	lb :    280.0000    217.0000    0.0000

	==================================================================================
	Q1:
		Shape: Polyhedra
		q_c:    289.5000    232.0000    36.0000
		ub :    294.9318    236.7641    42.3155
		lb :    284.0682    227.2359    29.6845
		A:
			    0.5961    -0.7204    0.3545
			    0.1134    0.9524    -0.2829
			    -0.7630    0.6462    0.0192
			    0.6606    0.7213    0.2081
			    0.8777    -0.2947    0.3779
			    -0.5019    0.7980    -0.3335
			    0.3340    0.5267    0.7817
			    -0.5778    0.7696    -0.2717
			    -0.7447    -0.3609    0.5614
			    -0.3340    -0.5267    -0.7817
			    0.5778    -0.7696    0.2717
			    0.7447    0.3609    -0.5614
		b:
			    19.2781
			    246.6994
			    -68.4031
			    370.5562
			    201.9139
			    28.9296
			    251.5248
			    2.4851
			    -274.6179
			    -242.5248
			    -0.4851
			    283.6179
	==================================================================================
	Q2:
		Shape: Hybrid
		q_c:    303.0000    225.0000    32.0000
		ub :    311.8461    233.4282    38.5862
		lb :    294.1539    216.5718    25.4138
		P^-1: 
			    0.0240    0.0092    -0.0012
			    0.0092    0.0438    -0.0037
			    -0.0012    -0.0037    0.0420
		A:
			    0.0457    -0.4182    0.9072
			    0.1292    0.8808    0.4555
			    -0.5221    -0.0358    0.8522
			    0.7053    0.5999    0.3777
			    -0.4786    -0.7534    -0.4509
			    0.7773    0.6275    -0.0453
		b:
			    -48.6433
			    254.6143
			    -135.8399
			    363.8185
			    -326.2924
			    378.2906
	==================================================================================
	Q3:
		Shape: Polyhedra
		q_c:    295.0000    227.0000    37.5000
		ub :    302.3588    233.7986    46.3179
		lb :    287.6412    220.2014    28.6821
		A:
			    0.6783    -0.7321    0.0620
			    -0.4460    0.8593    0.2503
			    -0.6832    0.7294    -0.0345
			    0.7467    0.5742    0.3359
			    -0.8415    0.5159    0.1603
			    0.8209    -0.5711    -0.0018
			    0.7232    0.4108    0.5552
			    -0.5846    0.7921    0.1756
			    -0.3676    -0.4515    0.8130
			    -0.7232    -0.4108    -0.5552
			    0.5846    -0.7921    -0.1756
			    0.3676    0.4515    -0.8130
		b:
			    38.6550
			    75.0143
			    -34.9235
			    368.3468
			    -122.3170
			    115.0692
			    332.4153
			    15.9250
			    -173.4593
			    -322.4153
			    -11.9250
			    187.4593
	==================================================================================
	Q4:
		Shape: Ellipse
		q_c:    288.5000    223.5000    39.0000
		ub :    293.0145    228.4763    42.6758
		lb :    283.9855    218.5237    35.3242
		P^-1: 
			    0.1545    0.0414    -0.1407
			    0.0414    0.0687    -0.0740
			    -0.1407    -0.0740    0.3522
	==================================================================================
	Q5:
		Shape: Ellipse
		q_c:    286.5000    216.5000    27.0000
		ub :    291.6297    221.8862    32.2526
		lb :    281.3703    211.1138    21.7474
		P^-1: 
			    0.1145    -0.0422    -0.0344
			    -0.0422    0.1208    -0.0319
			    -0.0344    -0.0319    0.1340
	==================================================================================
	Q6:
		Shape: Ellipse
		q_c:    286.0000    231.5000    22.5000
		ub :    292.6855    237.8099    28.9245
		lb :    279.3145    225.1901    16.0755
		P^-1: 
			    0.0574    -0.0086    0.0046
			    -0.0086    0.0442    -0.0017
			    0.0046    -0.0017    0.0339


===========================================================================================
===========================================================================================
S10:
	q_c:    394.0000    456.0000    100.0000
	ub :    416.0000    466.0000    115.0000
	lb :    372.0000    446.0000    85.0000

	==================================================================================
	Q1:
		Shape: Polyhedra
		q_c:    402.5000    459.0000    97.5000
		ub :    410.5232    466.8303    104.5923
		lb :    394.4768    451.1697    90.4077
		A:
			    -0.7500    0.5855    0.3076
			    0.8907    0.4525    -0.0437
			    -0.7963    -0.6037    0.0390
			    0.0613    -0.7474    -0.6615
			    -0.2815    -0.1294    -0.9508
			    0.9616    0.2732    0.0258
			    0.2796    0.6797    0.6781
			    0.5238    0.4839    -0.7010
			    -0.8047    0.5512    -0.2207
			    -0.2796    -0.6797    -0.6781
			    -0.5238    -0.4839    0.7010
			    0.8047    -0.5512    0.2207
		b:
			    2.0443
			    566.6998
			    -589.2315
			    -379.1331
			    -261.2604
			    519.8846
			    494.1409
			    369.5970
			    -86.8797
			    -487.1409
			    -359.5970
			    97.8797
	==================================================================================
	Q2:
		Shape: Ellipse
		q_c:    402.5000    462.5000    99.0000
		ub :    405.1715    464.1567    103.8312
		lb :    399.8285    460.8433    94.1688
		P^-1: 
			    0.4182    -0.0388    0.0957
			    -0.0388    0.9794    0.1327
			    0.0957    0.1327    0.0962
	==================================================================================
	Q3:
		Shape: Ellipse
		q_c:    399.5000    463.5000    100.5000
		ub :    406.8005    471.3272    107.6461
		lb :    392.1995    455.6728    93.3539
		P^-1: 
			    0.0691    -0.0167    -0.0170
			    -0.0167    0.0593    -0.0227
			    -0.0170    -0.0227    0.0585
	==================================================================================
	Q4:
		Shape: Ellipse
		q_c:    399.5000    446.5000    97.0000
		ub :    402.6847    452.3491    102.9389
		lb :    396.3153    440.6509    91.0611
		P^-1: 
			    0.3759    0.1256    0.0756
			    0.1256    0.1102    0.0355
			    0.0756    0.0355    0.0702
	==================================================================================
	Q5:
		Shape: Polyhedra
		q_c:    387.0000    447.0000    109.5000
		ub :    395.4646    455.1908    114.9309
		lb :    378.5354    438.8092    104.0691
		A:
			    -0.0500    -0.1863    0.9812
			    -0.6834    -0.0450    0.7286
			    -0.5783    -0.7198    0.3839
			    0.1043    0.7621    -0.6390
			    0.5229    0.7852    -0.3318
			    -0.0398    0.9913    0.1257
			    0.3797    0.7640    0.5216
			    0.2748    0.4452    -0.8522
			    -0.8834    0.4669    -0.0409
			    -0.3797    -0.7640    -0.5216
			    -0.2748    -0.4452    0.8522
			    0.8834    -0.4669    0.0409
		b:
			    8.1734
			    -200.4524
			    -499.6565
			    314.6562
			    520.9176
