3D_35_7_6_b                l = 3

===========================================================================================
===========================================================================================
S1:
	q_c:	333.0	491.0	439.0
	ub :	352.8017	509.5262	456.1276
	lb :	314.7776	470.8776	418.8503

	==================================================================================
	Q1:
		Shape: Polyhedra
		q_c:	325.5	484.5	445.5
		ub :	336.2224	494.4633	456.1276
		lb :	314.7776	474.5367	434.8724
		A:
			0.2352	-0.5406	-0.8077
			0.7189	-0.5636	-0.4068
			0.0979	0.8921	-0.4411
			-0.1657	0.9055	-0.3906
			-0.3097	-0.6904	-0.6538
			0.189	-0.7836	0.5919
			0.8436	0.465	0.2686
			0.1928	0.2045	-0.9597
			-0.5012	0.8614	0.0829
			-0.8436	-0.465	-0.2686
			-0.1928	-0.2045	0.9597
			0.5012	-0.8614	-0.0829
		b:
			-537.8975
			-214.0452
			274.6849
			217.3568
			-719.2977
			-47.3205
			627.0291
			-257.1828
			296.6308
			-612.0291
			274.1828
			-285.6308
	==================================================================================
	Q2:
		Shape: Polyhedra
		q_c:	341.0	500.5	438.0
		ub :	349.7658	509.4801	445.9848
		lb :	332.2342	491.5199	430.0152
		A:
			-0.5564	0.1578	0.8158
			-0.67	-0.1838	0.7193
			-0.5471	0.4872	0.6807
			0.1268	0.4998	-0.8568
			0.5808	0.5366	-0.6122
			0.7102	-0.2262	-0.6666
			0.6919	0.5575	0.4587
			-0.6455	0.1932	0.7389
			0.3233	-0.8074	0.4936
			-0.6919	-0.5575	-0.4587
			0.6455	-0.1932	-0.7389
			-0.3233	0.8074	-0.4936
		b:
			249.1698
			-2.0899
			358.5377
			-77.6764
			203.1349
			-160.422
			723.8981
			202.7203
			-72.6335
			-707.8981
			-197.7203
			82.6335
	==================================================================================
	Q3:
		Shape: Ellipse
		q_c:	331.0	504.0	435.0
		ub :	336.2978	509.5262	439.639
		lb :	325.7022	498.4738	430.361
		P^-1:
			0.0919	0.0227	0.0071
			0.0227	0.08	0.0055
			0.0071	0.0055	0.0642
	==================================================================================
	Q4:
		Shape: Hybrid
		q_c:	341.0	490.0	442.0
		ub :	351.728	499.9288	449.38
		lb :	330.272	480.0712	434.62
		P^-1:
			0.0217	-0.0001	-0.0048
			-0.0001	0.0204	0.0006
			-0.0048	0.0006	0.0387
		A:
			0.141	0.0899	-0.9859
			-0.8156	-0.0854	0.5722
			-0.0193	-0.7196	-0.6941
			0.4541	0.2734	-0.848
			0.4143	0.6286	-0.6582
			-0.8401	-0.0813	0.5363
		b:
			-341.0589
			-63.5876
			-662.3433
			-83.1846
			161.8611
			-85.7045
	==================================================================================
	Q5:
		Shape: Ellipse
		q_c:	324.5	500.5	430.5
		ub :	330.1312	507.8585	436.7922
		lb :	318.8688	493.1415	424.2078
		P^-1:
			0.1225	-0.037	0.0255
			-0.037	0.0472	-0.0347
			0.0255	-0.0347	0.0956
	==================================================================================
	Q6:
		Shape: Polyhedra
		q_c:	344.5	478.0	427.0
		ub :	352.8017	485.1224	435.1497
		lb :	336.1983	470.8776	418.8503
		A:
			0.5552	0.7632	-0.3306
			-0.3418	-0.9385	-0.048
			-0.7204	0.3326	0.6086
			0.256	0.0544	0.9651
			0.8852	-0.2766	0.3742
			0.4378	-0.8981	-0.0424
			0.4711	0.678	0.5642
			0.7213	0.0721	-0.6889
			-0.5077	0.7315	-0.4551
			-0.4711	-0.678	-0.5642
			-0.7213	-0.0721	0.6889
			0.5077	-0.7315	0.4551
		b:
			419.6265
			-582.5211
			175.705
			530.9685
			337.9675
			-291.0131
			730.8129
			-6.2205
			-13.5768
			-723.8129
			16.2205
			25.5768


===========================================================================================
===========================================================================================
S2:
	q_c:	37.5	289.0	9.0
	ub :	47.4864	299.9338	18.9146
	lb :	28.1468	278.1615	1.3303

	==================================================================================
	Q1:
		Shape: Ellipse
		q_c:	36.5	293.0	14.5
		ub :	40.5366	297.4136	18.2489
		lb :	32.4634	288.5864	10.7511
		P^-1:
			0.113	-0.0034	-0.0088
			-0.0034	0.1172	0.0158
			-0.0088	0.0158	0.152
	==================================================================================
	Q2:
		Shape: Ellipse
		q_c:	37.5	287.0	5.5
		ub :	42.7219	292.0776	9.4956
		lb :	32.2781	281.9224	1.5044
		P^-1:
			0.0952	0.0146	-0.0013
			0.0146	0.0977	0.0012
			-0.0013	0.0012	0.111
	==================================================================================
	Q3:
		Shape: Ellipse
		q_c:	41.0	296.0	11.0
		ub :	45.035	299.9338	15.1534
		lb :	36.965	292.0662	6.8466
		P^-1:
			0.1981	-0.0503	-0.0198
			-0.0503	0.1552	0.0394
			-0.0198	0.0394	0.1678
	==================================================================================
	Q4:
		Shape: Ellipse
		q_c:	36.0	293.5	11.0
		ub :	38.5022	297.4371	14.0494
		lb :	33.4978	289.5629	7.9506
		P^-1:
			0.286	0.0225	0.0722
			0.0225	0.1041	0.0826
			0.0722	0.0826	0.386
	==================================================================================
	Q5:
		Shape: Hybrid
		q_c:	33.0	289.0	6.5
		ub :	37.8532	291.5218	11.6697
		lb :	28.1468	286.4782	1.3303
		P^-1:
			0.4176	0.988	-0.4284
			0.988	3.1738	-1.2498
			-0.4284	-1.2498	0.5691
		A:
			-0.2264	-0.9388	0.2598
			0.259	0.8754	-0.4082
			0.0745	0.9305	-0.3585
			0.1683	0.9384	-0.3018
			0.11	0.908	-0.4043
			-0.384	-0.7993	0.4622
		b:
			-276.673
			259.1939
			269.68
			275.1905
			264.0021
			-240.1954
	==================================================================================
	Q6:
		Shape: Ellipse
		q_c:	41.0	283.0	12.5
		ub :	47.4864	287.8385	18.9146
		lb :	34.5136	278.1615	6.0854
		P^-1:
			0.0683	0.0323	0.0092
			0.0323	0.1278	0.0384
			0.0092	0.0384	0.0758


===========================================================================================
===========================================================================================
S3:
	q_c:	428.0	485.0	235.5
	ub :	446.6754	505.1394	255.9898
	lb :	411.5715	472.3667	221.7921

	==================================================================================
	Q1:
		Shape: Ellipse
		q_c:	431.5	483.0	240.5
		ub :	442.7319	493.2122	250.9436
		lb :	420.2681	472.7878	230.0564
		P^-1:
			0.0211	0.0005	0.0012
			0.0005	0.0208	0.0009
			0.0012	0.0009	0.0226
	==================================================================================
	Q2:
		Shape: Hybrid
		q_c:	433.0	489.5	241.5
		ub :	441.3306	497.1928	246.9005
		lb :	424.6694	481.8072	236.0995
		P^-1:
			0.0728	0.0713	0.0544
			0.0713	0.1187	0.0819
			0.0544	0.0819	0.1283
		A:
			0.2318	0.0784	0.9696
			-0.4295	-0.3498	-0.8326
			-0.0681	-0.5736	-0.8163
			0.2154	-0.0735	-0.9738
			-0.7149	-0.6389	-0.2841
			0.7733	0.6326	0.0426
		b:
			375.3828
			-556.6251
			-505.4837
			-174.9727
			-689.1273
			657.1852
	==================================================================================
	Q3:
		Shape: Ellipse
		q_c:	430.5	475.5	247.0
		ub :	434.0553	478.6333	250.9871
		lb :	426.9447	472.3667	243.0129
		P^-1:
			0.3195	0.0	-0.1713
			0.0	0.1579	-0.017
			-0.1713	-0.017	0.2087
	==================================================================================
	Q4:
		Shape: Ellipse
		q_c:	435.5	483.0	245.0
		ub :	446.6754	491.0334	255.9898
		lb :	424.3246	474.9666	234.0102
		P^-1:
			0.025	-0.0113	0.004
			-0.0113	0.0387	-0.0098
			0.004	-0.0098	0.0239
	==================================================================================
	Q5:
		Shape: Polyhedra
		q_c:	424.5	486.0	228.0
		ub :	430.0614	492.7372	233.3485
		lb :	418.9386	479.2628	222.6515
		A:
			-0.7101	-0.3845	-0.5898
			0.3846	0.3532	0.8528
			0.658	0.2636	0.7054
			-0.2007	-0.0801	-0.9764
			-0.5319	-0.3189	-0.7845
			0.6103	0.3256	0.7221
			0.6427	0.3936	0.6573
			0.2937	-0.919	0.2632
			0.7076	0.0239	-0.7062
			-0.6427	-0.3936	-0.6573
			-0.2937	0.919	-0.2632
			-0.7076	-0.0239	0.7062
		b:
			-622.1352
			530.9023
			569.3206
			-343.6969
			-558.6144
			582.7503
			614.4655
			-254.9595
			155.5094
			-613.4655
			268.9595
			-146.5094
	==================================================================================
	Q6:
		Shape: Ellipse
		q_c:	418.5	497.5	226.0
		ub :	425.4285	505.1394	230.2079
		lb :	411.5715	489.8606	221.7921
		P^-1:
			1.069	-0.3526	-1.7064
			-0.3526	0.1531	0.5808
			-1.7064	0.5808	2.8441


===========================================================================================
===========================================================================================
S4:
	q_c:	506.0	458.0	32.5
	ub :	528.2785	481.8267	62.2179
	lb :	485.2941	432.5442	10.7383

	==================================================================================
	Q1:
		Shape: Ellipse
		q_c:	509.0	446.0	34.5
		ub :	516.4825	453.8348	40.0373
		lb :	501.5175	438.1652	28.9627
		P^-1:
			0.0404	0.0007	0.0027
			0.0007	0.0414	0.0055
			0.0027	0.0055	0.0607
	==================================================================================
	Q2:
		Shape: Hybrid
		q_c:	518.5	462.0	40.0
		ub :	528.2785	470.1485	49.7138
		lb :	508.7215	453.8515	30.2862
		P^-1:
			0.0293	-0.0037	0.0057
			-0.0037	0.0373	-0.0012
			0.0057	-0.0012	0.0301
		A:
			0.7779	-0.2411	0.5803
			0.3307	0.9427	0.0435
			-0.1164	-0.3533	-0.9282
			0.7131	0.5424	0.4442
			0.5758	0.609	0.5455
			-0.4119	-0.8728	0.2618
		b:
			317.9246
			611.7452
			-257.5001
			641.2086
			604.7639
			-603.1159
	==================================================================================
	Q3:
		Shape: Polyhedra
		q_c:	498.5	469.5	49.5
		ub :	509.7778	478.8132	62.2179
		lb :	487.2222	460.1868	36.7821
		A:
			0.6142	-0.789	-0.0169
			0.2981	-0.8482	-0.4378
			0.7889	-0.5954	0.1522
			-0.4746	0.7979	-0.3716
			-0.8235	0.562	0.0778
			-0.5913	0.6969	-0.4058
			0.5011	0.6	0.6236
			0.6263	0.2459	-0.7398
			-0.5973	0.7612	-0.2526
			-0.5011	-0.6	-0.6236
			-0.6263	-0.2459	0.7398
			0.5973	-0.7612	0.2526
		b:
			-61.9903
			-264.6182
			124.2879
			122.1214
			-138.6743
			14.8708
			571.8589
			399.5387
			49.1589
			-552.8589
			-382.5387
			-45.1589
	==================================================================================
	Q4:
		Shape: Hybrid
		q_c:	501.5	449.0	27.0
		ub :	517.7059	465.4558	39.2729
		lb :	485.2941	432.5442	14.7271
		P^-1:
			0.0116	0.0036	-0.005
			0.0036	0.0121	-0.0052
			-0.005	-0.0052	0.0173
		A:
			-0.4429	-0.7473	0.4953
			-0.9502	0.2976	-0.0923
			-0.9792	-0.1917	0.0667
			-0.9473	-0.1822	0.2636
			-0.451	0.3729	0.8109
			0.8964	0.422	0.1356
		b:
			-540.3777
			-337.9111
			-569.0426
			-544.0881
			-30.8581
			649.1526
	==================================================================================
	Q5:
		Shape: Ellipse
		q_c:	499.0	471.0	36.5
		ub :	509.689	481.8267	48.836
		lb :	488.311	460.1733	24.164
		P^-1:
			0.0537	0.0352	0.0337
			0.0352	0.0423	0.0287
			0.0337	0.0287	0.0398
	==================================================================================
	Q6:
		Shape: Hybrid
		q_c:	511.0	458.5	17.0
		ub :	519.46	466.7556	23.2617
		lb :	502.54	450.2444	10.7383
		P^-1:
			0.0346	0.0188	-0.0105
			0.0188	0.0561	-0.0169
			-0.0105	-0.0169	0.0546
		A:
			-0.1885	0.9266	-0.3253
			0.2266	0.9308	-0.287
			-0.8761	-0.2192	0.4294
			-0.3866	-0.9215	0.037
			-0.2419	-0.9317	-0.2709
			-0.8032	0.1159	0.5844
		b:
			326.193
			539.8633
			-537.6749
			-617.1104
			-552.4948
			-343.6277


===========================================================================================
===========================================================================================
S5:
	q_c:	168.5	208.0	94.0
	ub :	181.7495	236.6978	118.6692
	lb :	145.3781	190.1524	69.8895

	==================================================================================
	Q1:
		Shape: Hybrid
		q_c:	157.0	220.0	108.0
		ub :	168.6219	231.1094	118.6692
		lb :	145.3781	208.8906	97.3308
		P^-1:
			0.0261	0.0045	0.0081
			0.0045	0.0175	0.0035
			0.0081	0.0035	0.0173
		A:
			0.7059	0.3868	0.5933
			0.4261	0.3388	0.8388
			0.3766	0.0748	-0.9233
			-0.6	0.793	0.1058
			-0.6023	0.5793	-0.5492
			-0.7121	-0.3005	-0.6346
		b:
			262.8444
			235.7757
			-17.9296
			96.9255
			-21.7245
			-243.546
	==================================================================================
	Q2:
		Shape: Ellipse
		q_c:	172.0	225.5	98.5
		ub :	181.7495	236.6978	107.5449
		lb :	162.2505	214.3022	89.4551
		P^-1:
			0.0261	0.0062	-0.0133
			0.0062	0.0398	-0.0324
			-0.0133	-0.0324	0.0505
	==================================================================================
	Q3:
		Shape: Hybrid
		q_c:	163.0	202.5	95.5
		ub :	174.4958	214.8476	105.1619
		lb :	151.5042	190.1524	85.8381
		P^-1:
			0.0175	-0.001	-0.0018
			-0.001	0.0153	-0.0026
			-0.0018	-0.0026	0.0225
		A:
			0.3947	-0.9163	-0.0678
			0.7471	-0.1043	0.6565
			0.2891	-0.8688	0.402
			0.397	0.1731	0.9013
			0.0426	-0.3956	0.9174
			0.9618	0.1947	0.1926
		b:
			-123.0182
			167.5781
			-86.1691
			190.0324
			17.7877
			219.2195
	==================================================================================
	Q4:
		Shape: Ellipse
		q_c:	156.0	201.0	93.0
		ub :	162.0253	209.803	101.8867
		lb :	149.9747	192.197	84.1133
		P^-1:
			0.0589	0.0031	-0.0078
			0.0031	0.0304	-0.0093
			-0.0078	-0.0093	0.0369
	==================================================================================
	Q5:
		Shape: Polyhedra
		q_c:	165.5	212.0	96.0
		ub :	177.3426	222.5393	107.519
		lb :	153.6574	201.4607	84.481
		A:
			-0.6765	-0.0714	0.733
			0.436	0.8991	0.04
			0.1477	-0.1399	-0.9791
			-0.1734	0.9752	0.1374
			0.9911	0.0136	0.1327
			0.1355	-0.7619	0.6334
			0.3512	0.0328	0.9357
			-0.5396	0.8239	0.1736
			-0.7652	-0.5658	0.307
			-0.3512	-0.0328	-0.9357
			0.5396	-0.8239	-0.1736
			0.7652	0.5658	-0.307
		b:
			-49.895
			273.1086
			-90.5598
			199.7952
			186.8203
			-70.1755
			163.9055
			111.0256
			-212.1297
			-145.9055
			-93.0256
			222.1297
	==================================================================================
	Q6:
		Shape: Hybrid
		q_c:	163.0	214.5	80.0
		ub :	175.9973	227.3556	90.1105
		lb :	150.0027	201.6444	69.8895
		P^-1:
			0.0182	0.0075	-0.0057
			0.0075	0.0199	-0.0096
			-0.0057	-0.0096	0.0308
		A:
			0.8871	-0.0448	0.4593
			0.0589	-0.7607	-0.6465
			0.1574	-0.0291	-0.9871
			0.7556	0.1303	-0.6419
			0.9377	0.275	0.2123
			0.1855	0.9813	-0.0511
		b:
			177.3353
			-199.2296
			-55.8156
			103.7773
			233.8846
			241.6909


===========================================================================================
===========================================================================================
S6:
	q_c:	378.5	110.0	12.0
	ub :	395.5057	126.1968	26.5419
	lb :	364.0032	97.1464	-3.3862

	==================================================================================
	Q1:
		Shape: Ellipse
		q_c:	374.5	117.5	18.0
		ub :	384.9968	126.1968	25.7259
		lb :	364.0032	108.8032	10.2741
		P^-1:
			0.0177	0.0044	-0.0008
			0.0044	0.0259	0.0006
			-0.0008	0.0006	0.0236
	==================================================================================
	Q2:
		Shape: Hybrid
		q_c:	383.5	108.0	13.0
		ub :	388.056	111.9585	17.1968
		lb :	378.944	104.0415	8.8032
		P^-1:
			0.1647	-0.0542	0.0405
			-0.0542	0.1659	-0.0409
			0.0405	-0.0409	0.1416
		A:
			-0.0486	0.6214	0.782
			-0.6391	0.2149	-0.7385
			0.0837	0.4502	-0.889
			-0.513	0.7793	0.3599
			-0.8617	0.1689	-0.4784
			0.1907	0.9743	-0.1197
		b:
			60.6244
			-230.2021
			70.811
			-106.273
			-317.1633
			178.532
	==================================================================================
	Q3:
		Shape: Ellipse
		q_c:	375.5	122.0	3.5
		ub :	382.1516	125.8395	10.3862
		lb :	368.8484	118.1605	-3.3862
		P^-1:
			0.0974	-0.0148	0.0603
			-0.0148	0.1214	-0.0134
			0.0603	-0.0134	0.0801
	==================================================================================
	Q4:
		Shape: Ellipse
		q_c:	372.5	116.5	20.5
		ub :	376.9003	121.7611	26.5419
		lb :	368.0997	111.2389	14.4581
		P^-1:
			0.0631	-0.0063	-0.005
			-0.0063	0.1275	0.0548
			-0.005	0.0548	0.0649
	==================================================================================
	Q5:
		Shape: Ellipse
		q_c:	390.0	101.0	3.5
		ub :	395.5057	104.8536	8.19
		lb :	384.4943	97.1464	-1.19
		P^-1:
			0.1051	-0.0666	-0.0308
			-0.0666	0.2113	-0.0426
			-0.0308	-0.0426	0.1429
	==================================================================================
	Q6:
		Shape: Polyhedra
		q_c:	370.0	118.0	12.0
		ub :	375.5831	122.7111	17.2459
		lb :	364.4169	113.2889	6.7541
		A:
			0.9814	-0.0885	0.1701
			0.5415	-0.4733	0.6948
			0.3539	-0.27	0.8955
			-0.6148	0.7879	-0.0342
			-0.1427	0.9338	-0.3282
			-0.0485	0.9564	-0.2881
			0.4166	0.5648	0.7124
			0.7492	0.2305	-0.6209
			-0.5149	0.7924	-0.3271
			-0.4166	-0.5648	-0.7124
			-0.7492	-0.2305	0.6209
			0.5149	-0.7924	0.3271
		b:
			358.0431
			155.77
			112.773
			-131.8412
			56.5414
			94.5411
			231.8339
			300.9629
			-97.9308
			-226.8339
			-292.9629
			103.9308


===========================================================================================
===========================================================================================
S7:
	q_c:	95.0	160.5	500.0
	ub :	99.6644	163.5801	504.715
	lb :	91.1101	156.8841	495.4967

	==================================================================================
	Q1:
		Shape: Hybrid
		q_c:	95.5	160.5	500.5
		ub :	97.2773	162.3641	502.3813
		lb :	93.7227	158.6359	498.6187
		P^-1:
			0.4514	0.0345	-0.0511
			0.0345	0.6159	-0.2543
			-0.0511	-0.2543	0.8216
		A:
			0.249	-0.6921	0.6775
			-0.4747	0.6379	-0.6064
			0.7967	0.521	0.3063
			0.7886	-0.538	-0.2978
			-0.1796	0.4027	-0.8975
			0.7664	0.6191	-0.1713
		b:
			252.385
			-245.726
			313.9902
			-159.101
			-401.1509
			87.6689
	==================================================================================
	Q2:
		Shape: Polyhedra
		q_c:	97.0	159.0	501.5
		ub :	98.8394	161.1159	503.551
		lb :	95.1606	156.8841	499.449
		A:
			0.8567	-0.1061	0.5048
			-0.1719	0.614	0.7704
			-0.2377	0.8446	-0.4798
			0.2295	-0.1476	-0.962
			0.7993	0.3358	0.4983
			-0.2412	-0.0201	0.9703
			0.3857	0.4899	0.7818
			0.0477	0.8356	-0.5472
			-0.9214	0.2484	0.2989
			-0.3857	-0.4899	-0.7818
			-0.0477	-0.8356	0.5472
			0.9214	-0.2484	-0.2989
		b:
			320.6839
			468.4717
			-127.8826
			-482.4178
			381.9653
			461.3002
			508.3838
			-135.42
			101.5341
			-506.3838
			138.42
			-98.5341
	==================================================================================
	Q3:
		Shape: Ellipse
		q_c:	94.0	161.5	503.0
		ub :	95.5162	163.0167	504.715
		lb :	92.4838	159.9833	501.285
		P^-1:
			1.0	0.0	0.0
			0.0	1.0	0.0
			0.0	0.0	1.0
	==================================================================================
	Q4:
		Shape: Polyhedra
		q_c:	95.0	160.0	500.0
		ub :	96.9615	161.5624	501.8145
		lb :	93.0385	158.4376	498.1855
		A:
			-0.4452	0.7125	0.5424
			-0.9784	0.1218	-0.1668
			0.9204	0.1808	-0.3467
			-0.5036	-0.4889	0.7123
			0.7716	-0.4667	0.4322
			-0.1319	0.4607	0.8777
			0.7299	0.2686	0.6285
			-0.5809	-0.2407	0.7775
			0.3602	-0.9327	-0.0196
			-0.7299	-0.2686	-0.6285
			0.5809	0.2407	-0.7775
			-0.3602	0.9327	0.0196
		b:
			344.0527
			-155.7607
			-55.6026
			231.5494
			215.738
			501.265
			427.5875
			296.5721
			-123.8221
			-425.5875
			-293.5721
			125.8221
	==================================================================================
	Q5:
		Shape: Hybrid
		q_c:	97.5	160.0	498.0
		ub :	99.6644	162.4261	500.5033
		lb :	95.3356	157.5739	495.4967
		P^-1:
			0.4437	0.0113	-0.003
			0.0113	0.2637	0.0485
			-0.003	0.0485	0.4314
		A:
			0.1239	-0.4245	-0.8969
			-0.2647	0.3102	0.9131
			0.0814	0.703	0.7065
			0.2234	-0.743	-0.6309
			0.901	0.236	-0.3639
			0.625	0.7806	0.0075
		b:
			-501.73
			479.2909
			473.1465
			-410.3556
			-54.8198
			190.591
	==================================================================================
	Q6:
		Shape: Ellipse
		q_c:	93.0	162.0	499.0
		ub :	94.8899	163.5801	500.7543
		lb :	91.1101	160.4199	497.2457
		P^-1:
			0.5113	0.0778	0.1631
			0.0778	0.9876	-0.026
			0.1631	-0.026	0.9456


===========================================================================================
===========================================================================================
