3D_30_20_6_a                l = 3

===========================================================================================
===========================================================================================
S1:
	q_c:    252.0000    23.0000    303.0000
	ub :    268.0000    46.0000    316.0000
	lb :    236.0000    0.0000    290.0000

	==================================================================================
	Q1:
		Shape: Hybrid
		q_c:    254.5000    26.0000    312.5000
		ub :    259.2138    30.3261    316.8792
		lb :    249.7862    21.6739    308.1208
		P^-1: 
			    0.1345    -0.0199    0.0201
			    -0.0199    0.0901    -0.0137
			    0.0201    -0.0137    0.1281
		A:
			    -0.2658    0.3542    -0.8966
			    -0.8394    0.4771    -0.2602
			    0.1374    -0.9821    -0.1289
			    0.4510    0.0920    0.8878
			    0.0848    0.2154    -0.9728
			    0.9122    0.3446    -0.2216
		b:
			    -337.2134
			    -281.2011
			    -28.7422
			    396.0867
			    -275.2453
			    173.7189
	==================================================================================
	Q2:
		Shape: Polyhedra
		q_c:    244.5000    14.5000    301.0000
		ub :    251.4509    19.6080    307.8565
		lb :    237.5491    9.3920    294.1435
		A:
			    0.4937    -0.8564    -0.1511
			    -0.7246    0.4992    0.4751
			    -0.1916    0.9305    0.3122
			    0.2344    0.9541    0.1867
			    0.2216    0.0499    0.9739
			    -0.6030    0.5812    0.5465
			    0.7880    0.1754    0.5902
			    -0.1875    -0.8447    0.5014
			    0.5865    -0.5057    -0.6327
			    -0.7880    -0.1754    -0.5902
			    0.1875    0.8447    -0.5014
			    -0.5865    0.5057    0.6327
		b:
			    65.5215
			    -24.5767
			    63.5270
			    131.4383
			    353.2629
			    27.5369
			    379.3534
			    96.3197
			    -52.3725
			    -366.3534
			    -89.3197
			    56.3725
	==================================================================================
	Q3:
		Shape: Polyhedra
		q_c:    244.5000    18.0000    302.5000
		ub :    249.8030    23.8374    308.4851
		lb :    239.1970    12.1626    296.5149
		A:
			    0.1471    -0.8034    0.5770
			    0.5443    -0.4444    -0.7116
			    0.7878    -0.2902    -0.5433
			    0.1610    0.9255    0.3428
			    0.0206    0.2706    -0.9625
			    0.9240    0.3820    -0.0186
			    0.0163    0.9504    0.3107
			    0.2070    0.3008    -0.9310
			    -0.9782    0.0794    -0.1918
			    -0.0163    -0.9504    -0.3107
			    -0.2070    -0.3008    0.9310
			    0.9782    -0.0794    0.1918
		b:
			    200.2543
			    -85.8760
			    27.3984
			    164.2236
			    -277.2261
			    231.6227
			    119.5728
			    -221.5972
			    -291.2611
			    -110.5728
			    229.5972
			    300.2611
	==================================================================================
	Q4:
		Shape: Ellipse
		q_c:    250.0000    22.5000    299.5000
		ub :    254.1022    26.1580    302.9517
		lb :    245.8978    18.8420    296.0483
		P^-1: 
			    0.1300    0.0492    0.0599
			    0.0492    0.2982    -0.1180
			    0.0599    -0.1180    0.3478
	==================================================================================
	Q5:
		Shape: Polyhedra
		q_c:    239.5000    29.5000    308.0000
		ub :    244.5783    33.8611    312.3211
		lb :    234.4217    25.1389    303.6789
		A:
			    0.6824    0.6990    0.2137
			    -0.5467    -0.8242    -0.1477
			    0.9329    -0.3582    0.0381
			    -0.6277    0.4216    0.6544
			    0.1660    -0.6866    0.7078
			    0.0723    0.9734    -0.2176
			    0.7068    0.3141    0.6339
			    -0.6082    -0.1880    0.7712
			    0.3614    -0.9306    0.0581
			    -0.7068    -0.3141    -0.6339
			    0.6082    0.1880    -0.7712
			    -0.3614    0.9306    -0.0581
		b:
			    253.1815
			    -197.5135
			    227.6616
			    66.3596
			    240.4207
			    -18.0337
			    377.2829
			    88.8244
			    79.9996
			    -370.2829
			    -83.8244
			    -73.9996
	==================================================================================
	Q6:
		Shape: Ellipse
		q_c:    254.5000    31.0000    304.5000
		ub :    260.4456    36.6418    310.6162
		lb :    248.5544    25.3582    298.3838
		P^-1: 
			    0.1090    0.0305    0.0468
			    0.0305    0.0544    0.0242
			    0.0468    0.0242    0.0861


===========================================================================================
===========================================================================================
S2:
	q_c:    180.0000    307.0000    298.5000
	ub :    185.0000    325.0000    317.0000
	lb :    175.0000    289.0000    280.0000

	==================================================================================
	Q1:
		Shape: Hybrid
		q_c:    182.5000    310.0000    303.0000
		ub :    185.2494    312.8129    305.7571
		lb :    179.7506    307.1871    300.2429
		P^-1: 
			    0.3503    0.0118    0.0984
			    0.0118    0.1626    -0.0095
			    0.0984    -0.0095    0.3415
		A:
			    -0.8312    -0.5408    -0.1293
			    0.9410    -0.0962    -0.3246
			    0.4726    -0.7623    0.4422
			    0.5331    -0.5260    0.6627
			    -0.9799    0.0803    -0.1828
			    0.5051    -0.5800    -0.6391
		b:
			    -357.3600
			    44.7695
			    -14.7049
			    136.1212
			    -208.3891
			    -279.7625
	==================================================================================
	Q2:
		Shape: Ellipse
		q_c:    181.0000    311.5000    298.0000
		ub :    184.0666    314.2279    301.8816
		lb :    177.9334    308.7721    294.1184
		P^-1: 
			    0.3254    -0.0981    0.0347
			    -0.0981    0.3622    0.0073
			    0.0347    0.0073    0.0885
	==================================================================================
	Q3:
		Shape: Polyhedra
		q_c:    180.0000    310.5000    295.5000
		ub :    182.9040    314.9580    299.8876
		lb :    177.0960    306.0420    291.1124
		A:
			    -0.5539    0.6384    0.5345
			    0.5731    -0.2901    -0.7665
			    -0.6324    0.3911    0.6687
			    0.6907    0.0683    -0.7199
			    -0.4792    0.1861    -0.8578
			    0.5197    -0.6608    -0.5415
			    0.6310    0.3692    0.6823
			    0.0680    0.8498    -0.5227
			    -0.7728    0.3763    0.5111
			    -0.6310    -0.3692    -0.6823
			    -0.0680    -0.8498    0.5227
			    0.7728    -0.3763    -0.5111
		b:
			    257.8990
			    -211.9798
			    206.3693
			    -65.2927
			    -278.7534
			    -270.1219
			    432.8326
			    125.1307
			    129.7649
			    -426.8326
			    -118.1307
			    -127.7649
	==================================================================================
	Q4:
		Shape: Polyhedra
		q_c:    185.0000    306.0000    296.5000
		ub :    189.6894    309.4602    301.5462
		lb :    180.3106    302.5398    291.4538
		A:
			    -0.8173    -0.5748    -0.0404
			    -0.2921    0.9262    0.2383
			    0.5938    0.7204    0.3584
			    0.3061    0.9129    -0.2699
			    -0.1719    0.9686    -0.1798
			    0.8360    0.4441    0.3222
			    0.3213    0.9160    0.2404
			    0.8789    -0.3829    0.2844
			    0.3525    0.1199    -0.9281
			    -0.3213    -0.9160    -0.2404
			    -0.8789    0.3829    -0.2844
			    -0.3525    -0.1199    0.9281
		b:
			    -336.4982
			    302.5010
			    438.7072
			    258.5629
			    213.7658
			    388.5876
			    412.9912
			    132.7431
			    -169.2807
			    -408.9912
			    -126.7431
			    177.2807
	==================================================================================
	Q5:
		Shape: Hybrid
		q_c:    184.0000    303.5000    303.5000
		ub :    187.1229    306.3502    306.6385
		lb :    180.8771    300.6498    300.3615
		P^-1: 
			    0.2639    0.0394    -0.0309
			    0.0394    0.3619    -0.0877
			    -0.0309    -0.0877    0.3186
		A:
			    0.0724    0.4798    -0.8744
			    -0.0185    -0.4501    0.8928
			    0.3555    0.9034    0.2397
			    0.2112    -0.6523    0.7279
			    0.0117    -0.4409    -0.8975
			    -0.4157    -0.1856    0.8904
		b:
			    -105.5734
			    131.8372
			    413.4129
			    62.6917
			    -402.8126
			    138.3895
	==================================================================================
	Q6:
		Shape: Hybrid
		q_c:    184.5000    309.5000    294.5000
		ub :    186.8498    312.4994    298.0375
		lb :    182.1502    306.5006    290.9625
		P^-1: 
			    0.4250    0.0369    0.0689
			    0.0369    0.3745    -0.1306
			    0.0689    -0.1306    0.2005
		A:
			    0.0290    0.7835    -0.6207
			    0.7361    -0.1534    0.6593
			    -0.6425    0.6586    -0.3918
			    -0.9311    0.2756    0.2390
			    -0.9767    0.2068    0.0572
			    -0.9830    0.1622    -0.0858
		b:
			    65.8543
			    283.4673
			    -29.3191
			    -14.7819
			    -98.3220
			    -155.5729


===========================================================================================
===========================================================================================
S3:
	q_c:    113.0000    20.0000    224.5000
	ub :    130.0000    35.0000    243.0000
	lb :    96.0000    5.0000    206.0000

	==================================================================================
	Q1:
		Shape: Hybrid
		q_c:    109.5000    5.5000    212.0000
		ub :    117.5089    14.7671    220.1116
		lb :    101.4911    -3.7671    203.8884
		P^-1: 
			    0.0326    -0.0002    -0.0042
			    -0.0002    0.0354    -0.0120
			    -0.0042    -0.0120    0.0381
		A:
			    0.3998    -0.8463    -0.3519
			    -0.5077    -0.3034    -0.8064
			    0.2314    -0.9377    -0.2591
			    0.5460    0.6766    -0.4941
			    -0.4487    -0.4521    0.7709
			    -0.1641    -0.1529    -0.9745
		b:
			    -31.7792
			    -224.2162
			    -31.0523
			    -38.6806
			    114.1815
			    -221.7956
	==================================================================================
	Q2:
		Shape: Hybrid
		q_c:    114.0000    6.5000    216.5000
		ub :    118.3760    10.1651    222.3419
		lb :    109.6240    2.8349    210.6581
		P^-1: 
			    1.5623    -1.8925    0.0535
			    -1.8925    2.5240    -0.1213
			    0.0535    -0.1213    0.0648
		A:
			    -0.5241    0.8254    -0.2098
			    0.7688    -0.6392    0.0193
			    -0.4604    -0.8653    0.1981
			    0.6058    -0.7900    0.0938
			    0.7936    -0.6049    -0.0650
			    -0.5867    0.7952    0.1530
		b:
			    -99.1908
			    88.3405
			    -12.4283
			    84.5527
			    73.2003
			    -27.8300
	==================================================================================
	Q3:
		Shape: Hybrid
		q_c:    103.0000    22.5000    229.0000
		ub :    108.7106    29.7751    237.2191
		lb :    97.2894    15.2249    220.7809
		P^-1: 
			    0.2664    -0.2017    -0.0430
			    -0.2017    0.1975    0.0379
			    -0.0430    0.0379    0.0321
		A:
			    -0.1003    0.6212    -0.7772
			    -0.7557    0.6545    -0.0255
			    0.6743    -0.7361    -0.0585
			    -0.5662    -0.7704    0.2930
			    0.9185    -0.2038    -0.3388
			    0.8215    0.1308    0.5550
		b:
			    -169.0123
			    -67.8694
			    40.5021
			    -3.1244
			    15.0249
			    219.3577
	==================================================================================
	Q4:
		Shape: Polyhedra
		q_c:    127.5000    9.0000    225.0000
		ub :    135.3192    15.4245    233.1110
		lb :    119.6808    2.5755    216.8890
		A:
			    0.7824    0.6086    0.1321
			    -0.3054    0.5336    0.7887
			    -0.2281    0.9242    0.3064
			    -0.4806    0.8767    0.0228
			    0.0029    0.4303    0.9027
			    0.2161    0.4077    0.8872
			    0.7416    0.1376    0.6566
			    -0.5669    -0.3948    0.7230
			    0.3587    -0.9084    -0.2148
			    -0.7416    -0.1376    -0.6566
			    0.5669    0.3948    -0.7230
			    -0.3587    0.9084    0.2148
		b:
			    139.9576
			    148.0746
			    51.6713
			    -44.7428
			    211.9085
			    234.9567
			    247.0221
			    93.8509
			    -7.2774
			    -240.0221
			    -79.8509
			    14.2774
	==================================================================================
	Q5:
		Shape: Ellipse
		q_c:    101.5000    31.0000    213.0000
		ub :    112.2931    40.1656    218.2290
		lb :    90.7069    21.8344    207.7710
		P^-1: 
			    0.0640    0.0936    0.0896
			    0.0936    0.1765    0.1759
			    0.0896    0.1759    0.2633
	==================================================================================
	Q6:
		Shape: Ellipse
		q_c:    126.0000    16.0000    216.5000
		ub :    137.3633    24.1345    227.8208
		lb :    114.6367    7.8655    205.1792
		P^-1: 
			    0.0359    0.0386    0.0120
			    0.0386    0.0867    0.0141
			    0.0120    0.0141    0.0213


===========================================================================================
===========================================================================================
S4:
	q_c:    406.5000    73.5000    211.0000
	ub :    428.0000    90.0000    234.0000
	lb :    385.0000    57.0000    188.0000

	==================================================================================
	Q1:
		Shape: Polyhedra
		q_c:    422.0000    85.0000    200.5000
		ub :    429.4416    92.9529    207.2502
		lb :    414.5584    77.0471    193.7498
		A:
			    -0.7200    0.1886    0.6678
			    0.5111    -0.5137    0.6891
			    0.4227    0.2063    0.8825
			    0.0414    -0.3169    -0.9476
			    -0.4886    -0.6269    -0.6069
			    0.8285    0.2019    0.5223
			    0.6713    0.2045    0.7124
			    -0.5358    -0.5302    0.6572
			    0.5121    -0.8229    -0.2463
			    -0.6713    -0.2045    -0.7124
			    0.5358    0.5302    -0.6572
			    -0.5121    0.8229    0.2463
		b:
			    -148.4309
			    314.3699
			    375.7577
			    -195.2025
			    -377.7798
			    474.2876
			    446.0227
			    -133.9071
			    102.2599
			    -441.0227
			    144.9071
			    -91.2599
	==================================================================================
	Q2:
		Shape: Ellipse
		q_c:    420.0000    77.5000    222.0000
		ub :    427.2945    82.3760    229.0706
		lb :    412.7055    72.6240    214.9294
		P^-1: 
			    0.0527    -0.0198    0.0075
			    -0.0198    0.1028    -0.0075
			    0.0075    -0.0075    0.0449
	==================================================================================
	Q3:
		Shape: Hybrid
		q_c:    409.5000    71.5000    196.5000
		ub :    416.6162    81.4236    205.9520
		lb :    402.3838    61.5764    187.0480
		P^-1: 
			    0.0415    0.0022    0.0072
			    0.0022    0.0390    0.0230
			    0.0072    0.0230    0.0359
		A:
			    0.1437    -0.9105    -0.3878
			    -0.9140    -0.3969    -0.0844
			    0.9103    0.3293    0.2509
			    0.3125    0.0303    -0.9494
			    0.3275    0.8934    0.3076
			    0.4286    -0.6466    -0.6310
		b:
			    -79.6727
			    -416.0473
			    448.3203
			    -51.3379
			    261.4935
			    7.8254
	==================================================================================
	Q4:
		Shape: Ellipse
		q_c:    422.5000    90.0000    224.5000
		ub :    428.3770    99.7497    234.1207
		lb :    416.6230    80.2503    214.8793
		P^-1: 
			    0.1212    -0.0478    -0.0403
			    -0.0478    0.0443    0.0175
			    -0.0403    0.0175    0.0385
	==================================================================================
	Q5:
		Shape: Ellipse
		q_c:    409.5000    83.0000    201.5000
		ub :    418.3840    91.3666    211.2314
		lb :    400.6160    74.6334    191.7686
		P^-1: 
			    0.0323    -0.0012    -0.0014
			    -0.0012    0.0312    -0.0022
			    -0.0014    -0.0022    0.0304
	==================================================================================
	Q6:
		Shape: Hybrid
		q_c:    415.5000    64.5000    205.0000
		ub :    424.7827    71.6216    214.5869
		lb :    406.2173    57.3784    195.4131
		P^-1: 
			    0.0283    -0.0022    0.0007
			    -0.0022    0.0384    -0.0034
			    0.0007    -0.0034    0.0289
		A:
			    0.1388    0.9105    0.3895
			    -0.4634    0.7452    -0.4794
			    0.8484    -0.3032    0.4339
			    -0.2994    -0.9207    -0.2502
			    -0.8151    -0.5765    0.0568
			    0.3975    -0.4187    0.8165
		b:
			    199.2605
			    -240.1237
			    425.1001
			    -232.0950
			    -360.8758
			    308.5584


===========================================================================================
===========================================================================================
S5:
	q_c:    412.0000    233.0000    505.5000
	ub :    424.0000    246.0000    514.0000
	lb :    400.0000    220.0000    497.0000

	==================================================================================
	Q1:
		Shape: Polyhedra
		q_c:    414.5000    236.0000    508.0000
		ub :    419.6592    241.2981    511.6451
		lb :    409.3408    230.7019    504.3549
		A:
			    -0.1120    -0.9379    -0.3284
			    -0.8183    0.3051    0.4871
			    -0.7123    0.6952    0.0964
			    0.0270    -0.0698    -0.9972
			    0.6139    0.4686    -0.6353
			    0.4426    -0.1421    -0.8854
			    0.5030    0.7011    0.5055
			    0.2533    0.4396    -0.8617
			    -0.8264    0.5615    0.0435
			    -0.5030    -0.7011    -0.5055
			    -0.2533    -0.4396    0.8617
			    0.8264    -0.5615    -0.0435
		b:
			    -431.0923
			    -16.5407
			    -78.6962
			    -509.2893
			    44.6720
			    -297.2450
			    634.2285
			    -227.0084
			    -184.4015
			    -627.2285
			    231.0084
			    191.4015
	==================================================================================
	Q2:
		Shape: Ellipse
		q_c:    408.0000    236.5000    503.5000
		ub :    411.0571    240.0003    507.5401
		lb :    404.9429    232.9997    499.4599
		P^-1: 
			    0.2355    0.0189    0.0375
			    0.0189    0.1595    -0.0072
			    0.0375    -0.0072    0.1261
	==================================================================================
	Q3:
		Shape: Ellipse
		q_c:    403.0000    230.0000    506.0000
		ub :    407.0349    234.6644    510.5825
		lb :    398.9651    225.3356    501.4175
		P^-1: 
			    0.1810    0.0120    0.0693
			    0.0120    0.0906    0.0260
			    0.0693    0.0260    0.1711
	==================================================================================
	Q4:
		Shape: Ellipse
		q_c:    411.0000    239.5000    509.0000
		ub :    415.5846    243.5566    512.8461
		lb :    406.4154    235.4434    505.1539
		P^-1: 
			    0.1360    -0.0205    -0.0133
			    -0.0205    0.1424    -0.0114
			    -0.0133    -0.0114    0.1527
	==================================================================================
	Q5:
		Shape: Polyhedra
		q_c:    413.5000    236.5000    506.0000
		ub :    418.9160    239.6771    511.7354
		lb :    408.0840    233.3229    500.2646
		A:
			    0.2006    0.8762    -0.4381
			    0.5029    -0.5368    -0.6774
			    0.1059    0.8895    -0.4445
			    -0.2651    0.8964    -0.3551
			    -0.9793    -0.1125    0.1680
			    -0.4308    -0.2651    -0.8627
			    0.4487    0.2110    0.8684
			    -0.3025    0.9502    -0.0746
			    -0.8410    -0.2292    0.4901
			    -0.4487    -0.2110    -0.8684
			    0.3025    -0.9502    0.0746
			    0.8410    0.2292    -0.4901
		b:
			    70.9262
			    -258.5781
			    31.5459
			    -75.4318
			    -342.9681
			    -672.8210
			    679.3479
			    63.4150
			    -150.4392
			    -670.3479
			    -60.4150
			    157.4392
	==================================================================================
	Q6:
		Shape: Polyhedra
		q_c:    412.5000    229.5000    513.0000
		ub :    416.9149    233.0010    516.8667
		lb :    408.0851    225.9990    509.1333
		A:
			    -0.5302    -0.3731    0.7614
			    -0.4377    -0.5806    0.6866
			    0.8883    0.2406    0.3913
			    0.3348    -0.4186    0.8442
			    -0.0304    0.7712    -0.6359
			    0.5608    0.2860    0.7770
			    0.5279    0.4130    0.7422
			    -0.7486    -0.1866    0.6362
			    0.4012    -0.8914    0.2107
			    -0.5279    -0.4130    -0.7422
			    0.7486    0.1866    -0.6362
			    -0.4012    0.8914    -0.2107
		b:
			    89.6565
			    41.7022
			    624.4860
			    477.4692
			    -158.9370
			    697.0875
			    694.7546
			    -21.7221
			    71.4744
			    -691.7546
			    28.7221
			    -66.4744


===========================================================================================
===========================================================================================
S6:
	q_c:    176.0000    125.0000    138.5000
	ub :    200.0000    141.0000    142.0000
	lb :    152.0000    109.0000    135.0000

	==================================================================================
	Q1:
		Shape: Hybrid
		q_c:    179.5000    124.0000    139.5000
		ub :    183.0581    127.1110    141.9661
		lb :    175.9419    120.8890    137.0339
		P^-1: 
			    0.2996    0.0054    -0.3610
			    0.0054    0.1577    0.0125
			    -0.3610    0.0125    0.8138
		A:
			    0.3294    0.0660    -0.9419
			    -0.2709    0.5111    0.8157
			    0.2289    0.5863    0.7771
			    -0.3659    0.9238    0.1126
			    -0.1054    0.9176    -0.3833
			    -0.7674    -0.4505    0.4562
		b:
			    -63.5029
			    129.5897
			    223.9034
			    66.6120
			    43.4276
			    -128.5607
	==================================================================================
	Q2:
		Shape: Ellipse
		q_c:    173.5000    127.5000    136.0000
		ub :    175.4256    130.5324    138.9370
		lb :    171.5744    124.4676    133.0630
		P^-1: 
			    0.4354    -0.0370    -0.0333
			    -0.0370    0.2925    -0.1370
			    -0.0333    -0.1370    0.3209
	==================================================================================
	Q3:
		Shape: Polyhedra
		q_c:    175.5000    123.0000    141.0000
		ub :    180.0221    126.9877    145.2635
		lb :    170.9779    119.0123    136.7365
		A:
			    -0.8207    0.5650    -0.0845
			    0.0948    0.1128    0.9891
			    -0.2964    -0.8662    0.4023
			    0.7049    -0.6738    -0.2216
			    0.2199    0.9252    -0.3093
			    -0.2476    0.8264    0.5058
			    0.7231    0.4496    0.5244
			    -0.6232    0.0971    0.7760
			    0.2980    -0.8879    0.3504
			    -0.7231    -0.4496    -0.5244
			    0.6232    -0.0971    -0.7760
			    -0.2980    0.8879    -0.3504
		b:
			    -83.8987
			    172.7244
			    -99.2382
			    11.8864
			    111.4417
			    132.0759
			    259.6449
			    13.9879
			    -5.0064
			    -252.6449
			    -9.9879
			    10.0064
	==================================================================================
	Q4:
		Shape: Ellipse
		q_c:    180.0000    122.0000    138.5000
		ub :    183.2776    124.8779    141.9472
		lb :    176.7224    119.1221    135.0528
		P^-1: 
			    0.2500    -0.0000    0.0000
			    -0.0000    0.2500    0.0000
			    0.0000    0.0000    0.2500
	==================================================================================
	Q5:
		Shape: Ellipse
		q_c:    179.0000    128.0000    141.5000
		ub :    182.6833    132.5846    146.1048
		lb :    175.3167    123.4154    136.8952
		P^-1: 
			    0.2151    -0.0506    -0.0327
			    -0.0506    0.1357    0.0159
			    -0.0327    0.0159    0.1214
	==================================================================================
	Q6:
		Shape: Ellipse
		q_c:    175.0000    128.0000    137.5000
		ub :    176.9568    131.2686    141.2111
		lb :    173.0432    124.7314    133.7889
		P^-1: 
			    0.9319    -0.1737    0.1561
			    -0.1737    0.2601    0.0233
			    0.1561    0.0233    0.1691


===========================================================================================
===========================================================================================
S7:
	q_c:    89.5000    378.0000    282.0000
	ub :    111.0000    399.0000    297.0000
	lb :    68.0000    357.0000    267.0000

	==================================================================================
	Q1:
		Shape: Hybrid
		q_c:    102.5000    387.5000    281.5000
		ub :    111.7942    398.1440    292.5759
		lb :    93.2058    376.8560    270.4241
		P^-1: 
			    0.0497    0.0072    0.0190
			    0.0072    0.0228    -0.0084
			    0.0190    -0.0084    0.0342
		A:
			    0.6506    0.1346    -0.7474
			    -0.5824    0.1830    -0.7921
			    -0.9559    0.2631    -0.1303
			    -0.9395    -0.0526    0.3385
			    -0.5971    0.3738    -0.7098
			    0.8116    -0.2629    -0.5217
		b:
			    -86.2415
			    -209.3975
			    -28.7694
			    -16.7586
			    -113.7265
			    -159.1851
	==================================================================================
	Q2:
		Shape: Ellipse
		q_c:    85.0000    374.0000    291.0000
		ub :    91.9215    381.0943    298.0054
		lb :    78.0785    366.9057    283.9946
		P^-1: 
			    0.0558    -0.0053    -0.0061
			    -0.0053    0.0537    0.0063
			    -0.0061    0.0063    0.0302
	==================================================================================
	Q3:
		Shape: Hybrid
		q_c:    86.5000    390.0000    270.5000
		ub :    96.5665    399.4562    277.3213
		lb :    76.4335    380.5438    263.6787
		P^-1: 
			    0.0236    0.0064    0.0209
			    0.0064    0.0297    0.0271
			    0.0209    0.0271    0.0960
		A:
			    0.2495    0.1097    -0.9621
			    -0.7042    -0.4268    -0.5674
			    0.0598    -0.1776    -0.9823
			    -0.5065    0.0325    -0.8616
			    -0.0172    0.2425    -0.9700
			    -0.5031    0.6741    0.5408
		b:
			    -192.2295
			    -377.4540
			    -327.5049
			    -261.6344
			    -165.9441
			    370.2052
	==================================================================================
	Q4:
		Shape: Ellipse
		q_c:    87.5000    391.0000    272.0000
		ub :    95.2540    398.3866    280.0831
		lb :    79.7460    383.6134    263.9169
		P^-1: 
			    0.0484    -0.0093    0.0056
			    -0.0093    0.0504    -0.0062
			    0.0056    -0.0062    0.0437
	==================================================================================
	Q5:
		Shape: Hybrid
		q_c:    98.0000    383.0000    270.5000
		ub :    106.4073    392.7054    279.1532
		lb :    89.5927    373.2946    261.8468
		P^-1: 
			    0.1414    -0.0147    -0.1139
			    -0.0147    0.0261    0.0010
			    -0.1139    0.0010    0.1295
		A:
			    -0.3675    -0.5956    0.7143
			    0.5211    -0.7071    -0.4780
			    -0.8068    0.3225    0.4951
			    -0.5974    0.4972    -0.6292
			    0.3398    0.1046    -0.9347
			    0.1488    -0.1399    -0.9789
		b:
			    -67.6702
			    -345.2606
			    180.0342
			    -33.3183
			    -176.9477
			    -299.6950
	==================================================================================
	Q6:
		Shape: Polyhedra
		q_c:    81.0000    381.5000    285.5000
		ub :    90.8031    391.3826    294.4617
		lb :    71.1969    371.6174    276.5383
		A:
			    -0.7103    -0.4470    0.5438
			    -0.0438    -0.0439    -0.9981
			    -0.6397    0.4595    0.6162
			    -0.7122    0.6866    -0.1460
			    -0.4809    -0.4302    0.7640
			    0.7146    0.3472    -0.6073
			    0.1739    0.9832    0.0557
			    0.7214    -0.0887    -0.6868
			    -0.6703    0.1597    -0.7247
			    -0.1739    -0.9832    -0.0557
			    -0.7214    0.0887    0.6868
			    0.6703    -0.1597    0.7247
		b:
			    -66.3252
			    -299.1501
			    305.3939
			    169.5392
			    21.3778
			    23.1376
			    413.5824
			    -165.9759
			    -193.7942
			    -396.5824
			    176.9759
			    206.7942


===========================================================================================
===========================================================================================
S8:
	q_c:    350.0000    414.5000    184.5000
	ub :    376.0000    443.0000    200.0000
	lb :    324.0000    386.0000    169.0000

	==================================================================================
	Q1:
		Shape: Ellipse
		q_c:    355.5000    414.5000    182.0000
		ub :    367.2069    426.4769    195.3084
		lb :    343.7931    402.5231    168.6916
		P^-1: 
			    0.0213    -0.0011    0.0038
			    -0.0011    0.0148    0.0025
			    0.0038    0.0025    0.0177
	==================================================================================
	Q2:
		Shape: Polyhedra
		q_c:    342.0000    401.5000    170.5000
		ub :    350.1172    409.4889    177.0910
		lb :    333.8828    393.5111    163.9090
		A:
			    -0.4400    0.3058    -0.8443
			    -0.1721    0.0787    0.9819
			    0.6540    0.2742    -0.7051
			    -0.3554    0.4589    -0.8143
			    -0.1176    -0.0838    -0.9895
			    -0.8914    0.4147    -0.1830
			    0.8089    0.5626    0.1705
			    0.3280    -0.6726    0.6633
			    0.4879    -0.4806    -0.7287
			    -0.8089    -0.5626    -0.1705
			    -0.3280    0.6726    -0.6633
			    -0.4879    0.4806    0.7287
		b:
			    -167.3818
			    144.1775
			    218.2544
			    -72.0954
			    -238.3391
			    -164.9287
			    537.6270
			    -40.7879
			    -146.3437
			    -525.6270
			    48.7879
			    154.3437
	==================================================================================
	Q3:
		Shape: Hybrid
		q_c:    358.5000    418.5000    174.5000
		ub :    367.5397    427.3638    184.0187
		lb :    349.4603    409.6362    164.9813
		P^-1: 
			    0.0731    0.0722    0.0081
			    0.0722    0.0983    0.0089
			    0.0081    0.0089    0.0165
		A:
			    -0.1707    0.6362    0.7524
			    -0.0708    -0.4101    -0.9093
			    -0.5201    -0.8541    0.0000
			    -0.7889    -0.6039    0.1137
			    0.6188    0.7437    0.2531
			    0.7693    0.5570    0.3128
		b:
			    342.8395
			    -349.4950
			    -542.2682
			    -513.4987
			    578.7992
			    565.8789
	==================================================================================
	Q4:
		Shape: Hybrid
		q_c:    345.0000    430.0000    180.5000
		ub :    353.7947    441.7572    192.4395
		lb :    336.2053    418.2428    168.5605
		P^-1: 
			    0.0354    0.0056    -0.0081
			    0.0056    0.0183    0.0012
			    -0.0081    0.0012    0.0205
		A:
			    -0.3638    -0.2330    0.9019
			    0.1012    0.9877    -0.1193
			    -0.4017    -0.9123    -0.0802
			    0.7785    -0.5449    -0.3115
			    0.9037    0.4097    -0.1246
			    0.5320    0.1500    -0.8333
		b:
			    -58.7519
			    443.1534
			    -541.0405
			    -17.9252
			    468.1817
			    101.1938
	==================================================================================
	Q5:
		Shape: Hybrid
		q_c:    365.5000    403.0000    198.0000
		ub :    371.8831    413.3231    204.6047
		lb :    359.1169    392.6769    191.3953
		P^-1: 
			    0.0477    -0.0069    -0.0036
			    -0.0069    0.0394    -0.0567
			    -0.0036    -0.0567    0.1333
		A:
			    0.5960    0.5028    -0.6260
			    0.4594    0.4513    -0.7650
			    -0.1867    -0.3945    0.8997
			    0.0327    0.3394    -0.9401
			    -0.3550    0.0889    -0.9306
			    -0.2249    -0.6070    0.7623
		b:
			    299.5519
			    200.4424
			    -47.7406
			    -36.0357
			    -274.9834
			    -173.5653
	==================================================================================
	Q6:
		Shape: Polyhedra
		q_c:    350.0000    402.0000    184.0000
		ub :    359.5419    411.2109    191.3099
		lb :    340.4581    392.7891    176.6901
		A:
			    -0.2731    0.0600    -0.9601
			    -0.4382    -0.0511    0.8974
			    0.1951    -0.5976    0.7777
			    -0.4411    0.5214    -0.7305
			    -0.8467    -0.5313    0.0291
			    -0.1682    -0.9566    -0.2382
			    0.5045    0.3987    0.7659
			    -0.7758    0.5987    0.1994
			    -0.3790    -0.6948    0.6113
			    -0.5045    -0.3987    -0.7659
			    0.7758    -0.5987    -0.1994
			    0.3790    0.6948    -0.6113
		b:
			    -243.9566
			    -3.4654
			    -23.9470
			    -73.8994
			    -499.7898
			    -482.0093
			    481.7575
			    13.3238
			    -294.9559
			    -473.7575
			    1.6762
			    303.9559


===========================================================================================
===========================================================================================
S9:
	q_c:    502.5000    190.5000    75.0000
	ub :    518.0000    202.0000    76.0000
	lb :    487.0000    179.0000    74.0000

	==================================================================================
	Q1:
		Shape: Ellipse
		q_c:    503.5000    191.0000    77.0000
		ub :    504.6855    192.4574    78.4194
		lb :    502.3145    189.5426    75.5806
		P^-1: 
			    3.1137    -1.3681    -0.0409
			    -1.3681    1.8856    0.0265
			    -0.0409    0.0265    1.0008
	==================================================================================
	Q2:
		Shape: Ellipse
		q_c:    501.5000    190.0000    75.5000
		ub :    502.6352    191.6734    76.8868
		lb :    500.3648    188.3266    74.1132
		P^-1: 
			    2.7857    -0.4917    -1.3925
			    -0.4917    0.5853    0.4659
			    -1.3925    0.4659    2.0734
	==================================================================================
	Q3:
		Shape: Hybrid
		q_c:    503.0000    191.0000    74.5000
		ub :    504.6069    192.4950    75.2908
		lb :    501.3931    189.5050    73.7092
		P^-1: 
			    1.8731    -1.7362    -0.1557
			    -1.7362    2.5828    -0.1271
			    -0.1557    -0.1271    3.9886
		A:
			    0.1589    -0.1591    0.9744
			    0.3505    -0.8840    0.3092
			    0.7757    -0.6219    0.1076
			    -0.0218    -0.0873    -0.9959
			    -0.2676    0.4187    0.8678
			    -0.2857    -0.2969    0.9112
		b:
			    122.4030
			    30.8806
			    279.7586
			    -101.5717
			    10.2822
			    -132.0590
	==================================================================================
	Q4:
		Shape: Hybrid
		q_c:    503.5000    191.0000    75.0000
		ub :    504.9773    192.9824    77.0038
		lb :    502.0227    189.0176    72.9962
		P^-1: 
			    0.9987    -0.0138    0.0229
			    -0.0138    0.8517    0.2454
			    0.0229    0.2454    0.5940
		A:
			    0.3181    -0.8956    -0.3109
			    -0.1047    0.8541    0.5094
			    -0.5076    0.3617    0.7820
			    -0.0897    -0.5019    0.8603
			    0.3832    0.8666    -0.3197
			    0.0549    0.9866    -0.1536
		b:
			    -33.6960
			    149.1335
			    -127.2206
			    -75.5067
			    335.2613
			    205.2820
	==================================================================================
	Q5:
		Shape: Ellipse
		q_c:    503.0000    190.0000    75.0000
		ub :    503.9092    190.8477    76.1303
		lb :    502.0908    189.1523    73.8697
		P^-1: 
			    3.8116    0.1430    -0.7135
			    0.1430    3.8915    0.5417
			    -0.7135    0.5417    1.2969
	==================================================================================
	Q6:
		Shape: Polyhedra
		q_c:    502.5000    192.0000    75.5000
		ub :    503.6648    193.0176    76.5669
		lb :    501.3352    190.9824    74.4331
		A:
			    0.7777    -0.3718    -0.5070
			    0.1559    0.9288    -0.3363
			    0.3381    0.9309    -0.1381
			    -0.1044    0.9894    -0.1010
			    -0.8285    0.5592    -0.0288
			    -0.6606    0.4800    0.5772
			    0.5988    0.4282    0.6768
			    -0.5854    -0.3427    0.7348
			    0.5466    -0.8362    0.0454
			    -0.5988    -0.4282    -0.6768
			    0.5854    0.3427    -0.7348
			    -0.5466    0.8362    -0.0454
		b:
			    281.6155
			    231.8057
			    338.8521
			    130.4565
			    -310.5848
			    -195.6920
			    435.2186
			    -303.9862
			    118.0280
			    -433.2186
			    304.9862
			    -117.0280


===========================================================================================
===========================================================================================
S10:
	q_c:    128.5000    152.5000    240.5000
	ub :    146.0000    157.0000    258.0000
	lb :    111.0000    148.0000    223.0000

	==================================================================================
	Q1:
		Shape: Polyhedra
		q_c:    125.5000    154.5000    239.5000
		ub :    128.3420    156.6728    242.3538
		lb :    122.6580    152.3272    236.6462
		A:
			    -0.4653    -0.8504    -0.2455
			    0.9861    -0.1073    -0.1267
			    0.6068    -0.7110    -0.3554
			    0.2235    -0.7990    0.5583
			    0.3628    0.8937    0.2639
			    0.1241    0.8524    -0.5080
			    0.8427    0.0261    0.5378
			    -0.3649    -0.7067    0.6061
			    0.3959    -0.7070    -0.5860
			    -0.8427    -0.0261    -0.5378
			    0.3649    0.7067    -0.6061
			    -0.3959    0.7070    0.5860
		b:
			    -246.9058
			    78.7397
			    -116.8191
			    39.7341
			    248.5186
			    26.7303
			    240.5837
			    -8.8393
			    -197.9044
			    -236.5837
			    10.8393
			    201.9044
	==================================================================================
	Q2:
		Shape: Ellipse
		q_c:    133.5000    154.5000    240.0000
		ub :    136.6368    156.5460    243.2298
		lb :    130.3632    152.4540    236.7702
		P^-1: 
			    0.2136    0.0006    0.0442
			    0.0006    0.2500    -0.0007
			    0.0442    -0.0007    0.1964
	==================================================================================
	Q3:
		Shape: Ellipse
		q_c:    127.5000    154.0000    238.5000
		ub :    130.0426    156.2164    240.8589
		lb :    124.9574    151.7836    236.1411
		P^-1: 
			    0.2954    -0.0091    0.1011
			    -0.0091    0.7060    0.2945
			    0.1011    0.2945    0.6931
	==================================================================================
	Q4:
		Shape: Ellipse
		q_c:    130.5000    150.5000    246.0000
		ub :    134.6521    154.2329    250.1589
		lb :    126.3479    146.7671    241.8411
		P^-1: 
			    0.1735    -0.0430    0.0195
			    -0.0430    0.1604    -0.0505
			    0.0195    -0.0505    0.1872
	==================================================================================
	Q5:
		Shape: Hybrid
		q_c:    128.0000    155.5000    243.0000
		ub :    130.2453    158.3569    246.3682
		lb :    125.7547    152.6431    239.6318
		P^-1: 
			    0.4161    -0.0271    -0.0807
			    -0.0271    0.2416    -0.0213
			    -0.0807    -0.0213    0.1967
		A:
			    0.7832    0.5901    0.1960
			    -0.5337    0.7250    0.4354
			    0.4113    0.9088    -0.0707
			    -0.6798    -0.1549    0.7169
			    -0.7330    -0.1718    0.6582
			    -0.0732    -0.9427    -0.3257
		b:
			    240.9269
			    151.3796
			    178.0588
			    64.0901
			    40.3411
			    -233.6298
	==================================================================================
	Q6:
		Shape: Hybrid
		q_c:    127.0000    154.0000    238.0000
		ub :    129.6896    156.5732    241.2735
		lb :    124.3104    151.4268    234.7265
		P^-1: 
			    0.4006    -0.0534    0.0877
			    -0.0534    0.3793    0.1069
			    0.0877    0.1069    0.2690
		A:
			    0.6186    -0.6923    -0.3716
			    0.2449    -0.6211    -0.7445
			    0.5162    -0.8153    0.2624
			    -0.3429    -0.4495    0.8248
			    0.1592    -0.9741    0.1607
			    0.4109    0.4434    0.7966
		b:
			    -115.6768
			    -240.7922
			    3.3978
			    85.2771
			    -90.4553
			    310.8888


===========================================================================================
===========================================================================================
S11:
	q_c:    405.5000    191.0000    351.5000
	ub :    421.0000    213.0000    359.0000
	lb :    390.0000    169.0000    344.0000

	==================================================================================
	Q1:
		Shape: Polyhedra
		q_c:    401.5000    188.5000    347.5000
		ub :    406.2764    193.4829    352.7561
		lb :    396.7236    183.5171    342.2439
		A:
			    -0.3698    -0.8811    -0.2949
			    -0.4529    -0.1975    -0.8694
			    0.4125    -0.9107    -0.0238
			    0.8161    0.1638    -0.5542
			    -0.2148    -0.8504    -0.4802
			    0.8803    0.4325    -0.1951
			    0.6240    0.2279    0.7475
			    0.1776    0.8902    -0.4196
			    -0.7610    0.3946    0.5150
			    -0.6240    -0.2279    -0.7475
			    -0.1776    -0.8902    0.4196
			    0.7610    -0.3946    -0.5150
		b:
			    -413.7738
			    -518.1801
			    -11.0487
			    169.1263
			    -410.2428
			    370.3790
			    556.2337
			    96.7676
			    -49.1959
			    -550.2337
			    -89.7676
			    55.1959
	==================================================================================
	Q2:
		Shape: Ellipse
