3D_30_5_6_a                l = 3

===========================================================================================
===========================================================================================
S1:
	q_c:    285.0000    383.0000    378.0000
	ub :    311.0000    390.0000    398.0000
	lb :    259.0000    376.0000    358.0000

	==================================================================================
	Q1:
		Shape: Polyhedra
		q_c:    286.5000    385.0000    377.0000
		ub :    289.9491    389.3359    381.3669
		lb :    283.0509    380.6641    372.6331
		A:
			    -0.8488    0.1883    -0.4940
			    0.7803    0.5427    -0.3109
			    0.7482    0.0878    0.6577
			    -0.2707    -0.2968    -0.9157
			    0.3214    0.9036    -0.2833
			    0.4059    0.9137    -0.0218
			    0.5564    0.6703    0.4910
			    -0.1400    0.6581    -0.7398
			    -0.8190    0.3429    0.4600
			    -0.5564    -0.6703    -0.4910
			    0.1400    -0.6581    0.7398
			    0.8190    -0.3429    -0.4600
		b:
			    -354.3715
			    317.7449
			    498.7084
			    -534.4803
			    335.9329
			    462.5026
			    605.0925
			    -62.6453
			    72.7761
			    -600.0925
			    68.6453
			    -68.7761
	==================================================================================
	Q2:
		Shape: Ellipse
		q_c:    284.0000    383.5000    377.5000
		ub :    286.6839    386.9024    381.5503
		lb :    281.3161    380.0976    373.4497
		P^-1: 
			    0.3549    -0.0871    -0.0456
			    -0.0871    0.3131    0.0766
			    -0.0456    0.0766    0.1081
	==================================================================================
	Q3:
		Shape: Polyhedra
		q_c:    289.5000    379.5000    375.5000
		ub :    293.5148    383.5133    379.6587
		lb :    285.4852    375.4867    371.3413
		A:
			    -0.3791    0.8944    0.2374
			    -0.4747    0.8551    -0.2084
			    -0.8497    -0.2713    0.4522
			    0.2413    -0.0877    0.9665
			    -0.5449    -0.7975    -0.2589
			    0.4212    -0.4238    0.8018
			    0.2578    0.8225    0.5070
			    0.5625    0.2989    -0.7709
			    -0.7856    0.4840    -0.3856
			    -0.2578    -0.8225    -0.5070
			    -0.5625    -0.2989    0.7709
			    0.7856    -0.4840    0.3856
		b:
			    321.3035
			    111.3687
			    -176.6400
			    401.9662
			    -555.1390
			    264.7056
			    579.6571
			    -10.7002
			    -186.0371
			    -574.6571
			    15.7002
			    191.0371
	==================================================================================
	Q4:
		Shape: Hybrid
		q_c:    279.0000    379.0000    374.0000
		ub :    283.2811    381.3772    378.3642
		lb :    274.7189    376.6228    369.6358
		P^-1: 
			    0.1113    0.0052    -0.0005
			    0.0052    0.2488    -0.0120
			    -0.0005    -0.0120    0.1122
		A:
			    0.8886    0.1599    -0.4300
			    -0.8289    -0.4934    0.2636
			    -0.3988    -0.8511    -0.3414
			    0.2268    0.7837    -0.5783
			    0.8733    0.2298    -0.4296
			    -0.4421    0.8960    0.0420
		b:
			    149.6414
			    -317.9426
			    -560.1625
			    145.3229
			    172.0099
			    233.2369
	==================================================================================
	Q5:
		Shape: Ellipse
		q_c:    277.5000    377.5000    374.0000
		ub :    281.4479    381.2492    377.7061
		lb :    273.5521    373.7508    370.2939
		P^-1: 
			    0.1898    -0.0076    -0.0417
			    -0.0076    0.1619    0.0106
			    -0.0417    0.0106    0.2183
	==================================================================================
	Q6:
		Shape: Ellipse
		q_c:    278.5000    385.0000    380.0000
		ub :    281.4916    388.5989    383.0089
		lb :    275.5084    381.4011    376.9911
		P^-1: 
			    0.2339    -0.0326    -0.0112
			    -0.0326    0.1839    -0.0227
			    -0.0112    -0.0227    0.2422


===========================================================================================
===========================================================================================
S2:
	q_c:    165.5000    140.5000    178.5000
	ub :    189.0000    157.0000    188.0000
	lb :    142.0000    124.0000    169.0000

	==================================================================================
	Q1:
		Shape: Hybrid
		q_c:    166.5000    144.5000    184.0000
		ub :    172.2535    150.2828    189.7645
		lb :    160.7465    138.7172    178.2355
		P^-1: 
			    0.0779    0.0124    0.0011
			    0.0124    0.0834    0.0195
			    0.0011    0.0195    0.0939
		A:
			    0.6089    -0.5571    -0.5647
			    0.7690    0.1917    0.6099
			    -0.4737    -0.1066    -0.8742
			    -0.0781    0.6355    0.7682
			    -0.5102    0.0030    0.8600
			    -0.2424    0.9137    0.3263
		b:
			    -81.0611
			    269.8296
			    -253.2884
			    221.7381
			    75.6163
			    153.6794
	==================================================================================
	Q2:
		Shape: Hybrid
		q_c:    167.0000    143.0000    180.0000
		ub :    170.9931    148.1012    182.8886
		lb :    163.0069    137.8988    177.1114
		P^-1: 
			    0.2118    0.0536    0.1104
			    0.0536    0.0688    0.0571
			    0.1104    0.0571    0.3733
		A:
			    -0.8434    -0.3547    -0.4036
			    -0.4758    0.1813    -0.8607
			    0.7059    0.2025    -0.6787
			    0.6630    0.4978    0.5591
			    0.5089    0.3329    0.7938
			    0.1598    0.1391    0.9773
		b:
			    -263.0250
			    -207.0335
			    26.3847
			    283.8129
			    276.3358
			    223.3746
	==================================================================================
	Q3:
		Shape: Ellipse
		q_c:    170.5000    148.0000    183.5000
		ub :    176.8603    152.4587    189.0007
		lb :    164.1397    143.5413    177.9993
		P^-1: 
			    0.0600    -0.0011    -0.0314
			    -0.0011    0.0820    -0.0065
			    -0.0314    -0.0065    0.0907
	==================================================================================
	Q4:
		Shape: Hybrid
		q_c:    162.5000    148.5000    187.0000
		ub :    168.2236    153.4604    191.9205
		lb :    156.7764    143.5396    182.0795
		P^-1: 
			    0.0655    -0.0069    0.0008
			    -0.0069    0.0784    -0.0018
			    0.0008    -0.0018    0.0627
		A:
			    -0.3853    0.4562    -0.8021
			    -0.1568    -0.0972    -0.9828
			    -0.6466    0.7027    -0.2968
			    0.5945    -0.1040    0.7973
			    -0.6106    -0.7101    0.3504
			    0.7203    -0.4414    0.5351
		b:
			    -142.8354
			    -221.4550
			    -54.3991
			    232.4261
			    -136.9953
			    153.5336
	==================================================================================
	Q5:
		Shape: Ellipse
		q_c:    170.0000    136.5000    176.0000
		ub :    173.5583    139.7189    179.9891
		lb :    166.4417    133.2811    172.0109
		P^-1: 
			    0.1815    0.0723    0.0408
			    0.0723    0.2980    0.1487
			    0.0408    0.1487    0.2361
	==================================================================================
	Q6:
		Shape: Polyhedra
		q_c:    163.5000    130.5000    182.5000
		ub :    168.6040    135.6114    187.3956
		lb :    158.3960    125.3886    177.6044
		A:
			    0.2499    -0.6378    0.7285
			    -0.1734    0.5975    -0.7829
			    0.0513    -0.2230    -0.9735
			    0.5101    -0.7998    0.3163
			    0.2128    -0.0417    0.9762
			    -0.4206    -0.5207    -0.7430
			    0.6465    0.0179    0.7627
			    -0.7626    -0.0147    0.6467
			    0.0228    -0.9997    0.0041
			    -0.6465    -0.0179    -0.7627
			    0.7626    0.0147    -0.6467
			    -0.0228    0.9997    -0.0041
		b:
			    94.6063
			    -89.2642
			    -194.7838
			    41.1921
			    210.7630
			    -268.6621
			    250.2337
			    -4.5902
			    -120.9780
			    -244.2337
			    12.5902
			    130.9780


===========================================================================================
===========================================================================================
S3:
	q_c:    406.5000    73.5000    211.0000
	ub :    428.0000    90.0000    234.0000
	lb :    385.0000    57.0000    188.0000

	==================================================================================
	Q1:
		Shape: Polyhedra
		q_c:    422.0000    85.0000    200.5000
		ub :    429.4416    92.9529    207.2502
		lb :    414.5584    77.0471    193.7498
		A:
			    -0.7200    0.1886    0.6678
			    0.5111    -0.5137    0.6891
			    0.4227    0.2063    0.8825
			    0.0414    -0.3169    -0.9476
			    -0.4886    -0.6269    -0.6069
			    0.8285    0.2019    0.5223
			    0.6713    0.2045    0.7124
			    -0.5358    -0.5302    0.6572
			    0.5121    -0.8229    -0.2463
			    -0.6713    -0.2045    -0.7124
			    0.5358    0.5302    -0.6572
			    -0.5121    0.8229    0.2463
		b:
			    -148.4309
			    314.3699
			    375.7577
			    -195.2025
			    -377.7798
			    474.2876
			    446.0227
			    -133.9071
			    102.2599
			    -441.0227
			    144.9071
			    -91.2599
	==================================================================================
	Q2:
		Shape: Ellipse
		q_c:    420.0000    77.5000    222.0000
		ub :    427.2945    82.3760    229.0706
		lb :    412.7055    72.6240    214.9294
		P^-1: 
			    0.0527    -0.0198    0.0075
			    -0.0198    0.1028    -0.0075
			    0.0075    -0.0075    0.0449
	==================================================================================
	Q3:
		Shape: Hybrid
		q_c:    409.5000    71.5000    196.5000
		ub :    416.6162    81.4236    205.9520
		lb :    402.3838    61.5764    187.0480
		P^-1: 
			    0.0415    0.0022    0.0072
			    0.0022    0.0390    0.0230
			    0.0072    0.0230    0.0359
		A:
			    0.1437    -0.9105    -0.3878
			    -0.9140    -0.3969    -0.0844
			    0.9103    0.3293    0.2509
			    0.3125    0.0303    -0.9494
			    0.3275    0.8934    0.3076
			    0.4286    -0.6466    -0.6310
		b:
			    -79.6727
			    -416.0473
			    448.3203
			    -51.3379
			    261.4935
			    7.8254
	==================================================================================
	Q4:
		Shape: Ellipse
		q_c:    422.5000    90.0000    224.5000
		ub :    428.3770    99.7497    234.1207
		lb :    416.6230    80.2503    214.8793
		P^-1: 
			    0.1212    -0.0478    -0.0403
			    -0.0478    0.0443    0.0175
			    -0.0403    0.0175    0.0385
	==================================================================================
	Q5:
		Shape: Ellipse
		q_c:    409.5000    83.0000    201.5000
		ub :    418.3840    91.3666    211.2314
		lb :    400.6160    74.6334    191.7686
		P^-1: 
			    0.0323    -0.0012    -0.0014
			    -0.0012    0.0312    -0.0022
			    -0.0014    -0.0022    0.0304
	==================================================================================
	Q6:
		Shape: Hybrid
		q_c:    415.5000    64.5000    205.0000
		ub :    424.7827    71.6216    214.5869
		lb :    406.2173    57.3784    195.4131
		P^-1: 
			    0.0283    -0.0022    0.0007
			    -0.0022    0.0384    -0.0034
			    0.0007    -0.0034    0.0289
		A:
			    0.1388    0.9105    0.3895
			    -0.4634    0.7452    -0.4794
			    0.8484    -0.3032    0.4339
			    -0.2994    -0.9207    -0.2502
			    -0.8151    -0.5765    0.0568
			    0.3975    -0.4187    0.8165
		b:
			    199.2605
			    -240.1237
			    425.1001
			    -232.0950
			    -360.8758
			    308.5584


===========================================================================================
===========================================================================================
S4:
	q_c:    479.5000    128.0000    427.5000
	ub :    497.0000    150.0000    454.0000
	lb :    462.0000    106.0000    401.0000

	==================================================================================
	Q1:
		Shape: Polyhedra
		q_c:    485.5000    125.5000    427.5000
		ub :    493.2328    131.7050    434.7245
		lb :    477.7672    119.2950    420.2755
		A:
			    -0.6517    0.7475    -0.1286
			    0.1711    -0.8499    0.4985
			    0.2146    -0.0559    -0.9751
			    -0.3355    -0.8534    0.3989
			    0.9244    -0.3783    -0.0479
			    -0.9239    -0.1079    0.3670
			    0.7048    0.4247    0.5682
			    -0.6313    0.0101    0.7755
			    0.3236    -0.9053    0.2753
			    -0.7048    -0.4247    -0.5682
			    0.6313    -0.0101    -0.7755
			    -0.3236    0.9053    -0.2753
		b:
			    -273.5127
			    193.4883
			    -315.5860
			    -95.2301
			    385.1900
			    -300.9952
			    644.3906
			    29.8051
			    165.1899
			    -632.3906
			    -22.8051
			    -157.1899
	==================================================================================
	Q2:
		Shape: Polyhedra
		q_c:    467.0000    113.0000    419.0000
		ub :    475.0405    121.1399    425.3271
		lb :    458.9595    104.8601    412.6729
		A:
			    0.7777    0.6262    -0.0556
			    -0.0924    0.8740    0.4771
			    -0.1602    0.9870    -0.0121
			    -0.3326    0.5841    0.7404
			    0.9131    0.1637    -0.3734
			    -0.3148    0.2720    0.9093
			    0.4194    0.5842    0.6948
			    0.4724    0.5132    -0.7166
			    -0.7752    0.6288    -0.0607
			    -0.4194    -0.5842    -0.6948
			    -0.4724    -0.5132    0.7166
			    0.7752    -0.6288    0.0607
		b:
			    414.9426
			    260.3932
			    36.6748
			    225.7216
			    293.0418
			    269.1673
			    557.5198
			    -17.6699
			    -310.9150
			    -548.5198
			    25.6699
			    321.9150
	==================================================================================
	Q3:
		Shape: Polyhedra
		q_c:    476.5000    112.5000    428.5000
		ub :    484.7105    121.2900    436.0984
		lb :    468.2895    103.7100    420.9016
		A:
			    0.1832    -0.2202    0.9581
			    -0.3194    -0.0300    -0.9472
			    -0.0330    0.6514    0.7580
			    0.2758    0.9191    -0.2815
			    0.8788    -0.1717    0.4452
			    0.6224    -0.2113    0.7536
			    0.8153    0.5661    0.1217
			    0.5233    -0.6304    -0.5734
			    -0.2479    0.5312    -0.8102
			    -0.8153    -0.5661    -0.1217
			    -0.5233    0.6304    0.5734
			    0.2479    -0.5312    0.8102
		b:
			    478.8785
			    -555.7300
			    386.6506
			    120.0562
			    596.0089
			    601.7327
			    510.3399
			    -63.7505
			    -399.5112
			    -498.3399
			    70.7505
			    411.5112
	==================================================================================
	Q4:
		Shape: Polyhedra
		q_c:    493.0000    113.5000    425.5000
		ub :    498.9103    120.9742    430.7878
		lb :    487.0897    106.0258    420.2122
		A:
			    0.9929    0.0439    0.1102
			    -0.0695    -0.6268    0.7761
			    0.2607    0.0625    -0.9634
			    0.8047    0.3669    -0.4667
			    0.3237    0.5812    0.7466
			    -0.5965    0.2308    -0.7687
			    0.7278    0.1011    0.6783
			    -0.2323    0.9670    0.1051
			    -0.6452    -0.2340    0.7273
			    -0.7278    -0.1011    -0.6783
			    0.2323    -0.9670    -0.1051
			    0.6452    0.2340    -0.7273
		b:
			    544.6407
			    229.3958
			    -270.5493
			    243.6933
			    547.4864
			    -591.8698
			    661.3985
			    46.4423
			    -31.1974
			    -656.3985
			    -33.4423
			    39.1974
	==================================================================================
	Q5:
		Shape: Polyhedra
		q_c:    472.0000    118.5000    434.0000
		ub :    476.2092    123.9858    439.1975
		lb :    467.7908    113.0142    428.8025
		A:
			    -0.8456    -0.0636    0.5301
			    -0.3703    -0.0015    0.9289
			    -0.6620    0.7434    0.0952
			    -0.7078    0.4220    0.5665
			    -0.9148    -0.3327    0.2292
			    -0.8013    0.5395    -0.2583
			    0.6255    0.6804    0.3818
			    -0.7775    0.5845    0.2322
			    -0.0652    -0.4421    0.8946
			    -0.6255    -0.6804    -0.3818
			    0.7775    -0.5845    -0.2322
			    0.0652    0.4421    -0.8946
		b:
			    -173.7909
			    231.3166
			    -181.3588
			    -36.3290
			    -368.1095
			    -424.1860
			    546.0772
			    -195.4410
			    308.6075
			    -537.0772
			    198.4410
			    -301.6075
	==================================================================================
	Q6:
		Shape: Ellipse
		q_c:    477.0000    116.0000    442.5000
		ub :    485.4158    121.0168    447.7082
		lb :    468.5842    110.9832    437.2918
		P^-1: 
			    0.0254    -0.0058    -0.0244
			    -0.0058    0.0619    0.0006
			    -0.0244    0.0006    0.1040


===========================================================================================
===========================================================================================
S5:
	q_c:    458.5000    214.0000    357.5000
	ub :    485.0000    232.0000    384.0000
	lb :    432.0000    196.0000    331.0000

	==================================================================================
	Q1:
		Shape: Ellipse
		q_c:    454.0000    220.5000    360.5000
		ub :    464.4292    234.5016    374.2561
		lb :    443.5708    206.4984    346.7439
		P^-1: 
			    0.0220    0.0019    0.0007
			    0.0019    0.0133    0.0059
			    0.0007    0.0059    0.0179
	==================================================================================
	Q2:
		Shape: Hybrid
		q_c:    455.0000    216.5000    377.5000
		ub :    467.2543    230.2398    390.9624
		lb :    442.7457    202.7602    364.0376
		P^-1: 
			    0.0160    0.0014    0.0013
			    0.0014    0.0154    0.0000
			    0.0013    0.0000    0.0159
		A:
			    -0.6553    -0.7470    -0.1121
			    -0.3050    0.6670    0.6798
			    0.1238    0.2226    -0.9670
			    -0.5101    0.4259    -0.7473
			    0.9900    -0.0063    0.1408
			    -0.3417    0.3256    0.8816
		b:
			    -498.3172
			    266.7976
			    -256.2336
			    -417.8511
			    506.3825
			    252.3150
	==================================================================================
	Q3:
		Shape: Hybrid
		q_c:    444.0000    213.0000    344.5000
		ub :    446.6329    219.9887    351.9124
		lb :    441.3671    206.0113    337.0876
		P^-1: 
			    0.4302    0.0202    0.0667
			    0.0202    0.0734    0.0495
			    0.0667    0.0495    0.0724
		A:
			    -0.9946    -0.1040    -0.0039
			    -0.9658    0.2574    0.0304
			    -0.9955    -0.0694    0.0641
			    0.9168    -0.2913    -0.2732
			    -0.9645    0.2612    0.0397
			    -0.8623    -0.3779    -0.3372
		b:
			    -463.9896
			    -362.4376
			    -433.4558
			    252.3042
			    -357.8007
			    -578.4264
	==================================================================================
	Q4:
		Shape: Polyhedra
		q_c:    463.0000    234.5000    348.0000
		ub :    472.4717    244.1736    354.6652
		lb :    453.5283    224.8264    341.3348
		A:
			    0.2462    -0.9466    -0.2083
			    -0.4480    -0.6642    -0.5984
			    0.8529    0.5048    0.1332
			    -0.3232    -0.8300    -0.4545
			    0.0320    -0.3073    0.9511
			    0.9858    -0.1121    -0.1247
			    0.6099    0.4691    0.6387
			    0.5917    -0.8057    0.0267
			    0.5271    0.3616    -0.7690
			    -0.6099    -0.4691    -0.6387
			    -0.5917    0.8057    -0.0267
			    -0.5271    -0.3616    0.7690
		b:
			    -173.5667
			    -567.5604
			    563.8408
			    -497.7646
			    279.0442
			    392.9114
			    618.1697
			    101.7952
			    66.7604
			    -611.1697
			    -86.7952
			    -55.7604
	==================================================================================
	Q5:
		Shape: Ellipse
		q_c:    472.5000    230.0000    337.0000
		ub :    479.9886    236.9290    345.6803
		lb :    465.0114    223.0710    328.3197
		P^-1: 
			    0.1459    -0.0996    0.0510
			    -0.0996    0.1104    -0.0405
			    0.0510    -0.0405    0.0451
	==================================================================================
	Q6:
		Shape: Hybrid
		q_c:    452.5000    221.0000    359.5000
		ub :    459.9090    228.2786    363.9162
		lb :    445.0910    213.7214    355.0838
		P^-1: 
			    0.0702    0.0501    -0.0538
			    0.0501    0.0877    -0.0725
			    -0.0538    -0.0725    0.1823
		A:
			    0.2278    0.1452    -0.9628
			    -0.7425    -0.5166    0.4264
			    -0.5057    0.8149    0.2832
			    0.2145    0.7168    -0.6635
			    -0.0498    0.8554    0.5156
			    -0.6056    -0.7119    0.3555
		b:
			    -209.4996
			    -295.0269
			    57.9069
			    18.5885
			    355.8221
			    -301.8335


===========================================================================================
===========================================================================================
