3D_30_7_6_c                l = 3

===========================================================================================
===========================================================================================
S1:
	q_c:	441.5	385.0	99.5
	ub :	461.155	396.8576	115.3191
	lb :	429.6104	370.2462	81.6524

	==================================================================================
	Q1:
		Shape: Hybrid
		q_c:	437.5	383.0	105.0
		ub :	444.9129	391.4382	113.9608
		lb :	430.0871	374.5618	96.0392
		P^-1:
			0.0635	-0.0191	0.0168
			-0.0191	0.038	-0.009
			0.0168	-0.009	0.0357
		A:
			0.731	-0.498	0.4665
			0.4184	0.9077	0.0321
			-0.4545	-0.2411	-0.8575
			-0.2099	-0.6997	0.6829
			0.9018	0.1491	0.4056
			-0.4717	0.8257	-0.3095
		b:
			179.855
			538.307
			-377.7137
			-284.1836
			496.9252
			79.9285
	==================================================================================
	Q2:
		Shape: Polyhedra
		q_c:	443.0	389.0	100.5
		ub :	450.3005	396.8576	108.7216
		lb :	435.6995	381.1424	92.2784
		A:
			-0.3937	-0.9102	0.1287
			-0.0204	-0.2189	0.9755
			-0.7372	0.5011	-0.4533
			0.4032	0.8598	0.3133
			-0.888	0.423	-0.1805
			0.9051	0.425	0.0071
			0.7177	0.4369	0.5423
			-0.6856	0.3066	0.6603
			0.1222	-0.8456	0.5196
			-0.7177	-0.4369	-0.5423
			0.6856	-0.3066	-0.6603
			-0.1222	0.8456	-0.5196
		b:
			-510.3469
			8.6155
			-172.1679
			549.8899
			-242.1665
			572.1901
			547.8763
			-114.0818
			-217.6092
			-536.8763
			122.0818
			227.6092
	==================================================================================
	Q3:
		Shape: Hybrid
		q_c:	439.0	378.0	108.5
		ub :	444.2007	381.9306	115.3191
		lb :	433.7993	374.0694	101.6809
		P^-1:
			0.1004	-0.0577	0.0073
			-0.0577	0.2266	0.0184
			0.0073	0.0184	0.0323
		A:
			0.6342	0.4824	0.6042
			0.0943	-0.9955	-0.0082
			-0.3346	0.887	-0.3182
			0.756	-0.6543	0.0166
			0.3021	-0.9313	-0.2032
			-0.4943	0.7221	0.4841
		b:
			529.1751
			-334.5827
			155.7645
			87.8028
			-240.331
			110.785
	==================================================================================
	Q4:
		Shape: Hybrid
		q_c:	451.0	384.5	87.5
		ub :	461.155	394.154	93.3476
		lb :	440.845	374.846	81.6524
		P^-1:
			0.0227	0.0051	0.0038
			0.0051	0.0234	0.0004
			0.0038	0.0004	0.0488
		A:
			-0.1818	0.5954	-0.7826
			-0.4622	-0.8835	0.0759
			-0.7701	0.6333	-0.0771
			0.0006	0.8303	-0.5574
			-0.2922	0.0563	-0.9547
			-0.5137	0.4142	-0.7513
		b:
			81.7766
			-537.6811
			-105.3482
			274.5736
			-191.3155
			-134.6816
	==================================================================================
	Q5:
		Shape: Hybrid
		q_c:	436.0	390.5	98.0
		ub :	442.3896	395.9576	102.9492
		lb :	429.6104	385.0424	93.0508
		P^-1:
			0.0848	-0.0454	-0.0428
			-0.0454	0.1326	-0.0258
			-0.0428	-0.0258	0.1357
		A:
			0.3582	0.1179	-0.9262
			0.5139	-0.0271	-0.8574
			-0.4884	0.852	0.1884
			-0.3694	0.4356	0.8209
			-0.243	0.9549	-0.1708
			-0.141	0.8933	0.4267
		b:
			112.7302
			130.7021
			139.526
			91.0897
			251.6064
			331.3924
	==================================================================================
	Q6:
		Shape: Polyhedra
		q_c:	448.5	378.5	98.0
		ub :	456.1812	386.7538	107.089
		lb :	440.8188	370.2462	88.911
		A:
			-0.6521	-0.5741	-0.4951
			0.4855	0.6338	-0.6021
			-0.8515	-0.5227	-0.0412
			0.8071	0.4801	-0.3436
			-0.5891	-0.6917	-0.4177
			-0.9249	-0.3687	0.0922
			0.7426	0.6684	0.043
			0.4965	-0.5925	0.6344
			0.4495	-0.4497	-0.7718
			-0.7426	-0.6684	-0.043
			-0.4965	0.5925	-0.6344
			-0.4495	0.4497	0.7718
		b:
			-554.8721
			403.3349
			-581.4715
			513.0365
			-564.0145
			-542.4663
			592.2437
			68.0984
			-38.7571
			-588.2437
			-53.0984
			49.7571


===========================================================================================
===========================================================================================
S2:
	q_c:	468.0	218.5	167.0
	ub :	477.0526	234.8323	176.6904
	lb :	453.7462	206.7095	152.4884

	==================================================================================
	Q1:
		Shape: Hybrid
		q_c:	463.0	227.5	160.5
		ub :	471.7849	234.8323	168.5116
		lb :	454.2151	220.1677	152.4884
		P^-1:
			0.0308	0.0045	-0.0172
			0.0045	0.1015	-0.0631
			-0.0172	-0.0631	0.0881
		A:
			-0.08	-0.3486	0.9338
			0.9537	-0.2359	0.1866
			-0.4659	0.7995	-0.379
			-0.1488	-0.8785	0.4539
			0.0684	0.7357	-0.6738
			0.3276	-0.9114	0.2489
		b:
			35.8362
			422.6682
			-92.0604
			-194.2433
			92.1448
			-13.3367
	==================================================================================
	Q2:
		Shape: Ellipse
		q_c:	466.5	226.5	166.5
		ub :	472.4308	234.1808	173.6167
		lb :	460.5692	218.8192	159.3833
		P^-1:
			0.1117	0.0476	0.039
			0.0476	0.0631	0.0209
			0.039	0.0209	0.0583
	==================================================================================
	Q3:
		Shape: Polyhedra
		q_c:	474.0	218.5	173.0
		ub :	477.0526	222.4144	176.6904
		lb :	470.9474	214.5856	169.3096
		A:
			-0.5691	0.6413	-0.5147
			-0.5634	0.3806	-0.7333
			0.9464	0.1633	0.2786
			0.0042	0.697	-0.7171
			0.562	-0.7857	0.2584
			0.1434	0.9856	-0.089
			0.252	0.6083	0.7526
			-0.9464	0.3171	0.0606
			-0.2018	-0.7276	0.6557
			-0.252	-0.6083	-0.7526
			0.9464	-0.3171	-0.0606
			0.2018	0.7276	-0.6557
		b:
			-216.6499
			-308.5008
			534.8355
			32.217
			141.4273
			270.3146
			385.5901
			-366.8372
			-139.178
			-379.5901
			370.8372
			143.178
	==================================================================================
	Q4:
		Shape: Ellipse
		q_c:	464.0	212.0	169.0
		ub :	469.1032	217.2905	174.9285
		lb :	458.8968	206.7095	163.0715
		P^-1:
			0.0632	-0.0021	0.003
			-0.0021	0.0684	-0.0086
			0.003	-0.0086	0.075
	==================================================================================
	Q5:
		Shape: Ellipse
		q_c:	460.5	219.0	170.5
		ub :	465.6192	221.5962	175.8105
		lb :	455.3808	216.4038	165.1895
		P^-1:
			0.1384	0.0736	-0.0801
			0.0736	0.3931	-0.0814
			-0.0801	-0.0814	0.1224
	==================================================================================
	Q6:
		Shape: Polyhedra
		q_c:	461.0	216.0	169.5
		ub :	468.2538	223.0294	176.5734
		lb :	453.7462	208.9706	162.4266
		A:
			0.3657	0.4759	0.7999
			-0.2503	0.1653	-0.954
			0.8685	-0.2836	-0.4065
			0.9662	-0.2153	-0.1416
			-0.6469	-0.7464	-0.1563
			0.1285	-0.1367	0.9822
			0.7301	0.022	0.6829
			-0.678	-0.1009	0.7281
			0.0849	-0.9946	-0.0588
			-0.7301	-0.022	-0.6829
			0.678	0.1009	-0.7281
			-0.0849	0.9946	0.0588
		b:
			412.301
			-236.4774
			275.0952
			379.8317
			-480.2342
			201.0054
			462.1038
			-206.4429
			-179.1515
			-452.1038
			215.4429
			192.1515


===========================================================================================
===========================================================================================
S3:
	q_c:	139.0	124.0	421.5
	ub :	145.6992	127.1515	428.2762
	lb :	136.9296	117.9278	414.904

	==================================================================================
	Q1:
		Shape: Ellipse
		q_c:	143.0	121.0	418.0
		ub :	145.6992	124.0722	421.096
		lb :	140.3008	117.9278	414.904
		P^-1:
			0.617	0.1451	-0.3902
			0.1451	0.2664	-0.079
			-0.3902	-0.079	0.5266
	==================================================================================
	Q2:
		Shape: Hybrid
		q_c:	140.5	124.5	425.5
		ub :	142.8572	126.99	428.1671
		lb :	138.1428	122.01	422.8329
		P^-1:
			0.4362	0.0135	-0.0367
			0.0135	0.4221	0.0605
			-0.0367	0.0605	0.2805
		A:
			-0.8327	0.1574	0.5309
			-0.5918	-0.679	0.4344
			0.9184	-0.2977	0.2605
			0.7056	-0.4975	-0.5046
			0.1767	-0.9188	0.3531
			-0.5451	0.7376	-0.3985
		b:
			129.2859
			18.0512
			203.7379
			-176.7414
			61.6537
			-153.2803
	==================================================================================
	Q3:
		Shape: Polyhedra
		q_c:	141.5	121.0	422.5
		ub :	144.1177	123.53	424.6902
		lb :	138.8823	118.47	420.3098
		A:
			0.6836	0.3227	-0.6546
			0.3001	-0.9404	0.16
			-0.9579	-0.2193	0.1851
			0.2741	-0.7704	-0.5756
			-0.8505	0.1112	0.514
			-0.7639	-0.4542	0.4585
			0.6121	0.718	0.3314
			0.5822	-0.6928	0.4255
			0.5351	-0.0675	-0.8421
			-0.6121	-0.718	-0.3314
			-0.5822	0.6928	-0.4255
			-0.5351	0.0675	0.8421
		b:
			-139.672
			-1.8264
			-82.4901
			-296.2093
			111.4904
			31.8907
			315.0133
			180.3416
			-287.2242
			-312.0133
			-176.3416
			289.2242
	==================================================================================
	Q4:
		Shape: Ellipse
		q_c:	140.0	125.5	421.5
		ub :	142.7302	127.1515	424.1606
		lb :	137.2698	123.8485	418.8394
		P^-1:
			0.5335	-0.8373	0.5307
			-0.8373	2.723	-1.5675
			0.5307	-1.5675	1.2435
	==================================================================================
	Q5:
		Shape: Ellipse
		q_c:	139.5	122.5	425.0
		ub :	141.8571	125.6473	428.2762
		lb :	137.1429	119.3527	421.7238
		P^-1:
			0.4408	-0.0197	0.0253
			-0.0197	0.338	0.1362
			0.0253	0.1362	0.2701
	==================================================================================
	Q6:
		Shape: Ellipse
		q_c:	139.5	122.0	419.5
		ub :	142.0704	124.2219	422.3504
		lb :	136.9296	119.7781	416.6496
		P^-1:
			0.7252	0.1397	-0.3647
			0.1397	0.2894	-0.0922
			-0.3647	-0.0922	0.3954


===========================================================================================
===========================================================================================
S4:
	q_c:	28.5	292.0	260.0
	ub :	51.8592	309.182	276.1683
	lb :	8.8799	272.1736	244.4721

	==================================================================================
	Q1:
		Shape: Hybrid
		q_c:	16.5	280.5	260.0
		ub :	24.1201	288.4334	265.2709
		lb :	8.8799	272.5666	254.7291
		P^-1:
			0.042	0.019	0.0041
			0.019	0.0449	-0.0038
			0.0041	-0.0038	0.0617
		A:
			-0.5477	-0.3343	0.767
			0.7273	0.0412	0.6851
			0.3721	0.3338	0.8661
			0.5503	0.7367	0.3929
			0.3687	0.5978	0.7118
			0.8749	0.2427	-0.4191
		b:
			98.8756
			204.1661
			326.9728
			319.9683
			361.0304
			-23.5922
	==================================================================================
	Q2:
		Shape: Ellipse
		q_c:	33.0	295.0	259.5
		ub :	40.76	302.8088	268.4267
		lb :	25.24	287.1912	250.5733
		P^-1:
			0.0332	-0.0008	0.0006
			-0.0008	0.0375	-0.0032
			0.0006	-0.0032	0.0354
	==================================================================================
	Q3:
		Shape: Polyhedra
		q_c:	30.5	282.0	252.0
		ub :	39.7886	291.8264	259.5279
		lb :	21.2114	272.1736	244.4721
		A:
			0.34	-0.0207	0.9402
			-0.551	-0.2146	-0.8065
			0.1346	-0.8509	0.5079
			-0.9309	0.0408	-0.363
			0.6804	0.7239	-0.1145
			0.6394	0.2035	0.7415
			0.5992	0.0467	0.7993
			-0.5157	-0.7412	0.4298
			0.6124	-0.6697	-0.42
			-0.5992	-0.0467	-0.7993
			0.5157	0.7412	-0.4298
			-0.6124	0.6697	0.42
		b:
			244.209
			-278.1308
			-102.2293
			-103.7905
			200.7632
			265.9352
			234.8459
			-111.4159
			-267.0225
			-230.8459
			121.4159
			285.0225
	==================================================================================
	Q4:
		Shape: Hybrid
		q_c:	43.5	301.0	263.5
		ub :	51.8592	309.182	270.1373
		lb :	35.1408	292.818	256.8627
		P^-1:
			0.0707	0.0414	-0.0038
			0.0414	0.0568	0.0228
			-0.0038	0.0228	0.0808
		A:
			-0.3394	-0.1082	-0.9344
			0.1794	-0.6265	-0.7585
			0.4919	0.87	-0.034
			-0.2657	-0.9583	0.1053
			0.0531	-0.421	-0.9055
			0.9291	0.3043	-0.2101
		b:
			-290.6857
			-377.9637
			276.9439
			-268.3695
			-361.1538
			78.9088
	==================================================================================
	Q5:
		Shape: Polyhedra
		q_c:	31.0	300.5	267.0
		ub :	41.4621	306.4823	274.0702
		lb :	20.5379	294.5177	259.9298
		A:
			-0.3057	0.914	0.2668
			-0.7095	0.6649	-0.2337
			0.1151	-0.3776	0.9188
			-0.0209	-0.132	-0.991
			0.2791	0.3465	0.8956
			0.0093	-0.9729	-0.231
			0.0945	0.7094	0.6984
			0.9465	0.1534	-0.2838
			-0.3085	0.6879	-0.657
			-0.0945	-0.7094	-0.6984
			-0.9465	-0.1534	0.2838
			0.3085	-0.6879	0.657
		b:
			340.0702
			121.2488
			139.6209
			-301.155
			354.8081
			-350.6808
			405.0887
			9.1576
			25.7372
			-400.0887
			9.8424
			-17.7372
	==================================================================================
	Q6:
		Shape: Hybrid
		q_c:	30.0	286.5	270.0
		ub :	35.9668	291.4498	276.1683
		lb :	24.0332	281.5502	263.8317
		P^-1:
			0.2135	0.1939	0.044
			0.1939	0.2594	0.0543
			0.044	0.0543	0.0609
		A:
			-0.7578	-0.5999	-0.2566
			0.7749	0.6265	-0.0838
			-0.7566	-0.6529	-0.0358
			-0.939	-0.3268	-0.1071
			0.233	0.8585	0.4568
			-0.3348	-0.9248	-0.1807
		b:
			-262.8902
			181.358
			-218.4388
			-148.7321
			378.1929
			-322.2558


===========================================================================================
===========================================================================================
S5:
	q_c:	95.0	519.5	223.5
	ub :	106.3906	533.2067	235.7831
	lb :	83.027	513.5818	215.4725

	==================================================================================
	Q1:
		Shape: Polyhedra
		q_c:	103.0	528.0	220.5
		ub :	106.3906	531.835	224.1817
		lb :	99.6094	524.165	216.8183
		A:
			0.521	0.4783	0.707
			-0.9457	0.2359	-0.2238
			-0.1404	-0.8841	-0.4457
			-0.7818	-0.3336	0.5268
			0.9486	-0.2203	-0.2273
			0.7518	-0.5746	-0.3236
			0.7815	0.5821	0.2244
			0.6165	-0.7757	-0.135
			0.0954	0.2439	-0.9651
			-0.7815	-0.5821	-0.2244
			-0.6165	0.7757	0.135
			-0.0954	-0.2439	0.9651
		b:
			464.4098
			-19.8938
			-577.2692
			-137.9826
			-66.3343
			-294.7634
			439.3264
			-373.3339
			-71.2142
			-435.3264
			378.3339
			77.2142
	==================================================================================
	Q2:
		Shape: Hybrid
		q_c:	94.5	523.0	223.0
		ub :	99.4212	528.892	227.6721
		lb :	89.5788	517.108	218.3279
		P^-1:
			0.0789	0.0088	-0.0016
			0.0088	0.0531	0.0053
			-0.0016	0.0053	0.0807
		A:
			-0.2811	-0.3674	-0.8866
			-0.9407	-0.1573	0.3006
			-0.4033	0.6788	-0.6136
			-0.1295	0.4442	0.8865
			0.6344	-0.2395	-0.735
			0.381	0.2509	-0.8899
		b:
			-414.6711
			-102.3413
			182.6
			419.6082
			-227.3907
			-29.385
	==================================================================================
	Q3:
		Shape: Polyhedra
		q_c:	97.0	523.5	231.5
		ub :	101.3155	526.3351	235.7831
		lb :	92.6845	520.6649	227.2169
		A:
			-0.4236	0.8936	0.1482
			-0.0057	-0.6669	-0.7451
			-0.8499	-0.2839	-0.4439
			0.2288	-0.7495	0.6211
			-0.7089	0.5491	0.4427
			0.2176	-0.6764	-0.7037
			0.8802	0.0972	0.4645
			-0.4404	-0.1975	0.8758
			0.1769	-0.9755	-0.1311
			-0.8802	-0.0972	-0.4645
			0.4404	0.1975	-0.8758
			-0.1769	0.9755	0.1311
		b:
			463.1317
			-519.6875
			-330.8509
			-223.8228
			323.7054
			-493.4745
			246.7856
			59.6255
			-521.847
			-240.7856
			-53.6255
			525.847
	==================================================================================
	Q4:
		Shape: Polyhedra
		q_c:	89.0	526.5	224.5
		ub :	94.2783	531.9435	228.6586
		lb :	83.7217	521.0565	220.3414
		A:
			0.2128	-0.3754	-0.9021
			-0.0297	-0.9984	0.0481
			0.0377	0.8324	-0.5529
			0.6387	-0.0352	-0.7687
			-0.6918	0.5634	-0.4517
			-0.1788	-0.8954	-0.4078
			0.845	0.5279	0.0853
			0.1093	-0.3266	0.9388
			0.5235	-0.784	-0.3337
			-0.845	-0.5279	-0.0853
			-0.1093	0.3266	-0.9388
			-0.5235	0.784	0.3337
		b:
			-378.2142
			-514.1594
			320.6706
			-130.9928
			136.7598
			-575.4196
			376.3115
			51.5383
			-438.0801
			-368.3115
			-45.5383
			444.0801
	==================================================================================
	Q5:
		Shape: Ellipse
		q_c:	87.5	528.5	220.0
		ub :	91.973	533.2067	224.5275
		lb :	83.027	523.7933	215.4725
		P^-1:
			0.1324	0.0257	-0.0018
			0.0257	0.1347	0.0117
			-0.0018	0.0117	0.0857
	==================================================================================
	Q6:
		Shape: Ellipse
		q_c:	90.5	519.5	224.5
		ub :	96.1192	525.4182	228.4856
		lb :	84.8808	513.5818	220.5144
		P^-1:
			0.0918	-0.0286	-0.0015
			-0.0286	0.0688	-0.0022
			-0.0015	-0.0022	0.111


===========================================================================================
===========================================================================================
S6:
	q_c:	435.0	517.5	420.0
	ub :	451.0305	538.4153	435.8705
	lb :	414.45	503.2421	404.9837

	==================================================================================
	Q1:
		Shape: Polyhedra
		q_c:	445.0	515.5	414.0
		ub :	451.0305	521.7842	419.8721
		lb :	438.9695	509.2158	408.1279
		A:
			-0.2846	0.8304	0.479
			-0.4302	0.0544	0.9011
			0.2348	-0.2761	0.932
			-0.1441	0.985	-0.0949
			-0.244	-0.9698	0.0007
			0.8468	-0.1398	-0.5132
			0.3792	0.5599	0.7367
			-0.6003	0.7548	-0.2646
			-0.7042	-0.3419	0.6223
			-0.3792	-0.5599	-0.7367
			0.6003	-0.7548	0.2646
			0.7042	0.3419	-0.6223
		b:
			503.7028
			213.004
			351.763
			408.2657
			-604.4232
			95.6166
			766.3565
			16.4116
			-228.9909
			-758.3565
			-8.4116
			234.9909
	==================================================================================
	Q2:
		Shape: Polyhedra
		q_c:	434.5	523.5	417.0
		ub :	441.2016	531.6417	423.946
		lb :	427.7984	515.3583	410.054
		A:
			-0.544	0.2301	-0.8069
			0.6231	0.7815	-0.0312
			0.8191	0.5548	0.1462
			0.6546	0.5728	0.4934
			0.6984	-0.5329	-0.4777
			-0.2516	-0.7252	-0.6409
			0.9823	0.0868	0.1658
			0.0586	-0.9841	0.1679
			0.1777	-0.1552	-0.9718
			-0.9823	-0.0868	-0.1658
			-0.0586	0.9841	-0.1679
			-0.1777	0.1552	0.9718
		b:
			-446.8053
			673.2164
			713.1342
			795.7495
			-169.0118
			-750.3798
			546.8891
			-412.6914
			-404.2536
			-535.8891
			426.6914
			414.2536
	==================================================================================
	Q3:
		Shape: Polyhedra
		q_c:	443.5	531.5	428.5
		ub :	448.5381	538.4153	433.8269
		lb :	438.4619	524.5847	423.1731
		A:
			-0.1927	0.7973	0.5721
			0.5621	0.7031	0.4355
			-0.7118	0.1513	0.6859
			0.6605	0.3827	0.6459
			0.1166	0.5092	0.8527
			0.0149	-0.7945	-0.607
			0.0082	0.4744	0.8803
			-1.0	0.0015	0.0085
			0.0027	-0.8803	0.4744
			-0.0082	-0.4744	-0.8803
			1.0	-0.0015	-0.0085
			-0.0027	0.8803	-0.4744
		b:
			587.121
			813.8737
			62.7849
			776.9258
			690.3165
			-672.2683
			635.4751
			-434.0677
			-256.8605
			-630.4751
			444.0677
			269.8605
	==================================================================================
	Q4:
		Shape: Hybrid
		q_c:	443.5	528.0	429.0
		ub :	450.9168	538.4103	435.8705
		lb :	436.0832	517.5897	422.1295
		P^-1:
			0.1336	0.0693	-0.0586
			0.0693	0.06	-0.0697
			-0.0586	-0.0697	0.147
		A:
			0.6236	0.5476	-0.5579
			0.2825	0.2169	-0.9344
			0.4713	0.1696	0.8655
			0.9544	0.0075	-0.2985
			-0.5227	-0.3989	0.7535
			-0.6857	-0.1833	0.7045
		b:
			327.6454
			-159.0178
			673.0785
			303.1247
			-118.0418
			-96.082
	==================================================================================
	Q5:
		Shape: Ellipse
		q_c:	422.5	512.0	415.5
		ub :	427.5772	520.7579	426.0163
		lb :	417.4228	503.2421	404.9837
		P^-1:
			0.0493	-0.0006	-0.001
			-0.0006	0.0409	-0.0159
			-0.001	-0.0159	0.0196
	==================================================================================
	Q6:
		Shape: Hybrid
		q_c:	419.5	528.5	428.0
		ub :	424.55	532.5197	433.8954
		lb :	414.45	524.4803	422.1046
		P^-1:
			0.0994	0.0189	-0.0451
			0.0189	0.7592	-0.4128
			-0.0451	-0.4128	0.2856
		A:
			0.1281	-0.9558	0.2647
			0.0784	-0.8527	0.5165
			-0.5407	0.458	0.7056
			0.3088	0.9268	-0.2137
			-0.8629	0.5001	-0.0728
			-0.1403	0.8115	-0.5672
		b:
			-337.1194
			-196.098
			320.6143
			529.6709
			-126.4645
			128.0927


===========================================================================================
===========================================================================================
S7:
	q_c:	456.0	207.0	173.0
	ub :	481.1612	230.7522	196.3092
	lb :	426.5435	187.2954	157.2515

	==================================================================================
	Q1:
		Shape: Hybrid
		q_c:	438.5	217.0	170.5
		ub :	450.4565	230.7522	183.7485
		lb :	426.5435	203.2478	157.2515
		P^-1:
			0.0194	0.0075	-0.0085
			0.0075	0.0175	-0.0048
			-0.0085	-0.0048	0.02
		A:
			0.7285	0.1129	-0.6757
			-0.0928	-0.4924	0.8654
			0.1847	0.7447	-0.6414
			-0.6073	-0.7788	-0.1569
			-0.9123	0.0367	-0.4078
			0.037	0.0035	0.9993
		b:
			232.1553
			4.4847
			137.3558
			-457.4769
			-454.9123
			192.6275
	==================================================================================
	Q2:
		Shape: Ellipse
		q_c:	469.5	198.0	185.0
		ub :	478.0782	208.7046	196.3092
		lb :	460.9218	187.2954	173.6908
		P^-1:
			0.0232	0.0009	0.0017
			0.0009	0.0157	0.0002
			0.0017	0.0002	0.016
	==================================================================================
	Q3:
		Shape: Polyhedra
		q_c:	471.0	200.5	184.5
		ub :	481.1612	211.1156	194.6017
		lb :	460.8388	189.8844	174.3983
		A:
			0.6586	0.5211	-0.5429
			-0.5796	0.2607	0.7721
			-0.8141	-0.1112	-0.57
			-0.0981	0.366	0.9254
			-0.0169	0.1948	-0.9807
			-0.6504	0.1276	-0.7488
			0.7721	0.206	0.6012
			-0.4609	0.8328	0.3065
			-0.4376	-0.5137	0.738
			-0.7721	-0.206	-0.6012
			0.4609	-0.8328	-0.3065
			0.4376	0.5137	-0.738
		b:
			320.8816
			-71.2096
			-505.8527
			204.4341
			-143.7507
			-413.6054
			520.8784
			13.966
			-166.4427
			-510.8784
			1.034
			179.4427
	==================================================================================
	Q4:
		Shape: Polyhedra
		q_c:	465.5	206.5	177.0
		ub :	476.977	215.7199	188.455
		lb :	454.023	197.2801	165.545
		A:
			-0.2238	0.4647	-0.8568
			-0.0333	0.7084	0.705
			-0.6705	0.4495	-0.5902
			-0.0872	0.9942	0.063
			0.1481	0.9875	0.0545
			-0.998	-0.0597	-0.0215
			0.5873	0.7671	0.2581
			0.5532	-0.1476	-0.8199
			-0.5908	0.6243	-0.511
			-0.5873	-0.7671	-0.2581
			-0.5532	0.1476	0.8199
			0.5908	-0.6243	0.511
		b:
			-153.1135
			262.7116
			-317.7554
			181.7715
			288.1634
			-474.09
			482.997
			90.3899
			-230.5421
			-471.997
			-73.3899
			242.5421
	==================================================================================
	Q5:
		Shape: Polyhedra
		q_c:	468.0	213.5	173.5
		ub :	476.5859	222.4697	183.6005
		lb :	459.4141	204.5303	163.3995
		A:
			-0.2831	-0.8542	-0.4362
			-0.4015	-0.2374	-0.8845
			0.4523	0.093	0.887
			-0.4602	-0.42	0.7822
			-0.556	-0.0604	-0.829
			0.8672	0.3864	0.3141
			0.6882	0.5276	0.498
			0.698	-0.2943	-0.6529
			-0.1979	0.7969	-0.5708
			-0.6882	-0.5276	-0.498
			-0.698	0.2943	0.6529
			0.1979	-0.7969	0.5708
		b:
			-386.1515
			-387.5324
			390.134
			-162.3507
			-412.4844
			546.4397
			524.1341
			158.047
			-15.0247
			-518.1341
			-143.047
			28.0247
	==================================================================================
	Q6:
		Shape: Hybrid
		q_c:	452.0	199.0	168.0
		ub :	460.691	206.7495	175.2127
		lb :	443.309	191.2505	160.7873
		P^-1:
			0.0311	-0.0054	0.0003
			-0.0054	0.0367	-0.0004
			0.0003	-0.0004	0.0278
		A:
			-0.2222	0.8191	0.5289
			-0.7475	0.4013	-0.5293
			-0.8098	-0.0525	0.5843
			-0.2023	-0.9559	0.2129
			-0.5425	-0.7305	0.4149
			-0.1838	0.1329	-0.9739
		b:
			154.2951
			-343.9802
			-274.9366
			-242.8737
			-317.487
			-216.8221


===========================================================================================
===========================================================================================
