3D_30_14_6_d                l = 3

===========================================================================================
===========================================================================================
S1:
	q_c:	23.0	300.0	288.5
	ub :	39.5577	312.7274	298.1912
	lb :	12.078	285.6835	279.1578

	==================================================================================
	Q1:
		Shape: Polyhedra
		q_c:	18.0	297.0	284.5
		ub :	23.922	303.0693	289.8422
		lb :	12.078	290.9307	279.1578
		A:
			0.7517	-0.5177	-0.4085
			-0.3738	-0.9065	-0.196
			-0.3553	-0.8118	0.4634
			-0.891	0.0493	0.4512
			-0.079	0.6679	0.7401
			-0.9331	0.3516	0.0759
			0.8469	0.2759	0.4545
			-0.4863	0.056	0.872
			0.2151	-0.9596	0.1816
			-0.8469	-0.2759	-0.4545
			0.4863	-0.056	-0.872
			-0.2151	0.9596	-0.1816
		b:
			-252.5482
			-327.144
			-111.2495
			130.3507
			411.3347
			113.2851
			230.4959
			258.9743
			-224.456
			-222.4959
			-252.9743
			234.456
	==================================================================================
	Q2:
		Shape: Ellipse
		q_c:	20.5	292.5	290.0
		ub :	24.0587	293.6207	293.5559
		lb :	16.9413	291.3793	286.4441
		P^-1:
			0.3003	-0.7132	-0.103
			-0.7132	3.784	0.5236
			-0.103	0.5236	0.2356
	==================================================================================
	Q3:
		Shape: Hybrid
		q_c:	31.0	294.0	290.5
		ub :	39.5577	302.3165	298.1912
		lb :	22.4423	285.6835	282.8088
		P^-1:
			0.0398	0.0082	-0.0129
			0.0082	0.0373	-0.002
			-0.0129	-0.002	0.0531
		A:
			0.981	0.0723	-0.18
			-0.3089	0.9506	-0.0289
			-0.0596	0.7813	-0.6213
			0.7974	0.06	-0.6005
			-0.7861	0.1585	0.5974
			0.5008	-0.043	-0.8645
		b:
			2.3622
			265.158
			50.4966
			-129.7804
			198.3379
			-246.1329
	==================================================================================
	Q4:
		Shape: Hybrid
		q_c:	29.5	306.0	292.5
		ub :	35.2107	312.7274	297.6211
		lb :	23.7893	299.2726	287.3789
		P^-1:
			0.4529	0.0042	-0.4722
			0.0042	0.0441	0.0022
			-0.4722	0.0022	0.5924
		A:
			0.8349	0.0212	-0.55
			0.7506	-0.1983	-0.6302
			0.7307	-0.2303	-0.6427
			-0.6851	0.2642	0.6789
			-0.786	0.0292	0.6175
			0.7108	0.063	-0.7006
		b:
			-128.6461
			-221.7955
			-235.7617
			260.3658
			167.236
			-164.0717
	==================================================================================
	Q5:
		Shape: Hybrid
		q_c:	29.0	298.5	293.0
		ub :	35.4124	304.9526	297.7143
		lb :	22.5876	292.0474	288.2857
		P^-1:
			0.0816	0.0308	-0.0357
			0.0308	0.0789	-0.0332
			-0.0357	-0.0332	0.1114
		A:
			-0.4894	0.1707	0.8552
			-0.9316	0.1455	-0.3332
			0.6579	0.0464	-0.7517
			0.5768	0.7329	-0.3607
			0.0925	0.9952	0.0306
			-0.2608	0.0137	-0.9653
		b:
			289.3877
			-78.2118
			-185.5747
			131.3973
			311.3841
			-283.9383
	==================================================================================
	Q6:
		Shape: Polyhedra
		q_c:	29.5	305.0	283.5
		ub :	33.1415	309.0914	286.0878
		lb :	25.8585	300.9086	280.9122
		A:
			-0.0185	0.7041	-0.7099
			0.9612	0.091	0.2602
			0.6885	-0.0736	0.7215
			-0.6514	-0.5708	0.4999
			-0.3342	0.2015	-0.9207
			0.0033	-0.4635	-0.8861
			0.8936	0.4464	0.0479
			0.0321	-0.1698	0.9849
			0.4478	-0.8786	-0.1661
			-0.8936	-0.4464	-0.0479
			-0.0321	0.1698	-0.9849
			-0.4478	0.8786	0.1661
		b:
			15.2842
			132.4151
			204.684
			-49.2257
			-207.3663
			-390.0857
			178.5777
			230.3809
			-298.8382
			-173.5777
			-226.3809
			304.8382


===========================================================================================
===========================================================================================
S2:
	q_c:	281.5	37.0	235.0
	ub :	304.1302	62.3553	263.2524
	lb :	249.5094	16.1884	211.3761

	==================================================================================
	Q1:
		Shape: Polyhedra
		q_c:	269.5	51.0	242.0
		ub :	281.0521	62.3553	255.3054
		lb :	257.9479	39.6447	228.6946
		A:
			-0.139	0.098	-0.9854
			-0.1882	-0.3757	-0.9074
			-0.792	0.4115	-0.4509
			-0.3388	0.2465	-0.908
			-0.8844	-0.3278	-0.3321
			0.103	-0.994	0.0372
			0.7548	0.2022	0.6241
			-0.6498	0.3611	0.6689
			-0.0901	-0.9104	0.4039
			-0.7548	-0.2022	-0.6241
			0.6498	-0.3611	-0.6689
			0.0901	0.9104	-0.4039
		b:
			-263.3485
			-281.6186
			-295.0193
			-292.0586
			-329.8149
			-6.1794
			369.7433
			16.1688
			34.0342
			-359.7433
			5.8312
			-20.0342
	==================================================================================
	Q2:
		Shape: Polyhedra
		q_c:	275.0	49.0	251.5
		ub :	284.3771	56.0371	263.2524
		lb :	265.6229	41.9629	239.7476
		A:
			-0.1527	-0.8027	-0.5765
			-0.5313	0.845	0.0613
			0.0476	-0.9833	-0.1759
			-0.4641	0.8671	0.1811
			0.6373	-0.7025	0.3166
			-0.4776	0.8335	0.2778
			0.6255	0.4541	0.6344
			-0.5816	0.8134	-0.0088
			-0.5201	-0.3635	0.7729
			-0.6255	-0.4541	-0.6344
			0.5816	-0.8134	0.0088
			0.5201	0.3635	-0.7729
		b:
			-222.4605
			-88.1824
			-75.9368
			-38.0022
			222.9701
			-18.2608
			358.3302
			-121.2937
			45.0665
			-349.3302
			123.2937
			-22.0665
	==================================================================================
	Q3:
		Shape: Ellipse
		q_c:	274.5	22.5	239.0
		ub :	278.0645	28.8116	247.3199
		lb :	270.9355	16.1884	230.6801
		P^-1:
			0.2316	0.0328	0.0362
			0.0328	0.1054	0.0442
			0.0362	0.0442	0.0419
	==================================================================================
	Q4:
		Shape: Ellipse
		q_c:	292.0	45.0	224.5
		ub :	304.1302	56.8101	234.3316
		lb :	279.8698	33.1899	214.6684
		P^-1:
			0.0205	0.002	0.0014
			0.002	0.0194	0.0009
			0.0014	0.0009	0.022
	==================================================================================
	Q5:
		Shape: Polyhedra
		q_c:	289.5	48.5	239.5
		ub :	297.312	56.9309	247.6977
		lb :	281.688	40.0691	231.3023
		A:
			0.9756	0.0158	0.2188
			-0.3759	-0.1512	-0.9142
			-0.5549	-0.8291	-0.0684
			-0.9708	0.1817	0.1564
			0.1877	0.4583	-0.8687
			-0.8494	0.2596	-0.4594
			0.482	0.5804	0.6563
			0.4158	0.5078	-0.7545
			-0.7712	0.6366	0.0034
			-0.482	-0.5804	-0.6563
			-0.4158	-0.5078	0.7545
			0.7712	-0.6366	-0.0034
		b:
			339.982
			-329.8098
			-211.6613
			-230.4576
			-125.1134
			-339.263
			329.8838
			-29.2039
			-188.0686
			-319.8838
			42.2039
			195.0686
	==================================================================================
	Q6:
		Shape: Hybrid
		q_c:	264.0	36.5	227.0
		ub :	278.4906	46.5046	242.6239
		lb :	249.5094	26.4954	211.3761
		P^-1:
			0.0153	0.0019	0.0089
			0.0019	0.0267	-0.0036
			0.0089	-0.0036	0.0149
		A:
			0.8369	0.2604	0.4815
			0.3484	-0.2336	0.9078
			-0.4005	-0.9125	0.0829
			-0.9363	-0.3435	-0.0727
			-0.1626	0.3698	-0.9148
			0.8849	0.4612	-0.0658
		b:
			343.5735
			294.204
			-116.768
			-270.2767
			-231.6706
			241.7819


===========================================================================================
===========================================================================================
S3:
	q_c:	178.5	103.0	459.5
	ub :	205.568	127.9089	483.1118
	lb :	146.7416	81.4803	434.7032

	==================================================================================
	Q1:
		Shape: Ellipse
		q_c:	190.0	100.5	461.0
		ub :	198.8515	108.806	467.5383
		lb :	181.1485	92.194	454.4617
		P^-1:
			0.0431	0.0291	0.0114
			0.0291	0.0597	-0.0086
			0.0114	-0.0086	0.0782
	==================================================================================
	Q2:
		Shape: Polyhedra
		q_c:	199.5	100.5	459.5
		ub :	205.568	107.4863	465.2871
		lb :	193.432	93.5137	453.7129
		A:
			-0.8984	-0.3435	-0.2735
			-0.7458	-0.1019	0.6584
			-0.9887	0.1304	-0.0738
			0.5513	0.8115	-0.1938
			0.3494	0.3154	-0.8823
			-0.523	-0.6724	0.5238
			0.2666	0.558	0.7858
			-0.6509	0.7056	-0.2802
			-0.7108	-0.4368	0.5513
			-0.2666	-0.558	-0.7858
			0.6509	-0.7056	0.2802
			0.7108	0.4368	-0.5513
		b:
			-335.7569
			145.9943
			-213.6152
			105.3457
			-301.2333
			71.2884
			474.3567
			-182.1968
			69.6406
			-466.3567
			193.1968
			-65.6406
	==================================================================================
	Q3:
		Shape: Hybrid
		q_c:	193.5	119.5	465.0
		ub :	200.9432	127.9089	471.0354
		lb :	186.0568	111.0911	458.9646
		P^-1:
			0.0369	0.0064	0.0004
			0.0064	0.0268	-0.0006
			0.0004	-0.0006	0.033
		A:
			0.8646	0.4896	0.1128
			-0.3218	-0.9399	0.114
			-0.6628	0.5711	-0.4843
			-0.5711	-0.4191	-0.7059
			-0.5915	-0.7835	0.1905
			-0.6855	0.2982	0.6642
		b:
			280.7692
			-118.312
			-281.6702
			-486.0183
			-116.6726
			215.1283
	==================================================================================
	Q4:
		Shape: Ellipse
		q_c:	177.0	106.5	468.5
		ub :	186.4199	117.9692	480.0498
		lb :	167.5801	95.0308	456.9502
		P^-1:
			0.0307	0.0032	0.0049
			0.0032	0.0158	-0.0042
			0.0049	-0.0042	0.0226
	==================================================================================
	Q5:
		Shape: Hybrid
		q_c:	177.0	108.5	445.0
		ub :	190.352	120.705	455.2968
		lb :	163.648	96.295	434.7032
		P^-1:
			0.0135	0.0103	-0.0099
			0.0103	0.0277	-0.0128
			-0.0099	-0.0128	0.0335
		A:
			-0.3609	-0.5343	-0.7644
			-0.6983	-0.3342	0.633
			0.4795	0.8504	0.2167
			0.113	-0.2028	0.9727
			-0.6218	-0.326	0.7121
			-0.4996	0.1295	0.8565
		b:
			-456.4126
			125.8404
			278.2711
			435.2023
			174.9756
			311.3857
	==================================================================================
	Q6:
		Shape: Ellipse
		q_c:	163.5	98.0	470.5
		ub :	180.2584	114.5197	483.1118
		lb :	146.7416	81.4803	457.8882
		P^-1:
			0.0096	0.0036	-0.0007
			0.0036	0.0118	-0.0015
			-0.0007	-0.0015	0.0135


===========================================================================================
===========================================================================================
S4:
	q_c:	91.5	252.5	144.5
	ub :	102.5528	260.6275	162.4105
	lb :	81.6581	243.3815	136.6354

	==================================================================================
	Q1:
		Shape: Hybrid
		q_c:	87.0	252.5	155.5
		ub :	89.8957	255.0729	158.1723
		lb :	84.1043	249.9271	152.8277
		P^-1:
			0.2776	0.0644	0.0214
			0.0644	0.4003	0.0499
			0.0214	0.0499	0.2665
		A:
			-0.6232	-0.2528	-0.74
			0.3551	-0.8962	-0.2661
			-0.7225	-0.6597	0.2069
			-0.1779	-0.9465	-0.2694
			0.0787	-0.9365	0.3418
			-0.2356	-0.8654	0.4422
		b:
			-232.0985
			-235.7729
			-196.2901
			-295.5718
			-175.4327
			-169.2402
	==================================================================================
	Q2:
		Shape: Polyhedra
		q_c:	87.0	251.0	152.0
		ub :	92.3419	255.4011	155.5272
		lb :	81.6581	246.5989	148.4728
		A:
			-0.6953	0.1191	0.7088
			0.6391	-0.3208	-0.699
			-0.8504	0.5261	0.0102
			0.4266	-0.8981	-0.1069
			0.2315	-0.4495	0.8628
			-0.2449	-0.396	0.885
			0.8813	0.448	0.1506
			0.2633	-0.7301	0.6306
			0.3925	-0.5161	-0.7613
			-0.8813	-0.448	-0.1506
			-0.2633	0.7301	-0.6306
			-0.3925	0.5161	0.7613
		b:
			80.1368
			-128.4128
			62.5276
			-202.4853
			40.1923
			15.9815
			216.5079
			-62.9824
			-208.6129
			-207.5079
			65.9824
			213.6129
	==================================================================================
	Q3:
		Shape: Ellipse
		q_c:	97.0	255.0	150.5
		ub :	102.5528	260.6275	155.749
		lb :	91.4472	249.3725	145.251
		P^-1:
			0.0961	-0.0145	-0.0025
			-0.0145	0.0962	0.0025
			-0.0025	0.0025	0.0821
	==================================================================================
	Q4:
		Shape: Ellipse
		q_c:	90.0	247.0	145.0
		ub :	93.7932	250.6185	148.0231
		lb :	86.2068	243.3815	141.9769
		P^-1:
			0.211	0.1498	0.088
			0.1498	0.3483	-0.0565
			0.088	-0.0565	0.4113
	==================================================================================
	Q5:
		Shape: Hybrid
		q_c:	92.0	256.0	142.5
		ub :	98.5446	259.9185	148.3646
		lb :	85.4554	252.0815	136.6354
		P^-1:
			0.1041	0.1642	-0.1447
			0.1642	0.656	-0.4154
			-0.1447	-0.4154	0.3546
		A:
			0.5124	0.5478	-0.6614
			-0.345	-0.7589	0.5522
			0.22	0.4016	-0.889
			-0.3408	-0.6075	0.7175
			-0.4795	-0.5624	0.6736
			0.0223	-0.9589	0.283
		b:
			94.2875
			-146.7169
			-1.8389
			-83.7925
			-91.039
			-201.9054
	==================================================================================
	Q6:
		Shape: Ellipse
		q_c:	96.0	252.0	156.5
		ub :	100.2962	257.9161	162.4105
		lb :	91.7038	246.0839	150.5895
		P^-1:
			0.1874	-0.0518	-0.0638
			-0.0518	0.0981	0.046
			-0.0638	0.046	0.0954


===========================================================================================
===========================================================================================
S5:
	q_c:	255.0	38.5	370.0
	ub :	277.9955	56.6552	386.8145
	lb :	235.4135	12.9336	355.762

	==================================================================================
	Q1:
		Shape: Hybrid
		q_c:	265.0	33.0	377.0
		ub :	277.9955	46.0429	386.8145
		lb :	252.0045	19.9571	367.1855
		P^-1:
			0.0193	0.0026	-0.0142
			0.0026	0.0133	-0.0053
			-0.0142	-0.0053	0.0415
		A:
			0.865	0.2194	-0.4513
			0.1913	0.3673	-0.9102
			0.874	-0.4821	-0.0616
			-0.2789	0.1764	0.944
			0.6804	0.4445	-0.5826
			0.4143	-0.3738	-0.8298
		b:
			70.4815
			-277.4508
			198.7976
			290.8847
			-21.1019
			-211.5801
	==================================================================================
	Q2:
		Shape: Polyhedra
		q_c:	256.0	22.5	366.5
		ub :	266.0244	32.0664	375.2032
		lb :	245.9756	12.9336	357.7968
		A:
			0.5127	-0.8586	-0.0044
			-0.4426	0.0829	0.8929
			0.7213	-0.5131	-0.4654
			0.3644	-0.6323	0.6837
			-0.0923	-0.4758	0.8747
			0.887	0.2737	0.3718
			0.5363	0.8105	0.2356
			0.5877	-0.1582	-0.7934
			-0.6058	0.564	-0.5612
			-0.5363	-0.8105	-0.2356
			-0.5877	0.1582	0.7934
			0.6058	-0.564	0.5612
		b:
			116.0139
			220.819
			7.7051
			335.1477
			291.6287
			375.9492
			248.8791
			-138.8876
			-342.5738
			-234.8791
			148.8876
			353.5738
	==================================================================================
	Q3:
		Shape: Polyhedra
		q_c:	243.0	33.0	373.5
		ub :	250.5865	41.8244	382.1776
		lb :	235.4135	24.1756	364.8224
		A:
			0.6918	-0.3034	0.6553
			-0.4989	-0.8245	-0.267
			-0.5298	0.4816	-0.6981
			0.9809	0.1752	-0.0844
			0.2248	-0.7195	0.6571
			-0.7931	0.5042	-0.3418
			0.1987	0.7849	0.5869
			-0.9589	0.2794	-0.0489
			-0.2023	-0.5531	0.8081
			-0.1987	-0.7849	-0.5869
			0.9589	-0.2794	0.0489
			0.2023	0.5531	-0.8081
		b:
			408.9383
			-243.5116
			-366.982
			218.3231
			283.3961
			-297.8778
			297.4179
			-236.5529
			241.9282
			-289.4179
			247.5529
			-226.9282
	==================================================================================
	Q4:
		Shape: Ellipse
		q_c:	245.5	31.5	368.5
		ub :	252.8503	39.6007	376.6213
		lb :	238.1497	23.3993	360.3787
		P^-1:
			0.0463	0.0039	0.0056
			0.0039	0.0339	0.0029
			0.0056	0.0029	0.03
	==================================================================================
	Q5:
		Shape: Hybrid
		q_c:	261.5	44.5	377.0
		ub :	269.8279	52.8576	384.6984
		lb :	253.1721	36.1424	369.3016
		P^-1:
			0.0433	0.0062	-0.0036
			0.0062	0.0432	0.0038
			-0.0036	0.0038	0.0307
		A:
			0.1971	0.8801	-0.432
			0.0193	0.9566	0.2909
			-0.7916	0.4599	-0.4024
			0.6079	0.5594	0.5635
			0.2587	-0.8946	0.3644
			-0.7008	0.0519	-0.7115
		b:
			-69.283
			159.8056
			-334.8795
			399.0099
			168.4224
			-445.7293
	==================================================================================
	Q6:
		Shape: Polyhedra
		q_c:	244.5	50.5	361.0
		ub :	250.5283	56.6552	366.238
		lb :	238.4717	44.3448	355.762
		A:
			0.5855	-0.1698	-0.7927
			0.0152	0.9923	0.1231
			-0.029	0.7308	-0.682
			-0.656	0.3438	0.6719
			-0.1313	-0.5693	0.8116
			0.1557	0.4735	0.8669
			0.5524	0.626	0.5504
			0.5299	0.246	-0.8116
			-0.6435	0.74	-0.1958
			-0.5524	-0.626	-0.5504
			-0.5299	-0.246	0.8116
			0.6435	-0.74	0.1958
		b:
			-149.1604
			102.652
			-213.8311
			102.153
			234.4035
			379.785
			370.8712
			-149.0062
			-187.6634
			-359.8712
			153.0062
			193.6634


===========================================================================================
===========================================================================================
S6:
	q_c:	271.0	304.0	312.0
	ub :	284.9993	323.0644	333.0879
	lb :	260.5436	302.1613	303.6242

	==================================================================================
	Q1:
		Shape: Hybrid
		q_c:	269.5	318.0	309.0
		ub :	274.6045	323.0644	314.3758
		lb :	264.3955	312.9356	303.6242
		P^-1:
			0.0669	-0.0106	0.0086
			-0.0106	0.1016	-0.0105
			0.0086	-0.0105	0.0867
		A:
			0.2785	0.5738	-0.7702
			-0.3907	0.4158	0.8213
			-0.162	-0.8805	0.4456
			0.5224	-0.2742	-0.8074
			0.4057	0.913	-0.043
			-0.2748	-0.9594	0.0638
		b:
			21.409
			282.834
			-184.2495
			-193.6788
			388.3265
			-357.5718
	==================================================================================
	Q2:
		Shape: Hybrid
		q_c:	278.0	313.5	312.5
		ub :	284.8408	320.6439	316.8071
		lb :	271.1592	306.3561	308.1929
		P^-1:
			0.0565	-0.0239	-0.0144
			-0.0239	0.0619	-0.0287
			-0.0144	-0.0287	0.151
		A:
			0.6726	-0.5017	-0.5439
			0.4766	-0.5099	0.7161
			0.3977	-0.4055	-0.823
			-0.1998	-0.036	0.9792
			0.8744	-0.484	0.0345
			0.4332	0.2091	0.8767
		b:
			-138.1779
			198.2199
			-271.8102
			240.52
			104.6178
			463.0407
	==================================================================================
	Q3:
		Shape: Ellipse
		q_c:	277.5	308.5	316.5
		ub :	282.9559	314.8387	321.2335
		lb :	272.0441	302.1613	311.7665
		P^-1:
			0.1089	0.0136	-0.0393
			0.0136	0.0366	0.0021
			-0.0393	0.0021	0.1292
	==================================================================================
	Q4:
		Shape: Polyhedra
		q_c:	280.5	310.5	317.0
		ub :	284.9993	315.69	321.7579
		lb :	276.0007	305.31	312.2421
		A:
			-0.6973	-0.2895	0.6557
			-0.6093	-0.2865	0.7394
			-0.7777	0.0487	-0.6267
			-0.5735	-0.5246	0.6292
			0.6836	0.5203	-0.5119
			0.9995	-0.016	-0.0285
			0.8691	0.2532	0.425
			0.2295	0.5548	-0.7997
			-0.4382	0.7926	0.424
			-0.8691	-0.2532	-0.425
			-0.2295	-0.5548	0.7997
			0.4382	-0.7926	-0.424
		b:
			-74.8743
			-22.7559
			-399.1841
			-121.7981
			193.5361
			269.2087
			459.6056
			-14.3966
			261.5821
			-454.6056
			19.3966
			-253.5821
	==================================================================================
	Q5:
		Shape: Polyhedra
		q_c:	267.5	307.5	320.5
		ub :	272.8992	312.4358	323.9839
		lb :	262.1008	302.5642	317.0161
		A:
			-0.2824	-0.5603	-0.7786
			-0.0522	0.5665	0.8224
			0.3537	-0.5652	-0.7453
			0.0859	-0.9961	-0.0218
			0.87	0.2603	0.4187
			0.0126	-0.9938	-0.1107
			0.2985	0.243	0.9229
			-0.2209	-0.9232	0.3145
			0.9285	-0.2978	-0.2219
			-0.2985	-0.243	-0.9229
			0.2209	0.9232	-0.3145
			-0.9285	0.2978	0.2219
		b:
			-495.5335
			426.2072
			-314.8131
			-286.7265
			450.2028
			-334.2357
			451.8858
			-238.6708
			90.1662
			-448.8858
			245.6708
			-81.1662
	==================================================================================
	Q6:
		Shape: Ellipse
		q_c:	267.5	309.0	325.5
		ub :	274.4564	315.7261	333.0879
		lb :	260.5436	302.2739	317.9121
		P^-1:
			0.042	0.0056	-0.0123
			0.0056	0.0497	-0.0012
			-0.0123	-0.0012	0.0533


===========================================================================================
===========================================================================================
S7:
	q_c:	137.5	116.5	378.5
	ub :	155.5968	135.456	393.3439
	lb :	119.3956	96.7941	357.9802

	==================================================================================
	Q1:
		Shape: Polyhedra
		q_c:	149.0	122.5	377.0
		ub :	155.5968	128.9248	383.0977
		lb :	142.4032	116.0752	370.9023
		A:
			0.4273	0.8735	0.2334
			0.2471	0.8576	-0.451
			0.1969	-0.9802	0.0233
			0.223	0.4903	-0.8425
			-0.0549	0.4289	0.9017
			-0.5396	0.8283	-0.1507
			0.6344	0.7711	0.0539
			0.6795	-0.5231	-0.5145
			-0.3685	0.363	-0.8558
			-0.6344	-0.7711	-0.0539
			-0.6795	0.5231	0.5145
			0.3685	-0.363	0.8558
		b:
			262.214
			-24.2587
			-78.0433
			-220.107
			388.4305
			-31.5689
			212.8074
			-152.8089
			-328.573
			-205.8074
			160.8089
			337.573
	==================================================================================
	Q2:
		Shape: Polyhedra
		q_c:	128.0	109.0	367.0
		ub :	135.6124	117.2802	376.0198
		lb :	120.3876	100.7198	357.9802
		A:
			-0.3292	0.4334	-0.8389
			-0.143	0.8761	0.4605
			0.4775	0.8642	-0.1585
			-0.8394	0.4952	-0.2237
			-0.0711	0.9113	0.4057
			0.3112	-0.2535	-0.9159
			0.1708	0.7973	0.579
			0.7584	0.2687	-0.5938
			-0.629	0.5405	-0.5588
			-0.1708	-0.7973	-0.579
			-0.7584	-0.2687	0.5938
			0.629	-0.5405	0.5588
		b:
			-299.2607
			252.429
			103.4507
			-132.1532
			245.3324
			-317.5148
			327.7413
			-85.0568
			-224.1614
			-314.7413
			98.0568
			229.1614
	==================================================================================
	Q3:
		Shape: Ellipse
		q_c:	127.0	108.5	367.5
		ub :	134.6044	115.7589	375.0564
		lb :	119.3956	101.2411	359.9436
		P^-1:
			0.0461	0.0068	0.0004
			0.0068	0.0534	-0.0082
			0.0004	-0.0082	0.0523
	==================================================================================
	Q4:
		Shape: Ellipse
		q_c:	141.0	104.0	377.5
		ub :	149.8036	111.2059	385.8271
		lb :	132.1964	96.7941	369.1729
		P^-1:
			0.1654	0.1171	0.1653
			0.1171	0.1142	0.1314
			0.1653	0.1314	0.203
	==================================================================================
	Q5:
		Shape: Ellipse
		q_c:	131.0	123.5	381.5
		ub :	142.4506	133.2106	393.3439
		lb :	119.5494	113.7894	369.6561
		P^-1:
			0.0198	0.0046	0.0052
			0.0046	0.0268	0.0044
			0.0052	0.0044	0.0224
	==================================================================================
	Q6:
		Shape: Polyhedra
		q_c:	130.0	126.0	371.0
		ub :	139.5394	135.456	380.923
		lb :	120.4606	116.544	361.077
		A:
			0.6285	-0.2627	-0.7321
			-0.5669	0.5321	0.629
			0.8375	0.0652	-0.5425
			-0.3129	0.735	0.6016
			0.9474	-0.1361	-0.2898
			-0.9149	-0.3767	-0.1449
			0.5416	0.7598	0.3597
			0.7543	-0.2504	-0.6069
			-0.3711	0.6	-0.7087
			-0.5416	-0.7598	-0.3597
			-0.7543	0.2504	0.6069
			0.3711	-0.6	0.7087
		b:
			-217.4693
			232.1984
			-78.6734
			280.6314
			4.0619
			-214.6097
			305.0948
			-153.1389
			-229.0709
			-294.0948
			164.1389
			242.0709


===========================================================================================
===========================================================================================
S8:
	q_c:	11.5	197.0	94.0
	ub :	25.2409	214.0433	111.6529
	lb :	-2.4035	185.9718	85.0216

	==================================================================================
	Q1:
		Shape: Polyhedra
		q_c:	13.5	193.0	96.0
		ub :	20.0028	199.2734	100.3354
		lb :	6.9972	186.7266	91.6646
		A:
			-0.0818	0.9903	-0.1123
			-0.9954	-0.0702	-0.0653
			-0.9433	0.0027	0.3318
			-0.8457	-0.362	-0.3922
			-0.3267	-0.572	0.7523
			0.3415	-0.0736	0.937
			0.5074	0.6964	0.5076
			-0.3419	-0.378	0.8604
			0.791	-0.61	0.0463
			-0.5074	-0.6964	-0.5076
			0.3419	0.378	-0.8604
			-0.791	0.61	-0.0463
		b:
			183.2701
			-29.0228
			23.836
			-115.3985
			-39.5497
			83.6835
			192.9809
			8.0311
			-97.6119
			-186.9809
			-2.0311
			107.6119
	==================================================================================
	Q2:
		Shape: Polyhedra
		q_c:	5.0	206.5	103.5
		ub :	10.5371	214.0433	110.9969
		lb :	-0.5371	198.9567	96.0031
		A:
			-0.9619	-0.2194	0.1632
			0.0558	-0.7679	0.6382
			0.5313	-0.4166	0.7377
			-0.2198	-0.2785	0.9349
			0.9774	-0.1674	0.1288
			0.3869	-0.8047	0.4502
			0.0626	0.7699	0.6351
			-0.4359	0.5935	-0.6765
			-0.8978	-0.2345	0.3728
			-0.0626	-0.7699	-0.6351
			0.4359	-0.5935	0.6765
			0.8978	0.2345	-0.3728
		b:
			-28.7302
			-89.1789
			-4.2641
			42.1843
			-12.4738
			-114.5305
			231.5298
			52.8589
			-9.8204
			-218.5298
			-47.8589
			18.8204
	==================================================================================
	Q3:
		Shape: Polyhedra
		q_c:	19.0	191.5	106.5
		ub :	25.2409	197.0282	111.6529
		lb :	12.7591	185.9718	101.3471
		A:
			0.5518	0.4484	0.7032
			0.1882	-0.2196	0.9573
			0.6492	0.1707	-0.7413
			-0.3256	0.6597	-0.6774
			-0.2012	0.6764	0.7085
			-0.362	0.5483	0.7538
			0.1758	0.7066	0.6855
			0.4556	0.5588	-0.6929
			-0.8726	0.4341	-0.2237
			-0.1758	-0.7066	-0.6855
			-0.4556	-0.5588	0.6929
			0.8726	-0.4341	0.2237
		b:
			173.6502
			67.3614
			-29.5812
			52.4935
			203.3428
			181.1569
			213.1498
			46.3803
			47.2306
			-210.1498
			-37.3803
			-38.2306
	==================================================================================
	Q4:
		Shape: Polyhedra
		q_c:	2.0	192.0	89.5
		ub :	6.4035	196.1771	93.9784
		lb :	-2.4035	187.8229	85.0216
		A:
			0.7349	0.3465	0.583
			-0.154	-0.7635	-0.6272
			-0.6432	0.6796	0.3527
			0.1322	0.9626	-0.2363
			-0.0221	0.3347	-0.9421
			-0.5414	-0.2452	-0.8042
			0.5099	0.7437	0.4323
			-0.816	0.2591	0.5167
			0.2723	-0.6162	0.739
			-0.5099	-0.7437	-0.4323
			0.816	-0.2591	-0.5167
			-0.2723	0.6162	-0.739
		b:
			122.7073
			-200.4446
			163.6606
			166.4405
			-17.5276
			-117.6461
			185.0104
			97.3525
			-49.1316
			-180.0104
			-91.3525
			54.1316
	==================================================================================
	Q5:
		Shape: Hybrid
		q_c:	10.0	198.0	97.5
		ub :	15.2286	204.3161	103.655
		lb :	4.7714	191.6839	91.345
		P^-1:
			0.0745	0.0017	0.0091
			0.0017	0.0341	0.0061
			0.0091	0.0061	0.0686
		A:
			0.9736	-0.0823	0.213
			0.7078	0.0385	-0.7053
			0.9526	0.2614	0.1555
			0.9139	0.3515	-0.2031
			-0.8144	0.4669	0.3446
			-0.1762	0.5984	-0.7816
		b:
			16.0996
			-51.7874
			78.4089
			61.2416
			120.3594
			43.4907
	==================================================================================
	Q6:
		Shape: Hybrid
		q_c:	2.0	195.0	102.0
		ub :	5.6286	198.6315	105.5098
		lb :	-1.6286	191.3685	98.4902
		P^-1:
			0.2206	-0.0383	-0.0177
			-0.0383	0.2	-0.0231
			-0.0177	-0.0231	0.2394
		A:
			0.6565	0.6846	0.3168
			0.0127	0.985	0.1723
			-0.2166	-0.618	-0.7558
			-0.1006	0.8784	-0.4672
			0.6288	-0.6773	0.3819
			0.3166	-0.5623	-0.7639
		b:
			168.6173
			211.0011
			-196.6582
			124.5283
			-90.8667
			-185.8059


===========================================================================================
===========================================================================================
S9:
	q_c:	306.5	363.5	268.5
	ub :	313.4344	375.4722	279.4894
	lb :	295.1149	355.5755	262.0759

	==================================================================================
	Q1:
		Shape: Hybrid
		q_c:	307.5	370.0	275.0
		ub :	312.7699	375.4722	278.6731
		lb :	302.2301	364.5278	271.3269
		P^-1:
			0.1401	0.0732	0.0237
			0.0732	0.112	0.0421
			0.0237	0.0421	0.2073
		A:
			-0.8171	-0.5187	-0.2518
			0.8244	0.5625	0.0633
			-0.9448	-0.2482	-0.2137
			-0.2711	0.3265	-0.9055
			0.5213	-0.3261	-0.7886
			-0.667	-0.6562	0.3529
		b:
			-511.1784
			480.286
			-439.4413
			-209.5267
			-175.2191
			-349.3184
	==================================================================================
	Q2:
		Shape: Ellipse
		q_c:	308.5	372.0	265.0
		ub :	310.5186	374.4826	267.9241
		lb :	306.4814	369.5174	262.0759
		P^-1:
			0.6462	-0.6769	0.4989
			-0.6769	2.2713	-1.8077
			0.4989	-1.8077	1.6381
	==================================================================================
	Q3:
		Shape: Hybrid
		q_c:	300.0	365.0	270.5
		ub :	304.0689	370.3052	274.2735
		lb :	295.9311	359.6948	266.7265
		P^-1:
			0.2952	0.099	0.1189
			0.099	0.0851	0.0797
			0.1189	0.0797	0.2642
		A:
			0.8795	0.1974	0.4331
			-0.295	-0.1401	-0.9452
			-0.3267	-0.0773	-0.9419
			0.0744	-0.0771	0.9942
			0.0067	-0.079	-0.9969
			-0.8488	0.1384	-0.5102
		b:
			454.0045
			-394.1027
			-379.7636
			264.8352
			-295.0253
			-340.2077
	==================================================================================
	Q4:
		Shape: Hybrid
		q_c:	309.5	359.5	275.5
		ub :	313.4344	362.985	279.1581
		lb :	305.5656	356.015	271.8419
		P^-1:
			0.1746	0.0051	-0.069
			0.0051	0.1115	-0.0055
			-0.069	-0.0055	0.1861
		A:
			-0.1556	-0.9565	-0.2467
			0.0203	0.1467	-0.989
			0.4373	-0.8939	0.0981
			-0.3788	-0.0968	-0.9204
			0.612	0.2814	-0.7391
			0.6004	-0.5784	-0.5523
		b:
			-457.9968
			-211.955
			-157.0143
			-403.7496
			88.0208
			-172.802
	==================================================================================
	Q5:
		Shape: Hybrid
		q_c:	301.5	363.0	269.5
		ub :	307.8851	366.9007	275.5127
		lb :	295.1149	359.0993	263.4873
		P^-1:
			0.0554	-0.0084	0.0065
			-0.0084	0.1098	-0.0011
			0.0065	-0.0011	0.0579
		A:
			-0.3935	0.8546	-0.339
			-0.2337	-0.8953	0.3792
			0.2475	-0.8625	-0.4415
			-0.5821	-0.5177	0.627
			-0.2415	0.8111	-0.5328
			-0.6977	-0.6055	0.3829
		b:
			101.89
			-291.3331
			-355.5728
			-191.6984
			79.8481
			-324.3182
	==================================================================================
	Q6:
		Shape: Hybrid
		q_c:	302.0	358.5	276.0
		ub :	305.2539	361.4245	279.4894
		lb :	298.7461	355.5755	272.5106
		P^-1:
			0.2408	0.0637	-0.0007
			0.0637	0.3382	0.121
			-0.0007	0.121	0.2755
		A:
			0.0024	-0.6763	-0.7367
			-0.9707	0.0529	-0.2346
			-0.3784	0.5854	0.7171
			-0.2499	0.7829	-0.5697
			-0.1393	0.8013	-0.5818
			-0.3425	-0.6267	-0.6999
		b:
			-444.2328
			-337.4948
			294.4577
			49.6732
			86.2639
			-520.4805


===========================================================================================
===========================================================================================
S10:
	q_c:	90.0	300.5	90.5
	ub :	119.9981	335.6679	114.1492
	lb :	60.8799	267.9682	61.3543

	==================================================================================
	Q1:
		Shape: Polyhedra
		q_c:	81.5	310.0	80.0
		ub :	102.1201	327.3933	98.6457
		lb :	60.8799	292.6067	61.3543
		A:
			-0.6647	-0.7388	0.1111
			-0.3285	0.3071	-0.8932
			0.4859	0.6756	-0.5544
			0.7495	0.5833	-0.3131
			0.5723	-0.4082	-0.7112
			0.3051	-0.6191	-0.7236
			0.5686	0.7224	0.3935
			0.5285	0.0458	-0.8477
			-0.6304	0.6899	-0.3558
			-0.5686	-0.7224	-0.3935
			-0.5285	-0.0458	0.8477
			0.6304	-0.6899	0.3558
		b:
			-264.2159
			10.0198
			216.083
			227.3685
			-124.9109
			-213.5824
			311.2664
			0.9439
			148.5442
			-292.2664
			22.0561
			-119.5442
	==================================================================================
	Q2:
		Shape: Ellipse
		q_c:	100.5	316.5	98.5
		ub :	119.9981	335.6679	112.6987
		lb :	81.0019	297.3321	84.3013
		P^-1:
			0.0077	-0.0015	-0.0006
			-0.0015	0.0064	0.0004
			-0.0006	0.0004	0.0096
	==================================================================================
	Q3:
		Shape: Hybrid
		q_c:	79.5	317.5	84.0
		ub :	86.3748	327.8256	91.1189
		lb :	72.6252	307.1744	76.8811
		P^-1:
			0.2799	0.145	0.1318
			0.145	0.0941	0.0931
			0.1318	0.0931	0.142
		A:
			-0.6337	-0.4464	-0.6318
			-0.6633	-0.5081	-0.5494
			0.8543	0.4476	-0.2642
			-0.958	-0.2115	0.1937
			0.6073	0.7585	0.2363
			0.4762	0.4103	0.7778
		b:
			-244.2473
			-259.2313
			190.5777
			-124.7652
			312.6947
			234.8525
	==================================================================================
	Q4:
		Shape: Ellipse
		q_c:	70.0	295.0	79.5
		ub :	78.2198	308.5795	94.6259
		lb :	61.7802	281.4205	64.3741
		P^-1:
			0.0273	0.0004	0.0021
			0.0004	0.016	0.0067
			0.0021	0.0067	0.0112
	==================================================================================
	Q5:
		Shape: Ellipse
		q_c:	110.5	307.0	108.0
		ub :	116.9843	315.6604	114.1492
		lb :	104.0157	298.3396	101.8508
		P^-1:
			0.0726	-0.0214	-0.0052
			-0.0214	0.0262	0.0014
			-0.0052	0.0014	0.0336
	==================================================================================
	Q6:
		Shape: Ellipse
		q_c:	105.5	284.0	81.5
		ub :	116.6772	300.0318	98.6781
		lb :	94.3228	267.9682	64.3219
		P^-1:
			0.0138	-0.0001	0.0003
			-0.0001	0.012	0.0036
			0.0003	0.0036	0.007


===========================================================================================
===========================================================================================
S11:
	q_c:	56.0	26.5	322.0
	ub :	63.5422	34.2419	331.0007
	lb :	46.2259	18.5841	316.2548

	==================================================================================
	Q1:
		Shape: Ellipse
		q_c:	53.0	25.5	328.0
		ub :	56.3482	29.5435	331.0007
		lb :	49.6518	21.4565	324.9993
		P^-1:
			0.2277	0.0465	-0.0207
			0.0465	0.1526	0.0433
			-0.0207	0.0433	0.2307
	==================================================================================
	Q2:
		Shape: Hybrid
		q_c:	59.5	24.0	325.5
		ub :	63.5422	28.0571	329.6439
		lb :	55.4578	19.9429	321.3561
		P^-1:
			0.1573	0.0026	0.0139
			0.0026	0.1574	-0.0137
			0.0139	-0.0137	0.0869
		A:
			-0.9141	-0.1238	0.386
			0.8714	-0.49	0.022
			0.5763	0.5536	0.6012
			0.3639	-0.5821	0.7272
			-0.1559	0.8694	-0.4688
			0.088	-0.441	-0.8932
		b:
			69.8439
			48.5602
			244.8783
			245.947
			-139.6685
			-293.8996
	==================================================================================
	Q3:
		Shape: Polyhedra
		q_c:	50.5	22.5	323.0
		ub :	54.7741	26.3139	326.8322
		lb :	46.2259	18.6861	319.1678
		A:
			-0.6176	-0.2654	0.7404
			0.3266	-0.3316	-0.8851
			-0.8095	0.346	0.4743
			0.1866	-0.3121	-0.9315
			0.1731	0.9847	0.0216
			-0.0792	-0.9266	0.3676
			0.861	0.3375	0.3804
			0.4884	-0.7574	-0.4334
			0.1419	0.5589	-0.817
			-0.861	-0.3375	-0.3804
			-0.4884	0.7574	0.4334
			-0.1419	-0.5589	0.817
		b:
			204.2173
			-274.7996
			122.402
			-296.3078
			40.3267
			96.0116
			177.4544
			-130.3607
			-242.1434
			-170.4544
			134.3607
			246.1434
	==================================================================================
	Q4:
		Shape: Polyhedra
		q_c:	56.0	25.5	321.0
		ub :	60.0352	30.3311	325.7452
		lb :	51.9648	20.6689	316.2548
		A:
			-0.4315	-0.5333	0.7276
			0.8143	0.5485	-0.1902
			0.3004	0.9208	0.249
			-0.8947	0.2604	-0.3629
			-0.6024	-0.0729	-0.7949
			-0.4058	0.041	-0.913
			0.9437	0.2607	0.2034
			0.0806	-0.7779	0.6232
			0.3207	-0.5717	-0.7552
			-0.9437	-0.2607	-0.2034
			-0.0806	0.7779	-0.6232
			-0.3207	0.5717	0.7552
		b:
			198.7951
			1.5296
			123.2245
			-156.9525
			-287.7504
			-311.7643
			127.7873
			187.7168
			-236.0295
			-121.7873
			-181.7168
			242.0295
	==================================================================================
	Q5:
		Shape: Polyhedra
		q_c:	54.0	21.5	323.0
		ub :	58.6634	24.4159	326.7508
		lb :	49.3366	18.5841	319.2492
		A:
			0.2318	0.9688	-0.0872
			-0.3353	0.9032	-0.2679
			0.414	-0.9093	0.0421
			-0.2649	0.2665	-0.9267
			0.9727	0.0856	0.2158
			0.6493	0.0228	0.7602
			0.1851	0.8877	0.4216
			0.9526	-0.0567	-0.2988
			-0.2414	0.457	-0.8561
			-0.1851	-0.8877	-0.4216
			-0.9526	0.0567	0.2988
			0.2414	-0.457	0.8561
		b:
			7.2911
			-82.9882
			18.9167
			-305.9094
			127.6375
			283.5101
			167.2642
			-42.2958
			-277.735
			-163.2642
			50.2958
			281.735
	==================================================================================
	Q6:
		Shape: Polyhedra
		q_c:	51.5	31.5	320.0
		ub :	54.3916	34.2419	322.8609
		lb :	48.6084	28.7581	317.1391
		A:
			0.9753	0.1307	0.1783
			-0.4567	0.1014	-0.8838
			0.6281	-0.7723	-0.0955
			-0.9434	0.2614	0.204
			0.0771	0.7861	0.6133
			-0.0414	0.8816	-0.4703
			0.5462	0.7787	0.3086
			0.7396	-0.6213	0.2588
			0.3932	0.0869	-0.9153
			-0.5462	-0.7787	-0.3086
			-0.7396	0.6213	-0.2588
			-0.3932	-0.0869	0.9153
		b:
			113.2991
			-301.3446
			-21.2654
			26.4178
			227.2964
			-123.078
			153.9105
			102.3219
			-267.9134
			-148.9105
			-100.3219
			271.9134


===========================================================================================
===========================================================================================
S12:
	q_c:	407.5	487.5	47.0
	ub :	433.856	505.8934	71.9614
	lb :	387.7392	470.5767	22.8838

	==================================================================================
	Q1:
		Shape: Polyhedra
		q_c:	415.5	492.0	62.0
		ub :	424.6823	499.6733	68.2654
		lb :	406.3177	484.3267	55.7346
		A:
			-0.0462	-0.8861	0.4612
			-0.2254	-0.7714	-0.5951
			0.4608	-0.8819	-0.0992
			-0.0932	0.2131	0.9726
			-0.3624	0.6311	0.6858
			-0.3859	0.3125	-0.868
			0.9465	0.2892	0.1435
			0.32	-0.8992	-0.2985
			0.0427	0.3284	-0.9436
			-0.9465	-0.2892	-0.1435
			-0.32	0.8992	0.2985
			-0.0427	-0.3284	0.9436
		b:
			-422.057
			-504.4591
			-243.9571
			130.5971
			206.8908
			-55.5212
			552.4195
			-323.4567
			124.8305
			-536.4195
			332.4567
			-116.8305
	==================================================================================
	Q2:
		Shape: Ellipse
		q_c:	416.5	490.0	53.0
		ub :	424.6354	497.7357	60.9845
		lb :	408.3646	482.2643	45.0155
		P^-1:
			0.0388	-0.0163	-0.0007
			-0.0163	0.0511	0.0027
			-0.0007	0.0027	0.0241
	==================================================================================
	Q3:
		Shape: Ellipse
		q_c:	425.5	490.5	29.0
		ub :	433.856	501.0352	35.1162
		lb :	417.144	479.9648	22.8838
		P^-1:
			0.0391	0.013	0.0107
			0.013	0.0232	0.0249
			0.0107	0.0249	0.1011
	==================================================================================
	Q4:
		Shape: Polyhedra
		q_c:	407.5	475.0	45.5
		ub :	419.5052	479.4233	55.4756
		lb :	395.4948	470.5767	35.5244
		A:
			0.5425	-0.8346	0.0958
			0.1204	0.8741	0.4705
			0.1541	0.714	-0.683
			0.108	-0.3005	0.9476
			0.0446	0.9065	0.4199
			0.2296	-0.9475	0.2227
			0.915	0.0818	0.395
			-0.3949	-0.0181	0.9185
			0.0823	-0.9965	0.0157
			-0.915	-0.0818	-0.395
			0.3949	0.0181	-0.9185
			-0.0823	0.9965	-0.0157
		b:
			-165.3991
			490.9871
			376.1086
			-48.4915
			472.64
			-342.2113
			439.7018
			-121.2243
			-435.5836
			-419.7018
			134.2243
			442.5836
	==================================================================================
	Q5:
		Shape: Ellipse
		q_c:	415.5	492.0	57.0
		ub :	430.9401	504.6549	71.9614
		lb :	400.0599	479.3451	42.0386
		P^-1:
			0.013	0.0032	0.0029
			0.0032	0.0156	0.0034
			0.0029	0.0034	0.013
	==================================================================================
	Q6:
		Shape: Ellipse
		q_c:	398.0	496.5	42.0
		ub :	408.2608	505.8934	49.5448
		lb :	387.7392	487.1066	34.4552
		P^-1:
			0.0267	-0.0032	0.021
			-0.0032	0.0646	0.0588
			0.021	0.0588	0.121


===========================================================================================
===========================================================================================
S13:
	q_c:	195.5	387.0	380.0
	ub :	216.953	407.6155	396.9549
	lb :	178.3544	371.322	363.8653

	==================================================================================
	Q1:
		Shape: Polyhedra
		q_c:	200.0	379.0	387.0
		ub :	209.415	386.678	396.9549
		lb :	190.585	371.322	377.0451
		A:
			0.0526	0.8131	-0.5798
			0.5932	-0.7076	0.3839
			-0.2821	0.8141	0.5076
			0.199	-0.5262	-0.8267
			0.5114	0.1871	-0.8388
			-0.5403	-0.7754	0.3268
			0.6664	0.2786	0.6916
			-0.71	0.5203	0.4745
			-0.2277	-0.8073	0.5445
			-0.6664	-0.2786	-0.6916
			0.71	-0.5203	-0.4745
			0.2277	0.8073	-0.5445
		b:
			98.4107
			4.3339
			453.5206
			-473.6499
			-147.1647
			-270.6701
			515.0036
			242.8498
			-136.7654
			-498.0036
			-234.8498
			144.7654
	==================================================================================
	Q2:
		Shape: Hybrid
		q_c:	184.5	378.5	370.5
		ub :	190.3147	385.0786	377.1347
		lb :	178.6853	371.9214	363.8653
		P^-1:
			0.0485	0.0002	-0.0065
			0.0002	0.0995	-0.0653
			-0.0065	-0.0653	0.0891
		A:
			-0.2461	-0.9684	-0.0395
			-0.3946	0.6208	-0.6774
			-0.1283	0.3741	-0.9185
			-0.1566	0.1432	0.9772
			0.279	0.4359	-0.8557
			-0.0817	-0.9144	0.3964
		b:
			-423.18
			-86.979
			-220.1317
			391.0961
			-98.7161
			-212.4909
	==================================================================================
	Q3:
		Shape: Ellipse
		q_c:	209.5	396.5	375.0
		ub :	216.953	405.4268	382.5266
		lb :	202.047	387.5732	367.4734
		P^-1:
			0.0371	0.0049	0.0016
			0.0049	0.0308	-0.0005
			0.0016	-0.0005	0.0329
	==================================================================================
	Q4:
		Shape: Hybrid
		q_c:	195.0	395.5	380.5
		ub :	206.7553	407.6155	393.2988
		lb :	183.2447	383.3845	367.7012
