3D_30_15_6_f                l = 3

===========================================================================================
===========================================================================================
S1:
	q_c:    366.5000    490.5000    434.0000
	ub :    382.0000    501.0000    462.0000
	lb :    351.0000    480.0000    406.0000

	==================================================================================
	Q1:
		Shape: Polyhedra
		q_c:    363.0000    494.0000    422.0000
		ub :    368.5490    500.5222    428.2528
		lb :    357.4510    487.4778    415.7472
		A:
			    0.9416    -0.2482    -0.2276
			    -0.9449    -0.3259    0.0299
			    0.7674    0.4908    -0.4125
			    0.9856    0.1691    -0.0003
			    0.1794    0.7694    0.6131
			    -0.9610    0.0998    -0.2580
			    0.7802    0.0608    0.6225
			    -0.6255    0.0749    0.7766
			    0.0006    -0.9953    0.0965
			    -0.7802    -0.0608    -0.6225
			    0.6255    -0.0749    -0.7766
			    -0.0006    0.9953    -0.0965
		b:
			    127.4142
			    -487.2002
			    351.8168
			    445.1530
			    708.9742
			    -404.6506
			    579.4810
			    142.1982
			    -444.7483
			    -572.4810
			    -133.1982
			    456.7483
	==================================================================================
	Q2:
		Shape: Hybrid
		q_c:    364.5000    486.5000    425.5000
		ub :    367.7887    491.8436    431.0100
		lb :    361.2113    481.1564    419.9900
		P^-1: 
			    0.3866    -0.0833    0.1086
			    -0.0833    0.0839    -0.0279
			    0.1086    -0.0279    0.0989
		A:
			    -0.4762    0.7301    -0.4901
			    0.4872    -0.0660    0.8708
			    -0.5765    -0.2269    -0.7849
			    -0.9261    -0.3772    -0.0073
			    0.9092    -0.3010    0.2878
			    -0.7991    -0.0344    -0.6002
		b:
			    -24.8229
			    518.1731
			    -652.2817
			    -522.1208
			    308.1594
			    -562.0369
	==================================================================================
	Q3:
		Shape: Ellipse
		q_c:    361.5000    499.0000    443.0000
		ub :    369.4521    508.0062    451.6986
		lb :    353.5479    489.9938    434.3014
		P^-1: 
			    0.0206    0.0010    0.0007
			    0.0010    0.0297    -0.0027
			    0.0007    -0.0027    0.0309
	==================================================================================
	Q4:
		Shape: Ellipse
		q_c:    364.5000    482.5000    439.5000
		ub :    369.8117    490.9268    448.7932
		lb :    359.1883    474.0732    430.2068
		P^-1: 
			    0.6119    0.4475    0.1712
			    0.4475    0.3586    0.1305
			    0.1712    0.1305    0.0677
	==================================================================================
	Q5:
		Shape: Ellipse
		q_c:    366.0000    499.0000    436.0000
		ub :    370.4528    503.8656    439.0968
		lb :    361.5472    494.1344    432.9032
		P^-1: 
			    0.1899    0.0824    -0.0953
			    0.0824    0.1204    -0.0938
			    -0.0953    -0.0938    0.3566
	==================================================================================
	Q6:
		Shape: Polyhedra
		q_c:    362.5000    481.5000    444.5000
		ub :    369.6563    488.5439    449.6957
		lb :    355.3437    474.4561    439.3043
		A:
			    0.1335    -0.9034    0.4074
			    0.5031    -0.1557    0.8501
			    0.2940    0.3012    -0.9071
			    -0.9716    -0.1992    -0.1275
			    -0.9053    0.1896    -0.3801
			    0.7420    0.3337    -0.5815
			    0.5993    0.7970    0.0748
			    -0.0972    0.1652    -0.9815
			    -0.7946    0.5809    0.1765
			    -0.5993    -0.7970    -0.0748
			    0.0972    -0.1652    0.9815
			    0.7946    -0.5809    -0.1765
		b:
			    -200.9767
			    489.4538
			    -147.5260
			    -500.1481
			    -400.8835
			    175.5768
			    638.2681
			    -387.9413
			    75.6050
			    -630.2681
			    395.9413
			    -64.6050


===========================================================================================
===========================================================================================
S2:
	q_c:    511.0000    361.0000    395.0000
	ub :    526.0000    381.0000    413.0000
	lb :    496.0000    341.0000    377.0000

	==================================================================================
	Q1:
		Shape: Polyhedra
		q_c:    505.0000    365.5000    400.0000
		ub :    510.8028    372.1244    406.3505
		lb :    499.1972    358.8756    393.6495
		A:
			    0.6491    -0.7429    -0.1637
			    -0.8799    0.0260    0.4745
			    0.9802    0.1784    -0.0858
			    0.9137    0.3838    -0.1336
			    -0.7818    -0.4249    -0.4564
			    0.7395    0.3349    -0.5839
			    0.7444    0.6524    0.1423
			    0.6597    -0.6856    -0.3078
			    -0.1032    0.3231    -0.9407
			    -0.7444    -0.6524    -0.1423
			    -0.6597    0.6856    0.3078
			    0.1032    -0.3231    0.9407
		b:
			    -5.6861
			    -241.1651
			    529.7665
			    552.2449
			    -728.4994
			    266.5632
			    675.3055
			    -37.0532
			    -305.3541
			    -667.3055
			    44.0532
			    315.3541
	==================================================================================
	Q2:
		Shape: Hybrid
		q_c:    498.0000    346.0000    393.0000
		ub :    499.9735    348.7177    395.5514
		lb :    496.0265    343.2823    390.4486
		P^-1: 
			    0.8480    -0.3003    -0.0272
			    -0.3003    0.4008    0.0137
			    -0.0272    0.0137    0.2512
		A:
			    0.6000    -0.4539    -0.6587
			    0.8116    -0.2680    0.5191
			    0.7381    0.2349    0.6324
			    -0.7385    0.2723    -0.6169
			    -0.1053    0.2763    -0.9553
			    0.7820    -0.6215    0.0468
		b:
			    -116.1090
			    516.3781
			    698.6961
			    -514.9628
			    -330.7840
			    193.3446
	==================================================================================
	Q3:
		Shape: Polyhedra
		q_c:    521.0000    348.5000    383.5000
		ub :    530.2108    360.1501    391.9525
		lb :    511.7892    336.8499    375.0475
		A:
			    0.2523    0.8666    0.4305
			    -0.5282    -0.3412    0.7776
			    0.6640    0.1480    -0.7330
			    -0.7857    -0.1683    0.5953
			    -0.6116    0.0318    0.7905
			    0.4943    0.2872    -0.8205
			    0.3331    0.8581    0.3908
			    0.6287    0.1068    -0.7703
			    -0.7027    0.5023    -0.5039
			    -0.3331    -0.8581    -0.3908
			    -0.6287    -0.1068    0.7703
			    0.7027    -0.5023    0.5039
		b:
			    607.5254
			    -93.3438
			    118.0096
			    -237.2359
			    -2.5002
			    45.2435
			    631.4587
			    70.8990
			    -376.8104
			    -613.4587
			    -67.8990
			    391.8104
	==================================================================================
	Q4:
		Shape: Ellipse
		q_c:    504.5000    379.5000    388.0000
		ub :    516.0319    389.1870    398.6797
		lb :    492.9681    369.8130    377.3203
		P^-1: 
			    0.0233    -0.0067    0.0007
			    -0.0067    0.0276    -0.0028
			    0.0007    -0.0028    0.0204
	==================================================================================
	Q5:
		Shape: Hybrid
		q_c:    513.5000    357.0000    399.5000
		ub :    525.0204    363.8590    411.4935
		lb :    501.9796    350.1410    387.5065
		P^-1: 
			    0.0166    0.0047    0.0007
			    0.0047    0.0586    -0.0123
			    0.0007    -0.0123    0.0189
		A:
			    0.2798    0.9242    -0.2600
			    -0.0613    -0.9685    0.2415
			    -0.6048    -0.7394    -0.2960
			    -0.5988    -0.2940    -0.7450
			    -0.4919    -0.8559    -0.1595
			    0.0247    0.9942    0.1049
		b:
			    371.9315
			    -278.7270
			    -688.6352
			    -704.5549
			    -618.4759
			    412.3427
	==================================================================================
	Q6:
		Shape: Polyhedra
		q_c:    516.5000    354.5000    399.5000
		ub :    528.2934    367.3007    411.4336
		lb :    504.7066    341.6993    387.5664
		A:
			    0.8640    -0.4622    0.1996
			    -0.1658    -0.9861    -0.0056
			    -0.4480    0.6556    -0.6079
			    0.6425    -0.7654    0.0368
			    0.7881    0.1727    0.5908
			    -0.5080    -0.8387    0.1961
			    0.7963    0.5044    0.3340
			    0.5994    -0.5835    -0.5479
			    -0.0814    0.6365    -0.7670
			    -0.7963    -0.5044    -0.3340
			    -0.5994    0.5835    0.5479
			    0.0814    -0.6365    0.7670
		b:
			    369.7177
			    -429.8898
			    -235.1292
			    82.4277
			    712.5127
			    -473.6103
			    732.0092
			    -108.6319
			    -116.3438
			    -715.0092
			    123.6319
			    129.3438


===========================================================================================
===========================================================================================
S3:
	q_c:    110.5000    424.0000    290.0000
	ub :    124.0000    444.0000    297.0000
	lb :    97.0000    404.0000    283.0000

	==================================================================================
	Q1:
		Shape: Ellipse
		q_c:    109.5000    431.5000    291.0000
		ub :    115.5889    437.1798    296.1547
		lb :    103.4111    425.8202    285.8453
		P^-1: 
			    0.1156    0.0533    0.0714
			    0.0533    0.1154    0.0677
			    0.0714    0.0677    0.1309
	==================================================================================
	Q2:
		Shape: Polyhedra
		q_c:    110.0000    420.5000    290.5000
		ub :    115.7692    423.2936    296.3498
		lb :    104.2308    417.7064    284.6502
		A:
			    0.2110    -0.8778    -0.4302
			    -0.9162    -0.3698    -0.1543
			    -0.5900    -0.7870    -0.1806
			    0.9787    0.1541    0.1356
			    0.6375    0.7684    -0.0558
			    0.3313    0.9238    0.1919
			    0.2102    0.9649    0.1571
			    0.7464    -0.0546    -0.6633
			    -0.6315    0.2567    -0.7317
			    -0.2102    -0.9649    -0.1571
			    -0.7464    0.0546    0.6633
			    0.6315    -0.2567    0.7317
		b:
			    -468.6870
			    -297.6744
			    -446.1134
			    215.6563
			    379.2551
			    482.2353
			    476.0306
			    -130.0394
			    -169.5645
			    -473.0306
			    137.0394
			    178.5645
	==================================================================================
	Q3:
		Shape: Polyhedra
		q_c:    118.0000    424.5000    294.0000
		ub :    122.3315    428.6903    298.5743
		lb :    113.6685    420.3097    289.4257
		A:
			    -0.6361    -0.5849    -0.5032
			    -0.1300    -0.9657    0.2247
			    0.9710    0.2306    -0.0638
			    -0.4256    -0.1521    0.8921
			    0.6342    0.7519    0.1803
			    0.3886    -0.1863    0.9024
			    0.6564    0.2580    0.7089
			    0.1320    -0.9645    0.2287
			    0.7428    -0.0565    -0.6671
			    -0.6564    -0.2580    -0.7089
			    -0.1320    0.9645    -0.2287
			    -0.7428    0.0565    0.6671
		b:
			    -468.6427
			    -355.7525
			    196.5035
			    150.4936
			    449.9450
			    234.8528
			    397.9003
			    -323.0999
			    -129.4814
			    -392.9003
			    330.0999
			    135.4814
	==================================================================================
	Q4:
		Shape: Hybrid
		q_c:    106.0000    415.5000    286.5000
		ub :    111.9277    421.2348    291.3396
		lb :    100.0723    409.7652    281.6604
		P^-1: 
			    0.0816    0.0000    0.0000
			    0.0000    0.0816    -0.0000
			    0.0000    -0.0000    0.0816
		A:
			    -0.3681    0.8444    0.3892
			    0.7303    -0.1937    0.6551
			    0.8052    0.5101    0.3025
			    -0.3663    0.8299    0.4209
			    -0.6019    -0.7924    -0.0988
			    -0.5262    0.0571    -0.8484
		b:
			    425.0933
			    186.3784
			    385.7043
			    428.3067
			    -419.6068
			    -273.3636
	==================================================================================
	Q5:
		Shape: Ellipse
		q_c:    118.5000    431.0000    291.0000
		ub :    123.9177    436.2553    296.3480
		lb :    113.0823    425.7447    285.6520
		P^-1: 
			    0.0618    -0.0475    0.0430
			    -0.0475    0.1542    -0.0824
			    0.0430    -0.0824    0.1365
	==================================================================================
	Q6:
		Shape: Ellipse
		q_c:    116.5000    431.5000    287.5000
		ub :    122.9325    437.3736    293.3847
		lb :    110.0675    425.6264    281.6153
		P^-1: 
			    0.0590    0.0204    0.0092
			    0.0204    0.0927    0.0196
			    0.0092    0.0196    0.0582


===========================================================================================
===========================================================================================
S4:
	q_c:    170.5000    218.0000    106.0000
	ub :    184.0000    225.0000    120.0000
	lb :    157.0000    211.0000    92.0000

	==================================================================================
	Q1:
		Shape: Ellipse
		q_c:    164.0000    220.0000    106.0000
		ub :    167.4209    223.7668    109.2502
		lb :    160.5791    216.2332    102.7498
		P^-1: 
			    0.2221    -0.0326    -0.0258
			    -0.0326    0.2118    -0.0302
			    -0.0258    -0.0302    0.2261
	==================================================================================
	Q2:
		Shape: Ellipse
		q_c:    168.0000    216.5000    104.0000
		ub :    173.2675    222.2272    107.8248
		lb :    162.7325    210.7728    100.1752
		P^-1: 
			    0.3389    0.0327    -0.4229
			    0.0327    0.0645    -0.0214
			    -0.4229    -0.0214    0.7276
	==================================================================================
	Q3:
		Shape: Hybrid
		q_c:    165.5000    222.5000    101.5000
		ub :    169.2229    225.8376    104.9240
		lb :    161.7771    219.1624    98.0760
		P^-1: 
			    0.0822    -0.0029    0.0063
			    -0.0029    0.2068    0.0452
			    0.0063    0.0452    0.2026
		A:
			    -0.3768    -0.1576    -0.9128
			    -0.2056    0.9776    0.0455
			    -0.3135    0.9425    0.1161
			    0.5750    0.7868    0.2244
			    0.5591    0.8016    0.2116
			    -0.2716    -0.9618    -0.0357
		b:
			    -188.7073
			    189.3796
			    170.9277
			    294.6747
			    294.0309
			    -261.1738
	==================================================================================
	Q4:
		Shape: Ellipse
		q_c:    173.5000    215.5000    110.0000
		ub :    177.4667    219.7329    114.1522
		lb :    169.5333    211.2671    105.8478
		P^-1: 
			    0.1423    -0.0019    -0.0236
			    -0.0019    0.0628    -0.0033
			    -0.0236    -0.0033    0.1285
	==================================================================================
	Q5:
		Shape: Hybrid
		q_c:    167.0000    214.0000    112.0000
		ub :    171.5842    219.5639    117.1605
		lb :    162.4158    208.4361    106.8395
		P^-1: 
			    0.2710    0.0342    0.1871
			    0.0342    0.0681    0.0306
			    0.1871    0.0306    0.2304
		A:
			    -0.6592    0.1081    -0.7442
			    -0.0455    -0.2552    -0.9658
			    -0.3322    -0.2560    0.9078
			    -0.9056    -0.1224    -0.4061
			    -0.6924    -0.0610    -0.7189
			    0.3204    -0.8015    0.5050
		b:
			    -169.2809
			    -168.1100
			    -5.5405
			    -221.7810
			    -208.4167
			    -58.6157
	==================================================================================
	Q6:
		Shape: Hybrid
		q_c:    177.0000    212.0000    109.0000
		ub :    183.7770    219.3137    114.1664
		lb :    170.2230    204.6863    103.8336
		P^-1: 
			    0.0443    0.0046    0.0011
			    0.0046    0.0457    -0.0032
			    0.0011    -0.0032    0.0619
		A:
			    -0.1064    -0.9263    0.3615
			    0.2673    -0.8751    -0.4034
			    0.1546    0.9635    0.2184
			    0.5520    -0.0659    0.8313
			    -0.0911    0.7536    0.6510
			    -0.4129    -0.1367    0.9005
		b:
			    -173.3029
			    -179.3566
			    258.1056
			    176.5496
			    217.1990
			    -1.7353


===========================================================================================
===========================================================================================
S5:
	q_c:    248.0000    259.0000    252.5000
	ub :    262.0000    289.0000    274.0000
	lb :    234.0000    229.0000    231.0000

	==================================================================================
	Q1:
		Shape: Ellipse
		q_c:    232.5000    270.5000    246.0000
		ub :    241.8916    280.9483    254.3517
		lb :    223.1084    260.0517    237.6483
		P^-1: 
			    0.0294    0.0063    -0.0015
			    0.0063    0.0220    0.0026
			    -0.0015    0.0026    0.0324
	==================================================================================
	Q2:
		Shape: Ellipse
		q_c:    254.5000    255.0000    259.0000
		ub :    264.7013    265.5350    269.7743
		lb :    244.2987    244.4650    248.2257
		P^-1: 
			    0.0274    0.0029    0.0053
			    0.0029    0.0230    0.0005
			    0.0053    0.0005    0.0267
	==================================================================================
	Q3:
		Shape: Polyhedra
		q_c:    250.0000    246.5000    243.0000
		ub :    253.5820    250.8484    251.6181
		lb :    246.4180    242.1516    234.3819
		A:
			    0.3809    -0.9178    -0.1122
			    -0.4297    -0.4881    0.7597
			    0.3083    0.9279    0.2097
			    0.6814    0.5421    -0.4918
			    -0.5705    0.7276    -0.3810
			    0.9095    -0.2688    0.3172
			    0.1240    0.2354    0.9640
			    0.9913    0.0144    -0.1310
			    -0.0447    0.9718    -0.2315
			    -0.1240    -0.2354    -0.9640
			    -0.9913    -0.0144    0.1310
			    0.0447    -0.9718    0.2315
		b:
			    -155.0047
			    -38.1623
			    361.0476
			    187.6711
			    -52.6391
			    241.8751
			    331.2586
			    222.0322
			    174.6068
			    -315.2586
			    -217.0322
			    -169.6068
	==================================================================================
	Q4:
		Shape: Ellipse
		q_c:    244.0000    259.0000    251.0000
		ub :    251.8458    266.5879    259.2400
		lb :    236.1542    251.4121    242.7600
		P^-1: 
			    0.0516    0.0031    -0.0127
			    0.0031    0.0365    0.0020
			    -0.0127    0.0020    0.0474
	==================================================================================
	Q5:
		Shape: Polyhedra
		q_c:    254.0000    261.0000    253.5000
		ub :    264.1583    270.1964    262.0105
		lb :    243.8417    251.8036    244.9895
		A:
			    -0.8488    -0.5077    -0.1475
			    -0.1208    -0.1727    -0.9775
			    -0.7389    0.5210    -0.4274
			    -0.9859    0.1429    0.0870
			    -0.5605    0.5962    -0.5749
			    0.7887    -0.2092    -0.5781
			    0.3551    0.0391    0.9340
			    -0.8250    -0.4568    0.3328
			    0.4397    -0.8887    -0.1300
			    -0.3551    -0.0391    -0.9340
			    0.8250    0.4568    -0.3328
			    -0.4397    0.8887    0.1300
		b:
			    -379.4815
			    -317.5202
			    -153.4936
			    -184.7317
			    -125.9716
			    5.5515
			    343.1665
			    -238.4248
			    -146.2139
			    -331.1665
			    250.4248
			    160.2139
	==================================================================================
	Q6:
		Shape: Ellipse
		q_c:    252.0000    270.0000    266.5000
		ub :    256.7090    278.7746    274.6520
		lb :    247.2910    261.2254    258.3480
		P^-1: 
			    0.1908    0.0416    0.0849
			    0.0416    0.0378    0.0325
			    0.0849    0.0325    0.0818


===========================================================================================
===========================================================================================
S6:
	q_c:    181.5000    60.0000    363.5000
	ub :    205.0000    74.0000    384.0000
	lb :    158.0000    46.0000    343.0000

	==================================================================================
	Q1:
		Shape: Hybrid
		q_c:    167.5000    44.0000    361.5000
		ub :    177.2168    50.6330    370.0564
		lb :    157.7832    37.3670    352.9436
		P^-1: 
			    0.0267    -0.0135    -0.0016
			    -0.0135    0.0572    -0.0033
			    -0.0016    -0.0033    0.0268
		A:
			    0.2490    -0.7384    0.6268
			    0.9988    -0.0440    0.0236
			    0.2471    -0.2853    -0.9260
			    -0.2557    -0.6038    0.7550
			    -0.0514    -0.4552    -0.8889
			    -0.3615    0.9001    0.2429
		b:
			    238.5934
			    178.3694
			    -301.9962
			    207.0745
			    -345.8410
			    69.1189
	==================================================================================
	Q2:
		Shape: Ellipse
		q_c:    182.5000    67.5000    377.5000
		ub :    191.4913    75.5664    385.4151
		lb :    173.5087    59.4336    369.5849
		P^-1: 
			    0.0359    -0.0009    -0.0089
			    -0.0009    0.0404    -0.0055
			    -0.0089    -0.0055    0.0409
	==================================================================================
	Q3:
		Shape: Polyhedra
		q_c:    175.0000    54.5000    363.5000
		ub :    182.3890    59.5381    370.9286
		lb :    167.6110    49.4619    356.0714
		A:
			    -0.8305    0.3231    0.4537
			    -0.3624    0.5521    -0.7509
			    0.4498    -0.8907    -0.0667
			    0.1278    -0.8643    -0.4864
			    0.1578    -0.9826    -0.0984
			    -0.5641    -0.1580    0.8105
			    0.3725    0.8970    0.2379
			    0.5789    -0.0242    -0.8151
			    -0.7254    0.4413    -0.5283
			    -0.3725    -0.8970    -0.2379
			    -0.5789    0.0242    0.8151
			    0.7254    -0.4413    0.5283
		b:
			    42.3303
			    -302.0346
			    9.9325
			    -197.4490
			    -57.9673
			    192.7250
			    204.0525
			    -190.7894
			    -290.9181
			    -197.0525
			    201.7894
			    298.9181
	==================================================================================
	Q4:
		Shape: Ellipse
		q_c:    192.0000    76.5000    361.0000
		ub :    198.5619    80.2940    368.7189
		lb :    185.4381    72.7060    353.2811
		P^-1: 
			    0.0697    -0.0091    0.0268
			    -0.0091    0.1550    -0.0187
			    0.0268    -0.0187    0.0407
	==================================================================================
	Q5:
		Shape: Ellipse
		q_c:    194.5000    54.0000    372.5000
		ub :    201.2095    60.5054    379.2004
		lb :    187.7905    47.4946    365.7996
		P^-1: 
			    0.0781    -0.0298    -0.0025
			    -0.0298    0.0818    -0.0139
			    -0.0025    -0.0139    0.0537
	==================================================================================
	Q6:
		Shape: Ellipse
		q_c:    189.0000    51.5000    368.0000
		ub :    194.3243    61.0496    377.4820
		lb :    183.6757    41.9504    358.5180
		P^-1: 
			    0.3291    0.1251    0.1400
			    0.1251    0.0704    0.0599
			    0.1400    0.0599    0.0863


===========================================================================================
===========================================================================================
S7:
	q_c:    180.0000    423.0000    342.5000
	ub :    197.0000    437.0000    356.0000
	lb :    163.0000    409.0000    329.0000

	==================================================================================
	Q1:
		Shape: Polyhedra
		q_c:    186.5000    427.5000    335.5000
		ub :    198.5050    439.7126    339.1736
		lb :    174.4950    415.2874    331.8264
		A:
			    -0.0550    -0.1209    -0.9911
			    -0.0839    0.8586    0.5058
			    -0.0584    -0.6289    0.7753
			    0.1725    0.3064    -0.9361
			    0.9391    0.2538    -0.2315
			    -0.6000    -0.5367    -0.5932
			    0.7252    0.6831    0.0866
			    0.6885    -0.7169    -0.1099
			    -0.0130    0.1393    -0.9902
			    -0.7252    -0.6831    -0.0866
			    -0.6885    0.7169    0.1099
			    0.0130    -0.1393    0.9902
		b:
			    -391.5770
			    529.2467
			    -14.9804
			    -148.1840
			    213.7923
			    -533.8899
			    463.8242
			    -205.4477
			    -273.0718
			    -448.8242
			    224.4477
			    277.0718
	==================================================================================
	Q2:
		Shape: Polyhedra
		q_c:    192.0000    411.5000    352.0000
		ub :    204.0774    423.3273    360.2996
		lb :    179.9226    399.6727    343.7004
		A:
			    0.3928    0.0919    0.9150
			    -0.3605    -0.5824    -0.7286
			    0.3493    -0.3651    -0.8629
			    0.1069    0.7051    -0.7010
			    -0.5920    0.6321    0.5000
			    0.9007    -0.3979    0.1745
			    0.3928    0.0830    0.9159
			    -0.2811    0.9591    0.0336
			    -0.8756    -0.2707    0.4001
			    -0.3928    -0.0830    -0.9159
			    0.2811    -0.9591    -0.0336
			    0.8756    0.2707    -0.4001
		b:
			    440.3334
			    -558.8870
			    -379.5490
			    71.9881
			    331.3593
			    78.9144
			    436.9677
			    362.0245
			    -130.1745
			    -426.9677
			    -343.0245
			    147.1745
	==================================================================================
	Q3:
		Shape: Polyhedra
		q_c:    175.5000    415.0000    333.0000
		ub :    188.6692    428.9635    345.6887
		lb :    162.3308    401.0365    320.3113
		A:
			    0.1518    0.5588    0.8153
			    -0.1451    -0.5225    -0.8402
			    0.8644    0.0029    0.5028
			    -0.6378    0.3415    -0.6903
			    0.0713    -0.7450    -0.6632
			    0.2231    0.9418    0.2516
			    0.6821    0.4181    0.5999
			    -0.6882    0.6443    0.3335
			    -0.2471    -0.6403    0.7273
			    -0.6821    -0.4181    -0.5999
			    0.6882    -0.6443    -0.3335
			    0.2471    0.6403    -0.7273
		b:
			    537.7137
			    -514.4300
			    327.6179
			    -192.5341
			    -508.8733
			    521.6487
			    499.4947
			    267.6640
			    -59.4310
			    -486.4947
			    -247.6640
			    74.4310
	==================================================================================
	Q4:
		Shape: Polyhedra
		q_c:    173.0000    435.0000    335.0000
		ub :    183.6522    445.8848    344.7521
		lb :    162.3478    424.1152    325.2479
		A:
			    -0.5690    -0.3702    0.7343
			    -0.9414    -0.1158    -0.3170
			    0.7768    -0.3244    -0.5398
			    -0.9584    -0.1832    -0.2187
			    -0.8794    -0.3345    -0.3386
			    0.5579    -0.2169    -0.8010
			    0.3209    0.9150    0.2448
			    0.5966    0.0055    -0.8025
			    -0.7356    0.4035    -0.5441
			    -0.3209    -0.9150    -0.2448
			    -0.5966    -0.0055    0.8025
			    0.7356    -0.4035    0.5441
		b:
			    -7.8448
			    -312.3349
			    -182.0929
			    -311.6753
			    -403.4456
			    -260.9326
			    544.5076
			    -158.2594
			    -127.5035
			    -526.5076
			    168.2594
			    140.5035
	==================================================================================
	Q5:
		Shape: Ellipse
		q_c:    190.5000    436.0000    352.5000
		ub :    201.5337    448.1027    364.1292
		lb :    179.4663    423.8973    340.8708
		P^-1: 
			    0.0269    0.0041    0.0072
			    0.0041    0.0171    0.0027
			    0.0072    0.0027    0.0203
	==================================================================================
	Q6:
		Shape: Ellipse
		q_c:    187.5000    408.0000    356.5000
		ub :    199.1730    416.6601    367.7094
		lb :    175.8270    399.3399    345.2906
		P^-1: 
			    0.0263    0.0015    -0.0134
			    0.0015    0.0291    -0.0046
			    -0.0134    -0.0046    0.0235


===========================================================================================
===========================================================================================
S8:
	q_c:    386.0000    255.5000    231.5000
	ub :    410.0000    271.0000    241.0000
	lb :    362.0000    240.0000    222.0000

	==================================================================================
	Q1:
		Shape: Ellipse
		q_c:    381.0000    248.5000    235.5000
		ub :    387.1923    253.9553    239.4271
		lb :    374.8077    243.0447    231.5729
		P^-1: 
			    0.0535    0.0278    -0.0030
			    0.0278    0.0977    0.0015
			    -0.0030    0.0015    0.1110
	==================================================================================
	Q2:
		Shape: Polyhedra
		q_c:    380.5000    253.5000    223.0000
		ub :    382.9782    258.6217    228.0846
		lb :    378.0218    248.3783    217.9154
		A:
			    0.3397    0.9356    -0.0960
			    -0.8635    0.0665    -0.4999
			    -0.5667    0.6212    -0.5412
			    0.7864    -0.6165    -0.0398
			    0.9263    0.2688    -0.2640
			    0.9357    -0.3498    -0.0458
			    0.0189    0.7175    0.6963
			    -0.9923    0.0985    -0.0745
			    -0.1221    -0.6896    0.7139
			    -0.0189    -0.7175    -0.6963
			    0.9923    -0.0985    0.0745
			    0.1221    0.6896    -0.7139
		b:
			    348.4547
			    -420.8396
			    -175.9348
			    136.5946
			    364.1678
			    259.3011
			    347.8709
			    -367.2276
			    -58.5577
			    -340.8709
			    371.2276
			    65.5577
	==================================================================================
	Q3:
		Shape: Ellipse
		q_c:    393.5000    253.5000    226.5000
		ub :    398.8168    260.9085    232.7554
		lb :    388.1832    246.0915    220.2446
		P^-1: 
			    0.0739    -0.0086    0.0190
			    -0.0086    0.0306    -0.0216
			    0.0190    -0.0216    0.0928
	==================================================================================
	Q4:
		Shape: Ellipse
		q_c:    383.0000    246.5000    226.0000
		ub :    388.6852    251.5262    230.4302
		lb :    377.3148    241.4738    221.5698
		P^-1: 
			    0.1136    0.0256    -0.0782
			    0.0256    0.0917    0.0130
			    -0.0782    0.0130    0.2052
	==================================================================================
	Q5:
		Shape: Ellipse
		q_c:    384.0000    261.5000    227.5000
		ub :    390.3472    268.1261    232.8323
		lb :    377.6528    254.8739    222.1677
		P^-1: 
			    0.0625    0.0000    -0.0000
			    0.0000    0.0625    -0.0000
			    -0.0000    -0.0000    0.0625
	==================================================================================
	Q6:
		Shape: Ellipse
		q_c:    384.5000    263.0000    230.5000
		ub :    393.3593    270.1523    239.0971
		lb :    375.6407    255.8477    221.9029
		P^-1: 
			    0.0386    -0.0140    0.0131
			    -0.0140    0.0595    -0.0200
			    0.0131    -0.0200    0.0444


===========================================================================================
===========================================================================================
S9:
	q_c:    490.0000    155.5000    489.0000
	ub :    519.0000    180.0000    504.0000
	lb :    461.0000    131.0000    474.0000

	==================================================================================
	Q1:
		Shape: Hybrid
		q_c:    492.5000    154.5000    488.0000
		ub :    500.0959    162.4669    495.2667
		lb :    484.9041    146.5331    480.7333
		P^-1: 
			    0.0553    0.0127    0.0177
			    0.0127    0.0264    0.0130
			    0.0177    0.0130    0.0603
		A:
			    -0.2225    0.1966    0.9549
			    0.7400    -0.6514    0.1675
			    -0.0789    0.3481    -0.9341
			    0.3839    0.6123    0.6912
			    0.0949    0.7830    -0.6147
			    0.9057    -0.1515    0.3958
		b:
			    389.5698
			    350.0973
			    -437.4725
			    623.3299
			    -127.5482
			    618.7330
	==================================================================================
	Q2:
		Shape: Ellipse
		q_c:    478.5000    157.0000    497.0000
		ub :    487.2787    164.6293    506.6912
		lb :    469.7213    149.3707    487.3088
		P^-1: 
			    0.0296    -0.0006    -0.0046
			    -0.0006    0.0387    -0.0038
			    -0.0046    -0.0038    0.0285
	==================================================================================
	Q3:
		Shape: Ellipse
		q_c:    482.0000    141.5000    500.0000
		ub :    491.1645    150.5923    510.0273
		lb :    472.8355    132.4077    489.9727
		P^-1: 
			    0.0412    -0.0167    -0.0119
			    -0.0167    0.0406    0.0061
			    -0.0119    0.0061    0.0289
	==================================================================================
	Q4:
		Shape: Ellipse
		q_c:    483.0000    154.5000    504.5000
		ub :    492.8633    163.1618    514.4576
		lb :    473.1367    145.8382    494.5424
		P^-1: 
			    0.0318    0.0068    -0.0017
			    0.0068    0.0307    0.0070
			    -0.0017    0.0070    0.0309
	==================================================================================
	Q5:
		Shape: Ellipse
		q_c:    498.0000    159.0000    480.0000
		ub :    506.2599    166.5570    486.5737
		lb :    489.7401    151.4430    473.4263
		P^-1: 
			    0.1333    0.1146    0.0226
			    0.1146    0.1250    0.0278
			    0.0226    0.0278    0.0455
	==================================================================================
	Q6:
		Shape: Hybrid
		q_c:    489.0000    159.5000    498.5000
		ub :    498.3373    168.9154    507.7483
		lb :    479.6627    150.0846    489.2517
		P^-1: 
			    0.0313    0.0013    -0.0021
			    0.0013    0.0283    -0.0008
			    -0.0021    -0.0008    0.0291
		A:
			    0.9564    0.2553    0.1418
			    -0.5779    -0.6732    -0.4613
			    0.7944    -0.4782    0.3745
			    -0.3062    -0.9465    -0.1021
			    0.9564    -0.0489    0.2879
			    -0.2648    0.5905    0.7623
		b:
			    582.0360
			    -616.7934
			    502.0726
			    -348.4439
			    606.4588
			    347.8778


===========================================================================================
===========================================================================================
S10:
	q_c:    297.0000    103.0000    178.0000
	ub :    303.0000    132.0000    197.0000
	lb :    291.0000    74.0000    159.0000

	==================================================================================
	Q1:
		Shape: Polyhedra
		q_c:    300.5000    101.5000    178.5000
		ub :    305.4478    103.3984    183.4044
		lb :    295.5522    99.6016    173.5956
		A:
			    0.2261    0.9328    0.2806
			    -0.9016    -0.3139    -0.2975
			    0.8182    -0.3814    -0.4302
			    0.0245    -0.7787    -0.6269
			    0.5440    0.8325    -0.1044
			    -0.2314    -0.8696    -0.4362
			    0.5303    0.0025    0.8478
			    -0.8424    0.1142    0.5266
			    -0.0955    -0.9935    0.0626
			    -0.5303    -0.0025    -0.8478
			    0.8424    -0.1142    -0.5266
			    0.0955    0.9935    -0.0626
		b:
			    214.6097
			    -352.6216
			    133.7507
			    -180.9540
			    231.4512
			    -233.4609
			    314.4473
			    -144.0402
			    -116.8571
			    -307.4473
			    151.0402
			    119.8571
	==================================================================================
	Q2:
		Shape: Polyhedra
		q_c:    300.0000    105.5000    173.0000
		ub :    302.7065    107.6694    174.7617
		lb :    297.2935    103.3306    171.2383
		A:
			    0.0478    -0.9956    -0.0802
			    -0.1356    0.1423    0.9805
			    0.4265    0.8275    -0.3650
			    0.0562    -0.0252    -0.9981
			    0.2015    0.8999    0.3868
			    0.4751    0.6105    -0.6337
			    0.0152    0.4749    0.8799
			    -0.9178    0.3558    -0.1762
			    -0.3968    -0.8049    0.4413
			    -0.0152    -0.4749    -0.8799
			    0.9178    -0.3558    0.1762
			    0.3968    0.8049    -0.4413
		b:
			    -103.2509
			    144.9744
			    153.1209
			    -157.4392
			    223.3107
			    98.3467
			    207.8901
			    -265.7773
			    -126.6050
			    -205.8901
			    270.7773
			    128.6050
	==================================================================================
	Q3:
		Shape: Hybrid
		q_c:    291.0000    105.0000    183.0000
		ub :    295.8576    108.2018    187.5850
		lb :    286.1424    101.7982    178.4150
		P^-1: 
			    0.1233    -0.0153    -0.0864
			    -0.0153    0.2482    -0.0104
			    -0.0864    -0.0104    0.1910
		A:
			    -0.4507    -0.1346    0.8825
			    -0.7911    -0.1131    0.6011
			    0.3574    -0.9242    0.1348
			    -0.3232    -0.0348    0.9457
			    -0.0244    -0.8821    -0.4705
			    -0.8507    0.3893    0.3533
		b:
			    17.2320
			    -130.8050
			    32.8536
			    76.5436
			    -184.4228
			    -140.4456
	==================================================================================
	Q4:
		Shape: Ellipse
		q_c:    295.0000    109.5000    180.5000
		ub :    299.9762    114.6492    185.3586
		lb :    290.0238    104.3508    175.6414
		P^-1: 
			    0.1173    0.0237    -0.0287
			    0.0237    0.1054    -0.0050
			    -0.0287    -0.0050    0.1301
	==================================================================================
	Q5:
		Shape: Polyhedra
		q_c:    291.5000    98.0000    181.5000
		ub :    295.7168    102.6719    185.8256
		lb :    287.2832    93.3281    177.1744
		A:
			    -0.3005    0.0222    -0.9535
			    -0.6374    0.0756    -0.7668
			    0.6832    0.5589    -0.4699
			    0.8244    -0.2451    -0.5102
			    0.8880    0.4353    -0.1486
			    -0.0643    -0.8773    0.4756
			    0.4545    0.5494    0.7011
			    -0.5103    0.8058    -0.3006
			    -0.7301    -0.2211    0.6466
			    -0.4545    -0.5494    -0.7011
			    0.5103    -0.8058    0.3006
			    0.7301    0.2211    -0.6466
		b:
			    -255.3211
			    -314.2494
			    170.5062
			    125.6636
			    276.8090
			    -15.7605
			    317.0904
			    -121.3320
			    -115.6371
			    -310.0904
			    127.3320
			    118.6371
	==================================================================================
	Q6:
		Shape: Hybrid
		q_c:    296.5000    108.0000    173.0000
		ub :    301.9618    112.9283    178.2079
		lb :    291.0382    103.0717    167.7921
		P^-1: 
			    0.1419    -0.0881    -0.0095
			    -0.0881    0.1740    -0.0333
			    -0.0095    -0.0333    0.0947
		A:
			    0.1630    0.5470    -0.8211
			    0.5430    -0.8285    -0.1374
			    0.9564    -0.1540    0.2483
			    -0.9352    0.3266    -0.1367
			    -0.8210    0.4790    0.3109
			    -0.4872    -0.0150    0.8732
		b:
			    -32.8144
			    48.9748
			    312.1553
			    -263.8861
			    -136.5602
			    7.0161


===========================================================================================
===========================================================================================
S11:
	q_c:    147.5000    463.0000    94.5000
	ub :    165.0000    473.0000    106.0000
	lb :    130.0000    453.0000    83.0000

	==================================================================================
	Q1:
		Shape: Hybrid
		q_c:    148.0000    463.0000    92.5000
		ub :    152.1299    467.8636    95.5538
		lb :    143.8701    458.1364    89.4462
		P^-1: 
			    0.1079    0.0128    0.0024
			    0.0128    0.0667    0.0080
			    0.0024    0.0080    0.1591
		A:
			    -0.5885    -0.6481    0.4834
			    0.2834    0.0686    -0.9566
			    -0.9589    0.0721    0.2746
			    0.3568    -0.5635    -0.7451
			    -0.1423    0.4275    0.8927
			    -0.2097    0.0169    -0.9776
		b:
			    -340.4702
			    -13.4450
			    -81.3061
			    -275.1245
			    260.9815
			    -112.3317
	==================================================================================
	Q2:
		Shape: Hybrid
		q_c:    153.5000    465.0000    92.5000
		ub :    157.6257    468.3658    95.2390
		lb :    149.3743    461.6342    89.7610
		P^-1: 
			    0.1642    0.0497    -0.2873
			    0.0497    0.1337    -0.1313
			    -0.2873    -0.1313    0.8758
		A:
			    0.1425    0.4947    0.8573
			    -0.6637    -0.6327    0.3989
			    -0.1611    -0.0101    0.9869
			    0.7874    0.0930    -0.6094
			    -0.1604    -0.0879    0.9831
			    0.1325    -0.9693    -0.2070
		b:
			    333.2357
			    -357.1257
			    62.6202
			    109.5700
			    26.1583
			    -447.0333
	==================================================================================
	Q3:
		Shape: Polyhedra
		q_c:    138.5000    461.5000    102.5000
		ub :    144.7343    467.8294    108.7895
		lb :    132.2657    455.1706    96.2105
		A:
			    -0.7149    0.5027    0.4861
			    -0.3782    -0.9249    0.0392
			    0.4663    -0.8260    -0.3166
			    0.0393    0.9980    -0.0490
			    -0.8530    0.1858    0.4877
			    -0.1472    0.9538    0.2620
			    0.6222    0.5064    0.5970
			    0.3737    0.4779    -0.7949
			    -0.6879    0.7178    0.1081
			    -0.6222    -0.5064    -0.5970
			    -0.3737    -0.4779    0.7949
			    0.6879    -0.7178    -0.1081
		b:
			    186.1240
			    -471.1376
			    -345.9731
			    464.7477
			    21.2608
			    450.0300
			    385.0746
			    195.3281
			    250.0577
			    -377.0746
			    -186.3281
			    -244.0577
	==================================================================================
	Q4:
		Shape: Polyhedra
		q_c:    154.5000    463.5000    93.5000
