3D_35_9_6_d                l = 3

===========================================================================================
===========================================================================================
S1:
	q_c:	27.5	225.5	294.5
	ub :	47.3813	244.5566	318.3568
	lb :	20.4061	205.1262	274.6686

	==================================================================================
	Q1:
		Shape: Polyhedra
		q_c:	36.5	216.0	284.0
		ub :	47.3813	226.8738	293.3314
		lb :	25.6187	205.1262	274.6686
		A:
			-0.1432	0.7742	0.6165
			-0.7097	-0.2278	0.6667
			-0.5276	-0.5021	0.6853
			-0.6926	-0.3413	-0.6355
			-0.9245	-0.1023	0.3671
			0.1655	0.9541	-0.2495
			0.48	0.8747	0.0675
			-0.0076	0.0811	-0.9967
			-0.8772	0.4779	0.0456
			-0.48	-0.8747	-0.0675
			0.0076	-0.0811	0.9967
			0.8772	-0.4779	-0.0456
		b:
			344.9922
			122.3866
			74.8272
			-271.6267
			56.5569
			148.5792
			232.6079
			-257.3275
			92.6489
			-218.6079
			274.3275
			-75.6489
	==================================================================================
	Q2:
		Shape: Hybrid
		q_c:	32.0	229.5	293.5
		ub :	41.3009	237.2097	302.8768
		lb :	22.6991	221.7903	284.1232
		P^-1:
			0.0232	0.0036	0.007
			0.0036	0.0363	0.01
			0.007	0.01	0.0381
		A:
			0.1584	0.9696	0.1864
			-0.0396	0.679	0.7331
			0.4919	-0.059	0.8687
			0.4325	0.3122	0.8458
			0.7102	0.331	0.6213
			-0.867	-0.3376	-0.3666
		b:
			285.1952
			372.2623
			260.1775
			336.2383
			283.978
			-209.2747
	==================================================================================
	Q3:
		Shape: Polyhedra
		q_c:	29.5	235.5	308.0
		ub :	38.5939	244.5566	315.1409
		lb :	20.4061	226.4434	300.8591
		A:
			0.1634	0.1251	0.9786
			0.2091	0.831	-0.5155
			-0.4628	-0.8775	-0.1257
			0.3461	0.8565	-0.383
			-0.0876	-0.1593	-0.9833
			0.0452	-0.1161	-0.9922
			0.6081	0.4683	0.641
			-0.3869	-0.5302	0.7544
			0.6932	-0.7068	-0.1413
			-0.6081	-0.4683	-0.641
			0.3869	0.5302	-0.7544
			-0.6932	0.7068	0.1413
		b:
			340.3637
			47.5605
			-254.1243
			98.3812
			-338.2539
			-326.9531
			330.6573
			100.0776
			-183.0017
			-320.6573
			-92.0776
			196.0017
	==================================================================================
	Q4:
		Shape: Polyhedra
		q_c:	31.0	235.5	300.5
		ub :	36.6524	243.4563	308.6549
		lb :	25.3476	227.5437	292.3451
		A:
			0.8301	0.5549	-0.0547
			-0.5095	-0.5505	0.6614
			-0.2384	0.7952	-0.5575
			0.4521	-0.3437	-0.8231
			-0.1356	-0.9857	0.0999
			-0.8485	-0.0228	0.5287
			0.1514	0.6473	0.7471
			-0.5522	0.6822	-0.4792
			-0.8198	-0.34	0.4607
			-0.1514	-0.6473	-0.7471
			0.5522	-0.6822	0.4792
			0.8198	0.34	-0.4607
		b:
			143.9022
			56.5283
			16.2749
			-308.9041
			-201.4866
			130.5956
			388.1216
			3.5419
			35.9579
			-375.1216
			4.4581
			-29.9579
	==================================================================================
	Q5:
		Shape: Ellipse
		q_c:	37.5	234.5	301.0
		ub :	43.6539	236.8571	306.7478
		lb :	31.3461	232.1429	295.2522
		P^-1:
			0.0972	0.1884	0.0829
			0.1884	0.8642	0.266
			0.0829	0.266	0.1602
	==================================================================================
	Q6:
		Shape: Polyhedra
		q_c:	40.5	233.5	311.0
		ub :	46.2073	240.5027	318.3568
		lb :	34.7927	226.4973	303.6432
		A:
			0.7812	-0.6243	0.0003
			0.8284	-0.2767	-0.487
			0.9698	-0.1351	-0.2032
			-0.9393	-0.1061	0.3261
			0.0571	-0.7361	-0.6745
			-0.0215	0.9649	0.2618
			0.7413	0.4969	0.4511
			0.6563	-0.6775	-0.3321
			0.1406	0.5423	-0.8284
			-0.7413	-0.4969	-0.4511
			-0.6563	0.6775	0.3321
			-0.1406	-0.5423	0.8284
		b:
			-110.7811
			-178.998
			-51.9375
			42.605
			-375.8114
			309.5106
			290.3584
			-231.9046
			-119.8082
			-282.3584
			237.9046
			130.8082


===========================================================================================
===========================================================================================
S2:
	q_c:	336.0	69.5	72.0
	ub :	363.474	98.4384	93.1843
	lb :	313.7147	46.0984	46.909

	==================================================================================
	Q1:
		Shape: Polyhedra
		q_c:	346.5	71.5	85.0
		ub :	350.7139	77.8708	93.1843
		lb :	342.2861	65.1292	76.8157
		A:
			0.1354	0.3678	-0.92
			-0.1001	-0.6433	-0.759
			0.9351	0.1369	0.327
			0.9908	-0.0594	0.1215
			-0.9189	0.0037	-0.3945
			0.8762	0.3337	0.3477
			0.9606	0.1513	0.2329
			0.1534	-0.9881	0.0092
			0.2316	0.0269	-0.9724
			-0.9606	-0.1513	-0.2329
			-0.1534	0.9881	-0.0092
			-0.2316	-0.0269	0.9724
		b:
			2.777
			-138.5002
			363.2674
			351.516
			-349.4745
			359.14
			364.9831
			-10.7125
			7.5008
			-361.9831
			22.7125
			8.4992
	==================================================================================
	Q2:
		Shape: Hybrid
		q_c:	336.0	66.5	64.5
		ub :	343.4438	73.2271	72.3607
		lb :	328.5562	59.7729	56.6393
		P^-1:
			0.0748	-0.047	-0.011
			-0.047	0.0964	0.0511
			-0.011	0.0511	0.0717
		A:
			0.0025	-0.841	-0.541
			-0.0733	0.7288	0.6808
			0.8717	-0.0363	0.4887
			-0.8491	0.5122	-0.1292
			0.9176	0.3398	0.2062
			0.5247	0.7299	0.438
		b:
			-87.9944
			69.3493
			324.7464
			-257.5017
			348.0251
			256.4745
	==================================================================================
	Q3:
		Shape: Hybrid
		q_c:	354.5	76.0	55.0
		ub :	363.474	83.2552	63.091
		lb :	345.526	68.7448	46.909
		P^-1:
			0.0199	0.0018	0.0076
			0.0018	0.0303	0.0067
			0.0076	0.0067	0.0447
		A:
			-0.4781	0.0694	0.8756
			-0.24	-0.1061	0.965
			0.296	0.6202	0.7265
			0.5447	-0.8371	0.0511
			0.3939	-0.9032	0.1707
			0.5964	-0.556	0.5789
		b:
			-112.1157
			-36.7017
			194.4781
			136.4235
			84.3167
			204.7425
	==================================================================================
	Q4:
		Shape: Ellipse
		q_c:	321.0	69.5	78.0
		ub :	328.2853	75.4127	85.8011
		lb :	313.7147	63.5873	70.1989
		P^-1:
			0.0731	0.0235	0.03
			0.0235	0.0789	0.0074
			0.03	0.0074	0.0494
	==================================================================================
	Q5:
		Shape: Ellipse
		q_c:	350.0	57.5	62.0
		ub :	362.483	68.9016	71.8161
		lb :	337.517	46.0984	52.1839
		P^-1:
			0.0267	-0.0043	-0.022
			-0.0043	0.0172	-0.0021
			-0.022	-0.0021	0.0489
	==================================================================================
	Q6:
		Shape: Hybrid
		q_c:	350.0	89.0	60.5
		ub :	363.0211	98.4384	73.5325
		lb :	336.9789	79.5616	47.4675
		P^-1:
			0.0145	-0.0067	0.0025
			-0.0067	0.0411	-0.0138
			0.0025	-0.0138	0.0199
		A:
			0.7977	0.4932	-0.347
			-0.0484	0.4246	-0.9041
			0.5196	-0.7271	0.4486
			0.535	-0.7472	0.3944
			-0.3097	0.9315	0.191
			-0.03	-0.5216	-0.8527
		b:
			307.9654
			-29.5753
			147.2817
			147.5959
			-9.8861
			-102.0176


===========================================================================================
===========================================================================================
S3:
	q_c:	279.0	334.5	477.5
	ub :	304.6357	351.0382	501.7432
	lb :	253.7221	311.7146	459.3208

	==================================================================================
	Q1:
		Shape: Hybrid
		q_c:	287.5	335.5	483.0
		ub :	294.2334	346.2521	494.0055
		lb :	280.7666	324.7479	471.9945
		P^-1:
			0.0277	-0.0003	-0.0007
			-0.0003	0.0178	0.0
			-0.0007	0.0	0.0178
		A:
			-0.5856	0.7879	0.1904
			0.4803	0.423	0.7684
			-0.6094	0.7416	0.2805
			0.7986	0.1011	0.5933
			-0.383	0.1876	-0.9045
			-0.6565	0.5682	-0.4962
		b:
			191.9418
			655.3868
			212.9949
			553.7682
			-479.7077
			-233.8449
	==================================================================================
	Q2:
		Shape: Hybrid
		q_c:	295.0	341.0	471.5
		ub :	304.6357	351.0382	479.0756
		lb :	285.3643	330.9618	463.9244
		P^-1:
			0.026	0.0029	0.0018
			0.0029	0.0275	0.0042
			0.0018	0.0042	0.038
		A:
			-0.9426	-0.3252	-0.0762
			-0.3217	-0.5186	0.7922
			0.1191	-0.7919	0.5989
			-0.5057	-0.4076	0.7604
			-0.1082	0.3453	0.9322
			0.9785	-0.1896	0.0807
		b:
			-421.3922
			105.0854
			51.1483
			73.6466
			527.9926
			265.9128
	==================================================================================
	Q3:
		Shape: Polyhedra
		q_c:	279.5	322.0	472.5
		ub :	287.1384	329.4647	477.8461
		lb :	271.8616	314.5353	467.1539
		A:
			0.7158	0.6413	-0.2764
			0.3891	0.5883	-0.7089
			0.1914	-0.788	-0.5852
			0.7123	0.3615	0.6017
			0.9075	0.0679	-0.4145
			-0.7406	-0.668	0.0721
			0.6418	0.6754	0.3633
			0.6322	-0.7341	0.2479
			0.4341	0.0706	-0.8981
			-0.6418	-0.6754	-0.3633
			-0.6322	0.7341	-0.2479
			-0.4341	-0.0706	0.8981
		b:
			278.2614
			-32.7218
			-471.6724
			602.9757
			84.0152
			-386.1239
			570.0016
			65.9282
			-277.3006
			-567.0016
			-48.9282
			283.3006
	==================================================================================
	Q4:
		Shape: Ellipse
		q_c:	274.5	339.5	465.0
		ub :	282.0822	347.8115	470.6792
		lb :	266.9178	331.1885	459.3208
		P^-1:
			0.0466	-0.0192	-0.0029
			-0.0192	0.0433	-0.0114
			-0.0029	-0.0114	0.0779
	==================================================================================
	Q5:
		Shape: Ellipse
		q_c:	275.0	339.0	488.5
		ub :	286.5303	346.4754	500.6524
		lb :	263.4697	331.5246	476.3476
		P^-1:
			0.0414	0.0383	0.0183
			0.0383	0.0788	0.0207
			0.0183	0.0207	0.0224
	==================================================================================
	Q6:
		Shape: Polyhedra
		q_c:	263.0	321.5	492.0
		ub :	272.2779	331.2854	501.7432
		lb :	253.7221	311.7146	482.2568
		A:
			-0.24	0.2083	0.9482
			-0.5766	-0.3792	-0.7237
			-0.6408	0.038	-0.7667
			-0.0856	-0.7234	0.6851
			0.2239	0.5903	-0.7755
			-0.9603	-0.2544	-0.1148
			0.2136	0.7823	0.5851
			0.6421	0.3389	-0.6876
			-0.7362	0.5226	-0.4299
			-0.2136	-0.7823	-0.5851
			-0.6421	-0.3389	0.6876
			0.7362	-0.5226	0.4299
		b:
			475.8518
			-623.4616
			-527.22
			87.6404
			-127.5187
			-384.9676
			601.5658
			-55.4767
			-230.6481
			-589.5658
			65.4767
			243.6481


===========================================================================================
===========================================================================================
S4:
	q_c:	392.5	482.5	250.0
	ub :	397.3841	486.6871	252.4992
	lb :	388.7983	480.7398	246.5316

	==================================================================================
	Q1:
		Shape: Ellipse
		q_c:	395.5	483.0	248.5
		ub :	397.3841	484.8758	250.4684
		lb :	393.6159	481.1242	246.5316
		P^-1:
			0.8435	0.0515	0.2445
			0.0515	0.4511	0.0316
			0.2445	0.0316	0.5943
	==================================================================================
	Q2:
		Shape: Hybrid
		q_c:	390.5	484.5	250.0
		ub :	392.2017	486.0133	251.4563
		lb :	388.7983	482.9867	248.5437
		P^-1:
			1.0	-0.0	-0.0
			-0.0	1.0	0.0
			-0.0	0.0	1.0
		A:
			-0.0141	-0.8377	0.5459
			-0.835	-0.1683	0.5238
			0.3227	-0.8917	0.3173
			-0.4766	0.5125	0.7143
			-0.9333	-0.1848	0.3079
			-0.787	0.2665	-0.5565
		b:
			-274.3809
			-276.1733
			-226.1816
			241.2788
			-376.5131
			-316.8142
	==================================================================================
	Q3:
		Shape: Polyhedra
		q_c:	394.5	483.0	250.5
		ub :	396.7966	485.2602	252.4992
		lb :	392.2034	480.7398	248.5008
		A:
			-0.2162	0.7218	-0.6575
			-0.6388	-0.322	0.6987
			0.7767	0.6214	-0.1033
			0.0466	-0.8213	0.5686
			-0.9505	0.2891	0.1137
			-0.3072	-0.9219	-0.2362
			0.3433	0.6398	0.6876
			0.5202	0.4801	-0.7063
			-0.782	0.6002	-0.168
			-0.3433	-0.6398	-0.6876
			-0.5202	-0.4801	0.7063
			0.782	-0.6002	0.168
		b:
			100.1304
			-230.9919
			581.997
			-234.3455
			-205.3499
			-624.461
			617.6868
			261.6567
			-59.2077
			-615.6868
			-258.6567
			62.2077
	==================================================================================
	Q4:
		Shape: Ellipse
		q_c:	394.0	483.5	249.5
		ub :	395.862	484.348	251.2339
		lb :	392.138	482.652	247.7661
		P^-1:
			0.7759	0.6631	-0.1974
			0.6631	3.8318	0.3573
			-0.1974	0.3573	0.8368
	==================================================================================
	Q5:
		Shape: Ellipse
		q_c:	394.0	485.0	249.0
		ub :	395.6419	486.6871	250.4958
		lb :	392.3581	483.3129	247.5042
		P^-1:
			1.2866	0.55	0.9067
			0.55	2.0285	1.5239
			0.9067	1.5239	2.1293
	==================================================================================
	Q6:
		Shape: Polyhedra
		q_c:	395.5	484.5	250.5
		ub :	396.8887	485.5447	251.9411
		lb :	394.1113	483.4553	249.0589
		A:
			0.2638	-0.5614	0.7844
			0.5015	0.3968	-0.7688
			0.0275	0.9584	-0.2842
			-0.8506	-0.2833	-0.4429
			0.7695	-0.5832	0.2602
			0.3842	0.8355	-0.3929
			0.8843	0.1455	0.4436
			-0.4573	0.4617	0.7601
			-0.0942	-0.875	0.4748
			-0.8843	-0.1455	-0.4436
			0.4573	-0.4617	-0.7601
			0.0942	0.875	-0.4748
		b:
			29.5315
			198.7598
			404.5769
			-583.6512
			87.8038
			458.9071
			532.3712
			234.2513
			-341.7707
			-530.3712
			-232.2513
			342.7707


===========================================================================================
===========================================================================================
S5:
	q_c:	52.0	128.0	475.0
	ub :	65.6874	136.0898	494.2419
	lb :	28.2029	105.0505	459.5292

	==================================================================================
	Q1:
		Shape: Ellipse
		q_c:	37.0	118.5	479.0
		ub :	45.7971	126.0309	486.8461
		lb :	28.2029	110.9691	471.1539
		P^-1:
			0.0377	0.0008	0.0032
			0.0008	0.0397	-0.0011
			0.0032	-0.0011	0.0356
	==================================================================================
	Q2:
		Shape: Ellipse
		q_c:	61.0	127.0	470.0
		ub :	65.6874	132.6305	475.9592
		lb :	56.3126	121.3695	464.0408
		P^-1:
			0.11	-0.0031	0.0082
			-0.0031	0.1024	0.0231
			0.0082	0.0231	0.0498
	==================================================================================
	Q3:
		Shape: Hybrid
		q_c:	38.5	129.0	471.5
		ub :	46.2182	136.0898	479.4337
		lb :	30.7818	121.9102	463.5663
		P^-1:
			0.0431	0.0013	0.0042
			0.0013	0.0491	-0.0009
			0.0042	-0.0009	0.0465
		A:
			0.0523	-0.0704	-0.9962
			0.0803	0.423	-0.9026
			0.4334	0.901	-0.0179
			-0.3066	0.6467	0.6984
			-0.127	0.4294	0.8942
			-0.7395	-0.6105	0.2835
		b:
			-474.3091
			-365.5388
			126.7676
			403.4322
			474.5719
			28.889
	==================================================================================
	Q4:
		Shape: Hybrid
		q_c:	45.0	118.0	486.0
		ub :	53.1416	125.7778	494.2419
		lb :	36.8584	110.2222	477.7581
		P^-1:
			0.0282	0.0022	0.0007
			0.0022	0.0383	0.0036
			0.0007	0.0036	0.029
		A:
			0.5952	-0.7886	-0.1542
			-0.6948	0.6603	-0.285
			0.899	0.3921	-0.195
			-0.6169	-0.7835	0.0747
			-0.5988	0.4348	-0.6726
			-0.8934	-0.4446	-0.0647
		b:
			-138.1312
			-88.4849
			-4.7594
			-81.0478
			-299.0228
			-120.9641
	==================================================================================
	Q5:
		Shape: Polyhedra
		q_c:	46.0	112.5	467.0
		ub :	51.0437	119.9495	474.4708
		lb :	40.9563	105.0505	459.5292
		A:
			0.9089	-0.4039	0.104
			0.2294	0.9715	0.0594
			0.6943	-0.6886	-0.2093
			0.7728	-0.086	-0.6288
			-0.4043	0.4372	-0.8033
			-0.9932	0.0731	-0.0902
			0.443	0.6573	0.6096
			0.8882	-0.2296	-0.3979
			-0.1216	0.7178	-0.6856
			-0.443	-0.6573	-0.6096
			-0.8882	0.2296	0.3979
			0.1216	-0.7178	0.6856
		b:
			48.2809
			152.6062
			-139.9437
			-264.9899
			-339.6092
			-76.2845
			384.0262
			-168.3106
			-239.9982
			-374.0262
			173.3106
			249.9982
	==================================================================================
	Q6:
		Shape: Ellipse
		q_c:	46.0	126.5	481.5
		ub :	53.5166	131.9181	488.4062
		lb :	38.4834	121.0819	474.5938
		P^-1:
			0.064	0.0529	0.067
			0.0529	0.1225	0.0812
			0.067	0.0812	0.1365


===========================================================================================
===========================================================================================
S6:
	q_c:	313.5	202.5	349.5
	ub :	324.6976	219.2978	361.2139
	lb :	300.5309	192.1543	338.08

	==================================================================================
	Q1:
		Shape: Ellipse
		q_c:	306.0	203.0	351.5
		ub :	310.4066	208.4323	357.0745
		lb :	301.5934	197.5677	345.9255
		P^-1:
			0.3235	-0.0029	-0.1814
			-0.0029	0.0605	-0.0037
			-0.1814	-0.0037	0.1723
	==================================================================================
	Q2:
		Shape: Polyhedra
		q_c:	312.5	211.0	344.5
		ub :	319.2153	219.2978	350.92
		lb :	305.7847	202.7022	338.08
		A:
			0.5172	0.8218	-0.239
			0.0634	-0.6951	0.7161
			0.0305	-0.6214	0.7829
			-0.8034	-0.2475	-0.5416
			0.09	-0.3321	-0.9389
			-0.625	-0.3608	0.6923
			0.1171	0.1845	0.9758
			-0.3778	0.917	-0.1281
			-0.9184	-0.3537	0.1771
			-0.1171	-0.1845	-0.9758
			0.3778	-0.917	0.1281
			0.9184	0.3537	-0.1771
		b:
			257.6919
			125.6751
			153.777
			-485.3225
			-360.3389
			-28.5181
			416.7118
			37.7959
			-296.6184
			-406.7118
			-24.7959
			304.6184
	==================================================================================
	Q3:
		Shape: Polyhedra
		q_c:	313.5	197.5	349.5
		ub :	320.7199	202.8457	356.3617
		lb :	306.2801	192.1543	342.6383
		A:
			-0.3719	-0.7281	-0.5758
			-0.1571	-0.8758	-0.4563
			-0.6049	-0.782	-0.1504
			0.4041	0.9066	0.1213
			0.3023	0.9501	0.0773
			-0.1833	-0.9721	-0.1464
			0.4323	0.7768	0.4579
			0.5839	0.1458	-0.7986
			-0.6872	0.6126	-0.3905
			-0.4323	-0.7768	-0.4579
			-0.5839	-0.1458	0.7986
			0.6872	-0.6126	0.3905
		b:
			-459.546
			-379.3187
			-394.0938
			350.7154
			312.2072
			-297.8272
			450.9757
			-62.282
			-225.9388
			-446.9757
			72.282
			235.9388
	==================================================================================
	Q4:
		Shape: Hybrid
		q_c:	316.5	209.0	344.0
		ub :	322.4937	214.4145	347.9035
		lb :	310.5063	203.5855	340.0965
		P^-1:
			0.0786	0.0032	0.0614
			0.0032	0.0868	0.0439
			0.0614	0.0439	0.2156
		A:
			-0.0595	0.4257	-0.9029
			0.1664	0.6098	0.7749
			-0.5595	-0.5167	-0.648
			-0.1226	0.347	-0.9298
			0.2298	0.9035	0.3618
			0.0944	0.8973	-0.4312
		b:
			-238.3354
			447.9899
			-506.395
			-284.2287
			388.2137
			71.9665
	==================================================================================
	Q5:
		Shape: Ellipse
		q_c:	321.0	205.0	352.5
		ub :	324.6976	210.0408	357.8938
		lb :	317.3024	199.9592	347.1062
		P^-1:
			0.3312	-0.1778	-0.0175
			-0.1778	0.1615	0.0119
			-0.0175	0.0119	0.0412
	==================================================================================
	Q6:
		Shape: Ellipse
		q_c:	306.5	200.5	355.0
		ub :	312.4691	206.3579	361.2139
		lb :	300.5309	194.6421	348.7861
		P^-1:
			0.0793	0.0209	0.0135
			0.0209	0.0885	0.0155
			0.0135	0.0155	0.0389


===========================================================================================
===========================================================================================
S7:
	q_c:	319.0	349.5	135.5
	ub :	332.7872	364.2365	146.3883
	lb :	308.1488	340.8947	121.1755

	==================================================================================
	Q1:
		Shape: Polyhedra
		q_c:	323.0	351.5	137.0
		ub :	329.0332	358.4692	144.0993
		lb :	316.9668	344.5308	129.9007
		A:
			-0.6611	0.7203	0.2102
			-0.7731	-0.1381	-0.6191
			0.7628	0.6452	0.0431
			0.9913	-0.1318	0.0022
			0.319	0.6275	0.7103
			0.5718	0.3257	0.753
			0.1876	0.7418	0.6438
			0.0114	0.6538	-0.7566
			-0.9822	0.1493	0.1142
			-0.1876	-0.7418	-0.6438
			-0.0114	-0.6538	0.7566
			0.9822	-0.1493	-0.1142
		b:
			73.3957
			-378.3531
			483.7843
			279.6568
			424.028
			406.3522
			412.5607
			135.814
			-243.6156
			-406.5607
			-123.814
			254.6156
	==================================================================================
	Q2:
		Shape: Ellipse
		q_c:	317.5	347.0	140.0
		ub :	321.5604	351.3192	141.9102
		lb :	313.4396	342.6808	138.0898
		P^-1:
			0.5146	-0.1058	-1.1518
			-0.1058	0.1659	0.4372
			-1.1518	0.4372	3.5612
	==================================================================================
	Q3:
		Shape: Hybrid
		q_c:	314.0	355.5	139.5
		ub :	319.8512	361.9514	146.3883
		lb :	308.1488	349.0486	132.6117
		P^-1:
			0.0749	0.0184	0.013
			0.0184	0.0657	0.0281
			0.013	0.0281	0.073
		A:
			-0.031	-0.6182	-0.7854
			0.056	0.9123	0.4057
			-0.3038	0.8035	0.512
			-0.6336	-0.4591	-0.6227
			-0.3057	-0.0877	-0.9481
			0.6274	-0.2861	0.7243
		b:
			-337.295
			400.6479
			263.9945
			-447.4821
			-257.1379
			199.1556
	==================================================================================
	Q4:
		Shape: Hybrid
		q_c:	324.0	347.5	142.5
		ub :	327.9906	348.8057	145.7141
		lb :	320.0094	346.1943	139.2859
		P^-1:
			0.3599	-0.0239	0.4357
			-0.0239	0.9991	0.0162
			0.4357	0.0162	0.7035
		A:
			0.3642	-0.9046	0.2217
			0.3697	0.6257	0.6868
			-0.7545	0.113	-0.6464
			-0.3115	0.6398	-0.7025
			-0.3153	-0.7681	-0.5573
			0.2332	0.9471	-0.2204
		b:
			-164.0907
			435.6387
			-296.4045
			21.9692
			-447.9849
			374.4481
	==================================================================================
	Q5:
		Shape: Hybrid
		q_c:	323.0	357.0	128.0
		ub :	328.3271	364.2365	134.8245
		lb :	317.6729	349.7635	121.1755
		P^-1:
			0.1362	0.0574	0.0815
			0.0574	0.0804	0.0622
			0.0815	0.0622	0.1159
		A:
			-0.8767	0.3307	-0.3494
			-0.9527	-0.1243	-0.2774
			0.7475	0.3381	0.5718
			0.632	-0.7054	-0.3211
			0.9151	0.2269	-0.3333
			-0.0832	-0.7474	-0.6591
		b:
			-206.9696
			-385.6867
			436.405
			-85.2483
			337.2498
			-375.8756
	==================================================================================
	Q6:
		Shape: Hybrid
		q_c:	328.0	345.5	135.0
		ub :	332.7872	350.1053	137.8053
		lb :	323.2128	340.8947	132.1947
		P^-1:
			0.093	0.016	-0.0238
			0.016	0.1063	-0.0179
			-0.0238	-0.0179	0.2435
		A:
			0.9163	0.3885	0.0977
			-0.1229	0.7482	0.652
			-0.4575	-0.8872	0.0591
			-0.3595	-0.5201	0.7748
			0.1651	-0.6008	-0.7822
			0.6397	0.0256	-0.7682
		b:
			450.1201
			308.0518
			-446.6757
			-191.7606
			-257.3785
			116.4033


===========================================================================================
===========================================================================================
S8:
	q_c:	274.0	467.0	52.5
	ub :	278.1385	470.0668	56.8187
	lb :	270.7012	463.3238	49.2419

	==================================================================================
	Q1:
		Shape: Polyhedra
		q_c:	276.0	465.5	53.0
		ub :	278.1385	467.6762	54.8594
		lb :	273.8615	463.3238	51.1406
		A:
			0.9154	0.3215	0.2423
			0.359	0.8657	-0.3487
			-0.6769	0.3971	0.6198
			0.9294	0.3688	0.016
			0.7441	0.3955	-0.5385
			0.2273	0.9269	-0.2988
			0.7261	0.5082	0.4632
			-0.3494	-0.3075	0.8851
			0.5922	-0.8045	-0.0457
			-0.7261	-0.5082	-0.4632
			0.3494	0.3075	-0.8851
			-0.5922	0.8045	0.0457
		b:
			416.21
			484.9821
			32.3982
			430.1769
			362.3295
			479.7524
			462.5009
			-191.1713
			-211.9711
			-460.5009
			194.1713
			214.9711
	==================================================================================
	Q2:
		Shape: Hybrid
		q_c:	274.5	468.0	55.0
		ub :	276.3305	470.0668	56.8187
		lb :	272.6695	465.9332	53.1813
		P^-1:
			0.8296	-0.2562	0.0029
			-0.2562	0.6149	-0.002
			0.0029	-0.002	0.4445
		A:
			0.8427	0.1773	0.5084
			-0.9296	0.3372	-0.1486
			-0.8829	0.2687	-0.3851
			0.9842	0.1559	0.0833
			-0.0872	-0.1841	-0.979
			0.5671	0.711	-0.4158
		b:
			343.0698
			-105.0185
			-137.1337
			348.4922
			-162.9351
			466.5282
	==================================================================================
	Q3:
		Shape: Hybrid
		q_c:	275.0	465.0	53.0
		ub :	276.4181	466.4561	53.7137
		lb :	273.5819	463.5439	52.2863
		P^-1:
			1.0138	-0.0352	0.1998
			-0.0352	1.0899	-0.5102
			0.1998	-0.5102	3.8964
		A:
			0.1728	0.2539	0.9517
			0.023	-0.392	-0.9197
			0.0448	0.3556	0.9336
			0.2875	-0.0078	-0.9578
			-0.3628	-0.1364	-0.9218
			-0.4875	-0.0509	-0.8716
		b:
			216.4027
			-224.2547
			227.5587
			25.0167
			-211.6786
			-203.5473
	==================================================================================
	Q4:
		Shape: Ellipse
		q_c:	275.0	465.5	53.5
		ub :	276.2027	466.9915	54.9397
		lb :	273.7973	464.0085	52.0603
		P^-1:
			2.9355	-0.5581	-1.3224
			-0.5581	1.1609	0.3813
			-1.3224	0.3813	1.9035
	==================================================================================
	Q5:
		Shape: Ellipse
		q_c:	272.5	467.0	53.0
		ub :	274.2988	468.8381	53.9866
		lb :	270.7012	465.1619	52.0134
		P^-1:
			0.9767	-0.1408	-0.8174
			-0.1408	0.7665	-0.5388
			-0.8174	-0.5388	3.7013
	==================================================================================
	Q6:
		Shape: Hybrid
		q_c:	274.0	466.5	51.0
		ub :	275.9557	468.5362	52.7581
		lb :	272.0443	464.4638	49.2419
		P^-1:
			0.8044	0.2353	0.1226
			0.2353	0.5983	0.0802
			0.1226	0.0802	0.4862
		A:
			-0.8744	0.1232	-0.4694
			-0.6609	-0.6229	0.4187
			-0.3339	0.6443	-0.688
			-0.9278	-0.3522	-0.1228
			0.9813	-0.0561	0.1842
			0.6429	0.725	-0.2469
		b:
			-205.304
			-449.5354
			174.9998
			-424.2575
			252.7908
			502.4752


===========================================================================================
===========================================================================================
S9:
	q_c:	251.0	495.0	383.0
	ub :	268.5641	510.4782	397.6303
	lb :	242.6752	480.0249	365.7468

	==================================================================================
	Q1:
		Shape: Hybrid
		q_c:	260.0	500.5	385.5
		ub :	267.1594	509.4055	393.6747
		lb :	252.8406	491.5945	377.3253
		P^-1:
			0.0651	-0.0233	-0.0135
			-0.0233	0.0443	-0.0074
			-0.0135	-0.0074	0.042
		A:
			0.5036	0.3054	-0.8082
			0.7894	0.4557	-0.4114
			0.624	-0.7268	-0.287
			-0.105	-0.9202	-0.377
			-0.1592	-0.8423	-0.5149
			0.6554	0.2873	0.6985
		b:
			-25.2001
			277.9434
			-309.8712
			-628.6015
			-656.6287
			588.3057
	==================================================================================
	Q2:
		Shape: Hybrid
		q_c:	258.0	489.5	385.5
		ub :	267.7113	498.8156	393.2107
		lb :	248.2887	480.1844	377.7893
		P^-1:
			0.03	-0.0033	0.0048
			-0.0033	0.0296	0.0039
			0.0048	0.0039	0.0371
		A:
			-0.0452	-0.2937	-0.9548
			0.2975	0.4913	0.8186
			-0.3215	-0.0103	-0.9469
			0.9415	-0.2486	0.2277
			0.8772	0.0966	0.4703
			0.1075	0.9398	0.3243
		b:
			-520.9204
			635.3948
			-450.4521
			211.9842
			457.8512
			615.9617
	==================================================================================
	Q3:
		Shape: Polyhedra
		q_c:	261.5	494.0	381.5
		ub :	267.8468	499.7208	386.6576
		lb :	255.1532	488.2792	376.3424
		A:
			-0.0025	-0.8074	0.59
			0.4169	0.7342	0.5359
			-0.007	0.7654	-0.6435
			0.9227	-0.2698	0.2753
			0.7218	-0.6878	-0.0765
			0.7656	0.4457	0.4638
			0.4535	0.8079	0.3763
			0.8794	-0.3368	-0.3365
			-0.1451	0.4835	-0.8632
			-0.4535	-0.8079	-0.3763
			-0.8794	0.3368	0.3365
			0.1451	-0.4835	0.8632
		b:
			-171.6806
			679.6272
			133.4867
			217.4064
			-175.5746
			601.0201
			664.7632
			-59.8201
			-125.9129
			-657.7632
			69.8201
			130.9129
	==================================================================================
	Q4:
		Shape: Hybrid
		q_c:	255.0	493.5	375.0
		ub :	257.1905	497.3509	378.6825
		lb :	252.8095	489.6491	371.3175
		P^-1:
			0.4228	-0.0458	0.0413
			-0.0458	0.1705	-0.077
			0.0413	-0.077	0.2122
		A:
			-0.5565	-0.7941	-0.2441
			0.9126	0.0178	-0.4086
			0.8901	-0.3307	-0.3137
			0.8103	0.4292	-0.3991
			0.8853	0.4626	0.0466
			-0.4758	0.6434	-0.5996
		b:
			-623.4909
			89.3036
			-52.7212
			269.9004
			472.758
			-27.6535
	==================================================================================
	Q5:
		Shape: Hybrid
		q_c:	261.5	486.5	373.0
		ub :	268.5641	492.9751	380.2532
		lb :	254.4359	480.0249	365.7468
		P^-1:
			0.0516	-0.0045	0.0019
			-0.0045	0.0587	-0.0039
			0.0019	-0.0039	0.051
		A:
			-0.2686	-0.9066	-0.3255
			0.4225	-0.4818	0.7677
			-0.527	-0.8448	0.0928
			-0.8123	-0.0138	0.583
			-0.2777	-0.9383	0.206
			-0.6722	0.6195	-0.4054
		b:
			-630.3549
			164.5751
			-511.8113
			0.8252
			-450.0524
			-23.5126
	==================================================================================
	Q6:
		Shape: Ellipse
		q_c:	248.0	502.0	389.0
		ub :	253.3248	510.4782	397.6303
		lb :	242.6752	493.5218	380.3697
		P^-1:
			0.1966	0.0499	-0.0775
			0.0499	0.0503	-0.0338
			-0.0775	-0.0338	0.0634


===========================================================================================
===========================================================================================
