3D_35_11_6_f                l = 3

===========================================================================================
===========================================================================================
S1:
	q_c:	257.5	16.5	221.0
	ub :	274.2774	31.6636	240.4037
	lb :	241.4732	0.8037	205.1172

	==================================================================================
	Q1:
		Shape: Ellipse
		q_c:	263.5	22.5	213.5
		ub :	268.8247	31.6636	221.8828
		lb :	258.1753	13.3364	205.1172
		P^-1:
			0.079	-0.0114	-0.0002
			-0.0114	0.0304	-0.0097
			-0.0002	-0.0097	0.0326
	==================================================================================
	Q2:
		Shape: Polyhedra
		q_c:	259.0	10.5	228.0
		ub :	263.937	17.1445	233.5491
		lb :	254.063	3.8555	222.4509
		A:
			-0.2058	0.9376	0.2801
			0.736	-0.3663	0.5693
			0.6056	0.607	0.5146
			-0.6453	0.3343	0.687
			0.235	-0.9521	-0.1956
			-0.6833	0.6859	-0.2505
			0.0402	0.4524	0.8909
			0.1718	0.8752	-0.4521
			-0.9843	0.1713	-0.0425
			-0.0402	-0.4524	-0.8909
			-0.1718	-0.8752	0.4521
			0.9843	-0.1713	0.0425
		b:
			24.6743
			320.7435
			284.4721
			-3.2334
			10.6466
			-222.4992
			221.7954
			-44.3963
			-258.8353
			-214.7954
			54.3963
			266.8353
	==================================================================================
	Q3:
		Shape: Polyhedra
		q_c:	245.5	5.0	220.5
		ub :	249.5268	9.1963	224.2321
		lb :	241.4732	0.8037	216.7679
		A:
			-0.2775	0.8733	0.4004
			0.6149	0.7875	0.0416
			0.4536	-0.8686	0.1992
			0.3042	0.189	-0.9337
			-0.1066	0.5864	0.803
			0.3105	-0.5887	0.7463
			0.0992	0.4286	0.898
			-0.1042	0.902	-0.419
			-0.9896	-0.052	0.1341
			-0.0992	-0.4286	-0.898
			0.1042	-0.902	0.419
			0.9896	0.052	-0.1341
		b:
			27.3924
			167.3357
			154.4119
			-127.4409
			155.9657
			241.1032
			226.5061
			-109.9714
			-210.1276
			-222.5061
			116.9714
			217.1276
	==================================================================================
	Q4:
		Shape: Hybrid
		q_c:	260.5	23.5	233.0
		ub :	264.7621	30.6952	240.4037
		lb :	256.2379	16.3048	225.5963
		P^-1:
			0.1826	0.066	0.0613
			0.066	0.0864	0.0503
			0.0613	0.0503	0.0712
		A:
			0.7341	-0.2447	0.6334
			-0.9613	-0.1528	-0.2294
			-0.6573	-0.3344	-0.6753
			-0.8607	0.2156	-0.4613
			0.2366	0.8457	0.4784
			-0.9561	-0.2622	-0.1309
		b:
			336.2068
			-306.0726
			-334.805
			-324.0219
			195.0651
			-284.3369
	==================================================================================
	Q5:
		Shape: Polyhedra
		q_c:	268.0	15.0	225.5
		ub :	274.2774	18.8802	232.045
		lb :	261.7226	11.1198	218.955
		A:
			0.8552	0.4917	-0.1641
			-0.8601	0.4348	-0.2667
			-0.1455	-0.8992	-0.4126
			0.1212	-0.9643	0.2353
			-0.4668	-0.8109	0.3529
			-0.2361	-0.947	-0.2179
			0.7795	0.1631	0.6048
			-0.6188	0.3501	0.7032
			-0.0971	-0.9224	0.3739
			-0.7795	-0.1631	-0.6048
			0.6188	-0.3501	-0.7032
			0.0971	0.9224	-0.3739
		b:
			203.1261
			-280.2677
			-142.0158
			73.0977
			-55.4926
			-123.8401
			351.2333
			3.4691
			45.9595
			-344.2333
			7.5309
			-42.9595
	==================================================================================
	Q6:
		Shape: Ellipse
		q_c:	257.5	18.5	224.5
		ub :	261.7529	23.3595	228.6861
		lb :	253.2471	13.6405	220.3139
		P^-1:
			0.0898	0.0571	0.0703
			0.0571	0.3587	0.4483
			0.0703	0.4483	0.6732


===========================================================================================
===========================================================================================
S2:
	q_c:	317.0	90.0	60.0
	ub :	325.0961	96.0329	69.6734
	lb :	312.5674	82.2174	51.6647

	==================================================================================
	Q1:
		Shape: Hybrid
		q_c:	316.0	89.5	60.5
		ub :	319.1661	93.4667	64.8033
		lb :	312.8339	85.5333	56.1967
		P^-1:
			0.1579	-0.0057	-0.008
			-0.0057	0.144	-0.0222
			-0.008	-0.0222	0.1292
		A:
			-0.9539	-0.117	0.2765
			0.6343	-0.2163	0.7422
			0.6134	0.6869	-0.3898
			-0.4615	0.2105	-0.8618
			-0.7172	0.5383	-0.4425
			-0.1034	-0.4216	0.9008
		b:
			-293.9165
			227.4365
			233.0099
			-177.6574
			-203.9649
			-14.5593
	==================================================================================
	Q2:
		Shape: Ellipse
		q_c:	317.5	87.5	62.0
		ub :	320.4557	90.4694	65.1162
		lb :	314.5443	84.5306	58.8838
		P^-1:
			0.3143	-0.1409	0.0166
			-0.1409	0.2887	-0.0145
			0.0166	-0.0145	0.1126
	==================================================================================
	Q3:
		Shape: Hybrid
		q_c:	315.5	84.5	62.5
		ub :	318.4326	85.9225	65.2323
		lb :	312.5674	83.0775	59.7677
		P^-1:
			0.5294	0.7938	0.5766
			0.7938	2.9939	1.3938
			0.5766	1.3938	1.0812
		A:
			0.2458	0.9118	0.3289
			-0.2603	-0.7905	-0.5544
			-0.6601	-0.5059	-0.5553
			0.3418	0.5503	0.7618
			0.6739	0.7323	-0.0974
			-0.3171	-0.8867	-0.3364
		b:
			175.4552
			-183.2825
			-284.9837
			202.53
			269.843
			-195.6762
	==================================================================================
	Q4:
		Shape: Ellipse
		q_c:	321.5	91.5	59.0
		ub :	324.9231	96.0329	62.5352
		lb :	318.0769	86.9671	55.4648
		P^-1:
			0.1549	-0.0155	-0.0132
			-0.0155	0.1209	-0.0661
			-0.0132	-0.0661	0.2158
	==================================================================================
	Q5:
		Shape: Hybrid
		q_c:	322.0	89.0	55.0
		ub :	325.0961	92.6853	58.3353
		lb :	318.9039	85.3147	51.6647
		P^-1:
			0.1111	0.0005	0.0007
			0.0005	0.1518	0.0632
			0.0007	0.0632	0.2093
		A:
			-0.0802	0.4936	-0.866
			-0.6106	-0.3212	0.7238
			-0.5494	0.8109	0.2014
			0.6319	-0.3054	-0.7123
			0.2587	0.6296	0.7325
			-0.024	0.6524	0.7575
		b:
			-27.7086
			-183.5592
			-91.9906
			138.5723
			180.7343
			93.0271
	==================================================================================
	Q6:
		Shape: Ellipse
		q_c:	317.0	85.0	66.5
		ub :	319.9223	87.7826	69.6734
		lb :	314.0777	82.2174	63.3266
		P^-1:
			0.2993	-0.0633	-0.0561
			-0.0633	0.3313	0.072
			-0.0561	0.072	0.3138


===========================================================================================
===========================================================================================
S3:
	q_c:	391.0	299.0	134.0
	ub :	431.0285	333.1653	171.0609
	lb :	344.3623	251.7297	87.6141

	==================================================================================
	Q1:
		Shape: Hybrid
		q_c:	368.5	310.0	110.5
		ub :	392.6377	333.1653	133.3859
		lb :	344.3623	286.8347	87.6141
		P^-1:
			0.0043	-0.0007	-0.0011
			-0.0007	0.0057	-0.0007
			-0.0011	-0.0007	0.0056
		A:
			-0.5688	-0.761	-0.3119
			0.2428	0.3531	-0.9035
			-0.9231	-0.0901	0.3738
			0.9806	-0.0237	-0.1948
			-0.6899	-0.4281	0.5838
			0.4177	0.4688	-0.7783
		b:
			-469.6165
			105.4387
			-318.5153
			341.3447
			-315.0695
			219.6023
	==================================================================================
	Q2:
		Shape: Ellipse
		q_c:	404.5	295.5	156.0
		ub :	420.7802	311.3385	171.0609
		lb :	388.2198	279.6615	140.9391
		P^-1:
			0.0152	-0.008	-0.0021
			-0.008	0.016	-0.0024
			-0.0021	-0.0024	0.0103
	==================================================================================
	Q3:
		Shape: Ellipse
		q_c:	384.5	302.5	148.0
		ub :	399.7065	318.7528	161.9529
		lb :	369.2935	286.2472	134.0471
		P^-1:
			0.0191	-0.0098	0.0041
			-0.0098	0.0166	0.0039
			0.0041	0.0039	0.0146
	==================================================================================
	Q4:
		Shape: Hybrid
		q_c:	411.5	272.5	123.5
		ub :	431.0285	293.2703	141.3489
		lb :	391.9715	251.7297	105.6511
		P^-1:
			0.0055	0.0013	-0.0008
			0.0013	0.0073	-0.0011
			-0.0008	-0.0011	0.0074
		A:
			0.2191	-0.725	0.653
			0.4616	-0.1954	0.8653
			-0.4796	0.6007	-0.6397
			0.0169	0.3835	0.9234
			-0.2577	0.952	-0.1651
			0.7427	-0.6691	-0.0269
		b:
			-20.0215
			251.1381
			-104.8909
			232.5555
			140.394
			128.9708
	==================================================================================
	Q5:
		Shape: Polyhedra
		q_c:	409.0	313.0	128.0
		ub :	426.6556	320.4485	144.6984
		lb :	391.3444	305.5515	111.3016
		A:
			0.6791	-0.7246	-0.1174
			-0.1988	0.4319	0.8797
			0.6859	0.5333	-0.4951
			0.3313	-0.9278	0.1714
			-0.2105	0.9775	-0.0123
			0.0027	-0.9652	-0.2614
			0.1916	0.0492	0.9802
			-0.9458	-0.2577	0.1978
			0.2623	-0.965	-0.0029
			-0.1916	-0.0492	-0.9802
			0.9458	0.2577	-0.1978
			-0.2623	0.965	0.0029
		b:
			43.5878
			178.9964
			398.1731
			-128.9948
			221.4141
			-328.6052
			233.2107
			-427.1658
			-192.1155
			-205.2107
			457.1658
			198.1155
	==================================================================================
	Q6:
		Shape: Hybrid
		q_c:	380.0	313.5	145.5
		ub :	390.5229	328.2808	158.0118
		lb :	369.4771	298.7192	132.9882
		P^-1:
			0.0197	0.0019	0.0015
			0.0019	0.007	0.0018
			0.0015	0.0018	0.014
		A:
			-0.8726	-0.4879	0.0232
			-0.3407	-0.622	0.705
			0.2986	-0.7885	-0.5377
			0.2948	-0.2009	-0.9342
			-0.6196	-0.7407	0.2597
			0.4264	0.1745	0.8875
		b:
			-476.5756
			-214.7014
			-204.8774
			-81.8648
			-423.1561
			350.2675


===========================================================================================
===========================================================================================
S4:
	q_c:	20.5	222.5	371.5
	ub :	28.7957	230.139	379.7307
	lb :	14.5733	216.8617	366.8956

	==================================================================================
	Q1:
		Shape: Polyhedra
		q_c:	19.0	226.5	376.5
		ub :	22.465	230.139	379.7307
		lb :	15.535	222.861	373.2693
		A:
			0.5281	0.0221	-0.8489
			0.0072	-0.1012	0.9948
			0.0226	0.4544	-0.8905
			-0.3396	0.8769	-0.3403
			0.1956	0.5363	-0.821
			0.8485	0.1206	-0.5153
			0.7625	0.5232	0.3807
			-0.15	-0.4294	0.8906
			0.6294	-0.7361	-0.2489
			-0.7625	-0.5232	-0.3807
			0.15	0.4294	-0.8906
			-0.6294	0.7361	0.2489
		b:
			-302.5535
			353.8459
			-229.9165
			66.029
			-181.9112
			-148.42
			278.8186
			237.1969
			-246.4873
			-273.8186
			-233.1969
			250.4873
	==================================================================================
	Q2:
		Shape: Hybrid
		q_c:	21.0	226.5	371.5
		ub :	23.754	229.4548	374.6407
		lb :	18.246	223.5452	368.3593
		P^-1:
			0.3716	0.0679	0.0651
			0.0679	0.2879	0.0364
			0.0651	0.0364	0.2849
		A:
			-0.2813	-0.2188	0.9344
			0.004	0.0656	0.9978
			-0.4483	-0.5625	0.6947
			-0.4305	-0.2886	-0.8552
			-0.864	0.4983	-0.0727
			-0.4401	-0.0462	-0.8968
		b:
			292.9013
			386.7884
			122.4838
			-391.1863
			68.8493
			-351.8621
	==================================================================================
	Q3:
		Shape: Hybrid
		q_c:	25.5	224.5	374.0
		ub :	28.7957	227.7585	376.3415
		lb :	22.2043	221.2415	371.6585
		P^-1:
			0.3526	0.1053	-0.3121
			0.1053	0.2426	-0.1095
			-0.3121	-0.1095	0.8148
		A:
			0.2961	-0.5762	0.7618
			-0.0678	-0.0898	0.9936
			-0.1652	0.0996	0.9812
			0.3059	0.2806	-0.9098
			0.1328	-0.4966	-0.8578
			-0.2505	-0.7095	0.6587
		b:
			164.6339
			350.5152
			385.8451
			-268.9051
			-427.8101
			81.7173
	==================================================================================
	Q4:
		Shape: Ellipse
		q_c:	21.0	219.5	371.0
		ub :	24.3103	222.1383	373.6467
		lb :	17.6897	216.8617	368.3533
		P^-1:
			0.2479	-0.1275	-0.0004
			-0.1275	0.3566	-0.032
			-0.0004	-0.032	0.2499
	==================================================================================
	Q5:
		Shape: Hybrid
		q_c:	22.0	220.0	369.5
		ub :	24.3366	222.5673	371.9503
		lb :	19.6634	217.4327	367.0497
		P^-1:
			0.4417	-0.0061	0.0222
			-0.0061	0.4311	0.0487
			0.0222	0.0487	0.2661
		A:
			-0.9603	-0.1182	-0.2529
			0.0554	0.5464	0.8357
			0.3525	-0.8867	0.2991
			-0.3242	0.896	0.3035
			-0.9339	0.3273	0.1441
			0.9309	0.2946	0.216
		b:
			-139.8087
			431.1947
			-75.9179
			302.8882
			105.4667
			165.8622
	==================================================================================
	Q6:
		Shape: Polyhedra
		q_c:	18.0	222.0	370.0
		ub :	21.4267	224.978	373.1044
		lb :	14.5733	219.022	366.8956
		A:
			-0.4136	0.8312	-0.3716
			-0.8495	0.4719	0.2359
			0.6156	-0.4511	0.6462
			0.214	-0.9013	-0.3767
			0.375	0.5375	0.7552
			0.1436	-0.7993	0.5836
			0.7425	0.6551	0.1399
			0.6186	-0.7507	0.232
			0.257	-0.0857	-0.9626
			-0.7425	-0.6551	-0.1399
			-0.6186	0.7507	-0.232
			-0.257	0.0857	0.9626
		b:
			41.1589
			178.6393
			151.8432
			-333.5759
			408.0245
			42.9533
			213.0683
			-68.176
			-368.0594
			-208.0683
			71.176
			373.0594


===========================================================================================
===========================================================================================
S5:
	q_c:	104.5	249.0	53.5
	ub :	119.5169	257.002	64.5883
	lb :	98.5485	237.4298	42.7675

	==================================================================================
	Q1:
		Shape: Hybrid
		q_c:	113.5	245.5	58.0
		ub :	119.5169	251.5089	64.5883
		lb :	107.4831	239.4911	51.4117
		P^-1:
			0.0494	0.0003	0.0003
			0.0003	0.0889	0.0296
			0.0003	0.0296	0.0716
		A:
			0.2306	-0.151	0.9613
			0.5298	0.6201	0.5785
			0.1382	0.5029	-0.8532
			-0.0369	0.6149	0.7877
			-0.0699	-0.9391	0.3364
			-0.8233	-0.0463	0.5657
		b:
			47.5756
			247.9241
			92.6473
			194.084
			-216.3721
			-69.1231
	==================================================================================
	Q2:
		Shape: Ellipse
		q_c:	112.0	242.5	50.0
		ub :	113.9616	247.5702	54.3453
		lb :	110.0384	237.4298	45.6547
		P^-1:
			3.5411	-0.5046	-1.1547
			-0.5046	0.1239	0.1744
			-1.1547	0.1744	0.4659
	==================================================================================
	Q3:
		Shape: Hybrid
		q_c:	108.0	252.5	48.0
		ub :	113.4239	257.002	53.2325
		lb :	102.5761	247.998	42.7675
		P^-1:
			0.1935	-0.1854	-0.0018
			-0.1854	0.3065	-0.0198
			-0.0018	-0.0198	0.0754
		A:
			0.3084	-0.8973	-0.316
			-0.8077	0.5823	-0.0923
			0.2988	-0.6576	0.6916
			0.2313	0.9366	-0.2631
			-0.167	0.6229	0.7643
			0.1096	0.8297	-0.5474
		b:
			-206.7827
			56.5987
			-98.6572
			251.3819
			178.5911
			197.2894
	==================================================================================
	Q4:
		Shape: Hybrid
		q_c:	109.0	248.5	55.0
		ub :	113.3138	254.2441	59.8496
		lb :	104.6862	242.7559	50.1504
		P^-1:
			0.0812	-0.0036	0.0011
			-0.0036	0.0526	0.0089
			0.0011	0.0089	0.0789
		A:
			-0.5538	-0.8048	-0.2136
			-0.1766	0.2285	-0.9574
			-0.542	0.5862	-0.6021
			0.5065	0.1623	0.8468
			0.4016	-0.4402	-0.8031
			0.1866	0.2664	-0.9456
		b:
			-269.7349
			-13.1222
			55.7148
			143.866
			-108.0123
			36.603
	==================================================================================
	Q5:
		Shape: Ellipse
		q_c:	102.5	243.0	49.5
		ub :	106.4515	246.5361	52.2435
		lb :	98.5485	239.4639	46.7565
		P^-1:
			0.1519	0.0618	-0.0136
			0.0618	0.2111	0.0085
			-0.0136	0.0085	0.2481
	==================================================================================
	Q6:
		Shape: Hybrid
		q_c:	111.5	249.0	49.0
		ub :	116.7606	254.8499	55.1029
		lb :	106.2394	243.1501	42.8971
		P^-1:
			0.0927	0.0136	0.007
			0.0136	0.0816	0.0179
			0.007	0.0179	0.081
		A:
			0.4833	0.6658	0.5684
			-0.8544	-0.4548	0.2514
			-0.862	0.4843	0.1495
			0.0389	-0.8393	-0.5423
			0.1235	0.0109	-0.9923
			-0.9003	0.085	-0.4268
		b:
			249.0471
			-194.3481
			33.872
			-229.4421
			-30.0023
			-98.2496


===========================================================================================
===========================================================================================
S6:
	q_c:	167.5	32.5	204.0
	ub :	193.9411	56.2736	226.4709
	lb :	137.0648	0.827	170.9413

	==================================================================================
	Q1:
		Shape: Polyhedra
		q_c:	153.0	42.5	217.5
		ub :	167.759	56.2736	226.4709
		lb :	138.241	28.7264	208.5291
		A:
			0.2804	-0.0905	-0.9556
			0.6858	-0.6424	0.3422
			0.2304	-0.756	0.6127
			-0.7607	0.4251	-0.4906
			0.2115	-0.5876	-0.781
			0.0835	-0.9709	-0.2245
			0.1874	0.0047	0.9823
			-0.7351	0.664	0.1371
			-0.6516	-0.7477	0.1279
			-0.1874	-0.0047	-0.9823
			0.7351	-0.664	-0.1371
			0.6516	0.7477	-0.1279
		b:
			-161.4344
			161.3993
			144.9889
			-196.2243
			-154.1922
			-67.6562
			249.02
			-44.4204
			-94.1532
			-236.02
			64.4204
			113.1532
	==================================================================================
	Q2:
		Shape: Ellipse
		q_c:	182.5	41.5	192.5
		ub :	193.9411	52.0227	202.7756
		lb :	171.0589	30.9773	182.2244
		P^-1:
			0.0218	0.0006	-0.0028
			0.0006	0.0206	-0.0015
			-0.0028	-0.0015	0.0172
	==================================================================================
	Q3:
		Shape: Ellipse
		q_c:	177.5	25.0	183.5
		ub :	189.456	36.1339	196.0587
		lb :	165.544	13.8661	170.9413
		P^-1:
			0.0195	0.0046	0.0003
			0.0046	0.0236	0.0041
			0.0003	0.0041	0.0163
	==================================================================================
	Q4:
		Shape: Ellipse
		q_c:	151.5	14.0	192.0
		ub :	165.9352	27.173	206.3235
		lb :	137.0648	0.827	177.6765
		P^-1:
			0.0172	0.0045	0.0064
			0.0045	0.0194	0.0061
			0.0064	0.0061	0.0119
	==================================================================================
	Q5:
		Shape: Ellipse
		q_c:	184.5	22.0	193.0
		ub :	191.4537	32.5332	204.1343
		lb :	177.5463	11.4668	181.8657
		P^-1:
			0.1972	0.0572	0.0788
			0.0572	0.0379	0.0285
			0.0788	0.0285	0.0464
	==================================================================================
	Q6:
		Shape: Ellipse
		q_c:	166.5	18.5	195.0
		ub :	180.8766	32.8847	205.6685
		lb :	152.1234	4.1153	184.3315
		P^-1:
			0.0148	0.0044	0.0017
			0.0044	0.014	0.0015
			0.0017	0.0015	0.0173


===========================================================================================
===========================================================================================
S7:
	q_c:	504.5	356.5	435.5
	ub :	524.8061	373.6382	459.9479
	lb :	494.3012	339.2716	421.1184

	==================================================================================
	Q1:
		Shape: Hybrid
		q_c:	511.5	356.0	446.5
		ub :	519.4071	363.6152	455.0245
		lb :	503.5929	348.3848	437.9755
		P^-1:
			0.0519	-0.0206	0.0046
			-0.0206	0.0591	-0.0155
			0.0046	-0.0155	0.0384
		A:
			-0.9976	-0.0583	0.037
			0.0184	0.641	-0.7673
			0.0481	-0.9792	-0.1969
			-0.2422	-0.1573	-0.9574
			-0.8261	0.5146	0.2298
			-0.0838	0.9054	-0.4161
		b:
			-511.4519
			-102.4263
			-408.7637
			-603.4882
			-134.3198
			95.9303
	==================================================================================
	Q2:
		Shape: Hybrid
		q_c:	515.5	358.0	428.5
		ub :	523.1206	363.0452	435.8816
		lb :	507.8794	352.9548	421.1184
		P^-1:
			0.0796	-0.0714	0.0587
			-0.0714	0.1677	-0.0613
			0.0587	-0.0613	0.0889
		A:
			-0.4767	-0.8538	0.2091
			-0.4989	0.6892	-0.5254
			0.1454	0.9874	0.0619
			-0.3959	0.9153	0.074
			0.2936	-0.6436	-0.7068
			0.7161	0.0969	0.6912
		b:
			-457.9826
			-234.58
			457.4758
			157.2741
			-378.1158
			702.632
	==================================================================================
	Q3:
		Shape: Polyhedra
		q_c:	510.5	350.5	428.5
		ub :	515.0495	353.0563	432.4115
		lb :	505.9505	347.9437	424.5885
		A:
			-0.3176	0.4102	-0.8549
			-0.4408	-0.8762	0.1947
			-0.1451	-0.5722	0.8071
			0.4466	0.8796	0.164
			-0.9201	-0.036	0.39
			0.0229	0.4991	-0.8662
			0.4427	0.1948	0.8753
			-0.0406	0.9795	-0.1975
			-0.8958	0.0519	0.4415
			-0.4427	-0.1948	-0.8753
			0.0406	-0.9795	0.1975
			0.8958	-0.0519	-0.4415
		b:
			-382.6897
			-446.2096
			73.7498
			608.7947
			-311.2517
			-182.1557
			671.3207
			239.9775
			-245.8985
			-667.3207
			-235.9775
			253.8985
	==================================================================================
	Q4:
		Shape: Polyhedra
		q_c:	510.5	364.0	448.5
		ub :	520.895	373.6382	459.9479
		lb :	500.105	354.3618	437.0521
		A:
			0.1462	0.3229	0.9351
			-0.2041	0.9358	0.2875
			-0.2268	-0.1156	-0.9671
			-0.5097	-0.7947	-0.3297
			-0.013	-0.7218	-0.692
			-0.9477	-0.3087	-0.081
			0.4203	0.7829	0.4588
			0.833	-0.1323	-0.5373
			-0.3599	0.608	-0.7077
			-0.4203	-0.7829	-0.4588
			-0.833	0.1323	0.5373
			0.3599	-0.608	0.7077
		b:
			617.7712
			371.3577
			-584.8116
			-692.2875
			-574.3409
			-626.5709
			710.2869
			142.5772
			-271.8425
			-700.2869
			-129.5772
			287.8425
	==================================================================================
	Q5:
		Shape: Ellipse
		q_c:	499.5	356.5	428.0
		ub :	504.6988	361.2667	432.0689
		lb :	494.3012	351.7333	423.9311
		P^-1:
			0.1491	-0.0621	-0.0989
			-0.0621	0.2377	-0.1319
			-0.0989	-0.1319	0.3476
	==================================================================================
	Q6:
		Shape: Polyhedra
		q_c:	519.0	345.5	428.0
		ub :	524.8061	351.7284	431.1557
		lb :	513.1939	339.2716	424.8443
		A:
			-0.0889	0.1593	-0.9832
			-0.2942	-0.8995	-0.3232
			0.322	-0.1641	-0.9324
			0.1445	0.4596	-0.8763
			0.9361	0.1043	-0.3359
			0.7455	0.666	-0.0252
			0.8152	0.4409	0.3756
			0.5061	-0.8576	-0.0915
			0.2818	0.2647	-0.9222
			-0.8152	-0.4409	-0.3756
			-0.5061	0.8576	0.0915
			-0.2818	-0.2647	0.9222
		b:
			-409.9447
			-597.5443
			-286.232
			-139.3711
			381.4083
			609.5626
			739.6736
			-67.8294
			-155.5335
			-732.6736
			77.8294
			158.5335


===========================================================================================
===========================================================================================
S8:
	q_c:	495.5	34.0	150.5
	ub :	502.3794	40.4356	155.8622
	lb :	492.628	29.4017	145.45

	==================================================================================
	Q1:
		Shape: Ellipse
		q_c:	499.5	36.0	153.0
		ub :	502.3794	38.4389	155.8622
		lb :	496.6206	33.5611	150.1378
		P^-1:
			0.2694	-0.057	-0.0123
			-0.057	0.4172	0.0361
			-0.0123	0.0361	0.2578
	==================================================================================
	Q2:
		Shape: Ellipse
		q_c:	495.0	32.0	150.5
		ub :	497.372	34.5983	152.8401
		lb :	492.628	29.4017	148.1599
		P^-1:
			0.7167	0.1224	-0.2993
			0.1224	0.317	0.0088
			-0.2993	0.0088	0.6607
	==================================================================================
	Q3:
		Shape: Ellipse
		q_c:	499.5	36.0	151.0
		ub :	501.4096	38.5607	153.0824
		lb :	497.5904	33.4393	148.9176
		P^-1:
			0.8728	-0.2409	-0.1376
			-0.2409	0.3535	0.0092
			-0.1376	0.0092	0.4681
	==================================================================================
	Q4:
		Shape: Polyhedra
		q_c:	498.0	37.5	148.5
		ub :	500.1208	40.4356	151.1505
		lb :	495.8792	34.5644	145.8495
		A:
			0.3249	-0.8356	0.443
			0.2926	0.0001	0.9562
			0.0292	-0.864	0.5026
			0.2919	0.8171	-0.4972
			-0.2276	0.8539	-0.468
			0.7475	0.1948	0.635
			0.0181	0.8676	0.4969
			-0.0525	0.4972	-0.8661
			-0.9985	-0.0104	0.0545
			-0.0181	-0.8676	-0.4969
			0.0525	-0.4972	0.8661
			0.9985	0.0104	-0.0545
		b:
			198.0904
			289.5153
			58.5537
			104.0134
			-148.9932
			475.9124
			117.8249
			-134.6162
			-487.5253
			-112.8249
			137.6162
			491.5253
	==================================================================================
	Q5:
		Shape: Ellipse
		q_c:	496.5	34.5	148.0
		ub :	499.4795	37.8516	150.55
		lb :	493.5205	31.1484	145.45
		P^-1:
			0.256	0.0107	-0.0573
			0.0107	0.1905	0.0727
			-0.0573	0.0727	0.408
	==================================================================================
	Q6:
		Shape: Hybrid
		q_c:	497.0	33.5	150.5
		ub :	500.8239	36.9773	154.5556
		lb :	493.1761	30.0227	146.4444
		P^-1:
			0.1819	-0.0304	-0.0238
			-0.0304	0.2023	0.0331
			-0.0238	0.0331	0.1859
		A:
			0.3554	0.9278	0.1131
			0.1848	-0.4808	0.8572
			0.9588	0.0284	-0.2826
			-0.6902	-0.5894	0.4199
			-0.4358	0.2154	0.8739
			-0.0255	0.5643	-0.8252
		b:
			226.1305
			206.2377
			436.294
			-298.0976
			-76.6797
			-116.4682


===========================================================================================
===========================================================================================
S9:
	q_c:	225.0	263.0	141.0
	ub :	242.8215	275.9356	160.9054
	lb :	204.7372	242.691	113.7826

	==================================================================================
	Q1:
		Shape: Ellipse
		q_c:	216.5	269.0	124.0
		ub :	225.7679	275.7537	134.2174
		lb :	207.2321	262.2463	113.7826
		P^-1:
			0.0237	0.0143	0.0023
			0.0143	0.0747	0.0141
			0.0023	0.0141	0.0193
	==================================================================================
	Q2:
		Shape: Hybrid
		q_c:	229.0	254.5	124.5
		ub :	239.0032	262.698	134.116
		lb :	218.9968	246.302	114.884
		P^-1:
			0.042	-0.0517	-0.0282
			-0.0517	0.1091	0.043
			-0.0282	0.043	0.0449
		A:
			0.3504	-0.8876	-0.299
			-0.6108	0.7917	-0.0108
			-0.1784	-0.9307	-0.3193
			-0.4029	0.8953	-0.1901
			-0.4589	0.6279	0.6286
			0.1765	-0.8509	-0.4948
		b:
			-181.3917
			63.0725
			-313.0606
			115.0372
			134.7319
			-235.4759
	==================================================================================
	Q3:
		Shape: Polyhedra
		q_c:	227.0	260.5	152.0
		ub :	234.7372	268.9125	160.9054
		lb :	219.2628	252.0875	143.0946
		A:
			0.8095	0.2894	-0.5107
			-0.4795	-0.2663	0.8362
			-0.6968	-0.4721	0.54
			-0.9844	-0.1068	0.1399
			-0.7147	0.3818	-0.586
			-0.648	-0.1394	0.7488
			0.5512	0.3669	0.7494
			-0.1802	0.9293	-0.3224
			-0.8147	0.0427	0.5783
			-0.5512	-0.3669	-0.7494
			0.1802	-0.9293	0.3224
			0.8147	-0.0427	-0.5783
		b:
			185.864
			-46.3971
			-194.3069
			-225.4796
			-145.7285
			-65.3444
			340.6044
			158.6631
			-81.9043
			-328.6044
			-145.6631
			89.9043
	==================================================================================
	Q4:
		Shape: Polyhedra
		q_c:	232.5	266.0	142.0
		ub :	242.8215	275.9356	153.9143
		lb :	222.1785	256.0644	130.0857
		A:
			0.0495	0.4004	-0.915
			0.9965	-0.0203	0.0811
			-0.1426	-0.7063	-0.6934
			-0.8983	-0.4258	0.1088
			-0.6835	-0.7187	0.1275
			0.2494	0.7837	0.5688
			0.7692	0.2012	0.6065
			-0.6389	0.2591	0.7243
			-0.0114	-0.9446	0.3279
			-0.7692	-0.2012	-0.6065
			0.6389	-0.2591	-0.7243
			0.0114	0.9446	-0.3279
		b:
			-4.8293
			245.147
			-312.2597
			-299.3983
			-324.8078
			354.4833
			325.9832
			30.2271
			-200.377
			-310.9832
			-16.2271
			214.377
	==================================================================================
	Q5:
		Shape: Ellipse
		q_c:	231.5	251.5	141.0
		ub :	236.744	256.2808	145.7217
		lb :	226.256	246.7192	136.2783
		P^-1:
			0.0491	-0.0401	0.0447
			-0.0401	0.2227	-0.192
			0.0447	-0.192	0.262
	==================================================================================
	Q6:
		Shape: Ellipse
		q_c:	216.5	253.5	141.5
		ub :	228.2628	264.309	146.9158
		lb :	204.7372	242.691	136.0842
		P^-1:
			0.0252	-0.0018	-0.0372
			-0.0018	0.0214	-0.0149
			-0.0372	-0.0149	0.1482


===========================================================================================
===========================================================================================
S10:
	q_c:	231.0	94.5	106.5
	ub :	243.1453	102.2826	117.4956
	lb :	220.1587	86.6359	100.1384

	==================================================================================
	Q1:
		Shape: Ellipse
		q_c:	224.5	94.0	111.0
		ub :	228.8413	97.1578	115.2255
		lb :	220.1587	90.8422	106.7745
		P^-1:
			0.1049	0.0254	0.0272
			0.0254	0.3831	-0.1225
			0.0272	-0.1225	0.198
	==================================================================================
	Q2:
		Shape: Ellipse
		q_c:	238.0	94.0	113.0
		ub :	243.1453	99.1683	117.4956
		lb :	232.8547	88.8317	108.5044
		P^-1:
			0.1025	-0.0433	-0.0207
			-0.0433	0.1274	-0.0156
			-0.0207	-0.0156	0.1526
	==================================================================================
	Q3:
		Shape: Ellipse
		q_c:	232.0	99.0	104.0
		ub :	235.2439	101.9026	107.8616
		lb :	228.7561	96.0974	100.1384
		P^-1:
			1.0449	-0.4433	0.951
			-0.4433	2.3038	-1.6596
			0.951	-1.6596	1.7007
	==================================================================================
	Q4:
		Shape: Polyhedra
		q_c:	230.5	91.0	109.0
		ub :	233.8128	94.5575	113.3707
		lb :	227.1872	87.4425	104.6293
		A:
			-0.9663	0.1903	0.1731
			0.9232	-0.3626	0.1272
			0.7089	0.153	-0.6885
			0.5371	-0.7885	-0.2996
			-0.6034	0.6242	0.4963
			0.2113	-0.8122	-0.5437
			0.5527	0.2472	0.7959
			-0.8318	0.2236	0.5081
			-0.0523	-0.9428	0.3291
			-0.5527	-0.2472	-0.7959
			0.8318	-0.2236	-0.5081
			0.0523	0.9428	-0.3291
		b:
			-184.6848
			196.0032
			104.0261
			21.3883
			-26.3544
			-81.9678
			240.1358
			-114.4912
			-59.4822
			-233.1358
			117.4912
			64.4822
	==================================================================================
	Q5:
		Shape: Polyhedra
		q_c:	232.0	99.5	109.5
		ub :	236.5829	102.2826	114.1845
		lb :	227.4171	96.7174	104.8155
		A:
			-0.802	-0.5366	0.2625
			-0.3003	0.8111	0.5019
			-0.0911	-0.3499	-0.9324
			-0.3982	-0.4216	-0.8147
			0.1711	0.6484	0.7418
			-0.7189	-0.4412	-0.5372
			0.2025	0.9393	0.2769
			0.7043	0.0568	-0.7077
			-0.6804	0.3383	-0.65
			-0.2025	-0.9393	-0.2769
			-0.7043	-0.0568	0.7077
			0.6804	-0.3383	0.65
		b:
			-207.3439
			68.6865
			-155.2161
			-221.3204
			187.8145
			-267.4323
			172.7564
			95.5577
			-193.3815
			-168.7564
			-87.5577
			197.3815
	==================================================================================
	Q6:
		Shape: Polyhedra
		q_c:	227.5	91.0	107.0
		ub :	231.8118	95.3641	111.7346
		lb :	223.1882	86.6359	102.2654
		A:
			-0.5282	0.7356	-0.4242
			0.5388	0.7731	-0.3347
			0.1146	-0.8411	-0.5286
			0.826	0.3928	0.4043
			0.351	-0.3242	0.8785
			-0.0803	-0.8904	0.4481
			0.5614	0.4713	0.6802
			-0.8275	0.3245	0.4582
			-0.0048	-0.8201	0.5721
			-0.5614	-0.4713	-0.6802
			0.8275	-0.3245	-0.4582
			0.0048	0.8201	-0.5721
		b:
			-95.8411
			159.7516
			-104.1067
			269.5769
			146.8466
			-48.8393
			245.8924
			-106.2093
			-12.0009
			-240.8924
			113.2093
			17.0009


===========================================================================================
===========================================================================================
S11:
	q_c:	405.5	78.0	361.5
	ub :	426.5236	111.1105	375.7361
	lb :	388.9838	51.5167	328.8319

	==================================================================================
	Q1:
		Shape: Polyhedra
		q_c:	405.5	59.5	346.5
		ub :	411.6941	67.4833	354.9927
		lb :	399.3059	51.5167	338.0073
		A:
			0.2866	-0.253	-0.924
			0.4989	-0.7037	-0.5058
			0.8659	-0.376	0.33
			0.0016	-0.5142	-0.8576
			-0.9751	0.1167	-0.1885
			0.2925	0.1674	-0.9415
			0.2295	0.6962	0.6802
			0.9255	0.0601	-0.3739
			-0.3012	0.7153	-0.6306
			-0.2295	-0.6962	-0.6802
			-0.9255	-0.0601	0.3739
			0.3012	-0.7153	0.6306
		b:
			-214.3581
			-10.213
			448.1379
			-322.1872
			-449.4079
			-192.7573
			375.1749
			252.8297
			-292.057
			-365.1749
			-245.8297
			304.057
	==================================================================================
	Q2:
		Shape: Hybrid
		q_c:	414.0	97.5	362.0
		ub :	425.9252	111.1105	373.9516
		lb :	402.0748	83.8895	350.0484
		P^-1:
			0.0182	-0.0006	0.003
			-0.0006	0.0147	0.0049
			0.003	0.0049	0.0197
		A:
			-0.6464	0.6856	0.335
			0.5692	0.2776	0.7739
			0.0091	-0.4634	-0.8861
			-0.4568	0.2707	0.8474
			-0.6692	0.0323	-0.7424
			-0.0234	0.783	0.6216
		b:
			-75.2553
			546.1756
			-358.7109
			148.2849
			-538.9786
			295.4461
	==================================================================================
	Q3:
		Shape: Polyhedra
		q_c:	402.5	72.5	359.5
		ub :	416.0162	85.7515	370.9014
		lb :	388.9838	59.2485	348.0986
		A:
			0.4496	0.544	0.7084
			-0.6233	0.0441	0.7808
			-0.49	-0.6462	-0.585
			-0.0876	-0.9406	-0.3279
			-0.3234	-0.7947	-0.5137
			0.0132	0.8903	0.4551
			0.0591	0.6277	0.7763
			0.3893	0.7015	-0.5969
			-0.9192	0.3375	-0.2029
			-0.0591	-0.6277	-0.7763
			-0.3893	-0.7015	0.5969
			0.9192	-0.3375	0.2029
		b:
			480.5219
			41.6559
			-448.5252
			-214.8954
			-366.8962
			239.0846
			352.3418
			3.4877
			-408.4634
			-344.3418
			17.5123
			428.4634
	==================================================================================
	Q4:
		Shape: Polyhedra
		q_c:	402.5	90.5	342.0
		ub :	415.4651	99.5905	355.1681
		lb :	389.5349	81.4095	328.8319
		A:
			-0.9397	0.143	-0.3108
			0.6472	-0.4416	0.6213
			-0.625	0.4236	-0.6556
			0.7654	-0.5943	-0.247
			0.9137	-0.1304	-0.3849
			0.1433	-0.9279	0.3442
			0.6947	0.398	0.5992
			-0.6646	0.0365	0.7463
			0.2752	-0.9167	0.2898
			-0.6947	-0.398	-0.5992
			0.6646	-0.0365	-0.7463
			-0.2752	0.9167	-0.2898
		b:
			-464.2158
			439.7501
			-430.7387
			177.9922
			233.3789
			98.0056
			527.5504
			0.5262
			133.4144
			-513.5504
			18.4738
			-120.4144
	==================================================================================
	Q5:
		Shape: Polyhedra
		q_c:	419.5	68.5	370.0
		ub :	426.5236	75.4204	374.8397
		lb :	412.4764	61.5796	365.1603
		A:
			0.0098	0.2749	-0.9614
			0.8703	0.4408	0.2196
			-0.1729	0.4525	0.8749
			-0.4595	0.1096	-0.8814
			0.9153	-0.136	-0.3791
			-0.3042	-0.373	-0.8765
			0.429	0.0259	0.9029
			-0.8668	0.2931	0.4034
			-0.2542	-0.9557	0.1482
			-0.429	-0.0259	-0.9029
			0.8668	-0.2931	-0.4034
			0.2542	0.9557	-0.1482
		b:
			-329.4617
			481.1536
			286.2152
			-509.2305
			239.8599
			-474.7637
			517.826
			-188.762
			-111.7961
			-513.826
			199.762
			122.7961
	==================================================================================
	Q6:
		Shape: Polyhedra
		q_c:	402.0	77.0	363.0
		ub :	414.0789	85.6186	375.7361
		lb :	389.9211	68.3814	350.2639
		A:
			0.4261	0.5615	-0.7093
			0.3334	0.9254	0.18
			-0.896	0.4031	0.1864
			-0.426	0.9044	-0.0256
			-0.3228	0.9406	0.1049
			-0.7938	0.0069	0.6082
			0.0482	0.9401	0.3376
			-0.1435	0.341	-0.929
			-0.9885	-0.0036	0.1513
			-0.0482	-0.9401	-0.3376
			0.1435	-0.341	0.929
			0.9885	0.0036	-0.1513
		b:
			-33.161
			276.8477
			-251.5943
			-103.4906
			-12.6026
			-87.5104
			219.8207
			-358.6586
			-332.2236
			-208.8207
			378.6586
			353.2236


===========================================================================================
===========================================================================================
