3D_30_5_6_c                l = 3

===========================================================================================
===========================================================================================
S1:
	q_c:    310.0000    370.0000    344.5000
	ub :    314.0000    390.0000    361.0000
	lb :    306.0000    350.0000    328.0000

	==================================================================================
	Q1:
		Shape: Polyhedra
		q_c:    308.0000    370.5000    344.0000
		ub :    312.1497    374.6745    346.8135
		lb :    303.8503    366.3255    341.1865
		A:
			    -0.6776    0.2332    -0.6975
			    0.4168    -0.2652    -0.8694
			    0.3335    -0.0936    0.9381
			    0.4138    -0.3846    0.8251
			    -0.4139    -0.4393    0.7973
			    -0.7684    -0.5832    -0.2635
			    0.7266    0.6774    0.1148
			    0.6435    -0.6125    -0.4591
			    -0.2407    0.4075    -0.8809
			    -0.7266    -0.6774    -0.1148
			    -0.6435    0.6125    0.4591
			    0.2407    -0.4075    0.8809
		b:
			    -360.3232
			    -266.7024
			    392.4400
			    270.3471
			    -13.8602
			    -540.4255
			    517.2510
			    -184.1613
			    -224.7161
			    -511.2510
			    189.1613
			    227.7161
	==================================================================================
	Q2:
		Shape: Ellipse
		q_c:    313.5000    367.0000    346.5000
		ub :    315.9491    369.5408    348.5748
		lb :    311.0509    364.4592    344.4252
		P^-1: 
			    0.6130    0.0995    -0.2824
			    0.0995    0.2956    -0.0013
			    -0.2824    -0.0013    0.7859
	==================================================================================
	Q3:
		Shape: Hybrid
		q_c:    309.0000    369.5000    340.5000
		ub :    312.1642    372.1411    343.6564
		lb :    305.8358    366.8589    337.3436
		P^-1: 
			    0.2507    -0.0953    0.1122
			    -0.0953    0.7363    -0.3612
			    0.1122    -0.3612    0.4231
		A:
			    0.1814    -0.3201    0.9299
			    -0.0120    0.9045    -0.4262
			    0.9911    -0.0217    -0.1310
			    -0.8244    0.3889    -0.4113
			    0.1434    -0.6541    0.7427
			    0.5199    0.7190    -0.4612
		b:
			    255.5090
			    185.9617
			    255.3280
			    -249.9194
			    56.1362
			    270.4288
	==================================================================================
	Q4:
		Shape: Hybrid
		q_c:    307.5000    368.5000    346.5000
		ub :    310.6556    372.6523    350.6297
		lb :    304.3444    364.3477    342.3703
		P^-1: 
			    0.6716    -0.2101    -0.3856
			    -0.2101    0.2010    0.0976
			    -0.3856    0.0976    0.3691
		A:
			    -0.1252    0.8436    -0.5222
			    0.7402    0.5990    0.3055
			    0.8198    0.0677    -0.5687
			    0.1331    -0.7903    -0.5981
			    -0.3008    0.9166    0.2633
			    -0.9192    0.3110    0.2414
		b:
			    93.3912
			    557.0440
			    80.8003
			    -455.3755
			    338.3713
			    -83.5699
	==================================================================================
	Q5:
		Shape: Hybrid
		q_c:    307.0000    366.5000    341.0000
		ub :    310.3154    369.7964    344.0670
		lb :    303.6846    363.2036    337.9330
		P^-1: 
			    0.3171    0.0445    -0.1082
			    0.0445    0.1878    0.0111
			    -0.1082    0.0111    0.3495
		A:
			    -0.7528    -0.4661    0.4648
			    -0.2317    0.0475    0.9716
			    -0.2164    -0.9598    0.1785
			    -0.0259    0.3517    -0.9358
			    -0.1016    0.9492    0.2979
			    -0.7784    -0.1832    -0.6004
		b:
			    -242.5525
			    278.4763
			    -355.8146
			    -196.9173
			    419.8142
			    -509.5299
	==================================================================================
	Q6:
		Shape: Polyhedra
		q_c:    315.5000    374.0000    347.5000
		ub :    318.5120    377.5207    350.1403
		lb :    312.4880    370.4793    344.8597
		A:
			    0.5179    -0.7798    0.3517
			    0.6483    -0.5493    0.5273
			    0.8432    -0.4919    0.2167
			    0.2210    0.9285    -0.2984
			    -0.5896    0.7969    0.1313
			    0.8853    0.1315    0.4460
			    0.3840    0.8782    0.2851
			    0.1091    0.2634    -0.9585
			    -0.9169    0.3992    0.0053
			    -0.3840    -0.8782    -0.2851
			    -0.1091    -0.2634    0.9585
			    0.9169    -0.3992    -0.0053
		b:
			    -3.9506
			    184.3522
			    159.3548
			    315.6302
			    159.7896
			    485.6677
			    551.1713
			    -198.1237
			    -136.1407
			    -546.1713
			    202.1237
			    140.1407


===========================================================================================
===========================================================================================
S2:
	q_c:    139.0000    124.0000    421.5000
	ub :    155.0000    128.0000    439.0000
	lb :    123.0000    120.0000    404.0000

	==================================================================================
	Q1:
		Shape: Ellipse
		q_c:    143.0000    121.0000    418.0000
		ub :    145.6992    124.0722    421.0960
		lb :    140.3008    117.9278    414.9040
		P^-1: 
			    0.6170    0.1451    -0.3902
			    0.1451    0.2664    -0.0790
			    -0.3902    -0.0790    0.5266
	==================================================================================
	Q2:
		Shape: Hybrid
		q_c:    140.5000    124.5000    425.5000
		ub :    142.8572    126.9900    428.1671
		lb :    138.1428    122.0100    422.8329
		P^-1: 
			    0.4362    0.0135    -0.0367
			    0.0135    0.4221    0.0605
			    -0.0367    0.0605    0.2805
		A:
			    -0.8327    0.1574    0.5309
			    -0.5918    -0.6790    0.4344
			    0.9184    -0.2977    0.2605
			    0.7056    -0.4975    -0.5046
			    0.1767    -0.9188    0.3531
			    -0.5451    0.7376    -0.3985
		b:
			    129.2859
			    18.0512
			    203.7379
			    -176.7414
			    61.6537
			    -153.2803
	==================================================================================
	Q3:
		Shape: Polyhedra
		q_c:    141.5000    121.0000    422.5000
		ub :    144.1177    123.5300    424.6902
		lb :    138.8823    118.4700    420.3098
		A:
			    0.6836    0.3227    -0.6546
			    0.3001    -0.9404    0.1600
			    -0.9579    -0.2193    0.1851
			    0.2741    -0.7704    -0.5756
			    -0.8505    0.1112    0.5140
			    -0.7639    -0.4542    0.4585
			    0.6121    0.7180    0.3314
			    0.5822    -0.6928    0.4255
			    0.5351    -0.0675    -0.8421
			    -0.6121    -0.7180    -0.3314
			    -0.5822    0.6928    -0.4255
			    -0.5351    0.0675    0.8421
		b:
			    -139.6720
			    -1.8264
			    -82.4901
			    -296.2093
			    111.4904
			    31.8907
			    315.0133
			    180.3416
			    -287.2242
			    -312.0133
			    -176.3416
			    289.2242
	==================================================================================
	Q4:
		Shape: Ellipse
		q_c:    140.0000    125.5000    421.5000
		ub :    142.7302    127.1515    424.1606
		lb :    137.2698    123.8485    418.8394
		P^-1: 
			    0.5335    -0.8373    0.5307
			    -0.8373    2.7230    -1.5675
			    0.5307    -1.5675    1.2435
	==================================================================================
	Q5:
		Shape: Ellipse
		q_c:    139.5000    122.5000    425.0000
		ub :    141.8571    125.6473    428.2762
		lb :    137.1429    119.3527    421.7238
		P^-1: 
			    0.4408    -0.0197    0.0253
			    -0.0197    0.3380    0.1362
			    0.0253    0.1362    0.2701
	==================================================================================
	Q6:
		Shape: Ellipse
		q_c:    139.5000    122.0000    419.5000
		ub :    142.0704    124.2219    422.3504
		lb :    136.9296    119.7781    416.6496
		P^-1: 
			    0.7252    0.1397    -0.3647
			    0.1397    0.2894    -0.0922
			    -0.3647    -0.0922    0.3954


===========================================================================================
===========================================================================================
S3:
	q_c:    440.5000    297.5000    176.5000
	ub :    471.0000    320.0000    203.0000
	lb :    410.0000    275.0000    150.0000

	==================================================================================
	Q1:
		Shape: Polyhedra
		q_c:    432.5000    277.0000    196.5000
		ub :    444.6774    287.2484    209.5232
		lb :    420.3226    266.7516    183.4768
		A:
			    -0.9145    0.2187    0.3403
			    -0.4581    -0.6312    0.6259
			    -0.3460    -0.6629    -0.6640
			    0.7549    -0.1019    -0.6479
			    -0.2878    0.8223    -0.4909
			    0.2331    -0.8977    0.3738
			    0.2670    0.0670    0.9614
			    -0.6636    -0.7107    0.2338
			    0.6989    -0.7003    -0.1453
			    -0.2670    -0.0670    -0.9614
			    0.6636    0.7107    -0.2338
			    -0.6989    0.7003    0.1453
		b:
			    -260.6795
			    -243.0503
			    -454.3323
			    178.8974
			    15.1380
			    -66.6276
			    333.9420
			    -432.3942
			    87.7158
			    -311.9420
			    443.3942
			    -71.7158
	==================================================================================
	Q2:
		Shape: Ellipse
		q_c:    449.0000    274.5000    195.0000
		ub :    463.2906    284.8629    201.7373
		lb :    434.7094    264.1371    188.2627
		P^-1: 
			    0.0068    0.0025    -0.0114
			    0.0025    0.0167    -0.0228
			    -0.0114    -0.0228    0.1042
	==================================================================================
	Q3:
		Shape: Polyhedra
		q_c:    441.0000    301.0000    198.5000
		ub :    458.4857    318.0416    209.5571
		lb :    423.5143    283.9584    187.4429
		A:
			    0.5318    0.1945    0.8242
			    0.0930    -0.4829    0.8707
			    0.6985    0.6246    -0.3492
			    -0.4674    -0.8836    -0.0260
			    0.8886    0.3788    0.2587
			    0.6735    0.1400    0.7258
			    0.5054    0.5848    0.6345
			    -0.3790    -0.5102    0.7721
			    0.7752    -0.6307    -0.0363
			    -0.5054    -0.5848    -0.6345
			    0.3790    0.5102    -0.7721
			    -0.7752    0.6307    0.0363
		b:
			    464.7706
			    76.9984
			    434.4516
			    -469.4295
			    566.3737
			    492.1520
			    532.3509
			    -159.9409
			    158.8425
			    -517.3509
			    174.9409
			    -130.8425
	==================================================================================
	Q4:
		Shape: Ellipse
		q_c:    433.5000    317.0000    162.5000
		ub :    450.0031    333.4327    174.8573
		lb :    416.9969    300.5673    150.1427
		P^-1: 
			    0.0081    -0.0036    -0.0005
			    -0.0036    0.0121    -0.0012
			    -0.0005    -0.0012    0.0151
	==================================================================================
	Q5:
		Shape: Ellipse
		q_c:    461.5000    291.5000    176.0000
		ub :    479.0350    306.1656    192.5621
		lb :    443.9650    276.8344    159.4379
		P^-1: 
			    0.0103    0.0005    0.0024
			    0.0005    0.0104    0.0010
			    0.0024    0.0010    0.0080
	==================================================================================
	Q6:
		Shape: Hybrid
		q_c:    440.0000    303.5000    197.0000
		ub :    457.0546    320.6232    211.9278
		lb :    422.9454    286.3768    182.0722
		P^-1: 
			    0.0098    0.0007    0.0005
			    0.0007    0.0098    0.0003
			    0.0005    0.0003    0.0106
		A:
			    -0.8361    -0.5464    0.0499
			    0.2470    -0.9175    -0.3116
			    -0.5012    0.1918    0.8438
			    -0.3874    0.5020    -0.7733
			    0.3427    0.6686    0.6599
			    -0.3563    0.0660    -0.9320
		b:
			    -518.7560
			    -225.6694
			    9.2687
			    -165.1891
			    488.5732
			    -315.4233


===========================================================================================
===========================================================================================
S4:
	q_c:    62.5000    21.0000    305.5000
	ub :    82.0000    42.0000    335.0000
	lb :    43.0000    0.0000    276.0000

	==================================================================================
	Q1:
		Shape: Polyhedra
		q_c:    69.5000    28.0000    314.0000
		ub :    81.8051    39.8404    323.1130
		lb :    57.1949    16.1596    304.8870
		A:
			    -0.5249    0.6753    -0.5182
			    -0.2878    -0.3889    -0.8752
			    0.4368    -0.3079    0.8452
			    -0.4649    -0.4105    -0.7844
			    -0.0840    -0.6088    -0.7889
			    0.1153    0.4027    0.9080
			    0.5201    0.1774    0.8354
			    -0.5281    0.8356    0.1513
			    -0.6712    -0.5199    0.5283
			    -0.5201    -0.1774    -0.8354
			    0.5281    -0.8356    -0.1513
			    0.6712    0.5199    -0.5283
		b:
			    -173.9681
			    -302.0646
			    292.0428
			    -286.6311
			    -265.8133
			    308.8400
			    306.4471
			    41.2050
			    115.1906
			    -300.4471
			    -27.2050
			    -94.1906
	==================================================================================
	Q2:
		Shape: Polyhedra
		q_c:    56.5000    8.5000    298.0000
		ub :    66.1619    19.6058    309.4990
		lb :    46.8381    -2.6058    286.5010
		A:
			    -0.0955    -0.9790    -0.1802
			    0.4436    -0.6766    -0.5878
			    0.4333    0.3750    0.8195
			    -0.5038    0.5341    0.6790
			    -0.2418    0.0373    0.9696
			    -0.5735    0.6011    0.5566
			    0.6720    0.2619    0.6927
			    -0.2068    -0.8318    0.5151
			    0.7111    -0.4894    -0.5048
			    -0.6720    -0.2619    -0.6927
			    0.2068    0.8318    -0.5151
			    -0.7111    0.4894    0.5048
		b:
			    -60.0456
			    -150.9462
			    278.7095
			    183.1399
			    282.0722
			    143.1938
			    253.6128
			    143.2492
			    -109.9259
			    -239.6128
			    -126.2492
			    118.9259
	==================================================================================
	Q3:
		Shape: Polyhedra
		q_c:    57.5000    12.0000    322.0000
		ub :    70.6276    24.7847    335.6679
		lb :    44.3724    -0.7847    308.3321
		A:
			    -0.2654    -0.5291    0.8060
			    -0.9339    0.2058    -0.2924
			    0.4553    0.2848    0.8435
			    -0.5417    -0.8213    -0.1788
			    0.1847    0.9828    -0.0090
			    -0.1757    0.9777    0.1146
			    0.8135    0.2622    0.5191
			    -0.3460    -0.4993    0.7944
			    0.4675    -0.8258    -0.3154
			    -0.8135    -0.2622    -0.5191
			    0.3460    0.4993    -0.7944
			    -0.4675    0.8258    0.3154
		b:
			    246.9059
			    -137.5247
			    309.3212
			    -90.4719
			    27.6007
			    46.2411
			    225.0686
			    238.9082
			    -77.1031
			    -209.0686
			    -220.9082
			    92.1031
	==================================================================================
	Q4:
		Shape: Hybrid
		q_c:    66.5000    3.5000    324.5000
		ub :    75.8369    9.8767    335.1436
		lb :    57.1631    -2.8767    313.8564
		P^-1: 
			    0.0374    -0.0120    -0.0145
			    -0.0120    0.2097    -0.0868
			    -0.0145    -0.0868    0.0623
		A:
			    -0.2556    -0.6988    0.6681
			    -0.4900    -0.3848    0.7822
			    -0.0661    0.9427    -0.3269
			    -0.7309    -0.6317    0.2582
			    -0.0126    0.9982    -0.0585
			    -0.1988    0.8323    -0.5175
		b:
			    199.1344
			    222.8240
			    -106.0826
			    37.3073
			    -13.6307
			    -176.4138
	==================================================================================
	Q5:
		Shape: Ellipse
		q_c:    67.5000    12.0000    311.0000
		ub :    79.0924    22.3398    321.2080
		lb :    55.9076    1.6602    300.7920
		P^-1: 
			    0.0263    0.0084    0.0224
			    0.0084    0.0236    0.0043
			    0.0224    0.0043    0.0462
	==================================================================================
	Q6:
		Shape: Polyhedra
		q_c:    74.0000    7.5000    284.5000
		ub :    85.6889    19.1462    295.8004
		lb :    62.3111    -4.1462    273.1996
		A:
			    0.6230    -0.5081    0.5947
			    0.8118    -0.0677    -0.5800
			    -0.2581    0.9596    -0.1122
			    -0.8442    -0.3653    0.3922
			    -0.3599    0.7669    -0.5314
			    -0.7700    0.4613    0.4408
			    0.5212    0.5386    0.6621
			    -0.5045    -0.4313    0.7480
			    0.6884    -0.7238    0.0470
			    -0.5212    -0.5386    -0.6621
			    0.5045    0.4313    -0.7480
			    -0.6884    0.7238    -0.0470
		b:
			    217.9989
			    -100.0999
			    -38.0041
			    52.7826
			    -166.7770
			    77.1881
			    241.4665
			    177.7249
			    63.8688
			    -220.4665
			    -166.7249
			    -53.8688


===========================================================================================
===========================================================================================
S5:
	q_c:    153.0000    283.0000    177.5000
	ub :    157.0000    314.0000    179.0000
	lb :    149.0000    252.0000    176.0000

	==================================================================================
	Q1:
		Shape: Hybrid
		q_c:    152.0000    284.0000    177.0000
		ub :    153.4577    285.4638    178.1457
		lb :    150.5423    282.5362    175.8543
		P^-1: 
			    1.0383    -0.1684    0.2917
			    -0.1684    1.7404    -1.2824
			    0.2917    -1.2824    3.2213
		A:
			    0.1471    0.5492    -0.8227
			    0.0077    0.0115    0.9999
			    -0.3648    -0.3285    0.8712
			    -0.6168    0.7723    0.1524
			    -0.4329    0.2172    0.8749
			    0.6941    0.4931    -0.5245
		b:
			    33.0169
			    181.8473
			    5.8882
			    153.2517
			    151.3461
			    153.2916
	==================================================================================
	Q2:
		Shape: Polyhedra
		q_c:    153.5000    282.0000    177.5000
		ub :    154.9811    283.3579    178.8103
		lb :    152.0189    280.6421    176.1897
		A:
			    -0.2908    0.8229    0.4882
			    -0.7675    -0.3871    -0.5109
			    0.2360    -0.5494    -0.8015
			    -0.0095    -0.1136    -0.9935
			    -0.3574    -0.2571    -0.8979
			    -0.2809    0.6318    0.7224
			    0.2326    0.6297    0.7412
			    -0.5972    0.6940    -0.4022
			    -0.7677    -0.3491    0.5374
			    -0.2326    -0.6297    -0.7412
			    0.5972    -0.6940    0.4022
			    0.7677    0.3491    -0.5374
		b:
			    274.7856
			    -316.9460
			    -260.3436
			    -209.1348
			    -286.1131
			    263.9372
			    345.3423
			    33.6349
			    -119.8771
			    -344.3423
			    -31.6349
			    121.8771
	==================================================================================
	Q3:
		Shape: Polyhedra
		q_c:    154.5000    284.5000    176.5000
		ub :    155.3853    285.7238    177.4420
		lb :    153.6147    283.2762    175.5580
		A:
			    0.7571    -0.6465    -0.0937
			    -0.9604    0.2744    0.0479
			    -0.8899    -0.2987    -0.3447
			    0.8817    -0.2784    -0.3810
			    0.6693    0.3359    0.6627
			    -0.6803    0.1190    -0.7233
			    0.0070    0.4414    0.8973
			    -0.9026    0.3891    -0.1844
			    -0.4305    -0.8085    0.4012
			    -0.0070    -0.4414    -0.8973
			    0.9026    -0.3891    0.1844
			    0.4305    0.8085    -0.4012
		b:
			    -82.9827
			    -61.3528
			    -282.6582
			    -9.6729
			    316.5049
			    -198.3977
			    285.5461
			    -60.7798
			    -224.7350
			    -284.5461
			    61.7798
			    226.7350
	==================================================================================
	Q4:
		Shape: Hybrid
		q_c:    152.5000    284.0000    178.5000
		ub :    154.2155    285.9622    180.4358
		lb :    150.7845    282.0378    176.5642
		P^-1: 
			    0.9075    -0.1225    -0.1668
			    -0.1225    0.8377    -0.2210
			    -0.1668    -0.2210    0.6992
		A:
			    0.6344    -0.0772    -0.7691
			    0.6995    -0.1336    -0.7020
			    0.2620    -0.3844    0.8852
			    -0.5787    0.6775    -0.4539
			    -0.9968    0.0618    0.0512
			    -0.1515    -0.9662    0.2087
		b:
			    -61.8869
			    -56.0197
			    89.4808
			    23.6666
			    -124.7481
			    -259.6257
	==================================================================================
	Q5:
		Shape: Hybrid
		q_c:    152.5000    282.0000    178.0000
		ub :    154.7354    284.3364    179.6570
		lb :    150.2646    279.6636    176.3430
		P^-1: 
			    0.4547    -0.0262    0.0701
			    -0.0262    0.5111    -0.1786
			    0.0701    -0.1786    0.9231
		A:
			    -0.7101    0.0666    0.7010
			    -0.1117    0.7459    -0.6566
			    0.0926    -0.8382    0.5374
			    0.9882    0.1315    -0.0786
			    -0.2635    -0.7584    0.5961
			    -0.6858    -0.2044    0.6985
		b:
			    36.1526
			    77.0465
			    -125.8840
			    174.7789
			    -147.2521
			    -37.0638
	==================================================================================
	Q6:
		Shape: Polyhedra
		q_c:    153.5000    282.5000    178.5000
		ub :    154.4788    284.3330    180.3022
		lb :    152.5212    280.6670    176.6978
		A:
			    0.7870    0.5191    0.3333
			    -0.9316    -0.3332    -0.1452
			    0.9364    0.2734    0.2198
			    -0.1265    -0.5261    -0.8410
			    -0.5951    -0.3027    -0.7445
			    0.1580    0.4559    0.8759
			    0.9431    0.0879    0.3205
			    -0.1360    -0.7779    0.6135
			    0.3033    -0.6222    -0.7217
			    -0.9431    -0.0879    -0.3205
			    0.1360    0.7779    -0.6135
			    -0.3033    0.6222    0.7217
		b:
			    327.6740
			    -262.3864
			    260.7957
			    -317.2149
			    -309.0421
			    310.3329
			    227.3265
			    -129.6259
			    -257.0435
			    -226.3265
			    132.6259
			    259.0435


===========================================================================================
===========================================================================================
