3D_30_7_6_a                l = 3

===========================================================================================
===========================================================================================
S1:
	q_c:	64.5	236.5	403.5
	ub :	77.9519	245.539	411.1181
	lb :	54.7423	227.8851	395.51

	==================================================================================
	Q1:
		Shape: Polyhedra
		q_c:	65.0	232.5	400.0
		ub :	70.0645	236.4589	404.49
		lb :	59.9355	228.5411	395.51
		A:
			-0.2165	-0.8796	-0.4237
			0.3175	-0.8693	-0.3789
			0.0921	-0.9193	0.3826
			0.2856	-0.9244	-0.2529
			-0.2941	-0.4865	0.8227
			0.6531	0.3633	0.6644
			0.1484	0.5766	0.8034
			-0.0868	0.8169	-0.5702
			-0.9851	0.0148	0.1713
			-0.1484	-0.5766	-0.8034
			0.0868	-0.8169	0.5702
			0.9851	-0.0148	-0.1713
		b:
			-385.3804
			-330.0037
			-51.7207
			-294.5159
			200.1483
			395.8848
			467.5801
			-40.8048
			12.4294
			-462.5801
			46.8048
			-3.4294
	==================================================================================
	Q2:
		Shape: Ellipse
		q_c:	60.5	237.0	405.0
		ub :	65.2123	241.0652	409.3161
		lb :	55.7877	232.9348	400.6839
		P^-1:
			0.1754	0.1138	-0.0877
			0.1138	0.2351	-0.1375
			-0.0877	-0.1375	0.2267
	==================================================================================
	Q3:
		Shape: Polyhedra
		q_c:	73.0	239.0	406.0
		ub :	77.9519	242.4313	411.1181
		lb :	68.0481	235.5687	400.8819
		A:
			0.473	0.8452	-0.2487
			-0.5787	0.8075	-0.1145
			0.1435	-0.8101	0.5684
			0.1149	-0.9412	-0.3177
			0.1808	-0.0994	-0.9785
			-0.232	0.9491	0.2129
			0.7409	0.2776	0.6116
			-0.6716	0.3136	0.6713
			-0.0054	-0.9081	0.4188
			-0.7409	-0.2776	-0.6116
			0.6716	-0.3136	-0.6713
			0.0054	0.9081	-0.4188
		b:
			137.7309
			106.7532
			49.3016
			-342.8883
			-404.4692
			298.8459
			372.2188
			301.9715
			-45.9048
			-365.2188
			-294.9715
			48.9048
	==================================================================================
	Q4:
		Shape: Hybrid
		q_c:	61.0	242.0	406.0
		ub :	63.871	245.539	409.3831
		lb :	58.129	238.461	402.6169
		P^-1:
			0.2919	-0.1316	-0.053
			-0.1316	0.2912	0.0529
			-0.053	0.0529	0.1813
		A:
			0.783	-0.6152	0.0925
			-0.4053	-0.4124	-0.8159
			0.3871	-0.9177	0.089
			-0.8136	0.2039	-0.5445
			0.14	-0.9784	-0.1521
			0.1105	0.3344	-0.9359
		b:
			-62.6352
			-454.0672
			-161.304
			-219.8373
			-288.8147
			-290.5746
	==================================================================================
	Q5:
		Shape: Hybrid
		q_c:	62.0	230.5	404.5
		ub :	65.0373	233.1149	407.2653
		lb :	58.9627	227.8851	401.7347
		P^-1:
			0.3434	0.0854	0.0463
			0.0854	0.3281	0.0423
			0.0463	0.0423	0.2729
		A:
			-0.1867	-0.9008	-0.392
			0.4595	0.8529	-0.2479
			-0.9551	-0.2067	-0.2125
			0.0811	-0.8014	-0.5926
			0.2169	0.866	0.4506
			-0.0402	-0.8103	-0.5846
		b:
			-376.8693
			125.7569
			-191.9102
			-418.3405
			396.2287
			-424.7515
	==================================================================================
	Q6:
		Shape: Polyhedra
		q_c:	59.0	240.0	402.5
		ub :	63.2577	244.5605	405.9985
		lb :	54.7423	235.4395	399.0015
		A:
			-0.9903	0.0865	-0.1083
			-0.7971	0.0556	-0.6013
			0.7112	0.6245	0.3227
			-0.2003	-0.7245	-0.6595
			0.0348	-0.3707	-0.9281
			-0.7972	-0.3686	-0.4782
			0.7258	0.4345	0.5333
			0.5383	-0.8414	-0.0471
			0.4283	0.3212	-0.8446
			-0.7258	-0.4345	-0.5333
			-0.5383	0.8414	0.0471
			-0.4283	-0.3212	0.8446
		b:
			-78.7242
			-273.5964
			323.4237
			-448.8194
			-457.8759
			-326.4221
			363.2618
			-185.6272
			-234.5848
			-360.2618
			192.6272
			240.5848


===========================================================================================
===========================================================================================
S2:
	q_c:	113.0	20.0	224.5
	ub :	137.3633	40.1656	237.2191
	lb :	90.7069	-3.7671	203.8884

	==================================================================================
	Q1:
		Shape: Hybrid
		q_c:	109.5	5.5	212.0
		ub :	117.5089	14.7671	220.1116
		lb :	101.4911	-3.7671	203.8884
		P^-1:
			0.0326	-0.0002	-0.0042
			-0.0002	0.0354	-0.012
			-0.0042	-0.012	0.0381
		A:
			0.3998	-0.8463	-0.3519
			-0.5077	-0.3034	-0.8064
			0.2314	-0.9377	-0.2591
			0.546	0.6766	-0.4941
			-0.4487	-0.4521	0.7709
			-0.1641	-0.1529	-0.9745
		b:
			-31.7792
			-224.2162
			-31.0523
			-38.6806
			114.1815
			-221.7956
	==================================================================================
	Q2:
		Shape: Hybrid
		q_c:	114.0	6.5	216.5
		ub :	118.376	10.1651	222.3419
		lb :	109.624	2.8349	210.6581
		P^-1:
			1.5623	-1.8925	0.0535
			-1.8925	2.524	-0.1213
			0.0535	-0.1213	0.0648
		A:
			-0.5241	0.8254	-0.2098
			0.7688	-0.6392	0.0193
			-0.4604	-0.8653	0.1981
			0.6058	-0.79	0.0938
			0.7936	-0.6049	-0.065
			-0.5867	0.7952	0.153
		b:
			-99.1908
			88.3405
			-12.4283
			84.5527
			73.2003
			-27.83
	==================================================================================
	Q3:
		Shape: Hybrid
		q_c:	103.0	22.5	229.0
		ub :	108.7106	29.7751	237.2191
		lb :	97.2894	15.2249	220.7809
		P^-1:
			0.2664	-0.2017	-0.043
			-0.2017	0.1975	0.0379
			-0.043	0.0379	0.0321
		A:
			-0.1003	0.6212	-0.7772
			-0.7557	0.6545	-0.0255
			0.6743	-0.7361	-0.0585
			-0.5662	-0.7704	0.293
			0.9185	-0.2038	-0.3388
			0.8215	0.1308	0.555
		b:
			-169.0123
			-67.8694
			40.5021
			-3.1244
			15.0249
			219.3577
	==================================================================================
	Q4:
		Shape: Polyhedra
		q_c:	127.5	9.0	225.0
		ub :	135.3192	15.4245	233.111
		lb :	119.6808	2.5755	216.889
		A:
			0.7824	0.6086	0.1321
			-0.3054	0.5336	0.7887
			-0.2281	0.9242	0.3064
			-0.4806	0.8767	0.0228
			0.0029	0.4303	0.9027
			0.2161	0.4077	0.8872
			0.7416	0.1376	0.6566
			-0.5669	-0.3948	0.723
			0.3587	-0.9084	-0.2148
			-0.7416	-0.1376	-0.6566
			0.5669	0.3948	-0.723
			-0.3587	0.9084	0.2148
		b:
			139.9576
			148.0746
			51.6713
			-44.7428
			211.9085
			234.9567
			247.0221
			93.8509
			-7.2774
			-240.0221
			-79.8509
			14.2774
	==================================================================================
	Q5:
		Shape: Ellipse
		q_c:	101.5	31.0	213.0
		ub :	112.2931	40.1656	218.229
		lb :	90.7069	21.8344	207.771
		P^-1:
			0.064	0.0936	0.0896
			0.0936	0.1765	0.1759
			0.0896	0.1759	0.2633
	==================================================================================
	Q6:
		Shape: Ellipse
		q_c:	126.0	16.0	216.5
		ub :	137.3633	24.1345	227.8208
		lb :	114.6367	7.8655	205.1792
		P^-1:
			0.0359	0.0386	0.012
			0.0386	0.0867	0.0141
			0.012	0.0141	0.0213


===========================================================================================
===========================================================================================
S3:
	q_c:	252.0	23.0	303.0
	ub :	260.4456	36.6418	316.8792
	lb :	234.4217	9.392	294.1435

	==================================================================================
	Q1:
		Shape: Hybrid
		q_c:	254.5	26.0	312.5
		ub :	259.2138	30.3261	316.8792
		lb :	249.7862	21.6739	308.1208
		P^-1:
			0.1345	-0.0199	0.0201
			-0.0199	0.0901	-0.0137
			0.0201	-0.0137	0.1281
		A:
			-0.2658	0.3542	-0.8966
			-0.8394	0.4771	-0.2602
			0.1374	-0.9821	-0.1289
			0.451	0.092	0.8878
			0.0848	0.2154	-0.9728
			0.9122	0.3446	-0.2216
		b:
			-337.2134
			-281.2011
			-28.7422
			396.0867
			-275.2453
			173.7189
	==================================================================================
	Q2:
		Shape: Polyhedra
		q_c:	244.5	14.5	301.0
		ub :	251.4509	19.608	307.8565
		lb :	237.5491	9.392	294.1435
		A:
			0.4937	-0.8564	-0.1511
			-0.7246	0.4992	0.4751
			-0.1916	0.9305	0.3122
			0.2344	0.9541	0.1867
			0.2216	0.0499	0.9739
			-0.603	0.5812	0.5465
			0.788	0.1754	0.5902
			-0.1875	-0.8447	0.5014
			0.5865	-0.5057	-0.6327
			-0.788	-0.1754	-0.5902
			0.1875	0.8447	-0.5014
			-0.5865	0.5057	0.6327
		b:
			65.5215
			-24.5767
			63.527
			131.4383
			353.2629
			27.5369
			379.3534
			96.3197
			-52.3725
			-366.3534
			-89.3197
			56.3725
	==================================================================================
	Q3:
		Shape: Polyhedra
		q_c:	244.5	18.0	302.5
		ub :	249.803	23.8374	308.4851
		lb :	239.197	12.1626	296.5149
		A:
			0.1471	-0.8034	0.577
			0.5443	-0.4444	-0.7116
			0.7878	-0.2902	-0.5433
			0.161	0.9255	0.3428
			0.0206	0.2706	-0.9625
			0.924	0.382	-0.0186
			0.0163	0.9504	0.3107
			0.207	0.3008	-0.931
			-0.9782	0.0794	-0.1918
			-0.0163	-0.9504	-0.3107
			-0.207	-0.3008	0.931
			0.9782	-0.0794	0.1918
		b:
			200.2543
			-85.876
			27.3984
			164.2236
			-277.2261
			231.6227
			119.5728
			-221.5972
			-291.2611
			-110.5728
			229.5972
			300.2611
	==================================================================================
	Q4:
		Shape: Ellipse
		q_c:	250.0	22.5	299.5
		ub :	254.1022	26.158	302.9517
		lb :	245.8978	18.842	296.0483
		P^-1:
			0.13	0.0492	0.0599
			0.0492	0.2982	-0.118
			0.0599	-0.118	0.3478
	==================================================================================
	Q5:
		Shape: Polyhedra
		q_c:	239.5	29.5	308.0
		ub :	244.5783	33.8611	312.3211
		lb :	234.4217	25.1389	303.6789
		A:
			0.6824	0.699	0.2137
			-0.5467	-0.8242	-0.1477
			0.9329	-0.3582	0.0381
			-0.6277	0.4216	0.6544
			0.166	-0.6866	0.7078
			0.0723	0.9734	-0.2176
			0.7068	0.3141	0.6339
			-0.6082	-0.188	0.7712
			0.3614	-0.9306	0.0581
			-0.7068	-0.3141	-0.6339
			0.6082	0.188	-0.7712
			-0.3614	0.9306	-0.0581
		b:
			253.1815
			-197.5135
			227.6616
			66.3596
			240.4207
			-18.0337
			377.2829
			88.8244
			79.9996
			-370.2829
			-83.8244
			-73.9996
	==================================================================================
	Q6:
		Shape: Ellipse
		q_c:	254.5	31.0	304.5
		ub :	260.4456	36.6418	310.6162
		lb :	248.5544	25.3582	298.3838
		P^-1:
			0.109	0.0305	0.0468
			0.0305	0.0544	0.0242
			0.0468	0.0242	0.0861


===========================================================================================
===========================================================================================
S4:
	q_c:	89.5	378.0	282.0
	ub :	111.7942	399.4562	298.0054
	lb :	71.1969	366.9057	261.8468

	==================================================================================
	Q1:
		Shape: Hybrid
		q_c:	102.5	387.5	281.5
		ub :	111.7942	398.144	292.5759
		lb :	93.2058	376.856	270.4241
		P^-1:
			0.0497	0.0072	0.019
			0.0072	0.0228	-0.0084
			0.019	-0.0084	0.0342
		A:
			0.6506	0.1346	-0.7474
			-0.5824	0.183	-0.7921
			-0.9559	0.2631	-0.1303
			-0.9395	-0.0526	0.3385
			-0.5971	0.3738	-0.7098
			0.8116	-0.2629	-0.5217
		b:
			-86.2415
			-209.3975
			-28.7694
			-16.7586
			-113.7265
			-159.1851
	==================================================================================
	Q2:
		Shape: Ellipse
		q_c:	85.0	374.0	291.0
		ub :	91.9215	381.0943	298.0054
		lb :	78.0785	366.9057	283.9946
		P^-1:
			0.0558	-0.0053	-0.0061
			-0.0053	0.0537	0.0063
			-0.0061	0.0063	0.0302
	==================================================================================
	Q3:
		Shape: Hybrid
		q_c:	86.5	390.0	270.5
		ub :	96.5665	399.4562	277.3213
		lb :	76.4335	380.5438	263.6787
		P^-1:
			0.0236	0.0064	0.0209
			0.0064	0.0297	0.0271
			0.0209	0.0271	0.096
		A:
			0.2495	0.1097	-0.9621
			-0.7042	-0.4268	-0.5674
			0.0598	-0.1776	-0.9823
			-0.5065	0.0325	-0.8616
			-0.0172	0.2425	-0.97
			-0.5031	0.6741	0.5408
		b:
			-192.2295
			-377.454
			-327.5049
			-261.6344
			-165.9441
			370.2052
	==================================================================================
	Q4:
		Shape: Ellipse
		q_c:	87.5	391.0	272.0
		ub :	95.254	398.3866	280.0831
		lb :	79.746	383.6134	263.9169
		P^-1:
			0.0484	-0.0093	0.0056
			-0.0093	0.0504	-0.0062
			0.0056	-0.0062	0.0437
	==================================================================================
	Q5:
		Shape: Hybrid
		q_c:	98.0	383.0	270.5
		ub :	106.4073	392.7054	279.1532
		lb :	89.5927	373.2946	261.8468
		P^-1:
			0.1414	-0.0147	-0.1139
			-0.0147	0.0261	0.001
			-0.1139	0.001	0.1295
		A:
			-0.3675	-0.5956	0.7143
			0.5211	-0.7071	-0.478
			-0.8068	0.3225	0.4951
			-0.5974	0.4972	-0.6292
			0.3398	0.1046	-0.9347
			0.1488	-0.1399	-0.9789
		b:
			-67.6702
			-345.2606
			180.0342
			-33.3183
			-176.9477
			-299.695
	==================================================================================
	Q6:
		Shape: Polyhedra
		q_c:	81.0	381.5	285.5
		ub :	90.8031	391.3826	294.4617
		lb :	71.1969	371.6174	276.5383
		A:
			-0.7103	-0.447	0.5438
			-0.0438	-0.0439	-0.9981
			-0.6397	0.4595	0.6162
			-0.7122	0.6866	-0.146
			-0.4809	-0.4302	0.764
			0.7146	0.3472	-0.6073
			0.1739	0.9832	0.0557
			0.7214	-0.0887	-0.6868
			-0.6703	0.1597	-0.7247
			-0.1739	-0.9832	-0.0557
			-0.7214	0.0887	0.6868
			0.6703	-0.1597	0.7247
		b:
			-66.3252
			-299.1501
			305.3939
			169.5392
			21.3778
			23.1376
			413.5824
			-165.9759
			-193.7942
			-396.5824
			176.9759
			206.7942


===========================================================================================
===========================================================================================
S5:
	q_c:	324.5	363.0	386.5
	ub :	337.7198	374.7284	398.42
	lb :	313.4181	356.3451	376.6067

	==================================================================================
	Q1:
		Shape: Ellipse
		q_c:	333.0	362.5	384.0
		ub :	337.7198	368.6549	389.9691
		lb :	328.2802	356.3451	378.0309
		P^-1:
			0.118	-0.016	-0.0362
			-0.016	0.0698	0.0325
			-0.0362	0.0325	0.1032
	==================================================================================
	Q2:
		Shape: Ellipse
		q_c:	331.5	366.0	381.5
		ub :	337.0367	372.3459	386.3933
		lb :	325.9633	359.6541	376.6067
		P^-1:
			0.1729	-0.0638	-0.0741
			-0.0638	0.0709	0.0328
			-0.0741	0.0328	0.1087
	==================================================================================
	Q3:
		Shape: Hybrid
		q_c:	319.5	370.0	385.0
		ub :	324.3498	374.7284	389.1072
		lb :	314.6502	365.2716	380.8928
		P^-1:
			0.1181	-0.0076	0.0153
			-0.0076	0.1194	-0.0167
			0.0153	-0.0167	0.1447
		A:
			0.7171	-0.3161	0.6212
			-0.2088	0.3062	-0.9288
			0.902	-0.3986	-0.1661
			0.8793	-0.4745	0.0419
			0.7373	0.2403	-0.6314
			-0.146	0.7904	0.595
		b:
			352.6492
			-309.7154
			78.4401
			123.11
			83.0762
			476.588
	==================================================================================
	Q4:
		Shape: Hybrid
		q_c:	327.0	363.5	394.0
		ub :	331.3798	367.0889	398.42
		lb :	322.6202	359.9111	389.58
		P^-1:
			0.2073	-0.141	-0.0799
			-0.141	0.3262	0.048
			-0.0799	0.048	0.1526
		A:
			0.3634	-0.5972	-0.715
			0.7948	-0.38	-0.4732
			0.3467	-0.6384	-0.6872
			0.5966	-0.8024	-0.0157
			-0.4433	0.5967	0.6689
			-0.4635	0.8129	-0.3528
		b:
			-378.7202
			-63.5671
			-388.1925
			-101.8796
			336.6142
			6.247
	==================================================================================
	Q5:
		Shape: Polyhedra
		q_c:	322.0	366.0	386.0
		ub :	329.9613	372.267	394.1787
		lb :	314.0387	359.733	377.8213
		A:
			-0.119	-0.008	-0.9929
			-0.0538	-0.9646	-0.2582
			-0.3917	-0.813	0.4309
			0.1192	-0.6981	-0.706
			0.7937	-0.1679	0.5847
			-0.4072	0.7331	-0.5448
			0.3364	0.814	0.4736
			0.7217	0.1002	-0.6849
			-0.605	0.5722	-0.5537
			-0.3364	-0.814	-0.4736
			-0.7217	-0.1002	0.6849
			0.605	-0.5722	0.5537
		b:
			-419.7026
			-465.6392
			-252.2843
			-484.7153
			423.5718
			-69.4886
			593.5363
			10.6741
			-195.624
			-584.5363
			1.3259
			202.624
	==================================================================================
	Q6:
		Shape: Hybrid
		q_c:	317.5	361.0	382.5
		ub :	321.5819	364.0868	386.2625
		lb :	313.4181	357.9132	378.7375
		P^-1:
			0.1233	-0.0393	-0.0017
			-0.0393	0.2375	0.0056
			-0.0017	0.0056	0.1114
		A:
			-0.7884	0.547	0.2815
			-0.2911	-0.8836	0.3667
			0.3329	-0.1008	0.9376
			-0.3709	-0.2778	-0.8862
			0.9577	0.2488	-0.1447
			-0.6787	0.6533	0.3354
		b:
			56.3123
			-269.6494
			429.8867
			-555.0262
			340.5444
			150.0056


===========================================================================================
===========================================================================================
S6:
	q_c:	405.5	191.0	351.5
	ub :	418.991	203.3458	364.2326
	lb :	396.7236	177.2352	342.2439

	==================================================================================
	Q1:
		Shape: Polyhedra
		q_c:	401.5	188.5	347.5
		ub :	406.2764	193.4829	352.7561
		lb :	396.7236	183.5171	342.2439
		A:
			-0.3698	-0.8811	-0.2949
			-0.4529	-0.1975	-0.8694
			0.4125	-0.9107	-0.0238
			0.8161	0.1638	-0.5542
			-0.2148	-0.8504	-0.4802
			0.8803	0.4325	-0.1951
			0.624	0.2279	0.7475
			0.1776	0.8902	-0.4196
			-0.761	0.3946	0.515
			-0.624	-0.2279	-0.7475
			-0.1776	-0.8902	0.4196
			0.761	-0.3946	-0.515
		b:
			-413.7738
			-518.1801
			-11.0487
			169.1263
			-410.2428
			370.379
			556.2337
			96.7676
			-49.1959
			-550.2337
			-89.7676
			55.1959
	==================================================================================
	Q2:
		Shape: Ellipse
		q_c:	399.5	192.5	358.0
		ub :	401.9527	195.2755	360.6098
		lb :	397.0473	189.7245	355.3902
		P^-1:
			0.4745	0.0743	0.1849
			0.0743	0.6213	0.37
			0.1849	0.37	0.5087
	==================================================================================
	Q3:
		Shape: Hybrid
		q_c:	410.0	183.0	357.0
		ub :	414.5522	188.7648	362.2835
		lb :	405.4478	177.2352	351.7165
		P^-1:
			0.0814	-0.0012	0.0019
			-0.0012	0.0763	0.0085
			0.0019	0.0085	0.068
		A:
			-0.2634	-0.0927	-0.9602
			-0.678	-0.1762	-0.7136
			0.5312	-0.7439	0.4055
			0.8111	-0.4671	-0.3521
			0.5457	-0.7475	0.3789
			0.3195	-0.7811	-0.5364
		b:
			-465.741
			-563.1437
			228.3903
			123.1245
			224.1747
			-201.6934
	==================================================================================
	Q4:
		Shape: Polyhedra
		q_c:	406.5	199.5	358.0
		ub :	412.6994	203.3458	364.2326
		lb :	400.3006	195.6542	351.7674
		A:
			0.4406	0.786	0.4336
			-0.182	0.0631	-0.9813
			-0.3351	0.466	0.8189
			-0.1617	-0.8398	0.5183
			-0.7741	-0.0201	0.6328
			0.4106	-0.8715	0.2681
			0.7135	0.0109	0.7005
			-0.6986	0.0872	0.7102
			-0.0533	-0.9961	0.0698
			-0.7135	-0.0109	-0.7005
			0.6986	-0.0872	-0.7102
			0.0533	0.9961	-0.0698
		b:
			495.3039
			-408.1488
			253.6041
			-44.1033
			-88.6196
			92.9431
			548.0111
			-8.8421
			-191.9307
			-538.0111
			15.8421
			198.9307
	==================================================================================
	Q5:
		Shape: Ellipse
		q_c:	414.5	195.0	350.0
		ub :	418.991	198.8775	354.1263
		lb :	410.009	191.1225	345.8737
		P^-1:
			0.141	0.0113	-0.021
			0.0113	0.1154	-0.0079
			-0.021	-0.0079	0.1258
	==================================================================================
	Q6:
		Shape: Ellipse
		q_c:	414.5	197.5	357.5
		ub :	418.5708	203.0373	362.9633
		lb :	410.4292	191.9627	352.0367
		P^-1:
			0.1298	-0.0127	-0.0203
			-0.0127	0.0927	0.0382
			-0.0203	0.0382	0.1111


===========================================================================================
===========================================================================================
S7:
	q_c:	165.5	140.5	178.5
	ub :	176.8603	153.4604	191.9205
	lb :	156.7764	125.3886	172.0109

	==================================================================================
	Q1:
		Shape: Hybrid
		q_c:	166.5	144.5	184.0
		ub :	172.2535	150.2828	189.7645
		lb :	160.7465	138.7172	178.2355
		P^-1:
			0.0779	0.0124	0.0011
			0.0124	0.0834	0.0195
			0.0011	0.0195	0.0939
		A:
			0.6089	-0.5571	-0.5647
			0.769	0.1917	0.6099
			-0.4737	-0.1066	-0.8742
			-0.0781	0.6355	0.7682
			-0.5102	0.003	0.86
			-0.2424	0.9137	0.3263
		b:
			-81.0611
			269.8296
			-253.2884
			221.7381
			75.6163
			153.6794
	==================================================================================
	Q2:
		Shape: Hybrid
		q_c:	167.0	143.0	180.0
		ub :	170.9931	148.1012	182.8886
		lb :	163.0069	137.8988	177.1114
		P^-1:
			0.2118	0.0536	0.1104
			0.0536	0.0688	0.0571
			0.1104	0.0571	0.3733
		A:
			-0.8434	-0.3547	-0.4036
			-0.4758	0.1813	-0.8607
			0.7059	0.2025	-0.6787
			0.663	0.4978	0.5591
			0.5089	0.3329	0.7938
			0.1598	0.1391	0.9773
		b:
			-263.025
			-207.0335
			26.3847
			283.8129
			276.3358
			223.3746
	==================================================================================
	Q3:
		Shape: Ellipse
		q_c:	170.5	148.0	183.5
		ub :	176.8603	152.4587	189.0007
		lb :	164.1397	143.5413	177.9993
		P^-1:
			0.06	-0.0011	-0.0314
			-0.0011	0.082	-0.0065
			-0.0314	-0.0065	0.0907
	==================================================================================
	Q4:
		Shape: Hybrid
		q_c:	162.5	148.5	187.0
		ub :	168.2236	153.4604	191.9205
		lb :	156.7764	143.5396	182.0795
		P^-1:
			0.0655	-0.0069	0.0008
			-0.0069	0.0784	-0.0018
			0.0008	-0.0018	0.0627
		A:
			-0.3853	0.4562	-0.8021
			-0.1568	-0.0972	-0.9828
			-0.6466	0.7027	-0.2968
			0.5945	-0.104	0.7973
			-0.6106	-0.7101	0.3504
			0.7203	-0.4414	0.5351
		b:
			-142.8354
			-221.455
			-54.3991
			232.4261
			-136.9953
			153.5336
	==================================================================================
	Q5:
		Shape: Ellipse
		q_c:	170.0	136.5	176.0
		ub :	173.5583	139.7189	179.9891
		lb :	166.4417	133.2811	172.0109
		P^-1:
			0.1815	0.0723	0.0408
			0.0723	0.298	0.1487
			0.0408	0.1487	0.2361
	==================================================================================
	Q6:
		Shape: Polyhedra
		q_c:	163.5	130.5	182.5
		ub :	168.604	135.6114	187.3956
		lb :	158.396	125.3886	177.6044
		A:
			0.2499	-0.6378	0.7285
			-0.1734	0.5975	-0.7829
			0.0513	-0.223	-0.9735
			0.5101	-0.7998	0.3163
			0.2128	-0.0417	0.9762
			-0.4206	-0.5207	-0.743
			0.6465	0.0179	0.7627
			-0.7626	-0.0147	0.6467
			0.0228	-0.9997	0.0041
			-0.6465	-0.0179	-0.7627
			0.7626	0.0147	-0.6467
			-0.0228	0.9997	-0.0041
		b:
			94.6063
			-89.2642
			-194.7838
			41.1921
			210.763
			-268.6621
			250.2337
			-4.5902
			-120.978
			-244.2337
			12.5902
			130.978


===========================================================================================
===========================================================================================
