3D_30_7_6_e                l = 3

===========================================================================================
===========================================================================================
S1:
	q_c:	293.5	284.5	195.5
	ub :	310.2604	298.9633	211.7726
	lb :	276.2763	269.7132	184.8697

	==================================================================================
	Q1:
		Shape: Ellipse
		q_c:	284.5	281.0	193.0
		ub :	292.7237	289.6437	199.9937
		lb :	276.2763	272.3563	186.0063
		P^-1:
			0.0384	0.0015	0.0042
			0.0015	0.0388	-0.0058
			0.0042	-0.0058	0.0452
	==================================================================================
	Q2:
		Shape: Hybrid
		q_c:	285.5	287.5	190.5
		ub :	290.4915	291.5816	196.1303
		lb :	280.5085	283.4184	184.8697
		P^-1:
			0.1849	-0.0327	-0.0915
			-0.0327	0.2336	-0.0459
			-0.0915	-0.0459	0.1215
		A:
			-0.1353	-0.8107	0.5696
			0.7104	0.0593	-0.7013
			-0.9192	-0.0598	0.3893
			0.8863	-0.0633	-0.4587
			-0.5325	-0.6901	-0.4902
			0.5271	0.8258	-0.2005
		b:
			-162.0789
			87.3518
			-204.2021
			148.537
			-440.324
			351.3271
	==================================================================================
	Q3:
		Shape: Hybrid
		q_c:	296.5	277.5	193.5
		ub :	301.1178	282.5371	196.9399
		lb :	291.8822	272.4629	190.0601
		P^-1:
			0.1176	0.0105	-0.0422
			0.0105	0.0719	0.024
			-0.0422	0.024	0.2342
		A:
			-0.4391	0.1143	-0.8911
			-0.9544	-0.0815	0.2871
			-0.1608	0.0563	-0.9854
			-0.6815	-0.3155	0.6603
			-0.1004	0.5031	0.8584
			0.5654	-0.0815	-0.8208
		b:
			-269.0874
			-248.2652
			-221.3099
			-160.3733
			277.3327
			-12.6416
	==================================================================================
	Q4:
		Shape: Hybrid
		q_c:	305.0	275.5	192.0
		ub :	310.2604	281.2868	197.9834
		lb :	299.7396	269.7132	186.0166
		P^-1:
			0.0992	0.0037	-0.0164
			0.0037	0.0555	0.0126
			-0.0164	0.0126	0.0874
		A:
			-0.4564	0.6674	0.5885
			0.9178	-0.2364	0.3189
			-0.5322	-0.3111	0.7874
			0.2525	0.4774	-0.8416
			-0.2723	-0.9433	-0.1899
			-0.7298	-0.387	-0.5636
		b:
			159.6114
			278.2018
			-94.934
			49.2951
			-376.8356
			-435.4348
	==================================================================================
	Q5:
		Shape: Ellipse
		q_c:	292.0	292.5	203.5
		ub :	298.6937	298.9633	209.4493
		lb :	285.3063	286.0367	197.5507
		P^-1:
			0.0694	0.0264	0.0008
			0.0264	0.0737	-0.0216
			0.0008	-0.0216	0.0897
	==================================================================================
	Q6:
		Shape: Ellipse
		q_c:	294.0	281.0	205.0
		ub :	298.0171	289.0057	211.7726
		lb :	289.9829	272.9943	198.2274
		P^-1:
			3.2522	0.5538	-1.4487
			0.5538	0.1345	-0.2163
			-1.4487	-0.2163	0.7127


===========================================================================================
===========================================================================================
S2:
	q_c:	340.5	26.0	454.0
	ub :	347.4428	34.3681	463.2923
	lb :	333.7635	18.0144	447.7939

	==================================================================================
	Q1:
		Shape: Hybrid
		q_c:	345.0	21.5	459.0
		ub :	347.4428	24.8428	462.3395
		lb :	342.5572	18.1572	455.6605
		P^-1:
			2.1258	1.7508	0.843
			1.7508	1.6418	0.7134
			0.843	0.7134	0.5035
		A:
			0.6647	0.7455	-0.049
			-0.7613	-0.5417	-0.3563
			-0.7594	-0.6459	0.0784
			-0.6547	-0.6505	-0.385
			-0.8584	-0.477	-0.1889
			0.561	0.3642	-0.7434
		b:
			223.6137
			-437.4978
			-239.0515
			-416.2569
			-392.4845
			-137.7337
	==================================================================================
	Q2:
		Shape: Ellipse
		q_c:	339.0	29.5	453.0
		ub :	343.0155	32.9934	456.774
		lb :	334.9845	26.0066	449.226
		P^-1:
			0.1812	-0.0377	0.0064
			-0.0377	0.2269	-0.0113
			0.0064	-0.0113	0.1619
	==================================================================================
	Q3:
		Shape: Ellipse
		q_c:	338.0	28.5	452.0
		ub :	340.8426	32.1939	456.2061
		lb :	335.1574	24.8061	447.7939
		P^-1:
			0.4051	-0.081	-0.0676
			-0.081	0.2394	-0.0532
			-0.0676	-0.0532	0.1315
	==================================================================================
	Q4:
		Shape: Polyhedra
		q_c:	343.5	26.5	459.5
		ub :	346.7929	29.8191	463.2751
		lb :	340.2071	23.1809	455.7249
		A:
			0.9592	0.0631	-0.2757
			-0.6086	-0.5155	0.6032
			-0.3498	0.0159	-0.9367
			0.7272	-0.6442	0.237
			-0.5699	-0.2558	-0.7809
			0.3165	-0.8834	-0.3456
			0.741	0.1534	0.6538
			0.0551	0.9564	-0.2868
			-0.6692	0.2486	0.7002
			-0.741	-0.1534	-0.6538
			-0.0551	-0.9564	0.2868
			0.6692	-0.2486	-0.7002
		b:
			206.8051
			56.9746
			-548.019
			343.9623
			-559.3229
			-71.0204
			560.9998
			-85.0153
			100.9635
			-556.9998
			90.0153
			-95.9635
	==================================================================================
	Q5:
		Shape: Ellipse
		q_c:	342.5	30.0	456.5
		ub :	346.037	34.3681	460.8548
		lb :	338.963	25.6319	452.1452
		P^-1:
			0.348	-0.0312	-0.1479
			-0.0312	0.1152	0.0195
			-0.1479	0.0195	0.2035
	==================================================================================
	Q6:
		Shape: Polyhedra
		q_c:	336.0	20.5	460.5
		ub :	338.2365	22.9856	463.2923
		lb :	333.7635	18.0144	457.7077
		A:
			-0.6731	0.6827	0.2844
			0.9162	-0.2333	0.3257
			-0.363	0.9154	-0.1742
			-0.6989	0.5043	-0.5072
			0.9036	-0.0598	-0.4243
			0.8997	-0.4308	0.0704
			0.7683	0.6369	0.0635
			0.6381	-0.7542	-0.1549
			-0.0508	0.1595	-0.9859
			-0.7683	-0.6369	-0.0635
			-0.6381	0.7542	0.1549
			0.0508	-0.1595	0.9859
		b:
			-79.6571
			454.7766
			-181.7459
			-456.1024
			108.6739
			327.4532
			301.9503
			129.0969
			-465.2875
			-298.9503
			-126.0969
			470.2875


===========================================================================================
===========================================================================================
S3:
	q_c:	166.5	236.0	153.0
	ub :	183.1727	254.1012	169.7069
	lb :	155.1468	222.2873	136.6472

	==================================================================================
	Q1:
		Shape: Polyhedra
		q_c:	175.0	234.5	151.0
		ub :	183.1727	243.1604	159.4429
		lb :	166.8273	225.8396	142.5571
		A:
			0.737	0.103	-0.668
			-0.1555	0.2359	0.9593
			0.0589	0.6702	0.7398
			0.5746	-0.6974	-0.4283
			-0.5571	-0.8211	-0.1238
			0.4588	0.7259	0.5124
			0.2371	0.6063	0.7591
			-0.9715	0.1414	0.1904
			0.0082	-0.7825	0.6226
			-0.2371	-0.6063	-0.7591
			0.9715	-0.1414	-0.1904
			-0.0082	0.7825	-0.6226
		b:
			59.4035
			177.8968
			282.8976
			-121.4115
			-303.194
			332.0248
			301.7878
			-100.5911
			-81.0734
			-294.7878
			115.5911
			95.0734
	==================================================================================
	Q2:
		Shape: Hybrid
		q_c:	162.5	235.0	143.5
		ub :	167.7926	241.6719	150.3528
		lb :	157.2074	228.3281	136.6472
		P^-1:
			0.062	0.0016	0.0034
			0.0016	0.0574	-0.0111
			0.0034	-0.0111	0.0387
		A:
			-0.0687	-0.8509	0.5209
			0.6074	0.304	-0.7339
			0.7436	0.0597	0.6659
			-0.5653	0.3399	-0.7516
			-0.0139	0.372	-0.9281
			-0.0157	-0.1571	0.9875
		b:
			-134.3451
			67.436
			232.9017
			-117.4639
			-45.2818
			105.295
	==================================================================================
	Q3:
		Shape: Polyhedra
		q_c:	163.0	248.5	143.5
		ub :	168.3343	254.1012	149.0334
		lb :	157.6657	242.8988	137.9666
		A:
			0.8763	0.2159	0.4306
			0.2963	-0.941	-0.1637
			-0.6695	-0.7242	0.1655
			-0.0667	0.7938	0.6045
			0.9031	0.1932	0.3836
			0.7962	0.363	0.484
			0.2312	0.8454	0.4816
			0.4112	0.3637	-0.8358
			-0.8818	0.3912	-0.2635
			-0.2312	-0.8454	-0.4816
			-0.4112	-0.3637	0.8358
			0.8818	-0.3912	0.2635
		b:
			261.7879
			-205.5264
			-261.8338
			276.6429
			253.7567
			292.9436
			320.3589
			40.9719
			-80.8195
			-313.3589
			-33.9719
			87.8195
	==================================================================================
	Q4:
		Shape: Polyhedra
		q_c:	173.5	229.0	163.0
		ub :	178.9662	235.7127	169.7069
		lb :	168.0338	222.2873	156.2931
		A:
			0.5787	-0.2093	-0.7883
			-0.5461	-0.5786	-0.6058
			-0.1703	-0.8403	-0.5146
			-0.8467	0.5074	0.1602
			-0.2551	-0.3706	-0.8931
			-0.6623	-0.4575	0.5934
			0.9937	0.0922	0.0635
			0.0103	-0.6402	0.7681
			0.1115	-0.7627	-0.6371
			-0.9937	-0.0922	-0.0635
			-0.0103	0.6402	-0.7681
			-0.1115	0.7627	0.6371
		b:
			-71.5066
			-321.5534
			-301.7637
			0.0849
			-270.3451
			-117.9634
			208.8857
			-14.6067
			-255.1495
			-198.8857
			24.6067
			263.1495
	==================================================================================
	Q5:
		Shape: Ellipse
		q_c:	163.0	230.5	154.0
		ub :	170.8532	236.9825	161.8622
		lb :	155.1468	224.0175	146.1378
		P^-1:
			0.0355	0.0173	0.0112
			0.0173	0.1065	0.0624
			0.0112	0.0624	0.0789
	==================================================================================
	Q6:
		Shape: Ellipse
		q_c:	161.0	241.5	144.0
		ub :	166.5167	248.2938	150.5439
		lb :	155.4833	234.7062	137.4561
		P^-1:
			0.0403	0.0025	0.0028
			0.0025	0.0575	0.0241
			0.0028	0.0241	0.0569


===========================================================================================
===========================================================================================
S4:
	q_c:	182.5	325.0	74.5
	ub :	198.5014	341.9908	91.825
	lb :	171.0821	307.6428	64.6132

	==================================================================================
	Q1:
		Shape: Ellipse
		q_c:	192.0	327.5	75.0
		ub :	198.5014	332.6002	80.7085
		lb :	185.4986	322.3998	69.2915
		P^-1:
			0.0623	0.0053	0.0149
			0.0053	0.0802	-0.0041
			0.0149	-0.0041	0.0701
	==================================================================================
	Q2:
		Shape: Ellipse
		q_c:	175.5	318.0	69.0
		ub :	179.9179	322.6041	73.3868
		lb :	171.0821	313.3959	64.6132
		P^-1:
			0.1138	0.009	-0.0067
			0.009	0.1407	-0.0222
			-0.0067	-0.0222	0.1277
	==================================================================================
	Q3:
		Shape: Hybrid
		q_c:	180.0	330.5	77.0
		ub :	185.1224	336.0313	79.9437
		lb :	174.8776	324.9687	74.0563
		P^-1:
			0.1344	0.034	-0.1293
			0.034	0.063	-0.0546
			-0.1293	-0.0546	0.378
		A:
			0.4132	0.5329	-0.7384
			0.6907	-0.3524	-0.6315
			-0.9227	0.0722	0.3788
			0.5825	0.5612	-0.588
			0.2061	0.237	-0.9494
			-0.304	-0.2366	0.9228
		b:
			195.0702
			-38.5365
			-110.86
			246.7021
			43.2632
			-61.0308
	==================================================================================
	Q4:
		Shape: Polyhedra
		q_c:	179.0	316.0	84.5
		ub :	186.7245	324.3572	91.825
		lb :	171.2755	307.6428	77.175
		A:
			-0.0461	-0.0121	0.9989
			0.6963	0.7085	0.115
			-0.4814	-0.7677	0.423
			-0.7156	0.185	0.6736
			-0.0358	-0.9523	0.3031
			-0.7746	0.2347	-0.5873
			0.4681	0.565	0.6794
			-0.8353	0.5338	0.1317
			-0.2883	-0.6292	0.7218
			-0.4681	-0.565	-0.6794
			0.8353	-0.5338	-0.1317
			0.2883	0.6292	-0.7218
		b:
			77.118
			362.9203
			-288.073
			-7.7557
			-276.7786
			-109.3207
			324.2434
			35.2727
			-184.4332
			-315.2434
			-25.2727
			194.4332
	==================================================================================
	Q5:
		Shape: Hybrid
		q_c:	186.0	324.5	77.0
		ub :	193.1609	330.7893	83.7313
		lb :	178.8391	318.2107	70.2687
		P^-1:
			0.0576	-0.0139	0.0022
			-0.0139	0.0728	-0.0036
			0.0022	-0.0036	0.0499
		A:
			-0.9367	0.3396	0.0853
			-0.2674	-0.9404	0.2102
			0.9767	0.0145	0.2143
			-0.2571	-0.6568	-0.7089
			-0.5566	-0.8298	0.0401
			0.885	-0.4656	-0.0044
		b:
			-55.242
			-336.4106
			205.3864
			-312.8926
			-367.1322
			15.25
	==================================================================================
	Q6:
		Shape: Hybrid
		q_c:	181.5	336.0	75.5
		ub :	184.8705	341.9908	80.7324
		lb :	178.1295	330.0092	70.2676
		P^-1:
			0.1108	-0.0043	-0.0025
			-0.0043	0.0583	-0.0308
			-0.0025	-0.0308	0.0931
		A:
			0.7857	-0.2469	-0.5672
			-0.5279	-0.0451	0.8481
			-0.5672	0.8227	-0.0378
			0.4207	0.3554	-0.8347
			0.4321	-0.2462	0.8675
			0.6498	-0.7365	0.1876
		b:
			18.7932
			-45.1287
			173.1105
			134.2768
			62.867
			-113.2737


===========================================================================================
===========================================================================================
S5:
	q_c:	400.0	224.0	179.5
	ub :	405.751	227.0468	184.619
	lb :	396.04	219.4429	175.5362

	==================================================================================
	Q1:
		Shape: Polyhedra
		q_c:	402.5	224.5	178.5
		ub :	404.0092	227.0468	180.8944
		lb :	400.9908	221.9532	176.1056
		A:
			-0.9479	0.0572	-0.3135
			-0.7679	-0.4798	-0.4245
			0.7714	0.2152	-0.5988
			-0.8272	0.0631	0.5584
			0.9164	-0.4002	-0.0029
			0.9022	-0.3474	-0.2557
			0.536	0.5836	0.61
			0.8317	-0.2412	-0.5
			-0.1447	0.7754	-0.6147
			-0.536	-0.5836	-0.61
			-0.8317	0.2412	0.5
			0.1447	-0.7754	0.6147
		b:
			-423.3398
			-491.1163
			252.9065
			-218.4981
			279.5477
			240.203
			457.1457
			191.8592
			8.1177
			-454.1457
			-190.8592
			-4.1177
	==================================================================================
	Q2:
		Shape: Ellipse
		q_c:	400.0	221.5	181.5
		ub :	401.5113	223.4822	183.0292
		lb :	398.4887	219.5178	179.9708
		P^-1:
			0.959	0.134	-0.0562
			0.134	0.5625	0.1836
			-0.0562	0.1836	0.923
	==================================================================================
	Q3:
		Shape: Ellipse
		q_c:	398.5	222.0	177.5
		ub :	400.9395	224.5571	179.4638
		lb :	396.0605	219.4429	175.5362
		P^-1:
			0.6167	0.1222	-0.2732
			0.1222	0.2979	-0.0428
			-0.2732	-0.0428	0.7799
	==================================================================================
	Q4:
		Shape: Polyhedra
		q_c:	399.0	222.5	179.0
		ub :	401.96	224.9122	181.7697
		lb :	396.04	220.0878	176.2303
		A:
			0.4455	0.7921	-0.4172
			-0.4419	-0.4486	0.7769
			-0.6698	-0.4955	-0.5531
			-0.8914	-0.3514	0.2861
			0.4652	0.6797	0.5671
			0.5322	0.0973	0.841
			0.5268	0.8069	0.2671
			0.6327	-0.5821	0.5107
			0.5676	-0.1	-0.8172
			-0.5268	-0.8069	-0.2671
			-0.6327	0.5821	-0.5107
			-0.5676	0.1	0.8172
		b:
			280.7948
			-135.4225
			-475.0917
			-381.2819
			439.4971
			386.4957
			438.5476
			216.8421
			59.4467
			-436.5476
			-211.8421
			-56.4467
	==================================================================================
	Q5:
		Shape: Hybrid
		q_c:	399.0	224.0	178.0
		ub :	401.0356	225.1171	179.8807
		lb :	396.9644	222.8829	176.1193
		P^-1:
			1.686	-0.5521	1.7113
			-0.5521	1.2745	-0.6659
			1.7113	-0.6659	2.2895
		A:
			0.7392	-0.3179	0.5938
			-0.5862	-0.5827	-0.5629
			0.7174	-0.6037	0.3478
			-0.0261	0.8825	-0.4696
			-0.7072	-0.033	-0.7063
			-0.4808	-0.0151	-0.8767
		b:
			329.7943
			-463.9976
			213.5316
			104.4109
			-414.9145
			-350.8343
	==================================================================================
	Q6:
		Shape: Polyhedra
		q_c:	403.0	223.5	181.5
		ub :	405.751	226.5546	184.619
		lb :	400.249	220.4454	178.381
		A:
			-0.5003	-0.5529	-0.6664
			-0.8818	0.4701	0.0378
			-0.5692	-0.5526	0.6087
			-0.9424	0.3155	-0.1114
			0.9893	-0.0541	-0.1358
			-0.6404	0.7675	0.0291
			0.4498	0.7785	0.4378
			0.8437	-0.2096	-0.4942
			-0.293	0.5916	-0.7511
			-0.4498	-0.7785	-0.4378
			-0.8437	0.2096	0.4942
			0.293	-0.5916	0.7511
		b:
			-444.1232
			-241.7746
			-240.6293
			-327.7814
			363.5296
			-79.4776
			436.7026
			205.0008
			-120.1661
			-432.7026
			-202.0008
			124.1661


===========================================================================================
===========================================================================================
S6:
	q_c:	298.5	319.5	449.0
	ub :	316.1265	343.8399	466.1449
	lb :	275.6054	299.5133	428.2662

	==================================================================================
	Q1:
		Shape: Ellipse
		q_c:	293.5	325.5	441.0
		ub :	302.3568	333.5934	451.7
		lb :	284.6432	317.4066	430.3
		P^-1:
			0.0776	-0.0313	0.03
			-0.0313	0.0474	-0.0175
			0.03	-0.0175	0.0239
	==================================================================================
	Q2:
		Shape: Polyhedra
		q_c:	302.0	313.5	455.0
		ub :	311.5553	324.7442	466.1449
		lb :	292.4447	302.2558	443.8551
		A:
			-0.733	-0.0998	0.6729
			0.0388	0.717	0.696
			-0.2658	0.7468	-0.6096
			-0.0855	0.9938	-0.0711
			0.2182	0.0491	-0.9747
			-0.8707	-0.282	-0.4028
			0.1084	0.7146	0.6911
			0.7761	0.3736	-0.5081
			-0.6213	0.5914	-0.5141
			-0.1084	-0.7146	-0.6911
			-0.7761	-0.3736	0.5081
			0.6213	-0.5914	0.5141
		b:
			58.6776
			559.663
			-115.8624
			260.4656
			-356.0477
			-528.041
			577.714
			125.3153
			-228.1145
			-564.714
			-115.3153
			244.1145
	==================================================================================
	Q3:
		Shape: Ellipse
		q_c:	300.0	335.5	451.5
		ub :	307.7896	343.8399	460.5547
		lb :	292.2104	327.1601	442.4453
		P^-1:
			0.046	0.0053	0.0053
			0.0053	0.0407	-0.0052
			0.0053	-0.0052	0.0205
	==================================================================================
	Q4:
		Shape: Hybrid
		q_c:	308.0	315.0	440.0
		ub :	316.1265	325.1107	451.7338
		lb :	299.8735	304.8893	428.2662
		P^-1:
			0.0303	-0.0105	-0.0042
			-0.0105	0.039	0.0104
			-0.0042	0.0104	0.0137
		A:
			0.6424	0.0142	0.7662
			0.128	0.9917	-0.011
			-0.3459	0.8001	0.49
			0.5263	0.2946	0.7977
			0.0442	0.9902	0.1325
			0.773	-0.3052	-0.5562
		b:
			545.7652
			350.7989
			363.7251
			611.7986
			387.0375
			-98.9045
	==================================================================================
	Q5:
		Shape: Polyhedra
		q_c:	301.0	307.0	441.0
		ub :	308.7811	314.4867	447.0383
		lb :	293.2189	299.5133	434.9617
		A:
			-0.9267	0.1392	0.349
			-0.7636	0.2786	0.5825
			-0.9077	0.3197	-0.2718
			-0.4426	0.708	0.5503
			-0.0977	0.5526	-0.8277
			0.5513	-0.5016	-0.6667
			0.3571	0.9311	0.0747
			0.5912	-0.1634	-0.7898
			-0.7231	0.3262	-0.6088
			-0.3571	-0.9311	-0.0747
			-0.5912	0.1634	0.7898
			0.7231	-0.3262	0.6088
		b:
			-78.479
			115.5382
			-289.3239
			330.6291
			-219.5328
			-278.9752
			431.7794
			-218.0034
			-379.9988
			-420.7794
			223.0034
			391.9988
	==================================================================================
	Q6:
		Shape: Ellipse
		q_c:	286.0	330.5	457.5
		ub :	296.3946	340.4651	464.7202
		lb :	275.6054	320.5349	450.2798
		P^-1:
			0.0329	-0.0208	0.0359
			-0.0208	0.0473	-0.0532
			0.0359	-0.0532	0.1179


===========================================================================================
===========================================================================================
S7:
	q_c:	534.0	196.0	364.5
	ub :	550.771	221.6668	378.2154
	lb :	517.4047	174.61	347.1001

	==================================================================================
	Q1:
		Shape: Ellipse
		q_c:	538.0	208.0	354.5
		ub :	542.6709	212.6492	361.8999
		lb :	533.3291	203.3508	347.1001
		P^-1:
			0.136	-0.0916	-0.0029
			-0.0916	0.1758	0.0095
			-0.0029	0.0095	0.0211
	==================================================================================
	Q2:
		Shape: Ellipse
		q_c:	527.0	190.5	358.5
		ub :	536.5953	201.3826	369.8782
		lb :	517.4047	179.6174	347.1218
		P^-1:
			0.0371	-0.0184	0.0157
			-0.0184	0.0325	-0.0092
			0.0157	-0.0092	0.0271
	==================================================================================
	Q3:
		Shape: Hybrid
		q_c:	545.5	183.5	358.5
		ub :	550.771	190.3749	365.7879
		lb :	540.229	176.6251	351.2121
		P^-1:
			0.0497	-0.002	-0.0006
			-0.002	0.0527	0.0137
			-0.0006	0.0137	0.0426
		A:
			-0.2262	-0.8944	-0.3858
			0.7059	-0.0895	0.7026
			0.7595	0.366	0.5378
			-0.1692	0.5159	-0.8398
			-0.5356	-0.8442	0.0199
			0.6701	-0.6953	0.2599
		b:
			-423.6656
			623.4016
			676.6957
			-295.2633
			-437.3324
			333.8666
	==================================================================================
	Q4:
		Shape: Hybrid
		q_c:	527.5	211.5	359.0
		ub :	536.1236	221.6668	364.9196
		lb :	518.8764	201.3332	353.0804
		P^-1:
			0.0754	0.0214	0.0594
			0.0214	0.0215	0.018
			0.0594	0.018	0.11
		A:
			0.4064	0.3477	0.845
			-0.3644	0.5526	-0.7496
			0.8486	0.1623	0.5036
			-0.1762	-0.3154	-0.9325
			-0.6417	-0.5667	-0.5168
			-0.3747	-0.2494	-0.893
		b:
			593.1288
			-339.8819
			664.6982
			-491.8489
			-641.2505
			-569.3043
	==================================================================================
	Q5:
		Shape: Hybrid
		q_c:	542.5	207.0	371.5
		ub :	549.4611	214.1176	378.2154
		lb :	535.5389	199.8824	364.7846
		P^-1:
			0.031	0.0101	0.0077
			0.0101	0.062	0.019
			0.0077	0.019	0.0564
		A:
			-0.3291	0.7965	0.5072
			-0.5295	-0.7775	-0.3392
			-0.3184	-0.9244	-0.2102
			0.182	0.7069	0.6835
			0.0195	-0.0277	-0.9994
			0.4859	-0.8393	-0.244
		b:
			177.4562
			-572.0806
			-440.0519
			500.7721
			-363.7431
			2.4788
	==================================================================================
	Q6:
		Shape: Hybrid
		q_c:	532.0	187.0	361.0
		ub :	544.6687	199.39	370.4396
		lb :	519.3313	174.61	351.5604
		P^-1:
			0.0155	-0.0052	0.0003
			-0.0052	0.0149	-0.0005
			0.0003	-0.0005	0.0139
		A:
			-0.9019	-0.0151	-0.4318
			-0.7726	-0.0363	0.6339
			-0.1124	0.312	-0.9434
			0.9358	-0.2018	-0.289
			-0.3884	0.5678	0.7258
			0.8894	-0.0413	-0.4553
		b:
			-633.4432
			-183.8155
			-337.1836
			360.2907
			166.0717
			306.0743


===========================================================================================
===========================================================================================
