3D_30_5_6_e                l = 3

===========================================================================================
===========================================================================================
S1:
	q_c:    293.5000    284.5000    195.5000
	ub :    309.0000    297.0000    206.0000
	lb :    278.0000    272.0000    185.0000

	==================================================================================
	Q1:
		Shape: Ellipse
		q_c:    284.5000    281.0000    193.0000
		ub :    292.7237    289.6437    199.9937
		lb :    276.2763    272.3563    186.0063
		P^-1: 
			    0.0384    0.0015    0.0042
			    0.0015    0.0388    -0.0058
			    0.0042    -0.0058    0.0452
	==================================================================================
	Q2:
		Shape: Hybrid
		q_c:    285.5000    287.5000    190.5000
		ub :    290.4915    291.5816    196.1303
		lb :    280.5085    283.4184    184.8697
		P^-1: 
			    0.1849    -0.0327    -0.0915
			    -0.0327    0.2336    -0.0459
			    -0.0915    -0.0459    0.1215
		A:
			    -0.1353    -0.8107    0.5696
			    0.7104    0.0593    -0.7013
			    -0.9192    -0.0598    0.3893
			    0.8863    -0.0633    -0.4587
			    -0.5325    -0.6901    -0.4902
			    0.5271    0.8258    -0.2005
		b:
			    -162.0789
			    87.3518
			    -204.2021
			    148.5370
			    -440.3240
			    351.3271
	==================================================================================
	Q3:
		Shape: Hybrid
		q_c:    296.5000    277.5000    193.5000
		ub :    301.1178    282.5371    196.9399
		lb :    291.8822    272.4629    190.0601
		P^-1: 
			    0.1176    0.0105    -0.0422
			    0.0105    0.0719    0.0240
			    -0.0422    0.0240    0.2342
		A:
			    -0.4391    0.1143    -0.8911
			    -0.9544    -0.0815    0.2871
			    -0.1608    0.0563    -0.9854
			    -0.6815    -0.3155    0.6603
			    -0.1004    0.5031    0.8584
			    0.5654    -0.0815    -0.8208
		b:
			    -269.0874
			    -248.2652
			    -221.3099
			    -160.3733
			    277.3327
			    -12.6416
	==================================================================================
	Q4:
		Shape: Hybrid
		q_c:    305.0000    275.5000    192.0000
		ub :    310.2604    281.2868    197.9834
		lb :    299.7396    269.7132    186.0166
		P^-1: 
			    0.0992    0.0037    -0.0164
			    0.0037    0.0555    0.0126
			    -0.0164    0.0126    0.0874
		A:
			    -0.4564    0.6674    0.5885
			    0.9178    -0.2364    0.3189
			    -0.5322    -0.3111    0.7874
			    0.2525    0.4774    -0.8416
			    -0.2723    -0.9433    -0.1899
			    -0.7298    -0.3870    -0.5636
		b:
			    159.6114
			    278.2018
			    -94.9340
			    49.2951
			    -376.8356
			    -435.4348
	==================================================================================
	Q5:
		Shape: Ellipse
		q_c:    292.0000    292.5000    203.5000
		ub :    298.6937    298.9633    209.4493
		lb :    285.3063    286.0367    197.5507
		P^-1: 
			    0.0694    0.0264    0.0008
			    0.0264    0.0737    -0.0216
			    0.0008    -0.0216    0.0897
	==================================================================================
	Q6:
		Shape: Ellipse
		q_c:    294.0000    281.0000    205.0000
		ub :    298.0171    289.0057    211.7726
		lb :    289.9829    272.9943    198.2274
		P^-1: 
			    3.2522    0.5538    -1.4487
			    0.5538    0.1345    -0.2163
			    -1.4487    -0.2163    0.7127


===========================================================================================
===========================================================================================
S2:
	q_c:    340.5000    26.0000    454.0000
	ub :    355.0000    31.0000    478.0000
	lb :    326.0000    21.0000    430.0000

	==================================================================================
	Q1:
		Shape: Hybrid
		q_c:    345.0000    21.5000    459.0000
		ub :    347.4428    24.8428    462.3395
		lb :    342.5572    18.1572    455.6605
		P^-1: 
			    2.1258    1.7508    0.8430
			    1.7508    1.6418    0.7134
			    0.8430    0.7134    0.5035
		A:
			    0.6647    0.7455    -0.0490
			    -0.7613    -0.5417    -0.3563
			    -0.7594    -0.6459    0.0784
			    -0.6547    -0.6505    -0.3850
			    -0.8584    -0.4770    -0.1889
			    0.5610    0.3642    -0.7434
		b:
			    223.6137
			    -437.4978
			    -239.0515
			    -416.2569
			    -392.4845
			    -137.7337
	==================================================================================
	Q2:
		Shape: Ellipse
		q_c:    339.0000    29.5000    453.0000
		ub :    343.0155    32.9934    456.7740
		lb :    334.9845    26.0066    449.2260
		P^-1: 
			    0.1812    -0.0377    0.0064
			    -0.0377    0.2269    -0.0113
			    0.0064    -0.0113    0.1619
	==================================================================================
	Q3:
		Shape: Ellipse
		q_c:    338.0000    28.5000    452.0000
		ub :    340.8426    32.1939    456.2061
		lb :    335.1574    24.8061    447.7939
		P^-1: 
			    0.4051    -0.0810    -0.0676
			    -0.0810    0.2394    -0.0532
			    -0.0676    -0.0532    0.1315
	==================================================================================
	Q4:
		Shape: Polyhedra
		q_c:    343.5000    26.5000    459.5000
		ub :    346.7929    29.8191    463.2751
		lb :    340.2071    23.1809    455.7249
		A:
			    0.9592    0.0631    -0.2757
			    -0.6086    -0.5155    0.6032
			    -0.3498    0.0159    -0.9367
			    0.7272    -0.6442    0.2370
			    -0.5699    -0.2558    -0.7809
			    0.3165    -0.8834    -0.3456
			    0.7410    0.1534    0.6538
			    0.0551    0.9564    -0.2868
			    -0.6692    0.2486    0.7002
			    -0.7410    -0.1534    -0.6538
			    -0.0551    -0.9564    0.2868
			    0.6692    -0.2486    -0.7002
		b:
			    206.8051
			    56.9746
			    -548.0190
			    343.9623
			    -559.3229
			    -71.0204
			    560.9998
			    -85.0153
			    100.9635
			    -556.9998
			    90.0153
			    -95.9635
	==================================================================================
	Q5:
		Shape: Ellipse
		q_c:    342.5000    30.0000    456.5000
		ub :    346.0370    34.3681    460.8548
		lb :    338.9630    25.6319    452.1452
		P^-1: 
			    0.3480    -0.0312    -0.1479
			    -0.0312    0.1152    0.0195
			    -0.1479    0.0195    0.2035
	==================================================================================
	Q6:
		Shape: Polyhedra
		q_c:    336.0000    20.5000    460.5000
		ub :    338.2365    22.9856    463.2923
		lb :    333.7635    18.0144    457.7077
		A:
			    -0.6731    0.6827    0.2844
			    0.9162    -0.2333    0.3257
			    -0.3630    0.9154    -0.1742
			    -0.6989    0.5043    -0.5072
			    0.9036    -0.0598    -0.4243
			    0.8997    -0.4308    0.0704
			    0.7683    0.6369    0.0635
			    0.6381    -0.7542    -0.1549
			    -0.0508    0.1595    -0.9859
			    -0.7683    -0.6369    -0.0635
			    -0.6381    0.7542    0.1549
			    0.0508    -0.1595    0.9859
		b:
			    -79.6571
			    454.7766
			    -181.7459
			    -456.1024
			    108.6739
			    327.4532
			    301.9503
			    129.0969
			    -465.2875
			    -298.9503
			    -126.0969
			    470.2875


===========================================================================================
===========================================================================================
S3:
	q_c:    166.5000    236.0000    153.0000
	ub :    178.0000    247.0000    163.0000
	lb :    155.0000    225.0000    143.0000

	==================================================================================
	Q1:
		Shape: Polyhedra
		q_c:    175.0000    234.5000    151.0000
		ub :    183.1727    243.1604    159.4429
		lb :    166.8273    225.8396    142.5571
		A:
			    0.7370    0.1030    -0.6680
			    -0.1555    0.2359    0.9593
			    0.0589    0.6702    0.7398
			    0.5746    -0.6974    -0.4283
			    -0.5571    -0.8211    -0.1238
			    0.4588    0.7259    0.5124
			    0.2371    0.6063    0.7591
			    -0.9715    0.1414    0.1904
			    0.0082    -0.7825    0.6226
			    -0.2371    -0.6063    -0.7591
			    0.9715    -0.1414    -0.1904
			    -0.0082    0.7825    -0.6226
		b:
			    59.4035
			    177.8968
			    282.8976
			    -121.4115
			    -303.1940
			    332.0248
			    301.7878
			    -100.5911
			    -81.0734
			    -294.7878
			    115.5911
			    95.0734
	==================================================================================
	Q2:
		Shape: Hybrid
		q_c:    162.5000    235.0000    143.5000
		ub :    167.7926    241.6719    150.3528
		lb :    157.2074    228.3281    136.6472
		P^-1: 
			    0.0620    0.0016    0.0034
			    0.0016    0.0574    -0.0111
			    0.0034    -0.0111    0.0387
		A:
			    -0.0687    -0.8509    0.5209
			    0.6074    0.3040    -0.7339
			    0.7436    0.0597    0.6659
			    -0.5653    0.3399    -0.7516
			    -0.0139    0.3720    -0.9281
			    -0.0157    -0.1571    0.9875
		b:
			    -134.3451
			    67.4360
			    232.9017
			    -117.4639
			    -45.2818
			    105.2950
	==================================================================================
	Q3:
		Shape: Polyhedra
		q_c:    163.0000    248.5000    143.5000
		ub :    168.3343    254.1012    149.0334
		lb :    157.6657    242.8988    137.9666
		A:
			    0.8763    0.2159    0.4306
			    0.2963    -0.9410    -0.1637
			    -0.6695    -0.7242    0.1655
			    -0.0667    0.7938    0.6045
			    0.9031    0.1932    0.3836
			    0.7962    0.3630    0.4840
			    0.2312    0.8454    0.4816
			    0.4112    0.3637    -0.8358
			    -0.8818    0.3912    -0.2635
			    -0.2312    -0.8454    -0.4816
			    -0.4112    -0.3637    0.8358
			    0.8818    -0.3912    0.2635
		b:
			    261.7879
			    -205.5264
			    -261.8338
			    276.6429
			    253.7567
			    292.9436
			    320.3589
			    40.9719
			    -80.8195
			    -313.3589
			    -33.9719
			    87.8195
	==================================================================================
	Q4:
		Shape: Polyhedra
		q_c:    173.5000    229.0000    163.0000
		ub :    178.9662    235.7127    169.7069
		lb :    168.0338    222.2873    156.2931
		A:
			    0.5787    -0.2093    -0.7883
			    -0.5461    -0.5786    -0.6058
			    -0.1703    -0.8403    -0.5146
			    -0.8467    0.5074    0.1602
			    -0.2551    -0.3706    -0.8931
			    -0.6623    -0.4575    0.5934
			    0.9937    0.0922    0.0635
			    0.0103    -0.6402    0.7681
			    0.1115    -0.7627    -0.6371
			    -0.9937    -0.0922    -0.0635
			    -0.0103    0.6402    -0.7681
			    -0.1115    0.7627    0.6371
		b:
			    -71.5066
			    -321.5534
			    -301.7637
			    0.0849
			    -270.3451
			    -117.9634
			    208.8857
			    -14.6067
			    -255.1495
			    -198.8857
			    24.6067
			    263.1495
	==================================================================================
	Q5:
		Shape: Ellipse
		q_c:    163.0000    230.5000    154.0000
		ub :    170.8532    236.9825    161.8622
		lb :    155.1468    224.0175    146.1378
		P^-1: 
			    0.0355    0.0173    0.0112
			    0.0173    0.1065    0.0624
			    0.0112    0.0624    0.0789
	==================================================================================
	Q6:
		Shape: Ellipse
		q_c:    161.0000    241.5000    144.0000
		ub :    166.5167    248.2938    150.5439
		lb :    155.4833    234.7062    137.4561
		P^-1: 
			    0.0403    0.0025    0.0028
			    0.0025    0.0575    0.0241
			    0.0028    0.0241    0.0569


===========================================================================================
===========================================================================================
S4:
	q_c:    182.5000    325.0000    74.5000
	ub :    198.0000    339.0000    83.0000
	lb :    167.0000    311.0000    66.0000

	==================================================================================
	Q1:
		Shape: Ellipse
		q_c:    192.0000    327.5000    75.0000
		ub :    198.5014    332.6002    80.7085
		lb :    185.4986    322.3998    69.2915
		P^-1: 
			    0.0623    0.0053    0.0149
			    0.0053    0.0802    -0.0041
			    0.0149    -0.0041    0.0701
	==================================================================================
	Q2:
		Shape: Ellipse
		q_c:    175.5000    318.0000    69.0000
		ub :    179.9179    322.6041    73.3868
		lb :    171.0821    313.3959    64.6132
		P^-1: 
			    0.1138    0.0090    -0.0067
			    0.0090    0.1407    -0.0222
			    -0.0067    -0.0222    0.1277
	==================================================================================
	Q3:
		Shape: Hybrid
		q_c:    180.0000    330.5000    77.0000
		ub :    185.1224    336.0313    79.9437
		lb :    174.8776    324.9687    74.0563
		P^-1: 
			    0.1344    0.0340    -0.1293
			    0.0340    0.0630    -0.0546
			    -0.1293    -0.0546    0.3780
		A:
			    0.4132    0.5329    -0.7384
			    0.6907    -0.3524    -0.6315
			    -0.9227    0.0722    0.3788
			    0.5825    0.5612    -0.5880
			    0.2061    0.2370    -0.9494
			    -0.3040    -0.2366    0.9228
		b:
			    195.0702
			    -38.5365
			    -110.8600
			    246.7021
			    43.2632
			    -61.0308
	==================================================================================
	Q4:
		Shape: Polyhedra
		q_c:    179.0000    316.0000    84.5000
		ub :    186.7245    324.3572    91.8250
		lb :    171.2755    307.6428    77.1750
		A:
			    -0.0461    -0.0121    0.9989
			    0.6963    0.7085    0.1150
			    -0.4814    -0.7677    0.4230
			    -0.7156    0.1850    0.6736
			    -0.0358    -0.9523    0.3031
			    -0.7746    0.2347    -0.5873
			    0.4681    0.5650    0.6794
			    -0.8353    0.5338    0.1317
			    -0.2883    -0.6292    0.7218
			    -0.4681    -0.5650    -0.6794
			    0.8353    -0.5338    -0.1317
			    0.2883    0.6292    -0.7218
		b:
			    77.1180
			    362.9203
			    -288.0730
			    -7.7557
			    -276.7786
			    -109.3207
			    324.2434
			    35.2727
			    -184.4332
			    -315.2434
			    -25.2727
			    194.4332
	==================================================================================
	Q5:
		Shape: Hybrid
		q_c:    186.0000    324.5000    77.0000
		ub :    193.1609    330.7893    83.7313
		lb :    178.8391    318.2107    70.2687
		P^-1: 
			    0.0576    -0.0139    0.0022
			    -0.0139    0.0728    -0.0036
			    0.0022    -0.0036    0.0499
		A:
			    -0.9367    0.3396    0.0853
			    -0.2674    -0.9404    0.2102
			    0.9767    0.0145    0.2143
			    -0.2571    -0.6568    -0.7089
			    -0.5566    -0.8298    0.0401
			    0.8850    -0.4656    -0.0044
		b:
			    -55.2420
			    -336.4106
			    205.3864
			    -312.8926
			    -367.1322
			    15.2500
	==================================================================================
	Q6:
		Shape: Hybrid
		q_c:    181.5000    336.0000    75.5000
		ub :    184.8705    341.9908    80.7324
		lb :    178.1295    330.0092    70.2676
		P^-1: 
			    0.1108    -0.0043    -0.0025
			    -0.0043    0.0583    -0.0308
			    -0.0025    -0.0308    0.0931
		A:
			    0.7857    -0.2469    -0.5672
			    -0.5279    -0.0451    0.8481
			    -0.5672    0.8227    -0.0378
			    0.4207    0.3554    -0.8347
			    0.4321    -0.2462    0.8675
			    0.6498    -0.7365    0.1876
		b:
			    18.7932
			    -45.1287
			    173.1105
			    134.2768
			    62.8670
			    -113.2737


===========================================================================================
===========================================================================================
S5:
	q_c:    526.5000    254.0000    161.0000
	ub :    550.0000    277.0000    175.0000
	lb :    503.0000    231.0000    147.0000

	==================================================================================
	Q1:
		Shape: Ellipse
		q_c:    529.0000    270.0000    167.0000
		ub :    539.0783    281.1665    179.4985
		lb :    518.9217    258.8335    154.5015
		P^-1: 
			    0.0236    -0.0030    -0.0057
			    -0.0030    0.0195    -0.0012
			    -0.0057    -0.0012    0.0189
	==================================================================================
	Q2:
		Shape: Polyhedra
		q_c:    536.0000    272.5000    153.5000
		ub :    545.9811    280.7720    164.3022
		lb :    526.0189    264.2280    142.6978
		A:
			    0.6178    0.0552    -0.7844
			    0.6511    -0.2928    -0.7003
			    0.8103    -0.5851    0.0323
			    0.2974    0.5762    -0.7613
			    0.5142    -0.7818    0.3527
			    0.1692    -0.9208    0.3514
			    0.4490    0.2006    0.8707
			    -0.8070    0.5093    0.2988
			    -0.3836    -0.8369    0.3905
			    -0.4490    -0.2006    -0.8707
			    0.8070    -0.5093    -0.2988
			    0.3836    0.8369    -0.3905
		b:
			    231.5563
			    167.6561
			    285.6162
			    204.9882
			    122.4257
			    -101.3017
			    437.4712
			    -242.4011
			    -369.1887
			    -420.4712
			    253.4011
			    378.1887
	==================================================================================
	Q3:
		Shape: Hybrid
		q_c:    534.5000    246.5000    174.5000
		ub :    539.6949    252.7690    180.2308
		lb :    529.3051    240.2310    168.7692
		P^-1: 
			    0.0497    0.0008    0.0018
			    0.0008    0.0344    0.0062
			    0.0018    0.0062    0.0608
		A:
			    -0.6250    -0.6841    0.3760
			    -0.3930    0.9073    0.1493
			    0.3128    -0.2339    -0.9206
			    -0.6963    -0.1980    0.6899
			    0.9163    0.1933    0.3507
			    -0.2578    -0.4488    -0.8556
		b:
			    -434.0006
			    42.8770
			    -49.0010
			    -298.1290
			    600.9977
			    -395.6276
	==================================================================================
	Q4:
		Shape: Polyhedra
		q_c:    533.5000    249.5000    170.0000
		ub :    544.0929    259.3559    178.5883
		lb :    522.9071    239.6441    161.4117
		A:
			    0.5574    0.7185    -0.4160
			    -0.0916    -0.6038    -0.7919
			    -0.8622    0.0553    -0.5035
			    0.3727    0.3149    0.8729
			    -0.7430    0.3450    -0.5735
			    0.0741    -0.3204    -0.9444
			    0.5100    0.8455    0.1582
			    0.8083    -0.4083    -0.4241
			    -0.2940    0.3442    -0.8917
			    -0.5100    -0.8455    -0.1582
			    -0.8083    0.4083    0.4241
			    0.2940    -0.3442    0.8917
		b:
			    411.9364
			    -327.9398
			    -525.8339
			    431.2615
			    -402.0513
			    -194.8447
			    515.9390
			    264.7851
			    -217.5739
			    -503.9390
			    -249.7851
			    227.5739
	==================================================================================
	Q5:
		Shape: Polyhedra
		q_c:    517.5000    261.0000    173.0000
		ub :    525.6879    271.2187    183.1412
		lb :    509.3121    250.7813    162.8588
		A:
			    -0.9579    -0.2204    -0.1838
			    0.8666    -0.4938    -0.0720
			    0.9228    -0.0066    0.3852
			    0.0059    0.8570    0.5152
			    -0.0284    0.1209    0.9923
			    -0.7644    0.3978    -0.5074
			    0.7395    0.4268    0.5205
			    0.6528    -0.2662    -0.7092
			    -0.1641    0.8643    -0.4755
			    -0.7395    -0.4268    -0.5205
			    -0.6528    0.2662    0.7092
			    0.1641    -0.8643    0.4755
		b:
			    -580.5835
			    313.4943
			    547.3484
			    321.7716
			    194.3348
			    -373.0983
			    588.1493
			    151.6580
			    66.3919
			    -580.1493
			    -139.6580
			    -50.3919
	==================================================================================
	Q6:
		Shape: Hybrid
		q_c:    518.0000    245.0000    168.0000
		ub :    524.0656    250.5211    173.7335
		lb :    511.9344    239.4789    162.2665
		P^-1: 
			    0.0910    0.0443    0.0358
			    0.0443    0.1255    -0.0062
			    0.0358    -0.0062    0.0946
		A:
			    -0.5697    -0.4258    -0.7030
			    -0.1192    -0.8508    0.5118
			    -0.7841    -0.2997    -0.5434
			    0.3728    0.6968    -0.6128
			    0.5485    0.6193    0.5618
			    -0.8733    -0.4872    -0.0028
		b:
			    -516.0556
			    -182.6017
			    -569.4296
			    262.7190
			    531.6191
			    -570.3141


===========================================================================================
===========================================================================================
