3D_30_8_6_f                l = 3

===========================================================================================
===========================================================================================
S1:
	q_c:	71.5	85.0	489.0
	ub :	89.9805	95.3535	500.0548
	lb :	59.2561	71.754	474.1139

	==================================================================================
	Q1:
		Shape: Polyhedra
		q_c:	74.0	92.5	492.0
		ub :	78.8206	95.0975	497.0337
		lb :	69.1794	89.9025	486.9663
		A:
			-0.0069	-0.9646	0.2636
			-0.2796	-0.8515	0.4437
			-0.1076	-0.631	0.7682
			0.8216	-0.4363	0.3668
			0.0011	-0.9706	0.2408
			-0.1327	-0.5025	0.8543
			0.5257	0.1096	0.8436
			-0.8507	0.0658	0.5216
			0.0016	-0.9918	0.1278
			-0.5257	-0.1096	-0.8436
			0.8507	-0.0658	-0.5216
			-0.0016	0.9918	-0.1278
		b:
			42.0122
			121.1949
			314.4545
			204.1394
			30.7832
			367.0479
			467.5775
			203.2568
			-26.7315
			-460.5775
			-196.2568
			30.7315
	==================================================================================
	Q2:
		Shape: Ellipse
		q_c:	64.0	82.0	478.5
		ub :	68.7439	86.2409	482.8861
		lb :	59.2561	77.7591	474.1139
		P^-1:
			0.1197	0.0018	0.0672
			0.0018	0.2767	-0.1642
			0.0672	-0.1642	0.2705
	==================================================================================
	Q3:
		Shape: Ellipse
		q_c:	81.5	80.0	482.5
		ub :	89.9805	87.2725	490.678
		lb :	73.0195	72.7275	474.322
		P^-1:
			0.036	0.0021	0.0031
			0.0021	0.0285	0.0019
			0.0031	0.0019	0.0364
	==================================================================================
	Q4:
		Shape: Hybrid
		q_c:	71.5	78.5	493.5
		ub :	78.0139	85.246	500.0548
		lb :	64.9861	71.754	486.9452
		P^-1:
			0.0521	0.0051	0.0016
			0.0051	0.0589	0.0029
			0.0016	0.0029	0.0503
		A:
			-0.7475	-0.0879	-0.6585
			-0.5359	-0.3059	0.7869
			-0.1349	0.9226	-0.3614
			-0.4692	0.883	0.0102
			0.2573	0.578	0.7744
			-0.6626	0.1618	0.7312
		b:
			-382.9616
			328.4666
			-113.256
			43.1857
			448.1242
			328.694
	==================================================================================
	Q5:
		Shape: Polyhedra
		q_c:	72.5	91.5	490.5
		ub :	77.6557	95.3535	495.4582
		lb :	67.3443	87.6465	485.5418
		A:
			0.5749	0.1054	0.8114
			0.1755	0.2026	-0.9634
			-0.423	-0.7724	-0.4737
			-0.4619	-0.1903	-0.8663
			-0.3404	-0.4625	-0.8187
			-0.0014	-0.9199	-0.3922
			0.0094	0.8863	0.4631
			0.8409	0.2436	-0.4832
			-0.5411	0.394	-0.743
			-0.0094	-0.8863	-0.4631
			-0.8409	-0.2436	0.4832
			0.5411	-0.394	0.743
		b:
			451.7643
			-437.7875
			-331.3089
			-473.4644
			-466.3617
			-274.6205
			310.9152
			-149.2748
			-365.1187
			-306.9152
			158.2748
			370.1187
	==================================================================================
	Q6:
		Shape: Polyhedra
		q_c:	76.0	82.0	490.0
		ub :	82.5689	85.3975	496.7882
		lb :	69.4311	78.6025	483.2118
		A:
			0.2694	-0.2707	0.9242
			-0.3855	0.8994	0.206
			-0.8446	0.4003	-0.3556
			-0.478	0.8718	-0.1067
			0.2134	-0.9714	0.1046
			-0.2318	0.9682	0.0944
			0.7204	0.2158	0.6592
			-0.3585	0.9294	0.0875
			-0.5937	-0.2994	0.7469
			-0.7204	-0.2158	-0.6592
			0.3585	-0.9294	-0.0875
			0.5937	0.2994	-0.7469
		b:
			455.6782
			146.5533
			-202.1001
			-15.6619
			-10.6293
			109.2209
			399.9362
			92.85
			301.3002
			-390.9362
			-90.85
			-291.3002


===========================================================================================
===========================================================================================
S2:
	q_c:	170.5	218.0	106.0
	ub :	183.777	225.8376	117.1605
	lb :	160.5791	204.6863	98.076

	==================================================================================
	Q1:
		Shape: Ellipse
		q_c:	164.0	220.0	106.0
		ub :	167.4209	223.7668	109.2502
		lb :	160.5791	216.2332	102.7498
		P^-1:
			0.2221	-0.0326	-0.0258
			-0.0326	0.2118	-0.0302
			-0.0258	-0.0302	0.2261
	==================================================================================
	Q2:
		Shape: Ellipse
		q_c:	168.0	216.5	104.0
		ub :	173.2675	222.2272	107.8248
		lb :	162.7325	210.7728	100.1752
		P^-1:
			0.3389	0.0327	-0.4229
			0.0327	0.0645	-0.0214
			-0.4229	-0.0214	0.7276
	==================================================================================
	Q3:
		Shape: Hybrid
		q_c:	165.5	222.5	101.5
		ub :	169.2229	225.8376	104.924
		lb :	161.7771	219.1624	98.076
		P^-1:
			0.0822	-0.0029	0.0063
			-0.0029	0.2068	0.0452
			0.0063	0.0452	0.2026
		A:
			-0.3768	-0.1576	-0.9128
			-0.2056	0.9776	0.0455
			-0.3135	0.9425	0.1161
			0.575	0.7868	0.2244
			0.5591	0.8016	0.2116
			-0.2716	-0.9618	-0.0357
		b:
			-188.7073
			189.3796
			170.9277
			294.6747
			294.0309
			-261.1738
	==================================================================================
	Q4:
		Shape: Ellipse
		q_c:	173.5	215.5	110.0
		ub :	177.4667	219.7329	114.1522
		lb :	169.5333	211.2671	105.8478
		P^-1:
			0.1423	-0.0019	-0.0236
			-0.0019	0.0628	-0.0033
			-0.0236	-0.0033	0.1285
	==================================================================================
	Q5:
		Shape: Hybrid
		q_c:	167.0	214.0	112.0
		ub :	171.5842	219.5639	117.1605
		lb :	162.4158	208.4361	106.8395
		P^-1:
			0.271	0.0342	0.1871
			0.0342	0.0681	0.0306
			0.1871	0.0306	0.2304
		A:
			-0.6592	0.1081	-0.7442
			-0.0455	-0.2552	-0.9658
			-0.3322	-0.256	0.9078
			-0.9056	-0.1224	-0.4061
			-0.6924	-0.061	-0.7189
			0.3204	-0.8015	0.505
		b:
			-169.2809
			-168.11
			-5.5405
			-221.781
			-208.4167
			-58.6157
	==================================================================================
	Q6:
		Shape: Hybrid
		q_c:	177.0	212.0	109.0
		ub :	183.777	219.3137	114.1664
		lb :	170.223	204.6863	103.8336
		P^-1:
			0.0443	0.0046	0.0011
			0.0046	0.0457	-0.0032
			0.0011	-0.0032	0.0619
		A:
			-0.1064	-0.9263	0.3615
			0.2673	-0.8751	-0.4034
			0.1546	0.9635	0.2184
			0.552	-0.0659	0.8313
			-0.0911	0.7536	0.651
			-0.4129	-0.1367	0.9005
		b:
			-173.3029
			-179.3566
			258.1056
			176.5496
			217.199
			-1.7353


===========================================================================================
===========================================================================================
S3:
	q_c:	232.0	440.0	293.5
	ub :	242.1538	455.1052	309.8227
	lb :	224.8462	426.1571	283.1758

	==================================================================================
	Q1:
		Shape: Hybrid
		q_c:	236.0	447.0	292.5
		ub :	241.7617	452.8198	297.8875
		lb :	230.2383	441.1802	287.1125
		P^-1:
			0.0489	-0.0311	-0.0286
			-0.0311	0.149	0.1002
			-0.0286	0.1002	0.1321
		A:
			0.1392	-0.8368	-0.5296
			-0.0165	-0.6753	-0.7374
			0.5215	0.7623	-0.3834
			0.3734	-0.5272	0.7633
			0.4375	0.4184	0.796
			0.2997	-0.5406	-0.7861
		b:
			-494.9141
			-520.1571
			355.5864
			79.7198
			525.7682
			-399.5946
	==================================================================================
	Q2:
		Shape: Ellipse
		q_c:	235.0	449.0	303.5
		ub :	240.7517	454.9317	309.8227
		lb :	229.2483	443.0683	297.1773
		P^-1:
			0.0965	0.01	-0.0239
			0.01	0.0647	-0.0114
			-0.0239	-0.0114	0.0524
	==================================================================================
	Q3:
		Shape: Ellipse
		q_c:	233.5	441.5	291.5
		ub :	242.1538	449.0394	299.8242
		lb :	224.8462	433.9606	283.1758
		P^-1:
			0.0398	0.0026	0.0056
			0.0026	0.0445	0.0043
			0.0056	0.0043	0.0381
	==================================================================================
	Q4:
		Shape: Ellipse
		q_c:	236.0	445.5	290.0
		ub :	240.0935	450.605	295.0222
		lb :	231.9065	440.395	284.9778
		P^-1:
			0.2291	-0.1123	-0.117
			-0.1123	0.1549	0.1312
			-0.117	0.1312	0.221
	==================================================================================
	Q5:
		Shape: Ellipse
		q_c:	234.0	449.5	294.5
		ub :	241.3042	455.1052	301.3185
		lb :	226.6958	443.8948	287.6815
		P^-1:
			0.0533	-0.0026	0.0134
			-0.0026	0.0618	0.0037
			0.0134	0.0037	0.043
	==================================================================================
	Q6:
		Shape: Hybrid
		q_c:	230.0	430.5	305.0
		ub :	233.556	434.8429	309.4904
		lb :	226.444	426.1571	300.5096
		P^-1:
			0.1523	-0.0059	-0.0168
			-0.0059	0.0841	0.0093
			-0.0168	0.0093	0.1163
		A:
			0.4199	-0.7534	-0.5061
			0.3205	-0.8272	-0.4616
			0.9977	0.0655	0.0177
			-0.3909	0.4565	0.7992
			-0.6396	-0.7615	0.1046
			-0.1351	-0.1242	0.983
		b:
			-380.3852
			-421.3276
			264.4285
			351.9481
			-441.1089
			217.0025


===========================================================================================
===========================================================================================
S4:
	q_c:	110.5	424.0	290.0
	ub :	123.9177	437.3736	298.5743
	lb :	100.0723	409.7652	281.6153

	==================================================================================
	Q1:
		Shape: Ellipse
		q_c:	109.5	431.5	291.0
		ub :	115.5889	437.1798	296.1547
		lb :	103.4111	425.8202	285.8453
		P^-1:
			0.1156	0.0533	0.0714
			0.0533	0.1154	0.0677
			0.0714	0.0677	0.1309
	==================================================================================
	Q2:
		Shape: Polyhedra
		q_c:	110.0	420.5	290.5
		ub :	115.7692	423.2936	296.3498
		lb :	104.2308	417.7064	284.6502
		A:
			0.211	-0.8778	-0.4302
			-0.9162	-0.3698	-0.1543
			-0.59	-0.787	-0.1806
			0.9787	0.1541	0.1356
			0.6375	0.7684	-0.0558
			0.3313	0.9238	0.1919
			0.2102	0.9649	0.1571
			0.7464	-0.0546	-0.6633
			-0.6315	0.2567	-0.7317
			-0.2102	-0.9649	-0.1571
			-0.7464	0.0546	0.6633
			0.6315	-0.2567	0.7317
		b:
			-468.687
			-297.6744
			-446.1134
			215.6563
			379.2551
			482.2353
			476.0306
			-130.0394
			-169.5645
			-473.0306
			137.0394
			178.5645
	==================================================================================
	Q3:
		Shape: Polyhedra
		q_c:	118.0	424.5	294.0
		ub :	122.3315	428.6903	298.5743
		lb :	113.6685	420.3097	289.4257
		A:
			-0.6361	-0.5849	-0.5032
			-0.13	-0.9657	0.2247
			0.971	0.2306	-0.0638
			-0.4256	-0.1521	0.8921
			0.6342	0.7519	0.1803
			0.3886	-0.1863	0.9024
			0.6564	0.258	0.7089
			0.132	-0.9645	0.2287
			0.7428	-0.0565	-0.6671
			-0.6564	-0.258	-0.7089
			-0.132	0.9645	-0.2287
			-0.7428	0.0565	0.6671
		b:
			-468.6427
			-355.7525
			196.5035
			150.4936
			449.945
			234.8528
			397.9003
			-323.0999
			-129.4814
			-392.9003
			330.0999
			135.4814
	==================================================================================
	Q4:
		Shape: Hybrid
		q_c:	106.0	415.5	286.5
		ub :	111.9277	421.2348	291.3396
		lb :	100.0723	409.7652	281.6604
		P^-1:
			0.0816	0.0	0.0
			0.0	0.0816	-0.0
			0.0	-0.0	0.0816
		A:
			-0.3681	0.8444	0.3892
			0.7303	-0.1937	0.6551
			0.8052	0.5101	0.3025
			-0.3663	0.8299	0.4209
			-0.6019	-0.7924	-0.0988
			-0.5262	0.0571	-0.8484
		b:
			425.0933
			186.3784
			385.7043
			428.3067
			-419.6068
			-273.3636
	==================================================================================
	Q5:
		Shape: Ellipse
		q_c:	118.5	431.0	291.0
		ub :	123.9177	436.2553	296.348
		lb :	113.0823	425.7447	285.652
		P^-1:
			0.0618	-0.0475	0.043
			-0.0475	0.1542	-0.0824
			0.043	-0.0824	0.1365
	==================================================================================
	Q6:
		Shape: Ellipse
		q_c:	116.5	431.5	287.5
		ub :	122.9325	437.3736	293.3847
		lb :	110.0675	425.6264	281.6153
		P^-1:
			0.059	0.0204	0.0092
			0.0204	0.0927	0.0196
			0.0092	0.0196	0.0582


===========================================================================================
===========================================================================================
S5:
	q_c:	133.0	105.5	411.5
	ub :	152.6005	121.5425	428.2654
	lb :	120.1313	84.1136	400.1639

	==================================================================================
	Q1:
		Shape: Polyhedra
		q_c:	126.5	115.0	417.5
		ub :	132.8687	121.5425	422.4654
		lb :	120.1313	108.4575	412.5346
		A:
			0.2188	0.3363	0.916
			-0.9503	-0.1137	0.2897
			-0.3412	0.5763	0.7426
			-0.7498	0.2648	0.6064
			-0.0423	-0.4004	-0.9153
			0.5712	0.5779	0.583
			0.1426	0.5324	0.8344
			0.681	0.559	-0.473
			-0.7183	0.6357	-0.2828
			-0.1426	-0.5324	-0.8344
			-0.681	-0.559	0.473
			0.7183	-0.6357	0.2828
		b:
			451.5121
			-8.5235
			336.4793
			192.6138
			-431.0519
			384.8364
			430.1318
			-44.5612
			-129.8301
			-425.1318
			49.5612
			141.8301
	==================================================================================
	Q2:
		Shape: Hybrid
		q_c:	137.0	92.0	421.5
		ub :	142.8899	99.8864	428.2654
		lb :	131.1101	84.1136	414.7346
		P^-1:
			0.086	-0.0355	-0.0143
			-0.0355	0.0529	0.0007
			-0.0143	0.0007	0.0494
		A:
			0.7108	-0.7028	-0.0267
			0.7905	-0.2284	-0.5682
			0.9577	-0.237	0.1631
			0.5158	-0.425	-0.7439
			-0.6327	0.7743	-0.0095
			0.2775	0.7739	-0.5692
		b:
			23.1558
			-150.3494
			180.3556
			-279.6617
			-17.5429
			-127.2011
	==================================================================================
	Q3:
		Shape: Hybrid
		q_c:	130.0	95.0	421.0
		ub :	135.8174	101.5287	427.3511
		lb :	124.1826	88.4713	414.6489
		P^-1:
			0.0755	-0.0055	-0.008
			-0.0055	0.0635	0.0076
			-0.008	0.0076	0.0545
		A:
			0.0489	0.9833	-0.1755
			-0.3413	0.2282	-0.9118
			-0.2947	0.949	-0.1121
			0.162	-0.4292	-0.8885
			-0.2702	-0.895	0.3549
			0.1343	0.929	-0.3449
		b:
			28.2641
			-403.8464
			6.8901
			-391.5524
			31.7083
			-37.0328
	==================================================================================
	Q4:
		Shape: Polyhedra
		q_c:	144.5	111.5	416.5
		ub :	152.6005	119.7032	423.3316
		lb :	136.3995	103.2968	409.6684
		A:
			0.3234	-0.8312	0.4522
			-0.6862	0.5646	-0.4586
			-0.4408	-0.6683	-0.5993
			0.3058	-0.7187	0.6245
			-0.2014	0.791	0.5777
			0.446	-0.8637	0.2349
			0.4508	0.8481	0.2784
			0.8132	-0.2617	-0.5198
			-0.3679	0.4608	-0.8077
			-0.4508	-0.8481	-0.2784
			-0.8132	0.2617	0.5198
			0.3679	-0.4608	0.8077
		b:
			146.4321
			-223.6725
			-381.6216
			227.6468
			305.5886
			70.4294
			282.1706
			-123.1437
			-335.1858
			-269.1706
			133.1437
			341.1858
	==================================================================================
	Q5:
		Shape: Hybrid
		q_c:	138.0	108.5	408.5
		ub :	144.3931	116.3627	416.8361
		lb :	131.6069	100.6373	400.1639
		P^-1:
			0.0821	-0.0785	-0.0544
			-0.0785	0.1392	0.0819
			-0.0544	0.0819	0.0769
		A:
			-0.1621	-0.3176	-0.9343
			0.6185	-0.7336	-0.2817
			0.6854	-0.6996	-0.202
			0.4546	-0.849	-0.2694
			-0.7572	0.4793	0.4437
			0.028	-0.9627	0.2692
		b:
			-434.0971
			-107.7828
			-61.9174
			-137.7809
			130.6145
			14.1287
	==================================================================================
	Q6:
		Shape: Hybrid
		q_c:	139.5	112.5	418.5
		ub :	145.7696	117.6955	424.7794
		lb :	133.2304	107.3045	412.2206
		P^-1:
			0.1003	0.0401	0.0339
			0.0401	0.1026	0.027
			0.0339	0.027	0.0596
		A:
			0.3823	0.8346	0.3965
			0.1802	0.9625	-0.2027
			0.5837	0.7804	0.2244
			-0.2646	-0.5992	-0.7557
			0.8205	-0.2327	0.5221
			-0.2249	-0.5078	-0.8316
		b:
			314.6436
			50.961
			264.5159
			-418.4785
			309.0858
			-434.1797


===========================================================================================
===========================================================================================
S6:
	q_c:	416.0	245.5	412.0
	ub :	417.3322	247.7931	414.9134
	lb :	414.0587	244.0106	409.5467

	==================================================================================
	Q1:
		Shape: Ellipse
		q_c:	415.5	245.5	411.0
		ub :	416.9413	246.5985	412.4533
		lb :	414.0587	244.4015	409.5467
		P^-1:
			1.9078	1.1277	0.7923
			1.1277	2.4008	0.9841
			0.7923	0.9841	1.6914
	==================================================================================
	Q2:
		Shape: Polyhedra
		q_c:	416.5	247.0	411.5
		ub :	417.2539	247.6008	412.2008
		lb :	415.7461	246.3992	410.7992
		A:
			-0.1878	-0.7367	-0.6497
			-0.7241	0.6796	-0.1178
			0.2685	0.4815	0.8343
			0.2996	0.415	-0.8591
			-0.9375	-0.3131	-0.1521
			-0.4903	0.211	-0.8457
			0.8752	0.1953	0.4426
			-0.4466	-0.0259	0.8944
			0.1861	-0.9804	0.0646
			-0.8752	-0.1953	-0.4426
			0.4466	0.0259	-0.8944
			-0.1861	0.9804	-0.0646
		b:
			-527.0125
			-181.7212
			574.5815
			-125.7134
			-529.8753
			-499.5597
			595.3922
			176.1409
			-137.5836
			-594.3922
			-175.1409
			138.5836
	==================================================================================
	Q3:
		Shape: Ellipse
		q_c:	416.0	245.5	413.5
		ub :	416.6753	246.9444	414.9134
		lb :	415.3247	244.0556	412.0866
		P^-1:
			3.9251	-0.4274	0.1909
			-0.4274	1.0624	-0.0279
			0.1909	-0.0279	1.0125
	==================================================================================
	Q4:
		Shape: Polyhedra
		q_c:	415.5	245.5	412.0
		ub :	416.735	246.9894	413.8856
		lb :	414.265	244.0106	410.1144
		A:
			-0.4823	-0.8354	-0.2637
			-0.401	-0.5882	0.7023
			-0.8264	-0.5622	-0.0312
			-0.3783	0.9128	0.1542
			-0.3396	0.8102	-0.4777
			0.0043	0.9873	0.1589
			0.1378	0.3622	0.9218
			-0.9897	0.014	0.1424
			0.0387	-0.932	0.3604
			-0.1378	-0.3622	-0.9218
			0.9897	-0.014	-0.1424
			-0.0387	0.932	-0.3604
		b:
			-512.9271
			-20.5968
			-493.181
			131.5596
			-137.9759
			310.7651
			527.4771
			-348.1097
			-63.226
			-524.4771
			350.1097
			65.226
	==================================================================================
	Q5:
		Shape: Ellipse
		q_c:	416.5	247.0	412.5
		ub :	417.3322	247.7931	413.3565
		lb :	415.6678	246.2069	411.6435
		P^-1:
			4.0	-0.0	0.0
			-0.0	4.0	0.0
			0.0	0.0	4.0
	==================================================================================
	Q6:
		Shape: Polyhedra
		q_c:	415.5	247.0	411.5
		ub :	416.162	247.6418	412.1498
		lb :	414.838	246.3582	410.8502
		A:
			-0.2575	0.6903	-0.6762
			0.6781	-0.5206	0.5188
			0.4029	-0.8969	-0.1823
			-0.5733	-0.8188	-0.0304
			0.9393	0.2446	0.2408
			-0.5742	0.6795	-0.4568
			0.1964	0.1223	0.9729
			-0.9673	0.1864	0.1719
			-0.1603	-0.9748	0.155
			-0.1964	-0.1223	-0.9729
			0.9673	-0.1864	-0.1719
			0.1603	0.9748	-0.155
		b:
			-214.2171
			367.1623
			-128.6162
			-452.4368
			550.2484
			-258.2159
			512.6616
			-284.6559
			-243.1351
			-511.6616
			285.6559
			244.1351


===========================================================================================
===========================================================================================
S7:
	q_c:	326.5	44.0	145.5
	ub :	348.9854	63.2436	159.2439
	lb :	309.5606	17.2368	125.788

	==================================================================================
	Q1:
		Shape: Polyhedra
		q_c:	317.5	27.5	131.5
		ub :	323.9648	34.2882	137.212
		lb :	311.0352	20.7118	125.788
		A:
			0.1741	0.249	0.9527
			0.3196	0.7488	0.5807
			-0.2536	0.8528	-0.4564
			-0.0811	-0.7895	-0.6084
			0.6606	-0.1197	0.7411
			-0.7491	-0.2626	-0.6082
			0.578	0.3617	0.7315
			-0.4914	-0.5613	0.6659
			0.6515	-0.7443	-0.1467
			-0.578	-0.3617	-0.7315
			0.4914	0.5613	-0.6659
			-0.6515	0.7443	0.1467
		b:
			190.3965
			201.1025
			-112.4316
			-124.5066
			306.6465
			-322.8471
			291.6478
			-78.3994
			171.0921
			-287.6478
			89.3994
			-163.0921
	==================================================================================
	Q2:
		Shape: Polyhedra
		q_c:	322.0	56.0	152.0
		ub :	328.8026	63.2436	159.2439
		lb :	315.1974	48.7564	144.7561
		A:
			0.6593	0.2816	0.6972
			0.8925	-0.3058	0.3316
			0.3661	-0.0753	-0.9275
			-0.3878	-0.8657	-0.3165
			-0.2919	-0.6816	0.671
			-0.3559	-0.9149	0.1906
			0.0618	0.1078	0.9923
			-0.5057	0.8605	-0.0619
			-0.8605	-0.4979	0.1077
			-0.0618	-0.1078	-0.9923
			0.5057	-0.8605	0.0619
			0.8605	0.4979	-0.1077
		b:
			339.788
			325.7167
			-21.1063
			-216.3879
			-24.8254
			-132.1484
			183.2671
			-119.0597
			-284.0941
			-170.2671
			129.0597
			293.0941
	==================================================================================
	Q3:
		Shape: Polyhedra
		q_c:	325.5	38.5	146.5
		ub :	334.6636	46.6008	153.3055
		lb :	316.3364	30.3992	139.6945
		A:
			-0.6613	-0.6751	0.327
			-0.1011	-0.2682	-0.958
			-0.2109	0.2398	0.9476
			0.7491	-0.106	0.654
			0.7278	-0.4034	0.5545
			0.1258	-0.9181	-0.3758
			0.4186	0.0728	0.9052
			-0.845	-0.334	0.4177
			0.3328	-0.9398	-0.0783
			-0.4186	-0.0728	-0.9052
			0.845	0.334	-0.4177
			-0.3328	0.9398	0.0783
		b:
			-186.9085
			-179.2244
			84.4267
			340.0818
			307.5485
			-43.6561
			275.6874
			-220.2175
			66.662
			-267.6874
			233.2175
			-54.662
	==================================================================================
	Q4:
		Shape: Polyhedra
		q_c:	340.0	41.0	139.0
		ub :	343.0748	48.143	145.0044
		lb :	336.9252	33.857	132.9956
		A:
			0.9321	0.1965	-0.3042
			-0.9135	0.3399	0.2236
			0.9965	0.0834	0.0044
			-0.6677	0.3574	-0.653
			-0.676	-0.3121	0.6675
			0.9346	-0.0698	0.3488
			0.1045	0.2675	0.9579
			-0.19	0.9508	-0.2448
			-0.9762	-0.1564	0.1502
			-0.1045	-0.2675	-0.9579
			0.19	-0.9508	0.2448
			0.9762	0.1564	-0.1502
		b:
			284.3843
			-262.4663
			344.5645
			-298.4463
			-146.6677
			366.3807
			184.1567
			-53.6461
			-315.9395
			-175.1567
			65.6461
			318.9395
	==================================================================================
	Q5:
		Shape: Hybrid
		q_c:	340.5	25.5	141.0
		ub :	348.9854	33.7632	148.5119
		lb :	332.0146	17.2368	133.4881
		P^-1:
			0.0229	0.0016	-0.0079
			0.0016	0.0187	-0.005
			-0.0079	-0.005	0.046
		A:
			0.2366	-0.4498	0.8612
			-0.2502	0.2027	-0.9467
			0.1193	0.4368	-0.8916
			0.986	-0.0931	-0.1385
			0.7035	-0.2919	-0.648
			-0.7867	0.5951	0.1644
		b:
			193.7955
			-210.4639
			-71.328
			318.2424
			144.2789
			-224.6988
	==================================================================================
	Q6:
		Shape: Polyhedra
		q_c:	317.5	37.5	145.0
		ub :	325.4394	43.418	152.3703
		lb :	309.5606	31.582	137.6297
		A:
			-0.6705	0.2747	0.6892
			-0.3386	0.3379	-0.8781
			0.4962	0.1541	-0.8544
			-0.3623	0.8942	0.2631
			0.0113	0.9478	-0.3187
			-0.5208	0.8402	0.1512
			0.8884	0.1778	0.4234
			-0.3389	-0.3683	0.8657
			0.3098	-0.9125	-0.267
			-0.8884	-0.1778	-0.4234
			0.3389	0.3683	-0.8657
			-0.3098	0.9125	0.267
		b:
			-98.4066
			-217.0818
			43.9059
			-39.8294
			-3.1573
			-108.2023
			356.1044
			8.6296
			28.9436
			-344.1044
			0.3704
			-21.9436


===========================================================================================
===========================================================================================
S8:
	q_c:	248.0	259.0	252.5
	ub :	264.7013	280.9483	274.652
	lb :	223.1084	242.1516	234.3819

	==================================================================================
	Q1:
		Shape: Ellipse
		q_c:	232.5	270.5	246.0
		ub :	241.8916	280.9483	254.3517
		lb :	223.1084	260.0517	237.6483
		P^-1:
			0.0294	0.0063	-0.0015
			0.0063	0.022	0.0026
			-0.0015	0.0026	0.0324
	==================================================================================
	Q2:
		Shape: Ellipse
		q_c:	254.5	255.0	259.0
		ub :	264.7013	265.535	269.7743
		lb :	244.2987	244.465	248.2257
		P^-1:
			0.0274	0.0029	0.0053
			0.0029	0.023	0.0005
			0.0053	0.0005	0.0267
	==================================================================================
	Q3:
		Shape: Polyhedra
		q_c:	250.0	246.5	243.0
		ub :	253.582	250.8484	251.6181
		lb :	246.418	242.1516	234.3819
		A:
			0.3809	-0.9178	-0.1122
			-0.4297	-0.4881	0.7597
			0.3083	0.9279	0.2097
			0.6814	0.5421	-0.4918
			-0.5705	0.7276	-0.381
			0.9095	-0.2688	0.3172
			0.124	0.2354	0.964
			0.9913	0.0144	-0.131
			-0.0447	0.9718	-0.2315
			-0.124	-0.2354	-0.964
			-0.9913	-0.0144	0.131
			0.0447	-0.9718	0.2315
		b:
			-155.0047
			-38.1623
			361.0476
			187.6711
			-52.6391
			241.8751
			331.2586
			222.0322
			174.6068
			-315.2586
			-217.0322
			-169.6068
	==================================================================================
	Q4:
		Shape: Ellipse
		q_c:	244.0	259.0	251.0
		ub :	251.8458	266.5879	259.24
		lb :	236.1542	251.4121	242.76
		P^-1:
			0.0516	0.0031	-0.0127
			0.0031	0.0365	0.002
			-0.0127	0.002	0.0474
	==================================================================================
	Q5:
		Shape: Polyhedra
		q_c:	254.0	261.0	253.5
		ub :	264.1583	270.1964	262.0105
		lb :	243.8417	251.8036	244.9895
		A:
			-0.8488	-0.5077	-0.1475
			-0.1208	-0.1727	-0.9775
			-0.7389	0.521	-0.4274
			-0.9859	0.1429	0.087
			-0.5605	0.5962	-0.5749
			0.7887	-0.2092	-0.5781
			0.3551	0.0391	0.934
			-0.825	-0.4568	0.3328
			0.4397	-0.8887	-0.13
			-0.3551	-0.0391	-0.934
			0.825	0.4568	-0.3328
			-0.4397	0.8887	0.13
		b:
			-379.4815
			-317.5202
			-153.4936
			-184.7317
			-125.9716
			5.5515
			343.1665
			-238.4248
			-146.2139
			-331.1665
			250.4248
			160.2139
	==================================================================================
	Q6:
		Shape: Ellipse
		q_c:	252.0	270.0	266.5
		ub :	256.709	278.7746	274.652
		lb :	247.291	261.2254	258.348
		P^-1:
			0.1908	0.0416	0.0849
			0.0416	0.0378	0.0325
			0.0849	0.0325	0.0818


===========================================================================================
===========================================================================================
