3D_30_7_6_b                l = 3

===========================================================================================
===========================================================================================
S1:
	q_c:	11.5	431.0	348.5
	ub :	23.8924	445.8058	360.881
	lb :	-5.8885	415.5912	334.2025

	==================================================================================
	Q1:
		Shape: Ellipse
		q_c:	4.0	434.0	351.0
		ub :	13.8885	442.1399	360.881
		lb :	-5.8885	425.8601	341.119
		P^-1:
			0.0325	0.0085	0.0091
			0.0085	0.0421	0.0024
			0.0091	0.0024	0.0283
	==================================================================================
	Q2:
		Shape: Hybrid
		q_c:	18.0	421.0	344.5
		ub :	23.0386	426.4088	346.7332
		lb :	12.9614	415.5912	342.2668
		P^-1:
			0.5416	0.4513	-0.1049
			0.4513	0.4295	-0.1413
			-0.1049	-0.1413	0.501
		A:
			0.0154	0.1083	0.994
			-0.3697	-0.2648	0.8907
			-0.8453	-0.4722	-0.2499
			0.5737	0.674	-0.4654
			0.5524	0.4692	-0.6889
			0.8492	0.5267	-0.0385
		b:
			389.5372
			189.6413
			-299.0771
			134.4343
			-29.2001
			224.6519
	==================================================================================
	Q3:
		Shape: Ellipse
		q_c:	3.0	438.5	350.0
		ub :	9.5714	445.8058	358.0797
		lb :	-3.5714	431.1942	341.9203
		P^-1:
			0.0755	-0.012	-0.0131
			-0.012	0.058	-0.0258
			-0.0131	-0.0258	0.0534
	==================================================================================
	Q4:
		Shape: Polyhedra
		q_c:	17.5	434.5	337.5
		ub :	23.8924	440.9152	340.7975
		lb :	11.1076	428.0848	334.2025
		A:
			-0.6414	0.6158	0.4576
			-0.8399	0.1314	0.5267
			-0.4744	0.7687	0.429
			-0.7222	0.4677	0.5095
			-0.9588	0.2629	-0.1076
			-0.5708	0.3377	0.7484
			0.7036	0.7106	0.0007
			0.4673	-0.4634	0.7529
			0.5353	-0.5294	-0.6582
			-0.7036	-0.7106	-0.0007
			-0.4673	0.4634	-0.7529
			-0.5353	0.5294	0.6582
		b:
			412.0466
			223.2528
			472.2983
			364.0953
			64.9208
			390.8056
			327.3251
			64.4043
			-441.7681
			-315.3251
			-57.4043
			443.7681
	==================================================================================
	Q5:
		Shape: Hybrid
		q_c:	9.5	428.5	350.5
		ub :	13.416	431.8706	354.705
		lb :	5.584	425.1294	346.295
		P^-1:
			0.1776	0.0049	0.0832
			0.0049	0.111	0.0007
			0.0832	0.0007	0.1541
		A:
			0.9438	0.1412	0.2988
			-0.28	-0.8266	-0.4883
			-0.4683	0.2932	-0.8335
			0.7087	0.0265	0.705
			0.5883	0.4043	0.7003
			-0.555	0.3571	-0.7513
		b:
			175.5138
			-526.2064
			-169.6392
			266.2053
			425.5016
			-114.3491
	==================================================================================
	Q6:
		Shape: Ellipse
		q_c:	6.5	439.5	348.0
		ub :	13.409	444.4875	355.063
		lb :	-0.409	434.5125	340.937
		P^-1:
			0.1667	-0.1861	-0.0434
			-0.1861	0.2961	0.0659
			-0.0434	0.0659	0.0546


===========================================================================================
===========================================================================================
S2:
	q_c:	306.5	99.0	242.0
	ub :	317.5377	107.7445	248.5842
	lb :	298.9914	90.244	236.2989

	==================================================================================
	Q1:
		Shape: Hybrid
		q_c:	313.5	97.0	244.0
		ub :	317.5377	101.3083	248.1864
		lb :	309.4623	92.6917	239.8136
		P^-1:
			0.1528	-0.0213	-0.06
			-0.0213	0.122	0.0306
			-0.06	0.0306	0.1974
		A:
			0.0409	0.2607	-0.9645
			-0.8317	-0.3693	-0.4146
			0.1939	-0.8093	-0.5544
			0.5384	-0.4731	-0.6974
			0.4314	-0.7294	-0.5309
			-0.4938	0.5758	0.6517
		b:
			-195.6783
			-395.7218
			-151.5211
			-46.2159
			-63.7536
			61.1948
	==================================================================================
	Q2:
		Shape: Ellipse
		q_c:	302.0	104.5	245.0
		ub :	305.0086	107.7445	248.5842
		lb :	298.9914	101.2555	241.4158
		P^-1:
			0.1596	0.016	-0.0039
			0.016	0.3021	-0.1639
			-0.0039	-0.1639	0.2539
	==================================================================================
	Q3:
		Shape: Hybrid
		q_c:	307.0	95.5	243.5
		ub :	311.1373	99.5726	247.7087
		lb :	302.8627	91.4274	239.2913
		P^-1:
			0.16	-0.0	-0.0
			-0.0	0.16	0.0
			-0.0	0.0	0.16
		A:
			-0.7493	-0.6604	-0.0504
			0.1595	-0.4066	-0.8996
			0.1227	-0.8785	0.4617
			-0.8259	-0.005	-0.5637
			0.7123	-0.6426	0.2823
			-0.6728	0.6879	-0.2723
		b:
			-304.0986
			-207.6768
			67.4545
			-390.0619
			227.289
			-205.9063
	==================================================================================
	Q4:
		Shape: Polyhedra
		q_c:	305.0	94.5	243.0
		ub :	309.5888	98.756	247.8552
		lb :	300.4112	90.244	238.1448
		A:
			-0.7055	0.559	-0.4356
			-0.5885	0.7835	0.1992
			0.0985	0.6499	0.7536
			-0.1292	-0.8217	-0.5551
			0.0156	0.5881	0.8087
			-0.3779	-0.9202	0.1019
			0.8984	0.2454	0.3642
			0.0549	-0.8856	0.4613
			0.4357	-0.3944	-0.8091
			-0.8984	-0.2454	-0.3642
			-0.0549	0.8856	-0.4613
			-0.4357	0.3944	0.8091
		b:
			-265.2341
			-54.2027
			277.7
			-248.898
			259.9223
			-174.6379
			389.2104
			47.6308
			-97.9699
			-382.2104
			-42.6308
			103.9699
	==================================================================================
	Q5:
		Shape: Hybrid
		q_c:	304.5	102.0	240.0
		ub :	308.2697	105.6859	243.7011
		lb :	300.7303	98.3141	236.2989
		P^-1:
			0.2292	0.0454	-0.0201
			0.0454	0.1513	0.0437
			-0.0201	0.0437	0.2306
		A:
			-0.488	-0.7926	0.3655
			0.0657	-0.7429	-0.6661
			0.2324	-0.7355	-0.6364
			-0.4544	0.7006	0.5501
			0.2199	-0.1151	0.9687
			-0.611	-0.7648	0.2046
		b:
			-140.3114
			-214.4429
			-155.7342
			66.4781
			289.0535
			-213.6587
	==================================================================================
	Q6:
		Shape: Ellipse
		q_c:	309.0	95.5	240.5
		ub :	313.7838	100.6562	244.3902
		lb :	304.2162	90.3438	236.6098
		P^-1:
			0.0843	-0.0054	-0.0133
			-0.0054	0.0924	0.0264
			-0.0133	0.0264	0.1466


===========================================================================================
===========================================================================================
S3:
	q_c:	430.0	424.0	63.0
	ub :	451.5545	438.3568	86.2328
	lb :	407.531	401.2831	44.2537

	==================================================================================
	Q1:
		Shape: Polyhedra
		q_c:	430.0	415.0	59.5
		ub :	436.8881	422.5343	65.0416
		lb :	423.1119	407.4657	53.9584
		A:
			-0.2037	0.2954	0.9334
			0.8794	-0.4484	0.1602
			-0.9289	0.3641	0.0681
			-0.2505	-0.9576	-0.1423
			0.8445	-0.0516	-0.533
			0.7401	-0.5779	-0.344
			0.6172	0.7652	0.1832
			0.7354	-0.4784	-0.4799
			-0.2796	0.4309	-0.858
			-0.6172	-0.7652	-0.1832
			-0.7354	0.4784	0.4799
			0.2796	-0.4309	0.858
		b:
			94.0234
			204.9621
			-240.8719
			-507.9709
			313.6504
			60.9778
			599.8505
			92.1614
			11.0536
			-587.8505
			-86.1614
			-4.0536
	==================================================================================
	Q2:
		Shape: Polyhedra
		q_c:	418.5	428.0	51.5
		ub :	425.1967	434.8339	58.7463
		lb :	411.8033	421.1661	44.2537
		A:
			-0.9214	0.3853	0.0511
			-0.4122	-0.7399	-0.5317
			-0.7336	-0.3031	-0.6082
			0.5884	-0.7933	-0.1564
			0.8106	0.3068	0.4987
			0.3691	0.8241	-0.4296
			0.3364	0.9278	0.1615
			0.9387	-0.3441	0.0213
			0.0753	0.1444	-0.9866
			-0.3364	-0.9278	-0.1615
			-0.9387	0.3441	-0.0213
			-0.0753	-0.1444	0.9866
		b:
			-213.0449
			-511.6825
			-462.8286
			-96.4858
			501.3269
			490.3172
			550.6818
			251.692
			49.0088
			-541.6818
			-241.692
			-36.0088
	==================================================================================
	Q3:
		Shape: Hybrid
		q_c:	442.5	429.0	54.0
		ub :	451.5545	438.3568	61.4889
		lb :	433.4455	419.6432	46.5111
		P^-1:
			0.021	0.01	-0.0195
			0.01	0.0356	-0.0354
			-0.0195	-0.0354	0.0879
		A:
			-0.3552	0.5491	-0.7565
			0.1491	-0.7044	0.694
			-0.3105	0.7169	0.6243
			0.2724	-0.6809	-0.6799
			0.0442	-0.038	-0.9983
			-0.4385	0.7346	0.5178
		b:
			41.2885
			-195.6432
			209.6089
			-202.6312
			-47.5453
			154.9788
	==================================================================================
	Q4:
		Shape: Hybrid
		q_c:	432.0	419.5	70.0
		ub :	440.1282	430.114	82.0392
		lb :	423.8718	408.886	57.9608
		P^-1:
			0.0359	-0.008	-0.0005
			-0.008	0.0239	0.0029
			-0.0005	0.0029	0.0097
		A:
			-0.9769	-0.0778	0.1991
			0.6387	-0.626	-0.4473
			-0.8472	-0.5277	0.062
			0.9996	-0.0061	-0.029
			-0.414	-0.7831	-0.4641
			-0.5743	-0.602	-0.5548
		b:
			-437.216
			-14.3943
			-578.7584
			430.2267
			-535.0531
			-534.432
	==================================================================================
	Q5:
		Shape: Hybrid
		q_c:	419.5	432.5	65.5
		ub :	431.469	438.0152	74.9249
		lb :	407.531	426.9848	56.0751
		P^-1:
			0.0119	-0.0008	0.0078
			-0.0008	0.0488	-0.0029
			0.0078	-0.0029	0.0308
		A:
			0.7365	-0.332	0.5893
			0.5258	-0.5963	0.6066
			-0.3474	-0.341	0.8735
			0.103	-0.3507	0.9308
			0.2193	-0.3191	0.922
			0.9891	-0.099	-0.109
		b:
			208.6597
			5.8232
			-230.5581
			-44.1384
			17.4941
			372.9546
	==================================================================================
	Q6:
		Shape: Polyhedra
		q_c:	424.0	412.0	75.5
		ub :	434.642	422.7169	86.2328
		lb :	413.358	401.2831	64.7672
		A:
			0.0144	-0.9155	0.4021
			0.63	-0.4865	-0.6054
			-0.5225	0.8435	0.1243
			0.5224	-0.0862	0.8484
			0.4139	-0.6552	-0.632
			0.2458	-0.0509	-0.968
			0.4004	0.4356	0.8062
			0.1845	0.8234	-0.5366
			-0.8975	0.3636	0.2494
			-0.4004	-0.4356	-0.8062
			-0.1845	-0.8234	0.5366
			0.8975	-0.3636	-0.2494
		b:
			-334.6245
			28.3734
			142.4352
			256.8899
			-134.8544
			16.9929
			417.1141
			382.9876
			-204.4128
			-403.1141
			-370.9876
			219.4128


===========================================================================================
===========================================================================================
S4:
	q_c:	43.0	499.0	40.5
	ub :	52.8729	512.0268	51.6066
	lb :	31.6785	479.2614	23.0848

	==================================================================================
	Q1:
		Shape: Hybrid
		q_c:	40.5	490.0	45.5
		ub :	48.1648	497.8293	51.6066
		lb :	32.8352	482.1707	39.3934
		P^-1:
			0.0462	0.0058	0.0137
			0.0058	0.0454	0.0127
			0.0137	0.0127	0.07
		A:
			-0.7591	-0.4857	-0.4335
			0.4377	-0.4952	-0.7505
			-0.0776	-0.8213	0.5653
			-0.2949	0.6719	-0.6794
			0.4654	-0.2138	-0.8589
			0.7122	-0.0993	0.695
		b:
			-286.1802
			-256.3668
			-376.6186
			289.3404
			-122.2699
			14.0923
	==================================================================================
	Q2:
		Shape: Ellipse
		q_c:	39.5	504.5	30.5
		ub :	47.3215	512.0268	37.9152
		lb :	31.6785	496.9732	23.0848
		P^-1:
			0.0473	0.0013	0.0037
			0.0013	0.0486	-0.0023
			0.0037	-0.0023	0.0429
	==================================================================================
	Q3:
		Shape: Ellipse
		q_c:	39.0	498.0	34.0
		ub :	42.6407	502.6972	37.6734
		lb :	35.3593	493.3028	30.3266
		P^-1:
			0.2776	0.0267	-0.1062
			0.0267	0.1301	0.1095
			-0.1062	0.1095	0.3493
	==================================================================================
	Q4:
		Shape: Ellipse
		q_c:	45.5	486.0	42.0
		ub :	52.8729	492.7386	49.5019
		lb :	38.1271	479.2614	34.4981
		P^-1:
			0.0431	0.0057	-0.0126
			0.0057	0.0484	0.0004
			-0.0126	0.0004	0.0535
	==================================================================================
	Q5:
		Shape: Hybrid
		q_c:	42.5	506.5	44.0
		ub :	46.0966	509.8124	48.7979
		lb :	38.9034	503.1876	39.2021
		P^-1:
			0.3924	-0.0408	0.1273
			-0.0408	0.4126	0.0996
			0.1273	0.0996	0.1333
		A:
			-0.9627	-0.2033	-0.1784
			-0.9035	-0.0477	-0.4259
			-0.0565	-0.8271	-0.5592
			0.3919	-0.6705	-0.63
			-0.5639	0.7514	-0.3427
			-0.47	0.8249	0.3141
		b:
			-150.6695
			-80.5242
			-444.8827
			-348.7637
			342.7967
			412.6498
	==================================================================================
	Q6:
		Shape: Ellipse
		q_c:	40.0	495.5	43.0
		ub :	45.5809	501.2056	48.3384
		lb :	34.4191	489.7944	37.6616
		P^-1:
			0.087	0.0312	0.0104
			0.0312	0.1075	-0.0401
			0.0104	-0.0401	0.126


===========================================================================================
===========================================================================================
S5:
	q_c:	409.5	257.5	208.0
	ub :	421.1908	271.1525	221.5789
	lb :	402.0851	247.1581	197.3136

	==================================================================================
	Q1:
		Shape: Polyhedra
		q_c:	409.0	257.5	208.5
		ub :	415.9149	264.0035	213.7038
		lb :	402.0851	250.9965	203.2962
		A:
			-0.7298	-0.2896	-0.6193
			-0.4636	-0.0965	-0.8808
			-0.5911	-0.4833	-0.6458
			0.4913	0.2479	-0.835
			0.8523	-0.1798	0.4912
			0.5245	0.8108	0.2601
			0.5961	0.3234	0.7349
			0.651	0.3411	-0.6782
			-0.47	0.8826	-0.0072
			-0.5961	-0.3234	-0.7349
			-0.651	-0.3411	0.6782
			0.47	-0.8826	0.0072
		b:
			-500.3892
			-395.8753
			-499.113
			96.507
			407.6639
			481.064
			481.8185
			218.6678
			38.057
			-478.8185
			-206.6678
			-29.057
	==================================================================================
	Q2:
		Shape: Ellipse
		q_c:	414.0	262.0	212.0
		ub :	418.5455	265.558	216.4062
		lb :	409.4545	258.442	207.5938
		P^-1:
			0.2061	0.0793	0.1759
			0.0793	0.248	0.0066
			0.1759	0.0066	0.2897
	==================================================================================
	Q3:
		Shape: Hybrid
		q_c:	415.0	265.0	215.0
		ub :	418.439	271.1525	221.3274
		lb :	411.561	258.8475	208.6726
		P^-1:
			0.4021	0.1221	0.0093
			0.1221	0.0902	-0.0002
			0.0093	-0.0002	0.0414
		A:
			-0.961	-0.2568	-0.1027
			0.9149	0.2117	0.3438
			-0.9554	0.0526	-0.2907
			0.794	-0.0252	0.6074
			-0.9893	-0.1312	0.0637
			0.9449	0.2758	-0.1762
		b:
			-488.1186
			511.0957
			-443.3508
			455.9695
			-430.6097
			428.3768
	==================================================================================
	Q4:
		Shape: Ellipse
		q_c:	413.5	251.5	201.5
		ub :	415.8842	253.4457	205.6864
		lb :	411.1158	249.5543	197.3136
		P^-1:
			2.1227	1.8337	-0.4158
			1.8337	2.0428	-0.384
			-0.4158	-0.384	0.147
	==================================================================================
	Q5:
		Shape: Hybrid
		q_c:	414.5	252.0	215.5
		ub :	421.1908	256.8419	221.5789
		lb :	407.8092	247.1581	209.4211
		P^-1:
			0.0386	-0.0105	0.0193
			-0.0105	0.1152	-0.0476
			0.0193	-0.0476	0.1017
		A:
			0.8186	-0.498	0.2861
			0.1688	0.9208	-0.3516
			0.2409	-0.9044	0.3521
			-0.2148	0.3522	-0.911
			0.339	-0.6452	0.6847
			-0.1934	0.1783	-0.9648
		b:
			278.5369
			228.0185
			-50.6018
			-194.9442
			126.8589
			-241.2096
	==================================================================================
	Q6:
		Shape: Polyhedra
		q_c:	413.5	260.5	208.0
		ub :	419.5806	266.4603	214.7172
		lb :	407.4194	254.5397	201.2828
		A:
			0.8211	-0.4997	0.2759
			-0.975	-0.0548	0.2155
			-0.9998	0.0169	-0.0106
			-0.4468	0.2986	-0.8434
			0.4585	-0.8856	-0.0736
			0.6797	-0.0644	-0.7307
			0.8813	0.2105	0.4231
			-0.1565	-0.7149	0.6815
			0.4459	-0.6668	-0.5971
			-0.8813	-0.2105	-0.4231
			0.1565	0.7149	-0.6815
			-0.4459	0.6668	0.5971
		b:
			271.1056
			-368.2294
			-406.6865
			-277.4078
			-53.2109
			115.7561
			512.248
			-104.1618
			-111.5324
			-502.248
			114.1618
			115.5324


===========================================================================================
===========================================================================================
S6:
	q_c:	148.5	59.5	501.0
	ub :	169.1797	87.2932	521.4335
	lb :	131.55	35.6234	475.0508

	==================================================================================
	Q1:
		Shape: Polyhedra
		q_c:	149.0	52.0	495.5
		ub :	157.216	60.4701	505.8567
		lb :	140.784	43.5299	485.1433
		A:
			0.4427	-0.6946	0.567
			-0.2564	0.2991	-0.9191
			-0.5466	-0.6857	-0.4806
			0.7662	-0.6409	-0.0468
			-0.3721	-0.915	0.156
			-0.4513	0.2271	-0.863
			0.8837	0.0173	0.4676
			-0.4665	0.1105	0.8776
			-0.0365	-0.9937	0.1057
			-0.8837	-0.0173	-0.4676
			0.4665	-0.1105	-0.8776
			0.0365	0.9937	-0.1057
		b:
			317.3017
			-471.1648
			-349.0296
			64.3188
			-18.3542
			-476.9149
			368.7965
			379.5674
			2.7803
			-359.7965
			-362.5674
			12.2197
	==================================================================================
	Q2:
		Shape: Ellipse
		q_c:	153.5	47.0	502.5
		ub :	163.1719	58.3766	513.0218
		lb :	143.8281	35.6234	491.9782
		P^-1:
			0.0216	0.0041	0.0026
			0.0041	0.0239	0.0001
			0.0026	0.0001	0.0237
	==================================================================================
	Q3:
		Shape: Ellipse
		q_c:	143.0	77.0	493.5
		ub :	154.45	87.2932	506.2927
		lb :	131.55	66.7068	480.7073
		P^-1:
			0.0246	-0.0159	0.0039
			-0.0159	0.0532	-0.0322
			0.0039	-0.0322	0.0351
	==================================================================================
	Q4:
		Shape: Ellipse
		q_c:	146.0	72.0	507.0
		ub :	159.0835	78.7078	519.5036
		lb :	132.9165	65.2922	494.4964
		P^-1:
			0.0144	-0.0067	0.0032
			-0.0067	0.0478	0.0039
			0.0032	0.0039	0.015
	==================================================================================
	Q5:
		Shape: Hybrid
		q_c:	160.5	51.5	487.5
		ub :	169.1797	62.0617	499.9492
		lb :	151.8203	40.9383	475.0508
		P^-1:
			0.0523	-0.0225	-0.0015
			-0.0225	0.0533	0.0239
			-0.0015	0.0239	0.0242
		A:
			0.1845	-0.972	0.1453
			-0.8871	0.2605	0.3811
			0.7856	-0.5165	-0.3406
			-0.9228	0.3474	0.1668
			-0.8607	-0.2921	-0.4171
			0.6402	-0.6051	-0.4734
		b:
			55.8456
			60.6038
			-64.2101
			-46.335
			-353.2684
			-156.8233
	==================================================================================
	Q6:
		Shape: Hybrid
		q_c:	146.0	62.5	514.0
		ub :	153.5986	67.6937	521.4335
		lb :	138.4014	57.3063	506.5665
		P^-1:
			0.0536	-0.0283	-0.0089
			-0.0283	0.0936	0.0117
			-0.0089	0.0117	0.0369
		A:
			0.5146	-0.7845	-0.3461
			0.0954	0.9954	0.0131
			-0.0476	-0.9527	-0.3003
			0.3	0.8404	0.4514
			0.814	-0.5284	-0.2413
			-0.2973	-0.9393	0.1715
		b:
			-150.1804
			85.1556
			-218.6556
			331.2161
			-36.1549
			-11.2056


===========================================================================================
===========================================================================================
S7:
	q_c:	194.5	147.0	321.0
	ub :	210.4	173.0226	333.6871
	lb :	172.3033	121.665	304.5509

	==================================================================================
	Q1:
		Shape: Polyhedra
		q_c:	201.5	140.0	312.5
		ub :	206.4181	147.1677	320.4491
		lb :	196.5819	132.8323	304.5509
		A:
			-0.4888	0.1667	0.8563
			-0.9419	-0.2936	-0.1631
			-0.4898	0.8342	0.2533
			0.7556	0.1777	-0.6305
			-0.6421	-0.5952	-0.4832
			-0.7681	-0.0415	-0.6389
			0.8001	0.5447	0.2514
			0.5996	-0.7389	-0.3073
			0.0184	0.3966	-0.9178
			-0.8001	-0.5447	-0.2514
			-0.5996	0.7389	0.3073
			-0.0184	-0.3966	0.9178
		b:
			197.9305
			-278.765
			101.2612
			-14.8618
			-360.4574
			-355.8256
			319.029
			-74.652
			-221.0918
			-313.029
			82.652
			234.0918
	==================================================================================
	Q2:
		Shape: Hybrid
		q_c:	200.5	133.0	322.0
		ub :	210.4	143.0776	332.389
		lb :	190.6	122.9224	311.611
		P^-1:
			0.0136	0.0049	-0.0031
			0.0049	0.032	-0.0105
			-0.0031	-0.0105	0.0224
		A:
			0.5234	0.7371	-0.4274
			0.4174	0.4178	-0.807
			0.4834	-0.0378	-0.8746
			-0.075	0.3815	-0.9213
			-0.7307	-0.6556	0.1906
			-0.5644	0.39	0.7276
		b:
			68.4374
			-117.0709
			-184.7725
			-257.0552
			-168.1229
			178.7211
	==================================================================================
	Q3:
		Shape: Ellipse
		q_c:	182.0	164.0	314.0
		ub :	191.6967	173.0226	321.7594
		lb :	172.3033	154.9774	306.2406
		P^-1:
			0.0308	0.0099	0.0072
			0.0099	0.0331	-0.0012
			0.0072	-0.0012	0.046
	==================================================================================
	Q4:
		Shape: Hybrid
		q_c:	201.5	160.0	321.0
		ub :	206.6816	170.2656	329.5452
		lb :	196.3184	149.7344	312.4548
		P^-1:
			0.0894	0.0132	0.0204
			0.0132	0.028	0.0296
			0.0204	0.0296	0.0686
		A:
			0.2712	0.5295	0.8038
			0.985	-0.0176	0.1718
			-0.915	-0.3625	-0.1771
			0.9972	-0.0747	0.0068
			-0.9899	-0.0875	-0.1113
			0.894	0.3338	0.299
		b:
			399.2963
			252.7976
			-297.0741
			193.2648
			-247.3476
			331.3045
	==================================================================================
	Q5:
		Shape: Hybrid
		q_c:	180.0	154.0	319.5
		ub :	184.0393	165.4241	330.995
		lb :	175.9607	142.5759	308.005
		P^-1:
			3.6043	-1.1767	0.1837
			-1.1767	0.4035	-0.0701
			0.1837	-0.0701	0.0291
		A:
			0.9489	-0.3015	0.0933
			-0.9544	0.2849	-0.089
			0.6113	-0.6469	0.456
			-0.8435	-0.491	0.2177
			-0.9145	0.3922	-0.0989
			0.9926	-0.1186	-0.0262
		b:
			154.5759
			-155.8997
			159.4407
			-152.5035
			-135.2275
			153.3617
	==================================================================================
	Q6:
		Shape: Polyhedra
		q_c:	195.0	133.0	320.0
		ub :	207.4752	144.335	333.6871
		lb :	182.5248	121.665	306.3129
		A:
			0.5844	-0.3485	0.7328
			-0.1775	0.9158	0.3602
			-0.908	-0.2822	-0.3097
			-0.21	0.2036	-0.9562
			0.8057	-0.3308	0.4914
			0.6761	0.73	0.0995
			0.6916	0.4149	0.5912
			-0.1233	0.8743	-0.4694
			-0.7117	0.2518	0.6558
			-0.6916	-0.4149	-0.5912
			0.1233	-0.8743	0.4694
			0.7117	-0.2518	-0.6558
		b:
			308.8782
			210.5322
			-306.6097
			-312.4154
			277.5105
			267.6546
			385.735
			-50.9686
			114.5678
			-372.735
			64.9686
			-94.5678


===========================================================================================
===========================================================================================
