3D_30_7_6_f                l = 3

===========================================================================================
===========================================================================================
S1:
	q_c:	458.0	286.5	55.0
	ub :	470.8818	301.552	71.1276
	lb :	445.7456	264.1083	35.2106

	==================================================================================
	Q1:
		Shape: Polyhedra
		q_c:	450.0	285.0	64.5
		ub :	454.2544	291.8459	70.8658
		lb :	445.7456	278.1541	58.1342
		A:
			-0.3668	-0.0582	0.9285
			-0.228	0.4002	0.8876
			0.7597	-0.3688	-0.5356
			0.6435	-0.5144	-0.5668
			0.5466	-0.4461	-0.7087
			0.8578	-0.2819	-0.4298
			0.7102	0.4887	0.5068
			0.0642	-0.7617	0.6447
			0.7011	-0.4253	-0.5723
			-0.7102	-0.4887	-0.5068
			-0.0642	0.7617	-0.6447
			-0.7011	0.4253	0.5723
		b:
			-118.221
			71.517
			202.9014
			107.1592
			74.255
			279.3174
			496.5514
			-141.1304
			157.8595
			-486.5514
			152.1304
			-156.8595
	==================================================================================
	Q2:
		Shape: Hybrid
		q_c:	464.0	279.5	55.5
		ub :	470.8818	284.0936	62.3779
		lb :	457.1182	274.9064	48.6221
		P^-1:
			0.0946	-0.0648	0.059
			-0.0648	0.1607	-0.0679
			0.059	-0.0679	0.0903
		A:
			0.4723	-0.7892	0.3926
			0.537	-0.6317	0.5591
			-0.2469	0.6342	-0.7327
			-0.5179	0.5565	-0.6497
			0.1155	0.8739	-0.4722
			-0.313	-0.4728	0.8237
		b:
			21.4136
			104.6873
			23.7116
			-119.6371
			273.838
			-228.1097
	==================================================================================
	Q3:
		Shape: Polyhedra
		q_c:	456.5	286.0	50.0
		ub :	462.7112	291.66	56.1222
		lb :	450.2888	280.34	43.8778
		A:
			-0.6077	0.6855	0.401
			0.0893	0.1975	0.9762
			-0.1174	-0.4126	0.9033
			-0.4085	0.1264	-0.904
			-0.2447	0.2855	-0.9266
			-0.471	0.0787	-0.8786
			0.0692	0.722	0.6884
			-0.9844	-0.0625	0.1646
			0.1618	-0.6891	0.7064
			-0.0692	-0.722	-0.6884
			0.9844	0.0625	-0.1646
			-0.1618	0.6891	-0.7064
		b:
			-56.5073
			150.1339
			-122.9654
			-191.8384
			-73.0165
			-232.5679
			277.0152
			-453.5219
			-84.8783
			-268.0152
			464.5219
			90.8783
	==================================================================================
	Q4:
		Shape: Hybrid
		q_c:	460.5	272.5	64.0
		ub :	469.2177	280.8917	71.1276
		lb :	451.7823	264.1083	56.8724
		P^-1:
			0.0378	0.0066	-0.0105
			0.0066	0.0325	-0.0091
			-0.0105	-0.0091	0.053
		A:
			-0.5057	-0.2428	-0.8279
			0.1578	-0.8095	0.5655
			-0.6689	-0.4894	0.5595
			0.9178	0.255	-0.3044
			-0.9832	-0.1822	-0.008
			-0.0003	-0.3514	-0.9362
		b:
			-348.6745
			-108.5719
			-403.3515
			475.392
			-499.72
			-152.7705
	==================================================================================
	Q5:
		Shape: Polyhedra
		q_c:	458.5	292.5	44.0
		ub :	467.9968	301.552	52.7894
		lb :	449.0032	283.448	35.2106
		A:
			0.6682	-0.6622	-0.3393
			0.6694	0.6002	0.4378
			-0.1682	0.3084	0.9363
			0.6888	0.0696	-0.7216
			-0.4522	0.5589	0.6951
			-0.9545	-0.199	0.2222
			0.6235	0.7076	0.3325
			0.6405	-0.2186	-0.7362
			-0.4482	0.672	-0.5895
			-0.6235	-0.7076	-0.3325
			-0.6405	0.2186	0.7362
			0.4482	-0.672	0.5895
		b:
			102.7807
			508.2041
			59.5881
			309.5461
			-8.076
			-480.3519
			513.9855
			202.3701
			-29.9002
			-500.9855
			-192.3701
			39.9002
	==================================================================================
	Q6:
		Shape: Polyhedra
		q_c:	459.0	278.5	50.5
		ub :	465.3964	285.3309	57.9868
		lb :	452.6036	271.6691	43.0132
		A:
			-0.4852	0.6638	-0.5692
			0.6181	0.7859	0.0183
			-0.7194	0.6565	-0.2269
			-0.7314	0.482	0.4825
			-0.6321	0.7676	-0.1066
			-0.9996	0.0135	-0.0241
			0.2689	0.723	0.6363
			0.6593	0.3435	-0.6689
			-0.7022	0.5994	-0.3843
			-0.2689	-0.723	-0.6363
			-0.6593	-0.3435	0.6689
			0.7022	-0.5994	0.3843
		b:
			-63.7692
			508.4942
			-156.2409
			-172.8697
			-78.852
			-452.3796
			361.9319
			369.4795
			-172.2792
			-351.9319
			-359.4795
			177.2792


===========================================================================================
===========================================================================================
S2:
	q_c:	416.0	245.5	412.0
	ub :	417.3322	247.7931	414.9134
	lb :	414.0587	244.0106	409.5467

	==================================================================================
	Q1:
		Shape: Ellipse
		q_c:	415.5	245.5	411.0
		ub :	416.9413	246.5985	412.4533
		lb :	414.0587	244.4015	409.5467
		P^-1:
			1.9078	1.1277	0.7923
			1.1277	2.4008	0.9841
			0.7923	0.9841	1.6914
	==================================================================================
	Q2:
		Shape: Polyhedra
		q_c:	416.5	247.0	411.5
		ub :	417.2539	247.6008	412.2008
		lb :	415.7461	246.3992	410.7992
		A:
			-0.1878	-0.7367	-0.6497
			-0.7241	0.6796	-0.1178
			0.2685	0.4815	0.8343
			0.2996	0.415	-0.8591
			-0.9375	-0.3131	-0.1521
			-0.4903	0.211	-0.8457
			0.8752	0.1953	0.4426
			-0.4466	-0.0259	0.8944
			0.1861	-0.9804	0.0646
			-0.8752	-0.1953	-0.4426
			0.4466	0.0259	-0.8944
			-0.1861	0.9804	-0.0646
		b:
			-527.0125
			-181.7212
			574.5815
			-125.7134
			-529.8753
			-499.5597
			595.3922
			176.1409
			-137.5836
			-594.3922
			-175.1409
			138.5836
	==================================================================================
	Q3:
		Shape: Ellipse
		q_c:	416.0	245.5	413.5
		ub :	416.6753	246.9444	414.9134
		lb :	415.3247	244.0556	412.0866
		P^-1:
			3.9251	-0.4274	0.1909
			-0.4274	1.0624	-0.0279
			0.1909	-0.0279	1.0125
	==================================================================================
	Q4:
		Shape: Polyhedra
		q_c:	415.5	245.5	412.0
		ub :	416.735	246.9894	413.8856
		lb :	414.265	244.0106	410.1144
		A:
			-0.4823	-0.8354	-0.2637
			-0.401	-0.5882	0.7023
			-0.8264	-0.5622	-0.0312
			-0.3783	0.9128	0.1542
			-0.3396	0.8102	-0.4777
			0.0043	0.9873	0.1589
			0.1378	0.3622	0.9218
			-0.9897	0.014	0.1424
			0.0387	-0.932	0.3604
			-0.1378	-0.3622	-0.9218
			0.9897	-0.014	-0.1424
			-0.0387	0.932	-0.3604
		b:
			-512.9271
			-20.5968
			-493.181
			131.5596
			-137.9759
			310.7651
			527.4771
			-348.1097
			-63.226
			-524.4771
			350.1097
			65.226
	==================================================================================
	Q5:
		Shape: Ellipse
		q_c:	416.5	247.0	412.5
		ub :	417.3322	247.7931	413.3565
		lb :	415.6678	246.2069	411.6435
		P^-1:
			4.0	-0.0	0.0
			-0.0	4.0	0.0
			0.0	0.0	4.0
	==================================================================================
	Q6:
		Shape: Polyhedra
		q_c:	415.5	247.0	411.5
		ub :	416.162	247.6418	412.1498
		lb :	414.838	246.3582	410.8502
		A:
			-0.2575	0.6903	-0.6762
			0.6781	-0.5206	0.5188
			0.4029	-0.8969	-0.1823
			-0.5733	-0.8188	-0.0304
			0.9393	0.2446	0.2408
			-0.5742	0.6795	-0.4568
			0.1964	0.1223	0.9729
			-0.9673	0.1864	0.1719
			-0.1603	-0.9748	0.155
			-0.1964	-0.1223	-0.9729
			0.9673	-0.1864	-0.1719
			0.1603	0.9748	-0.155
		b:
			-214.2171
			367.1623
			-128.6162
			-452.4368
			550.2484
			-258.2159
			512.6616
			-284.6559
			-243.1351
			-511.6616
			285.6559
			244.1351


===========================================================================================
===========================================================================================
S3:
	q_c:	326.5	44.0	145.5
	ub :	348.9854	63.2436	159.2439
	lb :	309.5606	17.2368	125.788

	==================================================================================
	Q1:
		Shape: Polyhedra
		q_c:	317.5	27.5	131.5
		ub :	323.9648	34.2882	137.212
		lb :	311.0352	20.7118	125.788
		A:
			0.1741	0.249	0.9527
			0.3196	0.7488	0.5807
			-0.2536	0.8528	-0.4564
			-0.0811	-0.7895	-0.6084
			0.6606	-0.1197	0.7411
			-0.7491	-0.2626	-0.6082
			0.578	0.3617	0.7315
			-0.4914	-0.5613	0.6659
			0.6515	-0.7443	-0.1467
			-0.578	-0.3617	-0.7315
			0.4914	0.5613	-0.6659
			-0.6515	0.7443	0.1467
		b:
			190.3965
			201.1025
			-112.4316
			-124.5066
			306.6465
			-322.8471
			291.6478
			-78.3994
			171.0921
			-287.6478
			89.3994
			-163.0921
	==================================================================================
	Q2:
		Shape: Polyhedra
		q_c:	322.0	56.0	152.0
		ub :	328.8026	63.2436	159.2439
		lb :	315.1974	48.7564	144.7561
		A:
			0.6593	0.2816	0.6972
			0.8925	-0.3058	0.3316
			0.3661	-0.0753	-0.9275
			-0.3878	-0.8657	-0.3165
			-0.2919	-0.6816	0.671
			-0.3559	-0.9149	0.1906
			0.0618	0.1078	0.9923
			-0.5057	0.8605	-0.0619
			-0.8605	-0.4979	0.1077
			-0.0618	-0.1078	-0.9923
			0.5057	-0.8605	0.0619
			0.8605	0.4979	-0.1077
		b:
			339.788
			325.7167
			-21.1063
			-216.3879
			-24.8254
			-132.1484
			183.2671
			-119.0597
			-284.0941
			-170.2671
			129.0597
			293.0941
	==================================================================================
	Q3:
		Shape: Polyhedra
		q_c:	325.5	38.5	146.5
		ub :	334.6636	46.6008	153.3055
		lb :	316.3364	30.3992	139.6945
		A:
			-0.6613	-0.6751	0.327
			-0.1011	-0.2682	-0.958
			-0.2109	0.2398	0.9476
			0.7491	-0.106	0.654
			0.7278	-0.4034	0.5545
			0.1258	-0.9181	-0.3758
			0.4186	0.0728	0.9052
			-0.845	-0.334	0.4177
			0.3328	-0.9398	-0.0783
			-0.4186	-0.0728	-0.9052
			0.845	0.334	-0.4177
			-0.3328	0.9398	0.0783
		b:
			-186.9085
			-179.2244
			84.4267
			340.0818
			307.5485
			-43.6561
			275.6874
			-220.2175
			66.662
			-267.6874
			233.2175
			-54.662
	==================================================================================
	Q4:
		Shape: Polyhedra
		q_c:	340.0	41.0	139.0
		ub :	343.0748	48.143	145.0044
		lb :	336.9252	33.857	132.9956
		A:
			0.9321	0.1965	-0.3042
			-0.9135	0.3399	0.2236
			0.9965	0.0834	0.0044
			-0.6677	0.3574	-0.653
			-0.676	-0.3121	0.6675
			0.9346	-0.0698	0.3488
			0.1045	0.2675	0.9579
			-0.19	0.9508	-0.2448
			-0.9762	-0.1564	0.1502
			-0.1045	-0.2675	-0.9579
			0.19	-0.9508	0.2448
			0.9762	0.1564	-0.1502
		b:
			284.3843
			-262.4663
			344.5645
			-298.4463
			-146.6677
			366.3807
			184.1567
			-53.6461
			-315.9395
			-175.1567
			65.6461
			318.9395
	==================================================================================
	Q5:
		Shape: Hybrid
		q_c:	340.5	25.5	141.0
		ub :	348.9854	33.7632	148.5119
		lb :	332.0146	17.2368	133.4881
		P^-1:
			0.0229	0.0016	-0.0079
			0.0016	0.0187	-0.005
			-0.0079	-0.005	0.046
		A:
			0.2366	-0.4498	0.8612
			-0.2502	0.2027	-0.9467
			0.1193	0.4368	-0.8916
			0.986	-0.0931	-0.1385
			0.7035	-0.2919	-0.648
			-0.7867	0.5951	0.1644
		b:
			193.7955
			-210.4639
			-71.328
			318.2424
			144.2789
			-224.6988
	==================================================================================
	Q6:
		Shape: Polyhedra
		q_c:	317.5	37.5	145.0
		ub :	325.4394	43.418	152.3703
		lb :	309.5606	31.582	137.6297
		A:
			-0.6705	0.2747	0.6892
			-0.3386	0.3379	-0.8781
			0.4962	0.1541	-0.8544
			-0.3623	0.8942	0.2631
			0.0113	0.9478	-0.3187
			-0.5208	0.8402	0.1512
			0.8884	0.1778	0.4234
			-0.3389	-0.3683	0.8657
			0.3098	-0.9125	-0.267
			-0.8884	-0.1778	-0.4234
			0.3389	0.3683	-0.8657
			-0.3098	0.9125	0.267
		b:
			-98.4066
			-217.0818
			43.9059
			-39.8294
			-3.1573
			-108.2023
			356.1044
			8.6296
			28.9436
			-344.1044
			0.3704
			-21.9436


===========================================================================================
===========================================================================================
S4:
	q_c:	178.5	127.5	516.5
	ub :	198.7755	143.1682	538.393
	lb :	170.497	108.5887	501.736

	==================================================================================
	Q1:
		Shape: Polyhedra
		q_c:	186.5	135.5	512.5
		ub :	194.4803	143.1682	517.3807
		lb :	178.5197	127.8318	507.6193
		A:
			-0.5571	0.7731	0.3033
			-0.8386	-0.4536	-0.3017
			0.1692	-0.049	-0.9844
			0.2242	0.3374	0.9143
			0.2457	-0.5182	-0.8192
			-0.0116	0.949	-0.3149
			0.2354	0.4878	0.8406
			0.5066	0.6765	-0.5345
			-0.8294	0.5516	-0.0879
			-0.2354	-0.4878	-0.8406
			-0.5066	-0.6765	0.5345
			0.8294	-0.5516	0.0879
		b:
			161.5504
			-368.2435
			-476.2227
			558.2552
			-440.9805
			-29.7141
			542.8115
			-82.7757
			-118.9684
			-538.8115
			92.7757
			130.9684
	==================================================================================
	Q2:
		Shape: Polyhedra
		q_c:	182.0	123.5	530.5
		ub :	190.4641	131.9615	538.393
		lb :	173.5359	115.0385	522.607
		A:
			0.2383	0.6838	0.6896
			-0.5364	0.8274	0.1666
			-0.6064	-0.6223	-0.4949
			0.7721	0.1738	0.6113
			0.6353	-0.2222	0.7396
			-0.2001	0.8625	-0.4648
			0.4287	0.7813	0.4537
			-0.7984	0.5626	-0.2146
			-0.4229	-0.2702	0.8649
			-0.4287	-0.7813	-0.4537
			0.7984	-0.5626	0.2146
			0.4229	0.2702	-0.8649
		b:
			499.1249
			98.0602
			-444.3204
			491.5535
			485.6354
			-171.3925
			420.6969
			-184.6556
			353.4951
			-409.6969
			194.6556
			-343.4951
	==================================================================================
	Q3:
		Shape: Polyhedra
		q_c:	176.5	118.5	512.5
		ub :	182.503	127.4041	521.1306
		lb :	170.497	109.5959	503.8694
		A:
			0.0557	-0.9175	-0.3939
			0.8371	-0.1993	0.5094
			-0.3115	-0.2058	0.9277
			0.519	0.389	0.7611
			0.8348	0.4742	-0.2798
			-0.9102	-0.4091	0.0644
			0.8755	0.1287	0.4657
			-0.4575	0.5312	0.7131
			-0.1556	-0.8374	0.524
			-0.8755	-0.1287	-0.4657
			0.4575	-0.5312	-0.7131
			0.1556	0.8374	-0.524
		b:
			-295.1707
			388.8062
			402.1399
			531.4097
			65.5273
			-171.5562
			411.4696
			352.6853
			148.8389
			-405.4696
			-342.6853
			-134.8389
	==================================================================================
	Q4:
		Shape: Polyhedra
		q_c:	188.0	117.5	510.0
		ub :	196.0603	126.4113	518.264
		lb :	179.9397	108.5887	501.736
		A:
			0.9858	-0.1444	0.086
			0.1707	0.2638	-0.9494
			0.154	-0.5267	0.836
			0.5307	0.2159	-0.8196
			-0.4148	-0.7433	0.5248
			0.7976	0.2768	-0.5359
			0.0522	0.5795	0.8133
			0.3288	0.759	-0.562
			-0.9429	0.2967	-0.151
			-0.0522	-0.5795	-0.8133
			-0.3288	-0.759	0.562
			0.9429	-0.2967	0.151
		b:
			218.6578
			-415.8795
			398.8145
			-287.5554
			107.3547
			-85.2566
			498.1752
			-130.5957
			-212.8973
			-487.1752
			140.5957
			225.8973
	==================================================================================
	Q5:
		Shape: Polyhedra
		q_c:	192.5	117.0	521.5
		ub :	198.7755	124.1004	525.5803
		lb :	186.2245	109.8996	517.4197
		A:
			-0.4973	-0.0496	-0.8662
			0.87	-0.493	-0.0044
			0.9355	-0.2089	-0.2849
			0.1714	-0.4355	-0.8837
			-0.3929	0.1407	0.9087
			-0.9154	-0.3863	0.1132
			0.8758	0.2994	0.3787
			-0.3728	-0.0791	0.9246
			0.3068	-0.9508	0.0424
			-0.8758	-0.2994	-0.3787
			0.3728	0.0791	-0.9246
			-0.3068	0.9508	-0.0424
		b:
			-549.6704
			112.6057
			11.2235
			-475.2448
			417.5073
			-158.6301
			405.1031
			403.6452
			-24.1048
			-397.1031
			-398.6452
			36.1048
	==================================================================================
	Q6:
		Shape: Polyhedra
		q_c:	185.5	125.5	528.5
		ub :	193.3078	133.1953	536.0151
		lb :	177.6922	117.8047	520.9849
		A:
			-0.2697	0.6689	0.6927
			-0.778	-0.6283	0.0025
			0.4536	-0.4074	0.7926
			0.3081	-0.5444	-0.7801
			0.2769	-0.8427	-0.4617
			0.9728	-0.0573	0.2246
			0.4666	0.5453	0.6963
			0.7109	0.2372	-0.6621
			-0.5262	0.804	-0.277
			-0.4666	-0.5453	-0.6963
			-0.7109	-0.2372	0.6621
			0.5262	-0.804	0.277
		b:
			404.7766
			-217.3101
			456.8496
			-418.8158
			-293.4787
			296.7045
			528.009
			-184.2887
			-138.1144
			-518.009
			192.2887
			148.1144


===========================================================================================
===========================================================================================
S5:
	q_c:	133.0	105.5	411.5
	ub :	152.6005	121.5425	428.2654
	lb :	120.1313	84.1136	400.1639

	==================================================================================
	Q1:
		Shape: Polyhedra
		q_c:	126.5	115.0	417.5
		ub :	132.8687	121.5425	422.4654
		lb :	120.1313	108.4575	412.5346
		A:
			0.2188	0.3363	0.916
			-0.9503	-0.1137	0.2897
			-0.3412	0.5763	0.7426
			-0.7498	0.2648	0.6064
			-0.0423	-0.4004	-0.9153
			0.5712	0.5779	0.583
			0.1426	0.5324	0.8344
			0.681	0.559	-0.473
			-0.7183	0.6357	-0.2828
			-0.1426	-0.5324	-0.8344
			-0.681	-0.559	0.473
			0.7183	-0.6357	0.2828
		b:
			451.5121
			-8.5235
			336.4793
			192.6138
			-431.0519
			384.8364
			430.1318
			-44.5612
			-129.8301
			-425.1318
			49.5612
			141.8301
	==================================================================================
	Q2:
		Shape: Hybrid
		q_c:	137.0	92.0	421.5
		ub :	142.8899	99.8864	428.2654
		lb :	131.1101	84.1136	414.7346
		P^-1:
			0.086	-0.0355	-0.0143
			-0.0355	0.0529	0.0007
			-0.0143	0.0007	0.0494
		A:
			0.7108	-0.7028	-0.0267
			0.7905	-0.2284	-0.5682
			0.9577	-0.237	0.1631
			0.5158	-0.425	-0.7439
			-0.6327	0.7743	-0.0095
			0.2775	0.7739	-0.5692
		b:
			23.1558
			-150.3494
			180.3556
			-279.6617
			-17.5429
			-127.2011
	==================================================================================
	Q3:
		Shape: Hybrid
		q_c:	130.0	95.0	421.0
		ub :	135.8174	101.5287	427.3511
		lb :	124.1826	88.4713	414.6489
		P^-1:
			0.0755	-0.0055	-0.008
			-0.0055	0.0635	0.0076
			-0.008	0.0076	0.0545
		A:
			0.0489	0.9833	-0.1755
			-0.3413	0.2282	-0.9118
			-0.2947	0.949	-0.1121
			0.162	-0.4292	-0.8885
			-0.2702	-0.895	0.3549
			0.1343	0.929	-0.3449
		b:
			28.2641
			-403.8464
			6.8901
			-391.5524
			31.7083
			-37.0328
	==================================================================================
	Q4:
		Shape: Polyhedra
		q_c:	144.5	111.5	416.5
		ub :	152.6005	119.7032	423.3316
		lb :	136.3995	103.2968	409.6684
		A:
			0.3234	-0.8312	0.4522
			-0.6862	0.5646	-0.4586
			-0.4408	-0.6683	-0.5993
			0.3058	-0.7187	0.6245
			-0.2014	0.791	0.5777
			0.446	-0.8637	0.2349
			0.4508	0.8481	0.2784
			0.8132	-0.2617	-0.5198
			-0.3679	0.4608	-0.8077
			-0.4508	-0.8481	-0.2784
			-0.8132	0.2617	0.5198
			0.3679	-0.4608	0.8077
		b:
			146.4321
			-223.6725
			-381.6216
			227.6468
			305.5886
			70.4294
			282.1706
			-123.1437
			-335.1858
			-269.1706
			133.1437
			341.1858
	==================================================================================
	Q5:
		Shape: Hybrid
		q_c:	138.0	108.5	408.5
		ub :	144.3931	116.3627	416.8361
		lb :	131.6069	100.6373	400.1639
		P^-1:
			0.0821	-0.0785	-0.0544
			-0.0785	0.1392	0.0819
			-0.0544	0.0819	0.0769
		A:
			-0.1621	-0.3176	-0.9343
			0.6185	-0.7336	-0.2817
			0.6854	-0.6996	-0.202
			0.4546	-0.849	-0.2694
			-0.7572	0.4793	0.4437
			0.028	-0.9627	0.2692
		b:
			-434.0971
			-107.7828
			-61.9174
			-137.7809
			130.6145
			14.1287
	==================================================================================
	Q6:
		Shape: Hybrid
		q_c:	139.5	112.5	418.5
		ub :	145.7696	117.6955	424.7794
		lb :	133.2304	107.3045	412.2206
		P^-1:
			0.1003	0.0401	0.0339
			0.0401	0.1026	0.027
			0.0339	0.027	0.0596
		A:
			0.3823	0.8346	0.3965
			0.1802	0.9625	-0.2027
			0.5837	0.7804	0.2244
			-0.2646	-0.5992	-0.7557
			0.8205	-0.2327	0.5221
			-0.2249	-0.5078	-0.8316
		b:
			314.6436
			50.961
			264.5159
			-418.4785
			309.0858
			-434.1797


===========================================================================================
===========================================================================================
S6:
	q_c:	183.5	524.5	119.0
	ub :	201.4582	537.5876	135.4688
	lb :	170.1647	505.0919	99.5358

	==================================================================================
	Q1:
		Shape: Hybrid
		q_c:	178.0	519.0	108.5
		ub :	185.8353	527.5458	117.4642
		lb :	170.1647	510.4542	99.5358
		P^-1:
			0.0437	0.0029	-0.0072
			0.0029	0.0339	-0.002
			-0.0072	-0.002	0.038
		A:
			-0.3145	0.9489	-0.0245
			-0.0137	0.0012	0.9999
			0.1825	0.9256	-0.3316
			-0.6308	-0.6661	0.3981
			0.6189	-0.3697	-0.693
			-0.8093	-0.5761	0.1143
		b:
			437.1157
			109.6417
			479.8727
			-412.2531
			-154.2425
			-428.1095
	==================================================================================
	Q2:
		Shape: Polyhedra
		q_c:	193.5	529.0	126.0
		ub :	201.4582	537.5876	135.0855
		lb :	185.5418	520.4124	116.9145
		A:
			-0.7287	0.3982	0.5572
			0.7816	-0.4639	-0.4171
			0.452	-0.4448	0.7732
			-0.3356	0.4045	-0.8507
			0.5617	-0.763	-0.3198
			-0.0289	0.3544	0.9347
			0.2317	0.6139	0.7546
			-0.6739	0.6607	-0.3305
			-0.7015	-0.432	0.5668
			-0.2317	-0.6139	-0.7546
			0.6739	-0.6607	0.3305
			0.7015	0.432	-0.5668
		b:
			145.1611
			-141.7437
			-46.0997
			46.5172
			-330.5862
			305.639
			470.6543
			180.9773
			-286.8437
			-458.6543
			-173.9773
			298.8437
	==================================================================================
	Q3:
		Shape: Ellipse
		q_c:	186.5	524.5	107.0
		ub :	192.3492	530.5844	111.1215
		lb :	180.6508	518.4156	102.8785
		P^-1:
			0.0499	0.0107	0.0432
			0.0107	0.0517	0.0469
			0.0432	0.0469	0.2284
	==================================================================================
	Q4:
		Shape: Ellipse
		q_c:	195.5	522.0	130.5
		ub :	199.5387	526.0536	133.9341
		lb :	191.4613	517.9464	127.0659
		P^-1:
			0.1454	0.0055	-0.0507
			0.0055	0.2323	-0.1432
			-0.0507	-0.1432	0.3379
	==================================================================================
	Q5:
		Shape: Hybrid
		q_c:	184.5	522.0	129.0
		ub :	191.0669	529.1603	135.4688
		lb :	177.9331	514.8397	122.5312
		P^-1:
			0.0602	0.021	0.0238
			0.021	0.0643	0.0204
			0.0238	0.0204	0.076
		A:
			-0.753	-0.0433	-0.6566
			0.7618	0.3157	-0.5657
			-0.0262	0.3023	0.9528
			0.8895	0.1934	-0.4141
			0.8856	0.4488	0.1197
			0.5102	-0.2428	-0.8251
		b:
			-244.1441
			235.5406
			278.1719
			214.8409
			415.4187
			-135.9378
	==================================================================================
	Q6:
		Shape: Ellipse
		q_c:	193.0	515.0	122.0
		ub :	201.4034	524.9081	129.2267
		lb :	184.5966	505.0919	114.7733
		P^-1:
			0.0316	0.0043	-0.0025
			0.0043	0.0209	0.0053
			-0.0025	0.0053	0.0383


===========================================================================================
===========================================================================================
S7:
	q_c:	403.0	23.0	373.0
	ub :	423.5561	51.5471	395.7856
	lb :	383.662	-7.0925	349.9483

	==================================================================================
	Q1:
		Shape: Hybrid
		q_c:	399.0	13.0	389.0
		ub :	407.7341	21.4673	395.7856
		lb :	390.2659	4.5327	382.2144
		P^-1:
			0.0398	-0.0004	-0.0126
			-0.0004	0.0395	-0.0104
			-0.0126	-0.0104	0.051
		A:
			0.5361	-0.7417	0.403
			-0.4817	0.2552	0.8384
			0.2408	-0.3868	0.8902
			-0.687	-0.3553	0.6338
			0.2309	0.0243	-0.9727
			-0.8944	-0.416	-0.1641
		b:
			363.9676
			139.7375
			440.0218
			-29.9876
			-283.543
			-422.4919
	==================================================================================
	Q2:
		Shape: Hybrid
		q_c:	393.0	41.5	383.0
		ub :	402.338	49.7739	391.0903
		lb :	383.662	33.2261	374.9097
		P^-1:
			0.0379	0.0195	-0.0019
			0.0195	0.0467	0.0048
			-0.0019	0.0048	0.0314
		A:
			0.5865	-0.4345	0.6835
			-0.5678	-0.5	-0.6539
			0.2796	-0.8932	-0.3522
			-0.5488	-0.7006	-0.4561
			-0.0361	-0.6588	-0.7515
			0.0926	-0.7309	-0.6762
		b:
			479.0775
			-491.4849
			-58.3655
			-417.1168
			-326.3222
			-249.7564
	==================================================================================
	Q3:
		Shape: Hybrid
		q_c:	401.5	40.5	359.5
		ub :	411.3875	51.5471	369.0517
		lb :	391.6125	29.4529	349.9483
		P^-1:
			0.0469	-0.017	-0.0268
			-0.017	0.0278	0.0157
			-0.0268	0.0157	0.0425
		A:
			0.4009	-0.9066	-0.1322
			-0.5332	0.0221	0.8457
			-0.6857	-0.3027	0.662
			-0.6627	0.5806	0.473
			0.2689	-0.6789	-0.6832
			-0.5179	-0.8488	-0.1063
		b:
			80.7885
			93.6928
			-45.7696
			-70.4552
			-162.152
			-274.8148
	==================================================================================
	Q4:
		Shape: Polyhedra
		q_c:	409.0	4.5	367.0
		ub :	420.1502	16.0925	378.1932
		lb :	397.8498	-7.0925	355.8068
		A:
			0.819	-0.2689	-0.5069
			0.4017	-0.7603	-0.5104
			0.4073	-0.83	-0.3811
			-0.3759	-0.1722	-0.9105
			0.7398	-0.5242	0.4218
			-0.5745	0.815	0.0756
			0.6383	0.7425	0.2032
			0.7516	-0.6582	0.0441
			0.1665	0.1246	-0.9781
			-0.6383	-0.7425	-0.2032
			-0.7516	0.6582	-0.0441
			-0.1665	-0.1246	0.9781
		b:
			154.2193
			-19.6697
			29.3506
			-479.1731
			459.9215
			-199.1209
			349.9976
			324.1018
			-281.3195
			-327.9976
			-317.1018
			299.3195
	==================================================================================
	Q5:
		Shape: Ellipse
		q_c:	410.0	26.5	378.5
		ub :	420.4228	36.2912	387.0935
		lb :	399.5772	16.7088	369.9065
		P^-1:
			0.0286	-0.0183	-0.0001
			-0.0183	0.0332	-0.0008
			-0.0001	-0.0008	0.0177
	==================================================================================
	Q6:
		Shape: Polyhedra
		q_c:	416.5	5.5	374.0
		ub :	423.5561	10.9739	385.4332
		lb :	409.4439	0.0261	362.5668
		A:
			0.5599	-0.8148	0.15
			-0.6963	0.5763	-0.4279
			0.7096	-0.6552	0.2592
			0.3166	0.9482	-0.0255
			0.4474	-0.8826	0.1443
			0.8097	-0.554	0.1935
			0.7849	0.6101	0.1083
			0.5701	-0.7796	0.2593
			0.2426	-0.1417	-0.9597
			-0.7849	-0.6101	-0.1083
			-0.5701	0.7796	-0.2593
			-0.2426	0.1417	0.9597
		b:
			286.7285
			-444.3493
			390.5794
			131.3486
			237.4317
			408.8082
			375.2835
			331.6388
			-247.6628
			-366.2835
			-328.6388
			269.6628


===========================================================================================
===========================================================================================
