3D_30_15_6_c                l = 3

===========================================================================================
===========================================================================================
S1:
	q_c:    468.5000    73.5000    469.0000
	ub :    483.0000    106.0000    476.0000
	lb :    454.0000    41.0000    462.0000

	==================================================================================
	Q1:
		Shape: Ellipse
		q_c:    466.0000    72.0000    465.0000
		ub :    470.7077    76.3479    468.7663
		lb :    461.2923    67.6521    461.2337
		P^-1: 
			    0.1256    0.0379    0.0039
			    0.0379    0.1151    0.0080
			    0.0039    0.0080    0.1121
	==================================================================================
	Q2:
		Shape: Polyhedra
		q_c:    467.0000    79.5000    471.5000
		ub :    471.6523    84.5151    476.1837
		lb :    462.3477    74.4849    466.8163
		A:
			    0.4797    -0.5145    -0.7107
			    -0.5445    0.4712    -0.6939
			    -0.5171    0.7923    0.3238
			    -0.1391    -0.3651    0.9205
			    -0.7908    0.5520    -0.2646
			    -0.0766    -0.6883    -0.7214
			    0.3574    0.0269    0.9335
			    -0.9233    0.1603    0.3489
			    -0.1403    -0.9867    0.0821
			    -0.3574    -0.0269    -0.9335
			    0.9233    -0.1603    -0.3489
			    0.1403    0.9867    -0.0821
		b:
			    -148.5985
			    -540.3274
			    -22.0453
			    343.6900
			    -446.6544
			    -426.7331
			    612.7308
			    -250.9384
			    -100.7362
			    -605.7308
			    256.9384
			    109.7362
	==================================================================================
	Q3:
		Shape: Polyhedra
		q_c:    464.0000    68.0000    472.5000
		ub :    471.5083    74.5543    479.1204
		lb :    456.4917    61.4457    465.8796
		A:
			    -0.0371    -0.7906    0.6112
			    -0.2470    0.9451    0.2140
			    -0.0157    -0.8480    0.5297
			    -0.0661    -0.9964    -0.0535
			    0.1373    -0.6572    -0.7411
			    0.4031    0.8964    -0.1843
			    0.5250    0.8062    0.2729
			    0.3839    0.0619    -0.9213
			    -0.7596    0.5885    -0.2770
			    -0.5250    -0.8062    -0.2729
			    -0.3839    -0.0619    0.9213
			    0.7596    -0.5885    0.2770
		b:
			    222.2920
			    55.2783
			    189.8330
			    -119.2277
			    -326.6196
			    165.4077
			    431.8746
			    -248.4763
			    -438.8172
			    -422.8746
			    257.4763
			    447.8172
	==================================================================================
	Q4:
		Shape: Polyhedra
		q_c:    472.5000    69.5000    477.5000
		ub :    476.6803    73.6754    481.9506
		lb :    468.3197    65.3246    473.0494
		A:
			    -0.0705    -0.2984    0.9518
			    -0.6945    0.1105    -0.7109
			    -0.1859    0.8727    0.4516
			    -0.6020    0.5986    -0.5285
			    0.5051    -0.8425    0.1871
			    -0.3729    -0.1379    -0.9176
			    0.2657    0.8428    0.4680
			    0.9363    -0.1100    -0.3336
			    -0.2297    0.5268    -0.8184
			    -0.2657    -0.8428    -0.4680
			    -0.9363    0.1100    0.3336
			    0.2297    -0.5268    0.8184
		b:
			    403.0280
			    -657.2681
			    191.4322
			    -492.5950
			    272.2064
			    -621.1927
			    410.5891
			    278.4484
			    -460.2008
			    -404.5891
			    -272.4484
			    465.2008
	==================================================================================
	Q5:
		Shape: Polyhedra
		q_c:    470.0000    68.0000    468.0000
		ub :    474.2181    72.6314    472.8635
		lb :    465.7819    63.3686    463.1365
		A:
			    -0.2101    0.0414    -0.9768
			    0.9077    0.4090    0.0933
			    0.7086    -0.3428    0.6168
			    0.2420    0.5913    0.7693
			    0.9412    -0.3122    0.1294
			    -0.1967    -0.5930    -0.7808
			    0.7474    0.1111    0.6550
			    -0.6644    0.1159    0.7384
			    0.0061    -0.9870    0.1604
			    -0.7474    -0.1111    -0.6550
			    0.6644    -0.1159    -0.7384
			    -0.0061    0.9870    -0.1604
		b:
			    -550.1374
			    501.1168
			    601.2337
			    517.0792
			    484.7301
			    -495.0523
			    667.8832
			    44.6856
			    14.8139
			    -662.8832
			    -37.6856
			    -6.8139
	==================================================================================
	Q6:
		Shape: Ellipse
		q_c:    470.5000    77.0000    463.5000
		ub :    475.2817    82.1367    469.1179
		lb :    465.7183    71.8633    457.8821
		P^-1: 
			    0.1398    -0.0093    -0.0319
			    -0.0093    0.1102    0.0276
			    -0.0319    0.0276    0.0705


===========================================================================================
===========================================================================================
S2:
	q_c:    360.5000    500.5000    178.5000
	ub :    387.0000    526.0000    187.0000
	lb :    334.0000    475.0000    170.0000

	==================================================================================
	Q1:
		Shape: Polyhedra
		q_c:    367.5000    503.0000    186.0000
		ub :    374.0578    509.2857    190.7320
		lb :    360.9422    496.7143    181.2680
		A:
			    -0.3694    -0.5442    -0.7532
			    -0.4179    0.4077    -0.8118
			    0.5768    -0.2789    0.7678
			    0.6386    0.7619    0.1081
			    -0.0628    -0.0162    -0.9979
			    0.8309    -0.4005    -0.3863
			    0.6845    0.6934    0.2252
			    0.5870    -0.7074    0.3936
			    0.4323    -0.1372    -0.8913
			    -0.6845    -0.6934    -0.2252
			    -0.5870    0.7074    -0.3936
			    -0.4323    0.1372    0.8913
		b:
			    -545.3384
			    -96.1547
			    218.1222
			    643.0070
			    -213.8978
			    35.0930
			    647.2023
			    -63.3780
			    -73.4263
			    -637.2023
			    70.3780
			    78.4263
	==================================================================================
	Q2:
		Shape: Polyhedra
		q_c:    363.5000    500.5000    186.5000
		ub :    369.1582    503.4768    192.3806
		lb :    357.8418    497.5232    180.6194
		A:
			    -0.3274    -0.8547    0.4028
			    -0.5667    0.6889    0.4520
			    -0.2271    0.3864    -0.8939
			    -0.1572    -0.9094    0.3851
			    -0.2651    -0.9311    -0.2506
			    0.4115    -0.9095    -0.0597
			    0.7851    0.1258    0.6064
			    -0.0208    0.9840    -0.1771
			    -0.6190    0.1264    0.7751
			    -0.7851    -0.1258    -0.6064
			    0.0208    -0.9840    0.1771
			    0.6190    -0.1264    -0.7751
		b:
			    -469.1960
			    226.4562
			    -52.3643
			    -438.2564
			    -606.4569
			    -314.2158
			    465.4510
			    453.8660
			    -13.1718
			    -457.4510
			    -449.8660
			    21.1718
	==================================================================================
	Q3:
		Shape: Polyhedra
		q_c:    357.0000    507.0000    186.5000
		ub :    361.1323    509.8790    190.5844
		lb :    352.8677    504.1210    182.4156
		A:
			    -0.0562    0.8570    -0.5122
			    0.9074    -0.4122    0.0824
			    0.3211    -0.8063    -0.4967
			    -0.0184    -0.9781    -0.2073
			    -0.3385    0.6285    -0.7003
			    0.6255    -0.4487    -0.6382
			    0.6731    0.4287    0.6026
			    0.4309    -0.8896    0.1516
			    0.6010    0.1576    -0.7835
			    -0.6731    -0.4287    -0.6026
			    -0.4309    0.8896    -0.1516
			    -0.6010    -0.1576    0.7835
		b:
			    320.9235
			    132.4023
			    -384.7047
			    -539.2537
			    69.2482
			    -120.6370
			    572.5337
			    -267.4395
			    151.3691
			    -567.5337
			    270.4395
			    -145.3691
	==================================================================================
	Q4:
		Shape: Hybrid
		q_c:    357.5000    497.5000    171.5000
		ub :    362.7294    500.9348    176.8354
		lb :    352.2706    494.0652    166.1646
		P^-1: 
			    0.1306    -0.0557    0.0462
			    -0.0557    0.1991    -0.0371
			    0.0462    -0.0371    0.0939
		A:
			    -0.6902    0.6366    -0.3441
			    -0.7433    0.3902    -0.5433
			    -0.5285    0.5701    -0.6291
			    -0.8817    0.2636    0.3912
			    0.7495    -0.6599    0.0536
			    0.2960    0.8777    -0.3769
		b:
			    12.0883
			    -163.4788
			    -11.9886
			    -114.4540
			    -49.7477
			    479.7208
	==================================================================================
	Q5:
		Shape: Polyhedra
		q_c:    356.5000    500.5000    182.0000
		ub :    361.1585    505.8761    187.7123
		lb :    351.8415    495.1239    176.2877
		A:
			    -0.6007    -0.7982    -0.0456
			    0.8293    0.2869    -0.4794
			    0.1201    -0.1165    0.9859
			    0.5393    0.8108    0.2275
			    -0.5185    -0.5878    -0.6210
			    0.8352    -0.5499    -0.0110
			    0.7983    0.2426    0.5512
			    0.0401    -0.9347    0.3533
			    0.6009    -0.2599    -0.7559
			    -0.7983    -0.2426    -0.5512
			    -0.0401    0.9347    -0.3533
			    -0.6009    0.2599    0.7559
		b:
			    -618.3993
			    355.5009
			    167.3833
			    642.9412
			    -588.9033
			    24.0524
			    509.3317
			    -385.2147
			    -49.9473
			    -503.3317
			    393.2147
			    56.9473
	==================================================================================
	Q6:
		Shape: Hybrid
		q_c:    357.0000    501.5000    182.5000
		ub :    361.2527    505.4779    186.8057
		lb :    352.7473    497.5221    178.1943
		P^-1: 
			    0.1248    0.0037    0.0216
			    0.0037    0.1121    0.0058
			    0.0216    0.0058    0.1453
		A:
			    -0.2529    0.9571    0.1418
			    -0.3110    0.2542    -0.9158
			    -0.1806    -0.9640    0.1951
			    -0.2101    0.9751    -0.0710
			    0.4352    0.6707    -0.6006
			    -0.2018    -0.7876    -0.5822
		b:
			    417.3026
			    -149.2787
			    -510.5654
			    402.7815
			    383.8713
			    -571.7798


===========================================================================================
===========================================================================================
S3:
	q_c:    11.5000    139.0000    101.0000
	ub :    23.0000    158.0000    121.0000
	lb :    0.0000    120.0000    81.0000

	==================================================================================
	Q1:
		Shape: Ellipse
		q_c:    19.0000    133.5000    95.5000
		ub :    27.4306    139.6293    103.8640
		lb :    10.5694    127.3707    87.1360
		P^-1: 
			    0.0393    -0.0157    0.0040
			    -0.0157    0.0728    -0.0102
			    0.0040    -0.0102    0.0357
	==================================================================================
	Q2:
		Shape: Polyhedra
		q_c:    12.0000    134.5000    96.0000
		ub :    19.5044    140.9214    103.7406
		lb :    4.4956    128.0786    88.2594
		A:
			    0.1320    0.2168    0.9673
			    -0.4238    0.2823    -0.8607
			    -0.8826    0.4417    -0.1609
			    -0.1090    0.4149    0.9033
			    -0.3310    -0.9352    -0.1259
			    0.4034    0.6667    -0.6267
			    0.1836    0.7073    0.6827
			    -0.1970    0.7069    -0.6794
			    -0.9631    -0.0097    0.2691
			    -0.1836    -0.7073    -0.6827
			    0.1970    -0.7069    0.6794
			    0.9631    0.0097    -0.2691
		b:
			    127.8059
			    -44.5938
			    39.1910
			    145.2972
			    -137.4817
			    39.9963
			    166.3690
			    32.9875
			    18.9754
			    -159.3690
			    -21.9875
			    -6.9754
	==================================================================================
	Q3:
		Shape: Hybrid
		q_c:    1.5000    140.5000    91.5000
		ub :    6.5839    145.5952    97.2880
		lb :    -3.5839    135.4048    85.7120
		P^-1: 
			    0.2919    -0.0115    -0.1912
			    -0.0115    0.1025    0.0455
			    -0.1912    0.0455    0.1943
		A:
			    -0.9148    -0.2893    0.2818
			    0.2740    -0.9114    -0.3069
			    0.0894    0.7207    -0.6875
			    -0.8479    -0.2727    0.4546
			    0.8057    -0.5229    -0.2781
			    -0.7347    -0.2000    0.6482
		b:
			    -14.8389
			    -153.4788
			    42.2002
			    3.1039
			    -95.6284
			    31.2441
	==================================================================================
	Q4:
		Shape: Polyhedra
		q_c:    8.0000    130.5000    101.5000
		ub :    11.4588    135.6703    109.6280
		lb :    4.5412    125.3297    93.3720
		A:
			    0.0854    -0.8485    -0.5223
			    0.6471    -0.5269    -0.5511
			    -0.6943    -0.7194    -0.0199
			    0.4583    0.8715    0.1745
			    0.1967    -0.9050    -0.3772
			    -0.3750    0.8917    0.2534
			    0.4324    0.8723    0.2282
			    0.0165    -0.2607    0.9653
			    0.9015    -0.4136    -0.1272
			    -0.4324    -0.8723    -0.2282
			    -0.0165    0.2607    -0.9653
			    -0.9015    0.4136    0.1272
		b:
			    -159.8606
			    -115.8264
			    -98.7256
			    137.6340
			    -152.1619
			    141.5927
			    142.9591
			    71.5837
			    -57.1744
			    -137.9591
			    -56.5837
			    62.1744
	==================================================================================
	Q5:
		Shape: Ellipse
		q_c:    22.5000    138.0000    108.5000
		ub :    24.7319    142.6836    116.0359
		lb :    20.2681    133.3164    100.9641
		P^-1: 
			    0.4227    0.0803    -0.0182
			    0.0803    0.1278    -0.0233
			    -0.0182    -0.0233    0.0255
	==================================================================================
	Q6:
		Shape: Hybrid
		q_c:    1.5000    149.0000    105.5000
		ub :    7.6801    154.7868    110.0532
		lb :    -4.6801    143.2132    100.9468
		P^-1: 
			    0.0780    0.0022    -0.0356
			    0.0022    0.0628    -0.0050
			    -0.0356    -0.0050    0.1442
		A:
			    -0.4209    -0.8772    0.2309
			    0.0983    -0.4932    0.8643
			    0.1425    0.8246    -0.5476
			    0.7237    -0.6874    -0.0607
			    -0.4143    -0.4974    0.7622
			    -0.7523    0.1444    0.6428
		b:
			    -104.4557
			    19.7729
			    67.5819
			    -105.1078
			    7.2988
			    89.8641


===========================================================================================
===========================================================================================
S4:
	q_c:    441.5000    385.0000    99.5000
	ub :    460.0000    410.0000    110.0000
	lb :    423.0000    360.0000    89.0000

	==================================================================================
	Q1:
		Shape: Hybrid
		q_c:    437.5000    383.0000    105.0000
		ub :    444.9129    391.4382    113.9608
		lb :    430.0871    374.5618    96.0392
		P^-1: 
			    0.0635    -0.0191    0.0168
			    -0.0191    0.0380    -0.0090
			    0.0168    -0.0090    0.0357
		A:
			    0.7310    -0.4980    0.4665
			    0.4184    0.9077    0.0321
			    -0.4545    -0.2411    -0.8575
			    -0.2099    -0.6997    0.6829
			    0.9018    0.1491    0.4056
			    -0.4717    0.8257    -0.3095
		b:
			    179.8550
			    538.3070
			    -377.7137
			    -284.1836
			    496.9252
			    79.9285
	==================================================================================
	Q2:
		Shape: Polyhedra
		q_c:    443.0000    389.0000    100.5000
		ub :    450.3005    396.8576    108.7216
		lb :    435.6995    381.1424    92.2784
		A:
			    -0.3937    -0.9102    0.1287
			    -0.0204    -0.2189    0.9755
			    -0.7372    0.5011    -0.4533
			    0.4032    0.8598    0.3133
			    -0.8880    0.4230    -0.1805
			    0.9051    0.4250    0.0071
			    0.7177    0.4369    0.5423
			    -0.6856    0.3066    0.6603
			    0.1222    -0.8456    0.5196
			    -0.7177    -0.4369    -0.5423
			    0.6856    -0.3066    -0.6603
			    -0.1222    0.8456    -0.5196
		b:
			    -510.3469
			    8.6155
			    -172.1679
			    549.8899
			    -242.1665
			    572.1901
			    547.8763
			    -114.0818
			    -217.6092
			    -536.8763
			    122.0818
			    227.6092
	==================================================================================
	Q3:
		Shape: Hybrid
		q_c:    439.0000    378.0000    108.5000
		ub :    444.2007    381.9306    115.3191
		lb :    433.7993    374.0694    101.6809
		P^-1: 
			    0.1004    -0.0577    0.0073
			    -0.0577    0.2266    0.0184
			    0.0073    0.0184    0.0323
		A:
			    0.6342    0.4824    0.6042
			    0.0943    -0.9955    -0.0082
			    -0.3346    0.8870    -0.3182
			    0.7560    -0.6543    0.0166
			    0.3021    -0.9313    -0.2032
			    -0.4943    0.7221    0.4841
		b:
			    529.1751
			    -334.5827
			    155.7645
			    87.8028
			    -240.3310
			    110.7850
	==================================================================================
	Q4:
		Shape: Hybrid
		q_c:    451.0000    384.5000    87.5000
		ub :    461.1550    394.1540    93.3476
		lb :    440.8450    374.8460    81.6524
		P^-1: 
			    0.0227    0.0051    0.0038
			    0.0051    0.0234    0.0004
			    0.0038    0.0004    0.0488
		A:
			    -0.1818    0.5954    -0.7826
			    -0.4622    -0.8835    0.0759
			    -0.7701    0.6333    -0.0771
			    0.0006    0.8303    -0.5574
			    -0.2922    0.0563    -0.9547
			    -0.5137    0.4142    -0.7513
		b:
			    81.7766
			    -537.6811
			    -105.3482
			    274.5736
			    -191.3155
			    -134.6816
	==================================================================================
	Q5:
		Shape: Hybrid
		q_c:    436.0000    390.5000    98.0000
		ub :    442.3896    395.9576    102.9492
		lb :    429.6104    385.0424    93.0508
		P^-1: 
			    0.0848    -0.0454    -0.0428
			    -0.0454    0.1326    -0.0258
			    -0.0428    -0.0258    0.1357
		A:
			    0.3582    0.1179    -0.9262
			    0.5139    -0.0271    -0.8574
			    -0.4884    0.8520    0.1884
			    -0.3694    0.4356    0.8209
			    -0.2430    0.9549    -0.1708
			    -0.1410    0.8933    0.4267
		b:
			    112.7302
			    130.7021
			    139.5260
			    91.0897
			    251.6064
			    331.3924
	==================================================================================
	Q6:
		Shape: Polyhedra
		q_c:    448.5000    378.5000    98.0000
		ub :    456.1812    386.7538    107.0890
		lb :    440.8188    370.2462    88.9110
		A:
			    -0.6521    -0.5741    -0.4951
			    0.4855    0.6338    -0.6021
			    -0.8515    -0.5227    -0.0412
			    0.8071    0.4801    -0.3436
			    -0.5891    -0.6917    -0.4177
			    -0.9249    -0.3687    0.0922
			    0.7426    0.6684    0.0430
			    0.4965    -0.5925    0.6344
			    0.4495    -0.4497    -0.7718
			    -0.7426    -0.6684    -0.0430
			    -0.4965    0.5925    -0.6344
			    -0.4495    0.4497    0.7718
		b:
			    -554.8721
			    403.3349
			    -581.4715
			    513.0365
			    -564.0145
			    -542.4663
			    592.2437
			    68.0984
			    -38.7571
			    -588.2437
			    -53.0984
			    49.7571


===========================================================================================
===========================================================================================
S5:
	q_c:    325.0000    152.0000    295.5000
	ub :    343.0000    158.0000    316.0000
	lb :    307.0000    146.0000    275.0000

	==================================================================================
	Q1:
		Shape: Polyhedra
		q_c:    322.5000    154.0000    298.0000
		ub :    327.0978    157.8901    302.7565
		lb :    317.9022    150.1099    293.2435
		A:
			    -0.6886    0.6882    0.2285
			    0.4868    -0.8731    -0.0252
			    0.8017    -0.2264    -0.5532
			    -0.3805    0.6842    -0.6222
			    0.2388    -0.8467    0.4754
			    0.9340    -0.3564    0.0255
			    0.6714    0.7244    0.1566
			    0.3095    -0.0820    -0.9474
			    -0.6734    0.6845    -0.2792
			    -0.6714    -0.7244    -0.1566
			    -0.3095    0.0820    0.9474
			    0.6734    -0.6845    0.2792
		b:
			    -45.6362
			    17.0164
			    62.2153
			    -200.5452
			    90.5131
			    256.1379
			    378.2398
			    -191.1344
			    -193.4843
			    -371.2398
			    199.1344
			    196.4843
	==================================================================================
	Q2:
		Shape: Polyhedra
		q_c:    324.0000    145.5000    289.0000
		ub :    329.2232    150.5148    293.8428
		lb :    318.7768    140.4852    284.1572
		A:
			    0.1505    -0.4347    0.8879
			    0.0147    -0.8592    0.5115
			    -0.3513    0.6175    -0.7037
			    -0.4371    -0.0410    0.8985
			    -0.2514    -0.8624    0.4395
			    0.9118    -0.2953    -0.2855
			    0.9542    0.1865    0.2341
			    -0.0554    -0.6585    0.7506
			    0.2941    -0.7292    -0.6179
			    -0.9542    -0.1865    -0.2341
			    0.0554    0.6585    -0.7506
			    -0.2941    0.7292    0.6179
		b:
			    244.0903
			    29.5674
			    -225.2190
			    115.3049
			    -77.6960
			    174.1562
			    407.9267
			    104.6484
			    -184.8960
			    -399.9267
			    -101.6484
			    193.8960
	==================================================================================
	Q3:
		Shape: Hybrid
		q_c:    331.0000    155.5000    294.0000
		ub :    335.1224    157.6039    298.2589
		lb :    326.8776    153.3961    289.7411
		P^-1: 
			    0.1171    -0.0535    0.0088
			    -0.0535    0.4357    -0.0002
			    0.0088    -0.0002    0.0844
		A:
			    -0.1086    0.9039    0.4137
			    -0.2903    0.6927    0.6603
			    -0.1709    0.8758    -0.4513
			    0.2060    -0.8919    0.4025
			    -0.0127    0.9146    -0.4042
			    -0.0234    0.9469    -0.3207
		b:
			    227.4543
			    207.6085
			    -51.7828
			    49.0448
			    20.4235
			    46.3022
	==================================================================================
	Q4:
		Shape: Hybrid
		q_c:    327.5000    149.0000    296.0000
		ub :    332.6345    153.8621    300.7164
		lb :    322.3655    144.1379    291.2836
		P^-1: 
			    0.1219    -0.0332    -0.0074
			    -0.0332    0.1302    -0.0132
			    -0.0074    -0.0132    0.1006
		A:
			    0.0603    -0.9982    -0.0044
			    -0.9314    0.1868    0.3125
			    -0.8613    0.3397    0.3777
			    -0.9800    -0.0830    -0.1810
			    -0.9512    0.2716    0.1464
			    -0.4907    -0.1524    -0.8579
		b:
			    -128.6634
			    -183.1376
			    -118.1950
			    -385.0060
			    -226.2229
			    -435.2322
	==================================================================================
	Q5:
		Shape: Polyhedra
		q_c:    320.5000    147.0000    294.0000
		ub :    326.4248    151.1236    299.2368
		lb :    314.5752    142.8764    288.7632
		A:
			    -0.4044    -0.3714    0.8358
			    -0.1148    -0.9483    0.2959
			    -0.6394    0.6868    -0.3456
			    0.4383    -0.7619    0.4769
			    -0.1456    0.7554    -0.6389
			    0.8115    -0.5577    -0.1745
			    0.7992    0.4190    0.4309
			    0.4309    -0.8992    0.0752
			    0.4190    0.1255    -0.8993
			    -0.7992    -0.4190    -0.4309
			    -0.4309    0.8992    -0.0752
			    -0.4190    -0.1255    0.8993
		b:
			    64.9505
			    -86.4218
			    -203.0378
			    171.1190
			    -120.7979
			    129.5185
			    448.9259
			    30.0374
			    -108.1458
			    -439.9259
			    -26.0374
			    115.1458
	==================================================================================
	Q6:
		Shape: Ellipse
		q_c:    328.0000    159.5000    301.5000
		ub :    333.5848    166.0346    308.0917
		lb :    322.4152    152.9654    294.9083
		P^-1: 
			    0.0715    -0.0072    0.0063
			    -0.0072    0.0682    -0.0050
			    0.0063    -0.0050    0.0669


===========================================================================================
===========================================================================================
S6:
	q_c:    72.5000    161.5000    451.5000
	ub :    87.0000    163.0000    459.0000
	lb :    58.0000    160.0000    444.0000

	==================================================================================
	Q1:
		Shape: Ellipse
		q_c:    73.5000    161.5000    452.5000
		ub :    75.1455    162.9515    453.9128
		lb :    71.8545    160.0485    451.0872
		P^-1: 
			    1.0000    0.0000    -0.0000
			    0.0000    1.0000    -0.0000
			    -0.0000    -0.0000    1.0000
	==================================================================================
	Q2:
		Shape: Ellipse
		q_c:    73.0000    161.5000    453.5000
		ub :    74.4507    162.8287    454.7530
		lb :    71.5493    160.1713    452.2470
		P^-1: 
			    1.8344    1.0092    0.8880
			    1.0092    2.2206    1.0740
			    0.8880    1.0740    1.9450
	==================================================================================
	Q3:
		Shape: Ellipse
		q_c:    73.5000    163.5000    453.0000
		ub :    74.9843    164.4920    454.4725
		lb :    72.0157    162.5080    451.5275
		P^-1: 
			    1.1726    -0.6522    0.2503
			    -0.6522    3.4645    -0.9457
			    0.2503    -0.9457    1.3629
	==================================================================================
	Q4:
		Shape: Hybrid
		q_c:    73.5000    161.5000    453.0000
		ub :    74.6461    162.6324    454.1467
		lb :    72.3539    160.3676    451.8533
		P^-1: 
			    1.0127    0.1517    -0.1221
			    0.1517    2.8129    -1.4591
			    -0.1221    -1.4591    2.1744
		A:
			    -0.7213    -0.6873    0.0851
			    -0.0076    -0.5191    0.8547
			    -0.3232    -0.5664    0.7581
			    0.1295    -0.0984    0.9867
			    -0.2480    -0.8759    0.4140
			    -0.5618    -0.8273    -0.0065
		b:
			    -124.8887
			    303.1078
			    228.5288
			    441.1589
			    28.1717
			    -177.2612
	==================================================================================
	Q5:
		Shape: Polyhedra
		q_c:    74.5000    161.5000    452.5000
		ub :    76.0437    163.1965    454.1421
		lb :    72.9563    159.8035    450.8579
		A:
			    0.7679    0.2457    0.5916
			    0.5837    -0.5506    -0.5968
			    -0.0515    0.8393    0.5412
			    -0.4130    -0.2059    0.8871
			    -0.8063    -0.3947    0.4405
			    -0.9910    -0.1233    0.0517
			    0.5982    0.7040    0.3827
			    0.7851    -0.4194    -0.4557
			    -0.1603    0.5731    -0.8037
			    -0.5982    -0.7040    -0.3827
			    -0.7851    0.4194    0.4557
			    0.1603    -0.5731    0.8037
		b:
			    365.5940
			    -314.4722
			    377.6233
			    338.4043
			    76.5119
			    -69.3674
			    332.4396
			    -214.4532
			    -282.0485
			    -330.4396
			    216.4532
			    284.0485
	==================================================================================
	Q6:
		Shape: Polyhedra
		q_c:    73.0000    161.5000    450.5000
		ub :    74.8749    163.3843    452.4796
		lb :    71.1251    159.6157    448.5204
		A:
			    0.3127    0.9498    0.0045
			    0.9813    -0.1739    -0.0823
			    -0.2956    0.0213    0.9551
			    0.9536    -0.2407    0.1807
			    -0.0730    -0.7740    0.6289
			    -0.9412    -0.2468    -0.2309
			    0.3892    0.4934    0.7778
			    -0.5586    0.7979    -0.2266
			    -0.7324    -0.3463    0.5862
			    -0.3892    -0.4934    -0.7778
			    0.5586    -0.7979    0.2266
			    0.7324    0.3463    -0.5862
		b:
			    179.4315
			    7.5120
			    413.3673
			    113.2471
			    154.0031
			    -211.3386
			    460.0191
			    -13.0114
			    155.6785
			    -457.0191
			    15.0114
			    -153.6785


===========================================================================================
===========================================================================================
S7:
	q_c:    165.5000    188.5000    251.5000
	ub :    184.0000    205.0000    274.0000
	lb :    147.0000    172.0000    229.0000

	==================================================================================
	Q1:
		Shape: Ellipse
		q_c:    171.0000    200.5000    235.0000
		ub :    179.5893    208.0149    242.5723
		lb :    162.4107    192.9851    227.4277
		P^-1: 
			    0.0193    -0.0075    0.0026
			    -0.0075    0.0554    -0.0134
			    0.0026    -0.0134    0.0293
	==================================================================================
	Q2:
		Shape: Ellipse
		q_c:    161.5000    199.0000    249.5000
		ub :    168.1508    204.0309    255.6946
		lb :    154.8492    193.9691    243.3054
		P^-1: 
			    0.0552    0.0010    0.0064
			    0.0010    0.0624    -0.0009
			    0.0064    -0.0009    0.0568
	==================================================================================
	Q3:
		Shape: Ellipse
		q_c:    159.5000    204.0000    243.5000
		ub :    169.0955    213.2764    251.0019
		lb :    149.9045    194.7236    235.9981
		P^-1: 
			    0.0347    -0.0070    -0.0235
			    -0.0070    0.0270    0.0062
			    -0.0235    0.0062    0.0681
	==================================================================================
	Q4:
		Shape: Ellipse
		q_c:    160.5000    191.0000    237.5000
		ub :    170.3643    201.2286    246.6096
		lb :    150.6357    180.7714    228.3904
		P^-1: 
			    0.0588    0.0169    0.0439
			    0.0169    0.0277    0.0039
			    0.0439    0.0039    0.0700
	==================================================================================
	Q5:
		Shape: Polyhedra
		q_c:    169.0000    193.5000    267.0000
		ub :    175.9662    199.4331    273.5305
		lb :    162.0338    187.5669    260.4695
		A:
			    0.9587    -0.1945    -0.2076
			    0.3255    0.2565    -0.9101
			    -0.0687    -0.5726    0.8170
			    -0.0804    -0.5830    0.8085
			    0.2556    0.5385    -0.8029
			    0.1334    0.8579    -0.4962
			    0.4507    0.5817    0.6772
			    -0.0208    -0.7515    0.6594
			    0.8924    -0.3113    -0.3266
			    -0.4507    -0.5817    -0.6772
			    0.0208    0.7515    -0.6594
			    -0.8924    0.3113    0.3266
		b:
			    73.5206
			    -135.1494
			    97.4391
			    91.0936
			    -65.0992
			    57.8201
			    376.0203
			    28.1196
			    7.8992
			    -363.0203
			    -26.1196
			    1.1008
	==================================================================================
	Q6:
		Shape: Ellipse
		q_c:    161.5000    181.0000    256.5000
		ub :    170.0340    190.8015    264.6234
		lb :    152.9660    171.1985    248.3766
		P^-1: 
			    0.0278    -0.0000    0.0001
			    -0.0000    0.0284    -0.0017
			    0.0001    -0.0017    0.0324


===========================================================================================
===========================================================================================
S8:
	q_c:    139.0000    124.0000    421.5000
	ub :    155.0000    128.0000    439.0000
	lb :    123.0000    120.0000    404.0000

	==================================================================================
	Q1:
		Shape: Ellipse
		q_c:    143.0000    121.0000    418.0000
		ub :    145.6992    124.0722    421.0960
		lb :    140.3008    117.9278    414.9040
		P^-1: 
			    0.6170    0.1451    -0.3902
			    0.1451    0.2664    -0.0790
			    -0.3902    -0.0790    0.5266
	==================================================================================
	Q2:
		Shape: Hybrid
		q_c:    140.5000    124.5000    425.5000
		ub :    142.8572    126.9900    428.1671
		lb :    138.1428    122.0100    422.8329
		P^-1: 
			    0.4362    0.0135    -0.0367
			    0.0135    0.4221    0.0605
			    -0.0367    0.0605    0.2805
		A:
			    -0.8327    0.1574    0.5309
			    -0.5918    -0.6790    0.4344
			    0.9184    -0.2977    0.2605
			    0.7056    -0.4975    -0.5046
			    0.1767    -0.9188    0.3531
			    -0.5451    0.7376    -0.3985
		b:
			    129.2859
			    18.0512
			    203.7379
			    -176.7414
			    61.6537
			    -153.2803
	==================================================================================
	Q3:
		Shape: Polyhedra
		q_c:    141.5000    121.0000    422.5000
		ub :    144.1177    123.5300    424.6902
		lb :    138.8823    118.4700    420.3098
		A:
			    0.6836    0.3227    -0.6546
			    0.3001    -0.9404    0.1600
			    -0.9579    -0.2193    0.1851
			    0.2741    -0.7704    -0.5756
			    -0.8505    0.1112    0.5140
			    -0.7639    -0.4542    0.4585
			    0.6121    0.7180    0.3314
			    0.5822    -0.6928    0.4255
			    0.5351    -0.0675    -0.8421
			    -0.6121    -0.7180    -0.3314
			    -0.5822    0.6928    -0.4255
			    -0.5351    0.0675    0.8421
		b:
			    -139.6720
			    -1.8264
			    -82.4901
			    -296.2093
			    111.4904
			    31.8907
			    315.0133
			    180.3416
			    -287.2242
			    -312.0133
			    -176.3416
			    289.2242
	==================================================================================
	Q4:
		Shape: Ellipse
		q_c:    140.0000    125.5000    421.5000
		ub :    142.7302    127.1515    424.1606
		lb :    137.2698    123.8485    418.8394
		P^-1: 
			    0.5335    -0.8373    0.5307
			    -0.8373    2.7230    -1.5675
			    0.5307    -1.5675    1.2435
	==================================================================================
	Q5:
		Shape: Ellipse
		q_c:    139.5000    122.5000    425.0000
		ub :    141.8571    125.6473    428.2762
		lb :    137.1429    119.3527    421.7238
		P^-1: 
			    0.4408    -0.0197    0.0253
			    -0.0197    0.3380    0.1362
			    0.0253    0.1362    0.2701
	==================================================================================
	Q6:
		Shape: Ellipse
		q_c:    139.5000    122.0000    419.5000
		ub :    142.0704    124.2219    422.3504
		lb :    136.9296    119.7781    416.6496
		P^-1: 
			    0.7252    0.1397    -0.3647
			    0.1397    0.2894    -0.0922
			    -0.3647    -0.0922    0.3954


===========================================================================================
===========================================================================================
S9:
	q_c:    309.0000    534.0000    95.0000
	ub :    334.0000    549.0000    107.0000
	lb :    284.0000    519.0000    83.0000

	==================================================================================
	Q1:
		Shape: Hybrid
		q_c:    298.5000    531.5000    105.0000
		ub :    305.5288    538.0010    111.0860
		lb :    291.4712    524.9990    98.9140
		P^-1: 
			    0.0776    0.0445    0.0241
			    0.0445    0.0845    0.0423
			    0.0241    0.0423    0.0934
		A:
			    -0.4922    -0.8178    -0.2982
			    -0.3012    -0.6270    -0.7184
			    0.0445    -0.4388    0.8975
			    0.2714    0.6131    0.7419
			    -0.6177    0.2711    0.7382
			    0.0294    -0.7529    -0.6575
		b:
			    -611.2905
			    -497.2303
			    -122.3800
			    486.2256
			    40.0740
			    -458.3204
	==================================================================================
	Q2:
		Shape: Ellipse
		q_c:    305.0000    538.5000    102.0000
		ub :    311.2546    545.7068    109.5226
		lb :    298.7454    531.2932    94.4774
		P^-1: 
			    0.0720    -0.0054    -0.0111
			    -0.0054    0.0631    0.0162
			    -0.0111    0.0162    0.0369
	==================================================================================
	Q3:
		Shape: Hybrid
		q_c:    298.5000    545.5000    90.5000
		ub :    305.2440    550.2383    97.3356
		lb :    291.7560    540.7617    83.6644
		P^-1: 
			    0.0649    -0.0355    -0.0148
			    -0.0355    0.1304    0.0338
			    -0.0148    0.0338    0.0635
		A:
			    -0.9732    -0.2297    0.0086
			    -0.4098    -0.4758    0.7783
			    0.1185    0.9855    0.1212
			    0.2106    0.7619    -0.6125
			    0.9053    -0.1250    -0.4059
			    0.7662    -0.4860    -0.4204
		b:
			    -411.8300
			    -308.1986
			    585.9039
			    426.0920
			    168.0235
			    -72.4900
	==================================================================================
	Q4:
		Shape: Hybrid
		q_c:    300.5000    528.0000    102.5000
		ub :    307.8467    535.6393    108.5482
		lb :    293.1533    520.3607    96.4518
		P^-1: 
			    0.0646    0.0177    0.0250
			    0.0177    0.0634    -0.0290
			    0.0250    -0.0290    0.0884
		A:
			    -0.4524    -0.8780    0.1565
			    -0.0521    0.4080    -0.9115
			    0.6794    0.6400    -0.3588
			    -0.3636    -0.8873    -0.2836
			    -0.8325    0.1797    -0.5241
			    0.8939    -0.0153    0.4481
		b:
			    -581.3527
			    108.0107
			    507.3999
			    -603.9301
			    -206.8045
			    308.6511
	==================================================================================
	Q5:
		Shape: Polyhedra
		q_c:    298.0000    537.0000    92.0000
		ub :    305.5630    544.6225    99.7632
		lb :    290.4370    529.3775    84.2368
		A:
			    -0.1801    -0.2382    0.9544
			    0.5008    0.1176    0.8575
			    -0.8867    -0.0897    -0.4536
			    0.4751    0.3537    0.8057
			    0.4824    -0.8063    0.3423
			    -0.7089    0.6851    -0.1676
			    0.5537    0.6805    0.4800
			    -0.1832    0.6618    -0.7269
			    -0.8123    0.3146    0.4911
			    -0.5537    -0.6805    -0.4800
			    0.1832    -0.6618    0.7269
			    0.8123    -0.3146    -0.4911
		b:
			    -89.4273
			    295.9111
			    -349.3075
			    410.4722
			    -253.4576
			    145.7939
			    579.5753
			    237.9216
			    -22.9440
			    -569.5753
			    -229.9216
			    32.9440
	==================================================================================
	Q6:
		Shape: Ellipse
		q_c:    313.5000    532.5000    101.0000
		ub :    320.2761    539.8233    107.2115
		lb :    306.7239    525.1767    94.7885
		P^-1: 
			    0.0550    0.0232    0.0068
			    0.0232    0.0577    0.0061
			    0.0068    0.0061    0.0420


===========================================================================================
===========================================================================================
S10:
	q_c:    310.5000    477.5000    338.5000
	ub :    328.0000    498.0000    351.0000
	lb :    293.0000    457.0000    326.0000

	==================================================================================
	Q1:
		Shape: Hybrid
		q_c:    319.0000    477.0000    338.0000
		ub :    324.8920    482.1335    342.7726
		lb :    313.1080    471.8665    333.2274
		P^-1: 
			    0.0814    0.0709    -0.0478
			    0.0709    0.2477    -0.1779
			    -0.0478    -0.1779    0.2464
		A:
			    0.1138    0.8656    -0.4876
			    -0.1143    -0.1894    0.9752
			    0.0144    0.7148    0.6992
			    -0.1268    0.4952    -0.8595
			    -0.9756    0.0717    -0.2076
			    0.0949    -0.9414    -0.3238
		b:
			    285.4998
			    204.5644
			    585.0343
			    -93.4489
			    -343.8785
			    -525.1474
	==================================================================================
	Q2:
		Shape: Hybrid
		q_c:    311.0000    478.0000    330.5000
		ub :    318.9238    485.7597    335.7182
		lb :    303.0762    470.2403    325.2818
		P^-1: 
			    0.0300    -0.0110    -0.0017
			    -0.0110    0.0437    -0.0034
			    -0.0017    -0.0034    0.0619
		A:
			    0.8890    -0.3526    0.2921
			    -0.1076    -0.3660    0.9244
			    0.3397    0.6567    -0.6733
			    -0.7946    0.3999    -0.4569
			    -0.7268    0.2068    -0.6549
			    0.1094    -0.9619    -0.2505
		b:
			    207.7758
			    99.2208
			    199.9872
			    -203.9655
			    -340.5722
			    -505.6902
	==================================================================================
	Q3:
		Shape: Polyhedra
		q_c:    301.5000    477.5000    329.5000
		ub :    307.9389    483.3552    332.9879
		lb :    295.0611    471.6448    326.0121
		A:
			    -0.7696    0.5547    0.3163
			    -0.1294    0.3651    0.9219
			    0.1831    0.3103    0.9328
			    0.1323    -0.2029    0.9702
			    0.1602    0.2686    0.9498
			    0.1349    -0.5784    0.8045
			    0.1426    0.3755    0.9158
			    -0.5261    0.8125    -0.2513
			    -0.8384    -0.4460    0.3134
			    -0.1426    -0.3755    -0.9158
			    0.5261    -0.8125    0.2513
			    0.8384    0.4460    -0.3134
		b:
			    141.0790
			    440.6970
			    511.7911
			    265.2109
			    490.6255
			    33.1786
			    525.0592
			    150.5349
			    -357.4475
			    -523.0592
			    -142.5349
			    367.4475
	==================================================================================
	Q4:
		Shape: Polyhedra
		q_c:    306.5000    473.5000    332.5000
		ub :    313.5384    481.5570    339.8958
		lb :    299.4616    465.4430    325.1042
		A:
			    0.3087    0.8871    0.3431
			    0.9432    0.2284    0.2414
			    -0.5687    0.8209    0.0526
			    -0.5029    -0.8458    0.1782
			    -0.5101    -0.6720    -0.5369
			    -0.7529    0.1170    -0.6477
			    0.8468    0.3216    0.4236
			    0.4057    -0.9056    -0.1234
			    0.3440    0.2764    -0.8974
			    -0.8468    -0.3216    -0.4236
			    -0.4057    0.9056    0.1234
			    -0.3440    -0.2764    0.8974
