3D_30_14_6_f                l = 3

===========================================================================================
===========================================================================================
S1:
	q_c:	105.0	364.5	415.5
	ub :	126.8044	385.9969	440.5611
	lb :	80.5402	346.0565	396.9059

	==================================================================================
	Q1:
		Shape: Polyhedra
		q_c:	100.5	367.0	428.0
		ub :	108.2899	375.4387	435.4267
		lb :	92.7101	358.5613	420.5733
		A:
			-0.7446	0.0612	0.6647
			-0.6331	-0.1302	0.763
			-0.6924	0.5803	0.4287
			0.4233	-0.4525	-0.7849
			-0.4177	0.1722	0.8921
			0.2383	0.5972	-0.7658
			0.213	0.9413	0.2618
			0.6379	0.069	-0.7671
			-0.7401	0.3304	-0.5857
			-0.213	-0.9413	-0.2618
			-0.6379	-0.069	0.7671
			0.7401	-0.3304	0.5857
		b:
			234.881
			217.7136
			331.6804
			-455.3576
			406.3128
			-80.1228
			485.4333
			-236.3627
			-197.3156
			-472.4333
			241.3627
			210.3156
	==================================================================================
	Q2:
		Shape: Polyhedra
		q_c:	96.5	378.0	412.5
		ub :	105.1886	383.7063	420.2649
		lb :	87.8114	372.2937	404.7351
		A:
			-0.6844	0.5367	0.4935
			-0.6069	0.7415	0.2861
			0.3732	-0.7601	-0.5319
			0.5912	-0.7201	-0.3633
			-0.4852	0.8739	0.0277
			0.7589	-0.3644	-0.5398
			0.901	0.3137	0.2996
			-0.2139	-0.2797	0.936
			0.3775	-0.9074	-0.1849
			-0.901	-0.3137	-0.2996
			0.2139	0.2797	-0.936
			-0.3775	0.9074	0.1849
		b:
			344.1603
			342.5068
			-467.9672
			-362.1939
			297.3105
			-282.575
			336.6406
			265.2126
			-380.8424
			-321.6406
			-254.2126
			384.8424
	==================================================================================
	Q3:
		Shape: Ellipse
		q_c:	107.0	358.5	404.0
		ub :	116.2274	367.8586	411.0941
		lb :	97.7726	349.1414	396.9059
		P^-1:
			0.0282	0.0073	-0.0002
			0.0073	0.0354	0.0001
			-0.0002	0.0001	0.04
	==================================================================================
	Q4:
		Shape: Polyhedra
		q_c:	112.0	364.0	410.5
		ub :	122.7835	373.3223	421.2118
		lb :	101.2165	354.6777	399.7882
		A:
			0.735	-0.4798	-0.4791
			-0.2248	0.7888	-0.572
			0.1221	0.8067	-0.5782
			0.4837	-0.1582	0.8609
			0.8935	0.2461	-0.3755
			0.2096	-0.5294	0.822
			0.8443	0.343	0.4118
			0.5199	-0.3379	-0.7846
			-0.13	0.8765	-0.4636
			-0.8443	-0.343	-0.4118
			-0.5199	0.3379	0.7846
			0.13	-0.8765	0.4636
		b:
			-282.5059
			32.236
			75.1359
			356.8322
			42.6936
			173.8207
			396.4412
			-380.3133
			119.1891
			-380.4412
			393.3133
			-109.1891
	==================================================================================
	Q5:
		Shape: Hybrid
		q_c:	119.0	355.5	410.5
		ub :	126.8044	364.9435	420.4542
		lb :	111.1956	346.0565	400.5458
		P^-1:
			0.0445	-0.0126	0.0166
			-0.0126	0.0321	-0.0053
			0.0166	-0.0053	0.0341
		A:
			0.7566	-0.3435	-0.5564
			-0.2509	-0.9608	0.1182
			-0.345	0.448	-0.8248
			0.9358	-0.1025	-0.3374
			0.8694	-0.2253	-0.4397
			-0.633	0.3617	0.6845
		b:
			-256.2676
			-318.5716
			-217.4799
			-59.4631
			-152.9842
			338.6272
	==================================================================================
	Q6:
		Shape: Ellipse
		q_c:	89.0	375.5	429.0
		ub :	97.4598	385.9969	440.5611
		lb :	80.5402	365.0031	417.4389
		P^-1:
			0.0365	0.007	-0.0013
			0.007	0.0259	0.0037
			-0.0013	0.0037	0.0112


===========================================================================================
===========================================================================================
S2:
	q_c:	125.0	187.0	170.0
	ub :	138.1584	197.7453	185.0471
	lb :	108.7118	172.9165	150.7423

	==================================================================================
	Q1:
		Shape: Ellipse
		q_c:	129.5	190.5	158.5
		ub :	135.1203	197.7453	166.2577
		lb :	123.8797	183.2547	150.7423
		P^-1:
			0.0492	0.001	-0.0011
			0.001	0.0417	0.0081
			-0.0011	0.0081	0.0409
	==================================================================================
	Q2:
		Shape: Ellipse
		q_c:	116.5	181.0	177.5
		ub :	122.2957	189.0835	185.0471
		lb :	110.7043	172.9165	169.9529
		P^-1:
			0.0761	-0.0145	0.0008
			-0.0145	0.043	-0.0038
			0.0008	-0.0038	0.0356
	==================================================================================
	Q3:
		Shape: Polyhedra
		q_c:	115.0	188.0	176.0
		ub :	121.2882	193.7945	181.8661
		lb :	108.7118	182.2055	170.1339
		A:
			-0.9727	-0.127	0.1944
			-0.4395	0.7272	-0.5273
			-0.1479	0.9883	0.0374
			0.2793	0.4444	-0.8512
			-0.3793	-0.0545	-0.9237
			-0.0888	-0.6283	-0.7729
			0.5568	0.6691	0.4923
			-0.5453	0.7415	-0.391
			-0.6266	-0.0508	0.7777
			-0.5568	-0.6691	-0.4923
			0.5453	-0.7415	0.391
			0.6266	0.0508	-0.7777
		b:
			-98.073
			-2.6527
			179.3585
			-30.8501
			-212.6349
			-260.5993
			280.458
			11.8687
			58.2634
			-272.458
			-3.8687
			-52.2634
	==================================================================================
	Q4:
		Shape: Polyhedra
		q_c:	132.5	182.0	165.0
		ub :	138.1584	186.066	170.3481
		lb :	126.8416	177.934	159.6519
		A:
			-0.3592	0.4606	0.8117
			0.2111	-0.5489	0.8088
			-0.1628	0.9236	0.3471
			-0.8544	0.392	-0.3411
			0.6658	0.6512	0.3642
			0.263	-0.933	-0.2455
			0.616	0.3128	0.7229
			-0.6625	-0.2906	0.6903
			0.4261	-0.9042	0.0282
			-0.616	-0.3128	-0.7229
			0.6625	0.2906	-0.6903
			-0.4261	0.9042	-0.0282
		b:
			173.5487
			64.7478
			206.1769
			-95.2986
			270.3032
			-173.2716
			261.3447
			-22.7757
			-101.4622
			-254.3447
			30.7757
			105.4622
	==================================================================================
	Q5:
		Shape: Hybrid
		q_c:	125.0	184.5	172.0
		ub :	132.1441	191.5175	179.6653
		lb :	117.8559	177.4825	164.3347
		P^-1:
			0.0431	-0.0105	-0.0137
			-0.0105	0.0689	-0.0166
			-0.0137	-0.0166	0.0599
		A:
			0.9862	-0.048	-0.1585
			-0.4484	-0.8797	0.1584
			0.0721	-0.9858	-0.1516
			0.2936	-0.9059	-0.3051
			-0.73	0.6795	0.0731
			0.1326	0.1752	-0.9756
		b:
			90.3194
			-188.2748
			-196.4728
			-180.5669
			48.9596
			-116.5996
	==================================================================================
	Q6:
		Shape: Polyhedra
		q_c:	129.5	184.0	170.0
		ub :	134.7976	188.7973	176.5246
		lb :	124.2024	179.2027	163.4754
		A:
			0.5673	0.0411	0.8225
			0.2368	0.4774	0.8462
			0.8743	0.4789	0.0789
			-0.7714	-0.4479	-0.4521
			-0.5896	0.8008	-0.1057
			-0.8167	-0.3866	-0.4285
			0.0412	0.8985	0.4371
			0.5993	0.3278	-0.7303
			-0.7995	0.292	-0.5249
			-0.0412	-0.8985	-0.4371
			-0.5993	-0.3278	0.7303
			0.7995	-0.292	0.5249
		b:
			223.3723
			265.3147
			218.884
			-256.4429
			55.2391
			-246.9685
			247.4617
			19.7768
			-137.0332
			-242.4617
			-7.7768
			141.0332


===========================================================================================
===========================================================================================
S3:
	q_c:	180.0	423.0	342.5
	ub :	204.0774	448.1027	367.7094
	lb :	162.3308	399.3399	320.3113

	==================================================================================
	Q1:
		Shape: Polyhedra
		q_c:	186.5	427.5	335.5
		ub :	198.505	439.7126	339.1736
		lb :	174.495	415.2874	331.8264
		A:
			-0.055	-0.1209	-0.9911
			-0.0839	0.8586	0.5058
			-0.0584	-0.6289	0.7753
			0.1725	0.3064	-0.9361
			0.9391	0.2538	-0.2315
			-0.6	-0.5367	-0.5932
			0.7252	0.6831	0.0866
			0.6885	-0.7169	-0.1099
			-0.013	0.1393	-0.9902
			-0.7252	-0.6831	-0.0866
			-0.6885	0.7169	0.1099
			0.013	-0.1393	0.9902
		b:
			-391.577
			529.2467
			-14.9804
			-148.184
			213.7923
			-533.8899
			463.8242
			-205.4477
			-273.0718
			-448.8242
			224.4477
			277.0718
	==================================================================================
	Q2:
		Shape: Polyhedra
		q_c:	192.0	411.5	352.0
		ub :	204.0774	423.3273	360.2996
		lb :	179.9226	399.6727	343.7004
		A:
			0.3928	0.0919	0.915
			-0.3605	-0.5824	-0.7286
			0.3493	-0.3651	-0.8629
			0.1069	0.7051	-0.701
			-0.592	0.6321	0.5
			0.9007	-0.3979	0.1745
			0.3928	0.083	0.9159
			-0.2811	0.9591	0.0336
			-0.8756	-0.2707	0.4001
			-0.3928	-0.083	-0.9159
			0.2811	-0.9591	-0.0336
			0.8756	0.2707	-0.4001
		b:
			440.3334
			-558.887
			-379.549
			71.9881
			331.3593
			78.9144
			436.9677
			362.0245
			-130.1745
			-426.9677
			-343.0245
			147.1745
	==================================================================================
	Q3:
		Shape: Polyhedra
		q_c:	175.5	415.0	333.0
		ub :	188.6692	428.9635	345.6887
		lb :	162.3308	401.0365	320.3113
		A:
			0.1518	0.5588	0.8153
			-0.1451	-0.5225	-0.8402
			0.8644	0.0029	0.5028
			-0.6378	0.3415	-0.6903
			0.0713	-0.745	-0.6632
			0.2231	0.9418	0.2516
			0.6821	0.4181	0.5999
			-0.6882	0.6443	0.3335
			-0.2471	-0.6403	0.7273
			-0.6821	-0.4181	-0.5999
			0.6882	-0.6443	-0.3335
			0.2471	0.6403	-0.7273
		b:
			537.7137
			-514.43
			327.6179
			-192.5341
			-508.8733
			521.6487
			499.4947
			267.664
			-59.431
			-486.4947
			-247.664
			74.431
	==================================================================================
	Q4:
		Shape: Polyhedra
		q_c:	173.0	435.0	335.0
		ub :	183.6522	445.8848	344.7521
		lb :	162.3478	424.1152	325.2479
		A:
			-0.569	-0.3702	0.7343
			-0.9414	-0.1158	-0.317
			0.7768	-0.3244	-0.5398
			-0.9584	-0.1832	-0.2187
			-0.8794	-0.3345	-0.3386
			0.5579	-0.2169	-0.801
			0.3209	0.915	0.2448
			0.5966	0.0055	-0.8025
			-0.7356	0.4035	-0.5441
			-0.3209	-0.915	-0.2448
			-0.5966	-0.0055	0.8025
			0.7356	-0.4035	0.5441
		b:
			-7.8448
			-312.3349
			-182.0929
			-311.6753
			-403.4456
			-260.9326
			544.5076
			-158.2594
			-127.5035
			-526.5076
			168.2594
			140.5035
	==================================================================================
	Q5:
		Shape: Ellipse
		q_c:	190.5	436.0	352.5
		ub :	201.5337	448.1027	364.1292
		lb :	179.4663	423.8973	340.8708
		P^-1:
			0.0269	0.0041	0.0072
			0.0041	0.0171	0.0027
			0.0072	0.0027	0.0203
	==================================================================================
	Q6:
		Shape: Ellipse
		q_c:	187.5	408.0	356.5
		ub :	199.173	416.6601	367.7094
		lb :	175.827	399.3399	345.2906
		P^-1:
			0.0263	0.0015	-0.0134
			0.0015	0.0291	-0.0046
			-0.0134	-0.0046	0.0235


===========================================================================================
===========================================================================================
S4:
	q_c:	366.5	490.5	434.0
	ub :	370.4528	508.0062	451.6986
	lb :	353.5479	474.0732	415.7472

	==================================================================================
	Q1:
		Shape: Polyhedra
		q_c:	363.0	494.0	422.0
		ub :	368.549	500.5222	428.2528
		lb :	357.451	487.4778	415.7472
		A:
			0.9416	-0.2482	-0.2276
			-0.9449	-0.3259	0.0299
			0.7674	0.4908	-0.4125
			0.9856	0.1691	-0.0003
			0.1794	0.7694	0.6131
			-0.961	0.0998	-0.258
			0.7802	0.0608	0.6225
			-0.6255	0.0749	0.7766
			0.0006	-0.9953	0.0965
			-0.7802	-0.0608	-0.6225
			0.6255	-0.0749	-0.7766
			-0.0006	0.9953	-0.0965
		b:
			127.4142
			-487.2002
			351.8168
			445.153
			708.9742
			-404.6506
			579.481
			142.1982
			-444.7483
			-572.481
			-133.1982
			456.7483
	==================================================================================
	Q2:
		Shape: Hybrid
		q_c:	364.5	486.5	425.5
		ub :	367.7887	491.8436	431.01
		lb :	361.2113	481.1564	419.99
		P^-1:
			0.3866	-0.0833	0.1086
			-0.0833	0.0839	-0.0279
			0.1086	-0.0279	0.0989
		A:
			-0.4762	0.7301	-0.4901
			0.4872	-0.066	0.8708
			-0.5765	-0.2269	-0.7849
			-0.9261	-0.3772	-0.0073
			0.9092	-0.301	0.2878
			-0.7991	-0.0344	-0.6002
		b:
			-24.8229
			518.1731
			-652.2817
			-522.1208
			308.1594
			-562.0369
	==================================================================================
	Q3:
		Shape: Ellipse
		q_c:	361.5	499.0	443.0
		ub :	369.4521	508.0062	451.6986
		lb :	353.5479	489.9938	434.3014
		P^-1:
			0.0206	0.001	0.0007
			0.001	0.0297	-0.0027
			0.0007	-0.0027	0.0309
	==================================================================================
	Q4:
		Shape: Ellipse
		q_c:	364.5	482.5	439.5
		ub :	369.8117	490.9268	448.7932
		lb :	359.1883	474.0732	430.2068
		P^-1:
			0.6119	0.4475	0.1712
			0.4475	0.3586	0.1305
			0.1712	0.1305	0.0677
	==================================================================================
	Q5:
		Shape: Ellipse
		q_c:	366.0	499.0	436.0
		ub :	370.4528	503.8656	439.0968
		lb :	361.5472	494.1344	432.9032
		P^-1:
			0.1899	0.0824	-0.0953
			0.0824	0.1204	-0.0938
			-0.0953	-0.0938	0.3566
	==================================================================================
	Q6:
		Shape: Polyhedra
		q_c:	362.5	481.5	444.5
		ub :	369.6563	488.5439	449.6957
		lb :	355.3437	474.4561	439.3043
		A:
			0.1335	-0.9034	0.4074
			0.5031	-0.1557	0.8501
			0.294	0.3012	-0.9071
			-0.9716	-0.1992	-0.1275
			-0.9053	0.1896	-0.3801
			0.742	0.3337	-0.5815
			0.5993	0.797	0.0748
			-0.0972	0.1652	-0.9815
			-0.7946	0.5809	0.1765
			-0.5993	-0.797	-0.0748
			0.0972	-0.1652	0.9815
			0.7946	-0.5809	-0.1765
		b:
			-200.9767
			489.4538
			-147.526
			-500.1481
			-400.8835
			175.5768
			638.2681
			-387.9413
			75.605
			-630.2681
			395.9413
			-64.605


===========================================================================================
===========================================================================================
S5:
	q_c:	403.0	23.0	373.0
	ub :	423.5561	51.5471	395.7856
	lb :	383.662	-7.0925	349.9483

	==================================================================================
	Q1:
		Shape: Hybrid
		q_c:	399.0	13.0	389.0
		ub :	407.7341	21.4673	395.7856
		lb :	390.2659	4.5327	382.2144
		P^-1:
			0.0398	-0.0004	-0.0126
			-0.0004	0.0395	-0.0104
			-0.0126	-0.0104	0.051
		A:
			0.5361	-0.7417	0.403
			-0.4817	0.2552	0.8384
			0.2408	-0.3868	0.8902
			-0.687	-0.3553	0.6338
			0.2309	0.0243	-0.9727
			-0.8944	-0.416	-0.1641
		b:
			363.9676
			139.7375
			440.0218
			-29.9876
			-283.543
			-422.4919
	==================================================================================
	Q2:
		Shape: Hybrid
		q_c:	393.0	41.5	383.0
		ub :	402.338	49.7739	391.0903
		lb :	383.662	33.2261	374.9097
		P^-1:
			0.0379	0.0195	-0.0019
			0.0195	0.0467	0.0048
			-0.0019	0.0048	0.0314
		A:
			0.5865	-0.4345	0.6835
			-0.5678	-0.5	-0.6539
			0.2796	-0.8932	-0.3522
			-0.5488	-0.7006	-0.4561
			-0.0361	-0.6588	-0.7515
			0.0926	-0.7309	-0.6762
		b:
			479.0775
			-491.4849
			-58.3655
			-417.1168
			-326.3222
			-249.7564
	==================================================================================
	Q3:
		Shape: Hybrid
		q_c:	401.5	40.5	359.5
		ub :	411.3875	51.5471	369.0517
		lb :	391.6125	29.4529	349.9483
		P^-1:
			0.0469	-0.017	-0.0268
			-0.017	0.0278	0.0157
			-0.0268	0.0157	0.0425
		A:
			0.4009	-0.9066	-0.1322
			-0.5332	0.0221	0.8457
			-0.6857	-0.3027	0.662
			-0.6627	0.5806	0.473
			0.2689	-0.6789	-0.6832
			-0.5179	-0.8488	-0.1063
		b:
			80.7885
			93.6928
			-45.7696
			-70.4552
			-162.152
			-274.8148
	==================================================================================
	Q4:
		Shape: Polyhedra
		q_c:	409.0	4.5	367.0
		ub :	420.1502	16.0925	378.1932
		lb :	397.8498	-7.0925	355.8068
		A:
			0.819	-0.2689	-0.5069
			0.4017	-0.7603	-0.5104
			0.4073	-0.83	-0.3811
			-0.3759	-0.1722	-0.9105
			0.7398	-0.5242	0.4218
			-0.5745	0.815	0.0756
			0.6383	0.7425	0.2032
			0.7516	-0.6582	0.0441
			0.1665	0.1246	-0.9781
			-0.6383	-0.7425	-0.2032
			-0.7516	0.6582	-0.0441
			-0.1665	-0.1246	0.9781
		b:
			154.2193
			-19.6697
			29.3506
			-479.1731
			459.9215
			-199.1209
			349.9976
			324.1018
			-281.3195
			-327.9976
			-317.1018
			299.3195
	==================================================================================
	Q5:
		Shape: Ellipse
		q_c:	410.0	26.5	378.5
		ub :	420.4228	36.2912	387.0935
		lb :	399.5772	16.7088	369.9065
		P^-1:
			0.0286	-0.0183	-0.0001
			-0.0183	0.0332	-0.0008
			-0.0001	-0.0008	0.0177
	==================================================================================
	Q6:
		Shape: Polyhedra
		q_c:	416.5	5.5	374.0
		ub :	423.5561	10.9739	385.4332
		lb :	409.4439	0.0261	362.5668
		A:
			0.5599	-0.8148	0.15
			-0.6963	0.5763	-0.4279
			0.7096	-0.6552	0.2592
			0.3166	0.9482	-0.0255
			0.4474	-0.8826	0.1443
			0.8097	-0.554	0.1935
			0.7849	0.6101	0.1083
			0.5701	-0.7796	0.2593
			0.2426	-0.1417	-0.9597
			-0.7849	-0.6101	-0.1083
			-0.5701	0.7796	-0.2593
			-0.2426	0.1417	0.9597
		b:
			286.7285
			-444.3493
			390.5794
			131.3486
			237.4317
			408.8082
			375.2835
			331.6388
			-247.6628
			-366.2835
			-328.6388
			269.6628


===========================================================================================
===========================================================================================
S6:
	q_c:	303.5	257.5	395.0
	ub :	328.7949	281.473	415.2146
	lb :	281.5618	235.141	367.7236

	==================================================================================
	Q1:
		Shape: Polyhedra
		q_c:	303.0	267.5	392.0
		ub :	307.538	272.5231	394.3983
		lb :	298.462	262.4769	389.6017
		A:
			0.1502	-0.3398	-0.9284
			0.0861	-0.5264	0.8459
			0.2875	-0.1268	-0.9494
			-0.224	-0.2283	-0.9475
			-0.4116	-0.0484	-0.9101
			-0.6964	0.5025	-0.5125
			0.3756	0.0995	0.9214
			-0.7775	0.5749	0.2548
			-0.5044	-0.8121	0.2933
			-0.3756	-0.0995	-0.9214
			0.7775	-0.5749	-0.2548
			0.5044	0.8121	-0.2933
		b:
			-407.5867
			219.4599
			-316.853
			-499.574
			-493.8895
			-275.1937
			502.1183
			21.0917
			-251.1099
			-501.1183
			-15.0917
			259.1099
	==================================================================================
	Q2:
		Shape: Polyhedra
		q_c:	306.0	247.5	386.5
		ub :	318.3583	259.2688	398.1294
		lb :	293.6417	235.7312	374.8706
		A:
			0.5113	0.2704	-0.8158
			-0.1421	-0.133	0.9809
			-0.0333	-0.9187	0.3936
			0.0333	0.2969	-0.9543
			-0.2953	-0.4226	-0.8568
			0.651	-0.2821	0.7047
			0.6084	0.3337	0.7201
			-0.7759	0.4411	0.4511
			-0.1671	-0.8331	0.5272
			-0.6084	-0.3337	-0.7201
			0.7759	-0.4411	-0.4511
			0.1671	0.8331	-0.5272
		b:
			-83.294
			310.0519
			-78.6964
			-278.5977
			-520.4581
			407.7166
			551.5673
			57.0918
			-47.0482
			-542.5673
			-35.0918
			60.0482
	==================================================================================
	Q3:
		Shape: Hybrid
		q_c:	316.0	253.0	391.5
		ub :	328.7949	264.3333	398.9641
		lb :	303.2051	241.6667	384.0359
		P^-1:
			0.0469	0.0456	-0.1082
			0.0456	0.0852	-0.1514
			-0.1082	-0.1514	0.3392
		A:
			-0.3192	-0.2789	0.9057
			0.125	-0.632	0.7648
			0.7366	-0.6716	0.0797
			0.4287	0.7939	-0.4313
			0.3669	0.4229	-0.8286
			-0.3331	-0.2077	0.9197
		b:
			184.2215
			182.2043
			101.0878
			172.4864
			-100.4206
			203.7032
	==================================================================================
	Q4:
		Shape: Polyhedra
		q_c:	315.5	274.0	406.5
		ub :	324.2659	281.473	415.2146
		lb :	306.7341	266.527	397.7854
		A:
			0.36	0.9174	0.1694
			-0.3721	0.0113	0.9281
			0.3848	-0.9215	-0.0523
			-0.2564	-0.7569	0.6011
			0.5773	0.8165	-0.0052
			-0.583	-0.8123	-0.0176
			0.2762	0.7494	0.6017
			0.9535	-0.1348	-0.2697
			-0.121	0.6482	-0.7518
			-0.2762	-0.7494	-0.6017
			-0.9535	0.1348	0.2697
			0.121	-0.6482	0.7518
		b:
			437.8879
			269.2938
			-146.5963
			-37.5129
			408.7853
			-408.6752
			540.0896
			161.7305
			-159.6513
			-534.0896
			-146.7305
			172.6513
	==================================================================================
	Q5:
		Shape: Ellipse
		q_c:	289.0	253.5	392.5
		ub :	296.4382	260.5476	402.8454
		lb :	281.5618	246.4524	382.1546
		P^-1:
			0.0388	0.003	-0.0053
			0.003	0.0467	0.0089
			-0.0053	0.0089	0.0178
	==================================================================================
	Q6:
		Shape: Polyhedra
		q_c:	308.5	243.0	379.0
		ub :	319.5194	250.859	390.2764
		lb :	297.4806	235.141	367.7236
		A:
			0.645	-0.5762	0.5019
			-0.581	-0.3606	0.7296
			0.3494	-0.5377	0.7673
			-0.9625	-0.2404	-0.1255
			-0.1129	0.9836	0.1404
			-0.5546	0.8129	0.1779
			0.5238	0.7858	0.3288
			0.503	0.0262	-0.8639
			-0.6875	0.6179	-0.3816
			-0.5238	-0.7858	-0.3288
			-0.503	-0.0262	0.8639
			0.6875	-0.6179	0.3816
		b:
			255.2473
			17.7848
			274.6487
			-396.9859
			262.9288
			100.2154
			482.1641
			-157.3736
			-200.5492
			-472.1641
			174.3736
			212.5492


===========================================================================================
===========================================================================================
S7:
	q_c:	110.5	424.0	290.0
	ub :	123.9177	437.3736	298.5743
	lb :	100.0723	409.7652	281.6153

	==================================================================================
	Q1:
		Shape: Ellipse
		q_c:	109.5	431.5	291.0
		ub :	115.5889	437.1798	296.1547
		lb :	103.4111	425.8202	285.8453
		P^-1:
			0.1156	0.0533	0.0714
			0.0533	0.1154	0.0677
			0.0714	0.0677	0.1309
	==================================================================================
	Q2:
		Shape: Polyhedra
		q_c:	110.0	420.5	290.5
		ub :	115.7692	423.2936	296.3498
		lb :	104.2308	417.7064	284.6502
		A:
			0.211	-0.8778	-0.4302
			-0.9162	-0.3698	-0.1543
			-0.59	-0.787	-0.1806
			0.9787	0.1541	0.1356
			0.6375	0.7684	-0.0558
			0.3313	0.9238	0.1919
			0.2102	0.9649	0.1571
			0.7464	-0.0546	-0.6633
			-0.6315	0.2567	-0.7317
			-0.2102	-0.9649	-0.1571
			-0.7464	0.0546	0.6633
			0.6315	-0.2567	0.7317
		b:
			-468.687
			-297.6744
			-446.1134
			215.6563
			379.2551
			482.2353
			476.0306
			-130.0394
			-169.5645
			-473.0306
			137.0394
			178.5645
	==================================================================================
	Q3:
		Shape: Polyhedra
		q_c:	118.0	424.5	294.0
		ub :	122.3315	428.6903	298.5743
		lb :	113.6685	420.3097	289.4257
		A:
			-0.6361	-0.5849	-0.5032
			-0.13	-0.9657	0.2247
			0.971	0.2306	-0.0638
			-0.4256	-0.1521	0.8921
			0.6342	0.7519	0.1803
			0.3886	-0.1863	0.9024
			0.6564	0.258	0.7089
			0.132	-0.9645	0.2287
			0.7428	-0.0565	-0.6671
			-0.6564	-0.258	-0.7089
			-0.132	0.9645	-0.2287
			-0.7428	0.0565	0.6671
		b:
			-468.6427
			-355.7525
			196.5035
			150.4936
			449.945
			234.8528
			397.9003
			-323.0999
			-129.4814
			-392.9003
			330.0999
			135.4814
	==================================================================================
	Q4:
		Shape: Hybrid
		q_c:	106.0	415.5	286.5
		ub :	111.9277	421.2348	291.3396
		lb :	100.0723	409.7652	281.6604
		P^-1:
			0.0816	0.0	0.0
			0.0	0.0816	-0.0
			0.0	-0.0	0.0816
		A:
			-0.3681	0.8444	0.3892
			0.7303	-0.1937	0.6551
			0.8052	0.5101	0.3025
			-0.3663	0.8299	0.4209
			-0.6019	-0.7924	-0.0988
			-0.5262	0.0571	-0.8484
		b:
			425.0933
			186.3784
			385.7043
			428.3067
			-419.6068
			-273.3636
	==================================================================================
	Q5:
		Shape: Ellipse
		q_c:	118.5	431.0	291.0
		ub :	123.9177	436.2553	296.348
		lb :	113.0823	425.7447	285.652
		P^-1:
			0.0618	-0.0475	0.043
			-0.0475	0.1542	-0.0824
			0.043	-0.0824	0.1365
	==================================================================================
	Q6:
		Shape: Ellipse
		q_c:	116.5	431.5	287.5
		ub :	122.9325	437.3736	293.3847
		lb :	110.0675	425.6264	281.6153
		P^-1:
			0.059	0.0204	0.0092
			0.0204	0.0927	0.0196
			0.0092	0.0196	0.0582


===========================================================================================
===========================================================================================
S8:
	q_c:	133.0	105.5	411.5
	ub :	152.6005	121.5425	428.2654
	lb :	120.1313	84.1136	400.1639

	==================================================================================
	Q1:
		Shape: Polyhedra
		q_c:	126.5	115.0	417.5
		ub :	132.8687	121.5425	422.4654
		lb :	120.1313	108.4575	412.5346
		A:
			0.2188	0.3363	0.916
			-0.9503	-0.1137	0.2897
			-0.3412	0.5763	0.7426
			-0.7498	0.2648	0.6064
			-0.0423	-0.4004	-0.9153
			0.5712	0.5779	0.583
			0.1426	0.5324	0.8344
			0.681	0.559	-0.473
			-0.7183	0.6357	-0.2828
			-0.1426	-0.5324	-0.8344
			-0.681	-0.559	0.473
			0.7183	-0.6357	0.2828
		b:
			451.5121
			-8.5235
			336.4793
			192.6138
			-431.0519
			384.8364
			430.1318
			-44.5612
			-129.8301
			-425.1318
			49.5612
			141.8301
	==================================================================================
	Q2:
		Shape: Hybrid
		q_c:	137.0	92.0	421.5
		ub :	142.8899	99.8864	428.2654
		lb :	131.1101	84.1136	414.7346
		P^-1:
			0.086	-0.0355	-0.0143
			-0.0355	0.0529	0.0007
			-0.0143	0.0007	0.0494
		A:
			0.7108	-0.7028	-0.0267
			0.7905	-0.2284	-0.5682
			0.9577	-0.237	0.1631
			0.5158	-0.425	-0.7439
			-0.6327	0.7743	-0.0095
			0.2775	0.7739	-0.5692
		b:
			23.1558
			-150.3494
			180.3556
			-279.6617
			-17.5429
			-127.2011
	==================================================================================
	Q3:
		Shape: Hybrid
		q_c:	130.0	95.0	421.0
		ub :	135.8174	101.5287	427.3511
		lb :	124.1826	88.4713	414.6489
		P^-1:
			0.0755	-0.0055	-0.008
			-0.0055	0.0635	0.0076
			-0.008	0.0076	0.0545
		A:
			0.0489	0.9833	-0.1755
			-0.3413	0.2282	-0.9118
			-0.2947	0.949	-0.1121
			0.162	-0.4292	-0.8885
			-0.2702	-0.895	0.3549
			0.1343	0.929	-0.3449
		b:
			28.2641
			-403.8464
			6.8901
			-391.5524
			31.7083
			-37.0328
	==================================================================================
	Q4:
		Shape: Polyhedra
		q_c:	144.5	111.5	416.5
		ub :	152.6005	119.7032	423.3316
		lb :	136.3995	103.2968	409.6684
		A:
			0.3234	-0.8312	0.4522
			-0.6862	0.5646	-0.4586
			-0.4408	-0.6683	-0.5993
			0.3058	-0.7187	0.6245
			-0.2014	0.791	0.5777
			0.446	-0.8637	0.2349
			0.4508	0.8481	0.2784
			0.8132	-0.2617	-0.5198
			-0.3679	0.4608	-0.8077
			-0.4508	-0.8481	-0.2784
			-0.8132	0.2617	0.5198
			0.3679	-0.4608	0.8077
		b:
			146.4321
			-223.6725
			-381.6216
			227.6468
			305.5886
			70.4294
			282.1706
			-123.1437
			-335.1858
			-269.1706
			133.1437
			341.1858
	==================================================================================
	Q5:
		Shape: Hybrid
		q_c:	138.0	108.5	408.5
		ub :	144.3931	116.3627	416.8361
		lb :	131.6069	100.6373	400.1639
		P^-1:
			0.0821	-0.0785	-0.0544
			-0.0785	0.1392	0.0819
			-0.0544	0.0819	0.0769
		A:
			-0.1621	-0.3176	-0.9343
			0.6185	-0.7336	-0.2817
			0.6854	-0.6996	-0.202
			0.4546	-0.849	-0.2694
			-0.7572	0.4793	0.4437
			0.028	-0.9627	0.2692
		b:
			-434.0971
			-107.7828
			-61.9174
			-137.7809
			130.6145
			14.1287
	==================================================================================
	Q6:
		Shape: Hybrid
		q_c:	139.5	112.5	418.5
		ub :	145.7696	117.6955	424.7794
		lb :	133.2304	107.3045	412.2206
		P^-1:
			0.1003	0.0401	0.0339
			0.0401	0.1026	0.027
			0.0339	0.027	0.0596
		A:
			0.3823	0.8346	0.3965
			0.1802	0.9625	-0.2027
			0.5837	0.7804	0.2244
			-0.2646	-0.5992	-0.7557
			0.8205	-0.2327	0.5221
			-0.2249	-0.5078	-0.8316
		b:
			314.6436
			50.961
			264.5159
			-418.4785
			309.0858
			-434.1797


===========================================================================================
===========================================================================================
S9:
	q_c:	458.0	286.5	55.0
	ub :	470.8818	301.552	71.1276
	lb :	445.7456	264.1083	35.2106

	==================================================================================
	Q1:
		Shape: Polyhedra
		q_c:	450.0	285.0	64.5
		ub :	454.2544	291.8459	70.8658
		lb :	445.7456	278.1541	58.1342
		A:
			-0.3668	-0.0582	0.9285
			-0.228	0.4002	0.8876
			0.7597	-0.3688	-0.5356
			0.6435	-0.5144	-0.5668
			0.5466	-0.4461	-0.7087
			0.8578	-0.2819	-0.4298
			0.7102	0.4887	0.5068
			0.0642	-0.7617	0.6447
			0.7011	-0.4253	-0.5723
			-0.7102	-0.4887	-0.5068
			-0.0642	0.7617	-0.6447
			-0.7011	0.4253	0.5723
		b:
			-118.221
			71.517
			202.9014
			107.1592
			74.255
			279.3174
			496.5514
			-141.1304
			157.8595
			-486.5514
			152.1304
			-156.8595
	==================================================================================
	Q2:
		Shape: Hybrid
		q_c:	464.0	279.5	55.5
		ub :	470.8818	284.0936	62.3779
		lb :	457.1182	274.9064	48.6221
		P^-1:
			0.0946	-0.0648	0.059
			-0.0648	0.1607	-0.0679
			0.059	-0.0679	0.0903
		A:
			0.4723	-0.7892	0.3926
			0.537	-0.6317	0.5591
			-0.2469	0.6342	-0.7327
			-0.5179	0.5565	-0.6497
			0.1155	0.8739	-0.4722
			-0.313	-0.4728	0.8237
		b:
			21.4136
			104.6873
			23.7116
			-119.6371
			273.838
			-228.1097
	==================================================================================
	Q3:
		Shape: Polyhedra
		q_c:	456.5	286.0	50.0
		ub :	462.7112	291.66	56.1222
		lb :	450.2888	280.34	43.8778
		A:
			-0.6077	0.6855	0.401
			0.0893	0.1975	0.9762
			-0.1174	-0.4126	0.9033
			-0.4085	0.1264	-0.904
			-0.2447	0.2855	-0.9266
			-0.471	0.0787	-0.8786
			0.0692	0.722	0.6884
			-0.9844	-0.0625	0.1646
			0.1618	-0.6891	0.7064
			-0.0692	-0.722	-0.6884
			0.9844	0.0625	-0.1646
			-0.1618	0.6891	-0.7064
		b:
			-56.5073
			150.1339
			-122.9654
			-191.8384
			-73.0165
			-232.5679
			277.0152
			-453.5219
			-84.8783
			-268.0152
			464.5219
			90.8783
	==================================================================================
	Q4:
		Shape: Hybrid
		q_c:	460.5	272.5	64.0
		ub :	469.2177	280.8917	71.1276
		lb :	451.7823	264.1083	56.8724
		P^-1:
			0.0378	0.0066	-0.0105
			0.0066	0.0325	-0.0091
			-0.0105	-0.0091	0.053
		A:
			-0.5057	-0.2428	-0.8279
			0.1578	-0.8095	0.5655
			-0.6689	-0.4894	0.5595
			0.9178	0.255	-0.3044
			-0.9832	-0.1822	-0.008
			-0.0003	-0.3514	-0.9362
		b:
			-348.6745
			-108.5719
			-403.3515
			475.392
			-499.72
			-152.7705
	==================================================================================
	Q5:
		Shape: Polyhedra
		q_c:	458.5	292.5	44.0
		ub :	467.9968	301.552	52.7894
		lb :	449.0032	283.448	35.2106
		A:
			0.6682	-0.6622	-0.3393
			0.6694	0.6002	0.4378
			-0.1682	0.3084	0.9363
			0.6888	0.0696	-0.7216
			-0.4522	0.5589	0.6951
			-0.9545	-0.199	0.2222
			0.6235	0.7076	0.3325
			0.6405	-0.2186	-0.7362
			-0.4482	0.672	-0.5895
			-0.6235	-0.7076	-0.3325
			-0.6405	0.2186	0.7362
			0.4482	-0.672	0.5895
		b:
			102.7807
			508.2041
			59.5881
			309.5461
			-8.076
			-480.3519
			513.9855
			202.3701
			-29.9002
			-500.9855
			-192.3701
			39.9002
	==================================================================================
	Q6:
		Shape: Polyhedra
		q_c:	459.0	278.5	50.5
		ub :	465.3964	285.3309	57.9868
		lb :	452.6036	271.6691	43.0132
		A:
			-0.4852	0.6638	-0.5692
			0.6181	0.7859	0.0183
			-0.7194	0.6565	-0.2269
			-0.7314	0.482	0.4825
			-0.6321	0.7676	-0.1066
			-0.9996	0.0135	-0.0241
			0.2689	0.723	0.6363
			0.6593	0.3435	-0.6689
			-0.7022	0.5994	-0.3843
			-0.2689	-0.723	-0.6363
			-0.6593	-0.3435	0.6689
			0.7022	-0.5994	0.3843
		b:
			-63.7692
			508.4942
			-156.2409
			-172.8697
			-78.852
			-452.3796
			361.9319
			369.4795
			-172.2792
			-351.9319
			-359.4795
			177.2792


===========================================================================================
===========================================================================================
S10:
	q_c:	297.0	103.0	178.0
	ub :	305.4478	114.6492	187.585
	lb :	286.1424	93.3281	167.7921

	==================================================================================
	Q1:
		Shape: Polyhedra
		q_c:	300.5	101.5	178.5
		ub :	305.4478	103.3984	183.4044
		lb :	295.5522	99.6016	173.5956
		A:
			0.2261	0.9328	0.2806
			-0.9016	-0.3139	-0.2975
			0.8182	-0.3814	-0.4302
			0.0245	-0.7787	-0.6269
			0.544	0.8325	-0.1044
			-0.2314	-0.8696	-0.4362
			0.5303	0.0025	0.8478
			-0.8424	0.1142	0.5266
			-0.0955	-0.9935	0.0626
			-0.5303	-0.0025	-0.8478
			0.8424	-0.1142	-0.5266
			0.0955	0.9935	-0.0626
		b:
			214.6097
			-352.6216
			133.7507
			-180.954
			231.4512
			-233.4609
			314.4473
			-144.0402
			-116.8571
			-307.4473
			151.0402
			119.8571
	==================================================================================
	Q2:
		Shape: Polyhedra
		q_c:	300.0	105.5	173.0
		ub :	302.7065	107.6694	174.7617
		lb :	297.2935	103.3306	171.2383
		A:
			0.0478	-0.9956	-0.0802
			-0.1356	0.1423	0.9805
			0.4265	0.8275	-0.365
			0.0562	-0.0252	-0.9981
			0.2015	0.8999	0.3868
			0.4751	0.6105	-0.6337
			0.0152	0.4749	0.8799
			-0.9178	0.3558	-0.1762
			-0.3968	-0.8049	0.4413
			-0.0152	-0.4749	-0.8799
			0.9178	-0.3558	0.1762
			0.3968	0.8049	-0.4413
		b:
			-103.2509
			144.9744
			153.1209
			-157.4392
			223.3107
			98.3467
			207.8901
			-265.7773
			-126.605
			-205.8901
			270.7773
			128.605
	==================================================================================
	Q3:
		Shape: Hybrid
		q_c:	291.0	105.0	183.0
		ub :	295.8576	108.2018	187.585
		lb :	286.1424	101.7982	178.415
		P^-1:
			0.1233	-0.0153	-0.0864
			-0.0153	0.2482	-0.0104
			-0.0864	-0.0104	0.191
		A:
			-0.4507	-0.1346	0.8825
			-0.7911	-0.1131	0.6011
			0.3574	-0.9242	0.1348
			-0.3232	-0.0348	0.9457
			-0.0244	-0.8821	-0.4705
			-0.8507	0.3893	0.3533
		b:
			17.232
			-130.805
			32.8536
			76.5436
			-184.4228
			-140.4456
	==================================================================================
	Q4:
		Shape: Ellipse
		q_c:	295.0	109.5	180.5
		ub :	299.9762	114.6492	185.3586
		lb :	290.0238	104.3508	175.6414
		P^-1:
			0.1173	0.0237	-0.0287
			0.0237	0.1054	-0.005
			-0.0287	-0.005	0.1301
	==================================================================================
	Q5:
		Shape: Polyhedra
		q_c:	291.5	98.0	181.5
		ub :	295.7168	102.6719	185.8256
		lb :	287.2832	93.3281	177.1744
		A:
			-0.3005	0.0222	-0.9535
			-0.6374	0.0756	-0.7668
			0.6832	0.5589	-0.4699
			0.8244	-0.2451	-0.5102
			0.888	0.4353	-0.1486
			-0.0643	-0.8773	0.4756
			0.4545	0.5494	0.7011
			-0.5103	0.8058	-0.3006
			-0.7301	-0.2211	0.6466
			-0.4545	-0.5494	-0.7011
			0.5103	-0.8058	0.3006
			0.7301	0.2211	-0.6466
		b:
			-255.3211
			-314.2494
			170.5062
			125.6636
			276.809
			-15.7605
			317.0904
			-121.332
			-115.6371
			-310.0904
			127.332
			118.6371
	==================================================================================
	Q6:
		Shape: Hybrid
		q_c:	296.5	108.0	173.0
		ub :	301.9618	112.9283	178.2079
		lb :	291.0382	103.0717	167.7921
		P^-1:
			0.1419	-0.0881	-0.0095
			-0.0881	0.174	-0.0333
			-0.0095	-0.0333	0.0947
		A:
			0.163	0.547	-0.8211
			0.543	-0.8285	-0.1374
			0.9564	-0.154	0.2483
			-0.9352	0.3266	-0.1367
			-0.821	0.479	0.3109
			-0.4872	-0.015	0.8732
		b:
			-32.8144
			48.9748
			312.1553
			-263.8861
			-136.5602
			7.0161


===========================================================================================
===========================================================================================
S11:
	q_c:	386.0	255.5	231.5
	ub :	398.8168	270.1523	239.4271
	lb :	374.8077	241.4738	217.9154

	==================================================================================
	Q1:
		Shape: Ellipse
		q_c:	381.0	248.5	235.5
		ub :	387.1923	253.9553	239.4271
		lb :	374.8077	243.0447	231.5729
		P^-1:
			0.0535	0.0278	-0.003
			0.0278	0.0977	0.0015
			-0.003	0.0015	0.111
	==================================================================================
	Q2:
		Shape: Polyhedra
		q_c:	380.5	253.5	223.0
		ub :	382.9782	258.6217	228.0846
		lb :	378.0218	248.3783	217.9154
		A:
			0.3397	0.9356	-0.096
			-0.8635	0.0665	-0.4999
			-0.5667	0.6212	-0.5412
			0.7864	-0.6165	-0.0398
			0.9263	0.2688	-0.264
			0.9357	-0.3498	-0.0458
			0.0189	0.7175	0.6963
			-0.9923	0.0985	-0.0745
			-0.1221	-0.6896	0.7139
			-0.0189	-0.7175	-0.6963
			0.9923	-0.0985	0.0745
			0.1221	0.6896	-0.7139
		b:
			348.4547
			-420.8396
			-175.9348
			136.5946
			364.1678
			259.3011
			347.8709
			-367.2276
			-58.5577
			-340.8709
			371.2276
			65.5577
	==================================================================================
	Q3:
		Shape: Ellipse
		q_c:	393.5	253.5	226.5
		ub :	398.8168	260.9085	232.7554
		lb :	388.1832	246.0915	220.2446
		P^-1:
			0.0739	-0.0086	0.019
			-0.0086	0.0306	-0.0216
			0.019	-0.0216	0.0928
	==================================================================================
	Q4:
		Shape: Ellipse
		q_c:	383.0	246.5	226.0
		ub :	388.6852	251.5262	230.4302
		lb :	377.3148	241.4738	221.5698
		P^-1:
			0.1136	0.0256	-0.0782
			0.0256	0.0917	0.013
			-0.0782	0.013	0.2052
	==================================================================================
	Q5:
		Shape: Ellipse
		q_c:	384.0	261.5	227.5
		ub :	390.3472	268.1261	232.8323
		lb :	377.6528	254.8739	222.1677
		P^-1:
			0.0625	0.0	-0.0
			0.0	0.0625	-0.0
			-0.0	-0.0	0.0625
	==================================================================================
	Q6:
		Shape: Ellipse
		q_c:	384.5	263.0	230.5
		ub :	393.3593	270.1523	239.0971
		lb :	375.6407	255.8477	221.9029
		P^-1:
			0.0386	-0.014	0.0131
			-0.014	0.0595	-0.02
			0.0131	-0.02	0.0444


===========================================================================================
===========================================================================================
S12:
	q_c:	228.5	332.5	132.5
	ub :	256.1134	349.7862	152.4947
	lb :	204.1089	320.1263	112.021

	==================================================================================
	Q1:
		Shape: Ellipse
		q_c:	240.5	332.5	124.0
		ub :	249.4128	340.8999	134.1507
		lb :	231.5872	324.1001	113.8493
		P^-1:
			0.0382	-0.0323	-0.0163
			-0.0323	0.0769	0.031
			-0.0163	0.031	0.0342
	==================================================================================
	Q2:
		Shape: Hybrid
		q_c:	225.0	342.5	127.5
		ub :	234.2696	349.7862	132.0696
		lb :	215.7304	335.2138	122.9304
		P^-1:
			0.0343	-0.0391	-0.0048
			-0.0391	0.0885	0.0087
			-0.0048	0.0087	0.0646
		A:
			-0.0338	0.7711	-0.6358
			0.6686	-0.7165	0.1989
			-0.7789	0.5684	0.265
			0.1491	-0.6027	-0.7839
			-0.502	0.8048	0.3166
			-0.2447	0.9463	0.2113
		b:
			178.3886
			-67.3194
			56.2122
			-270.6739
			204.6441
			297.9571
	==================================================================================
	Q3:
		Shape: Polyhedra
		q_c:	229.0	337.5	134.5
		ub :	238.3311	346.4267	142.0992
		lb :	219.6689	328.5733	126.9008
		A:
			-0.8875	0.0828	0.4532
			-0.5796	0.6561	-0.4833
			-0.8064	-0.1942	0.5585
			0.3402	0.1796	-0.923
			-0.9123	0.3759	-0.1626
			-0.8641	-0.3167	0.3911
			0.909	0.0583	0.4128
			-0.4011	-0.1477	0.9041
			0.1137	-0.9873	-0.1109
			-0.909	-0.0583	-0.4128
			0.4011	0.1477	-0.9041
			-0.1137	0.9873	0.1109
		b:
			-108.5234
			31.2077
			-169.927
			18.4026
			-96.3728
			-246.3317
			290.8505
			-16.1096
			-314.0957
			-275.8505
			24.1096
			330.0957
	==================================================================================
	Q4:
		Shape: Polyhedra
		q_c:	245.5	327.0	119.0
		ub :	256.1134	333.8737	125.979
		lb :	234.8866	320.1263	112.021
		A:
			0.3154	-0.9212	0.2281
			0.7699	-0.5853	-0.2542
			0.5174	-0.7532	0.4062
			0.1772	-0.4807	-0.8588
			0.7078	-0.2489	0.6611
			0.3941	0.0576	0.9173
			0.137	0.9655	0.2213
			0.9814	-0.1019	-0.1627
			-0.1345	0.2395	-0.9615
			-0.137	-0.9655	-0.2213
			-0.9814	0.1019	0.1627
			0.1345	-0.2395	0.9615
		b:
			-190.9391
			-24.1027
			-64.5684
			-210.2694
			177.8536
			229.676
			380.6928
			197.7438
			-64.6334
			-370.6928
			-178.7438
			73.6334
	==================================================================================
	Q5:
		Shape: Hybrid
		q_c:	230.5	335.5	147.0
		ub :	239.1676	342.8264	152.4947
		lb :	221.8324	328.1736	141.5053
		P^-1:
			0.0139	0.0001	0.0005
			0.0001	0.0205	-0.001
			0.0005	-0.001	0.0399
		A:
			0.1036	-0.0427	-0.9937
			0.6739	0.7366	0.0575
			-0.4108	-0.6702	0.6182
			-0.1204	0.4814	-0.8682
			0.4729	-0.8017	-0.3657
			-0.3772	0.5273	-0.7614
		b:
			-133.9547
			416.1134
			-224.5902
			9.1279
			-209.0026
			-18.3929
	==================================================================================
	Q6:
		Shape: Ellipse
		q_c:	214.5	336.5	137.5
		ub :	224.8911	346.9237	146.8914
		lb :	204.1089	326.0763	128.1086
		P^-1:
			0.0284	0.0071	0.0031
			0.0071	0.021	0.0068
			0.0031	0.0068	0.0341


===========================================================================================
