3D_35_10_6_d                l = 3

===========================================================================================
===========================================================================================
S1:
	q_c:    180.0000    174.0000    391.0000
	ub :    193.0000    192.0000    421.0000
	lb :    167.0000    156.0000    361.0000

	==================================================================================
	Q1:
		Shape: Ellipse
		q_c:    188.0000    184.0000    381.0000
		ub :    196.8195    193.2183    392.5673
		lb :    179.1805    174.7817    369.4327
		P^-1: 
			    0.0279    0.0042    -0.0016
			    0.0042    0.0345    0.0100
			    -0.0016    0.0100    0.0177
	==================================================================================
	Q2:
		Shape: Hybrid
		q_c:    171.0000    169.0000    399.5000
		ub :    180.9060    180.2246    409.6708
		lb :    161.0940    157.7754    389.3292
		P^-1: 
			    0.0182    0.0014    -0.0015
			    0.0014    0.0232    -0.0056
			    -0.0015    -0.0056    0.0198
		A:
			    0.4620    0.4726    -0.7505
			    -0.4313    0.8559    0.2852
			    -0.6397    0.3323    0.6930
			    0.5469    0.8370    -0.0182
			    -0.3026    0.9381    0.1684
			    0.3428    -0.1756    -0.9229
		b:
			    -137.6176
			    189.3398
			    228.2390
			    231.5138
			    178.3187
			    -335.2231
	==================================================================================
	Q3:
		Shape: Hybrid
		q_c:    192.5000    165.0000    404.0000
		ub :    200.7767    176.8246    414.9922
		lb :    184.2233    153.1754    393.0078
		P^-1: 
			    0.0394    -0.0033    -0.0022
			    -0.0033    0.0205    -0.0131
			    -0.0022    -0.0131    0.0312
		A:
			    0.1825    -0.1823    0.9662
			    -0.4147    0.5277    -0.7413
			    0.1906    0.2907    0.9376
			    0.8014    0.3247    0.5023
			    -0.0807    -0.7409    0.6668
			    0.7036    0.1830    -0.6866
		b:
			    398.8589
			    -289.7275
			    469.0275
			    415.5841
			    134.5111
			    -109.1338
	==================================================================================
	Q4:
		Shape: Ellipse
		q_c:    176.5000    168.5000    402.5000
		ub :    187.5970    176.6689    413.2962
		lb :    165.4030    160.3311    391.7038
		P^-1: 
			    0.0280    -0.0197    0.0127
			    -0.0197    0.0557    -0.0244
			    0.0127    -0.0244    0.0335
	==================================================================================
	Q5:
		Shape: Ellipse
		q_c:    184.5000    176.5000    384.0000
		ub :    190.3000    182.7938    391.2414
		lb :    178.7000    170.2062    376.7586
		P^-1: 
			    0.0850    -0.0065    0.0169
			    -0.0065    0.0942    -0.0268
			    0.0169    -0.0268    0.0372
	==================================================================================
	Q6:
		Shape: Hybrid
		q_c:    170.5000    174.5000    386.5000
		ub :    184.6694    188.3915    398.3177
		lb :    156.3306    160.6085    374.6823
		P^-1: 
			    0.0124    -0.0007    -0.0018
			    -0.0007    0.0137    -0.0017
			    -0.0018    -0.0017    0.0166
		A:
			    -0.5979    0.5005    -0.6261
			    -0.8646    -0.2101    0.4564
			    -0.7921    -0.5061    0.3412
			    -0.5199    -0.4049    0.7522
			    -0.5400    -0.0274    -0.8412
			    -0.7696    0.6049    0.2046
		b:
			    -251.9200
			    -3.0324
			    -86.6182
			    135.3656
			    -416.9467
			    58.1764


===========================================================================================
===========================================================================================
S2:
	q_c:    52.0000    128.0000    475.0000
	ub :    78.0000    144.0000    492.0000
	lb :    26.0000    112.0000    458.0000

	==================================================================================
	Q1:
		Shape: Ellipse
		q_c:    37.0000    118.5000    479.0000
		ub :    45.7971    126.0309    486.8461
		lb :    28.2029    110.9691    471.1539
		P^-1: 
			    0.0377    0.0008    0.0032
			    0.0008    0.0397    -0.0011
			    0.0032    -0.0011    0.0356
	==================================================================================
	Q2:
		Shape: Ellipse
		q_c:    61.0000    127.0000    470.0000
		ub :    65.6874    132.6305    475.9592
		lb :    56.3126    121.3695    464.0408
		P^-1: 
			    0.1100    -0.0031    0.0082
			    -0.0031    0.1024    0.0231
			    0.0082    0.0231    0.0498
	==================================================================================
	Q3:
		Shape: Hybrid
		q_c:    38.5000    129.0000    471.5000
		ub :    46.2182    136.0898    479.4337
		lb :    30.7818    121.9102    463.5663
		P^-1: 
			    0.0431    0.0013    0.0042
			    0.0013    0.0491    -0.0009
			    0.0042    -0.0009    0.0465
		A:
			    0.0523    -0.0704    -0.9962
			    0.0803    0.4230    -0.9026
			    0.4334    0.9010    -0.0179
			    -0.3066    0.6467    0.6984
			    -0.1270    0.4294    0.8942
			    -0.7395    -0.6105    0.2835
		b:
			    -474.3091
			    -365.5388
			    126.7676
			    403.4322
			    474.5719
			    28.8890
	==================================================================================
	Q4:
		Shape: Hybrid
		q_c:    45.0000    118.0000    486.0000
		ub :    53.1416    125.7778    494.2419
		lb :    36.8584    110.2222    477.7581
		P^-1: 
			    0.0282    0.0022    0.0007
			    0.0022    0.0383    0.0036
			    0.0007    0.0036    0.0290
		A:
			    0.5952    -0.7886    -0.1542
			    -0.6948    0.6603    -0.2850
			    0.8990    0.3921    -0.1950
			    -0.6169    -0.7835    0.0747
			    -0.5988    0.4348    -0.6726
			    -0.8934    -0.4446    -0.0647
		b:
			    -138.1312
			    -88.4849
			    -4.7594
			    -81.0478
			    -299.0228
			    -120.9641
	==================================================================================
	Q5:
		Shape: Polyhedra
		q_c:    46.0000    112.5000    467.0000
		ub :    51.0437    119.9495    474.4708
		lb :    40.9563    105.0505    459.5292
		A:
			    0.9089    -0.4039    0.1040
			    0.2294    0.9715    0.0594
			    0.6943    -0.6886    -0.2093
			    0.7728    -0.0860    -0.6288
			    -0.4043    0.4372    -0.8033
			    -0.9932    0.0731    -0.0902
			    0.4430    0.6573    0.6096
			    0.8882    -0.2296    -0.3979
			    -0.1216    0.7178    -0.6856
			    -0.4430    -0.6573    -0.6096
			    -0.8882    0.2296    0.3979
			    0.1216    -0.7178    0.6856
		b:
			    48.2809
			    152.6062
			    -139.9437
			    -264.9899
			    -339.6092
			    -76.2845
			    384.0262
			    -168.3106
			    -239.9982
			    -374.0262
			    173.3106
			    249.9982
	==================================================================================
	Q6:
		Shape: Ellipse
		q_c:    46.0000    126.5000    481.5000
		ub :    53.5166    131.9181    488.4062
		lb :    38.4834    121.0819    474.5938
		P^-1: 
			    0.0640    0.0529    0.0670
			    0.0529    0.1225    0.0812
			    0.0670    0.0812    0.1365


===========================================================================================
===========================================================================================
S3:
	q_c:    474.5000    100.5000    400.5000
	ub :    488.0000    105.0000    415.0000
	lb :    461.0000    96.0000    386.0000

	==================================================================================
	Q1:
		Shape: Hybrid
		q_c:    477.5000    97.5000    404.5000
		ub :    478.9089    99.8796    406.3964
		lb :    476.0911    95.1204    402.6036
		P^-1: 
			    0.9776    -0.1094    0.0660
			    -0.1094    0.4665    0.3218
			    0.0660    0.3218    0.8059
		A:
			    -0.8457    0.4596    0.2711
			    0.7866    -0.1449    0.6002
			    -0.5873    0.0988    -0.8033
			    -0.2268    0.6846    0.6927
			    0.2235    -0.8157    -0.5335
			    -0.7821    0.4185    -0.4617
		b:
			    -248.8372
			    604.8903
			    -595.0437
			    239.1903
			    -187.9306
			    -518.6541
	==================================================================================
	Q2:
		Shape: Hybrid
		q_c:    474.5000    97.0000    400.0000
		ub :    475.8414    98.6265    402.1571
		lb :    473.1586    95.3735    397.8429
		P^-1: 
			    3.3030    -1.3694    -0.3598
			    -1.3694    1.0988    0.1546
			    -0.3598    0.1546    0.2926
		A:
			    -0.9328    0.1438    0.3306
			    -0.9772    0.1999    -0.0708
			    0.2350    -0.7544    -0.6129
			    -0.8046    0.1403    -0.5770
			    -0.3501    0.9027    -0.2503
			    -0.7649    0.6269    -0.1481
		b:
			    -295.9104
			    -472.1967
			    -205.6065
			    -597.8000
			    -177.7246
			    -360.8622
	==================================================================================
	Q3:
		Shape: Polyhedra
		q_c:    476.0000    97.0000    404.5000
		ub :    477.8808    100.0639    407.3223
		lb :    474.1192    93.9361    401.6777
		A:
			    0.4290    0.9031    -0.0213
			    0.6320    -0.1743    -0.7551
			    -0.8401    0.1665    0.5163
			    -0.3751    0.8907    0.2569
			    -0.9342    -0.3566    0.0119
			    0.8588    0.0266    0.5116
			    0.2792    0.5732    0.7704
			    0.2100    0.7464    -0.6315
			    -0.9370    0.3381    0.0880
			    -0.2792    -0.5732    -0.7704
			    -0.2100    -0.7464    0.6315
			    0.9370    -0.3381    -0.0880
		b:
			    285.3559
			    -19.9538
			    -173.5326
			    13.3185
			    -472.8990
			    619.5811
			    501.6057
			    -80.5611
			    -376.6247
			    -498.6057
			    85.5611
			    378.6247
	==================================================================================
	Q4:
		Shape: Polyhedra
		q_c:    472.5000    102.5000    401.5000
		ub :    475.0946    105.3439    404.8868
		lb :    469.9054    99.6561    398.1132
		A:
			    -0.9304    0.2661    -0.2522
			    -0.6788    -0.4554    -0.5760
			    0.7287    -0.4567    0.5103
			    -0.9213    0.2254    -0.3170
			    0.8824    -0.4543    0.1227
			    -0.9430    0.2294    -0.2410
			    0.8790    0.2049    0.4305
			    -0.3787    -0.2485    0.8915
			    0.2897    -0.9467    -0.1409
			    -0.8790    -0.2049    -0.4305
			    0.3787    0.2485    -0.8915
			    -0.2897    0.9467    0.1409
		b:
			    -512.2431
			    -597.4921
			    504.0414
			    -538.2161
			    421.1851
			    -517.5201
			    610.1953
			    156.5123
			    -14.7281
			    -608.1953
			    -150.5123
			    18.7281
	==================================================================================
	Q5:
		Shape: Ellipse
		q_c:    471.5000    97.5000    399.5000
		ub :    475.7730    102.0119    403.5350
		lb :    467.2270    92.9881    395.4650
		P^-1: 
			    0.1124    0.0082    -0.0102
			    0.0082    0.1647    -0.0671
			    -0.0102    -0.0671    0.1952
	==================================================================================
	Q6:
		Shape: Polyhedra
		q_c:    471.0000    98.0000    405.0000
		ub :    475.0248    102.0084    408.6095
		lb :    466.9752    93.9916    401.3905
		A:
			    -0.6192    -0.0297    -0.7847
			    0.4456    -0.8030    0.3957
			    0.7022    -0.6282    0.3351
			    -0.7649    0.6400    0.0733
			    -0.3973    0.2085    -0.8937
			    0.9872    -0.0856    0.1344
			    0.4363    0.8723    0.2208
			    0.5932    -0.0943    -0.7995
			    -0.6766    0.4798    -0.5586
			    -0.4363    -0.8723    -0.2208
			    -0.5932    0.0943    0.7995
			    0.6766    -0.4798    0.5586
		b:
			    -610.1764
			    293.4258
			    406.4996
			    -265.8396
			    -526.7751
			    513.1794
			    383.8992
			    -51.1541
			    -496.3832
			    -376.8992
			    56.1541
			    499.3832


===========================================================================================
===========================================================================================
S4:
	q_c:    378.5000    327.0000    512.5000
	ub :    397.0000    345.0000    531.0000
	lb :    360.0000    309.0000    494.0000

	==================================================================================
	Q1:
		Shape: Ellipse
		q_c:    374.0000    308.0000    503.0000
		ub :    384.4802    317.8355    512.5408
		lb :    363.5198    298.1645    493.4592
		P^-1: 
			    0.0277    -0.0101    0.0036
			    -0.0101    0.0316    -0.0114
			    0.0036    -0.0114    0.0357
	==================================================================================
	Q2:
		Shape: Ellipse
		q_c:    398.5000    330.0000    521.5000
		ub :    410.1194    342.7519    534.2319
		lb :    386.8806    317.2481    508.7681
		P^-1: 
			    0.0181    -0.0041    -0.0062
			    -0.0041    0.0170    0.0028
			    -0.0062    0.0028    0.0207
	==================================================================================
	Q3:
		Shape: Ellipse
		q_c:    371.0000    319.5000    508.5000
		ub :    380.6330    329.6688    518.2367
		lb :    361.3670    309.3312    498.7633
		P^-1: 
			    0.0377    -0.0135    0.0002
			    -0.0135    0.0337    0.0020
			    0.0002    0.0020    0.0221
	==================================================================================
	Q4:
		Shape: Polyhedra
		q_c:    366.5000    326.5000    496.5000
		ub :    379.4154    337.1594    509.3034
		lb :    353.5846    315.8406    483.6966
		A:
			    -0.7362    0.6502    -0.1877
			    0.2586    0.4278    0.8661
			    0.4890    -0.8708    0.0499
			    0.4368    0.6619    0.6092
			    0.2567    0.2257    -0.9398
			    -0.8577    0.4465    -0.2548
			    0.1635    0.8085    0.5653
			    0.9632    -0.0069    -0.2688
			    -0.2134    0.5884    -0.7799
			    -0.1635    -0.8085    -0.5653
			    -0.9632    0.0069    0.2688
			    0.2134    -0.5884    0.7799
		b:
			    -141.9193
			    672.2383
			    -72.0971
			    686.7994
			    -290.7229
			    -285.8921
			    612.5682
			    227.8124
			    -266.3301
			    -596.5682
			    -206.8124
			    280.3301
	==================================================================================
	Q5:
		Shape: Hybrid
		q_c:    366.5000    328.5000    496.5000
		ub :    374.9711    335.5464    503.5169
		lb :    358.0289    321.4536    489.4831
		P^-1: 
			    0.0500    0.0605    -0.0384
			    0.0605    0.1638    -0.0909
			    -0.0384    -0.0909    0.0876
		A:
			    -0.0325    0.7502    -0.6604
			    -0.7236    -0.4764    0.4995
			    -0.1444    -0.9613    0.2345
			    0.2352    0.8900    -0.3906
			    0.1195    0.8675    -0.4829
			    -0.5220    -0.6384    0.5657
		b:
			    -91.3272
			    -171.0873
			    -250.2618
			    185.9836
			    90.4533
			    -118.7011
	==================================================================================
	Q6:
		Shape: Polyhedra
		q_c:    397.0000    310.0000    506.5000
		ub :    409.0468    322.1512    513.7336
		lb :    384.9532    297.8488    499.2664
		A:
			    0.7061    0.0697    0.7047
			    0.5647    -0.2128    0.7974
			    0.0655    -0.2704    0.9605
			    0.2821    0.4110    0.8669
			    0.1110    0.1524    0.9821
			    -0.8762    -0.0206    0.4815
			    0.4239    0.0903    0.9012
			    -0.6796    0.6895    0.2505
			    -0.5988    -0.7186    0.3536
			    -0.4239    -0.0903    -0.9012
			    0.6796    -0.6895    -0.2505
			    0.5988    0.7186    -0.3536
		b:
			    662.6546
			    566.1972
			    432.7690
			    682.5035
			    592.5386
			    -101.7439
			    655.2257
			    80.8527
			    -274.3899
			    -650.2257
			    -60.8527
			    288.3899


===========================================================================================
===========================================================================================
S5:
	q_c:    312.5000    148.5000    20.0000
	ub :    340.0000    163.0000    30.0000
	lb :    285.0000    134.0000    10.0000

	==================================================================================
	Q1:
		Shape: Ellipse
		q_c:    305.5000    143.0000    23.0000
		ub :    311.3182    148.7487    27.8775
		lb :    299.6818    137.2513    18.1225
		P^-1: 
			    0.0862    -0.0331    0.0256
			    -0.0331    0.1086    -0.0357
			    0.0256    -0.0357    0.0902
	==================================================================================
	Q2:
		Shape: Hybrid
		q_c:    310.0000    159.5000    29.5000
		ub :    313.2113    165.7927    36.8424
		lb :    306.7887    153.2073    22.1576
		P^-1: 
			    2.9937    -1.6445    -0.5091
			    -1.6445    0.9627    0.2936
			    -0.5091    0.2936    0.1208
		A:
			    -0.6151    0.7066    0.3499
			    -0.8978    0.4388    -0.0374
			    -0.9222    0.3826    0.0567
			    0.9137    -0.3797    0.1448
			    0.7922    -0.5849    -0.1741
			    -0.9062    0.4166    -0.0726
		b:
			    -66.0963
			    -208.5313
			    -222.5978
			    228.4092
			    147.6853
			    -215.5239
	==================================================================================
	Q3:
		Shape: Polyhedra
		q_c:    319.5000    158.0000    17.0000
		ub :    325.2708    163.4661    21.6811
		lb :    313.7292    152.5339    12.3189
		A:
			    0.9136    -0.1579    -0.3748
			    0.1456    0.6576    -0.7392
			    0.0737    -0.6500    0.7564
			    0.9233    -0.3301    -0.1965
			    -0.2955    -0.5539    0.7784
			    0.9591    -0.1463    -0.2423
			    0.6597    0.2881    0.6941
			    -0.6504    -0.2438    0.7194
			    0.3765    -0.9260    0.0266
			    -0.6597    -0.2881    -0.6941
			    0.6504    0.2438    -0.7194
			    -0.3765    0.9260    -0.0266
		b:
			    263.6327
			    141.0202
			    -62.8566
			    242.9204
			    -165.8238
			    282.4225
			    272.1096
			    -231.5854
			    -21.5836
			    -264.1096
			    236.5854
			    29.5836
	==================================================================================
	Q4:
		Shape: Hybrid
		q_c:    314.0000    148.5000    24.0000
		ub :    322.2892    156.8155    31.0076
		lb :    305.7108    140.1845    16.9924
		P^-1: 
			    0.0555    -0.0012    -0.0367
			    -0.0012    0.0302    0.0065
			    -0.0367    0.0065    0.0863
		A:
			    0.8834    0.4313    0.1832
			    -0.2665    -0.2334    0.9351
			    -0.0788    -0.1639    -0.9833
			    0.5639    0.5127    -0.6475
			    -0.0529    -0.1267    -0.9905
			    0.7412    0.3655    0.5631
		b:
			    349.6712
			    -93.6849
			    -69.9816
			    240.2894
			    -56.5730
			    304.5518
	==================================================================================
	Q5:
		Shape: Ellipse
		q_c:    320.0000    143.5000    12.0000
		ub :    324.1319    150.7182    18.0502
		lb :    315.8681    136.2818    5.9498
		P^-1: 
			    0.2250    -0.0662    0.0221
			    -0.0662    0.0632    0.0158
			    0.0221    0.0158    0.0713
	==================================================================================
	Q6:
		Shape: Hybrid
		q_c:    314.5000    151.5000    21.5000
		ub :    320.4859    158.9939    28.7464
		lb :    308.5141    144.0061    14.2536
		P^-1: 
			    0.0845    0.0621    0.0682
			    0.0621    0.1056    0.0850
			    0.0682    0.0850    0.1207
		A:
			    0.7443    -0.1634    0.6476
			    0.9347    0.3291    0.1342
			    0.5008    0.6180    0.6060
			    -0.9969    -0.0753    -0.0214
			    0.3662    0.7285    0.5789
			    0.8310    0.4570    0.3170
		b:
			    226.6657
			    349.7400
			    265.1833
			    -321.6599
			    239.2483
			    339.5950


===========================================================================================
===========================================================================================
S6:
	q_c:    67.0000    416.0000    157.0000
	ub :    70.0000    434.0000    177.0000
	lb :    64.0000    398.0000    137.0000

	==================================================================================
	Q1:
		Shape: Polyhedra
		q_c:    68.5000    414.5000    154.5000
		ub :    70.1343    416.4958    156.6748
		lb :    66.8657    412.5042    152.3252
		A:
			    -0.8278    -0.5413    0.1473
			    -0.6643    -0.6885    -0.2910
			    -0.8540    -0.3993    0.3336
			    -0.9164    -0.4003    -0.0070
			    -0.7581    0.1395    0.6370
			    0.7511    0.5878    -0.3007
			    0.7971    0.5540    0.2402
			    0.2996    -0.7082    0.6394
			    0.5243    -0.4377    -0.7304
			    -0.7971    -0.5540    -0.2402
			    -0.2996    0.7082    -0.6394
			    -0.5243    0.4377    0.7304
		b:
			    -257.5897
			    -375.2755
			    -171.5123
			    -229.1237
			    105.6948
			    249.5229
			    321.8522
			    -172.7311
			    -256.8584
			    -320.8522
			    175.7311
			    259.8584
	==================================================================================
	Q2:
		Shape: Hybrid
		q_c:    70.5000    415.5000    159.0000
		ub :    72.9526    417.5987    161.2168
		lb :    68.0474    413.4013    156.7832
		P^-1: 
			    0.2637    0.0304    -0.0394
			    0.0304    0.4393    0.0066
			    -0.0394    0.0066    0.4358
		A:
			    0.2913    0.0355    0.9560
			    -0.6657    0.6957    -0.2700
			    -0.8324    0.5464    0.0922
			    -0.6357    -0.7256    0.2634
			    -0.2077    -0.1749    -0.9624
			    0.5524    0.8335    -0.0103
		b:
			    188.1768
			    200.2990
			    184.1378
			    -303.5549
			    -239.5241
			    384.4726
	==================================================================================
	Q3:
		Shape: Ellipse
		q_c:    64.5000    416.5000    155.0000
		ub :    66.7939    419.0686    157.2903
		lb :    62.2061    413.9314    152.7097
		P^-1: 
			    0.4354    0.0397    -0.0105
			    0.0397    0.2711    0.0457
			    -0.0105    0.0457    0.4324
	==================================================================================
	Q4:
		Shape: Ellipse
		q_c:    68.0000    417.5000    159.5000
		ub :    70.4447    419.9054    161.8743
		lb :    65.5553    415.0946    157.1257
		P^-1: 
			    0.4367    -0.0375    -0.0058
			    -0.0375    0.2621    -0.0282
			    -0.0058    -0.0282    0.4401
	==================================================================================
	Q5:
		Shape: Polyhedra
		q_c:    66.0000    416.0000    158.5000
		ub :    67.3682    417.5122    160.3023
		lb :    64.6318    414.4878    156.6977
		A:
			    -0.1251    0.5654    -0.8153
			    0.5219    -0.1285    0.8433
			    -0.3991    0.8769    0.2678
			    -0.1828    0.8974    0.4015
			    0.5196    -0.6057    -0.6026
			    0.5134    -0.5791    0.6333
			    0.9739    0.2039    0.0997
			    0.1718    -0.9493    0.2633
			    0.1483    -0.2393    -0.9595
			    -0.9739    -0.2039    -0.0997
			    -0.1718    0.9493    -0.2633
			    -0.1483    0.2393    0.9595
		b:
			    98.9258
			    115.9279
			    382.0609
			    426.1212
			    -311.8672
			    -105.5277
			    165.8959
			    -340.8329
			    -240.3551
			    -163.8959
			    342.8329
			    243.3551
	==================================================================================
	Q6:
		Shape: Polyhedra
		q_c:    65.0000    415.0000    155.5000
		ub :    66.5021    416.7571    157.1872
		lb :    63.4979    413.2429    153.8128
		A:
			    0.3496    0.7011    -0.6214
			    0.0770    0.5433    0.8360
			    -0.7875    -0.5840    -0.1969
			    0.0887    -0.2875    -0.9537
			    0.3538    -0.2804    0.8923
			    -0.1969    -0.5304    0.8246
			    0.7360    0.1817    0.6521
			    -0.6742    0.1095    0.7304
			    0.0613    -0.9772    0.2031
			    -0.7360    -0.1817    -0.6521
			    0.6742    -0.1095    -0.7304
			    -0.0613    0.9772    -0.2031
		b:
			    218.3948
			    361.5457
			    -323.0227
			    -260.8355
			    46.5123
			    -103.4568
			    225.6531
			    116.2152
			    -368.4821
			    -223.6531
			    -114.2152
			    371.4821


===========================================================================================
===========================================================================================
S7:
	q_c:    449.0000    299.5000    498.0000
	ub :    477.0000    317.0000    521.0000
	lb :    421.0000    282.0000    475.0000

	==================================================================================
	Q1:
		Shape: Polyhedra
		q_c:    464.0000    296.0000    503.5000
		ub :    470.2686    304.2026    511.4284
		lb :    457.7314    287.7974    495.5716
		A:
			    -0.2464    0.9358    0.2521
			    0.6508    -0.0172    0.7590
			    -0.9793    -0.1752    -0.1012
			    0.0478    0.7844    0.6185
			    0.2578    -0.9112    -0.3212
			    0.2290    0.6368    0.7363
			    0.5574    0.5684    0.6052
			    -0.8183    0.4995    0.2845
			    -0.1407    -0.6538    0.7435
			    -0.5574    -0.5684    -0.6052
			    0.8183    -0.4995    -0.2845
			    0.1407    0.6538    -0.7435
		b:
			    294.1196
			    683.3145
			    -553.2934
			    569.2312
			    -307.4813
			    668.7037
			    734.5886
			    -84.0998
			    122.0530
			    -728.5886
			    93.0998
			    -109.0530
	==================================================================================
	Q2:
		Shape: Polyhedra
		q_c:    429.0000    298.0000    514.0000
		ub :    441.8028    310.6458    524.2847
		lb :    416.1972    285.3542    503.7153
		A:
			    0.7801    -0.5947    -0.1944
			    -0.8228    0.5683    0.0067
			    0.1319    0.5655    -0.8142
			    0.9032    -0.4185    0.0953
			    0.6979    0.1323    0.7039
			    0.7255    0.1206    -0.6776
			    0.8267    0.5544    0.0958
			    0.4094    -0.7096    0.5734
			    0.3858    -0.4348    -0.8137
			    -0.8267    -0.5544    -0.0958
			    -0.4094    0.7096    -0.5734
			    -0.3858    0.4348    0.8137
		b:
			    64.5429
			    -173.1417
			    -186.4197
			    319.0951
			    708.5642
			    6.6992
			    578.1071
			    265.3925
			    -375.2732
			    -560.1071
			    -252.3925
			    389.2732
	==================================================================================
	Q3:
		Shape: Hybrid
		q_c:    440.0000    301.5000    514.0000
		ub :    453.8577    317.0121    527.6695
		lb :    426.1423    285.9879    500.3305
		P^-1: 
			    0.0192    -0.0071    -0.0069
			    -0.0071    0.0130    0.0003
			    -0.0069    0.0003    0.0181
		A:
			    0.6277    0.3200    -0.7096
			    -0.9375    0.3415    -0.0676
			    0.5289    0.8487    -0.0045
			    -0.2562    -0.9209    -0.2938
			    -0.8177    0.2115    -0.5353
			    -0.4949    -0.3552    0.7931
		b:
			    12.5734
			    -339.7293
			    494.7414
			    -533.1001
			    -565.0527
			    87.3612
	==================================================================================
	Q4:
		Shape: Ellipse
		q_c:    448.0000    305.0000    502.0000
		ub :    456.5234    314.5882    512.1635
		lb :    439.4766    295.4118    491.8365
		P^-1: 
			    0.0334    0.0056    0.0074
			    0.0056    0.0302    -0.0031
			    0.0074    -0.0031    0.0299
	==================================================================================
	Q5:
		Shape: Ellipse
		q_c:    435.5000    287.0000    518.5000
		ub :    445.5081    296.3931    527.2260
		lb :    425.4919    277.6069    509.7740
		P^-1: 
			    0.0289    0.0033    0.0042
			    0.0033    0.0187    0.0015
			    0.0042    0.0015    0.0269
	==================================================================================
	Q6:
		Shape: Ellipse
		q_c:    447.5000    312.5000    486.5000
		ub :    457.8213    324.1351    497.8891
		lb :    437.1787    300.8649    475.1109
		P^-1: 
			    0.1504    -0.0057    -0.1196
			    -0.0057    0.0093    0.0050
			    -0.1196    0.0050    0.1058


===========================================================================================
===========================================================================================
S8:
	q_c:    366.5000    142.5000    428.5000
	ub :    370.0000    176.0000    459.0000
	lb :    363.0000    109.0000    398.0000

	==================================================================================
	Q1:
		Shape: Polyhedra
		q_c:    364.0000    144.5000    432.0000
		ub :    366.9928    146.4436    434.5366
		lb :    361.0072    142.5564    429.4634
		A:
			    0.1335    0.9001    -0.4148
			    -0.1910    -0.7615    0.6194
			    0.5226    -0.3973    -0.7544
			    -0.2574    -0.9180    0.3017
			    -0.2593    -0.0879    0.9618
			    0.7065    0.4430    0.5520
			    0.8852    0.0612    0.4612
			    -0.3824    -0.4688    0.7962
			    0.2650    -0.8812    -0.3916
			    -0.8852    -0.0612    -0.4612
			    0.3824    0.4688    -0.7962
			    -0.2650    0.8812    0.3916
		b:
			    0.6886
			    89.1496
			    -191.7494
			    -94.7356
			    309.5955
			    561.9744
			    532.7854
			    138.0194
			    -198.5583
			    -527.7854
			    -136.0194
			    201.5583
	==================================================================================
	Q2:
		Shape: Polyhedra
		q_c:    369.0000    140.0000    429.5000
		ub :    371.3441    141.8173    431.7904
		lb :    366.6559    138.1827    427.2096
		A:
			    0.0901    0.9102    -0.4042
			    -0.3846    -0.3658    0.8475
			    0.6803    0.7320    0.0353
			    -0.4619    -0.2266    -0.8575
			    0.2939    0.1714    -0.9403
			    0.1539    -0.9150    0.3729
			    0.6392    0.0659    0.7662
			    -0.6224    0.6295    0.4651
			    -0.4517    -0.7742    0.4434
			    -0.6392    -0.0659    -0.7662
			    0.6224    -0.6295    -0.4651
			    0.4517    0.7742    -0.4434
		b:
			    -11.7998
			    172.0299
			    369.8661
			    -568.9566
			    -270.1407
			    90.0204
			    575.6764
			    59.7205
			    -83.6352
			    -572.6764
			    -56.7205
			    85.6352
	==================================================================================
	Q3:
		Shape: Hybrid
		q_c:    364.5000    142.5000    427.5000
		ub :    367.3294    145.1833    430.2298
		lb :    361.6706    139.8167    424.7702
		P^-1: 
			    0.2500    -0.0006    0.0006
			    -0.0006    0.6385    -0.3748
			    0.0006    -0.3748    0.6115
		A:
			    -0.0861    -0.9804    0.1772
			    0.4110    -0.9084    -0.0773
			    -0.0187    0.9740    -0.2260
			    -0.0835    -0.9202    0.3825
			    0.1127    -0.4481    -0.8869
			    0.0215    -0.5511    -0.8341
		b:
			    -94.4335
			    -11.4583
			    36.2115
			    2.6487
			    -400.4906
			    -425.8259
	==================================================================================
	Q4:
		Shape: Ellipse
		q_c:    365.0000    142.5000    432.0000
		ub :    367.9980    145.1171    434.3768
		lb :    362.0020    139.8829    429.6232
		P^-1: 
			    0.4221    0.1384    -0.3344
			    0.1384    0.3862    0.0025
			    -0.3344    0.0025    0.7961
	==================================================================================
	Q5:
		Shape: Polyhedra
		q_c:    367.5000    145.5000    433.0000
		ub :    370.7561    148.0694    436.0773
		lb :    364.2439    142.9306    429.9227
		A:
			    -0.4891    0.4128    -0.7683
			    -0.5198    0.7032    -0.4850
			    0.2808    -0.6673    0.6898
			    -0.7031    0.4880    -0.5171
			    0.1586    -0.8220    -0.5469
			    0.6614    -0.6447    0.3833
			    0.5555    0.7689    0.3165
			    0.5171    -0.6175    0.5927
			    0.6512    -0.1656    -0.7406
			    -0.5555    -0.7689    -0.3165
			    -0.5171    0.6175    -0.5927
			    -0.6512    0.1656    0.7406
		b:
			    -451.2373
			    -297.6769
			    305.9385
			    -410.2089
			    -295.9498
			    316.3850
			    455.0675
			    357.8266
			    -102.9518
			    -451.0675
			    -355.8266
			    107.9518
	==================================================================================
	Q6:
		Shape: Hybrid
		q_c:    368.5000    140.5000    432.5000
		ub :    372.1293    143.3014    435.9886
		lb :    364.8707    137.6986    429.0114
		P^-1: 
			    0.1207    -0.0001    0.0352
			    -0.0001    0.2500    0.0000
			    0.0352    0.0000    0.2404
		A:
			    0.5982    0.3564    0.7178
			    0.1268    0.9689    0.2126
			    0.2400    0.8927    -0.3815
			    0.2649    0.0916    0.9599
			    -0.9551    0.1164    0.2725
			    -0.2083    0.2988    0.9313
		b:
			    582.1115
			    275.8125
			    50.0035
			    526.6538
			    -215.7357
			    369.2509


===========================================================================================
===========================================================================================
S9:
	q_c:    336.0000    69.5000    72.0000
	ub :    361.0000    87.0000    95.0000
	lb :    311.0000    52.0000    49.0000

	==================================================================================
	Q1:
		Shape: Polyhedra
		q_c:    346.5000    71.5000    85.0000
		ub :    350.7139    77.8708    93.1843
		lb :    342.2861    65.1292    76.8157
		A:
			    0.1354    0.3678    -0.9200
			    -0.1001    -0.6433    -0.7590
			    0.9351    0.1369    0.3270
			    0.9908    -0.0594    0.1215
			    -0.9189    0.0037    -0.3945
			    0.8762    0.3337    0.3477
			    0.9606    0.1513    0.2329
			    0.1534    -0.9881    0.0092
			    0.2316    0.0269    -0.9724
			    -0.9606    -0.1513    -0.2329
			    -0.1534    0.9881    -0.0092
			    -0.2316    -0.0269    0.9724
		b:
			    2.7770
			    -138.5002
			    363.2674
			    351.5160
			    -349.4745
			    359.1400
			    364.9831
			    -10.7125
			    7.5008
			    -361.9831
			    22.7125
			    8.4992
	==================================================================================
	Q2:
		Shape: Hybrid
		q_c:    336.0000    66.5000    64.5000
		ub :    343.4438    73.2271    72.3607
		lb :    328.5562    59.7729    56.6393
		P^-1: 
			    0.0748    -0.0470    -0.0110
			    -0.0470    0.0964    0.0511
			    -0.0110    0.0511    0.0717
		A:
			    0.0025    -0.8410    -0.5410
			    -0.0733    0.7288    0.6808
			    0.8717    -0.0363    0.4887
			    -0.8491    0.5122    -0.1292
			    0.9176    0.3398    0.2062
			    0.5247    0.7299    0.4380
		b:
			    -87.9944
			    69.3493
			    324.7464
			    -257.5017
			    348.0251
			    256.4745
	==================================================================================
	Q3:
		Shape: Hybrid
		q_c:    354.5000    76.0000    55.0000
		ub :    363.4740    83.2552    63.0910
		lb :    345.5260    68.7448    46.9090
		P^-1: 
			    0.0199    0.0018    0.0076
			    0.0018    0.0303    0.0067
			    0.0076    0.0067    0.0447
		A:
			    -0.4781    0.0694    0.8756
			    -0.2400    -0.1061    0.9650
			    0.2960    0.6202    0.7265
			    0.5447    -0.8371    0.0511
			    0.3939    -0.9032    0.1707
			    0.5964    -0.5560    0.5789
		b:
			    -112.1157
			    -36.7017
			    194.4781
			    136.4235
			    84.3167
			    204.7425
	==================================================================================
	Q4:
		Shape: Ellipse
		q_c:    321.0000    69.5000    78.0000
		ub :    328.2853    75.4127    85.8011
		lb :    313.7147    63.5873    70.1989
		P^-1: 
			    0.0731    0.0235    0.0300
			    0.0235    0.0789    0.0074
			    0.0300    0.0074    0.0494
	==================================================================================
	Q5:
		Shape: Ellipse
		q_c:    350.0000    57.5000    62.0000
		ub :    362.4830    68.9016    71.8161
		lb :    337.5170    46.0984    52.1839
		P^-1: 
			    0.0267    -0.0043    -0.0220
			    -0.0043    0.0172    -0.0021
			    -0.0220    -0.0021    0.0489
	==================================================================================
	Q6:
		Shape: Hybrid
		q_c:    350.0000    89.0000    60.5000
		ub :    363.0211    98.4384    73.5325
		lb :    336.9789    79.5616    47.4675
		P^-1: 
			    0.0145    -0.0067    0.0025
			    -0.0067    0.0411    -0.0138
			    0.0025    -0.0138    0.0199
		A:
			    0.7977    0.4932    -0.3470
			    -0.0484    0.4246    -0.9041
			    0.5196    -0.7271    0.4486
			    0.5350    -0.7472    0.3944
			    -0.3097    0.9315    0.1910
			    -0.0300    -0.5216    -0.8527
		b:
			    307.9654
			    -29.5753
			    147.2817
			    147.5959
			    -9.8861
			    -102.0176


===========================================================================================
===========================================================================================
S10:
	q_c:    38.5000    33.5000    45.0000
	ub :    56.0000    44.0000    51.0000
	lb :    21.0000    23.0000    39.0000

	==================================================================================
	Q1:
		Shape: Hybrid
		q_c:    33.5000    32.0000    49.5000
		ub :    36.6183    36.1247    53.5241
		lb :    30.3817    27.8753    45.4759
		P^-1: 
			    0.3739    -0.0652    -0.1166
			    -0.0652    0.1428    0.0053
			    -0.1166    0.0053    0.1989
		A:
			    -0.7265    0.6792    -0.1044
			    -0.7996    -0.1139    -0.5896
			    0.5270    -0.0434    0.8488
			    -0.0752    0.4716    -0.8786
			    -0.9031    -0.2696    0.3343
			    0.7943    0.1623    -0.5854
		b:
			    -6.4753
			    -57.7452
			    60.2149
			    -29.1987
			    -21.1910
			    3.7940
	==================================================================================
	Q2:
		Shape: Ellipse
		q_c:    38.0000    35.5000    41.0000
		ub :    41.1992    38.3070    44.7120
		lb :    34.8008    32.6930    37.2880
		P^-1: 
			    0.3055    0.0507    0.1560
			    0.0507    0.2558    0.0084
			    0.1560    0.0084    0.2443
	==================================================================================
	Q3:
		Shape: Ellipse
		q_c:    33.0000    29.0000    47.0000
		ub :    36.4617    33.0289    50.9752
		lb :    29.5383    24.9711    43.0248
		P^-1: 
			    0.2178    -0.0370    0.0222
			    -0.0370    0.1837    -0.0142
			    0.0222    -0.0142    0.1685
	==================================================================================
	Q4:
		Shape: Ellipse
		q_c:    36.0000    30.5000    45.5000
		ub :    39.7216    34.5088    49.2294
		lb :    32.2784    26.4912    41.7706
		P^-1: 
			    0.1610    0.0056    -0.0074
			    0.0056    0.1924    -0.0428
			    -0.0074    -0.0428    0.2166
	==================================================================================
	Q5:
		Shape: Hybrid
		q_c:    32.0000    33.5000    48.5000
		ub :    35.6742    35.5777    52.1865
		lb :    28.3258    31.4223    44.8135
		P^-1: 
			    0.3664    -0.2378    0.2042
			    -0.2378    0.8960    -0.0226
			    0.2042    -0.0226    0.2636
		A:
			    -0.6787    0.7319    0.0609
			    -0.5077    -0.2802    -0.8147
			    0.5437    0.2828    -0.7902
			    0.2614    0.4939    0.8293
			    0.0137    -0.9896    -0.1435
			    0.2745    -0.8823    0.3824
		b:
			    6.8524
			    -64.0147
			    -8.5027
			    66.4609
			    -39.0326
			    -1.4170
	==================================================================================
	Q6:
		Shape: Hybrid
		q_c:    37.5000    31.0000    42.5000
		ub :    41.3412    34.2665    46.8778
		lb :    33.6588    27.7335    38.1222
		P^-1: 
			    0.1587    0.0168    0.0276
			    0.0168    0.2360    0.0347
			    0.0276    0.0347    0.0969
		A:
			    -0.2598    0.7548    -0.6023
			    -0.4078    0.8298    -0.3810
			    -0.6777    0.7301    -0.0875
			    0.2346    0.5056    0.8302
			    -0.6229    -0.5079    -0.5950
			    0.8662    0.3240    -0.3804
		b:
			    -10.1024
			    -4.2304
			    -5.1087
			    61.4601
			    -63.0774
			    28.2821


===========================================================================================
===========================================================================================
