3D_30_25_6_e                l = 3

===========================================================================================
===========================================================================================
S1:
	q_c:	220.5	220.5	398.0
	ub :	224.9931	223.6547	401.9167
	lb :	218.7767	216.6266	395.6605

	==================================================================================
	Q1:
		Shape: Polyhedra
		q_c:	221.0	221.5	397.0
		ub :	222.2814	222.9825	398.3395
		lb :	219.7186	220.0175	395.6605
		A:
			-0.7562	-0.5138	-0.4051
			-0.1185	-0.8025	-0.5847
			0.4173	-0.2182	-0.8822
			0.6461	0.1598	-0.7463
			-0.316	0.4466	-0.837
			-0.4119	-0.5871	-0.6969
			0.7303	0.3917	0.5597
			0.6113	-0.7404	-0.2795
			0.3049	0.5463	-0.7801
			-0.7303	-0.3917	-0.5597
			-0.6113	0.7404	0.2795
			-0.3049	-0.5463	0.7801
		b:
			-441.2395
			-435.3123
			-305.3778
			-117.1049
			-302.3311
			-497.1309
			470.8565
			-138.853
			-120.3182
			-469.8565
			140.853
			122.3182
	==================================================================================
	Q2:
		Shape: Ellipse
		q_c:	220.5	221.5	400.0
		ub :	222.2233	223.1285	401.4555
		lb :	218.7767	219.8715	398.5445
		P^-1:
			1.0	-0.0	0.0
			-0.0	1.0	-0.0
			0.0	-0.0	1.0
	==================================================================================
	Q3:
		Shape: Hybrid
		q_c:	222.0	219.5	400.0
		ub :	223.7157	221.5239	401.9167
		lb :	220.2843	217.4761	398.0833
		P^-1:
			0.9628	-0.0843	-0.1104
			-0.0843	0.8092	-0.25
			-0.1104	-0.25	0.6725
		A:
			-0.6249	0.5125	0.589
			0.2466	-0.0319	0.9686
			-0.6181	0.1929	-0.7621
			-0.1505	-0.436	0.8873
			0.1156	0.3108	-0.9434
			-0.3485	0.7997	-0.489
		b:
			210.0701
			436.0136
			-398.9778
			226.411
			-282.8382
			-96.9281
	==================================================================================
	Q4:
		Shape: Polyhedra
		q_c:	223.5	222.5	399.0
		ub :	224.9931	223.6547	400.4302
		lb :	222.0069	221.3453	397.5698
		A:
			0.5537	0.7712	-0.314
			-0.0293	-0.6264	-0.7789
			0.9538	0.2001	0.224
			-0.8271	-0.2695	0.4933
			0.5091	-0.6326	-0.5836
			0.5807	0.7194	0.3812
			0.5684	0.0937	0.8174
			-0.1092	0.9933	-0.038
			-0.8155	-0.0677	0.5748
			-0.5684	-0.0937	-0.8174
			0.1092	-0.9933	0.038
			0.8155	0.0677	-0.5748
		b:
			171.0846
			-455.7133
			348.0671
			-46.9978
			-258.8235
			442.9309
			475.0379
			182.4461
			33.0141
			-473.0379
			-180.4461
			-31.0141
	==================================================================================
	Q5:
		Shape: Polyhedra
		q_c:	222.5	218.5	399.5
		ub :	223.9716	220.3734	401.4147
		lb :	221.0284	216.6266	397.5853
		A:
			-0.7377	0.3263	-0.5911
			-0.9178	-0.1616	0.3626
			-0.6342	-0.4084	-0.6565
			0.9723	0.2115	-0.0998
			0.9957	0.0045	0.0926
			0.1749	0.8719	0.4573
			0.7798	0.5913	0.2059
			0.6245	-0.7109	-0.3235
			-0.0449	0.3808	-0.9235
			-0.7798	-0.5913	-0.2059
			-0.6245	0.7109	0.3235
			0.0449	-0.3808	0.9235
		b:
			-327.7062
			-93.6025
			-491.4849
			223.6731
			260.5443
			413.1388
			385.9419
			-144.6338
			-294.2352
			-383.9419
			146.6338
			297.2352
	==================================================================================
	Q6:
		Shape: Polyhedra
		q_c:	222.0	220.5	397.5
		ub :	223.8619	222.24	398.4621
		lb :	220.1381	218.76	396.5379
		A:
			-0.494	-0.0456	-0.8683
			0.1436	-0.3248	0.9348
			0.8398	-0.3403	0.423
			0.3697	0.0526	0.9277
			-0.3552	0.0796	0.9314
			-0.3553	0.119	0.9272
			0.7447	0.6254	0.2333
			0.6134	-0.779	0.1303
			0.2632	0.0461	-0.9636
			-0.7447	-0.6254	-0.2333
			-0.6134	0.779	-0.1303
			-0.2632	-0.0461	0.9636
		b:
			-463.8165
			332.5149
			280.6917
			463.3513
			309.4352
			316.4363
			397.4356
			17.1981
			-313.9569
			-394.4356
			-15.1981
			314.9569


===========================================================================================
===========================================================================================
S2:
	q_c:	507.5	267.0	75.0
	ub :	517.7206	274.2631	84.7355
	lb :	498.7692	258.2703	66.9344

	==================================================================================
	Q1:
		Shape: Hybrid
		q_c:	512.0	268.0	77.0
		ub :	516.4984	272.0231	81.8431
		lb :	507.5016	263.9769	72.1569
		P^-1:
			0.1341	-0.0558	0.0069
			-0.0558	0.2108	-0.04
			0.0069	-0.04	0.0978
		A:
			0.3196	0.1178	-0.9402
			0.7578	-0.3983	-0.5167
			0.2471	0.9416	0.2287
			-0.1143	-0.7356	-0.6677
			0.859	-0.4651	0.214
			0.3889	-0.887	0.2489
		b:
			124.9925
			243.3079
			398.3562
			-304.7654
			333.0541
			-18.4518
	==================================================================================
	Q2:
		Shape: Hybrid
		q_c:	513.5	270.0	81.5
		ub :	517.7206	274.2631	84.7355
		lb :	509.2794	265.7369	78.2645
		P^-1:
			0.1436	0.0628	-0.0764
			0.0628	0.2324	-0.1476
			-0.0764	-0.1476	0.2907
		A:
			-0.4012	-0.3131	0.8608
			0.0623	0.9976	-0.0311
			0.8444	0.1468	-0.5153
			-0.4698	-0.7071	0.5285
			-0.5121	0.1391	0.8476
			0.4985	0.7291	-0.469
		b:
			-219.4096
			300.5489
			432.795
			-388.1747
			-154.6589
			415.5795
	==================================================================================
	Q3:
		Shape: Polyhedra
		q_c:	503.5	269.0	73.0
		ub :	507.4526	273.6529	77.3518
		lb :	499.5474	264.3471	68.6482
		A:
			0.0523	-0.7885	0.6128
			0.8869	0.203	-0.4149
			0.8706	0.2357	-0.4318
			-0.5993	0.3665	0.7117
			-0.2537	-0.2903	-0.9227
			-0.8543	0.1036	-0.5093
			0.3243	0.5917	0.7381
			-0.8414	0.537	-0.0608
			-0.4323	-0.6013	0.672
			-0.3243	-0.5917	-0.7381
			0.8414	-0.537	0.0608
			0.4323	0.6013	-0.672
		b:
			-138.2982
			473.5517
			472.9477
			-148.591
			-270.2153
			-437.0489
			379.3121
			-281.6235
			-327.3773
			-373.3121
			285.6235
			333.3773
	==================================================================================
	Q4:
		Shape: Polyhedra
		q_c:	512.5	268.5	78.5
		ub :	516.3887	273.1629	82.8546
		lb :	508.6113	263.8371	74.1454
		A:
			0.9369	0.3344	-0.1019
			-0.4415	0.0293	-0.8968
			-0.5413	0.77	-0.3378
			0.211	-0.5993	-0.7722
			0.3525	0.0917	0.9313
			0.928	0.3726	0.008
			0.5056	0.5728	0.6452
			0.2277	0.6327	-0.7402
			-0.8322	0.5212	0.1894
			-0.5056	-0.5728	-0.6452
			-0.2277	-0.6327	0.7402
			0.8322	-0.5212	-0.1894
		b:
			564.5924
			-286.1983
			-94.2862
			-111.0781
			280.9695
			578.7677
			465.5784
			231.9753
			-269.1704
			-461.5784
			-224.9753
			274.1704
	==================================================================================
	Q5:
		Shape: Ellipse
		q_c:	503.5	264.0	73.5
		ub :	506.2101	266.8951	76.3469
		lb :	500.7899	261.1049	70.6531
		P^-1:
			0.293	-0.03	-0.0749
			-0.03	0.2709	0.0522
			-0.0749	0.0522	0.3805
	==================================================================================
	Q6:
		Shape: Hybrid
		q_c:	503.5	263.0	72.0
		ub :	508.2308	267.7297	77.0656
		lb :	498.7692	258.2703	66.9344
		P^-1:
			0.1002	-0.004	0.0237
			-0.004	0.1802	0.0854
			0.0237	0.0854	0.1433
		A:
			0.0145	0.5881	0.8087
			0.6988	0.7028	-0.1329
			-0.1478	-0.4836	-0.8627
			0.5575	-0.6573	0.5071
			-0.8735	-0.3717	-0.3145
			0.1121	-0.39	-0.9139
		b:
			221.3633
			529.636
			-262.4329
			146.537
			-558.2546
			-110.33


===========================================================================================
===========================================================================================
S3:
	q_c:	165.0	236.5	394.0
	ub :	174.2095	243.7502	403.6188
	lb :	157.4823	227.7563	390.9412

	==================================================================================
	Q1:
		Shape: Polyhedra
		q_c:	165.5	240.5	400.0
		ub :	168.5974	243.2361	403.3367
		lb :	162.4026	237.7639	396.6633
		A:
			0.4583	-0.8743	-0.1601
			-0.1924	-0.4664	-0.8634
			-0.6194	0.7483	-0.2374
			-0.0222	0.3101	0.9504
			-0.7344	0.3966	-0.5507
			0.4649	-0.8083	-0.3614
			0.628	0.3218	0.7086
			0.639	-0.7329	-0.2334
			0.4442	0.5994	-0.6659
			-0.628	-0.3218	-0.7086
			-0.639	0.7329	0.2334
			-0.4442	-0.5994	0.6659
		b:
			-197.3617
			-487.0874
			-16.1255
			453.251
			-244.4457
			-260.8736
			467.2553
			-162.9009
			-46.678
			-462.2553
			164.9009
			50.678
	==================================================================================
	Q2:
		Shape: Ellipse
		q_c:	161.0	234.0	395.0
		ub :	164.5177	237.6979	399.0588
		lb :	157.4823	230.3021	390.9412
		P^-1:
			0.2268	0.0338	0.0347
			0.0338	0.1695	-0.0025
			0.0347	-0.0025	0.1248
	==================================================================================
	Q3:
		Shape: Hybrid
		q_c:	167.0	241.5	398.0
		ub :	169.7051	243.7502	400.7841
		lb :	164.2949	239.2498	395.2159
		P^-1:
			0.254	0.0449	-0.0307
			0.0449	0.7591	-0.3473
			-0.0307	-0.3473	0.4869
		A:
			0.5067	-0.7968	0.3292
			-0.4268	-0.6022	-0.6747
			0.2912	0.194	0.9368
			0.5174	-0.7772	0.358
			-0.9172	-0.0373	0.3968
			0.8085	0.3327	-0.4854
		b:
			24.1686
			-483.7496
			469.7275
			42.1539
			-2.843
			23.3784
	==================================================================================
	Q4:
		Shape: Ellipse
		q_c:	166.0	238.5	401.5
		ub :	169.0498	241.3282	403.6188
		lb :	162.9502	235.6718	399.3812
		P^-1:
			0.2604	-0.0014	-0.0438
			-0.0014	0.2502	0.006
			-0.0438	0.006	0.4338
	==================================================================================
	Q5:
		Shape: Ellipse
		q_c:	170.0	231.5	398.0
		ub :	174.2095	235.2437	401.8665
		lb :	165.7905	227.7563	394.1335
		P^-1:
			0.1782	-0.0265	0.0641
			-0.0265	0.1216	-0.0253
			0.0641	-0.0253	0.1724
	==================================================================================
	Q6:
		Shape: Polyhedra
		q_c:	164.0	238.0	395.0
		ub :	166.6086	240.0233	397.4506
		lb :	161.3914	235.9767	392.5494
		A:
			-0.4623	0.1627	-0.8717
			0.2739	0.5231	-0.807
			0.593	-0.7867	0.172
			-0.4352	-0.8973	-0.0733
			-0.2199	0.9108	-0.3493
			-0.0123	-0.051	0.9986
			0.8842	0.1364	0.4468
			-0.4055	0.699	0.5891
			-0.2319	-0.702	0.6733
			-0.8842	-0.1364	-0.4468
			0.4055	-0.699	-0.5891
			0.2319	0.702	-0.6733
		b:
			-379.7099
			-148.3233
			-20.53
			-312.4064
			43.9653
			381.6989
			355.9695
			334.0192
			61.8407
			-351.9695
			-331.0192
			-59.8407


===========================================================================================
===========================================================================================
S4:
	q_c:	182.5	325.0	74.5
	ub :	198.5014	341.9908	91.825
	lb :	171.0821	307.6428	64.6132

	==================================================================================
	Q1:
		Shape: Ellipse
		q_c:	192.0	327.5	75.0
		ub :	198.5014	332.6002	80.7085
		lb :	185.4986	322.3998	69.2915
		P^-1:
			0.0623	0.0053	0.0149
			0.0053	0.0802	-0.0041
			0.0149	-0.0041	0.0701
	==================================================================================
	Q2:
		Shape: Ellipse
		q_c:	175.5	318.0	69.0
		ub :	179.9179	322.6041	73.3868
		lb :	171.0821	313.3959	64.6132
		P^-1:
			0.1138	0.009	-0.0067
			0.009	0.1407	-0.0222
			-0.0067	-0.0222	0.1277
	==================================================================================
	Q3:
		Shape: Hybrid
		q_c:	180.0	330.5	77.0
		ub :	185.1224	336.0313	79.9437
		lb :	174.8776	324.9687	74.0563
		P^-1:
			0.1344	0.034	-0.1293
			0.034	0.063	-0.0546
			-0.1293	-0.0546	0.378
		A:
			0.4132	0.5329	-0.7384
			0.6907	-0.3524	-0.6315
			-0.9227	0.0722	0.3788
			0.5825	0.5612	-0.588
			0.2061	0.237	-0.9494
			-0.304	-0.2366	0.9228
		b:
			195.0702
			-38.5365
			-110.86
			246.7021
			43.2632
			-61.0308
	==================================================================================
	Q4:
		Shape: Polyhedra
		q_c:	179.0	316.0	84.5
		ub :	186.7245	324.3572	91.825
		lb :	171.2755	307.6428	77.175
		A:
			-0.0461	-0.0121	0.9989
			0.6963	0.7085	0.115
			-0.4814	-0.7677	0.423
			-0.7156	0.185	0.6736
			-0.0358	-0.9523	0.3031
			-0.7746	0.2347	-0.5873
			0.4681	0.565	0.6794
			-0.8353	0.5338	0.1317
			-0.2883	-0.6292	0.7218
			-0.4681	-0.565	-0.6794
			0.8353	-0.5338	-0.1317
			0.2883	0.6292	-0.7218
		b:
			77.118
			362.9203
			-288.073
			-7.7557
			-276.7786
			-109.3207
			324.2434
			35.2727
			-184.4332
			-315.2434
			-25.2727
			194.4332
	==================================================================================
	Q5:
		Shape: Hybrid
		q_c:	186.0	324.5	77.0
		ub :	193.1609	330.7893	83.7313
		lb :	178.8391	318.2107	70.2687
		P^-1:
			0.0576	-0.0139	0.0022
			-0.0139	0.0728	-0.0036
			0.0022	-0.0036	0.0499
		A:
			-0.9367	0.3396	0.0853
			-0.2674	-0.9404	0.2102
			0.9767	0.0145	0.2143
			-0.2571	-0.6568	-0.7089
			-0.5566	-0.8298	0.0401
			0.885	-0.4656	-0.0044
		b:
			-55.242
			-336.4106
			205.3864
			-312.8926
			-367.1322
			15.25
	==================================================================================
	Q6:
		Shape: Hybrid
		q_c:	181.5	336.0	75.5
		ub :	184.8705	341.9908	80.7324
		lb :	178.1295	330.0092	70.2676
		P^-1:
			0.1108	-0.0043	-0.0025
			-0.0043	0.0583	-0.0308
			-0.0025	-0.0308	0.0931
		A:
			0.7857	-0.2469	-0.5672
			-0.5279	-0.0451	0.8481
			-0.5672	0.8227	-0.0378
			0.4207	0.3554	-0.8347
			0.4321	-0.2462	0.8675
			0.6498	-0.7365	0.1876
		b:
			18.7932
			-45.1287
			173.1105
			134.2768
			62.867
			-113.2737


===========================================================================================
===========================================================================================
S5:
	q_c:	157.5	29.0	209.5
	ub :	167.4295	41.3855	222.5314
	lb :	145.939	21.1221	199.769

	==================================================================================
	Q1:
		Shape: Polyhedra
		q_c:	150.5	31.5	214.0
		ub :	155.061	34.8295	218.895
		lb :	145.939	28.1705	209.105
		A:
			-0.0127	0.565	-0.825
			0.084	0.5831	-0.808
			0.0343	-0.9957	-0.0865
			-0.0098	-0.9148	0.4037
			0.4855	-0.8733	-0.0395
			-0.6455	-0.6786	0.3505
			0.616	0.2867	0.7338
			-0.7821	0.3345	0.5259
			-0.0947	-0.8978	0.4302
			-0.616	-0.2867	-0.7338
			0.7821	-0.3345	-0.5259
			0.0947	0.8978	-0.4302
		b:
			-158.3626
			-139.7923
			-42.6256
			57.6107
			39.1589
			-41.3605
			262.7576
			7.8678
			51.0398
			-254.7576
			-2.8678
			-48.0398
	==================================================================================
	Q2:
		Shape: Ellipse
		q_c:	162.5	26.5	215.0
		ub :	167.4295	31.8779	218.846
		lb :	157.5705	21.1221	211.154
		P^-1:
			0.1203	0.059	-0.0643
			0.059	0.129	-0.1406
			-0.0643	-0.1406	0.3556
	==================================================================================
	Q3:
		Shape: Polyhedra
		q_c:	157.5	33.5	204.0
		ub :	161.3826	37.3536	208.231
		lb :	153.6174	29.6464	199.769
		A:
			0.7174	0.6956	-0.0377
			-0.34	-0.453	-0.8241
			-0.4526	0.8845	-0.1132
			-0.8688	0.0287	0.4943
			0.1759	0.3719	-0.9115
			0.113	0.2359	0.9652
			0.1249	0.9519	0.2797
			-0.7033	0.2838	-0.6518
			-0.6998	-0.1153	0.7049
			-0.1249	-0.9519	-0.2797
			0.7033	-0.2838	0.6518
			0.6998	0.1153	-0.7049
		b:
			131.3863
			-234.0914
			-61.9495
			-32.5416
			-143.2673
			225.2377
			111.6291
			-231.724
			32.2207
			-105.6291
			236.724
			-27.2207
	==================================================================================
	Q4:
		Shape: Hybrid
		q_c:	155.5	34.5	215.0
		ub :	162.2932	41.3855	222.5314
		lb :	148.7068	27.6145	207.4686
		P^-1:
			0.0561	-0.0135	-0.0148
			-0.0135	0.0593	0.0085
			-0.0148	0.0085	0.0556
		A:
			0.6748	-0.5803	0.4559
			-0.8677	-0.4103	0.2805
			0.6638	-0.7427	0.0884
			0.0443	-0.6172	-0.7856
			0.5555	-0.1237	-0.8223
			-0.5307	0.3363	-0.778
		b:
			185.6542
			-86.0017
			98.8325
			-180.9628
			-92.6315
			-235.1516
	==================================================================================
	Q5:
		Shape: Ellipse
		q_c:	159.5	34.5	217.5
		ub :	162.9571	36.9902	221.8837
		lb :	156.0429	32.0098	213.1163
		P^-1:
			0.7358	-0.084	0.4124
			-0.084	0.2645	-0.0702
			0.4124	-0.0702	0.299
	==================================================================================
	Q6:
		Shape: Hybrid
		q_c:	152.5	29.5	218.5
		ub :	154.9501	31.6244	221.1612
		lb :	150.0499	27.3756	215.8388
		P^-1:
			0.3704	0.0664	-0.0707
			0.0664	0.8252	0.2951
			-0.0707	0.2951	0.4989
		A:
			-0.7199	-0.5401	-0.436
			-0.7932	0.4706	0.3865
			0.2919	-0.0445	-0.9554
			-0.0273	0.9846	0.1725
			-0.6956	-0.6705	-0.258
			0.8346	0.5025	0.2258
		b:
			-220.0366
			-21.6749
			-164.5413
			63.2242
			-181.4099
			192.416


===========================================================================================
===========================================================================================
S6:
	q_c:	117.0	276.0	104.5
	ub :	130.0323	278.9601	128.5364
	lb :	89.0608	255.3521	80.7834

	==================================================================================
	Q1:
		Shape: Hybrid
		q_c:	105.0	269.5	120.5
		ub :	113.4218	277.9623	128.5364
		lb :	96.5782	261.0377	112.4636
		P^-1:
			0.0337	-0.0008	0.0029
			-0.0008	0.029	0.0027
			0.0029	0.0027	0.0382
		A:
			0.6716	-0.2375	0.7018
			-0.4555	-0.2207	0.8625
			0.8742	0.4756	-0.0981
			-0.1787	0.8907	0.418
			0.7869	-0.3675	0.4957
			0.8158	-0.5247	0.2432
		b:
			93.7719
			-0.3323
			211.3499
			274.7384
			46.1402
			-23.4592
	==================================================================================
	Q2:
		Shape: Ellipse
		q_c:	116.5	267.0	109.5
		ub :	124.1202	275.942	117.7591
		lb :	108.8798	258.058	101.2409
		P^-1:
			0.0371	-0.0029	-0.0017
			-0.0029	0.037	-0.0018
			-0.0017	-0.0018	0.0389
	==================================================================================
	Q3:
		Shape: Ellipse
		q_c:	98.0	270.0	108.5
		ub :	106.9392	278.9601	117.0193
		lb :	89.0608	261.0399	99.9807
		P^-1:
			0.0378	-0.0028	-0.0038
			-0.0028	0.0365	-0.0048
			-0.0038	-0.0048	0.0335
	==================================================================================
	Q4:
		Shape: Polyhedra
		q_c:	123.0	263.0	120.0
		ub :	130.0323	270.6479	125.6278
		lb :	115.9677	255.3521	114.3722
		A:
			-0.8779	0.4709	0.0866
			0.7362	0.4831	-0.4739
			-0.4887	0.4325	0.7577
			0.7323	0.3162	-0.6031
			-0.1989	-0.2509	0.9474
			-0.3686	-0.8157	0.4459
			0.4713	0.8017	0.3675
			0.8782	-0.4651	-0.1117
			0.0813	0.3754	-0.9233
			-0.4713	-0.8017	-0.3675
			-0.8782	0.4651	0.1117
			-0.0813	-0.3754	0.9233
		b:
			31.2518
			165.1159
			149.1276
			105.1044
			26.8007
			-202.1154
			317.9323
			-22.6984
			1.4503
			-307.9323
			32.6984
			5.5497
	==================================================================================
	Q5:
		Shape: Ellipse
		q_c:	107.5	267.5	97.5
		ub :	113.7461	275.8719	102.9125
		lb :	101.2539	259.1281	92.0875
		P^-1:
			0.0974	-0.0276	0.0247
			-0.0276	0.0557	0.0473
			0.0247	0.0473	0.1359
	==================================================================================
	Q6:
		Shape: Ellipse
		q_c:	106.0	265.5	91.0
		ub :	115.4052	275.0668	101.2166
		lb :	96.5948	255.9332	80.7834
		P^-1:
			0.0196	0.0022	0.0032
			0.0022	0.0305	-0.0034
			0.0032	-0.0034	0.0286


===========================================================================================
===========================================================================================
S7:
	q_c:	216.0	358.0	296.5
	ub :	239.9885	379.6329	322.0163
	lb :	191.0972	329.6567	274.6432

	==================================================================================
	Q1:
		Shape: Ellipse
		q_c:	230.5	372.5	297.0
		ub :	239.9885	379.6329	307.3926
		lb :	221.0115	365.3671	286.6074
		P^-1:
			0.1582	0.1825	0.0829
			0.1825	0.255	0.1078
			0.0829	0.1078	0.0667
	==================================================================================
	Q2:
		Shape: Polyhedra
		q_c:	211.5	342.0	310.0
		ub :	225.1108	354.3433	322.0163
		lb :	197.8892	329.6567	297.9837
		A:
			0.6353	-0.6994	0.3274
			0.6777	0.0704	0.7319
			0.5394	0.4599	0.7054
			-0.546	-0.8086	-0.2193
			0.4018	0.7864	-0.4692
			-0.2515	-0.8464	-0.4694
			0.6648	0.3303	0.67
			0.6561	0.1708	-0.7351
			-0.3572	0.9283	-0.1031
			-0.6648	-0.3303	-0.67
			-0.6561	-0.1708	0.7351
			0.3572	-0.9283	0.1031
		b:
			5.6523
			400.1991
			495.7187
			-452.5678
			218.1075
			-480.7342
			466.7728
			-20.7185
			219.4525
			-455.7728
			40.7185
			-200.4525
	==================================================================================
	Q3:
		Shape: Polyhedra
		q_c:	204.5	340.0	288.0
		ub :	217.9028	345.533	301.3568
		lb :	191.0972	334.467	274.6432
		A:
			0.3629	-0.917	0.1659
			-0.2367	-0.9328	0.2718
			0.2847	-0.9471	0.1479
			0.1426	-0.9739	0.1767
			-0.2512	-0.8042	0.5387
			0.6285	-0.7724	0.0918
			0.7579	0.0604	0.6496
			-0.6482	0.183	0.7392
			-0.0742	-0.9813	0.1779
			-0.7579	-0.0604	-0.6496
			0.6482	-0.183	-0.7392
			0.0742	0.9813	-0.1779
		b:
			-184.6008
			-283.4774
			-216.5302
			-247.1057
			-164.9347
			-100.7276
			373.1154
			150.553
			-294.0785
			-352.1154
			-134.553
			301.0785
	==================================================================================
	Q4:
		Shape: Hybrid
		q_c:	218.5	342.5	298.0
		ub :	230.1134	351.4981	311.432
		lb :	206.8866	333.5019	284.568
		P^-1:
			0.0091	0.0006	0.0
			0.0006	0.023	0.0032
			0.0	0.0032	0.0083
		A:
			0.4137	0.8914	-0.1852
			-0.4468	-0.7846	0.4299
			-0.2284	-0.9505	0.2106
			-0.7051	-0.3311	-0.627
			0.6543	-0.3939	-0.6455
			0.0907	0.7895	0.607
		b:
			345.2368
			-232.3063
			-308.2664
			-447.4732
			-177.5934
			475.5645
	==================================================================================
	Q5:
		Shape: Hybrid
		q_c:	209.5	355.0	286.0
		ub :	219.2945	360.8188	295.0946
		lb :	199.7055	349.1812	276.9054
		P^-1:
			0.0218	-0.0202	0.0083
			-0.0202	0.7547	-0.4241
			0.0083	-0.4241	0.2649
		A:
			0.1228	-0.9119	0.3917
			-0.0672	0.8891	-0.4527
			0.4477	0.6529	-0.611
			-0.4244	0.7414	-0.5199
			-0.3653	-0.4945	0.7887
			0.0241	0.8419	-0.5392
		b:
			-185.0613
			172.6622
			153.7844
			28.1609
			-23.1455
			150.2807
	==================================================================================
	Q6:
		Shape: Ellipse
		q_c:	217.5	354.5	290.5
		ub :	231.292	367.4978	301.8992
		lb :	203.708	341.5022	279.1008
		P^-1:
			0.0159	0.0002	-0.0016
			0.0002	0.0158	-0.0011
			-0.0016	-0.0011	0.0155


===========================================================================================
===========================================================================================
S8:
	q_c:	218.0	17.5	128.5
	ub :	225.1598	25.2827	135.277
	lb :	207.2187	8.6576	119.2161

	==================================================================================
	Q1:
		Shape: Ellipse
		q_c:	212.5	19.5	132.0
		ub :	216.2841	23.5277	135.277
		lb :	208.7159	15.4723	128.723
		P^-1:
			0.167	0.0142	-0.0195
			0.0142	0.1886	-0.0394
			-0.0195	-0.0394	0.2144
	==================================================================================
	Q2:
		Shape: Polyhedra
		q_c:	215.5	22.0	122.5
		ub :	219.7237	25.2827	125.7839
		lb :	211.2763	18.7173	119.2161
		A:
			-0.4614	-0.7542	-0.4673
			0.4086	0.4379	0.8008
			0.7956	0.5183	0.3136
			0.4547	0.153	0.8774
			-0.5483	-0.3402	-0.7639
			0.0084	-0.9938	-0.1105
			0.5349	0.3135	0.7846
			-0.8404	0.2932	0.4558
			-0.0872	-0.9032	0.4203
			-0.5349	-0.3135	-0.7846
			0.8404	-0.2932	-0.4558
			0.0872	0.9032	-0.4203
		b:
			-172.1085
			196.6383
			223.1852
			209.5172
			-218.7221
			-31.2624
			218.7804
			-114.3258
			14.8293
			-217.7804
			123.3258
			-10.8293
	==================================================================================
	Q3:
		Shape: Ellipse
		q_c:	213.0	16.0	125.5
		ub :	216.8373	20.7002	129.3878
		lb :	209.1627	11.2998	121.6122
		P^-1:
			0.5913	0.1396	0.4285
			0.1396	0.1259	0.1031
			0.4285	0.1031	0.4755
	==================================================================================
	Q4:
		Shape: Polyhedra
		q_c:	213.5	21.0	128.0
		ub :	217.866	24.9217	132.8121
		lb :	209.134	17.0783	123.1879
		A:
			-0.0803	-0.9879	0.1325
			0.4172	0.0312	0.9083
			-0.6495	-0.4617	-0.6041
			0.1357	0.9899	0.0418
			-0.8308	0.5185	-0.2024
			-0.9033	-0.1813	0.3888
			0.6645	0.2574	0.7016
			-0.7464	0.275	0.606
			-0.037	-0.9264	0.3748
			-0.6645	-0.2574	-0.7016
			0.7464	-0.275	-0.606
			0.037	0.9264	-0.3748
		b:
			-18.4179
			208.5651
			-223.1885
			57.6579
			-189.4427
			-143.6213
			239.5729
			-72.5141
			23.1284
			-234.5729
			79.5141
			-18.1284
	==================================================================================
	Q5:
		Shape: Hybrid
		q_c:	222.0	16.0	131.0
		ub :	225.1598	19.1354	134.641
		lb :	218.8402	12.8646	127.359
		P^-1:
			0.4919	0.3552	0.2061
			0.3552	0.5402	0.2206
			0.2061	0.2206	0.288
		A:
			0.9025	0.3934	0.1754
			-0.7789	0.395	0.4872
			0.6597	0.5503	-0.5119
			-0.8177	-0.3186	-0.4794
			0.2864	0.2185	0.9329
			0.4319	0.6434	0.6321
		b:
			230.5321
			-100.7735
			89.8051
			-248.5737
			190.7212
			189.6948
	==================================================================================
	Q6:
		Shape: Ellipse
		q_c:	213.0	14.0	130.5
		ub :	218.7813	19.3424	134.4558
		lb :	207.2187	8.6576	126.5442
		P^-1:
			0.0731	-0.0093	0.0075
			-0.0093	0.0725	0.0024
			0.0075	0.0024	0.1096


===========================================================================================
===========================================================================================
S9:
	q_c:	96.5	197.5	320.5
	ub :	109.8149	213.3299	337.5151
	lb :	77.6283	186.3032	307.8793

	==================================================================================
	Q1:
		Shape: Polyhedra
		q_c:	86.0	201.0	321.5
		ub :	93.9504	207.9924	328.4721
		lb :	78.0496	194.0076	314.5279
		A:
			-0.5737	-0.7526	-0.3232
			0.4781	0.4804	-0.7353
			0.0882	0.6737	0.7337
			0.3809	0.382	-0.842
			0.4829	-0.0449	0.8745
			-0.9617	0.1135	-0.2497
			0.7764	0.5962	0.2043
			0.4959	-0.778	0.3856
			0.3888	-0.1981	-0.8998
			-0.7764	-0.5962	-0.2043
			-0.4959	0.778	-0.3856
			-0.3888	0.1981	0.8998
		b:
			-299.0875
			-93.8073
			384.039
			-156.3528
			318.326
			-135.458
			257.7864
			13.7356
			-290.6452
			-246.7864
			-6.7356
			300.6452
	==================================================================================
	Q2:
		Shape: Hybrid
		q_c:	104.0	198.0	328.0
		ub :	109.8149	203.0683	333.9984
		lb :	98.1851	192.9317	322.0016
		P^-1:
			0.0612	0.0046	0.0155
			0.0046	0.1328	-0.0411
			0.0155	-0.0411	0.0971
		A:
			0.6001	-0.0645	0.7974
			0.6251	0.6968	-0.3518
			0.2382	0.0961	0.9664
			0.0554	0.9902	0.1283
			-0.0086	-0.9774	-0.2113
			-0.0605	-0.7602	-0.6469
		b:
			313.1875
			89.6259
			362.9982
			245.7542
			-261.715
			-366.5046
	==================================================================================
	Q3:
		Shape: Hybrid
		q_c:	89.0	193.5	315.5
		ub :	96.3954	200.6968	323.1207
		lb :	81.6046	186.3032	307.8793
		P^-1:
			0.0643	0.0159	0.0155
			0.0159	0.0657	-0.0085
			0.0155	-0.0085	0.0419
		A:
			0.413	0.81	-0.4163
			0.4582	-0.4038	0.7919
			-0.5936	-0.7706	0.2321
			0.9807	0.0453	0.1903
			-0.7812	-0.2243	-0.5825
			0.5199	-0.8542	0.0023
		b:
			64.2253
			214.846
			-126.7936
			158.3027
			-294.7304
			-115.2837
	==================================================================================
	Q4:
		Shape: Polyhedra
		q_c:	89.5	198.5	330.5
		ub :	95.8731	203.1011	336.7186
		lb :	83.1269	193.8989	324.2814
		A:
			0.317	0.9455	0.074
			-0.0202	-0.1568	0.9874
			-0.0969	0.3211	-0.9421
			0.2069	0.4399	0.8739
			-0.5207	-0.5633	0.6415
			0.4505	0.8435	-0.2926
			0.4843	0.5587	0.6733
			-0.2359	0.8244	-0.5145
			-0.8425	0.0903	0.5311
			-0.4843	-0.5587	-0.6733
			0.2359	-0.8244	0.5145
			0.8425	-0.0903	-0.5311
		b:
			243.5588
			297.0813
			-252.9148
			397.935
			57.7969
			114.5587
			379.7612
			-24.4942
			123.0584
			-373.7612
			30.4942
			-113.0584
	==================================================================================
	Q5:
		Shape: Ellipse
		q_c:	93.0	206.0	332.0
		ub :	100.1254	213.3299	337.5151
		lb :	85.8746	198.6701	326.4849
		P^-1:
			0.0628	0.021	0.0088
			0.021	0.0479	0.0059
			0.0088	0.0059	0.0534
	==================================================================================
	Q6:
		Shape: Ellipse
		q_c:	83.5	202.0	324.5
		ub :	89.3717	206.3038	330.4809
		lb :	77.6283	197.6962	318.5191
		P^-1:
			0.1182	-0.0849	0.0245
			-0.0849	0.1853	-0.0275
			0.0245	-0.0275	0.0584


===========================================================================================
===========================================================================================
S10:
	q_c:	486.5	8.5	85.5
	ub :	496.1579	23.4023	101.4957
	lb :	474.4496	-0.3509	73.2647

	==================================================================================
	Q1:
		Shape: Ellipse
		q_c:	487.0	8.0	94.0
		ub :	493.1733	11.3189	101.4957
		lb :	480.8267	4.6811	86.5043
		P^-1:
			0.1603	-0.1523	0.0605
			-0.1523	0.3389	-0.0631
			0.0605	-0.0631	0.0505
	==================================================================================
	Q2:
		Shape: Polyhedra
		q_c:	482.0	18.5	79.0
		ub :	487.2115	23.4023	84.7353
		lb :	476.7885	13.5977	73.2647
		A:
			-0.3948	0.8123	0.4294
			-0.7964	-0.0922	0.5977
			-0.8089	0.5571	-0.1881
			0.9068	-0.3667	-0.208
			-0.3485	0.887	0.3031
			-0.2708	0.8454	-0.4604
			0.3308	0.8048	0.4928
			0.8323	-0.0027	-0.5543
			-0.4448	0.5935	-0.6708
			-0.3308	-0.8048	-0.4928
			-0.8323	0.0027	0.5543
			0.4448	-0.5935	0.6708
		b:
			-138.0115
			-335.3632
			-391.0768
			416.9874
			-124.2153
			-147.7768
			216.7696
			360.3369
			-252.8858
			-209.7696
			-354.3369
			259.8858
	==================================================================================
	Q3:
		Shape: Polyhedra
		q_c:	487.0	11.0	82.0
		ub :	491.8407	13.5158	86.6356
		lb :	482.1593	8.4842	77.3644
		A:
			-0.6716	-0.716	-0.1904
			0.3958	-0.906	0.1502
			-0.859	0.1121	-0.4996
			0.2999	0.4545	0.8387
			0.5939	0.4211	-0.6855
			-0.2755	0.6372	-0.7198
			0.2252	0.9743	0.0074
			0.8899	-0.2026	-0.4086
			-0.3966	0.0986	-0.9127
			-0.2252	-0.9743	-0.0074
			-0.8899	0.2026	0.4086
			0.3966	-0.0986	0.9127
		b:
			-348.3239
			197.5598
			-454.5619
			222.9133
			240.6892
			-183.1483
			122.5121
			401.156
			-263.4078
			-119.5121
			-394.156
			270.4078
	==================================================================================
	Q4:
		Shape: Hybrid
		q_c:	479.5	6.0	92.5
		ub :	484.5504	11.8288	98.3953
		lb :	474.4496	0.1712	86.6047
		P^-1:
			0.1879	-0.0872	-0.025
			-0.0872	0.1083	0.0226
			-0.025	0.0226	0.0657
		A:
			-0.9953	0.0819	0.052
			0.8846	-0.1305	0.4478
			-0.6156	-0.6887	-0.3832
			0.1129	0.9889	0.0962
			0.502	-0.7163	0.4847
			-0.8997	0.1645	0.4044
		b:
			-470.2184
			466.9191
			-331.5543
			71.9936
			283.6241
			-391.35
	==================================================================================
	Q5:
		Shape: Hybrid
		q_c:	482.0	5.5	81.0
		ub :	487.8829	10.3342	84.4605
		lb :	476.1171	0.6658	77.5395
		P^-1:
			0.0957	0.1021	-0.0198
			0.1021	0.2625	0.1119
			-0.0198	0.1119	0.3693
		A:
			-0.0098	-0.0865	-0.9962
			-0.3902	-0.9059	-0.1647
			-0.0733	-0.1259	0.9893
			-0.5778	0.3833	0.7206
			0.6396	0.7172	0.2767
			0.4486	0.8074	0.3832
		b:
			-84.7761
			-205.3421
			45.4105
			-215.5563
			336.1089
			252.6538
	==================================================================================
	Q6:
		Shape: Ellipse
		q_c:	491.5	5.0	95.5
		ub :	496.1579	10.3509	101.1585
		lb :	486.8421	-0.3509	89.8415
		P^-1:
			0.0925	0.0056	0.0131
			0.0056	0.0676	0.0129
			0.0131	0.0129	0.0951


===========================================================================================
===========================================================================================
S11:
	q_c:	163.0	143.5	187.0
	ub :	171.4223	151.4943	193.7685
	lb :	156.446	136.9922	181.3091

	==================================================================================
	Q1:
		Shape: Ellipse
		q_c:	166.5	141.0	190.5
		ub :	169.8449	145.0078	192.6988
		lb :	163.1551	136.9922	188.3012
		P^-1:
			0.1672	0.0197	-0.0509
			0.0197	0.0876	-0.033
			-0.0509	-0.033	0.4313
	==================================================================================
	Q2:
		Shape: Hybrid
		q_c:	167.5	145.5	188.5
		ub :	170.143	148.2801	190.6868
		lb :	164.857	142.7199	186.3132
		P^-1:
			0.3117	0.0882	0.0203
			0.0882	0.3859	-0.0135
			0.0203	-0.0135	0.4413
		A:
			0.858	0.3637	-0.3628
			-0.1923	-0.1866	-0.9634
			0.8375	0.3642	-0.4074
			-0.1119	0.9189	-0.3782
			-0.3478	0.1732	-0.9214
			-0.3832	-0.828	0.4093
		b:
			129.1611
			-240.2068
			117.3892
			44.5749
			-205.9611
			-106.7471
	==================================================================================
	Q3:
		Shape: Ellipse
		q_c:	168.0	147.5	186.0
		ub :	171.4223	151.4943	190.107
		lb :	164.5777	143.5057	181.893
		P^-1:
			0.2427	0.0215	-0.0224
			0.0215	0.187	0.0657
			-0.0224	0.0657	0.1815
	==================================================================================
	Q4:
		Shape: Hybrid
		q_c:	160.0	147.5	185.0
		ub :	163.554	150.0206	188.6909
		lb :	156.446	144.9794	181.3091
		P^-1:
			0.4144	-0.3226	-0.227
			-0.3226	0.6557	0.1965
			-0.227	0.1965	0.291
		A:
			-0.1106	-0.962	-0.2495
			-0.3224	0.9385	0.1233
			0.4589	-0.5344	-0.7098
			0.3421	-0.9385	0.046
			-0.3246	0.9458	0.0116
			-0.1285	0.9674	0.2182
		b:
			-204.4821
			110.3721
			-135.8661
			-74.3268
			90.5084
			163.3969
	==================================================================================
	Q5:
		Shape: Polyhedra
		q_c:	161.5	142.5	190.0
		ub :	164.9325	145.7326	193.7685
		lb :	158.0675	139.2674	186.2315
		A:
			0.1925	-0.6869	-0.7008
			0.7658	-0.2083	0.6084
			-0.9737	-0.1102	-0.1994
			0.041	-0.4846	0.8738
			-0.3781	-0.8201	0.4294
			0.1007	0.9949	-0.0067
			0.4422	0.65	0.618
			-0.8343	0.0452	0.5494
			0.3291	-0.7586	0.5623
			-0.4422	-0.65	-0.618
			0.8343	-0.0452	-0.5494
			-0.3291	0.7586	-0.5623
		b:
			-197.6147
			211.7729
			-208.6275
			105.609
			-94.2317
			159.0051
			283.9677
			-21.9092
			53.8921
			-278.9677
			25.9092
			-49.8921
	==================================================================================
	Q6:
		Shape: Polyhedra
		q_c:	163.5	146.5	187.0
		ub :	167.6492	150.5286	190.1147
		lb :	159.3508	142.4714	183.8853
		A:
			-0.3154	0.202	0.9272
			0.0169	-0.1529	0.9881
			-0.1959	0.9537	-0.2283
			-0.2902	0.0945	0.9523
			0.8462	-0.5283	0.0701
			-0.8183	0.2469	0.519
			0.869	0.4715	0.1502
			0.4909	-0.7825	-0.383
			-0.063	0.4066	-0.9114
			-0.869	-0.4715	-0.1502
			-0.4909	0.7825	0.383
			0.063	-0.4066	0.9114
		b:
			153.415
			167.1565
			67.1239
			146.4818
			76.5262
			1.9198
			242.7476
			-104.0061
			-119.1891
			-235.7476
			108.0061
			123.1891


===========================================================================================
===========================================================================================
S12:
	q_c:	293.5	284.5	195.5
	ub :	310.2604	298.9633	211.7726
	lb :	276.2763	269.7132	184.8697

	==================================================================================
	Q1:
		Shape: Ellipse
		q_c:	284.5	281.0	193.0
		ub :	292.7237	289.6437	199.9937
		lb :	276.2763	272.3563	186.0063
		P^-1:
			0.0384	0.0015	0.0042
			0.0015	0.0388	-0.0058
			0.0042	-0.0058	0.0452
	==================================================================================
	Q2:
		Shape: Hybrid
		q_c:	285.5	287.5	190.5
		ub :	290.4915	291.5816	196.1303
		lb :	280.5085	283.4184	184.8697
		P^-1:
			0.1849	-0.0327	-0.0915
			-0.0327	0.2336	-0.0459
			-0.0915	-0.0459	0.1215
		A:
			-0.1353	-0.8107	0.5696
			0.7104	0.0593	-0.7013
			-0.9192	-0.0598	0.3893
			0.8863	-0.0633	-0.4587
			-0.5325	-0.6901	-0.4902
			0.5271	0.8258	-0.2005
		b:
			-162.0789
			87.3518
			-204.2021
			148.537
			-440.324
			351.3271
	==================================================================================
	Q3:
		Shape: Hybrid
		q_c:	296.5	277.5	193.5
		ub :	301.1178	282.5371	196.9399
		lb :	291.8822	272.4629	190.0601
		P^-1:
			0.1176	0.0105	-0.0422
			0.0105	0.0719	0.024
			-0.0422	0.024	0.2342
		A:
			-0.4391	0.1143	-0.8911
			-0.9544	-0.0815	0.2871
			-0.1608	0.0563	-0.9854
			-0.6815	-0.3155	0.6603
			-0.1004	0.5031	0.8584
			0.5654	-0.0815	-0.8208
		b:
			-269.0874
			-248.2652
			-221.3099
			-160.3733
			277.3327
			-12.6416
	==================================================================================
	Q4:
		Shape: Hybrid
		q_c:	305.0	275.5	192.0
		ub :	310.2604	281.2868	197.9834
		lb :	299.7396	269.7132	186.0166
		P^-1:
			0.0992	0.0037	-0.0164
			0.0037	0.0555	0.0126
			-0.0164	0.0126	0.0874
		A:
			-0.4564	0.6674	0.5885
			0.9178	-0.2364	0.3189
			-0.5322	-0.3111	0.7874
			0.2525	0.4774	-0.8416
			-0.2723	-0.9433	-0.1899
			-0.7298	-0.387	-0.5636
		b:
			159.6114
			278.2018
			-94.934
			49.2951
			-376.8356
			-435.4348
	==================================================================================
	Q5:
		Shape: Ellipse
		q_c:	292.0	292.5	203.5
		ub :	298.6937	298.9633	209.4493
		lb :	285.3063	286.0367	197.5507
		P^-1:
			0.0694	0.0264	0.0008
			0.0264	0.0737	-0.0216
			0.0008	-0.0216	0.0897
	==================================================================================
	Q6:
		Shape: Ellipse
		q_c:	294.0	281.0	205.0
		ub :	298.0171	289.0057	211.7726
		lb :	289.9829	272.9943	198.2274
		P^-1:
			3.2522	0.5538	-1.4487
			0.5538	0.1345	-0.2163
			-1.4487	-0.2163	0.7127


===========================================================================================
===========================================================================================
S13:
	q_c:	513.5	349.0	458.5
	ub :	521.5651	356.8339	469.5546
	lb :	506.4083	338.4344	452.0265

	==================================================================================
	Q1:
		Shape: Ellipse
		q_c:	509.5	343.5	459.5
		ub :	512.5917	348.5656	463.7843
		lb :	506.4083	338.4344	455.2157
		P^-1:
			0.237	0.043	0.0199
			0.043	0.0975	-0.0373
			0.0199	-0.0373	0.138
	==================================================================================
	Q2:
		Shape: Polyhedra
		q_c:	516.5	344.0	466.0
		ub :	521.1726	349.0225	469.5546
		lb :	511.8274	338.9775	462.4454
		A:
			0.014	-0.1692	0.9855
			-0.1467	-0.3263	-0.9338
			-0.1228	0.3358	0.9339
			0.9263	0.3299	-0.1821
			-0.1436	-0.8782	0.4562
			-0.3422	-0.2877	-0.8945
			0.7444	0.604	0.2846
			-0.0551	-0.3692	0.9277
			0.6655	-0.7063	-0.2415
			-0.7444	-0.604	-0.2846
			0.0551	0.3692	-0.9277
			-0.6655	0.7063	0.2415
		b:
			410.338
			-620.5879
			489.9853
			510.0571
			-161.0834
			-689.9714
			727.9034
			278.8399
			-8.2877
			-721.9034
			-274.8399
			15.2877
	==================================================================================
	Q3:
		Shape: Hybrid
		q_c:	513.5	349.5	454.5
		ub :	516.8407	352.6308	456.9735
		lb :	510.1593	346.3692	452.0265
		P^-1:
			0.2761	0.1957	0.165
			0.1957	0.5061	0.3395
			0.165	0.3395	0.6278
		A:
			0.3562	0.93	-0.0902
			-0.0532	0.268	-0.9619
			0.254	0.9159	0.3108
			0.554	0.6445	0.527
			-0.3725	-0.6415	-0.6706
			-0.8212	0.1127	-0.5594
		b:
			468.1972
			-369.4824
			592.688
			749.8748
			-719.7861
			-634.9735
	==================================================================================
	Q4:
		Shape: Polyhedra
		q_c:	515.0	352.0	463.5
		ub :	518.9762	356.8339	468.209
		lb :	511.0238	347.1661	458.791
		A:
			0.0345	0.737	-0.675
			-0.574	0.4576	0.6791
			-0.9084	0.2379	-0.3437
			0.7691	-0.3941	0.5031
			-0.8543	-0.3784	0.3565
			0.6742	0.4602	-0.5777
			0.3265	0.7942	0.5126
			0.8588	-0.0228	-0.5117
			-0.3947	0.6073	-0.6895
			-0.3265	-0.7942	-0.5126
			-0.8588	0.0228	0.5117
			0.3947	-0.6073	0.6895
		b:
			-33.4593
			183.1468
			-541.1292
			492.7408
			-405.3593
			243.7241
			689.7503
			199.096
			-307.1059
			-680.7503
			-195.096
			311.1059
	==================================================================================
	Q5:
		Shape: Polyhedra
		q_c:	517.0	351.5	460.5
		ub :	520.2048	354.5078	464.2894
		lb :	513.7952	348.4922	456.7106
		A:
			-0.4912	-0.2941	-0.8199
			0.7066	-0.5923	0.3872
			-0.854	0.0837	-0.5135
			0.0361	-0.7725	-0.634
			0.0098	-0.8007	0.5989
			0.2225	0.973	-0.062
			0.0791	0.9755	0.2052
			0.641	0.1078	-0.7599
			-0.7634	0.1916	-0.6168
			-0.0791	-0.9755	-0.2052
			-0.641	-0.1078	0.7599
			0.7634	-0.1916	0.6168
		b:
			-733.125
