3D_30_11_6_b                l = 3

===========================================================================================
===========================================================================================
S1:
	q_c:	11.5	431.0	348.5
	ub :	23.8924	445.8058	360.881
	lb :	-5.8885	415.5912	334.2025

	==================================================================================
	Q1:
		Shape: Ellipse
		q_c:	4.0	434.0	351.0
		ub :	13.8885	442.1399	360.881
		lb :	-5.8885	425.8601	341.119
		P^-1:
			0.0325	0.0085	0.0091
			0.0085	0.0421	0.0024
			0.0091	0.0024	0.0283
	==================================================================================
	Q2:
		Shape: Hybrid
		q_c:	18.0	421.0	344.5
		ub :	23.0386	426.4088	346.7332
		lb :	12.9614	415.5912	342.2668
		P^-1:
			0.5416	0.4513	-0.1049
			0.4513	0.4295	-0.1413
			-0.1049	-0.1413	0.501
		A:
			0.0154	0.1083	0.994
			-0.3697	-0.2648	0.8907
			-0.8453	-0.4722	-0.2499
			0.5737	0.674	-0.4654
			0.5524	0.4692	-0.6889
			0.8492	0.5267	-0.0385
		b:
			389.5372
			189.6413
			-299.0771
			134.4343
			-29.2001
			224.6519
	==================================================================================
	Q3:
		Shape: Ellipse
		q_c:	3.0	438.5	350.0
		ub :	9.5714	445.8058	358.0797
		lb :	-3.5714	431.1942	341.9203
		P^-1:
			0.0755	-0.012	-0.0131
			-0.012	0.058	-0.0258
			-0.0131	-0.0258	0.0534
	==================================================================================
	Q4:
		Shape: Polyhedra
		q_c:	17.5	434.5	337.5
		ub :	23.8924	440.9152	340.7975
		lb :	11.1076	428.0848	334.2025
		A:
			-0.6414	0.6158	0.4576
			-0.8399	0.1314	0.5267
			-0.4744	0.7687	0.429
			-0.7222	0.4677	0.5095
			-0.9588	0.2629	-0.1076
			-0.5708	0.3377	0.7484
			0.7036	0.7106	0.0007
			0.4673	-0.4634	0.7529
			0.5353	-0.5294	-0.6582
			-0.7036	-0.7106	-0.0007
			-0.4673	0.4634	-0.7529
			-0.5353	0.5294	0.6582
		b:
			412.0466
			223.2528
			472.2983
			364.0953
			64.9208
			390.8056
			327.3251
			64.4043
			-441.7681
			-315.3251
			-57.4043
			443.7681
	==================================================================================
	Q5:
		Shape: Hybrid
		q_c:	9.5	428.5	350.5
		ub :	13.416	431.8706	354.705
		lb :	5.584	425.1294	346.295
		P^-1:
			0.1776	0.0049	0.0832
			0.0049	0.111	0.0007
			0.0832	0.0007	0.1541
		A:
			0.9438	0.1412	0.2988
			-0.28	-0.8266	-0.4883
			-0.4683	0.2932	-0.8335
			0.7087	0.0265	0.705
			0.5883	0.4043	0.7003
			-0.555	0.3571	-0.7513
		b:
			175.5138
			-526.2064
			-169.6392
			266.2053
			425.5016
			-114.3491
	==================================================================================
	Q6:
		Shape: Ellipse
		q_c:	6.5	439.5	348.0
		ub :	13.409	444.4875	355.063
		lb :	-0.409	434.5125	340.937
		P^-1:
			0.1667	-0.1861	-0.0434
			-0.1861	0.2961	0.0659
			-0.0434	0.0659	0.0546


===========================================================================================
===========================================================================================
S2:
	q_c:	451.5	23.5	199.5
	ub :	460.126	33.044	208.1667
	lb :	446.9206	16.9041	192.6325

	==================================================================================
	Q1:
		Shape: Hybrid
		q_c:	451.5	29.0	203.5
		ub :	454.9737	33.044	207.5525
		lb :	448.0263	24.956	199.4475
		P^-1:
			0.1955	0.0435	0.0103
			0.0435	0.2003	0.0347
			0.0103	0.0347	0.1253
		A:
			-0.7323	-0.502	0.4602
			-0.5283	-0.1646	0.8329
			0.5816	-0.2317	0.7798
			0.9701	-0.2289	0.0805
			-0.5737	-0.5351	0.6201
			-0.1939	-0.5116	-0.837
		b:
			-250.1017
			-72.0306
			416.3744
			449.1978
			-146.7384
			-271.2849
	==================================================================================
	Q2:
		Shape: Hybrid
		q_c:	455.5	24.5	197.5
		ub :	460.126	27.6092	201.5979
		lb :	450.874	21.3908	193.4021
		P^-1:
			0.312	0.4081	0.0363
			0.4081	0.7448	0.0862
			0.0363	0.0862	0.1169
		A:
			0.3211	0.9432	0.0847
			0.8657	-0.3297	0.3767
			0.7341	0.5898	-0.3364
			-0.7323	-0.301	-0.6108
			-0.2852	-0.9148	-0.2859
			0.1385	0.8795	0.4553
		b:
			186.9071
			464.0496
			283.7913
			-459.3016
			-207.9092
			175.883
	==================================================================================
	Q3:
		Shape: Polyhedra
		q_c:	452.0	23.0	196.0
		ub :	454.9841	26.8626	199.0566
		lb :	449.0159	19.1374	192.9434
		A:
			-0.3261	0.4884	0.8094
			0.3349	0.1229	-0.9342
			0.3722	0.4568	-0.808
			0.7156	-0.0861	-0.6932
			0.8226	0.2705	0.5002
			-0.7504	-0.6379	0.1731
			0.4911	0.1018	0.8651
			-0.1329	0.9903	-0.0411
			-0.8609	-0.0947	0.4999
			-0.4911	-0.1018	-0.8651
			0.1329	-0.9903	0.0411
			0.8609	0.0947	-0.4999
		b:
			24.9658
			-26.8858
			22.6336
			187.233
			478.399
			-317.5914
			396.3921
			-41.8343
			-291.8306
			-391.3921
			48.8343
			294.8306
	==================================================================================
	Q4:
		Shape: Polyhedra
		q_c:	453.0	22.5	204.5
		ub :	457.2012	27.2427	208.1667
		lb :	448.7988	17.7573	200.8333
		A:
			0.6999	-0.6924	0.1753
			0.716	0.5446	-0.4367
			-0.9765	-0.1737	-0.1275
			-0.5103	-0.2192	-0.8316
			-0.5422	0.1458	0.8275
			-0.481	-0.168	0.8604
			0.8353	0.3626	0.4133
			-0.4627	0.0578	0.8846
			0.2969	-0.9302	0.2161
			-0.8353	-0.3626	-0.4133
			0.4627	-0.0578	-0.8846
			-0.2969	0.9302	-0.2161
		b:
			341.0219
			249.8716
			-469.8428
			-403.7399
			-71.0536
			-43.6133
			473.566
			-25.4151
			161.7362
			-468.566
			29.4151
			-153.7362
	==================================================================================
	Q5:
		Shape: Hybrid
		q_c:	450.0	20.0	194.5
		ub :	453.0794	23.0959	196.3675
		lb :	446.9206	16.9041	192.6325
		P^-1:
			0.9802	0.2703	-1.5154
			0.2703	0.3426	-0.6085
			-1.5154	-0.6085	3.0871
		A:
			-0.6655	-0.2151	0.7147
			0.4399	0.0527	-0.8965
			0.343	0.2392	-0.9084
			0.548	-0.0621	-0.8342
			-0.551	-0.4164	0.7232
			0.2783	0.1498	-0.9487
		b:
			-164.2325
			24.9828
			-17.2496
			83.5616
			-114.9836
			-55.8796
	==================================================================================
	Q6:
		Shape: Polyhedra
		q_c:	452.0	28.0	199.0
		ub :	455.3907	31.2529	202.2989
		lb :	448.6093	24.7471	195.7011
		A:
			0.7457	-0.4469	-0.4941
			0.8983	-0.2229	-0.3787
			0.4434	-0.3392	0.8297
			0.973	-0.2057	-0.1046
			0.897	-0.2986	-0.3258
			-0.8705	-0.367	0.3279
			0.7412	0.5729	0.3499
			-0.6275	0.7765	0.0578
			-0.2386	-0.2624	0.935
			-0.7412	-0.5729	-0.3499
			0.6275	-0.7765	-0.0578
			0.2386	0.2624	-0.935
		b:
			228.0622
			326.3907
			358.3288
			415.1763
			334.1542
			-336.0517
			423.1821
			-248.8844
			73.3747
			-418.1821
			251.8844
			-68.3747


===========================================================================================
===========================================================================================
S3:
	q_c:	162.5	101.5	45.5
	ub :	176.0162	119.6534	61.0995
	lb :	146.1718	87.333	31.1927

	==================================================================================
	Q1:
		Shape: Polyhedra
		q_c:	161.5	103.5	55.0
		ub :	166.6051	108.3073	60.906
		lb :	156.3949	98.6927	49.094
		A:
			-0.6784	-0.6957	-0.2363
			0.9177	-0.3719	-0.1399
			-0.3599	0.8688	-0.34
			0.4651	-0.7375	0.4897
			0.1842	-0.9714	0.15
			-0.6134	0.6674	-0.4223
			0.4437	0.4982	0.745
			-0.658	-0.3833	0.6482
			0.6084	-0.7778	0.1577
			-0.4437	-0.4982	-0.745
			0.658	0.3833	-0.6482
			-0.6084	0.7778	-0.1577
		b:
			-190.1072
			104.1734
			14.8189
			27.6653
			-60.3136
			-51.2652
			169.1897
			-107.2831
			27.9367
			-159.1897
			113.2831
			-24.9367
	==================================================================================
	Q2:
		Shape: Hybrid
		q_c:	166.5	100.0	52.5
		ub :	173.8942	108.1486	61.0995
		lb :	159.1058	91.8514	43.9005
		P^-1:
			0.0765	0.0374	0.0158
			0.0374	0.0606	0.0093
			0.0158	0.0093	0.0348
		A:
			-0.4449	0.4254	0.7881
			0.6607	0.7451	0.0916
			-0.5131	-0.4568	-0.7267
			-0.6404	-0.3544	-0.6814
			-0.9014	-0.4216	0.0982
			-0.5444	-0.614	-0.5715
		b:
			14.3094
			190.9842
			-166.7209
			-175.4704
			-184.9651
			-179.9377
	==================================================================================
	Q3:
		Shape: Hybrid
		q_c:	153.0	94.5	35.0
		ub :	159.8282	101.667	38.8073
		lb :	146.1718	87.333	31.1927
		P^-1:
			0.039	-0.0024	-0.0012
			-0.0024	0.0342	-0.0023
			-0.0012	-0.0023	0.0815
		A:
			-0.1231	0.2578	-0.9583
			-0.06	-0.7324	-0.6783
			0.4594	0.7192	-0.5212
			0.0207	-0.9084	0.4175
			0.9384	0.1754	0.2977
			-0.0588	-0.1724	-0.9833
		b:
			-26.1298
			-99.1332
			123.2041
			-64.7451
			173.8871
			-57.8083
	==================================================================================
	Q4:
		Shape: Hybrid
		q_c:	154.0	100.0	49.5
		ub :	156.4985	102.9462	52.1367
		lb :	151.5015	97.0538	46.8633
		P^-1:
			2.2918	0.1856	-1.8882
			0.1856	0.2526	-0.2148
			-1.8882	-0.2148	1.8656
		A:
			-0.8544	-0.2519	0.4545
			0.304	0.1573	-0.9396
			0.6722	0.2652	-0.6912
			0.8783	-0.1445	-0.4557
			-0.9071	0.0158	0.4207
			0.7461	0.1012	-0.6582
		b:
			-133.6537
			17.0345
			96.2139
			98.8402
			-116.6931
			92.6896
	==================================================================================
	Q5:
		Shape: Hybrid
		q_c:	167.5	111.5	44.0
		ub :	174.878	119.6534	51.2985
		lb :	160.122	103.3466	36.7015
		P^-1:
			0.0749	0.0067	-0.0371
			0.0067	0.027	0.0026
			-0.0371	0.0026	0.0729
		A:
			-0.6887	-0.7233	-0.0508
			-0.8291	-0.0232	0.5586
			-0.6622	0.2757	0.6967
			0.9036	0.1134	-0.4132
			-0.7108	-0.6734	-0.2032
			-0.9068	-0.4215	0.0096
		b:
			-194.8335
			-115.2864
			-47.5937
			147.6172
			-199.6726
			-195.7359
	==================================================================================
	Q6:
		Shape: Ellipse
		q_c:	169.5	98.0	50.0
		ub :	176.0162	104.6987	55.4359
		lb :	162.9838	91.3013	44.5641
		P^-1:
			0.0599	0.0074	-0.0032
			0.0074	0.0557	-0.0075
			-0.0032	-0.0075	0.078


===========================================================================================
===========================================================================================
S4:
	q_c:	430.0	424.0	63.0
	ub :	451.5545	438.3568	86.2328
	lb :	407.531	401.2831	44.2537

	==================================================================================
	Q1:
		Shape: Polyhedra
		q_c:	430.0	415.0	59.5
		ub :	436.8881	422.5343	65.0416
		lb :	423.1119	407.4657	53.9584
		A:
			-0.2037	0.2954	0.9334
			0.8794	-0.4484	0.1602
			-0.9289	0.3641	0.0681
			-0.2505	-0.9576	-0.1423
			0.8445	-0.0516	-0.533
			0.7401	-0.5779	-0.344
			0.6172	0.7652	0.1832
			0.7354	-0.4784	-0.4799
			-0.2796	0.4309	-0.858
			-0.6172	-0.7652	-0.1832
			-0.7354	0.4784	0.4799
			0.2796	-0.4309	0.858
		b:
			94.0234
			204.9621
			-240.8719
			-507.9709
			313.6504
			60.9778
			599.8505
			92.1614
			11.0536
			-587.8505
			-86.1614
			-4.0536
	==================================================================================
	Q2:
		Shape: Polyhedra
		q_c:	418.5	428.0	51.5
		ub :	425.1967	434.8339	58.7463
		lb :	411.8033	421.1661	44.2537
		A:
			-0.9214	0.3853	0.0511
			-0.4122	-0.7399	-0.5317
			-0.7336	-0.3031	-0.6082
			0.5884	-0.7933	-0.1564
			0.8106	0.3068	0.4987
			0.3691	0.8241	-0.4296
			0.3364	0.9278	0.1615
			0.9387	-0.3441	0.0213
			0.0753	0.1444	-0.9866
			-0.3364	-0.9278	-0.1615
			-0.9387	0.3441	-0.0213
			-0.0753	-0.1444	0.9866
		b:
			-213.0449
			-511.6825
			-462.8286
			-96.4858
			501.3269
			490.3172
			550.6818
			251.692
			49.0088
			-541.6818
			-241.692
			-36.0088
	==================================================================================
	Q3:
		Shape: Hybrid
		q_c:	442.5	429.0	54.0
		ub :	451.5545	438.3568	61.4889
		lb :	433.4455	419.6432	46.5111
		P^-1:
			0.021	0.01	-0.0195
			0.01	0.0356	-0.0354
			-0.0195	-0.0354	0.0879
		A:
			-0.3552	0.5491	-0.7565
			0.1491	-0.7044	0.694
			-0.3105	0.7169	0.6243
			0.2724	-0.6809	-0.6799
			0.0442	-0.038	-0.9983
			-0.4385	0.7346	0.5178
		b:
			41.2885
			-195.6432
			209.6089
			-202.6312
			-47.5453
			154.9788
	==================================================================================
	Q4:
		Shape: Hybrid
		q_c:	432.0	419.5	70.0
		ub :	440.1282	430.114	82.0392
		lb :	423.8718	408.886	57.9608
		P^-1:
			0.0359	-0.008	-0.0005
			-0.008	0.0239	0.0029
			-0.0005	0.0029	0.0097
		A:
			-0.9769	-0.0778	0.1991
			0.6387	-0.626	-0.4473
			-0.8472	-0.5277	0.062
			0.9996	-0.0061	-0.029
			-0.414	-0.7831	-0.4641
			-0.5743	-0.602	-0.5548
		b:
			-437.216
			-14.3943
			-578.7584
			430.2267
			-535.0531
			-534.432
	==================================================================================
	Q5:
		Shape: Hybrid
		q_c:	419.5	432.5	65.5
		ub :	431.469	438.0152	74.9249
		lb :	407.531	426.9848	56.0751
		P^-1:
			0.0119	-0.0008	0.0078
			-0.0008	0.0488	-0.0029
			0.0078	-0.0029	0.0308
		A:
			0.7365	-0.332	0.5893
			0.5258	-0.5963	0.6066
			-0.3474	-0.341	0.8735
			0.103	-0.3507	0.9308
			0.2193	-0.3191	0.922
			0.9891	-0.099	-0.109
		b:
			208.6597
			5.8232
			-230.5581
			-44.1384
			17.4941
			372.9546
	==================================================================================
	Q6:
		Shape: Polyhedra
		q_c:	424.0	412.0	75.5
		ub :	434.642	422.7169	86.2328
		lb :	413.358	401.2831	64.7672
		A:
			0.0144	-0.9155	0.4021
			0.63	-0.4865	-0.6054
			-0.5225	0.8435	0.1243
			0.5224	-0.0862	0.8484
			0.4139	-0.6552	-0.632
			0.2458	-0.0509	-0.968
			0.4004	0.4356	0.8062
			0.1845	0.8234	-0.5366
			-0.8975	0.3636	0.2494
			-0.4004	-0.4356	-0.8062
			-0.1845	-0.8234	0.5366
			0.8975	-0.3636	-0.2494
		b:
			-334.6245
			28.3734
			142.4352
			256.8899
			-134.8544
			16.9929
			417.1141
			382.9876
			-204.4128
			-403.1141
			-370.9876
			219.4128


===========================================================================================
===========================================================================================
S5:
	q_c:	43.0	499.0	40.5
	ub :	52.8729	512.0268	51.6066
	lb :	31.6785	479.2614	23.0848

	==================================================================================
	Q1:
		Shape: Hybrid
		q_c:	40.5	490.0	45.5
		ub :	48.1648	497.8293	51.6066
		lb :	32.8352	482.1707	39.3934
		P^-1:
			0.0462	0.0058	0.0137
			0.0058	0.0454	0.0127
			0.0137	0.0127	0.07
		A:
			-0.7591	-0.4857	-0.4335
			0.4377	-0.4952	-0.7505
			-0.0776	-0.8213	0.5653
			-0.2949	0.6719	-0.6794
			0.4654	-0.2138	-0.8589
			0.7122	-0.0993	0.695
		b:
			-286.1802
			-256.3668
			-376.6186
			289.3404
			-122.2699
			14.0923
	==================================================================================
	Q2:
		Shape: Ellipse
		q_c:	39.5	504.5	30.5
		ub :	47.3215	512.0268	37.9152
		lb :	31.6785	496.9732	23.0848
		P^-1:
			0.0473	0.0013	0.0037
			0.0013	0.0486	-0.0023
			0.0037	-0.0023	0.0429
	==================================================================================
	Q3:
		Shape: Ellipse
		q_c:	39.0	498.0	34.0
		ub :	42.6407	502.6972	37.6734
		lb :	35.3593	493.3028	30.3266
		P^-1:
			0.2776	0.0267	-0.1062
			0.0267	0.1301	0.1095
			-0.1062	0.1095	0.3493
	==================================================================================
	Q4:
		Shape: Ellipse
		q_c:	45.5	486.0	42.0
		ub :	52.8729	492.7386	49.5019
		lb :	38.1271	479.2614	34.4981
		P^-1:
			0.0431	0.0057	-0.0126
			0.0057	0.0484	0.0004
			-0.0126	0.0004	0.0535
	==================================================================================
	Q5:
		Shape: Hybrid
		q_c:	42.5	506.5	44.0
		ub :	46.0966	509.8124	48.7979
		lb :	38.9034	503.1876	39.2021
		P^-1:
			0.3924	-0.0408	0.1273
			-0.0408	0.4126	0.0996
			0.1273	0.0996	0.1333
		A:
			-0.9627	-0.2033	-0.1784
			-0.9035	-0.0477	-0.4259
			-0.0565	-0.8271	-0.5592
			0.3919	-0.6705	-0.63
			-0.5639	0.7514	-0.3427
			-0.47	0.8249	0.3141
		b:
			-150.6695
			-80.5242
			-444.8827
			-348.7637
			342.7967
			412.6498
	==================================================================================
	Q6:
		Shape: Ellipse
		q_c:	40.0	495.5	43.0
		ub :	45.5809	501.2056	48.3384
		lb :	34.4191	489.7944	37.6616
		P^-1:
			0.087	0.0312	0.0104
			0.0312	0.1075	-0.0401
			0.0104	-0.0401	0.126


===========================================================================================
===========================================================================================
S6:
	q_c:	253.0	496.5	257.5
	ub :	257.5953	501.5372	260.3117
	lb :	249.4219	494.0795	254.4425

	==================================================================================
	Q1:
		Shape: Hybrid
		q_c:	254.5	499.0	258.0
		ub :	256.9779	501.3413	260.1875
		lb :	252.0221	496.6587	255.8125
		P^-1:
			0.4444	-0.0	-0.0
			-0.0	0.4444	-0.0
			-0.0	-0.0	0.4444
		A:
			-0.6899	-0.176	0.7021
			0.5541	-0.5423	0.6316
			0.0816	0.5215	0.8493
			0.614	0.0355	-0.7885
			-0.5733	-0.8094	0.1277
			0.8905	-0.4548	0.0132
		b:
			-81.5126
			34.089
			500.8754
			-28.6964
			-516.0834
			3.8616
	==================================================================================
	Q2:
		Shape: Hybrid
		q_c:	255.0	496.5	259.0
		ub :	257.5953	498.9205	260.2712
		lb :	252.4047	494.0795	257.7288
		P^-1:
			0.3316	-0.0943	-0.074
			-0.0943	0.3711	-0.0054
			-0.074	-0.0054	0.9918
		A:
			-0.4714	-0.2292	-0.8516
			-0.0834	0.5422	0.8361
			-0.1173	0.3961	-0.9107
			0.3156	-0.8274	-0.4646
			-0.3647	0.3553	0.8607
			-0.1285	0.3074	0.9429
		b:
			-453.6414
			465.2256
			-68.5153
			-449.7082
			306.9175
			364.6492
	==================================================================================
	Q3:
		Shape: Ellipse
		q_c:	254.5	499.5	258.5
		ub :	256.3386	501.5372	260.3117
		lb :	252.6614	497.4628	256.6883
		P^-1:
			0.8671	-0.1668	-0.1683
			-0.1668	0.7905	-0.2113
			-0.1683	-0.2113	0.7868
	==================================================================================
	Q4:
		Shape: Ellipse
		q_c:	255.5	498.5	256.0
		ub :	257.3456	499.6025	257.5575
		lb :	253.6544	497.3975	254.4425
		P^-1:
			1.0028	-1.1723	-0.157
			-1.1723	3.5367	-0.183
			-0.157	-0.183	0.905
	==================================================================================
	Q5:
		Shape: Hybrid
		q_c:	251.5	497.0	256.0
		ub :	253.5781	499.0788	257.2676
		lb :	249.4219	494.9212	254.7324
		P^-1:
			0.4879	0.1688	-0.3525
			0.1688	1.0997	-1.3682
			-0.3525	-1.3682	3.3012
		A:
			0.0039	-0.5249	0.8512
			0.7551	0.0986	-0.6482
			-0.7906	0.5821	0.1901
			0.3513	0.6217	-0.7
			0.8975	0.1022	-0.429
			0.0058	0.2212	0.9752
		b:
			-41.6774
			73.833
			140.4002
			218.5924
			167.7325
			361.8416
	==================================================================================
	Q6:
		Shape: Polyhedra
		q_c:	254.0	497.0	258.5
		ub :	256.0055	498.9099	259.9304
		lb :	251.9945	495.0901	257.0696
		A:
			-0.8729	-0.4862	-0.0415
			-0.3036	-0.0818	-0.9493
			0.885	0.4526	0.1088
			-0.6691	0.3388	-0.6614
			-0.1134	0.4554	0.883
			-0.2142	0.8819	-0.4199
			0.282	0.3249	0.9027
			-0.84	0.5382	0.0687
			-0.4636	-0.7777	0.4247
			-0.282	-0.3249	-0.9027
			0.84	-0.5382	-0.0687
			0.4636	0.7777	-0.4247
		b:
			-472.9406
			-362.1609
			479.0369
			-171.2659
			426.9129
			276.6009
			467.4488
			73.3807
			-393.4692
			-465.4488
			-70.3807
			395.4692


===========================================================================================
===========================================================================================
S7:
	q_c:	366.0	414.5	330.0
	ub :	399.3643	446.279	353.9015
	lb :	333.3841	395.7935	298.7235

	==================================================================================
	Q1:
		Shape: Ellipse
		q_c:	377.0	434.5	342.5
		ub :	385.0062	446.279	353.9015
		lb :	368.9938	422.721	331.0985
		P^-1:
			0.0552	0.0024	-0.0135
			0.0024	0.0219	0.0158
			-0.0135	0.0158	0.0344
	==================================================================================
	Q2:
		Shape: Hybrid
		q_c:	375.0	429.5	346.0
		ub :	385.7493	434.2481	352.8398
		lb :	364.2507	424.7519	339.1602
		P^-1:
			0.0124	0.0007	-0.0116
			0.0007	0.1023	-0.0189
			-0.0116	-0.0189	0.0689
		A:
			0.7025	-0.1345	-0.6989
			0.2162	0.9758	0.0313
			-0.0443	0.9664	0.2531
			0.4086	-0.7427	0.5306
			0.5568	-0.8304	-0.0215
			-0.2327	0.9172	0.3235
		b:
			-31.3039
			513.5173
			488.034
			21.8023
			-150.9514
			420.8672
	==================================================================================
	Q3:
		Shape: Hybrid
		q_c:	376.0	423.5	310.5
		ub :	386.0657	432.5618	318.2253
		lb :	365.9343	414.4382	302.7747
		P^-1:
			0.0344	0.0213	0.0038
			0.0213	0.0409	0.009
			0.0038	0.009	0.0358
		A:
			0.4419	-0.0432	0.896
			0.7609	0.3061	-0.5721
			-0.7721	-0.3529	-0.5285
			-0.1727	0.6617	0.7296
			-0.9171	-0.3839	-0.1075
			-0.2023	-0.894	-0.3998
		b:
			429.9253
			241.5237
			-600.914
			445.436
			-537.7189
			-575.943
	==================================================================================
	Q4:
		Shape: Ellipse
		q_c:	348.0	418.5	314.5
		ub :	362.6159	434.5153	330.2765
		lb :	333.3841	402.4847	298.7235
		P^-1:
			0.0117	-0.0008	-0.0007
			-0.0008	0.0111	-0.0002
			-0.0007	-0.0002	0.0106
	==================================================================================
	Q5:
		Shape: Ellipse
		q_c:	383.0	411.0	335.0
		ub :	398.866	426.2065	347.5086
		lb :	367.134	395.7935	322.4914
		P^-1:
			0.0128	0.0026	0.0042
			0.0026	0.0109	0.0031
			0.0042	0.0031	0.0158
	==================================================================================
	Q6:
		Shape: Polyhedra
		q_c:	387.0	414.5	332.5
		ub :	399.3643	426.1692	343.4148
		lb :	374.6357	402.8308	321.5852
		A:
			0.1531	0.523	-0.8385
			0.6961	-0.2641	0.6676
			-0.9879	0.0957	-0.1218
			-0.2639	0.4784	-0.8375
			0.8199	-0.2788	0.5001
			0.4155	0.7388	0.5306
			0.3142	0.1602	0.9357
			-0.9241	0.2773	0.2629
			-0.2174	-0.9473	0.2352
			-0.3142	-0.1602	-0.9357
			0.9241	-0.2773	-0.2629
			0.2174	0.9473	-0.2352
		b:
			5.1216
			389.6204
			-374.4738
			-174.6692
			376.115
			651.157
			506.1319
			-146.3005
			-390.1033
			-492.1319
			164.3005
			407.1033


===========================================================================================
===========================================================================================
S8:
	q_c:	393.5	358.5	213.0
	ub :	416.7788	377.709	225.8324
	lb :	374.5731	341.0361	196.5564

	==================================================================================
	Q1:
		Shape: Ellipse
		q_c:	380.0	355.0	209.0
		ub :	385.4269	361.8018	215.5079
		lb :	374.5731	348.1982	202.4921
		P^-1:
			0.0716	0.0086	0.0041
			0.0086	0.0673	0.0097
			0.0041	0.0097	0.0546
	==================================================================================
	Q2:
		Shape: Polyhedra
		q_c:	395.5	370.0	218.5
		ub :	403.4772	377.709	225.8324
		lb :	387.5228	362.291	211.1676
		A:
			-0.5074	0.1775	0.8432
			0.6296	0.7764	0.0291
			-0.0049	-0.8359	-0.5489
			0.4038	0.9148	-0.0126
			0.2797	-0.4859	0.8281
			0.2319	-0.854	-0.4657
			0.8396	0.4341	0.3265
			-0.3415	0.8893	-0.3041
			-0.4224	0.1438	0.8949
			-0.8396	-0.4341	-0.3265
			0.3415	-0.8893	0.3041
			0.4224	-0.1438	-0.8949
		b:
			53.7585
			547.7169
			-426.1651
			500.6387
			116.9286
			-320.9836
			569.0264
			133.0149
			86.211
			-559.0264
			-122.0149
			-77.211
	==================================================================================
	Q3:
		Shape: Hybrid
		q_c:	384.5	356.0	211.0
		ub :	389.2906	361.1725	217.1359
		lb :	379.7094	350.8275	204.8641
		P^-1:
			0.1062	-0.0101	0.0133
			-0.0101	0.0902	0.0274
			0.0133	0.0274	0.0752
		A:
			0.3087	-0.9145	-0.2614
			0.5459	0.025	0.8375
			0.3021	-0.3226	-0.897
			-0.9285	-0.2849	0.238
			0.6351	-0.6711	0.3825
			-0.2609	-0.9019	0.3443
		b:
			-260.4315
			397.3869
			-185.888
			-406.1079
			87.9009
			-346.0819
	==================================================================================
	Q4:
		Shape: Hybrid
		q_c:	396.0	360.5	215.5
		ub :	404.0646	365.9754	221.6362
		lb :	387.9354	355.0246	209.3638
		P^-1:
			0.0183	0.0034	0.0026
			0.0034	0.0943	-0.0276
			0.0026	-0.0276	0.0656
		A:
			-0.492	-0.0407	-0.8696
			-0.2662	-0.3941	0.8797
			-0.321	0.8992	-0.2972
			-0.19	0.6611	-0.7259
			-0.6593	0.72	-0.2167
			-0.3599	0.9296	-0.0793
		b:
			-393.5083
			-55.3408
			135.4449
			8.533
			-44.0833
			178.3477
	==================================================================================
	Q5:
		Shape: Ellipse
		q_c:	407.0	370.5	206.0
		ub :	416.7788	376.8191	215.4436
		lb :	397.2212	364.1809	196.5564
		P^-1:
			0.0269	-0.0065	-0.0137
			-0.0065	0.055	0.0084
			-0.0137	0.0084	0.0384
	==================================================================================
	Q6:
		Shape: Ellipse
		q_c:	391.0	348.5	204.0
		ub :	398.006	355.9639	210.2338
		lb :	383.994	341.0361	197.7662
		P^-1:
			0.0839	-0.0018	0.052
			-0.0018	0.0482	0.0277
			0.052	0.0277	0.1181


===========================================================================================
===========================================================================================
S9:
	q_c:	164.0	463.0	67.5
	ub :	173.8013	471.2681	83.1819
	lb :	148.3754	448.5359	54.1492

	==================================================================================
	Q1:
		Shape: Ellipse
		q_c:	167.5	459.0	71.0
		ub :	173.8013	464.6222	77.1179
		lb :	161.1987	453.3778	64.8821
		P^-1:
			0.0595	0.0106	-0.0202
			0.0106	0.0605	-0.0212
			-0.0202	-0.0212	0.0899
	==================================================================================
	Q2:
		Shape: Polyhedra
		q_c:	156.0	463.0	70.5
		ub :	163.6246	471.2681	75.9131
		lb :	148.3754	454.7319	65.0869
		A:
			0.0579	-0.7317	0.6791
			0.1012	-0.1527	0.9831
			0.2665	-0.9481	-0.1735
			-0.9072	0.4048	-0.1141
			-0.7503	0.0688	-0.6575
			-0.0931	-0.4752	-0.875
			0.4977	0.8595	0.1167
			-0.08	0.1795	-0.9805
			-0.8636	0.4786	0.1581
			-0.4977	-0.8595	-0.1167
			0.08	-0.1795	0.9805
			0.8636	-0.4786	-0.1581
		b:
			-277.172
			18.3811
			-404.1068
			42.8151
			-126.8626
			-291.423
			489.8004
			5.5102
			103.0314
			-477.8004
			2.4898
			-93.0314
	==================================================================================
	Q3:
		Shape: Hybrid
		q_c:	157.0	456.0	68.5
		ub :	162.5334	459.2494	73.8754
		lb :	151.4666	452.7506	63.1246
		P^-1:
			0.192	0.3013	-0.1177
			0.3013	0.7635	-0.2739
			-0.1177	-0.2739	0.1696
		A:
			-0.3027	-0.8504	0.4302
			-0.381	-0.8889	0.2544
			0.5058	0.5671	-0.6501
			0.0202	-0.89	0.4556
			-0.8799	-0.1721	0.4428
			-0.6626	-0.6687	0.3374
		b:
			-405.2603
			-447.1748
			294.9531
			-370.0903
			-183.6182
			-384.6536
	==================================================================================
	Q4:
		Shape: Hybrid
		q_c:	169.0	456.0	76.5
		ub :	173.195	462.3213	83.1819
		lb :	164.805	449.6787	69.8181
		P^-1:
			0.2234	-0.0046	-0.0679
			-0.0046	0.0525	-0.0102
			-0.0679	-0.0102	0.0766
		A:
			0.8777	-0.3365	-0.3412
			-0.6731	0.7281	0.1297
			0.9953	0.0615	-0.0751
			-0.8251	0.4162	0.3821
			0.7117	-0.4648	-0.5268
			0.3903	0.2552	0.8846
		b:
			-29.8026
			230.6532
			191.899
			81.209
			-129.923
			253.7929
	==================================================================================
	Q5:
		Shape: Polyhedra
		q_c:	158.0	462.0	78.5
		ub :	162.5669	465.7126	81.6786
		lb :	153.4331	458.2874	75.3214
		A:
			0.507	0.5006	-0.7017
			0.2479	0.9392	0.2374
			0.3701	0.7159	0.592
			-0.2394	-0.9582	0.1568
			0.2846	0.8108	-0.5115
			-0.2977	-0.6658	-0.6842
			0.2303	0.6343	0.738
			0.1223	0.7335	-0.6686
			-0.9654	0.2443	0.0914
			-0.2303	-0.6343	-0.738
			-0.1223	-0.7335	0.6686
			0.9654	-0.2443	-0.0914
		b:
			258.8054
			493.736
			437.7429
			-466.1862
			381.4398
			-406.3207
			389.352
			307.7316
			-28.5094
			-385.352
			-303.7316
			36.5094
	==================================================================================
	Q6:
		Shape: Hybrid
		q_c:	169.0	453.5	59.0
		ub :	172.9826	458.4641	63.8508
		lb :	165.0174	448.5359	54.1492
		P^-1:
			0.0822	0.0026	0.0033
			0.0026	0.093	0.0141
			0.0033	0.0141	0.0992
		A:
			-0.3295	0.596	0.7323
			-0.9797	-0.0758	-0.1855
			0.4893	0.644	0.588
			0.8525	0.1584	-0.4981
			-0.545	-0.0421	-0.8374
			-0.2045	0.9255	-0.3188
		b:
			259.4123
			-208.9283
			411.0414
			188.5226
			-158.8684
			368.2914


===========================================================================================
===========================================================================================
S10:
	q_c:	409.5	257.5	208.0
	ub :	421.1908	271.1525	221.5789
	lb :	402.0851	247.1581	197.3136

	==================================================================================
	Q1:
		Shape: Polyhedra
		q_c:	409.0	257.5	208.5
		ub :	415.9149	264.0035	213.7038
		lb :	402.0851	250.9965	203.2962
		A:
			-0.7298	-0.2896	-0.6193
			-0.4636	-0.0965	-0.8808
			-0.5911	-0.4833	-0.6458
			0.4913	0.2479	-0.835
			0.8523	-0.1798	0.4912
			0.5245	0.8108	0.2601
			0.5961	0.3234	0.7349
			0.651	0.3411	-0.6782
			-0.47	0.8826	-0.0072
			-0.5961	-0.3234	-0.7349
			-0.651	-0.3411	0.6782
			0.47	-0.8826	0.0072
		b:
			-500.3892
			-395.8753
			-499.113
			96.507
			407.6639
			481.064
			481.8185
			218.6678
			38.057
			-478.8185
			-206.6678
			-29.057
	==================================================================================
	Q2:
		Shape: Ellipse
		q_c:	414.0	262.0	212.0
		ub :	418.5455	265.558	216.4062
		lb :	409.4545	258.442	207.5938
		P^-1:
			0.2061	0.0793	0.1759
			0.0793	0.248	0.0066
			0.1759	0.0066	0.2897
	==================================================================================
	Q3:
		Shape: Hybrid
		q_c:	415.0	265.0	215.0
		ub :	418.439	271.1525	221.3274
		lb :	411.561	258.8475	208.6726
		P^-1:
			0.4021	0.1221	0.0093
			0.1221	0.0902	-0.0002
			0.0093	-0.0002	0.0414
		A:
			-0.961	-0.2568	-0.1027
			0.9149	0.2117	0.3438
			-0.9554	0.0526	-0.2907
			0.794	-0.0252	0.6074
			-0.9893	-0.1312	0.0637
			0.9449	0.2758	-0.1762
		b:
			-488.1186
			511.0957
			-443.3508
			455.9695
			-430.6097
			428.3768
	==================================================================================
	Q4:
		Shape: Ellipse
		q_c:	413.5	251.5	201.5
		ub :	415.8842	253.4457	205.6864
		lb :	411.1158	249.5543	197.3136
		P^-1:
			2.1227	1.8337	-0.4158
			1.8337	2.0428	-0.384
			-0.4158	-0.384	0.147
	==================================================================================
	Q5:
		Shape: Hybrid
		q_c:	414.5	252.0	215.5
		ub :	421.1908	256.8419	221.5789
		lb :	407.8092	247.1581	209.4211
		P^-1:
			0.0386	-0.0105	0.0193
			-0.0105	0.1152	-0.0476
			0.0193	-0.0476	0.1017
		A:
			0.8186	-0.498	0.2861
			0.1688	0.9208	-0.3516
			0.2409	-0.9044	0.3521
			-0.2148	0.3522	-0.911
			0.339	-0.6452	0.6847
			-0.1934	0.1783	-0.9648
		b:
			278.5369
			228.0185
			-50.6018
			-194.9442
			126.8589
			-241.2096
	==================================================================================
	Q6:
		Shape: Polyhedra
		q_c:	413.5	260.5	208.0
		ub :	419.5806	266.4603	214.7172
		lb :	407.4194	254.5397	201.2828
		A:
			0.8211	-0.4997	0.2759
			-0.975	-0.0548	0.2155
			-0.9998	0.0169	-0.0106
			-0.4468	0.2986	-0.8434
			0.4585	-0.8856	-0.0736
			0.6797	-0.0644	-0.7307
			0.8813	0.2105	0.4231
			-0.1565	-0.7149	0.6815
			0.4459	-0.6668	-0.5971
			-0.8813	-0.2105	-0.4231
			0.1565	0.7149	-0.6815
			-0.4459	0.6668	0.5971
		b:
			271.1056
			-368.2294
			-406.6865
			-277.4078
			-53.2109
			115.7561
			512.248
			-104.1618
			-111.5324
			-502.248
			114.1618
			115.5324


===========================================================================================
===========================================================================================
S11:
	q_c:	57.5	396.5	345.5
	ub :	76.5716	418.25	361.8519
	lb :	43.9135	378.5758	331.0233

	==================================================================================
	Q1:
		Shape: Hybrid
		q_c:	54.0	411.0	342.0
		ub :	58.0702	418.25	347.7129
		lb :	49.9298	403.75	336.2871
		P^-1:
			0.1495	0.0029	-0.0274
			0.0029	0.0279	0.015
			-0.0274	0.015	0.0878
		A:
			-0.1424	0.0239	0.9895
			-0.8525	-0.4495	-0.2668
			0.1812	0.0127	0.9834
			-0.6238	-0.1345	0.7699
			0.6753	-0.2721	0.6855
			-0.9936	-0.1127	0.0066
		b:
			342.7859
			-319.806
			353.8218
			176.2812
			162.1171
			-96.3048
	==================================================================================
	Q2:
		Shape: Hybrid
		q_c:	63.0	398.0	340.5
		ub :	70.6823	402.0828	348.0016
		lb :	55.3177	393.9172	332.9984
		P^-1:
			0.0363	-0.0035	-0.0035
			-0.0035	0.0813	0.0014
			-0.0035	0.0014	0.0371
		A:
			-0.9553	0.1803	0.2343
			0.6586	0.7248	0.2022
			0.5754	-0.6086	-0.5464
			-0.5493	-0.7885	-0.2765
			0.0867	-0.2645	-0.9605
			-0.6053	0.6559	0.451
		b:
			94.6696
			401.6708
			-389.3781
			-439.9026
			-423.5619
			379.0451
	==================================================================================
	Q3:
		Shape: Ellipse
		q_c:	61.0	395.5	337.0
		ub :	68.1684	401.7626	342.9767
		lb :	53.8316	389.2374	331.0233
		P^-1:
			0.056	-0.0295	-0.0064
			-0.0295	0.0863	-0.019
			-0.0064	-0.019	0.0835
	==================================================================================
	Q4:
		Shape: Ellipse
		q_c:	53.5	387.0	346.0
		ub :	63.0865	395.4242	354.26
		lb :	43.9135	378.5758	337.74
		P^-1:
			0.0246	0.0081	-0.0096
			0.0081	0.0379	0.0002
			-0.0096	0.0002	0.0447
	==================================================================================
	Q5:
		Shape: Ellipse
		q_c:	56.0	390.5	350.5
		ub :	63.1872	398.0232	357.9935
		lb :	48.8128	382.9768	343.0065
		P^-1:
			0.0341	-0.0006	-0.003
			-0.0006	0.0488	-0.0115
			-0.003	-0.0115	0.0527
	==================================================================================
	Q6:
		Shape: Polyhedra
		q_c:	69.0	398.5	353.0
		ub :	76.5716	408.2104	361.8519
		lb :	61.4284	388.7896	344.1481
		A:
			-0.2809	0.1842	0.9419
			-0.9621	0.272	-0.0202
			0.6047	0.0221	-0.7961
			-0.3804	0.308	0.872
			0.9092	0.2129	0.3577
			-0.9645	-0.2521	-0.0785
			0.6517	0.537	0.5356
			-0.718	0.2092	0.6639
			0.2444	-0.8172	0.5219
			-0.6517	-0.537	-0.5356
			0.718	-0.2092	-0.6639
			-0.2444	0.8172	-0.5219
		b:
			390.5393
			39.8243
			-226.903
			407.8799
			279.2088
			-189.8997
			453.5348
			271.1848
			-117.0553
			-442.5348
			-265.1848
			132.0553


===========================================================================================
===========================================================================================
