3D_35_10_6_f                l = 3

===========================================================================================
===========================================================================================
S1:
	q_c:    104.5000    249.0000    53.5000
	ub :    129.0000    257.0000    70.0000
	lb :    80.0000    241.0000    37.0000

	==================================================================================
	Q1:
		Shape: Hybrid
		q_c:    113.5000    245.5000    58.0000
		ub :    119.5169    251.5089    64.5883
		lb :    107.4831    239.4911    51.4117
		P^-1: 
			    0.0494    0.0003    0.0003
			    0.0003    0.0889    0.0296
			    0.0003    0.0296    0.0716
		A:
			    0.2306    -0.1510    0.9613
			    0.5298    0.6201    0.5785
			    0.1382    0.5029    -0.8532
			    -0.0369    0.6149    0.7877
			    -0.0699    -0.9391    0.3364
			    -0.8233    -0.0463    0.5657
		b:
			    47.5756
			    247.9241
			    92.6473
			    194.0840
			    -216.3721
			    -69.1231
	==================================================================================
	Q2:
		Shape: Ellipse
		q_c:    112.0000    242.5000    50.0000
		ub :    113.9616    247.5702    54.3453
		lb :    110.0384    237.4298    45.6547
		P^-1: 
			    3.5411    -0.5046    -1.1547
			    -0.5046    0.1239    0.1744
			    -1.1547    0.1744    0.4659
	==================================================================================
	Q3:
		Shape: Hybrid
		q_c:    108.0000    252.5000    48.0000
		ub :    113.4239    257.0020    53.2325
		lb :    102.5761    247.9980    42.7675
		P^-1: 
			    0.1935    -0.1854    -0.0018
			    -0.1854    0.3065    -0.0198
			    -0.0018    -0.0198    0.0754
		A:
			    0.3084    -0.8973    -0.3160
			    -0.8077    0.5823    -0.0923
			    0.2988    -0.6576    0.6916
			    0.2313    0.9366    -0.2631
			    -0.1670    0.6229    0.7643
			    0.1096    0.8297    -0.5474
		b:
			    -206.7827
			    56.5987
			    -98.6572
			    251.3819
			    178.5911
			    197.2894
	==================================================================================
	Q4:
		Shape: Hybrid
		q_c:    109.0000    248.5000    55.0000
		ub :    113.3138    254.2441    59.8496
		lb :    104.6862    242.7559    50.1504
		P^-1: 
			    0.0812    -0.0036    0.0011
			    -0.0036    0.0526    0.0089
			    0.0011    0.0089    0.0789
		A:
			    -0.5538    -0.8048    -0.2136
			    -0.1766    0.2285    -0.9574
			    -0.5420    0.5862    -0.6021
			    0.5065    0.1623    0.8468
			    0.4016    -0.4402    -0.8031
			    0.1866    0.2664    -0.9456
		b:
			    -269.7349
			    -13.1222
			    55.7148
			    143.8660
			    -108.0123
			    36.6030
	==================================================================================
	Q5:
		Shape: Ellipse
		q_c:    102.5000    243.0000    49.5000
		ub :    106.4515    246.5361    52.2435
		lb :    98.5485    239.4639    46.7565
		P^-1: 
			    0.1519    0.0618    -0.0136
			    0.0618    0.2111    0.0085
			    -0.0136    0.0085    0.2481
	==================================================================================
	Q6:
		Shape: Hybrid
		q_c:    111.5000    249.0000    49.0000
		ub :    116.7606    254.8499    55.1029
		lb :    106.2394    243.1501    42.8971
		P^-1: 
			    0.0927    0.0136    0.0070
			    0.0136    0.0816    0.0179
			    0.0070    0.0179    0.0810
		A:
			    0.4833    0.6658    0.5684
			    -0.8544    -0.4548    0.2514
			    -0.8620    0.4843    0.1495
			    0.0389    -0.8393    -0.5423
			    0.1235    0.0109    -0.9923
			    -0.9003    0.0850    -0.4268
		b:
			    249.0471
			    -194.3481
			    33.8720
			    -229.4421
			    -30.0023
			    -98.2496


===========================================================================================
===========================================================================================
S2:
	q_c:    241.5000    383.5000    493.0000
	ub :    257.0000    398.0000    503.0000
	lb :    226.0000    369.0000    483.0000

	==================================================================================
	Q1:
		Shape: Polyhedra
		q_c:    249.0000    390.5000    490.0000
		ub :    258.8722    399.6639    499.6349
		lb :    239.1278    381.3361    480.3651
		A:
			    0.2538    0.9509    0.1773
			    0.8899    -0.3881    -0.2398
			    -0.4355    0.8294    0.3498
			    0.6801    0.7318    0.0440
			    0.8973    -0.0802    -0.4342
			    -0.7332    0.0485    -0.6782
			    0.4906    0.8247    0.2815
			    0.6903    -0.1707    -0.7031
			    -0.5317    0.5393    -0.6530
			    -0.4906    -0.8247    -0.2815
			    -0.6903    0.1707    0.7031
			    0.5317    -0.5393    0.6530
		b:
			    527.0215
			    -41.8442
			    392.4797
			    482.1317
			    -15.4683
			    -489.3540
			    587.6301
			    -234.2597
			    -234.8069
			    -576.6301
			    244.2597
			    248.8069
	==================================================================================
	Q2:
		Shape: Ellipse
		q_c:    232.5000    380.0000    505.0000
		ub :    239.0549    387.0495    513.0007
		lb :    225.9451    372.9505    496.9993
		P^-1: 
			    0.0993    -0.0376    -0.0581
			    -0.0376    0.0688    0.0089
			    -0.0581    0.0089    0.0748
	==================================================================================
	Q3:
		Shape: Hybrid
		q_c:    247.0000    392.5000    500.0000
		ub :    252.4791    394.7623    505.1146
		lb :    241.5209    390.2377    494.8854
		P^-1: 
			    0.0506    -0.0072    -0.0036
			    -0.0072    0.2496    0.0046
			    -0.0036    0.0046    0.0617
		A:
			    -0.2048    -0.8200    0.5344
			    0.1534    -0.9828    -0.1026
			    -0.6849    0.4152    0.5988
			    -0.0856    -0.9510    0.2970
			    0.1330    0.9878    -0.0813
			    -0.3553    -0.9338    -0.0416
		b:
			    -103.3372
			    -398.1069
			    295.9913
			    -244.6091
			    381.0290
			    -473.5574
	==================================================================================
	Q4:
		Shape: Hybrid
		q_c:    238.0000    380.0000    493.0000
		ub :    246.1077    384.5849    501.1488
		lb :    229.8923    375.4151    484.8512
		P^-1: 
			    0.0346    -0.0033    0.0138
			    -0.0033    0.1067    -0.0161
			    0.0138    -0.0161    0.0428
		A:
			    0.6283    -0.1378    0.7657
			    -0.3691    -0.9112    -0.1829
			    0.4936    0.7986    -0.3444
			    0.4177    -0.5705    0.7071
			    0.3867    0.2634    0.8838
			    0.5134    0.8578    -0.0256
		b:
			    477.4527
			    -522.1587
			    254.0122
			    233.4679
			    631.0253
			    437.9810
	==================================================================================
	Q5:
		Shape: Polyhedra
		q_c:    246.0000    371.5000    484.5000
		ub :    253.0758    379.0178    489.9071
		lb :    238.9242    363.9822    479.0929
		A:
			    -0.6216    0.6159    0.4841
			    -0.7979    -0.4856    -0.3573
			    -0.2449    0.3081    0.9193
			    -0.0202    0.8566    0.5157
			    -0.2634    -0.4721    -0.8412
			    -0.0790    -0.8009    -0.5936
			    0.2923    0.5824    0.7585
			    0.8972    -0.4415    -0.0068
			    0.3310    0.6826    -0.6516
			    -0.2923    -0.5824    -0.7585
			    -0.8972    0.4415    0.0068
			    -0.3310    -0.6826    0.6516
		b:
			    314.7426
			    -546.1261
			    503.3617
			    565.9503
			    -646.0475
			    -602.2026
			    657.2774
			    58.4091
			    25.7857
			    -654.2774
			    -48.4091
			    -12.7857
	==================================================================================
	Q6:
		Shape: Ellipse
		q_c:    246.0000    393.5000    480.5000
		ub :    255.8024    398.9703    489.9121
		lb :    236.1976    388.0297    471.0879
		P^-1: 
			    0.0215    0.0024    0.0096
			    0.0024    0.1428    0.0443
			    0.0096    0.0443    0.0444


===========================================================================================
===========================================================================================
S3:
	q_c:    495.5000    34.0000    150.5000
	ub :    512.0000    37.0000    171.0000
	lb :    479.0000    31.0000    130.0000

	==================================================================================
	Q1:
		Shape: Ellipse
		q_c:    499.5000    36.0000    153.0000
		ub :    502.3794    38.4389    155.8622
		lb :    496.6206    33.5611    150.1378
		P^-1: 
			    0.2694    -0.0570    -0.0123
			    -0.0570    0.4172    0.0361
			    -0.0123    0.0361    0.2578
	==================================================================================
	Q2:
		Shape: Ellipse
		q_c:    495.0000    32.0000    150.5000
		ub :    497.3720    34.5983    152.8401
		lb :    492.6280    29.4017    148.1599
		P^-1: 
			    0.7167    0.1224    -0.2993
			    0.1224    0.3170    0.0088
			    -0.2993    0.0088    0.6607
	==================================================================================
	Q3:
		Shape: Ellipse
		q_c:    499.5000    36.0000    151.0000
		ub :    501.4096    38.5607    153.0824
		lb :    497.5904    33.4393    148.9176
		P^-1: 
			    0.8728    -0.2409    -0.1376
			    -0.2409    0.3535    0.0092
			    -0.1376    0.0092    0.4681
	==================================================================================
	Q4:
		Shape: Polyhedra
		q_c:    498.0000    37.5000    148.5000
		ub :    500.1208    40.4356    151.1505
		lb :    495.8792    34.5644    145.8495
		A:
			    0.3249    -0.8356    0.4430
			    0.2926    0.0001    0.9562
			    0.0292    -0.8640    0.5026
			    0.2919    0.8171    -0.4972
			    -0.2276    0.8539    -0.4680
			    0.7475    0.1948    0.6350
			    0.0181    0.8676    0.4969
			    -0.0525    0.4972    -0.8661
			    -0.9985    -0.0104    0.0545
			    -0.0181    -0.8676    -0.4969
			    0.0525    -0.4972    0.8661
			    0.9985    0.0104    -0.0545
		b:
			    198.0904
			    289.5153
			    58.5537
			    104.0134
			    -148.9932
			    475.9124
			    117.8249
			    -134.6162
			    -487.5253
			    -112.8249
			    137.6162
			    491.5253
	==================================================================================
	Q5:
		Shape: Ellipse
		q_c:    496.5000    34.5000    148.0000
		ub :    499.4795    37.8516    150.5500
		lb :    493.5205    31.1484    145.4500
		P^-1: 
			    0.2560    0.0107    -0.0573
			    0.0107    0.1905    0.0727
			    -0.0573    0.0727    0.4080
	==================================================================================
	Q6:
		Shape: Hybrid
		q_c:    497.0000    33.5000    150.5000
		ub :    500.8239    36.9773    154.5556
		lb :    493.1761    30.0227    146.4444
		P^-1: 
			    0.1819    -0.0304    -0.0238
			    -0.0304    0.2023    0.0331
			    -0.0238    0.0331    0.1859
		A:
			    0.3554    0.9278    0.1131
			    0.1848    -0.4808    0.8572
			    0.9588    0.0284    -0.2826
			    -0.6902    -0.5894    0.4199
			    -0.4358    0.2154    0.8739
			    -0.0255    0.5643    -0.8252
		b:
			    226.1305
			    206.2377
			    436.2940
			    -298.0976
			    -76.6797
			    -116.4682


===========================================================================================
===========================================================================================
S4:
	q_c:    317.0000    90.0000    60.0000
	ub :    331.0000    109.0000    67.0000
	lb :    303.0000    71.0000    53.0000

	==================================================================================
	Q1:
		Shape: Hybrid
		q_c:    316.0000    89.5000    60.5000
		ub :    319.1661    93.4667    64.8033
		lb :    312.8339    85.5333    56.1967
		P^-1: 
			    0.1579    -0.0057    -0.0080
			    -0.0057    0.1440    -0.0222
			    -0.0080    -0.0222    0.1292
		A:
			    -0.9539    -0.1170    0.2765
			    0.6343    -0.2163    0.7422
			    0.6134    0.6869    -0.3898
			    -0.4615    0.2105    -0.8618
			    -0.7172    0.5383    -0.4425
			    -0.1034    -0.4216    0.9008
		b:
			    -293.9165
			    227.4365
			    233.0099
			    -177.6574
			    -203.9649
			    -14.5593
	==================================================================================
	Q2:
		Shape: Ellipse
		q_c:    317.5000    87.5000    62.0000
		ub :    320.4557    90.4694    65.1162
		lb :    314.5443    84.5306    58.8838
		P^-1: 
			    0.3143    -0.1409    0.0166
			    -0.1409    0.2887    -0.0145
			    0.0166    -0.0145    0.1126
	==================================================================================
	Q3:
		Shape: Hybrid
		q_c:    315.5000    84.5000    62.5000
		ub :    318.4326    85.9225    65.2323
		lb :    312.5674    83.0775    59.7677
		P^-1: 
			    0.5294    0.7938    0.5766
			    0.7938    2.9939    1.3938
			    0.5766    1.3938    1.0812
		A:
			    0.2458    0.9118    0.3289
			    -0.2603    -0.7905    -0.5544
			    -0.6601    -0.5059    -0.5553
			    0.3418    0.5503    0.7618
			    0.6739    0.7323    -0.0974
			    -0.3171    -0.8867    -0.3364
		b:
			    175.4552
			    -183.2825
			    -284.9837
			    202.5300
			    269.8430
			    -195.6762
	==================================================================================
	Q4:
		Shape: Ellipse
		q_c:    321.5000    91.5000    59.0000
		ub :    324.9231    96.0329    62.5352
		lb :    318.0769    86.9671    55.4648
		P^-1: 
			    0.1549    -0.0155    -0.0132
			    -0.0155    0.1209    -0.0661
			    -0.0132    -0.0661    0.2158
	==================================================================================
	Q5:
		Shape: Hybrid
		q_c:    322.0000    89.0000    55.0000
		ub :    325.0961    92.6853    58.3353
		lb :    318.9039    85.3147    51.6647
		P^-1: 
			    0.1111    0.0005    0.0007
			    0.0005    0.1518    0.0632
			    0.0007    0.0632    0.2093
		A:
			    -0.0802    0.4936    -0.8660
			    -0.6106    -0.3212    0.7238
			    -0.5494    0.8109    0.2014
			    0.6319    -0.3054    -0.7123
			    0.2587    0.6296    0.7325
			    -0.0240    0.6524    0.7575
		b:
			    -27.7086
			    -183.5592
			    -91.9906
			    138.5723
			    180.7343
			    93.0271
	==================================================================================
	Q6:
		Shape: Ellipse
		q_c:    317.0000    85.0000    66.5000
		ub :    319.9223    87.7826    69.6734
		lb :    314.0777    82.2174    63.3266
		P^-1: 
			    0.2993    -0.0633    -0.0561
			    -0.0633    0.3313    0.0720
			    -0.0561    0.0720    0.3138


===========================================================================================
===========================================================================================
S5:
	q_c:    402.5000    320.0000    342.5000
	ub :    417.0000    340.0000    369.0000
	lb :    388.0000    300.0000    316.0000

	==================================================================================
	Q1:
		Shape: Hybrid
		q_c:    414.0000    308.5000    335.0000
		ub :    424.6746    318.6103    342.9043
		lb :    403.3254    298.3897    327.0957
		P^-1: 
			    0.0284    0.0196    -0.0091
			    0.0196    0.0438    -0.0236
			    -0.0091    -0.0236    0.0564
		A:
			    -0.4365    0.0710    -0.8969
			    -0.4356    -0.8109    -0.3908
			    0.5684    0.7345    -0.3706
			    -0.8917    -0.4431    0.0921
			    -0.2725    -0.8503    0.4501
			    0.2891    -0.3852    -0.8764
		b:
			    -455.8517
			    -557.6026
			    339.9228
			    -471.3459
			    -221.9721
			    -287.9500
	==================================================================================
	Q2:
		Shape: Polyhedra
		q_c:    416.5000    313.0000    345.5000
		ub :    428.2825    322.2014    357.3429
		lb :    404.7175    303.7986    333.6571
		A:
			    0.5983    0.7875    -0.1479
			    -0.3119    -0.8261    -0.4693
			    -0.0870    -0.4667    -0.8801
			    0.6850    0.0814    -0.7240
			    0.3420    -0.7938    -0.5029
			    -0.0628    0.9922    0.1076
			    0.0830    0.9514    0.2967
			    0.5155    0.2138    -0.8298
			    -0.8528    0.2219    -0.4727
			    -0.0830    -0.9514    -0.2967
			    -0.5155    -0.2138    0.8298
			    0.8528    -0.2219    0.4727
		b:
			    451.2063
			    -544.2693
			    -479.5085
			    67.7222
			    -273.3660
			    327.7593
			    440.8698
			    1.9481
			    -440.0815
			    -428.8698
			    12.0519
			    458.0815
	==================================================================================
	Q3:
		Shape: Hybrid
		q_c:    410.5000    334.5000    349.0000
		ub :    417.1727    341.9500    355.3358
		lb :    403.8273    327.0500    342.6642
		P^-1: 
			    0.0495    0.0005    0.0010
			    0.0005    0.0518    0.0050
			    0.0010    0.0050    0.0600
		A:
			    -0.1084    -0.9778    0.1791
			    -0.7900    -0.6131    0.0094
			    0.2240    0.5423    0.8098
			    -0.4098    0.1623    0.8976
			    0.6577    0.1786    0.7318
			    -0.3564    0.3464    -0.8678
		b:
			    -306.5964
			    -523.6180
			    557.9910
			    201.4728
			    587.3308
			    -330.9865
	==================================================================================
	Q4:
		Shape: Polyhedra
		q_c:    404.5000    312.0000    343.5000
		ub :    411.3969    318.5182    349.5380
		lb :    397.6031    305.4818    337.4620
		A:
			    -0.0552    0.6222    0.7809
			    0.0506    -0.4742    -0.8790
			    -0.2777    -0.3737    -0.8850
			    0.1950    0.1337    -0.9716
			    -0.6639    -0.7436    0.0792
			    -0.9008    -0.3475    -0.2603
			    0.2512    0.9434    0.2167
			    0.8132    -0.3271    0.4813
			    0.5249    0.0553    -0.8493
			    -0.2512    -0.9434    -0.2167
			    -0.8132    0.3271    -0.4813
			    -0.5249    -0.0553    0.8493
		b:
			    444.2771
			    -425.3716
			    -528.5086
			    -209.8514
			    -468.7013
			    -557.3412
			    475.3648
			    397.2374
			    -59.1552
			    -465.3648
			    -387.2374
			    65.1552
	==================================================================================
	Q5:
		Shape: Polyhedra
		q_c:    399.0000    330.0000    337.0000
		ub :    404.9088    337.5113    344.9034
		lb :    393.0912    322.4887    329.0966
		A:
			    0.1313    -0.9441    -0.3025
			    -0.3722    -0.9090    0.1874
			    -0.5073    -0.8583    0.0773
			    -0.1713    -0.6392    0.7497
			    -0.8090    0.0266    0.5873
			    -0.3372    -0.8562    0.3915
			    0.1379    0.5521    0.8223
			    0.4331    0.7131    -0.5514
			    -0.8908    0.4321    -0.1407
			    -0.1379    -0.5521    -0.8223
			    -0.4331    -0.7131    0.5514
			    0.8908    -0.4321    0.1407
		b:
			    -354.9855
			    -381.8209
			    -455.5739
			    -23.7935
			    -111.7801
			    -282.6115
			    521.8261
			    224.2968
			    -255.7361
			    -506.8261
			    -220.2968
			    264.7361
	==================================================================================
	Q6:
		Shape: Hybrid
		q_c:    386.0000    311.0000    347.0000
		ub :    396.5039    321.3809    355.3843
		lb :    375.4961    300.6191    338.6157
		P^-1: 
			    0.0192    0.0013    0.0054
			    0.0013    0.0374    -0.0274
			    0.0054    -0.0274    0.0644
		A:
			    -0.0735    -0.1477    0.9863
			    0.3246    0.3908    -0.8614
			    -0.7625    0.1138    -0.6369
			    -0.1985    0.4373    -0.8772
			    0.3114    0.5874    0.7470
			    -0.2456    -0.1217    0.9617
		b:
			    270.6939
			    -49.3355
			    -475.9121
			    -243.1271
			    566.7727
			    204.3076


===========================================================================================
===========================================================================================
S6:
	q_c:    225.0000    263.0000    141.0000
	ub :    248.0000    287.0000    169.0000
	lb :    202.0000    239.0000    113.0000

	==================================================================================
	Q1:
		Shape: Ellipse
		q_c:    216.5000    269.0000    124.0000
		ub :    225.7679    275.7537    134.2174
		lb :    207.2321    262.2463    113.7826
		P^-1: 
			    0.0237    0.0143    0.0023
			    0.0143    0.0747    0.0141
			    0.0023    0.0141    0.0193
	==================================================================================
	Q2:
		Shape: Hybrid
		q_c:    229.0000    254.5000    124.5000
		ub :    239.0032    262.6980    134.1160
		lb :    218.9968    246.3020    114.8840
		P^-1: 
			    0.0420    -0.0517    -0.0282
			    -0.0517    0.1091    0.0430
			    -0.0282    0.0430    0.0449
		A:
			    0.3504    -0.8876    -0.2990
			    -0.6108    0.7917    -0.0108
			    -0.1784    -0.9307    -0.3193
			    -0.4029    0.8953    -0.1901
			    -0.4589    0.6279    0.6286
			    0.1765    -0.8509    -0.4948
		b:
			    -181.3917
			    63.0725
			    -313.0606
			    115.0372
			    134.7319
			    -235.4759
	==================================================================================
	Q3:
		Shape: Polyhedra
		q_c:    227.0000    260.5000    152.0000
		ub :    234.7372    268.9125    160.9054
		lb :    219.2628    252.0875    143.0946
		A:
			    0.8095    0.2894    -0.5107
			    -0.4795    -0.2663    0.8362
			    -0.6968    -0.4721    0.5400
			    -0.9844    -0.1068    0.1399
			    -0.7147    0.3818    -0.5860
			    -0.6480    -0.1394    0.7488
			    0.5512    0.3669    0.7494
			    -0.1802    0.9293    -0.3224
			    -0.8147    0.0427    0.5783
			    -0.5512    -0.3669    -0.7494
			    0.1802    -0.9293    0.3224
			    0.8147    -0.0427    -0.5783
		b:
			    185.8640
			    -46.3971
			    -194.3069
			    -225.4796
			    -145.7285
			    -65.3444
			    340.6044
			    158.6631
			    -81.9043
			    -328.6044
			    -145.6631
			    89.9043
	==================================================================================
	Q4:
		Shape: Polyhedra
		q_c:    232.5000    266.0000    142.0000
		ub :    242.8215    275.9356    153.9143
		lb :    222.1785    256.0644    130.0857
		A:
			    0.0495    0.4004    -0.9150
			    0.9965    -0.0203    0.0811
			    -0.1426    -0.7063    -0.6934
			    -0.8983    -0.4258    0.1088
			    -0.6835    -0.7187    0.1275
			    0.2494    0.7837    0.5688
			    0.7692    0.2012    0.6065
			    -0.6389    0.2591    0.7243
			    -0.0114    -0.9446    0.3279
			    -0.7692    -0.2012    -0.6065
			    0.6389    -0.2591    -0.7243
			    0.0114    0.9446    -0.3279
		b:
			    -4.8293
			    245.1470
			    -312.2597
			    -299.3983
			    -324.8078
			    354.4833
			    325.9832
			    30.2271
			    -200.3770
			    -310.9832
			    -16.2271
			    214.3770
	==================================================================================
	Q5:
		Shape: Ellipse
		q_c:    231.5000    251.5000    141.0000
		ub :    236.7440    256.2808    145.7217
		lb :    226.2560    246.7192    136.2783
		P^-1: 
			    0.0491    -0.0401    0.0447
			    -0.0401    0.2227    -0.1920
			    0.0447    -0.1920    0.2620
	==================================================================================
	Q6:
		Shape: Ellipse
		q_c:    216.5000    253.5000    141.5000
		ub :    228.2628    264.3090    146.9158
		lb :    204.7372    242.6910    136.0842
		P^-1: 
			    0.0252    -0.0018    -0.0372
			    -0.0018    0.0214    -0.0149
			    -0.0372    -0.0149    0.1482


===========================================================================================
===========================================================================================
S7:
	q_c:    388.5000    425.5000    228.0000
	ub :    411.0000    444.0000    255.0000
	lb :    366.0000    407.0000    201.0000

	==================================================================================
	Q1:
		Shape: Ellipse
		q_c:    378.5000    420.0000    236.5000
		ub :    382.9893    428.7369    245.5705
		lb :    374.0107    411.2631    227.4295
		P^-1: 
			    0.1527    -0.0065    -0.0297
			    -0.0065    0.0269    0.0035
			    -0.0297    0.0035    0.0319
	==================================================================================
	Q2:
		Shape: Hybrid
		q_c:    396.5000    411.5000    241.0000
		ub :    405.4515    417.9573    249.7001
		lb :    387.5485    405.0427    232.2999
		P^-1: 
			    0.0429    0.0301    -0.0037
			    0.0301    0.0842    -0.0284
			    -0.0037    -0.0284    0.0443
		A:
			    -0.1475    0.5652    0.8116
			    0.2481    0.7832    -0.5701
			    -0.2223    -0.6445    0.7315
			    0.5572    0.6053    -0.5685
			    -0.2573    -0.7274    -0.6361
			    0.8209    -0.3843    0.4225
		b:
			    374.7056
			    284.9485
			    -175.0013
			    335.1778
			    -550.7245
			    273.1574
	==================================================================================
	Q3:
		Shape: Ellipse
		q_c:    379.5000    420.5000    237.5000
		ub :    384.8282    424.8303    242.6780
		lb :    374.1718    416.1697    232.3220
		P^-1: 
			    0.0709    0.0191    -0.0255
			    0.0191    0.1751    -0.0819
			    -0.0255    -0.0819    0.1481
	==================================================================================
	Q4:
		Shape: Ellipse
		q_c:    385.5000    425.5000    245.0000
		ub :    393.3466    431.3128    252.4279
		lb :    377.6534    419.6872    237.5721
		P^-1: 
			    0.0631    -0.0072    0.0436
			    -0.0072    0.0595    0.0083
			    0.0436    0.0083    0.0714
	==================================================================================
	Q5:
		Shape: Polyhedra
		q_c:    369.5000    408.0000    238.0000
		ub :    380.1534    417.9195    247.5565
		lb :    358.8466    398.0805    228.4435
		A:
			    0.9886    0.0722    -0.1324
			    0.0845    -0.9488    -0.3043
			    0.3678    0.1927    0.9097
			    -0.7153    0.6984    0.0245
			    0.8523    -0.4528    -0.2618
			    0.0309    -0.0983    -0.9947
			    0.6013    0.5915    0.5371
			    0.5347    -0.7974    0.2796
			    0.5937    0.1191    -0.7958
			    -0.6013    -0.5915    -0.5371
			    -0.5347    0.7974    -0.2796
			    -0.5937    -0.1191    0.7958
		b:
			    369.2263
			    -421.6238
			    437.5576
			    32.7781
			    73.8000
			    -259.6252
			    598.3685
			    -54.7275
			    83.5670
			    -584.3685
			    67.7275
			    -73.5670
	==================================================================================
	Q6:
		Shape: Ellipse
		q_c:    403.0000    441.0000    219.0000
		ub :    411.2965    449.8499    226.3252
		lb :    394.7035    432.1501    211.6748
		P^-1: 
			    0.0855    0.0731    0.0103
			    0.0731    0.0855    0.0092
			    0.0103    0.0092    0.0250


===========================================================================================
===========================================================================================
S8:
	q_c:    177.0000    383.0000    190.5000
	ub :    180.0000    405.0000    200.0000
	lb :    174.0000    361.0000    181.0000

	==================================================================================
	Q1:
		Shape: Ellipse
		q_c:    180.0000    383.5000    191.0000
		ub :    182.1082    386.0031    193.8645
		lb :    177.8918    380.9969    188.1355
		P^-1: 
			    0.6824    0.2330    0.1603
			    0.2330    0.6612    0.2147
			    0.1603    0.2147    0.2608
	==================================================================================
	Q2:
		Shape: Ellipse
		q_c:    178.5000    386.5000    189.5000
		ub :    181.5087    389.5195    192.0551
		lb :    175.4913    383.4805    186.9449
		P^-1: 
			    0.1667    -0.0293    0.0060
			    -0.0293    0.3089    -0.0925
			    0.0060    -0.0925    0.3788
	==================================================================================
	Q3:
		Shape: Hybrid
		q_c:    181.5000    380.5000    190.0000
		ub :    184.7661    383.3769    192.4636
		lb :    178.2339    377.6231    187.5364
		P^-1: 
			    0.2763    0.1298    -0.0520
			    0.1298    0.3443    0.0402
			    -0.0520    0.0402    0.4283
		A:
			    -0.5361    0.7196    0.4413
			    0.1127    -0.2708    0.9560
			    0.9097    0.3138    -0.2721
			    0.3764    -0.5425    -0.7510
			    -0.0691    -0.4369    -0.8968
			    -0.1313    0.0332    0.9908
		b:
			    261.7241
			    100.0969
			    233.7828
			    -279.7977
			    -348.4479
			    177.8017
	==================================================================================
	Q4:
		Shape: Hybrid
		q_c:    179.5000    384.5000    194.0000
		ub :    181.0041    385.5697    195.5409
		lb :    177.9959    383.4303    192.4591
		P^-1: 
			    2.3886    -0.6212    1.6574
			    -0.6212    3.7605    0.6389
			    1.6574    0.6389    2.2954
		A:
			    -0.7081    -0.4515    -0.5428
			    0.0721    0.9959    0.0545
			    -0.5907    0.2288    -0.7737
			    0.5370    -0.6953    -0.4777
			    0.3481    -0.9263    -0.1442
			    0.2740    -0.6381    -0.7195
		b:
			    -405.6951
			    406.8152
			    -167.8457
			    -263.0104
			    -321.3675
			    -335.1184
	==================================================================================
	Q5:
		Shape: Ellipse
		q_c:    174.5000    384.5000    189.5000
		ub :    176.3509    386.6178    191.4779
		lb :    172.6491    382.3822    187.5221
		P^-1: 
			    1.1302    0.7644    1.1834
			    0.7644    1.0847    1.3580
			    1.1834    1.3580    2.4795
	==================================================================================
	Q6:
		Shape: Hybrid
		q_c:    177.5000    385.5000    192.5000
		ub :    179.8258    387.7211    194.9225
		lb :    175.1742    383.2789    190.0775
		P^-1: 
			    0.2559    -0.0099    0.0318
			    -0.0099    0.4439    0.0017
			    0.0318    0.0017    0.4391
		A:
			    -0.5241    0.8237    -0.2165
			    -0.4412    -0.8784    -0.1838
			    0.0178    -0.9546    -0.2973
			    0.2167    -0.4700    0.8556
			    -0.6934    -0.3373    -0.6367
			    0.3874    0.8966    -0.2147
		b:
			    183.6968
			    -451.4471
			    -421.3179
			    22.7386
			    -374.7320
			    373.9426


===========================================================================================
===========================================================================================
S9:
	q_c:    116.0000    172.5000    257.5000
	ub :    127.0000    190.0000    273.0000
	lb :    105.0000    155.0000    242.0000

	==================================================================================
	Q1:
		Shape: Polyhedra
		q_c:    117.0000    176.0000    259.5000
		ub :    125.1909    182.7559    267.6557
		lb :    108.8091    169.2441    251.3443
		A:
			    0.2579    -0.3452    -0.9024
			    0.3895    0.8807    -0.2694
			    -0.5062    0.8274    -0.2433
			    -0.7008    0.3174    -0.6389
			    -0.8669    0.4985    -0.0030
			    -0.2965    -0.8740    -0.3851
			    0.4795    0.1761    0.8597
			    -0.5891    0.7907    0.1666
			    -0.6504    -0.5864    0.4829
			    -0.4795    -0.1761    -0.8597
			    0.5891    -0.7907    -0.1666
			    0.6504    0.5864    -0.4829
		b:
			    -259.6209
			    135.4633
			    27.1758
			    -186.5586
			    -10.4877
			    -283.4349
			    316.1874
			    116.9685
			    -48.9807
			    -304.1874
			    -109.9685
			    58.9807
	==================================================================================
	Q2:
		Shape: Polyhedra
		q_c:    107.0000    178.0000    260.5000
		ub :    112.5367    184.2424    267.1099
		lb :    101.4633    171.7576    253.8901
		A:
			    0.8835    0.4025    0.2398
			    -0.4805    0.7396    0.4713
			    -0.2924    0.2053    -0.9340
			    -0.6347    0.3436    0.6921
			    -0.9605    0.1174    0.2521
			    -0.9351    -0.1678    0.3121
			    0.7028    0.4198    0.5743
			    -0.7087    0.3438    0.6161
			    0.0612    -0.8400    0.5391
			    -0.7028    -0.4198    -0.5743
			    0.7087    -0.3438    -0.6161
			    -0.0612    0.8400    -0.5391
		b:
			    232.5802
			    206.6244
			    -234.0950
			    177.0468
			    -12.5798
			    -44.9292
			    303.5294
			    149.3390
			    1.4799
			    -295.5294
			    -142.3390
			    6.5201
	==================================================================================
	Q3:
		Shape: Polyhedra
		q_c:    112.5000    178.5000    247.5000
		ub :    115.5092    183.7941    253.1069
		lb :    109.4908    173.2059    241.8931
		A:
			    -0.9414    -0.3351    0.0394
			    -0.7837    0.1538    -0.6018
			    0.5060    0.8602    -0.0640
			    0.9195    -0.2937    -0.2612
			    0.9814    -0.1877    -0.0409
			    0.6408    0.5894    -0.4919
			    0.0961    0.2748    0.9567
			    -0.1524    0.9539    -0.2587
			    -0.9836    -0.1210    0.1335
			    -0.0961    -0.2748    -0.9567
			    0.1524    -0.9539    0.2587
			    0.9836    0.1210    -0.1335
		b:
			    -153.7694
			    -206.1736
			    198.0369
			    -11.0759
			    69.0761
			    58.5833
			    301.1428
			    93.0866
			    -97.2038
			    -292.1428
			    -85.0866
			    101.2038
	==================================================================================
	Q4:
		Shape: Polyhedra
		q_c:    112.0000    178.5000    249.0000
		ub :    116.4791    183.0810    254.0324
		lb :    107.5209    173.9190    243.9676
		A:
			    -0.2736    0.8655    0.4195
			    0.5462    -0.3102    -0.7781
			    0.5129    0.7385    0.4376
			    -0.0011    -0.9594    0.2822
			    0.7359    0.0238    0.6766
			    0.5138    0.6501    -0.5599
			    0.1049    0.7450    0.6588
			    -0.2722    0.6586    -0.7015
			    -0.9565    -0.1058    0.2719
			    -0.1049    -0.7450    -0.6588
			    0.2722    -0.6586    0.7015
			    0.9565    0.1058    -0.2719
		b:
			    231.3504
			    -184.6888
			    301.3384
			    -98.0862
			    258.3085
			    37.4346
			    311.7630
			    -84.5978
			    -54.8034
			    -305.7630
			    90.5978
			    61.8034
	==================================================================================
	Q5:
		Shape: Polyhedra
		q_c:    120.5000    172.0000    251.0000
		ub :    125.8605    178.3619    257.2293
		lb :    115.1395    165.6381    244.7707
		A:
			    0.5009    -0.7501    0.4318
			    0.9426    0.2479    -0.2236
			    -0.7571    0.6351    0.1529
			    0.8888    0.1250    -0.4410
			    -0.9945    -0.0406    -0.0966
			    -0.6137    0.6503    0.4478
			    0.4181    0.8930    0.1666
			    0.9067    -0.4215    -0.0164
			    0.0556    0.1579    -0.9859
			    -0.4181    -0.8930    -0.1666
			    -0.9067    0.4215    0.0164
			    -0.0556    -0.1579    0.9859
		b:
			    44.0009
			    104.1944
			    59.9907
			    22.1806
			    -147.3298
			    154.3011
			    250.2846
			    36.1541
			    -208.1092
			    -241.2846
			    -29.1541
			    219.1092
	==================================================================================
	Q6:
		Shape: Hybrid
		q_c:    117.5000    169.5000    265.0000
		ub :    121.1449    173.1449    268.8762
		lb :    113.8551    165.8551    261.1238
		P^-1: 
			    1.7913    -1.5718    -1.1002
			    -1.5718    1.5304    1.0736
			    -1.1002    1.0736    0.9008
		A:
			    -0.6912    0.6153    0.3790
			    0.6049    -0.5907    -0.5339
			    0.9839    -0.1631    -0.0726
			    -0.0665    -0.0466    0.9967
			    0.1480    -0.9890    0.0077
			    0.8118    -0.4878    -0.3209
		b:
			    123.7848
			    -170.2155
			    70.4356
			    250.8521
			    -145.5688
			    -71.7350


===========================================================================================
===========================================================================================
S10:
	q_c:    164.0000    199.0000    419.5000
	ub :    190.0000    213.0000    433.0000
	lb :    138.0000    185.0000    406.0000

	==================================================================================
	Q1:
		Shape: Polyhedra
		q_c:    157.5000    211.0000    425.0000
		ub :    162.7136    216.9592    429.7535
		lb :    152.2864    205.0408    420.2465
		A:
			    -0.5435    0.0656    0.8368
			    0.6169    -0.0553    0.7851
			    0.6617    -0.1284    0.7387
			    0.0284    -0.1059    0.9940
			    -0.2284    0.1120    -0.9671
			    0.7060    0.4304    0.5624
			    0.5914    0.1251    0.7966
			    -0.7508    0.4457    0.4875
			    -0.2940    -0.8864    0.3575
			    -0.5914    -0.1251    -0.7966
			    0.7508    -0.4457    -0.4875
			    0.2940    0.8864    -0.3575
		b:
			    287.7558
			    420.8223
			    392.9115
			    407.4214
			    -420.9711
			    443.2670
			    459.5956
			    186.9570
			    -76.9086
			    -456.5956
			    -178.9570
			    85.9086
	==================================================================================
	Q2:
		Shape: Ellipse
		q_c:    171.5000    184.5000    413.0000
		ub :    178.8112    189.8314    419.5014
		lb :    164.1888    179.1686    406.4986
		P^-1: 
			    0.0356    -0.0022    -0.0055
			    -0.0022    0.0490    -0.0009
			    -0.0055    -0.0009    0.0472
	==================================================================================
	Q3:
		Shape: Polyhedra
		q_c:    166.5000    206.0000    424.5000
		ub :    175.4853    214.6399    434.0088
		lb :    157.5147    197.3601    414.9912
		A:
			    -0.2998    -0.9457    0.1254
			    -0.0497    -0.7284    -0.6833
			    -0.3145    -0.6338    0.7067
			    -0.0775    0.8101    0.5811
			    -0.6760    0.3330    -0.6574
			    -0.9829    -0.1091    0.1481
			    0.6381    0.5861    0.4994
			    -0.1721    0.7407    -0.6494
			    -0.7505    0.3284    0.5735
			    -0.6381    -0.5861    -0.4994
			    0.1721    -0.7407    0.6494
			    0.7505    -0.3284    -0.5735
		b:
			    -186.7456
			    -442.8872
			    122.4720
			    406.4080
			    -318.0409
			    -117.0849
			    443.4495
			    -146.7306
			    193.1712
			    -434.4495
			    156.7306
			    -179.1712
	==================================================================================
	Q4:
		Shape: Hybrid
		q_c:    156.0000    189.5000    413.0000
		ub :    166.6421    199.8719    424.4001
		lb :    145.3579    179.1281    401.5999
		P^-1: 
			    0.0254    -0.0009    0.0036
			    -0.0009    0.0219    0.0027
			    0.0036    0.0027    0.0219
		A:
			    0.0695    -0.8208    -0.5670
			    -0.3867    0.6181    -0.6844
			    0.9114    -0.4089    0.0466
			    -0.4447    -0.8894    0.1061
			    0.9543    0.0538    -0.2939
			    -0.7449    -0.0747    -0.6629
		b:
			    -375.4571
			    -222.0410
			    87.2041
			    -190.1026
			    41.4212
			    -401.1209
	==================================================================================
	Q5:
		Shape: Polyhedra
		q_c:    177.0000    203.0000    412.0000
		ub :    187.9298    214.2942    421.1974
		lb :    166.0702    191.7058    402.8026
		A:
			    -0.7406    -0.6482    -0.1768
			    0.6863    0.7052    0.1780
			    -0.0000    -0.0715    0.9974
			    -0.2689    -0.2876    -0.9192
			    0.4587    0.1716    -0.8719
			    0.1408    0.4886    0.8610
			    0.6393    0.1864    0.7460
			    -0.5048    0.8336    0.2243
			    -0.5801    -0.5199    0.6270
			    -0.6393    -0.1864    -0.7460
			    0.5048    -0.8336    -0.2243
			    0.5801    0.5199    -0.6270
		b:
			    -330.0667
			    343.6008
			    401.8022
			    -479.1483
			    -237.3599
			    485.2659
			    463.3502
			    181.2946
			    55.6168
			    -453.3502
			    -163.2946
			    -44.6168
	==================================================================================
	Q6:
		Shape: Ellipse
		q_c:    160.0000    187.5000    410.5000
		ub :    173.1933    200.9993    418.7961
		lb :    146.8067    174.0007    402.2039
		P^-1: 
			    0.0130    0.0016    -0.0045
			    0.0016    0.0162    -0.0112
			    -0.0045    -0.0112    0.0449


===========================================================================================
===========================================================================================
