3D_30_15_6_a                l = 3

===========================================================================================
===========================================================================================
S1:
	q_c:    324.5000    363.0000    386.5000
	ub :    348.0000    372.0000    396.0000
	lb :    301.0000    354.0000    377.0000

	==================================================================================
	Q1:
		Shape: Ellipse
		q_c:    333.0000    362.5000    384.0000
		ub :    337.7198    368.6549    389.9691
		lb :    328.2802    356.3451    378.0309
		P^-1: 
			    0.1180    -0.0160    -0.0362
			    -0.0160    0.0698    0.0325
			    -0.0362    0.0325    0.1032
	==================================================================================
	Q2:
		Shape: Ellipse
		q_c:    331.5000    366.0000    381.5000
		ub :    337.0367    372.3459    386.3933
		lb :    325.9633    359.6541    376.6067
		P^-1: 
			    0.1729    -0.0638    -0.0741
			    -0.0638    0.0709    0.0328
			    -0.0741    0.0328    0.1087
	==================================================================================
	Q3:
		Shape: Hybrid
		q_c:    319.5000    370.0000    385.0000
		ub :    324.3498    374.7284    389.1072
		lb :    314.6502    365.2716    380.8928
		P^-1: 
			    0.1181    -0.0076    0.0153
			    -0.0076    0.1194    -0.0167
			    0.0153    -0.0167    0.1447
		A:
			    0.7171    -0.3161    0.6212
			    -0.2088    0.3062    -0.9288
			    0.9020    -0.3986    -0.1661
			    0.8793    -0.4745    0.0419
			    0.7373    0.2403    -0.6314
			    -0.1460    0.7904    0.5950
		b:
			    352.6492
			    -309.7154
			    78.4401
			    123.1100
			    83.0762
			    476.5880
	==================================================================================
	Q4:
		Shape: Hybrid
		q_c:    327.0000    363.5000    394.0000
		ub :    331.3798    367.0889    398.4200
		lb :    322.6202    359.9111    389.5800
		P^-1: 
			    0.2073    -0.1410    -0.0799
			    -0.1410    0.3262    0.0480
			    -0.0799    0.0480    0.1526
		A:
			    0.3634    -0.5972    -0.7150
			    0.7948    -0.3800    -0.4732
			    0.3467    -0.6384    -0.6872
			    0.5966    -0.8024    -0.0157
			    -0.4433    0.5967    0.6689
			    -0.4635    0.8129    -0.3528
		b:
			    -378.7202
			    -63.5671
			    -388.1925
			    -101.8796
			    336.6142
			    6.2470
	==================================================================================
	Q5:
		Shape: Polyhedra
		q_c:    322.0000    366.0000    386.0000
		ub :    329.9613    372.2670    394.1787
		lb :    314.0387    359.7330    377.8213
		A:
			    -0.1190    -0.0080    -0.9929
			    -0.0538    -0.9646    -0.2582
			    -0.3917    -0.8130    0.4309
			    0.1192    -0.6981    -0.7060
			    0.7937    -0.1679    0.5847
			    -0.4072    0.7331    -0.5448
			    0.3364    0.8140    0.4736
			    0.7217    0.1002    -0.6849
			    -0.6050    0.5722    -0.5537
			    -0.3364    -0.8140    -0.4736
			    -0.7217    -0.1002    0.6849
			    0.6050    -0.5722    0.5537
		b:
			    -419.7026
			    -465.6392
			    -252.2843
			    -484.7153
			    423.5718
			    -69.4886
			    593.5363
			    10.6741
			    -195.6240
			    -584.5363
			    1.3259
			    202.6240
	==================================================================================
	Q6:
		Shape: Hybrid
		q_c:    317.5000    361.0000    382.5000
		ub :    321.5819    364.0868    386.2625
		lb :    313.4181    357.9132    378.7375
		P^-1: 
			    0.1233    -0.0393    -0.0017
			    -0.0393    0.2375    0.0056
			    -0.0017    0.0056    0.1114
		A:
			    -0.7884    0.5470    0.2815
			    -0.2911    -0.8836    0.3667
			    0.3329    -0.1008    0.9376
			    -0.3709    -0.2778    -0.8862
			    0.9577    0.2488    -0.1447
			    -0.6787    0.6533    0.3354
		b:
			    56.3123
			    -269.6494
			    429.8867
			    -555.0262
			    340.5444
			    150.0056


===========================================================================================
===========================================================================================
S2:
	q_c:    406.5000    73.5000    211.0000
	ub :    428.0000    90.0000    234.0000
	lb :    385.0000    57.0000    188.0000

	==================================================================================
	Q1:
		Shape: Polyhedra
		q_c:    422.0000    85.0000    200.5000
		ub :    429.4416    92.9529    207.2502
		lb :    414.5584    77.0471    193.7498
		A:
			    -0.7200    0.1886    0.6678
			    0.5111    -0.5137    0.6891
			    0.4227    0.2063    0.8825
			    0.0414    -0.3169    -0.9476
			    -0.4886    -0.6269    -0.6069
			    0.8285    0.2019    0.5223
			    0.6713    0.2045    0.7124
			    -0.5358    -0.5302    0.6572
			    0.5121    -0.8229    -0.2463
			    -0.6713    -0.2045    -0.7124
			    0.5358    0.5302    -0.6572
			    -0.5121    0.8229    0.2463
		b:
			    -148.4309
			    314.3699
			    375.7577
			    -195.2025
			    -377.7798
			    474.2876
			    446.0227
			    -133.9071
			    102.2599
			    -441.0227
			    144.9071
			    -91.2599
	==================================================================================
	Q2:
		Shape: Ellipse
		q_c:    420.0000    77.5000    222.0000
		ub :    427.2945    82.3760    229.0706
		lb :    412.7055    72.6240    214.9294
		P^-1: 
			    0.0527    -0.0198    0.0075
			    -0.0198    0.1028    -0.0075
			    0.0075    -0.0075    0.0449
	==================================================================================
	Q3:
		Shape: Hybrid
		q_c:    409.5000    71.5000    196.5000
		ub :    416.6162    81.4236    205.9520
		lb :    402.3838    61.5764    187.0480
		P^-1: 
			    0.0415    0.0022    0.0072
			    0.0022    0.0390    0.0230
			    0.0072    0.0230    0.0359
		A:
			    0.1437    -0.9105    -0.3878
			    -0.9140    -0.3969    -0.0844
			    0.9103    0.3293    0.2509
			    0.3125    0.0303    -0.9494
			    0.3275    0.8934    0.3076
			    0.4286    -0.6466    -0.6310
		b:
			    -79.6727
			    -416.0473
			    448.3203
			    -51.3379
			    261.4935
			    7.8254
	==================================================================================
	Q4:
		Shape: Ellipse
		q_c:    422.5000    90.0000    224.5000
		ub :    428.3770    99.7497    234.1207
		lb :    416.6230    80.2503    214.8793
		P^-1: 
			    0.1212    -0.0478    -0.0403
			    -0.0478    0.0443    0.0175
			    -0.0403    0.0175    0.0385
	==================================================================================
	Q5:
		Shape: Ellipse
		q_c:    409.5000    83.0000    201.5000
		ub :    418.3840    91.3666    211.2314
		lb :    400.6160    74.6334    191.7686
		P^-1: 
			    0.0323    -0.0012    -0.0014
			    -0.0012    0.0312    -0.0022
			    -0.0014    -0.0022    0.0304
	==================================================================================
	Q6:
		Shape: Hybrid
		q_c:    415.5000    64.5000    205.0000
		ub :    424.7827    71.6216    214.5869
		lb :    406.2173    57.3784    195.4131
		P^-1: 
			    0.0283    -0.0022    0.0007
			    -0.0022    0.0384    -0.0034
			    0.0007    -0.0034    0.0289
		A:
			    0.1388    0.9105    0.3895
			    -0.4634    0.7452    -0.4794
			    0.8484    -0.3032    0.4339
			    -0.2994    -0.9207    -0.2502
			    -0.8151    -0.5765    0.0568
			    0.3975    -0.4187    0.8165
		b:
			    199.2605
			    -240.1237
			    425.1001
			    -232.0950
			    -360.8758
			    308.5584


===========================================================================================
===========================================================================================
S3:
	q_c:    89.5000    378.0000    282.0000
	ub :    111.0000    399.0000    297.0000
	lb :    68.0000    357.0000    267.0000

	==================================================================================
	Q1:
		Shape: Hybrid
		q_c:    102.5000    387.5000    281.5000
		ub :    111.7942    398.1440    292.5759
		lb :    93.2058    376.8560    270.4241
		P^-1: 
			    0.0497    0.0072    0.0190
			    0.0072    0.0228    -0.0084
			    0.0190    -0.0084    0.0342
		A:
			    0.6506    0.1346    -0.7474
			    -0.5824    0.1830    -0.7921
			    -0.9559    0.2631    -0.1303
			    -0.9395    -0.0526    0.3385
			    -0.5971    0.3738    -0.7098
			    0.8116    -0.2629    -0.5217
		b:
			    -86.2415
			    -209.3975
			    -28.7694
			    -16.7586
			    -113.7265
			    -159.1851
	==================================================================================
	Q2:
		Shape: Ellipse
		q_c:    85.0000    374.0000    291.0000
		ub :    91.9215    381.0943    298.0054
		lb :    78.0785    366.9057    283.9946
		P^-1: 
			    0.0558    -0.0053    -0.0061
			    -0.0053    0.0537    0.0063
			    -0.0061    0.0063    0.0302
	==================================================================================
	Q3:
		Shape: Hybrid
		q_c:    86.5000    390.0000    270.5000
		ub :    96.5665    399.4562    277.3213
		lb :    76.4335    380.5438    263.6787
		P^-1: 
			    0.0236    0.0064    0.0209
			    0.0064    0.0297    0.0271
			    0.0209    0.0271    0.0960
		A:
			    0.2495    0.1097    -0.9621
			    -0.7042    -0.4268    -0.5674
			    0.0598    -0.1776    -0.9823
			    -0.5065    0.0325    -0.8616
			    -0.0172    0.2425    -0.9700
			    -0.5031    0.6741    0.5408
		b:
			    -192.2295
			    -377.4540
			    -327.5049
			    -261.6344
			    -165.9441
			    370.2052
	==================================================================================
	Q4:
		Shape: Ellipse
		q_c:    87.5000    391.0000    272.0000
		ub :    95.2540    398.3866    280.0831
		lb :    79.7460    383.6134    263.9169
		P^-1: 
			    0.0484    -0.0093    0.0056
			    -0.0093    0.0504    -0.0062
			    0.0056    -0.0062    0.0437
	==================================================================================
	Q5:
		Shape: Hybrid
		q_c:    98.0000    383.0000    270.5000
		ub :    106.4073    392.7054    279.1532
		lb :    89.5927    373.2946    261.8468
		P^-1: 
			    0.1414    -0.0147    -0.1139
			    -0.0147    0.0261    0.0010
			    -0.1139    0.0010    0.1295
		A:
			    -0.3675    -0.5956    0.7143
			    0.5211    -0.7071    -0.4780
			    -0.8068    0.3225    0.4951
			    -0.5974    0.4972    -0.6292
			    0.3398    0.1046    -0.9347
			    0.1488    -0.1399    -0.9789
		b:
			    -67.6702
			    -345.2606
			    180.0342
			    -33.3183
			    -176.9477
			    -299.6950
	==================================================================================
	Q6:
		Shape: Polyhedra
		q_c:    81.0000    381.5000    285.5000
		ub :    90.8031    391.3826    294.4617
		lb :    71.1969    371.6174    276.5383
		A:
			    -0.7103    -0.4470    0.5438
			    -0.0438    -0.0439    -0.9981
			    -0.6397    0.4595    0.6162
			    -0.7122    0.6866    -0.1460
			    -0.4809    -0.4302    0.7640
			    0.7146    0.3472    -0.6073
			    0.1739    0.9832    0.0557
			    0.7214    -0.0887    -0.6868
			    -0.6703    0.1597    -0.7247
			    -0.1739    -0.9832    -0.0557
			    -0.7214    0.0887    0.6868
			    0.6703    -0.1597    0.7247
		b:
			    -66.3252
			    -299.1501
			    305.3939
			    169.5392
			    21.3778
			    23.1376
			    413.5824
			    -165.9759
			    -193.7942
			    -396.5824
			    176.9759
			    206.7942


===========================================================================================
===========================================================================================
S4:
	q_c:    397.5000    323.5000    528.0000
	ub :    416.0000    343.0000    558.0000
	lb :    379.0000    304.0000    498.0000

	==================================================================================
	Q1:
		Shape: Polyhedra
		q_c:    413.5000    303.0000    534.5000
		ub :    425.7672    310.9638    546.5190
		lb :    401.2328    295.0362    522.4810
		A:
			    0.0132    -0.9991    0.0394
			    -0.3734    0.1136    -0.9207
			    0.1368    -0.9850    0.1054
			    -0.2496    -0.9612    0.1172
			    -0.1652    0.9863    -0.0016
			    0.1495    0.9773    0.1503
			    0.0689    0.8873    0.4561
			    -0.6557    0.3848    -0.6496
			    -0.7519    -0.2543    0.6083
			    -0.0689    -0.8873    -0.4561
			    0.6557    -0.3848    0.6496
			    0.7519    0.2543    -0.6083
		b:
			    -271.4409
			    -604.7669
			    -180.4255
			    -326.0159
			    234.3242
			    442.3080
			    544.0929
			    -494.2512
			    -53.3152
			    -538.0929
			    509.2512
			    72.3152
	==================================================================================
	Q2:
		Shape: Polyhedra
		q_c:    403.5000    317.5000    546.5000
		ub :    415.2128    330.7533    557.7261
		lb :    391.7872    304.2467    535.2739
		A:
			    0.5616    0.7120    0.4215
			    -0.2679    -0.8963    0.3534
			    -0.7088    -0.5464    0.4462
			    -0.5039    0.6714    -0.5435
			    -0.0559    -0.3485    0.9357
			    0.9767    0.2100    -0.0441
			    0.7733    0.5786    0.2594
			    -0.0775    0.4923    -0.8670
			    -0.6293    0.6503    0.4255
			    -0.7733    -0.5786    -0.2594
			    0.0775    -0.4923    0.8670
			    0.6293    -0.6503    -0.4255
		b:
			    689.5147
			    -193.1396
			    -209.1856
			    -279.6766
			    384.4014
			    444.0640
			    643.4671
			    -342.7989
			    195.5831
			    -631.4671
			    354.7989
			    -174.5831
	==================================================================================
	Q3:
		Shape: Hybrid
		q_c:    420.0000    321.5000    545.5000
		ub :    426.2989    336.5088    559.8495
		lb :    413.7011    306.4912    531.1505
		P^-1: 
			    0.0470    0.0039    0.0042
			    0.0039    0.0184    0.0150
			    0.0042    0.0150    0.0222
		A:
			    0.8032    -0.0978    -0.5876
			    0.7221    -0.4288    -0.5429
			    -0.7741    0.3988    0.4917
			    0.6732    0.5786    0.4604
			    0.5531    -0.6890    -0.4684
			    -0.3668    -0.0862    -0.9263
		b:
			    -10.2990
			    -127.6224
			    74.3380
			    722.6749
			    -240.8807
			    -680.5967
	==================================================================================
	Q4:
		Shape: Polyhedra
		q_c:    383.5000    329.5000    545.5000
		ub :    400.5317    347.9454    561.7309
		lb :    366.4683    311.0546    529.2691
		A:
			    -0.9275    -0.2801    0.2475
			    0.2138    -0.9043    -0.3696
			    0.1460    -0.7136    0.6852
			    -0.2086    -0.1358    0.9685
			    -0.7755    0.2132    -0.5942
			    -0.4731    0.1273    -0.8718
			    0.5189    0.6948    0.4981
			    0.8548    -0.4192    -0.3059
			    -0.0038    0.5845    -0.8114
			    -0.5189    -0.6948    -0.4981
			    -0.8548    0.4192    0.3059
			    0.0038    -0.5845    0.8114
		b:
			    -301.1683
			    -405.2678
			    202.4475
			    412.5637
			    -540.4051
			    -605.1049
			    712.6087
			    34.8507
			    -243.9721
			    -686.6087
			    -10.8507
			    258.9721
	==================================================================================
	Q5:
		Shape: Ellipse
		q_c:    398.0000    338.5000    537.5000
		ub :    415.5967    356.6767    552.6330
		lb :    380.4033    320.3233    522.3670
		P^-1: 
			    0.0107    0.0044    0.0003
			    0.0044    0.0094    0.0039
			    0.0003    0.0039    0.0148
	==================================================================================
	Q6:
		Shape: Polyhedra
		q_c:    387.0000    331.5000    516.5000
		ub :    395.7797    337.3788    525.2770
		lb :    378.2203    325.6212    507.7230
		A:
			    -0.0042    -0.1683    -0.9857
			    0.1984    0.9800    0.0146
			    -0.6313    0.2554    -0.7323
			    0.2535    -0.9606    0.1141
			    -0.1298    0.6455    0.7526
			    0.7847    -0.3214    -0.5301
			    0.3988    0.0371    0.9163
			    -0.9003    0.2062    0.3834
			    -0.1747    -0.9778    0.1157
			    -0.3988    -0.0371    -0.9163
			    0.9003    -0.2062    -0.3834
			    0.1747    0.9778    -0.1157
		b:
			    -560.1329
			    413.7582
			    -531.5262
			    -156.5735
			    558.3759
			    -70.6692
			    646.4038
			    -76.0070
			    -327.5113
			    -633.4038
			    88.0070
			    336.5113


===========================================================================================
===========================================================================================
S5:
	q_c:    293.5000    288.0000    289.0000
	ub :    307.0000    298.0000    302.0000
	lb :    280.0000    278.0000    276.0000

	==================================================================================
	Q1:
		Shape: Polyhedra
		q_c:    301.5000    292.0000    281.5000
		ub :    309.4038    301.8599    291.5468
		lb :    293.5962    282.1401    271.4532
		A:
			    -0.5896    0.6326    0.5021
			    -0.8007    0.2797    -0.5297
			    0.8339    0.2774    -0.4772
			    0.9123    -0.1818    -0.3670
			    -0.1831    -0.3556    0.9165
			    -0.7241    0.0977    -0.6827
			    0.6277    0.3030    0.7171
			    -0.7766    0.1800    0.6037
			    0.0538    -0.9358    0.3483
			    -0.6277    -0.3030    -0.7171
			    0.7766    -0.1800    -0.6037
			    -0.0538    0.9358    -0.3483
		b:
			    153.3106
			    -302.0427
			    202.9728
			    122.9461
			    105.1854
			    -374.9911
			    486.5797
			    -7.6357
			    -151.4856
			    -472.5797
			    15.6357
			    166.4856
	==================================================================================
	Q2:
		Shape: Hybrid
		q_c:    294.5000    283.5000    298.0000
		ub :    303.2934    292.6498    307.8497
		lb :    285.7066    274.3502    288.1503
		P^-1: 
			    0.0310    0.0134    0.0124
			    0.0134    0.0397    0.0140
			    0.0124    0.0140    0.0358
		A:
			    -0.6675    -0.2089    0.7147
			    -0.2792    0.9511    0.1318
			    0.4922    -0.8704    -0.0094
			    0.0245    -0.8663    -0.4990
			    0.7166    0.3173    0.6211
			    -0.5962    -0.7374    0.3175
		b:
			    -37.9714
			    230.7434
			    -100.1021
			    -384.0127
			    488.6112
			    -286.1721
	==================================================================================
	Q3:
		Shape: Hybrid
		q_c:    288.5000    281.5000    280.0000
		ub :    292.8302    287.0655    284.4179
		lb :    284.1698    275.9345    275.5821
		P^-1: 
			    0.1828    0.0883    -0.0340
			    0.0883    0.1140    -0.0041
			    -0.0340    -0.0041    0.1137
		A:
			    0.6337    0.5335    -0.5602
			    -0.8351    0.1117    0.5387
			    -0.4594    -0.8354    0.3019
			    -0.3949    0.6314    0.6673
			    -0.6744    -0.1349    0.7259
			    0.6743    0.4913    -0.5513
		b:
			    177.3810
			    -56.7625
			    -281.4419
			    253.1742
			    -27.8168
			    179.6628
	==================================================================================
	Q4:
		Shape: Hybrid
		q_c:    293.5000    289.5000    294.0000
		ub :    300.3793    296.2433    300.2320
		lb :    286.6207    282.7567    287.7680
		P^-1: 
			    0.0580    -0.0206    0.0007
			    -0.0206    0.0636    -0.0007
			    0.0007    -0.0007    0.0400
		A:
			    0.1028    -0.9917    0.0771
			    -0.6829    0.6322    -0.3661
			    -0.1700    0.8327    -0.5269
			    0.3054    0.7328    0.6080
			    0.0703    -0.5693    -0.8191
			    0.3648    -0.8649    -0.3447
		b:
			    -231.9547
			    -123.0529
			    38.7372
			    483.6513
			    -382.0113
			    -242.5357
	==================================================================================
	Q5:
		Shape: Hybrid
		q_c:    282.5000    283.0000    293.5000
		ub :    289.9409    288.0545    300.0492
		lb :    275.0591    277.9455    286.9508
		P^-1: 
			    0.0555    -0.0535    0.0550
			    -0.0535    0.1569    -0.0780
			    0.0550    -0.0780    0.1238
		A:
			    0.2865    -0.2323    0.9295
			    -0.0059    0.4815    -0.8764
			    -0.0019    0.8745    -0.4850
			    -0.6665    0.5229    0.5313
			    -0.2372    0.0119    -0.9714
			    -0.6878    0.1254    -0.7150
		b:
			    289.8635
			    -120.2958
			    106.4953
			    120.0820
			    -346.4088
			    -366.2476
	==================================================================================
	Q6:
		Shape: Ellipse
		q_c:    288.0000    289.0000    281.0000
		ub :    292.6139    292.1545    285.0124
		lb :    283.3861    285.8455    276.9876
		P^-1: 
			    0.0692    -0.0096    0.0294
			    -0.0096    0.2119    -0.0434
			    0.0294    -0.0434    0.1914


===========================================================================================
===========================================================================================
S6:
	q_c:    442.0000    268.0000    313.5000
	ub :    461.0000    277.0000    324.0000
	lb :    423.0000    259.0000    303.0000

	==================================================================================
	Q1:
		Shape: Hybrid
		q_c:    449.5000    268.0000    321.0000
		ub :    452.5209    271.0088    323.7476
		lb :    446.4791    264.9912    318.2524
		P^-1: 
			    0.3646    0.1173    0.0308
			    0.1173    0.2319    0.0386
			    0.0308    0.0386    0.2579
		A:
			    0.2137    -0.0416    0.9760
			    0.0097    0.9367    -0.3500
			    -0.5536    0.1050    -0.8261
			    -0.9729    0.0048    -0.2311
			    0.5132    0.7032    -0.4921
			    -0.6058    -0.7435    0.2833
		b:
			    399.4391
			    144.6094
			    -484.6618
			    -509.1579
			    262.3631
			    -379.5485
	==================================================================================
	Q2:
		Shape: Polyhedra
		q_c:    439.5000    278.5000    314.0000
		ub :    444.7471    283.0808    318.8932
		lb :    434.2529    273.9192    309.1068
		A:
			    -0.6285    -0.1909    -0.7540
			    0.7292    -0.6763    0.1045
			    0.7851    0.1494    -0.6010
			    0.3913    -0.5381    -0.7466
			    0.1852    0.7054    -0.6842
			    -0.4135    -0.9028    0.1182
			    0.7117    0.1146    0.6931
			    -0.6067    -0.3971    0.6886
			    0.3541    -0.9106    -0.2131
			    -0.7117    -0.1146    -0.6931
			    0.6067    0.3971    -0.6886
			    -0.3541    0.9106    0.2131
		b:
			    -562.6585
			    168.4599
			    200.5651
			    -209.0803
			    65.8003
			    -393.0056
			    565.8207
			    -158.5279
			    -161.3757
			    -558.8207
			    163.5279
			    168.3757
	==================================================================================
	Q3:
		Shape: Ellipse
		q_c:    441.5000    270.0000    321.0000
		ub :    447.8231    275.6153    328.3790
		lb :    435.1769    264.3847    313.6210
		P^-1: 
			    0.1130    -0.0383    0.0458
			    -0.0383    0.0992    -0.0043
			    0.0458    -0.0043    0.0572
	==================================================================================
	Q4:
		Shape: Polyhedra
		q_c:    446.5000    260.0000    315.5000
		ub :    451.8203    264.5854    321.2524
		lb :    441.1797    255.4146    309.7476
		A:
			    -0.3049    -0.9522    0.0205
			    -0.6090    0.5551    -0.5666
			    -0.8842    0.3898    0.2575
			    -0.6889    0.2526    0.6794
			    -0.0193    -0.9004    0.4346
			    -0.8327    -0.2845    -0.4750
			    0.9041    0.3582    0.2329
			    -0.2069    -0.1101    0.9722
			    0.3738    -0.9272    -0.0254
			    -0.9041    -0.3582    -0.2329
			    0.2069    0.1101    -0.9722
			    -0.3738    0.9272    0.0254
		b:
			    -373.9442
			    -302.6639
			    -208.6354
			    -23.1879
			    -101.8901
			    -592.0308
			    573.8119
			    190.7282
			    -79.1700
			    -566.8119
			    -180.7282
			    85.1700
	==================================================================================
	Q5:
		Shape: Hybrid
		q_c:    445.5000    266.0000    306.5000
		ub :    451.8026    272.6464    312.8666
		lb :    439.1974    259.3536    300.1334
		P^-1: 
			    0.0667    -0.0032    0.0103
			    -0.0032    0.0443    0.0095
			    0.0103    0.0095    0.0731
		A:
			    0.2991    0.4475    -0.8428
			    0.7479    -0.6603    0.0679
			    -0.8670    -0.2627    -0.4235
			    -0.5047    -0.6822    0.5290
			    -0.9597    -0.2809    0.0080
			    0.8869    0.4152    0.2024
		b:
			    -3.2905
			    180.7622
			    -583.9110
			    -241.0588
			    -497.4372
			    569.9347
	==================================================================================
	Q6:
		Shape: Hybrid
		q_c:    447.5000    266.0000    320.5000
		ub :    455.9014    273.8383    327.5079
		lb :    439.0986    258.1617    313.4921
		P^-1: 
			    0.0439    0.0008    -0.0125
			    0.0008    0.0396    -0.0063
			    -0.0125    -0.0063    0.0520
		A:
			    -0.4292    0.2093    0.8786
			    0.7550    0.6250    -0.1984
			    -0.9388    -0.2882    0.1887
			    0.3002    0.7413    -0.6003
			    0.9165    -0.2661    -0.2988
			    0.7050    -0.2406    -0.6671
		b:
			    147.4762
			    443.2815
			    -433.5663
			    141.5263
			    246.1933
			    39.9757


===========================================================================================
===========================================================================================
S7:
	q_c:    113.0000    20.0000    224.5000
	ub :    130.0000    35.0000    243.0000
	lb :    96.0000    5.0000    206.0000

	==================================================================================
	Q1:
		Shape: Hybrid
		q_c:    109.5000    5.5000    212.0000
		ub :    117.5089    14.7671    220.1116
		lb :    101.4911    -3.7671    203.8884
		P^-1: 
			    0.0326    -0.0002    -0.0042
			    -0.0002    0.0354    -0.0120
			    -0.0042    -0.0120    0.0381
		A:
			    0.3998    -0.8463    -0.3519
			    -0.5077    -0.3034    -0.8064
			    0.2314    -0.9377    -0.2591
			    0.5460    0.6766    -0.4941
			    -0.4487    -0.4521    0.7709
			    -0.1641    -0.1529    -0.9745
		b:
			    -31.7792
			    -224.2162
			    -31.0523
			    -38.6806
			    114.1815
			    -221.7956
	==================================================================================
	Q2:
		Shape: Hybrid
		q_c:    114.0000    6.5000    216.5000
		ub :    118.3760    10.1651    222.3419
		lb :    109.6240    2.8349    210.6581
		P^-1: 
			    1.5623    -1.8925    0.0535
			    -1.8925    2.5240    -0.1213
			    0.0535    -0.1213    0.0648
		A:
			    -0.5241    0.8254    -0.2098
			    0.7688    -0.6392    0.0193
			    -0.4604    -0.8653    0.1981
			    0.6058    -0.7900    0.0938
			    0.7936    -0.6049    -0.0650
			    -0.5867    0.7952    0.1530
		b:
			    -99.1908
			    88.3405
			    -12.4283
			    84.5527
			    73.2003
			    -27.8300
	==================================================================================
	Q3:
		Shape: Hybrid
		q_c:    103.0000    22.5000    229.0000
		ub :    108.7106    29.7751    237.2191
		lb :    97.2894    15.2249    220.7809
		P^-1: 
			    0.2664    -0.2017    -0.0430
			    -0.2017    0.1975    0.0379
			    -0.0430    0.0379    0.0321
		A:
			    -0.1003    0.6212    -0.7772
			    -0.7557    0.6545    -0.0255
			    0.6743    -0.7361    -0.0585
			    -0.5662    -0.7704    0.2930
			    0.9185    -0.2038    -0.3388
			    0.8215    0.1308    0.5550
		b:
			    -169.0123
			    -67.8694
			    40.5021
			    -3.1244
			    15.0249
			    219.3577
	==================================================================================
	Q4:
		Shape: Polyhedra
		q_c:    127.5000    9.0000    225.0000
		ub :    135.3192    15.4245    233.1110
		lb :    119.6808    2.5755    216.8890
		A:
			    0.7824    0.6086    0.1321
			    -0.3054    0.5336    0.7887
			    -0.2281    0.9242    0.3064
			    -0.4806    0.8767    0.0228
			    0.0029    0.4303    0.9027
			    0.2161    0.4077    0.8872
			    0.7416    0.1376    0.6566
			    -0.5669    -0.3948    0.7230
			    0.3587    -0.9084    -0.2148
			    -0.7416    -0.1376    -0.6566
			    0.5669    0.3948    -0.7230
			    -0.3587    0.9084    0.2148
		b:
			    139.9576
			    148.0746
			    51.6713
			    -44.7428
			    211.9085
			    234.9567
			    247.0221
			    93.8509
			    -7.2774
			    -240.0221
			    -79.8509
			    14.2774
	==================================================================================
	Q5:
		Shape: Ellipse
		q_c:    101.5000    31.0000    213.0000
		ub :    112.2931    40.1656    218.2290
		lb :    90.7069    21.8344    207.7710
		P^-1: 
			    0.0640    0.0936    0.0896
			    0.0936    0.1765    0.1759
			    0.0896    0.1759    0.2633
	==================================================================================
	Q6:
		Shape: Ellipse
		q_c:    126.0000    16.0000    216.5000
		ub :    137.3633    24.1345    227.8208
		lb :    114.6367    7.8655    205.1792
		P^-1: 
			    0.0359    0.0386    0.0120
			    0.0386    0.0867    0.0141
			    0.0120    0.0141    0.0213


===========================================================================================
===========================================================================================
S8:
	q_c:    350.0000    414.5000    184.5000
	ub :    376.0000    443.0000    200.0000
	lb :    324.0000    386.0000    169.0000

	==================================================================================
	Q1:
		Shape: Ellipse
		q_c:    355.5000    414.5000    182.0000
		ub :    367.2069    426.4769    195.3084
		lb :    343.7931    402.5231    168.6916
		P^-1: 
			    0.0213    -0.0011    0.0038
			    -0.0011    0.0148    0.0025
			    0.0038    0.0025    0.0177
	==================================================================================
	Q2:
		Shape: Polyhedra
		q_c:    342.0000    401.5000    170.5000
		ub :    350.1172    409.4889    177.0910
		lb :    333.8828    393.5111    163.9090
		A:
			    -0.4400    0.3058    -0.8443
			    -0.1721    0.0787    0.9819
			    0.6540    0.2742    -0.7051
			    -0.3554    0.4589    -0.8143
			    -0.1176    -0.0838    -0.9895
			    -0.8914    0.4147    -0.1830
			    0.8089    0.5626    0.1705
			    0.3280    -0.6726    0.6633
			    0.4879    -0.4806    -0.7287
			    -0.8089    -0.5626    -0.1705
			    -0.3280    0.6726    -0.6633
			    -0.4879    0.4806    0.7287
		b:
			    -167.3818
			    144.1775
			    218.2544
			    -72.0954
			    -238.3391
			    -164.9287
			    537.6270
			    -40.7879
			    -146.3437
			    -525.6270
			    48.7879
			    154.3437
	==================================================================================
	Q3:
		Shape: Hybrid
		q_c:    358.5000    418.5000    174.5000
		ub :    367.5397    427.3638    184.0187
		lb :    349.4603    409.6362    164.9813
		P^-1: 
			    0.0731    0.0722    0.0081
			    0.0722    0.0983    0.0089
			    0.0081    0.0089    0.0165
		A:
			    -0.1707    0.6362    0.7524
			    -0.0708    -0.4101    -0.9093
			    -0.5201    -0.8541    0.0000
			    -0.7889    -0.6039    0.1137
			    0.6188    0.7437    0.2531
			    0.7693    0.5570    0.3128
		b:
			    342.8395
			    -349.4950
			    -542.2682
			    -513.4987
			    578.7992
			    565.8789
	==================================================================================
	Q4:
		Shape: Hybrid
		q_c:    345.0000    430.0000    180.5000
		ub :    353.7947    441.7572    192.4395
		lb :    336.2053    418.2428    168.5605
		P^-1: 
			    0.0354    0.0056    -0.0081
			    0.0056    0.0183    0.0012
			    -0.0081    0.0012    0.0205
		A:
			    -0.3638    -0.2330    0.9019
			    0.1012    0.9877    -0.1193
			    -0.4017    -0.9123    -0.0802
			    0.7785    -0.5449    -0.3115
			    0.9037    0.4097    -0.1246
			    0.5320    0.1500    -0.8333
		b:
			    -58.7519
			    443.1534
			    -541.0405
			    -17.9252
			    468.1817
			    101.1938
	==================================================================================
	Q5:
		Shape: Hybrid
		q_c:    365.5000    403.0000    198.0000
		ub :    371.8831    413.3231    204.6047
		lb :    359.1169    392.6769    191.3953
		P^-1: 
			    0.0477    -0.0069    -0.0036
			    -0.0069    0.0394    -0.0567
			    -0.0036    -0.0567    0.1333
		A:
			    0.5960    0.5028    -0.6260
			    0.4594    0.4513    -0.7650
			    -0.1867    -0.3945    0.8997
			    0.0327    0.3394    -0.9401
			    -0.3550    0.0889    -0.9306
			    -0.2249    -0.6070    0.7623
		b:
			    299.5519
			    200.4424
			    -47.7406
			    -36.0357
			    -274.9834
			    -173.5653
	==================================================================================
	Q6:
		Shape: Polyhedra
		q_c:    350.0000    402.0000    184.0000
		ub :    359.5419    411.2109    191.3099
		lb :    340.4581    392.7891    176.6901
		A:
			    -0.2731    0.0600    -0.9601
			    -0.4382    -0.0511    0.8974
			    0.1951    -0.5976    0.7777
			    -0.4411    0.5214    -0.7305
			    -0.8467    -0.5313    0.0291
			    -0.1682    -0.9566    -0.2382
			    0.5045    0.3987    0.7659
			    -0.7758    0.5987    0.1994
			    -0.3790    -0.6948    0.6113
			    -0.5045    -0.3987    -0.7659
			    0.7758    -0.5987    -0.1994
			    0.3790    0.6948    -0.6113
		b:
			    -243.9566
			    -3.4654
			    -23.9470
			    -73.8994
			    -499.7898
			    -482.0093
			    481.7575
			    13.3238
			    -294.9559
			    -473.7575
			    1.6762
			    303.9559


===========================================================================================
===========================================================================================
S9:
	q_c:    479.5000    128.0000    427.5000
	ub :    497.0000    150.0000    454.0000
	lb :    462.0000    106.0000    401.0000

	==================================================================================
	Q1:
		Shape: Polyhedra
		q_c:    485.5000    125.5000    427.5000
		ub :    493.2328    131.7050    434.7245
		lb :    477.7672    119.2950    420.2755
		A:
			    -0.6517    0.7475    -0.1286
			    0.1711    -0.8499    0.4985
			    0.2146    -0.0559    -0.9751
			    -0.3355    -0.8534    0.3989
			    0.9244    -0.3783    -0.0479
			    -0.9239    -0.1079    0.3670
			    0.7048    0.4247    0.5682
			    -0.6313    0.0101    0.7755
			    0.3236    -0.9053    0.2753
			    -0.7048    -0.4247    -0.5682
			    0.6313    -0.0101    -0.7755
			    -0.3236    0.9053    -0.2753
		b:
			    -273.5127
			    193.4883
			    -315.5860
			    -95.2301
			    385.1900
			    -300.9952
			    644.3906
			    29.8051
			    165.1899
			    -632.3906
			    -22.8051
			    -157.1899
	==================================================================================
	Q2:
		Shape: Polyhedra
		q_c:    467.0000    113.0000    419.0000
		ub :    475.0405    121.1399    425.3271
		lb :    458.9595    104.8601    412.6729
		A:
			    0.7777    0.6262    -0.0556
			    -0.0924    0.8740    0.4771
			    -0.1602    0.9870    -0.0121
			    -0.3326    0.5841    0.7404
			    0.9131    0.1637    -0.3734
			    -0.3148    0.2720    0.9093
			    0.4194    0.5842    0.6948
			    0.4724    0.5132    -0.7166
			    -0.7752    0.6288    -0.0607
			    -0.4194    -0.5842    -0.6948
			    -0.4724    -0.5132    0.7166
			    0.7752    -0.6288    0.0607
		b:
			    414.9426
			    260.3932
			    36.6748
			    225.7216
			    293.0418
			    269.1673
			    557.5198
			    -17.6699
			    -310.9150
			    -548.5198
			    25.6699
			    321.9150
	==================================================================================
	Q3:
		Shape: Polyhedra
		q_c:    476.5000    112.5000    428.5000
		ub :    484.7105    121.2900    436.0984
		lb :    468.2895    103.7100    420.9016
		A:
			    0.1832    -0.2202    0.9581
			    -0.3194    -0.0300    -0.9472
			    -0.0330    0.6514    0.7580
			    0.2758    0.9191    -0.2815
			    0.8788    -0.1717    0.4452
			    0.6224    -0.2113    0.7536
			    0.8153    0.5661    0.1217
			    0.5233    -0.6304    -0.5734
			    -0.2479    0.5312    -0.8102
			    -0.8153    -0.5661    -0.1217
			    -0.5233    0.6304    0.5734
			    0.2479    -0.5312    0.8102
		b:
			    478.8785
			    -555.7300
			    386.6506
			    120.0562
			    596.0089
			    601.7327
			    510.3399
			    -63.7505
			    -399.5112
			    -498.3399
			    70.7505
			    411.5112
	==================================================================================
	Q4:
		Shape: Polyhedra
		q_c:    493.0000    113.5000    425.5000
		ub :    498.9103    120.9742    430.7878
		lb :    487.0897    106.0258    420.2122
		A:
			    0.9929    0.0439    0.1102
			    -0.0695    -0.6268    0.7761
			    0.2607    0.0625    -0.9634
			    0.8047    0.3669    -0.4667
			    0.3237    0.5812    0.7466
			    -0.5965    0.2308    -0.7687
			    0.7278    0.1011    0.6783
			    -0.2323    0.9670    0.1051
			    -0.6452    -0.2340    0.7273
			    -0.7278    -0.1011    -0.6783
			    0.2323    -0.9670    -0.1051
			    0.6452    0.2340    -0.7273
		b:
			    544.6407
			    229.3958
			    -270.5493
			    243.6933
			    547.4864
			    -591.8698
			    661.3985
			    46.4423
			    -31.1974
			    -656.3985
			    -33.4423
			    39.1974
	==================================================================================
	Q5:
		Shape: Polyhedra
		q_c:    472.0000    118.5000    434.0000
		ub :    476.2092    123.9858    439.1975
		lb :    467.7908    113.0142    428.8025
		A:
			    -0.8456    -0.0636    0.5301
			    -0.3703    -0.0015    0.9289
			    -0.6620    0.7434    0.0952
			    -0.7078    0.4220    0.5665
			    -0.9148    -0.3327    0.2292
			    -0.8013    0.5395    -0.2583
			    0.6255    0.6804    0.3818
			    -0.7775    0.5845    0.2322
			    -0.0652    -0.4421    0.8946
			    -0.6255    -0.6804    -0.3818
			    0.7775    -0.5845    -0.2322
			    0.0652    0.4421    -0.8946
		b:
			    -173.7909
			    231.3166
			    -181.3588
			    -36.3290
			    -368.1095
			    -424.1860
			    546.0772
			    -195.4410
			    308.6075
			    -537.0772
			    198.4410
			    -301.6075
	==================================================================================
	Q6:
		Shape: Ellipse
		q_c:    477.0000    116.0000    442.5000
		ub :    485.4158    121.0168    447.7082
		lb :    468.5842    110.9832    437.2918
		P^-1: 
			    0.0254    -0.0058    -0.0244
			    -0.0058    0.0619    0.0006
			    -0.0244    0.0006    0.1040


===========================================================================================
===========================================================================================
S10:
	q_c:    176.0000    125.0000    138.5000
	ub :    200.0000    141.0000    142.0000
	lb :    152.0000    109.0000    135.0000

	==================================================================================
	Q1:
		Shape: Hybrid
		q_c:    179.5000    124.0000    139.5000
		ub :    183.0581    127.1110    141.9661
		lb :    175.9419    120.8890    137.0339
		P^-1: 
			    0.2996    0.0054    -0.3610
			    0.0054    0.1577    0.0125
			    -0.3610    0.0125    0.8138
		A:
			    0.3294    0.0660    -0.9419
			    -0.2709    0.5111    0.8157
			    0.2289    0.5863    0.7771
			    -0.3659    0.9238    0.1126
			    -0.1054    0.9176    -0.3833
			    -0.7674    -0.4505    0.4562
		b:
			    -63.5029
			    129.5897
			    223.9034
			    66.6120
			    43.4276
			    -128.5607
	==================================================================================
	Q2:
		Shape: Ellipse
		q_c:    173.5000    127.5000    136.0000
		ub :    175.4256    130.5324    138.9370
		lb :    171.5744    124.4676    133.0630
		P^-1: 
			    0.4354    -0.0370    -0.0333
			    -0.0370    0.2925    -0.1370
			    -0.0333    -0.1370    0.3209
	==================================================================================
	Q3:
		Shape: Polyhedra
		q_c:    175.5000    123.0000    141.0000
		ub :    180.0221    126.9877    145.2635
		lb :    170.9779    119.0123    136.7365
		A:
			    -0.8207    0.5650    -0.0845
			    0.0948    0.1128    0.9891
			    -0.2964    -0.8662    0.4023
			    0.7049    -0.6738    -0.2216
			    0.2199    0.9252    -0.3093
			    -0.2476    0.8264    0.5058
			    0.7231    0.4496    0.5244
			    -0.6232    0.0971    0.7760
			    0.2980    -0.8879    0.3504
			    -0.7231    -0.4496    -0.5244
