3D_30_20_6_d                l = 3

===========================================================================================
===========================================================================================
S1:
	q_c:    306.5000    363.5000    268.5000
	ub :    328.0000    374.0000    288.0000
	lb :    285.0000    353.0000    249.0000

	==================================================================================
	Q1:
		Shape: Hybrid
		q_c:    307.5000    370.0000    275.0000
		ub :    312.7699    375.4722    278.6731
		lb :    302.2301    364.5278    271.3269
		P^-1: 
			    0.1401    0.0732    0.0237
			    0.0732    0.1120    0.0421
			    0.0237    0.0421    0.2073
		A:
			    -0.8171    -0.5187    -0.2518
			    0.8244    0.5625    0.0633
			    -0.9448    -0.2482    -0.2137
			    -0.2711    0.3265    -0.9055
			    0.5213    -0.3261    -0.7886
			    -0.6670    -0.6562    0.3529
		b:
			    -511.1784
			    480.2860
			    -439.4413
			    -209.5267
			    -175.2191
			    -349.3184
	==================================================================================
	Q2:
		Shape: Ellipse
		q_c:    308.5000    372.0000    265.0000
		ub :    310.5186    374.4826    267.9241
		lb :    306.4814    369.5174    262.0759
		P^-1: 
			    0.6462    -0.6769    0.4989
			    -0.6769    2.2713    -1.8077
			    0.4989    -1.8077    1.6381
	==================================================================================
	Q3:
		Shape: Hybrid
		q_c:    300.0000    365.0000    270.5000
		ub :    304.0689    370.3052    274.2735
		lb :    295.9311    359.6948    266.7265
		P^-1: 
			    0.2952    0.0990    0.1189
			    0.0990    0.0851    0.0797
			    0.1189    0.0797    0.2642
		A:
			    0.8795    0.1974    0.4331
			    -0.2950    -0.1401    -0.9452
			    -0.3267    -0.0773    -0.9419
			    0.0744    -0.0771    0.9942
			    0.0067    -0.0790    -0.9969
			    -0.8488    0.1384    -0.5102
		b:
			    454.0045
			    -394.1027
			    -379.7636
			    264.8352
			    -295.0253
			    -340.2077
	==================================================================================
	Q4:
		Shape: Hybrid
		q_c:    309.5000    359.5000    275.5000
		ub :    313.4344    362.9850    279.1581
		lb :    305.5656    356.0150    271.8419
		P^-1: 
			    0.1746    0.0051    -0.0690
			    0.0051    0.1115    -0.0055
			    -0.0690    -0.0055    0.1861
		A:
			    -0.1556    -0.9565    -0.2467
			    0.0203    0.1467    -0.9890
			    0.4373    -0.8939    0.0981
			    -0.3788    -0.0968    -0.9204
			    0.6120    0.2814    -0.7391
			    0.6004    -0.5784    -0.5523
		b:
			    -457.9968
			    -211.9550
			    -157.0143
			    -403.7496
			    88.0208
			    -172.8020
	==================================================================================
	Q5:
		Shape: Hybrid
		q_c:    301.5000    363.0000    269.5000
		ub :    307.8851    366.9007    275.5127
		lb :    295.1149    359.0993    263.4873
		P^-1: 
			    0.0554    -0.0084    0.0065
			    -0.0084    0.1098    -0.0011
			    0.0065    -0.0011    0.0579
		A:
			    -0.3935    0.8546    -0.3390
			    -0.2337    -0.8953    0.3792
			    0.2475    -0.8625    -0.4415
			    -0.5821    -0.5177    0.6270
			    -0.2415    0.8111    -0.5328
			    -0.6977    -0.6055    0.3829
		b:
			    101.8900
			    -291.3331
			    -355.5728
			    -191.6984
			    79.8481
			    -324.3182
	==================================================================================
	Q6:
		Shape: Hybrid
		q_c:    302.0000    358.5000    276.0000
		ub :    305.2539    361.4245    279.4894
		lb :    298.7461    355.5755    272.5106
		P^-1: 
			    0.2408    0.0637    -0.0007
			    0.0637    0.3382    0.1210
			    -0.0007    0.1210    0.2755
		A:
			    0.0024    -0.6763    -0.7367
			    -0.9707    0.0529    -0.2346
			    -0.3784    0.5854    0.7171
			    -0.2499    0.7829    -0.5697
			    -0.1393    0.8013    -0.5818
			    -0.3425    -0.6267    -0.6999
		b:
			    -444.2328
			    -337.4948
			    294.4577
			    49.6732
			    86.2639
			    -520.4805


===========================================================================================
===========================================================================================
S2:
	q_c:    245.5000    78.0000    166.0000
	ub :    270.0000    98.0000    179.0000
	lb :    221.0000    58.0000    153.0000

	==================================================================================
	Q1:
		Shape: Ellipse
		q_c:    250.5000    76.0000    157.5000
		ub :    253.0725    78.3747    162.1154
		lb :    247.9275    73.6253    152.8846
		P^-1: 
			    0.4093    -0.3014    0.0659
			    -0.3014    0.8204    -0.1208
			    0.0659    -0.1208    0.0697
	==================================================================================
	Q2:
		Shape: Hybrid
		q_c:    257.5000    77.0000    164.0000
		ub :    265.0224    84.9642    171.3007
		lb :    249.9776    69.0358    156.6993
		P^-1: 
			    0.0566    0.0076    -0.0106
			    0.0076    0.0527    0.0137
			    -0.0106    0.0137    0.0435
		A:
			    0.9705    -0.1029    -0.2179
			    0.7381    0.5424    0.4013
			    0.9371    -0.1770    -0.3007
			    -0.7799    -0.3867    0.4921
			    -0.0437    0.6819    0.7301
			    0.0929    -0.6126    -0.7849
		b:
			    208.4497
			    299.8704
			    180.5335
			    -147.7452
			    163.0723
			    -149.8530
	==================================================================================
	Q3:
		Shape: Ellipse
		q_c:    245.0000    85.0000    164.5000
		ub :    249.9763    91.5775    171.6854
		lb :    240.0237    78.4225    157.3146
		P^-1: 
			    0.1047    0.0087    -0.0179
			    0.0087    0.0491    -0.0079
			    -0.0179    -0.0079    0.0398
	==================================================================================
	Q4:
		Shape: Polyhedra
		q_c:    242.0000    89.5000    168.5000
		ub :    248.7864    96.4978    174.6799
		lb :    235.2136    82.5022    162.3201
		A:
			    0.4104    0.8442    0.3449
			    -0.5459    -0.7059    0.4513
			    0.7551    0.5273    -0.3895
			    0.3540    -0.1291    0.9263
			    -0.6107    -0.3591    -0.7058
			    -0.7091    -0.4192    -0.5670
			    0.2666    0.6445    0.7166
			    -0.9544    0.2801    0.1032
			    -0.1342    -0.7115    0.6898
			    -0.2666    -0.6445    -0.7166
			    0.9544    -0.2801    -0.1032
			    0.1342    0.7115    -0.6898
		b:
			    236.6997
			    -114.6570
			    169.1477
			    234.3616
			    -294.9213
			    -300.5606
			    246.4608
			    -183.0037
			    24.5718
			    -239.4608
			    194.0037
			    -15.5718
	==================================================================================
	Q5:
		Shape: Ellipse
		q_c:    252.0000    78.0000    170.0000
		ub :    256.5895    81.8963    174.0894
		lb :    247.4105    74.1037    165.9106
		P^-1: 
			    0.0818    -0.0409    0.0391
			    -0.0409    0.2075    -0.0338
			    0.0391    -0.0338    0.1832
	==================================================================================
	Q6:
		Shape: Ellipse
		q_c:    237.5000    89.0000    162.5000
		ub :    242.8243    94.7463    166.4228
		lb :    232.1757    83.2537    158.5772
		P^-1: 
			    0.1866    0.1076    -0.1216
			    0.1076    0.1244    -0.1172
			    -0.1216    -0.1172    0.2845


===========================================================================================
===========================================================================================
S3:
	q_c:    56.0000    26.5000    322.0000
	ub :    79.0000    34.0000    341.0000
	lb :    33.0000    19.0000    303.0000

	==================================================================================
	Q1:
		Shape: Ellipse
		q_c:    53.0000    25.5000    328.0000
		ub :    56.3482    29.5435    331.0007
		lb :    49.6518    21.4565    324.9993
		P^-1: 
			    0.2277    0.0465    -0.0207
			    0.0465    0.1526    0.0433
			    -0.0207    0.0433    0.2307
	==================================================================================
	Q2:
		Shape: Hybrid
		q_c:    59.5000    24.0000    325.5000
		ub :    63.5422    28.0571    329.6439
		lb :    55.4578    19.9429    321.3561
		P^-1: 
			    0.1573    0.0026    0.0139
			    0.0026    0.1574    -0.0137
			    0.0139    -0.0137    0.0869
		A:
			    -0.9141    -0.1238    0.3860
			    0.8714    -0.4900    0.0220
			    0.5763    0.5536    0.6012
			    0.3639    -0.5821    0.7272
			    -0.1559    0.8694    -0.4688
			    0.0880    -0.4410    -0.8932
		b:
			    69.8439
			    48.5602
			    244.8783
			    245.9470
			    -139.6685
			    -293.8996
	==================================================================================
	Q3:
		Shape: Polyhedra
		q_c:    50.5000    22.5000    323.0000
		ub :    54.7741    26.3139    326.8322
		lb :    46.2259    18.6861    319.1678
		A:
			    -0.6176    -0.2654    0.7404
			    0.3266    -0.3316    -0.8851
			    -0.8095    0.3460    0.4743
			    0.1866    -0.3121    -0.9315
			    0.1731    0.9847    0.0216
			    -0.0792    -0.9266    0.3676
			    0.8610    0.3375    0.3804
			    0.4884    -0.7574    -0.4334
			    0.1419    0.5589    -0.8170
			    -0.8610    -0.3375    -0.3804
			    -0.4884    0.7574    0.4334
			    -0.1419    -0.5589    0.8170
		b:
			    204.2173
			    -274.7996
			    122.4020
			    -296.3078
			    40.3267
			    96.0116
			    177.4544
			    -130.3607
			    -242.1434
			    -170.4544
			    134.3607
			    246.1434
	==================================================================================
	Q4:
		Shape: Polyhedra
		q_c:    56.0000    25.5000    321.0000
		ub :    60.0352    30.3311    325.7452
		lb :    51.9648    20.6689    316.2548
		A:
			    -0.4315    -0.5333    0.7276
			    0.8143    0.5485    -0.1902
			    0.3004    0.9208    0.2490
			    -0.8947    0.2604    -0.3629
			    -0.6024    -0.0729    -0.7949
			    -0.4058    0.0410    -0.9130
			    0.9437    0.2607    0.2034
			    0.0806    -0.7779    0.6232
			    0.3207    -0.5717    -0.7552
			    -0.9437    -0.2607    -0.2034
			    -0.0806    0.7779    -0.6232
			    -0.3207    0.5717    0.7552
		b:
			    198.7951
			    1.5296
			    123.2245
			    -156.9525
			    -287.7504
			    -311.7643
			    127.7873
			    187.7168
			    -236.0295
			    -121.7873
			    -181.7168
			    242.0295
	==================================================================================
	Q5:
		Shape: Polyhedra
		q_c:    54.0000    21.5000    323.0000
		ub :    58.6634    24.4159    326.7508
		lb :    49.3366    18.5841    319.2492
		A:
			    0.2318    0.9688    -0.0872
			    -0.3353    0.9032    -0.2679
			    0.4140    -0.9093    0.0421
			    -0.2649    0.2665    -0.9267
			    0.9727    0.0856    0.2158
			    0.6493    0.0228    0.7602
			    0.1851    0.8877    0.4216
			    0.9526    -0.0567    -0.2988
			    -0.2414    0.4570    -0.8561
			    -0.1851    -0.8877    -0.4216
			    -0.9526    0.0567    0.2988
			    0.2414    -0.4570    0.8561
		b:
			    7.2911
			    -82.9882
			    18.9167
			    -305.9094
			    127.6375
			    283.5101
			    167.2642
			    -42.2958
			    -277.7350
			    -163.2642
			    50.2958
			    281.7350
	==================================================================================
	Q6:
		Shape: Polyhedra
		q_c:    51.5000    31.5000    320.0000
		ub :    54.3916    34.2419    322.8609
		lb :    48.6084    28.7581    317.1391
		A:
			    0.9753    0.1307    0.1783
			    -0.4567    0.1014    -0.8838
			    0.6281    -0.7723    -0.0955
			    -0.9434    0.2614    0.2040
			    0.0771    0.7861    0.6133
			    -0.0414    0.8816    -0.4703
			    0.5462    0.7787    0.3086
			    0.7396    -0.6213    0.2588
			    0.3932    0.0869    -0.9153
			    -0.5462    -0.7787    -0.3086
			    -0.7396    0.6213    -0.2588
			    -0.3932    -0.0869    0.9153
		b:
			    113.2991
			    -301.3446
			    -21.2654
			    26.4178
			    227.2964
			    -123.0780
			    153.9105
			    102.3219
			    -267.9134
			    -148.9105
			    -100.3219
			    271.9134


===========================================================================================
===========================================================================================
S4:
	q_c:    457.5000    153.5000    80.5000
	ub :    475.0000    179.0000    97.0000
	lb :    440.0000    128.0000    64.0000

	==================================================================================
	Q1:
		Shape: Polyhedra
		q_c:    461.5000    159.5000    93.0000
		ub :    469.8430    167.1736    101.1623
		lb :    453.1570    151.8264    84.8377
		A:
			    -0.4343    0.1188    -0.8929
			    -0.1420    0.8488    0.5093
			    0.8302    0.4623    -0.3115
			    0.2339    -0.9555    -0.1798
			    0.2826    0.0691    -0.9568
			    -0.4641    0.8787    0.1116
			    0.6693    0.4158    0.6158
			    -0.3335    -0.5725    0.7490
			    0.6639    -0.7067    -0.2445
			    -0.6693    -0.4158    -0.6158
			    0.3335    0.5725    -0.7490
			    -0.6639    0.7067    0.2445
		b:
			    -258.4887
			    122.1248
			    433.0034
			    -57.0517
			    56.9304
			    -60.0207
			    439.4610
			    -171.5777
			    174.4427
			    -425.4610
			    179.5777
			    -167.4427
	==================================================================================
	Q2:
		Shape: Polyhedra
		q_c:    468.5000    146.0000    77.5000
		ub :    477.9813    154.7363    88.3208
		lb :    459.0187    137.2637    66.6792
		A:
			    -0.1976    0.9355    -0.2929
			    -0.3682    -0.5756    -0.7302
			    -0.8390    -0.1740    0.5155
			    0.3795    0.4108    -0.8290
			    -0.7633    -0.6162    0.1943
			    -0.8111    0.5586    -0.1732
			    0.3275    0.4857    0.8105
			    -0.9241    -0.0142    0.3819
			    0.1970    -0.8740    0.4441
			    -0.3275    -0.4857    -0.8105
			    0.9241    0.0142    -0.3819
			    -0.1970    0.8740    -0.4441
		b:
			    27.3478
			    -306.1304
			    -372.0639
			    179.8958
			    -426.0231
			    -305.6319
			    294.1596
			    -398.9048
			    5.1229
			    -280.1596
			    411.9048
			    6.8771
	==================================================================================
	Q3:
		Shape: Ellipse
		q_c:    461.0000    172.0000    75.0000
		ub :    469.9057    179.4325    83.4744
		lb :    452.0943    164.5675    66.5256
		P^-1: 
			    0.0361    -0.0062    0.0013
			    -0.0062    0.0458    -0.0027
			    0.0013    -0.0027    0.0336
	==================================================================================
	Q4:
		Shape: Hybrid
		q_c:    473.5000    165.5000    94.0000
		ub :    482.9601    174.0043    101.5555
		lb :    464.0399    156.9957    86.4445
		P^-1: 
			    0.0204    0.0065    -0.0028
			    0.0065    0.0378    0.0009
			    -0.0028    0.0009    0.0396
		A:
			    0.0864    -0.9899    -0.1126
			    -0.4756    -0.3007    -0.8267
			    -0.4648    0.2606    0.8462
			    0.8071    0.2474    0.5361
			    -0.7743    -0.6312    0.0455
			    0.2384    -0.1937    -0.9517
		b:
			    -130.5756
			    -349.5353
			    -94.4342
			    477.5225
			    -463.5254
			    -6.0676
	==================================================================================
	Q5:
		Shape: Polyhedra
		q_c:    454.5000    143.5000    86.0000
		ub :    463.4384    152.7144    95.6727
		lb :    445.5616    134.2856    76.3273
		A:
			    0.2328    -0.1550    -0.9601
			    0.3526    0.8793    -0.3202
			    0.7779    -0.6075    0.1610
			    -0.8672    -0.0425    -0.4962
			    -0.7902    0.0925    -0.6058
			    0.5795    0.2346    -0.7805
			    0.1133    0.6487    0.7526
			    -0.8603    -0.3149    0.4009
			    0.4971    -0.6928    0.5224
			    -0.1133    -0.6487    -0.7526
			    0.8603    0.3149    -0.4009
			    -0.4971    0.6928    -0.5224
		b:
			    7.2012
			    264.9799
			    285.2845
			    -437.1481
			    -392.6043
			    236.6216
			    215.2825
			    -394.7112
			    175.9276
			    -203.2825
			    408.7112
			    -166.9276
	==================================================================================
	Q6:
		Shape: Ellipse
		q_c:    456.5000    149.5000    81.5000
		ub :    465.3731    158.5682    88.6280
		lb :    447.6269    140.4318    74.3720
		P^-1: 
			    0.0288    -0.0023    0.0055
			    -0.0023    0.0328    -0.0120
			    0.0055    -0.0120    0.0564


===========================================================================================
===========================================================================================
S5:
	q_c:    405.0000    505.5000    395.5000
	ub :    419.0000    519.0000    408.0000
	lb :    391.0000    492.0000    383.0000

	==================================================================================
	Q1:
		Shape: Hybrid
		q_c:    409.0000    503.0000    389.0000
		ub :    416.6300    510.6164    396.3384
		lb :    401.3700    495.3836    381.6616
		P^-1: 
			    0.0178    0.0003    -0.0001
			    0.0003    0.0367    -0.0106
			    -0.0001    -0.0106    0.0404
		A:
			    -0.7100    -0.6044    -0.3613
			    0.7911    -0.5388    -0.2895
			    0.2449    -0.9149    0.3209
			    0.2493    0.2544    -0.9344
			    0.2153    0.9759    -0.0349
			    0.5568    -0.1226    0.8215
		b:
			    -730.4650
			    -55.3266
			    -232.3372
			    -130.8039
			    568.5766
			    489.2506
	==================================================================================
	Q2:
		Shape: Hybrid
		q_c:    399.0000    500.0000    388.0000
		ub :    406.5108    506.6928    394.2614
		lb :    391.4892    493.3072    381.7386
		P^-1: 
			    0.0338    0.0021    0.0000
			    0.0021    0.0393    0.0001
			    0.0000    0.0001    0.0331
		A:
			    0.4826    -0.7305    0.4833
			    -0.1874    0.8189    0.5425
			    -0.9255    -0.3762    0.0450
			    0.4057    -0.8279    -0.3874
			    -0.5912    0.4629    0.6605
			    -0.8245    0.2545    -0.5054
		b:
			    17.6726
			    547.9106
			    -537.0971
			    -399.5975
			    254.8078
			    -394.8390
	==================================================================================
	Q3:
		Shape: Ellipse
		q_c:    419.0000    501.0000    402.5000
		ub :    426.8084    507.3473    410.2508
		lb :    411.1916    494.6527    394.7492
		P^-1: 
			    0.0519    0.0024    0.0139
			    0.0024    0.0620    -0.0031
			    0.0139    -0.0031    0.0442
	==================================================================================
	Q4:
		Shape: Polyhedra
		q_c:    409.5000    503.0000    398.0000
		ub :    415.1867    508.3315    404.9750
		lb :    403.8133    497.6685    391.0250
		A:
			    -0.6837    0.4136    0.6013
			    0.7812    -0.1628    0.6027
			    -0.7543    -0.4285    0.4974
			    0.2205    -0.9095    0.3524
			    0.2779    0.9463    0.1652
			    -0.2509    -0.7019    -0.6666
			    0.9802    0.0820    0.1803
			    -0.1487    -0.2968    0.9433
			    0.1309    -0.9514    -0.2787
			    -0.9802    -0.0820    -0.1803
			    0.1487    0.2968    -0.9433
			    -0.1309    0.9514    0.2787
		b:
			    171.8414
			    482.6536
			    -321.4301
			    -222.6189
			    659.2687
			    -717.0736
			    518.9149
			    170.7684
			    -532.3796
			    -509.9149
			    -159.7684
			    539.3796
	==================================================================================
	Q5:
		Shape: Ellipse
		q_c:    413.0000    496.5000    386.5000
		ub :    420.7734    503.8669    391.5971
		lb :    405.2266    489.1331    381.4029
		P^-1: 
			    0.0441    0.0212    0.0172
			    0.0212    0.0571    0.0121
			    0.0172    0.0121    0.1002
	==================================================================================
	Q6:
		Shape: Hybrid
		q_c:    399.5000    515.0000    404.5000
		ub :    407.5462    523.1879    411.3026
		lb :    391.4538    506.8121    397.6974
		P^-1: 
			    0.0754    0.0039    -0.0616
			    0.0039    0.0305    -0.0008
			    -0.0616    -0.0008    0.1150
		A:
			    0.9094    -0.2897    -0.2985
			    0.4130    -0.4371    -0.7990
			    0.5837    -0.0850    -0.8075
			    -0.4437    -0.8281    0.3426
			    -0.9085    -0.1190    0.4005
			    -0.9944    0.0687    -0.0803
		b:
			    96.3588
			    -381.1148
			    -135.9437
			    -461.4761
			    -259.9296
			    -390.5007


===========================================================================================
===========================================================================================
S6:
	q_c:    23.0000    300.0000    288.5000
	ub :    41.0000    325.0000    298.0000
	lb :    5.0000    275.0000    279.0000

	==================================================================================
	Q1:
		Shape: Polyhedra
		q_c:    18.0000    297.0000    284.5000
		ub :    23.9220    303.0693    289.8422
		lb :    12.0780    290.9307    279.1578
		A:
			    0.7517    -0.5177    -0.4085
			    -0.3738    -0.9065    -0.1960
			    -0.3553    -0.8118    0.4634
			    -0.8910    0.0493    0.4512
			    -0.0790    0.6679    0.7401
			    -0.9331    0.3516    0.0759
			    0.8469    0.2759    0.4545
			    -0.4863    0.0560    0.8720
			    0.2151    -0.9596    0.1816
			    -0.8469    -0.2759    -0.4545
			    0.4863    -0.0560    -0.8720
			    -0.2151    0.9596    -0.1816
		b:
			    -252.5482
			    -327.1440
			    -111.2495
			    130.3507
			    411.3347
			    113.2851
			    230.4959
			    258.9743
			    -224.4560
			    -222.4959
			    -252.9743
			    234.4560
	==================================================================================
	Q2:
		Shape: Ellipse
		q_c:    20.5000    292.5000    290.0000
		ub :    24.0587    293.6207    293.5559
		lb :    16.9413    291.3793    286.4441
		P^-1: 
			    0.3003    -0.7132    -0.1030
			    -0.7132    3.7840    0.5236
			    -0.1030    0.5236    0.2356
	==================================================================================
	Q3:
		Shape: Hybrid
		q_c:    31.0000    294.0000    290.5000
		ub :    39.5577    302.3165    298.1912
		lb :    22.4423    285.6835    282.8088
		P^-1: 
			    0.0398    0.0082    -0.0129
			    0.0082    0.0373    -0.0020
			    -0.0129    -0.0020    0.0531
		A:
			    0.9810    0.0723    -0.1800
			    -0.3089    0.9506    -0.0289
			    -0.0596    0.7813    -0.6213
			    0.7974    0.0600    -0.6005
			    -0.7861    0.1585    0.5974
			    0.5008    -0.0430    -0.8645
		b:
			    2.3622
			    265.1580
			    50.4966
			    -129.7804
			    198.3379
			    -246.1329
	==================================================================================
	Q4:
		Shape: Hybrid
		q_c:    29.5000    306.0000    292.5000
		ub :    35.2107    312.7274    297.6211
		lb :    23.7893    299.2726    287.3789
		P^-1: 
			    0.4529    0.0042    -0.4722
			    0.0042    0.0441    0.0022
			    -0.4722    0.0022    0.5924
		A:
			    0.8349    0.0212    -0.5500
			    0.7506    -0.1983    -0.6302
			    0.7307    -0.2303    -0.6427
			    -0.6851    0.2642    0.6789
			    -0.7860    0.0292    0.6175
			    0.7108    0.0630    -0.7006
		b:
			    -128.6461
			    -221.7955
			    -235.7617
			    260.3658
			    167.2360
			    -164.0717
	==================================================================================
	Q5:
		Shape: Hybrid
		q_c:    29.0000    298.5000    293.0000
		ub :    35.4124    304.9526    297.7143
		lb :    22.5876    292.0474    288.2857
		P^-1: 
			    0.0816    0.0308    -0.0357
			    0.0308    0.0789    -0.0332
			    -0.0357    -0.0332    0.1114
		A:
			    -0.4894    0.1707    0.8552
			    -0.9316    0.1455    -0.3332
			    0.6579    0.0464    -0.7517
			    0.5768    0.7329    -0.3607
			    0.0925    0.9952    0.0306
			    -0.2608    0.0137    -0.9653
		b:
			    289.3877
			    -78.2118
			    -185.5747
			    131.3973
			    311.3841
			    -283.9383
	==================================================================================
	Q6:
		Shape: Polyhedra
		q_c:    29.5000    305.0000    283.5000
		ub :    33.1415    309.0914    286.0878
		lb :    25.8585    300.9086    280.9122
		A:
			    -0.0185    0.7041    -0.7099
			    0.9612    0.0910    0.2602
			    0.6885    -0.0736    0.7215
			    -0.6514    -0.5708    0.4999
			    -0.3342    0.2015    -0.9207
			    0.0033    -0.4635    -0.8861
			    0.8936    0.4464    0.0479
			    0.0321    -0.1698    0.9849
			    0.4478    -0.8786    -0.1661
			    -0.8936    -0.4464    -0.0479
			    -0.0321    0.1698    -0.9849
			    -0.4478    0.8786    0.1661
		b:
			    15.2842
			    132.4151
			    204.6840
			    -49.2257
			    -207.3663
			    -390.0857
			    178.5777
			    230.3809
			    -298.8382
			    -173.5777
			    -226.3809
			    304.8382


===========================================================================================
===========================================================================================
S7:
	q_c:    83.0000    34.5000    388.5000
	ub :    99.0000    44.0000    402.0000
	lb :    67.0000    25.0000    375.0000

	==================================================================================
	Q1:
		Shape: Polyhedra
		q_c:    86.0000    44.0000    390.0000
		ub :    90.2110    49.5139    394.3163
		lb :    81.7890    38.4861    385.6837
		A:
			    -0.8345    -0.5336    0.1377
			    0.5831    0.2935    0.7576
			    -0.0791    0.7554    0.6505
			    0.9232    0.2154    0.3184
			    0.6603    -0.0185    0.7507
			    0.0581    0.7380    0.6723
			    0.8782    0.3212    0.3543
			    -0.1991    -0.4280    0.8816
			    0.4348    -0.8448    -0.3119
			    -0.8782    -0.3212    -0.3543
			    0.1991    0.4280    -0.8816
			    -0.4348    0.8448    0.3119
		b:
			    -39.3704
			    360.8004
			    284.2041
			    215.1090
			    350.9387
			    303.4963
			    229.8508
			    310.3483
			    -116.9307
			    -225.8508
			    -305.3483
			    125.9307
	==================================================================================
	Q2:
		Shape: Hybrid
		q_c:    78.5000    34.5000    393.5000
		ub :    83.6290    38.7167    398.8686
		lb :    73.3710    30.2833    388.1314
		P^-1: 
			    0.1637    -0.0717    0.0531
			    -0.0717    0.1399    -0.0360
			    0.0531    -0.0360    0.0905
		A:
			    0.4296    0.2076    0.8788
			    -0.6021    0.5450    -0.5835
			    -0.9388    -0.1635    0.3032
			    0.7418    -0.6682    -0.0579
			    0.3451    0.8294    -0.4394
			    -0.8873    0.1112    -0.4476
		b:
			    389.0469
			    -256.9049
			    42.5172
			    13.8682
			    -114.6892
			    -240.5019
	==================================================================================
	Q3:
		Shape: Polyhedra
		q_c:    76.5000    32.5000    390.5000
		ub :    81.6126    37.8390    395.5428
		lb :    71.3874    27.1610    385.4572
		A:
			    0.8242    -0.4361    -0.3612
			    0.6961    -0.7143    0.0719
			    0.0870    0.6983    -0.7105
			    -0.1208    0.3859    -0.9146
			    0.8078    -0.1407    0.5724
			    -0.5468    0.8260    0.1368
			    0.3073    0.4852    0.8186
			    -0.6641    0.7255    -0.1807
			    -0.6816    -0.4881    0.5452
			    -0.3073    -0.4852    -0.8186
			    0.6641    -0.7255    0.1807
			    0.6816    0.4881    -0.5452
		b:
			    -89.1326
			    61.1063
			    -245.0681
			    -350.6569
			    283.9782
			    41.5134
			    362.4431
			    -94.7891
			    147.8995
			    -355.4431
			    100.7891
			    -141.8995
	==================================================================================
	Q4:
		Shape: Hybrid
		q_c:    86.0000    26.0000    390.0000
		ub :    92.2492    33.0994    395.0811
		lb :    79.7508    18.9006    384.9189
		P^-1: 
			    0.1010    -0.0225    -0.0408
			    -0.0225    0.0379    -0.0035
			    -0.0408    -0.0035    0.1305
		A:
			    -0.3777    0.4338    0.8180
			    -0.3053    0.3035    0.9026
			    0.5257    0.2138    -0.8234
			    0.9456    -0.2508    -0.2070
			    0.0540    -0.3258    -0.9439
			    0.6985    -0.7156    0.0074
		b:
			    299.8950
			    335.4805
			    -268.7242
			    -4.1615
			    -369.6031
			    46.8974
	==================================================================================
	Q5:
		Shape: Hybrid
		q_c:    91.0000    43.0000    394.0000
		ub :    96.2121    48.0273    398.4722
		lb :    85.7879    37.9727    389.5278
		P^-1: 
			    0.0675    0.0350    0.0450
			    0.0350    0.1293    0.0703
			    0.0450    0.0703    0.1843
		A:
			    -0.5844    -0.6458    0.4913
			    0.0447    -0.9364    -0.3480
			    -0.2091    -0.3700    0.9052
			    -0.2755    -0.3580    0.8922
			    0.2507    0.7032    0.6653
			    -0.2394    0.7504    0.6161
		b:
			    115.3602
			    -171.4099
			    324.0616
			    313.4772
			    316.2752
			    255.2199
	==================================================================================
	Q6:
		Shape: Hybrid
		q_c:    91.0000    42.0000    399.0000
		ub :    98.7323    47.8916    406.8226
		lb :    83.2677    36.1084    391.1774
		P^-1: 
			    0.0467    0.0038    0.0136
			    0.0038    0.0516    0.0032
			    0.0136    0.0032    0.0466
		A:
			    0.6887    0.7172    -0.1063
			    -0.5151    0.2670    -0.8145
			    0.6296    -0.6874    0.3620
			    -0.5061    0.7834    0.3608
			    0.7570    0.3915    0.5232
			    -0.4882    -0.7574    -0.4336
		b:
			    52.9798
			    -358.3694
			    175.3692
			    133.7302
			    296.1153
			    -247.1560


===========================================================================================
===========================================================================================
S8:
	q_c:    91.5000    252.5000    144.5000
	ub :    106.0000    275.0000    155.0000
	lb :    77.0000    230.0000    134.0000

	==================================================================================
	Q1:
		Shape: Hybrid
		q_c:    87.0000    252.5000    155.5000
		ub :    89.8957    255.0729    158.1723
		lb :    84.1043    249.9271    152.8277
		P^-1: 
			    0.2776    0.0644    0.0214
			    0.0644    0.4003    0.0499
			    0.0214    0.0499    0.2665
		A:
			    -0.6232    -0.2528    -0.7400
			    0.3551    -0.8962    -0.2661
			    -0.7225    -0.6597    0.2069
			    -0.1779    -0.9465    -0.2694
			    0.0787    -0.9365    0.3418
			    -0.2356    -0.8654    0.4422
		b:
			    -232.0985
			    -235.7729
			    -196.2901
			    -295.5718
			    -175.4327
			    -169.2402
	==================================================================================
	Q2:
		Shape: Polyhedra
		q_c:    87.0000    251.0000    152.0000
		ub :    92.3419    255.4011    155.5272
		lb :    81.6581    246.5989    148.4728
		A:
			    -0.6953    0.1191    0.7088
			    0.6391    -0.3208    -0.6990
			    -0.8504    0.5261    0.0102
			    0.4266    -0.8981    -0.1069
			    0.2315    -0.4495    0.8628
			    -0.2449    -0.3960    0.8850
			    0.8813    0.4480    0.1506
			    0.2633    -0.7301    0.6306
			    0.3925    -0.5161    -0.7613
			    -0.8813    -0.4480    -0.1506
			    -0.2633    0.7301    -0.6306
			    -0.3925    0.5161    0.7613
		b:
			    80.1368
			    -128.4128
			    62.5276
			    -202.4853
			    40.1923
			    15.9815
			    216.5079
			    -62.9824
			    -208.6129
			    -207.5079
			    65.9824
			    213.6129
	==================================================================================
	Q3:
		Shape: Ellipse
		q_c:    97.0000    255.0000    150.5000
		ub :    102.5528    260.6275    155.7490
		lb :    91.4472    249.3725    145.2510
		P^-1: 
			    0.0961    -0.0145    -0.0025
			    -0.0145    0.0962    0.0025
			    -0.0025    0.0025    0.0821
	==================================================================================
	Q4:
		Shape: Ellipse
		q_c:    90.0000    247.0000    145.0000
		ub :    93.7932    250.6185    148.0231
		lb :    86.2068    243.3815    141.9769
		P^-1: 
			    0.2110    0.1498    0.0880
			    0.1498    0.3483    -0.0565
			    0.0880    -0.0565    0.4113
	==================================================================================
	Q5:
		Shape: Hybrid
		q_c:    92.0000    256.0000    142.5000
		ub :    98.5446    259.9185    148.3646
		lb :    85.4554    252.0815    136.6354
		P^-1: 
			    0.1041    0.1642    -0.1447
			    0.1642    0.6560    -0.4154
			    -0.1447    -0.4154    0.3546
		A:
			    0.5124    0.5478    -0.6614
			    -0.3450    -0.7589    0.5522
			    0.2200    0.4016    -0.8890
			    -0.3408    -0.6075    0.7175
			    -0.4795    -0.5624    0.6736
			    0.0223    -0.9589    0.2830
		b:
			    94.2875
			    -146.7169
			    -1.8389
			    -83.7925
			    -91.0390
			    -201.9054
	==================================================================================
	Q6:
		Shape: Ellipse
		q_c:    96.0000    252.0000    156.5000
		ub :    100.2962    257.9161    162.4105
		lb :    91.7038    246.0839    150.5895
		P^-1: 
			    0.1874    -0.0518    -0.0638
			    -0.0518    0.0981    0.0460
			    -0.0638    0.0460    0.0954


===========================================================================================
===========================================================================================
S9:
	q_c:    65.5000    454.0000    38.0000
	ub :    85.0000    469.0000    57.0000
	lb :    46.0000    439.0000    19.0000

	==================================================================================
	Q1:
		Shape: Hybrid
		q_c:    81.5000    458.0000    41.0000
		ub :    85.8222    462.3051    45.6481
		lb :    77.1778    453.6949    36.3519
		P^-1: 
			    0.1645    0.0610    0.0290
			    0.0610    0.1808    0.0331
			    0.0290    0.0331    0.1269
		A:
			    -0.4441    -0.8383    0.3161
			    0.4532    0.8435    0.2883
			    -0.8623    0.4586    -0.2146
			    0.1833    -0.7404    -0.6467
			    -0.0346    -0.1363    0.9901
			    0.5192    0.8214    -0.2362
		b:
			    -405.7271
			    436.1372
			    132.8753
			    -349.0427
			    -22.6788
			    410.1873
	==================================================================================
	Q2:
		Shape: Polyhedra
		q_c:    76.0000    452.0000    44.0000
		ub :    82.6059    460.3846    52.4943
		lb :    69.3941    443.6154    35.5057
		A:
			    -0.0301    0.0458    0.9985
			    -0.7327    0.6574    -0.1761
			    -0.3231    -0.4142    0.8509
			    -0.2911    0.5342    0.7936
			    -0.9003    -0.2217    0.3745
			    -0.6219    0.0393    0.7821
			    0.5805    0.6441    0.4982
			    0.8039    -0.3558    -0.4766
			    -0.1297    0.6771    -0.7243
			    -0.5805    -0.6441    -0.4982
			    -0.8039    0.3558    0.4766
			    0.1297    -0.6771    0.7243
		b:
			    67.5097
			    238.6976
			    -168.8116
			    258.4953
			    -147.8150
			    9.3957
			    361.6707
			    -116.7181
			    270.3335
			    -352.6707
			    124.7181
			    -258.3335
	==================================================================================
	Q3:
		Shape: Hybrid
		q_c:    63.5000    453.5000    34.5000
		ub :    68.1561    458.4355    39.5566
		lb :    58.8439    448.5645    29.4434
		P^-1: 
			    0.1376    -0.0261    0.0207
			    -0.0261    0.1196    0.0030
			    0.0207    0.0030    0.0955
		A:
			    0.6529    -0.1644    0.7394
			    0.0231    -0.5828    0.8123
			    -0.8644    0.1480    0.4806
			    -0.0989    -0.7886    -0.6068
			    -0.6001    0.5684    0.5629
			    0.6404    -0.6503    -0.4087
		b:
			    -6.0800
			    -232.7877
			    30.6611
			    -383.1206
			    240.7773
			    -266.7909
	==================================================================================
	Q4:
		Shape: Hybrid
		q_c:    77.0000    468.0000    46.5000
		ub :    80.6052    475.4253    53.9575
		lb :    73.3948    460.5747    39.0425
		P^-1: 
			    0.1998    0.0546    -0.0543
			    0.0546    0.0785    -0.0541
			    -0.0543    -0.0541    0.0769
		A:
			    0.9861    0.1063    0.1281
			    -0.8937    -0.4466    0.0440
			    -0.8801    -0.0517    -0.4720
			    0.7275    0.5572    -0.4004
			    0.4695    0.4842    -0.7383
			    -0.9793    0.1796    0.0934
		b:
			    133.3596
			    -274.0479
			    -111.2189
			    299.3085
			    230.1084
			    14.8707
	==================================================================================
	Q5:
		Shape: Ellipse
		q_c:    70.5000    461.5000    42.0000
		ub :    75.1912    468.0033    48.0098
		lb :    65.8088    454.9967    35.9902
		P^-1: 
			    0.6057    0.3010    -0.3672
			    0.3010    0.2024    -0.1785
			    -0.3672    -0.1785    0.2875
	==================================================================================
	Q6:
		Shape: Ellipse
		q_c:    66.0000    455.5000    44.0000
		ub :    68.5709    459.5925    48.2704
		lb :    63.4291    451.4075    39.7296
		P^-1: 
			    0.3907    0.0825    0.0330
			    0.0825    0.2299    0.1031
			    0.0330    0.1031    0.1555


===========================================================================================
===========================================================================================
S10:
	q_c:    90.0000    300.5000    90.5000
	ub :    110.0000    323.0000    110.0000
	lb :    70.0000    278.0000    71.0000

	==================================================================================
	Q1:
		Shape: Polyhedra
		q_c:    81.5000    310.0000    80.0000
		ub :    102.1201    327.3933    98.6457
		lb :    60.8799    292.6067    61.3543
		A:
			    -0.6647    -0.7388    0.1111
			    -0.3285    0.3071    -0.8932
			    0.4859    0.6756    -0.5544
			    0.7495    0.5833    -0.3131
			    0.5723    -0.4082    -0.7112
			    0.3051    -0.6191    -0.7236
			    0.5686    0.7224    0.3935
			    0.5285    0.0458    -0.8477
			    -0.6304    0.6899    -0.3558
			    -0.5686    -0.7224    -0.3935
			    -0.5285    -0.0458    0.8477
			    0.6304    -0.6899    0.3558
		b:
			    -264.2159
			    10.0198
			    216.0830
			    227.3685
			    -124.9109
			    -213.5824
			    311.2664
			    0.9439
			    148.5442
			    -292.2664
			    22.0561
			    -119.5442
	==================================================================================
	Q2:
		Shape: Ellipse
		q_c:    100.5000    316.5000    98.5000
		ub :    119.9981    335.6679    112.6987
		lb :    81.0019    297.3321    84.3013
		P^-1: 
			    0.0077    -0.0015    -0.0006
			    -0.0015    0.0064    0.0004
			    -0.0006    0.0004    0.0096
	==================================================================================
	Q3:
		Shape: Hybrid
		q_c:    79.5000    317.5000    84.0000
		ub :    86.3748    327.8256    91.1189
		lb :    72.6252    307.1744    76.8811
		P^-1: 
			    0.2799    0.1450    0.1318
			    0.1450    0.0941    0.0931
			    0.1318    0.0931    0.1420
		A:
			    -0.6337    -0.4464    -0.6318
			    -0.6633    -0.5081    -0.5494
			    0.8543    0.4476    -0.2642
			    -0.9580    -0.2115    0.1937
			    0.6073    0.7585    0.2363
			    0.4762    0.4103    0.7778
		b:
			    -244.2473
			    -259.2313
			    190.5777
			    -124.7652
			    312.6947
			    234.8525
	==================================================================================
	Q4:
		Shape: Ellipse
		q_c:    70.0000    295.0000    79.5000
		ub :    78.2198    308.5795    94.6259
		lb :    61.7802    281.4205    64.3741
		P^-1: 
			    0.0273    0.0004    0.0021
			    0.0004    0.0160    0.0067
			    0.0021    0.0067    0.0112
	==================================================================================
	Q5:
		Shape: Ellipse
		q_c:    110.5000    307.0000    108.0000
		ub :    116.9843    315.6604    114.1492
		lb :    104.0157    298.3396    101.8508
		P^-1: 
			    0.0726    -0.0214    -0.0052
			    -0.0214    0.0262    0.0014
			    -0.0052    0.0014    0.0336
	==================================================================================
	Q6:
		Shape: Ellipse
		q_c:    105.5000    284.0000    81.5000
		ub :    116.6772    300.0318    98.6781
		lb :    94.3228    267.9682    64.3219
		P^-1: 
			    0.0138    -0.0001    0.0003
			    -0.0001    0.0120    0.0036
			    0.0003    0.0036    0.0070


===========================================================================================
