3D_30_15_6_e                l = 3

===========================================================================================
===========================================================================================
S1:
	q_c:    125.5000    196.5000    196.0000
	ub :    146.0000    221.0000    201.0000
	lb :    105.0000    172.0000    191.0000

	==================================================================================
	Q1:
		Shape: Hybrid
		q_c:    122.0000    197.0000    198.0000
		ub :    124.9684    200.1224    200.6124
		lb :    119.0316    193.8776    195.3876
		P^-1: 
			    0.2758    0.1362    0.0306
			    0.1362    0.3273    0.0118
			    0.0306    0.0118    0.2513
		A:
			    0.5006    -0.4556    0.7361
			    -0.8528    -0.2316    0.4682
			    -0.0999    -0.8691    0.4844
			    -0.2506    0.8780    -0.4078
			    -0.3063    -0.9184    -0.2504
			    -0.0208    -0.6795    0.7334
		b:
			    118.4577
			    -55.6983
			    -86.3371
			    63.0666
			    -266.9528
			    10.0350
	==================================================================================
	Q2:
		Shape: Hybrid
		q_c:    121.5000    194.0000    193.0000
		ub :    124.0845    196.9606    195.7974
		lb :    118.9155    191.0394    190.2026
		P^-1: 
			    0.2736    0.0360    -0.0523
			    0.0360    0.3050    -0.0798
			    -0.0523    -0.0798    0.3659
		A:
			    0.1658    -0.3195    0.9330
			    -0.3339    0.9323    0.1391
			    -0.8023    -0.5398    -0.2548
			    0.9140    0.3068    0.2655
			    -0.0879    0.2770    -0.9568
			    -0.7323    0.1457    0.6652
		b:
			    139.1376
			    168.3597
			    -250.1965
			    223.0258
			    -140.7021
			    68.7125
	==================================================================================
	Q3:
		Shape: Polyhedra
		q_c:    125.0000    194.0000    191.5000
		ub :    127.6721    196.3166    193.3151
		lb :    122.3279    191.6834    189.6849
		A:
			    -0.9137    0.3516    -0.2038
			    0.3946    0.7655    0.5082
			    0.5685    0.5379    0.6224
			    0.6482    0.7496    -0.1342
			    -0.3838    -0.5215    -0.7621
			    -0.6198    -0.4978    -0.6067
			    0.5581    0.7339    0.3872
			    0.7663    -0.6348    0.0986
			    0.3181    0.2417    -0.9167
			    -0.5581    -0.7339    -0.3872
			    -0.7663    0.6348    -0.0986
			    -0.3181    -0.2417    0.9167
		b:
			    -82.6647
			    295.7953
			    295.3474
			    201.6094
			    -294.2660
			    -289.4164
			    286.7834
			    -5.9919
			    -87.3984
			    -285.7834
			    10.9919
			    90.3984
	==================================================================================
	Q4:
		Shape: Hybrid
		q_c:    130.0000    196.5000    196.5000
		ub :    133.3747    199.1190    199.9965
		lb :    126.6253    193.8810    193.0035
		P^-1: 
			    0.2476    0.0787    -0.0159
			    0.0787    0.3899    0.0785
			    -0.0159    0.0785    0.2169
		A:
			    -0.0965    0.9703    -0.2219
			    -0.4805    -0.1915    0.8558
			    -0.3435    0.3723    0.8622
			    0.4416    -0.7920    -0.4216
			    -0.3846    -0.9202    0.0723
			    -0.0183    0.5370    0.8434
		b:
			    135.7333
			    69.4408
			    199.1327
			    -179.9921
			    -215.7557
			    269.9625
	==================================================================================
	Q5:
		Shape: Polyhedra
		q_c:    127.0000    194.5000    196.0000
		ub :    129.9789    197.5698    198.3166
		lb :    124.0211    191.4302    193.6834
		A:
			    0.1164    -0.2418    0.9633
			    0.3145    0.5188    0.7950
			    -0.9142    -0.3798    -0.1412
			    0.3286    0.1038    -0.9388
			    -0.3937    -0.6217    0.6771
			    -0.6384    -0.4842    0.5982
			    0.3556    0.9146    0.1926
			    0.8407    -0.2230    -0.4934
			    -0.4083    0.3374    -0.8482
			    -0.3556    -0.9146    -0.1926
			    -0.8407    0.2230    0.4934
			    0.4083    -0.3374    0.8482
		b:
			    157.7202
			    298.6686
			    -215.4769
			    -120.4817
			    -36.3242
			    -55.9645
			    263.3038
			    -31.3152
			    -151.4688
			    -258.3038
			    35.3152
			    153.4688
	==================================================================================
	Q6:
		Shape: Polyhedra
		q_c:    124.0000    197.5000    195.5000
		ub :    126.7551    199.8595    198.8409
		lb :    121.2449    195.1405    192.1591
		A:
			    -0.9547    0.0303    0.2961
			    0.6542    0.5515    0.5175
			    -0.8975    0.2878    -0.3343
			    -0.9133    -0.3943    0.1025
			    -0.9784    0.1356    -0.1562
			    0.6827    0.7272    -0.0711
			    0.8345    0.4748    0.2797
			    -0.2575    -0.1127    0.9597
			    0.4871    -0.8729    0.0282
			    -0.8345    -0.4748    -0.2797
			    0.2575    0.1127    -0.9597
			    -0.4871    0.8729    -0.0282
		b:
			    -52.4725
			    292.8754
			    -118.2676
			    -169.2912
			    -123.5584
			    216.1132
			    253.4242
			    136.4250
			    -104.9635
			    -250.4242
			    -130.4250
			    107.9635


===========================================================================================
===========================================================================================
S2:
	q_c:    214.5000    240.0000    469.0000
	ub :    234.0000    262.0000    489.0000
	lb :    195.0000    218.0000    449.0000

	==================================================================================
	Q1:
		Shape: Hybrid
		q_c:    213.0000    227.0000    473.5000
		ub :    223.2005    237.1916    479.4109
		lb :    202.7995    216.8084    467.5891
		P^-1: 
			    0.1248    -0.0662    -0.3084
			    -0.0662    0.0518    0.1781
			    -0.3084    0.1781    0.8483
		A:
			    -0.2526    0.5442    0.8000
			    -0.4707    0.3635    0.8039
			    -0.2069    0.3589    0.9102
			    0.0939    0.6213    -0.7779
			    0.8641    0.4689    0.1830
			    0.3209    -0.2986    -0.8988
		b:
			    451.3635
			    364.7388
			    469.9907
			    -201.1425
			    386.0308
			    -424.1869
	==================================================================================
	Q2:
		Shape: Hybrid
		q_c:    195.5000    230.5000    485.5000
		ub :    209.1465    243.3925    502.3279
		lb :    181.8535    217.6075    468.6721
		P^-1: 
			    0.0331    -0.0146    -0.0148
			    -0.0146    0.0214    0.0049
			    -0.0148    0.0049    0.0138
		A:
			    -0.9105    -0.0649    0.4084
			    0.2927    0.9045    -0.3103
			    -0.4061    0.0432    0.9128
			    -0.8675    0.2497    0.4302
			    0.2491    -0.2207    -0.9430
			    -0.5962    0.7881    -0.1531
		b:
			    9.4225
			    121.4600
			    380.3804
			    99.4864
			    -452.0622
			    -4.5799
	==================================================================================
	Q3:
		Shape: Hybrid
		q_c:    206.5000    239.5000    490.0000
		ub :    217.7390    253.3118    499.7312
		lb :    195.2610    225.6882    480.2688
		P^-1: 
			    0.0171    -0.0025    0.0009
			    -0.0025    0.0095    0.0023
			    0.0009    0.0023    0.0199
		A:
			    0.2282    -0.9708    0.0745
			    -0.9288    -0.3488    -0.1252
			    0.7370    -0.2094    -0.6426
			    -0.4128    0.3492    -0.8412
			    -0.8925    0.1785    0.4141
			    0.9626    -0.2318    -0.1402
		b:
			    -142.1610
			    -331.4341
			    -208.8776
			    -409.5079
			    65.4613
			    78.5844
	==================================================================================
	Q4:
		Shape: Ellipse
		q_c:    218.0000    258.5000    449.5000
		ub :    227.8392    266.8205    459.3944
		lb :    208.1608    250.1795    439.6056
		P^-1: 
			    0.0438    0.0151    0.0225
			    0.0151    0.0514    0.0201
			    0.0225    0.0201    0.0333
	==================================================================================
	Q5:
		Shape: Polyhedra
		q_c:    209.0000    216.5000    460.5000
		ub :    217.1426    223.5738    467.9761
		lb :    200.8574    209.4262    453.0239
		A:
			    -0.2703    0.7011    -0.6599
			    -0.4414    0.5501    -0.7089
			    -0.8852    0.2886    -0.3649
			    -0.1447    -0.9021    -0.4065
			    0.8026    -0.3224    0.5020
			    -0.5217    0.8343    0.1782
			    0.6880    0.2328    0.6874
			    -0.6092    -0.3295    0.7213
			    0.3944    -0.9150    -0.0848
			    -0.6880    -0.2328    -0.6874
			    0.6092    0.3295    -0.7213
			    -0.3944    0.9150    0.0848
		b:
			    -203.5940
			    -295.0526
			    -286.5584
			    -408.5631
			    332.9610
			    158.2313
			    514.2297
			    140.0084
			    -150.2391
			    -507.2297
			    -127.0084
			    159.2391
	==================================================================================
	Q6:
		Shape: Hybrid
		q_c:    228.5000    225.0000    472.5000
		ub :    247.1554    242.6970    492.4729
		lb :    209.8446    207.3030    452.5271
		P^-1: 
			    0.0054    -0.0009    0.0014
			    -0.0009    0.0073    -0.0017
			    0.0014    -0.0017    0.0080
		A:
			    -0.2363    0.3952    0.8877
			    -0.0223    -0.0312    -0.9993
			    0.0981    0.0843    0.9916
			    0.0431    0.3683    -0.9287
			    -0.5354    -0.0214    0.8443
			    -0.7159    0.6791    -0.1620
		b:
			    462.4443
			    -477.5654
			    516.5865
			    -340.0810
			    280.2425
			    -80.4311


===========================================================================================
===========================================================================================
S3:
	q_c:    117.0000    276.0000    104.5000
	ub :    136.0000    296.0000    122.0000
	lb :    98.0000    256.0000    87.0000

	==================================================================================
	Q1:
		Shape: Hybrid
		q_c:    105.0000    269.5000    120.5000
		ub :    113.4218    277.9623    128.5364
		lb :    96.5782    261.0377    112.4636
		P^-1: 
			    0.0337    -0.0008    0.0029
			    -0.0008    0.0290    0.0027
			    0.0029    0.0027    0.0382
		A:
			    0.6716    -0.2375    0.7018
			    -0.4555    -0.2207    0.8625
			    0.8742    0.4756    -0.0981
			    -0.1787    0.8907    0.4180
			    0.7869    -0.3675    0.4957
			    0.8158    -0.5247    0.2432
		b:
			    93.7719
			    -0.3323
			    211.3499
			    274.7384
			    46.1402
			    -23.4592
	==================================================================================
	Q2:
		Shape: Ellipse
		q_c:    116.5000    267.0000    109.5000
		ub :    124.1202    275.9420    117.7591
		lb :    108.8798    258.0580    101.2409
		P^-1: 
			    0.0371    -0.0029    -0.0017
			    -0.0029    0.0370    -0.0018
			    -0.0017    -0.0018    0.0389
	==================================================================================
	Q3:
		Shape: Ellipse
		q_c:    98.0000    270.0000    108.5000
		ub :    106.9392    278.9601    117.0193
		lb :    89.0608    261.0399    99.9807
		P^-1: 
			    0.0378    -0.0028    -0.0038
			    -0.0028    0.0365    -0.0048
			    -0.0038    -0.0048    0.0335
	==================================================================================
	Q4:
		Shape: Polyhedra
		q_c:    123.0000    263.0000    120.0000
		ub :    130.0323    270.6479    125.6278
		lb :    115.9677    255.3521    114.3722
		A:
			    -0.8779    0.4709    0.0866
			    0.7362    0.4831    -0.4739
			    -0.4887    0.4325    0.7577
			    0.7323    0.3162    -0.6031
			    -0.1989    -0.2509    0.9474
			    -0.3686    -0.8157    0.4459
			    0.4713    0.8017    0.3675
			    0.8782    -0.4651    -0.1117
			    0.0813    0.3754    -0.9233
			    -0.4713    -0.8017    -0.3675
			    -0.8782    0.4651    0.1117
			    -0.0813    -0.3754    0.9233
		b:
			    31.2518
			    165.1159
			    149.1276
			    105.1044
			    26.8007
			    -202.1154
			    317.9323
			    -22.6984
			    1.4503
			    -307.9323
			    32.6984
			    5.5497
	==================================================================================
	Q5:
		Shape: Ellipse
		q_c:    107.5000    267.5000    97.5000
		ub :    113.7461    275.8719    102.9125
		lb :    101.2539    259.1281    92.0875
		P^-1: 
			    0.0974    -0.0276    0.0247
			    -0.0276    0.0557    0.0473
			    0.0247    0.0473    0.1359
	==================================================================================
	Q6:
		Shape: Ellipse
		q_c:    106.0000    265.5000    91.0000
		ub :    115.4052    275.0668    101.2166
		lb :    96.5948    255.9332    80.7834
		P^-1: 
			    0.0196    0.0022    0.0032
			    0.0022    0.0305    -0.0034
			    0.0032    -0.0034    0.0286


===========================================================================================
===========================================================================================
S4:
	q_c:    351.0000    105.5000    489.0000
	ub :    374.0000    123.0000    502.0000
	lb :    328.0000    88.0000    476.0000

	==================================================================================
	Q1:
		Shape: Ellipse
		q_c:    356.0000    111.5000    504.5000
		ub :    362.5051    118.2537    512.3395
		lb :    349.4949    104.7463    496.6605
		P^-1: 
			    0.4927    -0.4907    -0.0354
			    -0.4907    0.5203    0.0363
			    -0.0354    0.0363    0.0204
	==================================================================================
	Q2:
		Shape: Polyhedra
		q_c:    347.0000    106.5000    499.0000
		ub :    353.9120    113.3455    506.4347
		lb :    340.0880    99.6545    491.5653
		A:
			    -0.1929    0.7871    0.5858
			    0.1935    -0.7345    -0.6505
			    0.2653    -0.8571    -0.4416
			    -0.2210    0.6614    0.7168
			    0.9919    -0.1012    -0.0769
			    0.8616    -0.1578    0.4824
			    0.6950    0.4758    0.5391
			    0.7015    -0.2842    -0.6535
			    -0.1578    0.8323    -0.5314
			    -0.6950    -0.4758    -0.5391
			    -0.7015    0.2842    0.6535
			    0.1578    -0.8323    0.5314
		b:
			    313.5668
			    -331.2997
			    -215.3433
			    355.7450
			    299.4192
			    527.5364
			    565.8217
			    -108.9554
			    -227.2410
			    -555.8217
			    116.9554
			    235.2410
	==================================================================================
	Q3:
		Shape: Polyhedra
		q_c:    356.0000    104.0000    480.5000
		ub :    363.8189    108.5721    488.2687
		lb :    348.1811    99.4279    472.7313
		A:
			    0.8493    0.4936    0.1871
			    0.6462    0.4254    -0.6336
			    0.0507    0.5596    0.8272
			    0.0570    -0.9786    -0.1975
			    0.9896    -0.0886    0.1131
			    0.1038    -0.4317    -0.8960
			    0.6462    0.0216    0.7629
			    -0.7523    0.1867    0.6319
			    -0.1288    -0.9822    0.1368
			    -0.6462    -0.0216    -0.7629
			    0.7523    -0.1867    -0.6319
			    0.1288    0.9822    -0.1368
		b:
			    448.2803
			    -25.2803
			    478.6409
			    -172.5360
			    402.6769
			    -433.3064
			    603.8482
			    60.7178
			    -78.7439
			    -593.8482
			    -49.7178
			    85.7439
	==================================================================================
	Q4:
		Shape: Hybrid
		q_c:    357.0000    97.5000    480.0000
		ub :    360.7326    101.9523    484.6114
		lb :    353.2674    93.0477    475.3886
		P^-1: 
			    0.2241    -0.0491    -0.0422
			    -0.0491    0.1572    -0.0799
			    -0.0422    -0.0799    0.1812
		A:
			    0.7812    0.5757    -0.2416
			    -0.2832    -0.7746    0.5655
			    0.2262    0.6238    -0.7481
			    0.8187    -0.5147    -0.2547
			    0.7928    -0.6093    0.0128
			    -0.9971    -0.0619    0.0432
		b:
			    220.8067
			    96.0583
			    -216.5210
			    120.9519
			    230.8064
			    -339.8835
	==================================================================================
	Q5:
		Shape: Polyhedra
		q_c:    343.0000    114.0000    483.0000
		ub :    352.5527    123.5140    490.9202
		lb :    333.4473    104.4860    475.0798
		A:
			    -0.1063    0.7754    0.6224
			    -0.1170    0.9910    0.0652
			    -0.1026    -0.5257    -0.8444
			    0.1280    -0.7929    -0.5958
			    0.6722    0.6565    0.3423
			    0.2085    -0.8561    -0.4730
			    0.4409    0.6589    0.6095
			    0.2309    0.5729    -0.7864
			    -0.8674    0.4875    0.1004
			    -0.4409    -0.6589    -0.6095
			    -0.2309    -0.5729    0.7864
			    0.8674    -0.4875    -0.1004
		b:
			    357.1654
			    110.4658
			    -499.2858
			    -329.4799
			    474.0126
			    -249.1316
			    522.6994
			    -227.8320
			    -185.4553
			    -518.6994
			    242.8320
			    201.4553
	==================================================================================
	Q6:
		Shape: Ellipse
		q_c:    344.0000    97.0000    489.5000
		ub :    349.4220    102.0309    493.8871
		lb :    338.5780    91.9691    485.1129
		P^-1: 
			    0.0760    0.0325    0.0083
			    0.0325    0.2248    -0.1750
			    0.0083    -0.1750    0.3041


===========================================================================================
===========================================================================================
S5:
	q_c:    513.5000    349.0000    458.5000
	ub :    524.0000    365.0000    465.0000
	lb :    503.0000    333.0000    452.0000

	==================================================================================
	Q1:
		Shape: Ellipse
		q_c:    509.5000    343.5000    459.5000
		ub :    512.5917    348.5656    463.7843
		lb :    506.4083    338.4344    455.2157
		P^-1: 
			    0.2370    0.0430    0.0199
			    0.0430    0.0975    -0.0373
			    0.0199    -0.0373    0.1380
	==================================================================================
	Q2:
		Shape: Polyhedra
		q_c:    516.5000    344.0000    466.0000
		ub :    521.1726    349.0225    469.5546
		lb :    511.8274    338.9775    462.4454
		A:
			    0.0140    -0.1692    0.9855
			    -0.1467    -0.3263    -0.9338
			    -0.1228    0.3358    0.9339
			    0.9263    0.3299    -0.1821
			    -0.1436    -0.8782    0.4562
			    -0.3422    -0.2877    -0.8945
			    0.7444    0.6040    0.2846
			    -0.0551    -0.3692    0.9277
			    0.6655    -0.7063    -0.2415
			    -0.7444    -0.6040    -0.2846
			    0.0551    0.3692    -0.9277
			    -0.6655    0.7063    0.2415
		b:
			    410.3380
			    -620.5879
			    489.9853
			    510.0571
			    -161.0834
			    -689.9714
			    727.9034
			    278.8399
			    -8.2877
			    -721.9034
			    -274.8399
			    15.2877
	==================================================================================
	Q3:
		Shape: Hybrid
		q_c:    513.5000    349.5000    454.5000
		ub :    516.8407    352.6308    456.9735
		lb :    510.1593    346.3692    452.0265
		P^-1: 
			    0.2761    0.1957    0.1650
			    0.1957    0.5061    0.3395
			    0.1650    0.3395    0.6278
		A:
			    0.3562    0.9300    -0.0902
			    -0.0532    0.2680    -0.9619
			    0.2540    0.9159    0.3108
			    0.5540    0.6445    0.5270
			    -0.3725    -0.6415    -0.6706
			    -0.8212    0.1127    -0.5594
		b:
			    468.1972
			    -369.4824
			    592.6880
			    749.8748
			    -719.7861
			    -634.9735
	==================================================================================
	Q4:
		Shape: Polyhedra
		q_c:    515.0000    352.0000    463.5000
		ub :    518.9762    356.8339    468.2090
		lb :    511.0238    347.1661    458.7910
		A:
			    0.0345    0.7370    -0.6750
			    -0.5740    0.4576    0.6791
			    -0.9084    0.2379    -0.3437
			    0.7691    -0.3941    0.5031
			    -0.8543    -0.3784    0.3565
			    0.6742    0.4602    -0.5777
			    0.3265    0.7942    0.5126
			    0.8588    -0.0228    -0.5117
			    -0.3947    0.6073    -0.6895
			    -0.3265    -0.7942    -0.5126
			    -0.8588    0.0228    0.5117
			    0.3947    -0.6073    0.6895
		b:
			    -33.4593
			    183.1468
			    -541.1292
			    492.7408
			    -405.3593
			    243.7241
			    689.7503
			    199.0960
			    -307.1059
			    -680.7503
			    -195.0960
			    311.1059
	==================================================================================
	Q5:
		Shape: Polyhedra
		q_c:    517.0000    351.5000    460.5000
		ub :    520.2048    354.5078    464.2894
		lb :    513.7952    348.4922    456.7106
		A:
			    -0.4912    -0.2941    -0.8199
			    0.7066    -0.5923    0.3872
			    -0.8540    0.0837    -0.5135
			    0.0361    -0.7725    -0.6340
			    0.0098    -0.8007    0.5989
			    0.2225    0.9730    -0.0620
			    0.0791    0.9755    0.2052
			    0.6410    0.1078    -0.7599
			    -0.7634    0.1916    -0.6168
			    -0.0791    -0.9755    -0.2052
			    -0.6410    -0.1078    0.7599
			    0.7634    -0.1916    0.6168
		b:
			    -733.1250
			    336.8921
			    -647.4061
			    -542.1830
			    1.9528
			    431.0873
			    480.7767
			    22.8913
			    -610.3729
			    -475.7767
			    -15.8913
			    612.3729
	==================================================================================
	Q6:
		Shape: Polyhedra
		q_c:    517.5000    344.5000    462.0000
		ub :    521.5651    348.7547    466.5697
		lb :    513.4349    340.2453    457.4303
		A:
			    0.4695    -0.8504    0.2377
			    -0.9596    -0.2814    -0.0069
			    -0.2356    -0.5626    0.7925
			    -0.6941    0.5973    0.4019
			    0.8873    0.3408    0.3106
			    -0.3834    0.0169    0.9234
			    0.6986    0.3429    0.6281
			    -0.7121    0.4193    0.5631
			    -0.0703    -0.8406    0.5370
			    -0.6986    -0.3429    -0.6281
			    0.7121    -0.4193    -0.5631
			    0.0703    0.8406    -0.5370
		b:
			    62.6497
			    -594.0900
			    53.0302
			    35.7135
			    722.3215
			    237.1333
			    771.7836
			    39.5986
			    -75.3499
			    -767.7836
			    -32.5986
			    80.3499


===========================================================================================
===========================================================================================
S6:
	q_c:    534.0000    196.0000    364.5000
	ub :    547.0000    210.0000    391.0000
	lb :    521.0000    182.0000    338.0000

	==================================================================================
	Q1:
		Shape: Ellipse
		q_c:    538.0000    208.0000    354.5000
		ub :    542.6709    212.6492    361.8999
		lb :    533.3291    203.3508    347.1001
		P^-1: 
			    0.1360    -0.0916    -0.0029
			    -0.0916    0.1758    0.0095
			    -0.0029    0.0095    0.0211
	==================================================================================
	Q2:
		Shape: Ellipse
		q_c:    527.0000    190.5000    358.5000
		ub :    536.5953    201.3826    369.8782
		lb :    517.4047    179.6174    347.1218
		P^-1: 
			    0.0371    -0.0184    0.0157
			    -0.0184    0.0325    -0.0092
			    0.0157    -0.0092    0.0271
	==================================================================================
	Q3:
		Shape: Hybrid
		q_c:    545.5000    183.5000    358.5000
		ub :    550.7710    190.3749    365.7879
		lb :    540.2290    176.6251    351.2121
		P^-1: 
			    0.0497    -0.0020    -0.0006
			    -0.0020    0.0527    0.0137
			    -0.0006    0.0137    0.0426
		A:
			    -0.2262    -0.8944    -0.3858
			    0.7059    -0.0895    0.7026
			    0.7595    0.3660    0.5378
			    -0.1692    0.5159    -0.8398
			    -0.5356    -0.8442    0.0199
			    0.6701    -0.6953    0.2599
		b:
			    -423.6656
			    623.4016
			    676.6957
			    -295.2633
			    -437.3324
			    333.8666
	==================================================================================
	Q4:
		Shape: Hybrid
		q_c:    527.5000    211.5000    359.0000
		ub :    536.1236    221.6668    364.9196
		lb :    518.8764    201.3332    353.0804
		P^-1: 
			    0.0754    0.0214    0.0594
			    0.0214    0.0215    0.0180
			    0.0594    0.0180    0.1100
		A:
			    0.4064    0.3477    0.8450
			    -0.3644    0.5526    -0.7496
			    0.8486    0.1623    0.5036
			    -0.1762    -0.3154    -0.9325
			    -0.6417    -0.5667    -0.5168
			    -0.3747    -0.2494    -0.8930
		b:
			    593.1288
			    -339.8819
			    664.6982
			    -491.8489
			    -641.2505
			    -569.3043
	==================================================================================
	Q5:
		Shape: Hybrid
		q_c:    542.5000    207.0000    371.5000
		ub :    549.4611    214.1176    378.2154
		lb :    535.5389    199.8824    364.7846
		P^-1: 
			    0.0310    0.0101    0.0077
			    0.0101    0.0620    0.0190
			    0.0077    0.0190    0.0564
		A:
			    -0.3291    0.7965    0.5072
			    -0.5295    -0.7775    -0.3392
			    -0.3184    -0.9244    -0.2102
			    0.1820    0.7069    0.6835
			    0.0195    -0.0277    -0.9994
			    0.4859    -0.8393    -0.2440
		b:
			    177.4562
			    -572.0806
			    -440.0519
			    500.7721
			    -363.7431
			    2.4788
	==================================================================================
	Q6:
		Shape: Hybrid
		q_c:    532.0000    187.0000    361.0000
		ub :    544.6687    199.3900    370.4396
		lb :    519.3313    174.6100    351.5604
		P^-1: 
			    0.0155    -0.0052    0.0003
			    -0.0052    0.0149    -0.0005
			    0.0003    -0.0005    0.0139
		A:
			    -0.9019    -0.0151    -0.4318
			    -0.7726    -0.0363    0.6339
			    -0.1124    0.3120    -0.9434
			    0.9358    -0.2018    -0.2890
			    -0.3884    0.5678    0.7258
			    0.8894    -0.0413    -0.4553
		b:
			    -633.4432
			    -183.8155
			    -337.1836
			    360.2907
			    166.0717
			    306.0743


===========================================================================================
===========================================================================================
S7:
	q_c:    157.5000    29.0000    209.5000
	ub :    179.0000    43.0000    218.0000
	lb :    136.0000    15.0000    201.0000

	==================================================================================
	Q1:
		Shape: Polyhedra
		q_c:    150.5000    31.5000    214.0000
		ub :    155.0610    34.8295    218.8950
		lb :    145.9390    28.1705    209.1050
		A:
			    -0.0127    0.5650    -0.8250
			    0.0840    0.5831    -0.8080
			    0.0343    -0.9957    -0.0865
			    -0.0098    -0.9148    0.4037
			    0.4855    -0.8733    -0.0395
			    -0.6455    -0.6786    0.3505
			    0.6160    0.2867    0.7338
			    -0.7821    0.3345    0.5259
			    -0.0947    -0.8978    0.4302
			    -0.6160    -0.2867    -0.7338
			    0.7821    -0.3345    -0.5259
			    0.0947    0.8978    -0.4302
		b:
			    -158.3626
			    -139.7923
			    -42.6256
			    57.6107
			    39.1589
			    -41.3605
			    262.7576
			    7.8678
			    51.0398
			    -254.7576
			    -2.8678
			    -48.0398
	==================================================================================
	Q2:
		Shape: Ellipse
		q_c:    162.5000    26.5000    215.0000
		ub :    167.4295    31.8779    218.8460
		lb :    157.5705    21.1221    211.1540
		P^-1: 
			    0.1203    0.0590    -0.0643
			    0.0590    0.1290    -0.1406
			    -0.0643    -0.1406    0.3556
	==================================================================================
	Q3:
		Shape: Polyhedra
		q_c:    157.5000    33.5000    204.0000
		ub :    161.3826    37.3536    208.2310
		lb :    153.6174    29.6464    199.7690
		A:
			    0.7174    0.6956    -0.0377
			    -0.3400    -0.4530    -0.8241
			    -0.4526    0.8845    -0.1132
			    -0.8688    0.0287    0.4943
			    0.1759    0.3719    -0.9115
			    0.1130    0.2359    0.9652
			    0.1249    0.9519    0.2797
			    -0.7033    0.2838    -0.6518
			    -0.6998    -0.1153    0.7049
			    -0.1249    -0.9519    -0.2797
			    0.7033    -0.2838    0.6518
			    0.6998    0.1153    -0.7049
		b:
			    131.3863
			    -234.0914
			    -61.9495
			    -32.5416
			    -143.2673
			    225.2377
			    111.6291
			    -231.7240
			    32.2207
			    -105.6291
			    236.7240
			    -27.2207
	==================================================================================
	Q4:
		Shape: Hybrid
		q_c:    155.5000    34.5000    215.0000
		ub :    162.2932    41.3855    222.5314
		lb :    148.7068    27.6145    207.4686
		P^-1: 
			    0.0561    -0.0135    -0.0148
			    -0.0135    0.0593    0.0085
			    -0.0148    0.0085    0.0556
		A:
			    0.6748    -0.5803    0.4559
			    -0.8677    -0.4103    0.2805
			    0.6638    -0.7427    0.0884
			    0.0443    -0.6172    -0.7856
			    0.5555    -0.1237    -0.8223
			    -0.5307    0.3363    -0.7780
		b:
			    185.6542
			    -86.0017
			    98.8325
			    -180.9628
			    -92.6315
			    -235.1516
	==================================================================================
	Q5:
		Shape: Ellipse
		q_c:    159.5000    34.5000    217.5000
		ub :    162.9571    36.9902    221.8837
		lb :    156.0429    32.0098    213.1163
		P^-1: 
			    0.7358    -0.0840    0.4124
			    -0.0840    0.2645    -0.0702
			    0.4124    -0.0702    0.2990
	==================================================================================
	Q6:
		Shape: Hybrid
		q_c:    152.5000    29.5000    218.5000
		ub :    154.9501    31.6244    221.1612
		lb :    150.0499    27.3756    215.8388
		P^-1: 
			    0.3704    0.0664    -0.0707
			    0.0664    0.8252    0.2951
			    -0.0707    0.2951    0.4989
		A:
			    -0.7199    -0.5401    -0.4360
			    -0.7932    0.4706    0.3865
			    0.2919    -0.0445    -0.9554
			    -0.0273    0.9846    0.1725
			    -0.6956    -0.6705    -0.2580
			    0.8346    0.5025    0.2258
		b:
			    -220.0366
			    -21.6749
			    -164.5413
			    63.2242
			    -181.4099
			    192.4160


===========================================================================================
===========================================================================================
S8:
	q_c:    340.0000    287.0000    153.5000
	ub :    370.0000    316.0000    167.0000
	lb :    310.0000    258.0000    140.0000

	==================================================================================
	Q1:
		Shape: Ellipse
		q_c:    342.0000    289.5000    156.0000
		ub :    345.7744    295.3703    159.2351
		lb :    338.2256    283.6297    152.7649
		P^-1: 
			    0.2233    0.0296    0.0380
			    0.0296    0.0377    0.0078
			    0.0380    0.0078    0.1821
	==================================================================================
	Q2:
		Shape: Hybrid
		q_c:    350.5000    283.0000    164.0000
		ub :    360.9284    293.9226    171.5122
		lb :    340.0716    272.0774    156.4878
		P^-1: 
			    0.0217    -0.0020    -0.0035
			    -0.0020    0.0220    -0.0056
			    -0.0035    -0.0056    0.0378
		A:
			    0.7479    -0.2523    0.6140
			    -0.5153    0.2980    0.8035
			    -0.5185    0.8424    -0.1463
			    -0.2737    -0.4955    0.8243
			    0.4638    -0.1430    0.8743
			    -0.3250    0.0600    0.9438
		b:
			    295.2775
			    38.7126
			    36.6144
			    -98.2445
			    268.8202
			    60.5816
	==================================================================================
	Q3:
		Shape: Ellipse
		q_c:    330.0000    299.0000    163.5000
		ub :    334.6717    304.2283    172.8423
		lb :    325.3283    293.7717    154.1577
		P^-1: 
			    0.1548    -0.0923    -0.0173
			    -0.0923    0.1545    0.0205
			    -0.0173    0.0205    0.0155
	==================================================================================
	Q4:
		Shape: Ellipse
		q_c:    344.5000    276.5000    167.5000
		ub :    355.5304    288.6521    178.5743
		lb :    333.4696    264.3479    156.4257
		P^-1: 
			    0.0207    -0.0029    -0.0037
			    -0.0029    0.0215    -0.0053
			    -0.0037    -0.0053    0.0230
	==================================================================================
	Q5:
		Shape: Polyhedra
		q_c:    333.5000    290.0000    147.0000
		ub :    343.4604    298.3912    155.9588
		lb :    323.5396    281.6088    138.0412
		A:
			    0.0462    -0.9901    -0.1329
			    0.3906    0.8780    0.2767
			    -0.9594    -0.1031    0.2626
			    -0.1892    -0.8672    -0.4606
			    0.1577    -0.8648    -0.4767
			    -0.8501    -0.5251    0.0408
			    0.9776    0.1219    0.1713
			    -0.1118    -0.3887    0.9146
			    0.1781    -0.9133    -0.3664
			    -0.9776    -0.1219    -0.1713
			    0.1118    0.3887    -0.9146
			    -0.1781    0.9133    0.3664
		b:
			    -285.6695
			    432.0699
			    -303.1489
			    -376.3057
			    -262.7611
			    -421.7726
			    395.0810
			    -9.5703
			    -253.8144
			    -378.0810
			    21.5703
			    264.8144
	==================================================================================
	Q6:
		Shape: Ellipse
		q_c:    331.0000    284.5000    157.0000
		ub :    340.8154    294.1756    166.8644
		lb :    321.1846    274.8244    147.1356
		P^-1: 
			    0.0216    0.0043    0.0027
			    0.0043    0.0377    -0.0126
			    0.0027    -0.0126    0.0356


===========================================================================================
===========================================================================================
S9:
	q_c:    313.0000    170.5000    92.0000
	ub :    337.0000    193.0000    115.0000
	lb :    289.0000    148.0000    69.0000

	==================================================================================
	Q1:
		Shape: Hybrid
		q_c:    301.0000    172.0000    92.5000
		ub :    315.4851    186.8466    102.6127
		lb :    286.5149    157.1534    82.3873
		P^-1: 
			    0.0114    0.0010    -0.0039
			    0.0010    0.0137    -0.0078
			    -0.0039    -0.0078    0.0291
		A:
			    0.7605    0.5287    -0.3769
			    -0.1514    -0.1273    -0.9802
			    0.2269    -0.4351    -0.8713
			    -0.8164    -0.0052    -0.5775
			    0.8128    -0.5731    -0.1045
			    -0.5302    0.3130    0.7880
		b:
			    290.4361
			    -153.5952
			    -81.7892
			    -293.4494
			    143.1762
			    -27.7871
	==================================================================================
	Q2:
		Shape: Hybrid
		q_c:    307.0000    162.0000    94.5000
		ub :    317.3321    167.5561    104.3395
		lb :    296.6679    156.4439    84.6605
		P^-1: 
			    0.0915    -0.1561    0.0285
			    -0.1561    0.3711    -0.0294
			    0.0285    -0.0294    0.0329
		A:
			    -0.1709    0.0722    0.9826
			    0.2414    -0.9501    0.1974
			    0.5229    -0.8504    -0.0583
			    -0.9963    0.0747    0.0414
			    -0.5009    0.8575    -0.1173
			    0.0866    -0.9729    0.2143
		b:
			    58.9022
			    -59.5002
			    18.8700
			    -283.0820
			    -25.0284
			    -108.0519
	==================================================================================
	Q3:
		Shape: Polyhedra
		q_c:    321.0000    180.5000    100.5000
		ub :    330.4742    189.6597    106.3242
		lb :    311.5258    171.3403    94.6758
		A:
			    0.9575    -0.1548    0.2433
			    -0.1302    -0.1587    0.9787
			    0.6751    -0.1585    0.7205
			    0.3102    -0.0983    -0.9456
			    0.6087    -0.0620    -0.7909
			    0.2084    -0.2429    -0.9474
			    0.6169    0.7429    0.2598
			    0.6885    -0.6693    0.2792
			    0.3813    0.0067    -0.9244
			    -0.6169    -0.7429    -0.2598
			    -0.6885    0.6693    -0.2792
			    -0.3813    -0.0067    0.9244
		b:
			    310.5440
			    31.0680
			    266.7474
			    -10.6063
			    107.7580
			    -69.1522
			    364.2278
			    135.2620
			    33.2115
			    -352.2278
			    -121.2620
			    -28.2115
	==================================================================================
	Q4:
		Shape: Hybrid
		q_c:    318.0000    161.5000    82.0000
		ub :    326.0609    170.1248    93.4984
		lb :    309.9391    152.8752    70.5016
		P^-1: 
			    0.0382    0.0039    0.0044
			    0.0039    0.0284    -0.0021
			    0.0044    -0.0021    0.0111
		A:
			    0.7088    -0.6708    0.2181
			    -0.8326    -0.5021    0.2339
			    0.7609    0.3692    0.5337
			    0.7012    0.4896    0.5183
			    0.9185    -0.2710    0.2880
			    -0.7857    0.6033    0.1370
		b:
			    138.2188
			    -323.4731
			    349.1493
			    348.4542
			    274.8013
			    -137.2923
	==================================================================================
	Q5:
		Shape: Hybrid
		q_c:    292.0000    167.5000    107.5000
		ub :    301.9446    177.2202    116.2158
		lb :    282.0554    157.7798    98.7842
		P^-1: 
			    0.0300    -0.0096    -0.0006
			    -0.0096    0.0309    -0.0010
			    -0.0006    -0.0010    0.0232
		A:
			    0.3684    -0.9233    0.1087
			    0.4248    -0.0137    -0.9052
			    0.9669    -0.2393    0.0884
			    0.4652    -0.8753    0.1321
			    0.9587    0.1122    -0.2615
			    -0.3897    0.8713    -0.2981
		b:
			    -32.5859
			    28.3224
			    254.9090
			    6.0996
			    274.3600
			    2.9212
	==================================================================================
	Q6:
		Shape: Polyhedra
		q_c:    315.5000    185.5000    104.0000
		ub :    327.0516    196.4997    114.7617
		lb :    303.9484    174.5003    93.2383
		A:
			    -0.8317    -0.5542    0.0327
			    0.4698    0.8149    0.3393
			    0.5674    0.5385    -0.6229
			    0.2965    -0.9153    0.2726
			    -0.4782    0.8177    -0.3205
			    0.5997    -0.2471    0.7611
			    0.5870    0.8074    0.0594
			    0.8066    -0.5896    0.0429
			    0.0696    0.0228    -0.9973
			    -0.5870    -0.8074    -0.0594
			    -0.8066    0.5896    -0.0429
			    -0.0696    -0.0228    0.9973
		b:
			    -354.2296
			    342.4338
			    222.8593
			    -39.8870
			    -24.3663
			    231.5965
			    348.6519
			    157.5712
			    -67.5262
			    -333.6519
			    -141.5712
			    87.5262


===========================================================================================
===========================================================================================
S10:
	q_c:    262.5000    225.5000    298.0000
	ub :    283.0000    245.0000    323.0000
	lb :    242.0000    206.0000    273.0000

	==================================================================================
	Q1:
		Shape: Ellipse
		q_c:    259.0000    217.5000    311.0000
		ub :    269.8383    226.6626    321.5489
		lb :    248.1617    208.3374    300.4511
		P^-1: 
			    0.0418    0.0277    -0.0090
			    0.0277    0.0615    0.0129
			    -0.0090    0.0129    0.0284
	==================================================================================
	Q2:
		Shape: Polyhedra
		q_c:    265.5000    236.5000    283.0000
		ub :    272.9514    243.9733    289.7373
		lb :    258.0486    229.0267    276.2627
		A:
			    0.7625    -0.5019    0.4082
			    -0.3499    0.5063    -0.7882
			    -0.6193    0.0412    0.7840
			    -0.0907    0.4661    -0.8801
			    0.3453    -0.5042    0.7915
			    0.9818    0.0936    -0.1652
			    0.8783    0.1734    0.4456
			    -0.3321    -0.4491    0.8295
			    0.3439    -0.8765    -0.3368
			    -0.8783    -0.1734    -0.4456
			    0.3321    0.4491    -0.8295
			    -0.3439    0.8765    0.3368
		b:
			    204.4628
			    -192.1520
			    71.2777
			    -159.4220
			    200.4950
			    240.7462
			    405.2917
			    43.3471
			    -205.3058
			    -395.2917
			    -37.3471
			    217.3058
	==================================================================================
	Q3:
		Shape: Polyhedra
		q_c:    263.5000    213.5000    308.5000
		ub :    272.0496    222.7481    317.1095
		lb :    254.9504    204.2519    299.8905
		A:
			    -0.8738    -0.1987    0.4439
			    -0.5026    0.4109    0.7607
			    -0.2353    -0.9632    0.1299
			    -0.5409    0.4899    0.6837
			    -0.2817    -0.5310    0.7992
			    0.8325    -0.5525    0.0414
			    0.1714    0.9718    0.1619
			    0.7939    -0.0389    -0.6069
			    -0.5834    0.2326    -0.7781
			    -0.1714    -0.9718    -0.1619
			    -0.7939    0.0389    0.6069
			    0.5834    -0.2326    0.7781
		b:
			    -130.4360
			    195.6649
			    -219.7692
			    178.8796
			    64.8000
			    119.9288
			    310.6017
			    18.6593
			    -338.6401
			    -294.6017
			    -8.6593
			    349.6401
	==================================================================================
	Q4:
		Shape: Polyhedra
		q_c:    269.0000    211.0000    304.0000
		ub :    280.4245    222.0841    312.3416
		lb :    257.5755    199.9159    295.6584
		A:
			    0.3442    -0.7020    -0.6235
			    -0.1003    -0.3093    -0.9457
			    0.1739    0.8627    -0.4749
			    -0.0643    0.5081    -0.8589
