3D_35_25_6_c                l = 3

===========================================================================================
===========================================================================================
S1:
	q_c:	111.0	85.0	252.0
	ub :	123.6103	96.5286	268.8453
	lb :	98.0006	73.7851	239.9657

	==================================================================================
	Q1:
		Shape: Polyhedra
		q_c:	105.5	84.5	253.0
		ub :	112.9994	91.2196	258.7951
		lb :	98.0006	77.7804	247.2049
		A:
			-0.4878	-0.7064	-0.5129
			0.9285	-0.0333	-0.3698
			0.2363	-0.7698	-0.593
			-0.6952	-0.191	0.6929
			0.9036	-0.0262	-0.4275
			0.5811	0.1749	-0.7948
			0.8207	0.4507	0.351
			-0.3776	0.8891	-0.2588
			-0.4288	0.0799	0.8999
			-0.8207	-0.4507	-0.351
			0.3776	-0.8891	0.2588
			0.4288	-0.0799	-0.8999
		b:
			-235.6939
			5.8392
			-186.1322
			89.3956
			-10.9248
			-121.71
			218.9845
			-25.6935
			192.1883
			-207.9845
			34.6935
			-186.1883
	==================================================================================
	Q2:
		Shape: Ellipse
		q_c:	118.0	89.5	253.0
		ub :	123.6103	95.8934	260.001
		lb :	112.3897	83.1066	245.999
		P^-1:
			0.139	0.0842	0.043
			0.0842	0.128	0.0622
			0.043	0.0622	0.0785
	==================================================================================
	Q3:
		Shape: Ellipse
		q_c:	118.5	92.0	264.0
		ub :	122.6831	96.5286	268.8453
		lb :	114.3169	87.4714	259.1547
		P^-1:
			0.1248	0.0147	0.0163
			0.0147	0.1269	0.0175
			0.0163	0.0175	0.1305
	==================================================================================
	Q4:
		Shape: Polyhedra
		q_c:	115.5	82.0	246.5
		ub :	118.3644	86.8883	251.5328
		lb :	112.6356	77.1117	241.4672
		A:
			-0.9014	-0.2165	0.3749
			0.8217	0.4385	-0.364
			0.4403	-0.8921	0.102
			-0.6867	-0.4463	0.5739
			-0.4858	-0.4856	0.7268
			0.7221	0.553	-0.4156
			0.1866	0.5424	0.8191
			0.538	-0.7541	0.3768
			0.8221	0.3703	-0.4325
			-0.1866	-0.5424	-0.8191
			-0.538	0.7541	-0.3768
			-0.8221	-0.3703	0.4325
		b:
			-28.7142
			41.7794
			6.0236
			26.4184
			84.8653
			27.148
			272.4405
			96.1899
			19.2091
			-263.4405
			-90.1899
			-18.2091
	==================================================================================
	Q5:
		Shape: Hybrid
		q_c:	113.0	86.5	244.5
		ub :	117.7825	91.7677	249.0343
		lb :	108.2175	81.2323	239.9657
		P^-1:
			0.1278	-0.036	-0.0284
			-0.036	0.1198	-0.0317
			-0.0284	-0.0317	0.1349
		A:
			0.0069	0.5148	0.8573
			-0.4304	0.0031	-0.9026
			-0.0852	-0.649	0.756
			0.8206	-0.5143	0.2493
			-0.3093	-0.8913	0.3315
			-0.87	-0.3514	0.3458
		b:
			257.1282
			-266.9819
			120.3343
			110.5662
			-29.1518
			-42.3886
	==================================================================================
	Q6:
		Shape: Hybrid
		q_c:	110.0	79.5	256.0
		ub :	113.6347	85.2149	261.5439
		lb :	106.3653	73.7851	250.4561
		P^-1:
			0.354	0.1199	-0.1095
			0.1199	0.1118	-0.045
			-0.1095	-0.045	0.1036
		A:
			0.2154	0.8608	0.4612
			-0.9971	-0.0199	0.0729
			0.9549	0.0049	0.2969
			-0.7533	-0.6532	-0.0766
			-0.9707	-0.2199	0.0968
			-0.7684	-0.6087	0.1978
		b:
			213.2207
			-91.1595
			183.5947
			-152.7733
			-98.4067
			-81.1553


===========================================================================================
===========================================================================================
S2:
	q_c:	74.5	253.0	234.0
	ub :	95.6348	267.0251	238.7979
	lb :	61.1796	241.9253	219.9233

	==================================================================================
	Q1:
		Shape: Hybrid
		q_c:	83.5	247.0	230.5
		ub :	88.4393	252.0747	234.1814
		lb :	78.5607	241.9253	226.8186
		P^-1:
			0.1554	-0.0452	-0.1255
			-0.0452	0.1569	0.1341
			-0.1255	0.1341	0.3057
		A:
			-0.268	0.7723	0.5759
			-0.1671	0.6157	0.7701
			-0.124	0.2453	0.9615
			-0.881	0.4072	-0.241
			-0.3631	0.0104	0.9317
			0.1433	0.3954	0.9073
		b:
			302.3548
			316.5742
			273.1534
			-25.6611
			188.3872
			320.3044
	==================================================================================
	Q2:
		Shape: Hybrid
		q_c:	79.5	257.5	233.0
		ub :	85.1404	263.2709	238.7979
		lb :	73.8596	251.7291	227.2021
		P^-1:
			0.1163	-0.048	-0.0068
			-0.048	0.1054	0.0061
			-0.0068	0.0061	0.0634
		A:
			0.9375	-0.2657	0.2245
			-0.2632	-0.6883	0.676
			0.4333	0.8211	0.3716
			-0.1682	0.0378	-0.985
			-0.9614	-0.2471	-0.1212
			-0.8229	0.567	0.0367
		b:
			60.1489
			-37.9537
			335.1181
			-230.4165
			-165.9274
			90.4222
	==================================================================================
	Q3:
		Shape: Ellipse
		q_c:	87.0	255.0	229.0
		ub :	95.6348	263.1881	237.7937
		lb :	78.3652	246.8119	220.2063
		P^-1:
			0.0521	0.0265	0.0043
			0.0265	0.0565	0.0047
			0.0043	0.0047	0.0285
	==================================================================================
	Q4:
		Shape: Hybrid
		q_c:	66.5	253.0	228.0
		ub :	71.8204	260.4941	235.6718
		lb :	61.1796	245.5059	220.3282
		P^-1:
			0.1012	-0.0015	-0.0217
			-0.0015	0.0441	0.0193
			-0.0217	0.0193	0.0561
		A:
			0.6266	-0.3928	-0.6731
			-0.233	-0.2311	-0.9446
			-0.4483	0.6942	0.5631
			-0.9011	0.2593	0.3475
			-0.1316	0.7501	0.6481
			0.5877	0.7562	0.2877
		b:
			-209.4416
			-286.3342
			276.3754
			86.4829
			331.154
			298.6023
	==================================================================================
	Q5:
		Shape: Hybrid
		q_c:	81.0	261.0	233.0
		ub :	86.9291	267.0251	236.1714
		lb :	75.0709	254.9749	229.8286
		P^-1:
			0.1784	0.0915	-0.3025
			0.0915	0.1344	-0.2431
			-0.3025	-0.2431	0.799
		A:
			0.3309	-0.0405	-0.9428
			0.8473	0.3569	-0.3933
			0.0235	-0.3707	0.9284
			0.3508	0.8994	-0.2607
			0.281	0.3221	-0.904
			0.2423	-0.6434	0.7261
		b:
			-202.241
			72.6188
			122.8124
			205.4117
			-103.2472
			23.175
	==================================================================================
	Q6:
		Shape: Polyhedra
		q_c:	67.5	257.0	227.0
		ub :	72.2676	263.9275	234.0767
		lb :	62.7324	250.0725	219.9233
		A:
			-0.8386	0.4492	0.3083
			0.258	0.6849	-0.6814
			-0.8539	0.5157	-0.0709
			0.7795	-0.3724	-0.5036
			-0.0547	0.5446	0.8369
			-0.676	0.5674	0.4702
			0.1374	0.7337	0.6654
			-0.4151	0.6526	-0.6339
			-0.8994	-0.1891	0.3942
			-0.1374	-0.7337	-0.6654
			0.4151	-0.6526	0.6339
			0.8994	0.1891	-0.3942
		b:
			132.5265
			41.7887
			61.9869
			-153.4363
			332.0266
			211.4016
			354.8894
			-1.2031
			-16.8181
			-342.8894
			7.2031
			22.8181


===========================================================================================
===========================================================================================
S3:
	q_c:	34.5	481.5	342.5
	ub :	41.4662	491.1738	350.3121
	lb :	26.3403	476.0961	335.645

	==================================================================================
	Q1:
		Shape: Polyhedra
		q_c:	34.0	482.0	344.5
		ub :	40.0029	487.9039	350.3121
		lb :	27.9971	476.0961	338.6879
		A:
			-0.2051	-0.9094	-0.3619
			0.3288	0.0214	-0.9441
			-0.1251	-0.9196	-0.3725
			-0.9107	-0.3443	0.2282
			-0.6592	-0.6514	0.3757
			0.6361	-0.6509	-0.4145
			0.6929	0.4865	0.5322
			-0.648	0.0965	0.7555
			0.3162	-0.8683	0.3821
			-0.6929	-0.4865	-0.5322
			0.648	-0.0965	-0.7555
			-0.3162	0.8683	-0.3821
		b:
			-565.7276
			-300.9245
			-571.6277
			-114.7427
			-203.2938
			-431.7149
			445.898
			287.2467
			-272.1293
			-436.898
			-282.2467
			280.1293
	==================================================================================
	Q2:
		Shape: Polyhedra
		q_c:	38.0	480.5	345.5
		ub :	41.4662	483.116	349.5623
		lb :	34.5338	477.884	341.4377
		A:
			-0.2179	-0.7501	0.6244
			0.0599	-0.9392	0.338
			-0.2708	0.8831	-0.383
			-0.1509	-0.8835	0.4435
			0.9363	0.0649	-0.3451
			-0.5556	0.7868	-0.2688
			0.4213	0.4972	0.7585
			-0.8731	-0.0041	0.4876
			0.2456	-0.8676	0.4323
			-0.4213	-0.4972	-0.7585
			0.8731	0.0041	-0.4876
			-0.2456	0.8676	-0.4323
		b:
			-151.6798
			-331.0433
			282.736
			-275.7058
			-50.4073
			265.2668
			520.4667
			135.3045
			-257.205
			-513.4667
			-131.3045
			259.205
	==================================================================================
	Q3:
		Shape: Polyhedra
		q_c:	30.0	487.5	338.5
		ub :	33.6597	491.1738	341.2807
		lb :	26.3403	483.8262	335.7193
		A:
			0.608	-0.3026	-0.734
			0.1995	0.1475	0.9687
			-0.6255	-0.7656	0.1505
			0.7757	0.4753	0.4152
			0.4286	0.5442	0.7212
			0.4875	0.8013	0.3468
			0.6778	0.5481	0.4901
			-0.4541	-0.2123	0.8653
			0.5783	-0.809	0.105
			-0.6778	-0.5481	-0.4901
			0.4541	0.2123	-0.8653
			-0.5783	0.809	-0.105
		b:
			-375.4347
			407.6016
			-339.21
			397.0398
			523.8672
			524.3831
			454.9286
			177.7999
			-338.5193
			-451.9286
			-173.7999
			344.5193
	==================================================================================
	Q4:
		Shape: Ellipse
		q_c:	33.5	485.0	343.0
		ub :	36.6223	488.2434	345.5019
		lb :	30.3777	481.7566	340.4981
		P^-1:
			0.5722	0.4581	0.001
			0.4581	0.5094	0.0009
			0.001	0.0009	0.16
	==================================================================================
	Q5:
		Shape: Polyhedra
		q_c:	37.0	485.0	345.0
		ub :	39.4926	488.9079	348.8728
		lb :	34.5074	481.0921	341.1272
		A:
			-0.659	-0.408	-0.6319
			-0.8956	-0.3986	-0.1976
			-0.0229	0.5281	0.8488
			0.9902	0.1324	0.0455
			-0.6965	0.2822	-0.6598
			-0.321	0.8783	0.3544
			0.4822	0.5958	0.6423
			-0.8657	0.4366	0.2449
			-0.1345	-0.6741	0.7263
			-0.4822	-0.5958	-0.6423
			0.8657	-0.4366	-0.2449
			0.1345	0.6741	-0.7263
		b:
			-438.7367
			-292.9219
			549.8709
			118.1409
			-114.1869
			538.1136
			529.8975
			265.6963
			-77.835
			-526.8975
			-262.6963
			84.835
	==================================================================================
	Q6:
		Shape: Polyhedra
		q_c:	36.0	482.5	338.0
		ub :	39.7965	484.8266	340.355
		lb :	32.2035	480.1734	335.645
		A:
			0.2741	-0.9529	0.1295
			0.6099	0.2794	0.7416
			-0.5327	0.6325	0.5623
			-0.4416	0.8576	-0.2637
			0.021	-0.9991	0.0378
			-0.2325	0.9703	-0.0663
			0.1295	0.2572	0.9577
			-0.3315	0.9214	-0.2026
			-0.9345	-0.2913	0.2045
			-0.1295	-0.2572	-0.9577
			0.3315	-0.9214	0.2026
			0.9345	0.2913	-0.2045
		b:
			-405.1299
			409.5977
			477.9464
			309.8187
			-467.1397
			438.4505
			453.928
			365.1738
			-101.5361
			-450.928
			-363.1738
			108.5361


===========================================================================================
===========================================================================================
S4:
	q_c:	160.5	514.0	19.5
	ub :	185.1735	528.1704	38.0173
	lb :	154.2439	498.0105	2.9316

	==================================================================================
	Q1:
		Shape: Hybrid
		q_c:	176.5	511.0	11.5
		ub :	185.1735	517.0259	20.0684
		lb :	167.8265	504.9741	2.9316
		P^-1:
			0.0452	0.0029	0.0205
			0.0029	0.062	-0.0035
			0.0205	-0.0035	0.0382
		A:
			0.1109	-0.836	0.5373
			0.298	-0.9466	0.1228
			0.8625	0.435	0.2587
			0.6056	-0.7605	0.2343
			-0.0622	-0.1581	-0.9855
			0.545	-0.8336	0.09
		b:
			-399.2206
			-427.5609
			379.8581
			-276.6608
			-99.3184
			-326.1855
	==================================================================================
	Q2:
		Shape: Hybrid
		q_c:	164.0	505.0	17.0
		ub :	167.0135	511.9895	23.4892
		lb :	160.9865	498.0105	10.5108
		P^-1:
			0.4242	0.0285	-0.0825
			0.0285	0.0477	0.0198
			-0.0825	0.0198	0.082
		A:
			-0.8065	0.3866	0.4473
			-0.805	-0.4777	0.3518
			-0.9152	-0.0918	0.3925
			-0.9432	-0.2145	0.2538
			0.6981	0.1977	0.6882
			0.9176	0.3735	0.1363
		b:
			72.2228
			-365.0278
			-188.7891
			-257.7003
			228.7674
			342.7826
	==================================================================================
	Q3:
		Shape: Ellipse
		q_c:	173.0	510.5	10.0
		ub :	177.4832	514.3736	14.7581
		lb :	168.5168	506.6264	5.2419
		P^-1:
			0.1443	-0.0056	0.0308
			-0.0056	0.158	0.0109
			0.0308	0.0109	0.0993
	==================================================================================
	Q4:
		Shape: Ellipse
		q_c:	172.5	522.5	13.0
		ub :	179.8049	528.1704	17.6575
		lb :	165.1951	516.8296	8.3425
		P^-1:
			0.1657	0.2023	-0.0118
			0.2023	0.2952	-0.022
			-0.0118	-0.022	0.0638
	==================================================================================
	Q5:
		Shape: Ellipse
		q_c:	160.0	508.5	33.0
		ub :	165.7561	513.3897	38.0173
		lb :	154.2439	503.6103	27.9827
		P^-1:
			0.0579	-0.0039	0.0256
			-0.0039	0.0975	-0.0325
			0.0256	-0.0325	0.1356
	==================================================================================
	Q6:
		Shape: Ellipse
		q_c:	172.0	518.0	13.0
		ub :	180.7242	523.5388	22.0331
		lb :	163.2758	512.4612	3.9669
		P^-1:
			0.0577	-0.0785	0.0228
			-0.0785	0.2025	-0.0486
			0.0228	-0.0486	0.0313


===========================================================================================
===========================================================================================
S5:
	q_c:	150.5	148.0	520.0
	ub :	176.47	182.2526	543.8137
	lb :	117.7114	124.0272	492.4025

	==================================================================================
	Q1:
		Shape: Polyhedra
		q_c:	160.5	158.0	510.0
		ub :	176.47	175.4303	527.5975
		lb :	144.53	140.5697	492.4025
		A:
			-0.6358	0.5532	0.5383
			-0.0779	-0.0274	-0.9966
			-0.4672	0.8833	0.0395
			-0.1124	0.517	0.8486
			-0.5822	0.7972	-0.1596
			-0.0541	0.1498	0.9872
			0.5284	0.5317	0.6619
			-0.0517	-0.758	0.6502
			0.8474	-0.3778	-0.3731
			-0.5284	-0.5317	-0.6619
			0.0517	0.758	-0.6502
			-0.8474	0.3778	0.3731
		b:
			271.7038
			-514.8684
			95.8711
			507.1944
			-37.7584
			528.9535
			516.3809
			213.514
			-101.9502
			-496.3809
			-193.514
			125.9502
	==================================================================================
	Q2:
		Shape: Ellipse
		q_c:	142.0	138.5	531.5
		ub :	154.3158	152.9728	543.8137
		lb :	129.6842	124.0272	519.1863
		P^-1:
			0.0189	0.001	-0.0065
			0.001	0.0178	-0.0108
			-0.0065	-0.0108	0.0217
	==================================================================================
	Q3:
		Shape: Hybrid
		q_c:	144.0	163.0	531.5
		ub :	153.6491	174.2196	543.7366
		lb :	134.3509	151.7804	519.2634
		P^-1:
			0.0574	-0.0282	-0.0172
			-0.0282	0.0352	0.0058
			-0.0172	0.0058	0.0205
		A:
			0.7213	-0.1184	-0.6824
			-0.7867	0.0246	-0.6168
			0.9394	-0.3094	0.1476
			0.4687	0.0444	-0.8822
			0.7955	-0.5975	-0.1014
			-0.5701	0.3166	0.7581
		b:
			-274.9561
			-430.4795
			166.9891
			-389.5219
			-34.7358
			376.0969
	==================================================================================
	Q4:
		Shape: Hybrid
		q_c:	141.5	137.5	524.0
		ub :	155.7254	146.9489	538.7332
		lb :	127.2746	128.0511	509.2668
		P^-1:
			0.027	0.0189	0.0155
			0.0189	0.0373	0.0154
			0.0155	0.0154	0.019
		A:
			-0.427	-0.8901	-0.1594
			-0.5997	-0.5301	-0.5996
			0.3842	0.771	0.508
			0.8748	0.4542	0.1685
			0.8887	0.2021	0.4116
			-0.4318	-0.1883	-0.8821
		b:
			-263.2866
			-469.4531
			429.0113
			278.8389
			373.2502
			-543.8708
	==================================================================================
	Q5:
		Shape: Polyhedra
		q_c:	164.0	138.0	526.5
		ub :	176.2372	147.8174	537.2566
		lb :	151.7628	128.1826	515.7434
		A:
			0.0853	-0.887	-0.4538
			-0.1361	-0.7363	-0.6629
			0.0316	0.8032	0.5949
			0.3224	0.7558	0.5699
			0.8745	-0.4844	-0.0257
			-0.2981	-0.7336	-0.6107
			0.1089	0.7528	0.6491
			-0.864	0.3946	-0.3128
			-0.4916	-0.5268	0.6934
			-0.1089	-0.7528	-0.6491
			0.864	-0.3946	0.3128
			0.4916	0.5268	-0.6934
		b:
			-344.4133
			-471.3998
			430.9426
			459.8109
			70.8102
			-469.4054
			465.0144
			-243.9003
			222.2614
			-462.0144
			259.9003
			-201.2614
	==================================================================================
	Q6:
		Shape: Ellipse
		q_c:	132.5	167.0	511.5
		ub :	147.2886	182.2526	527.9011
		lb :	117.7114	151.7474	495.0989
		P^-1:
			0.0137	-0.0067	-0.0031
			-0.0067	0.0165	0.0038
			-0.0031	0.0038	0.01


===========================================================================================
===========================================================================================
S6:
	q_c:	403.5	385.0	481.0
	ub :	416.9336	402.3742	497.4429
	lb :	390.7673	368.6477	470.5446

	==================================================================================
	Q1:
		Shape: Ellipse
		q_c:	397.0	393.5	490.5
		ub :	403.2327	400.1317	495.7399
		lb :	390.7673	386.8683	485.2601
		P^-1:
			0.0781	0.0125	-0.0007
			0.0125	0.0367	0.0026
			-0.0007	0.0026	0.0815
	==================================================================================
	Q2:
		Shape: Polyhedra
		q_c:	410.0	394.0	489.5
		ub :	416.021	402.3742	497.4429
		lb :	403.979	385.6258	481.5571
		A:
			0.7637	-0.3988	0.5077
			0.8953	-0.0381	-0.4439
			0.3003	0.9538	0.0079
			-0.804	-0.0317	-0.5938
			-0.8164	0.1933	-0.5442
			0.8766	-0.3387	0.3419
			0.6428	0.3722	0.6695
			-0.7575	0.4389	0.4833
			-0.114	-0.8178	0.5641
			-0.6428	-0.3722	-0.6695
			0.7575	-0.4389	-0.4833
			0.114	0.8178	-0.5641
		b:
			409.1399
			139.0463
			508.4573
			-629.0361
			-520.8214
			397.5191
			741.428
			102.9241
			-86.3578
			-734.428
			-94.9241
			99.3578
	==================================================================================
	Q3:
		Shape: Polyhedra
		q_c:	405.0	387.5	487.5
		ub :	411.5536	393.2629	493.9112
		lb :	398.4464	381.7371	481.0888
		A:
			-0.3843	-0.245	0.8901
			-0.8449	-0.4524	-0.2854
			-0.9881	-0.0349	0.1496
			-0.201	-0.8218	0.5332
			-0.3971	-0.7177	-0.5721
			0.5886	-0.7036	-0.3982
			0.5229	0.7382	0.4261
			-0.6667	0.0428	0.7441
			0.5311	-0.6732	0.5145
			-0.5229	-0.7382	-0.4261
			0.6667	-0.0428	-0.7441
			-0.5311	0.6732	-0.5145
		b:
			187.0113
			-653.053
			-337.0802
			-135.8515
			-714.2946
			-224.5289
			709.0833
			112.7845
			209.5525
			-702.0833
			-105.7845
			-200.5525
	==================================================================================
	Q4:
		Shape: Polyhedra
		q_c:	402.5	384.0	488.0
		ub :	410.1584	391.2171	496.1022
		lb :	394.8416	376.7829	479.8978
		A:
			0.1064	-0.3985	0.911
			-0.1173	0.0315	0.9926
			0.9197	-0.1576	0.3596
			0.7783	0.6173	-0.1149
			0.189	-0.9036	-0.3843
			-0.3985	-0.3645	-0.8416
			0.7734	0.5497	0.3157
			0.3234	-0.7705	0.5493
			0.5452	-0.3227	-0.7737
			-0.7734	-0.5497	-0.3157
			-0.3234	0.7705	-0.5493
			-0.5452	0.3227	0.7737
		b:
			338.974
			454.7485
			489.3437
			498.486
			-453.4023
			-706.3792
			680.4556
			106.3242
			-276.0352
			-672.4556
			-98.3242
			288.0352
	==================================================================================
	Q5:
		Shape: Hybrid
		q_c:	410.0	378.0	477.0
		ub :	416.9336	382.5188	483.4554
		lb :	403.0664	373.4812	470.5446
		P^-1:
			0.0658	0.0212	0.0541
			0.0212	0.1248	0.0129
			0.0541	0.0129	0.1083
		A:
			-0.5671	0.7473	-0.3463
			-0.5149	0.0532	-0.8556
			0.0708	0.6861	-0.7241
			-0.5143	-0.8168	-0.2613
			-0.6875	-0.0061	-0.7261
			0.6426	0.5484	0.5351
		b:
			-112.9103
			-597.6619
			-54.6753
			-642.7056
			-629.0035
			727.4528
	==================================================================================
	Q6:
		Shape: Ellipse
		q_c:	407.5	375.0	490.0
		ub :	413.646	381.3523	495.1902
		lb :	401.354	368.6477	484.8098
		P^-1:
			0.043	0.0075	0.0017
			0.0075	0.0596	-0.0006
			0.0017	-0.0006	0.0624


===========================================================================================
===========================================================================================
S7:
	q_c:	111.0	120.5	480.5
	ub :	135.2522	144.2898	508.2342
	lb :	90.8753	88.339	452.2122

	==================================================================================
	Q1:
		Shape: Polyhedra
		q_c:	108.5	103.0	468.0
		ub :	123.4697	117.661	478.9288
		lb :	93.5303	88.339	457.0712
		A:
			-0.7978	-0.0363	0.6018
			0.1509	0.0625	-0.9866
			-0.9746	-0.2237	0.0115
			-0.381	0.7331	-0.5634
			0.0788	-0.5266	-0.8464
			0.9746	-0.1498	-0.1662
			0.2815	0.1997	0.9386
			-0.7254	0.6846	0.0719
			-0.6282	-0.7011	0.3375
			-0.2815	-0.1997	-0.9386
			0.7254	-0.6846	-0.0719
			0.6282	0.7011	-0.3375
		b:
			200.6353
			-430.8855
			-114.0574
			-220.4605
			-433.8273
			22.0138
			497.8546
			34.961
			27.0885
			-482.8546
			-15.961
			-8.0885
	==================================================================================
	Q2:
		Shape: Polyhedra
		q_c:	117.5	125.0	492.5
		ub :	131.0992	141.4375	508.2342
		lb :	103.9008	108.5625	476.7658
		A:
			-0.0042	-0.3335	-0.9428
			0.8009	0.4741	-0.3657
			-0.0909	-0.9834	0.157
			0.4251	0.8668	-0.2607
			0.8755	-0.3728	0.3073
			0.0246	0.7706	-0.6368
			0.5828	0.6482	0.49
			-0.8099	0.5122	0.2857
			-0.0658	-0.5634	0.8236
			-0.5828	-0.6482	-0.49
			0.8099	-0.5122	-0.2857
			0.0658	0.5634	-0.8236
		b:
			-497.056
			-16.9677
			-46.5278
			39.439
			217.7643
			-203.551
			398.3443
			120.0689
			338.449
			-383.3443
			-99.0689
			-316.449
	==================================================================================
	Q3:
		Shape: Polyhedra
		q_c:	126.5	133.5	481.0
		ub :	133.4286	144.2898	490.0289
		lb :	119.5714	122.7102	471.9711
		A:
			-0.0967	-0.0111	-0.9952
			-0.363	-0.5469	0.7544
			0.9639	0.0234	-0.2652
			-0.377	0.2784	-0.8834
			-0.6666	-0.5045	0.5487
			0.8718	-0.2785	0.403
			0.1319	0.9208	0.367
			0.8553	0.0814	-0.5117
			-0.5011	0.3813	-0.7769
			-0.1319	-0.9208	-0.367
			-0.8553	-0.0814	0.5117
			0.5011	-0.3813	0.7769
		b:
			-486.9565
			248.777
			1.5717
			-430.8517
			117.3174
			271.2982
			325.6291
			-123.0433
			-381.6449
			-306.6291
			131.0433
			390.6449
	==================================================================================
	Q4:
		Shape: Ellipse
		q_c:	107.0	107.5	472.5
		ub :	120.6906	121.0165	485.3992
		lb :	93.3094	93.9835	459.6008
		P^-1:
			0.017	0.0021	0.0039
			0.0021	0.0133	0.0021
			0.0039	0.0021	0.0125
	==================================================================================
	Q5:
		Shape: Ellipse
		q_c:	97.0	116.0	492.0
		ub :	103.1247	122.1335	496.8619
		lb :	90.8753	109.8665	487.1381
		P^-1:
			0.1056	0.0873	0.0514
			0.0873	0.142	0.0485
			0.0514	0.0485	0.1171
	==================================================================================
	Q6:
		Shape: Polyhedra
		q_c:	118.0	120.5	468.5
		ub :	135.2522	137.7732	484.7878
		lb :	100.7478	103.2268	452.2122
		A:
			0.4401	0.8959	0.0604
			0.5006	0.7975	0.3368
			-0.2501	0.232	0.94
			-0.4648	0.7573	0.4587
			0.0573	0.9928	0.1055
			-0.0422	-0.4709	-0.8812
			0.3592	0.5116	0.7805
			0.7389	0.355	-0.5727
			-0.5701	0.7825	-0.2505
			-0.3592	-0.5116	-0.7805
			-0.7389	-0.355	0.5727
			0.5701	-0.7825	0.2505
		b:
			198.3984
			323.0378
			448.8456
			261.8826
			186.3231
			-464.5382
			479.7173
			-128.3588
			-79.327
			-459.7173
			148.3588
			101.327


===========================================================================================
===========================================================================================
S8:
	q_c:	132.5	233.5	121.0
	ub :	148.7268	251.2714	135.0625
	lb :	117.1863	215.348	100.995

	==================================================================================
	Q1:
		Shape: Ellipse
		q_c:	122.5	225.5	123.5
		ub :	127.8137	234.647	133.097
		lb :	117.1863	216.353	113.903
		P^-1:
			0.1001	0.0239	0.0151
			0.0239	0.0341	0.0086
			0.0151	0.0086	0.0224
	==================================================================================
	Q2:
		Shape: Polyhedra
		q_c:	141.5	244.5	109.0
		ub :	148.7268	251.2714	117.005
		lb :	134.2732	237.7286	100.995
		A:
			-0.7338	0.4601	-0.4999
			-0.9558	-0.292	0.0331
			0.0623	0.48	-0.875
			0.5806	0.4419	0.6838
			-0.0638	-0.7568	0.6505
			-0.0243	-0.914	0.4051
			0.4962	0.4969	0.712
			0.8612	-0.1779	-0.4761
			-0.1099	0.8494	-0.5162
			-0.4962	-0.4969	-0.712
			-0.8612	0.1779	0.4761
			0.1099	-0.8494	0.5162
		b:
			-41.3221
			-198.0732
			35.097
			269.7343
			-119.1079
			-178.7146
			274.3053
			31.4821
			139.856
			-264.3053
			-21.4821
			-131.856
	==================================================================================
	Q3:
		Shape: Ellipse
		q_c:	136.0	233.5	131.5
		ub :	139.6042	238.0783	135.0625
		lb :	132.3958	228.9217	127.9375
		P^-1:
			0.367	0.1862	-0.3189
			0.1862	0.1911	-0.2827
			-0.3189	-0.2827	0.6513
	==================================================================================
	Q4:
		Shape: Hybrid
		q_c:	140.5	236.0	126.0
		ub :	146.817	244.4361	134.533
		lb :	134.183	227.5639	117.467
		P^-1:
			0.0905	-0.0286	0.0195
			-0.0286	0.0432	-0.0121
			0.0195	-0.0121	0.0383
		A:
			-0.9973	-0.057	-0.0464
			0.6326	-0.43	0.6441
			0.9468	-0.1198	0.2987
			0.8875	0.0995	0.45
			0.081	0.7218	-0.6874
			0.4963	-0.8412	0.2147
		b:
			-156.9953
			70.617
			144.261
			207.3913
			98.764
			-99.1916
	==================================================================================
	Q5:
		Shape: Polyhedra
		q_c:	133.0	239.5	118.5
		ub :	140.5908	247.0701	126.5673
		lb :	125.4092	231.9299	110.4327
		A:
			-0.922	0.3796	0.0767
			0.1133	-0.0416	0.9927
			0.9239	-0.3825	0.0113
			-0.9104	0.0801	0.4059
			0.9972	0.0332	-0.0664
			0.9044	0.2989	-0.3045
			0.625	0.3548	0.6953
			-0.7314	0.5775	0.3628
			-0.2728	-0.7353	0.6204
			-0.625	-0.3548	-0.6953
			0.7314	-0.5775	-0.3628
			0.2728	0.7353	-0.6204
		b:
			-18.3699
			127.8025
			36.9404
			-49.5732
			137.3606
			160.3643
			255.9987
			88.0149
			-134.3647
			-244.9987
			-80.0149
			143.3647
	==================================================================================
	Q6:
		Shape: Polyhedra
		q_c:	140.0	225.0	112.5
		ub :	147.2441	234.652	121.4122
		lb :	132.7559	215.348	103.5878
		A:
			0.8689	-0.2658	-0.4175
			-0.9567	0.2837	-0.0655
			0.9645	-0.2132	-0.1561
			-0.8169	0.0934	0.5692
			0.0556	-0.3102	-0.949
			-0.9199	0.0757	0.3847
			0.6298	0.715	0.3036
			-0.0911	0.4562	-0.8852
			-0.7714	0.5298	0.3524
			-0.6298	-0.715	-0.3036
			0.0911	-0.4562	0.8852
			0.7714	-0.5298	-0.3524
		b:
			18.0348
			-73.2611
			73.3302
			-25.3792
			-162.873
			-64.4278
			290.6959
			-3.2017
			53.3644
			-275.6959
			16.2017
			-48.3644


===========================================================================================
===========================================================================================
S9:
	q_c:	100.5	490.5	377.0
	ub :	119.7272	517.9861	406.9096
	lb :	75.1909	459.982	358.3957

	==================================================================================
	Q1:
		Shape: Ellipse
		q_c:	93.5	479.0	391.5
		ub :	111.8091	498.018	406.9096
		lb :	75.1909	459.982	376.0904
		P^-1:
			0.0081	0.0007	0.0008
			0.0007	0.0084	0.001
			0.0008	0.001	0.0087
	==================================================================================
	Q2:
		Shape: Hybrid
		q_c:	115.0	473.5	369.0
		ub :	119.7272	479.7271	379.6043
		lb :	110.2728	467.2729	358.3957
		P^-1:
			0.1324	0.0441	0.0009
			0.0441	0.0885	0.0103
			0.0009	0.0103	0.0116
		A:
			-0.9438	0.3051	-0.1273
			-0.8719	0.0949	-0.4805
			-0.9807	-0.1819	0.0717
			0.7543	0.6552	0.0411
			0.6622	0.6299	0.4059
			0.7885	-0.5814	0.2008
		b:
			-8.3067
			-227.9612
			-170.9134
			413.4671
			527.0884
			-106.923
	==================================================================================
	Q3:
		Shape: Hybrid
		q_c:	101.5	506.0	386.0
		ub :	118.8324	517.9861	403.2088
		lb :	84.1676	494.0139	368.7912
		P^-1:
			0.0122	0.0017	0.0066
			0.0017	0.0157	0.0026
			0.0066	0.0026	0.0114
		A:
			-0.1082	0.8331	0.5424
			-0.3084	-0.9499	0.0508
			-0.194	0.7308	0.6544
			0.1628	0.5675	0.8071
			0.6588	-0.3271	0.6775
			-0.7335	-0.216	-0.6445
		b:
			625.4491
			-487.2113
			609.2191
			620.5758
			167.3954
			-428.7772
	==================================================================================
	Q4:
		Shape: Hybrid
		q_c:	94.0	505.0	393.5
		ub :	107.5168	517.6658	406.0345
		lb :	80.4832	492.3342	380.9655
		P^-1:
			0.0098	-0.0017	0.0
			-0.0017	0.0131	-0.0003
			0.0	-0.0003	0.0076
		A:
			-0.8894	0.3427	-0.3026
			0.7532	0.1951	0.6282
			-0.0348	0.9817	-0.1873
			0.9645	-0.1681	-0.2037
			0.8579	-0.4804	-0.1825
			-0.92	0.1187	-0.3736
		b:
			-24.0854
			423.1874
			423.3867
			-68.6328
			-228.6148
			-167.551
	==================================================================================
	Q5:
		Shape: Hybrid
		q_c:	102.0	489.5	380.0
		ub :	108.9027	498.6278	388.7567
		lb :	95.0973	480.3722	371.2433
		P^-1:
			0.0399	-0.0009	-0.0012
			-0.0009	0.0342	-0.0078
			-0.0012	-0.0078	0.0297
		A:
			0.265	-0.8923	0.3655
			-0.0835	-0.8201	-0.5661
			-0.3722	0.4366	-0.819
			-0.6164	-0.0399	-0.7864
			0.4775	0.0942	0.8736
			0.1842	0.7879	0.5877
		b:
			-268.2629
			-621.2017
			-132.6701
			-377.9753
			430.2481
			631.6421
	==================================================================================
	Q6:
		Shape: Polyhedra
		q_c:	106.5	480.0	361.5
		ub :	113.7093	486.814	364.5704
		lb :	99.2907	473.186	358.4296
		A:
			0.5976	0.6074	0.5234
			0.3036	0.3232	0.8963
			-0.2285	-0.0857	0.9698
			-0.6008	-0.7147	-0.3581
			0.4565	0.4914	0.7417
			0.1946	0.4345	0.8794
			0.5059	0.4991	0.7035
			0.4184	0.5713	-0.7061
			-0.7543	0.6516	0.0802
			-0.5059	-0.4991	-0.7035
			-0.4184	-0.5713	0.7061
			0.7543	-0.6516	-0.0802
		b:
			545.5379
			512.7758
			287.6833
			-535.0949
			553.6467
			549.1476
			548.7748
			65.9945
			268.911
			-546.7748
			-60.9945
			-253.911


===========================================================================================
===========================================================================================
S10:
	q_c:	338.0	103.5	398.5
	ub :	350.4015	129.1988	420.9202
	lb :	313.2483	87.4152	382.6702

	==================================================================================
	Q1:
		Shape: Hybrid
		q_c:	331.5	95.5	413.5
		ub :	338.5253	103.5848	420.9202
		lb :	324.4747	87.4152	406.0798
		P^-1:
			0.129	0.0294	-0.0949
			0.0294	0.0686	-0.0633
			-0.0949	-0.0633	0.1327
		A:
			-0.1106	-0.439	0.8917
			0.6829	0.3951	-0.6144
			0.6162	0.3767	-0.6917
			-0.2451	-0.8896	0.3855
			0.5189	0.1779	-0.8361
			0.1912	0.572	-0.7977
		b:
			292.4367
			11.2107
			-44.7696
			-3.8955
			-155.0461
			-210.0966
	==================================================================================
	Q2:
		Shape: Ellipse
		q_c:	323.5	122.5	399.5
		ub :	329.6096	129.1988	406.6707
		lb :	317.3904	115.8012	392.3293
		P^-1:
			0.0761	0.0415	0.0361
			0.0415	0.0877	0.0415
			0.0361	0.0415	0.0761
	==================================================================================
	Q3:
		Shape: Hybrid
		q_c:	327.0	105.5	396.5
		ub :	336.7738	118.3211	409.3072
		lb :	317.2262	92.6789	383.6928
		P^-1:
			0.0196	0.0012	-0.0013
			0.0012	0.016	-0.0004
			-0.0013	-0.0004	0.016
		A:
			-0.3467	0.3628	-0.865
			-0.772	0.4762	-0.421
			-0.6139	0.5593	0.557
			-0.343	0.9187	0.1958
			0.9151	0.3999	0.0513
			0.491	0.8654	-0.1
		b:
			-413.5751
			-364.8198
			83.2806
			66.8979
			365.3963
			216.2153
	==================================================================================
	Q4:
		Shape: Polyhedra
		q_c:	324.0	110.5	393.0
		ub :	334.7517	118.5743	403.3298
		lb :	313.2483	102.4257	382.6702
		A:
			-0.551	0.7163	-0.4282
			0.2872	-0.8548	-0.4324
			0.006	0.9832	0.1822
			0.9475	0.2859	0.1429
			0.4891	-0.8597	0.1473
			-0.5922	0.7486	-0.2982
			0.5105	0.0092	0.8598
			-0.8351	0.2437	0.4932
			-0.205	-0.9698	0.1321
			-0.5105	-0.0092	-0.8598
			0.8351	-0.2437	-0.4932
			0.205	0.9698	-0.1321
		b:
			-260.8494
			-164.5712
			188.7816
			401.66
			128.076
			-219.5457
			511.3304
			-42.8174
			-115.1728
			-497.3304
			56.8174
			128.1728
	==================================================================================
	Q5:
		Shape: Hybrid
		q_c:	341.5	100.0	400.5
		ub :	350.4015	109.6254	409.5616
		lb :	332.5985	90.3746	391.4384
		P^-1:
			0.0307	-0.0029	-0.0009
			-0.0029	0.0295	-0.0024
			-0.0009	-0.0024	0.0184
		A:
			0.6054	0.7613	0.2322
			-0.4935	-0.8675	0.0624
			0.4644	0.5368	0.7044
			0.9944	-0.0509	-0.0921
			-0.1479	-0.6875	0.711
			-0.8343	0.1429	0.5325
		b:
			379.4959
			-227.017
			498.773
			300.5504
			169.0882
			-54.0108
	==================================================================================
	Q6:
		Shape: Polyhedra
		q_c:	341.5	96.0	396.5
		ub :	346.2285	103.9201	404.426
		lb :	336.7715	88.0799	388.574
		A:
			-0.8654	0.1659	-0.4728
			0.7497	0.549	-0.3696
			0.8833	-0.4292	-0.1887
			-0.1297	0.6433	0.7546
			0.6026	0.7954	0.0653
			-0.9225	0.1518	0.3549
			0.1226	0.6042	0.7873
			0.4082	0.6924	-0.595
			-0.9046	0.3943	-0.1617
			-0.1226	-0.6042	-0.7873
			-0.4082	-0.6924	0.595
			0.9046	-0.3943	0.1617
		b:
			-464.2775
			167.2737
			188.2808
			322.0149
			313.3699
			-156.2878
			417.5434
			-24.5376
			-333.214
			-406.5434
			35.5376
			337.214


===========================================================================================
===========================================================================================
S11:
	q_c:	245.0	144.5	277.0
	ub :	255.2775	152.2392	289.1417
	lb :	235.75	132.3485	274.1821

	==================================================================================
	Q1:
		Shape: Polyhedra
		q_c:	242.0	138.0	279.0
		ub :	247.3123	143.6515	283.8179
		lb :	236.6877	132.3485	274.1821
		A:
			0.4987	0.8565	-0.1331
			0.4014	0.7873	0.468
			-0.3905	-0.4599	-0.7975
			-0.1575	0.925	0.3458
			-0.7623	-0.2347	-0.6032
			-0.7064	-0.0786	-0.7035
			0.5765	0.2646	0.773
			-0.6922	0.6609	0.29
			-0.4342	-0.7023	0.5642
			-0.5765	-0.2646	-0.773
			0.6922	-0.6609	-0.29
			0.4342	0.7023	-0.5642
		b:
			205.4638
			339.1498
			-378.3249
			189.3832
			-383.0071
			-375.9397
			393.7168
			8.1039
			-40.5617
			-389.7168
			-1.1039
			48.5617
	==================================================================================
	Q2:
		Shape: Hybrid
		q_c:	239.5	148.0	285.5
		ub :	243.25	150.8885	289.1417
		lb :	235.75	145.1115	281.8583
		P^-1:
			0.2472	0.1246	0.0409
			0.1246	0.338	0.0585
			0.0409	0.0585	0.1792
		A:
			0.6126	0.6834	0.3971
			-0.213	0.7757	-0.5941
			-0.3024	-0.6834	-0.6645
			-0.3813	0.9232	0.048
			0.6668	0.7162	-0.2059
			0.7917	0.3629	0.4914
		b:
			362.0359
			-104.1701
			-362.2553
			60.5301
			207.9325
			384.7059
	==================================================================================
	Q3:
		Shape: Hybrid
		q_c:	242.0	149.5	281.0
		ub :	246.4882	152.2392	283.8524
		lb :	237.5118	146.7608	278.1476
		P^-1:
			0.1201	-0.0491	0.1994
			-0.0491	0.3877	-0.2914
			0.1994	-0.2914	0.8047
		A:
			-0.1859	0.7842	-0.5921
			0.3219	-0.4265	0.8452
			-0.0286	0.8183	-0.574
			-0.483	0.1331	-0.8654
			-0.0345	0.5065	0.8616
			-0.5909	0.3238	-0.7389
		b:
			-93.3321
			252.2252
			-45.0553
			-339.2647
			311.1454
			-300.9364
	==================================================================================
	Q4:
		Shape: Hybrid
		q_c:	241.5	148.5	281.0
		ub :	244.7222	152.1979	284.3842
		lb :	238.2778	144.8021	277.6158
		P^-1:
			0.2378	-0.0192	-0.0241
			-0.0192	0.2198	-0.0379
			-0.0241	-0.0379	0.2024
		A:
			0.7304	0.6064	0.3143
			0.4396	0.8609	-0.2561
			-0.3019	0.5564	0.7741
			-0.4278	0.7036	-0.5674
			0.3705	-0.4178	0.8296
			0.511	-0.1224	-0.8508
		b:
			356.1314
			163.1769
			228.544
			-157.2483
			261.6881
			-132.7171
	==================================================================================
	Q5:
		Shape: Ellipse
		q_c:	251.5	142.0	280.5
		ub :	255.2775	145.5555	283.2835
		lb :	247.7225	138.4445	277.7165
		P^-1:
			0.2139	0.0106	-0.1109
			0.0106	0.1621	-0.0219
			-0.1109	-0.0219	0.3885
	==================================================================================
	Q6:
		Shape: Hybrid
		q_c:	241.0	148.0	278.0
		ub :	245.3499	152.0094	281.7025
		lb :	236.6501	143.9906	274.2975
		P^-1:
			0.1704	0.0117	-0.0565
			0.0117	0.1713	-0.0402
			-0.0565	-0.0402	0.1794
		A:
			0.9758	-0.214	0.0458
			0.9862	-0.1305	-0.1019
			-0.7157	-0.3355	-0.6126
			0.3702	-0.1333	0.9193
			0.7256	0.6871	0.0372
			0.9817	0.1735	0.0783
		b:
			217.8156
			191.495
			-390.443
			326.8104
			288.47
			285.6721


===========================================================================================
===========================================================================================
S12:
	q_c:	337.0	451.5	452.5
	ub :	345.1471	458.2179	459.8226
	lb :	328.9231	447.2387	445.164

	==================================================================================
	Q1:
		Shape: Ellipse
		q_c:	337.0	451.5	451.5
		ub :	339.4276	453.38	453.1287
		lb :	334.5724	449.62	449.8713
		P^-1:
			0.455	0.2602	0.2098
			0.2602	0.8758	-0.1002
			0.2098	-0.1002	0.9192
	==================================================================================
	Q2:
		Shape: Ellipse
		q_c:	341.5	454.0	457.0
		ub :	345.0823	457.3053	459.8206
		lb :	337.9177	450.6947	454.1794
		P^-1:
			0.2299	-0.0087	-0.1222
			-0.0087	0.1611	0.0151
			-0.1222	0.0151	0.3734
	==================================================================================
	Q3:
		Shape: Polyhedra
		q_c:	332.5	449.5	454.0
		ub :	336.0769	451.7613	457.641
		lb :	328.9231	447.2387	450.359
		A:
			0.3556	-0.8249	0.4394
			-0.3695	0.5612	-0.7406
			0.1981	0.6907	-0.6955
			-0.4805	0.8739	0.0734
			0.7299	0.6733	-0.1183
			-0.3066	-0.8252	0.4743
			0.6607	0.2489	0.7082
			0.0533	0.9255	-0.3749
			-0.7488	0.2854	0.5982
			-0.6607	-0.2489	-0.7082
			-0.0533	-0.9255	0.3749
			0.7488	-0.2854	-0.5982
		b:
			-51.6799
			-205.0855
			61.9196
			268.1929
			493.5092
			-256.3345
			655.5684
			264.5133
			153.4468
			-650.5684
			-262.5133
			-148.4468
	==================================================================================
	Q4:
		Shape: Hybrid
		q_c:	341.5	455.0	456.5
		ub :	345.1471	458.2179	459.8226
		lb :	337.8529	451.7821	453.1774
		P^-1:
			0.2171	-0.0199	0.0385
			-0.0199	0.1669	-0.0134
			0.0385	-0.0134	0.186
		A:
			-0.2682	0.9585	0.0967
			-0.2617	-0.3682	-0.8922
			-0.6082	0.7126	0.3498
			0.1456	-0.1883	-0.9713
			-0.4667	0.8428	0.2682
			-0.0093	-0.4492	-0.8934
		b:
			390.0954
			-662.8287
			277.6238
			-477.883
			347.9242
			-613.9415
	==================================================================================
	Q5:
		Shape: Polyhedra
		q_c:	334.0	451.5	449.0
		ub :	337.4703	454.9229	452.836
		lb :	330.5297	448.0771	445.164
		A:
			0.7576	-0.3329	-0.5614
			0.9526	0.3036	-0.0185
			-0.0703	0.6752	-0.7343
			0.4406	-0.8471	-0.2972
			-0.7108	-0.4561	0.5354
			0.847	-0.4318	-0.3102
			0.3401	0.2164	0.9151
			-0.9048	-0.1897	0.3812
			0.2561	-0.9577	0.1313
			-0.3401	-0.2164	-0.9151
			0.9048	0.1897	-0.3812
			-0.2561	0.9577	-0.1313
		b:
			-147.0896
			449.0865
			-45.6932
			-366.2718
			-200.8321
			-49.1289
			625.2173
			-214.7135
			-285.4064
			-619.2173
			218.7135
			290.4064
	==================================================================================
	Q6:
		Shape: Ellipse
		q_c:	335.5	452.5	452.0
		ub :	338.0141	454.6661	454.037
		lb :	332.9859	450.3339	449.963
		P^-1:
			0.4318	0.2799	0.4675
			0.2799	1.901	1.7732
			0.4675	1.7732	2.3616


===========================================================================================
===========================================================================================
S13:
	q_c:	165.5	178.5	191.0
	ub :	176.8872	180.5114	195.0472
	lb :	159.646	167.5949	181.0529

	==================================================================================
	Q1:
		Shape: Ellipse
		q_c:	173.5	172.5	186.0
		ub :	176.8872	175.6982	188.7588
		lb :	170.1128	169.3018	183.2412
		P^-1:
			0.25	0.0	0.0
			0.0	0.25	0.0
			0.0	0.0	0.25
	==================================================================================
	Q2:
		Shape: Hybrid
		q_c:	164.0	176.0	191.5
		ub :	167.0384	179.4361	195.0472
		lb :	160.9616	172.5639	187.9528
		P^-1:
			0.221	-0.0744	0.0899
			-0.0744	0.2508	-0.1098
			0.0899	-0.1098	0.2927
		A:
			-0.4473	-0.3003	-0.8424
			0.1487	0.8228	-0.5486
			0.4329	0.0297	-0.901
			-0.2959	-0.891	0.3444
			-0.8548	0.4802	0.1965
			0.421	0.2984	0.8566
		b:
			-286.1127
			65.3635
			-94.719
			-137.9334
			-16.5199
			287.0228
	==================================================================================
	Q3:
		Shape: Polyhedra
