3D_30_8_6_a                l = 3

===========================================================================================
===========================================================================================
S1:
	q_c:	502.5	190.5	75.0
	ub :	504.9773	193.0176	78.4194
	lb :	500.3648	188.3266	72.9962

	==================================================================================
	Q1:
		Shape: Ellipse
		q_c:	503.5	191.0	77.0
		ub :	504.6855	192.4574	78.4194
		lb :	502.3145	189.5426	75.5806
		P^-1:
			3.1137	-1.3681	-0.0409
			-1.3681	1.8856	0.0265
			-0.0409	0.0265	1.0008
	==================================================================================
	Q2:
		Shape: Ellipse
		q_c:	501.5	190.0	75.5
		ub :	502.6352	191.6734	76.8868
		lb :	500.3648	188.3266	74.1132
		P^-1:
			2.7857	-0.4917	-1.3925
			-0.4917	0.5853	0.4659
			-1.3925	0.4659	2.0734
	==================================================================================
	Q3:
		Shape: Hybrid
		q_c:	503.0	191.0	74.5
		ub :	504.6069	192.495	75.2908
		lb :	501.3931	189.505	73.7092
		P^-1:
			1.8731	-1.7362	-0.1557
			-1.7362	2.5828	-0.1271
			-0.1557	-0.1271	3.9886
		A:
			0.1589	-0.1591	0.9744
			0.3505	-0.884	0.3092
			0.7757	-0.6219	0.1076
			-0.0218	-0.0873	-0.9959
			-0.2676	0.4187	0.8678
			-0.2857	-0.2969	0.9112
		b:
			122.403
			30.8806
			279.7586
			-101.5717
			10.2822
			-132.059
	==================================================================================
	Q4:
		Shape: Hybrid
		q_c:	503.5	191.0	75.0
		ub :	504.9773	192.9824	77.0038
		lb :	502.0227	189.0176	72.9962
		P^-1:
			0.9987	-0.0138	0.0229
			-0.0138	0.8517	0.2454
			0.0229	0.2454	0.594
		A:
			0.3181	-0.8956	-0.3109
			-0.1047	0.8541	0.5094
			-0.5076	0.3617	0.782
			-0.0897	-0.5019	0.8603
			0.3832	0.8666	-0.3197
			0.0549	0.9866	-0.1536
		b:
			-33.696
			149.1335
			-127.2206
			-75.5067
			335.2613
			205.282
	==================================================================================
	Q5:
		Shape: Ellipse
		q_c:	503.0	190.0	75.0
		ub :	503.9092	190.8477	76.1303
		lb :	502.0908	189.1523	73.8697
		P^-1:
			3.8116	0.143	-0.7135
			0.143	3.8915	0.5417
			-0.7135	0.5417	1.2969
	==================================================================================
	Q6:
		Shape: Polyhedra
		q_c:	502.5	192.0	75.5
		ub :	503.6648	193.0176	76.5669
		lb :	501.3352	190.9824	74.4331
		A:
			0.7777	-0.3718	-0.507
			0.1559	0.9288	-0.3363
			0.3381	0.9309	-0.1381
			-0.1044	0.9894	-0.101
			-0.8285	0.5592	-0.0288
			-0.6606	0.48	0.5772
			0.5988	0.4282	0.6768
			-0.5854	-0.3427	0.7348
			0.5466	-0.8362	0.0454
			-0.5988	-0.4282	-0.6768
			0.5854	0.3427	-0.7348
			-0.5466	0.8362	-0.0454
		b:
			281.6155
			231.8057
			338.8521
			130.4565
			-310.5848
			-195.692
			435.2186
			-303.9862
			118.028
			-433.2186
			304.9862
			-117.028


===========================================================================================
===========================================================================================
S2:
	q_c:	176.0	125.0	138.5
	ub :	183.2776	132.5846	146.1048
	lb :	170.9779	119.0123	133.063

	==================================================================================
	Q1:
		Shape: Hybrid
		q_c:	179.5	124.0	139.5
		ub :	183.0581	127.111	141.9661
		lb :	175.9419	120.889	137.0339
		P^-1:
			0.2996	0.0054	-0.361
			0.0054	0.1577	0.0125
			-0.361	0.0125	0.8138
		A:
			0.3294	0.066	-0.9419
			-0.2709	0.5111	0.8157
			0.2289	0.5863	0.7771
			-0.3659	0.9238	0.1126
			-0.1054	0.9176	-0.3833
			-0.7674	-0.4505	0.4562
		b:
			-63.5029
			129.5897
			223.9034
			66.612
			43.4276
			-128.5607
	==================================================================================
	Q2:
		Shape: Ellipse
		q_c:	173.5	127.5	136.0
		ub :	175.4256	130.5324	138.937
		lb :	171.5744	124.4676	133.063
		P^-1:
			0.4354	-0.037	-0.0333
			-0.037	0.2925	-0.137
			-0.0333	-0.137	0.3209
	==================================================================================
	Q3:
		Shape: Polyhedra
		q_c:	175.5	123.0	141.0
		ub :	180.0221	126.9877	145.2635
		lb :	170.9779	119.0123	136.7365
		A:
			-0.8207	0.565	-0.0845
			0.0948	0.1128	0.9891
			-0.2964	-0.8662	0.4023
			0.7049	-0.6738	-0.2216
			0.2199	0.9252	-0.3093
			-0.2476	0.8264	0.5058
			0.7231	0.4496	0.5244
			-0.6232	0.0971	0.776
			0.298	-0.8879	0.3504
			-0.7231	-0.4496	-0.5244
			0.6232	-0.0971	-0.776
			-0.298	0.8879	-0.3504
		b:
			-83.8987
			172.7244
			-99.2382
			11.8864
			111.4417
			132.0759
			259.6449
			13.9879
			-5.0064
			-252.6449
			-9.9879
			10.0064
	==================================================================================
	Q4:
		Shape: Ellipse
		q_c:	180.0	122.0	138.5
		ub :	183.2776	124.8779	141.9472
		lb :	176.7224	119.1221	135.0528
		P^-1:
			0.25	-0.0	0.0
			-0.0	0.25	0.0
			0.0	0.0	0.25
	==================================================================================
	Q5:
		Shape: Ellipse
		q_c:	179.0	128.0	141.5
		ub :	182.6833	132.5846	146.1048
		lb :	175.3167	123.4154	136.8952
		P^-1:
			0.2151	-0.0506	-0.0327
			-0.0506	0.1357	0.0159
			-0.0327	0.0159	0.1214
	==================================================================================
	Q6:
		Shape: Ellipse
		q_c:	175.0	128.0	137.5
		ub :	176.9568	131.2686	141.2111
		lb :	173.0432	124.7314	133.7889
		P^-1:
			0.9319	-0.1737	0.1561
			-0.1737	0.2601	0.0233
			0.1561	0.0233	0.1691


===========================================================================================
===========================================================================================
S3:
	q_c:	412.0	233.0	505.5
	ub :	419.6592	243.5566	516.8667
	lb :	398.9651	225.3356	499.4599

	==================================================================================
	Q1:
		Shape: Polyhedra
		q_c:	414.5	236.0	508.0
		ub :	419.6592	241.2981	511.6451
		lb :	409.3408	230.7019	504.3549
		A:
			-0.112	-0.9379	-0.3284
			-0.8183	0.3051	0.4871
			-0.7123	0.6952	0.0964
			0.027	-0.0698	-0.9972
			0.6139	0.4686	-0.6353
			0.4426	-0.1421	-0.8854
			0.503	0.7011	0.5055
			0.2533	0.4396	-0.8617
			-0.8264	0.5615	0.0435
			-0.503	-0.7011	-0.5055
			-0.2533	-0.4396	0.8617
			0.8264	-0.5615	-0.0435
		b:
			-431.0923
			-16.5407
			-78.6962
			-509.2893
			44.672
			-297.245
			634.2285
			-227.0084
			-184.4015
			-627.2285
			231.0084
			191.4015
	==================================================================================
	Q2:
		Shape: Ellipse
		q_c:	408.0	236.5	503.5
		ub :	411.0571	240.0003	507.5401
		lb :	404.9429	232.9997	499.4599
		P^-1:
			0.2355	0.0189	0.0375
			0.0189	0.1595	-0.0072
			0.0375	-0.0072	0.1261
	==================================================================================
	Q3:
		Shape: Ellipse
		q_c:	403.0	230.0	506.0
		ub :	407.0349	234.6644	510.5825
		lb :	398.9651	225.3356	501.4175
		P^-1:
			0.181	0.012	0.0693
			0.012	0.0906	0.026
			0.0693	0.026	0.1711
	==================================================================================
	Q4:
		Shape: Ellipse
		q_c:	411.0	239.5	509.0
		ub :	415.5846	243.5566	512.8461
		lb :	406.4154	235.4434	505.1539
		P^-1:
			0.136	-0.0205	-0.0133
			-0.0205	0.1424	-0.0114
			-0.0133	-0.0114	0.1527
	==================================================================================
	Q5:
		Shape: Polyhedra
		q_c:	413.5	236.5	506.0
		ub :	418.916	239.6771	511.7354
		lb :	408.084	233.3229	500.2646
		A:
			0.2006	0.8762	-0.4381
			0.5029	-0.5368	-0.6774
			0.1059	0.8895	-0.4445
			-0.2651	0.8964	-0.3551
			-0.9793	-0.1125	0.168
			-0.4308	-0.2651	-0.8627
			0.4487	0.211	0.8684
			-0.3025	0.9502	-0.0746
			-0.841	-0.2292	0.4901
			-0.4487	-0.211	-0.8684
			0.3025	-0.9502	0.0746
			0.841	0.2292	-0.4901
		b:
			70.9262
			-258.5781
			31.5459
			-75.4318
			-342.9681
			-672.821
			679.3479
			63.415
			-150.4392
			-670.3479
			-60.415
			157.4392
	==================================================================================
	Q6:
		Shape: Polyhedra
		q_c:	412.5	229.5	513.0
		ub :	416.9149	233.001	516.8667
		lb :	408.0851	225.999	509.1333
		A:
			-0.5302	-0.3731	0.7614
			-0.4377	-0.5806	0.6866
			0.8883	0.2406	0.3913
			0.3348	-0.4186	0.8442
			-0.0304	0.7712	-0.6359
			0.5608	0.286	0.777
			0.5279	0.413	0.7422
			-0.7486	-0.1866	0.6362
			0.4012	-0.8914	0.2107
			-0.5279	-0.413	-0.7422
			0.7486	0.1866	-0.6362
			-0.4012	0.8914	-0.2107
		b:
			89.6565
			41.7022
			624.486
			477.4692
			-158.937
			697.0875
			694.7546
			-21.7221
			71.4744
			-691.7546
			28.7221
			-66.4744


===========================================================================================
===========================================================================================
S4:
	q_c:	89.5	378.0	282.0
	ub :	111.7942	399.4562	298.0054
	lb :	71.1969	366.9057	261.8468

	==================================================================================
	Q1:
		Shape: Hybrid
		q_c:	102.5	387.5	281.5
		ub :	111.7942	398.144	292.5759
		lb :	93.2058	376.856	270.4241
		P^-1:
			0.0497	0.0072	0.019
			0.0072	0.0228	-0.0084
			0.019	-0.0084	0.0342
		A:
			0.6506	0.1346	-0.7474
			-0.5824	0.183	-0.7921
			-0.9559	0.2631	-0.1303
			-0.9395	-0.0526	0.3385
			-0.5971	0.3738	-0.7098
			0.8116	-0.2629	-0.5217
		b:
			-86.2415
			-209.3975
			-28.7694
			-16.7586
			-113.7265
			-159.1851
	==================================================================================
	Q2:
		Shape: Ellipse
		q_c:	85.0	374.0	291.0
		ub :	91.9215	381.0943	298.0054
		lb :	78.0785	366.9057	283.9946
		P^-1:
			0.0558	-0.0053	-0.0061
			-0.0053	0.0537	0.0063
			-0.0061	0.0063	0.0302
	==================================================================================
	Q3:
		Shape: Hybrid
		q_c:	86.5	390.0	270.5
		ub :	96.5665	399.4562	277.3213
		lb :	76.4335	380.5438	263.6787
		P^-1:
			0.0236	0.0064	0.0209
			0.0064	0.0297	0.0271
			0.0209	0.0271	0.096
		A:
			0.2495	0.1097	-0.9621
			-0.7042	-0.4268	-0.5674
			0.0598	-0.1776	-0.9823
			-0.5065	0.0325	-0.8616
			-0.0172	0.2425	-0.97
			-0.5031	0.6741	0.5408
		b:
			-192.2295
			-377.454
			-327.5049
			-261.6344
			-165.9441
			370.2052
	==================================================================================
	Q4:
		Shape: Ellipse
		q_c:	87.5	391.0	272.0
		ub :	95.254	398.3866	280.0831
		lb :	79.746	383.6134	263.9169
		P^-1:
			0.0484	-0.0093	0.0056
			-0.0093	0.0504	-0.0062
			0.0056	-0.0062	0.0437
	==================================================================================
	Q5:
		Shape: Hybrid
		q_c:	98.0	383.0	270.5
		ub :	106.4073	392.7054	279.1532
		lb :	89.5927	373.2946	261.8468
		P^-1:
			0.1414	-0.0147	-0.1139
			-0.0147	0.0261	0.001
			-0.1139	0.001	0.1295
		A:
			-0.3675	-0.5956	0.7143
			0.5211	-0.7071	-0.478
			-0.8068	0.3225	0.4951
			-0.5974	0.4972	-0.6292
			0.3398	0.1046	-0.9347
			0.1488	-0.1399	-0.9789
		b:
			-67.6702
			-345.2606
			180.0342
			-33.3183
			-176.9477
			-299.695
	==================================================================================
	Q6:
		Shape: Polyhedra
		q_c:	81.0	381.5	285.5
		ub :	90.8031	391.3826	294.4617
		lb :	71.1969	371.6174	276.5383
		A:
			-0.7103	-0.447	0.5438
			-0.0438	-0.0439	-0.9981
			-0.6397	0.4595	0.6162
			-0.7122	0.6866	-0.146
			-0.4809	-0.4302	0.764
			0.7146	0.3472	-0.6073
			0.1739	0.9832	0.0557
			0.7214	-0.0887	-0.6868
			-0.6703	0.1597	-0.7247
			-0.1739	-0.9832	-0.0557
			-0.7214	0.0887	0.6868
			0.6703	-0.1597	0.7247
		b:
			-66.3252
			-299.1501
			305.3939
			169.5392
			21.3778
			23.1376
			413.5824
			-165.9759
			-193.7942
			-396.5824
			176.9759
			206.7942


===========================================================================================
===========================================================================================
S5:
	q_c:	180.0	307.0	298.5
	ub :	189.6894	314.958	306.6385
	lb :	177.096	300.6498	290.9625

	==================================================================================
	Q1:
		Shape: Hybrid
		q_c:	182.5	310.0	303.0
		ub :	185.2494	312.8129	305.7571
		lb :	179.7506	307.1871	300.2429
		P^-1:
			0.3503	0.0118	0.0984
			0.0118	0.1626	-0.0095
			0.0984	-0.0095	0.3415
		A:
			-0.8312	-0.5408	-0.1293
			0.941	-0.0962	-0.3246
			0.4726	-0.7623	0.4422
			0.5331	-0.526	0.6627
			-0.9799	0.0803	-0.1828
			0.5051	-0.58	-0.6391
		b:
			-357.36
			44.7695
			-14.7049
			136.1212
			-208.3891
			-279.7625
	==================================================================================
	Q2:
		Shape: Ellipse
		q_c:	181.0	311.5	298.0
		ub :	184.0666	314.2279	301.8816
		lb :	177.9334	308.7721	294.1184
		P^-1:
			0.3254	-0.0981	0.0347
			-0.0981	0.3622	0.0073
			0.0347	0.0073	0.0885
	==================================================================================
	Q3:
		Shape: Polyhedra
		q_c:	180.0	310.5	295.5
		ub :	182.904	314.958	299.8876
		lb :	177.096	306.042	291.1124
		A:
			-0.5539	0.6384	0.5345
			0.5731	-0.2901	-0.7665
			-0.6324	0.3911	0.6687
			0.6907	0.0683	-0.7199
			-0.4792	0.1861	-0.8578
			0.5197	-0.6608	-0.5415
			0.631	0.3692	0.6823
			0.068	0.8498	-0.5227
			-0.7728	0.3763	0.5111
			-0.631	-0.3692	-0.6823
			-0.068	-0.8498	0.5227
			0.7728	-0.3763	-0.5111
		b:
			257.899
			-211.9798
			206.3693
			-65.2927
			-278.7534
			-270.1219
			432.8326
			125.1307
			129.7649
			-426.8326
			-118.1307
			-127.7649
	==================================================================================
	Q4:
		Shape: Polyhedra
		q_c:	185.0	306.0	296.5
		ub :	189.6894	309.4602	301.5462
		lb :	180.3106	302.5398	291.4538
		A:
			-0.8173	-0.5748	-0.0404
			-0.2921	0.9262	0.2383
			0.5938	0.7204	0.3584
			0.3061	0.9129	-0.2699
			-0.1719	0.9686	-0.1798
			0.836	0.4441	0.3222
			0.3213	0.916	0.2404
			0.8789	-0.3829	0.2844
			0.3525	0.1199	-0.9281
			-0.3213	-0.916	-0.2404
			-0.8789	0.3829	-0.2844
			-0.3525	-0.1199	0.9281
		b:
			-336.4982
			302.501
			438.7072
			258.5629
			213.7658
			388.5876
			412.9912
			132.7431
			-169.2807
			-408.9912
			-126.7431
			177.2807
	==================================================================================
	Q5:
		Shape: Hybrid
		q_c:	184.0	303.5	303.5
		ub :	187.1229	306.3502	306.6385
		lb :	180.8771	300.6498	300.3615
		P^-1:
			0.2639	0.0394	-0.0309
			0.0394	0.3619	-0.0877
			-0.0309	-0.0877	0.3186
		A:
			0.0724	0.4798	-0.8744
			-0.0185	-0.4501	0.8928
			0.3555	0.9034	0.2397
			0.2112	-0.6523	0.7279
			0.0117	-0.4409	-0.8975
			-0.4157	-0.1856	0.8904
		b:
			-105.5734
			131.8372
			413.4129
			62.6917
			-402.8126
			138.3895
	==================================================================================
	Q6:
		Shape: Hybrid
		q_c:	184.5	309.5	294.5
		ub :	186.8498	312.4994	298.0375
		lb :	182.1502	306.5006	290.9625
		P^-1:
			0.425	0.0369	0.0689
			0.0369	0.3745	-0.1306
			0.0689	-0.1306	0.2005
		A:
			0.029	0.7835	-0.6207
			0.7361	-0.1534	0.6593
			-0.6425	0.6586	-0.3918
			-0.9311	0.2756	0.239
			-0.9767	0.2068	0.0572
			-0.983	0.1622	-0.0858
		b:
			65.8543
			283.4673
			-29.3191
			-14.7819
			-98.322
			-155.5729


===========================================================================================
===========================================================================================
S6:
	q_c:	264.5	65.0	285.5
	ub :	292.4004	89.2814	303.4471
	lb :	251.4946	39.066	263.3079

	==================================================================================
	Q1:
		Shape: Polyhedra
		q_c:	278.5	49.5	288.0
		ub :	288.0733	58.7826	297.3769
		lb :	268.9267	40.2174	278.6231
		A:
			0.4164	-0.2826	-0.8641
			0.7914	0.4365	-0.4278
			0.3585	-0.7291	-0.5829
			-0.6834	0.7133	-0.1554
			0.5755	0.5588	-0.5971
			-0.1522	-0.9807	-0.1225
			0.8674	0.3357	0.3674
			0.0767	-0.8196	0.5678
			0.4917	-0.4644	-0.7366
			-0.8674	-0.3357	-0.3674
			-0.0767	0.8196	-0.5678
			-0.4917	0.4644	0.7366
		b:
			-142.3358
			125.375
			-99.4327
			-194.0431
			21.9162
			-120.1577
			371.9903
			149.8124
			-93.6912
			-355.9903
			-138.8124
			102.6912
	==================================================================================
	Q2:
		Shape: Polyhedra
		q_c:	269.5	56.0	275.0
		ub :	280.4703	65.7061	286.6921
		lb :	258.5297	46.2939	263.3079
		A:
			0.7037	0.2035	0.6807
			-0.8631	0.444	-0.2406
			-0.9762	-0.1486	-0.1577
			0.2979	-0.3686	-0.8806
			-0.8656	-0.0629	0.4968
			-0.1158	0.8234	0.5554
			0.3072	0.6818	0.6639
			-0.3787	0.7276	-0.572
			-0.8731	-0.0757	0.4817
			-0.3072	-0.6818	-0.6639
			0.3787	-0.7276	0.572
			0.8731	0.0757	-0.4817
		b:
			395.0485
			-267.3102
			-307.5724
			-175.31
			-92.6617
			174.5913
			310.552
			-212.5953
			-99.5676
			-296.552
			224.5953
			114.5676
	==================================================================================
	Q3:
		Shape: Hybrid
		q_c:	283.0	49.0	290.5
		ub :	292.4004	58.934	298.7837
		lb :	273.5996	39.066	282.2163
		P^-1:
			0.028	-0.0059	-0.0037
			-0.0059	0.0319	0.0043
			-0.0037	0.0043	0.0315
		A:
			0.8976	-0.433	-0.0822
			-0.733	0.1059	0.6719
			0.6198	-0.0034	-0.7848
			0.1809	-0.3963	-0.9001
			-0.596	-0.8029	-0.0068
			-0.6288	-0.3377	-0.7004
		b:
			211.9778
			-4.072
			-49.6855
			-226.9258
			-206.0958
			-394.2498
	==================================================================================
	Q4:
		Shape: Ellipse
		q_c:	261.5	50.0	291.5
		ub :	267.6742	56.5882	298.4105
		lb :	255.3258	43.4118	284.5895
		P^-1:
			0.0992	-0.0012	0.049
			-0.0012	0.153	0.1012
			0.049	0.1012	0.1293
	==================================================================================
	Q5:
		Shape: Hybrid
		q_c:	261.0	70.5	285.5
		ub :	270.5054	79.5509	294.9175
		lb :	251.4946	61.4491	276.0825
		P^-1:
			0.0268	0.0022	-0.0042
			0.0022	0.0163	-0.0026
			-0.0042	-0.0026	0.0292
		A:
			-0.9072	0.3588	0.2198
			0.7263	-0.5873	-0.3571
			0.5901	0.807	0.0247
			-0.462	0.3624	0.8094
			-0.5118	-0.8024	-0.307
			-0.117	0.5991	0.7921
		b:
			-144.9213
			50.4788
			222.3044
			139.6356
			-273.1781
			242.1214
	==================================================================================
	Q6:
		Shape: Ellipse
		q_c:	262.5	80.5	295.0
		ub :	273.4699	89.2814	303.4471
		lb :	251.5301	71.7186	286.5529
		P^-1:
			0.0173	-0.0006	0.0083
			-0.0006	0.0239	0.0035
			0.0083	0.0035	0.0363


===========================================================================================
===========================================================================================
S7:
	q_c:	479.5	128.0	427.5
	ub :	498.9103	131.705	447.7082
	lb :	458.9595	103.71	412.6729

	==================================================================================
	Q1:
		Shape: Polyhedra
		q_c:	485.5	125.5	427.5
		ub :	493.2328	131.705	434.7245
		lb :	477.7672	119.295	420.2755
		A:
			-0.6517	0.7475	-0.1286
			0.1711	-0.8499	0.4985
			0.2146	-0.0559	-0.9751
			-0.3355	-0.8534	0.3989
			0.9244	-0.3783	-0.0479
			-0.9239	-0.1079	0.367
			0.7048	0.4247	0.5682
			-0.6313	0.0101	0.7755
			0.3236	-0.9053	0.2753
			-0.7048	-0.4247	-0.5682
			0.6313	-0.0101	-0.7755
			-0.3236	0.9053	-0.2753
		b:
			-273.5127
			193.4883
			-315.586
			-95.2301
			385.19
			-300.9952
			644.3906
			29.8051
			165.1899
			-632.3906
			-22.8051
			-157.1899
	==================================================================================
	Q2:
		Shape: Polyhedra
		q_c:	467.0	113.0	419.0
		ub :	475.0405	121.1399	425.3271
		lb :	458.9595	104.8601	412.6729
		A:
			0.7777	0.6262	-0.0556
			-0.0924	0.874	0.4771
			-0.1602	0.987	-0.0121
			-0.3326	0.5841	0.7404
			0.9131	0.1637	-0.3734
			-0.3148	0.272	0.9093
			0.4194	0.5842	0.6948
			0.4724	0.5132	-0.7166
			-0.7752	0.6288	-0.0607
			-0.4194	-0.5842	-0.6948
			-0.4724	-0.5132	0.7166
			0.7752	-0.6288	0.0607
		b:
			414.9426
			260.3932
			36.6748
			225.7216
			293.0418
			269.1673
			557.5198
			-17.6699
			-310.915
			-548.5198
			25.6699
			321.915
	==================================================================================
	Q3:
		Shape: Polyhedra
		q_c:	476.5	112.5	428.5
		ub :	484.7105	121.29	436.0984
		lb :	468.2895	103.71	420.9016
		A:
			0.1832	-0.2202	0.9581
			-0.3194	-0.03	-0.9472
			-0.033	0.6514	0.758
			0.2758	0.9191	-0.2815
			0.8788	-0.1717	0.4452
			0.6224	-0.2113	0.7536
			0.8153	0.5661	0.1217
			0.5233	-0.6304	-0.5734
			-0.2479	0.5312	-0.8102
			-0.8153	-0.5661	-0.1217
			-0.5233	0.6304	0.5734
			0.2479	-0.5312	0.8102
		b:
			478.8785
			-555.73
			386.6506
			120.0562
			596.0089
			601.7327
			510.3399
			-63.7505
			-399.5112
			-498.3399
			70.7505
			411.5112
	==================================================================================
	Q4:
		Shape: Polyhedra
		q_c:	493.0	113.5	425.5
		ub :	498.9103	120.9742	430.7878
		lb :	487.0897	106.0258	420.2122
		A:
			0.9929	0.0439	0.1102
			-0.0695	-0.6268	0.7761
			0.2607	0.0625	-0.9634
			0.8047	0.3669	-0.4667
			0.3237	0.5812	0.7466
			-0.5965	0.2308	-0.7687
			0.7278	0.1011	0.6783
			-0.2323	0.967	0.1051
			-0.6452	-0.234	0.7273
			-0.7278	-0.1011	-0.6783
			0.2323	-0.967	-0.1051
			0.6452	0.234	-0.7273
		b:
			544.6407
			229.3958
			-270.5493
			243.6933
			547.4864
			-591.8698
			661.3985
			46.4423
			-31.1974
			-656.3985
			-33.4423
			39.1974
	==================================================================================
	Q5:
		Shape: Polyhedra
		q_c:	472.0	118.5	434.0
		ub :	476.2092	123.9858	439.1975
		lb :	467.7908	113.0142	428.8025
		A:
			-0.8456	-0.0636	0.5301
			-0.3703	-0.0015	0.9289
			-0.662	0.7434	0.0952
			-0.7078	0.422	0.5665
			-0.9148	-0.3327	0.2292
			-0.8013	0.5395	-0.2583
			0.6255	0.6804	0.3818
			-0.7775	0.5845	0.2322
			-0.0652	-0.4421	0.8946
			-0.6255	-0.6804	-0.3818
			0.7775	-0.5845	-0.2322
			0.0652	0.4421	-0.8946
		b:
			-173.7909
			231.3166
			-181.3588
			-36.329
			-368.1095
			-424.186
			546.0772
			-195.441
			308.6075
			-537.0772
			198.441
			-301.6075
	==================================================================================
	Q6:
		Shape: Ellipse
		q_c:	477.0	116.0	442.5
		ub :	485.4158	121.0168	447.7082
		lb :	468.5842	110.9832	437.2918
		P^-1:
			0.0254	-0.0058	-0.0244
			-0.0058	0.0619	0.0006
			-0.0244	0.0006	0.104


===========================================================================================
===========================================================================================
S8:
	q_c:	350.0	414.5	184.5
	ub :	371.8831	441.7572	204.6047
	lb :	333.8828	392.6769	163.909

	==================================================================================
	Q1:
		Shape: Ellipse
		q_c:	355.5	414.5	182.0
		ub :	367.2069	426.4769	195.3084
		lb :	343.7931	402.5231	168.6916
		P^-1:
			0.0213	-0.0011	0.0038
			-0.0011	0.0148	0.0025
			0.0038	0.0025	0.0177
	==================================================================================
	Q2:
		Shape: Polyhedra
		q_c:	342.0	401.5	170.5
		ub :	350.1172	409.4889	177.091
		lb :	333.8828	393.5111	163.909
		A:
			-0.44	0.3058	-0.8443
			-0.1721	0.0787	0.9819
			0.654	0.2742	-0.7051
			-0.3554	0.4589	-0.8143
			-0.1176	-0.0838	-0.9895
			-0.8914	0.4147	-0.183
			0.8089	0.5626	0.1705
			0.328	-0.6726	0.6633
			0.4879	-0.4806	-0.7287
			-0.8089	-0.5626	-0.1705
			-0.328	0.6726	-0.6633
			-0.4879	0.4806	0.7287
		b:
			-167.3818
			144.1775
			218.2544
			-72.0954
			-238.3391
			-164.9287
			537.627
			-40.7879
			-146.3437
			-525.627
			48.7879
			154.3437
	==================================================================================
	Q3:
		Shape: Hybrid
		q_c:	358.5	418.5	174.5
		ub :	367.5397	427.3638	184.0187
		lb :	349.4603	409.6362	164.9813
		P^-1:
			0.0731	0.0722	0.0081
			0.0722	0.0983	0.0089
			0.0081	0.0089	0.0165
		A:
			-0.1707	0.6362	0.7524
			-0.0708	-0.4101	-0.9093
			-0.5201	-0.8541	0.0
			-0.7889	-0.6039	0.1137
			0.6188	0.7437	0.2531
			0.7693	0.557	0.3128
		b:
			342.8395
			-349.495
			-542.2682
			-513.4987
			578.7992
			565.8789
	==================================================================================
	Q4:
		Shape: Hybrid
		q_c:	345.0	430.0	180.5
		ub :	353.7947	441.7572	192.4395
		lb :	336.2053	418.2428	168.5605
		P^-1:
			0.0354	0.0056	-0.0081
			0.0056	0.0183	0.0012
			-0.0081	0.0012	0.0205
		A:
			-0.3638	-0.233	0.9019
			0.1012	0.9877	-0.1193
			-0.4017	-0.9123	-0.0802
			0.7785	-0.5449	-0.3115
			0.9037	0.4097	-0.1246
			0.532	0.15	-0.8333
		b:
			-58.7519
			443.1534
			-541.0405
			-17.9252
			468.1817
			101.1938
	==================================================================================
	Q5:
		Shape: Hybrid
		q_c:	365.5	403.0	198.0
		ub :	371.8831	413.3231	204.6047
		lb :	359.1169	392.6769	191.3953
		P^-1:
			0.0477	-0.0069	-0.0036
			-0.0069	0.0394	-0.0567
			-0.0036	-0.0567	0.1333
		A:
			0.596	0.5028	-0.626
			0.4594	0.4513	-0.765
			-0.1867	-0.3945	0.8997
			0.0327	0.3394	-0.9401
			-0.355	0.0889	-0.9306
			-0.2249	-0.607	0.7623
		b:
			299.5519
			200.4424
			-47.7406
			-36.0357
			-274.9834
			-173.5653
	==================================================================================
	Q6:
		Shape: Polyhedra
		q_c:	350.0	402.0	184.0
		ub :	359.5419	411.2109	191.3099
		lb :	340.4581	392.7891	176.6901
		A:
			-0.2731	0.06	-0.9601
			-0.4382	-0.0511	0.8974
			0.1951	-0.5976	0.7777
			-0.4411	0.5214	-0.7305
			-0.8467	-0.5313	0.0291
			-0.1682	-0.9566	-0.2382
			0.5045	0.3987	0.7659
			-0.7758	0.5987	0.1994
			-0.379	-0.6948	0.6113
			-0.5045	-0.3987	-0.7659
			0.7758	-0.5987	-0.1994
			0.379	0.6948	-0.6113
		b:
			-243.9566
			-3.4654
			-23.947
			-73.8994
			-499.7898
			-482.0093
			481.7575
			13.3238
			-294.9559
			-473.7575
			1.6762
			303.9559


===========================================================================================
===========================================================================================
