3D_30_20_6_b                l = 3

===========================================================================================
===========================================================================================
S1:
	q_c:    162.5000    101.5000    45.5000
	ub :    179.0000    133.0000    55.0000
	lb :    146.0000    70.0000    36.0000

	==================================================================================
	Q1:
		Shape: Polyhedra
		q_c:    161.5000    103.5000    55.0000
		ub :    166.6051    108.3073    60.9060
		lb :    156.3949    98.6927    49.0940
		A:
			    -0.6784    -0.6957    -0.2363
			    0.9177    -0.3719    -0.1399
			    -0.3599    0.8688    -0.3400
			    0.4651    -0.7375    0.4897
			    0.1842    -0.9714    0.1500
			    -0.6134    0.6674    -0.4223
			    0.4437    0.4982    0.7450
			    -0.6580    -0.3833    0.6482
			    0.6084    -0.7778    0.1577
			    -0.4437    -0.4982    -0.7450
			    0.6580    0.3833    -0.6482
			    -0.6084    0.7778    -0.1577
		b:
			    -190.1072
			    104.1734
			    14.8189
			    27.6653
			    -60.3136
			    -51.2652
			    169.1897
			    -107.2831
			    27.9367
			    -159.1897
			    113.2831
			    -24.9367
	==================================================================================
	Q2:
		Shape: Hybrid
		q_c:    166.5000    100.0000    52.5000
		ub :    173.8942    108.1486    61.0995
		lb :    159.1058    91.8514    43.9005
		P^-1: 
			    0.0765    0.0374    0.0158
			    0.0374    0.0606    0.0093
			    0.0158    0.0093    0.0348
		A:
			    -0.4449    0.4254    0.7881
			    0.6607    0.7451    0.0916
			    -0.5131    -0.4568    -0.7267
			    -0.6404    -0.3544    -0.6814
			    -0.9014    -0.4216    0.0982
			    -0.5444    -0.6140    -0.5715
		b:
			    14.3094
			    190.9842
			    -166.7209
			    -175.4704
			    -184.9651
			    -179.9377
	==================================================================================
	Q3:
		Shape: Hybrid
		q_c:    153.0000    94.5000    35.0000
		ub :    159.8282    101.6670    38.8073
		lb :    146.1718    87.3330    31.1927
		P^-1: 
			    0.0390    -0.0024    -0.0012
			    -0.0024    0.0342    -0.0023
			    -0.0012    -0.0023    0.0815
		A:
			    -0.1231    0.2578    -0.9583
			    -0.0600    -0.7324    -0.6783
			    0.4594    0.7192    -0.5212
			    0.0207    -0.9084    0.4175
			    0.9384    0.1754    0.2977
			    -0.0588    -0.1724    -0.9833
		b:
			    -26.1298
			    -99.1332
			    123.2041
			    -64.7451
			    173.8871
			    -57.8083
	==================================================================================
	Q4:
		Shape: Hybrid
		q_c:    154.0000    100.0000    49.5000
		ub :    156.4985    102.9462    52.1367
		lb :    151.5015    97.0538    46.8633
		P^-1: 
			    2.2918    0.1856    -1.8882
			    0.1856    0.2526    -0.2148
			    -1.8882    -0.2148    1.8656
		A:
			    -0.8544    -0.2519    0.4545
			    0.3040    0.1573    -0.9396
			    0.6722    0.2652    -0.6912
			    0.8783    -0.1445    -0.4557
			    -0.9071    0.0158    0.4207
			    0.7461    0.1012    -0.6582
		b:
			    -133.6537
			    17.0345
			    96.2139
			    98.8402
			    -116.6931
			    92.6896
	==================================================================================
	Q5:
		Shape: Hybrid
		q_c:    167.5000    111.5000    44.0000
		ub :    174.8780    119.6534    51.2985
		lb :    160.1220    103.3466    36.7015
		P^-1: 
			    0.0749    0.0067    -0.0371
			    0.0067    0.0270    0.0026
			    -0.0371    0.0026    0.0729
		A:
			    -0.6887    -0.7233    -0.0508
			    -0.8291    -0.0232    0.5586
			    -0.6622    0.2757    0.6967
			    0.9036    0.1134    -0.4132
			    -0.7108    -0.6734    -0.2032
			    -0.9068    -0.4215    0.0096
		b:
			    -194.8335
			    -115.2864
			    -47.5937
			    147.6172
			    -199.6726
			    -195.7359
	==================================================================================
	Q6:
		Shape: Ellipse
		q_c:    169.5000    98.0000    50.0000
		ub :    176.0162    104.6987    55.4359
		lb :    162.9838    91.3013    44.5641
		P^-1: 
			    0.0599    0.0074    -0.0032
			    0.0074    0.0557    -0.0075
			    -0.0032    -0.0075    0.0780


===========================================================================================
===========================================================================================
S2:
	q_c:    164.0000    463.0000    67.5000
	ub :    173.0000    473.0000    91.0000
	lb :    155.0000    453.0000    44.0000

	==================================================================================
	Q1:
		Shape: Ellipse
		q_c:    167.5000    459.0000    71.0000
		ub :    173.8013    464.6222    77.1179
		lb :    161.1987    453.3778    64.8821
		P^-1: 
			    0.0595    0.0106    -0.0202
			    0.0106    0.0605    -0.0212
			    -0.0202    -0.0212    0.0899
	==================================================================================
	Q2:
		Shape: Polyhedra
		q_c:    156.0000    463.0000    70.5000
		ub :    163.6246    471.2681    75.9131
		lb :    148.3754    454.7319    65.0869
		A:
			    0.0579    -0.7317    0.6791
			    0.1012    -0.1527    0.9831
			    0.2665    -0.9481    -0.1735
			    -0.9072    0.4048    -0.1141
			    -0.7503    0.0688    -0.6575
			    -0.0931    -0.4752    -0.8750
			    0.4977    0.8595    0.1167
			    -0.0800    0.1795    -0.9805
			    -0.8636    0.4786    0.1581
			    -0.4977    -0.8595    -0.1167
			    0.0800    -0.1795    0.9805
			    0.8636    -0.4786    -0.1581
		b:
			    -277.1720
			    18.3811
			    -404.1068
			    42.8151
			    -126.8626
			    -291.4230
			    489.8004
			    5.5102
			    103.0314
			    -477.8004
			    2.4898
			    -93.0314
	==================================================================================
	Q3:
		Shape: Hybrid
		q_c:    157.0000    456.0000    68.5000
		ub :    162.5334    459.2494    73.8754
		lb :    151.4666    452.7506    63.1246
		P^-1: 
			    0.1920    0.3013    -0.1177
			    0.3013    0.7635    -0.2739
			    -0.1177    -0.2739    0.1696
		A:
			    -0.3027    -0.8504    0.4302
			    -0.3810    -0.8889    0.2544
			    0.5058    0.5671    -0.6501
			    0.0202    -0.8900    0.4556
			    -0.8799    -0.1721    0.4428
			    -0.6626    -0.6687    0.3374
		b:
			    -405.2603
			    -447.1748
			    294.9531
			    -370.0903
			    -183.6182
			    -384.6536
	==================================================================================
	Q4:
		Shape: Hybrid
		q_c:    169.0000    456.0000    76.5000
		ub :    173.1950    462.3213    83.1819
		lb :    164.8050    449.6787    69.8181
		P^-1: 
			    0.2234    -0.0046    -0.0679
			    -0.0046    0.0525    -0.0102
			    -0.0679    -0.0102    0.0766
		A:
			    0.8777    -0.3365    -0.3412
			    -0.6731    0.7281    0.1297
			    0.9953    0.0615    -0.0751
			    -0.8251    0.4162    0.3821
			    0.7117    -0.4648    -0.5268
			    0.3903    0.2552    0.8846
		b:
			    -29.8026
			    230.6532
			    191.8990
			    81.2090
			    -129.9230
			    253.7929
	==================================================================================
	Q5:
		Shape: Polyhedra
		q_c:    158.0000    462.0000    78.5000
		ub :    162.5669    465.7126    81.6786
		lb :    153.4331    458.2874    75.3214
		A:
			    0.5070    0.5006    -0.7017
			    0.2479    0.9392    0.2374
			    0.3701    0.7159    0.5920
			    -0.2394    -0.9582    0.1568
			    0.2846    0.8108    -0.5115
			    -0.2977    -0.6658    -0.6842
			    0.2303    0.6343    0.7380
			    0.1223    0.7335    -0.6686
			    -0.9654    0.2443    0.0914
			    -0.2303    -0.6343    -0.7380
			    -0.1223    -0.7335    0.6686
			    0.9654    -0.2443    -0.0914
		b:
			    258.8054
			    493.7360
			    437.7429
			    -466.1862
			    381.4398
			    -406.3207
			    389.3520
			    307.7316
			    -28.5094
			    -385.3520
			    -303.7316
			    36.5094
	==================================================================================
	Q6:
		Shape: Hybrid
		q_c:    169.0000    453.5000    59.0000
		ub :    172.9826    458.4641    63.8508
		lb :    165.0174    448.5359    54.1492
		P^-1: 
			    0.0822    0.0026    0.0033
			    0.0026    0.0930    0.0141
			    0.0033    0.0141    0.0992
		A:
			    -0.3295    0.5960    0.7323
			    -0.9797    -0.0758    -0.1855
			    0.4893    0.6440    0.5880
			    0.8525    0.1584    -0.4981
			    -0.5450    -0.0421    -0.8374
			    -0.2045    0.9255    -0.3188
		b:
			    259.4123
			    -208.9283
			    411.0414
			    188.5226
			    -158.8684
			    368.2914


===========================================================================================
===========================================================================================
S3:
	q_c:    43.0000    499.0000    40.5000
	ub :    57.0000    513.0000    52.0000
	lb :    29.0000    485.0000    29.0000

	==================================================================================
	Q1:
		Shape: Hybrid
		q_c:    40.5000    490.0000    45.5000
		ub :    48.1648    497.8293    51.6066
		lb :    32.8352    482.1707    39.3934
		P^-1: 
			    0.0462    0.0058    0.0137
			    0.0058    0.0454    0.0127
			    0.0137    0.0127    0.0700
		A:
			    -0.7591    -0.4857    -0.4335
			    0.4377    -0.4952    -0.7505
			    -0.0776    -0.8213    0.5653
			    -0.2949    0.6719    -0.6794
			    0.4654    -0.2138    -0.8589
			    0.7122    -0.0993    0.6950
		b:
			    -286.1802
			    -256.3668
			    -376.6186
			    289.3404
			    -122.2699
			    14.0923
	==================================================================================
	Q2:
		Shape: Ellipse
		q_c:    39.5000    504.5000    30.5000
		ub :    47.3215    512.0268    37.9152
		lb :    31.6785    496.9732    23.0848
		P^-1: 
			    0.0473    0.0013    0.0037
			    0.0013    0.0486    -0.0023
			    0.0037    -0.0023    0.0429
	==================================================================================
	Q3:
		Shape: Ellipse
		q_c:    39.0000    498.0000    34.0000
		ub :    42.6407    502.6972    37.6734
		lb :    35.3593    493.3028    30.3266
		P^-1: 
			    0.2776    0.0267    -0.1062
			    0.0267    0.1301    0.1095
			    -0.1062    0.1095    0.3493
	==================================================================================
	Q4:
		Shape: Ellipse
		q_c:    45.5000    486.0000    42.0000
		ub :    52.8729    492.7386    49.5019
		lb :    38.1271    479.2614    34.4981
		P^-1: 
			    0.0431    0.0057    -0.0126
			    0.0057    0.0484    0.0004
			    -0.0126    0.0004    0.0535
	==================================================================================
	Q5:
		Shape: Hybrid
		q_c:    42.5000    506.5000    44.0000
		ub :    46.0966    509.8124    48.7979
		lb :    38.9034    503.1876    39.2021
		P^-1: 
			    0.3924    -0.0408    0.1273
			    -0.0408    0.4126    0.0996
			    0.1273    0.0996    0.1333
		A:
			    -0.9627    -0.2033    -0.1784
			    -0.9035    -0.0477    -0.4259
			    -0.0565    -0.8271    -0.5592
			    0.3919    -0.6705    -0.6300
			    -0.5639    0.7514    -0.3427
			    -0.4700    0.8249    0.3141
		b:
			    -150.6695
			    -80.5242
			    -444.8827
			    -348.7637
			    342.7967
			    412.6498
	==================================================================================
	Q6:
		Shape: Ellipse
		q_c:    40.0000    495.5000    43.0000
		ub :    45.5809    501.2056    48.3384
		lb :    34.4191    489.7944    37.6616
		P^-1: 
			    0.0870    0.0312    0.0104
			    0.0312    0.1075    -0.0401
			    0.0104    -0.0401    0.1260


===========================================================================================
===========================================================================================
S4:
	q_c:    101.5000    428.0000    238.0000
	ub :    118.0000    440.0000    258.0000
	lb :    85.0000    416.0000    218.0000

	==================================================================================
	Q1:
		Shape: Ellipse
		q_c:    98.5000    423.5000    240.5000
		ub :    104.6162    429.7971    247.6242
		lb :    92.3838    417.2029    233.3758
		P^-1: 
			    0.0701    0.0275    0.0111
			    0.0275    0.0859    0.0159
			    0.0111    0.0159    0.0282
	==================================================================================
	Q2:
		Shape: Ellipse
		q_c:    107.0000    434.0000    232.5000
		ub :    109.5475    438.8727    235.6735
		lb :    104.4525    429.1273    229.3265
		P^-1: 
			    0.1600    -0.0008    0.0012
			    -0.0008    0.0638    -0.0519
			    0.0012    -0.0519    0.2355
	==================================================================================
	Q3:
		Shape: Ellipse
		q_c:    103.5000    418.5000    230.0000
		ub :    111.8635    427.8600    239.2004
		lb :    95.1365    409.1400    220.7996
		P^-1: 
			    0.0306    -0.0023    -0.0014
			    -0.0023    0.0347    -0.0048
			    -0.0014    -0.0048    0.0356
	==================================================================================
	Q4:
		Shape: Hybrid
		q_c:    91.5000    423.0000    239.5000
		ub :    96.8297    429.3728    245.6728
		lb :    86.1703    416.6272    233.3272
		P^-1: 
			    0.1313    -0.0407    0.0234
			    -0.0407    0.0625    -0.0204
			    0.0234    -0.0204    0.0687
		A:
			    -0.4108    0.7319    -0.5437
			    0.6903    -0.6567    0.3038
			    -0.9688    0.1332    0.2090
			    -0.6771    0.7079    0.2012
			    0.8999    0.4307    -0.0689
			    -0.9327    -0.3580    0.0442
		b:
			    143.7095
			    -140.3199
			    19.6151
			    287.8526
			    250.7824
			    -223.5459
	==================================================================================
	Q5:
		Shape: Polyhedra
		q_c:    109.0000    437.0000    242.0000
		ub :    113.8104    442.2212    246.3408
		lb :    104.1896    431.7788    237.6592
		A:
			    0.7173    0.4339    0.5452
			    0.3297    -0.1386    0.9339
			    -0.8520    -0.4132    -0.3214
			    0.9153    0.3501    -0.1989
			    0.8432    0.3618    -0.3977
			    0.6329    0.2712    0.7252
			    0.7722    0.6301    0.0816
			    0.5920    -0.7602    0.2676
			    0.2307    -0.1584    -0.9601
			    -0.7722    -0.6301    -0.0816
			    -0.5920    0.7602    -0.2676
			    -0.2307    0.1584    0.9601
		b:
			    401.9095
			    205.0503
			    -349.1761
			    206.6954
			    155.8583
			    365.7418
			    380.7728
			    -197.8956
			    -273.4046
			    -377.7728
			    207.8956
			    279.4046
	==================================================================================
	Q6:
		Shape: Hybrid
		q_c:    106.5000    433.0000    234.5000
		ub :    110.9743    437.9044    238.3069
		lb :    102.0257    428.0956    230.6931
		P^-1: 
			    0.1613    -0.0293    -0.0462
			    -0.0293    0.0876    -0.0342
			    -0.0462    -0.0342    0.2236
		A:
			    -0.1129    -0.5290    0.8411
			    -0.3390    -0.1652    -0.9262
			    0.3039    -0.6010    0.7393
			    0.0562    -0.1088    -0.9925
			    -0.6928    -0.3437    0.6340
			    -0.4426    0.4373    0.7829
		b:
			    -42.5627
			    -322.9544
			    -53.0910
			    -272.4438
			    -72.5387
			    327.3578


===========================================================================================
===========================================================================================
S5:
	q_c:    467.5000    306.5000    288.5000
	ub :    476.0000    325.0000    308.0000
	lb :    459.0000    288.0000    269.0000

	==================================================================================
	Q1:
		Shape: Polyhedra
		q_c:    467.0000    300.0000    297.5000
		ub :    475.6727    307.0596    306.6668
		lb :    458.3273    292.9404    288.3332
		A:
			    0.3227    -0.9434    -0.0766
			    -0.1274    -0.7487    -0.6505
			    -0.3843    0.8584    0.3398
			    -0.6667    -0.6719    0.3225
			    0.1922    -0.4465    -0.8739
			    0.0373    -0.9609    -0.2745
			    0.8953    0.1170    0.4298
			    -0.2785    -0.6060    0.7451
			    0.3476    -0.7868    -0.5100
			    -0.8953    -0.1170    -0.4298
			    0.2785    0.6060    -0.7451
			    -0.3476    0.7868    0.5100
		b:
			    -151.1201
			    -473.5505
			    182.3013
			    -410.5319
			    -300.0083
			    -348.6756
			    587.5643
			    -83.6757
			    -222.4504
			    -574.5643
			    96.6757
			    228.4504
	==================================================================================
	Q2:
		Shape: Polyhedra
		q_c:    471.5000    315.0000    281.5000
		ub :    473.0504    319.6871    286.1858
		lb :    469.9496    310.3129    276.8142
		A:
			    0.7206    0.6866    0.0969
			    0.9834    0.1814    -0.0004
			    -0.0069    -0.9957    -0.0927
			    0.9590    0.1656    -0.2298
			    -0.9467    -0.1425    0.2890
			    0.9558    -0.2251    0.1891
			    0.1745    0.7034    0.6891
			    0.0120    0.6982    -0.7158
			    -0.9846    0.1332    0.1134
			    -0.1745    -0.7034    -0.6891
			    -0.0120    -0.6982    0.7158
			    0.9846    -0.1332    -0.1134
		b:
			    585.8791
			    522.1070
			    -339.8191
			    441.1276
			    -408.4253
			    434.4033
			    500.8315
			    27.6301
			    -389.3345
			    -494.8315
			    -20.6301
			    391.3345
	==================================================================================
	Q3:
		Shape: Polyhedra
		q_c:    469.5000    299.5000    286.0000
		ub :    475.2696    306.4394    293.6571
		lb :    463.7304    292.5606    278.3429
		A:
			    0.7265    0.4728    0.4986
			    0.3677    0.9096    -0.1936
			    0.8135    0.3114    0.4911
			    0.9480    0.2903    0.1309
			    -0.1597    -0.7523    -0.6392
			    -0.1404    0.0079    0.9901
			    0.6522    0.6723    0.3502
			    0.7474    -0.6475    -0.1489
			    0.1267    0.3589    -0.9248
			    -0.6522    -0.6723    -0.3502
			    -0.7474    0.6475    0.1489
			    -0.1267    -0.3589    0.9248
		b:
			    628.5535
			    394.0961
			    619.0978
			    572.7716
			    -479.4333
			    225.8001
			    610.7175
			    118.4322
			    -91.0252
			    -604.7175
			    -110.4322
			    104.0252
	==================================================================================
	Q4:
		Shape: Ellipse
		q_c:    470.5000    298.5000    287.0000
		ub :    476.4598    302.4762    293.2814
		lb :    464.5402    294.5238    280.7186
		P^-1: 
			    0.1311    0.0699    0.0597
			    0.0699    0.1614    0.0468
			    0.0597    0.0468    0.0791
	==================================================================================
	Q5:
		Shape: Polyhedra
		q_c:    476.0000    311.0000    291.0000
		ub :    483.8760    318.5395    299.2282
		lb :    468.1240    303.4605    282.7718
		A:
			    -0.9445    0.2144    0.2488
			    0.7980    0.5973    -0.0804
			    -0.5115    0.8472    0.1434
			    0.9798    0.1578    0.1227
			    -0.7949    -0.0973    -0.5989
			    -0.4907    0.4133    -0.7670
			    0.2687    0.9137    0.3047
			    0.8351    -0.3787    0.3991
			    0.4800    0.1472    -0.8648
			    -0.2687    -0.9137    -0.3047
			    -0.8351    0.3787    -0.3991
			    -0.4800    -0.1472    0.8648
		b:
			    -305.5928
			    547.5355
			    66.7893
			    556.0505
			    -578.1391
			    -323.5030
			    506.2594
			    400.3609
			    28.1318
			    -495.2594
			    -391.3609
			    -17.1318
	==================================================================================
	Q6:
		Shape: Polyhedra
		q_c:    461.5000    300.5000    288.0000
		ub :    468.1696    308.0551    295.2368
		lb :    454.8304    292.9449    280.7632
		A:
			    -0.9341    -0.3125    0.1723
			    0.9605    0.2214    0.1685
			    -0.7633    -0.6405    0.0845
			    0.9549    0.1621    -0.2487
			    0.8976    -0.2434    -0.3676
			    0.9514    -0.3072    0.0225
			    0.1110    0.6950    0.7104
			    0.4456    0.6041    -0.6607
			    -0.8883    0.3899    -0.2426
			    -0.1110    -0.6950    -0.7104
			    -0.4456    -0.6041    0.6607
			    0.8883    -0.3899    0.2426
		b:
			    -470.6466
			    562.8841
			    -515.6771
			    422.5284
			    239.8061
			    357.7432
			    468.6808
			    201.8972
			    -358.1703
			    -460.6808
			    -191.8972
			    367.1703


===========================================================================================
===========================================================================================
S6:
	q_c:    379.0000    141.5000    33.5000
	ub :    389.0000    169.0000    57.0000
	lb :    369.0000    114.0000    10.0000

	==================================================================================
	Q1:
		Shape: Hybrid
		q_c:    373.0000    149.0000    29.0000
		ub :    376.3783    151.6266    32.4763
		lb :    369.6217    146.3734    25.5237
		P^-1: 
			    0.3192    -0.0834    -0.1383
			    -0.0834    0.3890    -0.0920
			    -0.1383    -0.0920    0.2918
		A:
			    -0.3208    -0.9063    -0.2752
			    -0.4397    -0.6773    0.5898
			    0.3950    0.1683    -0.9031
			    -0.1251    0.9064    -0.4034
			    -0.3762    -0.1635    -0.9120
			    -0.4755    0.6300    0.6140
		b:
			    -260.9501
			    -247.0166
			    147.1655
			    77.4657
			    -189.0687
			    -64.6489
	==================================================================================
	Q2:
		Shape: Ellipse
		q_c:    379.0000    147.0000    29.5000
		ub :    381.2744    150.3235    32.6641
		lb :    376.7256    143.6765    26.3359
		P^-1: 
			    0.6385    0.2268    0.1643
			    0.2268    0.3924    0.3287
			    0.1643    0.3287    0.5246
	==================================================================================
	Q3:
		Shape: Polyhedra
		q_c:    383.0000    148.0000    33.5000
		ub :    387.3710    151.3617    37.8646
		lb :    378.6290    144.6383    29.1354
		A:
			    0.6573    -0.7336    0.1724
			    0.2309    0.8992    -0.3716
			    -0.2559    0.3151    -0.9139
			    -0.4813    0.5496    0.6829
			    0.7670    0.3596    0.5314
			    -0.3276    0.8803    0.3432
			    0.4025    0.7952    0.4534
			    -0.6341    0.5995    -0.4885
			    -0.6602    -0.0908    0.7455
			    -0.4025    -0.7952    -0.4534
			    0.6341    -0.5995    0.4885
			    0.6602    0.0908    -0.7455
		b:
			    151.4505
			    211.5337
			    -79.3671
			    -77.4218
			    366.9670
			    18.6603
			    289.0546
			    -167.9908
			    -238.3458
			    -285.0546
			    172.9908
			    244.3458
	==================================================================================
	Q4:
		Shape: Polyhedra
		q_c:    377.5000    143.0000    29.5000
		ub :    380.5156    145.6116    31.2715
		lb :    374.4844    140.3884    27.7285
		A:
			    -0.0133    -0.0231    -0.9996
			    0.1107    -0.9875    0.1123
			    0.5320    -0.2956    0.7934
			    0.3468    0.9373    -0.0338
			    -0.9170    0.2789    -0.2852
			    -0.0825    -0.3349    0.9386
			    0.4618    0.8719    0.1629
			    0.8776    -0.4224    -0.2268
			    -0.1290    0.2477    -0.9602
			    -0.4618    -0.8719    -0.1629
			    -0.8776    0.4224    0.2268
			    0.1290    -0.2477    0.9602
		b:
			    -36.6702
			    -94.3842
			    183.3643
			    265.4585
			    -312.4820
			    -50.2520
			    305.3192
			    266.6769
			    -40.5925
			    -302.3192
			    -261.6769
			    42.5925
	==================================================================================
	Q5:
		Shape: Hybrid
		q_c:    377.5000    146.0000    25.5000
		ub :    381.6760    150.1055    29.3456
		lb :    373.3240    141.8945    21.6544
		P^-1: 
			    0.1565    -0.0029    0.0123
			    -0.0029    0.1576    0.0102
			    0.0123    0.0102    0.1171
		A:
			    0.4131    0.8966    -0.1596
			    0.9015    -0.0079    -0.4328
			    0.7794    -0.0989    -0.6186
			    0.1444    -0.5655    -0.8120
			    -0.6082    0.5471    -0.5751
			    0.6673    -0.1189    0.7352
		b:
			    284.1392
			    329.5722
			    265.5811
			    -47.2762
			    -162.9944
			    254.6918
	==================================================================================
	Q6:
		Shape: Polyhedra
		q_c:    374.5000    139.5000    29.5000
		ub :    380.6665    145.3076    33.7294
		lb :    368.3335    133.6924    25.2706
		A:
			    0.9159    0.0390    0.3995
			    0.2560    0.8503    0.4599
			    0.9139    -0.3310    0.2351
			    0.1458    0.9508    0.2732
			    0.1762    0.2875    0.9414
			    -0.7921    -0.3222    -0.5185
			    0.3332    0.0662    0.9405
			    -0.6634    0.7253    0.1840
			    -0.6700    -0.6853    0.2855
			    -0.3332    -0.0662    -0.9405
			    0.6634    -0.7253    -0.1840
			    0.6700    0.6853    -0.2855
		b:
			    363.6165
			    231.6197
			    306.6811
			    199.1438
			    136.5187
			    -353.6716
			    164.2401
			    -137.8593
			    -334.0781
			    -159.2401
			    145.8593
			    342.0781


===========================================================================================
===========================================================================================
S7:
	q_c:    451.5000    23.5000    199.5000
	ub :    462.0000    28.0000    220.0000
	lb :    441.0000    19.0000    179.0000

	==================================================================================
	Q1:
		Shape: Hybrid
		q_c:    451.5000    29.0000    203.5000
		ub :    454.9737    33.0440    207.5525
		lb :    448.0263    24.9560    199.4475
		P^-1: 
			    0.1955    0.0435    0.0103
			    0.0435    0.2003    0.0347
			    0.0103    0.0347    0.1253
		A:
			    -0.7323    -0.5020    0.4602
			    -0.5283    -0.1646    0.8329
			    0.5816    -0.2317    0.7798
			    0.9701    -0.2289    0.0805
			    -0.5737    -0.5351    0.6201
			    -0.1939    -0.5116    -0.8370
		b:
			    -250.1017
			    -72.0306
			    416.3744
			    449.1978
			    -146.7384
			    -271.2849
	==================================================================================
	Q2:
		Shape: Hybrid
		q_c:    455.5000    24.5000    197.5000
		ub :    460.1260    27.6092    201.5979
		lb :    450.8740    21.3908    193.4021
		P^-1: 
			    0.3120    0.4081    0.0363
			    0.4081    0.7448    0.0862
			    0.0363    0.0862    0.1169
		A:
			    0.3211    0.9432    0.0847
			    0.8657    -0.3297    0.3767
			    0.7341    0.5898    -0.3364
			    -0.7323    -0.3010    -0.6108
			    -0.2852    -0.9148    -0.2859
			    0.1385    0.8795    0.4553
		b:
			    186.9071
			    464.0496
			    283.7913
			    -459.3016
			    -207.9092
			    175.8830
	==================================================================================
	Q3:
		Shape: Polyhedra
		q_c:    452.0000    23.0000    196.0000
		ub :    454.9841    26.8626    199.0566
		lb :    449.0159    19.1374    192.9434
		A:
			    -0.3261    0.4884    0.8094
			    0.3349    0.1229    -0.9342
			    0.3722    0.4568    -0.8080
			    0.7156    -0.0861    -0.6932
			    0.8226    0.2705    0.5002
			    -0.7504    -0.6379    0.1731
			    0.4911    0.1018    0.8651
			    -0.1329    0.9903    -0.0411
			    -0.8609    -0.0947    0.4999
			    -0.4911    -0.1018    -0.8651
			    0.1329    -0.9903    0.0411
			    0.8609    0.0947    -0.4999
		b:
			    24.9658
			    -26.8858
			    22.6336
			    187.2330
			    478.3990
			    -317.5914
			    396.3921
			    -41.8343
			    -291.8306
			    -391.3921
			    48.8343
			    294.8306
	==================================================================================
	Q4:
		Shape: Polyhedra
		q_c:    453.0000    22.5000    204.5000
		ub :    457.2012    27.2427    208.1667
		lb :    448.7988    17.7573    200.8333
		A:
			    0.6999    -0.6924    0.1753
			    0.7160    0.5446    -0.4367
			    -0.9765    -0.1737    -0.1275
			    -0.5103    -0.2192    -0.8316
			    -0.5422    0.1458    0.8275
			    -0.4810    -0.1680    0.8604
			    0.8353    0.3626    0.4133
			    -0.4627    0.0578    0.8846
			    0.2969    -0.9302    0.2161
			    -0.8353    -0.3626    -0.4133
			    0.4627    -0.0578    -0.8846
			    -0.2969    0.9302    -0.2161
		b:
			    341.0219
			    249.8716
			    -469.8428
			    -403.7399
			    -71.0536
			    -43.6133
			    473.5660
			    -25.4151
			    161.7362
			    -468.5660
			    29.4151
			    -153.7362
	==================================================================================
	Q5:
		Shape: Hybrid
		q_c:    450.0000    20.0000    194.5000
		ub :    453.0794    23.0959    196.3675
		lb :    446.9206    16.9041    192.6325
		P^-1: 
			    0.9802    0.2703    -1.5154
			    0.2703    0.3426    -0.6085
			    -1.5154    -0.6085    3.0871
		A:
			    -0.6655    -0.2151    0.7147
			    0.4399    0.0527    -0.8965
			    0.3430    0.2392    -0.9084
			    0.5480    -0.0621    -0.8342
			    -0.5510    -0.4164    0.7232
			    0.2783    0.1498    -0.9487
		b:
			    -164.2325
			    24.9828
			    -17.2496
			    83.5616
			    -114.9836
			    -55.8796
	==================================================================================
	Q6:
		Shape: Polyhedra
		q_c:    452.0000    28.0000    199.0000
		ub :    455.3907    31.2529    202.2989
		lb :    448.6093    24.7471    195.7011
		A:
			    0.7457    -0.4469    -0.4941
			    0.8983    -0.2229    -0.3787
			    0.4434    -0.3392    0.8297
			    0.9730    -0.2057    -0.1046
			    0.8970    -0.2986    -0.3258
			    -0.8705    -0.3670    0.3279
			    0.7412    0.5729    0.3499
			    -0.6275    0.7765    0.0578
			    -0.2386    -0.2624    0.9350
			    -0.7412    -0.5729    -0.3499
			    0.6275    -0.7765    -0.0578
			    0.2386    0.2624    -0.9350
		b:
			    228.0622
			    326.3907
			    358.3288
			    415.1763
			    334.1542
			    -336.0517
			    423.1821
			    -248.8844
			    73.3747
			    -418.1821
			    251.8844
			    -68.3747


===========================================================================================
===========================================================================================
S8:
	q_c:    11.5000    431.0000    348.5000
	ub :    23.0000    450.0000    373.0000
	lb :    0.0000    412.0000    324.0000

	==================================================================================
	Q1:
		Shape: Ellipse
		q_c:    4.0000    434.0000    351.0000
		ub :    13.8885    442.1399    360.8810
		lb :    -5.8885    425.8601    341.1190
		P^-1: 
			    0.0325    0.0085    0.0091
			    0.0085    0.0421    0.0024
			    0.0091    0.0024    0.0283
	==================================================================================
	Q2:
		Shape: Hybrid
		q_c:    18.0000    421.0000    344.5000
		ub :    23.0386    426.4088    346.7332
		lb :    12.9614    415.5912    342.2668
		P^-1: 
			    0.5416    0.4513    -0.1049
			    0.4513    0.4295    -0.1413
			    -0.1049    -0.1413    0.5010
		A:
			    0.0154    0.1083    0.9940
			    -0.3697    -0.2648    0.8907
			    -0.8453    -0.4722    -0.2499
			    0.5737    0.6740    -0.4654
			    0.5524    0.4692    -0.6889
			    0.8492    0.5267    -0.0385
		b:
			    389.5372
			    189.6413
			    -299.0771
			    134.4343
			    -29.2001
			    224.6519
	==================================================================================
	Q3:
		Shape: Ellipse
		q_c:    3.0000    438.5000    350.0000
		ub :    9.5714    445.8058    358.0797
		lb :    -3.5714    431.1942    341.9203
		P^-1: 
			    0.0755    -0.0120    -0.0131
			    -0.0120    0.0580    -0.0258
			    -0.0131    -0.0258    0.0534
	==================================================================================
	Q4:
		Shape: Polyhedra
		q_c:    17.5000    434.5000    337.5000
		ub :    23.8924    440.9152    340.7975
		lb :    11.1076    428.0848    334.2025
		A:
			    -0.6414    0.6158    0.4576
			    -0.8399    0.1314    0.5267
			    -0.4744    0.7687    0.4290
			    -0.7222    0.4677    0.5095
			    -0.9588    0.2629    -0.1076
			    -0.5708    0.3377    0.7484
			    0.7036    0.7106    0.0007
			    0.4673    -0.4634    0.7529
			    0.5353    -0.5294    -0.6582
			    -0.7036    -0.7106    -0.0007
			    -0.4673    0.4634    -0.7529
			    -0.5353    0.5294    0.6582
		b:
			    412.0466
			    223.2528
			    472.2983
			    364.0953
			    64.9208
			    390.8056
			    327.3251
			    64.4043
			    -441.7681
			    -315.3251
			    -57.4043
			    443.7681
	==================================================================================
	Q5:
		Shape: Hybrid
		q_c:    9.5000    428.5000    350.5000
		ub :    13.4160    431.8706    354.7050
		lb :    5.5840    425.1294    346.2950
		P^-1: 
			    0.1776    0.0049    0.0832
			    0.0049    0.1110    0.0007
			    0.0832    0.0007    0.1541
		A:
			    0.9438    0.1412    0.2988
			    -0.2800    -0.8266    -0.4883
			    -0.4683    0.2932    -0.8335
			    0.7087    0.0265    0.7050
			    0.5883    0.4043    0.7003
			    -0.5550    0.3571    -0.7513
		b:
			    175.5138
			    -526.2064
			    -169.6392
			    266.2053
			    425.5016
			    -114.3491
	==================================================================================
	Q6:
		Shape: Ellipse
		q_c:    6.5000    439.5000    348.0000
		ub :    13.4090    444.4875    355.0630
		lb :    -0.4090    434.5125    340.9370
		P^-1: 
			    0.1667    -0.1861    -0.0434
			    -0.1861    0.2961    0.0659
			    -0.0434    0.0659    0.0546


===========================================================================================
===========================================================================================
S9:
	q_c:    148.5000    59.5000    501.0000
	ub :    172.0000    75.0000    525.0000
	lb :    125.0000    44.0000    477.0000

	==================================================================================
	Q1:
		Shape: Polyhedra
		q_c:    149.0000    52.0000    495.5000
		ub :    157.2160    60.4701    505.8567
		lb :    140.7840    43.5299    485.1433
		A:
			    0.4427    -0.6946    0.5670
			    -0.2564    0.2991    -0.9191
			    -0.5466    -0.6857    -0.4806
			    0.7662    -0.6409    -0.0468
			    -0.3721    -0.9150    0.1560
			    -0.4513    0.2271    -0.8630
			    0.8837    0.0173    0.4676
			    -0.4665    0.1105    0.8776
			    -0.0365    -0.9937    0.1057
			    -0.8837    -0.0173    -0.4676
			    0.4665    -0.1105    -0.8776
			    0.0365    0.9937    -0.1057
		b:
			    317.3017
			    -471.1648
			    -349.0296
			    64.3188
			    -18.3542
			    -476.9149
			    368.7965
			    379.5674
			    2.7803
			    -359.7965
			    -362.5674
			    12.2197
	==================================================================================
	Q2:
		Shape: Ellipse
		q_c:    153.5000    47.0000    502.5000
		ub :    163.1719    58.3766    513.0218
		lb :    143.8281    35.6234    491.9782
		P^-1: 
			    0.0216    0.0041    0.0026
			    0.0041    0.0239    0.0001
			    0.0026    0.0001    0.0237
	==================================================================================
	Q3:
		Shape: Ellipse
		q_c:    143.0000    77.0000    493.5000
		ub :    154.4500    87.2932    506.2927
		lb :    131.5500    66.7068    480.7073
		P^-1: 
			    0.0246    -0.0159    0.0039
			    -0.0159    0.0532    -0.0322
			    0.0039    -0.0322    0.0351
	==================================================================================
	Q4:
		Shape: Ellipse
		q_c:    146.0000    72.0000    507.0000
		ub :    159.0835    78.7078    519.5036
		lb :    132.9165    65.2922    494.4964
		P^-1: 
			    0.0144    -0.0067    0.0032
			    -0.0067    0.0478    0.0039
			    0.0032    0.0039    0.0150
	==================================================================================
	Q5:
		Shape: Hybrid
		q_c:    160.5000    51.5000    487.5000
		ub :    169.1797    62.0617    499.9492
		lb :    151.8203    40.9383    475.0508
		P^-1: 
			    0.0523    -0.0225    -0.0015
			    -0.0225    0.0533    0.0239
			    -0.0015    0.0239    0.0242
		A:
			    0.1845    -0.9720    0.1453
			    -0.8871    0.2605    0.3811
			    0.7856    -0.5165    -0.3406
			    -0.9228    0.3474    0.1668
			    -0.8607    -0.2921    -0.4171
			    0.6402    -0.6051    -0.4734
		b:
			    55.8456
			    60.6038
			    -64.2101
			    -46.3350
			    -353.2684
			    -156.8233
	==================================================================================
	Q6:
		Shape: Hybrid
		q_c:    146.0000    62.5000    514.0000
		ub :    153.5986    67.6937    521.4335
		lb :    138.4014    57.3063    506.5665
		P^-1: 
			    0.0536    -0.0283    -0.0089
			    -0.0283    0.0936    0.0117
			    -0.0089    0.0117    0.0369
		A:
			    0.5146    -0.7845    -0.3461
			    0.0954    0.9954    0.0131
			    -0.0476    -0.9527    -0.3003
			    0.3000    0.8404    0.4514
			    0.8140    -0.5284    -0.2413
			    -0.2973    -0.9393    0.1715
		b:
			    -150.1804
			    85.1556
			    -218.6556
			    331.2161
			    -36.1549
			    -11.2056


===========================================================================================
===========================================================================================
S10:
	q_c:    194.5000    147.0000    321.0000
	ub :    216.0000    165.0000    339.0000
	lb :    173.0000    129.0000    303.0000

	==================================================================================
	Q1:
		Shape: Polyhedra
		q_c:    201.5000    140.0000    312.5000
		ub :    206.4181    147.1677    320.4491
		lb :    196.5819    132.8323    304.5509
		A:
			    -0.4888    0.1667    0.8563
			    -0.9419    -0.2936    -0.1631
			    -0.4898    0.8342    0.2533
			    0.7556    0.1777    -0.6305
			    -0.6421    -0.5952    -0.4832
			    -0.7681    -0.0415    -0.6389
			    0.8001    0.5447    0.2514
			    0.5996    -0.7389    -0.3073
			    0.0184    0.3966    -0.9178
			    -0.8001    -0.5447    -0.2514
			    -0.5996    0.7389    0.3073
			    -0.0184    -0.3966    0.9178
		b:
			    197.9305
			    -278.7650
			    101.2612
			    -14.8618
			    -360.4574
			    -355.8256
			    319.0290
			    -74.6520
			    -221.0918
			    -313.0290
			    82.6520
			    234.0918
	==================================================================================
	Q2:
		Shape: Hybrid
		q_c:    200.5000    133.0000    322.0000
		ub :    210.4000    143.0776    332.3890
		lb :    190.6000    122.9224    311.6110
		P^-1: 
			    0.0136    0.0049    -0.0031
			    0.0049    0.0320    -0.0105
			    -0.0031    -0.0105    0.0224
		A:
			    0.5234    0.7371    -0.4274
			    0.4174    0.4178    -0.8070
			    0.4834    -0.0378    -0.8746
			    -0.0750    0.3815    -0.9213
			    -0.7307    -0.6556    0.1906
			    -0.5644    0.3900    0.7276
		b:
			    68.4374
			    -117.0709
			    -184.7725
			    -257.0552
			    -168.1229
			    178.7211
	==================================================================================
	Q3:
		Shape: Ellipse
		q_c:    182.0000    164.0000    314.0000
		ub :    191.6967    173.0226    321.7594
		lb :    172.3033    154.9774    306.2406
		P^-1: 
			    0.0308    0.0099    0.0072
			    0.0099    0.0331    -0.0012
			    0.0072    -0.0012    0.0460
	==================================================================================
	Q4:
		Shape: Hybrid
		q_c:    201.5000    160.0000    321.0000
		ub :    206.6816    170.2656    329.5452
		lb :    196.3184    149.7344    312.4548
		P^-1: 
			    0.0894    0.0132    0.0204
			    0.0132    0.0280    0.0296
			    0.0204    0.0296    0.0686
		A:
			    0.2712    0.5295    0.8038
			    0.9850    -0.0176    0.1718
			    -0.9150    -0.3625    -0.1771
			    0.9972    -0.0747    0.0068
			    -0.9899    -0.0875    -0.1113
			    0.8940    0.3338    0.2990
		b:
			    399.2963
			    252.7976
			    -297.0741
			    193.2648
			    -247.3476
			    331.3045
	==================================================================================
	Q5:
		Shape: Hybrid
		q_c:    180.0000    154.0000    319.5000
		ub :    184.0393    165.4241    330.9950
		lb :    175.9607    142.5759    308.0050
		P^-1: 
			    3.6043    -1.1767    0.1837
			    -1.1767    0.4035    -0.0701
			    0.1837    -0.0701    0.0291
		A:
