3D_30_9_6_e                l = 3

===========================================================================================
===========================================================================================
S1:
	q_c:	298.5	319.5	449.0
	ub :	316.1265	343.8399	466.1449
	lb :	275.6054	299.5133	428.2662

	==================================================================================
	Q1:
		Shape: Ellipse
		q_c:	293.5	325.5	441.0
		ub :	302.3568	333.5934	451.7
		lb :	284.6432	317.4066	430.3
		P^-1:
			0.0776	-0.0313	0.03
			-0.0313	0.0474	-0.0175
			0.03	-0.0175	0.0239
	==================================================================================
	Q2:
		Shape: Polyhedra
		q_c:	302.0	313.5	455.0
		ub :	311.5553	324.7442	466.1449
		lb :	292.4447	302.2558	443.8551
		A:
			-0.733	-0.0998	0.6729
			0.0388	0.717	0.696
			-0.2658	0.7468	-0.6096
			-0.0855	0.9938	-0.0711
			0.2182	0.0491	-0.9747
			-0.8707	-0.282	-0.4028
			0.1084	0.7146	0.6911
			0.7761	0.3736	-0.5081
			-0.6213	0.5914	-0.5141
			-0.1084	-0.7146	-0.6911
			-0.7761	-0.3736	0.5081
			0.6213	-0.5914	0.5141
		b:
			58.6776
			559.663
			-115.8624
			260.4656
			-356.0477
			-528.041
			577.714
			125.3153
			-228.1145
			-564.714
			-115.3153
			244.1145
	==================================================================================
	Q3:
		Shape: Ellipse
		q_c:	300.0	335.5	451.5
		ub :	307.7896	343.8399	460.5547
		lb :	292.2104	327.1601	442.4453
		P^-1:
			0.046	0.0053	0.0053
			0.0053	0.0407	-0.0052
			0.0053	-0.0052	0.0205
	==================================================================================
	Q4:
		Shape: Hybrid
		q_c:	308.0	315.0	440.0
		ub :	316.1265	325.1107	451.7338
		lb :	299.8735	304.8893	428.2662
		P^-1:
			0.0303	-0.0105	-0.0042
			-0.0105	0.039	0.0104
			-0.0042	0.0104	0.0137
		A:
			0.6424	0.0142	0.7662
			0.128	0.9917	-0.011
			-0.3459	0.8001	0.49
			0.5263	0.2946	0.7977
			0.0442	0.9902	0.1325
			0.773	-0.3052	-0.5562
		b:
			545.7652
			350.7989
			363.7251
			611.7986
			387.0375
			-98.9045
	==================================================================================
	Q5:
		Shape: Polyhedra
		q_c:	301.0	307.0	441.0
		ub :	308.7811	314.4867	447.0383
		lb :	293.2189	299.5133	434.9617
		A:
			-0.9267	0.1392	0.349
			-0.7636	0.2786	0.5825
			-0.9077	0.3197	-0.2718
			-0.4426	0.708	0.5503
			-0.0977	0.5526	-0.8277
			0.5513	-0.5016	-0.6667
			0.3571	0.9311	0.0747
			0.5912	-0.1634	-0.7898
			-0.7231	0.3262	-0.6088
			-0.3571	-0.9311	-0.0747
			-0.5912	0.1634	0.7898
			0.7231	-0.3262	0.6088
		b:
			-78.479
			115.5382
			-289.3239
			330.6291
			-219.5328
			-278.9752
			431.7794
			-218.0034
			-379.9988
			-420.7794
			223.0034
			391.9988
	==================================================================================
	Q6:
		Shape: Ellipse
		q_c:	286.0	330.5	457.5
		ub :	296.3946	340.4651	464.7202
		lb :	275.6054	320.5349	450.2798
		P^-1:
			0.0329	-0.0208	0.0359
			-0.0208	0.0473	-0.0532
			0.0359	-0.0532	0.1179


===========================================================================================
===========================================================================================
S2:
	q_c:	166.5	236.0	153.0
	ub :	183.1727	254.1012	169.7069
	lb :	155.1468	222.2873	136.6472

	==================================================================================
	Q1:
		Shape: Polyhedra
		q_c:	175.0	234.5	151.0
		ub :	183.1727	243.1604	159.4429
		lb :	166.8273	225.8396	142.5571
		A:
			0.737	0.103	-0.668
			-0.1555	0.2359	0.9593
			0.0589	0.6702	0.7398
			0.5746	-0.6974	-0.4283
			-0.5571	-0.8211	-0.1238
			0.4588	0.7259	0.5124
			0.2371	0.6063	0.7591
			-0.9715	0.1414	0.1904
			0.0082	-0.7825	0.6226
			-0.2371	-0.6063	-0.7591
			0.9715	-0.1414	-0.1904
			-0.0082	0.7825	-0.6226
		b:
			59.4035
			177.8968
			282.8976
			-121.4115
			-303.194
			332.0248
			301.7878
			-100.5911
			-81.0734
			-294.7878
			115.5911
			95.0734
	==================================================================================
	Q2:
		Shape: Hybrid
		q_c:	162.5	235.0	143.5
		ub :	167.7926	241.6719	150.3528
		lb :	157.2074	228.3281	136.6472
		P^-1:
			0.062	0.0016	0.0034
			0.0016	0.0574	-0.0111
			0.0034	-0.0111	0.0387
		A:
			-0.0687	-0.8509	0.5209
			0.6074	0.304	-0.7339
			0.7436	0.0597	0.6659
			-0.5653	0.3399	-0.7516
			-0.0139	0.372	-0.9281
			-0.0157	-0.1571	0.9875
		b:
			-134.3451
			67.436
			232.9017
			-117.4639
			-45.2818
			105.295
	==================================================================================
	Q3:
		Shape: Polyhedra
		q_c:	163.0	248.5	143.5
		ub :	168.3343	254.1012	149.0334
		lb :	157.6657	242.8988	137.9666
		A:
			0.8763	0.2159	0.4306
			0.2963	-0.941	-0.1637
			-0.6695	-0.7242	0.1655
			-0.0667	0.7938	0.6045
			0.9031	0.1932	0.3836
			0.7962	0.363	0.484
			0.2312	0.8454	0.4816
			0.4112	0.3637	-0.8358
			-0.8818	0.3912	-0.2635
			-0.2312	-0.8454	-0.4816
			-0.4112	-0.3637	0.8358
			0.8818	-0.3912	0.2635
		b:
			261.7879
			-205.5264
			-261.8338
			276.6429
			253.7567
			292.9436
			320.3589
			40.9719
			-80.8195
			-313.3589
			-33.9719
			87.8195
	==================================================================================
	Q4:
		Shape: Polyhedra
		q_c:	173.5	229.0	163.0
		ub :	178.9662	235.7127	169.7069
		lb :	168.0338	222.2873	156.2931
		A:
			0.5787	-0.2093	-0.7883
			-0.5461	-0.5786	-0.6058
			-0.1703	-0.8403	-0.5146
			-0.8467	0.5074	0.1602
			-0.2551	-0.3706	-0.8931
			-0.6623	-0.4575	0.5934
			0.9937	0.0922	0.0635
			0.0103	-0.6402	0.7681
			0.1115	-0.7627	-0.6371
			-0.9937	-0.0922	-0.0635
			-0.0103	0.6402	-0.7681
			-0.1115	0.7627	0.6371
		b:
			-71.5066
			-321.5534
			-301.7637
			0.0849
			-270.3451
			-117.9634
			208.8857
			-14.6067
			-255.1495
			-198.8857
			24.6067
			263.1495
	==================================================================================
	Q5:
		Shape: Ellipse
		q_c:	163.0	230.5	154.0
		ub :	170.8532	236.9825	161.8622
		lb :	155.1468	224.0175	146.1378
		P^-1:
			0.0355	0.0173	0.0112
			0.0173	0.1065	0.0624
			0.0112	0.0624	0.0789
	==================================================================================
	Q6:
		Shape: Ellipse
		q_c:	161.0	241.5	144.0
		ub :	166.5167	248.2938	150.5439
		lb :	155.4833	234.7062	137.4561
		P^-1:
			0.0403	0.0025	0.0028
			0.0025	0.0575	0.0241
			0.0028	0.0241	0.0569


===========================================================================================
===========================================================================================
S3:
	q_c:	507.5	267.0	75.0
	ub :	517.7206	274.2631	84.7355
	lb :	498.7692	258.2703	66.9344

	==================================================================================
	Q1:
		Shape: Hybrid
		q_c:	512.0	268.0	77.0
		ub :	516.4984	272.0231	81.8431
		lb :	507.5016	263.9769	72.1569
		P^-1:
			0.1341	-0.0558	0.0069
			-0.0558	0.2108	-0.04
			0.0069	-0.04	0.0978
		A:
			0.3196	0.1178	-0.9402
			0.7578	-0.3983	-0.5167
			0.2471	0.9416	0.2287
			-0.1143	-0.7356	-0.6677
			0.859	-0.4651	0.214
			0.3889	-0.887	0.2489
		b:
			124.9925
			243.3079
			398.3562
			-304.7654
			333.0541
			-18.4518
	==================================================================================
	Q2:
		Shape: Hybrid
		q_c:	513.5	270.0	81.5
		ub :	517.7206	274.2631	84.7355
		lb :	509.2794	265.7369	78.2645
		P^-1:
			0.1436	0.0628	-0.0764
			0.0628	0.2324	-0.1476
			-0.0764	-0.1476	0.2907
		A:
			-0.4012	-0.3131	0.8608
			0.0623	0.9976	-0.0311
			0.8444	0.1468	-0.5153
			-0.4698	-0.7071	0.5285
			-0.5121	0.1391	0.8476
			0.4985	0.7291	-0.469
		b:
			-219.4096
			300.5489
			432.795
			-388.1747
			-154.6589
			415.5795
	==================================================================================
	Q3:
		Shape: Polyhedra
		q_c:	503.5	269.0	73.0
		ub :	507.4526	273.6529	77.3518
		lb :	499.5474	264.3471	68.6482
		A:
			0.0523	-0.7885	0.6128
			0.8869	0.203	-0.4149
			0.8706	0.2357	-0.4318
			-0.5993	0.3665	0.7117
			-0.2537	-0.2903	-0.9227
			-0.8543	0.1036	-0.5093
			0.3243	0.5917	0.7381
			-0.8414	0.537	-0.0608
			-0.4323	-0.6013	0.672
			-0.3243	-0.5917	-0.7381
			0.8414	-0.537	0.0608
			0.4323	0.6013	-0.672
		b:
			-138.2982
			473.5517
			472.9477
			-148.591
			-270.2153
			-437.0489
			379.3121
			-281.6235
			-327.3773
			-373.3121
			285.6235
			333.3773
	==================================================================================
	Q4:
		Shape: Polyhedra
		q_c:	512.5	268.5	78.5
		ub :	516.3887	273.1629	82.8546
		lb :	508.6113	263.8371	74.1454
		A:
			0.9369	0.3344	-0.1019
			-0.4415	0.0293	-0.8968
			-0.5413	0.77	-0.3378
			0.211	-0.5993	-0.7722
			0.3525	0.0917	0.9313
			0.928	0.3726	0.008
			0.5056	0.5728	0.6452
			0.2277	0.6327	-0.7402
			-0.8322	0.5212	0.1894
			-0.5056	-0.5728	-0.6452
			-0.2277	-0.6327	0.7402
			0.8322	-0.5212	-0.1894
		b:
			564.5924
			-286.1983
			-94.2862
			-111.0781
			280.9695
			578.7677
			465.5784
			231.9753
			-269.1704
			-461.5784
			-224.9753
			274.1704
	==================================================================================
	Q5:
		Shape: Ellipse
		q_c:	503.5	264.0	73.5
		ub :	506.2101	266.8951	76.3469
		lb :	500.7899	261.1049	70.6531
		P^-1:
			0.293	-0.03	-0.0749
			-0.03	0.2709	0.0522
			-0.0749	0.0522	0.3805
	==================================================================================
	Q6:
		Shape: Hybrid
		q_c:	503.5	263.0	72.0
		ub :	508.2308	267.7297	77.0656
		lb :	498.7692	258.2703	66.9344
		P^-1:
			0.1002	-0.004	0.0237
			-0.004	0.1802	0.0854
			0.0237	0.0854	0.1433
		A:
			0.0145	0.5881	0.8087
			0.6988	0.7028	-0.1329
			-0.1478	-0.4836	-0.8627
			0.5575	-0.6573	0.5071
			-0.8735	-0.3717	-0.3145
			0.1121	-0.39	-0.9139
		b:
			221.3633
			529.636
			-262.4329
			146.537
			-558.2546
			-110.33


===========================================================================================
===========================================================================================
S4:
	q_c:	115.0	303.0	117.0
	ub :	124.9127	311.3893	126.2648
	lb :	106.6462	290.901	103.9371

	==================================================================================
	Q1:
		Shape: Polyhedra
		q_c:	113.5	306.0	112.5
		ub :	117.1115	310.897	117.9589
		lb :	109.8885	301.103	107.0411
		A:
			0.9769	-0.2137	0.0047
			-0.9762	0.1817	-0.1183
			0.6178	-0.7641	-0.1855
			-0.6848	-0.1193	0.7189
			-0.5812	-0.2144	0.785
			-0.684	0.7289	0.0303
			0.3884	0.5331	0.7516
			-0.9214	0.232	0.3117
			-0.0082	-0.8136	0.5813
			-0.3884	-0.5331	-0.7516
			0.9214	-0.232	-0.3117
			0.0082	0.8136	-0.5813
		b:
			48.303
			-66.0064
			-182.0843
			-31.0391
			-40.8335
			151.0674
			296.2709
			3.4751
			-182.0049
			-287.2709
			0.5249
			187.0049
	==================================================================================
	Q2:
		Shape: Ellipse
		q_c:	111.0	297.0	113.0
		ub :	115.3538	302.3751	118.5338
		lb :	106.6462	291.6249	107.4662
		P^-1:
			0.1861	0.0191	0.0868
			0.0191	0.0655	0.0134
			0.0868	0.0134	0.1234
	==================================================================================
	Q3:
		Shape: Polyhedra
		q_c:	118.0	306.5	121.5
		ub :	120.5954	310.6604	126.2648
		lb :	115.4046	302.3396	116.7352
		A:
			0.8434	0.5143	0.1555
			-0.1528	-0.5431	0.8256
			0.0298	0.763	0.6457
			0.8873	-0.3991	-0.2312
			0.9218	0.3492	-0.1685
			0.4424	0.5235	-0.7282
			0.045	0.3636	0.9305
			-0.905	0.4093	-0.1161
			-0.4231	-0.8368	0.3475
			-0.045	-0.3636	-0.9305
			0.905	-0.4093	0.1161
			0.4231	0.8368	-0.3475
		b:
			278.5652
			-81.1472
			319.5168
			-43.8027
			197.4323
			127.0657
			233.8072
			6.061
			-261.69
			-225.8072
			-3.061
			266.69
	==================================================================================
	Q4:
		Shape: Ellipse
		q_c:	118.5	296.0	110.5
		ub :	124.9127	301.099	117.0629
		lb :	112.0873	290.901	103.9371
		P^-1:
			0.0622	0.0039	0.0203
			0.0039	0.0502	0.0033
			0.0203	0.0033	0.0586
	==================================================================================
	Q5:
		Shape: Polyhedra
		q_c:	110.5	301.5	117.0
		ub :	113.6899	306.8379	122.7503
		lb :	107.3101	296.1621	111.2497
		A:
			0.6945	-0.7167	-0.0627
			-0.7434	0.0621	0.666
			0.9085	-0.1776	0.3783
			0.5399	0.7716	-0.3365
			0.7692	-0.5499	-0.3254
			-0.8501	0.4351	0.2967
			0.5403	0.6618	0.5197
			0.103	0.5609	-0.8214
			-0.8351	0.4974	0.2349
			-0.5403	-0.6618	-0.5197
			-0.103	-0.5609	0.8214
			0.8351	-0.4974	-0.2349
		b:
			-145.0493
			17.2644
			93.6695
			256.998
			-117.7741
			73.0344
			323.5412
			88.9057
			86.1516
			-316.5412
			-79.9057
			-84.1516
	==================================================================================
	Q6:
		Shape: Hybrid
		q_c:	117.0	305.5	117.0
		ub :	122.6526	311.3893	120.1749
		lb :	111.3474	299.6107	113.8251
		P^-1:
			0.1346	-0.0785	0.034
			-0.0785	0.1052	-0.029
			0.034	-0.029	0.2102
		A:
			-0.8634	0.4628	-0.2007
			-0.7283	0.572	-0.3775
			-0.5527	0.7901	-0.265
			0.2833	-0.2741	-0.919
			-0.4883	0.82	0.2987
			0.8957	-0.0432	-0.4426
		b:
			18.2362
			46.4727
			147.1654
			-156.7008
			230.1257
			42.2085


===========================================================================================
===========================================================================================
S5:
	q_c:	534.0	196.0	364.5
	ub :	550.771	221.6668	378.2154
	lb :	517.4047	174.61	347.1001

	==================================================================================
	Q1:
		Shape: Ellipse
		q_c:	538.0	208.0	354.5
		ub :	542.6709	212.6492	361.8999
		lb :	533.3291	203.3508	347.1001
		P^-1:
			0.136	-0.0916	-0.0029
			-0.0916	0.1758	0.0095
			-0.0029	0.0095	0.0211
	==================================================================================
	Q2:
		Shape: Ellipse
		q_c:	527.0	190.5	358.5
		ub :	536.5953	201.3826	369.8782
		lb :	517.4047	179.6174	347.1218
		P^-1:
			0.0371	-0.0184	0.0157
			-0.0184	0.0325	-0.0092
			0.0157	-0.0092	0.0271
	==================================================================================
	Q3:
		Shape: Hybrid
		q_c:	545.5	183.5	358.5
		ub :	550.771	190.3749	365.7879
		lb :	540.229	176.6251	351.2121
		P^-1:
			0.0497	-0.002	-0.0006
			-0.002	0.0527	0.0137
			-0.0006	0.0137	0.0426
		A:
			-0.2262	-0.8944	-0.3858
			0.7059	-0.0895	0.7026
			0.7595	0.366	0.5378
			-0.1692	0.5159	-0.8398
			-0.5356	-0.8442	0.0199
			0.6701	-0.6953	0.2599
		b:
			-423.6656
			623.4016
			676.6957
			-295.2633
			-437.3324
			333.8666
	==================================================================================
	Q4:
		Shape: Hybrid
		q_c:	527.5	211.5	359.0
		ub :	536.1236	221.6668	364.9196
		lb :	518.8764	201.3332	353.0804
		P^-1:
			0.0754	0.0214	0.0594
			0.0214	0.0215	0.018
			0.0594	0.018	0.11
		A:
			0.4064	0.3477	0.845
			-0.3644	0.5526	-0.7496
			0.8486	0.1623	0.5036
			-0.1762	-0.3154	-0.9325
			-0.6417	-0.5667	-0.5168
			-0.3747	-0.2494	-0.893
		b:
			593.1288
			-339.8819
			664.6982
			-491.8489
			-641.2505
			-569.3043
	==================================================================================
	Q5:
		Shape: Hybrid
		q_c:	542.5	207.0	371.5
		ub :	549.4611	214.1176	378.2154
		lb :	535.5389	199.8824	364.7846
		P^-1:
			0.031	0.0101	0.0077
			0.0101	0.062	0.019
			0.0077	0.019	0.0564
		A:
			-0.3291	0.7965	0.5072
			-0.5295	-0.7775	-0.3392
			-0.3184	-0.9244	-0.2102
			0.182	0.7069	0.6835
			0.0195	-0.0277	-0.9994
			0.4859	-0.8393	-0.244
		b:
			177.4562
			-572.0806
			-440.0519
			500.7721
			-363.7431
			2.4788
	==================================================================================
	Q6:
		Shape: Hybrid
		q_c:	532.0	187.0	361.0
		ub :	544.6687	199.39	370.4396
		lb :	519.3313	174.61	351.5604
		P^-1:
			0.0155	-0.0052	0.0003
			-0.0052	0.0149	-0.0005
			0.0003	-0.0005	0.0139
		A:
			-0.9019	-0.0151	-0.4318
			-0.7726	-0.0363	0.6339
			-0.1124	0.312	-0.9434
			0.9358	-0.2018	-0.289
			-0.3884	0.5678	0.7258
			0.8894	-0.0413	-0.4553
		b:
			-633.4432
			-183.8155
			-337.1836
			360.2907
			166.0717
			306.0743


===========================================================================================
===========================================================================================
S6:
	q_c:	340.5	26.0	454.0
	ub :	347.4428	34.3681	463.2923
	lb :	333.7635	18.0144	447.7939

	==================================================================================
	Q1:
		Shape: Hybrid
		q_c:	345.0	21.5	459.0
		ub :	347.4428	24.8428	462.3395
		lb :	342.5572	18.1572	455.6605
		P^-1:
			2.1258	1.7508	0.843
			1.7508	1.6418	0.7134
			0.843	0.7134	0.5035
		A:
			0.6647	0.7455	-0.049
			-0.7613	-0.5417	-0.3563
			-0.7594	-0.6459	0.0784
			-0.6547	-0.6505	-0.385
			-0.8584	-0.477	-0.1889
			0.561	0.3642	-0.7434
		b:
			223.6137
			-437.4978
			-239.0515
			-416.2569
			-392.4845
			-137.7337
	==================================================================================
	Q2:
		Shape: Ellipse
		q_c:	339.0	29.5	453.0
		ub :	343.0155	32.9934	456.774
		lb :	334.9845	26.0066	449.226
		P^-1:
			0.1812	-0.0377	0.0064
			-0.0377	0.2269	-0.0113
			0.0064	-0.0113	0.1619
	==================================================================================
	Q3:
		Shape: Ellipse
		q_c:	338.0	28.5	452.0
		ub :	340.8426	32.1939	456.2061
		lb :	335.1574	24.8061	447.7939
		P^-1:
			0.4051	-0.081	-0.0676
			-0.081	0.2394	-0.0532
			-0.0676	-0.0532	0.1315
	==================================================================================
	Q4:
		Shape: Polyhedra
		q_c:	343.5	26.5	459.5
		ub :	346.7929	29.8191	463.2751
		lb :	340.2071	23.1809	455.7249
		A:
			0.9592	0.0631	-0.2757
			-0.6086	-0.5155	0.6032
			-0.3498	0.0159	-0.9367
			0.7272	-0.6442	0.237
			-0.5699	-0.2558	-0.7809
			0.3165	-0.8834	-0.3456
			0.741	0.1534	0.6538
			0.0551	0.9564	-0.2868
			-0.6692	0.2486	0.7002
			-0.741	-0.1534	-0.6538
			-0.0551	-0.9564	0.2868
			0.6692	-0.2486	-0.7002
		b:
			206.8051
			56.9746
			-548.019
			343.9623
			-559.3229
			-71.0204
			560.9998
			-85.0153
			100.9635
			-556.9998
			90.0153
			-95.9635
	==================================================================================
	Q5:
		Shape: Ellipse
		q_c:	342.5	30.0	456.5
		ub :	346.037	34.3681	460.8548
		lb :	338.963	25.6319	452.1452
		P^-1:
			0.348	-0.0312	-0.1479
			-0.0312	0.1152	0.0195
			-0.1479	0.0195	0.2035
	==================================================================================
	Q6:
		Shape: Polyhedra
		q_c:	336.0	20.5	460.5
		ub :	338.2365	22.9856	463.2923
		lb :	333.7635	18.0144	457.7077
		A:
			-0.6731	0.6827	0.2844
			0.9162	-0.2333	0.3257
			-0.363	0.9154	-0.1742
			-0.6989	0.5043	-0.5072
			0.9036	-0.0598	-0.4243
			0.8997	-0.4308	0.0704
			0.7683	0.6369	0.0635
			0.6381	-0.7542	-0.1549
			-0.0508	0.1595	-0.9859
			-0.7683	-0.6369	-0.0635
			-0.6381	0.7542	0.1549
			0.0508	-0.1595	0.9859
		b:
			-79.6571
			454.7766
			-181.7459
			-456.1024
			108.6739
			327.4532
			301.9503
			129.0969
			-465.2875
			-298.9503
			-126.0969
			470.2875


===========================================================================================
===========================================================================================
S7:
	q_c:	313.0	170.5	92.0
	ub :	330.4742	196.4997	116.2158
	lb :	282.0554	152.8752	70.5016

	==================================================================================
	Q1:
		Shape: Hybrid
		q_c:	301.0	172.0	92.5
		ub :	315.4851	186.8466	102.6127
		lb :	286.5149	157.1534	82.3873
		P^-1:
			0.0114	0.001	-0.0039
			0.001	0.0137	-0.0078
			-0.0039	-0.0078	0.0291
		A:
			0.7605	0.5287	-0.3769
			-0.1514	-0.1273	-0.9802
			0.2269	-0.4351	-0.8713
			-0.8164	-0.0052	-0.5775
			0.8128	-0.5731	-0.1045
			-0.5302	0.313	0.788
		b:
			290.4361
			-153.5952
			-81.7892
			-293.4494
			143.1762
			-27.7871
	==================================================================================
	Q2:
		Shape: Hybrid
		q_c:	307.0	162.0	94.5
		ub :	317.3321	167.5561	104.3395
		lb :	296.6679	156.4439	84.6605
		P^-1:
			0.0915	-0.1561	0.0285
			-0.1561	0.3711	-0.0294
			0.0285	-0.0294	0.0329
		A:
			-0.1709	0.0722	0.9826
			0.2414	-0.9501	0.1974
			0.5229	-0.8504	-0.0583
			-0.9963	0.0747	0.0414
			-0.5009	0.8575	-0.1173
			0.0866	-0.9729	0.2143
		b:
			58.9022
			-59.5002
			18.87
			-283.082
			-25.0284
			-108.0519
	==================================================================================
	Q3:
		Shape: Polyhedra
		q_c:	321.0	180.5	100.5
		ub :	330.4742	189.6597	106.3242
		lb :	311.5258	171.3403	94.6758
		A:
			0.9575	-0.1548	0.2433
			-0.1302	-0.1587	0.9787
			0.6751	-0.1585	0.7205
			0.3102	-0.0983	-0.9456
			0.6087	-0.062	-0.7909
			0.2084	-0.2429	-0.9474
			0.6169	0.7429	0.2598
			0.6885	-0.6693	0.2792
			0.3813	0.0067	-0.9244
			-0.6169	-0.7429	-0.2598
			-0.6885	0.6693	-0.2792
			-0.3813	-0.0067	0.9244
		b:
			310.544
			31.068
			266.7474
			-10.6063
			107.758
			-69.1522
			364.2278
			135.262
			33.2115
			-352.2278
			-121.262
			-28.2115
	==================================================================================
	Q4:
		Shape: Hybrid
		q_c:	318.0	161.5	82.0
		ub :	326.0609	170.1248	93.4984
		lb :	309.9391	152.8752	70.5016
		P^-1:
			0.0382	0.0039	0.0044
			0.0039	0.0284	-0.0021
			0.0044	-0.0021	0.0111
		A:
			0.7088	-0.6708	0.2181
			-0.8326	-0.5021	0.2339
			0.7609	0.3692	0.5337
			0.7012	0.4896	0.5183
			0.9185	-0.271	0.288
			-0.7857	0.6033	0.137
		b:
			138.2188
			-323.4731
			349.1493
			348.4542
			274.8013
			-137.2923
	==================================================================================
	Q5:
		Shape: Hybrid
		q_c:	292.0	167.5	107.5
		ub :	301.9446	177.2202	116.2158
		lb :	282.0554	157.7798	98.7842
		P^-1:
			0.03	-0.0096	-0.0006
			-0.0096	0.0309	-0.001
			-0.0006	-0.001	0.0232
		A:
			0.3684	-0.9233	0.1087
			0.4248	-0.0137	-0.9052
			0.9669	-0.2393	0.0884
			0.4652	-0.8753	0.1321
			0.9587	0.1122	-0.2615
			-0.3897	0.8713	-0.2981
		b:
			-32.5859
			28.3224
			254.909
			6.0996
			274.36
			2.9212
	==================================================================================
	Q6:
		Shape: Polyhedra
		q_c:	315.5	185.5	104.0
		ub :	327.0516	196.4997	114.7617
		lb :	303.9484	174.5003	93.2383
		A:
			-0.8317	-0.5542	0.0327
			0.4698	0.8149	0.3393
			0.5674	0.5385	-0.6229
			0.2965	-0.9153	0.2726
			-0.4782	0.8177	-0.3205
			0.5997	-0.2471	0.7611
			0.587	0.8074	0.0594
			0.8066	-0.5896	0.0429
			0.0696	0.0228	-0.9973
			-0.587	-0.8074	-0.0594
			-0.8066	0.5896	-0.0429
			-0.0696	-0.0228	0.9973
		b:
			-354.2296
			342.4338
			222.8593
			-39.887
			-24.3663
			231.5965
			348.6519
			157.5712
			-67.5262
			-333.6519
			-141.5712
			87.5262


===========================================================================================
===========================================================================================
S8:
	q_c:	214.5	240.0	469.0
	ub :	247.1554	266.8205	502.3279
	lb :	181.8535	207.303	439.6056

	==================================================================================
	Q1:
		Shape: Hybrid
		q_c:	213.0	227.0	473.5
		ub :	223.2005	237.1916	479.4109
		lb :	202.7995	216.8084	467.5891
		P^-1:
			0.1248	-0.0662	-0.3084
			-0.0662	0.0518	0.1781
			-0.3084	0.1781	0.8483
		A:
			-0.2526	0.5442	0.8
			-0.4707	0.3635	0.8039
			-0.2069	0.3589	0.9102
			0.0939	0.6213	-0.7779
			0.8641	0.4689	0.183
			0.3209	-0.2986	-0.8988
		b:
			451.3635
			364.7388
			469.9907
			-201.1425
			386.0308
			-424.1869
	==================================================================================
	Q2:
		Shape: Hybrid
		q_c:	195.5	230.5	485.5
		ub :	209.1465	243.3925	502.3279
		lb :	181.8535	217.6075	468.6721
		P^-1:
			0.0331	-0.0146	-0.0148
			-0.0146	0.0214	0.0049
			-0.0148	0.0049	0.0138
		A:
			-0.9105	-0.0649	0.4084
			0.2927	0.9045	-0.3103
			-0.4061	0.0432	0.9128
			-0.8675	0.2497	0.4302
			0.2491	-0.2207	-0.943
			-0.5962	0.7881	-0.1531
		b:
			9.4225
			121.46
			380.3804
			99.4864
			-452.0622
			-4.5799
	==================================================================================
	Q3:
		Shape: Hybrid
		q_c:	206.5	239.5	490.0
		ub :	217.739	253.3118	499.7312
		lb :	195.261	225.6882	480.2688
		P^-1:
			0.0171	-0.0025	0.0009
			-0.0025	0.0095	0.0023
			0.0009	0.0023	0.0199
		A:
			0.2282	-0.9708	0.0745
			-0.9288	-0.3488	-0.1252
			0.737	-0.2094	-0.6426
			-0.4128	0.3492	-0.8412
			-0.8925	0.1785	0.4141
			0.9626	-0.2318	-0.1402
		b:
			-142.161
			-331.4341
			-208.8776
			-409.5079
			65.4613
			78.5844
	==================================================================================
	Q4:
		Shape: Ellipse
		q_c:	218.0	258.5	449.5
		ub :	227.8392	266.8205	459.3944
		lb :	208.1608	250.1795	439.6056
		P^-1:
			0.0438	0.0151	0.0225
			0.0151	0.0514	0.0201
			0.0225	0.0201	0.0333
	==================================================================================
	Q5:
		Shape: Polyhedra
		q_c:	209.0	216.5	460.5
		ub :	217.1426	223.5738	467.9761
		lb :	200.8574	209.4262	453.0239
		A:
			-0.2703	0.7011	-0.6599
			-0.4414	0.5501	-0.7089
			-0.8852	0.2886	-0.3649
			-0.1447	-0.9021	-0.4065
			0.8026	-0.3224	0.502
			-0.5217	0.8343	0.1782
			0.688	0.2328	0.6874
			-0.6092	-0.3295	0.7213
			0.3944	-0.915	-0.0848
			-0.688	-0.2328	-0.6874
			0.6092	0.3295	-0.7213
			-0.3944	0.915	0.0848
		b:
			-203.594
			-295.0526
			-286.5584
			-408.5631
			332.961
			158.2313
			514.2297
			140.0084
			-150.2391
			-507.2297
			-127.0084
			159.2391
	==================================================================================
	Q6:
		Shape: Hybrid
		q_c:	228.5	225.0	472.5
		ub :	247.1554	242.697	492.4729
		lb :	209.8446	207.303	452.5271
		P^-1:
			0.0054	-0.0009	0.0014
			-0.0009	0.0073	-0.0017
			0.0014	-0.0017	0.008
		A:
			-0.2363	0.3952	0.8877
			-0.0223	-0.0312	-0.9993
			0.0981	0.0843	0.9916
			0.0431	0.3683	-0.9287
			-0.5354	-0.0214	0.8443
			-0.7159	0.6791	-0.162
		b:
			462.4443
			-477.5654
			516.5865
			-340.081
			280.2425
			-80.4311


===========================================================================================
===========================================================================================
S9:
	q_c:	216.0	358.0	296.5
	ub :	239.9885	379.6329	322.0163
	lb :	191.0972	329.6567	274.6432

	==================================================================================
	Q1:
		Shape: Ellipse
		q_c:	230.5	372.5	297.0
		ub :	239.9885	379.6329	307.3926
		lb :	221.0115	365.3671	286.6074
		P^-1:
			0.1582	0.1825	0.0829
			0.1825	0.255	0.1078
			0.0829	0.1078	0.0667
	==================================================================================
	Q2:
		Shape: Polyhedra
		q_c:	211.5	342.0	310.0
		ub :	225.1108	354.3433	322.0163
		lb :	197.8892	329.6567	297.9837
		A:
			0.6353	-0.6994	0.3274
			0.6777	0.0704	0.7319
			0.5394	0.4599	0.7054
			-0.546	-0.8086	-0.2193
			0.4018	0.7864	-0.4692
			-0.2515	-0.8464	-0.4694
			0.6648	0.3303	0.67
			0.6561	0.1708	-0.7351
			-0.3572	0.9283	-0.1031
			-0.6648	-0.3303	-0.67
			-0.6561	-0.1708	0.7351
			0.3572	-0.9283	0.1031
		b:
			5.6523
			400.1991
			495.7187
			-452.5678
			218.1075
			-480.7342
			466.7728
			-20.7185
			219.4525
			-455.7728
			40.7185
			-200.4525
	==================================================================================
	Q3:
		Shape: Polyhedra
		q_c:	204.5	340.0	288.0
		ub :	217.9028	345.533	301.3568
		lb :	191.0972	334.467	274.6432
		A:
			0.3629	-0.917	0.1659
			-0.2367	-0.9328	0.2718
			0.2847	-0.9471	0.1479
			0.1426	-0.9739	0.1767
			-0.2512	-0.8042	0.5387
			0.6285	-0.7724	0.0918
			0.7579	0.0604	0.6496
			-0.6482	0.183	0.7392
			-0.0742	-0.9813	0.1779
			-0.7579	-0.0604	-0.6496
			0.6482	-0.183	-0.7392
			0.0742	0.9813	-0.1779
		b:
			-184.6008
			-283.4774
			-216.5302
			-247.1057
			-164.9347
			-100.7276
			373.1154
			150.553
			-294.0785
			-352.1154
			-134.553
			301.0785
	==================================================================================
	Q4:
		Shape: Hybrid
		q_c:	218.5	342.5	298.0
		ub :	230.1134	351.4981	311.432
		lb :	206.8866	333.5019	284.568
		P^-1:
			0.0091	0.0006	0.0
			0.0006	0.023	0.0032
			0.0	0.0032	0.0083
		A:
			0.4137	0.8914	-0.1852
			-0.4468	-0.7846	0.4299
			-0.2284	-0.9505	0.2106
			-0.7051	-0.3311	-0.627
			0.6543	-0.3939	-0.6455
			0.0907	0.7895	0.607
		b:
			345.2368
			-232.3063
			-308.2664
			-447.4732
			-177.5934
			475.5645
	==================================================================================
	Q5:
		Shape: Hybrid
		q_c:	209.5	355.0	286.0
		ub :	219.2945	360.8188	295.0946
		lb :	199.7055	349.1812	276.9054
		P^-1:
			0.0218	-0.0202	0.0083
			-0.0202	0.7547	-0.4241
			0.0083	-0.4241	0.2649
		A:
			0.1228	-0.9119	0.3917
			-0.0672	0.8891	-0.4527
			0.4477	0.6529	-0.611
			-0.4244	0.7414	-0.5199
			-0.3653	-0.4945	0.7887
			0.0241	0.8419	-0.5392
		b:
			-185.0613
			172.6622
			153.7844
			28.1609
			-23.1455
			150.2807
	==================================================================================
	Q6:
		Shape: Ellipse
		q_c:	217.5	354.5	290.5
		ub :	231.292	367.4978	301.8992
		lb :	203.708	341.5022	279.1008
		P^-1:
			0.0159	0.0002	-0.0016
			0.0002	0.0158	-0.0011
			-0.0016	-0.0011	0.0155


===========================================================================================
===========================================================================================
