3D_35_14_6_d                l = 3

===========================================================================================
===========================================================================================
S1:
	q_c:	366.5	142.5	428.5
	ub :	372.1293	148.0694	436.0773
	lb :	361.0072	137.6986	424.7702

	==================================================================================
	Q1:
		Shape: Polyhedra
		q_c:	364.0	144.5	432.0
		ub :	366.9928	146.4436	434.5366
		lb :	361.0072	142.5564	429.4634
		A:
			0.1335	0.9001	-0.4148
			-0.191	-0.7615	0.6194
			0.5226	-0.3973	-0.7544
			-0.2574	-0.918	0.3017
			-0.2593	-0.0879	0.9618
			0.7065	0.443	0.552
			0.8852	0.0612	0.4612
			-0.3824	-0.4688	0.7962
			0.265	-0.8812	-0.3916
			-0.8852	-0.0612	-0.4612
			0.3824	0.4688	-0.7962
			-0.265	0.8812	0.3916
		b:
			0.6886
			89.1496
			-191.7494
			-94.7356
			309.5955
			561.9744
			532.7854
			138.0194
			-198.5583
			-527.7854
			-136.0194
			201.5583
	==================================================================================
	Q2:
		Shape: Polyhedra
		q_c:	369.0	140.0	429.5
		ub :	371.3441	141.8173	431.7904
		lb :	366.6559	138.1827	427.2096
		A:
			0.0901	0.9102	-0.4042
			-0.3846	-0.3658	0.8475
			0.6803	0.732	0.0353
			-0.4619	-0.2266	-0.8575
			0.2939	0.1714	-0.9403
			0.1539	-0.915	0.3729
			0.6392	0.0659	0.7662
			-0.6224	0.6295	0.4651
			-0.4517	-0.7742	0.4434
			-0.6392	-0.0659	-0.7662
			0.6224	-0.6295	-0.4651
			0.4517	0.7742	-0.4434
		b:
			-11.7998
			172.0299
			369.8661
			-568.9566
			-270.1407
			90.0204
			575.6764
			59.7205
			-83.6352
			-572.6764
			-56.7205
			85.6352
	==================================================================================
	Q3:
		Shape: Hybrid
		q_c:	364.5	142.5	427.5
		ub :	367.3294	145.1833	430.2298
		lb :	361.6706	139.8167	424.7702
		P^-1:
			0.25	-0.0006	0.0006
			-0.0006	0.6385	-0.3748
			0.0006	-0.3748	0.6115
		A:
			-0.0861	-0.9804	0.1772
			0.411	-0.9084	-0.0773
			-0.0187	0.974	-0.226
			-0.0835	-0.9202	0.3825
			0.1127	-0.4481	-0.8869
			0.0215	-0.5511	-0.8341
		b:
			-94.4335
			-11.4583
			36.2115
			2.6487
			-400.4906
			-425.8259
	==================================================================================
	Q4:
		Shape: Ellipse
		q_c:	365.0	142.5	432.0
		ub :	367.998	145.1171	434.3768
		lb :	362.002	139.8829	429.6232
		P^-1:
			0.4221	0.1384	-0.3344
			0.1384	0.3862	0.0025
			-0.3344	0.0025	0.7961
	==================================================================================
	Q5:
		Shape: Polyhedra
		q_c:	367.5	145.5	433.0
		ub :	370.7561	148.0694	436.0773
		lb :	364.2439	142.9306	429.9227
		A:
			-0.4891	0.4128	-0.7683
			-0.5198	0.7032	-0.485
			0.2808	-0.6673	0.6898
			-0.7031	0.488	-0.5171
			0.1586	-0.822	-0.5469
			0.6614	-0.6447	0.3833
			0.5555	0.7689	0.3165
			0.5171	-0.6175	0.5927
			0.6512	-0.1656	-0.7406
			-0.5555	-0.7689	-0.3165
			-0.5171	0.6175	-0.5927
			-0.6512	0.1656	0.7406
		b:
			-451.2373
			-297.6769
			305.9385
			-410.2089
			-295.9498
			316.385
			455.0675
			357.8266
			-102.9518
			-451.0675
			-355.8266
			107.9518
	==================================================================================
	Q6:
		Shape: Hybrid
		q_c:	368.5	140.5	432.5
		ub :	372.1293	143.3014	435.9886
		lb :	364.8707	137.6986	429.0114
		P^-1:
			0.1207	-0.0001	0.0352
			-0.0001	0.25	0.0
			0.0352	0.0	0.2404
		A:
			0.5982	0.3564	0.7178
			0.1268	0.9689	0.2126
			0.24	0.8927	-0.3815
			0.2649	0.0916	0.9599
			-0.9551	0.1164	0.2725
			-0.2083	0.2988	0.9313
		b:
			582.1115
			275.8125
			50.0035
			526.6538
			-215.7357
			369.2509


===========================================================================================
===========================================================================================
S2:
	q_c:	193.5	72.5	169.0
	ub :	204.5893	79.2465	187.0466
	lb :	175.0069	55.9947	151.7765

	==================================================================================
	Q1:
		Shape: Polyhedra
		q_c:	180.5	63.5	169.0
		ub :	185.9931	69.7112	175.0056
		lb :	175.0069	57.2888	162.9944
		A:
			-0.8946	-0.088	-0.4381
			0.8745	-0.1422	-0.4636
			0.9652	-0.101	0.2413
			0.6879	0.512	0.5145
			-0.4785	-0.1172	-0.8702
			0.812	0.4013	0.4239
			0.6862	0.1483	0.7122
			-0.6691	0.5128	0.5379
			-0.2855	-0.8456	0.4511
			-0.6862	-0.1483	-0.7122
			0.6691	-0.5128	-0.5379
			0.2855	0.8456	-0.4511
		b:
			-238.0617
			73.7568
			211.591
			247.0178
			-237.818
			247.0395
			256.6255
			5.7056
			-23.9875
			-250.6255
			0.2944
			33.9875
	==================================================================================
	Q2:
		Shape: Hybrid
		q_c:	201.0	68.5	157.0
		ub :	203.1997	70.8685	162.2235
		lb :	198.8003	66.1315	151.7765
		P^-1:
			0.6283	-0.266	0.01
			-0.266	0.8027	0.0876
			0.01	0.0876	0.0534
		A:
			0.3156	-0.9488	-0.0106
			-0.9104	0.3865	-0.1479
			0.3002	0.9403	0.1602
			-0.1477	-0.9492	-0.2779
			-0.9727	0.1096	0.2045
			0.9634	0.2131	0.1625
		b:
			-2.5788
			-178.9055
			150.7512
			-137.4198
			-154.5895
			234.716
	==================================================================================
	Q3:
		Shape: Ellipse
		q_c:	183.5	72.5	165.5
		ub :	191.0631	79.2465	173.393
		lb :	175.9369	65.7535	157.607
		P^-1:
			0.0881	0.0481	-0.0392
			0.0481	0.0875	-0.0353
			-0.0392	-0.0353	0.0448
	==================================================================================
	Q4:
		Shape: Polyhedra
		q_c:	189.5	61.5	166.5
		ub :	195.4652	65.951	171.7956
		lb :	183.5348	57.049	161.2044
		A:
			0.6926	0.5263	-0.4933
			0.2443	-0.6464	0.7228
			0.7632	0.3769	0.5248
			0.842	0.5152	0.1599
			-0.513	0.6561	0.5535
			-0.7433	0.2036	0.6372
			0.1214	0.9628	0.2414
			0.5745	0.1302	-0.8081
			-0.8095	0.2368	-0.5373
			-0.1214	-0.9628	-0.2414
			-0.5745	-0.1302	0.8081
			0.8095	-0.2368	0.5373
		b:
			83.8945
			131.2669
			259.9821
			221.9978
			38.2046
			-19.6419
			125.4073
			-15.6777
			-222.7952
			-119.4073
			19.6777
			233.7952
	==================================================================================
	Q5:
		Shape: Ellipse
		q_c:	188.0	64.0	178.5
		ub :	196.2935	70.8691	187.0466
		lb :	179.7065	57.1309	169.9534
		P^-1:
			0.0891	-0.0503	0.0459
			-0.0503	0.0623	-0.0353
			0.0459	-0.0353	0.0559
	==================================================================================
	Q6:
		Shape: Hybrid
		q_c:	198.0	63.0	174.5
		ub :	204.5893	70.0053	181.8257
		lb :	191.4107	55.9947	167.1743
		P^-1:
			0.0334	0.0011	0.0022
			0.0011	0.0363	0.0064
			0.0022	0.0064	0.0458
		A:
			-0.412	0.4916	0.7672
			-0.3246	0.8545	0.4055
			0.3907	-0.1244	0.9121
			0.1819	-0.896	-0.4051
			-0.4089	0.7455	-0.5263
			0.1178	-0.8959	-0.4283
		b:
			85.8351
			63.1165
			231.2926
			-88.3801
			-122.6216
			-105.146


===========================================================================================
===========================================================================================
S3:
	q_c:	313.5	202.5	349.5
	ub :	324.6976	219.2978	361.2139
	lb :	300.5309	192.1543	338.08

	==================================================================================
	Q1:
		Shape: Ellipse
		q_c:	306.0	203.0	351.5
		ub :	310.4066	208.4323	357.0745
		lb :	301.5934	197.5677	345.9255
		P^-1:
			0.3235	-0.0029	-0.1814
			-0.0029	0.0605	-0.0037
			-0.1814	-0.0037	0.1723
	==================================================================================
	Q2:
		Shape: Polyhedra
		q_c:	312.5	211.0	344.5
		ub :	319.2153	219.2978	350.92
		lb :	305.7847	202.7022	338.08
		A:
			0.5172	0.8218	-0.239
			0.0634	-0.6951	0.7161
			0.0305	-0.6214	0.7829
			-0.8034	-0.2475	-0.5416
			0.09	-0.3321	-0.9389
			-0.625	-0.3608	0.6923
			0.1171	0.1845	0.9758
			-0.3778	0.917	-0.1281
			-0.9184	-0.3537	0.1771
			-0.1171	-0.1845	-0.9758
			0.3778	-0.917	0.1281
			0.9184	0.3537	-0.1771
		b:
			257.6919
			125.6751
			153.777
			-485.3225
			-360.3389
			-28.5181
			416.7118
			37.7959
			-296.6184
			-406.7118
			-24.7959
			304.6184
	==================================================================================
	Q3:
		Shape: Polyhedra
		q_c:	313.5	197.5	349.5
		ub :	320.7199	202.8457	356.3617
		lb :	306.2801	192.1543	342.6383
		A:
			-0.3719	-0.7281	-0.5758
			-0.1571	-0.8758	-0.4563
			-0.6049	-0.782	-0.1504
			0.4041	0.9066	0.1213
			0.3023	0.9501	0.0773
			-0.1833	-0.9721	-0.1464
			0.4323	0.7768	0.4579
			0.5839	0.1458	-0.7986
			-0.6872	0.6126	-0.3905
			-0.4323	-0.7768	-0.4579
			-0.5839	-0.1458	0.7986
			0.6872	-0.6126	0.3905
		b:
			-459.546
			-379.3187
			-394.0938
			350.7154
			312.2072
			-297.8272
			450.9757
			-62.282
			-225.9388
			-446.9757
			72.282
			235.9388
	==================================================================================
	Q4:
		Shape: Hybrid
		q_c:	316.5	209.0	344.0
		ub :	322.4937	214.4145	347.9035
		lb :	310.5063	203.5855	340.0965
		P^-1:
			0.0786	0.0032	0.0614
			0.0032	0.0868	0.0439
			0.0614	0.0439	0.2156
		A:
			-0.0595	0.4257	-0.9029
			0.1664	0.6098	0.7749
			-0.5595	-0.5167	-0.648
			-0.1226	0.347	-0.9298
			0.2298	0.9035	0.3618
			0.0944	0.8973	-0.4312
		b:
			-238.3354
			447.9899
			-506.395
			-284.2287
			388.2137
			71.9665
	==================================================================================
	Q5:
		Shape: Ellipse
		q_c:	321.0	205.0	352.5
		ub :	324.6976	210.0408	357.8938
		lb :	317.3024	199.9592	347.1062
		P^-1:
			0.3312	-0.1778	-0.0175
			-0.1778	0.1615	0.0119
			-0.0175	0.0119	0.0412
	==================================================================================
	Q6:
		Shape: Ellipse
		q_c:	306.5	200.5	355.0
		ub :	312.4691	206.3579	361.2139
		lb :	300.5309	194.6421	348.7861
		P^-1:
			0.0793	0.0209	0.0135
			0.0209	0.0885	0.0155
			0.0135	0.0155	0.0389


===========================================================================================
===========================================================================================
S4:
	q_c:	191.5	41.0	286.0
	ub :	223.5917	69.3428	318.0814
	lb :	167.2029	18.7619	262.4487

	==================================================================================
	Q1:
		Shape: Hybrid
		q_c:	197.5	59.0	278.5
		ub :	210.3808	65.0694	288.0149
		lb :	184.6192	52.9306	268.9851
		P^-1:
			0.0113	-0.0107	0.0132
			-0.0107	0.0809	-0.0386
			0.0132	-0.0386	0.0543
		A:
			-0.2944	0.5871	-0.7541
			0.1024	-0.4259	0.899
			-0.3356	-0.7482	-0.5723
			0.0634	0.9791	-0.1932
			-0.6681	0.5973	-0.4438
			-0.5476	0.7661	-0.3364
		b:
			-231.5673
			248.1188
			-265.216
			18.9996
			-215.2366
			-152.4076
	==================================================================================
	Q2:
		Shape: Hybrid
		q_c:	208.0	35.5	299.0
		ub :	223.5917	52.2381	314.8465
		lb :	192.4083	18.7619	283.1535
		P^-1:
			0.0165	-0.0056	-0.0094
			-0.0056	0.0107	0.0018
			-0.0094	0.0018	0.0171
		A:
			0.2737	0.953	-0.1296
			-0.2515	0.2998	-0.9202
			-0.5066	0.8622	-0.0072
			0.1855	0.6843	-0.7052
			0.6042	-0.7959	-0.0372
			0.0872	0.9272	0.3644
		b:
			60.4527
			-309.7936
			-71.397
			-141.7407
			91.4107
			168.4713
	==================================================================================
	Q3:
		Shape: Hybrid
		q_c:	195.0	39.5	276.5
		ub :	208.2633	54.118	290.5513
		lb :	181.7367	24.882	262.4487
		P^-1:
			0.0147	-0.0034	-0.0024
			-0.0034	0.014	-0.0027
			-0.0024	-0.0027	0.0159
		A:
			0.5955	-0.5074	-0.6228
			-0.8765	-0.0146	-0.4812
			-0.0305	-0.325	0.9452
			-0.7146	-0.473	0.5153
			0.9278	0.0213	0.3726
			-0.3073	-0.9131	0.2681
		b:
			-72.1218
			-298.9873
			246.4633
			-10.9746
			290.2631
			-16.6865
	==================================================================================
	Q4:
		Shape: Ellipse
		q_c:	178.0	50.0	275.5
		ub :	188.7971	62.9256	287.4765
		lb :	167.2029	37.0744	263.5235
		P^-1:
			0.0195	-0.0013	-0.0001
			-0.0013	0.0178	0.0018
			-0.0001	0.0018	0.0147
	==================================================================================
	Q5:
		Shape: Polyhedra
		q_c:	196.0	56.0	308.0
		ub :	208.8527	69.3428	318.0814
		lb :	183.1473	42.6572	297.9186
		A:
			0.0378	0.9977	0.0564
			0.8168	0.2437	0.523
			-0.84	-0.3623	0.4039
			-0.764	-0.6189	0.1826
			-0.9766	-0.2133	0.0291
			-0.5104	-0.0765	0.8566
			0.631	0.6739	0.3843
			0.751	-0.6548	-0.0849
			0.1944	0.3422	-0.9193
			-0.631	-0.6739	-0.3843
			-0.751	0.6548	0.0849
			-0.1944	-0.3422	0.9193
		b:
			88.7581
			342.5534
			-52.9537
			-120.7328
			-186.3608
			166.8722
			287.2793
			93.3923
			-218.8705
			-272.2793
			-75.3923
			232.8705
	==================================================================================
	Q6:
		Shape: Ellipse
		q_c:	202.0	36.0	304.0
		ub :	209.5681	46.5223	314.2544
		lb :	194.4319	25.4777	293.7456
		P^-1:
			0.039	0.0045	0.0098
			0.0045	0.0201	0.009
			0.0098	0.009	0.0337


===========================================================================================
===========================================================================================
S5:
	q_c:	366.5	464.0	364.5
	ub :	388.2473	479.8995	381.9247
	lb :	352.243	448.2924	348.1587

	==================================================================================
	Q1:
		Shape: Polyhedra
		q_c:	360.0	465.5	358.0
		ub :	366.0811	471.4339	364.7019
		lb :	353.9189	459.5661	351.2981
		A:
			-0.5667	0.6537	-0.5015
			0.5518	-0.13	0.8238
			0.6919	-0.7116	-0.1219
			0.1829	0.7445	-0.6421
			-0.6942	-0.089	0.7142
			-0.6749	-0.6964	-0.244
			0.3337	0.8015	0.4963
			0.7047	-0.5618	0.4334
			0.6262	0.2051	-0.7522
			-0.3337	-0.8015	-0.4963
			-0.7047	0.5618	-0.4334
			-0.6262	-0.2051	0.7522
		b:
			-76.7004
			436.3162
			-122.5428
			186.5277
			-31.1756
			-650.0472
			675.3812
			149.8409
			56.1071
			-666.3812
			-144.8409
			-47.1071
	==================================================================================
	Q2:
		Shape: Hybrid
		q_c:	361.0	471.0	357.0
		ub :	369.757	479.8995	362.8384
		lb :	352.243	462.1005	351.1616
		P^-1:
			0.037	-0.0123	0.0104
			-0.0123	0.0354	-0.0136
			0.0104	-0.0136	0.0729
		A:
			0.8869	0.3861	-0.2537
			-0.5236	0.8268	0.2054
			-0.0358	-0.1354	0.9901
			-0.7928	-0.1437	0.5922
			-0.8639	0.4936	-0.1001
			0.0657	0.918	-0.3911
		b:
			415.7898
			277.0911
			278.8145
			-138.8263
			-112.1776
			320.0549
	==================================================================================
	Q3:
		Shape: Polyhedra
		q_c:	363.5	467.0	370.0
		ub :	370.9803	475.0871	376.9429
		lb :	356.0197	458.9129	363.0571
		A:
			-0.4208	-0.838	0.3475
			0.4079	0.9086	-0.0897
			0.0479	-0.2248	0.9732
			0.9126	-0.3995	0.0869
			0.5568	0.8206	-0.1288
			0.9075	0.4088	0.0968
			0.0991	0.8191	0.5651
			0.1152	0.5546	-0.8241
			-0.9884	0.1468	-0.0394
			-0.0991	-0.8191	-0.5651
			-0.1152	-0.5546	0.8241
			0.9884	-0.1468	0.0394
		b:
			-410.8637
			544.7381
			276.9361
			183.7422
			543.3911
			562.863
			633.6176
			-0.042
			-298.7884
			-621.6176
			8.042
			311.7884
	==================================================================================
	Q4:
		Shape: Polyhedra
		q_c:	367.5	462.0	356.5
		ub :	375.7092	467.8487	364.8413
		lb :	359.2908	456.1513	348.1587
		A:
			-0.0173	-0.9345	-0.3555
			-0.2183	0.9188	0.3289
			0.521	0.5192	0.6775
			0.818	-0.2761	-0.5046
			-0.7455	-0.5306	-0.4034
			0.6416	0.1056	0.7598
			0.1802	0.8877	0.4236
			0.7164	0.1766	-0.6749
			-0.674	0.4252	-0.6041
			-0.1802	-0.8877	-0.4236
			-0.7164	-0.1766	0.6749
			0.674	-0.4252	0.6041
		b:
			-561.7221
			465.0007
			676.5519
			-1.2113
			-658.814
			559.9449
			630.3936
			110.2743
			-261.6395
			-624.3936
			-98.2743
			271.6395
	==================================================================================
	Q5:
		Shape: Ellipse
		q_c:	378.0	470.0	368.5
		ub :	388.2473	478.5236	378.1535
		lb :	367.7527	461.4764	358.8465
		P^-1:
			0.0335	-0.0182	-0.0054
			-0.0182	0.0509	-0.0008
			-0.0054	-0.0008	0.0237
	==================================================================================
	Q6:
		Shape: Ellipse
		q_c:	362.5	455.0	375.0
		ub :	367.9846	461.7076	381.9247
		lb :	357.0154	448.2924	368.0753
		P^-1:
			0.0563	0.0275	0.0255
			0.0275	0.1578	0.1079
			0.0255	0.1079	0.1057


===========================================================================================
===========================================================================================
S6:
	q_c:	479.5	119.0	314.5
	ub :	490.7982	140.1561	333.0481
	lb :	466.1041	107.3744	300.2543

	==================================================================================
	Q1:
		Shape: Polyhedra
		q_c:	475.0	133.0	311.0
		ub :	479.4074	140.1561	318.4193
		lb :	470.5926	125.8439	303.5807
		A:
			0.5681	0.8216	-0.0469
			0.3799	0.682	0.6249
			-0.3978	-0.7706	0.498
			0.332	0.7234	0.6053
			-0.3712	0.9189	0.1337
			-0.9474	-0.05	-0.3163
			0.8932	0.4285	0.1364
			0.4456	-0.8842	-0.14
			0.0607	0.1858	-0.9807
			-0.8932	-0.4285	-0.1364
			-0.4456	0.8842	0.14
			-0.0607	-0.1858	0.9807
		b:
			367.9691
			469.9975
			-131.4785
			446.7849
			-6.5682
			-552.1027
			525.1882
			56.4917
			-244.9682
			-522.1882
			-44.4917
			257.9682
	==================================================================================
	Q2:
		Shape: Ellipse
		q_c:	488.0	122.0	325.5
		ub :	490.7982	129.5213	333.0481
		lb :	485.2018	114.4787	317.9519
		P^-1:
			0.2475	-0.0092	-0.0213
			-0.0092	0.0426	-0.0186
			-0.0213	-0.0186	0.046
	==================================================================================
	Q3:
		Shape: Polyhedra
		q_c:	472.5	129.5	313.0
		ub :	478.817	134.2305	319.613
		lb :	466.183	124.7695	306.387
		A:
			0.8493	0.5276	0.0167
			-0.9902	-0.0723	-0.1197
			0.4525	0.8902	0.052
			-0.4078	-0.4962	-0.7664
			-0.2744	0.4706	-0.8386
			-0.9018	-0.372	-0.2202
			0.598	0.2568	0.7592
			-0.7954	0.0734	0.6017
			0.0988	-0.9637	0.2482
			-0.598	-0.2568	-0.7592
			0.7954	-0.0734	-0.6017
			-0.0988	0.9637	-0.2482
		b:
			478.9902
			-510.417
			349.111
			-492.8743
			-327.387
			-539.021
			557.4598
			-173.4818
			3.0711
			-549.4598
			182.4818
			3.9289
	==================================================================================
	Q4:
		Shape: Polyhedra
		q_c:	474.0	114.0	309.5
		ub :	481.8959	120.3462	317.7255
		lb :	466.1041	107.6538	301.2745
		A:
			0.4359	0.1356	-0.8897
			0.0727	0.9686	-0.2376
			0.2372	0.7041	-0.6693
			-0.6663	0.7085	0.2327
			0.9991	0.043	-0.0054
			0.3045	-0.1613	-0.9388
			0.1007	0.994	0.0419
			0.7997	-0.0558	-0.5979
			-0.592	0.0937	-0.8005
			-0.1007	-0.994	-0.0419
			-0.7997	0.0558	0.5979
			0.592	-0.0937	0.8005
		b:
			-48.4603
			76.909
			-8.992
			-158.0841
			482.0251
			-159.4482
			179.5056
			191.6479
			-510.6607
			-168.5056
			-183.6479
			524.6607
	==================================================================================
	Q5:
		Shape: Ellipse
		q_c:	479.5	113.5	306.0
		ub :	484.6177	119.6256	311.7457
		lb :	474.3823	107.3744	300.2543
		P^-1:
			0.3067	0.0522	-0.1833
			0.0522	0.0594	-0.0398
			-0.1833	-0.0398	0.1677
	==================================================================================
	Q6:
		Shape: Polyhedra
		q_c:	474.5	129.5	314.5
		ub :	481.5367	136.2352	320.5765
		lb :	467.4633	122.7648	308.4235
		A:
			0.02	0.9569	-0.2898
			-0.9414	-0.1088	0.3193
			-0.7429	0.4719	-0.4748
			-0.4422	-0.7418	0.5041
			0.921	0.059	-0.3852
			0.9005	-0.3984	0.1742
			0.6315	0.6346	0.4455
			0.6776	-0.731	0.0807
			0.3769	0.251	-0.8916
			-0.6315	-0.6346	-0.4455
			-0.6776	0.731	-0.0807
			-0.3769	-0.251	0.8916
		b:
			46.3014
			-356.1818
			-436.9297
			-143.097
			327.5882
			434.2435
			526.9544
			255.7317
			-65.091
			-516.9544
			-248.7317
			73.091


===========================================================================================
===========================================================================================
S7:
	q_c:	360.5	404.0	484.5
	ub :	384.3774	436.3515	505.0495
	lb :	344.4703	382.3682	459.8308

	==================================================================================
	Q1:
		Shape: Ellipse
		q_c:	376.0	392.5	478.0
		ub :	384.3774	398.4494	488.7148
		lb :	367.6226	386.5506	467.2852
		P^-1:
			0.0455	0.0121	-0.0198
			0.0121	0.1421	-0.0433
			-0.0198	-0.0433	0.0329
	==================================================================================
	Q2:
		Shape: Polyhedra
		q_c:	371.5	396.5	473.0
		ub :	381.6958	410.6318	486.1692
		lb :	361.3042	382.3682	459.8308
		A:
			-0.6385	0.2876	0.7139
			-0.833	0.434	0.3431
			-0.7569	-0.166	-0.6321
			0.9289	-0.368	-0.041
			0.739	-0.1815	0.6489
			-0.9056	0.1686	0.3893
			0.2855	0.6974	0.6574
			0.2704	0.5994	-0.7534
			-0.9194	0.3929	-0.0174
			-0.2855	-0.6974	-0.6574
			-0.2704	-0.5994	0.7534
			0.9194	-0.3929	0.0174
		b:
			222.2305
			31.009
			-638.2236
			185.2882
			516.7603
			-78.935
			702.5241
			-8.6964
			-188.5277
			-684.5241
			27.6964
			199.5277
	==================================================================================
	Q3:
		Shape: Hybrid
		q_c:	355.5	412.5	494.5
		ub :	363.3544	423.0928	505.0495
		lb :	347.6456	401.9072	483.9505
		P^-1:
			0.0314	0.0036	0.0043
			0.0036	0.026	0.0092
			0.0043	0.0092	0.0281
		A:
			0.0313	-0.2104	-0.9771
			0.5632	-0.6385	-0.5245
			0.98	0.1305	-0.1505
			-0.9682	0.1074	0.2261
			0.1655	-0.6586	-0.7341
			0.9479	0.1345	0.2888
		b:
			-555.3908
			-319.1318
			331.1024
			-184.6766
			-572.8501
			538.1701
	==================================================================================
	Q4:
		Shape: Polyhedra
		q_c:	357.5	425.5	483.0
		ub :	370.5297	436.3515	496.4693
		lb :	344.4703	414.6485	469.5307
		A:
			0.8283	-0.0441	0.5586
			0.4687	0.7083	-0.5279
			0.2156	-0.6242	-0.7509
			-0.1467	0.9563	0.2531
			-0.0851	0.6697	0.7377
			-0.1884	-0.8052	-0.5623
			0.8409	0.0182	0.5408
			-0.4529	0.5707	0.685
			-0.2962	-0.8209	0.4882
			-0.8409	-0.0182	-0.5408
			0.4529	-0.5707	-0.685
			0.2962	0.8209	-0.4882
		b:
			556.1471
			222.4439
			-544.5305
			484.0296
			617.7447
			-674.0034
			578.5936
			418.2952
			-210.8932
			-560.5936
			-405.2952
			227.8932
	==================================================================================
	Q5:
		Shape: Hybrid
		q_c:	358.0	405.5	494.5
		ub :	370.1694	418.8166	502.8994
		lb :	345.8306	392.1834	486.1006
		P^-1:
			0.022	0.0104	-0.0165
			0.0104	0.0181	-0.0213
			-0.0165	-0.0213	0.0676
		A:
			-0.0083	-0.2034	0.9791
			0.6137	0.7171	0.3302
			-0.7575	-0.1992	-0.6217
			-0.356	-0.2848	0.89
			-0.7067	-0.3712	0.6024
			-0.6895	-0.1875	0.6996
		b:
			401.0997
			680.2758
			-653.8448
			199.0294
			-102.605
			26.3498
	==================================================================================
	Q6:
		Shape: Polyhedra
		q_c:	361.5	390.0	474.5
		ub :	367.4833	391.3414	479.8095
		lb :	355.5167	388.6586	469.1905
		A:
			-0.7626	0.4515	0.4632
			-0.2365	-0.971	0.0351
			0.0565	0.7718	-0.6333
			0.3644	-0.8552	-0.3686
			0.2687	-0.8635	-0.4269
			0.4176	-0.7837	-0.4598
			0.78	0.0458	0.6242
			-0.6232	-0.034	0.7813
			0.0571	-0.9984	0.002
			-0.78	-0.0458	-0.6242
			0.6232	0.034	-0.7813
			-0.0571	0.9984	-0.002
		b:
			122.6387
			-445.9058
			23.263
			-375.3862
			-440.7613
			-371.408
			601.9857
			134.1517
			-366.79
			-589.9857
			-130.1517
			368.79


===========================================================================================
===========================================================================================
S8:
	q_c:	268.0	175.5	298.5
	ub :	288.9289	188.8878	313.7674
	lb :	245.1999	160.4354	288.0754

	==================================================================================
	Q1:
		Shape: Hybrid
		q_c:	268.5	180.0	297.0
		ub :	274.3242	185.8726	302.0891
		lb :	262.6758	174.1274	291.9109
		P^-1:
			0.059	0.0156	0.0033
			0.0156	0.1022	-0.0413
			0.0033	-0.0413	0.1298
		A:
			0.3109	0.0524	0.949
			-0.0464	-0.3269	0.9439
			0.1454	0.8961	0.4193
			0.9174	-0.0961	-0.3862
			0.2642	-0.6297	-0.7305
			-0.174	-0.9845	-0.0203
		b:
			376.554
			210.4204
			327.2792
			117.3742
			-256.6235
			-227.9004
	==================================================================================
	Q2:
		Shape: Polyhedra
		q_c:	271.0	180.5	305.5
		ub :	277.7555	188.8878	313.7674
		lb :	264.2445	172.1122	297.2326
		A:
			0.8534	-0.518	0.0584
			0.4506	-0.8116	-0.3719
			0.4412	-0.6354	-0.6337
			-0.5004	0.495	0.7104
			0.8608	-0.0343	-0.5078
			0.7015	-0.3726	0.6075
			0.8512	0.0901	0.517
			-0.2018	-0.8532	0.481
			0.4844	-0.5138	-0.708
			-0.8512	-0.0901	-0.517
			0.2018	0.8532	-0.481
			-0.4844	0.5138	0.708
		b:
			159.9644
			-133.3145
			-184.6164
			174.7621
			76.5418
			313.2715
			408.8935
			-54.7381
			-173.7671
			-400.8935
			68.7381
			181.7671
	==================================================================================
	Q3:
		Shape: Hybrid
		q_c:	255.0	168.5	298.5
		ub :	264.8001	176.5646	307.799
		lb :	245.1999	160.4354	289.201
		P^-1:
			0.0364	0.0103	0.0159
			0.0103	0.0377	0.0121
			0.0159	0.0121	0.0366
		A:
			0.4782	0.5075	0.7168
			-0.7892	0.2262	-0.571
			0.574	0.0993	0.8128
			0.7767	-0.4634	-0.4266
			-0.195	0.7087	0.678
			-0.9111	-0.403	-0.0862
		b:
			423.5087
			-330.4162
			408.3087
			-2.7493
			275.6187
			-322.7249
	==================================================================================
	Q4:
		Shape: Hybrid
		q_c:	265.5	181.0	295.0
		ub :	270.2145	187.8838	301.692
		lb :	260.7855	174.1162	288.308
		P^-1:
			0.2791	-0.1594	-0.1236
			-0.1594	0.142	0.0723
			-0.1236	0.0723	0.1058
		A:
			0.6787	-0.4068	-0.6115
			0.43	-0.8919	-0.1401
			0.4503	-0.1022	0.887
			0.6919	-0.7005	0.1748
			-0.7255	-0.648	0.2319
			-0.7841	-0.3472	0.5144
		b:
			-72.692
			-86.3613
			366.8833
			110.6092
			-237.318
			-116.1082
	==================================================================================
	Q5:
		Shape: Ellipse
		q_c:	267.0	168.0	295.5
		ub :	272.3716	175.5172	302.9246
		lb :	261.6284	160.4828	288.0754
		P^-1:
			0.1957	0.0898	0.0296
			0.0898	0.0862	0.0046
			0.0296	0.0046	0.0453
	==================================================================================
	Q6:
		Shape: Hybrid
		q_c:	283.0	169.0	306.5
		ub :	288.9289	174.5771	311.7745
		lb :	277.0711	163.4229	301.2255
		P^-1:
			0.0741	0.0024	-0.0217
			0.0024	0.0506	0.0034
			-0.0217	0.0034	0.0983
		A:
			-0.9526	0.1935	0.2347
			-0.6009	0.5759	0.5543
			0.1058	0.481	-0.8703
			0.6682	0.352	-0.6554
			-0.2732	0.2992	-0.9143
			-0.3456	0.2036	0.916
		b:
			-162.829
			99.2976
			-153.3827
			49.5001
			-304.6962
			218.9338


===========================================================================================
===========================================================================================
S9:
	q_c:	319.0	349.5	135.5
	ub :	332.7872	364.2365	146.3883
	lb :	308.1488	340.8947	121.1755

	==================================================================================
	Q1:
		Shape: Polyhedra
		q_c:	323.0	351.5	137.0
		ub :	329.0332	358.4692	144.0993
		lb :	316.9668	344.5308	129.9007
		A:
			-0.6611	0.7203	0.2102
			-0.7731	-0.1381	-0.6191
			0.7628	0.6452	0.0431
			0.9913	-0.1318	0.0022
			0.319	0.6275	0.7103
			0.5718	0.3257	0.753
			0.1876	0.7418	0.6438
			0.0114	0.6538	-0.7566
			-0.9822	0.1493	0.1142
			-0.1876	-0.7418	-0.6438
			-0.0114	-0.6538	0.7566
			0.9822	-0.1493	-0.1142
		b:
			73.3957
			-378.3531
			483.7843
			279.6568
			424.028
			406.3522
			412.5607
			135.814
			-243.6156
			-406.5607
			-123.814
			254.6156
	==================================================================================
	Q2:
		Shape: Ellipse
		q_c:	317.5	347.0	140.0
		ub :	321.5604	351.3192	141.9102
		lb :	313.4396	342.6808	138.0898
		P^-1:
			0.5146	-0.1058	-1.1518
			-0.1058	0.1659	0.4372
			-1.1518	0.4372	3.5612
	==================================================================================
	Q3:
		Shape: Hybrid
		q_c:	314.0	355.5	139.5
		ub :	319.8512	361.9514	146.3883
		lb :	308.1488	349.0486	132.6117
		P^-1:
			0.0749	0.0184	0.013
			0.0184	0.0657	0.0281
			0.013	0.0281	0.073
		A:
			-0.031	-0.6182	-0.7854
			0.056	0.9123	0.4057
			-0.3038	0.8035	0.512
			-0.6336	-0.4591	-0.6227
			-0.3057	-0.0877	-0.9481
			0.6274	-0.2861	0.7243
		b:
			-337.295
			400.6479
			263.9945
			-447.4821
			-257.1379
			199.1556
	==================================================================================
	Q4:
		Shape: Hybrid
		q_c:	324.0	347.5	142.5
		ub :	327.9906	348.8057	145.7141
		lb :	320.0094	346.1943	139.2859
		P^-1:
			0.3599	-0.0239	0.4357
			-0.0239	0.9991	0.0162
			0.4357	0.0162	0.7035
		A:
			0.3642	-0.9046	0.2217
			0.3697	0.6257	0.6868
			-0.7545	0.113	-0.6464
			-0.3115	0.6398	-0.7025
			-0.3153	-0.7681	-0.5573
			0.2332	0.9471	-0.2204
		b:
			-164.0907
			435.6387
			-296.4045
			21.9692
			-447.9849
			374.4481
	==================================================================================
	Q5:
		Shape: Hybrid
		q_c:	323.0	357.0	128.0
		ub :	328.3271	364.2365	134.8245
		lb :	317.6729	349.7635	121.1755
		P^-1:
			0.1362	0.0574	0.0815
			0.0574	0.0804	0.0622
			0.0815	0.0622	0.1159
		A:
			-0.8767	0.3307	-0.3494
			-0.9527	-0.1243	-0.2774
			0.7475	0.3381	0.5718
			0.632	-0.7054	-0.3211
			0.9151	0.2269	-0.3333
			-0.0832	-0.7474	-0.6591
		b:
			-206.9696
			-385.6867
			436.405
			-85.2483
			337.2498
			-375.8756
	==================================================================================
	Q6:
		Shape: Hybrid
		q_c:	328.0	345.5	135.0
		ub :	332.7872	350.1053	137.8053
		lb :	323.2128	340.8947	132.1947
		P^-1:
			0.093	0.016	-0.0238
			0.016	0.1063	-0.0179
			-0.0238	-0.0179	0.2435
		A:
			0.9163	0.3885	0.0977
			-0.1229	0.7482	0.652
			-0.4575	-0.8872	0.0591
			-0.3595	-0.5201	0.7748
			0.1651	-0.6008	-0.7822
			0.6397	0.0256	-0.7682
		b:
			450.1201
			308.0518
			-446.6757
			-191.7606
			-257.3785
			116.4033


===========================================================================================
===========================================================================================
S10:
	q_c:	364.0	468.5	442.0
	ub :	373.8785	489.7807	463.079
	lb :	348.6189	456.5213	422.4019

	==================================================================================
	Q1:
		Shape: Ellipse
		q_c:	364.0	467.0	434.0
		ub :	368.9845	475.0076	442.178
		lb :	359.0155	458.9924	425.822
		P^-1:
			0.1415	-0.0216	-0.0403
			-0.0216	0.0384	0.0015
			-0.0403	0.0015	0.0478
	==================================================================================
	Q2:
		Shape: Ellipse
		q_c:	359.0	473.0	452.0
		ub :	363.7819	477.9233	457.6102
		lb :	354.2181	468.0767	446.3898
		P^-1:
			0.4174	0.3375	0.3163
			0.3375	0.3704	0.2845
			0.3163	0.2845	0.324
	==================================================================================
	Q3:
		Shape: Ellipse
		q_c:	361.5	464.5	447.5
		ub :	369.4742	472.4787	456.1374
		lb :	353.5258	456.5213	438.8626
		P^-1:
			0.0615	0.0051	-0.0251
			0.0051	0.0408	0.0131
			-0.0251	0.0131	0.0491
	==================================================================================
	Q4:
		Shape: Polyhedra
		q_c:	363.5	483.5	450.0
		ub :	369.301	488.037	458.6276
		lb :	357.699	478.963	441.3724
		A:
			-0.7656	-0.558	0.3202
			-0.807	0.588	-0.055
			0.9435	-0.3181	0.0931
			0.9434	0.3314	-0.0135
			-0.9253	0.1369	-0.3536
			0.9338	-0.2027	0.2949
			0.7987	0.5888	0.1239
			-0.158	0.0064	0.9874
			0.5806	-0.8082	0.0981
			-0.7987	-0.5888	-0.1239
			0.158	-0.0064	-0.9874
			-0.5806	0.8082	-0.0981
		b:
			-399.3177
			-30.6965
			234.2394
			500.7489
			-425.727
			377.5011
			634.2935
			398.0342
			-132.5633
			-627.2935
			-382.0342
			138.5633
	==================================================================================
	Q5:
		Shape: Ellipse
		q_c:	366.5	481.0	454.5
		ub :	373.8785	489.7807	463.079
		lb :	359.1215	472.2193	445.921
		P^-1:
			0.0446	-0.0066	-0.0075
			-0.0066	0.0402	-0.0104
			-0.0075	-0.0104	0.0376
	==================================================================================
	Q6:
		Shape: Hybrid
		q_c:	355.5	466.5	429.0
		ub :	362.3811	473.215	435.5981
		lb :	348.6189	459.785	422.4019
		P^-1:
			0.0767	-0.0033	-0.0338
			-0.0033	0.0483	0.0089
			-0.0338	0.0089	0.0755
		A:
			-0.3248	0.3623	0.8736
			-0.6347	-0.6006	0.4862
			-0.9618	-0.1294	-0.2412
			0.0423	0.2784	-0.9595
			-0.4781	0.0504	-0.8768
			0.2662	0.7009	-0.6617
		b:
			430.2286
			-294.8801
			-502.8164
			-263.9951
			-519.3352
			140.5873


===========================================================================================
===========================================================================================
S11:
	q_c:	180.0	174.0	391.0
	ub :	200.7767	193.2183	414.9922
	lb :	156.3306	153.1754	369.4327

	==================================================================================
	Q1:
		Shape: Ellipse
		q_c:	188.0	184.0	381.0
		ub :	196.8195	193.2183	392.5673
		lb :	179.1805	174.7817	369.4327
		P^-1:
			0.0279	0.0042	-0.0016
			0.0042	0.0345	0.01
			-0.0016	0.01	0.0177
	==================================================================================
	Q2:
		Shape: Hybrid
		q_c:	171.0	169.0	399.5
		ub :	180.906	180.2246	409.6708
		lb :	161.094	157.7754	389.3292
		P^-1:
			0.0182	0.0014	-0.0015
			0.0014	0.0232	-0.0056
			-0.0015	-0.0056	0.0198
		A:
			0.462	0.4726	-0.7505
			-0.4313	0.8559	0.2852
			-0.6397	0.3323	0.693
			0.5469	0.837	-0.0182
			-0.3026	0.9381	0.1684
			0.3428	-0.1756	-0.9229
		b:
			-137.6176
			189.3398
			228.239
			231.5138
			178.3187
			-335.2231
	==================================================================================
	Q3:
		Shape: Hybrid
		q_c:	192.5	165.0	404.0
		ub :	200.7767	176.8246	414.9922
		lb :	184.2233	153.1754	393.0078
		P^-1:
			0.0394	-0.0033	-0.0022
			-0.0033	0.0205	-0.0131
			-0.0022	-0.0131	0.0312
		A:
			0.1825	-0.1823	0.9662
			-0.4147	0.5277	-0.7413
			0.1906	0.2907	0.9376
			0.8014	0.3247	0.5023
			-0.0807	-0.7409	0.6668
			0.7036	0.183	-0.6866
		b:
			398.8589
			-289.7275
			469.0275
			415.5841
			134.5111
			-109.1338
	==================================================================================
	Q4:
		Shape: Ellipse
		q_c:	176.5	168.5	402.5
		ub :	187.597	176.6689	413.2962
		lb :	165.403	160.3311	391.7038
		P^-1:
			0.028	-0.0197	0.0127
			-0.0197	0.0557	-0.0244
			0.0127	-0.0244	0.0335
	==================================================================================
	Q5:
		Shape: Ellipse
		q_c:	184.5	176.5	384.0
		ub :	190.3	182.7938	391.2414
		lb :	178.7	170.2062	376.7586
		P^-1:
			0.085	-0.0065	0.0169
			-0.0065	0.0942	-0.0268
			0.0169	-0.0268	0.0372
	==================================================================================
	Q6:
		Shape: Hybrid
		q_c:	170.5	174.5	386.5
		ub :	184.6694	188.3915	398.3177
		lb :	156.3306	160.6085	374.6823
		P^-1:
			0.0124	-0.0007	-0.0018
			-0.0007	0.0137	-0.0017
			-0.0018	-0.0017	0.0166
		A:
			-0.5979	0.5005	-0.6261
			-0.8646	-0.2101	0.4564
			-0.7921	-0.5061	0.3412
			-0.5199	-0.4049	0.7522
			-0.54	-0.0274	-0.8412
			-0.7696	0.6049	0.2046
		b:
			-251.92
			-3.0324
			-86.6182
			135.3656
			-416.9467
			58.1764


===========================================================================================
===========================================================================================
S12:
	q_c:	474.5	100.5	400.5
	ub :	478.9089	105.3439	408.6095
	lb :	466.9752	92.9881	395.465

	==================================================================================
	Q1:
		Shape: Hybrid
		q_c:	477.5	97.5	404.5
		ub :	478.9089	99.8796	406.3964
		lb :	476.0911	95.1204	402.6036
		P^-1:
			0.9776	-0.1094	0.066
			-0.1094	0.4665	0.3218
			0.066	0.3218	0.8059
		A:
			-0.8457	0.4596	0.2711
			0.7866	-0.1449	0.6002
			-0.5873	0.0988	-0.8033
			-0.2268	0.6846	0.6927
			0.2235	-0.8157	-0.5335
			-0.7821	0.4185	-0.4617
		b:
			-248.8372
			604.8903
			-595.0437
			239.1903
			-187.9306
			-518.6541
	==================================================================================
	Q2:
		Shape: Hybrid
		q_c:	474.5	97.0	400.0
		ub :	475.8414	98.6265	402.1571
		lb :	473.1586	95.3735	397.8429
		P^-1:
			3.303	-1.3694	-0.3598
			-1.3694	1.0988	0.1546
			-0.3598	0.1546	0.2926
		A:
			-0.9328	0.1438	0.3306
			-0.9772	0.1999	-0.0708
			0.235	-0.7544	-0.6129
			-0.8046	0.1403	-0.577
			-0.3501	0.9027	-0.2503
			-0.7649	0.6269	-0.1481
		b:
			-295.9104
			-472.1967
			-205.6065
			-597.8
			-177.7246
			-360.8622
	==================================================================================
	Q3:
		Shape: Polyhedra
		q_c:	476.0	97.0	404.5
		ub :	477.8808	100.0639	407.3223
		lb :	474.1192	93.9361	401.6777
		A:
			0.429	0.9031	-0.0213
			0.632	-0.1743	-0.7551
			-0.8401	0.1665	0.5163
			-0.3751	0.8907	0.2569
			-0.9342	-0.3566	0.0119
			0.8588	0.0266	0.5116
			0.2792	0.5732	0.7704
			0.21	0.7464	-0.6315
			-0.937	0.3381	0.088
			-0.2792	-0.5732	-0.7704
			-0.21	-0.7464	0.6315
			0.937	-0.3381	-0.088
		b:
			285.3559
			-19.9538
			-173.5326
			13.3185
			-472.899
			619.5811
			501.6057
			-80.5611
			-376.6247
			-498.6057
			85.5611
			378.6247
	==================================================================================
	Q4:
		Shape: Polyhedra
		q_c:	472.5	102.5	401.5
		ub :	475.0946	105.3439	404.8868
		lb :	469.9054	99.6561	398.1132
		A:
			-0.9304	0.2661	-0.2522
			-0.6788	-0.4554	-0.576
			0.7287	-0.4567	0.5103
			-0.9213	0.2254	-0.317
			0.8824	-0.4543	0.1227
			-0.943	0.2294	-0.241
			0.879	0.2049	0.4305
			-0.3787	-0.2485	0.8915
			0.2897	-0.9467	-0.1409
			-0.879	-0.2049	-0.4305
			0.3787	0.2485	-0.8915
			-0.2897	0.9467	0.1409
		b:
			-512.2431
			-597.4921
			504.0414
			-538.2161
			421.1851
			-517.5201
			610.1953
			156.5123
			-14.7281
			-608.1953
			-150.5123
			18.7281
	==================================================================================
	Q5:
		Shape: Ellipse
		q_c:	471.5	97.5	399.5
		ub :	475.773	102.0119	403.535
		lb :	467.227	92.9881	395.465
		P^-1:
			0.1124	0.0082	-0.0102
			0.0082	0.1647	-0.0671
			-0.0102	-0.0671	0.1952
	==================================================================================
	Q6:
		Shape: Polyhedra
		q_c:	471.0	98.0	405.0
		ub :	475.0248	102.0084	408.6095
		lb :	466.9752	93.9916	401.3905
		A:
			-0.6192	-0.0297	-0.7847
			0.4456	-0.803	0.3957
			0.7022	-0.6282	0.3351
			-0.7649	0.64	0.0733
			-0.3973	0.2085	-0.8937
			0.9872	-0.0856	0.1344
			0.4363	0.8723	0.2208
			0.5932	-0.0943	-0.7995
			-0.6766	0.4798	-0.5586
			-0.4363	-0.8723	-0.2208
			-0.5932	0.0943	0.7995
			0.6766	-0.4798	0.5586
		b:
			-610.1764
			293.4258
			406.4996
			-265.8396
			-526.7751
			513.1794
			383.8992
			-51.1541
			-496.3832
			-376.8992
			56.1541
			499.3832


===========================================================================================
===========================================================================================
S13:
	q_c:	29.5	460.5	460.5
	ub :	57.1448	488.9726	484.3124
	lb :	2.3458	431.3472	446.3413

	==================================================================================
	Q1:
		Shape: Hybrid
		q_c:	42.0	445.0	477.5
		ub :	53.327	458.6528	484.3124
		lb :	30.673	431.3472	470.6876
		P^-1:
			0.028	0.0062	-0.0194
			0.0062	0.0096	0.0009
			-0.0194	0.0009	0.0746
		A:
			0.2691	0.8671	0.4193
			0.351	0.1918	0.9165
			0.5228	0.2015	0.8283
			0.5969	0.1359	-0.7907
			-0.6307	-0.1027	0.7692
			0.6735	-0.1023	-0.7321
		b:
			604.6465
			541.1007
			511.1243
			-289.8318
			297.3418
			-363.6398
	==================================================================================
	Q2:
		Shape: Polyhedra
		q_c:	20.5	479.5	460.0
		ub :	34.0717	488.9726	473.6587
		lb :	6.9283	470.0274	446.3413
		A:
			-0.0879	-0.9028	-0.421
			-0.7036	0.7078	-0.0631
			-0.1326	-0.304	-0.9434
			-0.2475	-0.8463	-0.4718
			0.9881	0.0363	0.1491
			-0.661	-0.2977	-0.6888
			0.5007	0.7893	0.3553
			-0.7133	0.6088	-0.3472
			-0.4904	-0.0796	0.8679
			-0.5007	-0.7893	-0.3553
			0.7133	-0.6088	0.3472
			0.4904	0.0796	-0.8679
		b:
			-622.9264
			304.8867
			-574.0858
			-623.1266
			114.2365
			-466.8007
			556.2063
			126.5764
			361.4765
			-548.2063
			-108.5764
			-340.4765
	==================================================================================
	Q3:
		Shape: Ellipse
		q_c:	12.5	459.5	467.5
