3D_30_12_6_b                l = 3

===========================================================================================
===========================================================================================
S1:
	q_c:	94.0	238.5	83.5
	ub :	101.0416	245.4606	91.2467
	lb :	86.1611	228.7938	74.5522

	==================================================================================
	Q1:
		Shape: Hybrid
		q_c:	90.5	233.5	85.0
		ub :	94.1446	238.2062	89.97
		lb :	86.8554	228.7938	80.03
		P^-1:
			0.1599	0.0012	-0.0031
			0.0012	0.1477	0.0324
			-0.0031	0.0324	0.0749
		A:
			0.9521	0.0667	0.2983
			0.1967	-0.9045	-0.3783
			0.9097	-0.0413	-0.4132
			0.9124	-0.1323	-0.3874
			0.1317	-0.8142	-0.5655
			-0.8157	-0.4584	-0.353
		b:
			128.5162
			-224.3099
			39.0238
			20.1464
			-224.9092
			-209.5251
	==================================================================================
	Q2:
		Shape: Hybrid
		q_c:	93.5	238.0	86.0
		ub :	96.9394	242.1028	89.2457
		lb :	90.0606	233.8972	82.7543
		P^-1:
			0.3007	-0.1742	0.0334
			-0.1742	0.2245	-0.0087
			0.0334	-0.0087	0.1609
		A:
			0.7998	-0.3117	0.513
			-0.9437	0.2413	0.2265
			-0.6461	0.7631	-0.0169
			-0.8802	0.4604	0.1148
			0.9049	-0.4141	-0.0983
			0.7119	-0.6076	-0.3522
		b:
			45.7973
			-9.9478
			120.6119
			38.1004
			-21.3785
			-107.3346
	==================================================================================
	Q3:
		Shape: Hybrid
		q_c:	97.5	242.0	77.5
		ub :	100.9432	245.4606	80.4478
		lb :	94.0568	238.5394	74.5522
		P^-1:
			0.2741	-0.0017	-0.106
			-0.0017	0.23	-0.0786
			-0.106	-0.0786	0.3504
		A:
			-0.3561	0.3655	-0.86
			0.0477	-0.6092	-0.7916
			-0.5864	0.5599	0.5854
			-0.7088	-0.6156	-0.3446
			0.3489	0.9295	0.12
			0.1405	0.1187	-0.9829
		b:
			-11.738
			-202.6305
			124.8477
			-243.0838
			269.8144
			-32.7975
	==================================================================================
	Q4:
		Shape: Polyhedra
		q_c:	98.0	235.0	87.0
		ub :	101.0416	238.0241	91.0701
		lb :	94.9584	231.9759	82.9299
		A:
			-0.8124	-0.5815	-0.0423
			0.3037	0.9476	-0.0986
			-0.6307	-0.6746	0.3835
			-0.7108	-0.6243	-0.3241
			0.8457	-0.0682	0.5293
			-0.0887	0.9807	0.1743
			0.6414	0.7642	0.0679
			0.148	-0.2102	0.9664
			0.7528	-0.6097	-0.2479
			-0.6414	-0.7642	-0.0679
			-0.148	0.2102	-0.9664
			-0.7528	0.6097	0.2479
		b:
			-218.8017
			245.3869
			-185.2234
			-243.1582
			115.6136
			238.8503
			249.3574
			52.6987
			-88.583
			-247.3574
			-45.6987
			93.583
	==================================================================================
	Q5:
		Shape: Hybrid
		q_c:	88.0	234.0	87.0
		ub :	89.8389	238.305	91.2467
		lb :	86.1611	229.695	82.7533
		P^-1:
			0.9613	-0.0009	0.1792
			-0.0009	0.1115	0.0387
			0.1792	0.0387	0.1688
		A:
			-0.7221	0.5588	-0.4079
			0.7345	-0.5215	-0.4342
			0.3044	0.6832	0.6637
			0.8014	0.2032	0.5625
			-0.9418	-0.2995	-0.1527
			-0.7403	0.6721	0.0143
		b:
			33.498
			-93.6103
			246.233
			167.9231
			-165.3676
			95.0227
	==================================================================================
	Q6:
		Shape: Hybrid
		q_c:	94.0	237.5	84.5
		ub :	98.1955	242.4742	88.9608
		lb :	89.8045	232.5258	80.0392
		P^-1:
			0.1111	0.0	0.0
			0.0	0.1111	0.0
			0.0	0.0	0.1111
		A:
			0.4711	0.4541	-0.7562
			0.3095	0.4384	-0.8438
			-0.6966	0.5367	-0.4761
			0.5042	0.1971	-0.8408
			-0.6769	0.736	-0.0108
			-0.3465	0.4061	0.8456
		b:
			89.7244
			63.4112
			23.2456
			24.6622
			111.7684
			136.8341


===========================================================================================
===========================================================================================
S2:
	q_c:	123.0	322.0	468.5
	ub :	152.5303	345.5745	496.6845
	lb :	105.2503	293.9382	451.945

	==================================================================================
	Q1:
		Shape: Hybrid
		q_c:	139.5	330.5	468.0
		ub :	152.5303	345.5745	478.4427
		lb :	126.4697	315.4255	457.5573
		P^-1:
			0.015	0.0041	0.0022
			0.0041	0.012	-0.0043
			0.0022	-0.0043	0.022
		A:
			-0.1949	0.58	-0.791
			0.8064	-0.4892	0.3324
			0.518	0.0481	0.854
			0.4787	-0.8448	0.239
			-0.2476	-0.9198	0.3045
			0.0686	-0.9257	0.3721
		b:
			-201.7786
			112.5863
			491.3941
			-93.4954
			-190.851
			-116.4096
	==================================================================================
	Q2:
		Shape: Polyhedra
		q_c:	119.5	326.0	481.5
		ub :	129.3564	338.226	493.9723
		lb :	109.6436	313.774	469.0277
		A:
			0.9609	0.2728	-0.0485
			0.2744	0.4124	0.8687
			0.8034	-0.43	0.412
			-0.8031	0.5439	-0.2432
			0.9593	0.275	0.0645
			0.7687	-0.3895	0.5073
			0.6054	0.4593	0.65
			-0.7929	0.4197	0.4418
			-0.0699	-0.7829	0.6182
			-0.6054	-0.4593	-0.65
			0.7929	-0.4197	-0.4418
			0.0699	0.7829	-0.6182
		b:
			187.3096
			592.8715
			161.3081
			-28.9298
			242.3537
			216.4156
			542.5725
			260.818
			42.113
			-527.5725
			-248.818
			-26.113
	==================================================================================
	Q3:
		Shape: Ellipse
		q_c:	122.0	311.0	478.0
		ub :	126.3154	316.3034	483.4405
		lb :	117.6846	305.6966	472.5595
		P^-1:
			0.2078	0.0699	0.0173
			0.0699	0.1339	-0.023
			0.0173	-0.023	0.0688
	==================================================================================
	Q4:
		Shape: Hybrid
		q_c:	129.0	311.0	476.0
		ub :	138.8023	320.7605	485.2676
		lb :	119.1977	301.2395	466.7324
		P^-1:
			0.0249	0.0032	0.0079
			0.0032	0.0153	0.0049
			0.0079	0.0049	0.0341
		A:
			0.0688	-0.6865	-0.7238
			-0.2735	-0.6888	-0.6714
			-0.6644	-0.0516	-0.7456
			0.5897	0.1295	0.7972
			-0.9126	-0.0902	-0.3988
			-0.4603	0.3289	-0.8246
		b:
			-545.1235
			-565.4658
			-453.9083
			498.3685
			-332.2539
			-345.8571
	==================================================================================
	Q5:
		Shape: Hybrid
		q_c:	118.5	307.5	483.0
		ub :	131.7497	321.0618	496.6845
		lb :	105.2503	293.9382	469.3155
		P^-1:
			0.0158	0.0026	-0.0016
			0.0026	0.0144	0.0021
			-0.0016	0.0021	0.0164
		A:
			-0.9883	-0.1513	-0.0191
			-0.4005	0.6075	0.686
			-0.2371	-0.0506	0.9702
			0.1063	-0.6133	0.7827
			-0.8399	0.4617	-0.2854
			0.5195	-0.8025	-0.2934
		b:
			-168.6897
			474.674
			428.9427
			207.2617
			-89.9446
			-322.0972
	==================================================================================
	Q6:
		Shape: Hybrid
		q_c:	135.0	311.0	461.0
		ub :	141.0684	320.3247	470.055
		lb :	128.9316	301.6753	451.945
		P^-1:
			0.0978	0.0298	0.0092
			0.0298	0.0377	0.0016
			0.0092	0.0016	0.027
		A:
			0.9651	0.134	0.2251
			-0.5427	-0.1536	-0.8258
			0.1879	0.9816	-0.0345
			-0.8902	-0.439	0.1217
			-0.9027	-0.3688	0.2216
			0.6931	0.3564	-0.6265
		b:
			277.5446
			-498.1124
			318.7402
			-198.8702
			-132.4225
			-81.0702


===========================================================================================
===========================================================================================
S3:
	q_c:	98.0	292.5	60.5
	ub :	110.2349	305.5569	65.3992
	lb :	89.374	278.327	47.7054

	==================================================================================
	Q1:
		Shape: Hybrid
		q_c:	105.0	299.0	52.5
		ub :	110.2349	303.9908	57.2946
		lb :	99.7651	294.0092	47.7054
		P^-1:
			0.1015	0.0096	0.0133
			0.0096	0.0862	0.0067
			0.0133	0.0067	0.0676
		A:
			0.9555	0.2908	0.0496
			0.9671	-0.0038	-0.2543
			0.4427	0.8054	-0.394
			0.2582	-0.1238	-0.9581
			0.8099	-0.1943	-0.5535
			0.5331	-0.6957	-0.4815
		b:
			191.4823
			88.9435
			268.6725
			-57.7443
			0.0922
			-175.1764
	==================================================================================
	Q2:
		Shape: Polyhedra
		q_c:	102.0	301.0	59.5
		ub :	107.7973	305.5569	65.3992
		lb :	96.2027	296.4431	53.6008
		A:
			-0.4184	0.1822	-0.8898
			0.413	0.1625	0.8961
			-0.7819	0.6229	0.0258
			0.7062	-0.6798	-0.198
			-0.872	-0.4869	0.0504
			0.5573	0.827	-0.0738
			0.8553	0.0607	0.5145
			-0.4254	-0.4846	0.7644
			0.2957	-0.8726	-0.3886
			-0.8553	-0.0607	-0.5145
			0.4254	0.4846	-0.7644
			-0.2957	0.8726	0.3886
		b:
			-36.9388
			148.1586
			112.6932
			-141.1294
			-228.7235
			304.8864
			140.1386
			-140.2649
			-252.6232
			-132.1386
			147.2649
			258.6232
	==================================================================================
	Q3:
		Shape: Polyhedra
		q_c:	92.5	283.5	61.0
		ub :	94.4739	288.673	63.6651
		lb :	90.5261	278.327	58.3349
		A:
			-0.5905	0.76	-0.2715
			-0.7308	0.1307	0.67
			0.4511	0.3546	-0.819
			0.6052	0.0228	-0.7958
			0.9008	-0.1165	-0.4184
			0.9092	-0.0873	-0.4072
			0.6336	0.0657	0.7709
			0.0006	-0.9964	0.0845
			0.7737	-0.053	-0.6314
			-0.6336	-0.0657	-0.7709
			-0.0006	0.9964	-0.0845
			-0.7737	0.053	0.6314
		b:
			148.4141
			10.9693
			94.5935
			14.7867
			25.6475
			35.3568
			126.7627
			-272.2791
			18.5171
			-121.7627
			282.2791
			-17.5171
	==================================================================================
	Q4:
		Shape: Polyhedra
		q_c:	96.5	292.0	54.0
		ub :	100.9139	296.9255	58.2617
		lb :	92.0861	287.0745	49.7383
		A:
			-0.7507	0.1782	0.6361
			-0.584	-0.0948	-0.8062
			0.3104	-0.2511	0.9168
			0.5449	-0.1851	-0.8178
			-0.0952	-0.1929	0.9766
			-0.9873	-0.1471	0.0602
			0.8448	0.4774	0.2416
			0.2044	-0.7053	0.6788
			0.4945	-0.5241	-0.6934
			-0.8448	-0.4774	-0.2416
			-0.2044	0.7053	-0.6788
			-0.4945	0.5241	0.6934
		b:
			15.9523
			-124.2225
			9.4513
			-43.7493
			-9.8791
			-131.787
			237.4665
			-146.0665
			-141.2649
			-230.4665
			153.0665
			144.2649
	==================================================================================
	Q5:
		Shape: Ellipse
		q_c:	93.5	285.5	61.0
		ub :	97.626	289.6548	63.8018
		lb :	89.374	281.3452	58.1982
		P^-1:
			0.1428	0.0473	0.0463
			0.0473	0.189	0.1081
			0.0463	0.1081	0.3837
	==================================================================================
	Q6:
		Shape: Ellipse
		q_c:	98.0	295.0	61.5
		ub :	102.5611	299.2232	64.6612
		lb :	93.4389	290.7768	58.3388
		P^-1:
			0.2199	0.2247	-0.2281
			0.2247	0.4482	-0.3805
			-0.2281	-0.3805	0.5247


===========================================================================================
===========================================================================================
S4:
	q_c:	162.5	101.5	45.5
	ub :	176.0162	119.6534	61.0995
	lb :	146.1718	87.333	31.1927

	==================================================================================
	Q1:
		Shape: Polyhedra
		q_c:	161.5	103.5	55.0
		ub :	166.6051	108.3073	60.906
		lb :	156.3949	98.6927	49.094
		A:
			-0.6784	-0.6957	-0.2363
			0.9177	-0.3719	-0.1399
			-0.3599	0.8688	-0.34
			0.4651	-0.7375	0.4897
			0.1842	-0.9714	0.15
			-0.6134	0.6674	-0.4223
			0.4437	0.4982	0.745
			-0.658	-0.3833	0.6482
			0.6084	-0.7778	0.1577
			-0.4437	-0.4982	-0.745
			0.658	0.3833	-0.6482
			-0.6084	0.7778	-0.1577
		b:
			-190.1072
			104.1734
			14.8189
			27.6653
			-60.3136
			-51.2652
			169.1897
			-107.2831
			27.9367
			-159.1897
			113.2831
			-24.9367
	==================================================================================
	Q2:
		Shape: Hybrid
		q_c:	166.5	100.0	52.5
		ub :	173.8942	108.1486	61.0995
		lb :	159.1058	91.8514	43.9005
		P^-1:
			0.0765	0.0374	0.0158
			0.0374	0.0606	0.0093
			0.0158	0.0093	0.0348
		A:
			-0.4449	0.4254	0.7881
			0.6607	0.7451	0.0916
			-0.5131	-0.4568	-0.7267
			-0.6404	-0.3544	-0.6814
			-0.9014	-0.4216	0.0982
			-0.5444	-0.614	-0.5715
		b:
			14.3094
			190.9842
			-166.7209
			-175.4704
			-184.9651
			-179.9377
	==================================================================================
	Q3:
		Shape: Hybrid
		q_c:	153.0	94.5	35.0
		ub :	159.8282	101.667	38.8073
		lb :	146.1718	87.333	31.1927
		P^-1:
			0.039	-0.0024	-0.0012
			-0.0024	0.0342	-0.0023
			-0.0012	-0.0023	0.0815
		A:
			-0.1231	0.2578	-0.9583
			-0.06	-0.7324	-0.6783
			0.4594	0.7192	-0.5212
			0.0207	-0.9084	0.4175
			0.9384	0.1754	0.2977
			-0.0588	-0.1724	-0.9833
		b:
			-26.1298
			-99.1332
			123.2041
			-64.7451
			173.8871
			-57.8083
	==================================================================================
	Q4:
		Shape: Hybrid
		q_c:	154.0	100.0	49.5
		ub :	156.4985	102.9462	52.1367
		lb :	151.5015	97.0538	46.8633
		P^-1:
			2.2918	0.1856	-1.8882
			0.1856	0.2526	-0.2148
			-1.8882	-0.2148	1.8656
		A:
			-0.8544	-0.2519	0.4545
			0.304	0.1573	-0.9396
			0.6722	0.2652	-0.6912
			0.8783	-0.1445	-0.4557
			-0.9071	0.0158	0.4207
			0.7461	0.1012	-0.6582
		b:
			-133.6537
			17.0345
			96.2139
			98.8402
			-116.6931
			92.6896
	==================================================================================
	Q5:
		Shape: Hybrid
		q_c:	167.5	111.5	44.0
		ub :	174.878	119.6534	51.2985
		lb :	160.122	103.3466	36.7015
		P^-1:
			0.0749	0.0067	-0.0371
			0.0067	0.027	0.0026
			-0.0371	0.0026	0.0729
		A:
			-0.6887	-0.7233	-0.0508
			-0.8291	-0.0232	0.5586
			-0.6622	0.2757	0.6967
			0.9036	0.1134	-0.4132
			-0.7108	-0.6734	-0.2032
			-0.9068	-0.4215	0.0096
		b:
			-194.8335
			-115.2864
			-47.5937
			147.6172
			-199.6726
			-195.7359
	==================================================================================
	Q6:
		Shape: Ellipse
		q_c:	169.5	98.0	50.0
		ub :	176.0162	104.6987	55.4359
		lb :	162.9838	91.3013	44.5641
		P^-1:
			0.0599	0.0074	-0.0032
			0.0074	0.0557	-0.0075
			-0.0032	-0.0075	0.078


===========================================================================================
===========================================================================================
S5:
	q_c:	148.5	59.5	501.0
	ub :	169.1797	87.2932	521.4335
	lb :	131.55	35.6234	475.0508

	==================================================================================
	Q1:
		Shape: Polyhedra
		q_c:	149.0	52.0	495.5
		ub :	157.216	60.4701	505.8567
		lb :	140.784	43.5299	485.1433
		A:
			0.4427	-0.6946	0.567
			-0.2564	0.2991	-0.9191
			-0.5466	-0.6857	-0.4806
			0.7662	-0.6409	-0.0468
			-0.3721	-0.915	0.156
			-0.4513	0.2271	-0.863
			0.8837	0.0173	0.4676
			-0.4665	0.1105	0.8776
			-0.0365	-0.9937	0.1057
			-0.8837	-0.0173	-0.4676
			0.4665	-0.1105	-0.8776
			0.0365	0.9937	-0.1057
		b:
			317.3017
			-471.1648
			-349.0296
			64.3188
			-18.3542
			-476.9149
			368.7965
			379.5674
			2.7803
			-359.7965
			-362.5674
			12.2197
	==================================================================================
	Q2:
		Shape: Ellipse
		q_c:	153.5	47.0	502.5
		ub :	163.1719	58.3766	513.0218
		lb :	143.8281	35.6234	491.9782
		P^-1:
			0.0216	0.0041	0.0026
			0.0041	0.0239	0.0001
			0.0026	0.0001	0.0237
	==================================================================================
	Q3:
		Shape: Ellipse
		q_c:	143.0	77.0	493.5
		ub :	154.45	87.2932	506.2927
		lb :	131.55	66.7068	480.7073
		P^-1:
			0.0246	-0.0159	0.0039
			-0.0159	0.0532	-0.0322
			0.0039	-0.0322	0.0351
	==================================================================================
	Q4:
		Shape: Ellipse
		q_c:	146.0	72.0	507.0
		ub :	159.0835	78.7078	519.5036
		lb :	132.9165	65.2922	494.4964
		P^-1:
			0.0144	-0.0067	0.0032
			-0.0067	0.0478	0.0039
			0.0032	0.0039	0.015
	==================================================================================
	Q5:
		Shape: Hybrid
		q_c:	160.5	51.5	487.5
		ub :	169.1797	62.0617	499.9492
		lb :	151.8203	40.9383	475.0508
		P^-1:
			0.0523	-0.0225	-0.0015
			-0.0225	0.0533	0.0239
			-0.0015	0.0239	0.0242
		A:
			0.1845	-0.972	0.1453
			-0.8871	0.2605	0.3811
			0.7856	-0.5165	-0.3406
			-0.9228	0.3474	0.1668
			-0.8607	-0.2921	-0.4171
			0.6402	-0.6051	-0.4734
		b:
			55.8456
			60.6038
			-64.2101
			-46.335
			-353.2684
			-156.8233
	==================================================================================
	Q6:
		Shape: Hybrid
		q_c:	146.0	62.5	514.0
		ub :	153.5986	67.6937	521.4335
		lb :	138.4014	57.3063	506.5665
		P^-1:
			0.0536	-0.0283	-0.0089
			-0.0283	0.0936	0.0117
			-0.0089	0.0117	0.0369
		A:
			0.5146	-0.7845	-0.3461
			0.0954	0.9954	0.0131
			-0.0476	-0.9527	-0.3003
			0.3	0.8404	0.4514
			0.814	-0.5284	-0.2413
			-0.2973	-0.9393	0.1715
		b:
			-150.1804
			85.1556
			-218.6556
			331.2161
			-36.1549
			-11.2056


===========================================================================================
===========================================================================================
S6:
	q_c:	306.5	99.0	242.0
	ub :	317.5377	107.7445	248.5842
	lb :	298.9914	90.244	236.2989

	==================================================================================
	Q1:
		Shape: Hybrid
		q_c:	313.5	97.0	244.0
		ub :	317.5377	101.3083	248.1864
		lb :	309.4623	92.6917	239.8136
		P^-1:
			0.1528	-0.0213	-0.06
			-0.0213	0.122	0.0306
			-0.06	0.0306	0.1974
		A:
			0.0409	0.2607	-0.9645
			-0.8317	-0.3693	-0.4146
			0.1939	-0.8093	-0.5544
			0.5384	-0.4731	-0.6974
			0.4314	-0.7294	-0.5309
			-0.4938	0.5758	0.6517
		b:
			-195.6783
			-395.7218
			-151.5211
			-46.2159
			-63.7536
			61.1948
	==================================================================================
	Q2:
		Shape: Ellipse
		q_c:	302.0	104.5	245.0
		ub :	305.0086	107.7445	248.5842
		lb :	298.9914	101.2555	241.4158
		P^-1:
			0.1596	0.016	-0.0039
			0.016	0.3021	-0.1639
			-0.0039	-0.1639	0.2539
	==================================================================================
	Q3:
		Shape: Hybrid
		q_c:	307.0	95.5	243.5
		ub :	311.1373	99.5726	247.7087
		lb :	302.8627	91.4274	239.2913
		P^-1:
			0.16	-0.0	-0.0
			-0.0	0.16	0.0
			-0.0	0.0	0.16
		A:
			-0.7493	-0.6604	-0.0504
			0.1595	-0.4066	-0.8996
			0.1227	-0.8785	0.4617
			-0.8259	-0.005	-0.5637
			0.7123	-0.6426	0.2823
			-0.6728	0.6879	-0.2723
		b:
			-304.0986
			-207.6768
			67.4545
			-390.0619
			227.289
			-205.9063
	==================================================================================
	Q4:
		Shape: Polyhedra
		q_c:	305.0	94.5	243.0
		ub :	309.5888	98.756	247.8552
		lb :	300.4112	90.244	238.1448
		A:
			-0.7055	0.559	-0.4356
			-0.5885	0.7835	0.1992
			0.0985	0.6499	0.7536
			-0.1292	-0.8217	-0.5551
			0.0156	0.5881	0.8087
			-0.3779	-0.9202	0.1019
			0.8984	0.2454	0.3642
			0.0549	-0.8856	0.4613
			0.4357	-0.3944	-0.8091
			-0.8984	-0.2454	-0.3642
			-0.0549	0.8856	-0.4613
			-0.4357	0.3944	0.8091
		b:
			-265.2341
			-54.2027
			277.7
			-248.898
			259.9223
			-174.6379
			389.2104
			47.6308
			-97.9699
			-382.2104
			-42.6308
			103.9699
	==================================================================================
	Q5:
		Shape: Hybrid
		q_c:	304.5	102.0	240.0
		ub :	308.2697	105.6859	243.7011
		lb :	300.7303	98.3141	236.2989
		P^-1:
			0.2292	0.0454	-0.0201
			0.0454	0.1513	0.0437
			-0.0201	0.0437	0.2306
		A:
			-0.488	-0.7926	0.3655
			0.0657	-0.7429	-0.6661
			0.2324	-0.7355	-0.6364
			-0.4544	0.7006	0.5501
			0.2199	-0.1151	0.9687
			-0.611	-0.7648	0.2046
		b:
			-140.3114
			-214.4429
			-155.7342
			66.4781
			289.0535
			-213.6587
	==================================================================================
	Q6:
		Shape: Ellipse
		q_c:	309.0	95.5	240.5
		ub :	313.7838	100.6562	244.3902
		lb :	304.2162	90.3438	236.6098
		P^-1:
			0.0843	-0.0054	-0.0133
			-0.0054	0.0924	0.0264
			-0.0133	0.0264	0.1466


===========================================================================================
===========================================================================================
S7:
	q_c:	366.0	414.5	330.0
	ub :	399.3643	446.279	353.9015
	lb :	333.3841	395.7935	298.7235

	==================================================================================
	Q1:
		Shape: Ellipse
		q_c:	377.0	434.5	342.5
		ub :	385.0062	446.279	353.9015
		lb :	368.9938	422.721	331.0985
		P^-1:
			0.0552	0.0024	-0.0135
			0.0024	0.0219	0.0158
			-0.0135	0.0158	0.0344
	==================================================================================
	Q2:
		Shape: Hybrid
		q_c:	375.0	429.5	346.0
		ub :	385.7493	434.2481	352.8398
		lb :	364.2507	424.7519	339.1602
		P^-1:
			0.0124	0.0007	-0.0116
			0.0007	0.1023	-0.0189
			-0.0116	-0.0189	0.0689
		A:
			0.7025	-0.1345	-0.6989
			0.2162	0.9758	0.0313
			-0.0443	0.9664	0.2531
			0.4086	-0.7427	0.5306
			0.5568	-0.8304	-0.0215
			-0.2327	0.9172	0.3235
		b:
			-31.3039
			513.5173
			488.034
			21.8023
			-150.9514
			420.8672
	==================================================================================
	Q3:
		Shape: Hybrid
		q_c:	376.0	423.5	310.5
		ub :	386.0657	432.5618	318.2253
		lb :	365.9343	414.4382	302.7747
		P^-1:
			0.0344	0.0213	0.0038
			0.0213	0.0409	0.009
			0.0038	0.009	0.0358
		A:
			0.4419	-0.0432	0.896
			0.7609	0.3061	-0.5721
			-0.7721	-0.3529	-0.5285
			-0.1727	0.6617	0.7296
			-0.9171	-0.3839	-0.1075
			-0.2023	-0.894	-0.3998
		b:
			429.9253
			241.5237
			-600.914
			445.436
			-537.7189
			-575.943
	==================================================================================
	Q4:
		Shape: Ellipse
		q_c:	348.0	418.5	314.5
		ub :	362.6159	434.5153	330.2765
		lb :	333.3841	402.4847	298.7235
		P^-1:
			0.0117	-0.0008	-0.0007
			-0.0008	0.0111	-0.0002
			-0.0007	-0.0002	0.0106
	==================================================================================
	Q5:
		Shape: Ellipse
		q_c:	383.0	411.0	335.0
		ub :	398.866	426.2065	347.5086
		lb :	367.134	395.7935	322.4914
		P^-1:
			0.0128	0.0026	0.0042
			0.0026	0.0109	0.0031
			0.0042	0.0031	0.0158
	==================================================================================
	Q6:
		Shape: Polyhedra
		q_c:	387.0	414.5	332.5
		ub :	399.3643	426.1692	343.4148
		lb :	374.6357	402.8308	321.5852
		A:
			0.1531	0.523	-0.8385
			0.6961	-0.2641	0.6676
			-0.9879	0.0957	-0.1218
			-0.2639	0.4784	-0.8375
			0.8199	-0.2788	0.5001
			0.4155	0.7388	0.5306
			0.3142	0.1602	0.9357
			-0.9241	0.2773	0.2629
			-0.2174	-0.9473	0.2352
			-0.3142	-0.1602	-0.9357
			0.9241	-0.2773	-0.2629
			0.2174	0.9473	-0.2352
		b:
			5.1216
			389.6204
			-374.4738
			-174.6692
			376.115
			651.157
			506.1319
			-146.3005
			-390.1033
			-492.1319
			164.3005
			407.1033


===========================================================================================
===========================================================================================
S8:
	q_c:	409.5	257.5	208.0
	ub :	421.1908	271.1525	221.5789
	lb :	402.0851	247.1581	197.3136

	==================================================================================
	Q1:
		Shape: Polyhedra
		q_c:	409.0	257.5	208.5
		ub :	415.9149	264.0035	213.7038
		lb :	402.0851	250.9965	203.2962
		A:
			-0.7298	-0.2896	-0.6193
			-0.4636	-0.0965	-0.8808
			-0.5911	-0.4833	-0.6458
			0.4913	0.2479	-0.835
			0.8523	-0.1798	0.4912
			0.5245	0.8108	0.2601
			0.5961	0.3234	0.7349
			0.651	0.3411	-0.6782
			-0.47	0.8826	-0.0072
			-0.5961	-0.3234	-0.7349
			-0.651	-0.3411	0.6782
			0.47	-0.8826	0.0072
		b:
			-500.3892
			-395.8753
			-499.113
			96.507
			407.6639
			481.064
			481.8185
			218.6678
			38.057
			-478.8185
			-206.6678
			-29.057
	==================================================================================
	Q2:
		Shape: Ellipse
		q_c:	414.0	262.0	212.0
		ub :	418.5455	265.558	216.4062
		lb :	409.4545	258.442	207.5938
		P^-1:
			0.2061	0.0793	0.1759
			0.0793	0.248	0.0066
			0.1759	0.0066	0.2897
	==================================================================================
	Q3:
		Shape: Hybrid
		q_c:	415.0	265.0	215.0
		ub :	418.439	271.1525	221.3274
		lb :	411.561	258.8475	208.6726
		P^-1:
			0.4021	0.1221	0.0093
			0.1221	0.0902	-0.0002
			0.0093	-0.0002	0.0414
		A:
			-0.961	-0.2568	-0.1027
			0.9149	0.2117	0.3438
			-0.9554	0.0526	-0.2907
			0.794	-0.0252	0.6074
			-0.9893	-0.1312	0.0637
			0.9449	0.2758	-0.1762
		b:
			-488.1186
			511.0957
			-443.3508
			455.9695
			-430.6097
			428.3768
	==================================================================================
	Q4:
		Shape: Ellipse
		q_c:	413.5	251.5	201.5
		ub :	415.8842	253.4457	205.6864
		lb :	411.1158	249.5543	197.3136
		P^-1:
			2.1227	1.8337	-0.4158
			1.8337	2.0428	-0.384
			-0.4158	-0.384	0.147
	==================================================================================
	Q5:
		Shape: Hybrid
		q_c:	414.5	252.0	215.5
		ub :	421.1908	256.8419	221.5789
		lb :	407.8092	247.1581	209.4211
		P^-1:
			0.0386	-0.0105	0.0193
			-0.0105	0.1152	-0.0476
			0.0193	-0.0476	0.1017
		A:
			0.8186	-0.498	0.2861
			0.1688	0.9208	-0.3516
			0.2409	-0.9044	0.3521
			-0.2148	0.3522	-0.911
			0.339	-0.6452	0.6847
			-0.1934	0.1783	-0.9648
		b:
			278.5369
			228.0185
			-50.6018
			-194.9442
			126.8589
			-241.2096
	==================================================================================
	Q6:
		Shape: Polyhedra
		q_c:	413.5	260.5	208.0
		ub :	419.5806	266.4603	214.7172
		lb :	407.4194	254.5397	201.2828
		A:
			0.8211	-0.4997	0.2759
			-0.975	-0.0548	0.2155
			-0.9998	0.0169	-0.0106
			-0.4468	0.2986	-0.8434
			0.4585	-0.8856	-0.0736
			0.6797	-0.0644	-0.7307
			0.8813	0.2105	0.4231
			-0.1565	-0.7149	0.6815
			0.4459	-0.6668	-0.5971
			-0.8813	-0.2105	-0.4231
			0.1565	0.7149	-0.6815
			-0.4459	0.6668	0.5971
		b:
			271.1056
			-368.2294
			-406.6865
			-277.4078
			-53.2109
			115.7561
			512.248
			-104.1618
			-111.5324
			-502.248
			114.1618
			115.5324


===========================================================================================
===========================================================================================
S9:
	q_c:	415.5	258.0	33.5
	ub :	434.7969	279.9	51.511
	lb :	390.3255	240.0055	10.6994

	==================================================================================
	Q1:
		Shape: Hybrid
		q_c:	427.5	256.5	19.5
		ub :	434.7969	267.5578	27.9777
		lb :	420.2031	245.4422	11.0223
		P^-1:
			0.0574	-0.0146	-0.0007
			-0.0146	0.0199	-0.0069
			-0.0007	-0.0069	0.0306
		A:
			0.3057	-0.3509	-0.8851
			-0.3294	0.5252	-0.7846
			-0.8775	0.3319	0.3462
			0.9284	-0.3713	0.0118
			0.7219	-0.2878	0.6293
			0.9389	0.3069	-0.1557
		b:
			27.9367
			-18.2233
			-280.8506
			303.9078
			249.8232
			480.9174
	==================================================================================
	Q2:
		Shape: Hybrid
		q_c:	418.5	252.0	36.5
		ub :	431.0916	263.9945	46.5321
		lb :	405.9084	240.0055	26.4679
		P^-1:
			0.0193	0.011	0.0005
			0.011	0.0265	-0.0081
			0.0005	-0.0081	0.032
		A:
			0.7307	0.6632	-0.1622
			-0.8645	-0.21	0.4567
			-0.2302	0.7797	-0.5824
			0.2328	0.2019	0.9513
			0.6691	0.7418	-0.0455
			0.5796	0.4652	0.6691
		b:
			470.0465
			-393.1072
			83.1065
			186.548
			468.257
			387.7173
	==================================================================================
	Q3:
		Shape: Ellipse
		q_c:	412.0	272.5	20.0
		ub :	419.2706	279.9	29.3006
		lb :	404.7294	265.1	10.6994
		P^-1:
			0.0775	-0.0604	0.0101
			-0.0604	0.1094	-0.0219
			0.0101	-0.0219	0.024
	==================================================================================
	Q4:
		Shape: Polyhedra
		q_c:	412.5	269.0	38.5
		ub :	420.6304	276.1345	48.1555
		lb :	404.3696	261.8655	28.8445
		A:
			-0.3143	-0.8784	0.3601
			-0.4502	-0.8823	0.1377
			0.7784	-0.0163	-0.6276
			0.1264	-0.9811	0.1465
			-0.5138	-0.4107	0.7532
			0.9986	-0.0516	-0.0065
			0.9367	0.1029	0.3346
			-0.3498	0.2418	0.9051
			0.0123	-0.9648	0.2625
			-0.9367	-0.1029	-0.3346
			0.3498	-0.2418	-0.9051
			-0.0123	0.9648	-0.2625
		b:
			-346.8728
			-412.4762
			299.2347
			-201.0665
			-287.1384
			403.9675
			432.9705
			-37.4073
			-239.3843
			-420.9705
			51.4073
			249.3843
	==================================================================================
	Q5:
		Shape: Ellipse
		q_c:	419.5	253.0	23.5
		ub :	429.4835	264.554	35.2411
		lb :	409.5165	241.446	11.7589
		P^-1:
			0.0259	0.0021	0.0039
			0.0021	0.0161	0.0008
			0.0039	0.0008	0.0171
	==================================================================================
	Q6:
		Shape: Polyhedra
		q_c:	400.5	253.5	43.5
		ub :	410.6745	263.2126	51.511
		lb :	390.3255	243.7874	35.489
		A:
			0.5833	0.4519	-0.6749
			0.5914	0.4019	-0.6991
			0.1201	0.7395	0.6623
			-0.8851	-0.4018	0.2349
			0.4914	-0.1115	-0.8637
			-0.0258	-0.3821	-0.9238
			0.6166	0.6381	0.4612
			-0.6383	0.7481	-0.1817
			-0.4609	-0.1824	0.8685
			-0.6166	-0.6381	-0.4612
			0.6383	-0.7481	0.1817
			0.4609	0.1824	-0.8685
		b:
			323.8407
			313.3161
			269.7678
			-440.9641
			136.1621
			-142.3365
			433.7503
			-66.404
			-188.0445
			-423.7503
			81.404
			198.0445


===========================================================================================
===========================================================================================
S10:
	q_c:	430.0	424.0	63.0
	ub :	451.5545	438.3568	86.2328
	lb :	407.531	401.2831	44.2537

	==================================================================================
	Q1:
		Shape: Polyhedra
		q_c:	430.0	415.0	59.5
		ub :	436.8881	422.5343	65.0416
		lb :	423.1119	407.4657	53.9584
		A:
			-0.2037	0.2954	0.9334
			0.8794	-0.4484	0.1602
			-0.9289	0.3641	0.0681
			-0.2505	-0.9576	-0.1423
			0.8445	-0.0516	-0.533
			0.7401	-0.5779	-0.344
			0.6172	0.7652	0.1832
			0.7354	-0.4784	-0.4799
			-0.2796	0.4309	-0.858
			-0.6172	-0.7652	-0.1832
			-0.7354	0.4784	0.4799
			0.2796	-0.4309	0.858
		b:
			94.0234
			204.9621
			-240.8719
			-507.9709
			313.6504
			60.9778
			599.8505
			92.1614
			11.0536
			-587.8505
			-86.1614
			-4.0536
	==================================================================================
	Q2:
		Shape: Polyhedra
		q_c:	418.5	428.0	51.5
		ub :	425.1967	434.8339	58.7463
		lb :	411.8033	421.1661	44.2537
		A:
			-0.9214	0.3853	0.0511
			-0.4122	-0.7399	-0.5317
			-0.7336	-0.3031	-0.6082
			0.5884	-0.7933	-0.1564
			0.8106	0.3068	0.4987
			0.3691	0.8241	-0.4296
			0.3364	0.9278	0.1615
			0.9387	-0.3441	0.0213
			0.0753	0.1444	-0.9866
			-0.3364	-0.9278	-0.1615
			-0.9387	0.3441	-0.0213
			-0.0753	-0.1444	0.9866
		b:
			-213.0449
			-511.6825
			-462.8286
			-96.4858
			501.3269
			490.3172
			550.6818
			251.692
			49.0088
			-541.6818
			-241.692
			-36.0088
	==================================================================================
	Q3:
		Shape: Hybrid
		q_c:	442.5	429.0	54.0
		ub :	451.5545	438.3568	61.4889
		lb :	433.4455	419.6432	46.5111
		P^-1:
			0.021	0.01	-0.0195
			0.01	0.0356	-0.0354
			-0.0195	-0.0354	0.0879
		A:
			-0.3552	0.5491	-0.7565
			0.1491	-0.7044	0.694
			-0.3105	0.7169	0.6243
			0.2724	-0.6809	-0.6799
			0.0442	-0.038	-0.9983
			-0.4385	0.7346	0.5178
		b:
			41.2885
			-195.6432
			209.6089
			-202.6312
			-47.5453
			154.9788
	==================================================================================
	Q4:
		Shape: Hybrid
		q_c:	432.0	419.5	70.0
		ub :	440.1282	430.114	82.0392
		lb :	423.8718	408.886	57.9608
		P^-1:
			0.0359	-0.008	-0.0005
			-0.008	0.0239	0.0029
			-0.0005	0.0029	0.0097
		A:
			-0.9769	-0.0778	0.1991
			0.6387	-0.626	-0.4473
			-0.8472	-0.5277	0.062
			0.9996	-0.0061	-0.029
			-0.414	-0.7831	-0.4641
			-0.5743	-0.602	-0.5548
		b:
			-437.216
			-14.3943
			-578.7584
			430.2267
			-535.0531
			-534.432
	==================================================================================
	Q5:
		Shape: Hybrid
		q_c:	419.5	432.5	65.5
		ub :	431.469	438.0152	74.9249
		lb :	407.531	426.9848	56.0751
		P^-1:
			0.0119	-0.0008	0.0078
			-0.0008	0.0488	-0.0029
			0.0078	-0.0029	0.0308
		A:
			0.7365	-0.332	0.5893
			0.5258	-0.5963	0.6066
			-0.3474	-0.341	0.8735
			0.103	-0.3507	0.9308
			0.2193	-0.3191	0.922
			0.9891	-0.099	-0.109
		b:
			208.6597
			5.8232
			-230.5581
			-44.1384
			17.4941
			372.9546
	==================================================================================
	Q6:
		Shape: Polyhedra
		q_c:	424.0	412.0	75.5
		ub :	434.642	422.7169	86.2328
		lb :	413.358	401.2831	64.7672
		A:
			0.0144	-0.9155	0.4021
			0.63	-0.4865	-0.6054
			-0.5225	0.8435	0.1243
			0.5224	-0.0862	0.8484
			0.4139	-0.6552	-0.632
			0.2458	-0.0509	-0.968
			0.4004	0.4356	0.8062
			0.1845	0.8234	-0.5366
			-0.8975	0.3636	0.2494
			-0.4004	-0.4356	-0.8062
			-0.1845	-0.8234	0.5366
			0.8975	-0.3636	-0.2494
		b:
			-334.6245
			28.3734
			142.4352
			256.8899
			-134.8544
			16.9929
			417.1141
			382.9876
			-204.4128
			-403.1141
			-370.9876
			219.4128


===========================================================================================
===========================================================================================
S11:
	q_c:	313.0	120.5	101.5
	ub :	331.3106	151.35	129.3027
	lb :	285.9164	103.3301	74.0234

	==================================================================================
	Q1:
		Shape: Polyhedra
		q_c:	322.5	120.0	87.0
		ub :	330.2038	127.8336	94.1514
		lb :	314.7962	112.1664	79.8486
		A:
			-0.9212	0.3879	0.0295
			0.9297	-0.1312	-0.3441
			-0.0922	0.3898	-0.9163
			-0.9174	0.0163	-0.3975
			-0.8642	0.2651	-0.4277
			-0.5698	0.7616	0.3086
			0.0829	0.406	0.9101
			-0.6396	0.722	-0.2638
			-0.7642	-0.5602	0.3195
			-0.0829	-0.406	-0.9101
			0.6396	-0.722	0.2638
			0.7642	0.5602	-0.3195
		b:
			-243.6463
			260.1016
			-57.9519
			-323.5192
			-280.2222
			-62.2023
			159.1322
			-140.0717
			-278.3976
			-150.1322
			145.0717
			293.3976
	==================================================================================
	Q2:
		Shape: Polyhedra
		q_c:	295.5	126.0	86.5
		ub :	305.0836	135.2148	98.9766
		lb :	285.9164	116.7852	74.0234
		A:
			-0.7568	-0.4899	0.4326
			-0.8686	0.291	-0.4012
			-0.1425	-0.9736	0.1785
			-0.6564	0.7373	0.1595
			0.6442	0.6228	0.444
			0.9013	-0.0428	0.431
			0.2564	0.926	0.2771
			0.244	0.2154	-0.9456
			-0.9353	0.31	-0.1707
			-0.2564	-0.926	-0.2771
			-0.244	-0.2154	0.9456
			0.9353	-0.31	0.1707
		b:
			-239.5437
			-248.3753
			-142.6942
			-81.2804
			312.9792
			304.4191
			221.9074
			27.9434
			-246.0755
			-210.9074
			-6.9434
			258.0755
	==================================================================================
	Q3:
		Shape: Hybrid
		q_c:	321.0	128.0	99.0
		ub :	329.863	136.4496	108.2321
		lb :	312.137	119.5504	89.7679
		P^-1:
			0.0736	0.079	0.0655
			0.079	0.1241	0.0816
			0.0655	0.0816	0.0898
		A:
			0.5778	0.7725	0.2634
			-0.9973	0.071	-0.0169
			0.2797	0.8751	0.3949
			-0.4905	-0.8075	-0.3277
			0.307	0.7311	0.6093
			-0.5653	-0.5402	-0.6233
		b:
			312.3001
			-306.1777
			242.9611
			-291.6981
			254.1181
			-311.0653
	==================================================================================
	Q4:
		Shape: Polyhedra
		q_c:	321.0	139.5	116.5
		ub :	331.3106	151.35	128.3828
		lb :	310.6894	127.65	104.6172
		A:
			0.2784	0.0929	0.956
			0.1619	0.6471	-0.745
			-0.5263	0.8432	-0.1097
			-0.4325	0.6404	-0.6347
			-0.6134	-0.3643	-0.7007
			0.8018	0.3135	-0.5088
			0.6824	0.5612	0.4683
			0.7294	-0.481	-0.4864
			-0.0477	0.6736	-0.7376
			-0.6824	-0.5612	-0.4683
			-0.7294	0.481	0.4864
			0.0477	-0.6736	0.7376
		b:
			220.0619
			62.4909
			-55.9551
			-116.3124
			-324.1196
			249.4538
			356.9105
			119.3611
			-0.2764
			-346.9105
			-101.3611
			14.2764
	==================================================================================
	Q5:
		Shape: Hybrid
		q_c:	298.0	134.5	112.0
		ub :	306.0368	140.2199	120.1095
		lb :	289.9632	128.7801	103.8905
		P^-1:
			0.0831	-0.0343	0.0582
			-0.0343	0.0629	-0.0324
			0.0582	-0.0324	0.0744
		A:
			-0.7735	0.1449	-0.6171
			0.6687	-0.4731	0.5736
			0.4996	-0.8391	0.2151
			0.9265	0.3587	0.1141
			0.4207	-0.2359	0.876
			0.3851	-0.7752	0.5007
		b:
			-278.5091
			201.1385
			62.4854
			341.0224
			194.0139
			68.4945
	==================================================================================
	Q6:
		Shape: Polyhedra
		q_c:	305.0	113.5	114.5
		ub :	319.4748	123.6699	129.3027
		lb :	290.5252	103.3301	99.6973
		A:
			-0.9392	0.2996	0.1676
			0.3364	-0.9328	0.1292
			0.1024	-0.9695	0.2225
			-0.9368	-0.082	0.3401
			0.5591	0.7424	-0.3691
			-0.0267	-0.6481	0.7611
			0.6478	0.3246	0.6892
			-0.7362	0.0341	0.6759
			0.1959	-0.9452	0.2611
			-0.6478	-0.3246	-0.6892
			0.7362	-0.0341	-0.6759
			-0.1959	0.9452	-0.2611
		b:
			-224.4201
			18.6074
			-46.2919
			-246.9332
			220.766
			13.294
			323.3346
			-134.2732
			-10.6558
			-303.3346
			152.2732
			24.6558


===========================================================================================
===========================================================================================
S12:
	q_c:	101.5	428.0	238.0
	ub :	113.8104	442.2212	247.6242
	lb :	86.1703	409.14	220.7996

	==================================================================================
	Q1:
		Shape: Ellipse
		q_c:	98.5	423.5	240.5
		ub :	104.6162	429.7971	247.6242
		lb :	92.3838	417.2029	233.3758
		P^-1:
			0.0701	0.0275	0.0111
			0.0275	0.0859	0.0159
			0.0111	0.0159	0.0282
	==================================================================================
	Q2:
		Shape: Ellipse
		q_c:	107.0	434.0	232.5
		ub :	109.5475	438.8727	235.6735
		lb :	104.4525	429.1273	229.3265
		P^-1:
			0.16	-0.0008	0.0012
			-0.0008	0.0638	-0.0519
			0.0012	-0.0519	0.2355
	==================================================================================
	Q3:
		Shape: Ellipse
		q_c:	103.5	418.5	230.0
		ub :	111.8635	427.86	239.2004
		lb :	95.1365	409.14	220.7996
		P^-1:
			0.0306	-0.0023	-0.0014
			-0.0023	0.0347	-0.0048
			-0.0014	-0.0048	0.0356
	==================================================================================
	Q4:
		Shape: Hybrid
		q_c:	91.5	423.0	239.5
		ub :	96.8297	429.3728	245.6728
		lb :	86.1703	416.6272	233.3272
		P^-1:
			0.1313	-0.0407	0.0234
			-0.0407	0.0625	-0.0204
			0.0234	-0.0204	0.0687
		A:
			-0.4108	0.7319	-0.5437
			0.6903	-0.6567	0.3038
			-0.9688	0.1332	0.209
			-0.6771	0.7079	0.2012
			0.8999	0.4307	-0.0689
			-0.9327	-0.358	0.0442
		b:
			143.7095
			-140.3199
			19.6151
			287.8526
			250.7824
			-223.5459
	==================================================================================
	Q5:
		Shape: Polyhedra
		q_c:	109.0	437.0	242.0
		ub :	113.8104	442.2212	246.3408
		lb :	104.1896	431.7788	237.6592
		A:
			0.7173	0.4339	0.5452
			0.3297	-0.1386	0.9339
			-0.852	-0.4132	-0.3214
			0.9153	0.3501	-0.1989
			0.8432	0.3618	-0.3977
			0.6329	0.2712	0.7252
			0.7722	0.6301	0.0816
			0.592	-0.7602	0.2676
			0.2307	-0.1584	-0.9601
			-0.7722	-0.6301	-0.0816
			-0.592	0.7602	-0.2676
			-0.2307	0.1584	0.9601
		b:
			401.9095
			205.0503
			-349.1761
			206.6954
			155.8583
			365.7418
			380.7728
			-197.8956
			-273.4046
			-377.7728
			207.8956
			279.4046
	==================================================================================
	Q6:
		Shape: Hybrid
		q_c:	106.5	433.0	234.5
		ub :	110.9743	437.9044	238.3069
		lb :	102.0257	428.0956	230.6931
		P^-1:
			0.1613	-0.0293	-0.0462
			-0.0293	0.0876	-0.0342
			-0.0462	-0.0342	0.2236
		A:
			-0.1129	-0.529	0.8411
			-0.339	-0.1652	-0.9262
			0.3039	-0.601	0.7393
			0.0562	-0.1088	-0.9925
			-0.6928	-0.3437	0.634
			-0.4426	0.4373	0.7829
		b:
			-42.5627
			-322.9544
			-53.091
			-272.4438
			-72.5387
			327.3578


===========================================================================================
===========================================================================================
