3D_30_15_6_d                l = 3

===========================================================================================
===========================================================================================
S1:
	q_c:    23.0000    300.0000    288.5000
	ub :    41.0000    325.0000    298.0000
	lb :    5.0000    275.0000    279.0000

	==================================================================================
	Q1:
		Shape: Polyhedra
		q_c:    18.0000    297.0000    284.5000
		ub :    23.9220    303.0693    289.8422
		lb :    12.0780    290.9307    279.1578
		A:
			    0.7517    -0.5177    -0.4085
			    -0.3738    -0.9065    -0.1960
			    -0.3553    -0.8118    0.4634
			    -0.8910    0.0493    0.4512
			    -0.0790    0.6679    0.7401
			    -0.9331    0.3516    0.0759
			    0.8469    0.2759    0.4545
			    -0.4863    0.0560    0.8720
			    0.2151    -0.9596    0.1816
			    -0.8469    -0.2759    -0.4545
			    0.4863    -0.0560    -0.8720
			    -0.2151    0.9596    -0.1816
		b:
			    -252.5482
			    -327.1440
			    -111.2495
			    130.3507
			    411.3347
			    113.2851
			    230.4959
			    258.9743
			    -224.4560
			    -222.4959
			    -252.9743
			    234.4560
	==================================================================================
	Q2:
		Shape: Ellipse
		q_c:    20.5000    292.5000    290.0000
		ub :    24.0587    293.6207    293.5559
		lb :    16.9413    291.3793    286.4441
		P^-1: 
			    0.3003    -0.7132    -0.1030
			    -0.7132    3.7840    0.5236
			    -0.1030    0.5236    0.2356
	==================================================================================
	Q3:
		Shape: Hybrid
		q_c:    31.0000    294.0000    290.5000
		ub :    39.5577    302.3165    298.1912
		lb :    22.4423    285.6835    282.8088
		P^-1: 
			    0.0398    0.0082    -0.0129
			    0.0082    0.0373    -0.0020
			    -0.0129    -0.0020    0.0531
		A:
			    0.9810    0.0723    -0.1800
			    -0.3089    0.9506    -0.0289
			    -0.0596    0.7813    -0.6213
			    0.7974    0.0600    -0.6005
			    -0.7861    0.1585    0.5974
			    0.5008    -0.0430    -0.8645
		b:
			    2.3622
			    265.1580
			    50.4966
			    -129.7804
			    198.3379
			    -246.1329
	==================================================================================
	Q4:
		Shape: Hybrid
		q_c:    29.5000    306.0000    292.5000
		ub :    35.2107    312.7274    297.6211
		lb :    23.7893    299.2726    287.3789
		P^-1: 
			    0.4529    0.0042    -0.4722
			    0.0042    0.0441    0.0022
			    -0.4722    0.0022    0.5924
		A:
			    0.8349    0.0212    -0.5500
			    0.7506    -0.1983    -0.6302
			    0.7307    -0.2303    -0.6427
			    -0.6851    0.2642    0.6789
			    -0.7860    0.0292    0.6175
			    0.7108    0.0630    -0.7006
		b:
			    -128.6461
			    -221.7955
			    -235.7617
			    260.3658
			    167.2360
			    -164.0717
	==================================================================================
	Q5:
		Shape: Hybrid
		q_c:    29.0000    298.5000    293.0000
		ub :    35.4124    304.9526    297.7143
		lb :    22.5876    292.0474    288.2857
		P^-1: 
			    0.0816    0.0308    -0.0357
			    0.0308    0.0789    -0.0332
			    -0.0357    -0.0332    0.1114
		A:
			    -0.4894    0.1707    0.8552
			    -0.9316    0.1455    -0.3332
			    0.6579    0.0464    -0.7517
			    0.5768    0.7329    -0.3607
			    0.0925    0.9952    0.0306
			    -0.2608    0.0137    -0.9653
		b:
			    289.3877
			    -78.2118
			    -185.5747
			    131.3973
			    311.3841
			    -283.9383
	==================================================================================
	Q6:
		Shape: Polyhedra
		q_c:    29.5000    305.0000    283.5000
		ub :    33.1415    309.0914    286.0878
		lb :    25.8585    300.9086    280.9122
		A:
			    -0.0185    0.7041    -0.7099
			    0.9612    0.0910    0.2602
			    0.6885    -0.0736    0.7215
			    -0.6514    -0.5708    0.4999
			    -0.3342    0.2015    -0.9207
			    0.0033    -0.4635    -0.8861
			    0.8936    0.4464    0.0479
			    0.0321    -0.1698    0.9849
			    0.4478    -0.8786    -0.1661
			    -0.8936    -0.4464    -0.0479
			    -0.0321    0.1698    -0.9849
			    -0.4478    0.8786    0.1661
		b:
			    15.2842
			    132.4151
			    204.6840
			    -49.2257
			    -207.3663
			    -390.0857
			    178.5777
			    230.3809
			    -298.8382
			    -173.5777
			    -226.3809
			    304.8382


===========================================================================================
===========================================================================================
S2:
	q_c:    90.0000    300.5000    90.5000
	ub :    110.0000    323.0000    110.0000
	lb :    70.0000    278.0000    71.0000

	==================================================================================
	Q1:
		Shape: Polyhedra
		q_c:    81.5000    310.0000    80.0000
		ub :    102.1201    327.3933    98.6457
		lb :    60.8799    292.6067    61.3543
		A:
			    -0.6647    -0.7388    0.1111
			    -0.3285    0.3071    -0.8932
			    0.4859    0.6756    -0.5544
			    0.7495    0.5833    -0.3131
			    0.5723    -0.4082    -0.7112
			    0.3051    -0.6191    -0.7236
			    0.5686    0.7224    0.3935
			    0.5285    0.0458    -0.8477
			    -0.6304    0.6899    -0.3558
			    -0.5686    -0.7224    -0.3935
			    -0.5285    -0.0458    0.8477
			    0.6304    -0.6899    0.3558
		b:
			    -264.2159
			    10.0198
			    216.0830
			    227.3685
			    -124.9109
			    -213.5824
			    311.2664
			    0.9439
			    148.5442
			    -292.2664
			    22.0561
			    -119.5442
	==================================================================================
	Q2:
		Shape: Ellipse
		q_c:    100.5000    316.5000    98.5000
		ub :    119.9981    335.6679    112.6987
		lb :    81.0019    297.3321    84.3013
		P^-1: 
			    0.0077    -0.0015    -0.0006
			    -0.0015    0.0064    0.0004
			    -0.0006    0.0004    0.0096
	==================================================================================
	Q3:
		Shape: Hybrid
		q_c:    79.5000    317.5000    84.0000
		ub :    86.3748    327.8256    91.1189
		lb :    72.6252    307.1744    76.8811
		P^-1: 
			    0.2799    0.1450    0.1318
			    0.1450    0.0941    0.0931
			    0.1318    0.0931    0.1420
		A:
			    -0.6337    -0.4464    -0.6318
			    -0.6633    -0.5081    -0.5494
			    0.8543    0.4476    -0.2642
			    -0.9580    -0.2115    0.1937
			    0.6073    0.7585    0.2363
			    0.4762    0.4103    0.7778
		b:
			    -244.2473
			    -259.2313
			    190.5777
			    -124.7652
			    312.6947
			    234.8525
	==================================================================================
	Q4:
		Shape: Ellipse
		q_c:    70.0000    295.0000    79.5000
		ub :    78.2198    308.5795    94.6259
		lb :    61.7802    281.4205    64.3741
		P^-1: 
			    0.0273    0.0004    0.0021
			    0.0004    0.0160    0.0067
			    0.0021    0.0067    0.0112
	==================================================================================
	Q5:
		Shape: Ellipse
		q_c:    110.5000    307.0000    108.0000
		ub :    116.9843    315.6604    114.1492
		lb :    104.0157    298.3396    101.8508
		P^-1: 
			    0.0726    -0.0214    -0.0052
			    -0.0214    0.0262    0.0014
			    -0.0052    0.0014    0.0336
	==================================================================================
	Q6:
		Shape: Ellipse
		q_c:    105.5000    284.0000    81.5000
		ub :    116.6772    300.0318    98.6781
		lb :    94.3228    267.9682    64.3219
		P^-1: 
			    0.0138    -0.0001    0.0003
			    -0.0001    0.0120    0.0036
			    0.0003    0.0036    0.0070


===========================================================================================
===========================================================================================
S3:
	q_c:    306.5000    363.5000    268.5000
	ub :    328.0000    374.0000    288.0000
	lb :    285.0000    353.0000    249.0000

	==================================================================================
	Q1:
		Shape: Hybrid
		q_c:    307.5000    370.0000    275.0000
		ub :    312.7699    375.4722    278.6731
		lb :    302.2301    364.5278    271.3269
		P^-1: 
			    0.1401    0.0732    0.0237
			    0.0732    0.1120    0.0421
			    0.0237    0.0421    0.2073
		A:
			    -0.8171    -0.5187    -0.2518
			    0.8244    0.5625    0.0633
			    -0.9448    -0.2482    -0.2137
			    -0.2711    0.3265    -0.9055
			    0.5213    -0.3261    -0.7886
			    -0.6670    -0.6562    0.3529
		b:
			    -511.1784
			    480.2860
			    -439.4413
			    -209.5267
			    -175.2191
			    -349.3184
	==================================================================================
	Q2:
		Shape: Ellipse
		q_c:    308.5000    372.0000    265.0000
		ub :    310.5186    374.4826    267.9241
		lb :    306.4814    369.5174    262.0759
		P^-1: 
			    0.6462    -0.6769    0.4989
			    -0.6769    2.2713    -1.8077
			    0.4989    -1.8077    1.6381
	==================================================================================
	Q3:
		Shape: Hybrid
		q_c:    300.0000    365.0000    270.5000
		ub :    304.0689    370.3052    274.2735
		lb :    295.9311    359.6948    266.7265
		P^-1: 
			    0.2952    0.0990    0.1189
			    0.0990    0.0851    0.0797
			    0.1189    0.0797    0.2642
		A:
			    0.8795    0.1974    0.4331
			    -0.2950    -0.1401    -0.9452
			    -0.3267    -0.0773    -0.9419
			    0.0744    -0.0771    0.9942
			    0.0067    -0.0790    -0.9969
			    -0.8488    0.1384    -0.5102
		b:
			    454.0045
			    -394.1027
			    -379.7636
			    264.8352
			    -295.0253
			    -340.2077
	==================================================================================
	Q4:
		Shape: Hybrid
		q_c:    309.5000    359.5000    275.5000
		ub :    313.4344    362.9850    279.1581
		lb :    305.5656    356.0150    271.8419
		P^-1: 
			    0.1746    0.0051    -0.0690
			    0.0051    0.1115    -0.0055
			    -0.0690    -0.0055    0.1861
		A:
			    -0.1556    -0.9565    -0.2467
			    0.0203    0.1467    -0.9890
			    0.4373    -0.8939    0.0981
			    -0.3788    -0.0968    -0.9204
			    0.6120    0.2814    -0.7391
			    0.6004    -0.5784    -0.5523
		b:
			    -457.9968
			    -211.9550
			    -157.0143
			    -403.7496
			    88.0208
			    -172.8020
	==================================================================================
	Q5:
		Shape: Hybrid
		q_c:    301.5000    363.0000    269.5000
		ub :    307.8851    366.9007    275.5127
		lb :    295.1149    359.0993    263.4873
		P^-1: 
			    0.0554    -0.0084    0.0065
			    -0.0084    0.1098    -0.0011
			    0.0065    -0.0011    0.0579
		A:
			    -0.3935    0.8546    -0.3390
			    -0.2337    -0.8953    0.3792
			    0.2475    -0.8625    -0.4415
			    -0.5821    -0.5177    0.6270
			    -0.2415    0.8111    -0.5328
			    -0.6977    -0.6055    0.3829
		b:
			    101.8900
			    -291.3331
			    -355.5728
			    -191.6984
			    79.8481
			    -324.3182
	==================================================================================
	Q6:
		Shape: Hybrid
		q_c:    302.0000    358.5000    276.0000
		ub :    305.2539    361.4245    279.4894
		lb :    298.7461    355.5755    272.5106
		P^-1: 
			    0.2408    0.0637    -0.0007
			    0.0637    0.3382    0.1210
			    -0.0007    0.1210    0.2755
		A:
			    0.0024    -0.6763    -0.7367
			    -0.9707    0.0529    -0.2346
			    -0.3784    0.5854    0.7171
			    -0.2499    0.7829    -0.5697
			    -0.1393    0.8013    -0.5818
			    -0.3425    -0.6267    -0.6999
		b:
			    -444.2328
			    -337.4948
			    294.4577
			    49.6732
			    86.2639
			    -520.4805


===========================================================================================
===========================================================================================
S4:
	q_c:    83.0000    34.5000    388.5000
	ub :    99.0000    44.0000    402.0000
	lb :    67.0000    25.0000    375.0000

	==================================================================================
	Q1:
		Shape: Polyhedra
		q_c:    86.0000    44.0000    390.0000
		ub :    90.2110    49.5139    394.3163
		lb :    81.7890    38.4861    385.6837
		A:
			    -0.8345    -0.5336    0.1377
			    0.5831    0.2935    0.7576
			    -0.0791    0.7554    0.6505
			    0.9232    0.2154    0.3184
			    0.6603    -0.0185    0.7507
			    0.0581    0.7380    0.6723
			    0.8782    0.3212    0.3543
			    -0.1991    -0.4280    0.8816
			    0.4348    -0.8448    -0.3119
			    -0.8782    -0.3212    -0.3543
			    0.1991    0.4280    -0.8816
			    -0.4348    0.8448    0.3119
		b:
			    -39.3704
			    360.8004
			    284.2041
			    215.1090
			    350.9387
			    303.4963
			    229.8508
			    310.3483
			    -116.9307
			    -225.8508
			    -305.3483
			    125.9307
	==================================================================================
	Q2:
		Shape: Hybrid
		q_c:    78.5000    34.5000    393.5000
		ub :    83.6290    38.7167    398.8686
		lb :    73.3710    30.2833    388.1314
		P^-1: 
			    0.1637    -0.0717    0.0531
			    -0.0717    0.1399    -0.0360
			    0.0531    -0.0360    0.0905
		A:
			    0.4296    0.2076    0.8788
			    -0.6021    0.5450    -0.5835
			    -0.9388    -0.1635    0.3032
			    0.7418    -0.6682    -0.0579
			    0.3451    0.8294    -0.4394
			    -0.8873    0.1112    -0.4476
		b:
			    389.0469
			    -256.9049
			    42.5172
			    13.8682
			    -114.6892
			    -240.5019
	==================================================================================
	Q3:
		Shape: Polyhedra
		q_c:    76.5000    32.5000    390.5000
		ub :    81.6126    37.8390    395.5428
		lb :    71.3874    27.1610    385.4572
		A:
			    0.8242    -0.4361    -0.3612
			    0.6961    -0.7143    0.0719
			    0.0870    0.6983    -0.7105
			    -0.1208    0.3859    -0.9146
			    0.8078    -0.1407    0.5724
			    -0.5468    0.8260    0.1368
			    0.3073    0.4852    0.8186
			    -0.6641    0.7255    -0.1807
			    -0.6816    -0.4881    0.5452
			    -0.3073    -0.4852    -0.8186
			    0.6641    -0.7255    0.1807
			    0.6816    0.4881    -0.5452
		b:
			    -89.1326
			    61.1063
			    -245.0681
			    -350.6569
			    283.9782
			    41.5134
			    362.4431
			    -94.7891
			    147.8995
			    -355.4431
			    100.7891
			    -141.8995
	==================================================================================
	Q4:
		Shape: Hybrid
		q_c:    86.0000    26.0000    390.0000
		ub :    92.2492    33.0994    395.0811
		lb :    79.7508    18.9006    384.9189
		P^-1: 
			    0.1010    -0.0225    -0.0408
			    -0.0225    0.0379    -0.0035
			    -0.0408    -0.0035    0.1305
		A:
			    -0.3777    0.4338    0.8180
			    -0.3053    0.3035    0.9026
			    0.5257    0.2138    -0.8234
			    0.9456    -0.2508    -0.2070
			    0.0540    -0.3258    -0.9439
			    0.6985    -0.7156    0.0074
		b:
			    299.8950
			    335.4805
			    -268.7242
			    -4.1615
			    -369.6031
			    46.8974
	==================================================================================
	Q5:
		Shape: Hybrid
		q_c:    91.0000    43.0000    394.0000
		ub :    96.2121    48.0273    398.4722
		lb :    85.7879    37.9727    389.5278
		P^-1: 
			    0.0675    0.0350    0.0450
			    0.0350    0.1293    0.0703
			    0.0450    0.0703    0.1843
		A:
			    -0.5844    -0.6458    0.4913
			    0.0447    -0.9364    -0.3480
			    -0.2091    -0.3700    0.9052
			    -0.2755    -0.3580    0.8922
			    0.2507    0.7032    0.6653
			    -0.2394    0.7504    0.6161
		b:
			    115.3602
			    -171.4099
			    324.0616
			    313.4772
			    316.2752
			    255.2199
	==================================================================================
	Q6:
		Shape: Hybrid
		q_c:    91.0000    42.0000    399.0000
		ub :    98.7323    47.8916    406.8226
		lb :    83.2677    36.1084    391.1774
		P^-1: 
			    0.0467    0.0038    0.0136
			    0.0038    0.0516    0.0032
			    0.0136    0.0032    0.0466
		A:
			    0.6887    0.7172    -0.1063
			    -0.5151    0.2670    -0.8145
			    0.6296    -0.6874    0.3620
			    -0.5061    0.7834    0.3608
			    0.7570    0.3915    0.5232
			    -0.4882    -0.7574    -0.4336
		b:
			    52.9798
			    -358.3694
			    175.3692
			    133.7302
			    296.1153
			    -247.1560


===========================================================================================
===========================================================================================
S5:
	q_c:    245.5000    78.0000    166.0000
	ub :    270.0000    98.0000    179.0000
	lb :    221.0000    58.0000    153.0000

	==================================================================================
	Q1:
		Shape: Ellipse
		q_c:    250.5000    76.0000    157.5000
		ub :    253.0725    78.3747    162.1154
		lb :    247.9275    73.6253    152.8846
		P^-1: 
			    0.4093    -0.3014    0.0659
			    -0.3014    0.8204    -0.1208
			    0.0659    -0.1208    0.0697
	==================================================================================
	Q2:
		Shape: Hybrid
		q_c:    257.5000    77.0000    164.0000
		ub :    265.0224    84.9642    171.3007
		lb :    249.9776    69.0358    156.6993
		P^-1: 
			    0.0566    0.0076    -0.0106
			    0.0076    0.0527    0.0137
			    -0.0106    0.0137    0.0435
		A:
			    0.9705    -0.1029    -0.2179
			    0.7381    0.5424    0.4013
			    0.9371    -0.1770    -0.3007
			    -0.7799    -0.3867    0.4921
			    -0.0437    0.6819    0.7301
			    0.0929    -0.6126    -0.7849
		b:
			    208.4497
			    299.8704
			    180.5335
			    -147.7452
			    163.0723
			    -149.8530
	==================================================================================
	Q3:
		Shape: Ellipse
		q_c:    245.0000    85.0000    164.5000
		ub :    249.9763    91.5775    171.6854
		lb :    240.0237    78.4225    157.3146
		P^-1: 
			    0.1047    0.0087    -0.0179
			    0.0087    0.0491    -0.0079
			    -0.0179    -0.0079    0.0398
	==================================================================================
	Q4:
		Shape: Polyhedra
		q_c:    242.0000    89.5000    168.5000
		ub :    248.7864    96.4978    174.6799
		lb :    235.2136    82.5022    162.3201
		A:
			    0.4104    0.8442    0.3449
			    -0.5459    -0.7059    0.4513
			    0.7551    0.5273    -0.3895
			    0.3540    -0.1291    0.9263
			    -0.6107    -0.3591    -0.7058
			    -0.7091    -0.4192    -0.5670
			    0.2666    0.6445    0.7166
			    -0.9544    0.2801    0.1032
			    -0.1342    -0.7115    0.6898
			    -0.2666    -0.6445    -0.7166
			    0.9544    -0.2801    -0.1032
			    0.1342    0.7115    -0.6898
		b:
			    236.6997
			    -114.6570
			    169.1477
			    234.3616
			    -294.9213
			    -300.5606
			    246.4608
			    -183.0037
			    24.5718
			    -239.4608
			    194.0037
			    -15.5718
	==================================================================================
	Q5:
		Shape: Ellipse
		q_c:    252.0000    78.0000    170.0000
		ub :    256.5895    81.8963    174.0894
		lb :    247.4105    74.1037    165.9106
		P^-1: 
			    0.0818    -0.0409    0.0391
			    -0.0409    0.2075    -0.0338
			    0.0391    -0.0338    0.1832
	==================================================================================
	Q6:
		Shape: Ellipse
		q_c:    237.5000    89.0000    162.5000
		ub :    242.8243    94.7463    166.4228
		lb :    232.1757    83.2537    158.5772
		P^-1: 
			    0.1866    0.1076    -0.1216
			    0.1076    0.1244    -0.1172
			    -0.1216    -0.1172    0.2845


===========================================================================================
===========================================================================================
S6:
	q_c:    137.5000    116.5000    378.5000
	ub :    152.0000    129.0000    395.0000
	lb :    123.0000    104.0000    362.0000

	==================================================================================
	Q1:
		Shape: Polyhedra
		q_c:    149.0000    122.5000    377.0000
		ub :    155.5968    128.9248    383.0977
		lb :    142.4032    116.0752    370.9023
		A:
			    0.4273    0.8735    0.2334
			    0.2471    0.8576    -0.4510
			    0.1969    -0.9802    0.0233
			    0.2230    0.4903    -0.8425
			    -0.0549    0.4289    0.9017
			    -0.5396    0.8283    -0.1507
			    0.6344    0.7711    0.0539
			    0.6795    -0.5231    -0.5145
			    -0.3685    0.3630    -0.8558
			    -0.6344    -0.7711    -0.0539
			    -0.6795    0.5231    0.5145
			    0.3685    -0.3630    0.8558
		b:
			    262.2140
			    -24.2587
			    -78.0433
			    -220.1070
			    388.4305
			    -31.5689
			    212.8074
			    -152.8089
			    -328.5730
			    -205.8074
			    160.8089
			    337.5730
	==================================================================================
	Q2:
		Shape: Polyhedra
		q_c:    128.0000    109.0000    367.0000
		ub :    135.6124    117.2802    376.0198
		lb :    120.3876    100.7198    357.9802
		A:
			    -0.3292    0.4334    -0.8389
			    -0.1430    0.8761    0.4605
			    0.4775    0.8642    -0.1585
			    -0.8394    0.4952    -0.2237
			    -0.0711    0.9113    0.4057
			    0.3112    -0.2535    -0.9159
			    0.1708    0.7973    0.5790
			    0.7584    0.2687    -0.5938
			    -0.6290    0.5405    -0.5588
			    -0.1708    -0.7973    -0.5790
			    -0.7584    -0.2687    0.5938
			    0.6290    -0.5405    0.5588
		b:
			    -299.2607
			    252.4290
			    103.4507
			    -132.1532
			    245.3324
			    -317.5148
			    327.7413
			    -85.0568
			    -224.1614
			    -314.7413
			    98.0568
			    229.1614
	==================================================================================
	Q3:
		Shape: Ellipse
		q_c:    127.0000    108.5000    367.5000
		ub :    134.6044    115.7589    375.0564
		lb :    119.3956    101.2411    359.9436
		P^-1: 
			    0.0461    0.0068    0.0004
			    0.0068    0.0534    -0.0082
			    0.0004    -0.0082    0.0523
	==================================================================================
	Q4:
		Shape: Ellipse
		q_c:    141.0000    104.0000    377.5000
		ub :    149.8036    111.2059    385.8271
		lb :    132.1964    96.7941    369.1729
		P^-1: 
			    0.1654    0.1171    0.1653
			    0.1171    0.1142    0.1314
			    0.1653    0.1314    0.2030
	==================================================================================
	Q5:
		Shape: Ellipse
		q_c:    131.0000    123.5000    381.5000
		ub :    142.4506    133.2106    393.3439
		lb :    119.5494    113.7894    369.6561
		P^-1: 
			    0.0198    0.0046    0.0052
			    0.0046    0.0268    0.0044
			    0.0052    0.0044    0.0224
	==================================================================================
	Q6:
		Shape: Polyhedra
		q_c:    130.0000    126.0000    371.0000
		ub :    139.5394    135.4560    380.9230
		lb :    120.4606    116.5440    361.0770
		A:
			    0.6285    -0.2627    -0.7321
			    -0.5669    0.5321    0.6290
			    0.8375    0.0652    -0.5425
			    -0.3129    0.7350    0.6016
			    0.9474    -0.1361    -0.2898
			    -0.9149    -0.3767    -0.1449
			    0.5416    0.7598    0.3597
			    0.7543    -0.2504    -0.6069
			    -0.3711    0.6000    -0.7087
			    -0.5416    -0.7598    -0.3597
			    -0.7543    0.2504    0.6069
			    0.3711    -0.6000    0.7087
		b:
			    -217.4693
			    232.1984
			    -78.6734
			    280.6314
			    4.0619
			    -214.6097
			    305.0948
			    -153.1389
			    -229.0709
			    -294.0948
			    164.1389
			    242.0709


===========================================================================================
===========================================================================================
S7:
	q_c:    255.0000    38.5000    370.0000
	ub :    267.0000    61.0000    388.0000
	lb :    243.0000    16.0000    352.0000

	==================================================================================
	Q1:
		Shape: Hybrid
		q_c:    265.0000    33.0000    377.0000
		ub :    277.9955    46.0429    386.8145
		lb :    252.0045    19.9571    367.1855
		P^-1: 
			    0.0193    0.0026    -0.0142
			    0.0026    0.0133    -0.0053
			    -0.0142    -0.0053    0.0415
		A:
			    0.8650    0.2194    -0.4513
			    0.1913    0.3673    -0.9102
			    0.8740    -0.4821    -0.0616
			    -0.2789    0.1764    0.9440
			    0.6804    0.4445    -0.5826
			    0.4143    -0.3738    -0.8298
		b:
			    70.4815
			    -277.4508
			    198.7976
			    290.8847
			    -21.1019
			    -211.5801
	==================================================================================
	Q2:
		Shape: Polyhedra
		q_c:    256.0000    22.5000    366.5000
		ub :    266.0244    32.0664    375.2032
		lb :    245.9756    12.9336    357.7968
		A:
			    0.5127    -0.8586    -0.0044
			    -0.4426    0.0829    0.8929
			    0.7213    -0.5131    -0.4654
			    0.3644    -0.6323    0.6837
			    -0.0923    -0.4758    0.8747
			    0.8870    0.2737    0.3718
			    0.5363    0.8105    0.2356
			    0.5877    -0.1582    -0.7934
			    -0.6058    0.5640    -0.5612
			    -0.5363    -0.8105    -0.2356
			    -0.5877    0.1582    0.7934
			    0.6058    -0.5640    0.5612
		b:
			    116.0139
			    220.8190
			    7.7051
			    335.1477
			    291.6287
			    375.9492
			    248.8791
			    -138.8876
			    -342.5738
			    -234.8791
			    148.8876
			    353.5738
	==================================================================================
	Q3:
		Shape: Polyhedra
		q_c:    243.0000    33.0000    373.5000
		ub :    250.5865    41.8244    382.1776
		lb :    235.4135    24.1756    364.8224
		A:
			    0.6918    -0.3034    0.6553
			    -0.4989    -0.8245    -0.2670
			    -0.5298    0.4816    -0.6981
			    0.9809    0.1752    -0.0844
			    0.2248    -0.7195    0.6571
			    -0.7931    0.5042    -0.3418
			    0.1987    0.7849    0.5869
			    -0.9589    0.2794    -0.0489
			    -0.2023    -0.5531    0.8081
			    -0.1987    -0.7849    -0.5869
			    0.9589    -0.2794    0.0489
			    0.2023    0.5531    -0.8081
		b:
			    408.9383
			    -243.5116
			    -366.9820
			    218.3231
			    283.3961
			    -297.8778
			    297.4179
			    -236.5529
			    241.9282
			    -289.4179
			    247.5529
			    -226.9282
	==================================================================================
	Q4:
		Shape: Ellipse
		q_c:    245.5000    31.5000    368.5000
		ub :    252.8503    39.6007    376.6213
		lb :    238.1497    23.3993    360.3787
		P^-1: 
			    0.0463    0.0039    0.0056
			    0.0039    0.0339    0.0029
			    0.0056    0.0029    0.0300
	==================================================================================
	Q5:
		Shape: Hybrid
		q_c:    261.5000    44.5000    377.0000
		ub :    269.8279    52.8576    384.6984
		lb :    253.1721    36.1424    369.3016
		P^-1: 
			    0.0433    0.0062    -0.0036
			    0.0062    0.0432    0.0038
			    -0.0036    0.0038    0.0307
		A:
			    0.1971    0.8801    -0.4320
			    0.0193    0.9566    0.2909
			    -0.7916    0.4599    -0.4024
			    0.6079    0.5594    0.5635
			    0.2587    -0.8946    0.3644
			    -0.7008    0.0519    -0.7115
		b:
			    -69.2830
			    159.8056
			    -334.8795
			    399.0099
			    168.4224
			    -445.7293
	==================================================================================
	Q6:
		Shape: Polyhedra
		q_c:    244.5000    50.5000    361.0000
		ub :    250.5283    56.6552    366.2380
		lb :    238.4717    44.3448    355.7620
		A:
			    0.5855    -0.1698    -0.7927
			    0.0152    0.9923    0.1231
			    -0.0290    0.7308    -0.6820
			    -0.6560    0.3438    0.6719
			    -0.1313    -0.5693    0.8116
			    0.1557    0.4735    0.8669
			    0.5524    0.6260    0.5504
			    0.5299    0.2460    -0.8116
			    -0.6435    0.7400    -0.1958
			    -0.5524    -0.6260    -0.5504
			    -0.5299    -0.2460    0.8116
			    0.6435    -0.7400    0.1958
		b:
			    -149.1604
			    102.6520
			    -213.8311
			    102.1530
			    234.4035
			    379.7850
			    370.8712
			    -149.0062
			    -187.6634
			    -359.8712
			    153.0062
			    193.6634


===========================================================================================
===========================================================================================
S8:
	q_c:    178.5000    103.0000    459.5000
	ub :    203.0000    121.0000    493.0000
	lb :    154.0000    85.0000    426.0000

	==================================================================================
	Q1:
		Shape: Ellipse
		q_c:    190.0000    100.5000    461.0000
		ub :    198.8515    108.8060    467.5383
		lb :    181.1485    92.1940    454.4617
		P^-1: 
			    0.0431    0.0291    0.0114
			    0.0291    0.0597    -0.0086
			    0.0114    -0.0086    0.0782
	==================================================================================
	Q2:
		Shape: Polyhedra
		q_c:    199.5000    100.5000    459.5000
		ub :    205.5680    107.4863    465.2871
		lb :    193.4320    93.5137    453.7129
		A:
			    -0.8984    -0.3435    -0.2735
			    -0.7458    -0.1019    0.6584
			    -0.9887    0.1304    -0.0738
			    0.5513    0.8115    -0.1938
			    0.3494    0.3154    -0.8823
			    -0.5230    -0.6724    0.5238
			    0.2666    0.5580    0.7858
			    -0.6509    0.7056    -0.2802
			    -0.7108    -0.4368    0.5513
			    -0.2666    -0.5580    -0.7858
			    0.6509    -0.7056    0.2802
			    0.7108    0.4368    -0.5513
		b:
			    -335.7569
			    145.9943
			    -213.6152
			    105.3457
			    -301.2333
			    71.2884
			    474.3567
			    -182.1968
			    69.6406
			    -466.3567
			    193.1968
			    -65.6406
	==================================================================================
	Q3:
		Shape: Hybrid
		q_c:    193.5000    119.5000    465.0000
		ub :    200.9432    127.9089    471.0354
		lb :    186.0568    111.0911    458.9646
		P^-1: 
			    0.0369    0.0064    0.0004
			    0.0064    0.0268    -0.0006
			    0.0004    -0.0006    0.0330
		A:
			    0.8646    0.4896    0.1128
			    -0.3218    -0.9399    0.1140
			    -0.6628    0.5711    -0.4843
			    -0.5711    -0.4191    -0.7059
			    -0.5915    -0.7835    0.1905
			    -0.6855    0.2982    0.6642
		b:
			    280.7692
			    -118.3120
			    -281.6702
			    -486.0183
			    -116.6726
			    215.1283
	==================================================================================
	Q4:
		Shape: Ellipse
		q_c:    177.0000    106.5000    468.5000
		ub :    186.4199    117.9692    480.0498
		lb :    167.5801    95.0308    456.9502
		P^-1: 
			    0.0307    0.0032    0.0049
			    0.0032    0.0158    -0.0042
			    0.0049    -0.0042    0.0226
	==================================================================================
	Q5:
		Shape: Hybrid
		q_c:    177.0000    108.5000    445.0000
		ub :    190.3520    120.7050    455.2968
		lb :    163.6480    96.2950    434.7032
		P^-1: 
			    0.0135    0.0103    -0.0099
			    0.0103    0.0277    -0.0128
			    -0.0099    -0.0128    0.0335
		A:
			    -0.3609    -0.5343    -0.7644
			    -0.6983    -0.3342    0.6330
			    0.4795    0.8504    0.2167
			    0.1130    -0.2028    0.9727
			    -0.6218    -0.3260    0.7121
			    -0.4996    0.1295    0.8565
		b:
			    -456.4126
			    125.8404
			    278.2711
			    435.2023
			    174.9756
			    311.3857
	==================================================================================
	Q6:
		Shape: Ellipse
		q_c:    163.5000    98.0000    470.5000
		ub :    180.2584    114.5197    483.1118
		lb :    146.7416    81.4803    457.8882
		P^-1: 
			    0.0096    0.0036    -0.0007
			    0.0036    0.0118    -0.0015
			    -0.0007    -0.0015    0.0135


===========================================================================================
===========================================================================================
S9:
	q_c:    281.5000    37.0000    235.0000
	ub :    313.0000    55.0000    257.0000
	lb :    250.0000    19.0000    213.0000

	==================================================================================
	Q1:
		Shape: Polyhedra
		q_c:    269.5000    51.0000    242.0000
		ub :    281.0521    62.3553    255.3054
		lb :    257.9479    39.6447    228.6946
		A:
			    -0.1390    0.0980    -0.9854
			    -0.1882    -0.3757    -0.9074
			    -0.7920    0.4115    -0.4509
			    -0.3388    0.2465    -0.9080
			    -0.8844    -0.3278    -0.3321
			    0.1030    -0.9940    0.0372
			    0.7548    0.2022    0.6241
			    -0.6498    0.3611    0.6689
			    -0.0901    -0.9104    0.4039
			    -0.7548    -0.2022    -0.6241
			    0.6498    -0.3611    -0.6689
			    0.0901    0.9104    -0.4039
		b:
			    -263.3485
			    -281.6186
			    -295.0193
			    -292.0586
			    -329.8149
			    -6.1794
			    369.7433
			    16.1688
			    34.0342
			    -359.7433
			    5.8312
			    -20.0342
	==================================================================================
	Q2:
		Shape: Polyhedra
		q_c:    275.0000    49.0000    251.5000
		ub :    284.3771    56.0371    263.2524
		lb :    265.6229    41.9629    239.7476
		A:
			    -0.1527    -0.8027    -0.5765
			    -0.5313    0.8450    0.0613
			    0.0476    -0.9833    -0.1759
			    -0.4641    0.8671    0.1811
			    0.6373    -0.7025    0.3166
			    -0.4776    0.8335    0.2778
			    0.6255    0.4541    0.6344
			    -0.5816    0.8134    -0.0088
			    -0.5201    -0.3635    0.7729
			    -0.6255    -0.4541    -0.6344
			    0.5816    -0.8134    0.0088
			    0.5201    0.3635    -0.7729
		b:
			    -222.4605
			    -88.1824
			    -75.9368
			    -38.0022
			    222.9701
			    -18.2608
			    358.3302
			    -121.2937
			    45.0665
			    -349.3302
			    123.2937
			    -22.0665
	==================================================================================
	Q3:
		Shape: Ellipse
		q_c:    274.5000    22.5000    239.0000
		ub :    278.0645    28.8116    247.3199
		lb :    270.9355    16.1884    230.6801
		P^-1: 
			    0.2316    0.0328    0.0362
			    0.0328    0.1054    0.0442
			    0.0362    0.0442    0.0419
	==================================================================================
	Q4:
		Shape: Ellipse
		q_c:    292.0000    45.0000    224.5000
		ub :    304.1302    56.8101    234.3316
		lb :    279.8698    33.1899    214.6684
		P^-1: 
			    0.0205    0.0020    0.0014
			    0.0020    0.0194    0.0009
			    0.0014    0.0009    0.0220
	==================================================================================
	Q5:
		Shape: Polyhedra
		q_c:    289.5000    48.5000    239.5000
		ub :    297.3120    56.9309    247.6977
		lb :    281.6880    40.0691    231.3023
		A:
			    0.9756    0.0158    0.2188
			    -0.3759    -0.1512    -0.9142
			    -0.5549    -0.8291    -0.0684
			    -0.9708    0.1817    0.1564
			    0.1877    0.4583    -0.8687
			    -0.8494    0.2596    -0.4594
			    0.4820    0.5804    0.6563
			    0.4158    0.5078    -0.7545
			    -0.7712    0.6366    0.0034
			    -0.4820    -0.5804    -0.6563
			    -0.4158    -0.5078    0.7545
			    0.7712    -0.6366    -0.0034
		b:
			    339.9820
			    -329.8098
			    -211.6613
			    -230.4576
			    -125.1134
			    -339.2630
			    329.8838
			    -29.2039
			    -188.0686
			    -319.8838
			    42.2039
			    195.0686
	==================================================================================
	Q6:
		Shape: Hybrid
		q_c:    264.0000    36.5000    227.0000
		ub :    278.4906    46.5046    242.6239
		lb :    249.5094    26.4954    211.3761
		P^-1: 
			    0.0153    0.0019    0.0089
			    0.0019    0.0267    -0.0036
			    0.0089    -0.0036    0.0149
		A:
			    0.8369    0.2604    0.4815
			    0.3484    -0.2336    0.9078
			    -0.4005    -0.9125    0.0829
			    -0.9363    -0.3435    -0.0727
			    -0.1626    0.3698    -0.9148
			    0.8849    0.4612    -0.0658
		b:
			    343.5735
			    294.2040
			    -116.7680
			    -270.2767
			    -231.6706
			    241.7819


===========================================================================================
===========================================================================================
S10:
	q_c:    65.5000    454.0000    38.0000
	ub :    85.0000    469.0000    57.0000
	lb :    46.0000    439.0000    19.0000

	==================================================================================
	Q1:
		Shape: Hybrid
		q_c:    81.5000    458.0000    41.0000
		ub :    85.8222    462.3051    45.6481
		lb :    77.1778    453.6949    36.3519
		P^-1: 
			    0.1645    0.0610    0.0290
			    0.0610    0.1808    0.0331
			    0.0290    0.0331    0.1269
		A:
			    -0.4441    -0.8383    0.3161
			    0.4532    0.8435    0.2883
			    -0.8623    0.4586    -0.2146
			    0.1833    -0.7404    -0.6467
			    -0.0346    -0.1363    0.9901
			    0.5192    0.8214    -0.2362
		b:
			    -405.7271
			    436.1372
			    132.8753
			    -349.0427
			    -22.6788
			    410.1873
	==================================================================================
	Q2:
		Shape: Polyhedra
		q_c:    76.0000    452.0000    44.0000
		ub :    82.6059    460.3846    52.4943
		lb :    69.3941    443.6154    35.5057
		A:
			    -0.0301    0.0458    0.9985
			    -0.7327    0.6574    -0.1761
			    -0.3231    -0.4142    0.8509
			    -0.2911    0.5342    0.7936
			    -0.9003    -0.2217    0.3745
			    -0.6219    0.0393    0.7821
			    0.5805    0.6441    0.4982
			    0.8039    -0.3558    -0.4766
			    -0.1297    0.6771    -0.7243
			    -0.5805    -0.6441    -0.4982
			    -0.8039    0.3558    0.4766
			    0.1297    -0.6771    0.7243
		b:
			    67.5097
			    238.6976
			    -168.8116
			    258.4953
			    -147.8150
			    9.3957
			    361.6707
			    -116.7181
			    270.3335
			    -352.6707
			    124.7181
			    -258.3335
	==================================================================================
	Q3:
		Shape: Hybrid
		q_c:    63.5000    453.5000    34.5000
		ub :    68.1561    458.4355    39.5566
		lb :    58.8439    448.5645    29.4434
		P^-1: 
			    0.1376    -0.0261    0.0207
			    -0.0261    0.1196    0.0030
			    0.0207    0.0030    0.0955
		A:
			    0.6529    -0.1644    0.7394
			    0.0231    -0.5828    0.8123
			    -0.8644    0.1480    0.4806
			    -0.0989    -0.7886    -0.6068
			    -0.6001    0.5684    0.5629
			    0.6404    -0.6503    -0.4087
		b:
			    -6.0800
			    -232.7877
			    30.6611
			    -383.1206
			    240.7773
			    -266.7909
	==================================================================================
	Q4:
		Shape: Hybrid
		q_c:    77.0000    468.0000    46.5000
		ub :    80.6052    475.4253    53.9575
		lb :    73.3948    460.5747    39.0425
		P^-1: 
			    0.1998    0.0546    -0.0543
			    0.0546    0.0785    -0.0541
			    -0.0543    -0.0541    0.0769
		A:
			    0.9861    0.1063    0.1281
			    -0.8937    -0.4466    0.0440
			    -0.8801    -0.0517    -0.4720
			    0.7275    0.5572    -0.4004
			    0.4695    0.4842    -0.7383
			    -0.9793    0.1796    0.0934
		b:
			    133.3596
			    -274.0479
			    -111.2189
			    299.3085
			    230.1084
			    14.8707
	==================================================================================
	Q5:
		Shape: Ellipse
		q_c:    70.5000    461.5000    42.0000
		ub :    75.1912    468.0033    48.0098
		lb :    65.8088    454.9967    35.9902
		P^-1: 
			    0.6057    0.3010    -0.3672
			    0.3010    0.2024    -0.1785
			    -0.3672    -0.1785    0.2875
	==================================================================================
	Q6:
		Shape: Ellipse
		q_c:    66.0000    455.5000    44.0000
		ub :    68.5709    459.5925    48.2704
		lb :    63.4291    451.4075    39.7296
		P^-1: 
			    0.3907    0.0825    0.0330
			    0.0825    0.2299    0.1031
			    0.0330    0.1031    0.1555


===========================================================================================
===========================================================================================
S11:
