3D_30_10_6_c                l = 3

===========================================================================================
===========================================================================================
S1:
	q_c:    139.0000    124.0000    421.5000
	ub :    155.0000    128.0000    439.0000
	lb :    123.0000    120.0000    404.0000

	==================================================================================
	Q1:
		Shape: Ellipse
		q_c:    143.0000    121.0000    418.0000
		ub :    145.6992    124.0722    421.0960
		lb :    140.3008    117.9278    414.9040
		P^-1: 
			    0.6170    0.1451    -0.3902
			    0.1451    0.2664    -0.0790
			    -0.3902    -0.0790    0.5266
	==================================================================================
	Q2:
		Shape: Hybrid
		q_c:    140.5000    124.5000    425.5000
		ub :    142.8572    126.9900    428.1671
		lb :    138.1428    122.0100    422.8329
		P^-1: 
			    0.4362    0.0135    -0.0367
			    0.0135    0.4221    0.0605
			    -0.0367    0.0605    0.2805
		A:
			    -0.8327    0.1574    0.5309
			    -0.5918    -0.6790    0.4344
			    0.9184    -0.2977    0.2605
			    0.7056    -0.4975    -0.5046
			    0.1767    -0.9188    0.3531
			    -0.5451    0.7376    -0.3985
		b:
			    129.2859
			    18.0512
			    203.7379
			    -176.7414
			    61.6537
			    -153.2803
	==================================================================================
	Q3:
		Shape: Polyhedra
		q_c:    141.5000    121.0000    422.5000
		ub :    144.1177    123.5300    424.6902
		lb :    138.8823    118.4700    420.3098
		A:
			    0.6836    0.3227    -0.6546
			    0.3001    -0.9404    0.1600
			    -0.9579    -0.2193    0.1851
			    0.2741    -0.7704    -0.5756
			    -0.8505    0.1112    0.5140
			    -0.7639    -0.4542    0.4585
			    0.6121    0.7180    0.3314
			    0.5822    -0.6928    0.4255
			    0.5351    -0.0675    -0.8421
			    -0.6121    -0.7180    -0.3314
			    -0.5822    0.6928    -0.4255
			    -0.5351    0.0675    0.8421
		b:
			    -139.6720
			    -1.8264
			    -82.4901
			    -296.2093
			    111.4904
			    31.8907
			    315.0133
			    180.3416
			    -287.2242
			    -312.0133
			    -176.3416
			    289.2242
	==================================================================================
	Q4:
		Shape: Ellipse
		q_c:    140.0000    125.5000    421.5000
		ub :    142.7302    127.1515    424.1606
		lb :    137.2698    123.8485    418.8394
		P^-1: 
			    0.5335    -0.8373    0.5307
			    -0.8373    2.7230    -1.5675
			    0.5307    -1.5675    1.2435
	==================================================================================
	Q5:
		Shape: Ellipse
		q_c:    139.5000    122.5000    425.0000
		ub :    141.8571    125.6473    428.2762
		lb :    137.1429    119.3527    421.7238
		P^-1: 
			    0.4408    -0.0197    0.0253
			    -0.0197    0.3380    0.1362
			    0.0253    0.1362    0.2701
	==================================================================================
	Q6:
		Shape: Ellipse
		q_c:    139.5000    122.0000    419.5000
		ub :    142.0704    124.2219    422.3504
		lb :    136.9296    119.7781    416.6496
		P^-1: 
			    0.7252    0.1397    -0.3647
			    0.1397    0.2894    -0.0922
			    -0.3647    -0.0922    0.3954


===========================================================================================
===========================================================================================
S2:
	q_c:    309.0000    534.0000    95.0000
	ub :    334.0000    549.0000    107.0000
	lb :    284.0000    519.0000    83.0000

	==================================================================================
	Q1:
		Shape: Hybrid
		q_c:    298.5000    531.5000    105.0000
		ub :    305.5288    538.0010    111.0860
		lb :    291.4712    524.9990    98.9140
		P^-1: 
			    0.0776    0.0445    0.0241
			    0.0445    0.0845    0.0423
			    0.0241    0.0423    0.0934
		A:
			    -0.4922    -0.8178    -0.2982
			    -0.3012    -0.6270    -0.7184
			    0.0445    -0.4388    0.8975
			    0.2714    0.6131    0.7419
			    -0.6177    0.2711    0.7382
			    0.0294    -0.7529    -0.6575
		b:
			    -611.2905
			    -497.2303
			    -122.3800
			    486.2256
			    40.0740
			    -458.3204
	==================================================================================
	Q2:
		Shape: Ellipse
		q_c:    305.0000    538.5000    102.0000
		ub :    311.2546    545.7068    109.5226
		lb :    298.7454    531.2932    94.4774
		P^-1: 
			    0.0720    -0.0054    -0.0111
			    -0.0054    0.0631    0.0162
			    -0.0111    0.0162    0.0369
	==================================================================================
	Q3:
		Shape: Hybrid
		q_c:    298.5000    545.5000    90.5000
		ub :    305.2440    550.2383    97.3356
		lb :    291.7560    540.7617    83.6644
		P^-1: 
			    0.0649    -0.0355    -0.0148
			    -0.0355    0.1304    0.0338
			    -0.0148    0.0338    0.0635
		A:
			    -0.9732    -0.2297    0.0086
			    -0.4098    -0.4758    0.7783
			    0.1185    0.9855    0.1212
			    0.2106    0.7619    -0.6125
			    0.9053    -0.1250    -0.4059
			    0.7662    -0.4860    -0.4204
		b:
			    -411.8300
			    -308.1986
			    585.9039
			    426.0920
			    168.0235
			    -72.4900
	==================================================================================
	Q4:
		Shape: Hybrid
		q_c:    300.5000    528.0000    102.5000
		ub :    307.8467    535.6393    108.5482
		lb :    293.1533    520.3607    96.4518
		P^-1: 
			    0.0646    0.0177    0.0250
			    0.0177    0.0634    -0.0290
			    0.0250    -0.0290    0.0884
		A:
			    -0.4524    -0.8780    0.1565
			    -0.0521    0.4080    -0.9115
			    0.6794    0.6400    -0.3588
			    -0.3636    -0.8873    -0.2836
			    -0.8325    0.1797    -0.5241
			    0.8939    -0.0153    0.4481
		b:
			    -581.3527
			    108.0107
			    507.3999
			    -603.9301
			    -206.8045
			    308.6511
	==================================================================================
	Q5:
		Shape: Polyhedra
		q_c:    298.0000    537.0000    92.0000
		ub :    305.5630    544.6225    99.7632
		lb :    290.4370    529.3775    84.2368
		A:
			    -0.1801    -0.2382    0.9544
			    0.5008    0.1176    0.8575
			    -0.8867    -0.0897    -0.4536
			    0.4751    0.3537    0.8057
			    0.4824    -0.8063    0.3423
			    -0.7089    0.6851    -0.1676
			    0.5537    0.6805    0.4800
			    -0.1832    0.6618    -0.7269
			    -0.8123    0.3146    0.4911
			    -0.5537    -0.6805    -0.4800
			    0.1832    -0.6618    0.7269
			    0.8123    -0.3146    -0.4911
		b:
			    -89.4273
			    295.9111
			    -349.3075
			    410.4722
			    -253.4576
			    145.7939
			    579.5753
			    237.9216
			    -22.9440
			    -569.5753
			    -229.9216
			    32.9440
	==================================================================================
	Q6:
		Shape: Ellipse
		q_c:    313.5000    532.5000    101.0000
		ub :    320.2761    539.8233    107.2115
		lb :    306.7239    525.1767    94.7885
		P^-1: 
			    0.0550    0.0232    0.0068
			    0.0232    0.0577    0.0061
			    0.0068    0.0061    0.0420


===========================================================================================
===========================================================================================
S3:
	q_c:    360.5000    500.5000    178.5000
	ub :    387.0000    526.0000    187.0000
	lb :    334.0000    475.0000    170.0000

	==================================================================================
	Q1:
		Shape: Polyhedra
		q_c:    367.5000    503.0000    186.0000
		ub :    374.0578    509.2857    190.7320
		lb :    360.9422    496.7143    181.2680
		A:
			    -0.3694    -0.5442    -0.7532
			    -0.4179    0.4077    -0.8118
			    0.5768    -0.2789    0.7678
			    0.6386    0.7619    0.1081
			    -0.0628    -0.0162    -0.9979
			    0.8309    -0.4005    -0.3863
			    0.6845    0.6934    0.2252
			    0.5870    -0.7074    0.3936
			    0.4323    -0.1372    -0.8913
			    -0.6845    -0.6934    -0.2252
			    -0.5870    0.7074    -0.3936
			    -0.4323    0.1372    0.8913
		b:
			    -545.3384
			    -96.1547
			    218.1222
			    643.0070
			    -213.8978
			    35.0930
			    647.2023
			    -63.3780
			    -73.4263
			    -637.2023
			    70.3780
			    78.4263
	==================================================================================
	Q2:
		Shape: Polyhedra
		q_c:    363.5000    500.5000    186.5000
		ub :    369.1582    503.4768    192.3806
		lb :    357.8418    497.5232    180.6194
		A:
			    -0.3274    -0.8547    0.4028
			    -0.5667    0.6889    0.4520
			    -0.2271    0.3864    -0.8939
			    -0.1572    -0.9094    0.3851
			    -0.2651    -0.9311    -0.2506
			    0.4115    -0.9095    -0.0597
			    0.7851    0.1258    0.6064
			    -0.0208    0.9840    -0.1771
			    -0.6190    0.1264    0.7751
			    -0.7851    -0.1258    -0.6064
			    0.0208    -0.9840    0.1771
			    0.6190    -0.1264    -0.7751
		b:
			    -469.1960
			    226.4562
			    -52.3643
			    -438.2564
			    -606.4569
			    -314.2158
			    465.4510
			    453.8660
			    -13.1718
			    -457.4510
			    -449.8660
			    21.1718
	==================================================================================
	Q3:
		Shape: Polyhedra
		q_c:    357.0000    507.0000    186.5000
		ub :    361.1323    509.8790    190.5844
		lb :    352.8677    504.1210    182.4156
		A:
			    -0.0562    0.8570    -0.5122
			    0.9074    -0.4122    0.0824
			    0.3211    -0.8063    -0.4967
			    -0.0184    -0.9781    -0.2073
			    -0.3385    0.6285    -0.7003
			    0.6255    -0.4487    -0.6382
			    0.6731    0.4287    0.6026
			    0.4309    -0.8896    0.1516
			    0.6010    0.1576    -0.7835
			    -0.6731    -0.4287    -0.6026
			    -0.4309    0.8896    -0.1516
			    -0.6010    -0.1576    0.7835
		b:
			    320.9235
			    132.4023
			    -384.7047
			    -539.2537
			    69.2482
			    -120.6370
			    572.5337
			    -267.4395
			    151.3691
			    -567.5337
			    270.4395
			    -145.3691
	==================================================================================
	Q4:
		Shape: Hybrid
		q_c:    357.5000    497.5000    171.5000
		ub :    362.7294    500.9348    176.8354
		lb :    352.2706    494.0652    166.1646
		P^-1: 
			    0.1306    -0.0557    0.0462
			    -0.0557    0.1991    -0.0371
			    0.0462    -0.0371    0.0939
		A:
			    -0.6902    0.6366    -0.3441
			    -0.7433    0.3902    -0.5433
			    -0.5285    0.5701    -0.6291
			    -0.8817    0.2636    0.3912
			    0.7495    -0.6599    0.0536
			    0.2960    0.8777    -0.3769
		b:
			    12.0883
			    -163.4788
			    -11.9886
			    -114.4540
			    -49.7477
			    479.7208
	==================================================================================
	Q5:
		Shape: Polyhedra
		q_c:    356.5000    500.5000    182.0000
		ub :    361.1585    505.8761    187.7123
		lb :    351.8415    495.1239    176.2877
		A:
			    -0.6007    -0.7982    -0.0456
			    0.8293    0.2869    -0.4794
			    0.1201    -0.1165    0.9859
			    0.5393    0.8108    0.2275
			    -0.5185    -0.5878    -0.6210
			    0.8352    -0.5499    -0.0110
			    0.7983    0.2426    0.5512
			    0.0401    -0.9347    0.3533
			    0.6009    -0.2599    -0.7559
			    -0.7983    -0.2426    -0.5512
			    -0.0401    0.9347    -0.3533
			    -0.6009    0.2599    0.7559
		b:
			    -618.3993
			    355.5009
			    167.3833
			    642.9412
			    -588.9033
			    24.0524
			    509.3317
			    -385.2147
			    -49.9473
			    -503.3317
			    393.2147
			    56.9473
	==================================================================================
	Q6:
		Shape: Hybrid
		q_c:    357.0000    501.5000    182.5000
		ub :    361.2527    505.4779    186.8057
		lb :    352.7473    497.5221    178.1943
		P^-1: 
			    0.1248    0.0037    0.0216
			    0.0037    0.1121    0.0058
			    0.0216    0.0058    0.1453
		A:
			    -0.2529    0.9571    0.1418
			    -0.3110    0.2542    -0.9158
			    -0.1806    -0.9640    0.1951
			    -0.2101    0.9751    -0.0710
			    0.4352    0.6707    -0.6006
			    -0.2018    -0.7876    -0.5822
		b:
			    417.3026
			    -149.2787
			    -510.5654
			    402.7815
			    383.8713
			    -571.7798


===========================================================================================
===========================================================================================
S4:
	q_c:    11.5000    139.0000    101.0000
	ub :    23.0000    158.0000    121.0000
	lb :    0.0000    120.0000    81.0000

	==================================================================================
	Q1:
		Shape: Ellipse
		q_c:    19.0000    133.5000    95.5000
		ub :    27.4306    139.6293    103.8640
		lb :    10.5694    127.3707    87.1360
		P^-1: 
			    0.0393    -0.0157    0.0040
			    -0.0157    0.0728    -0.0102
			    0.0040    -0.0102    0.0357
	==================================================================================
	Q2:
		Shape: Polyhedra
		q_c:    12.0000    134.5000    96.0000
		ub :    19.5044    140.9214    103.7406
		lb :    4.4956    128.0786    88.2594
		A:
			    0.1320    0.2168    0.9673
			    -0.4238    0.2823    -0.8607
			    -0.8826    0.4417    -0.1609
			    -0.1090    0.4149    0.9033
			    -0.3310    -0.9352    -0.1259
			    0.4034    0.6667    -0.6267
			    0.1836    0.7073    0.6827
			    -0.1970    0.7069    -0.6794
			    -0.9631    -0.0097    0.2691
			    -0.1836    -0.7073    -0.6827
			    0.1970    -0.7069    0.6794
			    0.9631    0.0097    -0.2691
		b:
			    127.8059
			    -44.5938
			    39.1910
			    145.2972
			    -137.4817
			    39.9963
			    166.3690
			    32.9875
			    18.9754
			    -159.3690
			    -21.9875
			    -6.9754
	==================================================================================
	Q3:
		Shape: Hybrid
		q_c:    1.5000    140.5000    91.5000
		ub :    6.5839    145.5952    97.2880
		lb :    -3.5839    135.4048    85.7120
		P^-1: 
			    0.2919    -0.0115    -0.1912
			    -0.0115    0.1025    0.0455
			    -0.1912    0.0455    0.1943
		A:
			    -0.9148    -0.2893    0.2818
			    0.2740    -0.9114    -0.3069
			    0.0894    0.7207    -0.6875
			    -0.8479    -0.2727    0.4546
			    0.8057    -0.5229    -0.2781
			    -0.7347    -0.2000    0.6482
		b:
			    -14.8389
			    -153.4788
			    42.2002
			    3.1039
			    -95.6284
			    31.2441
	==================================================================================
	Q4:
		Shape: Polyhedra
		q_c:    8.0000    130.5000    101.5000
		ub :    11.4588    135.6703    109.6280
		lb :    4.5412    125.3297    93.3720
		A:
			    0.0854    -0.8485    -0.5223
			    0.6471    -0.5269    -0.5511
			    -0.6943    -0.7194    -0.0199
			    0.4583    0.8715    0.1745
			    0.1967    -0.9050    -0.3772
			    -0.3750    0.8917    0.2534
			    0.4324    0.8723    0.2282
			    0.0165    -0.2607    0.9653
			    0.9015    -0.4136    -0.1272
			    -0.4324    -0.8723    -0.2282
			    -0.0165    0.2607    -0.9653
			    -0.9015    0.4136    0.1272
		b:
			    -159.8606
			    -115.8264
			    -98.7256
			    137.6340
			    -152.1619
			    141.5927
			    142.9591
			    71.5837
			    -57.1744
			    -137.9591
			    -56.5837
			    62.1744
	==================================================================================
	Q5:
		Shape: Ellipse
		q_c:    22.5000    138.0000    108.5000
		ub :    24.7319    142.6836    116.0359
		lb :    20.2681    133.3164    100.9641
		P^-1: 
			    0.4227    0.0803    -0.0182
			    0.0803    0.1278    -0.0233
			    -0.0182    -0.0233    0.0255
	==================================================================================
	Q6:
		Shape: Hybrid
		q_c:    1.5000    149.0000    105.5000
		ub :    7.6801    154.7868    110.0532
		lb :    -4.6801    143.2132    100.9468
		P^-1: 
			    0.0780    0.0022    -0.0356
			    0.0022    0.0628    -0.0050
			    -0.0356    -0.0050    0.1442
		A:
			    -0.4209    -0.8772    0.2309
			    0.0983    -0.4932    0.8643
			    0.1425    0.8246    -0.5476
			    0.7237    -0.6874    -0.0607
			    -0.4143    -0.4974    0.7622
			    -0.7523    0.1444    0.6428
		b:
			    -104.4557
			    19.7729
			    67.5819
			    -105.1078
			    7.2988
			    89.8641


===========================================================================================
===========================================================================================
S5:
	q_c:    205.0000    174.5000    107.0000
	ub :    223.0000    205.0000    139.0000
	lb :    187.0000    144.0000    75.0000

	==================================================================================
	Q1:
		Shape: Ellipse
		q_c:    203.0000    181.0000    99.5000
		ub :    214.1984    194.8056    113.1380
		lb :    191.8016    167.1944    85.8620
		P^-1: 
			    0.0198    -0.0044    -0.0043
			    -0.0044    0.0154    -0.0020
			    -0.0043    -0.0020    0.0163
	==================================================================================
	Q2:
		Shape: Hybrid
		q_c:    194.0000    161.0000    98.0000
		ub :    204.9941    173.4198    108.8528
		lb :    183.0059    148.5802    87.1472
		P^-1: 
			    0.0182    0.0019    0.0015
			    0.0019    0.0194    -0.0025
			    0.0015    -0.0025    0.0222
		A:
			    0.9392    -0.2204    0.2634
			    0.5327    0.3893    -0.7515
			    0.0350    -0.9787    -0.2022
			    -0.6630    -0.0050    -0.7486
			    0.0916    -0.9909    0.0987
			    0.8619    -0.4661    0.1997
		b:
			    176.6800
			    95.9942
			    -166.3782
			    -199.2405
			    -128.0804
			    116.0462
	==================================================================================
	Q3:
		Shape: Ellipse
		q_c:    200.0000    169.5000    93.5000
		ub :    203.4765    174.7924    100.2821
		lb :    196.5235    164.2076    86.7179
		P^-1: 
			    0.1108    0.0026    0.0040
			    0.0026    0.0401    -0.0004
			    0.0040    -0.0004    0.0239
	==================================================================================
	Q4:
		Shape: Polyhedra
		q_c:    215.0000    171.5000    125.5000
		ub :    221.0404    179.3757    133.7796
		lb :    208.9596    163.6243    117.2204
		A:
			    0.5156    -0.7280    -0.4518
			    -0.7881    0.5895    0.1774
			    0.8984    -0.3634    -0.2466
			    -0.5685    0.2967    0.7673
			    0.0674    -0.5033    -0.8615
			    0.5341    -0.8352    -0.1310
			    0.6885    0.4029    0.6030
			    -0.2230    -0.6736    0.7047
			    0.6901    -0.6197    -0.3739
			    -0.6885    -0.4029    -0.6030
			    0.2230    0.6736    -0.7047
			    -0.6901    0.6197    0.3739
		b:
			    -68.0878
			    -43.4238
			    102.7186
			    28.9588
			    -176.1869
			    -41.4537
			    296.8062
			    -68.0255
			    -2.3158
			    -288.8062
			    82.0255
			    7.3158
	==================================================================================
	Q5:
		Shape: Hybrid
		q_c:    188.0000    191.5000    96.5000
		ub :    197.5257    203.4047    108.6034
		lb :    178.4743    179.5953    84.3966
		P^-1: 
			    0.0342    0.0065    -0.0013
			    0.0065    0.0234    0.0130
			    -0.0013    0.0130    0.0255
		A:
			    0.9895    -0.1212    0.0787
			    -0.9723    0.2033    -0.1149
			    0.9472    0.0750    0.3119
			    -0.3562    0.7640    0.5380
			    -0.8486    -0.5145    0.1230
			    -0.9126    -0.3832    -0.1427
		b:
			    174.0843
			    -150.9000
			    226.0598
			    134.6840
			    -243.0569
			    -256.0708
	==================================================================================
	Q6:
		Shape: Hybrid
		q_c:    204.5000    183.5000    91.0000
		ub :    213.9783    192.7156    99.0386
		lb :    195.0217    174.2844    82.9614
		P^-1: 
			    0.0357    0.0041    0.0096
			    0.0041    0.0299    0.0049
			    0.0096    0.0049    0.0394
		A:
			    0.0351    -0.6372    0.7699
			    0.5292    0.8485    -0.0057
			    0.4232    0.8080    0.4099
			    -0.9150    -0.2805    -0.2901
			    -0.0366    -0.6518    0.7575
			    -0.8038    0.5742    0.1557
		b:
			    -36.1548
			    266.6937
			    274.9353
			    -262.2840
			    -54.5461
			    -41.1333


===========================================================================================
===========================================================================================
S6:
	q_c:    432.0000    291.5000    258.5000
	ub :    454.0000    311.0000    275.0000
	lb :    410.0000    272.0000    242.0000

	==================================================================================
	Q1:
		Shape: Ellipse
		q_c:    419.5000    299.5000    239.0000
		ub :    427.0230    307.1495    246.0372
		lb :    411.9770    291.8505    231.9628
		P^-1: 
			    0.0486    0.0010    -0.0024
			    0.0010    0.0481    0.0031
			    -0.0024    0.0031    0.0421
	==================================================================================
	Q2:
		Shape: Polyhedra
		q_c:    423.5000    301.5000    267.0000
		ub :    431.1322    309.3377    275.0175
		lb :    415.8678    293.6623    258.9825
		A:
			    0.4342    0.8514    0.2941
			    0.3586    -0.2094    0.9097
			    -0.9370    0.2087    0.2800
			    -0.0808    0.8516    0.5180
			    -0.1543    -0.7790    -0.6078
			    0.0779    0.8589    -0.5062
			    0.8668    0.4534    0.2075
			    -0.1628    -0.1361    0.9772
			    0.4713    -0.8809    -0.0442
			    -0.8668    -0.4534    -0.2075
			    0.1628    0.1361    -0.9772
			    -0.4713    0.8809    0.0442
		b:
			    523.9964
			    338.1443
			    -253.7597
			    366.4529
			    -456.9707
			    162.8259
			    563.7018
			    157.9581
			    -72.2719
			    -554.7018
			    -143.9581
			    83.2719
	==================================================================================
	Q3:
		Shape: Polyhedra
		q_c:    444.5000    303.5000    263.0000
		ub :    453.0331    311.3313    266.9431
		lb :    435.9669    295.6687    259.0569
		A:
			    -0.8087    0.5679    -0.1532
			    -0.5739    0.7788    -0.2533
			    0.3413    -0.0235    -0.9396
			    -0.3395    0.4517    -0.8251
			    -0.4854    0.8728    0.0513
			    -0.8481    0.1962    -0.4922
			    0.7808    0.6236    0.0391
			    0.6248    -0.7798    -0.0387
			    0.0063    0.0547    -0.9985
			    -0.7808    -0.6236    -0.0391
			    -0.6248    0.7798    0.0387
			    -0.0063    -0.0547    0.9985
		b:
			    -223.6230
			    -82.2807
			    -98.6966
			    -227.4202
			    65.9336
			    -441.4174
			    555.0948
			    33.8537
			    -239.6948
			    -538.0948
			    -27.8537
			    246.6948
	==================================================================================
	Q4:
		Shape: Hybrid
		q_c:    443.5000    288.0000    254.5000
		ub :    454.1357    298.6089    261.9074
		lb :    432.8643    277.3911    247.0926
		P^-1: 
			    0.0251    -0.0096    0.0109
			    -0.0096    0.0305    -0.0152
			    0.0109    -0.0152    0.0484
		A:
			    0.0093    0.1984    -0.9801
			    -0.0139    -0.2626    0.9648
			    0.9913    -0.1313    0.0064
			    0.8337    -0.2035    0.5134
			    -0.5001    -0.2057    -0.8412
			    0.1666    0.0219    0.9858
		b:
			    -185.4339
			    166.4055
			    408.1212
			    445.1756
			    -491.4777
			    334.0326
	==================================================================================
	Q5:
		Shape: Hybrid
		q_c:    441.5000    297.5000    245.0000
		ub :    452.3378    307.4409    252.7024
		lb :    430.6622    287.5591    237.2976
		P^-1: 
			    0.0406    0.0149    0.0561
			    0.0149    0.0220    0.0300
			    0.0561    0.0300    0.1236
		A:
			    -0.2674    -0.3825    -0.8844
			    -0.3852    0.7975    0.4643
			    -0.6288    -0.7290    -0.2703
			    0.6149    0.6402    0.4606
			    -0.3503    -0.4255    -0.8344
			    0.7094    0.7046    -0.0141
		b:
			    -446.6552
			    187.5860
			    -555.3695
			    578.9183
			    -483.8898
			    526.0394
	==================================================================================
	Q6:
		Shape: Hybrid
		q_c:    431.0000    292.5000    259.5000
		ub :    437.6798    303.1421    269.9092
		lb :    424.3202    281.8579    249.0908
		P^-1: 
			    0.0562    0.0120    0.0105
			    0.0120    0.0246    -0.0029
			    0.0105    -0.0029    0.0251
		A:
			    0.1236    -0.9770    -0.1738
			    -0.4846    -0.3975    0.7792
			    0.1451    -0.2859    -0.9472
			    0.7022    0.0527    0.7100
			    -0.6536    -0.4841    0.5818
			    0.8617    0.5049    0.0501
		b:
			    -272.2072
			    -118.8041
			    -261.4759
			    505.1433
			    -268.7617
			    534.3341


===========================================================================================
===========================================================================================
S7:
	q_c:    468.0000    218.5000    167.0000
	ub :    477.0000    232.0000    189.0000
	lb :    459.0000    205.0000    145.0000

	==================================================================================
	Q1:
		Shape: Hybrid
		q_c:    463.0000    227.5000    160.5000
		ub :    471.7849    234.8323    168.5116
		lb :    454.2151    220.1677    152.4884
		P^-1: 
			    0.0308    0.0045    -0.0172
			    0.0045    0.1015    -0.0631
			    -0.0172    -0.0631    0.0881
		A:
			    -0.0800    -0.3486    0.9338
			    0.9537    -0.2359    0.1866
			    -0.4659    0.7995    -0.3790
			    -0.1488    -0.8785    0.4539
			    0.0684    0.7357    -0.6738
			    0.3276    -0.9114    0.2489
		b:
			    35.8362
			    422.6682
			    -92.0604
			    -194.2433
			    92.1448
			    -13.3367
	==================================================================================
	Q2:
		Shape: Ellipse
		q_c:    466.5000    226.5000    166.5000
		ub :    472.4308    234.1808    173.6167
		lb :    460.5692    218.8192    159.3833
		P^-1: 
			    0.1117    0.0476    0.0390
			    0.0476    0.0631    0.0209
			    0.0390    0.0209    0.0583
	==================================================================================
	Q3:
		Shape: Polyhedra
		q_c:    474.0000    218.5000    173.0000
		ub :    477.0526    222.4144    176.6904
		lb :    470.9474    214.5856    169.3096
		A:
			    -0.5691    0.6413    -0.5147
			    -0.5634    0.3806    -0.7333
			    0.9464    0.1633    0.2786
			    0.0042    0.6970    -0.7171
			    0.5620    -0.7857    0.2584
			    0.1434    0.9856    -0.0890
			    0.2520    0.6083    0.7526
			    -0.9464    0.3171    0.0606
			    -0.2018    -0.7276    0.6557
			    -0.2520    -0.6083    -0.7526
			    0.9464    -0.3171    -0.0606
			    0.2018    0.7276    -0.6557
		b:
			    -216.6499
			    -308.5008
			    534.8355
			    32.2170
			    141.4273
			    270.3146
			    385.5901
			    -366.8372
			    -139.1780
			    -379.5901
			    370.8372
			    143.1780
	==================================================================================
	Q4:
		Shape: Ellipse
		q_c:    464.0000    212.0000    169.0000
		ub :    469.1032    217.2905    174.9285
		lb :    458.8968    206.7095    163.0715
		P^-1: 
			    0.0632    -0.0021    0.0030
			    -0.0021    0.0684    -0.0086
			    0.0030    -0.0086    0.0750
	==================================================================================
	Q5:
		Shape: Ellipse
		q_c:    460.5000    219.0000    170.5000
		ub :    465.6192    221.5962    175.8105
		lb :    455.3808    216.4038    165.1895
		P^-1: 
			    0.1384    0.0736    -0.0801
			    0.0736    0.3931    -0.0814
			    -0.0801    -0.0814    0.1224
	==================================================================================
	Q6:
		Shape: Polyhedra
		q_c:    461.0000    216.0000    169.5000
		ub :    468.2538    223.0294    176.5734
		lb :    453.7462    208.9706    162.4266
		A:
			    0.3657    0.4759    0.7999
			    -0.2503    0.1653    -0.9540
			    0.8685    -0.2836    -0.4065
			    0.9662    -0.2153    -0.1416
			    -0.6469    -0.7464    -0.1563
			    0.1285    -0.1367    0.9822
			    0.7301    0.0220    0.6829
			    -0.6780    -0.1009    0.7281
			    0.0849    -0.9946    -0.0588
			    -0.7301    -0.0220    -0.6829
			    0.6780    0.1009    -0.7281
			    -0.0849    0.9946    0.0588
		b:
			    412.3010
			    -236.4774
			    275.0952
			    379.8317
			    -480.2342
			    201.0054
			    462.1038
			    -206.4429
			    -179.1515
			    -452.1038
			    215.4429
			    192.1515


===========================================================================================
===========================================================================================
S8:
	q_c:    441.5000    385.0000    99.5000
	ub :    460.0000    410.0000    110.0000
	lb :    423.0000    360.0000    89.0000

	==================================================================================
	Q1:
		Shape: Hybrid
		q_c:    437.5000    383.0000    105.0000
		ub :    444.9129    391.4382    113.9608
		lb :    430.0871    374.5618    96.0392
		P^-1: 
			    0.0635    -0.0191    0.0168
			    -0.0191    0.0380    -0.0090
			    0.0168    -0.0090    0.0357
		A:
			    0.7310    -0.4980    0.4665
			    0.4184    0.9077    0.0321
			    -0.4545    -0.2411    -0.8575
			    -0.2099    -0.6997    0.6829
			    0.9018    0.1491    0.4056
			    -0.4717    0.8257    -0.3095
		b:
			    179.8550
			    538.3070
			    -377.7137
			    -284.1836
			    496.9252
			    79.9285
	==================================================================================
	Q2:
		Shape: Polyhedra
		q_c:    443.0000    389.0000    100.5000
		ub :    450.3005    396.8576    108.7216
		lb :    435.6995    381.1424    92.2784
		A:
			    -0.3937    -0.9102    0.1287
			    -0.0204    -0.2189    0.9755
			    -0.7372    0.5011    -0.4533
			    0.4032    0.8598    0.3133
			    -0.8880    0.4230    -0.1805
			    0.9051    0.4250    0.0071
			    0.7177    0.4369    0.5423
			    -0.6856    0.3066    0.6603
			    0.1222    -0.8456    0.5196
			    -0.7177    -0.4369    -0.5423
			    0.6856    -0.3066    -0.6603
			    -0.1222    0.8456    -0.5196
		b:
			    -510.3469
			    8.6155
			    -172.1679
			    549.8899
			    -242.1665
			    572.1901
			    547.8763
			    -114.0818
			    -217.6092
			    -536.8763
			    122.0818
			    227.6092
	==================================================================================
	Q3:
		Shape: Hybrid
		q_c:    439.0000    378.0000    108.5000
		ub :    444.2007    381.9306    115.3191
		lb :    433.7993    374.0694    101.6809
		P^-1: 
			    0.1004    -0.0577    0.0073
			    -0.0577    0.2266    0.0184
			    0.0073    0.0184    0.0323
		A:
			    0.6342    0.4824    0.6042
			    0.0943    -0.9955    -0.0082
			    -0.3346    0.8870    -0.3182
			    0.7560    -0.6543    0.0166
			    0.3021    -0.9313    -0.2032
			    -0.4943    0.7221    0.4841
		b:
			    529.1751
			    -334.5827
			    155.7645
			    87.8028
			    -240.3310
			    110.7850
	==================================================================================
	Q4:
		Shape: Hybrid
		q_c:    451.0000    384.5000    87.5000
		ub :    461.1550    394.1540    93.3476
		lb :    440.8450    374.8460    81.6524
		P^-1: 
			    0.0227    0.0051    0.0038
			    0.0051    0.0234    0.0004
			    0.0038    0.0004    0.0488
		A:
			    -0.1818    0.5954    -0.7826
			    -0.4622    -0.8835    0.0759
			    -0.7701    0.6333    -0.0771
			    0.0006    0.8303    -0.5574
			    -0.2922    0.0563    -0.9547
			    -0.5137    0.4142    -0.7513
		b:
			    81.7766
			    -537.6811
			    -105.3482
			    274.5736
			    -191.3155
			    -134.6816
	==================================================================================
	Q5:
		Shape: Hybrid
		q_c:    436.0000    390.5000    98.0000
		ub :    442.3896    395.9576    102.9492
		lb :    429.6104    385.0424    93.0508
		P^-1: 
			    0.0848    -0.0454    -0.0428
			    -0.0454    0.1326    -0.0258
			    -0.0428    -0.0258    0.1357
		A:
			    0.3582    0.1179    -0.9262
			    0.5139    -0.0271    -0.8574
			    -0.4884    0.8520    0.1884
			    -0.3694    0.4356    0.8209
			    -0.2430    0.9549    -0.1708
			    -0.1410    0.8933    0.4267
		b:
			    112.7302
			    130.7021
			    139.5260
			    91.0897
			    251.6064
			    331.3924
	==================================================================================
	Q6:
		Shape: Polyhedra
		q_c:    448.5000    378.5000    98.0000
		ub :    456.1812    386.7538    107.0890
		lb :    440.8188    370.2462    88.9110
		A:
			    -0.6521    -0.5741    -0.4951
			    0.4855    0.6338    -0.6021
			    -0.8515    -0.5227    -0.0412
			    0.8071    0.4801    -0.3436
			    -0.5891    -0.6917    -0.4177
			    -0.9249    -0.3687    0.0922
			    0.7426    0.6684    0.0430
			    0.4965    -0.5925    0.6344
			    0.4495    -0.4497    -0.7718
			    -0.7426    -0.6684    -0.0430
			    -0.4965    0.5925    -0.6344
			    -0.4495    0.4497    0.7718
		b:
			    -554.8721
			    403.3349
			    -581.4715
			    513.0365
			    -564.0145
			    -542.4663
			    592.2437
			    68.0984
			    -38.7571
			    -588.2437
			    -53.0984
			    49.7571


===========================================================================================
===========================================================================================
S9:
	q_c:    451.0000    516.5000    483.5000
	ub :    477.0000    537.0000    501.0000
	lb :    425.0000    496.0000    466.0000

	==================================================================================
	Q1:
		Shape: Hybrid
		q_c:    455.5000    502.0000    489.0000
		ub :    463.1200    508.9516    493.8554
		lb :    447.8800    495.0484    484.1446
		P^-1: 
			    0.0663    -0.0201    0.1340
			    -0.0201    0.0319    -0.0548
			    0.1340    -0.0548    0.3877
		A:
			    0.5136    -0.2644    0.8163
			    0.5688    -0.7854    0.2441
			    0.2672    -0.2837    0.9209
			    -0.1126    -0.1226    -0.9860
			    -0.3759    -0.0894    -0.9224
			    0.7604    0.3335    0.5574
		b:
			    501.8819
			    -10.7756
			    430.7359
			    -593.0089
			    -665.7455
			    790.5579
	==================================================================================
	Q2:
		Shape: Hybrid
		q_c:    464.0000    511.5000    489.5000
		ub :    470.9130    519.2602    497.9795
		lb :    457.0870    503.7398    481.0205
		P^-1: 
			    0.0550    0.0067    0.0127
			    0.0067    0.0294    0.0031
			    0.0127    0.0031    0.0337
		A:
			    -0.8439    -0.3645    -0.3936
			    -0.2897    0.1286    -0.9484
			    -0.6005    0.6749    -0.4289
			    -0.8561    -0.3191    0.4066
			    0.9583    -0.2624    0.1135
			    -0.3268    -0.5558    -0.7644
		b:
			    -768.6324
			    -529.5420
			    -139.9419
			    -358.2225
			    368.6563
			    -807.0414
	==================================================================================
	Q3:
		Shape: Ellipse
		q_c:    453.0000    500.5000    472.5000
		ub :    463.8037    511.0235    482.6227
		lb :    442.1963    489.9765    462.3773
		P^-1: 
			    0.0289    -0.0062    -0.0087
			    -0.0062    0.0219    -0.0021
			    -0.0087    -0.0021    0.0325
	==================================================================================
	Q4:
		Shape: Polyhedra
		q_c:    442.5000    520.0000    496.5000
		ub :    453.7388    531.0862    504.9029
		lb :    431.2612    508.9138    488.0971
		A:
			    -0.6609    0.4579    -0.5946
			    0.2500    -0.3637    -0.8974
			    -0.3460    0.5274    0.7760
			    0.9483    -0.2308    -0.2179
			    -0.7681    -0.2825    -0.5747
			    0.4058    -0.7242    0.5576
			    0.6302    0.7498    0.2016
			    0.6167    -0.6412    0.4567
			    0.4717    -0.1635    -0.8665
			    -0.6302    -0.7498    -0.2016
			    -0.6167    0.6412    -0.4567
			    -0.4717    0.1635    0.8665
		b:
			    -342.0995
			    -519.6064
			    511.1433
			    197.6032
			    -764.7041
			    87.2554
			    776.3409
			    173.7433
			    -302.5376
			    -761.3409
			    -158.7433
			    310.5376
	==================================================================================
	Q5:
		Shape: Ellipse
		q_c:    442.5000    518.0000    466.5000
		ub :    450.7668    528.0167    477.0680
		lb :    434.2332    507.9833    455.9320
		P^-1: 
			    0.0503    -0.0024    -0.0198
			    -0.0024    0.0180    0.0015
			    -0.0198    0.0015    0.0298
	==================================================================================
	Q6:
		Shape: Hybrid
		q_c:    460.0000    505.0000    470.5000
		ub :    468.4360    509.5894    479.3453
		lb :    451.5640    500.4106    461.6547
		P^-1: 
			    0.2545    -0.3863    -0.1401
			    -0.3863    0.7085    0.2095
			    -0.1401    0.2095    0.1020
		A:
			    -0.5870    0.7504    0.3039
			    -0.5207    0.7620    0.3850
			    0.1775    -0.7923    0.5837
			    -0.6778    0.6851    0.2671
			    -0.5137    0.8330    0.2053
			    0.2992    -0.9542    -0.0021
		b:
			    252.6247
			    327.1684
			    -39.8501
			    161.1462
			    281.6047
			    -343.8781


===========================================================================================
===========================================================================================
S10:
	q_c:    72.5000    161.5000    451.5000
	ub :    87.0000    163.0000    459.0000
	lb :    58.0000    160.0000    444.0000

	==================================================================================
	Q1:
		Shape: Ellipse
		q_c:    73.5000    161.5000    452.5000
		ub :    75.1455    162.9515    453.9128
		lb :    71.8545    160.0485    451.0872
		P^-1: 
			    1.0000    0.0000    -0.0000
			    0.0000    1.0000    -0.0000
			    -0.0000    -0.0000    1.0000
	==================================================================================
	Q2:
		Shape: Ellipse
		q_c:    73.0000    161.5000    453.5000
		ub :    74.4507    162.8287    454.7530
		lb :    71.5493    160.1713    452.2470
		P^-1: 
			    1.8344    1.0092    0.8880
			    1.0092    2.2206    1.0740
			    0.8880    1.0740    1.9450
	==================================================================================
	Q3:
		Shape: Ellipse
		q_c:    73.5000    163.5000    453.0000
		ub :    74.9843    164.4920    454.4725
		lb :    72.0157    162.5080    451.5275
		P^-1: 
			    1.1726    -0.6522    0.2503
			    -0.6522    3.4645    -0.9457
			    0.2503    -0.9457    1.3629
	==================================================================================
	Q4:
		Shape: Hybrid
		q_c:    73.5000    161.5000    453.0000
		ub :    74.6461    162.6324    454.1467
		lb :    72.3539    160.3676    451.8533
		P^-1: 
			    1.0127    0.1517    -0.1221
			    0.1517    2.8129    -1.4591
			    -0.1221    -1.4591    2.1744
		A:
			    -0.7213    -0.6873    0.0851
			    -0.0076    -0.5191    0.8547
			    -0.3232    -0.5664    0.7581
			    0.1295    -0.0984    0.9867
			    -0.2480    -0.8759    0.4140
			    -0.5618    -0.8273    -0.0065
		b:
			    -124.8887
			    303.1078
			    228.5288
			    441.1589
			    28.1717
			    -177.2612
	==================================================================================
	Q5:
		Shape: Polyhedra
		q_c:    74.5000    161.5000    452.5000
		ub :    76.0437    163.1965    454.1421
		lb :    72.9563    159.8035    450.8579
		A:
			    0.7679    0.2457    0.5916
			    0.5837    -0.5506    -0.5968
			    -0.0515    0.8393    0.5412
			    -0.4130    -0.2059    0.8871
			    -0.8063    -0.3947    0.4405
			    -0.9910    -0.1233    0.0517
			    0.5982    0.7040    0.3827
			    0.7851    -0.4194    -0.4557
			    -0.1603    0.5731    -0.8037
			    -0.5982    -0.7040    -0.3827
			    -0.7851    0.4194    0.4557
			    0.1603    -0.5731    0.8037
		b:
			    365.5940
			    -314.4722
			    377.6233
			    338.4043
			    76.5119
			    -69.3674
			    332.4396
			    -214.4532
			    -282.0485
			    -330.4396
			    216.4532
			    284.0485
	==================================================================================
	Q6:
		Shape: Polyhedra
