3D_30_11_6_a                l = 3

===========================================================================================
===========================================================================================
S1:
	q_c:	128.5	152.5	240.5
	ub :	136.6368	158.3569	250.1589
	lb :	122.658	146.7671	234.7265

	==================================================================================
	Q1:
		Shape: Polyhedra
		q_c:	125.5	154.5	239.5
		ub :	128.342	156.6728	242.3538
		lb :	122.658	152.3272	236.6462
		A:
			-0.4653	-0.8504	-0.2455
			0.9861	-0.1073	-0.1267
			0.6068	-0.711	-0.3554
			0.2235	-0.799	0.5583
			0.3628	0.8937	0.2639
			0.1241	0.8524	-0.508
			0.8427	0.0261	0.5378
			-0.3649	-0.7067	0.6061
			0.3959	-0.707	-0.586
			-0.8427	-0.0261	-0.5378
			0.3649	0.7067	-0.6061
			-0.3959	0.707	0.586
		b:
			-246.9058
			78.7397
			-116.8191
			39.7341
			248.5186
			26.7303
			240.5837
			-8.8393
			-197.9044
			-236.5837
			10.8393
			201.9044
	==================================================================================
	Q2:
		Shape: Ellipse
		q_c:	133.5	154.5	240.0
		ub :	136.6368	156.546	243.2298
		lb :	130.3632	152.454	236.7702
		P^-1:
			0.2136	0.0006	0.0442
			0.0006	0.25	-0.0007
			0.0442	-0.0007	0.1964
	==================================================================================
	Q3:
		Shape: Ellipse
		q_c:	127.5	154.0	238.5
		ub :	130.0426	156.2164	240.8589
		lb :	124.9574	151.7836	236.1411
		P^-1:
			0.2954	-0.0091	0.1011
			-0.0091	0.706	0.2945
			0.1011	0.2945	0.6931
	==================================================================================
	Q4:
		Shape: Ellipse
		q_c:	130.5	150.5	246.0
		ub :	134.6521	154.2329	250.1589
		lb :	126.3479	146.7671	241.8411
		P^-1:
			0.1735	-0.043	0.0195
			-0.043	0.1604	-0.0505
			0.0195	-0.0505	0.1872
	==================================================================================
	Q5:
		Shape: Hybrid
		q_c:	128.0	155.5	243.0
		ub :	130.2453	158.3569	246.3682
		lb :	125.7547	152.6431	239.6318
		P^-1:
			0.4161	-0.0271	-0.0807
			-0.0271	0.2416	-0.0213
			-0.0807	-0.0213	0.1967
		A:
			0.7832	0.5901	0.196
			-0.5337	0.725	0.4354
			0.4113	0.9088	-0.0707
			-0.6798	-0.1549	0.7169
			-0.733	-0.1718	0.6582
			-0.0732	-0.9427	-0.3257
		b:
			240.9269
			151.3796
			178.0588
			64.0901
			40.3411
			-233.6298
	==================================================================================
	Q6:
		Shape: Hybrid
		q_c:	127.0	154.0	238.0
		ub :	129.6896	156.5732	241.2735
		lb :	124.3104	151.4268	234.7265
		P^-1:
			0.4006	-0.0534	0.0877
			-0.0534	0.3793	0.1069
			0.0877	0.1069	0.269
		A:
			0.6186	-0.6923	-0.3716
			0.2449	-0.6211	-0.7445
			0.5162	-0.8153	0.2624
			-0.3429	-0.4495	0.8248
			0.1592	-0.9741	0.1607
			0.4109	0.4434	0.7966
		b:
			-115.6768
			-240.7922
			3.3978
			85.2771
			-90.4553
			310.8888


===========================================================================================
===========================================================================================
S2:
	q_c:	479.5	128.0	427.5
	ub :	498.9103	131.705	447.7082
	lb :	458.9595	103.71	412.6729

	==================================================================================
	Q1:
		Shape: Polyhedra
		q_c:	485.5	125.5	427.5
		ub :	493.2328	131.705	434.7245
		lb :	477.7672	119.295	420.2755
		A:
			-0.6517	0.7475	-0.1286
			0.1711	-0.8499	0.4985
			0.2146	-0.0559	-0.9751
			-0.3355	-0.8534	0.3989
			0.9244	-0.3783	-0.0479
			-0.9239	-0.1079	0.367
			0.7048	0.4247	0.5682
			-0.6313	0.0101	0.7755
			0.3236	-0.9053	0.2753
			-0.7048	-0.4247	-0.5682
			0.6313	-0.0101	-0.7755
			-0.3236	0.9053	-0.2753
		b:
			-273.5127
			193.4883
			-315.586
			-95.2301
			385.19
			-300.9952
			644.3906
			29.8051
			165.1899
			-632.3906
			-22.8051
			-157.1899
	==================================================================================
	Q2:
		Shape: Polyhedra
		q_c:	467.0	113.0	419.0
		ub :	475.0405	121.1399	425.3271
		lb :	458.9595	104.8601	412.6729
		A:
			0.7777	0.6262	-0.0556
			-0.0924	0.874	0.4771
			-0.1602	0.987	-0.0121
			-0.3326	0.5841	0.7404
			0.9131	0.1637	-0.3734
			-0.3148	0.272	0.9093
			0.4194	0.5842	0.6948
			0.4724	0.5132	-0.7166
			-0.7752	0.6288	-0.0607
			-0.4194	-0.5842	-0.6948
			-0.4724	-0.5132	0.7166
			0.7752	-0.6288	0.0607
		b:
			414.9426
			260.3932
			36.6748
			225.7216
			293.0418
			269.1673
			557.5198
			-17.6699
			-310.915
			-548.5198
			25.6699
			321.915
	==================================================================================
	Q3:
		Shape: Polyhedra
		q_c:	476.5	112.5	428.5
		ub :	484.7105	121.29	436.0984
		lb :	468.2895	103.71	420.9016
		A:
			0.1832	-0.2202	0.9581
			-0.3194	-0.03	-0.9472
			-0.033	0.6514	0.758
			0.2758	0.9191	-0.2815
			0.8788	-0.1717	0.4452
			0.6224	-0.2113	0.7536
			0.8153	0.5661	0.1217
			0.5233	-0.6304	-0.5734
			-0.2479	0.5312	-0.8102
			-0.8153	-0.5661	-0.1217
			-0.5233	0.6304	0.5734
			0.2479	-0.5312	0.8102
		b:
			478.8785
			-555.73
			386.6506
			120.0562
			596.0089
			601.7327
			510.3399
			-63.7505
			-399.5112
			-498.3399
			70.7505
			411.5112
	==================================================================================
	Q4:
		Shape: Polyhedra
		q_c:	493.0	113.5	425.5
		ub :	498.9103	120.9742	430.7878
		lb :	487.0897	106.0258	420.2122
		A:
			0.9929	0.0439	0.1102
			-0.0695	-0.6268	0.7761
			0.2607	0.0625	-0.9634
			0.8047	0.3669	-0.4667
			0.3237	0.5812	0.7466
			-0.5965	0.2308	-0.7687
			0.7278	0.1011	0.6783
			-0.2323	0.967	0.1051
			-0.6452	-0.234	0.7273
			-0.7278	-0.1011	-0.6783
			0.2323	-0.967	-0.1051
			0.6452	0.234	-0.7273
		b:
			544.6407
			229.3958
			-270.5493
			243.6933
			547.4864
			-591.8698
			661.3985
			46.4423
			-31.1974
			-656.3985
			-33.4423
			39.1974
	==================================================================================
	Q5:
		Shape: Polyhedra
		q_c:	472.0	118.5	434.0
		ub :	476.2092	123.9858	439.1975
		lb :	467.7908	113.0142	428.8025
		A:
			-0.8456	-0.0636	0.5301
			-0.3703	-0.0015	0.9289
			-0.662	0.7434	0.0952
			-0.7078	0.422	0.5665
			-0.9148	-0.3327	0.2292
			-0.8013	0.5395	-0.2583
			0.6255	0.6804	0.3818
			-0.7775	0.5845	0.2322
			-0.0652	-0.4421	0.8946
			-0.6255	-0.6804	-0.3818
			0.7775	-0.5845	-0.2322
			0.0652	0.4421	-0.8946
		b:
			-173.7909
			231.3166
			-181.3588
			-36.329
			-368.1095
			-424.186
			546.0772
			-195.441
			308.6075
			-537.0772
			198.441
			-301.6075
	==================================================================================
	Q6:
		Shape: Ellipse
		q_c:	477.0	116.0	442.5
		ub :	485.4158	121.0168	447.7082
		lb :	468.5842	110.9832	437.2918
		P^-1:
			0.0254	-0.0058	-0.0244
			-0.0058	0.0619	0.0006
			-0.0244	0.0006	0.104


===========================================================================================
===========================================================================================
S3:
	q_c:	64.5	236.5	403.5
	ub :	77.9519	245.539	411.1181
	lb :	54.7423	227.8851	395.51

	==================================================================================
	Q1:
		Shape: Polyhedra
		q_c:	65.0	232.5	400.0
		ub :	70.0645	236.4589	404.49
		lb :	59.9355	228.5411	395.51
		A:
			-0.2165	-0.8796	-0.4237
			0.3175	-0.8693	-0.3789
			0.0921	-0.9193	0.3826
			0.2856	-0.9244	-0.2529
			-0.2941	-0.4865	0.8227
			0.6531	0.3633	0.6644
			0.1484	0.5766	0.8034
			-0.0868	0.8169	-0.5702
			-0.9851	0.0148	0.1713
			-0.1484	-0.5766	-0.8034
			0.0868	-0.8169	0.5702
			0.9851	-0.0148	-0.1713
		b:
			-385.3804
			-330.0037
			-51.7207
			-294.5159
			200.1483
			395.8848
			467.5801
			-40.8048
			12.4294
			-462.5801
			46.8048
			-3.4294
	==================================================================================
	Q2:
		Shape: Ellipse
		q_c:	60.5	237.0	405.0
		ub :	65.2123	241.0652	409.3161
		lb :	55.7877	232.9348	400.6839
		P^-1:
			0.1754	0.1138	-0.0877
			0.1138	0.2351	-0.1375
			-0.0877	-0.1375	0.2267
	==================================================================================
	Q3:
		Shape: Polyhedra
		q_c:	73.0	239.0	406.0
		ub :	77.9519	242.4313	411.1181
		lb :	68.0481	235.5687	400.8819
		A:
			0.473	0.8452	-0.2487
			-0.5787	0.8075	-0.1145
			0.1435	-0.8101	0.5684
			0.1149	-0.9412	-0.3177
			0.1808	-0.0994	-0.9785
			-0.232	0.9491	0.2129
			0.7409	0.2776	0.6116
			-0.6716	0.3136	0.6713
			-0.0054	-0.9081	0.4188
			-0.7409	-0.2776	-0.6116
			0.6716	-0.3136	-0.6713
			0.0054	0.9081	-0.4188
		b:
			137.7309
			106.7532
			49.3016
			-342.8883
			-404.4692
			298.8459
			372.2188
			301.9715
			-45.9048
			-365.2188
			-294.9715
			48.9048
	==================================================================================
	Q4:
		Shape: Hybrid
		q_c:	61.0	242.0	406.0
		ub :	63.871	245.539	409.3831
		lb :	58.129	238.461	402.6169
		P^-1:
			0.2919	-0.1316	-0.053
			-0.1316	0.2912	0.0529
			-0.053	0.0529	0.1813
		A:
			0.783	-0.6152	0.0925
			-0.4053	-0.4124	-0.8159
			0.3871	-0.9177	0.089
			-0.8136	0.2039	-0.5445
			0.14	-0.9784	-0.1521
			0.1105	0.3344	-0.9359
		b:
			-62.6352
			-454.0672
			-161.304
			-219.8373
			-288.8147
			-290.5746
	==================================================================================
	Q5:
		Shape: Hybrid
		q_c:	62.0	230.5	404.5
		ub :	65.0373	233.1149	407.2653
		lb :	58.9627	227.8851	401.7347
		P^-1:
			0.3434	0.0854	0.0463
			0.0854	0.3281	0.0423
			0.0463	0.0423	0.2729
		A:
			-0.1867	-0.9008	-0.392
			0.4595	0.8529	-0.2479
			-0.9551	-0.2067	-0.2125
			0.0811	-0.8014	-0.5926
			0.2169	0.866	0.4506
			-0.0402	-0.8103	-0.5846
		b:
			-376.8693
			125.7569
			-191.9102
			-418.3405
			396.2287
			-424.7515
	==================================================================================
	Q6:
		Shape: Polyhedra
		q_c:	59.0	240.0	402.5
		ub :	63.2577	244.5605	405.9985
		lb :	54.7423	235.4395	399.0015
		A:
			-0.9903	0.0865	-0.1083
			-0.7971	0.0556	-0.6013
			0.7112	0.6245	0.3227
			-0.2003	-0.7245	-0.6595
			0.0348	-0.3707	-0.9281
			-0.7972	-0.3686	-0.4782
			0.7258	0.4345	0.5333
			0.5383	-0.8414	-0.0471
			0.4283	0.3212	-0.8446
			-0.7258	-0.4345	-0.5333
			-0.5383	0.8414	0.0471
			-0.4283	-0.3212	0.8446
		b:
			-78.7242
			-273.5964
			323.4237
			-448.8194
			-457.8759
			-326.4221
			363.2618
			-185.6272
			-234.5848
			-360.2618
			192.6272
			240.5848


===========================================================================================
===========================================================================================
S4:
	q_c:	466.5	189.5	469.0
	ub :	483.1332	209.777	482.2729
	lb :	453.7754	176.7735	454.9936

	==================================================================================
	Q1:
		Shape: Ellipse
		q_c:	460.0	185.5	466.5
		ub :	461.3277	194.2265	474.6205
		lb :	458.6723	176.7735	458.3795
		P^-1:
			0.9986	-0.0363	0.0043
			-0.0363	0.0307	0.0151
			0.0043	0.0151	0.0379
	==================================================================================
	Q2:
		Shape: Ellipse
		q_c:	460.0	200.5	471.5
		ub :	464.9864	205.8213	477.2502
		lb :	455.0136	195.1787	465.7498
		P^-1:
			0.1337	0.0012	0.041
			0.0012	0.0763	0.0112
			0.041	0.0112	0.0941
	==================================================================================
	Q3:
		Shape: Hybrid
		q_c:	470.0	188.5	476.0
		ub :	475.067	193.6189	482.2729
		lb :	464.933	183.3811	469.7271
		P^-1:
			0.0613	-0.0049	-0.0039
			-0.0049	0.1818	-0.1003
			-0.0039	-0.1003	0.1025
		A:
			0.517	0.7905	-0.3283
			-0.7161	-0.5195	0.4662
			-0.2988	-0.3414	0.8912
			-0.441	0.6002	-0.6673
			-0.5425	0.7182	-0.4357
			0.3574	0.5245	-0.7727
		b:
			237.6879
			-210.3097
			221.8248
			-409.9191
			-325.2461
			-99.1398
	==================================================================================
	Q4:
		Shape: Hybrid
		q_c:	477.0	193.5	460.5
		ub :	483.1332	199.873	466.0064
		lb :	470.8668	187.127	454.9936
		P^-1:
			0.0741	-0.027	-0.0136
			-0.027	0.0789	0.0148
			-0.0136	0.0148	0.0569
		A:
			0.7388	-0.6048	-0.2973
			0.4931	0.3444	0.7989
			0.3259	-0.888	0.3243
			0.012	-0.9487	-0.316
			0.5576	-0.3817	0.7371
			-0.2001	-0.6785	0.7069
		b:
			99.9953
			672.6949
			135.2738
			-321.1795
			534.4105
			101.7837
	==================================================================================
	Q5:
		Shape: Hybrid
		q_c:	470.5	200.0	469.0
		ub :	480.1573	209.777	473.2853
		lb :	460.8427	190.223	464.7147
		P^-1:
			0.0447	0.0265	-0.0949
			0.0265	0.0493	-0.1035
			-0.0949	-0.1035	0.3912
		A:
			0.6291	0.1273	-0.7669
			-0.1576	-0.7542	0.6375
			-0.5492	-0.2615	0.7937
			-0.2901	0.4128	0.8634
			-0.5262	-0.7815	0.3352
			-0.45	-0.2503	0.8572
		b:
			-35.6476
			77.3542
			63.5577
			354.8463
			-241.9822
			141.6345
	==================================================================================
	Q6:
		Shape: Ellipse
		q_c:	460.5	204.0	472.0
		ub :	467.2246	207.4995	478.6666
		lb :	453.7754	200.5005	465.3334
		P^-1:
			0.0428	0.0025	-0.0041
			0.0025	0.1107	0.0046
			-0.0041	0.0046	0.047


===========================================================================================
===========================================================================================
S5:
	q_c:	89.5	378.0	282.0
	ub :	111.7942	399.4562	298.0054
	lb :	71.1969	366.9057	261.8468

	==================================================================================
	Q1:
		Shape: Hybrid
		q_c:	102.5	387.5	281.5
		ub :	111.7942	398.144	292.5759
		lb :	93.2058	376.856	270.4241
		P^-1:
			0.0497	0.0072	0.019
			0.0072	0.0228	-0.0084
			0.019	-0.0084	0.0342
		A:
			0.6506	0.1346	-0.7474
			-0.5824	0.183	-0.7921
			-0.9559	0.2631	-0.1303
			-0.9395	-0.0526	0.3385
			-0.5971	0.3738	-0.7098
			0.8116	-0.2629	-0.5217
		b:
			-86.2415
			-209.3975
			-28.7694
			-16.7586
			-113.7265
			-159.1851
	==================================================================================
	Q2:
		Shape: Ellipse
		q_c:	85.0	374.0	291.0
		ub :	91.9215	381.0943	298.0054
		lb :	78.0785	366.9057	283.9946
		P^-1:
			0.0558	-0.0053	-0.0061
			-0.0053	0.0537	0.0063
			-0.0061	0.0063	0.0302
	==================================================================================
	Q3:
		Shape: Hybrid
		q_c:	86.5	390.0	270.5
		ub :	96.5665	399.4562	277.3213
		lb :	76.4335	380.5438	263.6787
		P^-1:
			0.0236	0.0064	0.0209
			0.0064	0.0297	0.0271
			0.0209	0.0271	0.096
		A:
			0.2495	0.1097	-0.9621
			-0.7042	-0.4268	-0.5674
			0.0598	-0.1776	-0.9823
			-0.5065	0.0325	-0.8616
			-0.0172	0.2425	-0.97
			-0.5031	0.6741	0.5408
		b:
			-192.2295
			-377.454
			-327.5049
			-261.6344
			-165.9441
			370.2052
	==================================================================================
	Q4:
		Shape: Ellipse
		q_c:	87.5	391.0	272.0
		ub :	95.254	398.3866	280.0831
		lb :	79.746	383.6134	263.9169
		P^-1:
			0.0484	-0.0093	0.0056
			-0.0093	0.0504	-0.0062
			0.0056	-0.0062	0.0437
	==================================================================================
	Q5:
		Shape: Hybrid
		q_c:	98.0	383.0	270.5
		ub :	106.4073	392.7054	279.1532
		lb :	89.5927	373.2946	261.8468
		P^-1:
			0.1414	-0.0147	-0.1139
			-0.0147	0.0261	0.001
			-0.1139	0.001	0.1295
		A:
			-0.3675	-0.5956	0.7143
			0.5211	-0.7071	-0.478
			-0.8068	0.3225	0.4951
			-0.5974	0.4972	-0.6292
			0.3398	0.1046	-0.9347
			0.1488	-0.1399	-0.9789
		b:
			-67.6702
			-345.2606
			180.0342
			-33.3183
			-176.9477
			-299.695
	==================================================================================
	Q6:
		Shape: Polyhedra
		q_c:	81.0	381.5	285.5
		ub :	90.8031	391.3826	294.4617
		lb :	71.1969	371.6174	276.5383
		A:
			-0.7103	-0.447	0.5438
			-0.0438	-0.0439	-0.9981
			-0.6397	0.4595	0.6162
			-0.7122	0.6866	-0.146
			-0.4809	-0.4302	0.764
			0.7146	0.3472	-0.6073
			0.1739	0.9832	0.0557
			0.7214	-0.0887	-0.6868
			-0.6703	0.1597	-0.7247
			-0.1739	-0.9832	-0.0557
			-0.7214	0.0887	0.6868
			0.6703	-0.1597	0.7247
		b:
			-66.3252
			-299.1501
			305.3939
			169.5392
			21.3778
			23.1376
			413.5824
			-165.9759
			-193.7942
			-396.5824
			176.9759
			206.7942


===========================================================================================
===========================================================================================
S6:
	q_c:	23.0	401.0	88.0
	ub :	31.4641	408.4896	96.9543
	lb :	12.1156	389.7601	78.7057

	==================================================================================
	Q1:
		Shape: Hybrid
		q_c:	26.5	405.5	89.5
		ub :	28.3702	407.5191	92.0572
		lb :	24.6298	403.4809	86.9428
		P^-1:
			2.9933	1.0597	-1.252
			1.0597	0.8845	-0.5348
			-1.252	-0.5348	0.7267
		A:
			-0.6925	-0.4145	0.5904
			0.9646	0.2272	0.1338
			-0.4008	-0.8379	-0.3705
			-0.8936	-0.1805	0.4109
			0.8153	-0.1479	-0.5598
			-0.8636	0.4667	-0.1907
		b:
			-133.0701
			130.7316
			-381.9772
			-59.7964
			-87.6731
			150.5769
	==================================================================================
	Q2:
		Shape: Ellipse
		q_c:	16.5	399.5	92.5
		ub :	20.8844	404.0796	96.3923
		lb :	12.1156	394.9204	88.6077
		P^-1:
			0.0827	-0.0027	0.0086
			-0.0027	0.0884	-0.0218
			0.0086	-0.0218	0.1522
	==================================================================================
	Q3:
		Shape: Ellipse
		q_c:	26.0	403.0	84.0
		ub :	31.4641	408.4896	89.2943
		lb :	20.5359	397.5104	78.7057
		P^-1:
			0.1038	-0.0084	-0.0152
			-0.0084	0.1014	-0.0175
			-0.0152	-0.0175	0.0796
	==================================================================================
	Q4:
		Shape: Hybrid
		q_c:	20.5	399.5	92.0
		ub :	25.9913	404.2571	96.9543
		lb :	15.0087	394.7429	87.0457
		P^-1:
			0.0964	0.007	-0.013
			0.007	0.085	-0.0061
			-0.013	-0.0061	0.093
		A:
			-0.5489	-0.2579	-0.7951
			-0.6088	0.1297	-0.7826
			0.6216	0.7734	0.1244
			-0.4057	-0.6128	-0.6782
			-0.4057	-0.6128	-0.6782
			-0.4755	0.7184	0.5078
		b:
			-185.4151
			-30.6727
			334.973
			-313.5197
			7.8558
			325.8918
	==================================================================================
	Q5:
		Shape: Ellipse
		q_c:	22.5	394.0	90.0
		ub :	26.7054	398.2399	95.0773
		lb :	18.2946	389.7601	84.9227
		P^-1:
			0.1718	0.1174	0.0617
			0.1174	0.2847	0.1448
			0.0617	0.1448	0.1615
	==================================================================================
	Q6:
		Shape: Polyhedra
		q_c:	20.0	403.0	88.5
		ub :	22.901	408.0173	93.5625
		lb :	17.099	397.9827	83.4375
		A:
			0.9242	-0.3442	-0.1655
			-0.8902	0.2127	0.403
			0.21	0.5871	0.7818
			0.3654	-0.1785	-0.9136
			0.4767	-0.0941	-0.874
			-0.8411	-0.2389	-0.4853
			0.0553	0.6472	0.7603
			-0.0609	0.7622	-0.6444
			-0.9966	-0.0107	0.0815
			-0.0553	-0.6472	-0.7603
			0.0609	-0.7622	0.6444
			0.9966	0.0107	-0.0815
		b:
			-132.2567
			106.1694
			312.9885
			-142.3463
			-102.6371
			-153.3024
			332.2166
			252.9333
			-14.5249
			-326.2166
			-244.9333
			19.5249


===========================================================================================
===========================================================================================
S7:
	q_c:	293.5	288.0	289.0
	ub :	309.4038	301.8599	307.8497
	lb :	275.0591	274.3502	271.4532

	==================================================================================
	Q1:
		Shape: Polyhedra
		q_c:	301.5	292.0	281.5
		ub :	309.4038	301.8599	291.5468
		lb :	293.5962	282.1401	271.4532
		A:
			-0.5896	0.6326	0.5021
			-0.8007	0.2797	-0.5297
			0.8339	0.2774	-0.4772
			0.9123	-0.1818	-0.367
			-0.1831	-0.3556	0.9165
			-0.7241	0.0977	-0.6827
			0.6277	0.303	0.7171
			-0.7766	0.18	0.6037
			0.0538	-0.9358	0.3483
			-0.6277	-0.303	-0.7171
			0.7766	-0.18	-0.6037
			-0.0538	0.9358	-0.3483
		b:
			153.3106
			-302.0427
			202.9728
			122.9461
			105.1854
			-374.9911
			486.5797
			-7.6357
			-151.4856
			-472.5797
			15.6357
			166.4856
	==================================================================================
	Q2:
		Shape: Hybrid
		q_c:	294.5	283.5	298.0
		ub :	303.2934	292.6498	307.8497
		lb :	285.7066	274.3502	288.1503
		P^-1:
			0.031	0.0134	0.0124
			0.0134	0.0397	0.014
			0.0124	0.014	0.0358
		A:
			-0.6675	-0.2089	0.7147
			-0.2792	0.9511	0.1318
			0.4922	-0.8704	-0.0094
			0.0245	-0.8663	-0.499
			0.7166	0.3173	0.6211
			-0.5962	-0.7374	0.3175
		b:
			-37.9714
			230.7434
			-100.1021
			-384.0127
			488.6112
			-286.1721
	==================================================================================
	Q3:
		Shape: Hybrid
		q_c:	288.5	281.5	280.0
		ub :	292.8302	287.0655	284.4179
		lb :	284.1698	275.9345	275.5821
		P^-1:
			0.1828	0.0883	-0.034
			0.0883	0.114	-0.0041
			-0.034	-0.0041	0.1137
		A:
			0.6337	0.5335	-0.5602
			-0.8351	0.1117	0.5387
			-0.4594	-0.8354	0.3019
			-0.3949	0.6314	0.6673
			-0.6744	-0.1349	0.7259
			0.6743	0.4913	-0.5513
		b:
			177.381
			-56.7625
			-281.4419
			253.1742
			-27.8168
			179.6628
	==================================================================================
	Q4:
		Shape: Hybrid
		q_c:	293.5	289.5	294.0
		ub :	300.3793	296.2433	300.232
		lb :	286.6207	282.7567	287.768
		P^-1:
			0.058	-0.0206	0.0007
			-0.0206	0.0636	-0.0007
			0.0007	-0.0007	0.04
		A:
			0.1028	-0.9917	0.0771
			-0.6829	0.6322	-0.3661
			-0.17	0.8327	-0.5269
			0.3054	0.7328	0.608
			0.0703	-0.5693	-0.8191
			0.3648	-0.8649	-0.3447
		b:
			-231.9547
			-123.0529
			38.7372
			483.6513
			-382.0113
			-242.5357
	==================================================================================
	Q5:
		Shape: Hybrid
		q_c:	282.5	283.0	293.5
		ub :	289.9409	288.0545	300.0492
		lb :	275.0591	277.9455	286.9508
		P^-1:
			0.0555	-0.0535	0.055
			-0.0535	0.1569	-0.078
			0.055	-0.078	0.1238
		A:
			0.2865	-0.2323	0.9295
			-0.0059	0.4815	-0.8764
			-0.0019	0.8745	-0.485
			-0.6665	0.5229	0.5313
			-0.2372	0.0119	-0.9714
			-0.6878	0.1254	-0.715
		b:
			289.8635
			-120.2958
			106.4953
			120.082
			-346.4088
			-366.2476
	==================================================================================
	Q6:
		Shape: Ellipse
		q_c:	288.0	289.0	281.0
		ub :	292.6139	292.1545	285.0124
		lb :	283.3861	285.8455	276.9876
		P^-1:
			0.0692	-0.0096	0.0294
			-0.0096	0.2119	-0.0434
			0.0294	-0.0434	0.1914


===========================================================================================
===========================================================================================
S8:
	q_c:	165.5	140.5	178.5
	ub :	176.8603	153.4604	191.9205
	lb :	156.7764	125.3886	172.0109

	==================================================================================
	Q1:
		Shape: Hybrid
		q_c:	166.5	144.5	184.0
		ub :	172.2535	150.2828	189.7645
		lb :	160.7465	138.7172	178.2355
		P^-1:
			0.0779	0.0124	0.0011
			0.0124	0.0834	0.0195
			0.0011	0.0195	0.0939
		A:
			0.6089	-0.5571	-0.5647
			0.769	0.1917	0.6099
			-0.4737	-0.1066	-0.8742
			-0.0781	0.6355	0.7682
			-0.5102	0.003	0.86
			-0.2424	0.9137	0.3263
		b:
			-81.0611
			269.8296
			-253.2884
			221.7381
			75.6163
			153.6794
	==================================================================================
	Q2:
		Shape: Hybrid
		q_c:	167.0	143.0	180.0
		ub :	170.9931	148.1012	182.8886
		lb :	163.0069	137.8988	177.1114
		P^-1:
			0.2118	0.0536	0.1104
			0.0536	0.0688	0.0571
			0.1104	0.0571	0.3733
		A:
			-0.8434	-0.3547	-0.4036
			-0.4758	0.1813	-0.8607
			0.7059	0.2025	-0.6787
			0.663	0.4978	0.5591
			0.5089	0.3329	0.7938
			0.1598	0.1391	0.9773
		b:
			-263.025
			-207.0335
			26.3847
			283.8129
			276.3358
			223.3746
	==================================================================================
	Q3:
		Shape: Ellipse
		q_c:	170.5	148.0	183.5
		ub :	176.8603	152.4587	189.0007
		lb :	164.1397	143.5413	177.9993
		P^-1:
			0.06	-0.0011	-0.0314
			-0.0011	0.082	-0.0065
			-0.0314	-0.0065	0.0907
	==================================================================================
	Q4:
		Shape: Hybrid
		q_c:	162.5	148.5	187.0
		ub :	168.2236	153.4604	191.9205
		lb :	156.7764	143.5396	182.0795
		P^-1:
			0.0655	-0.0069	0.0008
			-0.0069	0.0784	-0.0018
			0.0008	-0.0018	0.0627
		A:
			-0.3853	0.4562	-0.8021
			-0.1568	-0.0972	-0.9828
			-0.6466	0.7027	-0.2968
			0.5945	-0.104	0.7973
			-0.6106	-0.7101	0.3504
			0.7203	-0.4414	0.5351
		b:
			-142.8354
			-221.455
			-54.3991
			232.4261
			-136.9953
			153.5336
	==================================================================================
	Q5:
		Shape: Ellipse
		q_c:	170.0	136.5	176.0
		ub :	173.5583	139.7189	179.9891
		lb :	166.4417	133.2811	172.0109
		P^-1:
			0.1815	0.0723	0.0408
			0.0723	0.298	0.1487
			0.0408	0.1487	0.2361
	==================================================================================
	Q6:
		Shape: Polyhedra
		q_c:	163.5	130.5	182.5
		ub :	168.604	135.6114	187.3956
		lb :	158.396	125.3886	177.6044
		A:
			0.2499	-0.6378	0.7285
			-0.1734	0.5975	-0.7829
			0.0513	-0.223	-0.9735
			0.5101	-0.7998	0.3163
			0.2128	-0.0417	0.9762
			-0.4206	-0.5207	-0.743
			0.6465	0.0179	0.7627
			-0.7626	-0.0147	0.6467
			0.0228	-0.9997	0.0041
			-0.6465	-0.0179	-0.7627
			0.7626	0.0147	-0.6467
			-0.0228	0.9997	-0.0041
		b:
			94.6063
			-89.2642
			-194.7838
			41.1921
			210.763
			-268.6621
			250.2337
			-4.5902
			-120.978
			-244.2337
			12.5902
			130.978


===========================================================================================
===========================================================================================
S9:
	q_c:	406.5	73.5	211.0
	ub :	429.4416	99.7497	234.1207
	lb :	400.616	57.3784	187.048

	==================================================================================
	Q1:
		Shape: Polyhedra
		q_c:	422.0	85.0	200.5
		ub :	429.4416	92.9529	207.2502
		lb :	414.5584	77.0471	193.7498
		A:
			-0.72	0.1886	0.6678
			0.5111	-0.5137	0.6891
			0.4227	0.2063	0.8825
			0.0414	-0.3169	-0.9476
			-0.4886	-0.6269	-0.6069
			0.8285	0.2019	0.5223
			0.6713	0.2045	0.7124
			-0.5358	-0.5302	0.6572
			0.5121	-0.8229	-0.2463
			-0.6713	-0.2045	-0.7124
			0.5358	0.5302	-0.6572
			-0.5121	0.8229	0.2463
		b:
			-148.4309
			314.3699
			375.7577
			-195.2025
			-377.7798
			474.2876
			446.0227
			-133.9071
			102.2599
			-441.0227
			144.9071
			-91.2599
	==================================================================================
	Q2:
		Shape: Ellipse
		q_c:	420.0	77.5	222.0
		ub :	427.2945	82.376	229.0706
		lb :	412.7055	72.624	214.9294
		P^-1:
			0.0527	-0.0198	0.0075
			-0.0198	0.1028	-0.0075
			0.0075	-0.0075	0.0449
	==================================================================================
	Q3:
		Shape: Hybrid
		q_c:	409.5	71.5	196.5
		ub :	416.6162	81.4236	205.952
		lb :	402.3838	61.5764	187.048
		P^-1:
			0.0415	0.0022	0.0072
			0.0022	0.039	0.023
			0.0072	0.023	0.0359
		A:
			0.1437	-0.9105	-0.3878
			-0.914	-0.3969	-0.0844
			0.9103	0.3293	0.2509
			0.3125	0.0303	-0.9494
			0.3275	0.8934	0.3076
			0.4286	-0.6466	-0.631
		b:
			-79.6727
			-416.0473
			448.3203
			-51.3379
			261.4935
			7.8254
	==================================================================================
	Q4:
		Shape: Ellipse
		q_c:	422.5	90.0	224.5
		ub :	428.377	99.7497	234.1207
		lb :	416.623	80.2503	214.8793
		P^-1:
			0.1212	-0.0478	-0.0403
			-0.0478	0.0443	0.0175
			-0.0403	0.0175	0.0385
	==================================================================================
	Q5:
		Shape: Ellipse
		q_c:	409.5	83.0	201.5
		ub :	418.384	91.3666	211.2314
		lb :	400.616	74.6334	191.7686
		P^-1:
			0.0323	-0.0012	-0.0014
			-0.0012	0.0312	-0.0022
			-0.0014	-0.0022	0.0304
	==================================================================================
	Q6:
		Shape: Hybrid
		q_c:	415.5	64.5	205.0
		ub :	424.7827	71.6216	214.5869
		lb :	406.2173	57.3784	195.4131
		P^-1:
			0.0283	-0.0022	0.0007
			-0.0022	0.0384	-0.0034
			0.0007	-0.0034	0.0289
		A:
			0.1388	0.9105	0.3895
			-0.4634	0.7452	-0.4794
			0.8484	-0.3032	0.4339
			-0.2994	-0.9207	-0.2502
			-0.8151	-0.5765	0.0568
			0.3975	-0.4187	0.8165
		b:
			199.2605
			-240.1237
			425.1001
			-232.095
			-360.8758
			308.5584


===========================================================================================
===========================================================================================
S10:
	q_c:	176.0	125.0	138.5
	ub :	183.2776	132.5846	146.1048
	lb :	170.9779	119.0123	133.063

	==================================================================================
	Q1:
		Shape: Hybrid
		q_c:	179.5	124.0	139.5
		ub :	183.0581	127.111	141.9661
		lb :	175.9419	120.889	137.0339
		P^-1:
			0.2996	0.0054	-0.361
			0.0054	0.1577	0.0125
			-0.361	0.0125	0.8138
		A:
			0.3294	0.066	-0.9419
			-0.2709	0.5111	0.8157
			0.2289	0.5863	0.7771
			-0.3659	0.9238	0.1126
			-0.1054	0.9176	-0.3833
			-0.7674	-0.4505	0.4562
		b:
			-63.5029
			129.5897
			223.9034
			66.612
			43.4276
			-128.5607
	==================================================================================
	Q2:
		Shape: Ellipse
		q_c:	173.5	127.5	136.0
		ub :	175.4256	130.5324	138.937
		lb :	171.5744	124.4676	133.063
		P^-1:
			0.4354	-0.037	-0.0333
			-0.037	0.2925	-0.137
			-0.0333	-0.137	0.3209
	==================================================================================
	Q3:
		Shape: Polyhedra
		q_c:	175.5	123.0	141.0
		ub :	180.0221	126.9877	145.2635
		lb :	170.9779	119.0123	136.7365
		A:
			-0.8207	0.565	-0.0845
			0.0948	0.1128	0.9891
			-0.2964	-0.8662	0.4023
			0.7049	-0.6738	-0.2216
			0.2199	0.9252	-0.3093
			-0.2476	0.8264	0.5058
			0.7231	0.4496	0.5244
			-0.6232	0.0971	0.776
			0.298	-0.8879	0.3504
			-0.7231	-0.4496	-0.5244
			0.6232	-0.0971	-0.776
			-0.298	0.8879	-0.3504
		b:
			-83.8987
			172.7244
			-99.2382
			11.8864
			111.4417
			132.0759
			259.6449
			13.9879
			-5.0064
			-252.6449
			-9.9879
			10.0064
	==================================================================================
	Q4:
		Shape: Ellipse
		q_c:	180.0	122.0	138.5
		ub :	183.2776	124.8779	141.9472
		lb :	176.7224	119.1221	135.0528
		P^-1:
			0.25	-0.0	0.0
			-0.0	0.25	0.0
			0.0	0.0	0.25
	==================================================================================
	Q5:
		Shape: Ellipse
		q_c:	179.0	128.0	141.5
		ub :	182.6833	132.5846	146.1048
		lb :	175.3167	123.4154	136.8952
		P^-1:
			0.2151	-0.0506	-0.0327
			-0.0506	0.1357	0.0159
			-0.0327	0.0159	0.1214
	==================================================================================
	Q6:
		Shape: Ellipse
		q_c:	175.0	128.0	137.5
		ub :	176.9568	131.2686	141.2111
		lb :	173.0432	124.7314	133.7889
		P^-1:
			0.9319	-0.1737	0.1561
			-0.1737	0.2601	0.0233
			0.1561	0.0233	0.1691


===========================================================================================
===========================================================================================
S11:
	q_c:	142.5	436.0	306.5
	ub :	155.4715	450.3163	324.7745
	lb :	125.4787	422.0589	295.8325

	==================================================================================
	Q1:
		Shape: Polyhedra
		q_c:	144.5	431.0	315.0
		ub :	150.2122	438.565	321.7806
		lb :	138.7878	423.435	308.2194
		A:
			-0.1785	0.3587	0.9162
			0.5157	-0.0659	0.8542
			-0.7178	0.5346	-0.4461
			-0.3208	-0.4793	-0.8169
			0.3116	0.6798	0.6639
			0.9755	-0.2099	0.066
			0.5094	0.3985	0.7627
			-0.2106	-0.8016	0.5595
			0.8344	-0.4457	-0.3244
			-0.5094	-0.3985	-0.7627
			0.2106	0.8016	-0.5595
			-0.8344	0.4457	0.3244
		b:
			420.8872
			318.9157
			-9.5789
			-507.2329
			550.4319
			74.7108
			488.6198
			-193.6715
			-170.1979
			-482.6198
			205.6715
			177.1979
	==================================================================================
	Q2:
		Shape: Polyhedra
		q_c:	141.5	427.5	313.0
		ub :	148.0496	432.9411	319.0012
		lb :	134.9504	422.0589	306.9988
		A:
			0.3772	0.922	0.0873
			-0.0516	0.8113	0.5823
			-0.0195	0.8493	-0.5276
			0.2171	-0.9421	0.2555
			-0.1544	-0.4875	0.8593
			0.9247	-0.2443	0.292
			0.5267	0.514	0.6771
			-0.8472	0.382	0.3691
			-0.069	-0.768	0.6367
			-0.5267	-0.514	-0.6771
			0.8472	-0.382	-0.3691
			0.069	0.768	-0.6367
		b:
			478.6782
			526.4976
			196.8306
			-289.4657
			40.9239
			122.2623
			511.1734
			163.4582
			-137.3104
			-501.1734
			-154.4582
			140.3104
	==================================================================================
	Q3:
		Shape: Polyhedra
		q_c:	133.0	442.5	315.0
		ub :	140.5213	450.3163	323.1328
		lb :	125.4787	434.6837	306.8672
		A:
			-0.1515	-0.7833	-0.6029
			-0.4846	0.7157	0.503
			-0.738	0.2935	0.6076
			0.2077	-0.0696	0.9757
			0.5446	0.3556	-0.7596
			0.6089	0.7931	0.0121
			0.188	0.7001	0.6889
			0.4523	-0.6843	0.572
			0.8718	0.204	-0.4453
			-0.188	-0.7001	-0.6889
			-0.4523	0.6843	-0.572
			-0.8718	-0.204	0.4453
		b:
			-553.1091
			415.107
			227.4872
			309.4045
			-4.5917
			440.0082
			555.285
			-55.9769
			70.4564
			-548.285
			68.9769
			-61.4564
	==================================================================================
	Q4:
		Shape: Hybrid
		q_c:	139.5	433.0	320.0
		ub :	145.6806	438.9738	324.7745
		lb :	133.3194	427.0262	315.2255
		P^-1:
			0.1021	0.0485	0.0659
			0.0485	0.095	0.0666
			0.0659	0.0666	0.1648
		A:
			-0.7127	-0.6707	0.2054
			-0.3314	-0.7654	-0.5517
			0.3654	0.1749	0.9143
			0.7964	0.5526	0.2457
			0.1372	-0.739	0.6596
			0.4545	0.2586	0.8524
		b:
			-321.4871
			-552.6893
			420.6651
			430.7968
			-86.5527
			449.3413
	==================================================================================
	Q5:
		Shape: Hybrid
		q_c:	149.0	440.5	315.5
		ub :	155.4715	445.4888	320.1529
		lb :	142.5285	435.5112	310.8471
		P^-1:
			0.0312	0.0178	-0.0107
			0.0178	0.1281	-0.0365
			-0.0107	-0.0365	0.1101
		A:
			-0.0357	0.0555	-0.9978
			0.012	-0.5702	0.8214
			0.0106	-0.9866	0.1627
			0.2529	-0.058	0.9658
			-0.5941	0.5808	-0.5565
			0.1059	0.1127	-0.988
		b:
			-293.7861
			11.2707
			-380.056
			319.1216
			-4.8935
			-244.4883
	==================================================================================
	Q6:
		Shape: Hybrid
		q_c:	145.0	430.0	302.5
		ub :	152.7012	435.3646	309.1675
		lb :	137.2988	424.6354	295.8325
		P^-1:
			0.0458	0.0432	0.0078
			0.0432	0.1358	0.0269
			0.0078	0.0269	0.0462
		A:
			-0.2228	0.9739	-0.0426
			-0.313	0.9225	0.2257
			0.4392	0.187	-0.8787
			-0.4009	-0.7598	-0.5118
			-0.8157	-0.2203	0.535
			-0.115	-0.987	0.112
		b:
			376.5274
			422.5554
			-117.9791
			-538.0447
			-47.3777
			-405.1745


===========================================================================================
===========================================================================================
