3D_30_11_6_c                l = 3

===========================================================================================
===========================================================================================
S1:
	q_c:	509.0	58.0	293.0
	ub :	523.2232	78.9203	310.6456
	lb :	493.343	38.9836	282.4081

	==================================================================================
	Q1:
		Shape: Hybrid
		q_c:	515.5	64.5	298.5
		ub :	519.6834	67.9718	302.3888
		lb :	511.3166	61.0282	294.6112
		P^-1:
			0.16	-0.0	0.0
			-0.0	0.16	0.0
			0.0	0.0	0.16
		A:
			0.9572	-0.2107	-0.1983
			-0.159	0.2502	-0.9551
			0.0243	-0.8464	0.532
			0.3387	-0.7839	0.5204
			0.6727	0.7293	0.125
			0.7755	0.6297	0.0451
		b:
			421.9306
			-349.6684
			117.9746
			280.6213
			432.3796
			455.0976
	==================================================================================
	Q2:
		Shape: Ellipse
		q_c:	505.0	72.5	287.5
		ub :	509.9408	78.0855	292.5919
		lb :	500.0592	66.9145	282.4081
		P^-1:
			0.1158	-0.046	-0.0146
			-0.046	0.107	0.0042
			-0.0146	0.0042	0.0814
	==================================================================================
	Q3:
		Shape: Ellipse
		q_c:	502.5	69.5	300.5
		ub :	511.657	78.9203	310.6456
		lb :	493.343	60.0797	290.3544
		P^-1:
			0.0301	0.0055	0.0144
			0.0055	0.0202	0.0064
			0.0144	0.0064	0.0347
	==================================================================================
	Q4:
		Shape: Ellipse
		q_c:	504.5	59.5	301.0
		ub :	508.5664	63.7804	305.6308
		lb :	500.4336	55.2196	296.3692
		P^-1:
			0.1864	-0.0521	0.0063
			-0.0521	0.195	0.0465
			0.0063	0.0465	0.1102
	==================================================================================
	Q5:
		Shape: Hybrid
		q_c:	514.5	47.5	293.0
		ub :	523.2232	56.0164	300.5965
		lb :	505.7768	38.9836	285.4035
		P^-1:
			0.0299	0.0044	0.0007
			0.0044	0.0268	0.0003
			0.0007	0.0003	0.0205
		A:
			-0.5242	0.2422	0.8164
			0.274	0.2237	0.9354
			0.8802	0.2002	-0.4303
			0.5839	-0.7422	-0.3289
			-0.1245	-0.1802	-0.9757
			-0.7536	-0.0222	-0.657
		b:
			-14.9002
			429.6772
			339.5473
			172.6056
			-354.3406
			-577.7383
	==================================================================================
	Q6:
		Shape: Ellipse
		q_c:	514.5	54.5	294.0
		ub :	520.3298	61.1074	299.4337
		lb :	508.6702	47.8926	288.5663
		P^-1:
			0.0591	-0.0057	-0.0008
			-0.0057	0.0527	0.0005
			-0.0008	0.0005	0.0494


===========================================================================================
===========================================================================================
S2:
	q_c:	310.0	370.0	344.5
	ub :	318.512	377.5207	350.6297
	lb :	303.6846	363.2036	337.3436

	==================================================================================
	Q1:
		Shape: Polyhedra
		q_c:	308.0	370.5	344.0
		ub :	312.1497	374.6745	346.8135
		lb :	303.8503	366.3255	341.1865
		A:
			-0.6776	0.2332	-0.6975
			0.4168	-0.2652	-0.8694
			0.3335	-0.0936	0.9381
			0.4138	-0.3846	0.8251
			-0.4139	-0.4393	0.7973
			-0.7684	-0.5832	-0.2635
			0.7266	0.6774	0.1148
			0.6435	-0.6125	-0.4591
			-0.2407	0.4075	-0.8809
			-0.7266	-0.6774	-0.1148
			-0.6435	0.6125	0.4591
			0.2407	-0.4075	0.8809
		b:
			-360.3232
			-266.7024
			392.44
			270.3471
			-13.8602
			-540.4255
			517.251
			-184.1613
			-224.7161
			-511.251
			189.1613
			227.7161
	==================================================================================
	Q2:
		Shape: Ellipse
		q_c:	313.5	367.0	346.5
		ub :	315.9491	369.5408	348.5748
		lb :	311.0509	364.4592	344.4252
		P^-1:
			0.613	0.0995	-0.2824
			0.0995	0.2956	-0.0013
			-0.2824	-0.0013	0.7859
	==================================================================================
	Q3:
		Shape: Hybrid
		q_c:	309.0	369.5	340.5
		ub :	312.1642	372.1411	343.6564
		lb :	305.8358	366.8589	337.3436
		P^-1:
			0.2507	-0.0953	0.1122
			-0.0953	0.7363	-0.3612
			0.1122	-0.3612	0.4231
		A:
			0.1814	-0.3201	0.9299
			-0.012	0.9045	-0.4262
			0.9911	-0.0217	-0.131
			-0.8244	0.3889	-0.4113
			0.1434	-0.6541	0.7427
			0.5199	0.719	-0.4612
		b:
			255.509
			185.9617
			255.328
			-249.9194
			56.1362
			270.4288
	==================================================================================
	Q4:
		Shape: Hybrid
		q_c:	307.5	368.5	346.5
		ub :	310.6556	372.6523	350.6297
		lb :	304.3444	364.3477	342.3703
		P^-1:
			0.6716	-0.2101	-0.3856
			-0.2101	0.201	0.0976
			-0.3856	0.0976	0.3691
		A:
			-0.1252	0.8436	-0.5222
			0.7402	0.599	0.3055
			0.8198	0.0677	-0.5687
			0.1331	-0.7903	-0.5981
			-0.3008	0.9166	0.2633
			-0.9192	0.311	0.2414
		b:
			93.3912
			557.044
			80.8003
			-455.3755
			338.3713
			-83.5699
	==================================================================================
	Q5:
		Shape: Hybrid
		q_c:	307.0	366.5	341.0
		ub :	310.3154	369.7964	344.067
		lb :	303.6846	363.2036	337.933
		P^-1:
			0.3171	0.0445	-0.1082
			0.0445	0.1878	0.0111
			-0.1082	0.0111	0.3495
		A:
			-0.7528	-0.4661	0.4648
			-0.2317	0.0475	0.9716
			-0.2164	-0.9598	0.1785
			-0.0259	0.3517	-0.9358
			-0.1016	0.9492	0.2979
			-0.7784	-0.1832	-0.6004
		b:
			-242.5525
			278.4763
			-355.8146
			-196.9173
			419.8142
			-509.5299
	==================================================================================
	Q6:
		Shape: Polyhedra
		q_c:	315.5	374.0	347.5
		ub :	318.512	377.5207	350.1403
		lb :	312.488	370.4793	344.8597
		A:
			0.5179	-0.7798	0.3517
			0.6483	-0.5493	0.5273
			0.8432	-0.4919	0.2167
			0.221	0.9285	-0.2984
			-0.5896	0.7969	0.1313
			0.8853	0.1315	0.446
			0.384	0.8782	0.2851
			0.1091	0.2634	-0.9585
			-0.9169	0.3992	0.0053
			-0.384	-0.8782	-0.2851
			-0.1091	-0.2634	0.9585
			0.9169	-0.3992	-0.0053
		b:
			-3.9506
			184.3522
			159.3548
			315.6302
			159.7896
			485.6677
			551.1713
			-198.1237
			-136.1407
			-546.1713
			202.1237
			140.1407


===========================================================================================
===========================================================================================
S3:
	q_c:	310.5	477.5	338.5
	ub :	324.892	498.4221	355.202
	lb :	295.0611	465.443	325.1042

	==================================================================================
	Q1:
		Shape: Hybrid
		q_c:	319.0	477.0	338.0
		ub :	324.892	482.1335	342.7726
		lb :	313.108	471.8665	333.2274
		P^-1:
			0.0814	0.0709	-0.0478
			0.0709	0.2477	-0.1779
			-0.0478	-0.1779	0.2464
		A:
			0.1138	0.8656	-0.4876
			-0.1143	-0.1894	0.9752
			0.0144	0.7148	0.6992
			-0.1268	0.4952	-0.8595
			-0.9756	0.0717	-0.2076
			0.0949	-0.9414	-0.3238
		b:
			285.4998
			204.5644
			585.0343
			-93.4489
			-343.8785
			-525.1474
	==================================================================================
	Q2:
		Shape: Hybrid
		q_c:	311.0	478.0	330.5
		ub :	318.9238	485.7597	335.7182
		lb :	303.0762	470.2403	325.2818
		P^-1:
			0.03	-0.011	-0.0017
			-0.011	0.0437	-0.0034
			-0.0017	-0.0034	0.0619
		A:
			0.889	-0.3526	0.2921
			-0.1076	-0.366	0.9244
			0.3397	0.6567	-0.6733
			-0.7946	0.3999	-0.4569
			-0.7268	0.2068	-0.6549
			0.1094	-0.9619	-0.2505
		b:
			207.7758
			99.2208
			199.9872
			-203.9655
			-340.5722
			-505.6902
	==================================================================================
	Q3:
		Shape: Polyhedra
		q_c:	301.5	477.5	329.5
		ub :	307.9389	483.3552	332.9879
		lb :	295.0611	471.6448	326.0121
		A:
			-0.7696	0.5547	0.3163
			-0.1294	0.3651	0.9219
			0.1831	0.3103	0.9328
			0.1323	-0.2029	0.9702
			0.1602	0.2686	0.9498
			0.1349	-0.5784	0.8045
			0.1426	0.3755	0.9158
			-0.5261	0.8125	-0.2513
			-0.8384	-0.446	0.3134
			-0.1426	-0.3755	-0.9158
			0.5261	-0.8125	0.2513
			0.8384	0.446	-0.3134
		b:
			141.079
			440.697
			511.7911
			265.2109
			490.6255
			33.1786
			525.0592
			150.5349
			-357.4475
			-523.0592
			-142.5349
			367.4475
	==================================================================================
	Q4:
		Shape: Polyhedra
		q_c:	306.5	473.5	332.5
		ub :	313.5384	481.557	339.8958
		lb :	299.4616	465.443	325.1042
		A:
			0.3087	0.8871	0.3431
			0.9432	0.2284	0.2414
			-0.5687	0.8209	0.0526
			-0.5029	-0.8458	0.1782
			-0.5101	-0.672	-0.5369
			-0.7529	0.117	-0.6477
			0.8468	0.3216	0.4236
			0.4057	-0.9056	-0.1234
			0.344	0.2764	-0.8974
			-0.8468	-0.3216	-0.4236
			-0.4057	0.9056	0.1234
			-0.344	-0.2764	0.8974
		b:
			633.5606
			480.724
			237.8111
			-490.3129
			-649.1306
			-386.7777
			555.6909
			-339.5128
			-56.084
			-549.6909
			351.5128
			68.084
	==================================================================================
	Q5:
		Shape: Polyhedra
		q_c:	317.0	491.0	347.0
		ub :	320.346	498.4221	355.202
		lb :	313.654	483.5779	338.798
		A:
			0.8743	-0.0822	-0.4785
			0.1296	0.2519	-0.959
			0.9022	-0.2268	0.3668
			-0.9985	-0.0126	0.0532
			0.9515	0.247	-0.1834
			0.8316	-0.0565	-0.5524
			0.171	0.6157	0.7692
			-0.1739	0.7873	-0.5915
			-0.9698	-0.0326	0.2417
			-0.171	-0.6157	-0.7692
			0.1739	-0.7873	0.5915
			0.9698	0.0326	-0.2417
		b:
			73.2549
			-163.063
			305.0758
			-302.4043
			361.2681
			47.0205
			630.931
			129.7054
			-238.0515
			-615.931
			-122.7054
			241.0515
	==================================================================================
	Q6:
		Shape: Hybrid
		q_c:	310.0	475.5	330.5
		ub :	313.3317	480.4369	335.0771
		lb :	306.6683	470.5631	325.9229
		P^-1:
			0.2223	-0.0063	-0.0423
			-0.0063	0.0828	0.045
			-0.0423	0.045	0.1673
		A:
			-0.5463	0.4808	-0.6859
			0.1208	-0.8381	-0.5321
			0.8827	-0.4431	-0.1568
			-0.3855	0.6512	0.6537
			-0.9772	0.1805	-0.112
			0.5262	0.603	0.5996
		b:
			-164.9852
			-534.978
			12.5542
			407.6697
			-252.7366
			649.6388


===========================================================================================
===========================================================================================
S4:
	q_c:	11.5	139.0	101.0
	ub :	27.4306	154.7868	116.0359
	lb :	-4.6801	125.3297	85.712

	==================================================================================
	Q1:
		Shape: Ellipse
		q_c:	19.0	133.5	95.5
		ub :	27.4306	139.6293	103.864
		lb :	10.5694	127.3707	87.136
		P^-1:
			0.0393	-0.0157	0.004
			-0.0157	0.0728	-0.0102
			0.004	-0.0102	0.0357
	==================================================================================
	Q2:
		Shape: Polyhedra
		q_c:	12.0	134.5	96.0
		ub :	19.5044	140.9214	103.7406
		lb :	4.4956	128.0786	88.2594
		A:
			0.132	0.2168	0.9673
			-0.4238	0.2823	-0.8607
			-0.8826	0.4417	-0.1609
			-0.109	0.4149	0.9033
			-0.331	-0.9352	-0.1259
			0.4034	0.6667	-0.6267
			0.1836	0.7073	0.6827
			-0.197	0.7069	-0.6794
			-0.9631	-0.0097	0.2691
			-0.1836	-0.7073	-0.6827
			0.197	-0.7069	0.6794
			0.9631	0.0097	-0.2691
		b:
			127.8059
			-44.5938
			39.191
			145.2972
			-137.4817
			39.9963
			166.369
			32.9875
			18.9754
			-159.369
			-21.9875
			-6.9754
	==================================================================================
	Q3:
		Shape: Hybrid
		q_c:	1.5	140.5	91.5
		ub :	6.5839	145.5952	97.288
		lb :	-3.5839	135.4048	85.712
		P^-1:
			0.2919	-0.0115	-0.1912
			-0.0115	0.1025	0.0455
			-0.1912	0.0455	0.1943
		A:
			-0.9148	-0.2893	0.2818
			0.274	-0.9114	-0.3069
			0.0894	0.7207	-0.6875
			-0.8479	-0.2727	0.4546
			0.8057	-0.5229	-0.2781
			-0.7347	-0.2	0.6482
		b:
			-14.8389
			-153.4788
			42.2002
			3.1039
			-95.6284
			31.2441
	==================================================================================
	Q4:
		Shape: Polyhedra
		q_c:	8.0	130.5	101.5
		ub :	11.4588	135.6703	109.628
		lb :	4.5412	125.3297	93.372
		A:
			0.0854	-0.8485	-0.5223
			0.6471	-0.5269	-0.5511
			-0.6943	-0.7194	-0.0199
			0.4583	0.8715	0.1745
			0.1967	-0.905	-0.3772
			-0.375	0.8917	0.2534
			0.4324	0.8723	0.2282
			0.0165	-0.2607	0.9653
			0.9015	-0.4136	-0.1272
			-0.4324	-0.8723	-0.2282
			-0.0165	0.2607	-0.9653
			-0.9015	0.4136	0.1272
		b:
			-159.8606
			-115.8264
			-98.7256
			137.634
			-152.1619
			141.5927
			142.9591
			71.5837
			-57.1744
			-137.9591
			-56.5837
			62.1744
	==================================================================================
	Q5:
		Shape: Ellipse
		q_c:	22.5	138.0	108.5
		ub :	24.7319	142.6836	116.0359
		lb :	20.2681	133.3164	100.9641
		P^-1:
			0.4227	0.0803	-0.0182
			0.0803	0.1278	-0.0233
			-0.0182	-0.0233	0.0255
	==================================================================================
	Q6:
		Shape: Hybrid
		q_c:	1.5	149.0	105.5
		ub :	7.6801	154.7868	110.0532
		lb :	-4.6801	143.2132	100.9468
		P^-1:
			0.078	0.0022	-0.0356
			0.0022	0.0628	-0.005
			-0.0356	-0.005	0.1442
		A:
			-0.4209	-0.8772	0.2309
			0.0983	-0.4932	0.8643
			0.1425	0.8246	-0.5476
			0.7237	-0.6874	-0.0607
			-0.4143	-0.4974	0.7622
			-0.7523	0.1444	0.6428
		b:
			-104.4557
			19.7729
			67.5819
			-105.1078
			7.2988
			89.8641


===========================================================================================
===========================================================================================
S5:
	q_c:	414.0	308.0	252.0
	ub :	434.8657	328.8557	267.5071
	lb :	400.5177	296.4172	231.7373

	==================================================================================
	Q1:
		Shape: Hybrid
		q_c:	420.5	317.0	243.0
		ub :	430.2335	328.8557	254.2627
		lb :	410.7665	305.1443	231.7373
		P^-1:
			0.0344	-0.0098	0.002
			-0.0098	0.0224	0.0001
			0.002	0.0001	0.0166
		A:
			-0.6668	-0.0037	-0.7453
			0.9915	-0.1182	-0.0536
			-0.1602	0.4091	-0.8983
			-0.4314	-0.0222	-0.9019
			0.9848	0.1623	0.0622
			0.9638	-0.0747	0.2559
		b:
			-458.4542
			369.4888
			-150.9571
			-402.8311
			484.3375
			446.8619
	==================================================================================
	Q2:
		Shape: Polyhedra
		q_c:	408.0	305.0	252.0
		ub :	415.4823	313.5828	260.5384
		lb :	400.5177	296.4172	243.4616
		A:
			-0.1329	0.8336	0.5361
			0.8314	-0.3275	0.4488
			-0.7107	0.6668	-0.2243
			-0.256	0.8128	-0.5233
			-0.8743	0.2701	0.4032
			-0.5662	-0.8099	-0.1531
			0.4174	0.5333	0.7358
			0.801	-0.5983	-0.0208
			0.4292	0.5981	-0.6769
			-0.4174	-0.5333	-0.7358
			-0.801	0.5983	0.0208
			-0.4292	-0.5981	0.6769
		b:
			340.186
			356.4723
			-139.7938
			16.4055
			-168.7983
			-510.6358
			524.3647
			142.0992
			192.929
			-512.3647
			-136.0992
			-180.929
	==================================================================================
	Q3:
		Shape: Hybrid
		q_c:	422.5	316.0	251.5
		ub :	434.1221	326.7119	262.9576
		lb :	410.8779	305.2881	240.0424
		P^-1:
			0.0229	0.0005	-0.005
			0.0005	0.0178	-0.0005
			-0.005	-0.0005	0.0227
		A:
			-0.3666	0.6674	0.6483
			0.6195	-0.135	0.7733
			0.6937	0.0208	-0.7199
			0.3416	-0.5199	-0.783
			-0.7439	-0.4938	0.4503
			0.0119	0.996	-0.0881
		b:
			222.9208
			418.0307
			121.6104
			-213.2031
			-353.7372
			302.0713
	==================================================================================
	Q4:
		Shape: Hybrid
		q_c:	426.5	306.5	260.0
		ub :	434.8657	314.6398	267.5071
		lb :	418.1343	298.3602	252.4929
		P^-1:
			0.0404	-0.0017	-0.005
			-0.0017	0.036	-0.0039
			-0.005	-0.0039	0.046
		A:
			0.2175	-0.2204	-0.9509
			-0.8237	-0.2689	-0.4993
			0.734	-0.3206	-0.5987
			-0.2992	0.9489	0.1001
			0.801	-0.3888	-0.4552
			0.9046	0.422	-0.0608
		b:
			-219.5325
			-560.448
			61.5937
			192.22
			106.6503
			502.2084
	==================================================================================
	Q5:
		Shape: Ellipse
		q_c:	408.5	305.5	257.5
		ub :	413.3342	310.2407	262.0898
		lb :	403.6658	300.7593	252.9102
		P^-1:
			0.1244	-0.0335	-0.0199
			-0.0335	0.1284	-0.0188
			-0.0199	-0.0188	0.1488
	==================================================================================
	Q6:
		Shape: Hybrid
		q_c:	420.5	304.5	247.0
		ub :	423.7205	311.8838	252.9687
		lb :	417.2795	297.1162	241.0313
		P^-1:
			0.8633	-0.0047	-0.3292
			-0.0047	0.0353	-0.0232
			-0.3292	-0.0232	0.2067
		A:
			-0.9188	0.0731	0.3879
			0.84	0.0363	-0.5414
			0.9486	0.1018	-0.2996
			0.7129	0.1813	-0.6774
			-0.9385	0.2812	0.2003
			-0.5979	-0.0884	0.7967
		b:
			-267.6545
			231.2465
			356.6988
			188.8363
			-258.2568
			-79.8613


===========================================================================================
===========================================================================================
S6:
	q_c:	456.0	207.0	173.0
	ub :	481.1612	230.7522	196.3092
	lb :	426.5435	187.2954	157.2515

	==================================================================================
	Q1:
		Shape: Hybrid
		q_c:	438.5	217.0	170.5
		ub :	450.4565	230.7522	183.7485
		lb :	426.5435	203.2478	157.2515
		P^-1:
			0.0194	0.0075	-0.0085
			0.0075	0.0175	-0.0048
			-0.0085	-0.0048	0.02
		A:
			0.7285	0.1129	-0.6757
			-0.0928	-0.4924	0.8654
			0.1847	0.7447	-0.6414
			-0.6073	-0.7788	-0.1569
			-0.9123	0.0367	-0.4078
			0.037	0.0035	0.9993
		b:
			232.1553
			4.4847
			137.3558
			-457.4769
			-454.9123
			192.6275
	==================================================================================
	Q2:
		Shape: Ellipse
		q_c:	469.5	198.0	185.0
		ub :	478.0782	208.7046	196.3092
		lb :	460.9218	187.2954	173.6908
		P^-1:
			0.0232	0.0009	0.0017
			0.0009	0.0157	0.0002
			0.0017	0.0002	0.016
	==================================================================================
	Q3:
		Shape: Polyhedra
		q_c:	471.0	200.5	184.5
		ub :	481.1612	211.1156	194.6017
		lb :	460.8388	189.8844	174.3983
		A:
			0.6586	0.5211	-0.5429
			-0.5796	0.2607	0.7721
			-0.8141	-0.1112	-0.57
			-0.0981	0.366	0.9254
			-0.0169	0.1948	-0.9807
			-0.6504	0.1276	-0.7488
			0.7721	0.206	0.6012
			-0.4609	0.8328	0.3065
			-0.4376	-0.5137	0.738
			-0.7721	-0.206	-0.6012
			0.4609	-0.8328	-0.3065
			0.4376	0.5137	-0.738
		b:
			320.8816
			-71.2096
			-505.8527
			204.4341
			-143.7507
			-413.6054
			520.8784
			13.966
			-166.4427
			-510.8784
			1.034
			179.4427
	==================================================================================
	Q4:
		Shape: Polyhedra
		q_c:	465.5	206.5	177.0
		ub :	476.977	215.7199	188.455
		lb :	454.023	197.2801	165.545
		A:
			-0.2238	0.4647	-0.8568
			-0.0333	0.7084	0.705
			-0.6705	0.4495	-0.5902
			-0.0872	0.9942	0.063
			0.1481	0.9875	0.0545
			-0.998	-0.0597	-0.0215
			0.5873	0.7671	0.2581
			0.5532	-0.1476	-0.8199
			-0.5908	0.6243	-0.511
			-0.5873	-0.7671	-0.2581
			-0.5532	0.1476	0.8199
			0.5908	-0.6243	0.511
		b:
			-153.1135
			262.7116
			-317.7554
			181.7715
			288.1634
			-474.09
			482.997
			90.3899
			-230.5421
			-471.997
			-73.3899
			242.5421
	==================================================================================
	Q5:
		Shape: Polyhedra
		q_c:	468.0	213.5	173.5
		ub :	476.5859	222.4697	183.6005
		lb :	459.4141	204.5303	163.3995
		A:
			-0.2831	-0.8542	-0.4362
			-0.4015	-0.2374	-0.8845
			0.4523	0.093	0.887
			-0.4602	-0.42	0.7822
			-0.556	-0.0604	-0.829
			0.8672	0.3864	0.3141
			0.6882	0.5276	0.498
			0.698	-0.2943	-0.6529
			-0.1979	0.7969	-0.5708
			-0.6882	-0.5276	-0.498
			-0.698	0.2943	0.6529
			0.1979	-0.7969	0.5708
		b:
			-386.1515
			-387.5324
			390.134
			-162.3507
			-412.4844
			546.4397
			524.1341
			158.047
			-15.0247
			-518.1341
			-143.047
			28.0247
	==================================================================================
	Q6:
		Shape: Hybrid
		q_c:	452.0	199.0	168.0
		ub :	460.691	206.7495	175.2127
		lb :	443.309	191.2505	160.7873
		P^-1:
			0.0311	-0.0054	0.0003
			-0.0054	0.0367	-0.0004
			0.0003	-0.0004	0.0278
		A:
			-0.2222	0.8191	0.5289
			-0.7475	0.4013	-0.5293
			-0.8098	-0.0525	0.5843
			-0.2023	-0.9559	0.2129
			-0.5425	-0.7305	0.4149
			-0.1838	0.1329	-0.9739
		b:
			154.2951
			-343.9802
			-274.9366
			-242.8737
			-317.487
			-216.8221


===========================================================================================
===========================================================================================
S7:
	q_c:	72.5	161.5	451.5
	ub :	76.0437	164.492	454.753
	lb :	71.1251	159.6157	448.5204

	==================================================================================
	Q1:
		Shape: Ellipse
		q_c:	73.5	161.5	452.5
		ub :	75.1455	162.9515	453.9128
		lb :	71.8545	160.0485	451.0872
		P^-1:
			1.0	0.0	-0.0
			0.0	1.0	-0.0
			-0.0	-0.0	1.0
	==================================================================================
	Q2:
		Shape: Ellipse
		q_c:	73.0	161.5	453.5
		ub :	74.4507	162.8287	454.753
		lb :	71.5493	160.1713	452.247
		P^-1:
			1.8344	1.0092	0.888
			1.0092	2.2206	1.074
			0.888	1.074	1.945
	==================================================================================
	Q3:
		Shape: Ellipse
		q_c:	73.5	163.5	453.0
		ub :	74.9843	164.492	454.4725
		lb :	72.0157	162.508	451.5275
		P^-1:
			1.1726	-0.6522	0.2503
			-0.6522	3.4645	-0.9457
			0.2503	-0.9457	1.3629
	==================================================================================
	Q4:
		Shape: Hybrid
		q_c:	73.5	161.5	453.0
		ub :	74.6461	162.6324	454.1467
		lb :	72.3539	160.3676	451.8533
		P^-1:
			1.0127	0.1517	-0.1221
			0.1517	2.8129	-1.4591
			-0.1221	-1.4591	2.1744
		A:
			-0.7213	-0.6873	0.0851
			-0.0076	-0.5191	0.8547
			-0.3232	-0.5664	0.7581
			0.1295	-0.0984	0.9867
			-0.248	-0.8759	0.414
			-0.5618	-0.8273	-0.0065
		b:
			-124.8887
			303.1078
			228.5288
			441.1589
			28.1717
			-177.2612
	==================================================================================
	Q5:
		Shape: Polyhedra
		q_c:	74.5	161.5	452.5
		ub :	76.0437	163.1965	454.1421
		lb :	72.9563	159.8035	450.8579
		A:
			0.7679	0.2457	0.5916
			0.5837	-0.5506	-0.5968
			-0.0515	0.8393	0.5412
			-0.413	-0.2059	0.8871
			-0.8063	-0.3947	0.4405
			-0.991	-0.1233	0.0517
			0.5982	0.704	0.3827
			0.7851	-0.4194	-0.4557
			-0.1603	0.5731	-0.8037
			-0.5982	-0.704	-0.3827
			-0.7851	0.4194	0.4557
			0.1603	-0.5731	0.8037
		b:
			365.594
			-314.4722
			377.6233
			338.4043
			76.5119
			-69.3674
			332.4396
			-214.4532
			-282.0485
			-330.4396
			216.4532
			284.0485
	==================================================================================
	Q6:
		Shape: Polyhedra
		q_c:	73.0	161.5	450.5
		ub :	74.8749	163.3843	452.4796
		lb :	71.1251	159.6157	448.5204
		A:
			0.3127	0.9498	0.0045
			0.9813	-0.1739	-0.0823
			-0.2956	0.0213	0.9551
			0.9536	-0.2407	0.1807
			-0.073	-0.774	0.6289
			-0.9412	-0.2468	-0.2309
			0.3892	0.4934	0.7778
			-0.5586	0.7979	-0.2266
			-0.7324	-0.3463	0.5862
			-0.3892	-0.4934	-0.7778
			0.5586	-0.7979	0.2266
			0.7324	0.3463	-0.5862
		b:
			179.4315
			7.512
			413.3673
			113.2471
			154.0031
			-211.3386
			460.0191
			-13.0114
			155.6785
			-457.0191
			15.0114
			-153.6785


===========================================================================================
===========================================================================================
S8:
	q_c:	435.0	517.5	420.0
	ub :	451.0305	538.4153	435.8705
	lb :	414.45	503.2421	404.9837

	==================================================================================
	Q1:
		Shape: Polyhedra
		q_c:	445.0	515.5	414.0
		ub :	451.0305	521.7842	419.8721
		lb :	438.9695	509.2158	408.1279
		A:
			-0.2846	0.8304	0.479
			-0.4302	0.0544	0.9011
			0.2348	-0.2761	0.932
			-0.1441	0.985	-0.0949
			-0.244	-0.9698	0.0007
			0.8468	-0.1398	-0.5132
			0.3792	0.5599	0.7367
			-0.6003	0.7548	-0.2646
			-0.7042	-0.3419	0.6223
			-0.3792	-0.5599	-0.7367
			0.6003	-0.7548	0.2646
			0.7042	0.3419	-0.6223
		b:
			503.7028
			213.004
			351.763
			408.2657
			-604.4232
			95.6166
			766.3565
			16.4116
			-228.9909
			-758.3565
			-8.4116
			234.9909
	==================================================================================
	Q2:
		Shape: Polyhedra
		q_c:	434.5	523.5	417.0
		ub :	441.2016	531.6417	423.946
		lb :	427.7984	515.3583	410.054
		A:
			-0.544	0.2301	-0.8069
			0.6231	0.7815	-0.0312
			0.8191	0.5548	0.1462
			0.6546	0.5728	0.4934
			0.6984	-0.5329	-0.4777
			-0.2516	-0.7252	-0.6409
			0.9823	0.0868	0.1658
			0.0586	-0.9841	0.1679
			0.1777	-0.1552	-0.9718
			-0.9823	-0.0868	-0.1658
			-0.0586	0.9841	-0.1679
			-0.1777	0.1552	0.9718
		b:
			-446.8053
			673.2164
			713.1342
			795.7495
			-169.0118
			-750.3798
			546.8891
			-412.6914
			-404.2536
			-535.8891
			426.6914
			414.2536
	==================================================================================
	Q3:
		Shape: Polyhedra
		q_c:	443.5	531.5	428.5
		ub :	448.5381	538.4153	433.8269
		lb :	438.4619	524.5847	423.1731
		A:
			-0.1927	0.7973	0.5721
			0.5621	0.7031	0.4355
			-0.7118	0.1513	0.6859
			0.6605	0.3827	0.6459
			0.1166	0.5092	0.8527
			0.0149	-0.7945	-0.607
			0.0082	0.4744	0.8803
			-1.0	0.0015	0.0085
			0.0027	-0.8803	0.4744
			-0.0082	-0.4744	-0.8803
			1.0	-0.0015	-0.0085
			-0.0027	0.8803	-0.4744
		b:
			587.121
			813.8737
			62.7849
			776.9258
			690.3165
			-672.2683
			635.4751
			-434.0677
			-256.8605
			-630.4751
			444.0677
			269.8605
	==================================================================================
	Q4:
		Shape: Hybrid
		q_c:	443.5	528.0	429.0
		ub :	450.9168	538.4103	435.8705
		lb :	436.0832	517.5897	422.1295
		P^-1:
			0.1336	0.0693	-0.0586
			0.0693	0.06	-0.0697
			-0.0586	-0.0697	0.147
		A:
			0.6236	0.5476	-0.5579
			0.2825	0.2169	-0.9344
			0.4713	0.1696	0.8655
			0.9544	0.0075	-0.2985
			-0.5227	-0.3989	0.7535
			-0.6857	-0.1833	0.7045
		b:
			327.6454
			-159.0178
			673.0785
			303.1247
			-118.0418
			-96.082
	==================================================================================
	Q5:
		Shape: Ellipse
		q_c:	422.5	512.0	415.5
		ub :	427.5772	520.7579	426.0163
		lb :	417.4228	503.2421	404.9837
		P^-1:
			0.0493	-0.0006	-0.001
			-0.0006	0.0409	-0.0159
			-0.001	-0.0159	0.0196
	==================================================================================
	Q6:
		Shape: Hybrid
		q_c:	419.5	528.5	428.0
		ub :	424.55	532.5197	433.8954
		lb :	414.45	524.4803	422.1046
		P^-1:
			0.0994	0.0189	-0.0451
			0.0189	0.7592	-0.4128
			-0.0451	-0.4128	0.2856
		A:
			0.1281	-0.9558	0.2647
			0.0784	-0.8527	0.5165
			-0.5407	0.458	0.7056
			0.3088	0.9268	-0.2137
			-0.8629	0.5001	-0.0728
			-0.1403	0.8115	-0.5672
		b:
			-337.1194
			-196.098
			320.6143
			529.6709
			-126.4645
			128.0927


===========================================================================================
===========================================================================================
S9:
	q_c:	432.0	291.5	258.5
	ub :	454.1357	311.3313	275.0175
	lb :	411.977	277.3911	231.9628

	==================================================================================
	Q1:
		Shape: Ellipse
		q_c:	419.5	299.5	239.0
		ub :	427.023	307.1495	246.0372
		lb :	411.977	291.8505	231.9628
		P^-1:
			0.0486	0.001	-0.0024
			0.001	0.0481	0.0031
			-0.0024	0.0031	0.0421
	==================================================================================
	Q2:
		Shape: Polyhedra
		q_c:	423.5	301.5	267.0
		ub :	431.1322	309.3377	275.0175
		lb :	415.8678	293.6623	258.9825
		A:
			0.4342	0.8514	0.2941
			0.3586	-0.2094	0.9097
			-0.937	0.2087	0.28
			-0.0808	0.8516	0.518
			-0.1543	-0.779	-0.6078
			0.0779	0.8589	-0.5062
			0.8668	0.4534	0.2075
			-0.1628	-0.1361	0.9772
			0.4713	-0.8809	-0.0442
			-0.8668	-0.4534	-0.2075
			0.1628	0.1361	-0.9772
			-0.4713	0.8809	0.0442
		b:
			523.9964
			338.1443
			-253.7597
			366.4529
			-456.9707
			162.8259
			563.7018
			157.9581
			-72.2719
			-554.7018
			-143.9581
			83.2719
	==================================================================================
	Q3:
		Shape: Polyhedra
		q_c:	444.5	303.5	263.0
		ub :	453.0331	311.3313	266.9431
		lb :	435.9669	295.6687	259.0569
		A:
			-0.8087	0.5679	-0.1532
			-0.5739	0.7788	-0.2533
			0.3413	-0.0235	-0.9396
			-0.3395	0.4517	-0.8251
			-0.4854	0.8728	0.0513
			-0.8481	0.1962	-0.4922
			0.7808	0.6236	0.0391
			0.6248	-0.7798	-0.0387
			0.0063	0.0547	-0.9985
			-0.7808	-0.6236	-0.0391
			-0.6248	0.7798	0.0387
			-0.0063	-0.0547	0.9985
		b:
			-223.623
			-82.2807
			-98.6966
			-227.4202
			65.9336
			-441.4174
			555.0948
			33.8537
			-239.6948
			-538.0948
			-27.8537
			246.6948
	==================================================================================
	Q4:
		Shape: Hybrid
		q_c:	443.5	288.0	254.5
		ub :	454.1357	298.6089	261.9074
		lb :	432.8643	277.3911	247.0926
		P^-1:
			0.0251	-0.0096	0.0109
			-0.0096	0.0305	-0.0152
			0.0109	-0.0152	0.0484
		A:
			0.0093	0.1984	-0.9801
			-0.0139	-0.2626	0.9648
			0.9913	-0.1313	0.0064
			0.8337	-0.2035	0.5134
			-0.5001	-0.2057	-0.8412
			0.1666	0.0219	0.9858
		b:
			-185.4339
			166.4055
			408.1212
			445.1756
			-491.4777
			334.0326
	==================================================================================
	Q5:
		Shape: Hybrid
		q_c:	441.5	297.5	245.0
		ub :	452.3378	307.4409	252.7024
		lb :	430.6622	287.5591	237.2976
		P^-1:
			0.0406	0.0149	0.0561
			0.0149	0.022	0.03
			0.0561	0.03	0.1236
		A:
			-0.2674	-0.3825	-0.8844
			-0.3852	0.7975	0.4643
			-0.6288	-0.729	-0.2703
			0.6149	0.6402	0.4606
			-0.3503	-0.4255	-0.8344
			0.7094	0.7046	-0.0141
		b:
			-446.6552
			187.586
			-555.3695
			578.9183
			-483.8898
			526.0394
	==================================================================================
	Q6:
		Shape: Hybrid
		q_c:	431.0	292.5	259.5
		ub :	437.6798	303.1421	269.9092
		lb :	424.3202	281.8579	249.0908
		P^-1:
			0.0562	0.012	0.0105
			0.012	0.0246	-0.0029
			0.0105	-0.0029	0.0251
		A:
			0.1236	-0.977	-0.1738
			-0.4846	-0.3975	0.7792
			0.1451	-0.2859	-0.9472
			0.7022	0.0527	0.71
			-0.6536	-0.4841	0.5818
			0.8617	0.5049	0.0501
		b:
			-272.2072
			-118.8041
			-261.4759
			505.1433
			-268.7617
			534.3341


===========================================================================================
===========================================================================================
S10:
	q_c:	28.5	292.0	260.0
	ub :	51.8592	309.182	276.1683
	lb :	8.8799	272.1736	244.4721

	==================================================================================
	Q1:
		Shape: Hybrid
		q_c:	16.5	280.5	260.0
		ub :	24.1201	288.4334	265.2709
		lb :	8.8799	272.5666	254.7291
		P^-1:
			0.042	0.019	0.0041
			0.019	0.0449	-0.0038
			0.0041	-0.0038	0.0617
		A:
			-0.5477	-0.3343	0.767
			0.7273	0.0412	0.6851
			0.3721	0.3338	0.8661
			0.5503	0.7367	0.3929
			0.3687	0.5978	0.7118
			0.8749	0.2427	-0.4191
		b:
			98.8756
			204.1661
			326.9728
			319.9683
			361.0304
			-23.5922
	==================================================================================
	Q2:
		Shape: Ellipse
		q_c:	33.0	295.0	259.5
		ub :	40.76	302.8088	268.4267
		lb :	25.24	287.1912	250.5733
		P^-1:
			0.0332	-0.0008	0.0006
			-0.0008	0.0375	-0.0032
			0.0006	-0.0032	0.0354
	==================================================================================
	Q3:
		Shape: Polyhedra
		q_c:	30.5	282.0	252.0
		ub :	39.7886	291.8264	259.5279
		lb :	21.2114	272.1736	244.4721
		A:
			0.34	-0.0207	0.9402
			-0.551	-0.2146	-0.8065
			0.1346	-0.8509	0.5079
			-0.9309	0.0408	-0.363
			0.6804	0.7239	-0.1145
			0.6394	0.2035	0.7415
			0.5992	0.0467	0.7993
			-0.5157	-0.7412	0.4298
			0.6124	-0.6697	-0.42
			-0.5992	-0.0467	-0.7993
			0.5157	0.7412	-0.4298
			-0.6124	0.6697	0.42
		b:
			244.209
			-278.1308
			-102.2293
			-103.7905
			200.7632
			265.9352
			234.8459
			-111.4159
			-267.0225
			-230.8459
			121.4159
			285.0225
	==================================================================================
	Q4:
		Shape: Hybrid
		q_c:	43.5	301.0	263.5
		ub :	51.8592	309.182	270.1373
		lb :	35.1408	292.818	256.8627
		P^-1:
			0.0707	0.0414	-0.0038
			0.0414	0.0568	0.0228
			-0.0038	0.0228	0.0808
		A:
			-0.3394	-0.1082	-0.9344
			0.1794	-0.6265	-0.7585
			0.4919	0.87	-0.034
			-0.2657	-0.9583	0.1053
			0.0531	-0.421	-0.9055
			0.9291	0.3043	-0.2101
		b:
			-290.6857
			-377.9637
			276.9439
			-268.3695
			-361.1538
			78.9088
	==================================================================================
	Q5:
		Shape: Polyhedra
		q_c:	31.0	300.5	267.0
		ub :	41.4621	306.4823	274.0702
		lb :	20.5379	294.5177	259.9298
		A:
			-0.3057	0.914	0.2668
			-0.7095	0.6649	-0.2337
			0.1151	-0.3776	0.9188
			-0.0209	-0.132	-0.991
			0.2791	0.3465	0.8956
			0.0093	-0.9729	-0.231
			0.0945	0.7094	0.6984
			0.9465	0.1534	-0.2838
			-0.3085	0.6879	-0.657
			-0.0945	-0.7094	-0.6984
			-0.9465	-0.1534	0.2838
			0.3085	-0.6879	0.657
		b:
			340.0702
			121.2488
			139.6209
			-301.155
			354.8081
			-350.6808
			405.0887
			9.1576
			25.7372
			-400.0887
			9.8424
			-17.7372
	==================================================================================
	Q6:
		Shape: Hybrid
		q_c:	30.0	286.5	270.0
		ub :	35.9668	291.4498	276.1683
		lb :	24.0332	281.5502	263.8317
		P^-1:
			0.2135	0.1939	0.044
			0.1939	0.2594	0.0543
			0.044	0.0543	0.0609
		A:
			-0.7578	-0.5999	-0.2566
			0.7749	0.6265	-0.0838
			-0.7566	-0.6529	-0.0358
			-0.939	-0.3268	-0.1071
			0.233	0.8585	0.4568
			-0.3348	-0.9248	-0.1807
		b:
			-262.8902
			181.358
			-218.4388
			-148.7321
			378.1929
			-322.2558


===========================================================================================
===========================================================================================
S11:
	q_c:	440.5	297.5	176.5
	ub :	479.035	333.4327	211.9278
	lb :	416.9969	264.1371	150.1427

	==================================================================================
	Q1:
		Shape: Polyhedra
		q_c:	432.5	277.0	196.5
		ub :	444.6774	287.2484	209.5232
		lb :	420.3226	266.7516	183.4768
		A:
			-0.9145	0.2187	0.3403
			-0.4581	-0.6312	0.6259
			-0.346	-0.6629	-0.664
			0.7549	-0.1019	-0.6479
			-0.2878	0.8223	-0.4909
			0.2331	-0.8977	0.3738
			0.267	0.067	0.9614
			-0.6636	-0.7107	0.2338
			0.6989	-0.7003	-0.1453
			-0.267	-0.067	-0.9614
			0.6636	0.7107	-0.2338
			-0.6989	0.7003	0.1453
		b:
			-260.6795
			-243.0503
			-454.3323
			178.8974
			15.138
			-66.6276
			333.942
			-432.3942
			87.7158
			-311.942
			443.3942
			-71.7158
	==================================================================================
	Q2:
		Shape: Ellipse
		q_c:	449.0	274.5	195.0
		ub :	463.2906	284.8629	201.7373
		lb :	434.7094	264.1371	188.2627
		P^-1:
			0.0068	0.0025	-0.0114
			0.0025	0.0167	-0.0228
			-0.0114	-0.0228	0.1042
	==================================================================================
	Q3:
		Shape: Polyhedra
		q_c:	441.0	301.0	198.5
		ub :	458.4857	318.0416	209.5571
		lb :	423.5143	283.9584	187.4429
		A:
			0.5318	0.1945	0.8242
			0.093	-0.4829	0.8707
			0.6985	0.6246	-0.3492
			-0.4674	-0.8836	-0.026
			0.8886	0.3788	0.2587
			0.6735	0.14	0.7258
			0.5054	0.5848	0.6345
			-0.379	-0.5102	0.7721
			0.7752	-0.6307	-0.0363
			-0.5054	-0.5848	-0.6345
			0.379	0.5102	-0.7721
			-0.7752	0.6307	0.0363
		b:
			464.7706
			76.9984
			434.4516
			-469.4295
			566.3737
			492.152
			532.3509
			-159.9409
			158.8425
			-517.3509
			174.9409
			-130.8425
	==================================================================================
	Q4:
		Shape: Ellipse
		q_c:	433.5	317.0	162.5
		ub :	450.0031	333.4327	174.8573
		lb :	416.9969	300.5673	150.1427
		P^-1:
			0.0081	-0.0036	-0.0005
			-0.0036	0.0121	-0.0012
			-0.0005	-0.0012	0.0151
	==================================================================================
	Q5:
		Shape: Ellipse
		q_c:	461.5	291.5	176.0
		ub :	479.035	306.1656	192.5621
		lb :	443.965	276.8344	159.4379
		P^-1:
			0.0103	0.0005	0.0024
			0.0005	0.0104	0.001
			0.0024	0.001	0.008
	==================================================================================
	Q6:
		Shape: Hybrid
		q_c:	440.0	303.5	197.0
		ub :	457.0546	320.6232	211.9278
		lb :	422.9454	286.3768	182.0722
		P^-1:
			0.0098	0.0007	0.0005
			0.0007	0.0098	0.0003
			0.0005	0.0003	0.0106
		A:
			-0.8361	-0.5464	0.0499
			0.247	-0.9175	-0.3116
			-0.5012	0.1918	0.8438
			-0.3874	0.502	-0.7733
			0.3427	0.6686	0.6599
			-0.3563	0.066	-0.932
		b:
			-518.756
			-225.6694
			9.2687
			-165.1891
			488.5732
			-315.4233


===========================================================================================
===========================================================================================
