3D_35_6_6_a                l = 3

===========================================================================================
===========================================================================================
S1:
	q_c:	277.0	41.0	386.5
	ub :	289.3451	52.99	397.9914
	lb :	266.9493	34.8859	384.6543

	==================================================================================
	Q1:
		Shape: Ellipse
		q_c:	273.0	38.5	390.0
		ub :	277.7015	42.1141	394.6657
		lb :	268.2985	34.8859	385.3343
		P^-1:
			0.1217	0.0117	0.0524
			0.0117	0.2122	0.0462
			0.0524	0.0462	0.1578
	==================================================================================
	Q2:
		Shape: Ellipse
		q_c:	274.0	48.0	392.0
		ub :	277.4887	52.99	396.3847
		lb :	270.5113	43.01	387.6153
		P^-1:
			0.6622	0.0365	0.4419
			0.0365	0.0674	0.0353
			0.4419	0.0353	0.4145
	==================================================================================
	Q3:
		Shape: Polyhedra
		q_c:	283.5	44.5	393.5
		ub :	289.3451	49.6925	397.9914
		lb :	277.6549	39.3075	389.0086
		A:
			0.2584	-0.4856	0.8351
			0.0853	0.9002	-0.427
			-0.1098	-0.8995	-0.4229
			0.4881	0.8688	0.0833
			0.5393	-0.6915	0.4807
			-0.0253	-0.8015	0.5974
			0.2496	0.1063	0.9625
			-0.4274	0.904	0.011
			-0.8689	-0.4141	0.271
			-0.2496	-0.1063	-0.9625
			0.4274	-0.904	-0.011
			0.8689	0.4141	-0.271
		b:
			383.7912
			-100.1112
			-233.9931
			213.6273
			314.7725
			195.9079
			457.7289
			-73.1202
			-154.1146
			-450.7289
			80.1202
			162.1146
	==================================================================================
	Q4:
		Shape: Polyhedra
		q_c:	271.5	42.0	392.0
		ub :	276.0507	46.4949	396.2662
		lb :	266.9493	37.5051	387.7338
		A:
			0.9576	0.2329	-0.1697
			0.8013	-0.5787	-0.1519
			0.7878	-0.5944	-0.1616
			0.8344	0.2344	-0.4989
			-0.9864	-0.1606	-0.0349
			-0.968	-0.1995	-0.1521
			0.3733	0.6655	0.6463
			0.6793	-0.6705	0.2981
			0.6318	0.3278	-0.7024
			-0.3733	-0.6655	-0.6463
			-0.6793	0.6705	-0.2981
			-0.6318	-0.3278	0.7024
		b:
			205.8544
			136.583
			128.4637
			43.3581
			-285.5408
			-328.1621
			385.1615
			276.1318
			-87.5528
			-380.1615
			-270.1318
			92.5528
	==================================================================================
	Q5:
		Shape: Ellipse
		q_c:	278.5	40.0	389.0
		ub :	282.331	42.6521	392.859
		lb :	274.669	37.3479	385.141
		P^-1:
			0.2881	0.0298	0.1702
			0.0298	0.2636	0.0457
			0.1702	0.0457	0.2245
	==================================================================================
	Q6:
		Shape: Hybrid
		q_c:	271.5	44.0	388.0
		ub :	274.4224	47.3977	391.3457
		lb :	268.5776	40.6023	384.6543
		P^-1:
			0.1597	0.0237	-0.012
			0.0237	0.5082	-0.4571
			-0.012	-0.4571	0.5737
		A:
			-0.4803	0.7494	-0.4558
			0.3802	0.4439	-0.8114
			-0.0512	0.4469	-0.8931
			-0.3736	0.7428	-0.5556
			-0.5606	-0.2167	0.7992
			-0.4792	0.3292	-0.8136
		b:
			-272.997
			-191.0444
			-339.8759
			-283.3325
			149.9702
			-430.0036


===========================================================================================
===========================================================================================
S2:
	q_c:	460.5	50.5	266.5
	ub :	479.968	76.4999	287.7634
	lb :	431.095	29.4368	248.0336

	==================================================================================
	Q1:
		Shape: Polyhedra
		q_c:	467.0	37.5	275.5
		ub :	475.3156	45.5632	283.1442
		lb :	458.6844	29.4368	267.8558
		A:
			-0.5134	0.344	-0.7862
			-0.6747	-0.6447	0.3593
			0.1589	-0.9093	-0.3845
			-0.7263	0.6408	-0.2486
			-0.573	0.6385	0.5138
			0.7797	-0.5692	0.261
			0.0218	0.2026	0.979
			0.2992	0.933	-0.1998
			-0.9539	0.2973	-0.0402
			-0.0218	-0.2026	-0.979
			-0.2992	-0.933	0.1998
			0.9539	-0.2973	0.0402
		b:
			-436.8937
			-234.7515
			-59.9502
			-376.9986
			-95.4341
			421.4523
			294.0178
			124.6764
			-438.4285
			-281.0178
			-114.6764
			452.4285
	==================================================================================
	Q2:
		Shape: Polyhedra
		q_c:	472.5	40.5	267.0
		ub :	479.968	47.1647	274.9511
		lb :	465.032	33.8353	259.0489
		A:
			-0.7242	-0.2702	-0.6345
			0.3711	0.7469	-0.5517
			-0.4121	-0.1143	-0.904
			0.0819	-0.9276	0.3646
			-0.0026	0.5454	0.8382
			-0.2783	-0.9605	-0.0001
			0.0918	0.4341	0.8962
			-0.1237	0.898	-0.4223
			-0.9881	-0.0721	0.1361
			-0.0918	-0.4341	-0.8962
			0.1237	-0.898	0.4223
			0.9881	0.0721	-0.1361
		b:
			-516.3353
			63.0777
			-434.8226
			102.4813
			250.6371
			-165.6002
			306.2471
			-130.8073
			-426.933
			-294.2471
			138.8073
			439.933
	==================================================================================
	Q3:
		Shape: Hybrid
		q_c:	453.5	61.5	260.0
		ub :	464.4384	72.9891	270.1729
		lb :	442.5616	50.0109	249.8271
		P^-1:
			0.0273	0.0127	0.0044
			0.0127	0.0269	-0.0018
			0.0044	-0.0018	0.0219
		A:
			-0.6332	-0.1055	0.7668
			0.1512	0.6173	-0.7721
			0.1655	-0.4935	-0.8539
			-0.1997	-0.8154	0.5434
			0.3567	0.1492	-0.9222
			0.7811	0.6234	0.0359
		b:
			-89.2598
			-90.4727
			-171.8212
			4.0547
			-64.1254
			404.4584
	==================================================================================
	Q4:
		Shape: Polyhedra
		q_c:	459.5	44.0	278.0
		ub :	468.4566	54.2709	287.7634
		lb :	450.5434	33.7291	268.2366
		A:
			0.8651	0.1812	-0.4677
			0.7931	0.5829	-0.1769
			-0.7947	0.1851	0.5781
			-0.8548	-0.5144	0.0691
			-0.8255	-0.5524	0.1157
			-0.9766	-0.2068	-0.0593
			0.623	0.533	0.5725
			-0.3062	0.8397	-0.4485
			-0.7198	0.1041	0.6863
			-0.623	-0.533	-0.5725
			0.3062	-0.8397	0.4485
			0.7198	-0.1041	-0.6863
		b:
			280.1206
			346.1916
			-191.7014
			-391.1675
			-366.3024
			-469.4073
			473.8921
			-219.9193
			-130.8702
			-463.8921
			236.9193
			139.8702
	==================================================================================
	Q5:
		Shape: Ellipse
		q_c:	455.5	64.5	259.5
		ub :	468.1604	76.4999	269.6293
		lb :	442.8396	52.5001	249.3707
		P^-1:
			0.0209	0.0016	0.0127
			0.0016	0.0126	0.0023
			0.0127	0.0023	0.0311
	==================================================================================
	Q6:
		Shape: Ellipse
		q_c:	444.0	54.0	260.5
		ub :	456.905	63.0522	272.9664
		lb :	431.095	44.9478	248.0336
		P^-1:
			0.0152	0.0022	0.002
			0.0022	0.0231	0.0001
			0.002	0.0001	0.0121


===========================================================================================
===========================================================================================
S3:
	q_c:	308.0	78.0	234.5
	ub :	325.556	90.7653	252.8062
	lb :	293.8694	63.1657	224.4162

	==================================================================================
	Q1:
		Shape: Hybrid
		q_c:	316.5	80.0	239.0
		ub :	325.556	87.2944	247.8433
		lb :	307.444	72.7056	230.1567
		P^-1:
			0.0317	0.0194	0.0119
			0.0194	0.0666	0.0132
			0.0119	0.0132	0.0368
		A:
			0.2878	-0.926	-0.2445
			-0.0809	-0.5991	-0.7966
			0.0412	0.8581	0.5118
			-0.6748	-0.7279	-0.1212
			0.6886	0.2193	0.6912
			0.0065	0.9995	-0.0315
		b:
			-38.025
			-261.0371
			206.4914
			-298.4247
			403.647
			77.0471
	==================================================================================
	Q2:
		Shape: Hybrid
		q_c:	301.5	73.5	232.0
		ub :	307.7876	78.2934	239.5838
		lb :	295.2124	68.7066	224.4162
		P^-1:
			0.0361	-0.0117	0.0003
			-0.0117	0.0786	-0.0004
			0.0003	-0.0004	0.0178
		A:
			0.7466	0.6317	0.2088
			-0.0589	-0.6286	-0.7755
			0.3155	0.8872	-0.3367
			0.6611	-0.4063	0.6308
			-0.2645	0.942	0.2066
			-0.641	0.7584	0.1178
		b:
			323.5116
			-239.3295
			85.1819
			319.9222
			39.4435
			-107.885
	==================================================================================
	Q3:
		Shape: Ellipse
		q_c:	301.5	83.5	242.5
		ub :	305.8318	88.103	246.6466
		lb :	297.1682	78.897	238.3534
		P^-1:
			0.1471	-0.0138	0.0165
			-0.0138	0.1452	0.0177
			0.0165	0.0177	0.1389
	==================================================================================
	Q4:
		Shape: Hybrid
		q_c:	303.5	84.5	243.5
		ub :	307.7972	90.7653	250.0468
		lb :	299.2028	78.2347	236.9532
		P^-1:
			0.1306	-0.0603	-0.0474
			-0.0603	0.1301	0.0828
			-0.0474	0.0828	0.104
		A:
			0.643	-0.7604	-0.0918
			0.4025	-0.8136	-0.4196
			-0.617	-0.7868	-0.0117
			-0.7497	0.5733	0.3306
			-0.0877	-0.1528	-0.9844
			-0.5257	0.7389	0.4214
		b:
			110.5025
			-47.4673
			-253.4488
			-97.3539
			-276.1535
			6.6432
	==================================================================================
	Q5:
		Shape: Hybrid
		q_c:	307.5	71.0	245.0
		ub :	311.7456	78.8343	252.8062
		lb :	303.2544	63.1657	237.1938
		P^-1:
			0.081	-0.0055	-0.0009
			-0.0055	0.0328	0.0021
			-0.0009	0.0021	0.0287
		A:
			0.3434	-0.3995	0.85
			-0.9578	-0.174	-0.2286
			0.7971	0.3434	-0.4967
			-0.899	-0.2129	-0.3827
			0.9046	0.3898	0.1722
			-0.8944	0.1733	0.4124
		b:
			289.4417
			-360.7997
			150.7229
			-382.9157
			350.4524
			-159.4632
	==================================================================================
	Q6:
		Shape: Polyhedra
		q_c:	298.0	80.5	234.5
		ub :	302.1306	84.3656	238.2942
		lb :	293.8694	76.6344	230.7058
		A:
			-0.3828	0.106	0.9177
			0.4294	-0.8756	0.2211
			0.1518	0.1143	-0.9818
			0.4882	-0.7319	-0.4754
			-0.5345	0.8285	0.1668
			0.5189	0.3098	0.7967
			0.0215	0.8683	0.4956
			-0.0273	0.496	-0.8679
			-0.9994	0.0052	0.0344
			-0.0215	-0.8683	-0.4956
			0.0273	-0.496	0.8679
			0.9994	-0.0052	-0.0344
		b:
			112.6145
			112.3438
			-173.1426
			-21.6207
			-50.1667
			369.5468
			195.5364
			-169.2293
			-285.3324
			-189.5364
			174.2293
			293.3324


===========================================================================================
===========================================================================================
S4:
	q_c:	435.0	139.5	18.0
	ub :	461.6465	163.6108	35.4683
	lb :	409.8175	114.345	-7.0556

	==================================================================================
	Q1:
		Shape: Ellipse
		q_c:	432.0	128.5	1.0
		ub :	439.508	136.2676	9.0556
		lb :	424.492	120.7324	-7.0556
		P^-1:
			0.0274	0.0281	0.0278
			0.0281	0.1298	0.1137
			0.0278	0.1137	0.1288
	==================================================================================
	Q2:
		Shape: Polyhedra
		q_c:	452.0	125.5	12.5
		ub :	461.6465	136.655	23.0192
		lb :	442.3535	114.345	1.9808
		A:
			-0.927	0.0523	-0.3715
			-0.9736	-0.2248	-0.0402
			0.5789	-0.0916	0.8102
			-0.6727	0.6565	0.3412
			-0.1947	-0.6587	0.7267
			-0.5974	-0.7495	-0.2853
			0.5413	0.4161	0.7306
			-0.8024	-0.004	0.5967
			0.2512	-0.9093	0.3318
			-0.5413	-0.4161	-0.7306
			0.8024	0.004	-0.5967
			-0.2512	0.9093	-0.3318
		b:
			-410.6007
			-463.3082
			267.3313
			-210.1066
			-153.4555
			-360.9281
			312.0186
			-350.7391
			13.0854
			-300.0186
			360.7391
			5.9146
	==================================================================================
	Q3:
		Shape: Ellipse
		q_c:	449.5	130.0	7.0
		ub :	457.8571	138.2316	13.5078
		lb :	441.1429	121.7684	0.4922
		P^-1:
			0.0405	0.027	-0.0202
			0.027	0.0671	-0.0312
			-0.0202	-0.0312	0.0602
	==================================================================================
	Q4:
		Shape: Ellipse
		q_c:	420.0	135.5	26.0
		ub :	430.1825	146.6955	35.4683
		lb :	409.8175	124.3045	16.5317
		P^-1:
			0.0266	0.0041	0.0007
			0.0041	0.0139	-0.0024
			0.0007	-0.0024	0.0274
	==================================================================================
	Q5:
		Shape: Ellipse
		q_c:	426.5	127.0	14.0
		ub :	430.7876	133.4154	17.7939
		lb :	422.2124	120.5846	10.2061
		P^-1:
			0.081	0.0056	0.0001
			0.0056	0.0284	-0.001
			0.0001	-0.001	0.0816
	==================================================================================
	Q6:
		Shape: Polyhedra
		q_c:	433.5	154.0	22.5
		ub :	442.788	163.6108	32.8975
		lb :	424.212	144.3892	12.1025
		A:
			-0.1063	0.9943	0.0075
			-0.8785	-0.4337	-0.2004
			-0.0504	-0.7183	-0.6939
			0.2898	0.7218	0.6285
			0.2579	-0.9593	-0.1152
			0.8284	0.5601	-0.0055
			0.3836	0.8149	0.4346
			0.9192	-0.2915	-0.2647
			-0.089	0.501	-0.8608
			-0.3836	-0.8149	-0.4346
			-0.9192	0.2915	0.2647
			0.089	-0.501	0.8608
		b:
			113.1139
			-446.2524
			-142.9327
			255.6248
			-32.4298
			451.1446
			306.0503
			355.1259
			26.6864
			-297.0503
			-340.1259
			-11.6864


===========================================================================================
===========================================================================================
S5:
	q_c:	181.0	127.5	110.5
	ub :	194.6153	136.219	127.2171
	lb :	166.9953	112.2911	102.7917

	==================================================================================
	Q1:
		Shape: Polyhedra
		q_c:	173.0	122.0	120.5
		ub :	179.0047	128.0129	127.2171
		lb :	166.9953	115.9871	113.7829
		A:
			-0.2832	0.9568	-0.0656
			-0.7996	-0.2079	-0.5635
			-0.7316	0.0523	-0.6797
			0.1929	0.4433	0.8754
			0.5272	-0.6757	-0.5153
			0.6706	0.7296	0.1339
			0.268	0.8998	0.3444
			-0.2756	0.4141	-0.8675
			-0.9232	0.1376	0.3589
			-0.268	-0.8998	-0.3444
			0.2756	-0.4141	0.8675
			0.9232	-0.1376	-0.3589
		b:
			63.9713
			-227.3843
			-197.7514
			197.1491
			-49.3239
			225.1685
			201.6326
			-97.1855
			-95.6728
			-193.6326
			106.1855
			103.6728
	==================================================================================
	Q2:
		Shape: Hybrid
		q_c:	189.5	129.5	109.5
		ub :	194.6153	136.219	116.2083
		lb :	184.3847	122.781	102.7917
		P^-1:
			0.1268	0.0383	0.0274
			0.0383	0.0669	0.0263
			0.0274	0.0263	0.0687
		A:
			-0.8734	0.1322	-0.4686
			0.2094	-0.7653	-0.6086
			-0.9431	0.1142	-0.3124
			0.937	-0.0659	0.3431
			0.0162	0.7905	0.6123
			0.4762	0.5181	-0.7105
		b:
			-197.5304
			-123.414
			-196.0848
			208.5401
			174.8747
			82.7233
	==================================================================================
	Q3:
		Shape: Polyhedra
		q_c:	183.0	125.0	109.0
		ub :	189.0416	131.3787	114.6352
		lb :	176.9584	118.6213	103.3648
		A:
			0.6194	-0.0466	-0.7837
			0.4036	-0.4182	-0.8137
			-0.0061	0.9807	0.1954
			0.185	-0.7674	0.614
			-0.8895	-0.0165	0.4566
			-0.4483	0.7428	-0.4973
			0.3089	0.8161	0.4885
			-0.0956	0.5377	-0.8377
			-0.9463	0.212	0.2441
			-0.3089	-0.8161	-0.4885
			0.0956	-0.5377	0.8377
			0.9463	-0.212	-0.2441
		b:
			26.0985
			-62.6937
			147.4746
			7.6966
			-110.7158
			-40.2042
			216.7764
			-39.0998
			-115.5633
			-206.7764
			44.0998
			124.5633
	==================================================================================
	Q4:
		Shape: Hybrid
		q_c:	183.5	118.5	118.0
		ub :	188.948	124.1645	123.4848
		lb :	178.052	112.8355	112.5152
		P^-1:
			0.0971	-0.0139	-0.0047
			-0.0139	0.0942	0.0043
			-0.0047	0.0043	0.0831
		A:
			-0.1993	0.054	0.9784
			0.8507	0.5065	-0.1406
			0.5336	-0.4253	0.731
			0.0298	0.1297	-0.9911
			0.8504	0.4175	0.3202
			0.6102	-0.6405	0.4663
		b:
			87.2094
			201.4807
			135.6668
			-94.1191
			245.2728
			92.8022
	==================================================================================
	Q5:
		Shape: Ellipse
		q_c:	175.0	128.5	111.0
		ub :	179.3203	134.8252	115.3761
		lb :	170.6797	122.1748	106.6239
		P^-1:
			0.6845	0.1905	-0.3969
			0.1905	0.0966	-0.0897
			-0.3969	-0.0897	0.3631
	==================================================================================
	Q6:
		Shape: Hybrid
		q_c:	183.0	117.5	113.0
		ub :	188.9688	122.7089	118.8663
		lb :	177.0312	112.2911	107.1337
		P^-1:
			0.0738	0.0042	0.0168
			0.0042	0.0916	0.0142
			0.0168	0.0142	0.0899
		A:
			0.7814	-0.4701	-0.4103
			0.3724	0.8434	-0.3873
			-0.7082	0.6986	-0.1019
			-0.1037	0.0576	0.9929
			0.7358	-0.0234	0.6768
			0.5498	0.7127	0.4357
		b:
			43.6691
			125.6588
			-56.9576
			101.9833
			210.1297
			235.2019


===========================================================================================
===========================================================================================
S6:
	q_c:	454.5	265.0	490.5
	ub :	459.575	275.9469	507.1732
	lb :	437.4876	250.8122	478.7733

	==================================================================================
	Q1:
		Shape: Ellipse
		q_c:	452.0	270.0	487.0
		ub :	457.5311	275.9469	492.9053
		lb :	446.4689	264.0531	481.0947
		P^-1:
			0.041	-0.003	0.0057
			-0.003	0.0567	-0.0132
			0.0057	-0.0132	0.0733
	==================================================================================
	Q2:
		Shape: Ellipse
		q_c:	454.5	265.0	493.5
		ub :	459.575	270.4939	499.5754
		lb :	449.425	259.5061	487.4246
		P^-1:
			0.1596	-0.0785	-0.006
			-0.0785	0.1582	0.0575
			-0.006	0.0575	0.0833
	==================================================================================
	Q3:
		Shape: Polyhedra
		q_c:	449.5	262.0	495.0
		ub :	455.919	268.0666	499.6735
		lb :	443.081	255.9334	490.3265
		A:
			-0.3834	-0.767	0.5145
			0.3308	0.1213	-0.9359
			-0.326	0.2191	-0.9196
			-0.652	-0.7164	-0.2482
			0.5111	0.6656	-0.5439
			-0.3804	-0.8951	-0.2325
			0.6202	0.3961	0.677
			0.6608	-0.7289	-0.1789
			0.4226	0.5584	-0.7139
			-0.6202	-0.3961	-0.677
			-0.6608	0.7289	0.1789
			-0.4226	-0.5584	0.7139
		b:
			-116.6453
			-280.2447
			-541.056
			-600.063
			136.634
			-516.8007
			721.7188
			22.5032
			-15.6074
			-713.7188
			-12.5032
			18.6074
	==================================================================================
	Q4:
		Shape: Polyhedra
		q_c:	445.0	262.0	494.5
		ub :	450.3366	269.7468	501.958
		lb :	439.6634	254.2532	487.042
		A:
			0.7999	0.4924	-0.3431
			-0.9577	0.1368	0.2531
			-0.3533	0.6912	0.6304
			-0.5706	-0.6632	0.4843
			0.0614	0.6774	-0.733
			-0.798	0.5948	0.0974
			0.2249	0.9309	0.2879
			0.0341	0.2878	-0.9571
			-0.9738	0.225	0.033
			-0.2249	-0.9309	-0.2879
			-0.0341	-0.2878	0.9571
			0.9738	-0.225	-0.033
		b:
			320.3103
			-261.0408
			340.8733
			-182.723
			-151.7783
			-146.812
			491.8398
			-376.6936
			-354.076
			-480.8398
			388.6936
			362.076
	==================================================================================
	Q5:
		Shape: Ellipse
		q_c:	454.0	255.0	482.5
		ub :	458.8079	259.1878	486.2267
		lb :	449.1921	250.8122	478.7733
		P^-1:
			0.1142	-0.0774	0.0282
			-0.0774	0.2036	0.0019
			0.0282	0.0019	0.1546
	==================================================================================
	Q6:
		Shape: Hybrid
		q_c:	446.0	268.0	499.5
		ub :	454.5124	275.7101	507.1732
		lb :	437.4876	260.2899	491.8268
		P^-1:
			0.0416	0.0193	-0.0187
			0.0193	0.0592	-0.0351
			-0.0187	-0.0351	0.0711
		A:
			0.2915	0.5911	-0.7521
			-0.0005	-0.4498	0.8931
			-0.7735	-0.6322	-0.0458
			-0.1289	-0.8736	0.4692
			0.913	-0.0531	-0.4045
			-0.3788	0.6009	-0.7039
		b:
			-85.7347
			327.407
			-534.1208
			-55.0345
			194.4801
			-356.5454


===========================================================================================
===========================================================================================
