3D_35_12_6_a                l = 3

===========================================================================================
===========================================================================================
S1:
	q_c:	277.0	41.0	386.5
	ub :	289.3451	52.99	397.9914
	lb :	266.9493	34.8859	384.6543

	==================================================================================
	Q1:
		Shape: Ellipse
		q_c:	273.0	38.5	390.0
		ub :	277.7015	42.1141	394.6657
		lb :	268.2985	34.8859	385.3343
		P^-1:
			0.1217	0.0117	0.0524
			0.0117	0.2122	0.0462
			0.0524	0.0462	0.1578
	==================================================================================
	Q2:
		Shape: Ellipse
		q_c:	274.0	48.0	392.0
		ub :	277.4887	52.99	396.3847
		lb :	270.5113	43.01	387.6153
		P^-1:
			0.6622	0.0365	0.4419
			0.0365	0.0674	0.0353
			0.4419	0.0353	0.4145
	==================================================================================
	Q3:
		Shape: Polyhedra
		q_c:	283.5	44.5	393.5
		ub :	289.3451	49.6925	397.9914
		lb :	277.6549	39.3075	389.0086
		A:
			0.2584	-0.4856	0.8351
			0.0853	0.9002	-0.427
			-0.1098	-0.8995	-0.4229
			0.4881	0.8688	0.0833
			0.5393	-0.6915	0.4807
			-0.0253	-0.8015	0.5974
			0.2496	0.1063	0.9625
			-0.4274	0.904	0.011
			-0.8689	-0.4141	0.271
			-0.2496	-0.1063	-0.9625
			0.4274	-0.904	-0.011
			0.8689	0.4141	-0.271
		b:
			383.7912
			-100.1112
			-233.9931
			213.6273
			314.7725
			195.9079
			457.7289
			-73.1202
			-154.1146
			-450.7289
			80.1202
			162.1146
	==================================================================================
	Q4:
		Shape: Polyhedra
		q_c:	271.5	42.0	392.0
		ub :	276.0507	46.4949	396.2662
		lb :	266.9493	37.5051	387.7338
		A:
			0.9576	0.2329	-0.1697
			0.8013	-0.5787	-0.1519
			0.7878	-0.5944	-0.1616
			0.8344	0.2344	-0.4989
			-0.9864	-0.1606	-0.0349
			-0.968	-0.1995	-0.1521
			0.3733	0.6655	0.6463
			0.6793	-0.6705	0.2981
			0.6318	0.3278	-0.7024
			-0.3733	-0.6655	-0.6463
			-0.6793	0.6705	-0.2981
			-0.6318	-0.3278	0.7024
		b:
			205.8544
			136.583
			128.4637
			43.3581
			-285.5408
			-328.1621
			385.1615
			276.1318
			-87.5528
			-380.1615
			-270.1318
			92.5528
	==================================================================================
	Q5:
		Shape: Ellipse
		q_c:	278.5	40.0	389.0
		ub :	282.331	42.6521	392.859
		lb :	274.669	37.3479	385.141
		P^-1:
			0.2881	0.0298	0.1702
			0.0298	0.2636	0.0457
			0.1702	0.0457	0.2245
	==================================================================================
	Q6:
		Shape: Hybrid
		q_c:	271.5	44.0	388.0
		ub :	274.4224	47.3977	391.3457
		lb :	268.5776	40.6023	384.6543
		P^-1:
			0.1597	0.0237	-0.012
			0.0237	0.5082	-0.4571
			-0.012	-0.4571	0.5737
		A:
			-0.4803	0.7494	-0.4558
			0.3802	0.4439	-0.8114
			-0.0512	0.4469	-0.8931
			-0.3736	0.7428	-0.5556
			-0.5606	-0.2167	0.7992
			-0.4792	0.3292	-0.8136
		b:
			-272.997
			-191.0444
			-339.8759
			-283.3325
			149.9702
			-430.0036


===========================================================================================
===========================================================================================
S2:
	q_c:	216.5	189.5	395.0
	ub :	227.6499	201.9251	405.0837
	lb :	205.6526	180.13	382.4125

	==================================================================================
	Q1:
		Shape: Hybrid
		q_c:	220.0	189.5	397.0
		ub :	225.6745	195.2904	402.4676
		lb :	214.3255	183.7096	391.5324
		P^-1:
			0.0694	0.0036	0.0103
			0.0036	0.0873	-0.0162
			0.0103	-0.0162	0.0986
		A:
			0.1151	0.568	-0.8149
			0.5869	0.3662	-0.7221
			-0.7913	0.5775	0.201
			0.6407	0.215	0.7371
			0.6513	0.083	0.7542
			0.8692	0.492	-0.0499
		b:
			-189.0037
			-86.1695
			17.6015
			476.153
			460.2595
			266.7907
	==================================================================================
	Q2:
		Shape: Polyhedra
		q_c:	210.5	195.5	389.0
		ub :	215.3474	201.9251	395.5875
		lb :	205.6526	189.0749	382.4125
		A:
			0.6382	0.7034	0.313
			0.3945	-0.9003	0.1837
			-0.8898	0.3561	-0.2853
			-0.6048	0.7628	0.2289
			-0.3888	0.8513	0.3523
			-0.6911	-0.1456	-0.7079
			0.0721	0.7155	0.6949
			-0.804	0.454	-0.384
			-0.5902	-0.5311	0.608
			-0.0721	-0.7155	-0.6949
			0.804	-0.454	0.384
			0.5902	0.5311	-0.608
		b:
			397.8076
			-18.4249
			-226.5571
			113.9439
			225.1233
			-446.3194
			429.3724
			-227.8664
			13.4412
			-421.3724
			231.8664
			-3.4412
	==================================================================================
	Q3:
		Shape: Ellipse
		q_c:	217.0	187.5	393.0
		ub :	220.8149	192.3886	397.9412
		lb :	213.1851	182.6114	388.0588
		P^-1:
			0.1929	-0.0234	-0.0427
			-0.0234	0.1585	0.0716
			-0.0427	0.0716	0.1211
	==================================================================================
	Q4:
		Shape: Ellipse
		q_c:	214.5	186.5	396.5
		ub :	220.6789	192.87	402.0703
		lb :	208.3211	180.13	390.9297
		P^-1:
			0.0724	-0.0095	-0.0008
			-0.0095	0.0717	0.0007
			-0.0008	0.0007	0.0626
	==================================================================================
	Q5:
		Shape: Hybrid
		q_c:	223.5	196.5	400.0
		ub :	227.6499	201.4386	404.2449
		lb :	219.3501	191.5614	395.7551
		P^-1:
			0.5201	0.2198	0.4104
			0.2198	0.1855	0.1715
			0.4104	0.1715	0.468
		A:
			0.3242	-0.0158	0.9459
			0.6746	0.0781	0.734
			-0.7238	-0.6545	-0.2184
			-0.3982	0.9112	-0.1056
			-0.2663	-0.3555	-0.8959
			-0.8331	-0.2831	-0.4752
		b:
			449.1301
			460.5044
			-376.4875
			50.9502
			-486.2247
			-431.1174
	==================================================================================
	Q6:
		Shape: Ellipse
		q_c:	216.5	192.0	398.5
		ub :	221.7209	198.004	405.0837
		lb :	211.2791	185.996	391.9163
		P^-1:
			0.1245	-0.0363	-0.0403
			-0.0363	0.0867	-0.0014
			-0.0403	-0.0014	0.0704


===========================================================================================
===========================================================================================
S3:
	q_c:	499.0	343.0	329.0
	ub :	517.2477	356.0721	346.1722
	lb :	485.3877	325.3814	318.2591

	==================================================================================
	Q1:
		Shape: Ellipse
		q_c:	494.5	336.0	338.0
		ub :	499.2963	342.3411	343.5215
		lb :	489.7037	329.6589	332.4785
		P^-1:
			0.283	0.1438	0.1026
			0.1438	0.1319	0.1057
			0.1026	0.1057	0.1684
	==================================================================================
	Q2:
		Shape: Hybrid
		q_c:	504.0	334.0	340.0
		ub :	512.6983	342.6186	346.0133
		lb :	495.3017	325.3814	333.9867
		P^-1:
			0.0369	0.0083	0.0072
			0.0083	0.0353	0.0053
			0.0072	0.0053	0.058
		A:
			0.7804	0.0241	0.6249
			-0.065	0.641	-0.7648
			-0.5628	0.0313	-0.826
			0.3429	-0.6234	0.7027
			0.357	0.5037	0.7867
			-0.2722	0.596	-0.7555
		b:
			616.4396
			-75.7001
			-551.7134
			206.714
			617.7402
			-191.9514
	==================================================================================
	Q3:
		Shape: Hybrid
		q_c:	503.5	336.5	332.0
		ub :	510.7373	343.6648	339.8363
		lb :	496.2627	329.3352	324.1637
		P^-1:
			0.0678	-0.0143	-0.0134
			-0.0143	0.0666	-0.0104
			-0.0134	-0.0104	0.0334
		A:
			-0.0928	0.5101	-0.8551
			0.4959	0.5611	0.6627
			0.6172	-0.4059	-0.674
			0.1743	-0.9798	-0.098
			-0.0686	-0.2528	0.9651
			0.3351	-0.9267	0.1703
		b:
			-155.7121
			663.071
			-46.8745
			-272.1059
			204.516
			-84.6902
	==================================================================================
	Q4:
		Shape: Polyhedra
		q_c:	490.0	349.5	339.5
		ub :	494.6123	356.0721	346.1722
		lb :	485.3877	342.9279	332.8278
		A:
			-0.8611	0.4391	0.2564
			0.6933	0.5788	-0.4293
			0.6516	-0.2414	-0.7191
			0.9054	-0.2509	-0.3425
			0.7863	-0.1429	-0.601
			0.136	0.206	0.9691
			0.3252	0.7956	0.5112
			-0.3641	0.6042	-0.7088
			-0.8728	0.0444	0.4861
			-0.3252	-0.7956	-0.5112
			0.3641	-0.6042	0.7088
			0.8728	-0.0444	-0.4861
		b:
			-178.7232
			399.3777
			-7.0996
			241.6273
			132.952
			472.0311
			614.9484
			-202.3389
			-245.5943
			-606.9484
			213.3389
			248.5943
	==================================================================================
	Q5:
		Shape: Ellipse
		q_c:	509.0	346.0	334.5
		ub :	517.2477	353.9337	341.9851
		lb :	500.7523	338.0663	327.0149
		P^-1:
			0.0299	-0.0057	0.0026
			-0.0057	0.0679	-0.0395
			0.0026	-0.0395	0.0742
	==================================================================================
	Q6:
		Shape: Polyhedra
		q_c:	498.0	343.0	326.5
		ub :	505.7547	349.3949	334.7409
		lb :	490.2453	336.6051	318.2591
		A:
			-0.8241	0.5658	0.0269
			0.5972	-0.6313	0.4948
			0.5543	-0.8311	-0.0449
			-0.802	0.597	0.0187
			-0.5605	-0.047	0.8268
			0.6743	-0.7364	-0.0549
			0.62	0.5231	0.5848
			-0.5021	-0.3082	0.808
			0.6029	-0.7946	0.0716
			-0.62	-0.5231	-0.5848
			0.5021	0.3082	-0.808
			-0.6029	0.7946	-0.0716
		b:
			-205.1522
			245.4769
			-21.9694
			-186.3284
			-20.3977
			66.9873
			686.1128
			-86.9232
			52.5997
			-672.1128
			96.9232
			-49.5997


===========================================================================================
===========================================================================================
S4:
	q_c:	435.0	139.5	18.0
	ub :	461.6465	163.6108	35.4683
	lb :	409.8175	114.345	-7.0556

	==================================================================================
	Q1:
		Shape: Ellipse
		q_c:	432.0	128.5	1.0
		ub :	439.508	136.2676	9.0556
		lb :	424.492	120.7324	-7.0556
		P^-1:
			0.0274	0.0281	0.0278
			0.0281	0.1298	0.1137
			0.0278	0.1137	0.1288
	==================================================================================
	Q2:
		Shape: Polyhedra
		q_c:	452.0	125.5	12.5
		ub :	461.6465	136.655	23.0192
		lb :	442.3535	114.345	1.9808
		A:
			-0.927	0.0523	-0.3715
			-0.9736	-0.2248	-0.0402
			0.5789	-0.0916	0.8102
			-0.6727	0.6565	0.3412
			-0.1947	-0.6587	0.7267
			-0.5974	-0.7495	-0.2853
			0.5413	0.4161	0.7306
			-0.8024	-0.004	0.5967
			0.2512	-0.9093	0.3318
			-0.5413	-0.4161	-0.7306
			0.8024	0.004	-0.5967
			-0.2512	0.9093	-0.3318
		b:
			-410.6007
			-463.3082
			267.3313
			-210.1066
			-153.4555
			-360.9281
			312.0186
			-350.7391
			13.0854
			-300.0186
			360.7391
			5.9146
	==================================================================================
	Q3:
		Shape: Ellipse
		q_c:	449.5	130.0	7.0
		ub :	457.8571	138.2316	13.5078
		lb :	441.1429	121.7684	0.4922
		P^-1:
			0.0405	0.027	-0.0202
			0.027	0.0671	-0.0312
			-0.0202	-0.0312	0.0602
	==================================================================================
	Q4:
		Shape: Ellipse
		q_c:	420.0	135.5	26.0
		ub :	430.1825	146.6955	35.4683
		lb :	409.8175	124.3045	16.5317
		P^-1:
			0.0266	0.0041	0.0007
			0.0041	0.0139	-0.0024
			0.0007	-0.0024	0.0274
	==================================================================================
	Q5:
		Shape: Ellipse
		q_c:	426.5	127.0	14.0
		ub :	430.7876	133.4154	17.7939
		lb :	422.2124	120.5846	10.2061
		P^-1:
			0.081	0.0056	0.0001
			0.0056	0.0284	-0.001
			0.0001	-0.001	0.0816
	==================================================================================
	Q6:
		Shape: Polyhedra
		q_c:	433.5	154.0	22.5
		ub :	442.788	163.6108	32.8975
		lb :	424.212	144.3892	12.1025
		A:
			-0.1063	0.9943	0.0075
			-0.8785	-0.4337	-0.2004
			-0.0504	-0.7183	-0.6939
			0.2898	0.7218	0.6285
			0.2579	-0.9593	-0.1152
			0.8284	0.5601	-0.0055
			0.3836	0.8149	0.4346
			0.9192	-0.2915	-0.2647
			-0.089	0.501	-0.8608
			-0.3836	-0.8149	-0.4346
			-0.9192	0.2915	0.2647
			0.089	-0.501	0.8608
		b:
			113.1139
			-446.2524
			-142.9327
			255.6248
			-32.4298
			451.1446
			306.0503
			355.1259
			26.6864
			-297.0503
			-340.1259
			-11.6864


===========================================================================================
===========================================================================================
S5:
	q_c:	458.5	27.0	399.0
	ub :	463.6847	31.4996	401.9586
	lb :	456.1881	23.5772	395.6458

	==================================================================================
	Q1:
		Shape: Hybrid
		q_c:	461.5	26.5	398.5
		ub :	463.6847	28.7875	400.6133
		lb :	459.3153	24.2125	396.3867
		P^-1:
			0.728	0.119	0.2509
			0.119	0.4944	0.1053
			0.2509	0.1053	0.6665
		A:
			-0.7585	-0.2064	0.6181
			-0.9626	0.2397	0.1259
			-0.0331	0.1285	-0.9912
			-0.3543	0.5371	0.7655
			0.5348	0.1397	0.8333
			-0.6783	0.731	0.0743
		b:
			-108.2328
			-386.8634
			-406.0077
			156.7281
			583.1707
			-263.1175
	==================================================================================
	Q2:
		Shape: Hybrid
		q_c:	461.0	30.0	397.5
		ub :	462.5551	31.4996	399.3542
		lb :	459.4449	28.5004	395.6458
		P^-1:
			2.4914	1.3007	1.1226
			1.3007	1.81	0.5019
			1.1226	0.5019	1.1431
		A:
			0.5367	0.6909	0.4844
			0.4173	0.7143	0.5619
			-0.949	-0.3093	0.0616
			0.5522	0.7905	0.2649
			-0.2692	-0.6861	0.6758
			0.5451	0.166	0.8218
		b:
			461.0516
			437.636
			-421.6328
			383.9351
			124.7836
			583.4697
	==================================================================================
	Q3:
		Shape: Polyhedra
		q_c:	461.0	26.5	398.5
		ub :	463.2008	29.0334	400.968
		lb :	458.7992	23.9666	396.032
		A:
			-0.3651	-0.8579	-0.3617
			-0.2638	-0.3693	0.8911
			-0.0605	0.9786	-0.1966
			0.3653	-0.2009	0.9089
			0.1201	0.3428	-0.9317
			0.6062	0.7853	-0.1258
			0.112	0.7233	0.6814
			0.4917	0.5555	-0.6705
			-0.8635	0.4101	-0.2935
			-0.112	-0.7233	-0.6814
			-0.4917	-0.5555	0.6705
			0.8635	-0.4101	0.2935
		b:
			-333.6431
			225.1862
			-78.8022
			526.804
			-305.3178
			251.6309
			343.8055
			-24.3155
			-502.6687
			-340.8055
			27.3155
			505.6687
	==================================================================================
	Q4:
		Shape: Polyhedra
		q_c:	460.5	25.0	400.0
		ub :	462.076	26.4228	401.5046
		lb :	458.924	23.5772	398.4954
		A:
			0.3441	0.6862	0.6409
			0.588	0.8082	-0.0308
			0.8372	-0.0529	0.5443
			0.7069	-0.6747	-0.2124
			-0.4334	0.9009	-0.0222
			0.8046	-0.5937	0.0136
			0.4101	0.1227	0.9037
			0.3071	0.9145	-0.2635
			-0.8588	0.3856	0.3373
			-0.4101	-0.1227	-0.9037
			-0.3071	-0.9145	0.2635
			0.8588	-0.3856	-0.3373
		b:
			432.9594
			279.6727
			602.9386
			224.7083
			-184.9595
			362.118
			554.4203
			59.8824
			-249.8867
			-552.4203
			-57.8824
			251.8867
	==================================================================================
	Q5:
		Shape: Hybrid
		q_c:	461.0	26.0	400.0
		ub :	462.9307	27.3843	401.9586
		lb :	459.0693	24.6157	398.0414
		P^-1:
			0.6616	-0.032	-0.2692
			-0.032	0.997	-0.0254
			-0.2692	-0.0254	0.7859
		A:
			0.4659	-0.5121	-0.7216
			-0.1661	0.9294	0.3295
			-0.0149	-0.1947	-0.9808
			-0.31	-0.8327	0.4588
			-0.0525	-0.6278	0.7766
			0.7302	0.2831	-0.6218
		b:
			-86.6784
			79.9125
			-403.5103
			19.4578
			270.7214
			95.8028
	==================================================================================
	Q6:
		Shape: Polyhedra
		q_c:	458.0	27.0	397.5
		ub :	459.8119	28.1869	399.1191
		lb :	456.1881	25.8131	395.8809
		A:
			-0.4951	0.3957	-0.7735
			0.7017	0.4826	0.5241
			0.1024	0.9525	0.2869
			-0.2504	-0.8479	0.4673
			-0.2806	-0.9172	-0.2827
			-0.5925	0.7992	0.1014
			0.4268	0.5607	0.7096
			-0.3438	0.8263	-0.4461
			-0.8364	-0.0535	0.5454
			-0.4268	-0.5607	-0.7096
			0.3438	-0.8263	0.4461
			0.8364	0.0535	-0.5454
		b:
			-522.6512
			543.4239
			187.3939
			49.2895
			-264.961
			-208.327
			493.1742
			-311.4726
			-166.2268
			-492.1742
			313.4726
			169.2268


===========================================================================================
===========================================================================================
S6:
	q_c:	321.0	129.5	328.5
	ub :	335.7628	144.054	345.1719
	lb :	307.0069	116.2916	312.0813

	==================================================================================
	Q1:
		Shape: Hybrid
		q_c:	316.5	128.0	335.5
		ub :	325.9931	136.6808	345.1719
		lb :	307.0069	119.3192	325.8281
		P^-1:
			0.0317	-0.0053	-0.0007
			-0.0053	0.0318	-0.0062
			-0.0007	-0.0062	0.0332
		A:
			0.5882	0.752	0.2974
			-0.7474	0.5889	-0.3077
			0.2553	-0.9506	-0.1768
			0.9104	-0.1677	-0.3782
			0.7285	0.0418	-0.6838
			0.1191	0.181	-0.9762
		b:
			386.1617
			-261.7759
			-96.958
			142.8033
			9.5248
			-263.787
	==================================================================================
	Q2:
		Shape: Polyhedra
		q_c:	325.5	136.5	329.5
		ub :	333.4415	141.7593	337.0365
		lb :	317.5585	131.2407	321.9635
		A:
			-0.2834	0.6113	-0.739
			0.5495	-0.8086	0.2102
			0.0139	0.8016	0.5977
			0.3637	-0.9189	0.1525
			-0.7222	0.5183	-0.458
			-0.0515	-0.8475	0.5283
			0.811	0.0975	0.5769
			-0.5595	-0.1586	0.8135
			0.1708	-0.9825	-0.0741
			-0.811	-0.0975	-0.5769
			0.5595	0.1586	-0.8135
			-0.1708	0.9825	0.0741
		b:
			-247.4226
			142.1365
			315.3427
			47.3736
			-310.2442
			46.0769
			472.8627
			69.255
			-98.9376
			-461.8627
			-59.255
			106.9376
	==================================================================================
	Q3:
		Shape: Ellipse
		q_c:	326.0	137.0	323.5
		ub :	332.1856	144.054	330.6258
		lb :	319.8144	129.946	316.3742
		P^-1:
			0.0728	-0.0294	-0.0196
			-0.0294	0.0712	0.0128
			-0.0196	0.0128	0.0565
	==================================================================================
	Q4:
		Shape: Hybrid
		q_c:	322.5	124.0	327.0
		ub :	325.8075	127.1241	330.405
		lb :	319.1925	120.8759	323.595
		P^-1:
			1.5646	-1.8461	0.4474
			-1.8461	2.395	-0.5253
			0.4474	-0.5253	0.282
		A:
			0.8086	0.0373	0.5872
			0.2135	-0.9288	0.3029
			-0.1618	0.3258	0.9315
			0.3132	-0.8288	0.4636
			-0.6793	0.4906	0.5458
			-0.5171	0.7209	-0.4613
		b:
			459.5444
			54.0553
			295.0622
			150.9938
			22.0719
			-227.5428
	==================================================================================
	Q5:
		Shape: Polyhedra
		q_c:	327.0	128.0	322.0
		ub :	331.9741	133.5987	327.6987
		lb :	322.0259	122.4013	316.3013
		A:
			-0.8042	-0.2252	-0.55
			-0.7346	0.2514	-0.6302
			0.7317	0.226	-0.6431
			-0.0485	0.2285	0.9723
			-0.4766	-0.6295	-0.6136
			0.5424	0.8251	-0.1581
			0.9577	0.184	0.2214
			-0.0419	-0.6717	0.7396
			0.2848	-0.7176	-0.6356
			-0.9577	-0.184	-0.2214
			0.0419	0.6717	-0.7396
			-0.2848	0.7176	0.6356
		b:
			-464.9732
			-407.1419
			64.7838
			330.0074
			-430.255
			235.7617
			411.9952
			141.9844
			-199.869
			-403.9952
			-134.9844
			206.869
	==================================================================================
	Q6:
		Shape: Hybrid
		q_c:	329.5	125.5	321.0
		ub :	335.7628	134.7084	329.9187
		lb :	323.2372	116.2916	312.0813
		P^-1:
			0.0589	-0.0084	0.0052
			-0.0084	0.0291	-0.0061
			0.0052	-0.0061	0.0313
		A:
			-0.8025	-0.5898	0.0896
			-0.8113	-0.0885	0.5779
			-0.9769	0.2042	0.0633
			0.9455	-0.1754	-0.2744
			-0.4626	0.8255	-0.3234
			-0.4846	0.7117	-0.5086
		b:
			-306.3269
			-89.9196
			-273.79
			203.8683
			-149.6159
			-230.8661


===========================================================================================
===========================================================================================
S7:
	q_c:	124.0	120.5	264.5
	ub :	148.6726	138.3469	281.8279
	lb :	105.6132	105.0673	244.9895

	==================================================================================
	Q1:
		Shape: Hybrid
		q_c:	122.5	111.5	271.0
		ub :	132.6931	117.4592	280.0633
		lb :	112.3069	105.5408	261.9367
		P^-1:
			0.02	0.0036	0.0075
			0.0036	0.0487	0.001
			0.0075	0.001	0.0293
		A:
			0.4519	-0.8428	0.2925
			0.0284	0.6751	0.7372
			-0.1708	-0.6744	-0.7183
			-0.0748	0.9829	0.1681
			-0.2252	0.7634	0.6054
			0.0887	-0.5225	-0.848
		b:
			43.7387
			281.71
			-287.8916
			148.4912
			225.1793
			-273.4565
	==================================================================================
	Q2:
		Shape: Polyhedra
		q_c:	136.0	120.0	259.5
		ub :	143.4727	126.2761	264.8513
		lb :	128.5273	113.7239	254.1487
		A:
			0.1912	0.2088	-0.9591
			0.642	0.2478	-0.7255
			-0.2672	-0.2221	-0.9377
			0.2327	0.8487	-0.4749
			-0.1804	-0.0239	-0.9833
			0.7976	0.6027	0.0261
			0.4687	0.8747	0.1232
			0.8789	-0.4479	-0.1641
			-0.0884	0.1852	-0.9787
			-0.4687	-0.8747	-0.1232
			-0.8789	0.4479	0.1641
			0.0884	-0.1852	0.9787
		b:
			-193.6649
			-66.389
			-302.4916
			13.7024
			-278.6108
			191.4318
			203.6745
			29.6904
			-239.779
			-197.6745
			-16.6904
			247.779
	==================================================================================
	Q3:
		Shape: Ellipse
		q_c:	133.0	120.5	260.0
		ub :	141.766	132.8115	272.0038
		lb :	124.234	108.1885	247.9962
		P^-1:
			0.0478	-0.0152	-0.017
			-0.0152	0.021	0.0046
			-0.017	0.0046	0.0237
	==================================================================================
	Q4:
		Shape: Hybrid
		q_c:	114.5	114.5	251.0
		ub :	123.3868	123.9327	257.0105
		lb :	105.6132	105.0673	244.9895
		P^-1:
			0.0253	-0.002	-0.0001
			-0.002	0.0269	-0.0042
			-0.0001	-0.0042	0.0486
		A:
			0.9555	0.2084	0.2088
			0.2333	-0.9328	0.2746
			-0.7872	0.491	-0.3731
			0.1123	0.9742	-0.1957
			0.8246	-0.5624	-0.0606
			0.1189	0.9232	-0.3654
		b:
			189.7891
			-7.6135
			-124.044
			79.0924
			18.5996
			31.2081
	==================================================================================
	Q5:
		Shape: Ellipse
		q_c:	138.5	116.5	255.0
		ub :	148.6726	125.9283	264.5596
		lb :	128.3274	107.0717	245.4404
		P^-1:
			0.0277	-0.0095	0.0102
			-0.0095	0.044	-0.018
			0.0102	-0.018	0.0322
	==================================================================================
	Q6:
		Shape: Hybrid
		q_c:	122.5	129.0	270.5
		ub :	132.548	138.3469	281.8279
		lb :	112.452	119.6531	259.1721
		P^-1:
			0.0493	-0.0302	0.0075
			-0.0302	0.0524	-0.0006
			0.0075	-0.0006	0.0159
		A:
			-0.2475	0.8487	0.4674
			0.672	-0.6639	0.3281
			0.2001	0.243	0.9492
			0.6996	-0.3324	0.6325
			-0.3054	0.9488	0.081
			-0.9524	0.2038	-0.2268
		b:
			209.1482
			87.6399
			318.5022
			217.527
			109.4922
			-148.704


===========================================================================================
===========================================================================================
S8:
	q_c:	46.5	78.5	479.5
	ub :	71.3792	87.1324	502.5783
	lb :	37.3491	53.9632	458.5853

	==================================================================================
	Q1:
		Shape: Ellipse
		q_c:	55.5	79.0	483.5
		ub :	61.4744	86.1837	490.5295
		lb :	49.5256	71.8163	476.4705
		P^-1:
			0.0931	0.0149	0.0263
			0.0149	0.0465	0.0031
			0.0263	0.0031	0.0609
	==================================================================================
	Q2:
		Shape: Polyhedra
		q_c:	54.5	80.5	464.5
		ub :	59.67	85.6144	470.4147
		lb :	49.33	75.3856	458.5853
		A:
			-0.0814	-0.5565	0.8268
			-0.2428	-0.6771	-0.6947
			-0.4559	-0.69	-0.5621
			0.587	0.7348	0.3398
			0.722	0.419	0.5505
			0.9673	0.0372	0.251
			0.6073	0.6223	0.4939
			-0.7759	0.3309	0.5371
			0.1708	-0.7094	0.6838
			-0.6073	-0.6223	-0.4939
			0.7759	-0.3309	-0.5371
			-0.1708	0.7094	-0.6838
		b:
			338.9484
			-388.1716
			-340.1679
			250.2158
			330.2208
			175.6262
			313.5936
			238.8308
			273.8503
			-311.5936
			-228.8308
			-265.8503
	==================================================================================
	Q3:
		Shape: Polyhedra
		q_c:	45.5	77.5	493.0
		ub :	53.6509	86.4839	502.5783
		lb :	37.3491	68.5161	483.4217
		A:
			0.895	0.4456	0.0193
			0.1014	-0.9946	-0.022
			-0.231	0.4319	0.8719
			0.1731	0.0098	0.9848
			0.1379	-0.25	0.9584
			0.438	0.7195	-0.539
			0.4948	0.6132	0.6158
			-0.2366	0.7769	-0.5835
			-0.8362	0.143	0.5294
			-0.4948	-0.6132	-0.6158
			0.2366	-0.7769	0.5835
			0.8362	-0.143	-0.5294
		b:
			90.1392
			-77.3841
			458.0741
			499.9753
			465.2096
			-184.4572
			379.6294
			-232.2208
			238.5459
			-367.6294
			244.2208
			-229.5459
	==================================================================================
	Q4:
		Shape: Ellipse
		q_c:	53.0	73.0	482.0
		ub :	60.905	79.3796	489.9447
		lb :	45.095	66.6204	474.0553
		P^-1:
			0.0429	-0.041	-0.023
			-0.041	0.1192	0.0436
			-0.023	0.0436	0.0546
	==================================================================================
	Q5:
		Shape: Ellipse
		q_c:	64.5	61.0	489.5
		ub :	71.3792	68.0368	494.7731
		lb :	57.6208	53.9632	484.2269
		P^-1:
			0.0769	0.0391	0.01
			0.0391	0.0589	0.009
			0.01	0.009	0.0524
	==================================================================================
	Q6:
		Shape: Polyhedra
		q_c:	56.0	79.5	493.0
		ub :	64.3384	87.1324	500.0387
		lb :	47.6616	71.8676	485.9613
		A:
			0.9446	0.2484	0.2144
			0.65	-0.0126	0.7598
			0.4628	-0.7595	0.4572
			0.1274	-0.3276	-0.9362
			-0.2561	-0.9344	0.2474
			-0.2417	0.8468	-0.4738
			0.3931	0.9157	0.0841
			0.7154	-0.362	0.5976
			0.5777	-0.1748	-0.7973
			-0.3931	-0.9157	-0.0841
			-0.7154	0.362	-0.5976
			-0.5777	0.1748	0.7973
		b:
			183.4964
			415.0175
			196.0415
			-475.7688
			38.7721
			-174.5779
			141.761
			310.9208
			-370.134
			-130.761
			-300.9208
			379.134


===========================================================================================
===========================================================================================
S9:
	q_c:	28.0	254.5	372.0
	ub :	49.6582	274.9303	383.4348
	lb :	11.2836	231.3618	354.0698

	==================================================================================
	Q1:
		Shape: Ellipse
		q_c:	28.5	262.5	369.5
		ub :	36.8591	268.5677	378.0967
		lb :	20.1409	256.4323	360.9033
		P^-1:
			0.0727	-0.0637	0.016
			-0.0637	0.1061	-0.0196
			0.016	-0.0196	0.0253
	==================================================================================
	Q2:
		Shape: Hybrid
		q_c:	37.5	252.0	366.5
		ub :	49.6582	264.0822	376.1512
		lb :	25.3418	239.9178	356.8488
		P^-1:
			0.0178	0.0	-0.0
			0.0	0.0178	-0.0
			-0.0	-0.0	0.0178
		A:
			-0.1126	0.6322	-0.7666
			-0.0457	-0.9612	0.2721
			0.245	-0.5746	0.7809
			-0.0301	0.2137	-0.9764
			-0.4228	-0.5022	-0.7544
			-0.8117	-0.5566	-0.1768
		b:
			-122.1224
			-140.454
			154.3195
			-301.3912
			-415.1309
			-231.7639
	==================================================================================
	Q3:
		Shape: Polyhedra
		q_c:	20.0	238.5	374.5
		ub :	27.9526	245.6382	383.4348
		lb :	12.0474	231.3618	365.5652
		A:
			-0.3594	0.6052	-0.7103
			0.4247	0.9032	0.062
			-0.5522	-0.7893	-0.2686
			0.9041	0.1983	0.3786
			0.508	0.4855	0.7115
			0.4491	0.4544	0.7693
			0.5991	0.7133	0.3637
			0.3409	-0.6383	0.6902
			0.7245	-0.2896	-0.6255
			-0.5991	-0.7133	-0.3637
			-0.3409	0.6383	-0.6902
			-0.7245	0.2896	0.6255
		b:
			-122.8545
			250.0886
			-297.7347
			211.0676
			395.5357
			408.9378
			320.3115
			119.0848
			-282.3289
			-316.3115
			-107.0848
			295.3289
	==================================================================================
	Q4:
		Shape: Hybrid
		q_c:	24.0	259.0	365.0
		ub :	32.2781	268.019	375.9302
		lb :	15.7219	249.981	354.0698
		P^-1:
			0.0633	-0.0395	0.0053
			-0.0395	0.072	-0.0196
			0.0053	-0.0196	0.0212
		A:
			0.858	-0.4472	-0.2527
			-0.8119	-0.2352	0.5343
			-0.6133	0.7509	-0.2452
			0.8237	0.5632	-0.0667
			0.8053	-0.5319	0.2619
			-0.226	0.9656	-0.1286
		b:
			-184.7912
			118.577
			91.7761
			146.0187
			-20.7887
			200.3607
	==================================================================================
	Q5:
		Shape: Hybrid
		q_c:	17.5	249.0	369.0
		ub :	23.7164	257.6537	377.7967
		lb :	11.2836	240.3463	360.2033
		P^-1:
			0.0695	0.013	0.0141
			0.013	0.0414	0.0135
			0.0141	0.0135	0.0344
		A:
			0.4009	-0.3808	0.8332
			-0.7608	0.5441	-0.3537
			0.4005	-0.7264	-0.5585
			-0.9416	0.0272	-0.3357
			0.1011	-0.3403	-0.9349
			-0.8062	-0.1563	-0.5706
		b:
			223.8167
			-5.0406
			-376.7154
			-131.4281
			-424.279
			-261.4622
	==================================================================================
	Q6:
		Shape: Ellipse
		q_c:	35.0	268.0	376.0
		ub :	42.2029	274.9303	381.3648
		lb :	27.7971	261.0697	370.6352
		P^-1:
			0.0505	-0.013	0.0314
			-0.013	0.0561	-0.0388
			0.0314	-0.0388	0.1333


===========================================================================================
===========================================================================================
S10:
	q_c:	84.5	140.5	211.0
	ub :	98.6638	157.846	235.4347
	lb :	66.5472	126.297	185.3953

	==================================================================================
	Q1:
		Shape: Polyhedra
		q_c:	75.5	137.5	207.5
		ub :	84.4528	147.0688	215.7298
		lb :	66.5472	127.9312	199.2702
		A:
			0.4897	0.7624	-0.423
			-0.833	-0.2542	0.4915
			-0.5688	0.3019	0.765
			-0.161	-0.8341	0.5276
			0.6887	0.1563	-0.708
			-0.4283	0.8856	0.1798
			0.0675	0.3829	0.9213
			-0.9225	0.3756	-0.0885
			-0.38	-0.844	0.3786
			-0.0675	-0.3829	-0.9213
			0.9225	-0.3756	0.0885
			0.38	0.844	-0.3786
		b:
			59.5475
			10.3125
			163.6282
			-11.7742
			-67.3431
			133.1418
			254.9233
			-29.3654
			-60.6628
			-242.9233
			43.3654
			71.6628
	==================================================================================
	Q2:
		Shape: Ellipse
		q_c:	84.5	138.5	226.0
		ub :	89.5368	147.4016	234.3611
		lb :	79.4632	129.5984	217.6389
		P^-1:
			0.221	-0.0679	0.0065
			-0.0679	0.084	0.0505
			0.0065	0.0505	0.0684
	==================================================================================
	Q3:
		Shape: Hybrid
		q_c:	83.0	137.0	214.0
		ub :	90.1224	144.7746	220.6438
		lb :	75.8776	129.2254	207.3562
		P^-1:
			0.0448	0.0092	-0.0107
			0.0092	0.0574	-0.0212
			-0.0107	-0.0212	0.0525
		A:
			-0.3034	-0.8575	0.4155
			0.1433	-0.9528	-0.2677
			0.0115	-0.5003	0.8658
			-0.5335	0.8238	0.1915
			0.2939	0.6119	-0.7343
			0.56	0.8226	-0.0984
		b:
			-51.808
			-172.6426
			119.9059
			112.8515
			-47.1163
			140.5881
	==================================================================================
	Q4:
		Shape: Hybrid
		q_c:	90.0	146.5	196.0
		ub :	98.6638	157.846	206.6047
		lb :	81.3362	135.154	185.3953
		P^-1:
			0.0346	-0.0087	-0.0038
			-0.0087	0.0232	0.0007
			-0.0038	0.0007	0.0204
		A:
			0.9119	0.2897	-0.2905
			-0.0484	-0.6903	-0.7219
			0.9795	-0.097	0.1764
			-0.2375	-0.9037	0.3563
			-0.8375	0.24	-0.4909
			-0.8967	-0.0981	0.4316
		b:
			71.2924
			-242.3642
			111.7615
			-79.2937
			-132.8208
			-7.1743
	==================================================================================
	Q5:
		Shape: Polyhedra
		q_c:	76.0	144.0	222.5
		ub :	83.1768	150.8652	229.0353
		lb :	68.8232	137.1348	215.9647
		A:
			-0.8334	-0.2448	-0.4955
			0.8408	-0.1094	0.5302
			0.9926	-0.1217	-0.0047
			0.1449	0.9894	0.0119
			-0.9857	-0.0457	0.1621
			0.1317	0.8873	-0.4419
			0.7107	0.5495	0.4393
			0.5714	-0.8152	0.0953
			0.4105	0.1833	-0.8933
			-0.7107	-0.5495	-0.4393
			-0.5714	0.8152	-0.0953
			-0.4105	-0.1833	0.8933
		b:
			-205.8613
			170.1115
			61.3957
			160.6077
			-40.9641
			44.6202
			233.3886
			-47.2577
			-135.657
			-228.3886
			58.2577
			146.657
	==================================================================================
	Q6:
		Shape: Hybrid
		q_c:	86.5	133.5	227.5
		ub :	94.8804	140.703	235.4347
		lb :	78.1196	126.297	219.5653
		P^-1:
			0.0428	-0.0041	0.0015
			-0.0041	0.0458	-0.0021
			0.0015	-0.0021	0.0408
		A:
			0.4543	-0.6198	0.6399
			-0.0094	0.6356	-0.7719
			-0.3755	-0.9197	-0.115
			-0.1324	-0.7257	0.6752
			-0.0146	-0.9582	-0.2857
			-0.0636	-0.3716	0.9262
		b:
			104.4673
			-89.0859
			-178.7814
			47.7828
			-191.6312
			158.2154


===========================================================================================
===========================================================================================
S11:
	q_c:	237.0	281.0	175.0
	ub :	250.5965	295.8257	189.5456
	lb :	221.3251	265.1088	156.5526

	==================================================================================
	Q1:
		Shape: Ellipse
		q_c:	238.0	278.0	182.5
		ub :	242.8829	283.3641	186.6022
		lb :	233.1171	272.6359	178.3978
		P^-1:
			0.1276	0.0416	-0.0162
			0.0416	0.09	-0.0035
			-0.0162	-0.0035	0.1159
	==================================================================================
	Q2:
		Shape: Hybrid
		q_c:	232.0	272.0	164.5
		ub :	239.6557	278.8912	172.39
		lb :	224.3443	265.1088	156.61
		P^-1:
			0.0616	0.0326	0.0213
			0.0326	0.0795	0.0095
			0.0213	0.0095	0.0471
		A:
			0.437	-0.8973	-0.0621
			0.6645	-0.6733	-0.3242
			-0.1947	-0.9718	-0.1333
			0.8971	0.3522	-0.267
			0.6409	0.6873	0.3419
			-0.3788	-0.5286	0.7597
		b:
			-149.3904
			-78.0753
			-329.3258
			263.145
			393.3798
			-103.3146
	==================================================================================
	Q3:
		Shape: Polyhedra
		q_c:	245.0	276.5	184.0
		ub :	250.5965	280.7352	189.5456
		lb :	239.4035	272.2648	178.4544
		A:
			0.6759	-0.1707	0.717
			-0.8334	0.1017	0.5433
			-0.0721	-0.9378	-0.3396
			0.8824	-0.3084	-0.3553
			0.4914	-0.3307	-0.8057
			0.437	-0.0289	-0.899
			0.6106	0.2251	0.7593
			-0.6187	-0.4629	0.6348
			0.4944	-0.8573	-0.1434
			-0.6106	-0.2251	-0.7593
			0.6187	0.4629	-0.6348
			-0.4944	0.8573	0.1434
		b:
			254.0853
			-73.0118
			-336.6677
			68.3355
			-116.2403
			-62.9247
			355.5428
			-159.2717
			-140.3246
			-347.5428
			166.2717
			144.3246
	==================================================================================
	Q4:
		Shape: Hybrid
		q_c:	236.5	289.0	172.5
		ub :	243.018	295.8257	177.9129
		lb :	229.982	282.1743	167.0871
		P^-1:
			0.2115	0.144	0.1341
			0.144	0.138	0.1183
			0.1341	0.1183	0.1811
		A:
			0.8938	0.4484	-0.0078
			-0.9122	-0.3828	-0.146
			-0.8787	-0.0132	-0.4772
			-0.5114	-0.8386	-0.1877
			-0.4923	-0.2669	-0.8285
			-0.9189	-0.2607	-0.2962
		b:
			341.5624
			-349.8006
			-291.0095
			-393.253
			-334.926
			-341.7794
	==================================================================================
	Q5:
		Shape: Polyhedra
		q_c:	230.0	274.5	165.5
		ub :	238.6749	282.4892	174.4474
		lb :	221.3251	266.5108	156.5526
		A:
			-0.6161	-0.7247	0.3086
			0.7768	-0.5328	-0.3356
			-0.908	0.3174	0.2735
			0.5859	-0.7515	0.3033
			-0.7527	0.5004	-0.4279
			0.1964	-0.5307	-0.8245
			0.6273	0.3567	0.6923
			0.7471	-0.0246	-0.6643
			-0.2199	0.9339	-0.2819
			-0.6273	-0.3567	-0.6923
			-0.7471	0.0246	0.6643
			0.2199	-0.9339	0.2819
		b:
			-283.7299
			-17.2821
			-70.7735
			-15.0201
			-100.6462
			-231.5597
			361.7687
			60.624
			165.6162
			-351.7687
			-49.624
			-152.6162
	==================================================================================
	Q6:
		Shape: Polyhedra
		q_c:	231.5	274.0	180.0
		ub :	236.6642	279.8669	185.5259
		lb :	226.3358	268.1331	174.4741
		A:
			-0.4481	0.4502	-0.7723
			0.2576	-0.6388	-0.725
			0.3934	-0.9183	0.0442
			-0.973	0.1445	-0.1802
			-0.8756	0.2057	-0.4371
			-0.1204	-0.4653	0.8769
			0.622	0.6515	0.4344
			-0.1743	-0.4257	0.8879
			0.7634	-0.628	-0.1512
			-0.622	-0.6515	-0.4344
			0.1743	0.4257	-0.8879
			-0.7634	0.628	0.1512
		b:
			-115.6777
			-242.5258
			-149.3756
			-214.9085
			-221.7058
			6.4588
			404.1888
			6.8346
			-19.5541
			-397.1888
			1.1654
			25.5541


===========================================================================================
===========================================================================================
S12:
	q_c:	278.5	286.5	188.5
	ub :	288.3061	295.7422	200.2342
	lb :	271.9296	278.7517	181.0666

	==================================================================================
	Q1:
		Shape: Hybrid
		q_c:	276.0	283.0	190.0
		ub :	279.7722	286.8834	193.731
		lb :	272.2278	279.1166	186.269
		P^-1:
			0.2848	0.0148	-0.1795
			0.0148	0.0827	-0.0131
			-0.1795	-0.0131	0.2402
		A:
			-0.9124	0.3475	0.2162
			0.0008	0.9996	-0.0291
			0.9602	0.1349	0.2447
			-0.5369	-0.7754	0.3323
			-0.1425	-0.8538	0.5007
			-0.5077	0.1487	0.8486
		b:
			-110.7356
			280.3049
			351.9356
			-302.4371
			-183.4193
			64.3089
	==================================================================================
	Q2:
		Shape: Polyhedra
		q_c:	275.0	283.0	185.0
		ub :	277.058	285.5006	187.2756
		lb :	272.942	280.4994	182.7244
		A:
			0.4865	-0.3908	-0.7814
			-0.683	0.4314	-0.5894
			-0.3239	0.405	0.855
			0.0125	0.169	-0.9855
			-0.3259	-0.7024	0.6328
			0.1563	-0.5054	-0.8486
			0.8912	0.4078	0.1988
			0.028	-0.4868	0.8731
			0.4528	-0.7725	-0.4452
			-0.8912	-0.4078	-0.1988
			-0.028	0.4868	-0.8731
			-0.4528	0.7725	0.4452
		b:
			-119.8689
			-173.2713
			185.2066
			-129.5664
			-169.8325
			-255.5555
			398.7538
			32.9748
			-174.9589
			-395.7538
			-29.9748
			177.9589
	==================================================================================
	Q3:
		Shape: Hybrid
		q_c:	277.0	284.0	185.0
		ub :	282.0704	289.2483	188.9334
		lb :	271.9296	278.7517	181.0666
		P^-1:
			0.0816	-0.0	-0.0
			-0.0	0.0816	0.0
			-0.0	0.0	0.0816
		A:
			0.6875	-0.2383	0.686
			-0.3643	0.8728	0.3249
			0.6644	0.4952	-0.5599
			-0.0681	0.9746	-0.2135
			0.2949	0.8164	-0.4964
			0.1511	-0.9865	0.0628
		b:
			251.3985
			208.8177
			222.8298
			220.1731
			223.4719
			-224.9311
	==================================================================================
	Q4:
		Shape: Ellipse
		q_c:	283.5	291.5	190.5
		ub :	288.3061	295.7422	195.9602
		lb :	278.6939	287.2578	185.0398
		P^-1:
			0.1022	0.0035	0.0185
			0.0035	0.1097	-0.0073
			0.0185	-0.0073	0.0728
	==================================================================================
	Q5:
		Shape: Hybrid
		q_c:	281.0	286.0	196.0
		ub :	285.2931	290.5984	200.2342
		lb :	276.7069	281.4016	191.7658
		P^-1:
			0.1527	-0.0213	-0.008
			-0.0213	0.0976	-0.0234
			-0.008	-0.0234	0.1513
		A:
			0.7464	-0.0886	0.6595
			-0.6255	0.7175	-0.3065
			-0.264	0.629	-0.7312
			-0.8342	-0.2507	0.4911
			-0.7282	0.3841	0.5675
			0.5884	0.7594	-0.2777
		b:
			315.0998
			-29.2348
			-36.2777
			-208.478
			17.8334
			329.9629
	==================================================================================
	Q6:
		Shape: Polyhedra
		q_c:	280.0	289.0	192.5
		ub :	284.2839	294.2384	197.1386
		lb :	275.7161	283.7616	187.8614
		A:
			-0.7131	-0.67	0.2063
			0.9935	0.068	-0.0912
			0.4953	-0.6487	0.5778
			0.7159	-0.6893	0.1115
			-0.2087	-0.0104	-0.9779
			0.8912	0.4446	-0.0898
			0.3107	0.6601	0.6839
			-0.8952	0.4451	-0.0229
			-0.3195	-0.6052	0.7292
			-0.3107	-0.6601	-0.6839
			0.8952	-0.4451	0.0229
			0.3195	0.6052	-0.7292
		b:
			-350.4943
			282.9667
			65.211
			25.2767
			-246.4131
			363.7298
			412.9083
			-123.9483
			-120.9876
			-405.9083
			128.9483
			126.9876


===========================================================================================
===========================================================================================
