3D_30_20_6_c                l = 3

===========================================================================================
===========================================================================================
S1:
	q_c:    468.0000    218.5000    167.0000
	ub :    477.0000    232.0000    189.0000
	lb :    459.0000    205.0000    145.0000

	==================================================================================
	Q1:
		Shape: Hybrid
		q_c:    463.0000    227.5000    160.5000
		ub :    471.7849    234.8323    168.5116
		lb :    454.2151    220.1677    152.4884
		P^-1: 
			    0.0308    0.0045    -0.0172
			    0.0045    0.1015    -0.0631
			    -0.0172    -0.0631    0.0881
		A:
			    -0.0800    -0.3486    0.9338
			    0.9537    -0.2359    0.1866
			    -0.4659    0.7995    -0.3790
			    -0.1488    -0.8785    0.4539
			    0.0684    0.7357    -0.6738
			    0.3276    -0.9114    0.2489
		b:
			    35.8362
			    422.6682
			    -92.0604
			    -194.2433
			    92.1448
			    -13.3367
	==================================================================================
	Q2:
		Shape: Ellipse
		q_c:    466.5000    226.5000    166.5000
		ub :    472.4308    234.1808    173.6167
		lb :    460.5692    218.8192    159.3833
		P^-1: 
			    0.1117    0.0476    0.0390
			    0.0476    0.0631    0.0209
			    0.0390    0.0209    0.0583
	==================================================================================
	Q3:
		Shape: Polyhedra
		q_c:    474.0000    218.5000    173.0000
		ub :    477.0526    222.4144    176.6904
		lb :    470.9474    214.5856    169.3096
		A:
			    -0.5691    0.6413    -0.5147
			    -0.5634    0.3806    -0.7333
			    0.9464    0.1633    0.2786
			    0.0042    0.6970    -0.7171
			    0.5620    -0.7857    0.2584
			    0.1434    0.9856    -0.0890
			    0.2520    0.6083    0.7526
			    -0.9464    0.3171    0.0606
			    -0.2018    -0.7276    0.6557
			    -0.2520    -0.6083    -0.7526
			    0.9464    -0.3171    -0.0606
			    0.2018    0.7276    -0.6557
		b:
			    -216.6499
			    -308.5008
			    534.8355
			    32.2170
			    141.4273
			    270.3146
			    385.5901
			    -366.8372
			    -139.1780
			    -379.5901
			    370.8372
			    143.1780
	==================================================================================
	Q4:
		Shape: Ellipse
		q_c:    464.0000    212.0000    169.0000
		ub :    469.1032    217.2905    174.9285
		lb :    458.8968    206.7095    163.0715
		P^-1: 
			    0.0632    -0.0021    0.0030
			    -0.0021    0.0684    -0.0086
			    0.0030    -0.0086    0.0750
	==================================================================================
	Q5:
		Shape: Ellipse
		q_c:    460.5000    219.0000    170.5000
		ub :    465.6192    221.5962    175.8105
		lb :    455.3808    216.4038    165.1895
		P^-1: 
			    0.1384    0.0736    -0.0801
			    0.0736    0.3931    -0.0814
			    -0.0801    -0.0814    0.1224
	==================================================================================
	Q6:
		Shape: Polyhedra
		q_c:    461.0000    216.0000    169.5000
		ub :    468.2538    223.0294    176.5734
		lb :    453.7462    208.9706    162.4266
		A:
			    0.3657    0.4759    0.7999
			    -0.2503    0.1653    -0.9540
			    0.8685    -0.2836    -0.4065
			    0.9662    -0.2153    -0.1416
			    -0.6469    -0.7464    -0.1563
			    0.1285    -0.1367    0.9822
			    0.7301    0.0220    0.6829
			    -0.6780    -0.1009    0.7281
			    0.0849    -0.9946    -0.0588
			    -0.7301    -0.0220    -0.6829
			    0.6780    0.1009    -0.7281
			    -0.0849    0.9946    0.0588
		b:
			    412.3010
			    -236.4774
			    275.0952
			    379.8317
			    -480.2342
			    201.0054
			    462.1038
			    -206.4429
			    -179.1515
			    -452.1038
			    215.4429
			    192.1515


===========================================================================================
===========================================================================================
S2:
	q_c:    165.5000    188.5000    251.5000
	ub :    184.0000    205.0000    274.0000
	lb :    147.0000    172.0000    229.0000

	==================================================================================
	Q1:
		Shape: Ellipse
		q_c:    171.0000    200.5000    235.0000
		ub :    179.5893    208.0149    242.5723
		lb :    162.4107    192.9851    227.4277
		P^-1: 
			    0.0193    -0.0075    0.0026
			    -0.0075    0.0554    -0.0134
			    0.0026    -0.0134    0.0293
	==================================================================================
	Q2:
		Shape: Ellipse
		q_c:    161.5000    199.0000    249.5000
		ub :    168.1508    204.0309    255.6946
		lb :    154.8492    193.9691    243.3054
		P^-1: 
			    0.0552    0.0010    0.0064
			    0.0010    0.0624    -0.0009
			    0.0064    -0.0009    0.0568
	==================================================================================
	Q3:
		Shape: Ellipse
		q_c:    159.5000    204.0000    243.5000
		ub :    169.0955    213.2764    251.0019
		lb :    149.9045    194.7236    235.9981
		P^-1: 
			    0.0347    -0.0070    -0.0235
			    -0.0070    0.0270    0.0062
			    -0.0235    0.0062    0.0681
	==================================================================================
	Q4:
		Shape: Ellipse
		q_c:    160.5000    191.0000    237.5000
		ub :    170.3643    201.2286    246.6096
		lb :    150.6357    180.7714    228.3904
		P^-1: 
			    0.0588    0.0169    0.0439
			    0.0169    0.0277    0.0039
			    0.0439    0.0039    0.0700
	==================================================================================
	Q5:
		Shape: Polyhedra
		q_c:    169.0000    193.5000    267.0000
		ub :    175.9662    199.4331    273.5305
		lb :    162.0338    187.5669    260.4695
		A:
			    0.9587    -0.1945    -0.2076
			    0.3255    0.2565    -0.9101
			    -0.0687    -0.5726    0.8170
			    -0.0804    -0.5830    0.8085
			    0.2556    0.5385    -0.8029
			    0.1334    0.8579    -0.4962
			    0.4507    0.5817    0.6772
			    -0.0208    -0.7515    0.6594
			    0.8924    -0.3113    -0.3266
			    -0.4507    -0.5817    -0.6772
			    0.0208    0.7515    -0.6594
			    -0.8924    0.3113    0.3266
		b:
			    73.5206
			    -135.1494
			    97.4391
			    91.0936
			    -65.0992
			    57.8201
			    376.0203
			    28.1196
			    7.8992
			    -363.0203
			    -26.1196
			    1.1008
	==================================================================================
	Q6:
		Shape: Ellipse
		q_c:    161.5000    181.0000    256.5000
		ub :    170.0340    190.8015    264.6234
		lb :    152.9660    171.1985    248.3766
		P^-1: 
			    0.0278    -0.0000    0.0001
			    -0.0000    0.0284    -0.0017
			    0.0001    -0.0017    0.0324


===========================================================================================
===========================================================================================
S3:
	q_c:    151.0000    153.5000    228.5000
	ub :    165.0000    181.0000    240.0000
	lb :    137.0000    126.0000    217.0000

	==================================================================================
	Q1:
		Shape: Ellipse
		q_c:    151.5000    149.5000    223.5000
		ub :    160.1203    158.5398    230.9581
		lb :    142.8797    140.4602    216.0419
		P^-1: 
			    0.0377    -0.0034    -0.0116
			    -0.0034    0.0348    0.0114
			    -0.0116    0.0114    0.0508
	==================================================================================
	Q2:
		Shape: Ellipse
		q_c:    143.5000    159.0000    234.0000
		ub :    152.2885    166.7926    241.7220
		lb :    134.7115    151.2074    226.2780
		P^-1: 
			    0.0307    0.0092    0.0069
			    0.0092    0.0449    -0.0034
			    0.0069    -0.0034    0.0468
	==================================================================================
	Q3:
		Shape: Hybrid
		q_c:    149.5000    161.0000    221.0000
		ub :    155.9822    167.5409    224.4144
		lb :    143.0178    154.4591    217.5856
		P^-1: 
			    0.0859    0.0671    0.0103
			    0.0671    0.0992    -0.0093
			    0.0103    -0.0093    0.1586
		A:
			    -0.8455    -0.5337    -0.0151
			    -0.2364    -0.3875    0.8910
			    0.8433    0.4920    0.2163
			    -0.9469    -0.3152    0.0636
			    -0.3539    -0.7529    0.5549
			    -0.2539    -0.6106    -0.7501
		b:
			    -213.9566
			    100.4420
			    254.8238
			    -175.6233
			    -50.0019
			    -300.2231
	==================================================================================
	Q4:
		Shape: Ellipse
		q_c:    162.0000    154.5000    223.5000
		ub :    168.8858    160.2844    230.7942
		lb :    155.1142    148.7156    216.2058
		P^-1: 
			    0.0531    -0.0050    -0.0099
			    -0.0050    0.0599    -0.0052
			    -0.0099    -0.0052    0.0520
	==================================================================================
	Q5:
		Shape: Ellipse
		q_c:    142.5000    152.0000    235.0000
		ub :    150.8466    155.0022    242.7333
		lb :    134.1534    148.9978    227.2667
		P^-1: 
			    0.0404    0.0780    -0.0026
			    0.0780    0.4293    0.0052
			    -0.0026    0.0052    0.0315
	==================================================================================
	Q6:
		Shape: Polyhedra
		q_c:    159.5000    143.5000    229.0000
		ub :    165.2140    149.3808    235.6719
		lb :    153.7860    137.6192    222.3281
		A:
			    -0.8831    -0.4091    -0.2296
			    -0.3392    -0.8103    0.4779
			    -0.0483    0.0680    0.9965
			    -0.6297    0.3658    -0.6853
			    -0.4037    0.7454    -0.5304
			    0.2322    0.6579    0.7164
			    0.2907    0.8275    0.4803
			    -0.9324    0.1323    0.3364
			    0.2149    -0.5457    0.8100
			    -0.2907    -0.8275    -0.4803
			    0.9324    -0.1323    -0.3364
			    -0.2149    0.5457    -0.8100
		b:
			    -248.3795
			    -56.7788
			    234.4194
			    -200.5093
			    -74.4978
			    299.0911
			    278.6129
			    -48.6841
			    145.9594
			    -271.6129
			    56.6841
			    -136.9594


===========================================================================================
===========================================================================================
S4:
	q_c:    95.0000    519.5000    223.5000
	ub :    115.0000    527.0000    241.0000
	lb :    75.0000    512.0000    206.0000

	==================================================================================
	Q1:
		Shape: Polyhedra
		q_c:    103.0000    528.0000    220.5000
		ub :    106.3906    531.8350    224.1817
		lb :    99.6094    524.1650    216.8183
		A:
			    0.5210    0.4783    0.7070
			    -0.9457    0.2359    -0.2238
			    -0.1404    -0.8841    -0.4457
			    -0.7818    -0.3336    0.5268
			    0.9486    -0.2203    -0.2273
			    0.7518    -0.5746    -0.3236
			    0.7815    0.5821    0.2244
			    0.6165    -0.7757    -0.1350
			    0.0954    0.2439    -0.9651
			    -0.7815    -0.5821    -0.2244
			    -0.6165    0.7757    0.1350
			    -0.0954    -0.2439    0.9651
		b:
			    464.4098
			    -19.8938
			    -577.2692
			    -137.9826
			    -66.3343
			    -294.7634
			    439.3264
			    -373.3339
			    -71.2142
			    -435.3264
			    378.3339
			    77.2142
	==================================================================================
	Q2:
		Shape: Hybrid
		q_c:    94.5000    523.0000    223.0000
		ub :    99.4212    528.8920    227.6721
		lb :    89.5788    517.1080    218.3279
		P^-1: 
			    0.0789    0.0088    -0.0016
			    0.0088    0.0531    0.0053
			    -0.0016    0.0053    0.0807
		A:
			    -0.2811    -0.3674    -0.8866
			    -0.9407    -0.1573    0.3006
			    -0.4033    0.6788    -0.6136
			    -0.1295    0.4442    0.8865
			    0.6344    -0.2395    -0.7350
			    0.3810    0.2509    -0.8899
		b:
			    -414.6711
			    -102.3413
			    182.6000
			    419.6082
			    -227.3907
			    -29.3850
	==================================================================================
	Q3:
		Shape: Polyhedra
		q_c:    97.0000    523.5000    231.5000
		ub :    101.3155    526.3351    235.7831
		lb :    92.6845    520.6649    227.2169
		A:
			    -0.4236    0.8936    0.1482
			    -0.0057    -0.6669    -0.7451
			    -0.8499    -0.2839    -0.4439
			    0.2288    -0.7495    0.6211
			    -0.7089    0.5491    0.4427
			    0.2176    -0.6764    -0.7037
			    0.8802    0.0972    0.4645
			    -0.4404    -0.1975    0.8758
			    0.1769    -0.9755    -0.1311
			    -0.8802    -0.0972    -0.4645
			    0.4404    0.1975    -0.8758
			    -0.1769    0.9755    0.1311
		b:
			    463.1317
			    -519.6875
			    -330.8509
			    -223.8228
			    323.7054
			    -493.4745
			    246.7856
			    59.6255
			    -521.8470
			    -240.7856
			    -53.6255
			    525.8470
	==================================================================================
	Q4:
		Shape: Polyhedra
		q_c:    89.0000    526.5000    224.5000
		ub :    94.2783    531.9435    228.6586
		lb :    83.7217    521.0565    220.3414
		A:
			    0.2128    -0.3754    -0.9021
			    -0.0297    -0.9984    0.0481
			    0.0377    0.8324    -0.5529
			    0.6387    -0.0352    -0.7687
			    -0.6918    0.5634    -0.4517
			    -0.1788    -0.8954    -0.4078
			    0.8450    0.5279    0.0853
			    0.1093    -0.3266    0.9388
			    0.5235    -0.7840    -0.3337
			    -0.8450    -0.5279    -0.0853
			    -0.1093    0.3266    -0.9388
			    -0.5235    0.7840    0.3337
		b:
			    -378.2142
			    -514.1594
			    320.6706
			    -130.9928
			    136.7598
			    -575.4196
			    376.3115
			    51.5383
			    -438.0801
			    -368.3115
			    -45.5383
			    444.0801
	==================================================================================
	Q5:
		Shape: Ellipse
		q_c:    87.5000    528.5000    220.0000
		ub :    91.9730    533.2067    224.5275
		lb :    83.0270    523.7933    215.4725
		P^-1: 
			    0.1324    0.0257    -0.0018
			    0.0257    0.1347    0.0117
			    -0.0018    0.0117    0.0857
	==================================================================================
	Q6:
		Shape: Ellipse
		q_c:    90.5000    519.5000    224.5000
		ub :    96.1192    525.4182    228.4856
		lb :    84.8808    513.5818    220.5144
		P^-1: 
			    0.0918    -0.0286    -0.0015
			    -0.0286    0.0688    -0.0022
			    -0.0015    -0.0022    0.1110


===========================================================================================
===========================================================================================
S5:
	q_c:    432.0000    291.5000    258.5000
	ub :    454.0000    311.0000    275.0000
	lb :    410.0000    272.0000    242.0000

	==================================================================================
	Q1:
		Shape: Ellipse
		q_c:    419.5000    299.5000    239.0000
		ub :    427.0230    307.1495    246.0372
		lb :    411.9770    291.8505    231.9628
		P^-1: 
			    0.0486    0.0010    -0.0024
			    0.0010    0.0481    0.0031
			    -0.0024    0.0031    0.0421
	==================================================================================
	Q2:
		Shape: Polyhedra
		q_c:    423.5000    301.5000    267.0000
		ub :    431.1322    309.3377    275.0175
		lb :    415.8678    293.6623    258.9825
		A:
			    0.4342    0.8514    0.2941
			    0.3586    -0.2094    0.9097
			    -0.9370    0.2087    0.2800
			    -0.0808    0.8516    0.5180
			    -0.1543    -0.7790    -0.6078
			    0.0779    0.8589    -0.5062
			    0.8668    0.4534    0.2075
			    -0.1628    -0.1361    0.9772
			    0.4713    -0.8809    -0.0442
			    -0.8668    -0.4534    -0.2075
			    0.1628    0.1361    -0.9772
			    -0.4713    0.8809    0.0442
		b:
			    523.9964
			    338.1443
			    -253.7597
			    366.4529
			    -456.9707
			    162.8259
			    563.7018
			    157.9581
			    -72.2719
			    -554.7018
			    -143.9581
			    83.2719
	==================================================================================
	Q3:
		Shape: Polyhedra
		q_c:    444.5000    303.5000    263.0000
		ub :    453.0331    311.3313    266.9431
		lb :    435.9669    295.6687    259.0569
		A:
			    -0.8087    0.5679    -0.1532
			    -0.5739    0.7788    -0.2533
			    0.3413    -0.0235    -0.9396
			    -0.3395    0.4517    -0.8251
			    -0.4854    0.8728    0.0513
			    -0.8481    0.1962    -0.4922
			    0.7808    0.6236    0.0391
			    0.6248    -0.7798    -0.0387
			    0.0063    0.0547    -0.9985
			    -0.7808    -0.6236    -0.0391
			    -0.6248    0.7798    0.0387
			    -0.0063    -0.0547    0.9985
		b:
			    -223.6230
			    -82.2807
			    -98.6966
			    -227.4202
			    65.9336
			    -441.4174
			    555.0948
			    33.8537
			    -239.6948
			    -538.0948
			    -27.8537
			    246.6948
	==================================================================================
	Q4:
		Shape: Hybrid
		q_c:    443.5000    288.0000    254.5000
		ub :    454.1357    298.6089    261.9074
		lb :    432.8643    277.3911    247.0926
		P^-1: 
			    0.0251    -0.0096    0.0109
			    -0.0096    0.0305    -0.0152
			    0.0109    -0.0152    0.0484
		A:
			    0.0093    0.1984    -0.9801
			    -0.0139    -0.2626    0.9648
			    0.9913    -0.1313    0.0064
			    0.8337    -0.2035    0.5134
			    -0.5001    -0.2057    -0.8412
			    0.1666    0.0219    0.9858
		b:
			    -185.4339
			    166.4055
			    408.1212
			    445.1756
			    -491.4777
			    334.0326
	==================================================================================
	Q5:
		Shape: Hybrid
		q_c:    441.5000    297.5000    245.0000
		ub :    452.3378    307.4409    252.7024
		lb :    430.6622    287.5591    237.2976
		P^-1: 
			    0.0406    0.0149    0.0561
			    0.0149    0.0220    0.0300
			    0.0561    0.0300    0.1236
		A:
			    -0.2674    -0.3825    -0.8844
			    -0.3852    0.7975    0.4643
			    -0.6288    -0.7290    -0.2703
			    0.6149    0.6402    0.4606
			    -0.3503    -0.4255    -0.8344
			    0.7094    0.7046    -0.0141
		b:
			    -446.6552
			    187.5860
			    -555.3695
			    578.9183
			    -483.8898
			    526.0394
	==================================================================================
	Q6:
		Shape: Hybrid
		q_c:    431.0000    292.5000    259.5000
		ub :    437.6798    303.1421    269.9092
		lb :    424.3202    281.8579    249.0908
		P^-1: 
			    0.0562    0.0120    0.0105
			    0.0120    0.0246    -0.0029
			    0.0105    -0.0029    0.0251
		A:
			    0.1236    -0.9770    -0.1738
			    -0.4846    -0.3975    0.7792
			    0.1451    -0.2859    -0.9472
			    0.7022    0.0527    0.7100
			    -0.6536    -0.4841    0.5818
			    0.8617    0.5049    0.0501
		b:
			    -272.2072
			    -118.8041
			    -261.4759
			    505.1433
			    -268.7617
			    534.3341


===========================================================================================
===========================================================================================
S6:
	q_c:    205.0000    174.5000    107.0000
	ub :    223.0000    205.0000    139.0000
	lb :    187.0000    144.0000    75.0000

	==================================================================================
	Q1:
		Shape: Ellipse
		q_c:    203.0000    181.0000    99.5000
		ub :    214.1984    194.8056    113.1380
		lb :    191.8016    167.1944    85.8620
		P^-1: 
			    0.0198    -0.0044    -0.0043
			    -0.0044    0.0154    -0.0020
			    -0.0043    -0.0020    0.0163
	==================================================================================
	Q2:
		Shape: Hybrid
		q_c:    194.0000    161.0000    98.0000
		ub :    204.9941    173.4198    108.8528
		lb :    183.0059    148.5802    87.1472
		P^-1: 
			    0.0182    0.0019    0.0015
			    0.0019    0.0194    -0.0025
			    0.0015    -0.0025    0.0222
		A:
			    0.9392    -0.2204    0.2634
			    0.5327    0.3893    -0.7515
			    0.0350    -0.9787    -0.2022
			    -0.6630    -0.0050    -0.7486
			    0.0916    -0.9909    0.0987
			    0.8619    -0.4661    0.1997
		b:
			    176.6800
			    95.9942
			    -166.3782
			    -199.2405
			    -128.0804
			    116.0462
	==================================================================================
	Q3:
		Shape: Ellipse
		q_c:    200.0000    169.5000    93.5000
		ub :    203.4765    174.7924    100.2821
		lb :    196.5235    164.2076    86.7179
		P^-1: 
			    0.1108    0.0026    0.0040
			    0.0026    0.0401    -0.0004
			    0.0040    -0.0004    0.0239
	==================================================================================
	Q4:
		Shape: Polyhedra
		q_c:    215.0000    171.5000    125.5000
		ub :    221.0404    179.3757    133.7796
		lb :    208.9596    163.6243    117.2204
		A:
			    0.5156    -0.7280    -0.4518
			    -0.7881    0.5895    0.1774
			    0.8984    -0.3634    -0.2466
			    -0.5685    0.2967    0.7673
			    0.0674    -0.5033    -0.8615
			    0.5341    -0.8352    -0.1310
			    0.6885    0.4029    0.6030
			    -0.2230    -0.6736    0.7047
			    0.6901    -0.6197    -0.3739
			    -0.6885    -0.4029    -0.6030
			    0.2230    0.6736    -0.7047
			    -0.6901    0.6197    0.3739
		b:
			    -68.0878
			    -43.4238
			    102.7186
			    28.9588
			    -176.1869
			    -41.4537
			    296.8062
			    -68.0255
			    -2.3158
			    -288.8062
			    82.0255
			    7.3158
	==================================================================================
	Q5:
		Shape: Hybrid
		q_c:    188.0000    191.5000    96.5000
		ub :    197.5257    203.4047    108.6034
		lb :    178.4743    179.5953    84.3966
		P^-1: 
			    0.0342    0.0065    -0.0013
			    0.0065    0.0234    0.0130
			    -0.0013    0.0130    0.0255
		A:
			    0.9895    -0.1212    0.0787
			    -0.9723    0.2033    -0.1149
			    0.9472    0.0750    0.3119
			    -0.3562    0.7640    0.5380
			    -0.8486    -0.5145    0.1230
			    -0.9126    -0.3832    -0.1427
		b:
			    174.0843
			    -150.9000
			    226.0598
			    134.6840
			    -243.0569
			    -256.0708
	==================================================================================
	Q6:
		Shape: Hybrid
		q_c:    204.5000    183.5000    91.0000
		ub :    213.9783    192.7156    99.0386
		lb :    195.0217    174.2844    82.9614
		P^-1: 
			    0.0357    0.0041    0.0096
			    0.0041    0.0299    0.0049
			    0.0096    0.0049    0.0394
		A:
			    0.0351    -0.6372    0.7699
			    0.5292    0.8485    -0.0057
			    0.4232    0.8080    0.4099
			    -0.9150    -0.2805    -0.2901
			    -0.0366    -0.6518    0.7575
			    -0.8038    0.5742    0.1557
		b:
			    -36.1548
			    266.6937
			    274.9353
			    -262.2840
			    -54.5461
			    -41.1333


===========================================================================================
===========================================================================================
S7:
	q_c:    468.5000    73.5000    469.0000
	ub :    483.0000    106.0000    476.0000
	lb :    454.0000    41.0000    462.0000

	==================================================================================
	Q1:
		Shape: Ellipse
		q_c:    466.0000    72.0000    465.0000
		ub :    470.7077    76.3479    468.7663
		lb :    461.2923    67.6521    461.2337
		P^-1: 
			    0.1256    0.0379    0.0039
			    0.0379    0.1151    0.0080
			    0.0039    0.0080    0.1121
	==================================================================================
	Q2:
		Shape: Polyhedra
		q_c:    467.0000    79.5000    471.5000
		ub :    471.6523    84.5151    476.1837
		lb :    462.3477    74.4849    466.8163
		A:
			    0.4797    -0.5145    -0.7107
			    -0.5445    0.4712    -0.6939
			    -0.5171    0.7923    0.3238
			    -0.1391    -0.3651    0.9205
			    -0.7908    0.5520    -0.2646
			    -0.0766    -0.6883    -0.7214
			    0.3574    0.0269    0.9335
			    -0.9233    0.1603    0.3489
			    -0.1403    -0.9867    0.0821
			    -0.3574    -0.0269    -0.9335
			    0.9233    -0.1603    -0.3489
			    0.1403    0.9867    -0.0821
		b:
			    -148.5985
			    -540.3274
			    -22.0453
			    343.6900
			    -446.6544
			    -426.7331
			    612.7308
			    -250.9384
			    -100.7362
			    -605.7308
			    256.9384
			    109.7362
	==================================================================================
	Q3:
		Shape: Polyhedra
		q_c:    464.0000    68.0000    472.5000
		ub :    471.5083    74.5543    479.1204
		lb :    456.4917    61.4457    465.8796
		A:
			    -0.0371    -0.7906    0.6112
			    -0.2470    0.9451    0.2140
			    -0.0157    -0.8480    0.5297
			    -0.0661    -0.9964    -0.0535
			    0.1373    -0.6572    -0.7411
			    0.4031    0.8964    -0.1843
			    0.5250    0.8062    0.2729
			    0.3839    0.0619    -0.9213
			    -0.7596    0.5885    -0.2770
			    -0.5250    -0.8062    -0.2729
			    -0.3839    -0.0619    0.9213
			    0.7596    -0.5885    0.2770
		b:
			    222.2920
			    55.2783
			    189.8330
			    -119.2277
			    -326.6196
			    165.4077
			    431.8746
			    -248.4763
			    -438.8172
			    -422.8746
			    257.4763
			    447.8172
	==================================================================================
	Q4:
		Shape: Polyhedra
		q_c:    472.5000    69.5000    477.5000
		ub :    476.6803    73.6754    481.9506
		lb :    468.3197    65.3246    473.0494
		A:
			    -0.0705    -0.2984    0.9518
			    -0.6945    0.1105    -0.7109
			    -0.1859    0.8727    0.4516
			    -0.6020    0.5986    -0.5285
			    0.5051    -0.8425    0.1871
			    -0.3729    -0.1379    -0.9176
			    0.2657    0.8428    0.4680
			    0.9363    -0.1100    -0.3336
			    -0.2297    0.5268    -0.8184
			    -0.2657    -0.8428    -0.4680
			    -0.9363    0.1100    0.3336
			    0.2297    -0.5268    0.8184
		b:
			    403.0280
			    -657.2681
			    191.4322
			    -492.5950
			    272.2064
			    -621.1927
			    410.5891
			    278.4484
			    -460.2008
			    -404.5891
			    -272.4484
			    465.2008
	==================================================================================
	Q5:
		Shape: Polyhedra
		q_c:    470.0000    68.0000    468.0000
		ub :    474.2181    72.6314    472.8635
		lb :    465.7819    63.3686    463.1365
		A:
			    -0.2101    0.0414    -0.9768
			    0.9077    0.4090    0.0933
			    0.7086    -0.3428    0.6168
			    0.2420    0.5913    0.7693
			    0.9412    -0.3122    0.1294
			    -0.1967    -0.5930    -0.7808
			    0.7474    0.1111    0.6550
			    -0.6644    0.1159    0.7384
			    0.0061    -0.9870    0.1604
			    -0.7474    -0.1111    -0.6550
			    0.6644    -0.1159    -0.7384
			    -0.0061    0.9870    -0.1604
		b:
			    -550.1374
			    501.1168
			    601.2337
			    517.0792
			    484.7301
			    -495.0523
			    667.8832
			    44.6856
			    14.8139
			    -662.8832
			    -37.6856
			    -6.8139
	==================================================================================
	Q6:
		Shape: Ellipse
		q_c:    470.5000    77.0000    463.5000
		ub :    475.2817    82.1367    469.1179
		lb :    465.7183    71.8633    457.8821
		P^-1: 
			    0.1398    -0.0093    -0.0319
			    -0.0093    0.1102    0.0276
			    -0.0319    0.0276    0.0705


===========================================================================================
===========================================================================================
S8:
	q_c:    310.0000    370.0000    344.5000
	ub :    314.0000    390.0000    361.0000
	lb :    306.0000    350.0000    328.0000

	==================================================================================
	Q1:
		Shape: Polyhedra
		q_c:    308.0000    370.5000    344.0000
		ub :    312.1497    374.6745    346.8135
		lb :    303.8503    366.3255    341.1865
		A:
			    -0.6776    0.2332    -0.6975
			    0.4168    -0.2652    -0.8694
			    0.3335    -0.0936    0.9381
			    0.4138    -0.3846    0.8251
			    -0.4139    -0.4393    0.7973
			    -0.7684    -0.5832    -0.2635
			    0.7266    0.6774    0.1148
			    0.6435    -0.6125    -0.4591
			    -0.2407    0.4075    -0.8809
			    -0.7266    -0.6774    -0.1148
			    -0.6435    0.6125    0.4591
			    0.2407    -0.4075    0.8809
		b:
			    -360.3232
			    -266.7024
			    392.4400
			    270.3471
			    -13.8602
			    -540.4255
			    517.2510
			    -184.1613
			    -224.7161
			    -511.2510
			    189.1613
			    227.7161
	==================================================================================
	Q2:
		Shape: Ellipse
		q_c:    313.5000    367.0000    346.5000
		ub :    315.9491    369.5408    348.5748
		lb :    311.0509    364.4592    344.4252
		P^-1: 
			    0.6130    0.0995    -0.2824
			    0.0995    0.2956    -0.0013
			    -0.2824    -0.0013    0.7859
	==================================================================================
	Q3:
		Shape: Hybrid
		q_c:    309.0000    369.5000    340.5000
		ub :    312.1642    372.1411    343.6564
		lb :    305.8358    366.8589    337.3436
		P^-1: 
			    0.2507    -0.0953    0.1122
			    -0.0953    0.7363    -0.3612
			    0.1122    -0.3612    0.4231
		A:
			    0.1814    -0.3201    0.9299
			    -0.0120    0.9045    -0.4262
			    0.9911    -0.0217    -0.1310
			    -0.8244    0.3889    -0.4113
			    0.1434    -0.6541    0.7427
			    0.5199    0.7190    -0.4612
		b:
			    255.5090
			    185.9617
			    255.3280
			    -249.9194
			    56.1362
			    270.4288
	==================================================================================
	Q4:
		Shape: Hybrid
		q_c:    307.5000    368.5000    346.5000
		ub :    310.6556    372.6523    350.6297
		lb :    304.3444    364.3477    342.3703
		P^-1: 
			    0.6716    -0.2101    -0.3856
			    -0.2101    0.2010    0.0976
			    -0.3856    0.0976    0.3691
		A:
			    -0.1252    0.8436    -0.5222
			    0.7402    0.5990    0.3055
			    0.8198    0.0677    -0.5687
			    0.1331    -0.7903    -0.5981
			    -0.3008    0.9166    0.2633
			    -0.9192    0.3110    0.2414
		b:
			    93.3912
			    557.0440
			    80.8003
			    -455.3755
			    338.3713
			    -83.5699
	==================================================================================
	Q5:
		Shape: Hybrid
		q_c:    307.0000    366.5000    341.0000
		ub :    310.3154    369.7964    344.0670
		lb :    303.6846    363.2036    337.9330
		P^-1: 
			    0.3171    0.0445    -0.1082
			    0.0445    0.1878    0.0111
			    -0.1082    0.0111    0.3495
		A:
			    -0.7528    -0.4661    0.4648
			    -0.2317    0.0475    0.9716
			    -0.2164    -0.9598    0.1785
			    -0.0259    0.3517    -0.9358
			    -0.1016    0.9492    0.2979
			    -0.7784    -0.1832    -0.6004
		b:
			    -242.5525
			    278.4763
			    -355.8146
			    -196.9173
			    419.8142
			    -509.5299
	==================================================================================
	Q6:
		Shape: Polyhedra
		q_c:    315.5000    374.0000    347.5000
		ub :    318.5120    377.5207    350.1403
		lb :    312.4880    370.4793    344.8597
		A:
			    0.5179    -0.7798    0.3517
			    0.6483    -0.5493    0.5273
			    0.8432    -0.4919    0.2167
			    0.2210    0.9285    -0.2984
			    -0.5896    0.7969    0.1313
			    0.8853    0.1315    0.4460
			    0.3840    0.8782    0.2851
			    0.1091    0.2634    -0.9585
			    -0.9169    0.3992    0.0053
			    -0.3840    -0.8782    -0.2851
			    -0.1091    -0.2634    0.9585
			    0.9169    -0.3992    -0.0053
		b:
			    -3.9506
			    184.3522
			    159.3548
			    315.6302
			    159.7896
			    485.6677
			    551.1713
			    -198.1237
			    -136.1407
			    -546.1713
			    202.1237
			    140.1407


===========================================================================================
===========================================================================================
S9:
	q_c:    153.0000    283.0000    177.5000
	ub :    157.0000    314.0000    179.0000
	lb :    149.0000    252.0000    176.0000

	==================================================================================
	Q1:
		Shape: Hybrid
		q_c:    152.0000    284.0000    177.0000
		ub :    153.4577    285.4638    178.1457
		lb :    150.5423    282.5362    175.8543
		P^-1: 
			    1.0383    -0.1684    0.2917
			    -0.1684    1.7404    -1.2824
			    0.2917    -1.2824    3.2213
		A:
			    0.1471    0.5492    -0.8227
			    0.0077    0.0115    0.9999
			    -0.3648    -0.3285    0.8712
			    -0.6168    0.7723    0.1524
			    -0.4329    0.2172    0.8749
			    0.6941    0.4931    -0.5245
		b:
			    33.0169
			    181.8473
			    5.8882
			    153.2517
			    151.3461
			    153.2916
	==================================================================================
	Q2:
		Shape: Polyhedra
		q_c:    153.5000    282.0000    177.5000
		ub :    154.9811    283.3579    178.8103
		lb :    152.0189    280.6421    176.1897
		A:
			    -0.2908    0.8229    0.4882
			    -0.7675    -0.3871    -0.5109
			    0.2360    -0.5494    -0.8015
			    -0.0095    -0.1136    -0.9935
			    -0.3574    -0.2571    -0.8979
			    -0.2809    0.6318    0.7224
			    0.2326    0.6297    0.7412
			    -0.5972    0.6940    -0.4022
			    -0.7677    -0.3491    0.5374
			    -0.2326    -0.6297    -0.7412
			    0.5972    -0.6940    0.4022
			    0.7677    0.3491    -0.5374
		b:
			    274.7856
			    -316.9460
			    -260.3436
			    -209.1348
			    -286.1131
			    263.9372
			    345.3423
			    33.6349
			    -119.8771
			    -344.3423
			    -31.6349
			    121.8771
	==================================================================================
	Q3:
		Shape: Polyhedra
		q_c:    154.5000    284.5000    176.5000
		ub :    155.3853    285.7238    177.4420
		lb :    153.6147    283.2762    175.5580
		A:
			    0.7571    -0.6465    -0.0937
			    -0.9604    0.2744    0.0479
			    -0.8899    -0.2987    -0.3447
			    0.8817    -0.2784    -0.3810
			    0.6693    0.3359    0.6627
			    -0.6803    0.1190    -0.7233
			    0.0070    0.4414    0.8973
			    -0.9026    0.3891    -0.1844
			    -0.4305    -0.8085    0.4012
			    -0.0070    -0.4414    -0.8973
			    0.9026    -0.3891    0.1844
			    0.4305    0.8085    -0.4012
		b:
			    -82.9827
			    -61.3528
			    -282.6582
			    -9.6729
			    316.5049
			    -198.3977
			    285.5461
			    -60.7798
			    -224.7350
			    -284.5461
			    61.7798
			    226.7350
	==================================================================================
	Q4:
		Shape: Hybrid
		q_c:    152.5000    284.0000    178.5000
		ub :    154.2155    285.9622    180.4358
		lb :    150.7845    282.0378    176.5642
		P^-1: 
			    0.9075    -0.1225    -0.1668
			    -0.1225    0.8377    -0.2210
			    -0.1668    -0.2210    0.6992
		A:
			    0.6344    -0.0772    -0.7691
			    0.6995    -0.1336    -0.7020
			    0.2620    -0.3844    0.8852
			    -0.5787    0.6775    -0.4539
			    -0.9968    0.0618    0.0512
			    -0.1515    -0.9662    0.2087
		b:
			    -61.8869
			    -56.0197
			    89.4808
			    23.6666
			    -124.7481
			    -259.6257
	==================================================================================
	Q5:
		Shape: Hybrid
		q_c:    152.5000    282.0000    178.0000
		ub :    154.7354    284.3364    179.6570
		lb :    150.2646    279.6636    176.3430
		P^-1: 
			    0.4547    -0.0262    0.0701
			    -0.0262    0.5111    -0.1786
			    0.0701    -0.1786    0.9231
		A:
			    -0.7101    0.0666    0.7010
			    -0.1117    0.7459    -0.6566
			    0.0926    -0.8382    0.5374
			    0.9882    0.1315    -0.0786
			    -0.2635    -0.7584    0.5961
			    -0.6858    -0.2044    0.6985
		b:
			    36.1526
			    77.0465
			    -125.8840
			    174.7789
			    -147.2521
			    -37.0638
	==================================================================================
	Q6:
		Shape: Polyhedra
		q_c:    153.5000    282.5000    178.5000
		ub :    154.4788    284.3330    180.3022
		lb :    152.5212    280.6670    176.6978
		A:
			    0.7870    0.5191    0.3333
			    -0.9316    -0.3332    -0.1452
			    0.9364    0.2734    0.2198
			    -0.1265    -0.5261    -0.8410
			    -0.5951    -0.3027    -0.7445
			    0.1580    0.4559    0.8759
			    0.9431    0.0879    0.3205
			    -0.1360    -0.7779    0.6135
			    0.3033    -0.6222    -0.7217
			    -0.9431    -0.0879    -0.3205
			    0.1360    0.7779    -0.6135
			    -0.3033    0.6222    0.7217
		b:
			    327.6740
			    -262.3864
			    260.7957
			    -317.2149
			    -309.0421
			    310.3329
			    227.3265
			    -129.6259
			    -257.0435
			    -226.3265
			    132.6259
			    259.0435


===========================================================================================
===========================================================================================
S10:
	q_c:    310.5000    477.5000    338.5000
	ub :    328.0000    498.0000    351.0000
	lb :    293.0000    457.0000    326.0000

	==================================================================================
	Q1:
		Shape: Hybrid
		q_c:    319.0000    477.0000    338.0000
		ub :    324.8920    482.1335    342.7726
		lb :    313.1080    471.8665    333.2274
		P^-1: 
			    0.0814    0.0709    -0.0478
			    0.0709    0.2477    -0.1779
			    -0.0478    -0.1779    0.2464
		A:
			    0.1138    0.8656    -0.4876
			    -0.1143    -0.1894    0.9752
			    0.0144    0.7148    0.6992
			    -0.1268    0.4952    -0.8595
			    -0.9756    0.0717    -0.2076
			    0.0949    -0.9414    -0.3238
		b:
			    285.4998
			    204.5644
			    585.0343
			    -93.4489
			    -343.8785
			    -525.1474
	==================================================================================
	Q2:
		Shape: Hybrid
		q_c:    311.0000    478.0000    330.5000
		ub :    318.9238    485.7597    335.7182
		lb :    303.0762    470.2403    325.2818
		P^-1: 
			    0.0300    -0.0110    -0.0017
			    -0.0110    0.0437    -0.0034
			    -0.0017    -0.0034    0.0619
		A:
			    0.8890    -0.3526    0.2921
			    -0.1076    -0.3660    0.9244
			    0.3397    0.6567    -0.6733
			    -0.7946    0.3999    -0.4569
			    -0.7268    0.2068    -0.6549
			    0.1094    -0.9619    -0.2505
		b:
			    207.7758
			    99.2208
			    199.9872
			    -203.9655
			    -340.5722
			    -505.6902
	==================================================================================
	Q3:
		Shape: Polyhedra
		q_c:    301.5000    477.5000    329.5000
		ub :    307.9389    483.3552    332.9879
		lb :    295.0611    471.6448    326.0121
		A:
			    -0.7696    0.5547    0.3163
			    -0.1294    0.3651    0.9219
			    0.1831    0.3103    0.9328
			    0.1323    -0.2029    0.9702
			    0.1602    0.2686    0.9498
			    0.1349    -0.5784    0.8045
			    0.1426    0.3755    0.9158
			    -0.5261    0.8125    -0.2513
			    -0.8384    -0.4460    0.3134
			    -0.1426    -0.3755    -0.9158
			    0.5261    -0.8125    0.2513
			    0.8384    0.4460    -0.3134
		b:
			    141.0790
			    440.6970
			    511.7911
			    265.2109
			    490.6255
			    33.1786
			    525.0592
			    150.5349
			    -357.4475
			    -523.0592
			    -142.5349
			    367.4475
	==================================================================================
	Q4:
		Shape: Polyhedra
		q_c:    306.5000    473.5000    332.5000
		ub :    313.5384    481.5570    339.8958
		lb :    299.4616    465.4430    325.1042
		A:
			    0.3087    0.8871    0.3431
			    0.9432    0.2284    0.2414
			    -0.5687    0.8209    0.0526
			    -0.5029    -0.8458    0.1782
			    -0.5101    -0.6720    -0.5369
			    -0.7529    0.1170    -0.6477
			    0.8468    0.3216    0.4236
			    0.4057    -0.9056    -0.1234
			    0.3440    0.2764    -0.8974
			    -0.8468    -0.3216    -0.4236
			    -0.4057    0.9056    0.1234
			    -0.3440    -0.2764    0.8974
		b:
			    633.5606
			    480.7240
			    237.8111
			    -490.3129
			    -649.1306
			    -386.7777
			    555.6909
			    -339.5128
			    -56.0840
			    -549.6909
			    351.5128
			    68.0840
	==================================================================================
	Q5:
		Shape: Polyhedra
		q_c:    317.0000    491.0000    347.0000
		ub :    320.3460    498.4221    355.2020
		lb :    313.6540    483.5779    338.7980
		A:
