3D_30_6_6_f                l = 3

===========================================================================================
===========================================================================================
S1:
	q_c:	131.0	237.5	54.0
	ub :	160.6707	261.4549	87.3911
	lb :	111.0889	216.497	28.9463

	==================================================================================
	Q1:
		Shape: Hybrid
		q_c:	126.5	247.5	40.0
		ub :	135.2757	256.975	45.8852
		lb :	117.7243	238.025	34.1148
		P^-1:
			0.0387	-0.0035	-0.0216
			-0.0035	0.0331	-0.0254
			-0.0216	-0.0254	0.0971
		A:
			-0.1649	-0.9829	-0.0818
			-0.7805	0.0492	0.6233
			0.9426	-0.2614	-0.2077
			0.4427	0.1683	-0.8807
			-0.2347	0.1449	0.9612
			-0.8846	0.2418	0.3986
		b:
			-262.0269
			-59.0927
			49.6825
			64.0629
			47.1055
			-33.0155
	==================================================================================
	Q2:
		Shape: Polyhedra
		q_c:	119.0	236.0	65.0
		ub :	126.9111	245.2129	73.2846
		lb :	111.0889	226.7871	56.7154
		A:
			0.8492	0.3817	-0.3649
			-0.6344	-0.3097	0.7083
			0.1694	0.8789	-0.4459
			-0.7213	0.2407	0.6494
			-0.9541	-0.175	0.2429
			-0.5317	-0.2376	0.813
			0.2812	0.6363	0.7183
			0.7629	-0.6023	0.2348
			0.5821	0.482	-0.6549
			-0.2812	-0.6363	-0.7183
			-0.7629	0.6023	-0.2348
			-0.5821	-0.482	0.6549
		b:
			171.0561
			-99.3723
			202.7955
			17.8898
			-134.8666
			-62.9825
			237.3316
			-30.5869
			143.4532
			-223.3316
			41.5869
			-137.4532
	==================================================================================
	Q3:
		Shape: Ellipse
		q_c:	119.5	224.5	48.5
		ub :	126.6861	232.503	56.5587
		lb :	112.3139	216.497	40.4413
		P^-1:
			0.0874	-0.0344	-0.0188
			-0.0344	0.0422	0.0102
			-0.0188	0.0102	0.023
	==================================================================================
	Q4:
		Shape: Ellipse
		q_c:	144.0	252.0	71.0
		ub :	160.6707	261.4549	87.3911
		lb :	127.3293	242.5451	54.6089
		P^-1:
			0.0078	-0.0037	-0.0007
			-0.0037	0.0267	0.0026
			-0.0007	0.0026	0.0078
	==================================================================================
	Q5:
		Shape: Hybrid
		q_c:	138.5	245.5	58.0
		ub :	144.9325	251.1642	65.6767
		lb :	132.0675	239.8358	50.3233
		P^-1:
			0.1158	0.0348	0.0339
			0.0348	0.1321	-0.0208
			0.0339	-0.0208	0.0436
		A:
			0.1533	-0.8077	0.5693
			-0.242	0.967	-0.0793
			-0.9136	-0.2823	-0.2928
			-0.0787	-0.8094	0.582
			-0.0046	0.9165	-0.4
			0.0099	-0.5248	-0.8511
		b:
			-142.1492
			201.4925
			-211.37
			-173.7054
			202.7425
			-171.7531
	==================================================================================
	Q6:
		Shape: Polyhedra
		q_c:	133.0	239.0	39.0
		ub :	143.515	248.5826	49.0537
		lb :	122.485	229.4174	28.9463
		A:
			0.8468	0.3342	-0.4139
			-0.6569	0.4071	0.6346
			0.5158	-0.7972	-0.3138
			-0.4229	-0.7124	-0.56
			-0.6918	0.6574	0.2987
			0.0959	0.9798	-0.1755
			0.0709	0.8276	0.5568
			0.0221	0.5568	-0.8304
			-0.9972	0.0712	0.0212
			-0.0709	-0.8276	-0.5568
			-0.0221	-0.5568	0.8304
			0.9972	-0.0712	-0.0212
		b:
			185.8757
			42.8149
			-126.9845
			-242.4524
			84.9572
			246.9897
			233.941
			112.1317
			-104.7933
			-223.941
			-95.1317
			124.7933


===========================================================================================
===========================================================================================
S2:
	q_c:	386.0	255.5	231.5
	ub :	398.8168	270.1523	239.4271
	lb :	374.8077	241.4738	217.9154

	==================================================================================
	Q1:
		Shape: Ellipse
		q_c:	381.0	248.5	235.5
		ub :	387.1923	253.9553	239.4271
		lb :	374.8077	243.0447	231.5729
		P^-1:
			0.0535	0.0278	-0.003
			0.0278	0.0977	0.0015
			-0.003	0.0015	0.111
	==================================================================================
	Q2:
		Shape: Polyhedra
		q_c:	380.5	253.5	223.0
		ub :	382.9782	258.6217	228.0846
		lb :	378.0218	248.3783	217.9154
		A:
			0.3397	0.9356	-0.096
			-0.8635	0.0665	-0.4999
			-0.5667	0.6212	-0.5412
			0.7864	-0.6165	-0.0398
			0.9263	0.2688	-0.264
			0.9357	-0.3498	-0.0458
			0.0189	0.7175	0.6963
			-0.9923	0.0985	-0.0745
			-0.1221	-0.6896	0.7139
			-0.0189	-0.7175	-0.6963
			0.9923	-0.0985	0.0745
			0.1221	0.6896	-0.7139
		b:
			348.4547
			-420.8396
			-175.9348
			136.5946
			364.1678
			259.3011
			347.8709
			-367.2276
			-58.5577
			-340.8709
			371.2276
			65.5577
	==================================================================================
	Q3:
		Shape: Ellipse
		q_c:	393.5	253.5	226.5
		ub :	398.8168	260.9085	232.7554
		lb :	388.1832	246.0915	220.2446
		P^-1:
			0.0739	-0.0086	0.019
			-0.0086	0.0306	-0.0216
			0.019	-0.0216	0.0928
	==================================================================================
	Q4:
		Shape: Ellipse
		q_c:	383.0	246.5	226.0
		ub :	388.6852	251.5262	230.4302
		lb :	377.3148	241.4738	221.5698
		P^-1:
			0.1136	0.0256	-0.0782
			0.0256	0.0917	0.013
			-0.0782	0.013	0.2052
	==================================================================================
	Q5:
		Shape: Ellipse
		q_c:	384.0	261.5	227.5
		ub :	390.3472	268.1261	232.8323
		lb :	377.6528	254.8739	222.1677
		P^-1:
			0.0625	0.0	-0.0
			0.0	0.0625	-0.0
			-0.0	-0.0	0.0625
	==================================================================================
	Q6:
		Shape: Ellipse
		q_c:	384.5	263.0	230.5
		ub :	393.3593	270.1523	239.0971
		lb :	375.6407	255.8477	221.9029
		P^-1:
			0.0386	-0.014	0.0131
			-0.014	0.0595	-0.02
			0.0131	-0.02	0.0444


===========================================================================================
===========================================================================================
S3:
	q_c:	232.0	440.0	293.5
	ub :	242.1538	455.1052	309.8227
	lb :	224.8462	426.1571	283.1758

	==================================================================================
	Q1:
		Shape: Hybrid
		q_c:	236.0	447.0	292.5
		ub :	241.7617	452.8198	297.8875
		lb :	230.2383	441.1802	287.1125
		P^-1:
			0.0489	-0.0311	-0.0286
			-0.0311	0.149	0.1002
			-0.0286	0.1002	0.1321
		A:
			0.1392	-0.8368	-0.5296
			-0.0165	-0.6753	-0.7374
			0.5215	0.7623	-0.3834
			0.3734	-0.5272	0.7633
			0.4375	0.4184	0.796
			0.2997	-0.5406	-0.7861
		b:
			-494.9141
			-520.1571
			355.5864
			79.7198
			525.7682
			-399.5946
	==================================================================================
	Q2:
		Shape: Ellipse
		q_c:	235.0	449.0	303.5
		ub :	240.7517	454.9317	309.8227
		lb :	229.2483	443.0683	297.1773
		P^-1:
			0.0965	0.01	-0.0239
			0.01	0.0647	-0.0114
			-0.0239	-0.0114	0.0524
	==================================================================================
	Q3:
		Shape: Ellipse
		q_c:	233.5	441.5	291.5
		ub :	242.1538	449.0394	299.8242
		lb :	224.8462	433.9606	283.1758
		P^-1:
			0.0398	0.0026	0.0056
			0.0026	0.0445	0.0043
			0.0056	0.0043	0.0381
	==================================================================================
	Q4:
		Shape: Ellipse
		q_c:	236.0	445.5	290.0
		ub :	240.0935	450.605	295.0222
		lb :	231.9065	440.395	284.9778
		P^-1:
			0.2291	-0.1123	-0.117
			-0.1123	0.1549	0.1312
			-0.117	0.1312	0.221
	==================================================================================
	Q5:
		Shape: Ellipse
		q_c:	234.0	449.5	294.5
		ub :	241.3042	455.1052	301.3185
		lb :	226.6958	443.8948	287.6815
		P^-1:
			0.0533	-0.0026	0.0134
			-0.0026	0.0618	0.0037
			0.0134	0.0037	0.043
	==================================================================================
	Q6:
		Shape: Hybrid
		q_c:	230.0	430.5	305.0
		ub :	233.556	434.8429	309.4904
		lb :	226.444	426.1571	300.5096
		P^-1:
			0.1523	-0.0059	-0.0168
			-0.0059	0.0841	0.0093
			-0.0168	0.0093	0.1163
		A:
			0.4199	-0.7534	-0.5061
			0.3205	-0.8272	-0.4616
			0.9977	0.0655	0.0177
			-0.3909	0.4565	0.7992
			-0.6396	-0.7615	0.1046
			-0.1351	-0.1242	0.983
		b:
			-380.3852
			-421.3276
			264.4285
			351.9481
			-441.1089
			217.0025


===========================================================================================
===========================================================================================
S4:
	q_c:	10.5	156.5	330.0
	ub :	28.5392	170.123	341.139
	lb :	-3.9987	142.2361	317.3922

	==================================================================================
	Q1:
		Shape: Ellipse
		q_c:	10.5	151.0	334.0
		ub :	14.1453	157.7376	339.3576
		lb :	6.8547	144.2624	328.6424
		P^-1:
			0.2051	-0.0312	0.0352
			-0.0312	0.0606	-0.0675
			0.0352	-0.0675	0.1721
	==================================================================================
	Q2:
		Shape: Hybrid
		q_c:	12.0	162.5	333.5
		ub :	18.7803	170.0443	341.139
		lb :	5.2197	154.9557	325.861
		P^-1:
			0.0331	0.0002	-0.0002
			0.0002	0.0489	-0.0147
			-0.0002	-0.0147	0.0467
		A:
			-0.4288	0.88	-0.2042
			-0.7881	0.6142	0.0405
			-0.0799	-0.9916	-0.1014
			-0.4746	0.3022	0.8267
			-0.551	0.1416	-0.8224
			0.3886	-0.9194	0.0613
		b:
			72.4084
			107.1197
			-193.0233
			322.4538
			-254.9611
			-121.4994
	==================================================================================
	Q3:
		Shape: Hybrid
		q_c:	20.5	151.0	334.0
		ub :	28.5392	159.3286	340.0676
		lb :	12.4608	142.6714	327.9324
		P^-1:
			0.0554	0.0346	0.0702
			0.0346	0.0626	0.074
			0.0702	0.074	0.1835
		A:
			-0.2053	0.3255	-0.923
			-0.1341	0.0352	-0.9903
			-0.7046	-0.3497	-0.6174
			0.359	0.0892	0.9291
			-0.8596	-0.3143	0.4029
			-0.5173	-0.2071	-0.8304
		b:
			-259.9282
			-325.7337
			-271.3497
			332.8443
			74.7457
			-317.754
	==================================================================================
	Q4:
		Shape: Ellipse
		q_c:	0.0	158.0	322.5
		ub :	3.9987	162.7596	327.6078
		lb :	-3.9987	153.2404	317.3922
		P^-1:
			0.1491	0.0271	0.0059
			0.0271	0.0915	-0.0033
			0.0059	-0.0033	0.0504
	==================================================================================
	Q5:
		Shape: Hybrid
		q_c:	7.0	150.0	332.0
		ub :	15.1384	157.7639	340.5079
		lb :	-1.1384	142.2361	323.4921
		P^-1:
			0.0395	0.0044	0.0004
			0.0044	0.0405	0.0067
			0.0004	0.0067	0.0425
		A:
			-0.8745	0.1385	0.4649
			0.7653	0.5324	0.3618
			-0.7768	-0.6218	-0.0997
			0.0111	0.6048	-0.7963
			-0.8512	-0.5208	0.0651
			-0.6851	-0.508	-0.5221
		b:
			171.7745
			207.7365
			-129.3363
			-170.4966
			-59.8725
			-251.9734
	==================================================================================
	Q6:
		Shape: Ellipse
		q_c:	16.0	165.0	333.5
		ub :	22.5796	170.123	340.7299
		lb :	9.4204	159.877	326.2701
		P^-1:
			0.1797	-0.188	0.0343
			-0.188	0.3024	-0.0337
			0.0343	-0.0337	0.0447


===========================================================================================
===========================================================================================
S5:
	q_c:	303.5	257.5	395.0
	ub :	328.7949	281.473	415.2146
	lb :	281.5618	235.141	367.7236

	==================================================================================
	Q1:
		Shape: Polyhedra
		q_c:	303.0	267.5	392.0
		ub :	307.538	272.5231	394.3983
		lb :	298.462	262.4769	389.6017
		A:
			0.1502	-0.3398	-0.9284
			0.0861	-0.5264	0.8459
			0.2875	-0.1268	-0.9494
			-0.224	-0.2283	-0.9475
			-0.4116	-0.0484	-0.9101
			-0.6964	0.5025	-0.5125
			0.3756	0.0995	0.9214
			-0.7775	0.5749	0.2548
			-0.5044	-0.8121	0.2933
			-0.3756	-0.0995	-0.9214
			0.7775	-0.5749	-0.2548
			0.5044	0.8121	-0.2933
		b:
			-407.5867
			219.4599
			-316.853
			-499.574
			-493.8895
			-275.1937
			502.1183
			21.0917
			-251.1099
			-501.1183
			-15.0917
			259.1099
	==================================================================================
	Q2:
		Shape: Polyhedra
		q_c:	306.0	247.5	386.5
		ub :	318.3583	259.2688	398.1294
		lb :	293.6417	235.7312	374.8706
		A:
			0.5113	0.2704	-0.8158
			-0.1421	-0.133	0.9809
			-0.0333	-0.9187	0.3936
			0.0333	0.2969	-0.9543
			-0.2953	-0.4226	-0.8568
			0.651	-0.2821	0.7047
			0.6084	0.3337	0.7201
			-0.7759	0.4411	0.4511
			-0.1671	-0.8331	0.5272
			-0.6084	-0.3337	-0.7201
			0.7759	-0.4411	-0.4511
			0.1671	0.8331	-0.5272
		b:
			-83.294
			310.0519
			-78.6964
			-278.5977
			-520.4581
			407.7166
			551.5673
			57.0918
			-47.0482
			-542.5673
			-35.0918
			60.0482
	==================================================================================
	Q3:
		Shape: Hybrid
		q_c:	316.0	253.0	391.5
		ub :	328.7949	264.3333	398.9641
		lb :	303.2051	241.6667	384.0359
		P^-1:
			0.0469	0.0456	-0.1082
			0.0456	0.0852	-0.1514
			-0.1082	-0.1514	0.3392
		A:
			-0.3192	-0.2789	0.9057
			0.125	-0.632	0.7648
			0.7366	-0.6716	0.0797
			0.4287	0.7939	-0.4313
			0.3669	0.4229	-0.8286
			-0.3331	-0.2077	0.9197
		b:
			184.2215
			182.2043
			101.0878
			172.4864
			-100.4206
			203.7032
	==================================================================================
	Q4:
		Shape: Polyhedra
		q_c:	315.5	274.0	406.5
		ub :	324.2659	281.473	415.2146
		lb :	306.7341	266.527	397.7854
		A:
			0.36	0.9174	0.1694
			-0.3721	0.0113	0.9281
			0.3848	-0.9215	-0.0523
			-0.2564	-0.7569	0.6011
			0.5773	0.8165	-0.0052
			-0.583	-0.8123	-0.0176
			0.2762	0.7494	0.6017
			0.9535	-0.1348	-0.2697
			-0.121	0.6482	-0.7518
			-0.2762	-0.7494	-0.6017
			-0.9535	0.1348	0.2697
			0.121	-0.6482	0.7518
		b:
			437.8879
			269.2938
			-146.5963
			-37.5129
			408.7853
			-408.6752
			540.0896
			161.7305
			-159.6513
			-534.0896
			-146.7305
			172.6513
	==================================================================================
	Q5:
		Shape: Ellipse
		q_c:	289.0	253.5	392.5
		ub :	296.4382	260.5476	402.8454
		lb :	281.5618	246.4524	382.1546
		P^-1:
			0.0388	0.003	-0.0053
			0.003	0.0467	0.0089
			-0.0053	0.0089	0.0178
	==================================================================================
	Q6:
		Shape: Polyhedra
		q_c:	308.5	243.0	379.0
		ub :	319.5194	250.859	390.2764
		lb :	297.4806	235.141	367.7236
		A:
			0.645	-0.5762	0.5019
			-0.581	-0.3606	0.7296
			0.3494	-0.5377	0.7673
			-0.9625	-0.2404	-0.1255
			-0.1129	0.9836	0.1404
			-0.5546	0.8129	0.1779
			0.5238	0.7858	0.3288
			0.503	0.0262	-0.8639
			-0.6875	0.6179	-0.3816
			-0.5238	-0.7858	-0.3288
			-0.503	-0.0262	0.8639
			0.6875	-0.6179	0.3816
		b:
			255.2473
			17.7848
			274.6487
			-396.9859
			262.9288
			100.2154
			482.1641
			-157.3736
			-200.5492
			-472.1641
			174.3736
			212.5492


===========================================================================================
===========================================================================================
S6:
	q_c:	125.0	187.0	170.0
	ub :	138.1584	197.7453	185.0471
	lb :	108.7118	172.9165	150.7423

	==================================================================================
	Q1:
		Shape: Ellipse
		q_c:	129.5	190.5	158.5
		ub :	135.1203	197.7453	166.2577
		lb :	123.8797	183.2547	150.7423
		P^-1:
			0.0492	0.001	-0.0011
			0.001	0.0417	0.0081
			-0.0011	0.0081	0.0409
	==================================================================================
	Q2:
		Shape: Ellipse
		q_c:	116.5	181.0	177.5
		ub :	122.2957	189.0835	185.0471
		lb :	110.7043	172.9165	169.9529
		P^-1:
			0.0761	-0.0145	0.0008
			-0.0145	0.043	-0.0038
			0.0008	-0.0038	0.0356
	==================================================================================
	Q3:
		Shape: Polyhedra
		q_c:	115.0	188.0	176.0
		ub :	121.2882	193.7945	181.8661
		lb :	108.7118	182.2055	170.1339
		A:
			-0.9727	-0.127	0.1944
			-0.4395	0.7272	-0.5273
			-0.1479	0.9883	0.0374
			0.2793	0.4444	-0.8512
			-0.3793	-0.0545	-0.9237
			-0.0888	-0.6283	-0.7729
			0.5568	0.6691	0.4923
			-0.5453	0.7415	-0.391
			-0.6266	-0.0508	0.7777
			-0.5568	-0.6691	-0.4923
			0.5453	-0.7415	0.391
			0.6266	0.0508	-0.7777
		b:
			-98.073
			-2.6527
			179.3585
			-30.8501
			-212.6349
			-260.5993
			280.458
			11.8687
			58.2634
			-272.458
			-3.8687
			-52.2634
	==================================================================================
	Q4:
		Shape: Polyhedra
		q_c:	132.5	182.0	165.0
		ub :	138.1584	186.066	170.3481
		lb :	126.8416	177.934	159.6519
		A:
			-0.3592	0.4606	0.8117
			0.2111	-0.5489	0.8088
			-0.1628	0.9236	0.3471
			-0.8544	0.392	-0.3411
			0.6658	0.6512	0.3642
			0.263	-0.933	-0.2455
			0.616	0.3128	0.7229
			-0.6625	-0.2906	0.6903
			0.4261	-0.9042	0.0282
			-0.616	-0.3128	-0.7229
			0.6625	0.2906	-0.6903
			-0.4261	0.9042	-0.0282
		b:
			173.5487
			64.7478
			206.1769
			-95.2986
			270.3032
			-173.2716
			261.3447
			-22.7757
			-101.4622
			-254.3447
			30.7757
			105.4622
	==================================================================================
	Q5:
		Shape: Hybrid
		q_c:	125.0	184.5	172.0
		ub :	132.1441	191.5175	179.6653
		lb :	117.8559	177.4825	164.3347
		P^-1:
			0.0431	-0.0105	-0.0137
			-0.0105	0.0689	-0.0166
			-0.0137	-0.0166	0.0599
		A:
			0.9862	-0.048	-0.1585
			-0.4484	-0.8797	0.1584
			0.0721	-0.9858	-0.1516
			0.2936	-0.9059	-0.3051
			-0.73	0.6795	0.0731
			0.1326	0.1752	-0.9756
		b:
			90.3194
			-188.2748
			-196.4728
			-180.5669
			48.9596
			-116.5996
	==================================================================================
	Q6:
		Shape: Polyhedra
		q_c:	129.5	184.0	170.0
		ub :	134.7976	188.7973	176.5246
		lb :	124.2024	179.2027	163.4754
		A:
			0.5673	0.0411	0.8225
			0.2368	0.4774	0.8462
			0.8743	0.4789	0.0789
			-0.7714	-0.4479	-0.4521
			-0.5896	0.8008	-0.1057
			-0.8167	-0.3866	-0.4285
			0.0412	0.8985	0.4371
			0.5993	0.3278	-0.7303
			-0.7995	0.292	-0.5249
			-0.0412	-0.8985	-0.4371
			-0.5993	-0.3278	0.7303
			0.7995	-0.292	0.5249
		b:
			223.3723
			265.3147
			218.884
			-256.4429
			55.2391
			-246.9685
			247.4617
			19.7768
			-137.0332
			-242.4617
			-7.7768
			141.0332


===========================================================================================
===========================================================================================
