3D_30_9_6_a                l = 3

===========================================================================================
===========================================================================================
S1:
	q_c:	448.5	57.0	401.0
	ub :	461.4994	71.1493	413.4802
	lb :	437.0812	46.132	387.4705

	==================================================================================
	Q1:
		Shape: Ellipse
		q_c:	450.5	50.5	402.5
		ub :	454.0677	54.868	406.6549
		lb :	446.9323	46.132	398.3451
		P^-1:
			0.2081	-0.0752	0.083
			-0.0752	0.1581	-0.147
			0.083	-0.147	0.3008
	==================================================================================
	Q2:
		Shape: Polyhedra
		q_c:	444.0	65.0	396.0
		ub :	450.448	71.1493	402.428
		lb :	437.552	58.8507	389.572
		A:
			-0.7108	0.3747	0.5952
			0.0064	0.9294	-0.3691
			0.9865	0.1628	-0.0177
			-0.4859	-0.3351	0.8072
			0.3463	0.5413	0.7662
			-0.5464	0.3149	0.776
			0.51	0.5157	0.6885
			0.6431	0.3029	-0.7033
			-0.5712	0.8015	-0.1772
			-0.51	-0.5157	-0.6885
			-0.6431	-0.3029	0.7033
			0.5712	-0.8015	0.1772
		b:
			-52.3524
			-79.7535
			445.5735
			85.1945
			497.793
			88.7223
			538.0853
			29.7432
			-268.6885
			-527.0853
			-23.7432
			274.6885
	==================================================================================
	Q3:
		Shape: Ellipse
		q_c:	443.0	65.0	405.5
		ub :	448.9188	70.4181	410.2855
		lb :	437.0812	59.5819	400.7145
		P^-1:
			0.1073	0.0474	-0.0361
			0.0474	0.1174	0.0324
			-0.0361	0.0324	0.1353
	==================================================================================
	Q4:
		Shape: Hybrid
		q_c:	445.5	60.0	408.5
		ub :	450.42	65.0664	413.4802
		lb :	440.58	54.9336	403.5198
		P^-1:
			0.1046	0.0124	0.0072
			0.0124	0.0671	0.0064
			0.0072	0.0064	0.0836
		A:
			-0.5838	-0.7225	-0.3704
			-0.2315	0.6363	-0.7359
			-0.1436	0.6223	0.7695
			0.4315	-0.4487	0.7826
			-0.7374	0.3006	-0.6049
			0.7047	-0.2798	0.6521
		b:
			-452.9757
			-363.2412
			289.7754
			487.1398
			-555.6642
			565.4184
	==================================================================================
	Q5:
		Shape: Hybrid
		q_c:	450.5	56.0	407.5
		ub :	454.6355	60.1977	411.255
		lb :	446.3645	51.8023	403.745
		P^-1:
			0.2451	0.1629	-0.2328
			0.1629	0.4663	-0.4058
			-0.2328	-0.4058	0.5111
		A:
			-0.684	-0.3439	0.6434
			-0.9588	0.1888	-0.2123
			0.1249	-0.9137	0.3867
			0.8683	0.35	-0.3516
			0.563	0.6109	0.5566
			0.5519	-0.2945	-0.7802
		b:
			-64.2965
			-505.5184
			163.9487
			268.9908
			518.0672
			-83.6473
	==================================================================================
	Q6:
		Shape: Hybrid
		q_c:	455.0	59.0	393.5
		ub :	461.4994	63.9048	399.5295
		lb :	448.5006	54.0952	387.4705
		P^-1:
			0.0762	-0.0414	-0.0054
			-0.0414	0.1395	-0.0039
			-0.0054	-0.0039	0.0562
		A:
			0.9568	-0.2862	0.0514
			-0.0074	0.9715	0.237
			-0.7004	0.6212	0.3514
			-0.3872	0.914	0.121
			0.4026	0.4984	-0.7678
			0.936	-0.3504	-0.034
		b:
			441.0236
			149.0446
			-142.0713
			-73.3571
			-86.8563
			394.0001


===========================================================================================
===========================================================================================
S2:
	q_c:	252.0	23.0	303.0
	ub :	260.4456	36.6418	316.8792
	lb :	234.4217	9.392	294.1435

	==================================================================================
	Q1:
		Shape: Hybrid
		q_c:	254.5	26.0	312.5
		ub :	259.2138	30.3261	316.8792
		lb :	249.7862	21.6739	308.1208
		P^-1:
			0.1345	-0.0199	0.0201
			-0.0199	0.0901	-0.0137
			0.0201	-0.0137	0.1281
		A:
			-0.2658	0.3542	-0.8966
			-0.8394	0.4771	-0.2602
			0.1374	-0.9821	-0.1289
			0.451	0.092	0.8878
			0.0848	0.2154	-0.9728
			0.9122	0.3446	-0.2216
		b:
			-337.2134
			-281.2011
			-28.7422
			396.0867
			-275.2453
			173.7189
	==================================================================================
	Q2:
		Shape: Polyhedra
		q_c:	244.5	14.5	301.0
		ub :	251.4509	19.608	307.8565
		lb :	237.5491	9.392	294.1435
		A:
			0.4937	-0.8564	-0.1511
			-0.7246	0.4992	0.4751
			-0.1916	0.9305	0.3122
			0.2344	0.9541	0.1867
			0.2216	0.0499	0.9739
			-0.603	0.5812	0.5465
			0.788	0.1754	0.5902
			-0.1875	-0.8447	0.5014
			0.5865	-0.5057	-0.6327
			-0.788	-0.1754	-0.5902
			0.1875	0.8447	-0.5014
			-0.5865	0.5057	0.6327
		b:
			65.5215
			-24.5767
			63.527
			131.4383
			353.2629
			27.5369
			379.3534
			96.3197
			-52.3725
			-366.3534
			-89.3197
			56.3725
	==================================================================================
	Q3:
		Shape: Polyhedra
		q_c:	244.5	18.0	302.5
		ub :	249.803	23.8374	308.4851
		lb :	239.197	12.1626	296.5149
		A:
			0.1471	-0.8034	0.577
			0.5443	-0.4444	-0.7116
			0.7878	-0.2902	-0.5433
			0.161	0.9255	0.3428
			0.0206	0.2706	-0.9625
			0.924	0.382	-0.0186
			0.0163	0.9504	0.3107
			0.207	0.3008	-0.931
			-0.9782	0.0794	-0.1918
			-0.0163	-0.9504	-0.3107
			-0.207	-0.3008	0.931
			0.9782	-0.0794	0.1918
		b:
			200.2543
			-85.876
			27.3984
			164.2236
			-277.2261
			231.6227
			119.5728
			-221.5972
			-291.2611
			-110.5728
			229.5972
			300.2611
	==================================================================================
	Q4:
		Shape: Ellipse
		q_c:	250.0	22.5	299.5
		ub :	254.1022	26.158	302.9517
		lb :	245.8978	18.842	296.0483
		P^-1:
			0.13	0.0492	0.0599
			0.0492	0.2982	-0.118
			0.0599	-0.118	0.3478
	==================================================================================
	Q5:
		Shape: Polyhedra
		q_c:	239.5	29.5	308.0
		ub :	244.5783	33.8611	312.3211
		lb :	234.4217	25.1389	303.6789
		A:
			0.6824	0.699	0.2137
			-0.5467	-0.8242	-0.1477
			0.9329	-0.3582	0.0381
			-0.6277	0.4216	0.6544
			0.166	-0.6866	0.7078
			0.0723	0.9734	-0.2176
			0.7068	0.3141	0.6339
			-0.6082	-0.188	0.7712
			0.3614	-0.9306	0.0581
			-0.7068	-0.3141	-0.6339
			0.6082	0.188	-0.7712
			-0.3614	0.9306	-0.0581
		b:
			253.1815
			-197.5135
			227.6616
			66.3596
			240.4207
			-18.0337
			377.2829
			88.8244
			79.9996
			-370.2829
			-83.8244
			-73.9996
	==================================================================================
	Q6:
		Shape: Ellipse
		q_c:	254.5	31.0	304.5
		ub :	260.4456	36.6418	310.6162
		lb :	248.5544	25.3582	298.3838
		P^-1:
			0.109	0.0305	0.0468
			0.0305	0.0544	0.0242
			0.0468	0.0242	0.0861


===========================================================================================
===========================================================================================
S3:
	q_c:	180.0	307.0	298.5
	ub :	189.6894	314.958	306.6385
	lb :	177.096	300.6498	290.9625

	==================================================================================
	Q1:
		Shape: Hybrid
		q_c:	182.5	310.0	303.0
		ub :	185.2494	312.8129	305.7571
		lb :	179.7506	307.1871	300.2429
		P^-1:
			0.3503	0.0118	0.0984
			0.0118	0.1626	-0.0095
			0.0984	-0.0095	0.3415
		A:
			-0.8312	-0.5408	-0.1293
			0.941	-0.0962	-0.3246
			0.4726	-0.7623	0.4422
			0.5331	-0.526	0.6627
			-0.9799	0.0803	-0.1828
			0.5051	-0.58	-0.6391
		b:
			-357.36
			44.7695
			-14.7049
			136.1212
			-208.3891
			-279.7625
	==================================================================================
	Q2:
		Shape: Ellipse
		q_c:	181.0	311.5	298.0
		ub :	184.0666	314.2279	301.8816
		lb :	177.9334	308.7721	294.1184
		P^-1:
			0.3254	-0.0981	0.0347
			-0.0981	0.3622	0.0073
			0.0347	0.0073	0.0885
	==================================================================================
	Q3:
		Shape: Polyhedra
		q_c:	180.0	310.5	295.5
		ub :	182.904	314.958	299.8876
		lb :	177.096	306.042	291.1124
		A:
			-0.5539	0.6384	0.5345
			0.5731	-0.2901	-0.7665
			-0.6324	0.3911	0.6687
			0.6907	0.0683	-0.7199
			-0.4792	0.1861	-0.8578
			0.5197	-0.6608	-0.5415
			0.631	0.3692	0.6823
			0.068	0.8498	-0.5227
			-0.7728	0.3763	0.5111
			-0.631	-0.3692	-0.6823
			-0.068	-0.8498	0.5227
			0.7728	-0.3763	-0.5111
		b:
			257.899
			-211.9798
			206.3693
			-65.2927
			-278.7534
			-270.1219
			432.8326
			125.1307
			129.7649
			-426.8326
			-118.1307
			-127.7649
	==================================================================================
	Q4:
		Shape: Polyhedra
		q_c:	185.0	306.0	296.5
		ub :	189.6894	309.4602	301.5462
		lb :	180.3106	302.5398	291.4538
		A:
			-0.8173	-0.5748	-0.0404
			-0.2921	0.9262	0.2383
			0.5938	0.7204	0.3584
			0.3061	0.9129	-0.2699
			-0.1719	0.9686	-0.1798
			0.836	0.4441	0.3222
			0.3213	0.916	0.2404
			0.8789	-0.3829	0.2844
			0.3525	0.1199	-0.9281
			-0.3213	-0.916	-0.2404
			-0.8789	0.3829	-0.2844
			-0.3525	-0.1199	0.9281
		b:
			-336.4982
			302.501
			438.7072
			258.5629
			213.7658
			388.5876
			412.9912
			132.7431
			-169.2807
			-408.9912
			-126.7431
			177.2807
	==================================================================================
	Q5:
		Shape: Hybrid
		q_c:	184.0	303.5	303.5
		ub :	187.1229	306.3502	306.6385
		lb :	180.8771	300.6498	300.3615
		P^-1:
			0.2639	0.0394	-0.0309
			0.0394	0.3619	-0.0877
			-0.0309	-0.0877	0.3186
		A:
			0.0724	0.4798	-0.8744
			-0.0185	-0.4501	0.8928
			0.3555	0.9034	0.2397
			0.2112	-0.6523	0.7279
			0.0117	-0.4409	-0.8975
			-0.4157	-0.1856	0.8904
		b:
			-105.5734
			131.8372
			413.4129
			62.6917
			-402.8126
			138.3895
	==================================================================================
	Q6:
		Shape: Hybrid
		q_c:	184.5	309.5	294.5
		ub :	186.8498	312.4994	298.0375
		lb :	182.1502	306.5006	290.9625
		P^-1:
			0.425	0.0369	0.0689
			0.0369	0.3745	-0.1306
			0.0689	-0.1306	0.2005
		A:
			0.029	0.7835	-0.6207
			0.7361	-0.1534	0.6593
			-0.6425	0.6586	-0.3918
			-0.9311	0.2756	0.239
			-0.9767	0.2068	0.0572
			-0.983	0.1622	-0.0858
		b:
			65.8543
			283.4673
			-29.3191
			-14.7819
			-98.322
			-155.5729


===========================================================================================
===========================================================================================
S4:
	q_c:	128.5	152.5	240.5
	ub :	136.6368	158.3569	250.1589
	lb :	122.658	146.7671	234.7265

	==================================================================================
	Q1:
		Shape: Polyhedra
		q_c:	125.5	154.5	239.5
		ub :	128.342	156.6728	242.3538
		lb :	122.658	152.3272	236.6462
		A:
			-0.4653	-0.8504	-0.2455
			0.9861	-0.1073	-0.1267
			0.6068	-0.711	-0.3554
			0.2235	-0.799	0.5583
			0.3628	0.8937	0.2639
			0.1241	0.8524	-0.508
			0.8427	0.0261	0.5378
			-0.3649	-0.7067	0.6061
			0.3959	-0.707	-0.586
			-0.8427	-0.0261	-0.5378
			0.3649	0.7067	-0.6061
			-0.3959	0.707	0.586
		b:
			-246.9058
			78.7397
			-116.8191
			39.7341
			248.5186
			26.7303
			240.5837
			-8.8393
			-197.9044
			-236.5837
			10.8393
			201.9044
	==================================================================================
	Q2:
		Shape: Ellipse
		q_c:	133.5	154.5	240.0
		ub :	136.6368	156.546	243.2298
		lb :	130.3632	152.454	236.7702
		P^-1:
			0.2136	0.0006	0.0442
			0.0006	0.25	-0.0007
			0.0442	-0.0007	0.1964
	==================================================================================
	Q3:
		Shape: Ellipse
		q_c:	127.5	154.0	238.5
		ub :	130.0426	156.2164	240.8589
		lb :	124.9574	151.7836	236.1411
		P^-1:
			0.2954	-0.0091	0.1011
			-0.0091	0.706	0.2945
			0.1011	0.2945	0.6931
	==================================================================================
	Q4:
		Shape: Ellipse
		q_c:	130.5	150.5	246.0
		ub :	134.6521	154.2329	250.1589
		lb :	126.3479	146.7671	241.8411
		P^-1:
			0.1735	-0.043	0.0195
			-0.043	0.1604	-0.0505
			0.0195	-0.0505	0.1872
	==================================================================================
	Q5:
		Shape: Hybrid
		q_c:	128.0	155.5	243.0
		ub :	130.2453	158.3569	246.3682
		lb :	125.7547	152.6431	239.6318
		P^-1:
			0.4161	-0.0271	-0.0807
			-0.0271	0.2416	-0.0213
			-0.0807	-0.0213	0.1967
		A:
			0.7832	0.5901	0.196
			-0.5337	0.725	0.4354
			0.4113	0.9088	-0.0707
			-0.6798	-0.1549	0.7169
			-0.733	-0.1718	0.6582
			-0.0732	-0.9427	-0.3257
		b:
			240.9269
			151.3796
			178.0588
			64.0901
			40.3411
			-233.6298
	==================================================================================
	Q6:
		Shape: Hybrid
		q_c:	127.0	154.0	238.0
		ub :	129.6896	156.5732	241.2735
		lb :	124.3104	151.4268	234.7265
		P^-1:
			0.4006	-0.0534	0.0877
			-0.0534	0.3793	0.1069
			0.0877	0.1069	0.269
		A:
			0.6186	-0.6923	-0.3716
			0.2449	-0.6211	-0.7445
			0.5162	-0.8153	0.2624
			-0.3429	-0.4495	0.8248
			0.1592	-0.9741	0.1607
			0.4109	0.4434	0.7966
		b:
			-115.6768
			-240.7922
			3.3978
			85.2771
			-90.4553
			310.8888


===========================================================================================
===========================================================================================
S5:
	q_c:	113.0	20.0	224.5
	ub :	137.3633	40.1656	237.2191
	lb :	90.7069	-3.7671	203.8884

	==================================================================================
	Q1:
		Shape: Hybrid
		q_c:	109.5	5.5	212.0
		ub :	117.5089	14.7671	220.1116
		lb :	101.4911	-3.7671	203.8884
		P^-1:
			0.0326	-0.0002	-0.0042
			-0.0002	0.0354	-0.012
			-0.0042	-0.012	0.0381
		A:
			0.3998	-0.8463	-0.3519
			-0.5077	-0.3034	-0.8064
			0.2314	-0.9377	-0.2591
			0.546	0.6766	-0.4941
			-0.4487	-0.4521	0.7709
			-0.1641	-0.1529	-0.9745
		b:
			-31.7792
			-224.2162
			-31.0523
			-38.6806
			114.1815
			-221.7956
	==================================================================================
	Q2:
		Shape: Hybrid
		q_c:	114.0	6.5	216.5
		ub :	118.376	10.1651	222.3419
		lb :	109.624	2.8349	210.6581
		P^-1:
			1.5623	-1.8925	0.0535
			-1.8925	2.524	-0.1213
			0.0535	-0.1213	0.0648
		A:
			-0.5241	0.8254	-0.2098
			0.7688	-0.6392	0.0193
			-0.4604	-0.8653	0.1981
			0.6058	-0.79	0.0938
			0.7936	-0.6049	-0.065
			-0.5867	0.7952	0.153
		b:
			-99.1908
			88.3405
			-12.4283
			84.5527
			73.2003
			-27.83
	==================================================================================
	Q3:
		Shape: Hybrid
		q_c:	103.0	22.5	229.0
		ub :	108.7106	29.7751	237.2191
		lb :	97.2894	15.2249	220.7809
		P^-1:
			0.2664	-0.2017	-0.043
			-0.2017	0.1975	0.0379
			-0.043	0.0379	0.0321
		A:
			-0.1003	0.6212	-0.7772
			-0.7557	0.6545	-0.0255
			0.6743	-0.7361	-0.0585
			-0.5662	-0.7704	0.293
			0.9185	-0.2038	-0.3388
			0.8215	0.1308	0.555
		b:
			-169.0123
			-67.8694
			40.5021
			-3.1244
			15.0249
			219.3577
	==================================================================================
	Q4:
		Shape: Polyhedra
		q_c:	127.5	9.0	225.0
		ub :	135.3192	15.4245	233.111
		lb :	119.6808	2.5755	216.889
		A:
			0.7824	0.6086	0.1321
			-0.3054	0.5336	0.7887
			-0.2281	0.9242	0.3064
			-0.4806	0.8767	0.0228
			0.0029	0.4303	0.9027
			0.2161	0.4077	0.8872
			0.7416	0.1376	0.6566
			-0.5669	-0.3948	0.723
			0.3587	-0.9084	-0.2148
			-0.7416	-0.1376	-0.6566
			0.5669	0.3948	-0.723
			-0.3587	0.9084	0.2148
		b:
			139.9576
			148.0746
			51.6713
			-44.7428
			211.9085
			234.9567
			247.0221
			93.8509
			-7.2774
			-240.0221
			-79.8509
			14.2774
	==================================================================================
	Q5:
		Shape: Ellipse
		q_c:	101.5	31.0	213.0
		ub :	112.2931	40.1656	218.229
		lb :	90.7069	21.8344	207.771
		P^-1:
			0.064	0.0936	0.0896
			0.0936	0.1765	0.1759
			0.0896	0.1759	0.2633
	==================================================================================
	Q6:
		Shape: Ellipse
		q_c:	126.0	16.0	216.5
		ub :	137.3633	24.1345	227.8208
		lb :	114.6367	7.8655	205.1792
		P^-1:
			0.0359	0.0386	0.012
			0.0386	0.0867	0.0141
			0.012	0.0141	0.0213


===========================================================================================
===========================================================================================
S6:
	q_c:	176.0	125.0	138.5
	ub :	183.2776	132.5846	146.1048
	lb :	170.9779	119.0123	133.063

	==================================================================================
	Q1:
		Shape: Hybrid
		q_c:	179.5	124.0	139.5
		ub :	183.0581	127.111	141.9661
		lb :	175.9419	120.889	137.0339
		P^-1:
			0.2996	0.0054	-0.361
			0.0054	0.1577	0.0125
			-0.361	0.0125	0.8138
		A:
			0.3294	0.066	-0.9419
			-0.2709	0.5111	0.8157
			0.2289	0.5863	0.7771
			-0.3659	0.9238	0.1126
			-0.1054	0.9176	-0.3833
			-0.7674	-0.4505	0.4562
		b:
			-63.5029
			129.5897
			223.9034
			66.612
			43.4276
			-128.5607
	==================================================================================
	Q2:
		Shape: Ellipse
		q_c:	173.5	127.5	136.0
		ub :	175.4256	130.5324	138.937
		lb :	171.5744	124.4676	133.063
		P^-1:
			0.4354	-0.037	-0.0333
			-0.037	0.2925	-0.137
			-0.0333	-0.137	0.3209
	==================================================================================
	Q3:
		Shape: Polyhedra
		q_c:	175.5	123.0	141.0
		ub :	180.0221	126.9877	145.2635
		lb :	170.9779	119.0123	136.7365
		A:
			-0.8207	0.565	-0.0845
			0.0948	0.1128	0.9891
			-0.2964	-0.8662	0.4023
			0.7049	-0.6738	-0.2216
			0.2199	0.9252	-0.3093
			-0.2476	0.8264	0.5058
			0.7231	0.4496	0.5244
			-0.6232	0.0971	0.776
			0.298	-0.8879	0.3504
			-0.7231	-0.4496	-0.5244
			0.6232	-0.0971	-0.776
			-0.298	0.8879	-0.3504
		b:
			-83.8987
			172.7244
			-99.2382
			11.8864
			111.4417
			132.0759
			259.6449
			13.9879
			-5.0064
			-252.6449
			-9.9879
			10.0064
	==================================================================================
	Q4:
		Shape: Ellipse
		q_c:	180.0	122.0	138.5
		ub :	183.2776	124.8779	141.9472
		lb :	176.7224	119.1221	135.0528
		P^-1:
			0.25	-0.0	0.0
			-0.0	0.25	0.0
			0.0	0.0	0.25
	==================================================================================
	Q5:
		Shape: Ellipse
		q_c:	179.0	128.0	141.5
		ub :	182.6833	132.5846	146.1048
		lb :	175.3167	123.4154	136.8952
		P^-1:
			0.2151	-0.0506	-0.0327
			-0.0506	0.1357	0.0159
			-0.0327	0.0159	0.1214
	==================================================================================
	Q6:
		Shape: Ellipse
		q_c:	175.0	128.0	137.5
		ub :	176.9568	131.2686	141.2111
		lb :	173.0432	124.7314	133.7889
		P^-1:
			0.9319	-0.1737	0.1561
			-0.1737	0.2601	0.0233
			0.1561	0.0233	0.1691


===========================================================================================
===========================================================================================
S7:
	q_c:	148.0	180.5	107.5
	ub :	165.2055	197.5093	120.0824
	lb :	136.5376	168.4277	94.3096

	==================================================================================
	Q1:
		Shape: Ellipse
		q_c:	142.0	188.0	115.0
		ub :	147.4624	194.1081	120.0824
		lb :	136.5376	181.8919	109.9176
		P^-1:
			0.0688	-0.0086	-0.0027
			-0.0086	0.0759	-0.0018
			-0.0027	-0.0018	0.0811
	==================================================================================
	Q2:
		Shape: Polyhedra
		q_c:	142.0	174.5	114.0
		ub :	146.7	180.5723	118.3223
		lb :	137.3	168.4277	109.6777
		A:
			-0.948	0.0676	0.3109
			0.8539	0.0027	-0.5204
			-0.2359	0.4296	0.8717
			0.477	-0.8723	0.1072
			0.7521	-0.3815	-0.5374
			-0.6115	-0.0024	0.7913
			0.3527	0.8905	0.2875
			0.6775	-0.031	-0.7349
			-0.6455	0.454	-0.6142
			-0.3527	-0.8905	-0.2875
			-0.6775	0.031	0.7349
			0.6455	-0.454	0.6142
		b:
			-85.3452
			63.8601
			143.7823
			-68.3122
			-19.1702
			4.0022
			243.2447
			8.0106
			-78.9655
			-233.2447
			-6.0106
			85.9655
	==================================================================================
	Q3:
		Shape: Polyhedra
		q_c:	152.0	190.5	104.0
		ub :	158.804	197.5093	110.1112
		lb :	145.196	183.4907	97.8888
		A:
			0.6073	-0.3084	-0.7322
			0.5675	-0.2052	-0.7974
			-0.0423	-0.6572	-0.7525
			0.3282	0.0929	0.94
			0.3112	0.8101	0.4969
			0.9268	0.1924	-0.3226
			0.3181	0.7746	0.5467
			0.0845	0.5511	-0.8301
			-0.9443	0.3102	0.1098
			-0.3181	-0.7746	-0.5467
			-0.0845	-0.5511	0.8301
			0.9443	-0.3102	-0.1098
		b:
			-37.6743
			-30.9914
			-205.784
			169.4096
			257.3009
			149.1027
			256.7593
			35.506
			-67.5094
			-248.7593
			-27.506
			78.5094
	==================================================================================
	Q4:
		Shape: Ellipse
		q_c:	159.0	181.5	103.0
		ub :	165.2055	188.5009	110.8768
		lb :	152.7945	174.4991	95.1232
		P^-1:
			0.0671	0.034	0.0068
			0.034	0.0804	0.014
			0.0068	0.014	0.0272
	==================================================================================
	Q5:
		Shape: Ellipse
		q_c:	147.0	173.5	99.0
		ub :	151.4425	178.3208	103.6904
		lb :	142.5575	168.6792	94.3096
		P^-1:
			0.1981	0.0575	0.0549
			0.0575	0.1099	0.0289
			0.0549	0.0289	0.0861
	==================================================================================
	Q6:
		Shape: Polyhedra
		q_c:	154.5	187.0	104.5
		ub :	160.3136	192.8426	110.734
		lb :	148.6864	181.1574	98.266
		A:
			0.9616	-0.2442	0.1251
			0.151	0.988	-0.033
			-0.0806	-0.9956	-0.047
			0.3637	0.9076	0.2096
			-0.407	-0.8767	-0.2565
			-0.2639	0.9578	-0.1137
			0.5281	0.6221	0.578
			-0.7348	0.6759	-0.0562
			-0.4256	-0.3951	0.8141
			-0.5281	-0.6221	-0.578
			0.7348	-0.6759	0.0562
			0.4256	0.3951	-0.8141
		b:
			118.8366
			208.2951
			-200.0879
			251.4393
			-250.019
			129.5653
			261.8276
			9.5009
			-49.5651
			-254.8276
			-4.5009
			59.5651


===========================================================================================
===========================================================================================
S8:
	q_c:	324.5	363.0	386.5
	ub :	337.7198	374.7284	398.42
	lb :	313.4181	356.3451	376.6067

	==================================================================================
	Q1:
		Shape: Ellipse
		q_c:	333.0	362.5	384.0
		ub :	337.7198	368.6549	389.9691
		lb :	328.2802	356.3451	378.0309
		P^-1:
			0.118	-0.016	-0.0362
			-0.016	0.0698	0.0325
			-0.0362	0.0325	0.1032
	==================================================================================
	Q2:
		Shape: Ellipse
		q_c:	331.5	366.0	381.5
		ub :	337.0367	372.3459	386.3933
		lb :	325.9633	359.6541	376.6067
		P^-1:
			0.1729	-0.0638	-0.0741
			-0.0638	0.0709	0.0328
			-0.0741	0.0328	0.1087
	==================================================================================
	Q3:
		Shape: Hybrid
		q_c:	319.5	370.0	385.0
		ub :	324.3498	374.7284	389.1072
		lb :	314.6502	365.2716	380.8928
		P^-1:
			0.1181	-0.0076	0.0153
			-0.0076	0.1194	-0.0167
			0.0153	-0.0167	0.1447
		A:
			0.7171	-0.3161	0.6212
			-0.2088	0.3062	-0.9288
			0.902	-0.3986	-0.1661
			0.8793	-0.4745	0.0419
			0.7373	0.2403	-0.6314
			-0.146	0.7904	0.595
		b:
			352.6492
			-309.7154
			78.4401
			123.11
			83.0762
			476.588
	==================================================================================
	Q4:
		Shape: Hybrid
		q_c:	327.0	363.5	394.0
		ub :	331.3798	367.0889	398.42
		lb :	322.6202	359.9111	389.58
		P^-1:
			0.2073	-0.141	-0.0799
			-0.141	0.3262	0.048
			-0.0799	0.048	0.1526
		A:
			0.3634	-0.5972	-0.715
			0.7948	-0.38	-0.4732
			0.3467	-0.6384	-0.6872
			0.5966	-0.8024	-0.0157
			-0.4433	0.5967	0.6689
			-0.4635	0.8129	-0.3528
		b:
			-378.7202
			-63.5671
			-388.1925
			-101.8796
			336.6142
			6.247
	==================================================================================
	Q5:
		Shape: Polyhedra
		q_c:	322.0	366.0	386.0
		ub :	329.9613	372.267	394.1787
		lb :	314.0387	359.733	377.8213
		A:
			-0.119	-0.008	-0.9929
			-0.0538	-0.9646	-0.2582
			-0.3917	-0.813	0.4309
			0.1192	-0.6981	-0.706
			0.7937	-0.1679	0.5847
			-0.4072	0.7331	-0.5448
			0.3364	0.814	0.4736
			0.7217	0.1002	-0.6849
			-0.605	0.5722	-0.5537
			-0.3364	-0.814	-0.4736
			-0.7217	-0.1002	0.6849
			0.605	-0.5722	0.5537
		b:
			-419.7026
			-465.6392
			-252.2843
			-484.7153
			423.5718
			-69.4886
			593.5363
			10.6741
			-195.624
			-584.5363
			1.3259
			202.624
	==================================================================================
	Q6:
		Shape: Hybrid
		q_c:	317.5	361.0	382.5
		ub :	321.5819	364.0868	386.2625
		lb :	313.4181	357.9132	378.7375
		P^-1:
			0.1233	-0.0393	-0.0017
			-0.0393	0.2375	0.0056
			-0.0017	0.0056	0.1114
		A:
			-0.7884	0.547	0.2815
			-0.2911	-0.8836	0.3667
			0.3329	-0.1008	0.9376
			-0.3709	-0.2778	-0.8862
			0.9577	0.2488	-0.1447
			-0.6787	0.6533	0.3354
		b:
			56.3123
			-269.6494
			429.8867
			-555.0262
			340.5444
			150.0056


===========================================================================================
===========================================================================================
S9:
	q_c:	226.5	154.0	364.0
	ub :	243.5877	178.3927	382.5531
	lb :	206.4645	133.76	342.4984

	==================================================================================
	Q1:
		Shape: Hybrid
		q_c:	217.5	156.5	361.5
		ub :	227.9003	166.0739	372.6492
		lb :	207.0997	146.9261	350.3508
		P^-1:
			0.0332	0.0174	0.0075
			0.0174	0.0379	0.0169
			0.0075	0.0169	0.0289
		A:
			0.8995	0.201	-0.388
			-0.8307	-0.5423	0.1257
			0.9844	-0.1234	-0.1258
			-0.0747	0.5265	0.8469
			-0.2417	-0.4818	-0.8423
			0.253	0.5196	0.8161
		b:
			90.9218
			-216.8741
			153.9219
			375.6525
			-429.5061
			434.1729
	==================================================================================
	Q2:
		Shape: Ellipse
		q_c:	227.0	167.5	375.0
		ub :	235.8867	175.486	382.5531
		lb :	218.1133	159.514	367.4469
		P^-1:
			0.0245	0.0043	0.004
			0.0043	0.0878	-0.0652
			0.004	-0.0652	0.1012
	==================================================================================
	Q3:
		Shape: Ellipse
		q_c:	215.5	142.5	371.5
		ub :	223.9692	151.24	378.7174
		lb :	207.0308	133.76	364.2826
		P^-1:
			0.0299	-0.0132	-0.0032
			-0.0132	0.0397	0.0012
			-0.0032	0.0012	0.0332
	==================================================================================
	Q4:
		Shape: Polyhedra
		q_c:	223.5	162.0	352.0
		ub :	232.056	168.8274	361.5016
		lb :	214.944	155.1726	342.4984
		A:
			-0.9912	-0.0967	-0.0908
			0.4621	0.4403	0.7698
			0.0663	0.0591	0.996
			0.7778	-0.0972	0.6209
			-0.8282	-0.0941	-0.5525
			-0.8327	-0.3908	0.3922
			0.8883	0.0452	0.4571
			-0.4593	0.0833	0.8844
			0.0019	-0.9955	0.0948
			-0.8883	-0.0452	-0.4571
			0.4593	-0.0833	-0.8844
			-0.0019	0.9955	-0.0948
		b:
			-263.0221
			451.8489
			381.7515
			382.6954
			-388.8162
			-104.8657
			372.7358
			229.151
			-121.4913
			-360.7358
			-215.151
			133.4913
	==================================================================================
	Q5:
		Shape: Ellipse
		q_c:	215.5	157.5	372.0
		ub :	224.5355	165.4298	380.6839
		lb :	206.4645	149.5702	363.3161
		P^-1:
			0.0354	0.0074	-0.0091
			0.0074	0.0479	-0.0132
			-0.0091	-0.0132	0.04
	==================================================================================
	Q6:
		Shape: Hybrid
		q_c:	235.5	169.5	365.5
		ub :	243.5877	178.3927	373.3615
		lb :	227.4123	160.6073	357.6385
		P^-1:
			0.0237	0.0002	0.0003
			0.0002	0.0359	0.018
			0.0003	0.018	0.0503
		A:
			0.6718	0.2136	0.7092
			-0.3511	-0.8663	-0.3554
			-0.3937	0.482	-0.7827
			0.559	0.4309	0.7084
			0.6917	0.6949	-0.1966
			0.6819	-0.5284	-0.5057
		b:
			457.0263
			-356.3108
			-292.8976
			466.5107
			213.1994
			-110.4178


===========================================================================================
===========================================================================================
