3D_35_15_6_e                l = 3

===========================================================================================
===========================================================================================
S1:
	q_c:    460.5000    191.5000    416.5000
	ub :    478.0000    209.0000    434.0000
	lb :    443.0000    174.0000    399.0000

	==================================================================================
	Q1:
		Shape: Hybrid
		q_c:    443.0000    175.5000    420.5000
		ub :    453.4741    186.2076    430.8788
		lb :    432.5259    164.7924    410.1212
		P^-1: 
			    0.0100    0.0001    0.0003
			    0.0001    0.0209    0.0102
			    0.0003    0.0102    0.0245
		A:
			    0.4354    -0.4571    -0.7756
			    -0.0254    0.9739    0.2256
			    0.9921    -0.0982    -0.0787
			    0.4894    0.8252    0.2819
			    0.8553    -0.0233    -0.5176
			    0.5654    -0.6350    -0.5264
		b:
			    -209.4593
			    258.7750
			    396.3703
			    484.9757
			    163.7394
			    -77.7039
	==================================================================================
	Q2:
		Shape: Polyhedra
		q_c:    475.5000    184.0000    405.5000
		ub :    485.2529    197.1762    419.1724
		lb :    465.7471    170.8238    391.8276
		A:
			    0.7198    -0.4561    0.5233
			    0.6414    0.5978    -0.4810
			    0.9614    0.2194    0.1660
			    -0.4770    -0.8729    0.1027
			    -0.9081    -0.0546    0.4152
			    -0.9492    -0.1871    0.2530
			    0.0964    0.7861    0.6105
			    -0.4028    0.5917    -0.6983
			    -0.9102    -0.1786    0.3737
			    -0.0964    -0.7861    -0.6105
			    0.4028    -0.5917    0.6983
			    0.9102    0.1786    -0.3737
		b:
			    478.7615
			    226.6356
			    571.7043
			    -337.9096
			    -267.4372
			    -377.1256
			    447.0629
			    -357.3157
			    -308.1119
			    -429.0629
			    374.3157
			    320.1119
	==================================================================================
	Q3:
		Shape: Polyhedra
		q_c:    470.5000    197.0000    432.0000
		ub :    478.8011    209.5147    443.3092
		lb :    462.1989    184.4853    420.6908
		A:
			    0.6946    0.0867    0.7141
			    -0.9324    0.0424    -0.3589
			    -0.4161    -0.6953    -0.5861
			    0.6276    -0.6154    -0.4769
			    0.4802    0.8474    0.2266
			    -0.2467    -0.3587    0.9003
			    0.8198    0.2342    0.5226
			    -0.5680    0.2170    0.7939
			    0.0725    -0.9477    0.3109
			    -0.8198    -0.2342    -0.5226
			    0.5680    -0.2170    -0.7939
			    -0.0725    0.9477    -0.3109
		b:
			    656.9690
			    -580.5920
			    -579.5448
			    -23.7277
			    498.6394
			    210.8196
			    661.6025
			    125.9465
			    -7.7365
			    -653.6025
			    -110.9465
			    28.7365
	==================================================================================
	Q4:
		Shape: Hybrid
		q_c:    476.0000    201.5000    404.5000
		ub :    482.4984    213.2867    412.2411
		lb :    469.5016    189.7133    396.7589
		P^-1: 
			    0.0743    -0.0060    0.0106
			    -0.0060    0.0121    0.0127
			    0.0106    0.0127    0.0660
		A:
			    -0.4099    -0.4090    -0.8153
			    0.9513    0.0065    0.3082
			    0.9821    0.0030    -0.1883
			    -0.8904    0.2208    0.3980
			    0.3260    0.2309    0.9167
			    0.9092    -0.3446    0.2336
		b:
			    -604.5635
			    580.6548
			    394.3168
			    -216.2262
			    574.4900
			    460.6823
	==================================================================================
	Q5:
		Shape: Ellipse
		q_c:    445.0000    183.5000    404.0000
		ub :    457.3820    193.7510    415.8778
		lb :    432.6180    173.2490    392.1222
		P^-1: 
			    0.0200    -0.0060    0.0076
			    -0.0060    0.0279    -0.0095
			    0.0076    -0.0095    0.0237
	==================================================================================
	Q6:
		Shape: Hybrid
		q_c:    473.0000    200.5000    417.0000
		ub :    486.9552    205.9997    431.5644
		lb :    459.0448    195.0003    402.4356
		P^-1: 
			    0.0096    -0.0084    0.0017
			    -0.0084    0.1083    -0.0144
			    0.0017    -0.0144    0.0098
		A:
			    -0.1335    -0.8155    0.5631
			    -0.0781    0.8972    -0.4347
			    0.2613    -0.9324    0.2498
			    0.1019    -0.9230    0.3710
			    0.1768    0.9833    -0.0418
			    0.3867    0.9201    -0.0618
		b:
			    12.8658
			    -35.2958
			    43.0339
			    20.3097
			    265.9545
			    345.7402


===========================================================================================
===========================================================================================
S2:
	q_c:    456.5000    207.5000    250.0000
	ub :    465.0000    230.0000    256.0000
	lb :    448.0000    185.0000    244.0000

	==================================================================================
	Q1:
		Shape: Hybrid
		q_c:    462.5000    213.0000    251.0000
		ub :    467.5297    217.2681    256.3176
		lb :    457.4703    208.7319    245.6824
		P^-1: 
			    0.0648    0.0028    -0.0057
			    0.0028    0.1084    0.0089
			    -0.0057    0.0089    0.0820
		A:
			    -0.0910    0.9954    -0.0289
			    -0.4957    -0.7457    0.4453
			    0.2979    -0.8099    0.5054
			    0.4967    -0.3971    0.7717
			    0.1826    -0.4654    -0.8661
			    -0.1578    -0.7311    -0.6637
		b:
			    164.3027
			    -274.4413
			    94.0889
			    341.1247
			    -230.2711
			    -393.6560
	==================================================================================
	Q2:
		Shape: Ellipse
		q_c:    456.0000    205.0000    247.5000
		ub :    458.2384    208.5471    251.2783
		lb :    453.7616    201.4529    243.7217
		P^-1: 
			    0.4308    0.0022    -0.0608
			    0.0022    0.1600    -0.0005
			    -0.0608    -0.0005    0.1737
	==================================================================================
	Q3:
		Shape: Polyhedra
		q_c:    458.0000    206.5000    251.0000
		ub :    461.9408    210.2631    254.0857
		lb :    454.0592    202.7369    247.9143
		A:
			    -0.9037    -0.0086    0.4281
			    0.3371    -0.2732    -0.9010
			    0.1245    -0.2485    -0.9606
			    0.7329    -0.6781    -0.0550
			    -0.1928    0.1256    0.9732
			    0.5306    0.2014    -0.8233
			    0.8397    0.2241    0.4946
			    -0.5186    0.0607    0.8529
			    0.1611    -0.9727    0.1672
			    -0.8397    -0.2241    -0.4946
			    0.5186    -0.0607    -0.8529
			    -0.1611    0.9727    -0.1672
		b:
			    -306.0956
			    -126.8212
			    -233.6421
			    184.6598
			    183.4207
			    79.1973
			    558.5178
			    -9.9156
			    -82.1079
			    -551.5178
			    11.9156
			    88.1079
	==================================================================================
	Q4:
		Shape: Ellipse
		q_c:    458.0000    210.0000    255.5000
		ub :    462.0102    212.9300    258.3448
		lb :    453.9898    207.0700    252.6552
		P^-1: 
			    0.0836    -0.0096    -0.0075
			    -0.0096    0.1588    -0.0009
			    -0.0075    -0.0009    0.1593
	==================================================================================
	Q5:
		Shape: Hybrid
		q_c:    459.5000    205.0000    257.0000
		ub :    463.1512    208.8125    260.0437
		lb :    455.8488    201.1875    253.9563
		P^-1: 
			    0.2457    0.0078    -0.1051
			    0.0078    0.2377    0.1215
			    -0.1051    0.1215    0.3222
		A:
			    -0.4574    -0.2446    -0.8550
			    -0.6944    -0.6335    0.3412
			    -0.1727    -0.7372    -0.6533
			    0.5099    -0.2048    -0.8355
			    0.1871    0.9363    0.2973
			    -0.5330    -0.5085    0.6762
		b:
			    -478.5175
			    -359.9860
			    -397.4099
			    -21.5908
			    355.5346
			    -173.9987
	==================================================================================
	Q6:
		Shape: Ellipse
		q_c:    462.5000    210.0000    247.0000
		ub :    466.3753    213.8562    249.5266
		lb :    458.6247    206.1438    244.4734
		P^-1: 
			    0.2262    0.1198    -0.0652
			    0.1198    0.2359    -0.0721
			    -0.0652    -0.0721    0.3435


===========================================================================================
===========================================================================================
S3:
	q_c:    256.0000    378.5000    374.0000
	ub :    278.0000    393.0000    382.0000
	lb :    234.0000    364.0000    366.0000

	==================================================================================
	Q1:
		Shape: Ellipse
		q_c:    251.5000    380.0000    369.0000
		ub :    256.6456    385.0006    372.7381
		lb :    246.3544    374.9994    365.2619
		P^-1: 
			    0.1077    0.0177    0.0176
			    0.0177    0.0941    0.0077
			    0.0176    0.0077    0.1510
	==================================================================================
	Q2:
		Shape: Hybrid
		q_c:    260.0000    388.5000    368.0000
		ub :    264.3518    392.7756    371.5138
		lb :    255.6482    384.2244    364.4862
		P^-1: 
			    0.1111    -0.0000    0.0000
			    -0.0000    0.1111    -0.0000
			    0.0000    -0.0000    0.1111
		A:
			    0.8377    -0.1715    -0.5186
			    0.3278    0.2715    0.9049
			    0.3561    -0.3820    -0.8528
			    0.3336    -0.7036    0.6274
			    0.0347    -0.6126    0.7897
			    -0.3913    -0.2793    0.8768
		b:
			    -38.1595
			    525.2168
			    -368.1627
			    45.7525
			    63.1343
			    113.8970
	==================================================================================
	Q3:
		Shape: Polyhedra
		q_c:    259.0000    380.5000    376.5000
		ub :    262.4775    383.3906    379.8731
		lb :    255.5225    377.6094    373.1269
		A:
			    0.2354    0.6416    0.7300
			    -0.3269    -0.5765    -0.7489
			    -0.2893    -0.4683    -0.8349
			    0.4097    -0.8737    -0.2623
			    0.4804    0.0884    -0.8726
			    -0.6256    -0.4256    -0.6539
			    0.3349    0.6946    0.6367
			    -0.9320    0.1447    0.3323
			    0.1386    -0.7047    0.6958
			    -0.3349    -0.6946    -0.6367
			    0.9320    -0.1447    -0.3323
			    -0.1386    0.7047    -0.6958
		b:
			    581.0299
			    -584.8999
			    -566.2147
			    -322.8069
			    -167.8283
			    -568.7078
			    591.7471
			    -58.2148
			    32.2338
			    -589.7471
			    64.2148
			    -27.2338
	==================================================================================
	Q4:
		Shape: Ellipse
		q_c:    258.5000    380.0000    379.5000
		ub :    264.5079    386.5903    385.5956
		lb :    252.4921    373.4097    373.4044
		P^-1: 
			    0.0787    0.0052    -0.0076
			    0.0052    0.0723    0.0137
			    -0.0076    0.0137    0.0616
	==================================================================================
	Q5:
		Shape: Hybrid
		q_c:    262.5000    371.0000    378.0000
		ub :    264.8276    373.9184    380.4585
		lb :    260.1724    368.0816    375.5415
		P^-1: 
			    0.2518    0.0131    0.0177
			    0.0131    0.1902    0.0866
			    0.0177    0.0866    0.4124
		A:
			    0.5156    -0.4072    -0.7539
			    -0.4196    -0.5977    0.6831
			    0.6106    -0.6742    0.4154
			    0.4762    -0.6263    -0.6172
			    -0.1357    -0.5267    -0.8392
			    0.2137    0.6430    0.7355
		b:
			    -299.6989
			    -72.2067
			    68.7480
			    -339.5622
			    -547.4015
			    573.5656
	==================================================================================
	Q6:
		Shape: Hybrid
		q_c:    256.5000    382.0000    374.0000
		ub :    261.3305    386.5003    378.6820
		lb :    251.6695    377.4997    369.3180
		P^-1: 
			    0.1214    -0.0248    -0.0064
			    -0.0248    0.1432    -0.0119
			    -0.0064    -0.0119    0.0881
		A:
			    -0.9930    -0.0336    -0.1133
			    0.2376    -0.6544    0.7178
			    -0.1681    0.8641    0.4744
			    -0.1840    0.8573    -0.4807
			    -0.7489    0.6616    -0.0395
			    -0.2653    -0.5745    -0.7743
		b:
			    -308.1752
			    81.0723
			    466.0721
			    101.9268
			    47.1533
			    -574.9246


===========================================================================================
===========================================================================================
S4:
	q_c:    362.0000    89.0000    244.5000
	ub :    376.0000    96.0000    270.0000
	lb :    348.0000    82.0000    219.0000

	==================================================================================
	Q1:
		Shape: Polyhedra
		q_c:    368.5000    94.0000    247.5000
		ub :    372.8006    97.5622    251.2613
		lb :    364.1994    90.4378    243.7387
		A:
			    0.2024    0.9133    0.3534
			    0.8322    0.4316    0.3480
			    0.1439    0.2059    0.9679
			    0.4594    -0.5742    -0.6777
			    -0.8772    0.1517    -0.4555
			    -0.6022    0.6040    -0.5220
			    0.4879    0.4663    0.7379
			    -0.8720    0.2995    0.3872
			    -0.0404    -0.8324    0.5528
			    -0.4879    -0.4663    -0.7379
			    0.8720    -0.2995    -0.3872
			    0.0404    0.8324    -0.5528
		b:
			    249.7857
			    435.6739
			    313.8973
			    -48.9665
			    -418.9035
			    -291.7348
			    407.7448
			    -193.3381
			    45.6730
			    -404.7448
			    201.3381
			    -41.6730
	==================================================================================
	Q2:
		Shape: Ellipse
		q_c:    362.0000    83.5000    244.0000
		ub :    366.8205    87.4917    248.4461
		lb :    357.1795    79.5083    239.5539
		P^-1: 
			    0.1466    -0.0824    0.0913
			    -0.0824    0.2687    -0.1473
			    0.0913    -0.1473    0.2219
	==================================================================================
	Q3:
		Shape: Polyhedra
		q_c:    359.5000    95.0000    240.5000
		ub :    364.7802    100.2224    245.3290
		lb :    354.2198    89.7776    235.6710
		A:
			    -0.3396    -0.8439    0.4153
			    -0.0099    0.9623    -0.2717
			    -0.5961    0.6418    -0.4826
			    -0.3612    -0.8152    0.4527
			    -0.1606    0.6172    -0.7702
			    -0.6951    0.2461    0.6755
			    0.4811    0.7420    0.4669
			    0.7575    -0.6199    0.2047
			    0.4413    0.2552    -0.8603
			    -0.4811    -0.7420    -0.4669
			    -0.7575    0.6199    -0.2047
			    -0.4413    -0.2552    0.8603
		b:
			    -99.1894
			    25.6880
			    -266.3705
			    -95.2588
			    -181.3202
			    -61.0413
			    359.2296
			    265.6508
			    -21.0107
			    -352.2296
			    -259.6508
			    27.0107
	==================================================================================
	Q4:
		Shape: Hybrid
		q_c:    360.5000    90.0000    241.5000
		ub :    362.9620    92.0116    243.6999
		lb :    358.0380    87.9884    239.3001
		P^-1: 
			    0.5532    0.0225    -0.3595
			    0.0225    0.4323    0.0501
			    -0.3595    0.0501    0.7089
		A:
			    0.8894    0.3315    -0.3147
			    -0.2456    -0.3695    0.8962
			    -0.5070    -0.5399    0.6719
			    -0.1546    0.6370    -0.7552
			    0.8105    -0.4972    -0.3097
			    0.6677    -0.0447    -0.7431
		b:
			    275.2787
			    95.4772
			    -68.3836
			    -179.5676
			    173.5839
			    57.7207
	==================================================================================
	Q5:
		Shape: Hybrid
		q_c:    359.0000    92.5000    249.5000
		ub :    360.4651    94.1770    251.7567
		lb :    357.5349    90.8230    247.2433
		P^-1: 
			    0.9667    0.0165    -0.1527
			    0.0165    0.4441    -0.0180
			    -0.1527    -0.0180    0.2836
		A:
			    -0.7427    -0.0762    0.6653
			    0.9876    -0.0761    -0.1373
			    0.9259    -0.3190    -0.2023
			    0.5414    0.5766    -0.6119
			    -0.3640    0.7503    0.5519
			    -0.7541    -0.3239    0.5714
		b:
			    -106.8604
			    313.7713
			    252.9950
			    95.9656
			    77.4822
			    -157.3623
	==================================================================================
	Q6:
		Shape: Polyhedra
		q_c:    360.0000    96.5000    246.0000
		ub :    363.8909    99.4907    250.9635
		lb :    356.1091    93.5093    241.0365
		A:
			    -0.6779    0.7088    0.1950
			    -0.1790    -0.8875    -0.4247
			    0.8038    -0.4085    0.4325
			    0.2090    0.9520    0.2239
			    0.2482    -0.3945    -0.8847
			    -0.6050    -0.5376    -0.5874
			    0.9828    0.1065    0.1512
			    -0.1475    -0.0417    0.9882
			    0.1116    -0.9934    -0.0252
			    -0.9828    -0.1065    -0.1512
			    0.1475    0.0417    -0.9882
			    -0.1116    0.9934    0.0252
		b:
			    -124.8176
			    -251.6744
			    359.4377
			    224.7893
			    -162.2036
			    -410.8684
			    404.2592
			    190.4716
			    -59.4183
			    -398.2592
			    -181.4716
			    64.4183


===========================================================================================
===========================================================================================
S5:
	q_c:    297.0000    386.5000    157.0000
	ub :    311.0000    407.0000    184.0000
	lb :    283.0000    366.0000    130.0000

	==================================================================================
	Q1:
		Shape: Hybrid
		q_c:    294.5000    391.5000    165.5000
		ub :    303.6240    400.4817    171.4934
		lb :    285.3760    382.5183    159.5066
		P^-1: 
			    0.0314    0.0141    0.0003
			    0.0141    0.0384    -0.0002
			    0.0003    -0.0002    0.0494
		A:
			    0.1723    -0.1464    -0.9741
			    -0.7770    0.5610    0.2856
			    0.6448    0.7633    0.0396
			    -0.8947    -0.4020    -0.1945
			    0.5587    0.7171    -0.4167
			    -0.7506    0.5131    0.4162
		b:
			    -165.3265
			    42.6911
			    497.5495
			    -450.2191
			    378.5778
			    53.1267
	==================================================================================
	Q2:
		Shape: Ellipse
		q_c:    299.5000    396.5000    152.0000
		ub :    305.6542    403.7043    159.4224
		lb :    293.3458    389.2957    144.5776
		P^-1: 
			    0.0731    0.0128    0.0109
			    0.0128    0.0449    0.0042
			    0.0109    0.0042    0.0436
	==================================================================================
	Q3:
		Shape: Polyhedra
		q_c:    308.5000    387.0000    148.5000
		ub :    315.8774    395.1409    155.7700
		lb :    301.1226    378.8591    141.2300
		A:
			    0.4791    -0.8732    0.0897
			    -0.6785    0.1417    -0.7208
			    -0.6404    -0.1748    -0.7479
			    0.4430    0.1470    0.8844
			    0.5699    0.6482    0.5051
			    -0.4307    -0.4323    -0.7922
			    0.5045    0.3491    0.7897
			    -0.0226    -0.9090    0.4162
			    0.8631    -0.2279    -0.4506
			    -0.5045    -0.3491    -0.7897
			    0.0226    0.9090    -0.4162
			    -0.8631    0.2279    0.4506
		b:
			    -169.9393
			    -257.8179
			    -374.0958
			    327.0015
			    504.6757
			    -416.1272
			    409.4926
			    -290.4456
			    118.6703
			    -406.4926
			    303.4456
			    -103.6703
	==================================================================================
	Q4:
		Shape: Ellipse
		q_c:    292.5000    381.0000    164.0000
		ub :    302.7433    388.5284    172.2735
		lb :    282.2567    373.4716    155.7265
		P^-1: 
			    0.0225    -0.0055    0.0058
			    -0.0055    0.0383    0.0018
			    0.0058    0.0018    0.0300
	==================================================================================
	Q5:
		Shape: Hybrid
		q_c:    296.5000    398.5000    152.0000
		ub :    300.3404    401.4175    155.4990
		lb :    292.6596    395.5825    148.5010
		P^-1: 
			    0.1602    0.0164    0.0966
			    0.0164    0.3230    0.0981
			    0.0966    0.0981    0.3224
		A:
			    0.0096    -0.2673    -0.9636
			    -0.0076    -0.4192    0.9078
			    0.2579    0.8219    -0.5079
			    0.5395    0.7995    0.2641
			    -0.7079    -0.6418    -0.2948
			    0.4771    -0.8650    0.1555
		b:
			    -249.0063
			    -29.8477
			    328.4021
			    519.9119
			    -509.1099
			    -178.3502
	==================================================================================
	Q6:
		Shape: Hybrid
		q_c:    306.5000    375.5000    167.0000
		ub :    320.0877    388.6212    180.1306
		lb :    292.9123    362.3788    153.8694
		P^-1: 
			    0.0192    -0.0079    -0.0007
			    -0.0079    0.0205    -0.0002
			    -0.0007    -0.0002    0.0115
		A:
			    0.0726    0.9974    0.0017
			    -0.9459    0.3090    -0.0987
			    0.7231    -0.4794    -0.4972
			    0.4305    -0.7873    -0.4413
			    -0.3407    0.9256    -0.1648
			    0.5172    0.7088    -0.4796
		b:
			    401.9054
			    -186.4126
			    -37.4150
			    -233.4461
			    219.2586
			    350.5325


===========================================================================================
===========================================================================================
S6:
	q_c:    84.5000    316.0000    159.5000
	ub :    113.0000    321.0000    179.0000
	lb :    56.0000    311.0000    140.0000

	==================================================================================
	Q1:
		Shape: Polyhedra
		q_c:    83.0000    313.0000    161.5000
		ub :    87.3292    316.6912    165.8388
		lb :    78.6708    309.3088    157.1612
		A:
			    -0.6403    -0.5560    0.5300
			    0.1535    -0.3634    -0.9189
			    -0.3371    -0.1079    -0.9353
			    -0.1195    -0.9635    -0.2397
			    0.1273    -0.8829    -0.4519
			    -0.1152    0.2421    -0.9634
			    0.6262    0.6144    0.4799
			    -0.7168    0.2117    0.6643
			    0.3066    -0.7600    0.5730
			    -0.6262    -0.6144    -0.4799
			    0.7168    -0.2117    -0.6643
			    -0.3066    0.7600    -0.5730
		b:
			    -138.9333
			    -246.6108
			    -210.3370
			    -347.7944
			    -336.1864
			    -86.9879
			    324.3010
			    117.0498
			    -117.9041
			    -319.3010
			    -111.0498
			    121.9041
	==================================================================================
	Q2:
		Shape: Polyhedra
		q_c:    84.5000    318.5000    163.5000
		ub :    86.9654    321.0793    165.6114
		lb :    82.0346    315.9207    161.3886
		A:
			    0.9443    0.2758    -0.1796
			    -0.8412    -0.4915    -0.2253
			    -0.1441    0.2375    0.9606
			    -0.6272    -0.5523    -0.5493
			    -0.0435    0.0895    0.9950
			    -0.2821    -0.5630    0.7768
			    0.6334    0.1265    0.7634
			    -0.6386    -0.4717    0.6080
			    0.4370    -0.8726    -0.2180
			    -0.6334    -0.1265    -0.7634
			    0.6386    0.4717    -0.6080
			    -0.4370    0.8726    0.2180
		b:
			    139.7093
			    -263.2255
			    221.9732
			    -317.4860
			    188.8526
			    -74.6595
			    219.6334
			    -103.2941
			    -274.6449
			    -217.6334
			    106.2941
			    278.6449
	==================================================================================
	Q3:
		Shape: Hybrid
		q_c:    84.5000    311.0000    163.5000
		ub :    88.5560    315.0601    166.8636
		lb :    80.4440    306.9399    160.1364
		P^-1: 
			    0.1967    -0.0654    -0.0170
			    -0.0654    0.1698    -0.0208
			    -0.0170    -0.0208    0.2446
		A:
			    -0.0457    0.8150    0.5777
			    -0.3255    0.7452    0.5820
			    0.8539    -0.4648    0.2342
			    -0.3786    -0.4460    0.8110
			    -0.4109    0.0641    -0.9094
			    0.5420    -0.8403    0.0118
		b:
			    345.5930
			    300.6818
			    -33.0237
			    -36.9012
			    -162.2924
			    -212.4860
	==================================================================================
	Q4:
		Shape: Hybrid
		q_c:    81.0000    312.0000    160.0000
		ub :    84.3351    315.1877    163.0793
		lb :    77.6649    308.8123    156.9207
		P^-1: 
			    0.1692    0.0040    -0.0270
			    0.0040    0.1617    -0.0116
			    -0.0270    -0.0116    0.2391
		A:
			    -0.5907    -0.2490    -0.7675
			    -0.6877    0.2643    0.6761
			    -0.7254    0.3090    -0.6150
			    -0.7371    -0.5495    0.3933
			    0.2362    0.6719    -0.7020
			    -0.1712    -0.0717    0.9826
		b:
			    -246.9600
			    136.1249
			    -59.3140
			    -166.9469
			    117.6060
			    122.0112
	==================================================================================
	Q5:
		Shape: Hybrid
		q_c:    88.0000    316.0000    155.5000
		ub :    90.6719    318.0450    158.0091
		lb :    85.3281    313.9550    152.9909
		P^-1: 
			    0.4805    -0.2720    0.1030
			    -0.2720    0.8548    0.0123
			    0.1030    0.0123    0.3591
		A:
			    0.4567    -0.8714    0.1789
			    0.6086    -0.7840    -0.1223
			    0.6938    -0.2985    0.6553
			    0.9058    -0.2916    -0.3075
			    -0.1787    -0.9723    0.1504
			    0.4108    0.7693    0.4894
		b:
			    -206.8438
			    -212.6107
			    69.4568
			    -59.1160
			    -298.6930
			    356.2704
	==================================================================================
	Q6:
		Shape: Hybrid
		q_c:    84.0000    316.5000    159.0000
		ub :    87.4409    320.1184    162.0653
		lb :    80.5591    312.8816    155.9347
		P^-1: 
			    0.2141    -0.0837    -0.0738
			    -0.0837    0.2896    0.1143
			    -0.0738    0.1143    0.2607
		A:
			    -0.4843    -0.3764    -0.7898
			    0.1420    0.9595    -0.2433
			    0.9199    -0.3541    -0.1685
			    0.7038    -0.7076    0.0632
			    0.2215    0.8986    0.3788
			    -0.7944    -0.1903    0.5768
		b:
			    -283.8515
			    278.5197
			    -60.3520
			    -153.5234
			    364.5091
			    -33.7807


===========================================================================================
===========================================================================================
S7:
	q_c:    345.5000    80.5000    85.0000
	ub :    370.0000    97.0000    102.0000
	lb :    321.0000    64.0000    68.0000

	==================================================================================
	Q1:
		Shape: Ellipse
		q_c:    335.5000    80.0000    71.5000
		ub :    344.9169    91.5636    82.0451
		lb :    326.0831    68.4364    60.9549
		P^-1: 
			    0.0347    0.0095    0.0005
			    0.0095    0.0231    0.0003
			    0.0005    0.0003    0.0178
	==================================================================================
	Q2:
		Shape: Ellipse
		q_c:    351.5000    69.0000    101.0000
		ub :    359.9461    79.2098    110.3405
		lb :    343.0539    58.7902    91.6595
		P^-1: 
			    0.0334    -0.0017    -0.0143
			    -0.0017    0.0128    0.0034
			    -0.0143    0.0034    0.0359
	==================================================================================
	Q3:
		Shape: Polyhedra
		q_c:    334.5000    65.0000    87.5000
		ub :    343.7559    73.2905    97.4217
		lb :    325.2441    56.7095    77.5783
		A:
			    0.8175    -0.4724    0.3295
			    0.3889    0.7759    -0.4967
			    -0.5856    0.3540    -0.7292
			    0.4430    0.6483    -0.6193
			    -0.2984    0.7060    -0.6423
			    -0.7864    0.4071    -0.4646
			    0.7988    0.4977    0.3380
			    0.3071    -0.8205    0.4822
			    0.5173    -0.2813    -0.8082
			    -0.7988    -0.4977    -0.3380
			    -0.3071    0.8205    -0.4822
			    -0.5173    0.2813    0.8082
		b:
			    276.5202
			    142.2605
			    -231.9077
			    141.7833
			    -105.5037
			    -272.4751
			    334.1180
			    96.0969
			    91.5408
			    -324.1180
			    -87.0969
			    -76.5408
	==================================================================================
	Q4:
		Shape: Ellipse
		q_c:    345.0000    79.0000    91.0000
		ub :    349.0921    83.0255    94.0054
		lb :    340.9079    74.9745    87.9946
		P^-1: 
			    0.2095    0.1091    -0.0910
			    0.1091    0.2324    -0.1056
			    -0.0910    -0.1056    0.2736
	==================================================================================
	Q5:
		Shape: Polyhedra
		q_c:    336.5000    67.5000    87.0000
		ub :    343.2532    75.7781    93.3983
		lb :    329.7468    59.2219    80.6017
		A:
			    0.0456    0.1230    -0.9914
			    -0.2650    -0.5964    -0.7577
			    -0.4202    -0.8852    -0.1999
			    -0.4609    -0.5627    0.6862
			    -0.3974    -0.9170    -0.0356
			    -0.8670    0.1210    -0.4834
			    0.6117    0.0446    0.7899
			    -0.7899    -0.0219    0.6129
			    0.0447    -0.9988    0.0218
			    -0.6117    -0.0446    -0.7899
			    0.7899    0.0219    -0.6129
			    -0.0447    0.9988    -0.0218
		b:
			    -58.0548
			    -189.6893
			    -211.3043
			    -127.3294
			    -191.2600
			    -321.3001
			    281.5498
			    -208.9483
			    -42.4948
			    -273.5498
			    218.9483
			    58.4948
	==================================================================================
	Q6:
		Shape: Ellipse
		q_c:    337.5000    65.5000    77.5000
		ub :    344.6551    70.3748    83.9284
		lb :    330.3449    60.6252    71.0716
		P^-1: 
			    0.0518    -0.0202    -0.0454
			    -0.0202    0.0847    0.0356
			    -0.0454    0.0356    0.1137


===========================================================================================
===========================================================================================
S8:
	q_c:    128.0000    464.0000    395.5000
	ub :    143.0000    484.0000    409.0000
	lb :    113.0000    444.0000    382.0000

	==================================================================================
	Q1:
		Shape: Polyhedra
		q_c:    129.0000    457.5000    395.0000
		ub :    135.3545    464.0006    400.8208
		lb :    122.6455    450.9994    389.1792
		A:
			    0.8182    -0.2860    -0.4988
			    -0.8758    -0.3659    -0.3147
			    -0.1139    0.8835    -0.4544
			    0.8202    0.5175    0.2439
			    0.3162    -0.6426    -0.6980
			    -0.6678    -0.2142    -0.7128
			    0.3371    0.4867    0.8059
			    0.2711    0.7695    -0.5782
			    -0.9016    0.4134    0.1275
			    -0.3371    -0.4867    -0.8059
			    -0.2711    -0.7695    0.5782
			    0.9016    -0.4134    -0.1275
		b:
			    -217.9084
			    -400.5706
			    213.7351
			    442.9140
			    -524.6698
			    -461.6079
			    588.4878
			    162.1568
			    127.6841
			    -580.4878
			    -155.1568
			    -118.6841
	==================================================================================
	Q2:
		Shape: Polyhedra
		q_c:    127.0000    479.0000    395.0000
		ub :    130.7067    485.4840    401.4253
		lb :    123.2933    472.5160    388.5747
		A:
			    0.9330    0.2071    0.2942
			    -0.7035    0.6858    -0.1867
			    -0.6661    0.6734    0.3207
			    -0.3049    0.9051    0.2964
			    0.8753    -0.0393    0.4820
			    -0.9687    0.1924    -0.1566
			    0.0379    0.6902    0.7226
			    0.3664    0.6632    -0.6526
			    -0.9297    0.2895    -0.2277
			    -0.0379    -0.6902    -0.7226
			    -0.3664    -0.6632    0.6526
			    0.9297    -0.2895    0.2277
		b:
			    336.3837
			    167.9415
			    366.9688
			    515.0369
			    284.5006
			    -91.0853
			    623.8582
			    112.4117
			    -67.8300
			    -617.8582
			    -100.4117
			    70.8300
	==================================================================================
	Q3:
		Shape: Hybrid
		q_c:    131.0000    473.5000    393.5000
		ub :    138.9190    482.7518    402.7582
		lb :    123.0810    464.2482    384.2418
		P^-1: 
			    0.0383    -0.0244    -0.0133
			    -0.0244    0.0539    0.0182
			    -0.0133    0.0182    0.0303
		A:
			    0.0030    -0.9599    -0.2805
			    -0.0340    0.7574    0.6521
			    -0.6752    0.1861    -0.7138
			    -0.1055    0.7264    0.6791
			    0.7184    -0.6879    -0.1038
			    -0.5937    0.7633    0.2548
		b:
			    -561.3093
			    613.8131
			    -276.0562
			    600.2434
			    -270.1064
			    385.7981
	==================================================================================
	Q4:
		Shape: Hybrid
		q_c:    132.5000    477.5000    404.0000
		ub :    138.5096    482.7929    409.3520
		lb :    126.4904    472.2071    398.6480
		P^-1: 
			    0.0816    -0.0000    0.0000
			    -0.0000    0.0816    -0.0000
			    0.0000    -0.0000    0.0816
		A:
			    -0.9509    -0.2937    -0.0980
			    0.9491    0.1957    -0.2467
			    -0.7015    -0.1224    -0.7021
			    -0.8242    0.4548    0.3373
			    0.2033    0.7009    0.6836
			    0.6537    0.4832    -0.5824
		b:
			    -304.0666
			    121.3048
			    -433.2997
			    245.9832
			    639.5734
			    83.8032
	==================================================================================
	Q5:
		Shape: Ellipse
		q_c:    132.0000    465.5000    398.0000
		ub :    137.1729    469.2649    403.0785
		lb :    126.8271    461.7351    392.9215
		P^-1: 
			    0.1116    -0.0182    0.0206
			    -0.0182    0.1454    -0.0131
			    0.0206    -0.0131    0.0958
	==================================================================================
	Q6:
		Shape: Hybrid
		q_c:    119.5000    461.0000    386.0000
		ub :    129.9711    469.2543    395.7142
		lb :    109.0289    452.7457    376.2858
		P^-1: 
			    0.0288    -0.0104    -0.0047
			    -0.0104    0.0441    -0.0016
			    -0.0047    -0.0016    0.0220
		A:
			    0.7425    -0.2753    0.6106
			    0.0310    0.5611    -0.8272
			    -0.7800    0.5369    0.3214
			    -0.9411    0.3001    0.1557
			    0.6006    0.7296    0.3270
			    0.9011    -0.3964    -0.1755
		b:
			    201.9328
			    -53.1117
			    281.1196
			    89.2947
			    538.9558
			    -139.7310


===========================================================================================
===========================================================================================
S9:
	q_c:    300.0000    261.5000    325.0000
	ub :    321.0000    286.0000    345.0000
	lb :    279.0000    237.0000    305.0000

	==================================================================================
	Q1:
		Shape: Hybrid
		q_c:    311.5000    280.0000    331.5000
		ub :    323.1596    293.3614    341.5848
		lb :    299.8404    266.6386    321.4152
		P^-1: 
			    0.0344    0.0131    0.0129
			    0.0131    0.0161    0.0051
			    0.0129    0.0051    0.0257
		A:
			    0.7295    -0.2507    0.6364
			    0.9376    0.3162    0.1446
			    0.8371    -0.2219    0.5000
			    -0.2678    -0.4886    -0.8304
			    -0.9884    0.0706    -0.1345
			    -0.7334    0.1301    -0.6672
		b:
			    372.6190
			    431.5587
			    369.0864
			    -491.3753
			    -327.9693
			    -409.2679
	==================================================================================
	Q2:
		Shape: Polyhedra
		q_c:    320.5000    271.5000    317.0000
		ub :    330.5492    281.8531    328.2641
		lb :    310.4508    261.1469    305.7359
		A:
			    0.9914    0.1215    -0.0478
			    -0.2656    0.9638    -0.0224
			    -0.6719    0.6564    0.3432
			    0.7278    0.6846    -0.0395
			    -0.9375    -0.3338    0.0988
			    0.8171    0.4105    -0.4047
			    0.8178    0.2045    0.5379
			    -0.5315    0.6268    0.5698
			    -0.2206    -0.7519    0.6213
			    -0.8178    -0.2045    -0.5379
			    0.5315    -0.6268    -0.5698
			    0.2206    0.7519    -0.6213
		b:
			    342.0435
			    175.9136
			    77.7008
			    413.3613
			    -353.1658
			    251.7660
			    494.6528
			    186.4400
			    -70.9083
			    -481.6528
			    -174.4400
			    84.9083
	==================================================================================
	Q3:
		Shape: Ellipse
		q_c:    310.0000    250.5000    312.5000
		ub :    319.1630    260.7876    323.4692
		lb :    300.8370    240.2124    301.5308
		P^-1: 
			    0.1347    -0.1019    0.0541
			    -0.1019    0.1004    -0.0546
			    0.0541    -0.0546    0.0485
	==================================================================================
	Q4:
		Shape: Hybrid
		q_c:    288.5000    238.0000    315.0000
		ub :    297.6320    248.2551    324.2428
		lb :    279.3680    227.7449    305.7572
		P^-1: 
			    0.0267    0.0039    0.0022
			    0.0039    0.0284    0.0035
			    0.0022    0.0035    0.0220
		A:
			    -0.3240    0.8363    -0.4423
			    0.7896    -0.4518    -0.4153
			    -0.2389    -0.9385    -0.2493
			    -0.0046    -0.5070    -0.8619
			    0.7831    0.3757    -0.4956
			    -0.8947    -0.0947    -0.4365
		b:
			    -29.8175
			    -6.7484
			    -367.8940
			    -389.9800
			    162.9268
			    -414.8760
	==================================================================================
	Q5:
		Shape: Polyhedra
		q_c:    292.0000    268.5000    314.5000
		ub :    306.9629    284.6201    329.9059
		lb :    277.0371    252.3799    299.0941
		A:
			    -0.5854    -0.5640    -0.5824
			    -0.5719    0.7729    0.2749
			    -0.5927    0.3907    -0.7043
			    -0.2104    -0.0259    -0.9773
			    -0.8991    0.3489    -0.2644
			    -0.7885    0.3668    -0.4937
			    0.2341    0.5146    0.8248
			    0.0665    0.8379    -0.5417
			    -0.9699    0.1817    0.1619
			    -0.2341    -0.5146    -0.8248
			    -0.0665    -0.8379    0.5417
			    0.9699    -0.1817    -0.1619
		b:
			    -495.9033
			    138.4117
			    -278.7113
			    -366.2309
			    -239.8874
			    -275.4451
			    474.9430
			    85.0501
			    -171.0217
			    -456.9430
			    -63.0501
			    196.0217
	==================================================================================
	Q6:
		Shape: Polyhedra
		q_c:    310.5000    260.5000    336.5000
		ub :    322.8893    272.2356    347.2716
		lb :    298.1107    248.7644    325.7284
		A:
			    0.7360    0.2802    -0.6162
			    0.1759    0.8428    -0.5087
			    -0.7056    0.6688    0.2342
			    0.1267    0.3111    0.9419
			    -0.0405    0.5989    0.7998
			    -0.2908    0.5487    0.7838
			    0.4594    0.8741    0.1576
			    0.6462    -0.2072    -0.7345
			    -0.6094    0.4393    -0.6601
			    -0.4594    -0.8741    -0.1576
			    -0.6462    0.2072    0.7345
			    0.6094    -0.4393    0.6601
		b:
			    101.5437
			    110.6853
			    40.9367
			    444.5469
			    420.1725
			    323.7643
			    431.8907
			    -93.4616
			    -290.4015
			    -414.8907
			    107.4616
			    303.4015


===========================================================================================
===========================================================================================
S10:
	q_c:    29.0000    446.0000    280.0000
	ub :    38.0000    477.0000    295.0000
	lb :    20.0000    415.0000    265.0000

	==================================================================================
	Q1:
		Shape: Ellipse
		q_c:    29.5000    439.5000    279.0000
		ub :    34.6010    443.3496    283.9060
		lb :    24.3990    435.6504    274.0940
		P^-1: 
			    0.0654    0.0120    -0.0023
			    0.0120    0.1535    0.0196
			    -0.0023    0.0196    0.0853
	==================================================================================
	Q2:
		Shape: Polyhedra
		q_c:    22.5000    439.0000    289.0000
		ub :    29.6814    445.8369    294.7505
		lb :    15.3186    432.1631    283.2495
		A:
			    0.8770    0.4334    0.2075
			    0.8136    -0.0650    -0.5778
			    0.6153    0.1241    0.7785
			    0.2285    0.2477    0.9415
			    -0.7085    -0.6205    0.3361
			    0.6979    0.5275    -0.4845
			    0.5619    0.6893    0.4573
			    0.7265    -0.6756    0.1257
			    0.3956    0.2616    -0.8804
			    -0.5619    -0.6893    -0.4573
			    -0.7265    0.6756    -0.1257
			    -0.3956    -0.2616    0.8804
		b:
			    273.7394
			    -172.9020
			    297.2431
			    389.7223
			    -187.4083
			    111.1232
			    450.9002
			    -238.9203
			    -126.7068
			    -443.9002
			    248.9203
			    134.7068
	==================================================================================
	Q3:
		Shape: Hybrid
		q_c:    25.5000    449.5000    290.5000
		ub :    31.5609    455.3705    296.2672
		lb :    19.4391    443.6295    284.7328
		P^-1: 
			    0.0784    -0.0029    0.0092
			    -0.0029    0.0790    0.0083
			    0.0092    0.0083    0.0552
		A:
			    0.9866    -0.0068    -0.1630
			    0.0477    0.8897    0.4540
			    0.1156    -0.9785    0.1710
			    -0.4288    0.7280    0.5349
			    0.4384    -0.8139    0.3812
			    0.9837    -0.1770    0.0305
		b:
			    -23.2729
			    534.8050
			    -385.2853
			    473.6360
			    -241.9641
			    -43.8222
	==================================================================================
	Q4:
		Shape: Hybrid
		q_c:    30.0000    449.0000    284.5000
		ub :    34.3115    453.1030    289.2043
		lb :    25.6885    444.8970    279.7957
		P^-1: 
			    0.2024    0.0127    0.0694
