3D_35_13_6_b                l = 3

===========================================================================================
===========================================================================================
S1:
	q_c:	326.0	83.5	391.0
	ub :	346.0735	99.1194	412.7487
	lb :	303.8997	60.2466	370.0886

	==================================================================================
	Q1:
		Shape: Polyhedra
		q_c:	312.0	91.0	398.0
		ub :	320.1003	95.1663	404.3451
		lb :	303.8997	86.8337	391.6549
		A:
			0.168	-0.0487	-0.9846
			-0.2558	0.7543	-0.6046
			-0.229	0.9319	-0.2812
			0.7363	-0.0695	0.6731
			-0.6372	0.6687	0.3831
			-0.1637	0.7818	-0.6016
			0.2168	0.4571	0.8626
			-0.9214	-0.196	0.3355
			0.3225	-0.8675	0.3787
			-0.2168	-0.4571	-0.8626
			0.9214	0.196	-0.3355
			-0.3225	0.8675	-0.3787
		b:
			-338.9888
			-250.2228
			-97.3552
			495.6602
			19.3726
			-217.3894
			456.5478
			-164.3047
			173.3736
			-448.5478
			179.3047
			-171.3736
	==================================================================================
	Q2:
		Shape: Polyhedra
		q_c:	328.5	87.5	380.5
		ub :	338.3382	97.2347	390.9114
		lb :	318.6618	77.7653	370.0886
		A:
			-0.5157	-0.8338	-0.197
			-0.0836	0.7453	-0.6615
			0.2658	0.7324	0.6269
			0.2162	-0.7426	-0.6339
			0.7198	0.654	-0.2328
			-0.6624	-0.4503	0.5987
			0.6728	0.6915	0.263
			0.715	-0.6991	0.0089
			0.1901	0.1821	-0.9647
			-0.6728	-0.6915	-0.263
			-0.715	0.6991	-0.0089
			-0.1901	-0.1821	0.9647
		b:
			-312.6506
			-205.5522
			395.8774
			-227.9307
			211.1357
			-21.1832
			386.1044
			184.1119
			-279.2182
			-377.1044
			-170.1119
			298.2182
	==================================================================================
	Q3:
		Shape: Ellipse
		q_c:	329.5	71.5	386.5
		ub :	339.9423	80.4607	396.1163
		lb :	319.0577	62.5393	376.8837
		P^-1:
			0.0146	0.0003	0.0027
			0.0003	0.0158	0.001
			0.0027	0.001	0.0227
	==================================================================================
	Q4:
		Shape: Polyhedra
		q_c:	327.0	90.5	379.0
		ub :	332.9887	96.295	382.7462
		lb :	321.0113	84.705	375.2538
		A:
			-0.2089	-0.3235	0.9229
			0.3343	0.2481	-0.9092
			-0.4436	-0.2573	0.8585
			0.146	0.1258	-0.9813
			-0.4103	-0.7958	0.4455
			0.5781	0.3211	-0.7501
			0.6241	0.7304	0.2777
			0.7103	-0.6784	0.1878
			0.3255	0.0801	-0.9421
			-0.6241	-0.7304	-0.2777
			-0.7103	0.6784	-0.1878
			-0.3255	-0.0801	0.9421
		b:
			254.4116
			-210.7226
			159.1713
			-310.6611
			-33.9429
			-63.7942
			379.4149
			246.0598
			-241.374
			-371.4149
			-238.0598
			245.374
	==================================================================================
	Q5:
		Shape: Polyhedra
		q_c:	332.0	90.0	402.0
		ub :	340.172	99.1194	411.8151
		lb :	323.828	80.8806	392.1849
		A:
			-0.8554	-0.027	-0.5173
			0.7337	0.3368	-0.5901
			0.9438	-0.3024	-0.1337
			-0.8101	-0.0728	0.5818
			-0.4972	-0.3953	0.7723
			0.2599	0.2837	-0.923
			0.3531	0.634	0.688
			0.4682	-0.7564	0.4568
			0.81	0.1608	-0.564
			-0.3531	-0.634	-0.688
			-0.4682	0.7564	-0.4568
			-0.81	-0.1608	0.564
		b:
			-488.0903
			40.7017
			236.5728
			-37.5686
			113.9766
			-254.3911
			458.8616
			275.4994
			60.6668
			-442.8616
			-266.4994
			-52.6668
	==================================================================================
	Q6:
		Shape: Hybrid
		q_c:	337.0	69.0	403.5
		ub :	346.0735	77.7534	412.7487
		lb :	327.9265	60.2466	394.2513
		P^-1:
			0.0401	-0.0094	-0.0058
			-0.0094	0.0392	-0.0018
			-0.0058	-0.0018	0.0236
		A:
			0.1645	-0.9748	0.1505
			-0.5479	0.5485	0.6316
			-0.8037	-0.0695	-0.5909
			0.2288	-0.9428	-0.2423
			-0.8695	0.4915	0.0495
			0.8648	-0.4112	-0.2881
		b:
			51.6168
			111.0927
			-509.892
			-82.8567
			-236.7632
			149.1588


===========================================================================================
===========================================================================================
S2:
	q_c:	493.0	464.0	77.5
	ub :	509.0664	485.5026	94.6193
	lb :	477.891	444.8455	56.814

	==================================================================================
	Q1:
		Shape: Polyhedra
		q_c:	501.5	478.5	64.0
		ub :	509.0664	485.5026	71.186
		lb :	493.9336	471.4974	56.814
		A:
			0.4355	-0.7305	0.5261
			0.8444	-0.4082	0.347
			-0.5851	0.6441	0.4927
			-0.4935	0.7489	-0.4422
			-0.5628	0.6982	0.4425
			-0.3958	0.8023	-0.4468
			0.6317	0.629	0.453
			-0.4	-0.2361	0.8856
			0.664	-0.7407	0.1025
			-0.6317	-0.629	-0.453
			0.4	0.2361	-0.8856
			-0.664	0.7407	-0.1025
		b:
			-94.3896
			253.9785
			49.8137
			85.4378
			83.636
			159.8142
			653.3041
			-252.3738
			-12.3584
			-640.3041
			261.3738
			17.3584
	==================================================================================
	Q2:
		Shape: Ellipse
		q_c:	485.5	450.0	86.5
		ub :	491.9296	455.1545	94.6193
		lb :	479.0704	444.8455	78.3807
		P^-1:
			0.0896	0.0071	-0.0375
			0.0071	0.0779	0.0129
			-0.0375	0.0129	0.0457
	==================================================================================
	Q3:
		Shape: Hybrid
		q_c:	491.0	475.5	66.5
		ub :	498.9934	485.1375	74.8179
		lb :	483.0066	465.8625	58.1821
		P^-1:
			0.0371	0.007	0.0027
			0.007	0.0204	0.0007
			0.0027	0.0007	0.0208
		A:
			0.8887	0.3766	0.2616
			0.4448	-0.6753	-0.5883
			-0.7466	-0.4355	-0.503
			0.7992	0.6009	-0.0154
			-0.9621	-0.1894	0.1962
			-0.808	-0.5395	0.2369
		b:
			635.348
			-137.0007
			-604.1733
			679.9107
			-546.5793
			-634.5381
	==================================================================================
	Q4:
		Shape: Ellipse
		q_c:	493.5	463.0	82.0
		ub :	502.5194	471.7166	90.1418
		lb :	484.4806	454.2834	73.8582
		P^-1:
			0.0354	-0.0103	-0.0066
			-0.0103	0.0415	-0.003
			-0.0066	-0.003	0.0361
	==================================================================================
	Q5:
		Shape: Polyhedra
		q_c:	486.0	464.5	72.5
		ub :	494.109	475.7946	81.5628
		lb :	477.891	453.2054	63.4372
		A:
			0.2351	-0.2365	0.9428
			-0.7543	0.0672	0.6531
			-0.8451	-0.528	0.0843
			0.8647	-0.4213	0.2735
			0.7981	0.5468	0.2532
			0.84	-0.4146	0.35
			0.2589	0.3533	0.899
			-0.9496	0.2635	0.1699
			-0.1769	-0.8976	0.4038
			-0.2589	-0.3533	-0.899
			0.9496	-0.2635	-0.1699
			0.1769	0.8976	-0.4038
		b:
			79.2154
			-282.1385
			-642.6428
			250.3078
			666.7158
			247.0933
			360.1153
			-321.2687
			-464.6326
			-350.1153
			332.2687
			482.6326
	==================================================================================
	Q6:
		Shape: Hybrid
		q_c:	497.5	466.0	85.0
		ub :	506.7026	474.3473	93.3278
		lb :	488.2974	457.6527	76.6722
		P^-1:
			0.0349	-0.0005	-0.003
			-0.0005	0.0332	0.0007
			-0.003	0.0007	0.038
		A:
			-0.7231	-0.5484	0.4199
			-0.4946	0.5229	0.6942
			-0.0522	0.3481	-0.936
			0.153	-0.7566	-0.6358
			-0.8567	0.4918	0.1556
			-0.5343	-0.5057	0.6773
		b:
			-576.832
			59.2219
			59.4067
			-327.7278
			-181.0288
			-441.2285


===========================================================================================
===========================================================================================
S3:
	q_c:	428.0	485.0	235.5
	ub :	446.6754	505.1394	255.9898
	lb :	411.5715	472.3667	221.7921

	==================================================================================
	Q1:
		Shape: Ellipse
		q_c:	431.5	483.0	240.5
		ub :	442.7319	493.2122	250.9436
		lb :	420.2681	472.7878	230.0564
		P^-1:
			0.0211	0.0005	0.0012
			0.0005	0.0208	0.0009
			0.0012	0.0009	0.0226
	==================================================================================
	Q2:
		Shape: Hybrid
		q_c:	433.0	489.5	241.5
		ub :	441.3306	497.1928	246.9005
		lb :	424.6694	481.8072	236.0995
		P^-1:
			0.0728	0.0713	0.0544
			0.0713	0.1187	0.0819
			0.0544	0.0819	0.1283
		A:
			0.2318	0.0784	0.9696
			-0.4295	-0.3498	-0.8326
			-0.0681	-0.5736	-0.8163
			0.2154	-0.0735	-0.9738
			-0.7149	-0.6389	-0.2841
			0.7733	0.6326	0.0426
		b:
			375.3828
			-556.6251
			-505.4837
			-174.9727
			-689.1273
			657.1852
	==================================================================================
	Q3:
		Shape: Ellipse
		q_c:	430.5	475.5	247.0
		ub :	434.0553	478.6333	250.9871
		lb :	426.9447	472.3667	243.0129
		P^-1:
			0.3195	0.0	-0.1713
			0.0	0.1579	-0.017
			-0.1713	-0.017	0.2087
	==================================================================================
	Q4:
		Shape: Ellipse
		q_c:	435.5	483.0	245.0
		ub :	446.6754	491.0334	255.9898
		lb :	424.3246	474.9666	234.0102
		P^-1:
			0.025	-0.0113	0.004
			-0.0113	0.0387	-0.0098
			0.004	-0.0098	0.0239
	==================================================================================
	Q5:
		Shape: Polyhedra
		q_c:	424.5	486.0	228.0
		ub :	430.0614	492.7372	233.3485
		lb :	418.9386	479.2628	222.6515
		A:
			-0.7101	-0.3845	-0.5898
			0.3846	0.3532	0.8528
			0.658	0.2636	0.7054
			-0.2007	-0.0801	-0.9764
			-0.5319	-0.3189	-0.7845
			0.6103	0.3256	0.7221
			0.6427	0.3936	0.6573
			0.2937	-0.919	0.2632
			0.7076	0.0239	-0.7062
			-0.6427	-0.3936	-0.6573
			-0.2937	0.919	-0.2632
			-0.7076	-0.0239	0.7062
		b:
			-622.1352
			530.9023
			569.3206
			-343.6969
			-558.6144
			582.7503
			614.4655
			-254.9595
			155.5094
			-613.4655
			268.9595
			-146.5094
	==================================================================================
	Q6:
		Shape: Ellipse
		q_c:	418.5	497.5	226.0
		ub :	425.4285	505.1394	230.2079
		lb :	411.5715	489.8606	221.7921
		P^-1:
			1.069	-0.3526	-1.7064
			-0.3526	0.1531	0.5808
			-1.7064	0.5808	2.8441


===========================================================================================
===========================================================================================
S4:
	q_c:	517.5	132.5	442.5
	ub :	537.4355	150.0751	457.645
	lb :	506.0999	121.3181	427.7501

	==================================================================================
	Q1:
		Shape: Polyhedra
		q_c:	520.0	141.0	434.5
		ub :	526.4612	146.4969	441.1445
		lb :	513.5388	135.5031	427.8555
		A:
			-0.904	0.3568	0.2355
			0.6838	-0.6665	0.297
			-0.31	0.9497	-0.0435
			-0.6465	0.756	-0.1025
			0.7123	-0.6947	0.0999
			-0.8424	0.4891	0.2261
			0.7367	0.6443	0.2055
			-0.2036	-0.0785	0.9759
			0.6449	-0.7608	0.0733
			-0.7367	-0.6443	-0.2055
			0.2036	0.0785	-0.9759
			-0.6449	0.7608	-0.0733
		b:
			-314.0025
			393.0011
			-43.4032
			-272.1146
			317.944
			-267.8628
			568.7161
			312.5844
			261.9193
			-557.7161
			-301.5844
			-257.9193
	==================================================================================
	Q2:
		Shape: Polyhedra
		q_c:	521.5	139.0	437.0
		ub :	527.3562	143.2597	442.8564
		lb :	515.6438	134.7403	431.1436
		A:
			0.3857	0.8922	0.235
			-0.2448	-0.8072	-0.5371
			0.7317	-0.5732	-0.3688
			0.6126	-0.6393	0.4648
			-0.3954	0.9184	0.0138
			0.3725	-0.9162	0.1476
			0.6873	0.0223	0.726
			-0.4819	0.7618	0.4328
			-0.5435	-0.6474	0.5344
			-0.6873	-0.0223	-0.726
			0.4819	-0.7618	-0.4328
			0.5435	0.6474	-0.5344
		b:
			431.1823
			-471.3537
			143.4125
			437.2123
			-69.7349
			134.3617
			682.8033
			46.1962
			-136.389
			-674.8033
			-41.1962
			143.389
	==================================================================================
	Q3:
		Shape: Polyhedra
		q_c:	515.0	142.0	439.0
		ub :	521.1171	148.7054	446.5673
		lb :	508.8829	135.2946	431.4327
		A:
			0.8178	0.5271	0.2309
			0.5704	0.4267	0.7018
			-0.729	-0.4818	-0.4862
			-0.4497	-0.7711	-0.4507
			0.8356	0.5054	-0.2154
			0.1424	-0.9418	-0.3046
			0.6333	0.6252	0.4561
			0.7505	-0.3522	-0.5592
			-0.189	0.6965	-0.6923
			-0.6333	-0.6252	-0.4561
			-0.7505	0.3522	0.5592
			0.189	-0.6965	0.6923
		b:
			599.6029
			664.7028
			-655.5466
			-537.0165
			411.3506
			-189.7808
			616.6617
			96.511
			-296.8295
			-613.6617
			-85.511
			307.8295
	==================================================================================
	Q4:
		Shape: Polyhedra
		q_c:	525.0	143.5	451.0
		ub :	529.7903	150.0751	457.645
		lb :	520.2097	136.9249	444.355
		A:
			-0.7962	-0.5928	-0.1213
			0.6645	-0.2648	0.6988
			0.5931	0.3801	0.7097
			0.7604	0.4599	0.4586
			-0.8334	-0.5305	0.1548
			-0.8022	-0.1645	-0.574
			0.8596	0.2924	0.4189
			-0.0706	-0.7441	0.6643
			0.506	-0.6006	-0.619
			-0.8596	-0.2924	-0.4189
			0.0706	0.7441	-0.6643
			-0.506	0.6006	0.619
		b:
			-555.9023
			628.2506
			688.8221
			673.8948
			-441.4064
			-701.9943
			683.7151
			158.7485
			-93.2155
			-680.7151
			-152.7485
			106.2155
	==================================================================================
	Q5:
		Shape: Polyhedra
		q_c:	511.5	129.0	431.5
		ub :	516.9001	136.6819	435.2499
		lb :	506.0999	121.3181	427.7501
		A:
			-0.4513	-0.2318	-0.8617
			-0.2633	-0.6019	0.7539
			0.9469	0.004	-0.3216
			-0.4566	-0.2579	0.8514
			-0.6589	-0.1509	-0.7369
			0.9861	0.0856	-0.1421
			0.7138	0.2109	0.6678
			-0.606	-0.292	0.7399
			0.3511	-0.9329	-0.0806
			-0.7138	-0.2109	-0.6678
			0.606	0.292	-0.7399
			-0.3511	0.9329	0.0806
		b:
			-630.3766
			116.6058
			349.3856
			103.0418
			-672.4687
			457.0778
			682.4883
			-25.8548
			31.4385
			-678.4883
			30.8548
			-17.4385
	==================================================================================
	Q6:
		Shape: Polyhedra
		q_c:	530.5	138.5	440.0
		ub :	537.4355	147.0706	448.5383
		lb :	523.5645	129.9294	431.4617
		A:
			-0.4413	-0.8753	0.1979
			-0.9603	-0.0175	0.2786
			0.1237	-0.992	-0.0254
			-0.8908	0.3704	-0.2633
			-0.1492	0.9313	0.3322
			0.2932	-0.9272	-0.2333
			0.6957	0.6731	0.2507
			0.7122	-0.601	-0.3628
			-0.0936	0.4309	-0.8975
			-0.6957	-0.6731	-0.2507
			-0.7122	0.601	0.3628
			0.0936	-0.4309	0.8975
		b:
			-262.8719
			-384.7875
			-78.0564
			-532.2151
			200.4173
			-71.1088
			577.6085
			138.9442
			-378.3663
			-567.6085
			-130.9442
			391.3663


===========================================================================================
===========================================================================================
S5:
	q_c:	111.0	307.5	103.0
	ub :	128.207	329.8783	123.7314
	lb :	96.2593	292.3444	83.3742

	==================================================================================
	Q1:
		Shape: Ellipse
		q_c:	110.0	300.5	105.0
		ub :	118.2335	306.6134	113.4479
		lb :	101.7665	294.3866	96.5521
		P^-1:
			0.0872	-0.084	0.0573
			-0.084	0.151	-0.064
			0.0573	-0.064	0.0722
	==================================================================================
	Q2:
		Shape: Ellipse
		q_c:	106.5	301.0	115.5
		ub :	115.2561	309.6556	123.7314
		lb :	97.7439	292.3444	107.2686
		P^-1:
			0.0414	0.0108	-0.005
			0.0108	0.0348	0.0068
			-0.005	0.0068	0.0463
	==================================================================================
	Q3:
		Shape: Polyhedra
		q_c:	117.0	298.0	98.0
		ub :	124.0918	303.4268	105.9782
		lb :	109.9082	292.5732	90.0218
		A:
			0.5134	0.7739	-0.3708
			-0.5227	0.8491	0.0762
			-0.0053	-0.9497	0.3132
			-0.5931	-0.5137	-0.62
			0.5187	0.7397	-0.4288
			-0.7162	-0.5428	-0.4386
			0.2471	0.9223	0.2973
			0.885	-0.0898	-0.4569
			-0.3947	0.376	-0.8383
			-0.2471	-0.9223	-0.2973
			-0.885	0.0898	0.4569
			0.3947	-0.376	0.8383
		b:
			258.4365
			203.6455
			-248.533
			-278.9889
			243.3309
			-284.5273
			335.8767
			36.5145
			-10.284
			-329.8767
			-27.5145
			22.284
	==================================================================================
	Q4:
		Shape: Ellipse
		q_c:	120.5	303.0	110.5
		ub :	128.207	312.7617	120.2132
		lb :	112.793	293.2383	100.7868
		P^-1:
			0.0504	0.0243	0.0157
			0.0243	0.0448	0.0164
			0.0157	0.0164	0.0279
	==================================================================================
	Q5:
		Shape: Hybrid
		q_c:	118.0	321.5	92.0
		ub :	126.2502	329.8783	100.6258
		lb :	109.7498	313.1217	83.3742
		P^-1:
			0.038	-0.0016	0.0042
			-0.0016	0.0387	0.0035
			0.0042	0.0035	0.0311
		A:
			-0.0467	-0.5191	0.8534
			0.5415	0.6574	0.5241
			0.0274	-0.8248	-0.5647
			-0.4953	0.812	-0.3088
			-0.1512	0.977	-0.1506
			-0.1451	0.9721	-0.1843
		b:
			-90.5318
			325.9536
			-311.3483
			176.8077
			285.0611
			281.1416
	==================================================================================
	Q6:
		Shape: Ellipse
		q_c:	99.5	304.5	106.0
		ub :	102.7407	306.7289	110.3627
		lb :	96.2593	302.2711	101.6373
		P^-1:
			0.4461	-0.1408	0.2011
			-0.1408	0.8652	-0.218
			0.2011	-0.218	0.1956


===========================================================================================
===========================================================================================
S6:
	q_c:	121.0	112.5	116.0
	ub :	135.4046	133.6941	132.0034
	lb :	96.9723	100.5377	92.6859

	==================================================================================
	Q1:
		Shape: Polyhedra
		q_c:	129.0	127.5	104.0
		ub :	135.4046	131.8901	110.6449
		lb :	122.5954	123.1099	97.3551
		A:
			-0.7304	0.5313	0.4291
			-0.0168	-0.5504	-0.8347
			0.2358	-0.791	-0.5645
			-0.905	-0.2982	-0.3033
			0.4441	-0.662	-0.6037
			-0.1211	-0.978	0.1697
			0.5497	0.097	0.8297
			-0.5192	0.8177	0.2484
			-0.6544	-0.5674	0.4999
			-0.5497	-0.097	-0.8297
			0.5192	-0.8177	-0.2484
			0.6544	0.5674	-0.4999
		b:
			20.5627
			-155.1403
			-126.3777
			-181.7149
			-87.3128
			-119.4829
			174.5745
			65.1141
			-100.7585
			-164.5745
			-61.1141
			108.7585
	==================================================================================
	Q2:
		Shape: Ellipse
		q_c:	106.0	122.0	106.5
		ub :	115.0277	129.5674	115.0778
		lb :	96.9723	114.4326	97.9222
		P^-1:
			0.0357	0.0	0.0034
			0.0	0.0331	0.0
			0.0034	0.0	0.0374
	==================================================================================
	Q3:
		Shape: Ellipse
		q_c:	113.5	125.5	107.0
		ub :	121.5828	133.6941	114.8109
		lb :	105.4172	117.3059	99.1891
		P^-1:
			0.0378	-0.006	0.0017
			-0.006	0.0466	-0.0123
			0.0017	-0.0123	0.0512
	==================================================================================
	Q4:
		Shape: Ellipse
		q_c:	109.5	116.5	124.0
		ub :	115.4326	125.4688	132.0034
		lb :	103.5674	107.5312	115.9966
		P^-1:
			0.089	-0.0172	0.0284
			-0.0172	0.0252	-0.016
			0.0284	-0.016	0.0547
	==================================================================================
	Q5:
		Shape: Hybrid
		q_c:	110.0	122.5	123.0
		ub :	119.7235	132.3756	128.6801
		lb :	100.2765	112.6244	117.3199
		P^-1:
			0.0535	-0.0068	-0.0804
			-0.0068	0.0218	0.0164
			-0.0804	0.0164	0.2155
		A:
			0.6166	-0.2313	-0.7526
			0.5871	0.1718	-0.7911
			0.6584	-0.3278	-0.6776
			-0.406	0.1446	0.9024
			-0.3872	0.8887	-0.2457
			0.3364	-0.5282	-0.7796
		b:
			-51.1179
			-9.6223
			-48.5369
			85.0994
			42.0559
			-120.9142
	==================================================================================
	Q6:
		Shape: Ellipse
		q_c:	106.5	107.5	101.5
		ub :	113.7669	114.4623	110.3141
		lb :	99.2331	100.5377	92.6859
		P^-1:
			0.2324	-0.2073	-0.0271
			-0.2073	0.2354	0.0246
			-0.0271	0.0246	0.0281


===========================================================================================
===========================================================================================
S7:
	q_c:	164.0	496.0	361.5
	ub :	183.661	513.8694	378.6054
	lb :	141.277	477.4553	343.9646

	==================================================================================
	Q1:
		Shape: Hybrid
		q_c:	173.0	498.0	354.5
		ub :	183.661	504.6782	365.0354
		lb :	162.339	491.3218	343.9646
		P^-1:
			0.0251	-0.0126	0.004
			-0.0126	0.0545	-0.0107
			0.004	-0.0107	0.0238
		A:
			-0.3366	0.402	-0.8515
			0.0391	0.0862	0.9955
			-0.4535	-0.8513	0.2639
			-0.4016	-0.8556	0.3266
			0.585	-0.5442	0.6014
			0.0016	0.2634	-0.9647
		b:
			-156.2466
			407.4675
			-405.0733
			-376.1616
			46.3892
			-206.18
	==================================================================================
	Q2:
		Shape: Ellipse
		q_c:	150.5	496.0	367.0
		ub :	159.723	507.415	378.6054
		lb :	141.277	484.585	355.3946
		P^-1:
			0.0294	0.0029	-0.005
			0.0029	0.0202	-0.0029
			-0.005	-0.0029	0.0216
	==================================================================================
	Q3:
		Shape: Polyhedra
		q_c:	158.0	485.5	367.0
		ub :	165.5569	493.5447	372.4924
		lb :	150.4431	477.4553	361.5076
		A:
			0.0638	-0.7291	-0.6814
			0.8561	-0.5028	-0.1193
			-0.8627	0.3553	-0.3598
			0.3446	-0.8936	-0.2875
			0.6764	-0.4066	-0.6142
			-0.5374	0.5613	0.6294
			0.7031	0.706	0.0846
			0.7103	-0.6918	-0.1298
			-0.0331	0.1514	-0.9879
			-0.7031	-0.706	-0.0846
			-0.7103	0.6918	0.1298
			0.0331	-0.1514	0.9879
		b:
			-588.9798
			-148.8267
			-91.4599
			-480.6095
			-312.0451
			422.4061
			491.9174
			-267.8084
			-289.796
			-477.9174
			274.8084
			298.796
	==================================================================================
	Q4:
		Shape: Ellipse
		q_c:	163.0	489.5	364.5
		ub :	170.1524	496.6118	371.4332
		lb :	155.8476	482.3882	357.5668
		P^-1:
			0.0636	-0.0204	-0.0032
			-0.0204	0.0576	0.0028
			-0.0032	0.0028	0.0404
	==================================================================================
	Q5:
		Shape: Ellipse
		q_c:	155.5	505.5	352.5
		ub :	160.9534	510.4139	356.5337
		lb :	150.0466	500.5861	348.4663
		P^-1:
			0.0832	0.0	-0.0065
			0.0	0.0816	-0.0002
			-0.0065	-0.0002	0.1096
	==================================================================================
	Q6:
		Shape: Ellipse
		q_c:	159.0	503.5	355.0
		ub :	169.6575	513.8694	362.5845
		lb :	148.3425	493.1306	347.4155
		P^-1:
			0.0226	-0.0009	-0.0031
			-0.0009	0.0229	-0.0025
			-0.0031	-0.0025	0.0317


===========================================================================================
===========================================================================================
S8:
	q_c:	333.0	491.0	439.0
	ub :	352.8017	509.5262	456.1276
	lb :	314.7776	470.8776	418.8503

	==================================================================================
	Q1:
		Shape: Polyhedra
		q_c:	325.5	484.5	445.5
		ub :	336.2224	494.4633	456.1276
		lb :	314.7776	474.5367	434.8724
		A:
			0.2352	-0.5406	-0.8077
			0.7189	-0.5636	-0.4068
			0.0979	0.8921	-0.4411
			-0.1657	0.9055	-0.3906
			-0.3097	-0.6904	-0.6538
			0.189	-0.7836	0.5919
			0.8436	0.465	0.2686
			0.1928	0.2045	-0.9597
			-0.5012	0.8614	0.0829
			-0.8436	-0.465	-0.2686
			-0.1928	-0.2045	0.9597
			0.5012	-0.8614	-0.0829
		b:
			-537.8975
			-214.0452
			274.6849
			217.3568
			-719.2977
			-47.3205
			627.0291
			-257.1828
			296.6308
			-612.0291
			274.1828
			-285.6308
	==================================================================================
	Q2:
		Shape: Polyhedra
		q_c:	341.0	500.5	438.0
		ub :	349.7658	509.4801	445.9848
		lb :	332.2342	491.5199	430.0152
		A:
			-0.5564	0.1578	0.8158
			-0.67	-0.1838	0.7193
			-0.5471	0.4872	0.6807
			0.1268	0.4998	-0.8568
			0.5808	0.5366	-0.6122
			0.7102	-0.2262	-0.6666
			0.6919	0.5575	0.4587
			-0.6455	0.1932	0.7389
			0.3233	-0.8074	0.4936
			-0.6919	-0.5575	-0.4587
			0.6455	-0.1932	-0.7389
			-0.3233	0.8074	-0.4936
		b:
			249.1698
			-2.0899
			358.5377
			-77.6764
			203.1349
			-160.422
			723.8981
			202.7203
			-72.6335
			-707.8981
			-197.7203
			82.6335
	==================================================================================
	Q3:
		Shape: Ellipse
		q_c:	331.0	504.0	435.0
		ub :	336.2978	509.5262	439.639
		lb :	325.7022	498.4738	430.361
		P^-1:
			0.0919	0.0227	0.0071
			0.0227	0.08	0.0055
			0.0071	0.0055	0.0642
	==================================================================================
	Q4:
		Shape: Hybrid
		q_c:	341.0	490.0	442.0
		ub :	351.728	499.9288	449.38
		lb :	330.272	480.0712	434.62
		P^-1:
			0.0217	-0.0001	-0.0048
			-0.0001	0.0204	0.0006
			-0.0048	0.0006	0.0387
		A:
			0.141	0.0899	-0.9859
			-0.8156	-0.0854	0.5722
			-0.0193	-0.7196	-0.6941
			0.4541	0.2734	-0.848
			0.4143	0.6286	-0.6582
			-0.8401	-0.0813	0.5363
		b:
			-341.0589
			-63.5876
			-662.3433
			-83.1846
			161.8611
			-85.7045
	==================================================================================
	Q5:
		Shape: Ellipse
		q_c:	324.5	500.5	430.5
		ub :	330.1312	507.8585	436.7922
		lb :	318.8688	493.1415	424.2078
		P^-1:
			0.1225	-0.037	0.0255
			-0.037	0.0472	-0.0347
			0.0255	-0.0347	0.0956
	==================================================================================
	Q6:
		Shape: Polyhedra
		q_c:	344.5	478.0	427.0
		ub :	352.8017	485.1224	435.1497
		lb :	336.1983	470.8776	418.8503
		A:
			0.5552	0.7632	-0.3306
			-0.3418	-0.9385	-0.048
			-0.7204	0.3326	0.6086
			0.256	0.0544	0.9651
			0.8852	-0.2766	0.3742
			0.4378	-0.8981	-0.0424
			0.4711	0.678	0.5642
			0.7213	0.0721	-0.6889
			-0.5077	0.7315	-0.4551
			-0.4711	-0.678	-0.5642
			-0.7213	-0.0721	0.6889
			0.5077	-0.7315	0.4551
		b:
			419.6265
			-582.5211
			175.705
			530.9685
			337.9675
			-291.0131
			730.8129
			-6.2205
			-13.5768
			-723.8129
			16.2205
			25.5768


===========================================================================================
===========================================================================================
S9:
	q_c:	49.0	47.0	322.0
	ub :	61.5614	66.449	339.4198
	lb :	35.528	36.2559	305.7731

	==================================================================================
	Q1:
		Shape: Hybrid
		q_c:	49.5	49.5	331.5
		ub :	57.0679	56.2221	339.4198
		lb :	41.9321	42.7779	323.5802
		P^-1:
			0.0556	-0.0154	-0.0168
			-0.0154	0.0613	0.0063
			-0.0168	0.0063	0.0472
		A:
			-0.8882	0.1724	0.4259
			-0.1912	-0.2732	-0.9428
			-0.7753	0.5924	-0.219
			0.2135	-0.6396	-0.7384
			0.285	0.6251	0.7267
			0.156	-0.8341	-0.5291
		b:
			107.8562
			-332.1737
			-79.1001
			-263.5127
			289.1976
			-206.6728
	==================================================================================
	Q2:
		Shape: Ellipse
		q_c:	53.5	45.0	333.0
		ub :	61.5614	50.812	338.4788
		lb :	45.4386	39.188	327.5212
		P^-1:
			0.0469	0.0616	-0.0099
			0.0616	0.1897	-0.0717
			-0.0099	-0.0717	0.1154
	==================================================================================
	Q3:
		Shape: Ellipse
		q_c:	51.5	54.0	314.5
		ub :	60.2068	60.2222	323.2269
		lb :	42.7932	47.7778	305.7731
		P^-1:
			0.0351	0.012	0.0073
			0.012	0.0717	0.0156
			0.0073	0.0156	0.0356
	==================================================================================
	Q4:
		Shape: Polyhedra
		q_c:	43.5	44.5	328.0
		ub :	48.133	49.5999	332.1929
		lb :	38.867	39.4001	323.8071
		A:
			-0.8841	0.3703	-0.2851
			-0.1733	-0.7042	-0.6885
			0.1999	0.054	0.9783
			-0.6481	0.445	-0.618
			-0.4732	-0.8777	0.0755
			0.4792	-0.4666	-0.7434
			0.1534	0.2628	0.9526
			-0.068	0.9645	-0.2551
			-0.9858	-0.0257	0.1659
			-0.1534	-0.2628	-0.9526
			0.068	-0.9645	0.2551
			0.9858	0.0257	-0.1659
		b:
			-111.4656
			-261.587
			334.615
			-207.2751
			-30.5954
			-240.4745
			333.3136
			-39.2167
			14.3791
			-328.3136
			48.2167
			-6.3791
	==================================================================================
	Q5:
		Shape: Hybrid
		q_c:	47.0	45.0	324.5
		ub :	53.4367	53.7441	332.5974
		lb :	40.5633	36.2559	316.4026
		P^-1:
			0.0483	-0.0038	-0.0005
			-0.0038	0.0346	-0.0062
			-0.0005	-0.0062	0.0342
		A:
			-0.3743	0.2129	-0.9025
			0.6071	-0.2191	-0.7638
			-0.7761	0.0065	0.6305
			-0.7989	-0.5981	0.0633
			-0.1866	0.1689	-0.9678
			-0.1665	0.8078	-0.5655
		b:
			-297.9448
			-226.2134
			171.0548
			-41.0745
			-312.1589
			-152.2962
	==================================================================================
	Q6:
		Shape: Ellipse
		q_c:	40.5	60.5	318.5
		ub :	45.472	66.449	324.8937
		lb :	35.528	54.551	312.1063
		P^-1:
			0.0813	0.001	-0.0036
			0.001	0.0779	0.0129
			-0.0036	0.0129	0.0371


===========================================================================================
===========================================================================================
S10:
	q_c:	378.5	110.0	12.0
	ub :	395.5057	126.1968	26.5419
	lb :	364.0032	97.1464	-3.3862

	==================================================================================
	Q1:
		Shape: Ellipse
		q_c:	374.5	117.5	18.0
		ub :	384.9968	126.1968	25.7259
		lb :	364.0032	108.8032	10.2741
		P^-1:
			0.0177	0.0044	-0.0008
			0.0044	0.0259	0.0006
			-0.0008	0.0006	0.0236
	==================================================================================
	Q2:
		Shape: Hybrid
		q_c:	383.5	108.0	13.0
		ub :	388.056	111.9585	17.1968
		lb :	378.944	104.0415	8.8032
		P^-1:
			0.1647	-0.0542	0.0405
			-0.0542	0.1659	-0.0409
			0.0405	-0.0409	0.1416
		A:
			-0.0486	0.6214	0.782
			-0.6391	0.2149	-0.7385
			0.0837	0.4502	-0.889
			-0.513	0.7793	0.3599
			-0.8617	0.1689	-0.4784
			0.1907	0.9743	-0.1197
		b:
			60.6244
			-230.2021
			70.811
			-106.273
			-317.1633
			178.532
	==================================================================================
	Q3:
		Shape: Ellipse
		q_c:	375.5	122.0	3.5
		ub :	382.1516	125.8395	10.3862
		lb :	368.8484	118.1605	-3.3862
		P^-1:
			0.0974	-0.0148	0.0603
			-0.0148	0.1214	-0.0134
			0.0603	-0.0134	0.0801
	==================================================================================
	Q4:
		Shape: Ellipse
		q_c:	372.5	116.5	20.5
		ub :	376.9003	121.7611	26.5419
		lb :	368.0997	111.2389	14.4581
		P^-1:
			0.0631	-0.0063	-0.005
			-0.0063	0.1275	0.0548
			-0.005	0.0548	0.0649
	==================================================================================
	Q5:
		Shape: Ellipse
		q_c:	390.0	101.0	3.5
		ub :	395.5057	104.8536	8.19
		lb :	384.4943	97.1464	-1.19
		P^-1:
			0.1051	-0.0666	-0.0308
			-0.0666	0.2113	-0.0426
			-0.0308	-0.0426	0.1429
	==================================================================================
	Q6:
		Shape: Polyhedra
		q_c:	370.0	118.0	12.0
		ub :	375.5831	122.7111	17.2459
		lb :	364.4169	113.2889	6.7541
		A:
			0.9814	-0.0885	0.1701
			0.5415	-0.4733	0.6948
			0.3539	-0.27	0.8955
			-0.6148	0.7879	-0.0342
			-0.1427	0.9338	-0.3282
			-0.0485	0.9564	-0.2881
			0.4166	0.5648	0.7124
			0.7492	0.2305	-0.6209
			-0.5149	0.7924	-0.3271
			-0.4166	-0.5648	-0.7124
			-0.7492	-0.2305	0.6209
			0.5149	-0.7924	0.3271
		b:
			358.0431
			155.77
			112.773
			-131.8412
			56.5414
			94.5411
			231.8339
			300.9629
			-97.9308
			-226.8339
			-292.9629
			103.9308


===========================================================================================
===========================================================================================
S11:
	q_c:	319.0	397.0	172.5
	ub :	335.4193	403.5113	190.3235
	lb :	319.5725	381.7298	165.8878

	==================================================================================
	Q1:
		Shape: Ellipse
		q_c:	325.5	388.0	171.0
		ub :	331.4275	392.9766	176.1122
		lb :	319.5725	383.0234	165.8878
		P^-1:
			0.0678	-0.017	0.0444
			-0.017	0.136	-0.0793
			0.0444	-0.0793	0.1772
	==================================================================================
	Q2:
		Shape: Hybrid
		q_c:	326.0	395.5	184.5
		ub :	330.931	400.0874	190.3235
		lb :	321.069	390.9126	178.6765
		P^-1:
			0.0797	-0.0054	-0.0042
			-0.0054	0.1024	-0.0178
			-0.0042	-0.0178	0.0731
		A:
			-0.1857	-0.7848	-0.5913
			0.873	-0.0803	0.4811
			0.2412	-0.8479	-0.4721
			-0.8447	0.4403	0.3042
			0.5929	-0.6733	-0.4417
			-0.5031	0.2177	0.8364
		b:
			-477.6891
			343.7517
			-341.7407
			-43.1514
			-152.4815
			78.6068
	==================================================================================
	Q3:
		Shape: Hybrid
		q_c:	329.5	395.0	174.5
		ub :	335.4193	399.441	180.4719
		lb :	323.5807	390.559	168.5281
		P^-1:
			0.1271	-0.0654	-0.0696
			-0.0654	0.1231	0.0585
			-0.0696	0.0585	0.1117
		A:
			-0.6225	0.4152	0.6634
			0.4886	-0.8327	-0.2606
			-0.7212	0.6793	0.1357
			0.6699	-0.166	-0.7237
			0.6209	-0.3735	-0.6892
			0.5836	-0.652	-0.484
		b:
			75.7811
			-211.9241
			56.0176
			30.3661
			-62.0505
			-148.6804
	==================================================================================
	Q4:
		Shape: Ellipse
		q_c:	326.5	387.5	177.5
		ub :	332.2626	393.2702	183.1909
		lb :	320.7374	381.7298	171.8091
		P^-1:
			0.056	0.0077	0.0108
			0.0077	0.0904	-0.0176
			0.0108	-0.0176	0.0958
	==================================================================================
	Q5:
		Shape: Ellipse
		q_c:	325.5	398.5	181.5
		ub :	330.8326	403.5113	185.3393
		lb :	320.1674	393.4887	177.6607
		P^-1:
			0.1098	-0.0024	-0.0628
			-0.0024	0.0818	0.0054
			-0.0628	0.0054	0.2216
	==================================================================================
	Q6:
		Shape: Polyhedra
		q_c:	327.5	386.0	172.0
		ub :	330.6577	390.1299	176.0839
		lb :	324.3423	381.8701	167.9161
		A:
			0.3226	-0.2855	-0.9024
			0.4602	0.8436	0.2768
			0.9498	0.303	0.0782
			0.1393	-0.0007	-0.9903
			0.6223	-0.407	0.6686
			0.4328	0.5409	-0.7212
			0.5477	0.5861	0.5971
			-0.1886	0.7817	-0.5944
			-0.8152	0.2129	0.5387
			-0.5477	-0.5861	-0.5971
			0.1886	-0.7817	0.5944
			0.8152	-0.2129	-0.5387
		b:
			-157.8406
			526.5275
			443.5644
			-122.6627
			164.5092
			228.9955
			510.8045
			140.7501
			-90.6286
			-505.8045
			-134.7501
			93.6286


===========================================================================================
===========================================================================================
S12:
	q_c:	37.5	289.0	9.0
	ub :	47.4864	299.9338	18.9146
	lb :	28.1468	278.1615	1.3303

	==================================================================================
	Q1:
		Shape: Ellipse
		q_c:	36.5	293.0	14.5
		ub :	40.5366	297.4136	18.2489
		lb :	32.4634	288.5864	10.7511
		P^-1:
			0.113	-0.0034	-0.0088
			-0.0034	0.1172	0.0158
			-0.0088	0.0158	0.152
	==================================================================================
	Q2:
		Shape: Ellipse
		q_c:	37.5	287.0	5.5
		ub :	42.7219	292.0776	9.4956
		lb :	32.2781	281.9224	1.5044
		P^-1:
			0.0952	0.0146	-0.0013
			0.0146	0.0977	0.0012
			-0.0013	0.0012	0.111
	==================================================================================
	Q3:
		Shape: Ellipse
		q_c:	41.0	296.0	11.0
		ub :	45.035	299.9338	15.1534
		lb :	36.965	292.0662	6.8466
		P^-1:
			0.1981	-0.0503	-0.0198
			-0.0503	0.1552	0.0394
			-0.0198	0.0394	0.1678
	==================================================================================
	Q4:
		Shape: Ellipse
		q_c:	36.0	293.5	11.0
		ub :	38.5022	297.4371	14.0494
		lb :	33.4978	289.5629	7.9506
		P^-1:
			0.286	0.0225	0.0722
			0.0225	0.1041	0.0826
			0.0722	0.0826	0.386
	==================================================================================
	Q5:
		Shape: Hybrid
		q_c:	33.0	289.0	6.5
		ub :	37.8532	291.5218	11.6697
		lb :	28.1468	286.4782	1.3303
		P^-1:
			0.4176	0.988	-0.4284
			0.988	3.1738	-1.2498
			-0.4284	-1.2498	0.5691
		A:
			-0.2264	-0.9388	0.2598
			0.259	0.8754	-0.4082
			0.0745	0.9305	-0.3585
			0.1683	0.9384	-0.3018
			0.11	0.908	-0.4043
			-0.384	-0.7993	0.4622
		b:
			-276.673
			259.1939
			269.68
			275.1905
			264.0021
			-240.1954
	==================================================================================
	Q6:
		Shape: Ellipse
		q_c:	41.0	283.0	12.5
		ub :	47.4864	287.8385	18.9146
		lb :	34.5136	278.1615	6.0854
		P^-1:
			0.0683	0.0323	0.0092
			0.0323	0.1278	0.0384
			0.0092	0.0384	0.0758


===========================================================================================
===========================================================================================
S13:
	q_c:	523.0	43.0	481.0
	ub :	549.4703	63.8719	503.3474
	lb :	505.3118	28.0466	451.9839

	==================================================================================
	Q1:
		Shape: Polyhedra
		q_c:	526.5	48.0	463.0
		ub :	537.1641	55.272	474.0161
		lb :	515.8359	40.728	451.9839
		A:
			0.8549	0.188	0.4835
			-0.2303	0.2809	0.9317
			0.7115	0.2039	-0.6725
			-0.5082	-0.8157	0.2762
			-0.0603	0.3183	0.9461
			0.3381	-0.8916	-0.3014
			0.6028	0.0352	0.7971
			-0.6606	0.5823	0.4738
			-0.4475	-0.8122	0.3743
			-0.6028	-0.0352	-0.7971
			0.6606	-0.5823	-0.4738
			0.4475	0.8122	-0.3743
		b:
			690.9993
			330.135
			78.0898
			-173.7568
			428.6156
			0.6863
			696.6209
			-95.5023
			-96.3124
			-679.6209
			105.5023
			106.3124
	==================================================================================
	Q2:
		Shape: Hybrid
		q_c:	528.5	34.5	469.5
		ub :	535.1873	40.9534	479.1478
		lb :	521.8127	28.0466	459.8522
		P^-1:
			0.0327	-0.0002	-0.0025
			-0.0002	0.0329	-0.0018
			-0.0025	-0.0018	0.0144
		A:
			-0.7588	0.1055	0.6427
			-0.6675	0.7352	-0.118
			0.4153	0.9066	-0.0746
			0.175	-0.8872	-0.427
			-0.7784	0.6275	0.0205
			0.4993	0.647	-0.5762
		b:
			-91.8461
			-379.9894
			218.4982
			-135.0194
			-377.3564
			19.1125
	==================================================================================
	Q3:
		Shape: Hybrid
		q_c:	510.5	42.5	481.0
		ub :	515.6882	47.3551	486.5181
		lb :	505.3118	37.6449	475.4819
		P^-1:
			0.0815	-0.0014	0.0003
			-0.0014	0.0632	0.0033
			0.0003	0.0033	0.081
		A:
			0.3569	0.9338	0.0266
			0.0598	0.746	0.6633
			0.3405	-0.0738	-0.9374
			-0.7168	-0.1222	-0.6865
			-0.7339	0.2193	0.6429
			0.9803	-0.1975	0.0013
		b:
			236.8663
			383.2052
			-278.4451
			-699.5692
			-54.3821
			494.4316
	==================================================================================
	Q4:
		Shape: Ellipse
		q_c:	538.5	56.0	472.5
		ub :	549.4703	63.8719	477.1238
		lb :	527.5297	48.1281	467.8762
		P^-1:
			0.0203	0.0251	0.0013
			0.0251	0.0713	-0.0005
			0.0013	-0.0005	0.0816
	==================================================================================
	Q5:
		Shape: Ellipse
		q_c:	519.5	52.5	495.5
		ub :	527.418	55.3654	503.3474
		lb :	511.582	49.6346	487.6526
		P^-1:
			0.0466	0.0732	0.0044
			0.0732	0.4295	0.024
			0.0044	0.024	0.0345
	==================================================================================
	Q6:
		Shape: Ellipse
		q_c:	515.0	45.5	484.5
		ub :	524.0097	54.0121	492.6915
		lb :	505.9903	36.9879	476.3085
		P^-1:
			0.0301	-0.0095	-0.0098
			-0.0095	0.0447	-0.0048
			-0.0098	-0.0048	0.0444


===========================================================================================
===========================================================================================
