3D_35_9_6_a                l = 3

===========================================================================================
===========================================================================================
S1:
	q_c:	173.0	127.5	272.0
	ub :	181.8107	136.3406	283.104
	lb :	163.3068	118.8427	262.9645

	==================================================================================
	Q1:
		Shape: Hybrid
		q_c:	170.5	130.0	269.5
		ub :	175.4518	135.0237	272.7034
		lb :	165.5482	124.9763	266.2966
		P^-1:
			0.1062	0.0439	-0.08
			0.0439	0.1598	-0.1426
			-0.08	-0.1426	0.3417
		A:
			0.2263	0.1201	-0.9666
			0.3086	-0.7777	0.5476
			-0.6041	-0.3812	0.6999
			0.604	0.4592	-0.6514
			-0.1899	-0.4675	0.8633
			0.152	-0.9875	0.0412
		b:
			-205.1648
			100.947
			37.2236
			-11.6849
			140.2662
			-88.9272
	==================================================================================
	Q2:
		Shape: Ellipse
		q_c:	170.0	129.5	276.5
		ub :	174.3243	134.0627	281.4358
		lb :	165.6757	124.9373	271.5642
		P^-1:
			0.0839	0.0034	0.007
			0.0034	0.1107	-0.0009
			0.007	-0.0009	0.1093
	==================================================================================
	Q3:
		Shape: Ellipse
		q_c:	173.5	125.0	268.0
		ub :	179.3039	131.1573	273.0355
		lb :	167.6961	118.8427	262.9645
		P^-1:
			0.0935	0.022	-0.013
			0.022	0.0611	-0.0015
			-0.013	-0.0015	0.0876
	==================================================================================
	Q4:
		Shape: Polyhedra
		q_c:	177.5	131.0	271.5
		ub :	181.8107	134.8671	275.5819
		lb :	173.1893	127.1329	267.4181
		A:
			-0.9802	-0.1722	-0.0977
			-0.9239	-0.218	-0.3145
			-0.0199	-0.7536	0.657
			-0.8236	-0.4091	0.3927
			-0.577	0.8128	-0.08
			-0.9502	-0.3069	0.0546
			0.5049	0.7054	0.4976
			0.5812	0.1483	-0.8001
			-0.6382	0.6932	-0.3351
			-0.5049	-0.7054	-0.4976
			-0.5812	-0.1483	0.8001
			0.6382	-0.6932	0.3351
		b:
			-220.5806
			-275.4361
			78.6179
			-90.6649
			-15.1519
			-191.5394
			319.6067
			-92.1194
			-110.9461
			-314.6067
			97.1194
			115.9461
	==================================================================================
	Q5:
		Shape: Polyhedra
		q_c:	171.0	129.0	274.5
		ub :	175.7481	134.8468	279.8984
		lb :	166.2519	123.1532	269.1016
		A:
			-0.8149	0.2539	-0.521
			-0.3257	-0.9383	-0.1159
			0.0033	0.2479	0.9688
			-0.5867	0.1105	0.8023
			-0.9928	0.1147	-0.0345
			-0.4395	-0.8368	0.3266
			0.5664	0.7377	0.3675
			-0.1277	0.5191	-0.8451
			-0.8142	0.4317	0.3882
			-0.5664	-0.7377	-0.3675
			0.1277	-0.5191	0.8451
			0.8142	-0.4317	-0.3882
		b:
			-246.2736
			-204.6672
			301.9293
			136.9943
			-161.4792
			-89.6682
			296.8829
			-183.3719
			25.5388
			-288.8829
			190.3719
			-20.5388
	==================================================================================
	Q6:
		Shape: Ellipse
		q_c:	168.5	132.5	278.0
		ub :	173.6932	136.3406	283.104
		lb :	163.3068	128.6594	272.896
		P^-1:
			0.0896	0.0107	0.0414
			0.0107	0.1183	0.0137
			0.0414	0.0137	0.1257


===========================================================================================
===========================================================================================
S2:
	q_c:	454.5	265.0	490.5
	ub :	459.575	275.9469	507.1732
	lb :	437.4876	250.8122	478.7733

	==================================================================================
	Q1:
		Shape: Ellipse
		q_c:	452.0	270.0	487.0
		ub :	457.5311	275.9469	492.9053
		lb :	446.4689	264.0531	481.0947
		P^-1:
			0.041	-0.003	0.0057
			-0.003	0.0567	-0.0132
			0.0057	-0.0132	0.0733
	==================================================================================
	Q2:
		Shape: Ellipse
		q_c:	454.5	265.0	493.5
		ub :	459.575	270.4939	499.5754
		lb :	449.425	259.5061	487.4246
		P^-1:
			0.1596	-0.0785	-0.006
			-0.0785	0.1582	0.0575
			-0.006	0.0575	0.0833
	==================================================================================
	Q3:
		Shape: Polyhedra
		q_c:	449.5	262.0	495.0
		ub :	455.919	268.0666	499.6735
		lb :	443.081	255.9334	490.3265
		A:
			-0.3834	-0.767	0.5145
			0.3308	0.1213	-0.9359
			-0.326	0.2191	-0.9196
			-0.652	-0.7164	-0.2482
			0.5111	0.6656	-0.5439
			-0.3804	-0.8951	-0.2325
			0.6202	0.3961	0.677
			0.6608	-0.7289	-0.1789
			0.4226	0.5584	-0.7139
			-0.6202	-0.3961	-0.677
			-0.6608	0.7289	0.1789
			-0.4226	-0.5584	0.7139
		b:
			-116.6453
			-280.2447
			-541.056
			-600.063
			136.634
			-516.8007
			721.7188
			22.5032
			-15.6074
			-713.7188
			-12.5032
			18.6074
	==================================================================================
	Q4:
		Shape: Polyhedra
		q_c:	445.0	262.0	494.5
		ub :	450.3366	269.7468	501.958
		lb :	439.6634	254.2532	487.042
		A:
			0.7999	0.4924	-0.3431
			-0.9577	0.1368	0.2531
			-0.3533	0.6912	0.6304
			-0.5706	-0.6632	0.4843
			0.0614	0.6774	-0.733
			-0.798	0.5948	0.0974
			0.2249	0.9309	0.2879
			0.0341	0.2878	-0.9571
			-0.9738	0.225	0.033
			-0.2249	-0.9309	-0.2879
			-0.0341	-0.2878	0.9571
			0.9738	-0.225	-0.033
		b:
			320.3103
			-261.0408
			340.8733
			-182.723
			-151.7783
			-146.812
			491.8398
			-376.6936
			-354.076
			-480.8398
			388.6936
			362.076
	==================================================================================
	Q5:
		Shape: Ellipse
		q_c:	454.0	255.0	482.5
		ub :	458.8079	259.1878	486.2267
		lb :	449.1921	250.8122	478.7733
		P^-1:
			0.1142	-0.0774	0.0282
			-0.0774	0.2036	0.0019
			0.0282	0.0019	0.1546
	==================================================================================
	Q6:
		Shape: Hybrid
		q_c:	446.0	268.0	499.5
		ub :	454.5124	275.7101	507.1732
		lb :	437.4876	260.2899	491.8268
		P^-1:
			0.0416	0.0193	-0.0187
			0.0193	0.0592	-0.0351
			-0.0187	-0.0351	0.0711
		A:
			0.2915	0.5911	-0.7521
			-0.0005	-0.4498	0.8931
			-0.7735	-0.6322	-0.0458
			-0.1289	-0.8736	0.4692
			0.913	-0.0531	-0.4045
			-0.3788	0.6009	-0.7039
		b:
			-85.7347
			327.407
			-534.1208
			-55.0345
			194.4801
			-356.5454


===========================================================================================
===========================================================================================
S3:
	q_c:	435.0	139.5	18.0
	ub :	461.6465	163.6108	35.4683
	lb :	409.8175	114.345	-7.0556

	==================================================================================
	Q1:
		Shape: Ellipse
		q_c:	432.0	128.5	1.0
		ub :	439.508	136.2676	9.0556
		lb :	424.492	120.7324	-7.0556
		P^-1:
			0.0274	0.0281	0.0278
			0.0281	0.1298	0.1137
			0.0278	0.1137	0.1288
	==================================================================================
	Q2:
		Shape: Polyhedra
		q_c:	452.0	125.5	12.5
		ub :	461.6465	136.655	23.0192
		lb :	442.3535	114.345	1.9808
		A:
			-0.927	0.0523	-0.3715
			-0.9736	-0.2248	-0.0402
			0.5789	-0.0916	0.8102
			-0.6727	0.6565	0.3412
			-0.1947	-0.6587	0.7267
			-0.5974	-0.7495	-0.2853
			0.5413	0.4161	0.7306
			-0.8024	-0.004	0.5967
			0.2512	-0.9093	0.3318
			-0.5413	-0.4161	-0.7306
			0.8024	0.004	-0.5967
			-0.2512	0.9093	-0.3318
		b:
			-410.6007
			-463.3082
			267.3313
			-210.1066
			-153.4555
			-360.9281
			312.0186
			-350.7391
			13.0854
			-300.0186
			360.7391
			5.9146
	==================================================================================
	Q3:
		Shape: Ellipse
		q_c:	449.5	130.0	7.0
		ub :	457.8571	138.2316	13.5078
		lb :	441.1429	121.7684	0.4922
		P^-1:
			0.0405	0.027	-0.0202
			0.027	0.0671	-0.0312
			-0.0202	-0.0312	0.0602
	==================================================================================
	Q4:
		Shape: Ellipse
		q_c:	420.0	135.5	26.0
		ub :	430.1825	146.6955	35.4683
		lb :	409.8175	124.3045	16.5317
		P^-1:
			0.0266	0.0041	0.0007
			0.0041	0.0139	-0.0024
			0.0007	-0.0024	0.0274
	==================================================================================
	Q5:
		Shape: Ellipse
		q_c:	426.5	127.0	14.0
		ub :	430.7876	133.4154	17.7939
		lb :	422.2124	120.5846	10.2061
		P^-1:
			0.081	0.0056	0.0001
			0.0056	0.0284	-0.001
			0.0001	-0.001	0.0816
	==================================================================================
	Q6:
		Shape: Polyhedra
		q_c:	433.5	154.0	22.5
		ub :	442.788	163.6108	32.8975
		lb :	424.212	144.3892	12.1025
		A:
			-0.1063	0.9943	0.0075
			-0.8785	-0.4337	-0.2004
			-0.0504	-0.7183	-0.6939
			0.2898	0.7218	0.6285
			0.2579	-0.9593	-0.1152
			0.8284	0.5601	-0.0055
			0.3836	0.8149	0.4346
			0.9192	-0.2915	-0.2647
			-0.089	0.501	-0.8608
			-0.3836	-0.8149	-0.4346
			-0.9192	0.2915	0.2647
			0.089	-0.501	0.8608
		b:
			113.1139
			-446.2524
			-142.9327
			255.6248
			-32.4298
			451.1446
			306.0503
			355.1259
			26.6864
			-297.0503
			-340.1259
			-11.6864


===========================================================================================
===========================================================================================
S4:
	q_c:	277.0	41.0	386.5
	ub :	289.3451	52.99	397.9914
	lb :	266.9493	34.8859	384.6543

	==================================================================================
	Q1:
		Shape: Ellipse
		q_c:	273.0	38.5	390.0
		ub :	277.7015	42.1141	394.6657
		lb :	268.2985	34.8859	385.3343
		P^-1:
			0.1217	0.0117	0.0524
			0.0117	0.2122	0.0462
			0.0524	0.0462	0.1578
	==================================================================================
	Q2:
		Shape: Ellipse
		q_c:	274.0	48.0	392.0
		ub :	277.4887	52.99	396.3847
		lb :	270.5113	43.01	387.6153
		P^-1:
			0.6622	0.0365	0.4419
			0.0365	0.0674	0.0353
			0.4419	0.0353	0.4145
	==================================================================================
	Q3:
		Shape: Polyhedra
		q_c:	283.5	44.5	393.5
		ub :	289.3451	49.6925	397.9914
		lb :	277.6549	39.3075	389.0086
		A:
			0.2584	-0.4856	0.8351
			0.0853	0.9002	-0.427
			-0.1098	-0.8995	-0.4229
			0.4881	0.8688	0.0833
			0.5393	-0.6915	0.4807
			-0.0253	-0.8015	0.5974
			0.2496	0.1063	0.9625
			-0.4274	0.904	0.011
			-0.8689	-0.4141	0.271
			-0.2496	-0.1063	-0.9625
			0.4274	-0.904	-0.011
			0.8689	0.4141	-0.271
		b:
			383.7912
			-100.1112
			-233.9931
			213.6273
			314.7725
			195.9079
			457.7289
			-73.1202
			-154.1146
			-450.7289
			80.1202
			162.1146
	==================================================================================
	Q4:
		Shape: Polyhedra
		q_c:	271.5	42.0	392.0
		ub :	276.0507	46.4949	396.2662
		lb :	266.9493	37.5051	387.7338
		A:
			0.9576	0.2329	-0.1697
			0.8013	-0.5787	-0.1519
			0.7878	-0.5944	-0.1616
			0.8344	0.2344	-0.4989
			-0.9864	-0.1606	-0.0349
			-0.968	-0.1995	-0.1521
			0.3733	0.6655	0.6463
			0.6793	-0.6705	0.2981
			0.6318	0.3278	-0.7024
			-0.3733	-0.6655	-0.6463
			-0.6793	0.6705	-0.2981
			-0.6318	-0.3278	0.7024
		b:
			205.8544
			136.583
			128.4637
			43.3581
			-285.5408
			-328.1621
			385.1615
			276.1318
			-87.5528
			-380.1615
			-270.1318
			92.5528
	==================================================================================
	Q5:
		Shape: Ellipse
		q_c:	278.5	40.0	389.0
		ub :	282.331	42.6521	392.859
		lb :	274.669	37.3479	385.141
		P^-1:
			0.2881	0.0298	0.1702
			0.0298	0.2636	0.0457
			0.1702	0.0457	0.2245
	==================================================================================
	Q6:
		Shape: Hybrid
		q_c:	271.5	44.0	388.0
		ub :	274.4224	47.3977	391.3457
		lb :	268.5776	40.6023	384.6543
		P^-1:
			0.1597	0.0237	-0.012
			0.0237	0.5082	-0.4571
			-0.012	-0.4571	0.5737
		A:
			-0.4803	0.7494	-0.4558
			0.3802	0.4439	-0.8114
			-0.0512	0.4469	-0.8931
			-0.3736	0.7428	-0.5556
			-0.5606	-0.2167	0.7992
			-0.4792	0.3292	-0.8136
		b:
			-272.997
			-191.0444
			-339.8759
			-283.3325
			149.9702
			-430.0036


===========================================================================================
===========================================================================================
S5:
	q_c:	278.5	479.0	54.0
	ub :	293.1619	489.5901	65.683
	lb :	263.6557	468.6535	40.053

	==================================================================================
	Q1:
		Shape: Hybrid
		q_c:	285.5	473.0	59.5
		ub :	291.6782	477.3465	65.683
		lb :	279.3218	468.6535	53.317
		P^-1:
			0.0807	0.001	0.0308
			0.001	0.1111	-0.001
			0.0308	-0.001	0.0798
		A:
			-0.4683	-0.7207	0.5112
			-0.7058	-0.1999	-0.6796
			-0.4558	0.8095	0.3702
			0.3519	0.802	0.4827
			-0.4641	-0.3234	-0.8246
			0.6672	-0.6868	0.2883
		b:
			-441.8958
			-334.9835
			276.8955
			510.05
			-332.925
			-115.5842
	==================================================================================
	Q2:
		Shape: Ellipse
		q_c:	276.0	477.0	51.5
		ub :	281.406	483.1883	57.4523
		lb :	270.594	470.8117	45.5477
		P^-1:
			0.0752	-0.0074	-0.0112
			-0.0074	0.083	-0.0274
			-0.0112	-0.0274	0.084
	==================================================================================
	Q3:
		Shape: Polyhedra
		q_c:	284.5	481.5	55.5
		ub :	289.0198	487.5673	61.6312
		lb :	279.9802	475.4327	49.3688
		A:
			0.2953	0.9459	-0.1343
			0.4031	-0.9118	-0.0781
			0.451	0.5368	0.713
			-0.7931	0.088	-0.6027
			0.7692	-0.1888	-0.6104
			-0.2093	-0.6395	0.7398
			0.4744	0.735	0.4844
			-0.8803	0.394	0.2644
			0.0034	-0.5519	0.8339
			-0.4744	-0.735	-0.4844
			0.8803	-0.394	-0.2644
			-0.0034	0.5519	-0.8339
		b:
			535.7058
			-325.0978
			429.5259
			-213.0202
			97.729
			-321.9699
			518.7685
			-42.5588
			-213.9588
			-512.7685
			49.5588
			222.9588
	==================================================================================
	Q4:
		Shape: Polyhedra
		q_c:	269.0	475.5	46.0
		ub :	274.3443	481.6131	51.8715
		lb :	263.6557	469.3869	40.1285
		A:
			0.4308	0.8606	0.2717
			-0.874	-0.205	0.4406
			0.4926	-0.8615	-0.1229
			-0.4331	-0.74	-0.5147
			0.8057	-0.1121	0.5816
			0.7223	0.0058	0.6916
			0.47	0.2747	0.8389
			-0.2597	-0.8653	0.4288
			0.8436	-0.4193	-0.3353
			-0.47	-0.2747	-0.8389
			0.2597	0.8653	-0.4288
			-0.8436	0.4193	0.3353
		b:
			541.6592
			-308.7109
			-279.2525
			-488.225
			193.5885
			232.29
			299.1052
			-457.0714
			15.1121
			-292.1052
			466.0714
			-9.1121
	==================================================================================
	Q5:
		Shape: Ellipse
		q_c:	287.0	480.0	47.5
		ub :	293.1619	486.2385	52.5772
		lb :	280.8381	473.7615	42.4228
		P^-1:
			0.2002	0.1474	-0.1163
			0.1474	0.1615	-0.1253
			-0.1163	-0.1253	0.1921
	==================================================================================
	Q6:
		Shape: Polyhedra
		q_c:	286.0	483.0	46.5
		ub :	290.8687	489.5901	52.947
		lb :	281.1313	476.4099	40.053
		A:
			0.2147	-0.914	-0.3444
			0.8936	0.3481	0.2834
			-0.4908	-0.1327	-0.8611
			0.9322	0.1923	0.3066
			0.8153	-0.1143	-0.5677
			0.9734	0.2165	0.0755
			0.6912	0.5471	0.4721
			0.697	-0.3322	-0.6355
			-0.1909	0.7683	-0.611
			-0.6912	-0.5471	-0.4721
			-0.697	0.3322	0.6355
			0.1909	-0.7683	0.611
		b:
			-392.2618
			439.4518
			-240.9376
			376.5599
			154.5833
			389.1473
			486.3977
			12.3388
			293.6025
			-481.3977
			-6.3388
			-282.6025


===========================================================================================
===========================================================================================
S6:
	q_c:	264.5	130.5	482.5
	ub :	269.5544	137.9252	494.0244
	lb :	255.1585	123.0477	473.9418

	==================================================================================
	Q1:
		Shape: Hybrid
		q_c:	264.5	131.5	489.0
		ub :	269.5544	136.0407	494.0244
		lb :	259.4456	126.9593	483.9756
		P^-1:
			0.1087	0.0077	-0.0024
			0.0077	0.0864	0.0078
			-0.0024	0.0078	0.1087
		A:
			-0.8263	0.5616	0.0438
			-0.2128	0.3606	0.9081
			0.2809	0.0231	-0.9595
			-0.0508	-0.9979	-0.0401
			-0.0317	0.305	0.9518
			-0.9524	-0.2983	0.0631
		b:
			-121.511
			436.7017
			-390.3116
			-162.37
			498.6567
			-258.7524
	==================================================================================
	Q2:
		Shape: Polyhedra
		q_c:	259.0	134.5	481.0
		ub :	262.8415	137.9252	485.0316
		lb :	255.1585	131.0748	476.9684
		A:
			-0.3878	0.128	0.9128
			-0.4167	0.6346	0.651
			-0.8022	0.3312	-0.4969
			-0.7607	0.6424	-0.0925
			0.3132	-0.9478	-0.0597
			0.2358	-0.9692	-0.0709
			0.4865	0.6408	0.5939
			-0.2768	0.7578	-0.5909
			-0.8287	0.1231	0.546
			-0.4865	-0.6408	-0.5939
			0.2768	-0.7578	0.5909
			0.8287	-0.1231	-0.546
		b:
			358.3048
			293.0222
			-399.9938
			-152.881
			-72.8517
			-101.1757
			500.3585
			-251.9674
			67.0733
			-495.3585
			255.9674
			-62.0733
	==================================================================================
	Q3:
		Shape: Ellipse
		q_c:	259.0	127.5	480.5
		ub :	262.7742	131.9523	484.1168
		lb :	255.2258	123.0477	476.8832
		P^-1:
			0.1999	0.0163	-0.0467
			0.0163	0.0663	0.0099
			-0.0467	0.0099	0.2064
	==================================================================================
	Q4:
		Shape: Polyhedra
		q_c:	266.0	127.5	483.5
		ub :	269.1171	131.367	486.8093
		lb :	262.8829	123.633	480.1907
		A:
			-0.8293	-0.3712	-0.4177
			-0.7686	-0.3221	-0.5528
			0.5414	0.8224	0.1745
			-0.6356	-0.1735	0.7523
			0.4375	0.2437	0.8656
			0.1627	0.0047	-0.9867
			0.8611	0.5075	0.029
			0.4469	-0.7286	-0.5192
			-0.2424	0.46	-0.8542
			-0.8611	-0.5075	-0.029
			-0.4469	0.7286	0.5192
			0.2424	-0.46	0.8542
		b:
			-468.2601
			-511.0713
			335.1561
			174.7354
			568.0574
			-430.7834
			309.2837
			-222.035
			-416.8233
			-306.2837
			228.035
			420.8233
	==================================================================================
	Q5:
		Shape: Hybrid
		q_c:	264.5	131.5	484.5
		ub :	268.8015	135.3425	489.1
		lb :	260.1985	127.6575	479.9
		P^-1:
			0.306	-0.2924	0.2354
			-0.2924	0.4732	-0.3615
			0.2354	-0.3615	0.3944
		A:
			-0.5051	0.5918	-0.6282
			-0.4803	0.4833	-0.732
			0.7925	-0.5141	0.3281
			-0.406	0.8986	-0.1661
			-0.7171	0.4514	-0.531
			0.9469	0.2952	0.1276
		b:
			-359.5875
			-417.2921
			302.0423
			-68.2027
			-386.6108
			353.8783
	==================================================================================
	Q6:
		Shape: Hybrid
		q_c:	267.0	125.5	476.0
		ub :	268.7487	127.527	478.0582
		lb :	265.2513	123.473	473.9418
		P^-1:
			0.4967	-0.1289	0.0985
			-0.1289	0.7623	-0.2428
			0.0985	-0.2428	0.6299
		A:
			-0.602	0.2032	-0.7722
			0.7234	-0.6882	-0.0549
			0.8303	-0.5215	-0.1965
			-0.2303	-0.3756	0.8977
			-0.1041	-0.8284	0.5504
			-0.2642	0.7403	0.6182
		b:
			-502.0932
			81.4411
			63.5826
			319.4472
			130.8369
			317.6124


===========================================================================================
===========================================================================================
S7:
	q_c:	510.0	226.5	232.0
	ub :	528.9118	242.6256	251.1948
	lb :	501.9516	210.615	225.3533

	==================================================================================
	Q1:
		Shape: Polyhedra
		q_c:	511.0	235.5	234.5
		ub :	517.1522	239.984	240.6582
		lb :	504.8478	231.016	228.3418
		A:
			-0.2774	0.8057	-0.5234
			-0.1876	-0.6582	0.7291
			-0.1858	-0.9714	-0.1477
			0.3353	-0.8384	-0.4298
			-0.7403	0.0064	-0.6722
			0.3616	-0.1949	0.9117
			0.5299	0.7462	0.4029
			-0.5402	0.6632	-0.5179
			-0.6537	0.0568	0.7546
			-0.5299	-0.7462	-0.4029
			0.5402	-0.6632	0.5179
			0.6537	-0.0568	-0.7546
		b:
			-71.6928
			-76.2132
			-355.3746
			-123.2825
			-531.4399
			356.0255
			543.995
			-238.3238
			-139.2314
			-537.995
			244.3238
			148.2314
	==================================================================================
	Q2:
		Shape: Polyhedra
		q_c:	519.0	232.5	232.0
		ub :	525.1938	237.8963	238.6467
		lb :	512.8062	227.1037	225.3533
		A:
			-0.3661	0.9037	0.2222
			-0.4638	0.8802	-0.1009
			0.5095	-0.6605	0.5515
			0.7565	-0.1712	0.6312
			0.6925	-0.6496	0.3138
			-0.5538	0.3822	-0.7398
			0.2441	0.7352	0.6324
			0.6797	0.3354	-0.6523
			-0.6917	0.589	-0.4178
			-0.2441	-0.7352	-0.6324
			-0.6797	-0.3354	0.6523
			0.6917	-0.589	0.4178
		b:
			74.2307
			-57.209
			241.216
			501.4916
			283.2247
			-367.6515
			447.3275
			285.4063
			-316.9772
			-441.3275
			-273.4063
			320.9772
	==================================================================================
	Q3:
		Shape: Hybrid
		q_c:	522.5	235.0	240.0
		ub :	527.5683	240.8733	245.8684
		lb :	517.4317	229.1267	234.1316
		P^-1:
			0.0518	-0.0091	-0.0078
			-0.0091	0.0834	0.0293
			-0.0078	0.0293	0.0747
		A:
			-0.7901	0.527	0.3131
			-0.5693	0.1722	0.8039
			-0.3257	0.9413	-0.0891
			-0.2581	0.1828	-0.9487
			-0.2731	-0.7794	-0.5639
			-0.0714	-0.337	-0.9388
		b:
			-211.6157
			-61.8171
			31.9959
			-316.8186
			-459.2921
			-339.767
	==================================================================================
	Q4:
		Shape: Ellipse
		q_c:	512.0	236.5	241.5
		ub :	515.5036	242.6256	246.2981
		lb :	508.4964	230.3744	236.7019
		P^-1:
			0.1568	-0.0183	-0.0029
			-0.0183	0.0543	-0.0257
			-0.0029	-0.0257	0.1001
	==================================================================================
	Q5:
		Shape: Polyhedra
		q_c:	509.0	218.0	245.0
		ub :	516.0484	225.385	251.1948
		lb :	501.9516	210.615	238.8052
		A:
			-0.1847	-0.891	0.4147
			-0.3263	-0.7333	0.5965
			-0.4187	0.0019	-0.9081
			-0.5711	-0.6569	0.4922
			-0.6614	-0.2357	0.712
			-0.5221	-0.6132	0.5928
			0.926	0.1447	0.3486
			-0.3013	-0.2728	0.9137
			0.2273	-0.9511	-0.209
			-0.926	-0.1447	-0.3486
			0.3013	0.2728	-0.9137
			-0.2273	0.9511	0.209
		b:
			-181.6665
			-175.4971
			-430.8562
			-309.0312
			-209.8274
			-250.0892
			593.2994
			14.5278
			-136.8714
			-583.2994
			-7.5278
			148.8714
	==================================================================================
	Q6:
		Shape: Polyhedra
		q_c:	524.0	232.0	239.5
		ub :	528.9118	235.4172	244.2289
		lb :	519.0882	228.5828	234.7711
		A:
			0.5635	-0.6469	-0.5138
			0.334	-0.6561	-0.6767
			-0.8768	0.2828	0.3888
			0.294	0.2141	-0.9315
			-0.0242	0.9969	0.0747
			0.7693	-0.5781	0.272
			0.6134	0.1282	0.7793
			-0.7565	-0.1879	0.6264
			0.2268	-0.9738	-0.0183
			-0.6134	-0.1282	-0.7793
			0.7565	0.1879	-0.6264
			-0.2268	0.9738	0.0183
		b:
			24.6645
			-136.4498
			-298.155
			-16.3959
			239.0771
			337.2664
			541.8
			-287.5133
			-108.9618
			-533.8
			292.5133
			113.9618


===========================================================================================
===========================================================================================
S8:
	q_c:	46.5	78.5	479.5
	ub :	71.3792	87.1324	502.5783
	lb :	37.3491	53.9632	458.5853

	==================================================================================
	Q1:
		Shape: Ellipse
		q_c:	55.5	79.0	483.5
		ub :	61.4744	86.1837	490.5295
		lb :	49.5256	71.8163	476.4705
		P^-1:
			0.0931	0.0149	0.0263
			0.0149	0.0465	0.0031
			0.0263	0.0031	0.0609
	==================================================================================
	Q2:
		Shape: Polyhedra
		q_c:	54.5	80.5	464.5
		ub :	59.67	85.6144	470.4147
		lb :	49.33	75.3856	458.5853
		A:
			-0.0814	-0.5565	0.8268
			-0.2428	-0.6771	-0.6947
			-0.4559	-0.69	-0.5621
			0.587	0.7348	0.3398
			0.722	0.419	0.5505
			0.9673	0.0372	0.251
			0.6073	0.6223	0.4939
			-0.7759	0.3309	0.5371
			0.1708	-0.7094	0.6838
			-0.6073	-0.6223	-0.4939
			0.7759	-0.3309	-0.5371
			-0.1708	0.7094	-0.6838
		b:
			338.9484
			-388.1716
			-340.1679
			250.2158
			330.2208
			175.6262
			313.5936
			238.8308
			273.8503
			-311.5936
			-228.8308
			-265.8503
	==================================================================================
	Q3:
		Shape: Polyhedra
		q_c:	45.5	77.5	493.0
		ub :	53.6509	86.4839	502.5783
		lb :	37.3491	68.5161	483.4217
		A:
			0.895	0.4456	0.0193
			0.1014	-0.9946	-0.022
			-0.231	0.4319	0.8719
			0.1731	0.0098	0.9848
			0.1379	-0.25	0.9584
			0.438	0.7195	-0.539
			0.4948	0.6132	0.6158
			-0.2366	0.7769	-0.5835
			-0.8362	0.143	0.5294
			-0.4948	-0.6132	-0.6158
			0.2366	-0.7769	0.5835
			0.8362	-0.143	-0.5294
		b:
			90.1392
			-77.3841
			458.0741
			499.9753
			465.2096
			-184.4572
			379.6294
			-232.2208
			238.5459
			-367.6294
			244.2208
			-229.5459
	==================================================================================
	Q4:
		Shape: Ellipse
		q_c:	53.0	73.0	482.0
		ub :	60.905	79.3796	489.9447
		lb :	45.095	66.6204	474.0553
		P^-1:
			0.0429	-0.041	-0.023
			-0.041	0.1192	0.0436
			-0.023	0.0436	0.0546
	==================================================================================
	Q5:
		Shape: Ellipse
		q_c:	64.5	61.0	489.5
		ub :	71.3792	68.0368	494.7731
		lb :	57.6208	53.9632	484.2269
		P^-1:
			0.0769	0.0391	0.01
			0.0391	0.0589	0.009
			0.01	0.009	0.0524
	==================================================================================
	Q6:
		Shape: Polyhedra
		q_c:	56.0	79.5	493.0
		ub :	64.3384	87.1324	500.0387
		lb :	47.6616	71.8676	485.9613
		A:
			0.9446	0.2484	0.2144
			0.65	-0.0126	0.7598
			0.4628	-0.7595	0.4572
			0.1274	-0.3276	-0.9362
			-0.2561	-0.9344	0.2474
			-0.2417	0.8468	-0.4738
			0.3931	0.9157	0.0841
			0.7154	-0.362	0.5976
			0.5777	-0.1748	-0.7973
			-0.3931	-0.9157	-0.0841
			-0.7154	0.362	-0.5976
			-0.5777	0.1748	0.7973
		b:
			183.4964
			415.0175
			196.0415
			-475.7688
			38.7721
			-174.5779
			141.761
			310.9208
			-370.134
			-130.761
			-300.9208
			379.134


===========================================================================================
===========================================================================================
S9:
	q_c:	114.0	298.5	99.5
	ub :	129.4807	317.8951	116.5824
	lb :	101.7557	285.6007	89.8659

	==================================================================================
	Q1:
		Shape: Polyhedra
		q_c:	123.0	302.0	98.0
		ub :	129.4807	310.2925	106.1341
		lb :	116.5193	293.7075	89.8659
		A:
			-0.0286	0.4784	-0.8777
			0.9972	-0.0043	0.0748
			-0.352	0.1132	-0.9291
			-0.8878	-0.3719	0.2712
			0.7322	0.6111	-0.3008
			0.75	-0.2708	-0.6034
			0.3054	0.7694	0.561
			-0.8291	-0.0748	0.554
			0.4682	-0.6344	0.6151
			-0.3054	-0.7694	-0.561
			0.8291	0.0748	-0.554
			-0.4682	0.6344	-0.6151
		b:
			59.8922
			132.6911
			-94.6263
			-191.5959
			249.0971
			-45.5318
			330.9053
			-67.7929
			-68.2051
			-318.9053
			72.7929
			79.2051
	==================================================================================
	Q2:
		Shape: Polyhedra
		q_c:	107.5	294.0	104.5
		ub :	113.2443	298.9555	111.4056
		lb :	101.7557	289.0445	97.5944
		A:
			0.1641	0.8119	0.5602
			-0.2379	-0.8256	-0.5116
			0.5106	0.8574	0.0651
			0.7325	0.6286	0.2616
			-0.6346	-0.7688	0.0784
			-0.0144	-0.9773	-0.2116
			0.4605	0.8384	0.2915
			-0.3154	0.4615	-0.8292
			-0.8297	0.2899	0.4769
			-0.4605	-0.8384	-0.2915
			0.3154	-0.4615	0.8292
			0.8297	-0.2899	-0.4769
		b:
			317.0464
			-319.8355
			315.6116
			292.9171
			-283.7808
			-308.4811
			327.9637
			20.6186
			49.8843
			-324.9637
			-9.6186
			-41.8843
	==================================================================================
	Q3:
		Shape: Hybrid
		q_c:	109.0	309.0	108.0
		ub :	115.5094	314.6572	114.8199
		lb :	102.4906	303.3428	101.1801
		P^-1:
			0.0634	0.0179	0.0187
			0.0179	0.0722	0.0238
			0.0187	0.0238	0.0742
		A:
			0.0292	0.7582	0.6514
			0.4808	0.8596	-0.1731
			0.3444	-0.9322	-0.1114
			-0.6655	-0.7437	0.0634
			0.5049	0.4488	0.7373
			-0.0073	0.9696	0.2445
		b:
			309.6793
			301.7695
			-259.8232
			-293.2076
			274.9223
			327.4726
	==================================================================================
	Q4:
		Shape: Hybrid
		q_c:	107.5	306.0	107.5
		ub :	113.2402	311.8129	113.0752
		lb :	101.7598	300.1871	101.9248
		P^-1:
			0.0409	0.0055	0.0019
			0.0055	0.0748	0.0124
			0.0019	0.0124	0.0553
		A:
			-0.2934	0.9392	-0.1785
			0.5901	0.2081	0.7801
			0.498	-0.0305	-0.8666
			-0.6887	-0.2289	-0.688
			0.6468	-0.3077	0.6978
			-0.6609	-0.0216	-0.7502
		b:
			239.0337
			213.5517
			-46.1901
			-215.3912
			53.3763
			-155.492
	==================================================================================
	Q5:
		Shape: Polyhedra
		q_c:	122.0	292.0	109.5
		ub :	128.9821	298.3993	116.5824
		lb :	115.0179	285.6007	102.4176
		A:
			0.0431	-0.1126	-0.9927
			0.355	-0.5199	-0.777
			-0.3301	0.5857	-0.7403
			-0.9249	-0.1533	0.348
			0.5169	0.5321	-0.6706
			0.0015	-0.2075	0.9782
			0.3605	0.6198	0.697
			0.7892	0.1956	-0.5821
			-0.4971	0.76	-0.4187
			-0.3605	-0.6198	-0.697
			-0.7892	-0.1956	0.5821
			0.4971	-0.76	0.4187
		b:
			-132.1415
			-189.362
			53.7195
			-115.0309
			149.4035
			50.9118
			305.2974
			94.1488
			119.4176
			-297.2974
			-85.1488
			-111.4176
	==================================================================================
	Q6:
		Shape: Ellipse
		q_c:	115.5	309.5	104.5
		ub :	123.8214	317.8951	110.6247
		lb :	107.1786	301.1049	98.3753
		P^-1:
			0.0365	-0.0067	-0.0002
			-0.0067	0.0272	-0.0005
			-0.0002	-0.0005	0.04


===========================================================================================
===========================================================================================
