3D_30_11_6_f                l = 3

===========================================================================================
===========================================================================================
S1:
	q_c:	297.0	103.0	178.0
	ub :	305.4478	114.6492	187.585
	lb :	286.1424	93.3281	167.7921

	==================================================================================
	Q1:
		Shape: Polyhedra
		q_c:	300.5	101.5	178.5
		ub :	305.4478	103.3984	183.4044
		lb :	295.5522	99.6016	173.5956
		A:
			0.2261	0.9328	0.2806
			-0.9016	-0.3139	-0.2975
			0.8182	-0.3814	-0.4302
			0.0245	-0.7787	-0.6269
			0.544	0.8325	-0.1044
			-0.2314	-0.8696	-0.4362
			0.5303	0.0025	0.8478
			-0.8424	0.1142	0.5266
			-0.0955	-0.9935	0.0626
			-0.5303	-0.0025	-0.8478
			0.8424	-0.1142	-0.5266
			0.0955	0.9935	-0.0626
		b:
			214.6097
			-352.6216
			133.7507
			-180.954
			231.4512
			-233.4609
			314.4473
			-144.0402
			-116.8571
			-307.4473
			151.0402
			119.8571
	==================================================================================
	Q2:
		Shape: Polyhedra
		q_c:	300.0	105.5	173.0
		ub :	302.7065	107.6694	174.7617
		lb :	297.2935	103.3306	171.2383
		A:
			0.0478	-0.9956	-0.0802
			-0.1356	0.1423	0.9805
			0.4265	0.8275	-0.365
			0.0562	-0.0252	-0.9981
			0.2015	0.8999	0.3868
			0.4751	0.6105	-0.6337
			0.0152	0.4749	0.8799
			-0.9178	0.3558	-0.1762
			-0.3968	-0.8049	0.4413
			-0.0152	-0.4749	-0.8799
			0.9178	-0.3558	0.1762
			0.3968	0.8049	-0.4413
		b:
			-103.2509
			144.9744
			153.1209
			-157.4392
			223.3107
			98.3467
			207.8901
			-265.7773
			-126.605
			-205.8901
			270.7773
			128.605
	==================================================================================
	Q3:
		Shape: Hybrid
		q_c:	291.0	105.0	183.0
		ub :	295.8576	108.2018	187.585
		lb :	286.1424	101.7982	178.415
		P^-1:
			0.1233	-0.0153	-0.0864
			-0.0153	0.2482	-0.0104
			-0.0864	-0.0104	0.191
		A:
			-0.4507	-0.1346	0.8825
			-0.7911	-0.1131	0.6011
			0.3574	-0.9242	0.1348
			-0.3232	-0.0348	0.9457
			-0.0244	-0.8821	-0.4705
			-0.8507	0.3893	0.3533
		b:
			17.232
			-130.805
			32.8536
			76.5436
			-184.4228
			-140.4456
	==================================================================================
	Q4:
		Shape: Ellipse
		q_c:	295.0	109.5	180.5
		ub :	299.9762	114.6492	185.3586
		lb :	290.0238	104.3508	175.6414
		P^-1:
			0.1173	0.0237	-0.0287
			0.0237	0.1054	-0.005
			-0.0287	-0.005	0.1301
	==================================================================================
	Q5:
		Shape: Polyhedra
		q_c:	291.5	98.0	181.5
		ub :	295.7168	102.6719	185.8256
		lb :	287.2832	93.3281	177.1744
		A:
			-0.3005	0.0222	-0.9535
			-0.6374	0.0756	-0.7668
			0.6832	0.5589	-0.4699
			0.8244	-0.2451	-0.5102
			0.888	0.4353	-0.1486
			-0.0643	-0.8773	0.4756
			0.4545	0.5494	0.7011
			-0.5103	0.8058	-0.3006
			-0.7301	-0.2211	0.6466
			-0.4545	-0.5494	-0.7011
			0.5103	-0.8058	0.3006
			0.7301	0.2211	-0.6466
		b:
			-255.3211
			-314.2494
			170.5062
			125.6636
			276.809
			-15.7605
			317.0904
			-121.332
			-115.6371
			-310.0904
			127.332
			118.6371
	==================================================================================
	Q6:
		Shape: Hybrid
		q_c:	296.5	108.0	173.0
		ub :	301.9618	112.9283	178.2079
		lb :	291.0382	103.0717	167.7921
		P^-1:
			0.1419	-0.0881	-0.0095
			-0.0881	0.174	-0.0333
			-0.0095	-0.0333	0.0947
		A:
			0.163	0.547	-0.8211
			0.543	-0.8285	-0.1374
			0.9564	-0.154	0.2483
			-0.9352	0.3266	-0.1367
			-0.821	0.479	0.3109
			-0.4872	-0.015	0.8732
		b:
			-32.8144
			48.9748
			312.1553
			-263.8861
			-136.5602
			7.0161


===========================================================================================
===========================================================================================
S2:
	q_c:	131.0	237.5	54.0
	ub :	160.6707	261.4549	87.3911
	lb :	111.0889	216.497	28.9463

	==================================================================================
	Q1:
		Shape: Hybrid
		q_c:	126.5	247.5	40.0
		ub :	135.2757	256.975	45.8852
		lb :	117.7243	238.025	34.1148
		P^-1:
			0.0387	-0.0035	-0.0216
			-0.0035	0.0331	-0.0254
			-0.0216	-0.0254	0.0971
		A:
			-0.1649	-0.9829	-0.0818
			-0.7805	0.0492	0.6233
			0.9426	-0.2614	-0.2077
			0.4427	0.1683	-0.8807
			-0.2347	0.1449	0.9612
			-0.8846	0.2418	0.3986
		b:
			-262.0269
			-59.0927
			49.6825
			64.0629
			47.1055
			-33.0155
	==================================================================================
	Q2:
		Shape: Polyhedra
		q_c:	119.0	236.0	65.0
		ub :	126.9111	245.2129	73.2846
		lb :	111.0889	226.7871	56.7154
		A:
			0.8492	0.3817	-0.3649
			-0.6344	-0.3097	0.7083
			0.1694	0.8789	-0.4459
			-0.7213	0.2407	0.6494
			-0.9541	-0.175	0.2429
			-0.5317	-0.2376	0.813
			0.2812	0.6363	0.7183
			0.7629	-0.6023	0.2348
			0.5821	0.482	-0.6549
			-0.2812	-0.6363	-0.7183
			-0.7629	0.6023	-0.2348
			-0.5821	-0.482	0.6549
		b:
			171.0561
			-99.3723
			202.7955
			17.8898
			-134.8666
			-62.9825
			237.3316
			-30.5869
			143.4532
			-223.3316
			41.5869
			-137.4532
	==================================================================================
	Q3:
		Shape: Ellipse
		q_c:	119.5	224.5	48.5
		ub :	126.6861	232.503	56.5587
		lb :	112.3139	216.497	40.4413
		P^-1:
			0.0874	-0.0344	-0.0188
			-0.0344	0.0422	0.0102
			-0.0188	0.0102	0.023
	==================================================================================
	Q4:
		Shape: Ellipse
		q_c:	144.0	252.0	71.0
		ub :	160.6707	261.4549	87.3911
		lb :	127.3293	242.5451	54.6089
		P^-1:
			0.0078	-0.0037	-0.0007
			-0.0037	0.0267	0.0026
			-0.0007	0.0026	0.0078
	==================================================================================
	Q5:
		Shape: Hybrid
		q_c:	138.5	245.5	58.0
		ub :	144.9325	251.1642	65.6767
		lb :	132.0675	239.8358	50.3233
		P^-1:
			0.1158	0.0348	0.0339
			0.0348	0.1321	-0.0208
			0.0339	-0.0208	0.0436
		A:
			0.1533	-0.8077	0.5693
			-0.242	0.967	-0.0793
			-0.9136	-0.2823	-0.2928
			-0.0787	-0.8094	0.582
			-0.0046	0.9165	-0.4
			0.0099	-0.5248	-0.8511
		b:
			-142.1492
			201.4925
			-211.37
			-173.7054
			202.7425
			-171.7531
	==================================================================================
	Q6:
		Shape: Polyhedra
		q_c:	133.0	239.0	39.0
		ub :	143.515	248.5826	49.0537
		lb :	122.485	229.4174	28.9463
		A:
			0.8468	0.3342	-0.4139
			-0.6569	0.4071	0.6346
			0.5158	-0.7972	-0.3138
			-0.4229	-0.7124	-0.56
			-0.6918	0.6574	0.2987
			0.0959	0.9798	-0.1755
			0.0709	0.8276	0.5568
			0.0221	0.5568	-0.8304
			-0.9972	0.0712	0.0212
			-0.0709	-0.8276	-0.5568
			-0.0221	-0.5568	0.8304
			0.9972	-0.0712	-0.0212
		b:
			185.8757
			42.8149
			-126.9845
			-242.4524
			84.9572
			246.9897
			233.941
			112.1317
			-104.7933
			-223.941
			-95.1317
			124.7933


===========================================================================================
===========================================================================================
S3:
	q_c:	366.5	490.5	434.0
	ub :	370.4528	508.0062	451.6986
	lb :	353.5479	474.0732	415.7472

	==================================================================================
	Q1:
		Shape: Polyhedra
		q_c:	363.0	494.0	422.0
		ub :	368.549	500.5222	428.2528
		lb :	357.451	487.4778	415.7472
		A:
			0.9416	-0.2482	-0.2276
			-0.9449	-0.3259	0.0299
			0.7674	0.4908	-0.4125
			0.9856	0.1691	-0.0003
			0.1794	0.7694	0.6131
			-0.961	0.0998	-0.258
			0.7802	0.0608	0.6225
			-0.6255	0.0749	0.7766
			0.0006	-0.9953	0.0965
			-0.7802	-0.0608	-0.6225
			0.6255	-0.0749	-0.7766
			-0.0006	0.9953	-0.0965
		b:
			127.4142
			-487.2002
			351.8168
			445.153
			708.9742
			-404.6506
			579.481
			142.1982
			-444.7483
			-572.481
			-133.1982
			456.7483
	==================================================================================
	Q2:
		Shape: Hybrid
		q_c:	364.5	486.5	425.5
		ub :	367.7887	491.8436	431.01
		lb :	361.2113	481.1564	419.99
		P^-1:
			0.3866	-0.0833	0.1086
			-0.0833	0.0839	-0.0279
			0.1086	-0.0279	0.0989
		A:
			-0.4762	0.7301	-0.4901
			0.4872	-0.066	0.8708
			-0.5765	-0.2269	-0.7849
			-0.9261	-0.3772	-0.0073
			0.9092	-0.301	0.2878
			-0.7991	-0.0344	-0.6002
		b:
			-24.8229
			518.1731
			-652.2817
			-522.1208
			308.1594
			-562.0369
	==================================================================================
	Q3:
		Shape: Ellipse
		q_c:	361.5	499.0	443.0
		ub :	369.4521	508.0062	451.6986
		lb :	353.5479	489.9938	434.3014
		P^-1:
			0.0206	0.001	0.0007
			0.001	0.0297	-0.0027
			0.0007	-0.0027	0.0309
	==================================================================================
	Q4:
		Shape: Ellipse
		q_c:	364.5	482.5	439.5
		ub :	369.8117	490.9268	448.7932
		lb :	359.1883	474.0732	430.2068
		P^-1:
			0.6119	0.4475	0.1712
			0.4475	0.3586	0.1305
			0.1712	0.1305	0.0677
	==================================================================================
	Q5:
		Shape: Ellipse
		q_c:	366.0	499.0	436.0
		ub :	370.4528	503.8656	439.0968
		lb :	361.5472	494.1344	432.9032
		P^-1:
			0.1899	0.0824	-0.0953
			0.0824	0.1204	-0.0938
			-0.0953	-0.0938	0.3566
	==================================================================================
	Q6:
		Shape: Polyhedra
		q_c:	362.5	481.5	444.5
		ub :	369.6563	488.5439	449.6957
		lb :	355.3437	474.4561	439.3043
		A:
			0.1335	-0.9034	0.4074
			0.5031	-0.1557	0.8501
			0.294	0.3012	-0.9071
			-0.9716	-0.1992	-0.1275
			-0.9053	0.1896	-0.3801
			0.742	0.3337	-0.5815
			0.5993	0.797	0.0748
			-0.0972	0.1652	-0.9815
			-0.7946	0.5809	0.1765
			-0.5993	-0.797	-0.0748
			0.0972	-0.1652	0.9815
			0.7946	-0.5809	-0.1765
		b:
			-200.9767
			489.4538
			-147.526
			-500.1481
			-400.8835
			175.5768
			638.2681
			-387.9413
			75.605
			-630.2681
			395.9413
			-64.605


===========================================================================================
===========================================================================================
S4:
	q_c:	490.0	155.5	489.0
	ub :	506.2599	168.9154	514.4576
	lb :	469.7213	132.4077	473.4263

	==================================================================================
	Q1:
		Shape: Hybrid
		q_c:	492.5	154.5	488.0
		ub :	500.0959	162.4669	495.2667
		lb :	484.9041	146.5331	480.7333
		P^-1:
			0.0553	0.0127	0.0177
			0.0127	0.0264	0.013
			0.0177	0.013	0.0603
		A:
			-0.2225	0.1966	0.9549
			0.74	-0.6514	0.1675
			-0.0789	0.3481	-0.9341
			0.3839	0.6123	0.6912
			0.0949	0.783	-0.6147
			0.9057	-0.1515	0.3958
		b:
			389.5698
			350.0973
			-437.4725
			623.3299
			-127.5482
			618.733
	==================================================================================
	Q2:
		Shape: Ellipse
		q_c:	478.5	157.0	497.0
		ub :	487.2787	164.6293	506.6912
		lb :	469.7213	149.3707	487.3088
		P^-1:
			0.0296	-0.0006	-0.0046
			-0.0006	0.0387	-0.0038
			-0.0046	-0.0038	0.0285
	==================================================================================
	Q3:
		Shape: Ellipse
		q_c:	482.0	141.5	500.0
		ub :	491.1645	150.5923	510.0273
		lb :	472.8355	132.4077	489.9727
		P^-1:
			0.0412	-0.0167	-0.0119
			-0.0167	0.0406	0.0061
			-0.0119	0.0061	0.0289
	==================================================================================
	Q4:
		Shape: Ellipse
		q_c:	483.0	154.5	504.5
		ub :	492.8633	163.1618	514.4576
		lb :	473.1367	145.8382	494.5424
		P^-1:
			0.0318	0.0068	-0.0017
			0.0068	0.0307	0.007
			-0.0017	0.007	0.0309
	==================================================================================
	Q5:
		Shape: Ellipse
		q_c:	498.0	159.0	480.0
		ub :	506.2599	166.557	486.5737
		lb :	489.7401	151.443	473.4263
		P^-1:
			0.1333	0.1146	0.0226
			0.1146	0.125	0.0278
			0.0226	0.0278	0.0455
	==================================================================================
	Q6:
		Shape: Hybrid
		q_c:	489.0	159.5	498.5
		ub :	498.3373	168.9154	507.7483
		lb :	479.6627	150.0846	489.2517
		P^-1:
			0.0313	0.0013	-0.0021
			0.0013	0.0283	-0.0008
			-0.0021	-0.0008	0.0291
		A:
			0.9564	0.2553	0.1418
			-0.5779	-0.6732	-0.4613
			0.7944	-0.4782	0.3745
			-0.3062	-0.9465	-0.1021
			0.9564	-0.0489	0.2879
			-0.2648	0.5905	0.7623
		b:
			582.036
			-616.7934
			502.0726
			-348.4439
			606.4588
			347.8778


===========================================================================================
===========================================================================================
S5:
	q_c:	170.5	218.0	106.0
	ub :	183.777	225.8376	117.1605
	lb :	160.5791	204.6863	98.076

	==================================================================================
	Q1:
		Shape: Ellipse
		q_c:	164.0	220.0	106.0
		ub :	167.4209	223.7668	109.2502
		lb :	160.5791	216.2332	102.7498
		P^-1:
			0.2221	-0.0326	-0.0258
			-0.0326	0.2118	-0.0302
			-0.0258	-0.0302	0.2261
	==================================================================================
	Q2:
		Shape: Ellipse
		q_c:	168.0	216.5	104.0
		ub :	173.2675	222.2272	107.8248
		lb :	162.7325	210.7728	100.1752
		P^-1:
			0.3389	0.0327	-0.4229
			0.0327	0.0645	-0.0214
			-0.4229	-0.0214	0.7276
	==================================================================================
	Q3:
		Shape: Hybrid
		q_c:	165.5	222.5	101.5
		ub :	169.2229	225.8376	104.924
		lb :	161.7771	219.1624	98.076
		P^-1:
			0.0822	-0.0029	0.0063
			-0.0029	0.2068	0.0452
			0.0063	0.0452	0.2026
		A:
			-0.3768	-0.1576	-0.9128
			-0.2056	0.9776	0.0455
			-0.3135	0.9425	0.1161
			0.575	0.7868	0.2244
			0.5591	0.8016	0.2116
			-0.2716	-0.9618	-0.0357
		b:
			-188.7073
			189.3796
			170.9277
			294.6747
			294.0309
			-261.1738
	==================================================================================
	Q4:
		Shape: Ellipse
		q_c:	173.5	215.5	110.0
		ub :	177.4667	219.7329	114.1522
		lb :	169.5333	211.2671	105.8478
		P^-1:
			0.1423	-0.0019	-0.0236
			-0.0019	0.0628	-0.0033
			-0.0236	-0.0033	0.1285
	==================================================================================
	Q5:
		Shape: Hybrid
		q_c:	167.0	214.0	112.0
		ub :	171.5842	219.5639	117.1605
		lb :	162.4158	208.4361	106.8395
		P^-1:
			0.271	0.0342	0.1871
			0.0342	0.0681	0.0306
			0.1871	0.0306	0.2304
		A:
			-0.6592	0.1081	-0.7442
			-0.0455	-0.2552	-0.9658
			-0.3322	-0.256	0.9078
			-0.9056	-0.1224	-0.4061
			-0.6924	-0.061	-0.7189
			0.3204	-0.8015	0.505
		b:
			-169.2809
			-168.11
			-5.5405
			-221.781
			-208.4167
			-58.6157
	==================================================================================
	Q6:
		Shape: Hybrid
		q_c:	177.0	212.0	109.0
		ub :	183.777	219.3137	114.1664
		lb :	170.223	204.6863	103.8336
		P^-1:
			0.0443	0.0046	0.0011
			0.0046	0.0457	-0.0032
			0.0011	-0.0032	0.0619
		A:
			-0.1064	-0.9263	0.3615
			0.2673	-0.8751	-0.4034
			0.1546	0.9635	0.2184
			0.552	-0.0659	0.8313
			-0.0911	0.7536	0.651
			-0.4129	-0.1367	0.9005
		b:
			-173.3029
			-179.3566
			258.1056
			176.5496
			217.199
			-1.7353


===========================================================================================
===========================================================================================
S6:
	q_c:	228.5	332.5	132.5
	ub :	256.1134	349.7862	152.4947
	lb :	204.1089	320.1263	112.021

	==================================================================================
	Q1:
		Shape: Ellipse
		q_c:	240.5	332.5	124.0
		ub :	249.4128	340.8999	134.1507
		lb :	231.5872	324.1001	113.8493
		P^-1:
			0.0382	-0.0323	-0.0163
			-0.0323	0.0769	0.031
			-0.0163	0.031	0.0342
	==================================================================================
	Q2:
		Shape: Hybrid
		q_c:	225.0	342.5	127.5
		ub :	234.2696	349.7862	132.0696
		lb :	215.7304	335.2138	122.9304
		P^-1:
			0.0343	-0.0391	-0.0048
			-0.0391	0.0885	0.0087
			-0.0048	0.0087	0.0646
		A:
			-0.0338	0.7711	-0.6358
			0.6686	-0.7165	0.1989
			-0.7789	0.5684	0.265
			0.1491	-0.6027	-0.7839
			-0.502	0.8048	0.3166
			-0.2447	0.9463	0.2113
		b:
			178.3886
			-67.3194
			56.2122
			-270.6739
			204.6441
			297.9571
	==================================================================================
	Q3:
		Shape: Polyhedra
		q_c:	229.0	337.5	134.5
		ub :	238.3311	346.4267	142.0992
		lb :	219.6689	328.5733	126.9008
		A:
			-0.8875	0.0828	0.4532
			-0.5796	0.6561	-0.4833
			-0.8064	-0.1942	0.5585
			0.3402	0.1796	-0.923
			-0.9123	0.3759	-0.1626
			-0.8641	-0.3167	0.3911
			0.909	0.0583	0.4128
			-0.4011	-0.1477	0.9041
			0.1137	-0.9873	-0.1109
			-0.909	-0.0583	-0.4128
			0.4011	0.1477	-0.9041
			-0.1137	0.9873	0.1109
		b:
			-108.5234
			31.2077
			-169.927
			18.4026
			-96.3728
			-246.3317
			290.8505
			-16.1096
			-314.0957
			-275.8505
			24.1096
			330.0957
	==================================================================================
	Q4:
		Shape: Polyhedra
		q_c:	245.5	327.0	119.0
		ub :	256.1134	333.8737	125.979
		lb :	234.8866	320.1263	112.021
		A:
			0.3154	-0.9212	0.2281
			0.7699	-0.5853	-0.2542
			0.5174	-0.7532	0.4062
			0.1772	-0.4807	-0.8588
			0.7078	-0.2489	0.6611
			0.3941	0.0576	0.9173
			0.137	0.9655	0.2213
			0.9814	-0.1019	-0.1627
			-0.1345	0.2395	-0.9615
			-0.137	-0.9655	-0.2213
			-0.9814	0.1019	0.1627
			0.1345	-0.2395	0.9615
		b:
			-190.9391
			-24.1027
			-64.5684
			-210.2694
			177.8536
			229.676
			380.6928
			197.7438
			-64.6334
			-370.6928
			-178.7438
			73.6334
	==================================================================================
	Q5:
		Shape: Hybrid
		q_c:	230.5	335.5	147.0
		ub :	239.1676	342.8264	152.4947
		lb :	221.8324	328.1736	141.5053
		P^-1:
			0.0139	0.0001	0.0005
			0.0001	0.0205	-0.001
			0.0005	-0.001	0.0399
		A:
			0.1036	-0.0427	-0.9937
			0.6739	0.7366	0.0575
			-0.4108	-0.6702	0.6182
			-0.1204	0.4814	-0.8682
			0.4729	-0.8017	-0.3657
			-0.3772	0.5273	-0.7614
		b:
			-133.9547
			416.1134
			-224.5902
			9.1279
			-209.0026
			-18.3929
	==================================================================================
	Q6:
		Shape: Ellipse
		q_c:	214.5	336.5	137.5
		ub :	224.8911	346.9237	146.8914
		lb :	204.1089	326.0763	128.1086
		P^-1:
			0.0284	0.0071	0.0031
			0.0071	0.021	0.0068
			0.0031	0.0068	0.0341


===========================================================================================
===========================================================================================
S7:
	q_c:	326.5	44.0	145.5
	ub :	348.9854	63.2436	159.2439
	lb :	309.5606	17.2368	125.788

	==================================================================================
	Q1:
		Shape: Polyhedra
		q_c:	317.5	27.5	131.5
		ub :	323.9648	34.2882	137.212
		lb :	311.0352	20.7118	125.788
		A:
			0.1741	0.249	0.9527
			0.3196	0.7488	0.5807
			-0.2536	0.8528	-0.4564
			-0.0811	-0.7895	-0.6084
			0.6606	-0.1197	0.7411
			-0.7491	-0.2626	-0.6082
			0.578	0.3617	0.7315
			-0.4914	-0.5613	0.6659
			0.6515	-0.7443	-0.1467
			-0.578	-0.3617	-0.7315
			0.4914	0.5613	-0.6659
			-0.6515	0.7443	0.1467
		b:
			190.3965
			201.1025
			-112.4316
			-124.5066
			306.6465
			-322.8471
			291.6478
			-78.3994
			171.0921
			-287.6478
			89.3994
			-163.0921
	==================================================================================
	Q2:
		Shape: Polyhedra
		q_c:	322.0	56.0	152.0
		ub :	328.8026	63.2436	159.2439
		lb :	315.1974	48.7564	144.7561
		A:
			0.6593	0.2816	0.6972
			0.8925	-0.3058	0.3316
			0.3661	-0.0753	-0.9275
			-0.3878	-0.8657	-0.3165
			-0.2919	-0.6816	0.671
			-0.3559	-0.9149	0.1906
			0.0618	0.1078	0.9923
			-0.5057	0.8605	-0.0619
			-0.8605	-0.4979	0.1077
			-0.0618	-0.1078	-0.9923
			0.5057	-0.8605	0.0619
			0.8605	0.4979	-0.1077
		b:
			339.788
			325.7167
			-21.1063
			-216.3879
			-24.8254
			-132.1484
			183.2671
			-119.0597
			-284.0941
			-170.2671
			129.0597
			293.0941
	==================================================================================
	Q3:
		Shape: Polyhedra
		q_c:	325.5	38.5	146.5
		ub :	334.6636	46.6008	153.3055
		lb :	316.3364	30.3992	139.6945
		A:
			-0.6613	-0.6751	0.327
			-0.1011	-0.2682	-0.958
			-0.2109	0.2398	0.9476
			0.7491	-0.106	0.654
			0.7278	-0.4034	0.5545
			0.1258	-0.9181	-0.3758
			0.4186	0.0728	0.9052
			-0.845	-0.334	0.4177
			0.3328	-0.9398	-0.0783
			-0.4186	-0.0728	-0.9052
			0.845	0.334	-0.4177
			-0.3328	0.9398	0.0783
		b:
			-186.9085
			-179.2244
			84.4267
			340.0818
			307.5485
			-43.6561
			275.6874
			-220.2175
			66.662
			-267.6874
			233.2175
			-54.662
	==================================================================================
	Q4:
		Shape: Polyhedra
		q_c:	340.0	41.0	139.0
		ub :	343.0748	48.143	145.0044
		lb :	336.9252	33.857	132.9956
		A:
			0.9321	0.1965	-0.3042
			-0.9135	0.3399	0.2236
			0.9965	0.0834	0.0044
			-0.6677	0.3574	-0.653
			-0.676	-0.3121	0.6675
			0.9346	-0.0698	0.3488
			0.1045	0.2675	0.9579
			-0.19	0.9508	-0.2448
			-0.9762	-0.1564	0.1502
			-0.1045	-0.2675	-0.9579
			0.19	-0.9508	0.2448
			0.9762	0.1564	-0.1502
		b:
			284.3843
			-262.4663
			344.5645
			-298.4463
			-146.6677
			366.3807
			184.1567
			-53.6461
			-315.9395
			-175.1567
			65.6461
			318.9395
	==================================================================================
	Q5:
		Shape: Hybrid
		q_c:	340.5	25.5	141.0
		ub :	348.9854	33.7632	148.5119
		lb :	332.0146	17.2368	133.4881
		P^-1:
			0.0229	0.0016	-0.0079
			0.0016	0.0187	-0.005
			-0.0079	-0.005	0.046
		A:
			0.2366	-0.4498	0.8612
			-0.2502	0.2027	-0.9467
			0.1193	0.4368	-0.8916
			0.986	-0.0931	-0.1385
			0.7035	-0.2919	-0.648
			-0.7867	0.5951	0.1644
		b:
			193.7955
			-210.4639
			-71.328
			318.2424
			144.2789
			-224.6988
	==================================================================================
	Q6:
		Shape: Polyhedra
		q_c:	317.5	37.5	145.0
		ub :	325.4394	43.418	152.3703
		lb :	309.5606	31.582	137.6297
		A:
			-0.6705	0.2747	0.6892
			-0.3386	0.3379	-0.8781
			0.4962	0.1541	-0.8544
			-0.3623	0.8942	0.2631
			0.0113	0.9478	-0.3187
			-0.5208	0.8402	0.1512
			0.8884	0.1778	0.4234
			-0.3389	-0.3683	0.8657
			0.3098	-0.9125	-0.267
			-0.8884	-0.1778	-0.4234
			0.3389	0.3683	-0.8657
			-0.3098	0.9125	0.267
		b:
			-98.4066
			-217.0818
			43.9059
			-39.8294
			-3.1573
			-108.2023
			356.1044
			8.6296
			28.9436
			-344.1044
			0.3704
			-21.9436


===========================================================================================
===========================================================================================
S8:
	q_c:	254.5	72.5	462.5
	ub :	263.5276	81.3135	474.8722
	lb :	242.3171	60.6253	456.1097

	==================================================================================
	Q1:
		Shape: Ellipse
		q_c:	258.0	70.0	463.0
		ub :	263.21	71.8326	467.3093
		lb :	252.79	68.1674	458.6907
		P^-1:
			0.0696	-0.0168	-0.0439
			-0.0168	0.4395	0.0333
			-0.0439	0.0333	0.1447
	==================================================================================
	Q2:
		Shape: Hybrid
		q_c:	249.5	78.0	461.5
		ub :	253.8827	81.3135	465.8543
		lb :	245.1173	74.6865	457.1457
		P^-1:
			0.1582	0.0296	0.0467
			0.0296	0.2051	0.0341
			0.0467	0.0341	0.1577
		A:
			-0.9823	0.0818	-0.1684
			-0.37	-0.9274	-0.0547
			-0.5351	0.7762	0.3335
			0.9781	-0.0835	0.1909
			0.4144	-0.1943	0.8891
			0.6376	0.7621	-0.1131
		b:
			-314.8645
			-188.7402
			82.5337
			327.1478
			500.0185
			167.6974
	==================================================================================
	Q3:
		Shape: Hybrid
		q_c:	254.5	65.5	461.5
		ub :	257.4919	69.6162	466.8903
		lb :	251.5081	61.3838	456.1097
		P^-1:
			0.478	-0.3331	0.1152
			-0.3331	0.6242	-0.2848
			0.1152	-0.2848	0.1878
		A:
			-0.7807	-0.3894	-0.4888
			-0.6512	0.7194	-0.2418
			0.7669	-0.5653	0.304
			0.2826	-0.8167	0.5032
			0.8063	-0.3754	0.4571
			-0.3353	0.7994	-0.4986
		b:
			-446.3962
			-229.6429
			299.119
			251.3267
			393.0557
			-262.4261
	==================================================================================
	Q4:
		Shape: Hybrid
		q_c:	246.5	75.5	460.0
		ub :	250.6829	80.397	463.5173
		lb :	242.3171	70.603	456.4827
		P^-1:
			0.1138	-0.0134	0.0467
			-0.0134	0.1705	-0.1668
			0.0467	-0.1668	0.3337
		A:
			0.2425	0.3473	-0.9059
			-0.1712	-0.3666	0.9145
			0.0348	0.4014	-0.9152
			0.1521	0.1432	-0.9779
			0.8938	0.1731	0.4138
			-0.892	-0.0214	0.4515
		b:
			-329.4679
			351.9195
			-381.1889
			-399.9975
			425.8288
			-11.4054
	==================================================================================
	Q5:
		Shape: Polyhedra
		q_c:	253.5	67.0	469.5
		ub :	259.6124	72.1479	474.8722
		lb :	247.3876	61.8521	464.1278
		A:
			0.1476	-0.6899	0.7087
			0.1754	0.2204	-0.9595
			-0.4826	0.6438	0.5938
			0.0668	0.9705	-0.2319
			0.1547	-0.9338	-0.3227
			0.5999	0.4299	-0.6748
			0.7112	0.1881	0.6774
			-0.6669	-0.1242	0.7347
			0.2223	-0.9743	0.0371
			-0.7112	-0.1881	-0.6774
			0.6669	0.1242	-0.7347
			-0.2223	0.9743	-0.0371
		b:
			327.855
			-387.9313
			203.0374
			-23.0348
			-170.813
			-133.2278
			515.9184
			170.0456
			12.5042
			-505.9184
			-165.0456
			-4.5042
	==================================================================================
	Q6:
		Shape: Polyhedra
		q_c:	260.0	65.5	467.5
		ub :	263.5276	70.3747	472.6191
		lb :	256.4724	60.6253	462.3809
		A:
			0.821	0.4683	0.3267
			0.5763	-0.3108	-0.7558
			0.2108	0.9608	-0.1802
			0.8561	0.4401	-0.2709
			-0.5271	0.2418	0.8147
			0.4584	-0.7207	-0.5201
			0.4491	0.7285	0.5174
			-0.1619	0.6358	-0.7547
			-0.8787	0.2552	0.4034
			-0.4491	-0.7285	-0.5174
			0.1619	-0.6358	0.7547
			0.8787	-0.2552	-0.4034
		b:
			399.2665
			-221.5888
			36.8541
			127.2728
			262.0922
			-168.9398
			408.8432
			-349.265
			-21.1411
			-403.8432
			357.265
			25.1411


===========================================================================================
===========================================================================================
S9:
	q_c:	105.0	364.5	415.5
	ub :	126.8044	385.9969	440.5611
	lb :	80.5402	346.0565	396.9059

	==================================================================================
	Q1:
		Shape: Polyhedra
		q_c:	100.5	367.0	428.0
		ub :	108.2899	375.4387	435.4267
		lb :	92.7101	358.5613	420.5733
		A:
			-0.7446	0.0612	0.6647
			-0.6331	-0.1302	0.763
			-0.6924	0.5803	0.4287
			0.4233	-0.4525	-0.7849
			-0.4177	0.1722	0.8921
			0.2383	0.5972	-0.7658
			0.213	0.9413	0.2618
			0.6379	0.069	-0.7671
			-0.7401	0.3304	-0.5857
			-0.213	-0.9413	-0.2618
			-0.6379	-0.069	0.7671
			0.7401	-0.3304	0.5857
		b:
			234.881
			217.7136
			331.6804
			-455.3576
			406.3128
			-80.1228
			485.4333
			-236.3627
			-197.3156
			-472.4333
			241.3627
			210.3156
	==================================================================================
	Q2:
		Shape: Polyhedra
		q_c:	96.5	378.0	412.5
		ub :	105.1886	383.7063	420.2649
		lb :	87.8114	372.2937	404.7351
		A:
			-0.6844	0.5367	0.4935
			-0.6069	0.7415	0.2861
			0.3732	-0.7601	-0.5319
			0.5912	-0.7201	-0.3633
			-0.4852	0.8739	0.0277
			0.7589	-0.3644	-0.5398
			0.901	0.3137	0.2996
			-0.2139	-0.2797	0.936
			0.3775	-0.9074	-0.1849
			-0.901	-0.3137	-0.2996
			0.2139	0.2797	-0.936
			-0.3775	0.9074	0.1849
		b:
			344.1603
			342.5068
			-467.9672
			-362.1939
			297.3105
			-282.575
			336.6406
			265.2126
			-380.8424
			-321.6406
			-254.2126
			384.8424
	==================================================================================
	Q3:
		Shape: Ellipse
		q_c:	107.0	358.5	404.0
		ub :	116.2274	367.8586	411.0941
		lb :	97.7726	349.1414	396.9059
		P^-1:
			0.0282	0.0073	-0.0002
			0.0073	0.0354	0.0001
			-0.0002	0.0001	0.04
	==================================================================================
	Q4:
		Shape: Polyhedra
		q_c:	112.0	364.0	410.5
		ub :	122.7835	373.3223	421.2118
		lb :	101.2165	354.6777	399.7882
		A:
			0.735	-0.4798	-0.4791
			-0.2248	0.7888	-0.572
			0.1221	0.8067	-0.5782
			0.4837	-0.1582	0.8609
			0.8935	0.2461	-0.3755
			0.2096	-0.5294	0.822
			0.8443	0.343	0.4118
			0.5199	-0.3379	-0.7846
			-0.13	0.8765	-0.4636
			-0.8443	-0.343	-0.4118
			-0.5199	0.3379	0.7846
			0.13	-0.8765	0.4636
		b:
			-282.5059
			32.236
			75.1359
			356.8322
			42.6936
			173.8207
			396.4412
			-380.3133
			119.1891
			-380.4412
			393.3133
			-109.1891
	==================================================================================
	Q5:
		Shape: Hybrid
		q_c:	119.0	355.5	410.5
		ub :	126.8044	364.9435	420.4542
		lb :	111.1956	346.0565	400.5458
		P^-1:
			0.0445	-0.0126	0.0166
			-0.0126	0.0321	-0.0053
			0.0166	-0.0053	0.0341
		A:
			0.7566	-0.3435	-0.5564
			-0.2509	-0.9608	0.1182
			-0.345	0.448	-0.8248
			0.9358	-0.1025	-0.3374
			0.8694	-0.2253	-0.4397
			-0.633	0.3617	0.6845
		b:
			-256.2676
			-318.5716
			-217.4799
			-59.4631
			-152.9842
			338.6272
	==================================================================================
	Q6:
		Shape: Ellipse
		q_c:	89.0	375.5	429.0
		ub :	97.4598	385.9969	440.5611
		lb :	80.5402	365.0031	417.4389
		P^-1:
			0.0365	0.007	-0.0013
			0.007	0.0259	0.0037
			-0.0013	0.0037	0.0112


===========================================================================================
===========================================================================================
S10:
	q_c:	181.5	60.0	363.5
	ub :	201.2095	80.294	385.4151
	lb :	157.7832	37.367	352.9436

	==================================================================================
	Q1:
		Shape: Hybrid
		q_c:	167.5	44.0	361.5
		ub :	177.2168	50.633	370.0564
		lb :	157.7832	37.367	352.9436
		P^-1:
			0.0267	-0.0135	-0.0016
			-0.0135	0.0572	-0.0033
			-0.0016	-0.0033	0.0268
		A:
			0.249	-0.7384	0.6268
			0.9988	-0.044	0.0236
			0.2471	-0.2853	-0.926
			-0.2557	-0.6038	0.755
			-0.0514	-0.4552	-0.8889
			-0.3615	0.9001	0.2429
		b:
			238.5934
			178.3694
			-301.9962
			207.0745
			-345.841
			69.1189
	==================================================================================
	Q2:
		Shape: Ellipse
		q_c:	182.5	67.5	377.5
		ub :	191.4913	75.5664	385.4151
		lb :	173.5087	59.4336	369.5849
		P^-1:
			0.0359	-0.0009	-0.0089
			-0.0009	0.0404	-0.0055
			-0.0089	-0.0055	0.0409
	==================================================================================
	Q3:
		Shape: Polyhedra
		q_c:	175.0	54.5	363.5
		ub :	182.389	59.5381	370.9286
		lb :	167.611	49.4619	356.0714
		A:
			-0.8305	0.3231	0.4537
			-0.3624	0.5521	-0.7509
			0.4498	-0.8907	-0.0667
			0.1278	-0.8643	-0.4864
			0.1578	-0.9826	-0.0984
			-0.5641	-0.158	0.8105
			0.3725	0.897	0.2379
			0.5789	-0.0242	-0.8151
			-0.7254	0.4413	-0.5283
			-0.3725	-0.897	-0.2379
			-0.5789	0.0242	0.8151
			0.7254	-0.4413	0.5283
		b:
			42.3303
			-302.0346
			9.9325
			-197.449
			-57.9673
			192.725
			204.0525
			-190.7894
			-290.9181
			-197.0525
			201.7894
			298.9181
	==================================================================================
	Q4:
		Shape: Ellipse
		q_c:	192.0	76.5	361.0
		ub :	198.5619	80.294	368.7189
		lb :	185.4381	72.706	353.2811
		P^-1:
			0.0697	-0.0091	0.0268
			-0.0091	0.155	-0.0187
			0.0268	-0.0187	0.0407
	==================================================================================
	Q5:
		Shape: Ellipse
		q_c:	194.5	54.0	372.5
		ub :	201.2095	60.5054	379.2004
		lb :	187.7905	47.4946	365.7996
		P^-1:
			0.0781	-0.0298	-0.0025
			-0.0298	0.0818	-0.0139
			-0.0025	-0.0139	0.0537
	==================================================================================
	Q6:
		Shape: Ellipse
		q_c:	189.0	51.5	368.0
		ub :	194.3243	61.0496	377.482
		lb :	183.6757	41.9504	358.518
		P^-1:
			0.3291	0.1251	0.14
			0.1251	0.0704	0.0599
			0.14	0.0599	0.0863


===========================================================================================
===========================================================================================
S11:
	q_c:	248.0	259.0	252.5
	ub :	264.7013	280.9483	274.652
	lb :	223.1084	242.1516	234.3819

	==================================================================================
	Q1:
		Shape: Ellipse
		q_c:	232.5	270.5	246.0
		ub :	241.8916	280.9483	254.3517
		lb :	223.1084	260.0517	237.6483
		P^-1:
			0.0294	0.0063	-0.0015
			0.0063	0.022	0.0026
			-0.0015	0.0026	0.0324
	==================================================================================
	Q2:
		Shape: Ellipse
		q_c:	254.5	255.0	259.0
		ub :	264.7013	265.535	269.7743
		lb :	244.2987	244.465	248.2257
		P^-1:
			0.0274	0.0029	0.0053
			0.0029	0.023	0.0005
			0.0053	0.0005	0.0267
	==================================================================================
	Q3:
		Shape: Polyhedra
		q_c:	250.0	246.5	243.0
		ub :	253.582	250.8484	251.6181
		lb :	246.418	242.1516	234.3819
		A:
			0.3809	-0.9178	-0.1122
			-0.4297	-0.4881	0.7597
			0.3083	0.9279	0.2097
			0.6814	0.5421	-0.4918
			-0.5705	0.7276	-0.381
			0.9095	-0.2688	0.3172
			0.124	0.2354	0.964
			0.9913	0.0144	-0.131
			-0.0447	0.9718	-0.2315
			-0.124	-0.2354	-0.964
			-0.9913	-0.0144	0.131
			0.0447	-0.9718	0.2315
		b:
			-155.0047
			-38.1623
			361.0476
			187.6711
			-52.6391
			241.8751
			331.2586
			222.0322
			174.6068
			-315.2586
			-217.0322
			-169.6068
	==================================================================================
	Q4:
		Shape: Ellipse
		q_c:	244.0	259.0	251.0
		ub :	251.8458	266.5879	259.24
		lb :	236.1542	251.4121	242.76
		P^-1:
			0.0516	0.0031	-0.0127
			0.0031	0.0365	0.002
			-0.0127	0.002	0.0474
	==================================================================================
	Q5:
		Shape: Polyhedra
		q_c:	254.0	261.0	253.5
		ub :	264.1583	270.1964	262.0105
		lb :	243.8417	251.8036	244.9895
		A:
			-0.8488	-0.5077	-0.1475
			-0.1208	-0.1727	-0.9775
			-0.7389	0.521	-0.4274
			-0.9859	0.1429	0.087
			-0.5605	0.5962	-0.5749
			0.7887	-0.2092	-0.5781
			0.3551	0.0391	0.934
			-0.825	-0.4568	0.3328
			0.4397	-0.8887	-0.13
			-0.3551	-0.0391	-0.934
			0.825	0.4568	-0.3328
			-0.4397	0.8887	0.13
		b:
			-379.4815
			-317.5202
			-153.4936
			-184.7317
			-125.9716
			5.5515
			343.1665
			-238.4248
			-146.2139
			-331.1665
			250.4248
			160.2139
	==================================================================================
	Q6:
		Shape: Ellipse
		q_c:	252.0	270.0	266.5
		ub :	256.709	278.7746	274.652
		lb :	247.291	261.2254	258.348
		P^-1:
			0.1908	0.0416	0.0849
			0.0416	0.0378	0.0325
			0.0849	0.0325	0.0818


===========================================================================================
===========================================================================================
