3D_30_6_6_e                l = 3

===========================================================================================
===========================================================================================
S1:
	q_c:	216.0	358.0	296.5
	ub :	239.9885	379.6329	322.0163
	lb :	191.0972	329.6567	274.6432

	==================================================================================
	Q1:
		Shape: Ellipse
		q_c:	230.5	372.5	297.0
		ub :	239.9885	379.6329	307.3926
		lb :	221.0115	365.3671	286.6074
		P^-1:
			0.1582	0.1825	0.0829
			0.1825	0.255	0.1078
			0.0829	0.1078	0.0667
	==================================================================================
	Q2:
		Shape: Polyhedra
		q_c:	211.5	342.0	310.0
		ub :	225.1108	354.3433	322.0163
		lb :	197.8892	329.6567	297.9837
		A:
			0.6353	-0.6994	0.3274
			0.6777	0.0704	0.7319
			0.5394	0.4599	0.7054
			-0.546	-0.8086	-0.2193
			0.4018	0.7864	-0.4692
			-0.2515	-0.8464	-0.4694
			0.6648	0.3303	0.67
			0.6561	0.1708	-0.7351
			-0.3572	0.9283	-0.1031
			-0.6648	-0.3303	-0.67
			-0.6561	-0.1708	0.7351
			0.3572	-0.9283	0.1031
		b:
			5.6523
			400.1991
			495.7187
			-452.5678
			218.1075
			-480.7342
			466.7728
			-20.7185
			219.4525
			-455.7728
			40.7185
			-200.4525
	==================================================================================
	Q3:
		Shape: Polyhedra
		q_c:	204.5	340.0	288.0
		ub :	217.9028	345.533	301.3568
		lb :	191.0972	334.467	274.6432
		A:
			0.3629	-0.917	0.1659
			-0.2367	-0.9328	0.2718
			0.2847	-0.9471	0.1479
			0.1426	-0.9739	0.1767
			-0.2512	-0.8042	0.5387
			0.6285	-0.7724	0.0918
			0.7579	0.0604	0.6496
			-0.6482	0.183	0.7392
			-0.0742	-0.9813	0.1779
			-0.7579	-0.0604	-0.6496
			0.6482	-0.183	-0.7392
			0.0742	0.9813	-0.1779
		b:
			-184.6008
			-283.4774
			-216.5302
			-247.1057
			-164.9347
			-100.7276
			373.1154
			150.553
			-294.0785
			-352.1154
			-134.553
			301.0785
	==================================================================================
	Q4:
		Shape: Hybrid
		q_c:	218.5	342.5	298.0
		ub :	230.1134	351.4981	311.432
		lb :	206.8866	333.5019	284.568
		P^-1:
			0.0091	0.0006	0.0
			0.0006	0.023	0.0032
			0.0	0.0032	0.0083
		A:
			0.4137	0.8914	-0.1852
			-0.4468	-0.7846	0.4299
			-0.2284	-0.9505	0.2106
			-0.7051	-0.3311	-0.627
			0.6543	-0.3939	-0.6455
			0.0907	0.7895	0.607
		b:
			345.2368
			-232.3063
			-308.2664
			-447.4732
			-177.5934
			475.5645
	==================================================================================
	Q5:
		Shape: Hybrid
		q_c:	209.5	355.0	286.0
		ub :	219.2945	360.8188	295.0946
		lb :	199.7055	349.1812	276.9054
		P^-1:
			0.0218	-0.0202	0.0083
			-0.0202	0.7547	-0.4241
			0.0083	-0.4241	0.2649
		A:
			0.1228	-0.9119	0.3917
			-0.0672	0.8891	-0.4527
			0.4477	0.6529	-0.611
			-0.4244	0.7414	-0.5199
			-0.3653	-0.4945	0.7887
			0.0241	0.8419	-0.5392
		b:
			-185.0613
			172.6622
			153.7844
			28.1609
			-23.1455
			150.2807
	==================================================================================
	Q6:
		Shape: Ellipse
		q_c:	217.5	354.5	290.5
		ub :	231.292	367.4978	301.8992
		lb :	203.708	341.5022	279.1008
		P^-1:
			0.0159	0.0002	-0.0016
			0.0002	0.0158	-0.0011
			-0.0016	-0.0011	0.0155


===========================================================================================
===========================================================================================
S2:
	q_c:	293.5	284.5	195.5
	ub :	310.2604	298.9633	211.7726
	lb :	276.2763	269.7132	184.8697

	==================================================================================
	Q1:
		Shape: Ellipse
		q_c:	284.5	281.0	193.0
		ub :	292.7237	289.6437	199.9937
		lb :	276.2763	272.3563	186.0063
		P^-1:
			0.0384	0.0015	0.0042
			0.0015	0.0388	-0.0058
			0.0042	-0.0058	0.0452
	==================================================================================
	Q2:
		Shape: Hybrid
		q_c:	285.5	287.5	190.5
		ub :	290.4915	291.5816	196.1303
		lb :	280.5085	283.4184	184.8697
		P^-1:
			0.1849	-0.0327	-0.0915
			-0.0327	0.2336	-0.0459
			-0.0915	-0.0459	0.1215
		A:
			-0.1353	-0.8107	0.5696
			0.7104	0.0593	-0.7013
			-0.9192	-0.0598	0.3893
			0.8863	-0.0633	-0.4587
			-0.5325	-0.6901	-0.4902
			0.5271	0.8258	-0.2005
		b:
			-162.0789
			87.3518
			-204.2021
			148.537
			-440.324
			351.3271
	==================================================================================
	Q3:
		Shape: Hybrid
		q_c:	296.5	277.5	193.5
		ub :	301.1178	282.5371	196.9399
		lb :	291.8822	272.4629	190.0601
		P^-1:
			0.1176	0.0105	-0.0422
			0.0105	0.0719	0.024
			-0.0422	0.024	0.2342
		A:
			-0.4391	0.1143	-0.8911
			-0.9544	-0.0815	0.2871
			-0.1608	0.0563	-0.9854
			-0.6815	-0.3155	0.6603
			-0.1004	0.5031	0.8584
			0.5654	-0.0815	-0.8208
		b:
			-269.0874
			-248.2652
			-221.3099
			-160.3733
			277.3327
			-12.6416
	==================================================================================
	Q4:
		Shape: Hybrid
		q_c:	305.0	275.5	192.0
		ub :	310.2604	281.2868	197.9834
		lb :	299.7396	269.7132	186.0166
		P^-1:
			0.0992	0.0037	-0.0164
			0.0037	0.0555	0.0126
			-0.0164	0.0126	0.0874
		A:
			-0.4564	0.6674	0.5885
			0.9178	-0.2364	0.3189
			-0.5322	-0.3111	0.7874
			0.2525	0.4774	-0.8416
			-0.2723	-0.9433	-0.1899
			-0.7298	-0.387	-0.5636
		b:
			159.6114
			278.2018
			-94.934
			49.2951
			-376.8356
			-435.4348
	==================================================================================
	Q5:
		Shape: Ellipse
		q_c:	292.0	292.5	203.5
		ub :	298.6937	298.9633	209.4493
		lb :	285.3063	286.0367	197.5507
		P^-1:
			0.0694	0.0264	0.0008
			0.0264	0.0737	-0.0216
			0.0008	-0.0216	0.0897
	==================================================================================
	Q6:
		Shape: Ellipse
		q_c:	294.0	281.0	205.0
		ub :	298.0171	289.0057	211.7726
		lb :	289.9829	272.9943	198.2274
		P^-1:
			3.2522	0.5538	-1.4487
			0.5538	0.1345	-0.2163
			-1.4487	-0.2163	0.7127


===========================================================================================
===========================================================================================
S3:
	q_c:	117.0	276.0	104.5
	ub :	130.0323	278.9601	128.5364
	lb :	89.0608	255.3521	80.7834

	==================================================================================
	Q1:
		Shape: Hybrid
		q_c:	105.0	269.5	120.5
		ub :	113.4218	277.9623	128.5364
		lb :	96.5782	261.0377	112.4636
		P^-1:
			0.0337	-0.0008	0.0029
			-0.0008	0.029	0.0027
			0.0029	0.0027	0.0382
		A:
			0.6716	-0.2375	0.7018
			-0.4555	-0.2207	0.8625
			0.8742	0.4756	-0.0981
			-0.1787	0.8907	0.418
			0.7869	-0.3675	0.4957
			0.8158	-0.5247	0.2432
		b:
			93.7719
			-0.3323
			211.3499
			274.7384
			46.1402
			-23.4592
	==================================================================================
	Q2:
		Shape: Ellipse
		q_c:	116.5	267.0	109.5
		ub :	124.1202	275.942	117.7591
		lb :	108.8798	258.058	101.2409
		P^-1:
			0.0371	-0.0029	-0.0017
			-0.0029	0.037	-0.0018
			-0.0017	-0.0018	0.0389
	==================================================================================
	Q3:
		Shape: Ellipse
		q_c:	98.0	270.0	108.5
		ub :	106.9392	278.9601	117.0193
		lb :	89.0608	261.0399	99.9807
		P^-1:
			0.0378	-0.0028	-0.0038
			-0.0028	0.0365	-0.0048
			-0.0038	-0.0048	0.0335
	==================================================================================
	Q4:
		Shape: Polyhedra
		q_c:	123.0	263.0	120.0
		ub :	130.0323	270.6479	125.6278
		lb :	115.9677	255.3521	114.3722
		A:
			-0.8779	0.4709	0.0866
			0.7362	0.4831	-0.4739
			-0.4887	0.4325	0.7577
			0.7323	0.3162	-0.6031
			-0.1989	-0.2509	0.9474
			-0.3686	-0.8157	0.4459
			0.4713	0.8017	0.3675
			0.8782	-0.4651	-0.1117
			0.0813	0.3754	-0.9233
			-0.4713	-0.8017	-0.3675
			-0.8782	0.4651	0.1117
			-0.0813	-0.3754	0.9233
		b:
			31.2518
			165.1159
			149.1276
			105.1044
			26.8007
			-202.1154
			317.9323
			-22.6984
			1.4503
			-307.9323
			32.6984
			5.5497
	==================================================================================
	Q5:
		Shape: Ellipse
		q_c:	107.5	267.5	97.5
		ub :	113.7461	275.8719	102.9125
		lb :	101.2539	259.1281	92.0875
		P^-1:
			0.0974	-0.0276	0.0247
			-0.0276	0.0557	0.0473
			0.0247	0.0473	0.1359
	==================================================================================
	Q6:
		Shape: Ellipse
		q_c:	106.0	265.5	91.0
		ub :	115.4052	275.0668	101.2166
		lb :	96.5948	255.9332	80.7834
		P^-1:
			0.0196	0.0022	0.0032
			0.0022	0.0305	-0.0034
			0.0032	-0.0034	0.0286


===========================================================================================
===========================================================================================
S4:
	q_c:	125.5	196.5	196.0
	ub :	133.3747	200.1224	200.6124
	lb :	118.9155	191.0394	189.6849

	==================================================================================
	Q1:
		Shape: Hybrid
		q_c:	122.0	197.0	198.0
		ub :	124.9684	200.1224	200.6124
		lb :	119.0316	193.8776	195.3876
		P^-1:
			0.2758	0.1362	0.0306
			0.1362	0.3273	0.0118
			0.0306	0.0118	0.2513
		A:
			0.5006	-0.4556	0.7361
			-0.8528	-0.2316	0.4682
			-0.0999	-0.8691	0.4844
			-0.2506	0.878	-0.4078
			-0.3063	-0.9184	-0.2504
			-0.0208	-0.6795	0.7334
		b:
			118.4577
			-55.6983
			-86.3371
			63.0666
			-266.9528
			10.035
	==================================================================================
	Q2:
		Shape: Hybrid
		q_c:	121.5	194.0	193.0
		ub :	124.0845	196.9606	195.7974
		lb :	118.9155	191.0394	190.2026
		P^-1:
			0.2736	0.036	-0.0523
			0.036	0.305	-0.0798
			-0.0523	-0.0798	0.3659
		A:
			0.1658	-0.3195	0.933
			-0.3339	0.9323	0.1391
			-0.8023	-0.5398	-0.2548
			0.914	0.3068	0.2655
			-0.0879	0.277	-0.9568
			-0.7323	0.1457	0.6652
		b:
			139.1376
			168.3597
			-250.1965
			223.0258
			-140.7021
			68.7125
	==================================================================================
	Q3:
		Shape: Polyhedra
		q_c:	125.0	194.0	191.5
		ub :	127.6721	196.3166	193.3151
		lb :	122.3279	191.6834	189.6849
		A:
			-0.9137	0.3516	-0.2038
			0.3946	0.7655	0.5082
			0.5685	0.5379	0.6224
			0.6482	0.7496	-0.1342
			-0.3838	-0.5215	-0.7621
			-0.6198	-0.4978	-0.6067
			0.5581	0.7339	0.3872
			0.7663	-0.6348	0.0986
			0.3181	0.2417	-0.9167
			-0.5581	-0.7339	-0.3872
			-0.7663	0.6348	-0.0986
			-0.3181	-0.2417	0.9167
		b:
			-82.6647
			295.7953
			295.3474
			201.6094
			-294.266
			-289.4164
			286.7834
			-5.9919
			-87.3984
			-285.7834
			10.9919
			90.3984
	==================================================================================
	Q4:
		Shape: Hybrid
		q_c:	130.0	196.5	196.5
		ub :	133.3747	199.119	199.9965
		lb :	126.6253	193.881	193.0035
		P^-1:
			0.2476	0.0787	-0.0159
			0.0787	0.3899	0.0785
			-0.0159	0.0785	0.2169
		A:
			-0.0965	0.9703	-0.2219
			-0.4805	-0.1915	0.8558
			-0.3435	0.3723	0.8622
			0.4416	-0.792	-0.4216
			-0.3846	-0.9202	0.0723
			-0.0183	0.537	0.8434
		b:
			135.7333
			69.4408
			199.1327
			-179.9921
			-215.7557
			269.9625
	==================================================================================
	Q5:
		Shape: Polyhedra
		q_c:	127.0	194.5	196.0
		ub :	129.9789	197.5698	198.3166
		lb :	124.0211	191.4302	193.6834
		A:
			0.1164	-0.2418	0.9633
			0.3145	0.5188	0.795
			-0.9142	-0.3798	-0.1412
			0.3286	0.1038	-0.9388
			-0.3937	-0.6217	0.6771
			-0.6384	-0.4842	0.5982
			0.3556	0.9146	0.1926
			0.8407	-0.223	-0.4934
			-0.4083	0.3374	-0.8482
			-0.3556	-0.9146	-0.1926
			-0.8407	0.223	0.4934
			0.4083	-0.3374	0.8482
		b:
			157.7202
			298.6686
			-215.4769
			-120.4817
			-36.3242
			-55.9645
			263.3038
			-31.3152
			-151.4688
			-258.3038
			35.3152
			153.4688
	==================================================================================
	Q6:
		Shape: Polyhedra
		q_c:	124.0	197.5	195.5
		ub :	126.7551	199.8595	198.8409
		lb :	121.2449	195.1405	192.1591
		A:
			-0.9547	0.0303	0.2961
			0.6542	0.5515	0.5175
			-0.8975	0.2878	-0.3343
			-0.9133	-0.3943	0.1025
			-0.9784	0.1356	-0.1562
			0.6827	0.7272	-0.0711
			0.8345	0.4748	0.2797
			-0.2575	-0.1127	0.9597
			0.4871	-0.8729	0.0282
			-0.8345	-0.4748	-0.2797
			0.2575	0.1127	-0.9597
			-0.4871	0.8729	-0.0282
		b:
			-52.4725
			292.8754
			-118.2676
			-169.2912
			-123.5584
			216.1132
			253.4242
			136.425
			-104.9635
			-250.4242
			-130.425
			107.9635


===========================================================================================
===========================================================================================
S5:
	q_c:	376.0	407.0	320.0
	ub :	390.3053	426.1061	338.2219
	lb :	363.6117	389.2014	307.2088

	==================================================================================
	Q1:
		Shape: Ellipse
		q_c:	383.0	408.0	313.5
		ub :	390.3053	415.0956	319.7912
		lb :	375.6947	400.9044	307.2088
		P^-1:
			0.0421	0.0034	0.0068
			0.0034	0.0347	0.0054
			0.0068	0.0054	0.0587
	==================================================================================
	Q2:
		Shape: Hybrid
		q_c:	373.0	404.5	311.0
		ub :	375.8395	407.4328	314.1749
		lb :	370.1605	401.5672	307.8251
		P^-1:
			0.7069	0.0525	0.4136
			0.0525	0.1648	0.044
			0.4136	0.044	0.3994
		A:
			-0.4607	0.5496	0.697
			-0.1466	0.6335	-0.7598
			-0.0438	0.5006	0.8646
			-0.7225	-0.081	-0.6866
			-0.0933	-0.9524	0.2902
			0.9395	0.1865	0.2872
		b:
			269.535
			-32.7708
			457.0169
			-515.206
			-327.729
			516.0695
	==================================================================================
	Q3:
		Shape: Hybrid
		q_c:	376.0	394.5	334.0
		ub :	379.6983	399.7986	338.2219
		lb :	372.3017	389.2014	329.7781
		P^-1:
			0.2332	0.0469	-0.0299
			0.0469	0.1195	0.0834
			-0.0299	0.0834	0.1967
		A:
			-0.6204	0.727	0.2942
			0.0368	-0.3402	-0.9396
			-0.6592	-0.1614	0.7344
			-0.2074	0.6508	-0.7304
			-0.0218	0.9171	0.398
			0.7656	0.0043	-0.6433
		b:
			153.9559
			-433.031
			-64.8923
			-61.8183
			488.5193
			75.7382
	==================================================================================
	Q4:
		Shape: Ellipse
		q_c:	375.0	405.0	321.5
		ub :	382.3179	413.4992	330.2769
		lb :	367.6821	396.5008	312.7231
		P^-1:
			0.0412	-0.0112	0.0071
			-0.0112	0.0455	-0.0125
			0.0071	-0.0125	0.0366
	==================================================================================
	Q5:
		Shape: Polyhedra
		q_c:	369.5	419.5	315.5
		ub :	375.3883	426.1061	320.8918
		lb :	363.6117	412.8939	310.1082
		A:
			0.1196	-0.8832	-0.4536
			-0.5394	0.2182	-0.8133
			-0.9112	0.2057	-0.3568
			-0.6991	-0.2284	0.6775
			0.8481	0.1632	0.5041
			0.1439	0.2208	0.9647
			0.7675	0.5573	0.3168
			-0.101	-0.3829	0.9183
			0.633	-0.7368	-0.2376
			-0.7675	-0.5573	-0.3168
			0.101	0.3829	-0.9183
			-0.633	0.7368	0.2376
		b:
			-465.1582
			-360.7382
			-359.0403
			-136.6531
			544.4833
			453.7294
			620.819
			95.2915
			-145.6409
			-613.819
			-88.2915
			154.6409
	==================================================================================
	Q6:
		Shape: Hybrid
		q_c:	371.0	409.0	322.0
		ub :	375.7422	414.4823	328.8916
		lb :	366.2578	403.5177	315.1084
		P^-1:
			0.2	0.0369	-0.085
			0.0369	0.1012	0.0161
			-0.085	0.0161	0.0877
		A:
			-0.7594	-0.6443	0.0902
			-0.5955	0.7481	0.2926
			-0.3767	0.1356	0.9163
			0.1461	-0.9569	-0.251
			-0.0422	0.4064	0.9127
			0.5672	-0.4748	-0.6729
		b:
			-514.8535
			181.5929
			213.3271
			-415.6713
			447.4337
			-198.8687


===========================================================================================
===========================================================================================
S6:
	q_c:	96.5	197.5	320.5
	ub :	109.8149	213.3299	337.5151
	lb :	77.6283	186.3032	307.8793

	==================================================================================
	Q1:
		Shape: Polyhedra
		q_c:	86.0	201.0	321.5
		ub :	93.9504	207.9924	328.4721
		lb :	78.0496	194.0076	314.5279
		A:
			-0.5737	-0.7526	-0.3232
			0.4781	0.4804	-0.7353
			0.0882	0.6737	0.7337
			0.3809	0.382	-0.842
			0.4829	-0.0449	0.8745
			-0.9617	0.1135	-0.2497
			0.7764	0.5962	0.2043
			0.4959	-0.778	0.3856
			0.3888	-0.1981	-0.8998
			-0.7764	-0.5962	-0.2043
			-0.4959	0.778	-0.3856
			-0.3888	0.1981	0.8998
		b:
			-299.0875
			-93.8073
			384.039
			-156.3528
			318.326
			-135.458
			257.7864
			13.7356
			-290.6452
			-246.7864
			-6.7356
			300.6452
	==================================================================================
	Q2:
		Shape: Hybrid
		q_c:	104.0	198.0	328.0
		ub :	109.8149	203.0683	333.9984
		lb :	98.1851	192.9317	322.0016
		P^-1:
			0.0612	0.0046	0.0155
			0.0046	0.1328	-0.0411
			0.0155	-0.0411	0.0971
		A:
			0.6001	-0.0645	0.7974
			0.6251	0.6968	-0.3518
			0.2382	0.0961	0.9664
			0.0554	0.9902	0.1283
			-0.0086	-0.9774	-0.2113
			-0.0605	-0.7602	-0.6469
		b:
			313.1875
			89.6259
			362.9982
			245.7542
			-261.715
			-366.5046
	==================================================================================
	Q3:
		Shape: Hybrid
		q_c:	89.0	193.5	315.5
		ub :	96.3954	200.6968	323.1207
		lb :	81.6046	186.3032	307.8793
		P^-1:
			0.0643	0.0159	0.0155
			0.0159	0.0657	-0.0085
			0.0155	-0.0085	0.0419
		A:
			0.413	0.81	-0.4163
			0.4582	-0.4038	0.7919
			-0.5936	-0.7706	0.2321
			0.9807	0.0453	0.1903
			-0.7812	-0.2243	-0.5825
			0.5199	-0.8542	0.0023
		b:
			64.2253
			214.846
			-126.7936
			158.3027
			-294.7304
			-115.2837
	==================================================================================
	Q4:
		Shape: Polyhedra
		q_c:	89.5	198.5	330.5
		ub :	95.8731	203.1011	336.7186
		lb :	83.1269	193.8989	324.2814
		A:
			0.317	0.9455	0.074
			-0.0202	-0.1568	0.9874
			-0.0969	0.3211	-0.9421
			0.2069	0.4399	0.8739
			-0.5207	-0.5633	0.6415
			0.4505	0.8435	-0.2926
			0.4843	0.5587	0.6733
			-0.2359	0.8244	-0.5145
			-0.8425	0.0903	0.5311
			-0.4843	-0.5587	-0.6733
			0.2359	-0.8244	0.5145
			0.8425	-0.0903	-0.5311
		b:
			243.5588
			297.0813
			-252.9148
			397.935
			57.7969
			114.5587
			379.7612
			-24.4942
			123.0584
			-373.7612
			30.4942
			-113.0584
	==================================================================================
	Q5:
		Shape: Ellipse
		q_c:	93.0	206.0	332.0
		ub :	100.1254	213.3299	337.5151
		lb :	85.8746	198.6701	326.4849
		P^-1:
			0.0628	0.021	0.0088
			0.021	0.0479	0.0059
			0.0088	0.0059	0.0534
	==================================================================================
	Q6:
		Shape: Ellipse
		q_c:	83.5	202.0	324.5
		ub :	89.3717	206.3038	330.4809
		lb :	77.6283	197.6962	318.5191
		P^-1:
			0.1182	-0.0849	0.0245
			-0.0849	0.1853	-0.0275
			0.0245	-0.0275	0.0584


===========================================================================================
===========================================================================================
