3D_30_15_6_b                l = 3

===========================================================================================
===========================================================================================
S1:
	q_c:    164.0000    463.0000    67.5000
	ub :    173.0000    473.0000    91.0000
	lb :    155.0000    453.0000    44.0000

	==================================================================================
	Q1:
		Shape: Ellipse
		q_c:    167.5000    459.0000    71.0000
		ub :    173.8013    464.6222    77.1179
		lb :    161.1987    453.3778    64.8821
		P^-1: 
			    0.0595    0.0106    -0.0202
			    0.0106    0.0605    -0.0212
			    -0.0202    -0.0212    0.0899
	==================================================================================
	Q2:
		Shape: Polyhedra
		q_c:    156.0000    463.0000    70.5000
		ub :    163.6246    471.2681    75.9131
		lb :    148.3754    454.7319    65.0869
		A:
			    0.0579    -0.7317    0.6791
			    0.1012    -0.1527    0.9831
			    0.2665    -0.9481    -0.1735
			    -0.9072    0.4048    -0.1141
			    -0.7503    0.0688    -0.6575
			    -0.0931    -0.4752    -0.8750
			    0.4977    0.8595    0.1167
			    -0.0800    0.1795    -0.9805
			    -0.8636    0.4786    0.1581
			    -0.4977    -0.8595    -0.1167
			    0.0800    -0.1795    0.9805
			    0.8636    -0.4786    -0.1581
		b:
			    -277.1720
			    18.3811
			    -404.1068
			    42.8151
			    -126.8626
			    -291.4230
			    489.8004
			    5.5102
			    103.0314
			    -477.8004
			    2.4898
			    -93.0314
	==================================================================================
	Q3:
		Shape: Hybrid
		q_c:    157.0000    456.0000    68.5000
		ub :    162.5334    459.2494    73.8754
		lb :    151.4666    452.7506    63.1246
		P^-1: 
			    0.1920    0.3013    -0.1177
			    0.3013    0.7635    -0.2739
			    -0.1177    -0.2739    0.1696
		A:
			    -0.3027    -0.8504    0.4302
			    -0.3810    -0.8889    0.2544
			    0.5058    0.5671    -0.6501
			    0.0202    -0.8900    0.4556
			    -0.8799    -0.1721    0.4428
			    -0.6626    -0.6687    0.3374
		b:
			    -405.2603
			    -447.1748
			    294.9531
			    -370.0903
			    -183.6182
			    -384.6536
	==================================================================================
	Q4:
		Shape: Hybrid
		q_c:    169.0000    456.0000    76.5000
		ub :    173.1950    462.3213    83.1819
		lb :    164.8050    449.6787    69.8181
		P^-1: 
			    0.2234    -0.0046    -0.0679
			    -0.0046    0.0525    -0.0102
			    -0.0679    -0.0102    0.0766
		A:
			    0.8777    -0.3365    -0.3412
			    -0.6731    0.7281    0.1297
			    0.9953    0.0615    -0.0751
			    -0.8251    0.4162    0.3821
			    0.7117    -0.4648    -0.5268
			    0.3903    0.2552    0.8846
		b:
			    -29.8026
			    230.6532
			    191.8990
			    81.2090
			    -129.9230
			    253.7929
	==================================================================================
	Q5:
		Shape: Polyhedra
		q_c:    158.0000    462.0000    78.5000
		ub :    162.5669    465.7126    81.6786
		lb :    153.4331    458.2874    75.3214
		A:
			    0.5070    0.5006    -0.7017
			    0.2479    0.9392    0.2374
			    0.3701    0.7159    0.5920
			    -0.2394    -0.9582    0.1568
			    0.2846    0.8108    -0.5115
			    -0.2977    -0.6658    -0.6842
			    0.2303    0.6343    0.7380
			    0.1223    0.7335    -0.6686
			    -0.9654    0.2443    0.0914
			    -0.2303    -0.6343    -0.7380
			    -0.1223    -0.7335    0.6686
			    0.9654    -0.2443    -0.0914
		b:
			    258.8054
			    493.7360
			    437.7429
			    -466.1862
			    381.4398
			    -406.3207
			    389.3520
			    307.7316
			    -28.5094
			    -385.3520
			    -303.7316
			    36.5094
	==================================================================================
	Q6:
		Shape: Hybrid
		q_c:    169.0000    453.5000    59.0000
		ub :    172.9826    458.4641    63.8508
		lb :    165.0174    448.5359    54.1492
		P^-1: 
			    0.0822    0.0026    0.0033
			    0.0026    0.0930    0.0141
			    0.0033    0.0141    0.0992
		A:
			    -0.3295    0.5960    0.7323
			    -0.9797    -0.0758    -0.1855
			    0.4893    0.6440    0.5880
			    0.8525    0.1584    -0.4981
			    -0.5450    -0.0421    -0.8374
			    -0.2045    0.9255    -0.3188
		b:
			    259.4123
			    -208.9283
			    411.0414
			    188.5226
			    -158.8684
			    368.2914


===========================================================================================
===========================================================================================
S2:
	q_c:    430.0000    424.0000    63.0000
	ub :    445.0000    450.0000    82.0000
	lb :    415.0000    398.0000    44.0000

	==================================================================================
	Q1:
		Shape: Polyhedra
		q_c:    430.0000    415.0000    59.5000
		ub :    436.8881    422.5343    65.0416
		lb :    423.1119    407.4657    53.9584
		A:
			    -0.2037    0.2954    0.9334
			    0.8794    -0.4484    0.1602
			    -0.9289    0.3641    0.0681
			    -0.2505    -0.9576    -0.1423
			    0.8445    -0.0516    -0.5330
			    0.7401    -0.5779    -0.3440
			    0.6172    0.7652    0.1832
			    0.7354    -0.4784    -0.4799
			    -0.2796    0.4309    -0.8580
			    -0.6172    -0.7652    -0.1832
			    -0.7354    0.4784    0.4799
			    0.2796    -0.4309    0.8580
		b:
			    94.0234
			    204.9621
			    -240.8719
			    -507.9709
			    313.6504
			    60.9778
			    599.8505
			    92.1614
			    11.0536
			    -587.8505
			    -86.1614
			    -4.0536
	==================================================================================
	Q2:
		Shape: Polyhedra
		q_c:    418.5000    428.0000    51.5000
		ub :    425.1967    434.8339    58.7463
		lb :    411.8033    421.1661    44.2537
		A:
			    -0.9214    0.3853    0.0511
			    -0.4122    -0.7399    -0.5317
			    -0.7336    -0.3031    -0.6082
			    0.5884    -0.7933    -0.1564
			    0.8106    0.3068    0.4987
			    0.3691    0.8241    -0.4296
			    0.3364    0.9278    0.1615
			    0.9387    -0.3441    0.0213
			    0.0753    0.1444    -0.9866
			    -0.3364    -0.9278    -0.1615
			    -0.9387    0.3441    -0.0213
			    -0.0753    -0.1444    0.9866
		b:
			    -213.0449
			    -511.6825
			    -462.8286
			    -96.4858
			    501.3269
			    490.3172
			    550.6818
			    251.6920
			    49.0088
			    -541.6818
			    -241.6920
			    -36.0088
	==================================================================================
	Q3:
		Shape: Hybrid
		q_c:    442.5000    429.0000    54.0000
		ub :    451.5545    438.3568    61.4889
		lb :    433.4455    419.6432    46.5111
		P^-1: 
			    0.0210    0.0100    -0.0195
			    0.0100    0.0356    -0.0354
			    -0.0195    -0.0354    0.0879
		A:
			    -0.3552    0.5491    -0.7565
			    0.1491    -0.7044    0.6940
			    -0.3105    0.7169    0.6243
			    0.2724    -0.6809    -0.6799
			    0.0442    -0.0380    -0.9983
			    -0.4385    0.7346    0.5178
		b:
			    41.2885
			    -195.6432
			    209.6089
			    -202.6312
			    -47.5453
			    154.9788
	==================================================================================
	Q4:
		Shape: Hybrid
		q_c:    432.0000    419.5000    70.0000
		ub :    440.1282    430.1140    82.0392
		lb :    423.8718    408.8860    57.9608
		P^-1: 
			    0.0359    -0.0080    -0.0005
			    -0.0080    0.0239    0.0029
			    -0.0005    0.0029    0.0097
		A:
			    -0.9769    -0.0778    0.1991
			    0.6387    -0.6260    -0.4473
			    -0.8472    -0.5277    0.0620
			    0.9996    -0.0061    -0.0290
			    -0.4140    -0.7831    -0.4641
			    -0.5743    -0.6020    -0.5548
		b:
			    -437.2160
			    -14.3943
			    -578.7584
			    430.2267
			    -535.0531
			    -534.4320
	==================================================================================
	Q5:
		Shape: Hybrid
		q_c:    419.5000    432.5000    65.5000
		ub :    431.4690    438.0152    74.9249
		lb :    407.5310    426.9848    56.0751
		P^-1: 
			    0.0119    -0.0008    0.0078
			    -0.0008    0.0488    -0.0029
			    0.0078    -0.0029    0.0308
		A:
			    0.7365    -0.3320    0.5893
			    0.5258    -0.5963    0.6066
			    -0.3474    -0.3410    0.8735
			    0.1030    -0.3507    0.9308
			    0.2193    -0.3191    0.9220
			    0.9891    -0.0990    -0.1090
		b:
			    208.6597
			    5.8232
			    -230.5581
			    -44.1384
			    17.4941
			    372.9546
	==================================================================================
	Q6:
		Shape: Polyhedra
		q_c:    424.0000    412.0000    75.5000
		ub :    434.6420    422.7169    86.2328
		lb :    413.3580    401.2831    64.7672
		A:
			    0.0144    -0.9155    0.4021
			    0.6300    -0.4865    -0.6054
			    -0.5225    0.8435    0.1243
			    0.5224    -0.0862    0.8484
			    0.4139    -0.6552    -0.6320
			    0.2458    -0.0509    -0.9680
			    0.4004    0.4356    0.8062
			    0.1845    0.8234    -0.5366
			    -0.8975    0.3636    0.2494
			    -0.4004    -0.4356    -0.8062
			    -0.1845    -0.8234    0.5366
			    0.8975    -0.3636    -0.2494
		b:
			    -334.6245
			    28.3734
			    142.4352
			    256.8899
			    -134.8544
			    16.9929
			    417.1141
			    382.9876
			    -204.4128
			    -403.1141
			    -370.9876
			    219.4128


===========================================================================================
===========================================================================================
S3:
	q_c:    52.0000    489.0000    231.5000
	ub :    63.0000    507.0000    241.0000
	lb :    41.0000    471.0000    222.0000

	==================================================================================
	Q1:
		Shape: Hybrid
		q_c:    53.5000    496.0000    234.0000
		ub :    57.5902    499.7710    237.9387
		lb :    49.4098    492.2290    230.0613
		P^-1: 
			    0.1574    0.0109    -0.0018
			    0.0109    0.1150    0.0074
			    -0.0018    0.0074    0.1588
		A:
			    -0.4901    0.4840    -0.7249
			    0.5919    0.8060    0.0019
			    0.7670    -0.3483    0.5390
			    -0.4116    -0.4810    0.7741
			    -0.7891    0.5718    -0.2244
			    0.0188    -0.7580    -0.6519
		b:
			    45.7333
			    433.3620
			    -4.1547
			    -78.0974
			    190.4727
			    -526.0742
	==================================================================================
	Q2:
		Shape: Polyhedra
		q_c:    48.5000    497.5000    233.5000
		ub :    53.4915    500.7783    239.5698
		lb :    43.5085    494.2217    227.4302
		A:
			    -0.5666    0.7759    0.2773
			    -0.3816    -0.9210    0.0778
			    -0.4656    -0.8536    0.2336
			    -0.7231    -0.1886    -0.6645
			    0.6453    0.5133    -0.5659
			    -0.5651    0.1014    -0.8188
			    0.1308    0.0497    0.9902
			    -0.1380    0.9899    -0.0314
			    -0.9818    -0.1326    0.1363
			    -0.1308    -0.0497    -0.9902
			    0.1380    -0.9899    0.0314
			    0.9818    0.1326    -0.1363
		b:
			    426.4397
			    -455.5958
			    -389.5166
			    -279.1388
			    158.6412
			    -162.9956
			    267.7604
			    480.9562
			    -77.7304
			    -256.7604
			    -475.9562
			    85.7304
	==================================================================================
	Q3:
		Shape: Hybrid
		q_c:    62.5000    499.0000    235.0000
		ub :    66.1357    502.5021    238.8520
		lb :    58.8643    495.4979    231.1480
		P^-1: 
			    0.1574    0.0017    0.0108
			    0.0017    0.1589    -0.0070
			    0.0108    -0.0070    0.1148
		A:
			    0.8044    0.4364    -0.4031
			    0.4300    -0.8995    -0.0779
			    -0.7648    0.4646    -0.4463
			    0.0723    0.9511    0.3003
			    0.0595    -0.7208    -0.6906
			    -0.4748    0.8504    0.2267
		b:
			    174.6900
			    -438.9600
			    80.4112
			    551.0291
			    -516.6724
			    449.3151
	==================================================================================
	Q4:
		Shape: Hybrid
		q_c:    51.5000    491.0000    238.0000
		ub :    56.8259    496.0300    243.7515
		lb :    46.1741    485.9700    232.2485
		P^-1: 
			    0.1010    -0.0008    -0.0140
			    -0.0008    0.0817    0.0006
			    -0.0140    0.0006    0.0917
		A:
			    -0.3215    -0.9462    0.0375
			    -0.3149    -0.9481    -0.0440
			    -0.2202    0.6068    0.7637
			    0.6756    -0.6964    -0.2421
			    -0.6058    0.6524    -0.4554
			    0.6085    0.7851    0.1155
		b:
			    -470.2129
			    -490.2215
			    470.1761
			    -363.0094
			    182.6805
			    446.2528
	==================================================================================
	Q5:
		Shape: Hybrid
		q_c:    45.0000    490.0000    239.0000
		ub :    49.4875    494.4917    241.8547
		lb :    40.5125    485.5083    236.1453
		P^-1: 
			    0.1377    0.0337    -0.0838
			    0.0337    0.1538    -0.1062
			    -0.0838    -0.1062    0.3752
		A:
			    -0.9719    0.0316    0.2333
			    0.5850    0.1680    -0.7935
			    0.0985    0.9383    -0.3316
			    -0.2905    0.3498    0.8906
			    -0.7458    -0.1204    0.6552
			    0.9043    -0.3087    -0.2949
		b:
			    29.5121
			    -79.9616
			    386.6369
			    372.7382
			    65.3762
			    -178.9782
	==================================================================================
	Q6:
		Shape: Hybrid
		q_c:    47.0000    493.0000    230.0000
		ub :    52.2656    498.1132    234.7496
		lb :    41.7344    487.8868    225.2504
		P^-1: 
			    0.1048    0.0118    0.0024
			    0.0118    0.0889    -0.0046
			    0.0024    -0.0046    0.1102
		A:
			    0.2222    -0.9253    -0.3071
			    -0.7945    0.5415    -0.2748
			    -0.1316    0.7193    -0.6821
			    0.6177    0.5573    0.5549
			    0.2038    0.5351    -0.8198
			    0.5060    0.7393    -0.4443
		b:
			    -514.4307
			    168.2172
			    193.2341
			    432.9380
			    86.3501
			    287.6383


===========================================================================================
===========================================================================================
S4:
	q_c:    348.0000    412.0000    432.0000
	ub :    359.0000    425.0000    442.0000
	lb :    337.0000    399.0000    422.0000

	==================================================================================
	Q1:
		Shape: Polyhedra
		q_c:    352.5000    418.0000    427.5000
		ub :    358.8767    424.5574    434.3238
		lb :    346.1233    411.4426    420.6762
		A:
			    -0.9833    0.0848    0.1608
			    0.2695    -0.7168    0.6431
			    -0.3304    0.9129    -0.2396
			    0.2233    0.0778    0.9716
			    -0.1105    -0.9892    0.0963
			    -0.2090    -0.9566    -0.2033
			    0.4790    0.4401    0.7595
			    -0.7819    0.6071    0.1414
			    -0.3989    -0.6616    0.6350
			    -0.4790    -0.4401    -0.7595
			    0.7819    -0.6071    -0.1414
			    0.3989    0.6616    -0.6350
		b:
			    -239.0228
			    73.8808
			    165.8763
			    531.7192
			    -407.4306
			    -555.9609
			    683.0048
			    41.6026
			    -142.2177
			    -672.0048
			    -35.6026
			    149.2177
	==================================================================================
	Q2:
		Shape: Hybrid
		q_c:    353.0000    407.5000    435.5000
		ub :    357.9832    413.5772    441.9245
		lb :    348.0168    401.4228    429.0755
		P^-1: 
			    0.0496    -0.0022    0.0014
			    -0.0022    0.0629    -0.0206
			    0.0014    -0.0206    0.0585
		A:
			    0.8455    -0.5074    -0.1662
			    -0.6446    0.3133    -0.6974
			    0.6026    0.7282    -0.3264
			    0.8153    -0.0191    0.5788
			    -0.6052    0.2749    0.7471
			    0.0930    -0.8921    -0.4423
		b:
			    22.0816
			    -401.2952
			    369.6347
			    534.7274
			    226.7045
			    -520.2345
	==================================================================================
	Q3:
		Shape: Ellipse
		q_c:    348.0000    419.0000    440.0000
		ub :    353.4114    424.8721    445.0744
		lb :    342.5886    413.1279    434.9256
		P^-1: 
			    0.1536    -0.0442    -0.0826
			    -0.0442    0.0840    0.0401
			    -0.0826    0.0401    0.1374
	==================================================================================
	Q4:
		Shape: Polyhedra
		q_c:    341.5000    418.0000    435.5000
		ub :    349.4910    425.7584    442.8816
		lb :    333.5090    410.2416    428.1184
		A:
			    -0.6110    -0.4444    0.6551
			    0.9199    0.3890    0.0498
			    0.3407    -0.7635    -0.5487
			    -0.4442    0.4084    -0.7974
			    -0.3864    -0.8003    0.4584
			    0.8670    0.1621    0.4713
			    0.4514    0.6529    0.6083
			    0.6966    0.1682    -0.6974
			    -0.5576    0.7386    -0.3789
			    -0.4514    -0.6529    -0.6083
			    -0.6966    -0.1682    0.6974
			    0.5576    -0.7386    0.3789
		b:
			    -104.9426
			    502.4147
			    -437.0166
			    -322.3860
			    -262.0375
			    573.7020
			    695.4567
			    8.4679
			    -40.2162
			    -688.4567
			    -0.4679
			    53.2162
	==================================================================================
	Q5:
		Shape: Polyhedra
		q_c:    340.5000    410.5000    437.0000
		ub :    347.1856    416.1938    442.8284
		lb :    333.8144    404.8062    431.1716
		A:
			    0.7287    0.6643    0.1661
			    -0.8938    0.4307    -0.1247
			    -0.3485    -0.1050    0.9314
			    0.2299    0.0620    -0.9712
			    0.0719    -0.4752    -0.8769
			    0.3751    0.6417    -0.6690
			    0.8943    0.2899    0.3409
			    0.1408    -0.9054    0.4005
			    0.4248    -0.3102    -0.8505
			    -0.8943    -0.2899    -0.3409
			    -0.1408    0.9054    -0.4005
			    -0.4248    0.3102    0.8505
		b:
			    598.6320
			    -177.4369
			    248.3551
			    -317.5549
			    -550.3552
			    102.3746
			    577.9793
			    -145.1963
			    -351.3675
			    -566.9793
			    152.1963
			    357.3675
	==================================================================================
	Q6:
		Shape: Hybrid
		q_c:    348.0000    417.5000    430.5000
		ub :    352.8379    420.0341    435.2626
		lb :    343.1621    414.9659    425.7374
		P^-1: 
			    0.1939    0.2911    0.0757
			    0.2911    0.8367    0.1964
			    0.0757    0.1964    0.1327
		A:
			    -0.6072    -0.7387    -0.2927
			    -0.5842    -0.7811    -0.2204
			    0.2122    0.8476    -0.4863
			    -0.2614    -0.9637    0.0542
			    -0.3865    -0.7411    -0.5490
			    -0.4404    -0.6175    -0.6518
		b:
			    -644.7704
			    -623.4616
			    220.3823
			    -469.0267
			    -679.2119
			    -690.1839


===========================================================================================
===========================================================================================
S5:
	q_c:    313.0000    120.5000    101.5000
	ub :    332.0000    154.0000    123.0000
	lb :    294.0000    87.0000    80.0000

	==================================================================================
	Q1:
		Shape: Polyhedra
		q_c:    322.5000    120.0000    87.0000
		ub :    330.2038    127.8336    94.1514
		lb :    314.7962    112.1664    79.8486
		A:
			    -0.9212    0.3879    0.0295
			    0.9297    -0.1312    -0.3441
			    -0.0922    0.3898    -0.9163
			    -0.9174    0.0163    -0.3975
			    -0.8642    0.2651    -0.4277
			    -0.5698    0.7616    0.3086
			    0.0829    0.4060    0.9101
			    -0.6396    0.7220    -0.2638
			    -0.7642    -0.5602    0.3195
			    -0.0829    -0.4060    -0.9101
			    0.6396    -0.7220    0.2638
			    0.7642    0.5602    -0.3195
		b:
			    -243.6463
			    260.1016
			    -57.9519
			    -323.5192
			    -280.2222
			    -62.2023
			    159.1322
			    -140.0717
			    -278.3976
			    -150.1322
			    145.0717
			    293.3976
	==================================================================================
	Q2:
		Shape: Polyhedra
		q_c:    295.5000    126.0000    86.5000
		ub :    305.0836    135.2148    98.9766
		lb :    285.9164    116.7852    74.0234
		A:
			    -0.7568    -0.4899    0.4326
			    -0.8686    0.2910    -0.4012
			    -0.1425    -0.9736    0.1785
			    -0.6564    0.7373    0.1595
			    0.6442    0.6228    0.4440
			    0.9013    -0.0428    0.4310
			    0.2564    0.9260    0.2771
			    0.2440    0.2154    -0.9456
			    -0.9353    0.3100    -0.1707
			    -0.2564    -0.9260    -0.2771
			    -0.2440    -0.2154    0.9456
			    0.9353    -0.3100    0.1707
		b:
			    -239.5437
			    -248.3753
			    -142.6942
			    -81.2804
			    312.9792
			    304.4191
			    221.9074
			    27.9434
			    -246.0755
			    -210.9074
			    -6.9434
			    258.0755
	==================================================================================
	Q3:
		Shape: Hybrid
		q_c:    321.0000    128.0000    99.0000
		ub :    329.8630    136.4496    108.2321
		lb :    312.1370    119.5504    89.7679
		P^-1: 
			    0.0736    0.0790    0.0655
			    0.0790    0.1241    0.0816
			    0.0655    0.0816    0.0898
		A:
			    0.5778    0.7725    0.2634
			    -0.9973    0.0710    -0.0169
			    0.2797    0.8751    0.3949
			    -0.4905    -0.8075    -0.3277
			    0.3070    0.7311    0.6093
			    -0.5653    -0.5402    -0.6233
		b:
			    312.3001
			    -306.1777
			    242.9611
			    -291.6981
			    254.1181
			    -311.0653
	==================================================================================
	Q4:
		Shape: Polyhedra
		q_c:    321.0000    139.5000    116.5000
		ub :    331.3106    151.3500    128.3828
		lb :    310.6894    127.6500    104.6172
		A:
			    0.2784    0.0929    0.9560
			    0.1619    0.6471    -0.7450
			    -0.5263    0.8432    -0.1097
			    -0.4325    0.6404    -0.6347
			    -0.6134    -0.3643    -0.7007
			    0.8018    0.3135    -0.5088
			    0.6824    0.5612    0.4683
			    0.7294    -0.4810    -0.4864
			    -0.0477    0.6736    -0.7376
			    -0.6824    -0.5612    -0.4683
			    -0.7294    0.4810    0.4864
			    0.0477    -0.6736    0.7376
		b:
			    220.0619
			    62.4909
			    -55.9551
			    -116.3124
			    -324.1196
			    249.4538
			    356.9105
			    119.3611
			    -0.2764
			    -346.9105
			    -101.3611
			    14.2764
	==================================================================================
	Q5:
		Shape: Hybrid
		q_c:    298.0000    134.5000    112.0000
		ub :    306.0368    140.2199    120.1095
		lb :    289.9632    128.7801    103.8905
		P^-1: 
			    0.0831    -0.0343    0.0582
			    -0.0343    0.0629    -0.0324
			    0.0582    -0.0324    0.0744
		A:
			    -0.7735    0.1449    -0.6171
			    0.6687    -0.4731    0.5736
			    0.4996    -0.8391    0.2151
			    0.9265    0.3587    0.1141
			    0.4207    -0.2359    0.8760
			    0.3851    -0.7752    0.5007
		b:
			    -278.5091
			    201.1385
			    62.4854
			    341.0224
			    194.0139
			    68.4945
	==================================================================================
	Q6:
		Shape: Polyhedra
		q_c:    305.0000    113.5000    114.5000
		ub :    319.4748    123.6699    129.3027
		lb :    290.5252    103.3301    99.6973
		A:
			    -0.9392    0.2996    0.1676
			    0.3364    -0.9328    0.1292
			    0.1024    -0.9695    0.2225
			    -0.9368    -0.0820    0.3401
			    0.5591    0.7424    -0.3691
			    -0.0267    -0.6481    0.7611
			    0.6478    0.3246    0.6892
			    -0.7362    0.0341    0.6759
			    0.1959    -0.9452    0.2611
			    -0.6478    -0.3246    -0.6892
			    0.7362    -0.0341    -0.6759
			    -0.1959    0.9452    -0.2611
		b:
			    -224.4201
			    18.6074
			    -46.2919
			    -246.9332
			    220.7660
			    13.2940
			    323.3346
			    -134.2732
			    -10.6558
			    -303.3346
			    152.2732
			    24.6558


===========================================================================================
===========================================================================================
S6:
	q_c:    94.0000    238.5000    83.5000
	ub :    110.0000    245.0000    110.0000
	lb :    78.0000    232.0000    57.0000

	==================================================================================
	Q1:
		Shape: Hybrid
		q_c:    90.5000    233.5000    85.0000
		ub :    94.1446    238.2062    89.9700
		lb :    86.8554    228.7938    80.0300
		P^-1: 
			    0.1599    0.0012    -0.0031
			    0.0012    0.1477    0.0324
			    -0.0031    0.0324    0.0749
		A:
			    0.9521    0.0667    0.2983
			    0.1967    -0.9045    -0.3783
			    0.9097    -0.0413    -0.4132
			    0.9124    -0.1323    -0.3874
			    0.1317    -0.8142    -0.5655
			    -0.8157    -0.4584    -0.3530
		b:
			    128.5162
			    -224.3099
			    39.0238
			    20.1464
			    -224.9092
			    -209.5251
	==================================================================================
	Q2:
		Shape: Hybrid
		q_c:    93.5000    238.0000    86.0000
		ub :    96.9394    242.1028    89.2457
		lb :    90.0606    233.8972    82.7543
		P^-1: 
			    0.3007    -0.1742    0.0334
			    -0.1742    0.2245    -0.0087
			    0.0334    -0.0087    0.1609
		A:
			    0.7998    -0.3117    0.5130
			    -0.9437    0.2413    0.2265
			    -0.6461    0.7631    -0.0169
			    -0.8802    0.4604    0.1148
			    0.9049    -0.4141    -0.0983
			    0.7119    -0.6076    -0.3522
		b:
			    45.7973
			    -9.9478
			    120.6119
			    38.1004
			    -21.3785
			    -107.3346
	==================================================================================
	Q3:
		Shape: Hybrid
		q_c:    97.5000    242.0000    77.5000
		ub :    100.9432    245.4606    80.4478
		lb :    94.0568    238.5394    74.5522
		P^-1: 
			    0.2741    -0.0017    -0.1060
			    -0.0017    0.2300    -0.0786
			    -0.1060    -0.0786    0.3504
		A:
			    -0.3561    0.3655    -0.8600
			    0.0477    -0.6092    -0.7916
			    -0.5864    0.5599    0.5854
			    -0.7088    -0.6156    -0.3446
			    0.3489    0.9295    0.1200
			    0.1405    0.1187    -0.9829
		b:
			    -11.7380
			    -202.6305
			    124.8477
			    -243.0838
			    269.8144
			    -32.7975
	==================================================================================
	Q4:
		Shape: Polyhedra
		q_c:    98.0000    235.0000    87.0000
		ub :    101.0416    238.0241    91.0701
		lb :    94.9584    231.9759    82.9299
		A:
			    -0.8124    -0.5815    -0.0423
			    0.3037    0.9476    -0.0986
			    -0.6307    -0.6746    0.3835
			    -0.7108    -0.6243    -0.3241
			    0.8457    -0.0682    0.5293
			    -0.0887    0.9807    0.1743
			    0.6414    0.7642    0.0679
			    0.1480    -0.2102    0.9664
			    0.7528    -0.6097    -0.2479
			    -0.6414    -0.7642    -0.0679
			    -0.1480    0.2102    -0.9664
			    -0.7528    0.6097    0.2479
		b:
			    -218.8017
			    245.3869
			    -185.2234
			    -243.1582
			    115.6136
			    238.8503
			    249.3574
			    52.6987
			    -88.5830
			    -247.3574
			    -45.6987
			    93.5830
	==================================================================================
	Q5:
		Shape: Hybrid
		q_c:    88.0000    234.0000    87.0000
		ub :    89.8389    238.3050    91.2467
		lb :    86.1611    229.6950    82.7533
		P^-1: 
			    0.9613    -0.0009    0.1792
			    -0.0009    0.1115    0.0387
			    0.1792    0.0387    0.1688
		A:
			    -0.7221    0.5588    -0.4079
			    0.7345    -0.5215    -0.4342
			    0.3044    0.6832    0.6637
			    0.8014    0.2032    0.5625
			    -0.9418    -0.2995    -0.1527
			    -0.7403    0.6721    0.0143
		b:
			    33.4980
			    -93.6103
			    246.2330
			    167.9231
			    -165.3676
			    95.0227
	==================================================================================
	Q6:
		Shape: Hybrid
		q_c:    94.0000    237.5000    84.5000
		ub :    98.1955    242.4742    88.9608
		lb :    89.8045    232.5258    80.0392
		P^-1: 
			    0.1111    0.0000    0.0000
			    0.0000    0.1111    0.0000
			    0.0000    0.0000    0.1111
		A:
			    0.4711    0.4541    -0.7562
			    0.3095    0.4384    -0.8438
			    -0.6966    0.5367    -0.4761
			    0.5042    0.1971    -0.8408
			    -0.6769    0.7360    -0.0108
			    -0.3465    0.4061    0.8456
		b:
			    89.7244
			    63.4112
			    23.2456
			    24.6622
			    111.7684
			    136.8341


===========================================================================================
===========================================================================================
S7:
	q_c:    253.0000    496.5000    257.5000
	ub :    279.0000    499.0000    280.0000
	lb :    227.0000    494.0000    235.0000

	==================================================================================
	Q1:
		Shape: Hybrid
		q_c:    254.5000    499.0000    258.0000
		ub :    256.9779    501.3413    260.1875
		lb :    252.0221    496.6587    255.8125
		P^-1: 
			    0.4444    -0.0000    -0.0000
			    -0.0000    0.4444    -0.0000
			    -0.0000    -0.0000    0.4444
		A:
			    -0.6899    -0.1760    0.7021
			    0.5541    -0.5423    0.6316
			    0.0816    0.5215    0.8493
			    0.6140    0.0355    -0.7885
			    -0.5733    -0.8094    0.1277
			    0.8905    -0.4548    0.0132
		b:
			    -81.5126
			    34.0890
			    500.8754
			    -28.6964
			    -516.0834
			    3.8616
	==================================================================================
	Q2:
		Shape: Hybrid
		q_c:    255.0000    496.5000    259.0000
		ub :    257.5953    498.9205    260.2712
		lb :    252.4047    494.0795    257.7288
		P^-1: 
			    0.3316    -0.0943    -0.0740
			    -0.0943    0.3711    -0.0054
			    -0.0740    -0.0054    0.9918
		A:
			    -0.4714    -0.2292    -0.8516
			    -0.0834    0.5422    0.8361
			    -0.1173    0.3961    -0.9107
			    0.3156    -0.8274    -0.4646
			    -0.3647    0.3553    0.8607
			    -0.1285    0.3074    0.9429
		b:
			    -453.6414
			    465.2256
			    -68.5153
			    -449.7082
			    306.9175
			    364.6492
	==================================================================================
	Q3:
		Shape: Ellipse
		q_c:    254.5000    499.5000    258.5000
		ub :    256.3386    501.5372    260.3117
		lb :    252.6614    497.4628    256.6883
		P^-1: 
			    0.8671    -0.1668    -0.1683
			    -0.1668    0.7905    -0.2113
			    -0.1683    -0.2113    0.7868
	==================================================================================
	Q4:
		Shape: Ellipse
		q_c:    255.5000    498.5000    256.0000
		ub :    257.3456    499.6025    257.5575
		lb :    253.6544    497.3975    254.4425
		P^-1: 
			    1.0028    -1.1723    -0.1570
			    -1.1723    3.5367    -0.1830
			    -0.1570    -0.1830    0.9050
	==================================================================================
	Q5:
		Shape: Hybrid
		q_c:    251.5000    497.0000    256.0000
		ub :    253.5781    499.0788    257.2676
		lb :    249.4219    494.9212    254.7324
		P^-1: 
			    0.4879    0.1688    -0.3525
			    0.1688    1.0997    -1.3682
			    -0.3525    -1.3682    3.3012
		A:
			    0.0039    -0.5249    0.8512
			    0.7551    0.0986    -0.6482
			    -0.7906    0.5821    0.1901
			    0.3513    0.6217    -0.7000
			    0.8975    0.1022    -0.4290
			    0.0058    0.2212    0.9752
		b:
			    -41.6774
			    73.8330
			    140.4002
			    218.5924
			    167.7325
			    361.8416
	==================================================================================
	Q6:
		Shape: Polyhedra
		q_c:    254.0000    497.0000    258.5000
		ub :    256.0055    498.9099    259.9304
		lb :    251.9945    495.0901    257.0696
		A:
			    -0.8729    -0.4862    -0.0415
			    -0.3036    -0.0818    -0.9493
			    0.8850    0.4526    0.1088
			    -0.6691    0.3388    -0.6614
			    -0.1134    0.4554    0.8830
			    -0.2142    0.8819    -0.4199
			    0.2820    0.3249    0.9027
			    -0.8400    0.5382    0.0687
			    -0.4636    -0.7777    0.4247
			    -0.2820    -0.3249    -0.9027
			    0.8400    -0.5382    -0.0687
			    0.4636    0.7777    -0.4247
		b:
			    -472.9406
			    -362.1609
			    479.0369
			    -171.2659
			    426.9129
			    276.6009
			    467.4488
			    73.3807
			    -393.4692
			    -465.4488
			    -70.3807
			    395.4692


===========================================================================================
===========================================================================================
S8:
	q_c:    488.0000    471.5000    266.0000
	ub :    512.0000    499.0000    278.0000
	lb :    464.0000    444.0000    254.0000

	==================================================================================
	Q1:
		Shape: Hybrid
		q_c:    492.5000    479.5000    272.0000
		ub :    498.9541    486.2032    277.6459
		lb :    486.0459    472.7968    266.3541
		P^-1: 
			    0.2096    0.1012    0.1738
			    0.1012    0.0849    0.1011
			    0.1738    0.1011    0.2178
		A:
			    0.6117    -0.2874    0.7370
			    0.8626    -0.0456    0.5039
			    0.5592    0.5589    0.6123
			    0.3843    0.3922    0.8357
			    0.8563    -0.1339    -0.4989
			    0.8368    0.5443    0.0588
		b:
			    367.1042
			    542.3180
			    711.1503
			    606.0537
			    226.1322
			    691.7416
	==================================================================================
	Q2:
		Shape: Ellipse
		q_c:    485.5000    468.0000    271.0000
		ub :    492.0749    474.4634    277.4159
		lb :    478.9251    461.5366    264.5841
		P^-1: 
			    0.0620    0.0086    0.0030
			    0.0086    0.0594    0.0116
			    0.0030    0.0116    0.0721
	==================================================================================
	Q3:
		Shape: Polyhedra
		q_c:    490.5000    480.0000    257.5000
		ub :    496.1000    484.9378    263.4650
		lb :    484.9000    475.0622    251.5350
		A:
			    -0.0857    0.1777    0.9803
			    -0.4594    0.2081    0.8635
			    -0.7304    0.5080    0.4565
			    0.7672    -0.5371    -0.3506
			    0.1677    -0.5830    -0.7950
			    0.3626    -0.8293    -0.4251
			    0.7675    0.1647    0.6195
			    -0.6175    0.4495    0.6455
			    -0.1721    -0.8780    0.4467
			    -0.7675    -0.1647    -0.6195
			    0.6175    -0.4495    -0.6455
			    0.1721    0.8780    -0.4467
		b:
			    299.0890
			    99.6420
			    5.7531
			    30.9795
			    -399.2368
			    -326.8726
			    619.5449
			    81.5870
			    -387.3473
			    -610.5449
			    -76.5870
			    394.3473
	==================================================================================
	Q4:
		Shape: Ellipse
		q_c:    488.5000    466.5000    270.5000
		ub :    493.9900    471.3164    276.5754
		lb :    483.0100    461.6836    264.4246
		P^-1: 
			    0.1616    -0.1452    -0.0665
			    -0.1452    0.2710    0.1368
			    -0.0665    0.1368    0.1334
	==================================================================================
	Q5:
		Shape: Hybrid
		q_c:    479.5000    469.5000    274.5000
		ub :    482.9614    477.1955    282.1609
		lb :    476.0386    461.8045    266.8391
		P^-1: 
			    0.1561    -0.0171    0.0128
			    -0.0171    0.0393    -0.0053
			    0.0128    -0.0053    0.0377
		A:
			    -0.7431    0.1299    0.6565
			    -0.9066    -0.2137    -0.3640
			    0.8771    -0.3713    0.3047
			    0.0627    -0.9560    -0.2865
			    -0.7745    0.5693    -0.2757
			    -0.9306    -0.2933    0.2189
		b:
			    -112.1252
			    -632.9218
			    331.4944
			    -493.3898
			    -177.7325
			    -521.6979
	==================================================================================
	Q6:
		Shape: Polyhedra
		q_c:    494.5000    466.5000    261.0000
		ub :    503.0365    474.9853    267.1819
		lb :    485.9635    458.0147    254.8181
		A:
			    -0.5931    -0.1418    0.7926
			    -0.1003    0.2589    -0.9607
			    0.0559    0.9958    -0.0729
			    0.7356    0.3385    -0.5868
			    -0.4400    0.8905    0.1155
			    -0.7910    -0.2785    0.5448
			    0.5119    0.6233    0.5912
			    0.2892    0.5230    -0.8018
			    -0.8089    0.5814    0.0875
			    -0.5119    -0.6233    -0.5912
			    -0.2892    -0.5230    0.8018
			    0.8089    -0.5814    -0.0875
		b:
			    -148.6763
			    -175.7948
			    478.0566
			    372.4263
			    233.7773
			    -374.6520
			    703.6940
			    180.6981
			    -99.9343
			    -692.6940
			    -174.6981
			    111.9343


===========================================================================================
===========================================================================================
S9:
	q_c:    409.5000    257.5000    208.0000
	ub :    418.0000    277.0000    229.0000
	lb :    401.0000    238.0000    187.0000

	==================================================================================
	Q1:
		Shape: Polyhedra
		q_c:    409.0000    257.5000    208.5000
		ub :    415.9149    264.0035    213.7038
		lb :    402.0851    250.9965    203.2962
		A:
			    -0.7298    -0.2896    -0.6193
			    -0.4636    -0.0965    -0.8808
			    -0.5911    -0.4833    -0.6458
			    0.4913    0.2479    -0.8350
			    0.8523    -0.1798    0.4912
			    0.5245    0.8108    0.2601
			    0.5961    0.3234    0.7349
			    0.6510    0.3411    -0.6782
			    -0.4700    0.8826    -0.0072
			    -0.5961    -0.3234    -0.7349
			    -0.6510    -0.3411    0.6782
			    0.4700    -0.8826    0.0072
		b:
			    -500.3892
			    -395.8753
			    -499.1130
			    96.5070
			    407.6639
			    481.0640
			    481.8185
			    218.6678
			    38.0570
			    -478.8185
			    -206.6678
			    -29.0570
	==================================================================================
	Q2:
		Shape: Ellipse
		q_c:    414.0000    262.0000    212.0000
		ub :    418.5455    265.5580    216.4062
		lb :    409.4545    258.4420    207.5938
		P^-1: 
			    0.2061    0.0793    0.1759
			    0.0793    0.2480    0.0066
			    0.1759    0.0066    0.2897
	==================================================================================
	Q3:
		Shape: Hybrid
		q_c:    415.0000    265.0000    215.0000
		ub :    418.4390    271.1525    221.3274
		lb :    411.5610    258.8475    208.6726
		P^-1: 
			    0.4021    0.1221    0.0093
			    0.1221    0.0902    -0.0002
			    0.0093    -0.0002    0.0414
		A:
			    -0.9610    -0.2568    -0.1027
			    0.9149    0.2117    0.3438
			    -0.9554    0.0526    -0.2907
			    0.7940    -0.0252    0.6074
			    -0.9893    -0.1312    0.0637
			    0.9449    0.2758    -0.1762
		b:
			    -488.1186
			    511.0957
			    -443.3508
			    455.9695
			    -430.6097
			    428.3768
	==================================================================================
	Q4:
		Shape: Ellipse
		q_c:    413.5000    251.5000    201.5000
		ub :    415.8842    253.4457    205.6864
		lb :    411.1158    249.5543    197.3136
		P^-1: 
			    2.1227    1.8337    -0.4158
			    1.8337    2.0428    -0.3840
			    -0.4158    -0.3840    0.1470
	==================================================================================
	Q5:
		Shape: Hybrid
		q_c:    414.5000    252.0000    215.5000
		ub :    421.1908    256.8419    221.5789
		lb :    407.8092    247.1581    209.4211
		P^-1: 
			    0.0386    -0.0105    0.0193
			    -0.0105    0.1152    -0.0476
			    0.0193    -0.0476    0.1017
		A:
			    0.8186    -0.4980    0.2861
			    0.1688    0.9208    -0.3516
			    0.2409    -0.9044    0.3521
			    -0.2148    0.3522    -0.9110
			    0.3390    -0.6452    0.6847
			    -0.1934    0.1783    -0.9648
		b:
			    278.5369
			    228.0185
			    -50.6018
			    -194.9442
			    126.8589
			    -241.2096
	==================================================================================
	Q6:
		Shape: Polyhedra
		q_c:    413.5000    260.5000    208.0000
		ub :    419.5806    266.4603    214.7172
		lb :    407.4194    254.5397    201.2828
		A:
			    0.8211    -0.4997    0.2759
			    -0.9750    -0.0548    0.2155
			    -0.9998    0.0169    -0.0106
			    -0.4468    0.2986    -0.8434
			    0.4585    -0.8856    -0.0736
			    0.6797    -0.0644    -0.7307
			    0.8813    0.2105    0.4231
			    -0.1565    -0.7149    0.6815
			    0.4459    -0.6668    -0.5971
			    -0.8813    -0.2105    -0.4231
			    0.1565    0.7149    -0.6815
			    -0.4459    0.6668    0.5971
		b:
			    271.1056
			    -368.2294
			    -406.6865
			    -277.4078
			    -53.2109
			    115.7561
