3D_30_12_6_d                l = 3

===========================================================================================
===========================================================================================
S1:
	q_c:	306.5	363.5	268.5
	ub :	313.4344	375.4722	279.4894
	lb :	295.1149	355.5755	262.0759

	==================================================================================
	Q1:
		Shape: Hybrid
		q_c:	307.5	370.0	275.0
		ub :	312.7699	375.4722	278.6731
		lb :	302.2301	364.5278	271.3269
		P^-1:
			0.1401	0.0732	0.0237
			0.0732	0.112	0.0421
			0.0237	0.0421	0.2073
		A:
			-0.8171	-0.5187	-0.2518
			0.8244	0.5625	0.0633
			-0.9448	-0.2482	-0.2137
			-0.2711	0.3265	-0.9055
			0.5213	-0.3261	-0.7886
			-0.667	-0.6562	0.3529
		b:
			-511.1784
			480.286
			-439.4413
			-209.5267
			-175.2191
			-349.3184
	==================================================================================
	Q2:
		Shape: Ellipse
		q_c:	308.5	372.0	265.0
		ub :	310.5186	374.4826	267.9241
		lb :	306.4814	369.5174	262.0759
		P^-1:
			0.6462	-0.6769	0.4989
			-0.6769	2.2713	-1.8077
			0.4989	-1.8077	1.6381
	==================================================================================
	Q3:
		Shape: Hybrid
		q_c:	300.0	365.0	270.5
		ub :	304.0689	370.3052	274.2735
		lb :	295.9311	359.6948	266.7265
		P^-1:
			0.2952	0.099	0.1189
			0.099	0.0851	0.0797
			0.1189	0.0797	0.2642
		A:
			0.8795	0.1974	0.4331
			-0.295	-0.1401	-0.9452
			-0.3267	-0.0773	-0.9419
			0.0744	-0.0771	0.9942
			0.0067	-0.079	-0.9969
			-0.8488	0.1384	-0.5102
		b:
			454.0045
			-394.1027
			-379.7636
			264.8352
			-295.0253
			-340.2077
	==================================================================================
	Q4:
		Shape: Hybrid
		q_c:	309.5	359.5	275.5
		ub :	313.4344	362.985	279.1581
		lb :	305.5656	356.015	271.8419
		P^-1:
			0.1746	0.0051	-0.069
			0.0051	0.1115	-0.0055
			-0.069	-0.0055	0.1861
		A:
			-0.1556	-0.9565	-0.2467
			0.0203	0.1467	-0.989
			0.4373	-0.8939	0.0981
			-0.3788	-0.0968	-0.9204
			0.612	0.2814	-0.7391
			0.6004	-0.5784	-0.5523
		b:
			-457.9968
			-211.955
			-157.0143
			-403.7496
			88.0208
			-172.802
	==================================================================================
	Q5:
		Shape: Hybrid
		q_c:	301.5	363.0	269.5
		ub :	307.8851	366.9007	275.5127
		lb :	295.1149	359.0993	263.4873
		P^-1:
			0.0554	-0.0084	0.0065
			-0.0084	0.1098	-0.0011
			0.0065	-0.0011	0.0579
		A:
			-0.3935	0.8546	-0.339
			-0.2337	-0.8953	0.3792
			0.2475	-0.8625	-0.4415
			-0.5821	-0.5177	0.627
			-0.2415	0.8111	-0.5328
			-0.6977	-0.6055	0.3829
		b:
			101.89
			-291.3331
			-355.5728
			-191.6984
			79.8481
			-324.3182
	==================================================================================
	Q6:
		Shape: Hybrid
		q_c:	302.0	358.5	276.0
		ub :	305.2539	361.4245	279.4894
		lb :	298.7461	355.5755	272.5106
		P^-1:
			0.2408	0.0637	-0.0007
			0.0637	0.3382	0.121
			-0.0007	0.121	0.2755
		A:
			0.0024	-0.6763	-0.7367
			-0.9707	0.0529	-0.2346
			-0.3784	0.5854	0.7171
			-0.2499	0.7829	-0.5697
			-0.1393	0.8013	-0.5818
			-0.3425	-0.6267	-0.6999
		b:
			-444.2328
			-337.4948
			294.4577
			49.6732
			86.2639
			-520.4805


===========================================================================================
===========================================================================================
S2:
	q_c:	244.0	128.0	148.0
	ub :	265.3992	137.4334	174.4112
	lb :	226.939	109.3487	130.7466

	==================================================================================
	Q1:
		Shape: Polyhedra
		q_c:	257.0	126.0	144.5
		ub :	263.9954	132.3405	151.2946
		lb :	250.0046	119.6595	137.7054
		A:
			-0.8681	-0.3919	-0.3048
			-0.9509	-0.2891	-0.1102
			-0.9832	-0.1759	-0.0486
			0.9218	0.2749	-0.2735
			-0.7276	-0.5338	-0.4309
			-0.8919	-0.4442	-0.0849
			0.7782	0.486	0.3977
			-0.4474	-0.0153	0.8942
			0.4407	-0.8738	0.2056
			-0.7782	-0.486	-0.3977
			0.4474	0.0153	-0.8942
			-0.4407	0.8738	-0.2056
		b:
			-313.4331
			-293.3412
			-278.2263
			236.0476
			-313.4928
			-294.1747
			321.7078
			17.3002
			38.3529
			-315.7078
			-7.3002
			-27.3529
	==================================================================================
	Q2:
		Shape: Ellipse
		q_c:	257.5	129.0	159.5
		ub :	265.3992	137.4334	168.8136
		lb :	249.6008	120.5666	150.1864
		P^-1:
			0.1728	-0.1977	-0.0641
			-0.1977	0.2597	0.0792
			-0.0641	0.0792	0.0413
	==================================================================================
	Q3:
		Shape: Ellipse
		q_c:	242.5	128.5	149.5
		ub :	250.6483	136.1137	158.5533
		lb :	234.3517	120.8863	140.4467
		P^-1:
			0.0413	-0.0041	-0.0112
			-0.0041	0.0473	-0.0057
			-0.0112	-0.0057	0.0338
	==================================================================================
	Q4:
		Shape: Hybrid
		q_c:	232.0	119.5	149.0
		ub :	237.061	129.6513	158.8603
		lb :	226.939	109.3487	139.1397
		P^-1:
			0.0624	0.0016	-0.0015
			0.0016	0.0361	0.0257
			-0.0015	0.0257	0.0376
		A:
			-0.3653	0.8958	-0.253
			-0.7707	-0.3367	-0.541
			0.985	-0.1649	0.0504
			0.7622	0.5296	0.3724
			-0.1822	0.9781	0.101
			0.7097	-0.4154	-0.569
		b:
			-9.1789
			-297.3885
			218.6763
			297.6587
			94.4586
			32.2721
	==================================================================================
	Q5:
		Shape: Hybrid
		q_c:	248.5	128.0	165.0
		ub :	255.8942	136.4804	174.4112
		lb :	241.1058	119.5196	155.5888
		P^-1:
			0.0327	0.0001	0.0012
			0.0001	0.0278	0.0
			0.0012	0.0	0.0281
		A:
			-0.7801	-0.2733	-0.5628
			0.5355	-0.0815	0.8406
			0.739	-0.6737	0.0033
			0.2019	-0.9732	-0.1098
			-0.292	-0.7163	-0.6338
			-0.0343	0.2481	0.9681
		b:
			-318.8502
			264.3416
			100.9677
			-89.2889
			-265.6631
			186.213
	==================================================================================
	Q6:
		Shape: Hybrid
		q_c:	236.5	117.5	136.5
		ub :	244.9431	122.4031	142.2534
		lb :	228.0569	112.5969	130.7466
		P^-1:
			0.0243	0.0015	-0.0192
			0.0015	0.0493	0.0007
			-0.0192	0.0007	0.0752
		A:
			-0.7904	0.2812	-0.5443
			0.0141	-0.3148	0.949
			-0.7698	-0.2706	0.5781
			-0.2193	-0.4558	-0.8626
			-0.5174	0.0239	0.8554
			-0.6946	-0.3177	0.6454
		b:
			-222.7671
			98.346
			-131.6467
			-220.0973
			-0.7494
			-110.6141


===========================================================================================
===========================================================================================
S3:
	q_c:	137.5	116.5	378.5
	ub :	155.5968	135.456	393.3439
	lb :	119.3956	96.7941	357.9802

	==================================================================================
	Q1:
		Shape: Polyhedra
		q_c:	149.0	122.5	377.0
		ub :	155.5968	128.9248	383.0977
		lb :	142.4032	116.0752	370.9023
		A:
			0.4273	0.8735	0.2334
			0.2471	0.8576	-0.451
			0.1969	-0.9802	0.0233
			0.223	0.4903	-0.8425
			-0.0549	0.4289	0.9017
			-0.5396	0.8283	-0.1507
			0.6344	0.7711	0.0539
			0.6795	-0.5231	-0.5145
			-0.3685	0.363	-0.8558
			-0.6344	-0.7711	-0.0539
			-0.6795	0.5231	0.5145
			0.3685	-0.363	0.8558
		b:
			262.214
			-24.2587
			-78.0433
			-220.107
			388.4305
			-31.5689
			212.8074
			-152.8089
			-328.573
			-205.8074
			160.8089
			337.573
	==================================================================================
	Q2:
		Shape: Polyhedra
		q_c:	128.0	109.0	367.0
		ub :	135.6124	117.2802	376.0198
		lb :	120.3876	100.7198	357.9802
		A:
			-0.3292	0.4334	-0.8389
			-0.143	0.8761	0.4605
			0.4775	0.8642	-0.1585
			-0.8394	0.4952	-0.2237
			-0.0711	0.9113	0.4057
			0.3112	-0.2535	-0.9159
			0.1708	0.7973	0.579
			0.7584	0.2687	-0.5938
			-0.629	0.5405	-0.5588
			-0.1708	-0.7973	-0.579
			-0.7584	-0.2687	0.5938
			0.629	-0.5405	0.5588
		b:
			-299.2607
			252.429
			103.4507
			-132.1532
			245.3324
			-317.5148
			327.7413
			-85.0568
			-224.1614
			-314.7413
			98.0568
			229.1614
	==================================================================================
	Q3:
		Shape: Ellipse
		q_c:	127.0	108.5	367.5
		ub :	134.6044	115.7589	375.0564
		lb :	119.3956	101.2411	359.9436
		P^-1:
			0.0461	0.0068	0.0004
			0.0068	0.0534	-0.0082
			0.0004	-0.0082	0.0523
	==================================================================================
	Q4:
		Shape: Ellipse
		q_c:	141.0	104.0	377.5
		ub :	149.8036	111.2059	385.8271
		lb :	132.1964	96.7941	369.1729
		P^-1:
			0.1654	0.1171	0.1653
			0.1171	0.1142	0.1314
			0.1653	0.1314	0.203
	==================================================================================
	Q5:
		Shape: Ellipse
		q_c:	131.0	123.5	381.5
		ub :	142.4506	133.2106	393.3439
		lb :	119.5494	113.7894	369.6561
		P^-1:
			0.0198	0.0046	0.0052
			0.0046	0.0268	0.0044
			0.0052	0.0044	0.0224
	==================================================================================
	Q6:
		Shape: Polyhedra
		q_c:	130.0	126.0	371.0
		ub :	139.5394	135.456	380.923
		lb :	120.4606	116.544	361.077
		A:
			0.6285	-0.2627	-0.7321
			-0.5669	0.5321	0.629
			0.8375	0.0652	-0.5425
			-0.3129	0.735	0.6016
			0.9474	-0.1361	-0.2898
			-0.9149	-0.3767	-0.1449
			0.5416	0.7598	0.3597
			0.7543	-0.2504	-0.6069
			-0.3711	0.6	-0.7087
			-0.5416	-0.7598	-0.3597
			-0.7543	0.2504	0.6069
			0.3711	-0.6	0.7087
		b:
			-217.4693
			232.1984
			-78.6734
			280.6314
			4.0619
			-214.6097
			305.0948
			-153.1389
			-229.0709
			-294.0948
			164.1389
			242.0709


===========================================================================================
===========================================================================================
S4:
	q_c:	457.5	153.5	80.5
	ub :	482.9601	179.4325	101.5555
	lb :	445.5616	134.2856	66.5256

	==================================================================================
	Q1:
		Shape: Polyhedra
		q_c:	461.5	159.5	93.0
		ub :	469.843	167.1736	101.1623
		lb :	453.157	151.8264	84.8377
		A:
			-0.4343	0.1188	-0.8929
			-0.142	0.8488	0.5093
			0.8302	0.4623	-0.3115
			0.2339	-0.9555	-0.1798
			0.2826	0.0691	-0.9568
			-0.4641	0.8787	0.1116
			0.6693	0.4158	0.6158
			-0.3335	-0.5725	0.749
			0.6639	-0.7067	-0.2445
			-0.6693	-0.4158	-0.6158
			0.3335	0.5725	-0.749
			-0.6639	0.7067	0.2445
		b:
			-258.4887
			122.1248
			433.0034
			-57.0517
			56.9304
			-60.0207
			439.461
			-171.5777
			174.4427
			-425.461
			179.5777
			-167.4427
	==================================================================================
	Q2:
		Shape: Polyhedra
		q_c:	468.5	146.0	77.5
		ub :	477.9813	154.7363	88.3208
		lb :	459.0187	137.2637	66.6792
		A:
			-0.1976	0.9355	-0.2929
			-0.3682	-0.5756	-0.7302
			-0.839	-0.174	0.5155
			0.3795	0.4108	-0.829
			-0.7633	-0.6162	0.1943
			-0.8111	0.5586	-0.1732
			0.3275	0.4857	0.8105
			-0.9241	-0.0142	0.3819
			0.197	-0.874	0.4441
			-0.3275	-0.4857	-0.8105
			0.9241	0.0142	-0.3819
			-0.197	0.874	-0.4441
		b:
			27.3478
			-306.1304
			-372.0639
			179.8958
			-426.0231
			-305.6319
			294.1596
			-398.9048
			5.1229
			-280.1596
			411.9048
			6.8771
	==================================================================================
	Q3:
		Shape: Ellipse
		q_c:	461.0	172.0	75.0
		ub :	469.9057	179.4325	83.4744
		lb :	452.0943	164.5675	66.5256
		P^-1:
			0.0361	-0.0062	0.0013
			-0.0062	0.0458	-0.0027
			0.0013	-0.0027	0.0336
	==================================================================================
	Q4:
		Shape: Hybrid
		q_c:	473.5	165.5	94.0
		ub :	482.9601	174.0043	101.5555
		lb :	464.0399	156.9957	86.4445
		P^-1:
			0.0204	0.0065	-0.0028
			0.0065	0.0378	0.0009
			-0.0028	0.0009	0.0396
		A:
			0.0864	-0.9899	-0.1126
			-0.4756	-0.3007	-0.8267
			-0.4648	0.2606	0.8462
			0.8071	0.2474	0.5361
			-0.7743	-0.6312	0.0455
			0.2384	-0.1937	-0.9517
		b:
			-130.5756
			-349.5353
			-94.4342
			477.5225
			-463.5254
			-6.0676
	==================================================================================
	Q5:
		Shape: Polyhedra
		q_c:	454.5	143.5	86.0
		ub :	463.4384	152.7144	95.6727
		lb :	445.5616	134.2856	76.3273
		A:
			0.2328	-0.155	-0.9601
			0.3526	0.8793	-0.3202
			0.7779	-0.6075	0.161
			-0.8672	-0.0425	-0.4962
			-0.7902	0.0925	-0.6058
			0.5795	0.2346	-0.7805
			0.1133	0.6487	0.7526
			-0.8603	-0.3149	0.4009
			0.4971	-0.6928	0.5224
			-0.1133	-0.6487	-0.7526
			0.8603	0.3149	-0.4009
			-0.4971	0.6928	-0.5224
		b:
			7.2012
			264.9799
			285.2845
			-437.1481
			-392.6043
			236.6216
			215.2825
			-394.7112
			175.9276
			-203.2825
			408.7112
			-166.9276
	==================================================================================
	Q6:
		Shape: Ellipse
		q_c:	456.5	149.5	81.5
		ub :	465.3731	158.5682	88.628
		lb :	447.6269	140.4318	74.372
		P^-1:
			0.0288	-0.0023	0.0055
			-0.0023	0.0328	-0.012
			0.0055	-0.012	0.0564


===========================================================================================
===========================================================================================
S5:
	q_c:	91.5	252.5	144.5
	ub :	102.5528	260.6275	162.4105
	lb :	81.6581	243.3815	136.6354

	==================================================================================
	Q1:
		Shape: Hybrid
		q_c:	87.0	252.5	155.5
		ub :	89.8957	255.0729	158.1723
		lb :	84.1043	249.9271	152.8277
		P^-1:
			0.2776	0.0644	0.0214
			0.0644	0.4003	0.0499
			0.0214	0.0499	0.2665
		A:
			-0.6232	-0.2528	-0.74
			0.3551	-0.8962	-0.2661
			-0.7225	-0.6597	0.2069
			-0.1779	-0.9465	-0.2694
			0.0787	-0.9365	0.3418
			-0.2356	-0.8654	0.4422
		b:
			-232.0985
			-235.7729
			-196.2901
			-295.5718
			-175.4327
			-169.2402
	==================================================================================
	Q2:
		Shape: Polyhedra
		q_c:	87.0	251.0	152.0
		ub :	92.3419	255.4011	155.5272
		lb :	81.6581	246.5989	148.4728
		A:
			-0.6953	0.1191	0.7088
			0.6391	-0.3208	-0.699
			-0.8504	0.5261	0.0102
			0.4266	-0.8981	-0.1069
			0.2315	-0.4495	0.8628
			-0.2449	-0.396	0.885
			0.8813	0.448	0.1506
			0.2633	-0.7301	0.6306
			0.3925	-0.5161	-0.7613
			-0.8813	-0.448	-0.1506
			-0.2633	0.7301	-0.6306
			-0.3925	0.5161	0.7613
		b:
			80.1368
			-128.4128
			62.5276
			-202.4853
			40.1923
			15.9815
			216.5079
			-62.9824
			-208.6129
			-207.5079
			65.9824
			213.6129
	==================================================================================
	Q3:
		Shape: Ellipse
		q_c:	97.0	255.0	150.5
		ub :	102.5528	260.6275	155.749
		lb :	91.4472	249.3725	145.251
		P^-1:
			0.0961	-0.0145	-0.0025
			-0.0145	0.0962	0.0025
			-0.0025	0.0025	0.0821
	==================================================================================
	Q4:
		Shape: Ellipse
		q_c:	90.0	247.0	145.0
		ub :	93.7932	250.6185	148.0231
		lb :	86.2068	243.3815	141.9769
		P^-1:
			0.211	0.1498	0.088
			0.1498	0.3483	-0.0565
			0.088	-0.0565	0.4113
	==================================================================================
	Q5:
		Shape: Hybrid
		q_c:	92.0	256.0	142.5
		ub :	98.5446	259.9185	148.3646
		lb :	85.4554	252.0815	136.6354
		P^-1:
			0.1041	0.1642	-0.1447
			0.1642	0.656	-0.4154
			-0.1447	-0.4154	0.3546
		A:
			0.5124	0.5478	-0.6614
			-0.345	-0.7589	0.5522
			0.22	0.4016	-0.889
			-0.3408	-0.6075	0.7175
			-0.4795	-0.5624	0.6736
			0.0223	-0.9589	0.283
		b:
			94.2875
			-146.7169
			-1.8389
			-83.7925
			-91.039
			-201.9054
	==================================================================================
	Q6:
		Shape: Ellipse
		q_c:	96.0	252.0	156.5
		ub :	100.2962	257.9161	162.4105
		lb :	91.7038	246.0839	150.5895
		P^-1:
			0.1874	-0.0518	-0.0638
			-0.0518	0.0981	0.046
			-0.0638	0.046	0.0954


===========================================================================================
===========================================================================================
S6:
	q_c:	65.5	454.0	38.0
	ub :	85.8222	475.4253	53.9575
	lb :	58.8439	443.6154	29.4434

	==================================================================================
	Q1:
		Shape: Hybrid
		q_c:	81.5	458.0	41.0
		ub :	85.8222	462.3051	45.6481
		lb :	77.1778	453.6949	36.3519
		P^-1:
			0.1645	0.061	0.029
			0.061	0.1808	0.0331
			0.029	0.0331	0.1269
		A:
			-0.4441	-0.8383	0.3161
			0.4532	0.8435	0.2883
			-0.8623	0.4586	-0.2146
			0.1833	-0.7404	-0.6467
			-0.0346	-0.1363	0.9901
			0.5192	0.8214	-0.2362
		b:
			-405.7271
			436.1372
			132.8753
			-349.0427
			-22.6788
			410.1873
	==================================================================================
	Q2:
		Shape: Polyhedra
		q_c:	76.0	452.0	44.0
		ub :	82.6059	460.3846	52.4943
		lb :	69.3941	443.6154	35.5057
		A:
			-0.0301	0.0458	0.9985
			-0.7327	0.6574	-0.1761
			-0.3231	-0.4142	0.8509
			-0.2911	0.5342	0.7936
			-0.9003	-0.2217	0.3745
			-0.6219	0.0393	0.7821
			0.5805	0.6441	0.4982
			0.8039	-0.3558	-0.4766
			-0.1297	0.6771	-0.7243
			-0.5805	-0.6441	-0.4982
			-0.8039	0.3558	0.4766
			0.1297	-0.6771	0.7243
		b:
			67.5097
			238.6976
			-168.8116
			258.4953
			-147.815
			9.3957
			361.6707
			-116.7181
			270.3335
			-352.6707
			124.7181
			-258.3335
	==================================================================================
	Q3:
		Shape: Hybrid
		q_c:	63.5	453.5	34.5
		ub :	68.1561	458.4355	39.5566
		lb :	58.8439	448.5645	29.4434
		P^-1:
			0.1376	-0.0261	0.0207
			-0.0261	0.1196	0.003
			0.0207	0.003	0.0955
		A:
			0.6529	-0.1644	0.7394
			0.0231	-0.5828	0.8123
			-0.8644	0.148	0.4806
			-0.0989	-0.7886	-0.6068
			-0.6001	0.5684	0.5629
			0.6404	-0.6503	-0.4087
		b:
			-6.08
			-232.7877
			30.6611
			-383.1206
			240.7773
			-266.7909
	==================================================================================
	Q4:
		Shape: Hybrid
		q_c:	77.0	468.0	46.5
		ub :	80.6052	475.4253	53.9575
		lb :	73.3948	460.5747	39.0425
		P^-1:
			0.1998	0.0546	-0.0543
			0.0546	0.0785	-0.0541
			-0.0543	-0.0541	0.0769
		A:
			0.9861	0.1063	0.1281
			-0.8937	-0.4466	0.044
			-0.8801	-0.0517	-0.472
			0.7275	0.5572	-0.4004
			0.4695	0.4842	-0.7383
			-0.9793	0.1796	0.0934
		b:
			133.3596
			-274.0479
			-111.2189
			299.3085
			230.1084
			14.8707
	==================================================================================
	Q5:
		Shape: Ellipse
		q_c:	70.5	461.5	42.0
		ub :	75.1912	468.0033	48.0098
		lb :	65.8088	454.9967	35.9902
		P^-1:
			0.6057	0.301	-0.3672
			0.301	0.2024	-0.1785
			-0.3672	-0.1785	0.2875
	==================================================================================
	Q6:
		Shape: Ellipse
		q_c:	66.0	455.5	44.0
		ub :	68.5709	459.5925	48.2704
		lb :	63.4291	451.4075	39.7296
		P^-1:
			0.3907	0.0825	0.033
			0.0825	0.2299	0.1031
			0.033	0.1031	0.1555


===========================================================================================
===========================================================================================
S7:
	q_c:	245.5	78.0	166.0
	ub :	265.0224	96.4978	174.6799
	lb :	232.1757	69.0358	152.8846

	==================================================================================
	Q1:
		Shape: Ellipse
		q_c:	250.5	76.0	157.5
		ub :	253.0725	78.3747	162.1154
		lb :	247.9275	73.6253	152.8846
		P^-1:
			0.4093	-0.3014	0.0659
			-0.3014	0.8204	-0.1208
			0.0659	-0.1208	0.0697
	==================================================================================
	Q2:
		Shape: Hybrid
		q_c:	257.5	77.0	164.0
		ub :	265.0224	84.9642	171.3007
		lb :	249.9776	69.0358	156.6993
		P^-1:
			0.0566	0.0076	-0.0106
			0.0076	0.0527	0.0137
			-0.0106	0.0137	0.0435
		A:
			0.9705	-0.1029	-0.2179
			0.7381	0.5424	0.4013
			0.9371	-0.177	-0.3007
			-0.7799	-0.3867	0.4921
			-0.0437	0.6819	0.7301
			0.0929	-0.6126	-0.7849
		b:
			208.4497
			299.8704
			180.5335
			-147.7452
			163.0723
			-149.853
	==================================================================================
	Q3:
		Shape: Ellipse
		q_c:	245.0	85.0	164.5
		ub :	249.9763	91.5775	171.6854
		lb :	240.0237	78.4225	157.3146
		P^-1:
			0.1047	0.0087	-0.0179
			0.0087	0.0491	-0.0079
			-0.0179	-0.0079	0.0398
	==================================================================================
	Q4:
		Shape: Polyhedra
		q_c:	242.0	89.5	168.5
		ub :	248.7864	96.4978	174.6799
		lb :	235.2136	82.5022	162.3201
		A:
			0.4104	0.8442	0.3449
			-0.5459	-0.7059	0.4513
			0.7551	0.5273	-0.3895
			0.354	-0.1291	0.9263
			-0.6107	-0.3591	-0.7058
			-0.7091	-0.4192	-0.567
			0.2666	0.6445	0.7166
			-0.9544	0.2801	0.1032
			-0.1342	-0.7115	0.6898
			-0.2666	-0.6445	-0.7166
			0.9544	-0.2801	-0.1032
			0.1342	0.7115	-0.6898
		b:
			236.6997
			-114.657
			169.1477
			234.3616
			-294.9213
			-300.5606
			246.4608
			-183.0037
			24.5718
			-239.4608
			194.0037
			-15.5718
	==================================================================================
	Q5:
		Shape: Ellipse
		q_c:	252.0	78.0	170.0
		ub :	256.5895	81.8963	174.0894
		lb :	247.4105	74.1037	165.9106
		P^-1:
			0.0818	-0.0409	0.0391
			-0.0409	0.2075	-0.0338
			0.0391	-0.0338	0.1832
	==================================================================================
	Q6:
		Shape: Ellipse
		q_c:	237.5	89.0	162.5
		ub :	242.8243	94.7463	166.4228
		lb :	232.1757	83.2537	158.5772
		P^-1:
			0.1866	0.1076	-0.1216
			0.1076	0.1244	-0.1172
			-0.1216	-0.1172	0.2845


===========================================================================================
===========================================================================================
S8:
	q_c:	281.5	420.0	28.5
	ub :	289.038	433.1686	39.7031
	lb :	270.6956	408.2501	16.2103

	==================================================================================
	Q1:
		Shape: Ellipse
		q_c:	282.0	428.0	22.5
		ub :	288.247	432.4564	28.7897
		lb :	275.753	423.5436	16.2103
		P^-1:
			0.0917	-0.0731	-0.0265
			-0.0731	0.2019	0.0381
			-0.0265	0.0381	0.0683
	==================================================================================
	Q2:
		Shape: Polyhedra
		q_c:	282.0	422.5	31.0
		ub :	286.7648	427.7359	34.4785
		lb :	277.2352	417.2641	27.5215
		A:
			0.9539	0.2644	0.1423
			-0.4083	-0.5664	0.7159
			-0.6855	-0.5619	-0.463
			0.3711	0.8182	0.4392
			-0.5334	-0.1761	-0.8273
			0.3331	0.6928	0.6396
			0.4426	0.4293	0.7873
			-0.4965	0.8484	-0.1836
			-0.7468	-0.3096	0.5886
			-0.4426	-0.4293	-0.7873
			0.4965	-0.8484	0.1836
			0.7468	0.3096	-0.5886
		b:
			387.4701
			-329.3063
			-443.3495
			466.3646
			-248.5764
			408.4456
			332.0945
			217.2692
			-320.6529
			-329.0945
			-208.2692
			325.6529
	==================================================================================
	Q3:
		Shape: Polyhedra
		q_c:	280.0	415.0	25.0
		ub :	286.4374	421.7499	30.4908
		lb :	273.5626	408.2501	19.5092
		A:
			0.2136	0.7729	-0.5976
			-0.1862	0.6552	-0.7321
			0.1687	-0.982	0.085
			-0.1083	0.9498	-0.2935
			0.2785	0.1339	-0.9511
			-0.7385	0.673	-0.0403
			0.7955	0.5666	0.2148
			0.6014	-0.6952	-0.3936
			-0.0736	0.4423	-0.8938
			-0.7955	-0.5666	-0.2148
			-0.6014	0.6952	0.3936
			0.0736	-0.4423	0.8938
		b:
			369.6416
			204.9617
			-354.4939
			360.2362
			113.1766
			74.7601
			468.7383
			-126.9657
			144.1031
			-457.7383
			132.9657
			-137.1031
	==================================================================================
	Q4:
		Shape: Polyhedra
		q_c:	283.5	425.0	34.5
		ub :	288.7268	430.7986	39.7031
		lb :	278.2732	419.2014	29.2969
		A:
			-0.8871	-0.3363	0.316
			0.2122	0.3707	-0.9042
			0.9594	0.0183	0.2816
			0.0229	0.3704	0.9286
			-0.1896	0.2485	0.9499
			0.3134	0.7039	-0.6375
			0.2421	0.834	0.4959
			0.5923	0.2778	-0.7563
			-0.7685	0.4768	-0.4267
			-0.2421	-0.834	-0.4959
			-0.5923	-0.2778	0.7563
			0.7685	-0.4768	0.4267
		b:
			-380.8564
			188.9768
			293.2645
			199.3718
			87.6515
			368.6401
			444.1649
			261.8947
			-25.9514
			-436.1649
			-257.8947
			33.9514
	==================================================================================
	Q5:
		Shape: Ellipse
		q_c:	285.0	422.5	23.0
		ub :	289.038	424.6735	27.9699
		lb :	280.962	420.3265	18.0301
		P^-1:
			0.0822	0.0182	0.0055
			0.0182	0.4388	0.0427
			0.0055	0.0427	0.0544
	==================================================================================
	Q6:
		Shape: Hybrid
		q_c:	276.5	427.5	32.0
		ub :	282.3044	433.1686	37.2119
		lb :	270.6956	421.8314	26.7881
		P^-1:
			0.1113	-0.0506	-0.0302
			-0.0506	0.1074	-0.0314
			-0.0302	-0.0314	0.1413
		A:
			-0.5131	0.3086	0.8009
			0.6965	-0.5725	-0.4327
			0.6973	-0.3551	0.6226
			-0.9841	0.1346	-0.116
			0.648	-0.7325	-0.2086
			-0.506	0.8625	-0.007
		b:
			17.0568
			-64.7331
			62.8443
			-215.9838
			-139.3149
			230.073


===========================================================================================
===========================================================================================
S9:
	q_c:	405.0	505.5	395.5
	ub :	426.8084	523.1879	411.3026
	lb :	391.4538	489.1331	381.4029

	==================================================================================
	Q1:
		Shape: Hybrid
		q_c:	409.0	503.0	389.0
		ub :	416.63	510.6164	396.3384
		lb :	401.37	495.3836	381.6616
		P^-1:
			0.0178	0.0003	-0.0001
			0.0003	0.0367	-0.0106
			-0.0001	-0.0106	0.0404
		A:
			-0.71	-0.6044	-0.3613
			0.7911	-0.5388	-0.2895
			0.2449	-0.9149	0.3209
			0.2493	0.2544	-0.9344
			0.2153	0.9759	-0.0349
			0.5568	-0.1226	0.8215
		b:
			-730.465
			-55.3266
			-232.3372
			-130.8039
			568.5766
			489.2506
	==================================================================================
	Q2:
		Shape: Hybrid
		q_c:	399.0	500.0	388.0
		ub :	406.5108	506.6928	394.2614
		lb :	391.4892	493.3072	381.7386
		P^-1:
			0.0338	0.0021	0.0
			0.0021	0.0393	0.0001
			0.0	0.0001	0.0331
		A:
			0.4826	-0.7305	0.4833
			-0.1874	0.8189	0.5425
			-0.9255	-0.3762	0.045
			0.4057	-0.8279	-0.3874
			-0.5912	0.4629	0.6605
			-0.8245	0.2545	-0.5054
		b:
			17.6726
			547.9106
			-537.0971
			-399.5975
			254.8078
			-394.839
	==================================================================================
	Q3:
		Shape: Ellipse
		q_c:	419.0	501.0	402.5
		ub :	426.8084	507.3473	410.2508
		lb :	411.1916	494.6527	394.7492
		P^-1:
			0.0519	0.0024	0.0139
			0.0024	0.062	-0.0031
			0.0139	-0.0031	0.0442
	==================================================================================
	Q4:
		Shape: Polyhedra
		q_c:	409.5	503.0	398.0
		ub :	415.1867	508.3315	404.975
		lb :	403.8133	497.6685	391.025
		A:
			-0.6837	0.4136	0.6013
			0.7812	-0.1628	0.6027
			-0.7543	-0.4285	0.4974
			0.2205	-0.9095	0.3524
			0.2779	0.9463	0.1652
			-0.2509	-0.7019	-0.6666
			0.9802	0.082	0.1803
			-0.1487	-0.2968	0.9433
			0.1309	-0.9514	-0.2787
			-0.9802	-0.082	-0.1803
			0.1487	0.2968	-0.9433
			-0.1309	0.9514	0.2787
		b:
			171.8414
			482.6536
			-321.4301
			-222.6189
			659.2687
			-717.0736
			518.9149
			170.7684
			-532.3796
			-509.9149
			-159.7684
			539.3796
	==================================================================================
	Q5:
		Shape: Ellipse
		q_c:	413.0	496.5	386.5
		ub :	420.7734	503.8669	391.5971
		lb :	405.2266	489.1331	381.4029
		P^-1:
			0.0441	0.0212	0.0172
			0.0212	0.0571	0.0121
			0.0172	0.0121	0.1002
	==================================================================================
	Q6:
		Shape: Hybrid
		q_c:	399.5	515.0	404.5
		ub :	407.5462	523.1879	411.3026
		lb :	391.4538	506.8121	397.6974
		P^-1:
			0.0754	0.0039	-0.0616
			0.0039	0.0305	-0.0008
			-0.0616	-0.0008	0.115
		A:
			0.9094	-0.2897	-0.2985
			0.413	-0.4371	-0.799
			0.5837	-0.085	-0.8075
			-0.4437	-0.8281	0.3426
			-0.9085	-0.119	0.4005
			-0.9944	0.0687	-0.0803
		b:
			96.3588
			-381.1148
			-135.9437
			-461.4761
			-259.9296
			-390.5007


===========================================================================================
===========================================================================================
S10:
	q_c:	147.5	175.5	251.0
	ub :	166.3251	197.4129	273.0757
	lb :	121.7383	156.9012	236.3156

	==================================================================================
	Q1:
		Shape: Polyhedra
		q_c:	141.5	163.5	245.5
		ub :	148.0138	170.0988	251.2322
		lb :	134.9862	156.9012	239.7678
		A:
			-0.9555	0.1739	-0.2384
			-0.3333	0.8367	-0.4346
			0.3084	-0.3544	0.8828
			-0.5116	-0.1781	-0.8406
			-0.4729	-0.8574	0.2029
			-0.2407	0.8288	-0.5051
			0.7367	0.6648	0.124
			0.5597	-0.4966	-0.6634
			-0.3794	0.5581	-0.7379
			-0.7367	-0.6648	-0.124
			-0.5597	0.4966	0.6634
			0.3794	-0.5581	0.7379
		b:
			-161.5054
			-13.4845
			205.9601
			-304.1179
			-153.3857
			-18.9665
			247.3626
			-160.8534
			-140.1061
			-239.3626
			168.8534
			147.1061
	==================================================================================
	Q2:
		Shape: Polyhedra
		q_c:	133.5	175.5	261.5
		ub :	145.2617	182.5882	273.0757
		lb :	121.7383	168.4118	249.9243
		A:
			0.7922	-0.1432	0.5932
			0.8592	-0.2925	0.4197
			0.6968	0.3162	-0.6439
			0.7519	0.5213	0.4036
			0.4061	0.2765	0.871
			0.5161	0.3245	0.7927
			0.5225	0.6203	0.5849
			-0.4198	0.7843	-0.4568
			-0.7421	-0.0068	0.6702
			-0.5225	-0.6203	-0.5849
			0.4198	-0.7843	0.4568
			0.7421	0.0068	-0.6702
		b:
			240.9738
			178.8812
			-10.6979
			302.941
			335.9905
			338.2711
			336.5856
			-32.8478
			84.4887
			-326.5856
			42.8478
			-65.4887
	==================================================================================
	Q3:
		Shape: Polyhedra
		q_c:	157.5	178.5	257.5
		ub :	166.3251	186.629	264.0243
		lb :	148.6749	170.371	250.9757
		A:
			0.9344	-0.3152	-0.1661
			0.945	-0.3252	0.0343
			0.8229	-0.1633	-0.5442
			0.3039	-0.0371	0.952
			-0.9311	0.2516	-0.2642
			0.2119	0.2631	0.9412
			0.6824	0.712	0.1658
			0.6611	-0.6978	0.2759
			0.3121	-0.0787	-0.9468
			-0.6824	-0.712	-0.1658
			-0.6611	0.6978	-0.2759
			-0.3121	0.0787	0.9468
		b:
			52.793
			104.3191
			-34.9194
			291.1219
			-164.8405
			327.8796
			284.2411
			54.5983
			-204.191
			-270.2411
			-46.5983
			213.191
	==================================================================================
	Q4:
		Shape: Ellipse
		q_c:	148.0	190.5	245.0
		ub :	153.6765	197.4129	253.2381
		lb :	142.3235	183.5871	236.7619
		P^-1:
			0.0618	-0.0022	-0.0048
			-0.0022	0.0558	-0.0145
			-0.0048	-0.0145	0.0311
	==================================================================================
	Q5:
		Shape: Hybrid
		q_c:	136.5	175.0	241.5
		ub :	144.526	181.2073	246.6844
		lb :	128.474	168.7927	236.3156
		P^-1:
			0.0259	-0.0174	0.0014
			-0.0174	0.0749	-0.0059
			0.0014	-0.0059	0.0506
		A:
			0.4028	-0.9121	-0.0766
			0.663	-0.0557	-0.7465
			0.3025	-0.5492	0.779
			-0.1402	-0.6485	0.7482
			-0.5313	0.4898	-0.6912
			-0.0665	-0.9978	-0.0025
		b:
			-121.249
			-95.7398
			135.5922
			50.7092
			-151.0578
			-181.8667
	==================================================================================
	Q6:
		Shape: Polyhedra
		q_c:	152.0	174.0	260.0
		ub :	158.9874	181.1693	267.3507
		lb :	145.0126	166.8307	252.6493
		A:
			-0.306	-0.9428	0.132
			-0.0119	0.9994	0.0338
			-0.3261	0.2229	-0.9187
			0.0032	0.9943	0.1063
			-0.6326	-0.5665	0.5281
			-0.5154	-0.6322	0.5785
			0.7787	0.5919	0.2079
			-0.5243	0.4319	0.7339
			0.3446	-0.6805	0.6467
			-0.7787	-0.5919	-0.2079
			0.5243	-0.4319	-0.7339
			-0.3446	0.6805	-0.6467
		b:
			-172.4829
			185.0857
			-245.3971
			205.4054
			-53.2466
			-33.8095
			278.9191
			191.767
			106.1221
			-271.9191
			-180.767
			-98.1221


===========================================================================================
===========================================================================================
S11:
	q_c:	271.0	304.0	312.0
	ub :	284.9993	323.0644	333.0879
	lb :	260.5436	302.1613	303.6242

	==================================================================================
	Q1:
		Shape: Hybrid
		q_c:	269.5	318.0	309.0
		ub :	274.6045	323.0644	314.3758
		lb :	264.3955	312.9356	303.6242
		P^-1:
			0.0669	-0.0106	0.0086
			-0.0106	0.1016	-0.0105
			0.0086	-0.0105	0.0867
		A:
			0.2785	0.5738	-0.7702
			-0.3907	0.4158	0.8213
			-0.162	-0.8805	0.4456
			0.5224	-0.2742	-0.8074
			0.4057	0.913	-0.043
			-0.2748	-0.9594	0.0638
		b:
			21.409
			282.834
			-184.2495
			-193.6788
			388.3265
			-357.5718
	==================================================================================
	Q2:
		Shape: Hybrid
		q_c:	278.0	313.5	312.5
		ub :	284.8408	320.6439	316.8071
		lb :	271.1592	306.3561	308.1929
		P^-1:
			0.0565	-0.0239	-0.0144
			-0.0239	0.0619	-0.0287
			-0.0144	-0.0287	0.151
		A:
			0.6726	-0.5017	-0.5439
			0.4766	-0.5099	0.7161
			0.3977	-0.4055	-0.823
			-0.1998	-0.036	0.9792
			0.8744	-0.484	0.0345
			0.4332	0.2091	0.8767
		b:
			-138.1779
			198.2199
			-271.8102
			240.52
			104.6178
			463.0407
	==================================================================================
	Q3:
		Shape: Ellipse
		q_c:	277.5	308.5	316.5
		ub :	282.9559	314.8387	321.2335
		lb :	272.0441	302.1613	311.7665
		P^-1:
			0.1089	0.0136	-0.0393
			0.0136	0.0366	0.0021
			-0.0393	0.0021	0.1292
	==================================================================================
	Q4:
		Shape: Polyhedra
		q_c:	280.5	310.5	317.0
		ub :	284.9993	315.69	321.7579
		lb :	276.0007	305.31	312.2421
		A:
			-0.6973	-0.2895	0.6557
			-0.6093	-0.2865	0.7394
			-0.7777	0.0487	-0.6267
			-0.5735	-0.5246	0.6292
			0.6836	0.5203	-0.5119
			0.9995	-0.016	-0.0285
			0.8691	0.2532	0.425
			0.2295	0.5548	-0.7997
			-0.4382	0.7926	0.424
			-0.8691	-0.2532	-0.425
			-0.2295	-0.5548	0.7997
			0.4382	-0.7926	-0.424
		b:
			-74.8743
			-22.7559
			-399.1841
			-121.7981
			193.5361
			269.2087
			459.6056
			-14.3966
			261.5821
			-454.6056
			19.3966
			-253.5821
	==================================================================================
	Q5:
		Shape: Polyhedra
		q_c:	267.5	307.5	320.5
		ub :	272.8992	312.4358	323.9839
		lb :	262.1008	302.5642	317.0161
		A:
			-0.2824	-0.5603	-0.7786
			-0.0522	0.5665	0.8224
			0.3537	-0.5652	-0.7453
			0.0859	-0.9961	-0.0218
			0.87	0.2603	0.4187
			0.0126	-0.9938	-0.1107
			0.2985	0.243	0.9229
			-0.2209	-0.9232	0.3145
			0.9285	-0.2978	-0.2219
			-0.2985	-0.243	-0.9229
			0.2209	0.9232	-0.3145
			-0.9285	0.2978	0.2219
		b:
			-495.5335
			426.2072
			-314.8131
			-286.7265
			450.2028
			-334.2357
			451.8858
			-238.6708
			90.1662
			-448.8858
			245.6708
			-81.1662
	==================================================================================
	Q6:
		Shape: Ellipse
		q_c:	267.5	309.0	325.5
		ub :	274.4564	315.7261	333.0879
		lb :	260.5436	302.2739	317.9121
		P^-1:
			0.042	0.0056	-0.0123
			0.0056	0.0497	-0.0012
			-0.0123	-0.0012	0.0533


===========================================================================================
===========================================================================================
S12:
	q_c:	255.0	38.5	370.0
	ub :	277.9955	56.6552	386.8145
	lb :	235.4135	12.9336	355.762

	==================================================================================
	Q1:
		Shape: Hybrid
		q_c:	265.0	33.0	377.0
		ub :	277.9955	46.0429	386.8145
		lb :	252.0045	19.9571	367.1855
		P^-1:
			0.0193	0.0026	-0.0142
			0.0026	0.0133	-0.0053
			-0.0142	-0.0053	0.0415
		A:
			0.865	0.2194	-0.4513
			0.1913	0.3673	-0.9102
			0.874	-0.4821	-0.0616
			-0.2789	0.1764	0.944
			0.6804	0.4445	-0.5826
			0.4143	-0.3738	-0.8298
		b:
			70.4815
			-277.4508
			198.7976
			290.8847
			-21.1019
			-211.5801
	==================================================================================
	Q2:
		Shape: Polyhedra
		q_c:	256.0	22.5	366.5
		ub :	266.0244	32.0664	375.2032
		lb :	245.9756	12.9336	357.7968
		A:
			0.5127	-0.8586	-0.0044
			-0.4426	0.0829	0.8929
			0.7213	-0.5131	-0.4654
			0.3644	-0.6323	0.6837
			-0.0923	-0.4758	0.8747
			0.887	0.2737	0.3718
			0.5363	0.8105	0.2356
			0.5877	-0.1582	-0.7934
			-0.6058	0.564	-0.5612
			-0.5363	-0.8105	-0.2356
			-0.5877	0.1582	0.7934
			0.6058	-0.564	0.5612
		b:
			116.0139
			220.819
			7.7051
			335.1477
			291.6287
			375.9492
			248.8791
			-138.8876
			-342.5738
			-234.8791
			148.8876
			353.5738
	==================================================================================
	Q3:
		Shape: Polyhedra
		q_c:	243.0	33.0	373.5
		ub :	250.5865	41.8244	382.1776
		lb :	235.4135	24.1756	364.8224
		A:
			0.6918	-0.3034	0.6553
			-0.4989	-0.8245	-0.267
			-0.5298	0.4816	-0.6981
			0.9809	0.1752	-0.0844
			0.2248	-0.7195	0.6571
			-0.7931	0.5042	-0.3418
			0.1987	0.7849	0.5869
			-0.9589	0.2794	-0.0489
			-0.2023	-0.5531	0.8081
			-0.1987	-0.7849	-0.5869
			0.9589	-0.2794	0.0489
			0.2023	0.5531	-0.8081
		b:
			408.9383
			-243.5116
			-366.982
			218.3231
			283.3961
			-297.8778
			297.4179
			-236.5529
			241.9282
			-289.4179
			247.5529
			-226.9282
	==================================================================================
	Q4:
		Shape: Ellipse
		q_c:	245.5	31.5	368.5
		ub :	252.8503	39.6007	376.6213
		lb :	238.1497	23.3993	360.3787
		P^-1:
			0.0463	0.0039	0.0056
			0.0039	0.0339	0.0029
			0.0056	0.0029	0.03
	==================================================================================
	Q5:
		Shape: Hybrid
		q_c:	261.5	44.5	377.0
		ub :	269.8279	52.8576	384.6984
		lb :	253.1721	36.1424	369.3016
		P^-1:
			0.0433	0.0062	-0.0036
			0.0062	0.0432	0.0038
			-0.0036	0.0038	0.0307
		A:
			0.1971	0.8801	-0.432
			0.0193	0.9566	0.2909
			-0.7916	0.4599	-0.4024
			0.6079	0.5594	0.5635
			0.2587	-0.8946	0.3644
			-0.7008	0.0519	-0.7115
		b:
			-69.283
			159.8056
			-334.8795
			399.0099
			168.4224
			-445.7293
	==================================================================================
	Q6:
		Shape: Polyhedra
		q_c:	244.5	50.5	361.0
		ub :	250.5283	56.6552	366.238
		lb :	238.4717	44.3448	355.762
		A:
			0.5855	-0.1698	-0.7927
			0.0152	0.9923	0.1231
			-0.029	0.7308	-0.682
			-0.656	0.3438	0.6719
			-0.1313	-0.5693	0.8116
			0.1557	0.4735	0.8669
			0.5524	0.626	0.5504
			0.5299	0.246	-0.8116
			-0.6435	0.74	-0.1958
			-0.5524	-0.626	-0.5504
			-0.5299	-0.246	0.8116
			0.6435	-0.74	0.1958
		b:
			-149.1604
			102.652
			-213.8311
			102.153
			234.4035
			379.785
			370.8712
			-149.0062
			-187.6634
			-359.8712
			153.0062
			193.6634


===========================================================================================
===========================================================================================
