3D_35_6_6_f                l = 3

===========================================================================================
===========================================================================================
S1:
	q_c:	241.5	383.5	493.0
	ub :	258.8722	399.6639	513.0007
	lb :	225.9451	363.9822	471.0879

	==================================================================================
	Q1:
		Shape: Polyhedra
		q_c:	249.0	390.5	490.0
		ub :	258.8722	399.6639	499.6349
		lb :	239.1278	381.3361	480.3651
		A:
			0.2538	0.9509	0.1773
			0.8899	-0.3881	-0.2398
			-0.4355	0.8294	0.3498
			0.6801	0.7318	0.044
			0.8973	-0.0802	-0.4342
			-0.7332	0.0485	-0.6782
			0.4906	0.8247	0.2815
			0.6903	-0.1707	-0.7031
			-0.5317	0.5393	-0.653
			-0.4906	-0.8247	-0.2815
			-0.6903	0.1707	0.7031
			0.5317	-0.5393	0.653
		b:
			527.0215
			-41.8442
			392.4797
			482.1317
			-15.4683
			-489.354
			587.6301
			-234.2597
			-234.8069
			-576.6301
			244.2597
			248.8069
	==================================================================================
	Q2:
		Shape: Ellipse
		q_c:	232.5	380.0	505.0
		ub :	239.0549	387.0495	513.0007
		lb :	225.9451	372.9505	496.9993
		P^-1:
			0.0993	-0.0376	-0.0581
			-0.0376	0.0688	0.0089
			-0.0581	0.0089	0.0748
	==================================================================================
	Q3:
		Shape: Hybrid
		q_c:	247.0	392.5	500.0
		ub :	252.4791	394.7623	505.1146
		lb :	241.5209	390.2377	494.8854
		P^-1:
			0.0506	-0.0072	-0.0036
			-0.0072	0.2496	0.0046
			-0.0036	0.0046	0.0617
		A:
			-0.2048	-0.82	0.5344
			0.1534	-0.9828	-0.1026
			-0.6849	0.4152	0.5988
			-0.0856	-0.951	0.297
			0.133	0.9878	-0.0813
			-0.3553	-0.9338	-0.0416
		b:
			-103.3372
			-398.1069
			295.9913
			-244.6091
			381.029
			-473.5574
	==================================================================================
	Q4:
		Shape: Hybrid
		q_c:	238.0	380.0	493.0
		ub :	246.1077	384.5849	501.1488
		lb :	229.8923	375.4151	484.8512
		P^-1:
			0.0346	-0.0033	0.0138
			-0.0033	0.1067	-0.0161
			0.0138	-0.0161	0.0428
		A:
			0.6283	-0.1378	0.7657
			-0.3691	-0.9112	-0.1829
			0.4936	0.7986	-0.3444
			0.4177	-0.5705	0.7071
			0.3867	0.2634	0.8838
			0.5134	0.8578	-0.0256
		b:
			477.4527
			-522.1587
			254.0122
			233.4679
			631.0253
			437.981
	==================================================================================
	Q5:
		Shape: Polyhedra
		q_c:	246.0	371.5	484.5
		ub :	253.0758	379.0178	489.9071
		lb :	238.9242	363.9822	479.0929
		A:
			-0.6216	0.6159	0.4841
			-0.7979	-0.4856	-0.3573
			-0.2449	0.3081	0.9193
			-0.0202	0.8566	0.5157
			-0.2634	-0.4721	-0.8412
			-0.079	-0.8009	-0.5936
			0.2923	0.5824	0.7585
			0.8972	-0.4415	-0.0068
			0.331	0.6826	-0.6516
			-0.2923	-0.5824	-0.7585
			-0.8972	0.4415	0.0068
			-0.331	-0.6826	0.6516
		b:
			314.7426
			-546.1261
			503.3617
			565.9503
			-646.0475
			-602.2026
			657.2774
			58.4091
			25.7857
			-654.2774
			-48.4091
			-12.7857
	==================================================================================
	Q6:
		Shape: Ellipse
		q_c:	246.0	393.5	480.5
		ub :	255.8024	398.9703	489.9121
		lb :	236.1976	388.0297	471.0879
		P^-1:
			0.0215	0.0024	0.0096
			0.0024	0.1428	0.0443
			0.0096	0.0443	0.0444


===========================================================================================
===========================================================================================
S2:
	q_c:	489.0	199.0	318.0
	ub :	497.2469	214.0025	329.5413
	lb :	472.1234	187.6035	305.8512

	==================================================================================
	Q1:
		Shape: Polyhedra
		q_c:	485.0	199.5	317.5
		ub :	491.4122	207.7992	325.6436
		lb :	478.5878	191.2008	309.3564
		A:
			0.7227	0.6006	-0.3419
			-0.8824	-0.2953	0.3664
			0.6417	0.7497	-0.1618
			0.5285	0.3248	-0.7843
			-0.8323	-0.5459	-0.0963
			0.5491	0.805	-0.2249
			0.3312	0.5934	0.7336
			0.4206	-0.7888	0.4481
			0.8446	0.1602	-0.5108
			-0.3312	-0.5934	-0.7336
			-0.4206	0.7888	-0.4481
			-0.8446	-0.1602	0.5108
		b:
			365.2927
			-367.7932
			413.7252
			75.4288
			-538.7204
			359.9133
			517.9419
			194.3978
			281.9004
			-505.9419
			-183.3978
			-276.9004
	==================================================================================
	Q2:
		Shape: Polyhedra
		q_c:	479.0	200.5	323.0
		ub :	482.6299	206.9058	328.3241
		lb :	475.3701	194.0942	317.6759
		A:
			0.4747	-0.755	-0.4523
			0.9318	-0.1856	0.3118
			0.1868	-0.5338	-0.8247
			0.2506	0.8253	0.5061
			-0.3616	0.4594	0.8113
			-0.426	-0.1908	-0.8844
			0.6784	0.2531	0.6897
			0.0229	0.931	-0.3642
			-0.7343	0.2629	0.6258
			-0.6784	-0.2531	-0.6897
			-0.0229	-0.931	0.3642
			0.7343	-0.2629	-0.6258
		b:
			-66.6804
			512.8711
			-281.3578
			452.9461
			183.2393
			-524.9695
			601.4875
			85.4876
			-94.8761
			-595.4875
			-74.4876
			98.8761
	==================================================================================
	Q3:
		Shape: Hybrid
		q_c:	479.5	196.5	322.0
		ub :	485.0099	202.0227	325.6339
		lb :	473.9901	190.9773	318.3661
		P^-1:
			0.1028	-0.053	-0.0103
			-0.053	0.102	0.01
			-0.0103	0.01	0.1157
		A:
			0.3999	0.6047	-0.6888
			0.5293	-0.8467	-0.0548
			0.6104	-0.373	-0.6987
			0.3977	-0.8035	-0.4431
			-0.7645	0.0637	0.6415
			-0.6432	0.3943	-0.6563
		b:
			91.3708
			71.1929
			-4.1519
			-108.3825
			-145.5582
			-440.5742
	==================================================================================
	Q4:
		Shape: Polyhedra
		q_c:	478.5	205.0	323.0
		ub :	484.8766	209.4751	329.5413
		lb :	472.1234	200.5249	316.4587
		A:
			-0.7031	-0.2114	0.679
			-0.5873	0.8046	-0.0881
			-0.3543	-0.8851	0.3019
			-0.0915	0.9559	-0.2792
			-0.8062	-0.3905	0.4445
			0.6171	-0.7867	0.0186
			0.6186	0.4695	0.6301
			-0.4725	0.8629	-0.1791
			-0.6278	-0.1869	0.7556
			-0.6186	-0.4695	-0.6301
			0.4725	-0.8629	0.1791
			0.6278	0.1869	-0.7556
		b:
			-157.3914
			-143.4221
			-249.954
			63.9167
			-318.4523
			141.2077
			602.2352
			-106.0371
			-91.6512
			-589.2352
			108.0371
			97.6512
	==================================================================================
	Q5:
		Shape: Polyhedra
		q_c:	490.5	191.5	312.5
		ub :	497.2469	195.3965	319.1488
		lb :	483.7531	187.6035	305.8512
		A:
			0.2459	-0.0601	-0.9674
			-0.2173	-0.5337	0.8173
			0.9672	0.1193	0.2241
			-0.3367	0.6295	0.7002
			0.4167	0.8718	-0.2574
			0.6348	0.7218	0.2755
			0.6356	0.2561	0.7283
			-0.7383	-0.0744	0.6704
			0.2258	-0.9638	0.1418
			-0.6356	-0.2561	-0.7283
			0.7383	0.0744	-0.6704
			-0.2258	0.9638	-0.1418
		b:
			-188.6994
			50.5735
			571.7878
			178.1805
			294.3524
			539.7929
			592.8956
			-162.3544
			-26.9794
			-583.8956
			171.3544
			31.9794
	==================================================================================
	Q6:
		Shape: Polyhedra
		q_c:	482.5	209.5	315.0
		ub :	487.8889	214.0025	320.9453
		lb :	477.1111	204.9975	309.0547
		A:
			0.7764	0.5872	-0.229
			0.5565	0.7715	0.3084
			-0.8441	-0.2763	-0.4596
			0.769	0.5987	-0.2241
			-0.8514	-0.4393	-0.2866
			-0.6909	-0.1071	-0.715
			0.6909	0.6263	0.3613
			-0.534	0.1051	0.8389
			0.4874	-0.7725	0.4071
			-0.6909	-0.6263	-0.3613
			0.534	-0.1051	-0.8389
			-0.4874	0.7725	-0.4071
		b:
			428.2972
			528.9584
			-607.8376
			428.688
			-591.3014
			-578.2987
			579.8432
			33.117
			205.5482
			-576.8432
			-24.117
			-197.5482


===========================================================================================
===========================================================================================
S3:
	q_c:	166.0	277.0	193.5
	ub :	188.2777	293.3811	208.6566
	lb :	150.0738	258.1435	180.9596

	==================================================================================
	Q1:
		Shape: Ellipse
		q_c:	170.5	282.5	194.5
		ub :	178.0147	290.3191	201.7398
		lb :	162.9853	274.6809	187.2602
		P^-1:
			0.0525	0.0028	0.0197
			0.0028	0.0367	0.0092
			0.0197	0.0092	0.0656
	==================================================================================
	Q2:
		Shape: Hybrid
		q_c:	178.0	286.0	201.5
		ub :	184.0726	293.3811	208.6566
		lb :	171.9274	278.6189	194.3434
		P^-1:
			0.5091	-0.1891	-0.4517
			-0.1891	0.1076	0.1657
			-0.4517	0.1657	0.4436
		A:
			-0.6821	0.4481	0.5779
			0.6239	-0.3347	-0.7063
			0.6681	-0.3438	-0.6599
			0.7504	-0.5088	-0.422
			-0.7393	0.4596	0.4921
			-0.5966	0.3602	0.7171
		b:
			124.0714
			-126.2026
			-111.76
			-95.5399
			100.0906
			142.2746
	==================================================================================
	Q3:
		Shape: Ellipse
		q_c:	179.5	282.0	189.5
		ub :	188.2777	292.6683	198.0404
		lb :	170.7223	271.3317	180.9596
		P^-1:
			0.0271	-0.0007	-0.0062
			-0.0007	0.0305	-0.022
			-0.0062	-0.022	0.0465
	==================================================================================
	Q4:
		Shape: Polyhedra
		q_c:	173.0	267.0	199.0
		ub :	181.2116	275.8565	208.4915
		lb :	164.7884	258.1435	189.5085
		A:
			-0.8815	-0.3625	0.3027
			-0.272	-0.6792	0.6817
			0.3921	-0.7904	0.4707
			0.7563	-0.3705	0.5392
			-0.5781	0.7215	-0.3812
			0.7553	0.189	-0.6276
			0.3984	0.6967	0.5965
			-0.2699	0.7106	-0.6497
			-0.8766	0.0978	0.4712
			-0.3984	-0.6967	-0.5965
			0.2699	-0.7106	0.6497
			0.8766	-0.0978	-0.4712
		b:
			-183.7598
			-88.459
			-45.4174
			144.0424
			20.8632
			60.7133
			381.6589
			17.7454
			-27.2663
			-365.6589
			-9.7454
			36.2663
	==================================================================================
	Q5:
		Shape: Ellipse
		q_c:	160.0	270.0	189.5
		ub :	169.9262	280.5643	197.6012
		lb :	150.0738	259.4357	181.3988
		P^-1:
			0.0271	-0.0116	-0.0035
			-0.0116	0.0276	0.0015
			-0.0035	0.0015	0.0287
	==================================================================================
	Q6:
		Shape: Polyhedra
		q_c:	155.0	278.5	189.0
		ub :	159.5231	285.7264	195.9301
		lb :	150.4769	271.2736	182.0699
		A:
			0.6882	0.1009	0.7185
			0.1389	0.1135	-0.9838
			-0.5945	-0.7961	0.1126
			-0.649	0.7235	-0.2352
			0.4756	-0.799	0.368
			-0.351	-0.2219	0.9097
			0.1659	0.69	0.7045
			0.9832	-0.1708	-0.0642
			0.076	0.7033	-0.7068
			-0.1659	-0.69	-0.7045
			-0.9832	0.1708	0.0642
			-0.076	-0.7033	0.7068
		b:
			274.642
			-127.8273
			-287.911
			60.8407
			-74.405
			60.7522
			355.0412
			96.1781
			79.5887
			-347.0412
			-89.1781
			-68.5887


===========================================================================================
===========================================================================================
S4:
	q_c:	391.0	299.0	134.0
	ub :	431.0285	333.1653	171.0609
	lb :	344.3623	251.7297	87.6141

	==================================================================================
	Q1:
		Shape: Hybrid
		q_c:	368.5	310.0	110.5
		ub :	392.6377	333.1653	133.3859
		lb :	344.3623	286.8347	87.6141
		P^-1:
			0.0043	-0.0007	-0.0011
			-0.0007	0.0057	-0.0007
			-0.0011	-0.0007	0.0056
		A:
			-0.5688	-0.761	-0.3119
			0.2428	0.3531	-0.9035
			-0.9231	-0.0901	0.3738
			0.9806	-0.0237	-0.1948
			-0.6899	-0.4281	0.5838
			0.4177	0.4688	-0.7783
		b:
			-469.6165
			105.4387
			-318.5153
			341.3447
			-315.0695
			219.6023
	==================================================================================
	Q2:
		Shape: Ellipse
		q_c:	404.5	295.5	156.0
		ub :	420.7802	311.3385	171.0609
		lb :	388.2198	279.6615	140.9391
		P^-1:
			0.0152	-0.008	-0.0021
			-0.008	0.016	-0.0024
			-0.0021	-0.0024	0.0103
	==================================================================================
	Q3:
		Shape: Ellipse
		q_c:	384.5	302.5	148.0
		ub :	399.7065	318.7528	161.9529
		lb :	369.2935	286.2472	134.0471
		P^-1:
			0.0191	-0.0098	0.0041
			-0.0098	0.0166	0.0039
			0.0041	0.0039	0.0146
	==================================================================================
	Q4:
		Shape: Hybrid
		q_c:	411.5	272.5	123.5
		ub :	431.0285	293.2703	141.3489
		lb :	391.9715	251.7297	105.6511
		P^-1:
			0.0055	0.0013	-0.0008
			0.0013	0.0073	-0.0011
			-0.0008	-0.0011	0.0074
		A:
			0.2191	-0.725	0.653
			0.4616	-0.1954	0.8653
			-0.4796	0.6007	-0.6397
			0.0169	0.3835	0.9234
			-0.2577	0.952	-0.1651
			0.7427	-0.6691	-0.0269
		b:
			-20.0215
			251.1381
			-104.8909
			232.5555
			140.394
			128.9708
	==================================================================================
	Q5:
		Shape: Polyhedra
		q_c:	409.0	313.0	128.0
		ub :	426.6556	320.4485	144.6984
		lb :	391.3444	305.5515	111.3016
		A:
			0.6791	-0.7246	-0.1174
			-0.1988	0.4319	0.8797
			0.6859	0.5333	-0.4951
			0.3313	-0.9278	0.1714
			-0.2105	0.9775	-0.0123
			0.0027	-0.9652	-0.2614
			0.1916	0.0492	0.9802
			-0.9458	-0.2577	0.1978
			0.2623	-0.965	-0.0029
			-0.1916	-0.0492	-0.9802
			0.9458	0.2577	-0.1978
			-0.2623	0.965	0.0029
		b:
			43.5878
			178.9964
			398.1731
			-128.9948
			221.4141
			-328.6052
			233.2107
			-427.1658
			-192.1155
			-205.2107
			457.1658
			198.1155
	==================================================================================
	Q6:
		Shape: Hybrid
		q_c:	380.0	313.5	145.5
		ub :	390.5229	328.2808	158.0118
		lb :	369.4771	298.7192	132.9882
		P^-1:
			0.0197	0.0019	0.0015
			0.0019	0.007	0.0018
			0.0015	0.0018	0.014
		A:
			-0.8726	-0.4879	0.0232
			-0.3407	-0.622	0.705
			0.2986	-0.7885	-0.5377
			0.2948	-0.2009	-0.9342
			-0.6196	-0.7407	0.2597
			0.4264	0.1745	0.8875
		b:
			-476.5756
			-214.7014
			-204.8774
			-81.8648
			-423.1561
			350.2675


===========================================================================================
===========================================================================================
S5:
	q_c:	116.0	172.5	257.5
	ub :	125.8605	184.2424	268.8762
	lb :	101.4633	165.6381	241.8931

	==================================================================================
	Q1:
		Shape: Polyhedra
		q_c:	117.0	176.0	259.5
		ub :	125.1909	182.7559	267.6557
		lb :	108.8091	169.2441	251.3443
		A:
			0.2579	-0.3452	-0.9024
			0.3895	0.8807	-0.2694
			-0.5062	0.8274	-0.2433
			-0.7008	0.3174	-0.6389
			-0.8669	0.4985	-0.003
			-0.2965	-0.874	-0.3851
			0.4795	0.1761	0.8597
			-0.5891	0.7907	0.1666
			-0.6504	-0.5864	0.4829
			-0.4795	-0.1761	-0.8597
			0.5891	-0.7907	-0.1666
			0.6504	0.5864	-0.4829
		b:
			-259.6209
			135.4633
			27.1758
			-186.5586
			-10.4877
			-283.4349
			316.1874
			116.9685
			-48.9807
			-304.1874
			-109.9685
			58.9807
	==================================================================================
	Q2:
		Shape: Polyhedra
		q_c:	107.0	178.0	260.5
		ub :	112.5367	184.2424	267.1099
		lb :	101.4633	171.7576	253.8901
		A:
			0.8835	0.4025	0.2398
			-0.4805	0.7396	0.4713
			-0.2924	0.2053	-0.934
			-0.6347	0.3436	0.6921
			-0.9605	0.1174	0.2521
			-0.9351	-0.1678	0.3121
			0.7028	0.4198	0.5743
			-0.7087	0.3438	0.6161
			0.0612	-0.84	0.5391
			-0.7028	-0.4198	-0.5743
			0.7087	-0.3438	-0.6161
			-0.0612	0.84	-0.5391
		b:
			232.5802
			206.6244
			-234.095
			177.0468
			-12.5798
			-44.9292
			303.5294
			149.339
			1.4799
			-295.5294
			-142.339
			6.5201
	==================================================================================
	Q3:
		Shape: Polyhedra
		q_c:	112.5	178.5	247.5
		ub :	115.5092	183.7941	253.1069
		lb :	109.4908	173.2059	241.8931
		A:
			-0.9414	-0.3351	0.0394
			-0.7837	0.1538	-0.6018
			0.506	0.8602	-0.064
			0.9195	-0.2937	-0.2612
			0.9814	-0.1877	-0.0409
			0.6408	0.5894	-0.4919
			0.0961	0.2748	0.9567
			-0.1524	0.9539	-0.2587
			-0.9836	-0.121	0.1335
			-0.0961	-0.2748	-0.9567
			0.1524	-0.9539	0.2587
			0.9836	0.121	-0.1335
		b:
			-153.7694
			-206.1736
			198.0369
			-11.0759
			69.0761
			58.5833
			301.1428
			93.0866
			-97.2038
			-292.1428
			-85.0866
			101.2038
	==================================================================================
	Q4:
		Shape: Polyhedra
		q_c:	112.0	178.5	249.0
		ub :	116.4791	183.081	254.0324
		lb :	107.5209	173.919	243.9676
		A:
			-0.2736	0.8655	0.4195
			0.5462	-0.3102	-0.7781
			0.5129	0.7385	0.4376
			-0.0011	-0.9594	0.2822
			0.7359	0.0238	0.6766
			0.5138	0.6501	-0.5599
			0.1049	0.745	0.6588
			-0.2722	0.6586	-0.7015
			-0.9565	-0.1058	0.2719
			-0.1049	-0.745	-0.6588
			0.2722	-0.6586	0.7015
			0.9565	0.1058	-0.2719
		b:
			231.3504
			-184.6888
			301.3384
			-98.0862
			258.3085
			37.4346
			311.763
			-84.5978
			-54.8034
			-305.763
			90.5978
			61.8034
	==================================================================================
	Q5:
		Shape: Polyhedra
		q_c:	120.5	172.0	251.0
		ub :	125.8605	178.3619	257.2293
		lb :	115.1395	165.6381	244.7707
		A:
			0.5009	-0.7501	0.4318
			0.9426	0.2479	-0.2236
			-0.7571	0.6351	0.1529
			0.8888	0.125	-0.441
			-0.9945	-0.0406	-0.0966
			-0.6137	0.6503	0.4478
			0.4181	0.893	0.1666
			0.9067	-0.4215	-0.0164
			0.0556	0.1579	-0.9859
			-0.4181	-0.893	-0.1666
			-0.9067	0.4215	0.0164
			-0.0556	-0.1579	0.9859
		b:
			44.0009
			104.1944
			59.9907
			22.1806
			-147.3298
			154.3011
			250.2846
			36.1541
			-208.1092
			-241.2846
			-29.1541
			219.1092
	==================================================================================
	Q6:
		Shape: Hybrid
		q_c:	117.5	169.5	265.0
		ub :	121.1449	173.1449	268.8762
		lb :	113.8551	165.8551	261.1238
		P^-1:
			1.7913	-1.5718	-1.1002
			-1.5718	1.5304	1.0736
			-1.1002	1.0736	0.9008
		A:
			-0.6912	0.6153	0.379
			0.6049	-0.5907	-0.5339
			0.9839	-0.1631	-0.0726
			-0.0665	-0.0466	0.9967
			0.148	-0.989	0.0077
			0.8118	-0.4878	-0.3209
		b:
			123.7848
			-170.2155
			70.4356
			250.8521
			-145.5688
			-71.735


===========================================================================================
===========================================================================================
S6:
	q_c:	96.5	324.5	278.0
	ub :	129.3519	354.7569	310.4064
	lb :	81.4473	297.7347	250.5081

	==================================================================================
	Q1:
		Shape: Polyhedra
		q_c:	115.5	338.5	286.0
		ub :	129.3519	350.2229	294.5057
		lb :	101.6481	326.7771	277.4943
		A:
			-0.175	-0.6481	-0.7412
			-0.4424	-0.2367	0.865
			-0.33	-0.54	-0.7743
			-0.5949	-0.6397	-0.4867
			-0.8564	0.5129	-0.0593
			0.4376	0.7204	0.5381
			0.3796	0.7158	0.5861
			0.2784	0.5158	-0.8102
			-0.8823	0.4708	-0.0035
			-0.3796	-0.7158	-0.5861
			-0.2784	-0.5158	0.8102
			0.8823	-0.4708	0.0035
		b:
			-448.2972
			125.3194
			-439.2918
			-420.9955
			69.7356
			450.432
			455.77
			-15.9662
			68.4621
			-451.77
			33.9662
			-44.4621
	==================================================================================
	Q2:
		Shape: Ellipse
		q_c:	113.5	311.5	295.0
		ub :	123.6402	325.2653	307.455
		lb :	103.3598	297.7347	282.545
		P^-1:
			0.0764	0.021	0.0429
			0.021	0.0173	0.0125
			0.0429	0.0125	0.0398
	==================================================================================
	Q3:
		Shape: Polyhedra
		q_c:	102.5	314.0	261.0
		ub :	117.8087	324.9326	269.6169
		lb :	87.1913	303.0674	252.3831
		A:
			-0.6133	-0.4623	0.6404
			0.1974	-0.6109	0.7667
			-0.3409	-0.7151	-0.6103
			-0.386	-0.6934	0.6085
			-0.6977	-0.7091	0.1025
			-0.5689	-0.6482	0.5061
			0.4903	0.8702	0.048
			0.8382	-0.486	0.2473
			0.2385	-0.0811	-0.9677
			-0.4903	-0.8702	-0.048
			-0.8382	0.486	-0.2473
			-0.2385	0.0811	0.9677
		b:
			-35.9709
			38.6162
			-414.2402
			-93.5115
			-262.3788
			-125.3897
			340.0298
			12.3796
			-248.5799
			-332.0298
			16.6204
			258.5799
	==================================================================================
	Q4:
		Shape: Polyhedra
		q_c:	96.0	340.5	267.0
		ub :	109.4779	354.7569	282.3472
		lb :	82.5221	326.2431	251.6528
		A:
			-0.1147	0.331	-0.9366
			-0.8884	0.2425	0.3899
			-0.9088	0.3633	0.2052
			-0.9063	0.0277	0.4217
			-0.2267	0.0317	0.9734
			0.9456	0.2178	0.2417
			0.375	0.6269	0.6829
			-0.4155	0.7722	-0.4807
			-0.8287	-0.1035	0.5501
			-0.375	-0.6269	-0.6829
			0.4155	-0.7722	0.4807
			0.8287	0.1035	-0.5501
		b:
			-139.3745
			108.7262
			98.9292
			42.0924
			257.5844
			238.3571
			442.2977
			103.7019
			39.055
			-421.2977
			-85.7019
			-25.055
	==================================================================================
	Q5:
		Shape: Hybrid
		q_c:	91.5	324.0	296.5
		ub :	101.5527	335.3748	310.4064
		lb :	81.4473	312.6252	282.5936
		P^-1:
			0.0621	-0.0254	0.0191
			-0.0254	0.0311	-0.0038
			0.0191	-0.0038	0.0164
		A:
			0.9949	0.0757	0.0662
			-0.562	-0.2306	-0.7943
			0.6659	-0.5586	0.4946
			-0.579	0.7514	-0.3164
			0.2286	0.9621	0.1485
			-0.1181	-0.9234	-0.3652
		b:
			139.632
			-356.7458
			29.664
			99.8219
			382.4281
			-413.1101
	==================================================================================
	Q6:
		Shape: Hybrid
		q_c:	101.5	334.0	264.5
		ub :	116.5306	347.7972	278.4919
		lb :	86.4694	320.2028	250.5081
		P^-1:
			0.0171	0.0045	0.0156
			0.0045	0.0116	0.0035
			0.0156	0.0035	0.0278
		A:
			0.4579	-0.8273	-0.3254
			-0.5882	-0.5789	-0.5647
			-0.9231	0.1972	0.3301
			-0.9268	-0.3402	-0.1591
			0.7016	-0.0263	0.7121
			-0.2875	-0.3083	-0.9068
		b:
			-306.3936
			-398.7865
			70.1264
			-243.0497
			254.028
			-368.0348


===========================================================================================
===========================================================================================
