3D_30_13_6_f                l = 3

===========================================================================================
===========================================================================================
S1:
	q_c:	110.5	424.0	290.0
	ub :	123.9177	437.3736	298.5743
	lb :	100.0723	409.7652	281.6153

	==================================================================================
	Q1:
		Shape: Ellipse
		q_c:	109.5	431.5	291.0
		ub :	115.5889	437.1798	296.1547
		lb :	103.4111	425.8202	285.8453
		P^-1:
			0.1156	0.0533	0.0714
			0.0533	0.1154	0.0677
			0.0714	0.0677	0.1309
	==================================================================================
	Q2:
		Shape: Polyhedra
		q_c:	110.0	420.5	290.5
		ub :	115.7692	423.2936	296.3498
		lb :	104.2308	417.7064	284.6502
		A:
			0.211	-0.8778	-0.4302
			-0.9162	-0.3698	-0.1543
			-0.59	-0.787	-0.1806
			0.9787	0.1541	0.1356
			0.6375	0.7684	-0.0558
			0.3313	0.9238	0.1919
			0.2102	0.9649	0.1571
			0.7464	-0.0546	-0.6633
			-0.6315	0.2567	-0.7317
			-0.2102	-0.9649	-0.1571
			-0.7464	0.0546	0.6633
			0.6315	-0.2567	0.7317
		b:
			-468.687
			-297.6744
			-446.1134
			215.6563
			379.2551
			482.2353
			476.0306
			-130.0394
			-169.5645
			-473.0306
			137.0394
			178.5645
	==================================================================================
	Q3:
		Shape: Polyhedra
		q_c:	118.0	424.5	294.0
		ub :	122.3315	428.6903	298.5743
		lb :	113.6685	420.3097	289.4257
		A:
			-0.6361	-0.5849	-0.5032
			-0.13	-0.9657	0.2247
			0.971	0.2306	-0.0638
			-0.4256	-0.1521	0.8921
			0.6342	0.7519	0.1803
			0.3886	-0.1863	0.9024
			0.6564	0.258	0.7089
			0.132	-0.9645	0.2287
			0.7428	-0.0565	-0.6671
			-0.6564	-0.258	-0.7089
			-0.132	0.9645	-0.2287
			-0.7428	0.0565	0.6671
		b:
			-468.6427
			-355.7525
			196.5035
			150.4936
			449.945
			234.8528
			397.9003
			-323.0999
			-129.4814
			-392.9003
			330.0999
			135.4814
	==================================================================================
	Q4:
		Shape: Hybrid
		q_c:	106.0	415.5	286.5
		ub :	111.9277	421.2348	291.3396
		lb :	100.0723	409.7652	281.6604
		P^-1:
			0.0816	0.0	0.0
			0.0	0.0816	-0.0
			0.0	-0.0	0.0816
		A:
			-0.3681	0.8444	0.3892
			0.7303	-0.1937	0.6551
			0.8052	0.5101	0.3025
			-0.3663	0.8299	0.4209
			-0.6019	-0.7924	-0.0988
			-0.5262	0.0571	-0.8484
		b:
			425.0933
			186.3784
			385.7043
			428.3067
			-419.6068
			-273.3636
	==================================================================================
	Q5:
		Shape: Ellipse
		q_c:	118.5	431.0	291.0
		ub :	123.9177	436.2553	296.348
		lb :	113.0823	425.7447	285.652
		P^-1:
			0.0618	-0.0475	0.043
			-0.0475	0.1542	-0.0824
			0.043	-0.0824	0.1365
	==================================================================================
	Q6:
		Shape: Ellipse
		q_c:	116.5	431.5	287.5
		ub :	122.9325	437.3736	293.3847
		lb :	110.0675	425.6264	281.6153
		P^-1:
			0.059	0.0204	0.0092
			0.0204	0.0927	0.0196
			0.0092	0.0196	0.0582


===========================================================================================
===========================================================================================
S2:
	q_c:	178.5	127.5	516.5
	ub :	198.7755	143.1682	538.393
	lb :	170.497	108.5887	501.736

	==================================================================================
	Q1:
		Shape: Polyhedra
		q_c:	186.5	135.5	512.5
		ub :	194.4803	143.1682	517.3807
		lb :	178.5197	127.8318	507.6193
		A:
			-0.5571	0.7731	0.3033
			-0.8386	-0.4536	-0.3017
			0.1692	-0.049	-0.9844
			0.2242	0.3374	0.9143
			0.2457	-0.5182	-0.8192
			-0.0116	0.949	-0.3149
			0.2354	0.4878	0.8406
			0.5066	0.6765	-0.5345
			-0.8294	0.5516	-0.0879
			-0.2354	-0.4878	-0.8406
			-0.5066	-0.6765	0.5345
			0.8294	-0.5516	0.0879
		b:
			161.5504
			-368.2435
			-476.2227
			558.2552
			-440.9805
			-29.7141
			542.8115
			-82.7757
			-118.9684
			-538.8115
			92.7757
			130.9684
	==================================================================================
	Q2:
		Shape: Polyhedra
		q_c:	182.0	123.5	530.5
		ub :	190.4641	131.9615	538.393
		lb :	173.5359	115.0385	522.607
		A:
			0.2383	0.6838	0.6896
			-0.5364	0.8274	0.1666
			-0.6064	-0.6223	-0.4949
			0.7721	0.1738	0.6113
			0.6353	-0.2222	0.7396
			-0.2001	0.8625	-0.4648
			0.4287	0.7813	0.4537
			-0.7984	0.5626	-0.2146
			-0.4229	-0.2702	0.8649
			-0.4287	-0.7813	-0.4537
			0.7984	-0.5626	0.2146
			0.4229	0.2702	-0.8649
		b:
			499.1249
			98.0602
			-444.3204
			491.5535
			485.6354
			-171.3925
			420.6969
			-184.6556
			353.4951
			-409.6969
			194.6556
			-343.4951
	==================================================================================
	Q3:
		Shape: Polyhedra
		q_c:	176.5	118.5	512.5
		ub :	182.503	127.4041	521.1306
		lb :	170.497	109.5959	503.8694
		A:
			0.0557	-0.9175	-0.3939
			0.8371	-0.1993	0.5094
			-0.3115	-0.2058	0.9277
			0.519	0.389	0.7611
			0.8348	0.4742	-0.2798
			-0.9102	-0.4091	0.0644
			0.8755	0.1287	0.4657
			-0.4575	0.5312	0.7131
			-0.1556	-0.8374	0.524
			-0.8755	-0.1287	-0.4657
			0.4575	-0.5312	-0.7131
			0.1556	0.8374	-0.524
		b:
			-295.1707
			388.8062
			402.1399
			531.4097
			65.5273
			-171.5562
			411.4696
			352.6853
			148.8389
			-405.4696
			-342.6853
			-134.8389
	==================================================================================
	Q4:
		Shape: Polyhedra
		q_c:	188.0	117.5	510.0
		ub :	196.0603	126.4113	518.264
		lb :	179.9397	108.5887	501.736
		A:
			0.9858	-0.1444	0.086
			0.1707	0.2638	-0.9494
			0.154	-0.5267	0.836
			0.5307	0.2159	-0.8196
			-0.4148	-0.7433	0.5248
			0.7976	0.2768	-0.5359
			0.0522	0.5795	0.8133
			0.3288	0.759	-0.562
			-0.9429	0.2967	-0.151
			-0.0522	-0.5795	-0.8133
			-0.3288	-0.759	0.562
			0.9429	-0.2967	0.151
		b:
			218.6578
			-415.8795
			398.8145
			-287.5554
			107.3547
			-85.2566
			498.1752
			-130.5957
			-212.8973
			-487.1752
			140.5957
			225.8973
	==================================================================================
	Q5:
		Shape: Polyhedra
		q_c:	192.5	117.0	521.5
		ub :	198.7755	124.1004	525.5803
		lb :	186.2245	109.8996	517.4197
		A:
			-0.4973	-0.0496	-0.8662
			0.87	-0.493	-0.0044
			0.9355	-0.2089	-0.2849
			0.1714	-0.4355	-0.8837
			-0.3929	0.1407	0.9087
			-0.9154	-0.3863	0.1132
			0.8758	0.2994	0.3787
			-0.3728	-0.0791	0.9246
			0.3068	-0.9508	0.0424
			-0.8758	-0.2994	-0.3787
			0.3728	0.0791	-0.9246
			-0.3068	0.9508	-0.0424
		b:
			-549.6704
			112.6057
			11.2235
			-475.2448
			417.5073
			-158.6301
			405.1031
			403.6452
			-24.1048
			-397.1031
			-398.6452
			36.1048
	==================================================================================
	Q6:
		Shape: Polyhedra
		q_c:	185.5	125.5	528.5
		ub :	193.3078	133.1953	536.0151
		lb :	177.6922	117.8047	520.9849
		A:
			-0.2697	0.6689	0.6927
			-0.778	-0.6283	0.0025
			0.4536	-0.4074	0.7926
			0.3081	-0.5444	-0.7801
			0.2769	-0.8427	-0.4617
			0.9728	-0.0573	0.2246
			0.4666	0.5453	0.6963
			0.7109	0.2372	-0.6621
			-0.5262	0.804	-0.277
			-0.4666	-0.5453	-0.6963
			-0.7109	-0.2372	0.6621
			0.5262	-0.804	0.277
		b:
			404.7766
			-217.3101
			456.8496
			-418.8158
			-293.4787
			296.7045
			528.009
			-184.2887
			-138.1144
			-518.009
			192.2887
			148.1144


===========================================================================================
===========================================================================================
S3:
	q_c:	366.5	490.5	434.0
	ub :	370.4528	508.0062	451.6986
	lb :	353.5479	474.0732	415.7472

	==================================================================================
	Q1:
		Shape: Polyhedra
		q_c:	363.0	494.0	422.0
		ub :	368.549	500.5222	428.2528
		lb :	357.451	487.4778	415.7472
		A:
			0.9416	-0.2482	-0.2276
			-0.9449	-0.3259	0.0299
			0.7674	0.4908	-0.4125
			0.9856	0.1691	-0.0003
			0.1794	0.7694	0.6131
			-0.961	0.0998	-0.258
			0.7802	0.0608	0.6225
			-0.6255	0.0749	0.7766
			0.0006	-0.9953	0.0965
			-0.7802	-0.0608	-0.6225
			0.6255	-0.0749	-0.7766
			-0.0006	0.9953	-0.0965
		b:
			127.4142
			-487.2002
			351.8168
			445.153
			708.9742
			-404.6506
			579.481
			142.1982
			-444.7483
			-572.481
			-133.1982
			456.7483
	==================================================================================
	Q2:
		Shape: Hybrid
		q_c:	364.5	486.5	425.5
		ub :	367.7887	491.8436	431.01
		lb :	361.2113	481.1564	419.99
		P^-1:
			0.3866	-0.0833	0.1086
			-0.0833	0.0839	-0.0279
			0.1086	-0.0279	0.0989
		A:
			-0.4762	0.7301	-0.4901
			0.4872	-0.066	0.8708
			-0.5765	-0.2269	-0.7849
			-0.9261	-0.3772	-0.0073
			0.9092	-0.301	0.2878
			-0.7991	-0.0344	-0.6002
		b:
			-24.8229
			518.1731
			-652.2817
			-522.1208
			308.1594
			-562.0369
	==================================================================================
	Q3:
		Shape: Ellipse
		q_c:	361.5	499.0	443.0
		ub :	369.4521	508.0062	451.6986
		lb :	353.5479	489.9938	434.3014
		P^-1:
			0.0206	0.001	0.0007
			0.001	0.0297	-0.0027
			0.0007	-0.0027	0.0309
	==================================================================================
	Q4:
		Shape: Ellipse
		q_c:	364.5	482.5	439.5
		ub :	369.8117	490.9268	448.7932
		lb :	359.1883	474.0732	430.2068
		P^-1:
			0.6119	0.4475	0.1712
			0.4475	0.3586	0.1305
			0.1712	0.1305	0.0677
	==================================================================================
	Q5:
		Shape: Ellipse
		q_c:	366.0	499.0	436.0
		ub :	370.4528	503.8656	439.0968
		lb :	361.5472	494.1344	432.9032
		P^-1:
			0.1899	0.0824	-0.0953
			0.0824	0.1204	-0.0938
			-0.0953	-0.0938	0.3566
	==================================================================================
	Q6:
		Shape: Polyhedra
		q_c:	362.5	481.5	444.5
		ub :	369.6563	488.5439	449.6957
		lb :	355.3437	474.4561	439.3043
		A:
			0.1335	-0.9034	0.4074
			0.5031	-0.1557	0.8501
			0.294	0.3012	-0.9071
			-0.9716	-0.1992	-0.1275
			-0.9053	0.1896	-0.3801
			0.742	0.3337	-0.5815
			0.5993	0.797	0.0748
			-0.0972	0.1652	-0.9815
			-0.7946	0.5809	0.1765
			-0.5993	-0.797	-0.0748
			0.0972	-0.1652	0.9815
			0.7946	-0.5809	-0.1765
		b:
			-200.9767
			489.4538
			-147.526
			-500.1481
			-400.8835
			175.5768
			638.2681
			-387.9413
			75.605
			-630.2681
			395.9413
			-64.605


===========================================================================================
===========================================================================================
S4:
	q_c:	183.5	524.5	119.0
	ub :	201.4582	537.5876	135.4688
	lb :	170.1647	505.0919	99.5358

	==================================================================================
	Q1:
		Shape: Hybrid
		q_c:	178.0	519.0	108.5
		ub :	185.8353	527.5458	117.4642
		lb :	170.1647	510.4542	99.5358
		P^-1:
			0.0437	0.0029	-0.0072
			0.0029	0.0339	-0.002
			-0.0072	-0.002	0.038
		A:
			-0.3145	0.9489	-0.0245
			-0.0137	0.0012	0.9999
			0.1825	0.9256	-0.3316
			-0.6308	-0.6661	0.3981
			0.6189	-0.3697	-0.693
			-0.8093	-0.5761	0.1143
		b:
			437.1157
			109.6417
			479.8727
			-412.2531
			-154.2425
			-428.1095
	==================================================================================
	Q2:
		Shape: Polyhedra
		q_c:	193.5	529.0	126.0
		ub :	201.4582	537.5876	135.0855
		lb :	185.5418	520.4124	116.9145
		A:
			-0.7287	0.3982	0.5572
			0.7816	-0.4639	-0.4171
			0.452	-0.4448	0.7732
			-0.3356	0.4045	-0.8507
			0.5617	-0.763	-0.3198
			-0.0289	0.3544	0.9347
			0.2317	0.6139	0.7546
			-0.6739	0.6607	-0.3305
			-0.7015	-0.432	0.5668
			-0.2317	-0.6139	-0.7546
			0.6739	-0.6607	0.3305
			0.7015	0.432	-0.5668
		b:
			145.1611
			-141.7437
			-46.0997
			46.5172
			-330.5862
			305.639
			470.6543
			180.9773
			-286.8437
			-458.6543
			-173.9773
			298.8437
	==================================================================================
	Q3:
		Shape: Ellipse
		q_c:	186.5	524.5	107.0
		ub :	192.3492	530.5844	111.1215
		lb :	180.6508	518.4156	102.8785
		P^-1:
			0.0499	0.0107	0.0432
			0.0107	0.0517	0.0469
			0.0432	0.0469	0.2284
	==================================================================================
	Q4:
		Shape: Ellipse
		q_c:	195.5	522.0	130.5
		ub :	199.5387	526.0536	133.9341
		lb :	191.4613	517.9464	127.0659
		P^-1:
			0.1454	0.0055	-0.0507
			0.0055	0.2323	-0.1432
			-0.0507	-0.1432	0.3379
	==================================================================================
	Q5:
		Shape: Hybrid
		q_c:	184.5	522.0	129.0
		ub :	191.0669	529.1603	135.4688
		lb :	177.9331	514.8397	122.5312
		P^-1:
			0.0602	0.021	0.0238
			0.021	0.0643	0.0204
			0.0238	0.0204	0.076
		A:
			-0.753	-0.0433	-0.6566
			0.7618	0.3157	-0.5657
			-0.0262	0.3023	0.9528
			0.8895	0.1934	-0.4141
			0.8856	0.4488	0.1197
			0.5102	-0.2428	-0.8251
		b:
			-244.1441
			235.5406
			278.1719
			214.8409
			415.4187
			-135.9378
	==================================================================================
	Q6:
		Shape: Ellipse
		q_c:	193.0	515.0	122.0
		ub :	201.4034	524.9081	129.2267
		lb :	184.5966	505.0919	114.7733
		P^-1:
			0.0316	0.0043	-0.0025
			0.0043	0.0209	0.0053
			-0.0025	0.0053	0.0383


===========================================================================================
===========================================================================================
S5:
	q_c:	131.0	237.5	54.0
	ub :	160.6707	261.4549	87.3911
	lb :	111.0889	216.497	28.9463

	==================================================================================
	Q1:
		Shape: Hybrid
		q_c:	126.5	247.5	40.0
		ub :	135.2757	256.975	45.8852
		lb :	117.7243	238.025	34.1148
		P^-1:
			0.0387	-0.0035	-0.0216
			-0.0035	0.0331	-0.0254
			-0.0216	-0.0254	0.0971
		A:
			-0.1649	-0.9829	-0.0818
			-0.7805	0.0492	0.6233
			0.9426	-0.2614	-0.2077
			0.4427	0.1683	-0.8807
			-0.2347	0.1449	0.9612
			-0.8846	0.2418	0.3986
		b:
			-262.0269
			-59.0927
			49.6825
			64.0629
			47.1055
			-33.0155
	==================================================================================
	Q2:
		Shape: Polyhedra
		q_c:	119.0	236.0	65.0
		ub :	126.9111	245.2129	73.2846
		lb :	111.0889	226.7871	56.7154
		A:
			0.8492	0.3817	-0.3649
			-0.6344	-0.3097	0.7083
			0.1694	0.8789	-0.4459
			-0.7213	0.2407	0.6494
			-0.9541	-0.175	0.2429
			-0.5317	-0.2376	0.813
			0.2812	0.6363	0.7183
			0.7629	-0.6023	0.2348
			0.5821	0.482	-0.6549
			-0.2812	-0.6363	-0.7183
			-0.7629	0.6023	-0.2348
			-0.5821	-0.482	0.6549
		b:
			171.0561
			-99.3723
			202.7955
			17.8898
			-134.8666
			-62.9825
			237.3316
			-30.5869
			143.4532
			-223.3316
			41.5869
			-137.4532
	==================================================================================
	Q3:
		Shape: Ellipse
		q_c:	119.5	224.5	48.5
		ub :	126.6861	232.503	56.5587
		lb :	112.3139	216.497	40.4413
		P^-1:
			0.0874	-0.0344	-0.0188
			-0.0344	0.0422	0.0102
			-0.0188	0.0102	0.023
	==================================================================================
	Q4:
		Shape: Ellipse
		q_c:	144.0	252.0	71.0
		ub :	160.6707	261.4549	87.3911
		lb :	127.3293	242.5451	54.6089
		P^-1:
			0.0078	-0.0037	-0.0007
			-0.0037	0.0267	0.0026
			-0.0007	0.0026	0.0078
	==================================================================================
	Q5:
		Shape: Hybrid
		q_c:	138.5	245.5	58.0
		ub :	144.9325	251.1642	65.6767
		lb :	132.0675	239.8358	50.3233
		P^-1:
			0.1158	0.0348	0.0339
			0.0348	0.1321	-0.0208
			0.0339	-0.0208	0.0436
		A:
			0.1533	-0.8077	0.5693
			-0.242	0.967	-0.0793
			-0.9136	-0.2823	-0.2928
			-0.0787	-0.8094	0.582
			-0.0046	0.9165	-0.4
			0.0099	-0.5248	-0.8511
		b:
			-142.1492
			201.4925
			-211.37
			-173.7054
			202.7425
			-171.7531
	==================================================================================
	Q6:
		Shape: Polyhedra
		q_c:	133.0	239.0	39.0
		ub :	143.515	248.5826	49.0537
		lb :	122.485	229.4174	28.9463
		A:
			0.8468	0.3342	-0.4139
			-0.6569	0.4071	0.6346
			0.5158	-0.7972	-0.3138
			-0.4229	-0.7124	-0.56
			-0.6918	0.6574	0.2987
			0.0959	0.9798	-0.1755
			0.0709	0.8276	0.5568
			0.0221	0.5568	-0.8304
			-0.9972	0.0712	0.0212
			-0.0709	-0.8276	-0.5568
			-0.0221	-0.5568	0.8304
			0.9972	-0.0712	-0.0212
		b:
			185.8757
			42.8149
			-126.9845
			-242.4524
			84.9572
			246.9897
			233.941
			112.1317
			-104.7933
			-223.941
			-95.1317
			124.7933


===========================================================================================
===========================================================================================
S6:
	q_c:	147.5	463.0	94.5
	ub :	161.0687	472.3617	108.7895
	lb :	132.2657	448.2597	85.5095

	==================================================================================
	Q1:
		Shape: Hybrid
		q_c:	148.0	463.0	92.5
		ub :	152.1299	467.8636	95.5538
		lb :	143.8701	458.1364	89.4462
		P^-1:
			0.1079	0.0128	0.0024
			0.0128	0.0667	0.008
			0.0024	0.008	0.1591
		A:
			-0.5885	-0.6481	0.4834
			0.2834	0.0686	-0.9566
			-0.9589	0.0721	0.2746
			0.3568	-0.5635	-0.7451
			-0.1423	0.4275	0.8927
			-0.2097	0.0169	-0.9776
		b:
			-340.4702
			-13.445
			-81.3061
			-275.1245
			260.9815
			-112.3317
	==================================================================================
	Q2:
		Shape: Hybrid
		q_c:	153.5	465.0	92.5
		ub :	157.6257	468.3658	95.239
		lb :	149.3743	461.6342	89.761
		P^-1:
			0.1642	0.0497	-0.2873
			0.0497	0.1337	-0.1313
			-0.2873	-0.1313	0.8758
		A:
			0.1425	0.4947	0.8573
			-0.6637	-0.6327	0.3989
			-0.1611	-0.0101	0.9869
			0.7874	0.093	-0.6094
			-0.1604	-0.0879	0.9831
			0.1325	-0.9693	-0.207
		b:
			333.2357
			-357.1257
			62.6202
			109.57
			26.1583
			-447.0333
	==================================================================================
	Q3:
		Shape: Polyhedra
		q_c:	138.5	461.5	102.5
		ub :	144.7343	467.8294	108.7895
		lb :	132.2657	455.1706	96.2105
		A:
			-0.7149	0.5027	0.4861
			-0.3782	-0.9249	0.0392
			0.4663	-0.826	-0.3166
			0.0393	0.998	-0.049
			-0.853	0.1858	0.4877
			-0.1472	0.9538	0.262
			0.6222	0.5064	0.597
			0.3737	0.4779	-0.7949
			-0.6879	0.7178	0.1081
			-0.6222	-0.5064	-0.597
			-0.3737	-0.4779	0.7949
			0.6879	-0.7178	-0.1081
		b:
			186.124
			-471.1376
			-345.9731
			464.7477
			21.2608
			450.03
			385.0746
			195.3281
			250.0577
			-377.0746
			-186.3281
			-244.0577
	==================================================================================
	Q4:
		Shape: Polyhedra
		q_c:	154.5	463.5	93.5
		ub :	161.0687	469.0629	100.1353
		lb :	147.9313	457.9371	86.8647
		A:
			-0.3568	-0.6387	-0.6818
			-0.022	-0.6104	-0.7918
			0.1294	-0.0095	0.9915
			0.6669	0.4304	0.6082
			0.7124	-0.1398	-0.6877
			0.2587	0.8094	0.5271
			0.5542	0.6203	0.5551
			-0.7877	0.1751	0.5906
			0.2691	-0.7646	0.5856
			-0.5542	-0.6203	-0.5551
			0.7877	-0.1751	-0.5906
			-0.2691	0.7646	-0.5856
		b:
			-410.8588
			-356.1942
			112.1028
			363.3741
			-14.5294
			468.4211
			429.0125
			19.1982
			-255.0563
			-421.0125
			-10.1982
			261.0563
	==================================================================================
	Q5:
		Shape: Polyhedra
		q_c:	150.0	455.0	99.0
		ub :	156.3331	461.7403	105.3707
		lb :	143.6669	448.2597	92.6293
		A:
			0.7077	-0.6298	0.3203
			0.3615	0.2524	0.8975
			-0.8441	-0.5308	-0.0762
			0.1527	-0.562	-0.8129
			-0.5014	-0.7185	-0.482
			-0.9297	-0.0489	-0.365
			0.3723	0.7548	0.5401
			0.916	-0.3926	-0.0828
			0.1495	0.5255	-0.8375
			-0.3723	-0.7548	-0.5401
			-0.916	0.3926	0.0828
			-0.1495	-0.5255	0.8375
		b:
			-143.556
			261.7302
			-371.7995
			-309.5816
			-447.2732
			-193.5256
			455.2388
			-44.4211
			184.1369
			-450.2388
			54.4211
			-173.1369
	==================================================================================
	Q6:
		Shape: Hybrid
		q_c:	140.0	469.5	89.0
		ub :	143.6251	472.3617	92.4905
		lb :	136.3749	466.6383	85.5095
		P^-1:
			0.2821	0.1264	0.0621
			0.1264	0.2908	0.0642
			0.0621	0.0642	0.1915
		A:
			-0.9494	0.2675	0.1647
			-0.5804	0.3169	-0.7502
			-0.9982	-0.0591	-0.013
			-0.2204	0.7327	0.6439
			-0.0502	0.8451	0.5322
			0.9509	-0.0384	0.3071
		b:
			8.9664
			2.3862
			-167.3408
			371.9215
			438.4246
			143.7383


===========================================================================================
===========================================================================================
S7:
	q_c:	228.5	332.5	132.5
	ub :	256.1134	349.7862	152.4947
	lb :	204.1089	320.1263	112.021

	==================================================================================
	Q1:
		Shape: Ellipse
		q_c:	240.5	332.5	124.0
		ub :	249.4128	340.8999	134.1507
		lb :	231.5872	324.1001	113.8493
		P^-1:
			0.0382	-0.0323	-0.0163
			-0.0323	0.0769	0.031
			-0.0163	0.031	0.0342
	==================================================================================
	Q2:
		Shape: Hybrid
		q_c:	225.0	342.5	127.5
		ub :	234.2696	349.7862	132.0696
		lb :	215.7304	335.2138	122.9304
		P^-1:
			0.0343	-0.0391	-0.0048
			-0.0391	0.0885	0.0087
			-0.0048	0.0087	0.0646
		A:
			-0.0338	0.7711	-0.6358
			0.6686	-0.7165	0.1989
			-0.7789	0.5684	0.265
			0.1491	-0.6027	-0.7839
			-0.502	0.8048	0.3166
			-0.2447	0.9463	0.2113
		b:
			178.3886
			-67.3194
			56.2122
			-270.6739
			204.6441
			297.9571
	==================================================================================
	Q3:
		Shape: Polyhedra
		q_c:	229.0	337.5	134.5
		ub :	238.3311	346.4267	142.0992
		lb :	219.6689	328.5733	126.9008
		A:
			-0.8875	0.0828	0.4532
			-0.5796	0.6561	-0.4833
			-0.8064	-0.1942	0.5585
			0.3402	0.1796	-0.923
			-0.9123	0.3759	-0.1626
			-0.8641	-0.3167	0.3911
			0.909	0.0583	0.4128
			-0.4011	-0.1477	0.9041
			0.1137	-0.9873	-0.1109
			-0.909	-0.0583	-0.4128
			0.4011	0.1477	-0.9041
			-0.1137	0.9873	0.1109
		b:
			-108.5234
			31.2077
			-169.927
			18.4026
			-96.3728
			-246.3317
			290.8505
			-16.1096
			-314.0957
			-275.8505
			24.1096
			330.0957
	==================================================================================
	Q4:
		Shape: Polyhedra
		q_c:	245.5	327.0	119.0
		ub :	256.1134	333.8737	125.979
		lb :	234.8866	320.1263	112.021
		A:
			0.3154	-0.9212	0.2281
			0.7699	-0.5853	-0.2542
			0.5174	-0.7532	0.4062
			0.1772	-0.4807	-0.8588
			0.7078	-0.2489	0.6611
			0.3941	0.0576	0.9173
			0.137	0.9655	0.2213
			0.9814	-0.1019	-0.1627
			-0.1345	0.2395	-0.9615
			-0.137	-0.9655	-0.2213
			-0.9814	0.1019	0.1627
			0.1345	-0.2395	0.9615
		b:
			-190.9391
			-24.1027
			-64.5684
			-210.2694
			177.8536
			229.676
			380.6928
			197.7438
			-64.6334
			-370.6928
			-178.7438
			73.6334
	==================================================================================
	Q5:
		Shape: Hybrid
		q_c:	230.5	335.5	147.0
		ub :	239.1676	342.8264	152.4947
		lb :	221.8324	328.1736	141.5053
		P^-1:
			0.0139	0.0001	0.0005
			0.0001	0.0205	-0.001
			0.0005	-0.001	0.0399
		A:
			0.1036	-0.0427	-0.9937
			0.6739	0.7366	0.0575
			-0.4108	-0.6702	0.6182
			-0.1204	0.4814	-0.8682
			0.4729	-0.8017	-0.3657
			-0.3772	0.5273	-0.7614
		b:
			-133.9547
			416.1134
			-224.5902
			9.1279
			-209.0026
			-18.3929
	==================================================================================
	Q6:
		Shape: Ellipse
		q_c:	214.5	336.5	137.5
		ub :	224.8911	346.9237	146.8914
		lb :	204.1089	326.0763	128.1086
		P^-1:
			0.0284	0.0071	0.0031
			0.0071	0.021	0.0068
			0.0031	0.0068	0.0341


===========================================================================================
===========================================================================================
S8:
	q_c:	303.5	257.5	395.0
	ub :	328.7949	281.473	415.2146
	lb :	281.5618	235.141	367.7236

	==================================================================================
	Q1:
		Shape: Polyhedra
		q_c:	303.0	267.5	392.0
		ub :	307.538	272.5231	394.3983
		lb :	298.462	262.4769	389.6017
		A:
			0.1502	-0.3398	-0.9284
			0.0861	-0.5264	0.8459
			0.2875	-0.1268	-0.9494
			-0.224	-0.2283	-0.9475
			-0.4116	-0.0484	-0.9101
			-0.6964	0.5025	-0.5125
			0.3756	0.0995	0.9214
			-0.7775	0.5749	0.2548
			-0.5044	-0.8121	0.2933
			-0.3756	-0.0995	-0.9214
			0.7775	-0.5749	-0.2548
			0.5044	0.8121	-0.2933
		b:
			-407.5867
			219.4599
			-316.853
			-499.574
			-493.8895
			-275.1937
			502.1183
			21.0917
			-251.1099
			-501.1183
			-15.0917
			259.1099
	==================================================================================
	Q2:
		Shape: Polyhedra
		q_c:	306.0	247.5	386.5
		ub :	318.3583	259.2688	398.1294
		lb :	293.6417	235.7312	374.8706
		A:
			0.5113	0.2704	-0.8158
			-0.1421	-0.133	0.9809
			-0.0333	-0.9187	0.3936
			0.0333	0.2969	-0.9543
			-0.2953	-0.4226	-0.8568
			0.651	-0.2821	0.7047
			0.6084	0.3337	0.7201
			-0.7759	0.4411	0.4511
			-0.1671	-0.8331	0.5272
			-0.6084	-0.3337	-0.7201
			0.7759	-0.4411	-0.4511
			0.1671	0.8331	-0.5272
		b:
			-83.294
			310.0519
			-78.6964
			-278.5977
			-520.4581
			407.7166
			551.5673
			57.0918
			-47.0482
			-542.5673
			-35.0918
			60.0482
	==================================================================================
	Q3:
		Shape: Hybrid
		q_c:	316.0	253.0	391.5
		ub :	328.7949	264.3333	398.9641
		lb :	303.2051	241.6667	384.0359
		P^-1:
			0.0469	0.0456	-0.1082
			0.0456	0.0852	-0.1514
			-0.1082	-0.1514	0.3392
		A:
			-0.3192	-0.2789	0.9057
			0.125	-0.632	0.7648
			0.7366	-0.6716	0.0797
			0.4287	0.7939	-0.4313
			0.3669	0.4229	-0.8286
			-0.3331	-0.2077	0.9197
		b:
			184.2215
			182.2043
			101.0878
			172.4864
			-100.4206
			203.7032
	==================================================================================
	Q4:
		Shape: Polyhedra
		q_c:	315.5	274.0	406.5
		ub :	324.2659	281.473	415.2146
		lb :	306.7341	266.527	397.7854
		A:
			0.36	0.9174	0.1694
			-0.3721	0.0113	0.9281
			0.3848	-0.9215	-0.0523
			-0.2564	-0.7569	0.6011
			0.5773	0.8165	-0.0052
			-0.583	-0.8123	-0.0176
			0.2762	0.7494	0.6017
			0.9535	-0.1348	-0.2697
			-0.121	0.6482	-0.7518
			-0.2762	-0.7494	-0.6017
			-0.9535	0.1348	0.2697
			0.121	-0.6482	0.7518
		b:
			437.8879
			269.2938
			-146.5963
			-37.5129
			408.7853
			-408.6752
			540.0896
			161.7305
			-159.6513
			-534.0896
			-146.7305
			172.6513
	==================================================================================
	Q5:
		Shape: Ellipse
		q_c:	289.0	253.5	392.5
		ub :	296.4382	260.5476	402.8454
		lb :	281.5618	246.4524	382.1546
		P^-1:
			0.0388	0.003	-0.0053
			0.003	0.0467	0.0089
			-0.0053	0.0089	0.0178
	==================================================================================
	Q6:
		Shape: Polyhedra
		q_c:	308.5	243.0	379.0
		ub :	319.5194	250.859	390.2764
		lb :	297.4806	235.141	367.7236
		A:
			0.645	-0.5762	0.5019
			-0.581	-0.3606	0.7296
			0.3494	-0.5377	0.7673
			-0.9625	-0.2404	-0.1255
			-0.1129	0.9836	0.1404
			-0.5546	0.8129	0.1779
			0.5238	0.7858	0.3288
			0.503	0.0262	-0.8639
			-0.6875	0.6179	-0.3816
			-0.5238	-0.7858	-0.3288
			-0.503	-0.0262	0.8639
			0.6875	-0.6179	0.3816
		b:
			255.2473
			17.7848
			274.6487
			-396.9859
			262.9288
			100.2154
			482.1641
			-157.3736
			-200.5492
			-472.1641
			174.3736
			212.5492


===========================================================================================
===========================================================================================
S9:
	q_c:	170.5	218.0	106.0
	ub :	183.777	225.8376	117.1605
	lb :	160.5791	204.6863	98.076

	==================================================================================
	Q1:
		Shape: Ellipse
		q_c:	164.0	220.0	106.0
		ub :	167.4209	223.7668	109.2502
		lb :	160.5791	216.2332	102.7498
		P^-1:
			0.2221	-0.0326	-0.0258
			-0.0326	0.2118	-0.0302
			-0.0258	-0.0302	0.2261
	==================================================================================
	Q2:
		Shape: Ellipse
		q_c:	168.0	216.5	104.0
		ub :	173.2675	222.2272	107.8248
		lb :	162.7325	210.7728	100.1752
		P^-1:
			0.3389	0.0327	-0.4229
			0.0327	0.0645	-0.0214
			-0.4229	-0.0214	0.7276
	==================================================================================
	Q3:
		Shape: Hybrid
		q_c:	165.5	222.5	101.5
		ub :	169.2229	225.8376	104.924
		lb :	161.7771	219.1624	98.076
		P^-1:
			0.0822	-0.0029	0.0063
			-0.0029	0.2068	0.0452
			0.0063	0.0452	0.2026
		A:
			-0.3768	-0.1576	-0.9128
			-0.2056	0.9776	0.0455
			-0.3135	0.9425	0.1161
			0.575	0.7868	0.2244
			0.5591	0.8016	0.2116
			-0.2716	-0.9618	-0.0357
		b:
			-188.7073
			189.3796
			170.9277
			294.6747
			294.0309
			-261.1738
	==================================================================================
	Q4:
		Shape: Ellipse
		q_c:	173.5	215.5	110.0
		ub :	177.4667	219.7329	114.1522
		lb :	169.5333	211.2671	105.8478
		P^-1:
			0.1423	-0.0019	-0.0236
			-0.0019	0.0628	-0.0033
			-0.0236	-0.0033	0.1285
	==================================================================================
	Q5:
		Shape: Hybrid
		q_c:	167.0	214.0	112.0
		ub :	171.5842	219.5639	117.1605
		lb :	162.4158	208.4361	106.8395
		P^-1:
			0.271	0.0342	0.1871
			0.0342	0.0681	0.0306
			0.1871	0.0306	0.2304
		A:
			-0.6592	0.1081	-0.7442
			-0.0455	-0.2552	-0.9658
			-0.3322	-0.256	0.9078
			-0.9056	-0.1224	-0.4061
			-0.6924	-0.061	-0.7189
			0.3204	-0.8015	0.505
		b:
			-169.2809
			-168.11
			-5.5405
			-221.781
			-208.4167
			-58.6157
	==================================================================================
	Q6:
		Shape: Hybrid
		q_c:	177.0	212.0	109.0
		ub :	183.777	219.3137	114.1664
		lb :	170.223	204.6863	103.8336
		P^-1:
			0.0443	0.0046	0.0011
			0.0046	0.0457	-0.0032
			0.0011	-0.0032	0.0619
		A:
			-0.1064	-0.9263	0.3615
			0.2673	-0.8751	-0.4034
			0.1546	0.9635	0.2184
			0.552	-0.0659	0.8313
			-0.0911	0.7536	0.651
			-0.4129	-0.1367	0.9005
		b:
			-173.3029
			-179.3566
			258.1056
			176.5496
			217.199
			-1.7353


===========================================================================================
===========================================================================================
S10:
	q_c:	181.5	60.0	363.5
	ub :	201.2095	80.294	385.4151
	lb :	157.7832	37.367	352.9436

	==================================================================================
	Q1:
		Shape: Hybrid
		q_c:	167.5	44.0	361.5
		ub :	177.2168	50.633	370.0564
		lb :	157.7832	37.367	352.9436
		P^-1:
			0.0267	-0.0135	-0.0016
			-0.0135	0.0572	-0.0033
			-0.0016	-0.0033	0.0268
		A:
			0.249	-0.7384	0.6268
			0.9988	-0.044	0.0236
			0.2471	-0.2853	-0.926
			-0.2557	-0.6038	0.755
			-0.0514	-0.4552	-0.8889
			-0.3615	0.9001	0.2429
		b:
			238.5934
			178.3694
			-301.9962
			207.0745
			-345.841
			69.1189
	==================================================================================
	Q2:
		Shape: Ellipse
		q_c:	182.5	67.5	377.5
		ub :	191.4913	75.5664	385.4151
		lb :	173.5087	59.4336	369.5849
		P^-1:
			0.0359	-0.0009	-0.0089
			-0.0009	0.0404	-0.0055
			-0.0089	-0.0055	0.0409
	==================================================================================
	Q3:
		Shape: Polyhedra
		q_c:	175.0	54.5	363.5
		ub :	182.389	59.5381	370.9286
		lb :	167.611	49.4619	356.0714
		A:
			-0.8305	0.3231	0.4537
			-0.3624	0.5521	-0.7509
			0.4498	-0.8907	-0.0667
			0.1278	-0.8643	-0.4864
			0.1578	-0.9826	-0.0984
			-0.5641	-0.158	0.8105
			0.3725	0.897	0.2379
			0.5789	-0.0242	-0.8151
			-0.7254	0.4413	-0.5283
			-0.3725	-0.897	-0.2379
			-0.5789	0.0242	0.8151
			0.7254	-0.4413	0.5283
		b:
			42.3303
			-302.0346
			9.9325
			-197.449
			-57.9673
			192.725
			204.0525
			-190.7894
			-290.9181
			-197.0525
			201.7894
			298.9181
	==================================================================================
	Q4:
		Shape: Ellipse
		q_c:	192.0	76.5	361.0
		ub :	198.5619	80.294	368.7189
		lb :	185.4381	72.706	353.2811
		P^-1:
			0.0697	-0.0091	0.0268
			-0.0091	0.155	-0.0187
			0.0268	-0.0187	0.0407
	==================================================================================
	Q5:
		Shape: Ellipse
		q_c:	194.5	54.0	372.5
		ub :	201.2095	60.5054	379.2004
		lb :	187.7905	47.4946	365.7996
		P^-1:
			0.0781	-0.0298	-0.0025
			-0.0298	0.0818	-0.0139
			-0.0025	-0.0139	0.0537
	==================================================================================
	Q6:
		Shape: Ellipse
		q_c:	189.0	51.5	368.0
		ub :	194.3243	61.0496	377.482
		lb :	183.6757	41.9504	358.518
		P^-1:
			0.3291	0.1251	0.14
			0.1251	0.0704	0.0599
			0.14	0.0599	0.0863


===========================================================================================
===========================================================================================
S11:
	q_c:	416.0	245.5	412.0
	ub :	417.3322	247.7931	414.9134
	lb :	414.0587	244.0106	409.5467

	==================================================================================
	Q1:
		Shape: Ellipse
		q_c:	415.5	245.5	411.0
		ub :	416.9413	246.5985	412.4533
		lb :	414.0587	244.4015	409.5467
		P^-1:
			1.9078	1.1277	0.7923
			1.1277	2.4008	0.9841
			0.7923	0.9841	1.6914
	==================================================================================
	Q2:
		Shape: Polyhedra
		q_c:	416.5	247.0	411.5
		ub :	417.2539	247.6008	412.2008
		lb :	415.7461	246.3992	410.7992
		A:
			-0.1878	-0.7367	-0.6497
			-0.7241	0.6796	-0.1178
			0.2685	0.4815	0.8343
			0.2996	0.415	-0.8591
			-0.9375	-0.3131	-0.1521
			-0.4903	0.211	-0.8457
			0.8752	0.1953	0.4426
			-0.4466	-0.0259	0.8944
			0.1861	-0.9804	0.0646
			-0.8752	-0.1953	-0.4426
			0.4466	0.0259	-0.8944
			-0.1861	0.9804	-0.0646
		b:
			-527.0125
			-181.7212
			574.5815
			-125.7134
			-529.8753
			-499.5597
			595.3922
			176.1409
			-137.5836
			-594.3922
			-175.1409
			138.5836
	==================================================================================
	Q3:
		Shape: Ellipse
		q_c:	416.0	245.5	413.5
		ub :	416.6753	246.9444	414.9134
		lb :	415.3247	244.0556	412.0866
		P^-1:
			3.9251	-0.4274	0.1909
			-0.4274	1.0624	-0.0279
			0.1909	-0.0279	1.0125
	==================================================================================
	Q4:
		Shape: Polyhedra
		q_c:	415.5	245.5	412.0
		ub :	416.735	246.9894	413.8856
		lb :	414.265	244.0106	410.1144
		A:
			-0.4823	-0.8354	-0.2637
			-0.401	-0.5882	0.7023
			-0.8264	-0.5622	-0.0312
			-0.3783	0.9128	0.1542
			-0.3396	0.8102	-0.4777
			0.0043	0.9873	0.1589
			0.1378	0.3622	0.9218
			-0.9897	0.014	0.1424
			0.0387	-0.932	0.3604
			-0.1378	-0.3622	-0.9218
			0.9897	-0.014	-0.1424
			-0.0387	0.932	-0.3604
		b:
			-512.9271
			-20.5968
			-493.181
			131.5596
			-137.9759
			310.7651
			527.4771
			-348.1097
			-63.226
			-524.4771
			350.1097
			65.226
	==================================================================================
	Q5:
		Shape: Ellipse
		q_c:	416.5	247.0	412.5
		ub :	417.3322	247.7931	413.3565
		lb :	415.6678	246.2069	411.6435
		P^-1:
			4.0	-0.0	0.0
			-0.0	4.0	0.0
			0.0	0.0	4.0
	==================================================================================
	Q6:
		Shape: Polyhedra
		q_c:	415.5	247.0	411.5
		ub :	416.162	247.6418	412.1498
		lb :	414.838	246.3582	410.8502
		A:
			-0.2575	0.6903	-0.6762
			0.6781	-0.5206	0.5188
			0.4029	-0.8969	-0.1823
			-0.5733	-0.8188	-0.0304
			0.9393	0.2446	0.2408
			-0.5742	0.6795	-0.4568
			0.1964	0.1223	0.9729
			-0.9673	0.1864	0.1719
			-0.1603	-0.9748	0.155
			-0.1964	-0.1223	-0.9729
			0.9673	-0.1864	-0.1719
			0.1603	0.9748	-0.155
		b:
			-214.2171
			367.1623
			-128.6162
			-452.4368
			550.2484
			-258.2159
			512.6616
			-284.6559
			-243.1351
			-511.6616
			285.6559
			244.1351


===========================================================================================
===========================================================================================
S12:
	q_c:	297.0	103.0	178.0
	ub :	305.4478	114.6492	187.585
	lb :	286.1424	93.3281	167.7921

	==================================================================================
	Q1:
		Shape: Polyhedra
		q_c:	300.5	101.5	178.5
		ub :	305.4478	103.3984	183.4044
		lb :	295.5522	99.6016	173.5956
		A:
			0.2261	0.9328	0.2806
			-0.9016	-0.3139	-0.2975
			0.8182	-0.3814	-0.4302
			0.0245	-0.7787	-0.6269
			0.544	0.8325	-0.1044
			-0.2314	-0.8696	-0.4362
			0.5303	0.0025	0.8478
			-0.8424	0.1142	0.5266
			-0.0955	-0.9935	0.0626
			-0.5303	-0.0025	-0.8478
			0.8424	-0.1142	-0.5266
			0.0955	0.9935	-0.0626
		b:
			214.6097
			-352.6216
			133.7507
			-180.954
			231.4512
			-233.4609
			314.4473
			-144.0402
			-116.8571
			-307.4473
			151.0402
			119.8571
	==================================================================================
	Q2:
		Shape: Polyhedra
		q_c:	300.0	105.5	173.0
		ub :	302.7065	107.6694	174.7617
		lb :	297.2935	103.3306	171.2383
		A:
			0.0478	-0.9956	-0.0802
			-0.1356	0.1423	0.9805
			0.4265	0.8275	-0.365
			0.0562	-0.0252	-0.9981
			0.2015	0.8999	0.3868
			0.4751	0.6105	-0.6337
			0.0152	0.4749	0.8799
			-0.9178	0.3558	-0.1762
			-0.3968	-0.8049	0.4413
			-0.0152	-0.4749	-0.8799
			0.9178	-0.3558	0.1762
			0.3968	0.8049	-0.4413
		b:
			-103.2509
			144.9744
			153.1209
			-157.4392
			223.3107
			98.3467
			207.8901
			-265.7773
			-126.605
			-205.8901
			270.7773
			128.605
	==================================================================================
	Q3:
		Shape: Hybrid
		q_c:	291.0	105.0	183.0
		ub :	295.8576	108.2018	187.585
		lb :	286.1424	101.7982	178.415
		P^-1:
			0.1233	-0.0153	-0.0864
			-0.0153	0.2482	-0.0104
			-0.0864	-0.0104	0.191
		A:
			-0.4507	-0.1346	0.8825
			-0.7911	-0.1131	0.6011
			0.3574	-0.9242	0.1348
			-0.3232	-0.0348	0.9457
			-0.0244	-0.8821	-0.4705
			-0.8507	0.3893	0.3533
		b:
			17.232
			-130.805
			32.8536
			76.5436
			-184.4228
			-140.4456
	==================================================================================
	Q4:
		Shape: Ellipse
		q_c:	295.0	109.5	180.5
		ub :	299.9762	114.6492	185.3586
		lb :	290.0238	104.3508	175.6414
		P^-1:
			0.1173	0.0237	-0.0287
			0.0237	0.1054	-0.005
			-0.0287	-0.005	0.1301
	==================================================================================
	Q5:
		Shape: Polyhedra
		q_c:	291.5	98.0	181.5
		ub :	295.7168	102.6719	185.8256
		lb :	287.2832	93.3281	177.1744
		A:
			-0.3005	0.0222	-0.9535
			-0.6374	0.0756	-0.7668
			0.6832	0.5589	-0.4699
			0.8244	-0.2451	-0.5102
			0.888	0.4353	-0.1486
			-0.0643	-0.8773	0.4756
			0.4545	0.5494	0.7011
			-0.5103	0.8058	-0.3006
			-0.7301	-0.2211	0.6466
			-0.4545	-0.5494	-0.7011
			0.5103	-0.8058	0.3006
			0.7301	0.2211	-0.6466
		b:
			-255.3211
			-314.2494
			170.5062
			125.6636
			276.809
			-15.7605
			317.0904
			-121.332
			-115.6371
			-310.0904
			127.332
			118.6371
	==================================================================================
	Q6:
		Shape: Hybrid
		q_c:	296.5	108.0	173.0
		ub :	301.9618	112.9283	178.2079
		lb :	291.0382	103.0717	167.7921
		P^-1:
			0.1419	-0.0881	-0.0095
			-0.0881	0.174	-0.0333
			-0.0095	-0.0333	0.0947
		A:
			0.163	0.547	-0.8211
			0.543	-0.8285	-0.1374
			0.9564	-0.154	0.2483
			-0.9352	0.3266	-0.1367
			-0.821	0.479	0.3109
			-0.4872	-0.015	0.8732
		b:
			-32.8144
			48.9748
			312.1553
			-263.8861
			-136.5602
			7.0161


===========================================================================================
===========================================================================================
S13:
	q_c:	180.0	423.0	342.5
	ub :	204.0774	448.1027	367.7094
	lb :	162.3308	399.3399	320.3113

	==================================================================================
	Q1:
		Shape: Polyhedra
		q_c:	186.5	427.5	335.5
		ub :	198.505	439.7126	339.1736
		lb :	174.495	415.2874	331.8264
		A:
			-0.055	-0.1209	-0.9911
			-0.0839	0.8586	0.5058
			-0.0584	-0.6289	0.7753
			0.1725	0.3064	-0.9361
			0.9391	0.2538	-0.2315
			-0.6	-0.5367	-0.5932
			0.7252	0.6831	0.0866
			0.6885	-0.7169	-0.1099
			-0.013	0.1393	-0.9902
			-0.7252	-0.6831	-0.0866
			-0.6885	0.7169	0.1099
			0.013	-0.1393	0.9902
		b:
			-391.577
			529.2467
			-14.9804
			-148.184
			213.7923
			-533.8899
			463.8242
			-205.4477
			-273.0718
			-448.8242
			224.4477
			277.0718
	==================================================================================
	Q2:
		Shape: Polyhedra
		q_c:	192.0	411.5	352.0
		ub :	204.0774	423.3273	360.2996
		lb :	179.9226	399.6727	343.7004
		A:
			0.3928	0.0919	0.915
			-0.3605	-0.5824	-0.7286
			0.3493	-0.3651	-0.8629
			0.1069	0.7051	-0.701
			-0.592	0.6321	0.5
			0.9007	-0.3979	0.1745
