3D_30_13_6_d                l = 3

===========================================================================================
===========================================================================================
S1:
	q_c:	255.0	38.5	370.0
	ub :	277.9955	56.6552	386.8145
	lb :	235.4135	12.9336	355.762

	==================================================================================
	Q1:
		Shape: Hybrid
		q_c:	265.0	33.0	377.0
		ub :	277.9955	46.0429	386.8145
		lb :	252.0045	19.9571	367.1855
		P^-1:
			0.0193	0.0026	-0.0142
			0.0026	0.0133	-0.0053
			-0.0142	-0.0053	0.0415
		A:
			0.865	0.2194	-0.4513
			0.1913	0.3673	-0.9102
			0.874	-0.4821	-0.0616
			-0.2789	0.1764	0.944
			0.6804	0.4445	-0.5826
			0.4143	-0.3738	-0.8298
		b:
			70.4815
			-277.4508
			198.7976
			290.8847
			-21.1019
			-211.5801
	==================================================================================
	Q2:
		Shape: Polyhedra
		q_c:	256.0	22.5	366.5
		ub :	266.0244	32.0664	375.2032
		lb :	245.9756	12.9336	357.7968
		A:
			0.5127	-0.8586	-0.0044
			-0.4426	0.0829	0.8929
			0.7213	-0.5131	-0.4654
			0.3644	-0.6323	0.6837
			-0.0923	-0.4758	0.8747
			0.887	0.2737	0.3718
			0.5363	0.8105	0.2356
			0.5877	-0.1582	-0.7934
			-0.6058	0.564	-0.5612
			-0.5363	-0.8105	-0.2356
			-0.5877	0.1582	0.7934
			0.6058	-0.564	0.5612
		b:
			116.0139
			220.819
			7.7051
			335.1477
			291.6287
			375.9492
			248.8791
			-138.8876
			-342.5738
			-234.8791
			148.8876
			353.5738
	==================================================================================
	Q3:
		Shape: Polyhedra
		q_c:	243.0	33.0	373.5
		ub :	250.5865	41.8244	382.1776
		lb :	235.4135	24.1756	364.8224
		A:
			0.6918	-0.3034	0.6553
			-0.4989	-0.8245	-0.267
			-0.5298	0.4816	-0.6981
			0.9809	0.1752	-0.0844
			0.2248	-0.7195	0.6571
			-0.7931	0.5042	-0.3418
			0.1987	0.7849	0.5869
			-0.9589	0.2794	-0.0489
			-0.2023	-0.5531	0.8081
			-0.1987	-0.7849	-0.5869
			0.9589	-0.2794	0.0489
			0.2023	0.5531	-0.8081
		b:
			408.9383
			-243.5116
			-366.982
			218.3231
			283.3961
			-297.8778
			297.4179
			-236.5529
			241.9282
			-289.4179
			247.5529
			-226.9282
	==================================================================================
	Q4:
		Shape: Ellipse
		q_c:	245.5	31.5	368.5
		ub :	252.8503	39.6007	376.6213
		lb :	238.1497	23.3993	360.3787
		P^-1:
			0.0463	0.0039	0.0056
			0.0039	0.0339	0.0029
			0.0056	0.0029	0.03
	==================================================================================
	Q5:
		Shape: Hybrid
		q_c:	261.5	44.5	377.0
		ub :	269.8279	52.8576	384.6984
		lb :	253.1721	36.1424	369.3016
		P^-1:
			0.0433	0.0062	-0.0036
			0.0062	0.0432	0.0038
			-0.0036	0.0038	0.0307
		A:
			0.1971	0.8801	-0.432
			0.0193	0.9566	0.2909
			-0.7916	0.4599	-0.4024
			0.6079	0.5594	0.5635
			0.2587	-0.8946	0.3644
			-0.7008	0.0519	-0.7115
		b:
			-69.283
			159.8056
			-334.8795
			399.0099
			168.4224
			-445.7293
	==================================================================================
	Q6:
		Shape: Polyhedra
		q_c:	244.5	50.5	361.0
		ub :	250.5283	56.6552	366.238
		lb :	238.4717	44.3448	355.762
		A:
			0.5855	-0.1698	-0.7927
			0.0152	0.9923	0.1231
			-0.029	0.7308	-0.682
			-0.656	0.3438	0.6719
			-0.1313	-0.5693	0.8116
			0.1557	0.4735	0.8669
			0.5524	0.626	0.5504
			0.5299	0.246	-0.8116
			-0.6435	0.74	-0.1958
			-0.5524	-0.626	-0.5504
			-0.5299	-0.246	0.8116
			0.6435	-0.74	0.1958
		b:
			-149.1604
			102.652
			-213.8311
			102.153
			234.4035
			379.785
			370.8712
			-149.0062
			-187.6634
			-359.8712
			153.0062
			193.6634


===========================================================================================
===========================================================================================
S2:
	q_c:	457.0	85.0	438.5
	ub :	475.0365	97.829	448.5351
	lb :	442.662	70.768	424.5356

	==================================================================================
	Q1:
		Shape: Ellipse
		q_c:	451.0	77.5	439.0
		ub :	455.3571	82.3496	444.2036
		lb :	446.6429	72.6504	433.7964
		P^-1:
			0.1522	-0.0208	-0.0163
			-0.0208	0.1044	-0.0435
			-0.0163	-0.0435	0.1259
	==================================================================================
	Q2:
		Shape: Ellipse
		q_c:	459.5	92.0	436.5
		ub :	465.6765	97.829	441.7797
		lb :	453.3235	86.171	431.2203
		P^-1:
			0.0817	-0.017	0.0384
			-0.017	0.1052	0.0378
			0.0384	0.0378	0.1241
	==================================================================================
	Q3:
		Shape: Ellipse
		q_c:	448.0	76.5	442.5
		ub :	453.338	81.9857	448.5351
		lb :	442.662	71.0143	436.4649
		P^-1:
			0.1008	-0.0314	-0.0358
			-0.0314	0.0882	0.0294
			-0.0358	0.0294	0.096
	==================================================================================
	Q4:
		Shape: Polyhedra
		q_c:	467.5	86.0	438.0
		ub :	475.0365	93.035	443.2047
		lb :	459.9635	78.965	432.7953
		A:
			-0.1738	-0.0218	0.9845
			0.4566	0.2352	-0.858
			0.9586	0.2492	0.1379
			-0.5452	-0.3967	-0.7385
			-0.2896	-0.0764	-0.9541
			-0.2178	-0.9028	0.3709
			0.431	0.7106	0.5561
			-0.8506	0.5257	-0.0125
			-0.3012	-0.4676	0.831
			-0.431	-0.7106	-0.5561
			0.8506	-0.5257	0.0125
			0.3012	0.4676	-0.831
		b:
			352.3052
			-137.5219
			534.5977
			-609.41
			-556.1195
			-12.7824
			508.6876
			-351.9001
			187.4695
			-503.6876
			363.9001
			-178.4695
	==================================================================================
	Q5:
		Shape: Hybrid
		q_c:	459.0	90.0	430.0
		ub :	462.9266	93.2792	435.4644
		lb :	455.0734	86.7208	424.5356
		P^-1:
			0.2806	-0.1647	0.0376
			-0.1647	0.269	-0.024
			0.0376	-0.024	0.0459
		A:
			0.7224	-0.6911	-0.0228
			-0.7838	0.4628	-0.4141
			-0.3129	0.9207	0.2331
			-0.004	0.791	0.6118
			0.6116	-0.733	0.2978
			0.3453	0.9295	0.1298
		b:
			260.4357
			-494.7925
			41.0367
			335.2912
			343.8652
			300.0291
	==================================================================================
	Q6:
		Shape: Hybrid
		q_c:	458.0	75.5	434.5
		ub :	464.9972	80.232	441.3964
		lb :	451.0028	70.768	427.6036
		P^-1:
			0.0813	-0.0291	0.0499
			-0.0291	0.138	-0.005
			0.0499	-0.005	0.0796
		A:
			-0.1039	0.9841	-0.1442
			0.0027	-0.996	0.0892
			-0.1761	-0.9538	-0.2436
			-0.2352	0.9719	0.0047
			-0.6899	0.7113	-0.1347
			0.1368	-0.778	-0.6132
		b:
			-34.3834
			-33.5626
			-256.8347
			-30.9127
			-319.0762
			-260.1983


===========================================================================================
===========================================================================================
S3:
	q_c:	405.0	505.5	395.5
	ub :	426.8084	523.1879	411.3026
	lb :	391.4538	489.1331	381.4029

	==================================================================================
	Q1:
		Shape: Hybrid
		q_c:	409.0	503.0	389.0
		ub :	416.63	510.6164	396.3384
		lb :	401.37	495.3836	381.6616
		P^-1:
			0.0178	0.0003	-0.0001
			0.0003	0.0367	-0.0106
			-0.0001	-0.0106	0.0404
		A:
			-0.71	-0.6044	-0.3613
			0.7911	-0.5388	-0.2895
			0.2449	-0.9149	0.3209
			0.2493	0.2544	-0.9344
			0.2153	0.9759	-0.0349
			0.5568	-0.1226	0.8215
		b:
			-730.465
			-55.3266
			-232.3372
			-130.8039
			568.5766
			489.2506
	==================================================================================
	Q2:
		Shape: Hybrid
		q_c:	399.0	500.0	388.0
		ub :	406.5108	506.6928	394.2614
		lb :	391.4892	493.3072	381.7386
		P^-1:
			0.0338	0.0021	0.0
			0.0021	0.0393	0.0001
			0.0	0.0001	0.0331
		A:
			0.4826	-0.7305	0.4833
			-0.1874	0.8189	0.5425
			-0.9255	-0.3762	0.045
			0.4057	-0.8279	-0.3874
			-0.5912	0.4629	0.6605
			-0.8245	0.2545	-0.5054
		b:
			17.6726
			547.9106
			-537.0971
			-399.5975
			254.8078
			-394.839
	==================================================================================
	Q3:
		Shape: Ellipse
		q_c:	419.0	501.0	402.5
		ub :	426.8084	507.3473	410.2508
		lb :	411.1916	494.6527	394.7492
		P^-1:
			0.0519	0.0024	0.0139
			0.0024	0.062	-0.0031
			0.0139	-0.0031	0.0442
	==================================================================================
	Q4:
		Shape: Polyhedra
		q_c:	409.5	503.0	398.0
		ub :	415.1867	508.3315	404.975
		lb :	403.8133	497.6685	391.025
		A:
			-0.6837	0.4136	0.6013
			0.7812	-0.1628	0.6027
			-0.7543	-0.4285	0.4974
			0.2205	-0.9095	0.3524
			0.2779	0.9463	0.1652
			-0.2509	-0.7019	-0.6666
			0.9802	0.082	0.1803
			-0.1487	-0.2968	0.9433
			0.1309	-0.9514	-0.2787
			-0.9802	-0.082	-0.1803
			0.1487	0.2968	-0.9433
			-0.1309	0.9514	0.2787
		b:
			171.8414
			482.6536
			-321.4301
			-222.6189
			659.2687
			-717.0736
			518.9149
			170.7684
			-532.3796
			-509.9149
			-159.7684
			539.3796
	==================================================================================
	Q5:
		Shape: Ellipse
		q_c:	413.0	496.5	386.5
		ub :	420.7734	503.8669	391.5971
		lb :	405.2266	489.1331	381.4029
		P^-1:
			0.0441	0.0212	0.0172
			0.0212	0.0571	0.0121
			0.0172	0.0121	0.1002
	==================================================================================
	Q6:
		Shape: Hybrid
		q_c:	399.5	515.0	404.5
		ub :	407.5462	523.1879	411.3026
		lb :	391.4538	506.8121	397.6974
		P^-1:
			0.0754	0.0039	-0.0616
			0.0039	0.0305	-0.0008
			-0.0616	-0.0008	0.115
		A:
			0.9094	-0.2897	-0.2985
			0.413	-0.4371	-0.799
			0.5837	-0.085	-0.8075
			-0.4437	-0.8281	0.3426
			-0.9085	-0.119	0.4005
			-0.9944	0.0687	-0.0803
		b:
			96.3588
			-381.1148
			-135.9437
			-461.4761
			-259.9296
			-390.5007


===========================================================================================
===========================================================================================
S4:
	q_c:	461.5	345.5	359.5
	ub :	483.7412	362.8259	373.0621
	lb :	442.3993	328.0324	344.8137

	==================================================================================
	Q1:
		Shape: Ellipse
		q_c:	475.0	349.0	364.0
		ub :	483.7412	355.9268	373.0621
		lb :	466.2588	342.0732	354.9379
		P^-1:
			0.0258	0.0026	0.0051
			0.0026	0.0443	0.0071
			0.0051	0.0071	0.036
	==================================================================================
	Q2:
		Shape: Hybrid
		q_c:	455.5	337.5	360.0
		ub :	464.8033	346.9676	367.1738
		lb :	446.1967	328.0324	352.8262
		P^-1:
			0.0293	0.0077	-0.0005
			0.0077	0.0344	0.0003
			-0.0005	0.0003	0.04
		A:
			0.1572	-0.2011	0.9669
			-0.5768	-0.1755	-0.7978
			0.4482	0.818	0.3606
			-0.134	-0.6985	0.703
			-0.5518	-0.0341	0.8333
			0.9978	-0.0594	0.031
		b:
			354.4217
			-606.413
			612.5471
			-41.0319
			39.8726
			449.1651
	==================================================================================
	Q3:
		Shape: Ellipse
		q_c:	473.5	357.5	357.0
		ub :	479.8574	362.8259	361.5236
		lb :	467.1426	352.1741	352.4764
		P^-1:
			0.0554	-0.0285	-0.0019
			-0.0285	0.0954	-0.0068
			-0.0019	-0.0068	0.082
	==================================================================================
	Q4:
		Shape: Ellipse
		q_c:	450.5	351.5	354.5
		ub :	458.6007	361.5679	364.1863
		lb :	442.3993	341.4321	344.8137
		P^-1:
			0.0807	-0.0013	-0.0419
			-0.0013	0.0208	-0.0064
			-0.0419	-0.0064	0.0531
	==================================================================================
	Q5:
		Shape: Ellipse
		q_c:	466.0	347.0	361.5
		ub :	474.8471	356.0212	369.2744
		lb :	457.1529	337.9788	353.7256
		P^-1:
			0.036	0.0025	-0.0024
			0.0025	0.0351	-0.002
			-0.0024	-0.002	0.035
	==================================================================================
	Q6:
		Shape: Polyhedra
		q_c:	457.0	338.5	362.5
		ub :	465.2632	345.9674	371.5114
		lb :	448.7368	331.0326	353.4886
		A:
			-0.9613	-0.2756	-0.0002
			0.31	-0.5869	-0.748
			0.9212	0.296	0.2523
			0.7142	0.3799	-0.5879
			-0.1068	-0.0928	-0.9899
			0.9246	-0.2804	-0.2578
			0.371	0.7698	0.5194
			0.4009	-0.6373	0.6581
			0.8376	-0.0359	-0.5451
			-0.371	-0.7698	-0.5194
			-0.4009	0.6373	-0.6581
			-0.8376	0.0359	0.5451
		b:
			-527.7729
			-323.3824
			617.5916
			246.98
			-433.7946
			239.3503
			622.9076
			212.064
			178.0524
			-613.9076
			-200.064
			-168.0524


===========================================================================================
===========================================================================================
S5:
	q_c:	334.5	356.5	370.0
	ub :	341.8696	362.7805	375.9393
	lb :	328.6476	350.3475	363.9797

	==================================================================================
	Q1:
		Shape: Ellipse
		q_c:	337.0	356.5	371.5
		ub :	340.0661	359.8671	374.7477
		lb :	333.9339	353.1329	368.2523
		P^-1:
			0.3421	0.0545	0.0927
			0.0545	0.2751	0.0822
			0.0927	0.0822	0.2372
	==================================================================================
	Q2:
		Shape: Polyhedra
		q_c:	338.5	358.0	366.5
		ub :	341.8696	361.1674	369.0203
		lb :	335.1304	354.8326	363.9797
		A:
			-0.9649	-0.1711	-0.1994
			0.238	0.5641	-0.7906
			0.5816	0.5596	-0.5905
			0.909	-0.1725	0.3793
			0.2564	0.8901	0.3768
			0.6234	-0.3036	0.7206
			0.4564	0.8706	0.1836
			-0.1886	0.2963	-0.9363
			-0.8696	0.3926	0.2994
			-0.4564	-0.8706	-0.1836
			0.1886	-0.2963	0.9363
			0.8696	-0.3926	-0.2994
		b:
			-458.7195
			-5.5676
			182.7506
			387.1177
			545.5804
			368.1563
			535.4684
			-299.3988
			-41.5443
			-531.4684
			302.3988
			46.5443
	==================================================================================
	Q3:
		Shape: Ellipse
		q_c:	336.0	361.0	368.0
		ub :	338.9606	362.7805	370.9506
		lb :	333.0394	359.2195	365.0494
		P^-1:
			0.3205	-0.1478	-0.1065
			-0.1478	0.9259	-0.1851
			-0.1065	-0.1851	0.358
	==================================================================================
	Q4:
		Shape: Polyhedra
		q_c:	338.5	356.0	373.5
		ub :	340.3632	357.7312	375.5004
		lb :	336.6368	354.2688	371.4996
		A:
			-0.0575	0.9897	0.1314
			-0.4803	-0.37	-0.7953
			-0.7066	-0.6398	-0.3022
			0.5597	0.4188	-0.7151
			-0.4176	0.0815	-0.905
			0.81	-0.1291	0.5721
			0.7562	0.1671	0.6326
			-0.6481	0.0585	0.7593
			0.0899	-0.9842	0.1526
			-0.7562	-0.1671	-0.6326
			0.6481	-0.0585	-0.7593
			-0.0899	0.9842	-0.1526
		b:
			383.406
			-590.2328
			-578.6657
			72.9405
			-449.2109
			442.9667
			552.7662
			86.5334
			-261.4522
			-550.7662
			-83.5334
			264.4522
	==================================================================================
	Q5:
		Shape: Hybrid
		q_c:	332.0	353.5	372.5
		ub :	335.3524	356.6525	375.9393
		lb :	328.6476	350.3475	369.0607
		P^-1:
			0.3047	-0.113	0.0166
			-0.113	0.3076	-0.082
			0.0166	-0.082	0.2421
		A:
			-0.5316	0.8437	-0.0743
			-0.022	0.739	-0.6734
			-0.5256	0.7519	0.398
			0.563	0.6602	-0.4972
			-0.2834	0.6884	-0.6676
			0.2884	-0.9499	0.1204
		b:
			94.9306
			4.0571
			240.7016
			236.4072
			-98.557
			-194.223
	==================================================================================
	Q6:
		Shape: Ellipse
		q_c:	334.0	355.5	371.5
		ub :	336.8082	358.1789	373.8183
		lb :	331.1918	352.8211	369.1817
		P^-1:
			0.302	0.0816	0.0272
			0.0816	0.3976	-0.0156
			0.0272	-0.0156	0.4392


===========================================================================================
===========================================================================================
S6:
	q_c:	407.5	487.5	47.0
	ub :	433.856	505.8934	71.9614
	lb :	387.7392	470.5767	22.8838

	==================================================================================
	Q1:
		Shape: Polyhedra
		q_c:	415.5	492.0	62.0
		ub :	424.6823	499.6733	68.2654
		lb :	406.3177	484.3267	55.7346
		A:
			-0.0462	-0.8861	0.4612
			-0.2254	-0.7714	-0.5951
			0.4608	-0.8819	-0.0992
			-0.0932	0.2131	0.9726
			-0.3624	0.6311	0.6858
			-0.3859	0.3125	-0.868
			0.9465	0.2892	0.1435
			0.32	-0.8992	-0.2985
			0.0427	0.3284	-0.9436
			-0.9465	-0.2892	-0.1435
			-0.32	0.8992	0.2985
			-0.0427	-0.3284	0.9436
		b:
			-422.057
			-504.4591
			-243.9571
			130.5971
			206.8908
			-55.5212
			552.4195
			-323.4567
			124.8305
			-536.4195
			332.4567
			-116.8305
	==================================================================================
	Q2:
		Shape: Ellipse
		q_c:	416.5	490.0	53.0
		ub :	424.6354	497.7357	60.9845
		lb :	408.3646	482.2643	45.0155
		P^-1:
			0.0388	-0.0163	-0.0007
			-0.0163	0.0511	0.0027
			-0.0007	0.0027	0.0241
	==================================================================================
	Q3:
		Shape: Ellipse
		q_c:	425.5	490.5	29.0
		ub :	433.856	501.0352	35.1162
		lb :	417.144	479.9648	22.8838
		P^-1:
			0.0391	0.013	0.0107
			0.013	0.0232	0.0249
			0.0107	0.0249	0.1011
	==================================================================================
	Q4:
		Shape: Polyhedra
		q_c:	407.5	475.0	45.5
		ub :	419.5052	479.4233	55.4756
		lb :	395.4948	470.5767	35.5244
		A:
			0.5425	-0.8346	0.0958
			0.1204	0.8741	0.4705
			0.1541	0.714	-0.683
			0.108	-0.3005	0.9476
			0.0446	0.9065	0.4199
			0.2296	-0.9475	0.2227
			0.915	0.0818	0.395
			-0.3949	-0.0181	0.9185
			0.0823	-0.9965	0.0157
			-0.915	-0.0818	-0.395
			0.3949	0.0181	-0.9185
			-0.0823	0.9965	-0.0157
		b:
			-165.3991
			490.9871
			376.1086
			-48.4915
			472.64
			-342.2113
			439.7018
			-121.2243
			-435.5836
			-419.7018
			134.2243
			442.5836
	==================================================================================
	Q5:
		Shape: Ellipse
		q_c:	415.5	492.0	57.0
		ub :	430.9401	504.6549	71.9614
		lb :	400.0599	479.3451	42.0386
		P^-1:
			0.013	0.0032	0.0029
			0.0032	0.0156	0.0034
			0.0029	0.0034	0.013
	==================================================================================
	Q6:
		Shape: Ellipse
		q_c:	398.0	496.5	42.0
		ub :	408.2608	505.8934	49.5448
		lb :	387.7392	487.1066	34.4552
		P^-1:
			0.0267	-0.0032	0.021
			-0.0032	0.0646	0.0588
			0.021	0.0588	0.121


===========================================================================================
===========================================================================================
S7:
	q_c:	271.0	304.0	312.0
	ub :	284.9993	323.0644	333.0879
	lb :	260.5436	302.1613	303.6242

	==================================================================================
	Q1:
		Shape: Hybrid
		q_c:	269.5	318.0	309.0
		ub :	274.6045	323.0644	314.3758
		lb :	264.3955	312.9356	303.6242
		P^-1:
			0.0669	-0.0106	0.0086
			-0.0106	0.1016	-0.0105
			0.0086	-0.0105	0.0867
		A:
			0.2785	0.5738	-0.7702
			-0.3907	0.4158	0.8213
			-0.162	-0.8805	0.4456
			0.5224	-0.2742	-0.8074
			0.4057	0.913	-0.043
			-0.2748	-0.9594	0.0638
		b:
			21.409
			282.834
			-184.2495
			-193.6788
			388.3265
			-357.5718
	==================================================================================
	Q2:
		Shape: Hybrid
		q_c:	278.0	313.5	312.5
		ub :	284.8408	320.6439	316.8071
		lb :	271.1592	306.3561	308.1929
		P^-1:
			0.0565	-0.0239	-0.0144
			-0.0239	0.0619	-0.0287
			-0.0144	-0.0287	0.151
		A:
			0.6726	-0.5017	-0.5439
			0.4766	-0.5099	0.7161
			0.3977	-0.4055	-0.823
			-0.1998	-0.036	0.9792
			0.8744	-0.484	0.0345
			0.4332	0.2091	0.8767
		b:
			-138.1779
			198.2199
			-271.8102
			240.52
			104.6178
			463.0407
	==================================================================================
	Q3:
		Shape: Ellipse
		q_c:	277.5	308.5	316.5
		ub :	282.9559	314.8387	321.2335
		lb :	272.0441	302.1613	311.7665
		P^-1:
			0.1089	0.0136	-0.0393
			0.0136	0.0366	0.0021
			-0.0393	0.0021	0.1292
	==================================================================================
	Q4:
		Shape: Polyhedra
		q_c:	280.5	310.5	317.0
		ub :	284.9993	315.69	321.7579
		lb :	276.0007	305.31	312.2421
		A:
			-0.6973	-0.2895	0.6557
			-0.6093	-0.2865	0.7394
			-0.7777	0.0487	-0.6267
			-0.5735	-0.5246	0.6292
			0.6836	0.5203	-0.5119
			0.9995	-0.016	-0.0285
			0.8691	0.2532	0.425
			0.2295	0.5548	-0.7997
			-0.4382	0.7926	0.424
			-0.8691	-0.2532	-0.425
			-0.2295	-0.5548	0.7997
			0.4382	-0.7926	-0.424
		b:
			-74.8743
			-22.7559
			-399.1841
			-121.7981
			193.5361
			269.2087
			459.6056
			-14.3966
			261.5821
			-454.6056
			19.3966
			-253.5821
	==================================================================================
	Q5:
		Shape: Polyhedra
		q_c:	267.5	307.5	320.5
		ub :	272.8992	312.4358	323.9839
		lb :	262.1008	302.5642	317.0161
		A:
			-0.2824	-0.5603	-0.7786
			-0.0522	0.5665	0.8224
			0.3537	-0.5652	-0.7453
			0.0859	-0.9961	-0.0218
			0.87	0.2603	0.4187
			0.0126	-0.9938	-0.1107
			0.2985	0.243	0.9229
			-0.2209	-0.9232	0.3145
			0.9285	-0.2978	-0.2219
			-0.2985	-0.243	-0.9229
			0.2209	0.9232	-0.3145
			-0.9285	0.2978	0.2219
		b:
			-495.5335
			426.2072
			-314.8131
			-286.7265
			450.2028
			-334.2357
			451.8858
			-238.6708
			90.1662
			-448.8858
			245.6708
			-81.1662
	==================================================================================
	Q6:
		Shape: Ellipse
		q_c:	267.5	309.0	325.5
		ub :	274.4564	315.7261	333.0879
		lb :	260.5436	302.2739	317.9121
		P^-1:
			0.042	0.0056	-0.0123
			0.0056	0.0497	-0.0012
			-0.0123	-0.0012	0.0533


===========================================================================================
===========================================================================================
S8:
	q_c:	23.0	300.0	288.5
	ub :	39.5577	312.7274	298.1912
	lb :	12.078	285.6835	279.1578

	==================================================================================
	Q1:
		Shape: Polyhedra
		q_c:	18.0	297.0	284.5
		ub :	23.922	303.0693	289.8422
		lb :	12.078	290.9307	279.1578
		A:
			0.7517	-0.5177	-0.4085
			-0.3738	-0.9065	-0.196
			-0.3553	-0.8118	0.4634
			-0.891	0.0493	0.4512
			-0.079	0.6679	0.7401
			-0.9331	0.3516	0.0759
			0.8469	0.2759	0.4545
			-0.4863	0.056	0.872
			0.2151	-0.9596	0.1816
			-0.8469	-0.2759	-0.4545
			0.4863	-0.056	-0.872
			-0.2151	0.9596	-0.1816
		b:
			-252.5482
			-327.144
			-111.2495
			130.3507
			411.3347
			113.2851
			230.4959
			258.9743
			-224.456
			-222.4959
			-252.9743
			234.456
	==================================================================================
	Q2:
		Shape: Ellipse
		q_c:	20.5	292.5	290.0
		ub :	24.0587	293.6207	293.5559
		lb :	16.9413	291.3793	286.4441
		P^-1:
			0.3003	-0.7132	-0.103
			-0.7132	3.784	0.5236
			-0.103	0.5236	0.2356
	==================================================================================
	Q3:
		Shape: Hybrid
		q_c:	31.0	294.0	290.5
		ub :	39.5577	302.3165	298.1912
		lb :	22.4423	285.6835	282.8088
		P^-1:
			0.0398	0.0082	-0.0129
			0.0082	0.0373	-0.002
			-0.0129	-0.002	0.0531
		A:
			0.981	0.0723	-0.18
			-0.3089	0.9506	-0.0289
			-0.0596	0.7813	-0.6213
			0.7974	0.06	-0.6005
			-0.7861	0.1585	0.5974
			0.5008	-0.043	-0.8645
		b:
			2.3622
			265.158
			50.4966
			-129.7804
			198.3379
			-246.1329
	==================================================================================
	Q4:
		Shape: Hybrid
		q_c:	29.5	306.0	292.5
		ub :	35.2107	312.7274	297.6211
		lb :	23.7893	299.2726	287.3789
		P^-1:
			0.4529	0.0042	-0.4722
			0.0042	0.0441	0.0022
			-0.4722	0.0022	0.5924
		A:
			0.8349	0.0212	-0.55
			0.7506	-0.1983	-0.6302
			0.7307	-0.2303	-0.6427
			-0.6851	0.2642	0.6789
			-0.786	0.0292	0.6175
			0.7108	0.063	-0.7006
		b:
			-128.6461
			-221.7955
			-235.7617
			260.3658
			167.236
			-164.0717
	==================================================================================
	Q5:
		Shape: Hybrid
		q_c:	29.0	298.5	293.0
		ub :	35.4124	304.9526	297.7143
		lb :	22.5876	292.0474	288.2857
		P^-1:
			0.0816	0.0308	-0.0357
			0.0308	0.0789	-0.0332
			-0.0357	-0.0332	0.1114
		A:
			-0.4894	0.1707	0.8552
			-0.9316	0.1455	-0.3332
			0.6579	0.0464	-0.7517
			0.5768	0.7329	-0.3607
			0.0925	0.9952	0.0306
			-0.2608	0.0137	-0.9653
		b:
			289.3877
			-78.2118
			-185.5747
			131.3973
			311.3841
			-283.9383
	==================================================================================
	Q6:
		Shape: Polyhedra
		q_c:	29.5	305.0	283.5
		ub :	33.1415	309.0914	286.0878
		lb :	25.8585	300.9086	280.9122
		A:
			-0.0185	0.7041	-0.7099
			0.9612	0.091	0.2602
			0.6885	-0.0736	0.7215
			-0.6514	-0.5708	0.4999
			-0.3342	0.2015	-0.9207
			0.0033	-0.4635	-0.8861
			0.8936	0.4464	0.0479
			0.0321	-0.1698	0.9849
			0.4478	-0.8786	-0.1661
			-0.8936	-0.4464	-0.0479
			-0.0321	0.1698	-0.9849
			-0.4478	0.8786	0.1661
		b:
			15.2842
			132.4151
			204.684
			-49.2257
			-207.3663
			-390.0857
			178.5777
			230.3809
			-298.8382
			-173.5777
			-226.3809
			304.8382


===========================================================================================
===========================================================================================
S9:
	q_c:	304.0	79.5	23.5
	ub :	318.2394	113.6343	56.6629
	lb :	274.7622	69.8384	-10.0664

	==================================================================================
	Q1:
		Shape: Polyhedra
		q_c:	298.0	95.5	13.5
		ub :	312.1822	110.1007	27.8457
		lb :	283.8178	80.8993	-0.8457
		A:
			-0.3287	0.7597	0.5611
			0.9758	0.0618	0.2097
			-0.0162	-0.0409	0.999
			-0.0999	0.9849	-0.1417
			0.2793	-0.7467	-0.6037
			-0.0514	-0.619	-0.7837
			0.6469	0.7237	0.2404
			0.6695	-0.3881	-0.6334
			-0.3651	0.5706	-0.7356
			-0.6469	-0.7237	-0.2404
			-0.6695	0.3881	0.6334
			0.3651	-0.5706	0.7356
		b:
			-9.7771
			308.0156
			13.9506
			71.4197
			11.7782
			-76.8864
			273.1279
			161.9081
			-54.2338
			-257.1279
			-145.9081
			74.2338
	==================================================================================
	Q2:
		Shape: Polyhedra
		q_c:	287.0	99.5	31.0
		ub :	297.6414	113.6343	44.9315
		lb :	276.3586	85.3657	17.0685
		A:
			-0.7516	-0.0613	0.6567
			0.971	-0.2209	-0.0917
			-0.0488	-0.4934	-0.8684
			-0.4702	-0.5974	-0.6497
			-0.2586	-0.7819	-0.5673
			0.5411	0.0694	-0.8381
			0.807	0.4633	0.3661
			0.5898	-0.6627	-0.4615
			0.0288	0.5884	-0.8081
			-0.807	-0.4633	-0.3661
			-0.5898	0.6627	0.4615
			-0.0288	-0.5884	0.8081
		b:
			-193.0485
			261.4388
			-82.0822
			-207.266
			-162.1848
			145.0388
			296.0642
			97.0407
			51.26
			-282.0642
			-81.0407
			-32.26
	==================================================================================
	Q3:
		Shape: Hybrid
		q_c:	291.0	79.5	28.5
		ub :	300.0878	89.1616	38.1327
		lb :	281.9122	69.8384	18.8673
		P^-1:
			0.0212	0.0017	0.0015
			0.0017	0.0273	-0.0004
			0.0015	-0.0004	0.0274
		A:
			0.6722	0.0225	-0.74
			-0.677	0.5154	-0.5254
			0.904	0.1611	-0.3961
			0.8797	0.2249	-0.4191
			-0.9823	-0.1871	-0.0062
			-0.9286	0.2719	-0.2527
		b:
			179.9585
			-167.5586
			268.3895
			265.676
			-297.1215
			-251.9942
	==================================================================================
	Q4:
		Shape: Polyhedra
		q_c:	301.5	96.0	26.0
		ub :	314.1527	108.6838	34.5911
		lb :	288.8473	83.3162	17.4089
		A:
			0.4968	-0.3657	-0.7871
			-0.8179	-0.054	0.5729
			0.4705	0.552	-0.6884
			0.0243	0.5348	0.8446
			0.6122	0.5445	0.5733
			0.6416	-0.1169	0.7581
			0.7099	0.7042	0.0052
			0.3045	-0.3003	-0.9039
			-0.6351	0.6433	-0.4276
			-0.7099	-0.7042	-0.0052
			-0.3045	0.3003	0.9039
			0.6351	-0.6433	0.4276
		b:
			99.1737
			-231.0616
			183.4706
			85.5092
			258.2585
			210.9862
			288.2889
			43.9608
			-130.3265
			-275.2889
			-34.9608
			151.3265
	==================================================================================
	Q5:
		Shape: Polyhedra
		q_c:	303.0	102.0	41.0
		ub :	318.2394	111.3759	56.6629
		lb :	287.7606	92.6241	25.3371
		A:
			0.0914	-0.5223	-0.8478
			-0.9939	0.0879	0.0666
			-0.0614	-0.7267	-0.6842
			-0.868	0.2091	0.4504
			-0.3649	-0.931	-0.009
			0.8262	0.5447	0.1437
			0.59	0.0267	0.807
			-0.703	0.5085	0.4972
			-0.3971	-0.8606	0.3188
			-0.59	-0.0267	-0.807
			0.703	-0.5085	-0.4972
			0.3971	0.8606	-0.3188
		b:
			-50.2767
			-280.0967
			-111.2452
			-214.843
			-199.6293
			320.5138
			226.567
			-132.266
			-189.5383
			-202.567
			149.266
			200.5383
	==================================================================================
	Q6:
		Shape: Polyhedra
		q_c:	280.5	103.0	0.0
		ub :	286.2378	112.2718	10.0664
		lb :	274.7622	93.7282	-10.0664
		A:
			-0.7607	0.5515	0.3423
			0.4903	-0.8343	-0.2521
			-0.814	0.5003	0.295
			0.4994	-0.8405	-0.21
			-0.251	0.8126	0.526
			0.6972	-0.5207	-0.4927
			0.5984	0.5469	0.5855
			-0.1489	-0.6421	0.752
			0.7872	-0.5372	-0.3028
			-0.5984	-0.5469	-0.5855
			0.1489	0.6421	-0.752
			-0.7872	0.5372	0.3028
		b:
			-155.05
			54.7888
			-175.2845
			56.8411
			16.8933
			144.0074
			229.6889
			-99.4043
			166.9848
			-218.6889
			116.4043
			-163.9848


===========================================================================================
===========================================================================================
S10:
	q_c:	195.5	387.0	380.0
	ub :	216.953	407.6155	396.9549
	lb :	178.3544	371.322	363.8653

	==================================================================================
	Q1:
		Shape: Polyhedra
		q_c:	200.0	379.0	387.0
		ub :	209.415	386.678	396.9549
		lb :	190.585	371.322	377.0451
		A:
			0.0526	0.8131	-0.5798
			0.5932	-0.7076	0.3839
			-0.2821	0.8141	0.5076
			0.199	-0.5262	-0.8267
			0.5114	0.1871	-0.8388
			-0.5403	-0.7754	0.3268
			0.6664	0.2786	0.6916
			-0.71	0.5203	0.4745
			-0.2277	-0.8073	0.5445
			-0.6664	-0.2786	-0.6916
			0.71	-0.5203	-0.4745
			0.2277	0.8073	-0.5445
		b:
			98.4107
			4.3339
			453.5206
			-473.6499
			-147.1647
			-270.6701
			515.0036
			242.8498
			-136.7654
			-498.0036
			-234.8498
			144.7654
	==================================================================================
	Q2:
		Shape: Hybrid
		q_c:	184.5	378.5	370.5
		ub :	190.3147	385.0786	377.1347
		lb :	178.6853	371.9214	363.8653
		P^-1:
			0.0485	0.0002	-0.0065
			0.0002	0.0995	-0.0653
			-0.0065	-0.0653	0.0891
		A:
			-0.2461	-0.9684	-0.0395
			-0.3946	0.6208	-0.6774
			-0.1283	0.3741	-0.9185
			-0.1566	0.1432	0.9772
			0.279	0.4359	-0.8557
			-0.0817	-0.9144	0.3964
		b:
			-423.18
			-86.979
			-220.1317
			391.0961
			-98.7161
			-212.4909
	==================================================================================
	Q3:
		Shape: Ellipse
		q_c:	209.5	396.5	375.0
		ub :	216.953	405.4268	382.5266
		lb :	202.047	387.5732	367.4734
		P^-1:
			0.0371	0.0049	0.0016
			0.0049	0.0308	-0.0005
			0.0016	-0.0005	0.0329
	==================================================================================
	Q4:
		Shape: Hybrid
		q_c:	195.0	395.5	380.5
		ub :	206.7553	407.6155	393.2988
		lb :	183.2447	383.3845	367.7012
		P^-1:
			0.0171	0.0041	0.0047
			0.0041	0.021	-0.003
			0.0047	-0.003	0.0202
		A:
			0.4145	0.0587	0.9082
			-0.7553	0.152	-0.6375
			-0.4799	-0.3447	-0.8067
			0.6754	-0.733	0.0814
			0.1882	-0.6614	-0.726
			-0.2412	0.3211	-0.9158
		b:
			452.9948
			-326.2128
			-533.445
			-122.0043
			-495.7815
			-265.1878
	==================================================================================
	Q5:
		Shape: Polyhedra
		q_c:	189.5	396.5	383.5
		ub :	200.6456	407.122	391.4258
		lb :	178.3544	385.878	375.5742
		A:
			-0.9364	-0.3509	-0.003
			0.8778	-0.4769	-0.0447
			0.6118	0.6856	-0.3945
			-0.4411	0.6951	0.5676
			-0.4944	0.8407	-0.2208
			-0.1893	0.0414	-0.9811
			0.8403	0.5415	0.0276
			0.5421	-0.8398	-0.0282
			0.0079	0.0386	-0.9992
			-0.8403	-0.5415	-0.0276
			-0.5421	0.8398	0.0282
			-0.0079	-0.0386	0.9992
		b:
			-308.8347
			-32.7373
			245.1248
			416.5212
			161.5267
			-388.1306
			393.5118
			-234.5659
			-358.8778
			-375.5118
			247.5659
			373.8778
	==================================================================================
	Q6:
		Shape: Hybrid
		q_c:	203.0	395.0	389.5
		ub :	207.1444	398.86	393.6337
		lb :	198.8556	391.14	385.3663
		P^-1:
			0.1642	-0.0004	-0.0842
			-0.0004	0.0816	0.0004
			-0.0842	0.0004	0.1674
		A:
			-0.9596	0.0387	0.2788
			0.4181	-0.8607	-0.2905
			-0.389	-0.1137	0.9142
			-0.7343	0.4449	-0.5127
			-0.9492	0.1703	0.2645
			-0.859	0.4314	0.2759
		b:
			-69.4758
			-366.0711
			233.5003
			-170.5725
			-20.8752
			105.1063


===========================================================================================
===========================================================================================
S11:
	q_c:	244.0	128.0	148.0
	ub :	265.3992	137.4334	174.4112
	lb :	226.939	109.3487	130.7466

	==================================================================================
	Q1:
		Shape: Polyhedra
		q_c:	257.0	126.0	144.5
		ub :	263.9954	132.3405	151.2946
		lb :	250.0046	119.6595	137.7054
		A:
			-0.8681	-0.3919	-0.3048
			-0.9509	-0.2891	-0.1102
			-0.9832	-0.1759	-0.0486
			0.9218	0.2749	-0.2735
			-0.7276	-0.5338	-0.4309
			-0.8919	-0.4442	-0.0849
			0.7782	0.486	0.3977
			-0.4474	-0.0153	0.8942
			0.4407	-0.8738	0.2056
			-0.7782	-0.486	-0.3977
			0.4474	0.0153	-0.8942
			-0.4407	0.8738	-0.2056
		b:
			-313.4331
			-293.3412
			-278.2263
			236.0476
			-313.4928
			-294.1747
			321.7078
			17.3002
			38.3529
			-315.7078
			-7.3002
			-27.3529
	==================================================================================
	Q2:
		Shape: Ellipse
		q_c:	257.5	129.0	159.5
		ub :	265.3992	137.4334	168.8136
		lb :	249.6008	120.5666	150.1864
		P^-1:
			0.1728	-0.1977	-0.0641
			-0.1977	0.2597	0.0792
			-0.0641	0.0792	0.0413
	==================================================================================
	Q3:
		Shape: Ellipse
		q_c:	242.5	128.5	149.5
		ub :	250.6483	136.1137	158.5533
		lb :	234.3517	120.8863	140.4467
		P^-1:
			0.0413	-0.0041	-0.0112
			-0.0041	0.0473	-0.0057
			-0.0112	-0.0057	0.0338
	==================================================================================
	Q4:
		Shape: Hybrid
		q_c:	232.0	119.5	149.0
		ub :	237.061	129.6513	158.8603
		lb :	226.939	109.3487	139.1397
		P^-1:
			0.0624	0.0016	-0.0015
			0.0016	0.0361	0.0257
			-0.0015	0.0257	0.0376
		A:
			-0.3653	0.8958	-0.253
			-0.7707	-0.3367	-0.541
			0.985	-0.1649	0.0504
			0.7622	0.5296	0.3724
			-0.1822	0.9781	0.101
			0.7097	-0.4154	-0.569
		b:
			-9.1789
			-297.3885
			218.6763
			297.6587
			94.4586
			32.2721
	==================================================================================
	Q5:
		Shape: Hybrid
		q_c:	248.5	128.0	165.0
		ub :	255.8942	136.4804	174.4112
		lb :	241.1058	119.5196	155.5888
		P^-1:
			0.0327	0.0001	0.0012
			0.0001	0.0278	0.0
			0.0012	0.0	0.0281
		A:
			-0.7801	-0.2733	-0.5628
			0.5355	-0.0815	0.8406
			0.739	-0.6737	0.0033
			0.2019	-0.9732	-0.1098
			-0.292	-0.7163	-0.6338
			-0.0343	0.2481	0.9681
		b:
			-318.8502
			264.3416
			100.9677
			-89.2889
			-265.6631
			186.213
	==================================================================================
	Q6:
		Shape: Hybrid
		q_c:	236.5	117.5	136.5
		ub :	244.9431	122.4031	142.2534
		lb :	228.0569	112.5969	130.7466
		P^-1:
			0.0243	0.0015	-0.0192
			0.0015	0.0493	0.0007
			-0.0192	0.0007	0.0752
		A:
			-0.7904	0.2812	-0.5443
			0.0141	-0.3148	0.949
			-0.7698	-0.2706	0.5781
			-0.2193	-0.4558	-0.8626
			-0.5174	0.0239	0.8554
			-0.6946	-0.3177	0.6454
		b:
			-222.7671
			98.346
			-131.6467
			-220.0973
			-0.7494
			-110.6141


===========================================================================================
===========================================================================================
S12:
	q_c:	147.5	175.5	251.0
	ub :	166.3251	197.4129	273.0757
	lb :	121.7383	156.9012	236.3156

	==================================================================================
	Q1:
		Shape: Polyhedra
		q_c:	141.5	163.5	245.5
		ub :	148.0138	170.0988	251.2322
		lb :	134.9862	156.9012	239.7678
		A:
			-0.9555	0.1739	-0.2384
			-0.3333	0.8367	-0.4346
			0.3084	-0.3544	0.8828
			-0.5116	-0.1781	-0.8406
			-0.4729	-0.8574	0.2029
			-0.2407	0.8288	-0.5051
			0.7367	0.6648	0.124
			0.5597	-0.4966	-0.6634
			-0.3794	0.5581	-0.7379
			-0.7367	-0.6648	-0.124
			-0.5597	0.4966	0.6634
			0.3794	-0.5581	0.7379
		b:
			-161.5054
			-13.4845
			205.9601
			-304.1179
			-153.3857
			-18.9665
			247.3626
			-160.8534
			-140.1061
			-239.3626
			168.8534
			147.1061
	==================================================================================
	Q2:
		Shape: Polyhedra
		q_c:	133.5	175.5	261.5
		ub :	145.2617	182.5882	273.0757
		lb :	121.7383	168.4118	249.9243
		A:
			0.7922	-0.1432	0.5932
			0.8592	-0.2925	0.4197
			0.6968	0.3162	-0.6439
			0.7519	0.5213	0.4036
			0.4061	0.2765	0.871
			0.5161	0.3245	0.7927
			0.5225	0.6203	0.5849
			-0.4198	0.7843	-0.4568
			-0.7421	-0.0068	0.6702
			-0.5225	-0.6203	-0.5849
			0.4198	-0.7843	0.4568
			0.7421	0.0068	-0.6702
		b:
			240.9738
			178.8812
			-10.6979
			302.941
			335.9905
			338.2711
			336.5856
			-32.8478
			84.4887
			-326.5856
			42.8478
			-65.4887
	==================================================================================
	Q3:
		Shape: Polyhedra
		q_c:	157.5	178.5	257.5
		ub :	166.3251	186.629	264.0243
		lb :	148.6749	170.371	250.9757
		A:
			0.9344	-0.3152	-0.1661
			0.945	-0.3252	0.0343
			0.8229	-0.1633	-0.5442
			0.3039	-0.0371	0.952
			-0.9311	0.2516	-0.2642
			0.2119	0.2631	0.9412
			0.6824	0.712	0.1658
			0.6611	-0.6978	0.2759
			0.3121	-0.0787	-0.9468
			-0.6824	-0.712	-0.1658
			-0.6611	0.6978	-0.2759
			-0.3121	0.0787	0.9468
		b:
			52.793
			104.3191
			-34.9194
			291.1219
			-164.8405
			327.8796
			284.2411
			54.5983
			-204.191
			-270.2411
			-46.5983
			213.191
	==================================================================================
	Q4:
		Shape: Ellipse
		q_c:	148.0	190.5	245.0
		ub :	153.6765	197.4129	253.2381
		lb :	142.3235	183.5871	236.7619
		P^-1:
			0.0618	-0.0022	-0.0048
			-0.0022	0.0558	-0.0145
			-0.0048	-0.0145	0.0311
	==================================================================================
	Q5:
		Shape: Hybrid
		q_c:	136.5	175.0	241.5
		ub :	144.526	181.2073	246.6844
		lb :	128.474	168.7927	236.3156
		P^-1:
			0.0259	-0.0174	0.0014
			-0.0174	0.0749	-0.0059
			0.0014	-0.0059	0.0506
		A:
			0.4028	-0.9121	-0.0766
			0.663	-0.0557	-0.7465
			0.3025	-0.5492	0.779
			-0.1402	-0.6485	0.7482
			-0.5313	0.4898	-0.6912
			-0.0665	-0.9978	-0.0025
		b:
			-121.249
			-95.7398
			135.5922
			50.7092
			-151.0578
			-181.8667
	==================================================================================
	Q6:
		Shape: Polyhedra
		q_c:	152.0	174.0	260.0
		ub :	158.9874	181.1693	267.3507
		lb :	145.0126	166.8307	252.6493
		A:
			-0.306	-0.9428	0.132
			-0.0119	0.9994	0.0338
			-0.3261	0.2229	-0.9187
			0.0032	0.9943	0.1063
			-0.6326	-0.5665	0.5281
			-0.5154	-0.6322	0.5785
			0.7787	0.5919	0.2079
			-0.5243	0.4319	0.7339
			0.3446	-0.6805	0.6467
			-0.7787	-0.5919	-0.2079
			0.5243	-0.4319	-0.7339
			-0.3446	0.6805	-0.6467
		b:
			-172.4829
			185.0857
			-245.3971
			205.4054
			-53.2466
			-33.8095
			278.9191
			191.767
			106.1221
			-271.9191
			-180.767
			-98.1221


===========================================================================================
===========================================================================================
S13:
	q_c:	91.5	252.5	144.5
	ub :	102.5528	260.6275	162.4105
	lb :	81.6581	243.3815	136.6354

	==================================================================================
	Q1:
		Shape: Hybrid
		q_c:	87.0	252.5	155.5
		ub :	89.8957	255.0729	158.1723
		lb :	84.1043	249.9271	152.8277
		P^-1:
			0.2776	0.0644	0.0214
			0.0644	0.4003	0.0499
			0.0214	0.0499	0.2665
		A:
			-0.6232	-0.2528	-0.74
			0.3551	-0.8962	-0.2661
			-0.7225	-0.6597	0.2069
			-0.1779	-0.9465	-0.2694
			0.0787	-0.9365	0.3418
			-0.2356	-0.8654	0.4422
		b:
			-232.0985
			-235.7729
			-196.2901
			-295.5718
			-175.4327
			-169.2402
	==================================================================================
	Q2:
		Shape: Polyhedra
		q_c:	87.0	251.0	152.0
		ub :	92.3419	255.4011	155.5272
		lb :	81.6581	246.5989	148.4728
		A:
			-0.6953	0.1191	0.7088
			0.6391	-0.3208	-0.699
			-0.8504	0.5261	0.0102
			0.4266	-0.8981	-0.1069
			0.2315	-0.4495	0.8628
			-0.2449	-0.396	0.885
			0.8813	0.448	0.1506
			0.2633	-0.7301	0.6306
			0.3925	-0.5161	-0.7613
			-0.8813	-0.448	-0.1506
			-0.2633	0.7301	-0.6306
			-0.3925	0.5161	0.7613
		b:
			80.1368
			-128.4128
			62.5276
			-202.4853
			40.1923
			15.9815
			216.5079
			-62.9824
			-208.6129
			-207.5079
			65.9824
			213.6129
	==================================================================================
	Q3:
		Shape: Ellipse
		q_c:	97.0	255.0	150.5
