3D_30_12_6_e                l = 3

===========================================================================================
===========================================================================================
S1:
	q_c:	351.0	105.5	489.0
	ub :	363.8189	123.514	512.3395
	lb :	333.4473	91.9691	472.7313

	==================================================================================
	Q1:
		Shape: Ellipse
		q_c:	356.0	111.5	504.5
		ub :	362.5051	118.2537	512.3395
		lb :	349.4949	104.7463	496.6605
		P^-1:
			0.4927	-0.4907	-0.0354
			-0.4907	0.5203	0.0363
			-0.0354	0.0363	0.0204
	==================================================================================
	Q2:
		Shape: Polyhedra
		q_c:	347.0	106.5	499.0
		ub :	353.912	113.3455	506.4347
		lb :	340.088	99.6545	491.5653
		A:
			-0.1929	0.7871	0.5858
			0.1935	-0.7345	-0.6505
			0.2653	-0.8571	-0.4416
			-0.221	0.6614	0.7168
			0.9919	-0.1012	-0.0769
			0.8616	-0.1578	0.4824
			0.695	0.4758	0.5391
			0.7015	-0.2842	-0.6535
			-0.1578	0.8323	-0.5314
			-0.695	-0.4758	-0.5391
			-0.7015	0.2842	0.6535
			0.1578	-0.8323	0.5314
		b:
			313.5668
			-331.2997
			-215.3433
			355.745
			299.4192
			527.5364
			565.8217
			-108.9554
			-227.241
			-555.8217
			116.9554
			235.241
	==================================================================================
	Q3:
		Shape: Polyhedra
		q_c:	356.0	104.0	480.5
		ub :	363.8189	108.5721	488.2687
		lb :	348.1811	99.4279	472.7313
		A:
			0.8493	0.4936	0.1871
			0.6462	0.4254	-0.6336
			0.0507	0.5596	0.8272
			0.057	-0.9786	-0.1975
			0.9896	-0.0886	0.1131
			0.1038	-0.4317	-0.896
			0.6462	0.0216	0.7629
			-0.7523	0.1867	0.6319
			-0.1288	-0.9822	0.1368
			-0.6462	-0.0216	-0.7629
			0.7523	-0.1867	-0.6319
			0.1288	0.9822	-0.1368
		b:
			448.2803
			-25.2803
			478.6409
			-172.536
			402.6769
			-433.3064
			603.8482
			60.7178
			-78.7439
			-593.8482
			-49.7178
			85.7439
	==================================================================================
	Q4:
		Shape: Hybrid
		q_c:	357.0	97.5	480.0
		ub :	360.7326	101.9523	484.6114
		lb :	353.2674	93.0477	475.3886
		P^-1:
			0.2241	-0.0491	-0.0422
			-0.0491	0.1572	-0.0799
			-0.0422	-0.0799	0.1812
		A:
			0.7812	0.5757	-0.2416
			-0.2832	-0.7746	0.5655
			0.2262	0.6238	-0.7481
			0.8187	-0.5147	-0.2547
			0.7928	-0.6093	0.0128
			-0.9971	-0.0619	0.0432
		b:
			220.8067
			96.0583
			-216.521
			120.9519
			230.8064
			-339.8835
	==================================================================================
	Q5:
		Shape: Polyhedra
		q_c:	343.0	114.0	483.0
		ub :	352.5527	123.514	490.9202
		lb :	333.4473	104.486	475.0798
		A:
			-0.1063	0.7754	0.6224
			-0.117	0.991	0.0652
			-0.1026	-0.5257	-0.8444
			0.128	-0.7929	-0.5958
			0.6722	0.6565	0.3423
			0.2085	-0.8561	-0.473
			0.4409	0.6589	0.6095
			0.2309	0.5729	-0.7864
			-0.8674	0.4875	0.1004
			-0.4409	-0.6589	-0.6095
			-0.2309	-0.5729	0.7864
			0.8674	-0.4875	-0.1004
		b:
			357.1654
			110.4658
			-499.2858
			-329.4799
			474.0126
			-249.1316
			522.6994
			-227.832
			-185.4553
			-518.6994
			242.832
			201.4553
	==================================================================================
	Q6:
		Shape: Ellipse
		q_c:	344.0	97.0	489.5
		ub :	349.422	102.0309	493.8871
		lb :	338.578	91.9691	485.1129
		P^-1:
			0.076	0.0325	0.0083
			0.0325	0.2248	-0.175
			0.0083	-0.175	0.3041


===========================================================================================
===========================================================================================
S2:
	q_c:	96.5	197.5	320.5
	ub :	109.8149	213.3299	337.5151
	lb :	77.6283	186.3032	307.8793

	==================================================================================
	Q1:
		Shape: Polyhedra
		q_c:	86.0	201.0	321.5
		ub :	93.9504	207.9924	328.4721
		lb :	78.0496	194.0076	314.5279
		A:
			-0.5737	-0.7526	-0.3232
			0.4781	0.4804	-0.7353
			0.0882	0.6737	0.7337
			0.3809	0.382	-0.842
			0.4829	-0.0449	0.8745
			-0.9617	0.1135	-0.2497
			0.7764	0.5962	0.2043
			0.4959	-0.778	0.3856
			0.3888	-0.1981	-0.8998
			-0.7764	-0.5962	-0.2043
			-0.4959	0.778	-0.3856
			-0.3888	0.1981	0.8998
		b:
			-299.0875
			-93.8073
			384.039
			-156.3528
			318.326
			-135.458
			257.7864
			13.7356
			-290.6452
			-246.7864
			-6.7356
			300.6452
	==================================================================================
	Q2:
		Shape: Hybrid
		q_c:	104.0	198.0	328.0
		ub :	109.8149	203.0683	333.9984
		lb :	98.1851	192.9317	322.0016
		P^-1:
			0.0612	0.0046	0.0155
			0.0046	0.1328	-0.0411
			0.0155	-0.0411	0.0971
		A:
			0.6001	-0.0645	0.7974
			0.6251	0.6968	-0.3518
			0.2382	0.0961	0.9664
			0.0554	0.9902	0.1283
			-0.0086	-0.9774	-0.2113
			-0.0605	-0.7602	-0.6469
		b:
			313.1875
			89.6259
			362.9982
			245.7542
			-261.715
			-366.5046
	==================================================================================
	Q3:
		Shape: Hybrid
		q_c:	89.0	193.5	315.5
		ub :	96.3954	200.6968	323.1207
		lb :	81.6046	186.3032	307.8793
		P^-1:
			0.0643	0.0159	0.0155
			0.0159	0.0657	-0.0085
			0.0155	-0.0085	0.0419
		A:
			0.413	0.81	-0.4163
			0.4582	-0.4038	0.7919
			-0.5936	-0.7706	0.2321
			0.9807	0.0453	0.1903
			-0.7812	-0.2243	-0.5825
			0.5199	-0.8542	0.0023
		b:
			64.2253
			214.846
			-126.7936
			158.3027
			-294.7304
			-115.2837
	==================================================================================
	Q4:
		Shape: Polyhedra
		q_c:	89.5	198.5	330.5
		ub :	95.8731	203.1011	336.7186
		lb :	83.1269	193.8989	324.2814
		A:
			0.317	0.9455	0.074
			-0.0202	-0.1568	0.9874
			-0.0969	0.3211	-0.9421
			0.2069	0.4399	0.8739
			-0.5207	-0.5633	0.6415
			0.4505	0.8435	-0.2926
			0.4843	0.5587	0.6733
			-0.2359	0.8244	-0.5145
			-0.8425	0.0903	0.5311
			-0.4843	-0.5587	-0.6733
			0.2359	-0.8244	0.5145
			0.8425	-0.0903	-0.5311
		b:
			243.5588
			297.0813
			-252.9148
			397.935
			57.7969
			114.5587
			379.7612
			-24.4942
			123.0584
			-373.7612
			30.4942
			-113.0584
	==================================================================================
	Q5:
		Shape: Ellipse
		q_c:	93.0	206.0	332.0
		ub :	100.1254	213.3299	337.5151
		lb :	85.8746	198.6701	326.4849
		P^-1:
			0.0628	0.021	0.0088
			0.021	0.0479	0.0059
			0.0088	0.0059	0.0534
	==================================================================================
	Q6:
		Shape: Ellipse
		q_c:	83.5	202.0	324.5
		ub :	89.3717	206.3038	330.4809
		lb :	77.6283	197.6962	318.5191
		P^-1:
			0.1182	-0.0849	0.0245
			-0.0849	0.1853	-0.0275
			0.0245	-0.0275	0.0584


===========================================================================================
===========================================================================================
S3:
	q_c:	182.5	325.0	74.5
	ub :	198.5014	341.9908	91.825
	lb :	171.0821	307.6428	64.6132

	==================================================================================
	Q1:
		Shape: Ellipse
		q_c:	192.0	327.5	75.0
		ub :	198.5014	332.6002	80.7085
		lb :	185.4986	322.3998	69.2915
		P^-1:
			0.0623	0.0053	0.0149
			0.0053	0.0802	-0.0041
			0.0149	-0.0041	0.0701
	==================================================================================
	Q2:
		Shape: Ellipse
		q_c:	175.5	318.0	69.0
		ub :	179.9179	322.6041	73.3868
		lb :	171.0821	313.3959	64.6132
		P^-1:
			0.1138	0.009	-0.0067
			0.009	0.1407	-0.0222
			-0.0067	-0.0222	0.1277
	==================================================================================
	Q3:
		Shape: Hybrid
		q_c:	180.0	330.5	77.0
		ub :	185.1224	336.0313	79.9437
		lb :	174.8776	324.9687	74.0563
		P^-1:
			0.1344	0.034	-0.1293
			0.034	0.063	-0.0546
			-0.1293	-0.0546	0.378
		A:
			0.4132	0.5329	-0.7384
			0.6907	-0.3524	-0.6315
			-0.9227	0.0722	0.3788
			0.5825	0.5612	-0.588
			0.2061	0.237	-0.9494
			-0.304	-0.2366	0.9228
		b:
			195.0702
			-38.5365
			-110.86
			246.7021
			43.2632
			-61.0308
	==================================================================================
	Q4:
		Shape: Polyhedra
		q_c:	179.0	316.0	84.5
		ub :	186.7245	324.3572	91.825
		lb :	171.2755	307.6428	77.175
		A:
			-0.0461	-0.0121	0.9989
			0.6963	0.7085	0.115
			-0.4814	-0.7677	0.423
			-0.7156	0.185	0.6736
			-0.0358	-0.9523	0.3031
			-0.7746	0.2347	-0.5873
			0.4681	0.565	0.6794
			-0.8353	0.5338	0.1317
			-0.2883	-0.6292	0.7218
			-0.4681	-0.565	-0.6794
			0.8353	-0.5338	-0.1317
			0.2883	0.6292	-0.7218
		b:
			77.118
			362.9203
			-288.073
			-7.7557
			-276.7786
			-109.3207
			324.2434
			35.2727
			-184.4332
			-315.2434
			-25.2727
			194.4332
	==================================================================================
	Q5:
		Shape: Hybrid
		q_c:	186.0	324.5	77.0
		ub :	193.1609	330.7893	83.7313
		lb :	178.8391	318.2107	70.2687
		P^-1:
			0.0576	-0.0139	0.0022
			-0.0139	0.0728	-0.0036
			0.0022	-0.0036	0.0499
		A:
			-0.9367	0.3396	0.0853
			-0.2674	-0.9404	0.2102
			0.9767	0.0145	0.2143
			-0.2571	-0.6568	-0.7089
			-0.5566	-0.8298	0.0401
			0.885	-0.4656	-0.0044
		b:
			-55.242
			-336.4106
			205.3864
			-312.8926
			-367.1322
			15.25
	==================================================================================
	Q6:
		Shape: Hybrid
		q_c:	181.5	336.0	75.5
		ub :	184.8705	341.9908	80.7324
		lb :	178.1295	330.0092	70.2676
		P^-1:
			0.1108	-0.0043	-0.0025
			-0.0043	0.0583	-0.0308
			-0.0025	-0.0308	0.0931
		A:
			0.7857	-0.2469	-0.5672
			-0.5279	-0.0451	0.8481
			-0.5672	0.8227	-0.0378
			0.4207	0.3554	-0.8347
			0.4321	-0.2462	0.8675
			0.6498	-0.7365	0.1876
		b:
			18.7932
			-45.1287
			173.1105
			134.2768
			62.867
			-113.2737


===========================================================================================
===========================================================================================
S4:
	q_c:	313.0	170.5	92.0
	ub :	330.4742	196.4997	116.2158
	lb :	282.0554	152.8752	70.5016

	==================================================================================
	Q1:
		Shape: Hybrid
		q_c:	301.0	172.0	92.5
		ub :	315.4851	186.8466	102.6127
		lb :	286.5149	157.1534	82.3873
		P^-1:
			0.0114	0.001	-0.0039
			0.001	0.0137	-0.0078
			-0.0039	-0.0078	0.0291
		A:
			0.7605	0.5287	-0.3769
			-0.1514	-0.1273	-0.9802
			0.2269	-0.4351	-0.8713
			-0.8164	-0.0052	-0.5775
			0.8128	-0.5731	-0.1045
			-0.5302	0.313	0.788
		b:
			290.4361
			-153.5952
			-81.7892
			-293.4494
			143.1762
			-27.7871
	==================================================================================
	Q2:
		Shape: Hybrid
		q_c:	307.0	162.0	94.5
		ub :	317.3321	167.5561	104.3395
		lb :	296.6679	156.4439	84.6605
		P^-1:
			0.0915	-0.1561	0.0285
			-0.1561	0.3711	-0.0294
			0.0285	-0.0294	0.0329
		A:
			-0.1709	0.0722	0.9826
			0.2414	-0.9501	0.1974
			0.5229	-0.8504	-0.0583
			-0.9963	0.0747	0.0414
			-0.5009	0.8575	-0.1173
			0.0866	-0.9729	0.2143
		b:
			58.9022
			-59.5002
			18.87
			-283.082
			-25.0284
			-108.0519
	==================================================================================
	Q3:
		Shape: Polyhedra
		q_c:	321.0	180.5	100.5
		ub :	330.4742	189.6597	106.3242
		lb :	311.5258	171.3403	94.6758
		A:
			0.9575	-0.1548	0.2433
			-0.1302	-0.1587	0.9787
			0.6751	-0.1585	0.7205
			0.3102	-0.0983	-0.9456
			0.6087	-0.062	-0.7909
			0.2084	-0.2429	-0.9474
			0.6169	0.7429	0.2598
			0.6885	-0.6693	0.2792
			0.3813	0.0067	-0.9244
			-0.6169	-0.7429	-0.2598
			-0.6885	0.6693	-0.2792
			-0.3813	-0.0067	0.9244
		b:
			310.544
			31.068
			266.7474
			-10.6063
			107.758
			-69.1522
			364.2278
			135.262
			33.2115
			-352.2278
			-121.262
			-28.2115
	==================================================================================
	Q4:
		Shape: Hybrid
		q_c:	318.0	161.5	82.0
		ub :	326.0609	170.1248	93.4984
		lb :	309.9391	152.8752	70.5016
		P^-1:
			0.0382	0.0039	0.0044
			0.0039	0.0284	-0.0021
			0.0044	-0.0021	0.0111
		A:
			0.7088	-0.6708	0.2181
			-0.8326	-0.5021	0.2339
			0.7609	0.3692	0.5337
			0.7012	0.4896	0.5183
			0.9185	-0.271	0.288
			-0.7857	0.6033	0.137
		b:
			138.2188
			-323.4731
			349.1493
			348.4542
			274.8013
			-137.2923
	==================================================================================
	Q5:
		Shape: Hybrid
		q_c:	292.0	167.5	107.5
		ub :	301.9446	177.2202	116.2158
		lb :	282.0554	157.7798	98.7842
		P^-1:
			0.03	-0.0096	-0.0006
			-0.0096	0.0309	-0.001
			-0.0006	-0.001	0.0232
		A:
			0.3684	-0.9233	0.1087
			0.4248	-0.0137	-0.9052
			0.9669	-0.2393	0.0884
			0.4652	-0.8753	0.1321
			0.9587	0.1122	-0.2615
			-0.3897	0.8713	-0.2981
		b:
			-32.5859
			28.3224
			254.909
			6.0996
			274.36
			2.9212
	==================================================================================
	Q6:
		Shape: Polyhedra
		q_c:	315.5	185.5	104.0
		ub :	327.0516	196.4997	114.7617
		lb :	303.9484	174.5003	93.2383
		A:
			-0.8317	-0.5542	0.0327
			0.4698	0.8149	0.3393
			0.5674	0.5385	-0.6229
			0.2965	-0.9153	0.2726
			-0.4782	0.8177	-0.3205
			0.5997	-0.2471	0.7611
			0.587	0.8074	0.0594
			0.8066	-0.5896	0.0429
			0.0696	0.0228	-0.9973
			-0.587	-0.8074	-0.0594
			-0.8066	0.5896	-0.0429
			-0.0696	-0.0228	0.9973
		b:
			-354.2296
			342.4338
			222.8593
			-39.887
			-24.3663
			231.5965
			348.6519
			157.5712
			-67.5262
			-333.6519
			-141.5712
			87.5262


===========================================================================================
===========================================================================================
S5:
	q_c:	520.5	187.0	231.5
	ub :	534.0023	196.3483	244.1089
	lb :	507.0405	177.1291	226.2703

	==================================================================================
	Q1:
		Shape: Hybrid
		q_c:	515.0	189.5	233.0
		ub :	520.481	196.3483	238.1608
		lb :	509.519	182.6517	227.8392
		P^-1:
			0.0779	-0.0069	-0.0186
			-0.0069	0.0712	-0.0532
			-0.0186	-0.0532	0.1256
		A:
			0.6807	-0.2901	0.6726
			0.0509	0.1704	-0.9841
			-0.544	-0.8304	0.1206
			-0.7925	-0.2681	0.5477
			0.3215	-0.8623	0.3912
			0.1378	-0.503	-0.8532
		b:
			454.5761
			-168.9691
			-406.0801
			-329.4477
			95.4836
			-219.7183
	==================================================================================
	Q2:
		Shape: Polyhedra
		q_c:	513.0	189.0	239.5
		ub :	518.9595	194.9031	244.1089
		lb :	507.0405	183.0969	234.8911
		A:
			0.4331	0.9001	0.0476
			0.4546	0.5512	-0.6997
			0.9531	0.1129	0.2808
			0.5086	0.7828	0.3585
			0.4208	-0.6866	-0.5928
			-0.6653	-0.6973	-0.2667
			0.4045	0.3466	0.8463
			-0.6274	-0.5681	0.5325
			0.6654	-0.7464	-0.0123
			-0.4045	-0.3466	-0.8463
			0.6274	0.5681	-0.5325
			-0.6654	0.7464	0.0123
		b:
			407.0164
			172.8562
			581.0697
			498.1049
			-52.0579
			-533.6665
			479.1941
			-298.7014
			201.3364
			-472.1941
			304.7014
			-193.3364
	==================================================================================
	Q3:
		Shape: Polyhedra
		q_c:	519.5	184.0	234.5
		ub :	525.2925	189.1961	239.8613
		lb :	513.7075	178.8039	229.1387
		A:
			0.8134	-0.3098	0.4924
			0.9174	0.3474	0.1944
			-0.8524	-0.2725	0.4462
			0.3182	0.2606	-0.9115
			0.9125	0.1651	-0.3742
			0.2614	-0.6335	-0.7283
			0.4917	0.7308	0.4735
			0.608	0.1011	-0.7875
			-0.6233	0.6751	-0.3946
			-0.4917	-0.7308	-0.4735
			-0.608	-0.1011	0.7875
			0.6233	-0.6751	0.3946
		b:
			484.841
			589.2567
			-385.323
			2.6432
			419.7977
			-148.4507
			503.933
			152.8113
			-288.1459
			-497.933
			-146.8113
			296.1459
	==================================================================================
	Q4:
		Shape: Hybrid
		q_c:	522.0	189.0	232.0
		ub :	528.0808	195.2348	237.7297
		lb :	515.9192	182.7652	226.2703
		P^-1:
			0.1124	-0.05	-0.027
			-0.05	0.1075	-0.0255
			-0.027	-0.0255	0.0844
		A:
			0.6378	-0.5332	-0.5558
			0.8905	0.0797	-0.448
			-0.7493	0.5386	0.3854
			-0.6804	0.121	-0.7228
			-0.2592	-0.7253	0.6378
			0.5413	0.1322	-0.8303
		b:
			104.8769
			377.7995
			-198.5241
			-496.7879
			-122.5836
			116.6622
	==================================================================================
	Q5:
		Shape: Polyhedra
		q_c:	523.5	181.5	238.5
		ub :	527.3624	185.8709	242.8274
		lb :	519.6376	177.1291	234.1726
		A:
			-0.3951	-0.8934	0.2139
			-0.121	-0.0773	0.9896
			0.0513	0.8465	0.53
			0.0972	0.6465	0.7567
			0.8267	-0.2254	0.5155
			0.4116	0.4083	0.8148
			0.2698	0.782	0.5618
			-0.0687	0.5976	-0.7989
			-0.9605	0.1769	0.2149
			-0.2698	-0.782	-0.5618
			0.0687	-0.5976	0.7989
			0.9605	-0.1769	-0.2149
		b:
			-315.2201
			161.3322
			309.8745
			351.6648
			517.6405
			486.817
			420.1654
			-115.5142
			-416.4311
			-414.1654
			120.5142
			422.4311
	==================================================================================
	Q6:
		Shape: Polyhedra
		q_c:	528.0	189.0	239.5
		ub :	534.0023	194.4461	243.2835
		lb :	521.9977	183.5539	235.7165
		A:
			0.3413	0.379	-0.8602
			0.5958	-0.6384	0.4872
			-0.3926	0.6973	0.5997
			0.2165	0.2531	-0.9429
			-0.4728	-0.3894	0.7905
			-0.1848	-0.4913	0.8512
			0.815	0.3887	0.4298
			-0.2566	-0.423	0.869
			0.5196	-0.8185	-0.245
			-0.815	-0.3887	-0.4298
			0.2566	0.423	-0.869
			-0.5196	0.8185	0.245
		b:
			46.8989
			314.1395
			71.9433
			-62.3957
			-132.4748
			14.5152
			611.2096
			-6.3126
			64.9526
			-602.2096
			8.3126
			-56.9526


===========================================================================================
===========================================================================================
S6:
	q_c:	534.0	196.0	364.5
	ub :	550.771	221.6668	378.2154
	lb :	517.4047	174.61	347.1001

	==================================================================================
	Q1:
		Shape: Ellipse
		q_c:	538.0	208.0	354.5
		ub :	542.6709	212.6492	361.8999
		lb :	533.3291	203.3508	347.1001
		P^-1:
			0.136	-0.0916	-0.0029
			-0.0916	0.1758	0.0095
			-0.0029	0.0095	0.0211
	==================================================================================
	Q2:
		Shape: Ellipse
		q_c:	527.0	190.5	358.5
		ub :	536.5953	201.3826	369.8782
		lb :	517.4047	179.6174	347.1218
		P^-1:
			0.0371	-0.0184	0.0157
			-0.0184	0.0325	-0.0092
			0.0157	-0.0092	0.0271
	==================================================================================
	Q3:
		Shape: Hybrid
		q_c:	545.5	183.5	358.5
		ub :	550.771	190.3749	365.7879
		lb :	540.229	176.6251	351.2121
		P^-1:
			0.0497	-0.002	-0.0006
			-0.002	0.0527	0.0137
			-0.0006	0.0137	0.0426
		A:
			-0.2262	-0.8944	-0.3858
			0.7059	-0.0895	0.7026
			0.7595	0.366	0.5378
			-0.1692	0.5159	-0.8398
			-0.5356	-0.8442	0.0199
			0.6701	-0.6953	0.2599
		b:
			-423.6656
			623.4016
			676.6957
			-295.2633
			-437.3324
			333.8666
	==================================================================================
	Q4:
		Shape: Hybrid
		q_c:	527.5	211.5	359.0
		ub :	536.1236	221.6668	364.9196
		lb :	518.8764	201.3332	353.0804
		P^-1:
			0.0754	0.0214	0.0594
			0.0214	0.0215	0.018
			0.0594	0.018	0.11
		A:
			0.4064	0.3477	0.845
			-0.3644	0.5526	-0.7496
			0.8486	0.1623	0.5036
			-0.1762	-0.3154	-0.9325
			-0.6417	-0.5667	-0.5168
			-0.3747	-0.2494	-0.893
		b:
			593.1288
			-339.8819
			664.6982
			-491.8489
			-641.2505
			-569.3043
	==================================================================================
	Q5:
		Shape: Hybrid
		q_c:	542.5	207.0	371.5
		ub :	549.4611	214.1176	378.2154
		lb :	535.5389	199.8824	364.7846
		P^-1:
			0.031	0.0101	0.0077
			0.0101	0.062	0.019
			0.0077	0.019	0.0564
		A:
			-0.3291	0.7965	0.5072
			-0.5295	-0.7775	-0.3392
			-0.3184	-0.9244	-0.2102
			0.182	0.7069	0.6835
			0.0195	-0.0277	-0.9994
			0.4859	-0.8393	-0.244
		b:
			177.4562
			-572.0806
			-440.0519
			500.7721
			-363.7431
			2.4788
	==================================================================================
	Q6:
		Shape: Hybrid
		q_c:	532.0	187.0	361.0
		ub :	544.6687	199.39	370.4396
		lb :	519.3313	174.61	351.5604
		P^-1:
			0.0155	-0.0052	0.0003
			-0.0052	0.0149	-0.0005
			0.0003	-0.0005	0.0139
		A:
			-0.9019	-0.0151	-0.4318
			-0.7726	-0.0363	0.6339
			-0.1124	0.312	-0.9434
			0.9358	-0.2018	-0.289
			-0.3884	0.5678	0.7258
			0.8894	-0.0413	-0.4553
		b:
			-633.4432
			-183.8155
			-337.1836
			360.2907
			166.0717
			306.0743


===========================================================================================
===========================================================================================
S7:
	q_c:	125.5	196.5	196.0
	ub :	133.3747	200.1224	200.6124
	lb :	118.9155	191.0394	189.6849

	==================================================================================
	Q1:
		Shape: Hybrid
		q_c:	122.0	197.0	198.0
		ub :	124.9684	200.1224	200.6124
		lb :	119.0316	193.8776	195.3876
		P^-1:
			0.2758	0.1362	0.0306
			0.1362	0.3273	0.0118
			0.0306	0.0118	0.2513
		A:
			0.5006	-0.4556	0.7361
			-0.8528	-0.2316	0.4682
			-0.0999	-0.8691	0.4844
			-0.2506	0.878	-0.4078
			-0.3063	-0.9184	-0.2504
			-0.0208	-0.6795	0.7334
		b:
			118.4577
			-55.6983
			-86.3371
			63.0666
			-266.9528
			10.035
	==================================================================================
	Q2:
		Shape: Hybrid
		q_c:	121.5	194.0	193.0
		ub :	124.0845	196.9606	195.7974
		lb :	118.9155	191.0394	190.2026
		P^-1:
			0.2736	0.036	-0.0523
			0.036	0.305	-0.0798
			-0.0523	-0.0798	0.3659
		A:
			0.1658	-0.3195	0.933
			-0.3339	0.9323	0.1391
			-0.8023	-0.5398	-0.2548
			0.914	0.3068	0.2655
			-0.0879	0.277	-0.9568
			-0.7323	0.1457	0.6652
		b:
			139.1376
			168.3597
			-250.1965
			223.0258
			-140.7021
			68.7125
	==================================================================================
	Q3:
		Shape: Polyhedra
		q_c:	125.0	194.0	191.5
		ub :	127.6721	196.3166	193.3151
		lb :	122.3279	191.6834	189.6849
		A:
			-0.9137	0.3516	-0.2038
			0.3946	0.7655	0.5082
			0.5685	0.5379	0.6224
			0.6482	0.7496	-0.1342
			-0.3838	-0.5215	-0.7621
			-0.6198	-0.4978	-0.6067
			0.5581	0.7339	0.3872
			0.7663	-0.6348	0.0986
			0.3181	0.2417	-0.9167
			-0.5581	-0.7339	-0.3872
			-0.7663	0.6348	-0.0986
			-0.3181	-0.2417	0.9167
		b:
			-82.6647
			295.7953
			295.3474
			201.6094
			-294.266
			-289.4164
			286.7834
			-5.9919
			-87.3984
			-285.7834
			10.9919
			90.3984
	==================================================================================
	Q4:
		Shape: Hybrid
		q_c:	130.0	196.5	196.5
		ub :	133.3747	199.119	199.9965
		lb :	126.6253	193.881	193.0035
		P^-1:
			0.2476	0.0787	-0.0159
			0.0787	0.3899	0.0785
			-0.0159	0.0785	0.2169
		A:
			-0.0965	0.9703	-0.2219
			-0.4805	-0.1915	0.8558
			-0.3435	0.3723	0.8622
			0.4416	-0.792	-0.4216
			-0.3846	-0.9202	0.0723
			-0.0183	0.537	0.8434
		b:
			135.7333
			69.4408
			199.1327
			-179.9921
			-215.7557
			269.9625
	==================================================================================
	Q5:
		Shape: Polyhedra
		q_c:	127.0	194.5	196.0
		ub :	129.9789	197.5698	198.3166
		lb :	124.0211	191.4302	193.6834
		A:
			0.1164	-0.2418	0.9633
			0.3145	0.5188	0.795
			-0.9142	-0.3798	-0.1412
			0.3286	0.1038	-0.9388
			-0.3937	-0.6217	0.6771
			-0.6384	-0.4842	0.5982
			0.3556	0.9146	0.1926
			0.8407	-0.223	-0.4934
			-0.4083	0.3374	-0.8482
			-0.3556	-0.9146	-0.1926
			-0.8407	0.223	0.4934
			0.4083	-0.3374	0.8482
		b:
			157.7202
			298.6686
			-215.4769
			-120.4817
			-36.3242
			-55.9645
			263.3038
			-31.3152
			-151.4688
			-258.3038
			35.3152
			153.4688
	==================================================================================
	Q6:
		Shape: Polyhedra
		q_c:	124.0	197.5	195.5
		ub :	126.7551	199.8595	198.8409
		lb :	121.2449	195.1405	192.1591
		A:
			-0.9547	0.0303	0.2961
			0.6542	0.5515	0.5175
			-0.8975	0.2878	-0.3343
			-0.9133	-0.3943	0.1025
			-0.9784	0.1356	-0.1562
			0.6827	0.7272	-0.0711
			0.8345	0.4748	0.2797
			-0.2575	-0.1127	0.9597
			0.4871	-0.8729	0.0282
			-0.8345	-0.4748	-0.2797
			0.2575	0.1127	-0.9597
			-0.4871	0.8729	-0.0282
		b:
			-52.4725
			292.8754
			-118.2676
			-169.2912
			-123.5584
			216.1132
			253.4242
			136.425
			-104.9635
			-250.4242
			-130.425
			107.9635


===========================================================================================
===========================================================================================
S8:
	q_c:	516.5	162.5	492.0
	ub :	522.0716	167.5093	497.0916
	lb :	512.3088	158.3692	487.6261

	==================================================================================
	Q1:
		Shape: Ellipse
		q_c:	517.5	161.0	492.5
		ub :	520.2028	163.6308	495.3508
		lb :	514.7972	158.3692	489.6492
		P^-1:
			0.3987	-0.0664	-0.0489
			-0.0664	0.3481	-0.071
			-0.0489	-0.071	0.3921
	==================================================================================
	Q2:
		Shape: Ellipse
		q_c:	514.5	163.5	494.5
		ub :	516.6912	165.9651	497.0916
		lb :	512.3088	161.0349	491.9084
		P^-1:
			0.6026	0.2393	0.2876
			0.2393	0.5371	0.1017
			0.2876	0.1017	0.5547
	==================================================================================
	Q3:
		Shape: Hybrid
		q_c:	519.5	164.5	490.5
		ub :	522.0716	167.5093	493.3739
		lb :	516.9284	161.4907	487.6261
		P^-1:
			0.2802	-0.0492	-0.0504
			-0.0492	0.3302	0.0821
			-0.0504	0.0821	0.334
		A:
			0.6637	0.5875	-0.463
			-0.1157	-0.9213	-0.3713
			-0.8094	0.2011	-0.5518
			-0.9822	0.1726	0.074
			-0.0842	0.7493	0.6569
			-0.5813	0.8081	0.0954
		b:
			215.5646
			-392.8226
			-656.7989
			-444.4795
			402.5251
			-121.3212
	==================================================================================
	Q4:
		Shape: Hybrid
		q_c:	519.0	164.5	493.5
		ub :	522.0003	166.8937	496.0594
		lb :	515.9997	162.1063	490.9406
		P^-1:
			0.45	-0.3506	0.0875
			-0.3506	0.7749	0.0863
			0.0875	0.0863	0.3795
		A:
			0.0899	-0.9863	-0.138
			0.9739	-0.0738	-0.2146
			-0.5476	0.6026	0.5805
			-0.3815	0.8178	-0.4309
			0.7743	-0.6329	-0.0024
			0.4325	-0.6984	-0.5703
		b:
			-182.8909
			388.9648
			102.2983
			-275.3424
			297.2405
			-171.0797
	==================================================================================
	Q5:
		Shape: Hybrid
		q_c:	519.5	164.5	495.0
		ub :	520.9163	165.6897	496.4418
		lb :	518.0837	163.3103	493.5582
		P^-1:
			1.0	0.0	0.0
			0.0	1.0	0.0
			0.0	0.0	1.0
		A:
			0.2648	0.3155	0.9112
			-0.4834	0.66	0.5751
			0.9154	-0.0681	0.3968
			0.8956	-0.2347	-0.3778
			-0.9863	0.0762	0.1463
			0.575	-0.5303	0.623
		b:
			641.0219
			142.6165
			661.2679
			240.1236
			-426.9451
			520.359
	==================================================================================
	Q6:
		Shape: Ellipse
		q_c:	516.5	163.0	494.5
		ub :	518.3328	164.9291	496.5743
		lb :	514.6672	161.0709	492.4257
		P^-1:
			0.6795	0.0681	0.2659
			0.0681	0.4642	0.0771
			0.2659	0.0771	0.7452


===========================================================================================
===========================================================================================
S9:
	q_c:	526.5	254.0	161.0
	ub :	545.9811	281.1665	183.1412
	lb :	509.3121	239.4789	142.6978

	==================================================================================
	Q1:
		Shape: Ellipse
		q_c:	529.0	270.0	167.0
		ub :	539.0783	281.1665	179.4985
		lb :	518.9217	258.8335	154.5015
		P^-1:
			0.0236	-0.003	-0.0057
			-0.003	0.0195	-0.0012
			-0.0057	-0.0012	0.0189
	==================================================================================
	Q2:
		Shape: Polyhedra
		q_c:	536.0	272.5	153.5
		ub :	545.9811	280.772	164.3022
		lb :	526.0189	264.228	142.6978
		A:
			0.6178	0.0552	-0.7844
			0.6511	-0.2928	-0.7003
			0.8103	-0.5851	0.0323
			0.2974	0.5762	-0.7613
			0.5142	-0.7818	0.3527
			0.1692	-0.9208	0.3514
			0.449	0.2006	0.8707
			-0.807	0.5093	0.2988
			-0.3836	-0.8369	0.3905
			-0.449	-0.2006	-0.8707
			0.807	-0.5093	-0.2988
			0.3836	0.8369	-0.3905
		b:
			231.5563
			167.6561
			285.6162
			204.9882
			122.4257
			-101.3017
			437.4712
			-242.4011
			-369.1887
			-420.4712
			253.4011
			378.1887
	==================================================================================
	Q3:
		Shape: Hybrid
		q_c:	534.5	246.5	174.5
		ub :	539.6949	252.769	180.2308
		lb :	529.3051	240.231	168.7692
		P^-1:
			0.0497	0.0008	0.0018
			0.0008	0.0344	0.0062
			0.0018	0.0062	0.0608
		A:
			-0.625	-0.6841	0.376
			-0.393	0.9073	0.1493
			0.3128	-0.2339	-0.9206
			-0.6963	-0.198	0.6899
			0.9163	0.1933	0.3507
			-0.2578	-0.4488	-0.8556
		b:
			-434.0006
			42.877
			-49.001
			-298.129
			600.9977
			-395.6276
	==================================================================================
	Q4:
		Shape: Polyhedra
		q_c:	533.5	249.5	170.0
		ub :	544.0929	259.3559	178.5883
		lb :	522.9071	239.6441	161.4117
		A:
			0.5574	0.7185	-0.416
			-0.0916	-0.6038	-0.7919
			-0.8622	0.0553	-0.5035
			0.3727	0.3149	0.8729
			-0.743	0.345	-0.5735
			0.0741	-0.3204	-0.9444
			0.51	0.8455	0.1582
			0.8083	-0.4083	-0.4241
			-0.294	0.3442	-0.8917
			-0.51	-0.8455	-0.1582
			-0.8083	0.4083	0.4241
			0.294	-0.3442	0.8917
		b:
			411.9364
			-327.9398
			-525.8339
			431.2615
			-402.0513
			-194.8447
			515.939
			264.7851
			-217.5739
			-503.939
			-249.7851
			227.5739
	==================================================================================
	Q5:
		Shape: Polyhedra
		q_c:	517.5	261.0	173.0
		ub :	525.6879	271.2187	183.1412
		lb :	509.3121	250.7813	162.8588
		A:
			-0.9579	-0.2204	-0.1838
			0.8666	-0.4938	-0.072
			0.9228	-0.0066	0.3852
			0.0059	0.857	0.5152
			-0.0284	0.1209	0.9923
			-0.7644	0.3978	-0.5074
			0.7395	0.4268	0.5205
			0.6528	-0.2662	-0.7092
			-0.1641	0.8643	-0.4755
			-0.7395	-0.4268	-0.5205
			-0.6528	0.2662	0.7092
			0.1641	-0.8643	0.4755
		b:
			-580.5835
			313.4943
			547.3484
			321.7716
			194.3348
			-373.0983
			588.1493
			151.658
			66.3919
			-580.1493
			-139.658
			-50.3919
	==================================================================================
	Q6:
		Shape: Hybrid
		q_c:	518.0	245.0	168.0
		ub :	524.0656	250.5211	173.7335
		lb :	511.9344	239.4789	162.2665
		P^-1:
			0.091	0.0443	0.0358
			0.0443	0.1255	-0.0062
			0.0358	-0.0062	0.0946
		A:
			-0.5697	-0.4258	-0.703
			-0.1192	-0.8508	0.5118
			-0.7841	-0.2997	-0.5434
			0.3728	0.6968	-0.6128
			0.5485	0.6193	0.5618
			-0.8733	-0.4872	-0.0028
		b:
			-516.0556
			-182.6017
			-569.4296
			262.719
			531.6191
			-570.3141


===========================================================================================
===========================================================================================
S10:
	q_c:	157.5	29.0	209.5
	ub :	167.4295	41.3855	222.5314
	lb :	145.939	21.1221	199.769

	==================================================================================
	Q1:
		Shape: Polyhedra
		q_c:	150.5	31.5	214.0
		ub :	155.061	34.8295	218.895
		lb :	145.939	28.1705	209.105
		A:
			-0.0127	0.565	-0.825
			0.084	0.5831	-0.808
			0.0343	-0.9957	-0.0865
			-0.0098	-0.9148	0.4037
			0.4855	-0.8733	-0.0395
			-0.6455	-0.6786	0.3505
			0.616	0.2867	0.7338
			-0.7821	0.3345	0.5259
			-0.0947	-0.8978	0.4302
			-0.616	-0.2867	-0.7338
			0.7821	-0.3345	-0.5259
			0.0947	0.8978	-0.4302
		b:
			-158.3626
			-139.7923
			-42.6256
			57.6107
			39.1589
			-41.3605
			262.7576
			7.8678
			51.0398
			-254.7576
			-2.8678
			-48.0398
	==================================================================================
	Q2:
		Shape: Ellipse
		q_c:	162.5	26.5	215.0
		ub :	167.4295	31.8779	218.846
		lb :	157.5705	21.1221	211.154
		P^-1:
			0.1203	0.059	-0.0643
			0.059	0.129	-0.1406
			-0.0643	-0.1406	0.3556
	==================================================================================
	Q3:
		Shape: Polyhedra
		q_c:	157.5	33.5	204.0
		ub :	161.3826	37.3536	208.231
		lb :	153.6174	29.6464	199.769
		A:
			0.7174	0.6956	-0.0377
			-0.34	-0.453	-0.8241
			-0.4526	0.8845	-0.1132
			-0.8688	0.0287	0.4943
			0.1759	0.3719	-0.9115
			0.113	0.2359	0.9652
			0.1249	0.9519	0.2797
			-0.7033	0.2838	-0.6518
			-0.6998	-0.1153	0.7049
			-0.1249	-0.9519	-0.2797
			0.7033	-0.2838	0.6518
			0.6998	0.1153	-0.7049
		b:
			131.3863
			-234.0914
			-61.9495
			-32.5416
			-143.2673
			225.2377
			111.6291
			-231.724
			32.2207
			-105.6291
			236.724
			-27.2207
	==================================================================================
	Q4:
		Shape: Hybrid
		q_c:	155.5	34.5	215.0
		ub :	162.2932	41.3855	222.5314
		lb :	148.7068	27.6145	207.4686
		P^-1:
			0.0561	-0.0135	-0.0148
			-0.0135	0.0593	0.0085
			-0.0148	0.0085	0.0556
		A:
			0.6748	-0.5803	0.4559
			-0.8677	-0.4103	0.2805
			0.6638	-0.7427	0.0884
			0.0443	-0.6172	-0.7856
			0.5555	-0.1237	-0.8223
			-0.5307	0.3363	-0.778
		b:
			185.6542
			-86.0017
			98.8325
			-180.9628
			-92.6315
			-235.1516
	==================================================================================
	Q5:
		Shape: Ellipse
		q_c:	159.5	34.5	217.5
		ub :	162.9571	36.9902	221.8837
		lb :	156.0429	32.0098	213.1163
		P^-1:
			0.7358	-0.084	0.4124
			-0.084	0.2645	-0.0702
			0.4124	-0.0702	0.299
	==================================================================================
	Q6:
		Shape: Hybrid
		q_c:	152.5	29.5	218.5
		ub :	154.9501	31.6244	221.1612
		lb :	150.0499	27.3756	215.8388
		P^-1:
			0.3704	0.0664	-0.0707
			0.0664	0.8252	0.2951
			-0.0707	0.2951	0.4989
		A:
			-0.7199	-0.5401	-0.436
			-0.7932	0.4706	0.3865
			0.2919	-0.0445	-0.9554
			-0.0273	0.9846	0.1725
			-0.6956	-0.6705	-0.258
			0.8346	0.5025	0.2258
		b:
			-220.0366
			-21.6749
			-164.5413
			63.2242
			-181.4099
			192.416


===========================================================================================
===========================================================================================
S11:
	q_c:	166.5	236.0	153.0
	ub :	183.1727	254.1012	169.7069
	lb :	155.1468	222.2873	136.6472

	==================================================================================
	Q1:
		Shape: Polyhedra
		q_c:	175.0	234.5	151.0
		ub :	183.1727	243.1604	159.4429
		lb :	166.8273	225.8396	142.5571
		A:
			0.737	0.103	-0.668
			-0.1555	0.2359	0.9593
			0.0589	0.6702	0.7398
			0.5746	-0.6974	-0.4283
			-0.5571	-0.8211	-0.1238
			0.4588	0.7259	0.5124
			0.2371	0.6063	0.7591
			-0.9715	0.1414	0.1904
			0.0082	-0.7825	0.6226
			-0.2371	-0.6063	-0.7591
			0.9715	-0.1414	-0.1904
			-0.0082	0.7825	-0.6226
		b:
			59.4035
			177.8968
			282.8976
			-121.4115
			-303.194
			332.0248
			301.7878
			-100.5911
			-81.0734
			-294.7878
			115.5911
			95.0734
	==================================================================================
	Q2:
		Shape: Hybrid
		q_c:	162.5	235.0	143.5
		ub :	167.7926	241.6719	150.3528
		lb :	157.2074	228.3281	136.6472
		P^-1:
			0.062	0.0016	0.0034
			0.0016	0.0574	-0.0111
			0.0034	-0.0111	0.0387
		A:
			-0.0687	-0.8509	0.5209
			0.6074	0.304	-0.7339
			0.7436	0.0597	0.6659
			-0.5653	0.3399	-0.7516
			-0.0139	0.372	-0.9281
			-0.0157	-0.1571	0.9875
		b:
			-134.3451
			67.436
			232.9017
			-117.4639
			-45.2818
			105.295
	==================================================================================
	Q3:
		Shape: Polyhedra
		q_c:	163.0	248.5	143.5
		ub :	168.3343	254.1012	149.0334
		lb :	157.6657	242.8988	137.9666
		A:
			0.8763	0.2159	0.4306
			0.2963	-0.941	-0.1637
			-0.6695	-0.7242	0.1655
			-0.0667	0.7938	0.6045
			0.9031	0.1932	0.3836
			0.7962	0.363	0.484
			0.2312	0.8454	0.4816
			0.4112	0.3637	-0.8358
			-0.8818	0.3912	-0.2635
			-0.2312	-0.8454	-0.4816
			-0.4112	-0.3637	0.8358
			0.8818	-0.3912	0.2635
		b:
			261.7879
			-205.5264
			-261.8338
			276.6429
			253.7567
			292.9436
			320.3589
			40.9719
			-80.8195
			-313.3589
			-33.9719
			87.8195
	==================================================================================
	Q4:
		Shape: Polyhedra
		q_c:	173.5	229.0	163.0
		ub :	178.9662	235.7127	169.7069
		lb :	168.0338	222.2873	156.2931
		A:
			0.5787	-0.2093	-0.7883
			-0.5461	-0.5786	-0.6058
			-0.1703	-0.8403	-0.5146
			-0.8467	0.5074	0.1602
			-0.2551	-0.3706	-0.8931
			-0.6623	-0.4575	0.5934
			0.9937	0.0922	0.0635
			0.0103	-0.6402	0.7681
			0.1115	-0.7627	-0.6371
			-0.9937	-0.0922	-0.0635
			-0.0103	0.6402	-0.7681
			-0.1115	0.7627	0.6371
		b:
			-71.5066
			-321.5534
			-301.7637
			0.0849
			-270.3451
			-117.9634
			208.8857
			-14.6067
			-255.1495
			-198.8857
			24.6067
			263.1495
	==================================================================================
	Q5:
		Shape: Ellipse
		q_c:	163.0	230.5	154.0
		ub :	170.8532	236.9825	161.8622
		lb :	155.1468	224.0175	146.1378
		P^-1:
			0.0355	0.0173	0.0112
			0.0173	0.1065	0.0624
			0.0112	0.0624	0.0789
	==================================================================================
	Q6:
		Shape: Ellipse
		q_c:	161.0	241.5	144.0
		ub :	166.5167	248.2938	150.5439
		lb :	155.4833	234.7062	137.4561
		P^-1:
			0.0403	0.0025	0.0028
			0.0025	0.0575	0.0241
			0.0028	0.0241	0.0569


===========================================================================================
===========================================================================================
S12:
	q_c:	216.0	358.0	296.5
	ub :	239.9885	379.6329	322.0163
	lb :	191.0972	329.6567	274.6432

	==================================================================================
	Q1:
		Shape: Ellipse
		q_c:	230.5	372.5	297.0
		ub :	239.9885	379.6329	307.3926
		lb :	221.0115	365.3671	286.6074
		P^-1:
			0.1582	0.1825	0.0829
			0.1825	0.255	0.1078
			0.0829	0.1078	0.0667
	==================================================================================
	Q2:
		Shape: Polyhedra
		q_c:	211.5	342.0	310.0
		ub :	225.1108	354.3433	322.0163
		lb :	197.8892	329.6567	297.9837
		A:
			0.6353	-0.6994	0.3274
			0.6777	0.0704	0.7319
			0.5394	0.4599	0.7054
			-0.546	-0.8086	-0.2193
			0.4018	0.7864	-0.4692
			-0.2515	-0.8464	-0.4694
			0.6648	0.3303	0.67
			0.6561	0.1708	-0.7351
			-0.3572	0.9283	-0.1031
			-0.6648	-0.3303	-0.67
			-0.6561	-0.1708	0.7351
			0.3572	-0.9283	0.1031
		b:
			5.6523
			400.1991
			495.7187
			-452.5678
			218.1075
			-480.7342
			466.7728
			-20.7185
			219.4525
			-455.7728
			40.7185
			-200.4525
	==================================================================================
	Q3:
		Shape: Polyhedra
		q_c:	204.5	340.0	288.0
		ub :	217.9028	345.533	301.3568
		lb :	191.0972	334.467	274.6432
		A:
			0.3629	-0.917	0.1659
			-0.2367	-0.9328	0.2718
			0.2847	-0.9471	0.1479
			0.1426	-0.9739	0.1767
			-0.2512	-0.8042	0.5387
			0.6285	-0.7724	0.0918
			0.7579	0.0604	0.6496
			-0.6482	0.183	0.7392
			-0.0742	-0.9813	0.1779
			-0.7579	-0.0604	-0.6496
			0.6482	-0.183	-0.7392
			0.0742	0.9813	-0.1779
		b:
			-184.6008
			-283.4774
			-216.5302
			-247.1057
			-164.9347
			-100.7276
			373.1154
			150.553
			-294.0785
			-352.1154
			-134.553
			301.0785
	==================================================================================
	Q4:
		Shape: Hybrid
		q_c:	218.5	342.5	298.0
		ub :	230.1134	351.4981	311.432
		lb :	206.8866	333.5019	284.568
		P^-1:
			0.0091	0.0006	0.0
			0.0006	0.023	0.0032
			0.0	0.0032	0.0083
		A:
			0.4137	0.8914	-0.1852
			-0.4468	-0.7846	0.4299
			-0.2284	-0.9505	0.2106
			-0.7051	-0.3311	-0.627
			0.6543	-0.3939	-0.6455
			0.0907	0.7895	0.607
		b:
			345.2368
			-232.3063
			-308.2664
			-447.4732
			-177.5934
			475.5645
	==================================================================================
	Q5:
		Shape: Hybrid
		q_c:	209.5	355.0	286.0
		ub :	219.2945	360.8188	295.0946
		lb :	199.7055	349.1812	276.9054
		P^-1:
			0.0218	-0.0202	0.0083
			-0.0202	0.7547	-0.4241
			0.0083	-0.4241	0.2649
		A:
			0.1228	-0.9119	0.3917
			-0.0672	0.8891	-0.4527
			0.4477	0.6529	-0.611
			-0.4244	0.7414	-0.5199
			-0.3653	-0.4945	0.7887
			0.0241	0.8419	-0.5392
		b:
			-185.0613
			172.6622
			153.7844
			28.1609
			-23.1455
			150.2807
	==================================================================================
	Q6:
		Shape: Ellipse
		q_c:	217.5	354.5	290.5
		ub :	231.292	367.4978	301.8992
		lb :	203.708	341.5022	279.1008
		P^-1:
			0.0159	0.0002	-0.0016
			0.0002	0.0158	-0.0011
			-0.0016	-0.0011	0.0155


===========================================================================================
===========================================================================================
