3D_30_25_6_a                l = 3

===========================================================================================
===========================================================================================
S1:
	q_c:	176.0	125.0	138.5
	ub :	183.2776	132.5846	146.1048
	lb :	170.9779	119.0123	133.063

	==================================================================================
	Q1:
		Shape: Hybrid
		q_c:	179.5	124.0	139.5
		ub :	183.0581	127.111	141.9661
		lb :	175.9419	120.889	137.0339
		P^-1:
			0.2996	0.0054	-0.361
			0.0054	0.1577	0.0125
			-0.361	0.0125	0.8138
		A:
			0.3294	0.066	-0.9419
			-0.2709	0.5111	0.8157
			0.2289	0.5863	0.7771
			-0.3659	0.9238	0.1126
			-0.1054	0.9176	-0.3833
			-0.7674	-0.4505	0.4562
		b:
			-63.5029
			129.5897
			223.9034
			66.612
			43.4276
			-128.5607
	==================================================================================
	Q2:
		Shape: Ellipse
		q_c:	173.5	127.5	136.0
		ub :	175.4256	130.5324	138.937
		lb :	171.5744	124.4676	133.063
		P^-1:
			0.4354	-0.037	-0.0333
			-0.037	0.2925	-0.137
			-0.0333	-0.137	0.3209
	==================================================================================
	Q3:
		Shape: Polyhedra
		q_c:	175.5	123.0	141.0
		ub :	180.0221	126.9877	145.2635
		lb :	170.9779	119.0123	136.7365
		A:
			-0.8207	0.565	-0.0845
			0.0948	0.1128	0.9891
			-0.2964	-0.8662	0.4023
			0.7049	-0.6738	-0.2216
			0.2199	0.9252	-0.3093
			-0.2476	0.8264	0.5058
			0.7231	0.4496	0.5244
			-0.6232	0.0971	0.776
			0.298	-0.8879	0.3504
			-0.7231	-0.4496	-0.5244
			0.6232	-0.0971	-0.776
			-0.298	0.8879	-0.3504
		b:
			-83.8987
			172.7244
			-99.2382
			11.8864
			111.4417
			132.0759
			259.6449
			13.9879
			-5.0064
			-252.6449
			-9.9879
			10.0064
	==================================================================================
	Q4:
		Shape: Ellipse
		q_c:	180.0	122.0	138.5
		ub :	183.2776	124.8779	141.9472
		lb :	176.7224	119.1221	135.0528
		P^-1:
			0.25	-0.0	0.0
			-0.0	0.25	0.0
			0.0	0.0	0.25
	==================================================================================
	Q5:
		Shape: Ellipse
		q_c:	179.0	128.0	141.5
		ub :	182.6833	132.5846	146.1048
		lb :	175.3167	123.4154	136.8952
		P^-1:
			0.2151	-0.0506	-0.0327
			-0.0506	0.1357	0.0159
			-0.0327	0.0159	0.1214
	==================================================================================
	Q6:
		Shape: Ellipse
		q_c:	175.0	128.0	137.5
		ub :	176.9568	131.2686	141.2111
		lb :	173.0432	124.7314	133.7889
		P^-1:
			0.9319	-0.1737	0.1561
			-0.1737	0.2601	0.0233
			0.1561	0.0233	0.1691


===========================================================================================
===========================================================================================
S2:
	q_c:	264.5	65.0	285.5
	ub :	292.4004	89.2814	303.4471
	lb :	251.4946	39.066	263.3079

	==================================================================================
	Q1:
		Shape: Polyhedra
		q_c:	278.5	49.5	288.0
		ub :	288.0733	58.7826	297.3769
		lb :	268.9267	40.2174	278.6231
		A:
			0.4164	-0.2826	-0.8641
			0.7914	0.4365	-0.4278
			0.3585	-0.7291	-0.5829
			-0.6834	0.7133	-0.1554
			0.5755	0.5588	-0.5971
			-0.1522	-0.9807	-0.1225
			0.8674	0.3357	0.3674
			0.0767	-0.8196	0.5678
			0.4917	-0.4644	-0.7366
			-0.8674	-0.3357	-0.3674
			-0.0767	0.8196	-0.5678
			-0.4917	0.4644	0.7366
		b:
			-142.3358
			125.375
			-99.4327
			-194.0431
			21.9162
			-120.1577
			371.9903
			149.8124
			-93.6912
			-355.9903
			-138.8124
			102.6912
	==================================================================================
	Q2:
		Shape: Polyhedra
		q_c:	269.5	56.0	275.0
		ub :	280.4703	65.7061	286.6921
		lb :	258.5297	46.2939	263.3079
		A:
			0.7037	0.2035	0.6807
			-0.8631	0.444	-0.2406
			-0.9762	-0.1486	-0.1577
			0.2979	-0.3686	-0.8806
			-0.8656	-0.0629	0.4968
			-0.1158	0.8234	0.5554
			0.3072	0.6818	0.6639
			-0.3787	0.7276	-0.572
			-0.8731	-0.0757	0.4817
			-0.3072	-0.6818	-0.6639
			0.3787	-0.7276	0.572
			0.8731	0.0757	-0.4817
		b:
			395.0485
			-267.3102
			-307.5724
			-175.31
			-92.6617
			174.5913
			310.552
			-212.5953
			-99.5676
			-296.552
			224.5953
			114.5676
	==================================================================================
	Q3:
		Shape: Hybrid
		q_c:	283.0	49.0	290.5
		ub :	292.4004	58.934	298.7837
		lb :	273.5996	39.066	282.2163
		P^-1:
			0.028	-0.0059	-0.0037
			-0.0059	0.0319	0.0043
			-0.0037	0.0043	0.0315
		A:
			0.8976	-0.433	-0.0822
			-0.733	0.1059	0.6719
			0.6198	-0.0034	-0.7848
			0.1809	-0.3963	-0.9001
			-0.596	-0.8029	-0.0068
			-0.6288	-0.3377	-0.7004
		b:
			211.9778
			-4.072
			-49.6855
			-226.9258
			-206.0958
			-394.2498
	==================================================================================
	Q4:
		Shape: Ellipse
		q_c:	261.5	50.0	291.5
		ub :	267.6742	56.5882	298.4105
		lb :	255.3258	43.4118	284.5895
		P^-1:
			0.0992	-0.0012	0.049
			-0.0012	0.153	0.1012
			0.049	0.1012	0.1293
	==================================================================================
	Q5:
		Shape: Hybrid
		q_c:	261.0	70.5	285.5
		ub :	270.5054	79.5509	294.9175
		lb :	251.4946	61.4491	276.0825
		P^-1:
			0.0268	0.0022	-0.0042
			0.0022	0.0163	-0.0026
			-0.0042	-0.0026	0.0292
		A:
			-0.9072	0.3588	0.2198
			0.7263	-0.5873	-0.3571
			0.5901	0.807	0.0247
			-0.462	0.3624	0.8094
			-0.5118	-0.8024	-0.307
			-0.117	0.5991	0.7921
		b:
			-144.9213
			50.4788
			222.3044
			139.6356
			-273.1781
			242.1214
	==================================================================================
	Q6:
		Shape: Ellipse
		q_c:	262.5	80.5	295.0
		ub :	273.4699	89.2814	303.4471
		lb :	251.5301	71.7186	286.5529
		P^-1:
			0.0173	-0.0006	0.0083
			-0.0006	0.0239	0.0035
			0.0083	0.0035	0.0363


===========================================================================================
===========================================================================================
S3:
	q_c:	466.5	189.5	469.0
	ub :	483.1332	209.777	482.2729
	lb :	453.7754	176.7735	454.9936

	==================================================================================
	Q1:
		Shape: Ellipse
		q_c:	460.0	185.5	466.5
		ub :	461.3277	194.2265	474.6205
		lb :	458.6723	176.7735	458.3795
		P^-1:
			0.9986	-0.0363	0.0043
			-0.0363	0.0307	0.0151
			0.0043	0.0151	0.0379
	==================================================================================
	Q2:
		Shape: Ellipse
		q_c:	460.0	200.5	471.5
		ub :	464.9864	205.8213	477.2502
		lb :	455.0136	195.1787	465.7498
		P^-1:
			0.1337	0.0012	0.041
			0.0012	0.0763	0.0112
			0.041	0.0112	0.0941
	==================================================================================
	Q3:
		Shape: Hybrid
		q_c:	470.0	188.5	476.0
		ub :	475.067	193.6189	482.2729
		lb :	464.933	183.3811	469.7271
		P^-1:
			0.0613	-0.0049	-0.0039
			-0.0049	0.1818	-0.1003
			-0.0039	-0.1003	0.1025
		A:
			0.517	0.7905	-0.3283
			-0.7161	-0.5195	0.4662
			-0.2988	-0.3414	0.8912
			-0.441	0.6002	-0.6673
			-0.5425	0.7182	-0.4357
			0.3574	0.5245	-0.7727
		b:
			237.6879
			-210.3097
			221.8248
			-409.9191
			-325.2461
			-99.1398
	==================================================================================
	Q4:
		Shape: Hybrid
		q_c:	477.0	193.5	460.5
		ub :	483.1332	199.873	466.0064
		lb :	470.8668	187.127	454.9936
		P^-1:
			0.0741	-0.027	-0.0136
			-0.027	0.0789	0.0148
			-0.0136	0.0148	0.0569
		A:
			0.7388	-0.6048	-0.2973
			0.4931	0.3444	0.7989
			0.3259	-0.888	0.3243
			0.012	-0.9487	-0.316
			0.5576	-0.3817	0.7371
			-0.2001	-0.6785	0.7069
		b:
			99.9953
			672.6949
			135.2738
			-321.1795
			534.4105
			101.7837
	==================================================================================
	Q5:
		Shape: Hybrid
		q_c:	470.5	200.0	469.0
		ub :	480.1573	209.777	473.2853
		lb :	460.8427	190.223	464.7147
		P^-1:
			0.0447	0.0265	-0.0949
			0.0265	0.0493	-0.1035
			-0.0949	-0.1035	0.3912
		A:
			0.6291	0.1273	-0.7669
			-0.1576	-0.7542	0.6375
			-0.5492	-0.2615	0.7937
			-0.2901	0.4128	0.8634
			-0.5262	-0.7815	0.3352
			-0.45	-0.2503	0.8572
		b:
			-35.6476
			77.3542
			63.5577
			354.8463
			-241.9822
			141.6345
	==================================================================================
	Q6:
		Shape: Ellipse
		q_c:	460.5	204.0	472.0
		ub :	467.2246	207.4995	478.6666
		lb :	453.7754	200.5005	465.3334
		P^-1:
			0.0428	0.0025	-0.0041
			0.0025	0.1107	0.0046
			-0.0041	0.0046	0.047


===========================================================================================
===========================================================================================
S4:
	q_c:	140.0	509.5	449.5
	ub :	148.4829	524.2007	459.3974
	lb :	129.9122	495.9484	443.1994

	==================================================================================
	Q1:
		Shape: Ellipse
		q_c:	139.5	508.5	456.5
		ub :	144.8387	513.6993	458.7394
		lb :	134.1613	503.3007	454.2606
		P^-1:
			0.0727	0.0022	0.0616
			0.0022	0.063	0.0134
			0.0616	0.0134	0.4337
	==================================================================================
	Q2:
		Shape: Ellipse
		q_c:	144.0	506.0	450.5
		ub :	148.4829	511.4306	455.8489
		lb :	139.5171	500.5694	445.1511
		P^-1:
			0.1068	0.0075	0.014
			0.0075	0.0409	0.0021
			0.014	0.0021	0.0528
	==================================================================================
	Q3:
		Shape: Polyhedra
		q_c:	136.0	519.0	448.0
		ub :	140.7308	524.2007	452.8006
		lb :	131.2692	513.7993	443.1994
		A:
			-0.5917	-0.7461	0.3055
			0.3684	-0.489	0.7906
			0.3311	0.9078	0.2576
			-0.808	-0.4446	-0.3866
			0.4715	-0.7671	-0.435
			0.9612	0.2503	0.1159
			0.1663	0.6383	0.7516
			-0.7625	0.5665	-0.3124
			-0.6252	-0.5212	0.5809
			-0.1663	-0.6383	-0.7516
			0.7625	-0.5665	0.3124
			0.6252	0.5212	-0.5809
		b:
			-328.2595
			153.7337
			634.435
			-510.8463
			-525.677
			315.57
			693.6144
			53.8769
			-92.7625
			-687.6144
			-46.8769
			97.7625
	==================================================================================
	Q4:
		Shape: Polyhedra
		q_c:	138.5	513.0	454.0
		ub :	143.2647	516.6398	458.0305
		lb :	133.7353	509.3602	449.9695
		A:
			0.9372	0.2469	0.2463
			0.1939	-0.4217	0.8857
			0.2118	0.3047	-0.9286
			-0.7749	-0.0966	0.6247
			0.5751	-0.4826	0.6606
			-0.8814	0.0696	0.4673
			0.8675	0.3296	0.3726
			0.2807	-0.9427	0.1803
			0.4107	-0.0518	-0.9103
			-0.8675	-0.3296	-0.3726
			-0.2807	0.9427	-0.1803
			-0.4107	0.0518	0.9103
		b:
			371.7839
			215.2925
			-233.4027
			129.4893
			134.8904
			128.6258
			461.8651
			-360.3864
			-380.4911
			-454.8651
			365.3864
			385.4911
	==================================================================================
	Q5:
		Shape: Hybrid
		q_c:	142.5	500.5	453.0
		ub :	147.8095	505.0516	459.3974
		lb :	137.1905	495.9484	446.6026
		P^-1:
			0.0826	-0.0077	0.0111
			-0.0077	0.1069	-0.0092
			0.0111	-0.0092	0.0363
		A:
			-0.4886	-0.6824	-0.5437
			0.3618	0.9304	-0.0582
			0.6089	0.7522	-0.252
			0.4511	-0.7119	-0.5382
			-0.5056	0.7329	-0.4553
			-0.0983	0.9868	-0.1285
		b:
			-654.934
			492.6028
			351.1634
			-532.9618
			90.3263
			423.2161
	==================================================================================
	Q6:
		Shape: Ellipse
		q_c:	135.5	516.5	451.5
		ub :	141.0878	522.6359	456.5344
		lb :	129.9122	510.3641	446.4656
		P^-1:
			0.0932	-0.0226	-0.0166
			-0.0226	0.0827	-0.0209
			-0.0166	-0.0209	0.0957


===========================================================================================
===========================================================================================
S5:
	q_c:	502.5	190.5	75.0
	ub :	504.9773	193.0176	78.4194
	lb :	500.3648	188.3266	72.9962

	==================================================================================
	Q1:
		Shape: Ellipse
		q_c:	503.5	191.0	77.0
		ub :	504.6855	192.4574	78.4194
		lb :	502.3145	189.5426	75.5806
		P^-1:
			3.1137	-1.3681	-0.0409
			-1.3681	1.8856	0.0265
			-0.0409	0.0265	1.0008
	==================================================================================
	Q2:
		Shape: Ellipse
		q_c:	501.5	190.0	75.5
		ub :	502.6352	191.6734	76.8868
		lb :	500.3648	188.3266	74.1132
		P^-1:
			2.7857	-0.4917	-1.3925
			-0.4917	0.5853	0.4659
			-1.3925	0.4659	2.0734
	==================================================================================
	Q3:
		Shape: Hybrid
		q_c:	503.0	191.0	74.5
		ub :	504.6069	192.495	75.2908
		lb :	501.3931	189.505	73.7092
		P^-1:
			1.8731	-1.7362	-0.1557
			-1.7362	2.5828	-0.1271
			-0.1557	-0.1271	3.9886
		A:
			0.1589	-0.1591	0.9744
			0.3505	-0.884	0.3092
			0.7757	-0.6219	0.1076
			-0.0218	-0.0873	-0.9959
			-0.2676	0.4187	0.8678
			-0.2857	-0.2969	0.9112
		b:
			122.403
			30.8806
			279.7586
			-101.5717
			10.2822
			-132.059
	==================================================================================
	Q4:
		Shape: Hybrid
		q_c:	503.5	191.0	75.0
		ub :	504.9773	192.9824	77.0038
		lb :	502.0227	189.0176	72.9962
		P^-1:
			0.9987	-0.0138	0.0229
			-0.0138	0.8517	0.2454
			0.0229	0.2454	0.594
		A:
			0.3181	-0.8956	-0.3109
			-0.1047	0.8541	0.5094
			-0.5076	0.3617	0.782
			-0.0897	-0.5019	0.8603
			0.3832	0.8666	-0.3197
			0.0549	0.9866	-0.1536
		b:
			-33.696
			149.1335
			-127.2206
			-75.5067
			335.2613
			205.282
	==================================================================================
	Q5:
		Shape: Ellipse
		q_c:	503.0	190.0	75.0
		ub :	503.9092	190.8477	76.1303
		lb :	502.0908	189.1523	73.8697
		P^-1:
			3.8116	0.143	-0.7135
			0.143	3.8915	0.5417
			-0.7135	0.5417	1.2969
	==================================================================================
	Q6:
		Shape: Polyhedra
		q_c:	502.5	192.0	75.5
		ub :	503.6648	193.0176	76.5669
		lb :	501.3352	190.9824	74.4331
		A:
			0.7777	-0.3718	-0.507
			0.1559	0.9288	-0.3363
			0.3381	0.9309	-0.1381
			-0.1044	0.9894	-0.101
			-0.8285	0.5592	-0.0288
			-0.6606	0.48	0.5772
			0.5988	0.4282	0.6768
			-0.5854	-0.3427	0.7348
			0.5466	-0.8362	0.0454
			-0.5988	-0.4282	-0.6768
			0.5854	0.3427	-0.7348
			-0.5466	0.8362	-0.0454
		b:
			281.6155
			231.8057
			338.8521
			130.4565
			-310.5848
			-195.692
			435.2186
			-303.9862
			118.028
			-433.2186
			304.9862
			-117.028


===========================================================================================
===========================================================================================
S6:
	q_c:	128.5	152.5	240.5
	ub :	136.6368	158.3569	250.1589
	lb :	122.658	146.7671	234.7265

	==================================================================================
	Q1:
		Shape: Polyhedra
		q_c:	125.5	154.5	239.5
		ub :	128.342	156.6728	242.3538
		lb :	122.658	152.3272	236.6462
		A:
			-0.4653	-0.8504	-0.2455
			0.9861	-0.1073	-0.1267
			0.6068	-0.711	-0.3554
			0.2235	-0.799	0.5583
			0.3628	0.8937	0.2639
			0.1241	0.8524	-0.508
			0.8427	0.0261	0.5378
			-0.3649	-0.7067	0.6061
			0.3959	-0.707	-0.586
			-0.8427	-0.0261	-0.5378
			0.3649	0.7067	-0.6061
			-0.3959	0.707	0.586
		b:
			-246.9058
			78.7397
			-116.8191
			39.7341
			248.5186
			26.7303
			240.5837
			-8.8393
			-197.9044
			-236.5837
			10.8393
			201.9044
	==================================================================================
	Q2:
		Shape: Ellipse
		q_c:	133.5	154.5	240.0
		ub :	136.6368	156.546	243.2298
		lb :	130.3632	152.454	236.7702
		P^-1:
			0.2136	0.0006	0.0442
			0.0006	0.25	-0.0007
			0.0442	-0.0007	0.1964
	==================================================================================
	Q3:
		Shape: Ellipse
		q_c:	127.5	154.0	238.5
		ub :	130.0426	156.2164	240.8589
		lb :	124.9574	151.7836	236.1411
		P^-1:
			0.2954	-0.0091	0.1011
			-0.0091	0.706	0.2945
			0.1011	0.2945	0.6931
	==================================================================================
	Q4:
		Shape: Ellipse
		q_c:	130.5	150.5	246.0
		ub :	134.6521	154.2329	250.1589
		lb :	126.3479	146.7671	241.8411
		P^-1:
			0.1735	-0.043	0.0195
			-0.043	0.1604	-0.0505
			0.0195	-0.0505	0.1872
	==================================================================================
	Q5:
		Shape: Hybrid
		q_c:	128.0	155.5	243.0
		ub :	130.2453	158.3569	246.3682
		lb :	125.7547	152.6431	239.6318
		P^-1:
			0.4161	-0.0271	-0.0807
			-0.0271	0.2416	-0.0213
			-0.0807	-0.0213	0.1967
		A:
			0.7832	0.5901	0.196
			-0.5337	0.725	0.4354
			0.4113	0.9088	-0.0707
			-0.6798	-0.1549	0.7169
			-0.733	-0.1718	0.6582
			-0.0732	-0.9427	-0.3257
		b:
			240.9269
			151.3796
			178.0588
			64.0901
			40.3411
			-233.6298
	==================================================================================
	Q6:
		Shape: Hybrid
		q_c:	127.0	154.0	238.0
		ub :	129.6896	156.5732	241.2735
		lb :	124.3104	151.4268	234.7265
		P^-1:
			0.4006	-0.0534	0.0877
			-0.0534	0.3793	0.1069
			0.0877	0.1069	0.269
		A:
			0.6186	-0.6923	-0.3716
			0.2449	-0.6211	-0.7445
			0.5162	-0.8153	0.2624
			-0.3429	-0.4495	0.8248
			0.1592	-0.9741	0.1607
			0.4109	0.4434	0.7966
		b:
			-115.6768
			-240.7922
			3.3978
			85.2771
			-90.4553
			310.8888


===========================================================================================
===========================================================================================
S7:
	q_c:	324.5	363.0	386.5
	ub :	337.7198	374.7284	398.42
	lb :	313.4181	356.3451	376.6067

	==================================================================================
	Q1:
		Shape: Ellipse
		q_c:	333.0	362.5	384.0
		ub :	337.7198	368.6549	389.9691
		lb :	328.2802	356.3451	378.0309
		P^-1:
			0.118	-0.016	-0.0362
			-0.016	0.0698	0.0325
			-0.0362	0.0325	0.1032
	==================================================================================
	Q2:
		Shape: Ellipse
		q_c:	331.5	366.0	381.5
		ub :	337.0367	372.3459	386.3933
		lb :	325.9633	359.6541	376.6067
		P^-1:
			0.1729	-0.0638	-0.0741
			-0.0638	0.0709	0.0328
			-0.0741	0.0328	0.1087
	==================================================================================
	Q3:
		Shape: Hybrid
		q_c:	319.5	370.0	385.0
		ub :	324.3498	374.7284	389.1072
		lb :	314.6502	365.2716	380.8928
		P^-1:
			0.1181	-0.0076	0.0153
			-0.0076	0.1194	-0.0167
			0.0153	-0.0167	0.1447
		A:
			0.7171	-0.3161	0.6212
			-0.2088	0.3062	-0.9288
			0.902	-0.3986	-0.1661
			0.8793	-0.4745	0.0419
			0.7373	0.2403	-0.6314
			-0.146	0.7904	0.595
		b:
			352.6492
			-309.7154
			78.4401
			123.11
			83.0762
			476.588
	==================================================================================
	Q4:
		Shape: Hybrid
		q_c:	327.0	363.5	394.0
		ub :	331.3798	367.0889	398.42
		lb :	322.6202	359.9111	389.58
		P^-1:
			0.2073	-0.141	-0.0799
			-0.141	0.3262	0.048
			-0.0799	0.048	0.1526
		A:
			0.3634	-0.5972	-0.715
			0.7948	-0.38	-0.4732
			0.3467	-0.6384	-0.6872
			0.5966	-0.8024	-0.0157
			-0.4433	0.5967	0.6689
			-0.4635	0.8129	-0.3528
		b:
			-378.7202
			-63.5671
			-388.1925
			-101.8796
			336.6142
			6.247
	==================================================================================
	Q5:
		Shape: Polyhedra
		q_c:	322.0	366.0	386.0
		ub :	329.9613	372.267	394.1787
		lb :	314.0387	359.733	377.8213
		A:
			-0.119	-0.008	-0.9929
			-0.0538	-0.9646	-0.2582
			-0.3917	-0.813	0.4309
			0.1192	-0.6981	-0.706
			0.7937	-0.1679	0.5847
			-0.4072	0.7331	-0.5448
			0.3364	0.814	0.4736
			0.7217	0.1002	-0.6849
			-0.605	0.5722	-0.5537
			-0.3364	-0.814	-0.4736
			-0.7217	-0.1002	0.6849
			0.605	-0.5722	0.5537
		b:
			-419.7026
			-465.6392
			-252.2843
			-484.7153
			423.5718
			-69.4886
			593.5363
			10.6741
			-195.624
			-584.5363
			1.3259
			202.624
	==================================================================================
	Q6:
		Shape: Hybrid
		q_c:	317.5	361.0	382.5
		ub :	321.5819	364.0868	386.2625
		lb :	313.4181	357.9132	378.7375
		P^-1:
			0.1233	-0.0393	-0.0017
			-0.0393	0.2375	0.0056
			-0.0017	0.0056	0.1114
		A:
			-0.7884	0.547	0.2815
			-0.2911	-0.8836	0.3667
			0.3329	-0.1008	0.9376
			-0.3709	-0.2778	-0.8862
			0.9577	0.2488	-0.1447
			-0.6787	0.6533	0.3354
		b:
			56.3123
			-269.6494
			429.8867
			-555.0262
			340.5444
			150.0056


===========================================================================================
===========================================================================================
S8:
	q_c:	400.0	306.0	175.0
	ub :	418.2535	318.9788	189.999
	lb :	385.4232	291.312	163.0173

	==================================================================================
	Q1:
		Shape: Ellipse
		q_c:	401.5	299.5	180.0
		ub :	406.192	307.0049	187.498
		lb :	396.808	291.9951	172.502
		P^-1:
			0.0816	0.0005	-0.0005
			0.0005	0.0536	0.0269
			-0.0005	0.0269	0.0558
	==================================================================================
	Q2:
		Shape: Hybrid
		q_c:	405.0	313.0	169.5
		ub :	410.5572	318.9788	174.8388
		lb :	399.4428	307.0212	164.1612
		P^-1:
			0.1546	-0.0512	-0.0813
			-0.0512	0.0904	0.0482
			-0.0813	0.0482	0.1169
		A:
			0.294	-0.7748	-0.5596
			-0.7767	-0.5473	-0.3118
			0.2768	-0.0776	0.9578
			0.039	0.4238	0.9049
			0.0847	0.018	0.9962
			-0.4585	0.561	0.6893
		b:
			-216.5926
			-535.6888
			253.4679
			304.2904
			211.7637
			108.0401
	==================================================================================
	Q3:
		Shape: Polyhedra
		q_c:	410.5	305.0	181.5
		ub :	418.2535	312.2819	188.7509
		lb :	402.7465	297.7181	174.2491
		A:
			-0.167	-0.7503	0.6397
			-0.5464	-0.4498	-0.7065
			-0.8664	0.1628	-0.4721
			-0.8157	0.1134	-0.5673
			0.3201	0.7799	-0.5378
			-0.3568	-0.9145	0.191
			0.2256	0.5557	0.8002
			-0.4325	0.7931	-0.4288
			-0.8729	-0.2493	0.4193
			-0.2256	-0.5557	-0.8002
			0.4325	-0.7931	0.4288
			0.8729	0.2493	-0.4193
		b:
			-176.0956
			-485.9339
			-386.845
			-398.5227
			276.8997
			-385.752
			410.8426
			-8.4751
			-352.7847
			-403.8426
			18.4751
			363.7847
	==================================================================================
	Q4:
		Shape: Ellipse
		q_c:	392.5	298.0	171.0
		ub :	399.5768	304.688	177.9103
		lb :	385.4232	291.312	164.0897
		P^-1:
			0.0474	-0.0154	-0.0061
			-0.0154	0.0832	-0.0303
			-0.0061	-0.0303	0.0761
	==================================================================================
	Q5:
		Shape: Hybrid
		q_c:	405.0	308.5	172.0
		ub :	411.2981	315.686	180.9827
		lb :	398.7019	301.314	163.0173
		P^-1:
			0.0394	0.0016	0.0031
			0.0016	0.0447	-0.0105
			0.0031	-0.0105	0.0258
		A:
			0.9861	-0.0495	0.1588
			-0.1235	-0.9831	-0.1352
			-0.7262	0.687	-0.0238
			0.9929	0.0733	-0.094
			0.5403	-0.8072	0.2378
			0.5762	0.4461	0.6848
		b:
			414.17
			-373.5478
			-83.3452
			411.4111
			13.2312
			492.5511
	==================================================================================
	Q6:
		Shape: Polyhedra
		q_c:	394.5	313.0	183.0
		ub :	402.9988	318.4921	189.999
		lb :	386.0012	307.5079	176.001
		A:
			-0.3526	-0.8002	-0.4851
			0.2441	0.2357	0.9407
			0.198	0.7537	0.6267
			0.4995	-0.7704	0.3962
			0.2547	-0.8256	-0.5035
			0.0568	0.6013	0.797
			0.0391	0.8051	0.5918
			0.9084	0.2181	-0.3567
			-0.4163	0.5516	-0.7228
			-0.0391	-0.8051	-0.5918
			-0.9084	-0.2181	0.3567
			0.4163	-0.5516	0.7228
		b:
			-475.6613
			345.7033
			430.5208
			33.1931
			-247.6811
			358.5371
			377.2363
			368.3444
			-118.8576
			-374.2363
			-354.3444
			128.8576


===========================================================================================
===========================================================================================
S9:
	q_c:	89.5	378.0	282.0
	ub :	111.7942	399.4562	298.0054
	lb :	71.1969	366.9057	261.8468

	==================================================================================
	Q1:
		Shape: Hybrid
		q_c:	102.5	387.5	281.5
		ub :	111.7942	398.144	292.5759
		lb :	93.2058	376.856	270.4241
		P^-1:
			0.0497	0.0072	0.019
			0.0072	0.0228	-0.0084
			0.019	-0.0084	0.0342
		A:
			0.6506	0.1346	-0.7474
			-0.5824	0.183	-0.7921
			-0.9559	0.2631	-0.1303
			-0.9395	-0.0526	0.3385
			-0.5971	0.3738	-0.7098
			0.8116	-0.2629	-0.5217
		b:
			-86.2415
			-209.3975
			-28.7694
			-16.7586
			-113.7265
			-159.1851
	==================================================================================
	Q2:
		Shape: Ellipse
		q_c:	85.0	374.0	291.0
		ub :	91.9215	381.0943	298.0054
		lb :	78.0785	366.9057	283.9946
		P^-1:
			0.0558	-0.0053	-0.0061
			-0.0053	0.0537	0.0063
			-0.0061	0.0063	0.0302
	==================================================================================
	Q3:
		Shape: Hybrid
		q_c:	86.5	390.0	270.5
		ub :	96.5665	399.4562	277.3213
		lb :	76.4335	380.5438	263.6787
		P^-1:
			0.0236	0.0064	0.0209
			0.0064	0.0297	0.0271
			0.0209	0.0271	0.096
		A:
			0.2495	0.1097	-0.9621
			-0.7042	-0.4268	-0.5674
			0.0598	-0.1776	-0.9823
			-0.5065	0.0325	-0.8616
			-0.0172	0.2425	-0.97
			-0.5031	0.6741	0.5408
		b:
			-192.2295
			-377.454
			-327.5049
			-261.6344
			-165.9441
			370.2052
	==================================================================================
	Q4:
		Shape: Ellipse
		q_c:	87.5	391.0	272.0
		ub :	95.254	398.3866	280.0831
		lb :	79.746	383.6134	263.9169
		P^-1:
			0.0484	-0.0093	0.0056
			-0.0093	0.0504	-0.0062
			0.0056	-0.0062	0.0437
	==================================================================================
	Q5:
		Shape: Hybrid
		q_c:	98.0	383.0	270.5
		ub :	106.4073	392.7054	279.1532
		lb :	89.5927	373.2946	261.8468
		P^-1:
			0.1414	-0.0147	-0.1139
			-0.0147	0.0261	0.001
			-0.1139	0.001	0.1295
		A:
			-0.3675	-0.5956	0.7143
			0.5211	-0.7071	-0.478
			-0.8068	0.3225	0.4951
			-0.5974	0.4972	-0.6292
			0.3398	0.1046	-0.9347
			0.1488	-0.1399	-0.9789
		b:
			-67.6702
			-345.2606
			180.0342
			-33.3183
			-176.9477
			-299.695
	==================================================================================
	Q6:
		Shape: Polyhedra
		q_c:	81.0	381.5	285.5
		ub :	90.8031	391.3826	294.4617
		lb :	71.1969	371.6174	276.5383
		A:
			-0.7103	-0.447	0.5438
			-0.0438	-0.0439	-0.9981
			-0.6397	0.4595	0.6162
			-0.7122	0.6866	-0.146
			-0.4809	-0.4302	0.764
			0.7146	0.3472	-0.6073
			0.1739	0.9832	0.0557
			0.7214	-0.0887	-0.6868
			-0.6703	0.1597	-0.7247
			-0.1739	-0.9832	-0.0557
			-0.7214	0.0887	0.6868
			0.6703	-0.1597	0.7247
		b:
			-66.3252
			-299.1501
			305.3939
			169.5392
			21.3778
			23.1376
			413.5824
			-165.9759
			-193.7942
			-396.5824
			176.9759
			206.7942


===========================================================================================
===========================================================================================
S10:
	q_c:	165.5	140.5	178.5
	ub :	176.8603	153.4604	191.9205
	lb :	156.7764	125.3886	172.0109

	==================================================================================
	Q1:
		Shape: Hybrid
		q_c:	166.5	144.5	184.0
		ub :	172.2535	150.2828	189.7645
		lb :	160.7465	138.7172	178.2355
		P^-1:
			0.0779	0.0124	0.0011
			0.0124	0.0834	0.0195
			0.0011	0.0195	0.0939
		A:
			0.6089	-0.5571	-0.5647
			0.769	0.1917	0.6099
			-0.4737	-0.1066	-0.8742
			-0.0781	0.6355	0.7682
			-0.5102	0.003	0.86
			-0.2424	0.9137	0.3263
		b:
			-81.0611
			269.8296
			-253.2884
			221.7381
			75.6163
			153.6794
	==================================================================================
	Q2:
		Shape: Hybrid
		q_c:	167.0	143.0	180.0
		ub :	170.9931	148.1012	182.8886
		lb :	163.0069	137.8988	177.1114
		P^-1:
			0.2118	0.0536	0.1104
			0.0536	0.0688	0.0571
			0.1104	0.0571	0.3733
		A:
			-0.8434	-0.3547	-0.4036
			-0.4758	0.1813	-0.8607
			0.7059	0.2025	-0.6787
			0.663	0.4978	0.5591
			0.5089	0.3329	0.7938
			0.1598	0.1391	0.9773
		b:
			-263.025
			-207.0335
			26.3847
			283.8129
			276.3358
			223.3746
	==================================================================================
	Q3:
		Shape: Ellipse
		q_c:	170.5	148.0	183.5
		ub :	176.8603	152.4587	189.0007
		lb :	164.1397	143.5413	177.9993
		P^-1:
			0.06	-0.0011	-0.0314
			-0.0011	0.082	-0.0065
			-0.0314	-0.0065	0.0907
	==================================================================================
	Q4:
		Shape: Hybrid
		q_c:	162.5	148.5	187.0
		ub :	168.2236	153.4604	191.9205
		lb :	156.7764	143.5396	182.0795
		P^-1:
			0.0655	-0.0069	0.0008
			-0.0069	0.0784	-0.0018
			0.0008	-0.0018	0.0627
		A:
			-0.3853	0.4562	-0.8021
			-0.1568	-0.0972	-0.9828
			-0.6466	0.7027	-0.2968
			0.5945	-0.104	0.7973
			-0.6106	-0.7101	0.3504
			0.7203	-0.4414	0.5351
		b:
			-142.8354
			-221.455
			-54.3991
			232.4261
			-136.9953
			153.5336
	==================================================================================
	Q5:
		Shape: Ellipse
		q_c:	170.0	136.5	176.0
		ub :	173.5583	139.7189	179.9891
		lb :	166.4417	133.2811	172.0109
		P^-1:
			0.1815	0.0723	0.0408
			0.0723	0.298	0.1487
			0.0408	0.1487	0.2361
	==================================================================================
	Q6:
		Shape: Polyhedra
		q_c:	163.5	130.5	182.5
		ub :	168.604	135.6114	187.3956
		lb :	158.396	125.3886	177.6044
		A:
			0.2499	-0.6378	0.7285
			-0.1734	0.5975	-0.7829
			0.0513	-0.223	-0.9735
			0.5101	-0.7998	0.3163
			0.2128	-0.0417	0.9762
			-0.4206	-0.5207	-0.743
			0.6465	0.0179	0.7627
			-0.7626	-0.0147	0.6467
			0.0228	-0.9997	0.0041
			-0.6465	-0.0179	-0.7627
			0.7626	0.0147	-0.6467
			-0.0228	0.9997	-0.0041
		b:
			94.6063
			-89.2642
			-194.7838
			41.1921
			210.763
			-268.6621
			250.2337
			-4.5902
			-120.978
			-244.2337
			12.5902
			130.978


===========================================================================================
===========================================================================================
S11:
	q_c:	64.5	236.5	403.5
	ub :	77.9519	245.539	411.1181
	lb :	54.7423	227.8851	395.51

	==================================================================================
	Q1:
		Shape: Polyhedra
		q_c:	65.0	232.5	400.0
		ub :	70.0645	236.4589	404.49
		lb :	59.9355	228.5411	395.51
		A:
			-0.2165	-0.8796	-0.4237
			0.3175	-0.8693	-0.3789
			0.0921	-0.9193	0.3826
			0.2856	-0.9244	-0.2529
			-0.2941	-0.4865	0.8227
			0.6531	0.3633	0.6644
			0.1484	0.5766	0.8034
			-0.0868	0.8169	-0.5702
			-0.9851	0.0148	0.1713
			-0.1484	-0.5766	-0.8034
			0.0868	-0.8169	0.5702
			0.9851	-0.0148	-0.1713
		b:
			-385.3804
			-330.0037
			-51.7207
			-294.5159
			200.1483
			395.8848
			467.5801
			-40.8048
			12.4294
			-462.5801
			46.8048
			-3.4294
	==================================================================================
	Q2:
		Shape: Ellipse
		q_c:	60.5	237.0	405.0
		ub :	65.2123	241.0652	409.3161
		lb :	55.7877	232.9348	400.6839
		P^-1:
			0.1754	0.1138	-0.0877
			0.1138	0.2351	-0.1375
			-0.0877	-0.1375	0.2267
	==================================================================================
	Q3:
		Shape: Polyhedra
		q_c:	73.0	239.0	406.0
		ub :	77.9519	242.4313	411.1181
		lb :	68.0481	235.5687	400.8819
		A:
			0.473	0.8452	-0.2487
			-0.5787	0.8075	-0.1145
			0.1435	-0.8101	0.5684
			0.1149	-0.9412	-0.3177
			0.1808	-0.0994	-0.9785
			-0.232	0.9491	0.2129
			0.7409	0.2776	0.6116
			-0.6716	0.3136	0.6713
			-0.0054	-0.9081	0.4188
			-0.7409	-0.2776	-0.6116
			0.6716	-0.3136	-0.6713
			0.0054	0.9081	-0.4188
		b:
			137.7309
			106.7532
			49.3016
			-342.8883
			-404.4692
			298.8459
			372.2188
			301.9715
			-45.9048
			-365.2188
			-294.9715
			48.9048
	==================================================================================
	Q4:
		Shape: Hybrid
		q_c:	61.0	242.0	406.0
		ub :	63.871	245.539	409.3831
		lb :	58.129	238.461	402.6169
		P^-1:
			0.2919	-0.1316	-0.053
			-0.1316	0.2912	0.0529
			-0.053	0.0529	0.1813
		A:
			0.783	-0.6152	0.0925
			-0.4053	-0.4124	-0.8159
			0.3871	-0.9177	0.089
			-0.8136	0.2039	-0.5445
			0.14	-0.9784	-0.1521
			0.1105	0.3344	-0.9359
		b:
			-62.6352
			-454.0672
			-161.304
			-219.8373
			-288.8147
			-290.5746
	==================================================================================
	Q5:
		Shape: Hybrid
		q_c:	62.0	230.5	404.5
		ub :	65.0373	233.1149	407.2653
		lb :	58.9627	227.8851	401.7347
		P^-1:
			0.3434	0.0854	0.0463
			0.0854	0.3281	0.0423
			0.0463	0.0423	0.2729
		A:
			-0.1867	-0.9008	-0.392
			0.4595	0.8529	-0.2479
			-0.9551	-0.2067	-0.2125
			0.0811	-0.8014	-0.5926
			0.2169	0.866	0.4506
			-0.0402	-0.8103	-0.5846
		b:
			-376.8693
			125.7569
			-191.9102
			-418.3405
			396.2287
			-424.7515
	==================================================================================
	Q6:
		Shape: Polyhedra
		q_c:	59.0	240.0	402.5
		ub :	63.2577	244.5605	405.9985
		lb :	54.7423	235.4395	399.0015
		A:
			-0.9903	0.0865	-0.1083
			-0.7971	0.0556	-0.6013
			0.7112	0.6245	0.3227
			-0.2003	-0.7245	-0.6595
			0.0348	-0.3707	-0.9281
			-0.7972	-0.3686	-0.4782
			0.7258	0.4345	0.5333
			0.5383	-0.8414	-0.0471
			0.4283	0.3212	-0.8446
			-0.7258	-0.4345	-0.5333
			-0.5383	0.8414	0.0471
			-0.4283	-0.3212	0.8446
		b:
			-78.7242
			-273.5964
			323.4237
			-448.8194
			-457.8759
			-326.4221
			363.2618
			-185.6272
			-234.5848
			-360.2618
			192.6272
			240.5848


===========================================================================================
===========================================================================================
S12:
	q_c:	23.0	401.0	88.0
	ub :	31.4641	408.4896	96.9543
	lb :	12.1156	389.7601	78.7057

	==================================================================================
	Q1:
		Shape: Hybrid
		q_c:	26.5	405.5	89.5
		ub :	28.3702	407.5191	92.0572
		lb :	24.6298	403.4809	86.9428
		P^-1:
			2.9933	1.0597	-1.252
			1.0597	0.8845	-0.5348
			-1.252	-0.5348	0.7267
		A:
			-0.6925	-0.4145	0.5904
			0.9646	0.2272	0.1338
			-0.4008	-0.8379	-0.3705
			-0.8936	-0.1805	0.4109
			0.8153	-0.1479	-0.5598
			-0.8636	0.4667	-0.1907
		b:
			-133.0701
			130.7316
			-381.9772
			-59.7964
			-87.6731
			150.5769
	==================================================================================
	Q2:
		Shape: Ellipse
		q_c:	16.5	399.5	92.5
		ub :	20.8844	404.0796	96.3923
		lb :	12.1156	394.9204	88.6077
		P^-1:
			0.0827	-0.0027	0.0086
			-0.0027	0.0884	-0.0218
			0.0086	-0.0218	0.1522
	==================================================================================
	Q3:
		Shape: Ellipse
		q_c:	26.0	403.0	84.0
		ub :	31.4641	408.4896	89.2943
		lb :	20.5359	397.5104	78.7057
		P^-1:
			0.1038	-0.0084	-0.0152
			-0.0084	0.1014	-0.0175
			-0.0152	-0.0175	0.0796
	==================================================================================
	Q4:
		Shape: Hybrid
		q_c:	20.5	399.5	92.0
		ub :	25.9913	404.2571	96.9543
		lb :	15.0087	394.7429	87.0457
		P^-1:
			0.0964	0.007	-0.013
			0.007	0.085	-0.0061
			-0.013	-0.0061	0.093
		A:
			-0.5489	-0.2579	-0.7951
			-0.6088	0.1297	-0.7826
			0.6216	0.7734	0.1244
			-0.4057	-0.6128	-0.6782
			-0.4057	-0.6128	-0.6782
			-0.4755	0.7184	0.5078
		b:
			-185.4151
			-30.6727
			334.973
			-313.5197
			7.8558
			325.8918
	==================================================================================
	Q5:
		Shape: Ellipse
		q_c:	22.5	394.0	90.0
		ub :	26.7054	398.2399	95.0773
		lb :	18.2946	389.7601	84.9227
		P^-1:
			0.1718	0.1174	0.0617
			0.1174	0.2847	0.1448
			0.0617	0.1448	0.1615
	==================================================================================
	Q6:
		Shape: Polyhedra
		q_c:	20.0	403.0	88.5
		ub :	22.901	408.0173	93.5625
		lb :	17.099	397.9827	83.4375
		A:
			0.9242	-0.3442	-0.1655
			-0.8902	0.2127	0.403
			0.21	0.5871	0.7818
			0.3654	-0.1785	-0.9136
			0.4767	-0.0941	-0.874
			-0.8411	-0.2389	-0.4853
			0.0553	0.6472	0.7603
			-0.0609	0.7622	-0.6444
			-0.9966	-0.0107	0.0815
			-0.0553	-0.6472	-0.7603
			0.0609	-0.7622	0.6444
			0.9966	0.0107	-0.0815
		b:
			-132.2567
			106.1694
			312.9885
			-142.3463
			-102.6371
			-153.3024
			332.2166
			252.9333
			-14.5249
			-326.2166
			-244.9333
			19.5249


===========================================================================================
===========================================================================================
S13:
	q_c:	43.5	83.0	354.0
	ub :	57.8455	97.1856	368.2598
	lb :	29.6836	64.5595	340.6276

	==================================================================================
	Q1:
		Shape: Polyhedra
		q_c:	51.0	71.5	358.5
		ub :	57.8455	78.4405	366.2078
		lb :	44.1545	64.5595	350.7922
		A:
			-0.3262	0.9228	-0.2048
			-0.731	0.2717	0.626
			0.9278	0.3713	-0.0368
			0.5612	0.573	-0.5972
			-0.044	-0.2243	-0.9735
			0.7166	-0.5274	0.4564
			0.4217	0.6762	0.6041
			0.8797	-0.1435	-0.4534
			-0.2199	0.7226	-0.6554
			-0.4217	-0.6762	-0.6041
			-0.8797	0.1435	0.4534
			0.2199	-0.7226	0.6554
		b:
			-19.5732
			211.0558
			65.1833
			-140.0058
			-362.7924
			166.9611
			290.9292
			-123.4283
			-189.9945
			-281.9292
			132.4283
			198.9945
	==================================================================================
	Q2:
		Shape: Ellipse
		q_c:	45.0	80.5	349.5
		ub :	52.5474	88.1433	358.3724
		lb :	37.4526	72.8567	340.6276
		P^-1:
			0.0447	0.0037	0.0092
			0.0037	0.0465	-0.0072
			0.0092	-0.0072	0.0313
	==================================================================================
	Q3:
		Shape: Ellipse
		q_c:	36.5	87.0	351.0
		ub :	43.3164	93.3761	357.6341
		lb :	29.6836	80.6239	344.3659
		P^-1:
			0.0611	-0.007	0.0192
			-0.007	0.0844	-0.0276
			0.0192	-0.0276	0.0681
	==================================================================================
	Q4:
		Shape: Polyhedra
		q_c:	42.5	91.0	362.0
		ub :	49.0604	97.1856	368.2448
		lb :	35.9396	84.8144	355.7552
		A:
			0.045	-0.1339	0.99
			-0.6551	0.3235	-0.6828
			-0.1816	0.1999	-0.9628
			-0.2222	-0.9028	-0.3682
			0.4968	-0.6963	-0.518
			-0.0961	-0.9379	-0.3333
			0.7468	0.6551	0.114
			0.5368	-0.6951	0.4782
			0.3925	-0.2959	-0.8708
			-0.7468	-0.6551	-0.114
			-0.5368	0.6951	-0.4782
			-0.3925	0.2959	0.8708
		b:
			352.4985
			-242.292
			-333.9316
			-220.7127
			-225.2151
			-205.958
			136.6403
			135.6559
			-320.4846
			-128.6403
			-129.6559
			330.4846
	==================================================================================
	Q5:
		Shape: Ellipse
		q_c:	52.5	92.5	364.0
		ub :	57.6876	97.1635	368.2598
		lb :	47.3124	87.8365	359.7402
		P^-1:
			0.477	0.3369	0.3462
			0.3369	0.4562	0.0523
			0.3462	0.0523	0.5391
	==================================================================================
	Q6:
		Shape: Ellipse
		q_c:	47.5	79.5	356.5
		ub :	55.5232	85.6467	364.6915
		lb :	39.4768	73.3533	348.3085
		P^-1:
			0.0705	-0.0405	-0.0511
			-0.0405	0.0848	0.0335
			-0.0511	0.0335	0.0745


===========================================================================================
===========================================================================================
S14:
	q_c:	479.5	128.0	427.5
	ub :	498.9103	131.705	447.7082
	lb :	458.9595	103.71	412.6729

	==================================================================================
	Q1:
		Shape: Polyhedra
		q_c:	485.5	125.5	427.5
		ub :	493.2328	131.705	434.7245
		lb :	477.7672	119.295	420.2755
		A:
			-0.6517	0.7475	-0.1286
			0.1711	-0.8499	0.4985
			0.2146	-0.0559	-0.9751
			-0.3355	-0.8534	0.3989
			0.9244	-0.3783	-0.0479
			-0.9239	-0.1079	0.367
			0.7048	0.4247	0.5682
			-0.6313	0.0101	0.7755
			0.3236	-0.9053	0.2753
			-0.7048	-0.4247	-0.5682
			0.6313	-0.0101	-0.7755
			-0.3236	0.9053	-0.2753
		b:
			-273.5127
			193.4883
			-315.586
			-95.2301
			385.19
			-300.9952
			644.3906
			29.8051
			165.1899
			-632.3906
			-22.8051
			-157.1899
	==================================================================================
	Q2:
		Shape: Polyhedra
		q_c:	467.0	113.0	419.0
		ub :	475.0405	121.1399	425.3271
		lb :	458.9595	104.8601	412.6729
		A:
			0.7777	0.6262	-0.0556
			-0.0924	0.874	0.4771
			-0.1602	0.987	-0.0121
			-0.3326	0.5841	0.7404
			0.9131	0.1637	-0.3734
			-0.3148	0.272	0.9093
			0.4194	0.5842	0.6948
			0.4724	0.5132	-0.7166
			-0.7752	0.6288	-0.0607
			-0.4194	-0.5842	-0.6948
			-0.4724	-0.5132	0.7166
			0.7752	-0.6288	0.0607
		b:
			414.9426
			260.3932
			36.6748
			225.7216
			293.0418
			269.1673
			557.5198
			-17.6699
			-310.915
			-548.5198
			25.6699
			321.915
	==================================================================================
	Q3:
		Shape: Polyhedra
		q_c:	476.5	112.5	428.5
