3D_35_8_6_d                l = 3

===========================================================================================
===========================================================================================
S1:
	q_c:	193.5	72.5	169.0
	ub :	204.5893	79.2465	187.0466
	lb :	175.0069	55.9947	151.7765

	==================================================================================
	Q1:
		Shape: Polyhedra
		q_c:	180.5	63.5	169.0
		ub :	185.9931	69.7112	175.0056
		lb :	175.0069	57.2888	162.9944
		A:
			-0.8946	-0.088	-0.4381
			0.8745	-0.1422	-0.4636
			0.9652	-0.101	0.2413
			0.6879	0.512	0.5145
			-0.4785	-0.1172	-0.8702
			0.812	0.4013	0.4239
			0.6862	0.1483	0.7122
			-0.6691	0.5128	0.5379
			-0.2855	-0.8456	0.4511
			-0.6862	-0.1483	-0.7122
			0.6691	-0.5128	-0.5379
			0.2855	0.8456	-0.4511
		b:
			-238.0617
			73.7568
			211.591
			247.0178
			-237.818
			247.0395
			256.6255
			5.7056
			-23.9875
			-250.6255
			0.2944
			33.9875
	==================================================================================
	Q2:
		Shape: Hybrid
		q_c:	201.0	68.5	157.0
		ub :	203.1997	70.8685	162.2235
		lb :	198.8003	66.1315	151.7765
		P^-1:
			0.6283	-0.266	0.01
			-0.266	0.8027	0.0876
			0.01	0.0876	0.0534
		A:
			0.3156	-0.9488	-0.0106
			-0.9104	0.3865	-0.1479
			0.3002	0.9403	0.1602
			-0.1477	-0.9492	-0.2779
			-0.9727	0.1096	0.2045
			0.9634	0.2131	0.1625
		b:
			-2.5788
			-178.9055
			150.7512
			-137.4198
			-154.5895
			234.716
	==================================================================================
	Q3:
		Shape: Ellipse
		q_c:	183.5	72.5	165.5
		ub :	191.0631	79.2465	173.393
		lb :	175.9369	65.7535	157.607
		P^-1:
			0.0881	0.0481	-0.0392
			0.0481	0.0875	-0.0353
			-0.0392	-0.0353	0.0448
	==================================================================================
	Q4:
		Shape: Polyhedra
		q_c:	189.5	61.5	166.5
		ub :	195.4652	65.951	171.7956
		lb :	183.5348	57.049	161.2044
		A:
			0.6926	0.5263	-0.4933
			0.2443	-0.6464	0.7228
			0.7632	0.3769	0.5248
			0.842	0.5152	0.1599
			-0.513	0.6561	0.5535
			-0.7433	0.2036	0.6372
			0.1214	0.9628	0.2414
			0.5745	0.1302	-0.8081
			-0.8095	0.2368	-0.5373
			-0.1214	-0.9628	-0.2414
			-0.5745	-0.1302	0.8081
			0.8095	-0.2368	0.5373
		b:
			83.8945
			131.2669
			259.9821
			221.9978
			38.2046
			-19.6419
			125.4073
			-15.6777
			-222.7952
			-119.4073
			19.6777
			233.7952
	==================================================================================
	Q5:
		Shape: Ellipse
		q_c:	188.0	64.0	178.5
		ub :	196.2935	70.8691	187.0466
		lb :	179.7065	57.1309	169.9534
		P^-1:
			0.0891	-0.0503	0.0459
			-0.0503	0.0623	-0.0353
			0.0459	-0.0353	0.0559
	==================================================================================
	Q6:
		Shape: Hybrid
		q_c:	198.0	63.0	174.5
		ub :	204.5893	70.0053	181.8257
		lb :	191.4107	55.9947	167.1743
		P^-1:
			0.0334	0.0011	0.0022
			0.0011	0.0363	0.0064
			0.0022	0.0064	0.0458
		A:
			-0.412	0.4916	0.7672
			-0.3246	0.8545	0.4055
			0.3907	-0.1244	0.9121
			0.1819	-0.896	-0.4051
			-0.4089	0.7455	-0.5263
			0.1178	-0.8959	-0.4283
		b:
			85.8351
			63.1165
			231.2926
			-88.3801
			-122.6216
			-105.146


===========================================================================================
===========================================================================================
S2:
	q_c:	431.5	252.5	80.0
	ub :	438.1944	258.5457	86.4452
	lb :	424.9648	244.8371	73.7862

	==================================================================================
	Q1:
		Shape: Hybrid
		q_c:	430.5	249.5	80.0
		ub :	433.1344	251.1749	82.5845
		lb :	427.8656	247.8251	77.4155
		P^-1:
			0.2906	0.1689	0.0166
			0.1689	0.9526	0.0693
			0.0166	0.0693	0.2568
		A:
			-0.574	-0.8032	0.1595
			0.9678	0.1696	0.1861
			0.3586	0.8124	-0.4598
			-0.0721	0.8929	0.4444
			-0.4227	-0.8635	-0.2753
			0.4534	-0.8206	0.3478
		b:
			-433.9811
			475.202
			321.1762
			228.0734
			-418.8026
			19.4312
	==================================================================================
	Q2:
		Shape: Hybrid
		q_c:	433.5	254.0	77.5
		ub :	436.7902	257.9797	81.2138
		lb :	430.2098	250.0203	73.7862
		P^-1:
			0.1972	0.0377	0.0233
			0.0377	0.1982	0.0236
			0.0233	0.0236	0.1746
		A:
			-0.7615	-0.3315	0.557
			-0.4054	-0.5095	-0.759
			0.1638	-0.4973	0.852
			-0.3294	-0.6917	-0.6427
			0.3135	-0.8884	0.3354
			0.3114	-0.6437	0.6991
		b:
			-369.7443
			-362.8672
			12.2251
			-367.2112
			-62.2771
			27.18
	==================================================================================
	Q3:
		Shape: Ellipse
		q_c:	430.0	252.5	83.0
		ub :	432.9143	255.3872	86.0251
		lb :	427.0857	249.6128	79.9749
		P^-1:
			0.3705	0.0174	0.0928
			0.0174	0.2525	0.0134
			0.0928	0.0134	0.3215
	==================================================================================
	Q4:
		Shape: Hybrid
		q_c:	430.0	248.5	83.0
		ub :	433.6371	252.1629	86.3484
		lb :	426.3629	244.8371	79.6516
		P^-1:
			0.2461	0.0102	0.1036
			0.0102	0.281	0.1297
			0.1036	0.1297	0.2784
		A:
			0.383	-0.5857	0.7143
			-0.1928	0.953	0.2337
			0.3707	0.7193	0.5876
			-0.689	0.6549	0.3105
			-0.9898	-0.1412	-0.0171
			0.437	-0.8217	-0.3658
		b:
			80.0817
			174.4571
			387.7109
			-106.5002
			-460.6215
			-45.5374
	==================================================================================
	Q5:
		Shape: Ellipse
		q_c:	435.0	252.5	81.0
		ub :	438.1944	255.094	84.2345
		lb :	431.8056	249.906	77.7655
		P^-1:
			0.4524	-0.3597	0.0811
			-0.3597	0.6836	-0.1859
			0.0811	-0.1859	0.274
	==================================================================================
	Q6:
		Shape: Ellipse
		q_c:	429.0	255.5	82.5
		ub :	433.0352	258.5457	86.4452
		lb :	424.9648	252.4543	78.5548
		P^-1:
			0.1739	-0.0302	0.0119
			-0.0302	0.2259	-0.0259
			0.0119	-0.0259	0.1702


===========================================================================================
===========================================================================================
S3:
	q_c:	75.0	444.5	261.5
	ub :	93.771	465.831	283.5344
	lb :	56.7694	424.2142	242.319

	==================================================================================
	Q1:
		Shape: Hybrid
		q_c:	86.0	446.0	276.5
		ub :	93.771	453.4935	283.5344
		lb :	78.229	438.5065	269.4656
		P^-1:
			0.051	0.0083	-0.0239
			0.0083	0.0683	-0.0336
			-0.0239	-0.0336	0.069
		A:
			-0.7198	0.5223	-0.4572
			-0.0768	0.7731	-0.6296
			-0.1332	-0.9685	-0.2102
			-0.3097	-0.0833	0.9472
			-0.5629	-0.8178	0.12
			-0.9754	-0.1498	0.1615
		b:
			47.8203
			166.0022
			-498.1046
			200.5747
			-377.1106
			-102.9898
	==================================================================================
	Q2:
		Shape: Polyhedra
		q_c:	64.0	441.0	265.0
		ub :	71.2306	449.1454	273.0084
		lb :	56.7694	432.8546	256.9916
		A:
			-0.3139	-0.8511	-0.4208
			-0.8476	-0.5191	0.1101
			0.6954	0.1608	-0.7004
			-0.9647	-0.1984	-0.1731
			0.2782	0.67	-0.6883
			0.6719	0.7366	-0.0774
			0.26	0.3873	0.8846
			-0.666	0.7352	-0.1262
			-0.6992	-0.5563	0.449
			-0.26	-0.3873	-0.8846
			0.666	-0.7352	0.1262
			0.6992	0.5563	-0.449
		b:
			-500.9752
			-250.6111
			-66.4822
			-190.3704
			134.5347
			350.9433
			428.8317
			253.6728
			-168.5856
			-414.8317
			-242.6728
			173.5856
	==================================================================================
	Q3:
		Shape: Polyhedra
		q_c:	83.0	435.0	257.5
		ub :	90.1585	445.7858	267.562
		lb :	75.8415	424.2142	247.438
		A:
			-0.8497	0.3101	0.4265
			-0.9966	-0.0194	-0.0807
			-0.8203	-0.4192	0.389
			-0.715	-0.2999	0.6316
			0.4247	-0.8959	0.1302
			-0.7833	-0.0114	0.6215
			0.1635	0.8113	0.5613
			0.7998	0.224	-0.5568
			-0.5775	0.54	-0.6123
			-0.1635	-0.8113	-0.5613
			-0.7998	-0.224	0.5568
			0.5775	-0.54	0.6123
		b:
			178.9609
			-107.3819
			-146.1633
			-23.6157
			-314.3181
			93.9672
			520.0215
			23.963
			34.3009
			-502.0215
			-16.963
			-24.3009
	==================================================================================
	Q4:
		Shape: Polyhedra
		q_c:	66.5	459.0	253.5
		ub :	75.9511	465.831	263.4006
		lb :	57.0489	452.169	243.5994
		A:
			-0.9351	0.1031	-0.339
			-0.185	0.8507	-0.492
			0.7416	-0.3097	-0.595
			-0.9116	0.3929	-0.1212
			-0.8755	-0.4552	0.1622
			0.5623	-0.254	0.787
			0.8024	0.4446	0.3981
			-0.4902	0.1107	0.8645
			0.3403	-0.8889	0.3068
			-0.8024	-0.4446	-0.3981
			0.4902	-0.1107	-0.8645
			-0.3403	0.8889	-0.3068
		b:
			-95.579
			257.7475
			-236.6031
			94.2025
			-219.9765
			125.5534
			363.8271
			244.8798
			-303.6005
			-352.8271
			-229.8798
			311.6005
	==================================================================================
	Q5:
		Shape: Ellipse
		q_c:	80.5	445.5	256.0
		ub :	89.2358	455.3585	265.6647
		lb :	71.7642	435.6415	246.3353
		P^-1:
			0.0381	0.0004	0.0113
			0.0004	0.0201	0.0056
			0.0113	0.0056	0.0367
	==================================================================================
	Q6:
		Shape: Polyhedra
		q_c:	80.0	441.5	251.0
		ub :	89.5111	450.9961	259.681
		lb :	70.4889	432.0039	242.319
		A:
			-0.8358	-0.4285	-0.3433
			-0.2403	-0.9706	0.0106
			0.6148	-0.544	0.5711
			0.0226	0.3502	0.9364
			0.6693	0.2422	0.7024
			-0.7537	-0.2756	0.5967
			0.5912	0.6489	0.4789
			0.0154	0.5846	-0.8112
			-0.8063	0.487	0.3356
			-0.5912	-0.6489	-0.4789
			-0.0154	-0.5846	0.8112
			0.8063	-0.487	-0.3356
		b:
			-337.8751
			-440.5755
			-40.9534
			397.0787
			340.5938
			-24.918
			456.999
			60.7236
			244.2403
			-450.999
			-50.7236
			-225.2403


===========================================================================================
===========================================================================================
S4:
	q_c:	378.5	327.0	512.5
	ub :	410.1194	342.7519	534.2319
	lb :	353.5846	297.8488	483.6966

	==================================================================================
	Q1:
		Shape: Ellipse
		q_c:	374.0	308.0	503.0
		ub :	384.4802	317.8355	512.5408
		lb :	363.5198	298.1645	493.4592
		P^-1:
			0.0277	-0.0101	0.0036
			-0.0101	0.0316	-0.0114
			0.0036	-0.0114	0.0357
	==================================================================================
	Q2:
		Shape: Ellipse
		q_c:	398.5	330.0	521.5
		ub :	410.1194	342.7519	534.2319
		lb :	386.8806	317.2481	508.7681
		P^-1:
			0.0181	-0.0041	-0.0062
			-0.0041	0.017	0.0028
			-0.0062	0.0028	0.0207
	==================================================================================
	Q3:
		Shape: Ellipse
		q_c:	371.0	319.5	508.5
		ub :	380.633	329.6688	518.2367
		lb :	361.367	309.3312	498.7633
		P^-1:
			0.0377	-0.0135	0.0002
			-0.0135	0.0337	0.002
			0.0002	0.002	0.0221
	==================================================================================
	Q4:
		Shape: Polyhedra
		q_c:	366.5	326.5	496.5
		ub :	379.4154	337.1594	509.3034
		lb :	353.5846	315.8406	483.6966
		A:
			-0.7362	0.6502	-0.1877
			0.2586	0.4278	0.8661
			0.489	-0.8708	0.0499
			0.4368	0.6619	0.6092
			0.2567	0.2257	-0.9398
			-0.8577	0.4465	-0.2548
			0.1635	0.8085	0.5653
			0.9632	-0.0069	-0.2688
			-0.2134	0.5884	-0.7799
			-0.1635	-0.8085	-0.5653
			-0.9632	0.0069	0.2688
			0.2134	-0.5884	0.7799
		b:
			-141.9193
			672.2383
			-72.0971
			686.7994
			-290.7229
			-285.8921
			612.5682
			227.8124
			-266.3301
			-596.5682
			-206.8124
			280.3301
	==================================================================================
	Q5:
		Shape: Hybrid
		q_c:	366.5	328.5	496.5
		ub :	374.9711	335.5464	503.5169
		lb :	358.0289	321.4536	489.4831
		P^-1:
			0.05	0.0605	-0.0384
			0.0605	0.1638	-0.0909
			-0.0384	-0.0909	0.0876
		A:
			-0.0325	0.7502	-0.6604
			-0.7236	-0.4764	0.4995
			-0.1444	-0.9613	0.2345
			0.2352	0.89	-0.3906
			0.1195	0.8675	-0.4829
			-0.522	-0.6384	0.5657
		b:
			-91.3272
			-171.0873
			-250.2618
			185.9836
			90.4533
			-118.7011
	==================================================================================
	Q6:
		Shape: Polyhedra
		q_c:	397.0	310.0	506.5
		ub :	409.0468	322.1512	513.7336
		lb :	384.9532	297.8488	499.2664
		A:
			0.7061	0.0697	0.7047
			0.5647	-0.2128	0.7974
			0.0655	-0.2704	0.9605
			0.2821	0.411	0.8669
			0.111	0.1524	0.9821
			-0.8762	-0.0206	0.4815
			0.4239	0.0903	0.9012
			-0.6796	0.6895	0.2505
			-0.5988	-0.7186	0.3536
			-0.4239	-0.0903	-0.9012
			0.6796	-0.6895	-0.2505
			0.5988	0.7186	-0.3536
		b:
			662.6546
			566.1972
			432.769
			682.5035
			592.5386
			-101.7439
			655.2257
			80.8527
			-274.3899
			-650.2257
			-60.8527
			288.3899


===========================================================================================
===========================================================================================
S5:
	q_c:	336.0	69.5	72.0
	ub :	363.474	98.4384	93.1843
	lb :	313.7147	46.0984	46.909

	==================================================================================
	Q1:
		Shape: Polyhedra
		q_c:	346.5	71.5	85.0
		ub :	350.7139	77.8708	93.1843
		lb :	342.2861	65.1292	76.8157
		A:
			0.1354	0.3678	-0.92
			-0.1001	-0.6433	-0.759
			0.9351	0.1369	0.327
			0.9908	-0.0594	0.1215
			-0.9189	0.0037	-0.3945
			0.8762	0.3337	0.3477
			0.9606	0.1513	0.2329
			0.1534	-0.9881	0.0092
			0.2316	0.0269	-0.9724
			-0.9606	-0.1513	-0.2329
			-0.1534	0.9881	-0.0092
			-0.2316	-0.0269	0.9724
		b:
			2.777
			-138.5002
			363.2674
			351.516
			-349.4745
			359.14
			364.9831
			-10.7125
			7.5008
			-361.9831
			22.7125
			8.4992
	==================================================================================
	Q2:
		Shape: Hybrid
		q_c:	336.0	66.5	64.5
		ub :	343.4438	73.2271	72.3607
		lb :	328.5562	59.7729	56.6393
		P^-1:
			0.0748	-0.047	-0.011
			-0.047	0.0964	0.0511
			-0.011	0.0511	0.0717
		A:
			0.0025	-0.841	-0.541
			-0.0733	0.7288	0.6808
			0.8717	-0.0363	0.4887
			-0.8491	0.5122	-0.1292
			0.9176	0.3398	0.2062
			0.5247	0.7299	0.438
		b:
			-87.9944
			69.3493
			324.7464
			-257.5017
			348.0251
			256.4745
	==================================================================================
	Q3:
		Shape: Hybrid
		q_c:	354.5	76.0	55.0
		ub :	363.474	83.2552	63.091
		lb :	345.526	68.7448	46.909
		P^-1:
			0.0199	0.0018	0.0076
			0.0018	0.0303	0.0067
			0.0076	0.0067	0.0447
		A:
			-0.4781	0.0694	0.8756
			-0.24	-0.1061	0.965
			0.296	0.6202	0.7265
			0.5447	-0.8371	0.0511
			0.3939	-0.9032	0.1707
			0.5964	-0.556	0.5789
		b:
			-112.1157
			-36.7017
			194.4781
			136.4235
			84.3167
			204.7425
	==================================================================================
	Q4:
		Shape: Ellipse
		q_c:	321.0	69.5	78.0
		ub :	328.2853	75.4127	85.8011
		lb :	313.7147	63.5873	70.1989
		P^-1:
			0.0731	0.0235	0.03
			0.0235	0.0789	0.0074
			0.03	0.0074	0.0494
	==================================================================================
	Q5:
		Shape: Ellipse
		q_c:	350.0	57.5	62.0
		ub :	362.483	68.9016	71.8161
		lb :	337.517	46.0984	52.1839
		P^-1:
			0.0267	-0.0043	-0.022
			-0.0043	0.0172	-0.0021
			-0.022	-0.0021	0.0489
	==================================================================================
	Q6:
		Shape: Hybrid
		q_c:	350.0	89.0	60.5
		ub :	363.0211	98.4384	73.5325
		lb :	336.9789	79.5616	47.4675
		P^-1:
			0.0145	-0.0067	0.0025
			-0.0067	0.0411	-0.0138
			0.0025	-0.0138	0.0199
		A:
			0.7977	0.4932	-0.347
			-0.0484	0.4246	-0.9041
			0.5196	-0.7271	0.4486
			0.535	-0.7472	0.3944
			-0.3097	0.9315	0.191
			-0.03	-0.5216	-0.8527
		b:
			307.9654
			-29.5753
			147.2817
			147.5959
			-9.8861
			-102.0176


===========================================================================================
===========================================================================================
S6:
	q_c:	347.5	265.0	185.0
	ub :	354.5557	271.9031	193.6054
	lb :	345.0161	255.9391	177.6425

	==================================================================================
	Q1:
		Shape: Hybrid
		q_c:	351.0	265.0	183.0
		ub :	353.2066	268.2148	186.2746
		lb :	348.7934	261.7852	179.7254
		P^-1:
			0.5989	-0.2863	0.2409
			-0.2863	0.4425	-0.2427
			0.2409	-0.2427	0.3687
		A:
			0.1705	-0.939	0.2988
			0.7342	0.5641	0.378
			0.5004	-0.1911	0.8444
			0.2287	0.947	0.2256
			-0.8621	0.4861	-0.143
			-0.7697	-0.6372	-0.0386
		b:
			-133.2299
			477.9816
			280.5964
			374.2882
			-199.2535
			-444.4986
	==================================================================================
	Q2:
		Shape: Ellipse
		q_c:	350.5	259.5	181.0
		ub :	354.0934	263.0609	184.3575
		lb :	346.9066	255.9391	177.6425
		P^-1:
			0.2665	-0.1476	-0.0661
			-0.1476	0.3116	-0.0101
			-0.0661	-0.0101	0.2274
	==================================================================================
	Q3:
		Shape: Hybrid
		q_c:	350.0	267.5	190.0
		ub :	354.5557	271.9031	193.6054
		lb :	345.4443	263.0969	186.3946
		P^-1:
			0.1467	0.0218	-0.0008
			0.0218	0.1245	0.0013
			-0.0008	0.0013	0.16
		A:
			-0.3769	-0.5822	0.7204
			0.9088	0.3919	-0.1434
			0.7772	-0.5651	0.2768
			0.8361	0.544	-0.0698
			0.9493	-0.1979	-0.2442
			-0.967	-0.2355	0.0974
		b:
			-149.4691
			396.9169
			175.1098
			426.1662
			234.4155
			-381.6208
	==================================================================================
	Q4:
		Shape: Polyhedra
		q_c:	348.5	266.5	189.0
		ub :	351.9839	269.538	192.7643
		lb :	345.0161	263.462	185.2357
		A:
			0.8887	-0.3585	-0.286
			0.3507	0.1	-0.9311
			0.0164	-0.9894	0.1444
			0.7579	-0.5886	0.2813
			-0.9456	-0.1221	-0.3015
			0.4893	-0.4555	-0.7437
			0.7343	0.2137	0.6443
			-0.6636	0.4256	0.6152
			-0.1428	-0.8793	0.4543
			-0.7343	-0.2137	-0.6443
			0.6636	-0.4256	-0.6152
			0.1428	0.8793	-0.4543
		b:
			161.9425
			-25.2228
			-228.6927
			162.7512
			-416.2625
			-89.8358
			437.6242
			-0.0678
			-196.2293
			-431.6242
			3.0678
			200.2293
	==================================================================================
	Q5:
		Shape: Ellipse
		q_c:	351.5	265.0	181.0
		ub :	354.3288	268.32	183.3198
		lb :	348.6712	261.68	178.6802
		P^-1:
			0.7371	-0.3507	0.1831
			-0.3507	0.3078	-0.1092
			0.1831	-0.1092	0.3162
	==================================================================================
	Q6:
		Shape: Ellipse
		q_c:	351.0	266.0	186.0
		ub :	353.1751	268.3374	187.7471
		lb :	348.8249	263.6626	184.2529
		P^-1:
			0.25	0.0	0.0002
			0.0	0.2528	0.0231
			0.0002	0.0231	0.4417


===========================================================================================
===========================================================================================
S7:
	q_c:	227.5	116.5	470.5
	ub :	243.6485	128.7229	488.9925
	lb :	208.4958	95.4071	451.3983

	==================================================================================
	Q1:
		Shape: Ellipse
		q_c:	217.0	117.0	469.5
		ub :	225.5042	125.0166	477.2323
		lb :	208.4958	108.9834	461.7677
		P^-1:
			0.0357	-0.0031	0.0026
			-0.0031	0.0367	-0.0019
			0.0026	-0.0019	0.0244
	==================================================================================
	Q2:
		Shape: Hybrid
		q_c:	220.5	119.0	466.0
		ub :	228.7042	127.1885	474.4675
		lb :	212.2958	110.8115	457.5325
		P^-1:
			0.0399	-0.0082	-0.0069
			-0.0082	0.0423	-0.006
			-0.0069	-0.006	0.0443
		A:
			0.7053	-0.1154	-0.6994
			0.8341	-0.4987	0.2357
			-0.4142	-0.6055	-0.6795
			0.9397	-0.0952	-0.3284
			0.0185	-0.2199	0.9753
			-0.9791	0.0089	-0.203
		b:
			-181.8791
			236.9051
			-476.4284
			45.3961
			434.8759
			-306.323
	==================================================================================
	Q3:
		Shape: Polyhedra
		q_c:	227.5	105.0	475.0
		ub :	236.4404	114.5929	483.2798
		lb :	218.5596	95.4071	466.7202
		A:
			-0.2976	-0.1015	0.9493
			-0.4906	0.5486	0.6771
			-0.6081	-0.4178	0.675
			0.6474	-0.0221	-0.7618
			0.6614	0.1559	-0.7336
			0.7039	0.6567	-0.2706
			0.2016	0.5221	0.8287
			0.5107	0.6659	-0.5438
			-0.8358	0.5328	-0.1324
			-0.2016	-0.5221	-0.8287
			-0.5107	-0.6659	0.5438
			0.8358	-0.5328	0.1324
		b:
			377.7936
			273.698
			143.0855
			-211.51
			-176.5608
			105.2818
			500.3253
			-67.6976
			-190.5693
			-488.3253
			76.6976
			203.5693
	==================================================================================
	Q4:
		Shape: Polyhedra
		q_c:	235.5	121.5	482.0
		ub :	243.6485	128.7229	488.9925
		lb :	227.3515	114.2771	475.0075
		A:
			0.8568	0.4882	-0.1659
			0.6373	0.6819	0.359
			-0.3462	-0.8799	-0.3254
			-0.1685	0.9709	-0.1701
			-0.083	-0.9659	-0.2452
			-0.8076	-0.5891	-0.0259
			0.5461	0.7951	0.2638
			0.2051	0.1783	-0.9623
			-0.8122	0.5796	-0.0657
			-0.5461	-0.7951	-0.2638
			-0.2051	-0.1783	0.9623
			0.8122	-0.5796	0.0657
		b:
			185.4984
			409.1202
			-342.0232
			1.6151
			-251.0112
			-270.5364
			355.3349
			-387.8756
			-146.0406
			-349.3349
			399.8756
			159.0406
	==================================================================================
	Q5:
		Shape: Ellipse
		q_c:	221.0	117.5	478.5
		ub :	225.6346	125.2669	484.9759
		lb :	216.3654	109.7331	472.0241
		P^-1:
			0.4884	-0.1452	-0.397
			-0.1452	0.1688	0.2575
			-0.397	0.2575	0.5184
	==================================================================================
	Q6:
		Shape: Hybrid
		q_c:	232.5	111.0	458.5
		ub :	239.6225	114.508	465.6017
		lb :	225.3775	107.492	451.3983
		P^-1:
			0.0452	-0.0438	0.0128
			-0.0438	0.4077	-0.1077
			0.0128	-0.1077	0.0715
		A:
			0.3898	-0.892	0.2289
			-0.1615	-0.7496	-0.6418
			-0.1808	0.8175	-0.5468
			-0.0804	0.9891	-0.1231
			0.035	-0.7888	0.6136
			0.0909	-0.8708	-0.4831
		b:
			97.8659
			-411.4526
			-200.6563
			35.63
			203.4907
			-294.0902


===========================================================================================
===========================================================================================
S8:
	q_c:	479.5	119.0	314.5
	ub :	490.7982	140.1561	333.0481
	lb :	466.1041	107.3744	300.2543

	==================================================================================
	Q1:
		Shape: Polyhedra
		q_c:	475.0	133.0	311.0
		ub :	479.4074	140.1561	318.4193
		lb :	470.5926	125.8439	303.5807
		A:
			0.5681	0.8216	-0.0469
			0.3799	0.682	0.6249
			-0.3978	-0.7706	0.498
			0.332	0.7234	0.6053
			-0.3712	0.9189	0.1337
			-0.9474	-0.05	-0.3163
			0.8932	0.4285	0.1364
			0.4456	-0.8842	-0.14
			0.0607	0.1858	-0.9807
			-0.8932	-0.4285	-0.1364
			-0.4456	0.8842	0.14
			-0.0607	-0.1858	0.9807
		b:
			367.9691
			469.9975
			-131.4785
			446.7849
			-6.5682
			-552.1027
			525.1882
			56.4917
			-244.9682
			-522.1882
			-44.4917
			257.9682
	==================================================================================
	Q2:
		Shape: Ellipse
		q_c:	488.0	122.0	325.5
		ub :	490.7982	129.5213	333.0481
		lb :	485.2018	114.4787	317.9519
		P^-1:
			0.2475	-0.0092	-0.0213
			-0.0092	0.0426	-0.0186
			-0.0213	-0.0186	0.046
	==================================================================================
	Q3:
		Shape: Polyhedra
		q_c:	472.5	129.5	313.0
		ub :	478.817	134.2305	319.613
		lb :	466.183	124.7695	306.387
		A:
			0.8493	0.5276	0.0167
			-0.9902	-0.0723	-0.1197
			0.4525	0.8902	0.052
			-0.4078	-0.4962	-0.7664
			-0.2744	0.4706	-0.8386
			-0.9018	-0.372	-0.2202
			0.598	0.2568	0.7592
			-0.7954	0.0734	0.6017
			0.0988	-0.9637	0.2482
			-0.598	-0.2568	-0.7592
			0.7954	-0.0734	-0.6017
			-0.0988	0.9637	-0.2482
		b:
			478.9902
			-510.417
			349.111
			-492.8743
			-327.387
			-539.021
			557.4598
			-173.4818
			3.0711
			-549.4598
			182.4818
			3.9289
	==================================================================================
	Q4:
		Shape: Polyhedra
		q_c:	474.0	114.0	309.5
		ub :	481.8959	120.3462	317.7255
		lb :	466.1041	107.6538	301.2745
		A:
			0.4359	0.1356	-0.8897
			0.0727	0.9686	-0.2376
			0.2372	0.7041	-0.6693
			-0.6663	0.7085	0.2327
			0.9991	0.043	-0.0054
			0.3045	-0.1613	-0.9388
			0.1007	0.994	0.0419
			0.7997	-0.0558	-0.5979
			-0.592	0.0937	-0.8005
			-0.1007	-0.994	-0.0419
			-0.7997	0.0558	0.5979
			0.592	-0.0937	0.8005
		b:
			-48.4603
			76.909
			-8.992
			-158.0841
			482.0251
			-159.4482
			179.5056
			191.6479
			-510.6607
			-168.5056
			-183.6479
			524.6607
	==================================================================================
	Q5:
		Shape: Ellipse
		q_c:	479.5	113.5	306.0
		ub :	484.6177	119.6256	311.7457
		lb :	474.3823	107.3744	300.2543
		P^-1:
			0.3067	0.0522	-0.1833
			0.0522	0.0594	-0.0398
			-0.1833	-0.0398	0.1677
	==================================================================================
	Q6:
		Shape: Polyhedra
		q_c:	474.5	129.5	314.5
		ub :	481.5367	136.2352	320.5765
		lb :	467.4633	122.7648	308.4235
		A:
			0.02	0.9569	-0.2898
			-0.9414	-0.1088	0.3193
			-0.7429	0.4719	-0.4748
			-0.4422	-0.7418	0.5041
			0.921	0.059	-0.3852
			0.9005	-0.3984	0.1742
			0.6315	0.6346	0.4455
			0.6776	-0.731	0.0807
			0.3769	0.251	-0.8916
			-0.6315	-0.6346	-0.4455
			-0.6776	0.731	-0.0807
			-0.3769	-0.251	0.8916
		b:
			46.3014
			-356.1818
			-436.9297
			-143.097
			327.5882
			434.2435
			526.9544
			255.7317
			-65.091
			-516.9544
			-248.7317
			73.091


===========================================================================================
===========================================================================================
