3D_35_9_6_f                l = 3

===========================================================================================
===========================================================================================
S1:
	q_c:	167.5	32.5	204.0
	ub :	193.9411	56.2736	226.4709
	lb :	137.0648	0.827	170.9413

	==================================================================================
	Q1:
		Shape: Polyhedra
		q_c:	153.0	42.5	217.5
		ub :	167.759	56.2736	226.4709
		lb :	138.241	28.7264	208.5291
		A:
			0.2804	-0.0905	-0.9556
			0.6858	-0.6424	0.3422
			0.2304	-0.756	0.6127
			-0.7607	0.4251	-0.4906
			0.2115	-0.5876	-0.781
			0.0835	-0.9709	-0.2245
			0.1874	0.0047	0.9823
			-0.7351	0.664	0.1371
			-0.6516	-0.7477	0.1279
			-0.1874	-0.0047	-0.9823
			0.7351	-0.664	-0.1371
			0.6516	0.7477	-0.1279
		b:
			-161.4344
			161.3993
			144.9889
			-196.2243
			-154.1922
			-67.6562
			249.02
			-44.4204
			-94.1532
			-236.02
			64.4204
			113.1532
	==================================================================================
	Q2:
		Shape: Ellipse
		q_c:	182.5	41.5	192.5
		ub :	193.9411	52.0227	202.7756
		lb :	171.0589	30.9773	182.2244
		P^-1:
			0.0218	0.0006	-0.0028
			0.0006	0.0206	-0.0015
			-0.0028	-0.0015	0.0172
	==================================================================================
	Q3:
		Shape: Ellipse
		q_c:	177.5	25.0	183.5
		ub :	189.456	36.1339	196.0587
		lb :	165.544	13.8661	170.9413
		P^-1:
			0.0195	0.0046	0.0003
			0.0046	0.0236	0.0041
			0.0003	0.0041	0.0163
	==================================================================================
	Q4:
		Shape: Ellipse
		q_c:	151.5	14.0	192.0
		ub :	165.9352	27.173	206.3235
		lb :	137.0648	0.827	177.6765
		P^-1:
			0.0172	0.0045	0.0064
			0.0045	0.0194	0.0061
			0.0064	0.0061	0.0119
	==================================================================================
	Q5:
		Shape: Ellipse
		q_c:	184.5	22.0	193.0
		ub :	191.4537	32.5332	204.1343
		lb :	177.5463	11.4668	181.8657
		P^-1:
			0.1972	0.0572	0.0788
			0.0572	0.0379	0.0285
			0.0788	0.0285	0.0464
	==================================================================================
	Q6:
		Shape: Ellipse
		q_c:	166.5	18.5	195.0
		ub :	180.8766	32.8847	205.6685
		lb :	152.1234	4.1153	184.3315
		P^-1:
			0.0148	0.0044	0.0017
			0.0044	0.014	0.0015
			0.0017	0.0015	0.0173


===========================================================================================
===========================================================================================
S2:
	q_c:	405.5	78.0	361.5
	ub :	426.5236	111.1105	375.7361
	lb :	388.9838	51.5167	328.8319

	==================================================================================
	Q1:
		Shape: Polyhedra
		q_c:	405.5	59.5	346.5
		ub :	411.6941	67.4833	354.9927
		lb :	399.3059	51.5167	338.0073
		A:
			0.2866	-0.253	-0.924
			0.4989	-0.7037	-0.5058
			0.8659	-0.376	0.33
			0.0016	-0.5142	-0.8576
			-0.9751	0.1167	-0.1885
			0.2925	0.1674	-0.9415
			0.2295	0.6962	0.6802
			0.9255	0.0601	-0.3739
			-0.3012	0.7153	-0.6306
			-0.2295	-0.6962	-0.6802
			-0.9255	-0.0601	0.3739
			0.3012	-0.7153	0.6306
		b:
			-214.3581
			-10.213
			448.1379
			-322.1872
			-449.4079
			-192.7573
			375.1749
			252.8297
			-292.057
			-365.1749
			-245.8297
			304.057
	==================================================================================
	Q2:
		Shape: Hybrid
		q_c:	414.0	97.5	362.0
		ub :	425.9252	111.1105	373.9516
		lb :	402.0748	83.8895	350.0484
		P^-1:
			0.0182	-0.0006	0.003
			-0.0006	0.0147	0.0049
			0.003	0.0049	0.0197
		A:
			-0.6464	0.6856	0.335
			0.5692	0.2776	0.7739
			0.0091	-0.4634	-0.8861
			-0.4568	0.2707	0.8474
			-0.6692	0.0323	-0.7424
			-0.0234	0.783	0.6216
		b:
			-75.2553
			546.1756
			-358.7109
			148.2849
			-538.9786
			295.4461
	==================================================================================
	Q3:
		Shape: Polyhedra
		q_c:	402.5	72.5	359.5
		ub :	416.0162	85.7515	370.9014
		lb :	388.9838	59.2485	348.0986
		A:
			0.4496	0.544	0.7084
			-0.6233	0.0441	0.7808
			-0.49	-0.6462	-0.585
			-0.0876	-0.9406	-0.3279
			-0.3234	-0.7947	-0.5137
			0.0132	0.8903	0.4551
			0.0591	0.6277	0.7763
			0.3893	0.7015	-0.5969
			-0.9192	0.3375	-0.2029
			-0.0591	-0.6277	-0.7763
			-0.3893	-0.7015	0.5969
			0.9192	-0.3375	0.2029
		b:
			480.5219
			41.6559
			-448.5252
			-214.8954
			-366.8962
			239.0846
			352.3418
			3.4877
			-408.4634
			-344.3418
			17.5123
			428.4634
	==================================================================================
	Q4:
		Shape: Polyhedra
		q_c:	402.5	90.5	342.0
		ub :	415.4651	99.5905	355.1681
		lb :	389.5349	81.4095	328.8319
		A:
			-0.9397	0.143	-0.3108
			0.6472	-0.4416	0.6213
			-0.625	0.4236	-0.6556
			0.7654	-0.5943	-0.247
			0.9137	-0.1304	-0.3849
			0.1433	-0.9279	0.3442
			0.6947	0.398	0.5992
			-0.6646	0.0365	0.7463
			0.2752	-0.9167	0.2898
			-0.6947	-0.398	-0.5992
			0.6646	-0.0365	-0.7463
			-0.2752	0.9167	-0.2898
		b:
			-464.2158
			439.7501
			-430.7387
			177.9922
			233.3789
			98.0056
			527.5504
			0.5262
			133.4144
			-513.5504
			18.4738
			-120.4144
	==================================================================================
	Q5:
		Shape: Polyhedra
		q_c:	419.5	68.5	370.0
		ub :	426.5236	75.4204	374.8397
		lb :	412.4764	61.5796	365.1603
		A:
			0.0098	0.2749	-0.9614
			0.8703	0.4408	0.2196
			-0.1729	0.4525	0.8749
			-0.4595	0.1096	-0.8814
			0.9153	-0.136	-0.3791
			-0.3042	-0.373	-0.8765
			0.429	0.0259	0.9029
			-0.8668	0.2931	0.4034
			-0.2542	-0.9557	0.1482
			-0.429	-0.0259	-0.9029
			0.8668	-0.2931	-0.4034
			0.2542	0.9557	-0.1482
		b:
			-329.4617
			481.1536
			286.2152
			-509.2305
			239.8599
			-474.7637
			517.826
			-188.762
			-111.7961
			-513.826
			199.762
			122.7961
	==================================================================================
	Q6:
		Shape: Polyhedra
		q_c:	402.0	77.0	363.0
		ub :	414.0789	85.6186	375.7361
		lb :	389.9211	68.3814	350.2639
		A:
			0.4261	0.5615	-0.7093
			0.3334	0.9254	0.18
			-0.896	0.4031	0.1864
			-0.426	0.9044	-0.0256
			-0.3228	0.9406	0.1049
			-0.7938	0.0069	0.6082
			0.0482	0.9401	0.3376
			-0.1435	0.341	-0.929
			-0.9885	-0.0036	0.1513
			-0.0482	-0.9401	-0.3376
			0.1435	-0.341	0.929
			0.9885	0.0036	-0.1513
		b:
			-33.161
			276.8477
			-251.5943
			-103.4906
			-12.6026
			-87.5104
			219.8207
			-358.6586
			-332.2236
			-208.8207
			378.6586
			353.2236


===========================================================================================
===========================================================================================
S3:
	q_c:	231.0	94.5	106.5
	ub :	243.1453	102.2826	117.4956
	lb :	220.1587	86.6359	100.1384

	==================================================================================
	Q1:
		Shape: Ellipse
		q_c:	224.5	94.0	111.0
		ub :	228.8413	97.1578	115.2255
		lb :	220.1587	90.8422	106.7745
		P^-1:
			0.1049	0.0254	0.0272
			0.0254	0.3831	-0.1225
			0.0272	-0.1225	0.198
	==================================================================================
	Q2:
		Shape: Ellipse
		q_c:	238.0	94.0	113.0
		ub :	243.1453	99.1683	117.4956
		lb :	232.8547	88.8317	108.5044
		P^-1:
			0.1025	-0.0433	-0.0207
			-0.0433	0.1274	-0.0156
			-0.0207	-0.0156	0.1526
	==================================================================================
	Q3:
		Shape: Ellipse
		q_c:	232.0	99.0	104.0
		ub :	235.2439	101.9026	107.8616
		lb :	228.7561	96.0974	100.1384
		P^-1:
			1.0449	-0.4433	0.951
			-0.4433	2.3038	-1.6596
			0.951	-1.6596	1.7007
	==================================================================================
	Q4:
		Shape: Polyhedra
		q_c:	230.5	91.0	109.0
		ub :	233.8128	94.5575	113.3707
		lb :	227.1872	87.4425	104.6293
		A:
			-0.9663	0.1903	0.1731
			0.9232	-0.3626	0.1272
			0.7089	0.153	-0.6885
			0.5371	-0.7885	-0.2996
			-0.6034	0.6242	0.4963
			0.2113	-0.8122	-0.5437
			0.5527	0.2472	0.7959
			-0.8318	0.2236	0.5081
			-0.0523	-0.9428	0.3291
			-0.5527	-0.2472	-0.7959
			0.8318	-0.2236	-0.5081
			0.0523	0.9428	-0.3291
		b:
			-184.6848
			196.0032
			104.0261
			21.3883
			-26.3544
			-81.9678
			240.1358
			-114.4912
			-59.4822
			-233.1358
			117.4912
			64.4822
	==================================================================================
	Q5:
		Shape: Polyhedra
		q_c:	232.0	99.5	109.5
		ub :	236.5829	102.2826	114.1845
		lb :	227.4171	96.7174	104.8155
		A:
			-0.802	-0.5366	0.2625
			-0.3003	0.8111	0.5019
			-0.0911	-0.3499	-0.9324
			-0.3982	-0.4216	-0.8147
			0.1711	0.6484	0.7418
			-0.7189	-0.4412	-0.5372
			0.2025	0.9393	0.2769
			0.7043	0.0568	-0.7077
			-0.6804	0.3383	-0.65
			-0.2025	-0.9393	-0.2769
			-0.7043	-0.0568	0.7077
			0.6804	-0.3383	0.65
		b:
			-207.3439
			68.6865
			-155.2161
			-221.3204
			187.8145
			-267.4323
			172.7564
			95.5577
			-193.3815
			-168.7564
			-87.5577
			197.3815
	==================================================================================
	Q6:
		Shape: Polyhedra
		q_c:	227.5	91.0	107.0
		ub :	231.8118	95.3641	111.7346
		lb :	223.1882	86.6359	102.2654
		A:
			-0.5282	0.7356	-0.4242
			0.5388	0.7731	-0.3347
			0.1146	-0.8411	-0.5286
			0.826	0.3928	0.4043
			0.351	-0.3242	0.8785
			-0.0803	-0.8904	0.4481
			0.5614	0.4713	0.6802
			-0.8275	0.3245	0.4582
			-0.0048	-0.8201	0.5721
			-0.5614	-0.4713	-0.6802
			0.8275	-0.3245	-0.4582
			0.0048	0.8201	-0.5721
		b:
			-95.8411
			159.7516
			-104.1067
			269.5769
			146.8466
			-48.8393
			245.8924
			-106.2093
			-12.0009
			-240.8924
			113.2093
			17.0009


===========================================================================================
===========================================================================================
S4:
	q_c:	106.5	374.5	348.0
	ub :	115.0265	382.5456	356.7732
	lb :	100.1813	367.4139	341.4659

	==================================================================================
	Q1:
		Shape: Hybrid
		q_c:	110.0	374.0	351.5
		ub :	112.2964	378.0234	355.3039
		lb :	107.7036	369.9766	347.6961
		P^-1:
			0.4431	0.0173	-0.0134
			0.0173	0.2184	0.175
			-0.0134	0.175	0.309
		A:
			-0.233	-0.8537	-0.4658
			-0.8922	-0.4389	-0.1061
			0.9535	-0.3012	0.0069
			0.8136	0.2796	0.5097
			-0.882	-0.0266	0.4705
			0.7899	0.4385	0.4287
		b:
			-507.4645
			-298.7034
			-4.3042
			374.063
			59.3853
			402.3401
	==================================================================================
	Q2:
		Shape: Polyhedra
		q_c:	106.0	380.0	346.0
		ub :	109.4522	382.3227	348.5804
		lb :	102.5478	377.6773	343.4196
		A:
			0.6935	0.0573	0.7182
			-0.4081	-0.7389	0.5361
			0.0434	0.8789	0.475
			-0.034	0.7826	0.6216
			-0.387	-0.3207	-0.8645
			-0.7285	-0.6564	0.1961
			0.203	0.9162	0.3456
			-0.1698	0.3806	-0.909
			-0.9643	0.1259	0.2328
			-0.203	-0.9162	-0.3456
			0.1698	-0.3806	0.909
			0.9643	-0.1259	-0.2328
		b:
			345.7606
			-136.6912
			504.5133
			510.5188
			-460.4787
			-256.52
			490.7403
			-186.4138
			29.1597
			-487.7403
			189.4138
			-23.1597
	==================================================================================
	Q3:
		Shape: Polyhedra
		q_c:	108.0	372.0	352.5
		ub :	112.8214	376.5861	356.7732
		lb :	103.1786	367.4139	348.2268
		A:
			0.1946	-0.1771	-0.9648
			0.616	-0.2492	0.7473
			-0.5214	-0.1645	0.8373
			-0.2149	0.5909	-0.7776
			-0.9009	-0.0669	-0.4289
			0.1109	0.8005	0.589
			0.6117	0.5534	0.5654
			0.6076	0.129	-0.7837
			-0.5066	0.8229	-0.2573
			-0.6117	-0.5534	-0.5654
			-0.6076	-0.129	0.7837
			0.5066	-0.8229	0.2573
		b:
			-382.4281
			240.2826
			180.1253
			-74.3229
			-270.5661
			520.1163
			473.712
			-160.1197
			164.1809
			-468.712
			165.1197
			-157.1809
	==================================================================================
	Q4:
		Shape: Ellipse
		q_c:	107.5	379.0	350.0
		ub :	111.7984	382.5456	353.9188
		lb :	103.2016	375.4544	346.0812
		P^-1:
			0.166	-0.0446	-0.0212
			-0.0446	0.2263	-0.01
			-0.0212	-0.01	0.1287
	==================================================================================
	Q5:
		Shape: Hybrid
		q_c:	111.5	377.0	344.5
		ub :	115.0265	378.9931	347.5341
		lb :	107.9735	375.0069	341.4659
		P^-1:
			0.1175	-0.0403	-0.0096
			-0.0403	0.4389	0.0118
			-0.0096	0.0118	0.1592
		A:
			-0.3998	0.8809	-0.2535
			0.2381	0.8572	-0.4567
			0.0945	0.0781	-0.9925
			0.5142	0.6773	0.5263
			-0.4174	0.9027	-0.1041
			0.2945	0.9121	-0.2853
		b:
			201.211
			193.6102
			-300.1587
			495.6324
			258.9116
			279.5801
	==================================================================================
	Q6:
		Shape: Polyhedra
		q_c:	103.5	377.0	351.5
		ub :	106.8187	380.4811	354.6025
		lb :	100.1813	373.5189	348.3975
		A:
			0.2272	0.0439	-0.9729
			0.6567	-0.6827	0.3203
			-0.3837	0.0334	0.9229
			0.7989	-0.3689	0.475
			-0.2013	0.0692	0.9771
			-0.0865	0.9673	-0.2386
			0.6944	0.5996	0.3978
			-0.1131	0.6369	-0.7626
			-0.7107	0.4846	0.5101
			-0.6944	-0.5996	-0.3978
			0.1131	-0.6369	0.7626
			0.7107	-0.4846	-0.5101
		b:
			-300.299
			-75.2419
			298.8057
			112.6146
			350.3786
			273.7128
			440.7688
			-38.137
			289.911
			-434.7688
			41.137
			-286.911


===========================================================================================
===========================================================================================
S5:
	q_c:	406.5	364.5	483.5
	ub :	421.768	380.4046	496.0196
	lb :	390.1894	357.7927	464.7853

	==================================================================================
	Q1:
		Shape: Hybrid
		q_c:	413.5	369.0	486.5
		ub :	421.367	375.7463	493.6704
		lb :	405.633	362.2537	479.3296
		P^-1:
			0.0525	-0.0171	0.0272
			-0.0171	0.0597	-0.0272
			0.0272	-0.0272	0.072
		A:
			0.5289	0.1939	0.8263
			-0.2229	-0.188	-0.9565
			-0.5848	-0.2991	-0.754
			-0.7254	-0.4095	-0.5533
			-0.1581	-0.7549	0.6365
			-0.5461	0.198	0.814
		b:
			694.7886
			-624.06
			-716.2308
			-717.1763
			-31.7509
			247.1787
	==================================================================================
	Q2:
		Shape: Hybrid
		q_c:	406.0	367.5	481.0
		ub :	412.9869	373.3154	487.1538
		lb :	399.0131	361.6846	474.8462
		P^-1:
			0.0574	0.0159	-0.013
			0.0159	0.0712	0.0085
			-0.013	0.0085	0.0747
		A:
			0.4603	-0.6893	-0.5594
			0.9758	-0.1224	-0.1814
			0.5817	0.8108	-0.0655
			0.6442	0.401	0.6513
			-0.3057	0.3579	0.8823
			-0.4096	-0.8806	-0.2383
		b:
			-333.3753
			266.5562
			504.3545
			724.4629
			433.5591
			-602.7784
	==================================================================================
	Q3:
		Shape: Hybrid
		q_c:	406.0	362.5	485.5
		ub :	411.6376	367.2073	491.1091
		lb :	400.3624	357.7927	479.8909
		P^-1:
			0.2514	0.1008	-0.2603
			0.1008	0.5208	-0.4008
			-0.2603	-0.4008	0.5014
		A:
			-0.0271	-0.9018	0.4314
			0.6394	0.4932	-0.5899
			0.7906	0.1678	-0.5889
			-0.8386	0.0913	0.5371
			-0.4509	0.7384	0.5014
			0.2972	-0.8247	0.4813
		b:
			-127.511
			153.1379
			97.0945
			-45.3237
			330.7098
			56.6167
	==================================================================================
	Q4:
		Shape: Hybrid
		q_c:	410.5	373.5	486.5
		ub :	418.1508	380.4046	493.3377
		lb :	402.8492	366.5954	479.6623
		P^-1:
			0.0557	0.0203	-0.0213
			0.0203	0.0664	-0.0277
			-0.0213	-0.0277	0.0691
		A:
			0.6277	-0.443	-0.6402
			0.0525	0.8728	-0.4853
			-0.576	0.6189	-0.534
			0.4023	0.1439	-0.9041
			0.7324	-0.0397	-0.6797
			0.4053	-0.0719	-0.9113
		b:
			-216.0598
			113.5396
			-261.922
			-218.821
			-42.3389
			-301.2762
	==================================================================================
	Q5:
		Shape: Hybrid
		q_c:	415.5	373.5	490.0
		ub :	421.768	378.0075	496.0196
		lb :	409.232	368.9925	483.9804
		P^-1:
			0.0873	-0.0289	0.0379
			-0.0289	0.1459	0.0024
			0.0379	0.0024	0.0779
		A:
			-0.9129	0.2634	-0.3118
			0.2763	-0.7639	0.5832
			-0.0492	0.9913	0.1221
			0.2805	-0.9279	0.2457
			0.8549	0.4824	-0.191
			-0.0377	0.9926	0.1152
		b:
			-431.8579
			116.9501
			411.0464
			-108.3045
			444.9406
			412.955
	==================================================================================
	Q6:
		Shape: Ellipse
		q_c:	397.5	367.5	472.0
		ub :	404.8106	373.1493	479.2147
		lb :	390.1894	361.8507	464.7853
		P^-1:
			0.0571	0.019	0.0203
			0.019	0.0791	0.0243
			0.0203	0.0243	0.0642


===========================================================================================
===========================================================================================
S6:
	q_c:	495.5	34.0	150.5
	ub :	502.3794	40.4356	155.8622
	lb :	492.628	29.4017	145.45

	==================================================================================
	Q1:
		Shape: Ellipse
		q_c:	499.5	36.0	153.0
		ub :	502.3794	38.4389	155.8622
		lb :	496.6206	33.5611	150.1378
		P^-1:
			0.2694	-0.057	-0.0123
			-0.057	0.4172	0.0361
			-0.0123	0.0361	0.2578
	==================================================================================
	Q2:
		Shape: Ellipse
		q_c:	495.0	32.0	150.5
		ub :	497.372	34.5983	152.8401
		lb :	492.628	29.4017	148.1599
		P^-1:
			0.7167	0.1224	-0.2993
			0.1224	0.317	0.0088
			-0.2993	0.0088	0.6607
	==================================================================================
	Q3:
		Shape: Ellipse
		q_c:	499.5	36.0	151.0
		ub :	501.4096	38.5607	153.0824
		lb :	497.5904	33.4393	148.9176
		P^-1:
			0.8728	-0.2409	-0.1376
			-0.2409	0.3535	0.0092
			-0.1376	0.0092	0.4681
	==================================================================================
	Q4:
		Shape: Polyhedra
		q_c:	498.0	37.5	148.5
		ub :	500.1208	40.4356	151.1505
		lb :	495.8792	34.5644	145.8495
		A:
			0.3249	-0.8356	0.443
			0.2926	0.0001	0.9562
			0.0292	-0.864	0.5026
			0.2919	0.8171	-0.4972
			-0.2276	0.8539	-0.468
			0.7475	0.1948	0.635
			0.0181	0.8676	0.4969
			-0.0525	0.4972	-0.8661
			-0.9985	-0.0104	0.0545
			-0.0181	-0.8676	-0.4969
			0.0525	-0.4972	0.8661
			0.9985	0.0104	-0.0545
		b:
			198.0904
			289.5153
			58.5537
			104.0134
			-148.9932
			475.9124
			117.8249
			-134.6162
			-487.5253
			-112.8249
			137.6162
			491.5253
	==================================================================================
	Q5:
		Shape: Ellipse
		q_c:	496.5	34.5	148.0
		ub :	499.4795	37.8516	150.55
		lb :	493.5205	31.1484	145.45
		P^-1:
			0.256	0.0107	-0.0573
			0.0107	0.1905	0.0727
			-0.0573	0.0727	0.408
	==================================================================================
	Q6:
		Shape: Hybrid
		q_c:	497.0	33.5	150.5
		ub :	500.8239	36.9773	154.5556
		lb :	493.1761	30.0227	146.4444
		P^-1:
			0.1819	-0.0304	-0.0238
			-0.0304	0.2023	0.0331
			-0.0238	0.0331	0.1859
		A:
			0.3554	0.9278	0.1131
			0.1848	-0.4808	0.8572
			0.9588	0.0284	-0.2826
			-0.6902	-0.5894	0.4199
			-0.4358	0.2154	0.8739
			-0.0255	0.5643	-0.8252
		b:
			226.1305
			206.2377
			436.294
			-298.0976
			-76.6797
			-116.4682


===========================================================================================
===========================================================================================
S7:
	q_c:	241.5	383.5	493.0
	ub :	258.8722	399.6639	513.0007
	lb :	225.9451	363.9822	471.0879

	==================================================================================
	Q1:
		Shape: Polyhedra
		q_c:	249.0	390.5	490.0
		ub :	258.8722	399.6639	499.6349
		lb :	239.1278	381.3361	480.3651
		A:
			0.2538	0.9509	0.1773
			0.8899	-0.3881	-0.2398
			-0.4355	0.8294	0.3498
			0.6801	0.7318	0.044
			0.8973	-0.0802	-0.4342
			-0.7332	0.0485	-0.6782
			0.4906	0.8247	0.2815
			0.6903	-0.1707	-0.7031
			-0.5317	0.5393	-0.653
			-0.4906	-0.8247	-0.2815
			-0.6903	0.1707	0.7031
			0.5317	-0.5393	0.653
		b:
			527.0215
			-41.8442
			392.4797
			482.1317
			-15.4683
			-489.354
			587.6301
			-234.2597
			-234.8069
			-576.6301
			244.2597
			248.8069
	==================================================================================
	Q2:
		Shape: Ellipse
		q_c:	232.5	380.0	505.0
		ub :	239.0549	387.0495	513.0007
		lb :	225.9451	372.9505	496.9993
		P^-1:
			0.0993	-0.0376	-0.0581
			-0.0376	0.0688	0.0089
			-0.0581	0.0089	0.0748
	==================================================================================
	Q3:
		Shape: Hybrid
		q_c:	247.0	392.5	500.0
		ub :	252.4791	394.7623	505.1146
		lb :	241.5209	390.2377	494.8854
		P^-1:
			0.0506	-0.0072	-0.0036
			-0.0072	0.2496	0.0046
			-0.0036	0.0046	0.0617
		A:
			-0.2048	-0.82	0.5344
			0.1534	-0.9828	-0.1026
			-0.6849	0.4152	0.5988
			-0.0856	-0.951	0.297
			0.133	0.9878	-0.0813
			-0.3553	-0.9338	-0.0416
		b:
			-103.3372
			-398.1069
			295.9913
			-244.6091
			381.029
			-473.5574
	==================================================================================
	Q4:
		Shape: Hybrid
		q_c:	238.0	380.0	493.0
		ub :	246.1077	384.5849	501.1488
		lb :	229.8923	375.4151	484.8512
		P^-1:
			0.0346	-0.0033	0.0138
			-0.0033	0.1067	-0.0161
			0.0138	-0.0161	0.0428
		A:
			0.6283	-0.1378	0.7657
			-0.3691	-0.9112	-0.1829
			0.4936	0.7986	-0.3444
			0.4177	-0.5705	0.7071
			0.3867	0.2634	0.8838
			0.5134	0.8578	-0.0256
		b:
			477.4527
			-522.1587
			254.0122
			233.4679
			631.0253
			437.981
	==================================================================================
	Q5:
		Shape: Polyhedra
		q_c:	246.0	371.5	484.5
		ub :	253.0758	379.0178	489.9071
		lb :	238.9242	363.9822	479.0929
		A:
			-0.6216	0.6159	0.4841
			-0.7979	-0.4856	-0.3573
			-0.2449	0.3081	0.9193
			-0.0202	0.8566	0.5157
			-0.2634	-0.4721	-0.8412
			-0.079	-0.8009	-0.5936
			0.2923	0.5824	0.7585
			0.8972	-0.4415	-0.0068
			0.331	0.6826	-0.6516
			-0.2923	-0.5824	-0.7585
			-0.8972	0.4415	0.0068
			-0.331	-0.6826	0.6516
		b:
			314.7426
			-546.1261
			503.3617
			565.9503
			-646.0475
			-602.2026
			657.2774
			58.4091
			25.7857
			-654.2774
			-48.4091
			-12.7857
	==================================================================================
	Q6:
		Shape: Ellipse
		q_c:	246.0	393.5	480.5
		ub :	255.8024	398.9703	489.9121
		lb :	236.1976	388.0297	471.0879
		P^-1:
			0.0215	0.0024	0.0096
			0.0024	0.1428	0.0443
			0.0096	0.0443	0.0444


===========================================================================================
===========================================================================================
S8:
	q_c:	353.0	506.5	437.0
	ub :	363.3598	514.9653	447.5666
	lb :	345.4569	497.4659	428.0083

	==================================================================================
	Q1:
		Shape: Ellipse
		q_c:	354.5	509.0	439.0
		ub :	359.6043	513.7022	443.1224
		lb :	349.3957	504.2978	434.8776
		P^-1:
			0.0558	-0.026	-0.0226
			-0.026	0.1582	0.0812
			-0.0226	0.0812	0.167
	==================================================================================
	Q2:
		Shape: Ellipse
		q_c:	352.5	504.5	437.5
		ub :	355.8222	507.9431	441.7375
		lb :	349.1778	501.0569	433.2625
		P^-1:
			0.36	0.0403	0.1427
			0.0403	0.2133	-0.0571
			0.1427	-0.0571	0.2028
	==================================================================================
	Q3:
		Shape: Hybrid
		q_c:	359.5	501.5	444.5
		ub :	363.3598	505.5341	447.5666
		lb :	355.6402	497.4659	441.4334
		P^-1:
			0.1655	-0.009	0.0196
			-0.009	0.1748	-0.0322
			0.0196	-0.0322	0.2297
		A:
			0.0284	-0.6732	0.7389
			-0.7542	0.0382	-0.6555
			0.8962	-0.3789	0.2306
			-0.8466	0.1144	0.5198
			-0.849	-0.0282	-0.5276
			0.9647	0.1802	0.1921
		b:
			2.1278
			-542.1297
			236.0485
			-14.4571
			-552.5881
			523.9908
	==================================================================================
	Q4:
		Shape: Hybrid
		q_c:	355.5	503.5	442.5
		ub :	359.2612	506.2663	445.9354
		lb :	351.7388	500.7337	439.0646
		P^-1:
			0.2887	-0.0167	0.2572
			-0.0167	0.6769	-0.3284
			0.2572	-0.3284	0.5604
		A:
			-0.8491	-0.1331	-0.5112
			0.499	-0.1736	0.8491
			-0.2807	-0.9283	-0.2439
			0.6103	-0.2858	0.7388
			-0.3881	-0.9039	0.1799
			-0.3245	0.0197	-0.9457
		b:
			-593.9288
			466.3886
			-674.0108
			400.6523
			-512.5892
			-522.7761
	==================================================================================
	Q5:
		Shape: Polyhedra
		q_c:	350.0	504.5	433.0
		ub :	354.5431	509.302	437.9917
		lb :	345.4569	499.698	428.0083
		A:
			-0.3099	0.1506	0.9388
			-0.3514	0.7392	0.5745
			-0.2507	0.8517	-0.4603
			0.1809	-0.1507	0.9719
			0.0307	-0.4976	0.8669
			0.6731	-0.4298	0.6018
			0.1538	0.8454	0.5115
			0.5209	0.3705	-0.769
			-0.8396	0.3847	-0.3834
			-0.1538	-0.8454	-0.5115
			-0.5209	-0.3705	0.769
			0.8396	-0.3847	0.3834
		b:
			376.9904
			501.7125
			145.6296
			411.0953
			138.1059
			282.3358
			704.8242
			39.2922
			-262.7724
			-698.8242
			-33.2922
			268.7724
	==================================================================================
	Q6:
		Shape: Polyhedra
		q_c:	355.0	512.5	440.0
		ub :	359.8567	514.9653	445.0423
		lb :	350.1433	510.0347	434.9577
		A:
			-0.7698	0.4761	-0.4251
			-0.9036	0.4034	0.1439
			0.3234	0.8138	0.4829
			-0.8291	-0.5573	0.0451
			0.5082	-0.7703	0.3853
			0.2868	-0.9172	0.2767
			0.7183	0.4916	0.4923
			-0.579	0.03	0.8148
			0.3858	-0.8703	0.3062
			-0.7183	-0.4916	-0.4923
			0.579	-0.03	-0.8148
			-0.3858	0.8703	-0.3062
		b:
			-214.4931
			-47.806
			747.139
			-556.8411
			-43.6994
			-245.419
			726.5672
			172.3341
			-173.3426
			-720.5672
			-164.3341
			175.3426


===========================================================================================
===========================================================================================
S9:
	q_c:	317.0	90.0	60.0
	ub :	325.0961	96.0329	69.6734
	lb :	312.5674	82.2174	51.6647

	==================================================================================
	Q1:
		Shape: Hybrid
		q_c:	316.0	89.5	60.5
		ub :	319.1661	93.4667	64.8033
		lb :	312.8339	85.5333	56.1967
		P^-1:
			0.1579	-0.0057	-0.008
			-0.0057	0.144	-0.0222
			-0.008	-0.0222	0.1292
		A:
			-0.9539	-0.117	0.2765
			0.6343	-0.2163	0.7422
			0.6134	0.6869	-0.3898
			-0.4615	0.2105	-0.8618
			-0.7172	0.5383	-0.4425
			-0.1034	-0.4216	0.9008
		b:
			-293.9165
			227.4365
			233.0099
			-177.6574
			-203.9649
			-14.5593
	==================================================================================
	Q2:
		Shape: Ellipse
		q_c:	317.5	87.5	62.0
		ub :	320.4557	90.4694	65.1162
		lb :	314.5443	84.5306	58.8838
		P^-1:
			0.3143	-0.1409	0.0166
			-0.1409	0.2887	-0.0145
			0.0166	-0.0145	0.1126
	==================================================================================
	Q3:
		Shape: Hybrid
		q_c:	315.5	84.5	62.5
		ub :	318.4326	85.9225	65.2323
		lb :	312.5674	83.0775	59.7677
		P^-1:
			0.5294	0.7938	0.5766
			0.7938	2.9939	1.3938
			0.5766	1.3938	1.0812
		A:
			0.2458	0.9118	0.3289
			-0.2603	-0.7905	-0.5544
			-0.6601	-0.5059	-0.5553
			0.3418	0.5503	0.7618
			0.6739	0.7323	-0.0974
			-0.3171	-0.8867	-0.3364
		b:
			175.4552
			-183.2825
			-284.9837
			202.53
			269.843
			-195.6762
	==================================================================================
	Q4:
		Shape: Ellipse
		q_c:	321.5	91.5	59.0
		ub :	324.9231	96.0329	62.5352
		lb :	318.0769	86.9671	55.4648
		P^-1:
			0.1549	-0.0155	-0.0132
			-0.0155	0.1209	-0.0661
			-0.0132	-0.0661	0.2158
	==================================================================================
	Q5:
		Shape: Hybrid
		q_c:	322.0	89.0	55.0
		ub :	325.0961	92.6853	58.3353
		lb :	318.9039	85.3147	51.6647
		P^-1:
			0.1111	0.0005	0.0007
			0.0005	0.1518	0.0632
			0.0007	0.0632	0.2093
		A:
			-0.0802	0.4936	-0.866
			-0.6106	-0.3212	0.7238
			-0.5494	0.8109	0.2014
			0.6319	-0.3054	-0.7123
			0.2587	0.6296	0.7325
			-0.024	0.6524	0.7575
		b:
			-27.7086
			-183.5592
			-91.9906
			138.5723
			180.7343
			93.0271
	==================================================================================
	Q6:
		Shape: Ellipse
		q_c:	317.0	85.0	66.5
		ub :	319.9223	87.7826	69.6734
		lb :	314.0777	82.2174	63.3266
		P^-1:
			0.2993	-0.0633	-0.0561
			-0.0633	0.3313	0.072
			-0.0561	0.072	0.3138


===========================================================================================
===========================================================================================
