3D_35_8_6_f                l = 3

===========================================================================================
===========================================================================================
S1:
	q_c:	116.0	172.5	257.5
	ub :	125.8605	184.2424	268.8762
	lb :	101.4633	165.6381	241.8931

	==================================================================================
	Q1:
		Shape: Polyhedra
		q_c:	117.0	176.0	259.5
		ub :	125.1909	182.7559	267.6557
		lb :	108.8091	169.2441	251.3443
		A:
			0.2579	-0.3452	-0.9024
			0.3895	0.8807	-0.2694
			-0.5062	0.8274	-0.2433
			-0.7008	0.3174	-0.6389
			-0.8669	0.4985	-0.003
			-0.2965	-0.874	-0.3851
			0.4795	0.1761	0.8597
			-0.5891	0.7907	0.1666
			-0.6504	-0.5864	0.4829
			-0.4795	-0.1761	-0.8597
			0.5891	-0.7907	-0.1666
			0.6504	0.5864	-0.4829
		b:
			-259.6209
			135.4633
			27.1758
			-186.5586
			-10.4877
			-283.4349
			316.1874
			116.9685
			-48.9807
			-304.1874
			-109.9685
			58.9807
	==================================================================================
	Q2:
		Shape: Polyhedra
		q_c:	107.0	178.0	260.5
		ub :	112.5367	184.2424	267.1099
		lb :	101.4633	171.7576	253.8901
		A:
			0.8835	0.4025	0.2398
			-0.4805	0.7396	0.4713
			-0.2924	0.2053	-0.934
			-0.6347	0.3436	0.6921
			-0.9605	0.1174	0.2521
			-0.9351	-0.1678	0.3121
			0.7028	0.4198	0.5743
			-0.7087	0.3438	0.6161
			0.0612	-0.84	0.5391
			-0.7028	-0.4198	-0.5743
			0.7087	-0.3438	-0.6161
			-0.0612	0.84	-0.5391
		b:
			232.5802
			206.6244
			-234.095
			177.0468
			-12.5798
			-44.9292
			303.5294
			149.339
			1.4799
			-295.5294
			-142.339
			6.5201
	==================================================================================
	Q3:
		Shape: Polyhedra
		q_c:	112.5	178.5	247.5
		ub :	115.5092	183.7941	253.1069
		lb :	109.4908	173.2059	241.8931
		A:
			-0.9414	-0.3351	0.0394
			-0.7837	0.1538	-0.6018
			0.506	0.8602	-0.064
			0.9195	-0.2937	-0.2612
			0.9814	-0.1877	-0.0409
			0.6408	0.5894	-0.4919
			0.0961	0.2748	0.9567
			-0.1524	0.9539	-0.2587
			-0.9836	-0.121	0.1335
			-0.0961	-0.2748	-0.9567
			0.1524	-0.9539	0.2587
			0.9836	0.121	-0.1335
		b:
			-153.7694
			-206.1736
			198.0369
			-11.0759
			69.0761
			58.5833
			301.1428
			93.0866
			-97.2038
			-292.1428
			-85.0866
			101.2038
	==================================================================================
	Q4:
		Shape: Polyhedra
		q_c:	112.0	178.5	249.0
		ub :	116.4791	183.081	254.0324
		lb :	107.5209	173.919	243.9676
		A:
			-0.2736	0.8655	0.4195
			0.5462	-0.3102	-0.7781
			0.5129	0.7385	0.4376
			-0.0011	-0.9594	0.2822
			0.7359	0.0238	0.6766
			0.5138	0.6501	-0.5599
			0.1049	0.745	0.6588
			-0.2722	0.6586	-0.7015
			-0.9565	-0.1058	0.2719
			-0.1049	-0.745	-0.6588
			0.2722	-0.6586	0.7015
			0.9565	0.1058	-0.2719
		b:
			231.3504
			-184.6888
			301.3384
			-98.0862
			258.3085
			37.4346
			311.763
			-84.5978
			-54.8034
			-305.763
			90.5978
			61.8034
	==================================================================================
	Q5:
		Shape: Polyhedra
		q_c:	120.5	172.0	251.0
		ub :	125.8605	178.3619	257.2293
		lb :	115.1395	165.6381	244.7707
		A:
			0.5009	-0.7501	0.4318
			0.9426	0.2479	-0.2236
			-0.7571	0.6351	0.1529
			0.8888	0.125	-0.441
			-0.9945	-0.0406	-0.0966
			-0.6137	0.6503	0.4478
			0.4181	0.893	0.1666
			0.9067	-0.4215	-0.0164
			0.0556	0.1579	-0.9859
			-0.4181	-0.893	-0.1666
			-0.9067	0.4215	0.0164
			-0.0556	-0.1579	0.9859
		b:
			44.0009
			104.1944
			59.9907
			22.1806
			-147.3298
			154.3011
			250.2846
			36.1541
			-208.1092
			-241.2846
			-29.1541
			219.1092
	==================================================================================
	Q6:
		Shape: Hybrid
		q_c:	117.5	169.5	265.0
		ub :	121.1449	173.1449	268.8762
		lb :	113.8551	165.8551	261.1238
		P^-1:
			1.7913	-1.5718	-1.1002
			-1.5718	1.5304	1.0736
			-1.1002	1.0736	0.9008
		A:
			-0.6912	0.6153	0.379
			0.6049	-0.5907	-0.5339
			0.9839	-0.1631	-0.0726
			-0.0665	-0.0466	0.9967
			0.148	-0.989	0.0077
			0.8118	-0.4878	-0.3209
		b:
			123.7848
			-170.2155
			70.4356
			250.8521
			-145.5688
			-71.735


===========================================================================================
===========================================================================================
S2:
	q_c:	256.5	195.0	70.5
	ub :	281.5799	221.3443	93.2531
	lb :	245.8049	173.6951	46.2931

	==================================================================================
	Q1:
		Shape: Hybrid
		q_c:	262.5	207.0	60.0
		ub :	269.0017	217.7455	70.0834
		lb :	255.9983	196.2545	49.9166
		P^-1:
			0.0582	0.0124	0.0042
			0.0124	0.0222	0.0001
			0.0042	0.0001	0.0202
		A:
			-0.4575	-0.8728	-0.1699
			-0.5171	-0.3335	0.7883
			-0.9538	-0.0173	-0.2999
			0.3034	0.9049	-0.2985
			-0.2018	-0.3696	0.907
			0.3484	0.9327	-0.093
		b:
			-306.998
			-153.0979
			-269.496
			253.5033
			-70.1362
			283.2721
	==================================================================================
	Q2:
		Shape: Polyhedra
		q_c:	269.0	202.0	57.5
		ub :	281.3715	213.9529	68.7069
		lb :	256.6285	190.0471	46.2931
		A:
			0.3775	-0.1659	-0.911
			0.063	-0.8987	0.434
			-0.9965	0.0319	-0.0779
			-0.3009	0.7207	-0.6246
			-0.2831	0.0541	0.9576
			0.6244	-0.7637	0.1639
			0.6087	0.2596	0.7497
			-0.6307	0.7316	0.2588
			-0.4813	-0.6304	0.6091
			-0.6087	-0.2596	-0.7497
			0.6307	-0.7316	-0.2588
			0.4813	0.6304	-0.6091
		b:
			22.9081
			-132.2825
			-258.8617
			35.9351
			-3.0771
			30.916
			265.8005
			0.9905
			-214.7778
			-252.8005
			15.0095
			228.7778
	==================================================================================
	Q3:
		Shape: Ellipse
		q_c:	252.0	198.5	76.0
		ub :	257.5762	204.246	80.9105
		lb :	246.4238	192.754	71.0895
		P^-1:
			0.0749	0.0127	-0.0031
			0.0127	0.0557	-0.0015
			-0.0031	-0.0015	0.0498
	==================================================================================
	Q4:
		Shape: Ellipse
		q_c:	272.0	211.0	67.0
		ub :	281.5799	221.3443	76.6595
		lb :	262.4201	200.6557	57.3405
		P^-1:
			0.0318	-0.0137	-0.0112
			-0.0137	0.0337	-0.004
			-0.0112	-0.004	0.0377
	==================================================================================
	Q5:
		Shape: Hybrid
		q_c:	256.0	191.5	82.5
		ub :	266.1951	201.5043	93.2531
		lb :	245.8049	181.4957	71.7469
		P^-1:
			0.0206	0.0033	0.0047
			0.0033	0.0384	0.0154
			0.0047	0.0154	0.0247
		A:
			-0.3741	0.8928	-0.2508
			-0.0147	-0.5771	-0.8166
			-0.4726	-0.8813	0.0054
			0.1446	-0.501	-0.8533
			-0.7627	0.3723	0.5289
			-0.671	-0.5944	-0.4431
		b:
			59.1105
			-178.588
			-285.3744
			-125.7201
			-75.5265
			-319.0716
	==================================================================================
	Q6:
		Shape: Ellipse
		q_c:	257.0	184.0	57.5
		ub :	263.7974	194.3049	66.0573
		lb :	250.2026	173.6951	48.9427
		P^-1:
			0.0461	-0.0033	-0.0142
			-0.0033	0.0143	0.0084
			-0.0142	0.0084	0.0475


===========================================================================================
===========================================================================================
S3:
	q_c:	287.5	25.0	291.0
	ub :	301.772	41.2921	303.419
	lb :	278.672	8.8836	277.1793

	==================================================================================
	Q1:
		Shape: Hybrid
		q_c:	288.0	17.0	295.5
		ub :	296.5353	25.1164	303.419
		lb :	279.4647	8.8836	287.581
		P^-1:
			0.043	0.0094	0.0011
			0.0094	0.0298	0.0056
			0.0011	0.0056	0.0402
		A:
			-0.0411	-0.6469	-0.7615
			-0.4827	-0.8743	0.0515
			0.473	-0.1491	0.8683
			0.4512	0.8469	-0.2813
			-0.413	0.8815	0.2288
			0.21	0.9052	-0.3694
		b:
			-245.0938
			-135.615
			393.381
			64.423
			-32.4599
			-29.624
	==================================================================================
	Q2:
		Shape: Polyhedra
		q_c:	298.5	28.5	294.5
		ub :	301.772	35.2303	300.7424
		lb :	295.228	21.7697	288.2576
		A:
			-0.2016	-0.6493	0.7333
			0.0093	0.0886	-0.996
			-0.856	0.3743	0.3567
			-0.9305	-0.0434	-0.3636
			-0.2323	-0.8848	-0.404
			-0.7389	0.2469	-0.6269
			0.9986	0.0118	0.0524
			-0.0066	-0.9414	0.3374
			0.0533	-0.3372	-0.9399
			-0.9986	-0.0118	-0.0524
			0.0066	0.9414	-0.3374
			-0.0533	0.3372	0.9399
		b:
			142.5071
			-283.3526
			-136.1876
			-382.8981
			-208.6161
			-394.2137
			316.844
			76.0541
			-265.9973
			-310.844
			-65.0541
			274.9973
	==================================================================================
	Q3:
		Shape: Hybrid
		q_c:	288.0	33.0	293.0
		ub :	294.7597	41.2921	301.1479
		lb :	281.2403	24.7079	284.8521
		P^-1:
			0.0424	0.0039	0.0013
			0.0039	0.0438	0.0071
			0.0013	0.0071	0.0309
		A:
			-0.3772	-0.4945	-0.783
			0.8857	0.4108	-0.2162
			0.1024	0.9921	0.0726
			-0.6684	-0.6329	0.3906
			-0.7737	-0.6308	-0.0589
			0.6696	0.5266	-0.5238
		b:
			-351.6795
			207.9413
			86.0013
			-96.0406
			-258.5388
			59.8288
	==================================================================================
	Q4:
		Shape: Ellipse
		q_c:	290.0	17.0	292.5
		ub :	294.695	22.0676	296.6706
		lb :	285.305	11.9324	288.3294
		P^-1:
			0.1245	0.0349	0.0159
			0.0349	0.1111	0.0073
			0.0159	0.0073	0.1171
	==================================================================================
	Q5:
		Shape: Polyhedra
		q_c:	292.0	28.0	292.0
		ub :	301.1028	37.9442	302.5501
		lb :	282.8972	18.0558	281.4499
		A:
			-0.7706	0.2166	0.5994
			-0.7639	-0.5443	0.3466
			-0.7561	0.6056	0.2482
			0.8602	0.4567	-0.2268
			0.9138	-0.1484	-0.378
			-0.098	-0.924	0.3696
			0.1054	0.8536	0.5101
			-0.7503	0.4049	-0.5225
			-0.6526	-0.3277	0.6832
			-0.1054	-0.8536	-0.5101
			0.7503	-0.4049	0.5225
			0.6526	0.3277	-0.6832
		b:
			-37.8178
			-131.033
			-125.2046
			203.8063
			158.3346
			59.6124
			210.1451
			-354.334
			5.7627
			-197.1451
			366.334
			6.2373
	==================================================================================
	Q6:
		Shape: Hybrid
		q_c:	284.5	33.0	282.0
		ub :	290.328	38.9995	286.8207
		lb :	278.672	27.0005	277.1793
		P^-1:
			0.0638	0.0025	-0.0073
			0.0025	0.0676	-0.0147
			-0.0073	-0.0147	0.1048
		A:
			-0.7548	-0.1937	0.6267
			-0.4103	0.0194	-0.9118
			-0.6596	-0.7073	0.2542
			-0.1912	-0.5939	-0.7815
			0.0305	0.305	0.9519
			0.0057	0.3122	0.95
		b:
			-42.4342
			-371.2902
			-137.105
			-292.0983
			289.0986
			281.7441


===========================================================================================
===========================================================================================
S4:
	q_c:	20.5	222.5	371.5
	ub :	28.7957	230.139	379.7307
	lb :	14.5733	216.8617	366.8956

	==================================================================================
	Q1:
		Shape: Polyhedra
		q_c:	19.0	226.5	376.5
		ub :	22.465	230.139	379.7307
		lb :	15.535	222.861	373.2693
		A:
			0.5281	0.0221	-0.8489
			0.0072	-0.1012	0.9948
			0.0226	0.4544	-0.8905
			-0.3396	0.8769	-0.3403
			0.1956	0.5363	-0.821
			0.8485	0.1206	-0.5153
			0.7625	0.5232	0.3807
			-0.15	-0.4294	0.8906
			0.6294	-0.7361	-0.2489
			-0.7625	-0.5232	-0.3807
			0.15	0.4294	-0.8906
			-0.6294	0.7361	0.2489
		b:
			-302.5535
			353.8459
			-229.9165
			66.029
			-181.9112
			-148.42
			278.8186
			237.1969
			-246.4873
			-273.8186
			-233.1969
			250.4873
	==================================================================================
	Q2:
		Shape: Hybrid
		q_c:	21.0	226.5	371.5
		ub :	23.754	229.4548	374.6407
		lb :	18.246	223.5452	368.3593
		P^-1:
			0.3716	0.0679	0.0651
			0.0679	0.2879	0.0364
			0.0651	0.0364	0.2849
		A:
			-0.2813	-0.2188	0.9344
			0.004	0.0656	0.9978
			-0.4483	-0.5625	0.6947
			-0.4305	-0.2886	-0.8552
			-0.864	0.4983	-0.0727
			-0.4401	-0.0462	-0.8968
		b:
			292.9013
			386.7884
			122.4838
			-391.1863
			68.8493
			-351.8621
	==================================================================================
	Q3:
		Shape: Hybrid
		q_c:	25.5	224.5	374.0
		ub :	28.7957	227.7585	376.3415
		lb :	22.2043	221.2415	371.6585
		P^-1:
			0.3526	0.1053	-0.3121
			0.1053	0.2426	-0.1095
			-0.3121	-0.1095	0.8148
		A:
			0.2961	-0.5762	0.7618
			-0.0678	-0.0898	0.9936
			-0.1652	0.0996	0.9812
			0.3059	0.2806	-0.9098
			0.1328	-0.4966	-0.8578
			-0.2505	-0.7095	0.6587
		b:
			164.6339
			350.5152
			385.8451
			-268.9051
			-427.8101
			81.7173
	==================================================================================
	Q4:
		Shape: Ellipse
		q_c:	21.0	219.5	371.0
		ub :	24.3103	222.1383	373.6467
		lb :	17.6897	216.8617	368.3533
		P^-1:
			0.2479	-0.1275	-0.0004
			-0.1275	0.3566	-0.032
			-0.0004	-0.032	0.2499
	==================================================================================
	Q5:
		Shape: Hybrid
		q_c:	22.0	220.0	369.5
		ub :	24.3366	222.5673	371.9503
		lb :	19.6634	217.4327	367.0497
		P^-1:
			0.4417	-0.0061	0.0222
			-0.0061	0.4311	0.0487
			0.0222	0.0487	0.2661
		A:
			-0.9603	-0.1182	-0.2529
			0.0554	0.5464	0.8357
			0.3525	-0.8867	0.2991
			-0.3242	0.896	0.3035
			-0.9339	0.3273	0.1441
			0.9309	0.2946	0.216
		b:
			-139.8087
			431.1947
			-75.9179
			302.8882
			105.4667
			165.8622
	==================================================================================
	Q6:
		Shape: Polyhedra
		q_c:	18.0	222.0	370.0
		ub :	21.4267	224.978	373.1044
		lb :	14.5733	219.022	366.8956
		A:
			-0.4136	0.8312	-0.3716
			-0.8495	0.4719	0.2359
			0.6156	-0.4511	0.6462
			0.214	-0.9013	-0.3767
			0.375	0.5375	0.7552
			0.1436	-0.7993	0.5836
			0.7425	0.6551	0.1399
			0.6186	-0.7507	0.232
			0.257	-0.0857	-0.9626
			-0.7425	-0.6551	-0.1399
			-0.6186	0.7507	-0.232
			-0.257	0.0857	0.9626
		b:
			41.1589
			178.6393
			151.8432
			-333.5759
			408.0245
			42.9533
			213.0683
			-68.176
			-368.0594
			-208.0683
			71.176
			373.0594


===========================================================================================
===========================================================================================
S5:
	q_c:	106.5	374.5	348.0
	ub :	115.0265	382.5456	356.7732
	lb :	100.1813	367.4139	341.4659

	==================================================================================
	Q1:
		Shape: Hybrid
		q_c:	110.0	374.0	351.5
		ub :	112.2964	378.0234	355.3039
		lb :	107.7036	369.9766	347.6961
		P^-1:
			0.4431	0.0173	-0.0134
			0.0173	0.2184	0.175
			-0.0134	0.175	0.309
		A:
			-0.233	-0.8537	-0.4658
			-0.8922	-0.4389	-0.1061
			0.9535	-0.3012	0.0069
			0.8136	0.2796	0.5097
			-0.882	-0.0266	0.4705
			0.7899	0.4385	0.4287
		b:
			-507.4645
			-298.7034
			-4.3042
			374.063
			59.3853
			402.3401
	==================================================================================
	Q2:
		Shape: Polyhedra
		q_c:	106.0	380.0	346.0
		ub :	109.4522	382.3227	348.5804
		lb :	102.5478	377.6773	343.4196
		A:
			0.6935	0.0573	0.7182
			-0.4081	-0.7389	0.5361
			0.0434	0.8789	0.475
			-0.034	0.7826	0.6216
			-0.387	-0.3207	-0.8645
			-0.7285	-0.6564	0.1961
			0.203	0.9162	0.3456
			-0.1698	0.3806	-0.909
			-0.9643	0.1259	0.2328
			-0.203	-0.9162	-0.3456
			0.1698	-0.3806	0.909
			0.9643	-0.1259	-0.2328
		b:
			345.7606
			-136.6912
			504.5133
			510.5188
			-460.4787
			-256.52
			490.7403
			-186.4138
			29.1597
			-487.7403
			189.4138
			-23.1597
	==================================================================================
	Q3:
		Shape: Polyhedra
		q_c:	108.0	372.0	352.5
		ub :	112.8214	376.5861	356.7732
		lb :	103.1786	367.4139	348.2268
		A:
			0.1946	-0.1771	-0.9648
			0.616	-0.2492	0.7473
			-0.5214	-0.1645	0.8373
			-0.2149	0.5909	-0.7776
			-0.9009	-0.0669	-0.4289
			0.1109	0.8005	0.589
			0.6117	0.5534	0.5654
			0.6076	0.129	-0.7837
			-0.5066	0.8229	-0.2573
			-0.6117	-0.5534	-0.5654
			-0.6076	-0.129	0.7837
			0.5066	-0.8229	0.2573
		b:
			-382.4281
			240.2826
			180.1253
			-74.3229
			-270.5661
			520.1163
			473.712
			-160.1197
			164.1809
			-468.712
			165.1197
			-157.1809
	==================================================================================
	Q4:
		Shape: Ellipse
		q_c:	107.5	379.0	350.0
		ub :	111.7984	382.5456	353.9188
		lb :	103.2016	375.4544	346.0812
		P^-1:
			0.166	-0.0446	-0.0212
			-0.0446	0.2263	-0.01
			-0.0212	-0.01	0.1287
	==================================================================================
	Q5:
		Shape: Hybrid
		q_c:	111.5	377.0	344.5
		ub :	115.0265	378.9931	347.5341
		lb :	107.9735	375.0069	341.4659
		P^-1:
			0.1175	-0.0403	-0.0096
			-0.0403	0.4389	0.0118
			-0.0096	0.0118	0.1592
		A:
			-0.3998	0.8809	-0.2535
			0.2381	0.8572	-0.4567
			0.0945	0.0781	-0.9925
			0.5142	0.6773	0.5263
			-0.4174	0.9027	-0.1041
			0.2945	0.9121	-0.2853
		b:
			201.211
			193.6102
			-300.1587
			495.6324
			258.9116
			279.5801
	==================================================================================
	Q6:
		Shape: Polyhedra
		q_c:	103.5	377.0	351.5
		ub :	106.8187	380.4811	354.6025
		lb :	100.1813	373.5189	348.3975
		A:
			0.2272	0.0439	-0.9729
			0.6567	-0.6827	0.3203
			-0.3837	0.0334	0.9229
			0.7989	-0.3689	0.475
			-0.2013	0.0692	0.9771
			-0.0865	0.9673	-0.2386
			0.6944	0.5996	0.3978
			-0.1131	0.6369	-0.7626
			-0.7107	0.4846	0.5101
			-0.6944	-0.5996	-0.3978
			0.1131	-0.6369	0.7626
			0.7107	-0.4846	-0.5101
		b:
			-300.299
			-75.2419
			298.8057
			112.6146
			350.3786
			273.7128
			440.7688
			-38.137
			289.911
			-434.7688
			41.137
			-286.911


===========================================================================================
===========================================================================================
S6:
	q_c:	406.5	364.5	483.5
	ub :	421.768	380.4046	496.0196
	lb :	390.1894	357.7927	464.7853

	==================================================================================
	Q1:
		Shape: Hybrid
		q_c:	413.5	369.0	486.5
		ub :	421.367	375.7463	493.6704
		lb :	405.633	362.2537	479.3296
		P^-1:
			0.0525	-0.0171	0.0272
			-0.0171	0.0597	-0.0272
			0.0272	-0.0272	0.072
		A:
			0.5289	0.1939	0.8263
			-0.2229	-0.188	-0.9565
			-0.5848	-0.2991	-0.754
			-0.7254	-0.4095	-0.5533
			-0.1581	-0.7549	0.6365
			-0.5461	0.198	0.814
		b:
			694.7886
			-624.06
			-716.2308
			-717.1763
			-31.7509
			247.1787
	==================================================================================
	Q2:
		Shape: Hybrid
		q_c:	406.0	367.5	481.0
		ub :	412.9869	373.3154	487.1538
		lb :	399.0131	361.6846	474.8462
		P^-1:
			0.0574	0.0159	-0.013
			0.0159	0.0712	0.0085
			-0.013	0.0085	0.0747
		A:
			0.4603	-0.6893	-0.5594
			0.9758	-0.1224	-0.1814
			0.5817	0.8108	-0.0655
			0.6442	0.401	0.6513
			-0.3057	0.3579	0.8823
			-0.4096	-0.8806	-0.2383
		b:
			-333.3753
			266.5562
			504.3545
			724.4629
			433.5591
			-602.7784
	==================================================================================
	Q3:
		Shape: Hybrid
		q_c:	406.0	362.5	485.5
		ub :	411.6376	367.2073	491.1091
		lb :	400.3624	357.7927	479.8909
		P^-1:
			0.2514	0.1008	-0.2603
			0.1008	0.5208	-0.4008
			-0.2603	-0.4008	0.5014
		A:
			-0.0271	-0.9018	0.4314
			0.6394	0.4932	-0.5899
			0.7906	0.1678	-0.5889
			-0.8386	0.0913	0.5371
			-0.4509	0.7384	0.5014
			0.2972	-0.8247	0.4813
		b:
			-127.511
			153.1379
			97.0945
			-45.3237
			330.7098
			56.6167
	==================================================================================
	Q4:
		Shape: Hybrid
		q_c:	410.5	373.5	486.5
		ub :	418.1508	380.4046	493.3377
		lb :	402.8492	366.5954	479.6623
		P^-1:
			0.0557	0.0203	-0.0213
			0.0203	0.0664	-0.0277
			-0.0213	-0.0277	0.0691
		A:
			0.6277	-0.443	-0.6402
			0.0525	0.8728	-0.4853
			-0.576	0.6189	-0.534
			0.4023	0.1439	-0.9041
			0.7324	-0.0397	-0.6797
			0.4053	-0.0719	-0.9113
		b:
			-216.0598
			113.5396
			-261.922
			-218.821
			-42.3389
			-301.2762
	==================================================================================
	Q5:
		Shape: Hybrid
		q_c:	415.5	373.5	490.0
		ub :	421.768	378.0075	496.0196
		lb :	409.232	368.9925	483.9804
		P^-1:
			0.0873	-0.0289	0.0379
			-0.0289	0.1459	0.0024
			0.0379	0.0024	0.0779
		A:
			-0.9129	0.2634	-0.3118
			0.2763	-0.7639	0.5832
			-0.0492	0.9913	0.1221
			0.2805	-0.9279	0.2457
			0.8549	0.4824	-0.191
			-0.0377	0.9926	0.1152
		b:
			-431.8579
			116.9501
			411.0464
			-108.3045
			444.9406
			412.955
	==================================================================================
	Q6:
		Shape: Ellipse
		q_c:	397.5	367.5	472.0
		ub :	404.8106	373.1493	479.2147
		lb :	390.1894	361.8507	464.7853
		P^-1:
			0.0571	0.019	0.0203
			0.019	0.0791	0.0243
			0.0203	0.0243	0.0642


===========================================================================================
===========================================================================================
S7:
	q_c:	421.0	486.5	97.5
	ub :	449.2751	519.415	119.955
	lb :	397.859	457.2878	70.5781

	==================================================================================
	Q1:
		Shape: Ellipse
		q_c:	432.5	506.5	83.0
		ub :	445.5317	519.415	95.4219
		lb :	419.4683	493.585	70.5781
		P^-1:
			0.0179	0.0012	0.0058
			0.0012	0.0094	0.0
			0.0058	0.0	0.0178
	==================================================================================
	Q2:
		Shape: Ellipse
		q_c:	417.0	494.0	101.0
		ub :	436.141	510.1754	119.7474
		lb :	397.859	477.8246	82.2526
		P^-1:
			0.0087	0.0007	0.0016
			0.0007	0.0095	-0.0003
			0.0016	-0.0003	0.0064
	==================================================================================
	Q3:
		Shape: Polyhedra
		q_c:	420.0	498.0	84.5
		ub :	431.5987	506.4531	98.0556
		lb :	408.4013	489.5469	70.9444
		A:
			-0.5665	-0.819	-0.091
			-0.4787	0.0367	-0.8772
			-0.9594	-0.2799	-0.0333
			-0.6416	-0.6959	-0.3227
			-0.7955	-0.5212	-0.309
			-0.5238	-0.259	-0.8115
			0.6726	0.6619	0.331
			-0.4132	0.7069	-0.574
			-0.6139	0.2493	0.749
			-0.6726	-0.6619	-0.331
			0.4132	-0.7069	0.574
			0.6139	-0.2493	-0.749
		b:
			-650.8086
			-250.6922
			-538.428
			-641.2471
			-617.1164
			-411.9816
			642.0687
			135.5042
			-57.3929
			-638.0687
			-124.5042
			83.3929
	==================================================================================
	Q4:
		Shape: Polyhedra
		q_c:	418.0	470.5	88.0
		ub :	429.5303	483.7122	101.3692
		lb :	406.4697	457.2878	74.6308
		A:
			0.0432	0.2319	0.9718
			-0.2205	0.0548	0.9738
			-0.9429	-0.049	-0.3293
			0.5411	0.1741	-0.8227
			0.5305	-0.5747	0.6232
			0.5121	0.5515	-0.6585
			0.6574	0.4526	0.6024
			0.0688	0.7601	-0.6461
			-0.7504	0.4662	0.4686
			-0.6574	-0.4526	-0.6024
			-0.0688	-0.7601	0.6461
			0.7504	-0.4662	-0.4686
		b:
			220.3233
			27.3411
			-438.7243
			243.9793
			14.0595
			423.6708
			547.7803
			337.5134
			-44.5637
			-533.7803
			-321.5134
			61.5637
	==================================================================================
	Q5:
		Shape: Polyhedra
		q_c:	419.0	476.5	110.5
		ub :	431.7644	491.6331	119.955
		lb :	406.2356	461.3669	101.045
		A:
			0.9384	0.2409	0.2476
			0.1911	-0.3356	0.9224
			-0.7534	-0.4975	0.43
			-0.1978	0.9801	0.0157
			-0.7228	0.5721	-0.3877
			-0.3772	-0.2487	-0.8921
			0.8056	0.3433	0.4829
			-0.4727	0.8638	0.1744
			-0.3572	-0.3687	0.8582
			-0.8056	-0.3433	-0.4829
			0.4727	-0.8638	-0.1744
			0.3572	0.3687	-0.8582
		b:
			541.7059
			27.9476
			-499.8898
			398.2651
			-62.4463
			-369.0112
			560.4926
			245.8279
			-225.5485
			-548.4926
			-219.8279
			235.5485
	==================================================================================
	Q6:
		Shape: Ellipse
		q_c:	438.5	473.0	85.5
		ub :	449.2751	479.3287	96.459
		lb :	427.7249	466.6713	74.541
		P^-1:
			0.0202	0.0108	-0.0029
			0.0108	0.0588	-0.0061
			-0.0029	-0.0061	0.0152


===========================================================================================
===========================================================================================
S8:
	q_c:	208.5	120.0	73.5
	ub :	240.4317	152.7259	104.5818
	lb :	185.5423	95.2357	43.4896

	==================================================================================
	Q1:
		Shape: Polyhedra
		q_c:	225.0	121.0	68.0
		ub :	236.9791	137.6228	83.0201
		lb :	213.0209	104.3772	52.9799
		A:
			-0.7252	0.232	0.6483
			-0.8101	0.5099	-0.2894
			0.7122	0.3853	-0.5868
			-0.8284	-0.4404	0.3461
			-0.861	-0.1511	0.4857
			-0.5389	0.8406	-0.0537
			0.4087	0.8025	0.4347
			-0.109	0.5158	-0.8498
			-0.9062	0.2999	0.2982
			-0.4087	-0.8025	-0.4347
			0.109	-0.5158	0.8498
			0.9062	-0.2999	-0.2982
		b:
			-83.8989
			-132.7411
			175.3786
			-207.0415
			-171.4886
			-14.547
			231.1116
			-10.896
			-140.8197
			-206.1116
			28.896
			153.8197
	==================================================================================
	Q2:
		Shape: Hybrid
		q_c:	211.5	139.0	55.5
		ub :	223.7867	152.7259	67.5104
		lb :	199.2133	125.2741	43.4896
		P^-1:
			0.117	-0.0413	-0.1113
			-0.0413	0.0315	0.0489
			-0.1113	0.0489	0.123
		A:
			0.7338	-0.0669	-0.676
			-0.4421	0.54	0.7162
			-0.7576	0.2721	0.5934
			-0.7242	-0.5074	0.467
			-0.0695	0.9725	0.2225
			-0.7863	-0.0745	0.6133
		b:
			110.1006
			23.6025
			-87.9564
			-192.2324
			139.934
			-140.0281
	==================================================================================
	Q3:
		Shape: Polyhedra
		q_c:	224.5	111.5	90.5
		ub :	240.4317	123.5138	104.5818
		lb :	208.5683	99.4862	76.4182
		A:
			0.0444	0.9286	-0.3685
			-0.4032	0.536	0.7417
			-0.1643	0.9809	0.1038
			-0.3516	0.5598	0.7503
			-0.1274	-0.5147	-0.8478
			-0.3216	-0.3736	-0.87
			0.3191	0.9254	0.2046
			0.5569	-0.0084	-0.8306
			-0.7668	0.379	-0.518
			-0.3191	-0.9254	-0.2046
			-0.5569	0.0084	0.8306
			0.7668	-0.379	0.518
		b:
			89.3238
			44.1151
			90.8105
			59.1049
			-154.3522
			-183.3124
			201.3369
			56.4138
			-164.7796
			-185.3369
			-41.4138
			188.7796
	==================================================================================
	Q4:
		Shape: Ellipse
		q_c:	202.0	108.5	84.5
		ub :	217.3039	121.7643	97.2685
		lb :	186.6961	95.2357	71.7315
		P^-1:
			0.0059	0.0013	-0.0009
			0.0013	0.0173	0.0058
			-0.0009	0.0058	0.0184
	==================================================================================
	Q5:
		Shape: Polyhedra
		q_c:	216.5	129.5	56.0
		ub :	229.2411	141.677	67.6757
		lb :	203.7589	117.323	44.3243
		A:
			-0.7408	-0.0289	0.6711
			-0.3656	0.7418	-0.5622
			-0.3612	0.4765	-0.8016
			0.2402	0.6568	-0.7148
			0.0738	-0.6024	0.7948
			0.1601	0.9845	-0.0717
			0.7314	0.441	0.5203
			-0.1104	-0.6762	0.7284
			0.673	-0.5901	-0.4459
			-0.7314	-0.441	-0.5203
			0.1104	0.6762	-0.7284
			-0.673	0.5901	0.4459
		b:
			-118.498
			-8.6025
			-55.7398
			101.6348
			-12.817
			164.8776
			252.5778
			-66.1872
			53.812
			-236.5778
			75.1872
			-34.812
	==================================================================================
	Q6:
		Shape: Polyhedra
		q_c:	199.0	115.5	84.5
		ub :	212.4577	125.3022	94.355
		lb :	185.5423	105.6978	74.645
		A:
			0.0946	-0.8053	-0.5852
			0.7478	-0.2643	0.609
			0.7853	-0.3149	0.5331
			-0.0477	0.8042	0.5924
			0.8356	0.477	0.2723
			-0.5607	-0.6705	-0.4859
			0.3535	0.3323	0.8744
			-0.909	-0.0987	0.405
			0.2209	-0.938	0.2672
			-0.3535	-0.3323	-0.8744
			0.909	0.0987	-0.405
			-0.2209	0.938	-0.2672
		b:
			-117.3722
			176.7757
			172.5368
			139.4824
			252.9029
			-224.0082
			186.1121
			-146.5723
			-33.803
			-179.1121
			169.5723
			49.803


===========================================================================================
===========================================================================================
