3D_35_7_6_f                l = 3

===========================================================================================
===========================================================================================
S1:
	q_c:	166.0	277.0	193.5
	ub :	188.2777	293.3811	208.6566
	lb :	150.0738	258.1435	180.9596

	==================================================================================
	Q1:
		Shape: Ellipse
		q_c:	170.5	282.5	194.5
		ub :	178.0147	290.3191	201.7398
		lb :	162.9853	274.6809	187.2602
		P^-1:
			0.0525	0.0028	0.0197
			0.0028	0.0367	0.0092
			0.0197	0.0092	0.0656
	==================================================================================
	Q2:
		Shape: Hybrid
		q_c:	178.0	286.0	201.5
		ub :	184.0726	293.3811	208.6566
		lb :	171.9274	278.6189	194.3434
		P^-1:
			0.5091	-0.1891	-0.4517
			-0.1891	0.1076	0.1657
			-0.4517	0.1657	0.4436
		A:
			-0.6821	0.4481	0.5779
			0.6239	-0.3347	-0.7063
			0.6681	-0.3438	-0.6599
			0.7504	-0.5088	-0.422
			-0.7393	0.4596	0.4921
			-0.5966	0.3602	0.7171
		b:
			124.0714
			-126.2026
			-111.76
			-95.5399
			100.0906
			142.2746
	==================================================================================
	Q3:
		Shape: Ellipse
		q_c:	179.5	282.0	189.5
		ub :	188.2777	292.6683	198.0404
		lb :	170.7223	271.3317	180.9596
		P^-1:
			0.0271	-0.0007	-0.0062
			-0.0007	0.0305	-0.022
			-0.0062	-0.022	0.0465
	==================================================================================
	Q4:
		Shape: Polyhedra
		q_c:	173.0	267.0	199.0
		ub :	181.2116	275.8565	208.4915
		lb :	164.7884	258.1435	189.5085
		A:
			-0.8815	-0.3625	0.3027
			-0.272	-0.6792	0.6817
			0.3921	-0.7904	0.4707
			0.7563	-0.3705	0.5392
			-0.5781	0.7215	-0.3812
			0.7553	0.189	-0.6276
			0.3984	0.6967	0.5965
			-0.2699	0.7106	-0.6497
			-0.8766	0.0978	0.4712
			-0.3984	-0.6967	-0.5965
			0.2699	-0.7106	0.6497
			0.8766	-0.0978	-0.4712
		b:
			-183.7598
			-88.459
			-45.4174
			144.0424
			20.8632
			60.7133
			381.6589
			17.7454
			-27.2663
			-365.6589
			-9.7454
			36.2663
	==================================================================================
	Q5:
		Shape: Ellipse
		q_c:	160.0	270.0	189.5
		ub :	169.9262	280.5643	197.6012
		lb :	150.0738	259.4357	181.3988
		P^-1:
			0.0271	-0.0116	-0.0035
			-0.0116	0.0276	0.0015
			-0.0035	0.0015	0.0287
	==================================================================================
	Q6:
		Shape: Polyhedra
		q_c:	155.0	278.5	189.0
		ub :	159.5231	285.7264	195.9301
		lb :	150.4769	271.2736	182.0699
		A:
			0.6882	0.1009	0.7185
			0.1389	0.1135	-0.9838
			-0.5945	-0.7961	0.1126
			-0.649	0.7235	-0.2352
			0.4756	-0.799	0.368
			-0.351	-0.2219	0.9097
			0.1659	0.69	0.7045
			0.9832	-0.1708	-0.0642
			0.076	0.7033	-0.7068
			-0.1659	-0.69	-0.7045
			-0.9832	0.1708	0.0642
			-0.076	-0.7033	0.7068
		b:
			274.642
			-127.8273
			-287.911
			60.8407
			-74.405
			60.7522
			355.0412
			96.1781
			79.5887
			-347.0412
			-89.1781
			-68.5887


===========================================================================================
===========================================================================================
S2:
	q_c:	177.0	383.0	190.5
	ub :	184.7661	389.5195	195.5409
	lb :	172.6491	377.6231	186.9449

	==================================================================================
	Q1:
		Shape: Ellipse
		q_c:	180.0	383.5	191.0
		ub :	182.1082	386.0031	193.8645
		lb :	177.8918	380.9969	188.1355
		P^-1:
			0.6824	0.233	0.1603
			0.233	0.6612	0.2147
			0.1603	0.2147	0.2608
	==================================================================================
	Q2:
		Shape: Ellipse
		q_c:	178.5	386.5	189.5
		ub :	181.5087	389.5195	192.0551
		lb :	175.4913	383.4805	186.9449
		P^-1:
			0.1667	-0.0293	0.006
			-0.0293	0.3089	-0.0925
			0.006	-0.0925	0.3788
	==================================================================================
	Q3:
		Shape: Hybrid
		q_c:	181.5	380.5	190.0
		ub :	184.7661	383.3769	192.4636
		lb :	178.2339	377.6231	187.5364
		P^-1:
			0.2763	0.1298	-0.052
			0.1298	0.3443	0.0402
			-0.052	0.0402	0.4283
		A:
			-0.5361	0.7196	0.4413
			0.1127	-0.2708	0.956
			0.9097	0.3138	-0.2721
			0.3764	-0.5425	-0.751
			-0.0691	-0.4369	-0.8968
			-0.1313	0.0332	0.9908
		b:
			261.7241
			100.0969
			233.7828
			-279.7977
			-348.4479
			177.8017
	==================================================================================
	Q4:
		Shape: Hybrid
		q_c:	179.5	384.5	194.0
		ub :	181.0041	385.5697	195.5409
		lb :	177.9959	383.4303	192.4591
		P^-1:
			2.3886	-0.6212	1.6574
			-0.6212	3.7605	0.6389
			1.6574	0.6389	2.2954
		A:
			-0.7081	-0.4515	-0.5428
			0.0721	0.9959	0.0545
			-0.5907	0.2288	-0.7737
			0.537	-0.6953	-0.4777
			0.3481	-0.9263	-0.1442
			0.274	-0.6381	-0.7195
		b:
			-405.6951
			406.8152
			-167.8457
			-263.0104
			-321.3675
			-335.1184
	==================================================================================
	Q5:
		Shape: Ellipse
		q_c:	174.5	384.5	189.5
		ub :	176.3509	386.6178	191.4779
		lb :	172.6491	382.3822	187.5221
		P^-1:
			1.1302	0.7644	1.1834
			0.7644	1.0847	1.358
			1.1834	1.358	2.4795
	==================================================================================
	Q6:
		Shape: Hybrid
		q_c:	177.5	385.5	192.5
		ub :	179.8258	387.7211	194.9225
		lb :	175.1742	383.2789	190.0775
		P^-1:
			0.2559	-0.0099	0.0318
			-0.0099	0.4439	0.0017
			0.0318	0.0017	0.4391
		A:
			-0.5241	0.8237	-0.2165
			-0.4412	-0.8784	-0.1838
			0.0178	-0.9546	-0.2973
			0.2167	-0.47	0.8556
			-0.6934	-0.3373	-0.6367
			0.3874	0.8966	-0.2147
		b:
			183.6968
			-451.4471
			-421.3179
			22.7386
			-374.732
			373.9426


===========================================================================================
===========================================================================================
S3:
	q_c:	104.5	249.0	53.5
	ub :	119.5169	257.002	64.5883
	lb :	98.5485	237.4298	42.7675

	==================================================================================
	Q1:
		Shape: Hybrid
		q_c:	113.5	245.5	58.0
		ub :	119.5169	251.5089	64.5883
		lb :	107.4831	239.4911	51.4117
		P^-1:
			0.0494	0.0003	0.0003
			0.0003	0.0889	0.0296
			0.0003	0.0296	0.0716
		A:
			0.2306	-0.151	0.9613
			0.5298	0.6201	0.5785
			0.1382	0.5029	-0.8532
			-0.0369	0.6149	0.7877
			-0.0699	-0.9391	0.3364
			-0.8233	-0.0463	0.5657
		b:
			47.5756
			247.9241
			92.6473
			194.084
			-216.3721
			-69.1231
	==================================================================================
	Q2:
		Shape: Ellipse
		q_c:	112.0	242.5	50.0
		ub :	113.9616	247.5702	54.3453
		lb :	110.0384	237.4298	45.6547
		P^-1:
			3.5411	-0.5046	-1.1547
			-0.5046	0.1239	0.1744
			-1.1547	0.1744	0.4659
	==================================================================================
	Q3:
		Shape: Hybrid
		q_c:	108.0	252.5	48.0
		ub :	113.4239	257.002	53.2325
		lb :	102.5761	247.998	42.7675
		P^-1:
			0.1935	-0.1854	-0.0018
			-0.1854	0.3065	-0.0198
			-0.0018	-0.0198	0.0754
		A:
			0.3084	-0.8973	-0.316
			-0.8077	0.5823	-0.0923
			0.2988	-0.6576	0.6916
			0.2313	0.9366	-0.2631
			-0.167	0.6229	0.7643
			0.1096	0.8297	-0.5474
		b:
			-206.7827
			56.5987
			-98.6572
			251.3819
			178.5911
			197.2894
	==================================================================================
	Q4:
		Shape: Hybrid
		q_c:	109.0	248.5	55.0
		ub :	113.3138	254.2441	59.8496
		lb :	104.6862	242.7559	50.1504
		P^-1:
			0.0812	-0.0036	0.0011
			-0.0036	0.0526	0.0089
			0.0011	0.0089	0.0789
		A:
			-0.5538	-0.8048	-0.2136
			-0.1766	0.2285	-0.9574
			-0.542	0.5862	-0.6021
			0.5065	0.1623	0.8468
			0.4016	-0.4402	-0.8031
			0.1866	0.2664	-0.9456
		b:
			-269.7349
			-13.1222
			55.7148
			143.866
			-108.0123
			36.603
	==================================================================================
	Q5:
		Shape: Ellipse
		q_c:	102.5	243.0	49.5
		ub :	106.4515	246.5361	52.2435
		lb :	98.5485	239.4639	46.7565
		P^-1:
			0.1519	0.0618	-0.0136
			0.0618	0.2111	0.0085
			-0.0136	0.0085	0.2481
	==================================================================================
	Q6:
		Shape: Hybrid
		q_c:	111.5	249.0	49.0
		ub :	116.7606	254.8499	55.1029
		lb :	106.2394	243.1501	42.8971
		P^-1:
			0.0927	0.0136	0.007
			0.0136	0.0816	0.0179
			0.007	0.0179	0.081
		A:
			0.4833	0.6658	0.5684
			-0.8544	-0.4548	0.2514
			-0.862	0.4843	0.1495
			0.0389	-0.8393	-0.5423
			0.1235	0.0109	-0.9923
			-0.9003	0.085	-0.4268
		b:
			249.0471
			-194.3481
			33.872
			-229.4421
			-30.0023
			-98.2496


===========================================================================================
===========================================================================================
S4:
	q_c:	406.5	364.5	483.5
	ub :	421.768	380.4046	496.0196
	lb :	390.1894	357.7927	464.7853

	==================================================================================
	Q1:
		Shape: Hybrid
		q_c:	413.5	369.0	486.5
		ub :	421.367	375.7463	493.6704
		lb :	405.633	362.2537	479.3296
		P^-1:
			0.0525	-0.0171	0.0272
			-0.0171	0.0597	-0.0272
			0.0272	-0.0272	0.072
		A:
			0.5289	0.1939	0.8263
			-0.2229	-0.188	-0.9565
			-0.5848	-0.2991	-0.754
			-0.7254	-0.4095	-0.5533
			-0.1581	-0.7549	0.6365
			-0.5461	0.198	0.814
		b:
			694.7886
			-624.06
			-716.2308
			-717.1763
			-31.7509
			247.1787
	==================================================================================
	Q2:
		Shape: Hybrid
		q_c:	406.0	367.5	481.0
		ub :	412.9869	373.3154	487.1538
		lb :	399.0131	361.6846	474.8462
		P^-1:
			0.0574	0.0159	-0.013
			0.0159	0.0712	0.0085
			-0.013	0.0085	0.0747
		A:
			0.4603	-0.6893	-0.5594
			0.9758	-0.1224	-0.1814
			0.5817	0.8108	-0.0655
			0.6442	0.401	0.6513
			-0.3057	0.3579	0.8823
			-0.4096	-0.8806	-0.2383
		b:
			-333.3753
			266.5562
			504.3545
			724.4629
			433.5591
			-602.7784
	==================================================================================
	Q3:
		Shape: Hybrid
		q_c:	406.0	362.5	485.5
		ub :	411.6376	367.2073	491.1091
		lb :	400.3624	357.7927	479.8909
		P^-1:
			0.2514	0.1008	-0.2603
			0.1008	0.5208	-0.4008
			-0.2603	-0.4008	0.5014
		A:
			-0.0271	-0.9018	0.4314
			0.6394	0.4932	-0.5899
			0.7906	0.1678	-0.5889
			-0.8386	0.0913	0.5371
			-0.4509	0.7384	0.5014
			0.2972	-0.8247	0.4813
		b:
			-127.511
			153.1379
			97.0945
			-45.3237
			330.7098
			56.6167
	==================================================================================
	Q4:
		Shape: Hybrid
		q_c:	410.5	373.5	486.5
		ub :	418.1508	380.4046	493.3377
		lb :	402.8492	366.5954	479.6623
		P^-1:
			0.0557	0.0203	-0.0213
			0.0203	0.0664	-0.0277
			-0.0213	-0.0277	0.0691
		A:
			0.6277	-0.443	-0.6402
			0.0525	0.8728	-0.4853
			-0.576	0.6189	-0.534
			0.4023	0.1439	-0.9041
			0.7324	-0.0397	-0.6797
			0.4053	-0.0719	-0.9113
		b:
			-216.0598
			113.5396
			-261.922
			-218.821
			-42.3389
			-301.2762
	==================================================================================
	Q5:
		Shape: Hybrid
		q_c:	415.5	373.5	490.0
		ub :	421.768	378.0075	496.0196
		lb :	409.232	368.9925	483.9804
		P^-1:
			0.0873	-0.0289	0.0379
			-0.0289	0.1459	0.0024
			0.0379	0.0024	0.0779
		A:
			-0.9129	0.2634	-0.3118
			0.2763	-0.7639	0.5832
			-0.0492	0.9913	0.1221
			0.2805	-0.9279	0.2457
			0.8549	0.4824	-0.191
			-0.0377	0.9926	0.1152
		b:
			-431.8579
			116.9501
			411.0464
			-108.3045
			444.9406
			412.955
	==================================================================================
	Q6:
		Shape: Ellipse
		q_c:	397.5	367.5	472.0
		ub :	404.8106	373.1493	479.2147
		lb :	390.1894	361.8507	464.7853
		P^-1:
			0.0571	0.019	0.0203
			0.019	0.0791	0.0243
			0.0203	0.0243	0.0642


===========================================================================================
===========================================================================================
S5:
	q_c:	225.0	263.0	141.0
	ub :	242.8215	275.9356	160.9054
	lb :	204.7372	242.691	113.7826

	==================================================================================
	Q1:
		Shape: Ellipse
		q_c:	216.5	269.0	124.0
		ub :	225.7679	275.7537	134.2174
		lb :	207.2321	262.2463	113.7826
		P^-1:
			0.0237	0.0143	0.0023
			0.0143	0.0747	0.0141
			0.0023	0.0141	0.0193
	==================================================================================
	Q2:
		Shape: Hybrid
		q_c:	229.0	254.5	124.5
		ub :	239.0032	262.698	134.116
		lb :	218.9968	246.302	114.884
		P^-1:
			0.042	-0.0517	-0.0282
			-0.0517	0.1091	0.043
			-0.0282	0.043	0.0449
		A:
			0.3504	-0.8876	-0.299
			-0.6108	0.7917	-0.0108
			-0.1784	-0.9307	-0.3193
			-0.4029	0.8953	-0.1901
			-0.4589	0.6279	0.6286
			0.1765	-0.8509	-0.4948
		b:
			-181.3917
			63.0725
			-313.0606
			115.0372
			134.7319
			-235.4759
	==================================================================================
	Q3:
		Shape: Polyhedra
		q_c:	227.0	260.5	152.0
		ub :	234.7372	268.9125	160.9054
		lb :	219.2628	252.0875	143.0946
		A:
			0.8095	0.2894	-0.5107
			-0.4795	-0.2663	0.8362
			-0.6968	-0.4721	0.54
			-0.9844	-0.1068	0.1399
			-0.7147	0.3818	-0.586
			-0.648	-0.1394	0.7488
			0.5512	0.3669	0.7494
			-0.1802	0.9293	-0.3224
			-0.8147	0.0427	0.5783
			-0.5512	-0.3669	-0.7494
			0.1802	-0.9293	0.3224
			0.8147	-0.0427	-0.5783
		b:
			185.864
			-46.3971
			-194.3069
			-225.4796
			-145.7285
			-65.3444
			340.6044
			158.6631
			-81.9043
			-328.6044
			-145.6631
			89.9043
	==================================================================================
	Q4:
		Shape: Polyhedra
		q_c:	232.5	266.0	142.0
		ub :	242.8215	275.9356	153.9143
		lb :	222.1785	256.0644	130.0857
		A:
			0.0495	0.4004	-0.915
			0.9965	-0.0203	0.0811
			-0.1426	-0.7063	-0.6934
			-0.8983	-0.4258	0.1088
			-0.6835	-0.7187	0.1275
			0.2494	0.7837	0.5688
			0.7692	0.2012	0.6065
			-0.6389	0.2591	0.7243
			-0.0114	-0.9446	0.3279
			-0.7692	-0.2012	-0.6065
			0.6389	-0.2591	-0.7243
			0.0114	0.9446	-0.3279
		b:
			-4.8293
			245.147
			-312.2597
			-299.3983
			-324.8078
			354.4833
			325.9832
			30.2271
			-200.377
			-310.9832
			-16.2271
			214.377
	==================================================================================
	Q5:
		Shape: Ellipse
		q_c:	231.5	251.5	141.0
		ub :	236.744	256.2808	145.7217
		lb :	226.256	246.7192	136.2783
		P^-1:
			0.0491	-0.0401	0.0447
			-0.0401	0.2227	-0.192
			0.0447	-0.192	0.262
	==================================================================================
	Q6:
		Shape: Ellipse
		q_c:	216.5	253.5	141.5
		ub :	228.2628	264.309	146.9158
		lb :	204.7372	242.691	136.0842
		P^-1:
			0.0252	-0.0018	-0.0372
			-0.0018	0.0214	-0.0149
			-0.0372	-0.0149	0.1482


===========================================================================================
===========================================================================================
S6:
	q_c:	66.5	488.5	450.5
	ub :	83.827	505.6862	468.3434
	lb :	47.7386	473.0511	442.4546

	==================================================================================
	Q1:
		Shape: Hybrid
		q_c:	77.0	500.5	455.5
		ub :	80.8265	504.5041	458.1159
		lb :	73.1735	496.4959	452.8841
		P^-1:
			0.3599	0.098	-0.3633
			0.098	0.1545	-0.1197
			-0.3633	-0.1197	0.7567
		A:
			-0.5987	0.3018	0.742
			-0.4264	0.2527	0.8685
			-0.1313	-0.3468	0.9287
			0.9773	0.029	-0.21
			-0.715	-0.6415	0.2779
			-0.6626	0.3983	0.6343
		b:
			444.0828
			490.2298
			240.3137
			-4.2641
			-248.1558
			438.6939
	==================================================================================
	Q2:
		Shape: Ellipse
		q_c:	64.5	492.5	455.5
		ub :	71.7767	498.8848	461.8255
		lb :	57.2233	486.1152	449.1745
		P^-1:
			0.0955	0.1062	0.0179
			0.1062	0.1705	0.0251
			0.0179	0.0251	0.0321
	==================================================================================
	Q3:
		Shape: Hybrid
		q_c:	73.5	479.5	460.5
		ub :	80.863	485.9489	467.1467
		lb :	66.137	473.0511	453.8533
		P^-1:
			0.0567	-0.0091	-0.0036
			-0.0091	0.0481	-0.0057
			-0.0036	-0.0057	0.0602
		A:
			-0.9276	-0.1499	0.3422
			0.649	-0.7351	0.1961
			0.3001	-0.8668	0.3982
			-0.948	0.172	0.2679
			0.3037	0.0042	-0.9527
			0.2413	-0.6093	0.7554
		b:
			19.77
			-212.4706
			-208.0446
			138.2409
			-412.403
			75.4369
	==================================================================================
	Q4:
		Shape: Polyhedra
		q_c:	56.0	496.0	457.0
		ub :	64.2614	505.6862	466.5131
		lb :	47.7386	486.3138	447.4869
		A:
			-0.9417	0.3365	0.0037
			0.9115	0.2836	-0.2978
			0.1891	0.8781	-0.4394
			0.6483	-0.3888	0.6546
			-0.3196	0.7824	-0.5346
			0.5682	-0.1574	-0.8077
			0.3625	0.7082	0.6058
			0.5899	0.3289	-0.7374
			-0.7215	0.6247	-0.2985
			-0.3625	-0.7082	-0.6058
			-0.5899	-0.3289	0.7374
			0.7215	-0.6247	0.2985
		b:
			119.6754
			60.6591
			250.5431
			147.1419
			129.7018
			-410.1026
			656.9309
			-136.3505
			136.5394
			-639.9309
			145.3505
			-129.5394
	==================================================================================
	Q5:
		Shape: Hybrid
		q_c:	66.0	493.5	460.5
		ub :	74.0826	500.3028	468.3434
		lb :	57.9174	486.6972	452.6566
		P^-1:
			0.0506	-0.0036	0.0129
			-0.0036	0.0533	-0.0062
			0.0129	-0.0062	0.0358
		A:
			-0.9791	0.2	-0.0356
			0.6253	0.4507	0.6371
			-0.0631	0.2703	-0.9607
			0.9291	-0.0344	0.3682
			0.3263	-0.8735	0.3612
			0.33	-0.8986	-0.2891
		b:
			20.2338
			559.6693
			-309.9122
			216.085
			-241.0865
			-552.0117
	==================================================================================
	Q6:
		Shape: Polyhedra
		q_c:	78.5	484.5	449.5
		ub :	83.827	491.9489	456.5454
		lb :	73.173	477.0511	442.4546
		A:
			-0.9581	-0.1097	-0.2645
			-0.3005	-0.946	-0.1212
			-0.2794	-0.1353	0.9506
			0.7589	-0.6073	0.235
			0.8862	0.1637	0.4335
			-0.3817	0.7855	-0.4871
			0.0559	0.8854	0.4614
			0.8071	0.232	-0.543
			-0.5878	0.4028	-0.7016
			-0.0559	-0.8854	-0.4614
			-0.8071	-0.232	0.543
			0.5878	-0.4028	0.7016
		b:
			-243.5322
			-530.7444
			343.7844
			-125.3158
			347.604
			135.489
			646.7864
			-64.2837
			-163.3818
			-634.7864
			72.2837
			169.3818


===========================================================================================
===========================================================================================
S7:
	q_c:	341.0	72.5	166.5
	ub :	349.7362	86.0426	175.6778
	lb :	328.5925	63.0014	154.7461

	==================================================================================
	Q1:
		Shape: Ellipse
		q_c:	342.0	68.5	161.5
		ub :	346.9545	72.5749	166.7992
		lb :	337.0455	64.4251	156.2008
		P^-1:
			0.1653	0.0654	0.0521
			0.0654	0.1679	0.0233
			0.0521	0.0233	0.0904
	==================================================================================
	Q2:
		Shape: Hybrid
		q_c:	333.5	67.0	166.5
		ub :	338.4075	70.9986	171.1873
		lb :	328.5925	63.0014	161.8127
		P^-1:
			0.0998	-0.0384	-0.0781
			-0.0384	0.1681	0.016
			-0.0781	0.016	0.1915
		A:
			-0.5957	0.7663	0.2405
			-0.9644	0.0278	-0.263
			0.5567	0.7658	-0.3219
			0.3078	0.9334	-0.1847
			-0.143	-0.6884	-0.7111
			-0.5908	-0.6119	0.5258
		b:
			-105.9087
			-360.2374
			185.4776
			136.3133
			-210.0546
			-148.6321
	==================================================================================
	Q3:
		Shape: Hybrid
		q_c:	342.0	77.0	162.0
		ub :	348.1675	83.7628	168.012
		lb :	335.8325	70.2372	155.988
		P^-1:
			0.0792	0.0244	0.0189
			0.0244	0.0693	0.0154
			0.0189	0.0154	0.0614
		A:
			0.6387	0.7327	-0.2348
			0.7356	0.6772	-0.0176
			-0.8327	-0.4841	-0.2688
			-0.2874	0.314	0.9049
			-0.5168	0.3352	-0.7878
			-0.2041	-0.9746	-0.0927
		b:
			239.0531
			302.7363
			-364.0006
			75.3025
			-275.9082
			-157.5881
	==================================================================================
	Q4:
		Shape: Polyhedra
		q_c:	338.5	80.0	159.0
		ub :	343.5964	86.0426	163.2539
		lb :	333.4036	73.9574	154.7461
		A:
			0.8254	-0.0991	-0.5559
			-0.7066	-0.4491	0.5469
			0.5459	0.6302	-0.5521
			-0.5581	0.099	0.8239
			-0.8859	-0.0269	0.4631
			0.6633	0.1518	-0.7327
			0.7222	0.5804	0.3763
			0.4567	-0.8087	0.3708
			0.5196	-0.0959	-0.849
			-0.7222	-0.5804	-0.3763
			-0.4567	0.8087	-0.3708
			-0.5196	0.0959	0.849
		b:
			185.186
			-185.8723
			150.4924
			-48.4766
			-226.2994
			121.8643
			353.2226
			154.3454
			34.6961
			-348.2226
			-143.3454
			-31.6961
	==================================================================================
	Q5:
		Shape: Ellipse
		q_c:	344.0	79.5	172.0
		ub :	347.616	83.0132	175.6778
		lb :	340.384	75.9868	168.3222
		P^-1:
			0.2974	-0.1325	-0.028
			-0.1325	0.3161	-0.0723
			-0.028	-0.0723	0.1921
	==================================================================================
	Q6:
		Shape: Hybrid
		q_c:	346.0	73.0	171.0
		ub :	349.7362	77.6184	175.2172
		lb :	342.2638	68.3816	166.7828
		P^-1:
			2.7688	-1.7577	0.513
			-1.7577	1.1734	-0.3378
			0.513	-0.3378	0.1795
		A:
			-0.8368	0.5465	-0.0322
			-0.7532	0.6243	-0.207
			0.4939	-0.7035	0.511
			-0.6789	0.6755	0.2877
			0.7618	-0.6103	0.2173
			0.8742	-0.4717	0.1149
		b:
			-254.7346
			-249.9305
			208.684
			-134.6898
			256.6485
			288.0969


===========================================================================================
===========================================================================================
