3D_30_10_6_d                l = 3

===========================================================================================
===========================================================================================
S1:
	q_c:    367.5000    354.0000    201.0000
	ub :    380.0000    382.0000    222.0000
	lb :    355.0000    326.0000    180.0000

	==================================================================================
	Q1:
		Shape: Polyhedra
		q_c:    362.0000    358.5000    209.5000
		ub :    368.9815    368.4584    219.4425
		lb :    355.0185    348.5416    199.5575
		A:
			    0.8195    0.2081    0.5339
			    -0.7225    -0.6557    -0.2192
			    0.7317    0.6288    -0.2630
			    0.5823    0.6158    0.5308
			    0.9568    -0.2830    -0.0662
			    0.0017    0.3313    -0.9435
			    0.8996    0.3972    0.1818
			    0.0757    -0.5516    0.8307
			    0.4302    -0.7335    -0.5263
			    -0.8996    -0.3972    -0.1818
			    -0.0757    0.5516    -0.8307
			    -0.4302    0.7335    0.5263
		b:
			    488.2203
			    -537.8848
			    440.6620
			    547.5821
			    236.1405
			    -70.9174
			    510.6132
			    11.1564
			    -211.9685
			    -501.6132
			    3.8436
			    222.9685
	==================================================================================
	Q2:
		Shape: Ellipse
		q_c:    360.0000    354.0000    191.0000
		ub :    366.2302    359.6442    195.6154
		lb :    353.7698    348.3558    186.3846
		P^-1: 
			    0.0511    0.0278    -0.0086
			    0.0278    0.1390    -0.0842
			    -0.0086    -0.0842    0.1816
	==================================================================================
	Q3:
		Shape: Ellipse
		q_c:    366.5000    349.5000    200.0000
		ub :    371.4780    354.4671    205.8450
		lb :    361.5220    344.5329    194.1550
		P^-1: 
			    0.0824    -0.0086    -0.0002
			    -0.0086    0.0972    -0.0201
			    -0.0002    -0.0201    0.0756
	==================================================================================
	Q4:
		Shape: Polyhedra
		q_c:    368.5000    364.5000    211.0000
		ub :    375.0345    370.2481    217.5903
		lb :    361.9655    358.7519    204.4097
		A:
			    0.5837    0.6228    -0.5210
			    -0.1404    -0.7119    0.6880
			    0.9002    -0.4200    0.1154
			    -0.0358    0.4661    0.8840
			    -0.1430    0.1108    0.9835
			    0.9932    -0.0703    -0.0924
			    0.5268    0.5933    0.6087
			    -0.6951    -0.1114    0.7102
			    0.4892    -0.7973    0.3537
			    -0.5268    -0.5933    -0.6087
			    0.6951    0.1114    -0.7102
			    -0.4892    0.7973    -0.3537
		b:
			    335.8174
			    -162.8337
			    206.3236
			    347.7196
			    199.2858
			    324.6033
			    543.8102
			    -143.4079
			    -32.7085
			    -533.8102
			    150.4079
			    38.7085
	==================================================================================
	Q5:
		Shape: Ellipse
		q_c:    363.0000    345.0000    197.0000
		ub :    372.3735    353.7070    202.5633
		lb :    353.6265    336.2930    191.4367
		P^-1: 
			    0.0323    0.0072    -0.0245
			    0.0072    0.0291    -0.0030
			    -0.0245    -0.0030    0.1032
	==================================================================================
	Q6:
		Shape: Hybrid
		q_c:    355.0000    358.5000    192.5000
		ub :    363.0933    367.5670    196.7515
		lb :    346.9067    349.4330    188.2485
		P^-1: 
			    0.0321    0.0051    -0.0060
			    0.0051    0.0196    -0.0025
			    -0.0060    -0.0025    0.0807
		A:
			    -0.5778    0.1231    -0.8069
			    -0.4130    0.1288    -0.9016
			    -0.0136    -0.1426    -0.9897
			    -0.4706    -0.6282    -0.6196
			    0.8592    0.5023    -0.0975
			    0.5976    -0.7988    -0.0687
		b:
			    -313.2530
			    -271.3823
			    -244.4841
			    -507.8009
			    470.0632
			    -81.8551


===========================================================================================
===========================================================================================
S2:
	q_c:    244.0000    128.0000    148.0000
	ub :    260.0000    148.0000    175.0000
	lb :    228.0000    108.0000    121.0000

	==================================================================================
	Q1:
		Shape: Polyhedra
		q_c:    257.0000    126.0000    144.5000
		ub :    263.9954    132.3405    151.2946
		lb :    250.0046    119.6595    137.7054
		A:
			    -0.8681    -0.3919    -0.3048
			    -0.9509    -0.2891    -0.1102
			    -0.9832    -0.1759    -0.0486
			    0.9218    0.2749    -0.2735
			    -0.7276    -0.5338    -0.4309
			    -0.8919    -0.4442    -0.0849
			    0.7782    0.4860    0.3977
			    -0.4474    -0.0153    0.8942
			    0.4407    -0.8738    0.2056
			    -0.7782    -0.4860    -0.3977
			    0.4474    0.0153    -0.8942
			    -0.4407    0.8738    -0.2056
		b:
			    -313.4331
			    -293.3412
			    -278.2263
			    236.0476
			    -313.4928
			    -294.1747
			    321.7078
			    17.3002
			    38.3529
			    -315.7078
			    -7.3002
			    -27.3529
	==================================================================================
	Q2:
		Shape: Ellipse
		q_c:    257.5000    129.0000    159.5000
		ub :    265.3992    137.4334    168.8136
		lb :    249.6008    120.5666    150.1864
		P^-1: 
			    0.1728    -0.1977    -0.0641
			    -0.1977    0.2597    0.0792
			    -0.0641    0.0792    0.0413
	==================================================================================
	Q3:
		Shape: Ellipse
		q_c:    242.5000    128.5000    149.5000
		ub :    250.6483    136.1137    158.5533
		lb :    234.3517    120.8863    140.4467
		P^-1: 
			    0.0413    -0.0041    -0.0112
			    -0.0041    0.0473    -0.0057
			    -0.0112    -0.0057    0.0338
	==================================================================================
	Q4:
		Shape: Hybrid
		q_c:    232.0000    119.5000    149.0000
		ub :    237.0610    129.6513    158.8603
		lb :    226.9390    109.3487    139.1397
		P^-1: 
			    0.0624    0.0016    -0.0015
			    0.0016    0.0361    0.0257
			    -0.0015    0.0257    0.0376
		A:
			    -0.3653    0.8958    -0.2530
			    -0.7707    -0.3367    -0.5410
			    0.9850    -0.1649    0.0504
			    0.7622    0.5296    0.3724
			    -0.1822    0.9781    0.1010
			    0.7097    -0.4154    -0.5690
		b:
			    -9.1789
			    -297.3885
			    218.6763
			    297.6587
			    94.4586
			    32.2721
	==================================================================================
	Q5:
		Shape: Hybrid
		q_c:    248.5000    128.0000    165.0000
		ub :    255.8942    136.4804    174.4112
		lb :    241.1058    119.5196    155.5888
		P^-1: 
			    0.0327    0.0001    0.0012
			    0.0001    0.0278    0.0000
			    0.0012    0.0000    0.0281
		A:
			    -0.7801    -0.2733    -0.5628
			    0.5355    -0.0815    0.8406
			    0.7390    -0.6737    0.0033
			    0.2019    -0.9732    -0.1098
			    -0.2920    -0.7163    -0.6338
			    -0.0343    0.2481    0.9681
		b:
			    -318.8502
			    264.3416
			    100.9677
			    -89.2889
			    -265.6631
			    186.2130
	==================================================================================
	Q6:
		Shape: Hybrid
		q_c:    236.5000    117.5000    136.5000
		ub :    244.9431    122.4031    142.2534
		lb :    228.0569    112.5969    130.7466
		P^-1: 
			    0.0243    0.0015    -0.0192
			    0.0015    0.0493    0.0007
			    -0.0192    0.0007    0.0752
		A:
			    -0.7904    0.2812    -0.5443
			    0.0141    -0.3148    0.9490
			    -0.7698    -0.2706    0.5781
			    -0.2193    -0.4558    -0.8626
			    -0.5174    0.0239    0.8554
			    -0.6946    -0.3177    0.6454
		b:
			    -222.7671
			    98.3460
			    -131.6467
			    -220.0973
			    -0.7494
			    -110.6141


===========================================================================================
===========================================================================================
S3:
	q_c:    281.5000    37.0000    235.0000
	ub :    313.0000    55.0000    257.0000
	lb :    250.0000    19.0000    213.0000

	==================================================================================
	Q1:
		Shape: Polyhedra
		q_c:    269.5000    51.0000    242.0000
		ub :    281.0521    62.3553    255.3054
		lb :    257.9479    39.6447    228.6946
		A:
			    -0.1390    0.0980    -0.9854
			    -0.1882    -0.3757    -0.9074
			    -0.7920    0.4115    -0.4509
			    -0.3388    0.2465    -0.9080
			    -0.8844    -0.3278    -0.3321
			    0.1030    -0.9940    0.0372
			    0.7548    0.2022    0.6241
			    -0.6498    0.3611    0.6689
			    -0.0901    -0.9104    0.4039
			    -0.7548    -0.2022    -0.6241
			    0.6498    -0.3611    -0.6689
			    0.0901    0.9104    -0.4039
		b:
			    -263.3485
			    -281.6186
			    -295.0193
			    -292.0586
			    -329.8149
			    -6.1794
			    369.7433
			    16.1688
			    34.0342
			    -359.7433
			    5.8312
			    -20.0342
	==================================================================================
	Q2:
		Shape: Polyhedra
		q_c:    275.0000    49.0000    251.5000
		ub :    284.3771    56.0371    263.2524
		lb :    265.6229    41.9629    239.7476
		A:
			    -0.1527    -0.8027    -0.5765
			    -0.5313    0.8450    0.0613
			    0.0476    -0.9833    -0.1759
			    -0.4641    0.8671    0.1811
			    0.6373    -0.7025    0.3166
			    -0.4776    0.8335    0.2778
			    0.6255    0.4541    0.6344
			    -0.5816    0.8134    -0.0088
			    -0.5201    -0.3635    0.7729
			    -0.6255    -0.4541    -0.6344
			    0.5816    -0.8134    0.0088
			    0.5201    0.3635    -0.7729
		b:
			    -222.4605
			    -88.1824
			    -75.9368
			    -38.0022
			    222.9701
			    -18.2608
			    358.3302
			    -121.2937
			    45.0665
			    -349.3302
			    123.2937
			    -22.0665
	==================================================================================
	Q3:
		Shape: Ellipse
		q_c:    274.5000    22.5000    239.0000
		ub :    278.0645    28.8116    247.3199
		lb :    270.9355    16.1884    230.6801
		P^-1: 
			    0.2316    0.0328    0.0362
			    0.0328    0.1054    0.0442
			    0.0362    0.0442    0.0419
	==================================================================================
	Q4:
		Shape: Ellipse
		q_c:    292.0000    45.0000    224.5000
		ub :    304.1302    56.8101    234.3316
		lb :    279.8698    33.1899    214.6684
		P^-1: 
			    0.0205    0.0020    0.0014
			    0.0020    0.0194    0.0009
			    0.0014    0.0009    0.0220
	==================================================================================
	Q5:
		Shape: Polyhedra
		q_c:    289.5000    48.5000    239.5000
		ub :    297.3120    56.9309    247.6977
		lb :    281.6880    40.0691    231.3023
		A:
			    0.9756    0.0158    0.2188
			    -0.3759    -0.1512    -0.9142
			    -0.5549    -0.8291    -0.0684
			    -0.9708    0.1817    0.1564
			    0.1877    0.4583    -0.8687
			    -0.8494    0.2596    -0.4594
			    0.4820    0.5804    0.6563
			    0.4158    0.5078    -0.7545
			    -0.7712    0.6366    0.0034
			    -0.4820    -0.5804    -0.6563
			    -0.4158    -0.5078    0.7545
			    0.7712    -0.6366    -0.0034
		b:
			    339.9820
			    -329.8098
			    -211.6613
			    -230.4576
			    -125.1134
			    -339.2630
			    329.8838
			    -29.2039
			    -188.0686
			    -319.8838
			    42.2039
			    195.0686
	==================================================================================
	Q6:
		Shape: Hybrid
		q_c:    264.0000    36.5000    227.0000
		ub :    278.4906    46.5046    242.6239
		lb :    249.5094    26.4954    211.3761
		P^-1: 
			    0.0153    0.0019    0.0089
			    0.0019    0.0267    -0.0036
			    0.0089    -0.0036    0.0149
		A:
			    0.8369    0.2604    0.4815
			    0.3484    -0.2336    0.9078
			    -0.4005    -0.9125    0.0829
			    -0.9363    -0.3435    -0.0727
			    -0.1626    0.3698    -0.9148
			    0.8849    0.4612    -0.0658
		b:
			    343.5735
			    294.2040
			    -116.7680
			    -270.2767
			    -231.6706
			    241.7819


===========================================================================================
===========================================================================================
S4:
	q_c:    487.0000    167.5000    498.5000
	ub :    507.0000    182.0000    526.0000
	lb :    467.0000    153.0000    471.0000

	==================================================================================
	Q1:
		Shape: Hybrid
		q_c:    477.0000    165.0000    503.5000
		ub :    485.1767    170.9822    512.9942
		lb :    468.8233    159.0178    494.0058
		P^-1: 
			    0.0591    -0.0058    0.0212
			    -0.0058    0.0740    -0.0092
			    0.0212    -0.0092    0.0266
		A:
			    0.0036    0.9704    0.2414
			    0.0446    0.9556    0.2913
			    -0.9888    0.0079    -0.1488
			    0.0611    -0.9918    -0.1121
			    0.9206    -0.3645    0.1399
			    0.7665    -0.0533    0.6401
		b:
			    285.9484
			    328.3230
			    -542.7086
			    -188.6605
			    451.9055
			    681.4979
	==================================================================================
	Q2:
		Shape: Ellipse
		q_c:    496.5000    157.0000    492.0000
		ub :    503.1356    164.8816    499.2879
		lb :    489.8644    149.1184    484.7121
		P^-1: 
			    0.0492    -0.0008    -0.0017
			    -0.0008    0.0465    -0.0062
			    -0.0017    -0.0062    0.0362
	==================================================================================
	Q3:
		Shape: Hybrid
		q_c:    479.5000    182.0000    495.0000
		ub :    483.2519    190.3770    502.3304
		lb :    475.7481    173.6230    487.6696
		P^-1: 
			    0.4191    -0.0885    -0.0481
			    -0.0885    0.0374    0.0100
			    -0.0481    0.0100    0.0294
		A:
			    -0.6749    0.5739    -0.4638
			    0.9426    -0.3338    0.0076
			    -0.7937    0.4107    -0.4487
			    -0.9822    0.1228    0.1421
			    -0.9002    0.3998    -0.1725
			    -0.7649    0.2711    0.5843
		b:
			    -444.6846
			    396.1414
			    -524.5946
			    -377.3779
			    -442.3070
			    -25.4438
	==================================================================================
	Q4:
		Shape: Polyhedra
		q_c:    497.0000    162.5000    489.5000
		ub :    504.6253    172.5965    498.0678
		lb :    489.3747    152.4035    480.9322
		A:
			    -0.6406    0.5235    -0.5618
			    -0.0481    0.5762    -0.8159
			    0.7121    -0.2584    0.6528
			    -0.3584    0.8246    -0.4376
			    -0.7860    -0.5725    0.2335
			    -0.8320    -0.2938    -0.4706
			    0.9975    0.0702    0.0122
			    0.0140    -0.3608    0.9325
			    0.0699    -0.9300    -0.3609
			    -0.9975    -0.0702    -0.0122
			    -0.0140    0.3608    -0.9325
			    -0.0699    0.9300    0.3609
		b:
			    -501.6648
			    -323.4923
			    637.9919
			    -251.3681
			    -362.3593
			    -684.5597
			    520.1214
			    410.7877
			    -285.0510
			    -506.1214
			    -398.7877
			    301.0510
	==================================================================================
	Q5:
		Shape: Hybrid
		q_c:    480.5000    162.5000    503.0000
		ub :    486.7202    168.6833    508.5848
		lb :    474.2798    156.3167    497.4152
		P^-1: 
			    0.0985    0.0095    -0.0508
			    0.0095    0.0634    -0.0197
			    -0.0508    -0.0197    0.1099
		A:
			    -0.5379    -0.1397    0.8313
			    0.2963    0.2931    0.9090
			    -0.6046    0.3186    0.7300
			    0.4778    0.7995    -0.3641
			    0.8106    -0.2640    0.5227
			    -0.8070    -0.3610    -0.4673
		b:
			    138.3034
			    650.1882
			    130.2349
			    178.4716
			    612.4684
			    -678.3765
	==================================================================================
	Q6:
		Shape: Ellipse
		q_c:    501.5000    162.0000    487.0000
		ub :    510.1795    166.4732    496.1720
		lb :    492.8205    157.5268    477.8280
		P^-1: 
			    0.0516    -0.0018    -0.0336
			    -0.0018    0.0815    -0.0020
			    -0.0336    -0.0020    0.0440


===========================================================================================
===========================================================================================
S5:
	q_c:    91.5000    252.5000    144.5000
	ub :    106.0000    275.0000    155.0000
	lb :    77.0000    230.0000    134.0000

	==================================================================================
	Q1:
		Shape: Hybrid
		q_c:    87.0000    252.5000    155.5000
		ub :    89.8957    255.0729    158.1723
		lb :    84.1043    249.9271    152.8277
		P^-1: 
			    0.2776    0.0644    0.0214
			    0.0644    0.4003    0.0499
			    0.0214    0.0499    0.2665
		A:
			    -0.6232    -0.2528    -0.7400
			    0.3551    -0.8962    -0.2661
			    -0.7225    -0.6597    0.2069
			    -0.1779    -0.9465    -0.2694
			    0.0787    -0.9365    0.3418
			    -0.2356    -0.8654    0.4422
		b:
			    -232.0985
			    -235.7729
			    -196.2901
			    -295.5718
			    -175.4327
			    -169.2402
	==================================================================================
	Q2:
		Shape: Polyhedra
		q_c:    87.0000    251.0000    152.0000
		ub :    92.3419    255.4011    155.5272
		lb :    81.6581    246.5989    148.4728
		A:
			    -0.6953    0.1191    0.7088
			    0.6391    -0.3208    -0.6990
			    -0.8504    0.5261    0.0102
			    0.4266    -0.8981    -0.1069
			    0.2315    -0.4495    0.8628
			    -0.2449    -0.3960    0.8850
			    0.8813    0.4480    0.1506
			    0.2633    -0.7301    0.6306
			    0.3925    -0.5161    -0.7613
			    -0.8813    -0.4480    -0.1506
			    -0.2633    0.7301    -0.6306
			    -0.3925    0.5161    0.7613
		b:
			    80.1368
			    -128.4128
			    62.5276
			    -202.4853
			    40.1923
			    15.9815
			    216.5079
			    -62.9824
			    -208.6129
			    -207.5079
			    65.9824
			    213.6129
	==================================================================================
	Q3:
		Shape: Ellipse
		q_c:    97.0000    255.0000    150.5000
		ub :    102.5528    260.6275    155.7490
		lb :    91.4472    249.3725    145.2510
		P^-1: 
			    0.0961    -0.0145    -0.0025
			    -0.0145    0.0962    0.0025
			    -0.0025    0.0025    0.0821
	==================================================================================
	Q4:
		Shape: Ellipse
		q_c:    90.0000    247.0000    145.0000
		ub :    93.7932    250.6185    148.0231
		lb :    86.2068    243.3815    141.9769
		P^-1: 
			    0.2110    0.1498    0.0880
			    0.1498    0.3483    -0.0565
			    0.0880    -0.0565    0.4113
	==================================================================================
	Q5:
		Shape: Hybrid
		q_c:    92.0000    256.0000    142.5000
		ub :    98.5446    259.9185    148.3646
		lb :    85.4554    252.0815    136.6354
		P^-1: 
			    0.1041    0.1642    -0.1447
			    0.1642    0.6560    -0.4154
			    -0.1447    -0.4154    0.3546
		A:
			    0.5124    0.5478    -0.6614
			    -0.3450    -0.7589    0.5522
			    0.2200    0.4016    -0.8890
			    -0.3408    -0.6075    0.7175
			    -0.4795    -0.5624    0.6736
			    0.0223    -0.9589    0.2830
		b:
			    94.2875
			    -146.7169
			    -1.8389
			    -83.7925
			    -91.0390
			    -201.9054
	==================================================================================
	Q6:
		Shape: Ellipse
		q_c:    96.0000    252.0000    156.5000
		ub :    100.2962    257.9161    162.4105
		lb :    91.7038    246.0839    150.5895
		P^-1: 
			    0.1874    -0.0518    -0.0638
			    -0.0518    0.0981    0.0460
			    -0.0638    0.0460    0.0954


===========================================================================================
===========================================================================================
S6:
	q_c:    115.5000    327.0000    183.5000
	ub :    121.0000    355.0000    203.0000
	lb :    110.0000    299.0000    164.0000

	==================================================================================
	Q1:
		Shape: Ellipse
		q_c:    116.5000    322.5000    184.5000
		ub :    120.5495    326.6206    188.2501
		lb :    112.4505    318.3794    180.7499
		P^-1: 
			    0.0871    0.0227    0.0185
			    0.0227    0.1792    0.0669
			    0.0185    0.0669    0.1765
	==================================================================================
	Q2:
		Shape: Polyhedra
		q_c:    120.0000    324.0000    181.0000
		ub :    122.3960    327.1338    184.4594
		lb :    117.6040    320.8662    177.5406
		A:
			    0.4331    0.1098    0.8946
			    -0.0415    0.3350    0.9413
			    -0.3028    -0.0763    0.9500
			    -0.3698    -0.8428    -0.3911
			    -0.7127    -0.6861    0.1463
			    -0.6223    0.0502    -0.7811
			    0.9328    0.2109    0.2921
			    0.0528    -0.8820    0.4682
			    0.3564    -0.4213    -0.8339
			    -0.9328    -0.2109    -0.2921
			    -0.0528    0.8820    -0.4682
			    -0.3564    0.4213    0.8339
		b:
			    251.5035
			    276.3484
			    113.2735
			    -386.2354
			    -279.6072
			    -197.9986
			    234.6560
			    -192.7013
			    -242.1767
			    -231.6560
			    196.7013
			    247.1767
	==================================================================================
	Q3:
		Shape: Hybrid
		q_c:    111.5000    324.5000    180.0000
		ub :    114.9615    327.4112    183.3132
		lb :    108.0385    321.5888    176.6868
		P^-1: 
			    0.2208    -0.0825    -0.1332
			    -0.0825    0.4140    -0.0491
			    -0.1332    -0.0491    0.3651
		A:
			    -0.4574    0.7463    0.4835
			    -0.0192    -0.3775    0.9258
			    0.7176    -0.5606    -0.4134
			    -0.7083    0.0274    0.7054
			    0.8242    -0.3495    -0.4456
			    0.1926    0.9043    0.3811
		b:
			    278.9689
			    42.9612
			    -175.4533
			    57.7478
			    -100.7312
			    384.9462
	==================================================================================
	Q4:
		Shape: Ellipse
		q_c:    115.0000    329.0000    179.0000
		ub :    120.4577    333.3032    183.1824
		lb :    109.5423    324.6968    174.8176
		P^-1: 
			    0.1312    0.1442    0.0452
			    0.1442    0.3155    0.1114
			    0.0452    0.1114    0.1582
	==================================================================================
	Q5:
		Shape: Polyhedra
		q_c:    115.5000    325.0000    187.0000
		ub :    118.5349    327.0873    190.1580
		lb :    112.4651    322.9127    183.8420
		A:
			    -0.6638    -0.6646    -0.3431
			    0.7847    -0.4345    -0.4420
			    0.4172    0.8908    -0.1800
			    -0.5558    -0.4083    -0.7241
			    -0.5357    -0.8435    0.0403
			    -0.3220    0.3619    -0.8748
			    0.4968    0.8260    0.2665
			    0.7710    -0.5610    0.3014
			    0.3984    0.0558    -0.9155
			    -0.4968    -0.8260    -0.2665
			    -0.7710    0.5610    -0.3014
			    -0.3984    -0.0558    0.9155
		b:
			    -355.7359
			    -131.0015
			    305.4165
			    -330.7547
			    -327.2473
			    -80.9205
			    376.6467
			    -34.9002
			    -104.5615
			    -374.6467
			    38.9002
			    109.5615
	==================================================================================
	Q6:
		Shape: Hybrid
		q_c:    121.0000    333.0000    184.0000
		ub :    125.5109    335.1123    187.5425
		lb :    116.4891    330.8877    180.4575
		P^-1: 
			    0.1245    -0.0002    0.1408
			    -0.0002    0.4444    0.0001
			    0.1408    0.0001    0.3825
		A:
			    -0.3498    0.9353    0.0541
			    -0.9236    0.0772    -0.3756
			    0.4074    0.9013    -0.1470
			    0.8681    -0.3984    -0.2961
			    0.4476    0.1817    0.8756
			    -0.5874    -0.0127    -0.8092
		b:
			    280.2808
			    -152.9280
			    323.8351
			    -79.1464
			    276.5376
			    -223.2672


===========================================================================================
===========================================================================================
S7:
	q_c:    281.5000    420.0000    28.5000
	ub :    288.0000    443.0000    51.0000
	lb :    275.0000    397.0000    6.0000

	==================================================================================
	Q1:
		Shape: Ellipse
		q_c:    282.0000    428.0000    22.5000
		ub :    288.2470    432.4564    28.7897
		lb :    275.7530    423.5436    16.2103
		P^-1: 
			    0.0917    -0.0731    -0.0265
			    -0.0731    0.2019    0.0381
			    -0.0265    0.0381    0.0683
	==================================================================================
	Q2:
		Shape: Polyhedra
		q_c:    282.0000    422.5000    31.0000
		ub :    286.7648    427.7359    34.4785
		lb :    277.2352    417.2641    27.5215
		A:
			    0.9539    0.2644    0.1423
			    -0.4083    -0.5664    0.7159
			    -0.6855    -0.5619    -0.4630
			    0.3711    0.8182    0.4392
			    -0.5334    -0.1761    -0.8273
			    0.3331    0.6928    0.6396
			    0.4426    0.4293    0.7873
			    -0.4965    0.8484    -0.1836
			    -0.7468    -0.3096    0.5886
			    -0.4426    -0.4293    -0.7873
			    0.4965    -0.8484    0.1836
			    0.7468    0.3096    -0.5886
		b:
			    387.4701
			    -329.3063
			    -443.3495
			    466.3646
			    -248.5764
			    408.4456
			    332.0945
			    217.2692
			    -320.6529
			    -329.0945
			    -208.2692
			    325.6529
	==================================================================================
	Q3:
		Shape: Polyhedra
		q_c:    280.0000    415.0000    25.0000
		ub :    286.4374    421.7499    30.4908
		lb :    273.5626    408.2501    19.5092
		A:
			    0.2136    0.7729    -0.5976
			    -0.1862    0.6552    -0.7321
			    0.1687    -0.9820    0.0850
			    -0.1083    0.9498    -0.2935
			    0.2785    0.1339    -0.9511
			    -0.7385    0.6730    -0.0403
			    0.7955    0.5666    0.2148
			    0.6014    -0.6952    -0.3936
			    -0.0736    0.4423    -0.8938
			    -0.7955    -0.5666    -0.2148
			    -0.6014    0.6952    0.3936
			    0.0736    -0.4423    0.8938
		b:
			    369.6416
			    204.9617
			    -354.4939
			    360.2362
			    113.1766
			    74.7601
			    468.7383
			    -126.9657
			    144.1031
			    -457.7383
			    132.9657
			    -137.1031
	==================================================================================
	Q4:
		Shape: Polyhedra
		q_c:    283.5000    425.0000    34.5000
		ub :    288.7268    430.7986    39.7031
		lb :    278.2732    419.2014    29.2969
		A:
			    -0.8871    -0.3363    0.3160
			    0.2122    0.3707    -0.9042
			    0.9594    0.0183    0.2816
			    0.0229    0.3704    0.9286
			    -0.1896    0.2485    0.9499
			    0.3134    0.7039    -0.6375
			    0.2421    0.8340    0.4959
			    0.5923    0.2778    -0.7563
			    -0.7685    0.4768    -0.4267
			    -0.2421    -0.8340    -0.4959
			    -0.5923    -0.2778    0.7563
			    0.7685    -0.4768    0.4267
		b:
			    -380.8564
			    188.9768
			    293.2645
			    199.3718
			    87.6515
			    368.6401
			    444.1649
			    261.8947
			    -25.9514
			    -436.1649
			    -257.8947
			    33.9514
	==================================================================================
	Q5:
		Shape: Ellipse
		q_c:    285.0000    422.5000    23.0000
		ub :    289.0380    424.6735    27.9699
		lb :    280.9620    420.3265    18.0301
		P^-1: 
			    0.0822    0.0182    0.0055
			    0.0182    0.4388    0.0427
			    0.0055    0.0427    0.0544
	==================================================================================
	Q6:
		Shape: Hybrid
		q_c:    276.5000    427.5000    32.0000
		ub :    282.3044    433.1686    37.2119
		lb :    270.6956    421.8314    26.7881
		P^-1: 
			    0.1113    -0.0506    -0.0302
			    -0.0506    0.1074    -0.0314
			    -0.0302    -0.0314    0.1413
		A:
			    -0.5131    0.3086    0.8009
			    0.6965    -0.5725    -0.4327
			    0.6973    -0.3551    0.6226
			    -0.9841    0.1346    -0.1160
			    0.6480    -0.7325    -0.2086
			    -0.5060    0.8625    -0.0070
		b:
			    17.0568
			    -64.7331
			    62.8443
			    -215.9838
			    -139.3149
			    230.0730


===========================================================================================
===========================================================================================
S8:
	q_c:    90.0000    300.5000    90.5000
	ub :    110.0000    323.0000    110.0000
	lb :    70.0000    278.0000    71.0000

	==================================================================================
	Q1:
		Shape: Polyhedra
		q_c:    81.5000    310.0000    80.0000
		ub :    102.1201    327.3933    98.6457
		lb :    60.8799    292.6067    61.3543
		A:
			    -0.6647    -0.7388    0.1111
			    -0.3285    0.3071    -0.8932
			    0.4859    0.6756    -0.5544
			    0.7495    0.5833    -0.3131
			    0.5723    -0.4082    -0.7112
			    0.3051    -0.6191    -0.7236
			    0.5686    0.7224    0.3935
			    0.5285    0.0458    -0.8477
			    -0.6304    0.6899    -0.3558
			    -0.5686    -0.7224    -0.3935
			    -0.5285    -0.0458    0.8477
			    0.6304    -0.6899    0.3558
		b:
			    -264.2159
			    10.0198
			    216.0830
			    227.3685
			    -124.9109
			    -213.5824
			    311.2664
			    0.9439
			    148.5442
			    -292.2664
			    22.0561
			    -119.5442
	==================================================================================
	Q2:
		Shape: Ellipse
		q_c:    100.5000    316.5000    98.5000
		ub :    119.9981    335.6679    112.6987
		lb :    81.0019    297.3321    84.3013
		P^-1: 
			    0.0077    -0.0015    -0.0006
			    -0.0015    0.0064    0.0004
			    -0.0006    0.0004    0.0096
	==================================================================================
	Q3:
		Shape: Hybrid
		q_c:    79.5000    317.5000    84.0000
		ub :    86.3748    327.8256    91.1189
		lb :    72.6252    307.1744    76.8811
		P^-1: 
			    0.2799    0.1450    0.1318
			    0.1450    0.0941    0.0931
			    0.1318    0.0931    0.1420
		A:
			    -0.6337    -0.4464    -0.6318
			    -0.6633    -0.5081    -0.5494
			    0.8543    0.4476    -0.2642
			    -0.9580    -0.2115    0.1937
			    0.6073    0.7585    0.2363
			    0.4762    0.4103    0.7778
		b:
			    -244.2473
			    -259.2313
			    190.5777
			    -124.7652
			    312.6947
			    234.8525
	==================================================================================
	Q4:
		Shape: Ellipse
		q_c:    70.0000    295.0000    79.5000
		ub :    78.2198    308.5795    94.6259
		lb :    61.7802    281.4205    64.3741
		P^-1: 
			    0.0273    0.0004    0.0021
			    0.0004    0.0160    0.0067
			    0.0021    0.0067    0.0112
	==================================================================================
	Q5:
		Shape: Ellipse
		q_c:    110.5000    307.0000    108.0000
		ub :    116.9843    315.6604    114.1492
		lb :    104.0157    298.3396    101.8508
		P^-1: 
			    0.0726    -0.0214    -0.0052
			    -0.0214    0.0262    0.0014
			    -0.0052    0.0014    0.0336
	==================================================================================
	Q6:
		Shape: Ellipse
		q_c:    105.5000    284.0000    81.5000
		ub :    116.6772    300.0318    98.6781
		lb :    94.3228    267.9682    64.3219
		P^-1: 
			    0.0138    -0.0001    0.0003
			    -0.0001    0.0120    0.0036
			    0.0003    0.0036    0.0070


===========================================================================================
===========================================================================================
S9:
	q_c:    83.0000    34.5000    388.5000
	ub :    99.0000    44.0000    402.0000
	lb :    67.0000    25.0000    375.0000

	==================================================================================
	Q1:
		Shape: Polyhedra
		q_c:    86.0000    44.0000    390.0000
		ub :    90.2110    49.5139    394.3163
		lb :    81.7890    38.4861    385.6837
		A:
			    -0.8345    -0.5336    0.1377
			    0.5831    0.2935    0.7576
			    -0.0791    0.7554    0.6505
			    0.9232    0.2154    0.3184
			    0.6603    -0.0185    0.7507
			    0.0581    0.7380    0.6723
			    0.8782    0.3212    0.3543
			    -0.1991    -0.4280    0.8816
			    0.4348    -0.8448    -0.3119
			    -0.8782    -0.3212    -0.3543
			    0.1991    0.4280    -0.8816
			    -0.4348    0.8448    0.3119
		b:
			    -39.3704
			    360.8004
			    284.2041
			    215.1090
			    350.9387
			    303.4963
			    229.8508
			    310.3483
			    -116.9307
			    -225.8508
			    -305.3483
			    125.9307
	==================================================================================
	Q2:
		Shape: Hybrid
		q_c:    78.5000    34.5000    393.5000
		ub :    83.6290    38.7167    398.8686
		lb :    73.3710    30.2833    388.1314
		P^-1: 
			    0.1637    -0.0717    0.0531
			    -0.0717    0.1399    -0.0360
			    0.0531    -0.0360    0.0905
		A:
			    0.4296    0.2076    0.8788
			    -0.6021    0.5450    -0.5835
			    -0.9388    -0.1635    0.3032
			    0.7418    -0.6682    -0.0579
			    0.3451    0.8294    -0.4394
			    -0.8873    0.1112    -0.4476
		b:
			    389.0469
			    -256.9049
			    42.5172
			    13.8682
			    -114.6892
			    -240.5019
	==================================================================================
	Q3:
		Shape: Polyhedra
		q_c:    76.5000    32.5000    390.5000
		ub :    81.6126    37.8390    395.5428
		lb :    71.3874    27.1610    385.4572
		A:
			    0.8242    -0.4361    -0.3612
			    0.6961    -0.7143    0.0719
			    0.0870    0.6983    -0.7105
			    -0.1208    0.3859    -0.9146
			    0.8078    -0.1407    0.5724
			    -0.5468    0.8260    0.1368
			    0.3073    0.4852    0.8186
			    -0.6641    0.7255    -0.1807
			    -0.6816    -0.4881    0.5452
			    -0.3073    -0.4852    -0.8186
			    0.6641    -0.7255    0.1807
			    0.6816    0.4881    -0.5452
		b:
			    -89.1326
			    61.1063
			    -245.0681
			    -350.6569
			    283.9782
			    41.5134
			    362.4431
			    -94.7891
			    147.8995
			    -355.4431
			    100.7891
			    -141.8995
	==================================================================================
	Q4:
		Shape: Hybrid
		q_c:    86.0000    26.0000    390.0000
		ub :    92.2492    33.0994    395.0811
		lb :    79.7508    18.9006    384.9189
		P^-1: 
			    0.1010    -0.0225    -0.0408
			    -0.0225    0.0379    -0.0035
			    -0.0408    -0.0035    0.1305
		A:
			    -0.3777    0.4338    0.8180
			    -0.3053    0.3035    0.9026
			    0.5257    0.2138    -0.8234
			    0.9456    -0.2508    -0.2070
			    0.0540    -0.3258    -0.9439
			    0.6985    -0.7156    0.0074
		b:
			    299.8950
			    335.4805
			    -268.7242
			    -4.1615
			    -369.6031
			    46.8974
	==================================================================================
	Q5:
		Shape: Hybrid
		q_c:    91.0000    43.0000    394.0000
		ub :    96.2121    48.0273    398.4722
		lb :    85.7879    37.9727    389.5278
		P^-1: 
			    0.0675    0.0350    0.0450
			    0.0350    0.1293    0.0703
			    0.0450    0.0703    0.1843
		A:
			    -0.5844    -0.6458    0.4913
			    0.0447    -0.9364    -0.3480
			    -0.2091    -0.3700    0.9052
			    -0.2755    -0.3580    0.8922
			    0.2507    0.7032    0.6653
			    -0.2394    0.7504    0.6161
		b:
			    115.3602
			    -171.4099
			    324.0616
			    313.4772
			    316.2752
			    255.2199
	==================================================================================
	Q6:
		Shape: Hybrid
		q_c:    91.0000    42.0000    399.0000
		ub :    98.7323    47.8916    406.8226
		lb :    83.2677    36.1084    391.1774
		P^-1: 
			    0.0467    0.0038    0.0136
			    0.0038    0.0516    0.0032
			    0.0136    0.0032    0.0466
		A:
			    0.6887    0.7172    -0.1063
			    -0.5151    0.2670    -0.8145
			    0.6296    -0.6874    0.3620
			    -0.5061    0.7834    0.3608
			    0.7570    0.3915    0.5232
			    -0.4882    -0.7574    -0.4336
		b:
			    52.9798
			    -358.3694
			    175.3692
			    133.7302
			    296.1153
			    -247.1560


===========================================================================================
===========================================================================================
S10:
	q_c:    334.5000    356.5000    370.0000
	ub :    347.0000    375.0000    374.0000
	lb :    322.0000    338.0000    366.0000

	==================================================================================
	Q1:
		Shape: Ellipse
		q_c:    337.0000    356.5000    371.5000
		ub :    340.0661    359.8671    374.7477
		lb :    333.9339    353.1329    368.2523
		P^-1: 
			    0.3421    0.0545    0.0927
			    0.0545    0.2751    0.0822
			    0.0927    0.0822    0.2372
	==================================================================================
	Q2:
		Shape: Polyhedra
		q_c:    338.5000    358.0000    366.5000
		ub :    341.8696    361.1674    369.0203
		lb :    335.1304    354.8326    363.9797
		A:
			    -0.9649    -0.1711    -0.1994
			    0.2380    0.5641    -0.7906
			    0.5816    0.5596    -0.5905
			    0.9090    -0.1725    0.3793
			    0.2564    0.8901    0.3768
			    0.6234    -0.3036    0.7206
			    0.4564    0.8706    0.1836
			    -0.1886    0.2963    -0.9363
			    -0.8696    0.3926    0.2994
			    -0.4564    -0.8706    -0.1836
			    0.1886    -0.2963    0.9363
			    0.8696    -0.3926    -0.2994
		b:
			    -458.7195
			    -5.5676
			    182.7506
			    387.1177
			    545.5804
			    368.1563
			    535.4684
			    -299.3988
			    -41.5443
			    -531.4684
			    302.3988
			    46.5443
	==================================================================================
	Q3:
		Shape: Ellipse
		q_c:    336.0000    361.0000    368.0000
		ub :    338.9606    362.7805    370.9506
		lb :    333.0394    359.2195    365.0494
		P^-1: 
			    0.3205    -0.1478    -0.1065
			    -0.1478    0.9259    -0.1851
			    -0.1065    -0.1851    0.3580
	==================================================================================
	Q4:
		Shape: Polyhedra
		q_c:    338.5000    356.0000    373.5000
		ub :    340.3632    357.7312    375.5004
		lb :    336.6368    354.2688    371.4996
		A:
			    -0.0575    0.9897    0.1314
			    -0.4803    -0.3700    -0.7953
			    -0.7066    -0.6398    -0.3022
			    0.5597    0.4188    -0.7151
			    -0.4176    0.0815    -0.9050
			    0.8100    -0.1291    0.5721
			    0.7562    0.1671    0.6326
			    -0.6481    0.0585    0.7593
			    0.0899    -0.9842    0.1526
			    -0.7562    -0.1671    -0.6326
			    0.6481    -0.0585    -0.7593
			    -0.0899    0.9842    -0.1526
		b:
			    383.4060
			    -590.2328
			    -578.6657
			    72.9405
			    -449.2109
			    442.9667
			    552.7662
			    86.5334
			    -261.4522
			    -550.7662
			    -83.5334
			    264.4522
	==================================================================================
	Q5:
		Shape: Hybrid
		q_c:    332.0000    353.5000    372.5000
		ub :    335.3524    356.6525    375.9393
		lb :    328.6476    350.3475    369.0607
		P^-1: 
			    0.3047    -0.1130    0.0166
			    -0.1130    0.3076    -0.0820
			    0.0166    -0.0820    0.2421
		A:
			    -0.5316    0.8437    -0.0743
			    -0.0220    0.7390    -0.6734
			    -0.5256    0.7519    0.3980
			    0.5630    0.6602    -0.4972
			    -0.2834    0.6884    -0.6676
			    0.2884    -0.9499    0.1204
		b:
			    94.9306
			    4.0571
			    240.7016
			    236.4072
			    -98.5570
			    -194.2230
	==================================================================================
	Q6:
		Shape: Ellipse
		q_c:    334.0000    355.5000    371.5000
		ub :    336.8082    358.1789    373.8183
		lb :    331.1918    352.8211    369.1817
		P^-1: 
			    0.3020    0.0816    0.0272
			    0.0816    0.3976    -0.0156
			    0.0272    -0.0156    0.4392


===========================================================================================
===========================================================================================
