3D_30_14_6_e                l = 3

===========================================================================================
===========================================================================================
S1:
	q_c:	351.0	105.5	489.0
	ub :	363.8189	123.514	512.3395
	lb :	333.4473	91.9691	472.7313

	==================================================================================
	Q1:
		Shape: Ellipse
		q_c:	356.0	111.5	504.5
		ub :	362.5051	118.2537	512.3395
		lb :	349.4949	104.7463	496.6605
		P^-1:
			0.4927	-0.4907	-0.0354
			-0.4907	0.5203	0.0363
			-0.0354	0.0363	0.0204
	==================================================================================
	Q2:
		Shape: Polyhedra
		q_c:	347.0	106.5	499.0
		ub :	353.912	113.3455	506.4347
		lb :	340.088	99.6545	491.5653
		A:
			-0.1929	0.7871	0.5858
			0.1935	-0.7345	-0.6505
			0.2653	-0.8571	-0.4416
			-0.221	0.6614	0.7168
			0.9919	-0.1012	-0.0769
			0.8616	-0.1578	0.4824
			0.695	0.4758	0.5391
			0.7015	-0.2842	-0.6535
			-0.1578	0.8323	-0.5314
			-0.695	-0.4758	-0.5391
			-0.7015	0.2842	0.6535
			0.1578	-0.8323	0.5314
		b:
			313.5668
			-331.2997
			-215.3433
			355.745
			299.4192
			527.5364
			565.8217
			-108.9554
			-227.241
			-555.8217
			116.9554
			235.241
	==================================================================================
	Q3:
		Shape: Polyhedra
		q_c:	356.0	104.0	480.5
		ub :	363.8189	108.5721	488.2687
		lb :	348.1811	99.4279	472.7313
		A:
			0.8493	0.4936	0.1871
			0.6462	0.4254	-0.6336
			0.0507	0.5596	0.8272
			0.057	-0.9786	-0.1975
			0.9896	-0.0886	0.1131
			0.1038	-0.4317	-0.896
			0.6462	0.0216	0.7629
			-0.7523	0.1867	0.6319
			-0.1288	-0.9822	0.1368
			-0.6462	-0.0216	-0.7629
			0.7523	-0.1867	-0.6319
			0.1288	0.9822	-0.1368
		b:
			448.2803
			-25.2803
			478.6409
			-172.536
			402.6769
			-433.3064
			603.8482
			60.7178
			-78.7439
			-593.8482
			-49.7178
			85.7439
	==================================================================================
	Q4:
		Shape: Hybrid
		q_c:	357.0	97.5	480.0
		ub :	360.7326	101.9523	484.6114
		lb :	353.2674	93.0477	475.3886
		P^-1:
			0.2241	-0.0491	-0.0422
			-0.0491	0.1572	-0.0799
			-0.0422	-0.0799	0.1812
		A:
			0.7812	0.5757	-0.2416
			-0.2832	-0.7746	0.5655
			0.2262	0.6238	-0.7481
			0.8187	-0.5147	-0.2547
			0.7928	-0.6093	0.0128
			-0.9971	-0.0619	0.0432
		b:
			220.8067
			96.0583
			-216.521
			120.9519
			230.8064
			-339.8835
	==================================================================================
	Q5:
		Shape: Polyhedra
		q_c:	343.0	114.0	483.0
		ub :	352.5527	123.514	490.9202
		lb :	333.4473	104.486	475.0798
		A:
			-0.1063	0.7754	0.6224
			-0.117	0.991	0.0652
			-0.1026	-0.5257	-0.8444
			0.128	-0.7929	-0.5958
			0.6722	0.6565	0.3423
			0.2085	-0.8561	-0.473
			0.4409	0.6589	0.6095
			0.2309	0.5729	-0.7864
			-0.8674	0.4875	0.1004
			-0.4409	-0.6589	-0.6095
			-0.2309	-0.5729	0.7864
			0.8674	-0.4875	-0.1004
		b:
			357.1654
			110.4658
			-499.2858
			-329.4799
			474.0126
			-249.1316
			522.6994
			-227.832
			-185.4553
			-518.6994
			242.832
			201.4553
	==================================================================================
	Q6:
		Shape: Ellipse
		q_c:	344.0	97.0	489.5
		ub :	349.422	102.0309	493.8871
		lb :	338.578	91.9691	485.1129
		P^-1:
			0.076	0.0325	0.0083
			0.0325	0.2248	-0.175
			0.0083	-0.175	0.3041


===========================================================================================
===========================================================================================
S2:
	q_c:	298.5	319.5	449.0
	ub :	316.1265	343.8399	466.1449
	lb :	275.6054	299.5133	428.2662

	==================================================================================
	Q1:
		Shape: Ellipse
		q_c:	293.5	325.5	441.0
		ub :	302.3568	333.5934	451.7
		lb :	284.6432	317.4066	430.3
		P^-1:
			0.0776	-0.0313	0.03
			-0.0313	0.0474	-0.0175
			0.03	-0.0175	0.0239
	==================================================================================
	Q2:
		Shape: Polyhedra
		q_c:	302.0	313.5	455.0
		ub :	311.5553	324.7442	466.1449
		lb :	292.4447	302.2558	443.8551
		A:
			-0.733	-0.0998	0.6729
			0.0388	0.717	0.696
			-0.2658	0.7468	-0.6096
			-0.0855	0.9938	-0.0711
			0.2182	0.0491	-0.9747
			-0.8707	-0.282	-0.4028
			0.1084	0.7146	0.6911
			0.7761	0.3736	-0.5081
			-0.6213	0.5914	-0.5141
			-0.1084	-0.7146	-0.6911
			-0.7761	-0.3736	0.5081
			0.6213	-0.5914	0.5141
		b:
			58.6776
			559.663
			-115.8624
			260.4656
			-356.0477
			-528.041
			577.714
			125.3153
			-228.1145
			-564.714
			-115.3153
			244.1145
	==================================================================================
	Q3:
		Shape: Ellipse
		q_c:	300.0	335.5	451.5
		ub :	307.7896	343.8399	460.5547
		lb :	292.2104	327.1601	442.4453
		P^-1:
			0.046	0.0053	0.0053
			0.0053	0.0407	-0.0052
			0.0053	-0.0052	0.0205
	==================================================================================
	Q4:
		Shape: Hybrid
		q_c:	308.0	315.0	440.0
		ub :	316.1265	325.1107	451.7338
		lb :	299.8735	304.8893	428.2662
		P^-1:
			0.0303	-0.0105	-0.0042
			-0.0105	0.039	0.0104
			-0.0042	0.0104	0.0137
		A:
			0.6424	0.0142	0.7662
			0.128	0.9917	-0.011
			-0.3459	0.8001	0.49
			0.5263	0.2946	0.7977
			0.0442	0.9902	0.1325
			0.773	-0.3052	-0.5562
		b:
			545.7652
			350.7989
			363.7251
			611.7986
			387.0375
			-98.9045
	==================================================================================
	Q5:
		Shape: Polyhedra
		q_c:	301.0	307.0	441.0
		ub :	308.7811	314.4867	447.0383
		lb :	293.2189	299.5133	434.9617
		A:
			-0.9267	0.1392	0.349
			-0.7636	0.2786	0.5825
			-0.9077	0.3197	-0.2718
			-0.4426	0.708	0.5503
			-0.0977	0.5526	-0.8277
			0.5513	-0.5016	-0.6667
			0.3571	0.9311	0.0747
			0.5912	-0.1634	-0.7898
			-0.7231	0.3262	-0.6088
			-0.3571	-0.9311	-0.0747
			-0.5912	0.1634	0.7898
			0.7231	-0.3262	0.6088
		b:
			-78.479
			115.5382
			-289.3239
			330.6291
			-219.5328
			-278.9752
			431.7794
			-218.0034
			-379.9988
			-420.7794
			223.0034
			391.9988
	==================================================================================
	Q6:
		Shape: Ellipse
		q_c:	286.0	330.5	457.5
		ub :	296.3946	340.4651	464.7202
		lb :	275.6054	320.5349	450.2798
		P^-1:
			0.0329	-0.0208	0.0359
			-0.0208	0.0473	-0.0532
			0.0359	-0.0532	0.1179


===========================================================================================
===========================================================================================
S3:
	q_c:	125.5	196.5	196.0
	ub :	133.3747	200.1224	200.6124
	lb :	118.9155	191.0394	189.6849

	==================================================================================
	Q1:
		Shape: Hybrid
		q_c:	122.0	197.0	198.0
		ub :	124.9684	200.1224	200.6124
		lb :	119.0316	193.8776	195.3876
		P^-1:
			0.2758	0.1362	0.0306
			0.1362	0.3273	0.0118
			0.0306	0.0118	0.2513
		A:
			0.5006	-0.4556	0.7361
			-0.8528	-0.2316	0.4682
			-0.0999	-0.8691	0.4844
			-0.2506	0.878	-0.4078
			-0.3063	-0.9184	-0.2504
			-0.0208	-0.6795	0.7334
		b:
			118.4577
			-55.6983
			-86.3371
			63.0666
			-266.9528
			10.035
	==================================================================================
	Q2:
		Shape: Hybrid
		q_c:	121.5	194.0	193.0
		ub :	124.0845	196.9606	195.7974
		lb :	118.9155	191.0394	190.2026
		P^-1:
			0.2736	0.036	-0.0523
			0.036	0.305	-0.0798
			-0.0523	-0.0798	0.3659
		A:
			0.1658	-0.3195	0.933
			-0.3339	0.9323	0.1391
			-0.8023	-0.5398	-0.2548
			0.914	0.3068	0.2655
			-0.0879	0.277	-0.9568
			-0.7323	0.1457	0.6652
		b:
			139.1376
			168.3597
			-250.1965
			223.0258
			-140.7021
			68.7125
	==================================================================================
	Q3:
		Shape: Polyhedra
		q_c:	125.0	194.0	191.5
		ub :	127.6721	196.3166	193.3151
		lb :	122.3279	191.6834	189.6849
		A:
			-0.9137	0.3516	-0.2038
			0.3946	0.7655	0.5082
			0.5685	0.5379	0.6224
			0.6482	0.7496	-0.1342
			-0.3838	-0.5215	-0.7621
			-0.6198	-0.4978	-0.6067
			0.5581	0.7339	0.3872
			0.7663	-0.6348	0.0986
			0.3181	0.2417	-0.9167
			-0.5581	-0.7339	-0.3872
			-0.7663	0.6348	-0.0986
			-0.3181	-0.2417	0.9167
		b:
			-82.6647
			295.7953
			295.3474
			201.6094
			-294.266
			-289.4164
			286.7834
			-5.9919
			-87.3984
			-285.7834
			10.9919
			90.3984
	==================================================================================
	Q4:
		Shape: Hybrid
		q_c:	130.0	196.5	196.5
		ub :	133.3747	199.119	199.9965
		lb :	126.6253	193.881	193.0035
		P^-1:
			0.2476	0.0787	-0.0159
			0.0787	0.3899	0.0785
			-0.0159	0.0785	0.2169
		A:
			-0.0965	0.9703	-0.2219
			-0.4805	-0.1915	0.8558
			-0.3435	0.3723	0.8622
			0.4416	-0.792	-0.4216
			-0.3846	-0.9202	0.0723
			-0.0183	0.537	0.8434
		b:
			135.7333
			69.4408
			199.1327
			-179.9921
			-215.7557
			269.9625
	==================================================================================
	Q5:
		Shape: Polyhedra
		q_c:	127.0	194.5	196.0
		ub :	129.9789	197.5698	198.3166
		lb :	124.0211	191.4302	193.6834
		A:
			0.1164	-0.2418	0.9633
			0.3145	0.5188	0.795
			-0.9142	-0.3798	-0.1412
			0.3286	0.1038	-0.9388
			-0.3937	-0.6217	0.6771
			-0.6384	-0.4842	0.5982
			0.3556	0.9146	0.1926
			0.8407	-0.223	-0.4934
			-0.4083	0.3374	-0.8482
			-0.3556	-0.9146	-0.1926
			-0.8407	0.223	0.4934
			0.4083	-0.3374	0.8482
		b:
			157.7202
			298.6686
			-215.4769
			-120.4817
			-36.3242
			-55.9645
			263.3038
			-31.3152
			-151.4688
			-258.3038
			35.3152
			153.4688
	==================================================================================
	Q6:
		Shape: Polyhedra
		q_c:	124.0	197.5	195.5
		ub :	126.7551	199.8595	198.8409
		lb :	121.2449	195.1405	192.1591
		A:
			-0.9547	0.0303	0.2961
			0.6542	0.5515	0.5175
			-0.8975	0.2878	-0.3343
			-0.9133	-0.3943	0.1025
			-0.9784	0.1356	-0.1562
			0.6827	0.7272	-0.0711
			0.8345	0.4748	0.2797
			-0.2575	-0.1127	0.9597
			0.4871	-0.8729	0.0282
			-0.8345	-0.4748	-0.2797
			0.2575	0.1127	-0.9597
			-0.4871	0.8729	-0.0282
		b:
			-52.4725
			292.8754
			-118.2676
			-169.2912
			-123.5584
			216.1132
			253.4242
			136.425
			-104.9635
			-250.4242
			-130.425
			107.9635


===========================================================================================
===========================================================================================
S4:
	q_c:	214.5	240.0	469.0
	ub :	247.1554	266.8205	502.3279
	lb :	181.8535	207.303	439.6056

	==================================================================================
	Q1:
		Shape: Hybrid
		q_c:	213.0	227.0	473.5
		ub :	223.2005	237.1916	479.4109
		lb :	202.7995	216.8084	467.5891
		P^-1:
			0.1248	-0.0662	-0.3084
			-0.0662	0.0518	0.1781
			-0.3084	0.1781	0.8483
		A:
			-0.2526	0.5442	0.8
			-0.4707	0.3635	0.8039
			-0.2069	0.3589	0.9102
			0.0939	0.6213	-0.7779
			0.8641	0.4689	0.183
			0.3209	-0.2986	-0.8988
		b:
			451.3635
			364.7388
			469.9907
			-201.1425
			386.0308
			-424.1869
	==================================================================================
	Q2:
		Shape: Hybrid
		q_c:	195.5	230.5	485.5
		ub :	209.1465	243.3925	502.3279
		lb :	181.8535	217.6075	468.6721
		P^-1:
			0.0331	-0.0146	-0.0148
			-0.0146	0.0214	0.0049
			-0.0148	0.0049	0.0138
		A:
			-0.9105	-0.0649	0.4084
			0.2927	0.9045	-0.3103
			-0.4061	0.0432	0.9128
			-0.8675	0.2497	0.4302
			0.2491	-0.2207	-0.943
			-0.5962	0.7881	-0.1531
		b:
			9.4225
			121.46
			380.3804
			99.4864
			-452.0622
			-4.5799
	==================================================================================
	Q3:
		Shape: Hybrid
		q_c:	206.5	239.5	490.0
		ub :	217.739	253.3118	499.7312
		lb :	195.261	225.6882	480.2688
		P^-1:
			0.0171	-0.0025	0.0009
			-0.0025	0.0095	0.0023
			0.0009	0.0023	0.0199
		A:
			0.2282	-0.9708	0.0745
			-0.9288	-0.3488	-0.1252
			0.737	-0.2094	-0.6426
			-0.4128	0.3492	-0.8412
			-0.8925	0.1785	0.4141
			0.9626	-0.2318	-0.1402
		b:
			-142.161
			-331.4341
			-208.8776
			-409.5079
			65.4613
			78.5844
	==================================================================================
	Q4:
		Shape: Ellipse
		q_c:	218.0	258.5	449.5
		ub :	227.8392	266.8205	459.3944
		lb :	208.1608	250.1795	439.6056
		P^-1:
			0.0438	0.0151	0.0225
			0.0151	0.0514	0.0201
			0.0225	0.0201	0.0333
	==================================================================================
	Q5:
		Shape: Polyhedra
		q_c:	209.0	216.5	460.5
		ub :	217.1426	223.5738	467.9761
		lb :	200.8574	209.4262	453.0239
		A:
			-0.2703	0.7011	-0.6599
			-0.4414	0.5501	-0.7089
			-0.8852	0.2886	-0.3649
			-0.1447	-0.9021	-0.4065
			0.8026	-0.3224	0.502
			-0.5217	0.8343	0.1782
			0.688	0.2328	0.6874
			-0.6092	-0.3295	0.7213
			0.3944	-0.915	-0.0848
			-0.688	-0.2328	-0.6874
			0.6092	0.3295	-0.7213
			-0.3944	0.915	0.0848
		b:
			-203.594
			-295.0526
			-286.5584
			-408.5631
			332.961
			158.2313
			514.2297
			140.0084
			-150.2391
			-507.2297
			-127.0084
			159.2391
	==================================================================================
	Q6:
		Shape: Hybrid
		q_c:	228.5	225.0	472.5
		ub :	247.1554	242.697	492.4729
		lb :	209.8446	207.303	452.5271
		P^-1:
			0.0054	-0.0009	0.0014
			-0.0009	0.0073	-0.0017
			0.0014	-0.0017	0.008
		A:
			-0.2363	0.3952	0.8877
			-0.0223	-0.0312	-0.9993
			0.0981	0.0843	0.9916
			0.0431	0.3683	-0.9287
			-0.5354	-0.0214	0.8443
			-0.7159	0.6791	-0.162
		b:
			462.4443
			-477.5654
			516.5865
			-340.081
			280.2425
			-80.4311


===========================================================================================
===========================================================================================
S5:
	q_c:	163.0	143.5	187.0
	ub :	171.4223	151.4943	193.7685
	lb :	156.446	136.9922	181.3091

	==================================================================================
	Q1:
		Shape: Ellipse
		q_c:	166.5	141.0	190.5
		ub :	169.8449	145.0078	192.6988
		lb :	163.1551	136.9922	188.3012
		P^-1:
			0.1672	0.0197	-0.0509
			0.0197	0.0876	-0.033
			-0.0509	-0.033	0.4313
	==================================================================================
	Q2:
		Shape: Hybrid
		q_c:	167.5	145.5	188.5
		ub :	170.143	148.2801	190.6868
		lb :	164.857	142.7199	186.3132
		P^-1:
			0.3117	0.0882	0.0203
			0.0882	0.3859	-0.0135
			0.0203	-0.0135	0.4413
		A:
			0.858	0.3637	-0.3628
			-0.1923	-0.1866	-0.9634
			0.8375	0.3642	-0.4074
			-0.1119	0.9189	-0.3782
			-0.3478	0.1732	-0.9214
			-0.3832	-0.828	0.4093
		b:
			129.1611
			-240.2068
			117.3892
			44.5749
			-205.9611
			-106.7471
	==================================================================================
	Q3:
		Shape: Ellipse
		q_c:	168.0	147.5	186.0
		ub :	171.4223	151.4943	190.107
		lb :	164.5777	143.5057	181.893
		P^-1:
			0.2427	0.0215	-0.0224
			0.0215	0.187	0.0657
			-0.0224	0.0657	0.1815
	==================================================================================
	Q4:
		Shape: Hybrid
		q_c:	160.0	147.5	185.0
		ub :	163.554	150.0206	188.6909
		lb :	156.446	144.9794	181.3091
		P^-1:
			0.4144	-0.3226	-0.227
			-0.3226	0.6557	0.1965
			-0.227	0.1965	0.291
		A:
			-0.1106	-0.962	-0.2495
			-0.3224	0.9385	0.1233
			0.4589	-0.5344	-0.7098
			0.3421	-0.9385	0.046
			-0.3246	0.9458	0.0116
			-0.1285	0.9674	0.2182
		b:
			-204.4821
			110.3721
			-135.8661
			-74.3268
			90.5084
			163.3969
	==================================================================================
	Q5:
		Shape: Polyhedra
		q_c:	161.5	142.5	190.0
		ub :	164.9325	145.7326	193.7685
		lb :	158.0675	139.2674	186.2315
		A:
			0.1925	-0.6869	-0.7008
			0.7658	-0.2083	0.6084
			-0.9737	-0.1102	-0.1994
			0.041	-0.4846	0.8738
			-0.3781	-0.8201	0.4294
			0.1007	0.9949	-0.0067
			0.4422	0.65	0.618
			-0.8343	0.0452	0.5494
			0.3291	-0.7586	0.5623
			-0.4422	-0.65	-0.618
			0.8343	-0.0452	-0.5494
			-0.3291	0.7586	-0.5623
		b:
			-197.6147
			211.7729
			-208.6275
			105.609
			-94.2317
			159.0051
			283.9677
			-21.9092
			53.8921
			-278.9677
			25.9092
			-49.8921
	==================================================================================
	Q6:
		Shape: Polyhedra
		q_c:	163.5	146.5	187.0
		ub :	167.6492	150.5286	190.1147
		lb :	159.3508	142.4714	183.8853
		A:
			-0.3154	0.202	0.9272
			0.0169	-0.1529	0.9881
			-0.1959	0.9537	-0.2283
			-0.2902	0.0945	0.9523
			0.8462	-0.5283	0.0701
			-0.8183	0.2469	0.519
			0.869	0.4715	0.1502
			0.4909	-0.7825	-0.383
			-0.063	0.4066	-0.9114
			-0.869	-0.4715	-0.1502
			-0.4909	0.7825	0.383
			0.063	-0.4066	0.9114
		b:
			153.415
			167.1565
			67.1239
			146.4818
			76.5262
			1.9198
			242.7476
			-104.0061
			-119.1891
			-235.7476
			108.0061
			123.1891


===========================================================================================
===========================================================================================
S6:
	q_c:	157.5	29.0	209.5
	ub :	167.4295	41.3855	222.5314
	lb :	145.939	21.1221	199.769

	==================================================================================
	Q1:
		Shape: Polyhedra
		q_c:	150.5	31.5	214.0
		ub :	155.061	34.8295	218.895
		lb :	145.939	28.1705	209.105
		A:
			-0.0127	0.565	-0.825
			0.084	0.5831	-0.808
			0.0343	-0.9957	-0.0865
			-0.0098	-0.9148	0.4037
			0.4855	-0.8733	-0.0395
			-0.6455	-0.6786	0.3505
			0.616	0.2867	0.7338
			-0.7821	0.3345	0.5259
			-0.0947	-0.8978	0.4302
			-0.616	-0.2867	-0.7338
			0.7821	-0.3345	-0.5259
			0.0947	0.8978	-0.4302
		b:
			-158.3626
			-139.7923
			-42.6256
			57.6107
			39.1589
			-41.3605
			262.7576
			7.8678
			51.0398
			-254.7576
			-2.8678
			-48.0398
	==================================================================================
	Q2:
		Shape: Ellipse
		q_c:	162.5	26.5	215.0
		ub :	167.4295	31.8779	218.846
		lb :	157.5705	21.1221	211.154
		P^-1:
			0.1203	0.059	-0.0643
			0.059	0.129	-0.1406
			-0.0643	-0.1406	0.3556
	==================================================================================
	Q3:
		Shape: Polyhedra
		q_c:	157.5	33.5	204.0
		ub :	161.3826	37.3536	208.231
		lb :	153.6174	29.6464	199.769
		A:
			0.7174	0.6956	-0.0377
			-0.34	-0.453	-0.8241
			-0.4526	0.8845	-0.1132
			-0.8688	0.0287	0.4943
			0.1759	0.3719	-0.9115
			0.113	0.2359	0.9652
			0.1249	0.9519	0.2797
			-0.7033	0.2838	-0.6518
			-0.6998	-0.1153	0.7049
			-0.1249	-0.9519	-0.2797
			0.7033	-0.2838	0.6518
			0.6998	0.1153	-0.7049
		b:
			131.3863
			-234.0914
			-61.9495
			-32.5416
			-143.2673
			225.2377
			111.6291
			-231.724
			32.2207
			-105.6291
			236.724
			-27.2207
	==================================================================================
	Q4:
		Shape: Hybrid
		q_c:	155.5	34.5	215.0
		ub :	162.2932	41.3855	222.5314
		lb :	148.7068	27.6145	207.4686
		P^-1:
			0.0561	-0.0135	-0.0148
			-0.0135	0.0593	0.0085
			-0.0148	0.0085	0.0556
		A:
			0.6748	-0.5803	0.4559
			-0.8677	-0.4103	0.2805
			0.6638	-0.7427	0.0884
			0.0443	-0.6172	-0.7856
			0.5555	-0.1237	-0.8223
			-0.5307	0.3363	-0.778
		b:
			185.6542
			-86.0017
			98.8325
			-180.9628
			-92.6315
			-235.1516
	==================================================================================
	Q5:
		Shape: Ellipse
		q_c:	159.5	34.5	217.5
		ub :	162.9571	36.9902	221.8837
		lb :	156.0429	32.0098	213.1163
		P^-1:
			0.7358	-0.084	0.4124
			-0.084	0.2645	-0.0702
			0.4124	-0.0702	0.299
	==================================================================================
	Q6:
		Shape: Hybrid
		q_c:	152.5	29.5	218.5
		ub :	154.9501	31.6244	221.1612
		lb :	150.0499	27.3756	215.8388
		P^-1:
			0.3704	0.0664	-0.0707
			0.0664	0.8252	0.2951
			-0.0707	0.2951	0.4989
		A:
			-0.7199	-0.5401	-0.436
			-0.7932	0.4706	0.3865
			0.2919	-0.0445	-0.9554
			-0.0273	0.9846	0.1725
			-0.6956	-0.6705	-0.258
			0.8346	0.5025	0.2258
		b:
			-220.0366
			-21.6749
			-164.5413
			63.2242
			-181.4099
			192.416


===========================================================================================
===========================================================================================
S7:
	q_c:	115.0	303.0	117.0
	ub :	124.9127	311.3893	126.2648
	lb :	106.6462	290.901	103.9371

	==================================================================================
	Q1:
		Shape: Polyhedra
		q_c:	113.5	306.0	112.5
		ub :	117.1115	310.897	117.9589
		lb :	109.8885	301.103	107.0411
		A:
			0.9769	-0.2137	0.0047
			-0.9762	0.1817	-0.1183
			0.6178	-0.7641	-0.1855
			-0.6848	-0.1193	0.7189
			-0.5812	-0.2144	0.785
			-0.684	0.7289	0.0303
			0.3884	0.5331	0.7516
			-0.9214	0.232	0.3117
			-0.0082	-0.8136	0.5813
			-0.3884	-0.5331	-0.7516
			0.9214	-0.232	-0.3117
			0.0082	0.8136	-0.5813
		b:
			48.303
			-66.0064
			-182.0843
			-31.0391
			-40.8335
			151.0674
			296.2709
			3.4751
			-182.0049
			-287.2709
			0.5249
			187.0049
	==================================================================================
	Q2:
		Shape: Ellipse
		q_c:	111.0	297.0	113.0
		ub :	115.3538	302.3751	118.5338
		lb :	106.6462	291.6249	107.4662
		P^-1:
			0.1861	0.0191	0.0868
			0.0191	0.0655	0.0134
			0.0868	0.0134	0.1234
	==================================================================================
	Q3:
		Shape: Polyhedra
		q_c:	118.0	306.5	121.5
		ub :	120.5954	310.6604	126.2648
		lb :	115.4046	302.3396	116.7352
		A:
			0.8434	0.5143	0.1555
			-0.1528	-0.5431	0.8256
			0.0298	0.763	0.6457
			0.8873	-0.3991	-0.2312
			0.9218	0.3492	-0.1685
			0.4424	0.5235	-0.7282
			0.045	0.3636	0.9305
			-0.905	0.4093	-0.1161
			-0.4231	-0.8368	0.3475
			-0.045	-0.3636	-0.9305
			0.905	-0.4093	0.1161
			0.4231	0.8368	-0.3475
		b:
			278.5652
			-81.1472
			319.5168
			-43.8027
			197.4323
			127.0657
			233.8072
			6.061
			-261.69
			-225.8072
			-3.061
			266.69
	==================================================================================
	Q4:
		Shape: Ellipse
		q_c:	118.5	296.0	110.5
		ub :	124.9127	301.099	117.0629
		lb :	112.0873	290.901	103.9371
		P^-1:
			0.0622	0.0039	0.0203
			0.0039	0.0502	0.0033
			0.0203	0.0033	0.0586
	==================================================================================
	Q5:
		Shape: Polyhedra
		q_c:	110.5	301.5	117.0
		ub :	113.6899	306.8379	122.7503
		lb :	107.3101	296.1621	111.2497
		A:
			0.6945	-0.7167	-0.0627
			-0.7434	0.0621	0.666
			0.9085	-0.1776	0.3783
			0.5399	0.7716	-0.3365
			0.7692	-0.5499	-0.3254
			-0.8501	0.4351	0.2967
			0.5403	0.6618	0.5197
			0.103	0.5609	-0.8214
			-0.8351	0.4974	0.2349
			-0.5403	-0.6618	-0.5197
			-0.103	-0.5609	0.8214
			0.8351	-0.4974	-0.2349
		b:
			-145.0493
			17.2644
			93.6695
			256.998
			-117.7741
			73.0344
			323.5412
			88.9057
			86.1516
			-316.5412
			-79.9057
			-84.1516
	==================================================================================
	Q6:
		Shape: Hybrid
		q_c:	117.0	305.5	117.0
		ub :	122.6526	311.3893	120.1749
		lb :	111.3474	299.6107	113.8251
		P^-1:
			0.1346	-0.0785	0.034
			-0.0785	0.1052	-0.029
			0.034	-0.029	0.2102
		A:
			-0.8634	0.4628	-0.2007
			-0.7283	0.572	-0.3775
			-0.5527	0.7901	-0.265
			0.2833	-0.2741	-0.919
			-0.4883	0.82	0.2987
			0.8957	-0.0432	-0.4426
		b:
			18.2362
			46.4727
			147.1654
			-156.7008
			230.1257
			42.2085


===========================================================================================
===========================================================================================
S8:
	q_c:	513.5	349.0	458.5
	ub :	521.5651	356.8339	469.5546
	lb :	506.4083	338.4344	452.0265

	==================================================================================
	Q1:
		Shape: Ellipse
		q_c:	509.5	343.5	459.5
		ub :	512.5917	348.5656	463.7843
		lb :	506.4083	338.4344	455.2157
		P^-1:
			0.237	0.043	0.0199
			0.043	0.0975	-0.0373
			0.0199	-0.0373	0.138
	==================================================================================
	Q2:
		Shape: Polyhedra
		q_c:	516.5	344.0	466.0
		ub :	521.1726	349.0225	469.5546
		lb :	511.8274	338.9775	462.4454
		A:
			0.014	-0.1692	0.9855
			-0.1467	-0.3263	-0.9338
			-0.1228	0.3358	0.9339
			0.9263	0.3299	-0.1821
			-0.1436	-0.8782	0.4562
			-0.3422	-0.2877	-0.8945
			0.7444	0.604	0.2846
			-0.0551	-0.3692	0.9277
			0.6655	-0.7063	-0.2415
			-0.7444	-0.604	-0.2846
			0.0551	0.3692	-0.9277
			-0.6655	0.7063	0.2415
		b:
			410.338
			-620.5879
			489.9853
			510.0571
			-161.0834
			-689.9714
			727.9034
			278.8399
			-8.2877
			-721.9034
			-274.8399
			15.2877
	==================================================================================
	Q3:
		Shape: Hybrid
		q_c:	513.5	349.5	454.5
		ub :	516.8407	352.6308	456.9735
		lb :	510.1593	346.3692	452.0265
		P^-1:
			0.2761	0.1957	0.165
			0.1957	0.5061	0.3395
			0.165	0.3395	0.6278
		A:
			0.3562	0.93	-0.0902
			-0.0532	0.268	-0.9619
			0.254	0.9159	0.3108
			0.554	0.6445	0.527
			-0.3725	-0.6415	-0.6706
			-0.8212	0.1127	-0.5594
		b:
			468.1972
			-369.4824
			592.688
			749.8748
			-719.7861
			-634.9735
	==================================================================================
	Q4:
		Shape: Polyhedra
		q_c:	515.0	352.0	463.5
		ub :	518.9762	356.8339	468.209
		lb :	511.0238	347.1661	458.791
		A:
			0.0345	0.737	-0.675
			-0.574	0.4576	0.6791
			-0.9084	0.2379	-0.3437
			0.7691	-0.3941	0.5031
			-0.8543	-0.3784	0.3565
			0.6742	0.4602	-0.5777
			0.3265	0.7942	0.5126
			0.8588	-0.0228	-0.5117
			-0.3947	0.6073	-0.6895
			-0.3265	-0.7942	-0.5126
			-0.8588	0.0228	0.5117
			0.3947	-0.6073	0.6895
		b:
			-33.4593
			183.1468
			-541.1292
			492.7408
			-405.3593
			243.7241
			689.7503
			199.096
			-307.1059
			-680.7503
			-195.096
			311.1059
	==================================================================================
	Q5:
		Shape: Polyhedra
		q_c:	517.0	351.5	460.5
		ub :	520.2048	354.5078	464.2894
		lb :	513.7952	348.4922	456.7106
		A:
			-0.4912	-0.2941	-0.8199
			0.7066	-0.5923	0.3872
			-0.854	0.0837	-0.5135
			0.0361	-0.7725	-0.634
			0.0098	-0.8007	0.5989
			0.2225	0.973	-0.062
			0.0791	0.9755	0.2052
			0.641	0.1078	-0.7599
			-0.7634	0.1916	-0.6168
			-0.0791	-0.9755	-0.2052
			-0.641	-0.1078	0.7599
			0.7634	-0.1916	0.6168
		b:
			-733.125
			336.8921
			-647.4061
			-542.183
			1.9528
			431.0873
			480.7767
			22.8913
			-610.3729
			-475.7767
			-15.8913
			612.3729
	==================================================================================
	Q6:
		Shape: Polyhedra
		q_c:	517.5	344.5	462.0
		ub :	521.5651	348.7547	466.5697
		lb :	513.4349	340.2453	457.4303
		A:
			0.4695	-0.8504	0.2377
			-0.9596	-0.2814	-0.0069
			-0.2356	-0.5626	0.7925
			-0.6941	0.5973	0.4019
			0.8873	0.3408	0.3106
			-0.3834	0.0169	0.9234
			0.6986	0.3429	0.6281
			-0.7121	0.4193	0.5631
			-0.0703	-0.8406	0.537
			-0.6986	-0.3429	-0.6281
			0.7121	-0.4193	-0.5631
			0.0703	0.8406	-0.537
		b:
			62.6497
			-594.09
			53.0302
			35.7135
			722.3215
			237.1333
			771.7836
			39.5986
			-75.3499
			-767.7836
			-32.5986
			80.3499


===========================================================================================
===========================================================================================
S9:
	q_c:	340.0	287.0	153.5
	ub :	360.9284	304.2283	178.5743
	lb :	321.1846	264.3479	138.0412

	==================================================================================
	Q1:
		Shape: Ellipse
		q_c:	342.0	289.5	156.0
		ub :	345.7744	295.3703	159.2351
		lb :	338.2256	283.6297	152.7649
		P^-1:
			0.2233	0.0296	0.038
			0.0296	0.0377	0.0078
			0.038	0.0078	0.1821
	==================================================================================
	Q2:
		Shape: Hybrid
		q_c:	350.5	283.0	164.0
		ub :	360.9284	293.9226	171.5122
		lb :	340.0716	272.0774	156.4878
		P^-1:
			0.0217	-0.002	-0.0035
			-0.002	0.022	-0.0056
			-0.0035	-0.0056	0.0378
		A:
			0.7479	-0.2523	0.614
			-0.5153	0.298	0.8035
			-0.5185	0.8424	-0.1463
			-0.2737	-0.4955	0.8243
			0.4638	-0.143	0.8743
			-0.325	0.06	0.9438
		b:
			295.2775
			38.7126
			36.6144
			-98.2445
			268.8202
			60.5816
	==================================================================================
	Q3:
		Shape: Ellipse
		q_c:	330.0	299.0	163.5
		ub :	334.6717	304.2283	172.8423
		lb :	325.3283	293.7717	154.1577
		P^-1:
			0.1548	-0.0923	-0.0173
			-0.0923	0.1545	0.0205
			-0.0173	0.0205	0.0155
	==================================================================================
	Q4:
		Shape: Ellipse
		q_c:	344.5	276.5	167.5
		ub :	355.5304	288.6521	178.5743
		lb :	333.4696	264.3479	156.4257
		P^-1:
			0.0207	-0.0029	-0.0037
			-0.0029	0.0215	-0.0053
			-0.0037	-0.0053	0.023
	==================================================================================
	Q5:
		Shape: Polyhedra
		q_c:	333.5	290.0	147.0
		ub :	343.4604	298.3912	155.9588
		lb :	323.5396	281.6088	138.0412
		A:
			0.0462	-0.9901	-0.1329
			0.3906	0.878	0.2767
			-0.9594	-0.1031	0.2626
			-0.1892	-0.8672	-0.4606
			0.1577	-0.8648	-0.4767
			-0.8501	-0.5251	0.0408
			0.9776	0.1219	0.1713
			-0.1118	-0.3887	0.9146
			0.1781	-0.9133	-0.3664
			-0.9776	-0.1219	-0.1713
			0.1118	0.3887	-0.9146
			-0.1781	0.9133	0.3664
		b:
			-285.6695
			432.0699
			-303.1489
			-376.3057
			-262.7611
			-421.7726
			395.081
			-9.5703
			-253.8144
			-378.081
			21.5703
			264.8144
	==================================================================================
	Q6:
		Shape: Ellipse
		q_c:	331.0	284.5	157.0
		ub :	340.8154	294.1756	166.8644
		lb :	321.1846	274.8244	147.1356
		P^-1:
			0.0216	0.0043	0.0027
			0.0043	0.0377	-0.0126
			0.0027	-0.0126	0.0356


===========================================================================================
===========================================================================================
S10:
	q_c:	520.5	187.0	231.5
	ub :	534.0023	196.3483	244.1089
	lb :	507.0405	177.1291	226.2703

	==================================================================================
	Q1:
		Shape: Hybrid
		q_c:	515.0	189.5	233.0
		ub :	520.481	196.3483	238.1608
		lb :	509.519	182.6517	227.8392
		P^-1:
			0.0779	-0.0069	-0.0186
			-0.0069	0.0712	-0.0532
			-0.0186	-0.0532	0.1256
		A:
			0.6807	-0.2901	0.6726
			0.0509	0.1704	-0.9841
			-0.544	-0.8304	0.1206
			-0.7925	-0.2681	0.5477
			0.3215	-0.8623	0.3912
			0.1378	-0.503	-0.8532
		b:
			454.5761
			-168.9691
			-406.0801
			-329.4477
			95.4836
			-219.7183
	==================================================================================
	Q2:
		Shape: Polyhedra
		q_c:	513.0	189.0	239.5
		ub :	518.9595	194.9031	244.1089
		lb :	507.0405	183.0969	234.8911
		A:
			0.4331	0.9001	0.0476
			0.4546	0.5512	-0.6997
			0.9531	0.1129	0.2808
			0.5086	0.7828	0.3585
			0.4208	-0.6866	-0.5928
			-0.6653	-0.6973	-0.2667
			0.4045	0.3466	0.8463
			-0.6274	-0.5681	0.5325
			0.6654	-0.7464	-0.0123
			-0.4045	-0.3466	-0.8463
			0.6274	0.5681	-0.5325
			-0.6654	0.7464	0.0123
		b:
			407.0164
			172.8562
			581.0697
			498.1049
			-52.0579
			-533.6665
			479.1941
			-298.7014
			201.3364
			-472.1941
			304.7014
			-193.3364
	==================================================================================
	Q3:
		Shape: Polyhedra
		q_c:	519.5	184.0	234.5
		ub :	525.2925	189.1961	239.8613
		lb :	513.7075	178.8039	229.1387
		A:
			0.8134	-0.3098	0.4924
			0.9174	0.3474	0.1944
			-0.8524	-0.2725	0.4462
			0.3182	0.2606	-0.9115
			0.9125	0.1651	-0.3742
			0.2614	-0.6335	-0.7283
			0.4917	0.7308	0.4735
			0.608	0.1011	-0.7875
			-0.6233	0.6751	-0.3946
			-0.4917	-0.7308	-0.4735
			-0.608	-0.1011	0.7875
			0.6233	-0.6751	0.3946
		b:
			484.841
			589.2567
			-385.323
			2.6432
			419.7977
			-148.4507
			503.933
			152.8113
			-288.1459
			-497.933
			-146.8113
			296.1459
	==================================================================================
	Q4:
		Shape: Hybrid
		q_c:	522.0	189.0	232.0
		ub :	528.0808	195.2348	237.7297
		lb :	515.9192	182.7652	226.2703
		P^-1:
			0.1124	-0.05	-0.027
			-0.05	0.1075	-0.0255
			-0.027	-0.0255	0.0844
		A:
			0.6378	-0.5332	-0.5558
			0.8905	0.0797	-0.448
			-0.7493	0.5386	0.3854
			-0.6804	0.121	-0.7228
			-0.2592	-0.7253	0.6378
			0.5413	0.1322	-0.8303
		b:
			104.8769
			377.7995
			-198.5241
			-496.7879
			-122.5836
			116.6622
	==================================================================================
	Q5:
		Shape: Polyhedra
		q_c:	523.5	181.5	238.5
		ub :	527.3624	185.8709	242.8274
		lb :	519.6376	177.1291	234.1726
		A:
			-0.3951	-0.8934	0.2139
			-0.121	-0.0773	0.9896
			0.0513	0.8465	0.53
			0.0972	0.6465	0.7567
			0.8267	-0.2254	0.5155
			0.4116	0.4083	0.8148
			0.2698	0.782	0.5618
			-0.0687	0.5976	-0.7989
			-0.9605	0.1769	0.2149
			-0.2698	-0.782	-0.5618
			0.0687	-0.5976	0.7989
			0.9605	-0.1769	-0.2149
		b:
			-315.2201
			161.3322
			309.8745
			351.6648
			517.6405
			486.817
			420.1654
			-115.5142
			-416.4311
			-414.1654
			120.5142
			422.4311
	==================================================================================
	Q6:
		Shape: Polyhedra
		q_c:	528.0	189.0	239.5
		ub :	534.0023	194.4461	243.2835
		lb :	521.9977	183.5539	235.7165
		A:
			0.3413	0.379	-0.8602
			0.5958	-0.6384	0.4872
			-0.3926	0.6973	0.5997
			0.2165	0.2531	-0.9429
			-0.4728	-0.3894	0.7905
			-0.1848	-0.4913	0.8512
			0.815	0.3887	0.4298
			-0.2566	-0.423	0.869
			0.5196	-0.8185	-0.245
			-0.815	-0.3887	-0.4298
			0.2566	0.423	-0.869
			-0.5196	0.8185	0.245
		b:
			46.8989
			314.1395
			71.9433
			-62.3957
			-132.4748
			14.5152
			611.2096
			-6.3126
			64.9526
			-602.2096
			8.3126
			-56.9526


===========================================================================================
===========================================================================================
S11:
	q_c:	117.0	276.0	104.5
	ub :	130.0323	278.9601	128.5364
	lb :	89.0608	255.3521	80.7834

	==================================================================================
	Q1:
		Shape: Hybrid
		q_c:	105.0	269.5	120.5
		ub :	113.4218	277.9623	128.5364
		lb :	96.5782	261.0377	112.4636
		P^-1:
			0.0337	-0.0008	0.0029
			-0.0008	0.029	0.0027
			0.0029	0.0027	0.0382
		A:
			0.6716	-0.2375	0.7018
			-0.4555	-0.2207	0.8625
			0.8742	0.4756	-0.0981
			-0.1787	0.8907	0.418
			0.7869	-0.3675	0.4957
			0.8158	-0.5247	0.2432
		b:
			93.7719
			-0.3323
			211.3499
			274.7384
			46.1402
			-23.4592
	==================================================================================
	Q2:
		Shape: Ellipse
		q_c:	116.5	267.0	109.5
		ub :	124.1202	275.942	117.7591
		lb :	108.8798	258.058	101.2409
		P^-1:
			0.0371	-0.0029	-0.0017
			-0.0029	0.037	-0.0018
			-0.0017	-0.0018	0.0389
	==================================================================================
	Q3:
		Shape: Ellipse
		q_c:	98.0	270.0	108.5
		ub :	106.9392	278.9601	117.0193
		lb :	89.0608	261.0399	99.9807
		P^-1:
			0.0378	-0.0028	-0.0038
			-0.0028	0.0365	-0.0048
			-0.0038	-0.0048	0.0335
	==================================================================================
	Q4:
		Shape: Polyhedra
		q_c:	123.0	263.0	120.0
		ub :	130.0323	270.6479	125.6278
		lb :	115.9677	255.3521	114.3722
		A:
			-0.8779	0.4709	0.0866
			0.7362	0.4831	-0.4739
			-0.4887	0.4325	0.7577
			0.7323	0.3162	-0.6031
			-0.1989	-0.2509	0.9474
			-0.3686	-0.8157	0.4459
			0.4713	0.8017	0.3675
			0.8782	-0.4651	-0.1117
			0.0813	0.3754	-0.9233
			-0.4713	-0.8017	-0.3675
			-0.8782	0.4651	0.1117
			-0.0813	-0.3754	0.9233
		b:
			31.2518
			165.1159
			149.1276
			105.1044
			26.8007
			-202.1154
			317.9323
			-22.6984
			1.4503
			-307.9323
			32.6984
			5.5497
	==================================================================================
	Q5:
		Shape: Ellipse
		q_c:	107.5	267.5	97.5
		ub :	113.7461	275.8719	102.9125
		lb :	101.2539	259.1281	92.0875
		P^-1:
			0.0974	-0.0276	0.0247
			-0.0276	0.0557	0.0473
			0.0247	0.0473	0.1359
	==================================================================================
	Q6:
		Shape: Ellipse
		q_c:	106.0	265.5	91.0
		ub :	115.4052	275.0668	101.2166
		lb :	96.5948	255.9332	80.7834
		P^-1:
			0.0196	0.0022	0.0032
			0.0022	0.0305	-0.0034
			0.0032	-0.0034	0.0286


===========================================================================================
===========================================================================================
S12:
	q_c:	526.5	254.0	161.0
	ub :	545.9811	281.1665	183.1412
	lb :	509.3121	239.4789	142.6978

	==================================================================================
	Q1:
		Shape: Ellipse
		q_c:	529.0	270.0	167.0
		ub :	539.0783	281.1665	179.4985
		lb :	518.9217	258.8335	154.5015
		P^-1:
			0.0236	-0.003	-0.0057
			-0.003	0.0195	-0.0012
			-0.0057	-0.0012	0.0189
	==================================================================================
	Q2:
		Shape: Polyhedra
		q_c:	536.0	272.5	153.5
		ub :	545.9811	280.772	164.3022
		lb :	526.0189	264.228	142.6978
		A:
			0.6178	0.0552	-0.7844
			0.6511	-0.2928	-0.7003
			0.8103	-0.5851	0.0323
			0.2974	0.5762	-0.7613
			0.5142	-0.7818	0.3527
			0.1692	-0.9208	0.3514
			0.449	0.2006	0.8707
			-0.807	0.5093	0.2988
			-0.3836	-0.8369	0.3905
			-0.449	-0.2006	-0.8707
			0.807	-0.5093	-0.2988
			0.3836	0.8369	-0.3905
		b:
			231.5563
			167.6561
			285.6162
			204.9882
			122.4257
			-101.3017
			437.4712
			-242.4011
			-369.1887
			-420.4712
			253.4011
			378.1887
	==================================================================================
	Q3:
		Shape: Hybrid
		q_c:	534.5	246.5	174.5
		ub :	539.6949	252.769	180.2308
		lb :	529.3051	240.231	168.7692
		P^-1:
			0.0497	0.0008	0.0018
			0.0008	0.0344	0.0062
			0.0018	0.0062	0.0608
		A:
			-0.625	-0.6841	0.376
			-0.393	0.9073	0.1493
			0.3128	-0.2339	-0.9206
			-0.6963	-0.198	0.6899
			0.9163	0.1933	0.3507
			-0.2578	-0.4488	-0.8556
		b:
			-434.0006
			42.877
			-49.001
			-298.129
			600.9977
			-395.6276
	==================================================================================
	Q4:
		Shape: Polyhedra
		q_c:	533.5	249.5	170.0
		ub :	544.0929	259.3559	178.5883
		lb :	522.9071	239.6441	161.4117
		A:
			0.5574	0.7185	-0.416
			-0.0916	-0.6038	-0.7919
			-0.8622	0.0553	-0.5035
			0.3727	0.3149	0.8729
			-0.743	0.345	-0.5735
			0.0741	-0.3204	-0.9444
			0.51	0.8455	0.1582
			0.8083	-0.4083	-0.4241
			-0.294	0.3442	-0.8917
			-0.51	-0.8455	-0.1582
			-0.8083	0.4083	0.4241
			0.294	-0.3442	0.8917
		b:
			411.9364
			-327.9398
			-525.8339
			431.2615
			-402.0513
			-194.8447
			515.939
			264.7851
			-217.5739
			-503.939
			-249.7851
			227.5739
	==================================================================================
	Q5:
		Shape: Polyhedra
		q_c:	517.5	261.0	173.0
		ub :	525.6879	271.2187	183.1412
		lb :	509.3121	250.7813	162.8588
		A:
			-0.9579	-0.2204	-0.1838
			0.8666	-0.4938	-0.072
			0.9228	-0.0066	0.3852
			0.0059	0.857	0.5152
			-0.0284	0.1209	0.9923
			-0.7644	0.3978	-0.5074
			0.7395	0.4268	0.5205
			0.6528	-0.2662	-0.7092
			-0.1641	0.8643	-0.4755
			-0.7395	-0.4268	-0.5205
			-0.6528	0.2662	0.7092
			0.1641	-0.8643	0.4755
		b:
			-580.5835
			313.4943
			547.3484
			321.7716
			194.3348
			-373.0983
			588.1493
			151.658
			66.3919
			-580.1493
			-139.658
			-50.3919
	==================================================================================
	Q6:
		Shape: Hybrid
		q_c:	518.0	245.0	168.0
		ub :	524.0656	250.5211	173.7335
		lb :	511.9344	239.4789	162.2665
		P^-1:
			0.091	0.0443	0.0358
			0.0443	0.1255	-0.0062
			0.0358	-0.0062	0.0946
		A:
			-0.5697	-0.4258	-0.703
			-0.1192	-0.8508	0.5118
			-0.7841	-0.2997	-0.5434
			0.3728	0.6968	-0.6128
			0.5485	0.6193	0.5618
			-0.8733	-0.4872	-0.0028
		b:
			-516.0556
			-182.6017
			-569.4296
			262.719
			531.6191
			-570.3141


===========================================================================================
===========================================================================================
S13:
	q_c:	507.5	267.0	75.0
	ub :	517.7206	274.2631	84.7355
	lb :	498.7692	258.2703	66.9344

	==================================================================================
	Q1:
		Shape: Hybrid
		q_c:	512.0	268.0	77.0
		ub :	516.4984	272.0231	81.8431
		lb :	507.5016	263.9769	72.1569
		P^-1:
			0.1341	-0.0558	0.0069
			-0.0558	0.2108	-0.04
			0.0069	-0.04	0.0978
		A:
			0.3196	0.1178	-0.9402
			0.7578	-0.3983	-0.5167
			0.2471	0.9416	0.2287
			-0.1143	-0.7356	-0.6677
