3D_35_20_6_e                l = 3

===========================================================================================
===========================================================================================
S1:
	q_c:    476.5000    337.5000    306.5000
	ub :    487.0000    354.0000    314.0000
	lb :    466.0000    321.0000    299.0000

	==================================================================================
	Q1:
		Shape: Polyhedra
		q_c:    484.0000    332.5000    301.5000
		ub :    487.0926    334.6186    304.5335
		lb :    480.9074    330.3814    298.4665
		A:
			    -0.5771    -0.3611    -0.7325
			    -0.6361    0.7524    -0.1711
			    0.7471    0.3389    0.5718
			    0.8548    0.2655    0.4458
			    0.4757    -0.8782    -0.0500
			    0.7760    -0.1460    0.6136
			    0.6281    0.4427    0.6399
			    -0.3379    0.8960    -0.2883
			    -0.7010    -0.0351    0.7123
			    -0.6281    -0.4427    -0.6399
			    0.3379    -0.8960    0.2883
			    0.7010    0.0351    -0.7123
		b:
			    -619.6290
			    -107.2289
			    647.3543
			    637.4996
			    -74.6765
			    513.2982
			    644.6431
			    49.4709
			    -133.1640
			    -643.6431
			    -45.4709
			    139.1640
	==================================================================================
	Q2:
		Shape: Ellipse
		q_c:    478.5000    342.0000    308.5000
		ub :    481.4782    345.3513    311.2237
		lb :    475.5218    338.6487    305.7763
		P^-1: 
			    0.4586    -0.0852    -0.3408
			    -0.0852    0.2523    0.1982
			    -0.3408    0.1982    0.6991
	==================================================================================
	Q3:
		Shape: Polyhedra
		q_c:    482.0000    335.0000    312.5000
		ub :    484.1323    338.5077    315.9322
		lb :    479.8677    331.4923    309.0678
		A:
			    0.6767    -0.3511    0.6471
			    0.5230    -0.4268    -0.7377
			    0.2896    -0.2127    0.9332
			    0.7562    -0.6167    0.2185
			    0.8983    -0.1829    -0.3995
			    0.9282    0.0302    0.3709
			    0.0716    0.4393    0.8955
			    0.4193    0.8013    -0.4267
			    -0.9050    0.4060    -0.1269
			    -0.0716    -0.4393    -0.8955
			    -0.4193    -0.8013    0.4267
			    0.9050    -0.4060    0.1269
		b:
			    412.3745
			    -119.2791
			    362.2394
			    227.3649
			    248.4866
			    574.8856
			    464.0138
			    339.7209
			    -338.8417
			    -459.0138
			    -334.7209
			    340.8417
	==================================================================================
	Q4:
		Shape: Polyhedra
		q_c:    474.5000    333.0000    306.5000
		ub :    477.2564    337.4030    308.3617
		lb :    471.7436    328.5970    304.6383
		A:
			    0.8207    0.1355    -0.5551
			    0.6331    0.2433    -0.7349
			    0.5507    -0.8294    0.0942
			    -0.4991    0.5869    -0.6376
			    0.5515    0.1080    0.8272
			    0.3866    -0.1860    -0.9033
			    0.1839    0.9797    0.0802
			    0.0376    0.0745    -0.9965
			    -0.9822    0.1863    -0.0231
			    -0.1839    -0.9797    -0.0802
			    -0.0376    -0.0745    0.9965
			    0.9822    -0.1863    0.0231
		b:
			    266.3860
			    158.1707
			    17.1752
			    -234.4607
			    553.1001
			    -153.6571
			    442.0686
			    -261.2942
			    -409.1164
			    -434.0686
			    264.2942
			    413.1164
	==================================================================================
	Q5:
		Shape: Hybrid
		q_c:    475.5000    341.0000    311.5000
		ub :    479.9810    344.8439    315.1156
		lb :    471.0190    337.1561    307.8844
		P^-1: 
			    0.1393    0.0676    0.0425
			    0.0676    0.2087    -0.0260
			    0.0425    -0.0260    0.2337
		A:
			    0.8384    0.2399    0.4895
			    -0.3996    0.5625    -0.7238
			    0.8434    -0.2861    0.4548
			    0.3191    -0.5513    0.7709
			    -0.0249    0.9259    0.3770
			    -0.2649    -0.9589    -0.1016
		b:
			    634.2298
			    -222.3742
			    446.9450
			    205.0024
			    422.9453
			    -483.4190
	==================================================================================
	Q6:
		Shape: Hybrid
		q_c:    478.5000    335.0000    307.5000
		ub :    481.2320    337.4926    310.2680
		lb :    475.7680    332.5074    304.7320
		P^-1: 
			    0.3914    -0.0580    -0.0643
			    -0.0580    0.2738    0.0264
			    -0.0643    0.0264    0.2792
		A:
			    -0.4670    0.5831    -0.6648
			    0.5573    -0.3441    -0.7557
			    0.8965    0.2237    -0.3824
			    -0.0066    0.6066    -0.7950
			    -0.7772    0.6214    -0.0987
			    -0.7296    -0.0258    0.6834
		b:
			    -231.3640
			    -80.0868
			    387.2555
			    -43.1709
			    -193.1741
			    -146.7529


===========================================================================================
===========================================================================================
S2:
	q_c:    384.5000    261.5000    200.0000
	ub :    408.0000    270.0000    223.0000
	lb :    361.0000    253.0000    177.0000

	==================================================================================
	Q1:
		Shape: Hybrid
		q_c:    381.0000    267.0000    205.5000
		ub :    385.0881    272.8090    211.6890
		lb :    376.9119    261.1910    199.3110
		P^-1: 
			    0.1474    -0.0174    -0.0303
			    -0.0174    0.0722    -0.0104
			    -0.0303    -0.0104    0.0714
		A:
			    -0.8479    0.4633    -0.2578
			    0.9564    0.2275    -0.1830
			    -0.4954    0.4694    -0.7310
			    -0.7051    0.6494    0.2847
			    0.9984    0.0264    0.0505
			    0.0139    -0.9761    -0.2168
		b:
			    -250.5873
			    389.1198
			    -211.2640
			    -35.0148
			    399.4436
			    -297.0966
	==================================================================================
	Q2:
		Shape: Hybrid
		q_c:    383.5000    262.0000    191.5000
		ub :    387.1479    266.3642    196.1702
		lb :    379.8521    257.6358    186.8298
		P^-1: 
			    0.1554    -0.0068    -0.0146
			    -0.0068    0.1095    0.0108
			    -0.0146    0.0108    0.0878
		A:
			    -0.4215    -0.2626    0.8680
			    0.7190    -0.6949    -0.0155
			    0.4759    -0.7393    0.4763
			    -0.8501    -0.5263    0.0195
			    0.6868    0.5718    -0.4487
			    -0.7028    0.6198    -0.3492
		b:
			    -62.2547
			    92.1841
			    81.9804
			    -458.6571
			    328.9436
			    -172.2487
	==================================================================================
	Q3:
		Shape: Ellipse
		q_c:    386.0000    261.5000    196.5000
		ub :    391.8698    267.1174    200.8841
		lb :    380.1302    255.8826    192.1159
		P^-1: 
			    0.0896    -0.0046    -0.0369
			    -0.0046    0.0842    0.0255
			    -0.0369    0.0255    0.1304
	==================================================================================
	Q4:
		Shape: Polyhedra
		q_c:    382.5000    266.5000    197.0000
		ub :    387.8173    272.2996    202.1065
		lb :    377.1827    260.7004    191.8935
		A:
			    -0.6472    -0.1998    0.7357
			    0.5691    -0.8045    0.1698
			    -0.6919    -0.2126    0.6900
			    -0.0624    0.2337    -0.9703
			    0.8849    0.2033    -0.4192
			    -0.1835    -0.2830    -0.9414
			    0.7875    0.5944    0.1627
			    -0.2147    0.5120    -0.8317
			    -0.5777    0.6201    0.5308
			    -0.7875    -0.5944    -0.1627
			    0.2147    -0.5120    0.8317
			    0.5777    -0.6201    -0.5308
		b:
			    -152.4110
			    40.3011
			    -181.9431
			    -149.5981
			    313.4554
			    -327.6963
			    494.6895
			    -106.5101
			    52.8521
			    -488.6895
			    112.5101
			    -44.8521
	==================================================================================
	Q5:
		Shape: Hybrid
		q_c:    392.0000    255.0000    193.0000
		ub :    395.9644    259.1145    195.7987
		lb :    388.0356    250.8855    190.2013
		P^-1: 
			    0.2455    -0.1768    0.0717
			    -0.1768    0.2873    0.0637
			    0.0717    0.0637    0.4186
		A:
			    0.1108    -0.0956    0.9892
			    -0.1232    -0.8770    -0.4645
			    0.7157    -0.4453    -0.5380
			    0.0766    0.7315    0.6775
			    -0.2743    -0.3643    -0.8900
			    0.6936    -0.5144    -0.5042
		b:
			    210.9548
			    -359.8589
			    64.4656
			    348.5698
			    -371.2720
			    44.5436
	==================================================================================
	Q6:
		Shape: Hybrid
		q_c:    386.0000    263.0000    195.5000
		ub :    389.5736    266.3371    199.0943
		lb :    382.4264    259.6629    191.9057
		P^-1: 
			    0.2956    0.1389    0.0298
			    0.1389    0.3023    0.0305
			    0.0298    0.0305    0.1666
		A:
			    -0.9578    0.1492    0.2457
			    0.5645    0.8071    -0.1730
			    0.8464    -0.5317    -0.0278
			    0.8706    0.3780    -0.3149
			    0.9427    0.2682    -0.1986
			    -0.7332    -0.5382    -0.4156
		b:
			    -280.9031
			    397.2667
			    183.1677
			    375.0268
			    396.7259
			    -504.9461


===========================================================================================
===========================================================================================
S3:
	q_c:    391.5000    277.0000    153.5000
	ub :    415.0000    288.0000    169.0000
	lb :    368.0000    266.0000    138.0000

	==================================================================================
	Q1:
		Shape: Ellipse
		q_c:    384.0000    283.0000    163.5000
		ub :    388.9584    288.2162    168.2731
		lb :    379.0416    277.7838    158.7269
		P^-1: 
			    0.1911    -0.0744    0.0505
			    -0.0744    0.0885    -0.0278
			    0.0505    -0.0278    0.0822
	==================================================================================
	Q2:
		Shape: Polyhedra
		q_c:    401.5000    281.5000    155.0000
		ub :    408.2662    286.5527    161.1630
		lb :    394.7338    276.4473    148.8370
		A:
			    -0.9240    0.3817    0.0223
			    -0.8640    -0.3977    -0.3087
			    0.1048    -0.9944    -0.0163
			    0.6762    0.5775    0.4574
			    0.9450    0.3244    -0.0416
			    -0.1261    -0.6801    0.7222
			    0.5811    0.0583    0.8117
			    -0.7907    0.2764    0.5462
			    -0.1925    -0.9593    0.2067
			    -0.5811    -0.0583    -0.8117
			    0.7907    -0.2764    -0.5462
			    0.1925    0.9593    -0.2067
		b:
			    -255.1606
			    -503.0657
			    -236.5548
			    508.2003
			    468.7277
			    -126.5347
			    378.5517
			    -149.4886
			    -311.7919
			    -372.5517
			    160.4886
			    318.7919
	==================================================================================
	Q3:
		Shape: Hybrid
		q_c:    403.5000    281.0000    163.5000
		ub :    409.0022    286.4568    170.6736
		lb :    397.9978    275.5432    156.3264
		P^-1: 
			    0.1840    0.0523    0.0859
			    0.0523    0.0797    0.0212
			    0.0859    0.0212    0.0767
		A:
			    0.8006    0.5947    0.0730
			    0.2995    -0.9412    -0.1562
			    0.7285    0.3371    0.5964
			    -0.5001    -0.7212    -0.4793
			    0.5587    0.2458    0.7921
			    -0.5960    0.5084    0.6215
		b:
			    503.8809
			    -165.6766
			    487.4289
			    -480.8959
			    426.1267
			    8.7598
	==================================================================================
	Q4:
		Shape: Hybrid
		q_c:    388.0000    268.5000    163.5000
		ub :    394.7194    275.4678    167.5027
		lb :    381.2806    261.5322    159.4973
		P^-1: 
			    0.0431    0.0048    -0.0011
			    0.0048    0.0532    -0.0270
			    -0.0011    -0.0270    0.1531
		A:
			    -0.1588    0.1063    0.9816
			    0.9333    0.1457    0.3282
			    0.4156    0.3864    0.8234
			    0.3168    -0.8099    0.4937
			    0.5694    -0.0533    -0.8204
			    0.1704    0.7900    -0.5890
		b:
			    129.1213
			    458.2550
			    402.0383
			    -11.0835
			    74.8552
			    184.1657
	==================================================================================
	Q5:
		Shape: Hybrid
		q_c:    398.5000    273.0000    158.0000
		ub :    404.9889    279.1295    162.7892
		lb :    392.0111    266.8705    153.2108
		P^-1: 
			    0.0707    -0.0560    0.0615
			    -0.0560    0.1702    -0.1755
			    0.0615    -0.1755    0.3061
		A:
			    0.2600    -0.7972    0.5449
			    0.8040    0.3336    0.4922
			    0.2682    -0.6542    0.7072
			    0.3838    -0.7512    0.5370
			    0.0240    -0.7882    0.6150
			    -0.8397    -0.1363    -0.5257
		b:
			    -26.6073
			    493.1101
			    40.8606
			    34.0223
			    -106.9390
			    -451.3971
	==================================================================================
	Q6:
		Shape: Hybrid
		q_c:    401.5000    279.5000    159.0000
		ub :    408.1552    285.5503    163.9414
		lb :    394.8448    273.4497    154.0586
		P^-1: 
			    0.0577    0.0396    0.0063
			    0.0396    0.1142    -0.0313
			    0.0063    -0.0313    0.1323
		A:
			    -0.6117    -0.0025    -0.7911
			    -0.0592    -0.4933    -0.8678
			    -0.5612    -0.8032    0.1996
			    -0.8142    -0.5170    0.2642
			    0.3416    0.7599    -0.5531
			    0.1548    -0.8767    0.4554
		b:
			    -370.0149
			    -297.4626
			    -416.6108
			    -427.0882
			    262.8927
			    -108.3482


===========================================================================================
===========================================================================================
S4:
	q_c:    345.5000    80.5000    85.0000
	ub :    370.0000    97.0000    102.0000
	lb :    321.0000    64.0000    68.0000

	==================================================================================
	Q1:
		Shape: Ellipse
		q_c:    335.5000    80.0000    71.5000
		ub :    344.9169    91.5636    82.0451
		lb :    326.0831    68.4364    60.9549
		P^-1: 
			    0.0347    0.0095    0.0005
			    0.0095    0.0231    0.0003
			    0.0005    0.0003    0.0178
	==================================================================================
	Q2:
		Shape: Ellipse
		q_c:    351.5000    69.0000    101.0000
		ub :    359.9461    79.2098    110.3405
		lb :    343.0539    58.7902    91.6595
		P^-1: 
			    0.0334    -0.0017    -0.0143
			    -0.0017    0.0128    0.0034
			    -0.0143    0.0034    0.0359
	==================================================================================
	Q3:
		Shape: Polyhedra
		q_c:    334.5000    65.0000    87.5000
		ub :    343.7559    73.2905    97.4217
		lb :    325.2441    56.7095    77.5783
		A:
			    0.8175    -0.4724    0.3295
			    0.3889    0.7759    -0.4967
			    -0.5856    0.3540    -0.7292
			    0.4430    0.6483    -0.6193
			    -0.2984    0.7060    -0.6423
			    -0.7864    0.4071    -0.4646
			    0.7988    0.4977    0.3380
			    0.3071    -0.8205    0.4822
			    0.5173    -0.2813    -0.8082
			    -0.7988    -0.4977    -0.3380
			    -0.3071    0.8205    -0.4822
			    -0.5173    0.2813    0.8082
		b:
			    276.5202
			    142.2605
			    -231.9077
			    141.7833
			    -105.5037
			    -272.4751
			    334.1180
			    96.0969
			    91.5408
			    -324.1180
			    -87.0969
			    -76.5408
	==================================================================================
	Q4:
		Shape: Ellipse
		q_c:    345.0000    79.0000    91.0000
		ub :    349.0921    83.0255    94.0054
		lb :    340.9079    74.9745    87.9946
		P^-1: 
			    0.2095    0.1091    -0.0910
			    0.1091    0.2324    -0.1056
			    -0.0910    -0.1056    0.2736
	==================================================================================
	Q5:
		Shape: Polyhedra
		q_c:    336.5000    67.5000    87.0000
		ub :    343.2532    75.7781    93.3983
		lb :    329.7468    59.2219    80.6017
		A:
			    0.0456    0.1230    -0.9914
			    -0.2650    -0.5964    -0.7577
			    -0.4202    -0.8852    -0.1999
			    -0.4609    -0.5627    0.6862
			    -0.3974    -0.9170    -0.0356
			    -0.8670    0.1210    -0.4834
			    0.6117    0.0446    0.7899
			    -0.7899    -0.0219    0.6129
			    0.0447    -0.9988    0.0218
			    -0.6117    -0.0446    -0.7899
			    0.7899    0.0219    -0.6129
			    -0.0447    0.9988    -0.0218
		b:
			    -58.0548
			    -189.6893
			    -211.3043
			    -127.3294
			    -191.2600
			    -321.3001
			    281.5498
			    -208.9483
			    -42.4948
			    -273.5498
			    218.9483
			    58.4948
	==================================================================================
	Q6:
		Shape: Ellipse
		q_c:    337.5000    65.5000    77.5000
		ub :    344.6551    70.3748    83.9284
		lb :    330.3449    60.6252    71.0716
		P^-1: 
			    0.0518    -0.0202    -0.0454
			    -0.0202    0.0847    0.0356
			    -0.0454    0.0356    0.1137


===========================================================================================
===========================================================================================
S5:
	q_c:    297.0000    386.5000    157.0000
	ub :    311.0000    407.0000    184.0000
	lb :    283.0000    366.0000    130.0000

	==================================================================================
	Q1:
		Shape: Hybrid
		q_c:    294.5000    391.5000    165.5000
		ub :    303.6240    400.4817    171.4934
		lb :    285.3760    382.5183    159.5066
		P^-1: 
			    0.0314    0.0141    0.0003
			    0.0141    0.0384    -0.0002
			    0.0003    -0.0002    0.0494
		A:
			    0.1723    -0.1464    -0.9741
			    -0.7770    0.5610    0.2856
			    0.6448    0.7633    0.0396
			    -0.8947    -0.4020    -0.1945
			    0.5587    0.7171    -0.4167
			    -0.7506    0.5131    0.4162
		b:
			    -165.3265
			    42.6911
			    497.5495
			    -450.2191
			    378.5778
			    53.1267
	==================================================================================
	Q2:
		Shape: Ellipse
		q_c:    299.5000    396.5000    152.0000
		ub :    305.6542    403.7043    159.4224
		lb :    293.3458    389.2957    144.5776
		P^-1: 
			    0.0731    0.0128    0.0109
			    0.0128    0.0449    0.0042
			    0.0109    0.0042    0.0436
	==================================================================================
	Q3:
		Shape: Polyhedra
		q_c:    308.5000    387.0000    148.5000
		ub :    315.8774    395.1409    155.7700
		lb :    301.1226    378.8591    141.2300
		A:
			    0.4791    -0.8732    0.0897
			    -0.6785    0.1417    -0.7208
			    -0.6404    -0.1748    -0.7479
			    0.4430    0.1470    0.8844
			    0.5699    0.6482    0.5051
			    -0.4307    -0.4323    -0.7922
			    0.5045    0.3491    0.7897
			    -0.0226    -0.9090    0.4162
			    0.8631    -0.2279    -0.4506
			    -0.5045    -0.3491    -0.7897
			    0.0226    0.9090    -0.4162
			    -0.8631    0.2279    0.4506
		b:
			    -169.9393
			    -257.8179
			    -374.0958
			    327.0015
			    504.6757
			    -416.1272
			    409.4926
			    -290.4456
			    118.6703
			    -406.4926
			    303.4456
			    -103.6703
	==================================================================================
	Q4:
		Shape: Ellipse
		q_c:    292.5000    381.0000    164.0000
		ub :    302.7433    388.5284    172.2735
		lb :    282.2567    373.4716    155.7265
		P^-1: 
			    0.0225    -0.0055    0.0058
			    -0.0055    0.0383    0.0018
			    0.0058    0.0018    0.0300
	==================================================================================
	Q5:
		Shape: Hybrid
		q_c:    296.5000    398.5000    152.0000
		ub :    300.3404    401.4175    155.4990
		lb :    292.6596    395.5825    148.5010
		P^-1: 
			    0.1602    0.0164    0.0966
			    0.0164    0.3230    0.0981
			    0.0966    0.0981    0.3224
		A:
			    0.0096    -0.2673    -0.9636
			    -0.0076    -0.4192    0.9078
			    0.2579    0.8219    -0.5079
			    0.5395    0.7995    0.2641
			    -0.7079    -0.6418    -0.2948
			    0.4771    -0.8650    0.1555
		b:
			    -249.0063
			    -29.8477
			    328.4021
			    519.9119
			    -509.1099
			    -178.3502
	==================================================================================
	Q6:
		Shape: Hybrid
		q_c:    306.5000    375.5000    167.0000
		ub :    320.0877    388.6212    180.1306
		lb :    292.9123    362.3788    153.8694
		P^-1: 
			    0.0192    -0.0079    -0.0007
			    -0.0079    0.0205    -0.0002
			    -0.0007    -0.0002    0.0115
		A:
			    0.0726    0.9974    0.0017
			    -0.9459    0.3090    -0.0987
			    0.7231    -0.4794    -0.4972
			    0.4305    -0.7873    -0.4413
			    -0.3407    0.9256    -0.1648
			    0.5172    0.7088    -0.4796
		b:
			    401.9054
			    -186.4126
			    -37.4150
			    -233.4461
			    219.2586
			    350.5325


===========================================================================================
===========================================================================================
S6:
	q_c:    486.0000    217.0000    280.5000
	ub :    506.0000    233.0000    288.0000
	lb :    466.0000    201.0000    273.0000

	==================================================================================
	Q1:
		Shape: Hybrid
		q_c:    491.0000    218.0000    285.0000
		ub :    495.8669    222.7955    289.1931
		lb :    486.1331    213.2045    280.8069
		P^-1: 
			    0.1290    -0.0117    -0.0205
			    -0.0117    0.1187    0.0133
			    -0.0205    0.0133    0.1345
		A:
			    0.7115    -0.6756    -0.1934
			    -0.4486    0.8257    0.3419
			    -0.6880    -0.7156    0.1208
			    0.8169    -0.5384    -0.2069
			    -0.0453    -0.5056    0.8616
			    0.0173    -0.5523    0.8335
		b:
			    148.3428
			    58.6050
			    -457.6406
			    226.1735
			    114.7542
			    127.3251
	==================================================================================
	Q2:
		Shape: Ellipse
		q_c:    489.0000    214.0000    288.5000
		ub :    492.6340    217.7178    290.6283
		lb :    485.3660    210.2822    286.3717
		P^-1: 
			    0.2428    0.1395    -0.1632
			    0.1395    0.2731    -0.2595
			    -0.1632    -0.2595    0.8453
	==================================================================================
	Q3:
		Shape: Ellipse
		q_c:    492.0000    214.5000    286.0000
		ub :    495.3367    217.4886    289.9507
		lb :    488.6633    211.5114    282.0493
		P^-1: 
			    0.1546    0.0140    -0.0147
			    0.0140    0.7410    0.4115
			    -0.0147    0.4115    0.3460
	==================================================================================
	Q4:
		Shape: Ellipse
		q_c:    490.5000    221.5000    286.5000
		ub :    492.2016    225.3654    289.1392
		lb :    488.7984    217.6346    283.8608
		P^-1: 
			    2.8607    0.2212    1.7110
			    0.2212    0.1100    0.1855
			    1.7110    0.1855    1.3609
	==================================================================================
	Q5:
		Shape: Hybrid
		q_c:    485.0000    220.5000    281.0000
		ub :    488.6825    224.1893    284.4407
		lb :    481.3175    216.8107    277.5593
		P^-1: 
			    0.5147    0.3019    0.3061
			    0.3019    0.3036    0.2513
			    0.3061    0.2513    0.4233
		A:
			    0.4305    0.4467    0.7843
			    0.2324    0.7214    0.6523
			    -0.1806    -0.1380    -0.9738
			    0.7090    0.6290    0.3189
			    -0.6227    -0.5002    -0.6017
			    0.9657    0.2457    -0.0837
		b:
			    528.4255
			    456.3287
			    -390.2353
			    572.9239
			    -580.8666
			    500.4589
	==================================================================================
	Q6:
		Shape: Ellipse
		q_c:    482.0000    219.0000    283.5000
		ub :    486.0261    221.9169    287.4146
		lb :    477.9739    216.0831    279.5854
		P^-1: 
			    0.1491    -0.0058    -0.0616
			    -0.0058    0.2497    -0.0035
			    -0.0616    -0.0035    0.2123


===========================================================================================
===========================================================================================
S7:
	q_c:    292.5000    168.0000    84.5000
	ub :    309.0000    199.0000    96.0000
	lb :    276.0000    137.0000    73.0000

	==================================================================================
	Q1:
		Shape: Hybrid
		q_c:    293.5000    161.5000    91.0000
		ub :    298.9899    167.4571    95.4183
		lb :    288.0101    155.5429    86.5817
		P^-1: 
			    0.0720    0.0167    -0.0002
			    0.0167    0.0996    0.0777
			    -0.0002    0.0777    0.2094
		A:
			    -0.5996    -0.3124    -0.7368
			    -0.3747    0.3505    0.8583
			    -0.1966    -0.8322    -0.5184
			    0.0755    -0.1383    0.9875
			    0.8973    -0.1697    0.4076
			    -0.2052    -0.1405    -0.9686
		b:
			    -291.7122
			    26.1172
			    -237.6243
			    91.6453
			    276.0639
			    -169.5667
	==================================================================================
	Q2:
		Shape: Ellipse
		q_c:    302.0000    171.0000    76.5000
		ub :    308.5862    176.9386    82.9697
		lb :    295.4138    165.0614    70.0303
		P^-1: 
			    0.0758    -0.0263    0.0021
			    -0.0263    0.0874    -0.0131
			    0.0021    -0.0131    0.0598
	==================================================================================
	Q3:
		Shape: Hybrid
		q_c:    289.5000    175.5000    82.5000
		ub :    296.9783    182.1791    88.6591
		lb :    282.0217    168.8209    76.3409
		P^-1: 
			    0.0591    -0.0124    0.0304
			    -0.0124    0.0757    0.0229
			    0.0304    0.0229    0.0858
		A:
			    -0.4000    0.8227    0.4040
			    0.4323    -0.3185    0.8436
			    -0.5357    -0.5595    -0.6324
			    0.0746    -0.9934    0.0873
			    -0.9130    -0.2960    -0.2806
			    0.0956    0.0705    0.9929
		b:
			    63.8693
			    140.8824
			    -303.6133
			    -142.9659
			    -336.4643
			    124.2533
	==================================================================================
	Q4:
		Shape: Hybrid
		q_c:    292.0000    159.5000    74.0000
		ub :    297.9202    166.5059    80.9660
		lb :    286.0798    152.4941    67.0340
		P^-1: 
			    0.0744    -0.0114    0.0073
			    -0.0114    0.0545    -0.0033
			    0.0073    -0.0033    0.0515
		A:
			    0.6171    -0.7494    -0.2402
			    -0.6583    -0.3511    -0.6659
			    -0.1182    -0.2325    0.9654
			    0.2397    -0.8708    -0.4294
			    -0.6044    0.7930    -0.0768
			    0.3475    0.4587    0.8178
		b:
			    45.0593
			    -295.0866
			    2.5501
			    -98.1121
			    -53.6562
			    237.7940
	==================================================================================
	Q5:
		Shape: Polyhedra
		q_c:    292.0000    163.5000    90.0000
		ub :    297.3889    167.7570    95.2961
		lb :    286.6111    159.2430    84.7039
		A:
			    -0.4770    -0.8735    0.0976
			    -0.2592    -0.9187    0.2981
			    -0.4094    -0.1689    0.8966
			    0.1589    -0.9570    0.2427
			    -0.2503    -0.6924    0.6767
			    0.0119    0.9312    -0.3643
			    0.2688    0.4761    0.8373
			    -0.9620    0.0897    0.2578
			    0.0476    -0.8748    0.4821
			    -0.2688    -0.4761    -0.8373
			    0.9620    -0.0897    -0.2578
			    -0.0476    0.8748    -0.4821
		b:
			    -270.1712
			    -196.3229
			    -62.8260
			    -85.5832
			    -122.5212
			    125.4645
			    235.1846
			    -238.5369
			    -83.2411
			    -228.1846
			    247.5369
			    88.2411
	==================================================================================
	Q6:
		Shape: Hybrid
		q_c:    288.0000    159.0000    89.0000
		ub :    295.3004    166.2419    95.0037
		lb :    280.6996    151.7581    82.9963
		P^-1: 
			    0.0543    0.0334    0.0397
			    0.0334    0.0747    0.0400
			    0.0397    0.0400    0.1081
		A:
			    -0.5955    0.7823    0.1826
			    0.0857    0.7143    0.6945
			    0.4138    0.8053    0.4246
			    -0.5184    -0.7220    0.4583
			    -0.6400    0.0026    -0.7683
			    -0.2531    0.8676    0.4281
		b:
			    -26.4618
			    202.1122
			    286.7212
			    -220.0585
			    -249.9827
			    106.5911


===========================================================================================
===========================================================================================
S8:
	q_c:    460.5000    191.5000    416.5000
	ub :    478.0000    209.0000    434.0000
	lb :    443.0000    174.0000    399.0000

	==================================================================================
	Q1:
		Shape: Hybrid
		q_c:    443.0000    175.5000    420.5000
		ub :    453.4741    186.2076    430.8788
		lb :    432.5259    164.7924    410.1212
		P^-1: 
			    0.0100    0.0001    0.0003
			    0.0001    0.0209    0.0102
			    0.0003    0.0102    0.0245
		A:
			    0.4354    -0.4571    -0.7756
			    -0.0254    0.9739    0.2256
			    0.9921    -0.0982    -0.0787
			    0.4894    0.8252    0.2819
			    0.8553    -0.0233    -0.5176
			    0.5654    -0.6350    -0.5264
		b:
			    -209.4593
			    258.7750
			    396.3703
			    484.9757
			    163.7394
			    -77.7039
	==================================================================================
	Q2:
		Shape: Polyhedra
		q_c:    475.5000    184.0000    405.5000
		ub :    485.2529    197.1762    419.1724
		lb :    465.7471    170.8238    391.8276
		A:
			    0.7198    -0.4561    0.5233
			    0.6414    0.5978    -0.4810
			    0.9614    0.2194    0.1660
			    -0.4770    -0.8729    0.1027
			    -0.9081    -0.0546    0.4152
			    -0.9492    -0.1871    0.2530
			    0.0964    0.7861    0.6105
			    -0.4028    0.5917    -0.6983
			    -0.9102    -0.1786    0.3737
			    -0.0964    -0.7861    -0.6105
			    0.4028    -0.5917    0.6983
			    0.9102    0.1786    -0.3737
		b:
			    478.7615
			    226.6356
			    571.7043
			    -337.9096
			    -267.4372
			    -377.1256
			    447.0629
			    -357.3157
			    -308.1119
			    -429.0629
			    374.3157
			    320.1119
	==================================================================================
	Q3:
		Shape: Polyhedra
		q_c:    470.5000    197.0000    432.0000
		ub :    478.8011    209.5147    443.3092
		lb :    462.1989    184.4853    420.6908
		A:
			    0.6946    0.0867    0.7141
			    -0.9324    0.0424    -0.3589
			    -0.4161    -0.6953    -0.5861
			    0.6276    -0.6154    -0.4769
			    0.4802    0.8474    0.2266
			    -0.2467    -0.3587    0.9003
			    0.8198    0.2342    0.5226
			    -0.5680    0.2170    0.7939
			    0.0725    -0.9477    0.3109
			    -0.8198    -0.2342    -0.5226
			    0.5680    -0.2170    -0.7939
			    -0.0725    0.9477    -0.3109
		b:
			    656.9690
			    -580.5920
			    -579.5448
			    -23.7277
			    498.6394
			    210.8196
			    661.6025
			    125.9465
			    -7.7365
			    -653.6025
			    -110.9465
			    28.7365
	==================================================================================
	Q4:
		Shape: Hybrid
		q_c:    476.0000    201.5000    404.5000
		ub :    482.4984    213.2867    412.2411
		lb :    469.5016    189.7133    396.7589
		P^-1: 
			    0.0743    -0.0060    0.0106
			    -0.0060    0.0121    0.0127
			    0.0106    0.0127    0.0660
		A:
			    -0.4099    -0.4090    -0.8153
			    0.9513    0.0065    0.3082
			    0.9821    0.0030    -0.1883
			    -0.8904    0.2208    0.3980
			    0.3260    0.2309    0.9167
			    0.9092    -0.3446    0.2336
		b:
			    -604.5635
			    580.6548
			    394.3168
			    -216.2262
			    574.4900
			    460.6823
	==================================================================================
	Q5:
		Shape: Ellipse
		q_c:    445.0000    183.5000    404.0000
		ub :    457.3820    193.7510    415.8778
		lb :    432.6180    173.2490    392.1222
		P^-1: 
			    0.0200    -0.0060    0.0076
			    -0.0060    0.0279    -0.0095
			    0.0076    -0.0095    0.0237
	==================================================================================
	Q6:
		Shape: Hybrid
		q_c:    473.0000    200.5000    417.0000
		ub :    486.9552    205.9997    431.5644
		lb :    459.0448    195.0003    402.4356
		P^-1: 
			    0.0096    -0.0084    0.0017
			    -0.0084    0.1083    -0.0144
			    0.0017    -0.0144    0.0098
		A:
			    -0.1335    -0.8155    0.5631
			    -0.0781    0.8972    -0.4347
			    0.2613    -0.9324    0.2498
			    0.1019    -0.9230    0.3710
			    0.1768    0.9833    -0.0418
			    0.3867    0.9201    -0.0618
		b:
			    12.8658
			    -35.2958
			    43.0339
			    20.3097
			    265.9545
			    345.7402


===========================================================================================
===========================================================================================
S9:
	q_c:    362.0000    89.0000    244.5000
	ub :    376.0000    96.0000    270.0000
	lb :    348.0000    82.0000    219.0000

	==================================================================================
	Q1:
		Shape: Polyhedra
		q_c:    368.5000    94.0000    247.5000
		ub :    372.8006    97.5622    251.2613
		lb :    364.1994    90.4378    243.7387
		A:
			    0.2024    0.9133    0.3534
			    0.8322    0.4316    0.3480
			    0.1439    0.2059    0.9679
			    0.4594    -0.5742    -0.6777
			    -0.8772    0.1517    -0.4555
			    -0.6022    0.6040    -0.5220
			    0.4879    0.4663    0.7379
			    -0.8720    0.2995    0.3872
			    -0.0404    -0.8324    0.5528
			    -0.4879    -0.4663    -0.7379
			    0.8720    -0.2995    -0.3872
			    0.0404    0.8324    -0.5528
		b:
			    249.7857
			    435.6739
			    313.8973
			    -48.9665
			    -418.9035
			    -291.7348
			    407.7448
			    -193.3381
			    45.6730
			    -404.7448
			    201.3381
			    -41.6730
	==================================================================================
	Q2:
		Shape: Ellipse
		q_c:    362.0000    83.5000    244.0000
		ub :    366.8205    87.4917    248.4461
		lb :    357.1795    79.5083    239.5539
		P^-1: 
			    0.1466    -0.0824    0.0913
			    -0.0824    0.2687    -0.1473
			    0.0913    -0.1473    0.2219
	==================================================================================
	Q3:
		Shape: Polyhedra
		q_c:    359.5000    95.0000    240.5000
		ub :    364.7802    100.2224    245.3290
		lb :    354.2198    89.7776    235.6710
		A:
			    -0.3396    -0.8439    0.4153
			    -0.0099    0.9623    -0.2717
			    -0.5961    0.6418    -0.4826
			    -0.3612    -0.8152    0.4527
			    -0.1606    0.6172    -0.7702
			    -0.6951    0.2461    0.6755
			    0.4811    0.7420    0.4669
			    0.7575    -0.6199    0.2047
			    0.4413    0.2552    -0.8603
			    -0.4811    -0.7420    -0.4669
			    -0.7575    0.6199    -0.2047
			    -0.4413    -0.2552    0.8603
		b:
			    -99.1894
			    25.6880
			    -266.3705
			    -95.2588
			    -181.3202
			    -61.0413
			    359.2296
			    265.6508
			    -21.0107
			    -352.2296
			    -259.6508
			    27.0107
	==================================================================================
	Q4:
		Shape: Hybrid
		q_c:    360.5000    90.0000    241.5000
		ub :    362.9620    92.0116    243.6999
		lb :    358.0380    87.9884    239.3001
		P^-1: 
			    0.5532    0.0225    -0.3595
			    0.0225    0.4323    0.0501
			    -0.3595    0.0501    0.7089
		A:
			    0.8894    0.3315    -0.3147
			    -0.2456    -0.3695    0.8962
			    -0.5070    -0.5399    0.6719
			    -0.1546    0.6370    -0.7552
			    0.8105    -0.4972    -0.3097
			    0.6677    -0.0447    -0.7431
		b:
			    275.2787
			    95.4772
			    -68.3836
			    -179.5676
			    173.5839
			    57.7207
	==================================================================================
	Q5:
		Shape: Hybrid
		q_c:    359.0000    92.5000    249.5000
		ub :    360.4651    94.1770    251.7567
		lb :    357.5349    90.8230    247.2433
		P^-1: 
			    0.9667    0.0165    -0.1527
			    0.0165    0.4441    -0.0180
			    -0.1527    -0.0180    0.2836
		A:
			    -0.7427    -0.0762    0.6653
			    0.9876    -0.0761    -0.1373
			    0.9259    -0.3190    -0.2023
			    0.5414    0.5766    -0.6119
			    -0.3640    0.7503    0.5519
			    -0.7541    -0.3239    0.5714
		b:
			    -106.8604
			    313.7713
			    252.9950
			    95.9656
			    77.4822
			    -157.3623
	==================================================================================
	Q6:
		Shape: Polyhedra
		q_c:    360.0000    96.5000    246.0000
		ub :    363.8909    99.4907    250.9635
		lb :    356.1091    93.5093    241.0365
		A:
			    -0.6779    0.7088    0.1950
			    -0.1790    -0.8875    -0.4247
			    0.8038    -0.4085    0.4325
			    0.2090    0.9520    0.2239
			    0.2482    -0.3945    -0.8847
			    -0.6050    -0.5376    -0.5874
			    0.9828    0.1065    0.1512
			    -0.1475    -0.0417    0.9882
			    0.1116    -0.9934    -0.0252
			    -0.9828    -0.1065    -0.1512
			    0.1475    0.0417    -0.9882
			    -0.1116    0.9934    0.0252
		b:
			    -124.8176
			    -251.6744
			    359.4377
			    224.7893
			    -162.2036
			    -410.8684
			    404.2592
			    190.4716
			    -59.4183
			    -398.2592
			    -181.4716
			    64.4183


===========================================================================================
===========================================================================================
S10:
	q_c:    80.0000    155.0000    51.5000
	ub :    100.0000    174.0000    67.0000
	lb :    60.0000    136.0000    36.0000

	==================================================================================
	Q1:
		Shape: Polyhedra
		q_c:    70.5000    157.5000    40.0000
		ub :    75.5138    165.5652    47.0994
		lb :    65.4862    149.4348    32.9006
		A:
			    -0.1948    -0.8047    -0.5608
			    -0.1921    -0.1307    -0.9726
			    -0.7117    -0.5535    -0.4326
			    -0.4611    0.4278    0.7775
			    0.3261    -0.3688    -0.8704
			    0.9012    -0.2442    0.3580
			    0.6216    0.3429    0.7043
			    0.2097    0.7934    -0.5714
			    -0.7548    0.5029    0.4212
			    -0.6216    -0.3429    -0.7043
			    -0.2097    -0.7934    0.5714
			    0.7548    -0.5029    -0.4212
		b:
			    -159.3438
			    -69.1978
			    -151.1829
			    68.8427
			    -66.7578
			    42.3082
			    128.5045
			    124.3928
			    45.3420
			    -123.5045
			    -109.3928
			    -40.3420
	==================================================================================
	Q2:
		Shape: Ellipse
		q_c:    90.0000    152.0000    36.0000
		ub :    96.4337    160.7310    44.9990
		lb :    83.5663    143.2690    27.0010
		P^-1: 
			    0.0567    0.0052    0.0105
			    0.0052    0.0310    0.0049
			    0.0105    0.0049    0.0357
	==================================================================================
	Q3:
		Shape: Polyhedra
		q_c:    98.0000    151.5000    43.5000
		ub :    104.4655    155.2257    50.6287
		lb :    91.5345    147.7743    36.3713
		A:
			    -0.3154    -0.4979    -0.8079
			    -0.6780    0.3484    0.6473
			    -0.5041    0.8526    0.1381
			    0.6052    -0.7893    0.1030
			    -0.8452    -0.4946    0.2026
			    -0.4044    0.7019    0.5864
			    0.3028    0.0261    0.9527
			    -0.9436    -0.1326    0.3035
			    0.1343    -0.9908    -0.0156
			    -0.3028    -0.0261    -0.9527
			    0.9436    0.1326    -0.3035
			    -0.1343    0.9908    0.0156
		b:
			    -136.0004
			    19.0545
			    89.0617
			    -52.1904
			    -144.6092
			    96.3417
			    81.0629
			    -94.8608
			    -134.6281
			    -69.0629
			    103.8608
			    140.6281
	==================================================================================
	Q4:
		Shape: Polyhedra
		q_c:    72.5000    150.5000    51.0000
		ub :    74.3036    156.5472    55.3754
		lb :    70.6964    144.4528    46.6246
		A:
			    0.9638    0.1383    0.2280
			    0.8133    -0.1316    -0.5667
			    -0.6481    0.2145    -0.7307
			    -0.3631    0.4604    0.8101
			    -0.1163    0.6490    0.7518
			    -0.8596    -0.3646    -0.3580
			    0.0870    0.3474    0.9337
			    -0.0167    0.9376    -0.3473
			    -0.9961    0.0146    0.0874
			    -0.0870    -0.3474    -0.9337
			    0.0167    -0.9376    0.3473
			    0.9961    -0.0146    -0.0874
		b:
			    103.9847
			    12.0873
			    -48.8045
			    86.7402
			    130.5973
			    -133.3163
			    108.7072
			    127.6850
			    -64.0617
			    -103.7072
			    -116.6850
			    67.0617
	==================================================================================
	Q5:
		Shape: Ellipse
		q_c:    87.5000    169.5000    40.5000
