3D_35_13_6_e                l = 3

===========================================================================================
===========================================================================================
S1:
	q_c:	256.0	378.5	374.0
	ub :	264.8276	392.7756	385.5956
	lb :	246.3544	368.0816	364.4862

	==================================================================================
	Q1:
		Shape: Ellipse
		q_c:	251.5	380.0	369.0
		ub :	256.6456	385.0006	372.7381
		lb :	246.3544	374.9994	365.2619
		P^-1:
			0.1077	0.0177	0.0176
			0.0177	0.0941	0.0077
			0.0176	0.0077	0.151
	==================================================================================
	Q2:
		Shape: Hybrid
		q_c:	260.0	388.5	368.0
		ub :	264.3518	392.7756	371.5138
		lb :	255.6482	384.2244	364.4862
		P^-1:
			0.1111	-0.0	0.0
			-0.0	0.1111	-0.0
			0.0	-0.0	0.1111
		A:
			0.8377	-0.1715	-0.5186
			0.3278	0.2715	0.9049
			0.3561	-0.382	-0.8528
			0.3336	-0.7036	0.6274
			0.0347	-0.6126	0.7897
			-0.3913	-0.2793	0.8768
		b:
			-38.1595
			525.2168
			-368.1627
			45.7525
			63.1343
			113.897
	==================================================================================
	Q3:
		Shape: Polyhedra
		q_c:	259.0	380.5	376.5
		ub :	262.4775	383.3906	379.8731
		lb :	255.5225	377.6094	373.1269
		A:
			0.2354	0.6416	0.73
			-0.3269	-0.5765	-0.7489
			-0.2893	-0.4683	-0.8349
			0.4097	-0.8737	-0.2623
			0.4804	0.0884	-0.8726
			-0.6256	-0.4256	-0.6539
			0.3349	0.6946	0.6367
			-0.932	0.1447	0.3323
			0.1386	-0.7047	0.6958
			-0.3349	-0.6946	-0.6367
			0.932	-0.1447	-0.3323
			-0.1386	0.7047	-0.6958
		b:
			581.0299
			-584.8999
			-566.2147
			-322.8069
			-167.8283
			-568.7078
			591.7471
			-58.2148
			32.2338
			-589.7471
			64.2148
			-27.2338
	==================================================================================
	Q4:
		Shape: Ellipse
		q_c:	258.5	380.0	379.5
		ub :	264.5079	386.5903	385.5956
		lb :	252.4921	373.4097	373.4044
		P^-1:
			0.0787	0.0052	-0.0076
			0.0052	0.0723	0.0137
			-0.0076	0.0137	0.0616
	==================================================================================
	Q5:
		Shape: Hybrid
		q_c:	262.5	371.0	378.0
		ub :	264.8276	373.9184	380.4585
		lb :	260.1724	368.0816	375.5415
		P^-1:
			0.2518	0.0131	0.0177
			0.0131	0.1902	0.0866
			0.0177	0.0866	0.4124
		A:
			0.5156	-0.4072	-0.7539
			-0.4196	-0.5977	0.6831
			0.6106	-0.6742	0.4154
			0.4762	-0.6263	-0.6172
			-0.1357	-0.5267	-0.8392
			0.2137	0.643	0.7355
		b:
			-299.6989
			-72.2067
			68.748
			-339.5622
			-547.4015
			573.5656
	==================================================================================
	Q6:
		Shape: Hybrid
		q_c:	256.5	382.0	374.0
		ub :	261.3305	386.5003	378.682
		lb :	251.6695	377.4997	369.318
		P^-1:
			0.1214	-0.0248	-0.0064
			-0.0248	0.1432	-0.0119
			-0.0064	-0.0119	0.0881
		A:
			-0.993	-0.0336	-0.1133
			0.2376	-0.6544	0.7178
			-0.1681	0.8641	0.4744
			-0.184	0.8573	-0.4807
			-0.7489	0.6616	-0.0395
			-0.2653	-0.5745	-0.7743
		b:
			-308.1752
			81.0723
			466.0721
			101.9268
			47.1533
			-574.9246


===========================================================================================
===========================================================================================
S2:
	q_c:	159.0	211.5	518.0
	ub :	167.1307	222.756	527.4223
	lb :	149.1807	204.224	511.0448

	==================================================================================
	Q1:
		Shape: Hybrid
		q_c:	162.5	206.5	517.5
		ub :	164.2475	207.8176	518.5778
		lb :	160.7525	205.1824	516.4222
		P^-1:
			0.9151	-0.1341	-1.1693
			-0.1341	0.9739	0.0149
			-1.1693	0.0149	3.5554
		A:
			-0.1868	-0.1565	0.9698
			-0.6532	0.1464	0.7429
			0.1065	-0.5547	0.8252
			0.208	-0.9684	0.138
			0.0516	-0.1446	0.9881
			0.1596	0.706	-0.69
		b:
			439.5299
			308.9536
			330.366
			-94.0137
			490.3649
			-184.806
	==================================================================================
	Q2:
		Shape: Hybrid
		q_c:	159.0	211.5	521.0
		ub :	164.251	214.2392	526.2243
		lb :	153.749	208.7608	515.7757
		P^-1:
			0.0911	-0.0253	0.0287
			-0.0253	0.2411	-0.0227
			0.0287	-0.0227	0.0913
		A:
			-0.3537	0.856	-0.3771
			0.7006	-0.5529	0.4512
			0.402	-0.2896	0.8686
			0.2143	-0.8742	0.4357
			-0.9225	-0.0052	-0.3859
			0.0333	-0.097	0.9947
		b:
			-70.5729
			231.0731
			457.1211
			77.3427
			-346.69
			505.4758
	==================================================================================
	Q3:
		Shape: Polyhedra
		q_c:	154.0	214.0	522.5
		ub :	158.8193	216.9224	527.4223
		lb :	149.1807	211.0776	517.5777
		A:
			-0.6855	-0.1836	-0.7045
			0.3766	-0.9262	0.016
			-0.8669	0.4445	0.2257
			-0.0442	-0.5466	-0.8362
			-0.5128	0.8585	0.0044
			0.6966	0.6971	-0.1697
			0.6596	0.0809	0.7473
			-0.6039	-0.5349	0.591
			0.4475	-0.8411	-0.3039
			-0.6596	-0.0809	-0.7473
			0.6039	0.5349	-0.591
			-0.4475	0.8411	0.3039
		b:
			-508.9877
			-130.1255
			81.7483
			-557.6942
			108.8491
			170.5317
			513.3339
			103.8108
			-268.3766
			-505.3339
			-98.8108
			271.3766
	==================================================================================
	Q4:
		Shape: Hybrid
		q_c:	154.5	217.0	514.5
		ub :	158.0688	220.8597	517.9552
		lb :	150.9312	213.1403	511.0448
		P^-1:
			0.251	0.0656	0.1206
			0.0656	0.1155	0.0827
			0.1206	0.0827	0.3195
		A:
			-0.6255	0.7802	-0.0079
			0.6811	0.6302	0.3727
			0.7317	0.6606	0.1678
			-0.0879	-0.3895	-0.9168
			0.9583	0.2838	0.032
			-0.204	0.0731	-0.9762
		b:
			71.143
			435.0157
			344.2515
			-568.7219
			227.5118
			-516.6464
	==================================================================================
	Q5:
		Shape: Polyhedra
		q_c:	163.0	218.0	521.0
		ub :	167.1307	222.756	525.9434
		lb :	158.8693	213.244	516.0566
		A:
			-0.9106	-0.0255	-0.4126
			0.4561	-0.6028	0.6547
			-0.1695	-0.54	-0.8244
			0.3719	0.8919	0.2574
			-0.3784	0.1877	-0.9064
			0.9943	0.0034	-0.1061
			0.8421	0.1403	0.5208
			-0.3404	-0.6107	0.7149
			0.4184	-0.7793	-0.4665
			-0.8421	-0.1403	-0.5208
			0.3404	0.6107	-0.7149
			-0.4184	0.7793	0.4665
		b:
			-366.8823
			286.9504
			-572.2141
			392.014
			-490.2786
			110.0701
			441.1775
			187.3329
			-341.7645
			-437.1775
			-180.3329
			347.7645
	==================================================================================
	Q6:
		Shape: Polyhedra
		q_c:	159.0	208.5	519.5
		ub :	162.5618	212.776	524.1153
		lb :	155.4382	204.224	514.8847
		A:
			0.4671	-0.8048	-0.3662
			0.6098	0.3532	-0.7095
			-0.5032	0.8092	0.3033
			-0.8923	-0.1494	-0.4259
			-0.9352	0.1412	-0.3247
			-0.3754	0.049	0.9256
			0.1937	0.5163	0.8342
			-0.1918	0.8539	-0.4839
			-0.9621	-0.0663	0.2644
			-0.1937	-0.5163	-0.8342
			0.1918	-0.8539	0.4839
			0.9621	0.0663	-0.2644
		b:
			-280.9067
			-195.2758
			249.1274
			-391.5638
			-285.2673
			434.2036
			574.8268
			-100.8303
			-26.9436
			-568.8268
			106.8303
			31.9436


===========================================================================================
===========================================================================================
S3:
	q_c:	457.0	31.5	413.5
	ub :	476.1929	45.5774	433.8441
	lb :	437.7059	4.7335	390.9035

	==================================================================================
	Q1:
		Shape: Polyhedra
		q_c:	446.5	37.0	414.0
		ub :	455.2941	45.5774	422.3984
		lb :	437.7059	28.4226	405.6016
		A:
			0.279	-0.917	-0.285
			-0.4014	-0.8472	-0.3481
			-0.7158	-0.6963	0.0524
			0.6991	0.35	-0.6236
			-0.5617	-0.1622	0.8113
			-0.9169	0.0584	-0.3949
			0.3939	0.6808	0.6175
			0.7001	0.213	-0.6815
			-0.5955	0.7008	-0.3928
			-0.3939	-0.6808	-0.6175
			-0.7001	-0.213	0.6815
			0.5955	-0.7008	0.3928
		b:
			-21.791
			-350.0809
			-319.1533
			71.4364
			83.5718
			-565.0134
			461.2307
			42.8504
			-396.0588
			-452.2307
			-33.8504
			409.0588
	==================================================================================
	Q2:
		Shape: Hybrid
		q_c:	463.5	30.0	407.0
		ub :	474.5601	39.7261	417.3265
		lb :	452.4399	20.2739	396.6735
		P^-1:
			0.0258	-0.0031	0.0051
			-0.0031	0.0273	-0.0037
			0.0051	-0.0037	0.0215
		A:
			0.3173	-0.9461	-0.0645
			0.0896	-0.8956	0.4358
			-0.3546	0.553	-0.754
			-0.4344	0.9007	0.0043
			-0.7507	0.1808	0.6355
			-0.1298	0.5368	0.8336
		b:
			95.8013
			195.135
			-451.5383
			-169.3535
			-79.2887
			299.7428
	==================================================================================
	Q3:
		Shape: Polyhedra
		q_c:	452.5	16.5	402.5
		ub :	464.619	28.2665	414.0965
		lb :	440.381	4.7335	390.9035
		A:
			0.5979	0.5748	0.5586
			0.2476	-0.3092	0.9182
			-0.6402	-0.6475	0.4135
			0.9158	-0.02	-0.4011
			-0.4454	0.5587	-0.6996
			-0.8698	0.0482	0.491
			0.5568	0.4196	0.7168
			-0.688	0.7166	0.1149
			-0.4654	-0.5571	0.6877
			-0.5568	-0.4196	-0.7168
			0.688	-0.7166	-0.1149
			0.4654	0.5571	-0.6877
		b:
			513.3138
			484.1485
			-126.7443
			259.2816
			-466.8547
			-188.6185
			555.9103
			-247.2354
			63.9964
			-538.9103
			259.2354
			-49.9964
	==================================================================================
	Q4:
		Shape: Polyhedra
		q_c:	457.5	17.5	423.0
		ub :	466.9429	23.605	431.6699
		lb :	448.0571	11.395	414.3301
		A:
			0.5157	0.4985	-0.6968
			-0.011	-0.4521	0.8919
			-0.6977	-0.7078	-0.1103
			0.4958	0.7568	0.426
			-0.3879	0.9211	0.0332
			0.6216	0.7153	0.3193
			0.5397	0.2016	0.8174
			-0.8369	0.2336	0.495
			-0.0911	-0.9512	0.2948
			-0.5397	-0.2016	-0.8174
			0.8369	-0.2336	-0.495
			0.0911	0.9512	-0.2948
		b:
			-44.1765
			368.9953
			-373.5418
			424.3953
			-141.9931
			436.2755
			600.689
			-161.4025
			69.8545
			-591.689
			177.4025
			-62.8545
	==================================================================================
	Q5:
		Shape: Hybrid
		q_c:	472.0	34.0	427.0
		ub :	476.1929	40.5762	433.8441
		lb :	467.8071	27.4238	420.1559
		P^-1:
			0.0811	-0.0048	-0.0016
			-0.0048	0.0282	0.0003
			-0.0016	0.0003	0.0237
		A:
			0.8673	-0.4952	-0.0502
			-0.9069	0.2659	-0.3268
			-0.837	-0.1248	0.5328
			0.9382	0.3043	0.1652
			-0.6824	0.6218	-0.3843
			-0.676	-0.59	0.4415
		b:
			373.4142
			-556.2113
			-168.9271
			526.0439
			-461.8461
			-147.0765
	==================================================================================
	Q6:
		Shape: Ellipse
		q_c:	448.0	41.0	412.5
		ub :	457.3246	44.5129	417.5779
		lb :	438.6754	37.4871	407.4221
		P^-1:
			0.0167	-0.0381	0.0185
			-0.0381	0.3882	-0.1303
			0.0185	-0.1303	0.1144


===========================================================================================
===========================================================================================
S4:
	q_c:	444.5	84.5	177.0
	ub :	457.0763	101.5942	195.5443
	lb :	426.5974	64.3701	165.562

	==================================================================================
	Q1:
		Shape: Hybrid
		q_c:	450.5	86.0	184.5
		ub :	455.1428	93.1499	191.9406
		lb :	445.8572	78.8501	177.0594
		P^-1:
			0.0622	0.0015	0.0024
			0.0015	0.0424	-0.008
			0.0024	-0.008	0.0403
		A:
			-0.7006	-0.2518	0.6676
			0.3405	0.7039	-0.6234
			0.7335	0.6718	-0.1036
			0.1359	-0.3705	0.9188
			0.5018	-0.3434	-0.7939
			0.1909	0.8836	0.4275
		b:
			-211.626
			101.3439
			371.4217
			201.5568
			53.2698
			244.1548
	==================================================================================
	Q2:
		Shape: Polyhedra
		q_c:	440.0	91.5	186.5
		ub :	448.1271	95.8761	195.5443
		lb :	431.8729	87.1239	177.4557
		A:
			-0.4302	-0.6919	0.5799
			0.231	-0.953	-0.1959
			-0.8828	0.0502	0.4671
			0.8264	-0.1709	-0.5365
			0.8573	-0.4452	-0.2584
			0.8486	-0.3547	-0.3925
			0.5908	0.0263	0.8064
			-0.7755	-0.2571	0.5766
			0.2225	-0.966	-0.1315
			-0.5908	-0.0263	-0.8064
			0.7755	0.2571	-0.5766
			-0.2225	0.966	0.1315
		b:
			-140.9468
			-18.6062
			-293.479
			251.0403
			292.2376
			271.1824
			421.2481
			-254.2318
			-11.5109
			-404.2481
			260.2318
			18.5109
	==================================================================================
	Q3:
		Shape: Polyhedra
		q_c:	448.5	73.0	188.5
		ub :	457.0763	81.6299	194.3061
		lb :	439.9237	64.3701	182.6939
		A:
			0.5013	-0.2096	-0.8395
			-0.9262	-0.363	0.1023
			0.2402	0.5492	-0.8004
			0.5247	0.3605	-0.7712
			-0.4069	0.0981	-0.9082
			0.6586	-0.5369	-0.5273
			0.5396	0.7799	0.3173
			0.2748	0.1931	-0.9419
			-0.7958	0.5954	-0.1101
			-0.5396	-0.7799	-0.3173
			-0.2748	-0.1931	0.9419
			0.7958	-0.5954	0.1101
		b:
			55.3116
			-417.105
			0.85
			120.1548
			-341.9625
			161.7382
			364.7394
			-36.7029
			-328.7204
			-352.7394
			43.7029
			339.7204
	==================================================================================
	Q4:
		Shape: Ellipse
		q_c:	432.5	95.5	171.5
		ub :	438.4026	101.5942	177.438
		lb :	426.5974	89.4058	165.562
		P^-1:
			0.0926	0.0123	0.0226
			0.0123	0.067	0.012
			0.0226	0.012	0.0634
	==================================================================================
	Q5:
		Shape: Ellipse
		q_c:	436.5	84.0	177.0
		ub :	441.3838	91.5124	186.2968
		lb :	431.6162	76.4876	167.7032
		P^-1:
			0.217	-0.0332	-0.0745
			-0.0332	0.0489	-0.0006
			-0.0745	-0.0006	0.0491
	==================================================================================
	Q6:
		Shape: Hybrid
		q_c:	448.0	83.5	177.0
		ub :	450.9997	87.6864	182.8543
		lb :	445.0003	79.3136	171.1457
		P^-1:
			0.2441	-0.0072	-0.0344
			-0.0072	0.0628	0.0006
			-0.0344	0.0006	0.0387
		A:
			0.8807	0.1036	-0.4623
			-0.8108	0.4914	-0.3181
			-0.7853	0.3925	0.4789
			0.6434	0.5642	0.5174
			0.2318	0.609	-0.7586
			-0.897	0.3828	0.2209
		b:
			322.9662
			-376.0968
			-232.3077
			430.1915
			24.0977
			-329.4163


===========================================================================================
===========================================================================================
S5:
	q_c:	493.5	209.0	113.5
	ub :	522.0027	229.1548	131.8284
	lb :	485.9836	180.9342	90.5572

	==================================================================================
	Q1:
		Shape: Hybrid
		q_c:	511.5	194.5	121.5
		ub :	522.0027	204.4274	131.8284
		lb :	500.9973	184.5726	111.1716
		P^-1:
			0.0241	-0.002	-0.0006
			-0.002	0.0263	-0.0018
			-0.0006	-0.0018	0.0215
		A:
			0.6096	0.7096	-0.3533
			0.7746	0.4935	-0.3956
			-0.2296	-0.3238	-0.9178
			-0.64	-0.443	0.6278
			0.7736	-0.4655	-0.43
			0.2599	-0.4306	-0.8643
		b:
			410.3286
			447.6168
			-287.9562
			-333.7882
			256.2163
			-52.0536
	==================================================================================
	Q2:
		Shape: Hybrid
		q_c:	503.5	211.0	110.5
		ub :	512.2624	222.3024	121.5509
		lb :	494.7376	199.6976	99.4491
		P^-1:
			0.0299	0.0083	0.0052
			0.0083	0.0267	0.0065
			0.0052	0.0065	0.0194
		A:
			0.4754	0.4291	-0.768
			-0.6761	-0.339	0.6542
			-0.6087	0.3363	0.7186
			-0.5767	-0.1784	-0.7972
			0.6695	0.1584	-0.7257
			0.7545	0.1638	0.6355
		b:
			250.2023
			-334.8771
			-151.3921
			-412.4134
			295.2701
			488.0574
	==================================================================================
	Q3:
		Shape: Hybrid
		q_c:	499.5	215.0	98.0
		ub :	508.7467	224.6218	104.6744
		lb :	490.2533	205.3782	91.3256
		P^-1:
			0.0316	-0.0031	0.01
			-0.0031	0.0276	0.0104
			0.01	0.0104	0.0567
		A:
			0.9266	0.2781	0.253
			0.3888	0.0443	-0.9203
			-0.9015	-0.0251	-0.432
			0.2526	0.7351	-0.6291
			0.6234	-0.7296	-0.2812
			-0.9447	-0.1109	-0.3088
		b:
			551.1755
			116.8925
			-494.9131
			227.286
			130.3645
			-522.4895
	==================================================================================
	Q4:
		Shape: Ellipse
		q_c:	497.0	193.5	103.5
		ub :	508.0164	206.0658	116.4428
		lb :	485.9836	180.9342	90.5572
		P^-1:
			0.0368	0.0002	0.0179
			0.0002	0.0121	0.0008
			0.0179	0.0008	0.0239
	==================================================================================
	Q5:
		Shape: Ellipse
		q_c:	513.5	223.0	125.0
		ub :	520.5177	229.1548	131.4143
		lb :	506.4823	216.8452	118.5857
		P^-1:
			0.0964	0.0631	-0.0164
			0.0631	0.0866	-0.0183
			-0.0164	-0.0183	0.0448
	==================================================================================
	Q6:
		Shape: Hybrid
		q_c:	509.5	203.0	110.5
		ub :	519.4043	213.4423	119.2034
		lb :	499.5957	192.5577	101.7966
		P^-1:
			0.0273	-0.0	-0.0053
			-0.0	0.0287	-0.0079
			-0.0053	-0.0079	0.0322
		A:
			-0.8923	-0.0602	-0.4474
			-0.0564	-0.5555	-0.8296
			-0.8622	0.1716	-0.4767
			-0.4125	0.0732	0.908
			-0.4877	0.3484	-0.8005
			0.9381	0.2948	-0.1818
		b:
			-512.198
			-228.9877
			-453.2429
			-91.8878
			-262.8067
			521.1752


===========================================================================================
===========================================================================================
S6:
	q_c:	479.5	386.5	131.5
	ub :	490.9398	396.1243	149.4542
	lb :	465.9189	371.6473	123.2144

	==================================================================================
	Q1:
		Shape: Polyhedra
		q_c:	475.0	378.0	137.5
		ub :	482.154	384.3527	139.9065
		lb :	467.846	371.6473	135.0935
		A:
			-0.2715	-0.4158	0.868
			-0.3464	-0.2429	-0.9061
			-0.622	-0.5156	0.5893
			0.414	0.2297	0.8808
			0.0709	0.0736	-0.9948
			0.7825	0.2765	-0.5579
			0.0715	0.1952	0.9782
			-0.8262	0.561	-0.0516
			-0.5588	-0.8045	0.2014
			-0.0715	-0.1952	-0.9782
			0.8262	-0.561	0.0516
			0.5588	0.8045	-0.2014
		b:
			-164.4695
			-378.9025
			-406.336
			406.9014
			-73.5848
			403.3278
			243.7255
			-180.9854
			-538.8406
			-240.7255
			193.9854
			544.8406
	==================================================================================
	Q2:
		Shape: Polyhedra
		q_c:	483.5	384.5	126.5
		ub :	488.8165	389.6712	129.7856
		lb :	478.1835	379.3288	123.2144
		A:
			0.3045	0.3232	-0.896
			0.0153	0.2445	0.9695
			0.6807	0.1246	-0.7219
			-0.3863	-0.3108	0.8684
			-0.641	-0.2834	0.7133
			-0.5698	-0.0639	-0.8193
			0.6489	0.7606	0.0205
			0.7213	-0.6062	-0.335
			-0.2424	0.2322	-0.942
			-0.6489	-0.7606	-0.0205
			-0.7213	0.6062	0.335
			0.2424	-0.2322	0.942
		b:
			160.6168
			226.6518
			288.9627
			-193.8276
			-325.5808
			-401.4325
			611.7788
			77.2405
			-145.1018
			-605.7788
			-69.2405
			149.1018
	==================================================================================
	Q3:
		Shape: Hybrid
		q_c:	472.0	381.0	131.5
		ub :	475.9635	384.2667	132.7666
		lb :	468.0365	377.7333	130.2334
		P^-1:
			0.0854	0.0179	-0.018
			0.0179	0.1659	-0.0882
			-0.018	-0.0882	0.9903
		A:
			-0.2156	0.7065	-0.6741
			-0.4794	0.0038	0.8776
			0.0419	0.2862	0.9573
			-0.0143	0.9813	-0.1918
			-0.119	-0.3308	0.9362
			-0.1274	-0.1356	0.9825
		b:
			80.3003
			-108.0722
			255.5472
			343.8785
			-58.4454
			17.9364
	==================================================================================
	Q4:
		Shape: Hybrid
		q_c:	477.0	382.5	137.0
		ub :	481.1694	387.0647	140.9056
		lb :	472.8306	377.9353	133.0944
		P^-1:
			0.4412	0.3284	-0.3051
			0.3284	0.3815	-0.2786
			-0.3051	-0.2786	0.3406
		A:
			0.724	0.6582	-0.2063
			-0.822	-0.5401	0.1808
			-0.8451	-0.467	-0.2604
			-0.7599	-0.6445	0.0846
			0.4593	-0.519	0.7209
			0.847	0.021	-0.5312
		b:
			569.8922
			-572.7357
			-615.1704
			-596.0675
			122.0803
			340.9293
	==================================================================================
	Q5:
		Shape: Polyhedra
		q_c:	486.5	387.0	128.0
		ub :	490.9398	390.8453	132.5812
		lb :	482.0602	383.1547	123.4188
		A:
			-0.1032	-0.9946	0.0145
			0.4948	-0.8619	-0.111
			-0.7323	-0.6808	-0.0142
			-0.0207	0.988	-0.1528
			0.1985	-0.0824	0.9766
			0.266	-0.1139	-0.9572
			0.5483	0.5808	0.6016
			0.366	-0.8136	0.4519
			0.7519	-0.0276	-0.6587
			-0.5483	-0.5808	-0.6016
			-0.366	0.8136	-0.4519
			-0.7519	0.0276	0.6587
		b:
			-430.5158
			-104.5173
			-618.7346
			355.3466
			192.4235
			-34.5403
			571.5534
			-76.4422
			273.3328
			-565.5534
			81.4422
			-268.3328
	==================================================================================
	Q6:
		Shape: Ellipse
		q_c:	473.0	388.0	141.5
		ub :	480.0811	396.1243	149.4542
		lb :	465.9189	379.8757	133.5458
		P^-1:
			0.0613	0.0129	0.0199
			0.0129	0.0415	0.0055
			0.0199	0.0055	0.0518


===========================================================================================
===========================================================================================
S7:
	q_c:	78.5	127.5	210.5
	ub :	94.8139	146.1614	230.5734
	lb :	64.8862	108.8584	194.7802

	==================================================================================
	Q1:
		Shape: Hybrid
		q_c:	77.5	117.0	218.0
		ub :	85.2877	125.1416	224.7336
		lb :	69.7123	108.8584	211.2664
		P^-1:
			0.0636	-0.0237	-0.0147
			-0.0237	0.0504	-0.0193
			-0.0147	-0.0193	0.0697
		A:
			0.5817	-0.7273	-0.3642
			0.2481	-0.6101	0.7525
			-0.5629	0.796	0.2227
			-0.6774	-0.4037	0.615
			-0.731	0.3058	-0.61
			-0.5895	0.638	0.4954
		b:
			-117.0195
			113.6501
			100.4423
			36.8014
			-151.1717
			139.32
	==================================================================================
	Q2:
		Shape: Hybrid
		q_c:	77.5	133.5	221.0
		ub :	80.7665	136.6817	228.7544
		lb :	74.2335	130.3183	213.2456
		P^-1:
			0.7302	-0.4038	0.0713
			-0.4038	0.3737	-0.0384
			0.0713	-0.0384	0.0249
		A:
			0.7717	-0.6317	0.0731
			0.9617	-0.2139	0.1713
			-0.9694	0.1945	-0.1498
			-0.9822	0.1492	-0.1144
			-0.9992	-0.0079	0.0403
			-0.7284	0.684	0.0399
		b:
			-7.8219
			84.8348
			-81.2874
			-80.4342
			-67.9503
			44.5563
	==================================================================================
	Q3:
		Shape: Hybrid
		q_c:	73.0	128.5	204.5
		ub :	81.1138	133.4988	210.7625
		lb :	64.8862	123.5012	198.2375
		P^-1:
			0.0231	0.0121	0.0032
			0.0121	0.1059	-0.0149
			0.0032	-0.0149	0.0519
		A:
			-0.1343	-0.6851	0.7159
			0.2409	-0.6867	-0.6859
			-0.569	-0.5899	0.573
			0.6731	0.739	-0.027
			0.2613	0.9524	-0.1572
			0.7998	0.3949	0.4522
		b:
			50.6329
			-207.4971
			3.0668
			141.6818
			110.9307
			205.5676
	==================================================================================
	Q4:
		Shape: Hybrid
		q_c:	84.5	130.5	220.5
		ub :	92.6969	136.1913	227.7181
		lb :	76.3031	124.8087	213.2819
		P^-1:
			0.0441	0.009	0.0384
			0.009	0.0447	0.0152
			0.0384	0.0152	0.0827
		A:
			0.2627	-0.9306	0.2548
			0.7506	0.5881	0.3013
			-0.6068	-0.471	-0.6403
			-0.6869	-0.1602	-0.7089
			-0.819	0.5185	-0.2459
			0.6144	0.788	-0.0386
		b:
			-39.5568
			209.673
			-252.0724
			-233.4556
			-51.8956
			150.1025
	==================================================================================
	Q5:
		Shape: Ellipse
		q_c:	90.5	125.0	203.5
		ub :	94.8139	132.6661	212.2198
		lb :	86.1861	117.3339	194.7802
		P^-1:
			0.1094	0.0089	0.0077
			0.0089	0.0635	-0.0294
			0.0077	-0.0294	0.0355
	==================================================================================
	Q6:
		Shape: Hybrid
		q_c:	82.0	137.0	222.5
		ub :	88.5325	146.1614	230.5734
		lb :	75.4675	127.8386	214.4266
		P^-1:
			0.0392	-0.0033	0.0013
			-0.0033	0.0262	0.0035
			0.0013	0.0035	0.0313
		A:
			-0.0238	-0.3385	-0.9407
			0.0135	-0.5933	-0.8048
			-0.8473	-0.4589	0.2674
			-0.826	-0.5601	0.0623
			0.6854	0.0931	-0.7222
			-0.4561	0.2675	-0.8488
		b:
			-254.6102
			-256.229
			-69.571
			-127.3192
			-88.5806
			-186.4677


===========================================================================================
===========================================================================================
S8:
	q_c:	391.5	277.0	153.5
	ub :	409.0022	288.2162	170.6736
	lb :	379.0416	261.5322	148.837

	==================================================================================
	Q1:
		Shape: Ellipse
		q_c:	384.0	283.0	163.5
		ub :	388.9584	288.2162	168.2731
		lb :	379.0416	277.7838	158.7269
		P^-1:
			0.1911	-0.0744	0.0505
			-0.0744	0.0885	-0.0278
			0.0505	-0.0278	0.0822
	==================================================================================
	Q2:
		Shape: Polyhedra
		q_c:	401.5	281.5	155.0
		ub :	408.2662	286.5527	161.163
		lb :	394.7338	276.4473	148.837
		A:
			-0.924	0.3817	0.0223
			-0.864	-0.3977	-0.3087
			0.1048	-0.9944	-0.0163
			0.6762	0.5775	0.4574
			0.945	0.3244	-0.0416
			-0.1261	-0.6801	0.7222
			0.5811	0.0583	0.8117
			-0.7907	0.2764	0.5462
			-0.1925	-0.9593	0.2067
			-0.5811	-0.0583	-0.8117
			0.7907	-0.2764	-0.5462
			0.1925	0.9593	-0.2067
		b:
			-255.1606
			-503.0657
			-236.5548
			508.2003
			468.7277
			-126.5347
			378.5517
			-149.4886
			-311.7919
			-372.5517
			160.4886
			318.7919
	==================================================================================
	Q3:
		Shape: Hybrid
		q_c:	403.5	281.0	163.5
		ub :	409.0022	286.4568	170.6736
		lb :	397.9978	275.5432	156.3264
		P^-1:
			0.184	0.0523	0.0859
			0.0523	0.0797	0.0212
			0.0859	0.0212	0.0767
		A:
			0.8006	0.5947	0.073
			0.2995	-0.9412	-0.1562
			0.7285	0.3371	0.5964
			-0.5001	-0.7212	-0.4793
			0.5587	0.2458	0.7921
			-0.596	0.5084	0.6215
		b:
			503.8809
			-165.6766
			487.4289
			-480.8959
			426.1267
			8.7598
	==================================================================================
	Q4:
		Shape: Hybrid
		q_c:	388.0	268.5	163.5
		ub :	394.7194	275.4678	167.5027
		lb :	381.2806	261.5322	159.4973
		P^-1:
			0.0431	0.0048	-0.0011
			0.0048	0.0532	-0.027
			-0.0011	-0.027	0.1531
		A:
			-0.1588	0.1063	0.9816
			0.9333	0.1457	0.3282
			0.4156	0.3864	0.8234
			0.3168	-0.8099	0.4937
			0.5694	-0.0533	-0.8204
			0.1704	0.79	-0.589
		b:
			129.1213
			458.255
			402.0383
			-11.0835
			74.8552
			184.1657
	==================================================================================
	Q5:
		Shape: Hybrid
		q_c:	398.5	273.0	158.0
		ub :	404.9889	279.1295	162.7892
		lb :	392.0111	266.8705	153.2108
		P^-1:
			0.0707	-0.056	0.0615
			-0.056	0.1702	-0.1755
			0.0615	-0.1755	0.3061
		A:
			0.26	-0.7972	0.5449
			0.804	0.3336	0.4922
			0.2682	-0.6542	0.7072
			0.3838	-0.7512	0.537
			0.024	-0.7882	0.615
			-0.8397	-0.1363	-0.5257
		b:
			-26.6073
			493.1101
			40.8606
			34.0223
			-106.939
			-451.3971
	==================================================================================
	Q6:
		Shape: Hybrid
		q_c:	401.5	279.5	159.0
		ub :	408.1552	285.5503	163.9414
		lb :	394.8448	273.4497	154.0586
		P^-1:
			0.0577	0.0396	0.0063
			0.0396	0.1142	-0.0313
			0.0063	-0.0313	0.1323
		A:
			-0.6117	-0.0025	-0.7911
			-0.0592	-0.4933	-0.8678
			-0.5612	-0.8032	0.1996
			-0.8142	-0.517	0.2642
			0.3416	0.7599	-0.5531
			0.1548	-0.8767	0.4554
		b:
			-370.0149
			-297.4626
			-416.6108
			-427.0882
			262.8927
			-108.3482


===========================================================================================
===========================================================================================
S9:
	q_c:	166.5	272.0	460.0
	ub :	168.4567	276.2951	464.0906
	lb :	162.6717	269.0641	456.2173

	==================================================================================
	Q1:
		Shape: Polyhedra
		q_c:	166.5	270.5	463.0
		ub :	167.9352	271.9359	464.0906
		lb :	165.0648	269.0641	461.9094
		A:
			-0.406	0.3107	-0.8595
			0.3359	-0.1312	-0.9327
			0.864	0.0259	-0.5029
			0.527	-0.3942	-0.7529
			0.1413	-0.1984	0.9699
			0.9224	-0.2037	-0.3283
			0.5461	0.4228	0.7232
			-0.5912	-0.417	0.6903
			0.5935	-0.8045	0.0222
			-0.5461	-0.4228	-0.7232
			0.5912	0.417	-0.6903
			-0.5935	0.8045	-0.0222
		b:
			-380.5632
			-410.6723
			-81.3172
			-366.6835
			419.7317
			-52.7167
			541.131
			108.8664
			-107.5208
			-539.131
			-107.8664
			109.5208
	==================================================================================
	Q2:
		Shape: Ellipse
		q_c:	166.5	274.5	460.5
		ub :	168.4144	276.2951	462.5632
		lb :	164.5856	272.7049	458.4368
		P^-1:
			0.7839	0.1037	0.2502
			0.1037	0.4761	0.0765
			0.2502	0.0765	0.6288
	==================================================================================
	Q3:
		Shape: Ellipse
		q_c:	165.0	271.5	461.0
		ub :	166.2403	273.3666	462.7033
		lb :	163.7597	269.6334	459.2967
		P^-1:
			3.2723	0.9068	1.095
			0.9068	0.8984	0.0939
			1.095	0.0939	1.2738
	==================================================================================
	Q4:
		Shape: Ellipse
		q_c:	165.5	274.5	461.0
		ub :	166.9798	276.1051	462.6798
		lb :	164.0202	272.8949	459.3202
		P^-1:
			0.9989	-0.0034	0.0248
			-0.0034	0.9896	0.0752
			0.0248	0.0752	0.456
	==================================================================================
	Q5:
		Shape: Ellipse
		q_c:	165.0	272.5	461.5
		ub :	167.3283	275.0514	463.7077
		lb :	162.6717	269.9486	459.2923
		P^-1:
			0.4444	-0.0	0.0
			-0.0	0.4444	-0.0
			0.0	-0.0	0.4444
	==================================================================================
	Q6:
		Shape: Polyhedra
		q_c:	166.0	272.5	458.5
		ub :	168.4567	275.0778	460.7827
		lb :	163.5433	269.9222	456.2173
		A:
			-0.8782	0.4639	-0.1166
			-0.8901	0.2756	-0.363
			-0.0609	0.1208	-0.9908
			0.5764	0.263	0.7737
			-0.1248	0.9811	0.1477
			0.8615	-0.0926	-0.4992
			0.8071	0.5779	0.1211
			0.3733	-0.6583	0.6536
			0.4574	-0.4823	-0.7471
			-0.8071	-0.5779	-0.1211
			-0.3733	0.6583	-0.6536
			-0.4574	0.4823	0.7471
		b:
			-71.3236
			-237.6163
			-429.9778
			523.585
			315.8544
			-109.6254
			348.4583
			183.7534
			-396.5429
			-345.4583
			-180.7534
			399.5429


===========================================================================================
===========================================================================================
S10:
	q_c:	384.5	261.5	200.0
	ub :	395.9644	272.809	211.689
	lb :	376.9119	250.8855	186.8298

	==================================================================================
	Q1:
		Shape: Hybrid
		q_c:	381.0	267.0	205.5
		ub :	385.0881	272.809	211.689
		lb :	376.9119	261.191	199.311
		P^-1:
			0.1474	-0.0174	-0.0303
			-0.0174	0.0722	-0.0104
			-0.0303	-0.0104	0.0714
		A:
			-0.8479	0.4633	-0.2578
			0.9564	0.2275	-0.183
			-0.4954	0.4694	-0.731
			-0.7051	0.6494	0.2847
			0.9984	0.0264	0.0505
			0.0139	-0.9761	-0.2168
		b:
			-250.5873
			389.1198
			-211.264
			-35.0148
			399.4436
			-297.0966
	==================================================================================
	Q2:
		Shape: Hybrid
		q_c:	383.5	262.0	191.5
		ub :	387.1479	266.3642	196.1702
		lb :	379.8521	257.6358	186.8298
		P^-1:
			0.1554	-0.0068	-0.0146
			-0.0068	0.1095	0.0108
			-0.0146	0.0108	0.0878
		A:
			-0.4215	-0.2626	0.868
			0.719	-0.6949	-0.0155
			0.4759	-0.7393	0.4763
			-0.8501	-0.5263	0.0195
			0.6868	0.5718	-0.4487
			-0.7028	0.6198	-0.3492
		b:
			-62.2547
			92.1841
			81.9804
			-458.6571
			328.9436
			-172.2487
	==================================================================================
	Q3:
		Shape: Ellipse
		q_c:	386.0	261.5	196.5
		ub :	391.8698	267.1174	200.8841
		lb :	380.1302	255.8826	192.1159
		P^-1:
			0.0896	-0.0046	-0.0369
			-0.0046	0.0842	0.0255
			-0.0369	0.0255	0.1304
	==================================================================================
	Q4:
		Shape: Polyhedra
		q_c:	382.5	266.5	197.0
		ub :	387.8173	272.2996	202.1065
		lb :	377.1827	260.7004	191.8935
		A:
			-0.6472	-0.1998	0.7357
			0.5691	-0.8045	0.1698
			-0.6919	-0.2126	0.69
			-0.0624	0.2337	-0.9703
			0.8849	0.2033	-0.4192
			-0.1835	-0.283	-0.9414
			0.7875	0.5944	0.1627
			-0.2147	0.512	-0.8317
			-0.5777	0.6201	0.5308
			-0.7875	-0.5944	-0.1627
			0.2147	-0.512	0.8317
			0.5777	-0.6201	-0.5308
		b:
			-152.411
			40.3011
			-181.9431
			-149.5981
			313.4554
			-327.6963
			494.6895
			-106.5101
			52.8521
			-488.6895
			112.5101
			-44.8521
	==================================================================================
	Q5:
		Shape: Hybrid
		q_c:	392.0	255.0	193.0
		ub :	395.9644	259.1145	195.7987
		lb :	388.0356	250.8855	190.2013
		P^-1:
			0.2455	-0.1768	0.0717
			-0.1768	0.2873	0.0637
			0.0717	0.0637	0.4186
		A:
			0.1108	-0.0956	0.9892
			-0.1232	-0.877	-0.4645
			0.7157	-0.4453	-0.538
			0.0766	0.7315	0.6775
			-0.2743	-0.3643	-0.89
			0.6936	-0.5144	-0.5042
		b:
			210.9548
			-359.8589
			64.4656
			348.5698
			-371.272
			44.5436
	==================================================================================
	Q6:
		Shape: Hybrid
		q_c:	386.0	263.0	195.5
		ub :	389.5736	266.3371	199.0943
		lb :	382.4264	259.6629	191.9057
		P^-1:
			0.2956	0.1389	0.0298
			0.1389	0.3023	0.0305
			0.0298	0.0305	0.1666
		A:
			-0.9578	0.1492	0.2457
			0.5645	0.8071	-0.173
			0.8464	-0.5317	-0.0278
			0.8706	0.378	-0.3149
			0.9427	0.2682	-0.1986
			-0.7332	-0.5382	-0.4156
		b:
			-280.9031
			397.2667
			183.1677
			375.0268
			396.7259
			-504.9461


===========================================================================================
===========================================================================================
S11:
	q_c:	300.0	261.5	325.0
	ub :	330.5492	293.3614	347.2716
	lb :	277.0371	227.7449	299.0941

	==================================================================================
	Q1:
		Shape: Hybrid
		q_c:	311.5	280.0	331.5
		ub :	323.1596	293.3614	341.5848
		lb :	299.8404	266.6386	321.4152
		P^-1:
			0.0344	0.0131	0.0129
			0.0131	0.0161	0.0051
			0.0129	0.0051	0.0257
		A:
			0.7295	-0.2507	0.6364
			0.9376	0.3162	0.1446
			0.8371	-0.2219	0.5
			-0.2678	-0.4886	-0.8304
			-0.9884	0.0706	-0.1345
			-0.7334	0.1301	-0.6672
		b:
			372.619
			431.5587
			369.0864
			-491.3753
			-327.9693
			-409.2679
	==================================================================================
	Q2:
		Shape: Polyhedra
		q_c:	320.5	271.5	317.0
		ub :	330.5492	281.8531	328.2641
		lb :	310.4508	261.1469	305.7359
		A:
			0.9914	0.1215	-0.0478
			-0.2656	0.9638	-0.0224
			-0.6719	0.6564	0.3432
			0.7278	0.6846	-0.0395
			-0.9375	-0.3338	0.0988
			0.8171	0.4105	-0.4047
			0.8178	0.2045	0.5379
			-0.5315	0.6268	0.5698
			-0.2206	-0.7519	0.6213
			-0.8178	-0.2045	-0.5379
			0.5315	-0.6268	-0.5698
			0.2206	0.7519	-0.6213
		b:
			342.0435
			175.9136
			77.7008
			413.3613
			-353.1658
			251.766
			494.6528
			186.44
			-70.9083
			-481.6528
			-174.44
			84.9083
	==================================================================================
	Q3:
		Shape: Ellipse
		q_c:	310.0	250.5	312.5
		ub :	319.163	260.7876	323.4692
		lb :	300.837	240.2124	301.5308
		P^-1:
			0.1347	-0.1019	0.0541
			-0.1019	0.1004	-0.0546
			0.0541	-0.0546	0.0485
	==================================================================================
	Q4:
		Shape: Hybrid
		q_c:	288.5	238.0	315.0
		ub :	297.632	248.2551	324.2428
		lb :	279.368	227.7449	305.7572
		P^-1:
			0.0267	0.0039	0.0022
			0.0039	0.0284	0.0035
			0.0022	0.0035	0.022
		A:
			-0.324	0.8363	-0.4423
			0.7896	-0.4518	-0.4153
			-0.2389	-0.9385	-0.2493
			-0.0046	-0.507	-0.8619
			0.7831	0.3757	-0.4956
			-0.8947	-0.0947	-0.4365
		b:
			-29.8175
			-6.7484
			-367.894
			-389.98
			162.9268
			-414.876
	==================================================================================
	Q5:
		Shape: Polyhedra
		q_c:	292.0	268.5	314.5
		ub :	306.9629	284.6201	329.9059
		lb :	277.0371	252.3799	299.0941
		A:
			-0.5854	-0.564	-0.5824
			-0.5719	0.7729	0.2749
			-0.5927	0.3907	-0.7043
			-0.2104	-0.0259	-0.9773
			-0.8991	0.3489	-0.2644
			-0.7885	0.3668	-0.4937
			0.2341	0.5146	0.8248
			0.0665	0.8379	-0.5417
			-0.9699	0.1817	0.1619
			-0.2341	-0.5146	-0.8248
			-0.0665	-0.8379	0.5417
			0.9699	-0.1817	-0.1619
		b:
			-495.9033
			138.4117
			-278.7113
			-366.2309
			-239.8874
			-275.4451
			474.943
			85.0501
			-171.0217
			-456.943
			-63.0501
			196.0217
	==================================================================================
	Q6:
		Shape: Polyhedra
		q_c:	310.5	260.5	336.5
		ub :	322.8893	272.2356	347.2716
		lb :	298.1107	248.7644	325.7284
		A:
			0.736	0.2802	-0.6162
			0.1759	0.8428	-0.5087
			-0.7056	0.6688	0.2342
			0.1267	0.3111	0.9419
			-0.0405	0.5989	0.7998
			-0.2908	0.5487	0.7838
			0.4594	0.8741	0.1576
			0.6462	-0.2072	-0.7345
			-0.6094	0.4393	-0.6601
			-0.4594	-0.8741	-0.1576
			-0.6462	0.2072	0.7345
			0.6094	-0.4393	0.6601
		b:
			101.5437
			110.6853
			40.9367
			444.5469
			420.1725
			323.7643
			431.8907
			-93.4616
			-290.4015
			-414.8907
			107.4616
			303.4015


===========================================================================================
===========================================================================================
S12:
	q_c:	345.5	80.5	85.0
	ub :	359.9461	91.5636	110.3405
	lb :	325.2441	56.7095	60.9549

	==================================================================================
	Q1:
		Shape: Ellipse
		q_c:	335.5	80.0	71.5
		ub :	344.9169	91.5636	82.0451
		lb :	326.0831	68.4364	60.9549
		P^-1:
			0.0347	0.0095	0.0005
			0.0095	0.0231	0.0003
			0.0005	0.0003	0.0178
	==================================================================================
	Q2:
		Shape: Ellipse
		q_c:	351.5	69.0	101.0
		ub :	359.9461	79.2098	110.3405
		lb :	343.0539	58.7902	91.6595
		P^-1:
			0.0334	-0.0017	-0.0143
			-0.0017	0.0128	0.0034
			-0.0143	0.0034	0.0359
	==================================================================================
	Q3:
		Shape: Polyhedra
		q_c:	334.5	65.0	87.5
		ub :	343.7559	73.2905	97.4217
		lb :	325.2441	56.7095	77.5783
		A:
			0.8175	-0.4724	0.3295
			0.3889	0.7759	-0.4967
			-0.5856	0.354	-0.7292
			0.443	0.6483	-0.6193
			-0.2984	0.706	-0.6423
			-0.7864	0.4071	-0.4646
			0.7988	0.4977	0.338
			0.3071	-0.8205	0.4822
			0.5173	-0.2813	-0.8082
			-0.7988	-0.4977	-0.338
			-0.3071	0.8205	-0.4822
			-0.5173	0.2813	0.8082
		b:
			276.5202
			142.2605
			-231.9077
			141.7833
			-105.5037
			-272.4751
			334.118
			96.0969
			91.5408
			-324.118
			-87.0969
			-76.5408
	==================================================================================
	Q4:
		Shape: Ellipse
		q_c:	345.0	79.0	91.0
		ub :	349.0921	83.0255	94.0054
		lb :	340.9079	74.9745	87.9946
		P^-1:
			0.2095	0.1091	-0.091
			0.1091	0.2324	-0.1056
			-0.091	-0.1056	0.2736
	==================================================================================
	Q5:
		Shape: Polyhedra
		q_c:	336.5	67.5	87.0
		ub :	343.2532	75.7781	93.3983
		lb :	329.7468	59.2219	80.6017
		A:
			0.0456	0.123	-0.9914
			-0.265	-0.5964	-0.7577
			-0.4202	-0.8852	-0.1999
			-0.4609	-0.5627	0.6862
			-0.3974	-0.917	-0.0356
			-0.867	0.121	-0.4834
			0.6117	0.0446	0.7899
			-0.7899	-0.0219	0.6129
			0.0447	-0.9988	0.0218
			-0.6117	-0.0446	-0.7899
			0.7899	0.0219	-0.6129
			-0.0447	0.9988	-0.0218
		b:
			-58.0548
			-189.6893
			-211.3043
			-127.3294
			-191.26
			-321.3001
			281.5498
			-208.9483
			-42.4948
			-273.5498
			218.9483
			58.4948
	==================================================================================
	Q6:
		Shape: Ellipse
		q_c:	337.5	65.5	77.5
		ub :	344.6551	70.3748	83.9284
		lb :	330.3449	60.6252	71.0716
		P^-1:
			0.0518	-0.0202	-0.0454
			-0.0202	0.0847	0.0356
			-0.0454	0.0356	0.1137


===========================================================================================
===========================================================================================
S13:
	q_c:	476.5	337.5	306.5
	ub :	487.0926	345.3513	315.9322
	lb :	471.019	328.597	298.4665

	==================================================================================
	Q1:
		Shape: Polyhedra
		q_c:	484.0	332.5	301.5
		ub :	487.0926	334.6186	304.5335
		lb :	480.9074	330.3814	298.4665
		A:
			-0.5771	-0.3611	-0.7325
			-0.6361	0.7524	-0.1711
			0.7471	0.3389	0.5718
			0.8548	0.2655	0.4458
			0.4757	-0.8782	-0.05
			0.776	-0.146	0.6136
			0.6281	0.4427	0.6399
			-0.3379	0.896	-0.2883
			-0.701	-0.0351	0.7123
			-0.6281	-0.4427	-0.6399
			0.3379	-0.896	0.2883
			0.701	0.0351	-0.7123
		b:
			-619.629
			-107.2289
			647.3543
			637.4996
			-74.6765
			513.2982
			644.6431
			49.4709
			-133.164
			-643.6431
			-45.4709
			139.164
	==================================================================================
	Q2:
		Shape: Ellipse
		q_c:	478.5	342.0	308.5
		ub :	481.4782	345.3513	311.2237
		lb :	475.5218	338.6487	305.7763
		P^-1:
			0.4586	-0.0852	-0.3408
			-0.0852	0.2523	0.1982
			-0.3408	0.1982	0.6991
	==================================================================================
	Q3:
		Shape: Polyhedra
		q_c:	482.0	335.0	312.5
