3D_35_11_6_d                l = 3

===========================================================================================
===========================================================================================
S1:
	q_c:	191.5	41.0	286.0
	ub :	223.5917	69.3428	318.0814
	lb :	167.2029	18.7619	262.4487

	==================================================================================
	Q1:
		Shape: Hybrid
		q_c:	197.5	59.0	278.5
		ub :	210.3808	65.0694	288.0149
		lb :	184.6192	52.9306	268.9851
		P^-1:
			0.0113	-0.0107	0.0132
			-0.0107	0.0809	-0.0386
			0.0132	-0.0386	0.0543
		A:
			-0.2944	0.5871	-0.7541
			0.1024	-0.4259	0.899
			-0.3356	-0.7482	-0.5723
			0.0634	0.9791	-0.1932
			-0.6681	0.5973	-0.4438
			-0.5476	0.7661	-0.3364
		b:
			-231.5673
			248.1188
			-265.216
			18.9996
			-215.2366
			-152.4076
	==================================================================================
	Q2:
		Shape: Hybrid
		q_c:	208.0	35.5	299.0
		ub :	223.5917	52.2381	314.8465
		lb :	192.4083	18.7619	283.1535
		P^-1:
			0.0165	-0.0056	-0.0094
			-0.0056	0.0107	0.0018
			-0.0094	0.0018	0.0171
		A:
			0.2737	0.953	-0.1296
			-0.2515	0.2998	-0.9202
			-0.5066	0.8622	-0.0072
			0.1855	0.6843	-0.7052
			0.6042	-0.7959	-0.0372
			0.0872	0.9272	0.3644
		b:
			60.4527
			-309.7936
			-71.397
			-141.7407
			91.4107
			168.4713
	==================================================================================
	Q3:
		Shape: Hybrid
		q_c:	195.0	39.5	276.5
		ub :	208.2633	54.118	290.5513
		lb :	181.7367	24.882	262.4487
		P^-1:
			0.0147	-0.0034	-0.0024
			-0.0034	0.014	-0.0027
			-0.0024	-0.0027	0.0159
		A:
			0.5955	-0.5074	-0.6228
			-0.8765	-0.0146	-0.4812
			-0.0305	-0.325	0.9452
			-0.7146	-0.473	0.5153
			0.9278	0.0213	0.3726
			-0.3073	-0.9131	0.2681
		b:
			-72.1218
			-298.9873
			246.4633
			-10.9746
			290.2631
			-16.6865
	==================================================================================
	Q4:
		Shape: Ellipse
		q_c:	178.0	50.0	275.5
		ub :	188.7971	62.9256	287.4765
		lb :	167.2029	37.0744	263.5235
		P^-1:
			0.0195	-0.0013	-0.0001
			-0.0013	0.0178	0.0018
			-0.0001	0.0018	0.0147
	==================================================================================
	Q5:
		Shape: Polyhedra
		q_c:	196.0	56.0	308.0
		ub :	208.8527	69.3428	318.0814
		lb :	183.1473	42.6572	297.9186
		A:
			0.0378	0.9977	0.0564
			0.8168	0.2437	0.523
			-0.84	-0.3623	0.4039
			-0.764	-0.6189	0.1826
			-0.9766	-0.2133	0.0291
			-0.5104	-0.0765	0.8566
			0.631	0.6739	0.3843
			0.751	-0.6548	-0.0849
			0.1944	0.3422	-0.9193
			-0.631	-0.6739	-0.3843
			-0.751	0.6548	0.0849
			-0.1944	-0.3422	0.9193
		b:
			88.7581
			342.5534
			-52.9537
			-120.7328
			-186.3608
			166.8722
			287.2793
			93.3923
			-218.8705
			-272.2793
			-75.3923
			232.8705
	==================================================================================
	Q6:
		Shape: Ellipse
		q_c:	202.0	36.0	304.0
		ub :	209.5681	46.5223	314.2544
		lb :	194.4319	25.4777	293.7456
		P^-1:
			0.039	0.0045	0.0098
			0.0045	0.0201	0.009
			0.0098	0.009	0.0337


===========================================================================================
===========================================================================================
S2:
	q_c:	364.0	468.5	442.0
	ub :	373.8785	489.7807	463.079
	lb :	348.6189	456.5213	422.4019

	==================================================================================
	Q1:
		Shape: Ellipse
		q_c:	364.0	467.0	434.0
		ub :	368.9845	475.0076	442.178
		lb :	359.0155	458.9924	425.822
		P^-1:
			0.1415	-0.0216	-0.0403
			-0.0216	0.0384	0.0015
			-0.0403	0.0015	0.0478
	==================================================================================
	Q2:
		Shape: Ellipse
		q_c:	359.0	473.0	452.0
		ub :	363.7819	477.9233	457.6102
		lb :	354.2181	468.0767	446.3898
		P^-1:
			0.4174	0.3375	0.3163
			0.3375	0.3704	0.2845
			0.3163	0.2845	0.324
	==================================================================================
	Q3:
		Shape: Ellipse
		q_c:	361.5	464.5	447.5
		ub :	369.4742	472.4787	456.1374
		lb :	353.5258	456.5213	438.8626
		P^-1:
			0.0615	0.0051	-0.0251
			0.0051	0.0408	0.0131
			-0.0251	0.0131	0.0491
	==================================================================================
	Q4:
		Shape: Polyhedra
		q_c:	363.5	483.5	450.0
		ub :	369.301	488.037	458.6276
		lb :	357.699	478.963	441.3724
		A:
			-0.7656	-0.558	0.3202
			-0.807	0.588	-0.055
			0.9435	-0.3181	0.0931
			0.9434	0.3314	-0.0135
			-0.9253	0.1369	-0.3536
			0.9338	-0.2027	0.2949
			0.7987	0.5888	0.1239
			-0.158	0.0064	0.9874
			0.5806	-0.8082	0.0981
			-0.7987	-0.5888	-0.1239
			0.158	-0.0064	-0.9874
			-0.5806	0.8082	-0.0981
		b:
			-399.3177
			-30.6965
			234.2394
			500.7489
			-425.727
			377.5011
			634.2935
			398.0342
			-132.5633
			-627.2935
			-382.0342
			138.5633
	==================================================================================
	Q5:
		Shape: Ellipse
		q_c:	366.5	481.0	454.5
		ub :	373.8785	489.7807	463.079
		lb :	359.1215	472.2193	445.921
		P^-1:
			0.0446	-0.0066	-0.0075
			-0.0066	0.0402	-0.0104
			-0.0075	-0.0104	0.0376
	==================================================================================
	Q6:
		Shape: Hybrid
		q_c:	355.5	466.5	429.0
		ub :	362.3811	473.215	435.5981
		lb :	348.6189	459.785	422.4019
		P^-1:
			0.0767	-0.0033	-0.0338
			-0.0033	0.0483	0.0089
			-0.0338	0.0089	0.0755
		A:
			-0.3248	0.3623	0.8736
			-0.6347	-0.6006	0.4862
			-0.9618	-0.1294	-0.2412
			0.0423	0.2784	-0.9595
			-0.4781	0.0504	-0.8768
			0.2662	0.7009	-0.6617
		b:
			430.2286
			-294.8801
			-502.8164
			-263.9951
			-519.3352
			140.5873


===========================================================================================
===========================================================================================
S3:
	q_c:	75.0	444.5	261.5
	ub :	93.771	465.831	283.5344
	lb :	56.7694	424.2142	242.319

	==================================================================================
	Q1:
		Shape: Hybrid
		q_c:	86.0	446.0	276.5
		ub :	93.771	453.4935	283.5344
		lb :	78.229	438.5065	269.4656
		P^-1:
			0.051	0.0083	-0.0239
			0.0083	0.0683	-0.0336
			-0.0239	-0.0336	0.069
		A:
			-0.7198	0.5223	-0.4572
			-0.0768	0.7731	-0.6296
			-0.1332	-0.9685	-0.2102
			-0.3097	-0.0833	0.9472
			-0.5629	-0.8178	0.12
			-0.9754	-0.1498	0.1615
		b:
			47.8203
			166.0022
			-498.1046
			200.5747
			-377.1106
			-102.9898
	==================================================================================
	Q2:
		Shape: Polyhedra
		q_c:	64.0	441.0	265.0
		ub :	71.2306	449.1454	273.0084
		lb :	56.7694	432.8546	256.9916
		A:
			-0.3139	-0.8511	-0.4208
			-0.8476	-0.5191	0.1101
			0.6954	0.1608	-0.7004
			-0.9647	-0.1984	-0.1731
			0.2782	0.67	-0.6883
			0.6719	0.7366	-0.0774
			0.26	0.3873	0.8846
			-0.666	0.7352	-0.1262
			-0.6992	-0.5563	0.449
			-0.26	-0.3873	-0.8846
			0.666	-0.7352	0.1262
			0.6992	0.5563	-0.449
		b:
			-500.9752
			-250.6111
			-66.4822
			-190.3704
			134.5347
			350.9433
			428.8317
			253.6728
			-168.5856
			-414.8317
			-242.6728
			173.5856
	==================================================================================
	Q3:
		Shape: Polyhedra
		q_c:	83.0	435.0	257.5
		ub :	90.1585	445.7858	267.562
		lb :	75.8415	424.2142	247.438
		A:
			-0.8497	0.3101	0.4265
			-0.9966	-0.0194	-0.0807
			-0.8203	-0.4192	0.389
			-0.715	-0.2999	0.6316
			0.4247	-0.8959	0.1302
			-0.7833	-0.0114	0.6215
			0.1635	0.8113	0.5613
			0.7998	0.224	-0.5568
			-0.5775	0.54	-0.6123
			-0.1635	-0.8113	-0.5613
			-0.7998	-0.224	0.5568
			0.5775	-0.54	0.6123
		b:
			178.9609
			-107.3819
			-146.1633
			-23.6157
			-314.3181
			93.9672
			520.0215
			23.963
			34.3009
			-502.0215
			-16.963
			-24.3009
	==================================================================================
	Q4:
		Shape: Polyhedra
		q_c:	66.5	459.0	253.5
		ub :	75.9511	465.831	263.4006
		lb :	57.0489	452.169	243.5994
		A:
			-0.9351	0.1031	-0.339
			-0.185	0.8507	-0.492
			0.7416	-0.3097	-0.595
			-0.9116	0.3929	-0.1212
			-0.8755	-0.4552	0.1622
			0.5623	-0.254	0.787
			0.8024	0.4446	0.3981
			-0.4902	0.1107	0.8645
			0.3403	-0.8889	0.3068
			-0.8024	-0.4446	-0.3981
			0.4902	-0.1107	-0.8645
			-0.3403	0.8889	-0.3068
		b:
			-95.579
			257.7475
			-236.6031
			94.2025
			-219.9765
			125.5534
			363.8271
			244.8798
			-303.6005
			-352.8271
			-229.8798
			311.6005
	==================================================================================
	Q5:
		Shape: Ellipse
		q_c:	80.5	445.5	256.0
		ub :	89.2358	455.3585	265.6647
		lb :	71.7642	435.6415	246.3353
		P^-1:
			0.0381	0.0004	0.0113
			0.0004	0.0201	0.0056
			0.0113	0.0056	0.0367
	==================================================================================
	Q6:
		Shape: Polyhedra
		q_c:	80.0	441.5	251.0
		ub :	89.5111	450.9961	259.681
		lb :	70.4889	432.0039	242.319
		A:
			-0.8358	-0.4285	-0.3433
			-0.2403	-0.9706	0.0106
			0.6148	-0.544	0.5711
			0.0226	0.3502	0.9364
			0.6693	0.2422	0.7024
			-0.7537	-0.2756	0.5967
			0.5912	0.6489	0.4789
			0.0154	0.5846	-0.8112
			-0.8063	0.487	0.3356
			-0.5912	-0.6489	-0.4789
			-0.0154	-0.5846	0.8112
			0.8063	-0.487	-0.3356
		b:
			-337.8751
			-440.5755
			-40.9534
			397.0787
			340.5938
			-24.918
			456.999
			60.7236
			244.2403
			-450.999
			-50.7236
			-225.2403


===========================================================================================
===========================================================================================
S4:
	q_c:	449.0	299.5	498.0
	ub :	470.2686	324.1351	527.6695
	lb :	416.1972	277.6069	475.1109

	==================================================================================
	Q1:
		Shape: Polyhedra
		q_c:	464.0	296.0	503.5
		ub :	470.2686	304.2026	511.4284
		lb :	457.7314	287.7974	495.5716
		A:
			-0.2464	0.9358	0.2521
			0.6508	-0.0172	0.759
			-0.9793	-0.1752	-0.1012
			0.0478	0.7844	0.6185
			0.2578	-0.9112	-0.3212
			0.229	0.6368	0.7363
			0.5574	0.5684	0.6052
			-0.8183	0.4995	0.2845
			-0.1407	-0.6538	0.7435
			-0.5574	-0.5684	-0.6052
			0.8183	-0.4995	-0.2845
			0.1407	0.6538	-0.7435
		b:
			294.1196
			683.3145
			-553.2934
			569.2312
			-307.4813
			668.7037
			734.5886
			-84.0998
			122.053
			-728.5886
			93.0998
			-109.053
	==================================================================================
	Q2:
		Shape: Polyhedra
		q_c:	429.0	298.0	514.0
		ub :	441.8028	310.6458	524.2847
		lb :	416.1972	285.3542	503.7153
		A:
			0.7801	-0.5947	-0.1944
			-0.8228	0.5683	0.0067
			0.1319	0.5655	-0.8142
			0.9032	-0.4185	0.0953
			0.6979	0.1323	0.7039
			0.7255	0.1206	-0.6776
			0.8267	0.5544	0.0958
			0.4094	-0.7096	0.5734
			0.3858	-0.4348	-0.8137
			-0.8267	-0.5544	-0.0958
			-0.4094	0.7096	-0.5734
			-0.3858	0.4348	0.8137
		b:
			64.5429
			-173.1417
			-186.4197
			319.0951
			708.5642
			6.6992
			578.1071
			265.3925
			-375.2732
			-560.1071
			-252.3925
			389.2732
	==================================================================================
	Q3:
		Shape: Hybrid
		q_c:	440.0	301.5	514.0
		ub :	453.8577	317.0121	527.6695
		lb :	426.1423	285.9879	500.3305
		P^-1:
			0.0192	-0.0071	-0.0069
			-0.0071	0.013	0.0003
			-0.0069	0.0003	0.0181
		A:
			0.6277	0.32	-0.7096
			-0.9375	0.3415	-0.0676
			0.5289	0.8487	-0.0045
			-0.2562	-0.9209	-0.2938
			-0.8177	0.2115	-0.5353
			-0.4949	-0.3552	0.7931
		b:
			12.5734
			-339.7293
			494.7414
			-533.1001
			-565.0527
			87.3612
	==================================================================================
	Q4:
		Shape: Ellipse
		q_c:	448.0	305.0	502.0
		ub :	456.5234	314.5882	512.1635
		lb :	439.4766	295.4118	491.8365
		P^-1:
			0.0334	0.0056	0.0074
			0.0056	0.0302	-0.0031
			0.0074	-0.0031	0.0299
	==================================================================================
	Q5:
		Shape: Ellipse
		q_c:	435.5	287.0	518.5
		ub :	445.5081	296.3931	527.226
		lb :	425.4919	277.6069	509.774
		P^-1:
			0.0289	0.0033	0.0042
			0.0033	0.0187	0.0015
			0.0042	0.0015	0.0269
	==================================================================================
	Q6:
		Shape: Ellipse
		q_c:	447.5	312.5	486.5
		ub :	457.8213	324.1351	497.8891
		lb :	437.1787	300.8649	475.1109
		P^-1:
			0.1504	-0.0057	-0.1196
			-0.0057	0.0093	0.005
			-0.1196	0.005	0.1058


===========================================================================================
===========================================================================================
S5:
	q_c:	366.5	142.5	428.5
	ub :	372.1293	148.0694	436.0773
	lb :	361.0072	137.6986	424.7702

	==================================================================================
	Q1:
		Shape: Polyhedra
		q_c:	364.0	144.5	432.0
		ub :	366.9928	146.4436	434.5366
		lb :	361.0072	142.5564	429.4634
		A:
			0.1335	0.9001	-0.4148
			-0.191	-0.7615	0.6194
			0.5226	-0.3973	-0.7544
			-0.2574	-0.918	0.3017
			-0.2593	-0.0879	0.9618
			0.7065	0.443	0.552
			0.8852	0.0612	0.4612
			-0.3824	-0.4688	0.7962
			0.265	-0.8812	-0.3916
			-0.8852	-0.0612	-0.4612
			0.3824	0.4688	-0.7962
			-0.265	0.8812	0.3916
		b:
			0.6886
			89.1496
			-191.7494
			-94.7356
			309.5955
			561.9744
			532.7854
			138.0194
			-198.5583
			-527.7854
			-136.0194
			201.5583
	==================================================================================
	Q2:
		Shape: Polyhedra
		q_c:	369.0	140.0	429.5
		ub :	371.3441	141.8173	431.7904
		lb :	366.6559	138.1827	427.2096
		A:
			0.0901	0.9102	-0.4042
			-0.3846	-0.3658	0.8475
			0.6803	0.732	0.0353
			-0.4619	-0.2266	-0.8575
			0.2939	0.1714	-0.9403
			0.1539	-0.915	0.3729
			0.6392	0.0659	0.7662
			-0.6224	0.6295	0.4651
			-0.4517	-0.7742	0.4434
			-0.6392	-0.0659	-0.7662
			0.6224	-0.6295	-0.4651
			0.4517	0.7742	-0.4434
		b:
			-11.7998
			172.0299
			369.8661
			-568.9566
			-270.1407
			90.0204
			575.6764
			59.7205
			-83.6352
			-572.6764
			-56.7205
			85.6352
	==================================================================================
	Q3:
		Shape: Hybrid
		q_c:	364.5	142.5	427.5
		ub :	367.3294	145.1833	430.2298
		lb :	361.6706	139.8167	424.7702
		P^-1:
			0.25	-0.0006	0.0006
			-0.0006	0.6385	-0.3748
			0.0006	-0.3748	0.6115
		A:
			-0.0861	-0.9804	0.1772
			0.411	-0.9084	-0.0773
			-0.0187	0.974	-0.226
			-0.0835	-0.9202	0.3825
			0.1127	-0.4481	-0.8869
			0.0215	-0.5511	-0.8341
		b:
			-94.4335
			-11.4583
			36.2115
			2.6487
			-400.4906
			-425.8259
	==================================================================================
	Q4:
		Shape: Ellipse
		q_c:	365.0	142.5	432.0
		ub :	367.998	145.1171	434.3768
		lb :	362.002	139.8829	429.6232
		P^-1:
			0.4221	0.1384	-0.3344
			0.1384	0.3862	0.0025
			-0.3344	0.0025	0.7961
	==================================================================================
	Q5:
		Shape: Polyhedra
		q_c:	367.5	145.5	433.0
		ub :	370.7561	148.0694	436.0773
		lb :	364.2439	142.9306	429.9227
		A:
			-0.4891	0.4128	-0.7683
			-0.5198	0.7032	-0.485
			0.2808	-0.6673	0.6898
			-0.7031	0.488	-0.5171
			0.1586	-0.822	-0.5469
			0.6614	-0.6447	0.3833
			0.5555	0.7689	0.3165
			0.5171	-0.6175	0.5927
			0.6512	-0.1656	-0.7406
			-0.5555	-0.7689	-0.3165
			-0.5171	0.6175	-0.5927
			-0.6512	0.1656	0.7406
		b:
			-451.2373
			-297.6769
			305.9385
			-410.2089
			-295.9498
			316.385
			455.0675
			357.8266
			-102.9518
			-451.0675
			-355.8266
			107.9518
	==================================================================================
	Q6:
		Shape: Hybrid
		q_c:	368.5	140.5	432.5
		ub :	372.1293	143.3014	435.9886
		lb :	364.8707	137.6986	429.0114
		P^-1:
			0.1207	-0.0001	0.0352
			-0.0001	0.25	0.0
			0.0352	0.0	0.2404
		A:
			0.5982	0.3564	0.7178
			0.1268	0.9689	0.2126
			0.24	0.8927	-0.3815
			0.2649	0.0916	0.9599
			-0.9551	0.1164	0.2725
			-0.2083	0.2988	0.9313
		b:
			582.1115
			275.8125
			50.0035
			526.6538
			-215.7357
			369.2509


===========================================================================================
===========================================================================================
S6:
	q_c:	173.5	291.0	19.0
	ub :	183.5718	298.4941	31.3693
	lb :	165.1546	281.0501	9.4621

	==================================================================================
	Q1:
		Shape: Polyhedra
		q_c:	173.5	285.0	25.5
		ub :	177.2774	287.5028	29.2283
		lb :	169.7226	282.4972	21.7717
		A:
			0.5	-0.7314	-0.4638
			-0.5948	0.4564	-0.6618
			0.613	0.0532	-0.7883
			-0.2789	-0.6166	0.7362
			0.6582	-0.092	-0.7472
			-0.2728	0.935	0.2264
			0.9631	0.1972	0.1834
			-0.215	0.1529	0.9646
			0.1622	-0.9684	0.1896
			-0.9631	-0.1972	-0.1834
			0.215	-0.1529	-0.9646
			-0.1622	0.9684	-0.1896
		b:
			-131.1392
			12.4664
			104.3881
			-202.9387
			71.9412
			226.7877
			230.9689
			33.8676
			-241.5121
			-224.9689
			-27.8676
			244.5121
	==================================================================================
	Q2:
		Shape: Hybrid
		q_c:	175.5	293.0	26.0
		ub :	179.49	297.9733	31.3693
		lb :	171.51	288.0267	20.6307
		P^-1:
			0.193	0.0517	0.0689
			0.0517	0.1171	0.005
			0.0689	0.005	0.1135
		A:
			-0.4671	-0.879	0.0964
			0.8102	0.5596	0.1741
			-0.204	-0.5929	0.779
			-0.3963	-0.7086	-0.5838
			-0.2372	-0.7746	0.5863
			0.8811	-0.3571	0.3102
		b:
			-335.3639
			311.8397
			-187.0831
			-290.628
			-251.3323
			59.8038
	==================================================================================
	Q3:
		Shape: Polyhedra
		q_c:	175.0	289.5	22.0
		ub :	179.9809	293.2233	26.7175
		lb :	170.0191	285.7767	17.2825
		A:
			-0.3565	-0.9342	0.0129
			-0.1408	0.8662	0.4795
			-0.4345	-0.7282	0.53
			0.4573	0.2857	0.8422
			0.3267	-0.0237	0.9448
			-0.1516	-0.9792	-0.1346
			0.2103	0.7235	0.6575
			-0.2865	0.6886	-0.6662
			-0.9347	-0.0483	0.3521
			-0.2103	-0.7235	-0.6575
			0.2865	-0.6886	0.6662
			0.9347	0.0483	-0.3521
		b:
			-329.7841
			239.2978
			-272.011
			183.802
			73.5775
			-310.4395
			263.2375
			137.0528
			-165.7962
			-258.2375
			-132.0528
			173.7962
	==================================================================================
	Q4:
		Shape: Hybrid
		q_c:	169.0	286.5	21.0
		ub :	172.8454	291.9499	26.2785
		lb :	165.1546	281.0501	15.7215
		P^-1:
			0.2071	-0.0479	-0.018
			-0.0479	0.1169	0.0721
			-0.018	0.0721	0.1353
		A:
			-0.9772	0.0978	-0.1887
			0.921	-0.3659	0.134
			-0.1486	-0.2261	-0.9627
			0.2818	-0.1079	0.9534
			0.5996	-0.2368	-0.7645
			-0.7855	-0.3741	0.4931
		b:
			-139.8144
			54.9549
			-108.2675
			39.142
			18.984
			-227.0004
	==================================================================================
	Q5:
		Shape: Polyhedra
		q_c:	171.0	293.0	12.5
		ub :	176.3766	298.4941	15.0724
		lb :	165.6234	287.5059	9.9276
		A:
			-0.7781	0.1759	0.603
			-0.4557	0.391	-0.7997
			-0.1112	0.0783	0.9907
			-0.2605	0.0914	0.9611
			0.033	0.4513	0.8918
			-0.5818	-0.3743	0.7221
			0.7065	0.6995	0.1075
			0.7057	-0.6846	-0.1826
			-0.0542	0.2048	-0.9773
			-0.7065	-0.6995	-0.1075
			-0.7057	0.6846	0.1826
			0.0542	-0.2048	0.9773
		b:
			-70.5317
			28.9101
			18.2211
			-3.583
			151.6469
			-197.5039
			330.6142
			-78.2033
			40.0378
			-323.6142
			86.2033
			-37.0378
	==================================================================================
	Q6:
		Shape: Polyhedra
		q_c:	180.0	287.5	14.0
		ub :	183.5718	292.1043	18.5379
		lb :	176.4282	282.8957	9.4621
		A:
			-0.9875	-0.0909	-0.1285
			0.2517	-0.8134	-0.5244
			-0.705	0.3049	0.6404
			-0.8201	-0.5431	-0.1803
			0.5976	0.7749	-0.2059
			-0.6575	-0.3727	-0.6549
			0.6092	0.6288	0.4832
			0.7927	-0.4657	-0.3934
			-0.0223	0.6227	-0.7822
			-0.6092	-0.6288	-0.4832
			-0.7927	0.4657	0.3934
			0.0223	-0.6227	0.7822
		b:
			-203.1854
			-193.3984
			-27.723
			-303.7616
			330.1797
			-232.1097
			299.7044
			5.7734
			167.046
			-294.7044
			-0.7734
			-161.046


===========================================================================================
===========================================================================================
S7:
	q_c:	105.0	241.0	92.5
	ub :	138.6592	262.7589	122.1976
	lb :	84.8025	214.2695	76.5622

	==================================================================================
	Q1:
		Shape: Polyhedra
		q_c:	98.5	254.5	95.5
		ub :	104.0461	262.7589	100.8206
		lb :	92.9539	246.2411	90.1794
		A:
			0.511	-0.6374	-0.5767
			-0.3468	0.4257	0.8358
			0.6448	-0.6406	-0.4168
			-0.8627	0.5057	0.0003
			-0.7514	-0.4239	-0.5056
			-0.1284	0.6105	0.7815
			0.014	0.2618	0.965
			-0.9886	0.1482	-0.0259
			-0.1498	-0.9537	0.2609
			-0.014	-0.2618	-0.965
			0.9886	-0.1482	0.0259
			0.1498	0.9537	-0.2609
		b:
			-162.4444
			157.7499
			-134.595
			48.6287
			-225.5526
			221.5251
			163.6732
			-57.6425
			-225.5416
			-156.6732
			66.6425
			239.5416
	==================================================================================
	Q2:
		Shape: Ellipse
		q_c:	93.5	247.0	82.5
		ub :	98.6711	253.1002	88.4378
		lb :	88.3289	240.8998	76.5622
		P^-1:
			0.8691	1.1677	0.8594
			1.1677	1.9536	1.6131
			0.8594	1.6131	1.4429
	==================================================================================
	Q3:
		Shape: Hybrid
		q_c:	124.5	226.5	112.0
		ub :	138.6592	238.7305	122.1976
		lb :	110.3408	214.2695	101.8024
		P^-1:
			0.0142	0.0007	-0.0091
			0.0007	0.0133	0.0023
			-0.0091	0.0023	0.0285
		A:
			0.4806	-0.3473	0.8053
			-0.3388	0.1501	0.9288
			0.2634	0.5592	-0.7861
			-0.4787	0.0772	0.8746
			-0.355	0.92	0.1658
			0.5462	0.3049	-0.7802
		b:
			78.1524
			98.654
			75.8175
			58.5927
			188.8461
			53.0414
	==================================================================================
	Q4:
		Shape: Hybrid
		q_c:	118.0	240.0	92.5
		ub :	129.2409	251.3199	102.8972
		lb :	106.7591	228.6801	82.1028
		P^-1:
			0.0275	0.0025	-0.0105
			0.0025	0.0208	-0.0059
			-0.0105	-0.0059	0.0278
		A:
			0.0164	0.2828	-0.959
			0.9406	-0.0427	-0.3367
			0.589	-0.6902	-0.4204
			-0.1423	0.4497	-0.8818
			0.7858	-0.5738	-0.2308
			0.0963	-0.5465	0.8319
		b:
			-15.1928
			72.8489
			-130.7744
			13.5012
			-62.2716
			-39.0806
	==================================================================================
	Q5:
		Shape: Ellipse
		q_c:	91.0	236.0	105.0
		ub :	97.1975	248.3416	115.5196
		lb :	84.8025	223.6584	94.4804
		P^-1:
			0.0579	0.0031	0.0113
			0.0031	0.0122	0.0079
			0.0113	0.0079	0.0292
	==================================================================================
	Q6:
		Shape: Polyhedra
		q_c:	111.0	246.5	101.0
		ub :	120.3163	257.6456	108.0943
		lb :	101.6837	235.3544	93.9057
		A:
			-0.6047	0.4246	0.6738
			0.005	-0.6146	-0.7888
			0.8133	0.2122	-0.5418
			-0.6829	0.0676	-0.7274
			-0.0155	-0.1461	0.9891
			0.7224	0.5755	0.3833
			0.6775	0.1897	0.7106
			-0.6675	-0.2473	0.7024
			0.309	-0.9502	-0.0409
			-0.6775	-0.1897	-0.7106
			0.6675	0.2473	-0.7024
			-0.309	0.9502	0.0409
		b:
			112.872
			-223.7901
			93.3364
			-128.0779
			67.1101
			265.8925
			197.737
			-58.6025
			-194.5615
			-189.737
			69.6025
			213.5615


===========================================================================================
===========================================================================================
S8:
	q_c:	360.5	404.0	484.5
	ub :	384.3774	436.3515	505.0495
	lb :	344.4703	382.3682	459.8308

	==================================================================================
	Q1:
		Shape: Ellipse
		q_c:	376.0	392.5	478.0
		ub :	384.3774	398.4494	488.7148
		lb :	367.6226	386.5506	467.2852
		P^-1:
			0.0455	0.0121	-0.0198
			0.0121	0.1421	-0.0433
			-0.0198	-0.0433	0.0329
	==================================================================================
	Q2:
		Shape: Polyhedra
		q_c:	371.5	396.5	473.0
		ub :	381.6958	410.6318	486.1692
		lb :	361.3042	382.3682	459.8308
		A:
			-0.6385	0.2876	0.7139
			-0.833	0.434	0.3431
			-0.7569	-0.166	-0.6321
			0.9289	-0.368	-0.041
			0.739	-0.1815	0.6489
			-0.9056	0.1686	0.3893
			0.2855	0.6974	0.6574
			0.2704	0.5994	-0.7534
			-0.9194	0.3929	-0.0174
			-0.2855	-0.6974	-0.6574
			-0.2704	-0.5994	0.7534
			0.9194	-0.3929	0.0174
		b:
			222.2305
			31.009
			-638.2236
			185.2882
			516.7603
			-78.935
			702.5241
			-8.6964
			-188.5277
			-684.5241
			27.6964
			199.5277
	==================================================================================
	Q3:
		Shape: Hybrid
		q_c:	355.5	412.5	494.5
		ub :	363.3544	423.0928	505.0495
		lb :	347.6456	401.9072	483.9505
		P^-1:
			0.0314	0.0036	0.0043
			0.0036	0.026	0.0092
			0.0043	0.0092	0.0281
		A:
			0.0313	-0.2104	-0.9771
			0.5632	-0.6385	-0.5245
			0.98	0.1305	-0.1505
			-0.9682	0.1074	0.2261
			0.1655	-0.6586	-0.7341
			0.9479	0.1345	0.2888
		b:
			-555.3908
			-319.1318
			331.1024
			-184.6766
			-572.8501
			538.1701
	==================================================================================
	Q4:
		Shape: Polyhedra
		q_c:	357.5	425.5	483.0
		ub :	370.5297	436.3515	496.4693
		lb :	344.4703	414.6485	469.5307
		A:
			0.8283	-0.0441	0.5586
			0.4687	0.7083	-0.5279
			0.2156	-0.6242	-0.7509
			-0.1467	0.9563	0.2531
			-0.0851	0.6697	0.7377
			-0.1884	-0.8052	-0.5623
			0.8409	0.0182	0.5408
			-0.4529	0.5707	0.685
			-0.2962	-0.8209	0.4882
			-0.8409	-0.0182	-0.5408
			0.4529	-0.5707	-0.685
			0.2962	0.8209	-0.4882
		b:
			556.1471
			222.4439
			-544.5305
			484.0296
			617.7447
			-674.0034
			578.5936
			418.2952
			-210.8932
			-560.5936
			-405.2952
			227.8932
	==================================================================================
	Q5:
		Shape: Hybrid
		q_c:	358.0	405.5	494.5
		ub :	370.1694	418.8166	502.8994
		lb :	345.8306	392.1834	486.1006
		P^-1:
			0.022	0.0104	-0.0165
			0.0104	0.0181	-0.0213
			-0.0165	-0.0213	0.0676
		A:
			-0.0083	-0.2034	0.9791
			0.6137	0.7171	0.3302
			-0.7575	-0.1992	-0.6217
			-0.356	-0.2848	0.89
			-0.7067	-0.3712	0.6024
			-0.6895	-0.1875	0.6996
		b:
			401.0997
			680.2758
			-653.8448
			199.0294
			-102.605
			26.3498
	==================================================================================
	Q6:
		Shape: Polyhedra
		q_c:	361.5	390.0	474.5
		ub :	367.4833	391.3414	479.8095
		lb :	355.5167	388.6586	469.1905
		A:
			-0.7626	0.4515	0.4632
			-0.2365	-0.971	0.0351
			0.0565	0.7718	-0.6333
			0.3644	-0.8552	-0.3686
			0.2687	-0.8635	-0.4269
			0.4176	-0.7837	-0.4598
			0.78	0.0458	0.6242
			-0.6232	-0.034	0.7813
			0.0571	-0.9984	0.002
			-0.78	-0.0458	-0.6242
			0.6232	0.034	-0.7813
			-0.0571	0.9984	-0.002
		b:
			122.6387
			-445.9058
			23.263
			-375.3862
			-440.7613
			-371.408
			601.9857
			134.1517
			-366.79
			-589.9857
			-130.1517
			368.79


===========================================================================================
===========================================================================================
S9:
	q_c:	366.5	464.0	364.5
	ub :	388.2473	479.8995	381.9247
	lb :	352.243	448.2924	348.1587

	==================================================================================
	Q1:
		Shape: Polyhedra
		q_c:	360.0	465.5	358.0
		ub :	366.0811	471.4339	364.7019
		lb :	353.9189	459.5661	351.2981
		A:
			-0.5667	0.6537	-0.5015
			0.5518	-0.13	0.8238
			0.6919	-0.7116	-0.1219
			0.1829	0.7445	-0.6421
			-0.6942	-0.089	0.7142
			-0.6749	-0.6964	-0.244
			0.3337	0.8015	0.4963
			0.7047	-0.5618	0.4334
			0.6262	0.2051	-0.7522
			-0.3337	-0.8015	-0.4963
			-0.7047	0.5618	-0.4334
			-0.6262	-0.2051	0.7522
		b:
			-76.7004
			436.3162
			-122.5428
			186.5277
			-31.1756
			-650.0472
			675.3812
			149.8409
			56.1071
			-666.3812
			-144.8409
			-47.1071
	==================================================================================
	Q2:
		Shape: Hybrid
		q_c:	361.0	471.0	357.0
		ub :	369.757	479.8995	362.8384
		lb :	352.243	462.1005	351.1616
		P^-1:
			0.037	-0.0123	0.0104
			-0.0123	0.0354	-0.0136
			0.0104	-0.0136	0.0729
		A:
			0.8869	0.3861	-0.2537
			-0.5236	0.8268	0.2054
			-0.0358	-0.1354	0.9901
			-0.7928	-0.1437	0.5922
			-0.8639	0.4936	-0.1001
			0.0657	0.918	-0.3911
		b:
			415.7898
			277.0911
			278.8145
			-138.8263
			-112.1776
			320.0549
	==================================================================================
	Q3:
		Shape: Polyhedra
		q_c:	363.5	467.0	370.0
		ub :	370.9803	475.0871	376.9429
		lb :	356.0197	458.9129	363.0571
		A:
			-0.4208	-0.838	0.3475
			0.4079	0.9086	-0.0897
			0.0479	-0.2248	0.9732
			0.9126	-0.3995	0.0869
			0.5568	0.8206	-0.1288
			0.9075	0.4088	0.0968
			0.0991	0.8191	0.5651
			0.1152	0.5546	-0.8241
			-0.9884	0.1468	-0.0394
			-0.0991	-0.8191	-0.5651
			-0.1152	-0.5546	0.8241
			0.9884	-0.1468	0.0394
		b:
			-410.8637
			544.7381
			276.9361
			183.7422
			543.3911
			562.863
			633.6176
			-0.042
			-298.7884
			-621.6176
			8.042
			311.7884
	==================================================================================
	Q4:
		Shape: Polyhedra
		q_c:	367.5	462.0	356.5
		ub :	375.7092	467.8487	364.8413
		lb :	359.2908	456.1513	348.1587
		A:
			-0.0173	-0.9345	-0.3555
			-0.2183	0.9188	0.3289
			0.521	0.5192	0.6775
			0.818	-0.2761	-0.5046
			-0.7455	-0.5306	-0.4034
			0.6416	0.1056	0.7598
			0.1802	0.8877	0.4236
			0.7164	0.1766	-0.6749
			-0.674	0.4252	-0.6041
			-0.1802	-0.8877	-0.4236
			-0.7164	-0.1766	0.6749
			0.674	-0.4252	0.6041
		b:
			-561.7221
			465.0007
			676.5519
			-1.2113
			-658.814
			559.9449
			630.3936
			110.2743
			-261.6395
			-624.3936
			-98.2743
			271.6395
	==================================================================================
	Q5:
		Shape: Ellipse
		q_c:	378.0	470.0	368.5
		ub :	388.2473	478.5236	378.1535
		lb :	367.7527	461.4764	358.8465
		P^-1:
			0.0335	-0.0182	-0.0054
			-0.0182	0.0509	-0.0008
			-0.0054	-0.0008	0.0237
	==================================================================================
	Q6:
		Shape: Ellipse
		q_c:	362.5	455.0	375.0
		ub :	367.9846	461.7076	381.9247
		lb :	357.0154	448.2924	368.0753
		P^-1:
			0.0563	0.0275	0.0255
			0.0275	0.1578	0.1079
			0.0255	0.1079	0.1057


===========================================================================================
===========================================================================================
S10:
	q_c:	180.0	174.0	391.0
	ub :	200.7767	193.2183	414.9922
	lb :	156.3306	153.1754	369.4327

	==================================================================================
	Q1:
		Shape: Ellipse
		q_c:	188.0	184.0	381.0
		ub :	196.8195	193.2183	392.5673
		lb :	179.1805	174.7817	369.4327
		P^-1:
			0.0279	0.0042	-0.0016
			0.0042	0.0345	0.01
			-0.0016	0.01	0.0177
	==================================================================================
	Q2:
		Shape: Hybrid
		q_c:	171.0	169.0	399.5
		ub :	180.906	180.2246	409.6708
		lb :	161.094	157.7754	389.3292
		P^-1:
			0.0182	0.0014	-0.0015
			0.0014	0.0232	-0.0056
			-0.0015	-0.0056	0.0198
		A:
			0.462	0.4726	-0.7505
			-0.4313	0.8559	0.2852
			-0.6397	0.3323	0.693
			0.5469	0.837	-0.0182
			-0.3026	0.9381	0.1684
			0.3428	-0.1756	-0.9229
		b:
			-137.6176
			189.3398
			228.239
			231.5138
			178.3187
			-335.2231
	==================================================================================
	Q3:
		Shape: Hybrid
		q_c:	192.5	165.0	404.0
		ub :	200.7767	176.8246	414.9922
		lb :	184.2233	153.1754	393.0078
		P^-1:
			0.0394	-0.0033	-0.0022
			-0.0033	0.0205	-0.0131
			-0.0022	-0.0131	0.0312
		A:
			0.1825	-0.1823	0.9662
			-0.4147	0.5277	-0.7413
			0.1906	0.2907	0.9376
			0.8014	0.3247	0.5023
			-0.0807	-0.7409	0.6668
			0.7036	0.183	-0.6866
		b:
			398.8589
			-289.7275
			469.0275
			415.5841
			134.5111
			-109.1338
	==================================================================================
	Q4:
		Shape: Ellipse
		q_c:	176.5	168.5	402.5
		ub :	187.597	176.6689	413.2962
		lb :	165.403	160.3311	391.7038
		P^-1:
			0.028	-0.0197	0.0127
			-0.0197	0.0557	-0.0244
			0.0127	-0.0244	0.0335
	==================================================================================
	Q5:
		Shape: Ellipse
		q_c:	184.5	176.5	384.0
		ub :	190.3	182.7938	391.2414
		lb :	178.7	170.2062	376.7586
		P^-1:
			0.085	-0.0065	0.0169
			-0.0065	0.0942	-0.0268
			0.0169	-0.0268	0.0372
	==================================================================================
	Q6:
		Shape: Hybrid
		q_c:	170.5	174.5	386.5
		ub :	184.6694	188.3915	398.3177
		lb :	156.3306	160.6085	374.6823
		P^-1:
			0.0124	-0.0007	-0.0018
			-0.0007	0.0137	-0.0017
			-0.0018	-0.0017	0.0166
		A:
			-0.5979	0.5005	-0.6261
			-0.8646	-0.2101	0.4564
			-0.7921	-0.5061	0.3412
			-0.5199	-0.4049	0.7522
			-0.54	-0.0274	-0.8412
			-0.7696	0.6049	0.2046
		b:
			-251.92
			-3.0324
			-86.6182
			135.3656
			-416.9467
			58.1764


===========================================================================================
===========================================================================================
S11:
	q_c:	313.5	202.5	349.5
	ub :	324.6976	219.2978	361.2139
	lb :	300.5309	192.1543	338.08

	==================================================================================
	Q1:
		Shape: Ellipse
		q_c:	306.0	203.0	351.5
		ub :	310.4066	208.4323	357.0745
		lb :	301.5934	197.5677	345.9255
		P^-1:
			0.3235	-0.0029	-0.1814
			-0.0029	0.0605	-0.0037
			-0.1814	-0.0037	0.1723
	==================================================================================
	Q2:
		Shape: Polyhedra
		q_c:	312.5	211.0	344.5
		ub :	319.2153	219.2978	350.92
		lb :	305.7847	202.7022	338.08
		A:
			0.5172	0.8218	-0.239
			0.0634	-0.6951	0.7161
			0.0305	-0.6214	0.7829
			-0.8034	-0.2475	-0.5416
			0.09	-0.3321	-0.9389
			-0.625	-0.3608	0.6923
			0.1171	0.1845	0.9758
			-0.3778	0.917	-0.1281
			-0.9184	-0.3537	0.1771
			-0.1171	-0.1845	-0.9758
			0.3778	-0.917	0.1281
			0.9184	0.3537	-0.1771
		b:
			257.6919
			125.6751
			153.777
			-485.3225
			-360.3389
			-28.5181
			416.7118
			37.7959
			-296.6184
			-406.7118
			-24.7959
			304.6184
	==================================================================================
	Q3:
		Shape: Polyhedra
		q_c:	313.5	197.5	349.5
		ub :	320.7199	202.8457	356.3617
		lb :	306.2801	192.1543	342.6383
		A:
			-0.3719	-0.7281	-0.5758
			-0.1571	-0.8758	-0.4563
			-0.6049	-0.782	-0.1504
			0.4041	0.9066	0.1213
			0.3023	0.9501	0.0773
			-0.1833	-0.9721	-0.1464
			0.4323	0.7768	0.4579
			0.5839	0.1458	-0.7986
			-0.6872	0.6126	-0.3905
			-0.4323	-0.7768	-0.4579
			-0.5839	-0.1458	0.7986
			0.6872	-0.6126	0.3905
		b:
			-459.546
			-379.3187
			-394.0938
			350.7154
			312.2072
			-297.8272
			450.9757
			-62.282
			-225.9388
			-446.9757
			72.282
			235.9388
	==================================================================================
	Q4:
		Shape: Hybrid
		q_c:	316.5	209.0	344.0
		ub :	322.4937	214.4145	347.9035
		lb :	310.5063	203.5855	340.0965
		P^-1:
			0.0786	0.0032	0.0614
			0.0032	0.0868	0.0439
			0.0614	0.0439	0.2156
		A:
			-0.0595	0.4257	-0.9029
			0.1664	0.6098	0.7749
			-0.5595	-0.5167	-0.648
			-0.1226	0.347	-0.9298
			0.2298	0.9035	0.3618
			0.0944	0.8973	-0.4312
		b:
			-238.3354
			447.9899
			-506.395
			-284.2287
			388.2137
			71.9665
	==================================================================================
	Q5:
		Shape: Ellipse
		q_c:	321.0	205.0	352.5
		ub :	324.6976	210.0408	357.8938
		lb :	317.3024	199.9592	347.1062
		P^-1:
			0.3312	-0.1778	-0.0175
			-0.1778	0.1615	0.0119
			-0.0175	0.0119	0.0412
	==================================================================================
	Q6:
		Shape: Ellipse
		q_c:	306.5	200.5	355.0
		ub :	312.4691	206.3579	361.2139
		lb :	300.5309	194.6421	348.7861
		P^-1:
			0.0793	0.0209	0.0135
			0.0209	0.0885	0.0155
			0.0135	0.0155	0.0389


===========================================================================================
===========================================================================================
