3D_35_11_6_c                l = 3

===========================================================================================
===========================================================================================
S1:
	q_c:	236.5	128.0	244.0
	ub :	252.2658	145.358	248.2752
	lb :	222.9621	117.9097	227.8834

	==================================================================================
	Q1:
		Shape: Polyhedra
		q_c:	243.5	122.0	237.0
		ub :	249.9097	126.0903	243.5592
		lb :	237.0903	117.9097	230.4408
		A:
			0.3091	-0.836	-0.4535
			0.3572	-0.1234	0.9259
			0.2443	-0.5985	0.763
			0.3393	-0.9335	0.1163
			0.3611	-0.7381	0.5699
			-0.1057	0.9177	0.383
			0.7274	0.546	0.4156
			0.5217	-0.0466	-0.8519
			-0.4458	0.8365	-0.3188
			-0.7274	-0.546	-0.4156
			-0.5217	0.0466	0.8519
			0.4458	-0.8365	0.3188
		b:
			-130.5538
			295.2793
			170.3889
			-1.4919
			135.3043
			180.4217
			346.2362
			-75.5479
			-80.0469
			-338.2362
			85.5479
			84.0469
	==================================================================================
	Q2:
		Shape: Ellipse
		q_c:	234.0	127.0	243.0
		ub :	239.505	132.7485	248.2752
		lb :	228.495	121.2515	237.7248
		P^-1:
			0.0823	0.0224	-0.0091
			0.0224	0.0877	-0.0113
			-0.0091	-0.0113	0.053
	==================================================================================
	Q3:
		Shape: Polyhedra
		q_c:	247.0	138.5	235.0
		ub :	250.6311	145.358	242.1166
		lb :	243.3689	131.642	227.8834
		A:
			-0.9831	0.1782	0.0412
			0.8192	-0.5695	-0.0677
			0.2738	-0.1167	-0.9547
			0.8787	-0.4502	0.1586
			-0.9049	0.4254	0.0139
			0.913	-0.4077	0.0105
			0.2669	0.6091	0.7468
			0.2755	0.6944	-0.6648
			-0.9235	0.3832	0.0175
			-0.2669	-0.6091	-0.7468
			-0.2755	-0.6944	0.6648
			0.9235	-0.3832	-0.0175
		b:
			-207.0482
			109.0529
			-168.0511
			193.3044
			-160.2992
			172.5312
			331.29
			12.497
			-169.9186
			-320.29
			-3.497
			171.9186
	==================================================================================
	Q4:
		Shape: Ellipse
		q_c:	246.0	137.5	242.0
		ub :	252.2658	143.49	248.0004
		lb :	239.7342	131.51	235.9996
		P^-1:
			0.0602	-0.0162	0.0075
			-0.0162	0.1035	-0.0513
			0.0075	-0.0513	0.1082
	==================================================================================
	Q5:
		Shape: Polyhedra
		q_c:	229.5	125.0	242.5
		ub :	236.0379	129.0746	247.8389
		lb :	222.9621	120.9254	237.1611
		A:
			-0.7049	0.4885	0.5142
			-0.3808	0.8015	-0.4611
			0.257	-0.1235	-0.9585
			0.9523	-0.2671	0.1474
			-0.2304	0.7256	0.6484
			0.1275	-0.0214	0.9916
			0.9067	0.1088	0.4076
			0.0146	-0.9737	0.2274
			0.4216	-0.2002	-0.8844
			-0.9067	-0.1088	-0.4076
			-0.0146	0.9737	-0.2274
			-0.4216	0.2002	0.8844
		b:
			27.2816
			-95.2354
			-186.214
			226.4322
			197.8204
			270.8349
			326.5232
			-60.2009
			-140.2305
			-314.5232
			66.2009
			145.2305
	==================================================================================
	Q6:
		Shape: Hybrid
		q_c:	236.5	134.0	239.0
		ub :	239.9007	137.1096	243.8106
		lb :	233.0993	130.8904	234.1894
		P^-1:
			0.2311	-0.0168	0.0539
			-0.0168	0.2351	0.0479
			0.0539	0.0479	0.0963
		A:
			0.6734	0.1413	0.7256
			-0.7977	0.5397	0.2689
			0.9287	-0.363	0.0758
			-0.9738	0.1056	-0.2013
			-0.6132	0.6267	0.481
			0.228	0.6844	-0.6925
		b:
			353.0652
			-50.743
			190.1583
			-263.2288
			55.4572
			-17.2015


===========================================================================================
===========================================================================================
S2:
	q_c:	74.5	253.0	234.0
	ub :	95.6348	267.0251	238.7979
	lb :	61.1796	241.9253	219.9233

	==================================================================================
	Q1:
		Shape: Hybrid
		q_c:	83.5	247.0	230.5
		ub :	88.4393	252.0747	234.1814
		lb :	78.5607	241.9253	226.8186
		P^-1:
			0.1554	-0.0452	-0.1255
			-0.0452	0.1569	0.1341
			-0.1255	0.1341	0.3057
		A:
			-0.268	0.7723	0.5759
			-0.1671	0.6157	0.7701
			-0.124	0.2453	0.9615
			-0.881	0.4072	-0.241
			-0.3631	0.0104	0.9317
			0.1433	0.3954	0.9073
		b:
			302.3548
			316.5742
			273.1534
			-25.6611
			188.3872
			320.3044
	==================================================================================
	Q2:
		Shape: Hybrid
		q_c:	79.5	257.5	233.0
		ub :	85.1404	263.2709	238.7979
		lb :	73.8596	251.7291	227.2021
		P^-1:
			0.1163	-0.048	-0.0068
			-0.048	0.1054	0.0061
			-0.0068	0.0061	0.0634
		A:
			0.9375	-0.2657	0.2245
			-0.2632	-0.6883	0.676
			0.4333	0.8211	0.3716
			-0.1682	0.0378	-0.985
			-0.9614	-0.2471	-0.1212
			-0.8229	0.567	0.0367
		b:
			60.1489
			-37.9537
			335.1181
			-230.4165
			-165.9274
			90.4222
	==================================================================================
	Q3:
		Shape: Ellipse
		q_c:	87.0	255.0	229.0
		ub :	95.6348	263.1881	237.7937
		lb :	78.3652	246.8119	220.2063
		P^-1:
			0.0521	0.0265	0.0043
			0.0265	0.0565	0.0047
			0.0043	0.0047	0.0285
	==================================================================================
	Q4:
		Shape: Hybrid
		q_c:	66.5	253.0	228.0
		ub :	71.8204	260.4941	235.6718
		lb :	61.1796	245.5059	220.3282
		P^-1:
			0.1012	-0.0015	-0.0217
			-0.0015	0.0441	0.0193
			-0.0217	0.0193	0.0561
		A:
			0.6266	-0.3928	-0.6731
			-0.233	-0.2311	-0.9446
			-0.4483	0.6942	0.5631
			-0.9011	0.2593	0.3475
			-0.1316	0.7501	0.6481
			0.5877	0.7562	0.2877
		b:
			-209.4416
			-286.3342
			276.3754
			86.4829
			331.154
			298.6023
	==================================================================================
	Q5:
		Shape: Hybrid
		q_c:	81.0	261.0	233.0
		ub :	86.9291	267.0251	236.1714
		lb :	75.0709	254.9749	229.8286
		P^-1:
			0.1784	0.0915	-0.3025
			0.0915	0.1344	-0.2431
			-0.3025	-0.2431	0.799
		A:
			0.3309	-0.0405	-0.9428
			0.8473	0.3569	-0.3933
			0.0235	-0.3707	0.9284
			0.3508	0.8994	-0.2607
			0.281	0.3221	-0.904
			0.2423	-0.6434	0.7261
		b:
			-202.241
			72.6188
			122.8124
			205.4117
			-103.2472
			23.175
	==================================================================================
	Q6:
		Shape: Polyhedra
		q_c:	67.5	257.0	227.0
		ub :	72.2676	263.9275	234.0767
		lb :	62.7324	250.0725	219.9233
		A:
			-0.8386	0.4492	0.3083
			0.258	0.6849	-0.6814
			-0.8539	0.5157	-0.0709
			0.7795	-0.3724	-0.5036
			-0.0547	0.5446	0.8369
			-0.676	0.5674	0.4702
			0.1374	0.7337	0.6654
			-0.4151	0.6526	-0.6339
			-0.8994	-0.1891	0.3942
			-0.1374	-0.7337	-0.6654
			0.4151	-0.6526	0.6339
			0.8994	0.1891	-0.3942
		b:
			132.5265
			41.7887
			61.9869
			-153.4363
			332.0266
			211.4016
			354.8894
			-1.2031
			-16.8181
			-342.8894
			7.2031
			22.8181


===========================================================================================
===========================================================================================
S3:
	q_c:	100.5	490.5	377.0
	ub :	119.7272	517.9861	406.9096
	lb :	75.1909	459.982	358.3957

	==================================================================================
	Q1:
		Shape: Ellipse
		q_c:	93.5	479.0	391.5
		ub :	111.8091	498.018	406.9096
		lb :	75.1909	459.982	376.0904
		P^-1:
			0.0081	0.0007	0.0008
			0.0007	0.0084	0.001
			0.0008	0.001	0.0087
	==================================================================================
	Q2:
		Shape: Hybrid
		q_c:	115.0	473.5	369.0
		ub :	119.7272	479.7271	379.6043
		lb :	110.2728	467.2729	358.3957
		P^-1:
			0.1324	0.0441	0.0009
			0.0441	0.0885	0.0103
			0.0009	0.0103	0.0116
		A:
			-0.9438	0.3051	-0.1273
			-0.8719	0.0949	-0.4805
			-0.9807	-0.1819	0.0717
			0.7543	0.6552	0.0411
			0.6622	0.6299	0.4059
			0.7885	-0.5814	0.2008
		b:
			-8.3067
			-227.9612
			-170.9134
			413.4671
			527.0884
			-106.923
	==================================================================================
	Q3:
		Shape: Hybrid
		q_c:	101.5	506.0	386.0
		ub :	118.8324	517.9861	403.2088
		lb :	84.1676	494.0139	368.7912
		P^-1:
			0.0122	0.0017	0.0066
			0.0017	0.0157	0.0026
			0.0066	0.0026	0.0114
		A:
			-0.1082	0.8331	0.5424
			-0.3084	-0.9499	0.0508
			-0.194	0.7308	0.6544
			0.1628	0.5675	0.8071
			0.6588	-0.3271	0.6775
			-0.7335	-0.216	-0.6445
		b:
			625.4491
			-487.2113
			609.2191
			620.5758
			167.3954
			-428.7772
	==================================================================================
	Q4:
		Shape: Hybrid
		q_c:	94.0	505.0	393.5
		ub :	107.5168	517.6658	406.0345
		lb :	80.4832	492.3342	380.9655
		P^-1:
			0.0098	-0.0017	0.0
			-0.0017	0.0131	-0.0003
			0.0	-0.0003	0.0076
		A:
			-0.8894	0.3427	-0.3026
			0.7532	0.1951	0.6282
			-0.0348	0.9817	-0.1873
			0.9645	-0.1681	-0.2037
			0.8579	-0.4804	-0.1825
			-0.92	0.1187	-0.3736
		b:
			-24.0854
			423.1874
			423.3867
			-68.6328
			-228.6148
			-167.551
	==================================================================================
	Q5:
		Shape: Hybrid
		q_c:	102.0	489.5	380.0
		ub :	108.9027	498.6278	388.7567
		lb :	95.0973	480.3722	371.2433
		P^-1:
			0.0399	-0.0009	-0.0012
			-0.0009	0.0342	-0.0078
			-0.0012	-0.0078	0.0297
		A:
			0.265	-0.8923	0.3655
			-0.0835	-0.8201	-0.5661
			-0.3722	0.4366	-0.819
			-0.6164	-0.0399	-0.7864
			0.4775	0.0942	0.8736
			0.1842	0.7879	0.5877
		b:
			-268.2629
			-621.2017
			-132.6701
			-377.9753
			430.2481
			631.6421
	==================================================================================
	Q6:
		Shape: Polyhedra
		q_c:	106.5	480.0	361.5
		ub :	113.7093	486.814	364.5704
		lb :	99.2907	473.186	358.4296
		A:
			0.5976	0.6074	0.5234
			0.3036	0.3232	0.8963
			-0.2285	-0.0857	0.9698
			-0.6008	-0.7147	-0.3581
			0.4565	0.4914	0.7417
			0.1946	0.4345	0.8794
			0.5059	0.4991	0.7035
			0.4184	0.5713	-0.7061
			-0.7543	0.6516	0.0802
			-0.5059	-0.4991	-0.7035
			-0.4184	-0.5713	0.7061
			0.7543	-0.6516	-0.0802
		b:
			545.5379
			512.7758
			287.6833
			-535.0949
			553.6467
			549.1476
			548.7748
			65.9945
			268.911
			-546.7748
			-60.9945
			-253.911


===========================================================================================
===========================================================================================
S4:
	q_c:	442.0	286.0	268.5
	ub :	460.1426	307.4339	295.3856
	lb :	418.5249	276.1253	257.1401

	==================================================================================
	Q1:
		Shape: Ellipse
		q_c:	436.5	290.5	264.5
		ub :	445.6788	299.9006	271.8599
		lb :	427.3212	281.0994	257.1401
		P^-1:
			0.0457	0.0113	0.0237
			0.0113	0.0267	0.0056
			0.0237	0.0056	0.0627
	==================================================================================
	Q2:
		Shape: Polyhedra
		q_c:	427.5	285.5	271.5
		ub :	436.4751	294.5037	279.9048
		lb :	418.5249	276.4963	263.0952
		A:
			0.2678	-0.3916	0.8803
			0.7494	0.6586	-0.068
			-0.3939	0.2618	0.8811
			0.8953	0.3596	0.263
			-0.3566	0.1781	0.9171
			0.752	0.0821	0.6541
			0.6265	0.5164	0.5838
			0.7677	-0.5385	-0.3475
			0.1349	0.6659	-0.7338
			-0.6265	-0.5164	-0.5838
			-0.7677	0.5385	0.3475
			-0.1349	-0.6659	0.7338
		b:
			246.1025
			495.0578
			151.3017
			562.4305
			152.9437
			527.9517
			579.2627
			86.6022
			52.5664
			-568.2627
			-73.6022
			-44.5664
	==================================================================================
	Q3:
		Shape: Ellipse
		q_c:	442.0	286.5	270.0
		ub :	448.195	292.7539	275.2529
		lb :	435.805	280.2461	264.7471
		P^-1:
			0.053	0.0058	0.0005
			0.0058	0.0588	0.0008
			0.0005	0.0008	0.0494
	==================================================================================
	Q4:
		Shape: Hybrid
		q_c:	432.5	284.0	288.0
		ub :	436.0847	291.8747	295.3856
		lb :	428.9153	276.1253	280.6144
		P^-1:
			0.1568	-0.0174	0.0055
			-0.0174	0.0419	-0.0201
			0.0055	-0.0201	0.0475
		A:
			0.4512	-0.6688	-0.5909
			-0.9654	-0.0539	-0.2552
			-0.2882	-0.4933	0.8207
			0.819	-0.4073	-0.4042
			-0.8332	0.5524	-0.0267
			0.7922	-0.5039	0.3442
		b:
			-160.5209
			-504.5777
			-25.5951
			124.8807
			-209.0965
			300.351
	==================================================================================
	Q5:
		Shape: Polyhedra
		q_c:	449.5	298.0	272.5
		ub :	460.1426	307.4339	282.9766
		lb :	438.8574	288.5661	262.0234
		A:
			-0.9488	-0.2371	-0.2087
			-0.5048	0.7291	0.4622
			-0.2563	-0.8874	-0.3833
			0.0415	-0.1919	-0.9805
			-0.9976	0.0686	0.0033
			0.3985	-0.3293	-0.856
			0.128	0.7232	0.6786
			-0.4019	0.6634	-0.6312
			-0.9067	-0.1919	0.3755
			-0.128	-0.7232	-0.6786
			0.4019	-0.6634	0.6312
			0.9067	0.1919	-0.3755
		b:
			-546.6728
			122.2179
			-479.103
			-300.0258
			-419.3036
			-146.1184
			462.4746
			-147.9473
			-354.4377
			-453.4746
			161.9473
			370.4377
	==================================================================================
	Q6:
		Shape: Polyhedra
		q_c:	447.0	296.5	266.0
		ub :	452.3117	302.1814	272.2698
		lb :	441.6883	290.8186	259.7302
		A:
			-0.8589	0.5042	-0.0895
			0.033	0.9715	0.2346
			-0.5274	-0.8496	-0.0003
			-0.5387	0.7849	0.3062
			0.6986	0.5012	0.5107
			-0.8242	-0.5202	0.2237
			0.5592	0.6695	0.4889
			0.3115	0.3768	-0.8723
			-0.7683	0.6401	0.0021
			-0.5592	-0.6695	-0.4889
			-0.3115	-0.3768	0.8723
			0.7683	-0.6401	-0.0021
		b:
			-255.7242
			368.168
			-484.0055
			76.0277
			599.6925
			-458.9732
			581.5185
			24.4556
			-150.5828
			-575.5185
			-13.4556
			155.5828


===========================================================================================
===========================================================================================
S5:
	q_c:	34.5	481.5	342.5
	ub :	41.4662	491.1738	350.3121
	lb :	26.3403	476.0961	335.645

	==================================================================================
	Q1:
		Shape: Polyhedra
		q_c:	34.0	482.0	344.5
		ub :	40.0029	487.9039	350.3121
		lb :	27.9971	476.0961	338.6879
		A:
			-0.2051	-0.9094	-0.3619
			0.3288	0.0214	-0.9441
			-0.1251	-0.9196	-0.3725
			-0.9107	-0.3443	0.2282
			-0.6592	-0.6514	0.3757
			0.6361	-0.6509	-0.4145
			0.6929	0.4865	0.5322
			-0.648	0.0965	0.7555
			0.3162	-0.8683	0.3821
			-0.6929	-0.4865	-0.5322
			0.648	-0.0965	-0.7555
			-0.3162	0.8683	-0.3821
		b:
			-565.7276
			-300.9245
			-571.6277
			-114.7427
			-203.2938
			-431.7149
			445.898
			287.2467
			-272.1293
			-436.898
			-282.2467
			280.1293
	==================================================================================
	Q2:
		Shape: Polyhedra
		q_c:	38.0	480.5	345.5
		ub :	41.4662	483.116	349.5623
		lb :	34.5338	477.884	341.4377
		A:
			-0.2179	-0.7501	0.6244
			0.0599	-0.9392	0.338
			-0.2708	0.8831	-0.383
			-0.1509	-0.8835	0.4435
			0.9363	0.0649	-0.3451
			-0.5556	0.7868	-0.2688
			0.4213	0.4972	0.7585
			-0.8731	-0.0041	0.4876
			0.2456	-0.8676	0.4323
			-0.4213	-0.4972	-0.7585
			0.8731	0.0041	-0.4876
			-0.2456	0.8676	-0.4323
		b:
			-151.6798
			-331.0433
			282.736
			-275.7058
			-50.4073
			265.2668
			520.4667
			135.3045
			-257.205
			-513.4667
			-131.3045
			259.205
	==================================================================================
	Q3:
		Shape: Polyhedra
		q_c:	30.0	487.5	338.5
		ub :	33.6597	491.1738	341.2807
		lb :	26.3403	483.8262	335.7193
		A:
			0.608	-0.3026	-0.734
			0.1995	0.1475	0.9687
			-0.6255	-0.7656	0.1505
			0.7757	0.4753	0.4152
			0.4286	0.5442	0.7212
			0.4875	0.8013	0.3468
			0.6778	0.5481	0.4901
			-0.4541	-0.2123	0.8653
			0.5783	-0.809	0.105
			-0.6778	-0.5481	-0.4901
			0.4541	0.2123	-0.8653
			-0.5783	0.809	-0.105
		b:
			-375.4347
			407.6016
			-339.21
			397.0398
			523.8672
			524.3831
			454.9286
			177.7999
			-338.5193
			-451.9286
			-173.7999
			344.5193
	==================================================================================
	Q4:
		Shape: Ellipse
		q_c:	33.5	485.0	343.0
		ub :	36.6223	488.2434	345.5019
		lb :	30.3777	481.7566	340.4981
		P^-1:
			0.5722	0.4581	0.001
			0.4581	0.5094	0.0009
			0.001	0.0009	0.16
	==================================================================================
	Q5:
		Shape: Polyhedra
		q_c:	37.0	485.0	345.0
		ub :	39.4926	488.9079	348.8728
		lb :	34.5074	481.0921	341.1272
		A:
			-0.659	-0.408	-0.6319
			-0.8956	-0.3986	-0.1976
			-0.0229	0.5281	0.8488
			0.9902	0.1324	0.0455
			-0.6965	0.2822	-0.6598
			-0.321	0.8783	0.3544
			0.4822	0.5958	0.6423
			-0.8657	0.4366	0.2449
			-0.1345	-0.6741	0.7263
			-0.4822	-0.5958	-0.6423
			0.8657	-0.4366	-0.2449
			0.1345	0.6741	-0.7263
		b:
			-438.7367
			-292.9219
			549.8709
			118.1409
			-114.1869
			538.1136
			529.8975
			265.6963
			-77.835
			-526.8975
			-262.6963
			84.835
	==================================================================================
	Q6:
		Shape: Polyhedra
		q_c:	36.0	482.5	338.0
		ub :	39.7965	484.8266	340.355
		lb :	32.2035	480.1734	335.645
		A:
			0.2741	-0.9529	0.1295
			0.6099	0.2794	0.7416
			-0.5327	0.6325	0.5623
			-0.4416	0.8576	-0.2637
			0.021	-0.9991	0.0378
			-0.2325	0.9703	-0.0663
			0.1295	0.2572	0.9577
			-0.3315	0.9214	-0.2026
			-0.9345	-0.2913	0.2045
			-0.1295	-0.2572	-0.9577
			0.3315	-0.9214	0.2026
			0.9345	0.2913	-0.2045
		b:
			-405.1299
			409.5977
			477.9464
			309.8187
			-467.1397
			438.4505
			453.928
			365.1738
			-101.5361
			-450.928
			-363.1738
			108.5361


===========================================================================================
===========================================================================================
S6:
	q_c:	318.5	28.0	41.5
	ub :	332.5473	48.0085	67.685
	lb :	291.1613	7.4795	10.8032

	==================================================================================
	Q1:
		Shape: Polyhedra
		q_c:	307.0	36.5	20.5
		ub :	317.7166	48.0085	30.1968
		lb :	296.2834	24.9915	10.8032
		A:
			-0.6382	0.6133	0.4654
			-0.0953	-0.3998	0.9116
			0.0106	-0.3229	0.9464
			0.0222	-0.1478	-0.9888
			-0.6809	-0.7031	0.2049
			-0.9675	0.0676	-0.2435
			0.8718	0.4378	0.2196
			0.3585	-0.8758	0.3231
			0.3338	-0.203	-0.9205
			-0.8718	-0.4378	-0.2196
			-0.3585	0.8758	-0.3231
			-0.3338	0.203	0.9205
		b:
			-156.937
			-18.1212
			17.866
			-12.716
			-223.6022
			-292.5459
			294.635
			93.2075
			82.1864
			-281.635
			-76.2075
			-70.1864
	==================================================================================
	Q2:
		Shape: Polyhedra
		q_c:	315.5	29.5	50.5
		ub :	322.5979	35.7261	58.0386
		lb :	308.4021	23.2739	42.9614
		A:
			0.5999	-0.4734	0.6449
			-0.9468	-0.0848	-0.3104
			-0.6944	0.5989	-0.399
			0.2576	-0.9445	-0.2038
			-0.4733	-0.4716	-0.7441
			0.7941	0.5828	-0.1725
			0.2798	0.959	0.0439
			0.55	-0.1227	-0.8261
			-0.7869	0.2553	-0.5618
			-0.2798	-0.959	-0.0439
			-0.55	0.1227	0.8261
			0.7869	-0.2553	0.5618
		b:
			210.4253
			-313.7218
			-218.8045
			48.4364
			-196.2352
			264.5026
			123.7902
			135.6865
			-267.1056
			-113.7902
			-120.6865
			271.1056
	==================================================================================
	Q3:
		Shape: Ellipse
		q_c:	298.5	18.5	52.5
		ub :	305.8387	29.5205	62.7949
		lb :	291.1613	7.4795	42.2051
		P^-1:
			0.0574	0.0137	-0.002
			0.0137	0.0259	0.0067
			-0.002	0.0067	0.0209
	==================================================================================
	Q4:
		Shape: Hybrid
		q_c:	303.0	33.5	56.5
		ub :	311.7945	41.9385	67.685
		lb :	294.2055	25.0615	45.315
		P^-1:
			0.0448	-0.0105	0.0101
			-0.0105	0.0505	0.019
			0.0101	0.019	0.0277
		A:
			0.5478	-0.7312	0.4066
			-0.9229	0.3851	0.0011
			-0.3945	-0.551	-0.7353
			0.6534	-0.0746	-0.7533
			-0.396	0.7778	-0.488
			-0.708	-0.5388	-0.4566
		b:
			168.2334
			-264.105
			-177.0438
			158.9669
			-116.8557
			-255.7194
	==================================================================================
	Q5:
		Shape: Ellipse
		q_c:	326.0	25.0	35.0
		ub :	332.5473	30.4167	39.4106
		lb :	319.4527	19.5833	30.5894
		P^-1:
			0.0698	0.0736	-0.0254
			0.0736	0.1821	-0.0607
			-0.0254	-0.0607	0.1128
	==================================================================================
	Q6:
		Shape: Hybrid
		q_c:	322.0	25.0	49.5
		ub :	331.475	34.2009	58.6075
		lb :	312.525	15.7991	40.3925
		P^-1:
			0.0381	0.003	0.0126
			0.003	0.0283	0.0058
			0.0126	0.0058	0.0311
		A:
			-0.0021	0.6684	0.7438
			-0.2007	0.4666	0.8614
			-0.3871	-0.8237	-0.4144
			0.5001	0.8628	0.0741
			0.9224	0.3087	-0.2319
			0.8519	0.516	-0.0894
		b:
			56.1842
			-6.5095
			-162.7711
			189.7362
			297.0924
			286.3603


===========================================================================================
===========================================================================================
S7:
	q_c:	150.5	148.0	520.0
	ub :	176.47	182.2526	543.8137
	lb :	117.7114	124.0272	492.4025

	==================================================================================
	Q1:
		Shape: Polyhedra
		q_c:	160.5	158.0	510.0
		ub :	176.47	175.4303	527.5975
		lb :	144.53	140.5697	492.4025
		A:
			-0.6358	0.5532	0.5383
			-0.0779	-0.0274	-0.9966
			-0.4672	0.8833	0.0395
			-0.1124	0.517	0.8486
			-0.5822	0.7972	-0.1596
			-0.0541	0.1498	0.9872
			0.5284	0.5317	0.6619
			-0.0517	-0.758	0.6502
			0.8474	-0.3778	-0.3731
			-0.5284	-0.5317	-0.6619
			0.0517	0.758	-0.6502
			-0.8474	0.3778	0.3731
		b:
			271.7038
			-514.8684
			95.8711
			507.1944
			-37.7584
			528.9535
			516.3809
			213.514
			-101.9502
			-496.3809
			-193.514
			125.9502
	==================================================================================
	Q2:
		Shape: Ellipse
		q_c:	142.0	138.5	531.5
		ub :	154.3158	152.9728	543.8137
		lb :	129.6842	124.0272	519.1863
		P^-1:
			0.0189	0.001	-0.0065
			0.001	0.0178	-0.0108
			-0.0065	-0.0108	0.0217
	==================================================================================
	Q3:
		Shape: Hybrid
		q_c:	144.0	163.0	531.5
		ub :	153.6491	174.2196	543.7366
		lb :	134.3509	151.7804	519.2634
		P^-1:
			0.0574	-0.0282	-0.0172
			-0.0282	0.0352	0.0058
			-0.0172	0.0058	0.0205
		A:
			0.7213	-0.1184	-0.6824
			-0.7867	0.0246	-0.6168
			0.9394	-0.3094	0.1476
			0.4687	0.0444	-0.8822
			0.7955	-0.5975	-0.1014
			-0.5701	0.3166	0.7581
		b:
			-274.9561
			-430.4795
			166.9891
			-389.5219
			-34.7358
			376.0969
	==================================================================================
	Q4:
		Shape: Hybrid
		q_c:	141.5	137.5	524.0
		ub :	155.7254	146.9489	538.7332
		lb :	127.2746	128.0511	509.2668
		P^-1:
			0.027	0.0189	0.0155
			0.0189	0.0373	0.0154
			0.0155	0.0154	0.019
		A:
			-0.427	-0.8901	-0.1594
			-0.5997	-0.5301	-0.5996
			0.3842	0.771	0.508
			0.8748	0.4542	0.1685
			0.8887	0.2021	0.4116
			-0.4318	-0.1883	-0.8821
		b:
			-263.2866
			-469.4531
			429.0113
			278.8389
			373.2502
			-543.8708
	==================================================================================
	Q5:
		Shape: Polyhedra
		q_c:	164.0	138.0	526.5
		ub :	176.2372	147.8174	537.2566
		lb :	151.7628	128.1826	515.7434
		A:
			0.0853	-0.887	-0.4538
			-0.1361	-0.7363	-0.6629
			0.0316	0.8032	0.5949
			0.3224	0.7558	0.5699
			0.8745	-0.4844	-0.0257
			-0.2981	-0.7336	-0.6107
			0.1089	0.7528	0.6491
			-0.864	0.3946	-0.3128
			-0.4916	-0.5268	0.6934
			-0.1089	-0.7528	-0.6491
			0.864	-0.3946	0.3128
			0.4916	0.5268	-0.6934
		b:
			-344.4133
			-471.3998
			430.9426
			459.8109
			70.8102
			-469.4054
			465.0144
			-243.9003
			222.2614
			-462.0144
			259.9003
			-201.2614
	==================================================================================
	Q6:
		Shape: Ellipse
		q_c:	132.5	167.0	511.5
		ub :	147.2886	182.2526	527.9011
		lb :	117.7114	151.7474	495.0989
		P^-1:
			0.0137	-0.0067	-0.0031
			-0.0067	0.0165	0.0038
			-0.0031	0.0038	0.01


===========================================================================================
===========================================================================================
S8:
	q_c:	403.5	385.0	481.0
	ub :	416.9336	402.3742	497.4429
	lb :	390.7673	368.6477	470.5446

	==================================================================================
	Q1:
		Shape: Ellipse
		q_c:	397.0	393.5	490.5
		ub :	403.2327	400.1317	495.7399
		lb :	390.7673	386.8683	485.2601
		P^-1:
			0.0781	0.0125	-0.0007
			0.0125	0.0367	0.0026
			-0.0007	0.0026	0.0815
	==================================================================================
	Q2:
		Shape: Polyhedra
		q_c:	410.0	394.0	489.5
		ub :	416.021	402.3742	497.4429
		lb :	403.979	385.6258	481.5571
		A:
			0.7637	-0.3988	0.5077
			0.8953	-0.0381	-0.4439
			0.3003	0.9538	0.0079
			-0.804	-0.0317	-0.5938
			-0.8164	0.1933	-0.5442
			0.8766	-0.3387	0.3419
			0.6428	0.3722	0.6695
			-0.7575	0.4389	0.4833
			-0.114	-0.8178	0.5641
			-0.6428	-0.3722	-0.6695
			0.7575	-0.4389	-0.4833
			0.114	0.8178	-0.5641
		b:
			409.1399
			139.0463
			508.4573
			-629.0361
			-520.8214
			397.5191
			741.428
			102.9241
			-86.3578
			-734.428
			-94.9241
			99.3578
	==================================================================================
	Q3:
		Shape: Polyhedra
		q_c:	405.0	387.5	487.5
		ub :	411.5536	393.2629	493.9112
		lb :	398.4464	381.7371	481.0888
		A:
			-0.3843	-0.245	0.8901
			-0.8449	-0.4524	-0.2854
			-0.9881	-0.0349	0.1496
			-0.201	-0.8218	0.5332
			-0.3971	-0.7177	-0.5721
			0.5886	-0.7036	-0.3982
			0.5229	0.7382	0.4261
			-0.6667	0.0428	0.7441
			0.5311	-0.6732	0.5145
			-0.5229	-0.7382	-0.4261
			0.6667	-0.0428	-0.7441
			-0.5311	0.6732	-0.5145
		b:
			187.0113
			-653.053
			-337.0802
			-135.8515
			-714.2946
			-224.5289
			709.0833
			112.7845
			209.5525
			-702.0833
			-105.7845
			-200.5525
	==================================================================================
	Q4:
		Shape: Polyhedra
		q_c:	402.5	384.0	488.0
		ub :	410.1584	391.2171	496.1022
		lb :	394.8416	376.7829	479.8978
		A:
			0.1064	-0.3985	0.911
			-0.1173	0.0315	0.9926
			0.9197	-0.1576	0.3596
			0.7783	0.6173	-0.1149
			0.189	-0.9036	-0.3843
			-0.3985	-0.3645	-0.8416
			0.7734	0.5497	0.3157
			0.3234	-0.7705	0.5493
			0.5452	-0.3227	-0.7737
			-0.7734	-0.5497	-0.3157
			-0.3234	0.7705	-0.5493
			-0.5452	0.3227	0.7737
		b:
			338.974
			454.7485
			489.3437
			498.486
			-453.4023
			-706.3792
			680.4556
			106.3242
			-276.0352
			-672.4556
			-98.3242
			288.0352
	==================================================================================
	Q5:
		Shape: Hybrid
		q_c:	410.0	378.0	477.0
		ub :	416.9336	382.5188	483.4554
		lb :	403.0664	373.4812	470.5446
		P^-1:
			0.0658	0.0212	0.0541
			0.0212	0.1248	0.0129
			0.0541	0.0129	0.1083
		A:
			-0.5671	0.7473	-0.3463
			-0.5149	0.0532	-0.8556
			0.0708	0.6861	-0.7241
			-0.5143	-0.8168	-0.2613
			-0.6875	-0.0061	-0.7261
			0.6426	0.5484	0.5351
		b:
			-112.9103
			-597.6619
			-54.6753
			-642.7056
			-629.0035
			727.4528
	==================================================================================
	Q6:
		Shape: Ellipse
		q_c:	407.5	375.0	490.0
		ub :	413.646	381.3523	495.1902
		lb :	401.354	368.6477	484.8098
		P^-1:
			0.043	0.0075	0.0017
			0.0075	0.0596	-0.0006
			0.0017	-0.0006	0.0624


===========================================================================================
===========================================================================================
S9:
	q_c:	405.5	482.0	148.5
	ub :	424.884	508.8621	169.1046
	lb :	383.0069	466.9474	119.2176

	==================================================================================
	Q1:
		Shape: Hybrid
		q_c:	412.0	485.5	136.0
		ub :	420.42	493.2468	143.6874
		lb :	403.58	477.7532	128.3126
		P^-1:
			0.0594	-0.0239	0.0188
			-0.0239	0.0559	0.0202
			0.0188	0.0202	0.0657
		A:
			0.731	-0.1339	0.6692
			-0.0826	0.9749	-0.2068
			0.2429	0.7523	0.6124
			-0.0057	0.4859	-0.874
			0.5595	-0.7076	0.4317
			-0.8975	0.3036	-0.3198
		b:
			328.8936
			415.053
			550.9545
			118.9578
			-51.9045
			-263.9091
	==================================================================================
	Q2:
		Shape: Ellipse
		q_c:	417.0	494.0	142.0
		ub :	424.884	499.4198	149.9958
		lb :	409.116	488.5802	134.0042
		P^-1:
			0.1573	0.1651	0.1022
			0.1651	0.267	0.1006
			0.1022	0.1006	0.1004
	==================================================================================
	Q3:
		Shape: Hybrid
		q_c:	406.0	497.0	133.5
		ub :	420.8655	508.8621	147.7824
		lb :	391.1345	485.1379	119.2176
		P^-1:
			0.0137	0.0007	-0.0049
			0.0007	0.0169	-0.0023
			-0.0049	-0.0023	0.0145
		A:
			-0.9711	0.159	0.1778
			-0.1804	0.9382	0.2954
			0.0968	0.9931	-0.0664
			-0.9376	-0.086	0.3369
			-0.0096	-0.9675	0.2527
			0.1167	-0.8418	0.5271
		b:
			-286.4545
			437.0388
			528.2014
			-373.906
			-446.952
			-296.2881
	==================================================================================
	Q4:
		Shape: Hybrid
		q_c:	418.0	489.0	164.5
		ub :	424.0052	494.348	169.1046
		lb :	411.9948	483.652	159.8954
		P^-1:
			0.1201	-0.1626	0.1197
			-0.1626	0.47	-0.4413
			0.1197	-0.4413	0.5541
		A:
			-0.2396	-0.5447	0.8037
			0.3065	-0.4915	0.8152
			0.4948	-0.6222	0.6066
			-0.4056	0.8246	-0.3944
			0.8153	-0.4082	0.4107
			-0.3933	0.7827	-0.4823
		b:
			-232.9441
			22.8449
			3.3838
			169.8953
			211.2051
			139.869
	==================================================================================
	Q5:
		Shape: Ellipse
		q_c:	391.5	480.0	139.5
		ub :	399.9931	493.0526	151.9593
		lb :	383.0069	466.9474	127.0407
		P^-1:
			0.1622	-0.0561	-0.101
			-0.0561	0.032	0.0361
			-0.101	0.0361	0.0781
	==================================================================================
	Q6:
		Shape: Polyhedra
		q_c:	403.0	480.5	148.0
		ub :	411.5747	489.3182	152.1667
		lb :	394.4253	471.6818	143.8333
		A:
			0.7941	-0.6074	-0.0221
			0.5406	-0.6836	-0.4903
			0.3327	0.1432	0.9321
			-0.5196	0.5915	-0.6166
			-0.1462	0.6429	-0.7518
			-0.224	0.7506	-0.6216
			0.7122	0.6917	0.1197
			0.7011	-0.6921	-0.1716
			-0.0358	0.2061	-0.9779
			-0.7122	-0.6917	-0.1197
			-0.7011	0.6921	0.1716
			0.0358	-0.2061	0.9779
		b:
			30.3562
			-177.8728
			344.5183
			-12.3288
			142.3192
			182.5285
			643.5965
			-69.9252
			-57.6033
			-630.5965
			80.9252
			62.6033


===========================================================================================
===========================================================================================
S10:
	q_c:	245.0	144.5	277.0
	ub :	255.2775	152.2392	289.1417
	lb :	235.75	132.3485	274.1821

	==================================================================================
	Q1:
		Shape: Polyhedra
		q_c:	242.0	138.0	279.0
		ub :	247.3123	143.6515	283.8179
		lb :	236.6877	132.3485	274.1821
		A:
			0.4987	0.8565	-0.1331
			0.4014	0.7873	0.468
			-0.3905	-0.4599	-0.7975
			-0.1575	0.925	0.3458
			-0.7623	-0.2347	-0.6032
			-0.7064	-0.0786	-0.7035
			0.5765	0.2646	0.773
			-0.6922	0.6609	0.29
			-0.4342	-0.7023	0.5642
			-0.5765	-0.2646	-0.773
			0.6922	-0.6609	-0.29
			0.4342	0.7023	-0.5642
		b:
			205.4638
			339.1498
			-378.3249
			189.3832
			-383.0071
			-375.9397
			393.7168
			8.1039
			-40.5617
			-389.7168
			-1.1039
			48.5617
	==================================================================================
	Q2:
		Shape: Hybrid
		q_c:	239.5	148.0	285.5
		ub :	243.25	150.8885	289.1417
		lb :	235.75	145.1115	281.8583
		P^-1:
			0.2472	0.1246	0.0409
			0.1246	0.338	0.0585
			0.0409	0.0585	0.1792
		A:
			0.6126	0.6834	0.3971
			-0.213	0.7757	-0.5941
			-0.3024	-0.6834	-0.6645
			-0.3813	0.9232	0.048
			0.6668	0.7162	-0.2059
			0.7917	0.3629	0.4914
		b:
			362.0359
			-104.1701
			-362.2553
			60.5301
			207.9325
			384.7059
	==================================================================================
	Q3:
		Shape: Hybrid
		q_c:	242.0	149.5	281.0
		ub :	246.4882	152.2392	283.8524
		lb :	237.5118	146.7608	278.1476
		P^-1:
			0.1201	-0.0491	0.1994
			-0.0491	0.3877	-0.2914
			0.1994	-0.2914	0.8047
		A:
			-0.1859	0.7842	-0.5921
			0.3219	-0.4265	0.8452
			-0.0286	0.8183	-0.574
			-0.483	0.1331	-0.8654
			-0.0345	0.5065	0.8616
			-0.5909	0.3238	-0.7389
		b:
			-93.3321
			252.2252
			-45.0553
			-339.2647
			311.1454
			-300.9364
	==================================================================================
	Q4:
		Shape: Hybrid
		q_c:	241.5	148.5	281.0
		ub :	244.7222	152.1979	284.3842
		lb :	238.2778	144.8021	277.6158
		P^-1:
			0.2378	-0.0192	-0.0241
			-0.0192	0.2198	-0.0379
			-0.0241	-0.0379	0.2024
		A:
			0.7304	0.6064	0.3143
			0.4396	0.8609	-0.2561
			-0.3019	0.5564	0.7741
			-0.4278	0.7036	-0.5674
			0.3705	-0.4178	0.8296
			0.511	-0.1224	-0.8508
		b:
			356.1314
			163.1769
			228.544
			-157.2483
			261.6881
			-132.7171
	==================================================================================
	Q5:
		Shape: Ellipse
		q_c:	251.5	142.0	280.5
		ub :	255.2775	145.5555	283.2835
		lb :	247.7225	138.4445	277.7165
		P^-1:
			0.2139	0.0106	-0.1109
			0.0106	0.1621	-0.0219
			-0.1109	-0.0219	0.3885
	==================================================================================
	Q6:
		Shape: Hybrid
		q_c:	241.0	148.0	278.0
		ub :	245.3499	152.0094	281.7025
		lb :	236.6501	143.9906	274.2975
		P^-1:
			0.1704	0.0117	-0.0565
			0.0117	0.1713	-0.0402
			-0.0565	-0.0402	0.1794
		A:
			0.9758	-0.214	0.0458
			0.9862	-0.1305	-0.1019
			-0.7157	-0.3355	-0.6126
			0.3702	-0.1333	0.9193
			0.7256	0.6871	0.0372
			0.9817	0.1735	0.0783
		b:
			217.8156
			191.495
			-390.443
			326.8104
			288.47
			285.6721


===========================================================================================
===========================================================================================
S11:
	q_c:	111.0	85.0	252.0
	ub :	123.6103	96.5286	268.8453
	lb :	98.0006	73.7851	239.9657

	==================================================================================
	Q1:
		Shape: Polyhedra
		q_c:	105.5	84.5	253.0
		ub :	112.9994	91.2196	258.7951
		lb :	98.0006	77.7804	247.2049
		A:
			-0.4878	-0.7064	-0.5129
			0.9285	-0.0333	-0.3698
			0.2363	-0.7698	-0.593
			-0.6952	-0.191	0.6929
			0.9036	-0.0262	-0.4275
			0.5811	0.1749	-0.7948
			0.8207	0.4507	0.351
			-0.3776	0.8891	-0.2588
			-0.4288	0.0799	0.8999
			-0.8207	-0.4507	-0.351
			0.3776	-0.8891	0.2588
			0.4288	-0.0799	-0.8999
		b:
			-235.6939
			5.8392
			-186.1322
			89.3956
			-10.9248
			-121.71
			218.9845
			-25.6935
			192.1883
			-207.9845
			34.6935
			-186.1883
	==================================================================================
	Q2:
		Shape: Ellipse
		q_c:	118.0	89.5	253.0
		ub :	123.6103	95.8934	260.001
		lb :	112.3897	83.1066	245.999
		P^-1:
			0.139	0.0842	0.043
			0.0842	0.128	0.0622
			0.043	0.0622	0.0785
	==================================================================================
	Q3:
		Shape: Ellipse
		q_c:	118.5	92.0	264.0
		ub :	122.6831	96.5286	268.8453
		lb :	114.3169	87.4714	259.1547
		P^-1:
			0.1248	0.0147	0.0163
			0.0147	0.1269	0.0175
			0.0163	0.0175	0.1305
	==================================================================================
	Q4:
		Shape: Polyhedra
		q_c:	115.5	82.0	246.5
		ub :	118.3644	86.8883	251.5328
		lb :	112.6356	77.1117	241.4672
		A:
			-0.9014	-0.2165	0.3749
			0.8217	0.4385	-0.364
			0.4403	-0.8921	0.102
			-0.6867	-0.4463	0.5739
			-0.4858	-0.4856	0.7268
			0.7221	0.553	-0.4156
			0.1866	0.5424	0.8191
			0.538	-0.7541	0.3768
			0.8221	0.3703	-0.4325
			-0.1866	-0.5424	-0.8191
			-0.538	0.7541	-0.3768
			-0.8221	-0.3703	0.4325
		b:
			-28.7142
			41.7794
			6.0236
			26.4184
			84.8653
			27.148
			272.4405
			96.1899
			19.2091
			-263.4405
			-90.1899
			-18.2091
	==================================================================================
	Q5:
		Shape: Hybrid
		q_c:	113.0	86.5	244.5
		ub :	117.7825	91.7677	249.0343
		lb :	108.2175	81.2323	239.9657
		P^-1:
			0.1278	-0.036	-0.0284
			-0.036	0.1198	-0.0317
			-0.0284	-0.0317	0.1349
		A:
			0.0069	0.5148	0.8573
			-0.4304	0.0031	-0.9026
			-0.0852	-0.649	0.756
			0.8206	-0.5143	0.2493
			-0.3093	-0.8913	0.3315
			-0.87	-0.3514	0.3458
		b:
			257.1282
			-266.9819
			120.3343
			110.5662
			-29.1518
			-42.3886
	==================================================================================
	Q6:
		Shape: Hybrid
		q_c:	110.0	79.5	256.0
		ub :	113.6347	85.2149	261.5439
		lb :	106.3653	73.7851	250.4561
		P^-1:
			0.354	0.1199	-0.1095
			0.1199	0.1118	-0.045
			-0.1095	-0.045	0.1036
		A:
			0.2154	0.8608	0.4612
			-0.9971	-0.0199	0.0729
			0.9549	0.0049	0.2969
			-0.7533	-0.6532	-0.0766
			-0.9707	-0.2199	0.0968
			-0.7684	-0.6087	0.1978
		b:
			213.2207
			-91.1595
			183.5947
			-152.7733
			-98.4067
			-81.1553


===========================================================================================
===========================================================================================
