3D_30_12_6_c                l = 3

===========================================================================================
===========================================================================================
S1:
	q_c:	451.0	516.5	483.5
	ub :	470.913	531.0862	504.9029
	lb :	431.2612	489.9765	455.932

	==================================================================================
	Q1:
		Shape: Hybrid
		q_c:	455.5	502.0	489.0
		ub :	463.12	508.9516	493.8554
		lb :	447.88	495.0484	484.1446
		P^-1:
			0.0663	-0.0201	0.134
			-0.0201	0.0319	-0.0548
			0.134	-0.0548	0.3877
		A:
			0.5136	-0.2644	0.8163
			0.5688	-0.7854	0.2441
			0.2672	-0.2837	0.9209
			-0.1126	-0.1226	-0.986
			-0.3759	-0.0894	-0.9224
			0.7604	0.3335	0.5574
		b:
			501.8819
			-10.7756
			430.7359
			-593.0089
			-665.7455
			790.5579
	==================================================================================
	Q2:
		Shape: Hybrid
		q_c:	464.0	511.5	489.5
		ub :	470.913	519.2602	497.9795
		lb :	457.087	503.7398	481.0205
		P^-1:
			0.055	0.0067	0.0127
			0.0067	0.0294	0.0031
			0.0127	0.0031	0.0337
		A:
			-0.8439	-0.3645	-0.3936
			-0.2897	0.1286	-0.9484
			-0.6005	0.6749	-0.4289
			-0.8561	-0.3191	0.4066
			0.9583	-0.2624	0.1135
			-0.3268	-0.5558	-0.7644
		b:
			-768.6324
			-529.542
			-139.9419
			-358.2225
			368.6563
			-807.0414
	==================================================================================
	Q3:
		Shape: Ellipse
		q_c:	453.0	500.5	472.5
		ub :	463.8037	511.0235	482.6227
		lb :	442.1963	489.9765	462.3773
		P^-1:
			0.0289	-0.0062	-0.0087
			-0.0062	0.0219	-0.0021
			-0.0087	-0.0021	0.0325
	==================================================================================
	Q4:
		Shape: Polyhedra
		q_c:	442.5	520.0	496.5
		ub :	453.7388	531.0862	504.9029
		lb :	431.2612	508.9138	488.0971
		A:
			-0.6609	0.4579	-0.5946
			0.25	-0.3637	-0.8974
			-0.346	0.5274	0.776
			0.9483	-0.2308	-0.2179
			-0.7681	-0.2825	-0.5747
			0.4058	-0.7242	0.5576
			0.6302	0.7498	0.2016
			0.6167	-0.6412	0.4567
			0.4717	-0.1635	-0.8665
			-0.6302	-0.7498	-0.2016
			-0.6167	0.6412	-0.4567
			-0.4717	0.1635	0.8665
		b:
			-342.0995
			-519.6064
			511.1433
			197.6032
			-764.7041
			87.2554
			776.3409
			173.7433
			-302.5376
			-761.3409
			-158.7433
			310.5376
	==================================================================================
	Q5:
		Shape: Ellipse
		q_c:	442.5	518.0	466.5
		ub :	450.7668	528.0167	477.068
		lb :	434.2332	507.9833	455.932
		P^-1:
			0.0503	-0.0024	-0.0198
			-0.0024	0.018	0.0015
			-0.0198	0.0015	0.0298
	==================================================================================
	Q6:
		Shape: Hybrid
		q_c:	460.0	505.0	470.5
		ub :	468.436	509.5894	479.3453
		lb :	451.564	500.4106	461.6547
		P^-1:
			0.2545	-0.3863	-0.1401
			-0.3863	0.7085	0.2095
			-0.1401	0.2095	0.102
		A:
			-0.587	0.7504	0.3039
			-0.5207	0.762	0.385
			0.1775	-0.7923	0.5837
			-0.6778	0.6851	0.2671
			-0.5137	0.833	0.2053
			0.2992	-0.9542	-0.0021
		b:
			252.6247
			327.1684
			-39.8501
			161.1462
			281.6047
			-343.8781


===========================================================================================
===========================================================================================
S2:
	q_c:	153.0	283.0	177.5
	ub :	155.3853	285.9622	180.4358
	lb :	150.2646	279.6636	175.558

	==================================================================================
	Q1:
		Shape: Hybrid
		q_c:	152.0	284.0	177.0
		ub :	153.4577	285.4638	178.1457
		lb :	150.5423	282.5362	175.8543
		P^-1:
			1.0383	-0.1684	0.2917
			-0.1684	1.7404	-1.2824
			0.2917	-1.2824	3.2213
		A:
			0.1471	0.5492	-0.8227
			0.0077	0.0115	0.9999
			-0.3648	-0.3285	0.8712
			-0.6168	0.7723	0.1524
			-0.4329	0.2172	0.8749
			0.6941	0.4931	-0.5245
		b:
			33.0169
			181.8473
			5.8882
			153.2517
			151.3461
			153.2916
	==================================================================================
	Q2:
		Shape: Polyhedra
		q_c:	153.5	282.0	177.5
		ub :	154.9811	283.3579	178.8103
		lb :	152.0189	280.6421	176.1897
		A:
			-0.2908	0.8229	0.4882
			-0.7675	-0.3871	-0.5109
			0.236	-0.5494	-0.8015
			-0.0095	-0.1136	-0.9935
			-0.3574	-0.2571	-0.8979
			-0.2809	0.6318	0.7224
			0.2326	0.6297	0.7412
			-0.5972	0.694	-0.4022
			-0.7677	-0.3491	0.5374
			-0.2326	-0.6297	-0.7412
			0.5972	-0.694	0.4022
			0.7677	0.3491	-0.5374
		b:
			274.7856
			-316.946
			-260.3436
			-209.1348
			-286.1131
			263.9372
			345.3423
			33.6349
			-119.8771
			-344.3423
			-31.6349
			121.8771
	==================================================================================
	Q3:
		Shape: Polyhedra
		q_c:	154.5	284.5	176.5
		ub :	155.3853	285.7238	177.442
		lb :	153.6147	283.2762	175.558
		A:
			0.7571	-0.6465	-0.0937
			-0.9604	0.2744	0.0479
			-0.8899	-0.2987	-0.3447
			0.8817	-0.2784	-0.381
			0.6693	0.3359	0.6627
			-0.6803	0.119	-0.7233
			0.007	0.4414	0.8973
			-0.9026	0.3891	-0.1844
			-0.4305	-0.8085	0.4012
			-0.007	-0.4414	-0.8973
			0.9026	-0.3891	0.1844
			0.4305	0.8085	-0.4012
		b:
			-82.9827
			-61.3528
			-282.6582
			-9.6729
			316.5049
			-198.3977
			285.5461
			-60.7798
			-224.735
			-284.5461
			61.7798
			226.735
	==================================================================================
	Q4:
		Shape: Hybrid
		q_c:	152.5	284.0	178.5
		ub :	154.2155	285.9622	180.4358
		lb :	150.7845	282.0378	176.5642
		P^-1:
			0.9075	-0.1225	-0.1668
			-0.1225	0.8377	-0.221
			-0.1668	-0.221	0.6992
		A:
			0.6344	-0.0772	-0.7691
			0.6995	-0.1336	-0.702
			0.262	-0.3844	0.8852
			-0.5787	0.6775	-0.4539
			-0.9968	0.0618	0.0512
			-0.1515	-0.9662	0.2087
		b:
			-61.8869
			-56.0197
			89.4808
			23.6666
			-124.7481
			-259.6257
	==================================================================================
	Q5:
		Shape: Hybrid
		q_c:	152.5	282.0	178.0
		ub :	154.7354	284.3364	179.657
		lb :	150.2646	279.6636	176.343
		P^-1:
			0.4547	-0.0262	0.0701
			-0.0262	0.5111	-0.1786
			0.0701	-0.1786	0.9231
		A:
			-0.7101	0.0666	0.701
			-0.1117	0.7459	-0.6566
			0.0926	-0.8382	0.5374
			0.9882	0.1315	-0.0786
			-0.2635	-0.7584	0.5961
			-0.6858	-0.2044	0.6985
		b:
			36.1526
			77.0465
			-125.884
			174.7789
			-147.2521
			-37.0638
	==================================================================================
	Q6:
		Shape: Polyhedra
		q_c:	153.5	282.5	178.5
		ub :	154.4788	284.333	180.3022
		lb :	152.5212	280.667	176.6978
		A:
			0.787	0.5191	0.3333
			-0.9316	-0.3332	-0.1452
			0.9364	0.2734	0.2198
			-0.1265	-0.5261	-0.841
			-0.5951	-0.3027	-0.7445
			0.158	0.4559	0.8759
			0.9431	0.0879	0.3205
			-0.136	-0.7779	0.6135
			0.3033	-0.6222	-0.7217
			-0.9431	-0.0879	-0.3205
			0.136	0.7779	-0.6135
			-0.3033	0.6222	0.7217
		b:
			327.674
			-262.3864
			260.7957
			-317.2149
			-309.0421
			310.3329
			227.3265
			-129.6259
			-257.0435
			-226.3265
			132.6259
			259.0435


===========================================================================================
===========================================================================================
S3:
	q_c:	62.5	21.0	305.5
	ub :	85.6889	39.8404	335.6679
	lb :	44.3724	-4.1462	273.1996

	==================================================================================
	Q1:
		Shape: Polyhedra
		q_c:	69.5	28.0	314.0
		ub :	81.8051	39.8404	323.113
		lb :	57.1949	16.1596	304.887
		A:
			-0.5249	0.6753	-0.5182
			-0.2878	-0.3889	-0.8752
			0.4368	-0.3079	0.8452
			-0.4649	-0.4105	-0.7844
			-0.084	-0.6088	-0.7889
			0.1153	0.4027	0.908
			0.5201	0.1774	0.8354
			-0.5281	0.8356	0.1513
			-0.6712	-0.5199	0.5283
			-0.5201	-0.1774	-0.8354
			0.5281	-0.8356	-0.1513
			0.6712	0.5199	-0.5283
		b:
			-173.9681
			-302.0646
			292.0428
			-286.6311
			-265.8133
			308.84
			306.4471
			41.205
			115.1906
			-300.4471
			-27.205
			-94.1906
	==================================================================================
	Q2:
		Shape: Polyhedra
		q_c:	56.5	8.5	298.0
		ub :	66.1619	19.6058	309.499
		lb :	46.8381	-2.6058	286.501
		A:
			-0.0955	-0.979	-0.1802
			0.4436	-0.6766	-0.5878
			0.4333	0.375	0.8195
			-0.5038	0.5341	0.679
			-0.2418	0.0373	0.9696
			-0.5735	0.6011	0.5566
			0.672	0.2619	0.6927
			-0.2068	-0.8318	0.5151
			0.7111	-0.4894	-0.5048
			-0.672	-0.2619	-0.6927
			0.2068	0.8318	-0.5151
			-0.7111	0.4894	0.5048
		b:
			-60.0456
			-150.9462
			278.7095
			183.1399
			282.0722
			143.1938
			253.6128
			143.2492
			-109.9259
			-239.6128
			-126.2492
			118.9259
	==================================================================================
	Q3:
		Shape: Polyhedra
		q_c:	57.5	12.0	322.0
		ub :	70.6276	24.7847	335.6679
		lb :	44.3724	-0.7847	308.3321
		A:
			-0.2654	-0.5291	0.806
			-0.9339	0.2058	-0.2924
			0.4553	0.2848	0.8435
			-0.5417	-0.8213	-0.1788
			0.1847	0.9828	-0.009
			-0.1757	0.9777	0.1146
			0.8135	0.2622	0.5191
			-0.346	-0.4993	0.7944
			0.4675	-0.8258	-0.3154
			-0.8135	-0.2622	-0.5191
			0.346	0.4993	-0.7944
			-0.4675	0.8258	0.3154
		b:
			246.9059
			-137.5247
			309.3212
			-90.4719
			27.6007
			46.2411
			225.0686
			238.9082
			-77.1031
			-209.0686
			-220.9082
			92.1031
	==================================================================================
	Q4:
		Shape: Hybrid
		q_c:	66.5	3.5	324.5
		ub :	75.8369	9.8767	335.1436
		lb :	57.1631	-2.8767	313.8564
		P^-1:
			0.0374	-0.012	-0.0145
			-0.012	0.2097	-0.0868
			-0.0145	-0.0868	0.0623
		A:
			-0.2556	-0.6988	0.6681
			-0.49	-0.3848	0.7822
			-0.0661	0.9427	-0.3269
			-0.7309	-0.6317	0.2582
			-0.0126	0.9982	-0.0585
			-0.1988	0.8323	-0.5175
		b:
			199.1344
			222.824
			-106.0826
			37.3073
			-13.6307
			-176.4138
	==================================================================================
	Q5:
		Shape: Ellipse
		q_c:	67.5	12.0	311.0
		ub :	79.0924	22.3398	321.208
		lb :	55.9076	1.6602	300.792
		P^-1:
			0.0263	0.0084	0.0224
			0.0084	0.0236	0.0043
			0.0224	0.0043	0.0462
	==================================================================================
	Q6:
		Shape: Polyhedra
		q_c:	74.0	7.5	284.5
		ub :	85.6889	19.1462	295.8004
		lb :	62.3111	-4.1462	273.1996
		A:
			0.623	-0.5081	0.5947
			0.8118	-0.0677	-0.58
			-0.2581	0.9596	-0.1122
			-0.8442	-0.3653	0.3922
			-0.3599	0.7669	-0.5314
			-0.77	0.4613	0.4408
			0.5212	0.5386	0.6621
			-0.5045	-0.4313	0.748
			0.6884	-0.7238	0.047
			-0.5212	-0.5386	-0.6621
			0.5045	0.4313	-0.748
			-0.6884	0.7238	-0.047
		b:
			217.9989
			-100.0999
			-38.0041
			52.7826
			-166.777
			77.1881
			241.4665
			177.7249
			63.8688
			-220.4665
			-166.7249
			-53.8688


===========================================================================================
===========================================================================================
S4:
	q_c:	414.0	308.0	252.0
	ub :	434.8657	328.8557	267.5071
	lb :	400.5177	296.4172	231.7373

	==================================================================================
	Q1:
		Shape: Hybrid
		q_c:	420.5	317.0	243.0
		ub :	430.2335	328.8557	254.2627
		lb :	410.7665	305.1443	231.7373
		P^-1:
			0.0344	-0.0098	0.002
			-0.0098	0.0224	0.0001
			0.002	0.0001	0.0166
		A:
			-0.6668	-0.0037	-0.7453
			0.9915	-0.1182	-0.0536
			-0.1602	0.4091	-0.8983
			-0.4314	-0.0222	-0.9019
			0.9848	0.1623	0.0622
			0.9638	-0.0747	0.2559
		b:
			-458.4542
			369.4888
			-150.9571
			-402.8311
			484.3375
			446.8619
	==================================================================================
	Q2:
		Shape: Polyhedra
		q_c:	408.0	305.0	252.0
		ub :	415.4823	313.5828	260.5384
		lb :	400.5177	296.4172	243.4616
		A:
			-0.1329	0.8336	0.5361
			0.8314	-0.3275	0.4488
			-0.7107	0.6668	-0.2243
			-0.256	0.8128	-0.5233
			-0.8743	0.2701	0.4032
			-0.5662	-0.8099	-0.1531
			0.4174	0.5333	0.7358
			0.801	-0.5983	-0.0208
			0.4292	0.5981	-0.6769
			-0.4174	-0.5333	-0.7358
			-0.801	0.5983	0.0208
			-0.4292	-0.5981	0.6769
		b:
			340.186
			356.4723
			-139.7938
			16.4055
			-168.7983
			-510.6358
			524.3647
			142.0992
			192.929
			-512.3647
			-136.0992
			-180.929
	==================================================================================
	Q3:
		Shape: Hybrid
		q_c:	422.5	316.0	251.5
		ub :	434.1221	326.7119	262.9576
		lb :	410.8779	305.2881	240.0424
		P^-1:
			0.0229	0.0005	-0.005
			0.0005	0.0178	-0.0005
			-0.005	-0.0005	0.0227
		A:
			-0.3666	0.6674	0.6483
			0.6195	-0.135	0.7733
			0.6937	0.0208	-0.7199
			0.3416	-0.5199	-0.783
			-0.7439	-0.4938	0.4503
			0.0119	0.996	-0.0881
		b:
			222.9208
			418.0307
			121.6104
			-213.2031
			-353.7372
			302.0713
	==================================================================================
	Q4:
		Shape: Hybrid
		q_c:	426.5	306.5	260.0
		ub :	434.8657	314.6398	267.5071
		lb :	418.1343	298.3602	252.4929
		P^-1:
			0.0404	-0.0017	-0.005
			-0.0017	0.036	-0.0039
			-0.005	-0.0039	0.046
		A:
			0.2175	-0.2204	-0.9509
			-0.8237	-0.2689	-0.4993
			0.734	-0.3206	-0.5987
			-0.2992	0.9489	0.1001
			0.801	-0.3888	-0.4552
			0.9046	0.422	-0.0608
		b:
			-219.5325
			-560.448
			61.5937
			192.22
			106.6503
			502.2084
	==================================================================================
	Q5:
		Shape: Ellipse
		q_c:	408.5	305.5	257.5
		ub :	413.3342	310.2407	262.0898
		lb :	403.6658	300.7593	252.9102
		P^-1:
			0.1244	-0.0335	-0.0199
			-0.0335	0.1284	-0.0188
			-0.0199	-0.0188	0.1488
	==================================================================================
	Q6:
		Shape: Hybrid
		q_c:	420.5	304.5	247.0
		ub :	423.7205	311.8838	252.9687
		lb :	417.2795	297.1162	241.0313
		P^-1:
			0.8633	-0.0047	-0.3292
			-0.0047	0.0353	-0.0232
			-0.3292	-0.0232	0.2067
		A:
			-0.9188	0.0731	0.3879
			0.84	0.0363	-0.5414
			0.9486	0.1018	-0.2996
			0.7129	0.1813	-0.6774
			-0.9385	0.2812	0.2003
			-0.5979	-0.0884	0.7967
		b:
			-267.6545
			231.2465
			356.6988
			188.8363
			-258.2568
			-79.8613


===========================================================================================
===========================================================================================
S5:
	q_c:	360.5	500.5	178.5
	ub :	374.0578	509.879	192.3806
	lb :	351.8415	494.0652	166.1646

	==================================================================================
	Q1:
		Shape: Polyhedra
		q_c:	367.5	503.0	186.0
		ub :	374.0578	509.2857	190.732
		lb :	360.9422	496.7143	181.268
		A:
			-0.3694	-0.5442	-0.7532
			-0.4179	0.4077	-0.8118
			0.5768	-0.2789	0.7678
			0.6386	0.7619	0.1081
			-0.0628	-0.0162	-0.9979
			0.8309	-0.4005	-0.3863
			0.6845	0.6934	0.2252
			0.587	-0.7074	0.3936
			0.4323	-0.1372	-0.8913
			-0.6845	-0.6934	-0.2252
			-0.587	0.7074	-0.3936
			-0.4323	0.1372	0.8913
		b:
			-545.3384
			-96.1547
			218.1222
			643.007
			-213.8978
			35.093
			647.2023
			-63.378
			-73.4263
			-637.2023
			70.378
			78.4263
	==================================================================================
	Q2:
		Shape: Polyhedra
		q_c:	363.5	500.5	186.5
		ub :	369.1582	503.4768	192.3806
		lb :	357.8418	497.5232	180.6194
		A:
			-0.3274	-0.8547	0.4028
			-0.5667	0.6889	0.452
			-0.2271	0.3864	-0.8939
			-0.1572	-0.9094	0.3851
			-0.2651	-0.9311	-0.2506
			0.4115	-0.9095	-0.0597
			0.7851	0.1258	0.6064
			-0.0208	0.984	-0.1771
			-0.619	0.1264	0.7751
			-0.7851	-0.1258	-0.6064
			0.0208	-0.984	0.1771
			0.619	-0.1264	-0.7751
		b:
			-469.196
			226.4562
			-52.3643
			-438.2564
			-606.4569
			-314.2158
			465.451
			453.866
			-13.1718
			-457.451
			-449.866
			21.1718
	==================================================================================
	Q3:
		Shape: Polyhedra
		q_c:	357.0	507.0	186.5
		ub :	361.1323	509.879	190.5844
		lb :	352.8677	504.121	182.4156
		A:
			-0.0562	0.857	-0.5122
			0.9074	-0.4122	0.0824
			0.3211	-0.8063	-0.4967
			-0.0184	-0.9781	-0.2073
			-0.3385	0.6285	-0.7003
			0.6255	-0.4487	-0.6382
			0.6731	0.4287	0.6026
			0.4309	-0.8896	0.1516
			0.601	0.1576	-0.7835
			-0.6731	-0.4287	-0.6026
			-0.4309	0.8896	-0.1516
			-0.601	-0.1576	0.7835
		b:
			320.9235
			132.4023
			-384.7047
			-539.2537
			69.2482
			-120.637
			572.5337
			-267.4395
			151.3691
			-567.5337
			270.4395
			-145.3691
	==================================================================================
	Q4:
		Shape: Hybrid
		q_c:	357.5	497.5	171.5
		ub :	362.7294	500.9348	176.8354
		lb :	352.2706	494.0652	166.1646
		P^-1:
			0.1306	-0.0557	0.0462
			-0.0557	0.1991	-0.0371
			0.0462	-0.0371	0.0939
		A:
			-0.6902	0.6366	-0.3441
			-0.7433	0.3902	-0.5433
			-0.5285	0.5701	-0.6291
			-0.8817	0.2636	0.3912
			0.7495	-0.6599	0.0536
			0.296	0.8777	-0.3769
		b:
			12.0883
			-163.4788
			-11.9886
			-114.454
			-49.7477
			479.7208
	==================================================================================
	Q5:
		Shape: Polyhedra
		q_c:	356.5	500.5	182.0
		ub :	361.1585	505.8761	187.7123
		lb :	351.8415	495.1239	176.2877
		A:
			-0.6007	-0.7982	-0.0456
			0.8293	0.2869	-0.4794
			0.1201	-0.1165	0.9859
			0.5393	0.8108	0.2275
			-0.5185	-0.5878	-0.621
			0.8352	-0.5499	-0.011
			0.7983	0.2426	0.5512
			0.0401	-0.9347	0.3533
			0.6009	-0.2599	-0.7559
			-0.7983	-0.2426	-0.5512
			-0.0401	0.9347	-0.3533
			-0.6009	0.2599	0.7559
		b:
			-618.3993
			355.5009
			167.3833
			642.9412
			-588.9033
			24.0524
			509.3317
			-385.2147
			-49.9473
			-503.3317
			393.2147
			56.9473
	==================================================================================
	Q6:
		Shape: Hybrid
		q_c:	357.0	501.5	182.5
		ub :	361.2527	505.4779	186.8057
		lb :	352.7473	497.5221	178.1943
		P^-1:
			0.1248	0.0037	0.0216
			0.0037	0.1121	0.0058
			0.0216	0.0058	0.1453
		A:
			-0.2529	0.9571	0.1418
			-0.311	0.2542	-0.9158
			-0.1806	-0.964	0.1951
			-0.2101	0.9751	-0.071
			0.4352	0.6707	-0.6006
			-0.2018	-0.7876	-0.5822
		b:
			417.3026
			-149.2787
			-510.5654
			402.7815
			383.8713
			-571.7798


===========================================================================================
===========================================================================================
S6:
	q_c:	151.0	153.5	228.5
	ub :	168.8858	167.5409	242.7333
	lb :	134.1534	137.6192	216.0419

	==================================================================================
	Q1:
		Shape: Ellipse
		q_c:	151.5	149.5	223.5
		ub :	160.1203	158.5398	230.9581
		lb :	142.8797	140.4602	216.0419
		P^-1:
			0.0377	-0.0034	-0.0116
			-0.0034	0.0348	0.0114
			-0.0116	0.0114	0.0508
	==================================================================================
	Q2:
		Shape: Ellipse
		q_c:	143.5	159.0	234.0
		ub :	152.2885	166.7926	241.722
		lb :	134.7115	151.2074	226.278
		P^-1:
			0.0307	0.0092	0.0069
			0.0092	0.0449	-0.0034
			0.0069	-0.0034	0.0468
	==================================================================================
	Q3:
		Shape: Hybrid
		q_c:	149.5	161.0	221.0
		ub :	155.9822	167.5409	224.4144
		lb :	143.0178	154.4591	217.5856
		P^-1:
			0.0859	0.0671	0.0103
			0.0671	0.0992	-0.0093
			0.0103	-0.0093	0.1586
		A:
			-0.8455	-0.5337	-0.0151
			-0.2364	-0.3875	0.891
			0.8433	0.492	0.2163
			-0.9469	-0.3152	0.0636
			-0.3539	-0.7529	0.5549
			-0.2539	-0.6106	-0.7501
		b:
			-213.9566
			100.442
			254.8238
			-175.6233
			-50.0019
			-300.2231
	==================================================================================
	Q4:
		Shape: Ellipse
		q_c:	162.0	154.5	223.5
		ub :	168.8858	160.2844	230.7942
		lb :	155.1142	148.7156	216.2058
		P^-1:
			0.0531	-0.005	-0.0099
			-0.005	0.0599	-0.0052
			-0.0099	-0.0052	0.052
	==================================================================================
	Q5:
		Shape: Ellipse
		q_c:	142.5	152.0	235.0
		ub :	150.8466	155.0022	242.7333
		lb :	134.1534	148.9978	227.2667
		P^-1:
			0.0404	0.078	-0.0026
			0.078	0.4293	0.0052
			-0.0026	0.0052	0.0315
	==================================================================================
	Q6:
		Shape: Polyhedra
		q_c:	159.5	143.5	229.0
		ub :	165.214	149.3808	235.6719
		lb :	153.786	137.6192	222.3281
		A:
			-0.8831	-0.4091	-0.2296
			-0.3392	-0.8103	0.4779
			-0.0483	0.068	0.9965
			-0.6297	0.3658	-0.6853
			-0.4037	0.7454	-0.5304
			0.2322	0.6579	0.7164
			0.2907	0.8275	0.4803
			-0.9324	0.1323	0.3364
			0.2149	-0.5457	0.81
			-0.2907	-0.8275	-0.4803
			0.9324	-0.1323	-0.3364
			-0.2149	0.5457	-0.81
		b:
			-248.3795
			-56.7788
			234.4194
			-200.5093
			-74.4978
			299.0911
			278.6129
			-48.6841
			145.9594
			-271.6129
			56.6841
			-136.9594


===========================================================================================
===========================================================================================
S7:
	q_c:	468.0	218.5	167.0
	ub :	477.0526	234.8323	176.6904
	lb :	453.7462	206.7095	152.4884

	==================================================================================
	Q1:
		Shape: Hybrid
		q_c:	463.0	227.5	160.5
		ub :	471.7849	234.8323	168.5116
		lb :	454.2151	220.1677	152.4884
		P^-1:
			0.0308	0.0045	-0.0172
			0.0045	0.1015	-0.0631
			-0.0172	-0.0631	0.0881
		A:
			-0.08	-0.3486	0.9338
			0.9537	-0.2359	0.1866
			-0.4659	0.7995	-0.379
			-0.1488	-0.8785	0.4539
			0.0684	0.7357	-0.6738
			0.3276	-0.9114	0.2489
		b:
			35.8362
			422.6682
			-92.0604
			-194.2433
			92.1448
			-13.3367
	==================================================================================
	Q2:
		Shape: Ellipse
		q_c:	466.5	226.5	166.5
		ub :	472.4308	234.1808	173.6167
		lb :	460.5692	218.8192	159.3833
		P^-1:
			0.1117	0.0476	0.039
			0.0476	0.0631	0.0209
			0.039	0.0209	0.0583
	==================================================================================
	Q3:
		Shape: Polyhedra
		q_c:	474.0	218.5	173.0
		ub :	477.0526	222.4144	176.6904
		lb :	470.9474	214.5856	169.3096
		A:
			-0.5691	0.6413	-0.5147
			-0.5634	0.3806	-0.7333
			0.9464	0.1633	0.2786
			0.0042	0.697	-0.7171
			0.562	-0.7857	0.2584
			0.1434	0.9856	-0.089
			0.252	0.6083	0.7526
			-0.9464	0.3171	0.0606
			-0.2018	-0.7276	0.6557
			-0.252	-0.6083	-0.7526
			0.9464	-0.3171	-0.0606
			0.2018	0.7276	-0.6557
		b:
			-216.6499
			-308.5008
			534.8355
			32.217
			141.4273
			270.3146
			385.5901
			-366.8372
			-139.178
			-379.5901
			370.8372
			143.178
	==================================================================================
	Q4:
		Shape: Ellipse
		q_c:	464.0	212.0	169.0
		ub :	469.1032	217.2905	174.9285
		lb :	458.8968	206.7095	163.0715
		P^-1:
			0.0632	-0.0021	0.003
			-0.0021	0.0684	-0.0086
			0.003	-0.0086	0.075
	==================================================================================
	Q5:
		Shape: Ellipse
		q_c:	460.5	219.0	170.5
		ub :	465.6192	221.5962	175.8105
		lb :	455.3808	216.4038	165.1895
		P^-1:
			0.1384	0.0736	-0.0801
			0.0736	0.3931	-0.0814
			-0.0801	-0.0814	0.1224
	==================================================================================
	Q6:
		Shape: Polyhedra
		q_c:	461.0	216.0	169.5
		ub :	468.2538	223.0294	176.5734
		lb :	453.7462	208.9706	162.4266
		A:
			0.3657	0.4759	0.7999
			-0.2503	0.1653	-0.954
			0.8685	-0.2836	-0.4065
			0.9662	-0.2153	-0.1416
			-0.6469	-0.7464	-0.1563
			0.1285	-0.1367	0.9822
			0.7301	0.022	0.6829
			-0.678	-0.1009	0.7281
			0.0849	-0.9946	-0.0588
			-0.7301	-0.022	-0.6829
			0.678	0.1009	-0.7281
			-0.0849	0.9946	0.0588
		b:
			412.301
			-236.4774
			275.0952
			379.8317
			-480.2342
			201.0054
			462.1038
			-206.4429
			-179.1515
			-452.1038
			215.4429
			192.1515


===========================================================================================
===========================================================================================
S8:
	q_c:	310.0	370.0	344.5
	ub :	318.512	377.5207	350.6297
	lb :	303.6846	363.2036	337.3436

	==================================================================================
	Q1:
		Shape: Polyhedra
		q_c:	308.0	370.5	344.0
		ub :	312.1497	374.6745	346.8135
		lb :	303.8503	366.3255	341.1865
		A:
			-0.6776	0.2332	-0.6975
			0.4168	-0.2652	-0.8694
			0.3335	-0.0936	0.9381
			0.4138	-0.3846	0.8251
			-0.4139	-0.4393	0.7973
			-0.7684	-0.5832	-0.2635
			0.7266	0.6774	0.1148
			0.6435	-0.6125	-0.4591
			-0.2407	0.4075	-0.8809
			-0.7266	-0.6774	-0.1148
			-0.6435	0.6125	0.4591
			0.2407	-0.4075	0.8809
		b:
			-360.3232
			-266.7024
			392.44
			270.3471
			-13.8602
			-540.4255
			517.251
			-184.1613
			-224.7161
			-511.251
			189.1613
			227.7161
	==================================================================================
	Q2:
		Shape: Ellipse
		q_c:	313.5	367.0	346.5
		ub :	315.9491	369.5408	348.5748
		lb :	311.0509	364.4592	344.4252
		P^-1:
			0.613	0.0995	-0.2824
			0.0995	0.2956	-0.0013
			-0.2824	-0.0013	0.7859
	==================================================================================
	Q3:
		Shape: Hybrid
		q_c:	309.0	369.5	340.5
		ub :	312.1642	372.1411	343.6564
		lb :	305.8358	366.8589	337.3436
		P^-1:
			0.2507	-0.0953	0.1122
			-0.0953	0.7363	-0.3612
			0.1122	-0.3612	0.4231
		A:
			0.1814	-0.3201	0.9299
			-0.012	0.9045	-0.4262
			0.9911	-0.0217	-0.131
			-0.8244	0.3889	-0.4113
			0.1434	-0.6541	0.7427
			0.5199	0.719	-0.4612
		b:
			255.509
			185.9617
			255.328
			-249.9194
			56.1362
			270.4288
	==================================================================================
	Q4:
		Shape: Hybrid
		q_c:	307.5	368.5	346.5
		ub :	310.6556	372.6523	350.6297
		lb :	304.3444	364.3477	342.3703
		P^-1:
			0.6716	-0.2101	-0.3856
			-0.2101	0.201	0.0976
			-0.3856	0.0976	0.3691
		A:
			-0.1252	0.8436	-0.5222
			0.7402	0.599	0.3055
			0.8198	0.0677	-0.5687
			0.1331	-0.7903	-0.5981
			-0.3008	0.9166	0.2633
			-0.9192	0.311	0.2414
		b:
			93.3912
			557.044
			80.8003
			-455.3755
			338.3713
			-83.5699
	==================================================================================
	Q5:
		Shape: Hybrid
		q_c:	307.0	366.5	341.0
		ub :	310.3154	369.7964	344.067
		lb :	303.6846	363.2036	337.933
		P^-1:
			0.3171	0.0445	-0.1082
			0.0445	0.1878	0.0111
			-0.1082	0.0111	0.3495
		A:
			-0.7528	-0.4661	0.4648
			-0.2317	0.0475	0.9716
			-0.2164	-0.9598	0.1785
			-0.0259	0.3517	-0.9358
			-0.1016	0.9492	0.2979
			-0.7784	-0.1832	-0.6004
		b:
			-242.5525
			278.4763
			-355.8146
			-196.9173
			419.8142
			-509.5299
	==================================================================================
	Q6:
		Shape: Polyhedra
		q_c:	315.5	374.0	347.5
		ub :	318.512	377.5207	350.1403
		lb :	312.488	370.4793	344.8597
		A:
			0.5179	-0.7798	0.3517
			0.6483	-0.5493	0.5273
			0.8432	-0.4919	0.2167
			0.221	0.9285	-0.2984
			-0.5896	0.7969	0.1313
			0.8853	0.1315	0.446
			0.384	0.8782	0.2851
			0.1091	0.2634	-0.9585
			-0.9169	0.3992	0.0053
			-0.384	-0.8782	-0.2851
			-0.1091	-0.2634	0.9585
			0.9169	-0.3992	-0.0053
		b:
			-3.9506
			184.3522
			159.3548
			315.6302
			159.7896
			485.6677
			551.1713
			-198.1237
			-136.1407
			-546.1713
			202.1237
			140.1407


===========================================================================================
===========================================================================================
S9:
	q_c:	440.5	297.5	176.5
	ub :	479.035	333.4327	211.9278
	lb :	416.9969	264.1371	150.1427

	==================================================================================
	Q1:
		Shape: Polyhedra
		q_c:	432.5	277.0	196.5
		ub :	444.6774	287.2484	209.5232
		lb :	420.3226	266.7516	183.4768
		A:
			-0.9145	0.2187	0.3403
			-0.4581	-0.6312	0.6259
			-0.346	-0.6629	-0.664
			0.7549	-0.1019	-0.6479
			-0.2878	0.8223	-0.4909
			0.2331	-0.8977	0.3738
			0.267	0.067	0.9614
			-0.6636	-0.7107	0.2338
			0.6989	-0.7003	-0.1453
			-0.267	-0.067	-0.9614
			0.6636	0.7107	-0.2338
			-0.6989	0.7003	0.1453
		b:
			-260.6795
			-243.0503
			-454.3323
			178.8974
			15.138
			-66.6276
			333.942
			-432.3942
			87.7158
			-311.942
			443.3942
			-71.7158
	==================================================================================
	Q2:
		Shape: Ellipse
		q_c:	449.0	274.5	195.0
		ub :	463.2906	284.8629	201.7373
		lb :	434.7094	264.1371	188.2627
		P^-1:
			0.0068	0.0025	-0.0114
			0.0025	0.0167	-0.0228
			-0.0114	-0.0228	0.1042
	==================================================================================
	Q3:
		Shape: Polyhedra
		q_c:	441.0	301.0	198.5
		ub :	458.4857	318.0416	209.5571
		lb :	423.5143	283.9584	187.4429
		A:
			0.5318	0.1945	0.8242
			0.093	-0.4829	0.8707
			0.6985	0.6246	-0.3492
			-0.4674	-0.8836	-0.026
			0.8886	0.3788	0.2587
			0.6735	0.14	0.7258
			0.5054	0.5848	0.6345
			-0.379	-0.5102	0.7721
			0.7752	-0.6307	-0.0363
			-0.5054	-0.5848	-0.6345
			0.379	0.5102	-0.7721
			-0.7752	0.6307	0.0363
		b:
			464.7706
			76.9984
			434.4516
			-469.4295
			566.3737
			492.152
			532.3509
			-159.9409
			158.8425
			-517.3509
			174.9409
			-130.8425
	==================================================================================
	Q4:
		Shape: Ellipse
		q_c:	433.5	317.0	162.5
		ub :	450.0031	333.4327	174.8573
		lb :	416.9969	300.5673	150.1427
		P^-1:
			0.0081	-0.0036	-0.0005
			-0.0036	0.0121	-0.0012
			-0.0005	-0.0012	0.0151
	==================================================================================
	Q5:
		Shape: Ellipse
		q_c:	461.5	291.5	176.0
		ub :	479.035	306.1656	192.5621
		lb :	443.965	276.8344	159.4379
		P^-1:
			0.0103	0.0005	0.0024
			0.0005	0.0104	0.001
			0.0024	0.001	0.008
	==================================================================================
	Q6:
		Shape: Hybrid
		q_c:	440.0	303.5	197.0
		ub :	457.0546	320.6232	211.9278
		lb :	422.9454	286.3768	182.0722
		P^-1:
			0.0098	0.0007	0.0005
			0.0007	0.0098	0.0003
			0.0005	0.0003	0.0106
		A:
			-0.8361	-0.5464	0.0499
			0.247	-0.9175	-0.3116
			-0.5012	0.1918	0.8438
			-0.3874	0.502	-0.7733
			0.3427	0.6686	0.6599
			-0.3563	0.066	-0.932
		b:
			-518.756
			-225.6694
			9.2687
			-165.1891
			488.5732
			-315.4233


===========================================================================================
===========================================================================================
S10:
	q_c:	368.5	453.0	91.0
	ub :	382.5621	464.1362	101.2418
	lb :	358.9842	439.563	81.3515

	==================================================================================
	Q1:
		Shape: Polyhedra
		q_c:	364.0	460.5	96.0
		ub :	369.0158	463.1355	101.2418
		lb :	358.9842	457.8645	90.7582
		A:
			0.7063	-0.5564	-0.4377
			-0.2041	0.7455	0.6345
			-0.2873	-0.8897	0.3548
			0.6595	0.1975	-0.7253
			0.6412	0.7625	-0.086
			-0.5546	0.7981	0.2355
			0.6839	0.0666	0.7265
			-0.7271	0.1445	0.6712
			-0.0602	-0.9873	0.1472
			-0.6839	-0.0666	-0.7265
			0.7271	-0.1445	-0.6712
			0.0602	0.9873	-0.1472
		b:
			-38.683
			332.6402
			-478.1627
			263.8106
			579.0005
			190.6066
			353.8755
			-131.185
			-460.4255
			-344.8755
			136.185
			464.4255
	==================================================================================
	Q2:
		Shape: Polyhedra
		q_c:	375.5	455.0	88.0
		ub :	379.3833	460.9541	94.5408
		lb :	371.6167	449.0459	81.4592
		A:
			0.626	0.7628	-0.1617
			-0.9797	0.113	-0.1656
			-0.7098	0.682	0.1763
			0.6889	-0.2815	0.668
			-0.4423	-0.253	-0.8605
			-0.2743	0.9353	-0.2234
			0.1543	0.4048	0.9013
			0.0375	0.9091	-0.4148
			-0.9873	0.0978	0.1251
			-0.1543	-0.4048	-0.9013
			-0.0375	-0.9091	0.4148
			0.9873	-0.0978	-0.1251
		b:
			571.74
			-327.843
			62.8146
			193.4282
			-352.0596
			306.8424
			326.4403
			395.2434
			-312.2365
			-316.4403
			-387.2434
			318.2365
	==================================================================================
	Q3:
		Shape: Hybrid
		q_c:	370.5	450.0	89.0
		ub :	378.2944	454.6711	96.6485
		lb :	362.7056	445.3289	81.3515
		P^-1:
			0.0471	-0.014	0.0232
			-0.014	0.0986	-0.016
			0.0232	-0.016	0.0557
		A:
			0.8864	-0.4566	0.0765
			-0.5068	0.1753	-0.844
			0.5564	-0.5946	0.5804
			0.0604	0.3811	0.9226
			-0.4523	0.119	-0.8839
			-0.0159	-0.7253	-0.6883
		b:
			132.7437
			-181.8037
			-8.0668
			279.1446
			-190.3712
			-390.7082
	==================================================================================
	Q4:
		Shape: Hybrid
		q_c:	376.5	445.5	89.0
		ub :	382.5621	451.437	95.7688
		lb :	370.4379	439.563	82.2312
		P^-1:
			0.1393	-0.0839	0.0564
			-0.0839	0.1161	-0.0555
			0.0564	-0.0555	0.084
		A:
			0.3053	-0.2948	-0.9055
			0.5174	-0.5866	0.623
			-0.4533	-0.4909	0.744
			0.9677	-0.0508	0.247
			0.3628	-0.1863	0.9131
			-0.966	0.1211	-0.2285
		b:
			-93.304
			-9.8068
			-319.788
			365.9947
			137.3259
			-327.9151
	==================================================================================
	Q5:
		Shape: Polyhedra
		q_c:	364.5	459.5	92.5
		ub :	369.1789	464.1362	97.863
		lb :	359.8211	454.8638	87.137
		A:
			0.7192	0.6869	-0.1045
			-0.5539	-0.4349	-0.7099
			0.4821	0.3744	0.7921
			0.7823	0.288	0.5523
			0.5304	0.2094	0.8215
			0.7558	0.466	0.46
			0.6236	0.6294	0.4637
			0.7605	-0.3513	-0.5461
			-0.1808	0.6932	-0.6977
			-0.6236	-0.6294	-0.4637
			-0.7605	0.3513	0.5461
			0.1808	-0.6932	0.6977
		b:
			570.4635
			-465.9385
			422.8725
			470.269
			367.619
			533.471
			560.3927
			69.8054
			191.5737
			-558.3927
			-60.8054
			-184.5737
	==================================================================================
	Q6:
		Shape: Polyhedra
		q_c:	368.0	454.0	91.0
		ub :	374.0785	461.5443	98.197
		lb :	361.9215	446.4557	83.803
		A:
			-0.8767	0.4567	0.1513
			0.7763	-0.0224	-0.63
			-0.9222	0.2777	0.269
			0.6498	-0.7182	0.2487
			-0.6642	-0.5168	-0.5401
			-0.1412	0.8118	0.5666
			0.093	0.5238	0.8468
			-0.404	0.7971	-0.4487
			-0.91	-0.3004	0.2857
			-0.093	-0.5238	-0.8468
			0.404	-0.7971	0.4487
			0.91	0.3004	-0.2857
		b:
			-97.0015
			222.3061
			-184.5199
			-59.4113
			-523.8934
			372.7728
			353.5687
			177.3745
			-441.2629
			-344.5687
			-167.3745
			449.2629


===========================================================================================
===========================================================================================
S11:
	q_c:	11.5	139.0	101.0
	ub :	27.4306	154.7868	116.0359
	lb :	-4.6801	125.3297	85.712

	==================================================================================
	Q1:
		Shape: Ellipse
		q_c:	19.0	133.5	95.5
		ub :	27.4306	139.6293	103.864
		lb :	10.5694	127.3707	87.136
		P^-1:
			0.0393	-0.0157	0.004
			-0.0157	0.0728	-0.0102
			0.004	-0.0102	0.0357
	==================================================================================
	Q2:
		Shape: Polyhedra
		q_c:	12.0	134.5	96.0
		ub :	19.5044	140.9214	103.7406
		lb :	4.4956	128.0786	88.2594
		A:
			0.132	0.2168	0.9673
			-0.4238	0.2823	-0.8607
			-0.8826	0.4417	-0.1609
			-0.109	0.4149	0.9033
			-0.331	-0.9352	-0.1259
			0.4034	0.6667	-0.6267
			0.1836	0.7073	0.6827
			-0.197	0.7069	-0.6794
			-0.9631	-0.0097	0.2691
			-0.1836	-0.7073	-0.6827
			0.197	-0.7069	0.6794
			0.9631	0.0097	-0.2691
		b:
			127.8059
			-44.5938
			39.191
			145.2972
			-137.4817
			39.9963
			166.369
			32.9875
			18.9754
			-159.369
			-21.9875
			-6.9754
	==================================================================================
	Q3:
		Shape: Hybrid
		q_c:	1.5	140.5	91.5
		ub :	6.5839	145.5952	97.288
		lb :	-3.5839	135.4048	85.712
		P^-1:
			0.2919	-0.0115	-0.1912
			-0.0115	0.1025	0.0455
			-0.1912	0.0455	0.1943
		A:
			-0.9148	-0.2893	0.2818
			0.274	-0.9114	-0.3069
			0.0894	0.7207	-0.6875
			-0.8479	-0.2727	0.4546
			0.8057	-0.5229	-0.2781
			-0.7347	-0.2	0.6482
		b:
			-14.8389
			-153.4788
			42.2002
			3.1039
			-95.6284
			31.2441
	==================================================================================
	Q4:
		Shape: Polyhedra
		q_c:	8.0	130.5	101.5
		ub :	11.4588	135.6703	109.628
		lb :	4.5412	125.3297	93.372
		A:
			0.0854	-0.8485	-0.5223
			0.6471	-0.5269	-0.5511
			-0.6943	-0.7194	-0.0199
			0.4583	0.8715	0.1745
			0.1967	-0.905	-0.3772
			-0.375	0.8917	0.2534
			0.4324	0.8723	0.2282
			0.0165	-0.2607	0.9653
			0.9015	-0.4136	-0.1272
			-0.4324	-0.8723	-0.2282
			-0.0165	0.2607	-0.9653
			-0.9015	0.4136	0.1272
		b:
			-159.8606
			-115.8264
			-98.7256
			137.634
			-152.1619
			141.5927
			142.9591
			71.5837
			-57.1744
			-137.9591
			-56.5837
			62.1744
	==================================================================================
	Q5:
		Shape: Ellipse
		q_c:	22.5	138.0	108.5
		ub :	24.7319	142.6836	116.0359
		lb :	20.2681	133.3164	100.9641
		P^-1:
			0.4227	0.0803	-0.0182
			0.0803	0.1278	-0.0233
			-0.0182	-0.0233	0.0255
	==================================================================================
	Q6:
		Shape: Hybrid
		q_c:	1.5	149.0	105.5
		ub :	7.6801	154.7868	110.0532
		lb :	-4.6801	143.2132	100.9468
		P^-1:
			0.078	0.0022	-0.0356
			0.0022	0.0628	-0.005
			-0.0356	-0.005	0.1442
		A:
			-0.4209	-0.8772	0.2309
			0.0983	-0.4932	0.8643
			0.1425	0.8246	-0.5476
			0.7237	-0.6874	-0.0607
			-0.4143	-0.4974	0.7622
			-0.7523	0.1444	0.6428
		b:
			-104.4557
			19.7729
			67.5819
			-105.1078
			7.2988
			89.8641


===========================================================================================
===========================================================================================
S12:
	q_c:	435.0	517.5	420.0
	ub :	451.0305	538.4153	435.8705
	lb :	414.45	503.2421	404.9837

	==================================================================================
	Q1:
		Shape: Polyhedra
		q_c:	445.0	515.5	414.0
		ub :	451.0305	521.7842	419.8721
		lb :	438.9695	509.2158	408.1279
		A:
			-0.2846	0.8304	0.479
			-0.4302	0.0544	0.9011
			0.2348	-0.2761	0.932
			-0.1441	0.985	-0.0949
			-0.244	-0.9698	0.0007
			0.8468	-0.1398	-0.5132
			0.3792	0.5599	0.7367
			-0.6003	0.7548	-0.2646
			-0.7042	-0.3419	0.6223
			-0.3792	-0.5599	-0.7367
			0.6003	-0.7548	0.2646
			0.7042	0.3419	-0.6223
		b:
			503.7028
			213.004
			351.763
			408.2657
			-604.4232
			95.6166
			766.3565
			16.4116
			-228.9909
			-758.3565
			-8.4116
			234.9909
	==================================================================================
	Q2:
		Shape: Polyhedra
		q_c:	434.5	523.5	417.0
		ub :	441.2016	531.6417	423.946
		lb :	427.7984	515.3583	410.054
		A:
			-0.544	0.2301	-0.8069
			0.6231	0.7815	-0.0312
			0.8191	0.5548	0.1462
			0.6546	0.5728	0.4934
			0.6984	-0.5329	-0.4777
			-0.2516	-0.7252	-0.6409
			0.9823	0.0868	0.1658
			0.0586	-0.9841	0.1679
			0.1777	-0.1552	-0.9718
			-0.9823	-0.0868	-0.1658
			-0.0586	0.9841	-0.1679
			-0.1777	0.1552	0.9718
		b:
			-446.8053
			673.2164
			713.1342
			795.7495
			-169.0118
			-750.3798
			546.8891
			-412.6914
			-404.2536
			-535.8891
			426.6914
			414.2536
	==================================================================================
	Q3:
		Shape: Polyhedra
		q_c:	443.5	531.5	428.5
		ub :	448.5381	538.4153	433.8269
		lb :	438.4619	524.5847	423.1731
		A:
			-0.1927	0.7973	0.5721
			0.5621	0.7031	0.4355
			-0.7118	0.1513	0.6859
			0.6605	0.3827	0.6459
			0.1166	0.5092	0.8527
			0.0149	-0.7945	-0.607
			0.0082	0.4744	0.8803
			-1.0	0.0015	0.0085
			0.0027	-0.8803	0.4744
			-0.0082	-0.4744	-0.8803
			1.0	-0.0015	-0.0085
			-0.0027	0.8803	-0.4744
		b:
			587.121
			813.8737
			62.7849
			776.9258
			690.3165
			-672.2683
			635.4751
			-434.0677
			-256.8605
			-630.4751
			444.0677
			269.8605
	==================================================================================
	Q4:
		Shape: Hybrid
		q_c:	443.5	528.0	429.0
		ub :	450.9168	538.4103	435.8705
		lb :	436.0832	517.5897	422.1295
		P^-1:
			0.1336	0.0693	-0.0586
			0.0693	0.06	-0.0697
			-0.0586	-0.0697	0.147
		A:
			0.6236	0.5476	-0.5579
			0.2825	0.2169	-0.9344
			0.4713	0.1696	0.8655
			0.9544	0.0075	-0.2985
			-0.5227	-0.3989	0.7535
			-0.6857	-0.1833	0.7045
		b:
			327.6454
			-159.0178
			673.0785
			303.1247
			-118.0418
			-96.082
	==================================================================================
	Q5:
		Shape: Ellipse
		q_c:	422.5	512.0	415.5
		ub :	427.5772	520.7579	426.0163
		lb :	417.4228	503.2421	404.9837
		P^-1:
			0.0493	-0.0006	-0.001
			-0.0006	0.0409	-0.0159
			-0.001	-0.0159	0.0196
	==================================================================================
	Q6:
		Shape: Hybrid
		q_c:	419.5	528.5	428.0
		ub :	424.55	532.5197	433.8954
		lb :	414.45	524.4803	422.1046
		P^-1:
			0.0994	0.0189	-0.0451
