3D_35_20_6_c                l = 3

===========================================================================================
===========================================================================================
S1:
	q_c:    111.0000    120.5000    480.5000
	ub :    128.0000    138.0000    502.0000
	lb :    94.0000    103.0000    459.0000

	==================================================================================
	Q1:
		Shape: Polyhedra
		q_c:    108.5000    103.0000    468.0000
		ub :    123.4697    117.6610    478.9288
		lb :    93.5303    88.3390    457.0712
		A:
			    -0.7978    -0.0363    0.6018
			    0.1509    0.0625    -0.9866
			    -0.9746    -0.2237    0.0115
			    -0.3810    0.7331    -0.5634
			    0.0788    -0.5266    -0.8464
			    0.9746    -0.1498    -0.1662
			    0.2815    0.1997    0.9386
			    -0.7254    0.6846    0.0719
			    -0.6282    -0.7011    0.3375
			    -0.2815    -0.1997    -0.9386
			    0.7254    -0.6846    -0.0719
			    0.6282    0.7011    -0.3375
		b:
			    200.6353
			    -430.8855
			    -114.0574
			    -220.4605
			    -433.8273
			    22.0138
			    497.8546
			    34.9610
			    27.0885
			    -482.8546
			    -15.9610
			    -8.0885
	==================================================================================
	Q2:
		Shape: Polyhedra
		q_c:    117.5000    125.0000    492.5000
		ub :    131.0992    141.4375    508.2342
		lb :    103.9008    108.5625    476.7658
		A:
			    -0.0042    -0.3335    -0.9428
			    0.8009    0.4741    -0.3657
			    -0.0909    -0.9834    0.1570
			    0.4251    0.8668    -0.2607
			    0.8755    -0.3728    0.3073
			    0.0246    0.7706    -0.6368
			    0.5828    0.6482    0.4900
			    -0.8099    0.5122    0.2857
			    -0.0658    -0.5634    0.8236
			    -0.5828    -0.6482    -0.4900
			    0.8099    -0.5122    -0.2857
			    0.0658    0.5634    -0.8236
		b:
			    -497.0560
			    -16.9677
			    -46.5278
			    39.4390
			    217.7643
			    -203.5510
			    398.3443
			    120.0689
			    338.4490
			    -383.3443
			    -99.0689
			    -316.4490
	==================================================================================
	Q3:
		Shape: Polyhedra
		q_c:    126.5000    133.5000    481.0000
		ub :    133.4286    144.2898    490.0289
		lb :    119.5714    122.7102    471.9711
		A:
			    -0.0967    -0.0111    -0.9952
			    -0.3630    -0.5469    0.7544
			    0.9639    0.0234    -0.2652
			    -0.3770    0.2784    -0.8834
			    -0.6666    -0.5045    0.5487
			    0.8718    -0.2785    0.4030
			    0.1319    0.9208    0.3670
			    0.8553    0.0814    -0.5117
			    -0.5011    0.3813    -0.7769
			    -0.1319    -0.9208    -0.3670
			    -0.8553    -0.0814    0.5117
			    0.5011    -0.3813    0.7769
		b:
			    -486.9565
			    248.7770
			    1.5717
			    -430.8517
			    117.3174
			    271.2982
			    325.6291
			    -123.0433
			    -381.6449
			    -306.6291
			    131.0433
			    390.6449
	==================================================================================
	Q4:
		Shape: Ellipse
		q_c:    107.0000    107.5000    472.5000
		ub :    120.6906    121.0165    485.3992
		lb :    93.3094    93.9835    459.6008
		P^-1: 
			    0.0170    0.0021    0.0039
			    0.0021    0.0133    0.0021
			    0.0039    0.0021    0.0125
	==================================================================================
	Q5:
		Shape: Ellipse
		q_c:    97.0000    116.0000    492.0000
		ub :    103.1247    122.1335    496.8619
		lb :    90.8753    109.8665    487.1381
		P^-1: 
			    0.1056    0.0873    0.0514
			    0.0873    0.1420    0.0485
			    0.0514    0.0485    0.1171
	==================================================================================
	Q6:
		Shape: Polyhedra
		q_c:    118.0000    120.5000    468.5000
		ub :    135.2522    137.7732    484.7878
		lb :    100.7478    103.2268    452.2122
		A:
			    0.4401    0.8959    0.0604
			    0.5006    0.7975    0.3368
			    -0.2501    0.2320    0.9400
			    -0.4648    0.7573    0.4587
			    0.0573    0.9928    0.1055
			    -0.0422    -0.4709    -0.8812
			    0.3592    0.5116    0.7805
			    0.7389    0.3550    -0.5727
			    -0.5701    0.7825    -0.2505
			    -0.3592    -0.5116    -0.7805
			    -0.7389    -0.3550    0.5727
			    0.5701    -0.7825    0.2505
		b:
			    198.3984
			    323.0378
			    448.8456
			    261.8826
			    186.3231
			    -464.5382
			    479.7173
			    -128.3588
			    -79.3270
			    -459.7173
			    148.3588
			    101.3270


===========================================================================================
===========================================================================================
S2:
	q_c:    338.0000    103.5000    398.5000
	ub :    354.0000    119.0000    419.0000
	lb :    322.0000    88.0000    378.0000

	==================================================================================
	Q1:
		Shape: Hybrid
		q_c:    331.5000    95.5000    413.5000
		ub :    338.5253    103.5848    420.9202
		lb :    324.4747    87.4152    406.0798
		P^-1: 
			    0.1290    0.0294    -0.0949
			    0.0294    0.0686    -0.0633
			    -0.0949    -0.0633    0.1327
		A:
			    -0.1106    -0.4390    0.8917
			    0.6829    0.3951    -0.6144
			    0.6162    0.3767    -0.6917
			    -0.2451    -0.8896    0.3855
			    0.5189    0.1779    -0.8361
			    0.1912    0.5720    -0.7977
		b:
			    292.4367
			    11.2107
			    -44.7696
			    -3.8955
			    -155.0461
			    -210.0966
	==================================================================================
	Q2:
		Shape: Ellipse
		q_c:    323.5000    122.5000    399.5000
		ub :    329.6096    129.1988    406.6707
		lb :    317.3904    115.8012    392.3293
		P^-1: 
			    0.0761    0.0415    0.0361
			    0.0415    0.0877    0.0415
			    0.0361    0.0415    0.0761
	==================================================================================
	Q3:
		Shape: Hybrid
		q_c:    327.0000    105.5000    396.5000
		ub :    336.7738    118.3211    409.3072
		lb :    317.2262    92.6789    383.6928
		P^-1: 
			    0.0196    0.0012    -0.0013
			    0.0012    0.0160    -0.0004
			    -0.0013    -0.0004    0.0160
		A:
			    -0.3467    0.3628    -0.8650
			    -0.7720    0.4762    -0.4210
			    -0.6139    0.5593    0.5570
			    -0.3430    0.9187    0.1958
			    0.9151    0.3999    0.0513
			    0.4910    0.8654    -0.1000
		b:
			    -413.5751
			    -364.8198
			    83.2806
			    66.8979
			    365.3963
			    216.2153
	==================================================================================
	Q4:
		Shape: Polyhedra
		q_c:    324.0000    110.5000    393.0000
		ub :    334.7517    118.5743    403.3298
		lb :    313.2483    102.4257    382.6702
		A:
			    -0.5510    0.7163    -0.4282
			    0.2872    -0.8548    -0.4324
			    0.0060    0.9832    0.1822
			    0.9475    0.2859    0.1429
			    0.4891    -0.8597    0.1473
			    -0.5922    0.7486    -0.2982
			    0.5105    0.0092    0.8598
			    -0.8351    0.2437    0.4932
			    -0.2050    -0.9698    0.1321
			    -0.5105    -0.0092    -0.8598
			    0.8351    -0.2437    -0.4932
			    0.2050    0.9698    -0.1321
		b:
			    -260.8494
			    -164.5712
			    188.7816
			    401.6600
			    128.0760
			    -219.5457
			    511.3304
			    -42.8174
			    -115.1728
			    -497.3304
			    56.8174
			    128.1728
	==================================================================================
	Q5:
		Shape: Hybrid
		q_c:    341.5000    100.0000    400.5000
		ub :    350.4015    109.6254    409.5616
		lb :    332.5985    90.3746    391.4384
		P^-1: 
			    0.0307    -0.0029    -0.0009
			    -0.0029    0.0295    -0.0024
			    -0.0009    -0.0024    0.0184
		A:
			    0.6054    0.7613    0.2322
			    -0.4935    -0.8675    0.0624
			    0.4644    0.5368    0.7044
			    0.9944    -0.0509    -0.0921
			    -0.1479    -0.6875    0.7110
			    -0.8343    0.1429    0.5325
		b:
			    379.4959
			    -227.0170
			    498.7730
			    300.5504
			    169.0882
			    -54.0108
	==================================================================================
	Q6:
		Shape: Polyhedra
		q_c:    341.5000    96.0000    396.5000
		ub :    346.2285    103.9201    404.4260
		lb :    336.7715    88.0799    388.5740
		A:
			    -0.8654    0.1659    -0.4728
			    0.7497    0.5490    -0.3696
			    0.8833    -0.4292    -0.1887
			    -0.1297    0.6433    0.7546
			    0.6026    0.7954    0.0653
			    -0.9225    0.1518    0.3549
			    0.1226    0.6042    0.7873
			    0.4082    0.6924    -0.5950
			    -0.9046    0.3943    -0.1617
			    -0.1226    -0.6042    -0.7873
			    -0.4082    -0.6924    0.5950
			    0.9046    -0.3943    0.1617
		b:
			    -464.2775
			    167.2737
			    188.2808
			    322.0149
			    313.3699
			    -156.2878
			    417.5434
			    -24.5376
			    -333.2140
			    -406.5434
			    35.5376
			    337.2140


===========================================================================================
===========================================================================================
S3:
	q_c:    319.0000    493.5000    111.5000
	ub :    335.0000    520.0000    124.0000
	lb :    303.0000    467.0000    99.0000

	==================================================================================
	Q1:
		Shape: Ellipse
		q_c:    319.0000    490.0000    122.5000
		ub :    325.4445    495.2283    128.9160
		lb :    312.5555    484.7717    116.0840
		P^-1: 
			    0.0620    0.0114    0.0202
			    0.0114    0.0791    0.0201
			    0.0202    0.0201    0.0819
	==================================================================================
	Q2:
		Shape: Ellipse
		q_c:    307.5000    484.0000    121.0000
		ub :    312.6188    491.1980    126.6815
		lb :    302.3812    476.8020    115.3185
		P^-1: 
			    0.1255    0.0245    0.0332
			    0.0245    0.0337    0.0252
			    0.0332    0.0252    0.1061
	==================================================================================
	Q3:
		Shape: Ellipse
		q_c:    316.5000    500.5000    108.0000
		ub :    323.4189    506.7960    114.7927
		lb :    309.5811    494.2040    101.2073
		P^-1: 
			    0.0357    0.0043    0.0097
			    0.0043    0.0500    0.0173
			    0.0097    0.0173    0.0689
	==================================================================================
	Q4:
		Shape: Ellipse
		q_c:    323.0000    498.0000    106.0000
		ub :    330.3846    505.4329    112.4591
		lb :    315.6154    490.5671    99.5409
		P^-1: 
			    0.0525    0.0074    0.0150
			    0.0074    0.0581    -0.0164
			    0.0150    -0.0164    0.0666
	==================================================================================
	Q5:
		Shape: Ellipse
		q_c:    330.0000    494.0000    106.0000
		ub :    332.4302    499.8401    111.9375
		lb :    327.5698    488.1599    100.0625
		P^-1: 
			    0.4259    -0.0759    -0.0312
			    -0.0759    0.0755    0.0119
			    -0.0312    0.0119    0.0549
	==================================================================================
	Q6:
		Shape: Hybrid
		q_c:    319.0000    490.5000    113.0000
		ub :    326.2931    497.8450    117.1235
		lb :    311.7069    483.1550    108.8765
		P^-1: 
			    0.0440    -0.0149    -0.0120
			    -0.0149    0.0531    -0.0257
			    -0.0120    -0.0257    0.1532
		A:
			    -0.3980    -0.2380    -0.8860
			    -0.0912    0.6808    -0.7268
			    -0.0865    0.0024    0.9962
			    -0.1671    0.9784    -0.1214
			    -0.8004    -0.5111    -0.3134
			    0.7956    -0.3214    0.5136
		b:
			    -340.8547
			    224.6334
			    87.5586
			    416.0545
			    -536.7360
			    157.1747


===========================================================================================
===========================================================================================
S4:
	q_c:    46.0000    366.5000    272.5000
	ub :    62.0000    391.0000    285.0000
	lb :    30.0000    342.0000    260.0000

	==================================================================================
	Q1:
		Shape: Hybrid
		q_c:    50.5000    371.5000    280.0000
		ub :    53.7533    375.4408    284.2286
		lb :    47.2467    367.5592    275.7714
		P^-1: 
			    0.3666    0.0095    -0.1208
			    0.0095    0.2056    -0.0978
			    -0.1208    -0.0978    0.2039
		A:
			    0.7519    0.5774    -0.3181
			    0.4234    -0.7344    -0.5305
			    -0.9258    -0.1898    0.3270
			    -0.3345    -0.6491    0.6833
			    -0.9989    0.0287    -0.0378
			    -0.0147    -0.4643    0.8856
		b:
			    164.4974
			    -397.9623
			    -24.8718
			    -65.7416
			    -49.1833
			    76.1627
	==================================================================================
	Q2:
		Shape: Polyhedra
		q_c:    54.0000    359.0000    285.5000
		ub :    61.4664    362.9311    293.2189
		lb :    46.5336    355.0689    277.7811
		A:
			    -0.2725    -0.4616    0.8442
			    0.3488    0.8979    0.2685
			    0.3732    0.8093    0.4537
			    -0.2515    0.8690    0.4261
			    0.2177    -0.9060    -0.3629
			    0.5927    0.8034    0.0570
			    0.7925    0.1188    0.5982
			    -0.6074    0.0664    0.7916
			    0.0543    -0.9907    0.1248
			    -0.7925    -0.1188    -0.5982
			    0.6074    -0.0664    -0.7916
			    -0.0543    0.9907    -0.1248
		b:
			    65.4449
			    421.5551
			    444.3048
			    424.0244
			    -413.3426
			    340.7266
			    261.2169
			    222.5288
			    -314.1098
			    -251.2169
			    -211.5288
			    320.1098
	==================================================================================
	Q3:
		Shape: Ellipse
		q_c:    42.5000    370.5000    282.0000
		ub :    51.2669    380.1438    291.7371
		lb :    33.7331    360.8562    272.2629
		P^-1: 
			    0.0480    -0.0020    -0.0176
			    -0.0020    0.0293    0.0107
			    -0.0176    0.0107    0.0360
	==================================================================================
	Q4:
		Shape: Hybrid
		q_c:    49.0000    359.5000    261.0000
		ub :    54.4474    365.1708    265.7471
		lb :    43.5526    353.8292    256.2529
		P^-1: 
			    0.2157    -0.0667    -0.1790
			    -0.0667    0.0936    0.0253
			    -0.1790    0.0253    0.2863
		A:
			    -0.3146    0.0695    0.9467
			    0.8391    -0.4369    0.3240
			    -0.7970    0.0420    0.6025
			    -0.1153    -0.9845    0.1323
			    0.3884    -0.1739    -0.9049
			    0.4372    -0.3100    -0.8442
		b:
			    257.9355
			    -28.8361
			    134.4537
			    -321.8493
			    -278.4991
			    -309.1953
	==================================================================================
	Q5:
		Shape: Polyhedra
		q_c:    37.0000    359.5000    271.0000
		ub :    43.3102    368.2998    276.0718
		lb :    30.6898    350.7002    265.9282
		A:
			    0.4476    -0.2704    -0.8524
			    -0.0577    0.1862    0.9808
			    0.2335    0.6014    0.7641
			    -0.3420    -0.0426    0.9387
			    0.4970    -0.0522    -0.8662
			    -0.8598    0.4737    0.1907
			    0.7044    0.5433    0.4567
			    0.5669    -0.0436    -0.8226
			    -0.4271    0.8384    -0.3387
			    -0.7044    -0.5433    -0.4567
			    -0.5669    0.0436    0.8226
			    0.4271    -0.8384    0.3387
		b:
			    -310.0348
			    332.7635
			    434.7607
			    228.5062
			    -234.0520
			    196.1791
			    348.1562
			    -216.6171
			    202.3046
			    -342.1562
			    218.6171
			    -185.3046
	==================================================================================
	Q6:
		Shape: Polyhedra
		q_c:    39.0000    354.5000    263.0000
		ub :    46.9777    360.4750    270.8159
		lb :    31.0223    348.5250    255.1841
		A:
			    -0.6456    0.7416    -0.1824
			    -0.7320    0.5065    0.4557
			    -0.1435    0.9763    -0.1621
			    0.6598    0.6052    -0.4454
			    0.5982    -0.6573    -0.4583
			    -0.0091    -0.5926    -0.8054
			    0.1312    0.9880    0.0816
			    0.7455    -0.0441    -0.6651
			    -0.6535    0.1481    -0.7423
			    -0.1312    -0.9880    -0.0816
			    -0.7455    0.0441    0.6651
			    0.6535    -0.1481    0.7423
		b:
			    194.9809
			    275.8903
			    302.9380
			    128.1320
			    -325.2171
			    -417.1297
			    381.8102
			    -156.4811
			    -162.7207
			    -371.8102
			    166.4811
			    173.7207


===========================================================================================
===========================================================================================
S5:
	q_c:    132.5000    233.5000    121.0000
	ub :    144.0000    246.0000    150.0000
	lb :    121.0000    221.0000    92.0000

	==================================================================================
	Q1:
		Shape: Ellipse
		q_c:    122.5000    225.5000    123.5000
		ub :    127.8137    234.6470    133.0970
		lb :    117.1863    216.3530    113.9030
		P^-1: 
			    0.1001    0.0239    0.0151
			    0.0239    0.0341    0.0086
			    0.0151    0.0086    0.0224
	==================================================================================
	Q2:
		Shape: Polyhedra
		q_c:    141.5000    244.5000    109.0000
		ub :    148.7268    251.2714    117.0050
		lb :    134.2732    237.7286    100.9950
		A:
			    -0.7338    0.4601    -0.4999
			    -0.9558    -0.2920    0.0331
			    0.0623    0.4800    -0.8750
			    0.5806    0.4419    0.6838
			    -0.0638    -0.7568    0.6505
			    -0.0243    -0.9140    0.4051
			    0.4962    0.4969    0.7120
			    0.8612    -0.1779    -0.4761
			    -0.1099    0.8494    -0.5162
			    -0.4962    -0.4969    -0.7120
			    -0.8612    0.1779    0.4761
			    0.1099    -0.8494    0.5162
		b:
			    -41.3221
			    -198.0732
			    35.0970
			    269.7343
			    -119.1079
			    -178.7146
			    274.3053
			    31.4821
			    139.8560
			    -264.3053
			    -21.4821
			    -131.8560
	==================================================================================
	Q3:
		Shape: Ellipse
		q_c:    136.0000    233.5000    131.5000
		ub :    139.6042    238.0783    135.0625
		lb :    132.3958    228.9217    127.9375
		P^-1: 
			    0.3670    0.1862    -0.3189
			    0.1862    0.1911    -0.2827
			    -0.3189    -0.2827    0.6513
	==================================================================================
	Q4:
		Shape: Hybrid
		q_c:    140.5000    236.0000    126.0000
		ub :    146.8170    244.4361    134.5330
		lb :    134.1830    227.5639    117.4670
		P^-1: 
			    0.0905    -0.0286    0.0195
			    -0.0286    0.0432    -0.0121
			    0.0195    -0.0121    0.0383
		A:
			    -0.9973    -0.0570    -0.0464
			    0.6326    -0.4300    0.6441
			    0.9468    -0.1198    0.2987
			    0.8875    0.0995    0.4500
			    0.0810    0.7218    -0.6874
			    0.4963    -0.8412    0.2147
		b:
			    -156.9953
			    70.6170
			    144.2610
			    207.3913
			    98.7640
			    -99.1916
	==================================================================================
	Q5:
		Shape: Polyhedra
		q_c:    133.0000    239.5000    118.5000
		ub :    140.5908    247.0701    126.5673
		lb :    125.4092    231.9299    110.4327
		A:
			    -0.9220    0.3796    0.0767
			    0.1133    -0.0416    0.9927
			    0.9239    -0.3825    0.0113
			    -0.9104    0.0801    0.4059
			    0.9972    0.0332    -0.0664
			    0.9044    0.2989    -0.3045
			    0.6250    0.3548    0.6953
			    -0.7314    0.5775    0.3628
			    -0.2728    -0.7353    0.6204
			    -0.6250    -0.3548    -0.6953
			    0.7314    -0.5775    -0.3628
			    0.2728    0.7353    -0.6204
		b:
			    -18.3699
			    127.8025
			    36.9404
			    -49.5732
			    137.3606
			    160.3643
			    255.9987
			    88.0149
			    -134.3647
			    -244.9987
			    -80.0149
			    143.3647
	==================================================================================
	Q6:
		Shape: Polyhedra
		q_c:    140.0000    225.0000    112.5000
		ub :    147.2441    234.6520    121.4122
		lb :    132.7559    215.3480    103.5878
		A:
			    0.8689    -0.2658    -0.4175
			    -0.9567    0.2837    -0.0655
			    0.9645    -0.2132    -0.1561
			    -0.8169    0.0934    0.5692
			    0.0556    -0.3102    -0.9490
			    -0.9199    0.0757    0.3847
			    0.6298    0.7150    0.3036
			    -0.0911    0.4562    -0.8852
			    -0.7714    0.5298    0.3524
			    -0.6298    -0.7150    -0.3036
			    0.0911    -0.4562    0.8852
			    0.7714    -0.5298    -0.3524
		b:
			    18.0348
			    -73.2611
			    73.3302
			    -25.3792
			    -162.8730
			    -64.4278
			    290.6959
			    -3.2017
			    53.3644
			    -275.6959
			    16.2017
			    -48.3644


===========================================================================================
===========================================================================================
S6:
	q_c:    402.0000    387.0000    165.5000
	ub :    429.0000    413.0000    184.0000
	lb :    375.0000    361.0000    147.0000

	==================================================================================
	Q1:
		Shape: Hybrid
		q_c:    383.0000    380.5000    170.5000
		ub :    392.9773    390.4687    177.3423
		lb :    373.0227    370.5313    163.6577
		P^-1: 
			    0.0390    0.0254    -0.0023
			    0.0254    0.0342    -0.0032
			    -0.0023    -0.0032    0.0282
		A:
			    0.4562    -0.3867    0.8015
			    0.6500    0.7594    0.0295
			    -0.4716    0.1290    -0.8723
			    -0.9812    -0.1017    0.1637
			    0.0928    -0.5431    0.8345
			    0.9506    0.2015    -0.2362
		b:
			    169.4999
			    545.1126
			    -275.7125
			    -382.1445
			    -24.2946
			    404.3654
	==================================================================================
	Q2:
		Shape: Ellipse
		q_c:    405.5000    365.0000    175.0000
		ub :    415.7734    374.6993    183.7753
		lb :    395.2266    355.3007    166.2247
		P^-1: 
			    0.0310    0.0023    -0.0123
			    0.0023    0.0215    -0.0008
			    -0.0123    -0.0008    0.0410
	==================================================================================
	Q3:
		Shape: Ellipse
		q_c:    421.5000    397.0000    152.0000
		ub :    433.1744    409.5510    163.7269
		lb :    409.8256    384.4490    140.2731
		P^-1: 
			    0.0257    0.0046    0.0079
			    0.0046    0.0149    0.0005
			    0.0079    0.0005    0.0226
	==================================================================================
	Q4:
		Shape: Hybrid
		q_c:    397.5000    391.5000    164.0000
		ub :    406.7112    402.7757    172.4476
		lb :    388.2888    380.2243    155.5524
		P^-1: 
			    0.2214    0.0778    -0.1997
			    0.0778    0.0436    -0.0732
			    -0.1997    -0.0732    0.2111
		A:
			    0.3513    0.2466    -0.9032
			    -0.8083    -0.1395    0.5721
			    0.6814    -0.0076    -0.7319
			    -0.8015    -0.5811    -0.1412
			    -0.7646    -0.2341    0.6004
			    0.5502    0.6926    -0.4665
		b:
			    90.7993
			    -280.6386
			    149.6995
			    -563.9769
			    -296.1517
			    416.7343
	==================================================================================
	Q5:
		Shape: Ellipse
		q_c:    395.5000    383.0000    157.0000
		ub :    406.8857    390.0317    168.2203
		lb :    384.1143    375.9683    145.7797
		P^-1: 
			    0.0209    -0.0025    0.0126
			    -0.0025    0.0568    -0.0121
			    0.0126    -0.0121    0.0289
	==================================================================================
	Q6:
		Shape: Hybrid
		q_c:    389.0000    394.0000    159.5000
		ub :    400.3812    406.5096    172.2266
		lb :    377.6188    381.4904    146.7734
		P^-1: 
			    0.0257    0.0037    -0.0043
			    0.0037    0.0210    0.0078
			    -0.0043    0.0078    0.0188
		A:
			    0.9905    0.1345    0.0283
			    0.7173    -0.3377    0.6095
			    -0.9934    -0.1030    -0.0501
			    0.8943    -0.2475    -0.3728
			    0.3482    -0.5667    -0.7467
			    -0.4641    -0.0633    0.8835
		b:
			    446.2056
			    249.4745
			    -431.5183
			    194.0690
			    -203.8949
			    -60.2998


===========================================================================================
===========================================================================================
S7:
	q_c:    74.5000    253.0000    234.0000
	ub :    103.0000    275.0000    244.0000
	lb :    46.0000    231.0000    224.0000

	==================================================================================
	Q1:
		Shape: Hybrid
		q_c:    83.5000    247.0000    230.5000
		ub :    88.4393    252.0747    234.1814
		lb :    78.5607    241.9253    226.8186
		P^-1: 
			    0.1554    -0.0452    -0.1255
			    -0.0452    0.1569    0.1341
			    -0.1255    0.1341    0.3057
		A:
			    -0.2680    0.7723    0.5759
			    -0.1671    0.6157    0.7701
			    -0.1240    0.2453    0.9615
			    -0.8810    0.4072    -0.2410
			    -0.3631    0.0104    0.9317
			    0.1433    0.3954    0.9073
		b:
			    302.3548
			    316.5742
			    273.1534
			    -25.6611
			    188.3872
			    320.3044
	==================================================================================
	Q2:
		Shape: Hybrid
		q_c:    79.5000    257.5000    233.0000
		ub :    85.1404    263.2709    238.7979
		lb :    73.8596    251.7291    227.2021
		P^-1: 
			    0.1163    -0.0480    -0.0068
			    -0.0480    0.1054    0.0061
			    -0.0068    0.0061    0.0634
		A:
			    0.9375    -0.2657    0.2245
			    -0.2632    -0.6883    0.6760
			    0.4333    0.8211    0.3716
			    -0.1682    0.0378    -0.9850
			    -0.9614    -0.2471    -0.1212
			    -0.8229    0.5670    0.0367
		b:
			    60.1489
			    -37.9537
			    335.1181
			    -230.4165
			    -165.9274
			    90.4222
	==================================================================================
	Q3:
		Shape: Ellipse
		q_c:    87.0000    255.0000    229.0000
		ub :    95.6348    263.1881    237.7937
		lb :    78.3652    246.8119    220.2063
		P^-1: 
			    0.0521    0.0265    0.0043
			    0.0265    0.0565    0.0047
			    0.0043    0.0047    0.0285
	==================================================================================
	Q4:
		Shape: Hybrid
		q_c:    66.5000    253.0000    228.0000
		ub :    71.8204    260.4941    235.6718
		lb :    61.1796    245.5059    220.3282
		P^-1: 
			    0.1012    -0.0015    -0.0217
			    -0.0015    0.0441    0.0193
			    -0.0217    0.0193    0.0561
		A:
			    0.6266    -0.3928    -0.6731
			    -0.2330    -0.2311    -0.9446
			    -0.4483    0.6942    0.5631
			    -0.9011    0.2593    0.3475
			    -0.1316    0.7501    0.6481
			    0.5877    0.7562    0.2877
		b:
			    -209.4416
			    -286.3342
			    276.3754
			    86.4829
			    331.1540
			    298.6023
	==================================================================================
	Q5:
		Shape: Hybrid
		q_c:    81.0000    261.0000    233.0000
		ub :    86.9291    267.0251    236.1714
		lb :    75.0709    254.9749    229.8286
		P^-1: 
			    0.1784    0.0915    -0.3025
			    0.0915    0.1344    -0.2431
			    -0.3025    -0.2431    0.7990
		A:
			    0.3309    -0.0405    -0.9428
			    0.8473    0.3569    -0.3933
			    0.0235    -0.3707    0.9284
			    0.3508    0.8994    -0.2607
			    0.2810    0.3221    -0.9040
			    0.2423    -0.6434    0.7261
		b:
			    -202.2410
			    72.6188
			    122.8124
			    205.4117
			    -103.2472
			    23.1750
	==================================================================================
	Q6:
		Shape: Polyhedra
		q_c:    67.5000    257.0000    227.0000
		ub :    72.2676    263.9275    234.0767
		lb :    62.7324    250.0725    219.9233
		A:
			    -0.8386    0.4492    0.3083
			    0.2580    0.6849    -0.6814
			    -0.8539    0.5157    -0.0709
			    0.7795    -0.3724    -0.5036
			    -0.0547    0.5446    0.8369
			    -0.6760    0.5674    0.4702
			    0.1374    0.7337    0.6654
			    -0.4151    0.6526    -0.6339
			    -0.8994    -0.1891    0.3942
			    -0.1374    -0.7337    -0.6654
			    0.4151    -0.6526    0.6339
			    0.8994    0.1891    -0.3942
		b:
			    132.5265
			    41.7887
			    61.9869
			    -153.4363
			    332.0266
			    211.4016
			    354.8894
			    -1.2031
			    -16.8181
			    -342.8894
			    7.2031
			    22.8181


===========================================================================================
===========================================================================================
S8:
	q_c:    111.0000    85.0000    252.0000
	ub :    120.0000    102.0000    271.0000
	lb :    102.0000    68.0000    233.0000

	==================================================================================
	Q1:
		Shape: Polyhedra
		q_c:    105.5000    84.5000    253.0000
		ub :    112.9994    91.2196    258.7951
		lb :    98.0006    77.7804    247.2049
		A:
			    -0.4878    -0.7064    -0.5129
			    0.9285    -0.0333    -0.3698
			    0.2363    -0.7698    -0.5930
			    -0.6952    -0.1910    0.6929
			    0.9036    -0.0262    -0.4275
			    0.5811    0.1749    -0.7948
			    0.8207    0.4507    0.3510
			    -0.3776    0.8891    -0.2588
			    -0.4288    0.0799    0.8999
			    -0.8207    -0.4507    -0.3510
			    0.3776    -0.8891    0.2588
			    0.4288    -0.0799    -0.8999
		b:
			    -235.6939
			    5.8392
			    -186.1322
			    89.3956
			    -10.9248
			    -121.7100
			    218.9845
			    -25.6935
			    192.1883
			    -207.9845
			    34.6935
			    -186.1883
	==================================================================================
	Q2:
		Shape: Ellipse
		q_c:    118.0000    89.5000    253.0000
		ub :    123.6103    95.8934    260.0010
		lb :    112.3897    83.1066    245.9990
		P^-1: 
			    0.1390    0.0842    0.0430
			    0.0842    0.1280    0.0622
			    0.0430    0.0622    0.0785
	==================================================================================
	Q3:
		Shape: Ellipse
		q_c:    118.5000    92.0000    264.0000
		ub :    122.6831    96.5286    268.8453
		lb :    114.3169    87.4714    259.1547
		P^-1: 
			    0.1248    0.0147    0.0163
			    0.0147    0.1269    0.0175
			    0.0163    0.0175    0.1305
	==================================================================================
	Q4:
		Shape: Polyhedra
		q_c:    115.5000    82.0000    246.5000
		ub :    118.3644    86.8883    251.5328
		lb :    112.6356    77.1117    241.4672
		A:
			    -0.9014    -0.2165    0.3749
			    0.8217    0.4385    -0.3640
			    0.4403    -0.8921    0.1020
			    -0.6867    -0.4463    0.5739
			    -0.4858    -0.4856    0.7268
			    0.7221    0.5530    -0.4156
			    0.1866    0.5424    0.8191
			    0.5380    -0.7541    0.3768
			    0.8221    0.3703    -0.4325
			    -0.1866    -0.5424    -0.8191
			    -0.5380    0.7541    -0.3768
			    -0.8221    -0.3703    0.4325
		b:
			    -28.7142
			    41.7794
			    6.0236
			    26.4184
			    84.8653
			    27.1480
			    272.4405
			    96.1899
			    19.2091
			    -263.4405
			    -90.1899
			    -18.2091
	==================================================================================
	Q5:
		Shape: Hybrid
		q_c:    113.0000    86.5000    244.5000
		ub :    117.7825    91.7677    249.0343
		lb :    108.2175    81.2323    239.9657
		P^-1: 
			    0.1278    -0.0360    -0.0284
			    -0.0360    0.1198    -0.0317
			    -0.0284    -0.0317    0.1349
		A:
			    0.0069    0.5148    0.8573
			    -0.4304    0.0031    -0.9026
			    -0.0852    -0.6490    0.7560
			    0.8206    -0.5143    0.2493
			    -0.3093    -0.8913    0.3315
			    -0.8700    -0.3514    0.3458
		b:
			    257.1282
			    -266.9819
			    120.3343
			    110.5662
			    -29.1518
			    -42.3886
	==================================================================================
	Q6:
		Shape: Hybrid
		q_c:    110.0000    79.5000    256.0000
		ub :    113.6347    85.2149    261.5439
		lb :    106.3653    73.7851    250.4561
		P^-1: 
			    0.3540    0.1199    -0.1095
			    0.1199    0.1118    -0.0450
			    -0.1095    -0.0450    0.1036
		A:
			    0.2154    0.8608    0.4612
			    -0.9971    -0.0199    0.0729
			    0.9549    0.0049    0.2969
			    -0.7533    -0.6532    -0.0766
			    -0.9707    -0.2199    0.0968
			    -0.7684    -0.6087    0.1978
		b:
			    213.2207
			    -91.1595
			    183.5947
			    -152.7733
			    -98.4067
			    -81.1553


===========================================================================================
===========================================================================================
S9:
	q_c:    452.5000    488.0000    129.5000
	ub :    480.0000    510.0000    158.0000
	lb :    425.0000    466.0000    101.0000

	==================================================================================
	Q1:
		Shape: Ellipse
		q_c:    451.5000    484.0000    143.0000
		ub :    466.8317    499.5299    155.7020
		lb :    436.1683    468.4701    130.2980
		P^-1: 
			    0.0168    -0.0026    -0.0108
			    -0.0026    0.0108    0.0050
			    -0.0108    0.0050    0.0238
	==================================================================================
	Q2:
		Shape: Polyhedra
		q_c:    480.5000    479.0000    146.5000
		ub :    490.5728    487.9429    155.1822
		lb :    470.4272    470.0571    137.8178
		A:
			    -0.3510    0.1016    -0.9308
			    0.3664    0.5803    -0.7273
			    -0.1298    -0.3326    0.9341
			    0.2253    0.8956    -0.3835
			    -0.4058    0.4163    0.8136
			    -0.6961    0.2372    0.6776
			    0.8174    0.4725    0.3296
			    -0.5342    0.4074    0.7407
			    0.2157    -0.7815    0.5854
			    -0.8174    -0.4725    -0.3296
			    0.5342    -0.4074    -0.7407
			    -0.2157    0.7815    -0.5854
		b:
			    -250.7124
			    352.3386
			    -80.4575
			    486.2963
			    128.6886
			    -116.3920
			    675.3570
			    51.9826
			    -180.9616
			    -659.3570
			    -41.9826
			    188.9616
	==================================================================================
	Q3:
		Shape: Ellipse
		q_c:    461.0000    482.5000    135.0000
		ub :    472.9652    497.8540    148.3270
		lb :    449.0348    467.1460    121.6730
		P^-1: 
			    0.0549    0.0080    -0.0334
			    0.0080    0.0111    0.0014
			    -0.0334    0.0014    0.0388
	==================================================================================
	Q4:
		Shape: Ellipse
		q_c:    444.5000    491.0000    133.5000
		ub :    452.5807    499.0239    142.0099
		lb :    436.4193    482.9761    124.9901
		P^-1: 
			    0.0481    -0.0064    -0.0150
			    -0.0064    0.0363    -0.0020
			    -0.0150    -0.0020    0.0459
	==================================================================================
	Q5:
		Shape: Polyhedra
		q_c:    437.0000    489.5000    122.0000
		ub :    447.0621    499.6443    127.4633
		lb :    426.9379    479.3557    116.5367
		A:
			    -0.7561    0.4494    0.4757
			    0.5961    -0.7627    0.2511
			    0.4700    0.1998    -0.8598
			    -0.6881    0.5387    0.4861
			    -0.7665    -0.6116    0.1960
			    0.7625    -0.6237    -0.1720
			    0.7272    0.6827    0.0712
			    0.6864    -0.7241    -0.0678
			    0.0053    0.0982    -0.9952
			    -0.7272    -0.6827    -0.0712
			    -0.6864    0.7241    0.0678
			    -0.0053    -0.0982    0.9952
		b:
			    -48.1526
			    -78.5194
			    204.2580
			    26.1067
			    -600.2659
			    10.6487
			    671.1630
			    -59.2819
			    -66.5360
			    -650.1630
			    66.2819
			    75.5360
	==================================================================================
	Q6:
		Shape: Ellipse
		q_c:    451.0000    487.0000    111.5000
		ub :    464.3167    499.1652    123.4815
		lb :    437.6833    474.8348    99.5185
		P^-1: 
			    0.0152    0.0030    -0.0069
			    0.0030    0.0244    -0.0121
			    -0.0069    -0.0121    0.0272


===========================================================================================
===========================================================================================
S10:
	q_c:    160.5000    514.0000    19.5000
	ub :    178.0000    540.0000    39.0000
	lb :    143.0000    488.0000    0.0000

	==================================================================================
	Q1:
		Shape: Hybrid
		q_c:    176.5000    511.0000    11.5000
		ub :    185.1735    517.0259    20.0684
		lb :    167.8265    504.9741    2.9316
		P^-1: 
			    0.0452    0.0029    0.0205
			    0.0029    0.0620    -0.0035
			    0.0205    -0.0035    0.0382
		A:
			    0.1109    -0.8360    0.5373
			    0.2980    -0.9466    0.1228
			    0.8625    0.4350    0.2587
			    0.6056    -0.7605    0.2343
			    -0.0622    -0.1581    -0.9855
			    0.5450    -0.8336    0.0900
		b:
			    -399.2206
			    -427.5609
			    379.8581
			    -276.6608
			    -99.3184
			    -326.1855
	==================================================================================
	Q2:
		Shape: Hybrid
		q_c:    164.0000    505.0000    17.0000
		ub :    167.0135    511.9895    23.4892
		lb :    160.9865    498.0105    10.5108
		P^-1: 
			    0.4242    0.0285    -0.0825
			    0.0285    0.0477    0.0198
			    -0.0825    0.0198    0.0820
		A:
			    -0.8065    0.3866    0.4473
			    -0.8050    -0.4777    0.3518
			    -0.9152    -0.0918    0.3925
			    -0.9432    -0.2145    0.2538
			    0.6981    0.1977    0.6882
			    0.9176    0.3735    0.1363
		b:
			    72.2228
			    -365.0278
			    -188.7891
			    -257.7003
			    228.7674
			    342.7826
	==================================================================================
	Q3:
		Shape: Ellipse
		q_c:    173.0000    510.5000    10.0000
		ub :    177.4832    514.3736    14.7581
		lb :    168.5168    506.6264    5.2419
		P^-1: 
			    0.1443    -0.0056    0.0308
			    -0.0056    0.1580    0.0109
			    0.0308    0.0109    0.0993
	==================================================================================
	Q4:
		Shape: Ellipse
		q_c:    172.5000    522.5000    13.0000
		ub :    179.8049    528.1704    17.6575
		lb :    165.1951    516.8296    8.3425
		P^-1: 
			    0.1657    0.2023    -0.0118
			    0.2023    0.2952    -0.0220
			    -0.0118    -0.0220    0.0638
	==================================================================================
	Q5:
		Shape: Ellipse
		q_c:    160.0000    508.5000    33.0000
		ub :    165.7561    513.3897    38.0173
		lb :    154.2439    503.6103    27.9827
		P^-1: 
			    0.0579    -0.0039    0.0256
			    -0.0039    0.0975    -0.0325
			    0.0256    -0.0325    0.1356
	==================================================================================
	Q6:
		Shape: Ellipse
		q_c:    172.0000    518.0000    13.0000
		ub :    180.7242    523.5388    22.0331
		lb :    163.2758    512.4612    3.9669
		P^-1: 
			    0.0577    -0.0785    0.0228
			    -0.0785    0.2025    -0.0486
			    0.0228    -0.0486    0.0313


===========================================================================================
===========================================================================================
S11:
	q_c:    71.0000    130.0000    301.5000
	ub :    86.0000    137.0000    330.0000
	lb :    56.0000    123.0000    273.0000

	==================================================================================
	Q1:
		Shape: Polyhedra
		q_c:    73.5000    129.5000    305.5000
		ub :    78.0606    134.2685    309.9294
		lb :    68.9394    124.7315    301.0706
		A:
			    0.6377    0.7290    0.2490
			    0.9495    0.3095    0.0506
			    -0.8791    0.4502    -0.1564
			    0.4948    -0.8578    -0.1389
			    -0.7939    0.0980    0.6000
			    -0.2922    -0.5408    0.7888
			    0.2472    0.0342    0.9684
			    -0.8987    0.3816    0.2159
			    -0.3621    -0.9237    0.1251
			    -0.2472    -0.0342    -0.9684
			    0.8987    -0.3816    -0.2159
			    0.3621    0.9237    -0.1251
		b:
			    221.1706
			    128.5721
			    -51.4357
			    -114.0437
			    140.4522
			    153.1719
			    321.9323
			    51.8327
			    -104.0273
			    -314.9323
			    -46.8327
			    112.0273
	==================================================================================
	Q2:
		Shape: Polyhedra
		q_c:    74.5000    123.5000    299.5000
		ub :    76.7865    126.7639    302.8357
		lb :    72.2135    120.2361    296.1643
		A:
			    0.4443    -0.8659    0.2298
