3D_30_10_6_a                l = 3

===========================================================================================
===========================================================================================
S1:
	q_c:    43.5000    83.0000    354.0000
	ub :    69.0000    96.0000    364.0000
	lb :    18.0000    70.0000    344.0000

	==================================================================================
	Q1:
		Shape: Polyhedra
		q_c:    51.0000    71.5000    358.5000
		ub :    57.8455    78.4405    366.2078
		lb :    44.1545    64.5595    350.7922
		A:
			    -0.3262    0.9228    -0.2048
			    -0.7310    0.2717    0.6260
			    0.9278    0.3713    -0.0368
			    0.5612    0.5730    -0.5972
			    -0.0440    -0.2243    -0.9735
			    0.7166    -0.5274    0.4564
			    0.4217    0.6762    0.6041
			    0.8797    -0.1435    -0.4534
			    -0.2199    0.7226    -0.6554
			    -0.4217    -0.6762    -0.6041
			    -0.8797    0.1435    0.4534
			    0.2199    -0.7226    0.6554
		b:
			    -19.5732
			    211.0558
			    65.1833
			    -140.0058
			    -362.7924
			    166.9611
			    290.9292
			    -123.4283
			    -189.9945
			    -281.9292
			    132.4283
			    198.9945
	==================================================================================
	Q2:
		Shape: Ellipse
		q_c:    45.0000    80.5000    349.5000
		ub :    52.5474    88.1433    358.3724
		lb :    37.4526    72.8567    340.6276
		P^-1: 
			    0.0447    0.0037    0.0092
			    0.0037    0.0465    -0.0072
			    0.0092    -0.0072    0.0313
	==================================================================================
	Q3:
		Shape: Ellipse
		q_c:    36.5000    87.0000    351.0000
		ub :    43.3164    93.3761    357.6341
		lb :    29.6836    80.6239    344.3659
		P^-1: 
			    0.0611    -0.0070    0.0192
			    -0.0070    0.0844    -0.0276
			    0.0192    -0.0276    0.0681
	==================================================================================
	Q4:
		Shape: Polyhedra
		q_c:    42.5000    91.0000    362.0000
		ub :    49.0604    97.1856    368.2448
		lb :    35.9396    84.8144    355.7552
		A:
			    0.0450    -0.1339    0.9900
			    -0.6551    0.3235    -0.6828
			    -0.1816    0.1999    -0.9628
			    -0.2222    -0.9028    -0.3682
			    0.4968    -0.6963    -0.5180
			    -0.0961    -0.9379    -0.3333
			    0.7468    0.6551    0.1140
			    0.5368    -0.6951    0.4782
			    0.3925    -0.2959    -0.8708
			    -0.7468    -0.6551    -0.1140
			    -0.5368    0.6951    -0.4782
			    -0.3925    0.2959    0.8708
		b:
			    352.4985
			    -242.2920
			    -333.9316
			    -220.7127
			    -225.2151
			    -205.9580
			    136.6403
			    135.6559
			    -320.4846
			    -128.6403
			    -129.6559
			    330.4846
	==================================================================================
	Q5:
		Shape: Ellipse
		q_c:    52.5000    92.5000    364.0000
		ub :    57.6876    97.1635    368.2598
		lb :    47.3124    87.8365    359.7402
		P^-1: 
			    0.4770    0.3369    0.3462
			    0.3369    0.4562    0.0523
			    0.3462    0.0523    0.5391
	==================================================================================
	Q6:
		Shape: Ellipse
		q_c:    47.5000    79.5000    356.5000
		ub :    55.5232    85.6467    364.6915
		lb :    39.4768    73.3533    348.3085
		P^-1: 
			    0.0705    -0.0405    -0.0511
			    -0.0405    0.0848    0.0335
			    -0.0511    0.0335    0.0745


===========================================================================================
===========================================================================================
S2:
	q_c:    180.0000    307.0000    298.5000
	ub :    185.0000    325.0000    317.0000
	lb :    175.0000    289.0000    280.0000

	==================================================================================
	Q1:
		Shape: Hybrid
		q_c:    182.5000    310.0000    303.0000
		ub :    185.2494    312.8129    305.7571
		lb :    179.7506    307.1871    300.2429
		P^-1: 
			    0.3503    0.0118    0.0984
			    0.0118    0.1626    -0.0095
			    0.0984    -0.0095    0.3415
		A:
			    -0.8312    -0.5408    -0.1293
			    0.9410    -0.0962    -0.3246
			    0.4726    -0.7623    0.4422
			    0.5331    -0.5260    0.6627
			    -0.9799    0.0803    -0.1828
			    0.5051    -0.5800    -0.6391
		b:
			    -357.3600
			    44.7695
			    -14.7049
			    136.1212
			    -208.3891
			    -279.7625
	==================================================================================
	Q2:
		Shape: Ellipse
		q_c:    181.0000    311.5000    298.0000
		ub :    184.0666    314.2279    301.8816
		lb :    177.9334    308.7721    294.1184
		P^-1: 
			    0.3254    -0.0981    0.0347
			    -0.0981    0.3622    0.0073
			    0.0347    0.0073    0.0885
	==================================================================================
	Q3:
		Shape: Polyhedra
		q_c:    180.0000    310.5000    295.5000
		ub :    182.9040    314.9580    299.8876
		lb :    177.0960    306.0420    291.1124
		A:
			    -0.5539    0.6384    0.5345
			    0.5731    -0.2901    -0.7665
			    -0.6324    0.3911    0.6687
			    0.6907    0.0683    -0.7199
			    -0.4792    0.1861    -0.8578
			    0.5197    -0.6608    -0.5415
			    0.6310    0.3692    0.6823
			    0.0680    0.8498    -0.5227
			    -0.7728    0.3763    0.5111
			    -0.6310    -0.3692    -0.6823
			    -0.0680    -0.8498    0.5227
			    0.7728    -0.3763    -0.5111
		b:
			    257.8990
			    -211.9798
			    206.3693
			    -65.2927
			    -278.7534
			    -270.1219
			    432.8326
			    125.1307
			    129.7649
			    -426.8326
			    -118.1307
			    -127.7649
	==================================================================================
	Q4:
		Shape: Polyhedra
		q_c:    185.0000    306.0000    296.5000
		ub :    189.6894    309.4602    301.5462
		lb :    180.3106    302.5398    291.4538
		A:
			    -0.8173    -0.5748    -0.0404
			    -0.2921    0.9262    0.2383
			    0.5938    0.7204    0.3584
			    0.3061    0.9129    -0.2699
			    -0.1719    0.9686    -0.1798
			    0.8360    0.4441    0.3222
			    0.3213    0.9160    0.2404
			    0.8789    -0.3829    0.2844
			    0.3525    0.1199    -0.9281
			    -0.3213    -0.9160    -0.2404
			    -0.8789    0.3829    -0.2844
			    -0.3525    -0.1199    0.9281
		b:
			    -336.4982
			    302.5010
			    438.7072
			    258.5629
			    213.7658
			    388.5876
			    412.9912
			    132.7431
			    -169.2807
			    -408.9912
			    -126.7431
			    177.2807
	==================================================================================
	Q5:
		Shape: Hybrid
		q_c:    184.0000    303.5000    303.5000
		ub :    187.1229    306.3502    306.6385
		lb :    180.8771    300.6498    300.3615
		P^-1: 
			    0.2639    0.0394    -0.0309
			    0.0394    0.3619    -0.0877
			    -0.0309    -0.0877    0.3186
		A:
			    0.0724    0.4798    -0.8744
			    -0.0185    -0.4501    0.8928
			    0.3555    0.9034    0.2397
			    0.2112    -0.6523    0.7279
			    0.0117    -0.4409    -0.8975
			    -0.4157    -0.1856    0.8904
		b:
			    -105.5734
			    131.8372
			    413.4129
			    62.6917
			    -402.8126
			    138.3895
	==================================================================================
	Q6:
		Shape: Hybrid
		q_c:    184.5000    309.5000    294.5000
		ub :    186.8498    312.4994    298.0375
		lb :    182.1502    306.5006    290.9625
		P^-1: 
			    0.4250    0.0369    0.0689
			    0.0369    0.3745    -0.1306
			    0.0689    -0.1306    0.2005
		A:
			    0.0290    0.7835    -0.6207
			    0.7361    -0.1534    0.6593
			    -0.6425    0.6586    -0.3918
			    -0.9311    0.2756    0.2390
			    -0.9767    0.2068    0.0572
			    -0.9830    0.1622    -0.0858
		b:
			    65.8543
			    283.4673
			    -29.3191
			    -14.7819
			    -98.3220
			    -155.5729


===========================================================================================
===========================================================================================
S3:
	q_c:    397.5000    323.5000    528.0000
	ub :    416.0000    343.0000    558.0000
	lb :    379.0000    304.0000    498.0000

	==================================================================================
	Q1:
		Shape: Polyhedra
		q_c:    413.5000    303.0000    534.5000
		ub :    425.7672    310.9638    546.5190
		lb :    401.2328    295.0362    522.4810
		A:
			    0.0132    -0.9991    0.0394
			    -0.3734    0.1136    -0.9207
			    0.1368    -0.9850    0.1054
			    -0.2496    -0.9612    0.1172
			    -0.1652    0.9863    -0.0016
			    0.1495    0.9773    0.1503
			    0.0689    0.8873    0.4561
			    -0.6557    0.3848    -0.6496
			    -0.7519    -0.2543    0.6083
			    -0.0689    -0.8873    -0.4561
			    0.6557    -0.3848    0.6496
			    0.7519    0.2543    -0.6083
		b:
			    -271.4409
			    -604.7669
			    -180.4255
			    -326.0159
			    234.3242
			    442.3080
			    544.0929
			    -494.2512
			    -53.3152
			    -538.0929
			    509.2512
			    72.3152
	==================================================================================
	Q2:
		Shape: Polyhedra
		q_c:    403.5000    317.5000    546.5000
		ub :    415.2128    330.7533    557.7261
		lb :    391.7872    304.2467    535.2739
		A:
			    0.5616    0.7120    0.4215
			    -0.2679    -0.8963    0.3534
			    -0.7088    -0.5464    0.4462
			    -0.5039    0.6714    -0.5435
			    -0.0559    -0.3485    0.9357
			    0.9767    0.2100    -0.0441
			    0.7733    0.5786    0.2594
			    -0.0775    0.4923    -0.8670
			    -0.6293    0.6503    0.4255
			    -0.7733    -0.5786    -0.2594
			    0.0775    -0.4923    0.8670
			    0.6293    -0.6503    -0.4255
		b:
			    689.5147
			    -193.1396
			    -209.1856
			    -279.6766
			    384.4014
			    444.0640
			    643.4671
			    -342.7989
			    195.5831
			    -631.4671
			    354.7989
			    -174.5831
	==================================================================================
	Q3:
		Shape: Hybrid
		q_c:    420.0000    321.5000    545.5000
		ub :    426.2989    336.5088    559.8495
		lb :    413.7011    306.4912    531.1505
		P^-1: 
			    0.0470    0.0039    0.0042
			    0.0039    0.0184    0.0150
			    0.0042    0.0150    0.0222
		A:
			    0.8032    -0.0978    -0.5876
			    0.7221    -0.4288    -0.5429
			    -0.7741    0.3988    0.4917
			    0.6732    0.5786    0.4604
			    0.5531    -0.6890    -0.4684
			    -0.3668    -0.0862    -0.9263
		b:
			    -10.2990
			    -127.6224
			    74.3380
			    722.6749
			    -240.8807
			    -680.5967
	==================================================================================
	Q4:
		Shape: Polyhedra
		q_c:    383.5000    329.5000    545.5000
		ub :    400.5317    347.9454    561.7309
		lb :    366.4683    311.0546    529.2691
		A:
			    -0.9275    -0.2801    0.2475
			    0.2138    -0.9043    -0.3696
			    0.1460    -0.7136    0.6852
			    -0.2086    -0.1358    0.9685
			    -0.7755    0.2132    -0.5942
			    -0.4731    0.1273    -0.8718
			    0.5189    0.6948    0.4981
			    0.8548    -0.4192    -0.3059
			    -0.0038    0.5845    -0.8114
			    -0.5189    -0.6948    -0.4981
			    -0.8548    0.4192    0.3059
			    0.0038    -0.5845    0.8114
		b:
			    -301.1683
			    -405.2678
			    202.4475
			    412.5637
			    -540.4051
			    -605.1049
			    712.6087
			    34.8507
			    -243.9721
			    -686.6087
			    -10.8507
			    258.9721
	==================================================================================
	Q5:
		Shape: Ellipse
		q_c:    398.0000    338.5000    537.5000
		ub :    415.5967    356.6767    552.6330
		lb :    380.4033    320.3233    522.3670
		P^-1: 
			    0.0107    0.0044    0.0003
			    0.0044    0.0094    0.0039
			    0.0003    0.0039    0.0148
	==================================================================================
	Q6:
		Shape: Polyhedra
		q_c:    387.0000    331.5000    516.5000
		ub :    395.7797    337.3788    525.2770
		lb :    378.2203    325.6212    507.7230
		A:
			    -0.0042    -0.1683    -0.9857
			    0.1984    0.9800    0.0146
			    -0.6313    0.2554    -0.7323
			    0.2535    -0.9606    0.1141
			    -0.1298    0.6455    0.7526
			    0.7847    -0.3214    -0.5301
			    0.3988    0.0371    0.9163
			    -0.9003    0.2062    0.3834
			    -0.1747    -0.9778    0.1157
			    -0.3988    -0.0371    -0.9163
			    0.9003    -0.2062    -0.3834
			    0.1747    0.9778    -0.1157
		b:
			    -560.1329
			    413.7582
			    -531.5262
			    -156.5735
			    558.3759
			    -70.6692
			    646.4038
			    -76.0070
			    -327.5113
			    -633.4038
			    88.0070
			    336.5113


===========================================================================================
===========================================================================================
S4:
	q_c:    479.5000    128.0000    427.5000
	ub :    497.0000    150.0000    454.0000
	lb :    462.0000    106.0000    401.0000

	==================================================================================
	Q1:
		Shape: Polyhedra
		q_c:    485.5000    125.5000    427.5000
		ub :    493.2328    131.7050    434.7245
		lb :    477.7672    119.2950    420.2755
		A:
			    -0.6517    0.7475    -0.1286
			    0.1711    -0.8499    0.4985
			    0.2146    -0.0559    -0.9751
			    -0.3355    -0.8534    0.3989
			    0.9244    -0.3783    -0.0479
			    -0.9239    -0.1079    0.3670
			    0.7048    0.4247    0.5682
			    -0.6313    0.0101    0.7755
			    0.3236    -0.9053    0.2753
			    -0.7048    -0.4247    -0.5682
			    0.6313    -0.0101    -0.7755
			    -0.3236    0.9053    -0.2753
		b:
			    -273.5127
			    193.4883
			    -315.5860
			    -95.2301
			    385.1900
			    -300.9952
			    644.3906
			    29.8051
			    165.1899
			    -632.3906
			    -22.8051
			    -157.1899
	==================================================================================
	Q2:
		Shape: Polyhedra
		q_c:    467.0000    113.0000    419.0000
		ub :    475.0405    121.1399    425.3271
		lb :    458.9595    104.8601    412.6729
		A:
			    0.7777    0.6262    -0.0556
			    -0.0924    0.8740    0.4771
			    -0.1602    0.9870    -0.0121
			    -0.3326    0.5841    0.7404
			    0.9131    0.1637    -0.3734
			    -0.3148    0.2720    0.9093
			    0.4194    0.5842    0.6948
			    0.4724    0.5132    -0.7166
			    -0.7752    0.6288    -0.0607
			    -0.4194    -0.5842    -0.6948
			    -0.4724    -0.5132    0.7166
			    0.7752    -0.6288    0.0607
		b:
			    414.9426
			    260.3932
			    36.6748
			    225.7216
			    293.0418
			    269.1673
			    557.5198
			    -17.6699
			    -310.9150
			    -548.5198
			    25.6699
			    321.9150
	==================================================================================
	Q3:
		Shape: Polyhedra
		q_c:    476.5000    112.5000    428.5000
		ub :    484.7105    121.2900    436.0984
		lb :    468.2895    103.7100    420.9016
		A:
			    0.1832    -0.2202    0.9581
			    -0.3194    -0.0300    -0.9472
			    -0.0330    0.6514    0.7580
			    0.2758    0.9191    -0.2815
			    0.8788    -0.1717    0.4452
			    0.6224    -0.2113    0.7536
			    0.8153    0.5661    0.1217
			    0.5233    -0.6304    -0.5734
			    -0.2479    0.5312    -0.8102
			    -0.8153    -0.5661    -0.1217
			    -0.5233    0.6304    0.5734
			    0.2479    -0.5312    0.8102
		b:
			    478.8785
			    -555.7300
			    386.6506
			    120.0562
			    596.0089
			    601.7327
			    510.3399
			    -63.7505
			    -399.5112
			    -498.3399
			    70.7505
			    411.5112
	==================================================================================
	Q4:
		Shape: Polyhedra
		q_c:    493.0000    113.5000    425.5000
		ub :    498.9103    120.9742    430.7878
		lb :    487.0897    106.0258    420.2122
		A:
			    0.9929    0.0439    0.1102
			    -0.0695    -0.6268    0.7761
			    0.2607    0.0625    -0.9634
			    0.8047    0.3669    -0.4667
			    0.3237    0.5812    0.7466
			    -0.5965    0.2308    -0.7687
			    0.7278    0.1011    0.6783
			    -0.2323    0.9670    0.1051
			    -0.6452    -0.2340    0.7273
			    -0.7278    -0.1011    -0.6783
			    0.2323    -0.9670    -0.1051
			    0.6452    0.2340    -0.7273
		b:
			    544.6407
			    229.3958
			    -270.5493
			    243.6933
			    547.4864
			    -591.8698
			    661.3985
			    46.4423
			    -31.1974
			    -656.3985
			    -33.4423
			    39.1974
	==================================================================================
	Q5:
		Shape: Polyhedra
		q_c:    472.0000    118.5000    434.0000
		ub :    476.2092    123.9858    439.1975
		lb :    467.7908    113.0142    428.8025
		A:
			    -0.8456    -0.0636    0.5301
			    -0.3703    -0.0015    0.9289
			    -0.6620    0.7434    0.0952
			    -0.7078    0.4220    0.5665
			    -0.9148    -0.3327    0.2292
			    -0.8013    0.5395    -0.2583
			    0.6255    0.6804    0.3818
			    -0.7775    0.5845    0.2322
			    -0.0652    -0.4421    0.8946
			    -0.6255    -0.6804    -0.3818
			    0.7775    -0.5845    -0.2322
			    0.0652    0.4421    -0.8946
		b:
			    -173.7909
			    231.3166
			    -181.3588
			    -36.3290
			    -368.1095
			    -424.1860
			    546.0772
			    -195.4410
			    308.6075
			    -537.0772
			    198.4410
			    -301.6075
	==================================================================================
	Q6:
		Shape: Ellipse
		q_c:    477.0000    116.0000    442.5000
		ub :    485.4158    121.0168    447.7082
		lb :    468.5842    110.9832    437.2918
		P^-1: 
			    0.0254    -0.0058    -0.0244
			    -0.0058    0.0619    0.0006
			    -0.0244    0.0006    0.1040


===========================================================================================
===========================================================================================
S5:
	q_c:    165.5000    140.5000    178.5000
	ub :    189.0000    157.0000    188.0000
	lb :    142.0000    124.0000    169.0000

	==================================================================================
	Q1:
		Shape: Hybrid
		q_c:    166.5000    144.5000    184.0000
		ub :    172.2535    150.2828    189.7645
		lb :    160.7465    138.7172    178.2355
		P^-1: 
			    0.0779    0.0124    0.0011
			    0.0124    0.0834    0.0195
			    0.0011    0.0195    0.0939
		A:
			    0.6089    -0.5571    -0.5647
			    0.7690    0.1917    0.6099
			    -0.4737    -0.1066    -0.8742
			    -0.0781    0.6355    0.7682
			    -0.5102    0.0030    0.8600
			    -0.2424    0.9137    0.3263
		b:
			    -81.0611
			    269.8296
			    -253.2884
			    221.7381
			    75.6163
			    153.6794
	==================================================================================
	Q2:
		Shape: Hybrid
		q_c:    167.0000    143.0000    180.0000
		ub :    170.9931    148.1012    182.8886
		lb :    163.0069    137.8988    177.1114
		P^-1: 
			    0.2118    0.0536    0.1104
			    0.0536    0.0688    0.0571
			    0.1104    0.0571    0.3733
		A:
			    -0.8434    -0.3547    -0.4036
			    -0.4758    0.1813    -0.8607
			    0.7059    0.2025    -0.6787
			    0.6630    0.4978    0.5591
			    0.5089    0.3329    0.7938
			    0.1598    0.1391    0.9773
		b:
			    -263.0250
			    -207.0335
			    26.3847
			    283.8129
			    276.3358
			    223.3746
	==================================================================================
	Q3:
		Shape: Ellipse
		q_c:    170.5000    148.0000    183.5000
		ub :    176.8603    152.4587    189.0007
		lb :    164.1397    143.5413    177.9993
		P^-1: 
			    0.0600    -0.0011    -0.0314
			    -0.0011    0.0820    -0.0065
			    -0.0314    -0.0065    0.0907
	==================================================================================
	Q4:
		Shape: Hybrid
		q_c:    162.5000    148.5000    187.0000
		ub :    168.2236    153.4604    191.9205
		lb :    156.7764    143.5396    182.0795
		P^-1: 
			    0.0655    -0.0069    0.0008
			    -0.0069    0.0784    -0.0018
			    0.0008    -0.0018    0.0627
		A:
			    -0.3853    0.4562    -0.8021
			    -0.1568    -0.0972    -0.9828
			    -0.6466    0.7027    -0.2968
			    0.5945    -0.1040    0.7973
			    -0.6106    -0.7101    0.3504
			    0.7203    -0.4414    0.5351
		b:
			    -142.8354
			    -221.4550
			    -54.3991
			    232.4261
			    -136.9953
			    153.5336
	==================================================================================
	Q5:
		Shape: Ellipse
		q_c:    170.0000    136.5000    176.0000
		ub :    173.5583    139.7189    179.9891
		lb :    166.4417    133.2811    172.0109
		P^-1: 
			    0.1815    0.0723    0.0408
			    0.0723    0.2980    0.1487
			    0.0408    0.1487    0.2361
	==================================================================================
	Q6:
		Shape: Polyhedra
		q_c:    163.5000    130.5000    182.5000
		ub :    168.6040    135.6114    187.3956
		lb :    158.3960    125.3886    177.6044
		A:
			    0.2499    -0.6378    0.7285
			    -0.1734    0.5975    -0.7829
			    0.0513    -0.2230    -0.9735
			    0.5101    -0.7998    0.3163
			    0.2128    -0.0417    0.9762
			    -0.4206    -0.5207    -0.7430
			    0.6465    0.0179    0.7627
			    -0.7626    -0.0147    0.6467
			    0.0228    -0.9997    0.0041
			    -0.6465    -0.0179    -0.7627
			    0.7626    0.0147    -0.6467
			    -0.0228    0.9997    -0.0041
		b:
			    94.6063
			    -89.2642
			    -194.7838
			    41.1921
			    210.7630
			    -268.6621
			    250.2337
			    -4.5902
			    -120.9780
			    -244.2337
			    12.5902
			    130.9780


===========================================================================================
===========================================================================================
S6:
	q_c:    23.0000    401.0000    88.0000
	ub :    46.0000    409.0000    99.0000
	lb :    0.0000    393.0000    77.0000

	==================================================================================
	Q1:
		Shape: Hybrid
		q_c:    26.5000    405.5000    89.5000
		ub :    28.3702    407.5191    92.0572
		lb :    24.6298    403.4809    86.9428
		P^-1: 
			    2.9933    1.0597    -1.2520
			    1.0597    0.8845    -0.5348
			    -1.2520    -0.5348    0.7267
		A:
			    -0.6925    -0.4145    0.5904
			    0.9646    0.2272    0.1338
			    -0.4008    -0.8379    -0.3705
			    -0.8936    -0.1805    0.4109
			    0.8153    -0.1479    -0.5598
			    -0.8636    0.4667    -0.1907
		b:
			    -133.0701
			    130.7316
			    -381.9772
			    -59.7964
			    -87.6731
			    150.5769
	==================================================================================
	Q2:
		Shape: Ellipse
		q_c:    16.5000    399.5000    92.5000
		ub :    20.8844    404.0796    96.3923
		lb :    12.1156    394.9204    88.6077
		P^-1: 
			    0.0827    -0.0027    0.0086
			    -0.0027    0.0884    -0.0218
			    0.0086    -0.0218    0.1522
	==================================================================================
	Q3:
		Shape: Ellipse
		q_c:    26.0000    403.0000    84.0000
		ub :    31.4641    408.4896    89.2943
		lb :    20.5359    397.5104    78.7057
		P^-1: 
			    0.1038    -0.0084    -0.0152
			    -0.0084    0.1014    -0.0175
			    -0.0152    -0.0175    0.0796
	==================================================================================
	Q4:
		Shape: Hybrid
		q_c:    20.5000    399.5000    92.0000
		ub :    25.9913    404.2571    96.9543
		lb :    15.0087    394.7429    87.0457
		P^-1: 
			    0.0964    0.0070    -0.0130
			    0.0070    0.0850    -0.0061
			    -0.0130    -0.0061    0.0930
		A:
			    -0.5489    -0.2579    -0.7951
			    -0.6088    0.1297    -0.7826
			    0.6216    0.7734    0.1244
			    -0.4057    -0.6128    -0.6782
			    -0.4057    -0.6128    -0.6782
			    -0.4755    0.7184    0.5078
		b:
			    -185.4151
			    -30.6727
			    334.9730
			    -313.5197
			    7.8558
			    325.8918
	==================================================================================
	Q5:
		Shape: Ellipse
		q_c:    22.5000    394.0000    90.0000
		ub :    26.7054    398.2399    95.0773
		lb :    18.2946    389.7601    84.9227
		P^-1: 
			    0.1718    0.1174    0.0617
			    0.1174    0.2847    0.1448
			    0.0617    0.1448    0.1615
	==================================================================================
	Q6:
		Shape: Polyhedra
		q_c:    20.0000    403.0000    88.5000
		ub :    22.9010    408.0173    93.5625
		lb :    17.0990    397.9827    83.4375
		A:
			    0.9242    -0.3442    -0.1655
			    -0.8902    0.2127    0.4030
			    0.2100    0.5871    0.7818
			    0.3654    -0.1785    -0.9136
			    0.4767    -0.0941    -0.8740
			    -0.8411    -0.2389    -0.4853
			    0.0553    0.6472    0.7603
			    -0.0609    0.7622    -0.6444
			    -0.9966    -0.0107    0.0815
			    -0.0553    -0.6472    -0.7603
			    0.0609    -0.7622    0.6444
			    0.9966    0.0107    -0.0815
		b:
			    -132.2567
			    106.1694
			    312.9885
			    -142.3463
			    -102.6371
			    -153.3024
			    332.2166
			    252.9333
			    -14.5249
			    -326.2166
			    -244.9333
			    19.5249


===========================================================================================
===========================================================================================
S7:
	q_c:    128.5000    152.5000    240.5000
	ub :    146.0000    157.0000    258.0000
	lb :    111.0000    148.0000    223.0000

	==================================================================================
	Q1:
		Shape: Polyhedra
		q_c:    125.5000    154.5000    239.5000
		ub :    128.3420    156.6728    242.3538
		lb :    122.6580    152.3272    236.6462
		A:
			    -0.4653    -0.8504    -0.2455
			    0.9861    -0.1073    -0.1267
			    0.6068    -0.7110    -0.3554
			    0.2235    -0.7990    0.5583
			    0.3628    0.8937    0.2639
			    0.1241    0.8524    -0.5080
			    0.8427    0.0261    0.5378
			    -0.3649    -0.7067    0.6061
			    0.3959    -0.7070    -0.5860
			    -0.8427    -0.0261    -0.5378
			    0.3649    0.7067    -0.6061
			    -0.3959    0.7070    0.5860
		b:
			    -246.9058
			    78.7397
			    -116.8191
			    39.7341
			    248.5186
			    26.7303
			    240.5837
			    -8.8393
			    -197.9044
			    -236.5837
			    10.8393
			    201.9044
	==================================================================================
	Q2:
		Shape: Ellipse
		q_c:    133.5000    154.5000    240.0000
		ub :    136.6368    156.5460    243.2298
		lb :    130.3632    152.4540    236.7702
		P^-1: 
			    0.2136    0.0006    0.0442
			    0.0006    0.2500    -0.0007
			    0.0442    -0.0007    0.1964
	==================================================================================
	Q3:
		Shape: Ellipse
		q_c:    127.5000    154.0000    238.5000
		ub :    130.0426    156.2164    240.8589
		lb :    124.9574    151.7836    236.1411
		P^-1: 
			    0.2954    -0.0091    0.1011
			    -0.0091    0.7060    0.2945
			    0.1011    0.2945    0.6931
	==================================================================================
	Q4:
		Shape: Ellipse
		q_c:    130.5000    150.5000    246.0000
		ub :    134.6521    154.2329    250.1589
		lb :    126.3479    146.7671    241.8411
		P^-1: 
			    0.1735    -0.0430    0.0195
			    -0.0430    0.1604    -0.0505
			    0.0195    -0.0505    0.1872
	==================================================================================
	Q5:
		Shape: Hybrid
		q_c:    128.0000    155.5000    243.0000
		ub :    130.2453    158.3569    246.3682
		lb :    125.7547    152.6431    239.6318
		P^-1: 
			    0.4161    -0.0271    -0.0807
			    -0.0271    0.2416    -0.0213
			    -0.0807    -0.0213    0.1967
		A:
			    0.7832    0.5901    0.1960
			    -0.5337    0.7250    0.4354
			    0.4113    0.9088    -0.0707
			    -0.6798    -0.1549    0.7169
			    -0.7330    -0.1718    0.6582
			    -0.0732    -0.9427    -0.3257
		b:
			    240.9269
			    151.3796
			    178.0588
			    64.0901
			    40.3411
			    -233.6298
	==================================================================================
	Q6:
		Shape: Hybrid
		q_c:    127.0000    154.0000    238.0000
		ub :    129.6896    156.5732    241.2735
		lb :    124.3104    151.4268    234.7265
		P^-1: 
			    0.4006    -0.0534    0.0877
			    -0.0534    0.3793    0.1069
			    0.0877    0.1069    0.2690
		A:
			    0.6186    -0.6923    -0.3716
			    0.2449    -0.6211    -0.7445
			    0.5162    -0.8153    0.2624
			    -0.3429    -0.4495    0.8248
			    0.1592    -0.9741    0.1607
			    0.4109    0.4434    0.7966
		b:
			    -115.6768
			    -240.7922
			    3.3978
			    85.2771
			    -90.4553
			    310.8888


===========================================================================================
===========================================================================================
S8:
	q_c:    264.5000    65.0000    285.5000
	ub :    281.0000    91.0000    312.0000
	lb :    248.0000    39.0000    259.0000

	==================================================================================
	Q1:
		Shape: Polyhedra
		q_c:    278.5000    49.5000    288.0000
		ub :    288.0733    58.7826    297.3769
		lb :    268.9267    40.2174    278.6231
		A:
			    0.4164    -0.2826    -0.8641
			    0.7914    0.4365    -0.4278
			    0.3585    -0.7291    -0.5829
			    -0.6834    0.7133    -0.1554
			    0.5755    0.5588    -0.5971
			    -0.1522    -0.9807    -0.1225
			    0.8674    0.3357    0.3674
			    0.0767    -0.8196    0.5678
			    0.4917    -0.4644    -0.7366
			    -0.8674    -0.3357    -0.3674
			    -0.0767    0.8196    -0.5678
			    -0.4917    0.4644    0.7366
		b:
			    -142.3358
			    125.3750
			    -99.4327
			    -194.0431
			    21.9162
			    -120.1577
			    371.9903
			    149.8124
			    -93.6912
			    -355.9903
			    -138.8124
			    102.6912
	==================================================================================
	Q2:
		Shape: Polyhedra
		q_c:    269.5000    56.0000    275.0000
		ub :    280.4703    65.7061    286.6921
		lb :    258.5297    46.2939    263.3079
		A:
			    0.7037    0.2035    0.6807
			    -0.8631    0.4440    -0.2406
			    -0.9762    -0.1486    -0.1577
			    0.2979    -0.3686    -0.8806
			    -0.8656    -0.0629    0.4968
			    -0.1158    0.8234    0.5554
			    0.3072    0.6818    0.6639
			    -0.3787    0.7276    -0.5720
			    -0.8731    -0.0757    0.4817
			    -0.3072    -0.6818    -0.6639
			    0.3787    -0.7276    0.5720
			    0.8731    0.0757    -0.4817
		b:
			    395.0485
			    -267.3102
			    -307.5724
			    -175.3100
			    -92.6617
			    174.5913
			    310.5520
			    -212.5953
			    -99.5676
			    -296.5520
			    224.5953
			    114.5676
	==================================================================================
	Q3:
		Shape: Hybrid
		q_c:    283.0000    49.0000    290.5000
		ub :    292.4004    58.9340    298.7837
		lb :    273.5996    39.0660    282.2163
		P^-1: 
			    0.0280    -0.0059    -0.0037
			    -0.0059    0.0319    0.0043
			    -0.0037    0.0043    0.0315
		A:
			    0.8976    -0.4330    -0.0822
			    -0.7330    0.1059    0.6719
			    0.6198    -0.0034    -0.7848
			    0.1809    -0.3963    -0.9001
			    -0.5960    -0.8029    -0.0068
			    -0.6288    -0.3377    -0.7004
		b:
			    211.9778
			    -4.0720
			    -49.6855
			    -226.9258
			    -206.0958
			    -394.2498
	==================================================================================
	Q4:
		Shape: Ellipse
		q_c:    261.5000    50.0000    291.5000
		ub :    267.6742    56.5882    298.4105
		lb :    255.3258    43.4118    284.5895
		P^-1: 
			    0.0992    -0.0012    0.0490
			    -0.0012    0.1530    0.1012
			    0.0490    0.1012    0.1293
	==================================================================================
	Q5:
		Shape: Hybrid
		q_c:    261.0000    70.5000    285.5000
		ub :    270.5054    79.5509    294.9175
		lb :    251.4946    61.4491    276.0825
		P^-1: 
			    0.0268    0.0022    -0.0042
			    0.0022    0.0163    -0.0026
			    -0.0042    -0.0026    0.0292
		A:
			    -0.9072    0.3588    0.2198
			    0.7263    -0.5873    -0.3571
			    0.5901    0.8070    0.0247
			    -0.4620    0.3624    0.8094
			    -0.5118    -0.8024    -0.3070
			    -0.1170    0.5991    0.7921
		b:
			    -144.9213
			    50.4788
			    222.3044
			    139.6356
			    -273.1781
			    242.1214
	==================================================================================
	Q6:
		Shape: Ellipse
		q_c:    262.5000    80.5000    295.0000
		ub :    273.4699    89.2814    303.4471
		lb :    251.5301    71.7186    286.5529
		P^-1: 
			    0.0173    -0.0006    0.0083
			    -0.0006    0.0239    0.0035
			    0.0083    0.0035    0.0363


===========================================================================================
===========================================================================================
S9:
	q_c:    502.5000    190.5000    75.0000
	ub :    518.0000    202.0000    76.0000
	lb :    487.0000    179.0000    74.0000

	==================================================================================
	Q1:
		Shape: Ellipse
		q_c:    503.5000    191.0000    77.0000
		ub :    504.6855    192.4574    78.4194
		lb :    502.3145    189.5426    75.5806
		P^-1: 
			    3.1137    -1.3681    -0.0409
			    -1.3681    1.8856    0.0265
			    -0.0409    0.0265    1.0008
	==================================================================================
	Q2:
		Shape: Ellipse
		q_c:    501.5000    190.0000    75.5000
		ub :    502.6352    191.6734    76.8868
		lb :    500.3648    188.3266    74.1132
		P^-1: 
			    2.7857    -0.4917    -1.3925
			    -0.4917    0.5853    0.4659
			    -1.3925    0.4659    2.0734
	==================================================================================
	Q3:
		Shape: Hybrid
		q_c:    503.0000    191.0000    74.5000
		ub :    504.6069    192.4950    75.2908
		lb :    501.3931    189.5050    73.7092
		P^-1: 
			    1.8731    -1.7362    -0.1557
			    -1.7362    2.5828    -0.1271
			    -0.1557    -0.1271    3.9886
		A:
			    0.1589    -0.1591    0.9744
			    0.3505    -0.8840    0.3092
			    0.7757    -0.6219    0.1076
			    -0.0218    -0.0873    -0.9959
			    -0.2676    0.4187    0.8678
			    -0.2857    -0.2969    0.9112
		b:
			    122.4030
			    30.8806
			    279.7586
			    -101.5717
			    10.2822
			    -132.0590
	==================================================================================
	Q4:
		Shape: Hybrid
		q_c:    503.5000    191.0000    75.0000
		ub :    504.9773    192.9824    77.0038
		lb :    502.0227    189.0176    72.9962
		P^-1: 
			    0.9987    -0.0138    0.0229
			    -0.0138    0.8517    0.2454
			    0.0229    0.2454    0.5940
		A:
			    0.3181    -0.8956    -0.3109
			    -0.1047    0.8541    0.5094
			    -0.5076    0.3617    0.7820
			    -0.0897    -0.5019    0.8603
			    0.3832    0.8666    -0.3197
			    0.0549    0.9866    -0.1536
		b:
			    -33.6960
			    149.1335
			    -127.2206
			    -75.5067
			    335.2613
			    205.2820
	==================================================================================
	Q5:
		Shape: Ellipse
		q_c:    503.0000    190.0000    75.0000
		ub :    503.9092    190.8477    76.1303
		lb :    502.0908    189.1523    73.8697
		P^-1: 
			    3.8116    0.1430    -0.7135
			    0.1430    3.8915    0.5417
			    -0.7135    0.5417    1.2969
	==================================================================================
	Q6:
		Shape: Polyhedra
		q_c:    502.5000    192.0000    75.5000
		ub :    503.6648    193.0176    76.5669
		lb :    501.3352    190.9824    74.4331
		A:
			    0.7777    -0.3718    -0.5070
			    0.1559    0.9288    -0.3363
			    0.3381    0.9309    -0.1381
			    -0.1044    0.9894    -0.1010
			    -0.8285    0.5592    -0.0288
			    -0.6606    0.4800    0.5772
			    0.5988    0.4282    0.6768
			    -0.5854    -0.3427    0.7348
			    0.5466    -0.8362    0.0454
			    -0.5988    -0.4282    -0.6768
			    0.5854    0.3427    -0.7348
			    -0.5466    0.8362    -0.0454
		b:
			    281.6155
			    231.8057
			    338.8521
			    130.4565
			    -310.5848
			    -195.6920
			    435.2186
			    -303.9862
			    118.0280
			    -433.2186
			    304.9862
			    -117.0280


===========================================================================================
===========================================================================================
S10:
	q_c:    285.0000    383.0000    378.0000
	ub :    311.0000    390.0000    398.0000
	lb :    259.0000    376.0000    358.0000

	==================================================================================
	Q1:
		Shape: Polyhedra
		q_c:    286.5000    385.0000    377.0000
		ub :    289.9491    389.3359    381.3669
		lb :    283.0509    380.6641    372.6331
		A:
			    -0.8488    0.1883    -0.4940
			    0.7803    0.5427    -0.3109
			    0.7482    0.0878    0.6577
			    -0.2707    -0.2968    -0.9157
			    0.3214    0.9036    -0.2833
			    0.4059    0.9137    -0.0218
			    0.5564    0.6703    0.4910
			    -0.1400    0.6581    -0.7398
			    -0.8190    0.3429    0.4600
			    -0.5564    -0.6703    -0.4910
			    0.1400    -0.6581    0.7398
			    0.8190    -0.3429    -0.4600
		b:
			    -354.3715
			    317.7449
			    498.7084
			    -534.4803
			    335.9329
			    462.5026
			    605.0925
			    -62.6453
			    72.7761
			    -600.0925
			    68.6453
			    -68.7761
	==================================================================================
	Q2:
		Shape: Ellipse
		q_c:    284.0000    383.5000    377.5000
		ub :    286.6839    386.9024    381.5503
		lb :    281.3161    380.0976    373.4497
		P^-1: 
			    0.3549    -0.0871    -0.0456
			    -0.0871    0.3131    0.0766
			    -0.0456    0.0766    0.1081
	==================================================================================
	Q3:
		Shape: Polyhedra
		q_c:    289.5000    379.5000    375.5000
		ub :    293.5148    383.5133    379.6587
		lb :    285.4852    375.4867    371.3413
		A:
			    -0.3791    0.8944    0.2374
			    -0.4747    0.8551    -0.2084
			    -0.8497    -0.2713    0.4522
			    0.2413    -0.0877    0.9665
			    -0.5449    -0.7975    -0.2589
			    0.4212    -0.4238    0.8018
			    0.2578    0.8225    0.5070
			    0.5625    0.2989    -0.7709
			    -0.7856    0.4840    -0.3856
			    -0.2578    -0.8225    -0.5070
			    -0.5625    -0.2989    0.7709
			    0.7856    -0.4840    0.3856
		b:
			    321.3035
			    111.3687
			    -176.6400
			    401.9662
			    -555.1390
			    264.7056
			    579.6571
			    -10.7002
			    -186.0371
			    -574.6571
			    15.7002
			    191.0371
	==================================================================================
	Q4:
		Shape: Hybrid
		q_c:    279.0000    379.0000    374.0000
		ub :    283.2811    381.3772    378.3642
		lb :    274.7189    376.6228    369.6358
		P^-1: 
			    0.1113    0.0052    -0.0005
			    0.0052    0.2488    -0.0120
			    -0.0005    -0.0120    0.1122
		A:
			    0.8886    0.1599    -0.4300
			    -0.8289    -0.4934    0.2636
			    -0.3988    -0.8511    -0.3414
			    0.2268    0.7837    -0.5783
			    0.8733    0.2298    -0.4296
			    -0.4421    0.8960    0.0420
		b:
			    149.6414
			    -317.9426
			    -560.1625
			    145.3229
			    172.0099
			    233.2369
	==================================================================================
	Q5:
		Shape: Ellipse
		q_c:    277.5000    377.5000    374.0000
		ub :    281.4479    381.2492    377.7061
		lb :    273.5521    373.7508    370.2939
		P^-1: 
			    0.1898    -0.0076    -0.0417
			    -0.0076    0.1619    0.0106
			    -0.0417    0.0106    0.2183
	==================================================================================
	Q6:
		Shape: Ellipse
		q_c:    278.5000    385.0000    380.0000
		ub :    281.4916    388.5989    383.0089
		lb :    275.5084    381.4011    376.9911
		P^-1: 
			    0.2339    -0.0326    -0.0112
