3D_30_13_6_c                l = 3

===========================================================================================
===========================================================================================
S1:
	q_c:	151.0	153.5	228.5
	ub :	168.8858	167.5409	242.7333
	lb :	134.1534	137.6192	216.0419

	==================================================================================
	Q1:
		Shape: Ellipse
		q_c:	151.5	149.5	223.5
		ub :	160.1203	158.5398	230.9581
		lb :	142.8797	140.4602	216.0419
		P^-1:
			0.0377	-0.0034	-0.0116
			-0.0034	0.0348	0.0114
			-0.0116	0.0114	0.0508
	==================================================================================
	Q2:
		Shape: Ellipse
		q_c:	143.5	159.0	234.0
		ub :	152.2885	166.7926	241.722
		lb :	134.7115	151.2074	226.278
		P^-1:
			0.0307	0.0092	0.0069
			0.0092	0.0449	-0.0034
			0.0069	-0.0034	0.0468
	==================================================================================
	Q3:
		Shape: Hybrid
		q_c:	149.5	161.0	221.0
		ub :	155.9822	167.5409	224.4144
		lb :	143.0178	154.4591	217.5856
		P^-1:
			0.0859	0.0671	0.0103
			0.0671	0.0992	-0.0093
			0.0103	-0.0093	0.1586
		A:
			-0.8455	-0.5337	-0.0151
			-0.2364	-0.3875	0.891
			0.8433	0.492	0.2163
			-0.9469	-0.3152	0.0636
			-0.3539	-0.7529	0.5549
			-0.2539	-0.6106	-0.7501
		b:
			-213.9566
			100.442
			254.8238
			-175.6233
			-50.0019
			-300.2231
	==================================================================================
	Q4:
		Shape: Ellipse
		q_c:	162.0	154.5	223.5
		ub :	168.8858	160.2844	230.7942
		lb :	155.1142	148.7156	216.2058
		P^-1:
			0.0531	-0.005	-0.0099
			-0.005	0.0599	-0.0052
			-0.0099	-0.0052	0.052
	==================================================================================
	Q5:
		Shape: Ellipse
		q_c:	142.5	152.0	235.0
		ub :	150.8466	155.0022	242.7333
		lb :	134.1534	148.9978	227.2667
		P^-1:
			0.0404	0.078	-0.0026
			0.078	0.4293	0.0052
			-0.0026	0.0052	0.0315
	==================================================================================
	Q6:
		Shape: Polyhedra
		q_c:	159.5	143.5	229.0
		ub :	165.214	149.3808	235.6719
		lb :	153.786	137.6192	222.3281
		A:
			-0.8831	-0.4091	-0.2296
			-0.3392	-0.8103	0.4779
			-0.0483	0.068	0.9965
			-0.6297	0.3658	-0.6853
			-0.4037	0.7454	-0.5304
			0.2322	0.6579	0.7164
			0.2907	0.8275	0.4803
			-0.9324	0.1323	0.3364
			0.2149	-0.5457	0.81
			-0.2907	-0.8275	-0.4803
			0.9324	-0.1323	-0.3364
			-0.2149	0.5457	-0.81
		b:
			-248.3795
			-56.7788
			234.4194
			-200.5093
			-74.4978
			299.0911
			278.6129
			-48.6841
			145.9594
			-271.6129
			56.6841
			-136.9594


===========================================================================================
===========================================================================================
S2:
	q_c:	368.5	453.0	91.0
	ub :	382.5621	464.1362	101.2418
	lb :	358.9842	439.563	81.3515

	==================================================================================
	Q1:
		Shape: Polyhedra
		q_c:	364.0	460.5	96.0
		ub :	369.0158	463.1355	101.2418
		lb :	358.9842	457.8645	90.7582
		A:
			0.7063	-0.5564	-0.4377
			-0.2041	0.7455	0.6345
			-0.2873	-0.8897	0.3548
			0.6595	0.1975	-0.7253
			0.6412	0.7625	-0.086
			-0.5546	0.7981	0.2355
			0.6839	0.0666	0.7265
			-0.7271	0.1445	0.6712
			-0.0602	-0.9873	0.1472
			-0.6839	-0.0666	-0.7265
			0.7271	-0.1445	-0.6712
			0.0602	0.9873	-0.1472
		b:
			-38.683
			332.6402
			-478.1627
			263.8106
			579.0005
			190.6066
			353.8755
			-131.185
			-460.4255
			-344.8755
			136.185
			464.4255
	==================================================================================
	Q2:
		Shape: Polyhedra
		q_c:	375.5	455.0	88.0
		ub :	379.3833	460.9541	94.5408
		lb :	371.6167	449.0459	81.4592
		A:
			0.626	0.7628	-0.1617
			-0.9797	0.113	-0.1656
			-0.7098	0.682	0.1763
			0.6889	-0.2815	0.668
			-0.4423	-0.253	-0.8605
			-0.2743	0.9353	-0.2234
			0.1543	0.4048	0.9013
			0.0375	0.9091	-0.4148
			-0.9873	0.0978	0.1251
			-0.1543	-0.4048	-0.9013
			-0.0375	-0.9091	0.4148
			0.9873	-0.0978	-0.1251
		b:
			571.74
			-327.843
			62.8146
			193.4282
			-352.0596
			306.8424
			326.4403
			395.2434
			-312.2365
			-316.4403
			-387.2434
			318.2365
	==================================================================================
	Q3:
		Shape: Hybrid
		q_c:	370.5	450.0	89.0
		ub :	378.2944	454.6711	96.6485
		lb :	362.7056	445.3289	81.3515
		P^-1:
			0.0471	-0.014	0.0232
			-0.014	0.0986	-0.016
			0.0232	-0.016	0.0557
		A:
			0.8864	-0.4566	0.0765
			-0.5068	0.1753	-0.844
			0.5564	-0.5946	0.5804
			0.0604	0.3811	0.9226
			-0.4523	0.119	-0.8839
			-0.0159	-0.7253	-0.6883
		b:
			132.7437
			-181.8037
			-8.0668
			279.1446
			-190.3712
			-390.7082
	==================================================================================
	Q4:
		Shape: Hybrid
		q_c:	376.5	445.5	89.0
		ub :	382.5621	451.437	95.7688
		lb :	370.4379	439.563	82.2312
		P^-1:
			0.1393	-0.0839	0.0564
			-0.0839	0.1161	-0.0555
			0.0564	-0.0555	0.084
		A:
			0.3053	-0.2948	-0.9055
			0.5174	-0.5866	0.623
			-0.4533	-0.4909	0.744
			0.9677	-0.0508	0.247
			0.3628	-0.1863	0.9131
			-0.966	0.1211	-0.2285
		b:
			-93.304
			-9.8068
			-319.788
			365.9947
			137.3259
			-327.9151
	==================================================================================
	Q5:
		Shape: Polyhedra
		q_c:	364.5	459.5	92.5
		ub :	369.1789	464.1362	97.863
		lb :	359.8211	454.8638	87.137
		A:
			0.7192	0.6869	-0.1045
			-0.5539	-0.4349	-0.7099
			0.4821	0.3744	0.7921
			0.7823	0.288	0.5523
			0.5304	0.2094	0.8215
			0.7558	0.466	0.46
			0.6236	0.6294	0.4637
			0.7605	-0.3513	-0.5461
			-0.1808	0.6932	-0.6977
			-0.6236	-0.6294	-0.4637
			-0.7605	0.3513	0.5461
			0.1808	-0.6932	0.6977
		b:
			570.4635
			-465.9385
			422.8725
			470.269
			367.619
			533.471
			560.3927
			69.8054
			191.5737
			-558.3927
			-60.8054
			-184.5737
	==================================================================================
	Q6:
		Shape: Polyhedra
		q_c:	368.0	454.0	91.0
		ub :	374.0785	461.5443	98.197
		lb :	361.9215	446.4557	83.803
		A:
			-0.8767	0.4567	0.1513
			0.7763	-0.0224	-0.63
			-0.9222	0.2777	0.269
			0.6498	-0.7182	0.2487
			-0.6642	-0.5168	-0.5401
			-0.1412	0.8118	0.5666
			0.093	0.5238	0.8468
			-0.404	0.7971	-0.4487
			-0.91	-0.3004	0.2857
			-0.093	-0.5238	-0.8468
			0.404	-0.7971	0.4487
			0.91	0.3004	-0.2857
		b:
			-97.0015
			222.3061
			-184.5199
			-59.4113
			-523.8934
			372.7728
			353.5687
			177.3745
			-441.2629
			-344.5687
			-167.3745
			449.2629


===========================================================================================
===========================================================================================
S3:
	q_c:	103.5	189.0	370.0
	ub :	122.331	212.5291	388.8416
	lb :	83.2473	172.3384	341.7738

	==================================================================================
	Q1:
		Shape: Ellipse
		q_c:	109.0	184.5	374.0
		ub :	120.4943	195.6196	385.1741
		lb :	97.5057	173.3804	362.8259
		P^-1:
			0.0236	-0.0035	0.003
			-0.0035	0.0247	0.0035
			0.003	0.0035	0.017
	==================================================================================
	Q2:
		Shape: Hybrid
		q_c:	116.0	190.5	384.0
		ub :	122.331	195.3968	387.784
		lb :	109.669	185.6032	380.216
		P^-1:
			0.0757	0.0182	0.1225
			0.0182	0.0743	0.0652
			0.1225	0.0652	0.39
		A:
			-0.4302	-0.109	-0.8961
			0.0759	0.2064	0.9755
			-0.3962	0.1789	-0.9006
			0.4608	0.697	0.5494
			-0.1101	0.2403	-0.9644
			0.2756	-0.6452	-0.7126
		b:
			-413.896
			423.9434
			-356.425
			399.4822
			-335.6227
			-361.8823
	==================================================================================
	Q3:
		Shape: Polyhedra
		q_c:	109.0	199.0	355.5
		ub :	121.5069	212.5291	369.2262
		lb :	96.4931	185.4709	341.7738
		A:
			0.4376	-0.2613	-0.8604
			-0.9507	0.2645	0.1621
			-0.8861	-0.461	-0.048
			-0.8502	-0.5018	0.1592
			-0.0935	0.6304	-0.7706
			-0.7065	-0.5276	0.4716
			0.3437	0.7305	0.5901
			-0.6016	0.6538	-0.4589
			-0.7211	-0.1973	0.6641
			-0.3437	-0.7305	-0.5901
			0.6016	-0.6538	0.4589
			0.7211	0.1973	-0.6641
		b:
			-302.2444
			13.3941
			-196.8286
			-127.929
			-151.8546
			-7.2175
			403.1255
			-91.6178
			124.7455
			-382.1255
			105.6178
			-111.7455
	==================================================================================
	Q4:
		Shape: Hybrid
		q_c:	95.5	185.0	380.5
		ub :	101.9887	191.4572	388.8416
		lb :	89.0113	178.5428	372.1584
		P^-1:
			0.0642	0.0202	-0.0047
			0.0202	0.0569	-0.0035
			-0.0047	-0.0035	0.0162
		A:
			-0.9048	0.2995	-0.3026
			0.07	-0.6428	-0.7629
			-0.0967	-0.8813	0.4625
			0.6624	-0.2542	-0.7047
			0.446	0.878	-0.174
			0.0631	-0.9758	-0.2091
		b:
			-142.685
			-397.3122
			7.0308
			-247.3458
			140.9032
			-250.9797
	==================================================================================
	Q5:
		Shape: Hybrid
		q_c:	91.5	183.0	367.0
		ub :	99.7527	193.6616	376.9145
		lb :	83.2473	172.3384	357.0855
		P^-1:
			0.0388	0.0071	-0.0149
			0.0071	0.0266	-0.0162
			-0.0149	-0.0162	0.0406
		A:
			-0.8549	-0.1968	0.48
			-0.958	-0.1712	0.2299
			-0.6987	-0.3707	0.6119
			0.0959	-0.9276	0.361
			-0.3327	-0.1593	0.9295
			0.1305	-0.3274	0.9358
		b:
			64.3467
			-31.699
			94.8552
			-24.5127
			284.3797
			298.8104
	==================================================================================
	Q6:
		Shape: Polyhedra
		q_c:	112.0	196.5	357.0
		ub :	117.0154	207.8933	368.1569
		lb :	106.9846	185.1067	345.8431
		A:
			-0.8719	0.1487	0.4665
			-0.9642	-0.2286	0.1346
			-0.9464	0.1019	-0.3065
			0.8369	0.18	0.517
			0.7823	0.3716	-0.4999
			0.4674	-0.8833	0.0364
			0.0982	0.8204	0.5633
			-0.3049	0.5636	-0.7677
			-0.9473	-0.0964	0.3054
			-0.0982	-0.8204	-0.5633
			0.3049	-0.5636	0.7677
			0.9473	0.0964	-0.3054
		b:
			101.2765
			-102.1715
			-190.518
			319.8587
			-14.4879
			-100.6783
			381.8052
			-189.965
			-14.002
			-364.8052
			204.965
			18.002


===========================================================================================
===========================================================================================
S4:
	q_c:	72.5	161.5	451.5
	ub :	76.0437	164.492	454.753
	lb :	71.1251	159.6157	448.5204

	==================================================================================
	Q1:
		Shape: Ellipse
		q_c:	73.5	161.5	452.5
		ub :	75.1455	162.9515	453.9128
		lb :	71.8545	160.0485	451.0872
		P^-1:
			1.0	0.0	-0.0
			0.0	1.0	-0.0
			-0.0	-0.0	1.0
	==================================================================================
	Q2:
		Shape: Ellipse
		q_c:	73.0	161.5	453.5
		ub :	74.4507	162.8287	454.753
		lb :	71.5493	160.1713	452.247
		P^-1:
			1.8344	1.0092	0.888
			1.0092	2.2206	1.074
			0.888	1.074	1.945
	==================================================================================
	Q3:
		Shape: Ellipse
		q_c:	73.5	163.5	453.0
		ub :	74.9843	164.492	454.4725
		lb :	72.0157	162.508	451.5275
		P^-1:
			1.1726	-0.6522	0.2503
			-0.6522	3.4645	-0.9457
			0.2503	-0.9457	1.3629
	==================================================================================
	Q4:
		Shape: Hybrid
		q_c:	73.5	161.5	453.0
		ub :	74.6461	162.6324	454.1467
		lb :	72.3539	160.3676	451.8533
		P^-1:
			1.0127	0.1517	-0.1221
			0.1517	2.8129	-1.4591
			-0.1221	-1.4591	2.1744
		A:
			-0.7213	-0.6873	0.0851
			-0.0076	-0.5191	0.8547
			-0.3232	-0.5664	0.7581
			0.1295	-0.0984	0.9867
			-0.248	-0.8759	0.414
			-0.5618	-0.8273	-0.0065
		b:
			-124.8887
			303.1078
			228.5288
			441.1589
			28.1717
			-177.2612
	==================================================================================
	Q5:
		Shape: Polyhedra
		q_c:	74.5	161.5	452.5
		ub :	76.0437	163.1965	454.1421
		lb :	72.9563	159.8035	450.8579
		A:
			0.7679	0.2457	0.5916
			0.5837	-0.5506	-0.5968
			-0.0515	0.8393	0.5412
			-0.413	-0.2059	0.8871
			-0.8063	-0.3947	0.4405
			-0.991	-0.1233	0.0517
			0.5982	0.704	0.3827
			0.7851	-0.4194	-0.4557
			-0.1603	0.5731	-0.8037
			-0.5982	-0.704	-0.3827
			-0.7851	0.4194	0.4557
			0.1603	-0.5731	0.8037
		b:
			365.594
			-314.4722
			377.6233
			338.4043
			76.5119
			-69.3674
			332.4396
			-214.4532
			-282.0485
			-330.4396
			216.4532
			284.0485
	==================================================================================
	Q6:
		Shape: Polyhedra
		q_c:	73.0	161.5	450.5
		ub :	74.8749	163.3843	452.4796
		lb :	71.1251	159.6157	448.5204
		A:
			0.3127	0.9498	0.0045
			0.9813	-0.1739	-0.0823
			-0.2956	0.0213	0.9551
			0.9536	-0.2407	0.1807
			-0.073	-0.774	0.6289
			-0.9412	-0.2468	-0.2309
			0.3892	0.4934	0.7778
			-0.5586	0.7979	-0.2266
			-0.7324	-0.3463	0.5862
			-0.3892	-0.4934	-0.7778
			0.5586	-0.7979	0.2266
			0.7324	0.3463	-0.5862
		b:
			179.4315
			7.512
			413.3673
			113.2471
			154.0031
			-211.3386
			460.0191
			-13.0114
			155.6785
			-457.0191
			15.0114
			-153.6785


===========================================================================================
===========================================================================================
S5:
	q_c:	325.0	152.0	295.5
	ub :	335.1224	166.0346	308.0917
	lb :	314.5752	140.4852	284.1572

	==================================================================================
	Q1:
		Shape: Polyhedra
		q_c:	322.5	154.0	298.0
		ub :	327.0978	157.8901	302.7565
		lb :	317.9022	150.1099	293.2435
		A:
			-0.6886	0.6882	0.2285
			0.4868	-0.8731	-0.0252
			0.8017	-0.2264	-0.5532
			-0.3805	0.6842	-0.6222
			0.2388	-0.8467	0.4754
			0.934	-0.3564	0.0255
			0.6714	0.7244	0.1566
			0.3095	-0.082	-0.9474
			-0.6734	0.6845	-0.2792
			-0.6714	-0.7244	-0.1566
			-0.3095	0.082	0.9474
			0.6734	-0.6845	0.2792
		b:
			-45.6362
			17.0164
			62.2153
			-200.5452
			90.5131
			256.1379
			378.2398
			-191.1344
			-193.4843
			-371.2398
			199.1344
			196.4843
	==================================================================================
	Q2:
		Shape: Polyhedra
		q_c:	324.0	145.5	289.0
		ub :	329.2232	150.5148	293.8428
		lb :	318.7768	140.4852	284.1572
		A:
			0.1505	-0.4347	0.8879
			0.0147	-0.8592	0.5115
			-0.3513	0.6175	-0.7037
			-0.4371	-0.041	0.8985
			-0.2514	-0.8624	0.4395
			0.9118	-0.2953	-0.2855
			0.9542	0.1865	0.2341
			-0.0554	-0.6585	0.7506
			0.2941	-0.7292	-0.6179
			-0.9542	-0.1865	-0.2341
			0.0554	0.6585	-0.7506
			-0.2941	0.7292	0.6179
		b:
			244.0903
			29.5674
			-225.219
			115.3049
			-77.696
			174.1562
			407.9267
			104.6484
			-184.896
			-399.9267
			-101.6484
			193.896
	==================================================================================
	Q3:
		Shape: Hybrid
		q_c:	331.0	155.5	294.0
		ub :	335.1224	157.6039	298.2589
		lb :	326.8776	153.3961	289.7411
		P^-1:
			0.1171	-0.0535	0.0088
			-0.0535	0.4357	-0.0002
			0.0088	-0.0002	0.0844
		A:
			-0.1086	0.9039	0.4137
			-0.2903	0.6927	0.6603
			-0.1709	0.8758	-0.4513
			0.206	-0.8919	0.4025
			-0.0127	0.9146	-0.4042
			-0.0234	0.9469	-0.3207
		b:
			227.4543
			207.6085
			-51.7828
			49.0448
			20.4235
			46.3022
	==================================================================================
	Q4:
		Shape: Hybrid
		q_c:	327.5	149.0	296.0
		ub :	332.6345	153.8621	300.7164
		lb :	322.3655	144.1379	291.2836
		P^-1:
			0.1219	-0.0332	-0.0074
			-0.0332	0.1302	-0.0132
			-0.0074	-0.0132	0.1006
		A:
			0.0603	-0.9982	-0.0044
			-0.9314	0.1868	0.3125
			-0.8613	0.3397	0.3777
			-0.98	-0.083	-0.181
			-0.9512	0.2716	0.1464
			-0.4907	-0.1524	-0.8579
		b:
			-128.6634
			-183.1376
			-118.195
			-385.006
			-226.2229
			-435.2322
	==================================================================================
	Q5:
		Shape: Polyhedra
		q_c:	320.5	147.0	294.0
		ub :	326.4248	151.1236	299.2368
		lb :	314.5752	142.8764	288.7632
		A:
			-0.4044	-0.3714	0.8358
			-0.1148	-0.9483	0.2959
			-0.6394	0.6868	-0.3456
			0.4383	-0.7619	0.4769
			-0.1456	0.7554	-0.6389
			0.8115	-0.5577	-0.1745
			0.7992	0.419	0.4309
			0.4309	-0.8992	0.0752
			0.419	0.1255	-0.8993
			-0.7992	-0.419	-0.4309
			-0.4309	0.8992	-0.0752
			-0.419	-0.1255	0.8993
		b:
			64.9505
			-86.4218
			-203.0378
			171.119
			-120.7979
			129.5185
			448.9259
			30.0374
			-108.1458
			-439.9259
			-26.0374
			115.1458
	==================================================================================
	Q6:
		Shape: Ellipse
		q_c:	328.0	159.5	301.5
		ub :	333.5848	166.0346	308.0917
		lb :	322.4152	152.9654	294.9083
		P^-1:
			0.0715	-0.0072	0.0063
			-0.0072	0.0682	-0.005
			0.0063	-0.005	0.0669


===========================================================================================
===========================================================================================
S6:
	q_c:	509.0	58.0	293.0
	ub :	523.2232	78.9203	310.6456
	lb :	493.343	38.9836	282.4081

	==================================================================================
	Q1:
		Shape: Hybrid
		q_c:	515.5	64.5	298.5
		ub :	519.6834	67.9718	302.3888
		lb :	511.3166	61.0282	294.6112
		P^-1:
			0.16	-0.0	0.0
			-0.0	0.16	0.0
			0.0	0.0	0.16
		A:
			0.9572	-0.2107	-0.1983
			-0.159	0.2502	-0.9551
			0.0243	-0.8464	0.532
			0.3387	-0.7839	0.5204
			0.6727	0.7293	0.125
			0.7755	0.6297	0.0451
		b:
			421.9306
			-349.6684
			117.9746
			280.6213
			432.3796
			455.0976
	==================================================================================
	Q2:
		Shape: Ellipse
		q_c:	505.0	72.5	287.5
		ub :	509.9408	78.0855	292.5919
		lb :	500.0592	66.9145	282.4081
		P^-1:
			0.1158	-0.046	-0.0146
			-0.046	0.107	0.0042
			-0.0146	0.0042	0.0814
	==================================================================================
	Q3:
		Shape: Ellipse
		q_c:	502.5	69.5	300.5
		ub :	511.657	78.9203	310.6456
		lb :	493.343	60.0797	290.3544
		P^-1:
			0.0301	0.0055	0.0144
			0.0055	0.0202	0.0064
			0.0144	0.0064	0.0347
	==================================================================================
	Q4:
		Shape: Ellipse
		q_c:	504.5	59.5	301.0
		ub :	508.5664	63.7804	305.6308
		lb :	500.4336	55.2196	296.3692
		P^-1:
			0.1864	-0.0521	0.0063
			-0.0521	0.195	0.0465
			0.0063	0.0465	0.1102
	==================================================================================
	Q5:
		Shape: Hybrid
		q_c:	514.5	47.5	293.0
		ub :	523.2232	56.0164	300.5965
		lb :	505.7768	38.9836	285.4035
		P^-1:
			0.0299	0.0044	0.0007
			0.0044	0.0268	0.0003
			0.0007	0.0003	0.0205
		A:
			-0.5242	0.2422	0.8164
			0.274	0.2237	0.9354
			0.8802	0.2002	-0.4303
			0.5839	-0.7422	-0.3289
			-0.1245	-0.1802	-0.9757
			-0.7536	-0.0222	-0.657
		b:
			-14.9002
			429.6772
			339.5473
			172.6056
			-354.3406
			-577.7383
	==================================================================================
	Q6:
		Shape: Ellipse
		q_c:	514.5	54.5	294.0
		ub :	520.3298	61.1074	299.4337
		lb :	508.6702	47.8926	288.5663
		P^-1:
			0.0591	-0.0057	-0.0008
			-0.0057	0.0527	0.0005
			-0.0008	0.0005	0.0494


===========================================================================================
===========================================================================================
S7:
	q_c:	414.0	308.0	252.0
	ub :	434.8657	328.8557	267.5071
	lb :	400.5177	296.4172	231.7373

	==================================================================================
	Q1:
		Shape: Hybrid
		q_c:	420.5	317.0	243.0
		ub :	430.2335	328.8557	254.2627
		lb :	410.7665	305.1443	231.7373
		P^-1:
			0.0344	-0.0098	0.002
			-0.0098	0.0224	0.0001
			0.002	0.0001	0.0166
		A:
			-0.6668	-0.0037	-0.7453
			0.9915	-0.1182	-0.0536
			-0.1602	0.4091	-0.8983
			-0.4314	-0.0222	-0.9019
			0.9848	0.1623	0.0622
			0.9638	-0.0747	0.2559
		b:
			-458.4542
			369.4888
			-150.9571
			-402.8311
			484.3375
			446.8619
	==================================================================================
	Q2:
		Shape: Polyhedra
		q_c:	408.0	305.0	252.0
		ub :	415.4823	313.5828	260.5384
		lb :	400.5177	296.4172	243.4616
		A:
			-0.1329	0.8336	0.5361
			0.8314	-0.3275	0.4488
			-0.7107	0.6668	-0.2243
			-0.256	0.8128	-0.5233
			-0.8743	0.2701	0.4032
			-0.5662	-0.8099	-0.1531
			0.4174	0.5333	0.7358
			0.801	-0.5983	-0.0208
			0.4292	0.5981	-0.6769
			-0.4174	-0.5333	-0.7358
			-0.801	0.5983	0.0208
			-0.4292	-0.5981	0.6769
		b:
			340.186
			356.4723
			-139.7938
			16.4055
			-168.7983
			-510.6358
			524.3647
			142.0992
			192.929
			-512.3647
			-136.0992
			-180.929
	==================================================================================
	Q3:
		Shape: Hybrid
		q_c:	422.5	316.0	251.5
		ub :	434.1221	326.7119	262.9576
		lb :	410.8779	305.2881	240.0424
		P^-1:
			0.0229	0.0005	-0.005
			0.0005	0.0178	-0.0005
			-0.005	-0.0005	0.0227
		A:
			-0.3666	0.6674	0.6483
			0.6195	-0.135	0.7733
			0.6937	0.0208	-0.7199
			0.3416	-0.5199	-0.783
			-0.7439	-0.4938	0.4503
			0.0119	0.996	-0.0881
		b:
			222.9208
			418.0307
			121.6104
			-213.2031
			-353.7372
			302.0713
	==================================================================================
	Q4:
		Shape: Hybrid
		q_c:	426.5	306.5	260.0
		ub :	434.8657	314.6398	267.5071
		lb :	418.1343	298.3602	252.4929
		P^-1:
			0.0404	-0.0017	-0.005
			-0.0017	0.036	-0.0039
			-0.005	-0.0039	0.046
		A:
			0.2175	-0.2204	-0.9509
			-0.8237	-0.2689	-0.4993
			0.734	-0.3206	-0.5987
			-0.2992	0.9489	0.1001
			0.801	-0.3888	-0.4552
			0.9046	0.422	-0.0608
		b:
			-219.5325
			-560.448
			61.5937
			192.22
			106.6503
			502.2084
	==================================================================================
	Q5:
		Shape: Ellipse
		q_c:	408.5	305.5	257.5
		ub :	413.3342	310.2407	262.0898
		lb :	403.6658	300.7593	252.9102
		P^-1:
			0.1244	-0.0335	-0.0199
			-0.0335	0.1284	-0.0188
			-0.0199	-0.0188	0.1488
	==================================================================================
	Q6:
		Shape: Hybrid
		q_c:	420.5	304.5	247.0
		ub :	423.7205	311.8838	252.9687
		lb :	417.2795	297.1162	241.0313
		P^-1:
			0.8633	-0.0047	-0.3292
			-0.0047	0.0353	-0.0232
			-0.3292	-0.0232	0.2067
		A:
			-0.9188	0.0731	0.3879
			0.84	0.0363	-0.5414
			0.9486	0.1018	-0.2996
			0.7129	0.1813	-0.6774
			-0.9385	0.2812	0.2003
			-0.5979	-0.0884	0.7967
		b:
			-267.6545
			231.2465
			356.6988
			188.8363
			-258.2568
			-79.8613


===========================================================================================
===========================================================================================
S8:
	q_c:	306.5	531.0	469.0
	ub :	313.4146	538.205	477.4922
	lb :	302.3636	524.2341	463.6906

	==================================================================================
	Q1:
		Shape: Ellipse
		q_c:	307.5	534.5	467.5
		ub :	309.4494	537.4169	470.0009
		lb :	305.5506	531.5831	464.9991
		P^-1:
			1.5177	-0.7798	-1.5934
			-0.7798	0.6551	1.0141
			-1.5934	1.0141	2.2372
	==================================================================================
	Q2:
		Shape: Hybrid
		q_c:	308.5	531.5	469.5
		ub :	312.1934	534.7547	473.2406
		lb :	304.8066	528.2453	465.7594
		P^-1:
			0.164	0.0173	0.0067
			0.0173	0.2348	0.0289
			0.0067	0.0289	0.1712
		A:
			0.2038	-0.9507	-0.2338
			0.8522	0.4441	0.2768
			-0.796	-0.4629	-0.39
			0.7805	-0.5724	-0.2514
			0.5041	-0.5898	-0.6308
			0.5118	-0.8584	-0.0358
		b:
			-551.0835
			630.1585
			-673.4694
			-180.0935
			-452.8449
			-313.8886
	==================================================================================
	Q3:
		Shape: Polyhedra
		q_c:	305.5	535.5	471.0
		ub :	308.6364	538.205	474.0305
		lb :	302.3636	532.795	467.9695
		A:
			0.5026	0.8568	0.1151
			-0.0173	0.9097	-0.4149
			-0.3522	0.3962	-0.8479
			-0.4397	0.771	-0.4607
			-0.1607	-0.985	-0.0624
			0.5355	0.8166	-0.2154
			0.8052	0.5477	0.2274
			0.4614	-0.3377	-0.8204
			-0.3725	0.7655	-0.5246
			-0.8052	-0.5477	-0.2274
			-0.4614	0.3377	0.8204
			0.3725	-0.7655	0.5246
		b:
			668.4532
			287.6775
			-293.3579
			62.6067
			-604.2876
			501.2064
			648.3862
			-423.773
			50.0681
			-644.3862
			428.773
			-48.0681
	==================================================================================
	Q4:
		Shape: Ellipse
		q_c:	308.0	528.0	467.5
		ub :	311.7588	531.7659	471.3094
		lb :	304.2412	524.2341	463.6906
		P^-1:
			0.1894	-0.0401	0.0131
			-0.0401	0.2148	-0.0178
			0.0131	-0.0178	0.1658
	==================================================================================
	Q5:
		Shape: Ellipse
		q_c:	310.5	529.0	469.0
		ub :	313.4146	531.8144	472.3348
		lb :	307.5854	526.1856	465.6652
		P^-1:
			0.25	0.0	-0.0
			0.0	0.25	0.0
			-0.0	0.0	0.25
	==================================================================================
	Q6:
		Shape: Polyhedra
		q_c:	309.5	532.5	474.0
		ub :	312.2846	535.6912	477.4922
		lb :	306.7154	529.3088	470.5078
		A:
			0.5101	-0.7777	-0.3675
			0.3904	-0.1507	0.9082
			-0.2535	0.695	-0.6729
			-0.1709	0.7986	0.5771
			0.8078	-0.1147	0.5782
			0.4918	-0.2068	0.8458
			0.2381	0.5525	0.7988
			-0.1565	0.8335	-0.5299
			-0.9585	0.0012	0.285
			-0.2381	-0.5525	-0.7988
			0.1565	-0.8335	0.5299
			0.9585	-0.0012	-0.285
		b:
			-428.2628
			473.3227
			-24.8524
			648.0027
			465.1471
			445.2572
			748.5314
			146.733
			-158.9667
			-744.5314
			-141.733
			162.9667


===========================================================================================
===========================================================================================
S9:
	q_c:	310.0	370.0	344.5
	ub :	318.512	377.5207	350.6297
	lb :	303.6846	363.2036	337.3436

	==================================================================================
	Q1:
		Shape: Polyhedra
		q_c:	308.0	370.5	344.0
		ub :	312.1497	374.6745	346.8135
		lb :	303.8503	366.3255	341.1865
		A:
			-0.6776	0.2332	-0.6975
			0.4168	-0.2652	-0.8694
			0.3335	-0.0936	0.9381
			0.4138	-0.3846	0.8251
			-0.4139	-0.4393	0.7973
			-0.7684	-0.5832	-0.2635
			0.7266	0.6774	0.1148
			0.6435	-0.6125	-0.4591
			-0.2407	0.4075	-0.8809
			-0.7266	-0.6774	-0.1148
			-0.6435	0.6125	0.4591
			0.2407	-0.4075	0.8809
		b:
			-360.3232
			-266.7024
			392.44
			270.3471
			-13.8602
			-540.4255
			517.251
			-184.1613
			-224.7161
			-511.251
			189.1613
			227.7161
	==================================================================================
	Q2:
		Shape: Ellipse
		q_c:	313.5	367.0	346.5
		ub :	315.9491	369.5408	348.5748
		lb :	311.0509	364.4592	344.4252
		P^-1:
			0.613	0.0995	-0.2824
			0.0995	0.2956	-0.0013
			-0.2824	-0.0013	0.7859
	==================================================================================
	Q3:
		Shape: Hybrid
		q_c:	309.0	369.5	340.5
		ub :	312.1642	372.1411	343.6564
		lb :	305.8358	366.8589	337.3436
		P^-1:
			0.2507	-0.0953	0.1122
			-0.0953	0.7363	-0.3612
			0.1122	-0.3612	0.4231
		A:
			0.1814	-0.3201	0.9299
			-0.012	0.9045	-0.4262
			0.9911	-0.0217	-0.131
			-0.8244	0.3889	-0.4113
			0.1434	-0.6541	0.7427
			0.5199	0.719	-0.4612
		b:
			255.509
			185.9617
			255.328
			-249.9194
			56.1362
			270.4288
	==================================================================================
	Q4:
		Shape: Hybrid
		q_c:	307.5	368.5	346.5
		ub :	310.6556	372.6523	350.6297
		lb :	304.3444	364.3477	342.3703
		P^-1:
			0.6716	-0.2101	-0.3856
			-0.2101	0.201	0.0976
			-0.3856	0.0976	0.3691
		A:
			-0.1252	0.8436	-0.5222
			0.7402	0.599	0.3055
			0.8198	0.0677	-0.5687
			0.1331	-0.7903	-0.5981
			-0.3008	0.9166	0.2633
			-0.9192	0.311	0.2414
		b:
			93.3912
			557.044
			80.8003
			-455.3755
			338.3713
			-83.5699
	==================================================================================
	Q5:
		Shape: Hybrid
		q_c:	307.0	366.5	341.0
		ub :	310.3154	369.7964	344.067
		lb :	303.6846	363.2036	337.933
		P^-1:
			0.3171	0.0445	-0.1082
			0.0445	0.1878	0.0111
			-0.1082	0.0111	0.3495
		A:
			-0.7528	-0.4661	0.4648
			-0.2317	0.0475	0.9716
			-0.2164	-0.9598	0.1785
			-0.0259	0.3517	-0.9358
			-0.1016	0.9492	0.2979
			-0.7784	-0.1832	-0.6004
		b:
			-242.5525
			278.4763
			-355.8146
			-196.9173
			419.8142
			-509.5299
	==================================================================================
	Q6:
		Shape: Polyhedra
		q_c:	315.5	374.0	347.5
		ub :	318.512	377.5207	350.1403
		lb :	312.488	370.4793	344.8597
		A:
			0.5179	-0.7798	0.3517
			0.6483	-0.5493	0.5273
			0.8432	-0.4919	0.2167
			0.221	0.9285	-0.2984
			-0.5896	0.7969	0.1313
			0.8853	0.1315	0.446
			0.384	0.8782	0.2851
			0.1091	0.2634	-0.9585
			-0.9169	0.3992	0.0053
			-0.384	-0.8782	-0.2851
			-0.1091	-0.2634	0.9585
			0.9169	-0.3992	-0.0053
		b:
			-3.9506
			184.3522
			159.3548
			315.6302
			159.7896
			485.6677
			551.1713
			-198.1237
			-136.1407
			-546.1713
			202.1237
			140.1407


===========================================================================================
===========================================================================================
S10:
	q_c:	51.0	106.0	418.0
	ub :	74.265	126.4821	441.7097
	lb :	24.0704	86.4605	389.6968

	==================================================================================
	Q1:
		Shape: Hybrid
		q_c:	39.5	110.5	405.5
		ub :	54.1393	122.599	421.3032
		lb :	24.8607	98.401	389.6968
		P^-1:
			0.013	0.0008	-0.0055
			0.0008	0.0109	0.0005
			-0.0055	0.0005	0.0114
		A:
			-0.8242	-0.3909	0.4097
			-0.7462	0.4517	0.489
			0.2204	0.7257	-0.6518
			0.5407	0.7365	-0.4063
			-0.1527	-0.0433	0.9873
			0.3833	-0.1234	-0.9153
		b:
			94.6092
			223.2207
			-169.5497
			-57.1805
			395.6734
			-364.7735
	==================================================================================
	Q2:
		Shape: Polyhedra
		q_c:	59.5	113.5	430.5
		ub :	70.7842	121.3385	438.0
		lb :	48.2158	105.6615	423.0
		A:
			0.5093	-0.2287	0.8296
			0.2279	-0.8653	-0.4465
			-0.7962	-0.1888	-0.5748
			0.0401	0.5808	-0.8131
			-0.4323	-0.8879	0.1573
			-0.1337	-0.9884	0.072
			0.0959	0.8448	0.5264
			-0.0665	0.5331	-0.8435
			-0.9932	0.0458	0.1073
			-0.0959	-0.8448	-0.5264
			0.0665	-0.5331	0.8435
			0.9932	-0.0458	-0.1073
		b:
			367.2179
			-269.8759
			-307.7659
			-278.0545
			-52.1955
			-83.4005
			334.693
			-303.0662
			2.7985
			-321.693
			310.0662
			18.2015
	==================================================================================
	Q3:
		Shape: Hybrid
		q_c:	35.5	96.5	417.5
		ub :	46.2854	106.5395	428.2359
		lb :	24.7146	86.4605	406.7641
		P^-1:
			0.0232	-0.0015	0.0005
			-0.0015	0.0187	0.0016
			0.0005	0.0016	0.0232
		A:
			-0.2982	-0.3283	-0.8962
			0.1986	-0.8602	0.4696
			-0.3203	0.6657	0.674
			0.4423	-0.746	0.4978
			-0.2342	-0.9703	-0.0614
			0.6181	0.3225	-0.7169
		b:
			-413.1864
			124.1179
			337.6365
			155.3231
			-123.4324
			-242.5089
	==================================================================================
	Q4:
		Shape: Hybrid
		q_c:	65.0	116.0	422.0
		ub :	74.265	126.4821	434.0693
		lb :	55.735	105.5179	409.9307
		P^-1:
			0.0729	-0.0228	-0.0441
			-0.0228	0.0309	0.0071
			-0.0441	0.0071	0.0434
		A:
			-0.4565	0.4066	0.7914
			0.5367	-0.0282	-0.8433
			0.2841	-0.4902	-0.824
			0.7209	-0.104	-0.6852
			-0.1136	-0.981	0.1575
			-0.7779	0.4025	0.4826
		b:
			355.3802
			-321.2549
			-380.7169
			-252.5508
			-49.4138
			201.3543
	==================================================================================
	Q5:
		Shape: Hybrid
		q_c:	34.5	103.5	427.0
		ub :	44.9296	117.2555	441.7097
		lb :	24.0704	89.7445	412.2903
		P^-1:
			0.0192	0.002	0.0018
			0.002	0.0192	0.006
			0.0018	0.006	0.01
		A:
			-0.5095	-0.8542	0.1038
			-0.1658	0.676	0.718
			0.1685	0.6649	0.7277
			0.5607	-0.2453	0.7909
			-0.9058	-0.378	-0.1916
			0.6865	0.5527	0.4725
		b:
			-56.7369
			375.3553
			389.5943
			338.8037
			-148.5615
			286.1352
	==================================================================================
	Q6:
		Shape: Polyhedra
		q_c:	53.5	113.0	407.5
		ub :	63.6615	125.738	419.1677
		lb :	43.3385	100.262	395.8323
		A:
			-0.3424	0.8226	0.454
			-0.5776	-0.5222	0.6275
			-0.5491	0.7104	-0.4403
			-0.7902	0.1738	0.5877
			0.7664	-0.0279	-0.6418
			0.3693	0.9065	0.2046
			0.6231	0.7255	0.2922
			0.7819	-0.5875	-0.2084
			0.0205	0.3583	-0.9334
			-0.6231	-0.7255	-0.2922
			-0.7819	0.5875	0.2084
			-0.0205	-0.3583	0.9334
		b:
			266.447
			174.1229
			-121.3274
			223.6667
			-216.472
			213.8843
			242.8834
			-103.4885
			-330.2686
			-225.8834
			115.4885
			347.2686


===========================================================================================
===========================================================================================
S11:
	q_c:	309.0	534.0	95.0
	ub :	320.2761	550.2383	111.086
	lb :	290.437	520.3607	83.6644

	==================================================================================
	Q1:
		Shape: Hybrid
		q_c:	298.5	531.5	105.0
		ub :	305.5288	538.001	111.086
		lb :	291.4712	524.999	98.914
		P^-1:
			0.0776	0.0445	0.0241
			0.0445	0.0845	0.0423
			0.0241	0.0423	0.0934
		A:
			-0.4922	-0.8178	-0.2982
			-0.3012	-0.627	-0.7184
			0.0445	-0.4388	0.8975
			0.2714	0.6131	0.7419
			-0.6177	0.2711	0.7382
			0.0294	-0.7529	-0.6575
		b:
			-611.2905
			-497.2303
			-122.38
			486.2256
			40.074
			-458.3204
	==================================================================================
	Q2:
		Shape: Ellipse
		q_c:	305.0	538.5	102.0
		ub :	311.2546	545.7068	109.5226
		lb :	298.7454	531.2932	94.4774
		P^-1:
			0.072	-0.0054	-0.0111
			-0.0054	0.0631	0.0162
			-0.0111	0.0162	0.0369
	==================================================================================
	Q3:
		Shape: Hybrid
		q_c:	298.5	545.5	90.5
		ub :	305.244	550.2383	97.3356
		lb :	291.756	540.7617	83.6644
		P^-1:
			0.0649	-0.0355	-0.0148
			-0.0355	0.1304	0.0338
			-0.0148	0.0338	0.0635
		A:
			-0.9732	-0.2297	0.0086
			-0.4098	-0.4758	0.7783
			0.1185	0.9855	0.1212
			0.2106	0.7619	-0.6125
			0.9053	-0.125	-0.4059
			0.7662	-0.486	-0.4204
		b:
			-411.83
			-308.1986
			585.9039
			426.092
			168.0235
			-72.49
	==================================================================================
	Q4:
		Shape: Hybrid
		q_c:	300.5	528.0	102.5
		ub :	307.8467	535.6393	108.5482
		lb :	293.1533	520.3607	96.4518
		P^-1:
			0.0646	0.0177	0.025
			0.0177	0.0634	-0.029
			0.025	-0.029	0.0884
		A:
			-0.4524	-0.878	0.1565
			-0.0521	0.408	-0.9115
			0.6794	0.64	-0.3588
			-0.3636	-0.8873	-0.2836
			-0.8325	0.1797	-0.5241
			0.8939	-0.0153	0.4481
		b:
			-581.3527
			108.0107
			507.3999
			-603.9301
			-206.8045
			308.6511
	==================================================================================
	Q5:
		Shape: Polyhedra
		q_c:	298.0	537.0	92.0
		ub :	305.563	544.6225	99.7632
		lb :	290.437	529.3775	84.2368
		A:
			-0.1801	-0.2382	0.9544
			0.5008	0.1176	0.8575
			-0.8867	-0.0897	-0.4536
			0.4751	0.3537	0.8057
			0.4824	-0.8063	0.3423
			-0.7089	0.6851	-0.1676
			0.5537	0.6805	0.48
			-0.1832	0.6618	-0.7269
			-0.8123	0.3146	0.4911
			-0.5537	-0.6805	-0.48
			0.1832	-0.6618	0.7269
			0.8123	-0.3146	-0.4911
		b:
			-89.4273
			295.9111
			-349.3075
			410.4722
			-253.4576
			145.7939
			579.5753
			237.9216
			-22.944
			-569.5753
			-229.9216
			32.944
	==================================================================================
	Q6:
		Shape: Ellipse
		q_c:	313.5	532.5	101.0
		ub :	320.2761	539.8233	107.2115
		lb :	306.7239	525.1767	94.7885
		P^-1:
			0.055	0.0232	0.0068
			0.0232	0.0577	0.0061
			0.0068	0.0061	0.042


===========================================================================================
===========================================================================================
S12:
	q_c:	28.5	292.0	260.0
	ub :	51.8592	309.182	276.1683
	lb :	8.8799	272.1736	244.4721

	==================================================================================
	Q1:
		Shape: Hybrid
		q_c:	16.5	280.5	260.0
		ub :	24.1201	288.4334	265.2709
		lb :	8.8799	272.5666	254.7291
		P^-1:
			0.042	0.019	0.0041
			0.019	0.0449	-0.0038
			0.0041	-0.0038	0.0617
		A:
			-0.5477	-0.3343	0.767
			0.7273	0.0412	0.6851
			0.3721	0.3338	0.8661
			0.5503	0.7367	0.3929
			0.3687	0.5978	0.7118
			0.8749	0.2427	-0.4191
		b:
			98.8756
			204.1661
			326.9728
			319.9683
			361.0304
			-23.5922
	==================================================================================
	Q2:
		Shape: Ellipse
		q_c:	33.0	295.0	259.5
		ub :	40.76	302.8088	268.4267
		lb :	25.24	287.1912	250.5733
		P^-1:
			0.0332	-0.0008	0.0006
			-0.0008	0.0375	-0.0032
			0.0006	-0.0032	0.0354
	==================================================================================
	Q3:
		Shape: Polyhedra
		q_c:	30.5	282.0	252.0
		ub :	39.7886	291.8264	259.5279
		lb :	21.2114	272.1736	244.4721
		A:
			0.34	-0.0207	0.9402
			-0.551	-0.2146	-0.8065
			0.1346	-0.8509	0.5079
			-0.9309	0.0408	-0.363
			0.6804	0.7239	-0.1145
			0.6394	0.2035	0.7415
			0.5992	0.0467	0.7993
			-0.5157	-0.7412	0.4298
			0.6124	-0.6697	-0.42
			-0.5992	-0.0467	-0.7993
			0.5157	0.7412	-0.4298
			-0.6124	0.6697	0.42
		b:
			244.209
			-278.1308
			-102.2293
			-103.7905
			200.7632
			265.9352
			234.8459
			-111.4159
			-267.0225
			-230.8459
			121.4159
			285.0225
	==================================================================================
	Q4:
		Shape: Hybrid
		q_c:	43.5	301.0	263.5
		ub :	51.8592	309.182	270.1373
		lb :	35.1408	292.818	256.8627
		P^-1:
			0.0707	0.0414	-0.0038
			0.0414	0.0568	0.0228
			-0.0038	0.0228	0.0808
		A:
			-0.3394	-0.1082	-0.9344
			0.1794	-0.6265	-0.7585
			0.4919	0.87	-0.034
			-0.2657	-0.9583	0.1053
			0.0531	-0.421	-0.9055
			0.9291	0.3043	-0.2101
		b:
			-290.6857
			-377.9637
			276.9439
			-268.3695
			-361.1538
			78.9088
	==================================================================================
	Q5:
		Shape: Polyhedra
		q_c:	31.0	300.5	267.0
		ub :	41.4621	306.4823	274.0702
		lb :	20.5379	294.5177	259.9298
		A:
			-0.3057	0.914	0.2668
			-0.7095	0.6649	-0.2337
			0.1151	-0.3776	0.9188
			-0.0209	-0.132	-0.991
			0.2791	0.3465	0.8956
			0.0093	-0.9729	-0.231
			0.0945	0.7094	0.6984
			0.9465	0.1534	-0.2838
			-0.3085	0.6879	-0.657
			-0.0945	-0.7094	-0.6984
			-0.9465	-0.1534	0.2838
			0.3085	-0.6879	0.657
		b:
			340.0702
			121.2488
			139.6209
			-301.155
			354.8081
			-350.6808
			405.0887
			9.1576
			25.7372
			-400.0887
			9.8424
			-17.7372
	==================================================================================
	Q6:
		Shape: Hybrid
		q_c:	30.0	286.5	270.0
		ub :	35.9668	291.4498	276.1683
		lb :	24.0332	281.5502	263.8317
		P^-1:
			0.2135	0.1939	0.044
			0.1939	0.2594	0.0543
			0.044	0.0543	0.0609
		A:
			-0.7578	-0.5999	-0.2566
			0.7749	0.6265	-0.0838
			-0.7566	-0.6529	-0.0358
			-0.939	-0.3268	-0.1071
			0.233	0.8585	0.4568
			-0.3348	-0.9248	-0.1807
		b:
			-262.8902
			181.358
			-218.4388
			-148.7321
			378.1929
			-322.2558


===========================================================================================
===========================================================================================
S13:
	q_c:	95.0	519.5	223.5
	ub :	106.3906	533.2067	235.7831
	lb :	83.027	513.5818	215.4725

	==================================================================================
	Q1:
		Shape: Polyhedra
		q_c:	103.0	528.0	220.5
		ub :	106.3906	531.835	224.1817
		lb :	99.6094	524.165	216.8183
		A:
			0.521	0.4783	0.707
			-0.9457	0.2359	-0.2238
			-0.1404	-0.8841	-0.4457
			-0.7818	-0.3336	0.5268
			0.9486	-0.2203	-0.2273
			0.7518	-0.5746	-0.3236
			0.7815	0.5821	0.2244
			0.6165	-0.7757	-0.135
			0.0954	0.2439	-0.9651
			-0.7815	-0.5821	-0.2244
			-0.6165	0.7757	0.135
			-0.0954	-0.2439	0.9651
		b:
			464.4098
			-19.8938
			-577.2692
			-137.9826
			-66.3343
			-294.7634
			439.3264
			-373.3339
			-71.2142
			-435.3264
			378.3339
			77.2142
	==================================================================================
	Q2:
		Shape: Hybrid
		q_c:	94.5	523.0	223.0
		ub :	99.4212	528.892	227.6721
		lb :	89.5788	517.108	218.3279
		P^-1:
			0.0789	0.0088	-0.0016
			0.0088	0.0531	0.0053
			-0.0016	0.0053	0.0807
		A:
			-0.2811	-0.3674	-0.8866
			-0.9407	-0.1573	0.3006
			-0.4033	0.6788	-0.6136
			-0.1295	0.4442	0.8865
			0.6344	-0.2395	-0.735
			0.381	0.2509	-0.8899
		b:
			-414.6711
			-102.3413
			182.6
			419.6082
			-227.3907
			-29.385
	==================================================================================
	Q3:
		Shape: Polyhedra
