3D_30_6_6_a                l = 3

===========================================================================================
===========================================================================================
S1:
	q_c:	180.0	307.0	298.5
	ub :	189.6894	314.958	306.6385
	lb :	177.096	300.6498	290.9625

	==================================================================================
	Q1:
		Shape: Hybrid
		q_c:	182.5	310.0	303.0
		ub :	185.2494	312.8129	305.7571
		lb :	179.7506	307.1871	300.2429
		P^-1:
			0.3503	0.0118	0.0984
			0.0118	0.1626	-0.0095
			0.0984	-0.0095	0.3415
		A:
			-0.8312	-0.5408	-0.1293
			0.941	-0.0962	-0.3246
			0.4726	-0.7623	0.4422
			0.5331	-0.526	0.6627
			-0.9799	0.0803	-0.1828
			0.5051	-0.58	-0.6391
		b:
			-357.36
			44.7695
			-14.7049
			136.1212
			-208.3891
			-279.7625
	==================================================================================
	Q2:
		Shape: Ellipse
		q_c:	181.0	311.5	298.0
		ub :	184.0666	314.2279	301.8816
		lb :	177.9334	308.7721	294.1184
		P^-1:
			0.3254	-0.0981	0.0347
			-0.0981	0.3622	0.0073
			0.0347	0.0073	0.0885
	==================================================================================
	Q3:
		Shape: Polyhedra
		q_c:	180.0	310.5	295.5
		ub :	182.904	314.958	299.8876
		lb :	177.096	306.042	291.1124
		A:
			-0.5539	0.6384	0.5345
			0.5731	-0.2901	-0.7665
			-0.6324	0.3911	0.6687
			0.6907	0.0683	-0.7199
			-0.4792	0.1861	-0.8578
			0.5197	-0.6608	-0.5415
			0.631	0.3692	0.6823
			0.068	0.8498	-0.5227
			-0.7728	0.3763	0.5111
			-0.631	-0.3692	-0.6823
			-0.068	-0.8498	0.5227
			0.7728	-0.3763	-0.5111
		b:
			257.899
			-211.9798
			206.3693
			-65.2927
			-278.7534
			-270.1219
			432.8326
			125.1307
			129.7649
			-426.8326
			-118.1307
			-127.7649
	==================================================================================
	Q4:
		Shape: Polyhedra
		q_c:	185.0	306.0	296.5
		ub :	189.6894	309.4602	301.5462
		lb :	180.3106	302.5398	291.4538
		A:
			-0.8173	-0.5748	-0.0404
			-0.2921	0.9262	0.2383
			0.5938	0.7204	0.3584
			0.3061	0.9129	-0.2699
			-0.1719	0.9686	-0.1798
			0.836	0.4441	0.3222
			0.3213	0.916	0.2404
			0.8789	-0.3829	0.2844
			0.3525	0.1199	-0.9281
			-0.3213	-0.916	-0.2404
			-0.8789	0.3829	-0.2844
			-0.3525	-0.1199	0.9281
		b:
			-336.4982
			302.501
			438.7072
			258.5629
			213.7658
			388.5876
			412.9912
			132.7431
			-169.2807
			-408.9912
			-126.7431
			177.2807
	==================================================================================
	Q5:
		Shape: Hybrid
		q_c:	184.0	303.5	303.5
		ub :	187.1229	306.3502	306.6385
		lb :	180.8771	300.6498	300.3615
		P^-1:
			0.2639	0.0394	-0.0309
			0.0394	0.3619	-0.0877
			-0.0309	-0.0877	0.3186
		A:
			0.0724	0.4798	-0.8744
			-0.0185	-0.4501	0.8928
			0.3555	0.9034	0.2397
			0.2112	-0.6523	0.7279
			0.0117	-0.4409	-0.8975
			-0.4157	-0.1856	0.8904
		b:
			-105.5734
			131.8372
			413.4129
			62.6917
			-402.8126
			138.3895
	==================================================================================
	Q6:
		Shape: Hybrid
		q_c:	184.5	309.5	294.5
		ub :	186.8498	312.4994	298.0375
		lb :	182.1502	306.5006	290.9625
		P^-1:
			0.425	0.0369	0.0689
			0.0369	0.3745	-0.1306
			0.0689	-0.1306	0.2005
		A:
			0.029	0.7835	-0.6207
			0.7361	-0.1534	0.6593
			-0.6425	0.6586	-0.3918
			-0.9311	0.2756	0.239
			-0.9767	0.2068	0.0572
			-0.983	0.1622	-0.0858
		b:
			65.8543
			283.4673
			-29.3191
			-14.7819
			-98.322
			-155.5729


===========================================================================================
===========================================================================================
S2:
	q_c:	64.5	236.5	403.5
	ub :	77.9519	245.539	411.1181
	lb :	54.7423	227.8851	395.51

	==================================================================================
	Q1:
		Shape: Polyhedra
		q_c:	65.0	232.5	400.0
		ub :	70.0645	236.4589	404.49
		lb :	59.9355	228.5411	395.51
		A:
			-0.2165	-0.8796	-0.4237
			0.3175	-0.8693	-0.3789
			0.0921	-0.9193	0.3826
			0.2856	-0.9244	-0.2529
			-0.2941	-0.4865	0.8227
			0.6531	0.3633	0.6644
			0.1484	0.5766	0.8034
			-0.0868	0.8169	-0.5702
			-0.9851	0.0148	0.1713
			-0.1484	-0.5766	-0.8034
			0.0868	-0.8169	0.5702
			0.9851	-0.0148	-0.1713
		b:
			-385.3804
			-330.0037
			-51.7207
			-294.5159
			200.1483
			395.8848
			467.5801
			-40.8048
			12.4294
			-462.5801
			46.8048
			-3.4294
	==================================================================================
	Q2:
		Shape: Ellipse
		q_c:	60.5	237.0	405.0
		ub :	65.2123	241.0652	409.3161
		lb :	55.7877	232.9348	400.6839
		P^-1:
			0.1754	0.1138	-0.0877
			0.1138	0.2351	-0.1375
			-0.0877	-0.1375	0.2267
	==================================================================================
	Q3:
		Shape: Polyhedra
		q_c:	73.0	239.0	406.0
		ub :	77.9519	242.4313	411.1181
		lb :	68.0481	235.5687	400.8819
		A:
			0.473	0.8452	-0.2487
			-0.5787	0.8075	-0.1145
			0.1435	-0.8101	0.5684
			0.1149	-0.9412	-0.3177
			0.1808	-0.0994	-0.9785
			-0.232	0.9491	0.2129
			0.7409	0.2776	0.6116
			-0.6716	0.3136	0.6713
			-0.0054	-0.9081	0.4188
			-0.7409	-0.2776	-0.6116
			0.6716	-0.3136	-0.6713
			0.0054	0.9081	-0.4188
		b:
			137.7309
			106.7532
			49.3016
			-342.8883
			-404.4692
			298.8459
			372.2188
			301.9715
			-45.9048
			-365.2188
			-294.9715
			48.9048
	==================================================================================
	Q4:
		Shape: Hybrid
		q_c:	61.0	242.0	406.0
		ub :	63.871	245.539	409.3831
		lb :	58.129	238.461	402.6169
		P^-1:
			0.2919	-0.1316	-0.053
			-0.1316	0.2912	0.0529
			-0.053	0.0529	0.1813
		A:
			0.783	-0.6152	0.0925
			-0.4053	-0.4124	-0.8159
			0.3871	-0.9177	0.089
			-0.8136	0.2039	-0.5445
			0.14	-0.9784	-0.1521
			0.1105	0.3344	-0.9359
		b:
			-62.6352
			-454.0672
			-161.304
			-219.8373
			-288.8147
			-290.5746
	==================================================================================
	Q5:
		Shape: Hybrid
		q_c:	62.0	230.5	404.5
		ub :	65.0373	233.1149	407.2653
		lb :	58.9627	227.8851	401.7347
		P^-1:
			0.3434	0.0854	0.0463
			0.0854	0.3281	0.0423
			0.0463	0.0423	0.2729
		A:
			-0.1867	-0.9008	-0.392
			0.4595	0.8529	-0.2479
			-0.9551	-0.2067	-0.2125
			0.0811	-0.8014	-0.5926
			0.2169	0.866	0.4506
			-0.0402	-0.8103	-0.5846
		b:
			-376.8693
			125.7569
			-191.9102
			-418.3405
			396.2287
			-424.7515
	==================================================================================
	Q6:
		Shape: Polyhedra
		q_c:	59.0	240.0	402.5
		ub :	63.2577	244.5605	405.9985
		lb :	54.7423	235.4395	399.0015
		A:
			-0.9903	0.0865	-0.1083
			-0.7971	0.0556	-0.6013
			0.7112	0.6245	0.3227
			-0.2003	-0.7245	-0.6595
			0.0348	-0.3707	-0.9281
			-0.7972	-0.3686	-0.4782
			0.7258	0.4345	0.5333
			0.5383	-0.8414	-0.0471
			0.4283	0.3212	-0.8446
			-0.7258	-0.4345	-0.5333
			-0.5383	0.8414	0.0471
			-0.4283	-0.3212	0.8446
		b:
			-78.7242
			-273.5964
			323.4237
			-448.8194
			-457.8759
			-326.4221
			363.2618
			-185.6272
			-234.5848
			-360.2618
			192.6272
			240.5848


===========================================================================================
===========================================================================================
S3:
	q_c:	128.5	152.5	240.5
	ub :	136.6368	158.3569	250.1589
	lb :	122.658	146.7671	234.7265

	==================================================================================
	Q1:
		Shape: Polyhedra
		q_c:	125.5	154.5	239.5
		ub :	128.342	156.6728	242.3538
		lb :	122.658	152.3272	236.6462
		A:
			-0.4653	-0.8504	-0.2455
			0.9861	-0.1073	-0.1267
			0.6068	-0.711	-0.3554
			0.2235	-0.799	0.5583
			0.3628	0.8937	0.2639
			0.1241	0.8524	-0.508
			0.8427	0.0261	0.5378
			-0.3649	-0.7067	0.6061
			0.3959	-0.707	-0.586
			-0.8427	-0.0261	-0.5378
			0.3649	0.7067	-0.6061
			-0.3959	0.707	0.586
		b:
			-246.9058
			78.7397
			-116.8191
			39.7341
			248.5186
			26.7303
			240.5837
			-8.8393
			-197.9044
			-236.5837
			10.8393
			201.9044
	==================================================================================
	Q2:
		Shape: Ellipse
		q_c:	133.5	154.5	240.0
		ub :	136.6368	156.546	243.2298
		lb :	130.3632	152.454	236.7702
		P^-1:
			0.2136	0.0006	0.0442
			0.0006	0.25	-0.0007
			0.0442	-0.0007	0.1964
	==================================================================================
	Q3:
		Shape: Ellipse
		q_c:	127.5	154.0	238.5
		ub :	130.0426	156.2164	240.8589
		lb :	124.9574	151.7836	236.1411
		P^-1:
			0.2954	-0.0091	0.1011
			-0.0091	0.706	0.2945
			0.1011	0.2945	0.6931
	==================================================================================
	Q4:
		Shape: Ellipse
		q_c:	130.5	150.5	246.0
		ub :	134.6521	154.2329	250.1589
		lb :	126.3479	146.7671	241.8411
		P^-1:
			0.1735	-0.043	0.0195
			-0.043	0.1604	-0.0505
			0.0195	-0.0505	0.1872
	==================================================================================
	Q5:
		Shape: Hybrid
		q_c:	128.0	155.5	243.0
		ub :	130.2453	158.3569	246.3682
		lb :	125.7547	152.6431	239.6318
		P^-1:
			0.4161	-0.0271	-0.0807
			-0.0271	0.2416	-0.0213
			-0.0807	-0.0213	0.1967
		A:
			0.7832	0.5901	0.196
			-0.5337	0.725	0.4354
			0.4113	0.9088	-0.0707
			-0.6798	-0.1549	0.7169
			-0.733	-0.1718	0.6582
			-0.0732	-0.9427	-0.3257
		b:
			240.9269
			151.3796
			178.0588
			64.0901
			40.3411
			-233.6298
	==================================================================================
	Q6:
		Shape: Hybrid
		q_c:	127.0	154.0	238.0
		ub :	129.6896	156.5732	241.2735
		lb :	124.3104	151.4268	234.7265
		P^-1:
			0.4006	-0.0534	0.0877
			-0.0534	0.3793	0.1069
			0.0877	0.1069	0.269
		A:
			0.6186	-0.6923	-0.3716
			0.2449	-0.6211	-0.7445
			0.5162	-0.8153	0.2624
			-0.3429	-0.4495	0.8248
			0.1592	-0.9741	0.1607
			0.4109	0.4434	0.7966
		b:
			-115.6768
			-240.7922
			3.3978
			85.2771
			-90.4553
			310.8888


===========================================================================================
===========================================================================================
S4:
	q_c:	324.5	363.0	386.5
	ub :	337.7198	374.7284	398.42
	lb :	313.4181	356.3451	376.6067

	==================================================================================
	Q1:
		Shape: Ellipse
		q_c:	333.0	362.5	384.0
		ub :	337.7198	368.6549	389.9691
		lb :	328.2802	356.3451	378.0309
		P^-1:
			0.118	-0.016	-0.0362
			-0.016	0.0698	0.0325
			-0.0362	0.0325	0.1032
	==================================================================================
	Q2:
		Shape: Ellipse
		q_c:	331.5	366.0	381.5
		ub :	337.0367	372.3459	386.3933
		lb :	325.9633	359.6541	376.6067
		P^-1:
			0.1729	-0.0638	-0.0741
			-0.0638	0.0709	0.0328
			-0.0741	0.0328	0.1087
	==================================================================================
	Q3:
		Shape: Hybrid
		q_c:	319.5	370.0	385.0
		ub :	324.3498	374.7284	389.1072
		lb :	314.6502	365.2716	380.8928
		P^-1:
			0.1181	-0.0076	0.0153
			-0.0076	0.1194	-0.0167
			0.0153	-0.0167	0.1447
		A:
			0.7171	-0.3161	0.6212
			-0.2088	0.3062	-0.9288
			0.902	-0.3986	-0.1661
			0.8793	-0.4745	0.0419
			0.7373	0.2403	-0.6314
			-0.146	0.7904	0.595
		b:
			352.6492
			-309.7154
			78.4401
			123.11
			83.0762
			476.588
	==================================================================================
	Q4:
		Shape: Hybrid
		q_c:	327.0	363.5	394.0
		ub :	331.3798	367.0889	398.42
		lb :	322.6202	359.9111	389.58
		P^-1:
			0.2073	-0.141	-0.0799
			-0.141	0.3262	0.048
			-0.0799	0.048	0.1526
		A:
			0.3634	-0.5972	-0.715
			0.7948	-0.38	-0.4732
			0.3467	-0.6384	-0.6872
			0.5966	-0.8024	-0.0157
			-0.4433	0.5967	0.6689
			-0.4635	0.8129	-0.3528
		b:
			-378.7202
			-63.5671
			-388.1925
			-101.8796
			336.6142
			6.247
	==================================================================================
	Q5:
		Shape: Polyhedra
		q_c:	322.0	366.0	386.0
		ub :	329.9613	372.267	394.1787
		lb :	314.0387	359.733	377.8213
		A:
			-0.119	-0.008	-0.9929
			-0.0538	-0.9646	-0.2582
			-0.3917	-0.813	0.4309
			0.1192	-0.6981	-0.706
			0.7937	-0.1679	0.5847
			-0.4072	0.7331	-0.5448
			0.3364	0.814	0.4736
			0.7217	0.1002	-0.6849
			-0.605	0.5722	-0.5537
			-0.3364	-0.814	-0.4736
			-0.7217	-0.1002	0.6849
			0.605	-0.5722	0.5537
		b:
			-419.7026
			-465.6392
			-252.2843
			-484.7153
			423.5718
			-69.4886
			593.5363
			10.6741
			-195.624
			-584.5363
			1.3259
			202.624
	==================================================================================
	Q6:
		Shape: Hybrid
		q_c:	317.5	361.0	382.5
		ub :	321.5819	364.0868	386.2625
		lb :	313.4181	357.9132	378.7375
		P^-1:
			0.1233	-0.0393	-0.0017
			-0.0393	0.2375	0.0056
			-0.0017	0.0056	0.1114
		A:
			-0.7884	0.547	0.2815
			-0.2911	-0.8836	0.3667
			0.3329	-0.1008	0.9376
			-0.3709	-0.2778	-0.8862
			0.9577	0.2488	-0.1447
			-0.6787	0.6533	0.3354
		b:
			56.3123
			-269.6494
			429.8867
			-555.0262
			340.5444
			150.0056


===========================================================================================
===========================================================================================
S5:
	q_c:	140.0	509.5	449.5
	ub :	148.4829	524.2007	459.3974
	lb :	129.9122	495.9484	443.1994

	==================================================================================
	Q1:
		Shape: Ellipse
		q_c:	139.5	508.5	456.5
		ub :	144.8387	513.6993	458.7394
		lb :	134.1613	503.3007	454.2606
		P^-1:
			0.0727	0.0022	0.0616
			0.0022	0.063	0.0134
			0.0616	0.0134	0.4337
	==================================================================================
	Q2:
		Shape: Ellipse
		q_c:	144.0	506.0	450.5
		ub :	148.4829	511.4306	455.8489
		lb :	139.5171	500.5694	445.1511
		P^-1:
			0.1068	0.0075	0.014
			0.0075	0.0409	0.0021
			0.014	0.0021	0.0528
	==================================================================================
	Q3:
		Shape: Polyhedra
		q_c:	136.0	519.0	448.0
		ub :	140.7308	524.2007	452.8006
		lb :	131.2692	513.7993	443.1994
		A:
			-0.5917	-0.7461	0.3055
			0.3684	-0.489	0.7906
			0.3311	0.9078	0.2576
			-0.808	-0.4446	-0.3866
			0.4715	-0.7671	-0.435
			0.9612	0.2503	0.1159
			0.1663	0.6383	0.7516
			-0.7625	0.5665	-0.3124
			-0.6252	-0.5212	0.5809
			-0.1663	-0.6383	-0.7516
			0.7625	-0.5665	0.3124
			0.6252	0.5212	-0.5809
		b:
			-328.2595
			153.7337
			634.435
			-510.8463
			-525.677
			315.57
			693.6144
			53.8769
			-92.7625
			-687.6144
			-46.8769
			97.7625
	==================================================================================
	Q4:
		Shape: Polyhedra
		q_c:	138.5	513.0	454.0
		ub :	143.2647	516.6398	458.0305
		lb :	133.7353	509.3602	449.9695
		A:
			0.9372	0.2469	0.2463
			0.1939	-0.4217	0.8857
			0.2118	0.3047	-0.9286
			-0.7749	-0.0966	0.6247
			0.5751	-0.4826	0.6606
			-0.8814	0.0696	0.4673
			0.8675	0.3296	0.3726
			0.2807	-0.9427	0.1803
			0.4107	-0.0518	-0.9103
			-0.8675	-0.3296	-0.3726
			-0.2807	0.9427	-0.1803
			-0.4107	0.0518	0.9103
		b:
			371.7839
			215.2925
			-233.4027
			129.4893
			134.8904
			128.6258
			461.8651
			-360.3864
			-380.4911
			-454.8651
			365.3864
			385.4911
	==================================================================================
	Q5:
		Shape: Hybrid
		q_c:	142.5	500.5	453.0
		ub :	147.8095	505.0516	459.3974
		lb :	137.1905	495.9484	446.6026
		P^-1:
			0.0826	-0.0077	0.0111
			-0.0077	0.1069	-0.0092
			0.0111	-0.0092	0.0363
		A:
			-0.4886	-0.6824	-0.5437
			0.3618	0.9304	-0.0582
			0.6089	0.7522	-0.252
			0.4511	-0.7119	-0.5382
			-0.5056	0.7329	-0.4553
			-0.0983	0.9868	-0.1285
		b:
			-654.934
			492.6028
			351.1634
			-532.9618
			90.3263
			423.2161
	==================================================================================
	Q6:
		Shape: Ellipse
		q_c:	135.5	516.5	451.5
		ub :	141.0878	522.6359	456.5344
		lb :	129.9122	510.3641	446.4656
		P^-1:
			0.0932	-0.0226	-0.0166
			-0.0226	0.0827	-0.0209
			-0.0166	-0.0209	0.0957


===========================================================================================
===========================================================================================
S6:
	q_c:	226.5	154.0	364.0
	ub :	243.5877	178.3927	382.5531
	lb :	206.4645	133.76	342.4984

	==================================================================================
	Q1:
		Shape: Hybrid
		q_c:	217.5	156.5	361.5
		ub :	227.9003	166.0739	372.6492
		lb :	207.0997	146.9261	350.3508
		P^-1:
			0.0332	0.0174	0.0075
			0.0174	0.0379	0.0169
			0.0075	0.0169	0.0289
		A:
			0.8995	0.201	-0.388
			-0.8307	-0.5423	0.1257
			0.9844	-0.1234	-0.1258
			-0.0747	0.5265	0.8469
			-0.2417	-0.4818	-0.8423
			0.253	0.5196	0.8161
		b:
			90.9218
			-216.8741
			153.9219
			375.6525
			-429.5061
			434.1729
	==================================================================================
	Q2:
		Shape: Ellipse
		q_c:	227.0	167.5	375.0
		ub :	235.8867	175.486	382.5531
		lb :	218.1133	159.514	367.4469
		P^-1:
			0.0245	0.0043	0.004
			0.0043	0.0878	-0.0652
			0.004	-0.0652	0.1012
	==================================================================================
	Q3:
		Shape: Ellipse
		q_c:	215.5	142.5	371.5
		ub :	223.9692	151.24	378.7174
		lb :	207.0308	133.76	364.2826
		P^-1:
			0.0299	-0.0132	-0.0032
			-0.0132	0.0397	0.0012
			-0.0032	0.0012	0.0332
	==================================================================================
	Q4:
		Shape: Polyhedra
		q_c:	223.5	162.0	352.0
		ub :	232.056	168.8274	361.5016
		lb :	214.944	155.1726	342.4984
		A:
			-0.9912	-0.0967	-0.0908
			0.4621	0.4403	0.7698
			0.0663	0.0591	0.996
			0.7778	-0.0972	0.6209
			-0.8282	-0.0941	-0.5525
			-0.8327	-0.3908	0.3922
			0.8883	0.0452	0.4571
			-0.4593	0.0833	0.8844
			0.0019	-0.9955	0.0948
			-0.8883	-0.0452	-0.4571
			0.4593	-0.0833	-0.8844
			-0.0019	0.9955	-0.0948
		b:
			-263.0221
			451.8489
			381.7515
			382.6954
			-388.8162
			-104.8657
			372.7358
			229.151
			-121.4913
			-360.7358
			-215.151
			133.4913
	==================================================================================
	Q5:
		Shape: Ellipse
		q_c:	215.5	157.5	372.0
		ub :	224.5355	165.4298	380.6839
		lb :	206.4645	149.5702	363.3161
		P^-1:
			0.0354	0.0074	-0.0091
			0.0074	0.0479	-0.0132
			-0.0091	-0.0132	0.04
	==================================================================================
	Q6:
		Shape: Hybrid
		q_c:	235.5	169.5	365.5
		ub :	243.5877	178.3927	373.3615
		lb :	227.4123	160.6073	357.6385
		P^-1:
			0.0237	0.0002	0.0003
			0.0002	0.0359	0.018
			0.0003	0.018	0.0503
		A:
			0.6718	0.2136	0.7092
			-0.3511	-0.8663	-0.3554
			-0.3937	0.482	-0.7827
			0.559	0.4309	0.7084
			0.6917	0.6949	-0.1966
			0.6819	-0.5284	-0.5057
		b:
			457.0263
			-356.3108
			-292.8976
			466.5107
			213.1994
			-110.4178


===========================================================================================
===========================================================================================
