3D_35_14_6_c                l = 3

===========================================================================================
===========================================================================================
S1:
	q_c:	368.5	328.5	308.5
	ub :	386.4755	351.82	333.7893
	lb :	351.0995	306.4353	290.2941

	==================================================================================
	Q1:
		Shape: Polyhedra
		q_c:	368.5	344.0	299.5
		ub :	377.8201	351.82	308.7059
		lb :	359.1799	336.18	290.2941
		A:
			-0.5782	-0.7327	-0.359
			0.2119	0.1432	0.9667
			0.3178	-0.384	0.8669
			0.1945	0.9637	0.1828
			-0.4335	0.659	-0.6147
			-0.5727	0.8144	0.0931
			0.4436	0.7972	0.4096
			0.6815	-0.0033	-0.7318
			-0.582	0.6038	-0.5448
			-0.4436	-0.7972	-0.4096
			-0.6815	0.0033	0.7318
			0.582	-0.6038	0.5448
		b:
			-566.6435
			422.416
			249.8076
			463.8186
			-112.1234
			102.3176
			566.3601
			36.3435
			-164.9227
			-554.3601
			-25.3435
			174.9227
	==================================================================================
	Q2:
		Shape: Hybrid
		q_c:	376.5	314.0	299.0
		ub :	386.4755	321.3985	307.0097
		lb :	366.5245	306.6015	290.9903
		P^-1:
			0.0195	-0.0039	0.0022
			-0.0039	0.0319	0.001
			0.0022	0.001	0.0272
		A:
			-0.0019	-0.6841	-0.7294
			0.3651	-0.9302	-0.0382
			0.5641	-0.5629	-0.6041
			-0.6101	0.6056	0.5108
			0.7463	0.5326	0.3992
			-0.8962	-0.3061	-0.3212
		b:
			-430.6047
			-163.2987
			-141.5337
			116.6172
			571.6472
			-525.2382
	==================================================================================
	Q3:
		Shape: Polyhedra
		q_c:	367.5	320.5	323.0
		ub :	377.3777	326.5657	333.7893
		lb :	357.6223	314.4343	312.2107
		A:
			0.0633	-0.8357	-0.5456
			0.5759	0.1841	-0.7965
			-0.3619	0.825	0.4341
			0.7289	-0.5384	-0.4229
			0.156	-0.8143	-0.5591
			0.1763	-0.7855	-0.5932
			0.8947	0.0807	0.4393
			-0.258	0.8962	0.361
			-0.3645	-0.4363	0.8226
			-0.8947	-0.0807	-0.4393
			0.258	-0.8962	-0.361
			0.3645	0.4363	-0.8226
		b:
			-418.0193
			21.5281
			273.9506
			-36.6127
			-381.5839
			-375.6926
			503.5526
			310.9911
			0.4077
			-489.5526
			-306.9911
			16.5923
	==================================================================================
	Q4:
		Shape: Hybrid
		q_c:	361.5	325.0	305.0
		ub :	370.5867	334.7924	313.5696
		lb :	352.4133	315.2076	296.4304
		P^-1:
			0.0318	-0.0029	-0.0086
			-0.0029	0.0287	0.0086
			-0.0086	0.0086	0.0403
		A:
			-0.3874	-0.7497	0.5365
			-0.1477	-0.871	-0.4685
			0.5846	-0.3958	0.7082
			0.5563	-0.3436	0.7566
			-0.4988	-0.0629	0.8644
			-0.0783	0.7092	0.7007
		b:
			-216.1552
			-476.1228
			302.8249
			324.2506
			65.5655
			418.5451
	==================================================================================
	Q5:
		Shape: Polyhedra
		q_c:	363.0	322.0	306.0
		ub :	374.9005	330.9591	318.2227
		lb :	351.0995	313.0409	293.7773
		A:
			-0.3654	0.8244	-0.4323
			-0.7493	0.6622	-0.0092
			-0.3722	0.3664	-0.8528
			0.0118	0.4757	0.8795
			0.0346	-0.8411	0.5398
			-0.0751	0.6992	-0.711
			0.5025	0.6846	0.528
			-0.54	0.7255	-0.4268
			-0.6752	-0.0707	0.7342
			-0.5025	-0.6846	-0.528
			0.54	-0.7255	0.4268
			0.6752	0.0707	-0.7342
		b:
			4.3312
			-56.6069
			-272.5346
			435.0925
			-87.8154
			-14.3141
			572.9244
			-89.4934
			-34.7009
			-555.9244
			96.4934
			51.7009
	==================================================================================
	Q6:
		Shape: Ellipse
		q_c:	365.0	315.0	317.5
		ub :	373.2965	323.5647	323.5385
		lb :	356.7035	306.4353	311.4615
		P^-1:
			0.3951	0.3394	-0.3348
			0.3394	0.3231	-0.3011
			-0.3348	-0.3011	0.3233


===========================================================================================
===========================================================================================
S2:
	q_c:	401.5	453.0	43.0
	ub :	421.0225	476.6601	66.0961
	lb :	379.2098	428.436	20.3251

	==================================================================================
	Q1:
		Shape: Polyhedra
		q_c:	399.0	450.5	42.5
		ub :	406.2161	458.6126	48.4696
		lb :	391.7839	442.3874	36.5304
		A:
			-0.8253	-0.4193	0.3782
			0.6235	0.323	-0.7119
			0.359	0.7162	-0.5985
			-0.819	-0.3698	0.4387
			-0.8197	-0.4274	-0.3814
			0.7553	-0.4077	0.5131
			0.0566	0.2515	0.9662
			0.7248	0.6552	-0.213
			-0.6866	0.7124	-0.1452
			-0.0566	-0.2515	-0.9662
			-0.7248	-0.6552	0.213
			0.6866	-0.7124	0.1452
		b:
			-499.0814
			367.3991
			444.2485
			-471.5463
			-531.9162
			146.4635
			181.4373
			577.8127
			48.3165
			-172.4373
			-572.8127
			-33.3165
	==================================================================================
	Q2:
		Shape: Hybrid
		q_c:	403.0	466.5	31.5
		ub :	414.1735	476.6601	42.6749
		lb :	391.8265	456.3399	20.3251
		P^-1:
			0.0428	-0.03	-0.0177
			-0.03	0.0525	0.0027
			-0.0177	0.0027	0.0284
		A:
			0.6538	-0.3066	-0.6918
			-0.1132	-0.2823	0.9526
			-0.9155	0.1117	0.3866
			-0.4882	0.3039	0.8181
			0.1317	-0.9759	-0.1738
			-0.9851	0.1046	0.1363
		b:
			101.1864
			-142.7674
			-300.9147
			-25.9179
			-403.6109
			-338.9883
	==================================================================================
	Q3:
		Shape: Ellipse
		q_c:	394.5	437.0	47.5
		ub :	401.8618	445.564	55.873
		lb :	387.1382	428.436	39.127
		P^-1:
			0.0854	0.0138	0.0368
			0.0138	0.0307	0.0101
			0.0368	0.0101	0.0465
	==================================================================================
	Q4:
		Shape: Ellipse
		q_c:	414.5	450.5	59.0
		ub :	421.0225	456.686	66.0961
		lb :	407.9775	444.314	51.9039
		P^-1:
			0.0623	0.0197	0.017
			0.0197	0.0667	0.0282
			0.017	0.0282	0.0714
	==================================================================================
	Q5:
		Shape: Polyhedra
		q_c:	388.0	461.0	40.5
		ub :	396.7902	472.751	50.7628
		lb :	379.2098	449.249	30.2372
		A:
			0.875	-0.321	0.3624
			0.0803	0.7913	0.6062
			0.8466	-0.0707	-0.5275
			-0.4254	0.0104	-0.9049
			0.6531	-0.1452	0.7432
			0.6228	-0.0698	0.7792
			0.0724	0.5599	0.8254
			0.3653	0.7552	-0.5443
			-0.9281	0.3409	-0.1499
			-0.0724	-0.5599	-0.8254
			-0.3653	-0.7552	0.5443
			0.9281	-0.3409	0.1499
		b:
			211.7654
			426.3773
			281.2411
			-190.8882
			222.4174
			246.8064
			325.1363
			476.8199
			-203.5035
			-314.1363
			-458.8199
			214.5035
	==================================================================================
	Q6:
		Shape: Polyhedra
		q_c:	401.5	457.5	44.0
		ub :	409.7926	464.133	52.0701
		lb :	393.2074	450.867	35.9299
		A:
			0.8176	-0.3508	0.4566
			-0.6851	-0.7238	0.0818
			-0.6484	0.5873	0.4844
			0.7732	0.6241	-0.1129
			0.4202	0.9047	-0.0707
			0.4366	-0.7163	-0.5444
			0.4886	0.8526	0.1852
			0.853	-0.5114	0.1037
			0.1831	0.1073	-0.9772
			-0.4886	-0.8526	-0.1852
			-0.853	0.5114	-0.1037
			-0.1831	-0.1073	0.9772
		b:
			194.321
			-598.9378
			36.1149
			595.0555
			582.9236
			-170.3606
			597.4068
			119.5877
			86.6001
			-591.4068
			-106.5877
			-72.6001


===========================================================================================
===========================================================================================
S3:
	q_c:	74.5	253.0	234.0
	ub :	95.6348	267.0251	238.7979
	lb :	61.1796	241.9253	219.9233

	==================================================================================
	Q1:
		Shape: Hybrid
		q_c:	83.5	247.0	230.5
		ub :	88.4393	252.0747	234.1814
		lb :	78.5607	241.9253	226.8186
		P^-1:
			0.1554	-0.0452	-0.1255
			-0.0452	0.1569	0.1341
			-0.1255	0.1341	0.3057
		A:
			-0.268	0.7723	0.5759
			-0.1671	0.6157	0.7701
			-0.124	0.2453	0.9615
			-0.881	0.4072	-0.241
			-0.3631	0.0104	0.9317
			0.1433	0.3954	0.9073
		b:
			302.3548
			316.5742
			273.1534
			-25.6611
			188.3872
			320.3044
	==================================================================================
	Q2:
		Shape: Hybrid
		q_c:	79.5	257.5	233.0
		ub :	85.1404	263.2709	238.7979
		lb :	73.8596	251.7291	227.2021
		P^-1:
			0.1163	-0.048	-0.0068
			-0.048	0.1054	0.0061
			-0.0068	0.0061	0.0634
		A:
			0.9375	-0.2657	0.2245
			-0.2632	-0.6883	0.676
			0.4333	0.8211	0.3716
			-0.1682	0.0378	-0.985
			-0.9614	-0.2471	-0.1212
			-0.8229	0.567	0.0367
		b:
			60.1489
			-37.9537
			335.1181
			-230.4165
			-165.9274
			90.4222
	==================================================================================
	Q3:
		Shape: Ellipse
		q_c:	87.0	255.0	229.0
		ub :	95.6348	263.1881	237.7937
		lb :	78.3652	246.8119	220.2063
		P^-1:
			0.0521	0.0265	0.0043
			0.0265	0.0565	0.0047
			0.0043	0.0047	0.0285
	==================================================================================
	Q4:
		Shape: Hybrid
		q_c:	66.5	253.0	228.0
		ub :	71.8204	260.4941	235.6718
		lb :	61.1796	245.5059	220.3282
		P^-1:
			0.1012	-0.0015	-0.0217
			-0.0015	0.0441	0.0193
			-0.0217	0.0193	0.0561
		A:
			0.6266	-0.3928	-0.6731
			-0.233	-0.2311	-0.9446
			-0.4483	0.6942	0.5631
			-0.9011	0.2593	0.3475
			-0.1316	0.7501	0.6481
			0.5877	0.7562	0.2877
		b:
			-209.4416
			-286.3342
			276.3754
			86.4829
			331.154
			298.6023
	==================================================================================
	Q5:
		Shape: Hybrid
		q_c:	81.0	261.0	233.0
		ub :	86.9291	267.0251	236.1714
		lb :	75.0709	254.9749	229.8286
		P^-1:
			0.1784	0.0915	-0.3025
			0.0915	0.1344	-0.2431
			-0.3025	-0.2431	0.799
		A:
			0.3309	-0.0405	-0.9428
			0.8473	0.3569	-0.3933
			0.0235	-0.3707	0.9284
			0.3508	0.8994	-0.2607
			0.281	0.3221	-0.904
			0.2423	-0.6434	0.7261
		b:
			-202.241
			72.6188
			122.8124
			205.4117
			-103.2472
			23.175
	==================================================================================
	Q6:
		Shape: Polyhedra
		q_c:	67.5	257.0	227.0
		ub :	72.2676	263.9275	234.0767
		lb :	62.7324	250.0725	219.9233
		A:
			-0.8386	0.4492	0.3083
			0.258	0.6849	-0.6814
			-0.8539	0.5157	-0.0709
			0.7795	-0.3724	-0.5036
			-0.0547	0.5446	0.8369
			-0.676	0.5674	0.4702
			0.1374	0.7337	0.6654
			-0.4151	0.6526	-0.6339
			-0.8994	-0.1891	0.3942
			-0.1374	-0.7337	-0.6654
			0.4151	-0.6526	0.6339
			0.8994	0.1891	-0.3942
		b:
			132.5265
			41.7887
			61.9869
			-153.4363
			332.0266
			211.4016
			354.8894
			-1.2031
			-16.8181
			-342.8894
			7.2031
			22.8181


===========================================================================================
===========================================================================================
S4:
	q_c:	160.5	514.0	19.5
	ub :	185.1735	528.1704	38.0173
	lb :	154.2439	498.0105	2.9316

	==================================================================================
	Q1:
		Shape: Hybrid
		q_c:	176.5	511.0	11.5
		ub :	185.1735	517.0259	20.0684
		lb :	167.8265	504.9741	2.9316
		P^-1:
			0.0452	0.0029	0.0205
			0.0029	0.062	-0.0035
			0.0205	-0.0035	0.0382
		A:
			0.1109	-0.836	0.5373
			0.298	-0.9466	0.1228
			0.8625	0.435	0.2587
			0.6056	-0.7605	0.2343
			-0.0622	-0.1581	-0.9855
			0.545	-0.8336	0.09
		b:
			-399.2206
			-427.5609
			379.8581
			-276.6608
			-99.3184
			-326.1855
	==================================================================================
	Q2:
		Shape: Hybrid
		q_c:	164.0	505.0	17.0
		ub :	167.0135	511.9895	23.4892
		lb :	160.9865	498.0105	10.5108
		P^-1:
			0.4242	0.0285	-0.0825
			0.0285	0.0477	0.0198
			-0.0825	0.0198	0.082
		A:
			-0.8065	0.3866	0.4473
			-0.805	-0.4777	0.3518
			-0.9152	-0.0918	0.3925
			-0.9432	-0.2145	0.2538
			0.6981	0.1977	0.6882
			0.9176	0.3735	0.1363
		b:
			72.2228
			-365.0278
			-188.7891
			-257.7003
			228.7674
			342.7826
	==================================================================================
	Q3:
		Shape: Ellipse
		q_c:	173.0	510.5	10.0
		ub :	177.4832	514.3736	14.7581
		lb :	168.5168	506.6264	5.2419
		P^-1:
			0.1443	-0.0056	0.0308
			-0.0056	0.158	0.0109
			0.0308	0.0109	0.0993
	==================================================================================
	Q4:
		Shape: Ellipse
		q_c:	172.5	522.5	13.0
		ub :	179.8049	528.1704	17.6575
		lb :	165.1951	516.8296	8.3425
		P^-1:
			0.1657	0.2023	-0.0118
			0.2023	0.2952	-0.022
			-0.0118	-0.022	0.0638
	==================================================================================
	Q5:
		Shape: Ellipse
		q_c:	160.0	508.5	33.0
		ub :	165.7561	513.3897	38.0173
		lb :	154.2439	503.6103	27.9827
		P^-1:
			0.0579	-0.0039	0.0256
			-0.0039	0.0975	-0.0325
			0.0256	-0.0325	0.1356
	==================================================================================
	Q6:
		Shape: Ellipse
		q_c:	172.0	518.0	13.0
		ub :	180.7242	523.5388	22.0331
		lb :	163.2758	512.4612	3.9669
		P^-1:
			0.0577	-0.0785	0.0228
			-0.0785	0.2025	-0.0486
			0.0228	-0.0486	0.0313


===========================================================================================
===========================================================================================
S5:
	q_c:	245.0	144.5	277.0
	ub :	255.2775	152.2392	289.1417
	lb :	235.75	132.3485	274.1821

	==================================================================================
	Q1:
		Shape: Polyhedra
		q_c:	242.0	138.0	279.0
		ub :	247.3123	143.6515	283.8179
		lb :	236.6877	132.3485	274.1821
		A:
			0.4987	0.8565	-0.1331
			0.4014	0.7873	0.468
			-0.3905	-0.4599	-0.7975
			-0.1575	0.925	0.3458
			-0.7623	-0.2347	-0.6032
			-0.7064	-0.0786	-0.7035
			0.5765	0.2646	0.773
			-0.6922	0.6609	0.29
			-0.4342	-0.7023	0.5642
			-0.5765	-0.2646	-0.773
			0.6922	-0.6609	-0.29
			0.4342	0.7023	-0.5642
		b:
			205.4638
			339.1498
			-378.3249
			189.3832
			-383.0071
			-375.9397
			393.7168
			8.1039
			-40.5617
			-389.7168
			-1.1039
			48.5617
	==================================================================================
	Q2:
		Shape: Hybrid
		q_c:	239.5	148.0	285.5
		ub :	243.25	150.8885	289.1417
		lb :	235.75	145.1115	281.8583
		P^-1:
			0.2472	0.1246	0.0409
			0.1246	0.338	0.0585
			0.0409	0.0585	0.1792
		A:
			0.6126	0.6834	0.3971
			-0.213	0.7757	-0.5941
			-0.3024	-0.6834	-0.6645
			-0.3813	0.9232	0.048
			0.6668	0.7162	-0.2059
			0.7917	0.3629	0.4914
		b:
			362.0359
			-104.1701
			-362.2553
			60.5301
			207.9325
			384.7059
	==================================================================================
	Q3:
		Shape: Hybrid
		q_c:	242.0	149.5	281.0
		ub :	246.4882	152.2392	283.8524
		lb :	237.5118	146.7608	278.1476
		P^-1:
			0.1201	-0.0491	0.1994
			-0.0491	0.3877	-0.2914
			0.1994	-0.2914	0.8047
		A:
			-0.1859	0.7842	-0.5921
			0.3219	-0.4265	0.8452
			-0.0286	0.8183	-0.574
			-0.483	0.1331	-0.8654
			-0.0345	0.5065	0.8616
			-0.5909	0.3238	-0.7389
		b:
			-93.3321
			252.2252
			-45.0553
			-339.2647
			311.1454
			-300.9364
	==================================================================================
	Q4:
		Shape: Hybrid
		q_c:	241.5	148.5	281.0
		ub :	244.7222	152.1979	284.3842
		lb :	238.2778	144.8021	277.6158
		P^-1:
			0.2378	-0.0192	-0.0241
			-0.0192	0.2198	-0.0379
			-0.0241	-0.0379	0.2024
		A:
			0.7304	0.6064	0.3143
			0.4396	0.8609	-0.2561
			-0.3019	0.5564	0.7741
			-0.4278	0.7036	-0.5674
			0.3705	-0.4178	0.8296
			0.511	-0.1224	-0.8508
		b:
			356.1314
			163.1769
			228.544
			-157.2483
			261.6881
			-132.7171
	==================================================================================
	Q5:
		Shape: Ellipse
		q_c:	251.5	142.0	280.5
		ub :	255.2775	145.5555	283.2835
		lb :	247.7225	138.4445	277.7165
		P^-1:
			0.2139	0.0106	-0.1109
			0.0106	0.1621	-0.0219
			-0.1109	-0.0219	0.3885
	==================================================================================
	Q6:
		Shape: Hybrid
		q_c:	241.0	148.0	278.0
		ub :	245.3499	152.0094	281.7025
		lb :	236.6501	143.9906	274.2975
		P^-1:
			0.1704	0.0117	-0.0565
			0.0117	0.1713	-0.0402
			-0.0565	-0.0402	0.1794
		A:
			0.9758	-0.214	0.0458
			0.9862	-0.1305	-0.1019
			-0.7157	-0.3355	-0.6126
			0.3702	-0.1333	0.9193
			0.7256	0.6871	0.0372
			0.9817	0.1735	0.0783
		b:
			217.8156
			191.495
			-390.443
			326.8104
			288.47
			285.6721


===========================================================================================
===========================================================================================
S6:
	q_c:	150.5	148.0	520.0
	ub :	176.47	182.2526	543.8137
	lb :	117.7114	124.0272	492.4025

	==================================================================================
	Q1:
		Shape: Polyhedra
		q_c:	160.5	158.0	510.0
		ub :	176.47	175.4303	527.5975
		lb :	144.53	140.5697	492.4025
		A:
			-0.6358	0.5532	0.5383
			-0.0779	-0.0274	-0.9966
			-0.4672	0.8833	0.0395
			-0.1124	0.517	0.8486
			-0.5822	0.7972	-0.1596
			-0.0541	0.1498	0.9872
			0.5284	0.5317	0.6619
			-0.0517	-0.758	0.6502
			0.8474	-0.3778	-0.3731
			-0.5284	-0.5317	-0.6619
			0.0517	0.758	-0.6502
			-0.8474	0.3778	0.3731
		b:
			271.7038
			-514.8684
			95.8711
			507.1944
			-37.7584
			528.9535
			516.3809
			213.514
			-101.9502
			-496.3809
			-193.514
			125.9502
	==================================================================================
	Q2:
		Shape: Ellipse
		q_c:	142.0	138.5	531.5
		ub :	154.3158	152.9728	543.8137
		lb :	129.6842	124.0272	519.1863
		P^-1:
			0.0189	0.001	-0.0065
			0.001	0.0178	-0.0108
			-0.0065	-0.0108	0.0217
	==================================================================================
	Q3:
		Shape: Hybrid
		q_c:	144.0	163.0	531.5
		ub :	153.6491	174.2196	543.7366
		lb :	134.3509	151.7804	519.2634
		P^-1:
			0.0574	-0.0282	-0.0172
			-0.0282	0.0352	0.0058
			-0.0172	0.0058	0.0205
		A:
			0.7213	-0.1184	-0.6824
			-0.7867	0.0246	-0.6168
			0.9394	-0.3094	0.1476
			0.4687	0.0444	-0.8822
			0.7955	-0.5975	-0.1014
			-0.5701	0.3166	0.7581
		b:
			-274.9561
			-430.4795
			166.9891
			-389.5219
			-34.7358
			376.0969
	==================================================================================
	Q4:
		Shape: Hybrid
		q_c:	141.5	137.5	524.0
		ub :	155.7254	146.9489	538.7332
		lb :	127.2746	128.0511	509.2668
		P^-1:
			0.027	0.0189	0.0155
			0.0189	0.0373	0.0154
			0.0155	0.0154	0.019
		A:
			-0.427	-0.8901	-0.1594
			-0.5997	-0.5301	-0.5996
			0.3842	0.771	0.508
			0.8748	0.4542	0.1685
			0.8887	0.2021	0.4116
			-0.4318	-0.1883	-0.8821
		b:
			-263.2866
			-469.4531
			429.0113
			278.8389
			373.2502
			-543.8708
	==================================================================================
	Q5:
		Shape: Polyhedra
		q_c:	164.0	138.0	526.5
		ub :	176.2372	147.8174	537.2566
		lb :	151.7628	128.1826	515.7434
		A:
			0.0853	-0.887	-0.4538
			-0.1361	-0.7363	-0.6629
			0.0316	0.8032	0.5949
			0.3224	0.7558	0.5699
			0.8745	-0.4844	-0.0257
			-0.2981	-0.7336	-0.6107
			0.1089	0.7528	0.6491
			-0.864	0.3946	-0.3128
			-0.4916	-0.5268	0.6934
			-0.1089	-0.7528	-0.6491
			0.864	-0.3946	0.3128
			0.4916	0.5268	-0.6934
		b:
			-344.4133
			-471.3998
			430.9426
			459.8109
			70.8102
			-469.4054
			465.0144
			-243.9003
			222.2614
			-462.0144
			259.9003
			-201.2614
	==================================================================================
	Q6:
		Shape: Ellipse
		q_c:	132.5	167.0	511.5
		ub :	147.2886	182.2526	527.9011
		lb :	117.7114	151.7474	495.0989
		P^-1:
			0.0137	-0.0067	-0.0031
			-0.0067	0.0165	0.0038
			-0.0031	0.0038	0.01


===========================================================================================
===========================================================================================
S7:
	q_c:	36.5	466.0	402.5
	ub :	51.8892	482.95	422.3609
	lb :	21.0372	451.3341	394.0531

	==================================================================================
	Q1:
		Shape: Polyhedra
		q_c:	25.5	472.0	399.5
		ub :	29.9628	475.9967	404.9469
		lb :	21.0372	468.0033	394.0531
		A:
			-0.5085	0.6945	0.509
			-0.8206	-0.0466	0.5696
			0.4065	0.5325	0.7424
			-0.6681	-0.5895	0.454
			-0.5107	-0.0158	0.8596
			-0.2002	-0.5677	-0.7985
			0.0974	0.9868	0.1292
			0.9945	-0.1016	0.0257
			0.0385	0.126	-0.9913
			-0.0974	-0.9868	-0.1292
			-0.9945	0.1016	-0.0257
			-0.0385	-0.126	0.9913
		b:
			521.9584
			189.0409
			562.385
			-109.8913
			327.7023
			-587.9123
			522.8853
			-8.3046
			-330.5627
			-516.8853
			16.3046
			340.5627
	==================================================================================
	Q2:
		Shape: Hybrid
		q_c:	32.0	460.0	409.5
		ub :	40.4482	468.6659	414.5973
		lb :	23.5518	451.3341	404.4027
		P^-1:
			0.0367	-0.0033	-0.0174
			-0.0033	0.0368	-0.0215
			-0.0174	-0.0215	0.1012
		A:
			-0.0664	0.0171	0.9976
			0.3783	-0.4783	-0.7925
			0.6565	0.1429	-0.7407
			0.2093	-0.3033	-0.9296
			-0.0183	-0.9943	-0.1052
			0.6141	0.2398	-0.752
		b:
			416.2562
			-529.546
			-214.3583
			-510.9299
			-496.7027
			-175.7934
	==================================================================================
	Q3:
		Shape: Hybrid
		q_c:	43.5	470.5	402.5
		ub :	51.8892	477.1328	407.8839
		lb :	35.1108	463.8672	397.1161
		P^-1:
			0.042	0.0346	0.0219
			0.0346	0.0938	-0.0109
			0.0219	-0.0109	0.1042
		A:
			-0.2418	-0.537	-0.8082
			0.3998	-0.6087	0.6853
			-0.7511	0.2978	-0.5892
			0.061	-0.538	-0.8407
			0.4504	0.8066	-0.3827
			-0.2423	-0.9374	-0.2502
		b:
			-586.5347
			9.4641
			-126.0161
			-585.7531
			246.7183
			-550.2802
	==================================================================================
	Q4:
		Shape: Hybrid
		q_c:	38.0	478.0	417.5
		ub :	42.545	481.9781	422.3609
		lb :	33.455	474.0219	412.6391
		P^-1:
			0.4068	-0.2978	0.338
			-0.2978	0.3421	-0.288
			0.338	-0.288	0.3952
		A:
			-0.785	0.566	-0.2517
			0.8805	-0.4538	0.1372
			-0.8269	0.3073	-0.4709
			0.4831	-0.7043	0.5201
			-0.5871	0.7268	-0.3564
			-0.7197	0.3426	-0.6039
		b:
			136.8892
			-124.4674
			-80.0483
			-100.3906
			177.258
			-114.9313
	==================================================================================
	Q5:
		Shape: Hybrid
		q_c:	30.5	474.0	410.5
		ub :	39.7446	482.95	419.8017
		lb :	21.2554	465.05	401.1983
		P^-1:
			0.0362	-0.0028	0.0072
			-0.0028	0.0379	0.0053
			0.0072	0.0053	0.0263
		A:
			-0.006	0.7181	0.6959
			-0.5181	-0.8424	-0.1483
			0.0295	0.6111	0.791
			0.4455	0.6693	-0.5946
			-0.8183	0.2762	-0.504
			-0.8934	-0.3831	-0.2349
		b:
			628.6529
			-473.1253
			618.223
			90.9528
			-98.4076
			-302.4958
	==================================================================================
	Q6:
		Shape: Ellipse
		q_c:	40.0	474.5	412.0
		ub :	42.9745	480.285	418.0386
		lb :	37.0255	468.715	405.9614
		P^-1:
			0.16	0.0013	-0.0015
			0.0013	0.1067	0.0626
			-0.0015	0.0626	0.0863


===========================================================================================
===========================================================================================
S8:
	q_c:	471.0	53.5	275.0
	ub :	488.8372	64.5629	291.6691
	lb :	459.0468	40.2861	257.1673

	==================================================================================
	Q1:
		Shape: Ellipse
		q_c:	465.5	50.0	264.0
		ub :	471.9532	55.7309	270.8327
		lb :	459.0468	44.2691	257.1673
		P^-1:
			0.1751	-0.1388	0.1321
			-0.1388	0.1733	-0.1369
			0.1321	-0.1369	0.169
	==================================================================================
	Q2:
		Shape: Polyhedra
		q_c:	482.0	49.5	279.5
		ub :	488.8372	55.787	286.7551
		lb :	475.1628	43.213	272.2449
		A:
			-0.5859	0.1892	0.788
			-0.6376	-0.6252	-0.45
			0.5467	-0.1848	0.8166
			-0.037	0.9768	0.211
			0.8866	-0.0063	0.4626
			-0.4153	0.5954	-0.6877
			0.8523	0.0986	0.5136
			-0.4575	-0.3352	0.8236
			0.2534	-0.937	-0.2406
			-0.8523	-0.0986	-0.5136
			0.4575	0.3352	-0.8236
			-0.2534	0.937	0.2406
		b:
			-47.926
			-459.9074
			486.8937
			94.0022
			560.3058
			-358.4613
			563.262
			-1.9183
			13.0215
			-555.262
			11.9183
			-4.0215
	==================================================================================
	Q3:
		Shape: Polyhedra
		q_c:	478.5	48.0	283.0
		ub :	482.8735	53.2	288.0887
		lb :	474.1265	42.8	277.9113
		A:
			0.7596	-0.5658	-0.3207
			0.7593	-0.4258	0.4921
			-0.8109	0.2668	0.5209
			-0.197	-0.0963	0.9757
			-0.8318	0.3627	0.4203
			0.8664	0.0866	-0.4919
			0.6903	0.4998	0.5232
			-0.1555	0.8087	-0.5673
			-0.7066	0.3102	0.6359
			-0.6903	-0.4998	-0.5232
			0.1555	-0.8087	0.5673
			0.7066	-0.3102	-0.6359
		b:
			247.8571
			485.5118
			-225.7488
			180.0481
			-259.5297
			281.875
			505.8577
			-192.6289
			-141.2672
			-498.8577
			199.6289
			145.2672
	==================================================================================
	Q4:
		Shape: Ellipse
		q_c:	479.0	46.0	274.0
		ub :	482.242	49.5696	277.4911
		lb :	475.758	42.4304	270.5089
		P^-1:
			0.4791	-0.2867	-0.2335
			-0.2867	0.3662	0.3127
			-0.2335	0.3127	0.4864
	==================================================================================
	Q5:
		Shape: Polyhedra
		q_c:	469.5	59.0	282.0
		ub :	478.0454	64.5629	290.4508
		lb :	460.9546	53.4371	273.5492
		A:
			0.6496	-0.3609	-0.6691
			-0.6421	-0.7192	0.2653
			0.4805	-0.5915	-0.6475
			0.4659	-0.3803	-0.7989
			-0.595	0.3291	0.7332
			0.1921	0.9044	-0.3811
			0.629	0.208	0.7491
			0.254	-0.9656	0.0548
			0.7348	0.1558	-0.6602
			-0.629	-0.208	-0.7491
			-0.254	0.9656	-0.0548
			-0.7348	-0.1558	0.6602
		b:
			99.0435
			-264.6196
			12.367
			-24.407
			-48.9544
			39.7591
			526.3179
			81.2526
			171.9815
			-511.3179
			-74.2526
			-163.9815
	==================================================================================
	Q6:
		Shape: Ellipse
		q_c:	473.5	44.5	285.5
		ub :	480.9766	48.7139	291.6691
		lb :	466.0234	40.2861	279.3309
		P^-1:
			0.0395	0.0014	0.0366
			0.0014	0.1435	0.0243
			0.0366	0.0243	0.1118


===========================================================================================
===========================================================================================
S9:
	q_c:	236.5	128.0	244.0
	ub :	252.2658	145.358	248.2752
	lb :	222.9621	117.9097	227.8834

	==================================================================================
	Q1:
		Shape: Polyhedra
		q_c:	243.5	122.0	237.0
		ub :	249.9097	126.0903	243.5592
		lb :	237.0903	117.9097	230.4408
		A:
			0.3091	-0.836	-0.4535
			0.3572	-0.1234	0.9259
			0.2443	-0.5985	0.763
			0.3393	-0.9335	0.1163
			0.3611	-0.7381	0.5699
			-0.1057	0.9177	0.383
			0.7274	0.546	0.4156
			0.5217	-0.0466	-0.8519
			-0.4458	0.8365	-0.3188
			-0.7274	-0.546	-0.4156
			-0.5217	0.0466	0.8519
			0.4458	-0.8365	0.3188
		b:
			-130.5538
			295.2793
			170.3889
			-1.4919
			135.3043
			180.4217
			346.2362
			-75.5479
			-80.0469
			-338.2362
			85.5479
			84.0469
	==================================================================================
	Q2:
		Shape: Ellipse
		q_c:	234.0	127.0	243.0
		ub :	239.505	132.7485	248.2752
		lb :	228.495	121.2515	237.7248
		P^-1:
			0.0823	0.0224	-0.0091
			0.0224	0.0877	-0.0113
			-0.0091	-0.0113	0.053
	==================================================================================
	Q3:
		Shape: Polyhedra
		q_c:	247.0	138.5	235.0
		ub :	250.6311	145.358	242.1166
		lb :	243.3689	131.642	227.8834
		A:
			-0.9831	0.1782	0.0412
			0.8192	-0.5695	-0.0677
			0.2738	-0.1167	-0.9547
			0.8787	-0.4502	0.1586
			-0.9049	0.4254	0.0139
			0.913	-0.4077	0.0105
			0.2669	0.6091	0.7468
			0.2755	0.6944	-0.6648
			-0.9235	0.3832	0.0175
			-0.2669	-0.6091	-0.7468
			-0.2755	-0.6944	0.6648
			0.9235	-0.3832	-0.0175
		b:
			-207.0482
			109.0529
			-168.0511
			193.3044
			-160.2992
			172.5312
			331.29
			12.497
			-169.9186
			-320.29
			-3.497
			171.9186
	==================================================================================
	Q4:
		Shape: Ellipse
		q_c:	246.0	137.5	242.0
		ub :	252.2658	143.49	248.0004
		lb :	239.7342	131.51	235.9996
		P^-1:
			0.0602	-0.0162	0.0075
			-0.0162	0.1035	-0.0513
			0.0075	-0.0513	0.1082
	==================================================================================
	Q5:
		Shape: Polyhedra
		q_c:	229.5	125.0	242.5
		ub :	236.0379	129.0746	247.8389
		lb :	222.9621	120.9254	237.1611
		A:
			-0.7049	0.4885	0.5142
			-0.3808	0.8015	-0.4611
			0.257	-0.1235	-0.9585
			0.9523	-0.2671	0.1474
			-0.2304	0.7256	0.6484
			0.1275	-0.0214	0.9916
			0.9067	0.1088	0.4076
			0.0146	-0.9737	0.2274
			0.4216	-0.2002	-0.8844
			-0.9067	-0.1088	-0.4076
			-0.0146	0.9737	-0.2274
			-0.4216	0.2002	0.8844
		b:
			27.2816
			-95.2354
			-186.214
			226.4322
			197.8204
			270.8349
			326.5232
			-60.2009
			-140.2305
			-314.5232
			66.2009
			145.2305
	==================================================================================
	Q6:
		Shape: Hybrid
		q_c:	236.5	134.0	239.0
		ub :	239.9007	137.1096	243.8106
		lb :	233.0993	130.8904	234.1894
		P^-1:
			0.2311	-0.0168	0.0539
			-0.0168	0.2351	0.0479
			0.0539	0.0479	0.0963
		A:
			0.6734	0.1413	0.7256
			-0.7977	0.5397	0.2689
			0.9287	-0.363	0.0758
			-0.9738	0.1056	-0.2013
			-0.6132	0.6267	0.481
			0.228	0.6844	-0.6925
		b:
			353.0652
			-50.743
			190.1583
			-263.2288
			55.4572
			-17.2015


===========================================================================================
===========================================================================================
S10:
	q_c:	474.5	262.5	347.5
	ub :	484.7927	271.753	361.9324
	lb :	464.7883	252.4505	338.7007

	==================================================================================
	Q1:
		Shape: Hybrid
		q_c:	474.5	261.5	343.5
		ub :	478.4478	264.6126	348.2993
		lb :	470.5522	258.3874	338.7007
		P^-1:
			0.1135	-0.0241	-0.0045
			-0.0241	0.2406	-0.0312
			-0.0045	-0.0312	0.0696
		A:
			-0.9471	-0.2956	0.1249
			0.4294	-0.8042	0.4109
			-0.2152	0.7993	-0.5611
			-0.7354	0.6448	-0.2084
			0.1992	-0.9782	0.058
			-0.833	0.1873	0.5206
		b:
			-481.8
			135.9328
			-84.3826
			-250.3982
			-140.3448
			-165.3046
	==================================================================================
	Q2:
		Shape: Polyhedra
		q_c:	477.5	259.5	356.0
		ub :	483.1803	265.8818	361.9324
		lb :	471.8197	253.1182	350.0676
		A:
			-0.5728	-0.7865	-0.231
			0.3457	-0.0855	-0.9344
			0.2349	-0.5808	0.7795
			0.5074	-0.4744	0.7194
			-0.7195	0.5524	0.4209
			0.8241	-0.3093	0.4746
			0.1617	0.422	0.8921
			-0.5301	0.7996	-0.2822
			-0.8324	-0.4272	0.3529
			-0.1617	-0.422	-0.8921
			0.5301	-0.7996	0.2822
			0.8324	0.4272	-0.3529
		b:
			-556.0903
			-185.914
			242.8857
			379.2667
			-46.5172
			486.1394
			508.2749
			-142.0702
			-379.1916
			-500.2749
			150.0702
			386.1916
	==================================================================================
	Q3:
		Shape: Polyhedra
		q_c:	480.5	267.0	353.5
		ub :	484.7927	271.4685	357.1782
		lb :	476.2073	262.5315	349.8218
		A:
			0.0454	0.8891	-0.4554
			0.845	-0.3907	-0.3652
			0.8781	-0.352	-0.3239
			-0.2218	-0.2843	0.9327
			-0.1822	-0.6455	-0.7417
			0.0796	0.3277	-0.9414
			0.6415	0.7172	0.2721
			0.584	-0.2267	-0.7795
			-0.4974	0.6589	-0.5643
			-0.6415	-0.7172	-0.2721
			-0.584	0.2267	0.7795
			0.4974	-0.6589	0.5643
		b:
			101.2034
			174.5839
			215.4819
			149.4342
			-519.5715
			-204.7106
			598.9246
			-53.9501
			-259.5465
			-592.9246
			56.9501
			265.5465
	==================================================================================
	Q4:
		Shape: Polyhedra
		q_c:	469.5	257.5	353.5
		ub :	473.6929	262.5495	357.8864
		lb :	465.3071	252.4505	349.1136
		A:
			-0.6732	0.1755	0.7183
			-0.0033	-0.0851	0.9964
			-0.4551	-0.8499	-0.2655
			0.7438	-0.3586	-0.5641
			0.0121	0.2913	-0.9565
			-0.8698	-0.4643	0.167
			0.8244	0.3106	0.4732
			0.1582	-0.9291	0.3342
			0.5434	-0.2006	-0.8151
			-0.8244	-0.3106	-0.4732
			-0.1582	0.9291	-0.3342
			-0.5434	0.2006	0.8151
		b:
			-14.9466
			331.383
			-522.9726
			59.7105
			-254.4909
			-465.9755
			637.2966
			-42.8443
			-82.6886
			-631.2966
			50.8443
			86.6886
	==================================================================================
	Q5:
		Shape: Polyhedra
		q_c:	479.5	263.5	351.0
		ub :	483.8152	268.9378	356.3144
		lb :	475.1848	258.0622	345.6856
		A:
			0.7683	0.0683	-0.6364
			-0.7036	-0.5313	0.472
			0.1821	-0.0275	-0.9829
			-0.3942	0.8911	0.2248
			0.7892	-0.5754	0.2147
			0.9383	-0.2352	-0.2535
			0.1726	0.5366	0.826
			0.5022	0.6735	-0.5424
			-0.8474	0.5084	-0.1532
			-0.1726	-0.5366	-0.826
			-0.5022	-0.6735	0.5424
			0.8474	-0.5084	0.1532
		b:
			166.0526
			-308.7079
			-261.2488
			127.8149
			304.6961
			301.6109
			518.0645
			230.8713
			-323.6377
			-510.0645
			-224.8713
			328.6377
	==================================================================================
	Q6:
		Shape: Hybrid
		q_c:	469.5	267.0	346.0
		ub :	474.2117	271.753	350.313
		lb :	464.7883	262.247	341.687
		P^-1:
			0.1174	0.0051	-0.0216
			0.0051	0.0883	0.0146
			-0.0216	0.0146	0.147
		A:
			0.6023	0.6669	0.4387
			-0.0051	0.1457	0.9893
			0.3883	-0.0535	0.92
			-0.2112	0.185	-0.9598
			0.2797	0.6156	0.7367
			0.8782	0.4309	0.2075
		b:
			614.4078
			380.1842
			487.9896
			-380.1855
			552.2122
			600.9234


===========================================================================================
===========================================================================================
S11:
	q_c:	452.5	488.0	129.5
	ub :	490.5728	499.6443	155.702
	lb :	426.9379	467.146	99.5185

	==================================================================================
	Q1:
		Shape: Ellipse
		q_c:	451.5	484.0	143.0
		ub :	466.8317	499.5299	155.702
		lb :	436.1683	468.4701	130.298
		P^-1:
			0.0168	-0.0026	-0.0108
			-0.0026	0.0108	0.005
			-0.0108	0.005	0.0238
	==================================================================================
	Q2:
		Shape: Polyhedra
		q_c:	480.5	479.0	146.5
		ub :	490.5728	487.9429	155.1822
		lb :	470.4272	470.0571	137.8178
		A:
			-0.351	0.1016	-0.9308
			0.3664	0.5803	-0.7273
			-0.1298	-0.3326	0.9341
			0.2253	0.8956	-0.3835
			-0.4058	0.4163	0.8136
			-0.6961	0.2372	0.6776
			0.8174	0.4725	0.3296
			-0.5342	0.4074	0.7407
			0.2157	-0.7815	0.5854
			-0.8174	-0.4725	-0.3296
			0.5342	-0.4074	-0.7407
			-0.2157	0.7815	-0.5854
		b:
			-250.7124
			352.3386
			-80.4575
			486.2963
			128.6886
			-116.392
			675.357
			51.9826
			-180.9616
			-659.357
			-41.9826
			188.9616
	==================================================================================
	Q3:
		Shape: Ellipse
		q_c:	461.0	482.5	135.0
		ub :	472.9652	497.854	148.327
		lb :	449.0348	467.146	121.673
		P^-1:
			0.0549	0.008	-0.0334
			0.008	0.0111	0.0014
			-0.0334	0.0014	0.0388
	==================================================================================
	Q4:
		Shape: Ellipse
		q_c:	444.5	491.0	133.5
		ub :	452.5807	499.0239	142.0099
		lb :	436.4193	482.9761	124.9901
		P^-1:
			0.0481	-0.0064	-0.015
			-0.0064	0.0363	-0.002
			-0.015	-0.002	0.0459
	==================================================================================
	Q5:
		Shape: Polyhedra
		q_c:	437.0	489.5	122.0
		ub :	447.0621	499.6443	127.4633
		lb :	426.9379	479.3557	116.5367
		A:
			-0.7561	0.4494	0.4757
			0.5961	-0.7627	0.2511
			0.47	0.1998	-0.8598
			-0.6881	0.5387	0.4861
			-0.7665	-0.6116	0.196
			0.7625	-0.6237	-0.172
			0.7272	0.6827	0.0712
			0.6864	-0.7241	-0.0678
			0.0053	0.0982	-0.9952
			-0.7272	-0.6827	-0.0712
			-0.6864	0.7241	0.0678
			-0.0053	-0.0982	0.9952
		b:
			-48.1526
			-78.5194
			204.258
			26.1067
			-600.2659
			10.6487
			671.163
			-59.2819
			-66.536
			-650.163
			66.2819
			75.536
	==================================================================================
	Q6:
		Shape: Ellipse
		q_c:	451.0	487.0	111.5
		ub :	464.3167	499.1652	123.4815
		lb :	437.6833	474.8348	99.5185
		P^-1:
			0.0152	0.003	-0.0069
			0.003	0.0244	-0.0121
			-0.0069	-0.0121	0.0272


===========================================================================================
===========================================================================================
S12:
	q_c:	405.5	482.0	148.5
	ub :	424.884	508.8621	169.1046
	lb :	383.0069	466.9474	119.2176

	==================================================================================
	Q1:
		Shape: Hybrid
		q_c:	412.0	485.5	136.0
		ub :	420.42	493.2468	143.6874
		lb :	403.58	477.7532	128.3126
		P^-1:
			0.0594	-0.0239	0.0188
			-0.0239	0.0559	0.0202
			0.0188	0.0202	0.0657
		A:
			0.731	-0.1339	0.6692
			-0.0826	0.9749	-0.2068
			0.2429	0.7523	0.6124
			-0.0057	0.4859	-0.874
			0.5595	-0.7076	0.4317
			-0.8975	0.3036	-0.3198
		b:
			328.8936
			415.053
			550.9545
			118.9578
			-51.9045
			-263.9091
	==================================================================================
	Q2:
		Shape: Ellipse
		q_c:	417.0	494.0	142.0
		ub :	424.884	499.4198	149.9958
		lb :	409.116	488.5802	134.0042
		P^-1:
			0.1573	0.1651	0.1022
			0.1651	0.267	0.1006
			0.1022	0.1006	0.1004
	==================================================================================
	Q3:
		Shape: Hybrid
		q_c:	406.0	497.0	133.5
		ub :	420.8655	508.8621	147.7824
		lb :	391.1345	485.1379	119.2176
		P^-1:
			0.0137	0.0007	-0.0049
			0.0007	0.0169	-0.0023
			-0.0049	-0.0023	0.0145
		A:
			-0.9711	0.159	0.1778
			-0.1804	0.9382	0.2954
			0.0968	0.9931	-0.0664
			-0.9376	-0.086	0.3369
			-0.0096	-0.9675	0.2527
			0.1167	-0.8418	0.5271
		b:
			-286.4545
			437.0388
			528.2014
			-373.906
			-446.952
			-296.2881
	==================================================================================
	Q4:
		Shape: Hybrid
		q_c:	418.0	489.0	164.5
		ub :	424.0052	494.348	169.1046
		lb :	411.9948	483.652	159.8954
		P^-1:
			0.1201	-0.1626	0.1197
			-0.1626	0.47	-0.4413
			0.1197	-0.4413	0.5541
		A:
			-0.2396	-0.5447	0.8037
			0.3065	-0.4915	0.8152
			0.4948	-0.6222	0.6066
			-0.4056	0.8246	-0.3944
			0.8153	-0.4082	0.4107
			-0.3933	0.7827	-0.4823
		b:
			-232.9441
			22.8449
			3.3838
			169.8953
			211.2051
			139.869
	==================================================================================
	Q5:
		Shape: Ellipse
		q_c:	391.5	480.0	139.5
		ub :	399.9931	493.0526	151.9593
		lb :	383.0069	466.9474	127.0407
		P^-1:
			0.1622	-0.0561	-0.101
			-0.0561	0.032	0.0361
			-0.101	0.0361	0.0781
	==================================================================================
	Q6:
		Shape: Polyhedra
		q_c:	403.0	480.5	148.0
		ub :	411.5747	489.3182	152.1667
		lb :	394.4253	471.6818	143.8333
		A:
			0.7941	-0.6074	-0.0221
			0.5406	-0.6836	-0.4903
			0.3327	0.1432	0.9321
			-0.5196	0.5915	-0.6166
			-0.1462	0.6429	-0.7518
			-0.224	0.7506	-0.6216
			0.7122	0.6917	0.1197
			0.7011	-0.6921	-0.1716
			-0.0358	0.2061	-0.9779
			-0.7122	-0.6917	-0.1197
			-0.7011	0.6921	0.1716
			0.0358	-0.2061	0.9779
		b:
			30.3562
			-177.8728
			344.5183
			-12.3288
			142.3192
			182.5285
			643.5965
			-69.9252
			-57.6033
			-630.5965
			80.9252
			62.6033


===========================================================================================
===========================================================================================
S13:
	q_c:	337.0	451.5	452.5
	ub :	345.1471	458.2179	459.8226
	lb :	328.9231	447.2387	445.164

	==================================================================================
	Q1:
		Shape: Ellipse
		q_c:	337.0	451.5	451.5
		ub :	339.4276	453.38	453.1287
		lb :	334.5724	449.62	449.8713
		P^-1:
			0.455	0.2602	0.2098
			0.2602	0.8758	-0.1002
			0.2098	-0.1002	0.9192
	==================================================================================
	Q2:
		Shape: Ellipse
		q_c:	341.5	454.0	457.0
		ub :	345.0823	457.3053	459.8206
		lb :	337.9177	450.6947	454.1794
		P^-1:
			0.2299	-0.0087	-0.1222
			-0.0087	0.1611	0.0151
			-0.1222	0.0151	0.3734
	==================================================================================
	Q3:
		Shape: Polyhedra
		q_c:	332.5	449.5	454.0
		ub :	336.0769	451.7613	457.641
		lb :	328.9231	447.2387	450.359
		A:
			0.3556	-0.8249	0.4394
			-0.3695	0.5612	-0.7406
			0.1981	0.6907	-0.6955
			-0.4805	0.8739	0.0734
			0.7299	0.6733	-0.1183
			-0.3066	-0.8252	0.4743
			0.6607	0.2489	0.7082
			0.0533	0.9255	-0.3749
			-0.7488	0.2854	0.5982
			-0.6607	-0.2489	-0.7082
			-0.0533	-0.9255	0.3749
			0.7488	-0.2854	-0.5982
		b:
			-51.6799
			-205.0855
			61.9196
			268.1929
			493.5092
			-256.3345
			655.5684
			264.5133
			153.4468
			-650.5684
			-262.5133
			-148.4468
	==================================================================================
	Q4:
		Shape: Hybrid
		q_c:	341.5	455.0	456.5
		ub :	345.1471	458.2179	459.8226
