3D_35_8_6_c                l = 3

===========================================================================================
===========================================================================================
S1:
	q_c:	338.5	68.0	417.5
	ub :	360.5015	87.7534	434.8753
	lb :	317.3511	56.0794	395.98

	==================================================================================
	Q1:
		Shape: Polyhedra
		q_c:	333.5	71.0	423.0
		ub :	338.4311	78.157	430.3372
		lb :	328.5689	63.843	415.6628
		A:
			-0.6653	0.1571	0.7299
			0.292	-0.9525	-0.0863
			-0.064	0.724	0.6868
			0.2688	0.4192	-0.8672
			0.6274	0.1493	0.7643
			-0.522	-0.8241	0.2199
			0.0306	0.7035	0.7101
			-0.0575	0.7105	-0.7014
			-0.9979	-0.0194	0.0622
			-0.0306	-0.7035	-0.7101
			0.0575	-0.7105	0.7014
			0.9979	0.0194	-0.0622
		b:
			102.7793
			-1.7987
			325.5545
			-242.4575
			547.9534
			-134.7313
			365.5111
			-260.4221
			-303.3557
			-355.5111
			270.4221
			312.3557
	==================================================================================
	Q2:
		Shape: Polyhedra
		q_c:	347.5	65.0	408.0
		ub :	356.0189	73.9206	415.6383
		lb :	338.9811	56.0794	400.3617
		A:
			-0.7109	0.2071	0.6721
			-0.5563	-0.6464	0.5223
			-0.481	-0.5614	0.6734
			0.5729	0.4608	-0.6778
			-0.0786	0.0388	-0.9961
			0.8586	0.3056	-0.4116
			0.5751	0.4597	0.6767
			0.4698	-0.8628	0.1868
			0.6697	0.2104	-0.7122
			-0.5751	-0.4597	-0.6767
			-0.4698	0.8628	-0.1868
			-0.6697	-0.2104	0.7122
		b:
			44.0385
			-18.5033
			74.4305
			-44.6075
			-425.8248
			153.7522
			512.8293
			189.3908
			-41.6568
			-498.8293
			-177.3908
			46.6568
	==================================================================================
	Q3:
		Shape: Hybrid
		q_c:	349.0	70.5	425.0
		ub :	360.5015	80.1304	434.8753
		lb :	337.4985	60.8696	415.1247
		P^-1:
			0.0237	0.008	-0.0053
			0.008	0.0262	0.0046
			-0.0053	0.0046	0.03
		A:
			0.4369	0.7522	-0.4933
			-0.0933	-0.9694	0.2271
			0.2964	0.9229	-0.2456
			-0.3505	-0.5058	-0.7883
			-0.7987	-0.4123	-0.4383
			-0.4809	-0.0792	0.8732
		b:
			-0.9707
			-0.37
			67.571
			-489.996
			-490.4936
			200.4306
	==================================================================================
	Q4:
		Shape: Polyhedra
		q_c:	345.0	73.5	404.5
		ub :	351.3043	81.5305	413.02
		lb :	338.6957	65.4695	395.98
		A:
			-0.7822	0.2979	-0.5472
			-0.7988	-0.0826	0.5959
			0.3736	-0.7564	-0.537
			-0.6812	-0.7184	0.1413
			-0.6628	0.3076	0.6827
			-0.2644	0.5401	0.799
			0.1616	0.6914	0.7041
			-0.0742	0.72	-0.69
			-0.9841	0.0592	0.1676
			-0.1616	-0.6914	-0.7041
			0.0742	-0.72	0.69
			0.9841	-0.0592	-0.1676
		b:
			-464.3433
			-35.6327
			-137.798
			-225.3444
			75.6224
			277.9115
			397.8842
			-247.2761
			-262.3475
			-384.8842
			256.2761
			272.3475
	==================================================================================
	Q5:
		Shape: Hybrid
		q_c:	328.5	77.0	416.0
		ub :	339.6489	87.7534	426.1501
		lb :	317.3511	66.2466	405.8499
		P^-1:
			0.0238	-0.0039	0.0012
			-0.0039	0.0239	0.0002
			0.0012	0.0002	0.0183
		A:
			-0.5091	0.2925	-0.8095
			-0.5924	-0.3514	0.725
			-0.8986	0.3885	-0.2037
			-0.9475	0.1123	0.2994
			-0.0727	0.989	-0.1288
			-0.7031	0.6708	-0.2359
		b:
			-477.6156
			84.3564
			-346.8718
			-174.4005
			2.1797
			-274.4284
	==================================================================================
	Q6:
		Shape: Ellipse
		q_c:	327.0	72.0	426.5
		ub :	333.6889	78.2431	433.1793
		lb :	320.3111	65.7569	419.8207
		P^-1:
			0.0365	-0.0094	-0.0008
			-0.0094	0.0588	0.0032
			-0.0008	0.0032	0.0281


===========================================================================================
===========================================================================================
S2:
	q_c:	396.5	110.5	80.5
	ub :	421.1367	132.2252	102.3386
	lb :	388.9218	91.737	65.9998

	==================================================================================
	Q1:
		Shape: Polyhedra
		q_c:	400.0	120.0	77.0
		ub :	405.2618	124.8296	82.6281
		lb :	394.7382	115.1704	71.3719
		A:
			0.7884	-0.223	0.5733
			-0.8282	0.1786	-0.5313
			0.9631	-0.2626	-0.0583
			-0.8317	-0.0813	-0.5492
			0.1892	-0.0547	-0.9804
			-0.8051	-0.5931	0.0005
			0.7515	0.549	0.3657
			0.6025	-0.3454	-0.7195
			-0.2687	0.7611	-0.5904
			-0.7515	-0.549	-0.3657
			-0.6025	0.3454	0.7195
			0.2687	-0.7611	0.5904
		b:
			335.2923
			-348.1577
			352.9031
			-382.2293
			-2.379
			-390.4653
			397.1613
			148.6351
			-59.1161
			-392.1613
			-139.6351
			64.1161
	==================================================================================
	Q2:
		Shape: Hybrid
		q_c:	406.0	114.0	72.5
		ub :	414.238	122.403	79.0002
		lb :	397.762	105.597	65.9998
		P^-1:
			0.0325	0.0089	0.0005
			0.0089	0.0447	-0.0003
			0.0005	-0.0003	0.0494
		A:
			0.8454	0.4029	0.3506
			-0.3467	-0.9376	-0.0264
			-0.5842	-0.7243	-0.3661
			-0.9544	0.2907	0.0678
			-0.1503	0.9268	-0.3442
			0.253	0.0791	0.9642
		b:
			417.3502
			-247.2735
			-344.0137
			-345.7427
			22.4521
			183.9446
	==================================================================================
	Q3:
		Shape: Hybrid
		q_c:	401.5	122.0	84.5
		ub :	411.4421	132.2252	94.978
		lb :	391.5579	111.7748	74.022
		P^-1:
			0.0423	-0.0215	0.0014
			-0.0215	0.0381	-0.0066
			0.0014	-0.0066	0.0214
		A:
			-0.481	-0.4491	-0.753
			0.0344	-0.8857	0.4629
			0.3976	-0.5888	0.7037
			0.5795	0.5852	0.5672
			-0.886	0.3812	0.2639
			0.0949	0.0656	-0.9933
		b:
			-305.6544
			-51.5207
			150.5274
			357.9698
			-284.1759
			-32.9265
	==================================================================================
	Q4:
		Shape: Hybrid
		q_c:	411.0	102.5	93.5
		ub :	421.1367	113.263	102.3386
		lb :	400.8633	91.737	84.6614
		P^-1:
			0.0337	0.0207	-0.0132
			0.0207	0.0355	-0.0052
			-0.0132	-0.0052	0.0387
		A:
			0.5161	-0.5534	-0.6537
			-0.652	0.0634	0.7556
			0.0866	-0.8478	-0.5232
			-0.6585	-0.7329	0.1709
			-0.2079	0.1714	0.963
			-0.4241	-0.8454	0.3248
		b:
			98.9644
			-187.55
			-95.8847
			-327.5926
			25.311
			-227.9053
	==================================================================================
	Q5:
		Shape: Ellipse
		q_c:	395.0	125.5	88.5
		ub :	400.9071	131.0766	94.4595
		lb :	389.0929	119.9234	82.5405
		P^-1:
			0.0757	-0.0019	0.0135
			-0.0019	0.0958	-0.0176
			0.0135	-0.0176	0.0838
	==================================================================================
	Q6:
		Shape: Ellipse
		q_c:	394.5	101.5	89.0
		ub :	400.0782	107.284	95.9395
		lb :	388.9218	95.716	82.0605
		P^-1:
			0.0923	-0.0025	-0.0347
			-0.0025	0.0332	0.0012
			-0.0347	0.0012	0.0465


===========================================================================================
===========================================================================================
S3:
	q_c:	319.0	493.5	111.5
	ub :	332.4302	506.796	128.916
	lb :	302.3812	476.802	99.5409

	==================================================================================
	Q1:
		Shape: Ellipse
		q_c:	319.0	490.0	122.5
		ub :	325.4445	495.2283	128.916
		lb :	312.5555	484.7717	116.084
		P^-1:
			0.062	0.0114	0.0202
			0.0114	0.0791	0.0201
			0.0202	0.0201	0.0819
	==================================================================================
	Q2:
		Shape: Ellipse
		q_c:	307.5	484.0	121.0
		ub :	312.6188	491.198	126.6815
		lb :	302.3812	476.802	115.3185
		P^-1:
			0.1255	0.0245	0.0332
			0.0245	0.0337	0.0252
			0.0332	0.0252	0.1061
	==================================================================================
	Q3:
		Shape: Ellipse
		q_c:	316.5	500.5	108.0
		ub :	323.4189	506.796	114.7927
		lb :	309.5811	494.204	101.2073
		P^-1:
			0.0357	0.0043	0.0097
			0.0043	0.05	0.0173
			0.0097	0.0173	0.0689
	==================================================================================
	Q4:
		Shape: Ellipse
		q_c:	323.0	498.0	106.0
		ub :	330.3846	505.4329	112.4591
		lb :	315.6154	490.5671	99.5409
		P^-1:
			0.0525	0.0074	0.015
			0.0074	0.0581	-0.0164
			0.015	-0.0164	0.0666
	==================================================================================
	Q5:
		Shape: Ellipse
		q_c:	330.0	494.0	106.0
		ub :	332.4302	499.8401	111.9375
		lb :	327.5698	488.1599	100.0625
		P^-1:
			0.4259	-0.0759	-0.0312
			-0.0759	0.0755	0.0119
			-0.0312	0.0119	0.0549
	==================================================================================
	Q6:
		Shape: Hybrid
		q_c:	319.0	490.5	113.0
		ub :	326.2931	497.845	117.1235
		lb :	311.7069	483.155	108.8765
		P^-1:
			0.044	-0.0149	-0.012
			-0.0149	0.0531	-0.0257
			-0.012	-0.0257	0.1532
		A:
			-0.398	-0.238	-0.886
			-0.0912	0.6808	-0.7268
			-0.0865	0.0024	0.9962
			-0.1671	0.9784	-0.1214
			-0.8004	-0.5111	-0.3134
			0.7956	-0.3214	0.5136
		b:
			-340.8547
			224.6334
			87.5586
			416.0545
			-536.736
			157.1747


===========================================================================================
===========================================================================================
S4:
	q_c:	111.0	85.0	252.0
	ub :	123.6103	96.5286	268.8453
	lb :	98.0006	73.7851	239.9657

	==================================================================================
	Q1:
		Shape: Polyhedra
		q_c:	105.5	84.5	253.0
		ub :	112.9994	91.2196	258.7951
		lb :	98.0006	77.7804	247.2049
		A:
			-0.4878	-0.7064	-0.5129
			0.9285	-0.0333	-0.3698
			0.2363	-0.7698	-0.593
			-0.6952	-0.191	0.6929
			0.9036	-0.0262	-0.4275
			0.5811	0.1749	-0.7948
			0.8207	0.4507	0.351
			-0.3776	0.8891	-0.2588
			-0.4288	0.0799	0.8999
			-0.8207	-0.4507	-0.351
			0.3776	-0.8891	0.2588
			0.4288	-0.0799	-0.8999
		b:
			-235.6939
			5.8392
			-186.1322
			89.3956
			-10.9248
			-121.71
			218.9845
			-25.6935
			192.1883
			-207.9845
			34.6935
			-186.1883
	==================================================================================
	Q2:
		Shape: Ellipse
		q_c:	118.0	89.5	253.0
		ub :	123.6103	95.8934	260.001
		lb :	112.3897	83.1066	245.999
		P^-1:
			0.139	0.0842	0.043
			0.0842	0.128	0.0622
			0.043	0.0622	0.0785
	==================================================================================
	Q3:
		Shape: Ellipse
		q_c:	118.5	92.0	264.0
		ub :	122.6831	96.5286	268.8453
		lb :	114.3169	87.4714	259.1547
		P^-1:
			0.1248	0.0147	0.0163
			0.0147	0.1269	0.0175
			0.0163	0.0175	0.1305
	==================================================================================
	Q4:
		Shape: Polyhedra
		q_c:	115.5	82.0	246.5
		ub :	118.3644	86.8883	251.5328
		lb :	112.6356	77.1117	241.4672
		A:
			-0.9014	-0.2165	0.3749
			0.8217	0.4385	-0.364
			0.4403	-0.8921	0.102
			-0.6867	-0.4463	0.5739
			-0.4858	-0.4856	0.7268
			0.7221	0.553	-0.4156
			0.1866	0.5424	0.8191
			0.538	-0.7541	0.3768
			0.8221	0.3703	-0.4325
			-0.1866	-0.5424	-0.8191
			-0.538	0.7541	-0.3768
			-0.8221	-0.3703	0.4325
		b:
			-28.7142
			41.7794
			6.0236
			26.4184
			84.8653
			27.148
			272.4405
			96.1899
			19.2091
			-263.4405
			-90.1899
			-18.2091
	==================================================================================
	Q5:
		Shape: Hybrid
		q_c:	113.0	86.5	244.5
		ub :	117.7825	91.7677	249.0343
		lb :	108.2175	81.2323	239.9657
		P^-1:
			0.1278	-0.036	-0.0284
			-0.036	0.1198	-0.0317
			-0.0284	-0.0317	0.1349
		A:
			0.0069	0.5148	0.8573
			-0.4304	0.0031	-0.9026
			-0.0852	-0.649	0.756
			0.8206	-0.5143	0.2493
			-0.3093	-0.8913	0.3315
			-0.87	-0.3514	0.3458
		b:
			257.1282
			-266.9819
			120.3343
			110.5662
			-29.1518
			-42.3886
	==================================================================================
	Q6:
		Shape: Hybrid
		q_c:	110.0	79.5	256.0
		ub :	113.6347	85.2149	261.5439
		lb :	106.3653	73.7851	250.4561
		P^-1:
			0.354	0.1199	-0.1095
			0.1199	0.1118	-0.045
			-0.1095	-0.045	0.1036
		A:
			0.2154	0.8608	0.4612
			-0.9971	-0.0199	0.0729
			0.9549	0.0049	0.2969
			-0.7533	-0.6532	-0.0766
			-0.9707	-0.2199	0.0968
			-0.7684	-0.6087	0.1978
		b:
			213.2207
			-91.1595
			183.5947
			-152.7733
			-98.4067
			-81.1553


===========================================================================================
===========================================================================================
S5:
	q_c:	173.5	466.0	346.0
	ub :	187.1501	489.8104	375.3283
	lb :	153.6862	446.7542	331.6007

	==================================================================================
	Q1:
		Shape: Hybrid
		q_c:	162.5	472.0	339.5
		ub :	171.3138	481.5828	347.3993
		lb :	153.6862	462.4172	331.6007
		P^-1:
			0.0706	0.0459	0.0118
			0.0459	0.0586	-0.0078
			0.0118	-0.0078	0.0436
		A:
			-0.6593	-0.5828	-0.4751
			-0.769	-0.6268	0.1259
			-0.6717	-0.521	-0.5267
			0.7076	0.3126	0.6337
			-0.5161	-0.5367	-0.6676
			0.8384	0.2351	0.4918
		b:
			-541.3921
			-376.397
			-531.7648
			479.874
			-560.9007
			416.4329
	==================================================================================
	Q2:
		Shape: Hybrid
		q_c:	168.0	457.0	344.5
		ub :	175.3619	463.8282	352.6112
		lb :	160.6381	450.1718	336.3888
		P^-1:
			0.042	0.0053	0.0064
			0.0053	0.0572	-0.0093
			0.0064	-0.0093	0.0458
		A:
			-0.1482	-0.4175	0.8965
			-0.3226	-0.6163	-0.7184
			-0.657	-0.2863	0.6975
			0.228	-0.2171	-0.9492
			0.9455	0.3211	0.0537
			0.2076	0.9263	0.3144
		b:
			95.6239
			-580.6228
			2.0324
			-384.7024
			326.787
			568.9712
	==================================================================================
	Q3:
		Shape: Polyhedra
		q_c:	177.0	456.5	343.5
		ub :	187.1501	466.2458	353.5557
		lb :	166.8499	446.7542	333.4443
		A:
			0.7365	-0.0177	0.6762
			-0.2606	-0.5402	-0.8002
			0.192	-0.9206	0.34
			0.683	-0.5257	0.5072
			-0.994	-0.1084	0.0173
			-0.5965	-0.4866	-0.6383
			0.7293	0.3595	0.5821
			-0.4258	-0.4276	0.7974
			0.5356	-0.8294	-0.1588
			-0.7293	-0.3595	-0.5821
			0.4258	0.4276	-0.7974
			-0.5356	0.8294	0.1588
		b:
			360.2095
			-561.884
			-263.2514
			60.9083
			-213.4311
			-541.4655
			498.6581
			10.88
			-332.8742
			-487.6581
			4.12
			343.8742
	==================================================================================
	Q4:
		Shape: Hybrid
		q_c:	173.0	472.5	363.5
		ub :	181.5284	483.7872	375.3283
		lb :	164.4716	461.2128	351.6717
		P^-1:
			0.0404	0.0093	0.0012
			0.0093	0.0312	0.014
			0.0012	0.014	0.0219
		A:
			0.5095	0.8374	0.1981
			0.3092	-0.884	-0.3505
			0.875	0.437	0.2086
			-0.9717	0.1803	-0.1529
			0.9154	0.3451	0.2073
			-0.8477	-0.4832	-0.2187
		b:
			558.6377
			-488.0166
			436.008
			-134.7833
			399.236
			-452.1628
	==================================================================================
	Q5:
		Shape: Polyhedra
		q_c:	171.0	478.5	351.5
		ub :	181.3823	489.8104	363.3135
		lb :	160.6177	467.1896	339.6865
		A:
			0.7671	0.3913	0.5083
			-0.9984	-0.0534	-0.0192
			-0.6986	-0.2357	0.6756
			-0.985	-0.1519	0.082
			0.0898	-0.8296	-0.5511
			-0.6976	0.461	-0.5484
			0.5921	0.75	0.2948
			0.1096	-0.4374	0.8926
			0.7983	-0.4962	-0.3412
			-0.5921	-0.75	-0.2948
			-0.1096	0.4374	-0.8926
			-0.7983	0.4962	0.3412
		b:
			502.5913
			-195.8648
			13.2829
			-205.3398
			-568.6578
			-83.1538
			568.2367
			131.7097
			-212.3525
			-559.2367
			-114.7097
			229.3525
	==================================================================================
	Q6:
		Shape: Polyhedra
		q_c:	173.0	466.5	357.0
		ub :	183.0433	474.1484	367.1112
		lb :	162.9567	458.8516	346.8888
		A:
			0.5133	0.3074	0.8012
			-0.5455	-0.791	-0.277
			0.0403	0.9884	-0.1465
			0.0702	0.4167	0.9063
			-0.3696	-0.4539	-0.8108
			-0.7389	-0.5378	-0.4061
			0.6526	0.5038	0.5659
			0.4464	-0.8592	0.2502
			0.6123	0.0894	-0.7856
			-0.6526	-0.5038	-0.5659
			-0.4464	0.8592	-0.2502
			-0.6123	-0.0894	0.7856
		b:
			521.9273
			-558.5762
			421.8371
			536.1496
			-561.0753
			-520.7039
			552.4739
			-227.7659
			-123.8472
			-547.4739
			240.7659
			141.8472


===========================================================================================
===========================================================================================
S6:
	q_c:	132.5	233.5	121.0
	ub :	148.7268	251.2714	135.0625
	lb :	117.1863	215.348	100.995

	==================================================================================
	Q1:
		Shape: Ellipse
		q_c:	122.5	225.5	123.5
		ub :	127.8137	234.647	133.097
		lb :	117.1863	216.353	113.903
		P^-1:
			0.1001	0.0239	0.0151
			0.0239	0.0341	0.0086
			0.0151	0.0086	0.0224
	==================================================================================
	Q2:
		Shape: Polyhedra
		q_c:	141.5	244.5	109.0
		ub :	148.7268	251.2714	117.005
		lb :	134.2732	237.7286	100.995
		A:
			-0.7338	0.4601	-0.4999
			-0.9558	-0.292	0.0331
			0.0623	0.48	-0.875
			0.5806	0.4419	0.6838
			-0.0638	-0.7568	0.6505
			-0.0243	-0.914	0.4051
			0.4962	0.4969	0.712
			0.8612	-0.1779	-0.4761
			-0.1099	0.8494	-0.5162
			-0.4962	-0.4969	-0.712
			-0.8612	0.1779	0.4761
			0.1099	-0.8494	0.5162
		b:
			-41.3221
			-198.0732
			35.097
			269.7343
			-119.1079
			-178.7146
			274.3053
			31.4821
			139.856
			-264.3053
			-21.4821
			-131.856
	==================================================================================
	Q3:
		Shape: Ellipse
		q_c:	136.0	233.5	131.5
		ub :	139.6042	238.0783	135.0625
		lb :	132.3958	228.9217	127.9375
		P^-1:
			0.367	0.1862	-0.3189
			0.1862	0.1911	-0.2827
			-0.3189	-0.2827	0.6513
	==================================================================================
	Q4:
		Shape: Hybrid
		q_c:	140.5	236.0	126.0
		ub :	146.817	244.4361	134.533
		lb :	134.183	227.5639	117.467
		P^-1:
			0.0905	-0.0286	0.0195
			-0.0286	0.0432	-0.0121
			0.0195	-0.0121	0.0383
		A:
			-0.9973	-0.057	-0.0464
			0.6326	-0.43	0.6441
			0.9468	-0.1198	0.2987
			0.8875	0.0995	0.45
			0.081	0.7218	-0.6874
			0.4963	-0.8412	0.2147
		b:
			-156.9953
			70.617
			144.261
			207.3913
			98.764
			-99.1916
	==================================================================================
	Q5:
		Shape: Polyhedra
		q_c:	133.0	239.5	118.5
		ub :	140.5908	247.0701	126.5673
		lb :	125.4092	231.9299	110.4327
		A:
			-0.922	0.3796	0.0767
			0.1133	-0.0416	0.9927
			0.9239	-0.3825	0.0113
			-0.9104	0.0801	0.4059
			0.9972	0.0332	-0.0664
			0.9044	0.2989	-0.3045
			0.625	0.3548	0.6953
			-0.7314	0.5775	0.3628
			-0.2728	-0.7353	0.6204
			-0.625	-0.3548	-0.6953
			0.7314	-0.5775	-0.3628
			0.2728	0.7353	-0.6204
		b:
			-18.3699
			127.8025
			36.9404
			-49.5732
			137.3606
			160.3643
			255.9987
			88.0149
			-134.3647
			-244.9987
			-80.0149
			143.3647
	==================================================================================
	Q6:
		Shape: Polyhedra
		q_c:	140.0	225.0	112.5
		ub :	147.2441	234.652	121.4122
		lb :	132.7559	215.348	103.5878
		A:
			0.8689	-0.2658	-0.4175
			-0.9567	0.2837	-0.0655
			0.9645	-0.2132	-0.1561
			-0.8169	0.0934	0.5692
			0.0556	-0.3102	-0.949
			-0.9199	0.0757	0.3847
			0.6298	0.715	0.3036
			-0.0911	0.4562	-0.8852
			-0.7714	0.5298	0.3524
			-0.6298	-0.715	-0.3036
			0.0911	-0.4562	0.8852
			0.7714	-0.5298	-0.3524
		b:
			18.0348
			-73.2611
			73.3302
			-25.3792
			-162.873
			-64.4278
			290.6959
			-3.2017
			53.3644
			-275.6959
			16.2017
			-48.3644


===========================================================================================
===========================================================================================
S7:
	q_c:	452.5	488.0	129.5
	ub :	490.5728	499.6443	155.702
	lb :	426.9379	467.146	99.5185

	==================================================================================
	Q1:
		Shape: Ellipse
		q_c:	451.5	484.0	143.0
		ub :	466.8317	499.5299	155.702
		lb :	436.1683	468.4701	130.298
		P^-1:
			0.0168	-0.0026	-0.0108
			-0.0026	0.0108	0.005
			-0.0108	0.005	0.0238
	==================================================================================
	Q2:
		Shape: Polyhedra
		q_c:	480.5	479.0	146.5
		ub :	490.5728	487.9429	155.1822
		lb :	470.4272	470.0571	137.8178
		A:
			-0.351	0.1016	-0.9308
			0.3664	0.5803	-0.7273
			-0.1298	-0.3326	0.9341
			0.2253	0.8956	-0.3835
			-0.4058	0.4163	0.8136
			-0.6961	0.2372	0.6776
			0.8174	0.4725	0.3296
			-0.5342	0.4074	0.7407
			0.2157	-0.7815	0.5854
			-0.8174	-0.4725	-0.3296
			0.5342	-0.4074	-0.7407
			-0.2157	0.7815	-0.5854
		b:
			-250.7124
			352.3386
			-80.4575
			486.2963
			128.6886
			-116.392
			675.357
			51.9826
			-180.9616
			-659.357
			-41.9826
			188.9616
	==================================================================================
	Q3:
		Shape: Ellipse
		q_c:	461.0	482.5	135.0
		ub :	472.9652	497.854	148.327
		lb :	449.0348	467.146	121.673
		P^-1:
			0.0549	0.008	-0.0334
			0.008	0.0111	0.0014
			-0.0334	0.0014	0.0388
	==================================================================================
	Q4:
		Shape: Ellipse
		q_c:	444.5	491.0	133.5
		ub :	452.5807	499.0239	142.0099
		lb :	436.4193	482.9761	124.9901
		P^-1:
			0.0481	-0.0064	-0.015
			-0.0064	0.0363	-0.002
			-0.015	-0.002	0.0459
	==================================================================================
	Q5:
		Shape: Polyhedra
		q_c:	437.0	489.5	122.0
		ub :	447.0621	499.6443	127.4633
		lb :	426.9379	479.3557	116.5367
		A:
			-0.7561	0.4494	0.4757
			0.5961	-0.7627	0.2511
			0.47	0.1998	-0.8598
			-0.6881	0.5387	0.4861
			-0.7665	-0.6116	0.196
			0.7625	-0.6237	-0.172
			0.7272	0.6827	0.0712
			0.6864	-0.7241	-0.0678
			0.0053	0.0982	-0.9952
			-0.7272	-0.6827	-0.0712
			-0.6864	0.7241	0.0678
			-0.0053	-0.0982	0.9952
		b:
			-48.1526
			-78.5194
			204.258
			26.1067
			-600.2659
			10.6487
			671.163
			-59.2819
			-66.536
			-650.163
			66.2819
			75.536
	==================================================================================
	Q6:
		Shape: Ellipse
		q_c:	451.0	487.0	111.5
		ub :	464.3167	499.1652	123.4815
		lb :	437.6833	474.8348	99.5185
		P^-1:
			0.0152	0.003	-0.0069
			0.003	0.0244	-0.0121
			-0.0069	-0.0121	0.0272


===========================================================================================
===========================================================================================
S8:
	q_c:	150.5	148.0	520.0
	ub :	176.47	182.2526	543.8137
	lb :	117.7114	124.0272	492.4025

	==================================================================================
	Q1:
		Shape: Polyhedra
		q_c:	160.5	158.0	510.0
		ub :	176.47	175.4303	527.5975
		lb :	144.53	140.5697	492.4025
		A:
			-0.6358	0.5532	0.5383
			-0.0779	-0.0274	-0.9966
			-0.4672	0.8833	0.0395
			-0.1124	0.517	0.8486
			-0.5822	0.7972	-0.1596
			-0.0541	0.1498	0.9872
			0.5284	0.5317	0.6619
			-0.0517	-0.758	0.6502
			0.8474	-0.3778	-0.3731
			-0.5284	-0.5317	-0.6619
			0.0517	0.758	-0.6502
			-0.8474	0.3778	0.3731
		b:
			271.7038
			-514.8684
			95.8711
			507.1944
			-37.7584
			528.9535
			516.3809
			213.514
			-101.9502
			-496.3809
			-193.514
			125.9502
	==================================================================================
	Q2:
		Shape: Ellipse
		q_c:	142.0	138.5	531.5
		ub :	154.3158	152.9728	543.8137
		lb :	129.6842	124.0272	519.1863
		P^-1:
			0.0189	0.001	-0.0065
			0.001	0.0178	-0.0108
			-0.0065	-0.0108	0.0217
	==================================================================================
	Q3:
		Shape: Hybrid
		q_c:	144.0	163.0	531.5
		ub :	153.6491	174.2196	543.7366
		lb :	134.3509	151.7804	519.2634
		P^-1:
			0.0574	-0.0282	-0.0172
			-0.0282	0.0352	0.0058
			-0.0172	0.0058	0.0205
		A:
			0.7213	-0.1184	-0.6824
			-0.7867	0.0246	-0.6168
			0.9394	-0.3094	0.1476
			0.4687	0.0444	-0.8822
			0.7955	-0.5975	-0.1014
			-0.5701	0.3166	0.7581
		b:
			-274.9561
			-430.4795
			166.9891
			-389.5219
			-34.7358
			376.0969
	==================================================================================
	Q4:
		Shape: Hybrid
		q_c:	141.5	137.5	524.0
		ub :	155.7254	146.9489	538.7332
		lb :	127.2746	128.0511	509.2668
		P^-1:
			0.027	0.0189	0.0155
			0.0189	0.0373	0.0154
			0.0155	0.0154	0.019
		A:
			-0.427	-0.8901	-0.1594
			-0.5997	-0.5301	-0.5996
			0.3842	0.771	0.508
			0.8748	0.4542	0.1685
			0.8887	0.2021	0.4116
			-0.4318	-0.1883	-0.8821
		b:
			-263.2866
			-469.4531
			429.0113
			278.8389
			373.2502
			-543.8708
	==================================================================================
	Q5:
		Shape: Polyhedra
		q_c:	164.0	138.0	526.5
		ub :	176.2372	147.8174	537.2566
		lb :	151.7628	128.1826	515.7434
		A:
			0.0853	-0.887	-0.4538
			-0.1361	-0.7363	-0.6629
			0.0316	0.8032	0.5949
			0.3224	0.7558	0.5699
			0.8745	-0.4844	-0.0257
			-0.2981	-0.7336	-0.6107
			0.1089	0.7528	0.6491
			-0.864	0.3946	-0.3128
			-0.4916	-0.5268	0.6934
			-0.1089	-0.7528	-0.6491
			0.864	-0.3946	0.3128
			0.4916	0.5268	-0.6934
		b:
			-344.4133
			-471.3998
			430.9426
			459.8109
			70.8102
			-469.4054
			465.0144
			-243.9003
			222.2614
			-462.0144
			259.9003
			-201.2614
	==================================================================================
	Q6:
		Shape: Ellipse
		q_c:	132.5	167.0	511.5
		ub :	147.2886	182.2526	527.9011
		lb :	117.7114	151.7474	495.0989
		P^-1:
			0.0137	-0.0067	-0.0031
			-0.0067	0.0165	0.0038
			-0.0031	0.0038	0.01


===========================================================================================
===========================================================================================
