3D_30_25_6_c                l = 3

===========================================================================================
===========================================================================================
S1:
	q_c:	468.5	73.5	469.0
	ub :	476.6803	84.5151	481.9506
	lb :	456.4917	61.4457	457.8821

	==================================================================================
	Q1:
		Shape: Ellipse
		q_c:	466.0	72.0	465.0
		ub :	470.7077	76.3479	468.7663
		lb :	461.2923	67.6521	461.2337
		P^-1:
			0.1256	0.0379	0.0039
			0.0379	0.1151	0.008
			0.0039	0.008	0.1121
	==================================================================================
	Q2:
		Shape: Polyhedra
		q_c:	467.0	79.5	471.5
		ub :	471.6523	84.5151	476.1837
		lb :	462.3477	74.4849	466.8163
		A:
			0.4797	-0.5145	-0.7107
			-0.5445	0.4712	-0.6939
			-0.5171	0.7923	0.3238
			-0.1391	-0.3651	0.9205
			-0.7908	0.552	-0.2646
			-0.0766	-0.6883	-0.7214
			0.3574	0.0269	0.9335
			-0.9233	0.1603	0.3489
			-0.1403	-0.9867	0.0821
			-0.3574	-0.0269	-0.9335
			0.9233	-0.1603	-0.3489
			0.1403	0.9867	-0.0821
		b:
			-148.5985
			-540.3274
			-22.0453
			343.69
			-446.6544
			-426.7331
			612.7308
			-250.9384
			-100.7362
			-605.7308
			256.9384
			109.7362
	==================================================================================
	Q3:
		Shape: Polyhedra
		q_c:	464.0	68.0	472.5
		ub :	471.5083	74.5543	479.1204
		lb :	456.4917	61.4457	465.8796
		A:
			-0.0371	-0.7906	0.6112
			-0.247	0.9451	0.214
			-0.0157	-0.848	0.5297
			-0.0661	-0.9964	-0.0535
			0.1373	-0.6572	-0.7411
			0.4031	0.8964	-0.1843
			0.525	0.8062	0.2729
			0.3839	0.0619	-0.9213
			-0.7596	0.5885	-0.277
			-0.525	-0.8062	-0.2729
			-0.3839	-0.0619	0.9213
			0.7596	-0.5885	0.277
		b:
			222.292
			55.2783
			189.833
			-119.2277
			-326.6196
			165.4077
			431.8746
			-248.4763
			-438.8172
			-422.8746
			257.4763
			447.8172
	==================================================================================
	Q4:
		Shape: Polyhedra
		q_c:	472.5	69.5	477.5
		ub :	476.6803	73.6754	481.9506
		lb :	468.3197	65.3246	473.0494
		A:
			-0.0705	-0.2984	0.9518
			-0.6945	0.1105	-0.7109
			-0.1859	0.8727	0.4516
			-0.602	0.5986	-0.5285
			0.5051	-0.8425	0.1871
			-0.3729	-0.1379	-0.9176
			0.2657	0.8428	0.468
			0.9363	-0.11	-0.3336
			-0.2297	0.5268	-0.8184
			-0.2657	-0.8428	-0.468
			-0.9363	0.11	0.3336
			0.2297	-0.5268	0.8184
		b:
			403.028
			-657.2681
			191.4322
			-492.595
			272.2064
			-621.1927
			410.5891
			278.4484
			-460.2008
			-404.5891
			-272.4484
			465.2008
	==================================================================================
	Q5:
		Shape: Polyhedra
		q_c:	470.0	68.0	468.0
		ub :	474.2181	72.6314	472.8635
		lb :	465.7819	63.3686	463.1365
		A:
			-0.2101	0.0414	-0.9768
			0.9077	0.409	0.0933
			0.7086	-0.3428	0.6168
			0.242	0.5913	0.7693
			0.9412	-0.3122	0.1294
			-0.1967	-0.593	-0.7808
			0.7474	0.1111	0.655
			-0.6644	0.1159	0.7384
			0.0061	-0.987	0.1604
			-0.7474	-0.1111	-0.655
			0.6644	-0.1159	-0.7384
			-0.0061	0.987	-0.1604
		b:
			-550.1374
			501.1168
			601.2337
			517.0792
			484.7301
			-495.0523
			667.8832
			44.6856
			14.8139
			-662.8832
			-37.6856
			-6.8139
	==================================================================================
	Q6:
		Shape: Ellipse
		q_c:	470.5	77.0	463.5
		ub :	475.2817	82.1367	469.1179
		lb :	465.7183	71.8633	457.8821
		P^-1:
			0.1398	-0.0093	-0.0319
			-0.0093	0.1102	0.0276
			-0.0319	0.0276	0.0705


===========================================================================================
===========================================================================================
S2:
	q_c:	414.0	308.0	252.0
	ub :	434.8657	328.8557	267.5071
	lb :	400.5177	296.4172	231.7373

	==================================================================================
	Q1:
		Shape: Hybrid
		q_c:	420.5	317.0	243.0
		ub :	430.2335	328.8557	254.2627
		lb :	410.7665	305.1443	231.7373
		P^-1:
			0.0344	-0.0098	0.002
			-0.0098	0.0224	0.0001
			0.002	0.0001	0.0166
		A:
			-0.6668	-0.0037	-0.7453
			0.9915	-0.1182	-0.0536
			-0.1602	0.4091	-0.8983
			-0.4314	-0.0222	-0.9019
			0.9848	0.1623	0.0622
			0.9638	-0.0747	0.2559
		b:
			-458.4542
			369.4888
			-150.9571
			-402.8311
			484.3375
			446.8619
	==================================================================================
	Q2:
		Shape: Polyhedra
		q_c:	408.0	305.0	252.0
		ub :	415.4823	313.5828	260.5384
		lb :	400.5177	296.4172	243.4616
		A:
			-0.1329	0.8336	0.5361
			0.8314	-0.3275	0.4488
			-0.7107	0.6668	-0.2243
			-0.256	0.8128	-0.5233
			-0.8743	0.2701	0.4032
			-0.5662	-0.8099	-0.1531
			0.4174	0.5333	0.7358
			0.801	-0.5983	-0.0208
			0.4292	0.5981	-0.6769
			-0.4174	-0.5333	-0.7358
			-0.801	0.5983	0.0208
			-0.4292	-0.5981	0.6769
		b:
			340.186
			356.4723
			-139.7938
			16.4055
			-168.7983
			-510.6358
			524.3647
			142.0992
			192.929
			-512.3647
			-136.0992
			-180.929
	==================================================================================
	Q3:
		Shape: Hybrid
		q_c:	422.5	316.0	251.5
		ub :	434.1221	326.7119	262.9576
		lb :	410.8779	305.2881	240.0424
		P^-1:
			0.0229	0.0005	-0.005
			0.0005	0.0178	-0.0005
			-0.005	-0.0005	0.0227
		A:
			-0.3666	0.6674	0.6483
			0.6195	-0.135	0.7733
			0.6937	0.0208	-0.7199
			0.3416	-0.5199	-0.783
			-0.7439	-0.4938	0.4503
			0.0119	0.996	-0.0881
		b:
			222.9208
			418.0307
			121.6104
			-213.2031
			-353.7372
			302.0713
	==================================================================================
	Q4:
		Shape: Hybrid
		q_c:	426.5	306.5	260.0
		ub :	434.8657	314.6398	267.5071
		lb :	418.1343	298.3602	252.4929
		P^-1:
			0.0404	-0.0017	-0.005
			-0.0017	0.036	-0.0039
			-0.005	-0.0039	0.046
		A:
			0.2175	-0.2204	-0.9509
			-0.8237	-0.2689	-0.4993
			0.734	-0.3206	-0.5987
			-0.2992	0.9489	0.1001
			0.801	-0.3888	-0.4552
			0.9046	0.422	-0.0608
		b:
			-219.5325
			-560.448
			61.5937
			192.22
			106.6503
			502.2084
	==================================================================================
	Q5:
		Shape: Ellipse
		q_c:	408.5	305.5	257.5
		ub :	413.3342	310.2407	262.0898
		lb :	403.6658	300.7593	252.9102
		P^-1:
			0.1244	-0.0335	-0.0199
			-0.0335	0.1284	-0.0188
			-0.0199	-0.0188	0.1488
	==================================================================================
	Q6:
		Shape: Hybrid
		q_c:	420.5	304.5	247.0
		ub :	423.7205	311.8838	252.9687
		lb :	417.2795	297.1162	241.0313
		P^-1:
			0.8633	-0.0047	-0.3292
			-0.0047	0.0353	-0.0232
			-0.3292	-0.0232	0.2067
		A:
			-0.9188	0.0731	0.3879
			0.84	0.0363	-0.5414
			0.9486	0.1018	-0.2996
			0.7129	0.1813	-0.6774
			-0.9385	0.2812	0.2003
			-0.5979	-0.0884	0.7967
		b:
			-267.6545
			231.2465
			356.6988
			188.8363
			-258.2568
			-79.8613


===========================================================================================
===========================================================================================
S3:
	q_c:	456.0	207.0	173.0
	ub :	481.1612	230.7522	196.3092
	lb :	426.5435	187.2954	157.2515

	==================================================================================
	Q1:
		Shape: Hybrid
		q_c:	438.5	217.0	170.5
		ub :	450.4565	230.7522	183.7485
		lb :	426.5435	203.2478	157.2515
		P^-1:
			0.0194	0.0075	-0.0085
			0.0075	0.0175	-0.0048
			-0.0085	-0.0048	0.02
		A:
			0.7285	0.1129	-0.6757
			-0.0928	-0.4924	0.8654
			0.1847	0.7447	-0.6414
			-0.6073	-0.7788	-0.1569
			-0.9123	0.0367	-0.4078
			0.037	0.0035	0.9993
		b:
			232.1553
			4.4847
			137.3558
			-457.4769
			-454.9123
			192.6275
	==================================================================================
	Q2:
		Shape: Ellipse
		q_c:	469.5	198.0	185.0
		ub :	478.0782	208.7046	196.3092
		lb :	460.9218	187.2954	173.6908
		P^-1:
			0.0232	0.0009	0.0017
			0.0009	0.0157	0.0002
			0.0017	0.0002	0.016
	==================================================================================
	Q3:
		Shape: Polyhedra
		q_c:	471.0	200.5	184.5
		ub :	481.1612	211.1156	194.6017
		lb :	460.8388	189.8844	174.3983
		A:
			0.6586	0.5211	-0.5429
			-0.5796	0.2607	0.7721
			-0.8141	-0.1112	-0.57
			-0.0981	0.366	0.9254
			-0.0169	0.1948	-0.9807
			-0.6504	0.1276	-0.7488
			0.7721	0.206	0.6012
			-0.4609	0.8328	0.3065
			-0.4376	-0.5137	0.738
			-0.7721	-0.206	-0.6012
			0.4609	-0.8328	-0.3065
			0.4376	0.5137	-0.738
		b:
			320.8816
			-71.2096
			-505.8527
			204.4341
			-143.7507
			-413.6054
			520.8784
			13.966
			-166.4427
			-510.8784
			1.034
			179.4427
	==================================================================================
	Q4:
		Shape: Polyhedra
		q_c:	465.5	206.5	177.0
		ub :	476.977	215.7199	188.455
		lb :	454.023	197.2801	165.545
		A:
			-0.2238	0.4647	-0.8568
			-0.0333	0.7084	0.705
			-0.6705	0.4495	-0.5902
			-0.0872	0.9942	0.063
			0.1481	0.9875	0.0545
			-0.998	-0.0597	-0.0215
			0.5873	0.7671	0.2581
			0.5532	-0.1476	-0.8199
			-0.5908	0.6243	-0.511
			-0.5873	-0.7671	-0.2581
			-0.5532	0.1476	0.8199
			0.5908	-0.6243	0.511
		b:
			-153.1135
			262.7116
			-317.7554
			181.7715
			288.1634
			-474.09
			482.997
			90.3899
			-230.5421
			-471.997
			-73.3899
			242.5421
	==================================================================================
	Q5:
		Shape: Polyhedra
		q_c:	468.0	213.5	173.5
		ub :	476.5859	222.4697	183.6005
		lb :	459.4141	204.5303	163.3995
		A:
			-0.2831	-0.8542	-0.4362
			-0.4015	-0.2374	-0.8845
			0.4523	0.093	0.887
			-0.4602	-0.42	0.7822
			-0.556	-0.0604	-0.829
			0.8672	0.3864	0.3141
			0.6882	0.5276	0.498
			0.698	-0.2943	-0.6529
			-0.1979	0.7969	-0.5708
			-0.6882	-0.5276	-0.498
			-0.698	0.2943	0.6529
			0.1979	-0.7969	0.5708
		b:
			-386.1515
			-387.5324
			390.134
			-162.3507
			-412.4844
			546.4397
			524.1341
			158.047
			-15.0247
			-518.1341
			-143.047
			28.0247
	==================================================================================
	Q6:
		Shape: Hybrid
		q_c:	452.0	199.0	168.0
		ub :	460.691	206.7495	175.2127
		lb :	443.309	191.2505	160.7873
		P^-1:
			0.0311	-0.0054	0.0003
			-0.0054	0.0367	-0.0004
			0.0003	-0.0004	0.0278
		A:
			-0.2222	0.8191	0.5289
			-0.7475	0.4013	-0.5293
			-0.8098	-0.0525	0.5843
			-0.2023	-0.9559	0.2129
			-0.5425	-0.7305	0.4149
			-0.1838	0.1329	-0.9739
		b:
			154.2951
			-343.9802
			-274.9366
			-242.8737
			-317.487
			-216.8221


===========================================================================================
===========================================================================================
S4:
	q_c:	325.0	152.0	295.5
	ub :	335.1224	166.0346	308.0917
	lb :	314.5752	140.4852	284.1572

	==================================================================================
	Q1:
		Shape: Polyhedra
		q_c:	322.5	154.0	298.0
		ub :	327.0978	157.8901	302.7565
		lb :	317.9022	150.1099	293.2435
		A:
			-0.6886	0.6882	0.2285
			0.4868	-0.8731	-0.0252
			0.8017	-0.2264	-0.5532
			-0.3805	0.6842	-0.6222
			0.2388	-0.8467	0.4754
			0.934	-0.3564	0.0255
			0.6714	0.7244	0.1566
			0.3095	-0.082	-0.9474
			-0.6734	0.6845	-0.2792
			-0.6714	-0.7244	-0.1566
			-0.3095	0.082	0.9474
			0.6734	-0.6845	0.2792
		b:
			-45.6362
			17.0164
			62.2153
			-200.5452
			90.5131
			256.1379
			378.2398
			-191.1344
			-193.4843
			-371.2398
			199.1344
			196.4843
	==================================================================================
	Q2:
		Shape: Polyhedra
		q_c:	324.0	145.5	289.0
		ub :	329.2232	150.5148	293.8428
		lb :	318.7768	140.4852	284.1572
		A:
			0.1505	-0.4347	0.8879
			0.0147	-0.8592	0.5115
			-0.3513	0.6175	-0.7037
			-0.4371	-0.041	0.8985
			-0.2514	-0.8624	0.4395
			0.9118	-0.2953	-0.2855
			0.9542	0.1865	0.2341
			-0.0554	-0.6585	0.7506
			0.2941	-0.7292	-0.6179
			-0.9542	-0.1865	-0.2341
			0.0554	0.6585	-0.7506
			-0.2941	0.7292	0.6179
		b:
			244.0903
			29.5674
			-225.219
			115.3049
			-77.696
			174.1562
			407.9267
			104.6484
			-184.896
			-399.9267
			-101.6484
			193.896
	==================================================================================
	Q3:
		Shape: Hybrid
		q_c:	331.0	155.5	294.0
		ub :	335.1224	157.6039	298.2589
		lb :	326.8776	153.3961	289.7411
		P^-1:
			0.1171	-0.0535	0.0088
			-0.0535	0.4357	-0.0002
			0.0088	-0.0002	0.0844
		A:
			-0.1086	0.9039	0.4137
			-0.2903	0.6927	0.6603
			-0.1709	0.8758	-0.4513
			0.206	-0.8919	0.4025
			-0.0127	0.9146	-0.4042
			-0.0234	0.9469	-0.3207
		b:
			227.4543
			207.6085
			-51.7828
			49.0448
			20.4235
			46.3022
	==================================================================================
	Q4:
		Shape: Hybrid
		q_c:	327.5	149.0	296.0
		ub :	332.6345	153.8621	300.7164
		lb :	322.3655	144.1379	291.2836
		P^-1:
			0.1219	-0.0332	-0.0074
			-0.0332	0.1302	-0.0132
			-0.0074	-0.0132	0.1006
		A:
			0.0603	-0.9982	-0.0044
			-0.9314	0.1868	0.3125
			-0.8613	0.3397	0.3777
			-0.98	-0.083	-0.181
			-0.9512	0.2716	0.1464
			-0.4907	-0.1524	-0.8579
		b:
			-128.6634
			-183.1376
			-118.195
			-385.006
			-226.2229
			-435.2322
	==================================================================================
	Q5:
		Shape: Polyhedra
		q_c:	320.5	147.0	294.0
		ub :	326.4248	151.1236	299.2368
		lb :	314.5752	142.8764	288.7632
		A:
			-0.4044	-0.3714	0.8358
			-0.1148	-0.9483	0.2959
			-0.6394	0.6868	-0.3456
			0.4383	-0.7619	0.4769
			-0.1456	0.7554	-0.6389
			0.8115	-0.5577	-0.1745
			0.7992	0.419	0.4309
			0.4309	-0.8992	0.0752
			0.419	0.1255	-0.8993
			-0.7992	-0.419	-0.4309
			-0.4309	0.8992	-0.0752
			-0.419	-0.1255	0.8993
		b:
			64.9505
			-86.4218
			-203.0378
			171.119
			-120.7979
			129.5185
			448.9259
			30.0374
			-108.1458
			-439.9259
			-26.0374
			115.1458
	==================================================================================
	Q6:
		Shape: Ellipse
		q_c:	328.0	159.5	301.5
		ub :	333.5848	166.0346	308.0917
		lb :	322.4152	152.9654	294.9083
		P^-1:
			0.0715	-0.0072	0.0063
			-0.0072	0.0682	-0.005
			0.0063	-0.005	0.0669


===========================================================================================
===========================================================================================
S5:
	q_c:	72.5	161.5	451.5
	ub :	76.0437	164.492	454.753
	lb :	71.1251	159.6157	448.5204

	==================================================================================
	Q1:
		Shape: Ellipse
		q_c:	73.5	161.5	452.5
		ub :	75.1455	162.9515	453.9128
		lb :	71.8545	160.0485	451.0872
		P^-1:
			1.0	0.0	-0.0
			0.0	1.0	-0.0
			-0.0	-0.0	1.0
	==================================================================================
	Q2:
		Shape: Ellipse
		q_c:	73.0	161.5	453.5
		ub :	74.4507	162.8287	454.753
		lb :	71.5493	160.1713	452.247
		P^-1:
			1.8344	1.0092	0.888
			1.0092	2.2206	1.074
			0.888	1.074	1.945
	==================================================================================
	Q3:
		Shape: Ellipse
		q_c:	73.5	163.5	453.0
		ub :	74.9843	164.492	454.4725
		lb :	72.0157	162.508	451.5275
		P^-1:
			1.1726	-0.6522	0.2503
			-0.6522	3.4645	-0.9457
			0.2503	-0.9457	1.3629
	==================================================================================
	Q4:
		Shape: Hybrid
		q_c:	73.5	161.5	453.0
		ub :	74.6461	162.6324	454.1467
		lb :	72.3539	160.3676	451.8533
		P^-1:
			1.0127	0.1517	-0.1221
			0.1517	2.8129	-1.4591
			-0.1221	-1.4591	2.1744
		A:
			-0.7213	-0.6873	0.0851
			-0.0076	-0.5191	0.8547
			-0.3232	-0.5664	0.7581
			0.1295	-0.0984	0.9867
			-0.248	-0.8759	0.414
			-0.5618	-0.8273	-0.0065
		b:
			-124.8887
			303.1078
			228.5288
			441.1589
			28.1717
			-177.2612
	==================================================================================
	Q5:
		Shape: Polyhedra
		q_c:	74.5	161.5	452.5
		ub :	76.0437	163.1965	454.1421
		lb :	72.9563	159.8035	450.8579
		A:
			0.7679	0.2457	0.5916
			0.5837	-0.5506	-0.5968
			-0.0515	0.8393	0.5412
			-0.413	-0.2059	0.8871
			-0.8063	-0.3947	0.4405
			-0.991	-0.1233	0.0517
			0.5982	0.704	0.3827
			0.7851	-0.4194	-0.4557
			-0.1603	0.5731	-0.8037
			-0.5982	-0.704	-0.3827
			-0.7851	0.4194	0.4557
			0.1603	-0.5731	0.8037
		b:
			365.594
			-314.4722
			377.6233
			338.4043
			76.5119
			-69.3674
			332.4396
			-214.4532
			-282.0485
			-330.4396
			216.4532
			284.0485
	==================================================================================
	Q6:
		Shape: Polyhedra
		q_c:	73.0	161.5	450.5
		ub :	74.8749	163.3843	452.4796
		lb :	71.1251	159.6157	448.5204
		A:
			0.3127	0.9498	0.0045
			0.9813	-0.1739	-0.0823
			-0.2956	0.0213	0.9551
			0.9536	-0.2407	0.1807
			-0.073	-0.774	0.6289
			-0.9412	-0.2468	-0.2309
			0.3892	0.4934	0.7778
			-0.5586	0.7979	-0.2266
			-0.7324	-0.3463	0.5862
			-0.3892	-0.4934	-0.7778
			0.5586	-0.7979	0.2266
			0.7324	0.3463	-0.5862
		b:
			179.4315
			7.512
			413.3673
			113.2471
			154.0031
			-211.3386
			460.0191
			-13.0114
			155.6785
			-457.0191
			15.0114
			-153.6785


===========================================================================================
===========================================================================================
S6:
	q_c:	509.0	58.0	293.0
	ub :	523.2232	78.9203	310.6456
	lb :	493.343	38.9836	282.4081

	==================================================================================
	Q1:
		Shape: Hybrid
		q_c:	515.5	64.5	298.5
		ub :	519.6834	67.9718	302.3888
		lb :	511.3166	61.0282	294.6112
		P^-1:
			0.16	-0.0	0.0
			-0.0	0.16	0.0
			0.0	0.0	0.16
		A:
			0.9572	-0.2107	-0.1983
			-0.159	0.2502	-0.9551
			0.0243	-0.8464	0.532
			0.3387	-0.7839	0.5204
			0.6727	0.7293	0.125
			0.7755	0.6297	0.0451
		b:
			421.9306
			-349.6684
			117.9746
			280.6213
			432.3796
			455.0976
	==================================================================================
	Q2:
		Shape: Ellipse
		q_c:	505.0	72.5	287.5
		ub :	509.9408	78.0855	292.5919
		lb :	500.0592	66.9145	282.4081
		P^-1:
			0.1158	-0.046	-0.0146
			-0.046	0.107	0.0042
			-0.0146	0.0042	0.0814
	==================================================================================
	Q3:
		Shape: Ellipse
		q_c:	502.5	69.5	300.5
		ub :	511.657	78.9203	310.6456
		lb :	493.343	60.0797	290.3544
		P^-1:
			0.0301	0.0055	0.0144
			0.0055	0.0202	0.0064
			0.0144	0.0064	0.0347
	==================================================================================
	Q4:
		Shape: Ellipse
		q_c:	504.5	59.5	301.0
		ub :	508.5664	63.7804	305.6308
		lb :	500.4336	55.2196	296.3692
		P^-1:
			0.1864	-0.0521	0.0063
			-0.0521	0.195	0.0465
			0.0063	0.0465	0.1102
	==================================================================================
	Q5:
		Shape: Hybrid
		q_c:	514.5	47.5	293.0
		ub :	523.2232	56.0164	300.5965
		lb :	505.7768	38.9836	285.4035
		P^-1:
			0.0299	0.0044	0.0007
			0.0044	0.0268	0.0003
			0.0007	0.0003	0.0205
		A:
			-0.5242	0.2422	0.8164
			0.274	0.2237	0.9354
			0.8802	0.2002	-0.4303
			0.5839	-0.7422	-0.3289
			-0.1245	-0.1802	-0.9757
			-0.7536	-0.0222	-0.657
		b:
			-14.9002
			429.6772
			339.5473
			172.6056
			-354.3406
			-577.7383
	==================================================================================
	Q6:
		Shape: Ellipse
		q_c:	514.5	54.5	294.0
		ub :	520.3298	61.1074	299.4337
		lb :	508.6702	47.8926	288.5663
		P^-1:
			0.0591	-0.0057	-0.0008
			-0.0057	0.0527	0.0005
			-0.0008	0.0005	0.0494


===========================================================================================
===========================================================================================
S7:
	q_c:	165.5	188.5	251.5
	ub :	179.5893	213.2764	273.5305
	lb :	149.9045	171.1985	227.4277

	==================================================================================
	Q1:
		Shape: Ellipse
		q_c:	171.0	200.5	235.0
		ub :	179.5893	208.0149	242.5723
		lb :	162.4107	192.9851	227.4277
		P^-1:
			0.0193	-0.0075	0.0026
			-0.0075	0.0554	-0.0134
			0.0026	-0.0134	0.0293
	==================================================================================
	Q2:
		Shape: Ellipse
		q_c:	161.5	199.0	249.5
		ub :	168.1508	204.0309	255.6946
		lb :	154.8492	193.9691	243.3054
		P^-1:
			0.0552	0.001	0.0064
			0.001	0.0624	-0.0009
			0.0064	-0.0009	0.0568
	==================================================================================
	Q3:
		Shape: Ellipse
		q_c:	159.5	204.0	243.5
		ub :	169.0955	213.2764	251.0019
		lb :	149.9045	194.7236	235.9981
		P^-1:
			0.0347	-0.007	-0.0235
			-0.007	0.027	0.0062
			-0.0235	0.0062	0.0681
	==================================================================================
	Q4:
		Shape: Ellipse
		q_c:	160.5	191.0	237.5
		ub :	170.3643	201.2286	246.6096
		lb :	150.6357	180.7714	228.3904
		P^-1:
			0.0588	0.0169	0.0439
			0.0169	0.0277	0.0039
			0.0439	0.0039	0.07
	==================================================================================
	Q5:
		Shape: Polyhedra
		q_c:	169.0	193.5	267.0
		ub :	175.9662	199.4331	273.5305
		lb :	162.0338	187.5669	260.4695
		A:
			0.9587	-0.1945	-0.2076
			0.3255	0.2565	-0.9101
			-0.0687	-0.5726	0.817
			-0.0804	-0.583	0.8085
			0.2556	0.5385	-0.8029
			0.1334	0.8579	-0.4962
			0.4507	0.5817	0.6772
			-0.0208	-0.7515	0.6594
			0.8924	-0.3113	-0.3266
			-0.4507	-0.5817	-0.6772
			0.0208	0.7515	-0.6594
			-0.8924	0.3113	0.3266
		b:
			73.5206
			-135.1494
			97.4391
			91.0936
			-65.0992
			57.8201
			376.0203
			28.1196
			7.8992
			-363.0203
			-26.1196
			1.1008
	==================================================================================
	Q6:
		Shape: Ellipse
		q_c:	161.5	181.0	256.5
		ub :	170.034	190.8015	264.6234
		lb :	152.966	171.1985	248.3766
		P^-1:
			0.0278	-0.0	0.0001
			-0.0	0.0284	-0.0017
			0.0001	-0.0017	0.0324


===========================================================================================
===========================================================================================
S8:
	q_c:	368.5	453.0	91.0
	ub :	382.5621	464.1362	101.2418
	lb :	358.9842	439.563	81.3515

	==================================================================================
	Q1:
		Shape: Polyhedra
		q_c:	364.0	460.5	96.0
		ub :	369.0158	463.1355	101.2418
		lb :	358.9842	457.8645	90.7582
		A:
			0.7063	-0.5564	-0.4377
			-0.2041	0.7455	0.6345
			-0.2873	-0.8897	0.3548
			0.6595	0.1975	-0.7253
			0.6412	0.7625	-0.086
			-0.5546	0.7981	0.2355
			0.6839	0.0666	0.7265
			-0.7271	0.1445	0.6712
			-0.0602	-0.9873	0.1472
			-0.6839	-0.0666	-0.7265
			0.7271	-0.1445	-0.6712
			0.0602	0.9873	-0.1472
		b:
			-38.683
			332.6402
			-478.1627
			263.8106
			579.0005
			190.6066
			353.8755
			-131.185
			-460.4255
			-344.8755
			136.185
			464.4255
	==================================================================================
	Q2:
		Shape: Polyhedra
		q_c:	375.5	455.0	88.0
		ub :	379.3833	460.9541	94.5408
		lb :	371.6167	449.0459	81.4592
		A:
			0.626	0.7628	-0.1617
			-0.9797	0.113	-0.1656
			-0.7098	0.682	0.1763
			0.6889	-0.2815	0.668
			-0.4423	-0.253	-0.8605
			-0.2743	0.9353	-0.2234
			0.1543	0.4048	0.9013
			0.0375	0.9091	-0.4148
			-0.9873	0.0978	0.1251
			-0.1543	-0.4048	-0.9013
			-0.0375	-0.9091	0.4148
			0.9873	-0.0978	-0.1251
		b:
			571.74
			-327.843
			62.8146
			193.4282
			-352.0596
			306.8424
			326.4403
			395.2434
			-312.2365
			-316.4403
			-387.2434
			318.2365
	==================================================================================
	Q3:
		Shape: Hybrid
		q_c:	370.5	450.0	89.0
		ub :	378.2944	454.6711	96.6485
		lb :	362.7056	445.3289	81.3515
		P^-1:
			0.0471	-0.014	0.0232
			-0.014	0.0986	-0.016
			0.0232	-0.016	0.0557
		A:
			0.8864	-0.4566	0.0765
			-0.5068	0.1753	-0.844
			0.5564	-0.5946	0.5804
			0.0604	0.3811	0.9226
			-0.4523	0.119	-0.8839
			-0.0159	-0.7253	-0.6883
		b:
			132.7437
			-181.8037
			-8.0668
			279.1446
			-190.3712
			-390.7082
	==================================================================================
	Q4:
		Shape: Hybrid
		q_c:	376.5	445.5	89.0
		ub :	382.5621	451.437	95.7688
		lb :	370.4379	439.563	82.2312
		P^-1:
			0.1393	-0.0839	0.0564
			-0.0839	0.1161	-0.0555
			0.0564	-0.0555	0.084
		A:
			0.3053	-0.2948	-0.9055
			0.5174	-0.5866	0.623
			-0.4533	-0.4909	0.744
			0.9677	-0.0508	0.247
			0.3628	-0.1863	0.9131
			-0.966	0.1211	-0.2285
		b:
			-93.304
			-9.8068
			-319.788
			365.9947
			137.3259
			-327.9151
	==================================================================================
	Q5:
		Shape: Polyhedra
		q_c:	364.5	459.5	92.5
		ub :	369.1789	464.1362	97.863
		lb :	359.8211	454.8638	87.137
		A:
			0.7192	0.6869	-0.1045
			-0.5539	-0.4349	-0.7099
			0.4821	0.3744	0.7921
			0.7823	0.288	0.5523
			0.5304	0.2094	0.8215
			0.7558	0.466	0.46
			0.6236	0.6294	0.4637
			0.7605	-0.3513	-0.5461
			-0.1808	0.6932	-0.6977
			-0.6236	-0.6294	-0.4637
			-0.7605	0.3513	0.5461
			0.1808	-0.6932	0.6977
		b:
			570.4635
			-465.9385
			422.8725
			470.269
			367.619
			533.471
			560.3927
			69.8054
			191.5737
			-558.3927
			-60.8054
			-184.5737
	==================================================================================
	Q6:
		Shape: Polyhedra
		q_c:	368.0	454.0	91.0
		ub :	374.0785	461.5443	98.197
		lb :	361.9215	446.4557	83.803
		A:
			-0.8767	0.4567	0.1513
			0.7763	-0.0224	-0.63
			-0.9222	0.2777	0.269
			0.6498	-0.7182	0.2487
			-0.6642	-0.5168	-0.5401
			-0.1412	0.8118	0.5666
			0.093	0.5238	0.8468
			-0.404	0.7971	-0.4487
			-0.91	-0.3004	0.2857
			-0.093	-0.5238	-0.8468
			0.404	-0.7971	0.4487
			0.91	0.3004	-0.2857
		b:
			-97.0015
			222.3061
			-184.5199
			-59.4113
			-523.8934
			372.7728
			353.5687
			177.3745
			-441.2629
			-344.5687
			-167.3745
			449.2629


===========================================================================================
===========================================================================================
S9:
	q_c:	151.0	153.5	228.5
	ub :	168.8858	167.5409	242.7333
	lb :	134.1534	137.6192	216.0419

	==================================================================================
	Q1:
		Shape: Ellipse
		q_c:	151.5	149.5	223.5
		ub :	160.1203	158.5398	230.9581
		lb :	142.8797	140.4602	216.0419
		P^-1:
			0.0377	-0.0034	-0.0116
			-0.0034	0.0348	0.0114
			-0.0116	0.0114	0.0508
	==================================================================================
	Q2:
		Shape: Ellipse
		q_c:	143.5	159.0	234.0
		ub :	152.2885	166.7926	241.722
		lb :	134.7115	151.2074	226.278
		P^-1:
			0.0307	0.0092	0.0069
			0.0092	0.0449	-0.0034
			0.0069	-0.0034	0.0468
	==================================================================================
	Q3:
		Shape: Hybrid
		q_c:	149.5	161.0	221.0
		ub :	155.9822	167.5409	224.4144
		lb :	143.0178	154.4591	217.5856
		P^-1:
			0.0859	0.0671	0.0103
			0.0671	0.0992	-0.0093
			0.0103	-0.0093	0.1586
		A:
			-0.8455	-0.5337	-0.0151
			-0.2364	-0.3875	0.891
			0.8433	0.492	0.2163
			-0.9469	-0.3152	0.0636
			-0.3539	-0.7529	0.5549
			-0.2539	-0.6106	-0.7501
		b:
			-213.9566
			100.442
			254.8238
			-175.6233
			-50.0019
			-300.2231
	==================================================================================
	Q4:
		Shape: Ellipse
		q_c:	162.0	154.5	223.5
		ub :	168.8858	160.2844	230.7942
		lb :	155.1142	148.7156	216.2058
		P^-1:
			0.0531	-0.005	-0.0099
			-0.005	0.0599	-0.0052
			-0.0099	-0.0052	0.052
	==================================================================================
	Q5:
		Shape: Ellipse
		q_c:	142.5	152.0	235.0
		ub :	150.8466	155.0022	242.7333
		lb :	134.1534	148.9978	227.2667
		P^-1:
			0.0404	0.078	-0.0026
			0.078	0.4293	0.0052
			-0.0026	0.0052	0.0315
	==================================================================================
	Q6:
		Shape: Polyhedra
		q_c:	159.5	143.5	229.0
		ub :	165.214	149.3808	235.6719
		lb :	153.786	137.6192	222.3281
		A:
			-0.8831	-0.4091	-0.2296
			-0.3392	-0.8103	0.4779
			-0.0483	0.068	0.9965
			-0.6297	0.3658	-0.6853
			-0.4037	0.7454	-0.5304
			0.2322	0.6579	0.7164
			0.2907	0.8275	0.4803
			-0.9324	0.1323	0.3364
			0.2149	-0.5457	0.81
			-0.2907	-0.8275	-0.4803
			0.9324	-0.1323	-0.3364
			-0.2149	0.5457	-0.81
		b:
			-248.3795
			-56.7788
			234.4194
			-200.5093
			-74.4978
			299.0911
			278.6129
			-48.6841
			145.9594
			-271.6129
			56.6841
			-136.9594


===========================================================================================
===========================================================================================
S10:
	q_c:	360.5	500.5	178.5
	ub :	374.0578	509.879	192.3806
	lb :	351.8415	494.0652	166.1646

	==================================================================================
	Q1:
		Shape: Polyhedra
		q_c:	367.5	503.0	186.0
		ub :	374.0578	509.2857	190.732
		lb :	360.9422	496.7143	181.268
		A:
			-0.3694	-0.5442	-0.7532
			-0.4179	0.4077	-0.8118
			0.5768	-0.2789	0.7678
			0.6386	0.7619	0.1081
			-0.0628	-0.0162	-0.9979
			0.8309	-0.4005	-0.3863
			0.6845	0.6934	0.2252
			0.587	-0.7074	0.3936
			0.4323	-0.1372	-0.8913
			-0.6845	-0.6934	-0.2252
			-0.587	0.7074	-0.3936
			-0.4323	0.1372	0.8913
		b:
			-545.3384
			-96.1547
			218.1222
			643.007
			-213.8978
			35.093
			647.2023
			-63.378
			-73.4263
			-637.2023
			70.378
			78.4263
	==================================================================================
	Q2:
		Shape: Polyhedra
		q_c:	363.5	500.5	186.5
		ub :	369.1582	503.4768	192.3806
		lb :	357.8418	497.5232	180.6194
		A:
			-0.3274	-0.8547	0.4028
			-0.5667	0.6889	0.452
			-0.2271	0.3864	-0.8939
			-0.1572	-0.9094	0.3851
			-0.2651	-0.9311	-0.2506
			0.4115	-0.9095	-0.0597
			0.7851	0.1258	0.6064
			-0.0208	0.984	-0.1771
			-0.619	0.1264	0.7751
			-0.7851	-0.1258	-0.6064
			0.0208	-0.984	0.1771
			0.619	-0.1264	-0.7751
		b:
			-469.196
			226.4562
			-52.3643
			-438.2564
			-606.4569
			-314.2158
			465.451
			453.866
			-13.1718
			-457.451
			-449.866
			21.1718
	==================================================================================
	Q3:
		Shape: Polyhedra
		q_c:	357.0	507.0	186.5
		ub :	361.1323	509.879	190.5844
		lb :	352.8677	504.121	182.4156
		A:
			-0.0562	0.857	-0.5122
			0.9074	-0.4122	0.0824
			0.3211	-0.8063	-0.4967
			-0.0184	-0.9781	-0.2073
			-0.3385	0.6285	-0.7003
			0.6255	-0.4487	-0.6382
			0.6731	0.4287	0.6026
			0.4309	-0.8896	0.1516
			0.601	0.1576	-0.7835
			-0.6731	-0.4287	-0.6026
			-0.4309	0.8896	-0.1516
			-0.601	-0.1576	0.7835
		b:
			320.9235
			132.4023
			-384.7047
			-539.2537
			69.2482
			-120.637
			572.5337
			-267.4395
			151.3691
			-567.5337
			270.4395
			-145.3691
	==================================================================================
	Q4:
		Shape: Hybrid
		q_c:	357.5	497.5	171.5
		ub :	362.7294	500.9348	176.8354
		lb :	352.2706	494.0652	166.1646
		P^-1:
			0.1306	-0.0557	0.0462
			-0.0557	0.1991	-0.0371
			0.0462	-0.0371	0.0939
		A:
			-0.6902	0.6366	-0.3441
			-0.7433	0.3902	-0.5433
			-0.5285	0.5701	-0.6291
			-0.8817	0.2636	0.3912
			0.7495	-0.6599	0.0536
			0.296	0.8777	-0.3769
		b:
			12.0883
			-163.4788
			-11.9886
			-114.454
			-49.7477
			479.7208
	==================================================================================
	Q5:
		Shape: Polyhedra
		q_c:	356.5	500.5	182.0
		ub :	361.1585	505.8761	187.7123
		lb :	351.8415	495.1239	176.2877
		A:
			-0.6007	-0.7982	-0.0456
			0.8293	0.2869	-0.4794
			0.1201	-0.1165	0.9859
			0.5393	0.8108	0.2275
			-0.5185	-0.5878	-0.621
			0.8352	-0.5499	-0.011
			0.7983	0.2426	0.5512
			0.0401	-0.9347	0.3533
			0.6009	-0.2599	-0.7559
			-0.7983	-0.2426	-0.5512
			-0.0401	0.9347	-0.3533
			-0.6009	0.2599	0.7559
		b:
			-618.3993
			355.5009
			167.3833
			642.9412
			-588.9033
			24.0524
			509.3317
			-385.2147
			-49.9473
			-503.3317
			393.2147
			56.9473
	==================================================================================
	Q6:
		Shape: Hybrid
		q_c:	357.0	501.5	182.5
		ub :	361.2527	505.4779	186.8057
		lb :	352.7473	497.5221	178.1943
		P^-1:
			0.1248	0.0037	0.0216
			0.0037	0.1121	0.0058
			0.0216	0.0058	0.1453
		A:
			-0.2529	0.9571	0.1418
			-0.311	0.2542	-0.9158
			-0.1806	-0.964	0.1951
			-0.2101	0.9751	-0.071
			0.4352	0.6707	-0.6006
			-0.2018	-0.7876	-0.5822
		b:
			417.3026
			-149.2787
			-510.5654
			402.7815
			383.8713
			-571.7798


===========================================================================================
===========================================================================================
S11:
	q_c:	441.5	385.0	99.5
	ub :	461.155	396.8576	115.3191
	lb :	429.6104	370.2462	81.6524

	==================================================================================
	Q1:
		Shape: Hybrid
		q_c:	437.5	383.0	105.0
		ub :	444.9129	391.4382	113.9608
		lb :	430.0871	374.5618	96.0392
		P^-1:
			0.0635	-0.0191	0.0168
			-0.0191	0.038	-0.009
			0.0168	-0.009	0.0357
		A:
			0.731	-0.498	0.4665
			0.4184	0.9077	0.0321
			-0.4545	-0.2411	-0.8575
			-0.2099	-0.6997	0.6829
			0.9018	0.1491	0.4056
			-0.4717	0.8257	-0.3095
		b:
			179.855
			538.307
			-377.7137
			-284.1836
			496.9252
			79.9285
	==================================================================================
	Q2:
		Shape: Polyhedra
		q_c:	443.0	389.0	100.5
		ub :	450.3005	396.8576	108.7216
		lb :	435.6995	381.1424	92.2784
		A:
			-0.3937	-0.9102	0.1287
			-0.0204	-0.2189	0.9755
			-0.7372	0.5011	-0.4533
			0.4032	0.8598	0.3133
			-0.888	0.423	-0.1805
			0.9051	0.425	0.0071
			0.7177	0.4369	0.5423
			-0.6856	0.3066	0.6603
			0.1222	-0.8456	0.5196
			-0.7177	-0.4369	-0.5423
			0.6856	-0.3066	-0.6603
			-0.1222	0.8456	-0.5196
		b:
			-510.3469
			8.6155
			-172.1679
			549.8899
			-242.1665
			572.1901
			547.8763
			-114.0818
			-217.6092
			-536.8763
			122.0818
			227.6092
	==================================================================================
	Q3:
		Shape: Hybrid
		q_c:	439.0	378.0	108.5
		ub :	444.2007	381.9306	115.3191
		lb :	433.7993	374.0694	101.6809
		P^-1:
			0.1004	-0.0577	0.0073
			-0.0577	0.2266	0.0184
			0.0073	0.0184	0.0323
		A:
			0.6342	0.4824	0.6042
			0.0943	-0.9955	-0.0082
			-0.3346	0.887	-0.3182
			0.756	-0.6543	0.0166
			0.3021	-0.9313	-0.2032
			-0.4943	0.7221	0.4841
		b:
			529.1751
			-334.5827
			155.7645
			87.8028
			-240.331
			110.785
	==================================================================================
	Q4:
		Shape: Hybrid
		q_c:	451.0	384.5	87.5
		ub :	461.155	394.154	93.3476
		lb :	440.845	374.846	81.6524
		P^-1:
			0.0227	0.0051	0.0038
			0.0051	0.0234	0.0004
			0.0038	0.0004	0.0488
		A:
			-0.1818	0.5954	-0.7826
			-0.4622	-0.8835	0.0759
			-0.7701	0.6333	-0.0771
			0.0006	0.8303	-0.5574
			-0.2922	0.0563	-0.9547
			-0.5137	0.4142	-0.7513
		b:
			81.7766
			-537.6811
			-105.3482
			274.5736
			-191.3155
			-134.6816
	==================================================================================
	Q5:
		Shape: Hybrid
		q_c:	436.0	390.5	98.0
		ub :	442.3896	395.9576	102.9492
		lb :	429.6104	385.0424	93.0508
		P^-1:
			0.0848	-0.0454	-0.0428
			-0.0454	0.1326	-0.0258
			-0.0428	-0.0258	0.1357
		A:
			0.3582	0.1179	-0.9262
			0.5139	-0.0271	-0.8574
			-0.4884	0.852	0.1884
			-0.3694	0.4356	0.8209
			-0.243	0.9549	-0.1708
			-0.141	0.8933	0.4267
		b:
			112.7302
			130.7021
			139.526
			91.0897
			251.6064
			331.3924
	==================================================================================
	Q6:
		Shape: Polyhedra
		q_c:	448.5	378.5	98.0
		ub :	456.1812	386.7538	107.089
		lb :	440.8188	370.2462	88.911
		A:
			-0.6521	-0.5741	-0.4951
			0.4855	0.6338	-0.6021
			-0.8515	-0.5227	-0.0412
			0.8071	0.4801	-0.3436
			-0.5891	-0.6917	-0.4177
			-0.9249	-0.3687	0.0922
			0.7426	0.6684	0.043
			0.4965	-0.5925	0.6344
			0.4495	-0.4497	-0.7718
			-0.7426	-0.6684	-0.043
			-0.4965	0.5925	-0.6344
			-0.4495	0.4497	0.7718
		b:
			-554.8721
			403.3349
			-581.4715
			513.0365
			-564.0145
			-542.4663
			592.2437
			68.0984
			-38.7571
			-588.2437
			-53.0984
			49.7571


===========================================================================================
===========================================================================================
S12:
	q_c:	310.0	370.0	344.5
	ub :	318.512	377.5207	350.6297
	lb :	303.6846	363.2036	337.3436

	==================================================================================
	Q1:
		Shape: Polyhedra
		q_c:	308.0	370.5	344.0
		ub :	312.1497	374.6745	346.8135
		lb :	303.8503	366.3255	341.1865
		A:
			-0.6776	0.2332	-0.6975
			0.4168	-0.2652	-0.8694
			0.3335	-0.0936	0.9381
			0.4138	-0.3846	0.8251
			-0.4139	-0.4393	0.7973
			-0.7684	-0.5832	-0.2635
			0.7266	0.6774	0.1148
			0.6435	-0.6125	-0.4591
			-0.2407	0.4075	-0.8809
			-0.7266	-0.6774	-0.1148
			-0.6435	0.6125	0.4591
			0.2407	-0.4075	0.8809
		b:
			-360.3232
			-266.7024
			392.44
			270.3471
			-13.8602
			-540.4255
			517.251
			-184.1613
			-224.7161
			-511.251
			189.1613
			227.7161
	==================================================================================
	Q2:
		Shape: Ellipse
		q_c:	313.5	367.0	346.5
		ub :	315.9491	369.5408	348.5748
		lb :	311.0509	364.4592	344.4252
		P^-1:
			0.613	0.0995	-0.2824
			0.0995	0.2956	-0.0013
			-0.2824	-0.0013	0.7859
	==================================================================================
	Q3:
		Shape: Hybrid
		q_c:	309.0	369.5	340.5
		ub :	312.1642	372.1411	343.6564
		lb :	305.8358	366.8589	337.3436
		P^-1:
			0.2507	-0.0953	0.1122
			-0.0953	0.7363	-0.3612
			0.1122	-0.3612	0.4231
		A:
			0.1814	-0.3201	0.9299
			-0.012	0.9045	-0.4262
			0.9911	-0.0217	-0.131
			-0.8244	0.3889	-0.4113
			0.1434	-0.6541	0.7427
			0.5199	0.719	-0.4612
		b:
			255.509
			185.9617
			255.328
			-249.9194
			56.1362
			270.4288
	==================================================================================
	Q4:
		Shape: Hybrid
		q_c:	307.5	368.5	346.5
		ub :	310.6556	372.6523	350.6297
		lb :	304.3444	364.3477	342.3703
		P^-1:
			0.6716	-0.2101	-0.3856
			-0.2101	0.201	0.0976
			-0.3856	0.0976	0.3691
		A:
			-0.1252	0.8436	-0.5222
			0.7402	0.599	0.3055
			0.8198	0.0677	-0.5687
			0.1331	-0.7903	-0.5981
			-0.3008	0.9166	0.2633
			-0.9192	0.311	0.2414
		b:
			93.3912
			557.044
			80.8003
			-455.3755
			338.3713
			-83.5699
	==================================================================================
	Q5:
		Shape: Hybrid
		q_c:	307.0	366.5	341.0
		ub :	310.3154	369.7964	344.067
		lb :	303.6846	363.2036	337.933
		P^-1:
			0.3171	0.0445	-0.1082
			0.0445	0.1878	0.0111
			-0.1082	0.0111	0.3495
		A:
			-0.7528	-0.4661	0.4648
			-0.2317	0.0475	0.9716
			-0.2164	-0.9598	0.1785
			-0.0259	0.3517	-0.9358
			-0.1016	0.9492	0.2979
			-0.7784	-0.1832	-0.6004
		b:
			-242.5525
			278.4763
			-355.8146
			-196.9173
			419.8142
			-509.5299
	==================================================================================
	Q6:
		Shape: Polyhedra
		q_c:	315.5	374.0	347.5
		ub :	318.512	377.5207	350.1403
		lb :	312.488	370.4793	344.8597
		A:
			0.5179	-0.7798	0.3517
			0.6483	-0.5493	0.5273
			0.8432	-0.4919	0.2167
			0.221	0.9285	-0.2984
			-0.5896	0.7969	0.1313
			0.8853	0.1315	0.446
			0.384	0.8782	0.2851
			0.1091	0.2634	-0.9585
			-0.9169	0.3992	0.0053
			-0.384	-0.8782	-0.2851
			-0.1091	-0.2634	0.9585
			0.9169	-0.3992	-0.0053
		b:
			-3.9506
			184.3522
			159.3548
			315.6302
			159.7896
			485.6677
			551.1713
			-198.1237
			-136.1407
			-546.1713
			202.1237
			140.1407


===========================================================================================
===========================================================================================
S13:
	q_c:	11.5	139.0	101.0
	ub :	27.4306	154.7868	116.0359
	lb :	-4.6801	125.3297	85.712

	==================================================================================
	Q1:
		Shape: Ellipse
		q_c:	19.0	133.5	95.5
		ub :	27.4306	139.6293	103.864
		lb :	10.5694	127.3707	87.136
		P^-1:
			0.0393	-0.0157	0.004
			-0.0157	0.0728	-0.0102
			0.004	-0.0102	0.0357
	==================================================================================
	Q2:
		Shape: Polyhedra
		q_c:	12.0	134.5	96.0
		ub :	19.5044	140.9214	103.7406
		lb :	4.4956	128.0786	88.2594
		A:
			0.132	0.2168	0.9673
			-0.4238	0.2823	-0.8607
			-0.8826	0.4417	-0.1609
			-0.109	0.4149	0.9033
			-0.331	-0.9352	-0.1259
			0.4034	0.6667	-0.6267
			0.1836	0.7073	0.6827
			-0.197	0.7069	-0.6794
			-0.9631	-0.0097	0.2691
