3D_30_5_6_d                l = 3

===========================================================================================
===========================================================================================
S1:
	q_c:    244.0000    128.0000    148.0000
	ub :    260.0000    148.0000    175.0000
	lb :    228.0000    108.0000    121.0000

	==================================================================================
	Q1:
		Shape: Polyhedra
		q_c:    257.0000    126.0000    144.5000
		ub :    263.9954    132.3405    151.2946
		lb :    250.0046    119.6595    137.7054
		A:
			    -0.8681    -0.3919    -0.3048
			    -0.9509    -0.2891    -0.1102
			    -0.9832    -0.1759    -0.0486
			    0.9218    0.2749    -0.2735
			    -0.7276    -0.5338    -0.4309
			    -0.8919    -0.4442    -0.0849
			    0.7782    0.4860    0.3977
			    -0.4474    -0.0153    0.8942
			    0.4407    -0.8738    0.2056
			    -0.7782    -0.4860    -0.3977
			    0.4474    0.0153    -0.8942
			    -0.4407    0.8738    -0.2056
		b:
			    -313.4331
			    -293.3412
			    -278.2263
			    236.0476
			    -313.4928
			    -294.1747
			    321.7078
			    17.3002
			    38.3529
			    -315.7078
			    -7.3002
			    -27.3529
	==================================================================================
	Q2:
		Shape: Ellipse
		q_c:    257.5000    129.0000    159.5000
		ub :    265.3992    137.4334    168.8136
		lb :    249.6008    120.5666    150.1864
		P^-1: 
			    0.1728    -0.1977    -0.0641
			    -0.1977    0.2597    0.0792
			    -0.0641    0.0792    0.0413
	==================================================================================
	Q3:
		Shape: Ellipse
		q_c:    242.5000    128.5000    149.5000
		ub :    250.6483    136.1137    158.5533
		lb :    234.3517    120.8863    140.4467
		P^-1: 
			    0.0413    -0.0041    -0.0112
			    -0.0041    0.0473    -0.0057
			    -0.0112    -0.0057    0.0338
	==================================================================================
	Q4:
		Shape: Hybrid
		q_c:    232.0000    119.5000    149.0000
		ub :    237.0610    129.6513    158.8603
		lb :    226.9390    109.3487    139.1397
		P^-1: 
			    0.0624    0.0016    -0.0015
			    0.0016    0.0361    0.0257
			    -0.0015    0.0257    0.0376
		A:
			    -0.3653    0.8958    -0.2530
			    -0.7707    -0.3367    -0.5410
			    0.9850    -0.1649    0.0504
			    0.7622    0.5296    0.3724
			    -0.1822    0.9781    0.1010
			    0.7097    -0.4154    -0.5690
		b:
			    -9.1789
			    -297.3885
			    218.6763
			    297.6587
			    94.4586
			    32.2721
	==================================================================================
	Q5:
		Shape: Hybrid
		q_c:    248.5000    128.0000    165.0000
		ub :    255.8942    136.4804    174.4112
		lb :    241.1058    119.5196    155.5888
		P^-1: 
			    0.0327    0.0001    0.0012
			    0.0001    0.0278    0.0000
			    0.0012    0.0000    0.0281
		A:
			    -0.7801    -0.2733    -0.5628
			    0.5355    -0.0815    0.8406
			    0.7390    -0.6737    0.0033
			    0.2019    -0.9732    -0.1098
			    -0.2920    -0.7163    -0.6338
			    -0.0343    0.2481    0.9681
		b:
			    -318.8502
			    264.3416
			    100.9677
			    -89.2889
			    -265.6631
			    186.2130
	==================================================================================
	Q6:
		Shape: Hybrid
		q_c:    236.5000    117.5000    136.5000
		ub :    244.9431    122.4031    142.2534
		lb :    228.0569    112.5969    130.7466
		P^-1: 
			    0.0243    0.0015    -0.0192
			    0.0015    0.0493    0.0007
			    -0.0192    0.0007    0.0752
		A:
			    -0.7904    0.2812    -0.5443
			    0.0141    -0.3148    0.9490
			    -0.7698    -0.2706    0.5781
			    -0.2193    -0.4558    -0.8626
			    -0.5174    0.0239    0.8554
			    -0.6946    -0.3177    0.6454
		b:
			    -222.7671
			    98.3460
			    -131.6467
			    -220.0973
			    -0.7494
			    -110.6141


===========================================================================================
===========================================================================================
S2:
	q_c:    245.5000    78.0000    166.0000
	ub :    270.0000    98.0000    179.0000
	lb :    221.0000    58.0000    153.0000

	==================================================================================
	Q1:
		Shape: Ellipse
		q_c:    250.5000    76.0000    157.5000
		ub :    253.0725    78.3747    162.1154
		lb :    247.9275    73.6253    152.8846
		P^-1: 
			    0.4093    -0.3014    0.0659
			    -0.3014    0.8204    -0.1208
			    0.0659    -0.1208    0.0697
	==================================================================================
	Q2:
		Shape: Hybrid
		q_c:    257.5000    77.0000    164.0000
		ub :    265.0224    84.9642    171.3007
		lb :    249.9776    69.0358    156.6993
		P^-1: 
			    0.0566    0.0076    -0.0106
			    0.0076    0.0527    0.0137
			    -0.0106    0.0137    0.0435
		A:
			    0.9705    -0.1029    -0.2179
			    0.7381    0.5424    0.4013
			    0.9371    -0.1770    -0.3007
			    -0.7799    -0.3867    0.4921
			    -0.0437    0.6819    0.7301
			    0.0929    -0.6126    -0.7849
		b:
			    208.4497
			    299.8704
			    180.5335
			    -147.7452
			    163.0723
			    -149.8530
	==================================================================================
	Q3:
		Shape: Ellipse
		q_c:    245.0000    85.0000    164.5000
		ub :    249.9763    91.5775    171.6854
		lb :    240.0237    78.4225    157.3146
		P^-1: 
			    0.1047    0.0087    -0.0179
			    0.0087    0.0491    -0.0079
			    -0.0179    -0.0079    0.0398
	==================================================================================
	Q4:
		Shape: Polyhedra
		q_c:    242.0000    89.5000    168.5000
		ub :    248.7864    96.4978    174.6799
		lb :    235.2136    82.5022    162.3201
		A:
			    0.4104    0.8442    0.3449
			    -0.5459    -0.7059    0.4513
			    0.7551    0.5273    -0.3895
			    0.3540    -0.1291    0.9263
			    -0.6107    -0.3591    -0.7058
			    -0.7091    -0.4192    -0.5670
			    0.2666    0.6445    0.7166
			    -0.9544    0.2801    0.1032
			    -0.1342    -0.7115    0.6898
			    -0.2666    -0.6445    -0.7166
			    0.9544    -0.2801    -0.1032
			    0.1342    0.7115    -0.6898
		b:
			    236.6997
			    -114.6570
			    169.1477
			    234.3616
			    -294.9213
			    -300.5606
			    246.4608
			    -183.0037
			    24.5718
			    -239.4608
			    194.0037
			    -15.5718
	==================================================================================
	Q5:
		Shape: Ellipse
		q_c:    252.0000    78.0000    170.0000
		ub :    256.5895    81.8963    174.0894
		lb :    247.4105    74.1037    165.9106
		P^-1: 
			    0.0818    -0.0409    0.0391
			    -0.0409    0.2075    -0.0338
			    0.0391    -0.0338    0.1832
	==================================================================================
	Q6:
		Shape: Ellipse
		q_c:    237.5000    89.0000    162.5000
		ub :    242.8243    94.7463    166.4228
		lb :    232.1757    83.2537    158.5772
		P^-1: 
			    0.1866    0.1076    -0.1216
			    0.1076    0.1244    -0.1172
			    -0.1216    -0.1172    0.2845


===========================================================================================
===========================================================================================
S3:
	q_c:    56.0000    26.5000    322.0000
	ub :    79.0000    34.0000    341.0000
	lb :    33.0000    19.0000    303.0000

	==================================================================================
	Q1:
		Shape: Ellipse
		q_c:    53.0000    25.5000    328.0000
		ub :    56.3482    29.5435    331.0007
		lb :    49.6518    21.4565    324.9993
		P^-1: 
			    0.2277    0.0465    -0.0207
			    0.0465    0.1526    0.0433
			    -0.0207    0.0433    0.2307
	==================================================================================
	Q2:
		Shape: Hybrid
		q_c:    59.5000    24.0000    325.5000
		ub :    63.5422    28.0571    329.6439
		lb :    55.4578    19.9429    321.3561
		P^-1: 
			    0.1573    0.0026    0.0139
			    0.0026    0.1574    -0.0137
			    0.0139    -0.0137    0.0869
		A:
			    -0.9141    -0.1238    0.3860
			    0.8714    -0.4900    0.0220
			    0.5763    0.5536    0.6012
			    0.3639    -0.5821    0.7272
			    -0.1559    0.8694    -0.4688
			    0.0880    -0.4410    -0.8932
		b:
			    69.8439
			    48.5602
			    244.8783
			    245.9470
			    -139.6685
			    -293.8996
	==================================================================================
	Q3:
		Shape: Polyhedra
		q_c:    50.5000    22.5000    323.0000
		ub :    54.7741    26.3139    326.8322
		lb :    46.2259    18.6861    319.1678
		A:
			    -0.6176    -0.2654    0.7404
			    0.3266    -0.3316    -0.8851
			    -0.8095    0.3460    0.4743
			    0.1866    -0.3121    -0.9315
			    0.1731    0.9847    0.0216
			    -0.0792    -0.9266    0.3676
			    0.8610    0.3375    0.3804
			    0.4884    -0.7574    -0.4334
			    0.1419    0.5589    -0.8170
			    -0.8610    -0.3375    -0.3804
			    -0.4884    0.7574    0.4334
			    -0.1419    -0.5589    0.8170
		b:
			    204.2173
			    -274.7996
			    122.4020
			    -296.3078
			    40.3267
			    96.0116
			    177.4544
			    -130.3607
			    -242.1434
			    -170.4544
			    134.3607
			    246.1434
	==================================================================================
	Q4:
		Shape: Polyhedra
		q_c:    56.0000    25.5000    321.0000
		ub :    60.0352    30.3311    325.7452
		lb :    51.9648    20.6689    316.2548
		A:
			    -0.4315    -0.5333    0.7276
			    0.8143    0.5485    -0.1902
			    0.3004    0.9208    0.2490
			    -0.8947    0.2604    -0.3629
			    -0.6024    -0.0729    -0.7949
			    -0.4058    0.0410    -0.9130
			    0.9437    0.2607    0.2034
			    0.0806    -0.7779    0.6232
			    0.3207    -0.5717    -0.7552
			    -0.9437    -0.2607    -0.2034
			    -0.0806    0.7779    -0.6232
			    -0.3207    0.5717    0.7552
		b:
			    198.7951
			    1.5296
			    123.2245
			    -156.9525
			    -287.7504
			    -311.7643
			    127.7873
			    187.7168
			    -236.0295
			    -121.7873
			    -181.7168
			    242.0295
	==================================================================================
	Q5:
		Shape: Polyhedra
		q_c:    54.0000    21.5000    323.0000
		ub :    58.6634    24.4159    326.7508
		lb :    49.3366    18.5841    319.2492
		A:
			    0.2318    0.9688    -0.0872
			    -0.3353    0.9032    -0.2679
			    0.4140    -0.9093    0.0421
			    -0.2649    0.2665    -0.9267
			    0.9727    0.0856    0.2158
			    0.6493    0.0228    0.7602
			    0.1851    0.8877    0.4216
			    0.9526    -0.0567    -0.2988
			    -0.2414    0.4570    -0.8561
			    -0.1851    -0.8877    -0.4216
			    -0.9526    0.0567    0.2988
			    0.2414    -0.4570    0.8561
		b:
			    7.2911
			    -82.9882
			    18.9167
			    -305.9094
			    127.6375
			    283.5101
			    167.2642
			    -42.2958
			    -277.7350
			    -163.2642
			    50.2958
			    281.7350
	==================================================================================
	Q6:
		Shape: Polyhedra
		q_c:    51.5000    31.5000    320.0000
		ub :    54.3916    34.2419    322.8609
		lb :    48.6084    28.7581    317.1391
		A:
			    0.9753    0.1307    0.1783
			    -0.4567    0.1014    -0.8838
			    0.6281    -0.7723    -0.0955
			    -0.9434    0.2614    0.2040
			    0.0771    0.7861    0.6133
			    -0.0414    0.8816    -0.4703
			    0.5462    0.7787    0.3086
			    0.7396    -0.6213    0.2588
			    0.3932    0.0869    -0.9153
			    -0.5462    -0.7787    -0.3086
			    -0.7396    0.6213    -0.2588
			    -0.3932    -0.0869    0.9153
		b:
			    113.2991
			    -301.3446
			    -21.2654
			    26.4178
			    227.2964
			    -123.0780
			    153.9105
			    102.3219
			    -267.9134
			    -148.9105
			    -100.3219
			    271.9134


===========================================================================================
===========================================================================================
S4:
	q_c:    487.0000    167.5000    498.5000
	ub :    507.0000    182.0000    526.0000
	lb :    467.0000    153.0000    471.0000

	==================================================================================
	Q1:
		Shape: Hybrid
		q_c:    477.0000    165.0000    503.5000
		ub :    485.1767    170.9822    512.9942
		lb :    468.8233    159.0178    494.0058
		P^-1: 
			    0.0591    -0.0058    0.0212
			    -0.0058    0.0740    -0.0092
			    0.0212    -0.0092    0.0266
		A:
			    0.0036    0.9704    0.2414
			    0.0446    0.9556    0.2913
			    -0.9888    0.0079    -0.1488
			    0.0611    -0.9918    -0.1121
			    0.9206    -0.3645    0.1399
			    0.7665    -0.0533    0.6401
		b:
			    285.9484
			    328.3230
			    -542.7086
			    -188.6605
			    451.9055
			    681.4979
	==================================================================================
	Q2:
		Shape: Ellipse
		q_c:    496.5000    157.0000    492.0000
		ub :    503.1356    164.8816    499.2879
		lb :    489.8644    149.1184    484.7121
		P^-1: 
			    0.0492    -0.0008    -0.0017
			    -0.0008    0.0465    -0.0062
			    -0.0017    -0.0062    0.0362
	==================================================================================
	Q3:
		Shape: Hybrid
		q_c:    479.5000    182.0000    495.0000
		ub :    483.2519    190.3770    502.3304
		lb :    475.7481    173.6230    487.6696
		P^-1: 
			    0.4191    -0.0885    -0.0481
			    -0.0885    0.0374    0.0100
			    -0.0481    0.0100    0.0294
		A:
			    -0.6749    0.5739    -0.4638
			    0.9426    -0.3338    0.0076
			    -0.7937    0.4107    -0.4487
			    -0.9822    0.1228    0.1421
			    -0.9002    0.3998    -0.1725
			    -0.7649    0.2711    0.5843
		b:
			    -444.6846
			    396.1414
			    -524.5946
			    -377.3779
			    -442.3070
			    -25.4438
	==================================================================================
	Q4:
		Shape: Polyhedra
		q_c:    497.0000    162.5000    489.5000
		ub :    504.6253    172.5965    498.0678
		lb :    489.3747    152.4035    480.9322
		A:
			    -0.6406    0.5235    -0.5618
			    -0.0481    0.5762    -0.8159
			    0.7121    -0.2584    0.6528
			    -0.3584    0.8246    -0.4376
			    -0.7860    -0.5725    0.2335
			    -0.8320    -0.2938    -0.4706
			    0.9975    0.0702    0.0122
			    0.0140    -0.3608    0.9325
			    0.0699    -0.9300    -0.3609
			    -0.9975    -0.0702    -0.0122
			    -0.0140    0.3608    -0.9325
			    -0.0699    0.9300    0.3609
		b:
			    -501.6648
			    -323.4923
			    637.9919
			    -251.3681
			    -362.3593
			    -684.5597
			    520.1214
			    410.7877
			    -285.0510
			    -506.1214
			    -398.7877
			    301.0510
	==================================================================================
	Q5:
		Shape: Hybrid
		q_c:    480.5000    162.5000    503.0000
		ub :    486.7202    168.6833    508.5848
		lb :    474.2798    156.3167    497.4152
		P^-1: 
			    0.0985    0.0095    -0.0508
			    0.0095    0.0634    -0.0197
			    -0.0508    -0.0197    0.1099
		A:
			    -0.5379    -0.1397    0.8313
			    0.2963    0.2931    0.9090
			    -0.6046    0.3186    0.7300
			    0.4778    0.7995    -0.3641
			    0.8106    -0.2640    0.5227
			    -0.8070    -0.3610    -0.4673
		b:
			    138.3034
			    650.1882
			    130.2349
			    178.4716
			    612.4684
			    -678.3765
	==================================================================================
	Q6:
		Shape: Ellipse
		q_c:    501.5000    162.0000    487.0000
		ub :    510.1795    166.4732    496.1720
		lb :    492.8205    157.5268    477.8280
		P^-1: 
			    0.0516    -0.0018    -0.0336
			    -0.0018    0.0815    -0.0020
			    -0.0336    -0.0020    0.0440


===========================================================================================
===========================================================================================
S5:
	q_c:    271.0000    304.0000    312.0000
	ub :    290.0000    321.0000    327.0000
	lb :    252.0000    287.0000    297.0000

	==================================================================================
	Q1:
		Shape: Hybrid
		q_c:    269.5000    318.0000    309.0000
		ub :    274.6045    323.0644    314.3758
		lb :    264.3955    312.9356    303.6242
		P^-1: 
			    0.0669    -0.0106    0.0086
			    -0.0106    0.1016    -0.0105
			    0.0086    -0.0105    0.0867
		A:
			    0.2785    0.5738    -0.7702
			    -0.3907    0.4158    0.8213
			    -0.1620    -0.8805    0.4456
			    0.5224    -0.2742    -0.8074
			    0.4057    0.9130    -0.0430
			    -0.2748    -0.9594    0.0638
		b:
			    21.4090
			    282.8340
			    -184.2495
			    -193.6788
			    388.3265
			    -357.5718
	==================================================================================
	Q2:
		Shape: Hybrid
		q_c:    278.0000    313.5000    312.5000
		ub :    284.8408    320.6439    316.8071
		lb :    271.1592    306.3561    308.1929
		P^-1: 
			    0.0565    -0.0239    -0.0144
			    -0.0239    0.0619    -0.0287
			    -0.0144    -0.0287    0.1510
		A:
			    0.6726    -0.5017    -0.5439
			    0.4766    -0.5099    0.7161
			    0.3977    -0.4055    -0.8230
			    -0.1998    -0.0360    0.9792
			    0.8744    -0.4840    0.0345
			    0.4332    0.2091    0.8767
		b:
			    -138.1779
			    198.2199
			    -271.8102
			    240.5200
			    104.6178
			    463.0407
	==================================================================================
	Q3:
		Shape: Ellipse
		q_c:    277.5000    308.5000    316.5000
		ub :    282.9559    314.8387    321.2335
		lb :    272.0441    302.1613    311.7665
		P^-1: 
			    0.1089    0.0136    -0.0393
			    0.0136    0.0366    0.0021
			    -0.0393    0.0021    0.1292
	==================================================================================
	Q4:
		Shape: Polyhedra
		q_c:    280.5000    310.5000    317.0000
		ub :    284.9993    315.6900    321.7579
		lb :    276.0007    305.3100    312.2421
		A:
			    -0.6973    -0.2895    0.6557
			    -0.6093    -0.2865    0.7394
			    -0.7777    0.0487    -0.6267
			    -0.5735    -0.5246    0.6292
			    0.6836    0.5203    -0.5119
			    0.9995    -0.0160    -0.0285
			    0.8691    0.2532    0.4250
			    0.2295    0.5548    -0.7997
			    -0.4382    0.7926    0.4240
			    -0.8691    -0.2532    -0.4250
			    -0.2295    -0.5548    0.7997
			    0.4382    -0.7926    -0.4240
		b:
			    -74.8743
			    -22.7559
			    -399.1841
			    -121.7981
			    193.5361
			    269.2087
			    459.6056
			    -14.3966
			    261.5821
			    -454.6056
			    19.3966
			    -253.5821
	==================================================================================
	Q5:
		Shape: Polyhedra
		q_c:    267.5000    307.5000    320.5000
		ub :    272.8992    312.4358    323.9839
		lb :    262.1008    302.5642    317.0161
		A:
			    -0.2824    -0.5603    -0.7786
			    -0.0522    0.5665    0.8224
			    0.3537    -0.5652    -0.7453
			    0.0859    -0.9961    -0.0218
			    0.8700    0.2603    0.4187
			    0.0126    -0.9938    -0.1107
			    0.2985    0.2430    0.9229
			    -0.2209    -0.9232    0.3145
			    0.9285    -0.2978    -0.2219
			    -0.2985    -0.2430    -0.9229
			    0.2209    0.9232    -0.3145
			    -0.9285    0.2978    0.2219
		b:
			    -495.5335
			    426.2072
			    -314.8131
			    -286.7265
			    450.2028
			    -334.2357
			    451.8858
			    -238.6708
			    90.1662
			    -448.8858
			    245.6708
			    -81.1662
	==================================================================================
	Q6:
		Shape: Ellipse
		q_c:    267.5000    309.0000    325.5000
		ub :    274.4564    315.7261    333.0879
		lb :    260.5436    302.2739    317.9121
		P^-1: 
			    0.0420    0.0056    -0.0123
			    0.0056    0.0497    -0.0012
			    -0.0123    -0.0012    0.0533


===========================================================================================
===========================================================================================
