3D_35_11_6_b                l = 3

===========================================================================================
===========================================================================================
S1:
	q_c:	378.5	110.0	12.0
	ub :	395.5057	126.1968	26.5419
	lb :	364.0032	97.1464	-3.3862

	==================================================================================
	Q1:
		Shape: Ellipse
		q_c:	374.5	117.5	18.0
		ub :	384.9968	126.1968	25.7259
		lb :	364.0032	108.8032	10.2741
		P^-1:
			0.0177	0.0044	-0.0008
			0.0044	0.0259	0.0006
			-0.0008	0.0006	0.0236
	==================================================================================
	Q2:
		Shape: Hybrid
		q_c:	383.5	108.0	13.0
		ub :	388.056	111.9585	17.1968
		lb :	378.944	104.0415	8.8032
		P^-1:
			0.1647	-0.0542	0.0405
			-0.0542	0.1659	-0.0409
			0.0405	-0.0409	0.1416
		A:
			-0.0486	0.6214	0.782
			-0.6391	0.2149	-0.7385
			0.0837	0.4502	-0.889
			-0.513	0.7793	0.3599
			-0.8617	0.1689	-0.4784
			0.1907	0.9743	-0.1197
		b:
			60.6244
			-230.2021
			70.811
			-106.273
			-317.1633
			178.532
	==================================================================================
	Q3:
		Shape: Ellipse
		q_c:	375.5	122.0	3.5
		ub :	382.1516	125.8395	10.3862
		lb :	368.8484	118.1605	-3.3862
		P^-1:
			0.0974	-0.0148	0.0603
			-0.0148	0.1214	-0.0134
			0.0603	-0.0134	0.0801
	==================================================================================
	Q4:
		Shape: Ellipse
		q_c:	372.5	116.5	20.5
		ub :	376.9003	121.7611	26.5419
		lb :	368.0997	111.2389	14.4581
		P^-1:
			0.0631	-0.0063	-0.005
			-0.0063	0.1275	0.0548
			-0.005	0.0548	0.0649
	==================================================================================
	Q5:
		Shape: Ellipse
		q_c:	390.0	101.0	3.5
		ub :	395.5057	104.8536	8.19
		lb :	384.4943	97.1464	-1.19
		P^-1:
			0.1051	-0.0666	-0.0308
			-0.0666	0.2113	-0.0426
			-0.0308	-0.0426	0.1429
	==================================================================================
	Q6:
		Shape: Polyhedra
		q_c:	370.0	118.0	12.0
		ub :	375.5831	122.7111	17.2459
		lb :	364.4169	113.2889	6.7541
		A:
			0.9814	-0.0885	0.1701
			0.5415	-0.4733	0.6948
			0.3539	-0.27	0.8955
			-0.6148	0.7879	-0.0342
			-0.1427	0.9338	-0.3282
			-0.0485	0.9564	-0.2881
			0.4166	0.5648	0.7124
			0.7492	0.2305	-0.6209
			-0.5149	0.7924	-0.3271
			-0.4166	-0.5648	-0.7124
			-0.7492	-0.2305	0.6209
			0.5149	-0.7924	0.3271
		b:
			358.0431
			155.77
			112.773
			-131.8412
			56.5414
			94.5411
			231.8339
			300.9629
			-97.9308
			-226.8339
			-292.9629
			103.9308


===========================================================================================
===========================================================================================
S2:
	q_c:	121.0	112.5	116.0
	ub :	135.4046	133.6941	132.0034
	lb :	96.9723	100.5377	92.6859

	==================================================================================
	Q1:
		Shape: Polyhedra
		q_c:	129.0	127.5	104.0
		ub :	135.4046	131.8901	110.6449
		lb :	122.5954	123.1099	97.3551
		A:
			-0.7304	0.5313	0.4291
			-0.0168	-0.5504	-0.8347
			0.2358	-0.791	-0.5645
			-0.905	-0.2982	-0.3033
			0.4441	-0.662	-0.6037
			-0.1211	-0.978	0.1697
			0.5497	0.097	0.8297
			-0.5192	0.8177	0.2484
			-0.6544	-0.5674	0.4999
			-0.5497	-0.097	-0.8297
			0.5192	-0.8177	-0.2484
			0.6544	0.5674	-0.4999
		b:
			20.5627
			-155.1403
			-126.3777
			-181.7149
			-87.3128
			-119.4829
			174.5745
			65.1141
			-100.7585
			-164.5745
			-61.1141
			108.7585
	==================================================================================
	Q2:
		Shape: Ellipse
		q_c:	106.0	122.0	106.5
		ub :	115.0277	129.5674	115.0778
		lb :	96.9723	114.4326	97.9222
		P^-1:
			0.0357	0.0	0.0034
			0.0	0.0331	0.0
			0.0034	0.0	0.0374
	==================================================================================
	Q3:
		Shape: Ellipse
		q_c:	113.5	125.5	107.0
		ub :	121.5828	133.6941	114.8109
		lb :	105.4172	117.3059	99.1891
		P^-1:
			0.0378	-0.006	0.0017
			-0.006	0.0466	-0.0123
			0.0017	-0.0123	0.0512
	==================================================================================
	Q4:
		Shape: Ellipse
		q_c:	109.5	116.5	124.0
		ub :	115.4326	125.4688	132.0034
		lb :	103.5674	107.5312	115.9966
		P^-1:
			0.089	-0.0172	0.0284
			-0.0172	0.0252	-0.016
			0.0284	-0.016	0.0547
	==================================================================================
	Q5:
		Shape: Hybrid
		q_c:	110.0	122.5	123.0
		ub :	119.7235	132.3756	128.6801
		lb :	100.2765	112.6244	117.3199
		P^-1:
			0.0535	-0.0068	-0.0804
			-0.0068	0.0218	0.0164
			-0.0804	0.0164	0.2155
		A:
			0.6166	-0.2313	-0.7526
			0.5871	0.1718	-0.7911
			0.6584	-0.3278	-0.6776
			-0.406	0.1446	0.9024
			-0.3872	0.8887	-0.2457
			0.3364	-0.5282	-0.7796
		b:
			-51.1179
			-9.6223
			-48.5369
			85.0994
			42.0559
			-120.9142
	==================================================================================
	Q6:
		Shape: Ellipse
		q_c:	106.5	107.5	101.5
		ub :	113.7669	114.4623	110.3141
		lb :	99.2331	100.5377	92.6859
		P^-1:
			0.2324	-0.2073	-0.0271
			-0.2073	0.2354	0.0246
			-0.0271	0.0246	0.0281


===========================================================================================
===========================================================================================
S3:
	q_c:	139.0	260.0	337.0
	ub :	149.1571	274.4957	348.8375
	lb :	128.0965	250.137	325.7439

	==================================================================================
	Q1:
		Shape: Ellipse
		q_c:	141.5	259.0	339.0
		ub :	147.667	265.7897	346.2171
		lb :	135.333	252.2103	331.7829
		P^-1:
			0.0573	-0.0041	-0.0049
			-0.0041	0.0593	-0.0039
			-0.0049	-0.0039	0.0578
	==================================================================================
	Q2:
		Shape: Ellipse
		q_c:	133.5	257.0	345.0
		ub :	138.9035	262.5188	348.8375
		lb :	128.0965	251.4812	341.1625
		P^-1:
			0.1351	-0.0829	-0.0459
			-0.0829	0.13	0.0389
			-0.0459	0.0389	0.1454
	==================================================================================
	Q3:
		Shape: Ellipse
		q_c:	142.0	255.0	341.5
		ub :	145.8538	259.863	346.5878
		lb :	138.1462	250.137	336.4122
		P^-1:
			0.3186	-0.0701	0.1653
			-0.0701	0.0817	-0.0452
			0.1653	-0.0452	0.1692
	==================================================================================
	Q4:
		Shape: Ellipse
		q_c:	144.5	270.0	336.0
		ub :	149.1571	274.4957	340.2873
		lb :	139.8429	265.5043	331.7127
		P^-1:
			0.1986	0.1079	0.114
			0.1079	0.1619	0.1275
			0.114	0.1275	0.2575
	==================================================================================
	Q5:
		Shape: Ellipse
		q_c:	137.5	265.0	333.5
		ub :	143.1118	268.4287	338.7609
		lb :	131.8882	261.5713	328.2391
		P^-1:
			0.0929	0.0647	-0.0737
			0.0647	0.3309	-0.1451
			-0.0737	-0.1451	0.1812
	==================================================================================
	Q6:
		Shape: Ellipse
		q_c:	144.0	258.0	329.5
		ub :	146.0248	260.6761	333.2561
		lb :	141.9752	255.3239	325.7439
		P^-1:
			0.8	0.324	0.0724
			0.324	0.4389	0.061
			0.0724	0.061	0.0927


===========================================================================================
===========================================================================================
S4:
	q_c:	523.0	43.0	481.0
	ub :	549.4703	63.8719	503.3474
	lb :	505.3118	28.0466	451.9839

	==================================================================================
	Q1:
		Shape: Polyhedra
		q_c:	526.5	48.0	463.0
		ub :	537.1641	55.272	474.0161
		lb :	515.8359	40.728	451.9839
		A:
			0.8549	0.188	0.4835
			-0.2303	0.2809	0.9317
			0.7115	0.2039	-0.6725
			-0.5082	-0.8157	0.2762
			-0.0603	0.3183	0.9461
			0.3381	-0.8916	-0.3014
			0.6028	0.0352	0.7971
			-0.6606	0.5823	0.4738
			-0.4475	-0.8122	0.3743
			-0.6028	-0.0352	-0.7971
			0.6606	-0.5823	-0.4738
			0.4475	0.8122	-0.3743
		b:
			690.9993
			330.135
			78.0898
			-173.7568
			428.6156
			0.6863
			696.6209
			-95.5023
			-96.3124
			-679.6209
			105.5023
			106.3124
	==================================================================================
	Q2:
		Shape: Hybrid
		q_c:	528.5	34.5	469.5
		ub :	535.1873	40.9534	479.1478
		lb :	521.8127	28.0466	459.8522
		P^-1:
			0.0327	-0.0002	-0.0025
			-0.0002	0.0329	-0.0018
			-0.0025	-0.0018	0.0144
		A:
			-0.7588	0.1055	0.6427
			-0.6675	0.7352	-0.118
			0.4153	0.9066	-0.0746
			0.175	-0.8872	-0.427
			-0.7784	0.6275	0.0205
			0.4993	0.647	-0.5762
		b:
			-91.8461
			-379.9894
			218.4982
			-135.0194
			-377.3564
			19.1125
	==================================================================================
	Q3:
		Shape: Hybrid
		q_c:	510.5	42.5	481.0
		ub :	515.6882	47.3551	486.5181
		lb :	505.3118	37.6449	475.4819
		P^-1:
			0.0815	-0.0014	0.0003
			-0.0014	0.0632	0.0033
			0.0003	0.0033	0.081
		A:
			0.3569	0.9338	0.0266
			0.0598	0.746	0.6633
			0.3405	-0.0738	-0.9374
			-0.7168	-0.1222	-0.6865
			-0.7339	0.2193	0.6429
			0.9803	-0.1975	0.0013
		b:
			236.8663
			383.2052
			-278.4451
			-699.5692
			-54.3821
			494.4316
	==================================================================================
	Q4:
		Shape: Ellipse
		q_c:	538.5	56.0	472.5
		ub :	549.4703	63.8719	477.1238
		lb :	527.5297	48.1281	467.8762
		P^-1:
			0.0203	0.0251	0.0013
			0.0251	0.0713	-0.0005
			0.0013	-0.0005	0.0816
	==================================================================================
	Q5:
		Shape: Ellipse
		q_c:	519.5	52.5	495.5
		ub :	527.418	55.3654	503.3474
		lb :	511.582	49.6346	487.6526
		P^-1:
			0.0466	0.0732	0.0044
			0.0732	0.4295	0.024
			0.0044	0.024	0.0345
	==================================================================================
	Q6:
		Shape: Ellipse
		q_c:	515.0	45.5	484.5
		ub :	524.0097	54.0121	492.6915
		lb :	505.9903	36.9879	476.3085
		P^-1:
			0.0301	-0.0095	-0.0098
			-0.0095	0.0447	-0.0048
			-0.0098	-0.0048	0.0444


===========================================================================================
===========================================================================================
S5:
	q_c:	384.0	15.5	171.0
	ub :	397.8431	36.6952	190.1955
	lb :	367.3598	1.0579	163.3597

	==================================================================================
	Q1:
		Shape: Hybrid
		q_c:	382.5	7.0	178.0
		ub :	386.6195	12.9421	184.711
		lb :	378.3805	1.0579	171.289
		P^-1:
			0.1491	0.011	0.02
			0.011	0.0983	0.0379
			0.02	0.0379	0.0567
		A:
			-0.1902	-0.8922	-0.4096
			-0.7438	0.6106	-0.272
			-0.4106	-0.7311	-0.5448
			-0.7021	-0.0553	0.7099
			0.3129	-0.9389	-0.1438
			0.326	-0.9431	0.0656
		b:
			-150.2767
			-326.3329
			-257.6842
			-139.4254
			89.5469
			132.2446
	==================================================================================
	Q2:
		Shape: Hybrid
		q_c:	376.0	14.5	181.5
		ub :	384.6402	20.5735	190.1955
		lb :	367.3598	8.4265	172.8045
		P^-1:
			0.0332	0.0064	0.0041
			0.0064	0.059	0.0071
			0.0041	0.0071	0.0311
		A:
			-0.3213	-0.898	-0.3006
			-0.0968	-0.5834	-0.8064
			-0.0092	0.0585	-0.9982
			-0.0752	-0.8802	-0.4685
			-0.6233	-0.7269	-0.2883
			0.4438	-0.8198	-0.3618
		b:
			-186.3905
			-188.3561
			-179.9871
			-123.8857
			-294.8838
			92.1619
	==================================================================================
	Q3:
		Shape: Polyhedra
		q_c:	381.0	28.5	173.0
		ub :	389.2232	36.6952	181.8442
		lb :	372.7768	20.3048	164.1558
		A:
			-0.1525	0.7118	0.6856
			0.7991	0.4505	-0.398
			0.3706	-0.0176	-0.9286
			0.3175	-0.6096	0.7263
			-0.0683	0.9663	-0.2483
			-0.4054	-0.8402	0.3602
			0.853	0.0397	0.5204
			-0.3973	-0.5971	0.6968
			0.3384	-0.8012	-0.4936
			-0.853	-0.0397	-0.5204
			0.3973	0.5971	-0.6968
			-0.3384	0.8012	0.4936
		b:
			87.654
			252.7537
			-14.6732
			233.8749
			-35.8724
			-111.568
			421.1537
			-43.8455
			27.7158
			-411.1537
			51.8455
			-13.7158
	==================================================================================
	Q4:
		Shape: Polyhedra
		q_c:	391.0	18.0	175.5
		ub :	397.8431	25.3497	182.1935
		lb :	384.1569	10.6503	168.8065
		A:
			0.6878	-0.5242	-0.5021
			-0.8483	0.3741	-0.3747
			0.87	-0.4538	-0.1929
			-0.659	-0.5984	0.4557
			-0.239	0.154	0.9587
			0.3223	0.2457	0.9142
			0.8539	0.4569	0.2493
			-0.4816	0.5119	0.7113
			0.1974	-0.7274	0.6572
			-0.8539	-0.4569	-0.2493
			0.4816	-0.5119	-0.7113
			-0.1974	0.7274	-0.6572
		b:
			175.0019
			-386.0982
			302.1819
			-183.8035
			81.3436
			295.2307
			390.8413
			-50.7687
			183.9063
			-380.8413
			57.7687
			-174.9063
	==================================================================================
	Q5:
		Shape: Polyhedra
		q_c:	385.0	23.5	171.5
		ub :	393.4676	30.365	178.7279
		lb :	376.5324	16.635	164.2721
		A:
			0.0108	0.8902	-0.4554
			-0.1463	0.9129	-0.381
			0.686	-0.7185	-0.1145
			0.0064	0.0142	0.9999
			-0.5775	0.4294	0.6943
			-0.4526	0.7357	0.5039
			0.4108	0.9004	0.1434
			0.1663	0.0807	-0.9828
			-0.8964	0.4276	-0.1165
			-0.4108	-0.9004	-0.1434
			-0.1663	-0.0807	0.9828
			0.8964	-0.4276	0.1165
		b:
			-47.9291
			-94.9033
			233.7665
			180.2507
			-87.0961
			-64.8012
			207.9149
			-96.6424
			-348.5673
			-199.9149
			108.6424
			361.5673
	==================================================================================
	Q6:
		Shape: Polyhedra
		q_c:	382.5	9.5	169.0
		ub :	388.5122	16.2871	174.6403
		lb :	376.4878	2.7129	163.3597
		A:
			-0.4208	-0.8296	-0.367
			-0.6494	0.7603	0.0183
			-0.4429	-0.6779	-0.5868
			-0.3381	0.7959	0.5022
			0.4111	0.2664	0.8718
			-0.6936	-0.3376	-0.6364
			0.5066	0.4851	0.7128
			0.2157	0.7291	-0.6495
			-0.8348	0.4828	0.2647
			-0.5066	-0.4851	-0.7128
			-0.2157	-0.7291	0.6495
			0.8348	-0.4828	-0.2647
		b:
			-228.1065
			-233.0804
			-273.129
			-32.6979
			309.1399
			-374.1317
			320.3338
			-15.3345
			-264.9797
			-317.3338
			25.3345
			274.9797


===========================================================================================
===========================================================================================
S6:
	q_c:	403.5	62.0	398.0
	ub :	415.4547	90.4934	430.8789
	lb :	372.2431	46.9857	374.4525

	==================================================================================
	Q1:
		Shape: Ellipse
		q_c:	400.5	82.0	410.0
		ub :	408.7183	90.4934	417.948
		lb :	392.2817	73.5066	402.052
		P^-1:
			0.0391	0.0041	-0.0007
			0.0041	0.0218	0.003
			-0.0007	0.003	0.0395
	==================================================================================
	Q2:
		Shape: Hybrid
		q_c:	392.0	62.5	394.0
		ub :	402.248	73.2399	403.8012
		lb :	381.752	51.7601	384.1988
		P^-1:
			0.0278	0.0027	0.0043
			0.0027	0.0252	0.0037
			0.0043	0.0037	0.0241
		A:
			0.1891	0.7101	0.6782
			0.6512	-0.7344	-0.1914
			-0.1461	0.9242	-0.3529
			0.8309	-0.5256	0.1829
			-0.9186	0.364	0.1542
			-0.1412	-0.6449	-0.7511
		b:
			388.8128
			137.6973
			-134.59
			368.5207
			-272.9045
			-388.468
	==================================================================================
	Q3:
		Shape: Ellipse
		q_c:	386.5	76.0	386.5
		ub :	400.7569	87.0197	398.5475
		lb :	372.2431	64.9803	374.4525
		P^-1:
			0.0138	-0.0137	0.0053
			-0.0137	0.0465	-0.0199
			0.0053	-0.0199	0.0244
	==================================================================================
	Q4:
		Shape: Ellipse
		q_c:	400.0	68.5	403.0
		ub :	412.2319	77.2096	416.038
		lb :	387.7681	59.7904	389.962
		P^-1:
			0.0238	0.0149	0.0044
			0.0149	0.0398	0.0034
			0.0044	0.0034	0.0105
	==================================================================================
	Q5:
		Shape: Polyhedra
		q_c:	401.5	51.5	416.5
		ub :	415.4547	56.0143	430.8789
		lb :	387.5453	46.9857	402.1211
		A:
			0.8156	-0.573	-0.0803
			-0.0547	0.9922	0.1121
			-0.0656	-0.9451	-0.3202
			0.1251	0.9677	0.2188
			-0.241	-0.9524	0.1866
			-0.2934	-0.9551	0.0426
			0.1684	0.9839	0.06
			0.7708	-0.0935	-0.6302
			-0.6145	0.1523	-0.7741
			-0.1684	-0.9839	-0.06
			-0.7708	0.0935	0.6302
			0.6145	-0.1523	0.7741
		b:
			273.2565
			78.6665
			-205.1168
			193.7524
			-64.9749
			-146.8352
			145.2452
			50.6514
			-549.7761
			-141.2452
			-33.6514
			572.7761
	==================================================================================
	Q6:
		Shape: Hybrid
		q_c:	394.0	59.5	386.0
		ub :	404.1168	68.829	393.1837
		lb :	383.8832	50.171	378.8163
		P^-1:
			0.0293	0.0042	-0.0147
			0.0042	0.0292	0.0081
			-0.0147	0.0081	0.0548
		A:
			-0.7435	0.6681	-0.0276
			0.3955	0.5513	-0.7346
			0.7339	0.3347	0.5911
			0.114	-0.9006	-0.4194
			0.9942	0.0157	0.1063
			0.2147	0.9414	-0.2602
		b:
			-258.7689
			-91.875
			541.3708
			-167.0994
			438.3294
			44.1711


===========================================================================================
===========================================================================================
S7:
	q_c:	23.0	474.0	64.0
	ub :	36.8455	500.7673	93.9576
	lb :	-8.7892	440.4527	42.0403

	==================================================================================
	Q1:
		Shape: Ellipse
		q_c:	17.0	466.0	47.0
		ub :	21.6869	472.1786	51.9597
		lb :	12.3131	459.8214	42.0403
		P^-1:
			0.0621	-0.0031	0.0006
			-0.0031	0.0413	0.0042
			0.0006	0.0042	0.0617
	==================================================================================
	Q2:
		Shape: Polyhedra
		q_c:	4.5	455.0	69.0
		ub :	17.7892	469.5473	84.6765
		lb :	-8.7892	440.4527	53.3235
		A:
			0.9154	0.3988	0.0552
			-0.5678	-0.6952	-0.4408
			-0.6299	-0.7255	0.2773
			0.4521	0.8917	0.02
			-0.4663	-0.7446	-0.4777
			0.7553	0.6337	-0.1673
			0.7103	0.6858	0.1588
			0.3067	-0.5046	0.8071
			0.6336	-0.5246	-0.5687
			-0.7103	-0.6858	-0.1588
			-0.3067	0.5046	-0.8071
			-0.6336	0.5246	0.5687
		b:
			195.5118
			-343.188
			-306.7402
			415.6373
			-367.5415
			286.425
			331.6722
			-160.5029
			-266.065
			-320.6722
			184.5029
			284.065
	==================================================================================
	Q3:
		Shape: Ellipse
		q_c:	22.0	485.0	86.5
		ub :	28.9282	491.0035	93.9576
		lb :	15.0718	478.9965	79.0424
		P^-1:
			0.1214	-0.1033	0.0108
			-0.1033	0.1656	-0.0082
			0.0108	-0.0082	0.036
	==================================================================================
	Q4:
		Shape: Hybrid
		q_c:	31.0	473.0	72.5
		ub :	36.8455	486.6883	86.6624
		lb :	25.1545	459.3117	58.3376
		P^-1:
			0.1056	0.0049	0.0225
			0.0049	0.0101	0.0008
			0.0225	0.0008	0.0145
		A:
			0.9811	-0.1734	0.0861
			-0.6202	0.5568	-0.5526
			0.9949	0.0949	0.0352
			-0.9071	-0.4102	-0.0942
			0.9498	-0.1255	0.2867
			-0.696	-0.6684	-0.2625
		b:
			-42.8904
			210.0053
			80.334
			-225.7635
			-7.1675
			-351.3575
	==================================================================================
	Q5:
		Shape: Polyhedra
		q_c:	22.5	465.5	61.5
		ub :	32.2197	475.6513	69.4964
		lb :	12.7803	455.3487	53.5036
		A:
			0.3539	-0.5314	-0.7697
			0.8754	0.2747	-0.3977
			0.5813	0.5102	-0.6338
			0.3324	-0.4782	-0.8129
			-0.1017	-0.8017	-0.589
			-0.2155	0.8469	0.4862
			0.7843	0.6043	0.1402
			0.5026	-0.7514	0.4275
			0.3637	-0.2648	-0.8931
			-0.7843	-0.6043	-0.1402
			-0.5026	0.7514	-0.4275
			-0.3637	0.2648	0.8931
		b:
			-281.9587
			128.2853
			217.019
			-260.4741
			-406.4489
			424.953
			313.0863
			-304.6967
			-165.5078
			-302.0863
			319.6967
			174.5078
	==================================================================================
	Q6:
		Shape: Polyhedra
		q_c:	7.5	491.0	56.5
		ub :	16.1628	500.7673	61.3002
		lb :	-1.1628	481.2327	51.6998
		A:
			0.175	-0.3605	0.9162
			0.5694	0.1406	-0.8099
			0.1887	0.3786	-0.9061
			-0.5067	0.861	0.0437
			-0.9231	0.3773	-0.0741
			0.4108	-0.7605	0.5029
			0.4912	0.8356	0.246
			0.8637	-0.4306	-0.2619
			-0.1129	0.3411	-0.9332
			-0.4912	-0.8356	-0.246
			-0.8637	0.4306	0.2619
			0.1129	-0.3411	0.9332
		b:
			-122.4099
			31.3563
			138.5724
			427.2394
			179.0543
			-337.9187
			436.3652
			-214.7428
			115.4032
			-419.3652
			224.7428
			-112.4032


===========================================================================================
===========================================================================================
S8:
	q_c:	517.5	132.5	442.5
	ub :	537.4355	150.0751	457.645
	lb :	506.0999	121.3181	427.7501

	==================================================================================
	Q1:
		Shape: Polyhedra
		q_c:	520.0	141.0	434.5
		ub :	526.4612	146.4969	441.1445
		lb :	513.5388	135.5031	427.8555
		A:
			-0.904	0.3568	0.2355
			0.6838	-0.6665	0.297
			-0.31	0.9497	-0.0435
			-0.6465	0.756	-0.1025
			0.7123	-0.6947	0.0999
			-0.8424	0.4891	0.2261
			0.7367	0.6443	0.2055
			-0.2036	-0.0785	0.9759
			0.6449	-0.7608	0.0733
			-0.7367	-0.6443	-0.2055
			0.2036	0.0785	-0.9759
			-0.6449	0.7608	-0.0733
		b:
			-314.0025
			393.0011
			-43.4032
			-272.1146
			317.944
			-267.8628
			568.7161
			312.5844
			261.9193
			-557.7161
			-301.5844
			-257.9193
	==================================================================================
	Q2:
		Shape: Polyhedra
		q_c:	521.5	139.0	437.0
		ub :	527.3562	143.2597	442.8564
		lb :	515.6438	134.7403	431.1436
		A:
			0.3857	0.8922	0.235
			-0.2448	-0.8072	-0.5371
			0.7317	-0.5732	-0.3688
			0.6126	-0.6393	0.4648
			-0.3954	0.9184	0.0138
			0.3725	-0.9162	0.1476
			0.6873	0.0223	0.726
			-0.4819	0.7618	0.4328
			-0.5435	-0.6474	0.5344
			-0.6873	-0.0223	-0.726
			0.4819	-0.7618	-0.4328
			0.5435	0.6474	-0.5344
		b:
			431.1823
			-471.3537
			143.4125
			437.2123
			-69.7349
			134.3617
			682.8033
			46.1962
			-136.389
			-674.8033
			-41.1962
			143.389
	==================================================================================
	Q3:
		Shape: Polyhedra
		q_c:	515.0	142.0	439.0
		ub :	521.1171	148.7054	446.5673
		lb :	508.8829	135.2946	431.4327
		A:
			0.8178	0.5271	0.2309
			0.5704	0.4267	0.7018
			-0.729	-0.4818	-0.4862
			-0.4497	-0.7711	-0.4507
			0.8356	0.5054	-0.2154
			0.1424	-0.9418	-0.3046
			0.6333	0.6252	0.4561
			0.7505	-0.3522	-0.5592
			-0.189	0.6965	-0.6923
			-0.6333	-0.6252	-0.4561
			-0.7505	0.3522	0.5592
			0.189	-0.6965	0.6923
		b:
			599.6029
			664.7028
			-655.5466
			-537.0165
			411.3506
			-189.7808
			616.6617
			96.511
			-296.8295
			-613.6617
			-85.511
			307.8295
	==================================================================================
	Q4:
		Shape: Polyhedra
		q_c:	525.0	143.5	451.0
		ub :	529.7903	150.0751	457.645
		lb :	520.2097	136.9249	444.355
		A:
			-0.7962	-0.5928	-0.1213
			0.6645	-0.2648	0.6988
			0.5931	0.3801	0.7097
			0.7604	0.4599	0.4586
			-0.8334	-0.5305	0.1548
			-0.8022	-0.1645	-0.574
			0.8596	0.2924	0.4189
			-0.0706	-0.7441	0.6643
			0.506	-0.6006	-0.619
			-0.8596	-0.2924	-0.4189
			0.0706	0.7441	-0.6643
			-0.506	0.6006	0.619
		b:
			-555.9023
			628.2506
			688.8221
			673.8948
			-441.4064
			-701.9943
			683.7151
			158.7485
			-93.2155
			-680.7151
			-152.7485
			106.2155
	==================================================================================
	Q5:
		Shape: Polyhedra
		q_c:	511.5	129.0	431.5
		ub :	516.9001	136.6819	435.2499
		lb :	506.0999	121.3181	427.7501
		A:
			-0.4513	-0.2318	-0.8617
			-0.2633	-0.6019	0.7539
			0.9469	0.004	-0.3216
			-0.4566	-0.2579	0.8514
			-0.6589	-0.1509	-0.7369
			0.9861	0.0856	-0.1421
			0.7138	0.2109	0.6678
			-0.606	-0.292	0.7399
			0.3511	-0.9329	-0.0806
			-0.7138	-0.2109	-0.6678
			0.606	0.292	-0.7399
			-0.3511	0.9329	0.0806
		b:
			-630.3766
			116.6058
			349.3856
			103.0418
			-672.4687
			457.0778
			682.4883
			-25.8548
			31.4385
			-678.4883
			30.8548
			-17.4385
	==================================================================================
	Q6:
		Shape: Polyhedra
		q_c:	530.5	138.5	440.0
		ub :	537.4355	147.0706	448.5383
		lb :	523.5645	129.9294	431.4617
		A:
			-0.4413	-0.8753	0.1979
			-0.9603	-0.0175	0.2786
			0.1237	-0.992	-0.0254
			-0.8908	0.3704	-0.2633
			-0.1492	0.9313	0.3322
			0.2932	-0.9272	-0.2333
			0.6957	0.6731	0.2507
			0.7122	-0.601	-0.3628
			-0.0936	0.4309	-0.8975
			-0.6957	-0.6731	-0.2507
			-0.7122	0.601	0.3628
			0.0936	-0.4309	0.8975
		b:
			-262.8719
			-384.7875
			-78.0564
			-532.2151
			200.4173
			-71.1088
			577.6085
			138.9442
			-378.3663
			-567.6085
			-130.9442
			391.3663


===========================================================================================
===========================================================================================
S9:
	q_c:	354.5	54.5	273.5
	ub :	390.7356	81.0955	305.0942
	lb :	334.1057	26.2751	241.9013

	==================================================================================
	Q1:
		Shape: Hybrid
		q_c:	358.5	56.5	253.5
		ub :	368.8249	61.8649	265.0987
		lb :	348.1751	51.1351	241.9013
		P^-1:
			0.0188	0.0009	0.0031
			0.0009	0.0617	-0.0062
			0.0031	-0.0062	0.0147
		A:
			0.4941	0.8656	0.0815
			-0.2528	-0.7388	0.6247
			0.1528	0.6684	-0.7279
			0.2458	0.9689	0.0296
			-0.4383	0.5028	0.745
			-0.4539	-0.8295	0.3255
		b:
			249.692
			30.1166
			-87.421
			152.6931
			66.5443
			-123.7136
	==================================================================================
	Q2:
		Shape: Polyhedra
		q_c:	363.5	43.5	297.5
		ub :	372.0531	52.1075	305.0942
		lb :	354.9469	34.8925	289.9058
		A:
			0.2566	-0.9613	0.1001
			-0.3348	0.8518	-0.4029
			-0.8994	0.3999	0.1767
			0.3306	-0.769	-0.5471
			-0.6278	-0.6964	-0.3477
			-0.3049	-0.9135	0.2693
			0.6973	0.7167	0.0021
			0.7065	-0.6869	-0.1706
			-0.1208	0.1204	-0.9853
			-0.6973	-0.7167	-0.0021
			-0.7065	0.6869	0.1706
			0.1208	-0.1204	0.9853
		b:
			86.386
			-199.0224
			-252.4994
			-71.0666
			-354.9522
			-63.7651
			292.2783
			180.1804
			-324.8245
			-278.2783
			-172.1804
			338.8245
	==================================================================================
	Q3:
		Shape: Hybrid
		q_c:	360.0	55.5	268.0
		ub :	372.4926	72.4532	284.5322
		lb :	347.5074	38.5468	251.4678
		P^-1:
			0.0167	0.0064	0.0048
			0.0064	0.0123	0.003
			0.0048	0.003	0.0105
		A:
			0.9327	0.1376	0.3333
			0.0275	-0.6068	-0.7944
			0.0215	-0.9977	-0.0639
			-0.4756	-0.744	-0.4694
			0.6752	0.6355	0.3745
			0.5984	0.4757	0.6447
		b:
			437.0933
			-230.0399
			-57.8362
			-334.2182
			382.0853
			418.3933
	==================================================================================
	Q4:
		Shape: Polyhedra
		q_c:	345.0	41.0	283.5
		ub :	355.8943	49.7637	290.9234
		lb :	334.1057	32.2363	276.0766
		A:
			-0.4172	-0.1969	0.8872
			-0.0681	0.4196	0.9051
			0.313	-0.3174	-0.8952
			0.2063	-0.9778	-0.0378
			0.0931	0.2369	-0.9671
			-0.056	0.948	-0.3134
			0.9593	0.2401	0.149
			0.1495	-0.8788	0.4532
			0.2397	-0.4124	-0.8789
			-0.9593	-0.2401	-0.149
			-0.1495	0.8788	-0.4532
			-0.2397	0.4124	0.8789
		b:
			104.7385
			254.5722
			-154.7365
			25.5704
			-227.6895
			-63.7619
			392.5217
			149.5427
			-179.3693
			-373.5217
			-138.5427
			187.3693
	==================================================================================
	Q5:
		Shape: Ellipse
		q_c:	372.0	67.5	263.5
		ub :	390.7356	81.0955	280.445
		lb :	353.2644	53.9045	246.555
		P^-1:
			0.0094	-0.006	0.0
			-0.006	0.0162	0.0032
			0.0	0.0032	0.009
	==================================================================================
	Q6:
		Shape: Ellipse
		q_c:	373.5	37.5	291.5
		ub :	383.5275	48.7249	299.8757
		lb :	363.4725	26.2751	283.1243
		P^-1:
			0.0304	-0.0127	-0.0032
			-0.0127	0.0214	0.0015
			-0.0032	0.0015	0.021


===========================================================================================
===========================================================================================
S10:
	q_c:	109.0	257.5	375.5
	ub :	117.6104	266.3951	381.917
	lb :	100.6094	247.2549	366.3879

	==================================================================================
	Q1:
		Shape: Ellipse
		q_c:	108.5	253.0	374.0
		ub :	114.6768	258.7451	378.376
		lb :	102.3232	247.2549	369.624
		P^-1:
			0.0686	-0.0053	-0.0314
			-0.0053	0.0808	-0.0262
			-0.0314	-0.0262	0.1417
	==================================================================================
	Q2:
		Shape: Polyhedra
		q_c:	114.5	256.5	370.5
		ub :	117.6104	259.9276	374.6121
		lb :	111.3896	253.0724	366.3879
		A:
			-0.6062	-0.6212	-0.4967
			-0.6932	-0.4946	-0.5242
			-0.6057	-0.6675	-0.433
			0.6887	0.5363	0.4879
			-0.7842	-0.5943	-0.1785
			-0.4056	0.5573	0.7245
			0.7578	0.5806	0.2978
			0.5302	-0.2819	-0.7996
			-0.3802	0.7639	-0.5215
			-0.7578	-0.5806	-0.2978
			-0.5302	0.2819	0.7996
			0.3802	-0.7639	0.5215
		b:
			-411.8643
			-399.5774
			-400.1878
			397.9873
			-307.7453
			367.8642
			346.5274
			-304.8505
			-37.8149
			-345.5274
			310.8505
			43.8149
	==================================================================================
	Q3:
		Shape: Ellipse
		q_c:	111.0	262.5	376.0
		ub :	114.0881	265.3008	378.6632
		lb :	107.9119	259.6992	373.3368
		P^-1:
			0.3263	-0.0439	0.0842
			-0.0439	0.2752	-0.0484
			0.0842	-0.0484	0.3429
	==================================================================================
	Q4:
		Shape: Ellipse
		q_c:	105.5	260.5	374.5
		ub :	110.3906	264.3927	377.9701
		lb :	100.6094	256.6073	371.0299
		P^-1:
			0.0676	-0.007	0.0184
			-0.007	0.1103	0.0068
			0.0184	0.0068	0.1557
	==================================================================================
	Q5:
		Shape: Ellipse
		q_c:	112.0	254.5	373.5
		ub :	117.4213	260.2709	378.4927
		lb :	106.5787	248.7291	368.5073
		P^-1:
			0.1003	-0.0133	-0.0152
			-0.0133	0.0947	-0.0187
			-0.0152	-0.0187	0.0897
	==================================================================================
	Q6:
		Shape: Hybrid
		q_c:	108.5	264.5	379.5
		ub :	111.7799	266.3951	381.917
		lb :	105.2201	262.6049	377.083
		P^-1:
			0.332	0.0026	0.3794
			0.0026	0.4464	-0.0651
			0.3794	-0.0651	0.7772
		A:
			-0.6965	0.18	-0.6946
			-0.1827	0.7492	-0.6366
			0.4298	-0.7682	0.4745
			-0.0191	0.8981	-0.4394
			-0.4009	0.5339	-0.7445
			0.3062	0.8823	-0.3576
		b:
			-290.8025
			-62.4598
			24.4283
			69.6385
			-184.1876
			132.1032


===========================================================================================
===========================================================================================
S11:
	q_c:	428.0	485.0	235.5
	ub :	446.6754	505.1394	255.9898
	lb :	411.5715	472.3667	221.7921

	==================================================================================
	Q1:
		Shape: Ellipse
		q_c:	431.5	483.0	240.5
		ub :	442.7319	493.2122	250.9436
		lb :	420.2681	472.7878	230.0564
		P^-1:
			0.0211	0.0005	0.0012
			0.0005	0.0208	0.0009
			0.0012	0.0009	0.0226
	==================================================================================
	Q2:
		Shape: Hybrid
		q_c:	433.0	489.5	241.5
		ub :	441.3306	497.1928	246.9005
		lb :	424.6694	481.8072	236.0995
		P^-1:
			0.0728	0.0713	0.0544
			0.0713	0.1187	0.0819
			0.0544	0.0819	0.1283
		A:
			0.2318	0.0784	0.9696
			-0.4295	-0.3498	-0.8326
			-0.0681	-0.5736	-0.8163
			0.2154	-0.0735	-0.9738
			-0.7149	-0.6389	-0.2841
			0.7733	0.6326	0.0426
		b:
			375.3828
			-556.6251
			-505.4837
			-174.9727
			-689.1273
			657.1852
	==================================================================================
	Q3:
		Shape: Ellipse
		q_c:	430.5	475.5	247.0
		ub :	434.0553	478.6333	250.9871
		lb :	426.9447	472.3667	243.0129
		P^-1:
			0.3195	0.0	-0.1713
			0.0	0.1579	-0.017
			-0.1713	-0.017	0.2087
	==================================================================================
	Q4:
		Shape: Ellipse
		q_c:	435.5	483.0	245.0
		ub :	446.6754	491.0334	255.9898
		lb :	424.3246	474.9666	234.0102
		P^-1:
			0.025	-0.0113	0.004
			-0.0113	0.0387	-0.0098
			0.004	-0.0098	0.0239
	==================================================================================
	Q5:
		Shape: Polyhedra
		q_c:	424.5	486.0	228.0
		ub :	430.0614	492.7372	233.3485
		lb :	418.9386	479.2628	222.6515
		A:
			-0.7101	-0.3845	-0.5898
			0.3846	0.3532	0.8528
			0.658	0.2636	0.7054
			-0.2007	-0.0801	-0.9764
			-0.5319	-0.3189	-0.7845
			0.6103	0.3256	0.7221
			0.6427	0.3936	0.6573
			0.2937	-0.919	0.2632
			0.7076	0.0239	-0.7062
			-0.6427	-0.3936	-0.6573
			-0.2937	0.919	-0.2632
			-0.7076	-0.0239	0.7062
		b:
			-622.1352
			530.9023
			569.3206
			-343.6969
			-558.6144
			582.7503
			614.4655
			-254.9595
			155.5094
			-613.4655
			268.9595
			-146.5094
	==================================================================================
	Q6:
		Shape: Ellipse
		q_c:	418.5	497.5	226.0
		ub :	425.4285	505.1394	230.2079
		lb :	411.5715	489.8606	221.7921
		P^-1:
			1.069	-0.3526	-1.7064
			-0.3526	0.1531	0.5808
			-1.7064	0.5808	2.8441


===========================================================================================
===========================================================================================
