3D_30_13_6_e                l = 3

===========================================================================================
===========================================================================================
S1:
	q_c:	220.5	220.5	398.0
	ub :	224.9931	223.6547	401.9167
	lb :	218.7767	216.6266	395.6605

	==================================================================================
	Q1:
		Shape: Polyhedra
		q_c:	221.0	221.5	397.0
		ub :	222.2814	222.9825	398.3395
		lb :	219.7186	220.0175	395.6605
		A:
			-0.7562	-0.5138	-0.4051
			-0.1185	-0.8025	-0.5847
			0.4173	-0.2182	-0.8822
			0.6461	0.1598	-0.7463
			-0.316	0.4466	-0.837
			-0.4119	-0.5871	-0.6969
			0.7303	0.3917	0.5597
			0.6113	-0.7404	-0.2795
			0.3049	0.5463	-0.7801
			-0.7303	-0.3917	-0.5597
			-0.6113	0.7404	0.2795
			-0.3049	-0.5463	0.7801
		b:
			-441.2395
			-435.3123
			-305.3778
			-117.1049
			-302.3311
			-497.1309
			470.8565
			-138.853
			-120.3182
			-469.8565
			140.853
			122.3182
	==================================================================================
	Q2:
		Shape: Ellipse
		q_c:	220.5	221.5	400.0
		ub :	222.2233	223.1285	401.4555
		lb :	218.7767	219.8715	398.5445
		P^-1:
			1.0	-0.0	0.0
			-0.0	1.0	-0.0
			0.0	-0.0	1.0
	==================================================================================
	Q3:
		Shape: Hybrid
		q_c:	222.0	219.5	400.0
		ub :	223.7157	221.5239	401.9167
		lb :	220.2843	217.4761	398.0833
		P^-1:
			0.9628	-0.0843	-0.1104
			-0.0843	0.8092	-0.25
			-0.1104	-0.25	0.6725
		A:
			-0.6249	0.5125	0.589
			0.2466	-0.0319	0.9686
			-0.6181	0.1929	-0.7621
			-0.1505	-0.436	0.8873
			0.1156	0.3108	-0.9434
			-0.3485	0.7997	-0.489
		b:
			210.0701
			436.0136
			-398.9778
			226.411
			-282.8382
			-96.9281
	==================================================================================
	Q4:
		Shape: Polyhedra
		q_c:	223.5	222.5	399.0
		ub :	224.9931	223.6547	400.4302
		lb :	222.0069	221.3453	397.5698
		A:
			0.5537	0.7712	-0.314
			-0.0293	-0.6264	-0.7789
			0.9538	0.2001	0.224
			-0.8271	-0.2695	0.4933
			0.5091	-0.6326	-0.5836
			0.5807	0.7194	0.3812
			0.5684	0.0937	0.8174
			-0.1092	0.9933	-0.038
			-0.8155	-0.0677	0.5748
			-0.5684	-0.0937	-0.8174
			0.1092	-0.9933	0.038
			0.8155	0.0677	-0.5748
		b:
			171.0846
			-455.7133
			348.0671
			-46.9978
			-258.8235
			442.9309
			475.0379
			182.4461
			33.0141
			-473.0379
			-180.4461
			-31.0141
	==================================================================================
	Q5:
		Shape: Polyhedra
		q_c:	222.5	218.5	399.5
		ub :	223.9716	220.3734	401.4147
		lb :	221.0284	216.6266	397.5853
		A:
			-0.7377	0.3263	-0.5911
			-0.9178	-0.1616	0.3626
			-0.6342	-0.4084	-0.6565
			0.9723	0.2115	-0.0998
			0.9957	0.0045	0.0926
			0.1749	0.8719	0.4573
			0.7798	0.5913	0.2059
			0.6245	-0.7109	-0.3235
			-0.0449	0.3808	-0.9235
			-0.7798	-0.5913	-0.2059
			-0.6245	0.7109	0.3235
			0.0449	-0.3808	0.9235
		b:
			-327.7062
			-93.6025
			-491.4849
			223.6731
			260.5443
			413.1388
			385.9419
			-144.6338
			-294.2352
			-383.9419
			146.6338
			297.2352
	==================================================================================
	Q6:
		Shape: Polyhedra
		q_c:	222.0	220.5	397.5
		ub :	223.8619	222.24	398.4621
		lb :	220.1381	218.76	396.5379
		A:
			-0.494	-0.0456	-0.8683
			0.1436	-0.3248	0.9348
			0.8398	-0.3403	0.423
			0.3697	0.0526	0.9277
			-0.3552	0.0796	0.9314
			-0.3553	0.119	0.9272
			0.7447	0.6254	0.2333
			0.6134	-0.779	0.1303
			0.2632	0.0461	-0.9636
			-0.7447	-0.6254	-0.2333
			-0.6134	0.779	-0.1303
			-0.2632	-0.0461	0.9636
		b:
			-463.8165
			332.5149
			280.6917
			463.3513
			309.4352
			316.4363
			397.4356
			17.1981
			-313.9569
			-394.4356
			-15.1981
			314.9569


===========================================================================================
===========================================================================================
S2:
	q_c:	526.5	254.0	161.0
	ub :	545.9811	281.1665	183.1412
	lb :	509.3121	239.4789	142.6978

	==================================================================================
	Q1:
		Shape: Ellipse
		q_c:	529.0	270.0	167.0
		ub :	539.0783	281.1665	179.4985
		lb :	518.9217	258.8335	154.5015
		P^-1:
			0.0236	-0.003	-0.0057
			-0.003	0.0195	-0.0012
			-0.0057	-0.0012	0.0189
	==================================================================================
	Q2:
		Shape: Polyhedra
		q_c:	536.0	272.5	153.5
		ub :	545.9811	280.772	164.3022
		lb :	526.0189	264.228	142.6978
		A:
			0.6178	0.0552	-0.7844
			0.6511	-0.2928	-0.7003
			0.8103	-0.5851	0.0323
			0.2974	0.5762	-0.7613
			0.5142	-0.7818	0.3527
			0.1692	-0.9208	0.3514
			0.449	0.2006	0.8707
			-0.807	0.5093	0.2988
			-0.3836	-0.8369	0.3905
			-0.449	-0.2006	-0.8707
			0.807	-0.5093	-0.2988
			0.3836	0.8369	-0.3905
		b:
			231.5563
			167.6561
			285.6162
			204.9882
			122.4257
			-101.3017
			437.4712
			-242.4011
			-369.1887
			-420.4712
			253.4011
			378.1887
	==================================================================================
	Q3:
		Shape: Hybrid
		q_c:	534.5	246.5	174.5
		ub :	539.6949	252.769	180.2308
		lb :	529.3051	240.231	168.7692
		P^-1:
			0.0497	0.0008	0.0018
			0.0008	0.0344	0.0062
			0.0018	0.0062	0.0608
		A:
			-0.625	-0.6841	0.376
			-0.393	0.9073	0.1493
			0.3128	-0.2339	-0.9206
			-0.6963	-0.198	0.6899
			0.9163	0.1933	0.3507
			-0.2578	-0.4488	-0.8556
		b:
			-434.0006
			42.877
			-49.001
			-298.129
			600.9977
			-395.6276
	==================================================================================
	Q4:
		Shape: Polyhedra
		q_c:	533.5	249.5	170.0
		ub :	544.0929	259.3559	178.5883
		lb :	522.9071	239.6441	161.4117
		A:
			0.5574	0.7185	-0.416
			-0.0916	-0.6038	-0.7919
			-0.8622	0.0553	-0.5035
			0.3727	0.3149	0.8729
			-0.743	0.345	-0.5735
			0.0741	-0.3204	-0.9444
			0.51	0.8455	0.1582
			0.8083	-0.4083	-0.4241
			-0.294	0.3442	-0.8917
			-0.51	-0.8455	-0.1582
			-0.8083	0.4083	0.4241
			0.294	-0.3442	0.8917
		b:
			411.9364
			-327.9398
			-525.8339
			431.2615
			-402.0513
			-194.8447
			515.939
			264.7851
			-217.5739
			-503.939
			-249.7851
			227.5739
	==================================================================================
	Q5:
		Shape: Polyhedra
		q_c:	517.5	261.0	173.0
		ub :	525.6879	271.2187	183.1412
		lb :	509.3121	250.7813	162.8588
		A:
			-0.9579	-0.2204	-0.1838
			0.8666	-0.4938	-0.072
			0.9228	-0.0066	0.3852
			0.0059	0.857	0.5152
			-0.0284	0.1209	0.9923
			-0.7644	0.3978	-0.5074
			0.7395	0.4268	0.5205
			0.6528	-0.2662	-0.7092
			-0.1641	0.8643	-0.4755
			-0.7395	-0.4268	-0.5205
			-0.6528	0.2662	0.7092
			0.1641	-0.8643	0.4755
		b:
			-580.5835
			313.4943
			547.3484
			321.7716
			194.3348
			-373.0983
			588.1493
			151.658
			66.3919
			-580.1493
			-139.658
			-50.3919
	==================================================================================
	Q6:
		Shape: Hybrid
		q_c:	518.0	245.0	168.0
		ub :	524.0656	250.5211	173.7335
		lb :	511.9344	239.4789	162.2665
		P^-1:
			0.091	0.0443	0.0358
			0.0443	0.1255	-0.0062
			0.0358	-0.0062	0.0946
		A:
			-0.5697	-0.4258	-0.703
			-0.1192	-0.8508	0.5118
			-0.7841	-0.2997	-0.5434
			0.3728	0.6968	-0.6128
			0.5485	0.6193	0.5618
			-0.8733	-0.4872	-0.0028
		b:
			-516.0556
			-182.6017
			-569.4296
			262.719
			531.6191
			-570.3141


===========================================================================================
===========================================================================================
S3:
	q_c:	513.5	349.0	458.5
	ub :	521.5651	356.8339	469.5546
	lb :	506.4083	338.4344	452.0265

	==================================================================================
	Q1:
		Shape: Ellipse
		q_c:	509.5	343.5	459.5
		ub :	512.5917	348.5656	463.7843
		lb :	506.4083	338.4344	455.2157
		P^-1:
			0.237	0.043	0.0199
			0.043	0.0975	-0.0373
			0.0199	-0.0373	0.138
	==================================================================================
	Q2:
		Shape: Polyhedra
		q_c:	516.5	344.0	466.0
		ub :	521.1726	349.0225	469.5546
		lb :	511.8274	338.9775	462.4454
		A:
			0.014	-0.1692	0.9855
			-0.1467	-0.3263	-0.9338
			-0.1228	0.3358	0.9339
			0.9263	0.3299	-0.1821
			-0.1436	-0.8782	0.4562
			-0.3422	-0.2877	-0.8945
			0.7444	0.604	0.2846
			-0.0551	-0.3692	0.9277
			0.6655	-0.7063	-0.2415
			-0.7444	-0.604	-0.2846
			0.0551	0.3692	-0.9277
			-0.6655	0.7063	0.2415
		b:
			410.338
			-620.5879
			489.9853
			510.0571
			-161.0834
			-689.9714
			727.9034
			278.8399
			-8.2877
			-721.9034
			-274.8399
			15.2877
	==================================================================================
	Q3:
		Shape: Hybrid
		q_c:	513.5	349.5	454.5
		ub :	516.8407	352.6308	456.9735
		lb :	510.1593	346.3692	452.0265
		P^-1:
			0.2761	0.1957	0.165
			0.1957	0.5061	0.3395
			0.165	0.3395	0.6278
		A:
			0.3562	0.93	-0.0902
			-0.0532	0.268	-0.9619
			0.254	0.9159	0.3108
			0.554	0.6445	0.527
			-0.3725	-0.6415	-0.6706
			-0.8212	0.1127	-0.5594
		b:
			468.1972
			-369.4824
			592.688
			749.8748
			-719.7861
			-634.9735
	==================================================================================
	Q4:
		Shape: Polyhedra
		q_c:	515.0	352.0	463.5
		ub :	518.9762	356.8339	468.209
		lb :	511.0238	347.1661	458.791
		A:
			0.0345	0.737	-0.675
			-0.574	0.4576	0.6791
			-0.9084	0.2379	-0.3437
			0.7691	-0.3941	0.5031
			-0.8543	-0.3784	0.3565
			0.6742	0.4602	-0.5777
			0.3265	0.7942	0.5126
			0.8588	-0.0228	-0.5117
			-0.3947	0.6073	-0.6895
			-0.3265	-0.7942	-0.5126
			-0.8588	0.0228	0.5117
			0.3947	-0.6073	0.6895
		b:
			-33.4593
			183.1468
			-541.1292
			492.7408
			-405.3593
			243.7241
			689.7503
			199.096
			-307.1059
			-680.7503
			-195.096
			311.1059
	==================================================================================
	Q5:
		Shape: Polyhedra
		q_c:	517.0	351.5	460.5
		ub :	520.2048	354.5078	464.2894
		lb :	513.7952	348.4922	456.7106
		A:
			-0.4912	-0.2941	-0.8199
			0.7066	-0.5923	0.3872
			-0.854	0.0837	-0.5135
			0.0361	-0.7725	-0.634
			0.0098	-0.8007	0.5989
			0.2225	0.973	-0.062
			0.0791	0.9755	0.2052
			0.641	0.1078	-0.7599
			-0.7634	0.1916	-0.6168
			-0.0791	-0.9755	-0.2052
			-0.641	-0.1078	0.7599
			0.7634	-0.1916	0.6168
		b:
			-733.125
			336.8921
			-647.4061
			-542.183
			1.9528
			431.0873
			480.7767
			22.8913
			-610.3729
			-475.7767
			-15.8913
			612.3729
	==================================================================================
	Q6:
		Shape: Polyhedra
		q_c:	517.5	344.5	462.0
		ub :	521.5651	348.7547	466.5697
		lb :	513.4349	340.2453	457.4303
		A:
			0.4695	-0.8504	0.2377
			-0.9596	-0.2814	-0.0069
			-0.2356	-0.5626	0.7925
			-0.6941	0.5973	0.4019
			0.8873	0.3408	0.3106
			-0.3834	0.0169	0.9234
			0.6986	0.3429	0.6281
			-0.7121	0.4193	0.5631
			-0.0703	-0.8406	0.537
			-0.6986	-0.3429	-0.6281
			0.7121	-0.4193	-0.5631
			0.0703	0.8406	-0.537
		b:
			62.6497
			-594.09
			53.0302
			35.7135
			722.3215
			237.1333
			771.7836
			39.5986
			-75.3499
			-767.7836
			-32.5986
			80.3499


===========================================================================================
===========================================================================================
S4:
	q_c:	214.5	240.0	469.0
	ub :	247.1554	266.8205	502.3279
	lb :	181.8535	207.303	439.6056

	==================================================================================
	Q1:
		Shape: Hybrid
		q_c:	213.0	227.0	473.5
		ub :	223.2005	237.1916	479.4109
		lb :	202.7995	216.8084	467.5891
		P^-1:
			0.1248	-0.0662	-0.3084
			-0.0662	0.0518	0.1781
			-0.3084	0.1781	0.8483
		A:
			-0.2526	0.5442	0.8
			-0.4707	0.3635	0.8039
			-0.2069	0.3589	0.9102
			0.0939	0.6213	-0.7779
			0.8641	0.4689	0.183
			0.3209	-0.2986	-0.8988
		b:
			451.3635
			364.7388
			469.9907
			-201.1425
			386.0308
			-424.1869
	==================================================================================
	Q2:
		Shape: Hybrid
		q_c:	195.5	230.5	485.5
		ub :	209.1465	243.3925	502.3279
		lb :	181.8535	217.6075	468.6721
		P^-1:
			0.0331	-0.0146	-0.0148
			-0.0146	0.0214	0.0049
			-0.0148	0.0049	0.0138
		A:
			-0.9105	-0.0649	0.4084
			0.2927	0.9045	-0.3103
			-0.4061	0.0432	0.9128
			-0.8675	0.2497	0.4302
			0.2491	-0.2207	-0.943
			-0.5962	0.7881	-0.1531
		b:
			9.4225
			121.46
			380.3804
			99.4864
			-452.0622
			-4.5799
	==================================================================================
	Q3:
		Shape: Hybrid
		q_c:	206.5	239.5	490.0
		ub :	217.739	253.3118	499.7312
		lb :	195.261	225.6882	480.2688
		P^-1:
			0.0171	-0.0025	0.0009
			-0.0025	0.0095	0.0023
			0.0009	0.0023	0.0199
		A:
			0.2282	-0.9708	0.0745
			-0.9288	-0.3488	-0.1252
			0.737	-0.2094	-0.6426
			-0.4128	0.3492	-0.8412
			-0.8925	0.1785	0.4141
			0.9626	-0.2318	-0.1402
		b:
			-142.161
			-331.4341
			-208.8776
			-409.5079
			65.4613
			78.5844
	==================================================================================
	Q4:
		Shape: Ellipse
		q_c:	218.0	258.5	449.5
		ub :	227.8392	266.8205	459.3944
		lb :	208.1608	250.1795	439.6056
		P^-1:
			0.0438	0.0151	0.0225
			0.0151	0.0514	0.0201
			0.0225	0.0201	0.0333
	==================================================================================
	Q5:
		Shape: Polyhedra
		q_c:	209.0	216.5	460.5
		ub :	217.1426	223.5738	467.9761
		lb :	200.8574	209.4262	453.0239
		A:
			-0.2703	0.7011	-0.6599
			-0.4414	0.5501	-0.7089
			-0.8852	0.2886	-0.3649
			-0.1447	-0.9021	-0.4065
			0.8026	-0.3224	0.502
			-0.5217	0.8343	0.1782
			0.688	0.2328	0.6874
			-0.6092	-0.3295	0.7213
			0.3944	-0.915	-0.0848
			-0.688	-0.2328	-0.6874
			0.6092	0.3295	-0.7213
			-0.3944	0.915	0.0848
		b:
			-203.594
			-295.0526
			-286.5584
			-408.5631
			332.961
			158.2313
			514.2297
			140.0084
			-150.2391
			-507.2297
			-127.0084
			159.2391
	==================================================================================
	Q6:
		Shape: Hybrid
		q_c:	228.5	225.0	472.5
		ub :	247.1554	242.697	492.4729
		lb :	209.8446	207.303	452.5271
		P^-1:
			0.0054	-0.0009	0.0014
			-0.0009	0.0073	-0.0017
			0.0014	-0.0017	0.008
		A:
			-0.2363	0.3952	0.8877
			-0.0223	-0.0312	-0.9993
			0.0981	0.0843	0.9916
			0.0431	0.3683	-0.9287
			-0.5354	-0.0214	0.8443
			-0.7159	0.6791	-0.162
		b:
			462.4443
			-477.5654
			516.5865
			-340.081
			280.2425
			-80.4311


===========================================================================================
===========================================================================================
S5:
	q_c:	486.5	8.5	85.5
	ub :	496.1579	23.4023	101.4957
	lb :	474.4496	-0.3509	73.2647

	==================================================================================
	Q1:
		Shape: Ellipse
		q_c:	487.0	8.0	94.0
		ub :	493.1733	11.3189	101.4957
		lb :	480.8267	4.6811	86.5043
		P^-1:
			0.1603	-0.1523	0.0605
			-0.1523	0.3389	-0.0631
			0.0605	-0.0631	0.0505
	==================================================================================
	Q2:
		Shape: Polyhedra
		q_c:	482.0	18.5	79.0
		ub :	487.2115	23.4023	84.7353
		lb :	476.7885	13.5977	73.2647
		A:
			-0.3948	0.8123	0.4294
			-0.7964	-0.0922	0.5977
			-0.8089	0.5571	-0.1881
			0.9068	-0.3667	-0.208
			-0.3485	0.887	0.3031
			-0.2708	0.8454	-0.4604
			0.3308	0.8048	0.4928
			0.8323	-0.0027	-0.5543
			-0.4448	0.5935	-0.6708
			-0.3308	-0.8048	-0.4928
			-0.8323	0.0027	0.5543
			0.4448	-0.5935	0.6708
		b:
			-138.0115
			-335.3632
			-391.0768
			416.9874
			-124.2153
			-147.7768
			216.7696
			360.3369
			-252.8858
			-209.7696
			-354.3369
			259.8858
	==================================================================================
	Q3:
		Shape: Polyhedra
		q_c:	487.0	11.0	82.0
		ub :	491.8407	13.5158	86.6356
		lb :	482.1593	8.4842	77.3644
		A:
			-0.6716	-0.716	-0.1904
			0.3958	-0.906	0.1502
			-0.859	0.1121	-0.4996
			0.2999	0.4545	0.8387
			0.5939	0.4211	-0.6855
			-0.2755	0.6372	-0.7198
			0.2252	0.9743	0.0074
			0.8899	-0.2026	-0.4086
			-0.3966	0.0986	-0.9127
			-0.2252	-0.9743	-0.0074
			-0.8899	0.2026	0.4086
			0.3966	-0.0986	0.9127
		b:
			-348.3239
			197.5598
			-454.5619
			222.9133
			240.6892
			-183.1483
			122.5121
			401.156
			-263.4078
			-119.5121
			-394.156
			270.4078
	==================================================================================
	Q4:
		Shape: Hybrid
		q_c:	479.5	6.0	92.5
		ub :	484.5504	11.8288	98.3953
		lb :	474.4496	0.1712	86.6047
		P^-1:
			0.1879	-0.0872	-0.025
			-0.0872	0.1083	0.0226
			-0.025	0.0226	0.0657
		A:
			-0.9953	0.0819	0.052
			0.8846	-0.1305	0.4478
			-0.6156	-0.6887	-0.3832
			0.1129	0.9889	0.0962
			0.502	-0.7163	0.4847
			-0.8997	0.1645	0.4044
		b:
			-470.2184
			466.9191
			-331.5543
			71.9936
			283.6241
			-391.35
	==================================================================================
	Q5:
		Shape: Hybrid
		q_c:	482.0	5.5	81.0
		ub :	487.8829	10.3342	84.4605
		lb :	476.1171	0.6658	77.5395
		P^-1:
			0.0957	0.1021	-0.0198
			0.1021	0.2625	0.1119
			-0.0198	0.1119	0.3693
		A:
			-0.0098	-0.0865	-0.9962
			-0.3902	-0.9059	-0.1647
			-0.0733	-0.1259	0.9893
			-0.5778	0.3833	0.7206
			0.6396	0.7172	0.2767
			0.4486	0.8074	0.3832
		b:
			-84.7761
			-205.3421
			45.4105
			-215.5563
			336.1089
			252.6538
	==================================================================================
	Q6:
		Shape: Ellipse
		q_c:	491.5	5.0	95.5
		ub :	496.1579	10.3509	101.1585
		lb :	486.8421	-0.3509	89.8415
		P^-1:
			0.0925	0.0056	0.0131
			0.0056	0.0676	0.0129
			0.0131	0.0129	0.0951


===========================================================================================
===========================================================================================
S6:
	q_c:	298.5	319.5	449.0
	ub :	316.1265	343.8399	466.1449
	lb :	275.6054	299.5133	428.2662

	==================================================================================
	Q1:
		Shape: Ellipse
		q_c:	293.5	325.5	441.0
		ub :	302.3568	333.5934	451.7
		lb :	284.6432	317.4066	430.3
		P^-1:
			0.0776	-0.0313	0.03
			-0.0313	0.0474	-0.0175
			0.03	-0.0175	0.0239
	==================================================================================
	Q2:
		Shape: Polyhedra
		q_c:	302.0	313.5	455.0
		ub :	311.5553	324.7442	466.1449
		lb :	292.4447	302.2558	443.8551
		A:
			-0.733	-0.0998	0.6729
			0.0388	0.717	0.696
			-0.2658	0.7468	-0.6096
			-0.0855	0.9938	-0.0711
			0.2182	0.0491	-0.9747
			-0.8707	-0.282	-0.4028
			0.1084	0.7146	0.6911
			0.7761	0.3736	-0.5081
			-0.6213	0.5914	-0.5141
			-0.1084	-0.7146	-0.6911
			-0.7761	-0.3736	0.5081
			0.6213	-0.5914	0.5141
		b:
			58.6776
			559.663
			-115.8624
			260.4656
			-356.0477
			-528.041
			577.714
			125.3153
			-228.1145
			-564.714
			-115.3153
			244.1145
	==================================================================================
	Q3:
		Shape: Ellipse
		q_c:	300.0	335.5	451.5
		ub :	307.7896	343.8399	460.5547
		lb :	292.2104	327.1601	442.4453
		P^-1:
			0.046	0.0053	0.0053
			0.0053	0.0407	-0.0052
			0.0053	-0.0052	0.0205
	==================================================================================
	Q4:
		Shape: Hybrid
		q_c:	308.0	315.0	440.0
		ub :	316.1265	325.1107	451.7338
		lb :	299.8735	304.8893	428.2662
		P^-1:
			0.0303	-0.0105	-0.0042
			-0.0105	0.039	0.0104
			-0.0042	0.0104	0.0137
		A:
			0.6424	0.0142	0.7662
			0.128	0.9917	-0.011
			-0.3459	0.8001	0.49
			0.5263	0.2946	0.7977
			0.0442	0.9902	0.1325
			0.773	-0.3052	-0.5562
		b:
			545.7652
			350.7989
			363.7251
			611.7986
			387.0375
			-98.9045
	==================================================================================
	Q5:
		Shape: Polyhedra
		q_c:	301.0	307.0	441.0
		ub :	308.7811	314.4867	447.0383
		lb :	293.2189	299.5133	434.9617
		A:
			-0.9267	0.1392	0.349
			-0.7636	0.2786	0.5825
			-0.9077	0.3197	-0.2718
			-0.4426	0.708	0.5503
			-0.0977	0.5526	-0.8277
			0.5513	-0.5016	-0.6667
			0.3571	0.9311	0.0747
			0.5912	-0.1634	-0.7898
			-0.7231	0.3262	-0.6088
			-0.3571	-0.9311	-0.0747
			-0.5912	0.1634	0.7898
			0.7231	-0.3262	0.6088
		b:
			-78.479
			115.5382
			-289.3239
			330.6291
			-219.5328
			-278.9752
			431.7794
			-218.0034
			-379.9988
			-420.7794
			223.0034
			391.9988
	==================================================================================
	Q6:
		Shape: Ellipse
		q_c:	286.0	330.5	457.5
		ub :	296.3946	340.4651	464.7202
		lb :	275.6054	320.5349	450.2798
		P^-1:
			0.0329	-0.0208	0.0359
			-0.0208	0.0473	-0.0532
			0.0359	-0.0532	0.1179


===========================================================================================
===========================================================================================
S7:
	q_c:	351.0	105.5	489.0
	ub :	363.8189	123.514	512.3395
	lb :	333.4473	91.9691	472.7313

	==================================================================================
	Q1:
		Shape: Ellipse
		q_c:	356.0	111.5	504.5
		ub :	362.5051	118.2537	512.3395
		lb :	349.4949	104.7463	496.6605
		P^-1:
			0.4927	-0.4907	-0.0354
			-0.4907	0.5203	0.0363
			-0.0354	0.0363	0.0204
	==================================================================================
	Q2:
		Shape: Polyhedra
		q_c:	347.0	106.5	499.0
		ub :	353.912	113.3455	506.4347
		lb :	340.088	99.6545	491.5653
		A:
			-0.1929	0.7871	0.5858
			0.1935	-0.7345	-0.6505
			0.2653	-0.8571	-0.4416
			-0.221	0.6614	0.7168
			0.9919	-0.1012	-0.0769
			0.8616	-0.1578	0.4824
			0.695	0.4758	0.5391
			0.7015	-0.2842	-0.6535
			-0.1578	0.8323	-0.5314
			-0.695	-0.4758	-0.5391
			-0.7015	0.2842	0.6535
			0.1578	-0.8323	0.5314
		b:
			313.5668
			-331.2997
			-215.3433
			355.745
			299.4192
			527.5364
			565.8217
			-108.9554
			-227.241
			-555.8217
			116.9554
			235.241
	==================================================================================
	Q3:
		Shape: Polyhedra
		q_c:	356.0	104.0	480.5
		ub :	363.8189	108.5721	488.2687
		lb :	348.1811	99.4279	472.7313
		A:
			0.8493	0.4936	0.1871
			0.6462	0.4254	-0.6336
			0.0507	0.5596	0.8272
			0.057	-0.9786	-0.1975
			0.9896	-0.0886	0.1131
			0.1038	-0.4317	-0.896
			0.6462	0.0216	0.7629
			-0.7523	0.1867	0.6319
			-0.1288	-0.9822	0.1368
			-0.6462	-0.0216	-0.7629
			0.7523	-0.1867	-0.6319
			0.1288	0.9822	-0.1368
		b:
			448.2803
			-25.2803
			478.6409
			-172.536
			402.6769
			-433.3064
			603.8482
			60.7178
			-78.7439
			-593.8482
			-49.7178
			85.7439
	==================================================================================
	Q4:
		Shape: Hybrid
		q_c:	357.0	97.5	480.0
		ub :	360.7326	101.9523	484.6114
		lb :	353.2674	93.0477	475.3886
		P^-1:
			0.2241	-0.0491	-0.0422
			-0.0491	0.1572	-0.0799
			-0.0422	-0.0799	0.1812
		A:
			0.7812	0.5757	-0.2416
			-0.2832	-0.7746	0.5655
			0.2262	0.6238	-0.7481
			0.8187	-0.5147	-0.2547
			0.7928	-0.6093	0.0128
			-0.9971	-0.0619	0.0432
		b:
			220.8067
			96.0583
			-216.521
			120.9519
			230.8064
			-339.8835
	==================================================================================
	Q5:
		Shape: Polyhedra
		q_c:	343.0	114.0	483.0
		ub :	352.5527	123.514	490.9202
		lb :	333.4473	104.486	475.0798
		A:
			-0.1063	0.7754	0.6224
			-0.117	0.991	0.0652
			-0.1026	-0.5257	-0.8444
			0.128	-0.7929	-0.5958
			0.6722	0.6565	0.3423
			0.2085	-0.8561	-0.473
			0.4409	0.6589	0.6095
			0.2309	0.5729	-0.7864
			-0.8674	0.4875	0.1004
			-0.4409	-0.6589	-0.6095
			-0.2309	-0.5729	0.7864
			0.8674	-0.4875	-0.1004
		b:
			357.1654
			110.4658
			-499.2858
			-329.4799
			474.0126
			-249.1316
			522.6994
			-227.832
			-185.4553
			-518.6994
			242.832
			201.4553
	==================================================================================
	Q6:
		Shape: Ellipse
		q_c:	344.0	97.0	489.5
		ub :	349.422	102.0309	493.8871
		lb :	338.578	91.9691	485.1129
		P^-1:
			0.076	0.0325	0.0083
			0.0325	0.2248	-0.175
			0.0083	-0.175	0.3041


===========================================================================================
===========================================================================================
S8:
	q_c:	340.0	287.0	153.5
	ub :	360.9284	304.2283	178.5743
	lb :	321.1846	264.3479	138.0412

	==================================================================================
	Q1:
		Shape: Ellipse
		q_c:	342.0	289.5	156.0
		ub :	345.7744	295.3703	159.2351
		lb :	338.2256	283.6297	152.7649
		P^-1:
			0.2233	0.0296	0.038
			0.0296	0.0377	0.0078
			0.038	0.0078	0.1821
	==================================================================================
	Q2:
		Shape: Hybrid
		q_c:	350.5	283.0	164.0
		ub :	360.9284	293.9226	171.5122
		lb :	340.0716	272.0774	156.4878
		P^-1:
			0.0217	-0.002	-0.0035
			-0.002	0.022	-0.0056
			-0.0035	-0.0056	0.0378
		A:
			0.7479	-0.2523	0.614
			-0.5153	0.298	0.8035
			-0.5185	0.8424	-0.1463
			-0.2737	-0.4955	0.8243
			0.4638	-0.143	0.8743
			-0.325	0.06	0.9438
		b:
			295.2775
			38.7126
			36.6144
			-98.2445
			268.8202
			60.5816
	==================================================================================
	Q3:
		Shape: Ellipse
		q_c:	330.0	299.0	163.5
		ub :	334.6717	304.2283	172.8423
		lb :	325.3283	293.7717	154.1577
		P^-1:
			0.1548	-0.0923	-0.0173
			-0.0923	0.1545	0.0205
			-0.0173	0.0205	0.0155
	==================================================================================
	Q4:
		Shape: Ellipse
		q_c:	344.5	276.5	167.5
		ub :	355.5304	288.6521	178.5743
		lb :	333.4696	264.3479	156.4257
		P^-1:
			0.0207	-0.0029	-0.0037
			-0.0029	0.0215	-0.0053
			-0.0037	-0.0053	0.023
	==================================================================================
	Q5:
		Shape: Polyhedra
		q_c:	333.5	290.0	147.0
		ub :	343.4604	298.3912	155.9588
		lb :	323.5396	281.6088	138.0412
		A:
			0.0462	-0.9901	-0.1329
			0.3906	0.878	0.2767
			-0.9594	-0.1031	0.2626
			-0.1892	-0.8672	-0.4606
			0.1577	-0.8648	-0.4767
			-0.8501	-0.5251	0.0408
			0.9776	0.1219	0.1713
			-0.1118	-0.3887	0.9146
			0.1781	-0.9133	-0.3664
			-0.9776	-0.1219	-0.1713
			0.1118	0.3887	-0.9146
			-0.1781	0.9133	0.3664
		b:
			-285.6695
			432.0699
			-303.1489
			-376.3057
			-262.7611
			-421.7726
			395.081
			-9.5703
			-253.8144
			-378.081
			21.5703
			264.8144
	==================================================================================
	Q6:
		Shape: Ellipse
		q_c:	331.0	284.5	157.0
		ub :	340.8154	294.1756	166.8644
		lb :	321.1846	274.8244	147.1356
		P^-1:
			0.0216	0.0043	0.0027
			0.0043	0.0377	-0.0126
			0.0027	-0.0126	0.0356


===========================================================================================
===========================================================================================
S9:
	q_c:	166.5	236.0	153.0
	ub :	183.1727	254.1012	169.7069
	lb :	155.1468	222.2873	136.6472

	==================================================================================
	Q1:
		Shape: Polyhedra
		q_c:	175.0	234.5	151.0
		ub :	183.1727	243.1604	159.4429
		lb :	166.8273	225.8396	142.5571
		A:
			0.737	0.103	-0.668
			-0.1555	0.2359	0.9593
			0.0589	0.6702	0.7398
			0.5746	-0.6974	-0.4283
			-0.5571	-0.8211	-0.1238
			0.4588	0.7259	0.5124
			0.2371	0.6063	0.7591
			-0.9715	0.1414	0.1904
			0.0082	-0.7825	0.6226
			-0.2371	-0.6063	-0.7591
			0.9715	-0.1414	-0.1904
			-0.0082	0.7825	-0.6226
		b:
			59.4035
			177.8968
			282.8976
			-121.4115
			-303.194
			332.0248
			301.7878
			-100.5911
			-81.0734
			-294.7878
			115.5911
			95.0734
	==================================================================================
	Q2:
		Shape: Hybrid
		q_c:	162.5	235.0	143.5
		ub :	167.7926	241.6719	150.3528
		lb :	157.2074	228.3281	136.6472
		P^-1:
			0.062	0.0016	0.0034
			0.0016	0.0574	-0.0111
			0.0034	-0.0111	0.0387
		A:
			-0.0687	-0.8509	0.5209
			0.6074	0.304	-0.7339
			0.7436	0.0597	0.6659
			-0.5653	0.3399	-0.7516
			-0.0139	0.372	-0.9281
			-0.0157	-0.1571	0.9875
		b:
			-134.3451
			67.436
			232.9017
			-117.4639
			-45.2818
			105.295
	==================================================================================
	Q3:
		Shape: Polyhedra
		q_c:	163.0	248.5	143.5
		ub :	168.3343	254.1012	149.0334
		lb :	157.6657	242.8988	137.9666
		A:
			0.8763	0.2159	0.4306
			0.2963	-0.941	-0.1637
			-0.6695	-0.7242	0.1655
			-0.0667	0.7938	0.6045
			0.9031	0.1932	0.3836
			0.7962	0.363	0.484
			0.2312	0.8454	0.4816
			0.4112	0.3637	-0.8358
			-0.8818	0.3912	-0.2635
			-0.2312	-0.8454	-0.4816
			-0.4112	-0.3637	0.8358
			0.8818	-0.3912	0.2635
		b:
			261.7879
			-205.5264
			-261.8338
			276.6429
			253.7567
			292.9436
			320.3589
			40.9719
			-80.8195
			-313.3589
			-33.9719
			87.8195
	==================================================================================
	Q4:
		Shape: Polyhedra
		q_c:	173.5	229.0	163.0
		ub :	178.9662	235.7127	169.7069
		lb :	168.0338	222.2873	156.2931
		A:
			0.5787	-0.2093	-0.7883
			-0.5461	-0.5786	-0.6058
			-0.1703	-0.8403	-0.5146
			-0.8467	0.5074	0.1602
			-0.2551	-0.3706	-0.8931
			-0.6623	-0.4575	0.5934
			0.9937	0.0922	0.0635
			0.0103	-0.6402	0.7681
			0.1115	-0.7627	-0.6371
			-0.9937	-0.0922	-0.0635
			-0.0103	0.6402	-0.7681
			-0.1115	0.7627	0.6371
		b:
			-71.5066
			-321.5534
			-301.7637
			0.0849
			-270.3451
			-117.9634
			208.8857
			-14.6067
			-255.1495
			-198.8857
			24.6067
			263.1495
	==================================================================================
	Q5:
		Shape: Ellipse
		q_c:	163.0	230.5	154.0
		ub :	170.8532	236.9825	161.8622
		lb :	155.1468	224.0175	146.1378
		P^-1:
			0.0355	0.0173	0.0112
			0.0173	0.1065	0.0624
			0.0112	0.0624	0.0789
	==================================================================================
	Q6:
		Shape: Ellipse
		q_c:	161.0	241.5	144.0
		ub :	166.5167	248.2938	150.5439
		lb :	155.4833	234.7062	137.4561
		P^-1:
			0.0403	0.0025	0.0028
			0.0025	0.0575	0.0241
			0.0028	0.0241	0.0569


===========================================================================================
===========================================================================================
S10:
	q_c:	520.5	187.0	231.5
	ub :	534.0023	196.3483	244.1089
	lb :	507.0405	177.1291	226.2703

	==================================================================================
	Q1:
		Shape: Hybrid
		q_c:	515.0	189.5	233.0
		ub :	520.481	196.3483	238.1608
		lb :	509.519	182.6517	227.8392
		P^-1:
			0.0779	-0.0069	-0.0186
			-0.0069	0.0712	-0.0532
			-0.0186	-0.0532	0.1256
		A:
			0.6807	-0.2901	0.6726
			0.0509	0.1704	-0.9841
			-0.544	-0.8304	0.1206
			-0.7925	-0.2681	0.5477
			0.3215	-0.8623	0.3912
			0.1378	-0.503	-0.8532
		b:
			454.5761
			-168.9691
			-406.0801
			-329.4477
			95.4836
			-219.7183
	==================================================================================
	Q2:
		Shape: Polyhedra
		q_c:	513.0	189.0	239.5
		ub :	518.9595	194.9031	244.1089
		lb :	507.0405	183.0969	234.8911
		A:
			0.4331	0.9001	0.0476
			0.4546	0.5512	-0.6997
			0.9531	0.1129	0.2808
			0.5086	0.7828	0.3585
			0.4208	-0.6866	-0.5928
			-0.6653	-0.6973	-0.2667
			0.4045	0.3466	0.8463
			-0.6274	-0.5681	0.5325
			0.6654	-0.7464	-0.0123
			-0.4045	-0.3466	-0.8463
			0.6274	0.5681	-0.5325
			-0.6654	0.7464	0.0123
		b:
			407.0164
			172.8562
			581.0697
			498.1049
			-52.0579
			-533.6665
			479.1941
			-298.7014
			201.3364
			-472.1941
			304.7014
			-193.3364
	==================================================================================
	Q3:
		Shape: Polyhedra
		q_c:	519.5	184.0	234.5
		ub :	525.2925	189.1961	239.8613
		lb :	513.7075	178.8039	229.1387
		A:
			0.8134	-0.3098	0.4924
			0.9174	0.3474	0.1944
			-0.8524	-0.2725	0.4462
			0.3182	0.2606	-0.9115
			0.9125	0.1651	-0.3742
			0.2614	-0.6335	-0.7283
			0.4917	0.7308	0.4735
			0.608	0.1011	-0.7875
			-0.6233	0.6751	-0.3946
			-0.4917	-0.7308	-0.4735
			-0.608	-0.1011	0.7875
			0.6233	-0.6751	0.3946
		b:
			484.841
			589.2567
			-385.323
			2.6432
			419.7977
			-148.4507
			503.933
			152.8113
			-288.1459
			-497.933
			-146.8113
			296.1459
	==================================================================================
	Q4:
		Shape: Hybrid
		q_c:	522.0	189.0	232.0
		ub :	528.0808	195.2348	237.7297
		lb :	515.9192	182.7652	226.2703
		P^-1:
			0.1124	-0.05	-0.027
			-0.05	0.1075	-0.0255
			-0.027	-0.0255	0.0844
		A:
			0.6378	-0.5332	-0.5558
			0.8905	0.0797	-0.448
			-0.7493	0.5386	0.3854
			-0.6804	0.121	-0.7228
			-0.2592	-0.7253	0.6378
			0.5413	0.1322	-0.8303
		b:
			104.8769
			377.7995
			-198.5241
			-496.7879
			-122.5836
			116.6622
	==================================================================================
	Q5:
		Shape: Polyhedra
		q_c:	523.5	181.5	238.5
		ub :	527.3624	185.8709	242.8274
		lb :	519.6376	177.1291	234.1726
		A:
			-0.3951	-0.8934	0.2139
			-0.121	-0.0773	0.9896
			0.0513	0.8465	0.53
			0.0972	0.6465	0.7567
			0.8267	-0.2254	0.5155
			0.4116	0.4083	0.8148
			0.2698	0.782	0.5618
			-0.0687	0.5976	-0.7989
			-0.9605	0.1769	0.2149
			-0.2698	-0.782	-0.5618
			0.0687	-0.5976	0.7989
			0.9605	-0.1769	-0.2149
		b:
			-315.2201
			161.3322
			309.8745
			351.6648
			517.6405
			486.817
			420.1654
			-115.5142
			-416.4311
			-414.1654
			120.5142
			422.4311
	==================================================================================
	Q6:
		Shape: Polyhedra
		q_c:	528.0	189.0	239.5
		ub :	534.0023	194.4461	243.2835
		lb :	521.9977	183.5539	235.7165
		A:
			0.3413	0.379	-0.8602
			0.5958	-0.6384	0.4872
			-0.3926	0.6973	0.5997
			0.2165	0.2531	-0.9429
			-0.4728	-0.3894	0.7905
			-0.1848	-0.4913	0.8512
			0.815	0.3887	0.4298
			-0.2566	-0.423	0.869
			0.5196	-0.8185	-0.245
			-0.815	-0.3887	-0.4298
			0.2566	0.423	-0.869
			-0.5196	0.8185	0.245
		b:
			46.8989
			314.1395
			71.9433
			-62.3957
			-132.4748
			14.5152
			611.2096
			-6.3126
			64.9526
			-602.2096
			8.3126
			-56.9526


===========================================================================================
===========================================================================================
S11:
	q_c:	262.5	225.5	298.0
	ub :	280.4245	243.9733	323.0359
	lb :	243.9069	197.1498	274.9876

	==================================================================================
	Q1:
		Shape: Ellipse
		q_c:	259.0	217.5	311.0
		ub :	269.8383	226.6626	321.5489
		lb :	248.1617	208.3374	300.4511
		P^-1:
			0.0418	0.0277	-0.009
			0.0277	0.0615	0.0129
			-0.009	0.0129	0.0284
	==================================================================================
	Q2:
		Shape: Polyhedra
		q_c:	265.5	236.5	283.0
		ub :	272.9514	243.9733	289.7373
		lb :	258.0486	229.0267	276.2627
		A:
			0.7625	-0.5019	0.4082
			-0.3499	0.5063	-0.7882
			-0.6193	0.0412	0.784
			-0.0907	0.4661	-0.8801
			0.3453	-0.5042	0.7915
			0.9818	0.0936	-0.1652
			0.8783	0.1734	0.4456
			-0.3321	-0.4491	0.8295
			0.3439	-0.8765	-0.3368
			-0.8783	-0.1734	-0.4456
			0.3321	0.4491	-0.8295
			-0.3439	0.8765	0.3368
		b:
			204.4628
			-192.152
			71.2777
			-159.422
			200.495
			240.7462
			405.2917
			43.3471
			-205.3058
			-395.2917
			-37.3471
			217.3058
	==================================================================================
	Q3:
		Shape: Polyhedra
		q_c:	263.5	213.5	308.5
		ub :	272.0496	222.7481	317.1095
		lb :	254.9504	204.2519	299.8905
		A:
			-0.8738	-0.1987	0.4439
			-0.5026	0.4109	0.7607
			-0.2353	-0.9632	0.1299
			-0.5409	0.4899	0.6837
			-0.2817	-0.531	0.7992
			0.8325	-0.5525	0.0414
			0.1714	0.9718	0.1619
			0.7939	-0.0389	-0.6069
			-0.5834	0.2326	-0.7781
			-0.1714	-0.9718	-0.1619
			-0.7939	0.0389	0.6069
			0.5834	-0.2326	0.7781
		b:
			-130.436
			195.6649
			-219.7692
			178.8796
			64.8
			119.9288
			310.6017
			18.6593
			-338.6401
			-294.6017
			-8.6593
			349.6401
	==================================================================================
	Q4:
		Shape: Polyhedra
		q_c:	269.0	211.0	304.0
		ub :	280.4245	222.0841	312.3416
		lb :	257.5755	199.9159	295.6584
		A:
			0.3442	-0.702	-0.6235
			-0.1003	-0.3093	-0.9457
			0.1739	0.8627	-0.4749
			-0.0643	0.5081	-0.8589
			-0.5845	0.3987	-0.7067
			-0.5877	-0.159	-0.7933
			0.3793	0.798	0.4682
			0.872	-0.4775	0.1074
			0.3093	0.3676	-0.8771
			-0.3793	-0.798	-0.4682
			-0.872	0.4775	-0.1074
			-0.3093	-0.3676	0.8771
		b:
			-238.0722
			-373.8788
			90.3006
			-165.4956
			-280.5416
			-425.9646
			419.2708
			174.9647
			-100.8667
			-406.2708
			-157.9647
			110.8667
	==================================================================================
	Q5:
		Shape: Hybrid
		q_c:	255.5	221.0	311.5
		ub :	267.0931	230.5608	323.0359
		lb :	243.9069	211.4392	299.9641
		P^-1:
			0.0232	0.0091	0.0028
			0.0091	0.0331	0.0047
			0.0028	0.0047	0.0192
		A:
			-0.0479	0.3474	-0.9365
			-0.9836	0.1652	-0.0728
			0.0959	0.7982	0.5947
			0.077	0.1292	0.9886
			0.833	0.553	-0.0179
			0.8369	0.4862	-0.2514
		b:
			-222.1741
			-232.7404
			389.4072
			360.824
			332.6957
			246.6909
	==================================================================================
	Q6:
		Shape: Hybrid
		q_c:	263.5	209.5	285.5
		ub :	275.6859	221.8502	296.0124
		lb :	251.3141	197.1498	274.9876
		P^-1:
			0.0187	-0.0011	0.0042
			-0.0011	0.0201	0.0049
			0.0042	0.0049	0.0232
		A:
			0.5467	0.1757	0.8187
			0.5938	-0.2819	-0.7536
			-0.915	-0.0823	0.3951
			-0.8349	0.2974	0.4631
			0.5252	-0.3033	-0.7951
			-0.5386	0.2704	0.798
		b:
			417.7554
			-113.3679
			-140.4947
			-20.9497
			-147.9246
			146.8631


===========================================================================================
===========================================================================================
S12:
	q_c:	534.0	196.0	364.5
	ub :	550.771	221.6668	378.2154
	lb :	517.4047	174.61	347.1001

	==================================================================================
	Q1:
		Shape: Ellipse
		q_c:	538.0	208.0	354.5
		ub :	542.6709	212.6492	361.8999
		lb :	533.3291	203.3508	347.1001
		P^-1:
			0.136	-0.0916	-0.0029
			-0.0916	0.1758	0.0095
			-0.0029	0.0095	0.0211
	==================================================================================
	Q2:
		Shape: Ellipse
		q_c:	527.0	190.5	358.5
		ub :	536.5953	201.3826	369.8782
		lb :	517.4047	179.6174	347.1218
		P^-1:
			0.0371	-0.0184	0.0157
			-0.0184	0.0325	-0.0092
			0.0157	-0.0092	0.0271
	==================================================================================
	Q3:
		Shape: Hybrid
		q_c:	545.5	183.5	358.5
		ub :	550.771	190.3749	365.7879
		lb :	540.229	176.6251	351.2121
		P^-1:
			0.0497	-0.002	-0.0006
			-0.002	0.0527	0.0137
			-0.0006	0.0137	0.0426
		A:
			-0.2262	-0.8944	-0.3858
			0.7059	-0.0895	0.7026
			0.7595	0.366	0.5378
			-0.1692	0.5159	-0.8398
			-0.5356	-0.8442	0.0199
			0.6701	-0.6953	0.2599
		b:
			-423.6656
			623.4016
			676.6957
			-295.2633
			-437.3324
			333.8666
	==================================================================================
	Q4:
		Shape: Hybrid
		q_c:	527.5	211.5	359.0
		ub :	536.1236	221.6668	364.9196
		lb :	518.8764	201.3332	353.0804
		P^-1:
			0.0754	0.0214	0.0594
			0.0214	0.0215	0.018
			0.0594	0.018	0.11
		A:
			0.4064	0.3477	0.845
			-0.3644	0.5526	-0.7496
			0.8486	0.1623	0.5036
			-0.1762	-0.3154	-0.9325
			-0.6417	-0.5667	-0.5168
			-0.3747	-0.2494	-0.893
		b:
			593.1288
			-339.8819
			664.6982
			-491.8489
			-641.2505
			-569.3043
	==================================================================================
	Q5:
		Shape: Hybrid
		q_c:	542.5	207.0	371.5
		ub :	549.4611	214.1176	378.2154
		lb :	535.5389	199.8824	364.7846
		P^-1:
			0.031	0.0101	0.0077
			0.0101	0.062	0.019
			0.0077	0.019	0.0564
		A:
			-0.3291	0.7965	0.5072
			-0.5295	-0.7775	-0.3392
			-0.3184	-0.9244	-0.2102
			0.182	0.7069	0.6835
			0.0195	-0.0277	-0.9994
			0.4859	-0.8393	-0.244
		b:
			177.4562
			-572.0806
			-440.0519
			500.7721
			-363.7431
			2.4788
	==================================================================================
	Q6:
		Shape: Hybrid
		q_c:	532.0	187.0	361.0
		ub :	544.6687	199.39	370.4396
		lb :	519.3313	174.61	351.5604
		P^-1:
			0.0155	-0.0052	0.0003
			-0.0052	0.0149	-0.0005
			0.0003	-0.0005	0.0139
		A:
			-0.9019	-0.0151	-0.4318
			-0.7726	-0.0363	0.6339
			-0.1124	0.312	-0.9434
			0.9358	-0.2018	-0.289
			-0.3884	0.5678	0.7258
			0.8894	-0.0413	-0.4553
		b:
			-633.4432
			-183.8155
			-337.1836
			360.2907
			166.0717
			306.0743


