3D_35_13_6_d                l = 3

===========================================================================================
===========================================================================================
S1:
	q_c:	180.0	174.0	391.0
	ub :	200.7767	193.2183	414.9922
	lb :	156.3306	153.1754	369.4327

	==================================================================================
	Q1:
		Shape: Ellipse
		q_c:	188.0	184.0	381.0
		ub :	196.8195	193.2183	392.5673
		lb :	179.1805	174.7817	369.4327
		P^-1:
			0.0279	0.0042	-0.0016
			0.0042	0.0345	0.01
			-0.0016	0.01	0.0177
	==================================================================================
	Q2:
		Shape: Hybrid
		q_c:	171.0	169.0	399.5
		ub :	180.906	180.2246	409.6708
		lb :	161.094	157.7754	389.3292
		P^-1:
			0.0182	0.0014	-0.0015
			0.0014	0.0232	-0.0056
			-0.0015	-0.0056	0.0198
		A:
			0.462	0.4726	-0.7505
			-0.4313	0.8559	0.2852
			-0.6397	0.3323	0.693
			0.5469	0.837	-0.0182
			-0.3026	0.9381	0.1684
			0.3428	-0.1756	-0.9229
		b:
			-137.6176
			189.3398
			228.239
			231.5138
			178.3187
			-335.2231
	==================================================================================
	Q3:
		Shape: Hybrid
		q_c:	192.5	165.0	404.0
		ub :	200.7767	176.8246	414.9922
		lb :	184.2233	153.1754	393.0078
		P^-1:
			0.0394	-0.0033	-0.0022
			-0.0033	0.0205	-0.0131
			-0.0022	-0.0131	0.0312
		A:
			0.1825	-0.1823	0.9662
			-0.4147	0.5277	-0.7413
			0.1906	0.2907	0.9376
			0.8014	0.3247	0.5023
			-0.0807	-0.7409	0.6668
			0.7036	0.183	-0.6866
		b:
			398.8589
			-289.7275
			469.0275
			415.5841
			134.5111
			-109.1338
	==================================================================================
	Q4:
		Shape: Ellipse
		q_c:	176.5	168.5	402.5
		ub :	187.597	176.6689	413.2962
		lb :	165.403	160.3311	391.7038
		P^-1:
			0.028	-0.0197	0.0127
			-0.0197	0.0557	-0.0244
			0.0127	-0.0244	0.0335
	==================================================================================
	Q5:
		Shape: Ellipse
		q_c:	184.5	176.5	384.0
		ub :	190.3	182.7938	391.2414
		lb :	178.7	170.2062	376.7586
		P^-1:
			0.085	-0.0065	0.0169
			-0.0065	0.0942	-0.0268
			0.0169	-0.0268	0.0372
	==================================================================================
	Q6:
		Shape: Hybrid
		q_c:	170.5	174.5	386.5
		ub :	184.6694	188.3915	398.3177
		lb :	156.3306	160.6085	374.6823
		P^-1:
			0.0124	-0.0007	-0.0018
			-0.0007	0.0137	-0.0017
			-0.0018	-0.0017	0.0166
		A:
			-0.5979	0.5005	-0.6261
			-0.8646	-0.2101	0.4564
			-0.7921	-0.5061	0.3412
			-0.5199	-0.4049	0.7522
			-0.54	-0.0274	-0.8412
			-0.7696	0.6049	0.2046
		b:
			-251.92
			-3.0324
			-86.6182
			135.3656
			-416.9467
			58.1764


===========================================================================================
===========================================================================================
S2:
	q_c:	312.5	148.5	20.0
	ub :	325.2708	165.7927	36.8424
	lb :	299.6818	136.2818	5.9498

	==================================================================================
	Q1:
		Shape: Ellipse
		q_c:	305.5	143.0	23.0
		ub :	311.3182	148.7487	27.8775
		lb :	299.6818	137.2513	18.1225
		P^-1:
			0.0862	-0.0331	0.0256
			-0.0331	0.1086	-0.0357
			0.0256	-0.0357	0.0902
	==================================================================================
	Q2:
		Shape: Hybrid
		q_c:	310.0	159.5	29.5
		ub :	313.2113	165.7927	36.8424
		lb :	306.7887	153.2073	22.1576
		P^-1:
			2.9937	-1.6445	-0.5091
			-1.6445	0.9627	0.2936
			-0.5091	0.2936	0.1208
		A:
			-0.6151	0.7066	0.3499
			-0.8978	0.4388	-0.0374
			-0.9222	0.3826	0.0567
			0.9137	-0.3797	0.1448
			0.7922	-0.5849	-0.1741
			-0.9062	0.4166	-0.0726
		b:
			-66.0963
			-208.5313
			-222.5978
			228.4092
			147.6853
			-215.5239
	==================================================================================
	Q3:
		Shape: Polyhedra
		q_c:	319.5	158.0	17.0
		ub :	325.2708	163.4661	21.6811
		lb :	313.7292	152.5339	12.3189
		A:
			0.9136	-0.1579	-0.3748
			0.1456	0.6576	-0.7392
			0.0737	-0.65	0.7564
			0.9233	-0.3301	-0.1965
			-0.2955	-0.5539	0.7784
			0.9591	-0.1463	-0.2423
			0.6597	0.2881	0.6941
			-0.6504	-0.2438	0.7194
			0.3765	-0.926	0.0266
			-0.6597	-0.2881	-0.6941
			0.6504	0.2438	-0.7194
			-0.3765	0.926	-0.0266
		b:
			263.6327
			141.0202
			-62.8566
			242.9204
			-165.8238
			282.4225
			272.1096
			-231.5854
			-21.5836
			-264.1096
			236.5854
			29.5836
	==================================================================================
	Q4:
		Shape: Hybrid
		q_c:	314.0	148.5	24.0
		ub :	322.2892	156.8155	31.0076
		lb :	305.7108	140.1845	16.9924
		P^-1:
			0.0555	-0.0012	-0.0367
			-0.0012	0.0302	0.0065
			-0.0367	0.0065	0.0863
		A:
			0.8834	0.4313	0.1832
			-0.2665	-0.2334	0.9351
			-0.0788	-0.1639	-0.9833
			0.5639	0.5127	-0.6475
			-0.0529	-0.1267	-0.9905
			0.7412	0.3655	0.5631
		b:
			349.6712
			-93.6849
			-69.9816
			240.2894
			-56.573
			304.5518
	==================================================================================
	Q5:
		Shape: Ellipse
		q_c:	320.0	143.5	12.0
		ub :	324.1319	150.7182	18.0502
		lb :	315.8681	136.2818	5.9498
		P^-1:
			0.225	-0.0662	0.0221
			-0.0662	0.0632	0.0158
			0.0221	0.0158	0.0713
	==================================================================================
	Q6:
		Shape: Hybrid
		q_c:	314.5	151.5	21.5
		ub :	320.4859	158.9939	28.7464
		lb :	308.5141	144.0061	14.2536
		P^-1:
			0.0845	0.0621	0.0682
			0.0621	0.1056	0.085
			0.0682	0.085	0.1207
		A:
			0.7443	-0.1634	0.6476
			0.9347	0.3291	0.1342
			0.5008	0.618	0.606
			-0.9969	-0.0753	-0.0214
			0.3662	0.7285	0.5789
			0.831	0.457	0.317
		b:
			226.6657
			349.74
			265.1833
			-321.6599
			239.2483
			339.595


===========================================================================================
===========================================================================================
S3:
	q_c:	366.5	142.5	428.5
	ub :	372.1293	148.0694	436.0773
	lb :	361.0072	137.6986	424.7702

	==================================================================================
	Q1:
		Shape: Polyhedra
		q_c:	364.0	144.5	432.0
		ub :	366.9928	146.4436	434.5366
		lb :	361.0072	142.5564	429.4634
		A:
			0.1335	0.9001	-0.4148
			-0.191	-0.7615	0.6194
			0.5226	-0.3973	-0.7544
			-0.2574	-0.918	0.3017
			-0.2593	-0.0879	0.9618
			0.7065	0.443	0.552
			0.8852	0.0612	0.4612
			-0.3824	-0.4688	0.7962
			0.265	-0.8812	-0.3916
			-0.8852	-0.0612	-0.4612
			0.3824	0.4688	-0.7962
			-0.265	0.8812	0.3916
		b:
			0.6886
			89.1496
			-191.7494
			-94.7356
			309.5955
			561.9744
			532.7854
			138.0194
			-198.5583
			-527.7854
			-136.0194
			201.5583
	==================================================================================
	Q2:
		Shape: Polyhedra
		q_c:	369.0	140.0	429.5
		ub :	371.3441	141.8173	431.7904
		lb :	366.6559	138.1827	427.2096
		A:
			0.0901	0.9102	-0.4042
			-0.3846	-0.3658	0.8475
			0.6803	0.732	0.0353
			-0.4619	-0.2266	-0.8575
			0.2939	0.1714	-0.9403
			0.1539	-0.915	0.3729
			0.6392	0.0659	0.7662
			-0.6224	0.6295	0.4651
			-0.4517	-0.7742	0.4434
			-0.6392	-0.0659	-0.7662
			0.6224	-0.6295	-0.4651
			0.4517	0.7742	-0.4434
		b:
			-11.7998
			172.0299
			369.8661
			-568.9566
			-270.1407
			90.0204
			575.6764
			59.7205
			-83.6352
			-572.6764
			-56.7205
			85.6352
	==================================================================================
	Q3:
		Shape: Hybrid
		q_c:	364.5	142.5	427.5
		ub :	367.3294	145.1833	430.2298
		lb :	361.6706	139.8167	424.7702
		P^-1:
			0.25	-0.0006	0.0006
			-0.0006	0.6385	-0.3748
			0.0006	-0.3748	0.6115
		A:
			-0.0861	-0.9804	0.1772
			0.411	-0.9084	-0.0773
			-0.0187	0.974	-0.226
			-0.0835	-0.9202	0.3825
			0.1127	-0.4481	-0.8869
			0.0215	-0.5511	-0.8341
		b:
			-94.4335
			-11.4583
			36.2115
			2.6487
			-400.4906
			-425.8259
	==================================================================================
	Q4:
		Shape: Ellipse
		q_c:	365.0	142.5	432.0
		ub :	367.998	145.1171	434.3768
		lb :	362.002	139.8829	429.6232
		P^-1:
			0.4221	0.1384	-0.3344
			0.1384	0.3862	0.0025
			-0.3344	0.0025	0.7961
	==================================================================================
	Q5:
		Shape: Polyhedra
		q_c:	367.5	145.5	433.0
		ub :	370.7561	148.0694	436.0773
		lb :	364.2439	142.9306	429.9227
		A:
			-0.4891	0.4128	-0.7683
			-0.5198	0.7032	-0.485
			0.2808	-0.6673	0.6898
			-0.7031	0.488	-0.5171
			0.1586	-0.822	-0.5469
			0.6614	-0.6447	0.3833
			0.5555	0.7689	0.3165
			0.5171	-0.6175	0.5927
			0.6512	-0.1656	-0.7406
			-0.5555	-0.7689	-0.3165
			-0.5171	0.6175	-0.5927
			-0.6512	0.1656	0.7406
		b:
			-451.2373
			-297.6769
			305.9385
			-410.2089
			-295.9498
			316.385
			455.0675
			357.8266
			-102.9518
			-451.0675
			-355.8266
			107.9518
	==================================================================================
	Q6:
		Shape: Hybrid
		q_c:	368.5	140.5	432.5
		ub :	372.1293	143.3014	435.9886
		lb :	364.8707	137.6986	429.0114
		P^-1:
			0.1207	-0.0001	0.0352
			-0.0001	0.25	0.0
			0.0352	0.0	0.2404
		A:
			0.5982	0.3564	0.7178
			0.1268	0.9689	0.2126
			0.24	0.8927	-0.3815
			0.2649	0.0916	0.9599
			-0.9551	0.1164	0.2725
			-0.2083	0.2988	0.9313
		b:
			582.1115
			275.8125
			50.0035
			526.6538
			-215.7357
			369.2509


===========================================================================================
===========================================================================================
S4:
	q_c:	347.5	265.0	185.0
	ub :	354.5557	271.9031	193.6054
	lb :	345.0161	255.9391	177.6425

	==================================================================================
	Q1:
		Shape: Hybrid
		q_c:	351.0	265.0	183.0
		ub :	353.2066	268.2148	186.2746
		lb :	348.7934	261.7852	179.7254
		P^-1:
			0.5989	-0.2863	0.2409
			-0.2863	0.4425	-0.2427
			0.2409	-0.2427	0.3687
		A:
			0.1705	-0.939	0.2988
			0.7342	0.5641	0.378
			0.5004	-0.1911	0.8444
			0.2287	0.947	0.2256
			-0.8621	0.4861	-0.143
			-0.7697	-0.6372	-0.0386
		b:
			-133.2299
			477.9816
			280.5964
			374.2882
			-199.2535
			-444.4986
	==================================================================================
	Q2:
		Shape: Ellipse
		q_c:	350.5	259.5	181.0
		ub :	354.0934	263.0609	184.3575
		lb :	346.9066	255.9391	177.6425
		P^-1:
			0.2665	-0.1476	-0.0661
			-0.1476	0.3116	-0.0101
			-0.0661	-0.0101	0.2274
	==================================================================================
	Q3:
		Shape: Hybrid
		q_c:	350.0	267.5	190.0
		ub :	354.5557	271.9031	193.6054
		lb :	345.4443	263.0969	186.3946
		P^-1:
			0.1467	0.0218	-0.0008
			0.0218	0.1245	0.0013
			-0.0008	0.0013	0.16
		A:
			-0.3769	-0.5822	0.7204
			0.9088	0.3919	-0.1434
			0.7772	-0.5651	0.2768
			0.8361	0.544	-0.0698
			0.9493	-0.1979	-0.2442
			-0.967	-0.2355	0.0974
		b:
			-149.4691
			396.9169
			175.1098
			426.1662
			234.4155
			-381.6208
	==================================================================================
	Q4:
		Shape: Polyhedra
		q_c:	348.5	266.5	189.0
		ub :	351.9839	269.538	192.7643
		lb :	345.0161	263.462	185.2357
		A:
			0.8887	-0.3585	-0.286
			0.3507	0.1	-0.9311
			0.0164	-0.9894	0.1444
			0.7579	-0.5886	0.2813
			-0.9456	-0.1221	-0.3015
			0.4893	-0.4555	-0.7437
			0.7343	0.2137	0.6443
			-0.6636	0.4256	0.6152
			-0.1428	-0.8793	0.4543
			-0.7343	-0.2137	-0.6443
			0.6636	-0.4256	-0.6152
			0.1428	0.8793	-0.4543
		b:
			161.9425
			-25.2228
			-228.6927
			162.7512
			-416.2625
			-89.8358
			437.6242
			-0.0678
			-196.2293
			-431.6242
			3.0678
			200.2293
	==================================================================================
	Q5:
		Shape: Ellipse
		q_c:	351.5	265.0	181.0
		ub :	354.3288	268.32	183.3198
		lb :	348.6712	261.68	178.6802
		P^-1:
			0.7371	-0.3507	0.1831
			-0.3507	0.3078	-0.1092
			0.1831	-0.1092	0.3162
	==================================================================================
	Q6:
		Shape: Ellipse
		q_c:	351.0	266.0	186.0
		ub :	353.1751	268.3374	187.7471
		lb :	348.8249	263.6626	184.2529
		P^-1:
			0.25	0.0	0.0002
			0.0	0.2528	0.0231
			0.0002	0.0231	0.4417


===========================================================================================
===========================================================================================
S5:
	q_c:	392.5	482.5	250.0
	ub :	397.3841	486.6871	252.4992
	lb :	388.7983	480.7398	246.5316

	==================================================================================
	Q1:
		Shape: Ellipse
		q_c:	395.5	483.0	248.5
		ub :	397.3841	484.8758	250.4684
		lb :	393.6159	481.1242	246.5316
		P^-1:
			0.8435	0.0515	0.2445
			0.0515	0.4511	0.0316
			0.2445	0.0316	0.5943
	==================================================================================
	Q2:
		Shape: Hybrid
		q_c:	390.5	484.5	250.0
		ub :	392.2017	486.0133	251.4563
		lb :	388.7983	482.9867	248.5437
		P^-1:
			1.0	-0.0	-0.0
			-0.0	1.0	0.0
			-0.0	0.0	1.0
		A:
			-0.0141	-0.8377	0.5459
			-0.835	-0.1683	0.5238
			0.3227	-0.8917	0.3173
			-0.4766	0.5125	0.7143
			-0.9333	-0.1848	0.3079
			-0.787	0.2665	-0.5565
		b:
			-274.3809
			-276.1733
			-226.1816
			241.2788
			-376.5131
			-316.8142
	==================================================================================
	Q3:
		Shape: Polyhedra
		q_c:	394.5	483.0	250.5
		ub :	396.7966	485.2602	252.4992
		lb :	392.2034	480.7398	248.5008
		A:
			-0.2162	0.7218	-0.6575
			-0.6388	-0.322	0.6987
			0.7767	0.6214	-0.1033
			0.0466	-0.8213	0.5686
			-0.9505	0.2891	0.1137
			-0.3072	-0.9219	-0.2362
			0.3433	0.6398	0.6876
			0.5202	0.4801	-0.7063
			-0.782	0.6002	-0.168
			-0.3433	-0.6398	-0.6876
			-0.5202	-0.4801	0.7063
			0.782	-0.6002	0.168
		b:
			100.1304
			-230.9919
			581.997
			-234.3455
			-205.3499
			-624.461
			617.6868
			261.6567
			-59.2077
			-615.6868
			-258.6567
			62.2077
	==================================================================================
	Q4:
		Shape: Ellipse
		q_c:	394.0	483.5	249.5
		ub :	395.862	484.348	251.2339
		lb :	392.138	482.652	247.7661
		P^-1:
			0.7759	0.6631	-0.1974
			0.6631	3.8318	0.3573
			-0.1974	0.3573	0.8368
	==================================================================================
	Q5:
		Shape: Ellipse
		q_c:	394.0	485.0	249.0
		ub :	395.6419	486.6871	250.4958
		lb :	392.3581	483.3129	247.5042
		P^-1:
			1.2866	0.55	0.9067
			0.55	2.0285	1.5239
			0.9067	1.5239	2.1293
	==================================================================================
	Q6:
		Shape: Polyhedra
		q_c:	395.5	484.5	250.5
		ub :	396.8887	485.5447	251.9411
		lb :	394.1113	483.4553	249.0589
		A:
			0.2638	-0.5614	0.7844
			0.5015	0.3968	-0.7688
			0.0275	0.9584	-0.2842
			-0.8506	-0.2833	-0.4429
			0.7695	-0.5832	0.2602
			0.3842	0.8355	-0.3929
			0.8843	0.1455	0.4436
			-0.4573	0.4617	0.7601
			-0.0942	-0.875	0.4748
			-0.8843	-0.1455	-0.4436
			0.4573	-0.4617	-0.7601
			0.0942	0.875	-0.4748
		b:
			29.5315
			198.7598
			404.5769
			-583.6512
			87.8038
			458.9071
			532.3712
			234.2513
			-341.7707
			-530.3712
			-232.2513
			342.7707


===========================================================================================
===========================================================================================
S6:
	q_c:	193.5	72.5	169.0
	ub :	204.5893	79.2465	187.0466
	lb :	175.0069	55.9947	151.7765

	==================================================================================
	Q1:
		Shape: Polyhedra
		q_c:	180.5	63.5	169.0
		ub :	185.9931	69.7112	175.0056
		lb :	175.0069	57.2888	162.9944
		A:
			-0.8946	-0.088	-0.4381
			0.8745	-0.1422	-0.4636
			0.9652	-0.101	0.2413
			0.6879	0.512	0.5145
			-0.4785	-0.1172	-0.8702
			0.812	0.4013	0.4239
			0.6862	0.1483	0.7122
			-0.6691	0.5128	0.5379
			-0.2855	-0.8456	0.4511
			-0.6862	-0.1483	-0.7122
			0.6691	-0.5128	-0.5379
			0.2855	0.8456	-0.4511
		b:
			-238.0617
			73.7568
			211.591
			247.0178
			-237.818
			247.0395
			256.6255
			5.7056
			-23.9875
			-250.6255
			0.2944
			33.9875
	==================================================================================
	Q2:
		Shape: Hybrid
		q_c:	201.0	68.5	157.0
		ub :	203.1997	70.8685	162.2235
		lb :	198.8003	66.1315	151.7765
		P^-1:
			0.6283	-0.266	0.01
			-0.266	0.8027	0.0876
			0.01	0.0876	0.0534
		A:
			0.3156	-0.9488	-0.0106
			-0.9104	0.3865	-0.1479
			0.3002	0.9403	0.1602
			-0.1477	-0.9492	-0.2779
			-0.9727	0.1096	0.2045
			0.9634	0.2131	0.1625
		b:
			-2.5788
			-178.9055
			150.7512
			-137.4198
			-154.5895
			234.716
	==================================================================================
	Q3:
		Shape: Ellipse
		q_c:	183.5	72.5	165.5
		ub :	191.0631	79.2465	173.393
		lb :	175.9369	65.7535	157.607
		P^-1:
			0.0881	0.0481	-0.0392
			0.0481	0.0875	-0.0353
			-0.0392	-0.0353	0.0448
	==================================================================================
	Q4:
		Shape: Polyhedra
		q_c:	189.5	61.5	166.5
		ub :	195.4652	65.951	171.7956
		lb :	183.5348	57.049	161.2044
		A:
			0.6926	0.5263	-0.4933
			0.2443	-0.6464	0.7228
			0.7632	0.3769	0.5248
			0.842	0.5152	0.1599
			-0.513	0.6561	0.5535
			-0.7433	0.2036	0.6372
			0.1214	0.9628	0.2414
			0.5745	0.1302	-0.8081
			-0.8095	0.2368	-0.5373
			-0.1214	-0.9628	-0.2414
			-0.5745	-0.1302	0.8081
			0.8095	-0.2368	0.5373
		b:
			83.8945
			131.2669
			259.9821
			221.9978
			38.2046
			-19.6419
			125.4073
			-15.6777
			-222.7952
			-119.4073
			19.6777
			233.7952
	==================================================================================
	Q5:
		Shape: Ellipse
		q_c:	188.0	64.0	178.5
		ub :	196.2935	70.8691	187.0466
		lb :	179.7065	57.1309	169.9534
		P^-1:
			0.0891	-0.0503	0.0459
			-0.0503	0.0623	-0.0353
			0.0459	-0.0353	0.0559
	==================================================================================
	Q6:
		Shape: Hybrid
		q_c:	198.0	63.0	174.5
		ub :	204.5893	70.0053	181.8257
		lb :	191.4107	55.9947	167.1743
		P^-1:
			0.0334	0.0011	0.0022
			0.0011	0.0363	0.0064
			0.0022	0.0064	0.0458
		A:
			-0.412	0.4916	0.7672
			-0.3246	0.8545	0.4055
			0.3907	-0.1244	0.9121
			0.1819	-0.896	-0.4051
			-0.4089	0.7455	-0.5263
			0.1178	-0.8959	-0.4283
		b:
			85.8351
			63.1165
			231.2926
			-88.3801
			-122.6216
			-105.146


===========================================================================================
===========================================================================================
S7:
	q_c:	251.0	495.0	383.0
	ub :	268.5641	510.4782	397.6303
	lb :	242.6752	480.0249	365.7468

	==================================================================================
	Q1:
		Shape: Hybrid
		q_c:	260.0	500.5	385.5
		ub :	267.1594	509.4055	393.6747
		lb :	252.8406	491.5945	377.3253
		P^-1:
			0.0651	-0.0233	-0.0135
			-0.0233	0.0443	-0.0074
			-0.0135	-0.0074	0.042
		A:
			0.5036	0.3054	-0.8082
			0.7894	0.4557	-0.4114
			0.624	-0.7268	-0.287
			-0.105	-0.9202	-0.377
			-0.1592	-0.8423	-0.5149
			0.6554	0.2873	0.6985
		b:
			-25.2001
			277.9434
			-309.8712
			-628.6015
			-656.6287
			588.3057
	==================================================================================
	Q2:
		Shape: Hybrid
		q_c:	258.0	489.5	385.5
		ub :	267.7113	498.8156	393.2107
		lb :	248.2887	480.1844	377.7893
		P^-1:
			0.03	-0.0033	0.0048
			-0.0033	0.0296	0.0039
			0.0048	0.0039	0.0371
		A:
			-0.0452	-0.2937	-0.9548
			0.2975	0.4913	0.8186
			-0.3215	-0.0103	-0.9469
			0.9415	-0.2486	0.2277
			0.8772	0.0966	0.4703
			0.1075	0.9398	0.3243
		b:
			-520.9204
			635.3948
			-450.4521
			211.9842
			457.8512
			615.9617
	==================================================================================
	Q3:
		Shape: Polyhedra
		q_c:	261.5	494.0	381.5
		ub :	267.8468	499.7208	386.6576
		lb :	255.1532	488.2792	376.3424
		A:
			-0.0025	-0.8074	0.59
			0.4169	0.7342	0.5359
			-0.007	0.7654	-0.6435
			0.9227	-0.2698	0.2753
			0.7218	-0.6878	-0.0765
			0.7656	0.4457	0.4638
			0.4535	0.8079	0.3763
			0.8794	-0.3368	-0.3365
			-0.1451	0.4835	-0.8632
			-0.4535	-0.8079	-0.3763
			-0.8794	0.3368	0.3365
			0.1451	-0.4835	0.8632
		b:
			-171.6806
			679.6272
			133.4867
			217.4064
			-175.5746
			601.0201
			664.7632
			-59.8201
			-125.9129
			-657.7632
			69.8201
			130.9129
	==================================================================================
	Q4:
		Shape: Hybrid
		q_c:	255.0	493.5	375.0
		ub :	257.1905	497.3509	378.6825
		lb :	252.8095	489.6491	371.3175
		P^-1:
			0.4228	-0.0458	0.0413
			-0.0458	0.1705	-0.077
			0.0413	-0.077	0.2122
		A:
			-0.5565	-0.7941	-0.2441
			0.9126	0.0178	-0.4086
			0.8901	-0.3307	-0.3137
			0.8103	0.4292	-0.3991
			0.8853	0.4626	0.0466
			-0.4758	0.6434	-0.5996
		b:
			-623.4909
			89.3036
			-52.7212
			269.9004
			472.758
			-27.6535
	==================================================================================
	Q5:
		Shape: Hybrid
		q_c:	261.5	486.5	373.0
		ub :	268.5641	492.9751	380.2532
		lb :	254.4359	480.0249	365.7468
		P^-1:
			0.0516	-0.0045	0.0019
			-0.0045	0.0587	-0.0039
			0.0019	-0.0039	0.051
		A:
			-0.2686	-0.9066	-0.3255
			0.4225	-0.4818	0.7677
			-0.527	-0.8448	0.0928
			-0.8123	-0.0138	0.583
			-0.2777	-0.9383	0.206
			-0.6722	0.6195	-0.4054
		b:
			-630.3549
			164.5751
			-511.8113
			0.8252
			-450.0524
			-23.5126
	==================================================================================
	Q6:
		Shape: Ellipse
		q_c:	248.0	502.0	389.0
		ub :	253.3248	510.4782	397.6303
		lb :	242.6752	493.5218	380.3697
		P^-1:
			0.1966	0.0499	-0.0775
			0.0499	0.0503	-0.0338
			-0.0775	-0.0338	0.0634


===========================================================================================
===========================================================================================
S8:
	q_c:	274.0	467.0	52.5
	ub :	278.1385	470.0668	56.8187
	lb :	270.7012	463.3238	49.2419

	==================================================================================
	Q1:
		Shape: Polyhedra
		q_c:	276.0	465.5	53.0
		ub :	278.1385	467.6762	54.8594
		lb :	273.8615	463.3238	51.1406
		A:
			0.9154	0.3215	0.2423
			0.359	0.8657	-0.3487
			-0.6769	0.3971	0.6198
			0.9294	0.3688	0.016
			0.7441	0.3955	-0.5385
			0.2273	0.9269	-0.2988
			0.7261	0.5082	0.4632
			-0.3494	-0.3075	0.8851
			0.5922	-0.8045	-0.0457
			-0.7261	-0.5082	-0.4632
			0.3494	0.3075	-0.8851
			-0.5922	0.8045	0.0457
		b:
			416.21
			484.9821
			32.3982
			430.1769
			362.3295
			479.7524
			462.5009
			-191.1713
			-211.9711
			-460.5009
			194.1713
			214.9711
	==================================================================================
	Q2:
		Shape: Hybrid
		q_c:	274.5	468.0	55.0
		ub :	276.3305	470.0668	56.8187
		lb :	272.6695	465.9332	53.1813
		P^-1:
			0.8296	-0.2562	0.0029
			-0.2562	0.6149	-0.002
			0.0029	-0.002	0.4445
		A:
			0.8427	0.1773	0.5084
			-0.9296	0.3372	-0.1486
			-0.8829	0.2687	-0.3851
			0.9842	0.1559	0.0833
			-0.0872	-0.1841	-0.979
			0.5671	0.711	-0.4158
		b:
			343.0698
			-105.0185
			-137.1337
			348.4922
			-162.9351
			466.5282
	==================================================================================
	Q3:
		Shape: Hybrid
		q_c:	275.0	465.0	53.0
		ub :	276.4181	466.4561	53.7137
		lb :	273.5819	463.5439	52.2863
		P^-1:
			1.0138	-0.0352	0.1998
			-0.0352	1.0899	-0.5102
			0.1998	-0.5102	3.8964
		A:
			0.1728	0.2539	0.9517
			0.023	-0.392	-0.9197
			0.0448	0.3556	0.9336
			0.2875	-0.0078	-0.9578
			-0.3628	-0.1364	-0.9218
			-0.4875	-0.0509	-0.8716
		b:
			216.4027
			-224.2547
			227.5587
			25.0167
			-211.6786
			-203.5473
	==================================================================================
	Q4:
		Shape: Ellipse
		q_c:	275.0	465.5	53.5
		ub :	276.2027	466.9915	54.9397
		lb :	273.7973	464.0085	52.0603
		P^-1:
			2.9355	-0.5581	-1.3224
			-0.5581	1.1609	0.3813
			-1.3224	0.3813	1.9035
	==================================================================================
	Q5:
		Shape: Ellipse
		q_c:	272.5	467.0	53.0
		ub :	274.2988	468.8381	53.9866
		lb :	270.7012	465.1619	52.0134
		P^-1:
			0.9767	-0.1408	-0.8174
			-0.1408	0.7665	-0.5388
			-0.8174	-0.5388	3.7013
	==================================================================================
	Q6:
		Shape: Hybrid
		q_c:	274.0	466.5	51.0
		ub :	275.9557	468.5362	52.7581
		lb :	272.0443	464.4638	49.2419
		P^-1:
			0.8044	0.2353	0.1226
			0.2353	0.5983	0.0802
			0.1226	0.0802	0.4862
		A:
			-0.8744	0.1232	-0.4694
			-0.6609	-0.6229	0.4187
			-0.3339	0.6443	-0.688
			-0.9278	-0.3522	-0.1228
			0.9813	-0.0561	0.1842
			0.6429	0.725	-0.2469
		b:
			-205.304
			-449.5354
			174.9998
			-424.2575
			252.7908
			502.4752


===========================================================================================
===========================================================================================
S9:
	q_c:	360.5	404.0	484.5
	ub :	384.3774	436.3515	505.0495
	lb :	344.4703	382.3682	459.8308

	==================================================================================
	Q1:
		Shape: Ellipse
		q_c:	376.0	392.5	478.0
		ub :	384.3774	398.4494	488.7148
		lb :	367.6226	386.5506	467.2852
		P^-1:
			0.0455	0.0121	-0.0198
			0.0121	0.1421	-0.0433
			-0.0198	-0.0433	0.0329
	==================================================================================
	Q2:
		Shape: Polyhedra
		q_c:	371.5	396.5	473.0
		ub :	381.6958	410.6318	486.1692
		lb :	361.3042	382.3682	459.8308
		A:
			-0.6385	0.2876	0.7139
			-0.833	0.434	0.3431
			-0.7569	-0.166	-0.6321
			0.9289	-0.368	-0.041
			0.739	-0.1815	0.6489
			-0.9056	0.1686	0.3893
			0.2855	0.6974	0.6574
			0.2704	0.5994	-0.7534
			-0.9194	0.3929	-0.0174
			-0.2855	-0.6974	-0.6574
			-0.2704	-0.5994	0.7534
			0.9194	-0.3929	0.0174
		b:
			222.2305
			31.009
			-638.2236
			185.2882
			516.7603
			-78.935
			702.5241
			-8.6964
			-188.5277
			-684.5241
			27.6964
			199.5277
	==================================================================================
	Q3:
		Shape: Hybrid
		q_c:	355.5	412.5	494.5
		ub :	363.3544	423.0928	505.0495
		lb :	347.6456	401.9072	483.9505
		P^-1:
			0.0314	0.0036	0.0043
			0.0036	0.026	0.0092
			0.0043	0.0092	0.0281
		A:
			0.0313	-0.2104	-0.9771
			0.5632	-0.6385	-0.5245
			0.98	0.1305	-0.1505
			-0.9682	0.1074	0.2261
			0.1655	-0.6586	-0.7341
			0.9479	0.1345	0.2888
		b:
			-555.3908
			-319.1318
			331.1024
			-184.6766
			-572.8501
			538.1701
	==================================================================================
	Q4:
		Shape: Polyhedra
		q_c:	357.5	425.5	483.0
		ub :	370.5297	436.3515	496.4693
		lb :	344.4703	414.6485	469.5307
		A:
			0.8283	-0.0441	0.5586
			0.4687	0.7083	-0.5279
			0.2156	-0.6242	-0.7509
			-0.1467	0.9563	0.2531
			-0.0851	0.6697	0.7377
			-0.1884	-0.8052	-0.5623
			0.8409	0.0182	0.5408
			-0.4529	0.5707	0.685
			-0.2962	-0.8209	0.4882
			-0.8409	-0.0182	-0.5408
			0.4529	-0.5707	-0.685
			0.2962	0.8209	-0.4882
		b:
			556.1471
			222.4439
			-544.5305
			484.0296
			617.7447
			-674.0034
			578.5936
			418.2952
			-210.8932
			-560.5936
			-405.2952
			227.8932
	==================================================================================
	Q5:
		Shape: Hybrid
		q_c:	358.0	405.5	494.5
		ub :	370.1694	418.8166	502.8994
		lb :	345.8306	392.1834	486.1006
		P^-1:
			0.022	0.0104	-0.0165
			0.0104	0.0181	-0.0213
			-0.0165	-0.0213	0.0676
		A:
			-0.0083	-0.2034	0.9791
			0.6137	0.7171	0.3302
			-0.7575	-0.1992	-0.6217
			-0.356	-0.2848	0.89
			-0.7067	-0.3712	0.6024
			-0.6895	-0.1875	0.6996
		b:
			401.0997
			680.2758
			-653.8448
			199.0294
			-102.605
			26.3498
	==================================================================================
	Q6:
		Shape: Polyhedra
		q_c:	361.5	390.0	474.5
		ub :	367.4833	391.3414	479.8095
		lb :	355.5167	388.6586	469.1905
		A:
			-0.7626	0.4515	0.4632
			-0.2365	-0.971	0.0351
			0.0565	0.7718	-0.6333
			0.3644	-0.8552	-0.3686
			0.2687	-0.8635	-0.4269
			0.4176	-0.7837	-0.4598
			0.78	0.0458	0.6242
			-0.6232	-0.034	0.7813
			0.0571	-0.9984	0.002
			-0.78	-0.0458	-0.6242
			0.6232	0.034	-0.7813
			-0.0571	0.9984	-0.002
		b:
			122.6387
			-445.9058
			23.263
			-375.3862
			-440.7613
			-371.408
			601.9857
			134.1517
			-366.79
			-589.9857
			-130.1517
			368.79


===========================================================================================
===========================================================================================
S10:
	q_c:	336.0	69.5	72.0
	ub :	363.474	98.4384	93.1843
	lb :	313.7147	46.0984	46.909

	==================================================================================
	Q1:
		Shape: Polyhedra
		q_c:	346.5	71.5	85.0
		ub :	350.7139	77.8708	93.1843
		lb :	342.2861	65.1292	76.8157
		A:
			0.1354	0.3678	-0.92
			-0.1001	-0.6433	-0.759
			0.9351	0.1369	0.327
			0.9908	-0.0594	0.1215
			-0.9189	0.0037	-0.3945
			0.8762	0.3337	0.3477
			0.9606	0.1513	0.2329
			0.1534	-0.9881	0.0092
			0.2316	0.0269	-0.9724
			-0.9606	-0.1513	-0.2329
			-0.1534	0.9881	-0.0092
			-0.2316	-0.0269	0.9724
		b:
			2.777
			-138.5002
			363.2674
			351.516
			-349.4745
			359.14
			364.9831
			-10.7125
			7.5008
			-361.9831
			22.7125
			8.4992
	==================================================================================
	Q2:
		Shape: Hybrid
		q_c:	336.0	66.5	64.5
		ub :	343.4438	73.2271	72.3607
		lb :	328.5562	59.7729	56.6393
		P^-1:
			0.0748	-0.047	-0.011
			-0.047	0.0964	0.0511
			-0.011	0.0511	0.0717
		A:
			0.0025	-0.841	-0.541
			-0.0733	0.7288	0.6808
			0.8717	-0.0363	0.4887
			-0.8491	0.5122	-0.1292
			0.9176	0.3398	0.2062
			0.5247	0.7299	0.438
		b:
			-87.9944
			69.3493
			324.7464
			-257.5017
			348.0251
			256.4745
	==================================================================================
	Q3:
		Shape: Hybrid
		q_c:	354.5	76.0	55.0
		ub :	363.474	83.2552	63.091
		lb :	345.526	68.7448	46.909
		P^-1:
			0.0199	0.0018	0.0076
			0.0018	0.0303	0.0067
			0.0076	0.0067	0.0447
		A:
			-0.4781	0.0694	0.8756
			-0.24	-0.1061	0.965
			0.296	0.6202	0.7265
			0.5447	-0.8371	0.0511
			0.3939	-0.9032	0.1707
			0.5964	-0.556	0.5789
		b:
			-112.1157
			-36.7017
			194.4781
			136.4235
			84.3167
			204.7425
	==================================================================================
	Q4:
		Shape: Ellipse
		q_c:	321.0	69.5	78.0
		ub :	328.2853	75.4127	85.8011
		lb :	313.7147	63.5873	70.1989
		P^-1:
			0.0731	0.0235	0.03
			0.0235	0.0789	0.0074
			0.03	0.0074	0.0494
	==================================================================================
	Q5:
		Shape: Ellipse
		q_c:	350.0	57.5	62.0
		ub :	362.483	68.9016	71.8161
		lb :	337.517	46.0984	52.1839
		P^-1:
			0.0267	-0.0043	-0.022
			-0.0043	0.0172	-0.0021
			-0.022	-0.0021	0.0489
	==================================================================================
	Q6:
		Shape: Hybrid
		q_c:	350.0	89.0	60.5
		ub :	363.0211	98.4384	73.5325
		lb :	336.9789	79.5616	47.4675
		P^-1:
			0.0145	-0.0067	0.0025
			-0.0067	0.0411	-0.0138
			0.0025	-0.0138	0.0199
		A:
			0.7977	0.4932	-0.347
			-0.0484	0.4246	-0.9041
			0.5196	-0.7271	0.4486
			0.535	-0.7472	0.3944
			-0.3097	0.9315	0.191
			-0.03	-0.5216	-0.8527
		b:
			307.9654
			-29.5753
			147.2817
			147.5959
			-9.8861
			-102.0176


===========================================================================================
===========================================================================================
S11:
	q_c:	65.0	74.0	60.0
	ub :	79.2816	85.2762	78.3411
	lb :	46.9264	53.8301	44.5387

	==================================================================================
	Q1:
		Shape: Polyhedra
		q_c:	65.5	77.5	59.5
		ub :	72.157	83.3551	63.3886
		lb :	58.843	71.6449	55.6114
		A:
			-0.3035	-0.7909	-0.5314
			0.0089	-0.665	-0.7468
			0.2487	0.7478	0.6156
			0.1387	0.5809	-0.8021
			0.3344	0.1468	0.9309
			0.0719	0.4186	0.9053
			0.1604	0.5344	0.8299
			-0.8704	0.4731	-0.1364
			-0.4655	-0.7004	0.541
			-0.1604	-0.5344	-0.8299
			0.8704	-0.4731	0.1364
			0.4655	0.7004	-0.541
		b:
			-110.8043
			-93.4797
			112.6786
			9.8978
			91.1718
			92.6011
			102.801
			-22.962
			-49.0811
			-99.801
			33.962
			56.0811
	==================================================================================
	Q2:
		Shape: Polyhedra
		q_c:	69.0	65.5	67.5
		ub :	75.4973	72.3042	72.3684
		lb :	62.5027	58.6958	62.6316
		A:
			0.6209	-0.7114	-0.3293
			-0.6951	0.6262	-0.3532
			-0.5514	-0.0758	-0.8308
			-0.6402	0.0245	0.7678
			0.9167	-0.14	-0.3743
			-0.5723	0.3577	-0.7379
			0.0327	0.1275	0.9913
			-0.7052	0.7058	-0.0675
			-0.7082	-0.6969	0.113
			-0.0327	-0.1275	-0.9913
			0.7052	-0.7058	0.0675
			0.7082	0.6969	-0.113
		b:
			-23.1861
			-28.1249
			-94.8802
			13.8954
			33.3063
			-62.5084
			81.5197
			-4.4919
			-80.3868
			-73.5197
			9.4919
			93.3868
	==================================================================================
	Q3:
		Shape: Hybrid
		q_c:	66.5	60.5	51.0
		ub :	70.4453	67.1699	57.4613
		lb :	62.5547	53.8301	44.5387
		P^-1:
			0.1084	-0.0112	-0.0059
			-0.0112	0.0515	0.0011
			-0.0059	0.0011	0.05
		A:
			-0.9159	-0.2033	0.3463
			-0.8893	0.0204	-0.4569
			-0.6961	0.1184	-0.7082
			-0.0986	-0.3778	-0.9206
			-0.4014	-0.8286	-0.3901
			-0.2959	0.9502	-0.0977
		b:
			-53.6795
			-79.1636
			-72.7749
			-73.37
			-93.7763
			35.561
	==================================================================================
	Q4:
		Shape: Polyhedra
		q_c:	57.0	67.5	67.0
		ub :	67.0736	76.9526	77.0856
		lb :	46.9264	58.0474	56.9144
		A:
			0.4715	0.122	0.8734
			-0.4643	-0.8805	-0.0959
			-0.9017	-0.4118	0.1319
			-0.4526	0.2561	-0.8541
			-0.6682	0.0889	0.7386
			-0.9824	0.1689	-0.0801
			0.7905	0.3049	0.5312
			0.4712	-0.8568	-0.2094
			0.3913	0.4158	-0.821
			-0.7905	-0.3049	-0.5312
			-0.4712	0.8568	0.2094
			-0.3913	-0.4158	0.821
		b:
			99.87
			-86.2329
			-63.942
			-59.3499
			23.9815
			-44.0577
			107.2289
			-39.5057
			2.3689
			-95.2289
			50.5057
			11.6311
	==================================================================================
	Q5:
		Shape: Polyhedra
		q_c:	61.5	78.5	70.0
		ub :	67.1959	85.2762	78.3411
		lb :	55.8041	71.7238	61.6589
		A:
			0.1515	0.9838	-0.0954
			0.5669	0.8208	-0.0701
			-0.8348	0.2542	-0.4883
			-0.7146	0.328	-0.6179
			-0.6824	0.2026	0.7023
			0.9487	-0.0458	-0.3128
			0.2658	0.5143	0.8154
			-0.9506	-0.0008	0.3104
			0.1603	-0.8576	0.4887
			-0.2658	-0.5143	-0.8154
			0.9506	0.0008	-0.3104
			-0.1603	0.8576	-0.4887
		b:
			84.5206
			99.0558
			-61.0164
			-56.7275
			27.5308
			36.3577
			120.2943
			-33.3017
			-19.2591
			-107.2943
			40.3017
			27.2591
	==================================================================================
	Q6:
		Shape: Polyhedra
		q_c:	75.0	72.5	71.5
		ub :	79.2816	78.4499	77.6429
		lb :	70.7184	66.5501	65.3571
		A:
			0.8472	0.4386	-0.2997
			0.7389	0.1522	-0.6564
			-0.756	0.0171	0.6544
			0.387	-0.5454	0.7435
			0.3246	-0.4158	0.8496
			0.5354	0.7976	-0.278
			0.0197	0.6068	0.7946
			0.3767	0.7317	-0.5681
			-0.9261	0.3105	-0.2142
			-0.0197	-0.6068	-0.7946
			-0.3767	-0.7317	0.5681
			0.9261	-0.3105	0.2142
		b:
			76.798
			22.836
			-5.0395
			45.8738
			58.4024
			80.9043
			107.2831
			43.1841
			-58.7613
			-97.2831
			-38.1841
			65.7613


===========================================================================================
===========================================================================================
S12:
	q_c:	431.5	252.5	80.0
	ub :	438.1944	258.5457	86.4452
	lb :	424.9648	244.8371	73.7862

	==================================================================================
	Q1:
		Shape: Hybrid
		q_c:	430.5	249.5	80.0
		ub :	433.1344	251.1749	82.5845
		lb :	427.8656	247.8251	77.4155
		P^-1:
			0.2906	0.1689	0.0166
			0.1689	0.9526	0.0693
			0.0166	0.0693	0.2568
		A:
			-0.574	-0.8032	0.1595
			0.9678	0.1696	0.1861
			0.3586	0.8124	-0.4598
			-0.0721	0.8929	0.4444
			-0.4227	-0.8635	-0.2753
			0.4534	-0.8206	0.3478
		b:
			-433.9811
			475.202
			321.1762
			228.0734
			-418.8026
			19.4312
	==================================================================================
	Q2:
		Shape: Hybrid
		q_c:	433.5	254.0	77.5
		ub :	436.7902	257.9797	81.2138
		lb :	430.2098	250.0203	73.7862
		P^-1:
			0.1972	0.0377	0.0233
			0.0377	0.1982	0.0236
			0.0233	0.0236	0.1746
		A:
			-0.7615	-0.3315	0.557
			-0.4054	-0.5095	-0.759
			0.1638	-0.4973	0.852
			-0.3294	-0.6917	-0.6427
			0.3135	-0.8884	0.3354
			0.3114	-0.6437	0.6991
		b:
			-369.7443
			-362.8672
			12.2251
			-367.2112
			-62.2771
			27.18
	==================================================================================
	Q3:
		Shape: Ellipse
		q_c:	430.0	252.5	83.0
		ub :	432.9143	255.3872	86.0251
		lb :	427.0857	249.6128	79.9749
		P^-1:
			0.3705	0.0174	0.0928
			0.0174	0.2525	0.0134
			0.0928	0.0134	0.3215
	==================================================================================
	Q4:
		Shape: Hybrid
		q_c:	430.0	248.5	83.0
		ub :	433.6371	252.1629	86.3484
		lb :	426.3629	244.8371	79.6516
		P^-1:
			0.2461	0.0102	0.1036
			0.0102	0.281	0.1297
			0.1036	0.1297	0.2784
		A:
			0.383	-0.5857	0.7143
			-0.1928	0.953	0.2337
			0.3707	0.7193	0.5876
			-0.689	0.6549	0.3105
			-0.9898	-0.1412	-0.0171
			0.437	-0.8217	-0.3658
		b:
			80.0817
			174.4571
			387.7109
			-106.5002
			-460.6215
			-45.5374
	==================================================================================
	Q5:
		Shape: Ellipse
		q_c:	435.0	252.5	81.0
		ub :	438.1944	255.094	84.2345
		lb :	431.8056	249.906	77.7655
		P^-1:
			0.4524	-0.3597	0.0811
			-0.3597	0.6836	-0.1859
			0.0811	-0.1859	0.274
	==================================================================================
	Q6:
		Shape: Ellipse
		q_c:	429.0	255.5	82.5
		ub :	433.0352	258.5457	86.4452
		lb :	424.9648	252.4543	78.5548
		P^-1:
			0.1739	-0.0302	0.0119
			-0.0302	0.2259	-0.0259
			0.0119	-0.0259	0.1702


===========================================================================================
===========================================================================================
S13:
	q_c:	278.0	447.5	131.0
	ub :	290.3948	455.9577	135.453
	lb :	268.4021	436.2575	118.1835

	==================================================================================
	Q1:
		Shape: Polyhedra
		q_c:	278.5	449.0	129.5
		ub :	284.4149	454.6269	135.3101
		lb :	272.5851	443.3731	123.6899
		A:
			-0.1714	0.9415	0.2902
			-0.9564	-0.272	-0.1067
			0.7837	-0.1141	0.6106
			-0.8001	0.5694	-0.1889
			-0.3306	-0.2689	0.9047
			-0.9359	-0.1956	0.2931
			0.6923	0.6281	0.3552
			0.3915	-0.7405	0.5462
			0.6061	-0.2391	-0.7586
			-0.6923	-0.6281	-0.3552
			-0.3915	0.7405	-0.5462
			-0.6061	0.2391	0.7586
		b:
			416.078
			-398.7944
			249.5812
			11.8653
			-92.1222
			-307.029
			524.3235
			-149.218
			-33.2907
			-517.3235
			156.218
			40.2907
	==================================================================================
	Q2:
		Shape: Polyhedra
		q_c:	272.5	452.5	124.5
		ub :	276.5979	455.9577	128.4255
		lb :	268.4021	449.0423	120.5745
		A:
			0.7461	-0.3408	0.572
			-0.0654	-0.9089	0.4118
			0.6188	-0.3996	0.6764
			0.1814	0.7206	-0.6692
			0.9579	-0.0959	0.2705
			-0.4628	0.5486	-0.6963
			0.7184	0.6249	0.3055
			-0.5631	0.2645	0.7829
			0.4085	-0.7345	0.5419
			-0.7184	-0.6249	-0.3055
			0.5631	-0.2645	-0.7829
			-0.4085	0.7345	-0.5419
		b:
			122.1479
			-376.0294
			73.7429
			294.1929
			253.5689
			37.043
			519.0876
			66.7399
			-152.0812
			-514.0876
			-60.7399
			155.0812
	==================================================================================
	Q3:
		Shape: Hybrid
		q_c:	284.5	447.0	129.5
		ub :	290.3948	451.3692	135.453
		lb :	278.6052	442.6308	123.547
		P^-1:
			0.1051	0.027	-0.0433
			0.027	0.1028	-0.0219
			-0.0433	-0.0219	0.0831
		A:
			-0.5714	-0.7983	0.19
			-0.5492	-0.522	0.6527
			0.3919	-0.913	-0.1133
			0.2184	0.7903	0.5725
			-0.9522	0.1759	0.2496
			0.952	0.2707	-0.1427
		b:
			-493.2839
			-303.7076
			-309.0444
			492.1315
			-157.9521
			375.218
	==================================================================================
	Q4:
		Shape: Polyhedra
		q_c:	276.0	448.5	124.0
		ub :	281.2615	453.7642	129.8165
		lb :	270.7385	443.2358	118.1835
		A:
			0.2826	0.8483	0.4477
			-0.7933	-0.4609	-0.3978
			0.2389	0.7393	0.6296
