3D_30_13_6_b                l = 3

===========================================================================================
===========================================================================================
S1:
	q_c:	488.0	471.5	266.0
	ub :	503.0365	486.2032	282.1609
	lb :	476.0386	458.0147	251.535

	==================================================================================
	Q1:
		Shape: Hybrid
		q_c:	492.5	479.5	272.0
		ub :	498.9541	486.2032	277.6459
		lb :	486.0459	472.7968	266.3541
		P^-1:
			0.2096	0.1012	0.1738
			0.1012	0.0849	0.1011
			0.1738	0.1011	0.2178
		A:
			0.6117	-0.2874	0.737
			0.8626	-0.0456	0.5039
			0.5592	0.5589	0.6123
			0.3843	0.3922	0.8357
			0.8563	-0.1339	-0.4989
			0.8368	0.5443	0.0588
		b:
			367.1042
			542.318
			711.1503
			606.0537
			226.1322
			691.7416
	==================================================================================
	Q2:
		Shape: Ellipse
		q_c:	485.5	468.0	271.0
		ub :	492.0749	474.4634	277.4159
		lb :	478.9251	461.5366	264.5841
		P^-1:
			0.062	0.0086	0.003
			0.0086	0.0594	0.0116
			0.003	0.0116	0.0721
	==================================================================================
	Q3:
		Shape: Polyhedra
		q_c:	490.5	480.0	257.5
		ub :	496.1	484.9378	263.465
		lb :	484.9	475.0622	251.535
		A:
			-0.0857	0.1777	0.9803
			-0.4594	0.2081	0.8635
			-0.7304	0.508	0.4565
			0.7672	-0.5371	-0.3506
			0.1677	-0.583	-0.795
			0.3626	-0.8293	-0.4251
			0.7675	0.1647	0.6195
			-0.6175	0.4495	0.6455
			-0.1721	-0.878	0.4467
			-0.7675	-0.1647	-0.6195
			0.6175	-0.4495	-0.6455
			0.1721	0.878	-0.4467
		b:
			299.089
			99.642
			5.7531
			30.9795
			-399.2368
			-326.8726
			619.5449
			81.587
			-387.3473
			-610.5449
			-76.587
			394.3473
	==================================================================================
	Q4:
		Shape: Ellipse
		q_c:	488.5	466.5	270.5
		ub :	493.99	471.3164	276.5754
		lb :	483.01	461.6836	264.4246
		P^-1:
			0.1616	-0.1452	-0.0665
			-0.1452	0.271	0.1368
			-0.0665	0.1368	0.1334
	==================================================================================
	Q5:
		Shape: Hybrid
		q_c:	479.5	469.5	274.5
		ub :	482.9614	477.1955	282.1609
		lb :	476.0386	461.8045	266.8391
		P^-1:
			0.1561	-0.0171	0.0128
			-0.0171	0.0393	-0.0053
			0.0128	-0.0053	0.0377
		A:
			-0.7431	0.1299	0.6565
			-0.9066	-0.2137	-0.364
			0.8771	-0.3713	0.3047
			0.0627	-0.956	-0.2865
			-0.7745	0.5693	-0.2757
			-0.9306	-0.2933	0.2189
		b:
			-112.1252
			-632.9218
			331.4944
			-493.3898
			-177.7325
			-521.6979
	==================================================================================
	Q6:
		Shape: Polyhedra
		q_c:	494.5	466.5	261.0
		ub :	503.0365	474.9853	267.1819
		lb :	485.9635	458.0147	254.8181
		A:
			-0.5931	-0.1418	0.7926
			-0.1003	0.2589	-0.9607
			0.0559	0.9958	-0.0729
			0.7356	0.3385	-0.5868
			-0.44	0.8905	0.1155
			-0.791	-0.2785	0.5448
			0.5119	0.6233	0.5912
			0.2892	0.523	-0.8018
			-0.8089	0.5814	0.0875
			-0.5119	-0.6233	-0.5912
			-0.2892	-0.523	0.8018
			0.8089	-0.5814	-0.0875
		b:
			-148.6763
			-175.7948
			478.0566
			372.4263
			233.7773
			-374.652
			703.694
			180.6981
			-99.9343
			-692.694
			-174.6981
			111.9343


===========================================================================================
===========================================================================================
S2:
	q_c:	211.5	265.5	117.0
	ub :	217.1893	273.1435	126.6124
	lb :	203.536	258.5765	108.997

	==================================================================================
	Q1:
		Shape: Hybrid
		q_c:	207.0	262.5	113.0
		ub :	210.464	266.2262	117.003
		lb :	203.536	258.7738	108.997
		P^-1:
			0.2828	0.069	0.1516
			0.069	0.1388	0.0609
			0.1516	0.0609	0.2451
		A:
			0.4643	-0.8337	-0.2989
			-0.4531	-0.7369	-0.5017
			-0.8351	-0.5393	-0.108
			0.8402	-0.5368	0.0767
			-0.6188	-0.0468	-0.7841
			-0.5258	-0.6967	-0.488
		b:
			-154.2758
			-342.6519
			-325.2994
			43.6257
			-228.0587
			-345.6987
	==================================================================================
	Q2:
		Shape: Hybrid
		q_c:	208.5	263.0	122.5
		ub :	211.6717	267.4235	126.6124
		lb :	205.3283	258.5765	118.3876
		P^-1:
			0.1772	0.0141	0.0325
			0.0141	0.1095	0.0586
			0.0325	0.0586	0.2049
		A:
			0.7647	-0.4763	-0.434
			0.9348	-0.24	0.2617
			0.7718	0.6061	0.192
			-0.0978	-0.4978	-0.8618
			-0.7509	0.4478	0.4855
			0.4711	0.1042	0.8759
		b:
			-17.4582
			165.3415
			345.3986
			-255.7833
			22.1898
			234.0895
	==================================================================================
	Q3:
		Shape: Ellipse
		q_c:	213.5	268.0	118.5
		ub :	215.1713	271.3796	120.8428
		lb :	211.8287	264.6204	116.1572
		P^-1:
			0.4434	-0.0175	-0.0053
			-0.0175	0.1405	-0.0929
			-0.0053	-0.0929	0.416
	==================================================================================
	Q4:
		Shape: Ellipse
		q_c:	209.5	264.0	116.5
		ub :	212.2658	267.3232	119.982
		lb :	206.7342	260.6768	113.018
		P^-1:
			0.3959	-0.0696	-0.0949
			-0.0696	0.3449	-0.1358
			-0.0949	-0.1358	0.2593
	==================================================================================
	Q5:
		Shape: Hybrid
		q_c:	215.5	267.0	115.5
		ub :	217.1893	269.633	117.6964
		lb :	213.8107	264.367	113.3036
		P^-1:
			3.2041	0.7719	-1.2985
			0.7719	0.609	0.0711
			-1.2985	0.0711	1.3469
		A:
			0.7266	0.1166	-0.6771
			0.3695	0.5741	0.7306
			0.6289	0.2508	-0.7359
			-0.0253	-0.7023	-0.7114
			0.0161	-0.0909	0.9957
			-0.8767	-0.0088	0.481
		b:
			109.9099
			318.0648
			118.1734
			-274.3096
			95.5639
			-135.3645
	==================================================================================
	Q6:
		Shape: Ellipse
		q_c:	211.0	269.0	118.0
		ub :	214.4788	273.1435	121.8298
		lb :	207.5212	264.8565	114.1702
		P^-1:
			0.2603	0.0755	0.1164
			0.0755	0.2047	0.1108
			0.1164	0.1108	0.2506


===========================================================================================
===========================================================================================
S3:
	q_c:	313.0	120.5	101.5
	ub :	331.3106	151.35	129.3027
	lb :	285.9164	103.3301	74.0234

	==================================================================================
	Q1:
		Shape: Polyhedra
		q_c:	322.5	120.0	87.0
		ub :	330.2038	127.8336	94.1514
		lb :	314.7962	112.1664	79.8486
		A:
			-0.9212	0.3879	0.0295
			0.9297	-0.1312	-0.3441
			-0.0922	0.3898	-0.9163
			-0.9174	0.0163	-0.3975
			-0.8642	0.2651	-0.4277
			-0.5698	0.7616	0.3086
			0.0829	0.406	0.9101
			-0.6396	0.722	-0.2638
			-0.7642	-0.5602	0.3195
			-0.0829	-0.406	-0.9101
			0.6396	-0.722	0.2638
			0.7642	0.5602	-0.3195
		b:
			-243.6463
			260.1016
			-57.9519
			-323.5192
			-280.2222
			-62.2023
			159.1322
			-140.0717
			-278.3976
			-150.1322
			145.0717
			293.3976
	==================================================================================
	Q2:
		Shape: Polyhedra
		q_c:	295.5	126.0	86.5
		ub :	305.0836	135.2148	98.9766
		lb :	285.9164	116.7852	74.0234
		A:
			-0.7568	-0.4899	0.4326
			-0.8686	0.291	-0.4012
			-0.1425	-0.9736	0.1785
			-0.6564	0.7373	0.1595
			0.6442	0.6228	0.444
			0.9013	-0.0428	0.431
			0.2564	0.926	0.2771
			0.244	0.2154	-0.9456
			-0.9353	0.31	-0.1707
			-0.2564	-0.926	-0.2771
			-0.244	-0.2154	0.9456
			0.9353	-0.31	0.1707
		b:
			-239.5437
			-248.3753
			-142.6942
			-81.2804
			312.9792
			304.4191
			221.9074
			27.9434
			-246.0755
			-210.9074
			-6.9434
			258.0755
	==================================================================================
	Q3:
		Shape: Hybrid
		q_c:	321.0	128.0	99.0
		ub :	329.863	136.4496	108.2321
		lb :	312.137	119.5504	89.7679
		P^-1:
			0.0736	0.079	0.0655
			0.079	0.1241	0.0816
			0.0655	0.0816	0.0898
		A:
			0.5778	0.7725	0.2634
			-0.9973	0.071	-0.0169
			0.2797	0.8751	0.3949
			-0.4905	-0.8075	-0.3277
			0.307	0.7311	0.6093
			-0.5653	-0.5402	-0.6233
		b:
			312.3001
			-306.1777
			242.9611
			-291.6981
			254.1181
			-311.0653
	==================================================================================
	Q4:
		Shape: Polyhedra
		q_c:	321.0	139.5	116.5
		ub :	331.3106	151.35	128.3828
		lb :	310.6894	127.65	104.6172
		A:
			0.2784	0.0929	0.956
			0.1619	0.6471	-0.745
			-0.5263	0.8432	-0.1097
			-0.4325	0.6404	-0.6347
			-0.6134	-0.3643	-0.7007
			0.8018	0.3135	-0.5088
			0.6824	0.5612	0.4683
			0.7294	-0.481	-0.4864
			-0.0477	0.6736	-0.7376
			-0.6824	-0.5612	-0.4683
			-0.7294	0.481	0.4864
			0.0477	-0.6736	0.7376
		b:
			220.0619
			62.4909
			-55.9551
			-116.3124
			-324.1196
			249.4538
			356.9105
			119.3611
			-0.2764
			-346.9105
			-101.3611
			14.2764
	==================================================================================
	Q5:
		Shape: Hybrid
		q_c:	298.0	134.5	112.0
		ub :	306.0368	140.2199	120.1095
		lb :	289.9632	128.7801	103.8905
		P^-1:
			0.0831	-0.0343	0.0582
			-0.0343	0.0629	-0.0324
			0.0582	-0.0324	0.0744
		A:
			-0.7735	0.1449	-0.6171
			0.6687	-0.4731	0.5736
			0.4996	-0.8391	0.2151
			0.9265	0.3587	0.1141
			0.4207	-0.2359	0.876
			0.3851	-0.7752	0.5007
		b:
			-278.5091
			201.1385
			62.4854
			341.0224
			194.0139
			68.4945
	==================================================================================
	Q6:
		Shape: Polyhedra
		q_c:	305.0	113.5	114.5
		ub :	319.4748	123.6699	129.3027
		lb :	290.5252	103.3301	99.6973
		A:
			-0.9392	0.2996	0.1676
			0.3364	-0.9328	0.1292
			0.1024	-0.9695	0.2225
			-0.9368	-0.082	0.3401
			0.5591	0.7424	-0.3691
			-0.0267	-0.6481	0.7611
			0.6478	0.3246	0.6892
			-0.7362	0.0341	0.6759
			0.1959	-0.9452	0.2611
			-0.6478	-0.3246	-0.6892
			0.7362	-0.0341	-0.6759
			-0.1959	0.9452	-0.2611
		b:
			-224.4201
			18.6074
			-46.2919
			-246.9332
			220.766
			13.294
			323.3346
			-134.2732
			-10.6558
			-303.3346
			152.2732
			24.6558


===========================================================================================
===========================================================================================
S4:
	q_c:	348.0	412.0	432.0
	ub :	358.8767	425.7584	445.0744
	lb :	333.509	401.4228	420.6762

	==================================================================================
	Q1:
		Shape: Polyhedra
		q_c:	352.5	418.0	427.5
		ub :	358.8767	424.5574	434.3238
		lb :	346.1233	411.4426	420.6762
		A:
			-0.9833	0.0848	0.1608
			0.2695	-0.7168	0.6431
			-0.3304	0.9129	-0.2396
			0.2233	0.0778	0.9716
			-0.1105	-0.9892	0.0963
			-0.209	-0.9566	-0.2033
			0.479	0.4401	0.7595
			-0.7819	0.6071	0.1414
			-0.3989	-0.6616	0.635
			-0.479	-0.4401	-0.7595
			0.7819	-0.6071	-0.1414
			0.3989	0.6616	-0.635
		b:
			-239.0228
			73.8808
			165.8763
			531.7192
			-407.4306
			-555.9609
			683.0048
			41.6026
			-142.2177
			-672.0048
			-35.6026
			149.2177
	==================================================================================
	Q2:
		Shape: Hybrid
		q_c:	353.0	407.5	435.5
		ub :	357.9832	413.5772	441.9245
		lb :	348.0168	401.4228	429.0755
		P^-1:
			0.0496	-0.0022	0.0014
			-0.0022	0.0629	-0.0206
			0.0014	-0.0206	0.0585
		A:
			0.8455	-0.5074	-0.1662
			-0.6446	0.3133	-0.6974
			0.6026	0.7282	-0.3264
			0.8153	-0.0191	0.5788
			-0.6052	0.2749	0.7471
			0.093	-0.8921	-0.4423
		b:
			22.0816
			-401.2952
			369.6347
			534.7274
			226.7045
			-520.2345
	==================================================================================
	Q3:
		Shape: Ellipse
		q_c:	348.0	419.0	440.0
		ub :	353.4114	424.8721	445.0744
		lb :	342.5886	413.1279	434.9256
		P^-1:
			0.1536	-0.0442	-0.0826
			-0.0442	0.084	0.0401
			-0.0826	0.0401	0.1374
	==================================================================================
	Q4:
		Shape: Polyhedra
		q_c:	341.5	418.0	435.5
		ub :	349.491	425.7584	442.8816
		lb :	333.509	410.2416	428.1184
		A:
			-0.611	-0.4444	0.6551
			0.9199	0.389	0.0498
			0.3407	-0.7635	-0.5487
			-0.4442	0.4084	-0.7974
			-0.3864	-0.8003	0.4584
			0.867	0.1621	0.4713
			0.4514	0.6529	0.6083
			0.6966	0.1682	-0.6974
			-0.5576	0.7386	-0.3789
			-0.4514	-0.6529	-0.6083
			-0.6966	-0.1682	0.6974
			0.5576	-0.7386	0.3789
		b:
			-104.9426
			502.4147
			-437.0166
			-322.386
			-262.0375
			573.702
			695.4567
			8.4679
			-40.2162
			-688.4567
			-0.4679
			53.2162
	==================================================================================
	Q5:
		Shape: Polyhedra
		q_c:	340.5	410.5	437.0
		ub :	347.1856	416.1938	442.8284
		lb :	333.8144	404.8062	431.1716
		A:
			0.7287	0.6643	0.1661
			-0.8938	0.4307	-0.1247
			-0.3485	-0.105	0.9314
			0.2299	0.062	-0.9712
			0.0719	-0.4752	-0.8769
			0.3751	0.6417	-0.669
			0.8943	0.2899	0.3409
			0.1408	-0.9054	0.4005
			0.4248	-0.3102	-0.8505
			-0.8943	-0.2899	-0.3409
			-0.1408	0.9054	-0.4005
			-0.4248	0.3102	0.8505
		b:
			598.632
			-177.4369
			248.3551
			-317.5549
			-550.3552
			102.3746
			577.9793
			-145.1963
			-351.3675
			-566.9793
			152.1963
			357.3675
	==================================================================================
	Q6:
		Shape: Hybrid
		q_c:	348.0	417.5	430.5
		ub :	352.8379	420.0341	435.2626
		lb :	343.1621	414.9659	425.7374
		P^-1:
			0.1939	0.2911	0.0757
			0.2911	0.8367	0.1964
			0.0757	0.1964	0.1327
		A:
			-0.6072	-0.7387	-0.2927
			-0.5842	-0.7811	-0.2204
			0.2122	0.8476	-0.4863
			-0.2614	-0.9637	0.0542
			-0.3865	-0.7411	-0.549
			-0.4404	-0.6175	-0.6518
		b:
			-644.7704
			-623.4616
			220.3823
			-469.0267
			-679.2119
			-690.1839


===========================================================================================
===========================================================================================
S5:
	q_c:	393.5	358.5	213.0
	ub :	416.7788	377.709	225.8324
	lb :	374.5731	341.0361	196.5564

	==================================================================================
	Q1:
		Shape: Ellipse
		q_c:	380.0	355.0	209.0
		ub :	385.4269	361.8018	215.5079
		lb :	374.5731	348.1982	202.4921
		P^-1:
			0.0716	0.0086	0.0041
			0.0086	0.0673	0.0097
			0.0041	0.0097	0.0546
	==================================================================================
	Q2:
		Shape: Polyhedra
		q_c:	395.5	370.0	218.5
		ub :	403.4772	377.709	225.8324
		lb :	387.5228	362.291	211.1676
		A:
			-0.5074	0.1775	0.8432
			0.6296	0.7764	0.0291
			-0.0049	-0.8359	-0.5489
			0.4038	0.9148	-0.0126
			0.2797	-0.4859	0.8281
			0.2319	-0.854	-0.4657
			0.8396	0.4341	0.3265
			-0.3415	0.8893	-0.3041
			-0.4224	0.1438	0.8949
			-0.8396	-0.4341	-0.3265
			0.3415	-0.8893	0.3041
			0.4224	-0.1438	-0.8949
		b:
			53.7585
			547.7169
			-426.1651
			500.6387
			116.9286
			-320.9836
			569.0264
			133.0149
			86.211
			-559.0264
			-122.0149
			-77.211
	==================================================================================
	Q3:
		Shape: Hybrid
		q_c:	384.5	356.0	211.0
		ub :	389.2906	361.1725	217.1359
		lb :	379.7094	350.8275	204.8641
		P^-1:
			0.1062	-0.0101	0.0133
			-0.0101	0.0902	0.0274
			0.0133	0.0274	0.0752
		A:
			0.3087	-0.9145	-0.2614
			0.5459	0.025	0.8375
			0.3021	-0.3226	-0.897
			-0.9285	-0.2849	0.238
			0.6351	-0.6711	0.3825
			-0.2609	-0.9019	0.3443
		b:
			-260.4315
			397.3869
			-185.888
			-406.1079
			87.9009
			-346.0819
	==================================================================================
	Q4:
		Shape: Hybrid
		q_c:	396.0	360.5	215.5
		ub :	404.0646	365.9754	221.6362
		lb :	387.9354	355.0246	209.3638
		P^-1:
			0.0183	0.0034	0.0026
			0.0034	0.0943	-0.0276
			0.0026	-0.0276	0.0656
		A:
			-0.492	-0.0407	-0.8696
			-0.2662	-0.3941	0.8797
			-0.321	0.8992	-0.2972
			-0.19	0.6611	-0.7259
			-0.6593	0.72	-0.2167
			-0.3599	0.9296	-0.0793
		b:
			-393.5083
			-55.3408
			135.4449
			8.533
			-44.0833
			178.3477
	==================================================================================
	Q5:
		Shape: Ellipse
		q_c:	407.0	370.5	206.0
		ub :	416.7788	376.8191	215.4436
		lb :	397.2212	364.1809	196.5564
		P^-1:
			0.0269	-0.0065	-0.0137
			-0.0065	0.055	0.0084
			-0.0137	0.0084	0.0384
	==================================================================================
	Q6:
		Shape: Ellipse
		q_c:	391.0	348.5	204.0
		ub :	398.006	355.9639	210.2338
		lb :	383.994	341.0361	197.7662
		P^-1:
			0.0839	-0.0018	0.052
			-0.0018	0.0482	0.0277
			0.052	0.0277	0.1181


===========================================================================================
===========================================================================================
S6:
	q_c:	43.0	499.0	40.5
	ub :	52.8729	512.0268	51.6066
	lb :	31.6785	479.2614	23.0848

	==================================================================================
	Q1:
		Shape: Hybrid
		q_c:	40.5	490.0	45.5
		ub :	48.1648	497.8293	51.6066
		lb :	32.8352	482.1707	39.3934
		P^-1:
			0.0462	0.0058	0.0137
			0.0058	0.0454	0.0127
			0.0137	0.0127	0.07
		A:
			-0.7591	-0.4857	-0.4335
			0.4377	-0.4952	-0.7505
			-0.0776	-0.8213	0.5653
			-0.2949	0.6719	-0.6794
			0.4654	-0.2138	-0.8589
			0.7122	-0.0993	0.695
		b:
			-286.1802
			-256.3668
			-376.6186
			289.3404
			-122.2699
			14.0923
	==================================================================================
	Q2:
		Shape: Ellipse
		q_c:	39.5	504.5	30.5
		ub :	47.3215	512.0268	37.9152
		lb :	31.6785	496.9732	23.0848
		P^-1:
			0.0473	0.0013	0.0037
			0.0013	0.0486	-0.0023
			0.0037	-0.0023	0.0429
	==================================================================================
	Q3:
		Shape: Ellipse
		q_c:	39.0	498.0	34.0
		ub :	42.6407	502.6972	37.6734
		lb :	35.3593	493.3028	30.3266
		P^-1:
			0.2776	0.0267	-0.1062
			0.0267	0.1301	0.1095
			-0.1062	0.1095	0.3493
	==================================================================================
	Q4:
		Shape: Ellipse
		q_c:	45.5	486.0	42.0
		ub :	52.8729	492.7386	49.5019
		lb :	38.1271	479.2614	34.4981
		P^-1:
			0.0431	0.0057	-0.0126
			0.0057	0.0484	0.0004
			-0.0126	0.0004	0.0535
	==================================================================================
	Q5:
		Shape: Hybrid
		q_c:	42.5	506.5	44.0
		ub :	46.0966	509.8124	48.7979
		lb :	38.9034	503.1876	39.2021
		P^-1:
			0.3924	-0.0408	0.1273
			-0.0408	0.4126	0.0996
			0.1273	0.0996	0.1333
		A:
			-0.9627	-0.2033	-0.1784
			-0.9035	-0.0477	-0.4259
			-0.0565	-0.8271	-0.5592
			0.3919	-0.6705	-0.63
			-0.5639	0.7514	-0.3427
			-0.47	0.8249	0.3141
		b:
			-150.6695
			-80.5242
			-444.8827
			-348.7637
			342.7967
			412.6498
	==================================================================================
	Q6:
		Shape: Ellipse
		q_c:	40.0	495.5	43.0
		ub :	45.5809	501.2056	48.3384
		lb :	34.4191	489.7944	37.6616
		P^-1:
			0.087	0.0312	0.0104
			0.0312	0.1075	-0.0401
			0.0104	-0.0401	0.126


===========================================================================================
===========================================================================================
S7:
	q_c:	366.0	414.5	330.0
	ub :	399.3643	446.279	353.9015
	lb :	333.3841	395.7935	298.7235

	==================================================================================
	Q1:
		Shape: Ellipse
		q_c:	377.0	434.5	342.5
		ub :	385.0062	446.279	353.9015
		lb :	368.9938	422.721	331.0985
		P^-1:
			0.0552	0.0024	-0.0135
			0.0024	0.0219	0.0158
			-0.0135	0.0158	0.0344
	==================================================================================
	Q2:
		Shape: Hybrid
		q_c:	375.0	429.5	346.0
		ub :	385.7493	434.2481	352.8398
		lb :	364.2507	424.7519	339.1602
		P^-1:
			0.0124	0.0007	-0.0116
			0.0007	0.1023	-0.0189
			-0.0116	-0.0189	0.0689
		A:
			0.7025	-0.1345	-0.6989
			0.2162	0.9758	0.0313
			-0.0443	0.9664	0.2531
			0.4086	-0.7427	0.5306
			0.5568	-0.8304	-0.0215
			-0.2327	0.9172	0.3235
		b:
			-31.3039
			513.5173
			488.034
			21.8023
			-150.9514
			420.8672
	==================================================================================
	Q3:
		Shape: Hybrid
		q_c:	376.0	423.5	310.5
		ub :	386.0657	432.5618	318.2253
		lb :	365.9343	414.4382	302.7747
		P^-1:
			0.0344	0.0213	0.0038
			0.0213	0.0409	0.009
			0.0038	0.009	0.0358
		A:
			0.4419	-0.0432	0.896
			0.7609	0.3061	-0.5721
			-0.7721	-0.3529	-0.5285
			-0.1727	0.6617	0.7296
			-0.9171	-0.3839	-0.1075
			-0.2023	-0.894	-0.3998
		b:
			429.9253
			241.5237
			-600.914
			445.436
			-537.7189
			-575.943
	==================================================================================
	Q4:
		Shape: Ellipse
		q_c:	348.0	418.5	314.5
		ub :	362.6159	434.5153	330.2765
		lb :	333.3841	402.4847	298.7235
		P^-1:
			0.0117	-0.0008	-0.0007
			-0.0008	0.0111	-0.0002
			-0.0007	-0.0002	0.0106
	==================================================================================
	Q5:
		Shape: Ellipse
		q_c:	383.0	411.0	335.0
		ub :	398.866	426.2065	347.5086
		lb :	367.134	395.7935	322.4914
		P^-1:
			0.0128	0.0026	0.0042
			0.0026	0.0109	0.0031
			0.0042	0.0031	0.0158
	==================================================================================
	Q6:
		Shape: Polyhedra
		q_c:	387.0	414.5	332.5
		ub :	399.3643	426.1692	343.4148
		lb :	374.6357	402.8308	321.5852
		A:
			0.1531	0.523	-0.8385
			0.6961	-0.2641	0.6676
			-0.9879	0.0957	-0.1218
			-0.2639	0.4784	-0.8375
			0.8199	-0.2788	0.5001
			0.4155	0.7388	0.5306
			0.3142	0.1602	0.9357
			-0.9241	0.2773	0.2629
			-0.2174	-0.9473	0.2352
			-0.3142	-0.1602	-0.9357
			0.9241	-0.2773	-0.2629
			0.2174	0.9473	-0.2352
		b:
			5.1216
			389.6204
			-374.4738
			-174.6692
			376.115
			651.157
			506.1319
			-146.3005
			-390.1033
			-492.1319
			164.3005
			407.1033


===========================================================================================
===========================================================================================
S8:
	q_c:	101.5	428.0	238.0
	ub :	113.8104	442.2212	247.6242
	lb :	86.1703	409.14	220.7996

	==================================================================================
	Q1:
		Shape: Ellipse
		q_c:	98.5	423.5	240.5
		ub :	104.6162	429.7971	247.6242
		lb :	92.3838	417.2029	233.3758
		P^-1:
			0.0701	0.0275	0.0111
			0.0275	0.0859	0.0159
			0.0111	0.0159	0.0282
	==================================================================================
	Q2:
		Shape: Ellipse
		q_c:	107.0	434.0	232.5
		ub :	109.5475	438.8727	235.6735
		lb :	104.4525	429.1273	229.3265
		P^-1:
			0.16	-0.0008	0.0012
			-0.0008	0.0638	-0.0519
			0.0012	-0.0519	0.2355
	==================================================================================
	Q3:
		Shape: Ellipse
		q_c:	103.5	418.5	230.0
		ub :	111.8635	427.86	239.2004
		lb :	95.1365	409.14	220.7996
		P^-1:
			0.0306	-0.0023	-0.0014
			-0.0023	0.0347	-0.0048
			-0.0014	-0.0048	0.0356
	==================================================================================
	Q4:
		Shape: Hybrid
		q_c:	91.5	423.0	239.5
		ub :	96.8297	429.3728	245.6728
		lb :	86.1703	416.6272	233.3272
		P^-1:
			0.1313	-0.0407	0.0234
			-0.0407	0.0625	-0.0204
			0.0234	-0.0204	0.0687
		A:
			-0.4108	0.7319	-0.5437
			0.6903	-0.6567	0.3038
			-0.9688	0.1332	0.209
			-0.6771	0.7079	0.2012
			0.8999	0.4307	-0.0689
			-0.9327	-0.358	0.0442
		b:
			143.7095
			-140.3199
			19.6151
			287.8526
			250.7824
			-223.5459
	==================================================================================
	Q5:
		Shape: Polyhedra
		q_c:	109.0	437.0	242.0
		ub :	113.8104	442.2212	246.3408
		lb :	104.1896	431.7788	237.6592
		A:
			0.7173	0.4339	0.5452
			0.3297	-0.1386	0.9339
			-0.852	-0.4132	-0.3214
			0.9153	0.3501	-0.1989
			0.8432	0.3618	-0.3977
			0.6329	0.2712	0.7252
			0.7722	0.6301	0.0816
			0.592	-0.7602	0.2676
			0.2307	-0.1584	-0.9601
			-0.7722	-0.6301	-0.0816
			-0.592	0.7602	-0.2676
			-0.2307	0.1584	0.9601
		b:
			401.9095
			205.0503
			-349.1761
			206.6954
			155.8583
			365.7418
			380.7728
			-197.8956
			-273.4046
			-377.7728
			207.8956
			279.4046
	==================================================================================
	Q6:
		Shape: Hybrid
		q_c:	106.5	433.0	234.5
		ub :	110.9743	437.9044	238.3069
		lb :	102.0257	428.0956	230.6931
		P^-1:
			0.1613	-0.0293	-0.0462
			-0.0293	0.0876	-0.0342
			-0.0462	-0.0342	0.2236
		A:
			-0.1129	-0.529	0.8411
			-0.339	-0.1652	-0.9262
			0.3039	-0.601	0.7393
			0.0562	-0.1088	-0.9925
			-0.6928	-0.3437	0.634
			-0.4426	0.4373	0.7829
		b:
			-42.5627
			-322.9544
			-53.091
			-272.4438
			-72.5387
			327.3578


===========================================================================================
===========================================================================================
S9:
	q_c:	432.5	102.0	164.0
	ub :	448.2477	110.4865	178.3233
	lb :	416.2429	93.3286	150.0468

	==================================================================================
	Q1:
		Shape: Hybrid
		q_c:	425.5	103.5	172.0
		ub :	428.822	107.9615	175.4542
		lb :	422.178	99.0385	168.5458
		P^-1:
			0.2357	-0.0319	0.0236
			-0.0319	0.0699	-0.0168
			0.0236	-0.0168	0.1669
		A:
			-0.1086	-0.9939	-0.0164
			-0.0227	0.7008	-0.713
			-0.9491	0.2822	-0.1398
			0.5028	0.0187	0.8642
			0.4888	-0.1774	0.8542
			-0.3863	0.4218	0.8203
		b:
			-148.9439
			-57.7028
			-397.6354
			365.8517
			337.7713
			22.2436
	==================================================================================
	Q2:
		Shape: Ellipse
		q_c:	434.5	102.5	165.0
		ub :	438.5092	106.9027	169.4076
		lb :	430.4908	98.0973	160.5924
		P^-1:
			0.1085	0.0427	0.0445
			0.0427	0.1647	0.056
			0.0445	0.056	0.1695
	==================================================================================
	Q3:
		Shape: Polyhedra
		q_c:	437.0	105.0	155.5
		ub :	442.5332	110.1466	160.9532
		lb :	431.4668	99.8534	150.0468
		A:
			0.3529	-0.7761	-0.5227
			0.7176	0.6856	-0.1222
			-0.4293	0.9031	0.0128
			-0.4558	-0.8591	-0.2329
			-0.2235	0.8656	0.4481
			0.1266	0.9752	0.1816
			0.5146	0.2664	0.815
			-0.3125	-0.8269	0.4676
			0.7984	-0.4953	-0.3423
			-0.5146	-0.2664	-0.815
			0.3125	0.8269	-0.4676
			-0.7984	0.4953	0.3423
		b:
			-5.0835
			369.7487
			-87.4571
			-322.3706
			66.3282
			189.1712
			383.0904
			-147.6654
			247.1911
			-376.0904
			153.6654
			-240.1911
	==================================================================================
	Q4:
		Shape: Polyhedra
		q_c:	434.0	98.5	174.0
		ub :	437.6857	101.281	178.3233
		lb :	430.3143	95.719	169.6767
		A:
			-0.0968	-0.677	-0.7296
			0.536	0.7805	0.3218
			0.2486	0.3227	-0.9132
			-0.1021	-0.8137	-0.5723
			0.5382	0.726	0.4282
			0.5848	0.7161	0.3811
			0.2659	0.823	0.502
			0.9094	-0.0414	-0.4138
			-0.3198	0.5665	-0.7594
			-0.2659	-0.823	-0.502
			-0.9094	0.0414	0.4138
			0.3198	-0.5665	0.7594
		b:
			-234.5375
			366.416
			-15.6961
			-223.3542
			380.4972
			391.6702
			284.2918
			321.111
			-211.136
			-283.2918
			-316.111
			219.136
	==================================================================================
	Q5:
		Shape: Polyhedra
		q_c:	442.0	100.0	172.0
		ub :	448.2477	106.6714	176.8197
		lb :	435.7523	93.3286	167.1803
		A:
			0.8575	0.1462	-0.4932
			0.1089	-0.8065	0.5812
			-0.0501	-0.0058	0.9987
			-0.2124	-0.6719	0.7096
			-0.5507	-0.7966	-0.2494
			0.8622	-0.4182	-0.286
			0.6606	0.6831	0.3114
			-0.0995	-0.3314	0.9382
			0.7441	-0.6508	-0.151
			-0.6606	-0.6831	-0.3114
			0.0995	0.3314	-0.9382
			-0.7441	0.6508	0.151
		b:
			312.6463
			70.9178
			152.2511
			-35.7203
			-361.4669
			294.0608
			418.3658
			87.2457
			241.8356
			-409.3658
			-81.2457
			-233.8356
	==================================================================================
	Q6:
		Shape: Hybrid
		q_c:	423.5	103.0	170.0
		ub :	430.7571	110.4865	175.6078
		lb :	416.2429	95.5135	164.3922
		P^-1:
			0.04	-0.0	-0.0
			-0.0	0.04	0.0
			-0.0	0.0	0.04
		A:
			-0.9672	-0.046	-0.2497
			0.1835	0.8544	-0.4862
			0.394	0.8958	0.2056
			0.5711	0.7308	-0.374
			-0.5907	0.4696	0.6561
			-0.0356	-0.7713	-0.6355
		b:
			-454.3087
			85.5509
			296.5916
			256.0355
			-87.7735
			-200.059


===========================================================================================
===========================================================================================
S10:
	q_c:	148.5	59.5	501.0
	ub :	169.1797	87.2932	521.4335
	lb :	131.55	35.6234	475.0508

	==================================================================================
	Q1:
		Shape: Polyhedra
		q_c:	149.0	52.0	495.5
		ub :	157.216	60.4701	505.8567
		lb :	140.784	43.5299	485.1433
		A:
			0.4427	-0.6946	0.567
			-0.2564	0.2991	-0.9191
			-0.5466	-0.6857	-0.4806
			0.7662	-0.6409	-0.0468
			-0.3721	-0.915	0.156
			-0.4513	0.2271	-0.863
			0.8837	0.0173	0.4676
			-0.4665	0.1105	0.8776
			-0.0365	-0.9937	0.1057
			-0.8837	-0.0173	-0.4676
			0.4665	-0.1105	-0.8776
			0.0365	0.9937	-0.1057
		b:
			317.3017
			-471.1648
			-349.0296
			64.3188
			-18.3542
			-476.9149
			368.7965
			379.5674
			2.7803
			-359.7965
			-362.5674
			12.2197
	==================================================================================
	Q2:
		Shape: Ellipse
		q_c:	153.5	47.0	502.5
		ub :	163.1719	58.3766	513.0218
		lb :	143.8281	35.6234	491.9782
		P^-1:
			0.0216	0.0041	0.0026
			0.0041	0.0239	0.0001
			0.0026	0.0001	0.0237
	==================================================================================
	Q3:
		Shape: Ellipse
		q_c:	143.0	77.0	493.5
		ub :	154.45	87.2932	506.2927
		lb :	131.55	66.7068	480.7073
		P^-1:
			0.0246	-0.0159	0.0039
			-0.0159	0.0532	-0.0322
			0.0039	-0.0322	0.0351
	==================================================================================
	Q4:
		Shape: Ellipse
		q_c:	146.0	72.0	507.0
		ub :	159.0835	78.7078	519.5036
		lb :	132.9165	65.2922	494.4964
		P^-1:
			0.0144	-0.0067	0.0032
			-0.0067	0.0478	0.0039
			0.0032	0.0039	0.015
	==================================================================================
	Q5:
		Shape: Hybrid
		q_c:	160.5	51.5	487.5
		ub :	169.1797	62.0617	499.9492
		lb :	151.8203	40.9383	475.0508
		P^-1:
			0.0523	-0.0225	-0.0015
			-0.0225	0.0533	0.0239
			-0.0015	0.0239	0.0242
		A:
			0.1845	-0.972	0.1453
			-0.8871	0.2605	0.3811
			0.7856	-0.5165	-0.3406
			-0.9228	0.3474	0.1668
			-0.8607	-0.2921	-0.4171
			0.6402	-0.6051	-0.4734
		b:
			55.8456
			60.6038
			-64.2101
			-46.335
			-353.2684
			-156.8233
	==================================================================================
	Q6:
		Shape: Hybrid
		q_c:	146.0	62.5	514.0
		ub :	153.5986	67.6937	521.4335
		lb :	138.4014	57.3063	506.5665
		P^-1:
			0.0536	-0.0283	-0.0089
			-0.0283	0.0936	0.0117
			-0.0089	0.0117	0.0369
		A:
			0.5146	-0.7845	-0.3461
			0.0954	0.9954	0.0131
			-0.0476	-0.9527	-0.3003
			0.3	0.8404	0.4514
			0.814	-0.5284	-0.2413
			-0.2973	-0.9393	0.1715
		b:
			-150.1804
			85.1556
			-218.6556
			331.2161
			-36.1549
			-11.2056


===========================================================================================
===========================================================================================
S11:
	q_c:	253.0	496.5	257.5
	ub :	257.5953	501.5372	260.3117
	lb :	249.4219	494.0795	254.4425

	==================================================================================
	Q1:
		Shape: Hybrid
		q_c:	254.5	499.0	258.0
		ub :	256.9779	501.3413	260.1875
		lb :	252.0221	496.6587	255.8125
		P^-1:
			0.4444	-0.0	-0.0
			-0.0	0.4444	-0.0
			-0.0	-0.0	0.4444
		A:
			-0.6899	-0.176	0.7021
			0.5541	-0.5423	0.6316
			0.0816	0.5215	0.8493
			0.614	0.0355	-0.7885
			-0.5733	-0.8094	0.1277
			0.8905	-0.4548	0.0132
		b:
			-81.5126
			34.089
			500.8754
			-28.6964
			-516.0834
			3.8616
	==================================================================================
	Q2:
		Shape: Hybrid
		q_c:	255.0	496.5	259.0
		ub :	257.5953	498.9205	260.2712
		lb :	252.4047	494.0795	257.7288
		P^-1:
			0.3316	-0.0943	-0.074
			-0.0943	0.3711	-0.0054
			-0.074	-0.0054	0.9918
		A:
			-0.4714	-0.2292	-0.8516
			-0.0834	0.5422	0.8361
			-0.1173	0.3961	-0.9107
			0.3156	-0.8274	-0.4646
			-0.3647	0.3553	0.8607
			-0.1285	0.3074	0.9429
		b:
			-453.6414
			465.2256
			-68.5153
			-449.7082
			306.9175
			364.6492
	==================================================================================
	Q3:
		Shape: Ellipse
		q_c:	254.5	499.5	258.5
		ub :	256.3386	501.5372	260.3117
		lb :	252.6614	497.4628	256.6883
		P^-1:
			0.8671	-0.1668	-0.1683
			-0.1668	0.7905	-0.2113
			-0.1683	-0.2113	0.7868
	==================================================================================
	Q4:
		Shape: Ellipse
		q_c:	255.5	498.5	256.0
		ub :	257.3456	499.6025	257.5575
		lb :	253.6544	497.3975	254.4425
		P^-1:
			1.0028	-1.1723	-0.157
			-1.1723	3.5367	-0.183
			-0.157	-0.183	0.905
	==================================================================================
	Q5:
		Shape: Hybrid
		q_c:	251.5	497.0	256.0
		ub :	253.5781	499.0788	257.2676
		lb :	249.4219	494.9212	254.7324
		P^-1:
			0.4879	0.1688	-0.3525
			0.1688	1.0997	-1.3682
			-0.3525	-1.3682	3.3012
		A:
			0.0039	-0.5249	0.8512
			0.7551	0.0986	-0.6482
			-0.7906	0.5821	0.1901
			0.3513	0.6217	-0.7
			0.8975	0.1022	-0.429
			0.0058	0.2212	0.9752
		b:
			-41.6774
			73.833
			140.4002
			218.5924
			167.7325
			361.8416
	==================================================================================
	Q6:
		Shape: Polyhedra
		q_c:	254.0	497.0	258.5
		ub :	256.0055	498.9099	259.9304
		lb :	251.9945	495.0901	257.0696
		A:
			-0.8729	-0.4862	-0.0415
			-0.3036	-0.0818	-0.9493
			0.885	0.4526	0.1088
			-0.6691	0.3388	-0.6614
			-0.1134	0.4554	0.883
			-0.2142	0.8819	-0.4199
			0.282	0.3249	0.9027
			-0.84	0.5382	0.0687
			-0.4636	-0.7777	0.4247
			-0.282	-0.3249	-0.9027
			0.84	-0.5382	-0.0687
			0.4636	0.7777	-0.4247
		b:
			-472.9406
			-362.1609
			479.0369
			-171.2659
			426.9129
			276.6009
			467.4488
			73.3807
			-393.4692
			-465.4488
			-70.3807
			395.4692


===========================================================================================
===========================================================================================
S12:
	q_c:	415.5	258.0	33.5
	ub :	434.7969	279.9	51.511
	lb :	390.3255	240.0055	10.6994

	==================================================================================
	Q1:
		Shape: Hybrid
		q_c:	427.5	256.5	19.5
		ub :	434.7969	267.5578	27.9777
		lb :	420.2031	245.4422	11.0223
		P^-1:
			0.0574	-0.0146	-0.0007
			-0.0146	0.0199	-0.0069
			-0.0007	-0.0069	0.0306
		A:
			0.3057	-0.3509	-0.8851
			-0.3294	0.5252	-0.7846
			-0.8775	0.3319	0.3462
			0.9284	-0.3713	0.0118
			0.7219	-0.2878	0.6293
			0.9389	0.3069	-0.1557
		b:
			27.9367
			-18.2233
			-280.8506
			303.9078
			249.8232
			480.9174
	==================================================================================
	Q2:
		Shape: Hybrid
		q_c:	418.5	252.0	36.5
		ub :	431.0916	263.9945	46.5321
		lb :	405.9084	240.0055	26.4679
		P^-1:
			0.0193	0.011	0.0005
			0.011	0.0265	-0.0081
			0.0005	-0.0081	0.032
		A:
			0.7307	0.6632	-0.1622
			-0.8645	-0.21	0.4567
			-0.2302	0.7797	-0.5824
			0.2328	0.2019	0.9513
			0.6691	0.7418	-0.0455
			0.5796	0.4652	0.6691
		b:
			470.0465
			-393.1072
			83.1065
			186.548
			468.257
			387.7173
	==================================================================================
	Q3:
		Shape: Ellipse
		q_c:	412.0	272.5	20.0
		ub :	419.2706	279.9	29.3006
		lb :	404.7294	265.1	10.6994
		P^-1:
			0.0775	-0.0604	0.0101
			-0.0604	0.1094	-0.0219
			0.0101	-0.0219	0.024
	==================================================================================
	Q4:
		Shape: Polyhedra
		q_c:	412.5	269.0	38.5
		ub :	420.6304	276.1345	48.1555
		lb :	404.3696	261.8655	28.8445
		A:
			-0.3143	-0.8784	0.3601
			-0.4502	-0.8823	0.1377
			0.7784	-0.0163	-0.6276
			0.1264	-0.9811	0.1465
			-0.5138	-0.4107	0.7532
			0.9986	-0.0516	-0.0065
			0.9367	0.1029	0.3346
			-0.3498	0.2418	0.9051
			0.0123	-0.9648	0.2625
			-0.9367	-0.1029	-0.3346
			0.3498	-0.2418	-0.9051
			-0.0123	0.9648	-0.2625
		b:
			-346.8728
			-412.4762
			299.2347
			-201.0665
			-287.1384
			403.9675
			432.9705
			-37.4073
			-239.3843
			-420.9705
			51.4073
			249.3843
	==================================================================================
	Q5:
		Shape: Ellipse
		q_c:	419.5	253.0	23.5
		ub :	429.4835	264.554	35.2411
		lb :	409.5165	241.446	11.7589
		P^-1:
			0.0259	0.0021	0.0039
			0.0021	0.0161	0.0008
			0.0039	0.0008	0.0171
	==================================================================================
	Q6:
		Shape: Polyhedra
		q_c:	400.5	253.5	43.5
		ub :	410.6745	263.2126	51.511
		lb :	390.3255	243.7874	35.489
		A:
			0.5833	0.4519	-0.6749
			0.5914	0.4019	-0.6991
			0.1201	0.7395	0.6623
			-0.8851	-0.4018	0.2349
			0.4914	-0.1115	-0.8637
			-0.0258	-0.3821	-0.9238
			0.6166	0.6381	0.4612
			-0.6383	0.7481	-0.1817
			-0.4609	-0.1824	0.8685
			-0.6166	-0.6381	-0.4612
			0.6383	-0.7481	0.1817
			0.4609	0.1824	-0.8685
		b:
			323.8407
			313.3161
			269.7678
			-440.9641
			136.1621
			-142.3365
			433.7503
			-66.404
			-188.0445
			-423.7503
			81.404
			198.0445


===========================================================================================
===========================================================================================
S13:
	q_c:	409.5	257.5	208.0
	ub :	421.1908	271.1525	221.5789
	lb :	402.0851	247.1581	197.3136

	==================================================================================
	Q1:
		Shape: Polyhedra
		q_c:	409.0	257.5	208.5
		ub :	415.9149	264.0035	213.7038
		lb :	402.0851	250.9965	203.2962
		A:
			-0.7298	-0.2896	-0.6193
			-0.4636	-0.0965	-0.8808
			-0.5911	-0.4833	-0.6458
			0.4913	0.2479	-0.835
			0.8523	-0.1798	0.4912
			0.5245	0.8108	0.2601
			0.5961	0.3234	0.7349
			0.651	0.3411	-0.6782
			-0.47	0.8826	-0.0072
			-0.5961	-0.3234	-0.7349
			-0.651	-0.3411	0.6782
			0.47	-0.8826	0.0072
		b:
			-500.3892
			-395.8753
			-499.113
			96.507
			407.6639
			481.064
			481.8185
			218.6678
			38.057
			-478.8185
			-206.6678
			-29.057
	==================================================================================
	Q2:
		Shape: Ellipse
		q_c:	414.0	262.0	212.0
		ub :	418.5455	265.558	216.4062
		lb :	409.4545	258.442	207.5938
		P^-1:
			0.2061	0.0793	0.1759
			0.0793	0.248	0.0066
			0.1759	0.0066	0.2897
	==================================================================================
	Q3:
		Shape: Hybrid
		q_c:	415.0	265.0	215.0
		ub :	418.439	271.1525	221.3274
		lb :	411.561	258.8475	208.6726
		P^-1:
			0.4021	0.1221	0.0093
			0.1221	0.0902	-0.0002
			0.0093	-0.0002	0.0414
		A:
			-0.961	-0.2568	-0.1027
			0.9149	0.2117	0.3438
			-0.9554	0.0526	-0.2907
			0.794	-0.0252	0.6074
			-0.9893	-0.1312	0.0637
			0.9449	0.2758	-0.1762
		b:
			-488.1186
			511.0957
			-443.3508
			455.9695
			-430.6097
			428.3768
	==================================================================================
	Q4:
		Shape: Ellipse
		q_c:	413.5	251.5	201.5
		ub :	415.8842	253.4457	205.6864
		lb :	411.1158	249.5543	197.3136
		P^-1:
			2.1227	1.8337	-0.4158
			1.8337	2.0428	-0.384
			-0.4158	-0.384	0.147
	==================================================================================
	Q5:
		Shape: Hybrid
		q_c:	414.5	252.0	215.5
		ub :	421.1908	256.8419	221.5789
		lb :	407.8092	247.1581	209.4211
		P^-1:
			0.0386	-0.0105	0.0193
			-0.0105	0.1152	-0.0476
			0.0193	-0.0476	0.1017
		A:
			0.8186	-0.498	0.2861
			0.1688	0.9208	-0.3516
			0.2409	-0.9044	0.3521
			-0.2148	0.3522	-0.911
			0.339	-0.6452	0.6847
			-0.1934	0.1783	-0.9648
		b:
			278.5369
			228.0185
			-50.6018
			-194.9442
			126.8589
			-241.2096
	==================================================================================
	Q6:
		Shape: Polyhedra
		q_c:	413.5	260.5	208.0
		ub :	419.5806	266.4603	214.7172
		lb :	407.4194	254.5397	201.2828
		A:
			0.8211	-0.4997	0.2759
			-0.975	-0.0548	0.2155
			-0.9998	0.0169	-0.0106
			-0.4468	0.2986	-0.8434
			0.4585	-0.8856	-0.0736
			0.6797	-0.0644	-0.7307
			0.8813	0.2105	0.4231
			-0.1565	-0.7149	0.6815
			0.4459	-0.6668	-0.5971
			-0.8813	-0.2105	-0.4231
			0.1565	0.7149	-0.6815
			-0.4459	0.6668	0.5971
		b:
			271.1056
			-368.2294
			-406.6865
			-277.4078
			-53.2109
			115.7561
			512.248
			-104.1618
			-111.5324
			-502.248
			114.1618
			115.5324


===========================================================================================
