3D_45_14_6_d                l = 3

===========================================================================================
===========================================================================================
S1:
	q_c:	57.0	357.0	426.0
	ub :	62.4557	363.4619	433.8667
	lb :	49.0009	348.1215	418.9984

	==================================================================================
	Q1:
		Shape: Polyhedra
		q_c:	58.0	357.0	431.5
		ub :	60.6547	359.442	433.8667
		lb :	55.3453	354.558	429.1333
		A:
			-0.7459	0.1898	-0.6384
			0.1913	0.8915	-0.4106
			0.2912	0.316	0.903
			-0.3965	0.3984	-0.8271
			0.407	0.2627	0.8748
			-0.634	0.2379	0.7359
			0.6223	0.7025	0.3453
			0.4085	-0.6678	0.6223
			0.6677	-0.2462	-0.7025
			-0.6223	-0.7025	-0.3453
			-0.4085	0.6678	-0.6223
			-0.6677	0.2462	0.7025
		b:
			-249.5936
			153.6418
			521.0356
			-236.5558
			496.5626
			367.19
			437.8788
			54.8006
			-350.8073
			-433.8788
			-52.8006
			353.8073
	==================================================================================
	Q2:
		Shape: Ellipse
		q_c:	58.5	358.0	422.5
		ub :	62.4557	361.0309	426.0016
		lb :	54.5443	354.9691	418.9984
		P^-1:
			0.1413	0.0855	0.0154
			0.0855	0.3849	0.0906
			0.0154	0.0906	0.1894
	==================================================================================
	Q3:
		Shape: Polyhedra
		q_c:	53.5	352.5	430.5
		ub :	57.7911	356.8785	432.722
		lb :	49.2089	348.1215	428.278
		A:
			0.3467	-0.8662	0.3598
			-0.3888	0.862	-0.3252
			0.2171	0.0677	0.9738
			0.8643	-0.0746	-0.4975
			0.9234	0.0622	0.3787
			0.0123	0.4606	0.8875
			0.5927	0.7923	0.1449
			0.7887	-0.6074	0.095
			0.1633	0.058	-0.9849
			-0.5927	-0.7923	-0.1449
			-0.7887	0.6074	-0.095
			-0.1633	-0.058	0.9849
		b:
			-129.2716
			145.6512
			456.5742
			-191.8663
			237.3131
			547.3127
			376.872
			-128.5243
			-393.3097
			-369.872
			133.5243
			396.3097
	==================================================================================
	Q4:
		Shape: Polyhedra
		q_c:	53.5	357.0	428.0
		ub :	57.9991	360.9925	431.4441
		lb :	49.0009	353.0075	424.5559
		A:
			0.2533	-0.8891	0.3812
			0.0855	-0.9495	-0.3019
			0.8244	-0.5411	-0.166
			-0.2802	-0.8627	-0.421
			-0.6335	-0.3026	0.7121
			-0.9639	0.236	0.1231
			0.7894	0.5615	0.2483
			0.4286	-0.2144	-0.8777
			-0.4396	0.7992	-0.4099
			-0.7894	-0.5615	-0.2483
			-0.4286	0.2144	0.8777
			0.4396	-0.7992	0.4099
		b:
			-138.634
			-461.0647
			-217.9057
			-500.0864
			165.3253
			88.0234
			352.4365
			-427.2764
			88.3736
			-345.4365
			431.2764
			-84.3736
	==================================================================================
	Q5:
		Shape: Polyhedra
		q_c:	55.0	360.0	425.0
		ub :	58.6429	363.4619	427.9271
		lb :	51.3571	356.5381	422.0729
		A:
			-0.8011	-0.373	-0.4681
			0.7472	0.2067	0.6317
			-0.7343	0.5624	0.3802
			0.0202	-0.6714	0.7408
			0.3874	0.5321	-0.7529
			0.0317	0.8458	-0.5325
			0.0505	0.3081	0.95
			-0.3951	0.8798	-0.2643
			-0.9172	-0.362	0.1661
			-0.0505	-0.3081	-0.95
			0.3951	-0.8798	0.2643
			0.9172	0.362	-0.1661
		b:
			-374.5979
			386.4573
			325.9604
			76.3861
			-104.6184
			82.1189
			519.4468
			184.6454
			-107.1791
			-515.4468
			-180.6454
			113.1791
	==================================================================================
	Q6:
		Shape: Ellipse
		q_c:	53.0	359.0	422.5
		ub :	56.8365	362.7004	425.2621
		lb :	49.1635	355.2996	419.7379
		P^-1:
			0.2151	-0.0447	-0.1001
			-0.0447	0.2007	-0.0703
			-0.1001	-0.0703	0.3898


===========================================================================================
===========================================================================================
S2:
	q_c:	479.0	156.0	270.5
	ub :	483.0205	162.3307	275.324
	lb :	474.8824	151.0983	267.6106

	==================================================================================
	Q1:
		Shape: Ellipse
		q_c:	479.0	155.5	272.5
		ub :	480.98	157.5011	273.942
		lb :	477.02	153.4989	271.058
		P^-1:
			0.8418	0.2505	-0.0106
			0.2505	0.6034	0.0169
			-0.0106	0.0169	0.9993
	==================================================================================
	Q2:
		Shape: Hybrid
		q_c:	479.5	156.5	273.5
		ub :	481.0454	157.6906	275.324
		lb :	477.9546	155.3094	271.676
		P^-1:
			0.909	0.0092	-0.2325
			0.0092	3.4267	-1.2828
			-0.2325	-1.2828	1.1088
		A:
			-0.3916	0.4947	-0.7758
			-0.2789	0.7467	-0.6038
			-0.2994	0.4908	-0.8182
			0.5297	0.8009	-0.2793
			-0.1146	0.9549	-0.2738
			0.7952	0.2793	0.5381
		b:
			-321.7438
			-181.535
			-289.7731
			303.434
			19.9218
			573.3566
	==================================================================================
	Q3:
		Shape: Hybrid
		q_c:	481.5	156.5	271.0
		ub :	483.0102	158.4339	272.9716
		lb :	479.9898	154.5661	269.0284
		P^-1:
			1.7129	1.3737	1.0069
			1.3737	1.9322	1.0905
			1.0069	1.0905	1.2438
		A:
			-0.806	-0.4247	-0.4124
			0.4085	0.8108	0.4192
			0.7356	0.5131	0.4423
			-0.8297	-0.5576	0.0245
			0.2212	0.4996	0.8375
			0.7318	0.6407	0.2324
		b:
			-565.8809
			437.5537
			554.6763
			-479.4901
			412.325
			515.9909
	==================================================================================
	Q4:
		Shape: Hybrid
		q_c:	478.5	153.5	271.5
		ub :	480.8982	155.9017	274.0675
		lb :	476.1018	151.0983	268.9325
		P^-1:
			0.4385	-0.0322	0.0093
			-0.0322	0.2706	0.0505
			0.0093	0.0505	0.4298
		A:
			0.3659	0.0344	-0.93
			0.0945	-0.3829	0.9189
			0.9825	0.0889	-0.1635
			-0.9579	0.2657	-0.1088
			0.2866	0.6103	0.7386
			-0.4063	0.9102	0.0804
		b:
			-71.3068
			236.8594
			440.1856
			-446.3597
			432.1645
			-31.8196
	==================================================================================
	Q5:
		Shape: Polyhedra
		q_c:	481.0	155.0	270.0
		ub :	483.0205	156.8926	271.7747
		lb :	478.9795	153.1074	268.2253
		A:
			-0.0901	0.3904	0.9162
			-0.7354	-0.6353	0.2357
			-0.6766	0.133	0.7243
			-0.8739	-0.3913	-0.2883
			0.8711	0.4465	-0.2046
			0.1929	-0.6226	-0.7584
			0.5347	0.378	0.7557
			-0.6124	0.7896	0.0384
			-0.5822	-0.4833	0.6537
			-0.5347	-0.378	-0.7557
			0.6124	-0.7896	-0.0384
			0.5822	0.4833	-0.6537
		b:
			265.6689
			-387.1496
			-107.9132
			-557.7097
			434.3387
			-207.4173
			520.8547
			-160.8255
			-176.9647
			-518.8547
			162.8255
			179.9647
	==================================================================================
	Q6:
		Shape: Hybrid
		q_c:	478.0	159.5	270.5
		ub :	481.1176	162.3307	273.3894
		lb :	474.8824	156.6693	267.6106
		P^-1:
			0.3107	-0.0897	-0.0085
			-0.0897	0.3825	0.0126
			-0.0085	0.0126	0.2512
		A:
			0.66	0.3982	0.6371
			0.454	0.6753	-0.5812
			0.0635	-0.9963	0.0586
			0.347	-0.9273	0.1404
			-0.6426	0.4435	0.6249
			0.0451	0.2877	0.9567
		b:
			552.5614
			168.728
			-111.8188
			56.7561
			-66.4284
			327.4552


===========================================================================================
===========================================================================================
S3:
	q_c:	357.5	419.0	178.0
	ub :	377.3248	438.1872	192.6736
	lb :	343.0525	405.9921	165.4081

	==================================================================================
	Q1:
		Shape: Ellipse
		q_c:	358.5	414.5	178.5
		ub :	366.0003	423.0079	187.0039
		lb :	350.9997	405.9921	169.9961
		P^-1:
			0.0409	0.0055	-0.006
			0.0055	0.04	-0.0007
			-0.006	-0.0007	0.0416
	==================================================================================
	Q2:
		Shape: Polyhedra
		q_c:	368.0	420.0	170.0
		ub :	369.9355	422.6288	172.5184
		lb :	366.0645	417.3712	167.4816
		A:
			-0.6215	-0.2892	0.7281
			0.2217	0.9323	0.2857
			0.4137	-0.8336	-0.3659
			-0.5425	0.3162	0.7783
			0.8256	-0.211	-0.5234
			0.8427	0.2019	-0.499
			0.6537	0.4257	0.6256
			-0.7497	0.2524	0.6117
			0.1026	-0.869	0.4842
			-0.6537	-0.4257	-0.6256
			0.7497	-0.2524	-0.6117
			-0.1026	0.869	-0.4842
		b:
			-225.0375
			523.4502
			-258.6202
			66.5214
			127.2271
			311.3023
			527.2343
			-64.9173
			-242.9129
			-524.2343
			66.9173
			246.9129
	==================================================================================
	Q3:
		Shape: Polyhedra
		q_c:	355.5	433.0	188.0
		ub :	360.0995	438.1872	192.6736
		lb :	350.9005	427.8128	183.3264
		A:
			-0.8705	0.3246	0.37
			-0.8006	0.4025	0.4438
			-0.5802	0.4803	0.6578
			-0.8966	-0.2184	-0.3852
			-0.8105	0.5833	0.0537
			-0.5817	-0.3952	-0.711
			0.2577	0.3072	0.9161
			-0.2583	0.9355	-0.241
			-0.9311	-0.1746	0.3204
			-0.2577	-0.3072	-0.9161
			0.2583	-0.9355	0.241
			0.9311	0.1746	-0.3204
		b:
			-96.1114
			-23.6376
			128.6032
			-482.6991
			-21.9058
			-508.564
			399.831
			271.9265
			-343.3435
			-393.831
			-263.9265
			349.3435
	==================================================================================
	Q4:
		Shape: Polyhedra
		q_c:	351.5	414.0	173.5
		ub :	359.9475	421.4985	181.5919
		lb :	343.0525	406.5015	165.4081
		A:
			0.5059	0.0082	0.8626
			0.1991	0.8505	-0.4867
			-0.8905	0.4387	0.1209
			0.489	0.6125	0.6211
			-0.9092	-0.3839	-0.1613
			-0.9229	-0.3551	-0.1488
			0.6999	0.6187	0.3567
			0.5356	-0.7851	0.3109
			0.4725	-0.0266	-0.881
			-0.6999	-0.6187	-0.3567
			-0.5356	0.7851	-0.3109
			-0.4725	0.0266	0.881
		b:
			335.9734
			343.5526
			-104.1044
			536.5766
			-502.9132
			-493.5487
			567.0773
			-75.8397
			7.715
			-561.0773
			89.8397
			3.285
	==================================================================================
	Q5:
		Shape: Polyhedra
		q_c:	369.5	424.5	176.0
		ub :	377.3248	431.0111	183.8835
		lb :	361.6752	417.9889	168.1165
		A:
			0.6224	-0.7021	0.346
			0.0797	-0.3985	0.9137
			-0.4428	-0.8498	0.286
			-0.0467	0.9925	-0.113
			0.2716	-0.742	0.6129
			-0.5059	0.7966	-0.3307
			0.0635	0.3185	0.9458
			0.1295	0.937	-0.3243
			-0.9895	0.1431	0.0183
			-0.0635	-0.3185	-0.9458
			-0.1295	-0.937	0.3243
			0.9895	-0.1431	-0.0183
		b:
			-1.5728
			26.8299
			-470.018
			388.0403
			-102.0701
			98.1408
			332.1563
			392.0463
			-294.6814
			-318.1563
			-385.0463
			308.6814
	==================================================================================
	Q6:
		Shape: Hybrid
		q_c:	366.0	423.5	184.5
		ub :	374.1003	432.311	192.6006
		lb :	357.8997	414.689	176.3994
		P^-1:
			0.0533	0.0151	0.02
			0.0151	0.0438	0.0173
			0.02	0.0173	0.0412
		A:
			-0.9131	0.3832	-0.1394
			0.0768	-0.56	-0.8249
			0.2049	0.927	-0.314
			0.4801	0.0112	0.8771
			-0.2605	-0.9474	-0.1858
			0.8846	0.2376	0.4012
		b:
			-194.245
			-358.0982
			413.7
			345.2896
			-527.9581
			500.5292


===========================================================================================
===========================================================================================
S4:
	q_c:	313.0	413.5	345.5
	ub :	321.4281	440.139	358.2089
	lb :	291.7013	393.5321	322.0882

	==================================================================================
	Q1:
		Shape: Ellipse
		q_c:	309.5	430.5	349.5
		ub :	317.2341	440.139	358.2089
		lb :	301.7659	420.861	340.7911
		P^-1:
			0.1086	0.0442	0.0507
			0.0442	0.0426	0.0254
			0.0507	0.0254	0.0496
	==================================================================================
	Q2:
		Shape: Polyhedra
		q_c:	300.5	420.5	331.0
		ub :	309.2987	427.918	339.3759
		lb :	291.7013	413.082	322.6241
		A:
			0.4652	0.2551	-0.8477
			0.8655	0.4975	0.058
			0.3215	-0.3147	-0.8931
			0.8008	0.1836	0.5701
			-0.0596	0.0841	-0.9947
			0.8758	0.2097	-0.4348
			0.3065	0.9162	0.258
			0.8076	-0.1069	-0.58
			-0.5038	0.3861	-0.7727
			-0.3065	-0.9162	-0.258
			-0.8076	0.1069	0.58
			0.5038	-0.3861	0.7727
		b:
			-27.8978
			494.0899
			-325.6328
			511.5133
			-306.8142
			213.3612
			568.2749
			11.7571
			-240.3118
			-557.2749
			0.2429
			249.3118
	==================================================================================
	Q3:
		Shape: Hybrid
		q_c:	313.5	407.0	341.5
		ub :	321.0855	414.7483	350.0393
		lb :	305.9145	399.2517	332.9607
		P^-1:
			0.0766	0.0435	0.047
			0.0435	0.0621	0.0431
			0.047	0.0431	0.0727
		A:
			-0.1533	-0.3514	-0.9236
			0.0959	0.4617	0.8818
			-0.5704	-0.277	0.7733
			-0.921	-0.0161	-0.3892
			0.7456	0.2637	0.6119
			0.4379	0.7299	0.5249
		b:
			-503.7263
			521.8515
			-22.6086
			-425.1925
			551.8778
			615.3025
	==================================================================================
	Q4:
		Shape: Hybrid
		q_c:	312.5	402.5	332.0
		ub :	321.4281	411.4679	341.9118
		lb :	303.5719	393.5321	322.0882
		P^-1:
			0.0363	0.0087	0.0019
			0.0087	0.034	0.0113
			0.0019	0.0113	0.0325
		A:
			0.0883	-0.9041	0.4181
			-0.2296	0.2345	0.9446
			-0.708	0.7029	-0.0682
			0.7675	0.6146	-0.1824
			0.2929	0.6084	0.7376
			0.2621	-0.1151	-0.9581
		b:
			-192.9948
			339.4433
			43.2218
			429.589
			583.6868
			-279.1234
	==================================================================================
	Q5:
		Shape: Ellipse
		q_c:	303.0	416.5	337.0
		ub :	311.7914	424.3449	346.1403
		lb :	294.2086	408.6551	327.8597
		P^-1:
			0.0644	0.0381	0.0186
			0.0381	0.0783	-0.0042
			0.0186	-0.0042	0.0334
	==================================================================================
	Q6:
		Shape: Ellipse
		q_c:	306.0	418.5	345.5
		ub :	312.1448	426.6362	352.9752
		lb :	299.8552	410.3638	338.0248
		P^-1:
			0.0616	0.0046	-0.0032
			0.0046	0.0397	0.0158
			-0.0032	0.0158	0.0515


===========================================================================================
===========================================================================================
S5:
	q_c:	440.0	428.5	491.0
	ub :	453.9178	443.2348	504.3405
	lb :	428.8814	416.4446	479.1637

	==================================================================================
	Q1:
		Shape: Ellipse
		q_c:	446.5	422.0	491.0
		ub :	453.9178	427.5554	498.6497
		lb :	439.0822	416.4446	483.3503
		P^-1:
			0.0787	-0.0403	0.0467
			-0.0403	0.0875	-0.034
			0.0467	-0.034	0.071
	==================================================================================
	Q2:
		Shape: Hybrid
		q_c:	436.0	436.5	489.0
		ub :	443.1186	443.2348	495.1176
		lb :	428.8814	429.7652	482.8824
		P^-1:
			0.0593	0.0078	0.0008
			0.0078	0.0434	-0.002
			0.0008	-0.002	0.0623
		A:
			-0.9071	0.3464	-0.2393
			0.9277	-0.3645	0.0808
			0.848	-0.204	-0.4891
			0.612	-0.0289	-0.7903
			0.0174	0.6626	0.7488
			0.2541	0.1947	-0.9474
		b:
			-358.8875
			287.3551
			43.8519
			-130.1568
			665.4457
			-265.4757
	==================================================================================
	Q3:
		Shape: Hybrid
		q_c:	441.0	434.5	492.5
		ub :	444.0931	439.4555	497.6183
		lb :	437.9069	429.5445	487.3817
		P^-1:
			0.2195	0.0338	0.0259
			0.0338	0.1444	0.0614
			0.0259	0.0614	0.1085
		A:
			-0.9775	-0.159	-0.1383
			-0.3457	-0.4857	-0.8028
			-0.8571	-0.2904	0.4256
			-0.5039	0.1151	0.8561
			0.482	0.3195	0.8158
			0.6056	0.2623	-0.7513
		b:
			-567.2122
			-757.4428
			-292.7344
			251.545
			754.79
			13.3947
	==================================================================================
	Q4:
		Shape: Hybrid
		q_c:	437.0	431.0	488.5
		ub :	443.0036	435.1792	494.4754
		lb :	430.9964	426.8208	482.5246
		P^-1:
			0.0763	0.0092	0.0151
			0.0092	0.1078	0.0023
			0.0151	0.0023	0.058
		A:
			-0.9744	-0.1724	0.1444
			-0.5554	-0.8076	0.1983
			-0.2536	-0.7479	-0.6135
			-0.1456	-0.742	0.6544
			0.3088	0.6613	0.6836
			0.6229	-0.7764	-0.0958
		b:
			-427.2548
			-492.0925
			-730.9866
			-61.5611
			755.8577
			-107.1415
	==================================================================================
	Q5:
		Shape: Ellipse
		q_c:	445.5	433.5	499.5
		ub :	450.9473	439.9195	504.3405
		lb :	440.0527	427.0805	494.6595
		P^-1:
			0.1305	-0.0504	-0.0029
			-0.0504	0.0676	-0.0233
			-0.0029	-0.0233	0.1061
	==================================================================================
	Q6:
		Shape: Hybrid
		q_c:	443.0	431.0	484.5
		ub :	449.4292	436.0058	489.8363
		lb :	436.5708	425.9942	479.1637
		P^-1:
			0.0567	0.0035	0.0364
			0.0035	0.5628	0.469
			0.0364	0.469	0.4952
		A:
			0.3636	0.5865	0.7237
			-0.0083	-0.8534	-0.5212
			0.3727	-0.8303	-0.4144
			-0.1268	0.8607	0.4931
			-0.0751	-0.7475	-0.66
			-0.1078	-0.594	-0.7972
		b:
			765.7218
			-623.1785
			-392.1204
			554.5391
			-674.6706
			-689.3066


===========================================================================================
===========================================================================================
S6:
	q_c:	81.0	374.0	88.5
	ub :	86.3637	387.4301	100.4601
	lb :	69.0012	365.1932	78.372

	==================================================================================
	Q1:
		Shape: Ellipse
		q_c:	81.0	382.0	89.0
		ub :	86.3637	387.4301	93.3707
		lb :	75.6363	376.5699	84.6293
		P^-1:
			0.1227	0.0887	0.0507
			0.0887	0.1567	0.0079
			0.0507	0.0079	0.1705
	==================================================================================
	Q2:
		Shape: Polyhedra
		q_c:	79.5	381.0	86.5
		ub :	84.8531	385.1234	91.9822
		lb :	74.1469	376.8766	81.0178
		A:
			-0.1796	-0.0652	-0.9816
			0.3096	-0.8696	-0.3845
			0.0585	-0.8787	0.4738
			0.382	-0.9009	-0.2059
			0.104	-0.9428	0.3168
			0.1601	0.8931	-0.4203
			0.5621	0.7264	0.3955
			0.6364	-0.6853	0.3541
			0.5282	0.0526	-0.8475
			-0.5621	-0.7264	-0.3955
			-0.6364	0.6853	-0.3541
			-0.5282	-0.0526	0.8475
		b:
			-120.4608
			-336.9068
			-286.4048
			-327.9467
			-320.9068
			319.7505
			359.1473
			-177.8657
			-7.2601
			-352.1473
			181.8657
			15.2601
	==================================================================================
	Q3:
		Shape: Hybrid
		q_c:	75.5	377.5	95.5
		ub :	81.0631	383.2816	100.4601
		lb :	69.9369	371.7184	90.5399
		P^-1:
			0.0886	-0.0069	-0.0105
			-0.0069	0.0884	0.0103
			-0.0105	0.0103	0.0974
		A:
			-0.9142	-0.3844	0.1282
			-0.5018	0.7515	0.4283
			-0.7368	-0.638	-0.2238
			-0.0443	0.7027	0.7101
			-0.8117	-0.5641	0.1516
			-0.3491	-0.5089	-0.7869
		b:
			-199.9613
			288.2909
			-315.8377
			331.3599
			-257.7929
			-291.8212
	==================================================================================
	Q4:
		Shape: Ellipse
		q_c:	74.5	379.5	83.0
		ub :	79.757	384.9354	87.628
		lb :	69.243	374.0646	78.372
		P^-1:
			0.0838	0.0063	0.0113
			0.0063	0.0995	0.0323
			0.0113	0.0323	0.1399
	==================================================================================
	Q5:
		Shape: Hybrid
		q_c:	74.5	383.0	90.5
		ub :	78.0105	385.4762	93.6347
		lb :	70.9895	380.5238	87.3653
		P^-1:
			0.115	0.0376	-0.0093
			0.0376	0.7954	-0.3598
			-0.0093	-0.3598	0.3607
		A:
			-0.2639	-0.7142	0.6483
			0.0185	-0.6702	0.742
			-0.5868	-0.8018	-0.113
			0.1878	0.9614	0.2009
			0.0469	0.6455	-0.7624
			0.0723	0.9747	-0.2114
		b:
			-233.7117
			-187.4145
			-359.42
			401.7293
			182.4934
			360.2899
	==================================================================================
	Q6:
		Shape: Ellipse
		q_c:	73.5	369.5	92.5
		ub :	77.9988	373.8068	97.2992
		lb :	69.0012	365.1932	87.7008
		P^-1:
			0.0896	0.0149	0.0176
			0.0149	0.1372	0.0204
			0.0176	0.0204	0.1259


===========================================================================================
===========================================================================================
S7:
	q_c:	490.5	309.0	17.5
	ub :	513.5037	334.8156	33.7801
	lb :	472.2754	290.2991	-3.3994

	==================================================================================
	Q1:
		Shape: Ellipse
		q_c:	488.0	299.5	5.5
		ub :	496.4509	308.7009	14.3994
		lb :	479.5491	290.2991	-3.3994
		P^-1:
			0.0395	0.0027	0.008
			0.0027	0.0324	0.0064
			0.008	0.0064	0.0383
	==================================================================================
	Q2:
		Shape: Ellipse
		q_c:	499.0	307.5	15.0
		ub :	510.1627	317.253	22.7481
		lb :	487.8373	297.747	7.2519
		P^-1:
			0.0279	-0.0184	-0.0009
			-0.0184	0.0328	-0.0046
			-0.0009	-0.0046	0.0329
	==================================================================================
	Q3:
		Shape: Polyhedra
		q_c:	503.5	312.5	15.5
		ub :	513.5037	320.7693	26.0826
		lb :	493.4963	304.2307	4.9174
		A:
			-0.6486	0.6743	-0.3531
			0.475	-0.4885	0.7319
			-0.5631	-0.5536	0.6136
			-0.5258	0.8187	-0.231
			-0.1777	-0.4071	0.8959
			0.7632	-0.373	0.5276
			0.6698	0.378	0.6391
			-0.1675	0.9155	-0.3659
			-0.7234	0.1381	0.6765
			-0.6698	-0.378	-0.6391
			0.1675	-0.9155	0.3659
			0.7234	-0.1381	-0.6765
		b:
			-115.5505
			103.5309
			-440.5892
			-6.7752
			-196.5325
			281.7236
			471.2681
			201.5946
			-303.6143
			-459.2681
			-190.5946
			317.6143
	==================================================================================
	Q4:
		Shape: Polyhedra
		q_c:	489.0	316.5	11.0
		ub :	500.8959	328.159	22.7411
		lb :	477.1041	304.841	-0.7411
		A:
			-0.5916	0.8059	-0.0242
			0.8551	-0.3698	0.3635
			0.9084	-0.4004	-0.1207
			0.0415	-0.9693	-0.2425
			-0.9034	-0.0178	0.4285
			0.0305	-0.9778	0.2074
			0.8378	0.5346	0.1109
			-0.3465	0.3635	0.8648
			0.422	-0.7629	0.4898
			-0.8378	-0.5346	-0.1109
			0.3465	-0.3635	-0.8648
			-0.422	0.7629	-0.4898
		b:
			-27.8724
			311.3339
			323.6805
			-281.6002
			-434.2187
			-286.1033
			587.6012
			-35.3737
			-24.218
			-572.6012
			54.3737
			35.218
	==================================================================================
	Q5:
		Shape: Ellipse
		q_c:	499.5	323.0	15.5
		ub :	510.1029	334.8156	27.4191
		lb :	488.8971	311.1844	3.5809
		P^-1:
			0.0281	-0.0114	-0.0042
			-0.0114	0.0261	0.0039
			-0.0042	0.0039	0.017
	==================================================================================
	Q6:
		Shape: Hybrid
		q_c:	480.0	300.5	24.0
		ub :	487.7246	306.5463	33.7801
		lb :	472.2754	294.4537	14.2199
		P^-1:
			0.0628	-0.0066	0.0295
			-0.0066	0.0496	0.0013
			0.0295	0.0013	0.0325
		A:
			0.776	-0.6214	0.1084
			0.8027	0.5748	0.1586
			0.8376	0.4943	0.2324
			-0.5088	0.3988	-0.763
			0.4303	0.8502	0.3034
			-0.4354	-0.2506	-0.8646
		b:
			190.8254
			564.9539
			558.9782
			-139.5807
			471.9484
			-301.6243


===========================================================================================
===========================================================================================
S8:
	q_c:	438.0	382.0	337.5
	ub :	454.7699	393.8044	357.6984
	lb :	419.1123	363.8719	311.8654

	==================================================================================
	Q1:
		Shape: Hybrid
		q_c:	431.0	379.0	323.0
		ub :	439.5803	388.5555	331.6736
		lb :	422.4197	369.4445	314.3264
		P^-1:
			0.0343	0.0058	0.0086
			0.0058	0.0396	-0.0189
			0.0086	-0.0189	0.0464
		A:
			-0.4261	-0.2396	-0.8724
			0.6151	-0.5706	0.5442
			-0.4763	-0.372	0.7967
			0.8756	-0.2793	0.3942
			0.3725	0.3939	0.8403
			0.1585	0.3561	-0.9209
		b:
			-552.9641
			227.4127
			-85.844
			402.0582
			584.9424
			-91.4976
	==================================================================================
	Q2:
		Shape: Ellipse
		q_c:	429.0	387.5	328.0
		ub :	434.5902	393.8044	334.1318
		lb :	423.4098	381.1956	321.8682
		P^-1:
			0.135	-0.0423	-0.0298
			-0.0423	0.0884	-0.0505
			-0.0298	-0.0505	0.1243
	==================================================================================
	Q3:
		Shape: Hybrid
		q_c:	438.5	385.5	351.5
		ub :	444.77	390.9383	357.6984
		lb :	432.23	380.0617	345.3016
		P^-1:
			0.0938	0.046	0.0074
			0.046	0.1024	0.0383
			0.0074	0.0383	0.0854
		A:
			-0.0097	0.8378	0.5459
			0.7437	0.6503	-0.155
			0.0394	0.6152	0.7874
			0.8148	0.4539	-0.3606
			0.8619	0.1035	-0.4964
			0.959	0.0462	-0.2795
		b:
			512.405
			524.0069
			532.8687
			407.4499
			245.5402
			342.3833
	==================================================================================
	Q4:
		Shape: Hybrid
		q_c:	427.0	373.5	319.0
		ub :	434.8877	379.7733	326.1346
		lb :	419.1123	367.2267	311.8654
		P^-1:
			0.0494	0.0663	0.0277
			0.0663	0.1944	0.0714
			0.0277	0.0714	0.0535
		A:
			0.5861	0.7773	0.2285
			0.3698	0.9239	0.098
			-0.4762	-0.5818	-0.6593
			-0.1473	0.948	0.282
			0.5568	-0.8245	0.1011
			-0.7146	-0.6955	-0.0746
		b:
			615.2083
			535.8556
			-628.681
			383.7565
			-33.2024
			-586.1034
	==================================================================================
	Q5:
		Shape: Hybrid
		q_c:	447.5	373.0	332.0
		ub :	454.7699	380.6901	340.1704
		lb :	440.2301	365.3099	323.8296
		P^-1:
			0.0597	0.0177	0.005
			0.0177	0.0511	0.019
			0.005	0.019	0.048
		A:
			0.7515	-0.6299	-0.1961
			-0.4451	-0.5611	-0.6979
			0.8637	0.5026	-0.0376
			-0.89	-0.2037	-0.4079
			-0.8339	-0.5514	0.024
			-0.5727	-0.5639	-0.595
		b:
			39.5176
			-638.2731
			563.5994
			-607.3675
			-568.7818
			-662.3468
	==================================================================================
	Q6:
		Shape: Polyhedra
		q_c:	445.0	373.0	329.5
		ub :	453.0373	382.1281	336.6841
		lb :	436.9627	363.8719	322.3159
		A:
			-0.441	-0.6465	0.6226
			-0.6562	-0.4993	0.5657
			-0.6889	-0.2525	0.6794
			0.5334	0.5218	-0.6657
			0.1279	-0.545	0.8286
			-0.5475	-0.3471	0.7614
			0.3603	0.6162	0.7004
			-0.5238	-0.4876	0.6984
			0.7719	-0.6185	0.1471
			-0.3603	-0.6162	-0.7004
			0.5238	0.4876	-0.6984
			-0.7719	0.6185	-0.1471
		b:
			-230.5833
			-290.1801
			-174.8693
			213.7347
			130.8151
			-120.7195
			628.9293
			-183.8525
			167.247
			-612.9293
			185.8525
			-155.247


===========================================================================================
===========================================================================================
S9:
	q_c:	178.5	475.0	174.5
	ub :	193.8914	501.2937	197.3894
	lb :	150.0967	459.6731	152.5802

	==================================================================================
	Q1:
		Shape: Polyhedra
		q_c:	189.5	482.0	185.0
		ub :	193.8914	486.9244	189.3235
		lb :	185.1086	477.0756	180.6765
		A:
			-0.7108	0.6784	0.1857
			0.036	0.0614	-0.9975
			0.6214	-0.7835	0.0037
			0.1927	0.4433	0.8754
			-0.413	-0.8647	-0.2858
			-0.2983	-0.725	-0.6208
			0.9415	0.191	0.2776
			0.0305	-0.8687	0.4944
			0.3356	-0.457	-0.8237
			-0.9415	-0.191	-0.2776
			-0.0305	0.8687	-0.4944
			-0.3356	0.457	0.8237
		b:
			229.7
			-145.4669
			-255.8034
			414.5719
			-544.3761
			-517.9204
			325.8445
			-317.4725
			-307.5806
			-317.8445
			325.4725
			310.5806
	==================================================================================
	Q2:
		Shape: Polyhedra
		q_c:	172.5	490.0	177.0
		ub :	184.1987	501.2937	187.3713
		lb :	160.8013	478.7063	166.6287
		A:
			-0.9675	0.2511	-0.0287
			-0.833	-0.4431	-0.3314
			0.1351	-0.9761	-0.1701
			-0.6634	0.6437	0.3814
			-0.9246	0.0594	0.3764
			0.9873	-0.113	-0.1115
			0.6409	0.6642	0.3848
			0.6992	-0.712	0.0645
			0.3169	0.2277	-0.9207
			-0.6409	-0.6642	-0.3848
			-0.6992	0.712	-0.0645
			-0.3169	-0.2277	0.9207
		b:
			-42.3742
			-411.6134
			-478.2379
			274.8313
			-56.7863
			102.0292
			512.1326
			-210.8522
			10.7735
			-496.1326
			222.8522
			4.2265
	==================================================================================
	Q3:
		Shape: Ellipse
		q_c:	181.5	468.5	188.0
		ub :	188.6286	477.3269	197.2637
		lb :	174.3714	459.6731	178.7363
		P^-1:
			0.0446	-0.0049	-0.0075
			-0.0049	0.0323	-0.0004
			-0.0075	-0.0004	0.0333
	==================================================================================
	Q4:
		Shape: Polyhedra
		q_c:	167.0	487.5	184.5
		ub :	173.6748	495.3483	193.4322
		lb :	160.3252	479.6517	175.5678
		A:
			-0.3117	-0.845	-0.4345
			0.7907	0.4496	0.4154
			-0.6834	-0.6502	-0.3319
			0.4439	0.7434	0.5003
			0.8387	0.5438	0.0296
			-0.3404	0.5211	0.7827
			0.7036	0.6648	0.251
			0.6146	-0.392	-0.6845
			-0.3567	0.6359	-0.6844
			-0.7036	-0.6648	-0.251
			-0.6146	0.392	0.6845
			0.3567	-0.6359	0.6844
		b:
			-541.5714
			430.5633
			-490.7589
			531.0079
			412.5453
			345.931
			489.4048
			-210.2612
			132.1453
			-486.4048
			219.2612
			-116.1453
	==================================================================================
	Q5:
		Shape: Hybrid
		q_c:	166.0	476.0	186.5
		ub :	178.4642	486.0297	197.3894
		lb :	153.5358	465.9703	175.6106
		P^-1:
			0.0202	0.0121	0.0217
			0.0121	0.0277	0.0261
			0.0217	0.0261	0.0561
		A:
			-0.3651	-0.3704	-0.8541
			-0.5808	-0.7975	-0.1635
			-0.7067	0.4407	-0.5536
			-0.5859	-0.402	-0.7037
			-0.4861	-0.0109	-0.8738
			-0.3526	-0.7314	-0.5837
		b:
			-394.3084
			-501.2178
			-4.4014
			-417.4499
			-245.3698
			-512.8125
	==================================================================================
	Q6:
		Shape: Polyhedra
		q_c:	160.5	477.0	164.0
		ub :	170.9033	486.842	175.4198
		lb :	150.0967	467.158	152.5802
		A:
			-0.701	0.7132	0.0075
			-0.8106	-0.5274	-0.2544
			-0.5273	-0.18	-0.8304
			0.3326	-0.9149	0.2287
			-0.3823	-0.0294	-0.9236
			0.7657	-0.1474	0.6261
			0.7749	0.6051	0.1827
			0.4357	-0.7208	0.5392
			0.4579	-0.3382	-0.8221
			-0.7749	-0.6051	-0.1827
			-0.4357	0.7208	-0.5392
			-0.4579	0.3382	0.8221
		b:
			235.689
			-418.3943
			-300.2477
			-340.0587
			-219.91
			160.3228
			447.9686
			-180.4507
			-213.148
			-437.9686
			190.4507
			232.148


===========================================================================================
===========================================================================================
S10:
	q_c:	470.5	70.0	82.0
	ub :	483.0967	84.9558	94.9929
	lb :	458.9388	60.3996	69.0613

	==================================================================================
	Q1:
		Shape: Ellipse
		q_c:	477.5	80.0	89.0
		ub :	483.0967	84.9558	94.9929
		lb :	471.9033	75.0442	83.0071
		P^-1:
			0.1213	-0.0792	0.0361
			-0.0792	0.1691	-0.0486
			0.0361	-0.0486	0.0846
	==================================================================================
	Q2:
		Shape: Ellipse
		q_c:	473.0	78.0	76.0
		ub :	479.9501	82.2329	82.9387
		lb :	466.0499	73.7671	69.0613
		P^-1:
			0.0749	-0.0705	0.0159
			-0.0705	0.2163	-0.0263
			0.0159	-0.0263	0.0482
	==================================================================================
	Q3:
		Shape: Hybrid
		q_c:	464.5	74.5	80.0
		ub :	470.0612	80.4897	86.373
		lb :	458.9388	68.5103	73.627
		P^-1:
			0.0941	-0.0	0.024
			-0.0	0.0522	0.0064
			0.024	0.0064	0.0766
		A:
			0.3563	0.3904	0.8489
			-0.187	-0.9823	0.0142
			0.4487	-0.8822	0.1429
			0.2523	0.8048	0.5373
			-0.6522	-0.2111	0.728
			0.716	-0.0988	0.691
		b:
			264.401
			-155.996
			156.7772
			222.5028
			-257.7586
			382.11
	==================================================================================
	Q4:
		Shape: Hybrid
		q_c:	463.5	68.0	78.5
		ub :	466.7609	71.7125	82.2826
		lb :	460.2391	64.2875	74.7174
		P^-1:
			0.2266	0.0206	0.0347
			0.0206	0.1182	0.0199
			0.0347	0.0199	0.1763
		A:
			-0.9703	-0.2221	0.0956
			0.9669	0.234	0.1017
			-0.6977	0.4152	0.5839
			-0.9347	-0.0713	-0.3481
			-0.8541	0.3799	-0.3553
			0.7497	-0.656	-0.0878
		b:
			-456.1743
			473.1368
			-247.7706
			-464.3989
			-396.5756
			297.6219
	==================================================================================
	Q5:
		Shape: Ellipse
		q_c:	479.5	66.0	78.0
		ub :	482.9894	71.6004	82.5051
		lb :	476.0106	60.3996	73.4949
		P^-1:
			0.206	-0.0174	-0.0623
			-0.0174	0.0452	0.0236
			-0.0623	0.0236	0.1499
	==================================================================================
	Q6:
		Shape: Hybrid
		q_c:	473.0	64.0	90.5
		ub :	477.4959	67.3803	94.3697
		lb :	468.5041	60.6197	86.6303
		P^-1:
			0.1015	-0.0686	0.0917
			-0.0686	0.2713	-0.1233
			0.0917	-0.1233	0.2942
		A:
			-0.4409	-0.1126	-0.8905
			-0.0857	-0.0428	-0.9954
			-0.0725	0.3682	-0.9269
			0.6508	-0.4645	0.6006
			-0.5181	0.8553	-0.005
			-0.0916	-0.0337	-0.9952
		b:
			-294.9526
			-131.9487
			-93.4826
			333.7489
			-189.1457
			-134.1263


===========================================================================================
===========================================================================================
S11:
	q_c:	401.0	277.0	180.0
	ub :	417.4673	292.385	197.8186
	lb :	384.4257	262.0323	165.736

	==================================================================================
	Q1:
		Shape: Ellipse
		q_c:	394.5	276.0	174.5
		ub :	402.7038	283.852	183.264
		lb :	386.2962	268.148	165.736
		P^-1:
			0.048	0.021	0.0183
			0.021	0.0556	0.0082
			0.0183	0.0082	0.0417
	==================================================================================
	Q2:
		Shape: Ellipse
		q_c:	392.5	269.5	189.5
		ub :	400.5743	276.9677	197.8186
		lb :	384.4257	262.0323	181.1814
		P^-1:
			0.043	-0.0026	0.0075
			-0.0026	0.0483	0.003
			0.0075	0.003	0.0405
	==================================================================================
	Q3:
		Shape: Hybrid
		q_c:	411.0	281.0	176.5
		ub :	417.4673	287.0151	182.8407
		lb :	404.5327	274.9849	170.1593
		P^-1:
			0.0406	-0.0004	0.0022
			-0.0004	0.0403	-0.0015
			0.0022	-0.0015	0.0485
		A:
			-0.6458	0.2694	0.7144
			0.5796	-0.5924	-0.5596
			-0.2009	-0.4358	-0.8774
			0.0153	0.7739	0.6331
			0.6741	0.691	-0.2609
			-0.3402	0.358	-0.8695
		b:
			-60.9767
			-24.2984
			-357.43
			338.1422
			427.9134
			-190.4153
	==================================================================================
	Q4:
		Shape: Ellipse
		q_c:	399.0	285.0	179.5
		ub :	406.4925	292.385	188.163
		lb :	391.5075	277.615	170.837
		P^-1:
			0.0965	0.0831	0.0608
			0.0831	0.1242	0.0754
			0.0608	0.0754	0.0808
	==================================================================================
	Q5:
		Shape: Polyhedra
		q_c:	392.5	278.0	188.0
		ub :	398.0587	282.7812	192.7025
		lb :	386.9413	273.2188	183.2975
		A:
			-0.9615	0.1875	0.2008
			-0.1187	-0.7616	-0.6371
			0.5903	0.8035	-0.0769
			0.8444	0.528	0.0904
			-0.18	0.7744	0.6065
			-0.6352	-0.5279	0.5637
			0.2611	0.621	0.7391
			-0.0271	-0.7606	0.6486
			0.9649	-0.1894	-0.1818
			-0.2611	-0.621	-0.7391
			0.0271	0.7606	-0.6486
			-0.9649	0.1894	0.1818
		b:
			-282.537
			-375.5061
			443.9282
			499.1804
			261.8027
			-286.2464
			416.5601
			-97.1407
			296.9081
			-411.5601
			103.1407
			-286.9081
	==================================================================================
	Q6:
		Shape: Hybrid
		q_c:	409.0	276.5	182.5
		ub :	416.3601	283.1446	190.4272
		lb :	401.6399	269.8554	174.5728
		P^-1:
			0.0476	-0.002	-0.003
			-0.002	0.047	-0.0035
			-0.003	-0.0035	0.0441
		A:
			-0.6191	-0.6357	0.4611
			-0.6638	-0.1611	-0.7303
			0.6984	-0.686	-0.204
			0.7801	-0.3205	0.5374
			0.9528	-0.1327	-0.273
			-0.8993	0.3004	-0.3178
		b:
			-342.5282
			-446.6583
			61.0227
			330.9346
			305.4453
			-340.3889


===========================================================================================
===========================================================================================
S12:
	q_c:	334.5	446.0	406.0
	ub :	350.0506	455.5495	423.9664
	lb :	321.9637	429.8084	391.574

	==================================================================================
	Q1:
		Shape: Ellipse
		q_c:	337.0	439.0	398.0
		ub :	343.334	445.338	404.426
		lb :	330.666	432.662	391.574
		P^-1:
			0.0469	-0.0101	0.0188
			-0.0101	0.0464	-0.0276
			0.0188	-0.0276	0.0908
	==================================================================================
	Q2:
		Shape: Hybrid
		q_c:	332.0	436.5	413.0
		ub :	338.4447	443.1916	418.929
		lb :	325.5553	429.8084	407.071
		P^-1:
			0.0987	0.0436	-0.0213
			0.0436	0.0642	-0.0394
			-0.0213	-0.0394	0.1065
		A:
			0.0394	0.9628	-0.2672
			-0.44	-0.3928	-0.8075
			0.7816	0.6113	0.1238
			-0.0538	-0.3008	0.9522
			-0.9115	-0.1633	-0.3776
			0.9777	0.2085	0.023
		b:
			326.3852
			-648.3049
			579.4657
			245.7512
			-527.6353
			427.1706
	==================================================================================
	Q3:
		Shape: Polyhedra
		q_c:	344.0	444.5	412.5
		ub :	350.0506	450.6888	417.4575
		lb :	337.9494	438.3112	407.5425
		A:
			-0.1224	-0.635	0.7628
			-0.3016	-0.6786	0.6698
			-0.8963	-0.3419	-0.2825
			-0.1738	0.9701	-0.1693
			-0.8217	-0.5691	-0.0324
			-0.0843	0.833	0.5469
			0.3793	0.6252	0.6821
			0.5502	0.4403	-0.7095
			-0.7439	0.6444	-0.177
			-0.3793	-0.6252	-0.6821
			-0.5502	-0.4403	0.7095
			0.7439	-0.6444	0.177
		b:
			-6.6907
			-126.3038
			-573.1876
			305.5762
			-545.8065
			570.6204
			693.2421
			94.8298
			-37.9674
			-686.2421
			-89.8298
			46.9674
	==================================================================================
	Q4:
		Shape: Polyhedra
		q_c:	334.0	449.5	411.5
		ub :	340.2747	455.5495	416.7257
		lb :	327.7253	443.4505	406.2743
		A:
			-0.2766	-0.9604	0.0331
			-0.2596	0.2335	-0.9371
			-0.8769	-0.0216	0.4801
			0.4157	-0.8137	-0.4063
			-0.6122	-0.2797	-0.7396
			0.0278	0.7845	0.6195
			0.6915	0.7211	0.0431
			0.7058	-0.6871	0.1724
			0.1539	-0.0888	-0.9841
			-0.6915	-0.7211	-0.0431
			-0.7058	0.6871	-0.1724
			-0.1539	0.0888	0.9841
		b:
			-506.2006
			-363.0549
			-100.7833
			-390.2024
			-630.1588
			621.2029
			577.3226
			1.3065
			-388.9564
			-568.3226
			5.6935
			397.9564
	==================================================================================
	Q5:
		Shape: Hybrid
		q_c:	329.5	439.0	403.5
		ub :	337.0363	446.7362	411.9588
		lb :	321.9637	431.2638	395.0412
		P^-1:
			0.0339	0.0009	0.0021
			0.0009	0.0399	-0.0003
			0.0021	-0.0003	0.0392
		A:
			0.5816	0.8111	-0.0616
			0.575	-0.4469	-0.6853
			0.0594	-0.0584	0.9965
			0.1333	0.8926	0.4306
			0.4361	0.4642	-0.771
			-0.446	0.816	0.3678
		b:
			525.5001
			-280.4439
			398.5512
			612.0425
			39.071
			362.398
	==================================================================================
	Q6:
		Shape: Hybrid
		q_c:	331.5	445.0	417.0
		ub :	340.8437	453.2178	423.9664
		lb :	322.1563	436.7822	410.0336
		P^-1:
			0.0343	0.0366	-0.0348
			0.0366	0.1226	-0.1059
			-0.0348	-0.1059	0.1412
		A:
			0.4282	0.8887	-0.164
			-0.605	-0.6245	0.4939
			0.1247	-0.9832	-0.1331
			-0.2615	-0.9179	0.2984
			0.6549	0.7324	0.1862
			-0.0213	-0.9974	0.0693
		b:
			471.972
			-270.1932
			-446.9945
			-368.2884
			624.9802
			-418.2011


===========================================================================================
===========================================================================================
S13:
	q_c:	20.0	301.5	205.0
	ub :	23.5027	306.8506	209.724
	lb :	16.1917	297.0365	200.9923

	==================================================================================
	Q1:
		Shape: Ellipse
		q_c:	21.5	301.0	205.0
		ub :	23.5027	303.1634	207.3186
		lb :	19.4973	298.8366	202.6814
		P^-1:
			0.6565	-0.1916	0.1901
			-0.1916	0.6175	-0.1717
			0.1901	-0.1717	0.6149
	==================================================================================
	Q2:
		Shape: Hybrid
		q_c:	21.5	303.5	205.5
		ub :	23.2064	304.9	207.248
		lb :	19.7936	302.1	203.752
		P^-1:
			1.2559	0.7568	0.7734
			0.7568	2.7709	1.3399
			0.7734	1.3399	1.4177
		A:
			0.2125	-0.9642	-0.1585
			0.1658	-0.6118	-0.7734
			-0.9816	-0.0702	-0.1777
			-0.1226	-0.8211	-0.5574
			0.4157	-0.3285	-0.8481
			-0.9142	-0.347	-0.2092
		b:
			-320.1375
			-340.3925
			-78.1962
			-366.0828
			-264.0434
			-167.301
	==================================================================================
	Q3:
		Shape: Hybrid
		q_c:	22.0	304.0	205.0
		ub :	23.2313	306.8506	207.8685
		lb :	20.7687	301.1494	202.1315
		P^-1:
			3.66	-0.9165	-0.5652
			-0.9165	0.4963	0.1519
			-0.5652	0.1519	0.3437
		A:
			-0.9887	0.1252	0.0826
			0.8203	-0.2366	-0.5208
			0.9498	-0.2304	-0.2118
			0.8575	-0.3419	-0.3845
			0.9823	-0.1051	-0.1551
			0.8934	-0.4453	-0.0595
		b:
			33.5839
			-160.0002
			-92.3118
			-163.4317
			-41.811
			-127.5277
	==================================================================================
	Q4:
		Shape: Hybrid
		q_c:	19.0	301.5	207.5
		ub :	21.5164	303.7338	209.724
		lb :	16.4836	299.2662	205.276
		P^-1:
			0.6034	0.3546	0.0233
			0.3546	0.6499	0.1149
			0.0233	0.1149	0.4411
		A:
			0.3841	0.8925	0.2365
			-0.6407	-0.1786	-0.7467
			0.5754	-0.4957	-0.6505
			0.6088	0.752	0.2527
			-0.749	0.6111	-0.256
			0.7102	0.6917	0.1309
		b:
			326.074
			-219.9835
			-272.3816
			291.242
			118.3906
			249.7159
	==================================================================================
	Q5:
		Shape: Ellipse
		q_c:	20.0	299.5	203.5
		ub :	22.4202	301.9635	206.0077
		lb :	17.5798	297.0365	200.9923
		P^-1:
			0.6559	-0.1192	-0.3404
