3D_40_7_6_e                l = 3

===========================================================================================
===========================================================================================
S1:
	q_c:	67.0	274.5	206.0
	ub :	80.8035	291.4501	212.9548
	lb :	56.5217	259.7707	191.8698

	==================================================================================
	Q1:
		Shape: Polyhedra
		q_c:	66.5	267.0	205.0
		ub :	74.3179	274.2293	212.9548
		lb :	58.6821	259.7707	197.0452
		A:
			-0.8481	-0.5295	0.02
			-0.1985	-0.8423	-0.5011
			-0.9397	0.1061	0.325
			-0.432	-0.8207	-0.3739
			0.4547	0.0812	0.887
			0.3351	0.8569	-0.3918
			0.3415	0.7826	0.5205
			-0.7044	-0.1536	0.693
			0.6223	-0.6033	0.4988
			-0.3415	-0.7826	-0.5205
			0.7044	0.1536	-0.693
			-0.6223	0.6033	-0.4988
		b:
			-189.1667
			-336.3146
			37.0943
			-320.0077
			238.4683
			175.386
			342.8651
			58.7261
			-12.4602
			-333.8651
			-49.7261
			22.4602
	==================================================================================
	Q2:
		Shape: Polyhedra
		q_c:	74.5	274.0	201.5
		ub :	78.4906	278.2173	205.7976
		lb :	70.5094	269.7827	197.2024
		A:
			0.1075	0.8602	0.4986
			0.7457	0.6048	-0.2797
			0.88	0.1194	-0.4596
			-0.4728	-0.8542	-0.2165
			-0.539	-0.6215	0.5685
			-0.6481	0.3966	-0.6502
			0.5084	0.7481	0.4265
			0.7158	-0.0917	-0.6923
			-0.4787	0.6572	-0.5821
			-0.5084	-0.7481	-0.4265
			-0.7158	0.0917	0.6923
			0.4787	-0.6572	0.5821
		b:
			345.9285
			166.6299
			7.1996
			-311.155
			-93.3487
			-66.3283
			330.2933
			-109.7996
			31.6269
			-327.2933
			112.7996
			-22.6269
	==================================================================================
	Q3:
		Shape: Ellipse
		q_c:	74.5	283.0	204.0
		ub :	80.8035	290.4096	211.1579
		lb :	68.1965	275.5904	196.8421
		P^-1:
			0.0682	-0.0158	-0.0038
			-0.0158	0.0588	0.008
			-0.0038	0.008	0.044
	==================================================================================
	Q4:
		Shape: Polyhedra
		q_c:	68.5	285.5	206.5
		ub :	74.2115	291.4501	212.0942
		lb :	62.7885	279.5499	200.9058
		A:
			0.2225	0.7715	-0.596
			-0.3179	0.0223	-0.9478
			-0.7632	-0.5421	-0.3517
			-0.5062	0.6562	-0.5596
			0.7209	-0.5378	0.437
			-0.2378	-0.711	0.6618
			0.8838	0.3745	0.2806
			0.0337	-0.6489	0.7601
			0.4667	-0.6623	-0.5861
			-0.8838	-0.3745	-0.2806
			-0.0337	0.6489	-0.7601
			-0.4667	0.6623	0.5861
		b:
			115.6179
			-207.5759
			-275.2005
			40.3997
			-10.2912
			-79.4398
			229.8954
			-22.9928
			-274.6475
			-220.8954
			28.9928
			281.6475
	==================================================================================
	Q5:
		Shape: Ellipse
		q_c:	74.5	271.0	198.5
		ub :	78.8864	276.6964	204.7089
		lb :	70.1136	265.3036	192.2911
		P^-1:
			0.0805	0.0034	-0.0048
			0.0034	0.0712	0.0147
			-0.0048	0.0147	0.0609
	==================================================================================
	Q6:
		Shape: Polyhedra
		q_c:	64.0	280.5	199.0
		ub :	71.4783	287.238	206.1302
		lb :	56.5217	273.762	191.8698
		A:
			0.8824	0.2169	0.4176
			0.2142	-0.9108	0.3529
			0.0451	-0.8698	-0.4914
			-0.6735	0.597	-0.4358
			-0.8594	0.1835	-0.4772
			-0.9898	-0.0068	0.1425
			0.5373	0.7976	0.2742
			0.7352	-0.2836	-0.6157
			-0.4133	0.5324	-0.7388
			-0.5373	-0.7976	-0.2742
			-0.7352	0.2836	0.6157
			0.4133	-0.5324	0.7388
		b:
			204.5237
			-167.5033
			-334.504
			41.8072
			-94.3452
			-32.1974
			316.6724
			-150.021
			-20.1194
			-308.6724
			160.021
			28.1194


===========================================================================================
===========================================================================================
S2:
	q_c:	210.0	83.0	218.0
	ub :	231.9363	110.5689	230.4671
	lb :	188.1658	58.3853	198.1727

	==================================================================================
	Q1:
		Shape: Ellipse
		q_c:	221.0	80.0	207.5
		ub :	231.9363	90.8414	213.3319
		lb :	210.0637	69.1586	201.6681
		P^-1:
			0.0367	-0.0159	-0.0449
			-0.0159	0.0248	0.02
			-0.0449	0.02	0.1387
	==================================================================================
	Q2:
		Shape: Polyhedra
		q_c:	198.5	70.5	207.5
		ub :	206.1238	80.2769	216.8273
		lb :	190.8762	60.7231	198.1727
		A:
			-0.9352	-0.2976	0.1918
			-0.2572	0.9346	-0.2458
			-0.7659	0.6424	0.0253
			0.2447	-0.5163	-0.8207
			0.8179	-0.2128	-0.5345
			-0.4127	0.6132	-0.6735
			0.0051	0.4773	0.8787
			0.5358	0.7406	-0.4054
			-0.8443	0.4729	-0.252
			-0.0051	-0.4773	-0.8787
			-0.5358	-0.7406	0.4054
			0.8443	-0.4729	0.252
		b:
			-161.3266
			-30.6153
			-95.8883
			-151.6766
			42.2824
			-172.8602
			223.4943
			79.958
			-181.0428
			-210.4943
			-68.958
			192.0428
	==================================================================================
	Q3:
		Shape: Polyhedra
		q_c:	207.0	75.5	220.5
		ub :	212.9001	82.3768	227.0215
		lb :	201.0999	68.6232	213.9785
		A:
			-0.5581	-0.5576	0.6145
			-0.3568	-0.1873	0.9152
			-0.1123	-0.847	0.5196
			0.1803	-0.8634	0.4712
			0.3532	0.926	-0.1331
			-0.6168	-0.4331	0.6573
			0.0035	0.7706	0.6373
			0.1931	0.6248	-0.7565
			-0.9812	0.1257	-0.1466
			-0.0035	-0.7706	-0.6373
			-0.1931	-0.6248	0.7565
			0.9812	-0.1257	0.1466
		b:
			-18.9825
			117.3776
			30.4589
			79.6732
			118.0639
			-12.0733
			205.4349
			-77.1728
			-220.4369
			-193.4349
			82.1728
			231.4369
	==================================================================================
	Q4:
		Shape: Polyhedra
		q_c:	209.5	68.0	214.5
		ub :	218.9013	77.6147	222.0936
		lb :	200.0987	58.3853	206.9064
		A:
			0.4392	0.2625	0.8592
			0.4767	-0.6066	0.6363
			0.8922	-0.016	0.4514
			0.3811	0.4084	0.8295
			-0.8085	-0.4623	-0.3641
			0.0865	-0.3478	-0.9336
			0.8214	0.5701	0.0146
			0.3261	-0.4905	0.8081
			0.4679	-0.659	-0.5888
			-0.8214	-0.5701	-0.0146
			-0.3261	0.4905	-0.8081
			-0.4679	0.659	0.5888
		b:
			300.006
			201.0227
			288.8887
			291.2378
			-272.5115
			-200.7189
			220.4959
			214.2956
			-68.5972
			-207.4959
			-202.2956
			77.5972
	==================================================================================
	Q5:
		Shape: Polyhedra
		q_c:	199.5	95.0	215.5
		ub :	209.9752	102.7863	222.6936
		lb :	189.0248	87.2137	208.3064
		A:
			-0.5587	0.4093	0.7213
			-0.4383	-0.7501	0.4951
			-0.5582	0.7138	0.423
			-0.8397	0.3992	0.3681
			0.3944	-0.1664	-0.9037
			-0.3177	0.7407	-0.5919
			0.8538	0.303	0.4233
			0.2424	-0.951	0.1917
			0.4607	-0.0611	-0.8855
			-0.8538	-0.303	-0.4233
			-0.2424	0.951	-0.1917
			-0.4607	0.0611	0.8855
		b:
			85.8963
			-46.6818
			51.7247
			-45.0369
			-129.2143
			-115.2118
			299.8422
			4.3341
			-102.2209
			-280.8422
			5.6659
			107.2209
	==================================================================================
	Q6:
		Shape: Hybrid
		q_c:	195.5	100.0	222.0
		ub :	202.8342	110.5689	230.4671
		lb :	188.1658	89.4311	213.5329
		P^-1:
			0.0784	0.0158	0.0555
			0.0158	0.0314	0.0391
			0.0555	0.0391	0.1025
		A:
			0.9956	-0.0915	0.0188
			0.8163	-0.1836	0.5477
			0.6888	-0.0225	0.7246
			0.9373	0.227	0.2644
			-0.4972	-0.4489	-0.7424
			-0.6006	-0.2087	-0.7718
		b:
			192.8995
			265.506
			295.3938
			267.457
			-305.4334
			-308.2822


===========================================================================================
===========================================================================================
S3:
	q_c:	272.0	17.0	368.0
	ub :	291.9526	41.7958	379.2147
	lb :	251.7077	0.2935	347.2378

	==================================================================================
	Q1:
		Shape: Ellipse
		q_c:	282.0	11.5	366.5
		ub :	284.7516	16.3672	371.2374
		lb :	279.2484	6.6328	361.7626
		P^-1:
			0.4108	-0.0942	0.0198
			-0.0942	0.141	-0.0577
			0.0198	-0.0577	0.1152
	==================================================================================
	Q2:
		Shape: Ellipse
		q_c:	262.0	30.5	362.5
		ub :	272.2923	41.7958	372.4431
		lb :	251.7077	19.2042	352.5569
		P^-1:
			0.0225	0.0059	-0.0038
			0.0059	0.0253	-0.0039
			-0.0038	-0.0039	0.0234
	==================================================================================
	Q3:
		Shape: Hybrid
		q_c:	281.0	27.5	364.5
		ub :	289.6748	34.7809	373.4471
		lb :	272.3252	20.2191	355.5529
		P^-1:
			0.0663	0.0365	0.024
			0.0365	0.055	0.0206
			0.024	0.0206	0.0372
		A:
			-0.4484	-0.8847	-0.1277
			-0.8144	-0.2528	-0.5224
			0.4526	0.8111	-0.3706
			0.6014	0.7776	0.1835
			-0.5648	0.1651	0.8085
			-0.9633	-0.2452	-0.1094
		b:
			-194.3943
			-423.9956
			18.2064
			259.1877
			145.5223
			-314.6194
	==================================================================================
	Q4:
		Shape: Hybrid
		q_c:	276.5	25.0	372.0
		ub :	285.3272	33.8762	379.2147
		lb :	267.6728	16.1238	364.7853
		P^-1:
			0.0435	0.0101	-0.0129
			0.0101	0.0249	-0.0072
			-0.0129	-0.0072	0.0475
		A:
			0.777	0.4401	-0.45
			0.4168	-0.4908	-0.7651
			-0.8367	0.1815	0.5167
			0.2311	-0.7213	0.6529
			0.4869	0.4103	-0.7711
			0.8943	0.3877	-0.2234
		b:
			60.6223
			-177.961
			-31.5992
			292.7152
			-139.8272
			176.3209
	==================================================================================
	Q5:
		Shape: Hybrid
		q_c:	281.5	7.0	365.5
		ub :	291.9526	13.7065	376.3305
		lb :	271.0474	0.2935	354.6695
		P^-1:
			0.0332	0.0036	0.0143
			0.0036	0.0456	0.0029
			0.0143	0.0029	0.0244
		A:
			0.0948	-0.761	0.6417
			-0.9401	-0.0918	0.3283
			0.5307	0.6819	0.5034
			-0.6568	-0.5211	-0.5451
			-0.7923	-0.0731	-0.6058
			-0.558	0.3749	-0.7403
		b:
			259.5528
			-140.0485
			340.4599
			-385.4498
			-442.4292
			-422.004
	==================================================================================
	Q6:
		Shape: Ellipse
		q_c:	283.0	17.0	355.5
		ub :	291.7542	24.2963	363.7622
		lb :	274.2458	9.7037	347.2378
		P^-1:
			0.037	0.0019	-0.0029
			0.0019	0.0388	0.0018
			-0.0029	0.0018	0.0373


===========================================================================================
===========================================================================================
S4:
	q_c:	317.0	38.0	275.5
	ub :	335.549	63.6444	293.8181
	lb :	307.2956	18.6621	251.7171

	==================================================================================
	Q1:
		Shape: Ellipse
		q_c:	315.0	27.5	268.0
		ub :	322.7044	32.0691	275.1575
		lb :	307.2956	22.9309	260.8425
		P^-1:
			0.0782	0.0001	-0.0715
			0.0001	0.0494	-0.0005
			-0.0715	-0.0005	0.0975
	==================================================================================
	Q2:
		Shape: Ellipse
		q_c:	322.5	30.5	263.0
		ub :	331.8051	42.1493	274.2829
		lb :	313.1949	18.8507	251.7171
		P^-1:
			0.0592	-0.005	-0.0306
			-0.005	0.0166	0.0059
			-0.0306	0.0059	0.0375
	==================================================================================
	Q3:
		Shape: Hybrid
		q_c:	329.0	36.5	287.5
		ub :	335.549	43.9559	293.8181
		lb :	322.451	29.0441	281.1819
		P^-1:
			0.1296	0.0709	-0.0805
			0.0709	0.0858	-0.0567
			-0.0805	-0.0567	0.1076
		A:
			-0.4334	0.1101	0.8945
			-0.4254	-0.7765	-0.4649
			0.6838	-0.1844	-0.706
			-0.6921	-0.5648	-0.4495
			0.4713	0.8496	-0.2368
			0.7436	0.0597	-0.666
		b:
			121.2859
			-298.2576
			17.9836
			-374.0253
			120.158
			57.2629
	==================================================================================
	Q4:
		Shape: Hybrid
		q_c:	323.0	51.5	273.0
		ub :	334.9926	63.6444	283.3975
		lb :	311.0074	39.3556	262.6025
		P^-1:
			0.0189	0.0018	-0.0039
			0.0018	0.0094	-0.0009
			-0.0039	-0.0009	0.0201
		A:
			-0.3119	0.3886	0.867
			-0.6098	-0.2901	-0.7376
			0.7913	0.4557	-0.4076
			-0.5035	0.5128	0.6954
			0.1676	-0.1848	0.9684
			0.627	0.7651	-0.1464
		b:
			160.4441
			-408.4124
			171.7083
			58.6195
			313.2804
			207.3225
	==================================================================================
	Q5:
		Shape: Polyhedra
		q_c:	324.0	26.0	284.5
		ub :	332.8201	33.3379	292.946
		lb :	315.1799	18.6621	276.054
		A:
			-0.0631	0.9125	0.4043
			0.5206	-0.7002	0.4886
			-0.0156	0.9999	-0.0033
			-0.5507	0.5173	-0.6551
			-0.1178	0.8422	-0.5262
			-0.7096	-0.5842	-0.394
			0.5758	0.8167	0.0383
			0.6202	-0.4058	-0.6713
			-0.5327	0.4103	-0.7402
			-0.5758	-0.8167	-0.0383
			-0.6202	0.4058	0.6713
			0.5327	-0.4103	0.7402
		b:
			124.1645
			293.8723
			24.4239
			-347.2878
			-162.2602
			-353.9473
			221.7036
			7.4331
			-368.5059
			-215.7036
			8.5669
			376.5059
	==================================================================================
	Q6:
		Shape: Ellipse
		q_c:	324.5	31.5	271.5
		ub :	332.0182	40.7245	280.8251
		lb :	316.9818	22.2755	262.1749
		P^-1:
			0.066	-0.0205	-0.0197
			-0.0205	0.0487	-0.0166
			-0.0197	-0.0166	0.0433


===========================================================================================
===========================================================================================
S5:
	q_c:	163.5	474.0	355.5
	ub :	166.1132	476.3507	359.128
	lb :	161.8429	470.0265	351.7406

	==================================================================================
	Q1:
		Shape: Ellipse
		q_c:	163.5	473.0	357.0
		ub :	165.1571	474.9313	358.4701
		lb :	161.8429	471.0687	355.5299
		P^-1:
			0.9304	-0.1769	0.0503
			-0.1769	0.5504	0.1279
			0.0503	0.1279	0.9636
	==================================================================================
	Q2:
		Shape: Hybrid
		q_c:	164.5	472.5	356.0
		ub :	165.5248	473.6391	357.0744
		lb :	163.4752	471.3609	354.9256
		P^-1:
			3.5099	-0.6637	-0.8887
			-0.6637	3.1013	-1.2033
			-0.8887	-1.2033	2.3888
		A:
			-0.3745	0.7544	-0.5391
			0.9192	0.2504	-0.3038
			0.7076	-0.6592	0.2544
			-0.5692	0.3114	0.761
			0.7577	0.3418	-0.5559
			0.6817	-0.714	-0.1598
		b:
			103.2103
			161.6944
			-104.2678
			324.8258
			88.5218
			-281.7902
	==================================================================================
	Q3:
		Shape: Ellipse
		q_c:	164.0	472.0	353.5
		ub :	165.979	473.9735	355.2594
		lb :	162.021	470.0265	351.7406
		P^-1:
			0.7667	-0.1956	-0.1922
			-0.1956	0.8361	-0.1611
			-0.1922	-0.1611	0.8417
	==================================================================================
	Q4:
		Shape: Polyhedra
		q_c:	163.5	474.5	357.0
		ub :	164.6182	475.6984	357.9758
		lb :	162.3818	473.3016	356.0242
		A:
			0.3101	-0.8288	-0.4657
			0.2409	0.3896	-0.8889
			0.7823	-0.5941	-0.1874
			0.3408	0.9001	0.2715
			-0.3498	-0.4038	0.8453
			-0.0389	0.2173	0.9753
			0.5546	0.7745	0.3042
			-0.3944	0.5666	-0.7234
			-0.7327	0.2813	0.6197
			-0.5546	-0.7745	-0.3042
			0.3944	-0.5666	0.7234
			0.7327	-0.2813	-0.6197
		b:
			-508.0943
			-92.5496
			-220.3786
			580.7
			53.5077
			445.575
			567.7851
			-53.3881
			235.4089
			-565.7851
			54.3881
			-234.4089
	==================================================================================
	Q5:
		Shape: Ellipse
		q_c:	164.5	472.0	357.5
		ub :	166.1132	473.7126	359.128
		lb :	162.8868	470.2874	355.872
		P^-1:
			1.0	-0.0	0.0
			-0.0	1.0	0.0
			0.0	0.0	1.0
	==================================================================================
	Q6:
		Shape: Ellipse
		q_c:	163.5	475.0	357.0
		ub :	164.8285	476.3507	357.6565
		lb :	162.1715	473.6493	356.3435
		P^-1:
			1.0159	0.026	-0.2164
			0.026	1.0426	-0.3538
			-0.2164	-0.3538	3.9415


===========================================================================================
===========================================================================================
S6:
	q_c:	418.5	315.0	450.0
	ub :	430.7469	328.5363	466.6366
	lb :	402.974	302.2704	437.9789

	==================================================================================
	Q1:
		Shape: Ellipse
		q_c:	424.5	307.5	447.0
		ub :	430.7469	312.7296	453.6582
		lb :	418.2531	302.2704	440.3418
		P^-1:
			0.1317	0.0582	-0.0712
			0.0582	0.1451	-0.0624
			-0.0712	-0.0624	0.0826
	==================================================================================
	Q2:
		Shape: Hybrid
		q_c:	411.5	310.0	451.0
		ub :	418.8099	315.2558	456.095
		lb :	404.1901	304.7442	445.905
		P^-1:
			0.0587	-0.0075	-0.0852
			-0.0075	0.0415	0.0161
			-0.0852	0.0161	0.2102
		A:
			-0.0949	0.1154	0.9888
			0.1299	-0.3471	-0.9288
			0.8241	0.3722	-0.427
			-0.6704	0.6353	0.3834
			-0.4182	-0.13	0.899
			-0.2665	0.2127	0.9401
		b:
			444.5727
			-471.0836
			265.7407
			97.4468
			194.2812
			381.5601
	==================================================================================
	Q3:
		Shape: Polyhedra
		q_c:	423.0	312.0	443.5
		ub :	428.256	315.148	449.0211
		lb :	417.744	308.852	437.9789
		A:
			-0.568	0.0503	-0.8215
			-0.601	-0.7857	-0.1462
			-0.025	0.9645	-0.2628
			-0.3051	0.9483	-0.087
			-0.8997	-0.2885	-0.3275
			-0.0059	0.9984	0.0567
			0.6406	0.6065	0.471
			-0.4817	0.795	-0.3686
			-0.598	0.0093	0.8014
			-0.6406	-0.6065	-0.471
			0.4817	-0.795	0.3686
			0.598	-0.0093	-0.8014
		b:
			-586.2803
			-561.5986
			176.0501
			130.3624
			-613.1828
			336.3697
			671.5713
			-117.2123
			109.8434
			-666.5713
			121.2123
			-100.8434
	==================================================================================
	Q4:
		Shape: Ellipse
		q_c:	416.0	309.5	459.0
		ub :	422.0254	315.9569	466.6366
		lb :	409.9746	303.0431	451.3634
		P^-1:
			0.1173	-0.046	-0.031
			-0.046	0.0805	0.0229
			-0.031	0.0229	0.032
	==================================================================================
	Q5:
		Shape: Hybrid
		q_c:	410.5	310.0	456.0
		ub :	418.026	317.4705	460.1748
		lb :	402.974	302.5295	451.8252
		P^-1:
			0.094	0.0974	-0.2074
			0.0974	0.2145	-0.3648
			-0.2074	-0.3648	0.7592
		A:
			0.3002	0.0211	-0.9537
			-0.9828	-0.0058	-0.1845
			0.1821	0.2548	-0.9497
			0.1781	0.5307	-0.8286
			0.4154	-0.9027	-0.1125
			-0.1652	0.9078	-0.3856
		b:
			-303.1463
			-484.4776
			-278.2977
			-139.5374
			-155.9841
			41.1204
	==================================================================================
	Q6:
		Shape: Polyhedra
		q_c:	409.5	323.0	452.5
		ub :	415.2546	328.5363	455.9199
		lb :	403.7454	317.4637	449.0801
		A:
			0.4215	0.7622	-0.4913
			0.6826	0.0001	0.7308
			0.5809	0.0004	0.814
			0.155	0.9386	-0.3081
			-0.3929	0.2832	-0.8749
			0.3408	0.7377	-0.5828
			0.4836	0.671	0.562
			-0.3111	-0.4684	0.8269
			0.8181	-0.5748	-0.0178
			-0.4836	-0.671	-0.562
			0.3111	0.4684	-0.8269
			-0.8181	0.5748	0.0178
		b:
			198.7769
			613.6288
			609.5089
			230.104
			-462.349
			116.3181
			672.0921
			97.4973
			145.8206
			-666.0921
			-93.4973
			-136.8206


===========================================================================================
===========================================================================================
S7:
	q_c:	398.0	32.5	55.0
	ub :	415.9281	61.5865	76.4342
	lb :	382.2028	-1.1193	27.9761

	==================================================================================
	Q1:
		Shape: Polyhedra
		q_c:	400.5	50.5	40.5
		ub :	411.2741	61.5865	53.0239
		lb :	389.7259	39.4135	27.9761
		A:
			0.6704	-0.1432	0.728
			-0.712	-0.6106	0.3468
			-0.5345	-0.8289	0.165
			-0.9079	-0.1855	-0.3759
			0.996	-0.0606	0.066
			0.6369	-0.6442	-0.4235
			0.811	0.5546	0.186
			0.4572	-0.7993	0.3899
			0.3649	-0.2311	-0.9019
			-0.811	-0.5546	-0.186
			-0.4572	0.7993	-0.3899
			-0.3649	0.2311	0.9019
		b:
			297.9733
			-295.8452
			-243.5854
			-382.9256
			404.7964
			214.2611
			364.8633
			166.5427
			107.445
			-355.8633
			-150.5427
			-88.445
	==================================================================================
	Q2:
		Shape: Polyhedra
		q_c:	400.5	43.5	47.5
		ub :	412.498	56.0902	61.031
		lb :	388.502	30.9098	33.969
		A:
			-0.8004	-0.2418	-0.5486
			-0.2476	-0.366	0.8971
			-0.5137	0.1101	-0.8509
			0.2723	-0.9485	0.1617
			-0.439	0.4965	0.7488
			0.5138	0.2768	0.812
			0.8235	0.1068	0.5572
			0.0784	0.9513	-0.2982
			-0.5619	0.2893	0.775
			-0.8235	-0.1068	-0.5572
			-0.0784	-0.9513	0.2982
			0.5619	-0.2893	-0.775
		b:
			-348.5977
			-63.8156
			-232.8162
			85.2151
			-110.9928
			264.7303
			369.4103
			68.6178
			-168.16
			-352.4103
			-48.6178
			183.16
	==================================================================================
	Q3:
		Shape: Ellipse
		q_c:	407.5	37.5	69.0
		ub :	415.8958	45.3218	76.4342
		lb :	399.1042	29.6782	61.5658
		P^-1:
			0.0233	0.0054	-0.0045
			0.0054	0.0563	0.0221
			-0.0045	0.0221	0.0624
	==================================================================================
	Q4:
		Shape: Hybrid
		q_c:	408.0	14.5	63.0
		ub :	415.9281	25.8928	73.9007
		lb :	400.0719	3.1072	52.0993
		P^-1:
			0.0396	-0.0026	-0.0023
			-0.0026	0.0247	-0.0135
			-0.0023	-0.0135	0.0281
		A:
			0.2888	-0.7689	0.5705
			-0.4223	-0.6454	-0.6364
			0.8542	-0.2968	-0.4269
			0.9486	0.2427	-0.2033
			-0.7622	-0.3281	0.558
			-0.6622	-0.0045	-0.7493
		b:
			145.2448
			-215.5633
			320.628
			380.3706
			-278.0692
			-313.3439
	==================================================================================
	Q5:
		Shape: Ellipse
		q_c:	406.0	37.5	49.5
		ub :	415.591	46.2004	59.3037
		lb :	396.409	28.7996	39.6963
		P^-1:
			0.0436	-0.015	-0.0151
			-0.015	0.0269	0.0099
			-0.0151	0.0099	0.0302
	==================================================================================
	Q6:
		Shape: Polyhedra
		q_c:	392.0	13.0	42.5
		ub :	401.7972	27.1193	56.6628
		lb :	382.2028	-1.1193	28.3372
		A:
			0.2621	0.9624	-0.0715
			-0.0809	0.6585	0.7482
			0.4988	-0.8064	-0.3177
			0.2843	-0.1716	0.9432
			0.5684	0.0797	-0.8189
			-0.389	0.0337	-0.9206
			0.5945	0.5512	0.5854
			-0.0025	-0.7268	0.6868
			0.8041	-0.4098	-0.4307
			-0.5945	-0.5512	-0.5854
			0.0025	0.7268	-0.6868
			-0.8041	0.4098	0.4307
		b:
			121.45
			16.3171
			178.1821
			158.5837
			196.3862
			-181.9756
			274.103
			28.2494
			297.0615
			-256.103
			-9.2494
			-286.0615


===========================================================================================
===========================================================================================
