3D_45_6_6_f                l = 3

===========================================================================================
===========================================================================================
S1:
	q_c:	123.5	12.0	38.5
	ub :	143.8408	30.4768	57.5358
	lb :	107.2683	-0.0722	22.0642

	==================================================================================
	Q1:
		Shape: Hybrid
		q_c:	134.5	8.0	48.0
		ub :	143.8408	16.0722	57.5358
		lb :	125.1592	-0.0722	38.4642
		P^-1:
			0.0354	-0.0128	-0.0118
			-0.0128	0.0515	-0.0146
			-0.0118	-0.0146	0.0406
		A:
			-0.4197	0.8743	0.2437
			0.0938	0.4278	-0.899
			0.8059	0.5384	-0.2461
			-0.0388	0.9219	-0.3854
			0.1314	-0.7735	0.6201
			-0.6418	-0.2158	0.7358
		b:
			-35.1201
			-24.5538
			105.0161
			-14.1375
			43.2984
			-50.2665
	==================================================================================
	Q2:
		Shape: Hybrid
		q_c:	130.0	10.0	34.5
		ub :	135.8983	14.4468	40.2502
		lb :	124.1017	5.5532	28.7498
		P^-1:
			0.1942	0.1118	0.1578
			0.1118	0.1512	0.1163
			0.1578	0.1163	0.2016
		A:
			-0.6114	-0.5335	-0.5845
			0.6746	0.3535	0.648
			-0.4882	-0.0645	-0.8704
			0.4535	0.6145	0.6456
			-0.4576	-0.0731	-0.8862
			0.4447	0.7445	0.4979
		b:
			-104.2015
			114.4339
			-92.4057
			88.3414
			-89.0037
			83.6273
	==================================================================================
	Q3:
		Shape: Hybrid
		q_c:	130.0	21.0	36.0
		ub :	134.7752	26.7382	40.9749
		lb :	125.2248	15.2618	31.0251
		P^-1:
			0.1061	-0.0111	-0.0003
			-0.0111	0.0867	0.0001
			-0.0003	0.0001	0.0816
		A:
			0.9449	0.3067	-0.1145
			-0.1592	-0.5484	-0.821
			-0.6518	0.5893	-0.4773
			-0.2856	-0.629	0.7231
			-0.1941	-0.0518	-0.9796
			-0.9061	-0.3997	-0.1386
		b:
			126.8933
			-59.7646
			-87.8829
			-22.2985
			-59.5957
			-129.3852
	==================================================================================
	Q4:
		Shape: Hybrid
		q_c:	113.5	24.0	41.5
		ub :	119.7317	30.4768	44.1774
		lb :	107.2683	17.5232	38.8226
		P^-1:
			0.1047	0.0306	-0.2093
			0.0306	0.0823	-0.1733
			-0.2093	-0.1733	0.9155
		A:
			0.3196	0.3546	-0.8787
			0.3442	-0.2332	-0.9095
			0.1672	-0.0554	-0.9844
			-0.384	-0.1649	0.9085
			0.4753	0.169	-0.8634
			0.482	0.1713	-0.8593
		b:
			9.2219
			-2.6971
			-22.1446
			-9.1285
			23.1658
			24.1704
	==================================================================================
	Q5:
		Shape: Ellipse
		q_c:	130.0	18.5	28.5
		ub :	135.0645	24.9346	34.9358
		lb :	124.9355	12.0654	22.0642
		P^-1:
			0.1949	0.0092	-0.0867
			0.0092	0.0565	0.0229
			-0.0867	0.0229	0.1132
	==================================================================================
	Q6:
		Shape: Ellipse
		q_c:	131.0	9.5	44.0
		ub :	139.4707	15.7283	52.5966
		lb :	122.5293	3.2717	35.4034
		P^-1:
			0.047	-0.0136	0.0219
			-0.0136	0.063	-0.0089
			0.0219	-0.0089	0.0448


===========================================================================================
===========================================================================================
S2:
	q_c:	189.5	321.5	384.0
	ub :	199.5495	330.0896	393.688
	lb :	180.287	313.4032	373.7987

	==================================================================================
	Q1:
		Shape: Ellipse
		q_c:	195.0	323.0	379.0
		ub :	199.389	326.9845	384.2013
		lb :	190.611	319.0155	373.7987
		P^-1:
			0.1468	-0.0193	-0.0196
			-0.0193	0.1202	0.0008
			-0.0196	0.0008	0.0535
	==================================================================================
	Q2:
		Shape: Ellipse
		q_c:	190.5	323.5	389.0
		ub :	194.2109	328.1507	393.688
		lb :	186.7891	318.8493	384.312
		P^-1:
			0.1111	-0.0	0.0
			-0.0	0.1111	0.0
			0.0	0.0	0.1111
	==================================================================================
	Q3:
		Shape: Polyhedra
		q_c:	187.0	324.5	384.0
		ub :	192.3238	330.0896	388.6829
		lb :	181.6762	318.9104	379.3171
		A:
			-0.4151	0.9097	0.008
			-0.6963	0.0936	0.7117
			-0.6261	-0.5601	0.5425
			0.0814	-0.9384	0.3357
			0.2144	0.7505	-0.6251
			0.7872	-0.1863	0.5879
			0.6743	0.434	0.5974
			0.6577	-0.7209	-0.2187
			0.3358	0.5404	-0.7715
			-0.6743	-0.434	-0.5974
			-0.6577	0.7209	0.2187
			-0.3358	-0.5404	0.7715
		b:
			224.5321
			176.9374
			-87.5553
			-156.9218
			46.6389
			315.5311
			498.8439
			-190.9095
			-55.1228
			-493.8439
			198.9095
			61.1228
	==================================================================================
	Q4:
		Shape: Polyhedra
		q_c:	192.5	324.0	382.5
		ub :	195.6795	327.3436	386.2755
		lb :	189.3205	320.6564	378.7245
		A:
			-0.9885	0.1157	0.0974
			-0.8962	-0.3342	0.2918
			0.6227	0.3624	0.6935
			0.2239	0.9446	0.24
			-0.3697	-0.8341	-0.4094
			0.0939	-0.3224	0.9419
			0.8377	0.2078	0.5051
			0.0586	-0.9537	0.2951
			0.543	-0.2175	-0.8111
			-0.8377	-0.2078	-0.5051
			-0.0586	0.9537	-0.2951
			-0.543	0.2175	0.8111
		b:
			-113.3218
			-166.9028
			504.6027
			443.3241
			-495.7421
			276.3101
			423.7722
			-182.3456
			-273.6862
			-419.7722
			187.3456
			278.6862
	==================================================================================
	Q5:
		Shape: Hybrid
		q_c:	194.0	324.0	381.5
		ub :	199.5495	328.4286	385.1137
		lb :	188.4505	319.5714	377.8863
		P^-1:
			0.0713	0.0413	0.0153
			0.0413	0.1408	-0.0071
			0.0153	-0.0071	0.1574
		A:
			0.1494	0.8269	0.5422
			0.4109	0.7104	0.5714
			0.5548	-0.7015	-0.4473
			-0.4978	-0.6186	0.6079
			-0.0505	0.5961	-0.8013
			0.276	-0.432	-0.8586
		b:
			505.2123
			529.1265
			-287.473
			-63.6439
			-121.0287
			-411.9853
	==================================================================================
	Q6:
		Shape: Hybrid
		q_c:	184.0	316.0	378.5
		ub :	187.713	318.5968	381.911
		lb :	180.287	313.4032	375.089
		P^-1:
			0.1946	-0.093	-0.0004
			-0.093	0.4098	0.0011
			-0.0004	0.0011	0.16
		A:
			-0.1278	-0.9455	0.2995
			0.8267	-0.4929	0.2713
			-0.4549	-0.8902	-0.0247
			0.9037	-0.4204	-0.0807
			-0.1168	-0.6642	0.7384
			-0.8975	0.2889	0.3331
		b:
			-207.8257
			100.2881
			-372.991
			4.1971
			49.5945
			53.6863


===========================================================================================
===========================================================================================
S3:
	q_c:	507.5	351.0	270.5
	ub :	520.0564	361.0347	279.8364
	lb :	494.351	341.6095	261.519

	==================================================================================
	Q1:
		Shape: Hybrid
		q_c:	504.0	344.5	276.5
		ub :	507.4262	347.3905	279.8364
		lb :	500.5738	341.6095	273.1636
		P^-1:
			0.2246	-0.0815	0.1353
			-0.0815	0.4142	0.0502
			0.1353	0.0502	0.3612
		A:
			0.8467	0.2261	0.4817
			-0.6265	0.4903	0.6059
			0.2005	-0.9235	-0.3271
			0.1839	-0.0524	0.9816
			-0.2023	-0.2246	-0.9532
			0.0028	0.9857	-0.1683
		b:
			639.0581
			22.1782
			-306.7712
			347.0507
			-442.0394
			295.5171
	==================================================================================
	Q2:
		Shape: Hybrid
		q_c:	504.5	351.0	271.0
		ub :	508.305	356.6452	276.6578
		lb :	500.695	345.3548	265.3422
		P^-1:
			0.2111	0.0421	-0.0575
			0.0421	0.0879	-0.0281
			-0.0575	-0.0281	0.0951
		A:
			0.9231	0.3844	-0.0129
			-0.6904	0.7223	0.0397
			0.0265	-0.8687	-0.4947
			-0.3697	0.6288	-0.6841
			0.7991	-0.3357	0.4988
			0.139	-0.9135	0.3823
		b:
			598.4832
			-81.6347
			-422.6667
			-148.6985
			422.8179
			-144.4615
	==================================================================================
	Q3:
		Shape: Hybrid
		q_c:	514.5	348.0	266.0
		ub :	520.0564	352.8604	270.481
		lb :	508.9436	343.1396	261.519
		P^-1:
			0.1007	-0.0074	-0.0411
			-0.0074	0.1063	-0.021
			-0.0411	-0.021	0.1267
		A:
			-0.3202	-0.7451	0.5851
			0.1856	0.005	-0.9826
			-0.7535	0.5466	0.3653
			-0.1962	-0.1194	-0.9733
			0.4011	0.8783	-0.2602
			0.5482	0.736	-0.3972
		b:
			-266.9344
			-162.5116
			-98.6389
			-399.1839
			444.6568
			434.1961
	==================================================================================
	Q4:
		Shape: Ellipse
		q_c:	499.5	350.0	273.0
		ub :	504.649	355.1243	277.9701
		lb :	494.351	344.8757	268.0299
		P^-1:
			0.0902	0.0113	-0.0071
			0.0113	0.105	0.0038
			-0.0071	0.0038	0.1087
	==================================================================================
	Q5:
		Shape: Polyhedra
		q_c:	506.5	356.5	266.0
		ub :	510.8335	361.0347	270.212
		lb :	502.1665	351.9653	261.788
		A:
			-0.8871	-0.1484	0.437
			-0.9762	-0.1913	-0.1022
			0.7802	0.6054	-0.1575
			0.3019	-0.2493	0.9202
			-0.7962	-0.2332	-0.5582
			-0.088	0.6822	0.7259
			0.4741	0.4794	0.7385
			0.3618	0.6586	-0.6598
			-0.8027	0.58	0.1388
			-0.4741	-0.4794	-0.7385
			-0.3618	-0.6586	0.6598
			0.8027	-0.58	-0.1388
		b:
			-383.4731
			-587.1121
			571.7655
			311.5976
			-632.005
			394.5787
			610.4699
			245.0477
			-160.4152
			-604.4699
			-240.0477
			165.4152
	==================================================================================
	Q6:
		Shape: Hybrid
		q_c:	505.5	354.5	269.0
		ub :	508.6336	357.8734	273.2811
		lb :	502.3664	351.1266	264.7189
		P^-1:
			0.314	0.1367	-0.041
			0.1367	0.2811	-0.0418
			-0.041	-0.0418	0.0718
		A:
			-0.3282	0.8706	-0.3666
			0.005	-0.8908	-0.4543
			-0.9888	0.0009	-0.1491
			0.058	-0.894	0.4444
			0.0496	0.8198	-0.5704
			0.9076	0.3941	0.1449
		b:
			45.899
			-433.3612
			-538.1758
			-166.4139
			164.0607
			638.6405


===========================================================================================
===========================================================================================
S4:
	q_c:	278.0	169.0	156.5
	ub :	296.7923	194.6351	176.2885
	lb :	267.7617	151.1341	142.0664

	==================================================================================
	Q1:
		Shape: Ellipse
		q_c:	292.0	176.5	148.0
		ub :	296.7923	182.3393	152.8294
		lb :	287.2077	170.6607	143.1706
		P^-1:
			0.1375	-0.0155	-0.0348
			-0.0155	0.0431	-0.0002
			-0.0348	-0.0002	0.101
	==================================================================================
	Q2:
		Shape: Ellipse
		q_c:	280.0	176.5	163.5
		ub :	288.4296	185.8108	171.2561
		lb :	271.5704	167.1892	155.7439
		P^-1:
			0.0312	0.0062	0.0089
			0.0062	0.0387	0.0172
			0.0089	0.0172	0.0441
	==================================================================================
	Q3:
		Shape: Ellipse
		q_c:	277.5	158.5	152.5
		ub :	287.2383	165.8659	161.8107
		lb :	267.7617	151.1341	143.1893
		P^-1:
			0.0339	-0.0133	0.0067
			-0.0133	0.0563	0.003
			0.0067	0.003	0.0232
	==================================================================================
	Q4:
		Shape: Hybrid
		q_c:	289.0	185.0	151.5
		ub :	294.6889	194.6351	160.9336
		lb :	283.3111	175.3649	142.0664
		P^-1:
			0.1004	-0.0239	-0.0147
			-0.0239	0.0305	0.0083
			-0.0147	0.0083	0.0283
		A:
			0.2614	-0.9052	-0.3352
			-0.9352	0.3313	0.125
			-0.8009	-0.5843	-0.1308
			0.7184	-0.4796	0.5038
			0.3465	-0.9083	-0.2343
			-0.9146	0.0275	0.4034
		b:
			-138.7061
			-188.5095
			-355.3121
			198.8808
			-99.5263
			-195.9561
	==================================================================================
	Q5:
		Shape: Hybrid
		q_c:	283.5	168.5	163.5
		ub :	294.1489	179.2373	175.0125
		lb :	272.8511	157.7627	151.9875
		P^-1:
			0.0308	-0.0154	-0.0035
			-0.0154	0.0344	0.0054
			-0.0035	0.0054	0.0176
		A:
			-0.8291	-0.3781	-0.4118
			-0.8038	0.4086	0.4324
			-0.6775	0.5001	0.5393
			-0.2268	0.9658	-0.1258
			-0.9358	0.3242	-0.1386
			0.5552	-0.823	0.1201
		b:
			-360.9198
			-85.2995
			-16.6259
			81.3825
			-229.9049
			41.1177
	==================================================================================
	Q6:
		Shape: Polyhedra
		q_c:	287.5	179.0	169.5
		ub :	296.2839	187.6368	176.2885
		lb :	278.7161	170.3632	162.7115
		A:
			0.5298	-0.2951	0.7951
			0.3845	-0.7731	-0.5044
			0.6052	0.7677	-0.2107
			-0.6773	0.3512	0.6465
			-0.8228	0.5388	0.1808
			-0.1404	-0.2412	0.9603
			0.7517	0.5772	0.3191
			0.1426	0.33	-0.9331
			-0.6439	0.747	0.1658
			-0.7517	-0.5772	-0.3191
			-0.1426	-0.33	0.9331
			0.6439	-0.747	-0.1658
		b:
			239.3205
			-108.8555
			282.3047
			-18.213
			-105.1519
			83.2258
			381.0116
			-54.0788
			-19.3113
			-366.0116
			62.0788
			27.3113


===========================================================================================
===========================================================================================
S5:
	q_c:	160.0	304.0	41.5
	ub :	171.8762	321.3095	61.2772
	lb :	136.6909	285.4476	18.7657

	==================================================================================
	Q1:
		Shape: Hybrid
		q_c:	155.0	315.5	30.0
		ub :	162.6114	321.3095	37.5723
		lb :	147.3886	309.6905	22.4277
		P^-1:
			0.0495	-0.0093	0.0183
			-0.0093	0.0733	-0.0044
			0.0183	-0.0044	0.0544
		A:
			-0.1674	-0.9118	-0.3749
			0.1153	-0.5268	-0.8421
			0.2496	0.5153	0.8199
			0.2206	0.9132	-0.3425
			0.1138	0.9768	0.1815
			-0.2649	0.9472	-0.1804
		b:
			-322.7275
			-170.8239
			228.2261
			314.4494
			333.3363
			254.2025
	==================================================================================
	Q2:
		Shape: Polyhedra
		q_c:	145.5	303.0	27.5
		ub :	154.3091	312.6677	36.2343
		lb :	136.6909	293.3323	18.7657
		A:
			-0.1421	0.158	0.9772
			0.0908	-0.4279	0.8992
			0.3682	0.2909	0.8831
			0.002	0.4585	-0.8887
			0.8382	0.4009	-0.3698
			0.6343	0.3971	0.6632
			0.2449	0.6647	0.7058
			0.1214	0.7013	-0.7025
			-0.9619	0.2578	0.091
			-0.2449	-0.6647	-0.7058
			-0.1214	-0.7013	0.7025
			0.9619	-0.2578	-0.091
		b:
			59.8729
			-85.7642
			171.6392
			120.747
			239.7988
			236.705
			261.9442
			216.8306
			-52.349
			-250.9442
			-204.8306
			66.349
	==================================================================================
	Q3:
		Shape: Polyhedra
		q_c:	158.0	309.0	43.0
		ub :	169.3437	319.0347	52.3525
		lb :	146.6563	298.9653	33.6475
		A:
			-0.5044	-0.746	-0.4348
			0.3019	0.9533	0.0077
			-0.2868	-0.6381	-0.7145
			0.5163	0.6292	0.581
			-0.3652	-0.6145	-0.6993
			-0.449	-0.8437	-0.2942
			0.4204	0.7342	0.5331
			0.3897	0.3844	-0.8368
			-0.8194	0.5596	-0.1245
			-0.4204	-0.7342	-0.5331
			-0.3897	-0.3844	0.8368
			0.8194	-0.5596	0.1245
		b:
			-325.7529
			347.7697
			-269.7179
			304.1932
			-274.2694
			-340.721
			319.2201
			152.3853
			46.6017
			-313.2201
			-136.3853
			-29.6017
	==================================================================================
	Q4:
		Shape: Ellipse
		q_c:	158.0	291.5	41.5
		ub :	165.7078	297.5524	49.7237
		lb :	150.2922	285.4476	33.2763
		P^-1:
			0.0268	-0.0273	0.01
			-0.0273	0.1378	-0.0431
			0.01	-0.0431	0.0363
	==================================================================================
	Q5:
		Shape: Hybrid
		q_c:	162.0	295.5	49.5
		ub :	171.8762	304.7297	56.6474
		lb :	152.1238	286.2703	42.3526
		P^-1:
			0.0244	0.0127	-0.0321
			0.0127	0.0338	-0.0462
			-0.0321	-0.0462	0.133
		A:
			0.693	-0.5991	-0.401
			0.4565	0.1863	-0.87
			0.3448	0.1763	-0.922
			-0.5015	-0.3825	0.776
			-0.566	0.4631	-0.6821
			0.6031	0.0946	-0.792
		b:
			-78.2384
			87.9061
			63.993
			-153.8057
			16.4991
			89.3984
	==================================================================================
	Q6:
		Shape: Ellipse
		q_c:	146.5	302.5	54.0
		ub :	151.7946	310.1914	61.2772
		lb :	141.2054	294.8086	46.7228
		P^-1:
			0.0492	0.0018	0.0001
			0.0018	0.0333	0.0
			0.0001	0.0	0.0331


===========================================================================================
===========================================================================================
S6:
	q_c:	131.5	370.5	324.0
	ub :	141.5727	380.2921	335.4171
	lb :	122.8383	362.6372	316.4844

	==================================================================================
	Q1:
		Shape: Ellipse
		q_c:	135.5	372.0	321.5
		ub :	138.8412	375.8437	326.0685
		lb :	132.1588	368.1563	316.9315
		P^-1:
			0.1568	0.0005	-0.0153
			0.0005	0.1092	0.0073
			-0.0153	0.0073	0.0868
	==================================================================================
	Q2:
		Shape: Polyhedra
		q_c:	127.5	373.0	325.5
		ub :	132.1617	377.7273	330.6515
		lb :	122.8383	368.2727	320.3485
		A:
			0.413	-0.3837	0.826
			-0.838	0.273	-0.4725
			-0.1898	0.7571	-0.6251
			0.6624	0.6056	-0.441
			-0.6806	0.7318	-0.0336
			-0.668	0.5984	-0.4424
			0.8205	0.3898	0.418
			0.0897	-0.8101	0.5793
			0.5645	-0.4379	-0.6997
			-0.8205	-0.3898	-0.418
			-0.0897	0.8101	-0.5793
			-0.5645	0.4379	0.6997
		b:
			181.0656
			-155.9378
			57.2489
			169.6854
			178.2879
			-3.2379
			389.0928
			-99.6685
			-315.6072
			-383.0928
			104.6685
			322.6072
	==================================================================================
	Q3:
		Shape: Polyhedra
		q_c:	137.5	376.5	320.0
		ub :	141.5727	380.2921	323.5156
		lb :	133.4273	372.7079	316.4844
		A:
			-0.2612	0.1241	-0.9573
			0.4619	-0.8431	0.2753
			0.6708	-0.5319	-0.5168
			0.491	-0.6043	-0.6274
			0.1553	0.2255	0.9618
			0.6138	0.7574	-0.2226
			0.9573	0.2356	0.1677
			0.242	-0.9701	-0.0185
			0.1583	0.0583	-0.9857
			-0.9573	-0.2356	-0.1677
			-0.242	0.9701	0.0185
			-0.1583	-0.0583	0.9857
		b:
			-292.5256
			-162.8389
			-270.4116
			-357.8079
			417.017
			301.3344
			276.9798
			-334.8982
			-268.6954
			-270.9798
			340.8982
			274.6954
	==================================================================================
	Q4:
		Shape: Hybrid
		q_c:	127.5	366.0	321.5
		ub :	131.4151	369.3628	325.5842
		lb :	123.5849	362.6372	317.4158
		P^-1:
			0.1356	-0.0087	-0.0235
			-0.0087	0.354	-0.1405
			-0.0235	-0.1405	0.2259
		A:
			-0.5051	-0.6221	0.5983
			0.3878	0.9193	0.0665
			-0.4407	0.6335	-0.636
			0.8686	-0.2829	-0.4068
			-0.0496	-0.6811	-0.7305
			-0.2507	-0.8981	-0.3613
		b:
			-98.6179
			408.8377
			-27.5958
			-121.8191
			-488.4635
			-475.0449
	==================================================================================
	Q5:
		Shape: Ellipse
		q_c:	130.5	370.0	328.0
		ub :	135.4198	375.5229	332.0146
		lb :	125.5802	364.4771	323.9854
		P^-1:
			0.1055	0.0177	-0.001
			0.0177	0.0552	0.0032
			-0.001	0.0032	0.1109
	==================================================================================
	Q6:
		Shape: Polyhedra
		q_c:	133.0	370.0	330.0
		ub :	138.816	375.4313	335.4171
		lb :	127.184	364.5687	324.5829
		A:
			-0.9869	-0.0607	-0.1497
			-0.2889	-0.114	-0.9505
			0.1561	0.8728	-0.4625
			-0.3046	-0.168	0.9375
			0.0383	0.8626	-0.5045
			0.2163	0.8124	-0.5416
			0.7375	0.4023	0.5424
			-0.6639	0.5788	0.4735
			-0.1235	-0.7093	0.694
			-0.7375	-0.4023	-0.5424
			0.6639	-0.5788	-0.4735
			0.1235	0.7093	-0.694
		b:
			-199.2942
			-391.0208
			193.2724
			209.7558
			160.0072
			152.7208
			429.429
			286.6105
			-47.8716
			-422.429
			-277.6105
			51.8716


===========================================================================================
===========================================================================================
