3D_45_12_6_d                l = 3

===========================================================================================
===========================================================================================
S1:
	q_c:	396.5	18.5	272.5
	ub :	423.1678	37.4028	298.8327
	lb :	380.3114	0.8795	251.6273

	==================================================================================
	Q1:
		Shape: Ellipse
		q_c:	396.0	27.0	277.5
		ub :	405.0521	37.4028	287.5492
		lb :	386.9479	16.5972	267.4508
		P^-1:
			0.0397	0.0072	0.0114
			0.0072	0.0239	0.0027
			0.0114	0.0027	0.0299
	==================================================================================
	Q2:
		Shape: Ellipse
		q_c:	386.5	25.5	275.5
		ub :	389.5849	30.4813	283.2169
		lb :	383.4151	20.5187	267.7831
		P^-1:
			0.2442	0.0175	-0.025
			0.0175	0.1078	-0.0254
			-0.025	-0.0254	0.0296
	==================================================================================
	Q3:
		Shape: Ellipse
		q_c:	413.0	10.5	287.5
		ub :	423.1678	20.1205	298.8327
		lb :	402.8322	0.8795	276.1673
		P^-1:
			0.0225	0.0003	0.0015
			0.0003	0.0204	0.0002
			0.0015	0.0002	0.0215
	==================================================================================
	Q4:
		Shape: Ellipse
		q_c:	401.5	21.5	277.0
		ub :	411.7946	31.6603	288.3546
		lb :	391.2054	11.3397	265.6454
		P^-1:
			0.0295	0.0074	0.011
			0.0074	0.0282	-0.0055
			0.011	-0.0055	0.0277
	==================================================================================
	Q5:
		Shape: Polyhedra
		q_c:	406.5	26.0	261.0
		ub :	413.7989	34.3785	269.7938
		lb :	399.2011	17.6215	252.2062
		A:
			0.7416	-0.6564	-0.1386
			0.5765	-0.4444	0.6857
			0.583	-0.1546	0.7977
			0.2862	-0.92	0.2679
			-0.527	0.6629	0.5319
			-0.4639	0.4132	-0.7836
			0.1105	0.6558	0.7468
			-0.0146	0.7524	-0.6586
			-0.9938	0.0618	0.0927
			-0.1105	-0.6558	-0.7468
			0.0146	-0.7524	0.6586
			0.9938	-0.0618	-0.0927
		b:
			254.5182
			407.1408
			447.0597
			167.476
			-51.378
			-377.0822
			263.8767
			-153.7793
			-371.6551
			-249.8767
			162.7793
			384.6551
	==================================================================================
	Q6:
		Shape: Ellipse
		q_c:	389.5	28.0	261.0
		ub :	398.6886	36.8406	270.3727
		lb :	380.3114	19.1594	251.6273
		P^-1:
			0.0222	-0.0077	-0.011
			-0.0077	0.0363	0.0046
			-0.011	0.0046	0.0395


===========================================================================================
===========================================================================================
S2:
	q_c:	517.0	452.0	244.0
	ub :	522.5848	464.1467	252.9797
	lb :	506.0297	443.2461	234.0169

	==================================================================================
	Q1:
		Shape: Polyhedra
		q_c:	518.0	447.5	238.0
		ub :	522.0338	451.7539	241.9831
		lb :	513.9662	443.2461	234.0169
		A:
			0.139	-0.8469	0.5133
			-0.3734	-0.9277	-0.0021
			0.0665	-0.5458	0.8353
			-0.1366	-0.9441	0.3002
			-0.2664	0.8794	-0.3946
			0.1569	-0.9733	0.1678
			0.5275	0.5571	0.6414
			-0.8279	0.5066	0.2408
			-0.1908	-0.658	0.7284
			-0.5275	-0.5571	-0.6414
			0.8279	-0.5066	-0.2408
			0.1908	0.658	-0.7284
		b:
			-182.6723
			-606.4959
			-8.8604
			-419.55
			163.753
			-311.9996
			678.1906
			-142.2987
			-217.9438
			-672.1906
			147.2987
			221.9438
	==================================================================================
	Q2:
		Shape: Ellipse
		q_c:	518.0	451.0	247.5
		ub :	522.5848	455.9752	252.0631
		lb :	513.4152	446.0248	242.9369
		P^-1:
			0.1612	0.0152	0.0696
			0.0152	0.1048	0.0396
			0.0696	0.0396	0.1768
	==================================================================================
	Q3:
		Shape: Polyhedra
		q_c:	517.0	457.5	249.5
		ub :	519.4083	460.6995	252.9797
		lb :	514.5917	454.3005	246.0203
		A:
			-0.2798	-0.84	-0.4648
			0.974	0.1888	-0.1253
			0.6625	0.7056	-0.2513
			0.7194	0.6422	0.2646
			0.247	0.9299	0.2726
			0.5551	0.0114	-0.8317
			0.2558	0.8275	0.4998
			-0.19	0.55	-0.8133
			-0.9479	0.1131	0.2979
			-0.2558	-0.8275	-0.4998
			0.19	-0.55	0.8133
			0.9479	-0.1131	-0.2979
		b:
			-642.9494
			560.2454
			604.5972
			733.64
			623.1589
			86.6093
			637.5261
			-47.0328
			-362.5035
			-633.5261
			52.0328
			365.5035
	==================================================================================
	Q4:
		Shape: Polyhedra
		q_c:	510.0	458.0	241.5
		ub :	513.9703	461.8589	244.3456
		lb :	506.0297	454.1411	238.6544
		A:
			-0.1681	-0.7766	-0.6072
			-0.5254	0.4281	0.7353
			-0.9514	-0.1982	-0.2356
			-0.4148	0.6738	-0.6115
			-0.8971	-0.2018	0.393
			0.5768	0.4265	-0.6967
			0.3101	0.9493	0.052
			0.9474	-0.3131	0.0662
			0.0791	0.0287	-0.9965
			-0.3101	-0.9493	-0.052
			-0.9474	0.3131	-0.0662
			-0.0791	-0.0287	0.9965
		b:
			-585.2044
			108.4095
			-629.9119
			-47.7889
			-452.1291
			324.0017
			608.4643
			358.772
			-184.6511
			-602.4643
			-352.772
			189.6511
	==================================================================================
	Q5:
		Shape: Ellipse
		q_c:	515.0	459.0	241.5
		ub :	519.8933	464.1467	245.8043
		lb :	510.1067	453.8533	237.1957
		P^-1:
			0.1082	0.0131	0.001
			0.0131	0.0526	-0.0044
			0.001	-0.0044	0.1108
	==================================================================================
	Q6:
		Shape: Hybrid
		q_c:	512.5	450.5	243.5
		ub :	516.0043	452.3717	247.081
		lb :	508.9957	448.6283	239.919
		P^-1:
			2.2748	-0.7055	-1.828
			-0.7055	3.7115	-0.7475
			-1.828	-0.7475	2.063
		A:
			0.6376	0.0861	-0.7656
			0.0244	-0.9458	0.3237
			0.6732	-0.1208	-0.7295
			-0.1662	-0.803	0.5724
			0.0436	0.9456	-0.3225
			-0.6791	0.6262	0.3829
		b:
			179.5233
			-334.4999
			113.3508
			-307.1933
			370.1091
			27.5338


===========================================================================================
===========================================================================================
S3:
	q_c:	221.0	377.5	50.5
	ub :	236.1407	391.1253	65.0027
	lb :	208.5762	358.6303	34.2144

	==================================================================================
	Q1:
		Shape: Hybrid
		q_c:	218.5	369.5	55.5
		ub :	226.7864	377.6191	63.0582
		lb :	210.2136	361.3809	47.9418
		P^-1:
			0.0458	0.0007	-0.0121
			0.0007	0.0381	-0.0066
			-0.0121	-0.0066	0.0516
		A:
			0.6846	-0.6651	-0.2983
			0.0473	-0.1761	-0.9832
			-0.4612	0.2394	-0.8544
			-0.257	-0.3882	0.885
			0.6852	-0.7233	0.0854
			0.5337	0.7351	-0.4181
		b:
			-109.915
			-106.5916
			-56.7564
			-148.3083
			-109.8205
			367.5766
	==================================================================================
	Q2:
		Shape: Hybrid
		q_c:	229.0	374.0	44.0
		ub :	236.1407	383.8464	53.7856
		lb :	221.8593	364.1536	34.2144
		P^-1:
			0.0237	-0.0	-0.0
			-0.0	0.0226	-0.0015
			-0.0	-0.0015	0.0215
		A:
			-0.8349	-0.4589	0.3038
			0.8023	0.2935	-0.5198
			-0.5776	-0.2838	-0.7654
			0.5053	0.7739	0.3818
			0.8431	0.5375	0.0166
			-0.1984	0.6392	0.743
		b:
			-346.2115
			273.902
			-268.5154
			425.4942
			398.1295
			230.0378
	==================================================================================
	Q3:
		Shape: Hybrid
		q_c:	226.0	380.0	48.0
		ub :	231.757	386.5014	53.9998
		lb :	220.243	373.4986	42.0002
		P^-1:
			0.112	0.0285	-0.0455
			0.0285	0.0654	-0.0147
			-0.0455	-0.0147	0.0945
		A:
			0.2834	-0.5126	-0.8105
			0.6319	-0.358	-0.6874
			0.7728	-0.2631	-0.5776
			0.1719	0.8034	0.57
			0.8446	0.5249	-0.1056
			0.9893	-0.1382	-0.0466
		b:
			-167.2234
			-24.1933
			48.8825
			374.303
			387.0026
			171.1765
	==================================================================================
	Q4:
		Shape: Hybrid
		q_c:	227.5	367.5	57.5
		ub :	236.1028	376.3697	64.3749
		lb :	218.8972	358.6303	50.6251
		P^-1:
			0.0271	0.0117	-0.0204
			0.0117	0.0418	-0.0338
			-0.0204	-0.0338	0.0863
		A:
			0.5226	0.5479	0.6532
			0.5868	0.7156	-0.379
			-0.5191	-0.8257	0.2209
			0.0638	-0.2991	0.9521
			0.8501	-0.5191	0.0886
			-0.9399	-0.3372	-0.0535
		b:
			362.8504
			377.774
			-405.233
			-38.3912
			13.1854
			-335.8232
	==================================================================================
	Q5:
		Shape: Polyhedra
		q_c:	213.5	385.0	59.0
		ub :	218.4238	391.1253	65.0027
		lb :	208.5762	378.8747	52.9973
		A:
			-0.1227	0.865	0.4866
			0.368	0.9127	-0.1778
			-0.6667	-0.7055	-0.2405
			-0.5191	-0.0336	-0.8541
			-0.9222	-0.1602	0.352
			-0.0293	0.3499	0.9363
			0.6332	0.5308	0.5634
			0.184	-0.8102	0.5565
			0.7518	-0.2487	-0.6107
			-0.6332	-0.5308	-0.5634
			-0.184	0.8102	-0.5565
			-0.7518	0.2487	0.6107
		b:
			338.9461
			423.5596
			-424.5463
			-170.3474
			-234.9932
			186.8341
			376.2659
			-235.3068
			31.2492
			-369.2659
			244.3068
			-26.2492
	==================================================================================
	Q6:
		Shape: Hybrid
		q_c:	222.5	370.0	49.0
		ub :	229.1901	376.5045	54.3853
		lb :	215.8099	363.4955	43.6147
		P^-1:
			0.0743	0.0308	0.0345
			0.0308	0.0874	0.0426
			0.0345	0.0426	0.0971
		A:
			0.3065	0.9472	0.0941
			0.5853	-0.0078	-0.8108
			0.3167	0.8045	-0.5026
			-0.1956	-0.2964	-0.9348
			-0.3921	-0.6405	-0.6603
			0.8307	0.5453	0.1126
		b:
			425.504
			90.7674
			346.5965
			-197.1756
			-355.3101
			394.2435


===========================================================================================
===========================================================================================
S4:
	q_c:	333.5	175.5	300.0
	ub :	363.0794	197.9647	335.7751
	lb :	300.878	136.2756	266.0281

	==================================================================================
	Q1:
		Shape: Hybrid
		q_c:	318.5	170.0	283.0
		ub :	336.122	181.3354	299.9719
		lb :	300.878	158.6646	266.0281
		P^-1:
			0.0098	0.0065	-0.001
			0.0065	0.0253	0.0018
			-0.001	0.0018	0.0076
		A:
			0.5906	-0.801	-0.098
			0.2748	-0.903	0.3303
			-0.4798	-0.8765	0.0386
			0.2313	0.6267	0.7442
			-0.5983	-0.7578	-0.2605
			-0.1958	-0.926	-0.3229
		b:
			31.3902
			34.324
			-287.6678
			397.1276
			-388.7717
			-307.6152
	==================================================================================
	Q2:
		Shape: Ellipse
		q_c:	325.0	177.0	308.0
		ub :	338.6976	194.87	325.0548
		lb :	311.3024	159.13	290.9452
		P^-1:
			0.0271	-0.0141	-0.0098
			-0.0141	0.0156	0.0026
			-0.0098	0.0026	0.0125
	==================================================================================
	Q3:
		Shape: Polyhedra
		q_c:	335.5	182.5	323.0
		ub :	345.4386	195.5057	335.7751
		lb :	325.5614	169.4943	310.2249
		A:
			0.7553	0.042	-0.654
			0.9609	0.2741	0.0399
			0.9495	-0.1105	0.2935
			0.7639	0.3759	-0.5246
			-0.9596	-0.1599	0.2313
			-0.004	-0.4157	-0.9095
			0.5839	0.5216	0.6221
			-0.1668	-0.6728	0.7207
			0.7945	-0.5246	-0.3059
			-0.5839	-0.5216	-0.6221
			0.1668	0.6728	-0.7207
			-0.7945	0.5246	0.3059
		b:
			57.6598
			391.7955
			399.3115
			163.9527
			-269.4875
			-364.2799
			498.0275
			64.0421
			77.999
			-486.0275
			-44.0421
			-65.999
	==================================================================================
	Q4:
		Shape: Ellipse
		q_c:	344.0	182.5	295.0
		ub :	356.3164	192.1273	307.4451
		lb :	331.6836	172.8727	282.5549
		P^-1:
			0.03	-0.0202	-0.0118
			-0.0202	0.0362	0.0149
			-0.0118	0.0149	0.0225
	==================================================================================
	Q5:
		Shape: Hybrid
		q_c:	343.0	151.5	281.5
		ub :	356.5568	166.7244	294.2918
		lb :	329.4432	136.2756	268.7082
		P^-1:
			0.0094	0.0007	0.0003
			0.0007	0.0116	-0.0019
			0.0003	-0.0019	0.0147
		A:
			-0.6915	-0.5504	-0.4679
			-0.6586	-0.6358	-0.4025
			0.3569	0.9289	-0.0993
			-0.7903	-0.4459	0.4203
			0.4592	0.4641	-0.7575
			-0.0412	0.2546	0.9662
		b:
			-446.7115
			-429.9659
			240.3449
			-214.8592
			19.095
			301.1796
	==================================================================================
	Q6:
		Shape: Ellipse
		q_c:	351.0	184.5	303.0
		ub :	363.0794	197.9647	312.2272
		lb :	338.9206	171.0353	293.7728
		P^-1:
			0.0265	0.0086	0.0033
			0.0086	0.0126	-0.0009
			0.0033	-0.0009	0.03


===========================================================================================
===========================================================================================
S5:
	q_c:	20.0	301.5	205.0
	ub :	23.5027	306.8506	209.724
	lb :	16.1917	297.0365	200.9923

	==================================================================================
	Q1:
		Shape: Ellipse
		q_c:	21.5	301.0	205.0
		ub :	23.5027	303.1634	207.3186
		lb :	19.4973	298.8366	202.6814
		P^-1:
			0.6565	-0.1916	0.1901
			-0.1916	0.6175	-0.1717
			0.1901	-0.1717	0.6149
	==================================================================================
	Q2:
		Shape: Hybrid
		q_c:	21.5	303.5	205.5
		ub :	23.2064	304.9	207.248
		lb :	19.7936	302.1	203.752
		P^-1:
			1.2559	0.7568	0.7734
			0.7568	2.7709	1.3399
			0.7734	1.3399	1.4177
		A:
			0.2125	-0.9642	-0.1585
			0.1658	-0.6118	-0.7734
			-0.9816	-0.0702	-0.1777
			-0.1226	-0.8211	-0.5574
			0.4157	-0.3285	-0.8481
			-0.9142	-0.347	-0.2092
		b:
			-320.1375
			-340.3925
			-78.1962
			-366.0828
			-264.0434
			-167.301
	==================================================================================
	Q3:
		Shape: Hybrid
		q_c:	22.0	304.0	205.0
		ub :	23.2313	306.8506	207.8685
		lb :	20.7687	301.1494	202.1315
		P^-1:
			3.66	-0.9165	-0.5652
			-0.9165	0.4963	0.1519
			-0.5652	0.1519	0.3437
		A:
			-0.9887	0.1252	0.0826
			0.8203	-0.2366	-0.5208
			0.9498	-0.2304	-0.2118
			0.8575	-0.3419	-0.3845
			0.9823	-0.1051	-0.1551
			0.8934	-0.4453	-0.0595
		b:
			33.5839
			-160.0002
			-92.3118
			-163.4317
			-41.811
			-127.5277
	==================================================================================
	Q4:
		Shape: Hybrid
		q_c:	19.0	301.5	207.5
		ub :	21.5164	303.7338	209.724
		lb :	16.4836	299.2662	205.276
		P^-1:
			0.6034	0.3546	0.0233
			0.3546	0.6499	0.1149
			0.0233	0.1149	0.4411
		A:
			0.3841	0.8925	0.2365
			-0.6407	-0.1786	-0.7467
			0.5754	-0.4957	-0.6505
			0.6088	0.752	0.2527
			-0.749	0.6111	-0.256
			0.7102	0.6917	0.1309
		b:
			326.074
			-219.9835
			-272.3816
			291.242
			118.3906
			249.7159
	==================================================================================
	Q5:
		Shape: Ellipse
		q_c:	20.0	299.5	203.5
		ub :	22.4202	301.9635	206.0077
		lb :	17.5798	297.0365	200.9923
		P^-1:
			0.6559	-0.1192	-0.3404
			-0.1192	0.3965	-0.009
			-0.3404	-0.009	0.642
	==================================================================================
	Q6:
		Shape: Ellipse
		q_c:	18.5	300.5	203.5
		ub :	20.8083	302.6395	205.043
		lb :	16.1917	298.3605	201.957
		P^-1:
			0.4859	-0.0036	-0.1459
			-0.0036	0.4448	0.0126
			-0.1459	0.0126	0.9583


===========================================================================================
===========================================================================================
S6:
	q_c:	141.0	116.0	187.0
	ub :	147.9993	131.5999	202.2876
	lb :	128.7138	106.1913	175.4434

	==================================================================================
	Q1:
		Shape: Ellipse
		q_c:	135.0	118.0	187.0
		ub :	140.8734	123.205	193.4148
		lb :	129.1266	112.795	180.5852
		P^-1:
			0.0785	0.0064	0.0348
			0.0064	0.0619	-0.0003
			0.0348	-0.0003	0.0732
	==================================================================================
	Q2:
		Shape: Ellipse
		q_c:	139.5	121.5	188.0
		ub :	145.388	128.2692	193.9509
		lb :	133.612	114.7308	182.0491
		P^-1:
			0.0761	-0.0098	-0.0029
			-0.0098	0.0642	-0.0052
			-0.0029	-0.0052	0.0532
	==================================================================================
	Q3:
		Shape: Polyhedra
		q_c:	142.5	125.5	182.0
		ub :	147.9993	131.5999	188.5566
		lb :	137.0007	119.4001	175.4434
		A:
			-0.6558	0.6746	0.3387
			0.3199	-0.2073	0.9245
			0.0678	0.7311	0.6789
			-0.5857	0.4863	0.6485
			0.2615	0.7106	0.6532
			-0.0144	-0.5222	-0.8527
			0.7507	0.2935	0.5918
			-0.6012	0.6748	0.4281
			-0.2737	-0.6772	0.683
			-0.7507	-0.2935	-0.5918
			0.6012	-0.6748	-0.4281
			0.2737	0.6772	-0.683
		b:
			55.3749
			192.0976
			227.9733
			98.3657
			248.5217
			-219.6317
			255.023
			79.4194
			5.3163
			-248.023
			-74.4194
			4.6837
	==================================================================================
	Q4:
		Shape: Polyhedra
		q_c:	137.5	122.5	198.0
		ub :	142.6246	127.6596	202.2876
		lb :	132.3754	117.3404	193.7124
		A:
			-0.0414	0.0377	0.9984
			-0.4783	0.7924	-0.3787
			0.3642	-0.2176	-0.9056
			0.8677	0.265	0.4205
			-0.6866	-0.3256	-0.6501
			-0.2243	-0.2773	0.9342
			0.2833	0.9335	0.2198
			0.0896	0.2024	-0.9752
			-0.9548	0.296	-0.0263
			-0.2833	-0.9335	-0.2198
			-0.0896	-0.2024	0.9752
			0.9548	-0.296	0.0263
		b:
			200.1162
			-39.9136
			-152.3005
			238.8349
			-259.3317
			123.684
			200.3271
			-152.4745
			-96.2375
			-193.3271
			159.4745
			104.2375
	==================================================================================
	Q5:
		Shape: Hybrid
		q_c:	135.5	112.0	189.5
		ub :	142.2862	117.8087	196.3083
		lb :	128.7138	106.1913	182.6917
		P^-1:
			0.0654	0.0115	0.0023
			0.0115	0.0639	0.0112
			0.0023	0.0112	0.0642
		A:
			-0.5684	-0.6354	-0.5226
			-0.1937	0.4558	0.8687
			0.9769	-0.0031	0.2135
			0.9332	0.1401	-0.3308
			0.397	0.8285	-0.3951
			-0.5157	-0.2751	-0.8114
		b:
			-245.4746
			191.4827
			174.7232
			81.6235
			74.0107
			-252.467
	==================================================================================
	Q6:
		Shape: Polyhedra
		q_c:	144.0	123.5	186.0
		ub :	147.3009	125.3376	187.9673
		lb :	140.6991	121.6624	184.0327
		A:
			0.2204	0.0029	0.9754
			0.2121	0.793	-0.5711
			0.5145	-0.4062	-0.7552
			-0.045	-0.7618	-0.6463
			0.4476	-0.8447	-0.2936
			-0.4509	-0.5943	-0.666
			0.2642	0.1477	0.9531
			-0.1076	0.9865	-0.1231
			-0.9585	-0.07	0.2765
			-0.2642	-0.1477	-0.9531
			0.1076	-0.9865	0.1231
			0.9585	0.07	-0.2765
		b:
			214.5515
			24.0456
			-114.356
			-219.494
			-92.5991
			-260.804
			234.5623
			84.9512
			-92.2303
			-232.5623
			-81.9512
			98.2303


===========================================================================================
===========================================================================================
S7:
	q_c:	60.5	114.0	383.5
	ub :	72.3387	128.5077	398.3602
	lb :	47.3403	98.1631	372.4185

	==================================================================================
	Q1:
		Shape: Hybrid
		q_c:	59.0	118.5	388.5
		ub :	62.4558	122.2414	392.4056
		lb :	55.5442	114.7586	384.5944
		P^-1:
			0.2237	-0.0305	-0.0273
			-0.0305	0.1746	0.0131
			-0.0273	0.0131	0.1717
		A:
			-0.3228	-0.8356	-0.4445
			0.1702	0.8849	0.4335
			-0.7953	-0.5038	-0.3371
			-0.4583	-0.1434	0.8772
			0.7474	-0.4837	0.4555
			-0.0943	-0.544	0.8338
		b:
			-289.2764
			284.7722
			-236.128
			298.0521
			165.0501
			255.3862
	==================================================================================
	Q2:
		Shape: Hybrid
		q_c:	66.0	119.0	382.5
		ub :	72.3387	126.1941	386.9361
		lb :	59.6613	111.8059	378.0639
		P^-1:
			0.0667	0.024	0.0018
			0.024	0.0426	-0.0
			0.0018	-0.0	0.0626
		A:
			-0.1474	-0.9858	-0.0804
			-0.8658	0.0208	-0.5
			-0.8829	-0.052	0.4667
			0.7435	0.6638	-0.081
			-0.2559	-0.602	0.7564
			0.8189	0.1925	-0.5407
		b:
			-154.4237
			-243.4257
			116.5126
			98.9545
			203.2654
			-127.6891
	==================================================================================
	Q3:
		Shape: Polyhedra
		q_c:	61.5	122.5	391.0
		ub :	69.3691	128.5077	398.3602
		lb :	53.6309	116.4923	383.6398
		A:
			0.5614	-0.0289	0.827
			0.1228	-0.8196	-0.5596
			0.6845	0.4538	0.5705
			-0.732	-0.5415	-0.4135
			0.654	0.6935	0.3022
			0.419	0.7418	0.5236
			0.3028	0.7289	0.614
			0.795	0.1621	-0.5846
			-0.5257	0.6651	-0.5304
			-0.3028	-0.7289	-0.614
			-0.795	-0.1621	0.5846
			0.5257	-0.6651	0.5304
		b:
			358.7042
			-308.6771
			323.8383
			-269.8082
			246.4173
			323.514
			349.9822
			-154.3151
			-152.7309
			-345.9822
			165.3151
			163.7309
	==================================================================================
	Q4:
		Shape: Polyhedra
		q_c:	59.0	110.0	379.0
		ub :	64.8402	116.0303	385.5815
		lb :	53.1598	103.9697	372.4185
		A:
			0.632	-0.575	0.5196
			0.843	0.489	-0.2241
			0.0804	-0.2505	0.9648
			0.2353	0.7625	0.6027
			0.4614	0.0273	0.8867
			-0.5884	-0.7982	-0.1295
			0.6794	0.3479	0.646
			0.7227	-0.1649	-0.6712
			-0.127	0.9229	-0.3634
			-0.6794	-0.3479	-0.646
			-0.7227	0.1649	0.6712
			0.127	-0.9229	0.3634
		b:
			175.1504
			22.5189
			346.8546
			329.973
			369.9883
			-167.6452
			326.6995
			-225.8985
			-39.212
			-319.6995
			233.8985
			48.212
	==================================================================================
	Q5:
		Shape: Polyhedra
		q_c:	61.0	103.5	380.5
		ub :	66.4883	108.8369	386.3605
		lb :	55.5117	98.1631	374.6395
		A:
			-0.9323	0.3368	-0.1317
			0.8545	0.2274	-0.467
			0.623	0.7018	-0.3456
			0.8806	-0.4566	-0.127
			-0.7566	0.2386	0.6088
			0.8175	-0.4119	0.4025
			0.0981	0.9135	0.3948
			0.4635	0.3091	-0.8305
			-0.8807	0.2645	-0.393
			-0.0981	-0.9135	-0.3948
			-0.4635	-0.3091	0.8305
			0.8807	-0.2645	0.393
		b:
			-68.1768
			-98.3746
			-17.352
			-37.9837
			213.8093
			164.3696
			254.2402
			-252.2345
			-171.9054
			-247.2402
			259.2345
			179.9054
	==================================================================================
	Q6:
		Shape: Polyhedra
		q_c:	53.0	118.0	386.5
		ub :	58.6597	123.8908	389.6604
		lb :	47.3403	112.1092	383.3396
		A:
			-0.112	-0.242	-0.9638
			-0.6005	-0.7601	0.2483
			0.8424	-0.0377	-0.5375
			0.11	0.392	-0.9134
			-0.0916	0.3164	-0.9442
			-0.7283	-0.1307	-0.6727
			0.5971	0.5032	0.6247
			0.6399	-0.7684	0.0074
			0.4837	0.3953	-0.7808
			-0.5971	-0.5032	-0.6247
			-0.6399	0.7684	-0.0074
			-0.4837	-0.3953	0.7808
		b:
			-404.6202
			-23.1695
			-164.2805
			-298.5992
			-329.891
			-311.0585
			334.9697
			-48.8991
			-227.5083
			-329.9697
			58.8991
			231.5083


===========================================================================================
===========================================================================================
S8:
	q_c:	188.5	303.0	437.0
	ub :	196.3421	317.8137	452.9138
	lb :	170.5793	287.5061	422.19

	==================================================================================
	Q1:
		Shape: Polyhedra
		q_c:	190.5	292.5	434.5
		ub :	195.2806	297.4939	439.6721
		lb :	185.7194	287.5061	429.3279
		A:
			0.0343	0.2977	-0.954
			-0.6479	0.5214	-0.5553
			0.5648	0.6746	0.4753
			-0.1808	0.7756	-0.6048
			0.743	-0.231	0.6281
			0.214	0.6485	-0.7305
			0.8346	0.3218	0.4471
			-0.0715	-0.7415	0.6671
			0.5462	-0.5887	-0.5959
			-0.8346	-0.3218	-0.4471
			0.0715	0.7415	-0.6671
			-0.5462	0.5887	0.5959
		b:
			-318.2436
			-209.7566
			514.1713
			-68.508
			348.9717
			-85.1595
			449.3818
			60.852
			-321.5529
			-445.3818
			-57.852
			332.5529
	==================================================================================
	Q2:
		Shape: Ellipse
		q_c:	189.0	303.5	427.5
		ub :	196.3421	310.6768	432.81
		lb :	181.6579	296.3232	422.19
		P^-1:
			0.0579	0.0241	0.0033
			0.0241	0.0573	-0.0034
			0.0033	-0.0034	0.0812
	==================================================================================
	Q3:
		Shape: Hybrid
		q_c:	180.0	295.5	434.5
		ub :	185.9269	301.7878	440.8566
		lb :	174.0731	289.2122	428.1434
		P^-1:
			0.0605	0.011	0.0107
			0.011	0.0759	-0.0056
			0.0107	-0.0056	0.0762
		A:
			0.7361	0.6465	-0.2006
			0.0441	0.1341	0.99
			-0.0621	0.4233	0.9039
			0.7999	-0.2406	-0.5499
			-0.674	-0.5355	0.5089
			0.3332	-0.8894	-0.313
		b:
			238.3201
			479.655
			508.775
			-163.3269
			-56.3958
			-336.4461
	==================================================================================
	Q4:
		Shape: Polyhedra
		q_c:	190.5	309.5	446.0
		ub :	195.3921	317.8137	452.9138
		lb :	185.6079	301.1863	439.0862
		A:
			-0.8507	0.5219	-0.0623
			-0.8578	0.5004	0.1171
			-0.8393	0.406	0.3616
			-0.4063	0.5712	0.7132
			0.5543	0.6629	-0.5033
			-0.9195	0.2506	-0.3029
			0.1861	0.9575	0.2202
			-0.9523	0.1207	0.2802
			0.2417	-0.2619	0.9343
			-0.1861	-0.9575	-0.2202
			0.9523	-0.1207	-0.2802
			-0.2417	0.2619	-0.9343
		b:
			-24.6041
			47.2095
			130.2989
			422.6083
			91.5976
			-229.1926
			437.0301
			-16.6206
			386.7133
			-423.0301
			21.6206
			-376.7133
	==================================================================================
	Q5:
		Shape: Hybrid
		q_c:	177.5	308.0	430.0
		ub :	184.4207	311.7367	436.5816
		lb :	170.5793	304.2633	423.4184
		P^-1:
			0.0779	-0.0344	0.064
			-0.0344	0.2002	-0.0576
			0.064	-0.0576	0.1108
		A:
			0.7406	-0.3019	0.6003
			0.6853	-0.077	0.7242
			-0.7171	-0.3455	-0.6054
			-0.6686	-0.1208	-0.7338
			0.315	0.9439	-0.0991
			-0.5823	-0.0655	-0.8103
		b:
			298.27
			410.9699
			-491.9516
			-469.5913
			305.8918
			-470.2172
	==================================================================================
	Q6:
		Shape: Hybrid
		q_c:	181.0	296.5	443.5
		ub :	184.8979	305.3154	452.0731
		lb :	177.1021	287.6846	434.9269
		P^-1:
			0.1556	-0.0217	0.0086
			-0.0217	0.0314	-0.0062
			0.0086	-0.0062	0.0297
		A:
			0.8961	-0.0014	0.4439
			-0.8636	-0.3202	0.3894
			-0.6377	-0.0153	-0.7701
			-0.6517	0.0863	0.7535
			-0.8636	0.0328	0.5032
			-0.8729	0.4229	-0.2434
		b:
			360.857
			-75.7628
			-457.9842
			245.5305
			79.2316
			-138.8293


===========================================================================================
===========================================================================================
S9:
	q_c:	309.5	175.0	103.0
	ub :	327.2488	192.0215	118.2329
	lb :	296.1685	157.7096	88.5435

	==================================================================================
	Q1:
		Shape: Hybrid
		q_c:	306.5	179.0	104.0
		ub :	309.5386	182.2414	106.9383
		lb :	303.4614	175.7586	101.0617
		P^-1:
			0.3815	-0.1932	0.2352
			-0.1932	0.3127	-0.3174
			0.2352	-0.3174	0.6669
		A:
			-0.041	-0.7312	0.6809
			-0.1861	0.6643	-0.7239
			-0.0052	-0.6088	0.7933
			0.1215	-0.3472	0.9299
			0.4995	-0.583	0.6408
			-0.2382	-0.2934	0.9258
		b:
			-71.5278
			-12.6323
			-27.1997
			72.4851
			115.9551
			-28.2078
	==================================================================================
	Q2:
		Shape: Hybrid
		q_c:	302.0	175.0	111.0
		ub :	307.8315	181.5922	118.2329
		lb :	296.1685	168.4078	103.7671
		P^-1:
			0.0715	0.0098	0.0148
			0.0098	0.0606	-0.0048
			0.0148	-0.0048	0.052
		A:
			-0.792	-0.0467	-0.6087
			0.7374	0.6452	0.2
			-0.9645	0.173	0.1994
			-0.1379	-0.8606	0.4903
			-0.0182	-0.9126	-0.4084
			-0.6863	-0.4968	-0.5313
		b:
			-313.1038
			359.6334
			-236.3247
			-135.5944
			-207.873
			-351.2671
	==================================================================================
	Q3:
		Shape: Polyhedra
		q_c:	320.5	168.5	108.5
		ub :	327.2488	176.549	114.7927
		lb :	313.7512	160.451	102.2073
		A:
			0.5692	0.7118	0.4114
			-0.8949	-0.3628	0.26
			-0.5653	-0.3079	-0.7653
			-0.2917	-0.6959	0.6562
			-0.1821	-0.4641	-0.8669
			-0.8932	-0.4477	-0.0414
			0.7018	0.0962	0.7059
			-0.4281	0.8489	0.31
			-0.5694	-0.5198	0.6369
			-0.7018	-0.0962	-0.7059
			0.4281	-0.8489	-0.31
			0.5694	0.5198	-0.6369
		b:
			351.0424
			-315.6016
			-313.543
			-134.9604
			-226.3959
			-362.6964
			319.7108
			45.95
			-196.4684
			-315.7108
			-32.95
			205.4684
	==================================================================================
	Q4:
		Shape: Hybrid
		q_c:	313.0	182.5	103.5
		ub :	321.6783	192.0215	112.0315
		lb :	304.3217	172.9785	94.9685
		P^-1:
			0.0331	0.0	-0.0
			0.0	0.0331	-0.0
			-0.0	-0.0	0.0331
		A:
			0.8904	0.4077	0.2025
			0.0101	-0.7181	0.6959
			0.9349	0.2674	-0.2336
			0.5778	-0.7328	0.3593
			-0.7721	-0.0284	0.6349
			-0.8744	0.3881	-0.2912
		b:
			376.8028
			-53.132
			319.9799
			87.043
			-178.3789
			-230.2372
	==================================================================================
	Q5:
		Shape: Polyhedra
		q_c:	309.5	179.0	96.5
		ub :	314.8208	184.8189	104.4565
		lb :	304.1792	173.1811	88.5435
		A:
			-0.5384	0.8377	0.0922
			-0.2815	0.6304	0.7234
			0.0858	-0.9963	0.0052
			-0.7793	0.6249	0.0461
			0.0233	-0.9567	-0.2901
			0.895	-0.4134	0.1678
			0.8189	0.5715	0.0521
			0.5605	-0.777	-0.2865
			-0.1232	0.2638	-0.9567
			-0.8189	-0.5715	-0.0521
			-0.5605	0.777	0.2865
			0.1232	-0.2638	0.9567
		b:
			-5.3239
			99.644
			-147.943
			-122.1731
			-189.2772
			223.0135
			364.7933
			8.7395
			-75.7244
			-356.7933
			-4.7395
			90.7244
	==================================================================================
	Q6:
		Shape: Polyhedra
		q_c:	316.5	165.0	97.0
		ub :	325.4816	172.2904	105.2712
		lb :	307.5184	157.7096	88.7288
		A:
			0.0647	0.9415	-0.3307
			-0.5466	0.4157	-0.7269
			-0.6568	-0.6601	-0.3646
			-0.2036	-0.7896	0.5788
			-0.7373	0.0779	-0.6711
			0.1335	-0.2999	-0.9446
			0.124	0.9729	0.1952
			0.9304	-0.0456	-0.3637
			-0.3449	0.2267	-0.9108
			-0.124	-0.9729	-0.1952
			-0.9304	0.0456	0.3637
			0.3449	-0.2267	0.9108
		b:
			149.5576
			-169.7284
			-346.086
			-132.8341
			-280.1048
			-93.12
			224.7166
			258.6606
			-155.1132
			-212.7166
			-244.6606
			165.1132


===========================================================================================
===========================================================================================
S10:
	q_c:	520.0	453.0	97.0
	ub :	523.0698	455.7122	99.9841
	lb :	517.3957	451.7422	94.7371

	==================================================================================
	Q1:
		Shape: Polyhedra
		q_c:	519.0	453.5	98.5
		ub :	520.6043	455.0416	99.9841
		lb :	517.3957	451.9584	97.0159
		A:
			0.3404	0.8763	0.3408
			-0.3629	0.7081	-0.6057
			-0.674	0.4321	-0.5992
			0.7168	-0.2937	0.6324
			-0.7877	-0.467	-0.4017
			-0.459	0.8789	-0.1297
			0.1317	0.3313	0.9343
			-0.6166	0.7654	-0.1845
			-0.7762	-0.5517	0.305
			-0.1317	-0.3313	-0.9343
			0.6166	-0.7654	0.1845
			0.7762	0.5517	-0.305
		b:
			608.8385
			73.8381
			-212.1958
			301.8897
			-658.9027
			148.1336
			311.6081
			9.4256
			-621.5316
			-309.6081
			-8.4256
			624.5316
	==================================================================================
	Q2:
		Shape: Polyhedra
		q_c:	520.0	454.0	97.5
		ub :	521.3275	455.5733	98.7463
		lb :	518.6725	452.4267	96.2537
		A:
			-0.5732	-0.4837	-0.6615
			-0.8822	0.4514	0.134
			-0.725	0.2535	-0.6404
			-0.9274	-0.0281	-0.373
			0.4193	-0.5445	0.7264
			0.0826	0.7662	0.6373
			0.9655	0.0776	0.2485
			-0.2493	0.0002	0.9684
			0.0751	-0.997	0.0195
			-0.9655	-0.0776	-0.2485
			0.2493	-0.0002	-0.9684
			-0.0751	0.997	-0.0195
		b:
			-581.0255
			-239.6196
			-323.2546
			-530.3716
			42.8778
			454.251
			562.537
			-34.1229
			-410.161
			-560.537
			36.1229
			413.161
	==================================================================================
	Q3:
		Shape: Polyhedra
		q_c:	521.5	453.0	96.0
		ub :	522.6852	454.2578	97.2629
		lb :	520.3148	451.7422	94.7371
		A:
			-0.4365	-0.8751	-0.2092
			-0.8322	-0.5233	-0.1836
			0.8378	0.3675	-0.4038
			0.8241	-0.0902	-0.5593
			-0.6783	-0.2483	-0.6916
			0.6314	0.7607	0.1505
			0.7868	0.6146	0.0567
			0.5796	-0.7672	0.2747
			0.2123	-0.1833	-0.9599
			-0.7868	-0.6146	-0.0567
			-0.5796	0.7672	-0.2747
			-0.2123	0.1833	0.9599
		b:
			-643.4685
			-688.1172
			565.3065
			336.0819
			-531.8318
			688.8628
			694.671
			-17.9552
			-63.4556
			-693.671
			19.9552
			65.4556
	==================================================================================
	Q4:
		Shape: Ellipse
		q_c:	521.0	454.5	96.5
		ub :	521.8406	455.7122	97.4965
		lb :	520.1594	453.2878	95.5035
		P^-1:
			3.8928	-0.5049	-0.2352
			-0.5049	1.623	-1.1072
			-0.2352	-1.1072	3.4843
	==================================================================================
	Q5:
		Shape: Polyhedra
		q_c:	521.5	453.5	97.5
		ub :	523.0698	454.378	98.7446
		lb :	519.9302	452.622	96.2554
		A:
			0.1782	0.6012	-0.779
			0.3386	0.9337	0.1165
			-0.7026	0.0743	0.7077
			-0.2486	0.5073	0.8252
			-0.3813	0.7954	-0.4711
			-0.2746	0.7829	0.5583
			0.8791	0.1783	0.4421
			0.0265	-0.9442	0.3282
			0.4759	-0.2768	-0.8348
			-0.8791	-0.1783	-0.4421
			-0.0265	0.9442	-0.3282
			-0.4759	0.2768	0.8348
		b:
			290.1205
			612.2682
			-263.0523
			181.4748
			116.706
			266.8154
			583.9168
			-381.8846
			41.773
			-580.9168
			382.8846
			-40.773
	==================================================================================
	Q6:
		Shape: Ellipse
		q_c:	520.5	454.0	96.5
		ub :	521.6754	454.8569	97.5644
		lb :	519.3246	453.1431	95.4356
		P^-1:
			1.6293	-0.4467	1.1368
			-0.4467	3.9158	0.2142
			1.1368	0.2142	3.4549


===========================================================================================
===========================================================================================
S11:
	q_c:	123.0	90.0	492.5
	ub :	135.2874	105.8456	509.5679
	lb :	111.5377	76.2378	480.0742

	==================================================================================
	Q1:
		Shape: Polyhedra
		q_c:	128.0	80.5	491.5
		ub :	131.8409	84.2909	497.9713
		lb :	124.1591	76.7091	485.0287
		A:
			-0.8393	-0.2309	-0.4923
			0.5026	0.2935	0.8132
			-0.9385	-0.0777	-0.3364
			-0.7709	-0.0398	-0.6357
			-0.898	0.3581	-0.2558
			0.575	0.5944	0.5622
			0.9574	0.08	0.2774
			0.0702	-0.9965	0.0453
			0.2801	-0.0239	-0.9597
			-0.9574	-0.08	-0.2774
			-0.0702	0.9965	-0.0453
			-0.2801	0.0239	0.9597
		b:
			-365.4973
			491.855
			-289.7099
			-411.3172
			-209.4782
			401.1286
			267.3474
			-45.4975
			-431.7516
			-263.3474
			52.4975
			443.7516
	==================================================================================
	Q2:
		Shape: Hybrid
		q_c:	123.0	97.0	486.5
		ub :	127.2942	100.56	492.1496
		lb :	118.7058	93.44	480.8504
		P^-1:
			0.1999	-0.0135	-0.0884
			-0.0135	0.1117	0.0009
			-0.0884	0.0009	0.0895
		A:
			0.4005	-0.762	-0.5088
			0.2457	-0.8301	0.5006
			0.9188	-0.2431	-0.311
			0.7252	-0.6748	0.1366
			-0.9333	-0.3587	-0.0192
			-0.1667	0.7395	0.6521
		b:
			-270.3085
			195.8416
			-60.6961
			92.3588
			-156.7634
			371.0147
	==================================================================================
	Q3:
		Shape: Hybrid
		q_c:	129.5	97.0	500.5
		ub :	134.2395	102.062	505.8349
		lb :	124.7605	91.938	495.1651
		P^-1:
			0.0991	-0.0197	-0.0152
			-0.0197	0.1646	-0.0938
			-0.0152	-0.0938	0.1467
		A:
			0.5178	0.0795	0.8518
			-0.2339	0.964	0.1264
			0.9317	0.054	-0.3591
			0.016	-0.8001	-0.5997
			-0.2805	-0.645	0.7108
			-0.8042	0.5809	-0.1255
		b:
			504.0381
			128.7598
			-51.8191
			-372.4991
			258.0222
			-108.8538
	==================================================================================
	Q4:
		Shape: Ellipse
		q_c:	119.5	97.5	486.0
		ub :	127.4623	105.8456	491.9258
		lb :	111.5377	89.1544	480.0742
		P^-1:
			0.0848	0.0445	-0.0454
			0.0445	0.0557	-0.0058
			-0.0454	-0.0058	0.1189
	==================================================================================
	Q5:
		Shape: Polyhedra
		q_c:	124.5	92.0	502.5
		ub :	130.1961	99.113	509.5679
		lb :	118.8039	84.887	495.4321
		A:
			0.8367	0.1111	-0.5362
			-0.0307	0.0103	0.9995
			-0.9959	0.0722	-0.0539
			0.6646	0.3687	-0.6499
			0.5159	-0.477	0.7115
			0.9656	-0.1038	-0.2384
			0.889	0.3668	0.2741
			0.0834	-0.7183	0.6908
			0.4502	-0.5913	-0.6691
			-0.889	-0.3668	-0.2741
			-0.0834	0.7183	-0.6908
			-0.4502	0.5913	0.6691
		b:
			-150.7525
			503.8379
			-140.5586
			-205.7767
			381.7676
			-4.9136
			285.6482
			295.406
			-329.5825
			-278.6482
			-287.406
			339.5825
	==================================================================================
	Q6:
		Shape: Polyhedra
		q_c:	132.0	82.0	500.0
		ub :	135.2874	87.7622	502.7257
		lb :	128.7126	76.2378	497.2743
		A:
			-0.787	-0.2348	0.5705
			-0.0324	0.8078	-0.5885
			-0.519	-0.3458	0.7817
			-0.695	-0.3934	0.6019
			0.6976	-0.1578	0.6989
			-0.2597	-0.2367	0.9362
			0.9067	0.1108	0.407
			-0.371	-0.2493	0.8945
			0.2005	-0.9621	-0.185
			-0.9067	-0.1108	-0.407
			0.371	0.2493	-0.8945
			-0.2005	0.9621	0.185
		b:
			163.4752
			-228.5072
			295.146
			178.3717
			430.6522
			415.4562
			334.2468
			378.8406
			-139.4016
			-330.2468
			-376.8406
			150.4016


===========================================================================================
===========================================================================================
S12:
	q_c:	113.0	327.5	375.5
	ub :	124.5405	338.1739	386.987
	lb :	100.656	321.4658	367.4566

	==================================================================================
	Q1:
		Shape: Ellipse
		q_c:	117.0	329.5	379.5
		ub :	122.2733	333.0397	384.8372
		lb :	111.7267	325.9603	374.1628
		P^-1:
			0.1327	0.0537	0.0578
			0.0537	0.1809	0.0441
			0.0578	0.0441	0.1101
	==================================================================================
	Q2:
		Shape: Ellipse
		q_c:	111.5	327.5	373.0
		ub :	114.3937	330.6444	376.2202
		lb :	108.6063	324.3556	369.7798
		P^-1:
			0.3402	0.1013	0.0012
			0.1013	0.338	0.0449
			0.0012	0.0449	0.1762
	==================================================================================
	Q3:
		Shape: Hybrid
		q_c:	107.0	330.0	374.5
		ub :	113.344	337.7784	381.5434
		lb :	100.656	322.2216	367.4566
		P^-1:
			0.0526	0.0097	0.0055
			0.0097	0.0497	0.0003
			0.0055	0.0003	0.0496
		A:
			0.1384	-0.901	-0.4112
			-0.0897	0.628	0.773
			0.7538	0.2671	0.6004
			-0.5261	-0.3004	0.7956
			0.524	0.4745	0.7073
			-0.486	0.8733	-0.0335
		b:
			-433.7857
			489.7992
			395.7363
			145.0827
			479.6686
			226.5594
	==================================================================================
	Q4:
		Shape: Hybrid
		q_c:	111.0	330.5	374.0
		ub :	115.3985	333.5728	378.4544
		lb :	106.6015	327.4272	369.5456
		P^-1:
			0.1177	0.0427	-0.0183
			0.0427	0.3872	-0.1182
			-0.0183	-0.1182	0.1617
		A:
			0.3402	0.9277	0.1535
			-0.2608	0.9449	-0.1979
			0.5858	0.2248	-0.7786
			0.1914	-0.9727	0.131
			-0.2917	-0.9138	-0.2825
			0.2023	-0.731	0.6517
		b:
			403.1124
			210.4528
			-150.0577
			-250.1442
			-438.5684
			25.7218
	==================================================================================
	Q5:
		Shape: Ellipse
		q_c:	118.0	334.0	382.0
		ub :	121.7834	338.1739	386.1726
		lb :	114.2166	329.8261	377.8274
		P^-1:
			0.0828	0.007	-0.0064
			0.007	0.1371	-0.0238
			-0.0064	-0.0238	0.1329
	==================================================================================
	Q6:
		Shape: Ellipse
		q_c:	120.0	324.5	384.5
		ub :	124.5405	327.5342	386.987
		lb :	115.4595	321.4658	382.013
		P^-1:
			0.0749	0.0441	0.015
			0.0441	0.2389	-0.0038
			0.015	-0.0038	0.2487


===========================================================================================
===========================================================================================
