3D_45_5_6_b                l = 3

===========================================================================================
===========================================================================================
S1:
	q_c:    343.5000    454.0000    94.5000
	ub :    373.0000    463.0000    113.0000
	lb :    314.0000    445.0000    76.0000

	==================================================================================
	Q1:
		Shape: Hybrid
		q_c:    351.5000    450.0000    90.0000
		ub :    355.5666    454.8173    94.8931
		lb :    347.4334    445.1827    85.1069
		P^-1: 
			    0.1421    -0.0174    -0.0159
			    -0.0174    0.1209    0.0089
			    -0.0159    0.0089    0.1192
		A:
			    0.8321    0.2267    -0.5063
			    -0.9976    -0.0377    -0.0574
			    -0.7835    -0.0289    0.6208
			    -0.8404    0.5393    -0.0546
			    0.8856    -0.1105    -0.4511
			    0.2546    -0.8246    -0.5052
		b:
			    350.3714
			    -371.3191
			    -231.1341
			    -56.2657
			    222.2777
			    -325.6073
	==================================================================================
	Q2:
		Shape: Hybrid
		q_c:    352.0000    447.0000    87.0000
		ub :    357.9934    451.8014    92.6747
		lb :    346.0066    442.1986    81.3253
		P^-1: 
			    0.0781    0.0001    0.0075
			    0.0001    0.0816    -0.0003
			    0.0075    -0.0003    0.0661
		A:
			    -0.3049    -0.3302    0.8933
			    -0.5390    -0.7199    -0.4374
			    -0.2464    0.7704    -0.5880
			    -0.3713    -0.7700    0.5189
			    -0.6986    0.4244    0.5761
			    -0.3505    0.9065    0.2353
		b:
			    -174.9975
			    -547.7825
			    208.3358
			    -427.7959
			    -3.9729
			    304.1385
	==================================================================================
	Q3:
		Shape: Ellipse
		q_c:    349.5000    465.0000    92.5000
		ub :    353.7252    467.3085    96.6884
		lb :    345.2748    462.6915    88.3116
		P^-1: 
			    0.2570    -0.3168    0.0895
			    -0.3168    0.7993    -0.1944
			    0.0895    -0.1944    0.1660
	==================================================================================
	Q4:
		Shape: Ellipse
		q_c:    337.0000    446.5000    91.0000
		ub :    341.3804    451.5948    95.5602
		lb :    332.6196    441.4052    86.4398
		P^-1: 
			    0.1215    0.0369    -0.0131
			    0.0369    0.1159    -0.0121
			    -0.0131    -0.0121    0.0859
	==================================================================================
	Q5:
		Shape: Polyhedra
		q_c:    336.5000    452.0000    95.5000
		ub :    341.8451    455.4269    100.6781
		lb :    331.1549    448.5731    90.3219
		A:
			    -0.7562    -0.5954    -0.2715
			    0.5227    0.3531    -0.7760
			    -0.0035    -0.1277    0.9918
			    0.2086    0.5907    0.7794
			    0.2047    0.3894    -0.8980
			    -0.4217    -0.1111    -0.8999
			    0.3023    0.9177    0.2579
			    0.6477    0.0007    -0.7619
			    -0.6993    0.3974    -0.5942
			    -0.3023    -0.9177    -0.2579
			    -0.6477    -0.0007    0.7619
			    0.6993    -0.3974    0.5942
		b:
			    -546.8696
			    264.3848
			    39.2432
			    414.2253
			    162.4302
			    -274.5792
			    543.1455
			    148.5076
			    -108.4524
			    -539.1455
			    -142.5076
			    116.4524
	==================================================================================
	Q6:
		Shape: Ellipse
		q_c:    347.0000    457.0000    88.0000
		ub :    354.1537    463.0963    95.5137
		lb :    339.8463    450.9037    80.4863
		P^-1: 
			    0.0512    -0.0036    0.0027
			    -0.0036    0.0567    -0.0054
			    0.0027    -0.0054    0.0534


===========================================================================================
===========================================================================================
S2:
	q_c:    150.5000    310.0000    195.5000
	ub :    174.0000    331.0000    214.0000
	lb :    127.0000    289.0000    177.0000

	==================================================================================
	Q1:
		Shape: Polyhedra
		q_c:    156.5000    299.0000    209.5000
		ub :    162.9440    304.2011    215.8643
		lb :    150.0560    293.7989    203.1357
		A:
			    -0.9784    0.1529    -0.1392
			    -0.6290    0.7525    0.1953
			    -0.6790    0.5505    0.4856
			    -0.9218    0.3696    0.1169
			    0.1247    0.9915    -0.0374
			    0.4730    -0.8501    -0.2314
			    0.5981    0.4085    0.6895
			    -0.5908    -0.3566    0.7237
			    0.5415    -0.8402    0.0280
			    -0.5981    -0.4085    -0.6895
			    0.5908    0.3566    -0.7237
			    -0.5415    0.8402    -0.0280
		b:
			    -132.4292
			    169.5654
			    162.5848
			    -6.3386
			    311.5482
			    -226.2353
			    366.1880
			    -44.4647
			    -158.6089
			    -354.1880
			    50.4647
			    162.6089
	==================================================================================
	Q2:
		Shape: Ellipse
		q_c:    154.0000    311.0000    199.0000
		ub :    163.7319    322.7928    211.5961
		lb :    144.2681    299.2072    186.4039
		P^-1: 
			    0.0217    -0.0019    0.0029
			    -0.0019    0.0178    0.0000
			    0.0029    0.0000    0.0176
	==================================================================================
	Q3:
		Shape: Hybrid
		q_c:    160.0000    322.0000    207.0000
		ub :    167.0821    328.3848    212.7018
		lb :    152.9179    315.6152    201.2982
		P^-1: 
			    0.0374    -0.0007    0.0123
			    -0.0007    0.1212    -0.0985
			    0.0123    -0.0985    0.1738
		A:
			    0.6721    0.1442    -0.7263
			    0.5326    -0.3726    0.7599
			    -0.9198    -0.1743    -0.3516
			    -0.3890    0.4616    -0.7972
			    0.4309    -0.5176    0.7392
			    -0.9635    0.2447    -0.1089
		b:
			    7.0612
			    124.6255
			    -272.2391
			    -77.0255
			    57.0514
			    -93.7067
	==================================================================================
	Q4:
		Shape: Ellipse
		q_c:    146.0000    306.5000    210.5000
		ub :    152.0683    314.6807    218.3852
		lb :    139.9317    298.3193    202.6148
		P^-1: 
			    0.0691    -0.0192    -0.0091
			    -0.0192    0.0428    0.0065
			    -0.0091    0.0065    0.0306
	==================================================================================
	Q5:
		Shape: Polyhedra
		q_c:    165.0000    324.0000    191.0000
		ub :    174.3293    330.2099    200.4846
		lb :    155.6707    317.7901    181.5154
		A:
			    -0.1868    -0.6817    -0.7073
			    0.4646    -0.6321    -0.6202
			    -0.4048    0.5814    0.7057
			    0.0562    -0.8849    -0.4623
			    0.7894    -0.5158    0.3330
			    -0.2246    0.7466    0.6262
			    0.7414    0.0225    0.6707
			    -0.6036    -0.4146    0.6811
			    0.2934    -0.9097    -0.2938
			    -0.7414    -0.0225    -0.6707
			    0.6036    0.4146    -0.6811
			    -0.2934    0.9097    0.2938
		b:
			    -382.3779
			    -242.1655
			    261.0187
			    -362.0463
			    31.6062
			    328.4356
			    263.2190
			    -96.8345
			    -298.9588
			    -252.2190
			    110.8345
			    305.9588
	==================================================================================
	Q6:
		Shape: Ellipse
		q_c:    163.0000    327.0000    201.5000
		ub :    171.9991    336.4535    210.4339
		lb :    154.0009    317.5465    192.5661
		P^-1: 
			    0.0659    0.0020    -0.0442
			    0.0020    0.0268    0.0101
			    -0.0442    0.0101    0.0671


===========================================================================================
===========================================================================================
S3:
	q_c:    223.0000    226.0000    80.0000
	ub :    246.0000    244.0000    91.0000
	lb :    200.0000    208.0000    69.0000

	==================================================================================
	Q1:
		Shape: Polyhedra
		q_c:    234.5000    224.0000    72.5000
		ub :    239.2041    229.8318    78.1177
		lb :    229.7959    218.1682    66.8823
		A:
			    -0.8969    0.4377    0.0631
			    0.6839    -0.3807    -0.6224
			    0.3075    -0.2452    0.9194
			    0.8664    -0.4493    -0.2178
			    -0.6364    0.7704    -0.0395
			    -0.5074    -0.1395    -0.8503
			    0.3644    0.7662    0.5294
			    0.8442    -0.5117    0.1596
			    0.3932    0.3887    -0.8333
			    -0.3644    -0.7662    -0.5294
			    -0.8442    0.5117    -0.1596
			    -0.3932    -0.3887    0.8333
		b:
			    -105.5975
			    33.0756
			    87.1772
			    89.0633
			    22.8954
			    -208.0687
			    299.9441
			    96.9060
			    122.3619
			    -290.9441
			    -92.9060
			    -115.3619
	==================================================================================
	Q2:
		Shape: Ellipse
		q_c:    221.5000    230.5000    78.0000
		ub :    228.8238    236.4770    83.0007
		lb :    214.1762    224.5230    72.9993
		P^-1: 
			    0.0504    0.0703    0.0551
			    0.0703    0.2511    0.1881
			    0.0551    0.1881    0.2201
	==================================================================================
	Q3:
		Shape: Hybrid
		q_c:    215.5000    230.0000    74.0000
		ub :    220.9053    235.4996    78.2842
		lb :    210.0947    224.5004    69.7158
		P^-1: 
			    0.1010    -0.0104    0.0297
			    -0.0104    0.1004    0.0325
			    0.0297    0.0325    0.1322
		A:
			    0.6418    0.5623    0.5214
			    0.2900    0.8491    0.4416
			    -0.0902    0.9310    0.3538
			    -0.2004    -0.3197    -0.9261
			    0.2198    0.9581    -0.1834
			    -0.3705    0.8389    -0.3988
		b:
			    307.8390
			    292.1457
			    222.5550
			    -183.9174
			    256.5772
			    85.6158
	==================================================================================
	Q4:
		Shape: Ellipse
		q_c:    216.5000    238.5000    76.5000
		ub :    223.0770    245.2492    81.1961
		lb :    209.9230    231.7508    71.8039
		P^-1: 
			    0.0576    0.0142    -0.0252
			    0.0142    0.0740    -0.0438
			    -0.0252    -0.0438    0.1272
	==================================================================================
	Q5:
		Shape: Polyhedra
		q_c:    218.0000    221.0000    80.0000
		ub :    225.6880    228.0654    86.6748
		lb :    210.3120    213.9346    73.3252
		A:
			    -0.7186    0.4280    0.5481
			    0.0255    -0.7609    0.6483
			    0.7185    -0.5279    -0.4530
			    0.1742    -0.9773    0.1203
			    0.2221    -0.7930    0.5673
			    0.0282    -0.6377    -0.7698
			    0.6482    0.6791    0.3445
			    -0.3354    -0.1516    0.9298
			    0.6836    -0.7182    0.1295
			    -0.6482    -0.6791    -0.3445
			    0.3354    0.1516    -0.9298
			    -0.6836    0.7182    -0.1295
		b:
			    -13.2285
			    -105.8033
			    8.7229
			    -163.6332
			    -76.4925
			    -191.8047
			    322.9441
			    -27.2370
			    5.6664
			    -314.9441
			    37.2370
			    4.3336
	==================================================================================
	Q6:
		Shape: Hybrid
		q_c:    214.5000    232.0000    72.5000
		ub :    219.2352    236.9415    77.4606
		lb :    209.7648    227.0585    67.5394
		P^-1: 
			    0.2277    0.1364    -0.1486
			    0.1364    0.2005    -0.0479
			    -0.1486    -0.0479    0.2162
		A:
			    -0.0587    -0.8210    -0.5678
			    0.0008    -0.4746    -0.8802
			    0.1104    0.2947    -0.9492
			    0.3551    0.7667    0.5349
			    0.0713    -0.2892    -0.9546
			    -0.4059    -0.6371    0.6552
		b:
			    -242.4926
			    -171.8981
			    25.5117
			    294.5684
			    -119.1172
			    -185.9632


===========================================================================================
===========================================================================================
S4:
	q_c:    136.0000    336.5000    326.0000
	ub :    141.0000    361.0000    346.0000
	lb :    131.0000    312.0000    306.0000

	==================================================================================
	Q1:
		Shape: Hybrid
		q_c:    133.5000    339.5000    328.0000
		ub :    135.3275    343.1290    331.5642
		lb :    131.6725    335.8710    324.4358
		P^-1: 
			    0.4421    0.0245    -0.0064
			    0.0245    0.1889    0.0689
			    -0.0064    0.0689    0.1745
		A:
			    0.9568    -0.0926    0.2757
			    0.5185    0.8489    0.1030
			    -0.2734    -0.4616    -0.8439
			    0.6609    -0.3335    -0.6723
			    0.8205    -0.5421    -0.1813
			    -0.6048    0.6175    0.5029
		b:
			    187.6963
			    392.5450
			    -468.6784
			    -244.3483
			    -132.8621
			    294.9768
	==================================================================================
	Q2:
		Shape: Hybrid
		q_c:    137.5000    340.5000    323.0000
		ub :    139.0652    342.7204    326.2706
		lb :    135.9348    338.2796    319.7294
		P^-1: 
			    0.9418    -0.1584    -0.0670
			    -0.1584    0.4869    0.0724
			    -0.0670    0.0724    0.1268
		A:
			    -0.7667    -0.5875    -0.2589
			    -0.6825    0.3000    0.6665
			    0.9957    -0.0585    0.0715
			    -0.1444    -0.1707    0.9747
			    0.9104    -0.2683    0.3150
			    0.4492    0.8284    -0.3347
		b:
			    -388.1133
			    225.0119
			    140.6976
			    239.3005
			    136.5597
			    237.1182
	==================================================================================
	Q3:
		Shape: Polyhedra
		q_c:    137.5000    336.5000    328.5000
		ub :    141.4181    340.1793    332.2864
		lb :    133.5819    332.8207    324.7136
		A:
			    -0.0018    0.2074    -0.9783
			    0.1752    -0.9435    0.2814
			    -0.1524    -0.0307    -0.9878
			    -0.8172    0.5682    0.0968
			    -0.1870    0.2270    -0.9558
			    -0.0700    -0.7240    0.6862
			    0.3869    0.4454    0.8074
			    -0.5538    0.8123    -0.1828
			    -0.7373    -0.3765    0.5609
			    -0.3869    -0.4454    -0.8074
			    0.5538    -0.8123    0.1828
			    0.7373    0.3765    -0.5609
		b:
			    -249.3675
			    -198.8791
			    -353.3088
			    112.7703
			    -260.8882
			    -25.5450
			    470.8129
			    139.1695
			    -41.2982
			    -465.8129
			    -135.1695
			    46.2982
	==================================================================================
	Q4:
		Shape: Ellipse
		q_c:    133.5000    335.0000    325.0000
		ub :    135.3486    337.2504    327.1526
		lb :    131.6514    332.7496    322.8474
		P^-1: 
			    1.9240    1.5770    0.9940
			    1.5770    1.7851    0.8517
			    0.9940    0.8517    0.9854
	==================================================================================
	Q5:
		Shape: Ellipse
		q_c:    133.5000    333.5000    327.5000
		ub :    137.6386    336.8757    331.5000
		lb :    129.3614    330.1243    323.5000
		P^-1: 
			    0.1776    0.0970    -0.0383
			    0.0970    0.3119    -0.1300
			    -0.0383    -0.1300    0.2260
	==================================================================================
	Q6:
		Shape: Ellipse
		q_c:    134.5000    335.0000    324.0000
		ub :    136.3367    336.5065    325.6040
		lb :    132.6633    333.4935    322.3960
		P^-1: 
			    1.2450    0.5928    1.1271
			    0.5928    1.9359    1.3290
			    1.1271    1.3290    2.2635


===========================================================================================
===========================================================================================
S5:
	q_c:    451.0000    203.5000    355.0000
	ub :    463.0000    228.0000    382.0000
	lb :    439.0000    179.0000    328.0000

	==================================================================================
	Q1:
		Shape: Polyhedra
		q_c:    450.0000    198.0000    351.0000
		ub :    460.0529    207.3907    360.5813
		lb :    439.9471    188.6093    341.4187
		A:
			    -0.2692    0.9601    -0.0763
			    -0.0976    0.9836    -0.1518
			    0.8611    0.3385    0.3793
			    0.4787    0.8260    -0.2974
			    0.5435    0.7842    0.2995
			    0.0509    -0.9717    0.2306
			    0.5941    0.7351    0.3265
			    -0.7156    0.2976    0.6320
			    0.3674    -0.6091    0.7028
			    -0.5941    -0.7351    -0.3265
			    0.7156    -0.2976    -0.6320
			    -0.3674    0.6091    -0.7028
		b:
			    47.7466
			    103.0788
			    593.5816
			    280.3664
			    510.9567
			    -83.1149
			    533.5238
			    -34.7461
			    296.4145
			    -521.5238
			    47.7461
			    -286.4145
	==================================================================================
	Q2:
		Shape: Ellipse
		q_c:    444.5000    197.5000    360.5000
		ub :    451.5428    204.9060    366.9267
		lb :    437.4572    190.0940    354.0733
		P^-1: 
			    0.0583    -0.0090    -0.0131
			    -0.0090    0.0582    0.0149
			    -0.0131    0.0149    0.0545
	==================================================================================
	Q3:
		Shape: Polyhedra
		q_c:    451.5000    196.5000    356.5000
		ub :    456.3584    200.6259    360.5291
		lb :    446.6416    192.3741    352.4709
		A:
			    0.1791    -0.9614    -0.2087
			    -0.4319    -0.8477    -0.3080
			    0.7471    -0.5829    0.3195
			    -0.4150    -0.4884    -0.7676
			    -0.2696    0.8414    -0.4684
			    -0.1581    -0.8718    -0.4637
			    0.0580    0.8352    0.5468
			    0.0782    0.5423    -0.8365
			    -0.9952    0.0913    -0.0339
			    -0.0580    -0.8352    -0.5468
			    -0.0782    -0.5423    0.8365
			    0.9952    -0.0913    0.0339
		b:
			    -179.7163
			    -468.5131
			    340.7056
			    -554.0364
			    -120.2501
			    -405.4665
			    387.7774
			    -153.3533
			    -438.9769
			    -382.7774
			    159.3533
			    447.9769
	==================================================================================
	Q4:
		Shape: Polyhedra
		q_c:    446.0000    213.0000    365.0000
		ub :    451.4713    217.4537    370.3698
		lb :    440.5287    208.5463    359.6302
		A:
			    0.3208    -0.7834    -0.5323
			    -0.8104    -0.5758    0.1081
			    -0.7791    0.0924    0.6201
			    0.6097    -0.2466    -0.7533
			    0.5425    -0.7322    -0.4118
			    -0.8606    -0.5064    -0.0542
			    0.4383    0.0166    0.8987
			    -0.3543    0.9221    0.1557
			    -0.8261    -0.3866    0.4100
			    -0.4383    -0.0166    -0.8987
			    0.3543    -0.9221    -0.1557
			    0.8261    0.3866    -0.4100
		b:
			    -214.5519
			    -441.5230
			    -98.2724
			    -52.1977
			    -60.8614
			    -508.2519
			    531.0435
			    98.7349
			    -298.1070
			    -523.0435
			    -91.7349
			    304.1070
	==================================================================================
	Q5:
		Shape: Hybrid
		q_c:    460.5000    207.0000    348.0000
		ub :    467.0021    215.0771    356.2800
		lb :    453.9979    198.9229    339.7200
		P^-1: 
			    0.1772    -0.1045    0.0044
			    -0.1045    0.0991    -0.0084
			    0.0044    -0.0084    0.0304
		A:
			    0.7802    -0.6153    0.1126
			    -0.9935    0.0468    0.1042
			    -0.6924    -0.4306    0.5789
			    0.4969    -0.6462    0.5793
			    -0.5226    0.4826    -0.7028
			    -0.9007    0.3967    0.1771
		b:
			    272.1603
			    -408.8757
			    -202.1629
			    299.3604
			    -382.1865
			    -269.5570
	==================================================================================
	Q6:
		Shape: Ellipse
		q_c:    458.5000    205.5000    346.5000
		ub :    469.0763    213.5787    357.0221
		lb :    447.9237    197.4213    335.9779
		P^-1: 
			    0.0275    -0.0093    -0.0083
			    -0.0093    0.0419    0.0049
			    -0.0083    0.0049    0.0255


===========================================================================================
===========================================================================================
