3D_40_14_6_d                l = 3

===========================================================================================
===========================================================================================
S1:
	q_c:	352.5	223.0	495.0
	ub :	361.8726	231.4363	498.6218
	lb :	346.0111	214.0373	489.1305

	==================================================================================
	Q1:
		Shape: Ellipse
		q_c:	354.0	225.5	492.5
		ub :	356.422	227.9754	494.5004
		lb :	351.578	223.0246	490.4996
		P^-1:
			0.4444	0.0	-0.0
			0.0	0.4444	-0.0
			-0.0	-0.0	0.4444
	==================================================================================
	Q2:
		Shape: Ellipse
		q_c:	356.5	218.0	494.0
		ub :	359.5271	221.9627	498.099
		lb :	353.4729	214.0373	489.901
		P^-1:
			0.2484	0.0099	-0.011
			0.0099	0.1887	0.0683
			-0.011	0.0683	0.174
	==================================================================================
	Q3:
		Shape: Polyhedra
		q_c:	348.5	219.5	495.5
		ub :	350.9889	221.8006	498.3854
		lb :	346.0111	217.1994	492.6146
		A:
			0.8871	0.2583	0.3826
			-0.1451	-0.9669	-0.2101
			-0.4149	0.8436	-0.3409
			-0.2453	-0.9592	0.1402
			-0.5654	0.0256	0.8244
			-0.7764	-0.6291	0.0388
			0.3773	0.826	0.4187
			0.3241	0.3057	-0.8953
			-0.8675	0.4735	-0.1524
			-0.3773	-0.826	-0.4187
			-0.3241	-0.3057	0.8953
			0.8675	-0.4735	0.1524
		b:
			556.6876
			-365.7661
			-126.6378
			-225.0308
			219.4136
			-387.89
			521.2691
			-261.0316
			-272.4049
			-519.2691
			266.0316
			275.4049
	==================================================================================
	Q4:
		Shape: Ellipse
		q_c:	357.5	225.0	495.0
		ub :	360.332	228.8954	498.6218
		lb :	354.668	221.1046	491.3782
		P^-1:
			0.2465	-0.0141	-0.0165
			-0.0141	0.1929	-0.0669
			-0.0165	-0.0669	0.1717
	==================================================================================
	Q5:
		Shape: Ellipse
		q_c:	350.5	227.5	494.0
		ub :	353.105	231.4363	497.9204
		lb :	347.895	223.5637	490.0796
		P^-1:
			0.8444	0.0739	-0.3227
			0.0739	0.1677	0.0582
			-0.3227	0.0582	0.3196
	==================================================================================
	Q6:
		Shape: Polyhedra
		q_c:	357.5	221.5	493.0
		ub :	361.8726	225.5175	496.8695
		lb :	353.1274	217.4825	489.1305
		A:
			-0.1719	-0.9774	0.1227
			0.921	-0.2827	-0.2679
			0.2793	-0.6669	-0.6908
			0.6146	-0.0408	-0.7878
			-0.7459	0.4924	-0.4486
			-0.0186	-0.5696	-0.8217
			0.7413	0.6163	0.2658
			-0.5206	0.278	0.8073
			0.4236	-0.7368	0.5269
			-0.7413	-0.6163	-0.2658
			0.5206	-0.278	-0.8073
			-0.4236	0.7368	-0.5269
		b:
			-214.9406
			137.0924
			-385.8802
			-175.1792
			-376.5855
			-535.2564
			535.5767
			275.9511
			250.0002
			-529.5767
			-270.9511
			-246.0002


===========================================================================================
===========================================================================================
S2:
	q_c:	463.5	470.0	15.5
	ub :	471.0014	483.254	28.6499
	lb :	453.5043	458.9885	3.0734

	==================================================================================
	Q1:
		Shape: Ellipse
		q_c:	466.0	464.5	10.5
		ub :	470.7383	469.2882	15.7403
		lb :	461.2617	459.7118	5.2597
		P^-1:
			0.1221	-0.0242	0.0057
			-0.0242	0.1236	-0.0294
			0.0057	-0.0294	0.107
	==================================================================================
	Q2:
		Shape: Ellipse
		q_c:	464.5	469.0	21.5
		ub :	471.0014	474.7704	28.6499
		lb :	457.9986	463.2296	14.3501
		P^-1:
			0.0586	-0.0032	0.0079
			-0.0032	0.0599	0.0065
			0.0079	0.0065	0.0465
	==================================================================================
	Q3:
		Shape: Ellipse
		q_c:	461.5	474.0	22.5
		ub :	466.1216	479.2434	27.808
		lb :	456.8784	468.7566	17.192
		P^-1:
			0.1103	-0.0023	-0.0059
			-0.0023	0.1049	-0.0161
			-0.0059	-0.0161	0.0696
	==================================================================================
	Q4:
		Shape: Hybrid
		q_c:	457.0	477.0	20.0
		ub :	460.4957	481.2103	23.9895
		lb :	453.5043	472.7897	16.0105
		P^-1:
			0.3877	-0.1025	0.0891
			-0.1025	0.2593	0.161
			0.0891	0.161	0.3043
		A:
			-0.9273	-0.0242	0.3736
			-0.4163	0.7093	0.5689
			-0.0947	0.7107	0.6971
			-0.9192	0.2679	0.2887
			-0.7067	0.6878	-0.1658
			-0.124	-0.6148	-0.7789
		b:
			-425.8923
			160.1924
			310.4407
			-285.2607
			2.9096
			-364.747
	==================================================================================
	Q5:
		Shape: Hybrid
		q_c:	460.5	464.5	8.5
		ub :	464.8616	470.0115	13.9266
		lb :	456.1384	458.9885	3.0734
		P^-1:
			0.2067	-0.0724	0.0113
			-0.0724	0.1282	0.0288
			0.0113	0.0288	0.0756
		A:
			0.1644	-0.9848	-0.0563
			-0.566	0.8057	-0.1747
			0.8441	-0.2108	0.4931
			-0.1154	0.5848	0.8029
			-0.8817	-0.0612	-0.4678
			0.415	0.6385	0.6481
		b:
			-380.1426
			113.7617
			296.4446
			227.3532
			-436.8793
			495.2262
	==================================================================================
	Q6:
		Shape: Hybrid
		q_c:	459.0	478.5	18.0
		ub :	464.1555	483.254	21.8075
		lb :	453.8445	473.746	14.1925
		P^-1:
			0.1714	0.0006	-0.1501
			0.0006	0.1554	-0.1001
			-0.1501	-0.1001	0.3271
		A:
			-0.1935	0.5301	0.8255
			0.5636	0.5587	-0.6084
			0.5606	-0.178	-0.8088
			0.6568	0.0201	-0.7538
			-0.5555	-0.6725	0.4891
			0.6028	-0.162	-0.7813
		b:
			182.0545
			516.4236
			158.6787
			298.4205
			-566.2254
			186.194


===========================================================================================
===========================================================================================
S3:
	q_c:	405.0	226.5	14.5
	ub :	423.0773	248.2651	33.5272
	lb :	389.1776	209.4872	-4.4953

	==================================================================================
	Q1:
		Shape: Polyhedra
		q_c:	410.5	225.5	14.0
		ub :	421.1179	234.7032	24.0178
		lb :	399.8821	216.2968	3.9822
		A:
			0.4111	0.4685	-0.782
			0.5842	-0.8024	-0.1223
			-0.8918	0.1758	-0.4168
			-0.0226	0.9737	0.2266
			-0.4208	-0.8014	0.4251
			0.255	-0.0243	-0.9666
			0.8504	0.253	0.4613
			-0.334	-0.4176	0.845
			0.4064	-0.8727	-0.2706
			-0.8504	-0.253	-0.4613
			0.334	0.4176	-0.845
			-0.4064	0.8727	0.2706
		b:
			269.4598
			62.7942
			-325.1059
			219.2358
			-341.3552
			91.6824
			420.1144
			-213.4724
			-28.2308
			-405.1144
			225.4724
			39.2308
	==================================================================================
	Q2:
		Shape: Polyhedra
		q_c:	406.0	238.5	5.0
		ub :	414.6505	248.2651	14.4953
		lb :	397.3495	228.7349	-4.4953
		A:
			0.5187	-0.4312	-0.7383
			-0.7468	0.2529	0.6151
			-0.6031	0.5763	-0.5514
			0.9538	-0.1488	0.2612
			0.521	0.2299	-0.822
			0.5183	-0.6382	0.5693
			0.2352	0.5123	0.826
			-0.8606	-0.2852	0.422
			0.4517	-0.8101	0.3738
			-0.2352	-0.5123	-0.826
			0.8606	0.2852	-0.422
			-0.4517	0.8101	-0.3738
		b:
			109.7485
			-234.4036
			-103.7357
			358.8611
			267.5414
			67.5121
			227.8191
			-410.3028
			-1.4443
			-215.8191
			420.3028
			14.4443
	==================================================================================
	Q3:
		Shape: Hybrid
		q_c:	412.0	217.0	16.0
		ub :	423.0773	224.5128	27.2708
		lb :	400.9227	209.4872	4.7292
		P^-1:
			0.0287	-0.0083	0.0113
			-0.0083	0.0399	-0.0068
			0.0113	-0.0068	0.0224
		A:
			0.1723	-0.9712	-0.1646
			0.576	-0.7878	-0.2181
			0.8064	0.5822	0.1039
			-0.1273	0.6911	-0.7115
			-0.81	0.5705	0.1358
			-0.143	-0.8015	0.5807
		b:
			-139.2178
			66.6097
			464.4111
			89.58
			-203.7159
			-219.6971
	==================================================================================
	Q4:
		Shape: Polyhedra
		q_c:	399.0	232.0	27.0
		ub :	408.8224	240.9065	33.5272
		lb :	389.1776	223.0935	20.4728
		A:
			-0.7002	-0.7128	-0.0396
			-0.7719	-0.6182	-0.1481
			0.2566	-0.4244	0.8684
			0.0526	-0.9467	0.3177
			-0.0795	-0.4602	-0.8843
			-0.8559	0.4644	0.2274
			0.5998	0.7723	0.2093
			0.7604	-0.6316	0.1511
			0.2489	0.0685	-0.9661
			-0.5998	-0.7723	-0.2093
			-0.7604	0.6316	-0.1511
			-0.2489	-0.0685	0.9661
		b:
			-440.8282
			-450.2831
			33.1117
			-183.8134
			-157.6274
			-220.5637
			429.1479
			168.4722
			93.6097
			-419.1479
			-153.4722
			-84.6097
	==================================================================================
	Q5:
		Shape: Ellipse
		q_c:	404.5	236.0	22.5
		ub :	410.4018	246.5091	33.363
		lb :	398.5982	225.4909	11.637
		P^-1:
			0.0596	-0.0047	-0.01
			-0.0047	0.0183	0.0011
			-0.01	0.0011	0.0202
	==================================================================================
	Q6:
		Shape: Polyhedra
		q_c:	407.0	220.0	10.5
		ub :	415.055	228.4234	17.2746
		lb :	398.945	211.5766	3.7254
		A:
			0.7333	-0.5142	-0.4449
			0.2524	0.7814	-0.5707
			0.3025	0.7208	0.6237
			0.4457	-0.7237	-0.5268
			-0.6833	-0.3816	-0.6224
			-0.3245	0.2192	-0.9201
			0.4439	0.477	0.7586
			-0.3021	-0.7174	0.6278
			0.8436	-0.5078	-0.1743
			-0.4439	-0.477	-0.7586
			0.3021	0.7174	-0.6278
			-0.8436	0.5078	0.1743
		b:
			186.484
			274.1595
			291.6043
			21.9452
			-365.2614
			-89.157
			296.5461
			-268.6849
			235.8098
			-290.5461
			279.6849
			-223.8098


===========================================================================================
===========================================================================================
S4:
	q_c:	245.0	414.0	237.0
	ub :	252.5978	427.8272	255.0775
	lb :	223.5478	400.1991	221.3866

	==================================================================================
	Q1:
		Shape: Ellipse
		q_c:	230.5	408.0	242.0
		ub :	237.4522	414.1537	247.716
		lb :	223.5478	401.8463	236.284
		P^-1:
			0.0878	-0.0727	0.043
			-0.0727	0.1378	-0.0779
			0.043	-0.0779	0.1199
	==================================================================================
	Q2:
		Shape: Hybrid
		q_c:	246.0	418.5	237.5
		ub :	252.5978	424.013	243.6619
		lb :	239.4022	412.987	231.3381
		P^-1:
			0.0689	-0.0093	0.0074
			-0.0093	0.0724	-0.0025
			0.0074	-0.0025	0.0522
		A:
			0.6376	0.7677	0.0638
			0.0675	0.8582	-0.5088
			0.4183	0.8982	0.1347
			0.3742	0.7919	-0.4827
			0.1797	0.318	0.9309
			-0.8748	0.0785	-0.478
		b:
			495.555
			257.1034
			513.0248
			311.1708
			400.938
			-293.8759
	==================================================================================
	Q3:
		Shape: Ellipse
		q_c:	235.0	407.0	238.5
		ub :	242.1875	413.8009	246.172
		lb :	227.8125	400.1991	230.828
		P^-1:
			0.0921	0.0827	0.0624
			0.0827	0.1349	0.0671
			0.0624	0.0671	0.0866
	==================================================================================
	Q4:
		Shape: Polyhedra
		q_c:	241.5	412.5	245.5
		ub :	249.7392	421.7565	255.0775
		lb :	233.2608	403.2435	235.9225
		A:
			0.4177	0.9027	0.1034
			0.5844	0.6	-0.5463
			-0.1	-0.1479	-0.9839
			-0.1173	-0.8978	0.4245
			-0.2798	-0.3438	0.8964
			-0.3386	-0.2152	-0.916
			0.5355	0.6591	0.5281
			-0.2577	0.723	-0.641
			-0.8043	0.2071	0.557
			-0.5355	-0.6591	-0.5281
			0.2577	-0.723	0.641
			0.8043	-0.2071	-0.557
		b:
			504.346
			260.0706
			-321.101
			-288.1517
			16.3926
			-389.7061
			536.3331
			85.1384
			32.4449
			-525.3331
			-72.1384
			-23.4449
	==================================================================================
	Q5:
		Shape: Ellipse
		q_c:	242.5	424.5	227.0
		ub :	248.2663	427.8272	232.6134
		lb :	236.7337	421.1728	221.3866
		P^-1:
			0.0767	-0.1567	0.1065
			-0.1567	3.1095	-1.6411
			0.1065	-1.6411	0.9354
	==================================================================================
	Q6:
		Shape: Polyhedra
		q_c:	247.5	422.0	240.0
		ub :	252.4243	426.9791	243.6882
		lb :	242.5757	417.0209	236.3118
		A:
			0.214	0.9757	0.0474
			-0.2806	-0.4365	-0.8548
			0.456	-0.831	-0.3185
			0.3207	-0.9289	-0.1851
			0.299	-0.933	0.2001
			0.8068	-0.5047	0.3073
			0.7991	0.5969	0.0712
			0.4232	-0.4745	-0.7719
			-0.427	0.647	-0.6317
			-0.7991	-0.5969	-0.0712
			-0.4232	0.4745	0.7719
			0.427	-0.647	0.6317
		b:
			479.2476
			-456.1271
			-311.8869
			-354.4515
			-268.8139
			63.4432
			470.2722
			-278.7434
			18.7197
			-463.2722
			282.7434
			-12.7197


===========================================================================================
===========================================================================================
S5:
	q_c:	480.0	338.5	510.0
	ub :	500.2652	362.9106	535.4533
	lb :	455.8946	317.6881	496.0282

	==================================================================================
	Q1:
		Shape: Ellipse
		q_c:	487.0	333.0	515.0
		ub :	497.675	345.6849	526.6406
		lb :	476.325	320.3151	503.3594
		P^-1:
			0.0569	-0.0196	-0.0463
			-0.0196	0.0204	0.0173
			-0.0463	0.0173	0.0576
	==================================================================================
	Q2:
		Shape: Ellipse
		q_c:	489.0	347.5	522.5
		ub :	500.2652	356.2499	535.4533
		lb :	477.7348	338.7501	509.5467
		P^-1:
			0.0144	-0.0043	0.0005
			-0.0043	0.0364	-0.0087
			0.0005	-0.0087	0.0131
	==================================================================================
	Q3:
		Shape: Polyhedra
		q_c:	471.5	337.5	508.5
		ub :	478.2818	346.013	516.9605
		lb :	464.7182	328.987	500.0395
		A:
			-0.2748	0.9416	0.1944
			0.376	-0.8973	0.2314
			-0.4135	0.7465	0.5213
			0.862	-0.1285	-0.4904
			0.9937	-0.1027	-0.0458
			-0.7851	0.4366	-0.4394
			0.5349	0.7117	0.4554
			0.2098	0.4102	-0.8875
			-0.8185	0.5703	0.0701
			-0.5349	-0.7117	-0.4554
			-0.2098	-0.4102	0.8875
			0.8185	-0.5703	-0.0701
		b:
			291.6192
			-3.7411
			326.3825
			117.7759
			414.3717
			-442.4506
			730.469
			-207.9257
			-155.2829
			-717.469
			219.9257
			160.2829
	==================================================================================
	Q4:
		Shape: Ellipse
		q_c:	473.0	345.5	501.5
		ub :	479.5803	352.0658	506.9718
		lb :	466.4197	338.9342	496.0282
		P^-1:
			0.1139	0.036	0.0866
			0.036	0.0875	0.0651
			0.0866	0.0651	0.1442
	==================================================================================
	Q5:
		Shape: Polyhedra
		q_c:	469.5	327.5	526.0
		ub :	478.7444	337.3119	533.8787
		lb :	460.2556	317.6881	518.1213
		A:
			0.7008	0.1184	-0.7035
			-0.6454	0.4622	0.6081
			0.3577	0.5966	-0.7185
			0.479	-0.875	-0.0697
			0.2751	-0.9215	-0.274
			0.6939	-0.4696	-0.5459
			0.6819	0.6979	0.2189
			0.6723	-0.4801	-0.5635
			-0.2882	0.5314	-0.7966
			-0.6819	-0.6979	-0.2189
			-0.6723	0.4801	0.5635
			0.2882	-0.5314	0.7966
		b:
			2.6854
			172.2008
			-8.9744
			-93.602
			-311.4995
			-111.1369
			671.3661
			-134.0236
			-375.2548
			-656.3661
			142.0236
			385.2548
	==================================================================================
	Q6:
		Shape: Ellipse
		q_c:	465.5	352.5	521.5
		ub :	475.1054	362.9106	529.9295
		lb :	455.8946	342.0894	513.0705
		P^-1:
			0.0326	-0.0093	-0.004
			-0.0093	0.0244	-0.001
			-0.004	-0.001	0.0339


===========================================================================================
===========================================================================================
S6:
	q_c:	364.0	129.5	448.0
	ub :	386.5382	160.9966	478.0686
	lb :	344.4836	107.5365	430.3313

	==================================================================================
	Q1:
		Shape: Hybrid
		q_c:	354.0	143.0	462.5
		ub :	363.5164	148.7464	473.0871
		lb :	344.4836	137.2536	451.9129
		P^-1:
			0.0538	0.0005	-0.0352
			0.0005	0.0399	0.0021
			-0.0352	0.0021	0.037
		A:
			0.6426	-0.4456	-0.6233
			-0.8544	0.3326	0.3991
			-0.5223	-0.7183	0.4596
			0.3586	0.7369	0.573
			-0.058	-0.3359	-0.9401
			-0.3945	-0.9115	-0.1165
		b:
			-122.3628
			-67.7221
			-72.3686
			503.2102
			-496.804
			-320.0488
	==================================================================================
	Q2:
		Shape: Hybrid
		q_c:	361.5	117.5	439.5
		ub :	371.8058	127.4635	448.6687
		lb :	351.1942	107.5365	430.3313
		P^-1:
			0.0322	0.0069	-0.008
			0.0069	0.0211	-0.0038
			-0.008	-0.0038	0.0222
		A:
			-0.5899	-0.4554	0.6668
			-0.5018	0.3819	0.7761
			0.9165	0.3948	-0.0643
			0.8095	-0.5483	0.21
			-0.167	0.7218	0.6716
			0.2985	-0.1775	-0.9378
		b:
			29.1101
			208.7496
			352.426
			325.2628
			324.5676
			-320.8678
	==================================================================================
	Q3:
		Shape: Ellipse
		q_c:	354.5	139.0	448.0
		ub :	361.8015	148.0304	457.094
		lb :	347.1985	129.9696	438.906
		P^-1:
			0.0287	0.0033	-0.0031
			0.0033	0.0389	-0.0142
			-0.0031	-0.0142	0.0274
	==================================================================================
	Q4:
		Shape: Ellipse
		q_c:	361.0	147.0	450.5
		ub :	374.9555	160.9966	466.5691
		lb :	347.0445	133.0034	434.4309
		P^-1:
			0.0102	-0.0001	-0.0004
			-0.0001	0.0111	-0.0001
			-0.0004	-0.0001	0.0109
	==================================================================================
	Q5:
		Shape: Polyhedra
		q_c:	376.0	129.5	450.0
		ub :	386.1794	139.6413	459.6366
		lb :	365.8206	119.3587	440.3634
		A:
			-0.8453	-0.4549	0.2801
			0.0803	0.5183	0.8514
			0.351	-0.5736	-0.7401
			0.7437	-0.3317	-0.5804
			0.1245	-0.6538	-0.7464
			-0.3425	0.0841	-0.9357
			0.2781	0.6349	0.7208
			-0.6471	0.6784	-0.348
			-0.7099	-0.3696	0.5995
			-0.2781	-0.6349	-0.7208
			0.6471	-0.6784	0.348
			0.7099	0.3696	-0.5995
		b:
			-244.8008
			485.5126
			-269.8395
			-18.38
			-368.4582
			-533.0631
			516.1351
			-305.0283
			-39.0054
			-506.1351
			319.0283
			51.0054
	==================================================================================
	Q6:
		Shape: Polyhedra
		q_c:	373.0	140.0	466.0
		ub :	386.5382	153.7419	478.0686
		lb :	359.4618	126.2581	453.9314
		A:
			0.1312	-0.8415	0.5241
			-0.4608	-0.4579	-0.7603
			0.9175	-0.1288	0.3764
			-0.9211	0.2835	0.2669
			0.298	-0.5448	-0.7838
			-0.775	-0.3801	-0.5048
			0.3403	0.8529	0.3959
			0.9403	-0.3088	-0.143
			0.0003	0.421	-0.9071
			-0.3403	-0.8529	-0.3959
			-0.9403	0.3088	0.143
			-0.0003	-0.421	0.9071
		b:
			183.7728
			-582.1291
			510.2272
			-168.0519
			-321.1215
			-568.3944
			438.835
			252.3692
			-355.6595
			-422.835
			-229.3692
			371.6595


===========================================================================================
===========================================================================================
S7:
	q_c:	476.0	430.5	24.0
	ub :	489.4598	450.6638	44.766
	lb :	467.5588	415.0092	8.8027

	==================================================================================
	Q1:
		Shape: Ellipse
		q_c:	474.0	422.0	15.0
		ub :	480.4412	428.9908	21.1973
		lb :	467.5588	415.0092	8.8027
		P^-1:
			0.0516	-0.0161	-0.0092
			-0.0161	0.0663	0.0043
			-0.0092	0.0043	0.0663
	==================================================================================
	Q2:
		Shape: Polyhedra
		q_c:	475.5	424.0	17.5
		ub :	480.7898	430.0745	23.1168
		lb :	470.2102	417.9255	11.8832
		A:
			-0.5849	-0.2825	0.7604
			-0.6663	0.6971	-0.2647
			-0.8411	-0.1712	0.5131
			-0.4049	-0.9051	-0.1301
			-0.9183	-0.0519	0.3924
			-0.405	0.843	0.3539
			0.5705	0.6439	0.5098
			0.7938	-0.5917	-0.1409
			0.2109	0.4851	-0.8487
			-0.5705	-0.6439	-0.5098
			-0.7938	0.5917	0.1409
			-0.2109	-0.4851	0.8487
		b:
			-381.1929
			-23.1976
			-460.2747
			-574.2882
			-448.6531
			174.15
			557.7119
			126.5881
			294.6035
			-548.7119
			-121.5881
			-287.6035
	==================================================================================
	Q3:
		Shape: Hybrid
		q_c:	470.0	443.5	26.0
		ub :	472.3874	447.9882	29.3717
		lb :	467.6126	439.0118	22.6283
		P^-1:
			0.25	0.0007	-0.0002
			0.0007	0.0764	0.0491
			-0.0002	0.0491	0.2361
		A:
			-0.5168	0.7935	0.3213
			-0.5214	0.6668	0.5326
			-0.4315	0.5413	0.7217
			0.7344	0.063	-0.6758
			-0.9222	-0.1111	0.3705
			0.978	0.1022	-0.1816
		b:
			119.5013
			66.1596
			57.3374
			356.7099
			-471.9296
			501.3579
	==================================================================================
	Q4:
		Shape: Ellipse
		q_c:	485.0	437.0	36.0
		ub :	487.8066	445.8411	44.766
		lb :	482.1934	428.1589	27.234
		P^-1:
			0.2461	-0.0153	-0.025
			-0.0153	0.026	0.0036
			-0.025	0.0036	0.0294
	==================================================================================
	Q5:
		Shape: Hybrid
		q_c:	480.5	439.5	21.5
		ub :	489.4598	448.8497	29.1724
		lb :	471.5402	430.1503	13.8276
		P^-1:
			0.0286	0.0063	-0.0014
			0.0063	0.0372	-0.0145
			-0.0014	-0.0145	0.0534
		A:
			-0.1174	-0.3122	0.9427
			0.8465	-0.0254	-0.5318
			-0.0099	0.1302	0.9914
			-0.301	-0.0952	0.9488
			0.6495	0.5609	-0.5134
			0.0807	-0.6393	-0.7647
		b:
			-171.2264
			387.8782
			76.6051
			-163.5197
			550.2129
			-254.8341
	==================================================================================
	Q6:
		Shape: Ellipse
		q_c:	477.5	444.5	19.5
		ub :	486.7742	450.6638	29.0271
		lb :	468.2258	438.3362	9.9729
		P^-1:
			0.0246	0.0083	-0.0036
			0.0083	0.0963	-0.0317
			-0.0036	-0.0317	0.0375


===========================================================================================
===========================================================================================
S8:
	q_c:	278.5	483.5	134.5
	ub :	290.8296	500.3227	150.5022
	lb :	265.4123	463.9976	121.6396

	==================================================================================
	Q1:
		Shape: Ellipse
		q_c:	272.5	487.0	136.5
		ub :	279.5877	494.8355	145.4324
		lb :	265.4123	479.1645	127.5676
		P^-1:
			0.0437	-0.0125	-0.0052
			-0.0125	0.0548	0.0274
			-0.0052	0.0274	0.0435
	==================================================================================
	Q2:
		Shape: Ellipse
		q_c:	283.0	486.5	145.0
		ub :	288.0266	492.2436	149.9245
		lb :	277.9734	480.7564	140.0755
		P^-1:
			0.1458	0.0362	-0.0138
			0.0362	0.0676	0.0352
			-0.0138	0.0352	0.1466
	==================================================================================
	Q3:
		Shape: Ellipse
		q_c:	286.0	479.0	130.0
		ub :	290.7202	484.6129	135.6373
		lb :	281.2798	473.3871	124.3627
		P^-1:
			0.1087	0.0316	-0.0205
			0.0316	0.116	-0.0331
			-0.0205	-0.0331	0.0664
	==================================================================================
	Q4:
		Shape: Hybrid
		q_c:	281.5	470.5	138.0
		ub :	288.1689	477.0024	144.7094
		lb :	274.8311	463.9976	131.2906
		P^-1:
			0.0456	0.0089	-0.003
			0.0089	0.1453	0.109
			-0.003	0.109	0.1363
		A:
			-0.2041	0.9701	0.1315
			-0.4825	0.4654	-0.742
			-0.1929	0.7604	0.6201
			0.3475	-0.0919	-0.9332
			0.9597	0.2317	0.1592
			-0.1883	-0.6695	-0.7185
		b:
			420.1292
			-14.3724
			390.3371
			-71.3419
			404.7229
			-465.9915
	==================================================================================
	Q5:
		Shape: Polyhedra
		q_c:	284.0	492.5	143.0
		ub :	290.8296	500.3227	150.5022
		lb :	277.1704	484.6773	135.4978
		A:
			-0.7236	0.5929	-0.3533
			0.021	0.7499	-0.6613
			0.0413	-0.0568	-0.9975
			-0.625	-0.1388	0.7682
			0.2593	0.6463	-0.7176
			-0.4579	0.5284	0.7149
			0.9592	0.2329	0.16
			0.0628	-0.7277	0.683
			0.2755	-0.6451	-0.7127
			-0.9592	-0.2329	-0.16
			-0.0628	0.7277	-0.683
			-0.2755	0.6451	0.7127
		b:
			41.1198
			285.7045
			-154.146
			-131.0395
			294.3701
			236.9649
			415.5228
			-237.9199
			-336.8686
			-404.5228
			247.9199
			345.8686
	==================================================================================
	Q6:
		Shape: Polyhedra
		q_c:	280.0	473.5	125.5
		ub :	286.1391	478.8384	129.3604
		lb :	273.8609	468.1616	121.6396
		A:
			0.5112	0.6077	-0.6077
			-0.2548	-0.5321	0.8075
			-0.4989	-0.737	0.4561
			-0.6179	0.2309	0.7516
			-0.1196	0.1431	0.9825
			-0.9859	0.1186	0.1182
			0.9344	0.0521	0.3523
			-0.3511	-0.0305	0.9358
			0.0595	-0.9982	-0.0102
			-0.9344	-0.0521	-0.3523
			0.3511	0.0305	-0.9358
			-0.0595	0.9982	0.0102
		b:
			358.2482
			-218.8682
			-427.2355
			33.4395
			160.0151
			-200.0868
			336.0214
			6.6897
			-452.2593
			-325.0214
			-2.6897
			462.2593


===========================================================================================
===========================================================================================
S9:
	q_c:	414.0	18.0	411.0
	ub :	431.0085	34.829	425.9326
	lb :	400.2051	3.8688	393.1522

	==================================================================================
	Q1:
		Shape: Ellipse
		q_c:	409.0	27.0	411.0
		ub :	413.775	32.7508	415.2212
		lb :	404.225	21.2492	406.7788
		P^-1:
			0.1776	0.0979	0.0178
			0.0979	0.1155	-0.0071
			0.0178	-0.0071	0.1079
	==================================================================================
	Q2:
		Shape: Polyhedra
		q_c:	421.0	12.0	417.0
		ub :	430.2877	19.1556	425.9326
		lb :	411.7123	4.8444	408.0674
		A:
			-0.7174	0.6966	-0.0023
			0.0116	-0.9958	0.091
			-0.609	-0.7931	0.0084
			0.3207	-0.8532	0.4113
			-0.2821	0.6587	-0.6975
			-0.317	0.7922	0.5215
			0.6639	0.413	0.6234
			0.4592	-0.8831	0.0959
			0.5901	0.2226	-0.776
			-0.6639	-0.413	-0.6234
			-0.4592	0.8831	-0.0959
			-0.5901	-0.2226	0.776
		b:
			-290.3247
			35.3584
			-256.881
			300.6962
			-396.607
			98.3416
			549.4365
			226.7367
			-65.4657
			-539.4365
			-218.7367
			79.4657
	==================================================================================
	Q3:
		Shape: Polyhedra
		q_c:	424.0	31.0	419.0
		ub :	428.8128	34.829	423.9177
		lb :	419.1872	27.171	414.0823
		A:
			0.2821	0.8087	-0.5161
			-0.4254	0.8466	-0.3199
			0.8475	0.4473	-0.2858
			0.6013	0.3589	0.7139
			0.7846	0.4401	-0.4368
			0.6034	0.3892	-0.696
			0.2744	0.9595	0.0639
			0.3163	-0.0273	-0.9482
			-0.9081	0.2804	-0.311
			-0.2744	-0.9595	-0.0639
			-0.3163	0.0273	0.9482
			0.9081	-0.2804	0.311
		b:
			-68.2157
			-285.1188
			256.7452
			568.4691
			166.7243
			-19.9968
			175.8495
			-260.0323
			-503.6636
			-169.8495
			268.0323
			509.6636
	==================================================================================
	Q4:
		Shape: Ellipse
		q_c:	407.0	10.5	408.0
		ub :	413.7949	17.1312	413.3554
		lb :	400.2051	3.8688	402.6446
		P^-1:
			0.1019	0.0223	0.0927
			0.0223	0.0543	0.0089
			0.0927	0.0089	0.1893
	==================================================================================
	Q5:
		Shape: Polyhedra
		q_c:	415.0	21.0	404.0
		ub :	426.4661	30.7078	414.8478
		lb :	403.5339	11.2922	393.1522
		A:
			-0.0032	-0.876	0.4823
			0.7111	0.6953	0.1041
			0.5178	-0.0973	0.85
			0.1017	0.9915	0.0809
			0.7561	0.2759	0.5935
			-0.0277	0.5101	0.8597
			0.4047	0.473	0.7826
			-0.4309	0.8535	-0.293
			-0.8066	-0.2186	0.5493
			-0.4047	-0.473	-0.7826
			0.4309	-0.8535	0.293
			0.8066	0.2186	-0.5493
		b:
			181.6097
			358.7322
			562.2298
			101.8901
			565.6075
			352.8613
			500.0675
			-273.2741
			-109.4109
			-488.0675
			285.2741
			125.4109
	==================================================================================
	Q6:
		Shape: Polyhedra
		q_c:	423.5	22.0	407.5
		ub :	431.0085	29.0274	414.4422
		lb :	415.9915	14.9726	400.5578
		A:
			-0.339	-0.0452	-0.9397
			-0.9012	-0.4079	-0.1462
			-0.2701	-0.958	0.0963
			0.1649	0.985	0.0509
			-0.2835	-0.5498	0.7857
			0.7855	0.5907	-0.1848
			0.5688	0.7855	0.2438
			-0.185	-0.1667	0.9685
			0.8014	-0.596	0.0505
			-0.5688	-0.7855	-0.2438
			0.185	0.1667	-0.9685
			-0.8014	0.596	-0.0505
		b:
			-521.9596
			-446.1377
			-92.1289
			116.3197
			193.6912
			274.5734
			361.0415
			318.6489
			352.3533
			-354.0415
			-306.6489
			-341.3533


===========================================================================================
===========================================================================================
S10:
	q_c:	40.0	439.5	391.0
	ub :	59.2562	456.0881	405.215
	lb :	24.035	416.436	363.352

	==================================================================================
	Q1:
		Shape: Hybrid
		q_c:	50.5	437.0	385.5
		ub :	59.2562	444.4323	394.1924
		lb :	41.7438	429.5677	376.8076
		P^-1:
			0.024	0.0037	0.012
			0.0037	0.034	0.003
			0.012	0.003	0.0422
		A:
			-0.268	-0.3929	0.8797
			0.4807	-0.2933	-0.8264
			-0.5428	-0.7932	-0.2759
			0.1748	0.219	0.9599
			0.5133	0.8343	-0.2015
			0.8845	0.064	0.4621
		b:
			157.5899
			-418.0645
			-477.4412
			477.1504
			316.436
			254.2251
	==================================================================================
	Q2:
		Shape: Polyhedra
		q_c:	34.5	446.0	394.0
		ub :	42.8012	456.0881	405.215
		lb :	26.1988	435.9119	382.785
		A:
			0.6833	0.3194	-0.6566
			0.5456	-0.0901	0.8332
			-0.7252	0.4876	-0.4862
			0.9105	-0.2241	0.3476
			-0.7977	-0.6004	-0.0571
			-0.1201	0.6786	-0.7246
			0.1183	0.8945	0.4311
			-0.0704	0.4406	-0.8949
			-0.9905	0.0755	0.1151
			-0.1183	-0.8945	-0.4311
			0.0704	-0.4406	0.8949
			0.9905	-0.0755	-0.1151
		b:
			-84.9579
			314.9155
			8.6403
			75.759
			-310.9565
			21.397
			579.3837
			-150.0324
			51.8769
			-566.3837
			167.0324
			-37.8769
	==================================================================================
	Q3:
		Shape: Hybrid
		q_c:	32.0	445.0	379.0
		ub :	39.7763	452.079	384.7892
		lb :	24.2237	437.921	373.2108
		P^-1:
			0.0321	0.0121	0.0112
			0.0121	0.0662	-0.023
			0.0112	-0.023	0.099
		A:
			-0.219	0.8492	0.4805
			-0.1693	0.5588	-0.8118
			-0.6313	0.4366	-0.6409
			0.0988	-0.5702	0.8155
			0.0582	-0.9434	0.3264
			-0.3576	-0.7536	0.5515
		b:
			556.6742
			-62.7935
			-65.8692
			60.0873
			-291.8452
			-135.7883
	==================================================================================
	Q4:
		Shape: Polyhedra
		q_c:	47.0	442.0	376.5
		ub :	53.7074	447.0026	383.5125
		lb :	40.2926	436.9974	369.4875
		A:
			0.3958	0.9108	0.1174
			0.5308	0.842	0.0965
			0.2856	0.6361	-0.7168
			0.7469	0.6009	-0.2848
			0.7437	0.4719	-0.4735
			-0.3243	-0.5459	0.7726
			0.1362	0.926	0.3521
			0.7303	0.1463	-0.6673
			-0.6695	0.3481	-0.6563
			-0.1362	-0.926	-0.3521
			-0.7303	-0.1463	0.6673
			0.6695	-0.3481	0.6563
		b:
			468.6009
			436.8225
			29.0039
			197.5913
			69.5907
			38.762
			551.2617
			-147.7572
			-120.2082
			-545.2617
			156.7572
			129.2082
	==================================================================================
	Q5:
		Shape: Ellipse
		q_c:	42.0	429.0	373.5
		ub :	51.5312	436.1596	383.0424
		lb :	32.4688	421.8404	363.9576
		P^-1:
			0.0271	-0.0015	0.0034
			-0.0015	0.0326	-0.0004
			0.0034	-0.0004	0.019
	==================================================================================
	Q6:
		Shape: Ellipse
		q_c:	33.0	427.5	375.5
		ub :	41.965	438.564	387.648
		lb :	24.035	416.436	363.352
		P^-1:
			0.0665	0.0422	0.018
			0.0422	0.0526	0.0215
			0.018	0.0215	0.0235


===========================================================================================
===========================================================================================
S11:
	q_c:	196.0	124.5	116.0
	ub :	232.8686	169.2851	139.6582
	lb :	176.4227	98.0683	80.4825

	==================================================================================
	Q1:
		Shape: Hybrid
		q_c:	201.5	145.5	115.0
		ub :	216.15	159.0321	129.623
		lb :	186.85	131.9679	100.377
		P^-1:
			0.0182	0.0043	-0.0055
			0.0043	0.0202	0.0045
			-0.0055	0.0045	0.0115
		A:
			0.7323	0.5671	-0.377
			0.4788	0.8712	-0.1088
			0.1201	0.9095	0.398
			0.6988	0.4744	-0.5354
			0.308	-0.53	-0.7901
			0.3253	-0.5399	-0.7764
		b:
			190.3004
			214.3314
			205.731
			152.3146
			-101.6233
			-98.1003
	==================================================================================
	Q2:
		Shape: Polyhedra
		q_c:	213.0	153.0	122.0
		ub :	227.5573	169.2851	138.1809
		lb :	198.4427	136.7149	105.8191
		A:
			-0.4061	0.9127	0.0462
			-0.6331	0.4352	0.6402
			-0.6858	0.2774	0.6729
			0.8466	-0.017	-0.5319
			-0.5655	-0.4825	0.6689
			-0.5123	-0.638	-0.5749
			0.5175	0.5397	0.664
			-0.7841	0.6097	0.1155
			-0.3426	-0.5804	0.7387
			-0.5175	-0.5397	-0.664
			0.7841	-0.6097	-0.1155
			0.3426	0.5804	-0.7387
		b:
			66.5309
			17.9506
			-13.0277
			121.6881
			-101.8468
			-265.8851
			284.8077
			-53.1452
			-60.6503
			-262.8077
			66.1452
			82.6503
	==================================================================================
	Q3:
		Shape: Hybrid
		q_c:	201.0	111.0	123.0
		ub :	216.1618	123.9317	139.6582
		lb :	185.8382	98.0683	106.3418
		P^-1:
			0.0161	0.0042	0.0041
			0.0042	0.0137	0.001
			0.0041	0.001	0.0076
		A:
			0.1995	-0.8959	-0.3969
			0.4201	0.8583	0.2948
			-0.7909	0.5489	-0.2706
			-0.6865	0.1504	-0.7114
			0.3473	-0.6231	0.7008
			0.5712	0.5308	0.6261
		b:
			-101.4766
			220.26
			-125.6222
			-203.2659
			93.5614
			255.4279
	==================================================================================
	Q4:
		Shape: Ellipse
		q_c:	213.5	129.5	93.5
		ub :	229.7384	140.9755	106.5175
		lb :	197.2616	118.0245	80.4825
		P^-1:
			0.0097	0.0061	-0.0014
			0.0061	0.021	0.0015
			-0.0014	0.0015	0.0118
	==================================================================================
	Q5:
		Shape: Hybrid
		q_c:	216.5	136.0	98.5
		ub :	232.8686	149.9831	111.912
		lb :	200.1314	122.0169	85.088
		P^-1:
			0.008	-0.0036	-0.0034
			-0.0036	0.0165	-0.0013
			-0.0034	-0.0013	0.0166
		A:
			-0.6	-0.2812	0.7489
			-0.3842	-0.7901	-0.4776
			-0.1802	0.9739	-0.1378
			0.26	0.7467	-0.6122
			0.2039	0.0505	0.9777
			-0.5944	0.0519	0.8025
		b:
			-89.4293
			-230.1458
			83.7199
			101.9503
			152.9453
			-38.276
	==================================================================================
	Q6:
		Shape: Hybrid
		q_c:	187.5	144.0	116.0
		ub :	198.5773	154.9552	125.5803
		lb :	176.4227	133.0448	106.4197
		P^-1:
			0.0528	0.0187	-0.0444
			0.0187	0.0279	-0.0049
			-0.0444	-0.0049	0.0725
		A:
			-0.3822	0.25	0.8896
			-0.8481	-0.3681	0.381
			0.3631	0.8563	-0.3672
			-0.4877	-0.0204	0.8728
			0.1229	0.9648	-0.2326
			-0.8835	-0.4521	0.1229
		b:
			69.8365
			-165.219
			153.0977
			8.6253
			140.7097
			-212.8966


===========================================================================================
===========================================================================================
S12:
	q_c:	36.5	281.5	366.5
	ub :	50.2588	297.724	372.7146
	lb :	21.2233	265.6687	351.2627

	==================================================================================
	Q1:
		Shape: Polyhedra
		q_c:	29.0	270.5	363.5
		ub :	34.4098	275.3313	369.1426
		lb :	23.5902	265.6687	357.8574
		A:
			-0.2947	0.3401	0.893
			0.2662	0.9213	0.2834
			0.8335	0.2711	-0.4814
			-0.8671	-0.4737	0.1543
			-0.8102	-0.4084	0.4204
			-0.7187	-0.3673	0.5903
			0.5081	0.8224	0.2557
			0.6585	-0.1796	-0.7308
			-0.5551	0.5397	-0.6329
			-0.5081	-0.8224	-0.2557
			-0.6585	0.1796	0.7308
			0.5551	-0.5397	0.6329
		b:
			410.3567
			361.7792
			-75.6036
			-95.3176
			20.6845
			96.486
			331.6604
			-293.1355
			-94.1633
			-328.6604
			297.1355
			106.1633
	==================================================================================
	Q2:
		Shape: Ellipse
		q_c:	29.0	292.0	359.0
		ub :	36.7767	297.724	366.7373
		lb :	21.2233	286.276	351.2627
		P^-1:
			0.0331	0.0	0.0
			0.0	0.0331	0.0
			0.0	0.0	0.0331
	==================================================================================
	Q3:
		Shape: Ellipse
		q_c:	31.5	275.5	366.0
		ub :	36.1949	280.8636	371.5792
		lb :	26.8051	270.1364	360.4208
		P^-1:
			0.1934	-0.0512	-0.0751
			-0.0512	0.1176	-0.0364
			-0.0751	-0.0364	0.139
	==================================================================================
	Q4:
		Shape: Polyhedra
		q_c:	42.0	280.0	365.0
		ub :	47.3136	284.4321	368.2306
		lb :	36.6864	275.5679	361.7694
		A:
			0.5216	0.7702	-0.367
			-0.2704	-0.5999	-0.753
			0.1947	-0.6419	0.7416
			0.0524	-0.9862	-0.1571
			0.3969	-0.7903	0.4667
			0.0366	0.6267	0.7784
			0.2216	0.6525	0.7247
			0.3645	0.6339	-0.6822
			-0.9045	0.4153	-0.0974
			-0.2216	-0.6525	-0.7247
			-0.3645	-0.6339	0.6822
			0.9045	-0.4153	0.0974
		b:
			106.0634
			-452.6423
			102.2658
			-328.658
			-30.5503
			462.7776
			458.0114
			-53.7028
			47.2503
			-455.0114
			58.7028
			-38.2503
	==================================================================================
	Q5:
		Shape: Ellipse
		q_c:	42.5	272.5	362.0
		ub :	48.0558	279.3255	369.0624
		lb :	36.9442	265.6745	354.9376
		P^-1:
			0.0753	-0.0097	-0.0147
			-0.0097	0.0787	-0.0379
			-0.0147	-0.0379	0.0665
	==================================================================================
	Q6:
		Shape: Polyhedra
		q_c:	45.0	274.5	369.0
		ub :	50.2588	278.3065	372.7146
		lb :	39.7412	270.6935	365.2854
		A:
			-0.1808	-0.2252	-0.9574
			0.4274	-0.7349	-0.5265
			-0.1472	-0.5459	-0.8248
			0.3017	0.9022	-0.3083
			0.83	-0.3704	0.4171
			0.6382	0.5384	0.5503
			0.4367	0.036	0.8989
			-0.8991	0.0519	0.4347
			-0.031	-0.998	0.0551
			-0.4367	-0.036	-0.8989
			0.8991	-0.0519	-0.4347
			0.031	0.998	-0.0551
		b:
			-421.1946
			-372.7053
			-458.3289
			151.1696
			92.946
			382.246
			362.7319
			139.1912
			-251.5304
			-359.7319
			-129.1912
			258.5304


===========================================================================================
===========================================================================================
S13:
	q_c:	370.0	377.5	432.5
	ub :	380.0909	389.0161	441.1141
	lb :	361.3235	371.1488	422.7437

	==================================================================================
	Q1:
		Shape: Polyhedra
		q_c:	369.0	376.5	437.0
		ub :	374.6325	378.6848	441.1141
		lb :	363.3675	374.3152	432.8859
		A:
			-0.3331	0.8587	-0.3894
			-0.3213	-0.8873	0.3307
			-0.187	-0.6053	-0.7737
			0.0174	0.9473	-0.3199
			0.1804	-0.9084	-0.3771
			-0.0265	0.333	0.9426
			0.922	0.1799	0.3428
			0.2111	-0.9759	-0.0558
			0.3244	0.1239	-0.9378
			-0.922	-0.1799	-0.3428
			-0.2111	0.9759	0.0558
			-0.3244	-0.1239	0.9378
		b:
			32.1622
			-305.8268
			-631.854
			224.6909
			-438.8877
			530.3214
			562.7421
			-312.9077
			-240.95
			-552.7421
			314.9077
			245.95
	==================================================================================
	Q2:
		Shape: Polyhedra
		q_c:	371.0	379.5	426.5
		ub :	374.3613	383.1374	428.9251
		lb :	367.6387	375.8626	424.0749
		A:
			0.6475	0.3847	-0.6578
			-0.9996	0.0172	0.023
			-0.2259	0.3373	-0.9139
			0.5823	-0.3818	0.7177
			-0.0582	0.6013	-0.7969
			-0.3401	0.5362	-0.7725
			0.8366	0.3421	0.4279
			-0.2857	-0.394	0.8736
			0.4675	-0.853	-0.2319
			-0.8366	-0.3421	-0.4279
			0.2857	0.394	-0.8736
			-0.4675	0.853	0.2319
		b:
			106.9074
			-352.3082
			-344.1813
			379.205
			-131.8003
			-250.4167
			624.7118
			118.0437
			-246.1872
			-620.7118
			-116.0437
			252.1872
	==================================================================================
	Q3:
		Shape: Polyhedra
		q_c:	371.0	379.0	431.5
		ub :	374.8432	383.368	436.6121
		lb :	367.1568	374.632	426.3879
		A:
			-0.8254	0.2548	-0.5038
			0.6513	-0.5464	0.5265
			-0.45	0.5664	-0.6905
			-0.9284	-0.1366	0.3456
			0.6715	0.0159	0.7409
			0.5603	0.5662	-0.6046
			0.9016	0.0227	0.4319
			-0.2273	-0.8246	0.518
			0.3679	-0.5653	-0.7383
			-0.9016	-0.0227	-0.4319
			0.2273	0.8246	-0.518
			-0.3679	0.5653	0.7383
		b:
			-424.9892
			263.9977
			-247.9436
			-244.3074
			577.1126
			164.2247
			531.4745
			-170.8443
			-392.3366
			-527.4745
			175.8443
			400.3366
	==================================================================================
	Q4:
		Shape: Hybrid
		q_c:	364.5	385.5	429.0
		ub :	367.6765	389.0161	432.3479
		lb :	361.3235	381.9839	425.6521
		P^-1:
			0.1632	0.0279	0.0255
			0.0279	0.2146	0.1514
			0.0255	0.1514	0.3378
		A:
			0.8548	0.0881	0.5114
			0.6217	-0.0118	-0.7832
			0.7647	-0.3548	-0.538
			-0.1242	-0.4232	-0.8975
			-0.1863	-0.9762	-0.1115
			0.9646	-0.2266	-0.1352
		b:
			566.4727
			-112.3932
			-87.3337
			-592.6175
			-490.3439
			208.0054
	==================================================================================
	Q5:
		Shape: Ellipse
		q_c:	364.5	374.0	435.0
		ub :	366.7836	376.8512	438.1927
		lb :	362.2164	371.1488	431.8073
		P^-1:
			2.1685	-1.8495	-0.5078
			-1.8495	1.8631	0.4676
			-0.5078	0.4676	0.2884
	==================================================================================
	Q6:
		Shape: Hybrid
		q_c:	376.5	384.0	425.5
		ub :	380.0909	388.0825	428.2563
		lb :	372.9091	379.9175	422.7437
		P^-1:
			0.3313	0.1174	0.0739
			0.1174	0.1383	0.0519
			0.0739	0.0519	0.3065
		A:
			0.9574	-0.2028	-0.2057
			0.3109	-0.0024	0.9504
			-0.4471	-0.7178	-0.5338
			0.3362	0.3197	0.8858
