3D_45_6_6_c                l = 3

===========================================================================================
===========================================================================================
S1:
	q_c:	32.5	124.0	311.5
	ub :	54.6515	151.2949	346.636
	lb :	8.3365	116.0956	285.1406

	==================================================================================
	Q1:
		Shape: Ellipse
		q_c:	17.0	131.0	299.0
		ub :	24.7309	135.0868	305.5732
		lb :	9.2691	126.9132	292.4268
		P^-1:
			0.0755	0.1353	0.0177
			0.1353	0.3843	0.058
			0.0177	0.058	0.0483
	==================================================================================
	Q2:
		Shape: Polyhedra
		q_c:	42.0	134.0	295.0
		ub :	52.6176	144.0101	304.8594
		lb :	31.3824	123.9899	285.1406
		A:
			-0.6903	0.3627	0.626
			0.6207	-0.6249	0.4735
			0.1718	-0.0066	-0.9851
			-0.3922	0.3457	0.8525
			-0.6119	0.6232	0.487
			0.5426	-0.2855	-0.79
			0.7753	0.4076	0.4825
			0.1908	-0.8793	0.4363
			0.6021	-0.2462	-0.7595
			-0.7753	-0.4076	-0.4825
			-0.1908	0.8793	-0.4363
			-0.6021	0.2462	0.7595
		b:
			207.9593
			88.8518
			-279.2584
			285.4623
			205.6198
			-244.9575
			239.0106
			24.8837
			-228.2613
			-220.0106
			-12.8837
			235.2613
	==================================================================================
	Q3:
		Shape: Polyhedra
		q_c:	40.0	131.0	296.5
		ub :	47.0564	139.1851	304.7094
		lb :	32.9436	122.8149	288.2906
		A:
			-0.7444	0.6199	0.2482
			0.8993	0.0651	-0.4325
			0.7027	-0.5499	-0.4514
			-0.2364	0.5994	-0.7647
			0.5717	-0.8203	-0.0161
			-0.0782	-0.816	-0.5727
			0.1289	0.572	0.81
			-0.6396	0.6722	-0.3729
			-0.7578	-0.47	0.4525
			-0.1289	-0.572	-0.81
			0.6396	-0.6722	0.3729
			0.7578	0.47	-0.4525
		b:
			129.5254
			-78.8264
			-172.9714
			-153.2931
			-85.0599
			-274.4659
			325.7693
			-44.0971
			47.2786
			-314.7693
			52.0971
			-37.2786
	==================================================================================
	Q4:
		Shape: Hybrid
		q_c:	40.0	129.5	332.0
		ub :	54.6515	142.9044	346.636
		lb :	25.3485	116.0956	317.364
		P^-1:
			0.0145	0.0001	0.0033
			0.0001	0.0111	0.0001
			0.0033	0.0001	0.0144
		A:
			-0.8498	0.5044	-0.1528
			-0.2129	0.1856	-0.9593
			-0.8174	-0.576	-0.0106
			-0.74	0.1139	-0.6629
			-0.0657	0.3939	-0.9168
			-0.2779	0.9282	-0.2474
		b:
			-14.5725
			-298.4966
			-105.7394
			-231.1388
			-251.1048
			32.4936
	==================================================================================
	Q5:
		Shape: Hybrid
		q_c:	20.0	137.0	301.5
		ub :	31.6635	151.2949	315.3921
		lb :	8.3365	122.7051	287.6079
		P^-1:
			0.0192	-0.002	0.0005
			-0.002	0.0152	0.0041
			0.0005	0.0041	0.0137
		A:
			-0.8976	-0.1837	0.4008
			-0.3665	0.8703	-0.329
			-0.1922	0.5131	0.8365
			-0.9172	0.1153	-0.3813
			0.3103	-0.1481	-0.939
			0.8292	0.088	-0.5519
		b:
			82.4018
			18.0
			322.7552
			-113.6361
			-292.1858
			-132.9856
	==================================================================================
	Q6:
		Shape: Hybrid
		q_c:	39.5	134.5	304.5
		ub :	49.2783	142.5371	313.3732
		lb :	29.7217	126.4629	295.6268
		P^-1:
			0.0267	-0.0003	0.0018
			-0.0003	0.0277	0.0006
			0.0018	0.0006	0.0249
		A:
			0.8101	0.58	-0.0853
			-0.025	0.4643	-0.8853
			0.2151	-0.2094	-0.9539
			0.739	-0.6712	-0.0584
			0.5301	0.8472	0.0347
			0.5013	-0.8513	-0.1552
		b:
			87.2058
			-204.7991
			-306.7339
			-75.8126
			148.5253
			-138.9243


===========================================================================================
===========================================================================================
S2:
	q_c:	148.5	60.5	66.5
	ub :	167.016	75.5875	79.7068
	lb :	131.3301	44.4544	50.3745

	==================================================================================
	Q1:
		Shape: Ellipse
		q_c:	158.0	57.5	65.5
		ub :	167.016	65.8723	74.0869
		lb :	148.984	49.1277	56.9131
		P^-1:
			0.0409	-0.0174	-0.0012
			-0.0174	0.0485	-0.0012
			-0.0012	-0.0012	0.0246
	==================================================================================
	Q2:
		Shape: Ellipse
		q_c:	156.0	55.0	62.0
		ub :	160.9757	60.7783	68.3593
		lb :	151.0243	49.2217	55.6407
		P^-1:
			0.1065	0.0309	0.0218
			0.0309	0.1186	0.0363
			0.0218	0.0363	0.0497
	==================================================================================
	Q3:
		Shape: Polyhedra
		q_c:	147.5	53.5	73.0
		ub :	153.959	58.8406	79.7068
		lb :	141.041	48.1594	66.2932
		A:
			0.9489	-0.1151	0.2937
			-0.2397	-0.6817	-0.6912
			-0.0702	-0.4267	-0.9017
			0.8158	0.1558	-0.557
			0.2359	-0.1639	-0.9578
			-0.5907	0.6214	0.5147
			0.2094	0.8693	0.4478
			0.7445	0.1552	-0.6494
			-0.634	0.4694	-0.6146
			-0.2094	-0.8693	-0.4478
			-0.7445	-0.1552	0.6494
			0.634	-0.4694	0.6146
		b:
			159.5625
			-119.1337
			-95.4916
			92.0092
			-40.0653
			-12.6308
			113.086
			74.7024
			-108.7684
			-107.086
			-66.7024
			117.7684
	==================================================================================
	Q4:
		Shape: Polyhedra
		q_c:	151.5	61.0	72.0
		ub :	156.3357	68.9153	76.2091
		lb :	146.6643	53.0847	67.7909
		A:
			0.8756	-0.0985	0.4729
			-0.8918	-0.344	-0.2939
			-0.8494	-0.5162	-0.1096
			-0.8571	0.1247	-0.4998
			0.7947	0.3343	-0.5068
			0.5001	0.0119	-0.8659
			0.8767	0.1638	0.4523
			0.1408	-0.9864	0.0843
			0.46	-0.0103	-0.8878
			-0.8767	-0.1638	-0.4523
			-0.1408	0.9864	-0.0843
			-0.46	0.0103	0.8878
		b:
			164.1834
			-173.9904
			-164.1135
			-154.6428
			107.5181
			16.655
			178.375
			-25.2779
			7.6431
			-172.375
			40.2779
			-2.6431
	==================================================================================
	Q5:
		Shape: Hybrid
		q_c:	150.0	71.5	56.0
		ub :	156.0389	75.5875	61.6255
		lb :	143.9611	67.4125	50.3745
		P^-1:
			0.0759	0.0122	0.0528
			0.0122	0.0881	0.0177
			0.0528	0.0177	0.1177
		A:
			0.222	-0.6079	0.7623
			0.3924	0.7786	0.4897
			0.3752	-0.3801	-0.8454
			0.041	-0.8799	-0.4733
			0.298	-0.26	0.9185
			-0.0396	-0.9888	0.1439
		b:
			34.6201
			143.5643
			-15.2377
			-81.1753
			79.3291
			-66.3478
	==================================================================================
	Q6:
		Shape: Ellipse
		q_c:	141.5	54.0	65.0
		ub :	151.6699	63.5456	71.902
		lb :	131.3301	44.4544	58.098
		P^-1:
			0.0375	0.0103	0.0348
			0.0103	0.0312	0.0242
			0.0348	0.0242	0.0839


===========================================================================================
===========================================================================================
S3:
	q_c:	474.5	331.0	505.5
	ub :	498.5093	339.337	525.2012
	lb :	458.7623	308.0437	483.3006

	==================================================================================
	Q1:
		Shape: Ellipse
		q_c:	462.5	323.0	517.5
		ub :	466.2377	326.9631	521.3152
		lb :	458.7623	319.0369	513.6848
		P^-1:
			0.2303	0.028	-0.0395
			0.028	0.21	0.0563
			-0.0395	0.0563	0.1707
	==================================================================================
	Q2:
		Shape: Hybrid
		q_c:	485.0	327.0	502.5
		ub :	493.9801	334.4224	509.9108
		lb :	476.0199	319.5776	495.0892
		P^-1:
			0.0194	0.0084	-0.0095
			0.0084	0.0521	-0.0043
			-0.0095	-0.0043	0.0561
		A:
			0.1035	-0.9656	-0.2385
			-0.5723	0.3819	0.7257
			-0.0603	-0.3757	0.9248
			0.5058	-0.7611	0.4061
			0.6787	0.6778	-0.2827
			-0.0216	0.9753	-0.2196
		b:
			-382.6762
			215.3904
			314.9123
			204.9436
			411.9545
			200.6952
	==================================================================================
	Q3:
		Shape: Ellipse
		q_c:	484.5	334.0	515.0
		ub :	490.4192	339.337	520.9202
		lb :	478.5808	328.663	509.0798
		P^-1:
			0.0822	0.0155	0.0033
			0.0155	0.0844	0.0184
			0.0033	0.0184	0.0887
	==================================================================================
	Q4:
		Shape: Polyhedra
		q_c:	487.5	320.5	514.0
		ub :	494.7356	327.4518	519.643
		lb :	480.2644	313.5482	508.357
		A:
			-0.4008	-0.7465	-0.5312
			-0.6677	-0.5609	0.4895
			-0.0531	0.2015	0.978
			0.47	0.7491	-0.4669
			-0.154	0.9704	-0.1859
			0.722	0.3563	0.5931
			0.7386	0.664	0.1163
			0.6509	-0.7474	0.1331
			0.1753	-0.0226	-0.9843
			-0.7386	-0.664	-0.1163
			-0.6509	0.7474	-0.1331
			-0.1753	0.0226	0.9843
		b:
			-704.0248
			-250.0798
			545.8866
			233.1305
			146.1971
			774.7796
			635.662
			152.6803
			-423.2178
			-629.662
			-139.6803
			432.2178
	==================================================================================
	Q5:
		Shape: Hybrid
		q_c:	486.5	322.5	514.5
		ub :	498.5093	334.938	525.2012
		lb :	474.4907	310.062	503.7988
		P^-1:
			0.0192	0.0071	-0.0061
			0.0071	0.0209	-0.0031
			-0.0061	-0.0031	0.0256
		A:
			-0.8841	-0.3847	-0.2653
			-0.2927	0.4774	-0.8285
			0.7906	0.2412	0.5629
			-0.5909	0.7799	0.2065
			-0.1673	0.0457	0.9849
			-0.7053	-0.1585	-0.6909
		b:
			-686.1026
			-409.8701
			757.0371
			76.0326
			443.5987
			-744.6514
	==================================================================================
	Q6:
		Shape: Polyhedra
		q_c:	479.0	319.5	494.5
		ub :	489.1653	330.9563	505.6994
		lb :	468.8347	308.0437	483.3006
		A:
			-0.3214	0.8895	-0.3249
			0.4369	-0.5689	0.6968
			-0.3979	0.5195	-0.7561
			-0.8086	0.5683	0.1523
			0.3138	0.1618	0.9356
			-0.789	0.1213	-0.6022
			0.1529	0.5734	0.8049
			-0.7492	0.5984	-0.2839
			-0.6444	-0.5596	0.5211
			-0.1529	-0.5734	-0.8049
			0.7492	-0.5984	0.2839
			0.6444	0.5596	-0.5211
		b:
			-24.6139
			377.7003
			-392.6666
			-125.1658
			670.9869
			-631.758
			660.9639
			-303.6044
			-220.7829
			-647.9639
			312.6044
			238.7829


===========================================================================================
===========================================================================================
S4:
	q_c:	168.0	100.5	240.0
	ub :	186.0494	118.4067	250.1657
	lb :	145.7971	82.1837	221.3093

	==================================================================================
	Q1:
		Shape: Ellipse
		q_c:	156.0	106.5	230.0
		ub :	166.2029	116.7287	238.6907
		lb :	145.7971	96.2713	221.3093
		P^-1:
			0.0269	0.0053	-0.0027
			0.0053	0.0255	-0.0057
			-0.0027	-0.0057	0.0357
	==================================================================================
	Q2:
		Shape: Hybrid
		q_c:	164.5	114.0	236.5
		ub :	168.7153	118.4067	241.21
		lb :	160.2847	109.5933	231.79
		P^-1:
			0.1526	0.02	-0.0114
			0.02	0.1066	0.0306
			-0.0114	0.0306	0.1425
		A:
			-0.3258	0.772	0.5457
			-0.1338	-0.7042	-0.6973
			0.2589	0.0021	-0.9659
			0.1083	-0.5007	-0.8588
			-0.8492	-0.4412	-0.2902
			0.5756	-0.0045	-0.8177
		b:
			164.9858
			-265.8942
			-184.2031
			-241.1163
			-257.3619
			-97.9237
	==================================================================================
	Q3:
		Shape: Ellipse
		q_c:	176.5	88.0	232.0
		ub :	183.6728	93.8163	237.9125
		lb :	169.3272	82.1837	226.0875
		P^-1:
			0.0314	-0.0174	-0.0177
			-0.0174	0.0939	0.0108
			-0.0177	0.0108	0.0911
	==================================================================================
	Q4:
		Shape: Polyhedra
		q_c:	178.0	98.0	230.0
		ub :	186.0494	106.352	237.4099
		lb :	169.9506	89.648	222.5901
		A:
			-0.124	0.7979	-0.59
			0.8851	0.3937	0.2481
			-0.1175	0.4959	0.8604
			0.3024	0.73	-0.6129
			-0.3298	-0.3399	0.8808
			-0.0439	0.8476	0.5288
			0.5909	0.4626	0.661
			-0.3936	-0.5499	0.7367
			0.7043	-0.6954	-0.1428
			-0.5909	-0.4626	-0.661
			0.3936	0.5499	-0.7367
			-0.7043	0.6954	0.1428
		b:
			-74.2314
			257.5563
			230.1739
			-10.1326
			115.9915
			201.391
			306.5313
			50.9931
			29.3559
			-298.5313
			-39.9931
			-19.3559
	==================================================================================
	Q5:
		Shape: Polyhedra
		q_c:	159.5	97.5	233.0
		ub :	168.4212	108.3354	243.2522
		lb :	150.5788	86.6646	222.7478
		A:
			-0.0492	-0.9417	0.3327
			0.0793	0.4209	-0.9036
			-0.3617	-0.8338	0.4172
			-0.2377	0.9696	-0.0575
			0.0799	-0.752	0.6543
			0.8802	0.2619	-0.3959
			0.1747	0.5632	0.8077
			-0.6809	0.6616	-0.3141
			-0.7113	-0.4951	0.499
			-0.1747	-0.5632	-0.8077
			0.6809	-0.6616	0.3141
			0.7113	0.4951	-0.499
		b:
			-16.2366
			-151.0459
			-36.8934
			50.0656
			97.8334
			78.0335
			278.4567
			-110.2713
			-41.4466
			-263.4567
			124.2713
			49.4466
	==================================================================================
	Q6:
		Shape: Hybrid
		q_c:	160.5	110.0	239.5
		ub :	171.1486	117.8918	250.1657
		lb :	149.8514	102.1082	228.8343
		P^-1:
			0.0263	0.0065	0.015
			0.0065	0.0376	0.0043
			0.015	0.0043	0.0324
		A:
			-0.1393	0.425	0.8944
			-0.2348	-0.905	0.3546
			0.8194	-0.1862	0.5421
			0.1803	-0.3734	0.91
			-0.0672	0.8545	0.5151
			0.1345	0.2238	0.9653
		b:
			243.1155
			-48.8474
			244.0866
			209.39
			210.0932
			281.0322


===========================================================================================
===========================================================================================
S5:
	q_c:	301.0	502.5	451.0
	ub :	310.1058	511.3474	460.8762
	lb :	295.8458	497.4782	446.9834

	==================================================================================
	Q1:
		Shape: Ellipse
		q_c:	304.0	502.5	455.0
		ub :	307.0708	505.1287	458.2811
		lb :	300.9292	499.8713	451.7189
		P^-1:
			0.25	0.0	0.0
			0.0	0.25	-0.0
			0.0	-0.0	0.25
	==================================================================================
	Q2:
		Shape: Polyhedra
		q_c:	306.0	501.0	455.0
		ub :	310.1058	504.5218	459.0275
		lb :	301.8942	497.4782	450.9725
		A:
			0.8218	0.3809	-0.4237
			-0.4271	0.8	0.4215
			0.0971	0.8483	0.5205
			-0.255	-0.156	-0.9543
			0.3258	0.2188	-0.9198
			-0.9735	0.2283	-0.0115
			0.6739	0.4046	0.6182
			0.2901	-0.9144	0.2823
			0.6795	-0.0109	-0.7336
			-0.6739	-0.4046	-0.6182
			-0.2901	0.9144	-0.2823
			-0.6795	0.0109	0.7336
		b:
			251.8058
			464.2672
			694.2924
			-587.6434
			-207.0023
			-186.2465
			693.2022
			-238.4149
			-129.3124
			-687.2022
			243.4149
			133.3124
	==================================================================================
	Q3:
		Shape: Polyhedra
		q_c:	299.5	506.5	457.5
		ub :	303.1542	510.2178	460.8762
		lb :	295.8458	502.7822	454.1238
		A:
			0.8198	-0.5723	-0.0169
			0.11	-0.9333	-0.3419
			0.399	-0.5778	-0.712
			0.8388	0.5195	0.163
			-0.2915	-0.944	-0.1544
			0.3255	-0.8708	-0.3685
			0.2134	0.292	0.9323
			-0.6603	0.7464	-0.0826
			-0.72	-0.598	0.3521
			-0.2134	-0.292	-0.9323
			0.6603	-0.7464	0.0826
			0.72	0.598	-0.3521
		b:
			-50.0298
			-593.9167
			-496.6095
			591.4099
			-633.7205
			-509.9989
			640.832
			144.4827
			-354.9628
			-635.832
			-140.4827
			359.9628
	==================================================================================
	Q4:
		Shape: Ellipse
		q_c:	301.5	508.5	456.0
		ub :	304.366	511.3474	458.7494
		lb :	298.634	505.6526	453.2506
		P^-1:
			1.9103	0.1137	1.9299
			0.1137	0.2406	0.0624
			1.9299	0.0624	2.2102
	==================================================================================
	Q5:
		Shape: Ellipse
		q_c:	303.5	503.5	448.5
		ub :	305.1539	505.3399	450.0166
		lb :	301.8461	501.6601	446.9834
		P^-1:
			2.1669	0.8576	1.4895
			0.8576	1.0122	0.4678
			1.4895	0.4678	2.2654
	==================================================================================
	Q6:
		Shape: Ellipse
		q_c:	304.5	501.5	453.5
		ub :	307.1063	505.2511	456.9792
		lb :	301.8937	497.7489	450.0208
		P^-1:
			0.7666	0.0132	-0.3209
			0.0132	0.2497	0.2097
			-0.3209	0.2097	0.5098


===========================================================================================
===========================================================================================
S6:
	q_c:	61.0	478.5	52.5
	ub :	65.61	485.5633	59.5909
	lb :	57.3194	473.5241	49.8541

	==================================================================================
	Q1:
		Shape: Polyhedra
		q_c:	63.0	478.0	53.0
		ub :	65.61	480.1163	56.1459
		lb :	60.39	475.8837	49.8541
		A:
			0.5348	-0.8369	-0.1169
			-0.618	0.7443	0.2531
			-0.7645	0.638	-0.092
			-0.2862	-0.6797	-0.6753
			0.5521	-0.8122	0.1887
			-0.5244	0.8515	-0.0053
			0.6667	0.6151	0.4209
			0.3828	0.202	-0.9015
			-0.6395	0.7621	-0.1008
			-0.6667	-0.6151	-0.4209
			-0.3828	-0.202	0.9015
			0.6395	-0.7621	0.1008
		b:
			-371.7956
			331.2406
			252.5315
			-376.7232
			-342.8504
			374.2908
			360.3395
			75.382
			319.1581
			-356.3395
			-70.382
			-318.1581
	==================================================================================
	Q2:
		Shape: Polyhedra
		q_c:	59.0	477.0	55.5
		ub :	60.6806	478.2807	57.6979
		lb :	57.3194	475.7193	53.3021
		A:
			-0.398	0.9148	-0.0694
			-0.0229	-0.9977	-0.0634
			-0.7488	0.4077	-0.5226
			-0.9944	-0.0099	0.1049
			0.8559	-0.4026	0.3247
			0.743	-0.597	0.3025
			0.7861	0.594	0.1711
			0.5323	-0.7912	0.3011
			0.3142	-0.1456	-0.9381
			-0.7861	-0.594	-0.1711
			-0.5323	0.7912	-0.3011
			-0.3142	0.1456	0.9381
		b:
			409.6662
			-479.9569
			122.0445
			-56.4196
			-122.8547
			-223.588
			340.2062
			-328.7818
			-100.9704
			-338.2062
			329.7818
			104.9704
	==================================================================================
	Q3:
		Shape: Hybrid
		q_c:	60.5	481.0	57.0
		ub :	61.4869	483.9568	59.5909
		lb :	59.5131	478.0432	54.4091
		P^-1:
			3.8629	-0.6107	0.3259
			-0.6107	0.3347	-0.1808
			0.3259	-0.1808	0.4068
		A:
			0.993	0.0013	0.1181
			-0.7232	0.612	-0.3201
			0.4193	0.7375	-0.5294
			-0.7772	0.0317	-0.6285
			0.8568	-0.1062	-0.5047
			-0.8601	0.178	-0.4781
		b:
			67.8273
			233.1919
			351.3669
			-66.6399
			-27.1476
			6.9156
	==================================================================================
	Q4:
		Shape: Hybrid
		q_c:	60.5	480.5	53.5
		ub :	62.7256	483.619	56.4194
		lb :	58.2744	477.381	50.5806
		P^-1:
			0.429	0.051	0.0131
			0.051	0.2645	0.0037
			0.0131	0.0037	0.251
		A:
			-0.5837	-0.1372	-0.8003
			0.6816	0.1381	0.7185
			0.4822	-0.8678	0.1203
			-0.9673	0.2454	0.0644
			0.4433	-0.1848	0.8771
			0.7886	0.1663	-0.592
		b:
			-143.006
			147.0142
			-380.1199
			63.757
			-13.9058
			96.9094
	==================================================================================
	Q5:
		Shape: Polyhedra
		q_c:	60.5	482.5	55.0
		ub :	62.1557	485.5633	57.957
		lb :	58.8443	479.4367	52.043
		A:
			-0.8897	0.0324	-0.4555
			-0.6023	0.7385	0.3032
			-0.8305	0.5457	0.1116
			-0.9922	-0.0463	0.1161
			-0.4973	0.8642	0.0769
			-0.9447	0.2949	-0.1432
			0.3932	0.5801	0.7133
			-0.9175	0.2977	0.2637
			-0.0594	-0.7582	0.6493
			-0.3932	-0.5801	-0.7133
			0.9175	-0.2977	-0.2637
			0.0594	0.7582	-0.6493
		b:
			-61.8547
			337.8928
			220.4062
			-74.8288
			392.8017
			78.4788
			344.4354
			103.6076
			-331.2042
			-341.4354
			-101.6076
			336.2042
	==================================================================================
	Q6:
		Shape: Ellipse
		q_c:	63.5	475.5	51.5
		ub :	65.5438	477.4759	52.9955
		lb :	61.4562	473.5241	50.0045
		P^-1:
			0.7031	-0.2741	-0.0411
			-0.2741	0.747	-0.0379
			-0.0411	-0.0379	0.9943


===========================================================================================
===========================================================================================
