3D_40_13_6_a                l = 3

===========================================================================================
===========================================================================================
S1:
	q_c:	272.5	240.5	400.0
	ub :	301.5492	249.6036	427.927
	lb :	260.9223	214.4254	377.0085

	==================================================================================
	Q1:
		Shape: Ellipse
		q_c:	272.0	223.0	388.0
		ub :	283.0777	231.5746	398.9915
		lb :	260.9223	214.4254	377.0085
		P^-1:
			0.0182	-0.0026	0.0015
			-0.0026	0.0267	-0.0017
			0.0015	-0.0017	0.0144
	==================================================================================
	Q2:
		Shape: Ellipse
		q_c:	270.0	237.5	406.0
		ub :	278.8965	246.062	413.3983
		lb :	261.1035	228.938	398.6017
		P^-1:
			0.0468	-0.0193	0.0033
			-0.0193	0.032	-0.0077
			0.0033	-0.0077	0.0415
	==================================================================================
	Q3:
		Shape: Hybrid
		q_c:	292.5	238.0	406.5
		ub :	301.5492	247.4064	414.3715
		lb :	283.4508	228.5936	398.6285
		P^-1:
			0.0304	-0.0023	-0.0013
			-0.0023	0.0311	-0.0011
			-0.0013	-0.0011	0.0324
		A:
			-0.9852	0.162	0.0559
			-0.0196	0.8975	-0.4405
			-0.3666	-0.3963	0.8417
			0.0187	0.1575	0.9873
			0.2885	0.0551	-0.9559
			-0.1216	-0.7937	0.5961
		b:
			-223.9637
			31.6442
			143.3582
			447.1794
			-288.3105
			20.6783
	==================================================================================
	Q4:
		Shape: Ellipse
		q_c:	288.5	238.5	421.0
		ub :	297.2477	247.3177	427.927
		lb :	279.7523	229.6823	414.073
		P^-1:
			0.0446	-0.0141	-0.0226
			-0.0141	0.0547	-0.0317
			-0.0226	-0.0317	0.0899
	==================================================================================
	Q5:
		Shape: Ellipse
		q_c:	271.5	247.0	406.0
		ub :	278.385	249.6036	412.1335
		lb :	264.615	244.3964	399.8665
		P^-1:
			0.0412	-0.0205	0.0113
			-0.0205	0.2478	0.0072
			0.0113	0.0072	0.0565
	==================================================================================
	Q6:
		Shape: Ellipse
		q_c:	276.0	235.5	408.0
		ub :	284.3401	245.9615	418.6143
		lb :	267.6599	225.0385	397.3857
		P^-1:
			0.0354	-0.0064	-0.0063
			-0.0064	0.0262	-0.0026
			-0.0063	-0.0026	0.024


===========================================================================================
===========================================================================================
S2:
	q_c:	242.0	295.5	65.0
	ub :	259.2899	312.9033	87.8635
	lb :	229.0049	278.638	47.3482

	==================================================================================
	Q1:
		Shape: Hybrid
		q_c:	249.0	288.0	57.0
		ub :	259.2899	292.2539	66.6518
		lb :	238.7101	283.7461	47.3482
		P^-1:
			0.0202	0.0252	0.0017
			0.0252	0.2383	0.0441
			0.0017	0.0441	0.0308
		A:
			-0.0563	0.8336	-0.5495
			-0.3677	-0.7959	-0.481
			0.1488	-0.9147	-0.3758
			-0.977	-0.1799	0.1143
			-0.5702	-0.8041	-0.1682
			0.0025	-0.9285	-0.3713
		b:
			199.0173
			-345.4668
			-245.9353
			-282.3334
			-380.0736
			-286.5717
	==================================================================================
	Q2:
		Shape: Polyhedra
		q_c:	251.5	287.0	57.0
		ub :	258.9134	295.362	64.2393
		lb :	244.0866	278.638	49.7607
		A:
			-0.2905	0.9214	0.2581
			-0.9545	0.2945	0.0473
			0.2183	0.5045	0.8354
			-0.1067	0.5713	0.8137
			-0.4425	0.7234	-0.53
			0.6493	0.6119	-0.4517
			0.7972	0.4752	0.3724
			0.2331	0.3267	-0.9159
			-0.5569	0.817	0.1497
			-0.7972	-0.4752	-0.3724
			-0.2331	-0.3267	0.9159
			0.5569	-0.817	-0.1497
		b:
			211.9267
			-147.6102
			251.9536
			188.8382
			71.8225
			317.9543
			361.5971
			105.6801
			108.9595
			-354.5971
			-94.6801
			-96.9595
	==================================================================================
	Q3:
		Shape: Polyhedra
		q_c:	237.0	300.0	58.5
		ub :	244.9951	306.6047	66.608
		lb :	229.0049	293.3953	50.392
		A:
			-0.3501	-0.5427	0.7634
			0.2775	-0.8051	0.5242
			0.0103	-0.9799	0.199
			-0.2578	0.5388	-0.8021
			0.4158	-0.4507	0.7899
			0.5105	-0.3912	-0.7657
			0.5617	0.5949	0.575
			-0.74	0.0506	0.6707
			0.3699	-0.8022	0.4686
			-0.5617	-0.5949	-0.575
			0.74	-0.0506	-0.6707
			-0.3699	0.8022	-0.4686
		b:
			-197.0439
			-141.5926
			-275.7283
			57.4858
			13.6496
			-36.4365
			351.2261
			-116.4775
			-122.0971
			-339.2261
			125.4775
			129.0971
	==================================================================================
	Q4:
		Shape: Hybrid
		q_c:	251.0	302.5	66.0
		ub :	256.0718	309.4268	72.1283
		lb :	245.9282	295.5732	59.8717
		P^-1:
			0.1988	-0.0693	0.0524
			-0.0693	0.0604	-0.0343
			0.0524	-0.0343	0.0811
		A:
			0.5338	-0.3219	0.782
			-0.0905	-0.3081	0.947
			0.9256	0.1089	-0.3626
			-0.9716	0.2241	-0.0759
			-0.841	0.541	-0.0088
			0.2666	0.4577	-0.8482
		b:
			89.9645
			-50.6266
			243.8333
			-179.7818
			-46.3851
			152.4331
	==================================================================================
	Q5:
		Shape: Polyhedra
		q_c:	248.0	303.0	76.5
		ub :	258.0558	312.9033	86.3723
		lb :	237.9442	293.0967	66.6277
		A:
			0.736	0.5593	-0.3815
			0.6201	0.7841	-0.0263
			0.4078	0.8495	0.3347
			-0.1853	-0.6814	0.708
			-0.6651	-0.718	0.2052
			-0.0078	-0.2833	-0.959
			0.3987	0.8724	0.2829
			0.9164	-0.3667	-0.1607
			-0.0364	0.3233	-0.9456
			-0.3987	-0.8724	-0.2829
			-0.9164	0.3667	0.1607
			0.0364	-0.3233	0.9456
		b:
			329.619
			394.9075
			389.1548
			-191.2382
			-360.7388
			-154.1613
			389.8384
			112.3724
			24.0877
			-379.8384
			-95.3724
			-9.0877
	==================================================================================
	Q6:
		Shape: Polyhedra
		q_c:	246.5	296.5	79.0
		ub :	257.4566	306.8722	87.8635
		lb :	235.5434	286.1278	70.1365
		A:
			-0.2829	0.5294	0.7998
			0.2934	0.065	0.9538
			0.915	0.3254	-0.2386
			-0.0892	-0.9886	0.1214
			0.6867	0.6295	-0.3635
			-0.75	0.2607	0.6078
			0.4304	0.6719	0.6028
			0.7423	-0.6434	0.1871
			0.5136	0.3669	-0.7756
			-0.4304	-0.6719	-0.6028
			-0.7423	0.6434	-0.1871
			-0.5136	-0.3669	0.7756
		b:
			156.1023
			172.5079
			309.3094
			-299.2188
			332.8668
			-52.8118
			357.4131
			14.9949
			180.1233
			-348.4131
			1.0051
			-168.1233


===========================================================================================
===========================================================================================
S3:
	q_c:	496.0	259.0	174.5
	ub :	518.3406	276.0854	197.3525
	lb :	476.8222	236.8996	158.2742

	==================================================================================
	Q1:
		Shape: Hybrid
		q_c:	493.5	260.5	180.0
		ub :	499.9733	267.0355	186.255
		lb :	487.0267	253.9645	173.745
		P^-1:
			0.063	0.0551	-0.0564
			0.0551	0.1832	-0.1962
			-0.0564	-0.1962	0.2713
		A:
			0.1145	0.1844	-0.9762
			-0.5734	-0.3725	0.7297
			0.3015	0.4734	-0.8276
			-0.5318	-0.4402	0.7234
			-0.5457	-0.4117	0.7299
			0.3827	0.9144	-0.1316
		b:
			-68.6999
			-246.7209
			124.268
			-245.2752
			-243.3993
			406.7133
	==================================================================================
	Q2:
		Shape: Ellipse
		q_c:	490.5	254.0	167.5
		ub :	497.4382	262.6011	176.7258
		lb :	483.5618	245.3989	158.2742
		P^-1:
			0.0611	-0.0323	-0.0192
			-0.0323	0.0636	0.0288
			-0.0192	0.0288	0.0399
	==================================================================================
	Q3:
		Shape: Ellipse
		q_c:	508.0	253.0	185.5
		ub :	518.3406	263.4411	197.3525
		lb :	497.6594	242.5589	173.6475
		P^-1:
			0.0204	-0.0	-0.0
			-0.0	0.0204	-0.0
			-0.0	-0.0	0.0204
	==================================================================================
	Q4:
		Shape: Polyhedra
		q_c:	496.5	268.5	184.5
		ub :	503.3005	275.4878	187.8549
		lb :	489.6995	261.5122	181.1451
		A:
			-0.4412	0.1687	-0.8814
			-0.6024	0.3715	-0.7064
			-0.1292	0.4342	-0.8915
			-0.4989	-0.1812	-0.8475
			0.1334	0.153	0.9792
			0.6033	-0.3415	0.7207
			0.8077	0.5896	0.0009
			0.5279	-0.7224	-0.4466
			-0.2627	0.3612	-0.8947
			-0.8077	-0.5896	-0.0009
			-0.5279	0.7224	0.4466
			0.2627	-0.3612	0.8947
		b:
			-334.8684
			-327.5664
			-110.8374
			-449.9334
			290.8988
			342.8858
			563.9894
			-8.7841
			-197.5254
			-554.9894
			19.7841
			199.5254
	==================================================================================
	Q5:
		Shape: Polyhedra
		q_c:	484.0	244.5	178.5
		ub :	491.1778	252.1004	186.5678
		lb :	476.8222	236.8996	170.4322
		A:
			-0.7042	-0.6742	0.2228
			0.7364	-0.6684	0.1042
			0.1538	0.9671	-0.2025
			-0.2475	-0.0066	-0.9689
			-0.2908	-0.7683	0.5702
			-0.2343	-0.6357	-0.7355
			0.0939	0.736	0.6704
			0.8771	0.2574	-0.4055
			-0.471	0.6261	-0.6214
			-0.0939	-0.736	-0.6704
			-0.8771	-0.2574	0.4055
			0.471	-0.6261	0.6214
		b:
			-460.5448
			216.0544
			279.4762
			-289.7802
			-222.0025
			-395.1349
			350.0818
			420.5816
			-181.807
			-340.0818
			-409.5816
			189.807
	==================================================================================
	Q6:
		Shape: Ellipse
		q_c:	498.0	265.0	181.0
		ub :	508.7832	276.0854	188.4342
		lb :	487.2168	253.9146	173.5658
		P^-1:
			0.0159	0.0008	-0.0032
			0.0008	0.0179	-0.0083
			-0.0032	-0.0083	0.0468


===========================================================================================
===========================================================================================
S4:
	q_c:	396.5	289.0	126.5
	ub :	414.4112	311.9436	149.4915
	lb :	378.4971	262.1415	109.2961

	==================================================================================
	Q1:
		Shape: Ellipse
		q_c:	395.0	298.5	140.5
		ub :	405.2263	308.8711	148.726
		lb :	384.7737	288.1289	132.274
		P^-1:
			0.0273	-0.0042	0.0053
			-0.0042	0.0287	-0.0062
			0.0053	-0.0062	0.0314
	==================================================================================
	Q2:
		Shape: Hybrid
		q_c:	389.5	301.5	133.5
		ub :	400.3835	311.9436	144.8592
		lb :	378.6165	291.0564	122.1408
		P^-1:
			0.0217	0.0003	0.008
			0.0003	0.01	0.0002
			0.008	0.0002	0.0172
		A:
			0.9018	-0.2251	-0.3688
			0.8816	0.1508	0.4473
			0.8778	-0.4536	0.1543
			0.8277	0.2784	0.4873
			-0.7948	-0.1737	-0.5815
			0.0074	-0.8597	0.5108
		b:
			239.9913
			451.7944
			230.4347
			474.7835
			-436.4433
			-181.5072
	==================================================================================
	Q3:
		Shape: Ellipse
		q_c:	403.5	274.5	137.0
		ub :	414.4112	282.9164	149.4645
		lb :	392.5888	266.0836	124.5355
		P^-1:
			0.032	0.0067	0.0088
			0.0067	0.0283	0.003
			0.0088	0.003	0.0124
	==================================================================================
	Q4:
		Shape: Polyhedra
		q_c:	390.5	278.5	117.0
		ub :	398.7524	286.695	124.7039
		lb :	382.2476	270.305	109.2961
		A:
			0.3613	-0.9008	-0.241
			-0.7021	-0.6335	0.3251
			0.3769	-0.1527	0.9136
			0.3139	0.9274	-0.2034
			-0.6672	0.2094	-0.7148
			0.3812	-0.4591	0.8025
			0.7954	0.5889	0.143
			0.4376	-0.7214	0.5368
			0.4193	-0.3644	-0.8315
			-0.7954	-0.5889	-0.143
			-0.4376	0.7214	-0.5368
			-0.4193	0.3644	0.8315
		b:
			-132.9415
			-407.5622
			216.4071
			361.8811
			-281.1645
			119.5036
			496.3654
			37.2719
			-29.5359
			-486.3654
			-28.2719
			40.5359
	==================================================================================
	Q5:
		Shape: Hybrid
		q_c:	389.5	274.5	136.5
		ub :	398.5929	286.8585	149.4915
		lb :	380.4071	262.1415	123.5085
		P^-1:
			0.0321	-0.0104	-0.0047
			-0.0104	0.0216	0.0048
			-0.0047	0.0048	0.011
		A:
			-0.8544	0.4706	0.2202
			-0.477	0.8749	-0.0844
			0.9026	-0.2733	0.3325
			0.9007	0.4331	0.0327
			0.4034	-0.2278	-0.8862
			-0.2377	-0.7291	-0.6418
		b:
			-171.0508
			46.9825
			326.3301
			479.0609
			-20.3289
			-374.672
	==================================================================================
	Q6:
		Shape: Polyhedra
		q_c:	386.5	286.5	132.0
		ub :	394.5029	295.7631	140.1015
		lb :	378.4971	277.2369	123.8985
		A:
			-0.2121	0.2191	0.9524
			0.4714	0.4878	-0.7347
			-0.8014	-0.3061	0.5139
			-0.3907	-0.2585	0.8835
			0.3804	-0.3805	-0.8429
			0.6781	-0.6745	-0.292
			0.9016	0.3877	0.1917
			0.0937	-0.6079	0.7885
			0.4222	-0.6929	-0.5844
			-0.9016	-0.3877	-0.1917
			-0.0937	0.6079	-0.7885
			-0.4222	0.6929	0.5844
		b:
			112.8531
			229.3163
			-324.3703
			-103.5213
			-66.2634
			37.4152
			489.8613
			-30.3605
			-104.979
			-479.8613
			37.3605
			119.979


===========================================================================================
===========================================================================================
S5:
	q_c:	59.5	427.0	265.0
	ub :	73.0322	445.5213	284.0573
	lb :	48.4257	404.3176	249.2663

	==================================================================================
	Q1:
		Shape: Ellipse
		q_c:	62.5	415.5	275.0
		ub :	73.0322	426.6824	284.0573
		lb :	51.9678	404.3176	265.9427
		P^-1:
			0.0216	-0.0023	0.0029
			-0.0023	0.0249	-0.0056
			0.0029	-0.0056	0.0274
	==================================================================================
	Q2:
		Shape: Polyhedra
		q_c:	53.5	428.0	261.0
		ub :	58.5743	434.1763	266.9588
		lb :	48.4257	421.8237	255.0412
		A:
			0.779	0.533	0.3302
			-0.7429	-0.5669	-0.3559
			-0.906	-0.3022	-0.2963
			0.9157	0.1172	0.3844
			-0.9268	-0.349	-0.1386
			0.5278	0.6414	0.5568
			0.7501	0.4931	0.4408
			-0.5647	0.1306	0.8149
			0.3442	-0.8601	0.3764
			-0.7501	-0.4931	-0.4408
			0.5647	-0.1306	-0.8149
			-0.3442	0.8601	-0.3764
		b:
			357.1386
			-374.1074
			-253.4768
			201.9266
			-233.3314
			449.7518
			367.2038
			242.379
			-245.4706
			-365.2038
			-234.379
			257.4706
	==================================================================================
	Q3:
		Shape: Polyhedra
		q_c:	63.0	417.5	263.0
		ub :	70.5398	423.6173	269.8477
		lb :	55.4602	411.3827	256.1523
		A:
			0.51	-0.8466	0.1524
			-0.1931	0.7771	0.599
			0.4878	-0.7789	-0.3942
			0.9228	-0.0164	0.385
			-0.046	-0.9891	0.1399
			0.539	0.8413	0.0402
			0.6739	0.3051	0.6729
			0.4417	-0.8965	-0.0358
			0.5923	0.3213	-0.7388
			-0.6739	-0.3051	-0.6729
			-0.4417	0.8965	0.0358
			-0.5923	-0.3213	0.7388
		b:
			-277.6909
			473.7572
			-394.4124
			156.9341
			-375.1533
			400.2184
			351.312
			-352.371
			-17.8375
			-342.312
			359.371
			27.8375
	==================================================================================
	Q4:
		Shape: Polyhedra
		q_c:	58.0	438.0	274.5
		ub :	65.5873	445.5213	281.621
		lb :	50.4127	430.4787	267.379
		A:
			0.7788	0.4931	-0.3877
			0.2225	0.9092	-0.3519
			0.0937	0.1368	-0.9862
			-0.0453	-0.0299	0.9985
			0.8076	-0.3366	-0.4842
			-0.2577	-0.9348	0.2445
			0.1144	0.7835	0.6108
			0.5087	0.4819	-0.7134
			-0.8533	0.3923	-0.3434
			-0.1144	-0.7835	-0.6108
			-0.5087	-0.4819	0.7134
			0.8533	-0.3923	0.3434
		b:
			158.39
			318.3826
			-201.4758
			262.3808
			-228.413
			-353.3742
			521.9636
			47.7471
			34.5598
			-512.9636
			-41.7471
			-21.5598
	==================================================================================
	Q5:
		Shape: Polyhedra
		q_c:	64.0	431.0	258.5
		ub :	72.906	440.0471	267.7337
		lb :	55.094	421.9529	249.2663
		A:
			-0.1673	0.2496	0.9538
			0.6211	0.7833	-0.0243
			0.1752	-0.2809	0.9436
			-0.4739	0.8792	0.049
			-0.9471	-0.3183	0.0405
			-0.9372	-0.3488	0.0048
			0.5251	0.2664	0.8083
			0.2602	0.854	-0.4505
			-0.8103	0.4469	0.3791
			-0.5251	-0.2664	-0.8083
			-0.2602	-0.854	0.4505
			0.8103	-0.4469	-0.3791
		b:
			348.9476
			376.9315
			139.7821
			366.9562
			-181.7079
			-203.4158
			362.856
			274.2713
			244.2602
			-351.856
			-262.2713
			-233.2602
	==================================================================================
	Q6:
		Shape: Polyhedra
		q_c:	56.5	418.5	264.5
		ub :	63.8535	424.4442	272.3297
		lb :	49.1465	412.5558	256.6703
		A:
			0.3872	-0.8396	-0.381
			-0.3049	0.7624	-0.5708
			-0.7841	0.5705	-0.2444
			-0.5171	-0.8555	0.0267
			0.5406	-0.8257	-0.1613
			-0.0167	-0.776	-0.6306
			0.6824	0.32	0.6572
			-0.7167	0.1158	0.6878
			0.144	-0.9403	0.3084
			-0.6824	-0.32	-0.6572
			0.7167	-0.1158	-0.6878
			-0.144	0.9403	-0.3084
		b:
			-424.9437
			155.2412
			134.4808
			-375.9468
			-352.3547
			-487.8968
			349.3196
			196.3834
			-299.3121
			-343.3196
			-183.3834
			308.3121


===========================================================================================
===========================================================================================
S6:
	q_c:	126.0	115.0	133.0
	ub :	142.4537	133.0124	148.198
	lb :	112.1022	106.4381	119.0035

	==================================================================================
	Q1:
		Shape: Ellipse
		q_c:	131.0	118.0	125.0
		ub :	136.5252	123.4337	128.7799
		lb :	125.4748	112.5663	121.2201
		P^-1:
			0.3037	0.0618	-0.4064
			0.0618	0.0908	-0.0381
			-0.4064	-0.0381	0.7567
	==================================================================================
	Q2:
		Shape: Ellipse
		q_c:	132.5	126.0	128.5
		ub :	140.0312	133.0124	132.9943
		lb :	124.9688	118.9876	124.0057
		P^-1:
			0.1196	-0.1103	0.0233
			-0.1103	0.1383	-0.0335
			0.0233	-0.0335	0.0915
	==================================================================================
	Q3:
		Shape: Ellipse
		q_c:	125.0	121.5	125.5
		ub :	131.1182	125.7687	131.9965
		lb :	118.8818	117.2313	119.0035
		P^-1:
			0.0567	0.0073	0.0045
			0.0073	0.1492	-0.0314
			0.0045	-0.0314	0.066
	==================================================================================
	Q4:
		Shape: Polyhedra
		q_c:	133.0	115.5	135.5
		ub :	142.4537	124.5619	143.4343
		lb :	123.5463	106.4381	127.5657
		A:
			0.3042	-0.9495	0.0763
			0.1142	-0.9934	-0.0134
			-0.8559	0.1288	-0.5009
			0.3431	-0.9357	0.082
			0.0562	-0.7457	0.6639
			-0.4169	0.4074	-0.8126
			0.7127	0.6744	0.193
			0.3452	-0.5767	0.7405
			0.6107	-0.4611	-0.6438
			-0.7127	-0.6744	-0.193
			-0.3452	0.5767	-0.7405
			-0.6107	0.4611	0.6438
		b:
			-53.7627
			-95.966
			-161.9873
			-46.2402
			15.1762
			-114.853
			204.8345
			83.1362
			-52.7656
			-192.8345
			-76.1362
			65.7656
	==================================================================================
	Q5:
		Shape: Ellipse
		q_c:	118.0	114.0	137.0
		ub :	123.8978	120.0442	142.5468
		lb :	112.1022	107.9558	131.4532
		P^-1:
			0.066	-0.0095	0.0082
			-0.0095	0.0885	-0.0223
			0.0082	-0.0223	0.0816
	==================================================================================
	Q6:
		Shape: Hybrid
		q_c:	120.5	112.5	143.5
		ub :	125.0789	117.3341	148.198
		lb :	115.9211	107.6659	138.802
		P^-1:
			0.1038	0.034	0.0093
			0.034	0.134	0.0143
			0.0093	0.0143	0.0855
		A:
			-0.7351	-0.1543	-0.6601
			0.7691	-0.1782	0.6138
			-0.22	-0.3764	-0.9
			0.0919	-0.0069	-0.9957
			-0.0616	0.7509	0.6575
			0.6598	-0.7189	0.2189
		b:
			-198.8269
			162.8228
			-196.1041
			-130.3693
			173.1717
			32.2568


===========================================================================================
===========================================================================================
S7:
	q_c:	452.5	439.0	162.5
	ub :	474.0863	465.0683	185.6138
	lb :	425.4112	416.4076	132.0232

	==================================================================================
	Q1:
		Shape: Polyhedra
		q_c:	462.0	448.5	151.0
		ub :	469.84	458.2544	160.4563
		lb :	454.16	438.7456	141.5437
		A:
			-0.4919	-0.8136	-0.3101
			-0.6471	-0.7512	-0.1299
			0.469	-0.5119	0.7197
			0.5637	0.8036	0.191
			-0.8712	-0.4716	-0.1364
			-0.6558	-0.7526	-0.0583
			0.8034	0.3522	0.4802
			-0.1184	-0.6957	0.7085
			0.5836	-0.626	-0.5172
			-0.8034	-0.3522	-0.4802
			0.1184	0.6957	-0.7085
			-0.5836	0.626	0.5172
		b:
			-634.3113
			-651.2722
			100.8499
			654.1295
			-630.7102
			-645.064
			605.1309
			-254.2561
			-81.7428
			-598.1309
			265.2561
			96.7428
	==================================================================================
	Q2:
		Shape: Hybrid
		q_c:	462.5	455.5	146.0
		ub :	474.0863	465.0683	157.0648
		lb :	450.9137	445.9317	134.9352
		P^-1:
			0.0197	-0.0001	-0.004
			-0.0001	0.0177	-0.0006
			-0.004	-0.0006	0.0197
		A:
			0.6301	0.6921	-0.3521
			-0.7807	-0.5769	-0.2403
			0.9432	0.0236	0.3314
			0.8875	-0.4474	0.1104
			-0.3408	0.3694	0.8645
			0.8894	-0.4489	-0.0869
		b:
			559.0724
			-654.4716
			499.8491
			226.9409
			140.5455
			198.1368
	==================================================================================
	Q3:
		Shape: Hybrid
		q_c:	442.5	446.5	147.5
		ub :	452.5981	453.0951	157.9725
		lb :	432.4019	439.9049	137.0275
		P^-1:
			0.0303	-0.0153	0.0111
			-0.0153	0.0702	-0.0162
			0.0111	-0.0162	0.0246
		A:
			0.3635	0.7831	-0.5046
			0.9175	0.0196	0.3973
			0.0864	-0.7823	0.6169
			0.6426	0.7616	-0.0835
			-0.2316	-0.9553	0.1835
			0.3773	-0.9191	-0.1138
		b:
			439.932
			477.2931
			-217.3025
			616.15
			-499.1967
			-257.4191
	==================================================================================
	Q4:
		Shape: Ellipse
		q_c:	440.0	428.0	151.0
		ub :	448.1544	439.5924	161.0261
		lb :	431.8456	416.4076	140.9739
		P^-1:
			0.1255	0.0619	0.0143
			0.0619	0.041	0.0075
			0.0143	0.0075	0.0129
	==================================================================================
	Q5:
		Shape: Hybrid
		q_c:	450.5	448.5	177.5
		ub :	457.3857	455.7301	185.6138
		lb :	443.6143	441.2699	169.3862
		P^-1:
			0.048	-0.0006	-0.0033
			-0.0006	0.04	0.0002
			-0.0033	0.0002	0.0414
		A:
			-0.2007	0.6234	-0.7557
			0.9986	0.0118	-0.052
			-0.0216	0.7665	0.6419
			0.6499	-0.6062	-0.4585
			0.082	-0.96	-0.2677
			0.7882	0.6146	-0.0309
		b:
			57.7817
			448.2282
			450.6799
			-58.0649
			-438.4209
			627.7681
	==================================================================================
	Q6:
		Shape: Ellipse
		q_c:	441.5	436.0	148.5
		ub :	457.5888	451.5271	164.9768
		lb :	425.4112	420.4729	132.0232
		P^-1:
			0.0102	-0.0005	0.0004
			-0.0005	0.0112	-0.0011
			0.0004	-0.0011	0.011


===========================================================================================
===========================================================================================
S8:
	q_c:	133.5	383.0	412.5
	ub :	149.5203	408.4754	439.0299
	lb :	105.7633	368.9018	387.5712

	==================================================================================
	Q1:
		Shape: Ellipse
		q_c:	117.5	392.5	402.5
		ub :	129.2367	407.761	417.4288
		lb :	105.7633	377.239	387.5712
		P^-1:
			0.0147	-0.0022	-0.0016
			-0.0022	0.0135	0.0026
			-0.0016	0.0026	0.0119
	==================================================================================
	Q2:
		Shape: Polyhedra
		q_c:	132.5	378.0	413.0
		ub :	137.2274	381.6512	422.869
		lb :	127.7726	374.3488	403.131
		A:
			0.1238	0.6607	0.7403
			-0.7507	-0.6548	-0.0877
			-0.8413	-0.4973	-0.2119
			-0.7297	-0.6726	-0.1231
			0.7265	0.6745	0.1313
			-0.5045	-0.8628	0.0323
			0.7197	0.6867	0.1023
			0.681	-0.7269	0.0885
			0.1351	0.006	-0.9908
			-0.7197	-0.6867	-0.1023
			-0.681	0.7269	-0.0885
			-0.1351	-0.006	0.9908
		b:
			578.8518
			-382.1419
			-385.3489
			-400.7585
			406.4827
			-377.8632
			398.1818
			-144.0022
			-379.5388
			-396.1818
			152.0022
			398.5388
	==================================================================================
	Q3:
		Shape: Polyhedra
		q_c:	138.0	397.5	400.0
		ub :	149.5203	405.6391	406.1817
		lb :	126.4797	389.3609	393.8183
		A:
			-0.0992	0.1368	0.9856
			0.1697	-0.1178	0.9784
			0.3338	-0.065	0.9404
			0.2858	-0.9243	-0.2529
			0.7062	-0.7078	-0.0179
			0.0009	-0.9987	-0.0507
			0.9345	0.3344	0.1224
			-0.3059	0.578	0.7565
			0.1822	-0.7444	0.6424
			-0.9345	-0.3344	-0.1224
			0.3059	-0.578	-0.7565
			-0.1822	0.7444	-0.6424
		b:
			438.5188
			372.2083
			401.7212
			-425.5614
			-185.6196
			-412.2788
			321.3335
			493.6452
			-10.3025
			-300.3335
			-486.6452
			17.3025
	==================================================================================
	Q4:
		Shape: Polyhedra
		q_c:	141.0	388.5	430.5
		ub :	146.1804	396.3128	439.0299
		lb :	135.8196	380.6872	421.9701
		A:
			0.0786	0.6048	0.7925
			0.881	0.1793	0.4379
			0.5583	-0.3837	-0.7356
			-0.548	0.6611	-0.5124
			-0.6662	0.2496	0.7027
			-0.4238	0.5026	0.7535
			0.6723	0.6261	0.395
			0.7395	-0.5926	-0.3193
			0.0342	0.5067	-0.8614
			-0.6723	-0.6261	-0.395
			-0.7395	0.5926	0.3193
			-0.0342	-0.5067	0.8614
		b:
			591.3812
			386.214
			-382.5202
			-35.2633
			310.1944
			464.1915
			511.5789
			-259.9155
			-162.1498
			-504.5789
			266.9155
			176.1498
	==================================================================================
	Q5:
		Shape: Polyhedra
		q_c:	123.0	373.5	423.0
		ub :	130.0432	378.0982	429.5921
		lb :	115.9568	368.9018	416.4079
		A:
			-0.1723	0.9697	0.173
			-0.8648	0.0252	0.5014
			0.5017	-0.5155	0.6947
			0.133	-0.8625	-0.4882
			-0.61	-0.6758	0.4137
			0.1931	0.8328	0.5188
			0.9187	0.17	0.3565
			0.2582	-0.9415	-0.2166
			0.2988	0.291	-0.9088
			-0.9187	-0.17	-0.3565
			-0.2582	0.9415	0.2166
			-0.2988	-0.291	0.9088
		b:
			416.7156
			119.8501
			167.5857
			-509.4984
			-147.9019
			557.8186
			332.7917
			-408.9954
			-234.4811
			-321.7917
			413.9954
			243.4811
	==================================================================================
	Q6:
		Shape: Hybrid
		q_c:	130.5	399.5	411.0
		ub :	138.7768	408.4754	420.7869
		lb :	122.2232	390.5246	401.2131
		P^-1:
			0.0363	-0.0249	-0.01
			-0.0249	0.0588	0.0168
			-0.01	0.0168	0.0247
		A:
			-0.6761	0.7289	-0.1078
			0.5697	-0.7231	-0.3906
			0.0865	-0.7172	-0.6915
			-0.3424	0.8757	0.3404
			-0.7696	0.6009	0.2159
			-0.551	0.8281	-0.1032
		b:
			161.446
			-373.236
			-556.2999
			447.0072
			230.6316
			219.2014


===========================================================================================
===========================================================================================
S9:
	q_c:	59.5	90.0	42.5
	ub :	72.4529	99.5264	55.396
	lb :	45.1046	77.0976	26.7535

	==================================================================================
	Q1:
		Shape: Hybrid
		q_c:	67.0	91.5	46.0
		ub :	72.4529	95.6282	51.445
		lb :	61.5471	87.3718	40.555
		P^-1:
			0.148	0.1175	0.1201
			0.1175	0.2302	0.1349
			0.1201	0.1349	0.1973
		A:
			0.1664	0.8748	0.4551
			-0.6407	-0.3244	-0.6959
			0.5009	0.3823	0.7765
			0.7111	0.6991	0.0747
			-0.6055	-0.7949	0.0391
			0.6815	0.5798	0.4465
		b:
			113.4564
			-103.4715
			105.3209
			116.9172
			-109.5014
			120.3215
	==================================================================================
	Q2:
		Shape: Ellipse
		q_c:	59.5	84.0	48.5
		ub :	66.954	90.6656	55.396
		lb :	52.046	77.3344	41.604
		P^-1:
			0.0559	-0.0088	-0.0052
			-0.0088	0.0508	-0.007
			-0.0052	-0.007	0.0584
	==================================================================================
	Q3:
		Shape: Ellipse
		q_c:	62.0	95.0	38.0
		ub :	67.158	99.5264	43.0237
		lb :	56.842	90.4736	32.9763
		P^-1:
			0.2164	-0.1834	0.0055
			-0.1834	0.2884	-0.0496
			0.0055	-0.0496	0.1001
	==================================================================================
	Q4:
		Shape: Polyhedra
		q_c:	51.5	83.0	46.5
		ub :	57.8954	88.9024	51.6326
		lb :	45.1046	77.0976	41.3674
		A:
			0.0828	-0.3191	-0.9441
			-0.16	0.7446	0.648
			0.5959	-0.6272	-0.5015
			0.4009	0.6793	-0.6146
			-0.4049	0.4108	-0.8169
			0.2966	-0.9295	-0.2194
			0.6579	0.6488	0.3824
			-0.3927	-0.1377	0.9093
			0.6426	-0.7484	0.1642
			-0.6579	-0.6488	-0.3824
			0.3927	0.1377	-0.9093
			-0.6426	0.7484	-0.1642
		b:
			-62.4856
			87.6056
			-41.573
			51.9914
			-21.4914
			-68.4866
			110.5149
			13.6245
			-18.3829
			-100.5149
			-7.6245
			24.3829
	==================================================================================
	Q5:
		Shape: Polyhedra
		q_c:	55.5	91.5	33.5
		ub :	62.7278	99.1392	40.2465
		lb :	48.2722	83.8608	26.7535
		A:
			0.7796	0.1257	0.6135
			0.7731	0.581	-0.2543
			0.8324	0.5099	-0.2171
			-0.563	-0.2449	-0.7894
			-0.225	-0.9574	-0.1809
			0.5539	0.0609	0.8304
			0.6159	0.6182	0.4884
			-0.7847	0.5363	0.3107
			-0.0698	-0.5746	0.8154
			-0.6159	-0.6182	-0.4884
			0.7847	-0.5363	-0.3107
			0.0698	0.5746	-0.8154
		b:
			79.0836
			91.5727
			89.7765
			-76.8318
			-102.2341
			67.6276
			110.1076
			22.429
			-25.1373
			-104.1076
			-9.429
			33.1373
	==================================================================================
	Q6:
		Shape: Ellipse
		q_c:	56.5	85.5	38.0
		ub :	61.9357	89.4654	43.3604
		lb :	51.0643	81.5346	32.6396
		P^-1:
			0.0857	-0.0199	0.0485
			-0.0199	0.3425	-0.1596
			0.0485	-0.1596	0.1767


===========================================================================================
===========================================================================================
S10:
	q_c:	216.5	44.0	411.5
	ub :	230.4175	56.1072	430.3522
	lb :	206.7806	31.9125	415.6892

	==================================================================================
	Q1:
		Shape: Ellipse
		q_c:	212.5	43.5	425.0
		ub :	218.2194	49.4997	429.4834
		lb :	206.7806	37.5003	420.5166
		P^-1:
			0.1408	0.0723	-0.1481
			0.0723	0.1099	-0.11
			-0.1481	-0.11	0.3056
	==================================================================================
	Q2:
		Shape: Ellipse
		q_c:	217.5	35.5	425.5
		ub :	221.6975	39.0875	428.4135
		lb :	213.3025	31.9125	422.5865
		P^-1:
			0.2918	0.3073	0.0243
			0.3073	0.6145	0.3064
			0.0243	0.3064	0.6006
	==================================================================================
	Q3:
		Shape: Ellipse
		q_c:	226.5	42.5	421.0
		ub :	230.4175	46.9915	425.5478
		lb :	222.5825	38.0085	416.4522
		P^-1:
			0.1365	-0.017	-0.0176
			-0.017	0.1478	-0.0127
			-0.0176	-0.0127	0.1469
	==================================================================================
	Q4:
		Shape: Hybrid
		q_c:	216.0	42.0	423.5
		ub :	221.8059	48.2733	430.3522
		lb :	210.1941	35.7267	416.6478
		P^-1:
			0.0961	0.0431	0.0214
			0.0431	0.0963	0.039
			0.0214	0.039	0.0701
		A:
			-0.8329	-0.5528	0.0266
			0.7692	-0.25	-0.5881
			0.745	0.3677	0.5566
			-0.2604	-0.6906	0.6748
			-0.8669	-0.4916	-0.0818
			-0.7764	-0.2873	0.5609
		b:
			-190.0964
			-90.6504
			413.7366
			203.9172
			-240.9013
			60.4901
	==================================================================================
	Q5:
		Shape: Polyhedra
		q_c:	226.0	53.0	424.5
		ub :	230.295	56.1072	428.634
		lb :	221.705	49.8928	420.366
		A:
			0.9594	-0.02	0.2814
			-0.2302	0.3199	0.9191
			-0.4515	-0.8613	0.2331
			-0.0766	0.9454	-0.3168
			-0.9189	-0.133	-0.3713
			0.096	-0.8396	0.5346
			0.6984	0.1132	0.7067
			-0.6501	-0.3127	0.6926
			0.2994	-0.9431	-0.1448
			-0.6984	-0.1132	-0.7067
			0.6501	0.3127	-0.6926
			-0.2994	0.9431	0.1448
		b:
			337.7909
			357.7187
			-46.1572
			-99.4144
			-369.7707
			206.5749
			466.327
			133.5014
			-41.8077
			-461.327
			-127.5014
			45.8077
	==================================================================================
	Q6:
		Shape: Hybrid
		q_c:	217.5	39.5	422.0
		ub :	219.7427	45.6786	428.3108
		lb :	215.2573	33.3214	415.6892
		P^-1:
			3.6873	-0.0736	-1.0653
			-0.0736	0.0492	0.0178
			-1.0653	0.0178	0.3529
		A:
			0.8823	0.0481	-0.4682
			0.9182	-0.1216	-0.3771
			-0.7196	0.6287	-0.2948
			0.9439	-0.1022	-0.314
			-0.9687	-0.009	0.2481
			0.9476	-0.1315	-0.2913
		b:
			-2.9149
			36.3936
			-252.748
			69.1889
			-106.0379
			78.4428


===========================================================================================
===========================================================================================
S11:
	q_c:	375.5	101.0	218.5
	ub :	397.218	122.7299	242.0841
	lb :	364.8481	78.6378	203.1526

	==================================================================================
	Q1:
		Shape: Polyhedra
		q_c:	385.5	112.0	228.5
		ub :	392.9502	122.7299	237.8973
		lb :	378.0498	101.2701	219.1027
		A:
			-0.9635	0.075	-0.257
			0.7871	0.3192	0.5278
			0.2499	-0.5366	-0.806
			0.3405	-0.449	-0.8261
			0.026	0.0772	0.9967
			-0.8141	0.1876	0.5496
			0.6946	0.2407	0.678
			-0.0457	0.9552	-0.2924
			-0.718	0.1722	0.6744
			-0.6946	-0.2407	-0.678
			0.0457	-0.9552	0.2924
			0.718	-0.1722	-0.6744
		b:
			-416.0962
			465.7917
			-142.7874
			-103.0585
			251.8073
			-163.1398
			455.6302
			31.5654
			-99.3925
			-443.6302
			-13.5654
			107.3925
	==================================================================================
	Q2:
		Shape: Hybrid
		q_c:	372.0	104.0	227.5
		ub :	379.1519	112.0548	234.3453
		lb :	364.8481	95.9452	220.6547
		P^-1:
			0.0882	0.0442	0.0477
			0.0442	0.0619	0.0304
			0.0477	0.0304	0.0778
		A:
			0.3428	0.278	0.8974
			0.9353	0.2292	0.2698
			0.4552	0.4623	0.7609
			-0.9665	-0.0147	-0.2563
			-0.5771	-0.5468	0.6066
			0.2827	0.6997	0.6561
		b:
			362.6442
			435.3549
			392.1558
			-416.5051
			-129.924
			329.4406
	==================================================================================
	Q3:
		Shape: Hybrid
		q_c:	387.0	89.5	236.0
		ub :	397.218	98.9606	242.0841
		lb :	376.782	80.0394	229.9159
		P^-1:
			0.0278	0.0215	0.0056
			0.0215	0.0477	0.015
			0.0056	0.015	0.0693
		A:
			-0.1068	-0.8752	-0.4718
			0.4535	0.4304	0.7804
			-0.2712	-0.1545	0.95
			-0.064	-0.0815	0.9946
			0.2923	-0.4022	0.8676
			-0.48	-0.7062	-0.5206
		b:
			-228.1754
			400.2652
			107.9046
			204.9412
			285.8041
			-369.8902
	==================================================================================
	Q4:
		Shape: Ellipse
		q_c:	374.5	86.5	220.0
		ub :	382.6622	93.3346	226.5489
		lb :	366.3378	79.6654	213.4511
		P^-1:
			0.0706	0.001	-0.0642
			0.001	0.048	-0.0168
			-0.0642	-0.0168	0.1112
	==================================================================================
	Q5:
		Shape: Polyhedra
		q_c:	389.0	94.0	213.0
		ub :	397.122	103.7145	222.8474
		lb :	380.878	84.2855	203.1526
		A:
			-0.0379	0.6208	-0.783
			-0.0292	0.9221	0.3858
			0.845	-0.2649	0.4645
			-0.7636	-0.6092	-0.2139
			-0.9647	-0.0624	0.256
			0.1908	-0.9439	-0.2695
			0.5738	0.5831	0.5752
			-0.7814	0.6001	0.1711
			-0.2454	-0.5476	0.7999
			-0.5738	-0.5831	-0.5752
			0.7814	-0.6001	-0.1711
			0.2454	0.5476	-0.7999
		b:
			-115.8982
			162.536
			407.7553
			-394.1478
			-321.3122
			-67.0316
			406.0149
			-207.1034
			30.9337
			-395.0149
			215.1034
			-15.9337
	==================================================================================
	Q6:
		Shape: Polyhedra
		q_c:	378.0	87.0	220.5
		ub :	389.5686	95.3622	229.4322
		lb :	366.4314	78.6378	211.5678
		A:
			0.9373	0.3373	0.0874
			-0.2443	0.705	0.6658
			0.3455	0.2358	-0.9083
			0.5218	-0.5931	-0.6131
			-0.1333	0.965	0.2258
			-0.4112	0.7139	0.5669
			0.3976	0.1661	0.9024
			-0.8488	-0.307	0.4305
			0.3486	-0.9371	0.0189
			-0.3976	-0.1661	-0.9024
			0.8488	0.307	-0.4305
			-0.3486	0.9371	-0.0189
		b:
			411.1748
			121.418
			-41.4572
			16.9103
			88.4308
			37.5041
			369.2338
			-243.6116
			59.3909
			-358.2338
			261.6116
			-49.3909


===========================================================================================
===========================================================================================
S12:
	q_c:	96.0	85.5	196.0
	ub :	105.7266	93.6418	206.984
	lb :	84.6446	78.9712	186.2019

	==================================================================================
	Q1:
		Shape: Hybrid
		q_c:	90.0	86.0	201.0
		ub :	95.3554	91.941	206.984
		lb :	84.6446	80.059	195.016
		P^-1:
			0.0879	0.0181	0.0158
			0.0181	0.087	0.0017
			0.0158	0.0017	0.0803
		A:
			-0.7212	0.4605	-0.5175
			-0.2649	0.0962	-0.9595
			-0.7162	0.252	0.6508
			0.6513	0.6239	-0.432
			-0.0228	-0.9287	-0.3701
			-0.1267	0.2261	0.9658
		b:
			-127.327
			-206.496
			90.496
			27.3251
			-154.328
			204.3779
	==================================================================================
	Q2:
		Shape: Polyhedra
		q_c:	92.5	90.0	198.0
		ub :	95.0749	92.1313	201.0651
		lb :	89.9251	87.8687	194.9349
		A:
			0.2704	0.8563	-0.44
			-0.295	-0.4746	0.8293
			-0.1542	-0.7662	0.6238
			0.7315	-0.572	0.3711
			0.2734	-0.9586	-0.0792
			0.183	0.8299	-0.527
			0.5007	0.3515	0.7911
			-0.8653	0.23	0.4454
			-0.0254	-0.9075	0.4193
			-0.5007	-0.3515	-0.7911
			0.8653	-0.23	-0.4454
			0.0254	0.9075	-0.4193
		b:
			16.0093
			95.598
			41.3854
			91.2551
			-75.3761
			-11.6998
			237.0776
			30.3551
			0.0031
			-232.0776
			-27.3551
			1.9969
	==================================================================================
	Q3:
		Shape: Hybrid
		q_c:	94.0	89.0	196.0
		ub :	98.2958	93.0633	199.5784
		lb :	89.7042	84.9367	192.4216
		P^-1:
			0.192	0.072	-0.0349
			0.072	0.1606	0.0433
			-0.0349	0.0433	0.229
		A:
			0.788	0.3149	0.529
			-0.869	-0.1327	-0.4767
			0.3381	-0.1175	-0.9337
			0.068	0.76	0.6464
			0.8619	-0.507	0.0081
			-0.7324	0.6775	0.0681
		b:
			207.1213
			-185.3255
			-160.6751
			201.8783
			39.6895
			7.0523
	==================================================================================
	Q4:
		Shape: Ellipse
		q_c:	102.0	85.5	190.5
		ub :	105.7266	89.1814	194.4405
		lb :	98.2734	81.8186	186.5595
		P^-1:
			0.1909	-0.0737	-0.1217
			-0.0737	0.1791	0.1123
			-0.1217	0.1123	0.2966
	==================================================================================
	Q5:
		Shape: Ellipse
		q_c:	98.0	89.0	190.5
		ub :	101.8235	93.6418	194.7981
		lb :	94.1765	84.3582	186.2019
		P^-1:
			0.1881	0.0019	0.0473
			0.0019	0.1097	0.0514
			0.0473	0.0514	0.1939
	==================================================================================
	Q6:
		Shape: Hybrid
		q_c:	99.5	82.5	192.5
		ub :	101.0547	86.0288	194.3406
		lb :	97.9453	78.9712	190.6594
		P^-1:
			0.906	-0.0025	-0.2083
			-0.0025	0.0818	-0.0066
			-0.2083	-0.0066	0.5383
		A:
			0.4326	-0.1736	0.8847
			-0.4858	0.2413	0.8401
			0.0342	-0.8655	0.4997
			0.9297	0.215	0.2992
			0.918	-0.3258	0.2262
			-0.6054	0.3559	0.7119
		b:
			200.1083
			134.2414
			30.7749
			168.7769
			109.0955
			107.3107


===========================================================================================
===========================================================================================
S13:
	q_c:	119.5	130.5	367.0
	ub :	133.7084	147.8308	386.3791
	lb :	107.1896	116.907	349.5494

	==================================================================================
	Q1:
		Shape: Polyhedra
		q_c:	127.0	132.0	364.5
		ub :	132.5982	136.1062	370.1843
		lb :	121.4018	127.8938	358.8157
		A:
			0.801	0.4275	0.4191
			0.0198	0.9766	0.2141
			-0.0548	0.0113	-0.9984
			-0.4853	0.8499	-0.2055
			-0.0979	0.9668	0.2358
			-0.2212	-0.96	-0.1715
			0.1684	0.8495	0.5
			0.8156	0.1647	-0.5546
			-0.5535	0.5012	-0.6652
			-0.1684	-0.8495	-0.5
			-0.8156	-0.1647	0.5546
			0.5535	-0.5012	0.6652
		b:
			313.9767
			211.5298
			-365.7021
			-20.4792
			203.3637
			-215.3307
			317.2573
			-73.3296
			-242.0923
			-314.2573
			80.3296
			251.0923
	==================================================================================
	Q2:
		Shape: Ellipse
		q_c:	123.5	139.5	377.0
		ub :	133.44	147.8308	386.3791
		lb :	113.56	131.1692	367.6209
		P^-1:
			0.0339	0.0154	0.007
			0.0154	0.0415	0.0143
			0.007	0.0143	0.0353
	==================================================================================
	Q3:
		Shape: Polyhedra
		q_c:	124.0	122.0	367.0
		ub :	128.2045	127.093	371.9122
		lb :	119.7955	116.907	362.0878
		A:
			0.4734	0.8808	-0.0093
			0.6597	-0.714	0.2346
			-0.238	-0.8194	0.5214
			0.2869	0.4454	0.8481
			-0.6204	-0.7717	-0.1402
			0.7772	-0.0275	-0.6286
			0.9302	0.2654	0.2535
			-0.3069	0.184	0.9338
			0.2012	-0.9464	0.2526
			-0.9302	-0.2654	-0.2535
			0.3069	-0.184	-0.9338
			-0.2012	0.9464	-0.2526
		b:
			166.1517
			84.4876
			65.6888
			404.3616
			-219.4453
			-134.457
			243.2513
			330.5827
			6.1742
			-238.2513
			-323.5827
			1.8258
	==================================================================================
	Q4:
		Shape: Hybrid
		q_c:	128.5	139.0	362.0
		ub :	133.7084	145.6123	368.7225
		lb :	123.2916	132.3877	355.2775
		P^-1:
			0.1905	-0.0103	-0.0934
			-0.0103	0.0469	0.0014
			-0.0934	0.0014	0.102
		A:
			-0.4042	-0.3986	0.8233
			-0.064	-0.5475	0.8343
			-0.4529	0.7818	0.4285
			-0.9059	0.3383	0.2548
			0.6995	-0.3672	-0.6131
			-0.6523	0.2991	0.6964
		b:
			192.9821
			220.7945
			208.4279
			24.4442
			-181.553
			211.4175
