3D_40_14_6_f                l = 3

===========================================================================================
===========================================================================================
S1:
	q_c:	19.0	174.5	327.5
	ub :	36.4375	186.5528	339.6232
	lb :	3.6947	157.0993	316.1843

	==================================================================================
	Q1:
		Shape: Hybrid
		q_c:	31.0	167.5	330.0
		ub :	36.4375	172.3981	332.8343
		lb :	25.5625	162.6019	327.1657
		P^-1:
			0.1153	-0.0998	0.0077
			-0.0998	0.1724	-0.0121
			0.0077	-0.0121	0.1623
		A:
			0.0415	-0.7464	-0.6643
			0.7229	-0.5756	0.3823
			0.5424	0.6107	-0.577
			-0.761	0.6379	-0.118
			-0.1564	0.6156	-0.7724
			-0.5276	0.4837	-0.6984
		b:
			-340.9275
			53.4508
			-68.0666
			45.5666
			-155.1192
			-164.5453
	==================================================================================
	Q2:
		Shape: Ellipse
		q_c:	20.0	169.5	334.0
		ub :	25.005	176.37	339.6232
		lb :	14.995	162.63	328.3768
		P^-1:
			0.5454	-0.0901	-0.4633
			-0.0901	0.0643	0.1043
			-0.4633	0.1043	0.4859
	==================================================================================
	Q3:
		Shape: Ellipse
		q_c:	27.0	164.0	321.5
		ub :	33.3714	170.9007	326.8157
		lb :	20.6286	157.0993	316.1843
		P^-1:
			0.0711	0.0371	-0.0115
			0.0371	0.0703	-0.0058
			-0.0115	-0.0058	0.0653
	==================================================================================
	Q4:
		Shape: Hybrid
		q_c:	25.0	173.0	330.5
		ub :	32.2266	180.3551	338.0283
		lb :	17.7734	165.6449	322.9717
		P^-1:
			0.0401	-0.0018	0.0017
			-0.0018	0.0617	-0.0207
			0.0017	-0.0207	0.0598
		A:
			0.8062	-0.5853	-0.0863
			-0.9797	0.1327	-0.1502
			-0.5024	-0.3717	0.7807
			0.1179	0.3123	-0.9426
			0.9346	-0.0927	0.3434
			0.7515	0.0192	-0.6595
		b:
			-106.5798
			-48.0128
			183.5573
			-252.4001
			123.9079
			-192.8466
	==================================================================================
	Q5:
		Shape: Ellipse
		q_c:	9.5	181.0	333.5
		ub :	15.3053	186.5528	338.3494
		lb :	3.6947	175.4472	328.6506
		P^-1:
			0.118	-0.0625	0.0537
			-0.0625	0.1111	-0.0659
			0.0537	-0.0659	0.1519
	==================================================================================
	Q6:
		Shape: Ellipse
		q_c:	12.0	177.5	329.0
		ub :	17.254	183.5589	334.5054
		lb :	6.746	171.4411	323.4946
		P^-1:
			0.0929	-0.0209	-0.0102
			-0.0209	0.0836	-0.0022
			-0.0102	-0.0022	0.0787


===========================================================================================
===========================================================================================
S2:
	q_c:	113.5	20.0	128.5
	ub :	141.0816	23.4843	150.3234
	lb :	97.7825	-5.411	101.203

	==================================================================================
	Q1:
		Shape: Polyhedra
		q_c:	130.5	4.5	141.5
		ub :	140.1387	14.411	150.3234
		lb :	120.8613	-5.411	132.6766
		A:
			0.2546	0.1985	0.9465
			0.5093	0.8568	0.0803
			-0.4329	0.1491	-0.889
			-0.0793	0.6009	-0.7953
			-0.5607	-0.7265	0.3973
			-0.8293	-0.5588	0.004
			0.4634	0.7888	0.4039
			0.2786	0.303	-0.9114
			-0.8412	0.5349	-0.0794
			-0.4634	-0.7888	-0.4039
			-0.2786	-0.303	0.9114
			0.8412	-0.5349	0.0794
		b:
			174.3104
			87.7311
			-175.3441
			-113.7916
			-13.9524
			-104.0893
			127.1739
			-84.7332
			-112.6007
			-115.1739
			97.7332
			124.6007
	==================================================================================
	Q2:
		Shape: Polyhedra
		q_c:	129.5	9.0	135.5
		ub :	139.6718	20.1431	145.1625
		lb :	119.3282	-2.1431	125.8375
		A:
			0.9809	-0.0793	0.1774
			-0.5768	-0.2656	-0.7725
			0.9631	-0.2485	-0.1039
			0.4222	-0.1759	-0.8893
			0.7218	-0.2601	0.6414
			0.5749	0.4681	0.6712
			0.7952	0.5933	0.1255
			0.5861	-0.6988	-0.4101
			-0.1556	0.3996	-0.9034
			-0.7952	-0.5933	-0.1255
			-0.5861	0.6988	0.4101
			0.1556	-0.3996	0.9034
		b:
			157.0549
			-174.7843
			114.8135
			-60.917
			184.9255
			176.5313
			132.3179
			20.048
			-131.9589
			-118.3179
			-8.048
			145.9589
	==================================================================================
	Q3:
		Shape: Hybrid
		q_c:	117.0	10.5	116.0
		ub :	126.9544	21.2194	128.0033
		lb :	107.0456	-0.2194	103.9967
		P^-1:
			0.0232	-0.001	0.0019
			-0.001	0.0216	0.0039
			0.0019	0.0039	0.0164
		A:
			-0.0834	0.8193	-0.5672
			0.506	-0.1239	0.8536
			-0.5617	-0.8115	-0.1613
			-0.9818	0.0003	-0.19
			0.4242	0.8812	0.2086
			0.877	0.3865	-0.2855
		b:
			-62.2269
			161.1407
			-89.3999
			-133.6431
			86.5666
			77.6439
	==================================================================================
	Q4:
		Shape: Ellipse
		q_c:	133.0	13.0	109.5
		ub :	141.0816	15.8702	117.797
		lb :	124.9184	10.1298	101.203
		P^-1:
			0.031	0.0032	0.0023
			0.0032	0.2473	-0.0239
			0.0023	-0.0239	0.0325
	==================================================================================
	Q5:
		Shape: Hybrid
		q_c:	102.5	18.0	139.0
		ub :	107.2175	22.9891	143.1959
		lb :	97.7825	13.0109	134.8041
		P^-1:
			1.7674	0.2229	-1.9397
			0.2229	0.1314	-0.2966
			-1.9397	-0.2966	2.2523
		A:
			0.7263	0.1024	-0.6797
			-0.6046	0.2952	0.7398
			0.6535	0.2411	-0.7175
			0.6244	0.0344	-0.7803
			-0.6439	0.3879	0.6595
			-0.5481	0.2109	0.8094
		b:
			-17.7647
			47.4176
			-27.9131
			-43.4716
			34.0462
			61.3563
	==================================================================================
	Q6:
		Shape: Ellipse
		q_c:	129.5	18.5	123.5
		ub :	134.3775	23.4843	128.3105
		lb :	124.6225	13.5157	118.6895
		P^-1:
			0.0819	0.0177	0.0126
			0.0177	0.1337	0.0885
			0.0126	0.0885	0.1785


===========================================================================================
===========================================================================================
S3:
	q_c:	77.0	351.5	155.5
	ub :	88.7993	364.6483	166.1214
	lb :	63.289	338.5768	143.303

	==================================================================================
	Q1:
		Shape: Hybrid
		q_c:	75.0	351.0	162.0
		ub :	79.0909	354.105	166.1214
		lb :	70.9091	347.895	157.8786
		P^-1:
			0.1975	-0.1194	0.006
			-0.1194	0.3704	-0.0666
			0.006	-0.0666	0.1476
		A:
			0.1821	0.9042	-0.3864
			-0.2898	0.8981	-0.3309
			0.9791	-0.1551	0.1315
			0.638	-0.7522	-0.1645
			-0.775	0.4907	-0.3983
			-0.9362	0.3461	0.0607
		b:
			269.6298
			240.666
			41.953
			-241.8421
			50.8316
			62.4966
	==================================================================================
	Q2:
		Shape: Ellipse
		q_c:	80.0	346.5	149.5
		ub :	86.8187	352.7035	155.697
		lb :	73.1813	340.2965	143.303
		P^-1:
			0.038	-0.0221	0.0159
			-0.0221	0.09	-0.0174
			0.0159	-0.0174	0.0734
	==================================================================================
	Q3:
		Shape: Ellipse
		q_c:	82.5	357.5	152.0
		ub :	88.7993	364.6483	157.4991
		lb :	76.2007	350.3517	146.5009
		P^-1:
			0.074	0.0134	0.01
			0.0134	0.0316	0.0026
			0.01	0.0026	0.0531
	==================================================================================
	Q4:
		Shape: Hybrid
		q_c:	74.0	343.5	155.0
		ub :	79.5571	348.4232	160.3202
		lb :	68.4429	338.5768	149.6798
		P^-1:
			0.0821	-0.0343	0.0174
			-0.0343	0.1668	-0.085
			0.0174	-0.085	0.1452
		A:
			0.957	0.2217	0.187
			-0.6986	0.2653	-0.6646
			-0.1299	-0.9506	0.2819
			0.0916	-0.9871	0.1316
			-0.0398	0.4595	-0.8873
			-0.3445	-0.8002	0.4909
		b:
			178.7638
			-61.6266
			-290.7668
			-310.1723
			18.6928
			-222.5601
	==================================================================================
	Q5:
		Shape: Ellipse
		q_c:	80.5	354.0	159.5
		ub :	86.3265	361.1816	164.9921
		lb :	74.6735	346.8184	154.0079
		P^-1:
			0.0598	0.009	-0.0008
			0.009	0.0398	0.0127
			-0.0008	0.0127	0.0776
	==================================================================================
	Q6:
		Shape: Hybrid
		q_c:	68.0	352.0	149.5
		ub :	72.711	359.0105	154.7791
		lb :	63.289	344.9895	144.2209
		P^-1:
			0.0836	-0.0025	0.009
			-0.0025	0.0337	0.0204
			0.009	0.0204	0.1032
		A:
			0.893	-0.1498	0.4245
			0.4154	0.384	-0.8246
			0.8162	0.4042	0.4127
			0.9967	-0.0557	0.0587
			-0.7121	0.0313	0.7014
			-0.3727	0.6265	0.6845
		b:
			73.3785
			43.1515
			261.6706
			58.9134
			69.5222
			299.796


===========================================================================================
===========================================================================================
S4:
	q_c:	340.5	378.5	290.0
	ub :	345.0201	385.0982	297.791
	lb :	333.7742	374.4948	284.8469

	==================================================================================
	Q1:
		Shape: Hybrid
		q_c:	342.5	382.0	292.0
		ub :	344.4965	383.8401	293.9356
		lb :	340.5035	380.1599	290.0644
		P^-1:
			0.8369	0.1768	-0.1809
			0.1768	0.8082	0.1962
			-0.1809	0.1962	0.7993
		A:
			0.5177	0.8158	0.2578
			0.3095	-0.876	-0.37
			0.1967	-0.9417	-0.2729
			0.3526	-0.8356	-0.4212
			0.9787	0.0068	-0.2053
			0.0027	0.6215	0.7834
		b:
			564.7282
			-336.0488
			-371.402
			-320.8158
			278.4285
			467.6084
	==================================================================================
	Q2:
		Shape: Ellipse
		q_c:	340.0	378.5	288.5
		ub :	343.5056	382.5052	292.1531
		lb :	336.4944	374.4948	284.8469
		P^-1:
			0.1995	-0.0359	-0.0266
			-0.0359	0.1926	0.0242
			-0.0266	0.0242	0.1779
	==================================================================================
	Q3:
		Shape: Polyhedra
		q_c:	340.5	381.0	294.5
		ub :	343.7916	384.2148	297.791
		lb :	337.2084	377.7852	291.209
		A:
			0.0374	0.9921	0.1194
			-0.2716	-0.9282	-0.2545
			-0.1059	0.4818	-0.8699
			0.8175	-0.5116	0.2644
			-0.8697	-0.4445	-0.2146
			-0.1979	0.5591	-0.8051
			0.6086	0.4936	0.6212
			0.0649	0.7493	-0.659
			-0.7908	0.4414	0.424
			-0.6086	-0.4936	-0.6212
			-0.0649	-0.7493	0.659
			0.7908	-0.4414	-0.424
		b:
			427.8123
			-519.1311
			-107.0772
			163.483
			-526.6136
			-89.8817
			580.2568
			115.0114
			26.2855
			-576.2568
			-112.0114
			-21.2855
	==================================================================================
	Q4:
		Shape: Polyhedra
		q_c:	337.0	378.0	290.5
		ub :	340.2258	381.3253	293.9429
		lb :	333.7742	374.6747	287.0571
		A:
			-0.6249	-0.3787	-0.6827
			0.0826	-0.0732	-0.9939
			0.2271	0.9192	-0.3216
			-0.3207	0.7813	-0.5355
			0.6465	-0.2222	0.7298
			0.734	-0.2898	-0.6142
			0.7243	0.0732	0.6856
			-0.6616	0.3537	0.6611
			-0.1941	-0.9325	0.3046
			-0.7243	-0.0732	-0.6856
			0.6616	-0.3537	-0.6611
			0.1941	0.9325	-0.3046
		b:
			-550.4396
			-286.379
			333.0773
			33.9214
			347.5305
			-38.118
			472.4175
			105.3062
			-326.9098
			-469.4175
			-100.3062
			331.9098
	==================================================================================
	Q5:
		Shape: Hybrid
		q_c:	342.5	380.0	291.5
		ub :	345.0201	382.4266	294.3795
		lb :	339.9799	377.5734	288.6205
		P^-1:
			0.7396	0.0151	0.3668
			0.0151	0.4195	0.127
			0.3668	0.127	0.4454
		A:
			0.4931	0.8485	-0.192
			0.4556	0.781	-0.4272
			0.6857	-0.4859	0.542
			0.5997	-0.7316	-0.3242
			-0.7812	-0.2727	-0.5616
			0.9149	0.1717	0.3654
		b:
			436.8563
			330.0045
			209.0289
			-166.0148
			-534.3761
			485.7109
	==================================================================================
	Q6:
		Shape: Hybrid
		q_c:	339.0	382.5	293.5
		ub :	341.9006	385.0982	296.1605
		lb :	336.0994	379.9018	290.8395
		P^-1:
			0.5254	-0.3674	-0.1293
			-0.3674	0.7098	-0.0417
			-0.1293	-0.0417	0.3692
		A:
			-0.4105	0.7152	0.5656
			-0.4963	0.817	0.2934
			0.6413	-0.4458	-0.6245
			0.1414	-0.5917	0.7937
			-0.5523	0.4912	-0.6735
			-0.3782	0.8671	-0.3243
		b:
			301.2855
			231.0081
			-135.6851
			55.4933
			-195.8887
			108.9042


===========================================================================================
===========================================================================================
S5:
	q_c:	85.0	251.0	97.5
	ub :	116.0844	277.5618	112.1348
	lb :	58.8953	220.27	69.86

	==================================================================================
	Q1:
		Shape: Polyhedra
		q_c:	77.5	258.5	82.5
		ub :	86.0062	267.2439	90.358
		lb :	68.9938	249.7561	74.642
		A:
			-0.5723	-0.6269	0.5286
			0.6151	0.7802	-0.1142
			-0.7359	-0.6447	0.207
			-0.6888	-0.7043	0.1717
			-0.0341	-0.0066	0.9994
			-0.6252	-0.6335	-0.4559
			0.0775	0.5695	0.8183
			-0.8157	0.5082	-0.2764
			-0.5733	-0.6461	0.5039
			-0.0775	-0.5695	-0.8183
			0.8157	-0.5082	0.2764
			0.5733	0.6461	-0.5039
		b:
			-160.7856
			242.8421
			-203.6334
			-218.4145
			83.1534
			-244.6412
			226.2326
			53.8467
			-167.8692
			-215.2326
			-36.8467
			171.8692
	==================================================================================
	Q2:
		Shape: Polyhedra
		q_c:	105.0	253.5	99.5
		ub :	116.0844	262.4261	106.6869
		lb :	93.9156	244.5739	92.3131
		A:
			0.5216	0.5095	-0.6843
			0.5309	0.3486	0.7724
			0.6032	-0.6862	-0.4065
			-0.4856	-0.1939	-0.8524
			0.1455	-0.7362	0.6609
			0.4626	-0.2297	0.8563
			0.4599	0.8794	0.1234
			-0.1716	-0.0484	0.984
			0.8713	-0.4737	0.1286
			-0.4599	-0.8794	-0.1234
			0.1716	0.0484	-0.984
			-0.8713	0.4737	-0.1286
		b:
			121.2378
			226.9772
			-143.1993
			-178.7286
			-98.8891
			82.6033
			288.488
			73.1206
			-6.7958
			-278.488
			-62.1206
			24.7958
	==================================================================================
	Q3:
		Shape: Hybrid
		q_c:	69.0	238.0	90.0
		ub :	79.1047	248.0546	95.9609
		lb :	58.8953	227.9454	84.0391
		P^-1:
			0.0204	-0.0	0.0007
			-0.0	0.0204	-0.0005
			0.0007	-0.0005	0.033
		A:
			-0.9687	0.0123	-0.2478
			0.0266	-0.5691	-0.8218
			0.978	-0.011	-0.2082
			0.3721	0.4849	0.7915
			0.485	-0.3499	0.8015
			0.057	-0.2162	0.9747
		b:
			-82.0804
			-204.231
			50.3406
			215.6752
			25.564
			42.9952
	==================================================================================
	Q4:
		Shape: Hybrid
		q_c:	72.5	253.0	89.0
		ub :	76.6742	258.3534	95.467
		lb :	68.3258	247.6466	82.533
		P^-1:
			0.2179	0.0033	-0.0769
			0.0033	0.049	0.0015
			-0.0769	0.0015	0.0656
		A:
			0.9553	-0.2923	0.044
			0.1363	-0.9906	-0.012
			0.7463	0.1099	-0.6565
			-0.7393	0.4793	0.4729
			0.0977	0.7317	0.6746
			-0.6769	-0.1375	0.7231
		b:
			1.411
			-238.2899
			25.1053
			111.6338
			256.0047
			-17.5667
	==================================================================================
	Q5:
		Shape: Polyhedra
		q_c:	76.0	231.0	100.0
		ub :	90.0218	241.73	112.1348
		lb :	61.9782	220.27	87.8652
		A:
			0.4733	-0.3336	0.8153
			-0.9785	-0.1767	0.1066
			0.0579	0.8086	-0.5855
			-0.3124	0.9057	-0.2864
			-0.0475	0.7184	0.694
			-0.7701	0.1136	-0.6278
			0.8929	0.339	0.2962
			0.1423	-0.8368	0.5286
			0.4271	-0.4299	-0.7955
			-0.8929	-0.339	-0.2962
			-0.1423	0.8368	-0.5286
			-0.4271	0.4299	0.7955
		b:
			47.7292
			-93.9601
			137.0498
			161.4529
			240.5165
			-85.5614
			186.7891
			-125.6327
			-137.8918
			-164.7891
			133.6327
			154.8918
	==================================================================================
	Q6:
		Shape: Ellipse
		q_c:	97.5	265.5	85.5
		ub :	110.162	277.5618	101.14
		lb :	84.838	253.4382	69.86
		P^-1:
			0.0109	-0.0003	-0.0008
			-0.0003	0.0119	-0.0013
			-0.0008	-0.0013	0.0082


===========================================================================================
===========================================================================================
S6:
	q_c:	423.0	314.0	135.0
	ub :	436.2129	327.0913	150.3836
	lb :	414.0079	301.0054	121.1147

	==================================================================================
	Q1:
		Shape: Hybrid
		q_c:	422.0	317.5	144.5
		ub :	427.4284	323.0422	150.3836
		lb :	416.5716	311.9578	138.6164
		P^-1:
			0.0897	0.0131	0.0094
			0.0131	0.0602	0.0194
			0.0094	0.0194	0.0922
		A:
			-0.7302	-0.6819	0.0419
			0.9952	0.0014	-0.0982
			-0.917	0.1471	-0.3708
			-0.7617	0.6451	0.0603
			0.9908	0.0643	-0.119
			-0.7682	-0.6031	0.2147
		b:
			-516.5622
			408.1291
			-391.8418
			-105.3425
			423.2284
			-482.5296
	==================================================================================
	Q2:
		Shape: Hybrid
		q_c:	420.5	316.0	137.5
		ub :	425.1966	321.7056	142.5326
		lb :	415.8034	310.2944	132.4674
		P^-1:
			0.1299	0.0383	0.0231
			0.0383	0.0862	0.0073
			0.0231	0.0073	0.088
		A:
			0.8435	0.5349	-0.0488
			0.0002	-0.1316	0.9913
			-0.3521	-0.361	-0.8635
			-0.0029	0.6097	0.7926
			-0.7338	-0.572	-0.3667
			-0.7823	-0.6202	-0.059
		b:
			518.4216
			97.0314
			-379.0487
			302.7085
			-538.4072
			-531.6623
	==================================================================================
	Q3:
		Shape: Hybrid
		q_c:	431.5	321.0	137.5
		ub :	436.2129	327.0913	144.4104
		lb :	426.7871	314.9087	130.5896
		P^-1:
			0.1537	0.0158	-0.0234
			0.0158	0.1206	0.0584
			-0.0234	0.0584	0.0735
		A:
			0.5485	0.5523	0.6278
			0.6272	-0.4834	-0.6107
			0.6228	0.726	-0.2915
			-0.6794	-0.4373	-0.5893
			0.9006	0.3982	0.1742
			0.8177	0.3815	-0.4311
		b:
			502.1029
			32.7774
			464.1426
			-512.5245
			541.7237
			418.0129
	==================================================================================
	Q4:
		Shape: Polyhedra
		q_c:	426.0	310.0	141.5
		ub :	433.4981	317.0468	149.3987
		lb :	418.5019	302.9532	133.6013
		A:
			0.8149	-0.1902	0.5475
			-0.4803	-0.8438	-0.2393
			-0.9538	0.1412	-0.2652
			0.7518	-0.6179	0.23
			0.2874	-0.1118	-0.9513
			0.9727	-0.1037	0.2078
			0.4594	0.6304	0.6257
			0.6748	-0.7058	0.2157
			0.5776	0.3231	-0.7496
			-0.4594	-0.6304	-0.6257
			-0.6748	0.7058	-0.2157
			-0.5776	-0.3231	0.7496
		b:
			369.4747
			-495.0515
			-396.1739
			164.3049
			-41.5009
			415.6407
			484.6656
			102.1915
			245.667
			-474.6656
			-96.1915
			-234.667
	==================================================================================
	Q5:
		Shape: Ellipse
		q_c:	426.0	307.5	131.0
		ub :	431.5905	313.9946	137.5156
		lb :	420.4095	301.0054	124.4844
		P^-1:
			0.1265	-0.0097	-0.0491
			-0.0097	0.0484	-0.0066
			-0.0491	-0.0066	0.0875
	==================================================================================
	Q6:
		Shape: Polyhedra
		q_c:	421.0	319.0	128.0
		ub :	427.9921	322.452	134.8853
		lb :	414.0079	315.548	121.1147
		A:
			-0.2587	-0.9126	0.3167
			-0.0671	0.1252	-0.9899
			-0.1902	-0.8428	0.5034
			0.0765	0.9876	-0.1369
			0.5197	0.8498	-0.088
			0.2942	0.8592	0.4186
			0.2006	0.9668	0.1584
			0.4458	0.0538	-0.8935
			-0.8723	0.2498	-0.4202
			-0.2006	-0.9668	-0.1584
			-0.4458	-0.0538	0.8935
			0.8723	-0.2498	0.4202
		b:
			-356.5703
			-110.0404
			-280.996
			332.2055
			481.3673
			453.9215
			415.1342
			95.5039
			-336.3431
			-411.1342
			-85.5039
			346.3431


===========================================================================================
===========================================================================================
S7:
	q_c:	418.5	343.0	458.5
	ub :	448.2107	365.3625	487.9963
	lb :	387.6487	319.8221	443.1223

	==================================================================================
	Q1:
		Shape: Ellipse
		q_c:	438.5	331.0	465.0
		ub :	443.0265	336.1471	470.0935
		lb :	433.9735	325.8529	459.9065
		P^-1:
			0.0666	-0.0146	-0.0129
			-0.0146	0.1149	0.0464
			-0.0129	0.0464	0.1036
	==================================================================================
	Q2:
		Shape: Polyhedra
		q_c:	401.0	352.0	466.5
		ub :	414.3513	365.3625	477.0514
		lb :	387.6487	338.6375	455.9486
		A:
			-0.0423	0.2287	-0.9726
			0.1549	-0.6306	0.7605
			0.061	0.174	-0.9829
			-0.8032	-0.5062	-0.3141
			0.2434	0.3099	0.9191
			-0.6164	-0.1857	0.7652
			0.0651	0.5027	0.862
			-0.8129	0.5277	-0.2463
			-0.5787	-0.6847	0.443
			-0.0651	-0.5027	-0.862
			0.8129	-0.5277	0.2463
			0.5787	0.6847	-0.443
		b:
			-383.0834
			203.6579
			-366.141
			-639.1604
			641.4851
			51.2736
			610.6796
			-244.1427
			-259.4341
			-599.6796
			266.1427
			273.4341
	==================================================================================
	Q3:
		Shape: Hybrid
		q_c:	411.5	331.0	453.0
		ub :	420.4763	342.1779	462.8777
		lb :	402.5237	319.8221	443.1223
		P^-1:
			0.0446	-0.0133	0.0101
			-0.0133	0.0195	-0.0151
			0.0101	-0.0151	0.0415
		A:
			0.754	-0.3226	0.5722
			0.1839	-0.1865	0.9651
			-0.6267	0.5744	-0.5267
			0.2332	-0.0745	0.9696
			0.9184	-0.3726	0.1329
			0.3806	-0.2509	0.8901
		b:
			464.8291
			454.0897
			-304.0232
			513.9442
			317.3061
			479.3412
	==================================================================================
	Q4:
		Shape: Hybrid
		q_c:	436.0	351.5	479.5
		ub :	448.2107	363.8799	487.9963
		lb :	423.7893	339.1201	471.0037
		P^-1:
			0.017	-0.004	0.0046
			-0.004	0.0191	-0.0077
			0.0046	-0.0077	0.0355
		A:
			0.0346	-0.2092	-0.9773
			0.369	0.9164	-0.1549
			0.6643	-0.3581	0.6561
			0.1333	0.7494	0.6486
			-0.1017	-0.2072	-0.973
			-0.8965	0.3555	-0.2643
		b:
			-523.4262
			414.2367
			481.6608
			637.7663
			-580.1496
			-388.2194
	==================================================================================
	Q5:
		Shape: Hybrid
		q_c:	435.0	338.5	469.5
		ub :	445.0447	348.1753	478.3994
		lb :	424.9553	328.8247	460.6006
		P^-1:
			0.0157	0.0002	0.0003
			0.0002	0.0139	0.0001
			0.0003	0.0001	0.0177
		A:
			-0.3636	0.5717	0.7355
			0.0924	0.4748	-0.8752
			0.2787	0.8873	0.3676
			0.466	0.5046	0.7268
			0.5302	0.2071	-0.8222
			0.0956	0.7347	-0.6716
		b:
			384.871
			-206.0007
			598.6433
			718.7676
			-81.2649
			-20.6864
	==================================================================================
	Q6:
		Shape: Hybrid
		q_c:	426.0	352.0	467.0
		ub :	434.237	362.4894	477.6324
		lb :	417.763	341.5106	456.3676
		P^-1:
			0.0434	0.0	0.0074
			0.0	0.0325	0.0147
			0.0074	0.0147	0.0273
		A:
			-0.4634	0.4549	-0.7604
			0.9797	0.1347	-0.1484
			0.2328	-0.7259	-0.6472
			0.8376	-0.184	-0.5144
			0.9886	-0.0268	0.148
			-0.7053	-0.6935	-0.1468
		b:
			-387.4453
			398.7146
			-455.9336
			55.4451
			483.3542
			-609.8499


===========================================================================================
===========================================================================================
S8:
	q_c:	184.5	417.5	149.0
	ub :	206.4344	445.4894	176.6269
	lb :	168.7306	398.0435	118.3792

	==================================================================================
	Q1:
		Shape: Polyhedra
		q_c:	178.5	433.0	162.5
		ub :	188.2694	445.4894	175.2016
		lb :	168.7306	420.5106	149.7984
		A:
			-0.1431	0.9514	0.2728
			-0.7407	0.6715	-0.0207
			-0.773	-0.1042	-0.6258
			-0.4879	0.8724	0.0299
			0.6374	0.0893	-0.7654
			0.3688	0.1692	-0.914
			0.786	0.3665	0.4979
			-0.6175	0.5042	0.6037
			-0.0298	-0.782	0.6226
			-0.786	-0.3665	-0.4979
			0.6175	-0.5042	-0.6037
			0.0298	0.782	-0.6226
		b:
			437.995
			162.321
			-277.6586
			302.9237
			35.2603
			-1.8166
			386.8934
			212.6829
			-234.2491
			-372.8934
			-199.6829
			251.2491
	==================================================================================
	Q2:
		Shape: Ellipse
		q_c:	187.0	433.0	168.5
		ub :	192.6669	440.1674	176.6269
		lb :	181.3331	425.8326	160.3731
		P^-1:
			0.0801	0.0046	-0.0079
			0.0046	0.0671	0.0247
			-0.0079	0.0247	0.0397
	==================================================================================
	Q3:
		Shape: Polyhedra
		q_c:	195.5	422.0	136.5
		ub :	202.8743	428.9562	146.0673
		lb :	188.1257	415.0438	126.9327
		A:
			-0.4247	0.8236	-0.3758
			-0.1141	0.7933	-0.5981
			0.0266	-0.8763	0.481
			-0.3874	0.7715	-0.5047
			-0.6418	0.6489	-0.4087
			-0.5842	0.7734	-0.246
			0.3216	0.5767	0.751
			-0.3631	0.8076	-0.4646
			-0.8745	-0.1233	0.4691
			-0.3216	-0.5767	-0.751
			0.3631	-0.8076	0.4646
			0.8745	0.1233	-0.4691
		b:
			214.87
			232.7469
			-296.6274
			182.5618
			94.8481
			180.6748
			417.7384
			207.9054
			-154.4535
			-399.7384
			-204.9054
			163.4535
	==================================================================================
	Q4:
		Shape: Polyhedra
		q_c:	188.5	410.5	150.5
		ub :	201.355	422.9565	159.3891
		lb :	175.645	398.0435	141.6109
		A:
			0.7236	-0.2906	0.626
			-0.4534	0.3041	-0.8378
			0.4045	0.5226	0.7505
			-0.0903	0.0269	-0.9956
			-0.9377	-0.3461	0.0312
			-0.2357	-0.6426	0.729
			0.6589	0.7516	0.0315
			0.6735	-0.5707	-0.4699
			-0.3352	0.3308	-0.8822
			-0.6589	-0.7516	-0.0315
			-0.6735	0.5707	0.4699
			0.3352	-0.3308	0.8822
		b:
			117.0338
			-82.1442
			410.4404
			-150.1104
			-306.4867
			-192.7883
			444.4704
			-168.0284
			-55.6522
			-430.4704
			188.0284
			64.6522
	==================================================================================
	Q5:
		Shape: Polyhedra
		q_c:	191.0	418.5	128.0
		ub :	202.3113	428.708	137.6208
		lb :	179.6887	408.292	118.3792
		A:
			-0.6532	-0.1135	0.7486
			-0.9209	0.281	0.27
			0.4897	0.3025	-0.8178
			0.3827	-0.3651	-0.8487
			-0.1759	0.1948	-0.965
			0.5946	0.4943	-0.6341
			0.9394	0.2229	0.2605
			0.1088	-0.9144	0.39
			0.3251	-0.338	-0.8832
			-0.9394	-0.2229	-0.2605
			-0.1088	0.9144	-0.39
			-0.3251	0.338	0.8832
		b:
			-70.0931
			-15.8724
			121.6378
			-183.287
			-69.1138
			246.4362
			315.5415
			-304.9678
			-187.4109
			-296.5415
			318.9678
			197.4109
	==================================================================================
	Q6:
		Shape: Ellipse
		q_c:	196.5	425.5	166.5
		ub :	206.4344	438.329	173.7936
		lb :	186.5656	412.671	159.2064
		P^-1:
			0.0525	0.0134	0.0422
			0.0134	0.0117	0.014
			0.0422	0.014	0.075


===========================================================================================
===========================================================================================
S9:
	q_c:	281.0	184.5	467.0
	ub :	289.6946	187.2293	470.4212
	lb :	270.0521	175.75	457.0108

	==================================================================================
	Q1:
		Shape: Ellipse
		q_c:	281.0	184.0	460.5
		ub :	282.4348	186.8929	463.9892
		lb :	279.5652	181.1071	457.0108
		P^-1:
			2.94	-1.3644	-0.5057
			-1.3644	1.5577	0.8249
			-0.5057	0.8249	0.5839
	==================================================================================
	Q2:
		Shape: Ellipse
		q_c:	274.0	184.0	463.0
		ub :	277.9479	187.2293	466.9861
		lb :	270.0521	180.7707	459.0139
		P^-1:
			0.1295	0.0174	0.0416
			0.0174	0.1863	0.0371
			0.0416	0.0371	0.2053
	==================================================================================
	Q3:
		Shape: Hybrid
		q_c:	277.0	180.0	461.0
		ub :	281.036	184.25	464.8365
		lb :	272.964	175.75	457.1635
		P^-1:
			0.112	0.0022	-0.0062
			0.0022	0.1164	-0.0151
			-0.0062	-0.0151	0.1538
		A:
			0.0407	-0.9555	-0.2921
			0.2505	-0.5677	0.7842
			-0.3795	-0.862	0.336
			-0.6765	0.2436	0.6949
			0.3091	-0.02	-0.9508
			-0.6794	-0.7074	0.195
		b:
			-293.6424
			330.0836
			-103.8298
			178.3649
			-354.9588
			-224.0118
	==================================================================================
	Q4:
		Shape: Ellipse
		q_c:	286.5	183.0	461.5
		ub :	289.6946	185.16	464.4043
		lb :	283.3054	180.84	458.5957
		P^-1:
			0.2321	-0.0206	0.122
			-0.0206	0.4425	0.0118
			0.122	0.0118	0.3743
	==================================================================================
	Q5:
		Shape: Polyhedra
		q_c:	282.0	179.0	463.5
		ub :	284.103	181.9516	466.2959
		lb :	279.897	176.0484	460.7041
		A:
			-0.0858	0.5278	0.845
			-0.9893	-0.0245	0.1435
			0.7688	0.4097	0.4911
			-0.6457	0.5185	-0.5605
			0.958	0.2182	-0.1859
			0.7539	-0.294	-0.5876
			0.8989	0.044	0.436
			-0.338	-0.5636	0.7537
			0.2788	-0.8249	-0.4917
			-0.8989	-0.044	-0.436
			0.338	0.5636	-0.7537
			-0.2788	0.8249	0.4917
		b:
			464.222
			-215.5211
			519.0597
			-347.6927
			224.3239
			-110.3281
			464.4345
			154.6626
			-294.4291
			-462.4345
			-151.6626
			299.4291
	==================================================================================
	Q6:
		Shape: Polyhedra
		q_c:	278.5	180.0	466.5
		ub :	281.58	183.4814	470.4212
		lb :	275.42	176.5186	462.5788
		A:
			-0.6423	0.7626	-0.0768
			-0.5353	-0.4855	0.6912
			0.6309	-0.0702	-0.7727
			0.5281	0.7338	-0.4273
			-0.507	-0.4284	0.748
			-0.1673	-0.4592	0.8724
			0.4402	0.5832	0.6827
			-0.1391	0.7955	-0.5898
			-0.8871	0.1646	0.4313
			-0.4402	-0.5832	-0.6827
			0.1391	-0.7955	0.5898
			0.8871	-0.1646	-0.4313
		b:
			-75.8843
			87.4493
			-195.608
			81.7111
			132.1241
			279.4434
			549.5574
			-169.2142
			-14.7026
			-542.5574
			172.2142
			17.7026


===========================================================================================
===========================================================================================
S10:
	q_c:	168.0	504.0	254.0
	ub :	177.9333	518.1077	267.7935
	lb :	154.6652	492.9194	241.9556

	==================================================================================
	Q1:
		Shape: Ellipse
		q_c:	169.0	500.5	262.0
		ub :	172.9545	505.7457	267.7935
		lb :	165.0455	495.2543	256.2065
		P^-1:
			0.4943	0.4099	0.2245
			0.4099	0.4467	0.2196
			0.2245	0.2196	0.1709
	==================================================================================
	Q2:
		Shape: Polyhedra
		q_c:	162.5	501.0	247.0
		ub :	167.6268	506.2428	252.0444
		lb :	157.3732	495.7572	241.9556
		A:
			0.1351	-0.1165	-0.984
			0.7304	0.5275	-0.4339
			-0.1862	-0.9653	0.1829
			-0.1588	-0.892	0.4231
			0.6651	0.3983	0.6316
			-0.1568	-0.2123	-0.9645
			0.7429	0.1135	0.6597
			-0.5068	-0.5485	0.6651
			0.4373	-0.8284	-0.35
			-0.7429	-0.1135	-0.6597
			0.5068	0.5485	-0.6651
			-0.4373	0.8284	0.35
		b:
			-276.3276
			278.7772
			-465.266
			-364.9131
			466.2709
			-367.1502
			343.0141
			-189.8545
			-426.4341
			-338.0141
			195.8545
			434.4341
	==================================================================================
	Q3:
		Shape: Polyhedra
		q_c:	162.0	505.5	249.5
		ub :	169.3348	512.8873	254.2503
		lb :	154.6652	498.1127	244.7497
		A:
			-0.1156	0.4339	0.8935
			0.606	-0.2122	0.7666
			0.6575	-0.4218	-0.6243
			-0.958	0.2586	0.124
			-0.3746	0.9069	0.1931
			-0.5202	0.7447	-0.4182
			0.7412	0.6692	0.0531
			0.6474	-0.6915	-0.3204
			-0.1777	0.2719	-0.9458
			-0.7412	-0.6692	-0.0531
			-0.6474	0.6915	0.3204
			0.1777	-0.2719	0.9458
		b:
			427.2416
			186.0656
			-258.8694
			10.8251
			449.7916
			191.3663
			477.6136
			-321.1386
			-123.8379
			-465.6136
			328.1386
			130.8379
	==================================================================================
	Q4:
		Shape: Polyhedra
		q_c:	167.5	512.5	253.0
		ub :	172.667	518.1077	258.3208
		lb :	162.333	506.8923	247.6792
		A:
			-0.0052	0.3361	-0.9418
			-0.4429	0.7834	0.436
			0.4613	0.8872	0.0098
			-0.893	-0.411	0.1834
			-0.8204	0.0212	-0.5714
			0.3296	0.7203	0.6103
			0.6428	0.6319	0.433
			0.7651	-0.5007	-0.405
			-0.0391	0.5916	-0.8053
			-0.6428	-0.6319	-0.433
			-0.7651	0.5007	0.405
			0.0391	-0.5916	0.8053
		b:
			-63.8152
			441.8253
			537.0989
			-310.5182
			-268.0801
			581.6234
			543.5858
			-226.4002
			95.913
			-538.5858
			235.4002
			-89.913
	==================================================================================
	Q5:
		Shape: Ellipse
		q_c:	171.5	505.0	261.5
		ub :	177.9333	508.2473	266.9595
		lb :	165.0667	501.7527	256.0405
		P^-1:
			0.07	0.0833	-0.0159
			0.0833	0.409	0.0787
			-0.0159	0.0787	0.1096
	==================================================================================
	Q6:
		Shape: Ellipse
		q_c:	165.0	499.0	261.5
		ub :	170.193	505.0806	267.1373
		lb :	159.807	492.9194	255.8627
		P^-1:
			0.1572	0.1061	0.016
			0.1061	0.1239	0.0129
			0.016	0.0129	0.042


===========================================================================================
===========================================================================================
S11:
	q_c:	417.5	279.0	457.5
	ub :	425.7852	290.7467	464.3997
	lb :	410.8026	270.6004	448.5034

	==================================================================================
	Q1:
		Shape: Polyhedra
		q_c:	415.5	276.0	461.0
		ub :	419.5257	279.8104	463.7776
		lb :	411.4743	272.1896	458.2224
		A:
			0.0262	0.7053	0.7084
			0.4533	-0.2236	0.8628
			-0.5527	0.6222	-0.5545
			-0.4635	0.6991	-0.5445
			0.3082	-0.8848	0.3495
			-0.3794	0.5922	0.7109
			0.7754	0.6004	0.1956
			0.2169	-0.5442	0.8105
			0.593	-0.586	-0.5522
			-0.7754	-0.6004	-0.1956
			-0.2169	0.5442	-0.8105
			-0.593	0.586	0.5522
		b:
			534.7946
			525.924
			-312.0949
			-249.3003
			46.6566
			336.0242
			581.0473
			314.5719
			-167.4155
			-575.0473
			-312.5719
			172.4155
	==================================================================================
	Q2:
		Shape: Polyhedra
		q_c:	413.5	278.5	452.5
		ub :	415.8777	279.5948	455.0923
		lb :	411.1223	277.4052	449.9077
		A:
			-0.2471	-0.8947	-0.372
			0.356	-0.8522	0.3834
			-0.933	-0.3232	0.1581
			0.8297	-0.5571	0.035
			0.277	-0.9352	-0.2207
			-0.3931	-0.8645	-0.3131
			0.7667	0.0181	0.6418
			-0.642	0.031	0.7661
			-0.006	-0.9994	0.0353
			-0.7667	-0.0181	-0.6418
			0.642	-0.031	-0.7661
			0.006	0.9994	-0.0353
		b:
			-518.6215
			84.3191
			-402.3945
			205.3372
			-244.4467
			-543.9951
			613.4668
			92.2888
			-263.8078
			-611.4668
			-87.2888
			265.8078
	==================================================================================
	Q3:
		Shape: Hybrid
		q_c:	421.5	286.0	460.5
		ub :	425.7852	290.7467	464.3997
		lb :	417.2148	281.2533	456.6003
		P^-1:
			0.1989	-0.0649	-0.0525
			-0.0649	0.1675	-0.0667
			-0.0525	-0.0667	0.1961
		A:
			-0.1285	0.4436	-0.887
			-0.7638	0.4326	-0.4791
			-0.8004	0.5686	0.1897
			-0.6517	0.0313	0.7578
			0.8431	-0.5351	-0.0532
			0.734	-0.6165	0.2849
		b:
			-334.5809
			-417.4678
			-86.388
			84.2444
			178.8742
			265.3261
	==================================================================================
	Q4:
		Shape: Ellipse
		q_c:	418.0	275.0	454.5
		ub :	421.297	279.3996	457.7147
		lb :	414.703	270.6004	451.2853
		P^-1:
			0.1711	0.0032	-0.0306
			0.0032	0.0651	0.0193
			-0.0306	0.0193	0.2363
	==================================================================================
	Q5:
		Shape: Ellipse
		q_c:	414.5	281.5	453.0
		ub :	418.1974	286.7222	457.4966
		lb :	410.8026	276.2778	448.5034
		P^-1:
			0.1515	-0.023	-0.0151
			-0.023	0.0978	-0.0409
			-0.0151	-0.0409	0.1331
	==================================================================================
	Q6:
		Shape: Hybrid
		q_c:	415.0	284.0	457.5
		ub :	418.6137	287.7251	460.6075
		lb :	411.3863	280.2749	454.3925
		P^-1:
			0.2251	-0.0283	-0.0286
			-0.0283	0.2178	-0.0326
			-0.0286	-0.0326	0.2171
		A:
			-0.9294	-0.2419	0.2788
			0.9523	0.1674	-0.2551
			-0.9543	-0.0153	0.2985
			0.2873	-0.5242	-0.8017
			-0.303	0.3047	-0.903
			-0.8156	0.0996	-0.57
		b:
			-325.7492
			327.1196
			-262.7577
			-395.1801
			-451.1673
			-569.6816


===========================================================================================
===========================================================================================
S12:
	q_c:	210.0	200.5	307.5
	ub :	234.2934	229.0184	329.4858
	lb :	187.6905	173.4371	283.7729

	==================================================================================
	Q1:
		Shape: Polyhedra
		q_c:	211.5	218.5	319.5
		ub :	222.8361	229.0184	328.4581
		lb :	200.1639	207.9816	310.5419
		A:
			-0.5285	0.5049	0.6824
			0.6647	0.7217	0.1932
			0.5365	0.1775	-0.825
			-0.1472	-0.8668	-0.4764
			-0.2255	-0.6471	-0.7283
			0.2645	-0.7655	0.5865
			0.0878	0.6079	0.7891
			-0.7597	0.5533	-0.3416
			-0.6443	-0.5695	0.5104
			-0.0878	-0.6079	-0.7891
			0.7597	-0.5533	0.3416
			0.6443	0.5695	-0.5104
		b:
			221.7516
			366.9747
			-103.4057
			-368.6182
			-418.9649
			83.7491
			406.0346
			-141.9453
			-88.6209
			-401.0346
			155.9453
			106.6209
	==================================================================================
	Q2:
		Shape: Hybrid
		q_c:	215.5	182.0	312.5
		ub :	223.4857	190.5629	320.3994
		lb :	207.5143	173.4371	304.6006
		P^-1:
			0.0178	0.0004	0.0002
			0.0004	0.024	-0.0012
			0.0002	-0.0012	0.0274
		A:
			-0.403	-0.3024	0.8638
			0.601	-0.499	-0.6244
			0.1722	-0.518	-0.8379
			0.4029	-0.8481	0.3443
			0.9104	0.3971	-0.116
			0.3002	0.8887	0.3465
		b:
			131.3104
			-152.5634
			-315.6411
			43.6007
			236.4829
			338.2764
	==================================================================================
	Q3:
		Shape: Polyhedra
		q_c:	198.5	200.5	318.0
		ub :	209.3095	210.2376	329.4858
		lb :	187.6905	190.7624	306.5142
		A:
			0.7826	0.0141	0.6224
			-0.1994	-0.1212	-0.9724
			0.4924	0.5823	0.6468
			0.5363	-0.1247	0.8348
			-0.7866	0.4352	-0.438
			0.0976	-0.5148	-0.8517
			0.4627	0.6676	0.5833
			-0.2791	0.7342	-0.6188
			-0.8414	0.1235	0.5261
			-0.4627	-0.6676	-0.5833
			0.2791	-0.7342	0.6188
			0.8414	-0.1235	-0.5261
		b:
			362.3834
			-366.7995
			425.7191
			353.3176
			-201.2014
			-348.3855
			416.6901
			-97.9879
			32.5348
			-405.6901
			111.9879
			-17.5348
	==================================================================================
	Q4:
		Shape: Ellipse
		q_c:	221.5	208.0	296.0
		ub :	234.2934	218.0139	308.2271
		lb :	208.7066	197.9861	283.7729
		P^-1:
			0.0152	-0.0046	0.0077
			-0.0046	0.0352	-0.0154
			0.0077	-0.0154	0.0278
	==================================================================================
	Q5:
		Shape: Polyhedra
		q_c:	205.5	214.0	314.0
		ub :	210.654	219.3498	320.1751
		lb :	200.346	208.6502	307.8249
		A:
			-0.858	0.4245	-0.2892
			0.2771	0.9433	-0.183
			-0.5679	-0.3674	0.7365
			0.2641	0.9124	0.3127
			0.087	-0.7474	0.6586
			-0.4209	0.9031	-0.0853
			0.5857	0.2953	0.7548
			-0.1507	-0.8753	0.4594
			0.7964	-0.3828	-0.4682
			-0.5857	-0.2953	-0.7548
			0.1507	0.8753	-0.4594
			-0.7964	0.3828	0.4682
		b:
			-172.8003
			204.9519
			39.0779
			351.6182
			68.36
			83.1326
			425.0735
			-70.5241
			-62.7735
			-416.0735
			77.5241
			67.7735
	==================================================================================
	Q6:
		Shape: Polyhedra
		q_c:	217.0	188.0	304.5
		ub :	228.5971	198.7344	315.6707
		lb :	205.4029	177.2656	293.3293
		A:
			0.1439	-0.8741	0.4639
			-0.3128	-0.6474	-0.695
			0.1086	-0.1718	-0.9791
			-0.964	0.2303	0.1327
			-0.8567	0.1768	-0.4846
			0.997	-0.0414	-0.0656
			0.7926	0.1688	0.5858
			-0.5419	-0.2452	0.8039
			0.2794	-0.9547	-0.1028
			-0.7926	-0.1688	-0.5858
			0.5419	0.2452	-0.8039
			-0.2794	0.9547	0.1028
		b:
			16.1836
			-394.2858
			-299.0193
			-118.0676
			-293.9294
			195.7391
			388.1359
			89.5868
			-142.1678
			-376.1359
			-72.5868
			158.1678


===========================================================================================
===========================================================================================
S13:
	q_c:	25.0	389.0	135.0
	ub :	37.339	402.2542	147.5151
	lb :	11.1846	371.2672	125.4991

	==================================================================================
	Q1:
		Shape: Hybrid
		q_c:	22.5	390.0	140.5
		ub :	28.4421	395.9689	145.9248
		lb :	16.5579	384.0311	135.0752
		P^-1:
			0.0614	0.0173	-0.0162
			0.0173	0.0831	-0.0078
			-0.0162	-0.0078	0.0976
		A:
			-0.091	-0.9335	0.3469
			-0.5843	-0.5162	-0.6263
			0.8355	0.5426	0.0862
			0.3935	-0.3447	-0.8522
			0.7445	-0.2603	-0.6148
			0.7561	-0.6074	-0.2435
		b:
			-315.4545
			-300.208
			244.7363
			-243.4425
			-168.9058
			-251.3509
	==================================================================================
	Q2:
		Shape: Polyhedra
		q_c:	28.0	386.5	143.0
		ub :	32.7714	391.2712	147.5151
		lb :	23.2286	381.7288	138.4849
		A:
			0.5526	0.729	0.4039
			0.1237	-0.3843	0.9149
			0.5621	-0.5415	-0.6251
			-0.0291	0.7824	0.6221
			-0.71	0.3689	0.5998
			-0.4374	0.8762	0.2022
			0.0945	0.6656	0.7403
			-0.7198	0.5594	-0.4111
			-0.6878	-0.494	0.5319
			-0.0945	-0.6656	-0.7403
			0.7198	-0.5594	0.4111
			0.6878	0.494	-0.5319
		b:
			357.3719
			-11.1476
			-280.3656
			392.6219
			211.2558
			358.2084
			367.7529
			140.7885
			-131.134
			-363.7529
			-133.7885
			137.134
	==================================================================================
	Q3:
		Shape: Ellipse
		q_c:	25.5	395.5	137.0
		ub :	33.1004	401.9656	144.2145
		lb :	17.8996	389.0344	129.7855
		P^-1:
			0.0486	-0.0065	0.0057
			-0.0065	0.0593	0.0042
			0.0057	0.0042	0.037
