3D_45_11_6_a                l = 3

===========================================================================================
===========================================================================================
S1:
	q_c:	122.5	196.0	245.0
	ub :	136.2634	212.2324	254.9875
	lb :	110.1473	179.1392	231.5609

	==================================================================================
	Q1:
		Shape: Hybrid
		q_c:	125.5	207.0	235.5
		ub :	129.6133	212.2324	239.4391
		lb :	121.3867	201.7676	231.5609
		P^-1:
			0.1392	-0.0389	-0.009
			-0.0389	0.0843	-0.0052
			-0.009	-0.0052	0.1101
		A:
			-0.7289	0.1957	-0.6561
			-0.6395	0.5589	0.5279
			0.7951	0.4294	-0.4283
			-0.7874	0.2337	-0.5704
			-0.5077	0.1072	0.8548
			0.8853	-0.3364	-0.3212
		b:
			-203.8317
			161.2449
			89.9046
			-183.1915
			161.3683
			-32.8897
	==================================================================================
	Q2:
		Shape: Polyhedra
		q_c:	118.5	186.0	249.0
		ub :	123.6907	191.3149	253.7722
		lb :	113.3093	180.6851	244.2278
		A:
			-0.6054	-0.1056	-0.7889
			0.0378	0.0369	0.9986
			-0.6311	0.5333	-0.5633
			0.7137	-0.2115	-0.6678
			-0.7549	0.6543	-0.0447
			0.3994	0.8075	-0.434
			0.9636	0.1582	0.2154
			-0.1583	-0.3113	0.937
			0.2153	-0.9371	-0.2749
			-0.9636	-0.1582	-0.2154
			0.1583	0.3113	-0.937
			-0.2153	0.9371	0.2749
		b:
			-284.1616
			263.1785
			-112.1882
			-117.4723
			25.0835
			92.9819
			201.2508
			159.6694
			-213.2235
			-193.2508
			-153.6694
			221.2235
	==================================================================================
	Q3:
		Shape: Polyhedra
		q_c:	116.0	190.5	242.5
		ub :	121.8527	195.7026	249.138
		lb :	110.1473	185.2974	235.862
		A:
			-0.3427	-0.9063	0.2475
			0.4389	0.6563	-0.6138
			-0.7094	0.4784	-0.5177
			0.7106	-0.1806	0.68
			0.0866	0.8068	-0.5845
			-0.7399	-0.6681	-0.0787
			0.0466	0.3332	0.9417
			-0.03	0.9428	-0.332
			-0.9985	-0.0128	0.0539
			-0.0466	-0.3332	-0.9417
			0.03	-0.9428	0.332
			0.9985	0.0128	-0.0539
		b:
			-148.5423
			31.3842
			-111.918
			218.1292
			25.7384
			-227.2815
			302.7336
			99.0969
			-99.6947
			-291.7336
			-92.0969
			110.6947
	==================================================================================
	Q4:
		Shape: Ellipse
		q_c:	128.5	192.0	244.5
		ub :	136.2634	199.5734	252.7237
		lb :	120.7366	184.4266	236.2763
		P^-1:
			0.0524	0.0029	0.0124
			0.0029	0.036	-0.002
			0.0124	-0.002	0.0472
	==================================================================================
	Q5:
		Shape: Ellipse
		q_c:	119.5	185.0	249.0
		ub :	125.593	190.8608	254.9875
		lb :	113.407	179.1392	243.0125
		P^-1:
			0.0916	0.0128	0.0252
			0.0128	0.068	0.0126
			0.0252	0.0126	0.054
	==================================================================================
	Q6:
		Shape: Hybrid
		q_c:	117.0	192.0	245.5
		ub :	121.5284	197.759	251.1708
		lb :	112.4716	186.241	239.8292
		P^-1:
			0.0625	0.0014	0.0006
			0.0014	0.058	0.0142
			0.0006	0.0142	0.0729
		A:
			0.6524	-0.6604	0.3718
			-0.3105	0.8865	0.343
			0.0163	-0.7128	0.7012
			-0.6997	0.6608	0.2716
			0.6457	-0.7423	0.179
			0.9143	0.1987	0.353
		b:
			43.3688
			220.2941
			39.8735
			113.9319
			-20.506
			233.9342


===========================================================================================
===========================================================================================
S2:
	q_c:	78.5	468.5	445.5
	ub :	98.2259	484.9148	463.5191
	lb :	55.8084	440.9529	423.7405

	==================================================================================
	Q1:
		Shape: Hybrid
		q_c:	65.0	473.5	432.0
		ub :	70.4742	483.3995	440.2595
		lb :	59.5258	463.6005	423.7405
		P^-1:
			0.0717	0.0049	0.0083
			0.0049	0.0234	0.0216
			0.0083	0.0216	0.0629
		A:
			-0.3772	-0.163	-0.9117
			-0.2114	0.8222	0.5285
			0.2128	-0.6205	-0.7548
			0.9254	-0.2617	0.2741
			0.0877	0.5946	0.7992
			-0.9377	0.3437	-0.0508
		b:
			-493.3279
			607.7892
			-603.4239
			57.528
			634.834
			82.8005
	==================================================================================
	Q2:
		Shape: Ellipse
		q_c:	71.5	475.5	445.0
		ub :	79.3571	484.9148	454.342
		lb :	63.6429	466.0852	435.658
		P^-1:
			0.0361	-0.0042	-0.0039
			-0.0042	0.0327	-0.0007
			-0.0039	-0.0007	0.032
	==================================================================================
	Q3:
		Shape: Hybrid
		q_c:	68.5	474.5	449.0
		ub :	77.6334	482.4906	456.6242
		lb :	59.3666	466.5094	441.3758
		P^-1:
			0.037	0.0126	0.0375
			0.0126	0.0359	0.0134
			0.0375	0.0134	0.0868
		A:
			0.0435	-0.2961	0.9542
			-0.6934	-0.6403	-0.3303
			-0.6832	0.0422	-0.729
			0.3774	-0.5927	0.7116
			0.4588	0.4167	-0.7848
			-0.242	0.942	0.2325
		b:
			293.9294
			-496.5531
			-351.7391
			67.3697
			-118.3664
			539.5168
	==================================================================================
	Q4:
		Shape: Polyhedra
		q_c:	86.0	456.5	448.0
		ub :	98.2259	468.2903	458.0294
		lb :	73.7741	444.7097	437.9706
		A:
			-0.0711	0.7826	-0.6184
			0.8833	0.3041	-0.3568
			0.119	0.7762	-0.6192
			0.9847	0.077	-0.1563
			0.4402	0.7121	-0.5469
			0.4335	0.9011	-0.0061
			0.9857	0.0878	0.1441
			-0.1098	-0.3152	0.9427
			0.1282	-0.9449	-0.3011
			-0.9857	-0.0878	-0.1441
			0.1098	0.3152	-0.9427
			-0.1282	0.9449	0.3011
		b:
			81.4498
			64.3727
			94.371
			60.0345
			125.7025
			455.3452
			199.9248
			274.9725
			-545.7155
			-178.9248
			-262.9725
			564.7155
	==================================================================================
	Q5:
		Shape: Polyhedra
		q_c:	82.5	476.0	456.0
		ub :	91.6997	484.4045	463.5191
		lb :	73.3003	467.5955	448.4809
		A:
			0.9331	-0.3577	-0.0364
			-0.6477	-0.59	-0.4821
			0.6436	-0.5667	-0.5145
			-0.4077	-0.8975	-0.1679
			-0.8624	0.3109	-0.3996
			0.72	0.4134	0.5574
			0.5924	0.2663	0.7604
			-0.4609	0.8861	0.0487
			-0.6608	-0.3793	0.6476
			-0.5924	-0.2663	-0.7604
			0.4609	-0.8861	-0.0487
			0.6608	0.3793	-0.6476
		b:
			-104.3201
			-549.6525
			-445.465
			-532.1382
			-100.5974
			514.6222
			526.3776
			411.4667
			66.7569
			-518.3776
			-400.4667
			-53.7569
	==================================================================================
	Q6:
		Shape: Hybrid
		q_c:	65.0	450.0	451.0
		ub :	74.1916	459.0471	456.9624
		lb :	55.8084	440.9529	445.0376
		P^-1:
			0.0342	0.0081	0.0158
			0.0081	0.0304	0.0086
			0.0158	0.0086	0.0738
		A:
			-0.1422	0.6019	0.7858
			0.3129	-0.9013	0.2995
			0.9023	0.1373	-0.4087
			-0.6818	-0.3581	-0.638
			0.1758	-0.3752	-0.9101
			0.3463	-0.1333	0.9286
		b:
			619.0682
			-245.7824
			-59.8286
			-490.8811
			-565.1681
			383.4377


===========================================================================================
===========================================================================================
S3:
	q_c:	466.5	50.0	410.5
	ub :	476.9294	64.42	423.3065
	lb :	449.836	47.9151	393.9462

	==================================================================================
	Q1:
		Shape: Polyhedra
		q_c:	458.0	58.0	402.0
		ub :	466.164	64.42	410.0538
		lb :	449.836	51.58	393.9462
		A:
			-0.5237	0.6507	0.5499
			0.9059	-0.4216	-0.0411
			0.9406	-0.0144	-0.3391
			-0.4274	0.7726	-0.4695
			-0.1923	0.4507	-0.8717
			0.2759	0.2877	0.9171
			0.6391	0.5278	0.5594
			0.5329	-0.8284	0.1728
			0.5546	0.1876	-0.8107
			-0.6391	-0.5278	-0.5594
			-0.5329	0.8284	-0.1728
			-0.5546	-0.1876	0.8107
		b:
			23.3371
			377.9072
			298.7407
			-336.3617
			-407.6708
			517.2319
			553.7043
			268.4792
			-55.5319
			-542.7043
			-262.4792
			66.5319
	==================================================================================
	Q2:
		Shape: Polyhedra
		q_c:	471.5	55.5	413.0
		ub :	476.9294	61.9281	417.9226
		lb :	466.0706	49.0719	408.0774
		A:
			0.6442	0.0781	0.7609
			-0.2327	0.476	-0.8481
			-0.9858	-0.152	-0.0712
			0.5939	0.4476	0.6686
			-0.7873	-0.2418	-0.5672
			0.7037	-0.0104	0.7104
			0.637	0.2082	0.7422
			-0.6489	0.6646	0.3705
			-0.4161	-0.7176	0.5585
			-0.637	-0.2082	-0.7422
			0.6489	-0.6646	-0.3705
			0.4161	0.7176	-0.5585
		b:
			623.4624
			-430.1721
			-499.4183
			582.4703
			-617.4558
			626.0377
			619.4395
			-111.5402
			-0.8631
			-617.4395
			120.5402
			9.8631
	==================================================================================
	Q3:
		Shape: Polyhedra
		q_c:	464.0	53.5	410.5
		ub :	468.6774	58.094	416.2481
		lb :	459.3226	48.906	404.7519
		A:
			0.3459	-0.7707	-0.5351
			-0.8091	-0.4675	0.3561
			0.4036	0.8703	0.2822
			-0.6881	0.5803	-0.4357
			-0.9286	-0.2004	0.3123
			0.8831	-0.4631	0.0758
			0.8896	0.4288	0.1573
			0.4481	-0.8862	-0.1181
			0.0887	0.1755	-0.9805
			-0.8896	-0.4288	-0.1573
			-0.4481	0.8862	0.1181
			-0.0887	-0.1755	0.9805
		b:
			-97.2596
			-250.3033
			352.8551
			-463.6882
			-309.616
			419.0017
			503.7778
			114.5094
			-346.9154
			-496.7778
			-109.5094
			356.9154
	==================================================================================
	Q4:
		Shape: Polyhedra
		q_c:	472.5	52.5	411.0
		ub :	475.5216	57.0849	415.6049
		lb :	469.4784	47.9151	406.3951
		A:
			-0.4887	-0.7127	0.5032
			0.4495	-0.0102	-0.8932
			0.1732	0.8167	0.5504
			0.6635	-0.7077	-0.2427
			0.9936	-0.1082	0.0331
			0.2066	0.8363	0.5079
			0.927	0.1764	0.3309
			-0.0705	-0.7847	0.6159
			0.3683	-0.5943	-0.715
			-0.927	-0.1764	-0.3309
			0.0705	0.7847	-0.6159
			-0.3683	0.5943	0.715
		b:
			-58.2058
			-152.4212
			353.472
			179.1846
			479.4883
			352.7858
			585.2869
			182.1173
			-148.5157
			-581.2869
			-175.1173
			153.5157
	==================================================================================
	Q5:
		Shape: Polyhedra
		q_c:	466.0	56.5	412.5
		ub :	469.8614	60.7018	413.0873
		lb :	462.1386	52.2982	411.9127
		A:
			-0.1583	-0.2898	0.9439
			-0.0751	-0.1388	0.9875
			0.7827	0.1273	-0.6092
			0.0357	0.1873	0.9817
			-0.1933	0.1609	-0.9678
			0.0247	0.1612	-0.9866
			0.0153	0.0139	0.9998
			-0.2778	0.9606	-0.0091
			-0.9605	-0.2776	0.0186
			-0.0153	-0.0139	-0.9998
			0.2778	-0.9606	0.0091
			0.9605	0.2776	-0.0186
		b:
			300.4576
			365.261
			123.0855
			432.9181
			-479.2658
			-385.5935
			420.8293
			-75.4066
			-452.6331
			-419.8293
			82.4066
			458.6331
	==================================================================================
	Q6:
		Shape: Ellipse
		q_c:	462.5	57.5	417.5
		ub :	468.3616	63.7961	423.3065
		lb :	456.6384	51.2039	411.6935
		P^-1:
			0.0637	-0.0036	0.0028
			-0.0036	0.0737	-0.0087
			0.0028	-0.0087	0.0693


===========================================================================================
===========================================================================================
S4:
	q_c:	488.0	356.0	250.0
	ub :	511.3602	373.0563	262.5468
	lb :	466.6081	345.1026	225.4681

	==================================================================================
	Q1:
		Shape: Hybrid
		q_c:	502.0	355.5	249.5
		ub :	511.3602	362.2909	259.956
		lb :	492.6398	348.7091	239.044
		P^-1:
			0.062	-0.0603	0.0095
			-0.0603	0.1222	-0.0043
			0.0095	-0.0043	0.0175
		A:
			0.3171	-0.8073	-0.4977
			-0.1665	-0.5007	-0.8495
			-0.2189	0.9458	-0.24
			-0.9239	-0.0636	-0.3772
			-0.8426	0.5356	0.0557
			-0.0973	0.3624	0.9269
		b:
			-248.5246
			-468.0293
			168.8997
			-576.3096
			-215.9983
			317.443
	==================================================================================
	Q2:
		Shape: Ellipse
		q_c:	480.5	353.5	236.5
		ub :	490.7486	361.8974	247.5319
		lb :	470.2514	345.1026	225.4681
		P^-1:
			0.0368	0.0107	0.0111
			0.0107	0.0309	0.0043
			0.0111	0.0043	0.0192
	==================================================================================
	Q3:
		Shape: Polyhedra
		q_c:	476.5	363.5	241.0
		ub :	486.3919	370.7359	248.1846
		lb :	466.6081	356.2641	233.8154
		A:
			-0.0733	-0.8447	0.5301
			-0.8879	-0.4367	-0.1448
			-0.1515	-0.6504	0.7443
			0.4002	-0.6926	0.6001
			-0.1342	-0.0243	-0.9907
			0.4535	-0.6534	-0.6061
			0.0001	0.7395	0.6731
			0.9827	0.1246	-0.1371
			-0.1853	0.6615	-0.7267
			-0.0001	-0.7395	-0.6731
			-0.9827	-0.1246	0.1371
			0.1853	-0.6615	0.7267
		b:
			-210.2889
			-607.784
			-125.005
			87.2003
			-307.177
			-161.0175
			436.5929
			490.0168
			-19.9785
			-425.5929
			-471.0168
			25.9785
	==================================================================================
	Q4:
		Shape: Polyhedra
		q_c:	484.5	363.0	251.5
		ub :	494.8069	368.7973	262.5468
		lb :	474.1931	357.2027	240.4532
		A:
			0.7457	-0.6324	0.2098
			-0.7633	0.6227	-0.1718
			0.8303	-0.5334	0.1614
			0.3436	-0.7381	0.5807
			-0.6989	0.6684	-0.2545
			0.5971	-0.3104	0.7397
			0.8133	0.2523	0.5243
			-0.5404	-0.0061	0.8414
			0.2155	-0.9676	0.1313
			-0.8133	-0.2523	-0.5243
			0.5404	0.0061	-0.8414
			-0.2155	0.9676	-0.1313
		b:
			189.6505
			-181.7524
			254.7049
			49.8454
			-155.0667
			368.3079
			622.992
			-43.4611
			-209.3058
			-611.992
			61.4611
			218.3058
	==================================================================================
	Q5:
		Shape: Hybrid
		q_c:	498.0	365.5	254.0
		ub :	504.3888	373.0563	261.8855
		lb :	491.6112	357.9437	246.1145
		P^-1:
			0.068	0.0294	0.0187
			0.0294	0.067	0.0232
			0.0187	0.0232	0.0492
		A:
			0.6287	0.7608	0.1611
			0.859	0.2706	0.4347
			0.1448	0.9695	0.1978
			0.9297	-0.0113	0.3682
			0.2176	0.9099	0.3532
			0.7454	0.2428	0.6208
		b:
			633.8567
			639.0893
			479.1677
			555.031
			532.772
			619.7581
	==================================================================================
	Q6:
		Shape: Hybrid
		q_c:	497.0	363.0	251.5
		ub :	504.6763	366.3409	259.5287
		lb :	489.3237	359.6591	243.4713
		P^-1:
			0.0443	0.0055	-0.0229
			0.0055	0.4202	-0.0956
			-0.0229	-0.0956	0.0629
		A:
			0.0602	-0.9865	0.1525
			0.6133	-0.7746	0.1548
			0.3565	0.8185	-0.4505
			-0.9129	0.4081	0.0045
			0.1487	-0.4223	0.8942
			-0.5573	-0.7822	0.2785
		b:
			-288.967
			65.3817
			362.3893
			-300.3668
			149.8229
			-488.6017


===========================================================================================
===========================================================================================
S5:
	q_c:	221.5	434.5	336.0
	ub :	238.4688	448.3993	344.0972
	lb :	204.197	420.9314	320.9105

	==================================================================================
	Q1:
		Shape: Polyhedra
		q_c:	219.0	436.0	333.0
		ub :	224.5615	443.1217	340.9208
		lb :	213.4385	428.8783	325.0792
		A:
			0.5767	-0.8022	0.1544
			-0.8267	0.5621	-0.0235
			0.7314	-0.6138	0.297
			-0.9287	0.304	-0.2123
			0.1367	-0.9578	0.2529
			-0.8176	0.2454	0.5209
			0.7219	0.6434	0.2547
			-0.0369	-0.3318	0.9426
			0.691	-0.6899	-0.2158
			-0.7219	-0.6434	-0.2547
			0.0369	0.3318	-0.9426
			-0.691	0.6899	0.2158
		b:
			-168.2781
			59.4734
			-4.4802
			-137.7285
			-298.8112
			105.4644
			527.9515
			167.6459
			-218.3064
			-518.9515
			-154.6459
			224.3064
	==================================================================================
	Q2:
		Shape: Ellipse
		q_c:	209.5	425.5	330.0
		ub :	214.803	430.0686	335.4493
		lb :	204.197	420.9314	324.5507
		P^-1:
			0.0798	0.011	0.0205
			0.011	0.1072	-0.0072
			0.0205	-0.0072	0.0977
	==================================================================================
	Q3:
		Shape: Hybrid
		q_c:	232.0	441.5	336.5
		ub :	238.4688	447.5642	343.502
		lb :	225.5312	435.4358	329.498
		P^-1:
			0.0759	0.043	0.0333
			0.043	0.1006	0.0355
			0.0333	0.0355	0.0729
		A:
			0.2898	0.1052	0.9513
			0.0095	-0.5709	-0.821
			-0.6472	-0.4576	-0.6097
			-0.9031	0.1788	-0.3903
			0.3887	0.2174	-0.8953
			-0.8309	-0.4613	-0.3111
		b:
			436.2909
			-523.7011
			-555.8821
			-259.0097
			-111.5902
			-499.3607
	==================================================================================
	Q4:
		Shape: Ellipse
		q_c:	227.0	433.0	336.5
		ub :	234.6114	439.4569	344.0972
		lb :	219.3886	426.5431	328.9028
		P^-1:
			0.055	-0.0171	0.0056
			-0.0171	0.0541	-0.017
			0.0056	-0.017	0.055
	==================================================================================
	Q5:
		Shape: Ellipse
		q_c:	231.0	436.5	328.0
		ub :	237.2803	442.7806	331.9863
		lb :	224.7197	430.2194	324.0137
		P^-1:
			0.0762	-0.0258	-0.0578
			-0.0258	0.0751	0.0502
			-0.0578	0.0502	0.2106
	==================================================================================
	Q6:
		Shape: Hybrid
		q_c:	228.5	443.0	325.5
		ub :	233.6281	448.3993	330.0895
		lb :	223.3719	437.6007	320.9105
		P^-1:
			0.0975	0.013	0.0069
			0.013	0.0923	0.0056
			0.0069	0.0056	0.0846
		A:
			-0.7115	-0.1275	0.6911
			-0.8946	-0.4234	0.1431
			-0.765	0.0482	-0.6422
			0.8782	-0.2327	-0.4179
			-0.9978	-0.0653	-0.0101
			-0.9382	0.1532	-0.3105
		b:
			7.8274
			-343.738
			-360.758
			-36.488
			-258.5305
			-245.8013


===========================================================================================
===========================================================================================
S6:
	q_c:	401.5	386.5	90.5
	ub :	410.4438	390.321	99.0481
	lb :	394.3408	377.9493	82.6076

	==================================================================================
	Q1:
		Shape: Hybrid
		q_c:	404.0	386.5	90.5
		ub :	407.119	390.321	93.617
		lb :	400.881	382.679	87.383
		P^-1:
			0.2258	0.049	-0.021
			0.049	0.2139	0.1343
			-0.021	0.1343	0.3659
		A:
			0.9636	0.2664	0.0218
			0.6793	-0.4422	-0.5856
			-0.7251	-0.2571	-0.6389
			-0.6704	-0.3232	0.6679
			-0.529	0.4799	-0.6999
			-0.5199	-0.6463	-0.5587
		b:
			495.5102
			51.7359
			-448.8853
			-334.0341
			-89.5148
			-509.4312
	==================================================================================
	Q2:
		Shape: Ellipse
		q_c:	399.0	384.0	94.0
		ub :	401.5919	386.4204	96.2317
		lb :	396.4081	381.5796	91.7683
		P^-1:
			0.4444	0.0	0.0
			0.0	0.4444	0.0
			0.0	0.0	0.4444
	==================================================================================
	Q3:
		Shape: Polyhedra
		q_c:	398.0	381.5	95.5
		ub :	401.6592	385.0507	99.0481
		lb :	394.3408	377.9493	91.9519
		A:
			-0.7893	-0.4069	-0.4597
			-0.2031	-0.8475	-0.4904
			0.2273	-0.969	-0.0968
			0.8686	-0.4934	-0.0454
			0.7523	-0.0287	0.6582
			-0.965	0.1774	0.1931
			0.3326	0.6601	0.6735
			0.5362	0.4551	-0.7109
			-0.7758	0.5976	-0.2026
			-0.3326	-0.6601	-0.6735
			-0.5362	-0.4551	0.7109
			0.7758	-0.5976	0.2026
		b:
			-511.5258
			-449.4131
			-286.5423
			155.2367
			353.1196
			-295.5833
			450.0335
			322.1555
			-98.1198
			-447.0335
			-316.1555
			102.1198
	==================================================================================
	Q4:
		Shape: Ellipse
		q_c:	403.5	387.5	87.0
		ub :	405.4217	389.3756	88.7249
		lb :	401.5783	385.6244	85.2751
		P^-1:
			0.5616	0.1948	0.1158
			0.1948	0.9135	-0.0515
			0.1158	-0.0515	0.9694
	==================================================================================
	Q5:
		Shape: Ellipse
		q_c:	405.5	384.0	87.5
		ub :	410.4438	388.2324	92.3924
		lb :	400.5562	379.7676	82.6076
		P^-1:
			0.107	0.0219	0.0337
			0.0219	0.1932	0.0677
			0.0337	0.0677	0.1425
	==================================================================================
	Q6:
		Shape: Ellipse
		q_c:	404.0	382.5	91.5
		ub :	406.1221	385.246	93.9088
		lb :	401.8779	379.754	89.0912
		P^-1:
			2.5375	0.1844	1.8197
			0.1844	0.2649	0.1467
			1.8197	0.1467	1.6976


===========================================================================================
===========================================================================================
S7:
	q_c:	479.5	25.5	229.5
	ub :	487.8719	29.229	233.0241
	lb :	471.365	16.9059	220.3342

	==================================================================================
	Q1:
		Shape: Hybrid
		q_c:	474.5	25.0	226.5
		ub :	477.635	27.708	230.1183
		lb :	471.365	22.292	222.8817
		P^-1:
			0.3977	0.3791	0.0282
			0.3791	0.7531	0.0674
			0.0282	0.0674	0.1203
		A:
			0.6622	-0.728	0.1773
			-0.6539	-0.7238	0.2201
			0.2539	0.7958	0.5497
			0.483	-0.8391	0.2503
			0.2761	0.5914	0.7577
			-0.3754	-0.8927	0.2493
		b:
			338.2151
			-277.6998
			266.0817
			266.8274
			319.0966
			-143.0316
	==================================================================================
	Q2:
		Shape: Hybrid
		q_c:	484.0	21.5	226.0
		ub :	487.8719	26.0941	230.3428
		lb :	480.1281	16.9059	221.6572
		P^-1:
			0.1591	-0.0037	0.0055
			-0.0037	0.1454	0.0221
			0.0055	0.0221	0.1266
		A:
			-0.8336	-0.5065	0.2204
			0.973	-0.1997	0.1157
			0.1842	-0.6246	-0.7589
			-0.8692	-0.198	0.4532
			-0.4817	-0.801	0.3555
			0.4599	0.8688	-0.1837
		b:
			-363.1038
			494.0282
			-94.464
			-321.0676
			-168.4665
			201.2419
	==================================================================================
	Q3:
		Shape: Polyhedra
		q_c:	482.5	22.5	226.0
		ub :	486.2601	24.9638	229.8879
		lb :	478.7399	20.0362	222.1121
		A:
			-0.0176	-0.611	0.7914
			0.2075	-0.9713	0.1161
			0.2997	-0.3753	0.8771
			-0.2694	-0.961	0.0632
			-0.2499	0.9358	0.2487
			-0.338	0.8925	-0.2986
			0.7105	0.3903	0.5856
			-0.6659	0.1036	0.7388
			0.2277	-0.9148	0.3335
			-0.7105	-0.3903	-0.5856
			0.6659	-0.1036	-0.7388
			-0.2277	0.9148	-0.3335
		b:
			158.6776
			106.0929
			336.3595
			-135.6219
			-41.3883
			-208.9477
			485.9201
			-148.9716
			166.1646
			-481.9201
			154.9716
			-163.1646
	==================================================================================
	Q4:
		Shape: Polyhedra
		q_c:	484.0	21.0	229.5
		ub :	487.2035	24.3923	233.0241
		lb :	480.7965	17.6077	225.9759
		A:
			0.0384	-0.789	-0.6132
			-0.6181	0.1319	0.775
			-0.7519	-0.5014	-0.4282
			-0.1364	-0.5845	-0.7999
			-0.5797	-0.7932	0.1863
			-0.5157	-0.7744	-0.3666
			0.9101	0.1792	0.3736
			0.0415	-0.9365	0.3483
			0.4123	-0.3015	-0.8597
			-0.9101	-0.1792	-0.3736
			-0.0415	0.9365	-0.3483
			-0.4123	0.3015	0.8597
		b:
			-136.5185
			-116.4742
			-470.2199
			-259.6584
			-251.9827
			-347.5317
			532.4963
			82.839
			-2.0997
			-527.4963
			-77.839
			6.0997
	==================================================================================
	Q5:
		Shape: Polyhedra
		q_c:	483.5	27.0	227.0
		ub :	485.6554	29.229	229.7829
		lb :	481.3446	24.771	224.2171
		A:
			-0.8283	-0.2464	-0.5031
			-0.7636	0.0095	-0.6456
			0.7425	0.6375	0.2057
			0.4935	-0.3769	-0.7838
			0.0141	-0.6634	0.7482
			-0.5642	0.5126	-0.6473
			0.3532	0.3399	0.8716
			-0.935	0.0974	0.3409
			0.031	-0.9354	0.3522
			-0.3532	-0.3399	-0.8716
			0.935	-0.0974	-0.3409
			-0.031	0.9354	-0.3522
		b:
			-519.5157
			-513.6357
			424.6476
			52.2297
			160.3551
			-404.1767
			379.7983
			-370.578
			71.1901
			-375.7983
			373.578
			-68.1901
	==================================================================================
	Q6:
		Shape: Ellipse
		q_c:	482.0	21.5	223.0
		ub :	484.3392	23.9854	225.6658
		lb :	479.6608	19.0146	220.3342
		P^-1:
			0.4382	0.0315	-0.0132
			0.0315	0.2845	0.0673
			-0.0132	0.0673	0.4162


===========================================================================================
===========================================================================================
S8:
	q_c:	172.0	320.5	199.5
	ub :	178.9835	329.2786	209.8045
	lb :	165.2434	310.8085	192.2688

	==================================================================================
	Q1:
		Shape: Hybrid
		q_c:	175.0	320.5	197.0
		ub :	178.415	324.1176	200.1204
		lb :	171.585	316.8824	193.8796
		P^-1:
			0.309	0.0484	-0.1091
			0.0484	0.1403	0.03
			-0.1091	0.03	0.3563
		A:
			0.8779	-0.1525	-0.454
			-0.2809	0.6501	0.706
			0.5112	-0.4369	-0.7401
			-0.0085	-0.6826	-0.7308
			0.75	-0.5538	0.3616
			-0.3122	0.8259	0.4694
		b:
			16.3427
			299.5999
			-195.2786
			-362.8846
			27.0031
			304.2621
	==================================================================================
	Q2:
		Shape: Ellipse
		q_c:	175.0	322.0	205.0
		ub :	178.6759	325.1985	209.8045
		lb :	171.3241	318.8015	200.1955
		P^-1:
			0.1532	-0.0318	-0.0155
			-0.0318	0.3749	-0.1436
			-0.0155	-0.1436	0.1389
	==================================================================================
	Q3:
		Shape: Ellipse
		q_c:	168.5	319.0	206.0
		ub :	171.6863	322.7985	209.7368
		lb :	165.3137	315.2015	202.2632
		P^-1:
			0.3279	-0.0612	-0.1258
			-0.0612	0.1823	0.0459
			-0.1258	0.0459	0.2542
	==================================================================================
	Q4:
		Shape: Ellipse
		q_c:	173.5	314.0	200.0
		ub :	176.9255	317.1915	203.4991
		lb :	170.0745	310.8085	196.5009
		P^-1:
			0.2361	-0.1228	-0.0279
			-0.1228	0.3581	0.045
			-0.0279	0.045	0.1702
	==================================================================================
	Q5:
		Shape: Polyhedra
		q_c:	175.5	324.5	196.0
		ub :	178.9835	326.7982	199.4916
		lb :	172.0165	322.2018	192.5084
		A:
			0.0994	-0.4732	0.8753
			-0.0965	-0.9027	-0.4193
			-0.5796	0.7523	-0.3132
			-0.5538	-0.8156	0.1678
			-0.1745	0.9843	-0.0265
			0.6182	-0.703	0.3515
			0.7784	0.0225	0.6274
			-0.5675	0.4523	0.688
			-0.2683	-0.8916	0.3648
			-0.7784	-0.0225	-0.6274
			0.5675	-0.4523	-0.688
			0.2683	0.8916	-0.3648
		b:
			37.442
			-390.1724
			83.0451
			-327.2907
			285.2659
			-48.6395
			269.3643
			184.0166
			-263.396
			-264.3643
			-180.0166
			266.396
	==================================================================================
	Q6:
		Shape: Hybrid
		q_c:	167.5	324.5	197.0
		ub :	169.7566	329.2786	201.7312
		lb :	165.2434	319.7214	192.2688
		P^-1:
			0.4301	-0.0573	-0.0414
			-0.0573	0.1057	-0.0079
			-0.0414	-0.0079	0.1014
		A:
			-0.9873	-0.1589	-0.0074
			0.9157	-0.2199	-0.3363
			-0.7969	0.4594	0.3924
			-0.3788	-0.0855	0.9215
			0.8705	0.342	0.3539
			0.3191	0.2465	0.9151
		b:
			-217.3247
			16.6846
			94.1783
			92.4878
			328.3023
			316.3089


===========================================================================================
===========================================================================================
S9:
	q_c:	256.5	49.5	376.5
	ub :	305.0961	78.628	424.4949
	lb :	214.478	13.0775	352.4366

	==================================================================================
	Q1:
		Shape: Ellipse
		q_c:	228.5	30.5	397.5
		ub :	242.522	47.9225	412.4479
		lb :	214.478	13.0775	382.5521
		P^-1:
			0.0395	0.0077	-0.0263
			0.0077	0.0083	-0.0049
			-0.0263	-0.0049	0.0289
	==================================================================================
	Q2:
		Shape: Hybrid
		q_c:	279.5	45.5	398.5
		ub :	305.0961	71.5033	424.4949
		lb :	253.9039	19.4967	372.5051
		P^-1:
			0.0052	-0.0017	-0.0001
			-0.0017	0.0051	-0.0007
			-0.0001	-0.0007	0.0033
		A:
			0.5385	0.8358	-0.1072
			0.3791	0.624	-0.6833
			-0.705	-0.1294	0.6973
			0.3827	-0.527	-0.7588
			-0.3557	0.9333	-0.0494
			-0.7144	0.1092	0.6912
		b:
			156.6896
			-128.153
			84.6732
			-208.9502
			-69.542
			90.0869
	==================================================================================
	Q3:
		Shape: Polyhedra
		q_c:	232.5	43.0	380.5
		ub :	247.4242	56.656	392.8759
		lb :	217.5758	29.344	368.1241
		A:
			0.1869	0.4292	-0.8836
			0.8852	-0.2503	-0.3922
			-0.4443	-0.347	-0.826
			-0.0471	0.8431	-0.5357
			0.3993	-0.8533	0.3353
			-0.8633	-0.3635	0.3501
			0.0812	0.9424	0.3245
			0.0169	0.3242	-0.9458
			-0.9966	0.0823	0.0104
			-0.0812	-0.9424	-0.3245
			-0.0169	-0.3242	0.9458
			0.9966	-0.0823	-0.0104
		b:
			-264.6589
			59.1432
			-421.9309
			-168.7634
			194.5712
			-70.3073
			192.8765
			-332.5105
			-210.2108
			-172.8765
			351.5105
			238.2108
	==================================================================================
	Q4:
		Shape: Hybrid
		q_c:	237.5	61.0	386.5
		ub :	255.8855	78.628	402.7332
		lb :	219.1145	43.372	370.2668
		P^-1:
			0.0097	-0.0002	0.0026
			-0.0002	0.0098	0.0022
			0.0026	0.0022	0.0083
		A:
			-0.5442	-0.6835	-0.4866
			0.2259	0.9382	0.2623
			-0.1726	0.9091	-0.3791
			0.4062	0.3501	-0.844
			-0.9901	-0.1012	-0.0977
			-0.5712	-0.1267	-0.811
		b:
			-354.2935
			217.5685
			-125.273
			-199.4559
			-273.1752
			-451.803
	==================================================================================
	Q5:
		Shape: Ellipse
		q_c:	272.5	34.5	382.0
		ub :	289.4138	46.0273	399.407
		lb :	255.5862	22.9727	364.593
		P^-1:
			0.0135	0.0021	0.0064
			0.0021	0.0158	0.0022
			0.0064	0.0022	0.01
	==================================================================================
	Q6:
		Shape: Ellipse
		q_c:	238.5	26.5	365.0
		ub :	251.7229	38.4056	377.5634
		lb :	225.2771	14.5944	352.4366
		P^-1:
			0.0059	0.0	0.0
			0.0	0.0076	-0.0
			0.0	-0.0	0.0069


===========================================================================================
===========================================================================================
S10:
	q_c:	426.5	285.0	352.0
	ub :	458.4544	321.5363	376.8751
	lb :	387.2271	240.8421	312.3709

	==================================================================================
	Q1:
		Shape: Hybrid
		q_c:	442.0	306.5	344.0
		ub :	456.9762	317.0443	359.4358
		lb :	427.0238	295.9557	328.5642
		P^-1:
			0.0165	-0.0092	0.0049
			-0.0092	0.0252	-0.0051
			0.0049	-0.0051	0.0094
		A:
			-0.5244	0.8341	-0.1711
			-0.3839	0.9068	0.1739
			-0.0241	0.3332	-0.9425
			0.735	-0.6715	0.0939
			-0.7605	0.1133	0.6394
			0.3045	0.4385	0.8456
		b:
			-32.0893
			172.4425
			-225.0338
			154.872
			-72.848
			567.7434
	==================================================================================
	Q2:
		Shape: Hybrid
		q_c:	432.0	294.0	355.0
		ub :	451.4306	317.0307	376.8751
		lb :	412.5694	270.9693	333.1249
		P^-1:
			0.0067	0.0008	-0.0022
			0.0008	0.0046	-0.0019
			-0.0022	-0.0019	0.0075
		A:
			-0.0245	-0.6662	-0.7454
			-0.7383	-0.1776	0.6507
			0.5733	-0.3538	-0.739
			0.2426	0.8668	-0.4357
			-0.4219	0.2912	-0.8586
			-0.302	-0.8495	0.4326
		b:
			-460.0882
			-134.8013
			-110.7669
			212.7926
			-393.1432
			-218.9747
	==================================================================================
	Q3:
		Shape: Polyhedra
		q_c:	403.5	260.0	337.5
		ub :	419.7729	279.1579	355.9211
		lb :	387.2271	240.8421	319.0789
		A:
			-0.7872	0.3703	0.4931
			0.369	0.7593	-0.536
			-0.853	-0.2149	-0.4756
			0.9763	0.0856	-0.1987
			-0.0591	0.0074	0.9982
			0.1063	-0.9532	-0.283
			0.2167	0.7281	0.6503
			-0.7515	-0.3007	0.5872
			0.6231	-0.6159	0.482
			-0.2167	-0.7281	-0.6503
			0.7515	0.3007	-0.5872
			-0.6231	0.6159	-0.482
		b:
			-45.1411
			174.8501
			-548.6802
			358.0225
			325.6669
			-288.037
			508.2235
			-176.2572
			267.4635
			-484.2235
			190.2572
			-240.4635
	==================================================================================
	Q4:
		Shape: Hybrid
		q_c:	430.0	294.5	343.0
		ub :	436.3499	306.5425	353.3672
		lb :	423.6501	282.4575	332.6328
		P^-1:
			0.0604	-0.0099	0.0004
			-0.0099	0.0162	0.0054
			0.0004	0.0054	0.0207
		A:
			0.7119	-0.1847	0.6776
			-0.9221	0.3703	0.1125
			0.9966	0.002	-0.0829
			-0.9089	-0.1249	-0.3979
			0.1642	0.8191	-0.5496
			0.5238	0.3469	0.778
		b:
			488.0456
			-246.6522
			403.1042
			-561.2393
			130.7829
			598.3677
	==================================================================================
	Q5:
		Shape: Hybrid
		q_c:	448.5	264.5	357.0
		ub :	458.4544	274.2307	367.9148
		lb :	438.5456	254.7693	346.0852
		P^-1:
			0.0396	0.0003	0.0126
			0.0003	0.0397	-0.0116
			0.0126	-0.0116	0.02
		A:
			-0.7542	-0.6556	0.0371
			0.4519	-0.866	0.2143
			0.1035	0.9884	-0.111
			-0.7182	-0.0898	-0.69
			-0.4276	0.6256	-0.6526
			-0.6894	-0.1175	-0.7148
		b:
			-495.6033
			53.0513
			271.1082
			-588.7909
			-256.7011
			-591.8154
	==================================================================================
	Q6:
		Shape: Polyhedra
		q_c:	415.5	305.5	326.0
		ub :	430.9583	321.5363	339.6291
		lb :	400.0417	289.4637	312.3709
		A:
			0.6624	-0.3838	0.6434
			0.3605	-0.6713	-0.6476
			0.276	-0.4685	0.8392
			0.7015	-0.3791	0.6035
			0.4608	-0.8256	-0.3256
			-0.8752	-0.0741	-0.478
			0.4808	0.343	0.807
			-0.4745	-0.6722	0.5684
			0.7374	-0.6562	-0.1604
			-0.4808	-0.343	-0.807
			0.4745	0.6722	-0.5684
			-0.7374	0.6562	0.1604
		b:
			376.0681
			-257.9835
			254.6091
			380.69
			-158.0109
			-534.3194
			574.6252
			-205.6921
			62.6254
			-560.6252
			228.6921
			-44.6254


===========================================================================================
===========================================================================================
S11:
	q_c:	412.5	11.0	477.5
	ub :	419.5617	16.6234	482.4918
	lb :	409.3001	5.3451	472.1523

	==================================================================================
	Q1:
		Shape: Ellipse
		q_c:	414.0	10.0	480.0
		ub :	415.8663	10.9682	481.8162
		lb :	412.1337	9.0318	478.1838
		P^-1:
			0.969	-0.8841	-0.5182
			-0.8841	3.4986	0.6941
			-0.5182	0.6941	0.9768
	==================================================================================
	Q2:
		Shape: Ellipse
		q_c:	412.0	8.0	480.0
		ub :	414.6999	10.6549	482.4918
		lb :	409.3001	5.3451	477.5082
		P^-1:
			0.633	-0.3184	0.1397
			-0.3184	0.4237	-0.2248
			0.1397	-0.2248	0.5477
	==================================================================================
	Q3:
		Shape: Ellipse
		q_c:	413.5	12.0	476.0
		ub :	416.5651	14.8906	478.1563
		lb :	410.4349	9.1094	473.8437
		P^-1:
			0.2613	0.0032	-0.0453
			0.0032	0.2509	-0.013
			-0.0453	-0.013	0.4322
	==================================================================================
	Q4:
		Shape: Ellipse
		q_c:	417.0	12.5	479.0
		ub :	419.5617	14.6764	481.3787
		lb :	414.4383	10.3236	476.6213
		P^-1:
			0.4444	0.0	0.0
			0.0	0.4444	0.0
			0.0	0.0	0.4444
	==================================================================================
	Q5:
		Shape: Polyhedra
		q_c:	416.0	14.0	475.5
		ub :	417.9243	16.6234	478.1813
		lb :	414.0757	11.3766	472.8187
		A:
			-0.3433	-0.9138	-0.217
			0.4638	-0.2183	0.8586
			0.2998	0.9475	0.1111
			-0.5733	0.3931	0.7189
			0.1713	-0.7106	-0.6824
			-0.8304	0.4163	-0.3702
			0.7204	0.473	0.5072
			-0.6892	0.5697	0.4477
			-0.0772	-0.6721	0.7364
			-0.7204	-0.473	-0.5072
			0.6892	-0.5697	-0.4477
			0.0772	0.6721	-0.7364
		b:
			-257.2151
			599.9617
			192.4141
			110.0053
			-262.0034
			-514.2182
			548.99
			-64.8766
			310.6539
			-545.99
			66.8766
			-306.6539
	==================================================================================
	Q6:
		Shape: Hybrid
		q_c:	414.5	12.0	475.0
		ub :	417.6363	15.0524	477.8477
		lb :	411.3637	8.9476	472.1523
		P^-1:
			0.3286	0.0275	-0.0914
			0.0275	0.2596	-0.032
			-0.0914	-0.032	0.3562
		A:
			-0.0545	-0.9907	-0.1245
			-0.9044	0.1636	-0.3941
			0.7027	-0.6311	-0.3285
			-0.0367	-0.0578	0.9977
			-0.509	0.1177	-0.8527
			0.8734	0.4498	-0.1865
		b:
			-92.3632
			-558.8848
			128.7775
			458.9583
			-613.3892
			279.8013


===========================================================================================
===========================================================================================
