3D_40_7_6_a                l = 3

===========================================================================================
===========================================================================================
S1:
	q_c:	447.5	95.0	498.5
	ub :	464.9738	114.5325	519.975
	lb :	430.7702	76.5503	482.7416

	==================================================================================
	Q1:
		Shape: Polyhedra
		q_c:	457.0	95.5	509.0
		ub :	464.9738	104.4717	516.9561
		lb :	449.0262	86.5283	501.0439
		A:
			-0.4932	-0.6807	-0.5417
			0.2119	0.8017	0.5589
			-0.9709	-0.1929	-0.1422
			0.447	0.3065	0.8404
			-0.2392	0.3795	-0.8937
			0.709	0.1506	0.6889
			0.0498	0.5406	0.8398
			-0.7538	0.572	-0.3235
			-0.6552	-0.6169	0.436
			-0.0498	-0.5406	-0.8398
			0.7538	-0.572	0.3235
			0.6552	0.6169	-0.436
		b:
			-561.3064
			462.5531
			-529.0516
			666.0173
			-522.7791
			694.1052
			506.3656
			-448.9896
			-130.9565
			-497.3656
			459.9896
			141.9565
	==================================================================================
	Q2:
		Shape: Ellipse
		q_c:	440.5	107.5	500.5
		ub :	448.7225	114.5325	507.6866
		lb :	432.2775	100.4675	493.3134
		P^-1:
			0.0395	0.0	0.0018
			0.0	0.04	-0.0
			0.0018	-0.0	0.0336
	==================================================================================
	Q3:
		Shape: Ellipse
		q_c:	438.0	89.0	497.5
		ub :	445.2298	94.4116	503.6434
		lb :	430.7702	83.5884	491.3566
		P^-1:
			0.0667	0.0596	0.0049
			0.0596	0.1202	0.0112
			0.0049	0.0112	0.0409
	==================================================================================
	Q4:
		Shape: Ellipse
		q_c:	444.5	100.0	506.5
		ub :	448.4428	104.5991	510.4877
		lb :	440.5572	95.4009	502.5123
		P^-1:
			0.1111	0.0	-0.0
			0.0	0.1111	0.0
			-0.0	0.0	0.1111
	==================================================================================
	Q5:
		Shape: Polyhedra
		q_c:	441.5	87.5	509.5
		ub :	451.6118	98.4497	519.975
		lb :	431.3882	76.5503	499.025
		A:
			0.9632	-0.2042	-0.1747
			-0.0643	0.5508	-0.8322
			0.7842	0.5283	0.3255
			0.3348	-0.6302	0.7006
			-0.6706	-0.027	-0.7413
			0.2508	0.9613	-0.1137
			0.288	0.4899	0.8229
			-0.7978	-0.3526	0.4891
			0.5298	-0.7973	0.2893
			-0.288	-0.4899	-0.8229
			0.7978	0.3526	-0.4891
			-0.5298	0.7973	-0.2893
		b:
			324.4909
			-397.5984
			564.6926
			456.4977
			-669.1843
			143.445
			596.2421
			-128.3616
			318.5182
			-582.2421
			139.3616
			-304.5182
	==================================================================================
	Q6:
		Shape: Hybrid
		q_c:	437.0	93.5	488.0
		ub :	441.8155	99.8559	493.2584
		lb :	432.1845	87.1441	482.7416
		P^-1:
			0.1515	0.0292	-0.0123
			0.0292	0.0594	0.0424
			-0.0123	0.0424	0.1422
		A:
			-0.0718	0.6996	-0.7109
			-0.1179	0.4465	-0.887
			-0.3245	0.6122	-0.7211
			0.1936	-0.2469	-0.9495
			-0.556	0.1072	-0.8242
			0.4194	0.1314	-0.8983
		b:
			-309.0195
			-439.4171
			-432.618
			-400.5699
			-632.763
			-241.0238


===========================================================================================
===========================================================================================
S2:
	q_c:	24.0	210.5	228.0
	ub :	45.6197	233.0607	236.7576
	lb :	4.1242	192.333	205.5717

	==================================================================================
	Q1:
		Shape: Ellipse
		q_c:	19.0	216.0	214.5
		ub :	26.4387	221.7467	222.2734
		lb :	11.5613	210.2533	206.7266
		P^-1:
			0.0483	-0.0169	0.0067
			-0.0169	0.0715	-0.006
			0.0067	-0.006	0.0255
	==================================================================================
	Q2:
		Shape: Hybrid
		q_c:	38.0	218.5	223.0
		ub :	45.6197	228.6127	231.4811
		lb :	30.3803	208.3873	214.5189
		P^-1:
			0.0412	-0.0008	-0.0088
			-0.0008	0.0294	-0.0197
			-0.0088	-0.0197	0.0475
		A:
			0.2521	-0.9209	0.2973
			0.5185	-0.6778	-0.5212
			-0.7498	0.6492	0.1276
			0.0599	0.3308	-0.9418
			0.1048	-0.1482	0.9834
			-0.6301	-0.7764	0.0148
		b:
			-121.648
			-239.9541
			145.4928
			-133.0832
			194.0529
			-185.6492
	==================================================================================
	Q3:
		Shape: Ellipse
		q_c:	18.0	199.0	218.0
		ub :	22.5881	205.667	225.1015
		lb :	13.4119	192.333	210.8985
		P^-1:
			0.213	0.0631	0.0526
			0.0631	0.0838	-0.0083
			0.0526	-0.0083	0.0627
	==================================================================================
	Q4:
		Shape: Polyhedra
		q_c:	17.0	219.5	214.0
		ub :	23.7707	227.1142	222.4283
		lb :	10.2293	211.8858	205.5717
		A:
			0.6596	0.5283	0.5346
			-0.0592	0.5977	0.7995
			0.88	0.0088	0.4748
			0.6372	0.7167	0.2834
			-0.0328	-0.9711	-0.2364
			-0.2259	0.9482	0.2232
			0.4948	0.8169	0.2964
			0.0104	0.3355	-0.942
			-0.869	0.4691	0.1575
			-0.4948	-0.8169	-0.2964
			-0.0104	-0.3355	0.942
			0.869	-0.4691	-0.1575
		b:
			245.408
			306.4764
			123.9211
			231.9271
			-260.3924
			256.7238
			254.1546
			-120.7599
			127.918
			-248.1546
			134.7599
			-115.918
	==================================================================================
	Q5:
		Shape: Polyhedra
		q_c:	11.0	206.0	228.0
		ub :	17.8758	214.8788	236.6872
		lb :	4.1242	197.1212	219.3128
		A:
			-0.8009	0.2508	-0.5437
			-0.8136	-0.3831	0.4374
			-0.9415	0.1492	-0.3022
			0.5464	0.2238	0.8071
			-0.746	-0.2325	-0.6241
			-0.0427	0.8484	0.5276
			0.6026	0.4968	0.6246
			-0.1537	0.8402	-0.52
			-0.7831	0.2174	0.5826
			-0.6026	-0.4968	-0.6246
			0.1537	-0.8402	0.52
			0.7831	-0.2174	-0.5826
		b:
			-75.6993
			17.1547
			-43.6971
			239.8521
			-194.88
			299.3682
			254.3722
			60.3242
			174.0049
			-248.3722
			-45.3242
			-164.0049
	==================================================================================
	Q6:
		Shape: Ellipse
		q_c:	31.5	224.5	229.0
		ub :	39.5448	233.0607	236.7576
		lb :	23.4552	215.9393	221.2424
		P^-1:
			0.0368	0.002	-0.0034
			0.002	0.0158	-0.0011
			-0.0034	-0.0011	0.036


===========================================================================================
===========================================================================================
S3:
	q_c:	283.0	278.5	211.0
	ub :	293.1021	283.2975	218.692
	lb :	274.5745	267.1689	207.2385

	==================================================================================
	Q1:
		Shape: Polyhedra
		q_c:	289.5	276.0	210.5
		ub :	293.1021	279.7778	213.6406
		lb :	285.8979	272.2222	207.3594
		A:
			-0.1165	-0.9022	0.4153
			-0.0751	-0.9894	0.1239
			-0.4091	-0.8719	0.2691
			0.5589	-0.5471	0.6232
			-0.5683	0.8026	0.1812
			-0.8781	0.2561	-0.4041
			0.7585	0.5311	0.3776
			0.6493	-0.6649	-0.3691
			0.055	0.5252	-0.8492
			-0.7585	-0.5311	-0.3776
			-0.6493	0.6649	0.3691
			-0.055	-0.5252	0.8492
		b:
			-193.439
			-266.5919
			-300.3739
			143.9064
			97.6032
			-266.2399
			448.161
			-70.7318
			-16.3855
			-443.161
			75.7318
			19.3855
	==================================================================================
	Q2:
		Shape: Polyhedra
		q_c:	286.0	273.5	215.5
		ub :	288.5215	277.3466	218.0158
		lb :	283.4785	269.6534	212.9842
		A:
			0.6306	0.2787	-0.7244
			0.7852	-0.2151	-0.5807
			-0.7735	0.3066	0.5547
			0.5811	0.1434	-0.8011
			0.821	0.2881	-0.4928
			0.124	-0.1567	0.9798
			0.5951	0.1699	0.7855
			-0.7886	-0.0651	0.6115
			0.1551	-0.9833	0.0952
			-0.5951	-0.1699	-0.7855
			0.7886	0.0651	-0.6115
			-0.1551	0.9833	-0.0952
		b:
			101.8008
			41.9569
			-16.2364
			33.9419
			208.6464
			205.6999
			387.9396
			-110.5765
			-200.5583
			-383.9396
			112.5765
			207.5583
	==================================================================================
	Q3:
		Shape: Hybrid
		q_c:	281.5	274.5	214.0
		ub :	284.7221	277.8873	216.957
		lb :	278.2779	271.1127	211.043
		P^-1:
			0.1124	0.0097	0.0181
			0.0097	0.1853	0.1383
			0.0181	0.1383	0.369
		A:
			0.6169	0.3533	-0.7033
			-0.0909	0.6045	0.7914
			0.0997	-0.3437	-0.9338
			0.3936	0.321	0.8614
			0.3013	0.4397	-0.8461
			-0.0178	-0.5917	-0.8059
		b:
			122.205
			310.56
			-265.2736
			384.2869
			26.39
			-339.1237
	==================================================================================
	Q4:
		Shape: Polyhedra
		q_c:	284.5	279.0	211.5
		ub :	289.0871	283.2975	215.747
		lb :	279.9129	274.7025	207.253
		A:
			0.5082	-0.6273	0.5902
			0.4017	-0.5153	0.757
			0.0714	0.5249	-0.8482
			0.0335	-0.164	0.9859
			-0.3372	0.6733	-0.658
			-0.5974	-0.6068	0.5242
			0.3684	0.6853	0.6282
			0.9292	-0.2493	-0.2729
			-0.0304	0.6843	-0.7286
			-0.3684	-0.6853	-0.6282
			-0.9292	0.2493	0.2729
			0.0304	-0.6843	0.7286
		b:
			96.5296
			132.5753
			-10.9853
			174.6031
			-45.4308
			-225.9118
			432.3745
			140.5627
			29.6771
			-425.3745
			-133.5627
			-26.6771
	==================================================================================
	Q5:
		Shape: Ellipse
		q_c:	281.5	272.5	212.5
		ub :	285.0899	277.8311	217.7615
		lb :	277.9101	267.1689	207.2385
		P^-1:
			0.16	0.0013	-0.0011
			0.0013	0.1023	0.0479
			-0.0011	0.0479	0.1202
	==================================================================================
	Q6:
		Shape: Polyhedra
		q_c:	278.5	277.5	214.5
		ub :	282.4255	280.7571	218.692
		lb :	274.5745	274.2429	210.308
		A:
			0.6492	-0.4778	0.5918
			-0.0984	0.9548	0.2805
			0.1835	-0.9647	-0.1889
			-0.1352	0.8729	0.4688
			0.6849	0.6333	0.3604
			0.0899	0.3714	-0.9241
			0.5706	0.8081	0.1465
			0.7752	-0.5888	0.2287
			0.271	-0.0169	-0.9624
			-0.5706	-0.8081	-0.1465
			-0.7752	0.5888	-0.2287
			-0.271	0.0169	0.9624
		b:
			177.4575
			300.171
			-254.762
			307.8271
			446.2897
			-66.8184
			417.0663
			103.5464
			-132.1534
			-412.0663
			-99.5464
			139.1534


===========================================================================================
===========================================================================================
S4:
	q_c:	96.0	85.5	196.0
	ub :	105.7266	93.6418	206.984
	lb :	84.6446	78.9712	186.2019

	==================================================================================
	Q1:
		Shape: Hybrid
		q_c:	90.0	86.0	201.0
		ub :	95.3554	91.941	206.984
		lb :	84.6446	80.059	195.016
		P^-1:
			0.0879	0.0181	0.0158
			0.0181	0.087	0.0017
			0.0158	0.0017	0.0803
		A:
			-0.7212	0.4605	-0.5175
			-0.2649	0.0962	-0.9595
			-0.7162	0.252	0.6508
			0.6513	0.6239	-0.432
			-0.0228	-0.9287	-0.3701
			-0.1267	0.2261	0.9658
		b:
			-127.327
			-206.496
			90.496
			27.3251
			-154.328
			204.3779
	==================================================================================
	Q2:
		Shape: Polyhedra
		q_c:	92.5	90.0	198.0
		ub :	95.0749	92.1313	201.0651
		lb :	89.9251	87.8687	194.9349
		A:
			0.2704	0.8563	-0.44
			-0.295	-0.4746	0.8293
			-0.1542	-0.7662	0.6238
			0.7315	-0.572	0.3711
			0.2734	-0.9586	-0.0792
			0.183	0.8299	-0.527
			0.5007	0.3515	0.7911
			-0.8653	0.23	0.4454
			-0.0254	-0.9075	0.4193
			-0.5007	-0.3515	-0.7911
			0.8653	-0.23	-0.4454
			0.0254	0.9075	-0.4193
		b:
			16.0093
			95.598
			41.3854
			91.2551
			-75.3761
			-11.6998
			237.0776
			30.3551
			0.0031
			-232.0776
			-27.3551
			1.9969
	==================================================================================
	Q3:
		Shape: Hybrid
		q_c:	94.0	89.0	196.0
		ub :	98.2958	93.0633	199.5784
		lb :	89.7042	84.9367	192.4216
		P^-1:
			0.192	0.072	-0.0349
			0.072	0.1606	0.0433
			-0.0349	0.0433	0.229
		A:
			0.788	0.3149	0.529
			-0.869	-0.1327	-0.4767
			0.3381	-0.1175	-0.9337
			0.068	0.76	0.6464
			0.8619	-0.507	0.0081
			-0.7324	0.6775	0.0681
		b:
			207.1213
			-185.3255
			-160.6751
			201.8783
			39.6895
			7.0523
	==================================================================================
	Q4:
		Shape: Ellipse
		q_c:	102.0	85.5	190.5
		ub :	105.7266	89.1814	194.4405
		lb :	98.2734	81.8186	186.5595
		P^-1:
			0.1909	-0.0737	-0.1217
			-0.0737	0.1791	0.1123
			-0.1217	0.1123	0.2966
	==================================================================================
	Q5:
		Shape: Ellipse
		q_c:	98.0	89.0	190.5
		ub :	101.8235	93.6418	194.7981
		lb :	94.1765	84.3582	186.2019
		P^-1:
			0.1881	0.0019	0.0473
			0.0019	0.1097	0.0514
			0.0473	0.0514	0.1939
	==================================================================================
	Q6:
		Shape: Hybrid
		q_c:	99.5	82.5	192.5
		ub :	101.0547	86.0288	194.3406
		lb :	97.9453	78.9712	190.6594
		P^-1:
			0.906	-0.0025	-0.2083
			-0.0025	0.0818	-0.0066
			-0.2083	-0.0066	0.5383
		A:
			0.4326	-0.1736	0.8847
			-0.4858	0.2413	0.8401
			0.0342	-0.8655	0.4997
			0.9297	0.215	0.2992
			0.918	-0.3258	0.2262
			-0.6054	0.3559	0.7119
		b:
			200.1083
			134.2414
			30.7749
			168.7769
			109.0955
			107.3107


===========================================================================================
===========================================================================================
S5:
	q_c:	161.5	28.5	255.5
	ub :	181.8522	48.4268	274.9468
	lb :	158.8135	14.8512	241.9978

	==================================================================================
	Q1:
		Shape: Ellipse
		q_c:	168.5	40.5	267.5
		ub :	176.8202	48.4268	274.9468
		lb :	160.1798	32.5732	260.0532
		P^-1:
			0.0393	0.0005	0.0029
			0.0005	0.0397	-0.0019
			0.0029	-0.0019	0.0288
	==================================================================================
	Q2:
		Shape: Polyhedra
		q_c:	165.5	20.5	261.0
		ub :	171.6077	26.1488	266.3892
		lb :	159.3923	14.8512	255.6108
		A:
			0.2383	-0.4563	-0.8573
			0.2485	0.4788	0.842
			-0.0535	-0.2047	0.9774
			0.2908	-0.2227	-0.9305
			0.9959	0.0872	-0.0257
			-0.7086	0.2169	0.6714
			0.9795	0.115	0.1657
			-0.1454	-0.1668	0.9752
			0.1398	-0.9793	-0.1467
			-0.9795	-0.115	-0.1657
			0.1454	0.1668	-0.9752
			-0.1398	0.9793	0.1467
		b:
			-189.4816
			275.0756
			246.0458
			-195.2087
			164.8744
			66.8265
			212.6988
			231.0513
			-30.7196
			-202.6988
			-223.0513
			39.7196
	==================================================================================
	Q3:
		Shape: Hybrid
		q_c:	173.5	38.0	262.0
		ub :	181.8522	43.1605	270.3798
		lb :	165.1478	32.8395	253.6202
		P^-1:
			0.031	0.0014	0.008
			0.0014	0.0492	-0.0016
			0.008	-0.0016	0.0328
		A:
			0.9137	-0.059	-0.4022
			-0.6276	0.3618	-0.6894
			0.3835	-0.6242	-0.6806
			-0.8664	-0.3977	0.3018
			0.228	-0.325	0.9178
			-0.1506	0.8638	-0.4808
		b:
			55.0358
			-273.078
			-131.8993
			-82.6606
			270.6459
			-116.8807
	==================================================================================
	Q4:
		Shape: Ellipse
		q_c:	167.0	26.0	259.5
		ub :	175.1865	35.6842	269.3819
		lb :	158.8135	16.3158	249.6181
		P^-1:
			0.0588	0.0278	0.0064
			0.0278	0.044	0.0069
			0.0064	0.0069	0.0229
	==================================================================================
	Q5:
		Shape: Hybrid
		q_c:	167.5	25.0	245.0
		ub :	171.6385	29.9294	248.0022
		lb :	163.3615	20.0706	241.9978
		P^-1:
			0.1394	-0.0423	-0.0009
			-0.0423	0.123	-0.1123
			-0.0009	-0.1123	0.4046
		A:
			-0.1046	0.2087	-0.9724
			0.9812	-0.183	0.0617
			-0.4533	-0.2278	0.8617
			0.0692	0.0181	-0.9974
			0.4609	-0.6841	0.5654
			-0.4351	0.5734	-0.6942
		b:
			-249.6907
			176.817
			130.6222
			-231.282
			199.9161
			-227.5555
	==================================================================================
	Q6:
		Shape: Hybrid
		q_c:	167.0	39.5	253.0
		ub :	175.0513	45.6871	259.7986
		lb :	158.9487	33.3129	246.2014
		P^-1:
			0.0328	-0.0238	0.0036
			-0.0238	0.1727	-0.0991
			0.0036	-0.0991	0.1176
		A:
			0.1834	0.7062	-0.6839
			-0.512	-0.8209	-0.253
			0.7852	-0.5717	-0.2379
			-0.1949	-0.9069	0.3736
			0.0507	-0.5092	-0.8592
			0.7049	0.6472	-0.2903
		b:
			-113.0197
			-177.2351
			51.9116
			28.2095
			-225.0245
			73.9308


===========================================================================================
===========================================================================================
S6:
	q_c:	428.0	417.0	301.0
	ub :	452.7763	441.918	320.7917
	lb :	405.0133	392.3457	278.0697

	==================================================================================
	Q1:
		Shape: Ellipse
		q_c:	439.5	406.0	299.5
		ub :	452.7763	419.6543	310.7362
		lb :	426.2237	392.3457	288.2638
		P^-1:
			0.0136	0.0029	0.0029
			0.0029	0.0163	-0.0038
			0.0029	-0.0038	0.0215
	==================================================================================
	Q2:
		Shape: Ellipse
		q_c:	419.5	420.5	303.5
		ub :	425.7151	426.2563	311.3406
		lb :	413.2849	414.7437	295.6594
		P^-1:
			0.177	0.2015	-0.0202
			0.2015	0.2884	-0.027
			-0.0202	-0.027	0.0205
	==================================================================================
	Q3:
		Shape: Polyhedra
		q_c:	424.5	425.0	289.0
		ub :	433.9934	439.2482	299.9136
		lb :	415.0066	410.7518	278.0864
		A:
			-0.5223	0.3025	0.7973
			0.8875	-0.2391	0.3941
			-0.3391	0.824	0.4539
			-0.5487	0.5178	0.6564
			-0.1021	0.5989	0.7943
			-0.073	0.1003	-0.9923
			0.8758	0.1289	0.4651
			0.0468	0.9365	-0.3475
			-0.4803	0.3261	0.8142
			-0.8758	-0.1289	-0.4651
			-0.0468	-0.9365	0.3475
			0.4803	-0.3261	-0.8142
		b:
			140.343
			397.944
			345.586
			181.1002
			446.1689
			-267.6446
			569.4672
			330.4279
			173.0047
			-552.4672
			-304.4279
			-167.0047
	==================================================================================
	Q4:
		Shape: Hybrid
		q_c:	439.5	412.5	311.5
		ub :	448.5642	423.0964	320.6056
		lb :	430.4358	401.9036	302.3944
		P^-1:
			0.0228	0.0021	-0.0005
			0.0021	0.0186	-0.0002
			-0.0005	-0.0002	0.0178
		A:
			0.632	-0.2524	0.7327
			0.9101	-0.1947	0.3657
			-0.1324	0.8417	0.5235
			0.3013	0.8547	-0.4226
			-0.6135	0.6636	0.4281
			0.7233	0.1585	-0.6721
		b:
			405.9702
			437.3641
			456.2924
			357.2039
			141.6012
			177.5512
	==================================================================================
	Q5:
		Shape: Hybrid
		q_c:	414.0	422.5	285.5
		ub :	422.9867	432.9969	292.9303
		lb :	405.0133	412.0031	278.0697
		P^-1:
			0.0545	0.0185	-0.0151
			0.0185	0.0284	0.0166
			-0.0151	0.0166	0.0723
		A:
			-0.6719	0.6344	0.3821
			0.0451	0.651	0.7577
			0.5732	0.0157	0.8193
			-0.2857	-0.9397	-0.1881
			0.331	0.3901	-0.8592
			-0.3264	-0.4691	0.8206
		b:
			104.3269
			512.6405
			482.0555
			-564.4084
			60.1274
			-95.0731
	==================================================================================
	Q6:
		Shape: Hybrid
		q_c:	438.5	429.0	312.5
		ub :	450.7153	441.918	320.7917
		lb :	426.2847	416.082	304.2083
		P^-1:
			0.016	-0.0071	-0.0016
			-0.0071	0.0188	-0.0065
			-0.0016	-0.0065	0.038
		A:
			0.2211	-0.4857	0.8457
			0.7221	-0.6767	0.1438
			0.276	-0.424	0.8626
			-0.4052	-0.4026	-0.8208
			0.6418	-0.4064	-0.6503
			-0.3649	0.4001	-0.8407
		b:
			155.5058
			75.129
			211.3882
			-601.0696
			-92.4106
			-248.2109


===========================================================================================
===========================================================================================
S7:
	q_c:	242.0	295.5	65.0
	ub :	259.2899	312.9033	87.8635
	lb :	229.0049	278.638	47.3482

	==================================================================================
	Q1:
		Shape: Hybrid
		q_c:	249.0	288.0	57.0
		ub :	259.2899	292.2539	66.6518
		lb :	238.7101	283.7461	47.3482
		P^-1:
			0.0202	0.0252	0.0017
			0.0252	0.2383	0.0441
			0.0017	0.0441	0.0308
		A:
			-0.0563	0.8336	-0.5495
			-0.3677	-0.7959	-0.481
			0.1488	-0.9147	-0.3758
			-0.977	-0.1799	0.1143
			-0.5702	-0.8041	-0.1682
			0.0025	-0.9285	-0.3713
		b:
			199.0173
			-345.4668
			-245.9353
			-282.3334
			-380.0736
			-286.5717
	==================================================================================
	Q2:
		Shape: Polyhedra
		q_c:	251.5	287.0	57.0
		ub :	258.9134	295.362	64.2393
		lb :	244.0866	278.638	49.7607
		A:
			-0.2905	0.9214	0.2581
			-0.9545	0.2945	0.0473
			0.2183	0.5045	0.8354
			-0.1067	0.5713	0.8137
			-0.4425	0.7234	-0.53
			0.6493	0.6119	-0.4517
			0.7972	0.4752	0.3724
			0.2331	0.3267	-0.9159
			-0.5569	0.817	0.1497
			-0.7972	-0.4752	-0.3724
			-0.2331	-0.3267	0.9159
			0.5569	-0.817	-0.1497
		b:
			211.9267
			-147.6102
			251.9536
			188.8382
			71.8225
			317.9543
			361.5971
			105.6801
			108.9595
			-354.5971
			-94.6801
			-96.9595
	==================================================================================
	Q3:
		Shape: Polyhedra
		q_c:	237.0	300.0	58.5
		ub :	244.9951	306.6047	66.608
		lb :	229.0049	293.3953	50.392
		A:
			-0.3501	-0.5427	0.7634
			0.2775	-0.8051	0.5242
			0.0103	-0.9799	0.199
			-0.2578	0.5388	-0.8021
			0.4158	-0.4507	0.7899
			0.5105	-0.3912	-0.7657
			0.5617	0.5949	0.575
			-0.74	0.0506	0.6707
			0.3699	-0.8022	0.4686
			-0.5617	-0.5949	-0.575
			0.74	-0.0506	-0.6707
			-0.3699	0.8022	-0.4686
		b:
			-197.0439
			-141.5926
			-275.7283
			57.4858
			13.6496
			-36.4365
			351.2261
			-116.4775
			-122.0971
			-339.2261
			125.4775
			129.0971
	==================================================================================
	Q4:
		Shape: Hybrid
		q_c:	251.0	302.5	66.0
		ub :	256.0718	309.4268	72.1283
		lb :	245.9282	295.5732	59.8717
		P^-1:
			0.1988	-0.0693	0.0524
			-0.0693	0.0604	-0.0343
			0.0524	-0.0343	0.0811
		A:
			0.5338	-0.3219	0.782
			-0.0905	-0.3081	0.947
			0.9256	0.1089	-0.3626
			-0.9716	0.2241	-0.0759
			-0.841	0.541	-0.0088
			0.2666	0.4577	-0.8482
		b:
			89.9645
			-50.6266
			243.8333
			-179.7818
			-46.3851
			152.4331
	==================================================================================
	Q5:
		Shape: Polyhedra
		q_c:	248.0	303.0	76.5
		ub :	258.0558	312.9033	86.3723
		lb :	237.9442	293.0967	66.6277
		A:
			0.736	0.5593	-0.3815
			0.6201	0.7841	-0.0263
			0.4078	0.8495	0.3347
			-0.1853	-0.6814	0.708
			-0.6651	-0.718	0.2052
			-0.0078	-0.2833	-0.959
			0.3987	0.8724	0.2829
			0.9164	-0.3667	-0.1607
			-0.0364	0.3233	-0.9456
			-0.3987	-0.8724	-0.2829
			-0.9164	0.3667	0.1607
			0.0364	-0.3233	0.9456
		b:
			329.619
			394.9075
			389.1548
			-191.2382
			-360.7388
			-154.1613
			389.8384
			112.3724
			24.0877
			-379.8384
			-95.3724
			-9.0877
	==================================================================================
	Q6:
		Shape: Polyhedra
		q_c:	246.5	296.5	79.0
		ub :	257.4566	306.8722	87.8635
		lb :	235.5434	286.1278	70.1365
		A:
			-0.2829	0.5294	0.7998
			0.2934	0.065	0.9538
			0.915	0.3254	-0.2386
			-0.0892	-0.9886	0.1214
			0.6867	0.6295	-0.3635
			-0.75	0.2607	0.6078
			0.4304	0.6719	0.6028
			0.7423	-0.6434	0.1871
			0.5136	0.3669	-0.7756
			-0.4304	-0.6719	-0.6028
			-0.7423	0.6434	-0.1871
			-0.5136	-0.3669	0.7756
		b:
			156.1023
			172.5079
			309.3094
			-299.2188
			332.8668
			-52.8118
			357.4131
			14.9949
			180.1233
			-348.4131
			1.0051
			-168.1233


===========================================================================================
===========================================================================================
