3D_45_7_6_e                l = 3

===========================================================================================
===========================================================================================
S1:
	q_c:	66.0	277.5	131.0
	ub :	75.3559	285.8991	144.2115
	lb :	58.0679	271.4056	125.5793

	==================================================================================
	Q1:
		Shape: Hybrid
		q_c:	70.0	277.5	133.0
		ub :	73.4543	281.0835	137.1032
		lb :	66.5457	273.9165	128.8968
		P^-1:
			0.2204	0.0568	-0.0424
			0.0568	0.6388	0.444
			-0.0424	0.444	0.4533
		A:
			-0.3074	-0.7607	-0.5717
			-0.2362	0.5276	0.816
			-0.7786	-0.6274	0.0104
			-0.4563	-0.7627	-0.4584
			0.4357	0.8887	0.1428
			0.8302	0.4101	0.3776
		b:
			-307.9912
			239.2512
			-225.9078
			-303.762
			297.2921
			223.7623
	==================================================================================
	Q2:
		Shape: Polyhedra
		q_c:	65.0	275.5	136.5
		ub :	68.8223	279.5944	139.3982
		lb :	61.1777	271.4056	133.6018
		A:
			0.5387	-0.7868	-0.3011
			0.6741	-0.0599	-0.7362
			-0.7005	-0.3958	0.5938
			-0.4765	-0.2301	0.8485
			0.4647	0.7898	0.4003
			-0.5206	-0.2709	0.8096
			0.7594	0.1708	0.6279
			-0.5909	-0.2229	0.7753
			0.2724	-0.9598	-0.0684
			-0.7594	-0.1708	-0.6279
			0.5909	0.2229	-0.7753
			-0.2724	0.9598	0.0684
		b:
			-219.5953
			-71.7868
			-72.2518
			22.53
			305.6416
			3.0757
			185.1065
			7.0016
			-252.5443
			-179.1065
			-5.0016
			259.5443
	==================================================================================
	Q3:
		Shape: Ellipse
		q_c:	62.0	277.5	129.0
		ub :	65.9321	282.2068	132.4207
		lb :	58.0679	272.7932	125.5793
		P^-1:
			0.2185	-0.06	-0.031
			-0.06	0.0856	0.0116
			-0.031	0.0116	0.1195
	==================================================================================
	Q4:
		Shape: Hybrid
		q_c:	68.5	275.5	133.5
		ub :	71.3401	279.0808	136.8587
		lb :	65.6599	271.9192	130.1413
		P^-1:
			0.6012	-0.1572	-0.3889
			-0.1572	0.216	0.1386
			-0.3889	0.1386	0.5028
		A:
			-0.3233	-0.9417	-0.0932
			-0.7812	0.5007	0.3729
			0.7259	0.159	-0.6692
			-0.7998	0.2096	0.5624
			0.4441	-0.7707	0.4568
			0.587	0.3828	-0.7134
		b:
			-292.0296
			135.0067
			5.0597
			78.5745
			-118.9868
			51.666
	==================================================================================
	Q5:
		Shape: Polyhedra
		q_c:	72.0	282.5	138.5
		ub :	75.3559	285.8991	141.5491
		lb :	68.6441	279.1009	135.4509
		A:
			-0.6389	0.7254	0.2562
			-0.422	0.7378	-0.5269
			0.0889	0.3072	-0.9475
			0.8149	0.574	-0.0807
			-0.1626	-0.5399	0.8259
			-0.433	-0.75	0.5
			0.0035	0.4574	0.8892
			-0.8684	0.4424	-0.2242
			-0.4959	-0.7714	0.3988
			-0.0035	-0.4574	-0.8892
			0.8684	-0.4424	0.2242
			0.4959	0.7714	-0.3988
		b:
			197.11
			107.6717
			-36.1424
			211.5394
			-48.0608
			-172.2856
			254.6344
			34.4027
			-196.8991
			-250.6344
			-28.4027
			199.8991
	==================================================================================
	Q6:
		Shape: Hybrid
		q_c:	68.5	279.5	138.5
		ub :	73.3362	284.6575	144.2115
		lb :	63.6638	274.3425	132.7885
		P^-1:
			0.1024	-0.0039	-0.0129
			-0.0039	0.0824	0.0024
			-0.0129	0.0024	0.0896
		A:
			-0.8742	0.3351	-0.3513
			0.3184	-0.49	-0.8115
			-0.6454	-0.7304	-0.2236
			0.9271	-0.3357	0.1668
			0.9036	0.3232	0.2811
			-0.5723	-0.0263	-0.8196
		b:
			-13.0415
			-225.8118
			-277.3717
			-5.4688
			193.0065
			-158.0688


===========================================================================================
===========================================================================================
S2:
	q_c:	131.0	298.0	91.0
	ub :	140.0382	309.5029	100.7914
	lb :	122.5218	290.6557	83.0794

	==================================================================================
	Q1:
		Shape: Ellipse
		q_c:	132.0	304.5	95.5
		ub :	136.3974	309.5029	99.2254
		lb :	127.6026	299.4971	91.7746
		P^-1:
			0.109	0.0059	-0.0115
			0.0059	0.095	0.0249
			-0.0115	0.0249	0.1487
	==================================================================================
	Q2:
		Shape: Hybrid
		q_c:	135.5	298.0	88.0
		ub :	138.3925	301.0528	90.9134
		lb :	132.6075	294.9472	85.0866
		P^-1:
			0.3448	0.0951	0.0202
			0.0951	0.3453	0.0203
			0.0202	0.0203	0.2543
		A:
			-0.903	-0.2683	-0.3357
			-0.2667	0.8739	-0.4065
			0.7788	0.5061	-0.3705
			0.0237	0.9924	-0.1208
			-0.561	-0.4766	0.6769
			0.981	-0.0349	-0.1906
		b:
			-230.9485
			189.6912
			224.6553
			289.3398
			-157.4086
			106.8148
	==================================================================================
	Q3:
		Shape: Ellipse
		q_c:	131.5	304.0	95.0
		ub :	135.8657	308.0239	98.2177
		lb :	127.1343	299.9761	91.7823
		P^-1:
			0.1458	0.0133	-0.0455
			0.0133	0.1489	0.0252
			-0.0455	0.0252	0.2264
	==================================================================================
	Q4:
		Shape: Hybrid
		q_c:	127.5	298.0	86.5
		ub :	131.3567	302.007	89.9206
		lb :	123.6433	293.993	83.0794
		P^-1:
			0.0879	-0.0079	0.0309
			-0.0079	0.0915	-0.0387
			0.0309	-0.0387	0.2339
		A:
			-0.5555	0.5273	0.643
			-0.1506	0.3949	-0.9063
			0.3652	0.3821	0.8489
			-0.5924	0.6677	-0.4509
			-0.9421	-0.3177	-0.1075
			-0.6164	0.4816	-0.623
		b:
			144.2457
			21.1322
			235.5374
			86.2992
			-221.6437
			12.6085
	==================================================================================
	Q5:
		Shape: Hybrid
		q_c:	137.0	294.0	95.5
		ub :	140.0382	297.3443	98.8127
		lb :	133.9618	290.6557	92.1873
		P^-1:
			0.7189	0.1653	0.3725
			0.1653	0.2082	0.1168
			0.3725	0.1168	0.344
		A:
			0.5526	0.7582	-0.346
			0.1594	-0.9472	-0.2782
			0.8029	0.0767	0.5912
			0.4038	0.2943	0.8662
			0.6933	0.2861	0.6615
			-0.365	-0.4899	-0.7917
		b:
			267.6607
			-281.2666
			189.6139
			225.8286
			242.8908
			-268.3882
	==================================================================================
	Q6:
		Shape: Polyhedra
		q_c:	127.5	301.5	96.0
		ub :	132.4782	306.1202	100.7914
		lb :	122.5218	296.8798	91.2086
		A:
			-0.4272	-0.686	0.5891
			0.8007	-0.5134	-0.3087
			0.1127	-0.5817	0.8056
			0.1779	0.9482	-0.2633
			-0.3326	0.8447	0.4194
			0.315	0.0061	0.9491
			0.7257	0.65	0.2255
			0.659	-0.7509	0.0436
			0.1977	0.117	-0.9733
			-0.7257	-0.65	-0.2255
			-0.659	0.7509	-0.0436
			-0.1977	-0.117	0.9733
		b:
			-201.0055
			-79.5044
			-80.0751
			286.5388
			255.4548
			136.9308
			313.6572
			-135.6704
			-28.954
			-306.6572
			140.6704
			36.954


===========================================================================================
===========================================================================================
S3:
	q_c:	214.5	239.5	210.5
	ub :	226.2068	251.8033	221.2004
	lb :	206.6928	227.9749	200.5353

	==================================================================================
	Q1:
		Shape: Polyhedra
		q_c:	220.5	238.0	204.0
		ub :	225.5542	243.4877	207.4647
		lb :	215.4458	232.5123	200.5353
		A:
			0.8456	-0.3135	0.432
			0.7203	-0.02	0.6934
			0.1531	0.0165	-0.9881
			-0.0519	-0.8038	-0.5927
			-0.4532	0.7194	0.5263
			-0.5554	0.1696	-0.8141
			0.5291	0.3812	0.7581
			-0.6766	-0.3496	0.648
			0.5121	-0.8558	0.073
			-0.5291	-0.3812	-0.7581
			0.6766	0.3496	-0.648
			-0.5121	0.8558	-0.073
		b:
			203.5698
			298.1786
			-161.59
			-320.458
			182.5493
			-245.3423
			364.0521
			-97.7065
			-71.3761
			-360.0521
			102.7065
			80.3761
	==================================================================================
	Q2:
		Shape: Hybrid
		q_c:	216.5	248.0	218.0
		ub :	220.5222	251.8033	221.2004
		lb :	212.4778	244.1967	214.7996
		P^-1:
			0.4388	0.3533	0.2461
			0.3533	0.4366	0.2684
			0.2461	0.2684	0.3662
		A:
			-0.198	-0.9737	0.1131
			0.3408	0.3657	0.8661
			-0.2312	-0.5566	-0.7979
			-0.6883	-0.7198	-0.0906
			-0.2381	-0.6021	-0.7621
			-0.3826	0.1166	-0.9165
		b:
			-257.6681
			354.3341
			-361.0427
			-346.3537
			-366.0086
			-251.8465
	==================================================================================
	Q3:
		Shape: Ellipse
		q_c:	222.0	243.0	209.5
		ub :	226.0895	246.6688	214.0498
		lb :	217.9105	239.3312	204.9502
		P^-1:
			0.0816	-0.0002	0.0001
			-0.0002	0.2135	-0.0693
			0.0001	-0.0693	0.1181
	==================================================================================
	Q4:
		Shape: Hybrid
		q_c:	217.0	234.5	211.5
		ub :	223.1415	241.0251	218.3788
		lb :	210.8585	227.9749	204.6212
		P^-1:
			0.0919	-0.027	0.0134
			-0.027	0.0643	-0.0039
			0.0134	-0.0039	0.0443
		A:
			0.7882	-0.6139	0.044
			0.7861	-0.5776	0.2203
			0.7309	-0.6805	-0.052
			-0.7047	-0.7076	-0.0513
			-0.3177	-0.6145	-0.7221
			0.617	-0.7628	0.1935
		b:
			37.9624
			83.2548
			-10.2902
			-326.7067
			-362.7147
			-2.3322
	==================================================================================
	Q5:
		Shape: Hybrid
		q_c:	211.0	242.5	210.0
		ub :	215.3072	246.2989	213.7863
		lb :	206.6928	238.7011	206.2137
		P^-1:
			0.0626	0.0009	0.0008
			0.0009	0.0816	-0.0
			0.0008	-0.0	0.0816
		A:
			-0.5586	-0.5767	0.5961
			0.5379	0.5942	0.598
			-0.0922	-0.9871	0.1307
			-0.5708	-0.8025	-0.1738
			-0.7031	-0.7108	-0.0193
			0.3888	0.2654	-0.8823
		b:
			-130.631
			385.04
			-229.6325
			-349.6493
			-322.801
			-37.0374
	==================================================================================
	Q6:
		Shape: Ellipse
		q_c:	222.0	247.0	208.5
		ub :	226.2068	251.4291	213.2093
		lb :	217.7932	242.5709	203.7907
		P^-1:
			0.258	0.0226	0.1959
			0.0226	0.0648	0.0199
			0.1959	0.0199	0.2336


===========================================================================================
===========================================================================================
S4:
	q_c:	244.0	157.5	264.5
	ub :	264.2748	168.5556	278.2779
	lb :	223.2064	137.7651	250.5707

	==================================================================================
	Q1:
		Shape: Hybrid
		q_c:	251.0	154.5	259.0
		ub :	260.1182	162.6718	266.6022
		lb :	241.8818	146.3282	251.3978
		P^-1:
			0.0275	0.0062	-0.0032
			0.0062	0.0369	0.0016
			-0.0032	0.0016	0.0392
		A:
			0.9016	-0.4307	-0.0399
			-0.0902	-0.332	0.9389
			0.1864	-0.1656	-0.9684
			0.0786	-0.6963	-0.7134
			-0.1691	0.8486	0.5013
			0.1064	-0.4496	-0.8869
		b:
			153.3398
			171.8726
			-227.1265
			-270.0526
			221.2737
			-269.9452
	==================================================================================
	Q2:
		Shape: Hybrid
		q_c:	231.0	162.5	268.5
		ub :	238.7936	168.5556	273.427
		lb :	223.2064	156.4444	263.573
		P^-1:
			0.0298	0.027	0.0057
			0.027	0.0982	0.0114
			0.0057	0.0114	0.066
		A:
			-0.0826	-0.9961	0.0295
			-0.3353	-0.8939	0.2976
			0.0169	-0.8963	0.4432
			0.2762	0.3766	0.8842
			-0.1288	-0.9761	0.175
			-0.3024	0.618	-0.7257
		b:
			-171.0735
			-140.9724
			-20.3162
			364.5524
			-139.4475
			-161.0303
	==================================================================================
	Q3:
		Shape: Ellipse
		q_c:	247.5	162.0	271.5
		ub :	253.3116	167.8641	278.2779
		lb :	241.6884	156.1359	264.7221
		P^-1:
			0.2157	-0.1596	-0.0065
			-0.1596	0.2812	0.1236
			-0.0065	0.1236	0.128
	==================================================================================
	Q4:
		Shape: Polyhedra
		q_c:	255.5	145.5	264.0
		ub :	264.2748	153.2349	273.0455
		lb :	246.7252	137.7651	254.9545
		A:
			-0.7594	-0.3692	0.5357
			0.695	-0.6481	0.3114
			-0.0837	-0.2004	-0.9761
			0.6213	0.6495	0.4384
			0.8299	-0.0241	0.5573
			0.4376	-0.1532	0.886
			0.7408	0.0029	0.6717
			-0.6597	0.1918	0.7267
			-0.1267	-0.9814	0.144
			-0.7408	-0.0029	-0.6717
			0.6597	-0.1918	-0.7267
			0.1267	0.9814	-0.144
		b:
			-99.5516
			171.118
			-302.3921
			374.4117
			360.2477
			328.3509
			371.5326
			58.2098
			-130.6537
			-362.5326
			-44.2098
			143.6537
	==================================================================================
	Q5:
		Shape: Ellipse
		q_c:	245.5	155.5	259.0
		ub :	253.0248	164.3754	267.4293
		lb :	237.9752	146.6246	250.5707
		P^-1:
			0.0337	0.008	0.0054
			0.008	0.0401	0.0048
			0.0054	0.0048	0.0364
	==================================================================================
	Q6:
		Shape: Polyhedra
		q_c:	239.0	160.0	264.0
		ub :	249.4149	168.5017	274.6101
		lb :	228.5851	151.4983	253.3899
		A:
			0.1915	0.9479	-0.2547
			0.5071	-0.766	0.3951
			0.1755	0.5464	-0.819
			-0.4688	-0.4457	-0.7626
			0.0035	-0.58	-0.8146
			0.2255	0.8157	0.5328
			0.3271	0.8409	0.4311
			0.8862	-0.1146	-0.449
			-0.3282	0.5289	-0.7827
			-0.3271	-0.8409	-0.4311
			-0.8862	0.1146	0.449
			0.3282	-0.5289	0.7827
		b:
			135.9119
			109.4497
			-80.1522
			-379.2483
			-301.2876
			330.104
			331.5326
			82.4359
			-193.9447
			-321.5326
			-67.4359
			206.9447


===========================================================================================
===========================================================================================
S5:
	q_c:	436.5	441.5	386.0
	ub :	439.9762	443.849	388.9837
	lb :	434.3591	439.1222	384.812

	==================================================================================
	Q1:
		Shape: Polyhedra
		q_c:	435.5	441.0	387.5
		ub :	436.6409	442.0702	388.5921
		lb :	434.3591	439.9298	386.4079
		A:
			-0.0124	0.361	-0.9325
			0.7204	-0.6743	-0.162
			-0.3607	0.5477	0.7549
			0.6678	-0.7295	0.1479
			-0.5232	-0.7674	0.3705
			0.1301	-0.1311	0.9828
			0.5773	0.6582	0.4833
			-0.4383	0.7491	-0.4967
			-0.689	0.075	0.7209
			-0.5773	-0.6582	-0.4833
			0.4383	-0.7491	0.4967
			0.689	-0.075	-0.7209
		b:
			-207.0395
			-45.9283
			377.682
			26.9355
			-421.9782
			380.3226
			729.9289
			-52.4835
			12.8647
			-727.9289
			53.4835
			-11.8647
	==================================================================================
	Q2:
		Shape: Ellipse
		q_c:	436.0	443.0	386.5
		ub :	436.7328	443.849	387.3328
		lb :	435.2672	442.151	385.6672
		P^-1:
			4.0	0.0	0.0
			0.0	4.0	0.0
			0.0	0.0	4.0
	==================================================================================
	Q3:
		Shape: Polyhedra
		q_c:	437.5	442.5	387.5
		ub :	438.8184	443.7307	388.414
		lb :	436.1816	441.2693	386.586
		A:
			0.9132	0.3533	0.2033
			0.5106	0.6393	-0.575
			-0.2738	-0.4973	0.8232
			-0.9984	0.0566	-0.0061
			-0.9071	-0.3503	-0.2334
			0.4728	-0.0502	0.8797
			0.2306	0.973	0.0077
			0.8632	-0.2009	-0.4632
			-0.4492	0.1135	-0.8862
			-0.2306	-0.973	-0.0077
			-0.8632	0.2009	0.4632
			0.4492	-0.1135	0.8862
		b:
			635.4848
			284.4098
			-20.0436
			-413.1819
			-641.4393
			526.0465
			535.4271
			110.2331
			-489.2189
			-533.4271
			-108.2331
			490.2189
	==================================================================================
	Q4:
		Shape: Hybrid
		q_c:	438.5	442.5	387.5
		ub :	439.9762	443.5771	388.9837
		lb :	437.0238	441.4229	386.0163
		P^-1:
			1.0781	0.4271	-0.2136
			0.4271	3.3375	-1.1688
			-0.2136	-1.1688	1.5845
		A:
			-0.3676	0.9012	0.2298
			0.3697	0.1457	-0.9177
			-0.2591	-0.8829	0.3916
			0.4265	0.8693	-0.2498
			0.3213	0.8408	-0.4357
			-0.5324	0.7471	-0.398
		b:
			327.2161
			-128.4285
			-352.3342
			475.1811
			344.3582
			-56.5563
	==================================================================================
	Q5:
		Shape: Hybrid
		q_c:	437.5	441.0	387.5
		ub :	439.3403	442.6941	388.1668
		lb :	435.6597	439.3059	386.8332
		P^-1:
			0.6649	0.2595	-0.3156
			0.2595	0.8098	0.0572
			-0.3156	0.0572	3.9698
		A:
			0.0901	0.1878	0.9781
			-0.6209	-0.3193	-0.7159
			-0.3665	-0.1326	-0.9209
			0.984	0.178	-0.0051
			-0.3401	-0.3041	0.8899
			-0.0596	-0.0056	-0.9982
		b:
			501.5522
			-689.1878
			-575.1937
			508.0649
			62.3031
			-415.0484
	==================================================================================
	Q6:
		Shape: Hybrid
		q_c:	437.0	441.0	386.5
		ub :	439.0295	442.8778	388.188
		lb :	434.9705	439.1222	384.812
		P^-1:
			1.527	1.1711	1.1427
			1.1711	1.7113	1.2361
			1.1427	1.2361	1.6506
		A:
			0.5599	-0.361	-0.7458
			0.4728	0.8603	0.1907
			-0.5717	-0.636	-0.5182
			0.2957	0.4164	0.8597
			0.3474	0.6393	0.686
			-0.7507	-0.5846	-0.3077
		b:
			-201.6093
			660.2726
			-730.3792
			645.6709
			699.2344
			-704.3665


===========================================================================================
===========================================================================================
S6:
	q_c:	529.0	173.0	21.0
	ub :	549.41	193.8416	41.2942
	lb :	510.578	166.9174	-3.9645

	==================================================================================
	Q1:
		Shape: Ellipse
		q_c:	521.0	178.5	31.5
		ub :	531.422	185.7431	41.2942
		lb :	510.578	171.2569	21.7058
		P^-1:
			0.0275	-0.0138	0.0223
			-0.0138	0.0455	-0.0212
			0.0223	-0.0212	0.0503
	==================================================================================
	Q2:
		Shape: Polyhedra
		q_c:	534.0	179.0	25.0
		ub :	540.8669	186.3522	31.2437
		lb :	527.1331	171.6478	18.7563
		A:
			-0.5401	-0.8403	0.0467
			0.9827	0.0677	0.1722
			-0.1659	0.9783	-0.1242
			0.9	0.2813	-0.3329
			-0.938	0.2516	0.2385
			-0.5239	0.1062	-0.8452
			0.7735	0.6311	0.0578
			0.5604	-0.7237	0.4027
			0.296	-0.2791	-0.9135
			-0.7735	-0.6311	-0.0578
			-0.5604	0.7237	-0.4027
			-0.296	0.2791	0.9135
		b:
			-434.2087
			545.424
			88.7904
			526.0332
			-445.2679
			-276.8674
			530.4784
			185.7743
			89.2625
			-524.4784
			-173.7743
			-81.2625
	==================================================================================
	Q3:
		Shape: Hybrid
		q_c:	537.0	183.5	7.0
		ub :	545.9317	192.0308	15.2691
		lb :	528.0683	174.9692	-1.2691
		P^-1:
			0.0383	-0.0037	0.0175
			-0.0037	0.0524	-0.0244
			0.0175	-0.0244	0.0514
		A:
			-0.4559	-0.8888	0.0478
			-0.0378	0.8918	0.4508
			0.6542	-0.5828	0.4821
			0.0335	-0.7711	0.6358
			0.446	-0.1064	0.8887
			0.2698	-0.31	0.9117
		b:
			-404.5309
			150.8222
			250.0409
			-117.0818
			228.7295
			96.698
	==================================================================================
	Q4:
		Shape: Ellipse
		q_c:	540.5	182.5	32.0
		ub :	549.41	191.8767	39.1274
		lb :	531.59	173.1233	24.8726
		P^-1:
			0.0347	-0.0023	0.011
			-0.0023	0.0363	-0.0152
			0.011	-0.0152	0.0483
	==================================================================================
	Q5:
		Shape: Polyhedra
		q_c:	522.0	183.5	6.0
		ub :	529.857	193.8416	15.9645
		lb :	514.143	173.1584	-3.9645
		A:
			0.2429	0.5105	-0.8248
			-0.4745	0.8621	-0.1779
			-0.1098	-0.6957	-0.7099
			-0.6434	-0.4192	0.6406
			0.6497	0.7581	-0.057
			-0.5589	-0.0507	0.8277
			0.1676	0.6262	0.7615
			0.1168	0.7543	-0.646
			-0.9789	0.1973	0.0533
			-0.1676	-0.6262	-0.7615
			-0.1168	-0.7543	0.646
			0.9789	-0.1973	-0.0533
		b:
			221.2659
			-84.588
			-181.2482
			-403.2216
			484.3406
			-289.681
			214.9689
			201.0333
			-468.4711
			-198.9689
			-190.0333
			480.4711
	==================================================================================
	Q6:
		Shape: Polyhedra
		q_c:	524.5	178.5	21.5
		ub :	536.6627	190.0826	30.222
		lb :	512.3373	166.9174	12.778
		A:
			0.4233	0.2157	-0.8799
			0.8712	-0.1056	-0.4794
			0.6845	0.2083	-0.6986
			-0.8662	0.2765	0.4163
			-0.0005	0.2973	-0.9548
			0.976	-0.1777	-0.1261
			0.7259	0.6384	0.2559
			0.4043	-0.095	-0.9097
			-0.5564	0.7638	-0.3271
			-0.7259	-0.6384	-0.2559
			-0.4043	0.095	0.9097
			0.5564	-0.7638	0.3271
		b:
			246.5687
			433.8405
			386.7538
			-389.8699
			37.823
			484.6232
			508.6911
			180.0319
			-155.0491
			-491.6911
			-171.0319
			170.0491


===========================================================================================
===========================================================================================
S7:
	q_c:	355.5	404.5	380.5
	ub :	384.7854	434.8798	395.9577
	lb :	333.6084	383.4177	356.8761

	==================================================================================
	Q1:
		Shape: Hybrid
		q_c:	355.0	419.5	372.0
		ub :	367.0626	434.8798	387.1239
		lb :	342.9374	404.1202	356.8761
		P^-1:
			0.0138	-0.0001	0.0001
			-0.0001	0.012	0.0019
			0.0001	0.0019	0.0119
		A:
			-0.3055	0.7161	0.6276
			0.2253	-0.1346	0.965
			-0.7737	0.6125	-0.1617
			-0.7264	-0.5724	-0.3805
			0.0885	0.8489	0.5211
			0.7348	0.6764	0.0497
		b:
			429.6931
			387.6519
			-73.2121
			-635.2202
			585.7031
			567.7184
	==================================================================================
	Q2:
		Shape: Polyhedra
		q_c:	344.0	400.0	387.0
		ub :	354.3916	411.3259	395.9577
		lb :	333.6084	388.6741	378.0423
		A:
			0.274	0.9596	-0.0641
			-0.5542	0.4757	-0.683
			-0.4329	-0.7709	-0.4672
			0.5669	0.7674	0.2994
			-0.4083	-0.5779	-0.7066
			-0.552	0.7067	-0.4427
			0.1616	0.1819	0.9699
			-0.9524	0.2864	0.105
			-0.2587	-0.9407	0.2195
			-0.1616	-0.1819	-0.9699
			0.9524	-0.2864	-0.105
			0.2587	0.9407	-0.2195
		b:
			461.7472
			-257.3754
			-630.4359
			625.7958
			-638.0198
			-70.7717
			510.2168
			-164.9474
			-371.8108
			-497.2168
			179.9474
			388.8108
	==================================================================================
	Q3:
		Shape: Polyhedra
		q_c:	369.5	418.0	382.0
		ub :	380.717	429.4782	393.7071
		lb :	358.283	406.5218	370.2929
		A:
			0.4562	-0.8653	-0.2078
			-0.0927	0.1228	-0.9881
			0.6726	0.3893	-0.6294
			0.9093	-0.275	-0.3123
			-0.8419	-0.0184	0.5394
			-0.1318	-0.7345	0.6657
			0.7123	0.4845	0.5078
			-0.7006	0.448	0.5554
			0.0416	-0.7514	0.6586
			-0.7123	-0.4845	-0.5078
			0.7006	-0.448	-0.5554
			-0.0416	0.7514	-0.6586
		b:
			-267.278
			-353.1576
			176.9204
			107.5252
			-107.0211
			-95.7993
			670.7079
			145.01
			-41.6235
			-648.7079
			-136.01
			52.6235
	==================================================================================
	Q4:
		Shape: Polyhedra
		q_c:	345.5	391.5	375.5
		ub :	354.1321	399.5823	382.606
		lb :	336.8679	383.4177	368.394
		A:
			0.064	-0.2495	0.9663
			0.0838	-0.8235	0.5611
			0.6788	-0.1402	0.7208
			0.1423	-0.2155	-0.9661
			-0.5007	-0.1602	-0.8507
			-0.472	-0.3201	0.8214
			0.2221	0.9171	0.3312
			0.9656	-0.1598	-0.205
			-0.1351	0.3653	-0.921
			-0.2221	-0.9171	-0.3312
			-0.9656	0.1598	0.205
			0.1351	-0.3653	0.921
		b:
			291.3297
			-78.0395
			455.4801
			-392.9603
			-550.1865
			25.2799
			566.1093
			201.0884
			-245.4995
			-554.1093
			-187.0884
			253.4995
	==================================================================================
	Q5:
		Shape: Hybrid
		q_c:	351.5	417.5	370.5
		ub :	358.797	422.9249	377.717
		lb :	344.203	412.0751	363.283
		P^-1:
			0.0505	0.0005	0.0112
			0.0005	0.0625	-0.0005
			0.0112	-0.0005	0.052
		A:
			0.9245	0.3759	-0.0627
			-0.8107	0.5419	0.2214
			-0.057	0.7833	-0.6191
			-0.2793	0.1495	-0.9485
			-0.0662	0.8893	-0.4525
			-0.0472	0.952	0.3026
		b:
			461.2157
			25.9153
			79.7495
			-384.9806
			182.443
			495.0265
	==================================================================================
	Q6:
		Shape: Ellipse
		q_c:	374.0	408.0	385.0
		ub :	384.7854	418.548	395.1725
		lb :	363.2146	397.452	374.8275
		P^-1:
			0.0259	-0.0093	0.0059
			-0.0093	0.025	-0.0134
			0.0059	-0.0134	0.036


===========================================================================================
===========================================================================================
