3D_40_8_6_b                l = 3

===========================================================================================
===========================================================================================
S1:
	q_c:	470.5	310.5	501.0
	ub :	489.5905	333.9438	519.9288
	lb :	446.8592	293.7723	479.052

	==================================================================================
	Q1:
		Shape: Hybrid
		q_c:	455.5	323.5	493.5
		ub :	464.1408	333.9438	504.2658
		lb :	446.8592	313.0562	482.7342
		P^-1:
			0.0245	0.0009	0.0014
			0.0009	0.0223	0.003
			0.0014	0.003	0.025
		A:
			-0.1233	0.1275	-0.9842
			-0.7665	-0.6138	-0.189
			-0.3276	0.7616	0.5592
			-0.9002	0.1552	-0.4068
			0.2157	0.0244	-0.9761
			0.4635	0.6838	-0.5636
		b:
			-497.141
			-637.6833
			376.4858
			-557.2267
			-372.0803
			158.0398
	==================================================================================
	Q2:
		Shape: Polyhedra
		q_c:	483.0	309.0	488.0
		ub :	489.5905	318.3372	496.948
		lb :	476.4095	299.6628	479.052
		A:
			0.2642	-0.9279	0.2631
			-0.7323	-0.5191	-0.4408
			-0.6442	0.4327	0.6308
			-0.768	-0.0343	-0.6395
			-0.5094	0.5877	-0.6286
			-0.7651	-0.4861	0.4223
			0.0763	0.7723	0.6306
			0.225	0.6028	-0.7655
			-0.9714	0.2003	-0.1277
			-0.0763	-0.7723	-0.6306
			-0.225	-0.6028	0.7655
			0.9714	-0.2003	0.1277
		b:
			-25.0202
			-723.3422
			136.191
			-688.1825
			-365.9359
			-308.3071
			589.7604
			-73.1472
			-464.6125
			-576.7604
			84.1472
			474.6125
	==================================================================================
	Q3:
		Shape: Hybrid
		q_c:	466.5	305.5	504.0
		ub :	476.7488	317.2277	514.7638
		lb :	456.2512	293.7723	493.2362
		P^-1:
			0.0281	0.0088	-0.0083
			0.0088	0.0228	-0.0038
			-0.0083	-0.0038	0.0251
		A:
			0.0631	0.4939	-0.8672
			-0.4227	-0.2415	0.8735
			-0.0597	0.996	-0.0663
			-0.7892	0.1203	0.6022
			-0.2276	-0.198	0.9534
			0.1961	0.3016	-0.9331
		b:
			-252.8487
			172.3458
			247.6828
			-24.3994
			317.396
			-283.0614
	==================================================================================
	Q4:
		Shape: Hybrid
		q_c:	472.0	322.5	510.0
		ub :	481.4261	332.111	519.9288
		lb :	462.5739	312.889	500.0712
		P^-1:
			0.0385	0.0097	0.0114
			0.0097	0.0298	-0.0076
			0.0114	-0.0076	0.0367
		A:
			0.0424	0.13	0.9906
			0.9522	0.1954	-0.235
			0.7785	0.6277	-0.0015
			-0.5818	0.1022	-0.8069
			-0.8878	0.4284	-0.1684
			-0.7679	0.0934	-0.6337
		b:
			570.92
			396.1226
			571.6152
			-650.8237
			-362.7135
			-653.1459
	==================================================================================
	Q5:
		Shape: Ellipse
		q_c:	480.5	319.5	501.5
		ub :	487.8494	329.1586	510.6066
		lb :	473.1506	309.8414	492.3934
		P^-1:
			0.0529	-0.0155	0.0063
			-0.0155	0.0333	-0.0013
			0.0063	-0.0013	0.0277
	==================================================================================
	Q6:
		Shape: Ellipse
		q_c:	467.5	308.5	513.0
		ub :	469.3897	313.0779	516.99
		lb :	465.6103	303.9221	509.01
		P^-1:
			0.8376	-0.1729	-0.2561
			-0.1729	0.1624	0.1578
			-0.2561	0.1578	0.3125


===========================================================================================
===========================================================================================
S2:
	q_c:	179.0	205.0	102.5
	ub :	196.7642	231.8452	126.3907
	lb :	146.7433	174.6854	77.2853

	==================================================================================
	Q1:
		Shape: Polyhedra
		q_c:	182.0	202.5	98.5
		ub :	195.7001	215.3118	113.1638
		lb :	168.2999	189.6882	83.8362
		A:
			-0.8195	0.0837	0.5669
			0.7204	-0.0352	-0.6927
			0.2384	-0.5027	0.831
			0.771	0.368	-0.5197
			-0.3853	0.3377	-0.8588
			0.0837	0.3103	-0.947
			0.6622	0.3698	0.6518
			-0.7273	0.1078	0.6778
			0.1804	-0.9228	0.3403
			-0.6622	-0.3698	-0.6518
			0.7273	-0.1078	-0.6778
			-0.1804	0.9228	-0.3403
		b:
			-68.8072
			63.266
			32.5641
			171.6446
			-76.9224
			-6.635
			269.5951
			-36.2868
			-111.5223
			-249.5951
			51.2868
			129.5223
	==================================================================================
	Q2:
		Shape: Polyhedra
		q_c:	166.0	202.0	92.0
		ub :	176.6495	213.5306	101.803
		lb :	155.3505	190.4694	82.197
		A:
			0.0352	0.305	0.9517
			-0.8316	0.4205	-0.3628
			-0.8754	-0.4216	0.2364
			0.4154	-0.7643	0.4932
			-0.3698	0.9225	-0.111
			0.4614	-0.2566	0.8493
			0.8281	0.5317	0.1778
			0.5493	-0.706	-0.4471
			-0.1122	0.4679	-0.8767
			-0.8281	-0.5317	-0.1778
			-0.5493	0.706	0.4471
			0.1122	-0.4679	0.8767
		b:
			161.531
			-79.6955
			-201.0229
			-33.7042
			120.9818
			109.6525
			269.2198
			-86.5497
			1.7318
			-253.2198
			98.5497
			11.2682
	==================================================================================
	Q3:
		Shape: Ellipse
		q_c:	184.5	219.5	89.0
		ub :	196.7642	231.8452	100.7147
		lb :	172.2358	207.1548	77.2853
		P^-1:
			0.0189	0.0015	-0.0033
			0.0015	0.0124	0.0023
			-0.0033	0.0023	0.0213
	==================================================================================
	Q4:
		Shape: Polyhedra
		q_c:	184.0	189.0	114.5
		ub :	195.582	203.3146	125.8956
		lb :	172.418	174.6854	103.1044
		A:
			0.6868	0.4136	0.5977
			0.4409	-0.2133	-0.8718
			0.0486	-0.428	-0.9025
			0.0241	-0.9308	-0.3649
			-0.9506	0.1189	-0.2867
			-0.8939	0.0145	-0.4479
			0.6065	0.1429	0.7821
			-0.3452	-0.8389	0.4209
			0.7162	-0.5253	-0.4595
			-0.6065	-0.1429	-0.7821
			0.3452	0.8389	-0.4209
			-0.7162	0.5253	0.4595
		b:
			278.4729
			-51.7164
			-169.7019
			-204.3021
			-179.7978
			-208.1463
			232.1537
			-161.8654
			-13.0982
			-224.1537
			185.8654
			27.0982
	==================================================================================
	Q5:
		Shape: Ellipse
		q_c:	164.0	206.0	116.0
		ub :	173.5343	216.871	126.3907
		lb :	154.4657	195.129	105.6093
		P^-1:
			0.037	-0.0156	-0.0139
			-0.0156	0.0346	0.0149
			-0.0139	0.0149	0.0252
	==================================================================================
	Q6:
		Shape: Ellipse
		q_c:	159.5	202.0	95.5
		ub :	172.2567	215.4751	106.4623
		lb :	146.7433	188.5249	84.5377
		P^-1:
			0.019	0.0057	0.0028
			0.0057	0.0137	0.0016
			0.0028	0.0016	0.0134


===========================================================================================
===========================================================================================
S3:
	q_c:	253.0	504.5	54.0
	ub :	266.4996	516.6574	63.3024
	lb :	242.6093	491.4999	46.5014

	==================================================================================
	Q1:
		Shape: Polyhedra
		q_c:	262.5	504.0	55.0
		ub :	266.4996	506.3699	58.6788
		lb :	258.5004	501.6301	51.3212
		A:
			-0.5803	0.5663	-0.5853
			0.9703	-0.1904	-0.1495
			-0.8034	-0.5858	0.1066
			0.3905	0.9203	-0.0215
			0.6986	0.3518	0.6231
			0.7534	-0.3634	0.5481
			0.5635	0.2813	0.7768
			-0.8108	0.0082	0.5852
			0.1582	-0.9596	0.2327
			-0.5635	-0.2813	-0.7768
			0.8108	-0.0082	-0.5852
			-0.1582	0.9596	-0.2327
		b:
			102.7353
			153.6681
			-497.5159
			567.2994
			396.5676
			46.6877
			333.9093
			-173.0113
			-427.296
			-330.9093
			180.0113
			431.296
	==================================================================================
	Q2:
		Shape: Polyhedra
		q_c:	251.0	496.5	52.5
		ub :	255.9934	501.5001	58.369
		lb :	246.0066	491.4999	46.631
		A:
			-0.996	-0.0368	-0.0808
			0.0104	-0.8245	-0.5658
			-0.8912	0.4535	-0.0051
			0.8604	-0.5087	-0.0303
			-0.8009	0.0154	-0.5985
			-0.7951	-0.5508	-0.2538
			0.4624	0.6684	0.5826
			0.6769	-0.6905	0.255
			0.5727	0.2764	-0.7717
			-0.4624	-0.6684	-0.5826
			-0.6769	0.6905	-0.255
			-0.5727	-0.2764	0.7717
		b:
			-269.2271
			-432.0007
			2.9109
			-36.6073
			-221.2212
			-481.7206
			483.5142
			-158.5489
			243.9949
			-473.5142
			160.5489
			-236.9949
	==================================================================================
	Q3:
		Shape: Hybrid
		q_c:	262.0	500.5	54.5
		ub :	266.2405	503.8075	59.12
		lb :	257.7595	497.1925	49.88
		P^-1:
			0.1111	0.0011	-0.0002
			0.0011	0.1578	-0.01
			-0.0002	-0.01	0.1133
		A:
			0.5177	0.6635	-0.5401
			-0.817	-0.0901	-0.5695
			0.7938	0.6014	-0.091
			0.0789	-0.989	-0.1254
			0.7747	0.4903	0.3993
			-0.9888	-0.092	0.1179
		b:
			439.7499
			-288.4546
			505.5599
			-479.8382
			471.8005
			-296.9084
	==================================================================================
	Q4:
		Shape: Hybrid
		q_c:	249.5	502.0	54.5
		ub :	256.3907	508.8131	61.69
		lb :	242.6093	495.1869	47.31
		P^-1:
			0.053	0.0034	-0.0237
			0.0034	0.0336	-0.004
			-0.0237	-0.004	0.0611
		A:
			0.1454	0.4487	-0.8818
			-0.7668	-0.2816	0.5768
			-0.3194	-0.7094	0.6282
			-0.2353	0.3092	0.9214
			0.1237	-0.057	-0.9907
			-0.9597	-0.1841	-0.2124
		b:
			215.9938
			-299.3192
			-398.8882
			149.2424
			-49.2671
			-340.0782
	==================================================================================
	Q5:
		Shape: Polyhedra
		q_c:	259.0	501.0	58.0
		ub :	265.054	506.9068	63.3024
		lb :	252.946	495.0932	52.6976
		A:
			-0.6329	-0.7456	-0.2086
			-0.7533	0.1624	-0.6373
			-0.7415	-0.2435	-0.6252
			0.0546	0.4487	0.892
			-0.7863	0.6178	-0.0085
			-0.3685	-0.7765	0.5111
			0.3609	0.5865	0.7251
			-0.7683	-0.2537	0.5876
			0.5286	-0.7692	0.3591
			-0.3609	-0.5865	-0.7251
			0.7683	0.2537	-0.5876
			-0.5286	0.7692	-0.3591
		b:
			-546.8971
			-146.7069
			-347.3869
			292.953
			110.1427
			-450.8023
			431.3815
			-288.5137
			-222.6082
			-427.3815
			295.5137
			232.6082
	==================================================================================
	Q6:
		Shape: Polyhedra
		q_c:	254.5	514.0	50.0
		ub :	259.0219	516.6574	53.4986
		lb :	249.9781	511.3426	46.5014
		A:
			0.3343	-0.516	-0.7886
			0.4049	-0.6659	0.6267
			0.0121	0.9448	-0.3275
			-0.1073	0.0948	0.9897
			-0.0313	0.6323	0.7741
			0.5068	0.4163	0.7549
			0.2833	0.5182	0.807
			-0.3394	0.8412	-0.421
			-0.897	-0.1546	0.4142
			-0.2833	-0.5182	-0.807
			0.3394	-0.8412	0.421
			0.897	0.1546	-0.4142
		b:
			-217.0446
			-206.379
			474.1921
			73.2652
			357.4994
			382.3577
			380.2997
			326.4502
			-283.0268
			-377.2997
			-323.4502
			291.0268


===========================================================================================
===========================================================================================
S4:
	q_c:	320.5	494.0	209.5
	ub :	337.0574	506.4642	221.7623
	lb :	302.7458	476.1599	194.9127

	==================================================================================
	Q1:
		Shape: Polyhedra
		q_c:	319.5	492.0	200.0
		ub :	322.9884	496.3003	203.8306
		lb :	316.0116	487.6997	196.1694
		A:
			-0.8887	-0.2471	-0.3862
			-0.5821	-0.5252	0.6207
			-0.693	0.5238	-0.4954
			-0.0813	0.9233	-0.3755
			0.855	-0.4919	-0.1642
			-0.7472	0.2551	0.6138
			0.2556	0.9177	0.304
			0.1064	0.2859	-0.9523
			-0.9609	0.2758	-0.0246
			-0.2556	-0.9177	-0.304
			-0.1064	-0.2859	0.9523
			0.9609	-0.2758	0.0246
		b:
			-480.075
			-317.3077
			-60.0906
			356.1374
			0.8439
			12.2475
			597.0033
			-12.8211
			-173.7216
			-591.0033
			18.8211
			178.7216
	==================================================================================
	Q2:
		Shape: Hybrid
		q_c:	320.5	486.0	204.5
		ub :	327.1578	490.9978	208.092
		lb :	313.8422	481.0022	200.908
		P^-1:
			0.0641	0.0796	0.0136
			0.0796	0.2027	0.0352
			0.0136	0.0352	0.1221
		A:
			0.0712	-0.7563	-0.6504
			0.0082	-0.8993	-0.4372
			0.511	0.5382	-0.6702
			-0.2494	0.5747	-0.7794
			0.337	0.5303	-0.778
			-0.1208	-0.8129	-0.5698
		b:
			-475.6791
			-521.9121
			290.3221
			42.9038
			208.5086
			-548.8349
	==================================================================================
	Q3:
		Shape: Polyhedra
		q_c:	312.0	486.0	212.5
		ub :	320.0302	494.8649	221.7623
		lb :	303.9698	477.1351	203.2377
		A:
			-0.2911	-0.9566	0.0153
			-0.6458	-0.2929	-0.7051
			-0.0904	-0.1211	-0.9885
			0.4147	0.8757	0.2472
			-0.8338	-0.2673	-0.483
			-0.2884	-0.8515	-0.438
			0.5794	0.5376	0.6127
			-0.8135	0.334	0.4762
			0.0514	-0.7742	0.6308
			-0.5794	-0.5376	-0.6127
			0.8135	-0.334	-0.4762
			-0.0514	0.7742	-0.6308
		b:
			-547.4417
			-489.9089
			-291.9901
			611.8128
			-488.5071
			-592.6356
			575.7169
			16.7035
			-220.2076
			-568.7169
			-2.7035
			232.2076
	==================================================================================
	Q4:
		Shape: Polyhedra
		q_c:	309.5	490.5	202.0
		ub :	316.2542	495.8871	209.0873
		lb :	302.7458	485.1129	194.9127
		A:
			-0.2029	-0.4407	-0.8744
			-0.5443	0.7259	-0.4205
			0.4521	0.8919	0.0149
			-0.3715	0.4169	-0.8296
			0.1843	0.5529	-0.8126
			0.8759	-0.1599	0.4552
			0.4148	0.6366	0.6501
			-0.4099	0.7686	-0.4912
			-0.8124	-0.0627	0.5797
			-0.4148	-0.6366	-0.6501
			0.4099	-0.7686	0.4912
			0.8124	0.0627	-0.5797
		b:
			-450.6808
			105.2236
			584.8057
			-74.8661
			167.6568
			288.4677
			576.9681
			153.4215
			-160.6052
			-566.9681
			-148.4215
			169.6052
	==================================================================================
	Q5:
		Shape: Ellipse
		q_c:	330.0	483.5	208.0
		ub :	337.0574	490.8401	213.4773
		lb :	322.9426	476.1599	202.5227
		P^-1:
			0.0665	0.0223	0.0031
			0.0223	0.0488	-0.0045
			0.0031	-0.0045	0.081
	==================================================================================
	Q6:
		Shape: Ellipse
		q_c:	319.5	497.5	203.0
		ub :	326.6884	506.4642	209.6119
		lb :	312.3116	488.5358	196.3881
		P^-1:
			0.0438	-0.0107	-0.004
			-0.0107	0.0353	-0.0207
			-0.004	-0.0207	0.0724


===========================================================================================
===========================================================================================
S5:
	q_c:	70.0	146.5	31.0
	ub :	106.2431	177.4991	60.3727
	lb :	44.7716	134.814	-1.9766

	==================================================================================
	Q1:
		Shape: Polyhedra
		q_c:	70.0	163.5	16.5
		ub :	81.5145	177.4991	29.542
		lb :	58.4855	149.5009	3.458
		A:
			0.4186	0.2877	-0.8614
			0.2463	-0.5419	0.8035
			0.8382	-0.0304	-0.5445
			-0.5545	0.7167	0.4229
			0.5988	0.5524	0.5799
			0.7329	0.4285	-0.5285
			0.5421	0.7575	0.3637
			0.8389	-0.5132	-0.1816
			0.0491	0.4036	-0.9136
			-0.5421	-0.7575	-0.3637
			-0.8389	0.5132	0.1816
			-0.0491	-0.4036	0.9136
		b:
			71.4254
			-48.7637
			53.1615
			93.3768
			149.9305
			121.3949
			175.8006
			-20.1797
			63.8449
			-159.8006
			36.1797
			-44.8449
	==================================================================================
	Q2:
		Shape: Polyhedra
		q_c:	76.0	159.0	14.5
		ub :	92.6719	171.8669	30.9766
		lb :	59.3281	146.1331	-1.9766
		A:
			-0.6422	-0.7472	0.1708
			-0.4477	-0.8682	0.2139
			0.9673	-0.0512	-0.2483
			-0.5655	0.471	-0.677
			0.8253	0.4271	-0.3694
			-0.0633	0.9929	-0.1006
			0.6435	0.6532	0.3991
			0.5196	-0.7556	0.3988
			0.5621	-0.0492	-0.8256
			-0.6435	-0.6532	-0.3991
			-0.5196	0.7556	-0.3988
			-0.5621	0.0492	0.8256
		b:
			-155.5891
			-159.6765
			72.1821
			30.8178
			135.7444
			160.2653
			167.5452
			-66.3679
			34.4231
			-149.5452
			83.3679
			-11.4231
	==================================================================================
	Q3:
		Shape: Ellipse
		q_c:	84.5	153.0	48.0
		ub :	98.5278	168.3041	60.3727
		lb :	70.4722	137.6959	35.6273
		P^-1:
			0.0376	0.0017	0.0355
			0.0017	0.0096	0.0053
			0.0355	0.0053	0.0525
	==================================================================================
	Q4:
		Shape: Polyhedra
		q_c:	56.5	146.5	31.5
		ub :	68.2284	155.779	43.8322
		lb :	44.7716	137.221	19.1678
		A:
			-0.2024	0.6148	-0.7623
			-0.4623	0.1783	-0.8686
			0.8135	0.3826	0.438
			-0.6738	-0.4814	-0.5605
			0.8642	0.2786	0.4189
			0.1884	0.902	-0.3885
			0.603	0.7742	0.1923
			-0.638	0.6128	-0.4662
			-0.4788	0.1585	0.8635
			-0.603	-0.7742	-0.1923
			0.638	-0.6128	0.4662
			0.4788	-0.1585	-0.8635
		b:
			62.1433
			-19.8342
			121.0308
			-120.8991
			108.3028
			136.6036
			158.047
			46.0388
			32.8674
			-149.047
			-32.0388
			-13.8674
	==================================================================================
	Q5:
		Shape: Ellipse
		q_c:	88.0	152.5	35.0
		ub :	106.2431	170.186	46.5016
		lb :	69.7569	134.814	23.4984
		P^-1:
			0.0079	-0.0038	-0.0009
			-0.0038	0.0103	0.001
			-0.0009	0.001	0.0149
	==================================================================================
	Q6:
		Shape: Polyhedra
		q_c:	56.0	145.5	42.5
		ub :	66.3297	150.8707	55.6723
		lb :	45.6703	140.1293	29.3277
		A:
			-0.576	0.8037	0.1495
			0.2752	0.9612	-0.0169
			0.085	0.9541	0.2871
			-0.1884	0.9479	0.2568
			-0.0015	0.9429	0.3331
			-0.6275	-0.7521	-0.2015
			0.8804	0.0775	0.4679
			-0.4568	-0.1268	0.8805
			0.1276	-0.9889	-0.0763
			-0.8804	-0.0775	-0.4679
			0.4568	0.1268	-0.8805
			-0.1276	0.9889	0.0763
		b:
			96.0682
			159.3032
			159.5824
			142.4218
			155.3766
			-148.2219
			85.4633
			5.3864
			-136.4801
			-75.4633
			18.6136
			143.4801


===========================================================================================
===========================================================================================
S6:
	q_c:	500.5	26.0	465.0
	ub :	511.6608	46.1406	481.6433
	lb :	475.3743	6.4077	440.4971

	==================================================================================
	Q1:
		Shape: Ellipse
		q_c:	483.5	16.0	468.0
		ub :	491.6257	21.4981	476.343
		lb :	475.3743	10.5019	459.657
		P^-1:
			0.0444	0.0333	-0.0059
			0.0333	0.0931	-0.0083
			-0.0059	-0.0083	0.0218
	==================================================================================
	Q2:
		Shape: Polyhedra
		q_c:	487.0	38.5	459.0
		ub :	496.4068	46.1406	467.0876
		lb :	477.5932	30.8594	450.9124
		A:
			0.722	-0.1488	-0.6757
			0.5648	0.2338	-0.7914
			0.4836	-0.8021	0.3503
			-0.5572	-0.2399	0.795
			0.0216	0.2061	0.9783
			-0.2049	-0.0169	0.9786
			0.8908	0.0663	0.4496
			-0.2418	0.9068	0.3452
			-0.3848	-0.4162	0.8238
			-0.8908	-0.0663	-0.4496
			0.2418	-0.9068	-0.3452
			0.3848	0.4162	-0.8238
		b:
			40.6396
			-75.7858
			371.7468
			87.6681
			472.823
			352.8581
			650.2246
			82.1326
			177.6912
			-635.2246
			-69.1326
			-171.6912
	==================================================================================
	Q3:
		Shape: Ellipse
		q_c:	487.5	19.0	453.5
		ub :	498.6848	31.5923	466.5029
		lb :	476.3152	6.4077	440.4971
		P^-1:
			0.0203	-0.0051	-0.0031
			-0.0051	0.0199	0.0043
			-0.0031	0.0043	0.017
	==================================================================================
	Q4:
		Shape: Hybrid
		q_c:	501.0	19.0	468.0
		ub :	511.6608	23.8207	478.2413
		lb :	490.3392	14.1793	457.7587
		P^-1:
			0.0213	-0.0158	0.0053
			-0.0158	0.1075	-0.0079
			0.0053	-0.0079	0.0216
		A:
			-0.2691	-0.7846	0.5585
			0.2868	0.9303	0.2286
			0.041	0.9239	0.3804
			-0.3335	-0.9416	-0.0469
			-0.0971	0.9131	0.396
			-0.0054	0.9676	0.2525
		b:
			115.7194
			271.2826
			218.867
			-203.9352
			156.7888
			136.1268
	==================================================================================
	Q5:
		Shape: Polyhedra
		q_c:	494.0	21.0	479.0
		ub :	495.7135	23.575	481.6433
		lb :	492.2865	18.425	476.3567
		A:
			-0.3378	-0.9295	0.148
			0.6993	-0.5356	-0.4734
			-0.8846	0.3198	-0.3395
			0.0265	-0.9533	-0.3008
			-0.3145	-0.9469	-0.0674
			0.8695	-0.4475	-0.2092
			0.6063	0.6787	0.4145
			0.7952	-0.5203	-0.3112
			0.0044	0.5183	-0.8552
			-0.6063	-0.6787	-0.4145
			-0.7952	0.5203	0.3112
			-0.0044	-0.5183	0.8552
		b:
			-113.8174
			108.4863
			-591.5053
			-149.6566
			-205.9533
			320.9096
			513.7834
			233.8576
			-394.5615
			-510.7834
			-231.8576
			398.5615
	==================================================================================
	Q6:
		Shape: Polyhedra
		q_c:	497.0	22.0	461.0
		ub :	506.0099	32.5402	471.7808
		lb :	487.9901	11.4598	450.2192
		A:
			0.8232	-0.5638	0.0665
			0.8244	0.4427	-0.3528
			0.7739	-0.3584	0.5221
			-0.0487	-0.9492	-0.311
			-0.6112	0.6715	0.4189
			-0.6026	-0.2898	0.7435
			0.7054	0.4584	0.5406
			0.2202	0.5832	-0.7819
			-0.6738	0.6706	0.3105
			-0.7054	-0.4584	-0.5406
			-0.2202	-0.5832	0.7819
			0.6738	-0.6706	-0.3105
		b:
			432.5807
			263.6634
			623.359
			-182.8694
			-90.875
			44.3424
			615.385
			-230.1838
			-171.9824
			-604.385
			246.1838
			181.9824


===========================================================================================
===========================================================================================
S7:
	q_c:	480.5	141.0	458.0
	ub :	483.3812	149.654	463.1761
	lb :	471.8864	134.5804	447.677

	==================================================================================
	Q1:
		Shape: Polyhedra
		q_c:	475.0	138.0	451.0
		ub :	478.1136	141.3977	452.7327
		lb :	471.8864	134.6023	449.2673
		A:
			0.2884	0.8038	-0.5203
			-0.04	0.4259	-0.9039
			0.167	0.227	-0.9595
			0.4384	0.6316	-0.6394
			-0.023	-0.5794	0.8147
			0.3208	0.9318	0.1698
			0.7559	0.6328	0.168
			0.6545	-0.7367	-0.1699
			0.0163	0.2384	-0.971
			-0.7559	-0.6328	-0.168
			-0.6545	0.7367	0.1699
			-0.0163	-0.2384	0.971
		b:
			14.754
			-366.7418
			-320.996
			8.2862
			277.8184
			359.5786
			523.647
			135.6107
			-396.2995
			-520.647
			-129.6107
			398.2995
	==================================================================================
	Q2:
		Shape: Polyhedra
		q_c:	479.5	138.0	459.5
		ub :	483.2093	141.4196	463.1761
		lb :	475.7907	134.5804	455.8239
		A:
			-0.8258	-0.4755	-0.3033
			-0.6001	-0.6194	-0.5062
			-0.7547	-0.6159	-0.2258
			-0.0938	-0.1578	0.983
			-0.3788	0.9052	0.1926
			-0.0801	0.3687	0.9261
			0.3886	0.6722	0.6302
			-0.6511	0.6843	-0.3284
			-0.652	-0.2827	0.7035
			-0.3886	-0.6722	-0.6302
			0.6511	-0.6843	0.3284
			0.652	0.2827	-0.7035
		b:
			-598.8299
			-603.7886
			-548.5276
			387.2588
			33.8069
			440.1949
			570.6672
			-366.6697
			-25.8687
			-566.6672
			370.6697
			30.8687
	==================================================================================
	Q3:
		Shape: Polyhedra
		q_c:	479.5	139.0	454.0
		ub :	482.6689	141.0023	457.7041
		lb :	476.3311	136.9977	450.2959
		A:
			-0.6091	0.6552	0.4469
			0.4003	0.8924	-0.2086
			0.1627	0.9728	-0.1649
			0.1865	-0.9363	0.2975
			-0.4573	0.2968	-0.8383
			-0.4702	-0.6512	0.5958
			0.4413	0.2337	0.8664
			-0.8958	0.1722	0.4098
			-0.0534	-0.957	0.2853
			-0.4413	-0.2337	-0.8664
			0.8958	-0.1722	-0.4098
			0.0534	0.957	-0.2853
		b:
			3.8594
			222.5443
			139.4607
			95.47
			-555.976
			-44.0243
			640.4279
			-217.534
			-28.1165
			-634.4279
			221.534
			30.1165
	==================================================================================
	Q4:
		Shape: Polyhedra
		q_c:	480.0	143.0	453.5
		ub :	483.3812	147.0347	457.5017
		lb :	476.6188	138.9653	449.4983
		A:
			-0.6874	0.122	0.7159
			0.1683	-0.4553	-0.8743
			-0.0381	0.1518	0.9877
			-0.8015	0.5177	0.2994
			0.1001	0.2469	0.9639
			-0.0934	-0.7184	-0.6893
			0.1155	0.6844	0.7199
			-0.7842	0.5076	-0.3568
			-0.6096	-0.5234	0.5953
			-0.1155	-0.6844	-0.7199
			0.7842	-0.5076	0.3568
			0.6096	0.5234	-0.5953
		b:
			14.61
			-378.3318
			453.7837
			-172.6758
			522.9355
			-457.6887
			482.2852
			-463.6323
			-94.9884
			-477.2852
			467.6323
			99.9884
	==================================================================================
	Q5:
		Shape: Ellipse
		q_c:	479.5	147.5	455.0
		ub :	482.3386	149.654	457.5432
		lb :	476.6614	145.346	452.4568
		P^-1:
			0.1775	-0.0743	0.0889
			-0.0743	0.6211	-0.3676
			0.0889	-0.3676	0.6113
	==================================================================================
	Q6:
		Shape: Polyhedra
		q_c:	477.5	137.5	450.0
		ub :	479.6754	140.2401	452.323
		lb :	475.3246	134.7599	447.677
		A:
			-0.2667	0.6218	0.7364
			-0.0241	0.0123	-0.9996
			-0.6254	-0.6388	0.448
			-0.4472	0.1598	0.8801
			0.2194	-0.5892	-0.7776
			0.179	-0.2319	-0.9561
			0.0535	0.5968	0.8006
			0.0509	0.799	-0.5991
			-0.9973	0.0728	0.0124
			-0.0535	-0.5968	-0.8006
			-0.0509	-0.799	0.5991
			0.9973	-0.0728	-0.0124
		b:
			290.6439
			-457.9266
			-182.5563
			206.0962
			-325.061
			-375.2494
			468.8704
			-132.9089
			-458.6237
			-466.8704
			137.9089
			462.6237


===========================================================================================
===========================================================================================
S8:
	q_c:	467.5	456.5	277.0
	ub :	493.7266	485.9339	302.6234
	lb :	433.6637	429.9093	245.2869

	==================================================================================
	Q1:
		Shape: Ellipse
		q_c:	484.0	470.0	275.5
		ub :	492.3355	475.5794	285.8421
		lb :	475.6645	464.4206	265.1579
		P^-1:
			0.1079	-0.005	-0.0716
			-0.005	0.0491	-0.0012
			-0.0716	-0.0012	0.0615
	==================================================================================
	Q2:
		Shape: Hybrid
		q_c:	460.0	474.5	289.0
		ub :	468.1785	485.9339	299.2805
		lb :	451.8215	463.0661	278.7195
		P^-1:
			0.1073	0.0067	0.0693
			0.0067	0.0134	0.0064
			0.0693	0.0064	0.0673
		A:
			-0.833	0.019	-0.5529
			-0.4974	0.8358	0.2325
			0.865	-0.1023	0.4912
			-0.9902	-0.0172	-0.1389
			0.2506	-0.4142	0.875
			0.576	0.1242	0.808
		b:
			-532.5812
			241.9792
			493.0417
			-500.5134
			176.8409
			559.5428
	==================================================================================
	Q3:
		Shape: Hybrid
		q_c:	445.5	458.0	278.0
		ub :	457.3363	467.6023	291.0254
		lb :	433.6637	448.3977	264.9746
		P^-1:
			0.0539	-0.0376	0.0327
			-0.0376	0.0487	-0.0258
			0.0327	-0.0258	0.0332
		A:
			0.0592	0.9594	-0.2757
			-0.5393	0.8419	-0.0201
			0.3876	0.9212	0.0328
			-0.2288	0.8528	-0.4695
			0.5937	-0.6821	0.427
			0.6907	-0.601	0.4022
		b:
			394.4924
			143.2759
			610.3448
			161.7794
			72.4479
			145.8085
	==================================================================================
	Q4:
		Shape: Hybrid
		q_c:	452.0	452.0	261.5
		ub :	469.24	466.345	277.7131
		lb :	434.76	437.655	245.2869
		P^-1:
			0.0106	0.0038	0.0016
			0.0038	0.0131	0.0033
			0.0016	0.0033	0.0107
		A:
			0.1039	0.4835	-0.8691
			0.6249	0.7028	-0.34
			-0.4608	-0.731	-0.5033
			-0.7771	-0.6145	-0.1359
			0.5776	-0.8064	-0.1268
			0.9143	-0.2124	0.345
		b:
			45.3409
			516.7794
			-666.5325
			-660.1256
			-129.4239
			414.428
	==================================================================================
	Q5:
		Shape: Polyhedra
		q_c:	474.5	439.0	290.5
		ub :	483.8342	448.0907	297.8933
		lb :	465.1658	429.9093	283.1067
		A:
			0.3414	0.5938	-0.7286
			0.5768	-0.2069	-0.7902
			-0.0984	-0.5424	0.8343
			0.894	0.0716	-0.4422
			0.305	-0.7517	-0.5847
			0.0082	0.3355	0.942
			0.6563	0.6904	0.3044
			0.5842	-0.7203	0.374
			0.4775	-0.0676	-0.876
			-0.6563	-0.6904	-0.3044
			-0.5842	0.7203	-0.374
			-0.4775	0.0676	0.876
		b:
			216.0637
			-42.9537
			-36.8927
			331.6312
			-349.9897
			428.8826
			707.915
			77.1514
			-54.1253
			-697.915
			-62.1514
			61.1253
	==================================================================================
	Q6:
		Shape: Polyhedra
		q_c:	481.5	470.5	288.5
		ub :	493.7266	485.6065	302.6234
		lb :	469.2734	455.3935	274.3766
		A:
			-0.1181	-0.1767	0.9771
			0.3655	0.4917	0.7904
			0.841	-0.5373	-0.0628
			0.4712	0.8771	-0.0929
			-0.8505	0.0982	0.5167
			0.9196	-0.1164	0.3752
			0.8367	0.5095	0.2007
			0.4815	-0.51	-0.7127
			-0.2607	0.693	-0.6721
			-0.8367	-0.5095	-0.2007
			-0.4815	0.51	0.7127
			0.2607	-0.693	0.6721
		b:
			151.672
			642.7907
			142.6686
			621.3693
			-207.2234
			505.0049
			707.5155
			-206.7262
			18.1197
			-693.5155
			220.7262
			4.8803


===========================================================================================
===========================================================================================
