3D_45_11_6_d                l = 3

===========================================================================================
===========================================================================================
S1:
	q_c:	352.0	92.5	158.0
	ub :	367.1391	105.2689	171.031
	lb :	345.5249	80.1483	149.1728

	==================================================================================
	Q1:
		Shape: Polyhedra
		q_c:	350.5	94.5	165.5
		ub :	354.4676	100.1688	170.8824
		lb :	346.5324	88.8312	160.1176
		A:
			-0.4202	-0.4941	-0.7611
			-0.2813	-0.1866	-0.9413
			-0.5978	0.3337	0.7289
			-0.4337	0.6486	0.6255
			0.0258	-0.0044	-0.9997
			-0.5966	0.7549	0.2726
			0.8235	0.1935	0.5332
			-0.5653	0.3584	0.743
			-0.0473	-0.9133	0.4045
			-0.8235	-0.1935	-0.5332
			0.5653	-0.3584	-0.743
			0.0473	0.9133	-0.4045
		b:
			-317.2393
			-269.2259
			-54.3694
			15.9719
			-153.6558
			-89.1524
			397.688
			-38.297
			-31.4409
			-392.688
			44.297
			40.4409
	==================================================================================
	Q2:
		Shape: Hybrid
		q_c:	351.0	88.5	159.0
		ub :	356.0925	92.4505	164.2557
		lb :	345.9075	84.5495	153.7443
		P^-1:
			0.139	0.0507	0.0718
			0.0507	0.1538	0.0401
			0.0718	0.0401	0.1308
		A:
			0.5287	-0.2045	0.8238
			0.6164	0.3603	0.7002
			-0.2834	0.8587	0.4269
			0.6508	0.753	-0.0972
			-0.5198	-0.7714	0.3671
			-0.1033	-0.6982	0.7085
		b:
			300.1043
			360.6466
			46.5488
			281.3587
			-190.2558
			16.8649
	==================================================================================
	Q3:
		Shape: Hybrid
		q_c:	358.5	99.0	163.5
		ub :	364.5179	105.2689	170.3763
		lb :	352.4821	92.7311	156.6237
		P^-1:
			0.1041	-0.0458	0.0024
			-0.0458	0.105	-0.0386
			0.0024	-0.0386	0.0656
		A:
			-0.8699	-0.0987	0.4833
			-0.918	0.311	-0.246
			0.8382	-0.5214	0.1598
			0.683	-0.3729	-0.628
			-0.0473	0.3869	0.9209
			-0.7011	0.7131	0.0038
		b:
			-240.4128
			-336.6883
			276.4313
			107.7418
			175.715
			-178.6415
	==================================================================================
	Q4:
		Shape: Polyhedra
		q_c:	361.0	86.5	164.0
		ub :	367.1391	92.8517	171.031
		lb :	354.8609	80.1483	156.969
		A:
			-0.518	0.4491	0.728
			0.6747	-0.6109	0.4143
			0.4069	-0.9083	-0.0969
			0.4145	-0.905	-0.0958
			-0.1969	-0.2442	0.9495
			0.4853	-0.7147	-0.5037
			0.6308	0.4672	0.6196
			-0.7759	0.3889	0.4967
			-0.0089	-0.7941	0.6078
			-0.6308	-0.4672	-0.6196
			0.7759	-0.3889	-0.4967
			0.0089	0.7941	-0.6078
		b:
			-25.2909
			262.3058
			55.6421
			58.8293
			67.0425
			34.2482
			375.7338
			-161.9981
			30.7807
			-363.7338
			167.9981
			-24.7807
	==================================================================================
	Q5:
		Shape: Ellipse
		q_c:	351.0	90.5	154.0
		ub :	355.9929	95.3192	158.8272
		lb :	346.0071	85.6808	149.1728
		P^-1:
			0.0671	0.0096	0.0106
			0.0096	0.109	-0.0023
			0.0106	-0.0023	0.1086
	==================================================================================
	Q6:
		Shape: Ellipse
		q_c:	350.0	98.5	165.0
		ub :	354.4751	103.7538	169.8481
		lb :	345.5249	93.2462	160.1519
		P^-1:
			0.194	-0.0801	-0.0184
			-0.0801	0.1347	-0.0153
			-0.0184	-0.0153	0.0949


===========================================================================================
===========================================================================================
S2:
	q_c:	357.5	419.0	178.0
	ub :	377.3248	438.1872	192.6736
	lb :	343.0525	405.9921	165.4081

	==================================================================================
	Q1:
		Shape: Ellipse
		q_c:	358.5	414.5	178.5
		ub :	366.0003	423.0079	187.0039
		lb :	350.9997	405.9921	169.9961
		P^-1:
			0.0409	0.0055	-0.006
			0.0055	0.04	-0.0007
			-0.006	-0.0007	0.0416
	==================================================================================
	Q2:
		Shape: Polyhedra
		q_c:	368.0	420.0	170.0
		ub :	369.9355	422.6288	172.5184
		lb :	366.0645	417.3712	167.4816
		A:
			-0.6215	-0.2892	0.7281
			0.2217	0.9323	0.2857
			0.4137	-0.8336	-0.3659
			-0.5425	0.3162	0.7783
			0.8256	-0.211	-0.5234
			0.8427	0.2019	-0.499
			0.6537	0.4257	0.6256
			-0.7497	0.2524	0.6117
			0.1026	-0.869	0.4842
			-0.6537	-0.4257	-0.6256
			0.7497	-0.2524	-0.6117
			-0.1026	0.869	-0.4842
		b:
			-225.0375
			523.4502
			-258.6202
			66.5214
			127.2271
			311.3023
			527.2343
			-64.9173
			-242.9129
			-524.2343
			66.9173
			246.9129
	==================================================================================
	Q3:
		Shape: Polyhedra
		q_c:	355.5	433.0	188.0
		ub :	360.0995	438.1872	192.6736
		lb :	350.9005	427.8128	183.3264
		A:
			-0.8705	0.3246	0.37
			-0.8006	0.4025	0.4438
			-0.5802	0.4803	0.6578
			-0.8966	-0.2184	-0.3852
			-0.8105	0.5833	0.0537
			-0.5817	-0.3952	-0.711
			0.2577	0.3072	0.9161
			-0.2583	0.9355	-0.241
			-0.9311	-0.1746	0.3204
			-0.2577	-0.3072	-0.9161
			0.2583	-0.9355	0.241
			0.9311	0.1746	-0.3204
		b:
			-96.1114
			-23.6376
			128.6032
			-482.6991
			-21.9058
			-508.564
			399.831
			271.9265
			-343.3435
			-393.831
			-263.9265
			349.3435
	==================================================================================
	Q4:
		Shape: Polyhedra
		q_c:	351.5	414.0	173.5
		ub :	359.9475	421.4985	181.5919
		lb :	343.0525	406.5015	165.4081
		A:
			0.5059	0.0082	0.8626
			0.1991	0.8505	-0.4867
			-0.8905	0.4387	0.1209
			0.489	0.6125	0.6211
			-0.9092	-0.3839	-0.1613
			-0.9229	-0.3551	-0.1488
			0.6999	0.6187	0.3567
			0.5356	-0.7851	0.3109
			0.4725	-0.0266	-0.881
			-0.6999	-0.6187	-0.3567
			-0.5356	0.7851	-0.3109
			-0.4725	0.0266	0.881
		b:
			335.9734
			343.5526
			-104.1044
			536.5766
			-502.9132
			-493.5487
			567.0773
			-75.8397
			7.715
			-561.0773
			89.8397
			3.285
	==================================================================================
	Q5:
		Shape: Polyhedra
		q_c:	369.5	424.5	176.0
		ub :	377.3248	431.0111	183.8835
		lb :	361.6752	417.9889	168.1165
		A:
			0.6224	-0.7021	0.346
			0.0797	-0.3985	0.9137
			-0.4428	-0.8498	0.286
			-0.0467	0.9925	-0.113
			0.2716	-0.742	0.6129
			-0.5059	0.7966	-0.3307
			0.0635	0.3185	0.9458
			0.1295	0.937	-0.3243
			-0.9895	0.1431	0.0183
			-0.0635	-0.3185	-0.9458
			-0.1295	-0.937	0.3243
			0.9895	-0.1431	-0.0183
		b:
			-1.5728
			26.8299
			-470.018
			388.0403
			-102.0701
			98.1408
			332.1563
			392.0463
			-294.6814
			-318.1563
			-385.0463
			308.6814
	==================================================================================
	Q6:
		Shape: Hybrid
		q_c:	366.0	423.5	184.5
		ub :	374.1003	432.311	192.6006
		lb :	357.8997	414.689	176.3994
		P^-1:
			0.0533	0.0151	0.02
			0.0151	0.0438	0.0173
			0.02	0.0173	0.0412
		A:
			-0.9131	0.3832	-0.1394
			0.0768	-0.56	-0.8249
			0.2049	0.927	-0.314
			0.4801	0.0112	0.8771
			-0.2605	-0.9474	-0.1858
			0.8846	0.2376	0.4012
		b:
			-194.245
			-358.0982
			413.7
			345.2896
			-527.9581
			500.5292


===========================================================================================
===========================================================================================
S3:
	q_c:	178.5	475.0	174.5
	ub :	193.8914	501.2937	197.3894
	lb :	150.0967	459.6731	152.5802

	==================================================================================
	Q1:
		Shape: Polyhedra
		q_c:	189.5	482.0	185.0
		ub :	193.8914	486.9244	189.3235
		lb :	185.1086	477.0756	180.6765
		A:
			-0.7108	0.6784	0.1857
			0.036	0.0614	-0.9975
			0.6214	-0.7835	0.0037
			0.1927	0.4433	0.8754
			-0.413	-0.8647	-0.2858
			-0.2983	-0.725	-0.6208
			0.9415	0.191	0.2776
			0.0305	-0.8687	0.4944
			0.3356	-0.457	-0.8237
			-0.9415	-0.191	-0.2776
			-0.0305	0.8687	-0.4944
			-0.3356	0.457	0.8237
		b:
			229.7
			-145.4669
			-255.8034
			414.5719
			-544.3761
			-517.9204
			325.8445
			-317.4725
			-307.5806
			-317.8445
			325.4725
			310.5806
	==================================================================================
	Q2:
		Shape: Polyhedra
		q_c:	172.5	490.0	177.0
		ub :	184.1987	501.2937	187.3713
		lb :	160.8013	478.7063	166.6287
		A:
			-0.9675	0.2511	-0.0287
			-0.833	-0.4431	-0.3314
			0.1351	-0.9761	-0.1701
			-0.6634	0.6437	0.3814
			-0.9246	0.0594	0.3764
			0.9873	-0.113	-0.1115
			0.6409	0.6642	0.3848
			0.6992	-0.712	0.0645
			0.3169	0.2277	-0.9207
			-0.6409	-0.6642	-0.3848
			-0.6992	0.712	-0.0645
			-0.3169	-0.2277	0.9207
		b:
			-42.3742
			-411.6134
			-478.2379
			274.8313
			-56.7863
			102.0292
			512.1326
			-210.8522
			10.7735
			-496.1326
			222.8522
			4.2265
	==================================================================================
	Q3:
		Shape: Ellipse
		q_c:	181.5	468.5	188.0
		ub :	188.6286	477.3269	197.2637
		lb :	174.3714	459.6731	178.7363
		P^-1:
			0.0446	-0.0049	-0.0075
			-0.0049	0.0323	-0.0004
			-0.0075	-0.0004	0.0333
	==================================================================================
	Q4:
		Shape: Polyhedra
		q_c:	167.0	487.5	184.5
		ub :	173.6748	495.3483	193.4322
		lb :	160.3252	479.6517	175.5678
		A:
			-0.3117	-0.845	-0.4345
			0.7907	0.4496	0.4154
			-0.6834	-0.6502	-0.3319
			0.4439	0.7434	0.5003
			0.8387	0.5438	0.0296
			-0.3404	0.5211	0.7827
			0.7036	0.6648	0.251
			0.6146	-0.392	-0.6845
			-0.3567	0.6359	-0.6844
			-0.7036	-0.6648	-0.251
			-0.6146	0.392	0.6845
			0.3567	-0.6359	0.6844
		b:
			-541.5714
			430.5633
			-490.7589
			531.0079
			412.5453
			345.931
			489.4048
			-210.2612
			132.1453
			-486.4048
			219.2612
			-116.1453
	==================================================================================
	Q5:
		Shape: Hybrid
		q_c:	166.0	476.0	186.5
		ub :	178.4642	486.0297	197.3894
		lb :	153.5358	465.9703	175.6106
		P^-1:
			0.0202	0.0121	0.0217
			0.0121	0.0277	0.0261
			0.0217	0.0261	0.0561
		A:
			-0.3651	-0.3704	-0.8541
			-0.5808	-0.7975	-0.1635
			-0.7067	0.4407	-0.5536
			-0.5859	-0.402	-0.7037
			-0.4861	-0.0109	-0.8738
			-0.3526	-0.7314	-0.5837
		b:
			-394.3084
			-501.2178
			-4.4014
			-417.4499
			-245.3698
			-512.8125
	==================================================================================
	Q6:
		Shape: Polyhedra
		q_c:	160.5	477.0	164.0
		ub :	170.9033	486.842	175.4198
		lb :	150.0967	467.158	152.5802
		A:
			-0.701	0.7132	0.0075
			-0.8106	-0.5274	-0.2544
			-0.5273	-0.18	-0.8304
			0.3326	-0.9149	0.2287
			-0.3823	-0.0294	-0.9236
			0.7657	-0.1474	0.6261
			0.7749	0.6051	0.1827
			0.4357	-0.7208	0.5392
			0.4579	-0.3382	-0.8221
			-0.7749	-0.6051	-0.1827
			-0.4357	0.7208	-0.5392
			-0.4579	0.3382	0.8221
		b:
			235.689
			-418.3943
			-300.2477
			-340.0587
			-219.91
			160.3228
			447.9686
			-180.4507
			-213.148
			-437.9686
			190.4507
			232.148


===========================================================================================
===========================================================================================
S4:
	q_c:	517.0	452.0	244.0
	ub :	522.5848	464.1467	252.9797
	lb :	506.0297	443.2461	234.0169

	==================================================================================
	Q1:
		Shape: Polyhedra
		q_c:	518.0	447.5	238.0
		ub :	522.0338	451.7539	241.9831
		lb :	513.9662	443.2461	234.0169
		A:
			0.139	-0.8469	0.5133
			-0.3734	-0.9277	-0.0021
			0.0665	-0.5458	0.8353
			-0.1366	-0.9441	0.3002
			-0.2664	0.8794	-0.3946
			0.1569	-0.9733	0.1678
			0.5275	0.5571	0.6414
			-0.8279	0.5066	0.2408
			-0.1908	-0.658	0.7284
			-0.5275	-0.5571	-0.6414
			0.8279	-0.5066	-0.2408
			0.1908	0.658	-0.7284
		b:
			-182.6723
			-606.4959
			-8.8604
			-419.55
			163.753
			-311.9996
			678.1906
			-142.2987
			-217.9438
			-672.1906
			147.2987
			221.9438
	==================================================================================
	Q2:
		Shape: Ellipse
		q_c:	518.0	451.0	247.5
		ub :	522.5848	455.9752	252.0631
		lb :	513.4152	446.0248	242.9369
		P^-1:
			0.1612	0.0152	0.0696
			0.0152	0.1048	0.0396
			0.0696	0.0396	0.1768
	==================================================================================
	Q3:
		Shape: Polyhedra
		q_c:	517.0	457.5	249.5
		ub :	519.4083	460.6995	252.9797
		lb :	514.5917	454.3005	246.0203
		A:
			-0.2798	-0.84	-0.4648
			0.974	0.1888	-0.1253
			0.6625	0.7056	-0.2513
			0.7194	0.6422	0.2646
			0.247	0.9299	0.2726
			0.5551	0.0114	-0.8317
			0.2558	0.8275	0.4998
			-0.19	0.55	-0.8133
			-0.9479	0.1131	0.2979
			-0.2558	-0.8275	-0.4998
			0.19	-0.55	0.8133
			0.9479	-0.1131	-0.2979
		b:
			-642.9494
			560.2454
			604.5972
			733.64
			623.1589
			86.6093
			637.5261
			-47.0328
			-362.5035
			-633.5261
			52.0328
			365.5035
	==================================================================================
	Q4:
		Shape: Polyhedra
		q_c:	510.0	458.0	241.5
		ub :	513.9703	461.8589	244.3456
		lb :	506.0297	454.1411	238.6544
		A:
			-0.1681	-0.7766	-0.6072
			-0.5254	0.4281	0.7353
			-0.9514	-0.1982	-0.2356
			-0.4148	0.6738	-0.6115
			-0.8971	-0.2018	0.393
			0.5768	0.4265	-0.6967
			0.3101	0.9493	0.052
			0.9474	-0.3131	0.0662
			0.0791	0.0287	-0.9965
			-0.3101	-0.9493	-0.052
			-0.9474	0.3131	-0.0662
			-0.0791	-0.0287	0.9965
		b:
			-585.2044
			108.4095
			-629.9119
			-47.7889
			-452.1291
			324.0017
			608.4643
			358.772
			-184.6511
			-602.4643
			-352.772
			189.6511
	==================================================================================
	Q5:
		Shape: Ellipse
		q_c:	515.0	459.0	241.5
		ub :	519.8933	464.1467	245.8043
		lb :	510.1067	453.8533	237.1957
		P^-1:
			0.1082	0.0131	0.001
			0.0131	0.0526	-0.0044
			0.001	-0.0044	0.1108
	==================================================================================
	Q6:
		Shape: Hybrid
		q_c:	512.5	450.5	243.5
		ub :	516.0043	452.3717	247.081
		lb :	508.9957	448.6283	239.919
		P^-1:
			2.2748	-0.7055	-1.828
			-0.7055	3.7115	-0.7475
			-1.828	-0.7475	2.063
		A:
			0.6376	0.0861	-0.7656
			0.0244	-0.9458	0.3237
			0.6732	-0.1208	-0.7295
			-0.1662	-0.803	0.5724
			0.0436	0.9456	-0.3225
			-0.6791	0.6262	0.3829
		b:
			179.5233
			-334.4999
			113.3508
			-307.1933
			370.1091
			27.5338


===========================================================================================
===========================================================================================
S5:
	q_c:	153.5	174.0	346.0
	ub :	159.2906	182.1933	355.4806
	lb :	147.0658	166.0651	338.3171

	==================================================================================
	Q1:
		Shape: Polyhedra
		q_c:	155.0	170.0	343.0
		ub :	159.2906	173.9349	346.4525
		lb :	150.7094	166.0651	339.5475
		A:
			-0.6781	-0.3318	-0.6558
			-0.3679	0.1341	0.9201
			-0.0113	-0.9678	0.2515
			-0.5602	-0.536	0.6315
			-0.278	-0.1274	0.9521
			0.524	0.6305	0.5726
			0.719	0.5903	0.3669
			0.442	0.0191	-0.8968
			-0.5364	0.8069	-0.2472
			-0.719	-0.5903	-0.3669
			-0.442	-0.0191	0.8968
			0.5364	-0.8069	0.2472
		b:
			-383.9551
			283.3984
			-77.1587
			40.8877
			263.8676
			387.2802
			340.1485
			-233.8437
			-27.7442
			-335.1485
			237.8437
			33.7442
	==================================================================================
	Q2:
		Shape: Hybrid
		q_c:	152.5	174.0	351.0
		ub :	157.9342	179.7431	355.4806
		lb :	147.0658	168.2569	346.5194
		P^-1:
			0.0912	0.0235	0.0044
			0.0235	0.0834	-0.0052
			0.0044	-0.0052	0.1101
		A:
			-0.3685	0.2242	0.9022
			0.8551	-0.0306	-0.5176
			-0.8453	-0.5264	0.0911
			-0.6438	-0.6319	0.4316
			0.9659	0.1661	0.1986
			-0.8014	-0.4829	0.353
		b:
			301.28
			-54.6293
			-186.992
			-55.12
			247.6477
			-80.801
	==================================================================================
	Q3:
		Shape: Hybrid
		q_c:	153.5	171.0	342.5
		ub :	156.7596	175.0675	346.6829
		lb :	150.2404	166.9325	338.3171
		P^-1:
			0.5285	-0.2126	0.4068
			-0.2126	0.2068	-0.1821
			0.4068	-0.1821	0.4574
		A:
			0.6326	-0.6116	0.4752
			0.0069	-0.4236	0.9058
			-0.5761	0.0473	-0.816
			0.5924	-0.7105	0.3798
			-0.5636	0.4127	-0.7156
			0.0704	-0.9199	0.3857
		b:
			156.1305
			240.8834
			-358.8947
			100.656
			-260.3564
			-12.288
	==================================================================================
	Q4:
		Shape: Ellipse
		q_c:	155.5	174.5	349.5
		ub :	158.6553	177.5374	352.8533
		lb :	152.3447	171.4626	346.1467
		P^-1:
			0.1847	0.0747	-0.0321
			0.0747	0.3862	-0.095
			-0.0321	-0.095	0.1447
	==================================================================================
	Q5:
		Shape: Polyhedra
		q_c:	156.0	170.5	342.0
		ub :	158.1521	172.5278	343.37
		lb :	153.8479	168.4722	340.63
		A:
			-0.9881	-0.0349	-0.1496
			0.7003	0.4968	0.5126
			0.0466	-0.4674	0.8828
			-0.2419	0.3574	-0.9021
			0.1742	0.152	0.9729
			0.4404	0.422	-0.7924
			0.3861	0.9222	0.0215
			0.8921	-0.3792	0.2458
			0.2348	-0.0757	-0.9691
			-0.3861	-0.9222	-0.0215
			-0.8921	0.3792	-0.2458
			-0.2348	0.0757	0.9691
		b:
			-209.7824
			370.7086
			230.7019
			-284.1011
			386.9295
			-129.1829
			226.3291
			160.061
			-306.702
			-223.3291
			-157.061
			308.702
	==================================================================================
	Q6:
		Shape: Polyhedra
		q_c:	151.5	179.5	350.5
		ub :	153.4191	182.1933	352.9204
		lb :	149.5809	176.8067	348.0796
		A:
			0.4142	-0.4411	0.7962
			0.4242	-0.4143	0.8052
			0.6839	-0.694	-0.2249
			-0.4443	-0.4453	0.7774
			0.7463	-0.6626	-0.0632
			0.869	0.4914	-0.0571
			0.103	0.8627	0.4951
			-0.9817	0.1684	-0.0892
			-0.1604	-0.4768	0.8643
			-0.103	-0.8627	-0.4951
			0.9817	-0.1684	0.0892
			0.1604	0.4768	-0.8643
		b:
			264.1445
			273.6244
			-98.0617
			126.7265
			-26.3581
			201.4768
			345.9846
			-148.2658
			194.548
			-341.9846
			151.2658
			-191.548


===========================================================================================
===========================================================================================
S6:
	q_c:	400.0	256.5	191.5
	ub :	407.2785	262.1403	202.4451
	lb :	393.2599	249.3479	185.692

	==================================================================================
	Q1:
		Shape: Polyhedra
		q_c:	399.5	253.0	194.5
		ub :	403.1318	256.6521	196.7177
		lb :	395.8682	249.3479	192.2823
		A:
			-0.3215	-0.588	0.7422
			-0.2231	0.4442	0.8677
			0.5117	0.5781	-0.6356
			-0.4451	-0.3178	0.8372
			-0.3376	-0.6968	0.6329
			-0.3463	-0.5354	0.7703
			0.5775	0.626	0.5241
			-0.7254	0.688	-0.0225
			-0.3746	-0.3672	0.8514
			-0.5775	-0.626	-0.5241
			0.7254	-0.688	0.0225
			0.3746	0.3672	-0.8514
		b:
			-131.6766
			194.0114
			228.2842
			-94.3492
			-186.7337
			-122.8955
			493.5116
			-117.606
			-75.9522
			-488.5116
			122.606
			77.9522
	==================================================================================
	Q2:
		Shape: Ellipse
		q_c:	397.0	258.5	194.5
		ub :	399.7675	262.1403	197.1662
		lb :	394.2325	254.8597	191.8338
		P^-1:
			0.3791	-0.0629	-0.2841
			-0.0629	0.1926	0.2253
			-0.2841	0.2253	0.7894
	==================================================================================
	Q3:
		Shape: Ellipse
		q_c:	403.5	253.0	198.5
		ub :	406.5851	256.3494	201.1178
		lb :	400.4149	249.6506	195.8822
		P^-1:
			0.3358	-0.1226	-0.0564
			-0.1226	0.2469	0.0284
			-0.0564	0.0284	0.2718
	==================================================================================
	Q4:
		Shape: Polyhedra
		q_c:	397.5	257.0	198.0
		ub :	401.7401	260.3926	202.4451
		lb :	393.2599	253.6074	193.5549
		A:
			-0.3886	0.5098	-0.7676
			0.6765	-0.7166	0.1698
			0.4888	0.5899	-0.6427
			0.7613	-0.4613	-0.4557
			-0.3325	-0.9196	0.2093
			0.5107	-0.7236	0.4643
			0.6942	0.3491	0.6294
			0.0073	0.871	-0.4912
			-0.7197	0.3456	0.6021
			-0.6942	-0.3491	-0.6294
			-0.0073	-0.871	0.4912
			0.7197	-0.3456	-0.6021
		b:
			-173.0607
			120.5533
			220.5436
			96.32
			-325.0393
			111.0129
			493.8009
			131.0031
			-75.5588
			-486.8009
			-128.0031
			80.5588
	==================================================================================
	Q5:
		Shape: Hybrid
		q_c:	404.0	253.5	195.5
		ub :	407.2785	256.2149	198.4072
		lb :	400.7215	250.7851	192.5928
		P^-1:
			0.25	0.0	-0.0
			0.0	0.25	-0.0
			-0.0	-0.0	0.25
		A:
			0.2294	-0.3783	0.8968
			-0.557	-0.8295	-0.041
			-0.1214	0.8161	0.5651
			0.8335	0.5525	0.0101
			-0.8286	0.4052	0.3862
			-0.7311	0.6822	-0.0053
		b:
			173.0986
			-442.314
			269.2912
			479.7518
			-155.5344
			-122.4683
	==================================================================================
	Q6:
		Shape: Ellipse
		q_c:	395.0	255.5	188.5
		ub :	396.5066	258.1663	191.308
		lb :	393.4934	252.8337	185.692
		P^-1:
			0.97	0.0042	0.147
			0.0042	0.25	0.0009
			0.147	0.0009	0.28


===========================================================================================
===========================================================================================
S7:
	q_c:	183.5	398.0	383.0
	ub :	200.984	415.9719	392.2936
	lb :	164.174	380.643	368.1577

	==================================================================================
	Q1:
		Shape: Ellipse
		q_c:	179.5	400.5	383.0
		ub :	187.0093	408.2404	390.3838
		lb :	171.9907	392.7596	375.6162
		P^-1:
			0.0764	-0.0324	0.0173
			-0.0324	0.0441	-0.0231
			0.0173	-0.0231	0.0603
	==================================================================================
	Q2:
		Shape: Ellipse
		q_c:	190.5	399.5	382.5
		ub :	200.984	409.2221	392.2936
		lb :	180.016	389.7779	372.7064
		P^-1:
			0.03	0.0011	0.0103
			0.0011	0.0235	0.0038
			0.0103	0.0038	0.0279
	==================================================================================
	Q3:
		Shape: Hybrid
		q_c:	183.5	409.5	382.0
		ub :	187.5986	415.9719	388.1895
		lb :	179.4014	403.0281	375.8105
		P^-1:
			0.7708	0.1803	-0.3655
			0.1803	0.0928	-0.0952
			-0.3655	-0.0952	0.2258
		A:
			-0.9122	0.2794	0.2997
			-0.9127	-0.0329	0.4072
			0.3212	0.15	-0.935
			-0.824	-0.3457	0.4489
			-0.6107	-0.3107	0.7283
			0.272	-0.9077	-0.3195
		b:
			63.4832
			-24.58
			-233.8759
			-120.6408
			40.4952
			-439.6923
	==================================================================================
	Q4:
		Shape: Ellipse
		q_c:	179.5	395.0	384.5
		ub :	185.236	401.0347	389.0486
		lb :	173.764	388.9653	379.9514
		P^-1:
			0.0511	0.0057	-0.0038
			0.0057	0.0693	-0.0181
			-0.0038	-0.0181	0.1026
	==================================================================================
	Q5:
		Shape: Ellipse
		q_c:	191.5	387.5	376.0
		ub :	197.5652	394.357	381.829
		lb :	185.4348	380.643	370.171
		P^-1:
			0.0799	-0.0403	-0.0023
			-0.0403	0.0589	0.0015
			-0.0023	0.0015	0.0331
	==================================================================================
	Q6:
		Shape: Polyhedra
		q_c:	171.0	389.5	377.0
		ub :	177.826	396.8848	385.8423
		lb :	164.174	382.1152	368.1577
		A:
			-0.9389	0.2544	-0.2317
			0.5191	0.8181	-0.2475
			0.6305	-0.0417	-0.7751
			0.6467	0.7237	0.2407
			0.2239	-0.9743	-0.0243
			-0.1348	0.9812	0.1384
			0.3605	0.5249	0.771
			-0.1832	0.8504	-0.4933
			-0.9146	0.0365	0.4027
			-0.3605	-0.5249	-0.771
			0.1832	-0.8504	0.4933
			0.9146	-0.0365	-0.4027
		b:
			-144.2434
			318.9163
			-196.1403
			489.0024
			-345.4361
			416.5016
			563.2863
			118.4123
			13.6545
			-550.2863
			-109.4123
			-5.6545


===========================================================================================
===========================================================================================
S8:
	q_c:	57.0	357.0	426.0
	ub :	62.4557	363.4619	433.8667
	lb :	49.0009	348.1215	418.9984

	==================================================================================
	Q1:
		Shape: Polyhedra
		q_c:	58.0	357.0	431.5
		ub :	60.6547	359.442	433.8667
		lb :	55.3453	354.558	429.1333
		A:
			-0.7459	0.1898	-0.6384
			0.1913	0.8915	-0.4106
			0.2912	0.316	0.903
			-0.3965	0.3984	-0.8271
			0.407	0.2627	0.8748
			-0.634	0.2379	0.7359
			0.6223	0.7025	0.3453
			0.4085	-0.6678	0.6223
			0.6677	-0.2462	-0.7025
			-0.6223	-0.7025	-0.3453
			-0.4085	0.6678	-0.6223
			-0.6677	0.2462	0.7025
		b:
			-249.5936
			153.6418
			521.0356
			-236.5558
			496.5626
			367.19
			437.8788
			54.8006
			-350.8073
			-433.8788
			-52.8006
			353.8073
	==================================================================================
	Q2:
		Shape: Ellipse
		q_c:	58.5	358.0	422.5
		ub :	62.4557	361.0309	426.0016
		lb :	54.5443	354.9691	418.9984
		P^-1:
			0.1413	0.0855	0.0154
			0.0855	0.3849	0.0906
			0.0154	0.0906	0.1894
	==================================================================================
	Q3:
		Shape: Polyhedra
		q_c:	53.5	352.5	430.5
		ub :	57.7911	356.8785	432.722
		lb :	49.2089	348.1215	428.278
		A:
			0.3467	-0.8662	0.3598
			-0.3888	0.862	-0.3252
			0.2171	0.0677	0.9738
			0.8643	-0.0746	-0.4975
			0.9234	0.0622	0.3787
			0.0123	0.4606	0.8875
			0.5927	0.7923	0.1449
			0.7887	-0.6074	0.095
			0.1633	0.058	-0.9849
			-0.5927	-0.7923	-0.1449
			-0.7887	0.6074	-0.095
			-0.1633	-0.058	0.9849
		b:
			-129.2716
			145.6512
			456.5742
			-191.8663
			237.3131
			547.3127
			376.872
			-128.5243
			-393.3097
			-369.872
			133.5243
			396.3097
	==================================================================================
	Q4:
		Shape: Polyhedra
		q_c:	53.5	357.0	428.0
		ub :	57.9991	360.9925	431.4441
		lb :	49.0009	353.0075	424.5559
		A:
			0.2533	-0.8891	0.3812
			0.0855	-0.9495	-0.3019
			0.8244	-0.5411	-0.166
			-0.2802	-0.8627	-0.421
			-0.6335	-0.3026	0.7121
			-0.9639	0.236	0.1231
			0.7894	0.5615	0.2483
			0.4286	-0.2144	-0.8777
			-0.4396	0.7992	-0.4099
			-0.7894	-0.5615	-0.2483
			-0.4286	0.2144	0.8777
			0.4396	-0.7992	0.4099
		b:
			-138.634
			-461.0647
			-217.9057
			-500.0864
			165.3253
			88.0234
			352.4365
			-427.2764
			88.3736
			-345.4365
			431.2764
			-84.3736
	==================================================================================
	Q5:
		Shape: Polyhedra
		q_c:	55.0	360.0	425.0
		ub :	58.6429	363.4619	427.9271
		lb :	51.3571	356.5381	422.0729
		A:
			-0.8011	-0.373	-0.4681
			0.7472	0.2067	0.6317
			-0.7343	0.5624	0.3802
			0.0202	-0.6714	0.7408
			0.3874	0.5321	-0.7529
			0.0317	0.8458	-0.5325
			0.0505	0.3081	0.95
			-0.3951	0.8798	-0.2643
			-0.9172	-0.362	0.1661
			-0.0505	-0.3081	-0.95
			0.3951	-0.8798	0.2643
			0.9172	0.362	-0.1661
		b:
			-374.5979
			386.4573
			325.9604
			76.3861
			-104.6184
			82.1189
			519.4468
			184.6454
			-107.1791
			-515.4468
			-180.6454
			113.1791
	==================================================================================
	Q6:
		Shape: Ellipse
		q_c:	53.0	359.0	422.5
		ub :	56.8365	362.7004	425.2621
		lb :	49.1635	355.2996	419.7379
		P^-1:
			0.2151	-0.0447	-0.1001
			-0.0447	0.2007	-0.0703
			-0.1001	-0.0703	0.3898


===========================================================================================
===========================================================================================
S9:
	q_c:	438.0	382.0	337.5
	ub :	454.7699	393.8044	357.6984
	lb :	419.1123	363.8719	311.8654

	==================================================================================
	Q1:
		Shape: Hybrid
		q_c:	431.0	379.0	323.0
		ub :	439.5803	388.5555	331.6736
		lb :	422.4197	369.4445	314.3264
		P^-1:
			0.0343	0.0058	0.0086
			0.0058	0.0396	-0.0189
			0.0086	-0.0189	0.0464
		A:
			-0.4261	-0.2396	-0.8724
			0.6151	-0.5706	0.5442
			-0.4763	-0.372	0.7967
			0.8756	-0.2793	0.3942
			0.3725	0.3939	0.8403
			0.1585	0.3561	-0.9209
		b:
			-552.9641
			227.4127
			-85.844
			402.0582
			584.9424
			-91.4976
	==================================================================================
	Q2:
		Shape: Ellipse
		q_c:	429.0	387.5	328.0
		ub :	434.5902	393.8044	334.1318
		lb :	423.4098	381.1956	321.8682
		P^-1:
			0.135	-0.0423	-0.0298
			-0.0423	0.0884	-0.0505
			-0.0298	-0.0505	0.1243
	==================================================================================
	Q3:
		Shape: Hybrid
		q_c:	438.5	385.5	351.5
		ub :	444.77	390.9383	357.6984
		lb :	432.23	380.0617	345.3016
		P^-1:
			0.0938	0.046	0.0074
			0.046	0.1024	0.0383
			0.0074	0.0383	0.0854
		A:
			-0.0097	0.8378	0.5459
			0.7437	0.6503	-0.155
			0.0394	0.6152	0.7874
			0.8148	0.4539	-0.3606
			0.8619	0.1035	-0.4964
			0.959	0.0462	-0.2795
		b:
			512.405
			524.0069
			532.8687
			407.4499
			245.5402
			342.3833
	==================================================================================
	Q4:
		Shape: Hybrid
		q_c:	427.0	373.5	319.0
		ub :	434.8877	379.7733	326.1346
		lb :	419.1123	367.2267	311.8654
		P^-1:
			0.0494	0.0663	0.0277
			0.0663	0.1944	0.0714
			0.0277	0.0714	0.0535
		A:
			0.5861	0.7773	0.2285
			0.3698	0.9239	0.098
			-0.4762	-0.5818	-0.6593
			-0.1473	0.948	0.282
			0.5568	-0.8245	0.1011
			-0.7146	-0.6955	-0.0746
		b:
			615.2083
			535.8556
			-628.681
			383.7565
			-33.2024
			-586.1034
	==================================================================================
	Q5:
		Shape: Hybrid
		q_c:	447.5	373.0	332.0
		ub :	454.7699	380.6901	340.1704
		lb :	440.2301	365.3099	323.8296
		P^-1:
			0.0597	0.0177	0.005
			0.0177	0.0511	0.019
			0.005	0.019	0.048
		A:
			0.7515	-0.6299	-0.1961
			-0.4451	-0.5611	-0.6979
			0.8637	0.5026	-0.0376
			-0.89	-0.2037	-0.4079
			-0.8339	-0.5514	0.024
			-0.5727	-0.5639	-0.595
		b:
			39.5176
			-638.2731
			563.5994
			-607.3675
			-568.7818
			-662.3468
	==================================================================================
	Q6:
		Shape: Polyhedra
		q_c:	445.0	373.0	329.5
		ub :	453.0373	382.1281	336.6841
		lb :	436.9627	363.8719	322.3159
		A:
			-0.441	-0.6465	0.6226
			-0.6562	-0.4993	0.5657
			-0.6889	-0.2525	0.6794
			0.5334	0.5218	-0.6657
			0.1279	-0.545	0.8286
			-0.5475	-0.3471	0.7614
			0.3603	0.6162	0.7004
			-0.5238	-0.4876	0.6984
			0.7719	-0.6185	0.1471
			-0.3603	-0.6162	-0.7004
			0.5238	0.4876	-0.6984
			-0.7719	0.6185	-0.1471
		b:
			-230.5833
			-290.1801
			-174.8693
			213.7347
			130.8151
			-120.7195
			628.9293
			-183.8525
			167.247
			-612.9293
			185.8525
			-155.247


===========================================================================================
===========================================================================================
S10:
	q_c:	156.5	157.0	395.0
	ub :	169.1506	168.4791	402.968
	lb :	142.1719	146.6879	378.9875

	==================================================================================
	Q1:
		Shape: Polyhedra
		q_c:	166.0	160.5	400.0
		ub :	169.1506	164.5478	402.2248
		lb :	162.8494	156.4522	397.7752
		A:
			-0.3707	-0.1053	-0.9228
			0.5097	0.1759	0.8422
			-0.3766	0.5833	0.7196
			-0.3544	-0.0315	-0.9345
			-0.1823	-0.4388	-0.8799
			-0.7002	-0.1994	-0.6856
			0.3961	0.2018	0.8958
			0.3612	0.8627	-0.3541
			-0.8442	0.4638	0.2688
			-0.3961	-0.2018	-0.8958
			-0.3612	-0.8627	0.3541
			0.8442	-0.4638	-0.2688
		b:
			-446.9306
			450.2759
			320.6035
			-436.9266
			-451.7704
			-421.4486
			456.9469
			60.2772
			43.8187
			-455.9469
			-53.2772
			-39.8187
	==================================================================================
	Q2:
		Shape: Ellipse
		q_c:	151.5	160.5	387.0
		ub :	156.079	168.4791	395.0125
		lb :	146.921	152.5209	378.9875
		P^-1:
			0.1512	-0.0274	-0.0182
			-0.0274	0.0339	0.0041
			-0.0182	0.0041	0.0305
	==================================================================================
	Q3:
		Shape: Polyhedra
		q_c:	160.5	152.0	393.5
		ub :	165.7462	157.3121	398.5383
		lb :	155.2538	146.6879	388.4617
		A:
			0.0784	0.9319	0.3542
			0.5526	-0.5832	-0.5953
			0.2686	0.1019	0.9579
			-0.6962	0.0884	-0.7124
			-0.4723	-0.4793	-0.7397
			0.5605	0.731	0.3893
			0.5271	0.4632	0.7125
			0.4919	0.5173	-0.7003
			-0.693	0.7196	0.0448
			-0.5271	-0.4632	-0.7125
			-0.4919	-0.5173	0.7003
			0.693	-0.7196	-0.0448
		b:
			296.1565
			-231.2666
			438.5019
			-376.2854
			-437.7325
			356.9285
			437.3648
			-112.9594
			18.2991
			-433.3648
			122.9594
			-13.2991
	==================================================================================
	Q4:
		Shape: Polyhedra
		q_c:	148.5	155.0	386.5
		ub :	154.8281	160.4225	393.287
		lb :	142.1719	149.5775	379.713
		A:
			-0.5009	0.8622	-0.0758
			-0.7879	0.4321	0.4387
			-0.1021	0.8723	-0.4782
			0.7358	-0.5863	0.339
			0.915	-0.3819	0.1303
			0.3231	-0.7908	0.5198
			0.3455	0.8119	0.4705
			0.6515	0.1533	-0.7429
			-0.6754	0.5633	-0.476
			-0.3455	-0.8119	-0.4705
			-0.6515	-0.1533	0.7429
			0.6754	-0.5633	0.476
		b:
			32.9796
			123.7913
			-61.3656
			151.9649
			130.19
			129.2835
			363.0208
			-161.6291
			-194.4729
			-355.0208
			171.6291
			199.4729
	==================================================================================
	Q5:
		Shape: Ellipse
		q_c:	155.0	154.0	398.5
		ub :	158.457	157.0014	402.968
		lb :	151.543	150.9986	394.032
		P^-1:
			2.2336	1.8888	0.4871
			1.8888	1.7387	0.4239
			0.4871	0.4239	0.1718
	==================================================================================
	Q6:
		Shape: Ellipse
		q_c:	164.0	159.0	390.5
		ub :	165.823	162.9481	394.0117
		lb :	162.177	155.0519	386.9883
		P^-1:
			0.4427	0.0187	0.0167
			0.0187	0.0831	-0.0031
			0.0167	-0.0031	0.1114


===========================================================================================
===========================================================================================
S11:
	q_c:	238.5	37.5	409.0
	ub :	250.7802	49.6385	420.4952
	lb :	233.5054	28.0527	400.3585

	==================================================================================
	Q1:
		Shape: Polyhedra
		q_c:	245.5	34.0	407.5
		ub :	250.3428	37.4281	413.237
		lb :	240.6572	30.5719	401.763
		A:
			0.4327	0.8997	-0.0572
			0.8811	-0.4592	0.1131
			0.191	0.8053	-0.5613
			-0.1746	0.9834	-0.0501
			0.7342	-0.5861	-0.3426
			0.2304	0.6698	-0.7058
			0.525	0.2847	0.802
			-0.8487	0.2459	0.4683
			-0.0639	-0.9265	0.3707
			-0.525	-0.2847	-0.802
			0.8487	-0.2459	-0.4683
			0.0639	0.9265	-0.3707
		b:
			116.0976
			249.7788
			-152.799
			-28.0276
			23.1221
			-206.2298
			470.4106
			-6.6654
			105.3821
			-460.4106
			11.6654
			-102.3821
	==================================================================================
	Q2:
		Shape: Polyhedra
		q_c:	243.0	32.5	403.0
		ub :	247.5798	36.9473	405.6415
		lb :	238.4202	28.0527	400.3585
		A:
			-0.917	-0.3788	-0.1254
			-0.298	0.4946	-0.8164
			0.6693	0.1922	0.7177
			0.5925	-0.1244	0.7959
			0.5917	0.5377	0.6007
			-0.1986	-0.9763	0.0855
			0.9147	0.4033	0.0266
			0.103	-0.1689	-0.9802
			-0.3908	0.8994	-0.196
			-0.9147	-0.4033	-0.0266
			-0.103	0.1689	0.9802
			0.3908	-0.8994	0.196
		b:
			-282.1642
			-382.7725
			461.0214
			463.4124
			406.3217
			-42.362
			249.592
			-373.5104
			-141.7236
			-242.592
			377.5104
			147.7236
	==================================================================================
	Q3:
		Shape: Polyhedra
		q_c:	239.0	43.5	414.5
		ub :	244.4946	49.6385	420.4952
		lb :	233.5054	37.3615	408.5048
		A:
			-0.008	0.7625	0.6469
			-0.9857	-0.0492	-0.1611
			-0.4514	-0.3922	-0.8015
			0.0913	0.8502	-0.5185
			0.4842	0.6854	0.5439
			0.5647	0.5125	0.6469
			0.7185	0.1324	0.6828
			-0.652	0.4703	0.5948
			-0.2423	-0.8725	0.4242
			-0.7185	-0.1324	-0.6828
			0.652	-0.4703	-0.5948
			0.2423	0.8725	-0.4242
		b:
			303.1386
			-301.4103
			-454.3949
			-151.672
			374.2324
			428.2681
			463.0083
			115.1925
			84.4491
			-458.0083
			-107.1925
			-75.4491
	==================================================================================
	Q4:
		Shape: Ellipse
		q_c:	246.0	37.0	407.0
		ub :	250.7802	40.5618	411.6323
		lb :	241.2198	33.4382	402.3677
		P^-1:
			0.1984	-0.0559	-0.1824
			-0.0559	0.1332	0.0621
			-0.1824	0.0621	0.2733
	==================================================================================
	Q5:
		Shape: Ellipse
		q_c:	240.5	37.5	413.5
		ub :	243.4402	40.0624	417.0081
		lb :	237.5598	34.9376	409.9919
		P^-1:
			0.2342	0.0012	0.044
			0.0012	0.16	0.001
			0.044	0.001	0.1269
	==================================================================================
	Q6:
		Shape: Ellipse
		q_c:	242.5	44.0	415.5
		ub :	246.3108	47.9717	419.3019
		lb :	238.6892	40.0283	411.6981
		P^-1:
			0.2072	0.0217	0.0393
			0.0217	0.17	0.0181
			0.0393	0.0181	0.1928


===========================================================================================
===========================================================================================
