3D_45_7_6_a                l = 3

===========================================================================================
===========================================================================================
S1:
	q_c:	172.0	320.5	199.5
	ub :	178.9835	329.2786	209.8045
	lb :	165.2434	310.8085	192.2688

	==================================================================================
	Q1:
		Shape: Hybrid
		q_c:	175.0	320.5	197.0
		ub :	178.415	324.1176	200.1204
		lb :	171.585	316.8824	193.8796
		P^-1:
			0.309	0.0484	-0.1091
			0.0484	0.1403	0.03
			-0.1091	0.03	0.3563
		A:
			0.8779	-0.1525	-0.454
			-0.2809	0.6501	0.706
			0.5112	-0.4369	-0.7401
			-0.0085	-0.6826	-0.7308
			0.75	-0.5538	0.3616
			-0.3122	0.8259	0.4694
		b:
			16.3427
			299.5999
			-195.2786
			-362.8846
			27.0031
			304.2621
	==================================================================================
	Q2:
		Shape: Ellipse
		q_c:	175.0	322.0	205.0
		ub :	178.6759	325.1985	209.8045
		lb :	171.3241	318.8015	200.1955
		P^-1:
			0.1532	-0.0318	-0.0155
			-0.0318	0.3749	-0.1436
			-0.0155	-0.1436	0.1389
	==================================================================================
	Q3:
		Shape: Ellipse
		q_c:	168.5	319.0	206.0
		ub :	171.6863	322.7985	209.7368
		lb :	165.3137	315.2015	202.2632
		P^-1:
			0.3279	-0.0612	-0.1258
			-0.0612	0.1823	0.0459
			-0.1258	0.0459	0.2542
	==================================================================================
	Q4:
		Shape: Ellipse
		q_c:	173.5	314.0	200.0
		ub :	176.9255	317.1915	203.4991
		lb :	170.0745	310.8085	196.5009
		P^-1:
			0.2361	-0.1228	-0.0279
			-0.1228	0.3581	0.045
			-0.0279	0.045	0.1702
	==================================================================================
	Q5:
		Shape: Polyhedra
		q_c:	175.5	324.5	196.0
		ub :	178.9835	326.7982	199.4916
		lb :	172.0165	322.2018	192.5084
		A:
			0.0994	-0.4732	0.8753
			-0.0965	-0.9027	-0.4193
			-0.5796	0.7523	-0.3132
			-0.5538	-0.8156	0.1678
			-0.1745	0.9843	-0.0265
			0.6182	-0.703	0.3515
			0.7784	0.0225	0.6274
			-0.5675	0.4523	0.688
			-0.2683	-0.8916	0.3648
			-0.7784	-0.0225	-0.6274
			0.5675	-0.4523	-0.688
			0.2683	0.8916	-0.3648
		b:
			37.442
			-390.1724
			83.0451
			-327.2907
			285.2659
			-48.6395
			269.3643
			184.0166
			-263.396
			-264.3643
			-180.0166
			266.396
	==================================================================================
	Q6:
		Shape: Hybrid
		q_c:	167.5	324.5	197.0
		ub :	169.7566	329.2786	201.7312
		lb :	165.2434	319.7214	192.2688
		P^-1:
			0.4301	-0.0573	-0.0414
			-0.0573	0.1057	-0.0079
			-0.0414	-0.0079	0.1014
		A:
			-0.9873	-0.1589	-0.0074
			0.9157	-0.2199	-0.3363
			-0.7969	0.4594	0.3924
			-0.3788	-0.0855	0.9215
			0.8705	0.342	0.3539
			0.3191	0.2465	0.9151
		b:
			-217.3247
			16.6846
			94.1783
			92.4878
			328.3023
			316.3089


===========================================================================================
===========================================================================================
S2:
	q_c:	156.5	64.5	244.0
	ub :	166.8321	73.8504	253.4949
	lb :	146.569	55.8039	237.0082

	==================================================================================
	Q1:
		Shape: Ellipse
		q_c:	161.0	70.5	250.5
		ub :	166.0684	73.8504	253.4949
		lb :	155.9316	67.1496	247.5051
		P^-1:
			0.0722	-0.0351	0.1193
			-0.0351	0.3474	-0.3517
			0.1193	-0.3517	0.7899
	==================================================================================
	Q2:
		Shape: Hybrid
		q_c:	155.5	60.5	248.0
		ub :	159.9475	65.1961	252.9227
		lb :	151.0525	55.8039	243.0773
		P^-1:
			0.071	-0.0291	-0.026
			-0.0291	0.1622	0.0889
			-0.026	0.0889	0.1418
		A:
			-0.5015	0.8275	0.2523
			0.8458	-0.007	-0.5335
			-0.7719	0.2301	0.5926
			0.7911	-0.5974	0.1314
			0.3575	-0.8495	-0.3879
			0.2292	0.8845	0.4065
		b:
			36.2646
			1.3422
			42.9825
			122.0491
			-90.7099
			191.6138
	==================================================================================
	Q3:
		Shape: Ellipse
		q_c:	163.0	63.5	245.0
		ub :	166.8321	65.465	248.987
		lb :	159.1679	61.535	241.013
		P^-1:
			0.5409	1.2094	0.1546
			1.2094	3.5147	0.4349
			0.1546	0.4349	0.1667
	==================================================================================
	Q4:
		Shape: Ellipse
		q_c:	150.0	61.5	246.0
		ub :	152.7394	64.8565	249.7003
		lb :	147.2606	58.1435	242.2997
		P^-1:
			0.2633	0.0536	0.0205
			0.0536	0.2914	0.1559
			0.0205	0.1559	0.2509
	==================================================================================
	Q5:
		Shape: Polyhedra
		q_c:	152.0	63.0	242.0
		ub :	157.431	67.5172	246.9918
		lb :	146.569	58.4828	237.0082
		A:
			-0.5474	-0.7924	0.2691
			-0.6183	0.5046	-0.6026
			-0.3267	-0.4876	0.8096
			0.115	-0.8011	0.5874
			0.0715	0.9806	-0.1825
			0.0529	0.8651	0.4988
			0.6251	0.6275	0.4642
			0.3463	-0.756	0.5555
			0.6995	-0.1865	-0.6899
			-0.6251	-0.6275	-0.4642
			-0.3463	0.756	-0.5555
			-0.6995	0.1865	0.6899
		b:
			-64.4651
			-205.891
			117.9705
			110.8685
			31.3409
			187.1875
			251.3869
			140.9478
			-69.3752
			-242.3869
			-137.9478
			75.3752
	==================================================================================
	Q6:
		Shape: Ellipse
		q_c:	160.0	68.5	243.5
		ub :	164.9204	72.9588	248.7749
		lb :	155.0796	64.0412	238.2251
		P^-1:
			0.0908	-0.0267	-0.0019
			-0.0267	0.1451	0.0196
			-0.0019	0.0196	0.0682


===========================================================================================
===========================================================================================
S3:
	q_c:	353.0	502.0	182.5
	ub :	380.0578	520.9734	205.2475
	lb :	336.449	485.9608	164.8117

	==================================================================================
	Q1:
		Shape: Ellipse
		q_c:	341.0	514.5	193.0
		ub :	345.551	519.0033	197.181
		lb :	336.449	509.9967	188.819
		P^-1:
			0.1697	-0.0088	0.0658
			-0.0088	0.1409	0.0476
			0.0658	0.0476	0.1811
	==================================================================================
	Q2:
		Shape: Ellipse
		q_c:	368.0	495.5	193.0
		ub :	380.0578	502.9825	205.2475
		lb :	355.9422	488.0175	180.7525
		P^-1:
			0.0272	-0.0068	0.015
			-0.0068	0.0471	0.0063
			0.015	0.0063	0.0226
	==================================================================================
	Q3:
		Shape: Ellipse
		q_c:	364.5	513.5	177.0
		ub :	367.9699	519.9595	183.4817
		lb :	361.0301	507.0405	170.5183
		P^-1:
			0.4044	-0.1107	0.0116
			-0.1107	0.1348	0.0682
			0.0116	0.0682	0.0889
	==================================================================================
	Q4:
		Shape: Ellipse
		q_c:	352.0	509.0	189.5
		ub :	365.2068	520.9734	198.3446
		lb :	338.7932	497.0266	180.6554
		P^-1:
			0.0187	0.0099	0.0258
			0.0099	0.0259	0.0328
			0.0258	0.0328	0.0889
	==================================================================================
	Q5:
		Shape: Polyhedra
		q_c:	359.0	503.0	186.5
		ub :	366.8983	507.0911	194.2002
		lb :	351.1017	498.9089	178.7998
		A:
			-0.2832	-0.9296	-0.236
			-0.6033	0.7647	-0.2262
			-0.3508	-0.9363	0.0185
			0.0165	0.9433	-0.3315
			0.5141	-0.7179	0.4695
			0.4542	0.7849	0.4216
			0.8804	0.3707	0.2957
			-0.319	0.0016	0.9477
			0.3509	-0.9287	0.1196
			-0.8804	-0.3707	-0.2957
			0.319	-0.0016	-0.9477
			-0.3509	0.9287	-0.1196
		b:
			-608.9411
			128.5596
			-589.1748
			421.6458
			-85.8493
			641.6858
			563.6906
			69.0104
			-316.8779
			-551.6906
			-57.0104
			320.8779
	==================================================================================
	Q6:
		Shape: Hybrid
		q_c:	350.5	495.5	175.0
		ub :	357.3194	505.0392	185.1883
		lb :	343.6806	485.9608	164.8117
		P^-1:
			0.1202	0.0437	0.0481
			0.0437	0.0442	0.0105
			0.0481	0.0105	0.0425
		A:
			-0.624	0.2711	-0.7329
			-0.8576	0.4549	0.2402
			-0.2485	-0.7256	0.6417
			-0.5762	0.8123	-0.0909
			-0.9245	-0.1786	-0.3367
			-0.8127	-0.1291	-0.5682
		b:
			-209.6442
			-27.0214
			-330.0276
			190.1963
			-469.8515
			-446.6188


===========================================================================================
===========================================================================================
S4:
	q_c:	315.0	292.0	447.0
	ub :	327.2547	300.5098	454.9179
	lb :	309.3098	286.093	438.4143

	==================================================================================
	Q1:
		Shape: Ellipse
		q_c:	313.0	296.0	443.5
		ub :	316.6902	299.2644	446.4427
		lb :	309.3098	292.7356	440.5573
		P^-1:
			0.1247	-0.0406	0.004
			-0.0406	0.233	-0.0171
			0.004	-0.0171	0.1635
	==================================================================================
	Q2:
		Shape: Hybrid
		q_c:	318.0	295.5	447.0
		ub :	320.3186	297.5657	449.5027
		lb :	315.6814	293.4343	444.4973
		P^-1:
			0.813	-1.0734	0.8013
			-1.0734	2.2966	-1.5277
			0.8013	-1.5277	1.3904
		A:
			-0.6956	0.7029	-0.1481
			0.3104	-0.6631	0.6811
			0.5741	-0.5987	0.5586
			0.5406	-0.557	0.6304
			0.1007	-0.9907	0.0916
			-0.1649	0.8532	-0.4949
		b:
			-78.876
			207.589
			255.7758
			289.5787
			-218.8575
			-21.0931
	==================================================================================
	Q3:
		Shape: Hybrid
		q_c:	323.5	295.5	448.5
		ub :	327.2547	299.5013	451.3835
		lb :	319.7453	291.4987	445.6165
		P^-1:
			0.3136	0.1665	-0.0513
			0.1665	0.2326	0.0652
			-0.0513	0.0652	0.4243
		A:
			-0.46	-0.5211	-0.719
			-0.8635	-0.4695	0.1844
			-0.5587	0.3912	0.7313
			-0.7845	-0.1652	0.5977
			0.3176	0.7691	-0.5546
			0.3436	0.0755	-0.9361
		b:
			-624.4757
			-334.5419
			264.1687
			-33.6458
			82.7606
			-285.6044
	==================================================================================
	Q4:
		Shape: Hybrid
		q_c:	313.5	290.0	451.5
		ub :	317.011	293.907	454.9179
		lb :	309.989	286.093	448.0821
		P^-1:
			0.2714	-0.1799	-0.0217
			-0.1799	0.2527	0.0169
			-0.0217	0.0169	0.1131
		A:
			-0.4967	0.7311	0.4678
			-0.4185	0.6793	0.6029
			0.7435	-0.6683	-0.0252
			0.4924	0.7337	0.4682
			0.1281	-0.6001	0.7896
			-0.7487	0.6464	0.1473
		b:
			268.6732
			339.4172
			28.6598
			581.1612
			224.6731
			19.9897
	==================================================================================
	Q5:
		Shape: Polyhedra
		q_c:	317.0	293.5	442.5
		ub :	319.9997	296.6622	446.5857
		lb :	314.0003	290.3378	438.4143
		A:
			0.1805	0.8386	-0.514
			-0.8585	-0.4928	0.1418
			0.6146	0.7242	0.3128
			0.414	0.8284	-0.3773
			0.6604	-0.6952	-0.2838
			-0.5565	-0.7444	-0.3689
			0.1778	0.9569	0.2297
			0.9826	-0.1599	-0.0944
			-0.0536	0.2425	-0.9687
			-0.1778	-0.9569	-0.2297
			-0.9826	0.1599	0.0944
			0.0536	-0.2425	0.9687
		b:
			78.7052
			-351.6379
			547.941
			210.0103
			-117.9939
			-555.9761
			440.8424
			225.2764
			-370.967
			-436.8424
			-220.2764
			377.967
	==================================================================================
	Q6:
		Shape: Hybrid
		q_c:	319.0	297.5	444.0
		ub :	322.7456	300.5098	447.6158
		lb :	315.2544	294.4902	440.3842
		P^-1:
			0.2186	-0.0051	0.0426
			-0.0051	0.2492	0.0069
			0.0426	0.0069	0.1923
		A:
			0.6242	0.4322	0.6508
			0.1964	-0.7214	-0.6641
			-0.9816	0.0648	0.1795
			0.4547	-0.1483	0.8782
			-0.2499	0.9287	0.2741
			-0.4928	0.4658	-0.7349
		b:
			617.674
			-445.6293
			-212.907
			491.9601
			319.3219
			-343.8926


===========================================================================================
===========================================================================================
S5:
	q_c:	369.5	465.0	245.5
	ub :	385.0217	481.2491	262.4116
	lb :	354.1631	455.0143	223.9636

	==================================================================================
	Q1:
		Shape: Polyhedra
		q_c:	367.5	473.5	251.5
		ub :	371.3522	480.1625	256.9066
		lb :	363.6478	466.8375	246.0934
		A:
			-0.5632	-0.0262	-0.8259
			-0.0408	-0.4153	0.9088
			-0.9091	-0.3413	-0.239
			0.9573	-0.2333	-0.1709
			0.2378	-0.7886	0.567
			-0.8955	0.1672	-0.4124
			0.9399	0.039	0.3393
			0.0428	-0.9991	-0.0038
			0.3388	0.0181	-0.9407
			-0.9399	-0.039	-0.3393
			-0.0428	0.9991	0.0038
			-0.3388	-0.0181	0.9407
		b:
			-423.7441
			22.0674
			-553.0078
			201.8014
			-137.6855
			-351.2796
			451.2003
			-451.7761
			-98.5032
			-447.2003
			464.7761
			108.5032
	==================================================================================
	Q2:
		Shape: Polyhedra
		q_c:	364.5	470.5	238.5
		ub :	374.8369	480.862	245.0148
		lb :	354.1631	460.138	231.9852
		A:
			0.7277	-0.5449	-0.4166
			-0.5634	-0.0002	-0.8262
			0.3418	-0.9249	-0.1665
			0.489	-0.8069	0.3314
			-0.9565	0.0325	-0.2898
			-0.8193	-0.3253	-0.4722
			0.6568	0.7538	0.0224
			0.7198	-0.6355	0.2793
			0.2247	-0.1673	-0.9599
			-0.6568	-0.7538	-0.0224
			-0.7198	0.6355	-0.2793
			-0.2247	0.1673	0.9599
		b:
			-85.1505
			-396.762
			-344.2216
			-116.6509
			-395.9181
			-557.1618
			607.3691
			35.5032
			-220.7637
			-591.3691
			-24.5032
			230.7637
	==================================================================================
	Q3:
		Shape: Polyhedra
		q_c:	375.0	468.0	252.5
		ub :	382.3084	476.7906	260.7095
		lb :	367.6916	459.2094	244.2905
		A:
			0.1607	-0.2346	-0.9587
			0.5283	0.6499	0.5464
			-0.6436	0.0921	0.7598
			-0.7233	0.4405	0.5317
			0.9245	-0.3568	-0.1341
			-0.6067	0.7866	-0.1146
			0.3104	0.2963	0.9033
			-0.8433	0.5244	0.1177
			-0.4388	-0.7982	0.4126
			-0.3104	-0.2963	-0.9033
			0.8433	-0.5244	-0.1177
			0.4388	0.7982	-0.4126
		b:
			-286.2516
			646.1761
			-1.3455
			72.8484
			149.0914
			115.6174
			488.6295
			-38.0832
			-426.9393
			-477.6295
			44.0832
			440.9393
	==================================================================================
	Q4:
		Shape: Polyhedra
		q_c:	362.0	471.5	253.0
		ub :	368.3747	481.2491	262.4116
		lb :	355.6253	461.7509	243.5884
		A:
			-0.9832	-0.0006	-0.1824
			-0.8615	-0.0364	0.5065
			0.6197	-0.6438	-0.4488
			0.5391	-0.1328	0.8317
			-0.8206	0.5699	-0.043
			-0.7806	-0.5246	0.3397
			0.6696	0.4051	0.6225
			0.7427	-0.3624	-0.5631
			-0.0026	0.8394	-0.5435
			-0.6696	-0.4051	-0.6225
			-0.7427	0.3624	0.5631
			0.0026	-0.8394	0.5435
		b:
			-397.7858
			-196.0031
			-187.9207
			348.6142
			-33.7778
			-438.1395
			595.4095
			-39.9415
			264.825
			-586.4095
			48.9415
			-249.825
	==================================================================================
	Q5:
		Shape: Ellipse
		q_c:	372.5	463.0	232.0
		ub :	377.5758	470.9406	240.0364
		lb :	367.4242	455.0594	223.9636
		P^-1:
			0.0634	-0.0046	0.0015
			-0.0046	0.0485	-0.03
			0.0015	-0.03	0.0527
	==================================================================================
	Q6:
		Shape: Ellipse
		q_c:	380.5	461.0	248.5
		ub :	385.0217	466.9857	254.138
		lb :	375.9783	455.0143	242.862
		P^-1:
			0.2108	-0.0601	-0.0499
			-0.0601	0.0633	0.0247
			-0.0499	0.0247	0.0785


===========================================================================================
===========================================================================================
S6:
	q_c:	493.0	400.0	326.0
	ub :	500.5708	405.9187	336.7246
	lb :	484.0659	391.322	317.3986

	==================================================================================
	Q1:
		Shape: Hybrid
		q_c:	487.0	401.0	328.0
		ub :	489.9341	403.7059	331.7182
		lb :	484.0659	398.2941	324.2818
		P^-1:
			0.2399	-0.0056	0.0357
			-0.0056	0.2468	0.0199
			0.0357	0.0199	0.1244
		A:
			-0.5654	-0.454	0.6886
			0.326	0.8654	0.3806
			0.0199	-0.9913	-0.1301
			0.3744	-0.3061	0.8753
			0.1642	0.4475	-0.8791
			0.6066	0.328	0.7242
		b:
			-229.7195
			631.6471
			-429.4931
			348.3459
			-26.9838
			665.7296
	==================================================================================
	Q2:
		Shape: Ellipse
		q_c:	492.0	402.5	333.5
		ub :	493.8947	404.7719	336.7246
		lb :	490.1053	400.2281	330.2754
		P^-1:
			0.4444	-0.0	-0.0003
			-0.0	0.4386	-0.0437
			-0.0003	-0.0437	0.1169
	==================================================================================
	Q3:
		Shape: Ellipse
		q_c:	493.0	403.0	326.5
		ub :	496.0738	405.9187	329.1631
		lb :	489.9262	400.0813	323.8369
		P^-1:
			0.3146	0.0762	-0.0508
			0.0762	0.3398	-0.0599
			-0.0508	-0.0599	0.29
	==================================================================================
	Q4:
		Shape: Ellipse
		q_c:	489.0	399.5	327.5
		ub :	492.3837	402.2302	330.5748
		lb :	485.6163	396.7698	324.4252
		P^-1:
			0.2142	-0.0932	0.0451
			-0.0932	0.3996	-0.019
			0.0451	-0.019	0.2406
	==================================================================================
	Q5:
		Shape: Ellipse
		q_c:	496.5	395.5	324.5
		ub :	500.5708	399.678	328.247
		lb :	492.4292	391.322	320.753
		P^-1:
			0.16	-0.0	0.0
			-0.0	0.16	-0.0
			0.0	-0.0	0.16
	==================================================================================
	Q6:
		Shape: Hybrid
		q_c:	491.5	401.0	321.5
		ub :	494.6696	405.2225	325.6014
		lb :	488.3304	396.7775	317.3986
		P^-1:
			0.3309	0.0289	-0.1054
			0.0289	0.2024	-0.1292
			-0.1054	-0.1292	0.2428
		A:
			0.1754	-0.8695	0.4617
			0.5165	0.7194	-0.4644
			-0.5995	-0.0457	0.799
			-0.9864	-0.1123	0.1201
			-0.3325	0.9133	-0.2351
			0.8016	-0.5061	0.3182
		b:
			-112.7705
			394.075
			-54.8905
			-490.1815
			128.7629
			294.6035


===========================================================================================
===========================================================================================
S7:
	q_c:	425.0	36.5	335.0
	ub :	441.1812	61.6651	355.0966
	lb :	403.1779	16.4847	318.7809

	==================================================================================
	Q1:
		Shape: Hybrid
		q_c:	419.0	50.5	334.5
		ub :	429.8593	61.6651	345.3083
		lb :	408.1407	39.3349	323.6917
		P^-1:
			0.0112	0.0007	0.0014
			0.0007	0.0162	0.0066
			0.0014	0.0066	0.0238
		A:
			0.2029	-0.8911	0.4059
			0.2157	0.133	-0.9673
			-0.3623	0.5222	0.772
			0.9148	-0.3489	0.2035
			0.2796	0.2592	-0.9245
			-0.1216	-0.064	-0.9905
		b:
			181.7647
			-221.9257
			136.6796
			440.1088
			-173.9821
			-381.8328
	==================================================================================
	Q2:
		Shape: Ellipse
		q_c:	413.5	40.5	342.0
		ub :	423.8221	52.5969	355.0966
		lb :	403.1779	28.4031	328.9034
		P^-1:
			0.0253	0.0021	-0.005
			0.0021	0.0153	0.002
			-0.005	0.002	0.0172
	==================================================================================
	Q3:
		Shape: Ellipse
		q_c:	437.5	28.0	323.0
		ub :	441.1812	33.7902	327.2191
		lb :	433.8188	22.2098	318.7809
		P^-1:
			0.1583	-0.0138	0.0037
			-0.0138	0.0495	0.0293
			0.0037	0.0293	0.1522
	==================================================================================
	Q4:
		Shape: Hybrid
		q_c:	429.5	24.0	338.0
		ub :	438.164	31.5153	344.7048
		lb :	420.836	16.4847	331.2952
		P^-1:
			0.0508	-0.0346	0.0601
			-0.0346	0.0906	-0.0906
			0.0601	-0.0906	0.1653
		A:
			-0.8078	0.3296	-0.4888
			-0.2617	-0.5542	0.7901
			0.3024	-0.0173	0.953
			0.151	-0.8689	0.4713
			-0.3886	0.2592	-0.8842
			0.2003	-0.833	0.5157
		b:
			-501.3349
			144.1927
			454.0045
			205.5397
			-458.069
			242.3525
	==================================================================================
	Q5:
		Shape: Polyhedra
		q_c:	423.5	30.5	332.0
		ub :	433.4392	41.2838	341.2681
		lb :	413.5608	19.7162	322.7319
		A:
			-0.7251	0.5905	0.3544
			0.5734	-0.788	0.2241
			-0.2965	0.7789	0.5526
			-0.6464	0.172	0.7434
			0.9011	-0.4302	-0.0533
			0.4415	-0.8133	-0.3789
			0.8037	0.5192	0.2907
			0.2045	-0.6998	0.6845
			0.5588	-0.4906	-0.6686
			-0.8037	-0.5192	-0.2907
			-0.2045	0.6998	-0.6845
			-0.5588	0.4906	0.6686
		b:
			-167.5503
			299.2988
			85.8777
			-17.8695
			356.4862
			40.5664
			461.2054
			299.5136
			2.7371
			-444.2054
			-285.5136
			3.2629
	==================================================================================
	Q6:
		Shape: Ellipse
		q_c:	409.5	52.5	340.0
		ub :	414.4133	59.5461	346.7621
		lb :	404.5867	45.4539	333.2379
		P^-1:
			0.0621	-0.0022	-0.0008
			-0.0022	0.0427	0.0043
			-0.0008	0.0043	0.047


===========================================================================================
===========================================================================================
