3D_45_8_6_d                l = 3

===========================================================================================
===========================================================================================
S1:
	q_c:	352.0	92.5	158.0
	ub :	367.1391	105.2689	171.031
	lb :	345.5249	80.1483	149.1728

	==================================================================================
	Q1:
		Shape: Polyhedra
		q_c:	350.5	94.5	165.5
		ub :	354.4676	100.1688	170.8824
		lb :	346.5324	88.8312	160.1176
		A:
			-0.4202	-0.4941	-0.7611
			-0.2813	-0.1866	-0.9413
			-0.5978	0.3337	0.7289
			-0.4337	0.6486	0.6255
			0.0258	-0.0044	-0.9997
			-0.5966	0.7549	0.2726
			0.8235	0.1935	0.5332
			-0.5653	0.3584	0.743
			-0.0473	-0.9133	0.4045
			-0.8235	-0.1935	-0.5332
			0.5653	-0.3584	-0.743
			0.0473	0.9133	-0.4045
		b:
			-317.2393
			-269.2259
			-54.3694
			15.9719
			-153.6558
			-89.1524
			397.688
			-38.297
			-31.4409
			-392.688
			44.297
			40.4409
	==================================================================================
	Q2:
		Shape: Hybrid
		q_c:	351.0	88.5	159.0
		ub :	356.0925	92.4505	164.2557
		lb :	345.9075	84.5495	153.7443
		P^-1:
			0.139	0.0507	0.0718
			0.0507	0.1538	0.0401
			0.0718	0.0401	0.1308
		A:
			0.5287	-0.2045	0.8238
			0.6164	0.3603	0.7002
			-0.2834	0.8587	0.4269
			0.6508	0.753	-0.0972
			-0.5198	-0.7714	0.3671
			-0.1033	-0.6982	0.7085
		b:
			300.1043
			360.6466
			46.5488
			281.3587
			-190.2558
			16.8649
	==================================================================================
	Q3:
		Shape: Hybrid
		q_c:	358.5	99.0	163.5
		ub :	364.5179	105.2689	170.3763
		lb :	352.4821	92.7311	156.6237
		P^-1:
			0.1041	-0.0458	0.0024
			-0.0458	0.105	-0.0386
			0.0024	-0.0386	0.0656
		A:
			-0.8699	-0.0987	0.4833
			-0.918	0.311	-0.246
			0.8382	-0.5214	0.1598
			0.683	-0.3729	-0.628
			-0.0473	0.3869	0.9209
			-0.7011	0.7131	0.0038
		b:
			-240.4128
			-336.6883
			276.4313
			107.7418
			175.715
			-178.6415
	==================================================================================
	Q4:
		Shape: Polyhedra
		q_c:	361.0	86.5	164.0
		ub :	367.1391	92.8517	171.031
		lb :	354.8609	80.1483	156.969
		A:
			-0.518	0.4491	0.728
			0.6747	-0.6109	0.4143
			0.4069	-0.9083	-0.0969
			0.4145	-0.905	-0.0958
			-0.1969	-0.2442	0.9495
			0.4853	-0.7147	-0.5037
			0.6308	0.4672	0.6196
			-0.7759	0.3889	0.4967
			-0.0089	-0.7941	0.6078
			-0.6308	-0.4672	-0.6196
			0.7759	-0.3889	-0.4967
			0.0089	0.7941	-0.6078
		b:
			-25.2909
			262.3058
			55.6421
			58.8293
			67.0425
			34.2482
			375.7338
			-161.9981
			30.7807
			-363.7338
			167.9981
			-24.7807
	==================================================================================
	Q5:
		Shape: Ellipse
		q_c:	351.0	90.5	154.0
		ub :	355.9929	95.3192	158.8272
		lb :	346.0071	85.6808	149.1728
		P^-1:
			0.0671	0.0096	0.0106
			0.0096	0.109	-0.0023
			0.0106	-0.0023	0.1086
	==================================================================================
	Q6:
		Shape: Ellipse
		q_c:	350.0	98.5	165.0
		ub :	354.4751	103.7538	169.8481
		lb :	345.5249	93.2462	160.1519
		P^-1:
			0.194	-0.0801	-0.0184
			-0.0801	0.1347	-0.0153
			-0.0184	-0.0153	0.0949


===========================================================================================
===========================================================================================
S2:
	q_c:	473.5	448.0	431.5
	ub :	519.8659	487.8452	477.5845
	lb :	447.9169	416.1267	402.3318

	==================================================================================
	Q1:
		Shape: Hybrid
		q_c:	490.5	434.5	445.0
		ub :	507.6029	452.8733	462.9841
		lb :	473.3971	416.1267	427.0159
		P^-1:
			0.012	0.0009	-0.0057
			0.0009	0.0062	-0.0012
			-0.0057	-0.0012	0.0119
		A:
			-0.2537	-0.5995	-0.7591
			-0.6956	-0.0663	-0.7154
			-0.4255	-0.873	-0.2383
			-0.2188	-0.0698	0.9733
			0.9529	0.1691	-0.2518
			0.6569	-0.7117	-0.2488
		b:
			-713.8497
			-679.439
			-685.084
			301.0073
			434.135
			-90.0862
	==================================================================================
	Q2:
		Shape: Polyhedra
		q_c:	495.5	466.0	439.0
		ub :	510.9229	479.237	454.7761
		lb :	480.0771	452.763	423.2239
		A:
			-0.6322	0.7189	0.2891
			0.7489	0.3337	0.5726
			-0.0756	0.5452	-0.8349
			0.58	0.4725	0.6636
			-0.7872	0.0674	-0.613
			-0.615	-0.2454	-0.7494
			0.6797	0.2243	0.6984
			-0.1251	0.9736	-0.1909
			-0.7228	0.0424	0.6898
			-0.6797	-0.2243	-0.6984
			0.1251	-0.9736	0.1909
			0.7228	-0.0424	-0.6898
		b:
			162.3695
			782.5951
			-138.2907
			803.9299
			-622.1871
			-743.8592
			751.8821
			319.9036
			-20.0662
			-743.8821
			-295.9036
			51.0662
	==================================================================================
	Q3:
		Shape: Ellipse
		q_c:	501.0	468.0	414.0
		ub :	519.2134	487.8452	424.4514
		lb :	482.7866	448.1548	403.5486
		P^-1:
			0.0071	0.0025	0.0003
			0.0025	0.006	-0.0008
			0.0003	-0.0008	0.0138
	==================================================================================
	Q4:
		Shape: Polyhedra
		q_c:	459.5	461.5	419.5
		ub :	471.0831	478.2706	436.6682
		lb :	447.9169	444.7294	402.3318
		A:
			-0.5885	-0.7995	-0.1199
			0.017	0.9165	0.3996
			0.751	0.0862	0.6546
			0.0917	-0.2483	0.9643
			0.8512	0.238	-0.4677
			-0.7236	0.6805	0.1153
			0.9861	0.1658	0.0147
			0.1514	-0.9303	0.334
			0.0691	-0.3271	-0.9424
			-0.9861	-0.1658	-0.0147
			-0.1514	0.9303	-0.334
			-0.0691	0.3271	0.9424
		b:
			-679.079
			611.0442
			670.6446
			345.2909
			315.0059
			40.9783
			544.7847
			-208.1414
			-500.5825
			-526.7847
			231.1414
			528.5825
	==================================================================================
	Q5:
		Shape: Ellipse
		q_c:	477.0	451.0	440.5
		ub :	492.8793	466.8546	457.2534
		lb :	461.1207	435.1454	423.7466
		P^-1:
			0.021	0.0115	0.0062
			0.0115	0.0142	0.0063
			0.0062	0.0063	0.0112
	==================================================================================
	Q6:
		Shape: Ellipse
		q_c:	495.5	461.5	452.5
		ub :	519.8659	481.736	477.5845
		lb :	471.1341	441.264	427.4155
		P^-1:
			0.0046	0.0001	-0.0002
			0.0001	0.005	-0.0001
			-0.0002	-0.0001	0.0047


===========================================================================================
===========================================================================================
S3:
	q_c:	352.0	24.0	331.5
	ub :	385.6471	51.6318	366.0513
	lb :	329.9215	-5.2779	312.9699

	==================================================================================
	Q1:
		Shape: Hybrid
		q_c:	352.0	29.0	352.0
		ub :	366.5162	43.5055	366.0513
		lb :	337.4838	14.4945	337.9487
		P^-1:
			0.0143	0.0011	0.0024
			0.0011	0.0146	-0.0021
			0.0024	-0.0021	0.0114
		A:
			0.7306	-0.6584	-0.1808
			0.1142	0.8815	-0.4581
			0.7214	0.005	0.6925
			-0.384	-0.8719	0.304
			0.9535	0.1613	-0.2544
			-0.0831	0.7479	-0.6586
		b:
			179.8686
			-91.467
			502.0008
			-49.4424
			255.6528
			-235.2468
	==================================================================================
	Q2:
		Shape: Hybrid
		q_c:	372.5	11.0	325.0
		ub :	385.6471	25.7896	337.0301
		lb :	359.3529	-3.7896	312.9699
		P^-1:
			0.0131	-0.001	-0.0008
			-0.001	0.0126	-0.0014
			-0.0008	-0.0014	0.0149
		A:
			0.5546	0.8003	-0.2278
			-0.6322	0.1975	0.7492
			0.7035	-0.5705	-0.4238
			0.3285	-0.0768	0.9414
			-0.8397	-0.535	0.0933
			0.6055	-0.3812	-0.6986
		b:
			146.3441
			14.4611
			122.5486
			431.8613
			-283.2329
			-1.311
	==================================================================================
	Q3:
		Shape: Ellipse
		q_c:	349.5	23.0	330.0
		ub :	360.9288	30.5646	340.2642
		lb :	338.0712	15.4354	319.7358
		P^-1:
			0.0154	0.0009	-0.0027
			0.0009	0.0236	0.0003
			-0.0027	0.0003	0.0189
	==================================================================================
	Q4:
		Shape: Hybrid
		q_c:	340.5	40.0	345.0
		ub :	351.0785	51.6318	359.852
		lb :	329.9215	28.3682	330.148
		P^-1:
			2.1067	-1.9175	-0.5444
			-1.9175	1.761	0.4959
			-0.5444	0.4959	0.1499
		A:
			0.7454	-0.6289	-0.2213
			0.7601	-0.6152	-0.2094
			-0.7432	0.6359	0.208
			0.6058	-0.7085	-0.3621
			-0.6959	0.6949	0.1811
			-0.6634	0.7126	0.2281
		b:
			152.7645
			162.5088
			-155.4917
			55.2586
			-146.236
			-117.7895
	==================================================================================
	Q5:
		Shape: Polyhedra
		q_c:	344.0	22.5	333.5
		ub :	350.2057	31.7912	345.7928
		lb :	337.7943	13.2088	321.2072
		A:
			0.9272	-0.3728	-0.0353
			-0.161	-0.9866	-0.0255
			-0.5386	0.6768	-0.5019
			0.9979	0.06	-0.0231
			-0.7525	0.5925	0.2875
			0.2467	-0.0792	-0.9658
			0.0789	0.1667	0.9828
			-0.9888	0.1387	0.0558
			-0.127	-0.9762	0.1758
			-0.0789	-0.1667	-0.9828
			0.9888	-0.1387	-0.0558
			0.127	0.9762	-0.1758
		b:
			303.4863
			-78.868
			-330.231
			341.6084
			-143.6418
			-228.5179
			369.6571
			-313.9026
			-0.0285
			-347.6571
			322.9026
			14.0285
	==================================================================================
	Q6:
		Shape: Polyhedra
		q_c:	346.5	4.0	333.5
		ub :	356.1579	13.2779	341.5344
		lb :	336.8421	-5.2779	325.4656
		A:
			-0.4716	0.6613	0.5834
			-0.3485	0.8697	0.3495
			0.1507	0.0216	-0.9883
			-0.0084	0.9552	-0.2959
			-0.3136	0.4974	0.8089
			-0.27	0.8577	0.4376
			0.8801	0.4569	0.1288
			0.0479	-0.3554	0.9335
			0.4723	-0.8154	-0.3347
			-0.8801	-0.4569	-0.1288
			-0.0479	0.3554	-0.9335
			-0.4723	0.8154	0.3347
		b:
			38.007
			3.411
			-271.5664
			-92.082
			167.8553
			60.1383
			358.2496
			332.495
			52.7521
			-341.2496
			-320.495
			-44.7521


===========================================================================================
===========================================================================================
S4:
	q_c:	334.5	446.0	406.0
	ub :	350.0506	455.5495	423.9664
	lb :	321.9637	429.8084	391.574

	==================================================================================
	Q1:
		Shape: Ellipse
		q_c:	337.0	439.0	398.0
		ub :	343.334	445.338	404.426
		lb :	330.666	432.662	391.574
		P^-1:
			0.0469	-0.0101	0.0188
			-0.0101	0.0464	-0.0276
			0.0188	-0.0276	0.0908
	==================================================================================
	Q2:
		Shape: Hybrid
		q_c:	332.0	436.5	413.0
		ub :	338.4447	443.1916	418.929
		lb :	325.5553	429.8084	407.071
		P^-1:
			0.0987	0.0436	-0.0213
			0.0436	0.0642	-0.0394
			-0.0213	-0.0394	0.1065
		A:
			0.0394	0.9628	-0.2672
			-0.44	-0.3928	-0.8075
			0.7816	0.6113	0.1238
			-0.0538	-0.3008	0.9522
			-0.9115	-0.1633	-0.3776
			0.9777	0.2085	0.023
		b:
			326.3852
			-648.3049
			579.4657
			245.7512
			-527.6353
			427.1706
	==================================================================================
	Q3:
		Shape: Polyhedra
		q_c:	344.0	444.5	412.5
		ub :	350.0506	450.6888	417.4575
		lb :	337.9494	438.3112	407.5425
		A:
			-0.1224	-0.635	0.7628
			-0.3016	-0.6786	0.6698
			-0.8963	-0.3419	-0.2825
			-0.1738	0.9701	-0.1693
			-0.8217	-0.5691	-0.0324
			-0.0843	0.833	0.5469
			0.3793	0.6252	0.6821
			0.5502	0.4403	-0.7095
			-0.7439	0.6444	-0.177
			-0.3793	-0.6252	-0.6821
			-0.5502	-0.4403	0.7095
			0.7439	-0.6444	0.177
		b:
			-6.6907
			-126.3038
			-573.1876
			305.5762
			-545.8065
			570.6204
			693.2421
			94.8298
			-37.9674
			-686.2421
			-89.8298
			46.9674
	==================================================================================
	Q4:
		Shape: Polyhedra
		q_c:	334.0	449.5	411.5
		ub :	340.2747	455.5495	416.7257
		lb :	327.7253	443.4505	406.2743
		A:
			-0.2766	-0.9604	0.0331
			-0.2596	0.2335	-0.9371
			-0.8769	-0.0216	0.4801
			0.4157	-0.8137	-0.4063
			-0.6122	-0.2797	-0.7396
			0.0278	0.7845	0.6195
			0.6915	0.7211	0.0431
			0.7058	-0.6871	0.1724
			0.1539	-0.0888	-0.9841
			-0.6915	-0.7211	-0.0431
			-0.7058	0.6871	-0.1724
			-0.1539	0.0888	0.9841
		b:
			-506.2006
			-363.0549
			-100.7833
			-390.2024
			-630.1588
			621.2029
			577.3226
			1.3065
			-388.9564
			-568.3226
			5.6935
			397.9564
	==================================================================================
	Q5:
		Shape: Hybrid
		q_c:	329.5	439.0	403.5
		ub :	337.0363	446.7362	411.9588
		lb :	321.9637	431.2638	395.0412
		P^-1:
			0.0339	0.0009	0.0021
			0.0009	0.0399	-0.0003
			0.0021	-0.0003	0.0392
		A:
			0.5816	0.8111	-0.0616
			0.575	-0.4469	-0.6853
			0.0594	-0.0584	0.9965
			0.1333	0.8926	0.4306
			0.4361	0.4642	-0.771
			-0.446	0.816	0.3678
		b:
			525.5001
			-280.4439
			398.5512
			612.0425
			39.071
			362.398
	==================================================================================
	Q6:
		Shape: Hybrid
		q_c:	331.5	445.0	417.0
		ub :	340.8437	453.2178	423.9664
		lb :	322.1563	436.7822	410.0336
		P^-1:
			0.0343	0.0366	-0.0348
			0.0366	0.1226	-0.1059
			-0.0348	-0.1059	0.1412
		A:
			0.4282	0.8887	-0.164
			-0.605	-0.6245	0.4939
			0.1247	-0.9832	-0.1331
			-0.2615	-0.9179	0.2984
			0.6549	0.7324	0.1862
			-0.0213	-0.9974	0.0693
		b:
			471.972
			-270.1932
			-446.9945
			-368.2884
			624.9802
			-418.2011


===========================================================================================
===========================================================================================
S5:
	q_c:	490.5	309.0	17.5
	ub :	513.5037	334.8156	33.7801
	lb :	472.2754	290.2991	-3.3994

	==================================================================================
	Q1:
		Shape: Ellipse
		q_c:	488.0	299.5	5.5
		ub :	496.4509	308.7009	14.3994
		lb :	479.5491	290.2991	-3.3994
		P^-1:
			0.0395	0.0027	0.008
			0.0027	0.0324	0.0064
			0.008	0.0064	0.0383
	==================================================================================
	Q2:
		Shape: Ellipse
		q_c:	499.0	307.5	15.0
		ub :	510.1627	317.253	22.7481
		lb :	487.8373	297.747	7.2519
		P^-1:
			0.0279	-0.0184	-0.0009
			-0.0184	0.0328	-0.0046
			-0.0009	-0.0046	0.0329
	==================================================================================
	Q3:
		Shape: Polyhedra
		q_c:	503.5	312.5	15.5
		ub :	513.5037	320.7693	26.0826
		lb :	493.4963	304.2307	4.9174
		A:
			-0.6486	0.6743	-0.3531
			0.475	-0.4885	0.7319
			-0.5631	-0.5536	0.6136
			-0.5258	0.8187	-0.231
			-0.1777	-0.4071	0.8959
			0.7632	-0.373	0.5276
			0.6698	0.378	0.6391
			-0.1675	0.9155	-0.3659
			-0.7234	0.1381	0.6765
			-0.6698	-0.378	-0.6391
			0.1675	-0.9155	0.3659
			0.7234	-0.1381	-0.6765
		b:
			-115.5505
			103.5309
			-440.5892
			-6.7752
			-196.5325
			281.7236
			471.2681
			201.5946
			-303.6143
			-459.2681
			-190.5946
			317.6143
	==================================================================================
	Q4:
		Shape: Polyhedra
		q_c:	489.0	316.5	11.0
		ub :	500.8959	328.159	22.7411
		lb :	477.1041	304.841	-0.7411
		A:
			-0.5916	0.8059	-0.0242
			0.8551	-0.3698	0.3635
			0.9084	-0.4004	-0.1207
			0.0415	-0.9693	-0.2425
			-0.9034	-0.0178	0.4285
			0.0305	-0.9778	0.2074
			0.8378	0.5346	0.1109
			-0.3465	0.3635	0.8648
			0.422	-0.7629	0.4898
			-0.8378	-0.5346	-0.1109
			0.3465	-0.3635	-0.8648
			-0.422	0.7629	-0.4898
		b:
			-27.8724
			311.3339
			323.6805
			-281.6002
			-434.2187
			-286.1033
			587.6012
			-35.3737
			-24.218
			-572.6012
			54.3737
			35.218
	==================================================================================
	Q5:
		Shape: Ellipse
		q_c:	499.5	323.0	15.5
		ub :	510.1029	334.8156	27.4191
		lb :	488.8971	311.1844	3.5809
		P^-1:
			0.0281	-0.0114	-0.0042
			-0.0114	0.0261	0.0039
			-0.0042	0.0039	0.017
	==================================================================================
	Q6:
		Shape: Hybrid
		q_c:	480.0	300.5	24.0
		ub :	487.7246	306.5463	33.7801
		lb :	472.2754	294.4537	14.2199
		P^-1:
			0.0628	-0.0066	0.0295
			-0.0066	0.0496	0.0013
			0.0295	0.0013	0.0325
		A:
			0.776	-0.6214	0.1084
			0.8027	0.5748	0.1586
			0.8376	0.4943	0.2324
			-0.5088	0.3988	-0.763
			0.4303	0.8502	0.3034
			-0.4354	-0.2506	-0.8646
		b:
			190.8254
			564.9539
			558.9782
			-139.5807
			471.9484
			-301.6243


===========================================================================================
===========================================================================================
S6:
	q_c:	461.0	3.5	38.5
	ub :	464.7948	8.9271	45.7198
	lb :	455.752	1.6914	34.4255

	==================================================================================
	Q1:
		Shape: Hybrid
		q_c:	460.0	6.0	37.5
		ub :	463.0875	8.7225	40.5745
		lb :	456.9125	3.2775	34.4255
		P^-1:
			0.2812	0.0478	-0.0531
			0.0478	0.3231	-0.0812
			-0.0531	-0.0812	0.3401
		A:
			0.3746	0.6011	0.706
			0.2505	0.8007	0.5441
			0.975	-0.046	-0.2172
			-0.1876	0.4551	0.8705
			0.4115	0.2822	-0.8666
			-0.6732	0.5853	-0.452
		b:
			203.6485
			141.6794
			441.2313
			-49.7243
			159.3226
			-321.9093
	==================================================================================
	Q2:
		Shape: Ellipse
		q_c:	461.5	4.0	38.0
		ub :	464.032	6.3086	40.5493
		lb :	458.968	1.6914	35.4507
		P^-1:
			0.4444	0.0	-0.0
			0.0	0.4444	-0.0
			-0.0	-0.0	0.4444
	==================================================================================
	Q3:
		Shape: Hybrid
		q_c:	463.0	6.5	41.0
		ub :	464.7948	8.0742	42.8722
		lb :	461.2052	4.9258	39.1278
		P^-1:
			0.9464	0.0206	0.1628
			0.0206	0.9921	-0.0625
			0.1628	-0.0625	0.506
		A:
			0.4303	-0.898	-0.0916
			-0.2484	0.4568	0.8542
			0.7216	0.4678	0.5104
			-0.3693	-0.5539	0.7462
			0.7814	-0.0333	0.6231
			-0.8245	-0.0875	-0.5591
		b:
			190.2023
			-76.0863
			358.616
			-143.173
			387.6921
			-404.6747
	==================================================================================
	Q4:
		Shape: Polyhedra
		q_c:	460.5	6.5	42.5
		ub :	463.7379	8.9271	45.7198
		lb :	457.2621	4.0729	39.2802
		A:
			0.6024	0.4142	-0.6823
			-0.4409	-0.6004	-0.6672
			-0.2085	0.0625	-0.976
			-0.6383	0.5643	-0.5235
			0.1296	-0.8264	0.5479
			-0.2142	-0.9753	-0.0543
			0.5465	0.2172	0.8088
			-0.7605	0.5333	0.3706
			-0.3508	-0.8176	0.4566
			-0.5465	-0.2172	-0.8088
			0.7605	-0.5333	-0.3706
			0.3508	0.8176	-0.4566
		b:
			252.4609
			-232.9457
			-134.8036
			-310.4558
			79.0019
			-105.8376
			289.9399
			-328.9706
			-146.4636
			-284.9399
			332.9706
			148.4636
	==================================================================================
	Q5:
		Shape: Polyhedra
		q_c:	459.5	5.0	37.0
		ub :	461.3784	7.0291	38.6275
		lb :	457.6216	2.9709	35.3725
		A:
			-0.921	0.2762	0.2746
			0.9447	0.3036	0.1242
			0.6602	-0.3206	-0.6792
			-0.7204	-0.6127	0.325
			0.4207	0.9051	-0.062
			0.0783	-0.5121	-0.8554
			0.432	0.4052	0.8057
			-0.6786	-0.4425	0.5863
			0.5941	-0.8	0.0838
			-0.432	-0.4052	-0.8057
			0.6786	0.4425	-0.5863
			-0.5941	0.8	-0.0838
		b:
			-410.5126
			441.32
			277.7387
			-321.398
			196.6613
			3.1927
			231.8403
			-291.8113
			273.5877
			-228.8403
			292.8113
			-270.5877
	==================================================================================
	Q6:
		Shape: Hybrid
		q_c:	458.0	5.5	42.5
		ub :	460.248	7.4371	44.9474
		lb :	455.752	3.5629	40.0526
		P^-1:
			0.254	-0.0464	0.0291
			-0.0464	0.7855	-0.3357
			0.0291	-0.3357	0.4605
		A:
			-0.2943	0.928	0.2286
			-0.1326	-0.8593	0.494
			0.7731	-0.6159	-0.1515
			-0.6817	-0.1391	0.7183
			0.2455	-0.7586	0.6036
			-0.0624	-0.8115	0.581
		b:
			-118.855
			-43.9095
			345.5562
			-281.1202
			134.4914
			-7.8253


===========================================================================================
===========================================================================================
S7:
	q_c:	470.5	70.0	82.0
	ub :	483.0967	84.9558	94.9929
	lb :	458.9388	60.3996	69.0613

	==================================================================================
	Q1:
		Shape: Ellipse
		q_c:	477.5	80.0	89.0
		ub :	483.0967	84.9558	94.9929
		lb :	471.9033	75.0442	83.0071
		P^-1:
			0.1213	-0.0792	0.0361
			-0.0792	0.1691	-0.0486
			0.0361	-0.0486	0.0846
	==================================================================================
	Q2:
		Shape: Ellipse
		q_c:	473.0	78.0	76.0
		ub :	479.9501	82.2329	82.9387
		lb :	466.0499	73.7671	69.0613
		P^-1:
			0.0749	-0.0705	0.0159
			-0.0705	0.2163	-0.0263
			0.0159	-0.0263	0.0482
	==================================================================================
	Q3:
		Shape: Hybrid
		q_c:	464.5	74.5	80.0
		ub :	470.0612	80.4897	86.373
		lb :	458.9388	68.5103	73.627
		P^-1:
			0.0941	-0.0	0.024
			-0.0	0.0522	0.0064
			0.024	0.0064	0.0766
		A:
			0.3563	0.3904	0.8489
			-0.187	-0.9823	0.0142
			0.4487	-0.8822	0.1429
			0.2523	0.8048	0.5373
			-0.6522	-0.2111	0.728
			0.716	-0.0988	0.691
		b:
			264.401
			-155.996
			156.7772
			222.5028
			-257.7586
			382.11
	==================================================================================
	Q4:
		Shape: Hybrid
		q_c:	463.5	68.0	78.5
		ub :	466.7609	71.7125	82.2826
		lb :	460.2391	64.2875	74.7174
		P^-1:
			0.2266	0.0206	0.0347
			0.0206	0.1182	0.0199
			0.0347	0.0199	0.1763
		A:
			-0.9703	-0.2221	0.0956
			0.9669	0.234	0.1017
			-0.6977	0.4152	0.5839
			-0.9347	-0.0713	-0.3481
			-0.8541	0.3799	-0.3553
			0.7497	-0.656	-0.0878
		b:
			-456.1743
			473.1368
			-247.7706
			-464.3989
			-396.5756
			297.6219
	==================================================================================
	Q5:
		Shape: Ellipse
		q_c:	479.5	66.0	78.0
		ub :	482.9894	71.6004	82.5051
		lb :	476.0106	60.3996	73.4949
		P^-1:
			0.206	-0.0174	-0.0623
			-0.0174	0.0452	0.0236
			-0.0623	0.0236	0.1499
	==================================================================================
	Q6:
		Shape: Hybrid
		q_c:	473.0	64.0	90.5
		ub :	477.4959	67.3803	94.3697
		lb :	468.5041	60.6197	86.6303
		P^-1:
			0.1015	-0.0686	0.0917
			-0.0686	0.2713	-0.1233
			0.0917	-0.1233	0.2942
		A:
			-0.4409	-0.1126	-0.8905
			-0.0857	-0.0428	-0.9954
			-0.0725	0.3682	-0.9269
			0.6508	-0.4645	0.6006
			-0.5181	0.8553	-0.005
			-0.0916	-0.0337	-0.9952
		b:
			-294.9526
			-131.9487
			-93.4826
			333.7489
			-189.1457
			-134.1263


===========================================================================================
===========================================================================================
S8:
	q_c:	156.5	157.0	395.0
	ub :	169.1506	168.4791	402.968
	lb :	142.1719	146.6879	378.9875

	==================================================================================
	Q1:
		Shape: Polyhedra
		q_c:	166.0	160.5	400.0
		ub :	169.1506	164.5478	402.2248
		lb :	162.8494	156.4522	397.7752
		A:
			-0.3707	-0.1053	-0.9228
			0.5097	0.1759	0.8422
			-0.3766	0.5833	0.7196
			-0.3544	-0.0315	-0.9345
			-0.1823	-0.4388	-0.8799
			-0.7002	-0.1994	-0.6856
			0.3961	0.2018	0.8958
			0.3612	0.8627	-0.3541
			-0.8442	0.4638	0.2688
			-0.3961	-0.2018	-0.8958
			-0.3612	-0.8627	0.3541
			0.8442	-0.4638	-0.2688
		b:
			-446.9306
			450.2759
			320.6035
			-436.9266
			-451.7704
			-421.4486
			456.9469
			60.2772
			43.8187
			-455.9469
			-53.2772
			-39.8187
	==================================================================================
	Q2:
		Shape: Ellipse
		q_c:	151.5	160.5	387.0
		ub :	156.079	168.4791	395.0125
		lb :	146.921	152.5209	378.9875
		P^-1:
			0.1512	-0.0274	-0.0182
			-0.0274	0.0339	0.0041
			-0.0182	0.0041	0.0305
	==================================================================================
	Q3:
		Shape: Polyhedra
		q_c:	160.5	152.0	393.5
		ub :	165.7462	157.3121	398.5383
		lb :	155.2538	146.6879	388.4617
		A:
			0.0784	0.9319	0.3542
			0.5526	-0.5832	-0.5953
			0.2686	0.1019	0.9579
			-0.6962	0.0884	-0.7124
			-0.4723	-0.4793	-0.7397
			0.5605	0.731	0.3893
			0.5271	0.4632	0.7125
			0.4919	0.5173	-0.7003
			-0.693	0.7196	0.0448
			-0.5271	-0.4632	-0.7125
			-0.4919	-0.5173	0.7003
			0.693	-0.7196	-0.0448
		b:
			296.1565
			-231.2666
			438.5019
			-376.2854
			-437.7325
			356.9285
			437.3648
			-112.9594
			18.2991
			-433.3648
			122.9594
			-13.2991
	==================================================================================
	Q4:
		Shape: Polyhedra
		q_c:	148.5	155.0	386.5
		ub :	154.8281	160.4225	393.287
		lb :	142.1719	149.5775	379.713
		A:
			-0.5009	0.8622	-0.0758
			-0.7879	0.4321	0.4387
			-0.1021	0.8723	-0.4782
			0.7358	-0.5863	0.339
			0.915	-0.3819	0.1303
			0.3231	-0.7908	0.5198
			0.3455	0.8119	0.4705
			0.6515	0.1533	-0.7429
			-0.6754	0.5633	-0.476
			-0.3455	-0.8119	-0.4705
			-0.6515	-0.1533	0.7429
			0.6754	-0.5633	0.476
		b:
			32.9796
			123.7913
			-61.3656
			151.9649
			130.19
			129.2835
			363.0208
			-161.6291
			-194.4729
			-355.0208
			171.6291
			199.4729
	==================================================================================
	Q5:
		Shape: Ellipse
		q_c:	155.0	154.0	398.5
		ub :	158.457	157.0014	402.968
		lb :	151.543	150.9986	394.032
		P^-1:
			2.2336	1.8888	0.4871
			1.8888	1.7387	0.4239
			0.4871	0.4239	0.1718
	==================================================================================
	Q6:
		Shape: Ellipse
		q_c:	164.0	159.0	390.5
		ub :	165.823	162.9481	394.0117
		lb :	162.177	155.0519	386.9883
		P^-1:
			0.4427	0.0187	0.0167
			0.0187	0.0831	-0.0031
			0.0167	-0.0031	0.1114


===========================================================================================
===========================================================================================
