3D_40_6_6_d                l = 3

===========================================================================================
===========================================================================================
S1:
	q_c:	196.0	124.5	116.0
	ub :	232.8686	169.2851	139.6582
	lb :	176.4227	98.0683	80.4825

	==================================================================================
	Q1:
		Shape: Hybrid
		q_c:	201.5	145.5	115.0
		ub :	216.15	159.0321	129.623
		lb :	186.85	131.9679	100.377
		P^-1:
			0.0182	0.0043	-0.0055
			0.0043	0.0202	0.0045
			-0.0055	0.0045	0.0115
		A:
			0.7323	0.5671	-0.377
			0.4788	0.8712	-0.1088
			0.1201	0.9095	0.398
			0.6988	0.4744	-0.5354
			0.308	-0.53	-0.7901
			0.3253	-0.5399	-0.7764
		b:
			190.3004
			214.3314
			205.731
			152.3146
			-101.6233
			-98.1003
	==================================================================================
	Q2:
		Shape: Polyhedra
		q_c:	213.0	153.0	122.0
		ub :	227.5573	169.2851	138.1809
		lb :	198.4427	136.7149	105.8191
		A:
			-0.4061	0.9127	0.0462
			-0.6331	0.4352	0.6402
			-0.6858	0.2774	0.6729
			0.8466	-0.017	-0.5319
			-0.5655	-0.4825	0.6689
			-0.5123	-0.638	-0.5749
			0.5175	0.5397	0.664
			-0.7841	0.6097	0.1155
			-0.3426	-0.5804	0.7387
			-0.5175	-0.5397	-0.664
			0.7841	-0.6097	-0.1155
			0.3426	0.5804	-0.7387
		b:
			66.5309
			17.9506
			-13.0277
			121.6881
			-101.8468
			-265.8851
			284.8077
			-53.1452
			-60.6503
			-262.8077
			66.1452
			82.6503
	==================================================================================
	Q3:
		Shape: Hybrid
		q_c:	201.0	111.0	123.0
		ub :	216.1618	123.9317	139.6582
		lb :	185.8382	98.0683	106.3418
		P^-1:
			0.0161	0.0042	0.0041
			0.0042	0.0137	0.001
			0.0041	0.001	0.0076
		A:
			0.1995	-0.8959	-0.3969
			0.4201	0.8583	0.2948
			-0.7909	0.5489	-0.2706
			-0.6865	0.1504	-0.7114
			0.3473	-0.6231	0.7008
			0.5712	0.5308	0.6261
		b:
			-101.4766
			220.26
			-125.6222
			-203.2659
			93.5614
			255.4279
	==================================================================================
	Q4:
		Shape: Ellipse
		q_c:	213.5	129.5	93.5
		ub :	229.7384	140.9755	106.5175
		lb :	197.2616	118.0245	80.4825
		P^-1:
			0.0097	0.0061	-0.0014
			0.0061	0.021	0.0015
			-0.0014	0.0015	0.0118
	==================================================================================
	Q5:
		Shape: Hybrid
		q_c:	216.5	136.0	98.5
		ub :	232.8686	149.9831	111.912
		lb :	200.1314	122.0169	85.088
		P^-1:
			0.008	-0.0036	-0.0034
			-0.0036	0.0165	-0.0013
			-0.0034	-0.0013	0.0166
		A:
			-0.6	-0.2812	0.7489
			-0.3842	-0.7901	-0.4776
			-0.1802	0.9739	-0.1378
			0.26	0.7467	-0.6122
			0.2039	0.0505	0.9777
			-0.5944	0.0519	0.8025
		b:
			-89.4293
			-230.1458
			83.7199
			101.9503
			152.9453
			-38.276
	==================================================================================
	Q6:
		Shape: Hybrid
		q_c:	187.5	144.0	116.0
		ub :	198.5773	154.9552	125.5803
		lb :	176.4227	133.0448	106.4197
		P^-1:
			0.0528	0.0187	-0.0444
			0.0187	0.0279	-0.0049
			-0.0444	-0.0049	0.0725
		A:
			-0.3822	0.25	0.8896
			-0.8481	-0.3681	0.381
			0.3631	0.8563	-0.3672
			-0.4877	-0.0204	0.8728
			0.1229	0.9648	-0.2326
			-0.8835	-0.4521	0.1229
		b:
			69.8365
			-165.219
			153.0977
			8.6253
			140.7097
			-212.8966


===========================================================================================
===========================================================================================
S2:
	q_c:	245.5	320.0	289.5
	ub :	254.7383	332.447	298.5853
	lb :	235.8439	311.882	281.3565

	==================================================================================
	Q1:
		Shape: Polyhedra
		q_c:	244.5	320.5	286.5
		ub :	247.3211	323.6595	289.1652
		lb :	241.6789	317.3405	283.8348
		A:
			-0.3492	0.4867	-0.8007
			-0.7657	-0.1965	-0.6125
			-0.8917	-0.3081	-0.3316
			-0.7398	0.4692	0.4823
			0.063	-0.0429	0.9971
			0.4914	0.3214	0.8095
			0.0732	0.9889	0.1296
			0.8054	0.0181	-0.5925
			-0.5883	0.1477	-0.7951
			-0.0732	-0.9889	-0.1296
			-0.8054	-0.0181	0.5925
			0.5883	-0.1477	0.7951
		b:
			-157.3158
			-424.1704
			-409.8173
			110.2778
			288.9399
			456.7207
			374.9504
			35.4492
			-323.2684
			-368.9504
			-30.4492
			325.2684
	==================================================================================
	Q2:
		Shape: Polyhedra
		q_c:	250.0	328.0	292.5
		ub :	254.7383	332.447	296.984
		lb :	245.2617	323.553	288.016
		A:
			-0.8359	-0.4217	-0.3514
			-0.0832	-0.9935	-0.0772
			-0.8617	-0.4752	-0.1779
			0.6308	0.7652	-0.1289
			0.9874	-0.0494	0.1502
			0.9336	0.3405	-0.1121
			0.9176	0.3941	0.0527
			0.3869	-0.9156	0.1097
			0.0915	-0.0803	-0.9926
			-0.9176	-0.3941	-0.0527
			-0.3869	0.9156	-0.1097
			-0.0915	0.0803	0.9926
		b:
			-446.5197
			-366.1176
			-419.81
			374.3847
			277.9951
			315.7921
			377.578
			-168.4854
			-289.7663
			-370.578
			174.4854
			297.7663
	==================================================================================
	Q3:
		Shape: Polyhedra
		q_c:	248.0	319.0	285.0
		ub :	251.4815	323.4094	288.6435
		lb :	244.5185	314.5906	281.3565
		A:
			-0.6599	0.7452	0.0963
			0.9792	0.0683	-0.1911
			0.5545	0.317	-0.7695
			0.9538	0.0903	-0.2866
			0.6849	-0.0493	-0.727
			0.287	-0.472	-0.8335
			0.4682	0.8052	0.364
			0.7731	-0.1738	-0.61
			-0.4279	0.567	-0.7039
			-0.4682	-0.8052	-0.364
			-0.7731	0.1738	0.61
			0.4279	-0.567	0.7039
		b:
			103.5695
			212.0402
			21.0237
			185.4013
			-51.998
			-314.8225
			480.1931
			-36.5562
			-123.3699
			-473.1931
			38.5562
			128.3699
	==================================================================================
	Q4:
		Shape: Polyhedra
		q_c:	240.5	325.0	292.5
		ub :	244.9878	329.8136	296.6597
		lb :	236.0122	320.1864	288.3403
		A:
			-0.7874	-0.5208	0.33
			0.47	0.6952	-0.5439
			0.0292	0.1229	-0.992
			0.177	-0.9396	0.2931
			-0.7591	-0.4998	0.4171
			0.1259	0.8932	-0.4316
			0.0288	0.3526	0.9353
			-0.8021	0.5666	-0.1888
			-0.5965	-0.7448	0.2991
			-0.0288	-0.3526	-0.9353
			0.8021	-0.5666	0.1888
			0.5965	0.7448	-0.2991
		b:
			-259.8646
			182.0216
			-240.2711
			-173.8333
			-220.7765
			196.95
			398.1063
			-60.0013
			-296.0207
			-392.1063
			68.0013
			300.0207
	==================================================================================
	Q5:
		Shape: Hybrid
		q_c:	241.0	321.5	288.0
		ub :	246.1561	326.4898	293.3649
		lb :	235.8439	316.5102	282.6351
		P^-1:
			0.1014	-0.0357	-0.0421
			-0.0357	0.1382	-0.0256
			-0.0421	-0.0256	0.1298
		A:
			0.3461	0.5865	-0.7323
			0.997	0.0071	0.0765
			0.4095	0.1384	-0.9018
			0.3269	-0.9362	0.1292
			-0.0994	-0.9555	0.2779
			-0.8016	0.5106	0.3109
		b:
			62.3782
			267.1377
			-115.2513
			-183.7274
			-249.5222
			61.862
	==================================================================================
	Q6:
		Shape: Polyhedra
		q_c:	244.5	317.5	294.0
		ub :	250.3653	323.118	298.5853
		lb :	238.6347	311.882	289.4147
		A:
			-0.9171	0.2454	0.3141
			0.2699	0.4634	-0.8441
			-0.9917	-0.0327	-0.1243
			-0.7704	0.4564	-0.4451
			-0.0309	0.9937	-0.1081
			0.7712	-0.383	0.5084
			0.6452	0.731	0.2222
			0.4638	-0.1437	-0.8742
			-0.6071	0.6671	-0.4318
			-0.6452	-0.731	-0.2222
			-0.4638	0.1437	0.8742
			0.6071	-0.6671	0.4318
		b:
			-50.9093
			-32.0694
			-285.7495
			-170.7836
			279.8849
			219.9916
			459.1583
			-186.7404
			-60.073
			-451.1583
			191.7404
			67.073


===========================================================================================
===========================================================================================
S3:
	q_c:	513.0	201.5	312.5
	ub :	538.5185	211.9956	343.5462
	lb :	495.4903	174.0034	285.479

	==================================================================================
	Q1:
		Shape: Hybrid
		q_c:	506.0	199.0	325.5
		ub :	513.8274	208.9842	336.6972
		lb :	498.1726	189.0158	314.3028
		P^-1:
			0.0381	-0.004	-0.0055
			-0.004	0.0293	-0.0077
			-0.0055	-0.0077	0.018
		A:
			0.5507	-0.826	0.1199
			-0.285	0.8289	-0.4813
			-0.5233	-0.3612	0.7718
			0.8506	0.4239	-0.3112
			-0.4245	-0.6262	0.654
			-0.4248	-0.7974	-0.4285
		b:
			156.1515
			-132.9662
			-81.9819
			416.2603
			-123.4652
			-507.5464
	==================================================================================
	Q2:
		Shape: Hybrid
		q_c:	515.0	189.0	305.5
		ub :	519.0644	197.4436	312.8587
		lb :	510.9356	180.5564	298.1413
		P^-1:
			0.108	-0.0067	0.0118
			-0.0067	0.0254	-0.0116
			0.0118	-0.0116	0.0475
		A:
			0.9575	-0.1595	-0.2403
			-0.2112	0.7195	-0.6616
			0.9287	0.369	0.0376
			0.9258	0.3605	0.1133
			0.7876	0.1772	-0.5902
			0.138	0.5645	-0.8138
		b:
			391.6006
			-171.5726
			561.9379
			582.0389
			261.291
			-67.7252
	==================================================================================
	Q3:
		Shape: Polyhedra
		q_c:	527.5	201.0	306.0
		ub :	538.5185	208.6668	315.9984
		lb :	516.4815	193.3332	296.0016
		A:
			0.1548	-0.9509	0.2679
			-0.0303	0.8303	-0.5565
			0.563	0.77	-0.3001
			-0.3452	-0.8001	0.4906
			0.284	0.6101	-0.7397
			0.7477	0.3785	-0.5456
			0.6384	0.1714	0.7503
			-0.6644	0.6149	0.4248
			-0.3885	-0.7698	0.5065
			-0.6384	-0.1714	-0.7503
			0.6644	-0.6149	-0.4248
			0.3885	0.7698	-0.5065
		b:
			-22.3592
			-15.7968
			362.4006
			-191.2159
			48.7672
			308.078
			608.3378
			-88.3819
			-203.1975
			-593.3378
			105.3819
			206.1975
	==================================================================================
	Q4:
		Shape: Polyhedra
		q_c:	525.0	187.5	299.0
		ub :	533.6563	200.7507	312.521
		lb :	516.3437	174.2493	285.479
		A:
			0.3745	-0.2437	-0.8946
			-0.8625	-0.4158	-0.2886
			-0.9077	0.4183	0.0328
			0.9276	-0.0825	0.3644
			0.463	-0.6069	-0.646
			-0.6908	-0.2364	0.6833
			0.2303	0.7242	0.65
			-0.1156	0.6836	-0.7206
			-0.9662	0.0908	0.2411
			-0.2303	-0.7242	-0.65
			0.1156	-0.6836	0.7206
			0.9662	-0.0908	-0.2411
		b:
			-107.9215
			-608.4967
			-382.475
			587.3586
			-54.8492
			-196.536
			462.0387
			-140.9603
			-412.6556
			-440.0387
			154.9603
			423.6556
	==================================================================================
	Q5:
		Shape: Polyhedra
		q_c:	503.0	203.0	334.0
		ub :	509.9356	211.9956	343.5462
		lb :	496.0644	194.0044	324.4538
		A:
			0.3485	-0.5196	-0.7801
			0.8804	0.4245	-0.2114
			-0.8173	0.391	0.4233
			-0.0076	-0.8444	-0.5356
			0.6528	0.3415	-0.6762
			0.3666	-0.2883	0.8846
			0.8172	0.5157	0.2573
			-0.0348	-0.4015	0.9152
			0.5753	-0.7569	-0.3102
			-0.8172	-0.5157	-0.2573
			0.0348	0.4015	-0.9152
			-0.5753	0.7569	0.3102
		b:
			-185.2554
			463.8629
			-185.5064
			-349.3624
			178.4245
			428.4624
			606.6816
			214.1926
			36.6156
			-596.6816
			-199.1926
			-27.6156
	==================================================================================
	Q6:
		Shape: Hybrid
		q_c:	504.5	183.0	307.0
		ub :	513.5097	191.9966	319.7091
		lb :	495.4903	174.0034	294.2909
		P^-1:
			0.0534	-0.0187	-0.0085
			-0.0187	0.0665	-0.0187
			-0.0085	-0.0187	0.0187
		A:
			0.805	-0.5381	-0.2498
			0.7711	0.5286	-0.355
			-0.8366	-0.4323	0.3364
			0.8158	0.4478	-0.3661
			-0.5934	-0.4997	-0.631
			-0.7026	0.7057	-0.0919
		b:
			233.464
			379.739
			-394.9451
			383.9822
			-575.5035
			-251.6805


===========================================================================================
===========================================================================================
S4:
	q_c:	290.0	145.5	515.5
	ub :	302.5558	153.6176	523.0541
	lb :	280.2028	134.0613	504.5644

	==================================================================================
	Q1:
		Shape: Hybrid
		q_c:	293.0	149.5	519.5
		ub :	296.651	153.6176	523.0541
		lb :	289.349	145.3824	515.9459
		P^-1:
			0.2013	0.0598	-0.0286
			0.0598	0.1766	0.0351
			-0.0286	0.0351	0.2332
		A:
			-0.3194	0.3061	-0.8968
			-0.9171	0.1737	0.3587
			-0.4558	0.0721	0.8872
			-0.613	0.4276	0.6644
			-0.7322	0.6811	-0.0077
			-0.7546	-0.6419	0.1362
		b:
			-512.1451
			-55.048
			339.1191
			230.6876
			-114.8104
			-245.2824
	==================================================================================
	Q2:
		Shape: Ellipse
		q_c:	298.0	148.0	508.5
		ub :	302.5558	150.887	512.4356
		lb :	293.4442	145.113	504.5644
		P^-1:
			0.0944	0.0411	0.0041
			0.0411	0.2382	-0.0127
			0.0041	-0.0127	0.1101
	==================================================================================
	Q3:
		Shape: Hybrid
		q_c:	286.0	140.0	512.0
		ub :	291.7972	145.9387	516.0735
		lb :	280.2028	134.0613	507.9265
		P^-1:
			0.1057	0.0428	-0.0211
			0.0428	0.0821	-0.0124
			-0.0211	-0.0124	0.1327
		A:
			0.2595	0.3064	-0.9158
			-0.2743	-0.8582	-0.4339
			-0.1805	0.1024	-0.9782
			-0.7519	-0.5097	0.4182
			-0.739	-0.2812	-0.6122
			0.8242	-0.3614	-0.436
		b:
			-350.4138
			-418.6262
			-536.4519
			-70.9597
			-562.3147
			-35.4962
	==================================================================================
	Q4:
		Shape: Hybrid
		q_c:	291.0	148.0	514.0
		ub :	295.8076	151.5742	516.2374
		lb :	286.1924	144.4258	511.7626
		P^-1:
			0.1943	0.2106	0.2141
			0.2106	0.4208	0.1278
			0.2141	0.1278	0.8787
		A:
			-0.6216	-0.6192	-0.4798
			-0.0526	-0.8138	-0.5787
			-0.3967	-0.5103	-0.7631
			-0.3734	-0.8594	0.3492
			-0.7055	-0.697	-0.128
			-0.2245	-0.0377	-0.9738
		b:
			-518.1918
			-431.5996
			-582.6349
			-55.3607
			-372.9059
			-570.8474
	==================================================================================
	Q5:
		Shape: Hybrid
		q_c:	290.0	139.5	511.0
		ub :	294.8835	144.7709	514.6976
		lb :	285.1165	134.2291	507.3024
		P^-1:
			0.1675	-0.1051	-0.0236
			-0.1051	0.1956	-0.1308
			-0.0236	-0.1308	0.3713
		A:
			-0.2887	0.1805	0.9402
			-0.2086	0.3023	-0.9301
			-0.3512	-0.3211	0.8795
			0.6505	-0.6628	0.371
			-0.2866	0.4163	0.8629
			-0.7557	0.6543	0.0295
		b:
			423.2673
			-492.5268
			303.8342
			286.8041
			417.7209
			-111.6321
	==================================================================================
	Q6:
		Shape: Hybrid
		q_c:	292.0	143.5	513.0
		ub :	295.0221	145.991	516.3084
		lb :	288.9779	141.009	509.6916
		P^-1:
			0.3539	-0.2577	-0.1086
			-0.2577	0.7003	0.3077
			-0.1086	0.3077	0.3558
		A:
			0.0539	0.3924	0.9182
			-0.6169	0.0302	0.7865
			-0.2165	-0.9206	-0.3249
			-0.3688	0.8281	-0.4222
			-0.4656	-0.841	-0.2756
			-0.9504	0.2528	-0.1813
		b:
			544.2974
			229.2327
			-360.9356
			-203.978
			-396.6784
			-332.9241


===========================================================================================
===========================================================================================
S5:
	q_c:	107.0	223.0	184.0
	ub :	125.0211	244.6597	202.5405
	lb :	85.4273	203.6503	159.7977

	==================================================================================
	Q1:
		Shape: Hybrid
		q_c:	116.0	211.0	169.0
		ub :	125.0211	215.5278	178.2023
		lb :	106.9789	206.4722	159.7977
		P^-1:
			0.0158	0.0039	0.0006
			0.0039	0.109	0.0135
			0.0006	0.0135	0.0176
		A:
			-0.3301	-0.7572	-0.5636
			0.213	0.8432	0.4936
			-0.3808	0.887	-0.2612
			0.0015	-0.9376	-0.3478
			0.7801	0.3361	-0.5277
			-0.0224	-0.8775	-0.4791
		b:
			-289.824
			288.8021
			102.5024
			-254.5351
			78.4353
			-266.255
	==================================================================================
	Q2:
		Shape: Hybrid
		q_c:	101.0	221.5	181.0
		ub :	111.6323	230.5777	192.9398
		lb :	90.3677	212.4223	169.0602
		P^-1:
			0.0194	0.0	-0.0028
			0.0	0.0233	-0.0018
			-0.0028	-0.0018	0.0137
		A:
			-0.2455	0.7462	-0.6188
			-0.6196	0.6752	0.4002
			0.3823	0.2722	-0.8831
			0.5084	0.7042	0.4956
			0.0753	-0.7302	-0.6791
			-0.193	0.8699	-0.4539
		b:
			32.6043
			163.1941
			-56.4258
			301.7723
			-272.3662
			94.6773
	==================================================================================
	Q3:
		Shape: Hybrid
		q_c:	113.5	221.0	178.0
		ub :	122.9792	229.2553	186.9844
		lb :	104.0208	212.7447	169.0156
		P^-1:
			0.0351	-0.002	-0.0072
			-0.002	0.0392	-0.0029
			-0.0072	-0.0029	0.0294
		A:
			0.5514	-0.8174	0.167
			-0.1262	-0.3452	0.93
			-0.0597	-0.7147	-0.6969
			0.0066	0.8297	-0.5581
			-0.1919	-0.9387	-0.2865
			0.0053	0.9999	-0.01
		b:
			-85.7185
			78.0151
			-285.3707
			87.3928
			-277.2315
			222.3745
	==================================================================================
	Q4:
		Shape: Hybrid
		q_c:	104.0	236.5	187.0
		ub :	110.148	244.6597	193.8533
		lb :	97.852	228.3403	180.1467
		P^-1:
			0.0954	0.031	-0.0066
			0.031	0.0497	0.0159
			-0.0066	0.0159	0.0521
		A:
			0.7966	0.6021	-0.0533
			-0.2443	0.9669	0.0738
			0.4172	0.896	0.1518
			0.2676	-0.0202	0.9633
			0.4835	0.155	0.8615
			-0.9158	0.1063	0.3874
		b:
			216.9674
			221.2459
			286.3216
			206.7485
			251.1212
			4.4923
	==================================================================================
	Q5:
		Shape: Ellipse
		q_c:	103.5	212.5	193.5
		ub :	113.9571	221.3497	202.5405
		lb :	93.0429	203.6503	184.4595
		P^-1:
			0.0254	0.0036	0.0
			0.0036	0.0313	0.0001
			0.0	0.0001	0.0237
	==================================================================================
	Q6:
		Shape: Hybrid
		q_c:	91.0	225.5	174.5
		ub :	96.5727	235.1311	183.3232
		lb :	85.4273	215.8689	165.6768
		P^-1:
			0.0489	-0.0039	0.0003
			-0.0039	0.0185	0.0007
			0.0003	0.0007	0.0202
		A:
			0.0537	0.5562	-0.8293
			-0.5525	0.1961	-0.8101
			0.9438	0.3195	0.0842
			0.9946	0.102	0.0209
			0.2781	-0.0621	-0.9585
			-0.4628	0.6861	-0.5613
		b:
			-9.3454
			-143.3391
			175.5698
			119.6141
			-151.3558
			19.0852


===========================================================================================
===========================================================================================
S6:
	q_c:	90.0	106.5	59.5
	ub :	112.7632	119.6772	79.2682
	lb :	86.5706	89.0167	40.7423

	==================================================================================
	Q1:
		Shape: Polyhedra
		q_c:	91.0	114.0	49.0
		ub :	95.4294	118.4794	54.8327
		lb :	86.5706	109.5206	43.1673
		A:
			-0.5109	0.8478	0.1424
			-0.6951	0.7012	0.1587
			0.2222	0.7721	0.5955
			-0.8687	0.3441	0.3565
			0.8816	0.2518	0.3991
			0.8816	0.0166	-0.4717
			0.7155	0.6985	0.0063
			0.6913	-0.7067	-0.1507
			-0.1008	0.1122	-0.9886
			-0.7155	-0.6985	-0.0063
			-0.6913	0.7067	0.1507
			0.1008	-0.1122	0.9886
		b:
			59.6613
			26.9526
			141.1792
			-19.5521
			132.1002
			62.2949
			148.0553
			-22.5476
			-39.3282
			-142.0553
			27.5476
			50.3282
	==================================================================================
	Q2:
		Shape: Polyhedra
		q_c:	101.0	98.5	50.0
		ub :	110.9649	107.9833	59.2577
		lb :	91.0351	89.0167	40.7423
		A:
			-0.115	-0.6699	-0.7335
			-0.4212	0.8112	-0.4056
			0.4838	-0.5914	-0.6452
			0.9838	-0.0888	0.1558
			0.1429	-0.9812	0.1298
			-0.0485	0.5208	-0.8523
			0.5292	0.342	0.7766
			-0.6519	0.7496	0.1142
			-0.5431	-0.5667	0.6196
			-0.5292	-0.342	-0.7766
			0.6519	-0.7496	-0.1142
			0.5431	0.5667	-0.6196
		b:
			-108.5177
			22.5371
			-36.2614
			104.0364
			-70.1848
			10.0174
			131.9567
			18.7011
			-73.1897
			-119.9567
			-8.7011
			86.1897
	==================================================================================
	Q3:
		Shape: Ellipse
		q_c:	105.0	113.0	53.5
		ub :	112.3679	119.6772	61.2897
		lb :	97.6321	106.3228	45.7103
		P^-1:
			0.0439	0.0009	0.0058
			0.0009	0.0575	0.0068
			0.0058	0.0068	0.0506
	==================================================================================
	Q4:
		Shape: Hybrid
		q_c:	93.5	105.5	72.5
		ub :	98.2872	108.0222	79.2682
		lb :	88.7128	102.9778	65.7318
		P^-1:
			0.3992	0.2961	-0.2061
			0.2961	0.7336	-0.2066
			-0.2061	-0.2066	0.1408
		A:
			0.164	0.9518	-0.2591
			-0.6554	0.5317	0.5364
			0.3398	0.8263	-0.4493
			0.0137	0.579	-0.8152
			-0.1545	-0.9702	-0.1869
			-0.7419	-0.6137	0.2701
		b:
			97.7616
			35.709
			87.452
			7.2416
			-128.4211
			-113.6605
	==================================================================================
	Q5:
		Shape: Ellipse
		q_c:	95.0	99.0	48.0
		ub :	96.6811	102.9711	51.8595
		lb :	93.3189	95.0289	44.1405
		P^-1:
			0.4437	-0.015	-0.0051
			-0.015	0.1318	-0.0238
			-0.0051	-0.0238	0.1401
	==================================================================================
	Q6:
		Shape: Hybrid
		q_c:	103.0	101.5	55.5
		ub :	112.7632	111.1803	62.7998
		lb :	93.2368	91.8197	48.2002
		P^-1:
			0.0334	0.0093	0.0006
			0.0093	0.0271	-0.0008
			0.0006	-0.0008	0.0399
		A:
			-0.9185	0.3292	0.2193
			-0.896	0.4439	0.0122
			0.047	0.9835	0.1744
			-0.1374	0.9837	-0.1162
			0.2668	-0.5071	0.8195
			-0.4452	-0.8954	-0.0076
		b:
			-45.1296
			-42.4377
			118.1426
			83.3249
			24.6093
			-134.1629


===========================================================================================
===========================================================================================
