3D_45_10_6_e                l = 3

===========================================================================================
===========================================================================================
S1:
	q_c:    199.5000    520.5000    479.0000
	ub :    230.0000    541.0000    483.0000
	lb :    169.0000    500.0000    475.0000

	==================================================================================
	Q1:
		Shape: Ellipse
		q_c:    197.0000    519.0000    482.0000
		ub :    200.1076    521.9200    485.2568
		lb :    193.8924    516.0800    478.7432
		P^-1: 
			    0.2869    -0.0710    0.0546
			    -0.0710    0.2368    -0.1044
			    0.0546    -0.1044    0.3307
	==================================================================================
	Q2:
		Shape: Ellipse
		q_c:    202.0000    516.5000    478.0000
		ub :    204.6035    518.9830    480.3930
		lb :    199.3965    514.0170    475.6070
		P^-1: 
			    0.4318    0.1924    -0.0742
			    0.1924    0.5824    -0.3055
			    -0.0742    -0.3055    0.6803
	==================================================================================
	Q3:
		Shape: Hybrid
		q_c:    196.0000    522.0000    479.5000
		ub :    199.2699    525.2054    481.6850
		lb :    192.7301    518.7946    477.3150
		P^-1: 
			    0.2662    0.1375    -0.0061
			    0.1375    0.3384    0.0047
			    -0.0061    0.0047    0.4442
		A:
			    0.1272    0.9340    -0.3340
			    -0.3843    -0.0284    -0.9228
			    0.2615    0.3948    -0.8808
			    0.3313    -0.1163    -0.9363
			    0.1892    0.2714    0.9437
			    -0.4560    0.5754    0.6789
		b:
			    353.3312
			    -531.7331
			    -164.2155
			    -443.8645
			    631.9981
			    537.8232
	==================================================================================
	Q4:
		Shape: Ellipse
		q_c:    200.5000    519.0000    478.5000
		ub :    202.9691    522.0443    480.0424
		lb :    198.0309    515.9557    476.9576
		P^-1: 
			    0.3971    -0.0978    0.0602
			    -0.0978    0.2448    0.1621
			    0.0602    0.1621    0.9626
	==================================================================================
	Q5:
		Shape: Hybrid
		q_c:    197.0000    522.0000    482.5000
		ub :    199.9813    525.0025    485.6433
		lb :    194.0187    518.9975    479.3567
		P^-1: 
			    0.3920    -0.0674    0.0872
			    -0.0674    0.3577    0.1123
			    0.0872    0.1123    0.2992
		A:
			    -0.9871    -0.1598    0.0101
			    -0.9664    0.2537    0.0419
			    0.2957    -0.9486    0.1126
			    0.4219    -0.8679    -0.2622
			    0.8832    0.4076    0.2321
			    -0.8981    0.2896    -0.3309
		b:
			    -271.9154
			    -36.8655
			    -381.5413
			    -495.6644
			    499.7367
			    -184.6465
	==================================================================================
	Q6:
		Shape: Ellipse
		q_c:    199.0000    518.5000    481.0000
		ub :    200.5470    520.9449    482.9834
		lb :    197.4530    516.0551    479.0166
		P^-1: 
			    0.9575    0.1528    -0.0776
			    0.1528    0.2912    0.0224
			    -0.0776    0.0224    0.4458


===========================================================================================
===========================================================================================
S2:
	q_c:    73.0000    426.0000    89.5000
	ub :    97.0000    442.0000    107.0000
	lb :    49.0000    410.0000    72.0000

	==================================================================================
	Q1:
		Shape: Hybrid
		q_c:    80.5000    438.0000    81.0000
		ub :    92.9549    446.5448    93.3922
		lb :    68.0451    429.4552    68.6078
		P^-1: 
			    0.0206    -0.0122    0.0043
			    -0.0122    0.0390    -0.0106
			    0.0043    -0.0106    0.0193
		A:
			    0.0920    -0.0398    -0.9950
			    0.6532    -0.5423    0.5284
			    -0.4876    0.8150    0.3131
			    -0.0995    0.8184    -0.5660
			    0.6861    0.3344    0.6461
			    0.3394    -0.7053    0.6223
		b:
			    -84.9447
			    -138.9927
			    347.0361
			    307.4837
			    260.1350
			    -228.4978
	==================================================================================
	Q2:
		Shape: Ellipse
		q_c:    65.5000    436.0000    82.0000
		ub :    72.2013    444.7295    90.7357
		lb :    58.7987    427.2705    73.2643
		P^-1: 
			    0.0680    -0.0197    0.0047
			    -0.0197    0.0458    -0.0120
			    0.0047    -0.0120    0.0314
	==================================================================================
	Q3:
		Shape: Polyhedra
		q_c:    66.0000    427.5000    88.0000
		ub :    74.7535    434.7519    96.8508
		lb :    57.2465    420.2481    79.1492
		A:
			    -0.3727    -0.9192    0.1271
			    0.0630    -0.0043    0.9980
			    -0.7569    0.4706    -0.4535
			    -0.5968    -0.8001    -0.0604
			    0.4593    -0.2865    0.8408
			    0.5082    -0.1855    0.8410
			    0.7135    0.4773    0.5129
			    -0.4809    -0.1988    0.8540
			    0.5095    -0.8560    0.0877
			    -0.7135    -0.4773    -0.5129
			    0.4809    0.1988    -0.8540
			    -0.5095    0.8560    -0.0877
		b:
			    -401.2276
			    96.7221
			    115.7394
			    -381.9593
			    -12.7134
			    33.4801
			    300.2705
			    -34.0644
			    -320.0804
			    -292.2705
			    49.0644
			    329.0804
	==================================================================================
	Q4:
		Shape: Polyhedra
		q_c:    81.0000    414.5000    100.5000
		ub :    87.9015    425.4966    111.2357
		lb :    74.0985    403.5034    89.7643
		A:
			    0.8618    0.4061    -0.3041
			    -0.8601    0.4399    0.2582
			    0.6645    -0.5532    -0.5023
			    -0.6753    0.6597    -0.3299
			    -0.6566    0.4926    0.5711
			    -0.1389    0.9178    0.3721
			    0.0717    0.6503    0.7562
			    0.3565    0.6914    -0.6284
			    -0.9316    0.3146    -0.1823
			    -0.0717    -0.6503    -0.7562
			    -0.3565    -0.6914    0.6284
			    0.9316    -0.3146    0.1823
		b:
			    213.9475
			    143.3978
			    -220.2270
			    190.4686
			    214.2931
			    413.3211
			    358.3779
			    259.8149
			    40.6367
			    -344.3779
			    -244.8149
			    -32.6367
	==================================================================================
	Q5:
		Shape: Hybrid
		q_c:    80.5000    425.5000    97.5000
		ub :    91.2115    434.2359    108.1984
		lb :    69.7885    416.7641    86.8016
		P^-1: 
			    0.0251    -0.0043    -0.0034
			    -0.0043    0.0300    -0.0043
			    -0.0034    -0.0043    0.0235
		A:
			    -0.9937    0.0816    0.0769
			    -0.1363    -0.2964    0.9453
			    -0.7085    -0.6970    0.1109
			    0.9336    -0.2178    0.2846
			    0.3569    -0.0804    -0.9307
			    -0.8303    -0.2533    0.4964
		b:
			    -34.2256
			    -41.4909
			    -338.9306
			    13.9760
			    -92.6135
			    -122.8761
	==================================================================================
	Q6:
		Shape: Ellipse
		q_c:    81.0000    430.0000    85.5000
		ub :    89.6995    439.3786    95.9320
		lb :    72.3005    420.6214    75.0680
		P^-1: 
			    0.0321    -0.0049    -0.0082
			    -0.0049    0.0285    0.0006
			    -0.0082    0.0006    0.0276


===========================================================================================
===========================================================================================
S3:
	q_c:    200.5000    205.0000    22.5000
	ub :    213.0000    224.0000    28.0000
	lb :    188.0000    186.0000    17.0000

	==================================================================================
	Q1:
		Shape: Ellipse
		q_c:    200.5000    209.0000    23.5000
		ub :    202.8406    211.4451    24.8068
		lb :    198.1594    206.5549    22.1932
		P^-1: 
			    0.2500    -0.0005    0.0041
			    -0.0005    0.2629    -0.0977
			    0.0041    -0.0977    0.9870
	==================================================================================
	Q2:
		Shape: Polyhedra
		q_c:    203.5000    206.5000    22.0000
		ub :    205.2629    208.9788    24.6330
		lb :    201.7371    204.0212    19.3670
		A:
			    0.0142    -0.7159    -0.6981
			    0.0698    0.1783    -0.9815
			    0.6753    0.7213    -0.1540
			    -0.7124    0.1789    0.6786
			    -0.7792    0.1009    0.6186
			    0.7912    -0.5308    0.3038
			    0.0873    0.6816    0.7265
			    -0.0649    0.7316    -0.6786
			    -0.9941    0.0121    0.1081
			    -0.0873    -0.6816    -0.7265
			    0.0649    -0.7316    0.6786
			    0.9941    -0.0121    -0.1081
		b:
			    -158.2933
			    31.1083
			    284.5881
			    -91.4401
			    -122.4996
			    59.5668
			    176.4914
			    124.4500
			    -195.9198
			    -172.4914
			    -121.4500
			    198.9198
	==================================================================================
	Q3:
		Shape: Ellipse
		q_c:    204.5000    211.0000    25.0000
		ub :    207.5092    213.4277    28.1706
		lb :    201.4908    208.5723    21.8294
		P^-1: 
			    0.2538    -0.0250    0.0098
			    -0.0250    0.4151    -0.0649
			    0.0098    -0.0649    0.2755
	==================================================================================
	Q4:
		Shape: Polyhedra
		q_c:    196.5000    211.0000    26.0000
		ub :    198.7604    212.6347    27.0340
		lb :    194.2396    209.3653    24.9660
		A:
			    0.2059    -0.4953    -0.8440
			    0.0069    -0.9891    -0.1468
			    0.1096    0.1383    -0.9843
			    -0.0896    0.0719    0.9934
			    0.0345    0.1502    -0.9881
			    0.0533    0.7131    -0.6990
			    0.9378    0.2955    0.1820
			    0.3281    -0.9259    -0.1874
			    0.1131    0.2355    -0.9653
			    -0.9378    -0.2955    -0.1820
			    -0.3281    0.9259    0.1874
			    -0.1131    -0.2355    0.9653
		b:
			    -85.1858
			    -210.0361
			    25.6334
			    23.9929
			    13.3188
			    143.4919
			    253.3739
			    -134.7518
			    47.3173
			    -249.3739
			    136.7518
			    -46.3173
	==================================================================================
	Q5:
		Shape: Polyhedra
		q_c:    205.5000    206.0000    27.5000
		ub :    208.3039    208.3950    30.4720
		lb :    202.6961    203.6050    24.5280
		A:
			    0.3905    -0.5459    0.7413
			    -0.2531    0.4807    -0.8395
			    0.4858    0.7029    0.5196
			    -0.2965    0.7915    0.5343
			    0.5028    -0.6231    -0.5991
			    -0.6801    0.7331    0.0031
			    0.3677    0.5401    0.7570
			    -0.4991    0.8015    -0.3295
			    -0.7847    -0.2566    0.5643
			    -0.3677    -0.5401    -0.7570
			    0.4991    -0.8015    0.3295
			    0.7847    0.2566    -0.5643
		b:
			    -10.5186
			    25.3958
			    260.8917
			    118.5145
			    -39.7535
			    12.5293
			    209.6565
			    54.4934
			    -196.5944
			    -205.6565
			    -52.4934
			    200.5944
	==================================================================================
	Q6:
		Shape: Hybrid
		q_c:    203.5000    208.0000    22.5000
		ub :    206.2979    210.9590    25.0186
		lb :    200.7021    205.0410    19.9814
		P^-1: 
			    0.5641    0.1176    -0.3508
			    0.1176    0.2940    -0.1313
			    -0.3508    -0.1313    0.6419
		A:
			    0.1894    0.4615    -0.8667
			    -0.7046    -0.4988    0.5047
			    -0.2742    0.7164    0.6415
			    -0.9411    -0.0804    -0.3283
			    -0.9224    0.1511    0.3555
			    0.7861    -0.1559    -0.5981
		b:
			    115.8610
			    -235.1197
			    108.9749
			    -214.2487
			    -147.3558
			    114.8457


===========================================================================================
===========================================================================================
S4:
	q_c:    194.0000    378.5000    405.0000
	ub :    213.0000    388.0000    420.0000
	lb :    175.0000    369.0000    390.0000

	==================================================================================
	Q1:
		Shape: Polyhedra
		q_c:    196.5000    376.5000    408.0000
		ub :    203.4226    382.5002    413.4004
		lb :    189.5774    370.4998    402.5996
		A:
			    0.5195    -0.8189    -0.2439
			    0.6009    -0.7990    0.0224
			    -0.6504    -0.2157    0.7283
			    0.2289    -0.2540    0.9397
			    -0.1106    -0.7010    0.7046
			    -0.3193    0.7367    -0.5961
			    0.7415    0.5967    0.3068
			    0.4552    -0.1115    -0.8834
			    -0.4929    0.7947    -0.3542
			    -0.7415    -0.5967    -0.3068
			    -0.4552    0.1115    0.8834
			    0.4929    -0.7947    0.3542
		b:
			    -302.6588
			    -170.6269
			    91.6530
			    336.0533
			    5.0900
			    -25.5673
			    501.0349
			    -309.9388
			    60.8180
			    -490.0349
			    315.9388
			    -54.8180
	==================================================================================
	Q2:
		Shape: Hybrid
		q_c:    186.0000    376.0000    412.5000
		ub :    191.3665    381.0965    418.0502
		lb :    180.6335    370.9035    406.9498
		P^-1: 
			    0.1188    -0.0047    -0.0459
			    -0.0047    0.0766    -0.0072
			    -0.0459    -0.0072    0.1087
		A:
			    -0.2905    -0.2809    0.9147
			    -0.9769    0.2118    -0.0294
			    -0.3980    -0.0776    0.9141
			    0.9742    -0.1075    0.1984
			    -0.1969    -0.7701    0.6068
			    0.9961    0.0831    -0.0305
		b:
			    219.3087
			    -112.2362
			    275.3849
			    224.7796
			    -73.9257
			    205.8284
	==================================================================================
	Q3:
		Shape: Ellipse
		q_c:    197.5000    379.5000    407.0000
		ub :    202.6005    384.8838    410.5034
		lb :    192.3995    374.1162    403.4966
		P^-1: 
			    0.3033    0.0693    -0.3969
			    0.0693    0.0884    -0.0997
			    -0.3969    -0.0997    0.7524
	==================================================================================
	Q4:
		Shape: Polyhedra
		q_c:    200.0000    368.0000    413.5000
		ub :    205.2459    373.3270    419.1989
		lb :    194.7541    362.6730    407.8011
		A:
			    -0.5526    -0.1698    -0.8160
			    0.8051    -0.5772    -0.1363
			    0.9161    0.0327    -0.3995
			    -0.0609    -0.7876    0.6132
			    -0.7337    -0.3121    -0.6036
			    0.3904    -0.0574    0.9189
			    0.7470    0.4910    0.4482
			    0.6208    -0.2743    -0.7344
			    -0.2377    0.8268    -0.5097
			    -0.7470    -0.4910    -0.4482
			    -0.6208    0.2743    0.7344
			    0.2377    -0.8268    0.5097
		b:
			    -507.2763
			    -104.2882
			    33.4031
			    -45.0006
			    -508.1271
			    440.1947
			    518.4121
			    -276.9344
			    49.4696
			    -512.4121
			    283.9344
			    -42.4696
	==================================================================================
	Q5:
		Shape: Hybrid
		q_c:    191.5000    375.5000    401.5000
		ub :    198.0706    380.3975    407.8640
		lb :    184.9294    370.6025    395.1360
		P^-1: 
			    0.0891    -0.0657    0.0455
			    -0.0657    0.1581    -0.0753
			    0.0455    -0.0753    0.1016
		A:
			    -0.8648    0.3473    -0.3627
			    0.0799    0.8900    -0.4488
			    0.2150    -0.5079    0.8342
			    -0.6583    0.6719    -0.3392
			    0.1309    -0.9409    0.3122
			    0.0071    0.2812    0.9596
		b:
			    -178.7876
			    171.2122
			    187.0755
			    -8.6742
			    -201.2976
			    495.5935
	==================================================================================
	Q6:
		Shape: Hybrid
		q_c:    196.0000    371.0000    417.5000
		ub :    200.7313    375.1012    422.3391
		lb :    191.2687    366.8988    412.6609
		P^-1: 
			    0.1686    0.0522    0.0660
			    0.0522    0.1130    0.0396
			    0.0660    0.0396    0.1316
		A:
			    0.5273    -0.7096    -0.4674
			    0.0111    -0.9950    0.0993
			    0.6469    0.7253    -0.2356
			    -0.8131    -0.4721    -0.3406
			    -0.7627    0.0465    -0.6451
			    -0.5561    -0.3701    -0.7442
		b:
			    -352.5753
			    -323.1869
			    299.4514
			    -475.6262
			    -400.1262
			    -555.8567


===========================================================================================
===========================================================================================
S5:
	q_c:    382.0000    296.5000    409.5000
	ub :    398.0000    309.0000    425.0000
	lb :    366.0000    284.0000    394.0000

	==================================================================================
	Q1:
		Shape: Polyhedra
		q_c:    371.5000    284.5000    399.5000
		ub :    376.3618    290.1166    404.6580
		lb :    366.6382    278.8834    394.3420
		A:
			    -0.6862    0.5427    0.4844
			    -0.3782    -0.8790    -0.2905
			    0.0906    -0.3181    -0.9437
			    -0.2953    -0.6175    -0.7290
			    0.1940    0.9764    0.0950
			    -0.4414    0.4180    0.7940
			    0.7784    0.6157    0.1223
			    0.3847    -0.6219    0.6820
			    0.4960    -0.4839    -0.7210
			    -0.7784    -0.6157    -0.1223
			    -0.3847    0.6219    -0.6820
			    -0.4960    0.4839    0.7210
		b:
			    95.3561
			    -504.0607
			    -431.0999
			    -574.1372
			    390.9312
			    274.2029
			    515.7219
			    243.4597
			    -239.4394
			    -510.7219
			    -233.4597
			    243.4394
	==================================================================================
	Q2:
		Shape: Polyhedra
		q_c:    386.5000    297.0000    418.5000
		ub :    395.1413    305.0105    423.0962
		lb :    377.8587    288.9895    413.9038
		A:
			    -0.0133    0.6862    0.7273
			    0.3385    -0.6397    -0.6901
			    -0.2581    -0.0294    -0.9657
			    0.0652    0.5290    -0.8461
			    -0.6098    0.3071    -0.7307
			    -0.9343    0.3463    0.0849
			    0.1352    0.0126    0.9907
			    -0.6445    0.7606    0.0782
			    -0.7526    -0.6491    0.1109
			    -0.1352    -0.0126    -0.9907
			    0.6445    -0.7606    -0.0782
			    0.7526    0.6491    -0.1109
		b:
			    507.4795
			    -343.8216
			    -509.0568
			    -167.1114
			    -446.2696
			    -217.5041
			    474.1090
			    14.0592
			    -430.2291
			    -467.1090
			    -5.0592
			    444.2291
	==================================================================================
	Q3:
		Shape: Ellipse
		q_c:    388.0000    300.0000    402.0000
		ub :    398.1917    311.0456    411.7460
		lb :    377.8083    288.9544    392.2540
		P^-1: 
			    0.0236    -0.0044    -0.0036
			    -0.0044    0.0263    0.0054
			    -0.0036    0.0054    0.0213
	==================================================================================
	Q4:
		Shape: Ellipse
		q_c:    378.5000    299.5000    419.5000
		ub :    383.0830    305.9938    424.7674
		lb :    373.9170    293.0062    414.2326
		P^-1: 
			    0.0999    -0.0024    -0.0141
			    -0.0024    0.0287    0.0076
			    -0.0141    0.0076    0.0919
	==================================================================================
	Q5:
		Shape: Polyhedra
		q_c:    381.5000    297.0000    406.0000
		ub :    388.8718    306.6719    416.0163
		lb :    374.1282    287.3281    395.9837
		A:
			    0.4910    -0.2995    -0.8180
			    0.7306    -0.4489    -0.5145
			    0.9029    -0.0676    0.4245
			    -0.4645    0.5323    0.7078
			    0.7290    -0.6252    -0.2787
			    0.5717    -0.8205    -0.0036
			    0.3667    0.5883    0.7208
			    0.9157    -0.0911    -0.3915
			    -0.1646    0.8035    -0.5721
			    -0.3667    -0.5883    -0.7208
			    -0.9157    0.0911    0.3915
			    0.1646    -0.8035    0.5721
		b:
			    -228.8199
			    -58.7136
			    502.3163
			    273.2352
			    -15.3577
			    -20.6011
			    612.7317
			    167.8225
			    -48.9156
			    -601.7317
			    -158.8225
			    63.9156
	==================================================================================
	Q6:
		Shape: Hybrid
		q_c:    395.5000    285.0000    404.0000
		ub :    402.1430    292.8943    410.9826
		lb :    388.8570    277.1057    397.0174
		P^-1: 
			    0.0703    -0.0188    0.0047
			    -0.0188    0.0504    0.0064
			    0.0047    0.0064    0.0434
		A:
			    0.5159    -0.0211    0.8564
			    0.1491    -0.4069    -0.9012
			    0.9043    0.4263    0.0203
			    0.8073    -0.5896    0.0250
			    -0.6861    0.3868    -0.6161
			    0.8663    0.4781    -0.1447
		b:
			    546.6722
			    -418.2925
			    490.3220
			    163.1266
			    -407.7262
			    423.6155


===========================================================================================
===========================================================================================
S6:
	q_c:    215.5000    73.0000    23.5000
	ub :    218.0000    90.0000    39.0000
	lb :    213.0000    56.0000    8.0000

	==================================================================================
	Q1:
		Shape: Hybrid
		q_c:    216.0000    71.5000    21.5000
		ub :    218.2442    73.8206    23.3389
		lb :    213.7558    69.1794    19.6611
		P^-1: 
			    0.4807    0.0764    -0.1139
			    0.0764    0.6056    -0.2402
			    -0.1139    -0.2402    0.8026
		A:
			    -0.7894    0.0851    0.6079
			    0.0106    -0.5738    0.8189
			    0.6058    0.7721    -0.1919
			    -0.4571    -0.8887    -0.0348
			    -0.9354    0.1989    0.2925
			    -0.8881    0.3008    0.3475
		b:
			    -150.5399
			    -20.5991
			    182.7025
			    -162.1647
			    -180.5836
			    -161.8971
	==================================================================================
	Q2:
		Shape: Hybrid
		q_c:    217.0000    73.0000    25.5000
		ub :    218.7635    74.6917    27.3476
		lb :    215.2365    71.3083    23.6524
		P^-1: 
			    0.9540    -0.0340    -0.1492
			    -0.0340    0.9748    -0.1104
			    -0.1492    -0.1104    0.5156
		A:
			    0.2475    0.3512    -0.9030
			    -0.8943    -0.1895    -0.4053
			    0.8402    -0.3877    -0.3792
			    -0.3575    -0.7967    0.4873
			    -0.2361    0.8134    0.5316
			    -0.7184    0.0997    0.6885
		b:
			    57.0812
			    -217.4817
			    144.8660
			    -122.7875
			    22.4128
			    -130.4326
	==================================================================================
	Q3:
		Shape: Hybrid
		q_c:    216.0000    75.5000    25.5000
		ub :    217.7126    77.8263    27.7701
		lb :    214.2874    73.1737    23.2299
		P^-1: 
			    0.8644    0.1746    -0.1627
			    0.1746    0.5170    -0.0676
			    -0.1627    -0.0676    0.5075
		A:
			    0.3002    0.3759    -0.8767
			    -0.8082    -0.3473    -0.4756
			    -0.5317    0.8219    0.2043
			    0.6268    -0.6486    -0.4318
			    0.3586    0.4763    -0.8028
			    0.7440    0.3135    0.5900
		b:
			    71.6595
			    -212.1221
			    -46.6149
			    76.3079
			    93.6905
			    200.2909
	==================================================================================
	Q4:
		Shape: Polyhedra
		q_c:    214.0000    74.0000    25.5000
		ub :    215.9817    75.8999    27.0501
		lb :    212.0183    72.1001    23.9499
		A:
			    -0.2099    0.5366    -0.8173
			    -0.5335    0.1129    0.8382
			    0.4034    0.6332    -0.6605
			    0.3737    0.3606    -0.8546
			    0.4497    -0.5992    -0.6624
			    0.6214    0.7639    -0.1741
			    0.6504    0.6794    0.3398
			    0.3148    0.1661    -0.9345
			    -0.6913    0.7148    -0.1058
			    -0.6504    -0.6794    -0.3398
			    -0.3148    -0.1661    0.9345
			    0.6913    -0.7148    0.1058
		b:
			    -25.0516
			    -83.4297
			    117.4739
			    85.8857
			    36.0754
			    186.4526
			    199.6203
			    56.8198
			    -96.7484
			    -196.6203
			    -54.8198
			    98.7484
	==================================================================================
	Q5:
		Shape: Hybrid
		q_c:    216.0000    74.0000    24.5000
		ub :    217.4249    75.9178    26.5026
		lb :    214.5751    72.0822    22.4974
		P^-1: 
			    0.9982    -0.0168    -0.0269
			    -0.0168    0.8443    -0.2489
			    -0.0269    -0.2489    0.6019
		A:
			    -0.7445    -0.5929    -0.3070
			    -0.3186    0.9477    0.0199
			    -0.6204    -0.7814    0.0680
			    0.4599    -0.3932    0.7962
			    -0.4774    0.8162    -0.3256
			    0.3926    0.8789    -0.2710
		b:
			    -211.4859
			    2.4347
			    -189.5650
			    90.3902
			    -50.1792
			    143.7469
	==================================================================================
	Q6:
		Shape: Ellipse
		q_c:    215.0000    73.5000    24.5000
		ub :    216.6396    74.6160    25.6157
		lb :    213.3604    72.3840    23.3843
		P^-1: 
			    1.1278    0.0207    1.3973
			    0.0207    1.0026    0.1258
			    1.3973    0.1258    3.3140


===========================================================================================
===========================================================================================
S7:
	q_c:    149.0000    433.5000    356.5000
	ub :    163.0000    460.0000    365.0000
	lb :    135.0000    407.0000    348.0000

	==================================================================================
	Q1:
		Shape: Ellipse
		q_c:    143.0000    429.5000    350.5000
		ub :    146.5878    433.3649    354.7950
		lb :    139.4122    425.6351    346.2050
		P^-1: 
			    0.1111    -0.0000    0.0000
			    -0.0000    0.1111    -0.0000
			    0.0000    -0.0000    0.1111
	==================================================================================
	Q2:
		Shape: Hybrid
		q_c:    158.0000    432.5000    356.0000
		ub :    162.9955    437.3578    360.7124
		lb :    153.0045    427.6422    351.2876
		P^-1: 
			    0.1666    0.0194    0.0891
			    0.0194    0.0856    0.0245
			    0.0891    0.0245    0.1420
		A:
			    0.1676    0.4380    0.8832
			    -0.8256    0.1673    -0.5390
			    -0.2930    0.8107    -0.5068
			    0.2377    -0.1212    0.9638
			    0.0143    0.8330    -0.5531
			    0.8711    0.4178    0.2580
		b:
			    532.1575
			    -248.7081
			    126.3548
			    330.1735
			    168.3359
			    411.7482
	==================================================================================
	Q3:
		Shape: Polyhedra
		q_c:    147.0000    429.5000    362.5000
		ub :    150.6014    432.6192    366.9901
		lb :    143.3986    426.3808    358.0099
		A:
			    -0.9210    -0.3010    -0.2473
			    0.4236    0.9005    -0.0985
			    -0.2459    -0.9678    0.0545
			    0.3950    0.2272    0.8901
			    0.5877    -0.7591    0.2799
			    -0.9244    -0.3145    -0.2156
			    0.6382    0.7691    0.0350
			    0.6470    -0.5604    0.5171
			    0.4173    -0.3073    -0.8552
			    -0.6382    -0.7691    -0.0350
			    -0.6470    0.5604    -0.5171
			    -0.4173    0.3073    0.8552
		b:
			    -352.8640
			    414.4473
			    -430.6730
			    481.2702
			    -136.0495
			    -347.7135
			    437.8340
			    43.8717
			    -376.6683
			    -435.8340
			    -39.8717
			    384.6683
	==================================================================================
	Q4:
		Shape: Ellipse
		q_c:    155.5000    430.0000    353.0000
		ub :    156.9125    433.5637    356.5854
		lb :    154.0875    426.4363    349.4146
		P^-1: 
			    3.3802    -0.7110    -1.1526
			    -0.7110    0.4551    0.4616
			    -1.1526    0.4616    0.6908
	==================================================================================
	Q5:
		Shape: Hybrid
		q_c:    145.0000    438.5000    358.0000
		ub :    151.0364    443.5936    364.4656
		lb :    138.9636    433.4064    351.5344
		P^-1: 
			    0.0526    -0.0006    0.0065
			    -0.0006    0.1011    -0.0202
			    0.0065    -0.0202    0.0693
		A:
			    -0.0080    0.6044    0.7967
			    0.2858    -0.2593    0.9225
			    -0.4207    0.7268    -0.5429
			    -0.6999    0.3398    -0.6282
			    -0.1868    0.6662    -0.7220
			    -0.9930    -0.0962    -0.0692
		b:
			    551.6431
			    260.1386
			    65.0457
			    -175.1590
			    8.2405
			    -208.0733
	==================================================================================
	Q6:
		Shape: Ellipse
		q_c:    148.0000    428.0000    362.0000
		ub :    155.6512    436.7196    370.3035
		lb :    140.3488    419.2804    353.6965
		P^-1: 
			    0.0492    0.0090    0.0115
			    0.0090    0.0381    0.0064
			    0.0115    0.0064    0.0413


===========================================================================================
===========================================================================================
S8:
	q_c:    136.0000    437.0000    100.5000
	ub :    160.0000    463.0000    116.0000
	lb :    112.0000    411.0000    85.0000

	==================================================================================
	Q1:
		Shape: Ellipse
		q_c:    123.5000    437.0000    103.0000
		ub :    135.1502    446.0880    111.2594
		lb :    111.8498    427.9120    94.7406
		P^-1: 
			    0.0475    0.1005    0.0687
			    0.1005    0.2791    0.1843
			    0.0687    0.1843    0.1416
	==================================================================================
	Q2:
		Shape: Ellipse
		q_c:    153.0000    430.5000    99.0000
		ub :    164.4008    442.7729    111.2800
		lb :    141.5992    418.2271    86.7200
		P^-1: 
			    0.0165    -0.0004    -0.0011
			    -0.0004    0.0202    -0.0034
			    -0.0011    -0.0034    0.0203
	==================================================================================
	Q3:
		Shape: Hybrid
		q_c:    140.0000    424.5000    112.0000
		ub :    149.7787    434.5918    121.7217
		lb :    130.2213    414.4082    102.2783
		P^-1: 
			    0.0227    0.0046    0.0024
			    0.0046    0.0348    -0.0131
			    0.0024    -0.0131    0.0374
		A:
			    0.0652    -0.2235    0.9725
			    0.6845    0.4124    0.6012
			    -0.1075    0.9864    -0.1242
			    -0.5962    0.7631    -0.2496
			    0.5184    0.6746    -0.5255
			    -0.3952    -0.8544    0.3375
		b:
			    26.0177
			    341.9503
			    393.2908
			    216.5513
			    302.8685
			    -377.4890
	==================================================================================
	Q4:
		Shape: Hybrid
		q_c:    139.5000    443.5000    99.0000
		ub :    150.6658    452.5453    109.0382
		lb :    128.3342    434.4547    88.9618
		P^-1: 
			    0.0309    -0.0094    -0.0167
			    -0.0094    0.0446    -0.0085
			    -0.0167    -0.0085    0.0344
		A:
			    0.2621    0.7845    -0.5621
			    0.1833    0.8543    -0.4864
			    0.3232    -0.5358    0.7800
			    -0.8166    0.3463    0.4618
			    0.6224    -0.6454    -0.4428
			    0.5516    -0.7487    0.3677
		b:
			    331.1621
			    358.6454
			    -111.3003
			    87.7951
			    -240.9612
			    -215.5894
	==================================================================================
	Q5:
		Shape: Ellipse
		q_c:    154.5000    446.5000    88.0000
		ub :    160.8956    451.4316    93.7672
		lb :    148.1044    441.5684    82.2328
		P^-1: 
			    0.0394    0.0089    0.0137
			    0.0089    0.1356    -0.0384
			    0.0137    -0.0384    0.0998
	==================================================================================
	Q6:
		Shape: Polyhedra
		q_c:    146.5000    441.5000    94.0000
		ub :    150.0213    448.9768    102.3093
		lb :    142.9787    434.0232    85.6907
		A:
			    -0.9294    -0.3648    0.0563
			    -0.8425    0.4525    0.2923
			    -0.7181    -0.5261    -0.4555
			    0.8072    -0.4885    -0.3312
			    -0.2257    0.8029    0.5518
			    0.5661    0.7884    0.2406
			    0.9870    0.1597    0.0173
			    0.0836    -0.6027    0.7936
			    0.1372    -0.7818    -0.6082
			    -0.9870    -0.1597    -0.0173
			    -0.0836    0.6027    -0.7936
			    -0.1372    0.7818    0.6082
		b:
			    -289.0167
			    106.4637
			    -377.6714
			    -125.9245
			    375.8144
			    456.7949
			    219.2506
			    -170.7425
			    -379.7457
			    -214.2506
			    187.7425
			    384.7457


===========================================================================================
===========================================================================================
S9:
	q_c:    220.5000    57.5000    435.5000
	ub :    235.0000    61.0000    456.0000
	lb :    206.0000    54.0000    415.0000

	==================================================================================
	Q1:
		Shape: Polyhedra
		q_c:    222.5000    57.0000    434.0000
		ub :    225.1628    59.8836    436.4544
		lb :    219.8372    54.1164    431.5456
		A:
			    -0.3675    -0.9292    -0.0393
			    -0.7279    0.0629    0.6828
			    -0.6966    0.1392    0.7038
			    0.3716    -0.7139    -0.5936
			    -0.0165    0.7514    -0.6596
			    0.3476    -0.7650    -0.5422
			    0.6260    0.6380    0.4484
			    0.7582    -0.6324    -0.1588
			    0.1823    0.4394    -0.8796
			    -0.6260    -0.6380    -0.4484
			    -0.7582    0.6324    0.1588
			    -0.1823    -0.4394    0.8796
		b:
			    -149.9304
			    139.4684
			    159.8839
			    -213.9929
			    -245.5987
			    -199.9218
			    372.2652
			    65.2352
			    -314.6531
			    -368.2652
			    -62.2352
			    317.6531
	==================================================================================
	Q2:
		Shape: Ellipse
		q_c:    222.0000    58.0000    434.5000
		ub :    224.8787    60.8628    436.7836
		lb :    219.1213    55.1372    432.2164
		P^-1: 
			    0.3784    0.0916    0.0098
			    0.0916    0.3175    -0.0136
			    0.0098    -0.0136    0.4430
	==================================================================================
	Q3:
		Shape: Polyhedra
		q_c:    222.5000    56.5000    434.0000
		ub :    224.4761    58.0503    436.0330
		lb :    220.5239    54.9497    431.9670
		A:
			    0.0494    -0.9530    0.2989
			    -0.3778    0.9129    0.1545
			    -0.7628    -0.2402    -0.6003
			    0.9291    0.3694    0.0164
			    -0.8160    0.5724    -0.0803
			    0.1699    -0.8649    -0.4723
			    0.6130    0.4868    0.6223
			    0.2287    -0.8632    0.4500
			    0.7563    -0.1335    -0.6405
			    -0.6130    -0.4868    -0.6223
			    -0.2287    0.8632    -0.4500
			    -0.7563    0.1335    0.6405
		b:
			    87.8716
			    35.7480
			    -442.8279
			    235.9603
			    -182.8478
			    -214.8579
			    434.9743
			    198.4181
			    -115.7470
			    -432.9743
			    -196.4181
			    118.7470
	==================================================================================
	Q4:
		Shape: Polyhedra
		q_c:    221.0000    60.0000    435.0000
		ub :    223.4104    61.3061    436.7915
		lb :    218.5896    58.6939    433.2085
		A:
			    0.1553    -0.7778    -0.6091
			    0.4799    -0.5114    0.7129
			    0.1596    -0.9738    -0.1622
			    -0.6753    0.6434    -0.3605
			    -0.5454    -0.5244    -0.6539
			    -0.0455    -0.7218    -0.6906
			    0.4797    0.2474    0.8418
			    -0.7932    -0.2879    0.5366
			    0.3751    -0.9251    0.0581
			    -0.4797    -0.2474    -0.8418
			    0.7932    0.2879    -0.5366
			    -0.3751    0.9251    -0.0581
		b:
			    -276.5413
			    386.0853
			    -93.2095
			    -266.8277
			    -435.6849
			    -353.1907
			    487.5543
			    43.3552
			    53.1776
			    -486.5543
			    -38.3552
			    -52.1776
	==================================================================================
	Q5:
		Shape: Ellipse
		q_c:    223.0000    60.0000    439.5000
		ub :    224.8423    63.3064    442.8228
		lb :    221.1577    56.6936    436.1772
		P^-1: 
			    0.4400    0.0134    0.0260
			    0.0134    0.2006    0.0466
			    0.0260    0.0466    0.2138
	==================================================================================
	Q6:
		Shape: Hybrid
		q_c:    219.0000    61.0000    433.5000
		ub :    220.7134    63.4469    436.0682
		lb :    217.2866    58.5531    430.9318
		P^-1: 
			    0.4444    0.0000    -0.0001
			    0.0000    0.4022    0.0802
			    -0.0001    0.0802    0.2922
		A:
			    -0.7283    -0.5358    0.4273
			    0.8940    0.4467    -0.0338
			    0.3530    -0.5035    -0.7886
			    -0.7578    -0.5183    0.3962
			    -0.9942    -0.0782    -0.0744
			    -0.8024    -0.4947    0.3337
		b:
			    -5.9882
			    209.1833
			    -294.4073
			    -24.8736
			    -253.9740
			    -60.3413


===========================================================================================
===========================================================================================
S10:
	q_c:    244.0000    157.5000    264.5000
	ub :    265.0000    175.0000    284.0000
	lb :    223.0000    140.0000    245.0000

	==================================================================================
	Q1:
		Shape: Hybrid
		q_c:    251.0000    154.5000    259.0000
		ub :    260.1182    162.6718    266.6022
		lb :    241.8818    146.3282    251.3978
		P^-1: 
			    0.0275    0.0062    -0.0032
			    0.0062    0.0369    0.0016
			    -0.0032    0.0016    0.0392
		A:
			    0.9016    -0.4307    -0.0399
			    -0.0902    -0.3320    0.9389
			    0.1864    -0.1656    -0.9684
			    0.0786    -0.6963    -0.7134
			    -0.1691    0.8486    0.5013
			    0.1064    -0.4496    -0.8869
		b:
			    153.3398
			    171.8726
			    -227.1265
			    -270.0526
			    221.2737
			    -269.9452
	==================================================================================
	Q2:
		Shape: Hybrid
		q_c:    231.0000    162.5000    268.5000
		ub :    238.7936    168.5556    273.4270
		lb :    223.2064    156.4444    263.5730
		P^-1: 
			    0.0298    0.0270    0.0057
			    0.0270    0.0982    0.0114
			    0.0057    0.0114    0.0660
		A:
			    -0.0826    -0.9961    0.0295
			    -0.3353    -0.8939    0.2976
			    0.0169    -0.8963    0.4432
			    0.2762    0.3766    0.8842
			    -0.1288    -0.9761    0.1750
			    -0.3024    0.6180    -0.7257
		b:
			    -171.0735
			    -140.9724
			    -20.3162
			    364.5524
			    -139.4475
			    -161.0303
	==================================================================================
	Q3:
		Shape: Ellipse
		q_c:    247.5000    162.0000    271.5000
		ub :    253.3116    167.8641    278.2779
		lb :    241.6884    156.1359    264.7221
		P^-1: 
			    0.2157    -0.1596    -0.0065
			    -0.1596    0.2812    0.1236
			    -0.0065    0.1236    0.1280
	==================================================================================
	Q4:
		Shape: Polyhedra
		q_c:    255.5000    145.5000    264.0000
		ub :    264.2748    153.2349    273.0455
		lb :    246.7252    137.7651    254.9545
		A:
			    -0.7594    -0.3692    0.5357
			    0.6950    -0.6481    0.3114
			    -0.0837    -0.2004    -0.9761
			    0.6213    0.6495    0.4384
			    0.8299    -0.0241    0.5573
			    0.4376    -0.1532    0.8860
			    0.7408    0.0029    0.6717
			    -0.6597    0.1918    0.7267
			    -0.1267    -0.9814    0.1440
			    -0.7408    -0.0029    -0.6717
			    0.6597    -0.1918    -0.7267
			    0.1267    0.9814    -0.1440
		b:
			    -99.5516
			    171.1180
			    -302.3921
			    374.4117
			    360.2477
			    328.3509
			    371.5326
			    58.2098
			    -130.6537
			    -362.5326
			    -44.2098
			    143.6537
	==================================================================================
	Q5:
		Shape: Ellipse
		q_c:    245.5000    155.5000    259.0000
		ub :    253.0248    164.3754    267.4293
		lb :    237.9752    146.6246    250.5707
		P^-1: 
			    0.0337    0.0080    0.0054
			    0.0080    0.0401    0.0048
			    0.0054    0.0048    0.0364
	==================================================================================
	Q6:
		Shape: Polyhedra
		q_c:    239.0000    160.0000    264.0000
		ub :    249.4149    168.5017    274.6101
		lb :    228.5851    151.4983    253.3899
		A:
			    0.1915    0.9479    -0.2547
			    0.5071    -0.7660    0.3951
			    0.1755    0.5464    -0.8190
			    -0.4688    -0.4457    -0.7626
			    0.0035    -0.5800    -0.8146
			    0.2255    0.8157    0.5328
			    0.3271    0.8409    0.4311
			    0.8862    -0.1146    -0.4490
			    -0.3282    0.5289    -0.7827
			    -0.3271    -0.8409    -0.4311
			    -0.8862    0.1146    0.4490
			    0.3282    -0.5289    0.7827
		b:
			    135.9119
			    109.4497
			    -80.1522
			    -379.2483
			    -301.2876
			    330.1040
			    331.5326
			    82.4359
			    -193.9447
			    -321.5326
			    -67.4359
			    206.9447


===========================================================================================
===========================================================================================
