3D_45_10_6_f                l = 3

===========================================================================================
===========================================================================================
S1:
	q_c:    452.0000    149.5000    360.5000
	ub :    479.0000    160.0000    384.0000
	lb :    425.0000    139.0000    337.0000

	==================================================================================
	Q1:
		Shape: Polyhedra
		q_c:    456.0000    151.0000    353.0000
		ub :    463.0778    159.7247    361.3977
		lb :    448.9222    142.2753    344.6023
		A:
			    -0.3518    -0.4079    0.8425
			    -0.8322    -0.5418    0.1179
			    0.7771    0.4894    -0.3957
			    0.4617    0.1521    -0.8739
			    -0.8558    0.1950    0.4792
			    0.4874    0.0807    0.8694
			    0.1047    0.6773    0.7282
			    0.6167    0.5302    -0.5818
			    -0.7802    0.5101    -0.3622
			    -0.1047    -0.6773    -0.7282
			    -0.6167    -0.5302    0.5818
			    0.7802    -0.5101    0.3622
		b:
			    79.2996
			    -415.4872
			    292.2171
			    -70.7384
			    -186.9206
			    547.0969
			    413.0872
			    159.4204
			    -401.0893
			    -401.0872
			    -152.4204
			    412.0893
	==================================================================================
	Q2:
		Shape: Polyhedra
		q_c:    449.5000    157.0000    358.0000
		ub :    454.8745    160.6934    364.4315
		lb :    444.1255    153.3066    351.5685
		A:
			    -0.3665    -0.8845    0.2885
			    0.3078    0.8937    0.3264
			    -0.1048    -0.9890    0.1041
			    0.2486    0.5736    0.7805
			    -0.2411    -0.7447    -0.6223
			    0.6297    0.7768    -0.0031
			    0.9351    0.1800    0.3053
			    -0.2887    -0.1128    0.9508
			    0.2055    -0.9772    -0.0535
			    -0.9351    -0.1800    -0.3053
			    0.2887    0.1128    -0.9508
			    -0.2055    0.9772    0.0535
		b:
			    -196.7477
			    398.4059
			    -162.2765
			    485.3460
			    -444.5158
			    407.2548
			    561.3764
			    198.3883
			    -77.6953
			    -554.3764
			    -187.3883
			    82.6953
	==================================================================================
	Q3:
		Shape: Hybrid
		q_c:    458.0000    156.5000    364.5000
		ub :    466.7310    163.9320    372.9834
		lb :    449.2690    149.0680    356.0166
		P^-1: 
			    0.0449    0.0278    -0.0100
			    0.0278    0.0699    -0.0353
			    -0.0100    -0.0353    0.0567
		A:
			    0.4626    0.6331    -0.6206
			    0.3660    0.6816    0.6336
			    -0.5088    -0.0643    0.8585
			    -0.5274    -0.8469    -0.0680
			    0.3456    0.3391    0.8750
			    0.4545    0.8837    0.1124
		b:
			    86.3797
			    509.3354
			    73.5498
			    -396.2596
			    534.2771
			    390.2817
	==================================================================================
	Q4:
		Shape: Polyhedra
		q_c:    445.0000    149.0000    351.5000
		ub :    450.5843    152.8155    357.5266
		lb :    439.4157    145.1845    345.4734
		A:
			    0.9555    -0.2410    -0.1701
			    0.1976    -0.7858    0.5861
			    0.0268    -0.9162    0.3998
			    -0.5822    0.5108    -0.6325
			    0.0506    -0.9573    0.2847
			    0.4311    -0.8734    -0.2264
			    0.4990    0.5189    0.6941
			    0.7678    0.1065    -0.6317
			    -0.4017    0.8482    -0.3453
			    -0.4990    -0.5189    -0.6941
			    -0.7678    -0.1065    0.6317
			    0.4017    -0.8482    0.3453
		b:
			    332.6470
			    178.3711
			    17.7039
			    -402.8186
			    -18.1895
			    -15.3345
			    548.3439
			    139.0145
			    -172.7569
			    -538.3439
			    -132.0145
			    174.7569
	==================================================================================
	Q5:
		Shape: Polyhedra
		q_c:    459.0000    140.5000    360.5000
		ub :    466.6141    148.1223    365.8579
		lb :    451.3859    132.8777    355.1421
		A:
			    -0.5692    0.3404    -0.7484
			    -0.8405    0.1431    0.5226
			    0.1195    0.7097    -0.6943
			    -0.6104    0.4472    -0.6538
			    0.5790    0.0427    0.8142
			    -0.6994    0.7117    -0.0651
			    0.7939    0.6066    0.0425
			    0.5781    -0.7746    0.2566
			    0.1886    -0.1791    -0.9656
			    -0.7939    -0.6066    -0.0425
			    -0.5781    0.7746    -0.2566
			    -0.1886    0.1791    0.9656
		b:
			    -478.5442
			    -172.7097
			    -91.0588
			    -448.2056
			    569.8496
			    -239.5554
			    469.9511
			    254.0035
			    -282.7041
			    -459.9511
			    -244.0035
			    290.7041
	==================================================================================
	Q6:
		Shape: Hybrid
		q_c:    454.0000    143.5000    360.5000
		ub :    459.6776    147.2493    363.7457
		lb :    448.3224    139.7507    357.2543
		P^-1: 
			    0.0667    0.0609    -0.0345
			    0.0609    0.2298    0.0115
			    -0.0345    0.0115    0.2435
		A:
			    -0.0540    0.9693    0.2398
			    0.1362    0.5087    0.8501
			    0.2826    -0.8195    0.4985
			    -0.2874    -0.9349    0.2080
			    0.2249    0.3245    0.9188
			    0.0190    -0.7214    -0.6922
		b:
			    202.4724
			    442.3747
			    192.8104
			    -188.6539
			    481.2360
			    -343.3889


===========================================================================================
===========================================================================================
S2:
	q_c:    476.5000    328.0000    177.5000
	ub :    494.0000    341.0000    198.0000
	lb :    459.0000    315.0000    157.0000

	==================================================================================
	Q1:
		Shape: Polyhedra
		q_c:    476.5000    328.5000    185.5000
		ub :    483.2511    337.7833    194.8366
		lb :    469.7489    319.2167    176.1634
		A:
			    0.6091    0.4420    -0.6585
			    0.3612    -0.3823    0.8505
			    -0.4131    0.8643    0.2867
			    0.8315    0.1732    -0.5278
			    -0.8125    0.3843    -0.4383
			    0.3841    -0.2141    -0.8981
			    0.3750    0.5592    0.7393
			    -0.9253    0.2742    0.2620
			    -0.0562    -0.7824    0.6203
			    -0.3750    -0.5592    -0.7393
			    0.9253    -0.2742    -0.2620
			    0.0562    0.7824    -0.6203
		b:
			    318.7808
			    210.2291
			    145.5966
			    360.1331
			    -337.0191
			    -48.4711
			    505.5510
			    -297.7577
			    -162.7121
			    -493.5510
			    306.7577
			    174.7121
	==================================================================================
	Q2:
		Shape: Ellipse
		q_c:    469.5000    318.0000    174.0000
		ub :    474.3996    325.8064    182.3023
		lb :    464.6004    310.1936    165.6977
		P^-1: 
			    0.2193    0.0733    0.0196
			    0.0733    0.0646    -0.0002
			    0.0196    -0.0002    0.0298
	==================================================================================
	Q3:
		Shape: Hybrid
		q_c:    479.0000    334.5000    176.0000
		ub :    486.2105    342.3175    185.9769
		lb :    471.7895    326.6825    166.0231
		P^-1: 
			    0.0336    0.0075    0.0013
			    0.0075    0.0606    0.0304
			    0.0013    0.0304    0.0344
		A:
			    0.3833    0.6011    0.7012
			    -0.1474    0.7529    0.6414
			    0.6227    -0.0344    -0.7817
			    0.7188    0.6700    0.1856
			    0.7598    -0.4052    -0.5084
			    0.4220    0.5621    0.7113
		b:
			    510.6225
			    296.1405
			    153.7003
			    603.8360
			    142.2701
			    518.0891
	==================================================================================
	Q4:
		Shape: Ellipse
		q_c:    462.5000    343.0000    181.5000
		ub :    469.5807    351.0602    188.8892
		lb :    455.4193    334.9398    174.1108
		P^-1: 
			    0.0400    0.0001    0.0001
			    0.0001    0.0478    0.0107
			    0.0001    0.0107    0.0547
	==================================================================================
	Q5:
		Shape: Ellipse
		q_c:    465.5000    336.0000    168.5000
		ub :    471.3113    340.2326    174.2510
		lb :    459.6887    331.7674    162.7490
		P^-1: 
			    0.0746    -0.0006    -0.0355
			    -0.0006    0.0625    -0.0008
			    -0.0355    -0.0008    0.0766
	==================================================================================
	Q6:
		Shape: Polyhedra
		q_c:    470.5000    319.0000    172.0000
		ub :    479.4753    328.0291    177.7791
		lb :    461.5247    309.9709    166.2209
		A:
			    0.6749    -0.1409    -0.7243
			    0.9976    -0.0049    -0.0697
			    0.2215    -0.1828    0.9579
			    -0.0830    -0.6430    -0.7614
			    0.2495    0.5786    -0.7765
			    0.0538    0.0425    -0.9976
			    0.6345    0.7067    0.3130
			    0.7310    -0.6802    0.0539
			    0.2510    0.1946    -0.9482
			    -0.6345    -0.7067    -0.3130
			    -0.7310    0.6802    -0.0539
			    -0.2510    -0.1946    0.9482
		b:
			    152.0603
			    461.5180
			    214.7846
			    -369.2709
			    172.5044
			    -128.9236
			    584.8160
			    141.2079
			    20.5691
			    -570.8160
			    -131.2079
			    -13.5691


===========================================================================================
===========================================================================================
S3:
	q_c:    420.0000    377.5000    126.0000
	ub :    440.0000    394.0000    150.0000
	lb :    400.0000    361.0000    102.0000

	==================================================================================
	Q1:
		Shape: Ellipse
		q_c:    415.5000    371.0000    139.5000
		ub :    423.2452    377.5405    146.9948
		lb :    407.7548    364.4595    132.0052
		P^-1: 
			    0.0550    -0.0169    0.0095
			    -0.0169    0.0698    -0.0004
			    0.0095    -0.0004    0.0392
	==================================================================================
	Q2:
		Shape: Polyhedra
		q_c:    401.5000    376.5000    131.0000
		ub :    409.5497    383.9626    139.6632
		lb :    393.4503    369.0374    122.3368
		A:
			    -0.9857    -0.1490    0.0783
			    0.8086    0.2817    0.5165
			    0.7195    -0.4392    0.5379
			    0.3273    0.8957    -0.3011
			    0.9316    -0.0614    0.3584
			    -0.1991    0.1641    -0.9661
			    0.0053    0.9519    0.3064
			    0.8135    0.1741    -0.5549
			    -0.5816    0.2522    -0.7734
			    -0.0053    -0.9519    -0.3064
			    -0.8135    -0.1741    0.5549
			    0.5816    -0.2522    0.7734
		b:
			    -435.1974
			    503.3370
			    198.2702
			    435.1586
			    402.9554
			    -140.0654
			    406.1477
			    326.4581
			    -235.8822
			    -395.1477
			    -312.4581
			    243.8822
	==================================================================================
	Q3:
		Shape: Hybrid
		q_c:    435.5000    396.5000    140.5000
		ub :    444.5588    406.3183    151.1305
		lb :    426.4412    386.6817    129.8695
		P^-1: 
			    0.0244    -0.0010    0.0012
			    -0.0010    0.0252    -0.0017
			    0.0012    -0.0017    0.0256
		A:
			    -0.7441    0.6535    -0.1390
			    -0.5297    -0.4817    0.6981
			    0.7985    -0.5552    0.2327
			    0.5846    0.1125    -0.8035
			    -0.1418    -0.5184    0.8433
			    -0.5283    -0.2873    0.7990
		b:
			    -81.2806
			    -320.2581
			    163.4440
			    189.7392
			    -145.6408
			    -228.3819
	==================================================================================
	Q4:
		Shape: Hybrid
		q_c:    407.5000    382.0000    124.5000
		ub :    415.9335    392.2288    133.3448
		lb :    399.0665    371.7712    115.6552
		P^-1: 
			    0.0224    0.0081    0.0144
			    0.0081    0.0295    0.0273
			    0.0144    0.0273    0.0613
		A:
			    -0.4910    -0.6081    0.6238
			    0.4547    -0.7831    -0.4243
			    -0.3310    -0.1982    -0.9226
			    0.5922    0.7364    0.3271
			    0.5606    0.5347    0.6323
			    0.8638    0.4955    0.0909
		b:
			    -348.2332
			    -161.8576
			    -323.0296
			    567.3400
			    513.9450
			    557.6284
	==================================================================================
	Q5:
		Shape: Hybrid
		q_c:    420.0000    391.5000    139.5000
		ub :    429.2756    400.3129    149.3769
		lb :    410.7244    382.6871    129.6231
		P^-1: 
			    0.0228    -0.0002    -0.0017
			    -0.0002    0.0480    -0.0197
			    -0.0017    -0.0197    0.0358
		A:
			    0.9250    0.3286    -0.1906
			    0.7187    -0.6762    0.1618
			    -0.3758    0.1292    -0.9176
			    -0.5112    -0.7873    0.3448
			    -0.6015    -0.0548    0.7970
			    0.3424    0.9388    0.0378
		b:
			    494.8889
			    63.3549
			    -231.3325
			    -471.8492
			    -158.9610
			    520.1798
	==================================================================================
	Q6:
		Shape: Hybrid
		q_c:    405.0000    378.0000    118.5000
		ub :    418.4770    391.5038    129.2373
		lb :    391.5230    364.4962    107.7627
		P^-1: 
			    0.0172    0.0038    0.0013
			    0.0038    0.0135    0.0003
			    0.0013    0.0003    0.0186
		A:
			    -0.8040    -0.4115    0.4292
			    -0.9505    -0.1641    0.2639
			    0.4665    0.8489    0.2485
			    0.2111    -0.0542    0.9760
			    -0.5589    -0.8258    -0.0750
			    0.7950    0.1287    -0.5928
		b:
			    -426.4008
			    -411.5571
			    543.4481
			    184.4693
			    -543.3384
			    304.6144


===========================================================================================
===========================================================================================
S4:
	q_c:    500.5000    459.0000    123.0000
	ub :    517.0000    473.0000    137.0000
	lb :    484.0000    445.0000    109.0000

	==================================================================================
	Q1:
		Shape: Polyhedra
		q_c:    497.5000    459.0000    125.0000
		ub :    501.0383    463.6459    129.5070
		lb :    493.9617    454.3541    120.4930
		A:
			    -0.7260    0.4392    0.5291
			    -0.7552    0.3106    0.5773
			    -0.9494    -0.2573    0.1802
			    0.9683    0.0294    -0.2481
			    -0.2921    -0.7120    -0.6385
			    -0.5843    0.6985    0.4133
			    0.6397    0.6246    0.4480
			    0.0277    0.5637    -0.8255
			    -0.7682    0.5404    0.3433
			    -0.6397    -0.6246    -0.4480
			    -0.0277    -0.5637    0.8255
			    0.7682    -0.5404    -0.3433
		b:
			    -91.4388
			    -158.8608
			    -565.2536
			    466.5962
			    -549.0853
			    83.6553
			    663.9306
			    172.3165
			    -89.1859
			    -657.9306
			    -166.3165
			    93.1859
	==================================================================================
	Q2:
		Shape: Polyhedra
		q_c:    492.0000    455.0000    123.5000
		ub :    497.6449    460.1741    128.5865
		lb :    486.3551    449.8259    118.4135
		A:
			    -0.2687    -0.6350    0.7243
			    -0.5546    -0.8320    -0.0138
			    -0.8513    0.5234    -0.0355
			    0.7147    0.6690    -0.2040
			    0.1681    -0.7776    0.6059
			    0.3555    0.7519    -0.5552
			    0.7657    0.0712    0.6393
			    -0.6044    -0.2605    0.7529
			    0.2201    -0.9628    -0.1564
			    -0.7657    -0.0712    -0.6393
			    0.6044    0.2605    -0.7529
			    -0.2201    0.9628    0.1564
		b:
			    -328.8660
			    -649.1960
			    -180.8133
			    634.1354
			    -192.3720
			    451.4763
			    492.5511
			    -320.9054
			    -344.6124
			    -483.5511
			    324.9054
			    353.6124
	==================================================================================
	Q3:
		Shape: Hybrid
		q_c:    500.5000    451.0000    121.5000
		ub :    507.5320    458.0981    127.9412
		lb :    493.4680    443.9019    115.0588
		P^-1: 
			    0.0533    0.0052    0.0121
			    0.0052    0.0621    -0.0142
			    0.0121    -0.0142    0.0688
		A:
			    -0.1694    0.9611    -0.2180
			    -0.3808    -0.4588    0.8028
			    -0.9644    0.2227    -0.1429
			    -0.8733    0.4330    -0.2233
			    0.0103    -0.9965    -0.0829
			    -0.2737    -0.0376    0.9611
		b:
			    324.4928
			    -297.7976
			    -396.9429
			    -266.3469
			    -451.8378
			    -34.6659
	==================================================================================
	Q4:
		Shape: Hybrid
		q_c:    496.5000    454.5000    112.5000
		ub :    500.5009    459.1022    116.0390
		lb :    492.4991    449.8978    108.9610
		P^-1: 
			    0.1600    -0.0155    0.0346
			    -0.0155    0.1059    0.0455
			    0.0346    0.0455    0.2257
		A:
			    -0.3372    -0.5422    -0.7696
			    0.7559    0.4527    0.4729
			    0.2172    -0.5163    -0.8284
			    0.0950    -0.5350    -0.8395
			    0.0016    0.6993    0.7149
			    -0.5080    0.3198    -0.7998
		b:
			    -499.2305
			    635.7778
			    -218.8505
			    -289.2741
			    400.3557
			    -195.4415
	==================================================================================
	Q5:
		Shape: Polyhedra
		q_c:    496.5000    468.0000    125.5000
		ub :    502.6246    471.7647    131.8520
		lb :    490.3754    464.2353    119.1480
		A:
			    -0.0303    0.9861    0.1631
			    -0.3289    0.8596    0.3910
			    0.4496    -0.8623    -0.2329
			    0.2562    -0.9311    -0.2595
			    0.1430    0.9777    -0.1536
			    0.1240    0.2465    0.9612
			    0.9512    0.1610    0.2633
			    -0.2043    -0.3110    0.9282
			    0.2313    -0.9367    -0.2629
			    -0.9512    -0.1610    -0.2633
			    0.2043    0.3110    -0.9282
			    -0.2313    0.9367    0.2629
		b:
			    468.8029
			    289.7769
			    -207.6844
			    -339.6106
			    512.2898
			    302.0503
			    585.6401
			    -125.5055
			    -355.0276
			    -575.6401
			    135.5055
			    358.0276
	==================================================================================
	Q6:
		Shape: Ellipse
		q_c:    489.5000    463.0000    115.5000
		ub :    491.9046    465.3756    120.2473
		lb :    487.0954    460.6244    110.7527
		P^-1: 
			    0.2493    0.0273    -0.0088
			    0.0273    0.9051    0.2837
			    -0.0088    0.2837    0.1451


===========================================================================================
===========================================================================================
S5:
	q_c:    304.5000    81.0000    393.0000
	ub :    319.0000    97.0000    411.0000
	lb :    290.0000    65.0000    375.0000

	==================================================================================
	Q1:
		Shape: Ellipse
		q_c:    290.5000    84.5000    398.5000
		ub :    300.0695    94.0400    404.1773
		lb :    280.9305    74.9600    392.8227
		P^-1: 
			    0.0372    -0.0127    0.0219
			    -0.0127    0.0362    0.0202
			    0.0219    0.0202    0.1009
	==================================================================================
	Q2:
		Shape: Hybrid
		q_c:    298.0000    89.0000    401.0000
		ub :    303.8785    96.1134    408.6186
		lb :    292.1215    81.8866    393.3814
		P^-1: 
			    0.1262    -0.0023    0.0420
			    -0.0023    0.0903    0.0506
			    0.0420    0.0506    0.0750
		A:
			    0.4048    -0.2795    -0.8706
			    0.4029    -0.7771    -0.4836
			    -0.2580    -0.6748    -0.6915
			    0.3616    0.5704    0.7375
			    -0.3953    0.7116    0.5809
			    0.8344    -0.5269    -0.1617
		b:
			    -249.6205
			    -141.3014
			    -412.7907
			    455.7258
			    180.3662
			    138.6928
	==================================================================================
	Q3:
		Shape: Ellipse
		q_c:    304.0000    72.5000    407.0000
		ub :    308.7025    79.6471    415.6467
		lb :    299.2975    65.3529    398.3533
		P^-1: 
			    0.1059    -0.0112    -0.0182
			    -0.0112    0.0660    -0.0260
			    -0.0182    -0.0260    0.0386
	==================================================================================
	Q4:
		Shape: Hybrid
		q_c:    308.5000    94.0000    406.5000
		ub :    319.3327    105.2855    416.2817
		lb :    297.6673    82.7145    396.7183
		P^-1: 
			    0.0553    0.0152    0.0445
			    0.0152    0.0264    0.0224
			    0.0445    0.0224    0.0609
		A:
			    0.9988    -0.0489    -0.0099
			    0.4373    0.8739    -0.2122
			    0.8636    0.3439    0.3686
			    0.8789    0.3722    -0.2983
			    0.2520    0.5404    0.8028
			    -0.4445    -0.4528    -0.7730
		b:
			    304.6483
			    137.6623
			    451.6669
			    191.7633
			    457.6564
			    -491.9359
	==================================================================================
	Q5:
		Shape: Ellipse
		q_c:    299.5000    90.0000    387.0000
		ub :    306.0087    97.5782    395.6104
		lb :    292.9913    82.4218    378.3896
		P^-1: 
			    0.0843    -0.0845    -0.0473
			    -0.0845    0.1515    0.0741
			    -0.0473    0.0741    0.0624
	==================================================================================
	Q6:
		Shape: Hybrid
		q_c:    307.5000    65.5000    404.0000
		ub :    316.1567    72.1486    412.4805
		lb :    298.8433    58.8514    395.5195
		P^-1: 
			    0.0368    0.0172    0.0141
			    0.0172    0.0836    0.0333
			    0.0141    0.0333    0.0516
		A:
			    -0.6206    -0.6612    0.4216
			    0.9195    -0.3406    -0.1964
			    -0.6928    0.6507    0.3109
			    -0.8444    -0.5348    -0.0313
			    0.2164    -0.9328    0.2882
			    -0.6909    0.6506    0.3154
		b:
			    -59.9137
			    185.3235
			    -41.0914
			    -304.0636
			    125.3252
			    -38.7016


===========================================================================================
===========================================================================================
S6:
	q_c:    507.5000    351.0000    270.5000
	ub :    519.0000    358.0000    286.0000
	lb :    496.0000    344.0000    255.0000

	==================================================================================
	Q1:
		Shape: Hybrid
		q_c:    504.0000    344.5000    276.5000
		ub :    507.4262    347.3905    279.8364
		lb :    500.5738    341.6095    273.1636
		P^-1: 
			    0.2246    -0.0815    0.1353
			    -0.0815    0.4142    0.0502
			    0.1353    0.0502    0.3612
		A:
			    0.8467    0.2261    0.4817
			    -0.6265    0.4903    0.6059
			    0.2005    -0.9235    -0.3271
			    0.1839    -0.0524    0.9816
			    -0.2023    -0.2246    -0.9532
			    0.0028    0.9857    -0.1683
		b:
			    639.0581
			    22.1782
			    -306.7712
			    347.0507
			    -442.0394
			    295.5171
	==================================================================================
	Q2:
		Shape: Hybrid
		q_c:    504.5000    351.0000    271.0000
		ub :    508.3050    356.6452    276.6578
		lb :    500.6950    345.3548    265.3422
		P^-1: 
			    0.2111    0.0421    -0.0575
			    0.0421    0.0879    -0.0281
			    -0.0575    -0.0281    0.0951
		A:
			    0.9231    0.3844    -0.0129
			    -0.6904    0.7223    0.0397
			    0.0265    -0.8687    -0.4947
			    -0.3697    0.6288    -0.6841
			    0.7991    -0.3357    0.4988
			    0.1390    -0.9135    0.3823
		b:
			    598.4832
			    -81.6347
			    -422.6667
			    -148.6985
			    422.8179
			    -144.4615
	==================================================================================
	Q3:
		Shape: Hybrid
		q_c:    514.5000    348.0000    266.0000
		ub :    520.0564    352.8604    270.4810
		lb :    508.9436    343.1396    261.5190
		P^-1: 
			    0.1007    -0.0074    -0.0411
			    -0.0074    0.1063    -0.0210
			    -0.0411    -0.0210    0.1267
		A:
			    -0.3202    -0.7451    0.5851
			    0.1856    0.0050    -0.9826
			    -0.7535    0.5466    0.3653
			    -0.1962    -0.1194    -0.9733
			    0.4011    0.8783    -0.2602
			    0.5482    0.7360    -0.3972
		b:
			    -266.9344
			    -162.5116
			    -98.6389
			    -399.1839
			    444.6568
			    434.1961
	==================================================================================
	Q4:
		Shape: Ellipse
		q_c:    499.5000    350.0000    273.0000
		ub :    504.6490    355.1243    277.9701
		lb :    494.3510    344.8757    268.0299
		P^-1: 
			    0.0902    0.0113    -0.0071
			    0.0113    0.1050    0.0038
			    -0.0071    0.0038    0.1087
	==================================================================================
	Q5:
		Shape: Polyhedra
		q_c:    506.5000    356.5000    266.0000
		ub :    510.8335    361.0347    270.2120
		lb :    502.1665    351.9653    261.7880
		A:
			    -0.8871    -0.1484    0.4370
			    -0.9762    -0.1913    -0.1022
			    0.7802    0.6054    -0.1575
			    0.3019    -0.2493    0.9202
			    -0.7962    -0.2332    -0.5582
			    -0.0880    0.6822    0.7259
			    0.4741    0.4794    0.7385
			    0.3618    0.6586    -0.6598
			    -0.8027    0.5800    0.1388
			    -0.4741    -0.4794    -0.7385
			    -0.3618    -0.6586    0.6598
			    0.8027    -0.5800    -0.1388
		b:
			    -383.4731
			    -587.1121
			    571.7655
			    311.5976
			    -632.0050
			    394.5787
			    610.4699
			    245.0477
			    -160.4152
			    -604.4699
			    -240.0477
			    165.4152
	==================================================================================
	Q6:
		Shape: Hybrid
		q_c:    505.5000    354.5000    269.0000
		ub :    508.6336    357.8734    273.2811
		lb :    502.3664    351.1266    264.7189
		P^-1: 
			    0.3140    0.1367    -0.0410
			    0.1367    0.2811    -0.0418
			    -0.0410    -0.0418    0.0718
		A:
			    -0.3282    0.8706    -0.3666
			    0.0050    -0.8908    -0.4543
			    -0.9888    0.0009    -0.1491
			    0.0580    -0.8940    0.4444
			    0.0496    0.8198    -0.5704
			    0.9076    0.3941    0.1449
		b:
			    45.8990
			    -433.3612
			    -538.1758
			    -166.4139
			    164.0607
			    638.6405


===========================================================================================
===========================================================================================
S7:
	q_c:    445.0000    368.0000    312.0000
	ub :    458.0000    392.0000    325.0000
	lb :    432.0000    344.0000    299.0000

	==================================================================================
	Q1:
		Shape: Hybrid
		q_c:    457.5000    357.0000    319.5000
		ub :    466.7572    365.5984    330.1880
		lb :    448.2428    348.4016    308.8120
		P^-1: 
			    0.1230    -0.1144    -0.0176
			    -0.1144    0.1436    0.0120
			    -0.0176    0.0120    0.0210
		A:
			    -0.8579    0.4909    0.1518
			    0.7762    -0.3322    -0.5359
			    -0.9352    0.1494    0.3211
			    0.6214    -0.6839    0.3823
			    0.6400    -0.7474    0.1781
			    -0.6646    0.6247    0.4099
		b:
			    -166.7706
			    68.4449
			    -268.2610
			    165.2174
			    84.6271
			    51.9387
	==================================================================================
	Q2:
		Shape: Polyhedra
		q_c:    434.5000    371.0000    324.5000
		ub :    446.1168    382.9883    332.5221
		lb :    422.8832    359.0117    316.4779
		A:
			    -0.4483    -0.7741    -0.4470
			    0.6040    0.0453    -0.7957
			    -0.1331    -0.9058    0.4023
			    -0.2235    0.2046    0.9530
			    0.0454    0.7068    0.7060
			    0.5520    0.4174    0.7219
			    0.1648    0.1583    0.9736
			    -0.6146    0.7885    -0.0242
			    -0.7714    -0.5944    0.2272
			    -0.1648    -0.1583    -0.9736
			    0.6146    -0.7885    0.0242
			    0.7714    0.5944    -0.2272
		b:
			    -620.2112
			    27.7842
			    -255.6834
			    294.7753
			    518.2746
			    635.4388
			    452.7203
			    26.6261
			    -475.4836
			    -439.7203
			    -8.6261
			    488.4836
	==================================================================================
	Q3:
		Shape: Ellipse
		q_c:    439.5000    367.5000    300.0000
		ub :    450.6880    378.8422    307.0236
		lb :    428.3120    356.1578    292.9764
		P^-1: 
			    0.0270    0.0140    -0.0012
			    0.0140    0.0234    -0.0018
			    -0.0012    -0.0018    0.0337
	==================================================================================
	Q4:
		Shape: Ellipse
		q_c:    444.0000    375.5000    314.5000
		ub :    456.1332    386.9056    324.5040
		lb :    431.8668    364.0944    304.4960
		P^-1: 
			    0.0191    0.0018    -0.0060
			    0.0018    0.0198    -0.0054
			    -0.0060    -0.0054    0.0276
	==================================================================================
	Q5:
		Shape: Polyhedra
		q_c:    432.5000    379.0000    303.0000
		ub :    439.3758    386.5772    309.0585
		lb :    425.6242    371.4228    296.9415
		A:
			    -0.0330    -0.4585    -0.8881
			    -0.3459    0.7861    -0.5122
			    0.3593    -0.8031    0.4753
			    0.7289    0.2253    -0.6465
			    0.0404    -0.7049    0.7081
			    -0.5349    -0.6473    0.5430
			    0.5551    0.7587    0.3410
			    0.8298    -0.5333    -0.1643
			    0.0572    0.3742    -0.9256
			    -0.5551    -0.7587    -0.3410
			    -0.8298    0.5333    0.1643
			    -0.0572    -0.3742    0.9256
		b:
			    -452.7554
			    -2.4126
			    -0.4969
			    209.1425
			    -31.0015
			    -307.9244
			    635.4409
			    112.0007
			    -109.8891
			    -626.4409
			    -102.0007
			    117.8891
	==================================================================================
	Q6:
		Shape: Ellipse
		q_c:    442.5000    355.5000    297.5000
		ub :    446.0650    361.5338    302.5549
		lb :    438.9350    349.4662    292.4451
		P^-1: 
			    0.0816    0.0004    0.0011
			    0.0004    0.0683    0.0568
			    0.0011    0.0568    0.1247


===========================================================================================
===========================================================================================
S8:
	q_c:    160.0000    304.0000    41.5000
	ub :    177.0000    318.0000    61.0000
	lb :    143.0000    290.0000    22.0000

	==================================================================================
	Q1:
		Shape: Hybrid
		q_c:    155.0000    315.5000    30.0000
		ub :    162.6114    321.3095    37.5723
		lb :    147.3886    309.6905    22.4277
		P^-1: 
			    0.0495    -0.0093    0.0183
			    -0.0093    0.0733    -0.0044
			    0.0183    -0.0044    0.0544
		A:
			    -0.1674    -0.9118    -0.3749
			    0.1153    -0.5268    -0.8421
			    0.2496    0.5153    0.8199
			    0.2206    0.9132    -0.3425
			    0.1138    0.9768    0.1815
			    -0.2649    0.9472    -0.1804
		b:
			    -322.7275
			    -170.8239
			    228.2261
			    314.4494
			    333.3363
			    254.2025
	==================================================================================
	Q2:
		Shape: Polyhedra
		q_c:    145.5000    303.0000    27.5000
		ub :    154.3091    312.6677    36.2343
		lb :    136.6909    293.3323    18.7657
		A:
			    -0.1421    0.1580    0.9772
			    0.0908    -0.4279    0.8992
			    0.3682    0.2909    0.8831
			    0.0020    0.4585    -0.8887
			    0.8382    0.4009    -0.3698
			    0.6343    0.3971    0.6632
			    0.2449    0.6647    0.7058
			    0.1214    0.7013    -0.7025
			    -0.9619    0.2578    0.0910
			    -0.2449    -0.6647    -0.7058
			    -0.1214    -0.7013    0.7025
			    0.9619    -0.2578    -0.0910
		b:
			    59.8729
			    -85.7642
			    171.6392
			    120.7470
			    239.7988
			    236.7050
			    261.9442
			    216.8306
			    -52.3490
			    -250.9442
			    -204.8306
			    66.3490
	==================================================================================
	Q3:
		Shape: Polyhedra
		q_c:    158.0000    309.0000    43.0000
		ub :    169.3437    319.0347    52.3525
		lb :    146.6563    298.9653    33.6475
		A:
			    -0.5044    -0.7460    -0.4348
			    0.3019    0.9533    0.0077
			    -0.2868    -0.6381    -0.7145
			    0.5163    0.6292    0.5810
			    -0.3652    -0.6145    -0.6993
			    -0.4490    -0.8437    -0.2942
			    0.4204    0.7342    0.5331
			    0.3897    0.3844    -0.8368
			    -0.8194    0.5596    -0.1245
			    -0.4204    -0.7342    -0.5331
			    -0.3897    -0.3844    0.8368
			    0.8194    -0.5596    0.1245
		b:
			    -325.7529
			    347.7697
			    -269.7179
			    304.1932
			    -274.2694
			    -340.7210
			    319.2201
			    152.3853
			    46.6017
			    -313.2201
			    -136.3853
			    -29.6017
	==================================================================================
	Q4:
		Shape: Ellipse
		q_c:    158.0000    291.5000    41.5000
		ub :    165.7078    297.5524    49.7237
		lb :    150.2922    285.4476    33.2763
		P^-1: 
			    0.0268    -0.0273    0.0100
			    -0.0273    0.1378    -0.0431
			    0.0100    -0.0431    0.0363
	==================================================================================
	Q5:
		Shape: Hybrid
		q_c:    162.0000    295.5000    49.5000
		ub :    171.8762    304.7297    56.6474
		lb :    152.1238    286.2703    42.3526
		P^-1: 
			    0.0244    0.0127    -0.0321
			    0.0127    0.0338    -0.0462
			    -0.0321    -0.0462    0.1330
		A:
			    0.6930    -0.5991    -0.4010
			    0.4565    0.1863    -0.8700
			    0.3448    0.1763    -0.9220
			    -0.5015    -0.3825    0.7760
			    -0.5660    0.4631    -0.6821
			    0.6031    0.0946    -0.7920
		b:
			    -78.2384
			    87.9061
			    63.9930
			    -153.8057
			    16.4991
			    89.3984
	==================================================================================
	Q6:
		Shape: Ellipse
		q_c:    146.5000    302.5000    54.0000
		ub :    151.7946    310.1914    61.2772
		lb :    141.2054    294.8086    46.7228
		P^-1: 
			    0.0492    0.0018    0.0001
			    0.0018    0.0333    0.0000
			    0.0001    0.0000    0.0331


===========================================================================================
===========================================================================================
S9:
	q_c:    45.0000    50.5000    268.5000
	ub :    56.0000    59.0000    288.0000
	lb :    34.0000    42.0000    249.0000

	==================================================================================
	Q1:
		Shape: Polyhedra
		q_c:    41.5000    50.0000    273.0000
		ub :    45.6677    53.0472    276.9004
		lb :    37.3323    46.9528    269.0996
		A:
			    0.0126    0.8175    -0.5758
			    0.8312    0.4718    0.2942
			    -0.0563    0.9788    0.1969
			    -0.6410    -0.2130    -0.7374
			    0.3296    0.0203    0.9439
			    0.8905    0.4224    0.1690
			    0.4657    0.8820    0.0726
			    0.1136    0.0218    -0.9933
			    -0.8776    0.4708    -0.0900
			    -0.4657    -0.8820    -0.0726
			    -0.1136    -0.0218    0.9933
			    0.8776    -0.4708    0.0900
		b:
			    -113.0435
			    140.7285
			    102.5851
			    -235.4984
			    275.7939
			    106.6360
			    84.7497
			    -261.8649
			    -33.9464
			    -81.7497
			    268.8649
			    40.9464
	==================================================================================
	Q2:
		Shape: Hybrid
		q_c:    41.5000    49.0000    262.0000
		ub :    47.2089    53.4282    267.5977
		lb :    35.7911    44.5718    256.4023
		P^-1: 
			    0.0551    -0.0067    0.0170
			    -0.0067    0.1325    -0.0371
			    0.0170    -0.0371    0.1034
		A:
			    -0.5413    0.1660    0.8243
			    -0.1338    0.9610    0.2418
			    -0.8979    -0.2067    -0.3886
			    0.3187    -0.9109    0.2619
			    -0.7301    -0.6571    -0.1876
			    0.7013    0.4184    0.5772
		b:
			    204.5007
			    106.8549
			    -146.4838
			    38.7396
			    -109.1296
			    203.2763
	==================================================================================
	Q3:
		Shape: Ellipse
		q_c:    48.5000    58.5000    269.5000
		ub :    53.9263    63.3165    274.7906
		lb :    43.0737    53.6835    264.2094
		P^-1: 
			    0.1026    -0.0097    -0.0092
			    -0.0097    0.1002    -0.0105
			    -0.0092    -0.0105    0.1011
	==================================================================================
	Q4:
		Shape: Ellipse
		q_c:    52.5000    57.5000    265.0000
		ub :    58.7601    63.4641    270.9333
		lb :    46.2399    51.5359    259.0667
		P^-1: 
			    0.0828    -0.0228    0.0153
			    -0.0228    0.0918    0.0068
			    0.0153    0.0068    0.0675
	==================================================================================
	Q5:
		Shape: Ellipse
		q_c:    46.5000    50.0000    267.5000
		ub :    51.4206    55.8447    273.3456
		lb :    41.5794    44.1553    261.6544
		P^-1: 
			    0.1708    -0.0971    -0.0135
			    -0.0971    0.1271    0.0108
			    -0.0135    0.0108    0.0509
	==================================================================================
	Q6:
		Shape: Ellipse
		q_c:    48.5000    49.0000    265.0000
		ub :    52.8273    53.9673    270.3791
		lb :    44.1727    44.0327    259.6209
		P^-1: 
			    0.3472    -0.1586    -0.0617
			    -0.1586    0.1339    0.0328
			    -0.0617    0.0328    0.0621


===========================================================================================
===========================================================================================
S10:
	q_c:    102.5000    188.5000    494.5000
	ub :    123.0000    208.0000    519.0000
	lb :    82.0000    169.0000    470.0000

	==================================================================================
	Q1:
		Shape: Ellipse
		q_c:    90.0000    179.5000    497.5000
		ub :    105.1862    192.5439    512.2911
		lb :    74.8138    166.4561    482.7089
		P^-1: 
			    0.0143    -0.0041    -0.0023
			    -0.0041    0.0171    0.0006
			    -0.0023    0.0006    0.0104
	==================================================================================
	Q2:
		Shape: Polyhedra
		q_c:    92.0000    187.5000    495.0000
		ub :    104.6276    199.1126    508.1343
		lb :    79.3724    175.8874    481.8657
		A:
			    0.0766    0.9762    0.2027
			    0.7346    0.6520    0.1877
			    0.6568    0.6466    0.3880
			    -0.2571    -0.9651    -0.0507
			    0.1770    0.8573    0.4835
			    -0.4184    -0.3225    0.8491
			    0.4972    0.6906    0.5252
			    0.7498    -0.0375    -0.6606
			    -0.4365    0.7223    -0.5365
			    -0.4972    -0.6906    -0.5252
			    -0.7498    0.0375    0.6606
			    0.4365    -0.7223    0.5365
		b:
			    298.0312
			    289.3183
			    380.2281
			    -222.1351
			    423.1502
			    329.0409
			    441.7137
			    -258.0245
			    -160.7829
			    -428.7137
			    272.0245
			    179.7829
	==================================================================================
	Q3:
		Shape: Polyhedra
		q_c:    103.5000    179.5000    498.0000
		ub :    113.7919    193.3332    509.4618
		lb :    93.2081    165.6668    486.5382
		A:
			    -0.5587    0.7150    0.4204
			    0.1615    0.0507    -0.9856
			    0.5596    -0.3779    0.7376
			    0.2179    -0.6307    -0.7448
			    0.7367    0.6756    -0.0299
			    0.0621    0.8270    -0.5588
			    0.9338    0.1635    0.3182
			    -0.3524    0.2675    0.8968
			    0.0615    -0.9496    0.3075
			    -0.9338    -0.1635    -0.3182
			    0.3524    -0.2675    -0.8968
			    -0.0615    0.9496    -0.3075
		b:
			    288.2758
			    -458.0764
			    366.7246
			    -454.4641
			    192.0440
			    -112.3126
			    292.4432
			    464.1573
			    0.5237
			    -276.4432
			    -452.1573
			    22.4763
	==================================================================================
	Q4:
		Shape: Hybrid
		q_c:    112.5000    171.5000    481.5000
		ub :    123.0148    184.4424    493.6858
		lb :    101.9852    158.5576    469.3142
		P^-1: 
			    0.0253    0.0084    -0.0122
			    0.0084    0.0344    -0.0245
			    -0.0122    -0.0245    0.0301
		A:
			    -0.1312    0.6501    -0.7484
			    0.0867    0.6855    -0.7229
			    0.8840    -0.2318    0.4059
			    0.1017    -0.8510    0.5153
			    -0.6772    -0.7062    0.2069
			    0.9621    -0.2654    -0.0622
		b:
			    -260.3618
			    -218.3137
			    260.9838
			    116.6127
			    -93.1649
			    37.6784
	==================================================================================
	Q5:
		Shape: Ellipse
		q_c:    120.5000    197.5000    480.0000
		ub :    127.9431    204.3073    486.0088
		lb :    113.0569    190.6927    473.9912
		P^-1: 
			    0.0673    0.0323    0.0295
			    0.0323    0.0873    -0.0217
			    0.0295    -0.0217    0.0913
	==================================================================================
	Q6:
		Shape: Polyhedra
		q_c:    114.0000    204.0000    488.5000
		ub :    121.2371    212.1128    495.8546
		lb :    106.7629    195.8872    481.1454
		A:
