3D_40_20_6_d                l = 3

===========================================================================================
===========================================================================================
S1:
	q_c:    476.0000    430.5000    24.0000
	ub :    497.0000    453.0000    36.0000
	lb :    455.0000    408.0000    12.0000

	==================================================================================
	Q1:
		Shape: Ellipse
		q_c:    474.0000    422.0000    15.0000
		ub :    480.4412    428.9908    21.1973
		lb :    467.5588    415.0092    8.8027
		P^-1: 
			    0.0516    -0.0161    -0.0092
			    -0.0161    0.0663    0.0043
			    -0.0092    0.0043    0.0663
	==================================================================================
	Q2:
		Shape: Polyhedra
		q_c:    475.5000    424.0000    17.5000
		ub :    480.7898    430.0745    23.1168
		lb :    470.2102    417.9255    11.8832
		A:
			    -0.5849    -0.2825    0.7604
			    -0.6663    0.6971    -0.2647
			    -0.8411    -0.1712    0.5131
			    -0.4049    -0.9051    -0.1301
			    -0.9183    -0.0519    0.3924
			    -0.4050    0.8430    0.3539
			    0.5705    0.6439    0.5098
			    0.7938    -0.5917    -0.1409
			    0.2109    0.4851    -0.8487
			    -0.5705    -0.6439    -0.5098
			    -0.7938    0.5917    0.1409
			    -0.2109    -0.4851    0.8487
		b:
			    -381.1929
			    -23.1976
			    -460.2747
			    -574.2882
			    -448.6531
			    174.1500
			    557.7119
			    126.5881
			    294.6035
			    -548.7119
			    -121.5881
			    -287.6035
	==================================================================================
	Q3:
		Shape: Hybrid
		q_c:    470.0000    443.5000    26.0000
		ub :    472.3874    447.9882    29.3717
		lb :    467.6126    439.0118    22.6283
		P^-1: 
			    0.2500    0.0007    -0.0002
			    0.0007    0.0764    0.0491
			    -0.0002    0.0491    0.2361
		A:
			    -0.5168    0.7935    0.3213
			    -0.5214    0.6668    0.5326
			    -0.4315    0.5413    0.7217
			    0.7344    0.0630    -0.6758
			    -0.9222    -0.1111    0.3705
			    0.9780    0.1022    -0.1816
		b:
			    119.5013
			    66.1596
			    57.3374
			    356.7099
			    -471.9296
			    501.3579
	==================================================================================
	Q4:
		Shape: Ellipse
		q_c:    485.0000    437.0000    36.0000
		ub :    487.8066    445.8411    44.7660
		lb :    482.1934    428.1589    27.2340
		P^-1: 
			    0.2461    -0.0153    -0.0250
			    -0.0153    0.0260    0.0036
			    -0.0250    0.0036    0.0294
	==================================================================================
	Q5:
		Shape: Hybrid
		q_c:    480.5000    439.5000    21.5000
		ub :    489.4598    448.8497    29.1724
		lb :    471.5402    430.1503    13.8276
		P^-1: 
			    0.0286    0.0063    -0.0014
			    0.0063    0.0372    -0.0145
			    -0.0014    -0.0145    0.0534
		A:
			    -0.1174    -0.3122    0.9427
			    0.8465    -0.0254    -0.5318
			    -0.0099    0.1302    0.9914
			    -0.3010    -0.0952    0.9488
			    0.6495    0.5609    -0.5134
			    0.0807    -0.6393    -0.7647
		b:
			    -171.2264
			    387.8782
			    76.6051
			    -163.5197
			    550.2129
			    -254.8341
	==================================================================================
	Q6:
		Shape: Ellipse
		q_c:    477.5000    444.5000    19.5000
		ub :    486.7742    450.6638    29.0271
		lb :    468.2258    438.3362    9.9729
		P^-1: 
			    0.0246    0.0083    -0.0036
			    0.0083    0.0963    -0.0317
			    -0.0036    -0.0317    0.0375


===========================================================================================
===========================================================================================
S2:
	q_c:    301.0000    37.5000    125.5000
	ub :    328.0000    51.0000    152.0000
	lb :    274.0000    24.0000    99.0000

	==================================================================================
	Q1:
		Shape: Hybrid
		q_c:    307.5000    33.5000    129.5000
		ub :    318.0289    46.0131    138.8258
		lb :    296.9711    20.9869    120.1742
		P^-1: 
			    0.0378    0.0166    0.0072
			    0.0166    0.0256    -0.0099
			    0.0072    -0.0099    0.0342
		A:
			    0.2235    0.5428    -0.8096
			    -0.0505    -0.5805    0.8127
			    -0.6932    -0.6969    -0.1840
			    -0.5122    -0.8098    0.2861
			    -0.7970    -0.5958    -0.0997
			    0.9741    -0.2251    -0.0205
		b:
			    -15.2470
			    72.9979
			    -257.4882
			    -144.7577
			    -275.6261
			    295.3008
	==================================================================================
	Q2:
		Shape: Hybrid
		q_c:    289.5000    36.0000    134.5000
		ub :    299.7155    45.7332    142.4417
		lb :    279.2845    26.2668    126.5583
		P^-1: 
			    0.0256    -0.0008    -0.0052
			    -0.0008    0.0240    0.0021
			    -0.0052    0.0021    0.0378
		A:
			    -0.1595    0.8211    0.5480
			    0.7843    0.2635    -0.5616
			    -0.5274    0.8478    -0.0551
			    -0.5000    -0.4860    0.7168
			    0.6610    0.2802    -0.6961
			    0.4304    0.0711    0.8998
		b:
			    60.4495
			    164.2180
			    -125.6643
			    -62.6822
			    110.8327
			    251.5108
	==================================================================================
	Q3:
		Shape: Polyhedra
		q_c:    315.5000    44.5000    137.5000
		ub :    324.7886    58.5678    149.2871
		lb :    306.2114    30.4322    125.7129
		A:
			    -0.5123    -0.7461    0.4252
			    -0.2496    0.8697    -0.4259
			    -0.7139    -0.1913    0.6736
			    0.4583    -0.6167    0.6401
			    0.3477    -0.7242    -0.5955
			    0.3608    -0.4540    0.8147
			    0.9900    0.0982    0.1013
			    -0.0400    -0.4933    0.8689
			    0.1353    -0.8643    -0.4845
			    -0.9900    -0.0982    -0.1013
			    0.0400    0.4933    -0.8689
			    -0.1353    0.8643    0.4845
		b:
			    -128.8512
			    -90.0486
			    -133.9312
			    212.1690
			    7.2975
			    211.9209
			    338.1447
			    90.9052
			    -50.3854
			    -323.1447
			    -78.9052
			    74.3854
	==================================================================================
	Q4:
		Shape: Ellipse
		q_c:    313.0000    45.0000    133.0000
		ub :    322.7770    55.4620    144.5476
		lb :    303.2230    34.5380    121.4524
		P^-1: 
			    0.0232    -0.0015    -0.0010
			    -0.0015    0.0182    -0.0034
			    -0.0010    -0.0034    0.0215
	==================================================================================
	Q5:
		Shape: Ellipse
		q_c:    291.5000    45.0000    116.0000
		ub :    301.5638    52.1834    125.0275
		lb :    281.4362    37.8166    106.9725
		P^-1: 
			    0.0778    -0.0175    0.0696
			    -0.0175    0.0719    0.0178
			    0.0696    0.0178    0.1011
	==================================================================================
	Q6:
		Shape: Polyhedra
		q_c:    313.0000    28.0000    112.0000
		ub :    324.6084    40.4602    122.8274
		lb :    301.3916    15.5398    101.1726
		A:
			    0.6165    0.6497    0.4447
			    -0.0279    -0.3359    0.9415
			    -0.1897    -0.5023    -0.8437
			    -0.0324    -0.2205    0.9748
			    -0.8340    -0.3895    0.3909
			    -0.6586    -0.7341    0.1653
			    0.6714    0.6901    0.2700
			    0.7354    -0.5756    -0.3575
			    -0.0913    0.4386    -0.8940
			    -0.6714    -0.6901    -0.2700
			    -0.7354    0.5756    0.3575
			    0.0913    -0.4386    0.8940
		b:
			    267.0105
			    93.9197
			    -160.9222
			    99.5838
			    -220.9258
			    -202.0360
			    265.7244
			    183.5273
			    -109.9248
			    -253.7244
			    -164.5273
			    122.9248


===========================================================================================
===========================================================================================
S3:
	q_c:    135.5000    121.5000    478.0000
	ub :    155.0000    147.0000    483.0000
	lb :    116.0000    96.0000    473.0000

	==================================================================================
	Q1:
		Shape: Polyhedra
		q_c:    134.0000    119.5000    476.0000
		ub :    136.8532    121.9857    478.6696
		lb :    131.1468    117.0143    473.3304
		A:
			    0.7303    0.6734    -0.1147
			    0.4467    -0.5497    -0.7059
			    0.2699    -0.4511    -0.8507
			    -0.3309    -0.8454    -0.4192
			    0.4749    -0.6999    -0.5336
			    0.5609    -0.1774    -0.8087
			    0.9428    0.1128    0.3137
			    -0.0872    -0.8247    0.5588
			    0.3218    -0.5542    -0.7677
			    -0.9428    -0.1128    -0.3137
			    0.0872    0.8247    -0.5588
			    -0.3218    0.5542    0.7677
		b:
			    126.0185
			    -340.7788
			    -421.6231
			    -343.1024
			    -272.8012
			    -329.6613
			    291.6482
			    157.7468
			    -387.5209
			    -286.6482
			    -153.7468
			    389.5209
	==================================================================================
	Q2:
		Shape: Polyhedra
		q_c:    131.5000    122.0000    482.5000
		ub :    134.9179    125.6027    486.5105
		lb :    128.0821    118.3973    478.4895
		A:
			    -0.5811    0.8137    0.0133
			    0.9179    -0.1142    -0.3800
			    -0.6845    -0.6587    -0.3124
			    0.5187    -0.2927    -0.8033
			    -0.8769    0.3693    0.3078
			    -0.6928    0.4731    0.5443
			    0.7200    0.2715    0.6387
			    -0.0903    -0.8758    0.4742
			    0.6881    -0.3991    -0.6060
			    -0.7200    -0.2715    -0.6387
			    0.0903    0.8758    -0.4742
			    -0.6881    0.3991    0.6060
		b:
			    31.3102
			    -74.7659
			    -318.2063
			    -353.4501
			    79.9816
			    230.7399
			    438.9699
			    112.5628
			    -249.0971
			    -432.9699
			    -107.5628
			    252.0971
	==================================================================================
	Q3:
		Shape: Ellipse
		q_c:    135.5000    126.0000    475.0000
		ub :    138.8067    128.1641    478.0016
		lb :    132.1933    123.8359    471.9984
		P^-1: 
			    0.7191    -1.2319    0.6733
			    -1.2319    2.7373    -1.2854
			    0.6733    -1.2854    0.9047
	==================================================================================
	Q4:
		Shape: Ellipse
		q_c:    139.0000    121.5000    476.5000
		ub :    142.7400    124.8545    480.4714
		lb :    135.2600    118.1455    472.5286
		P^-1: 
			    0.1973    -0.0430    0.0222
			    -0.0430    0.2080    -0.0145
			    0.0222    -0.0145    0.0863
	==================================================================================
	Q5:
		Shape: Polyhedra
		q_c:    129.5000    123.5000    481.5000
		ub :    133.3188    127.7140    485.3239
		lb :    125.6812    119.2860    477.6761
		A:
			    0.0479    -0.9970    -0.0608
			    0.0388    0.7065    -0.7066
			    -0.3542    0.2233    0.9081
			    0.0845    -0.5006    -0.8615
			    0.3970    0.2093    -0.8936
			    0.0729    -0.7425    -0.6659
			    0.2443    0.4919    0.8357
			    0.5193    0.6614    -0.5412
			    -0.8189    0.5662    -0.0938
			    -0.2443    -0.4919    -0.8357
			    -0.5193    -0.6614    0.5412
			    0.8189    -0.5662    0.0938
		b:
			    -143.7177
			    -245.7848
			    421.6694
			    -462.7658
			    -350.6650
			    -399.9729
			    497.7632
			    -109.6294
			    -78.8201
			    -491.7632
			    113.6294
			    83.8201
	==================================================================================
	Q6:
		Shape: Hybrid
		q_c:    137.5000    121.0000    478.5000
		ub :    141.4429    123.8305    482.6772
		lb :    133.5571    118.1695    474.3228
		P^-1: 
			    0.1561    -0.0592    0.0021
			    -0.0592    0.3807    -0.1166
			    0.0021    -0.1166    0.1787
		A:
			    0.3126    -0.6949    -0.6476
			    0.2928    0.0283    0.9557
			    0.5878    0.7649    -0.2634
			    0.5009    -0.8167    0.2865
			    -0.3256    0.9437    0.0582
			    0.4430    -0.7713    0.4569
		b:
			    -349.1742
			    503.0257
			    48.8394
			    108.0684
			    98.3461
			    187.1387


===========================================================================================
===========================================================================================
S4:
	q_c:    16.0000    225.0000    393.0000
	ub :    25.0000    229.0000    422.0000
	lb :    7.0000    221.0000    364.0000

	==================================================================================
	Q1:
		Shape: Ellipse
		q_c:    20.5000    223.5000    391.5000
		ub :    22.9983    225.8827    394.0485
		lb :    18.0017    221.1173    388.9515
		P^-1: 
			    0.4444    -0.0000    -0.0000
			    -0.0000    0.4444    -0.0000
			    -0.0000    -0.0000    0.4444
	==================================================================================
	Q2:
		Shape: Hybrid
		q_c:    16.0000    227.0000    395.5000
		ub :    19.4201    230.5412    398.8586
		lb :    12.5799    223.4588    392.1414
		P^-1: 
			    0.2104    -0.1149    -0.0999
			    -0.1149    0.2962    0.0481
			    -0.0999    0.0481    0.2989
		A:
			    0.4724    0.7175    0.5119
			    -0.0454    0.2349    0.9710
			    0.0969    -0.9935    -0.0594
			    0.7296    0.5641    -0.3865
			    0.5747    -0.8183    0.0066
			    0.2320    -0.5762    0.7837
		b:
			    374.8689
			    437.8152
			    -246.2664
			    -11.3563
			    -172.9877
			    184.1548
	==================================================================================
	Q3:
		Shape: Polyhedra
		q_c:    14.5000    223.5000    394.0000
		ub :    16.5484    225.2231    395.6812
		lb :    12.4516    221.7769    392.3188
		A:
			    0.7427    -0.0961    0.6627
			    -0.4421    -0.2235    -0.8687
			    -0.3426    -0.2760    -0.8980
			    -0.5892    -0.5120    -0.6250
			    -0.2258    0.2458    -0.9427
			    0.5930    0.0443    0.8040
			    0.4629    0.2124    0.8606
			    -0.0301    0.9741    -0.2242
			    -0.8859    0.0779    0.4573
			    -0.4629    -0.2124    -0.8606
			    0.0301    -0.9741    0.2242
			    0.8859    -0.0779    -0.4573
		b:
			    251.3534
			    -398.1106
			    -419.9174
			    -368.4463
			    -318.8426
			    335.8778
			    393.7466
			    130.4336
			    186.7477
			    -392.7466
			    -127.4336
			    -182.7477
	==================================================================================
	Q4:
		Shape: Ellipse
		q_c:    20.0000    223.5000    395.0000
		ub :    23.0081    226.6349    397.7127
		lb :    16.9919    220.3651    392.2873
		P^-1: 
			    0.2870    -0.0317    -0.0694
			    -0.0317    0.2771    0.0595
			    -0.0694    0.0595    0.3803
	==================================================================================
	Q5:
		Shape: Hybrid
		q_c:    20.5000    227.5000    391.5000
		ub :    23.6883    230.9321    394.1481
		lb :    17.3117    224.0679    388.8519
		P^-1: 
			    0.1715    0.0212    0.0519
			    0.0212    0.1990    0.0955
			    0.0519    0.0955    0.3939
		A:
			    0.2894    -0.7348    -0.6134
			    -0.9772    -0.2116    -0.0200
			    0.0912    -0.9692    -0.2286
			    -0.4409    -0.5682    0.6948
			    0.1058    -0.5761    -0.8105
			    -0.5595    0.7440    0.3654
		b:
			    -400.1748
			    -74.3039
			    -306.6414
			    135.3774
			    -445.2790
			    302.3933
	==================================================================================
	Q6:
		Shape: Ellipse
		q_c:    13.5000    222.0000    390.5000
		ub :    16.6908    223.3880    393.5894
		lb :    10.3092    220.6120    387.4106
		P^-1: 
			    0.1743    -0.1085    -0.0004
			    -0.1085    0.9857    0.0028
			    -0.0004    0.0028    0.1600


===========================================================================================
===========================================================================================
S5:
	q_c:    36.5000    281.5000    366.5000
	ub :    55.0000    308.0000    378.0000
	lb :    18.0000    255.0000    355.0000

	==================================================================================
	Q1:
		Shape: Polyhedra
		q_c:    29.0000    270.5000    363.5000
		ub :    34.4098    275.3313    369.1426
		lb :    23.5902    265.6687    357.8574
		A:
			    -0.2947    0.3401    0.8930
			    0.2662    0.9213    0.2834
			    0.8335    0.2711    -0.4814
			    -0.8671    -0.4737    0.1543
			    -0.8102    -0.4084    0.4204
			    -0.7187    -0.3673    0.5903
			    0.5081    0.8224    0.2557
			    0.6585    -0.1796    -0.7308
			    -0.5551    0.5397    -0.6329
			    -0.5081    -0.8224    -0.2557
			    -0.6585    0.1796    0.7308
			    0.5551    -0.5397    0.6329
		b:
			    410.3567
			    361.7792
			    -75.6036
			    -95.3176
			    20.6845
			    96.4860
			    331.6604
			    -293.1355
			    -94.1633
			    -328.6604
			    297.1355
			    106.1633
	==================================================================================
	Q2:
		Shape: Ellipse
		q_c:    29.0000    292.0000    359.0000
		ub :    36.7767    297.7240    366.7373
		lb :    21.2233    286.2760    351.2627
		P^-1: 
			    0.0331    0.0000    0.0000
			    0.0000    0.0331    0.0000
			    0.0000    0.0000    0.0331
	==================================================================================
	Q3:
		Shape: Ellipse
		q_c:    31.5000    275.5000    366.0000
		ub :    36.1949    280.8636    371.5792
		lb :    26.8051    270.1364    360.4208
		P^-1: 
			    0.1934    -0.0512    -0.0751
			    -0.0512    0.1176    -0.0364
			    -0.0751    -0.0364    0.1390
	==================================================================================
	Q4:
		Shape: Polyhedra
		q_c:    42.0000    280.0000    365.0000
		ub :    47.3136    284.4321    368.2306
		lb :    36.6864    275.5679    361.7694
		A:
			    0.5216    0.7702    -0.3670
			    -0.2704    -0.5999    -0.7530
			    0.1947    -0.6419    0.7416
			    0.0524    -0.9862    -0.1571
			    0.3969    -0.7903    0.4667
			    0.0366    0.6267    0.7784
			    0.2216    0.6525    0.7247
			    0.3645    0.6339    -0.6822
			    -0.9045    0.4153    -0.0974
			    -0.2216    -0.6525    -0.7247
			    -0.3645    -0.6339    0.6822
			    0.9045    -0.4153    0.0974
		b:
			    106.0634
			    -452.6423
			    102.2658
			    -328.6580
			    -30.5503
			    462.7776
			    458.0114
			    -53.7028
			    47.2503
			    -455.0114
			    58.7028
			    -38.2503
	==================================================================================
	Q5:
		Shape: Ellipse
		q_c:    42.5000    272.5000    362.0000
		ub :    48.0558    279.3255    369.0624
		lb :    36.9442    265.6745    354.9376
		P^-1: 
			    0.0753    -0.0097    -0.0147
			    -0.0097    0.0787    -0.0379
			    -0.0147    -0.0379    0.0665
	==================================================================================
	Q6:
		Shape: Polyhedra
		q_c:    45.0000    274.5000    369.0000
		ub :    50.2588    278.3065    372.7146
		lb :    39.7412    270.6935    365.2854
		A:
			    -0.1808    -0.2252    -0.9574
			    0.4274    -0.7349    -0.5265
			    -0.1472    -0.5459    -0.8248
			    0.3017    0.9022    -0.3083
			    0.8300    -0.3704    0.4171
			    0.6382    0.5384    0.5503
			    0.4367    0.0360    0.8989
			    -0.8991    0.0519    0.4347
			    -0.0310    -0.9980    0.0551
			    -0.4367    -0.0360    -0.8989
			    0.8991    -0.0519    -0.4347
			    0.0310    0.9980    -0.0551
		b:
			    -421.1946
			    -372.7053
			    -458.3289
			    151.1696
			    92.9460
			    382.2460
			    362.7319
			    139.1912
			    -251.5304
			    -359.7319
			    -129.1912
			    258.5304


===========================================================================================
===========================================================================================
S6:
	q_c:    513.0000    201.5000    312.5000
	ub :    538.0000    221.0000    334.0000
	lb :    488.0000    182.0000    291.0000

	==================================================================================
	Q1:
		Shape: Hybrid
		q_c:    506.0000    199.0000    325.5000
		ub :    513.8274    208.9842    336.6972
		lb :    498.1726    189.0158    314.3028
		P^-1: 
			    0.0381    -0.0040    -0.0055
			    -0.0040    0.0293    -0.0077
			    -0.0055    -0.0077    0.0180
		A:
			    0.5507    -0.8260    0.1199
			    -0.2850    0.8289    -0.4813
			    -0.5233    -0.3612    0.7718
			    0.8506    0.4239    -0.3112
			    -0.4245    -0.6262    0.6540
			    -0.4248    -0.7974    -0.4285
		b:
			    156.1515
			    -132.9662
			    -81.9819
			    416.2603
			    -123.4652
			    -507.5464
	==================================================================================
	Q2:
		Shape: Hybrid
		q_c:    515.0000    189.0000    305.5000
		ub :    519.0644    197.4436    312.8587
		lb :    510.9356    180.5564    298.1413
		P^-1: 
			    0.1080    -0.0067    0.0118
			    -0.0067    0.0254    -0.0116
			    0.0118    -0.0116    0.0475
		A:
			    0.9575    -0.1595    -0.2403
			    -0.2112    0.7195    -0.6616
			    0.9287    0.3690    0.0376
			    0.9258    0.3605    0.1133
			    0.7876    0.1772    -0.5902
			    0.1380    0.5645    -0.8138
		b:
			    391.6006
			    -171.5726
			    561.9379
			    582.0389
			    261.2910
			    -67.7252
	==================================================================================
	Q3:
		Shape: Polyhedra
		q_c:    527.5000    201.0000    306.0000
		ub :    538.5185    208.6668    315.9984
		lb :    516.4815    193.3332    296.0016
		A:
			    0.1548    -0.9509    0.2679
			    -0.0303    0.8303    -0.5565
			    0.5630    0.7700    -0.3001
			    -0.3452    -0.8001    0.4906
			    0.2840    0.6101    -0.7397
			    0.7477    0.3785    -0.5456
			    0.6384    0.1714    0.7503
			    -0.6644    0.6149    0.4248
			    -0.3885    -0.7698    0.5065
			    -0.6384    -0.1714    -0.7503
			    0.6644    -0.6149    -0.4248
			    0.3885    0.7698    -0.5065
		b:
			    -22.3592
			    -15.7968
			    362.4006
			    -191.2159
			    48.7672
			    308.0780
			    608.3378
			    -88.3819
			    -203.1975
			    -593.3378
			    105.3819
			    206.1975
	==================================================================================
	Q4:
		Shape: Polyhedra
		q_c:    525.0000    187.5000    299.0000
		ub :    533.6563    200.7507    312.5210
		lb :    516.3437    174.2493    285.4790
		A:
			    0.3745    -0.2437    -0.8946
			    -0.8625    -0.4158    -0.2886
			    -0.9077    0.4183    0.0328
			    0.9276    -0.0825    0.3644
			    0.4630    -0.6069    -0.6460
			    -0.6908    -0.2364    0.6833
			    0.2303    0.7242    0.6500
			    -0.1156    0.6836    -0.7206
			    -0.9662    0.0908    0.2411
			    -0.2303    -0.7242    -0.6500
			    0.1156    -0.6836    0.7206
			    0.9662    -0.0908    -0.2411
		b:
			    -107.9215
			    -608.4967
			    -382.4750
			    587.3586
			    -54.8492
			    -196.5360
			    462.0387
			    -140.9603
			    -412.6556
			    -440.0387
			    154.9603
			    423.6556
	==================================================================================
	Q5:
		Shape: Polyhedra
		q_c:    503.0000    203.0000    334.0000
		ub :    509.9356    211.9956    343.5462
		lb :    496.0644    194.0044    324.4538
		A:
			    0.3485    -0.5196    -0.7801
			    0.8804    0.4245    -0.2114
			    -0.8173    0.3910    0.4233
			    -0.0076    -0.8444    -0.5356
			    0.6528    0.3415    -0.6762
			    0.3666    -0.2883    0.8846
			    0.8172    0.5157    0.2573
			    -0.0348    -0.4015    0.9152
			    0.5753    -0.7569    -0.3102
			    -0.8172    -0.5157    -0.2573
			    0.0348    0.4015    -0.9152
			    -0.5753    0.7569    0.3102
		b:
			    -185.2554
			    463.8629
			    -185.5064
			    -349.3624
			    178.4245
			    428.4624
			    606.6816
			    214.1926
			    36.6156
			    -596.6816
			    -199.1926
			    -27.6156
	==================================================================================
	Q6:
		Shape: Hybrid
		q_c:    504.5000    183.0000    307.0000
		ub :    513.5097    191.9966    319.7091
		lb :    495.4903    174.0034    294.2909
		P^-1: 
			    0.0534    -0.0187    -0.0085
			    -0.0187    0.0665    -0.0187
			    -0.0085    -0.0187    0.0187
		A:
			    0.8050    -0.5381    -0.2498
			    0.7711    0.5286    -0.3550
			    -0.8366    -0.4323    0.3364
			    0.8158    0.4478    -0.3661
			    -0.5934    -0.4997    -0.6310
			    -0.7026    0.7057    -0.0919
		b:
			    233.4640
			    379.7390
			    -394.9451
			    383.9822
			    -575.5035
			    -251.6805


===========================================================================================
===========================================================================================
S7:
	q_c:    245.0000    414.0000    237.0000
	ub :    261.0000    445.0000    266.0000
	lb :    229.0000    383.0000    208.0000

	==================================================================================
	Q1:
		Shape: Ellipse
		q_c:    230.5000    408.0000    242.0000
		ub :    237.4522    414.1537    247.7160
		lb :    223.5478    401.8463    236.2840
		P^-1: 
			    0.0878    -0.0727    0.0430
			    -0.0727    0.1378    -0.0779
			    0.0430    -0.0779    0.1199
	==================================================================================
	Q2:
		Shape: Hybrid
		q_c:    246.0000    418.5000    237.5000
		ub :    252.5978    424.0130    243.6619
		lb :    239.4022    412.9870    231.3381
		P^-1: 
			    0.0689    -0.0093    0.0074
			    -0.0093    0.0724    -0.0025
			    0.0074    -0.0025    0.0522
		A:
			    0.6376    0.7677    0.0638
			    0.0675    0.8582    -0.5088
			    0.4183    0.8982    0.1347
			    0.3742    0.7919    -0.4827
			    0.1797    0.3180    0.9309
			    -0.8748    0.0785    -0.4780
		b:
			    495.5550
			    257.1034
			    513.0248
			    311.1708
			    400.9380
			    -293.8759
	==================================================================================
	Q3:
		Shape: Ellipse
		q_c:    235.0000    407.0000    238.5000
		ub :    242.1875    413.8009    246.1720
		lb :    227.8125    400.1991    230.8280
		P^-1: 
			    0.0921    0.0827    0.0624
			    0.0827    0.1349    0.0671
			    0.0624    0.0671    0.0866
	==================================================================================
	Q4:
		Shape: Polyhedra
		q_c:    241.5000    412.5000    245.5000
		ub :    249.7392    421.7565    255.0775
		lb :    233.2608    403.2435    235.9225
		A:
			    0.4177    0.9027    0.1034
			    0.5844    0.6000    -0.5463
			    -0.1000    -0.1479    -0.9839
			    -0.1173    -0.8978    0.4245
			    -0.2798    -0.3438    0.8964
			    -0.3386    -0.2152    -0.9160
			    0.5355    0.6591    0.5281
			    -0.2577    0.7230    -0.6410
			    -0.8043    0.2071    0.5570
			    -0.5355    -0.6591    -0.5281
			    0.2577    -0.7230    0.6410
			    0.8043    -0.2071    -0.5570
		b:
			    504.3460
			    260.0706
			    -321.1010
			    -288.1517
			    16.3926
			    -389.7061
			    536.3331
			    85.1384
			    32.4449
			    -525.3331
			    -72.1384
			    -23.4449
	==================================================================================
	Q5:
		Shape: Ellipse
		q_c:    242.5000    424.5000    227.0000
		ub :    248.2663    427.8272    232.6134
		lb :    236.7337    421.1728    221.3866
		P^-1: 
			    0.0767    -0.1567    0.1065
			    -0.1567    3.1095    -1.6411
			    0.1065    -1.6411    0.9354
	==================================================================================
	Q6:
		Shape: Polyhedra
		q_c:    247.5000    422.0000    240.0000
		ub :    252.4243    426.9791    243.6882
		lb :    242.5757    417.0209    236.3118
		A:
			    0.2140    0.9757    0.0474
			    -0.2806    -0.4365    -0.8548
			    0.4560    -0.8310    -0.3185
			    0.3207    -0.9289    -0.1851
			    0.2990    -0.9330    0.2001
			    0.8068    -0.5047    0.3073
			    0.7991    0.5969    0.0712
			    0.4232    -0.4745    -0.7719
			    -0.4270    0.6470    -0.6317
			    -0.7991    -0.5969    -0.0712
			    -0.4232    0.4745    0.7719
			    0.4270    -0.6470    0.6317
		b:
			    479.2476
			    -456.1271
			    -311.8869
			    -354.4515
			    -268.8139
			    63.4432
			    470.2722
			    -278.7434
			    18.7197
			    -463.2722
			    282.7434
			    -12.7197


===========================================================================================
===========================================================================================
S8:
	q_c:    339.0000    317.0000    368.0000
	ub :    345.0000    333.0000    382.0000
	lb :    333.0000    301.0000    354.0000

	==================================================================================
	Q1:
		Shape: Hybrid
		q_c:    335.5000    321.5000    372.5000
		ub :    340.3086    325.7785    377.3511
		lb :    330.6914    317.2215    367.6489
		P^-1: 
			    0.1109    -0.0150    -0.0348
			    -0.0150    0.1554    -0.0106
			    -0.0348    -0.0106    0.1354
		A:
			    0.0333    0.5941    -0.8037
			    -0.6874    0.7122    -0.1420
			    -0.9753    0.0788    -0.2064
			    -0.1568    0.8619    0.4823
			    0.8221    0.4715    -0.3192
			    0.0139    -0.5980    -0.8014
		b:
			    -95.8534
			    -53.0510
			    -376.7337
			    405.5426
			    310.0973
			    -484.4820
	==================================================================================
	Q2:
		Shape: Hybrid
		q_c:    336.0000    313.5000    365.5000
		ub :    339.0682    316.6349    369.2346
		lb :    332.9318    310.3651    361.7654
		P^-1: 
			    0.3224    -0.0290    -0.1579
			    -0.0290    0.1616    0.0110
			    -0.1579    0.0110    0.2315
		A:
			    -0.1918    0.9812    0.0230
			    0.3238    -0.3829    -0.8652
			    -0.9919    0.0757    0.1021
			    -0.5959    -0.5003    0.6282
			    0.8318    -0.4867    0.2668
			    0.0394    -0.9833    -0.1775
		b:
			    253.2530
			    -326.0957
			    -270.9523
			    -126.2861
			    226.1258
			    -358.1531
	==================================================================================
	Q3:
		Shape: Polyhedra
		q_c:    334.5000    313.0000    366.5000
		ub :    337.8447    315.7535    370.2861
		lb :    331.1553    310.2465    362.7139
		A:
			    0.9153    0.1619    -0.3688
			    0.2909    -0.9566    -0.0198
			    -0.4417    0.8167    0.3713
			    -0.1059    -0.9736    -0.2024
			    -0.7706    0.5980    -0.2204
			    0.5404    -0.7728    -0.3329
			    0.1091    0.9376    0.3303
			    0.2611    0.2936    -0.9196
			    -0.9591    0.1865    -0.2127
			    -0.1091    -0.9376    -0.3303
			    -0.2611    -0.2936    0.9196
			    0.9591    -0.1865    0.2127
		b:
			    224.3919
			    -207.5514
			    245.8445
			    -412.7815
			    -148.9667
			    -181.1428
			    452.4972
			    -154.8070
			    -337.9115
			    -449.4972
			    160.8070
			    342.9115
	==================================================================================
	Q4:
		Shape: Ellipse
		q_c:    339.0000    314.0000    368.5000
		ub :    342.5163    317.7386    371.8003
		lb :    335.4837    310.2614    365.1997
		P^-1: 
			    0.4796    -0.0822    -0.4257
			    -0.0822    0.1611    0.0655
			    -0.4257    0.0655    0.6304
	==================================================================================
	Q5:
		Shape: Ellipse
		q_c:    338.5000    312.0000    366.5000
		ub :    341.5857    316.1894    370.3335
		lb :    335.4143    307.8106    362.6665
		P^-1: 
			    0.2810    0.0238    0.0822
			    0.0238    0.2231    0.1571
			    0.0822    0.1571    0.2720
	==================================================================================
	Q6:
		Shape: Hybrid
		q_c:    341.5000    324.0000    367.0000
		ub :    346.4712    328.5245    371.6342
		lb :    336.5288    319.4755    362.3658
		P^-1: 
			    0.1177    -0.0460    0.0246
			    -0.0460    0.1615    -0.0685
			    0.0246    -0.0685    0.1636
		A:
			    0.8325    0.2877    -0.4735
			    0.3642    0.0484    -0.9301
			    -0.8359    0.3376    -0.4329
			    0.6725    -0.6742    0.3051
			    0.2863    -0.3052    0.9082
			    -0.5674    -0.7092    0.4185
		b:
			    205.8384
			    -199.5005
			    -333.4208
			    124.4296
			    333.5467
			    -267.9266


===========================================================================================
===========================================================================================
S9:
	q_c:    245.5000    320.0000    289.5000
	ub :    271.0000    326.0000    301.0000
	lb :    220.0000    314.0000    278.0000

	==================================================================================
	Q1:
		Shape: Polyhedra
		q_c:    244.5000    320.5000    286.5000
		ub :    247.3211    323.6595    289.1652
		lb :    241.6789    317.3405    283.8348
		A:
			    -0.3492    0.4867    -0.8007
			    -0.7657    -0.1965    -0.6125
			    -0.8917    -0.3081    -0.3316
			    -0.7398    0.4692    0.4823
			    0.0630    -0.0429    0.9971
			    0.4914    0.3214    0.8095
			    0.0732    0.9889    0.1296
			    0.8054    0.0181    -0.5925
			    -0.5883    0.1477    -0.7951
			    -0.0732    -0.9889    -0.1296
			    -0.8054    -0.0181    0.5925
			    0.5883    -0.1477    0.7951
		b:
			    -157.3158
			    -424.1704
			    -409.8173
			    110.2778
			    288.9399
			    456.7207
			    374.9504
			    35.4492
			    -323.2684
			    -368.9504
			    -30.4492
			    325.2684
	==================================================================================
	Q2:
		Shape: Polyhedra
		q_c:    250.0000    328.0000    292.5000
		ub :    254.7383    332.4470    296.9840
		lb :    245.2617    323.5530    288.0160
		A:
			    -0.8359    -0.4217    -0.3514
			    -0.0832    -0.9935    -0.0772
			    -0.8617    -0.4752    -0.1779
			    0.6308    0.7652    -0.1289
			    0.9874    -0.0494    0.1502
			    0.9336    0.3405    -0.1121
			    0.9176    0.3941    0.0527
			    0.3869    -0.9156    0.1097
			    0.0915    -0.0803    -0.9926
			    -0.9176    -0.3941    -0.0527
			    -0.3869    0.9156    -0.1097
			    -0.0915    0.0803    0.9926
		b:
			    -446.5197
			    -366.1176
			    -419.8100
			    374.3847
			    277.9951
			    315.7921
			    377.5780
			    -168.4854
			    -289.7663
			    -370.5780
			    174.4854
			    297.7663
	==================================================================================
	Q3:
		Shape: Polyhedra
		q_c:    248.0000    319.0000    285.0000
		ub :    251.4815    323.4094    288.6435
		lb :    244.5185    314.5906    281.3565
		A:
			    -0.6599    0.7452    0.0963
			    0.9792    0.0683    -0.1911
			    0.5545    0.3170    -0.7695
			    0.9538    0.0903    -0.2866
			    0.6849    -0.0493    -0.7270
			    0.2870    -0.4720    -0.8335
			    0.4682    0.8052    0.3640
			    0.7731    -0.1738    -0.6100
			    -0.4279    0.5670    -0.7039
			    -0.4682    -0.8052    -0.3640
			    -0.7731    0.1738    0.6100
			    0.4279    -0.5670    0.7039
		b:
			    103.5695
			    212.0402
			    21.0237
			    185.4013
			    -51.9980
			    -314.8225
			    480.1931
			    -36.5562
			    -123.3699
			    -473.1931
			    38.5562
			    128.3699
	==================================================================================
	Q4:
		Shape: Polyhedra
		q_c:    240.5000    325.0000    292.5000
		ub :    244.9878    329.8136    296.6597
		lb :    236.0122    320.1864    288.3403
		A:
			    -0.7874    -0.5208    0.3300
			    0.4700    0.6952    -0.5439
			    0.0292    0.1229    -0.9920
			    0.1770    -0.9396    0.2931
			    -0.7591    -0.4998    0.4171
			    0.1259    0.8932    -0.4316
			    0.0288    0.3526    0.9353
			    -0.8021    0.5666    -0.1888
			    -0.5965    -0.7448    0.2991
			    -0.0288    -0.3526    -0.9353
			    0.8021    -0.5666    0.1888
			    0.5965    0.7448    -0.2991
		b:
			    -259.8646
			    182.0216
			    -240.2711
			    -173.8333
			    -220.7765
			    196.9500
			    398.1063
			    -60.0013
			    -296.0207
			    -392.1063
			    68.0013
			    300.0207
	==================================================================================
	Q5:
		Shape: Hybrid
		q_c:    241.0000    321.5000    288.0000
		ub :    246.1561    326.4898    293.3649
		lb :    235.8439    316.5102    282.6351
		P^-1: 
			    0.1014    -0.0357    -0.0421
			    -0.0357    0.1382    -0.0256
			    -0.0421    -0.0256    0.1298
		A:
			    0.3461    0.5865    -0.7323
			    0.9970    0.0071    0.0765
			    0.4095    0.1384    -0.9018
			    0.3269    -0.9362    0.1292
			    -0.0994    -0.9555    0.2779
			    -0.8016    0.5106    0.3109
		b:
			    62.3782
			    267.1377
			    -115.2513
			    -183.7274
			    -249.5222
			    61.8620
	==================================================================================
	Q6:
		Shape: Polyhedra
		q_c:    244.5000    317.5000    294.0000
		ub :    250.3653    323.1180    298.5853
		lb :    238.6347    311.8820    289.4147
		A:
			    -0.9171    0.2454    0.3141
			    0.2699    0.4634    -0.8441
			    -0.9917    -0.0327    -0.1243
			    -0.7704    0.4564    -0.4451
			    -0.0309    0.9937    -0.1081
			    0.7712    -0.3830    0.5084
			    0.6452    0.7310    0.2222
			    0.4638    -0.1437    -0.8742
			    -0.6071    0.6671    -0.4318
			    -0.6452    -0.7310    -0.2222
			    -0.4638    0.1437    0.8742
			    0.6071    -0.6671    0.4318
		b:
			    -50.9093
			    -32.0694
			    -285.7495
			    -170.7836
			    279.8849
			    219.9916
			    459.1583
			    -186.7404
			    -60.0730
			    -451.1583
			    191.7404
			    67.0730


===========================================================================================
===========================================================================================
S10:
	q_c:    163.0000    209.5000    223.5000
	ub :    195.0000    225.0000    246.0000
	lb :    131.0000    194.0000    201.0000

	==================================================================================
	Q1:
		Shape: Polyhedra
		q_c:    159.5000    211.5000    235.0000
		ub :    173.5948    223.5379    248.1040
		lb :    145.4052    199.4621    221.8960
		A:
			    0.3987    0.7254    -0.5611
			    0.4575    -0.7532    0.4727
			    0.0463    -0.6198    0.7834
			    -0.5131    0.8365    -0.1925
			    0.2838    -0.5820    0.7620
			    0.6598    0.4775    0.5803
			    0.5160    0.7622    0.3909
			    -0.4190    0.6226    -0.6609
			    -0.7471    0.1773    0.6406
			    -0.5160    -0.7622    -0.3909
			    0.4190    -0.6226    0.6609
			    0.7471    -0.1773    -0.6406
		b:
			    93.0396
			    30.0995
			    66.2737
			    56.2908
			    106.4421
			    351.6201
			    344.8674
			    -85.4498
			    78.3841
			    -325.8674
			    95.4498
			    -59.3841
	==================================================================================
	Q2:
		Shape: Polyhedra
		q_c:    176.0000    205.0000    213.5000
		ub :    184.6683    214.3150    222.4703
		lb :    167.3317    195.6850    204.5297
		A:
			    0.6077    -0.1143    0.7859
			    -0.8734    0.0452    0.4850
			    0.1390    -0.7045    -0.6960
			    0.1037    -0.9114    0.3982
			    -0.5673    0.4543    0.6869
			    0.6376    -0.5008    0.5854
			    0.6380    0.5487    0.5402
			    0.7232    -0.6678    -0.1759
			    0.2642    0.5029    -0.8230
			    -0.6380    -0.5487    -0.5402
			    -0.7232    0.6678    0.1759
			    -0.2642    -0.5029    0.8230
		b:
			    257.1196
			    -35.6882
			    -263.2219
			    -78.0976
			    144.9376
			    139.8762
			    346.1140
			    -42.6635
			    -20.1023
			    -334.1140
			    51.6635
			    32.1023
	==================================================================================
	Q3:
		Shape: Ellipse
		q_c:    153.5000    206.0000    225.5000
		ub :    160.1764    214.8249    234.7764
		lb :    146.8236    197.1751    216.2236
		P^-1: 
			    0.0973    -0.0630    -0.0255
			    -0.0630    0.0768    0.0233
			    -0.0255    0.0233    0.0300
	==================================================================================
	Q4:
		Shape: Polyhedra
		q_c:    165.0000    192.0000    233.5000
		ub :    175.1984    202.7160    244.6175
