3D_40_25_6_e                l = 3

===========================================================================================
===========================================================================================
S1:
	q_c:	215.0	143.5	210.5
	ub :	224.8941	158.293	221.4996
	lb :	193.6393	122.6527	196.0396

	==================================================================================
	Q1:
		Shape: Hybrid
		q_c:	214.5	130.5	211.0
		ub :	222.0185	138.3473	216.5007
		lb :	206.9815	122.6527	205.4993
		P^-1:
			0.0846	0.0728	0.1011
			0.0728	0.1191	0.1606
			0.1011	0.1606	0.3105
		A:
			-0.4621	-0.6193	-0.6348
			0.696	0.265	0.6674
			0.0815	-0.4679	-0.88
			-0.9203	0.0724	0.3846
			-0.0911	-0.9867	-0.1349
			0.0755	-0.1348	0.988
		b:
			-312.666
			326.8478
			-227.5574
			-102.5976
			-172.1303
			210.1983
	==================================================================================
	Q2:
		Shape: Polyhedra
		q_c:	201.0	139.0	201.5
		ub :	208.3607	144.7485	206.9063
		lb :	193.6393	133.2515	196.0937
		A:
			0.3039	-0.3162	0.8987
			0.4106	0.4171	-0.8108
			0.5435	0.2631	0.7971
			0.5422	0.5592	-0.6272
			-0.0801	0.838	0.5398
			-0.3809	-0.9203	0.0892
			0.0465	0.6801	0.7317
			0.0591	0.7293	-0.6816
			-0.9972	0.075	-0.0063
			-0.0465	-0.6801	-0.7317
			-0.0591	-0.7293	0.6816
			0.9972	-0.075	0.0063
		b:
			202.0811
			-19.1562
			311.8888
			64.4172
			214.0851
			-182.4409
			256.3167
			-21.5889
			-184.2692
			-246.3167
			26.5889
			198.2692
	==================================================================================
	Q3:
		Shape: Polyhedra
		q_c:	217.0	140.0	215.0
		ub :	224.8941	146.1986	218.4681
		lb :	209.1059	133.8014	211.5319
		A:
			-0.207	0.1882	-0.9601
			0.0005	0.4491	-0.8935
			-0.0937	-0.4837	0.8702
			0.1736	-0.2185	0.9603
			0.093	0.5651	-0.8197
			0.7428	0.6673	-0.0542
			0.5613	0.7351	0.3803
			0.8276	-0.5021	-0.251
			0.0065	0.4556	-0.8902
			-0.5613	-0.7351	-0.3803
			-0.8276	0.5021	0.251
			-0.0065	-0.4556	0.8902
		b:
			-223.8435
			-128.6131
			99.7158
			214.5791
			-76.2733
			246.403
			309.4673
			62.8483
			-125.7076
			-303.4673
			-47.8483
			126.7076
	==================================================================================
	Q4:
		Shape: Ellipse
		q_c:	205.5	147.0	213.5
		ub :	212.4523	154.4032	221.4996
		lb :	198.5477	139.5968	205.5004
		P^-1:
			0.062	-0.024	0.0145
			-0.024	0.0577	-0.035
			0.0145	-0.035	0.0645
	==================================================================================
	Q5:
		Shape: Ellipse
		q_c:	216.5	152.5	213.0
		ub :	218.7887	158.293	215.795
		lb :	214.2113	146.707	210.205
		P^-1:
			0.2497	-0.0084	0.0073
			-0.0084	0.0567	0.0949
			0.0073	0.0949	0.4211
	==================================================================================
	Q6:
		Shape: Hybrid
		q_c:	214.0	145.5	205.0
		ub :	221.3947	153.7683	213.9604
		lb :	206.6053	137.2317	196.0396
		P^-1:
			0.045	0.0102	0.002
			0.0102	0.0488	0.0141
			0.002	0.0141	0.0323
		A:
			-0.2189	-0.9757	-0.0007
			-0.7219	0.2358	0.6507
			-0.232	0.9392	0.253
			0.4322	-0.2969	0.8515
			0.9485	0.029	0.3155
			-0.182	0.5343	0.8255
		b:
			-186.2342
			16.3405
			141.6014
			228.1199
			274.8332
			210.8729


===========================================================================================
===========================================================================================
S2:
	q_c:	317.0	38.0	275.5
	ub :	335.549	63.6444	293.8181
	lb :	307.2956	18.6621	251.7171

	==================================================================================
	Q1:
		Shape: Ellipse
		q_c:	315.0	27.5	268.0
		ub :	322.7044	32.0691	275.1575
		lb :	307.2956	22.9309	260.8425
		P^-1:
			0.0782	0.0001	-0.0715
			0.0001	0.0494	-0.0005
			-0.0715	-0.0005	0.0975
	==================================================================================
	Q2:
		Shape: Ellipse
		q_c:	322.5	30.5	263.0
		ub :	331.8051	42.1493	274.2829
		lb :	313.1949	18.8507	251.7171
		P^-1:
			0.0592	-0.005	-0.0306
			-0.005	0.0166	0.0059
			-0.0306	0.0059	0.0375
	==================================================================================
	Q3:
		Shape: Hybrid
		q_c:	329.0	36.5	287.5
		ub :	335.549	43.9559	293.8181
		lb :	322.451	29.0441	281.1819
		P^-1:
			0.1296	0.0709	-0.0805
			0.0709	0.0858	-0.0567
			-0.0805	-0.0567	0.1076
		A:
			-0.4334	0.1101	0.8945
			-0.4254	-0.7765	-0.4649
			0.6838	-0.1844	-0.706
			-0.6921	-0.5648	-0.4495
			0.4713	0.8496	-0.2368
			0.7436	0.0597	-0.666
		b:
			121.2859
			-298.2576
			17.9836
			-374.0253
			120.158
			57.2629
	==================================================================================
	Q4:
		Shape: Hybrid
		q_c:	323.0	51.5	273.0
		ub :	334.9926	63.6444	283.3975
		lb :	311.0074	39.3556	262.6025
		P^-1:
			0.0189	0.0018	-0.0039
			0.0018	0.0094	-0.0009
			-0.0039	-0.0009	0.0201
		A:
			-0.3119	0.3886	0.867
			-0.6098	-0.2901	-0.7376
			0.7913	0.4557	-0.4076
			-0.5035	0.5128	0.6954
			0.1676	-0.1848	0.9684
			0.627	0.7651	-0.1464
		b:
			160.4441
			-408.4124
			171.7083
			58.6195
			313.2804
			207.3225
	==================================================================================
	Q5:
		Shape: Polyhedra
		q_c:	324.0	26.0	284.5
		ub :	332.8201	33.3379	292.946
		lb :	315.1799	18.6621	276.054
		A:
			-0.0631	0.9125	0.4043
			0.5206	-0.7002	0.4886
			-0.0156	0.9999	-0.0033
			-0.5507	0.5173	-0.6551
			-0.1178	0.8422	-0.5262
			-0.7096	-0.5842	-0.394
			0.5758	0.8167	0.0383
			0.6202	-0.4058	-0.6713
			-0.5327	0.4103	-0.7402
			-0.5758	-0.8167	-0.0383
			-0.6202	0.4058	0.6713
			0.5327	-0.4103	0.7402
		b:
			124.1645
			293.8723
			24.4239
			-347.2878
			-162.2602
			-353.9473
			221.7036
			7.4331
			-368.5059
			-215.7036
			8.5669
			376.5059
	==================================================================================
	Q6:
		Shape: Ellipse
		q_c:	324.5	31.5	271.5
		ub :	332.0182	40.7245	280.8251
		lb :	316.9818	22.2755	262.1749
		P^-1:
			0.066	-0.0205	-0.0197
			-0.0205	0.0487	-0.0166
			-0.0197	-0.0166	0.0433


===========================================================================================
===========================================================================================
S3:
	q_c:	48.5	428.0	348.5
	ub :	59.8348	438.6084	357.2377
	lb :	41.6992	418.8832	342.6106

	==================================================================================
	Q1:
		Shape: Hybrid
		q_c:	52.5	427.5	353.0
		ub :	55.7717	430.3561	355.9102
		lb :	49.2283	424.6439	350.0898
		P^-1:
			0.2564	0.1396	0.2285
			0.1396	0.3621	0.3308
			0.2285	0.3308	0.7015
		A:
			-0.901	-0.4312	-0.0478
			0.2645	0.7913	0.5512
			-0.9088	0.4132	-0.0585
			-0.4893	-0.4238	-0.7622
			-0.145	0.0649	-0.9873
			-0.1783	-0.5898	-0.7876
		b:
			-246.8604
			547.5985
			110.2557
			-475.369
			-327.2206
			-538.9381
	==================================================================================
	Q2:
		Shape: Hybrid
		q_c:	48.0	433.0	349.0
		ub :	53.7843	438.6084	354.1383
		lb :	42.2157	427.3916	343.8617
		P^-1:
			0.0771	-0.0054	0.0237
			-0.0054	0.102	-0.0388
			0.0237	-0.0388	0.1251
		A:
			-0.5122	0.8535	-0.0956
			0.8748	-0.0691	0.4795
			-0.1365	-0.1689	0.9761
			0.3308	0.178	0.9267
			-0.2211	-0.6196	-0.7531
			0.0429	0.0993	0.9941
		b:
			313.7388
			181.4175
			262.8043
			418.2257
			-539.428
			393.9243
	==================================================================================
	Q3:
		Shape: Hybrid
		q_c:	54.5	430.0	347.0
		ub :	58.8594	433.6302	351.3894
		lb :	50.1406	426.3698	342.6106
		P^-1:
			0.1843	-0.027	0.0776
			-0.027	0.2389	0.0319
			0.0776	0.0319	0.1584
		A:
			0.275	0.1409	0.9511
			0.8418	-0.0708	0.5351
			-0.9372	0.2994	-0.1788
			-0.0145	-0.4679	0.8837
			-0.5153	0.6247	0.5866
			0.2757	-0.9454	-0.1736
		b:
			407.03
			202.1481
			16.9139
			106.648
			445.7365
			-450.7494
	==================================================================================
	Q4:
		Shape: Hybrid
		q_c:	56.5	422.5	353.0
		ub :	59.8348	426.1168	355.6563
		lb :	53.1652	418.8832	350.3437
		P^-1:
			0.1562	-0.0131	-0.0003
			-0.0131	0.115	-0.0012
			-0.0003	-0.0012	0.16
		A:
			-0.8863	-0.413	-0.2095
			-0.6578	0.5553	-0.5089
			0.5878	0.7213	-0.3662
			0.0545	0.9218	-0.3839
			-0.7252	-0.6879	-0.0282
			-0.4412	-0.5735	-0.6903
		b:
			-297.056
			19.1175
			210.316
			258.6462
			-339.9438
			-509.3992
	==================================================================================
	Q5:
		Shape: Ellipse
		q_c:	54.0	428.5	351.5
		ub :	59.0872	433.7837	357.2377
		lb :	48.9128	423.2163	345.7623
		P^-1:
			0.0993	-0.0044	-0.0138
			-0.0044	0.0827	0.0034
			-0.0138	0.0034	0.0924
	==================================================================================
	Q6:
		Shape: Ellipse
		q_c:	45.0	432.0	353.5
		ub :	48.3008	434.8927	356.4044
		lb :	41.6992	429.1073	350.5956
		P^-1:
			0.2692	0.3203	-0.1131
			0.3203	0.7613	-0.2205
			-0.1131	-0.2205	0.2406


===========================================================================================
===========================================================================================
S4:
	q_c:	70.0	466.0	449.0
	ub :	78.0805	474.7646	459.7477
	lb :	62.627	456.7471	442.1357

	==================================================================================
	Q1:
		Shape: Hybrid
		q_c:	66.5	471.0	453.0
		ub :	69.5296	474.7646	456.3581
		lb :	63.4704	467.2354	449.6419
		P^-1:
			0.3231	-0.0014	0.103
			-0.0014	0.1438	0.0755
			0.103	0.0755	0.3387
		A:
			0.2128	-0.9117	-0.3516
			0.5893	0.5392	-0.6017
			0.635	0.0006	0.7725
			-0.7256	-0.2085	0.6558
			-0.1191	0.0675	-0.9906
			0.0865	-0.2128	-0.9732
		b:
			-572.8064
			22.5734
			393.294
			152.2413
			-423.6805
			-534.3105
	==================================================================================
	Q2:
		Shape: Ellipse
		q_c:	69.5	462.0	449.0
		ub :	74.6324	467.2529	453.7613
		lb :	64.3676	456.7471	444.2387
		P^-1:
			0.1036	-0.0124	-0.0033
			-0.0124	0.0906	-0.0055
			-0.0033	-0.0055	0.1097
	==================================================================================
	Q3:
		Shape: Ellipse
		q_c:	75.0	466.5	447.0
		ub :	78.0805	468.6478	449.8438
		lb :	71.9195	464.3522	444.1562
		P^-1:
			0.2152	-0.1267	0.1523
			-0.1267	0.6147	-0.3528
			0.1523	-0.3528	0.5801
	==================================================================================
	Q4:
		Shape: Ellipse
		q_c:	66.0	464.0	448.5
		ub :	68.4132	466.1055	451.3035
		lb :	63.5868	461.8945	445.6965
		P^-1:
			0.7946	-0.1275	0.3378
			-0.1275	0.9208	0.2097
			0.3378	0.2097	0.4446
	==================================================================================
	Q5:
		Shape: Ellipse
		q_c:	68.5	471.0	446.0
		ub :	72.6301	474.2333	449.8643
		lb :	64.3699	467.7667	442.1357
		P^-1:
			0.1593	0.1105	0.0392
			0.1105	0.3644	0.0898
			0.0392	0.0898	0.1429
	==================================================================================
	Q6:
		Shape: Polyhedra
		q_c:	66.0	468.5	456.0
		ub :	69.373	472.3714	459.7477
		lb :	62.627	464.6286	452.2523
		A:
			0.4006	0.5605	-0.7248
			-0.3484	-0.0095	0.9373
			0.5395	0.0884	-0.8373
			-0.3159	0.8487	-0.4241
			-0.7923	0.1857	0.5812
			-0.8266	-0.4451	0.3444
			0.0086	0.9207	0.3901
			0.5032	0.3331	-0.7974
			-0.8641	0.2032	-0.4605
			-0.0086	-0.9207	-0.3901
			-0.5032	-0.3331	0.7974
			0.8641	-0.2032	0.4605
		b:
			-39.8397
			401.7463
			-303.1465
			186.1536
			301.899
			-103.976
			612.8121
			-172.8234
			-168.8279
			-606.8121
			175.8234
			174.8279


===========================================================================================
===========================================================================================
S5:
	q_c:	212.5	129.5	105.5
	ub :	232.6306	153.0532	126.7706
	lb :	198.3325	112.0465	86.2851

	==================================================================================
	Q1:
		Shape: Polyhedra
		q_c:	205.0	130.5	108.0
		ub :	210.3315	138.7896	116.9733
		lb :	199.6685	122.2104	99.0267
		A:
			0.9157	-0.3494	0.1984
			0.8268	-0.5622	-0.0147
			-0.7501	0.6426	-0.1563
			-0.9599	0.0903	-0.2653
			-0.7531	0.5286	-0.3916
			0.9927	-0.1014	0.0656
			0.1397	0.5445	0.827
			-0.8205	0.5312	-0.2112
			-0.5543	-0.6491	0.521
			-0.1397	-0.5445	-0.827
			0.8205	-0.5312	0.2112
			0.5543	0.6491	-0.521
		b:
			165.2016
			96.3098
			-85.4247
			-210.5816
			-126.1242
			200.5289
			195.5145
			-120.684
			-135.5766
			-182.5145
			122.684
			148.5766
	==================================================================================
	Q2:
		Shape: Hybrid
		q_c:	223.5	136.5	102.0
		ub :	230.2582	140.3803	107.5925
		lb :	216.7418	132.6197	96.4075
		P^-1:
			0.0805	0.0505	0.0629
			0.0505	0.2313	0.0003
			0.0629	0.0003	0.126
		A:
			0.4714	0.509	0.7202
			0.1482	0.9863	-0.0724
			0.2801	0.9426	-0.1819
			0.4731	-0.6076	0.6379
			0.5716	0.5722	0.5881
			0.6343	0.7407	0.2215
		b:
			249.5886
			161.4341
			173.9055
			89.5119
			267.0263
			266.9532
	==================================================================================
	Q3:
		Shape: Hybrid
		q_c:	212.0	126.0	102.5
		ub :	219.5851	132.7215	109.2006
		lb :	204.4149	119.2785	95.7994
		P^-1:
			0.042	-0.0166	-0.0217
			-0.0166	0.0853	-0.0234
			-0.0217	-0.0234	0.0891
		A:
			0.672	0.1574	-0.7237
			-0.2099	0.9455	-0.2488
			-0.3259	0.9401	0.0997
			0.4575	-0.8881	-0.0435
			0.9286	0.3562	-0.1036
			-0.6702	0.0046	0.7422
		b:
			90.3079
			50.8705
			61.541
			-17.469
			235.4696
			-63.3489
	==================================================================================
	Q4:
		Shape: Ellipse
		q_c:	210.0	143.0	115.0
		ub :	221.6675	153.0532	126.7706
		lb :	198.3325	132.9468	103.2294
		P^-1:
			0.0155	-0.0012	-0.003
			-0.0012	0.0571	-0.0327
			-0.003	-0.0327	0.0378
	==================================================================================
	Q5:
		Shape: Ellipse
		q_c:	225.0	136.0	93.5
		ub :	232.6306	142.1954	100.7149
		lb :	217.3694	129.8046	86.2851
		P^-1:
			0.054	-0.013	-0.0154
			-0.013	0.0746	-0.0024
			-0.0154	-0.0024	0.0487
	==================================================================================
	Q6:
		Shape: Polyhedra
		q_c:	218.0	121.5	102.0
		ub :	227.9447	130.9535	109.7804
		lb :	208.0553	112.0465	94.2196
		A:
			-0.6928	0.5362	0.4822
			0.6221	-0.7208	-0.3057
			-0.227	-0.7291	0.6457
			0.4209	-0.7059	-0.5697
			0.212	0.0405	0.9764
			-0.4475	0.359	0.8191
			0.3762	0.8078	0.4539
			0.4364	0.2776	-0.8558
			-0.8173	0.52	-0.2481
			-0.3762	-0.8078	-0.4539
			-0.4364	-0.2776	0.8558
			0.8173	-0.52	0.2481
		b:
			-30.4106
			23.6057
			-67.4017
			-46.1684
			155.8888
			34.544
			231.9486
			45.5811
			-132.7936
			-220.9486
			-37.5811
			147.7936


===========================================================================================
===========================================================================================
S6:
	q_c:	444.0	197.5	361.0
	ub :	470.2403	226.3082	391.1453
	lb :	434.0789	174.9885	336.8331

	==================================================================================
	Q1:
		Shape: Ellipse
		q_c:	446.5	195.0	350.5
		ub :	458.9211	207.5534	364.0095
		lb :	434.0789	182.4466	336.9905
		P^-1:
			0.0094	-0.0004	-0.0012
			-0.0004	0.0113	0.0008
			-0.0012	0.0008	0.0132
	==================================================================================
	Q2:
		Shape: Polyhedra
		q_c:	445.5	211.0	376.5
		ub :	452.2035	226.3082	391.1453
		lb :	438.7965	195.6918	361.8547
		A:
			0.9949	0.0478	0.0893
			0.6547	0.2106	0.726
			-0.9011	0.2536	0.3517
			-0.9953	0.0349	0.0902
			-0.9985	-0.034	-0.0431
			0.7706	-0.6365	-0.032
			0.0881	0.5881	0.804
			-0.9728	0.2242	-0.0574
			-0.2141	-0.7771	0.5919
			-0.0881	-0.5881	-0.804
			0.9728	-0.2242	0.0574
			0.2141	0.7771	-0.5919
		b:
			491.3634
			617.1619
			-210.3135
			-397.7243
			-463.8288
			202.6895
			475.5301
			-404.2094
			-25.0029
			-456.5301
			411.2094
			48.0029
	==================================================================================
	Q3:
		Shape: Hybrid
		q_c:	460.0	187.5	349.5
		ub :	470.2403	200.0115	362.1669
		lb :	449.7597	174.9885	336.8331
		P^-1:
			0.0185	0.0007	-0.0009
			0.0007	0.0173	-0.002
			-0.0009	-0.002	0.0181
		A:
			-0.2262	0.7642	-0.604
			-0.9446	-0.0977	-0.3133
			-0.1742	0.0572	0.9831
			0.9205	-0.3481	-0.1775
			0.4355	-0.8794	0.1924
			-0.6252	0.0183	-0.7802
		b:
			-168.0666
			-558.3379
			278.1802
			300.1049
			106.7746
			-552.7615
	==================================================================================
	Q4:
		Shape: Polyhedra
		q_c:	446.5	191.0	375.0
		ub :	458.1543	199.3862	385.5861
		lb :	434.8457	182.6138	364.4139
		A:
			0.0935	-0.9956	-0.0113
			0.0082	0.5107	-0.8597
			-0.2391	0.7521	-0.6142
			0.8318	0.5357	-0.1457
			-0.0882	-0.0566	0.9945
			0.1797	-0.2916	-0.9395
			0.5891	0.1567	0.7927
			-0.7708	-0.1854	0.6095
			0.2425	-0.9701	0.0116
			-0.5891	-0.1567	-0.7927
			0.7708	0.1854	-0.6095
			-0.2425	0.9701	-0.0116
		b:
			-146.6168
			-214.0536
			-186.8639
			426.437
			330.2288
			-320.4217
			597.7424
			-143.4926
			-66.6867
			-582.7424
			158.4926
			78.6867
	==================================================================================
	Q5:
		Shape: Ellipse
		q_c:	445.5	216.5	356.5
		ub :	454.2261	223.545	363.6174
		lb :	436.7739	209.455	349.3826
		P^-1:
			0.0238	0.006	0.0072
			0.006	0.048	-0.0017
			0.0072	-0.0017	0.0473
	==================================================================================
	Q6:
		Shape: Hybrid
		q_c:	453.5	197.0	351.5
		ub :	462.9128	204.8603	358.3247
		lb :	444.0872	189.1397	344.6753
		P^-1:
			0.03	0.0402	-0.0339
			0.0402	0.2092	-0.2039
			-0.0339	-0.2039	0.2561
		A:
			0.7916	-0.1485	0.5927
			0.0444	-0.8118	0.5822
			0.0538	0.8798	-0.4723
			0.1692	-0.3755	0.9112
			-0.2658	0.7431	0.6141
			-0.1568	-0.5304	-0.8331
		b:
			542.9335
			66.5791
			33.6804
			325.0609
			247.8253
			-463.4305


===========================================================================================
===========================================================================================
S7:
	q_c:	339.0	276.0	256.5
	ub :	348.6448	288.9028	276.8008
	lb :	318.6825	257.3869	238.7211

	==================================================================================
	Q1:
		Shape: Ellipse
		q_c:	336.0	271.5	256.5
		ub :	343.3125	278.3475	262.7245
		lb :	328.6875	264.6525	250.2755
		P^-1:
			0.0585	-0.0238	0.0159
			-0.0238	0.0717	-0.0249
			0.0159	-0.0249	0.0703
	==================================================================================
	Q2:
		Shape: Hybrid
		q_c:	344.5	286.0	255.0
		ub :	348.6448	288.9028	259.2469
		lb :	340.3552	283.0972	250.7531
		P^-1:
			0.1783	0.1352	0.018
			0.1352	0.3736	0.019
			0.018	0.019	0.0853
		A:
			-0.5918	-0.7684	0.2435
			-0.7226	0.688	-0.0675
			-0.4314	-0.8816	0.1914
			0.1356	0.9907	0.0143
			-0.5685	-0.6561	-0.4964
			-0.2336	0.9502	-0.2063
		b:
			-360.4168
			-67.2086
			-351.0077
			334.6713
			-508.7406
			140.2798
	==================================================================================
	Q3:
		Shape: Ellipse
		q_c:	338.5	279.0	269.5
		ub :	344.8015	284.948	276.8008
		lb :	332.1985	273.052	262.1992
		P^-1:
			0.0674	-0.0204	-0.0018
			-0.0204	0.0938	-0.0234
			-0.0018	-0.0234	0.0455
	==================================================================================
	Q4:
		Shape: Polyhedra
		q_c:	338.5	279.0	251.0
		ub :	342.462	283.6017	255.7632
		lb :	334.538	274.3983	246.2368
		A:
			-0.8094	0.1203	-0.5749
			-0.9905	0.1012	-0.0935
			0.7583	-0.2389	0.6066
			-0.7774	0.1976	-0.5972
			-0.7193	0.2004	-0.6652
			-0.7297	0.3781	-0.5696
			0.1176	0.9869	0.1101
			0.608	0.0161	-0.7938
			-0.7852	0.1603	-0.5982
			-0.1176	-0.9869	-0.1101
			-0.608	-0.0161	0.7938
			0.7852	-0.1603	0.5982
		b:
			-384.1314
			-327.8422
			342.915
			-357.3785
			-353.8328
			-283.3689
			347.2998
			16.0652
			-370.7009
			-338.2998
			-6.0652
			371.7009
	==================================================================================
	Q5:
		Shape: Ellipse
		q_c:	327.0	275.0	247.5
		ub :	335.3175	284.1373	256.2789
		lb :	318.6825	265.8627	238.7211
		P^-1:
			0.0481	0.0028	-0.0141
			0.0028	0.0279	0.0104
			-0.0141	0.0104	0.0468
	==================================================================================
	Q6:
		Shape: Polyhedra
		q_c:	332.5	264.0	258.5
		ub :	340.1441	270.6131	265.116
		lb :	324.8559	257.3869	251.884
		A:
			0.0817	-0.7528	0.6532
			0.6041	-0.7911	0.0965
			-0.0993	0.9934	-0.0579
			-0.3974	0.4207	-0.8155
			-0.3349	0.9422	-0.0045
			-0.7916	0.5007	-0.3503
			0.3875	0.0895	0.9175
			-0.5971	0.7827	0.1759
			-0.7024	-0.616	0.3567
			-0.3875	-0.0895	-0.9175
			0.5971	-0.7827	-0.1759
			0.7024	0.616	-0.3567
		b:
			1.8425
			21.0041
			218.6226
			-227.4192
			140.3762
			-217.3539
			394.1483
			57.5651
			-298.9399
			-385.1483
			-49.5651
			308.9399


===========================================================================================
===========================================================================================
S8:
	q_c:	32.5	408.5	498.5
	ub :	51.6147	431.5968	518.3873
	lb :	10.1518	388.0188	479.4802

	==================================================================================
	Q1:
		Shape: Polyhedra
		q_c:	33.5	417.5	500.5
		ub :	43.4684	426.5854	509.4981
		lb :	23.5316	408.4146	491.5019
		A:
			0.6986	-0.5044	-0.5075
			0.8413	-0.4103	-0.352
			0.5872	-0.4942	-0.6411
			0.4498	-0.3553	-0.8194
			-0.2626	0.6973	-0.6669
			0.2669	-0.2468	-0.9316
			0.6517	0.2334	0.7216
			-0.7108	-0.144	0.6885
			0.2646	-0.9617	0.072
			-0.6517	-0.2334	-0.7216
			0.7108	0.144	-0.6885
			-0.2646	0.9617	-0.072
		b:
			-435.3125
			-313.4356
			-501.6936
			-537.7081
			-44.6976
			-554.5308
			487.4453
			265.6587
			-349.5924
			-473.4453
			-255.6587
			363.5924
	==================================================================================
	Q2:
		Shape: Ellipse
		q_c:	22.5	409.0	509.0
		ub :	33.2637	416.7434	518.3873
		lb :	11.7363	401.2566	499.6127
		P^-1:
			0.0288	-0.0275	0.001
			-0.0275	0.0673	0.0023
			0.001	0.0023	0.0198
	==================================================================================
	Q3:
		Shape: Hybrid
		q_c:	41.5	397.0	502.5
		ub :	51.6147	405.9812	512.7087
		lb :	31.3853	388.0188	492.2913
		P^-1:
			0.01	-0.0003	-0.0001
			-0.0003	0.0257	0.005
			-0.0001	0.005	0.0159
		A:
			0.4185	0.7997	-0.4306
			-0.6578	0.7315	0.1794
			0.4811	0.7299	0.4856
			-0.6349	-0.253	-0.73
			0.0713	-0.7956	0.6016
			0.4129	0.2911	0.863
		b:
			123.568
			358.1971
			558.0136
			-488.0033
			-5.6236
			571.382
	==================================================================================
	Q4:
		Shape: Polyhedra
		q_c:	39.5	421.0	489.0
		ub :	49.6912	431.5968	498.5198
		lb :	29.3088	410.4032	479.4802
		A:
			-0.7242	0.627	-0.2869
			0.2444	0.8291	-0.5029
			-0.5541	-0.6367	-0.5362
			0.1617	0.323	0.9325
			-0.49	-0.5581	0.6697
			-0.5413	-0.6498	0.5336
			0.3273	0.8246	0.4613
			-0.1209	0.5208	-0.8451
			-0.9371	0.2208	0.2702
			-0.3273	-0.8246	-0.4613
			0.1209	-0.5208	0.8451
			0.9371	-0.2208	-0.2702
		b:
			101.4732
			118.564
			-544.2921
			605.1294
			78.9949
			-27.7819
			593.696
			-194.284
			195.5622
			-577.696
			203.284
			-180.5622
	==================================================================================
	Q5:
		Shape: Ellipse
		q_c:	16.5	416.5	500.0
		ub :	22.8482	423.1645	503.32
		lb :	10.1518	409.8355	496.68
		P^-1:
			0.0552	-0.0116	0.0061
			-0.0116	0.0496	-0.0136
			0.0061	-0.0136	0.1578
	==================================================================================
	Q6:
		Shape: Hybrid
		q_c:	43.5	419.0	502.0
		ub :	50.9183	427.2843	507.5703
		lb :	36.0817	410.7157	496.4297
		P^-1:
			0.0783	0.0426	-0.01
			0.0426	0.0558	0.0143
			-0.01	0.0143	0.0765
		A:
			-0.7265	-0.3753	0.5757
			-0.6123	0.3692	0.6991
			0.1815	0.9582	-0.2212
			0.2688	0.7249	0.6342
			0.4019	-0.3371	-0.8514
			-0.9705	-0.2034	0.1298
		b:
			101.8135
			482.0412
			302.4049
			635.8845
			-548.8017
			-59.7828


===========================================================================================
===========================================================================================
S9:
	q_c:	139.0	460.0	86.0
	ub :	152.0054	471.965	96.3834
	lb :	132.561	445.6586	73.3109

	==================================================================================
	Q1:
		Shape: Ellipse
		q_c:	145.0	467.0	91.0
		ub :	148.6185	471.965	96.3834
		lb :	141.3815	462.035	85.6166
		P^-1:
			0.2294	0.0033	-0.054
			0.0033	0.0938	-0.0263
			-0.054	-0.0263	0.1004
	==================================================================================
	Q2:
		Shape: Hybrid
		q_c:	141.5	453.0	86.5
		ub :	147.5518	460.3414	92.9764
		lb :	135.4482	445.6586	80.0236
		P^-1:
			0.0595	0.008	-0.022
			0.008	0.0466	-0.0267
			-0.022	-0.0267	0.0874
		A:
			0.2707	-0.8698	0.4125
			0.873	0.4877	0.0064
			-0.4917	0.0683	-0.8681
			-0.8551	-0.5008	0.1341
			-0.9104	0.0108	0.4137
			0.0355	-0.8014	0.5971
		b:
			-317.139
			347.9744
			-110.8836
			-333.5512
			-85.8378
			-303.9849
	==================================================================================
	Q3:
		Shape: Ellipse
		q_c:	137.5	465.5	91.0
		ub :	142.439	470.6947	94.839
		lb :	132.561	460.3053	87.161
		P^-1:
			0.1067	0.0472	0.0115
			0.0472	0.1182	-0.0102
			0.0115	-0.0102	0.1575
	==================================================================================
	Q4:
		Shape: Hybrid
		q_c:	146.0	456.0	85.5
		ub :	150.6879	461.1766	90.2013
		lb :	141.3121	450.8234	80.7987
		P^-1:
			0.0818	-0.0052	0.0037
			-0.0052	0.0676	-0.0136
			0.0037	-0.0136	0.1059
		A:
			0.0986	-0.3223	0.9415
			0.654	0.7059	-0.2719
			-0.4686	0.2773	0.8388
			-0.7303	0.2733	-0.626
			0.5878	-0.7904	-0.1723
			0.5384	-0.0423	-0.8416
		b:
			-50.5906
			396.3489
			131.672
			-33.8227
			-287.1181
			-10.8465
	==================================================================================
	Q5:
		Shape: Hybrid
		q_c:	145.5	455.0	91.0
		ub :	150.6355	459.7936	96.2457
		lb :	140.3645	450.2064	85.7543
		P^-1:
			0.1204	0.0314	0.0084
			0.0314	0.0947	0.0333
			0.0084	0.0333	0.1185
		A:
			-0.0576	0.6665	0.7433
			-0.3726	-0.4526	-0.8101
			0.769	0.5415	-0.3398
			0.483	0.8634	0.1458
			-0.9319	-0.2674	-0.2451
			0.0203	-0.016	0.9997
		b:
			364.0414
			-332.5431
			329.0512
			478.0401
			-278.0838
			88.4806
	==================================================================================
	Q6:
		Shape: Hybrid
		q_c:	146.0	455.0	79.5
		ub :	152.0054	461.5823	85.6891
		lb :	139.9946	448.4177	73.3109
		P^-1:
			0.0721	0.0265	0.0141
			0.0265	0.0799	0.0181
			0.0141	0.0181	0.0485
		A:
			0.9609	-0.2068	0.1842
			0.2075	0.977	0.0486
			-0.2018	-0.972	0.1205
			0.6025	0.6798	0.4181
			0.0957	0.9937	0.058
			-0.5878	0.7578	-0.2832
		b:
			63.5199
			480.7723
			-459.8354
			432.0448
			472.9188
			239.5856


===========================================================================================
===========================================================================================
S10:
	q_c:	436.5	206.5	475.5
	ub :	450.7133	221.9022	494.0148
	lb :	421.2011	188.654	462.3148

	==================================================================================
	Q1:
		Shape: Hybrid
		q_c:	442.0	198.0	474.5
		ub :	450.7133	207.346	481.9825
		lb :	433.2867	188.654	467.0175
		P^-1:
			0.0363	0.0105	-0.0174
			0.0105	0.0404	-0.0228
			-0.0174	-0.0228	0.0563
		A:
			0.2926	-0.0536	0.9547
			0.2162	0.3195	-0.9226
			-0.2561	-0.5848	0.7697
			0.6921	-0.0699	0.7184
			-0.4716	0.6071	0.6395
			0.7066	0.2129	-0.6748
		b:
			575.4334
			-276.7887
			138.0864
			637.2531
			219.4171
			36.5862
	==================================================================================
	Q2:
		Shape: Ellipse
		q_c:	433.0	199.5	471.5
		ub :	439.2867	205.4525	476.6495
		lb :	426.7133	193.5475	466.3505
		P^-1:
			0.0441	0.0148	0.0061
			0.0148	0.1036	0.0487
			0.0061	0.0487	0.1148
	==================================================================================
	Q3:
		Shape: Ellipse
		q_c:	442.0	207.5	476.5
		ub :	447.3436	213.2129	480.665
		lb :	436.6564	201.7871	472.335
		P^-1:
			0.147	-0.0462	-0.0698
			-0.0462	0.0748	0.0152
			-0.0698	0.0152	0.1887
	==================================================================================
	Q4:
		Shape: Ellipse
		q_c:	429.5	204.5	487.0
		ub :	437.7989	212.167	494.0148
		lb :	421.2011	196.833	479.9852
		P^-1:
			0.0431	-0.0044	0.0001
			-0.0044	0.0463	-0.0001
			0.0001	-0.0001	0.04
	==================================================================================
	Q5:
		Shape: Hybrid
		q_c:	430.0	213.0	473.5
		ub :	434.1586	217.6358	477.4575
		lb :	425.8414	208.3642	469.5425
		P^-1:
			0.1503	-0.0143	0.0133
			-0.0143	0.139	0.0196
			0.0133	0.0196	0.1418
		A:
			0.2241	-0.9477	-0.2274
			-0.0216	0.7069	-0.707
			-0.2496	-0.9418	0.2251
			-0.5938	0.0134	-0.8045
			0.4955	-0.842	-0.2132
			0.7751	0.4971	0.39
		b:
			-211.8208
			-191.8179
			-199.7237
			-632.1421
			-65.998
			625.1902
	==================================================================================
	Q6:
		Shape: Ellipse
		q_c:	431.0	213.5	471.5
		ub :	439.2427	221.9022	480.6852
		lb :	422.7573	205.0978	462.3148
		P^-1:
			0.0289	0.0004	0.0023
			0.0004	0.037	-0.0038
			0.0023	-0.0038	0.035


===========================================================================================
===========================================================================================
S11:
	q_c:	64.5	385.5	296.0
	ub :	78.9673	397.2271	310.4411
	lb :	49.5253	371.3399	283.1232

	==================================================================================
	Q1:
		Shape: Ellipse
		q_c:	58.5	377.0	301.5
		ub :	67.4747	381.7213	310.4411
		lb :	49.5253	372.2787	292.5589
		P^-1:
			0.0315	-0.0282	0.0092
			-0.0282	0.1453	-0.0305
			0.0092	-0.0305	0.0346
	==================================================================================
	Q2:
		Shape: Ellipse
		q_c:	57.5	383.0	290.5
		ub :	62.4274	389.4517	296.8168
		lb :	52.5726	376.5483	284.1832
		P^-1:
			0.1137	-0.0349	-0.0341
			-0.0349	0.0823	0.0293
			-0.0341	0.0293	0.0758
	==================================================================================
	Q3:
		Shape: Hybrid
		q_c:	72.0	383.5	299.5
		ub :	77.005	388.4945	305.0694
		lb :	66.995	378.5055	293.9306
		P^-1:
			0.1616	-0.087	0.0079
			-0.087	0.1643	0.0096
			0.0079	0.0096	0.0551
		A:
			-0.5262	0.717	-0.4572
			0.2445	0.7738	-0.5844
			0.7867	-0.085	0.6114
			-0.9869	-0.1584	-0.0297
			-0.9887	-0.1471	-0.0293
			0.7345	-0.0158	0.6785
		b:
			101.9158
			142.4109
			209.3673
			-138.5116
			-134.1824
			252.3759
	==================================================================================
	Q4:
		Shape: Hybrid
		q_c:	73.0	389.5	291.5
		ub :	78.9673	397.2271	299.8768
		lb :	67.0327	381.7729	283.1232
		P^-1:
			0.0603	-0.001	-0.0077
			-0.001	0.0331	0.0003
			-0.0077	0.0003	0.0352
		A:
			-0.5231	0.0419	0.8513
			-0.0172	-0.1932	-0.981
			0.0891	0.5597	0.8239
			0.7181	0.3121	-0.6221
			-0.4161	-0.8564	0.3056
			-0.4792	0.8569	0.1901
		b:
			229.0416
			-359.0488
			468.1486
			-4.8999
			-271.6396
			357.2932
	==================================================================================
	Q5:
		Shape: Polyhedra
		q_c:	57.5	383.5	301.5
		ub :	63.9732	386.1905	307.7233
		lb :	51.0268	380.8095	295.2767
		A:
			-0.4642	-0.8237	-0.3256
			-0.1532	-0.7574	0.6347
			-0.9198	0.3887	0.0534
			0.3445	0.8641	-0.3669
			0.0818	-0.9041	-0.4195
			-0.2617	0.8287	0.4947
			0.7945	0.0213	0.6068
			-0.6065	-0.0212	0.7948
			0.0298	-0.9995	-0.0039
			-0.7945	-0.0213	-0.6068
			0.6065	0.0212	-0.7948
			-0.0298	0.9995	0.0039
		b:
			-437.1908
			-104.599
			116.6082
			243.5928
			-465.592
			454.9574
			241.8311
			200.6181
			-380.2964
			-231.8311
			-192.6181
			385.2964
	==================================================================================
	Q6:
		Shape: Polyhedra
		q_c:	73.0	376.0	304.5
		ub :	77.8319	380.6601	308.6873
		lb :	68.1681	371.3399	300.3127
		A:
			-0.772	0.5974	0.2171
			0.1487	0.9544	0.259
			-0.18	0.4887	0.8537
			-0.7831	-0.4476	0.4317
			-0.4011	0.6184	0.6758
			-0.8665	0.4285	0.256
			0.225	0.1111	0.968
			-0.6167	0.7854	0.0532
			-0.7543	-0.6089	0.2452
			-0.225	-0.1111	-0.968
			0.6167	-0.7854	-0.0532
			0.7543	0.6089	-0.2452
		b:
			237.7935
			451.699
			434.0527
			-91.4428
			412.5041
			179.1163
			356.458
			269.9878
			-206.8565
			-349.458
			-262.9878
			211.8565


===========================================================================================
===========================================================================================
S12:
	q_c:	20.5	194.0	267.5
	ub :	28.2311	204.0835	276.467
	lb :	13.3404	184.1279	259.4376

	==================================================================================
	Q1:
		Shape: Hybrid
		q_c:	21.5	193.0	270.0
		ub :	24.7909	197.1733	274.0044
		lb :	18.2091	188.8267	265.9956
		P^-1:
			0.1747	0.0162	0.0295
			0.0162	0.152	0.0581
			0.0295	0.0581	0.1944
		A:
			0.8197	0.0458	-0.571
			-0.4263	0.5556	-0.7138
			-0.3911	0.4434	0.8065
			-0.1736	0.2321	0.9571
			-0.6738	-0.0888	0.7335
			0.2164	-0.972	-0.0911
		b:
			-126.1064
			-92.8727
			296.2177
			300.7852
			168.0759
			-205.8873
	==================================================================================
	Q2:
		Shape: Ellipse
		q_c:	19.5	188.0	268.5
		ub :	23.3702	191.8721	272.3061
		lb :	15.6298	184.1279	264.6939
		P^-1:
			0.1753	0.0459	0.0519
			0.0459	0.2219	-0.0318
			0.0519	-0.0318	0.214
	==================================================================================
	Q3:
		Shape: Polyhedra
		q_c:	17.0	196.0	271.5
		ub :	20.6596	199.9387	274.3106
		lb :	13.3404	192.0613	268.6894
		A:
			0.3936	-0.1416	0.9083
			0.6385	-0.3767	0.6712
			0.9875	0.0067	-0.1573
			0.6856	-0.2078	0.6977
			0.014	0.0105	-0.9998
			-0.0513	-0.1807	-0.9822
			0.4904	0.8381	0.2389
			0.7478	-0.264	-0.6091
			-0.4475	0.4774	-0.7562
			-0.4904	-0.8381	-0.2389
			-0.7478	0.264	0.6091
			0.4475	-0.4774	0.7562
		b:
			227.003
			120.4197
			-22.283
			161.8707
			-267.5225
			-300.9479
			240.9657
			-202.4067
			-118.3532
			-233.9657
			206.4067
			120.3532
	==================================================================================
	Q4:
		Shape: Polyhedra
		q_c:	24.5	200.5	273.5
		ub :	28.2311	204.0835	276.467
		lb :	20.7689	196.9165	270.533
		A:
			-0.2355	0.5454	0.8044
			0.1312	0.7306	-0.6701
			0.7513	-0.1926	-0.6312
			-0.2878	-0.0663	0.9554
			-0.8979	-0.2275	0.3768
			0.0229	0.1105	0.9936
			0.2359	0.7264	0.6455
			0.4281	0.5186	-0.7401
			-0.8724	0.4509	-0.1886
			-0.2359	-0.7264	-0.6455
			-0.4281	-0.5186	0.7401
			0.8724	-0.4509	0.1886
		b:
			325.6275
			-31.8321
			-190.5832
			242.5894
			37.6282
			296.3016
			329.9693
			-86.4477
			20.4383
			-325.9693
			89.4477
			-14.4383
	==================================================================================
	Q5:
		Shape: Ellipse
		q_c:	18.0	190.5	263.0
		ub :	21.2761	194.4887	266.5624
		lb :	14.7239	186.5113	259.4376
		P^-1:
			0.16	0.0	-0.0
			0.0	0.16	0.0
			-0.0	0.0	0.16
	==================================================================================
	Q6:
		Shape: Polyhedra
		q_c:	24.0	192.0	267.0
		ub :	26.8096	196.0891	270.8121
		lb :	21.1904	187.9109	263.1879
		A:
			0.573	-0.0035	-0.8196
			0.9298	0.3553	0.0959
			-0.5406	-0.024	-0.8409
			0.3013	0.4467	-0.8424
			0.0859	0.952	0.2938
			-0.7762	0.1729	-0.6063
			0.0666	0.8194	0.5694
			-0.0421	0.5724	-0.8189
			-0.9969	0.0306	0.0726
			-0.0666	-0.8194	-0.5694
			0.0421	-0.5724	0.8189
			0.9969	-0.0306	-0.0726
		b:
			-203.2162
			118.8229
			-239.4783
			-129.8378
			266.6798
			-144.9187
			314.4412
			-107.7396
			3.8377
			-307.4412
			111.7396
			1.1623


===========================================================================================
===========================================================================================
S13:
	q_c:	204.0	124.0	394.0
	ub :	228.282	156.226	414.7953
	lb :	187.388	91.1972	375.3645

	==================================================================================
	Q1:
		Shape: Hybrid
		q_c:	204.0	142.5	405.5
		ub :	217.9406	156.226	414.7953
		lb :	190.0594	128.774	396.2047
		P^-1:
			0.0171	-0.0073	-0.0056
			-0.0073	0.0159	-0.0047
			-0.0056	-0.0047	0.0308
		A:
			-0.0816	-0.4613	0.8835
			-0.2705	0.1574	0.9498
			-0.9436	0.2939	0.1526
			-0.4486	0.6513	0.6121
			0.9756	-0.0969	0.1968
			-0.712	0.4813	0.5113
		b:
			278.8842
			355.6038
			-84.0811
			253.7553
			271.3747
			134.0895
	==================================================================================
	Q2:
		Shape: Hybrid
		q_c:	216.5	139.0	398.0
		ub :	228.282	148.4157	409.9992
		lb :	204.718	129.5843	386.0008
		P^-1:
			0.0184	0.0054	-0.0019
			0.0054	0.033	-0.0095
			-0.0019	-0.0095	0.022
		A:
			-0.8654	-0.3818	0.3244
			0.2315	0.0259	0.9725
			0.6665	0.6974	0.2635
			0.0145	0.1812	-0.9833
			-0.408	0.6461	-0.6451
			-0.419	-0.8101	0.4101
		b:
			-107.2417
			445.5702
			350.2156
			-358.7362
			-251.5276
			-37.4914
	==================================================================================
	Q3:
		Shape: Polyhedra
		q_c:	198.0	102.0	407.5
		ub :	208.612	112.8028	411.219
		lb :	187.388	91.1972	403.781
		A:
			-0.3729	-0.317	0.872
			0.4937	0.1123	-0.8624
			0.339	0.0953	-0.9359
			0.0251	0.5279	-0.849
			-0.0643	0.173	-0.9828
			0.0329	0.4013	-0.9154
			0.6022	0.7865	0.1372
			0.7921	-0.6101	0.0208
			0.1001	0.0961	-0.9903
			-0.6022	-0.7865	-0.1372
			-0.7921	0.6101	-0.0208
			-0.1001	-0.0961	0.9903
		b:
			252.887
			-238.4376
			-301.5325
			-283.1036
			-392.8111
			-322.2113
			263.3564
			110.0817
			-371.4405
			-247.3564
			-96.0817
			376.4405
	==================================================================================
	Q4:
		Shape: Ellipse
		q_c:	213.5	122.5	385.5
		ub :	222.5614	133.7053	395.6355
		lb :	204.4386	111.2947	375.3645
		P^-1:
			0.0818	0.0395	-0.0612
			0.0395	0.0383	-0.0335
			-0.0612	-0.0335	0.0715
	==================================================================================
	Q5:
		Shape: Polyhedra
		q_c:	196.5	119.0	401.5
		ub :	205.5374	128.65	410.8908
		lb :	187.4626	109.35	392.1092
		A:
			0.7923	0.5156	-0.3263
			0.4687	0.5715	0.6735
			-0.2278	-0.2702	-0.9355
			0.8365	0.0246	0.5475
			0.7802	0.6079	-0.1472
			0.5975	0.4542	0.6608
			0.7412	0.5728	0.3501
			0.6629	-0.542	-0.5166
			-0.1061	0.615	-0.7814
			-0.7412	-0.5728	-0.3501
			-0.6629	0.542	0.5166
			0.1061	-0.615	0.7814
		b:
			91.107
			435.1189
			-446.9596
			391.4382
			170.8224
			440.7034
			357.8743
			-132.6515
			-256.8985
			-350.8743
			150.6515
			265.8985
	==================================================================================
	Q6:
		Shape: Hybrid
		q_c:	208.5	142.5	395.0
		ub :	217.0839	152.8819	401.5302
		lb :	199.9161	132.1181	388.4698
		P^-1:
			0.2554	0.1553	0.1455
			0.1553	0.1099	0.0911
			0.1455	0.0911	0.118
		A:
			0.9672	-0.2302	-0.1071
			-0.7182	-0.1157	-0.6861
			-0.7781	-0.4692	-0.4176
			0.713	0.4088	0.5697
			-0.4498	-0.3691	-0.8133
			-0.8417	-0.5129	-0.1685
		b:
			133.2011
			-434.5696
			-393.2427
			432.8707
			-465.2463
			-313.5541


===========================================================================================
===========================================================================================
S14:
	q_c:	67.0	274.5	206.0
	ub :	80.8035	291.4501	212.9548
	lb :	56.5217	259.7707	191.8698

	==================================================================================
	Q1:
		Shape: Polyhedra
		q_c:	66.5	267.0	205.0
		ub :	74.3179	274.2293	212.9548
		lb :	58.6821	259.7707	197.0452
		A:
			-0.8481	-0.5295	0.02
			-0.1985	-0.8423	-0.5011
			-0.9397	0.1061	0.325
			-0.432	-0.8207	-0.3739
			0.4547	0.0812	0.887
			0.3351	0.8569	-0.3918
			0.3415	0.7826	0.5205
			-0.7044	-0.1536	0.693
			0.6223	-0.6033	0.4988
			-0.3415	-0.7826	-0.5205
			0.7044	0.1536	-0.693
			-0.6223	0.6033	-0.4988
		b:
			-189.1667
			-336.3146
			37.0943
			-320.0077
			238.4683
			175.386
			342.8651
			58.7261
			-12.4602
			-333.8651
			-49.7261
