3D_40_14_6_e                l = 3

===========================================================================================
===========================================================================================
S1:
	q_c:	250.0	254.5	297.0
	ub :	259.0396	262.8846	309.562
	lb :	235.1282	247.0146	286.4923

	==================================================================================
	Q1:
		Shape: Hybrid
		q_c:	252.0	256.0	298.5
		ub :	255.4606	260.0653	303.5915
		lb :	248.5394	251.9347	293.4085
		P^-1:
			0.346	-0.1529	0.0155
			-0.1529	0.2063	0.006
			0.0155	0.006	0.0527
		A:
			-0.6166	0.5277	-0.5842
			0.9899	-0.1295	0.0582
			0.4038	-0.7313	-0.5496
			-0.8574	-0.4033	-0.3198
			0.9031	-0.3952	-0.1682
			0.4263	0.1061	0.8984
		b:
			-192.5701
			234.8073
			-247.45
			-412.7872
			77.2467
			405.9163
	==================================================================================
	Q2:
		Shape: Ellipse
		q_c:	254.0	257.5	299.5
		ub :	259.0396	262.8846	303.5523
		lb :	248.9604	252.1154	295.4477
		P^-1:
			0.1054	-0.0153	-0.0199
			-0.0153	0.0792	-0.0224
			-0.0199	-0.0224	0.1491
	==================================================================================
	Q3:
		Shape: Ellipse
		q_c:	241.5	253.0	292.0
		ub :	247.8718	258.9854	297.2685
		lb :	235.1282	247.0146	286.7315
		P^-1:
			0.0769	0.0383	0.024
			0.0383	0.1036	0.0378
			0.024	0.0378	0.0914
	==================================================================================
	Q4:
		Shape: Polyhedra
		q_c:	250.0	256.0	290.5
		ub :	253.9738	257.9382	294.5077
		lb :	246.0262	254.0618	286.4923
		A:
			0.1475	-0.9726	-0.1796
			-0.1629	-0.6728	0.7217
			-0.4738	-0.8776	-0.0728
			0.1094	0.0499	-0.9927
			0.1763	-0.9367	0.3024
			-0.2045	-0.7573	0.6202
			0.6347	0.1246	0.7627
			-0.7658	-0.0307	0.6423
			0.1035	-0.9917	0.0759
			-0.6347	-0.1246	-0.7627
			0.7658	0.0307	-0.6423
			-0.1035	0.9917	-0.0759
		b:
			-262.6727
			-1.177
			-362.2201
			-245.5251
			-106.2571
			-62.8192
			415.1213
			-10.2158
			-204.4626
			-409.1213
			15.2158
			207.4626
	==================================================================================
	Q5:
		Shape: Ellipse
		q_c:	248.0	258.0	305.0
		ub :	252.6415	262.432	309.562
		lb :	243.3585	253.568	300.438
		P^-1:
			0.1174	-0.0423	0.0594
			-0.0423	0.2855	-0.1754
			0.0594	-0.1754	0.2151
	==================================================================================
	Q6:
		Shape: Polyhedra
		q_c:	251.0	257.5	299.5
		ub :	255.7963	262.2052	301.9811
		lb :	246.2037	252.7948	297.0189
		A:
			-0.9734	0.0647	-0.22
			-0.0098	0.9904	-0.1376
			-0.8338	0.2774	0.4773
			-0.4336	0.2555	-0.8641
			0.8719	-0.249	0.4217
			0.1859	-0.6866	-0.7028
			0.1065	0.0921	0.99
			-0.6392	0.769	-0.0028
			-0.7616	-0.6325	0.1408
			-0.1065	-0.0921	-0.99
			0.6392	-0.769	0.0028
			0.7616	0.6325	-0.1408
		b:
			-290.3935
			214.5629
			8.0898
			-299.5725
			283.9179
			-338.1215
			348.965
			39.7643
			-308.3833
			-344.965
			-33.7643
			315.3833


===========================================================================================
===========================================================================================
S2:
	q_c:	339.0	276.0	256.5
	ub :	348.6448	288.9028	276.8008
	lb :	318.6825	257.3869	238.7211

	==================================================================================
	Q1:
		Shape: Ellipse
		q_c:	336.0	271.5	256.5
		ub :	343.3125	278.3475	262.7245
		lb :	328.6875	264.6525	250.2755
		P^-1:
			0.0585	-0.0238	0.0159
			-0.0238	0.0717	-0.0249
			0.0159	-0.0249	0.0703
	==================================================================================
	Q2:
		Shape: Hybrid
		q_c:	344.5	286.0	255.0
		ub :	348.6448	288.9028	259.2469
		lb :	340.3552	283.0972	250.7531
		P^-1:
			0.1783	0.1352	0.018
			0.1352	0.3736	0.019
			0.018	0.019	0.0853
		A:
			-0.5918	-0.7684	0.2435
			-0.7226	0.688	-0.0675
			-0.4314	-0.8816	0.1914
			0.1356	0.9907	0.0143
			-0.5685	-0.6561	-0.4964
			-0.2336	0.9502	-0.2063
		b:
			-360.4168
			-67.2086
			-351.0077
			334.6713
			-508.7406
			140.2798
	==================================================================================
	Q3:
		Shape: Ellipse
		q_c:	338.5	279.0	269.5
		ub :	344.8015	284.948	276.8008
		lb :	332.1985	273.052	262.1992
		P^-1:
			0.0674	-0.0204	-0.0018
			-0.0204	0.0938	-0.0234
			-0.0018	-0.0234	0.0455
	==================================================================================
	Q4:
		Shape: Polyhedra
		q_c:	338.5	279.0	251.0
		ub :	342.462	283.6017	255.7632
		lb :	334.538	274.3983	246.2368
		A:
			-0.8094	0.1203	-0.5749
			-0.9905	0.1012	-0.0935
			0.7583	-0.2389	0.6066
			-0.7774	0.1976	-0.5972
			-0.7193	0.2004	-0.6652
			-0.7297	0.3781	-0.5696
			0.1176	0.9869	0.1101
			0.608	0.0161	-0.7938
			-0.7852	0.1603	-0.5982
			-0.1176	-0.9869	-0.1101
			-0.608	-0.0161	0.7938
			0.7852	-0.1603	0.5982
		b:
			-384.1314
			-327.8422
			342.915
			-357.3785
			-353.8328
			-283.3689
			347.2998
			16.0652
			-370.7009
			-338.2998
			-6.0652
			371.7009
	==================================================================================
	Q5:
		Shape: Ellipse
		q_c:	327.0	275.0	247.5
		ub :	335.3175	284.1373	256.2789
		lb :	318.6825	265.8627	238.7211
		P^-1:
			0.0481	0.0028	-0.0141
			0.0028	0.0279	0.0104
			-0.0141	0.0104	0.0468
	==================================================================================
	Q6:
		Shape: Polyhedra
		q_c:	332.5	264.0	258.5
		ub :	340.1441	270.6131	265.116
		lb :	324.8559	257.3869	251.884
		A:
			0.0817	-0.7528	0.6532
			0.6041	-0.7911	0.0965
			-0.0993	0.9934	-0.0579
			-0.3974	0.4207	-0.8155
			-0.3349	0.9422	-0.0045
			-0.7916	0.5007	-0.3503
			0.3875	0.0895	0.9175
			-0.5971	0.7827	0.1759
			-0.7024	-0.616	0.3567
			-0.3875	-0.0895	-0.9175
			0.5971	-0.7827	-0.1759
			0.7024	0.616	-0.3567
		b:
			1.8425
			21.0041
			218.6226
			-227.4192
			140.3762
			-217.3539
			394.1483
			57.5651
			-298.9399
			-385.1483
			-49.5651
			308.9399


===========================================================================================
===========================================================================================
S3:
	q_c:	436.5	168.5	302.0
	ub :	442.7742	173.0425	305.6176
	lb :	434.4829	163.1163	298.5931

	==================================================================================
	Q1:
		Shape: Polyhedra
		q_c:	439.0	169.0	302.0
		ub :	441.4419	171.6503	304.6582
		lb :	436.5581	166.3497	299.3418
		A:
			-0.5998	-0.7498	-0.2792
			-0.5836	-0.4462	0.6784
			0.9871	0.0187	-0.1589
			0.1211	-0.9527	0.2786
			0.629	-0.777	-0.0251
			-0.8	0.1208	-0.5877
			0.8967	0.4221	0.1337
			0.3105	-0.8148	0.4896
			0.3156	-0.3975	-0.8616
			-0.8967	-0.4221	-0.1337
			-0.3105	0.8148	-0.4896
			-0.3156	0.3975	0.8616
		b:
			-472.8043
			-125.0308
			390.1162
			-22.1917
			138.8987
			-506.7399
			506.8273
			147.9999
			-186.8601
			-503.8273
			-144.9999
			190.8601
	==================================================================================
	Q2:
		Shape: Hybrid
		q_c:	440.5	171.5	300.5
		ub :	442.7742	173.0425	302.392
		lb :	438.2258	169.9575	298.608
		P^-1:
			0.6394	0.2827	-0.7527
			0.2827	2.404	-1.535
			-0.7527	-1.535	2.2066
		A:
			0.1073	-0.8583	0.5018
			-0.7251	-0.1536	0.6713
			0.2142	0.8824	-0.419
			-0.1751	0.3481	0.921
			0.3025	-0.8908	0.3391
			0.0267	0.8212	-0.57
		b:
			51.262
			-143.3814
			120.1441
			260.266
			82.9116
			-18.3554
	==================================================================================
	Q3:
		Shape: Ellipse
		q_c:	438.5	165.5	303.5
		ub :	440.8739	167.8837	305.6176
		lb :	436.1261	163.1163	301.3824
		P^-1:
			0.6725	0.3618	-0.007
			0.3618	0.5932	0.0712
			-0.007	0.0712	0.4287
	==================================================================================
	Q4:
		Shape: Ellipse
		q_c:	436.0	170.0	301.0
		ub :	437.5171	171.6857	302.7294
		lb :	434.4829	168.3143	299.2706
		P^-1:
			2.4971	-1.477	0.6122
			-1.477	1.763	-0.8181
			0.6122	-0.8181	1.1843
	==================================================================================
	Q5:
		Shape: Hybrid
		q_c:	438.0	170.5	301.5
		ub :	440.8709	172.8554	304.4069
		lb :	435.1291	168.1446	298.5931
		P^-1:
			0.3322	0.0188	0.0942
			0.0188	0.4413	-0.0157
			0.0942	-0.0157	0.3654
		A:
			0.623	0.7816	-0.03
			-0.4171	0.0523	-0.9074
			0.2096	0.9066	-0.3663
			-0.6669	-0.4943	0.5576
			0.5232	-0.4592	0.7179
			0.11	0.6648	0.7388
		b:
			397.9432
			-446.5487
			136.6988
			-207.2022
			368.0831
			385.1696
	==================================================================================
	Q6:
		Shape: Hybrid
		q_c:	439.5	166.5	301.5
		ub :	441.3066	168.3232	303.1675
		lb :	437.6934	164.6768	299.8325
		P^-1:
			0.5275	0.169	-0.1034
			0.169	0.9396	0.037
			-0.1034	0.037	0.9774
		A:
			0.1198	0.9898	-0.0772
			-0.2768	0.0535	-0.9594
			0.0797	-0.9958	0.0443
			-0.2661	0.6551	-0.7072
			-0.6503	-0.2528	-0.7164
			0.7112	0.6969	-0.0923
		b:
			194.7015
			-401.3905
			-116.8286
			-220.3987
			-543.1452
			401.3918


===========================================================================================
===========================================================================================
S4:
	q_c:	427.5	370.5	20.5
	ub :	444.3247	382.0418	38.837
	lb :	415.4544	356.0542	4.3014

	==================================================================================
	Q1:
		Shape: Polyhedra
		q_c:	426.0	370.5	28.0
		ub :	432.3031	377.1634	35.3544
		lb :	419.6969	363.8366	20.6456
		A:
			0.3682	0.5361	0.7596
			0.6557	-0.752	0.0668
			-0.7531	-0.6578	-0.0083
			0.6321	-0.7746	0.0199
			0.5529	0.0775	0.8296
			-0.2696	0.4173	-0.8679
			0.6871	0.3996	0.6068
			-0.1309	0.8896	-0.4375
			-0.7147	0.2212	0.6636
			-0.6871	-0.3996	-0.6068
			0.1309	-0.8896	0.4375
			0.7147	-0.2212	-0.6636
		b:
			379.8689
			7.7011
			-561.017
			-12.0212
			290.5727
			19.9027
			460.2405
			266.5708
			-198.4231
			-455.2405
			-256.5708
			209.4231
	==================================================================================
	Q2:
		Shape: Hybrid
		q_c:	423.0	364.0	31.0
		ub :	427.6532	371.9458	37.2296
		lb :	418.3468	356.0542	24.7704
		P^-1:
			0.0806	0.0046	0.0057
			0.0046	0.0181	0.0012
			0.0057	0.0012	0.0337
		A:
			0.791	-0.6074	-0.0732
			0.5443	-0.1668	0.8222
			-0.1618	-0.5623	0.811
			-0.5186	-0.8231	-0.2315
			-0.6024	-0.0523	0.7965
			-0.6617	-0.0519	0.7479
		b:
			115.1603
			198.2067
			-243.4582
			-521.633
			-245.8593
			-272.41
	==================================================================================
	Q3:
		Shape: Hybrid
		q_c:	431.0	377.0	27.5
		ub :	433.9684	381.5947	31.1244
		lb :	428.0316	372.4053	23.8756
		P^-1:
			0.4031	-0.0888	-0.0614
			-0.0888	0.0911	0.0393
			-0.0614	0.0393	0.1727
		A:
			0.8242	0.3967	-0.4041
			-0.9546	-0.1354	-0.2654
			-0.9796	0.1725	-0.1034
			0.3764	-0.6177	-0.6905
			0.6214	-0.2805	-0.7315
			-0.9693	0.24	-0.0545
		b:
			495.7382
			-468.4089
			-359.0823
			-88.0275
			143.0847
			-327.9103
	==================================================================================
	Q4:
		Shape: Hybrid
		q_c:	421.5	373.0	18.5
		ub :	427.5456	382.0418	27.5554
		lb :	415.4544	363.9582	9.4446
		P^-1:
			0.0856	-0.0181	-0.0339
			-0.0181	0.0306	0.0125
			-0.0339	0.0125	0.0464
		A:
			0.8073	0.2449	-0.5369
			-0.6526	0.3262	0.6839
			-0.4368	0.1781	-0.8818
			-0.9397	-0.0782	0.3331
			-0.9245	-0.0169	0.3808
			0.9129	-0.0557	0.4043
		b:
			424.2969
			-138.9396
			-129.2779
			-416.9237
			-386.9926
			375.2482
	==================================================================================
	Q5:
		Shape: Polyhedra
		q_c:	435.5	364.5	32.5
		ub :	441.5352	370.4249	38.837
		lb :	429.4648	358.5751	26.163
		A:
			0.0875	-0.9937	-0.0699
			0.6895	-0.2924	0.6627
			-0.6542	0.2834	-0.7012
			-0.8798	-0.221	-0.4208
			-0.2095	0.8721	-0.4423
			-0.4028	0.9115	0.0836
			0.3342	0.6356	0.6959
			-0.6221	0.7035	-0.3438
			-0.7081	-0.318	0.6305
			-0.3342	-0.6356	-0.6959
			0.6221	-0.7035	0.3438
			0.7081	0.318	-0.6305
		b:
			-322.8778
			218.5098
			-201.0688
			-473.6664
			215.4689
			162.8108
			403.838
			-22.6754
			-399.7909
			-395.838
			28.6754
			407.7909
	==================================================================================
	Q6:
		Shape: Ellipse
		q_c:	436.0	367.0	12.0
		ub :	444.3247	374.8226	19.6986
		lb :	427.6753	359.1774	4.3014
		P^-1:
			0.0446	-0.0055	0.0051
			-0.0055	0.0432	0.0057
			0.0051	0.0057	0.0441


===========================================================================================
===========================================================================================
S5:
	q_c:	215.0	143.5	210.5
	ub :	224.8941	158.293	221.4996
	lb :	193.6393	122.6527	196.0396

	==================================================================================
	Q1:
		Shape: Hybrid
		q_c:	214.5	130.5	211.0
		ub :	222.0185	138.3473	216.5007
		lb :	206.9815	122.6527	205.4993
		P^-1:
			0.0846	0.0728	0.1011
			0.0728	0.1191	0.1606
			0.1011	0.1606	0.3105
		A:
			-0.4621	-0.6193	-0.6348
			0.696	0.265	0.6674
			0.0815	-0.4679	-0.88
			-0.9203	0.0724	0.3846
			-0.0911	-0.9867	-0.1349
			0.0755	-0.1348	0.988
		b:
			-312.666
			326.8478
			-227.5574
			-102.5976
			-172.1303
			210.1983
	==================================================================================
	Q2:
		Shape: Polyhedra
		q_c:	201.0	139.0	201.5
		ub :	208.3607	144.7485	206.9063
		lb :	193.6393	133.2515	196.0937
		A:
			0.3039	-0.3162	0.8987
			0.4106	0.4171	-0.8108
			0.5435	0.2631	0.7971
			0.5422	0.5592	-0.6272
			-0.0801	0.838	0.5398
			-0.3809	-0.9203	0.0892
			0.0465	0.6801	0.7317
			0.0591	0.7293	-0.6816
			-0.9972	0.075	-0.0063
			-0.0465	-0.6801	-0.7317
			-0.0591	-0.7293	0.6816
			0.9972	-0.075	0.0063
		b:
			202.0811
			-19.1562
			311.8888
			64.4172
			214.0851
			-182.4409
			256.3167
			-21.5889
			-184.2692
			-246.3167
			26.5889
			198.2692
	==================================================================================
	Q3:
		Shape: Polyhedra
		q_c:	217.0	140.0	215.0
		ub :	224.8941	146.1986	218.4681
		lb :	209.1059	133.8014	211.5319
		A:
			-0.207	0.1882	-0.9601
			0.0005	0.4491	-0.8935
			-0.0937	-0.4837	0.8702
			0.1736	-0.2185	0.9603
			0.093	0.5651	-0.8197
			0.7428	0.6673	-0.0542
			0.5613	0.7351	0.3803
			0.8276	-0.5021	-0.251
			0.0065	0.4556	-0.8902
			-0.5613	-0.7351	-0.3803
			-0.8276	0.5021	0.251
			-0.0065	-0.4556	0.8902
		b:
			-223.8435
			-128.6131
			99.7158
			214.5791
			-76.2733
			246.403
			309.4673
			62.8483
			-125.7076
			-303.4673
			-47.8483
			126.7076
	==================================================================================
	Q4:
		Shape: Ellipse
		q_c:	205.5	147.0	213.5
		ub :	212.4523	154.4032	221.4996
		lb :	198.5477	139.5968	205.5004
		P^-1:
			0.062	-0.024	0.0145
			-0.024	0.0577	-0.035
			0.0145	-0.035	0.0645
	==================================================================================
	Q5:
		Shape: Ellipse
		q_c:	216.5	152.5	213.0
		ub :	218.7887	158.293	215.795
		lb :	214.2113	146.707	210.205
		P^-1:
			0.2497	-0.0084	0.0073
			-0.0084	0.0567	0.0949
			0.0073	0.0949	0.4211
	==================================================================================
	Q6:
		Shape: Hybrid
		q_c:	214.0	145.5	205.0
		ub :	221.3947	153.7683	213.9604
		lb :	206.6053	137.2317	196.0396
		P^-1:
			0.045	0.0102	0.002
			0.0102	0.0488	0.0141
			0.002	0.0141	0.0323
		A:
			-0.2189	-0.9757	-0.0007
			-0.7219	0.2358	0.6507
			-0.232	0.9392	0.253
			0.4322	-0.2969	0.8515
			0.9485	0.029	0.3155
			-0.182	0.5343	0.8255
		b:
			-186.2342
			16.3405
			141.6014
			228.1199
			274.8332
			210.8729


===========================================================================================
===========================================================================================
S6:
	q_c:	415.5	513.5	227.0
	ub :	424.6425	525.124	250.5328
	lb :	392.5883	493.1604	211.4374

	==================================================================================
	Q1:
		Shape: Polyhedra
		q_c:	413.0	517.5	243.0
		ub :	420.512	525.124	250.0068
		lb :	405.488	509.876	235.9932
		A:
			-0.3234	-0.8234	0.4664
			0.9712	-0.1567	-0.1794
			0.0512	-0.143	0.9884
			-0.1944	0.754	-0.6274
			-0.3626	0.5369	0.7618
			-0.0989	-0.9001	0.4243
			0.7071	0.5555	0.4375
			0.3591	-0.8151	0.4546
			0.6091	-0.1644	-0.7758
			-0.7071	-0.5555	-0.4375
			-0.3591	0.8151	-0.4546
			-0.6091	0.1644	0.7758
		b:
			-441.4872
			280.5898
			191.5102
			162.368
			316.7699
			-398.5999
			691.3292
			-158.0249
			-19.0344
			-680.3292
			168.0249
			25.0344
	==================================================================================
	Q2:
		Shape: Ellipse
		q_c:	399.5	513.5	222.5
		ub :	406.4117	520.7589	230.6811
		lb :	392.5883	506.2411	214.3189
		P^-1:
			0.058	0.009	0.0084
			0.009	0.0305	0.0024
			0.0084	0.0024	0.0196
	==================================================================================
	Q3:
		Shape: Polyhedra
		q_c:	412.0	510.5	235.0
		ub :	424.5943	522.6984	242.677
		lb :	399.4057	498.3016	227.323
		A:
			0.302	0.1842	-0.9354
			0.5705	-0.3099	-0.7606
			0.2821	0.6425	0.7125
			-0.0015	0.148	-0.989
			0.7649	0.2778	-0.5812
			0.2753	0.4538	-0.8475
			0.6399	0.7197	0.2693
			0.7257	-0.6813	0.0962
			0.2527	0.1339	-0.9582
			-0.6399	-0.7197	-0.2693
			-0.7257	0.6813	-0.0962
			-0.2527	-0.1339	0.9582
		b:
			3.6321
			-95.4298
			618.5807
			-152.1836
			326.6284
			151.3897
			701.843
			-17.1981
			-47.7328
			-686.843
			35.1981
			57.7328
	==================================================================================
	Q4:
		Shape: Ellipse
		q_c:	415.5	499.0	222.0
		ub :	420.0115	503.9344	227.0653
		lb :	410.9885	494.0656	216.9347
		P^-1:
			0.0637	-0.0046	-0.0061
			-0.0046	0.0938	0.014
			-0.0061	0.014	0.0977
	==================================================================================
	Q5:
		Shape: Hybrid
		q_c:	402.0	501.0	242.0
		ub :	409.3826	508.8396	250.5328
		lb :	394.6174	493.1604	233.4672
		P^-1:
			0.0392	0.0	0.0048
			0.0	0.0451	0.0089
			0.0048	0.0089	0.0288
		A:
			-0.7253	-0.6472	-0.2347
			-0.7638	0.4344	0.4773
			0.8883	0.4139	-0.1989
			0.4599	0.8728	0.1634
			-0.2554	-0.3137	-0.9145
			-0.6197	-0.5583	-0.5516
		b:
			-670.0841
			29.1178
			519.5406
			664.1836
			-477.9859
			-659.9098
	==================================================================================
	Q6:
		Shape: Polyhedra
		q_c:	415.5	505.5	219.0
		ub :	424.6425	513.3339	226.5626
		lb :	406.3575	497.6661	211.4374
		A:
			0.9289	0.3618	-0.0785
			0.0559	0.6437	-0.7633
			-0.6698	0.6801	-0.298
			-0.4457	0.3408	-0.8278
			-0.4349	0.8986	-0.0589
			0.4752	0.6172	0.6271
			0.4242	0.9054	0.0176
			0.7603	-0.3456	-0.55
			-0.4919	0.2467	-0.835
			-0.4242	-0.9054	-0.0176
			-0.7603	0.3456	0.55
			0.4919	-0.2467	0.835
		b:
			557.0855
			186.5171
			5.5914
			-189.1921
			266.0172
			651.8073
			642.7882
			26.7683
			-257.5384
			-632.7882
			-14.7683
			267.5384


===========================================================================================
===========================================================================================
S7:
	q_c:	317.0	38.0	275.5
	ub :	335.549	63.6444	293.8181
	lb :	307.2956	18.6621	251.7171

	==================================================================================
	Q1:
		Shape: Ellipse
		q_c:	315.0	27.5	268.0
		ub :	322.7044	32.0691	275.1575
		lb :	307.2956	22.9309	260.8425
		P^-1:
			0.0782	0.0001	-0.0715
			0.0001	0.0494	-0.0005
			-0.0715	-0.0005	0.0975
	==================================================================================
	Q2:
		Shape: Ellipse
		q_c:	322.5	30.5	263.0
		ub :	331.8051	42.1493	274.2829
		lb :	313.1949	18.8507	251.7171
		P^-1:
			0.0592	-0.005	-0.0306
			-0.005	0.0166	0.0059
			-0.0306	0.0059	0.0375
	==================================================================================
	Q3:
		Shape: Hybrid
		q_c:	329.0	36.5	287.5
		ub :	335.549	43.9559	293.8181
		lb :	322.451	29.0441	281.1819
		P^-1:
			0.1296	0.0709	-0.0805
			0.0709	0.0858	-0.0567
			-0.0805	-0.0567	0.1076
		A:
			-0.4334	0.1101	0.8945
			-0.4254	-0.7765	-0.4649
			0.6838	-0.1844	-0.706
			-0.6921	-0.5648	-0.4495
			0.4713	0.8496	-0.2368
			0.7436	0.0597	-0.666
		b:
			121.2859
			-298.2576
			17.9836
			-374.0253
			120.158
			57.2629
	==================================================================================
	Q4:
		Shape: Hybrid
		q_c:	323.0	51.5	273.0
		ub :	334.9926	63.6444	283.3975
		lb :	311.0074	39.3556	262.6025
		P^-1:
			0.0189	0.0018	-0.0039
			0.0018	0.0094	-0.0009
			-0.0039	-0.0009	0.0201
		A:
			-0.3119	0.3886	0.867
			-0.6098	-0.2901	-0.7376
			0.7913	0.4557	-0.4076
			-0.5035	0.5128	0.6954
			0.1676	-0.1848	0.9684
			0.627	0.7651	-0.1464
		b:
			160.4441
			-408.4124
			171.7083
			58.6195
			313.2804
			207.3225
	==================================================================================
	Q5:
		Shape: Polyhedra
		q_c:	324.0	26.0	284.5
		ub :	332.8201	33.3379	292.946
		lb :	315.1799	18.6621	276.054
		A:
			-0.0631	0.9125	0.4043
			0.5206	-0.7002	0.4886
			-0.0156	0.9999	-0.0033
			-0.5507	0.5173	-0.6551
			-0.1178	0.8422	-0.5262
			-0.7096	-0.5842	-0.394
			0.5758	0.8167	0.0383
			0.6202	-0.4058	-0.6713
			-0.5327	0.4103	-0.7402
			-0.5758	-0.8167	-0.0383
			-0.6202	0.4058	0.6713
			0.5327	-0.4103	0.7402
		b:
			124.1645
			293.8723
			24.4239
			-347.2878
			-162.2602
			-353.9473
			221.7036
			7.4331
			-368.5059
			-215.7036
			8.5669
			376.5059
	==================================================================================
	Q6:
		Shape: Ellipse
		q_c:	324.5	31.5	271.5
		ub :	332.0182	40.7245	280.8251
		lb :	316.9818	22.2755	262.1749
		P^-1:
			0.066	-0.0205	-0.0197
			-0.0205	0.0487	-0.0166
			-0.0197	-0.0166	0.0433


===========================================================================================
===========================================================================================
S8:
	q_c:	32.5	408.5	498.5
	ub :	51.6147	431.5968	518.3873
	lb :	10.1518	388.0188	479.4802

	==================================================================================
	Q1:
		Shape: Polyhedra
		q_c:	33.5	417.5	500.5
		ub :	43.4684	426.5854	509.4981
		lb :	23.5316	408.4146	491.5019
		A:
			0.6986	-0.5044	-0.5075
			0.8413	-0.4103	-0.352
			0.5872	-0.4942	-0.6411
			0.4498	-0.3553	-0.8194
			-0.2626	0.6973	-0.6669
			0.2669	-0.2468	-0.9316
			0.6517	0.2334	0.7216
			-0.7108	-0.144	0.6885
			0.2646	-0.9617	0.072
			-0.6517	-0.2334	-0.7216
			0.7108	0.144	-0.6885
			-0.2646	0.9617	-0.072
		b:
			-435.3125
			-313.4356
			-501.6936
			-537.7081
			-44.6976
			-554.5308
			487.4453
			265.6587
			-349.5924
			-473.4453
			-255.6587
			363.5924
	==================================================================================
	Q2:
		Shape: Ellipse
		q_c:	22.5	409.0	509.0
		ub :	33.2637	416.7434	518.3873
		lb :	11.7363	401.2566	499.6127
		P^-1:
			0.0288	-0.0275	0.001
			-0.0275	0.0673	0.0023
			0.001	0.0023	0.0198
	==================================================================================
	Q3:
		Shape: Hybrid
		q_c:	41.5	397.0	502.5
		ub :	51.6147	405.9812	512.7087
		lb :	31.3853	388.0188	492.2913
		P^-1:
			0.01	-0.0003	-0.0001
			-0.0003	0.0257	0.005
			-0.0001	0.005	0.0159
		A:
			0.4185	0.7997	-0.4306
			-0.6578	0.7315	0.1794
			0.4811	0.7299	0.4856
			-0.6349	-0.253	-0.73
			0.0713	-0.7956	0.6016
			0.4129	0.2911	0.863
		b:
			123.568
			358.1971
			558.0136
			-488.0033
			-5.6236
			571.382
	==================================================================================
	Q4:
		Shape: Polyhedra
		q_c:	39.5	421.0	489.0
		ub :	49.6912	431.5968	498.5198
		lb :	29.3088	410.4032	479.4802
		A:
			-0.7242	0.627	-0.2869
			0.2444	0.8291	-0.5029
			-0.5541	-0.6367	-0.5362
			0.1617	0.323	0.9325
			-0.49	-0.5581	0.6697
			-0.5413	-0.6498	0.5336
			0.3273	0.8246	0.4613
			-0.1209	0.5208	-0.8451
			-0.9371	0.2208	0.2702
			-0.3273	-0.8246	-0.4613
			0.1209	-0.5208	0.8451
			0.9371	-0.2208	-0.2702
		b:
			101.4732
			118.564
			-544.2921
			605.1294
			78.9949
			-27.7819
			593.696
			-194.284
			195.5622
			-577.696
			203.284
			-180.5622
	==================================================================================
	Q5:
		Shape: Ellipse
		q_c:	16.5	416.5	500.0
		ub :	22.8482	423.1645	503.32
		lb :	10.1518	409.8355	496.68
		P^-1:
			0.0552	-0.0116	0.0061
			-0.0116	0.0496	-0.0136
			0.0061	-0.0136	0.1578
	==================================================================================
	Q6:
		Shape: Hybrid
		q_c:	43.5	419.0	502.0
		ub :	50.9183	427.2843	507.5703
		lb :	36.0817	410.7157	496.4297
		P^-1:
			0.0783	0.0426	-0.01
			0.0426	0.0558	0.0143
			-0.01	0.0143	0.0765
		A:
			-0.7265	-0.3753	0.5757
			-0.6123	0.3692	0.6991
			0.1815	0.9582	-0.2212
			0.2688	0.7249	0.6342
			0.4019	-0.3371	-0.8514
			-0.9705	-0.2034	0.1298
		b:
			101.8135
			482.0412
			302.4049
			635.8845
			-548.8017
			-59.7828


===========================================================================================
===========================================================================================
S9:
	q_c:	73.5	490.0	386.0
	ub :	77.4106	494.4672	390.1304
	lb :	70.2193	486.9794	383.0678

	==================================================================================
	Q1:
		Shape: Hybrid
		q_c:	75.5	491.5	385.0
		ub :	77.1729	493.5034	386.9322
		lb :	73.8271	489.4966	383.0678
		P^-1:
			0.876	0.1832	0.1412
			0.1832	0.7293	-0.2087
			0.1412	-0.2087	0.8391
		A:
			0.2622	-0.3844	0.8851
			0.8721	0.4319	-0.2301
			-0.8411	-0.2459	0.4817
			0.0824	0.3667	-0.9267
			0.7091	0.702	-0.0667
			0.7203	0.3174	-0.6168
		b:
			172.1162
			190.07
			1.7499
			-169.7848
			373.4045
			-26.4294
	==================================================================================
	Q2:
		Shape: Hybrid
		q_c:	73.0	489.0	386.0
		ub :	74.7613	491.0206	387.5184
		lb :	71.2387	486.9794	384.4816
		P^-1:
			0.8028	-0.2479	-0.096
			-0.2479	0.6883	-0.1207
			-0.096	-0.1207	0.9533
		A:
			-0.2296	0.8473	0.4789
			0.2531	-0.3518	-0.9012
			-0.2788	0.9425	-0.1842
			-0.0116	0.5049	-0.8631
			0.061	0.3234	0.9443
			0.8398	-0.4838	0.2463
		b:
			583.1672
			-500.8333
			370.0861
			-86.5692
			527.7814
			-79.6546
	==================================================================================
	Q3:
		Shape: Polyhedra
		q_c:	75.0	490.5	387.5
		ub :	77.4106	493.0784	389.7523
		lb :	72.5894	487.9216	385.2477
		A:
			-0.9415	0.0054	-0.3369
			0.2566	-0.2407	-0.9361
			0.8355	-0.0658	0.5455
			0.8313	0.5548	0.0343
			0.2957	0.3692	0.8811
			-0.0335	0.8756	0.4819
			0.3542	0.6722	0.6501
			-0.8382	0.5364	-0.0979
			-0.4146	-0.5103	0.7535
			-0.3542	-0.6722	-0.6501
			0.8382	-0.5364	0.0979
			0.4146	0.5103	-0.7535
		b:
			-196.9922
			-460.0719
			243.2591
			349.2744
			546.1726
			615.1988
			609.7046
			163.8161
			12.0898
			-606.7046
			-160.8161
			-9.0898
	==================================================================================
	Q4:
		Shape: Ellipse
		q_c:	72.0	490.0	388.5
		ub :	73.7807	491.9649	390.1304
		lb :	70.2193	488.0351	386.8696
		P^-1:
			0.4569	0.0294	-0.0769
			0.0294	0.5136	-0.181
			-0.0769	-0.181	0.9184
	==================================================================================
	Q5:
		Shape: Hybrid
		q_c:	74.5	493.0	385.0
		ub :	76.1191	494.4672	386.7105
		lb :	72.8809	491.5328	383.2895
		P^-1:
			1.0	-0.0	0.0
			-0.0	1.0	-0.0
			0.0	-0.0	1.0
		A:
			0.0088	0.1086	-0.994
			0.0006	-0.9389	0.3441
			0.9551	-0.2652	0.132
			-0.0821	0.0761	0.9937
			0.0147	0.0246	-0.9996
			-0.511	0.6524	0.5597
		b:
			-328.0027
			-329.8434
			-8.2701
			414.4731
			-371.1263
			499.5284
	==================================================================================
	Q6:
		Shape: Polyhedra
		q_c:	75.0	491.5	386.0
		ub :	77.1143	493.7888	388.1371
		lb :	72.8857	489.2112	383.8629
		A:
			0.8269	-0.5093	-0.2386
			0.182	-0.603	-0.7767
			-0.047	-0.9228	0.3825
			0.2185	0.2339	0.9474
			-0.338	0.8417	-0.421
			0.7435	0.3308	-0.5812
			0.5493	0.7917	0.2674
			0.3563	-0.5113	0.782
			0.7559	-0.3343	-0.563
			-0.5493	-0.7917	-0.2674
			-0.3563	0.5113	-0.782
			-0.7559	0.3343	0.563
		b:
			-279.282
			-581.3023
			-307.935
			498.4596
			227.3037
			-4.7977
			535.0241
			78.7789
			-323.9204
			-532.0241
			-75.7789
			325.9204


===========================================================================================
===========================================================================================
S10:
	q_c:	481.5	157.5	51.0
	ub :	487.163	163.0451	57.8857
	lb :	477.2979	150.9819	43.1724

	==================================================================================
	Q1:
		Shape: Polyhedra
		q_c:	484.0	154.5	54.5
		ub :	486.7405	158.0181	57.8857
		lb :	481.2595	150.9819	51.1143
		A:
			-0.7764	0.5453	0.316
			-0.0827	-0.8973	0.4336
			0.6221	0.5776	-0.5286
			0.4993	-0.1519	-0.853
			-0.6695	-0.6032	0.4335
			-0.0212	-0.9963	-0.0833
			0.1831	0.8622	0.4722
			0.777	0.1673	-0.6069
			-0.6023	0.4781	-0.6393
			-0.1831	-0.8622	-0.4722
			-0.777	-0.1673	0.6069
			0.6023	-0.4781	0.6393
		b:
			-272.4023
			-152.7824
			362.9157
			173.1798
			-392.1541
			-166.2484
			250.0879
			369.8402
			-249.9948
			-245.0879
			-367.8402
			254.9948
	==================================================================================
	Q2:
		Shape: Ellipse
		q_c:	480.0	158.0	49.0
		ub :	482.7021	160.7918	51.6574
		lb :	477.2979	155.2082	46.3426
		P^-1:
			0.4049	0.0395	0.0675
			0.0395	0.405	-0.0675
			0.0675	-0.0675	0.329
	==================================================================================
	Q3:
		Shape: Polyhedra
		q_c:	483.5	159.0	46.5
		ub :	486.8529	161.6084	49.8276
		lb :	480.1471	156.3916	43.1724
		A:
			-0.553	-0.8142	-0.177
			0.0594	-0.9845	-0.1653
			0.0189	0.3213	0.9468
			-0.7758	-0.3937	0.4931
			-0.0142	-0.153	0.9881
			-0.0606	-0.7946	-0.6041
			0.3623	0.6786	0.6389
			0.8948	-0.0613	-0.4422
			-0.2609	0.7319	-0.6294
			-0.3623	-0.6786	-0.6389
			-0.8948	0.0613	0.4422
			0.2609	-0.7319	0.6294
		b:
			-403.0185
			-133.6643
			106.2973
			-412.4385
			16.6344
			-181.7121
			314.7707
			404.8256
			-37.5393
			-310.7707
			-399.8256
			40.5393
	==================================================================================
	Q4:
		Shape: Hybrid
		q_c:	484.5	161.0	49.5
		ub :	487.1421	163.0451	52.1842
		lb :	481.8579	158.9549	46.8158
		P^-1:
			0.5819	0.058	0.4128
			0.058	0.4317	-0.0275
			0.4128	-0.0275	0.5909
		A:
			-0.6106	0.5479	-0.5717
			0.5225	-0.689	0.5023
			0.4304	-0.0901	-0.8981
			0.5272	0.1149	0.842
			0.598	0.767	0.2326
			-0.7115	-0.2784	-0.6452
		b:
			-235.208
			167.891
			151.4475
			316.2083
			425.578
			-420.9422
	==================================================================================
	Q5:
		Shape: Ellipse
		q_c:	485.0	159.0	49.0
		ub :	487.163	161.8619	51.8929
		lb :	482.837	156.1381	46.1071
		P^-1:
			0.4442	0.0054	-0.0044
			0.0054	0.3282	0.0952
			-0.0044	0.0952	0.3665
	==================================================================================
	Q6:
		Shape: Ellipse
		q_c:	482.5	155.5	54.0
		ub :	485.507	158.489	56.2524
		lb :	479.493	152.511	51.7476
		P^-1:
			0.25	-0.0	-0.0
			-0.0	0.25	-0.0
			-0.0	-0.0	0.25


===========================================================================================
===========================================================================================
S11:
	q_c:	210.0	83.0	218.0
	ub :	231.9363	110.5689	230.4671
	lb :	188.1658	58.3853	198.1727

	==================================================================================
	Q1:
		Shape: Ellipse
		q_c:	221.0	80.0	207.5
		ub :	231.9363	90.8414	213.3319
		lb :	210.0637	69.1586	201.6681
		P^-1:
			0.0367	-0.0159	-0.0449
			-0.0159	0.0248	0.02
			-0.0449	0.02	0.1387
	==================================================================================
	Q2:
		Shape: Polyhedra
		q_c:	198.5	70.5	207.5
		ub :	206.1238	80.2769	216.8273
		lb :	190.8762	60.7231	198.1727
		A:
			-0.9352	-0.2976	0.1918
			-0.2572	0.9346	-0.2458
			-0.7659	0.6424	0.0253
			0.2447	-0.5163	-0.8207
			0.8179	-0.2128	-0.5345
			-0.4127	0.6132	-0.6735
			0.0051	0.4773	0.8787
			0.5358	0.7406	-0.4054
			-0.8443	0.4729	-0.252
			-0.0051	-0.4773	-0.8787
			-0.5358	-0.7406	0.4054
			0.8443	-0.4729	0.252
		b:
			-161.3266
			-30.6153
			-95.8883
			-151.6766
			42.2824
			-172.8602
			223.4943
			79.958
			-181.0428
			-210.4943
			-68.958
			192.0428
	==================================================================================
	Q3:
		Shape: Polyhedra
		q_c:	207.0	75.5	220.5
		ub :	212.9001	82.3768	227.0215
		lb :	201.0999	68.6232	213.9785
		A:
			-0.5581	-0.5576	0.6145
			-0.3568	-0.1873	0.9152
			-0.1123	-0.847	0.5196
			0.1803	-0.8634	0.4712
			0.3532	0.926	-0.1331
			-0.6168	-0.4331	0.6573
			0.0035	0.7706	0.6373
			0.1931	0.6248	-0.7565
			-0.9812	0.1257	-0.1466
			-0.0035	-0.7706	-0.6373
			-0.1931	-0.6248	0.7565
			0.9812	-0.1257	0.1466
		b:
			-18.9825
			117.3776
			30.4589
			79.6732
			118.0639
			-12.0733
			205.4349
			-77.1728
			-220.4369
			-193.4349
			82.1728
			231.4369
	==================================================================================
	Q4:
		Shape: Polyhedra
		q_c:	209.5	68.0	214.5
		ub :	218.9013	77.6147	222.0936
		lb :	200.0987	58.3853	206.9064
		A:
			0.4392	0.2625	0.8592
			0.4767	-0.6066	0.6363
			0.8922	-0.016	0.4514
			0.3811	0.4084	0.8295
			-0.8085	-0.4623	-0.3641
			0.0865	-0.3478	-0.9336
			0.8214	0.5701	0.0146
			0.3261	-0.4905	0.8081
			0.4679	-0.659	-0.5888
			-0.8214	-0.5701	-0.0146
			-0.3261	0.4905	-0.8081
			-0.4679	0.659	0.5888
		b:
			300.006
			201.0227
			288.8887
			291.2378
			-272.5115
			-200.7189
			220.4959
			214.2956
			-68.5972
			-207.4959
			-202.2956
			77.5972
	==================================================================================
	Q5:
		Shape: Polyhedra
		q_c:	199.5	95.0	215.5
		ub :	209.9752	102.7863	222.6936
		lb :	189.0248	87.2137	208.3064
		A:
			-0.5587	0.4093	0.7213
			-0.4383	-0.7501	0.4951
			-0.5582	0.7138	0.423
			-0.8397	0.3992	0.3681
			0.3944	-0.1664	-0.9037
			-0.3177	0.7407	-0.5919
			0.8538	0.303	0.4233
			0.2424	-0.951	0.1917
			0.4607	-0.0611	-0.8855
			-0.8538	-0.303	-0.4233
			-0.2424	0.951	-0.1917
			-0.4607	0.0611	0.8855
		b:
			85.8963
			-46.6818
			51.7247
			-45.0369
			-129.2143
			-115.2118
			299.8422
			4.3341
			-102.2209
			-280.8422
			5.6659
			107.2209
	==================================================================================
	Q6:
		Shape: Hybrid
		q_c:	195.5	100.0	222.0
		ub :	202.8342	110.5689	230.4671
		lb :	188.1658	89.4311	213.5329
		P^-1:
			0.0784	0.0158	0.0555
			0.0158	0.0314	0.0391
			0.0555	0.0391	0.1025
		A:
			0.9956	-0.0915	0.0188
			0.8163	-0.1836	0.5477
			0.6888	-0.0225	0.7246
			0.9373	0.227	0.2644
			-0.4972	-0.4489	-0.7424
			-0.6006	-0.2087	-0.7718
		b:
			192.8995
			265.506
			295.3938
			267.457
			-305.4334
			-308.2822


===========================================================================================
===========================================================================================
S12:
	q_c:	215.0	422.0	255.0
	ub :	225.5082	431.2965	267.0519
	lb :	199.2893	407.9162	239.8503

	==================================================================================
	Q1:
		Shape: Polyhedra
		q_c:	214.0	417.5	260.0
		ub :	219.7818	423.8105	264.5089
		lb :	208.2182	411.1895	255.4911
		A:
			0.4703	0.4185	-0.7769
			0.5457	-0.535	-0.645
			-0.299	-0.0526	0.9528
			0.7184	0.4313	-0.5458
			-0.156	0.6417	-0.7509
			-0.0306	-0.9993	0.0217
			0.4506	0.6983	0.5562
			0.8469	-0.5314	-0.0189
			0.2824	0.4796	-0.8308
			-0.4506	-0.6983	-0.5562
			-0.8469	0.5314	0.0189
			-0.2824	-0.4796	0.8308
		b:
			75.4701
			-270.5886
			164.4891
			194.6075
			41.6774
			-414.0635
			537.5756
			-42.0352
			46.6324
			-527.5756
			49.0352
			-42.6324
	==================================================================================
	Q2:
		Shape: Polyhedra
		q_c:	220.5	427.0	261.5
		ub :	225.5082	431.2209	267.0519
		lb :	215.4918	422.7791	255.9481
		A:
			0.3869	0.823	-0.4159
			0.9564	0.2737	0.1017
			0.8579	-0.0001	0.5138
			-0.6458	-0.5009	-0.5762
			-0.8533	-0.3449	-0.3911
			0.2656	-0.461	0.8467
			0.62	0.783	0.0496
			0.577	-0.4978	0.6475
			0.5317	-0.3729	-0.7605
			-0.62	-0.783	-0.0496
			-0.577	0.4978	-0.6475
			-0.5317	0.3729	0.7605
		b:
			329.937
			356.7356
			325.3889
			-504.7558
			-436.0101
			85.7672
			485.5231
			85.9646
			-235.3383
			-482.5231
			-81.9646
			246.3383
	==================================================================================
	Q3:
		Shape: Polyhedra
		q_c:	212.5	414.5	255.5
		ub :	220.8478	421.0838	262.2103
		lb :	204.1522	407.9162	248.7897
		A:
			-0.3653	-0.9271	-0.0845
			0.1644	0.6988	-0.6962
			0.4519	-0.7239	0.5212
			0.1481	0.7024	-0.6962
			-0.097	0.7801	-0.6181
			-0.1899	-0.8461	0.498
			0.4675	0.6302	0.62
			-0.0216	0.7093	-0.7046
			-0.8837	0.316	0.3451
			-0.4675	-0.6302	-0.62
			0.0216	-0.7093	0.7046
			0.8837	-0.316	-0.3451
		b:
			-478.9422
			148.6125
			-67.6192
			146.5377
			146.5473
			-261.5414
			524.4413
			110.8716
			37.8777
			-513.4413
			-107.8716
			-24.8777
	==================================================================================
	Q4:
		Shape: Polyhedra
		q_c:	212.0	425.0	247.5
		ub :	219.7899	431.2965	254.8996
		lb :	204.2101	418.7035	240.1004
		A:
			-0.2654	-0.0999	-0.959
			-0.341	-0.4037	-0.849
			-0.0077	0.8348	-0.5505
			0.4972	0.7801	-0.3797
			0.1999	-0.8758	0.4394
			-0.1979	-0.9764	-0.0871
			0.4629	0.8596	0.2166
			0.6025	-0.1259	-0.7881
			-0.6502	0.4953	-0.5762
			-0.4629	-0.8596	-0.2166
			-0.6025	0.1259	0.7881
			0.6502	-0.4953	0.5762
		b:
			-331.456
			-449.5796
			221.2951
			347.2867
			-216.7271
			-474.4043
			521.0435
			-115.8209
			-65.4538
			-513.0435
			125.8209
			74.4538
	==================================================================================
	Q5:
		Shape: Polyhedra
		q_c:	207.0	419.5	246.5
		ub :	214.7107	425.0888	253.1497
		lb :	199.2893	413.9112	239.8503
		A:
			0.317	0.7478	0.5833
			0.0711	0.4366	0.8968
			-0.3564	-0.6018	-0.7147
			-0.3391	-0.249	-0.9072
			0.4595	0.6931	0.5555
			0.3993	0.5111	0.7611
			0.2775	0.7303	0.6242
			0.7455	0.2461	-0.6194
			-0.606	0.6372	-0.4761
			-0.2775	-0.7303	-0.6242
			-0.7455	-0.2461	0.6194
			0.606	-0.6372	0.4761
		b:
			524.1725
			421.5274
			-501.0316
			-395.1995
			524.235
			486.5203
			518.6772
			110.3867
			30.0078
			-516.6772
			-99.3867
			-19.0078
	==================================================================================
	Q6:
		Shape: Hybrid
		q_c:	215.5	425.0	253.0
		ub :	217.6712	428.9531	256.9671
		lb :	213.3288	421.0469	249.0329
		P^-1:
			0.2499	-0.0024	-0.0023
			-0.0024	0.1626	-0.0841
			-0.0023	-0.0841	0.1691
		A:
			0.2119	0.0924	-0.9729
			0.4977	0.2961	0.8152
			-0.4291	0.7105	-0.5577
			0.9214	0.2291	0.3139
			0.7201	-0.2261	-0.656
			0.3627	0.1848	0.9134
		b:
			-159.5583
			441.3861
			69.4453
			376.647
			-105.2208
			389.7758


===========================================================================================
===========================================================================================
S13:
	q_c:	119.5	147.0	107.0
	ub :	125.9476	154.2339	115.6162
	lb :	115.6679	138.7136	101.7056

	==================================================================================
	Q1:
		Shape: Polyhedra
		q_c:	121.5	143.5	106.5
		ub :	125.8674	148.09	110.491
		lb :	117.1326	138.91	102.509
		A:
			0.2215	-0.4562	0.8619
			0.6967	0.7092	-0.1078
			-0.763	-0.6398	0.0919
			0.2538	-0.9646	0.0714
			-0.9615	-0.1625	-0.2218
			0.6458	0.6549	-0.3926
			0.453	0.6764	0.5807
			0.7898	-0.6067	0.0905
			0.4135	0.4176	-0.8091
			-0.453	-0.6764	-0.5807
			-0.7898	0.6067	-0.0905
			-0.4135	-0.4176	0.8091
		b:
			55.778
			177.7176
			-171.9608
			-97.3565
			-161.0227
			133.2612
			216.9548
			21.0395
			26.5084
			-210.9548
			-16.0395
			-21.5084
	==================================================================================
	Q2:
		Shape: Polyhedra
		q_c:	120.5	141.5	104.5
		ub :	122.6287	144.2864	107.0371
		lb :	118.3713	138.7136	101.9629
