3D_40_5_6_e                l = 3

===========================================================================================
===========================================================================================
S1:
	q_c:    398.0000    32.5000    55.0000
	ub :    428.0000    53.0000    72.0000
	lb :    368.0000    12.0000    38.0000

	==================================================================================
	Q1:
		Shape: Polyhedra
		q_c:    400.5000    50.5000    40.5000
		ub :    411.2741    61.5865    53.0239
		lb :    389.7259    39.4135    27.9761
		A:
			    0.6704    -0.1432    0.7280
			    -0.7120    -0.6106    0.3468
			    -0.5345    -0.8289    0.1650
			    -0.9079    -0.1855    -0.3759
			    0.9960    -0.0606    0.0660
			    0.6369    -0.6442    -0.4235
			    0.8110    0.5546    0.1860
			    0.4572    -0.7993    0.3899
			    0.3649    -0.2311    -0.9019
			    -0.8110    -0.5546    -0.1860
			    -0.4572    0.7993    -0.3899
			    -0.3649    0.2311    0.9019
		b:
			    297.9733
			    -295.8452
			    -243.5854
			    -382.9256
			    404.7964
			    214.2611
			    364.8633
			    166.5427
			    107.4450
			    -355.8633
			    -150.5427
			    -88.4450
	==================================================================================
	Q2:
		Shape: Polyhedra
		q_c:    400.5000    43.5000    47.5000
		ub :    412.4980    56.0902    61.0310
		lb :    388.5020    30.9098    33.9690
		A:
			    -0.8004    -0.2418    -0.5486
			    -0.2476    -0.3660    0.8971
			    -0.5137    0.1101    -0.8509
			    0.2723    -0.9485    0.1617
			    -0.4390    0.4965    0.7488
			    0.5138    0.2768    0.8120
			    0.8235    0.1068    0.5572
			    0.0784    0.9513    -0.2982
			    -0.5619    0.2893    0.7750
			    -0.8235    -0.1068    -0.5572
			    -0.0784    -0.9513    0.2982
			    0.5619    -0.2893    -0.7750
		b:
			    -348.5977
			    -63.8156
			    -232.8162
			    85.2151
			    -110.9928
			    264.7303
			    369.4103
			    68.6178
			    -168.1600
			    -352.4103
			    -48.6178
			    183.1600
	==================================================================================
	Q3:
		Shape: Ellipse
		q_c:    407.5000    37.5000    69.0000
		ub :    415.8958    45.3218    76.4342
		lb :    399.1042    29.6782    61.5658
		P^-1: 
			    0.0233    0.0054    -0.0045
			    0.0054    0.0563    0.0221
			    -0.0045    0.0221    0.0624
	==================================================================================
	Q4:
		Shape: Hybrid
		q_c:    408.0000    14.5000    63.0000
		ub :    415.9281    25.8928    73.9007
		lb :    400.0719    3.1072    52.0993
		P^-1: 
			    0.0396    -0.0026    -0.0023
			    -0.0026    0.0247    -0.0135
			    -0.0023    -0.0135    0.0281
		A:
			    0.2888    -0.7689    0.5705
			    -0.4223    -0.6454    -0.6364
			    0.8542    -0.2968    -0.4269
			    0.9486    0.2427    -0.2033
			    -0.7622    -0.3281    0.5580
			    -0.6622    -0.0045    -0.7493
		b:
			    145.2448
			    -215.5633
			    320.6280
			    380.3706
			    -278.0692
			    -313.3439
	==================================================================================
	Q5:
		Shape: Ellipse
		q_c:    406.0000    37.5000    49.5000
		ub :    415.5910    46.2004    59.3037
		lb :    396.4090    28.7996    39.6963
		P^-1: 
			    0.0436    -0.0150    -0.0151
			    -0.0150    0.0269    0.0099
			    -0.0151    0.0099    0.0302
	==================================================================================
	Q6:
		Shape: Polyhedra
		q_c:    392.0000    13.0000    42.5000
		ub :    401.7972    27.1193    56.6628
		lb :    382.2028    -1.1193    28.3372
		A:
			    0.2621    0.9624    -0.0715
			    -0.0809    0.6585    0.7482
			    0.4988    -0.8064    -0.3177
			    0.2843    -0.1716    0.9432
			    0.5684    0.0797    -0.8189
			    -0.3890    0.0337    -0.9206
			    0.5945    0.5512    0.5854
			    -0.0025    -0.7268    0.6868
			    0.8041    -0.4098    -0.4307
			    -0.5945    -0.5512    -0.5854
			    0.0025    0.7268    -0.6868
			    -0.8041    0.4098    0.4307
		b:
			    121.4500
			    16.3171
			    178.1821
			    158.5837
			    196.3862
			    -181.9756
			    274.1030
			    28.2494
			    297.0615
			    -256.1030
			    -9.2494
			    -286.0615


===========================================================================================
===========================================================================================
S2:
	q_c:    20.5000    194.0000    267.5000
	ub :    27.0000    214.0000    292.0000
	lb :    14.0000    174.0000    243.0000

	==================================================================================
	Q1:
		Shape: Hybrid
		q_c:    21.5000    193.0000    270.0000
		ub :    24.7909    197.1733    274.0044
		lb :    18.2091    188.8267    265.9956
		P^-1: 
			    0.1747    0.0162    0.0295
			    0.0162    0.1520    0.0581
			    0.0295    0.0581    0.1944
		A:
			    0.8197    0.0458    -0.5710
			    -0.4263    0.5556    -0.7138
			    -0.3911    0.4434    0.8065
			    -0.1736    0.2321    0.9571
			    -0.6738    -0.0888    0.7335
			    0.2164    -0.9720    -0.0911
		b:
			    -126.1064
			    -92.8727
			    296.2177
			    300.7852
			    168.0759
			    -205.8873
	==================================================================================
	Q2:
		Shape: Ellipse
		q_c:    19.5000    188.0000    268.5000
		ub :    23.3702    191.8721    272.3061
		lb :    15.6298    184.1279    264.6939
		P^-1: 
			    0.1753    0.0459    0.0519
			    0.0459    0.2219    -0.0318
			    0.0519    -0.0318    0.2140
	==================================================================================
	Q3:
		Shape: Polyhedra
		q_c:    17.0000    196.0000    271.5000
		ub :    20.6596    199.9387    274.3106
		lb :    13.3404    192.0613    268.6894
		A:
			    0.3936    -0.1416    0.9083
			    0.6385    -0.3767    0.6712
			    0.9875    0.0067    -0.1573
			    0.6856    -0.2078    0.6977
			    0.0140    0.0105    -0.9998
			    -0.0513    -0.1807    -0.9822
			    0.4904    0.8381    0.2389
			    0.7478    -0.2640    -0.6091
			    -0.4475    0.4774    -0.7562
			    -0.4904    -0.8381    -0.2389
			    -0.7478    0.2640    0.6091
			    0.4475    -0.4774    0.7562
		b:
			    227.0030
			    120.4197
			    -22.2830
			    161.8707
			    -267.5225
			    -300.9479
			    240.9657
			    -202.4067
			    -118.3532
			    -233.9657
			    206.4067
			    120.3532
	==================================================================================
	Q4:
		Shape: Polyhedra
		q_c:    24.5000    200.5000    273.5000
		ub :    28.2311    204.0835    276.4670
		lb :    20.7689    196.9165    270.5330
		A:
			    -0.2355    0.5454    0.8044
			    0.1312    0.7306    -0.6701
			    0.7513    -0.1926    -0.6312
			    -0.2878    -0.0663    0.9554
			    -0.8979    -0.2275    0.3768
			    0.0229    0.1105    0.9936
			    0.2359    0.7264    0.6455
			    0.4281    0.5186    -0.7401
			    -0.8724    0.4509    -0.1886
			    -0.2359    -0.7264    -0.6455
			    -0.4281    -0.5186    0.7401
			    0.8724    -0.4509    0.1886
		b:
			    325.6275
			    -31.8321
			    -190.5832
			    242.5894
			    37.6282
			    296.3016
			    329.9693
			    -86.4477
			    20.4383
			    -325.9693
			    89.4477
			    -14.4383
	==================================================================================
	Q5:
		Shape: Ellipse
		q_c:    18.0000    190.5000    263.0000
		ub :    21.2761    194.4887    266.5624
		lb :    14.7239    186.5113    259.4376
		P^-1: 
			    0.1600    0.0000    -0.0000
			    0.0000    0.1600    0.0000
			    -0.0000    0.0000    0.1600
	==================================================================================
	Q6:
		Shape: Polyhedra
		q_c:    24.0000    192.0000    267.0000
		ub :    26.8096    196.0891    270.8121
		lb :    21.1904    187.9109    263.1879
		A:
			    0.5730    -0.0035    -0.8196
			    0.9298    0.3553    0.0959
			    -0.5406    -0.0240    -0.8409
			    0.3013    0.4467    -0.8424
			    0.0859    0.9520    0.2938
			    -0.7762    0.1729    -0.6063
			    0.0666    0.8194    0.5694
			    -0.0421    0.5724    -0.8189
			    -0.9969    0.0306    0.0726
			    -0.0666    -0.8194    -0.5694
			    0.0421    -0.5724    0.8189
			    0.9969    -0.0306    -0.0726
		b:
			    -203.2162
			    118.8229
			    -239.4783
			    -129.8378
			    266.6798
			    -144.9187
			    314.4412
			    -107.7396
			    3.8377
			    -307.4412
			    111.7396
			    1.1623


===========================================================================================
===========================================================================================
S3:
	q_c:    243.5000    48.5000    155.0000
	ub :    271.0000    69.0000    176.0000
	lb :    216.0000    28.0000    134.0000

	==================================================================================
	Q1:
		Shape: Hybrid
		q_c:    238.5000    44.0000    151.5000
		ub :    252.5637    56.6947    164.2762
		lb :    224.4363    31.3053    138.7238
		P^-1: 
			    0.0080    0.0020    0.0003
			    0.0020    0.0182    0.0037
			    0.0003    0.0037    0.0129
		A:
			    -0.6349    -0.7606    0.1359
			    0.4265    0.4135    0.8044
			    -0.4476    -0.3532    -0.8216
			    0.1644    0.9742    -0.1549
			    -0.2109    0.8529    -0.4776
			    -0.5523    0.7442    0.3757
		b:
			    -158.9950
			    246.7344
			    -241.5686
			    63.0575
			    -79.2403
			    -36.2805
	==================================================================================
	Q2:
		Shape: Polyhedra
		q_c:    243.0000    69.0000    172.0000
		ub :    258.5695    83.8978    184.7028
		lb :    227.4305    54.1022    159.2972
		A:
			    -0.4894    -0.8719    -0.0161
			    -0.9981    -0.0360    -0.0498
			    0.2212    -0.7451    0.6292
			    0.8078    -0.1088    -0.5793
			    -0.5013    0.6800    -0.5351
			    -0.9779    0.1347    -0.1599
			    0.5906    0.7779    0.2146
			    0.7574    -0.6262    0.1853
			    0.2785    0.0531    -0.9590
			    -0.5906    -0.7779    -0.2146
			    -0.7574    0.6262    -0.1853
			    -0.2785    -0.0531    0.9590
		b:
			    -169.5433
			    -243.7343
			    119.1987
			    98.0142
			    -159.0697
			    -246.7668
			    246.6108
			    180.1978
			    -84.6035
			    -221.6108
			    -165.1978
			    102.6035
	==================================================================================
	Q3:
		Shape: Polyhedra
		q_c:    255.0000    48.5000    146.0000
		ub :    261.1098    57.5127    153.2208
		lb :    248.8902    39.4873    138.7792
		A:
			    0.0769    -0.6937    -0.7161
			    -0.3777    0.6375    0.6715
			    -0.9833    -0.1601    -0.0863
			    0.2235    -0.5988    -0.7691
			    -0.0500    0.4115    0.9101
			    -0.4386    -0.6154    -0.6549
			    0.0156    0.5973    0.8019
			    0.0087    0.8019    -0.5974
			    -0.9998    0.0163    0.0073
			    -0.0156    -0.5973    -0.8019
			    -0.0087    -0.8019    0.5974
			    0.9998    -0.0163    -0.0073
		b:
			    -116.5500
			    35.5854
			    -265.1611
			    -82.2947
			    142.6916
			    -234.2420
			    151.5257
			    -36.1049
			    -247.1005
			    -148.5257
			    56.1049
			    259.1005
	==================================================================================
	Q4:
		Shape: Polyhedra
		q_c:    244.5000    37.0000    143.5000
		ub :    255.2788    48.0952    155.6732
		lb :    233.7212    25.9048    131.3268
		A:
			    0.4962    0.7162    -0.4907
			    -0.5358    0.3092    0.7857
			    -0.6358    0.7224    0.2719
			    0.1831    -0.1918    -0.9642
			    -0.5490    -0.7194    -0.4254
			    0.5757    0.8172    -0.0269
			    0.2899    0.8007    0.5242
			    0.5021    -0.5936    0.6289
			    0.8147    0.0809    -0.5742
			    -0.2899    -0.8007    -0.5242
			    -0.5021    0.5936    -0.6289
			    -0.8147    -0.0809    0.5742
		b:
			    84.0460
			    -0.9002
			    -82.6722
			    -94.0700
			    -214.9749
			    173.7924
			    182.7453
			    199.5547
			    125.3048
			    -168.7453
			    -182.5547
			    -114.3048
	==================================================================================
	Q5:
		Shape: Ellipse
		q_c:    233.0000    39.5000    162.0000
		ub :    247.2552    51.0780    176.7606
		lb :    218.7448    27.9220    147.2394
		P^-1: 
			    0.0121    0.0014    -0.0013
			    0.0014    0.0187    -0.0030
			    -0.0013    -0.0030    0.0130
	==================================================================================
	Q6:
		Shape: Polyhedra
		q_c:    230.5000    58.5000    169.5000
		ub :    239.3528    71.6531    181.3459
		lb :    221.6472    45.3469    157.6541
		A:
			    0.6028    0.0140    0.7977
			    0.6149    0.7077    0.3479
			    -0.5188    -0.7561    -0.3990
			    -0.6570    -0.1777    0.7327
			    -0.6247    -0.5659    -0.5381
			    0.3620    -0.3935    -0.8450
			    0.2604    0.2911    0.9206
			    -0.1376    0.9549    -0.2630
			    -0.9557    -0.0582    0.2887
			    -0.2604    -0.2911    -0.9206
			    0.1376    -0.9549    0.2630
			    0.9557    0.0582    -0.2887
		b:
			    283.0125
			    250.3948
			    -222.7819
			    -31.0091
			    -260.4242
			    -75.3560
			    241.0801
			    -9.4461
			    -169.2524
			    -225.0801
			    31.4461
			    180.2524


===========================================================================================
===========================================================================================
S4:
	q_c:    449.0000    250.0000    55.5000
	ub :    463.0000    279.0000    69.0000
	lb :    435.0000    221.0000    42.0000

	==================================================================================
	Q1:
		Shape: Ellipse
		q_c:    441.0000    254.5000    43.0000
		ub :    449.2170    265.0214    51.1350
		lb :    432.7830    243.9786    34.8650
		P^-1: 
			    0.2125    0.0151    -0.2028
			    0.0151    0.0328    -0.0465
			    -0.2028    -0.0465    0.2585
	==================================================================================
	Q2:
		Shape: Polyhedra
		q_c:    452.5000    257.5000    70.0000
		ub :    461.2270    265.8634    76.7802
		lb :    443.7730    249.1366    63.2198
		A:
			    -0.9589    0.0070    -0.2837
			    0.1598    0.5024    -0.8497
			    -0.7926    -0.5798    0.1884
			    0.4129    0.8855    -0.2132
			    -0.9088    -0.2721    0.3162
			    -0.3181    0.8256    -0.4660
			    0.4865    0.8227    0.2942
			    0.1777    0.2365    -0.9552
			    -0.8554    0.5170    -0.0312
			    -0.4865    -0.8227    -0.2942
			    -0.1777    -0.2365    0.9552
			    0.8554    -0.5170    0.0312
		b:
			    -445.9725
			    147.6848
			    -489.7507
			    404.7279
			    -453.5629
			    41.9325
			    457.0670
			    79.9651
			    -249.6260
			    -448.0670
			    -68.9651
			    262.6260
	==================================================================================
	Q3:
		Shape: Ellipse
		q_c:    460.0000    244.5000    62.5000
		ub :    469.1237    254.7032    71.1951
		lb :    450.8763    234.2968    53.8049
		P^-1: 
			    0.0324    -0.0020    0.0049
			    -0.0020    0.0282    0.0080
			    0.0049    0.0080    0.0329
	==================================================================================
	Q4:
		Shape: Polyhedra
		q_c:    440.0000    254.5000    69.0000
		ub :    447.8552    264.4179    79.3753
		lb :    432.1448    244.5821    58.6247
		A:
			    -0.1920    0.8246    0.5321
			    -0.1552    0.7695    0.6195
			    0.8302    -0.5034    -0.2395
			    -0.7678    0.5106    -0.3871
			    -0.2095    0.9777    0.0146
			    0.8892    -0.1695    0.4249
			    0.5386    0.6919    0.4808
			    0.1705    0.4694    -0.8664
			    -0.8251    0.5486    0.1349
			    -0.5386    -0.6919    -0.4808
			    -0.1705    -0.4694    0.8664
			    0.8251    -0.5486    -0.1349
		b:
			    166.9524
			    175.2810
			    225.2380
			    -229.0249
			    163.1959
			    382.5690
			    451.2562
			    143.1852
			    -209.6180
			    -441.2562
			    -126.1852
			    218.6180
	==================================================================================
	Q5:
		Shape: Hybrid
		q_c:    445.5000    234.0000    49.0000
		ub :    453.6238    240.6670    55.9846
		lb :    437.3762    227.3330    42.0154
		P^-1: 
			    0.0457    0.0019    0.0232
			    0.0019    0.0518    0.0115
			    0.0232    0.0115    0.0613
		A:
			    0.8962    -0.0575    -0.4400
			    -0.0771    -0.6301    -0.7727
			    0.0865    0.9343    0.3458
			    -0.2123    0.6620    -0.7188
			    0.0200    -0.2928    -0.9560
			    -0.7577    0.1024    -0.6445
		b:
			    368.3195
			    -217.4538
			    276.4972
			    27.9915
			    -103.8130
			    -343.1018
	==================================================================================
	Q6:
		Shape: Hybrid
		q_c:    449.5000    258.5000    64.0000
		ub :    456.7119    263.5988    70.2212
		lb :    442.2881    253.4012    57.7788
		P^-1: 
			    0.0507    -0.0106    -0.0208
			    -0.0106    0.0780    -0.0072
			    -0.0208    -0.0072    0.0676
		A:
			    -0.3260    0.8948    -0.3049
			    -0.2186    -0.9112    0.3493
			    -0.4423    0.8829    -0.1575
			    0.8886    -0.3843    -0.2505
			    -0.2134    0.9593    0.1850
			    0.2882    0.7931    -0.5365
		b:
			    67.0784
			    -309.5474
			    21.1980
			    286.3021
			    165.7277
			    302.0680


===========================================================================================
===========================================================================================
S5:
	q_c:    340.0000    17.0000    77.0000
	ub :    345.0000    32.0000    88.0000
	lb :    335.0000    2.0000    66.0000

	==================================================================================
	Q1:
		Shape: Ellipse
		q_c:    343.0000    18.5000    81.0000
		ub :    345.0733    20.9829    84.1598
		lb :    340.9267    16.0171    77.8402
		P^-1: 
			    0.4312    -0.0474    -0.0146
			    -0.0474    0.2621    0.0104
			    -0.0146    0.0104    0.1122
	==================================================================================
	Q2:
		Shape: Hybrid
		q_c:    340.0000    14.5000    75.5000
		ub :    342.1038    16.2126    77.3409
		lb :    337.8962    12.7874    73.6591
		P^-1: 
			    1.4985    -1.7625    -0.0635
			    -1.7625    2.7566    0.0309
			    -0.0635    0.0309    0.4393
		A:
			    0.6660    -0.7201    0.1949
			    0.6494    -0.6813    0.3377
			    0.6336    -0.7710    0.0648
			    -0.8162    -0.4121    0.4049
			    0.4437    -0.7848    -0.4327
			    -0.7341    0.6779    -0.0399
		b:
			    231.0949
			    236.9438
			    209.4131
			    -251.3225
			    107.3884
			    -242.3704
	==================================================================================
	Q3:
		Shape: Hybrid
		q_c:    341.0000    13.5000    81.5000
		ub :    345.0609    16.3234    85.5821
		lb :    336.9391    10.6766    77.4179
		P^-1: 
			    0.1419    -0.0001    -0.0236
			    -0.0001    0.1600    -0.0002
			    -0.0236    -0.0002    0.1292
		A:
			    -0.0920    0.8854    0.4557
			    -0.7667    -0.5779    0.2795
			    0.0047    -0.9947    -0.1026
			    -0.8331    -0.5392    -0.1235
			    0.4466    -0.3947    -0.8029
			    -0.1364    0.9058    0.4011
		b:
			    19.0184
			    -245.2001
			    -18.9304
			    -299.9724
			    82.8574
			    -0.3283
	==================================================================================
	Q4:
		Shape: Ellipse
		q_c:    341.0000    21.0000    81.0000
		ub :    344.2168    23.2239    82.4518
		lb :    337.7832    18.7761    79.5482
		P^-1: 
			    0.2636    0.3194    0.1015
			    0.3194    0.8615    -0.0440
			    0.1015    -0.0440    0.9860
	==================================================================================
	Q5:
		Shape: Ellipse
		q_c:    344.0000    19.5000    78.5000
		ub :    346.3035    21.3450    80.7967
		lb :    341.6965    17.6550    76.2033
		P^-1: 
			    0.6239    0.2217    0.1354
			    0.2217    0.7185    0.1673
			    0.1354    0.1673    0.5466
	==================================================================================
	Q6:
		Shape: Polyhedra
		q_c:    342.0000    21.5000    76.5000
		ub :    344.1551    24.1364    79.1413
		lb :    339.8449    18.8636    73.8587
		A:
			    0.5204    -0.8454    0.1201
			    0.1953    0.5521    0.8106
			    -0.2085    -0.7642    -0.6104
			    0.9094    0.3986    0.1192
			    -0.6845    -0.4662    0.5605
			    0.7899    -0.3229    -0.5214
			    0.2330    0.5007    0.8337
			    0.1682    0.8236    -0.5416
			    -0.9578    0.2665    0.1077
			    -0.2330    -0.5007    -0.8337
			    -0.1682    -0.8236    0.5416
			    0.9578    -0.2665    -0.1077
		b:
			    170.5069
			    142.6800
			    -132.4660
			    330.3363
			    -199.7388
			    224.8972
			    156.2298
			    35.3144
			    -312.1053
			    -152.2298
			    -32.3144
			    315.1053


===========================================================================================
===========================================================================================
