3D_40_14_6_c                l = 3

===========================================================================================
===========================================================================================
S1:
	q_c:	355.5	385.0	178.5
	ub :	373.3141	409.3807	200.7389
	lb :	335.5291	364.0987	152.7294

	==================================================================================
	Q1:
		Shape: Hybrid
		q_c:	358.0	397.5	188.5
		ub :	367.9584	409.3807	200.7389
		lb :	348.0416	385.6193	176.2611
		P^-1:
			0.0257	-0.0052	0.0038
			-0.0052	0.0202	-0.0068
			0.0038	-0.0068	0.0214
		A:
			0.8326	0.5534	0.0211
			0.4925	-0.2061	0.8455
			0.9352	-0.2494	0.2512
			-0.6561	0.7391	-0.1525
			-0.377	-0.1634	0.9117
			-0.9221	-0.3202	-0.2172
		b:
			526.6915
			257.2435
			286.1555
			33.5137
			-23.7093
			-494.0688
	==================================================================================
	Q2:
		Shape: Polyhedra
		q_c:	363.5	388.5	186.5
		ub :	371.003	393.9004	192.7433
		lb :	355.997	383.0996	180.2567
		A:
			-0.1972	-0.9237	0.3286
			-0.2837	0.9274	0.2437
			-0.4858	0.8679	-0.1033
			-0.7762	0.5705	0.2686
			-0.4386	-0.0501	-0.8973
			0.4918	-0.7608	-0.4236
			0.802	0.4303	0.4143
			-0.4524	0.8905	-0.049
			-0.3899	-0.1482	0.9088
			-0.802	-0.4303	-0.4143
			0.4524	-0.8905	0.049
			0.3899	0.1482	-0.9088
		b:
			-365.5079
			305.6191
			143.8382
			-7.2048
			-341.0928
			-192.8528
			541.9576
			174.8602
			-25.803
			-529.9576
			-169.8602
			33.803
	==================================================================================
	Q3:
		Shape: Hybrid
		q_c:	359.5	399.0	177.0
		ub :	368.1014	408.1451	186.5188
		lb :	350.8986	389.8549	167.4812
		P^-1:
			0.0305	0.0153	0.0094
			0.0153	0.0451	0.0125
			0.0094	0.0125	0.0309
		A:
			-0.1767	-0.5009	-0.8473
			-0.0643	-0.6411	-0.7648
			0.7447	0.6578	-0.1126
			-0.0117	-0.1435	-0.9896
			0.8613	0.4747	0.181
			0.7453	0.1027	0.6587
		b:
			-410.3869
			-411.3334
			513.4053
			-232.6687
			534.0684
			428.9059
	==================================================================================
	Q4:
		Shape: Ellipse
		q_c:	345.0	375.0	175.0
		ub :	354.4709	383.827	184.9581
		lb :	335.5291	366.173	165.0419
		P^-1:
			0.0305	-0.0013	0.0049
			-0.0013	0.0324	0.0025
			0.0049	0.0025	0.0237
	==================================================================================
	Q5:
		Shape: Ellipse
		q_c:	350.5	382.5	175.5
		ub :	358.9949	390.5431	183.553
		lb :	342.0051	374.4569	167.447
		P^-1:
			0.0354	0.0036	0.0022
			0.0036	0.0372	-0.0012
			0.0022	-0.0012	0.0209
	==================================================================================
	Q6:
		Shape: Polyhedra
		q_c:	366.0	373.0	161.5
		ub :	373.3141	381.9013	170.2706
		lb :	358.6859	364.0987	152.7294
		A:
			0.2641	-0.964	-0.0317
			-0.9133	-0.3301	0.2386
			-0.5971	-0.7106	0.3722
			-0.8905	-0.295	0.3465
			-0.9909	0.0654	0.1179
			0.1	0.9485	-0.3006
			0.7857	0.5836	0.2052
			0.5964	-0.6265	-0.5017
			-0.1643	0.5166	-0.8403
			-0.7857	-0.5836	-0.2052
			-0.5964	0.6265	0.5017
			0.1643	-0.5166	0.8403
		b:
			-262.2929
			-414.5531
			-418.9555
			-375.4106
			-314.3681
			347.1712
			541.8856
			-90.4275
			2.8523
			-534.8856
			102.4275
			9.1477


===========================================================================================
===========================================================================================
S2:
	q_c:	292.5	144.0	28.0
	ub :	327.0957	172.2356	59.3292
	lb :	256.0766	112.7044	-8.4443

	==================================================================================
	Q1:
		Shape: Hybrid
		q_c:	292.0	161.5	16.5
		ub :	301.1774	169.3855	25.4649
		lb :	282.8226	153.6145	7.5351
		P^-1:
			0.0495	0.0162	0.0225
			0.0162	0.048	0.0167
			0.0225	0.0167	0.035
		A:
			-0.9254	-0.0615	-0.374
			0.9527	0.2923	-0.0826
			-0.9001	-0.4268	-0.0873
			0.3571	-0.6875	-0.6323
			-0.0284	0.9943	-0.1026
			0.5232	-0.8316	-0.1866
		b:
			-283.7431
			327.7668
			-330.2433
			-13.0544
			154.1196
			19.1963
	==================================================================================
	Q2:
		Shape: Ellipse
		q_c:	298.0	162.0	52.0
		ub :	308.1803	172.2356	59.3292
		lb :	287.8197	151.7644	44.6708
		P^-1:
			0.0411	0.0308	0.0133
			0.0308	0.0455	0.013
			0.0133	0.013	0.0352
	==================================================================================
	Q3:
		Shape: Ellipse
		q_c:	274.0	130.5	7.5
		ub :	291.9234	148.2956	23.4443
		lb :	256.0766	112.7044	-8.4443
		P^-1:
			0.009	-0.0001	0.0012
			-0.0001	0.0094	-0.0013
			0.0012	-0.0013	0.0093
	==================================================================================
	Q4:
		Shape: Polyhedra
		q_c:	292.5	135.5	37.0
		ub :	303.1923	148.3192	48.1975
		lb :	281.8077	122.6808	25.8025
		A:
			0.0551	-0.3961	0.9165
			0.3334	-0.3179	-0.8876
			0.1169	-0.9308	0.3464
			-0.3111	0.7494	-0.5844
			0.8163	-0.1277	-0.5633
			0.6173	-0.5123	0.5971
			0.3074	0.6655	0.6801
			0.2378	0.6383	-0.7321
			-0.9214	0.3868	0.0379
			-0.3074	-0.6655	-0.6801
			-0.2378	-0.6383	0.7321
			0.9214	-0.3868	-0.0379
		b:
			3.9133
			29.2424
			-71.6495
			-3.7394
			207.8036
			140.5023
			213.2552
			136.4591
			-208.6974
			-197.2552
			-121.4591
			222.6974
	==================================================================================
	Q5:
		Shape: Polyhedra
		q_c:	280.0	134.5	18.0
		ub :	298.1672	148.3752	36.4303
		lb :	261.8328	120.6248	-0.4303
		A:
			0.1809	0.9812	0.0667
			0.286	-0.7098	-0.6437
			-0.8536	0.509	0.1107
			-0.9503	0.2685	0.1574
			0.2419	0.9697	0.0345
			-0.583	-0.5917	0.5568
			0.5834	0.213	0.7838
			-0.6803	0.6553	0.3283
			-0.4437	-0.7247	0.5272
			-0.5834	-0.213	-0.7838
			0.6803	-0.6553	-0.3283
			0.4437	0.7247	-0.5272
		b:
			192.7276
			-15.7489
			-158.3619
			-216.8484
			207.5634
			-226.6228
			221.5979
			-86.9426
			-206.2186
			-190.5979
			105.9426
			218.2186
	==================================================================================
	Q6:
		Shape: Ellipse
		q_c:	314.5	154.0	13.5
		ub :	327.0957	167.3143	27.7109
		lb :	301.9043	140.6857	-0.7109
		P^-1:
			0.0123	-0.003	0.0011
			-0.003	0.0195	-0.0126
			0.0011	-0.0126	0.0205


===========================================================================================
===========================================================================================
S3:
	q_c:	67.0	435.5	176.5
	ub :	79.8877	446.6041	186.5472
	lb :	55.9316	423.5457	170.4895

	==================================================================================
	Q1:
		Shape: Polyhedra
		q_c:	64.5	434.0	174.5
		ub :	65.7581	437.9406	177.6161
		lb :	63.2419	430.0594	171.3839
		A:
			0.2911	0.5572	0.7777
			-0.8915	-0.4137	-0.1846
			-0.6885	-0.7136	0.1297
			0.3701	-0.511	-0.7759
			-0.2283	-0.4539	-0.8613
			-0.8728	-0.2381	-0.4262
			0.0654	0.5866	0.8072
			-0.0509	0.8099	-0.5844
			-0.9966	-0.0028	0.0828
			-0.0654	-0.5866	-0.8072
			0.0509	-0.8099	0.5844
			0.9966	0.0028	-0.0828
		b:
			396.8482
			-268.038
			-328.605
			-332.6438
			-361.1882
			-232.9909
			400.1605
			250.734
			-50.057
			-399.1605
			-241.734
			52.057
	==================================================================================
	Q2:
		Shape: Polyhedra
		q_c:	70.5	441.0	181.0
		ub :	75.7189	446.6041	186.5472
		lb :	65.2811	435.3959	175.4528
		A:
			-0.7329	-0.0951	-0.6737
			0.7458	0.5958	0.2981
			-0.6948	-0.6989	-0.17
			0.3579	0.782	0.5103
			0.407	-0.4628	-0.7875
			0.6055	-0.2256	0.7632
			0.1847	0.7567	0.6271
			-0.9221	0.3541	-0.1557
			-0.3399	-0.5495	0.7632
			-0.1847	-0.7567	-0.6271
			0.9221	-0.3541	0.1557
			0.3399	0.5495	-0.7632
		b:
			-212.329
			372.3738
			-384.6794
			465.0445
			-314.6906
			84.9929
			462.7399
			66.4773
			-123.6614
			-457.7399
			-59.4773
			132.6614
	==================================================================================
	Q3:
		Shape: Hybrid
		q_c:	67.5	438.5	177.0
		ub :	70.9791	441.2409	181.1621
		lb :	64.0209	435.7591	172.8379
		P^-1:
			0.1132	0.0277	0.0066
			0.0277	0.4007	0.1147
			0.0066	0.1147	0.1233
		A:
			0.4452	0.8377	0.3163
			-0.0282	-0.9007	-0.4336
			-0.6402	-0.6128	0.4632
			0.4996	0.8633	-0.0713
			0.2961	0.8878	0.3523
			0.4316	0.8756	0.2169
		b:
			454.3983
			-472.803
			-227.7626
			401.0868
			472.5048
			452.5121
	==================================================================================
	Q4:
		Shape: Ellipse
		q_c:	62.0	429.0	178.5
		ub :	68.0684	434.4543	184.4902
		lb :	55.9316	423.5457	172.5098
		P^-1:
			0.1073	-0.0389	0.0353
			-0.0389	0.0956	-0.0263
			0.0353	-0.0263	0.0595
	==================================================================================
	Q5:
		Shape: Polyhedra
		q_c:	74.0	435.0	180.0
		ub :	79.8877	441.1277	184.6542
		lb :	68.1123	428.8723	175.3458
		A:
			-0.5262	0.4841	-0.6991
			0.4882	0.6758	-0.5522
			-0.5126	-0.7816	0.3554
			0.1029	-0.746	-0.658
			-0.949	0.0227	0.3146
			-0.9819	0.0977	-0.1624
			0.7769	0.4792	0.4084
			0.5444	-0.8372	-0.0532
			0.3164	0.2637	-0.9112
			-0.7769	-0.4792	-0.4084
			-0.5444	0.8372	0.0532
			-0.3164	-0.2637	0.9112
		b:
			49.6864
			234.1754
			-310.4869
			-431.3959
			-0.047
			-55.7688
			342.4541
			-328.9684
			-22.3983
			-336.4541
			337.9684
			29.3983
	==================================================================================
	Q6:
		Shape: Ellipse
		q_c:	71.0	440.5	176.0
		ub :	76.1959	444.3439	181.5105
		lb :	65.8041	436.6561	170.4895
		P^-1:
			0.0956	-0.0048	0.0257
			-0.0048	0.1531	-0.0186
			0.0257	-0.0186	0.0849


===========================================================================================
===========================================================================================
S4:
	q_c:	390.0	192.5	131.0
	ub :	410.6656	210.3234	150.8202
	lb :	373.3071	181.9314	116.5772

	==================================================================================
	Q1:
		Shape: Polyhedra
		q_c:	396.0	202.0	125.5
		ub :	403.5535	210.3234	134.4228
		lb :	388.4465	193.6766	116.5772
		A:
			0.5656	0.7804	-0.2665
			-0.1748	0.5579	0.8113
			-0.8523	-0.5056	-0.1337
			-0.8199	-0.3963	-0.4131
			-0.7605	-0.2662	0.5923
			0.6594	0.5066	-0.5554
			0.7882	0.1985	0.5825
			0.0359	-0.9598	0.2785
			0.6144	-0.1986	-0.7636
			-0.7882	-0.1985	-0.5825
			-0.0359	0.9598	-0.2785
			-0.6144	0.1986	0.7636
		b:
			354.258
			150.805
			-451.0926
			-451.4931
			-274.9811
			299.6147
			430.3312
			-138.1998
			112.8573
			-420.3312
			151.1998
			-101.8573
	==================================================================================
	Q2:
		Shape: Polyhedra
		q_c:	396.5	191.5	135.0
		ub :	402.4782	197.2486	137.7514
		lb :	390.5218	185.7514	132.2486
		A:
			0.7409	-0.6042	-0.2933
			-0.5949	0.6078	0.526
			0.6938	-0.3814	-0.6109
			0.6498	-0.095	-0.7542
			0.5196	-0.4718	-0.7123
			-0.2264	0.4522	0.8627
			0.7439	0.6634	0.0806
			0.6137	-0.6305	-0.4753
			-0.2645	0.403	-0.8761
			-0.7439	-0.6634	-0.0806
			-0.6137	0.6305	0.4753
			0.2645	-0.403	0.8761
		b:
			139.7877
			-47.4932
			121.3009
			140.2556
			20.6474
			115.1473
			439.3839
			59.4314
			-143.9684
			-426.3839
			-57.4314
			147.9684
	==================================================================================
	Q3:
		Shape: Polyhedra
		q_c:	400.5	192.5	141.0
		ub :	406.3777	202.0227	150.8202
		lb :	394.6223	182.9773	131.1798
		A:
			-0.2024	0.3843	-0.9008
			-0.804	-0.4698	-0.3644
			0.9876	-0.1283	-0.0909
			0.6901	0.7218	0.0524
			0.8694	0.4176	0.2639
			-0.6016	0.436	-0.6693
			0.0892	0.5506	0.83
			-0.9953	0.0817	0.0527
			-0.0388	-0.8307	0.5553
			-0.0892	-0.5506	-0.83
			0.9953	-0.0817	-0.0527
			0.0388	0.8307	-0.5553
		b:
			-127.6498
			-457.6714
			363.0275
			428.7973
			471.6723
			-245.4945
			266.2279
			-370.4433
			-91.158
			-251.2279
			380.4433
			103.158
	==================================================================================
	Q4:
		Shape: Hybrid
		q_c:	387.5	205.0	131.5
		ub :	392.8643	208.8855	137.2567
		lb :	382.1357	201.1145	125.7433
		P^-1:
			0.0755	-0.0002	-0.0126
			-0.0002	0.0816	-0.0005
			-0.0126	-0.0005	0.0555
		A:
			0.9244	0.3796	-0.0376
			-0.9199	-0.3119	0.2376
			-0.28	-0.8358	0.4722
			0.8293	-0.0378	-0.5576
			0.8003	0.4338	-0.4139
			-0.2615	-0.9339	0.2437
		b:
			432.9856
			-387.3824
			-215.8955
			242.0433
			346.382
			-258.9654
	==================================================================================
	Q5:
		Shape: Hybrid
		q_c:	401.0	198.0	126.5
		ub :	410.6656	206.3844	133.0328
		lb :	391.3344	189.6156	119.9672
		P^-1:
			0.0433	0.0643	-0.0695
			0.0643	0.1882	-0.1956
			-0.0695	-0.1956	0.2586
		A:
			-0.6471	-0.3588	-0.6727
			0.3533	0.7737	-0.5259
			-0.2907	-0.8673	0.4041
			0.2603	0.7559	-0.6007
			0.1466	0.535	-0.832
			0.2089	-0.5289	0.8226
		b:
			-410.3727
			229.8295
			-235.0086
			179.2161
			60.4581
			85.597
	==================================================================================
	Q6:
		Shape: Polyhedra
		q_c:	380.5	186.0	144.5
		ub :	387.6929	190.0686	150.1082
		lb :	373.3071	181.9314	138.8918
		A:
			-0.2031	-0.3184	0.926
			-0.3657	-0.4165	-0.8324
			0.4361	0.6524	0.6198
			-0.0736	-0.7721	-0.6313
			0.119	-0.9484	-0.2938
			-0.4559	-0.6041	-0.6536
			0.291	0.7465	0.5984
			-0.1884	0.6579	-0.7291
			-0.938	0.0994	0.3321
			-0.291	-0.7465	-0.5984
			0.1884	-0.6579	0.7291
			0.938	-0.0994	-0.3321
		b:
			1.5686
			-334.8996
			378.6064
			-260.7808
			-170.7718
			-378.4362
			337.5354
			-51.1767
			-283.9258
			-334.5354
			58.1767
			296.9258


===========================================================================================
===========================================================================================
S5:
	q_c:	72.0	166.0	306.5
	ub :	98.8992	195.9249	325.2517
	lb :	45.7038	149.878	283.8907

	==================================================================================
	Q1:
		Shape: Polyhedra
		q_c:	66.0	163.0	316.0
		ub :	72.0227	173.1153	325.2517
		lb :	59.9773	152.8847	306.7483
		A:
			-0.1563	-0.1412	-0.9776
			-0.9617	-0.2735	-0.0182
			0.0795	-0.5451	-0.8346
			0.4641	0.19	0.8652
			-0.3203	-0.5502	-0.7712
			0.6734	-0.5665	-0.475
			0.4632	0.5516	0.6937
			-0.8784	0.1817	0.4421
			0.1178	-0.8141	0.5687
			-0.4632	-0.5516	-0.6937
			0.8784	-0.1817	-0.4421
			-0.1178	0.8141	-0.5687
		b:
			-337.061
			-110.0448
			-344.0153
			339.63
			-351.4689
			-193.4562
			342.6804
			115.3419
			64.2831
			-336.6804
			-107.3419
			-45.2831
	==================================================================================
	Q2:
		Shape: Hybrid
		q_c:	76.0	165.5	306.0
		ub :	87.4795	175.4455	317.2726
		lb :	64.5205	155.5545	294.7274
		P^-1:
			0.0245	-0.0065	0.0035
			-0.0065	0.0275	-0.0004
			0.0035	-0.0004	0.0153
		A:
			0.6293	-0.2064	0.7493
			-0.2378	-0.6812	-0.6924
			-0.9618	-0.1137	-0.2489
			0.3709	0.1235	0.9204
			-0.4335	0.7801	0.4511
			-0.0374	-0.9947	-0.0957
		b:
			246.9621
			-338.2272
			-164.2184
			335.1386
			237.8937
			-193.1973
	==================================================================================
	Q3:
		Shape: Hybrid
		q_c:	74.0	181.0	313.0
		ub :	82.7511	191.4714	319.7821
		lb :	65.2489	170.5286	306.2179
		P^-1:
			0.0324	0.0195	-0.0312
			0.0195	0.0527	-0.0876
			-0.0312	-0.0876	0.2037
		A:
			0.5738	-0.1622	0.8028
			0.6394	-0.0228	-0.7685
			0.418	0.0764	0.9052
			-0.3638	0.0678	0.929
			-0.362	-0.3312	0.8713
			0.517	0.5245	0.6765
		b:
			267.9356
			-192.9954
			331.983
			280.1854
			187.487
			350.987
	==================================================================================
	Q4:
		Shape: Hybrid
		q_c:	85.5	163.0	292.5
		ub :	98.8992	176.122	301.1093
		lb :	72.1008	149.878	283.8907
		P^-1:
			0.0174	-0.0084	0.0077
			-0.0084	0.0215	0.0099
			0.0077	0.0099	0.0451
		A:
			0.4021	-0.6501	-0.6448
			-0.0752	0.9797	0.1856
			0.0791	0.8135	0.5762
			-0.6029	0.5322	0.5943
			0.46	-0.3083	0.8326
			-0.96	0.28	0.001
		b:
			-257.1028
			213.0302
			312.1443
			213.0157
			235.6779
			-30.3301
	==================================================================================
	Q5:
		Shape: Polyhedra
		q_c:	57.0	161.5	299.5
		ub :	68.2962	170.2157	311.093
		lb :	45.7038	152.7843	287.907
		A:
			0.7524	-0.6493	-0.1106
			-0.896	0.3993	-0.1945
			-0.6251	-0.6609	-0.4153
			-0.1583	0.1355	0.9781
			-0.5833	-0.4954	0.6437
			-0.2976	-0.2592	-0.9188
			0.8668	0.0091	0.4987
			-0.413	0.5737	0.7074
			-0.2796	-0.819	0.501
			-0.8668	-0.0091	-0.4987
			0.413	-0.5737	-0.7074
			0.2796	0.819	-0.501
		b:
			-88.0652
			-37.2027
			-259.478
			312.4123
			85.7188
			-326.7079
			208.2197
			287.463
			7.8327
			-192.2197
			-274.463
			4.1673
	==================================================================================
	Q6:
		Shape: Polyhedra
		q_c:	57.5	182.0	304.5
		ub :	66.8583	195.9249	317.5297
		lb :	48.1417	168.0751	291.4703
		A:
			0.8126	0.2516	0.5258
			-0.4043	0.2436	-0.8816
			0.9188	-0.1212	0.3757
			-0.0131	-0.2091	-0.9778
			0.1691	0.8615	0.4788
			0.6207	-0.0727	-0.7807
			0.4795	0.3911	0.7855
			0.009	0.8929	-0.4501
			-0.8775	0.2229	0.4247
			-0.4795	-0.3911	-0.7855
			-0.009	-0.8929	0.4501
			0.8775	-0.2229	-0.4247
		b:
			259.2127
			-238.9004
			152.3099
			-329.5737
			320.4928
			-207.8841
			344.4553
			36.9772
			126.4233
			-331.4553
			-14.9772
			-112.4233


===========================================================================================
===========================================================================================
S6:
	q_c:	236.0	243.0	191.5
	ub :	242.8961	252.0049	197.7145
	lb :	230.4682	238.6798	185.2773

	==================================================================================
	Q1:
		Shape: Polyhedra
		q_c:	238.5	242.0	194.5
		ub :	240.4344	245.3202	197.7145
		lb :	236.5656	238.6798	191.2855
		A:
			-0.9508	-0.0588	0.3042
			-0.9709	-0.1698	0.1687
			0.6554	-0.1118	0.747
			0.8079	0.5793	0.1085
			-0.6946	0.4559	-0.5564
			-0.7703	0.4863	-0.4125
			0.1978	0.6454	0.7378
			0.2454	0.6961	-0.6747
			-0.949	0.3145	-0.0206
			-0.1978	-0.6454	-0.7378
			-0.2454	-0.6961	0.6747
			0.949	-0.3145	0.0206
		b:
			-180.5419
			-238.5067
			276.407
			355.9256
			-162.0842
			-144.958
			349.3674
			97.7547
			-153.2417
			-344.3674
			-93.7547
			155.2417
	==================================================================================
	Q2:
		Shape: Hybrid
		q_c:	234.0	243.5	195.0
		ub :	237.5318	246.7897	197.6813
		lb :	230.4682	240.2103	192.3187
		P^-1:
			0.2496	0.0048	-0.1094
			0.0048	0.2439	0.0692
			-0.1094	0.0692	0.361
		A:
			-0.3655	-0.6379	0.6778
			0.6957	0.4702	0.5431
			-0.3217	-0.5336	-0.7821
			0.3175	0.8095	0.4939
			0.1852	0.6479	-0.7389
			-0.197	-0.9718	0.1296
		b:
			-107.4693
			384.5614
			-356.591
			368.8562
			58.3414
			-256.1141
	==================================================================================
	Q3:
		Shape: Polyhedra
		q_c:	234.5	245.0	188.5
		ub :	237.3604	247.9855	191.6876
		lb :	231.6396	242.0145	185.3124
		A:
			0.3759	-0.9265	0.0173
			0.5118	-0.2212	0.8302
			-0.9706	-0.0587	0.2334
			0.4072	0.5722	-0.7119
			-0.7727	-0.1844	-0.6074
			0.5282	0.693	-0.4906
			0.7188	0.5359	0.443
			0.2378	-0.7882	0.5676
			0.6533	-0.3027	-0.694
			-0.7188	-0.5359	-0.443
			-0.2378	0.7882	-0.5676
			-0.6533	0.3027	0.694
		b:
			-133.5922
			224.1379
			-196.1673
			103.4189
			-339.279
			203.0357
			384.8373
			-28.345
			-49.7612
			-381.8373
			32.345
			53.7612
	==================================================================================
	Q4:
		Shape: Ellipse
		q_c:	239.5	245.0	188.5
		ub :	242.8961	247.8065	190.0628
		lb :	236.1039	242.1935	186.9372
		P^-1:
			0.3075	0.2808	0.7887
			0.2808	0.5652	1.0223
			0.7887	1.0223	3.4883
	==================================================================================
	Q5:
		Shape: Hybrid
		q_c:	237.5	247.5	188.5
		ub :	241.8589	252.0049	191.7227
		lb :	233.1411	242.9951	185.2773
		P^-1:
			0.179	0.045	-0.0397
			0.045	0.1025	-0.0207
			-0.0397	-0.0207	0.2101
		A:
			0.2531	0.7955	-0.5506
			0.2325	-0.5779	-0.7823
			0.6667	0.701	0.2532
			0.2342	0.1466	-0.9611
			-0.9178	0.0362	0.3953
			0.2789	0.1895	-0.9414
		b:
			154.855
			-233.4429
			381.1514
			-88.165
			-133.1078
			-63.2401
	==================================================================================
	Q6:
		Shape: Hybrid
		q_c:	235.0	247.0	191.5
		ub :	237.7796	250.2868	194.9095
		lb :	232.2204	243.7132	188.0905
		P^-1:
			0.25	-0.0	-0.0
			-0.0	0.25	-0.0
			-0.0	-0.0	0.25
		A:
			0.4754	0.8009	-0.3641
			-0.055	-0.8146	0.5774
			0.0759	-0.9886	-0.1303
			-0.1827	0.9149	-0.3599
			-0.1337	-0.7197	0.6813
			-0.3173	-0.9276	0.1971
		b:
			240.8072
			-102.5608
			-250.2965
			115.1315
			-77.7294
			-264.952


===========================================================================================
===========================================================================================
S7:
	q_c:	20.0	164.0	59.0
	ub :	31.0894	176.3638	69.9805
	lb :	12.5116	158.1838	52.1049

	==================================================================================
	Q1:
		Shape: Hybrid
		q_c:	20.0	171.5	62.0
		ub :	24.6291	176.3638	67.3912
		lb :	15.3709	166.6362	56.6088
		P^-1:
			0.1092	0.0044	-0.0057
			0.0044	0.1009	0.0133
			-0.0057	0.0133	0.0937
		A:
			0.8501	0.3285	-0.4116
			-0.8026	0.5908	0.0817
			0.4113	-0.8901	-0.1962
			-0.6631	-0.7226	-0.1951
			0.0975	-0.1665	-0.9812
			-0.0376	0.8905	0.4534
		b:
			49.3714
			91.9643
			-154.9721
			-147.7819
			-85.7325
			181.6015
	==================================================================================
	Q2:
		Shape: Polyhedra
		q_c:	23.5	167.5	62.0
		ub :	26.8376	170.4837	65.3035
		lb :	20.1624	164.5163	58.6965
		A:
			0.3432	-0.1427	-0.9284
			-0.1212	0.5024	-0.8561
			-0.7743	0.4698	0.4239
			-0.1586	-0.9873	0.0067
			0.22	0.7894	-0.5731
			0.7213	-0.1157	0.6829
			0.4343	0.3623	0.8247
			-0.5424	0.8361	-0.0817
			-0.7192	-0.4119	0.5596
			-0.4343	-0.3623	-0.8247
			0.5424	-0.8361	0.0817
			0.7192	0.4119	-0.5596
		b:
			-71.1803
			30.2812
			88.508
			-166.8347
			103.7028
			42.1508
			124.5208
			123.7403
			-49.1931
			-119.5208
			-120.7403
			53.1931
	==================================================================================
	Q3:
		Shape: Hybrid
		q_c:	21.5	170.0	62.0
		ub :	26.9703	173.5844	67.6623
		lb :	16.0297	166.4156	56.3377
		P^-1:
			0.0727	-0.0118	0.0142
			-0.0118	0.2298	-0.0544
			0.0142	-0.0544	0.0917
		A:
			0.8515	0.5242	-0.0125
			0.0126	-0.6739	0.7388
			-0.2395	0.9523	-0.189
			-0.709	-0.331	0.6228
			-0.0293	-0.9429	-0.3318
			-0.2359	-0.6311	0.739
		b:
			109.0903
			-66.9552
			146.1568
			-30.2316
			-179.7047
			-64.7189
	==================================================================================
	Q4:
		Shape: Hybrid
		q_c:	24.5	168.5	54.0
		ub :	28.1148	172.0817	55.8951
		lb :	20.8852	164.9183	52.1049
		P^-1:
			0.199	-0.0414	0.1718
			-0.0414	0.2041	-0.1826
			0.1718	-0.1826	0.9169
		A:
			0.4091	-0.3572	0.8397
			0.4695	0.15	-0.8701
			-0.4045	0.911	-0.0806
			0.0489	-0.1901	0.9805
			-0.4116	-0.4932	-0.7664
			0.7699	-0.0667	0.6346
		b:
			-4.1568
			-8.9104
			141.0863
			22.6848
			-133.1587
			43.1272
	==================================================================================
	Q5:
		Shape: Polyhedra
		q_c:	25.5	164.0	64.0
		ub :	31.0894	169.8162	69.9805
		lb :	19.9106	158.1838	58.0195
		A:
			0.4519	0.5573	0.6966
			0.9786	0.1276	0.1612
			-0.4469	-0.7276	-0.5205
			0.9591	-0.2668	0.0948
			0.7865	0.5537	0.2737
			-0.0503	-0.4491	-0.8921
			0.7	0.689	0.1878
			0.637	-0.4835	-0.6004
			-0.3229	0.5399	-0.7773
			-0.7	-0.689	-0.1878
			-0.637	0.4835	0.6004
			0.3229	-0.5399	0.7773
		b:
			150.545
			59.3078
			-161.2233
			-9.5517
			130.9371
			-128.3601
			145.3641
			-97.4787
			34.5643
			-140.3641
			105.4787
			-26.5643
	==================================================================================
	Q6:
		Shape: Ellipse
		q_c:	15.5	162.0	59.5
		ub :	18.4884	165.0315	62.6667
		lb :	12.5116	158.9685	56.3333
		P^-1:
			0.2077	-0.0706	-0.0791
			-0.0706	0.323	0.0737
			-0.0791	0.0737	0.3237


===========================================================================================
===========================================================================================
S8:
	q_c:	138.0	303.5	261.0
	ub :	150.9424	318.7027	270.1719
	lb :	128.1673	287.8688	250.7926

	==================================================================================
	Q1:
		Shape: Polyhedra
		q_c:	148.0	305.0	254.0
		ub :	150.9424	308.3596	256.6532
		lb :	145.0576	301.6404	251.3468
		A:
			-0.6765	0.6518	-0.3428
			-0.6909	0.1521	-0.7068
			-0.2767	-0.4154	0.8666
			0.2566	-0.2021	0.9451
			0.3157	0.5134	0.7979
			0.0256	0.7364	-0.6761
			0.1935	0.9803	0.0382
			0.6512	-0.0992	-0.7524
			-0.7338	0.1705	-0.6576
			-0.1935	-0.9803	-0.0382
			-0.6512	0.0992	0.7524
			0.7338	-0.1705	0.6576
		b:
			13.4248
			-234.3761
			54.8628
			217.9931
			408.2081
			59.1258
			340.3574
			-122.4956
			-222.6316
			-334.3574
			127.4956
			224.6316
	==================================================================================
	Q2:
		Shape: Ellipse
		q_c:	138.5	307.0	261.0
		ub :	147.5609	314.6996	270.1719
		lb :	129.4391	299.3004	251.8281
		P^-1:
			0.0345	-0.0022	0.0018
			-0.0022	0.0364	-0.0027
			0.0018	-0.0027	0.0352
	==================================================================================
	Q3:
		Shape: Ellipse
		q_c:	133.5	304.0	257.0
		ub :	138.8327	309.7155	263.2074
		lb :	128.1673	298.2845	250.7926
		P^-1:
			0.0681	0.0046	0.0074
			0.0046	0.0801	-0.0025
			0.0074	-0.0025	0.0776
	==================================================================================
	Q4:
		Shape: Ellipse
		q_c:	143.5	309.0	261.0
		ub :	147.7146	313.294	265.4568
		lb :	139.2854	304.706	256.5432
		P^-1:
			0.126	-0.0127	0.0185
			-0.0127	0.1552	0.0069
			0.0185	0.0069	0.1499
	==================================================================================
	Q5:
		Shape: Polyhedra
		q_c:	135.5	315.0	261.5
		ub :	140.4554	318.7027	266.6127
		lb :	130.5446	311.2973	256.3873
		A:
			0.3146	-0.7687	0.5568
			0.7785	-0.2402	-0.5798
			0.4493	0.479	-0.7542
			-0.5932	0.8034	0.0516
			-0.3318	0.6518	-0.6819
			0.9807	0.1355	0.1407
			0.4551	0.4339	0.7775
			0.7665	0.2535	-0.5901
			-0.4531	0.8646	-0.2173
			-0.4551	-0.4339	-0.7775
			-0.7665	-0.2535	0.5901
			0.4531	-0.8646	0.2173
		b:
			-52.0007
			-118.5871
			17.8322
			187.9845
			-15.7677
			215.6702
			405.1848
			32.8928
			155.6197
			-398.1848
			-25.8928
			-152.6197
	==================================================================================
	Q6:
		Shape: Hybrid
		q_c:	135.5	295.0	261.5
		ub :	141.9925	302.1312	268.5383
		lb :	129.0075	287.8688	254.4617
		P^-1:
			0.0667	-0.0147	-0.0065
			-0.0147	0.0618	0.0055
			-0.0065	0.0055	0.0518
		A:
			-0.9571	0.1236	-0.262
			0.9848	-0.1715	0.0281
			-0.9458	-0.233	0.2264
			0.4526	0.8915	-0.0207
			-0.4857	0.2619	0.834
			0.7731	-0.0741	-0.63
		b:
			-159.4596
			92.2922
			-135.2906
			321.6083
			231.7608
			-79.681


===========================================================================================
===========================================================================================
S9:
	q_c:	83.0	326.0	239.5
	ub :	103.3505	341.7589	259.6758
	lb :	69.8919	310.5536	216.8435

	==================================================================================
	Q1:
		Shape: Ellipse
		q_c:	95.0	326.5	240.5
		ub :	99.027	328.8822	244.8309
		lb :	90.973	324.1178	236.1691
		P^-1:
			0.2899	0.0351	-0.1798
			0.0351	0.2623	-0.032
			-0.1798	-0.032	0.2047
	==================================================================================
	Q2:
		Shape: Polyhedra
		q_c:	77.5	317.0	237.0
		ub :	82.5705	323.4464	243.0257
		lb :	72.4295	310.5536	230.9743
		A:
			0.9916	0.0401	-0.1229
			0.2179	-0.264	-0.9396
			-0.0124	0.7693	0.6387
			-0.6579	-0.6596	-0.3635
			-0.8738	-0.3654	0.3207
			0.9289	-0.3184	0.1893
			0.4772	0.3395	0.8106
			-0.8667	0.0291	0.4981
			0.1455	-0.9402	0.3081
			-0.4772	-0.3395	-0.8106
			0.8667	-0.0291	-0.4981
			-0.1455	0.9402	-0.3081
		b:
			63.5383
			-286.1816
			398.4072
			-342.3609
			-104.1766
			19.7792
			340.2051
			63.1006
			-208.233
			-333.2051
			-57.1006
			219.233
	==================================================================================
	Q3:
		Shape: Polyhedra
		q_c:	74.0	323.0	249.5
		ub :	78.1081	331.7774	259.6758
		lb :	69.8919	314.2226	239.3242
		A:
			0.8502	-0.5163	-0.1029
			0.9534	-0.26	0.1532
			-0.8542	0.5197	-0.0174
			0.8897	-0.4533	-0.0537
			0.9175	-0.3882	0.0865
			-0.8792	0.4401	0.1825
			0.2259	0.9605	0.1625
			0.972	-0.2111	-0.1032
			-0.0648	0.1813	-0.9813
			-0.2259	-0.9605	-0.1625
			-0.972	0.2111	0.1032
			0.0648	-0.1813	0.9813
		b:
			-126.5338
			27.8442
			103.5131
			-91.2818
			-32.9901
			125.2628
			374.5107
			-20.0086
			-182.0674
			-360.5107
			24.0086
			200.0674
	==================================================================================
	Q4:
		Shape: Ellipse
		q_c:	88.5	335.0	236.0
		ub :	93.624	341.7589	242.1194
		lb :	83.376	328.2411	229.8806
		P^-1:
			0.0529	0.0067	-0.0127
			0.0067	0.05	-0.0312
			-0.0127	-0.0312	0.0907
	==================================================================================
	Q5:
		Shape: Ellipse
		q_c:	95.5	320.5	227.0
		ub :	103.3505	329.6836	237.1565
		lb :	87.6495	311.3164	216.8435
		P^-1:
			0.0449	0.0004	-0.0097
			0.0004	0.0237	-0.0002
			-0.0097	-0.0002	0.0281
	==================================================================================
	Q6:
		Shape: Hybrid
		q_c:	78.5	317.5	251.5
		ub :	83.277	323.1908	257.5551
		lb :	73.723	311.8092	245.4449
		P^-1:
			0.3069	-0.1854	-0.0114
			-0.1854	0.194	0.0003
			-0.0114	0.0003	0.0554
		A:
			0.4641	-0.8169	-0.3425
			-0.4603	0.8462	-0.2683
			0.121	0.963	-0.2409
			0.9516	-0.2966	-0.081
			0.6786	-0.5447	0.4927
			0.8837	-0.4572	-0.1001
		b:
			-307.2263
			166.6911
			257.603
			-38.609
			6.0205
			-100.0659


===========================================================================================
===========================================================================================
S10:
	q_c:	268.5	197.5	120.5
	ub :	279.0146	208.7054	132.6756
	lb :	257.2706	184.0149	115.37

	==================================================================================
	Q1:
		Shape: Polyhedra
		q_c:	262.5	190.0	125.5
		ub :	267.7294	195.9851	131.5382
		lb :	257.2706	184.0149	119.4618
		A:
			-0.5963	0.7186	0.3577
			-0.0272	0.9603	-0.2777
			0.1589	-0.9396	0.3033
			-0.9717	-0.229	0.0573
			0.8466	0.3304	-0.4174
			0.0177	-0.9989	0.0424
			0.2095	0.6567	0.7244
			-0.5799	0.68	-0.4488
			-0.7873	-0.3261	0.5233
			-0.2095	-0.6567	-0.7244
			0.5799	-0.68	0.4488
			0.7873	0.3261	-0.5233
		b:
			28.5213
			143.9736
			-95.2252
			-288.21
			235.63
			-176.1728
			274.6827
			-75.8472
			-199.9566
			-266.6827
			82.8472
			205.9566
	==================================================================================
	Q2:
		Shape: Hybrid
		q_c:	273.5	199.0	128.0
		ub :	277.1892	203.3176	132.6756
		lb :	269.8108	194.6824	123.3244
		P^-1:
			0.1752	0.0372	0.012
			0.0372	0.1704	0.073
			0.012	0.073	0.1461
		A:
			0.8844	-0.2692	0.3812
			0.5819	0.7315	0.3553
			-0.6979	-0.5231	-0.4891
			-0.9466	-0.2741	-0.1698
			-0.865	-0.3729	0.3358
			-0.7011	0.6682	0.2488
		b:
			238.9745
			351.2663
			-356.5124
			-333.8984
			-266.253
			-25.3018
	==================================================================================
	Q3:
		Shape: Ellipse
		q_c:	269.0	200.0	124.5
		ub :	274.2794	203.9502	130.19
		lb :	263.7206	196.0498	118.81
		P^-1:
			0.0929	-0.0036	0.0277
			-0.0036	0.0821	-0.0015
			0.0277	-0.0015	0.0671
	==================================================================================
	Q4:
		Shape: Ellipse
		q_c:	271.0	204.5	124.0
		ub :	275.6677	208.7054	127.359
		lb :	266.3323	200.2946	120.641
		P^-1:
			1.0156	1.3203	-1.0449
			1.3203	1.8916	-1.4493
			-1.0449	-1.4493	1.237
	==================================================================================
	Q5:
		Shape: Polyhedra
		q_c:	271.5	200.0	124.0
		ub :	276.6199	205.2462	128.89
		lb :	266.3801	194.7538	119.11
		A:
			0.283	-0.0565	-0.9575
			0.2181	-0.6193	0.7543
			-0.1789	0.7917	-0.5842
			0.6104	0.639	-0.4681
			0.1888	-0.1534	0.97
			-0.5949	-0.2029	0.7778
			0.0318	0.9054	0.4234
			0.2598	0.4016	-0.8782
			-0.9651	0.1379	-0.2224
			-0.0318	-0.9054	-0.4234
			-0.2598	-0.4016	0.8782
			0.9651	-0.1379	0.2224
		b:
			-50.3095
			32.0309
			40.5958
			238.6313
			143.9247
			-102.7529
			246.2219
			44.4404
			-257.5263
			-238.2219
			-39.4404
			266.5263
	==================================================================================
	Q6:
		Shape: Hybrid
		q_c:	273.0	191.0	121.5
		ub :	279.0146	197.0851	127.63
		lb :	266.9854	184.9149	115.37
		P^-1:
			0.0794	-0.0049	0.0038
			-0.0049	0.0711	0.0082
			0.0038	0.0082	0.0753
		A:
			0.4068	0.8798	0.2457
			0.1033	-0.8202	-0.5627
			0.0773	0.6101	0.7886
			-0.6645	0.7433	0.077
			0.2116	0.1694	-0.9626
			0.1486	-0.7921	-0.592
		b:
			310.9351
			-195.0491
			235.1887
			-28.2787
			-24.7795
			-180.8978


===========================================================================================
===========================================================================================
S11:
	q_c:	226.5	185.0	44.0
	ub :	237.0677	193.3614	53.7749
	lb :	223.0755	180.4811	35.882

	==================================================================================
	Q1:
		Shape: Hybrid
		q_c:	226.5	184.0	50.5
		ub :	229.9245	187.5189	53.7749
		lb :	223.0755	180.4811	47.2251
		P^-1:
			0.1125	-0.0047	-0.0075
			-0.0047	0.1817	-0.0396
			-0.0075	-0.0396	0.2269
		A:
			0.2977	0.0748	-0.9517
			-0.2128	-0.2913	0.9327
			0.5883	-0.3094	0.7471
			0.3465	-0.7401	0.5763
			0.5051	0.3843	-0.7728
			0.037	-0.9349	0.3529
		b:
			34.276
			-53.6495
			115.4778
			-27.3906
			147.3463
			-144.6154
	==================================================================================
	Q2:
		Shape: Polyhedra
		q_c:	231.5	189.5	40.5
		ub :	235.3558	193.3614	45.118
		lb :	227.6442	185.6386	35.882
		A:
			0.5224	-0.6729	0.5237
			-0.4314	-0.8159	-0.3848
			0.2794	-0.5111	-0.8129
			-0.9019	-0.3761	0.2125
			0.5616	-0.7259	-0.3971
			0.2827	-0.9579	0.0498
			0.2163	0.7718	0.598
			-0.319	0.6347	-0.7038
			-0.9228	-0.0385	0.3834
			-0.2163	-0.7718	-0.598
			0.319	-0.6347	0.7038
			0.9228	0.0385	-0.3834
		b:
			18.0629
			-268.0162
			-62.8952
			-268.9892
			-21.1902
			-111.1365
			222.5343
			21.4408
			-202.8911
			-218.5343
			-14.4408
			207.8911
	==================================================================================
	Q3:
		Shape: Ellipse
		q_c:	230.5	186.5	45.5
		ub :	234.3189	189.1259	50.7762
		lb :	226.6811	183.8741	40.2238
		P^-1:
			0.1495	0.0068	-0.0319
			0.0068	0.2464	0.0257
			-0.0319	0.0257	0.0635
	==================================================================================
	Q4:
		Shape: Hybrid
		q_c:	234.5	184.5	49.0
		ub :	237.0677	188.1498	52.2872
		lb :	231.9323	180.8502	45.7128
		P^-1:
			0.4159	-0.0398	-0.0707
			-0.0398	0.1342	-0.0386
			-0.0707	-0.0386	0.2555
		A:
			-0.8431	0.4855	0.2313
			0.8066	0.5532	0.2082
			0.6438	0.3698	-0.6699
			-0.9542	-0.0061	-0.299
			0.9126	0.2384	-0.3321
			-0.5111	-0.5576	0.6541
		b:
			-95.7549
			303.1191
			187.4066
			-238.4614
			242.664
			-189.4364
	==================================================================================
	Q5:
		Shape: Polyhedra
		q_c:	232.0	184.5	40.0
		ub :	234.7408	187.936	43.2615
		lb :	229.2592	181.064	36.7385
		A:
			-0.6278	0.2368	0.7415
			-0.432	-0.8854	-0.1715
			-0.0886	0.5382	0.8381
			0.7913	0.4823	0.3758
			0.863	-0.4307	-0.2642
			-0.5759	-0.5769	0.5792
			0.5103	0.5206	0.6845
			-0.8239	0.0679	0.5627
			0.2465	-0.8511	0.4636
			-0.5103	-0.5206	-0.6845
			0.8239	-0.0679	-0.5627
			-0.2465	0.8511	-0.4636
		b:
			-70.8067
			-268.3421
			113.7995
			289.0987
			112.0845
			-214.6833
			243.3343
			-154.6153
			-78.2923
			-240.3343
			157.6153
			84.2923
	==================================================================================
	Q6:
		Shape: Polyhedra
		q_c:	232.0	187.0	41.0
		ub :	235.0582	190.2281	43.8042
		lb :	228.9418	183.7719	38.1958
		A:
			-0.3714	0.0266	-0.9281
			0.1067	-0.7412	0.6627
			0.4119	0.6883	-0.5971
			0.7342	-0.1315	0.6661
			0.305	0.6358	-0.7091
			0.273	0.925	-0.2645
			0.8118	0.5306	0.244
			0.1389	-0.5812	0.8018
			0.5672	-0.617	-0.5455
			-0.8118	-0.5306	-0.244
			-0.1389	0.5812	-0.8018
			-0.5672	0.617	0.5455
		b:
			-117.8424
			-85.5759
			201.0395
			174.3745
			161.7696
			226.9064
			299.0514
			-42.5815
			-3.1495
			-296.0514
			44.5815
			9.1495


===========================================================================================
===========================================================================================
S12:
	q_c:	119.0	125.0	334.0
	ub :	140.4855	145.9631	350.4054
	lb :	107.5512	106.0507	315.784

	==================================================================================
	Q1:
		Shape: Hybrid
		q_c:	127.5	136.0	329.5
		ub :	137.0079	145.9631	337.6221
		lb :	117.9921	126.0369	321.3779
		P^-1:
			0.028	0.0075	-0.0006
			0.0075	0.0308	-0.009
			-0.0006	-0.009	0.0441
		A:
			0.9746	0.1645	-0.1517
			0.1725	0.927	-0.333
			-0.5056	0.2721	0.8188
			0.8094	-0.5269	0.2592
			0.742	-0.0553	0.6682
			-0.4276	-0.8954	0.1242
		b:
			100.3048
			41.3965
			246.0717
			121.251
			310.5376
			-132.3023
	==================================================================================
	Q2:
		Shape: Hybrid
		q_c:	121.5	113.5	334.0
		ub :	129.5834	120.9493	341.4103
		lb :	113.4166	106.0507	326.5897
		P^-1:
			0.0508	0.0195	-0.0053
			0.0195	0.0502	-0.0176
			-0.0053	-0.0176	0.0578
		A:
			-0.7883	-0.3437	-0.5104
			0.5979	-0.1354	0.7901
			0.1684	-0.6291	0.7589
			0.9634	-0.247	0.1044
			0.0955	0.054	-0.994
			-0.8381	-0.3459	-0.4219
		b:
			-302.6091
			323.9025
			204.9301
			127.3529
			-311.6721
			-279.3866
	==================================================================================
	Q3:
		Shape: Polyhedra
		q_c:	112.5	129.5	332.0
		ub :	117.4488	136.3922	340.4602
		lb :	107.5512	122.6078	323.5398
		A:
			-0.5229	-0.2134	0.8252
			-0.6424	0.5358	-0.5479
			0.7489	-0.6491	0.1336
			-0.1719	0.6107	-0.7729
			0.4913	-0.5805	-0.6493
			0.3113	-0.9245	-0.2201
			0.0455	0.4988	0.8655
			-0.3404	0.8223	-0.456
			-0.9392	-0.2739	0.2072
			-0.0455	-0.4988	-0.8655
			0.3404	-0.8223	0.456
			0.9392	0.2739	-0.2072
		b:
			192.8296
			-181.6058
			47.7505
			-193.1942
			-228.9677
			-152.6016
			364.5657
			-80.6917
			-68.3444
			-349.5657
			85.6917
			76.3444
	==================================================================================
	Q4:
		Shape: Hybrid
		q_c:	127.0	124.0	326.5
		ub :	134.0577	127.7223	333.6197
		lb :	119.9423	120.2777	319.3803
		P^-1:
			0.0425	-0.0168	-0.0027
			-0.0168	0.1546	0.0182
			-0.0027	0.0182	0.0429
		A:
			0.0159	0.9632	-0.2682
			-0.0347	0.9421	0.3334
			-0.3729	-0.8525	-0.3663
			-0.8916	0.3122	0.3279
			0.0777	-0.9969	0.0126
			-0.2033	-0.8123	-0.5466
		b:
			35.7935
			222.6842
			-270.4804
			35.8149
			-108.2504
			-302.8902
	==================================================================================
	Q5:
		Shape: Ellipse
		q_c:	127.5	131.0	343.5
		ub :	133.6584	137.5776	350.4054
		lb :	121.3416	124.4224	336.5946
		P^-1:
			0.0896	0.0039	-0.0291
			0.0039	0.0498	-0.0028
			-0.0291	-0.0028	0.0705
	==================================================================================
	Q6:
		Shape: Polyhedra
		q_c:	130.5	122.5	325.0
		ub :	140.4855	132.4869	334.216
		lb :	120.5145	112.5131	315.784
		A:
			0.3638	-0.3923	0.8448
			0.1346	-0.96	0.2455
			-0.4946	0.2168	0.8416
			-0.1755	-0.6802	-0.7118
			-0.4059	0.9124	-0.053
			-0.6429	0.6687	-0.3735
			0.4259	0.7623	0.4874
			0.4665	0.2765	-0.8402
			-0.7752	0.5852	-0.2379
			-0.4259	-0.7623	-0.4874
			-0.4665	-0.2765	0.8402
			0.7752	-0.5852	0.2379
		b:
			279.819
			-14.1805
			241.2393
			-331.1415
			47.6737
			-117.3705
			313.8509
			-172.804
			-100.7924
			-300.8509
			183.804
			112.7924


