3D_40_12_6_b                l = 3

===========================================================================================
===========================================================================================
S1:
	q_c:	179.0	205.0	102.5
	ub :	196.7642	231.8452	126.3907
	lb :	146.7433	174.6854	77.2853

	==================================================================================
	Q1:
		Shape: Polyhedra
		q_c:	182.0	202.5	98.5
		ub :	195.7001	215.3118	113.1638
		lb :	168.2999	189.6882	83.8362
		A:
			-0.8195	0.0837	0.5669
			0.7204	-0.0352	-0.6927
			0.2384	-0.5027	0.831
			0.771	0.368	-0.5197
			-0.3853	0.3377	-0.8588
			0.0837	0.3103	-0.947
			0.6622	0.3698	0.6518
			-0.7273	0.1078	0.6778
			0.1804	-0.9228	0.3403
			-0.6622	-0.3698	-0.6518
			0.7273	-0.1078	-0.6778
			-0.1804	0.9228	-0.3403
		b:
			-68.8072
			63.266
			32.5641
			171.6446
			-76.9224
			-6.635
			269.5951
			-36.2868
			-111.5223
			-249.5951
			51.2868
			129.5223
	==================================================================================
	Q2:
		Shape: Polyhedra
		q_c:	166.0	202.0	92.0
		ub :	176.6495	213.5306	101.803
		lb :	155.3505	190.4694	82.197
		A:
			0.0352	0.305	0.9517
			-0.8316	0.4205	-0.3628
			-0.8754	-0.4216	0.2364
			0.4154	-0.7643	0.4932
			-0.3698	0.9225	-0.111
			0.4614	-0.2566	0.8493
			0.8281	0.5317	0.1778
			0.5493	-0.706	-0.4471
			-0.1122	0.4679	-0.8767
			-0.8281	-0.5317	-0.1778
			-0.5493	0.706	0.4471
			0.1122	-0.4679	0.8767
		b:
			161.531
			-79.6955
			-201.0229
			-33.7042
			120.9818
			109.6525
			269.2198
			-86.5497
			1.7318
			-253.2198
			98.5497
			11.2682
	==================================================================================
	Q3:
		Shape: Ellipse
		q_c:	184.5	219.5	89.0
		ub :	196.7642	231.8452	100.7147
		lb :	172.2358	207.1548	77.2853
		P^-1:
			0.0189	0.0015	-0.0033
			0.0015	0.0124	0.0023
			-0.0033	0.0023	0.0213
	==================================================================================
	Q4:
		Shape: Polyhedra
		q_c:	184.0	189.0	114.5
		ub :	195.582	203.3146	125.8956
		lb :	172.418	174.6854	103.1044
		A:
			0.6868	0.4136	0.5977
			0.4409	-0.2133	-0.8718
			0.0486	-0.428	-0.9025
			0.0241	-0.9308	-0.3649
			-0.9506	0.1189	-0.2867
			-0.8939	0.0145	-0.4479
			0.6065	0.1429	0.7821
			-0.3452	-0.8389	0.4209
			0.7162	-0.5253	-0.4595
			-0.6065	-0.1429	-0.7821
			0.3452	0.8389	-0.4209
			-0.7162	0.5253	0.4595
		b:
			278.4729
			-51.7164
			-169.7019
			-204.3021
			-179.7978
			-208.1463
			232.1537
			-161.8654
			-13.0982
			-224.1537
			185.8654
			27.0982
	==================================================================================
	Q5:
		Shape: Ellipse
		q_c:	164.0	206.0	116.0
		ub :	173.5343	216.871	126.3907
		lb :	154.4657	195.129	105.6093
		P^-1:
			0.037	-0.0156	-0.0139
			-0.0156	0.0346	0.0149
			-0.0139	0.0149	0.0252
	==================================================================================
	Q6:
		Shape: Ellipse
		q_c:	159.5	202.0	95.5
		ub :	172.2567	215.4751	106.4623
		lb :	146.7433	188.5249	84.5377
		P^-1:
			0.019	0.0057	0.0028
			0.0057	0.0137	0.0016
			0.0028	0.0016	0.0134


===========================================================================================
===========================================================================================
S2:
	q_c:	148.5	362.0	158.0
	ub :	161.5671	375.9712	171.3239
	lb :	141.2165	356.0269	145.6135

	==================================================================================
	Q1:
		Shape: Polyhedra
		q_c:	144.0	365.0	151.0
		ub :	146.2135	370.3538	156.3865
		lb :	141.7865	359.6462	145.6135
		A:
			0.8121	-0.5825	0.0348
			0.849	-0.1219	0.5141
			0.9171	-0.0198	-0.3982
			0.9488	-0.0021	-0.3159
			-0.0301	0.966	0.2567
			0.7759	-0.3345	-0.5349
			0.2108	0.6653	0.7162
			0.0974	0.7147	-0.6926
			-0.9727	0.2158	0.0859
			-0.2108	-0.6653	-0.7162
			-0.0974	-0.7147	0.6926
			0.9727	-0.2158	-0.0859
		b:
			-88.7354
			157.8958
			66.1865
			89.4927
			391.0276
			-88.8782
			385.8419
			173.303
			-47.3454
			-376.8419
			-167.303
			49.3454
	==================================================================================
	Q2:
		Shape: Ellipse
		q_c:	147.0	362.0	151.5
		ub :	152.7835	367.9731	155.9957
		lb :	141.2165	356.0269	147.0043
		P^-1:
			0.0767	0.0151	-0.0671
			0.0151	0.0577	-0.0371
			-0.0671	-0.0371	0.2144
	==================================================================================
	Q3:
		Shape: Ellipse
		q_c:	152.0	370.5	166.5
		ub :	157.8345	375.9712	171.3239
		lb :	146.1655	365.0288	161.6761
		P^-1:
			0.0685	0.0193	-0.035
			0.0193	0.0833	-0.0159
			-0.035	-0.0159	0.1392
	==================================================================================
	Q4:
		Shape: Ellipse
		q_c:	157.5	361.5	161.0
		ub :	161.5671	366.1875	165.6203
		lb :	153.4329	356.8125	156.3797
		P^-1:
			0.2392	-0.047	-0.1845
			-0.047	0.075	0.0491
			-0.1845	0.0491	0.2553
	==================================================================================
	Q5:
		Shape: Ellipse
		q_c:	155.0	365.0	161.5
		ub :	159.9638	369.9711	164.1069
		lb :	150.0362	360.0289	158.8931
		P^-1:
			0.1937	0.0249	-0.2995
			0.0249	0.0872	-0.0666
			-0.2995	-0.0666	0.8824
	==================================================================================
	Q6:
		Shape: Hybrid
		q_c:	149.0	363.0	160.5
		ub :	151.9575	365.2962	164.4377
		lb :	146.0425	360.7038	156.5623
		P^-1:
			0.3754	-0.0049	-0.1421
			-0.0049	0.2488	-0.0132
			-0.1421	-0.0132	0.1518
		A:
			0.7338	0.1823	-0.6545
			0.8007	-0.5101	-0.3142
			0.7628	-0.6318	-0.1377
			0.4501	0.8714	-0.195
			0.7849	-0.5248	0.3296
			0.5051	0.7719	-0.3861
		b:
			71.4144
			-115.4066
			-136.7283
			353.2488
			-18.8805
			294.5491


===========================================================================================
===========================================================================================
S3:
	q_c:	515.5	90.0	417.0
	ub :	529.9114	104.0665	428.3205
	lb :	498.8237	73.3555	399.4818

	==================================================================================
	Q1:
		Shape: Ellipse
		q_c:	509.5	98.5	411.5
		ub :	514.8302	104.0665	417.4229
		lb :	504.1698	92.9335	405.5771
		P^-1:
			0.0677	-0.0084	-0.0014
			-0.0084	0.076	0.0042
			-0.0014	0.0042	0.0335
	==================================================================================
	Q2:
		Shape: Polyhedra
		q_c:	522.0	88.5	412.5
		ub :	529.9114	95.324	419.6179
		lb :	514.0886	81.676	405.3821
		A:
			-0.5693	-0.817	-0.0917
			-0.3735	-0.5894	0.7163
			-0.0256	-0.6107	-0.7914
			0.9526	0.2955	-0.0719
			-0.6266	0.5447	-0.5573
			-0.2546	-0.8405	-0.4783
			0.3979	0.5772	0.7131
			-0.4692	0.796	-0.3825
			-0.7884	-0.1824	0.5875
			-0.3979	-0.5772	-0.7131
			0.4692	-0.796	0.3825
			0.7884	0.1824	-0.5875
		b:
			-403.2392
			53.8614
			-390.7633
			498.6851
			-503.5397
			-401.4874
			555.4307
			-326.7626
			-179.8151
			-550.4307
			337.7626
			190.8151
	==================================================================================
	Q3:
		Shape: Polyhedra
		q_c:	517.0	81.0	414.5
		ub :	524.171	88.6445	421.3173
		lb :	509.829	73.3555	407.6827
		A:
			-0.112	0.6883	-0.7168
			-0.8675	-0.0183	0.497
			-0.1875	-0.5449	0.8173
			0.1644	0.4262	0.8895
			0.2639	0.7736	0.576
			-0.7253	0.476	0.4974
			0.8661	0.4986	0.0364
			0.4712	-0.8386	0.2734
			0.1668	-0.2197	-0.9612
			-0.8661	-0.4986	-0.0364
			-0.4712	0.8386	-0.2734
			-0.1668	0.2197	0.9612
		b:
			-294.1062
			-239.0563
			202.8308
			493.5814
			442.9396
			-125.0407
			507.7223
			294.038
			-324.4766
			-498.7223
			-284.038
			335.4766
	==================================================================================
	Q4:
		Shape: Ellipse
		q_c:	511.0	97.0	414.5
		ub :	517.1806	101.6023	420.9884
		lb :	504.8194	92.3977	408.0116
		P^-1:
			0.0537	0.0004	0.0063
			0.0004	0.0806	0.0046
			0.0063	0.0046	0.0593
	==================================================================================
	Q5:
		Shape: Ellipse
		q_c:	506.5	80.0	421.5
		ub :	514.1763	85.0037	428.3205
		lb :	498.8237	74.9963	414.6795
		P^-1:
			0.0956	0.0324	-0.095
			0.0324	0.1119	-0.0586
			-0.095	-0.0586	0.1445
	==================================================================================
	Q6:
		Shape: Hybrid
		q_c:	516.5	90.5	408.0
		ub :	524.9862	98.9623	416.5182
		lb :	508.0138	82.0377	399.4818
		P^-1:
			0.0442	0.005	0.0161
			0.005	0.032	0.0017
			0.0161	0.0017	0.0471
		A:
			-0.8791	0.2564	-0.4019
			0.5854	0.7355	0.341
			0.9716	0.1383	0.192
			-0.7831	0.6044	-0.1466
			0.2075	-0.0954	0.9736
			-0.8449	-0.457	0.278
		b:
			-592.1525
			510.8179
			595.3636
			-406.1192
			498.355
			-361.0083


===========================================================================================
===========================================================================================
S4:
	q_c:	382.5	406.0	74.5
	ub :	402.8061	419.7306	96.1617
	lb :	362.7843	392.074	57.8133

	==================================================================================
	Q1:
		Shape: Ellipse
		q_c:	393.0	399.0	63.5
		ub :	398.7294	405.926	69.1867
		lb :	387.2706	392.074	57.8133
		P^-1:
			0.5174	0.2654	-0.3976
			0.2654	0.1652	-0.2246
			-0.3976	-0.2246	0.3871
	==================================================================================
	Q2:
		Shape: Polyhedra
		q_c:	382.5	412.0	72.5
		ub :	390.47	419.0973	81.3837
		lb :	374.53	404.9027	63.6163
		A:
			0.5877	-0.6052	-0.537
			0.282	-0.9451	-0.1653
			-0.702	-0.5296	-0.4762
			0.4338	0.8955	0.0996
			-0.6597	-0.0633	-0.7489
			0.3406	-0.914	0.2204
			0.9564	0.0252	0.2911
			-0.2586	-0.391	0.8833
			0.1361	-0.92	-0.3674
			-0.9564	-0.0252	-0.2911
			0.2586	0.391	-0.8833
			-0.1361	0.92	0.3674
		b:
			-58.1803
			-288.4031
			-515.521
			547.463
			-326.7323
			-224.9297
			403.2904
			-189.9584
			-348.6483
			-391.2904
			201.9584
			358.6483
	==================================================================================
	Q3:
		Shape: Hybrid
		q_c:	369.0	408.0	83.0
		ub :	375.2157	417.6003	92.4177
		lb :	362.7843	398.3997	73.5823
		P^-1:
			0.0753	-0.0254	-0.0295
			-0.0254	0.0381	0.0249
			-0.0295	0.0249	0.0485
		A:
			0.8763	-0.4707	0.1022
			0.8782	-0.2547	-0.4048
			-0.9071	0.0509	0.4177
			0.2187	0.8347	-0.5054
			-0.4388	0.8967	0.0583
			-0.8113	-0.5832	0.0404
		b:
			142.8783
			188.2963
			-277.0104
			385.2388
			212.7493
			-529.6151
	==================================================================================
	Q4:
		Shape: Ellipse
		q_c:	392.0	406.0	82.0
		ub :	398.2423	414.5328	89.9627
		lb :	385.7577	397.4672	74.0373
		P^-1:
			0.0969	0.0282	-0.0533
			0.0282	0.0461	-0.035
			-0.0533	-0.035	0.0807
	==================================================================================
	Q5:
		Shape: Ellipse
		q_c:	392.0	411.5	75.5
		ub :	398.1986	417.1772	82.1868
		lb :	385.8014	405.8228	68.8132
		P^-1:
			0.0853	-0.0488	0.0203
			-0.0488	0.1155	-0.0252
			0.0203	-0.0252	0.0363
	==================================================================================
	Q6:
		Shape: Hybrid
		q_c:	393.0	411.0	87.5
		ub :	402.8061	419.7306	96.1617
		lb :	383.1939	402.2694	78.8383
		P^-1:
			0.0311	-0.002	-0.0155
			-0.002	0.0429	-0.0139
			-0.0155	-0.0139	0.0463
		A:
			-0.0354	0.9523	-0.303
			0.2868	0.4511	-0.8451
			-0.2824	-0.2163	0.9346
			-0.5956	-0.7869	0.1613
			-0.1908	-0.4688	0.8625
			0.9106	-0.0995	-0.4012
		b:
			353.5906
			226.2542
			-115.7419
			-539.6694
			-190.0154
			285.0261


===========================================================================================
===========================================================================================
S5:
	q_c:	379.5	439.5	277.5
	ub :	398.7762	464.8582	303.9718
	lb :	358.0958	416.6403	260.0712

	==================================================================================
	Q1:
		Shape: Polyhedra
		q_c:	377.0	446.0	284.0
		ub :	384.55	452.7675	288.3619
		lb :	369.45	439.2325	279.6381
		A:
			-0.3164	-0.3903	-0.8646
			0.6659	-0.6515	0.3635
			0.0532	-0.9264	-0.3728
			0.3318	0.1481	-0.9316
			0.3495	0.2068	0.9138
			0.6263	-0.7285	-0.2774
			0.875	0.4821	0.0437
			0.4814	-0.8572	-0.1829
			-0.0507	0.1811	-0.9822
			-0.875	-0.4821	-0.0437
			-0.4814	0.8572	0.1829
			0.0507	-0.1811	0.9822
		b:
			-534.4791
			67.5195
			-494.7936
			-69.5121
			487.7771
			-163.9327
			563.8099
			-249.2838
			-213.7717
			-550.8099
			256.2838
			220.7717
	==================================================================================
	Q2:
		Shape: Ellipse
		q_c:	374.0	424.5	267.0
		ub :	381.3038	432.3597	269.9615
		lb :	366.6962	416.6403	264.0385
		P^-1:
			0.0972	0.0556	-0.11
			0.0556	0.061	-0.0717
			-0.11	-0.0717	0.3883
	==================================================================================
	Q3:
		Shape: Hybrid
		q_c:	393.5	426.0	272.0
		ub :	398.7762	430.9675	278.147
		lb :	388.2238	421.0325	265.853
		P^-1:
			0.0494	0.0053	0.0058
			0.0053	0.1917	0.0958
			0.0058	0.0958	0.0914
		A:
			-0.618	0.6743	0.4042
			0.4502	-0.8673	-0.2126
			-0.4048	0.8916	0.2031
			0.6069	-0.5245	-0.5972
			-0.027	-0.8118	-0.5834
			-0.5661	-0.7945	-0.2196
		b:
			156.2971
			-248.0839
			277.7566
			-144.5361
			-514.0718
			-618.7485
	==================================================================================
	Q4:
		Shape: Hybrid
		q_c:	380.5	432.0	267.0
		ub :	389.3554	440.6792	273.9288
		lb :	371.6446	423.3208	260.0712
		P^-1:
			0.0617	-0.0508	-0.0379
			-0.0508	0.0829	0.0465
			-0.0379	0.0465	0.0594
		A:
			-0.0817	-0.8325	0.548
			-0.6963	0.6161	0.3682
			-0.5611	0.7836	0.2665
			0.0555	-0.6771	-0.7338
			-0.5364	0.3126	0.784
			0.5076	-0.7107	-0.4871
		b:
			-239.1347
			101.134
			197.9239
			-464.4591
			142.6995
			-242.6421
	==================================================================================
	Q5:
		Shape: Hybrid
		q_c:	377.0	455.0	284.5
		ub :	386.5468	464.8582	292.697
		lb :	367.4532	445.1418	276.303
		P^-1:
			0.0223	0.0051	0.0041
			0.0051	0.0346	0.0122
			0.0041	0.0122	0.0366
		A:
			0.6115	-0.2139	-0.7618
			0.0182	0.8939	0.4479
			-0.0823	0.915	0.395
			-0.3929	-0.0502	0.9182
			-0.6813	0.6067	-0.4097
			-0.0167	0.7541	0.6565
		b:
			-79.5632
			543.6908
			500.5755
			94.0757
			-92.7046
			526.0864
	==================================================================================
	Q6:
		Shape: Ellipse
		q_c:	370.5	440.5	292.0
		ub :	382.9042	449.1667	303.9718
		lb :	358.0958	431.8333	280.0282
		P^-1:
			0.0167	-0.005	-0.0026
			-0.005	0.0305	-0.0046
			-0.0026	-0.0046	0.0187


===========================================================================================
===========================================================================================
S6:
	q_c:	532.0	251.5	216.5
	ub :	557.3335	276.7632	243.3642
	lb :	500.4986	232.6325	194.608

	==================================================================================
	Q1:
		Shape: Hybrid
		q_c:	545.5	258.0	233.0
		ub :	557.3335	268.4126	243.3642
		lb :	533.6665	247.5874	222.6358
		P^-1:
			0.0329	0.0082	0.0234
			0.0082	0.0498	-0.025
			0.0234	-0.025	0.0558
		A:
			-0.5878	-0.7293	0.3502
			0.8726	0.2702	0.407
			0.0908	0.3902	-0.9162
			0.7319	0.6565	0.1826
			-0.7783	-0.6245	-0.0647
			0.1032	0.4723	-0.8754
		b:
			-423.9111
			643.7469
			-59.3857
			614.0141
			-597.5604
			-22.3489
	==================================================================================
	Q2:
		Shape: Polyhedra
		q_c:	516.0	247.5	217.0
		ub :	531.5014	262.3675	230.64
		lb :	500.4986	232.6325	203.36
		A:
			0.4218	-0.2239	0.8786
			0.3071	-0.6741	0.6718
			0.7934	-0.4313	0.4296
			0.8942	-0.0214	0.4472
			-0.1688	0.9087	0.3818
			-0.2217	0.7686	-0.6001
			0.6055	0.0396	0.7949
			-0.6721	-0.5095	0.5373
			0.4263	-0.8595	-0.2819
			-0.6055	-0.0396	-0.7949
			0.6721	0.5095	-0.5373
			-0.4263	0.8595	0.2819
		b:
			359.5943
			146.2024
			403.7414
			560.3566
			230.9553
			-44.9627
			500.7251
			-345.2816
			-43.4607
			-488.7251
			367.2816
			64.4607
	==================================================================================
	Q3:
		Shape: Polyhedra
		q_c:	543.0	264.5	205.5
		ub :	551.5271	274.6281	214.9056
		lb :	534.4729	254.3719	196.0944
		A:
			0.2567	0.8927	0.3705
			0.1265	0.0565	-0.9904
			-0.8651	0.4565	-0.2076
			-0.8525	0.503	-0.1421
			0.1857	-0.7527	0.6317
			0.8949	0.2017	-0.398
			0.9044	0.3825	0.1893
			0.1025	-0.6253	0.7737
			0.4143	-0.6803	-0.6047
			-0.9044	-0.3825	-0.1893
			-0.1025	0.6253	-0.7737
			-0.4143	0.6803	0.6047
		b:
			457.633
			-113.8971
			-385.6795
			-353.0917
			37.5684
			463.5241
			637.1356
			55.291
			-73.2319
			-625.1356
			-43.291
			85.2319
	==================================================================================
	Q4:
		Shape: Hybrid
		q_c:	538.0	268.0	214.0
		ub :	545.3942	276.7632	220.234
		lb :	530.6058	259.2368	207.766
		P^-1:
			0.0268	0.0047	0.0155
			0.0047	0.0264	0.0265
			0.0155	0.0265	0.0994
		A:
			-0.987	-0.1509	-0.0548
			-0.4515	-0.0231	0.892
			0.0648	-0.6222	-0.7802
			-0.3891	-0.0673	-0.9187
			-0.1697	0.8716	0.4599
			0.6183	0.3134	-0.7208
		b:
			-578.3608
			-54.6607
			-296.2772
			-421.9327
			245.0334
			267.1652
	==================================================================================
	Q5:
		Shape: Ellipse
		q_c:	521.5	241.0	202.0
		ub :	526.8199	247.4463	209.392
		lb :	516.1801	234.5537	194.608
		P^-1:
			0.2314	0.1957	0.0631
			0.1957	0.2257	0.0641
			0.0631	0.0641	0.0441
	==================================================================================
	Q6:
		Shape: Hybrid
		q_c:	522.0	242.0	228.5
		ub :	528.4854	247.6857	235.6184
		lb :	515.5146	236.3143	221.3816
		P^-1:
			0.0499	0.0106	0.0033
			0.0106	0.0873	0.0318
			0.0033	0.0318	0.0633
		A:
			-0.3053	-0.6533	0.6928
			-0.1206	0.6277	0.769
			0.323	-0.2837	-0.9029
			0.9156	0.3026	0.2648
			0.3066	0.8471	0.4341
			0.6157	0.4958	0.6125
		b:
			-155.9359
			266.4783
			-103.8897
			614.3535
			465.7869
			583.3996


===========================================================================================
===========================================================================================
S7:
	q_c:	303.5	429.0	179.0
	ub :	323.3787	445.1325	204.3393
	lb :	287.6022	415.7257	149.5705

	==================================================================================
	Q1:
		Shape: Polyhedra
		q_c:	307.5	434.0	167.0
		ub :	317.1435	445.1325	178.3609
		lb :	297.8565	422.8675	155.6391
		A:
			0.6128	0.0618	0.7879
			0.3888	-0.1757	0.9044
			-0.0342	0.5007	0.865
			-0.1585	-0.7451	-0.6479
			0.8877	0.4497	-0.0984
			-0.1643	-0.5462	-0.8214
			0.8138	0.0994	0.5726
			0.0814	0.956	-0.2818
			-0.5754	0.2759	0.7699
			-0.8138	-0.0994	-0.5726
			-0.0814	-0.956	0.2818
			0.5754	-0.2759	-0.7699
		b:
			352.9451
			201.0707
			358.0866
			-472.9465
			458.8927
			-417.942
			395.0254
			401.889
			78.4052
			-383.0254
			-383.889
			-64.4052
	==================================================================================
	Q2:
		Shape: Hybrid
		q_c:	297.0	428.5	194.0
		ub :	306.3978	438.0456	204.3393
		lb :	287.6022	418.9544	183.6607
		P^-1:
			0.0831	-0.0493	-0.0571
			-0.0493	0.0611	0.023
			-0.0571	0.023	0.0648
		A:
			-0.635	0.7609	0.1332
			0.4845	-0.579	-0.6558
			-0.5549	0.3541	0.7528
			-0.5881	0.795	0.1488
			-0.9854	0.1695	-0.0181
			0.4708	-0.1373	-0.8715
		b:
			165.3429
			-229.0014
			134.9402
			196.9159
			-217.7567
			-85.4872
	==================================================================================
	Q3:
		Shape: Ellipse
		q_c:	304.0	431.0	170.5
		ub :	311.1458	440.4533	180.1742
		lb :	296.8542	421.5467	160.8258
		P^-1:
			0.0568	0.0014	-0.0127
			0.0014	0.0226	0.0071
			-0.0127	0.0071	0.034
	==================================================================================
	Q4:
		Shape: Hybrid
		q_c:	308.5	423.0	185.0
		ub :	319.4059	430.2743	188.1145
		lb :	297.5941	415.7257	181.8855
		P^-1:
			0.0117	-0.0069	0.0002
			-0.0069	0.0384	-0.0014
			0.0002	-0.0014	0.1111
		A:
			0.02	-0.9794	-0.2011
			-0.3094	-0.7268	0.6132
			0.3376	-0.2274	-0.9134
			-0.2457	-0.8411	-0.4818
			0.053	-0.4896	-0.8703
			-0.696	0.4666	-0.5457
		b:
			-441.5191
			-284.9817
			-158.3372
			-516.2278
			-349.5704
			-113.1641
	==================================================================================
	Q5:
		Shape: Polyhedra
		q_c:	315.0	424.0	185.5
		ub :	323.3787	431.024	194.1752
		lb :	306.6213	416.976	176.8248
		A:
			-0.6056	0.7744	0.1833
			0.6185	0.7042	0.3487
			-0.6861	0.7083	-0.1664
			0.1665	0.0838	-0.9825
			0.6825	0.6019	0.4145
			-0.0912	0.9958	-0.0002
			0.4566	0.6958	0.5544
			-0.3798	0.716	-0.5858
			-0.8045	0.0569	0.5912
			-0.4566	-0.6958	-0.5544
			0.3798	-0.716	0.5858
			0.8045	-0.0569	-0.5912
		b:
			176.7063
			562.6566
			58.4482
			-89.1186
			551.6958
			398.2742
			546.1972
			80.2827
			-114.1158
			-537.1972
			-70.2827
			125.1158
	==================================================================================
	Q6:
		Shape: Ellipse
		q_c:	298.0	430.5	157.0
		ub :	306.1672	434.8183	164.4295
		lb :	289.8328	426.1817	149.5705
		P^-1:
			0.022	0.0103	0.0064
			0.0103	0.1447	0.0401
			0.0064	0.0401	0.0468


===========================================================================================
===========================================================================================
S8:
	q_c:	65.5	205.5	236.0
	ub :	76.0317	216.2061	244.8966
	lb :	56.592	193.3806	225.4659

	==================================================================================
	Q1:
		Shape: Polyhedra
		q_c:	63.5	200.0	233.5
		ub :	68.9675	204.7746	238.464
		lb :	58.0325	195.2254	228.536
		A:
			-0.5067	-0.3581	-0.7842
			-0.521	-0.8531	0.0297
			-0.5724	0.7261	-0.381
			0.3601	-0.9222	-0.1412
			-0.5068	-0.2701	-0.8186
			-0.0477	0.42	0.9063
			0.3078	0.2373	0.9214
			0.0793	0.9586	-0.2734
			-0.9482	0.1572	0.2762
			-0.3078	-0.2373	-0.9214
			-0.0793	-0.9586	0.2734
			0.9482	-0.1572	-0.2762
		b:
			-283.8217
			-193.1554
			23.6777
			-190.7528
			-274.2693
			295.8318
			285.1529
			136.4198
			40.2292
			-279.1529
			-129.4198
			-31.2292
	==================================================================================
	Q2:
		Shape: Polyhedra
		q_c:	61.0	211.0	229.5
		ub :	65.2741	214.6929	233.5341
		lb :	56.7259	207.3071	225.4659
		A:
			-0.0999	0.5194	-0.8487
			0.9112	0.1526	-0.3827
			-0.0856	-0.5352	0.8404
			0.7918	0.5759	-0.2035
			-0.8381	0.3957	-0.3756
			0.3522	0.8602	-0.3688
			0.6089	0.4925	0.6218
			-0.6586	-0.1231	0.7424
			0.4422	-0.8615	0.2495
			-0.6089	-0.4925	-0.6218
			0.6586	0.1231	-0.7424
			-0.4422	0.8615	-0.2495
		b:
			-88.7859
			2.4716
			77.222
			125.6092
			-51.3256
			120.8609
			286.2792
			106.7281
			-95.0609
			-281.2792
			-101.7281
			100.0609
	==================================================================================
	Q3:
		Shape: Polyhedra
		q_c:	61.5	211.0	240.5
		ub :	66.408	216.2061	244.8966
		lb :	56.592	205.7939	236.1034
		A:
			0.5735	0.769	0.2823
			-0.5831	-0.3653	0.7257
			0.3772	0.6483	0.6614
			-0.2834	0.7466	0.6019
			-0.7695	-0.5786	0.2702
			-0.1842	0.9778	-0.0995
			0.494	0.8148	0.3033
			0.8615	-0.5058	-0.0443
			0.1173	0.2832	-0.9518
			-0.494	-0.8148	-0.3033
			-0.8615	0.5058	0.0443
			-0.1173	-0.2832	0.9518
		b:
			268.4355
			65.0283
			322.136
			288.1619
			-101.2073
			174.3545
			278.2638
			-60.9011
			-158.4439
			-272.2638
			67.9011
			165.4439
	==================================================================================
	Q4:
		Shape: Hybrid
		q_c:	65.5	200.0	232.0
		ub :	71.1067	206.6194	238.3732
		lb :	59.8933	193.3806	225.6268
		P^-1:
			0.094	0.0428	-0.0415
			0.0428	0.0829	-0.0219
			-0.0415	-0.0219	0.0857
		A:
			-0.6447	0.2488	-0.7228
			-0.1459	0.8339	0.5322
			-0.758	-0.6017	-0.2517
			-0.9202	0.1531	0.3603
			0.3532	0.6989	0.6219
			0.9668	0.148	-0.2081
		b:
			-156.5708
			283.5656
			-226.1036
			56.4454
			309.883
			46.8466
	==================================================================================
	Q5:
		Shape: Polyhedra
		q_c:	62.0	200.5	237.5
		ub :	66.7598	204.0261	242.0969
		lb :	57.2402	196.9739	232.9031
		A:
			-0.331	-0.9043	-0.2696
			-0.3232	-0.9448	-0.0539
			-0.5413	-0.6995	-0.4666
			0.31	0.3012	0.9018
			0.5418	0.1603	-0.825
			0.0381	-0.9105	-0.4118
			0.4678	0.6708	0.5754
			-0.5131	0.7363	-0.4412
			-0.7196	-0.0889	0.6886
			-0.4678	-0.6708	-0.5754
			0.5131	-0.7363	0.4412
			0.7196	0.0889	-0.6886
		b:
			-264.0156
			-220.095
			-283.0661
			295.8754
			-126.748
			-275.8594
			301.6744
			14.0277
			104.615
			-298.6744
			-8.0277
			-97.615
	==================================================================================
	Q6:
		Shape: Hybrid
		q_c:	69.5	207.0	240.5
		ub :	76.0317	213.2167	244.7077
		lb :	62.9683	200.7833	236.2923
		P^-1:
			0.0696	-0.0227	-0.0286
			-0.0227	0.0621	0.0024
			-0.0286	0.0024	0.15
		A:
			-0.9851	0.1715	0.0108
			0.0433	-0.1203	-0.9918
			0.4648	-0.6705	-0.5783
			0.3329	0.0141	0.9429
			-0.5135	0.1504	0.8448
			-0.9634	0.029	-0.2664
		b:
			-27.6859
			-258.952
			-243.7282
			254.8078
			199.9723
			-121.9818


===========================================================================================
===========================================================================================
S9:
	q_c:	79.0	433.5	495.0
	ub :	100.7768	453.3715	525.1812
	lb :	60.0377	407.3828	479.6064

	==================================================================================
	Q1:
		Shape: Polyhedra
		q_c:	85.0	421.0	504.5
		ub :	95.7026	434.6172	518.2998
		lb :	74.2974	407.3828	490.7002
		A:
			-0.5474	-0.3506	-0.7599
			0.9781	-0.1134	-0.1746
			-0.8143	0.5509	0.1829
			0.6948	-0.3642	-0.6202
			0.0145	-0.3359	-0.9418
			-0.817	0.3153	-0.4828
			0.7982	0.5397	0.2677
			-0.0198	0.4676	-0.8837
			-0.6021	0.7001	0.3839
			-0.7982	-0.5397	-0.2677
			0.0198	-0.4676	0.8837
			0.6021	-0.7001	-0.3839
		b:
			-568.1928
			-45.3556
			260.9379
			-400.6176
			-606.6172
			-171.5079
			439.1053
			-240.1591
			442.725
			-421.1053
			261.1591
			-431.725
	==================================================================================
	Q2:
		Shape: Polyhedra
		q_c:	69.5	445.0	497.0
		ub :	78.3562	453.3715	504.7377
		lb :	60.6438	436.6285	489.2623
		A:
			-0.6354	-0.6266	-0.4513
			0.9861	-0.0375	0.162
			-0.5991	-0.3475	-0.7213
			-0.9237	-0.0275	0.382
			-0.3596	-0.0375	-0.9324
			0.7369	0.1409	-0.6612
			0.3495	0.6577	0.6673
			-0.6724	0.6721	-0.3103
			-0.6525	-0.3402	0.6771
			-0.3495	-0.6577	-0.6673
			0.6724	-0.6721	0.3103
			0.6525	0.3402	-0.6771
		b:
			-543.524
			138.032
			-550.6492
			118.8059
			-500.3915
			-209.6625
			652.1133
			104.6376
			144.7641
			-645.1133
			-91.6376
			-134.7641
	==================================================================================
	Q3:
		Shape: Polyhedra
		q_c:	85.5	427.0	510.0
		ub :	100.7768	442.9413	525.1812
		lb :	70.2232	411.0587	494.8188
		A:
			-0.1784	0.6669	0.7235
			0.5108	0.1551	-0.8456
			0.4979	-0.1365	0.8564
			-0.6213	0.4834	0.6167
			-0.0249	-0.6665	0.7451
			0.2724	-0.4274	0.8621
			0.3809	0.6546	0.653
			-0.7405	0.6389	-0.2084
			-0.5536	-0.4042	0.7281
			-0.3809	-0.6546	-0.653
			0.7405	-0.6389	0.2084
			0.5536	0.4042	-0.7281
		b:
			648.4882
			-312.2205
			430.5416
			476.9917
			102.1634
			289.4999
			655.6164
			111.693
			160.3781
			-634.6164
			-94.693
			-142.3781
	==================================================================================
	Q4:
		Shape: Hybrid
		q_c:	78.0	424.0	493.5
		ub :	89.6409	436.7423	507.3936
		lb :	66.3591	411.2577	479.6064
		P^-1:
			0.0173	-0.0016	-0.0011
			-0.0016	0.0128	-0.0034
			-0.0011	-0.0034	0.0155
		A:
			0.9686	-0.2287	0.0974
			0.0415	-0.6589	-0.7511
			-0.2056	-0.5204	0.8288
			-0.676	0.6296	0.3829
			0.2104	-0.9771	-0.0317
			0.5846	0.8096	0.0533
		b:
			30.4456
			-640.8802
			176.0479
			407.7515
			-408.2719
			420.7045
	==================================================================================
	Q5:
		Shape: Polyhedra
		q_c:	78.0	445.5	485.5
		ub :	83.2789	451.9402	490.9899
		lb :	72.7211	439.0598	480.0101
		A:
			-0.6101	0.6167	-0.4975
			0.2259	-0.1196	-0.9668
			0.9881	-0.1321	0.0792
			-0.926	0.2041	-0.3177
			0.8086	-0.5777	0.111
			-0.2498	0.6109	0.7513
			0.2488	0.9634	0.0995
			0.8506	-0.2665	0.4533
			0.4633	-0.0281	-0.8858
			-0.2488	-0.9634	-0.0995
			-0.8506	0.2665	-0.4533
			-0.4633	0.0281	0.8858
		b:
			-11.3174
			-500.5564
			59.2865
			-133.3967
			-137.4007
			622.5068
			502.9382
			169.6875
			-401.9454
			-490.9382
			-165.6875
			410.9454
	==================================================================================
	Q6:
		Shape: Hybrid
		q_c:	71.5	437.5	504.0
		ub :	82.9623	449.2379	516.9226
		lb :	60.0377	425.7621	491.0774
		P^-1:
			0.0124	0.0005	0.0006
			0.0005	0.0168	0.0024
			0.0006	0.0024	0.0109
		A:
			0.7014	0.4789	0.5279
			-0.478	-0.2578	-0.8396
			-0.6488	-0.2476	0.7195
			-0.2293	-0.9643	-0.1322
			-0.239	0.9004	-0.3635
			0.4166	0.5205	0.7453
		b:
			530.3145
			-564.9751
			213.8888
			-501.04
			198.604
			637.7413


===========================================================================================
===========================================================================================
S10:
	q_c:	284.5	355.0	377.5
	ub :	298.1342	379.6353	399.0525
	lb :	259.0191	339.123	360.0469

	==================================================================================
	Q1:
		Shape: Polyhedra
		q_c:	268.5	368.0	387.5
		ub :	277.9809	379.6353	399.0525
		lb :	259.0191	356.3647	375.9475
		A:
			-0.9023	0.2547	0.3479
			-0.0673	0.2511	0.9656
			-0.8622	-0.2805	-0.4219
			-0.8609	0.1252	0.4932
			-0.8648	0.2595	0.4298
			0.1081	-0.5632	0.8192
			0.8523	0.4	0.3369
			0.0059	-0.6516	0.7586
			0.5229	-0.6446	-0.5577
			-0.8523	-0.4	-0.3369
			-0.0059	0.6516	-0.7586
			-0.5229	0.6446	0.5577
		b:
			-7.6196
			455.0462
			-490.2037
			12.2696
			35.7644
			147.2237
			514.6067
			63.752
			-307.9119
			-498.6067
			-47.752
			317.9119
	==================================================================================
	Q2:
		Shape: Polyhedra
		q_c:	282.5	354.0	367.5
		ub :	290.7592	362.232	374.9531
		lb :	274.2408	345.768	360.0469
		A:
			0.3238	0.2098	0.9226
			0.0073	0.5401	0.8416
			-0.0575	0.9626	0.2646
			-0.1119	0.2832	-0.9525
			-0.7064	0.3935	-0.5883
			-0.5607	-0.5715	0.5992
			0.5281	0.7726	0.3524
			0.8356	-0.3989	-0.3777
			-0.1513	0.4939	-0.8563
			-0.5281	-0.7726	-0.3524
			-0.8356	0.3989	0.3777
			0.1513	-0.4939	0.8563
		b:
			509.2967
			507.6509
			427.0215
			-277.3371
			-271.7615
			-135.713
			557.1914
			-37.9543
			-178.5684
			-547.1914
			49.9543
			186.5684
	==================================================================================
	Q3:
		Shape: Polyhedra
		q_c:	288.5	348.0	372.0
		ub :	298.1342	356.877	379.084
		lb :	278.8658	339.123	364.916
		A:
			-0.8162	0.0557	0.575
			-0.4358	0.0745	0.897
			0.294	0.6479	-0.7027
			-0.8124	0.0771	0.578
			-0.9606	0.2741	-0.046
			0.5948	0.0655	-0.8012
			0.723	0.3664	0.5857
			-0.41	0.9099	-0.0631
			-0.556	-0.1945	0.8081
			-0.723	-0.3664	-0.5857
			0.41	-0.9099	0.0631
			0.556	0.1945	-0.8081
		b:
			1.4221
			237.1222
			52.6639
			11.0975
			-192.4837
			-101.0804
			561.9661
			180.8842
			75.0075
			-545.9661
			-168.8842
			-70.0075
	==================================================================================
	Q4:
		Shape: Polyhedra
		q_c:	274.0	369.0	387.5
		ub :	282.1404	372.8407	394.4707
		lb :	265.8596	365.1593	380.5293
		A:
			-0.193	0.7841	-0.5899
			0.166	0.9748	-0.1488
			0.2277	0.865	0.4471
			-0.184	-0.9395	-0.2888
			0.2726	0.9153	-0.2965
			-0.1678	0.9525	0.2539
			0.3002	0.9498	0.0886
			0.4803	-0.0703	-0.8743
			-0.8241	0.305	-0.4772
			-0.3002	-0.9498	-0.0886
			-0.4803	0.0703	0.8743
			0.8241	-0.305	0.4772
		b:
			12.9694
			349.7693
			556.9936
			-507.3023
			299.8722
			406.8341
			468.5387
			-229.1233
			-291.1973
			-465.5387
			237.1233
			305.1973
	==================================================================================
	Q5:
		Shape: Polyhedra
		q_c:	271.0	358.5	371.0
		ub :	275.8234	363.3731	375.4636
		lb :	266.1766	353.6269	366.5364
		A:
			0.7828	-0.3231	0.5318
			-0.2245	0.6885	0.6896
			0.6667	-0.5175	-0.5364
			-0.2168	-0.2875	0.9329
			0.455	0.8845	0.1029
			0.9188	-0.3916	-0.0492
			0.6201	0.7285	0.2912
			-0.2201	-0.1947	0.9558
			0.753	-0.6569	0.0396
			-0.6201	-0.7285	-0.2912
			0.2201	0.1947	-0.9558
			-0.753	0.6569	-0.0396
		b:
			296.4569
			445.0231
			-200.9695
			187.7999
			482.0495
			92.987
			540.7339
			228.6758
			-14.2271
			-533.7339
			-221.6758
			19.2271
	==================================================================================
	Q6:
		Shape: Ellipse
		q_c:	287.5	370.0	385.5
		ub :	295.2577	378.4003	392.4077
		lb :	279.7423	361.5997	378.5923
		P^-1:
			0.0363	-0.0055	-0.0011
			-0.0055	0.0313	0.0007
			-0.0011	0.0007	0.0279


===========================================================================================
===========================================================================================
S11:
	q_c:	101.0	465.5	421.5
	ub :	122.1442	482.4944	437.0781
	lb :	78.4938	444.0484	408.2905

	==================================================================================
	Q1:
		Shape: Polyhedra
		q_c:	95.5	464.0	430.5
		ub :	102.7346	471.4673	437.0781
		lb :	88.2654	456.5327	423.9219
		A:
			-0.239	-0.4568	-0.8569
			0.8074	-0.1523	0.5701
			-0.317	0.7846	0.5328
			0.2766	0.1963	0.9407
			0.9494	-0.1727	-0.2625
			0.2999	0.6327	-0.714
			0.1866	0.6045	0.7744
			0.5884	0.5625	-0.5809
			-0.7867	0.564	-0.2508
			-0.1866	-0.6045	-0.7744
			-0.5884	-0.5625	0.5809
			0.7867	-0.564	0.2508
		b:
			-600.1103
			256.5156
			567.179
			526.2806
			-97.678
			19.3955
			635.2104
			71.6206
			83.6339
			-628.2104
			-62.6206
			-73.6339
	==================================================================================
	Q2:
		Shape: Hybrid
		q_c:	92.0	467.5	423.5
		ub :	98.7698	472.0696	430.4728
		lb :	85.2302	462.9304	416.5272
		P^-1:
			0.055	-0.0476	0.0256
			-0.0476	0.1913	-0.0813
			0.0256	-0.0813	0.0837
		A:
			-0.5191	0.0647	0.8523
			0.5754	-0.8022	0.159
			-0.4313	-0.7767	0.4591
			-0.3516	0.9352	-0.0417
			-0.161	-0.9865	-0.0297
			-0.7319	-0.4404	-0.5199
		b:
			347.3389
			-252.9939
			-205.7448
			388.9803
			-486.0829
			-489.426
	==================================================================================
	Q3:
		Shape: Hybrid
		q_c:	88.5	471.5	423.5
		ub :	98.5062	482.469	434.2496
		lb :	78.4938	460.531	412.7504
		P^-1:
			0.0256	-0.0028	-0.0103
			-0.0028	0.0172	0.0047
			-0.0103	0.0047	0.0306
		A:
			0.2069	0.5936	0.7777
			0.5105	-0.4067	-0.7576
			-0.2599	0.7949	-0.5482
			0.1931	-0.5992	-0.777
			0.9428	-0.0427	-0.3306
			0.8242	-0.4065	-0.3942
		b:
			631.7488
			-464.805
			125.0977
			-591.1295
			-73.2838
			-282.491
	==================================================================================
	Q4:
		Shape: Hybrid
		q_c:	99.5	455.5	419.5
		ub :	107.9487	466.9516	430.7095
		lb :	91.0513	444.0484	408.2905
		P^-1:
			0.036	-0.0066	-0.003
			-0.0066	0.0224	0.0057
			-0.003	0.0057	0.0209
		A:
			0.4557	-0.7823	-0.4246
			0.1615	0.9359	0.3131
			-0.2055	-0.9426	-0.2632
			-0.1463	0.9396	0.3094
			0.9292	-0.32	0.1848
			0.1918	-0.9814	-0.0095
		b:
			-486.0206
			577.9322
			-555.8801
			547.078
			27.1681
			-427.6223
	==================================================================================
	Q5:
		Shape: Ellipse
		q_c:	115.0	466.5	428.5
		ub :	122.1442	472.7895	436.5144
		lb :	107.8558	460.2105	420.4856
		P^-1:
			0.0448	-0.0065	-0.0161
			-0.0065	0.0601	-0.0059
			-0.0161	-0.0059	0.0479
	==================================================================================
	Q6:
		Shape: Polyhedra
		q_c:	112.0	476.5	427.5
		ub :	119.9239	482.4944	435.217
		lb :	104.0761	470.5056	419.783
		A:
			-0.2975	-0.8229	-0.484
			0.9279	0.3242	-0.1841
			0.0321	0.1494	0.9883
			-0.4067	0.5471	-0.7317
			0.2765	0.8022	0.5292
			0.1568	-0.5974	-0.7865
			0.7385	0.1031	0.6664
			-0.5997	-0.3513	0.719
			0.3083	-0.9306	-0.1976
			-0.7385	-0.1031	-0.6664
			0.5997	0.3513	-0.719
			-0.3083	0.9306	0.1976
		b:
			-627.9318
			184.707
			502.1792
			-92.877
			643.8821
			-598.8616
			421.718
			77.7821
			-489.3573
			-411.718
			-67.7821
			497.3573


===========================================================================================
===========================================================================================
S12:
	q_c:	191.5	178.0	424.0
	ub :	200.1027	184.7269	435.7652
	lb :	179.5238	169.678	414.4687

	==================================================================================
	Q1:
		Shape: Hybrid
		q_c:	195.0	181.0	426.0
		ub :	198.4202	184.7269	429.5257
		lb :	191.5798	177.2731	422.4743
		P^-1:
			0.2178	-0.0374	-0.0215
			-0.0374	0.2065	-0.025
			-0.0215	-0.025	0.2357
		A:
			0.7941	0.1471	-0.5897
			-0.9373	0.1016	-0.3333
			-0.1382	0.6695	0.7299
			-0.8465	-0.2514	0.4694
			0.1406	0.4112	-0.9007
			-0.177	-0.2289	0.9572
		b:
			-68.6629
			-305.1668
			406.3949
			-9.4822
			-280.8492
			332.8406
	==================================================================================
	Q2:
		Shape: Hybrid
		q_c:	189.5	180.0	427.0
		ub :	193.1916	184.2435	431.632
		lb :	185.8084	175.7565	422.368
		P^-1:
			0.2192	0.0049	-0.0575
			0.0049	0.1113	-0.0026
			-0.0575	-0.0026	0.1417
		A:
			-0.5247	-0.3981	0.7525
			-0.9826	0.083	-0.1664
			0.5405	0.5443	0.6415
			0.2837	-0.957	0.0605
			-0.913	-0.3446	-0.2184
			-0.4485	0.0386	0.893
		b:
			151.5689
			-240.8953
			476.3041
			-90.7174
			-326.7697
			304.6476
	==================================================================================
	Q3:
		Shape: Ellipse
		q_c:	190.0	173.5	423.0
		ub :	194.988	177.322	427.3278
		lb :	185.012	169.678	418.6722
		P^-1:
			0.0839	0.0789	-0.0322
			0.0789	0.3606	-0.1337
			-0.0322	-0.1337	0.1441
	==================================================================================
	Q4:
		Shape: Hybrid
		q_c:	183.0	176.0	430.5
		ub :	186.4762	178.9399	434.4747
		lb :	179.5238	173.0601	426.5253
		P^-1:
			0.1633	0.0465	0.0125
			0.0465	0.347	0.1443
			0.0125	0.1443	0.2052
		A:
			-0.4332	-0.8998	-0.0522
			0.0238	0.1733	0.9846
			-0.3539	-0.9062	-0.2314
			0.1859	0.5703	0.8001
			-0.9912	0.1249	-0.0447
			0.4207	-0.3228	-0.8478
		b:
			-258.9429
			460.3769
			-322.9176
			479.9
			-176.8013
			-343.3498
	==================================================================================
	Q5:
		Shape: Polyhedra
		q_c:	191.0	178.5	419.0
		ub :	195.8234	183.3406	423.5313
		lb :	186.1766	173.6594	414.4687
		A:
			0.8161	0.5704	0.0927
			-0.8779	-0.4642	0.1176
			-0.9678	0.24	0.0758
			0.3566	0.5342	0.7665
			-0.3688	-0.9049	-0.2125
			0.2504	-0.3964	0.8833
			0.8063	0.5277	0.2673
			0.5482	-0.8363	-0.0025
			0.2223	0.1485	-0.9636
			-0.8063	-0.5277	-0.2673
			-0.5482	0.8363	0.0025
			-0.2223	-0.1485	0.9636
		b:
			299.0857
			-198.4755
			-107.0758
			487.7667
			-318.1482
			350.979
			362.6968
			-42.1124
			-330.7866
			-357.6968
			49.1124
			338.7866
	==================================================================================
	Q6:
		Shape: Hybrid
		q_c:	196.5	178.5	430.0
		ub :	200.1027	184.0845	435.7652
		lb :	192.8973	172.9155	424.2348
		P^-1:
			0.4676	0.3394	0.3007
			0.3394	0.3563	0.2852
			0.3007	0.2852	0.2977
		A:
			-0.7969	-0.2457	-0.5519
			0.5154	0.4074	0.7539
			0.5389	0.7944	0.2801
			0.2591	0.929	0.2642
			0.4612	0.6792	0.571
			-0.3991	-0.493	-0.7731
		b:
			-436.4487
			499.4502
			369.5523
			332.5143
			458.1405
			-497.5805


===========================================================================================
===========================================================================================
