3D_45_25_6_a                l = 3

===========================================================================================
===========================================================================================
S1:
	q_c:	425.0	36.5	335.0
	ub :	441.1812	61.6651	355.0966
	lb :	403.1779	16.4847	318.7809

	==================================================================================
	Q1:
		Shape: Hybrid
		q_c:	419.0	50.5	334.5
		ub :	429.8593	61.6651	345.3083
		lb :	408.1407	39.3349	323.6917
		P^-1:
			0.0112	0.0007	0.0014
			0.0007	0.0162	0.0066
			0.0014	0.0066	0.0238
		A:
			0.2029	-0.8911	0.4059
			0.2157	0.133	-0.9673
			-0.3623	0.5222	0.772
			0.9148	-0.3489	0.2035
			0.2796	0.2592	-0.9245
			-0.1216	-0.064	-0.9905
		b:
			181.7647
			-221.9257
			136.6796
			440.1088
			-173.9821
			-381.8328
	==================================================================================
	Q2:
		Shape: Ellipse
		q_c:	413.5	40.5	342.0
		ub :	423.8221	52.5969	355.0966
		lb :	403.1779	28.4031	328.9034
		P^-1:
			0.0253	0.0021	-0.005
			0.0021	0.0153	0.002
			-0.005	0.002	0.0172
	==================================================================================
	Q3:
		Shape: Ellipse
		q_c:	437.5	28.0	323.0
		ub :	441.1812	33.7902	327.2191
		lb :	433.8188	22.2098	318.7809
		P^-1:
			0.1583	-0.0138	0.0037
			-0.0138	0.0495	0.0293
			0.0037	0.0293	0.1522
	==================================================================================
	Q4:
		Shape: Hybrid
		q_c:	429.5	24.0	338.0
		ub :	438.164	31.5153	344.7048
		lb :	420.836	16.4847	331.2952
		P^-1:
			0.0508	-0.0346	0.0601
			-0.0346	0.0906	-0.0906
			0.0601	-0.0906	0.1653
		A:
			-0.8078	0.3296	-0.4888
			-0.2617	-0.5542	0.7901
			0.3024	-0.0173	0.953
			0.151	-0.8689	0.4713
			-0.3886	0.2592	-0.8842
			0.2003	-0.833	0.5157
		b:
			-501.3349
			144.1927
			454.0045
			205.5397
			-458.069
			242.3525
	==================================================================================
	Q5:
		Shape: Polyhedra
		q_c:	423.5	30.5	332.0
		ub :	433.4392	41.2838	341.2681
		lb :	413.5608	19.7162	322.7319
		A:
			-0.7251	0.5905	0.3544
			0.5734	-0.788	0.2241
			-0.2965	0.7789	0.5526
			-0.6464	0.172	0.7434
			0.9011	-0.4302	-0.0533
			0.4415	-0.8133	-0.3789
			0.8037	0.5192	0.2907
			0.2045	-0.6998	0.6845
			0.5588	-0.4906	-0.6686
			-0.8037	-0.5192	-0.2907
			-0.2045	0.6998	-0.6845
			-0.5588	0.4906	0.6686
		b:
			-167.5503
			299.2988
			85.8777
			-17.8695
			356.4862
			40.5664
			461.2054
			299.5136
			2.7371
			-444.2054
			-285.5136
			3.2629
	==================================================================================
	Q6:
		Shape: Ellipse
		q_c:	409.5	52.5	340.0
		ub :	414.4133	59.5461	346.7621
		lb :	404.5867	45.4539	333.2379
		P^-1:
			0.0621	-0.0022	-0.0008
			-0.0022	0.0427	0.0043
			-0.0008	0.0043	0.047


===========================================================================================
===========================================================================================
S2:
	q_c:	161.5	497.0	26.5
	ub :	166.3215	503.2364	34.0119
	lb :	157.6672	490.8449	19.756

	==================================================================================
	Q1:
		Shape: Hybrid
		q_c:	163.5	499.5	25.0
		ub :	165.7852	503.2364	29.3238
		lb :	161.2148	495.7636	20.6762
		P^-1:
			0.9087	0.0135	0.2725
			0.0135	0.1464	-0.0268
			0.2725	-0.0268	0.1865
		A:
			0.9032	-0.4133	0.1158
			-0.9847	-0.1721	-0.0269
			-0.3277	0.64	0.695
			0.8522	0.1074	0.512
			0.7376	0.0557	0.673
			0.9693	0.2306	0.0849
		b:
			-54.7113
			-246.7786
			286.3794
			206.5865
			166.4251
			276.5527
	==================================================================================
	Q2:
		Shape: Ellipse
		q_c:	163.5	499.5	26.0
		ub :	166.3215	502.2803	28.7012
		lb :	160.6785	496.7197	23.2988
		P^-1:
			0.3653	-0.055	-0.0781
			-0.055	0.4062	-0.0543
			-0.0781	-0.0543	0.3674
	==================================================================================
	Q3:
		Shape: Polyhedra
		q_c:	163.0	497.5	22.0
		ub :	165.5883	499.9854	24.244
		lb :	160.4117	495.0146	19.756
		A:
			0.2062	-0.4167	-0.8854
			-0.3516	-0.8687	0.3488
			-0.8688	0.2273	0.4398
			-0.414	0.5182	-0.7484
			0.1999	-0.4283	0.8812
			0.158	-0.9641	-0.2134
			0.6091	0.3975	0.6863
			-0.5046	-0.4733	0.722
			0.6119	-0.7861	-0.0877
			-0.6091	-0.3975	-0.6863
			0.5046	0.4733	-0.722
			-0.6119	0.7861	0.0877
		b:
			-191.6511
			-480.3266
			-17.3461
			175.3381
			-159.6022
			-457.0871
			313.6508
			-300.3549
			-291.7656
			-310.6508
			303.3549
			294.7656
	==================================================================================
	Q4:
		Shape: Hybrid
		q_c:	160.0	500.5	30.0
		ub :	161.9605	502.3678	31.372
		lb :	158.0395	498.6322	28.628
		P^-1:
			0.569	0.2615	-0.5991
			0.2615	0.9935	-1.2579
			-0.5991	-1.2579	3.3264
		A:
			-0.3239	-0.4459	0.8344
			-0.2093	0.4072	-0.889
			-0.364	-0.3649	0.857
			0.3182	0.4433	-0.838
			0.0847	-0.2339	0.9686
			-0.3469	-0.2475	0.9046
		b:
			-249.6717
			144.1226
			-214.8267
			247.9377
			-74.0123
			-151.9283
	==================================================================================
	Q5:
		Shape: Ellipse
		q_c:	164.0	497.5	31.5
		ub :	165.0099	500.0078	34.0119
		lb :	162.9901	494.9922	28.9881
		P^-1:
			3.8357	-0.7184	0.2568
			-0.7184	0.5011	0.0463
			0.2568	0.0463	0.3576
	==================================================================================
	Q6:
		Shape: Polyhedra
		q_c:	160.0	493.0	27.5
		ub :	162.3328	495.1551	30.0958
		lb :	157.6672	490.8449	24.9042
		A:
			-0.3765	0.8985	-0.2256
			-0.3985	-0.8933	-0.2081
			0.2798	-0.533	-0.7985
			0.1589	0.1946	-0.9679
			0.2903	0.91	-0.296
			-0.02	0.3615	-0.9321
			0.8965	0.0765	0.4364
			-0.2264	-0.7675	0.5997
			0.3808	-0.6364	-0.6708
			-0.8965	-0.0765	-0.4364
			0.2264	0.7675	-0.5997
			-0.3808	0.6364	0.6708
		b:
			377.9753
			-508.3559
			-237.9655
			96.2047
			488.0693
			150.68
			194.6405
			-397.1387
			-269.2703
			-191.6405
			399.1387
			273.2703


===========================================================================================
===========================================================================================
S3:
	q_c:	219.5	468.5	379.5
	ub :	221.917	471.0892	381.078
	lb :	217.5599	466.5622	377.4534

	==================================================================================
	Q1:
		Shape: Hybrid
		q_c:	219.0	468.5	379.5
		ub :	220.4401	469.8605	380.5239
		lb :	217.5599	467.1395	378.4761
		P^-1:
			1.5235	0.0098	1.1386
			0.0098	1.0002	0.0213
			1.1386	0.0213	3.4763
		A:
			-0.1265	-0.6918	-0.711
			-0.6707	-0.3757	-0.6395
			0.5788	-0.2054	0.7891
			-0.5112	-0.4291	-0.7447
			0.1454	-0.2386	-0.9602
			0.3026	-0.6625	-0.6853
		b:
			-621.062
			-565.1719
			330.3011
			-595.2131
			-443.8906
			-503.5092
	==================================================================================
	Q2:
		Shape: Polyhedra
		q_c:	220.0	468.0	378.5
		ub :	220.9095	469.2012	379.5466
		lb :	219.0905	466.7988	377.4534
		A:
			-0.9254	0.3751	0.0549
			0.3931	0.7347	0.553
			0.2187	-0.8155	-0.5358
			-0.2863	-0.8895	-0.3563
			-0.9085	0.1106	-0.4029
			0.4256	0.2416	-0.8721
			0.1217	0.5772	0.8075
			-0.9115	0.387	-0.1392
			-0.3929	-0.7191	0.5732
			-0.1217	-0.5772	-0.8075
			0.9115	-0.387	0.1392
			0.3929	0.7191	-0.5732
		b:
			-6.7561
			640.1843
			-535.835
			-613.4017
			-300.099
			-122.4983
			603.0313
			-71.6064
			-205.0169
			-602.0313
			72.6064
			207.0169
	==================================================================================
	Q3:
		Shape: Hybrid
		q_c:	220.5	468.0	379.5
		ub :	221.917	469.4378	380.394
		lb :	219.083	466.5622	378.606
		P^-1:
			1.1757	0.1631	-0.6853
			0.1631	1.1514	-0.6361
			-0.6853	-0.6361	3.6729
		A:
			0.4286	0.0981	-0.8981
			0.9783	0.207	0.0137
			-0.0985	0.641	-0.7612
			-0.4355	-0.4736	-0.7655
			-0.3378	0.0803	-0.9378
			-0.4049	0.8968	-0.1781
		b:
			-200.1347
			318.4722
			-10.1969
			-607.5541
			-392.322
			263.5717
	==================================================================================
	Q4:
		Shape: Ellipse
		q_c:	220.0	470.0	379.5
		ub :	220.8319	471.0892	380.7118
		lb :	219.1681	468.9108	378.2882
		P^-1:
			3.9478	-0.1858	0.3453
			-0.1858	3.3383	1.2299
			0.3453	1.2299	1.7138
	==================================================================================
	Q5:
		Shape: Hybrid
		q_c:	220.5	469.5	379.0
		ub :	221.871	470.6754	380.3073
		lb :	219.129	468.3246	377.6927
		P^-1:
			2.0008	0.7776	-1.1816
			0.7776	1.6041	-0.9181
			-1.1816	-0.9181	2.3951
		A:
			-0.9798	-0.0915	-0.1781
			0.1479	-0.3193	0.936
			-0.1064	-0.6225	0.7754
			0.0574	-0.2028	-0.9775
			0.2474	0.8348	-0.4919
			0.1445	-0.2428	-0.9592
		b:
			-325.8147
			238.0008
			-21.4488
			-452.4316
			260.4531
			-445.1212
	==================================================================================
	Q6:
		Shape: Ellipse
		q_c:	220.5	468.5	379.5
		ub :	221.7409	470.0296	381.078
		lb :	219.2591	466.9704	377.922
		P^-1:
			1.0	0.0	0.0
			0.0	1.0	0.0
			0.0	0.0	1.0


===========================================================================================
===========================================================================================
S4:
	q_c:	350.0	304.5	83.0
	ub :	366.5171	320.2005	97.3819
	lb :	332.8495	290.9953	74.1682

	==================================================================================
	Q1:
		Shape: Hybrid
		q_c:	353.5	305.5	81.0
		ub :	361.1526	313.006	87.8318
		lb :	345.8474	297.994	74.1682
		P^-1:
			0.0632	-0.0318	0.0217
			-0.0318	0.0666	-0.0227
			0.0217	-0.0227	0.0421
		A:
			0.8548	-0.5058	-0.1165
			-0.0722	-0.954	-0.2911
			0.451	-0.3778	0.8086
			-0.6569	-0.1274	-0.7431
			-0.0922	0.547	0.8321
			0.1672	0.9761	0.139
		b:
			140.8874
			-336.8213
			111.9486
			-328.0244
			206.3391
			372.1523
	==================================================================================
	Q2:
		Shape: Hybrid
		q_c:	361.0	304.5	84.0
		ub :	366.5171	309.3236	90.3935
		lb :	355.4829	299.6764	77.6065
		P^-1:
			0.083	0.0838	0.0127
			0.0838	0.2032	0.0258
			0.0127	0.0258	0.0316
		A:
			-0.2137	-0.9171	-0.3365
			0.7893	0.0737	0.6095
			-0.2762	0.9285	0.2481
			-0.284	0.8772	-0.3871
			0.3818	0.797	0.468
			-0.6729	0.7329	-0.1001
		b:
			-383.1298
			362.4099
			206.6277
			135.5537
			421.6267
			-24.3426
	==================================================================================
	Q3:
		Shape: Hybrid
		q_c:	351.0	313.5	92.5
		ub :	356.4482	320.2005	97.3819
		lb :	345.5518	306.7995	87.6181
		P^-1:
			0.0754	-0.0128	-0.0086
			-0.0128	0.0563	-0.0231
			-0.0086	-0.0231	0.101
		A:
			0.5133	0.7974	-0.3173
			0.7008	-0.1077	0.7052
			0.1704	0.7694	0.6156
			-0.0986	0.8602	-0.5003
			-0.6001	0.7179	-0.3529
			-0.4688	0.8813	-0.0593
		b:
			403.5776
			279.6338
			361.2961
			190.9504
			-16.2623
			108.6795
	==================================================================================
	Q4:
		Shape: Hybrid
		q_c:	343.5	296.5	86.0
		ub :	349.1926	302.0047	90.2706
		lb :	337.8074	290.9953	81.7294
		P^-1:
			0.1566	-0.1029	0.0125
			-0.1029	0.123	-0.0289
			0.0125	-0.0289	0.1145
		A:
			0.5144	-0.4367	-0.738
			0.985	-0.1548	0.0764
			0.8843	-0.4348	-0.1702
			0.0203	0.682	-0.7311
			0.0805	0.8588	0.506
			0.8593	-0.3574	-0.3659
		b:
			-14.3897
			301.3211
			161.5857
			148.6278
			329.4513
			159.3276
	==================================================================================
	Q5:
		Shape: Polyhedra
		q_c:	340.0	296.5	86.0
		ub :	347.1505	301.8853	91.114
		lb :	332.8495	291.1147	80.886
		A:
			-0.2285	-0.5741	-0.7863
			0.1191	-0.1363	0.9835
			0.3742	-0.6187	0.6908
			-0.0427	0.9893	0.1397
			-0.0122	0.8452	0.5343
			0.0849	0.9856	0.1463
			0.1564	0.1844	0.9703
			0.2815	0.9334	-0.2227
			-0.9467	0.308	0.0941
			-0.1564	-0.1844	-0.9703
			-0.2815	-0.9334	0.2227
			0.9467	-0.308	-0.0941
		b:
			-311.6784
			88.6035
			7.4027
			294.4479
			296.2576
			337.0389
			195.2908
			356.2925
			-216.4871
			-187.2908
			-350.2925
			228.4871
	==================================================================================
	Q6:
		Shape: Hybrid
		q_c:	357.5	305.0	82.0
		ub :	362.7698	312.4145	89.3013
		lb :	352.2302	297.5855	74.6987
		P^-1:
			0.1041	-0.0089	-0.0171
			-0.0089	0.0431	-0.0259
			-0.0171	-0.0259	0.0692
		A:
			0.5487	-0.1058	-0.8293
			0.5961	0.3221	-0.7355
			0.7758	-0.6145	0.1434
			0.9412	0.3097	-0.135
			0.6413	-0.553	0.5319
			0.6929	0.5568	-0.4581
		b:
			98.3074
			252.6918
			103.7816
			422.065
			106.162
			382.1628


===========================================================================================
===========================================================================================
S5:
	q_c:	159.0	163.0	189.0
	ub :	166.3171	174.3683	206.153
	lb :	144.8368	145.5244	172.0301

	==================================================================================
	Q1:
		Shape: Hybrid
		q_c:	159.5	163.0	198.0
		ub :	166.3171	170.15	205.1698
		lb :	152.6829	155.85	190.8302
		P^-1:
			0.037	-0.0149	0.0215
			-0.0149	0.0559	-0.0324
			0.0215	-0.0324	0.0791
		A:
			0.0959	-0.6866	-0.7207
			-0.0379	-0.2596	0.965
			-0.48	0.1039	-0.8711
			0.63	-0.1215	-0.767
			-0.6537	-0.6838	-0.3242
			-0.002	0.3929	-0.9196
		b:
			-235.3345
			145.0585
			-229.8978
			-67.0479
			-275.7277
			-116.2806
	==================================================================================
	Q2:
		Shape: Ellipse
		q_c:	160.0	154.0	197.5
		ub :	165.2118	159.9027	204.2719
		lb :	154.7882	148.0973	190.7281
		P^-1:
			0.1122	-0.0147	0.0413
			-0.0147	0.1753	-0.0969
			0.0413	-0.0969	0.0973
	==================================================================================
	Q3:
		Shape: Ellipse
		q_c:	157.0	168.0	191.5
		ub :	163.1282	174.3683	197.8199
		lb :	150.8718	161.6317	185.1801
		P^-1:
			0.0595	-0.0158	-0.0136
			-0.0158	0.086	-0.0245
			-0.0136	-0.0245	0.0872
	==================================================================================
	Q4:
		Shape: Ellipse
		q_c:	149.5	168.5	177.0
		ub :	154.1632	173.7333	181.9699
		lb :	144.8368	163.2667	172.0301
		P^-1:
			0.2481	-0.1009	-0.1681
			-0.1009	0.1303	0.053
			-0.1681	0.053	0.2265
	==================================================================================
	Q5:
		Shape: Ellipse
		q_c:	153.5	159.5	199.0
		ub :	159.5626	165.9524	206.153
		lb :	147.4374	153.0476	191.847
		P^-1:
			0.1034	-0.0432	-0.0453
			-0.0432	0.0823	0.0146
			-0.0453	0.0146	0.0699
	==================================================================================
	Q6:
		Shape: Ellipse
		q_c:	155.0	154.5	187.5
		ub :	161.2	163.4756	195.8066
		lb :	148.8	145.5244	179.1934
		P^-1:
			0.0474	0.0056	-0.0038
			0.0056	0.0298	0.0065
			-0.0038	0.0065	0.0358


===========================================================================================
===========================================================================================
S6:
	q_c:	369.5	465.0	245.5
	ub :	385.0217	481.2491	262.4116
	lb :	354.1631	455.0143	223.9636

	==================================================================================
	Q1:
		Shape: Polyhedra
		q_c:	367.5	473.5	251.5
		ub :	371.3522	480.1625	256.9066
		lb :	363.6478	466.8375	246.0934
		A:
			-0.5632	-0.0262	-0.8259
			-0.0408	-0.4153	0.9088
			-0.9091	-0.3413	-0.239
			0.9573	-0.2333	-0.1709
			0.2378	-0.7886	0.567
			-0.8955	0.1672	-0.4124
			0.9399	0.039	0.3393
			0.0428	-0.9991	-0.0038
			0.3388	0.0181	-0.9407
			-0.9399	-0.039	-0.3393
			-0.0428	0.9991	0.0038
			-0.3388	-0.0181	0.9407
		b:
			-423.7441
			22.0674
			-553.0078
			201.8014
			-137.6855
			-351.2796
			451.2003
			-451.7761
			-98.5032
			-447.2003
			464.7761
			108.5032
	==================================================================================
	Q2:
		Shape: Polyhedra
		q_c:	364.5	470.5	238.5
		ub :	374.8369	480.862	245.0148
		lb :	354.1631	460.138	231.9852
		A:
			0.7277	-0.5449	-0.4166
			-0.5634	-0.0002	-0.8262
			0.3418	-0.9249	-0.1665
			0.489	-0.8069	0.3314
			-0.9565	0.0325	-0.2898
			-0.8193	-0.3253	-0.4722
			0.6568	0.7538	0.0224
			0.7198	-0.6355	0.2793
			0.2247	-0.1673	-0.9599
			-0.6568	-0.7538	-0.0224
			-0.7198	0.6355	-0.2793
			-0.2247	0.1673	0.9599
		b:
			-85.1505
			-396.762
			-344.2216
			-116.6509
			-395.9181
			-557.1618
			607.3691
			35.5032
			-220.7637
			-591.3691
			-24.5032
			230.7637
	==================================================================================
	Q3:
		Shape: Polyhedra
		q_c:	375.0	468.0	252.5
		ub :	382.3084	476.7906	260.7095
		lb :	367.6916	459.2094	244.2905
		A:
			0.1607	-0.2346	-0.9587
			0.5283	0.6499	0.5464
			-0.6436	0.0921	0.7598
			-0.7233	0.4405	0.5317
			0.9245	-0.3568	-0.1341
			-0.6067	0.7866	-0.1146
			0.3104	0.2963	0.9033
			-0.8433	0.5244	0.1177
			-0.4388	-0.7982	0.4126
			-0.3104	-0.2963	-0.9033
			0.8433	-0.5244	-0.1177
			0.4388	0.7982	-0.4126
		b:
			-286.2516
			646.1761
			-1.3455
			72.8484
			149.0914
			115.6174
			488.6295
			-38.0832
			-426.9393
			-477.6295
			44.0832
			440.9393
	==================================================================================
	Q4:
		Shape: Polyhedra
		q_c:	362.0	471.5	253.0
		ub :	368.3747	481.2491	262.4116
		lb :	355.6253	461.7509	243.5884
		A:
			-0.9832	-0.0006	-0.1824
			-0.8615	-0.0364	0.5065
			0.6197	-0.6438	-0.4488
			0.5391	-0.1328	0.8317
			-0.8206	0.5699	-0.043
			-0.7806	-0.5246	0.3397
			0.6696	0.4051	0.6225
			0.7427	-0.3624	-0.5631
			-0.0026	0.8394	-0.5435
			-0.6696	-0.4051	-0.6225
			-0.7427	0.3624	0.5631
			0.0026	-0.8394	0.5435
		b:
			-397.7858
			-196.0031
			-187.9207
			348.6142
			-33.7778
			-438.1395
			595.4095
			-39.9415
			264.825
			-586.4095
			48.9415
			-249.825
	==================================================================================
	Q5:
		Shape: Ellipse
		q_c:	372.5	463.0	232.0
		ub :	377.5758	470.9406	240.0364
		lb :	367.4242	455.0594	223.9636
		P^-1:
			0.0634	-0.0046	0.0015
			-0.0046	0.0485	-0.03
			0.0015	-0.03	0.0527
	==================================================================================
	Q6:
		Shape: Ellipse
		q_c:	380.5	461.0	248.5
		ub :	385.0217	466.9857	254.138
		lb :	375.9783	455.0143	242.862
		P^-1:
			0.2108	-0.0601	-0.0499
			-0.0601	0.0633	0.0247
			-0.0499	0.0247	0.0785


===========================================================================================
===========================================================================================
S7:
	q_c:	156.5	64.5	244.0
	ub :	166.8321	73.8504	253.4949
	lb :	146.569	55.8039	237.0082

	==================================================================================
	Q1:
		Shape: Ellipse
		q_c:	161.0	70.5	250.5
		ub :	166.0684	73.8504	253.4949
		lb :	155.9316	67.1496	247.5051
		P^-1:
			0.0722	-0.0351	0.1193
			-0.0351	0.3474	-0.3517
			0.1193	-0.3517	0.7899
	==================================================================================
	Q2:
		Shape: Hybrid
		q_c:	155.5	60.5	248.0
		ub :	159.9475	65.1961	252.9227
		lb :	151.0525	55.8039	243.0773
		P^-1:
			0.071	-0.0291	-0.026
			-0.0291	0.1622	0.0889
			-0.026	0.0889	0.1418
		A:
			-0.5015	0.8275	0.2523
			0.8458	-0.007	-0.5335
			-0.7719	0.2301	0.5926
			0.7911	-0.5974	0.1314
			0.3575	-0.8495	-0.3879
			0.2292	0.8845	0.4065
		b:
			36.2646
			1.3422
			42.9825
			122.0491
			-90.7099
			191.6138
	==================================================================================
	Q3:
		Shape: Ellipse
		q_c:	163.0	63.5	245.0
		ub :	166.8321	65.465	248.987
		lb :	159.1679	61.535	241.013
		P^-1:
			0.5409	1.2094	0.1546
			1.2094	3.5147	0.4349
			0.1546	0.4349	0.1667
	==================================================================================
	Q4:
		Shape: Ellipse
		q_c:	150.0	61.5	246.0
		ub :	152.7394	64.8565	249.7003
		lb :	147.2606	58.1435	242.2997
		P^-1:
			0.2633	0.0536	0.0205
			0.0536	0.2914	0.1559
			0.0205	0.1559	0.2509
	==================================================================================
	Q5:
		Shape: Polyhedra
		q_c:	152.0	63.0	242.0
		ub :	157.431	67.5172	246.9918
		lb :	146.569	58.4828	237.0082
		A:
			-0.5474	-0.7924	0.2691
			-0.6183	0.5046	-0.6026
			-0.3267	-0.4876	0.8096
			0.115	-0.8011	0.5874
			0.0715	0.9806	-0.1825
			0.0529	0.8651	0.4988
			0.6251	0.6275	0.4642
			0.3463	-0.756	0.5555
			0.6995	-0.1865	-0.6899
			-0.6251	-0.6275	-0.4642
			-0.3463	0.756	-0.5555
			-0.6995	0.1865	0.6899
		b:
			-64.4651
			-205.891
			117.9705
			110.8685
			31.3409
			187.1875
			251.3869
			140.9478
			-69.3752
			-242.3869
			-137.9478
			75.3752
	==================================================================================
	Q6:
		Shape: Ellipse
		q_c:	160.0	68.5	243.5
		ub :	164.9204	72.9588	248.7749
		lb :	155.0796	64.0412	238.2251
		P^-1:
			0.0908	-0.0267	-0.0019
			-0.0267	0.1451	0.0196
			-0.0019	0.0196	0.0682


===========================================================================================
===========================================================================================
S8:
	q_c:	221.5	434.5	336.0
	ub :	238.4688	448.3993	344.0972
	lb :	204.197	420.9314	320.9105

	==================================================================================
	Q1:
		Shape: Polyhedra
		q_c:	219.0	436.0	333.0
		ub :	224.5615	443.1217	340.9208
		lb :	213.4385	428.8783	325.0792
		A:
			0.5767	-0.8022	0.1544
			-0.8267	0.5621	-0.0235
			0.7314	-0.6138	0.297
			-0.9287	0.304	-0.2123
			0.1367	-0.9578	0.2529
			-0.8176	0.2454	0.5209
			0.7219	0.6434	0.2547
			-0.0369	-0.3318	0.9426
			0.691	-0.6899	-0.2158
			-0.7219	-0.6434	-0.2547
			0.0369	0.3318	-0.9426
			-0.691	0.6899	0.2158
		b:
			-168.2781
			59.4734
			-4.4802
			-137.7285
			-298.8112
			105.4644
			527.9515
			167.6459
			-218.3064
			-518.9515
			-154.6459
			224.3064
	==================================================================================
	Q2:
		Shape: Ellipse
		q_c:	209.5	425.5	330.0
		ub :	214.803	430.0686	335.4493
		lb :	204.197	420.9314	324.5507
		P^-1:
			0.0798	0.011	0.0205
			0.011	0.1072	-0.0072
			0.0205	-0.0072	0.0977
	==================================================================================
	Q3:
		Shape: Hybrid
		q_c:	232.0	441.5	336.5
		ub :	238.4688	447.5642	343.502
		lb :	225.5312	435.4358	329.498
		P^-1:
			0.0759	0.043	0.0333
			0.043	0.1006	0.0355
			0.0333	0.0355	0.0729
		A:
			0.2898	0.1052	0.9513
			0.0095	-0.5709	-0.821
			-0.6472	-0.4576	-0.6097
			-0.9031	0.1788	-0.3903
			0.3887	0.2174	-0.8953
			-0.8309	-0.4613	-0.3111
		b:
			436.2909
			-523.7011
			-555.8821
			-259.0097
			-111.5902
			-499.3607
	==================================================================================
	Q4:
		Shape: Ellipse
		q_c:	227.0	433.0	336.5
		ub :	234.6114	439.4569	344.0972
		lb :	219.3886	426.5431	328.9028
		P^-1:
			0.055	-0.0171	0.0056
			-0.0171	0.0541	-0.017
			0.0056	-0.017	0.055
	==================================================================================
	Q5:
		Shape: Ellipse
		q_c:	231.0	436.5	328.0
		ub :	237.2803	442.7806	331.9863
		lb :	224.7197	430.2194	324.0137
		P^-1:
			0.0762	-0.0258	-0.0578
			-0.0258	0.0751	0.0502
			-0.0578	0.0502	0.2106
	==================================================================================
	Q6:
		Shape: Hybrid
		q_c:	228.5	443.0	325.5
		ub :	233.6281	448.3993	330.0895
		lb :	223.3719	437.6007	320.9105
		P^-1:
			0.0975	0.013	0.0069
			0.013	0.0923	0.0056
			0.0069	0.0056	0.0846
		A:
			-0.7115	-0.1275	0.6911
			-0.8946	-0.4234	0.1431
			-0.765	0.0482	-0.6422
			0.8782	-0.2327	-0.4179
			-0.9978	-0.0653	-0.0101
			-0.9382	0.1532	-0.3105
		b:
			7.8274
			-343.738
			-360.758
			-36.488
			-258.5305
			-245.8013


===========================================================================================
===========================================================================================
S9:
	q_c:	208.0	490.0	204.0
	ub :	228.1814	507.0515	221.5516
	lb :	191.4146	468.8943	184.2194

	==================================================================================
	Q1:
		Shape: Hybrid
		q_c:	209.5	489.5	204.0
		ub :	215.8648	494.4841	207.8221
		lb :	203.1352	484.5159	200.1779
		P^-1:
			0.1036	0.003	-0.1405
			0.003	0.1158	-0.0742
			-0.1405	-0.0742	0.3692
		A:
			-0.1864	0.3447	0.92
			-0.1107	-0.823	0.5571
			0.4666	-0.2221	-0.8561
			-0.0391	-0.532	0.8458
			-0.5535	-0.3811	0.7405
			0.8706	0.0911	-0.4835
		b:
			319.2725
			-310.6943
			-184.4689
			-94.8058
			-150.0748
			130.9801
	==================================================================================
	Q2:
		Shape: Hybrid
		q_c:	201.0	496.0	194.0
		ub :	210.5854	507.0515	203.7806
		lb :	191.4146	484.9485	184.2194
		P^-1:
			0.0241	-0.0049	-0.0027
			-0.0049	0.0258	-0.0095
			-0.0027	-0.0095	0.0336
		A:
			-0.8703	0.246	-0.4266
			0.4357	-0.7205	-0.5394
			-0.1307	0.2582	-0.9572
			-0.3566	-0.8383	-0.4124
			-0.4786	-0.6243	0.6174
			0.1229	0.9223	-0.3663
		b:
			-131.8535
			-370.3959
			-80.9859
			-562.1003
			-282.8115
			414.6894
	==================================================================================
	Q3:
		Shape: Hybrid
		q_c:	198.5	478.5	211.0
		ub :	204.7154	488.1057	221.2433
		lb :	192.2846	468.8943	200.7567
		P^-1:
			0.0406	-0.0023	0.0009
			-0.0023	0.0356	-0.0169
			0.0009	-0.0169	0.027
		A:
			0.2788	0.9389	-0.2016
			0.8138	-0.212	-0.541
			-0.1948	-0.9372	0.2892
			-0.0742	-0.3999	0.9135
			0.7938	-0.1535	0.5885
			-0.4563	0.8712	0.1811
		b:
			465.3714
			-50.1081
			-423.1256
			-9.9212
			211.5288
			368.8603
	==================================================================================
	Q4:
		Shape: Hybrid
		q_c:	221.0	482.5	215.0
		ub :	228.1814	490.8695	221.5516
		lb :	213.8186	474.1305	208.4484
		P^-1:
			0.1914	-0.032	-0.2009
			-0.032	0.0341	0.0393
			-0.2009	0.0393	0.2746
		A:
			-0.672	-0.2274	0.7047
			0.3861	-0.8352	-0.3916
			0.8854	-0.1972	-0.4208
			0.0126	-0.1083	0.994
			-0.7403	0.1518	0.6549
			-0.535	-0.1639	0.8288
		b:
			-104.9398
			-397.9295
			12.2272
			167.676
			51.4664
			-17.5611
	==================================================================================
	Q5:
		Shape: Hybrid
		q_c:	202.0	493.5	201.0
		ub :	208.2154	500.4021	207.3499
		lb :	195.7846	486.5979	194.6501
		P^-1:
			0.0779	0.018	-0.0528
			0.018	0.0486	-0.0251
			-0.0528	-0.0251	0.1135
		A:
			0.818	0.1595	-0.5527
			-0.8384	-0.4509	-0.3062
			0.7856	-0.2858	-0.5487
			0.8235	0.5035	-0.2616
			0.4609	-0.3528	-0.8143
			-0.465	-0.5592	0.6863
		b:
			134.5195
			-449.9296
			-90.27
			364.5741
			-242.3508
			-230.3311
	==================================================================================
	Q6:
		Shape: Hybrid
		q_c:	220.0	485.0	214.0
		ub :	227.9492	493.1186	220.1537
		lb :	212.0508	476.8814	207.8463
		P^-1:
			0.046	-0.0161	-0.0053
			-0.0161	0.042	0.0042
			-0.0053	0.0042	0.0422
		A:
			-0.1421	-0.8965	-0.4197
			0.1283	-0.9137	0.3855
			0.0307	0.5161	0.856
			0.527	-0.6204	0.5808
			0.4215	-0.7801	0.4623
			-0.0312	0.8466	0.5313
		b:
			-552.5412
			-329.3374
			443.1487
			-57.9601
			-183.9838
			520.4026


===========================================================================================
===========================================================================================
S10:
	q_c:	20.0	432.5	369.5
	ub :	49.6738	448.9905	393.5273
	lb :	9.8378	418.8571	361.5184

	==================================================================================
	Q1:
		Shape: Hybrid
		q_c:	39.5	438.0	372.0
		ub :	49.6738	446.8061	377.7486
		lb :	29.3262	429.1939	366.2514
		P^-1:
			0.0238	0.0174	-0.0101
			0.0174	0.0456	-0.0087
			-0.0101	-0.0087	0.0754
		A:
			-0.6954	0.1436	-0.7041
			0.1161	0.1942	-0.9741
			-0.8226	0.3833	0.42
			0.8435	-0.3389	-0.4168
			-0.129	0.4919	0.861
			0.5464	-0.0907	-0.8326
		b:
			-221.4426
			-270.8628
			297.4755
			-264.3285
			533.4879
			-324.606
	==================================================================================
	Q2:
		Shape: Polyhedra
		q_c:	19.0	424.5	376.0
		ub :	24.9803	430.1429	381.6622
		lb :	13.0197	418.8571	370.3378
		A:
			0.2528	-0.7759	-0.578
			-0.5051	-0.2861	0.8143
			0.5309	0.7113	-0.4607
			0.8949	0.4461	0.0104
			-0.869	-0.2956	0.3969
			0.1363	0.9829	-0.1235
			0.66	0.7496	0.0503
			0.4485	-0.3394	-0.8268
			-0.6027	0.5683	-0.5602
			-0.66	-0.7496	-0.0503
			-0.4485	0.3394	0.8268
			0.6027	-0.5683	0.5602
		b:
			-538.7951
			178.2636
			141.5771
			212.8022
			9.7743
			376.8537
			351.6569
			-443.442
			24.6536
			-347.6569
			449.442
			-13.6536
	==================================================================================
	Q3:
		Shape: Polyhedra
		q_c:	34.5	440.5	386.0
		ub :	41.8101	448.1801	393.5273
		lb :	27.1899	432.8199	378.4727
		A:
			0.8139	0.3997	0.4217
			0.2454	-0.7966	-0.5524
			0.2356	0.8536	0.4645
			0.2303	0.3877	0.8925
			0.4951	0.1645	0.8531
			0.0676	0.991	0.1155
			0.033	0.707	0.7065
			0.2783	0.6724	-0.6859
			-0.9599	0.2192	-0.1746
			-0.033	-0.707	-0.7065
			-0.2783	-0.6724	0.6859
			0.9599	-0.2192	0.1746
		b:
			371.6358
			-552.6871
			566.7795
			526.6998
			423.2524
			488.1867
			587.7565
			48.0594
			1.5722
			-582.7565
			-34.0594
			9.4278
	==================================================================================
	Q4:
		Shape: Polyhedra
		q_c:	21.0	425.5	383.5
		ub :	29.002	430.1721	391.2945
		lb :	12.998	420.8279	375.7055
		A:
			-0.1541	-0.9805	0.1219
			-0.2901	0.782	-0.5517
			0.8845	-0.4594	-0.0811
			0.0018	0.9971	0.0757
			0.3264	-0.8539	0.4053
			0.2091	0.0799	-0.9746
			0.7761	0.3085	0.5501
			-0.1301	0.9317	-0.339
			-0.6171	0.1915	0.7632
			-0.7761	-0.3085	-0.5501
			0.1301	-0.9317	0.339
			0.6171	-0.1915	-0.7632
		b:
			-370.8489
			117.6837
			-203.2738
			456.3789
			-198.7196
			-330.5477
			364.5071
			265.7166
			366.2336
			-352.5071
			-261.7166
			-356.2336
	==================================================================================
	Q5:
		Shape: Polyhedra
		q_c:	17.0	430.0	372.0
		ub :	24.1622	436.717	379.0098
		lb :	9.8378	423.283	364.9902
		A:
			-0.6423	-0.1361	0.7543
			-0.0939	-0.7618	0.641
			-0.4089	0.9034	0.129
			-0.5989	0.5269	0.6031
			0.156	0.9395	0.3049
			0.4415	0.2111	-0.8721
			0.7591	0.5646	0.3239
			0.417	-0.8039	0.4241
			0.4999	-0.1869	-0.8457
			-0.7591	-0.5646	-0.3239
			-0.417	0.8039	-0.4241
			-0.4999	0.1869	0.8457
		b:
			215.5995
			-86.28
			433.989
			445.224
			524.3028
			-221.6692
			380.1901
			-176.3431
			-381.958
			-372.1901
			185.3431
			390.958
	==================================================================================
	Q6:
		Shape: Hybrid
		q_c:	22.0	439.0	370.5
		ub :	31.5406	448.9905	379.4816
		lb :	12.4594	429.0095	361.5184
		P^-1:
			0.0163	0.0027	0.0009
			0.0027	0.0263	0.0015
			0.0009	0.0015	0.0245
		A:
			0.7766	0.585	0.234
			0.0723	0.9889	-0.1301
			0.2531	0.2115	0.9441
			-0.215	-0.1208	-0.9691
			-0.4423	-0.0915	-0.8922
			0.2183	0.9626	-0.1603
		b:
			364.3749
			390.6996
			451.4843
			-413.465
			-376.917
			371.1752


===========================================================================================
===========================================================================================
S11:
	q_c:	412.5	11.0	477.5
	ub :	419.5617	16.6234	482.4918
	lb :	409.3001	5.3451	472.1523

	==================================================================================
	Q1:
		Shape: Ellipse
		q_c:	414.0	10.0	480.0
		ub :	415.8663	10.9682	481.8162
		lb :	412.1337	9.0318	478.1838
		P^-1:
			0.969	-0.8841	-0.5182
			-0.8841	3.4986	0.6941
			-0.5182	0.6941	0.9768
	==================================================================================
	Q2:
		Shape: Ellipse
		q_c:	412.0	8.0	480.0
		ub :	414.6999	10.6549	482.4918
		lb :	409.3001	5.3451	477.5082
		P^-1:
			0.633	-0.3184	0.1397
			-0.3184	0.4237	-0.2248
			0.1397	-0.2248	0.5477
	==================================================================================
	Q3:
		Shape: Ellipse
		q_c:	413.5	12.0	476.0
		ub :	416.5651	14.8906	478.1563
		lb :	410.4349	9.1094	473.8437
		P^-1:
			0.2613	0.0032	-0.0453
			0.0032	0.2509	-0.013
			-0.0453	-0.013	0.4322
	==================================================================================
	Q4:
		Shape: Ellipse
		q_c:	417.0	12.5	479.0
		ub :	419.5617	14.6764	481.3787
		lb :	414.4383	10.3236	476.6213
		P^-1:
			0.4444	0.0	0.0
			0.0	0.4444	0.0
			0.0	0.0	0.4444
	==================================================================================
	Q5:
		Shape: Polyhedra
		q_c:	416.0	14.0	475.5
		ub :	417.9243	16.6234	478.1813
		lb :	414.0757	11.3766	472.8187
		A:
			-0.3433	-0.9138	-0.217
			0.4638	-0.2183	0.8586
			0.2998	0.9475	0.1111
			-0.5733	0.3931	0.7189
			0.1713	-0.7106	-0.6824
			-0.8304	0.4163	-0.3702
			0.7204	0.473	0.5072
			-0.6892	0.5697	0.4477
			-0.0772	-0.6721	0.7364
			-0.7204	-0.473	-0.5072
			0.6892	-0.5697	-0.4477
			0.0772	0.6721	-0.7364
		b:
			-257.2151
			599.9617
			192.4141
			110.0053
			-262.0034
			-514.2182
			548.99
			-64.8766
			310.6539
			-545.99
			66.8766
			-306.6539
	==================================================================================
	Q6:
		Shape: Hybrid
		q_c:	414.5	12.0	475.0
		ub :	417.6363	15.0524	477.8477
		lb :	411.3637	8.9476	472.1523
		P^-1:
			0.3286	0.0275	-0.0914
			0.0275	0.2596	-0.032
			-0.0914	-0.032	0.3562
		A:
			-0.0545	-0.9907	-0.1245
			-0.9044	0.1636	-0.3941
			0.7027	-0.6311	-0.3285
			-0.0367	-0.0578	0.9977
			-0.509	0.1177	-0.8527
			0.8734	0.4498	-0.1865
		b:
			-92.3632
			-558.8848
			128.7775
			458.9583
			-613.3892
			279.8013


===========================================================================================
===========================================================================================
S12:
	q_c:	84.5	6.0	123.5
	ub :	96.4159	15.127	133.8476
	lb :	79.6061	-0.0322	116.2885

	==================================================================================
	Q1:
		Shape: Polyhedra
		q_c:	91.5	10.5	129.5
		ub :	96.4159	15.127	133.8476
		lb :	86.5841	5.873	125.1524
		A:
			0.0615	-0.9981	0.0092
			0.5255	0.1916	0.8289
			-0.3754	-0.9266	0.0198
			-0.9768	0.1968	-0.0849
			-0.728	0.0716	0.6819
			-0.6883	-0.2732	0.672
			0.6538	0.3189	0.6862
			-0.4935	-0.5077	0.7062
			0.5736	-0.8003	-0.1745
			-0.6538	-0.3189	-0.6862
			0.4935	0.5077	-0.7062
			-0.5736	0.8003	0.1745
		b:
			-0.7689
			160.418
			-38.7301
			-95.3517
			25.134
			23.7311
			155.0321
			43.4608
			24.4754
			-149.0321
			-38.4608
			-18.4754
	==================================================================================
	Q2:
		Shape: Ellipse
		q_c:	90.0	5.0	119.5
		ub :	93.9907	7.5704	122.7115
		lb :	86.0093	2.4296	116.2885
		P^-1:
			0.2757	0.1192	-0.3404
			0.1192	0.3693	-0.2501
			-0.3404	-0.2501	0.6866
	==================================================================================
	Q3:
		Shape: Hybrid
		q_c:	82.0	8.0	122.0
		ub :	84.3939	11.978	126.1458
		lb :	79.6061	4.022	117.8542
		P^-1:
			0.4235	-0.0292	-0.0699
			-0.0292	0.1452	0.0316
			-0.0699	0.0316	0.1468
		A:
			-0.824	0.5342	-0.1887
			0.8796	0.4589	-0.1251
			-0.7366	0.1609	0.6568
			-0.6111	0.0135	0.7915
			0.3478	-0.7118	-0.6103
			-0.8171	0.4242	0.3903
		b:
			-84.9498
			61.7222
			22.112
			47.9552
			-50.1438
			-15.0748
	==================================================================================
	Q4:
		Shape: Ellipse
		q_c:	89.5	6.5	120.5
		ub :	92.5786	9.4556	123.3574
		lb :	86.4214	3.5444	117.6426
		P^-1:
			0.2756	-0.0532	0.0386
			-0.0532	0.3608	-0.0802
			0.0386	-0.0802	0.3081
	==================================================================================
	Q5:
		Shape: Polyhedra
		q_c:	85.5	11.0	124.5
		ub :	88.3327	13.6469	127.2619
		lb :	82.6673	8.3531	121.7381
		A:
			0.1856	0.3006	-0.9355
			0.6485	0.5701	-0.5045
			0.7641	0.5848	0.2725
			0.3331	0.8062	-0.489
			-0.9368	0.2056	-0.2831
			0.6128	-0.7501	0.2488
			0.707	0.4751	0.5239
			-0.0043	-0.7378	0.675
			0.7072	-0.4794	-0.5196
			-0.707	-0.4751	-0.5239
			0.0043	0.7378	-0.675
			-0.7072	0.4794	0.5196
		b:
			-95.9501
			0.4078
			107.6348
			-22.3375
			-111.1643
			76.6845
			132.8977
			76.5461
			-7.4916
			-128.8977
			-74.5461
			11.4916
	==================================================================================
	Q6:
		Shape: Ellipse
		q_c:	88.0	3.5	129.5
		ub :	91.9255	7.0322	133.5264
		lb :	84.0745	-0.0322	125.4736
		P^-1:
			0.1679	-0.0199	0.0158
			-0.0199	0.2106	-0.04
			0.0158	-0.04	0.1916


===========================================================================================
===========================================================================================
S13:
	q_c:	401.5	386.5	90.5
	ub :	410.4438	390.321	99.0481
	lb :	394.3408	377.9493	82.6076

	==================================================================================
	Q1:
		Shape: Hybrid
		q_c:	404.0	386.5	90.5
		ub :	407.119	390.321	93.617
		lb :	400.881	382.679	87.383
		P^-1:
			0.2258	0.049	-0.021
			0.049	0.2139	0.1343
			-0.021	0.1343	0.3659
		A:
			0.9636	0.2664	0.0218
			0.6793	-0.4422	-0.5856
			-0.7251	-0.2571	-0.6389
			-0.6704	-0.3232	0.6679
			-0.529	0.4799	-0.6999
			-0.5199	-0.6463	-0.5587
		b:
			495.5102
			51.7359
			-448.8853
			-334.0341
			-89.5148
			-509.4312
	==================================================================================
	Q2:
		Shape: Ellipse
		q_c:	399.0	384.0	94.0
		ub :	401.5919	386.4204	96.2317
		lb :	396.4081	381.5796	91.7683
		P^-1:
			0.4444	0.0	0.0
			0.0	0.4444	0.0
			0.0	0.0	0.4444
	==================================================================================
	Q3:
		Shape: Polyhedra
		q_c:	398.0	381.5	95.5
		ub :	401.6592	385.0507	99.0481
		lb :	394.3408	377.9493	91.9519
		A:
			-0.7893	-0.4069	-0.4597
			-0.2031	-0.8475	-0.4904
			0.2273	-0.969	-0.0968
			0.8686	-0.4934	-0.0454
			0.7523	-0.0287	0.6582
			-0.965	0.1774	0.1931
			0.3326	0.6601	0.6735
			0.5362	0.4551	-0.7109
			-0.7758	0.5976	-0.2026
			-0.3326	-0.6601	-0.6735
			-0.5362	-0.4551	0.7109
			0.7758	-0.5976	0.2026
		b:
			-511.5258
			-449.4131
			-286.5423
			155.2367
			353.1196
			-295.5833
			450.0335
			322.1555
			-98.1198
			-447.0335
			-316.1555
			102.1198
	==================================================================================
	Q4:
		Shape: Ellipse
		q_c:	403.5	387.5	87.0
		ub :	405.4217	389.3756	88.7249
		lb :	401.5783	385.6244	85.2751
		P^-1:
			0.5616	0.1948	0.1158
			0.1948	0.9135	-0.0515
			0.1158	-0.0515	0.9694
	==================================================================================
	Q5:
		Shape: Ellipse
		q_c:	405.5	384.0	87.5
		ub :	410.4438	388.2324	92.3924
		lb :	400.5562	379.7676	82.6076
		P^-1:
			0.107	0.0219	0.0337
			0.0219	0.1932	0.0677
			0.0337	0.0677	0.1425
	==================================================================================
	Q6:
		Shape: Ellipse
		q_c:	404.0	382.5	91.5
		ub :	406.1221	385.246	93.9088
		lb :	401.8779	379.754	89.0912
		P^-1:
			2.5375	0.1844	1.8197
			0.1844	0.2649	0.1467
			1.8197	0.1467	1.6976


===========================================================================================
===========================================================================================
S14:
	q_c:	315.0	292.0	447.0
	ub :	327.2547	300.5098	454.9179
	lb :	309.3098	286.093	438.4143

	==================================================================================
	Q1:
		Shape: Ellipse
		q_c:	313.0	296.0	443.5
		ub :	316.6902	299.2644	446.4427
		lb :	309.3098	292.7356	440.5573
		P^-1:
			0.1247	-0.0406	0.004
			-0.0406	0.233	-0.0171
			0.004	-0.0171	0.1635
	==================================================================================
	Q2:
		Shape: Hybrid
		q_c:	318.0	295.5	447.0
		ub :	320.3186	297.5657	449.5027
		lb :	315.6814	293.4343	444.4973
		P^-1:
			0.813	-1.0734	0.8013
			-1.0734	2.2966	-1.5277
			0.8013	-1.5277	1.3904
		A:
			-0.6956	0.7029	-0.1481
			0.3104	-0.6631	0.6811
			0.5741	-0.5987	0.5586
			0.5406	-0.557	0.6304
			0.1007	-0.9907	0.0916
			-0.1649	0.8532	-0.4949
		b:
			-78.876
			207.589
			255.7758
			289.5787
			-218.8575
			-21.0931
	==================================================================================
	Q3:
		Shape: Hybrid
		q_c:	323.5	295.5	448.5
		ub :	327.2547	299.5013	451.3835
