3D_45_20_6_d                l = 3

===========================================================================================
===========================================================================================
S1:
	q_c:    371.5000    211.5000    487.5000
	ub :    378.0000    237.0000    509.0000
	lb :    365.0000    186.0000    466.0000

	==================================================================================
	Q1:
		Shape: Polyhedra
		q_c:    367.5000    214.0000    493.5000
		ub :    371.5761    217.7655    497.2451
		lb :    363.4239    210.2345    489.7549
		A:
			    0.7378    0.1950    0.6463
			    -0.9194    -0.1007    -0.3802
			    0.5840    0.1102    0.8043
			    0.4616    -0.8628    0.2060
			    0.6964    -0.5637    -0.4442
			    -0.5470    0.7995    0.2480
			    0.3955    0.8952    0.2056
			    0.5985    -0.0814    -0.7970
			    -0.6967    0.4383    -0.5679
			    -0.3955    -0.8952    -0.2056
			    -0.5985    0.0814    0.7970
			    0.6967    -0.4383    0.5679
		b:
			    634.2115
			    -544.6936
			    637.4177
			    89.0289
			    -81.4391
			    94.9521
			    441.3662
			    -188.3047
			    -440.5191
			    -435.3662
			    193.3047
			    444.5191
	==================================================================================
	Q2:
		Shape: Ellipse
		q_c:    376.5000    218.5000    480.5000
		ub :    380.5061    222.8749    485.0224
		lb :    372.4939    214.1251    475.9776
		P^-1: 
			    0.1591    0.0579    0.0317
			    0.0579    0.1811    0.0383
			    0.0317    0.0383    0.1320
	==================================================================================
	Q3:
		Shape: Ellipse
		q_c:    376.5000    216.0000    486.0000
		ub :    380.8222    220.2173    490.6078
		lb :    372.1778    211.7827    481.3922
		P^-1: 
			    0.1316    -0.0106    -0.0217
			    -0.0106    0.1561    -0.0081
			    -0.0217    -0.0081    0.1435
	==================================================================================
	Q4:
		Shape: Ellipse
		q_c:    378.5000    214.5000    492.0000
		ub :    383.4766    219.5941    495.3854
		lb :    373.5234    209.4059    488.6146
		P^-1: 
			    0.1456    0.0600    0.0411
			    0.0600    0.1073    0.0156
			    0.0411    0.0156    0.2196
	==================================================================================
	Q5:
		Shape: Ellipse
		q_c:    372.0000    213.5000    487.0000
		ub :    376.0981    217.3451    489.9990
		lb :    367.9019    209.6549    484.0010
		P^-1: 
			    0.0862    -0.0209    0.0071
			    -0.0209    0.1771    -0.0378
			    0.0071    -0.0378    0.2283
	==================================================================================
	Q6:
		Shape: Polyhedra
		q_c:    366.5000    217.5000    486.0000
		ub :    370.0624    221.1887    490.2127
		lb :    362.9376    213.8113    481.7873
		A:
			    -0.8519    -0.5126    -0.1073
			    0.1209    -0.7852    0.6074
			    0.7455    0.6619    -0.0781
			    0.1398    0.4803    -0.8659
			    -0.8721    -0.3612    0.3300
			    0.8171    -0.4782    0.3220
			    0.6827    0.2886    0.6713
			    -0.7307    0.2722    0.6261
			    -0.0020    -0.9179    0.3967
			    -0.6827    -0.2886    -0.6713
			    0.7307    -0.2722    -0.6261
			    0.0020    0.9179    -0.3967
		b:
			    -473.5725
			    171.1904
			    381.6501
			    -262.5104
			    -235.1288
			    354.4364
			    641.2262
			    98.6930
			    -5.0624
			    -637.2262
			    -92.6930
			    10.0624


===========================================================================================
===========================================================================================
S2:
	q_c:    20.0000    301.5000    205.0000
	ub :    40.0000    318.0000    208.0000
	lb :    0.0000    285.0000    202.0000

	==================================================================================
	Q1:
		Shape: Ellipse
		q_c:    21.5000    301.0000    205.0000
		ub :    23.5027    303.1634    207.3186
		lb :    19.4973    298.8366    202.6814
		P^-1: 
			    0.6565    -0.1916    0.1901
			    -0.1916    0.6175    -0.1717
			    0.1901    -0.1717    0.6149
	==================================================================================
	Q2:
		Shape: Hybrid
		q_c:    21.5000    303.5000    205.5000
		ub :    23.2064    304.9000    207.2480
		lb :    19.7936    302.1000    203.7520
		P^-1: 
			    1.2559    0.7568    0.7734
			    0.7568    2.7709    1.3399
			    0.7734    1.3399    1.4177
		A:
			    0.2125    -0.9642    -0.1585
			    0.1658    -0.6118    -0.7734
			    -0.9816    -0.0702    -0.1777
			    -0.1226    -0.8211    -0.5574
			    0.4157    -0.3285    -0.8481
			    -0.9142    -0.3470    -0.2092
		b:
			    -320.1375
			    -340.3925
			    -78.1962
			    -366.0828
			    -264.0434
			    -167.3010
	==================================================================================
	Q3:
		Shape: Hybrid
		q_c:    22.0000    304.0000    205.0000
		ub :    23.2313    306.8506    207.8685
		lb :    20.7687    301.1494    202.1315
		P^-1: 
			    3.6600    -0.9165    -0.5652
			    -0.9165    0.4963    0.1519
			    -0.5652    0.1519    0.3437
		A:
			    -0.9887    0.1252    0.0826
			    0.8203    -0.2366    -0.5208
			    0.9498    -0.2304    -0.2118
			    0.8575    -0.3419    -0.3845
			    0.9823    -0.1051    -0.1551
			    0.8934    -0.4453    -0.0595
		b:
			    33.5839
			    -160.0002
			    -92.3118
			    -163.4317
			    -41.8110
			    -127.5277
	==================================================================================
	Q4:
		Shape: Hybrid
		q_c:    19.0000    301.5000    207.5000
		ub :    21.5164    303.7338    209.7240
		lb :    16.4836    299.2662    205.2760
		P^-1: 
			    0.6034    0.3546    0.0233
			    0.3546    0.6499    0.1149
			    0.0233    0.1149    0.4411
		A:
			    0.3841    0.8925    0.2365
			    -0.6407    -0.1786    -0.7467
			    0.5754    -0.4957    -0.6505
			    0.6088    0.7520    0.2527
			    -0.7490    0.6111    -0.2560
			    0.7102    0.6917    0.1309
		b:
			    326.0740
			    -219.9835
			    -272.3816
			    291.2420
			    118.3906
			    249.7159
	==================================================================================
	Q5:
		Shape: Ellipse
		q_c:    20.0000    299.5000    203.5000
		ub :    22.4202    301.9635    206.0077
		lb :    17.5798    297.0365    200.9923
		P^-1: 
			    0.6559    -0.1192    -0.3404
			    -0.1192    0.3965    -0.0090
			    -0.3404    -0.0090    0.6420
	==================================================================================
	Q6:
		Shape: Ellipse
		q_c:    18.5000    300.5000    203.5000
		ub :    20.8083    302.6395    205.0430
		lb :    16.1917    298.3605    201.9570
		P^-1: 
			    0.4859    -0.0036    -0.1459
			    -0.0036    0.4448    0.0126
			    -0.1459    0.0126    0.9583


===========================================================================================
===========================================================================================
S3:
	q_c:    473.5000    448.0000    431.5000
	ub :    498.0000    474.0000    462.0000
	lb :    449.0000    422.0000    401.0000

	==================================================================================
	Q1:
		Shape: Hybrid
		q_c:    490.5000    434.5000    445.0000
		ub :    507.6029    452.8733    462.9841
		lb :    473.3971    416.1267    427.0159
		P^-1: 
			    0.0120    0.0009    -0.0057
			    0.0009    0.0062    -0.0012
			    -0.0057    -0.0012    0.0119
		A:
			    -0.2537    -0.5995    -0.7591
			    -0.6956    -0.0663    -0.7154
			    -0.4255    -0.8730    -0.2383
			    -0.2188    -0.0698    0.9733
			    0.9529    0.1691    -0.2518
			    0.6569    -0.7117    -0.2488
		b:
			    -713.8497
			    -679.4390
			    -685.0840
			    301.0073
			    434.1350
			    -90.0862
	==================================================================================
	Q2:
		Shape: Polyhedra
		q_c:    495.5000    466.0000    439.0000
		ub :    510.9229    479.2370    454.7761
		lb :    480.0771    452.7630    423.2239
		A:
			    -0.6322    0.7189    0.2891
			    0.7489    0.3337    0.5726
			    -0.0756    0.5452    -0.8349
			    0.5800    0.4725    0.6636
			    -0.7872    0.0674    -0.6130
			    -0.6150    -0.2454    -0.7494
			    0.6797    0.2243    0.6984
			    -0.1251    0.9736    -0.1909
			    -0.7228    0.0424    0.6898
			    -0.6797    -0.2243    -0.6984
			    0.1251    -0.9736    0.1909
			    0.7228    -0.0424    -0.6898
		b:
			    162.3695
			    782.5951
			    -138.2907
			    803.9299
			    -622.1871
			    -743.8592
			    751.8821
			    319.9036
			    -20.0662
			    -743.8821
			    -295.9036
			    51.0662
	==================================================================================
	Q3:
		Shape: Ellipse
		q_c:    501.0000    468.0000    414.0000
		ub :    519.2134    487.8452    424.4514
		lb :    482.7866    448.1548    403.5486
		P^-1: 
			    0.0071    0.0025    0.0003
			    0.0025    0.0060    -0.0008
			    0.0003    -0.0008    0.0138
	==================================================================================
	Q4:
		Shape: Polyhedra
		q_c:    459.5000    461.5000    419.5000
		ub :    471.0831    478.2706    436.6682
		lb :    447.9169    444.7294    402.3318
		A:
			    -0.5885    -0.7995    -0.1199
			    0.0170    0.9165    0.3996
			    0.7510    0.0862    0.6546
			    0.0917    -0.2483    0.9643
			    0.8512    0.2380    -0.4677
			    -0.7236    0.6805    0.1153
			    0.9861    0.1658    0.0147
			    0.1514    -0.9303    0.3340
			    0.0691    -0.3271    -0.9424
			    -0.9861    -0.1658    -0.0147
			    -0.1514    0.9303    -0.3340
			    -0.0691    0.3271    0.9424
		b:
			    -679.0790
			    611.0442
			    670.6446
			    345.2909
			    315.0059
			    40.9783
			    544.7847
			    -208.1414
			    -500.5825
			    -526.7847
			    231.1414
			    528.5825
	==================================================================================
	Q5:
		Shape: Ellipse
		q_c:    477.0000    451.0000    440.5000
		ub :    492.8793    466.8546    457.2534
		lb :    461.1207    435.1454    423.7466
		P^-1: 
			    0.0210    0.0115    0.0062
			    0.0115    0.0142    0.0063
			    0.0062    0.0063    0.0112
	==================================================================================
	Q6:
		Shape: Ellipse
		q_c:    495.5000    461.5000    452.5000
		ub :    519.8659    481.7360    477.5845
		lb :    471.1341    441.2640    427.4155
		P^-1: 
			    0.0046    0.0001    -0.0002
			    0.0001    0.0050    -0.0001
			    -0.0002    -0.0001    0.0047


===========================================================================================
===========================================================================================
S4:
	q_c:    60.5000    114.0000    383.5000
	ub :    80.0000    123.0000    401.0000
	lb :    41.0000    105.0000    366.0000

	==================================================================================
	Q1:
		Shape: Hybrid
		q_c:    59.0000    118.5000    388.5000
		ub :    62.4558    122.2414    392.4056
		lb :    55.5442    114.7586    384.5944
		P^-1: 
			    0.2237    -0.0305    -0.0273
			    -0.0305    0.1746    0.0131
			    -0.0273    0.0131    0.1717
		A:
			    -0.3228    -0.8356    -0.4445
			    0.1702    0.8849    0.4335
			    -0.7953    -0.5038    -0.3371
			    -0.4583    -0.1434    0.8772
			    0.7474    -0.4837    0.4555
			    -0.0943    -0.5440    0.8338
		b:
			    -289.2764
			    284.7722
			    -236.1280
			    298.0521
			    165.0501
			    255.3862
	==================================================================================
	Q2:
		Shape: Hybrid
		q_c:    66.0000    119.0000    382.5000
		ub :    72.3387    126.1941    386.9361
		lb :    59.6613    111.8059    378.0639
		P^-1: 
			    0.0667    0.0240    0.0018
			    0.0240    0.0426    -0.0000
			    0.0018    -0.0000    0.0626
		A:
			    -0.1474    -0.9858    -0.0804
			    -0.8658    0.0208    -0.5000
			    -0.8829    -0.0520    0.4667
			    0.7435    0.6638    -0.0810
			    -0.2559    -0.6020    0.7564
			    0.8189    0.1925    -0.5407
		b:
			    -154.4237
			    -243.4257
			    116.5126
			    98.9545
			    203.2654
			    -127.6891
	==================================================================================
	Q3:
		Shape: Polyhedra
		q_c:    61.5000    122.5000    391.0000
		ub :    69.3691    128.5077    398.3602
		lb :    53.6309    116.4923    383.6398
		A:
			    0.5614    -0.0289    0.8270
			    0.1228    -0.8196    -0.5596
			    0.6845    0.4538    0.5705
			    -0.7320    -0.5415    -0.4135
			    0.6540    0.6935    0.3022
			    0.4190    0.7418    0.5236
			    0.3028    0.7289    0.6140
			    0.7950    0.1621    -0.5846
			    -0.5257    0.6651    -0.5304
			    -0.3028    -0.7289    -0.6140
			    -0.7950    -0.1621    0.5846
			    0.5257    -0.6651    0.5304
		b:
			    358.7042
			    -308.6771
			    323.8383
			    -269.8082
			    246.4173
			    323.5140
			    349.9822
			    -154.3151
			    -152.7309
			    -345.9822
			    165.3151
			    163.7309
	==================================================================================
	Q4:
		Shape: Polyhedra
		q_c:    59.0000    110.0000    379.0000
		ub :    64.8402    116.0303    385.5815
		lb :    53.1598    103.9697    372.4185
		A:
			    0.6320    -0.5750    0.5196
			    0.8430    0.4890    -0.2241
			    0.0804    -0.2505    0.9648
			    0.2353    0.7625    0.6027
			    0.4614    0.0273    0.8867
			    -0.5884    -0.7982    -0.1295
			    0.6794    0.3479    0.6460
			    0.7227    -0.1649    -0.6712
			    -0.1270    0.9229    -0.3634
			    -0.6794    -0.3479    -0.6460
			    -0.7227    0.1649    0.6712
			    0.1270    -0.9229    0.3634
		b:
			    175.1504
			    22.5189
			    346.8546
			    329.9730
			    369.9883
			    -167.6452
			    326.6995
			    -225.8985
			    -39.2120
			    -319.6995
			    233.8985
			    48.2120
	==================================================================================
	Q5:
		Shape: Polyhedra
		q_c:    61.0000    103.5000    380.5000
		ub :    66.4883    108.8369    386.3605
		lb :    55.5117    98.1631    374.6395
		A:
			    -0.9323    0.3368    -0.1317
			    0.8545    0.2274    -0.4670
			    0.6230    0.7018    -0.3456
			    0.8806    -0.4566    -0.1270
			    -0.7566    0.2386    0.6088
			    0.8175    -0.4119    0.4025
			    0.0981    0.9135    0.3948
			    0.4635    0.3091    -0.8305
			    -0.8807    0.2645    -0.3930
			    -0.0981    -0.9135    -0.3948
			    -0.4635    -0.3091    0.8305
			    0.8807    -0.2645    0.3930
		b:
			    -68.1768
			    -98.3746
			    -17.3520
			    -37.9837
			    213.8093
			    164.3696
			    254.2402
			    -252.2345
			    -171.9054
			    -247.2402
			    259.2345
			    179.9054
	==================================================================================
	Q6:
		Shape: Polyhedra
		q_c:    53.0000    118.0000    386.5000
		ub :    58.6597    123.8908    389.6604
		lb :    47.3403    112.1092    383.3396
		A:
			    -0.1120    -0.2420    -0.9638
			    -0.6005    -0.7601    0.2483
			    0.8424    -0.0377    -0.5375
			    0.1100    0.3920    -0.9134
			    -0.0916    0.3164    -0.9442
			    -0.7283    -0.1307    -0.6727
			    0.5971    0.5032    0.6247
			    0.6399    -0.7684    0.0074
			    0.4837    0.3953    -0.7808
			    -0.5971    -0.5032    -0.6247
			    -0.6399    0.7684    -0.0074
			    -0.4837    -0.3953    0.7808
		b:
			    -404.6202
			    -23.1695
			    -164.2805
			    -298.5992
			    -329.8910
			    -311.0585
			    334.9697
			    -48.8991
			    -227.5083
			    -329.9697
			    58.8991
			    231.5083


===========================================================================================
===========================================================================================
S5:
	q_c:    57.0000    357.0000    426.0000
	ub :    82.0000    362.0000    450.0000
	lb :    32.0000    352.0000    402.0000

	==================================================================================
	Q1:
		Shape: Polyhedra
		q_c:    58.0000    357.0000    431.5000
		ub :    60.6547    359.4420    433.8667
		lb :    55.3453    354.5580    429.1333
		A:
			    -0.7459    0.1898    -0.6384
			    0.1913    0.8915    -0.4106
			    0.2912    0.3160    0.9030
			    -0.3965    0.3984    -0.8271
			    0.4070    0.2627    0.8748
			    -0.6340    0.2379    0.7359
			    0.6223    0.7025    0.3453
			    0.4085    -0.6678    0.6223
			    0.6677    -0.2462    -0.7025
			    -0.6223    -0.7025    -0.3453
			    -0.4085    0.6678    -0.6223
			    -0.6677    0.2462    0.7025
		b:
			    -249.5936
			    153.6418
			    521.0356
			    -236.5558
			    496.5626
			    367.1900
			    437.8788
			    54.8006
			    -350.8073
			    -433.8788
			    -52.8006
			    353.8073
	==================================================================================
	Q2:
		Shape: Ellipse
		q_c:    58.5000    358.0000    422.5000
		ub :    62.4557    361.0309    426.0016
		lb :    54.5443    354.9691    418.9984
		P^-1: 
			    0.1413    0.0855    0.0154
			    0.0855    0.3849    0.0906
			    0.0154    0.0906    0.1894
	==================================================================================
	Q3:
		Shape: Polyhedra
		q_c:    53.5000    352.5000    430.5000
		ub :    57.7911    356.8785    432.7220
		lb :    49.2089    348.1215    428.2780
		A:
			    0.3467    -0.8662    0.3598
			    -0.3888    0.8620    -0.3252
			    0.2171    0.0677    0.9738
			    0.8643    -0.0746    -0.4975
			    0.9234    0.0622    0.3787
			    0.0123    0.4606    0.8875
			    0.5927    0.7923    0.1449
			    0.7887    -0.6074    0.0950
			    0.1633    0.0580    -0.9849
			    -0.5927    -0.7923    -0.1449
			    -0.7887    0.6074    -0.0950
			    -0.1633    -0.0580    0.9849
		b:
			    -129.2716
			    145.6512
			    456.5742
			    -191.8663
			    237.3131
			    547.3127
			    376.8720
			    -128.5243
			    -393.3097
			    -369.8720
			    133.5243
			    396.3097
	==================================================================================
	Q4:
		Shape: Polyhedra
		q_c:    53.5000    357.0000    428.0000
		ub :    57.9991    360.9925    431.4441
		lb :    49.0009    353.0075    424.5559
		A:
			    0.2533    -0.8891    0.3812
			    0.0855    -0.9495    -0.3019
			    0.8244    -0.5411    -0.1660
			    -0.2802    -0.8627    -0.4210
			    -0.6335    -0.3026    0.7121
			    -0.9639    0.2360    0.1231
			    0.7894    0.5615    0.2483
			    0.4286    -0.2144    -0.8777
			    -0.4396    0.7992    -0.4099
			    -0.7894    -0.5615    -0.2483
			    -0.4286    0.2144    0.8777
			    0.4396    -0.7992    0.4099
		b:
			    -138.6340
			    -461.0647
			    -217.9057
			    -500.0864
			    165.3253
			    88.0234
			    352.4365
			    -427.2764
			    88.3736
			    -345.4365
			    431.2764
			    -84.3736
	==================================================================================
	Q5:
		Shape: Polyhedra
		q_c:    55.0000    360.0000    425.0000
		ub :    58.6429    363.4619    427.9271
		lb :    51.3571    356.5381    422.0729
		A:
			    -0.8011    -0.3730    -0.4681
			    0.7472    0.2067    0.6317
			    -0.7343    0.5624    0.3802
			    0.0202    -0.6714    0.7408
			    0.3874    0.5321    -0.7529
			    0.0317    0.8458    -0.5325
			    0.0505    0.3081    0.9500
			    -0.3951    0.8798    -0.2643
			    -0.9172    -0.3620    0.1661
			    -0.0505    -0.3081    -0.9500
			    0.3951    -0.8798    0.2643
			    0.9172    0.3620    -0.1661
		b:
			    -374.5979
			    386.4573
			    325.9604
			    76.3861
			    -104.6184
			    82.1189
			    519.4468
			    184.6454
			    -107.1791
			    -515.4468
			    -180.6454
			    113.1791
	==================================================================================
	Q6:
		Shape: Ellipse
		q_c:    53.0000    359.0000    422.5000
		ub :    56.8365    362.7004    425.2621
		lb :    49.1635    355.2996    419.7379
		P^-1: 
			    0.2151    -0.0447    -0.1001
			    -0.0447    0.2007    -0.0703
			    -0.1001    -0.0703    0.3898


===========================================================================================
===========================================================================================
S6:
	q_c:    334.5000    446.0000    406.0000
	ub :    347.0000    458.0000    437.0000
	lb :    322.0000    434.0000    375.0000

	==================================================================================
	Q1:
		Shape: Ellipse
		q_c:    337.0000    439.0000    398.0000
		ub :    343.3340    445.3380    404.4260
		lb :    330.6660    432.6620    391.5740
		P^-1: 
			    0.0469    -0.0101    0.0188
			    -0.0101    0.0464    -0.0276
			    0.0188    -0.0276    0.0908
	==================================================================================
	Q2:
		Shape: Hybrid
		q_c:    332.0000    436.5000    413.0000
		ub :    338.4447    443.1916    418.9290
		lb :    325.5553    429.8084    407.0710
		P^-1: 
			    0.0987    0.0436    -0.0213
			    0.0436    0.0642    -0.0394
			    -0.0213    -0.0394    0.1065
		A:
			    0.0394    0.9628    -0.2672
			    -0.4400    -0.3928    -0.8075
			    0.7816    0.6113    0.1238
			    -0.0538    -0.3008    0.9522
			    -0.9115    -0.1633    -0.3776
			    0.9777    0.2085    0.0230
		b:
			    326.3852
			    -648.3049
			    579.4657
			    245.7512
			    -527.6353
			    427.1706
	==================================================================================
	Q3:
		Shape: Polyhedra
		q_c:    344.0000    444.5000    412.5000
		ub :    350.0506    450.6888    417.4575
		lb :    337.9494    438.3112    407.5425
		A:
			    -0.1224    -0.6350    0.7628
			    -0.3016    -0.6786    0.6698
			    -0.8963    -0.3419    -0.2825
			    -0.1738    0.9701    -0.1693
			    -0.8217    -0.5691    -0.0324
			    -0.0843    0.8330    0.5469
			    0.3793    0.6252    0.6821
			    0.5502    0.4403    -0.7095
			    -0.7439    0.6444    -0.1770
			    -0.3793    -0.6252    -0.6821
			    -0.5502    -0.4403    0.7095
			    0.7439    -0.6444    0.1770
		b:
			    -6.6907
			    -126.3038
			    -573.1876
			    305.5762
			    -545.8065
			    570.6204
			    693.2421
			    94.8298
			    -37.9674
			    -686.2421
			    -89.8298
			    46.9674
	==================================================================================
	Q4:
		Shape: Polyhedra
		q_c:    334.0000    449.5000    411.5000
		ub :    340.2747    455.5495    416.7257
		lb :    327.7253    443.4505    406.2743
		A:
			    -0.2766    -0.9604    0.0331
			    -0.2596    0.2335    -0.9371
			    -0.8769    -0.0216    0.4801
			    0.4157    -0.8137    -0.4063
			    -0.6122    -0.2797    -0.7396
			    0.0278    0.7845    0.6195
			    0.6915    0.7211    0.0431
			    0.7058    -0.6871    0.1724
			    0.1539    -0.0888    -0.9841
			    -0.6915    -0.7211    -0.0431
			    -0.7058    0.6871    -0.1724
			    -0.1539    0.0888    0.9841
		b:
			    -506.2006
			    -363.0549
			    -100.7833
			    -390.2024
			    -630.1588
			    621.2029
			    577.3226
			    1.3065
			    -388.9564
			    -568.3226
			    5.6935
			    397.9564
	==================================================================================
	Q5:
		Shape: Hybrid
		q_c:    329.5000    439.0000    403.5000
		ub :    337.0363    446.7362    411.9588
		lb :    321.9637    431.2638    395.0412
		P^-1: 
			    0.0339    0.0009    0.0021
			    0.0009    0.0399    -0.0003
			    0.0021    -0.0003    0.0392
		A:
			    0.5816    0.8111    -0.0616
			    0.5750    -0.4469    -0.6853
			    0.0594    -0.0584    0.9965
			    0.1333    0.8926    0.4306
			    0.4361    0.4642    -0.7710
			    -0.4460    0.8160    0.3678
		b:
			    525.5001
			    -280.4439
			    398.5512
			    612.0425
			    39.0710
			    362.3980
	==================================================================================
	Q6:
		Shape: Hybrid
		q_c:    331.5000    445.0000    417.0000
		ub :    340.8437    453.2178    423.9664
		lb :    322.1563    436.7822    410.0336
		P^-1: 
			    0.0343    0.0366    -0.0348
			    0.0366    0.1226    -0.1059
			    -0.0348    -0.1059    0.1412
		A:
			    0.4282    0.8887    -0.1640
			    -0.6050    -0.6245    0.4939
			    0.1247    -0.9832    -0.1331
			    -0.2615    -0.9179    0.2984
			    0.6549    0.7324    0.1862
			    -0.0213    -0.9974    0.0693
		b:
			    471.9720
			    -270.1932
			    -446.9945
			    -368.2884
			    624.9802
			    -418.2011


===========================================================================================
===========================================================================================
S7:
	q_c:    517.0000    452.0000    244.0000
	ub :    523.0000    483.0000    259.0000
	lb :    511.0000    421.0000    229.0000

	==================================================================================
	Q1:
		Shape: Polyhedra
		q_c:    518.0000    447.5000    238.0000
		ub :    522.0338    451.7539    241.9831
		lb :    513.9662    443.2461    234.0169
		A:
			    0.1390    -0.8469    0.5133
			    -0.3734    -0.9277    -0.0021
			    0.0665    -0.5458    0.8353
			    -0.1366    -0.9441    0.3002
			    -0.2664    0.8794    -0.3946
			    0.1569    -0.9733    0.1678
			    0.5275    0.5571    0.6414
			    -0.8279    0.5066    0.2408
			    -0.1908    -0.6580    0.7284
			    -0.5275    -0.5571    -0.6414
			    0.8279    -0.5066    -0.2408
			    0.1908    0.6580    -0.7284
		b:
			    -182.6723
			    -606.4959
			    -8.8604
			    -419.5500
			    163.7530
			    -311.9996
			    678.1906
			    -142.2987
			    -217.9438
			    -672.1906
			    147.2987
			    221.9438
	==================================================================================
	Q2:
		Shape: Ellipse
		q_c:    518.0000    451.0000    247.5000
		ub :    522.5848    455.9752    252.0631
		lb :    513.4152    446.0248    242.9369
		P^-1: 
			    0.1612    0.0152    0.0696
			    0.0152    0.1048    0.0396
			    0.0696    0.0396    0.1768
	==================================================================================
	Q3:
		Shape: Polyhedra
		q_c:    517.0000    457.5000    249.5000
		ub :    519.4083    460.6995    252.9797
		lb :    514.5917    454.3005    246.0203
		A:
			    -0.2798    -0.8400    -0.4648
			    0.9740    0.1888    -0.1253
			    0.6625    0.7056    -0.2513
			    0.7194    0.6422    0.2646
			    0.2470    0.9299    0.2726
			    0.5551    0.0114    -0.8317
			    0.2558    0.8275    0.4998
			    -0.1900    0.5500    -0.8133
			    -0.9479    0.1131    0.2979
			    -0.2558    -0.8275    -0.4998
			    0.1900    -0.5500    0.8133
			    0.9479    -0.1131    -0.2979
		b:
			    -642.9494
			    560.2454
			    604.5972
			    733.6400
			    623.1589
			    86.6093
			    637.5261
			    -47.0328
			    -362.5035
			    -633.5261
			    52.0328
			    365.5035
	==================================================================================
	Q4:
		Shape: Polyhedra
		q_c:    510.0000    458.0000    241.5000
		ub :    513.9703    461.8589    244.3456
		lb :    506.0297    454.1411    238.6544
		A:
			    -0.1681    -0.7766    -0.6072
			    -0.5254    0.4281    0.7353
			    -0.9514    -0.1982    -0.2356
			    -0.4148    0.6738    -0.6115
			    -0.8971    -0.2018    0.3930
			    0.5768    0.4265    -0.6967
			    0.3101    0.9493    0.0520
			    0.9474    -0.3131    0.0662
			    0.0791    0.0287    -0.9965
			    -0.3101    -0.9493    -0.0520
			    -0.9474    0.3131    -0.0662
			    -0.0791    -0.0287    0.9965
		b:
			    -585.2044
			    108.4095
			    -629.9119
			    -47.7889
			    -452.1291
			    324.0017
			    608.4643
			    358.7720
			    -184.6511
			    -602.4643
			    -352.7720
			    189.6511
	==================================================================================
	Q5:
		Shape: Ellipse
		q_c:    515.0000    459.0000    241.5000
		ub :    519.8933    464.1467    245.8043
		lb :    510.1067    453.8533    237.1957
		P^-1: 
			    0.1082    0.0131    0.0010
			    0.0131    0.0526    -0.0044
			    0.0010    -0.0044    0.1108
	==================================================================================
	Q6:
		Shape: Hybrid
		q_c:    512.5000    450.5000    243.5000
		ub :    516.0043    452.3717    247.0810
		lb :    508.9957    448.6283    239.9190
		P^-1: 
			    2.2748    -0.7055    -1.8280
			    -0.7055    3.7115    -0.7475
			    -1.8280    -0.7475    2.0630
		A:
			    0.6376    0.0861    -0.7656
			    0.0244    -0.9458    0.3237
			    0.6732    -0.1208    -0.7295
			    -0.1662    -0.8030    0.5724
			    0.0436    0.9456    -0.3225
			    -0.6791    0.6262    0.3829
		b:
			    179.5233
			    -334.4999
			    113.3508
			    -307.1933
			    370.1091
			    27.5338


===========================================================================================
===========================================================================================
S8:
	q_c:    141.0000    116.0000    187.0000
	ub :    165.0000    133.0000    196.0000
	lb :    117.0000    99.0000    178.0000

	==================================================================================
	Q1:
		Shape: Ellipse
		q_c:    135.0000    118.0000    187.0000
		ub :    140.8734    123.2050    193.4148
		lb :    129.1266    112.7950    180.5852
		P^-1: 
			    0.0785    0.0064    0.0348
			    0.0064    0.0619    -0.0003
			    0.0348    -0.0003    0.0732
	==================================================================================
	Q2:
		Shape: Ellipse
		q_c:    139.5000    121.5000    188.0000
		ub :    145.3880    128.2692    193.9509
		lb :    133.6120    114.7308    182.0491
		P^-1: 
			    0.0761    -0.0098    -0.0029
			    -0.0098    0.0642    -0.0052
			    -0.0029    -0.0052    0.0532
	==================================================================================
	Q3:
		Shape: Polyhedra
		q_c:    142.5000    125.5000    182.0000
		ub :    147.9993    131.5999    188.5566
		lb :    137.0007    119.4001    175.4434
		A:
			    -0.6558    0.6746    0.3387
			    0.3199    -0.2073    0.9245
			    0.0678    0.7311    0.6789
			    -0.5857    0.4863    0.6485
			    0.2615    0.7106    0.6532
			    -0.0144    -0.5222    -0.8527
			    0.7507    0.2935    0.5918
			    -0.6012    0.6748    0.4281
			    -0.2737    -0.6772    0.6830
			    -0.7507    -0.2935    -0.5918
			    0.6012    -0.6748    -0.4281
			    0.2737    0.6772    -0.6830
		b:
			    55.3749
			    192.0976
			    227.9733
			    98.3657
			    248.5217
			    -219.6317
			    255.0230
			    79.4194
			    5.3163
			    -248.0230
			    -74.4194
			    4.6837
	==================================================================================
	Q4:
		Shape: Polyhedra
		q_c:    137.5000    122.5000    198.0000
		ub :    142.6246    127.6596    202.2876
		lb :    132.3754    117.3404    193.7124
		A:
			    -0.0414    0.0377    0.9984
			    -0.4783    0.7924    -0.3787
			    0.3642    -0.2176    -0.9056
			    0.8677    0.2650    0.4205
			    -0.6866    -0.3256    -0.6501
			    -0.2243    -0.2773    0.9342
			    0.2833    0.9335    0.2198
			    0.0896    0.2024    -0.9752
			    -0.9548    0.2960    -0.0263
			    -0.2833    -0.9335    -0.2198
			    -0.0896    -0.2024    0.9752
			    0.9548    -0.2960    0.0263
		b:
			    200.1162
			    -39.9136
			    -152.3005
			    238.8349
			    -259.3317
			    123.6840
			    200.3271
			    -152.4745
			    -96.2375
			    -193.3271
			    159.4745
			    104.2375
	==================================================================================
	Q5:
		Shape: Hybrid
		q_c:    135.5000    112.0000    189.5000
		ub :    142.2862    117.8087    196.3083
		lb :    128.7138    106.1913    182.6917
		P^-1: 
			    0.0654    0.0115    0.0023
			    0.0115    0.0639    0.0112
			    0.0023    0.0112    0.0642
		A:
			    -0.5684    -0.6354    -0.5226
			    -0.1937    0.4558    0.8687
			    0.9769    -0.0031    0.2135
			    0.9332    0.1401    -0.3308
			    0.3970    0.8285    -0.3951
			    -0.5157    -0.2751    -0.8114
		b:
			    -245.4746
			    191.4827
			    174.7232
			    81.6235
			    74.0107
			    -252.4670
	==================================================================================
	Q6:
		Shape: Polyhedra
		q_c:    144.0000    123.5000    186.0000
		ub :    147.3009    125.3376    187.9673
		lb :    140.6991    121.6624    184.0327
		A:
			    0.2204    0.0029    0.9754
			    0.2121    0.7930    -0.5711
			    0.5145    -0.4062    -0.7552
			    -0.0450    -0.7618    -0.6463
			    0.4476    -0.8447    -0.2936
			    -0.4509    -0.5943    -0.6660
			    0.2642    0.1477    0.9531
			    -0.1076    0.9865    -0.1231
			    -0.9585    -0.0700    0.2765
			    -0.2642    -0.1477    -0.9531
			    0.1076    -0.9865    0.1231
			    0.9585    0.0700    -0.2765
		b:
			    214.5515
			    24.0456
			    -114.3560
			    -219.4940
			    -92.5991
			    -260.8040
			    234.5623
			    84.9512
			    -92.2303
			    -232.5623
			    -81.9512
			    98.2303


===========================================================================================
===========================================================================================
S9:
	q_c:    496.0000    208.5000    125.5000
	ub :    512.0000    235.0000    143.0000
	lb :    480.0000    182.0000    108.0000

	==================================================================================
	Q1:
		Shape: Ellipse
		q_c:    496.5000    211.5000    128.5000
		ub :    499.9716    217.4448    133.4780
		lb :    493.0284    205.5552    123.5220
		P^-1: 
			    0.8022    -0.1855    0.3356
			    -0.1855    0.0790    -0.0874
			    0.3356    -0.0874    0.2144
	==================================================================================
	Q2:
		Shape: Polyhedra
		q_c:    508.5000    201.5000    123.5000
		ub :    514.0303    208.0242    129.7579
		lb :    502.9697    194.9758    117.2421
		A:
			    -0.9898    0.1419    0.0122
			    0.2954    0.5290    -0.7956
			    0.6694    0.2805    -0.6880
			    -0.5704    -0.5802    0.5814
			    -0.7023    0.3632    0.6123
			    -0.6072    0.0856    0.7899
			    0.9852    0.1461    0.0895
			    -0.0582    -0.2057    0.9769
			    0.1611    -0.9676    -0.1942
			    -0.9852    -0.1461    -0.0895
			    0.0582    0.2057    -0.9769
			    -0.1611    0.9676    0.1942
		b:
			    -468.6571
			    163.5112
			    316.7150
			    -330.3103
			    -203.4669
			    -189.0924
			    545.9732
			    54.5872
			    -132.0204
			    -536.9732
			    -44.5872
			    142.0204
	==================================================================================
	Q3:
		Shape: Hybrid
		q_c:    510.0000    217.5000    121.0000
		ub :    519.3103    226.5658    130.5654
		lb :    500.6897    208.4342    111.4346
		P^-1: 
			    0.0232    0.0015    -0.0029
			    0.0015    0.0460    -0.0201
			    -0.0029    -0.0201    0.0374
		A:
			    0.0419    0.6380    -0.7689
			    -0.6939    0.0665    -0.7170
			    -0.7328    -0.6052    0.3111
			    0.1507    -0.9711    -0.1851
			    -0.2557    -0.8594    -0.4428
			    -0.3823    -0.7521    0.5369
		b:
			    69.2814
			    -421.7464
			    -464.2277
			    -152.9120
			    -366.3456
			    -291.2443
	==================================================================================
	Q4:
		Shape: Ellipse
		q_c:    509.0000    198.0000    127.0000
		ub :    515.0755    204.6010    134.3965
		lb :    502.9245    191.3990    119.6035
		P^-1: 
			    0.0736    0.0170    0.0351
			    0.0170    0.0539    0.0087
			    0.0351    0.0087    0.0661
	==================================================================================
	Q5:
		Shape: Ellipse
		q_c:    497.0000    205.0000    139.0000
		ub :    507.0194    214.2407    148.2482
		lb :    486.9806    195.7593    129.7518
		P^-1: 
			    0.0292    -0.0052    0.0018
			    -0.0052    0.0237    -0.0020
			    0.0018    -0.0020    0.0242
	==================================================================================
	Q6:
		Shape: Ellipse
		q_c:    509.5000    196.0000    136.5000
		ub :    516.6640    199.2348    143.3777
		lb :    502.3360    192.7652    129.6223
		P^-1: 
			    0.1647    0.0923    0.1411
			    0.0923    0.3842    0.0326
			    0.1411    0.0326    0.1633


===========================================================================================
===========================================================================================
S10:
	q_c:    221.0000    377.5000    50.5000
	ub :    248.0000    388.0000    65.0000
	lb :    194.0000    367.0000    36.0000

	==================================================================================
	Q1:
		Shape: Hybrid
		q_c:    218.5000    369.5000    55.5000
		ub :    226.7864    377.6191    63.0582
		lb :    210.2136    361.3809    47.9418
		P^-1: 
			    0.0458    0.0007    -0.0121
			    0.0007    0.0381    -0.0066
			    -0.0121    -0.0066    0.0516
		A:
			    0.6846    -0.6651    -0.2983
			    0.0473    -0.1761    -0.9832
			    -0.4612    0.2394    -0.8544
			    -0.2570    -0.3882    0.8850
			    0.6852    -0.7233    0.0854
			    0.5337    0.7351    -0.4181
		b:
			    -109.9150
			    -106.5916
			    -56.7564
			    -148.3083
			    -109.8205
			    367.5766
	==================================================================================
	Q2:
		Shape: Hybrid
		q_c:    229.0000    374.0000    44.0000
		ub :    236.1407    383.8464    53.7856
		lb :    221.8593    364.1536    34.2144
		P^-1: 
			    0.0237    -0.0000    -0.0000
			    -0.0000    0.0226    -0.0015
			    -0.0000    -0.0015    0.0215
		A:
			    -0.8349    -0.4589    0.3038
			    0.8023    0.2935    -0.5198
			    -0.5776    -0.2838    -0.7654
			    0.5053    0.7739    0.3818
			    0.8431    0.5375    0.0166
			    -0.1984    0.6392    0.7430
		b:
			    -346.2115
			    273.9020
			    -268.5154
			    425.4942
			    398.1295
			    230.0378
	==================================================================================
	Q3:
		Shape: Hybrid
		q_c:    226.0000    380.0000    48.0000
		ub :    231.7570    386.5014    53.9998
		lb :    220.2430    373.4986    42.0002
		P^-1: 
			    0.1120    0.0285    -0.0455
			    0.0285    0.0654    -0.0147
			    -0.0455    -0.0147    0.0945
		A:
			    0.2834    -0.5126    -0.8105
			    0.6319    -0.3580    -0.6874
			    0.7728    -0.2631    -0.5776
			    0.1719    0.8034    0.5700
			    0.8446    0.5249    -0.1056
			    0.9893    -0.1382    -0.0466
		b:
			    -167.2234
			    -24.1933
			    48.8825
			    374.3030
			    387.0026
			    171.1765
	==================================================================================
	Q4:
		Shape: Hybrid
		q_c:    227.5000    367.5000    57.5000
		ub :    236.1028    376.3697    64.3749
		lb :    218.8972    358.6303    50.6251
		P^-1: 
			    0.0271    0.0117    -0.0204
			    0.0117    0.0418    -0.0338
			    -0.0204    -0.0338    0.0863
		A:
			    0.5226    0.5479    0.6532
			    0.5868    0.7156    -0.3790
			    -0.5191    -0.8257    0.2209
			    0.0638    -0.2991    0.9521
			    0.8501    -0.5191    0.0886
			    -0.9399    -0.3372    -0.0535
		b:
			    362.8504
			    377.7740
			    -405.2330
			    -38.3912
			    13.1854
			    -335.8232
	==================================================================================
	Q5:
		Shape: Polyhedra
		q_c:    213.5000    385.0000    59.0000
		ub :    218.4238    391.1253    65.0027
		lb :    208.5762    378.8747    52.9973
		A:
			    -0.1227    0.8650    0.4866
			    0.3680    0.9127    -0.1778
			    -0.6667    -0.7055    -0.2405
			    -0.5191    -0.0336    -0.8541
			    -0.9222    -0.1602    0.3520
			    -0.0293    0.3499    0.9363
			    0.6332    0.5308    0.5634
			    0.1840    -0.8102    0.5565
			    0.7518    -0.2487    -0.6107
			    -0.6332    -0.5308    -0.5634
