3D_45_5_6_c                l = 3

===========================================================================================
===========================================================================================
S1:
	q_c:    115.5000    466.5000    209.5000
	ub :    135.0000    491.0000    224.0000
	lb :    96.0000    442.0000    195.0000

	==================================================================================
	Q1:
		Shape: Polyhedra
		q_c:    119.0000    465.0000    199.5000
		ub :    126.3480    472.2708    205.9676
		lb :    111.6520    457.7292    193.0324
		A:
			    0.1329    -0.3000    0.9446
			    -0.6481    0.1347    -0.7496
			    0.3420    -0.8890    0.3046
			    0.9596    -0.1450    -0.2411
			    -0.8438    0.2563    -0.4715
			    -0.7821    0.0413    -0.6217
			    0.5236    0.8511    0.0382
			    0.4029    -0.2079    -0.8913
			    -0.7506    0.4821    -0.4518
			    -0.5236    -0.8511    -0.0382
			    -0.4029    0.2079    0.8913
			    0.7506    -0.4821    0.4518
		b:
			    69.2962
			    -160.3860
			    -307.9346
			    3.1832
			    -72.0772
			    -194.2302
			    471.1842
			    -221.0485
			    47.7241
			    -460.1842
			    232.0485
			    -41.7241
	==================================================================================
	Q2:
		Shape: Ellipse
		q_c:    101.0000    456.0000    223.5000
		ub :    104.3505    467.9761    235.5494
		lb :    97.6495    444.0239    211.4506
		P^-1: 
			    0.9583    -0.1920    0.0502
			    -0.1920    0.0529    -0.0102
			    0.0502    -0.0102    0.0165
	==================================================================================
	Q3:
		Shape: Hybrid
		q_c:    106.5000    469.5000    212.5000
		ub :    113.4125    473.7754    218.6082
		lb :    99.5875    465.2246    206.3918
		P^-1: 
			    0.1008    0.0452    0.0998
			    0.0452    0.2363    -0.0302
			    0.0998    -0.0302    0.1833
		A:
			    0.6936    -0.1757    0.6986
			    -0.4992    -0.7704    -0.3966
			    0.6418    -0.1632    0.7493
			    0.5609    0.5067    0.6547
			    -0.3075    0.3868    -0.8694
			    -0.6800    0.4668    -0.5654
		b:
			    141.3311
			    -498.1407
			    152.1950
			    437.7559
			    -34.7087
			    28.6878
	==================================================================================
	Q4:
		Shape: Ellipse
		q_c:    119.5000    477.0000    199.0000
		ub :    128.7169    481.2781    207.5949
		lb :    110.2831    472.7219    190.4051
		P^-1: 
			    0.0186    -0.0064    0.0005
			    -0.0064    0.0809    0.0013
			    0.0005    0.0013    0.0203
	==================================================================================
	Q5:
		Shape: Hybrid
		q_c:    111.0000    468.5000    205.0000
		ub :    115.4612    473.3857    210.3969
		lb :    106.5388    463.6143    199.6031
		P^-1: 
			    0.2121    -0.0285    0.0903
			    -0.0285    0.2925    0.1774
			    0.0903    0.1774    0.2230
		A:
			    -0.6474    0.3918    -0.6537
			    0.8020    0.0376    0.5962
			    -0.1752    0.9514    0.2531
			    0.7860    -0.5528    0.2766
			    0.6642    -0.6947    0.2761
			    0.4418    0.7327    0.5177
		b:
			    -20.2383
			    229.9628
			    479.5398
			    -113.6635
			    -193.4682
			    499.6044
	==================================================================================
	Q6:
		Shape: Polyhedra
		q_c:    110.5000    473.0000    222.0000
		ub :    114.6558    478.8962    228.4664
		lb :    106.3442    467.1038    215.5336
		A:
			    0.9677    0.0605    0.2447
			    -0.1421    0.7644    -0.6289
			    0.1978    0.3951    -0.8971
			    0.7191    0.2369    0.6533
			    0.5420    -0.8404    0.0026
			    0.6122    0.7360    -0.2890
			    0.0751    0.6097    0.7891
			    -0.9915    0.1301    -0.0062
			    -0.1064    -0.7819    0.6143
			    -0.0751    -0.6097    -0.7891
			    0.9915    -0.1301    0.0062
			    0.1064    0.7819    -0.6143
		b:
			    193.8435
			    207.9759
			    13.0470
			    342.1104
			    -332.9303
			    354.4851
			    478.8638
			    -45.8672
			    -243.7155
			    -464.8638
			    52.8672
			    246.7155


===========================================================================================
===========================================================================================
S2:
	q_c:    178.0000    28.5000    490.0000
	ub :    193.0000    57.0000    517.0000
	lb :    163.0000    0.0000    463.0000

	==================================================================================
	Q1:
		Shape: Hybrid
		q_c:    188.0000    37.5000    481.5000
		ub :    200.2417    49.1366    491.1099
		lb :    175.7583    25.8634    471.8901
		P^-1: 
			    0.0209    -0.0029    -0.0044
			    -0.0029    0.0172    0.0023
			    -0.0044    0.0023    0.0231
		A:
			    0.4274    -0.6574    -0.6206
			    0.6818    0.0625    0.7289
			    -0.0604    -0.2633    -0.9628
			    -0.2626    0.5257    -0.8091
			    -0.3669    0.9032    -0.2227
			    -0.4461    -0.5170    -0.7306
		b:
			    -239.7748
			    486.0362
			    -481.0820
			    -414.7824
			    -137.8433
			    -450.5301
	==================================================================================
	Q2:
		Shape: Ellipse
		q_c:    183.5000    29.5000    504.0000
		ub :    189.6653    38.0984    512.6602
		lb :    177.3347    20.9016    495.3398
		P^-1: 
			    0.0889    -0.0298    -0.0190
			    -0.0298    0.0457    0.0128
			    -0.0190    0.0128    0.0373
	==================================================================================
	Q3:
		Shape: Ellipse
		q_c:    175.5000    31.0000    483.0000
		ub :    187.0806    43.2990    492.9852
		lb :    163.9194    18.7010    473.0148
		P^-1: 
			    0.0197    0.0044    0.0016
			    0.0044    0.0186    -0.0015
			    0.0016    -0.0015    0.0196
	==================================================================================
	Q4:
		Shape: Polyhedra
		q_c:    167.5000    29.0000    501.0000
		ub :    174.6209    37.2230    509.5978
		lb :    160.3791    20.7770    492.4022
		A:
			    0.6963    0.3993    0.5964
			    -0.7624    0.5982    0.2468
			    -0.6950    -0.6290    -0.3483
			    0.6858    -0.6981    0.2056
			    -0.3940    0.8139    0.4270
			    -0.8350    0.3532    0.4220
			    0.1933    0.4533    0.8701
			    -0.7136    0.6736    -0.1924
			    -0.6733    -0.5837    0.4537
			    -0.1933    -0.4533    -0.8701
			    0.7136    -0.6736    0.1924
			    0.6733    0.5837    -0.4537
		b:
			    432.9709
			    17.3617
			    -303.3570
			    201.1434
			    176.6090
			    86.2942
			    487.9606
			    -192.8868
			    102.6020
			    -474.9606
			    199.8868
			    -92.6020
	==================================================================================
	Q5:
		Shape: Polyhedra
		q_c:    164.5000    21.5000    490.5000
		ub :    175.9738    29.5947    499.8781
		lb :    153.0262    13.4053    481.1219
		A:
			    -0.1643    0.9422    0.2920
			    -0.6335    0.3651    0.6822
			    -0.1497    0.9745    -0.1672
			    0.0513    0.9495    -0.3095
			    0.2746    0.3645    0.8898
			    -0.0268    0.7391    -0.6731
			    0.8331    0.3037    0.4623
			    -0.2497    -0.5393    0.8042
			    0.4935    -0.7854    -0.3735
			    -0.8331    -0.3037    -0.4623
			    0.2497    0.5393    -0.8042
			    -0.4935    0.7854    0.3735
		b:
			    140.9693
			    242.0375
			    -81.8785
			    -118.7320
			    497.7060
			    -314.5821
			    380.8210
			    345.8131
			    -115.4074
			    -359.8210
			    -337.8131
			    122.4074
	==================================================================================
	Q6:
		Shape: Polyhedra
		q_c:    169.0000    22.0000    477.0000
		ub :    171.6179    24.0161    479.4360
		lb :    166.3821    19.9839    474.5640
		A:
			    0.5520    0.5554    -0.6220
			    -0.8328    0.3018    -0.4641
			    -0.2414    0.7701    0.5905
			    -0.7337    0.3730    0.5679
			    -0.0943    0.9015    0.4223
			    0.0841    -0.4126    -0.9070
			    0.8388    0.2833    0.4650
			    -0.3474    -0.3791    0.8577
			    0.4192    -0.8809    -0.2196
			    -0.8388    -0.2833    -0.4650
			    0.3474    0.3791    -0.8577
			    -0.4192    0.8809    0.2196
		b:
			    -189.6098
			    -353.7125
			    258.9617
			    156.3634
			    206.5331
			    -426.0301
			    371.7857
			    343.5458
			    -52.2651
			    -367.7857
			    -340.5458
			    54.2651


===========================================================================================
===========================================================================================
S3:
	q_c:    93.5000    453.5000    28.5000
	ub :    124.0000    465.0000    43.0000
	lb :    63.0000    442.0000    14.0000

	==================================================================================
	Q1:
		Shape: Polyhedra
		q_c:    104.0000    450.0000    20.0000
		ub :    112.7019    457.1456    29.6561
		lb :    95.2981    442.8544    10.3439
		A:
			    -0.9379    0.0645    0.3410
			    -0.8587    0.3618    0.3629
			    -0.2241    0.8818    0.4150
			    -0.9243    -0.2934    -0.2442
			    -0.4171    0.8840    0.2110
			    0.7938    0.5872    -0.1584
			    0.1973    0.9257    0.3227
			    0.8057    0.0344    -0.5913
			    -0.5584    0.3767    -0.7391
			    -0.1973    -0.9257    -0.3227
			    -0.8057    -0.0344    0.5913
			    0.5584    -0.3767    0.7391
		b:
			    -56.8726
			    85.7091
			    386.3940
			    -227.3283
			    363.7836
			    348.1794
			    448.0387
			    91.9531
			    104.1509
			    -439.0387
			    -82.9531
			    -89.1509
	==================================================================================
	Q2:
		Shape: Ellipse
		q_c:    99.5000    461.5000    37.0000
		ub :    109.6713    471.0061    45.1722
		lb :    89.3287    451.9939    28.8278
		P^-1: 
			    0.0508    0.0089    0.0434
			    0.0089    0.0310    0.0201
			    0.0434    0.0201    0.0709
	==================================================================================
	Q3:
		Shape: Polyhedra
		q_c:    87.5000    452.5000    39.5000
		ub :    95.6117    459.0829    43.0743
		lb :    79.3883    445.9171    35.9257
		A:
			    -0.4169    -0.6600    0.6250
			    -0.2438    0.1176    -0.9627
			    0.1803    0.7689    -0.6134
			    0.1325    -0.3783    0.9161
			    -0.0981    0.4578    -0.8836
			    -0.1629    -0.4771    0.8636
			    0.4573    0.8706    0.1812
			    0.8741    -0.4025    -0.2720
			    -0.1639    0.2828    -0.9451
			    -0.4573    -0.8706    -0.1812
			    -0.8741    0.4025    0.2720
			    0.1639    -0.2828    0.9451
		b:
			    -307.1493
			    -4.9183
			    342.1584
			    -122.3246
			    164.9333
			    -193.9617
			    445.1356
			    -109.4037
			    77.3043
			    -437.1356
			    123.4037
			    -75.3043
	==================================================================================
	Q4:
		Shape: Hybrid
		q_c:    94.0000    461.5000    30.0000
		ub :    102.1610    469.4300    38.5423
		lb :    85.8390    453.5700    21.4577
		P^-1: 
			    0.0541    0.0233    -0.0023
			    0.0233    0.0608    0.0095
			    -0.0023    0.0095    0.0304
		A:
			    0.7187    0.5827    0.3793
			    0.9872    0.1542    -0.0414
			    0.5760    0.4903    -0.6541
			    -0.9085    -0.4177    -0.0117
			    -0.8585    -0.3917    0.3310
			    0.6678    -0.0243    0.7440
		b:
			    350.0546
			    165.3691
			    263.9173
			    -276.3638
			    -249.2070
			    78.0287
	==================================================================================
	Q5:
		Shape: Ellipse
		q_c:    101.0000    449.5000    26.0000
		ub :    107.9553    456.5477    29.5355
		lb :    94.0447    442.4523    22.4645
		P^-1: 
			    0.0478    0.0018    0.0168
			    0.0018    0.0473    -0.0194
			    0.0168    -0.0194    0.1542
	==================================================================================
	Q6:
		Shape: Ellipse
		q_c:    82.0000    456.0000    27.5000
		ub :    92.0064    464.8596    36.7374
		lb :    71.9936    447.1404    18.2626
		P^-1: 
			    0.0214    0.0024    0.0067
			    0.0024    0.0339    -0.0043
			    0.0067    -0.0043    0.0356


===========================================================================================
===========================================================================================
S4:
	q_c:    171.5000    316.0000    476.0000
	ub :    193.0000    335.0000    480.0000
	lb :    150.0000    297.0000    472.0000

	==================================================================================
	Q1:
		Shape: Hybrid
		q_c:    175.5000    316.0000    476.0000
		ub :    177.8400    318.5221    478.4857
		lb :    173.1600    313.4779    473.5143
		P^-1: 
			    0.5765    0.0624    -0.3666
			    0.0624    0.2619    -0.0701
			    -0.3666    -0.0701    0.6616
		A:
			    0.6047    0.7964    0.0081
			    0.6374    0.2181    -0.7391
			    0.3831    -0.7511    -0.5377
			    0.0530    -0.9198    0.3887
			    0.5256    -0.0273    -0.8503
			    -0.5457    -0.4792    0.6875
		b:
			    362.9765
			    -170.5097
			    -424.7828
			    -94.9229
			    -320.5568
			    80.7386
	==================================================================================
	Q2:
		Shape: Polyhedra
		q_c:    176.0000    314.5000    478.5000
		ub :    179.4514    317.6281    481.4730
		lb :    172.5486    311.3719    475.5270
		A:
			    -0.3981    -0.1519    0.9047
			    -0.9526    -0.2652    0.1491
			    0.3177    0.7215    -0.6153
			    0.8213    0.2753    -0.4996
			    -0.9971    -0.0485    0.0589
			    -0.6663    0.5730    -0.4771
			    0.8504    0.1333    0.5089
			    -0.4609    -0.2775    0.8429
			    0.2536    -0.9514    -0.1745
			    -0.8504    -0.1333    -0.5089
			    0.4609    0.2775    -0.8429
			    -0.2536    0.9514    0.1745
		b:
			    316.5741
			    -177.5849
			    -9.7748
			    -6.1265
			    -160.2806
			    -162.9253
			    437.6098
			    236.4603
			    -335.6148
			    -432.6098
			    -233.4603
			    340.6148
	==================================================================================
	Q3:
		Shape: Polyhedra
		q_c:    168.5000    319.0000    479.0000
		ub :    170.2558    321.3602    480.9106
		lb :    166.7442    316.6398    477.0894
		A:
			    0.3520    0.6698    0.6538
			    -0.0123    -0.3872    0.9219
			    -0.2442    -0.7896    -0.5629
			    -0.8200    0.3083    -0.4823
			    -0.7718    0.5716    -0.2786
			    -0.8442    -0.0884    -0.5286
			    0.8345    0.3337    0.4385
			    0.2049    -0.9266    0.3152
			    0.5115    -0.1732    -0.8417
			    -0.8345    -0.3337    -0.4385
			    -0.2049    0.9266    -0.3152
			    -0.5115    0.1732    0.8417
		b:
			    587.3112
			    317.4860
			    -561.3427
			    -269.3700
			    -79.4812
			    -422.5793
			    458.0867
			    -108.0771
			    -371.2217
			    -456.0867
			    112.0771
			    373.2217
	==================================================================================
	Q4:
		Shape: Ellipse
		q_c:    175.5000    315.0000    479.0000
		ub :    177.8223    317.1174    480.8543
		lb :    173.1777    312.8826    477.1457
		P^-1: 
			    0.4841    -0.2816    -0.2037
			    -0.2816    0.8463    -0.1112
			    -0.2037    -0.1112    0.9196
	==================================================================================
	Q5:
		Shape: Ellipse
		q_c:    172.5000    313.5000    474.0000
		ub :    176.0758    316.7557    477.6172
		lb :    168.9242    310.2443    470.3828
		P^-1: 
			    0.2940    -0.1168    -0.0503
			    -0.1168    0.3537    -0.0421
			    -0.0503    -0.0421    0.1578
	==================================================================================
	Q6:
		Shape: Ellipse
		q_c:    174.0000    320.0000    478.0000
		ub :    176.3419    322.2154    479.6140
		lb :    171.6581    317.7846    476.3860
		P^-1: 
			    0.2644    0.0502    0.0108
			    0.0502    0.4987    -0.1854
			    0.0108    -0.1854    0.9314


===========================================================================================
===========================================================================================
S5:
	q_c:    348.5000    246.0000    129.0000
	ub :    358.0000    260.0000    133.0000
	lb :    339.0000    232.0000    125.0000

	==================================================================================
	Q1:
		Shape: Ellipse
		q_c:    353.0000    251.0000    127.5000
		ub :    357.2441    255.3380    131.9657
		lb :    348.7559    246.6620    123.0343
		P^-1: 
			    0.1968    -0.0229    -0.0608
			    -0.0229    0.1146    -0.0313
			    -0.0608    -0.0313    0.1802
	==================================================================================
	Q2:
		Shape: Ellipse
		q_c:    349.5000    246.5000    127.0000
		ub :    353.1471    249.3106    130.4771
		lb :    345.8529    243.6894    123.5229
		P^-1: 
			    0.4711    -0.4011    0.1482
			    -0.4011    0.5694    -0.1908
			    0.1482    -0.1908    0.2306
	==================================================================================
	Q3:
		Shape: Polyhedra
		q_c:    345.5000    249.5000    129.5000
		ub :    349.1124    253.3097    133.9051
		lb :    341.8876    245.6903    125.0949
		A:
			    0.2730    -0.8494    0.4517
			    -0.2285    0.9401    -0.2531
			    -0.8904    0.1656    -0.4241
			    -0.7320    0.5445    -0.4095
			    0.7965    0.1999    0.5706
			    0.4246    -0.3182    0.8476
			    0.1009    0.9547    0.2801
			    0.6082    0.1636    -0.7767
			    -0.7874    0.2487    -0.5641
			    -0.1009    -0.9547    -0.2801
			    -0.6082    -0.1636    0.7767
			    0.7874    -0.2487    0.5641
		b:
			    -56.6157
			    125.4783
			    -319.6036
			    -168.3593
			    400.8543
			    179.1526
			    312.3192
			    153.8615
			    -281.5261
			    -306.3192
			    -146.8615
			    284.5261
	==================================================================================
	Q4:
		Shape: Polyhedra
		q_c:    350.5000    243.5000    129.5000
		ub :    353.8863    246.8620    132.6016
		lb :    347.1137    240.1380    126.3984
		A:
			    0.3500    -0.5257    0.7753
			    0.5977    -0.4932    0.6321
			    0.0669    -0.7466    -0.6619
			    0.0769    0.6210    0.7800
			    0.3892    -0.4464    -0.8058
			    -0.1793    0.7034    0.6878
			    0.5887    0.5301    0.6103
			    0.7947    -0.5179    -0.3167
			    0.1482    0.6714    -0.7261
			    -0.5887    -0.5301    -0.6103
			    -0.7947    0.5179    0.3167
			    -0.1482    -0.6714    0.7261
		b:
			    96.7753
			    173.1950
			    -241.8254
			    281.2992
			    -74.3460
			    199.7975
			    416.4411
			    113.9094
			    122.9055
			    -412.4411
			    -108.9094
			    -119.9055
	==================================================================================
	Q5:
		Shape: Ellipse
		q_c:    345.0000    242.0000    128.0000
		ub :    349.5109    244.6962    131.5285
		lb :    340.4891    239.3038    124.4715
		P^-1: 
			    0.1491    -0.1457    0.2227
			    -0.1457    0.4380    -0.3675
			    0.2227    -0.3675    0.6353
	==================================================================================
	Q6:
		Shape: Hybrid
		q_c:    351.0000    243.5000    132.5000
		ub :    354.4982    248.0877    137.1401
		lb :    347.5018    238.9123    127.8599
		P^-1: 
			    0.1600    -0.0006    -0.0013
			    -0.0006    0.1459    -0.0301
			    -0.0013    -0.0301    0.0958
		A:
			    0.4059    -0.3868    0.8280
			    -0.9604    -0.2786    0.0030
			    0.3416    0.9395    -0.0249
			    0.8666    -0.4980    -0.0317
			    0.9562    0.2770    -0.0944
			    -0.6030    -0.4072    0.6860
		b:
			    159.6502
			    -403.2654
			    346.7969
			    180.0351
			    391.8264
			    -218.4442


===========================================================================================
===========================================================================================
