3D_45_20_6_f                l = 3

===========================================================================================
===========================================================================================
S1:
	q_c:    498.5000    97.5000    358.5000
	ub :    502.0000    123.0000    369.0000
	lb :    495.0000    72.0000    348.0000

	==================================================================================
	Q1:
		Shape: Ellipse
		q_c:    496.5000    101.5000    360.0000
		ub :    499.4908    103.8595    363.2568
		lb :    493.5092    99.1405    356.7432
		P^-1: 
			    0.3843    0.3039    0.0188
			    0.3039    0.8291    0.1204
			    0.0188    0.1204    0.1966
	==================================================================================
	Q2:
		Shape: Polyhedra
		q_c:    501.5000    98.5000    363.0000
		ub :    504.1105    100.9879    364.3744
		lb :    498.8895    96.0121    361.6256
		A:
			    -0.1059    -0.7371    -0.6675
			    0.3584    -0.0102    0.9335
			    -0.2075    -0.1713    0.9631
			    -0.8287    -0.1261    -0.5453
			    0.7104    -0.1854    0.6789
			    0.3433    -0.5733    0.7440
			    0.1586    0.0224    0.9871
			    -0.7164    0.6906    0.0995
			    -0.6795    -0.7229    0.1256
			    -0.1586    -0.0224    -0.9871
			    0.7164    -0.6906    -0.0995
			    0.6795    0.7229    -0.1256
		b:
			    -366.5618
			    518.6432
			    229.7687
			    -624.5301
			    585.9078
			    387.1667
			    441.0714
			    -253.1294
			    -364.8600
			    -439.0714
			    257.1294
			    367.8600
	==================================================================================
	Q3:
		Shape: Polyhedra
		q_c:    497.0000    99.0000    358.0000
		ub :    499.1274    100.4301    360.0673
		lb :    494.8726    97.5699    355.9327
		A:
			    0.7400    0.5172    -0.4300
			    0.4894    0.8692    0.0706
			    -0.5603    -0.8094    -0.1758
			    0.9278    0.1044    0.3581
			    -0.7230    -0.6035    -0.3363
			    0.0106    -0.8765    -0.4812
			    0.3153    0.7900    0.5258
			    -0.5181    0.6075    -0.6021
			    -0.7951    -0.0826    0.6008
			    -0.3153    -0.7900    -0.5258
			    0.5181    -0.6075    0.6021
			    0.7951    0.0826    -0.6008
		b:
			    266.4050
			    355.4023
			    -420.7847
			    600.9289
			    -538.6291
			    -253.1011
			    423.6590
			    -411.3820
			    -186.7524
			    -422.6590
			    414.3820
			    189.7524
	==================================================================================
	Q4:
		Shape: Hybrid
		q_c:    501.5000    99.5000    361.0000
		ub :    503.8751    102.0626    363.4979
		lb :    499.1249    96.9374    358.5021
		P^-1: 
			    0.8013    -0.2265    0.2759
			    -0.2265    0.7418    0.3145
			    0.2759    0.3145    0.6169
		A:
			    -0.2619    0.7085    0.6553
			    -0.8563    0.2383    0.4582
			    -0.9138    0.1107    -0.3908
			    0.3236    0.2760    -0.9050
			    -0.8766    -0.2913    -0.3831
			    -0.5123    0.7913    -0.3338
		b:
			    176.2817
			    -239.1218
			    -587.8010
			    -135.1370
			    -606.1327
			    -297.8017
	==================================================================================
	Q5:
		Shape: Ellipse
		q_c:    495.5000    98.0000    358.0000
		ub :    497.7277    101.0400    360.3667
		lb :    493.2723    94.9600    355.6333
		P^-1: 
			    0.2494    0.0061    0.0055
			    0.0061    0.2008    -0.0989
			    0.0055    -0.0989    0.4043
	==================================================================================
	Q6:
		Shape: Hybrid
		q_c:    496.0000    96.0000    359.5000
		ub :    499.9398    99.9107    363.0752
		lb :    492.0602    92.0893    355.9248
		P^-1: 
			    0.1732    0.0236    -0.0213
			    0.0236    0.2023    -0.0382
			    -0.0213    -0.0382    0.1945
		A:
			    -0.3340    0.1469    0.9310
			    -0.6742    -0.6512    -0.3485
			    -0.2408    -0.7888    -0.5655
			    0.1515    0.2595    -0.9538
			    0.6305    0.4443    -0.6365
			    0.1343    0.3705    -0.9191
		b:
			    184.4726
			    -520.8027
			    -397.0015
			    -241.6507
			    127.6053
			    -227.0988


===========================================================================================
===========================================================================================
S2:
	q_c:    366.5000    435.5000    155.0000
	ub :    379.0000    440.0000    173.0000
	lb :    354.0000    431.0000    137.0000

	==================================================================================
	Q1:
		Shape: Polyhedra
		q_c:    366.5000    433.5000    156.0000
		ub :    371.1625    437.6946    160.4463
		lb :    361.8375    429.3054    151.5537
		A:
			    0.4728    0.8812    0.0041
			    -0.2870    -0.8753    0.3892
			    -0.4088    -0.8938    0.1844
			    0.5076    0.5201    0.6869
			    -0.7309    0.6824    0.0122
			    0.7768    0.6292    -0.0261
			    0.7017    0.2661    0.6610
			    -0.3375    -0.6928    0.6372
			    0.6275    -0.6702    -0.3963
			    -0.7017    -0.2661    -0.6610
			    0.3375    0.6928    -0.6372
			    -0.6275    0.6702    0.3963
		b:
			    558.3573
			    -421.7794
			    -506.2512
			    521.6611
			    32.7998
			    555.9314
			    478.6245
			    -322.6295
			    -119.3828
			    -472.6245
			    326.6295
			    125.3828
	==================================================================================
	Q2:
		Shape: Polyhedra
		q_c:    368.5000    438.0000    150.0000
		ub :    371.2695    440.7957    152.2791
		lb :    365.7305    435.2043    147.7209
		A:
			    -0.1975    0.4017    0.8942
			    -0.2464    -0.5427    -0.8030
			    0.1109    0.3988    0.9103
			    0.7082    0.1093    0.6975
			    -0.8334    -0.0198    0.5523
			    -0.2404    0.3898    0.8890
			    0.3304    0.9252    0.1866
			    -0.1674    0.2520    -0.9531
			    -0.9289    0.2836    0.2381
			    -0.3304    -0.9252    -0.1866
			    0.1674    -0.2520    0.9531
			    0.9289    -0.2836    -0.2381
		b:
			    239.0310
			    -447.1402
			    353.7820
			    415.2145
			    -230.9883
			    217.2643
			    556.9749
			    -92.7724
			    -180.3509
			    -552.9749
			    95.7724
			    184.3509
	==================================================================================
	Q3:
		Shape: Polyhedra
		q_c:    367.0000    439.5000    157.5000
		ub :    369.6846    441.5829    160.4317
		lb :    364.3154    437.4171    154.5683
		A:
			    -0.2753    0.2975    0.9142
			    -0.7554    -0.1909    0.6268
			    -0.7174    -0.6877    0.1115
			    0.0163    -0.7993    -0.6007
			    -0.8642    -0.3636    0.3478
			    -0.4563    0.7914    0.4068
			    0.6717    0.1330    0.7288
			    -0.7151    0.3734    0.5910
			    -0.1935    -0.9181    0.3459
			    -0.6717    -0.1330    -0.7288
			    0.7151    -0.3734    -0.5910
			    0.1935    0.9181    -0.3459
		b:
			    175.2319
			    -261.2467
			    -546.2079
			    -438.2324
			    -420.7034
			    245.5830
			    422.2407
			    -4.2744
			    -418.5541
			    -417.2407
			    6.2744
			    421.5541
	==================================================================================
	Q4:
		Shape: Polyhedra
		q_c:    365.5000    433.5000    158.0000
		ub :    368.3657    436.3427    160.4902
		lb :    362.6343    430.6573    155.5098
		A:
			    0.0556    0.7668    0.6395
			    0.9432    0.3085    -0.1230
			    -0.7137    -0.5229    0.4660
			    -0.0508    0.1884    0.9808
			    -0.4058    -0.2569    0.8771
			    -0.3691    -0.4516    -0.8123
			    0.5792    0.7088    0.4026
			    0.5669    -0.7052    0.4258
			    0.5857    -0.0184    -0.8103
			    -0.5792    -0.7088    -0.4026
			    -0.5669    0.7052    -0.4258
			    -0.5857    0.0184    0.8103
		b:
			    454.9790
			    460.2871
			    -412.8190
			    219.2833
			    -119.7541
			    -457.8355
			    583.5826
			    -28.2260
			    79.0959
			    -581.5826
			    34.2260
			    -77.0959
	==================================================================================
	Q5:
		Shape: Polyhedra
		q_c:    363.5000    438.0000    158.5000
		ub :    365.2091    440.3431    160.7963
		lb :    361.7909    435.6569    156.2037
		A:
			    -0.6202    0.5988    0.5067
			    -0.4612    -0.8208    -0.3370
			    -0.8332    -0.2741    0.4803
			    -0.9651    -0.2071    0.1604
			    0.4784    0.7425    0.4689
			    -0.6962    -0.7036    0.1420
			    0.8839    0.3962    0.2484
			    0.0916    -0.6676    0.7389
			    0.4585    -0.6304    -0.6264
			    -0.8839    -0.3962    -0.2484
			    -0.0916    0.6676    -0.7389
			    -0.4585    0.6304    0.6264
		b:
			    118.6752
			    -579.3880
			    -345.5444
			    -414.9687
			    574.5924
			    -537.6012
			    535.2019
			    -140.5081
			    -207.2115
			    -533.2019
			    143.5081
			    210.2115
	==================================================================================
	Q6:
		Shape: Polyhedra
		q_c:    367.0000    435.0000    153.0000
		ub :    370.6940    438.5635    156.2424
		lb :    363.3060    431.4365    149.7576
		A:
			    -0.0985    0.9826    -0.1572
			    0.0149    -0.7604    0.6493
			    -0.5076    -0.5035    0.6991
			    0.3580    0.4630    -0.8109
			    0.3916    0.8812    0.2649
			    0.9753    -0.0605    0.2123
			    0.4002    0.2319    0.8866
			    -0.4300    0.9018    -0.0418
			    -0.8093    -0.3645    0.4606
			    -0.4002    -0.2319    -0.8866
			    0.4300    -0.9018    0.0418
			    0.8093    0.3645    -0.4606
		b:
			    369.6936
			    -223.6463
			    -296.2937
			    210.8740
			    569.9450
			    366.4184
			    385.9003
			    230.5851
			    -383.1031
			    -380.9003
			    -225.5851
			    387.1031


===========================================================================================
===========================================================================================
S3:
	q_c:    123.5000    12.0000    38.5000
	ub :    135.0000    23.0000    50.0000
	lb :    112.0000    1.0000    27.0000

	==================================================================================
	Q1:
		Shape: Hybrid
		q_c:    134.5000    8.0000    48.0000
		ub :    143.8408    16.0722    57.5358
		lb :    125.1592    -0.0722    38.4642
		P^-1: 
			    0.0354    -0.0128    -0.0118
			    -0.0128    0.0515    -0.0146
			    -0.0118    -0.0146    0.0406
		A:
			    -0.4197    0.8743    0.2437
			    0.0938    0.4278    -0.8990
			    0.8059    0.5384    -0.2461
			    -0.0388    0.9219    -0.3854
			    0.1314    -0.7735    0.6201
			    -0.6418    -0.2158    0.7358
		b:
			    -35.1201
			    -24.5538
			    105.0161
			    -14.1375
			    43.2984
			    -50.2665
	==================================================================================
	Q2:
		Shape: Hybrid
		q_c:    130.0000    10.0000    34.5000
		ub :    135.8983    14.4468    40.2502
		lb :    124.1017    5.5532    28.7498
		P^-1: 
			    0.1942    0.1118    0.1578
			    0.1118    0.1512    0.1163
			    0.1578    0.1163    0.2016
		A:
			    -0.6114    -0.5335    -0.5845
			    0.6746    0.3535    0.6480
			    -0.4882    -0.0645    -0.8704
			    0.4535    0.6145    0.6456
			    -0.4576    -0.0731    -0.8862
			    0.4447    0.7445    0.4979
		b:
			    -104.2015
			    114.4339
			    -92.4057
			    88.3414
			    -89.0037
			    83.6273
	==================================================================================
	Q3:
		Shape: Hybrid
		q_c:    130.0000    21.0000    36.0000
		ub :    134.7752    26.7382    40.9749
		lb :    125.2248    15.2618    31.0251
		P^-1: 
			    0.1061    -0.0111    -0.0003
			    -0.0111    0.0867    0.0001
			    -0.0003    0.0001    0.0816
		A:
			    0.9449    0.3067    -0.1145
			    -0.1592    -0.5484    -0.8210
			    -0.6518    0.5893    -0.4773
			    -0.2856    -0.6290    0.7231
			    -0.1941    -0.0518    -0.9796
			    -0.9061    -0.3997    -0.1386
		b:
			    126.8933
			    -59.7646
			    -87.8829
			    -22.2985
			    -59.5957
			    -129.3852
	==================================================================================
	Q4:
		Shape: Hybrid
		q_c:    113.5000    24.0000    41.5000
		ub :    119.7317    30.4768    44.1774
		lb :    107.2683    17.5232    38.8226
		P^-1: 
			    0.1047    0.0306    -0.2093
			    0.0306    0.0823    -0.1733
			    -0.2093    -0.1733    0.9155
		A:
			    0.3196    0.3546    -0.8787
			    0.3442    -0.2332    -0.9095
			    0.1672    -0.0554    -0.9844
			    -0.3840    -0.1649    0.9085
			    0.4753    0.1690    -0.8634
			    0.4820    0.1713    -0.8593
		b:
			    9.2219
			    -2.6971
			    -22.1446
			    -9.1285
			    23.1658
			    24.1704
	==================================================================================
	Q5:
		Shape: Ellipse
		q_c:    130.0000    18.5000    28.5000
		ub :    135.0645    24.9346    34.9358
		lb :    124.9355    12.0654    22.0642
		P^-1: 
			    0.1949    0.0092    -0.0867
			    0.0092    0.0565    0.0229
			    -0.0867    0.0229    0.1132
	==================================================================================
	Q6:
		Shape: Ellipse
		q_c:    131.0000    9.5000    44.0000
		ub :    139.4707    15.7283    52.5966
		lb :    122.5293    3.2717    35.4034
		P^-1: 
			    0.0470    -0.0136    0.0219
			    -0.0136    0.0630    -0.0089
			    0.0219    -0.0089    0.0448


===========================================================================================
===========================================================================================
S4:
	q_c:    445.0000    368.0000    312.0000
	ub :    458.0000    392.0000    325.0000
	lb :    432.0000    344.0000    299.0000

	==================================================================================
	Q1:
		Shape: Hybrid
		q_c:    457.5000    357.0000    319.5000
		ub :    466.7572    365.5984    330.1880
		lb :    448.2428    348.4016    308.8120
		P^-1: 
			    0.1230    -0.1144    -0.0176
			    -0.1144    0.1436    0.0120
			    -0.0176    0.0120    0.0210
		A:
			    -0.8579    0.4909    0.1518
			    0.7762    -0.3322    -0.5359
			    -0.9352    0.1494    0.3211
			    0.6214    -0.6839    0.3823
			    0.6400    -0.7474    0.1781
			    -0.6646    0.6247    0.4099
		b:
			    -166.7706
			    68.4449
			    -268.2610
			    165.2174
			    84.6271
			    51.9387
	==================================================================================
	Q2:
		Shape: Polyhedra
		q_c:    434.5000    371.0000    324.5000
		ub :    446.1168    382.9883    332.5221
		lb :    422.8832    359.0117    316.4779
		A:
			    -0.4483    -0.7741    -0.4470
			    0.6040    0.0453    -0.7957
			    -0.1331    -0.9058    0.4023
			    -0.2235    0.2046    0.9530
			    0.0454    0.7068    0.7060
			    0.5520    0.4174    0.7219
			    0.1648    0.1583    0.9736
			    -0.6146    0.7885    -0.0242
			    -0.7714    -0.5944    0.2272
			    -0.1648    -0.1583    -0.9736
			    0.6146    -0.7885    0.0242
			    0.7714    0.5944    -0.2272
		b:
			    -620.2112
			    27.7842
			    -255.6834
			    294.7753
			    518.2746
			    635.4388
			    452.7203
			    26.6261
			    -475.4836
			    -439.7203
			    -8.6261
			    488.4836
	==================================================================================
	Q3:
		Shape: Ellipse
		q_c:    439.5000    367.5000    300.0000
		ub :    450.6880    378.8422    307.0236
		lb :    428.3120    356.1578    292.9764
		P^-1: 
			    0.0270    0.0140    -0.0012
			    0.0140    0.0234    -0.0018
			    -0.0012    -0.0018    0.0337
	==================================================================================
	Q4:
		Shape: Ellipse
		q_c:    444.0000    375.5000    314.5000
		ub :    456.1332    386.9056    324.5040
		lb :    431.8668    364.0944    304.4960
		P^-1: 
			    0.0191    0.0018    -0.0060
			    0.0018    0.0198    -0.0054
			    -0.0060    -0.0054    0.0276
	==================================================================================
	Q5:
		Shape: Polyhedra
		q_c:    432.5000    379.0000    303.0000
		ub :    439.3758    386.5772    309.0585
		lb :    425.6242    371.4228    296.9415
		A:
			    -0.0330    -0.4585    -0.8881
			    -0.3459    0.7861    -0.5122
			    0.3593    -0.8031    0.4753
			    0.7289    0.2253    -0.6465
			    0.0404    -0.7049    0.7081
			    -0.5349    -0.6473    0.5430
			    0.5551    0.7587    0.3410
			    0.8298    -0.5333    -0.1643
			    0.0572    0.3742    -0.9256
			    -0.5551    -0.7587    -0.3410
			    -0.8298    0.5333    0.1643
			    -0.0572    -0.3742    0.9256
		b:
			    -452.7554
			    -2.4126
			    -0.4969
			    209.1425
			    -31.0015
			    -307.9244
			    635.4409
			    112.0007
			    -109.8891
			    -626.4409
			    -102.0007
			    117.8891
	==================================================================================
	Q6:
		Shape: Ellipse
		q_c:    442.5000    355.5000    297.5000
		ub :    446.0650    361.5338    302.5549
		lb :    438.9350    349.4662    292.4451
		P^-1: 
			    0.0816    0.0004    0.0011
			    0.0004    0.0683    0.0568
			    0.0011    0.0568    0.1247


===========================================================================================
===========================================================================================
S5:
	q_c:    360.5000    374.0000    149.0000
	ub :    369.0000    393.0000    153.0000
	lb :    352.0000    355.0000    145.0000

	==================================================================================
	Q1:
		Shape: Ellipse
		q_c:    362.5000    376.5000    152.0000
		ub :    366.7665    380.6600    156.0293
		lb :    358.2335    372.3400    147.9707
		P^-1: 
			    0.1620    0.0670    0.0508
			    0.0670    0.1989    -0.0387
			    0.0508    -0.0387    0.2207
	==================================================================================
	Q2:
		Shape: Polyhedra
		q_c:    362.5000    374.0000    148.0000
		ub :    365.2138    376.7343    151.1533
		lb :    359.7862    371.2657    144.8467
		A:
			    0.0641    -0.7797    0.6228
			    0.9399    -0.2812    -0.1935
			    0.9328    0.2340    -0.2740
			    0.0434    -0.6179    -0.7850
			    -0.3258    -0.0713    -0.9428
			    0.8776    0.3659    -0.3096
			    0.0184    0.9526    0.3036
			    0.4415    0.2647    -0.8573
			    -0.8971    0.1498    -0.4157
			    -0.0184    -0.9526    -0.3036
			    -0.4415    -0.2647    0.8573
			    0.8971    -0.1498    0.4157
		b:
			    -174.2176
			    208.9266
			    387.0991
			    -329.5572
			    -282.2679
			    411.1591
			    409.8685
			    134.1568
			    -328.7025
			    -405.8685
			    -130.1568
			    332.7025
	==================================================================================
	Q3:
		Shape: Hybrid
		q_c:    364.0000    375.5000    153.5000
		ub :    367.9944    378.4723    158.0284
		lb :    360.0056    372.5277    148.9716
		P^-1: 
			    0.1407    -0.0012    0.0371
			    -0.0012    0.3995    -0.1148
			    0.0371    -0.1148    0.1459
		A:
			    -0.6484    -0.7314    0.2114
			    0.0566    -0.9442    0.3243
			    0.0475    0.9795    -0.1960
			    0.5651    -0.6885    0.4545
			    -0.0871    -0.1568    -0.9838
			    0.0489    -0.9215    0.3852
		b:
			    -476.7996
			    -283.4362
			    355.7956
			    18.0886
			    -239.1620
			    -268.3660
	==================================================================================
	Q4:
		Shape: Hybrid
		q_c:    359.5000    372.5000    150.5000
		ub :    362.2409    375.1549    153.4707
		lb :    356.7591    369.8451    147.5293
		P^-1: 
			    0.6318    0.3350    0.2051
			    0.3350    0.6318    -0.0008
			    0.2051    -0.0008    0.3408
		A:
			    0.4977    0.3671    0.7858
			    0.8524    0.2050    -0.4811
			    -0.3575    0.8482    -0.3908
			    -0.3640    -0.9294    -0.0615
			    0.4976    0.8363    -0.2301
			    0.7367    0.1732    0.6536
		b:
			    434.8985
			    311.8825
			    129.7359
			    -485.5982
			    456.4519
			    428.4721
	==================================================================================
	Q5:
		Shape: Hybrid
		q_c:    365.0000    376.5000    145.0000
		ub :    369.0901    379.0442    149.1174
		lb :    360.9099    373.9558    140.8826
		P^-1: 
			    0.1610    0.0793    -0.0075
			    0.0793    0.4099    0.0629
			    -0.0075    0.0629    0.1446
		A:
			    -0.0093    -0.8279    0.5607
			    0.2793    -0.9354    -0.2167
			    0.2012    0.8885    -0.4125
			    0.4794    -0.8663    0.1405
			    -0.0649    0.8407    0.5377
			    0.2638    0.8666    0.4236
		b:
			    -232.1745
			    -280.5044
			    349.4406
			    -129.1564
			    371.8226
			    484.8472
	==================================================================================
	Q6:
		Shape: Ellipse
		q_c:    359.5000    371.5000    148.5000
		ub :    361.2344    372.8433    150.2652
		lb :    357.7656    370.1567    146.7348
		P^-1: 
			    1.4477    -0.9331    0.9022
			    -0.9331    2.6370    -1.2103
			    0.9022    -1.2103    1.3598


===========================================================================================
===========================================================================================
S6:
	q_c:    250.0000    332.5000    291.5000
	ub :    270.0000    349.0000    298.0000
	lb :    230.0000    316.0000    285.0000

	==================================================================================
	Q1:
		Shape: Polyhedra
		q_c:    248.0000    330.0000    299.5000
		ub :    252.1425    333.3368    303.2589
		lb :    243.8575    326.6632    295.7411
		A:
			    0.0154    0.8869    -0.4617
			    -0.4178    0.9033    0.0975
			    -0.1974    -0.7064    -0.6797
			    0.4779    -0.5634    0.6739
			    -0.5922    -0.7800    -0.2020
			    -0.6358    0.6909    -0.3442
			    0.9411    0.2124    0.2631
			    0.2282    -0.9731    -0.0307
			    0.2496    0.0889    -0.9643
			    -0.9411    -0.2124    -0.2631
			    -0.2282    0.9731    0.0307
			    -0.2496    -0.0889    0.9643
		b:
			    160.8560
			    226.2068
			    -482.8548
			    137.2707
			    -461.9816
			    -30.0914
			    385.2986
			    -271.2151
			    -194.5652
			    -379.2986
			    276.2151
			    200.5652
	==================================================================================
	Q2:
		Shape: Hybrid
		q_c:    253.5000    330.0000    298.0000
		ub :    258.5338    334.9475    303.5166
		lb :    248.4662    325.0525    292.4834
		P^-1: 
			    0.1099    0.0279    0.0252
			    0.0279    0.1092    0.0249
			    0.0252    0.0249    0.1042
		A:
			    0.8381    0.5444    0.0351
			    -0.8681    -0.4134    -0.2748
			    -0.4678    -0.0829    -0.8799
			    -0.9602    -0.1636    -0.2264
			    -0.9326    -0.2536    -0.2567
			    0.2779    0.8552    0.4374
		b:
			    404.1397
			    -436.9500
			    -406.5315
			    -363.2185
			    -395.0250
			    484.4842
	==================================================================================
	Q3:
		Shape: Polyhedra
		q_c:    244.5000    330.0000    289.5000
		ub :    249.2924    335.4581    294.6620
		lb :    239.7076    324.5419    284.3380
		A:
			    -0.8345    -0.1960    0.5149
			    0.4419    -0.6389    -0.6297
			    0.0225    0.1992    0.9797
			    -0.9668    -0.2184    -0.1324
			    0.2520    -0.5840    -0.7716
			    0.8929    -0.4440    -0.0749
			    0.7010    0.6931    0.1678
			    0.6975    -0.6172    -0.3641
			    -0.1488    0.3723    -0.9161
			    -0.7010    -0.6931    -0.1678
			    -0.6975    0.6172    0.3641
			    0.1488    -0.3723    0.9161
		b:
			    -116.4376
			    -282.4055
			    358.5393
			    -343.4919
			    -351.4961
			    52.8032
			    452.2072
			    -136.0640
			    -174.7524
			    -445.2072
			    141.0640
			    182.7524
	==================================================================================
	Q4:
		Shape: Ellipse
		q_c:    246.0000    332.0000    297.5000
		ub :    250.8166    337.3800    302.1037
		lb :    241.1834    326.6200    292.8963
		P^-1: 
			    0.1565    0.0785    0.0500
			    0.0785    0.1292    0.0374
			    0.0500    0.0374    0.1085
	==================================================================================
	Q5:
		Shape: Hybrid
		q_c:    253.5000    328.5000    287.5000
		ub :    257.1314    333.4790    292.4441
		lb :    249.8686    323.5210    282.5559
		P^-1: 
			    0.2123    -0.0454    -0.0533
			    -0.0454    0.1101    0.0039
			    -0.0533    0.0039    0.1204
		A:
			    0.9938    0.1101    0.0142
			    0.5261    -0.0971    0.8449
			    0.1384    -0.9166    0.3751
			    -0.4932    0.1080    -0.8632
			    0.2260    -0.7175    0.6589
			    0.7460    0.6660    -0.0005
		b:
			    293.7369
			    346.5669
			    -156.1921
			    -335.5123
			    12.9830
			    409.9044
	==================================================================================
	Q6:
		Shape: Ellipse
		q_c:    253.5000    332.5000    289.0000
		ub :    258.0567    337.2600    291.7930
		lb :    248.9433    327.7400    286.2070
		P^-1: 
			    0.0993    -0.0144    -0.0004
			    -0.0144    0.0937    -0.0042
			    -0.0004    -0.0042    0.1597


===========================================================================================
===========================================================================================
S7:
	q_c:    343.5000    485.0000    494.0000
	ub :    364.0000    501.0000    501.0000
	lb :    323.0000    469.0000    487.0000

	==================================================================================
	Q1:
		Shape: Hybrid
		q_c:    341.5000    491.0000    493.5000
		ub :    345.8603    495.6206    498.5440
		lb :    337.1397    486.3794    488.4560
		P^-1: 
			    0.1069    -0.0014    0.0105
			    -0.0014    0.0633    0.0035
			    0.0105    0.0035    0.0851
		A:
			    -0.3335    -0.2690    0.9035
			    -0.0237    -0.6431    -0.7654
			    0.6937    0.1299    -0.7084
			    0.9019    -0.4090    -0.1389
			    0.4507    -0.0279    0.8922
			    -0.9579    0.2066    0.1993
		b:
			    202.0270
			    -699.5117
			    -46.9107
			    40.3891
			    582.2859
			    -125.6631
	==================================================================================
	Q2:
		Shape: Ellipse
		q_c:    339.0000    480.0000    494.5000
		ub :    341.8643    483.3828    497.6154
		lb :    336.1357    476.6172    491.3846
		P^-1: 
			    0.7067    -0.1063    -0.3860
			    -0.1063    0.1807    0.0751
			    -0.3860    0.0751    0.4326
	==================================================================================
	Q3:
		Shape: Ellipse
		q_c:    340.5000    481.5000    496.0000
		ub :    343.1118    484.5672    499.1702
		lb :    337.8882    478.4328    492.8298
		P^-1: 
			    0.2495    0.0064    -0.0023
			    0.0064    0.1709    0.0287
			    -0.0023    0.0287    0.2396
	==================================================================================
	Q4:
		Shape: Polyhedra
		q_c:    339.0000    491.5000    493.5000
		ub :    343.8567    495.5994    498.2761
		lb :    334.1433    487.4006    488.7239
		A:
			    0.6723    -0.1344    -0.7279
			    -0.0465    -0.9979    0.0440
			    0.5089    0.1778    -0.8423
			    -0.2321    0.7739    -0.5892
			    -0.8005    0.4342    0.4131
			    -0.1363    0.8207    0.5548
			    0.8259    0.1849    0.5326
			    -0.3275    -0.6117    0.7202
			    0.4590    -0.7692    -0.4446
			    -0.8259    -0.1849    -0.5326
			    0.3275    0.6117    -0.7202
			    -0.4590    0.7692    0.4446
		b:
			    -194.8513
			    -481.9861
			    -153.2691
			    13.5392
			    148.5496
			    633.6411
			    637.2184
			    -53.7518
			    -439.3962
			    -630.2184
			    58.7518
			    444.3962
	==================================================================================
	Q5:
		Shape: Hybrid
		q_c:    345.5000    478.5000    496.0000
		ub :    349.5236    482.0312    499.8771
		lb :    341.4764    474.9688    492.1229
		P^-1: 
			    0.1203    -0.0016    -0.0190
			    -0.0016    0.1114    0.0032
			    -0.0190    0.0032    0.1505
		A:
			    0.9079    0.2928    -0.3000
			    -0.4885    -0.5297    0.6934
			    -0.3704    -0.7381    0.5639
			    0.2024    0.9225    0.3287
			    0.6240    -0.6317    0.4599
			    -0.0299    0.3870    -0.9216
		b:
			    306.5225
			    -76.8621
			    -199.8706
			    676.1059
			    143.1864
			    -280.8512
	==================================================================================
	Q6:
		Shape: Hybrid
		q_c:    341.0000    482.0000    492.0000
		ub :    345.2572    486.4219    494.8996
		lb :    336.7428    477.5781    489.1004
		P^-1: 
			    0.1975    -0.0779    -0.0038
			    -0.0779    0.1344    -0.0056
			    -0.0038    -0.0056    0.2497
		A:
			    -0.0855    -0.5688    0.8180
			    -0.3224    -0.1337    -0.9371
			    0.4438    -0.5870    -0.6771
			    -0.1768    -0.1046    0.9787
			    -0.4836    0.8049    0.3438
			    0.6584    -0.6762    0.3305
		b:
			    100.5857
			    -634.2413
			    -463.5960
			    371.8619
			    393.5654
			    62.2717


===========================================================================================
===========================================================================================
S8:
	q_c:    403.5000    492.0000    196.5000
	ub :    419.0000    514.0000    211.0000
	lb :    388.0000    470.0000    182.0000

	==================================================================================
	Q1:
		Shape: Polyhedra
		q_c:    413.5000    505.5000    209.0000
		ub :    424.3445    515.5285    214.1311
		lb :    402.6555    495.4715    203.8689
		A:
			    -0.9138    0.1185    -0.3884
			    0.4826    0.1172    0.8680
			    0.2905    0.1378    0.9469
			    -0.2379    -0.1917    -0.9522
			    -0.8379    0.4405    -0.3224
			    -0.1804    -0.0677    -0.9813
			    0.1179    0.1716    0.9781
			    -0.4703    0.8772    -0.0973
			    -0.8746    -0.4485    0.1841
			    -0.1179    -0.1716    -0.9781
			    0.4703    -0.8772    0.0973
			    0.8746    0.4485    -0.1841
		b:
			    -392.1607
			    444.2747
			    390.9361
			    -391.1076
			    -184.4176
			    -310.7915
			    342.9103
			    235.1290
			    -541.3939
			    -336.9103
			    -222.1290
			    558.3939
	==================================================================================
	Q2:
		Shape: Ellipse
		q_c:    396.5000    491.5000    200.0000
		ub :    405.2446    500.1729    208.9288
		lb :    387.7554    482.8271    191.0712
		P^-1: 
			    0.0461    0.0167    0.0032
			    0.0167    0.0407    0.0085
			    0.0032    0.0085    0.0324
	==================================================================================
	Q3:
		Shape: Ellipse
		q_c:    394.5000    493.5000    209.0000
		ub :    399.8086    498.9312    212.1846
		lb :    389.1914    488.0688    205.8154
		P^-1: 
			    0.0686    -0.0087    -0.0024
			    -0.0087    0.0771    -0.0113
			    -0.0024    -0.0113    0.1584
	==================================================================================
	Q4:
		Shape: Polyhedra
		q_c:    399.0000    486.0000    191.0000
		ub :    403.7447    493.1686    198.0652
		lb :    394.2553    478.8314    183.9348
		A:
			    -0.6053    0.5581    -0.5676
			    -0.6624    -0.4375    0.6081
			    0.1666    0.7783    -0.6054
			    0.9811    -0.1812    -0.0679
			    -0.1911    0.4643    -0.8648
			    0.7104    -0.5305    -0.4624
			    0.0433    0.6617    0.7485
			    -0.4689    0.6750    -0.5696
			    -0.8822    -0.3263    0.3395
			    -0.0433    -0.6617    -0.7485
			    0.4689    -0.6750    0.5696
			    0.8822    0.3263    -0.3395
		b:
			    -73.7146
			    -357.8353
			    333.3342
			    293.8961
			    -10.9740
			    -58.7141
			    486.3158
			    37.1615
			    -443.2546
			    -477.3158
			    -27.1615
			    448.2546
	==================================================================================
	Q5:
		Shape: Ellipse
		q_c:    402.5000    507.5000    188.0000
		ub :    410.6919    516.0345    197.1189
		lb :    394.3081    498.9655    178.8811
		P^-1: 
			    0.0390    0.0139    0.0175
			    0.0139    0.0463    -0.0040
			    0.0175    -0.0040    0.0444
	==================================================================================
	Q6:
		Shape: Hybrid
		q_c:    414.0000    486.5000    196.5000
		ub :    418.0070    488.8505    205.7117
		lb :    409.9930    484.1495    187.2883
		P^-1: 
			    0.4232    -0.0031    0.0934
			    -0.0031    0.4440    0.0137
			    0.0934    0.0137    0.0340
		A:
			    -0.3757    0.9081    -0.1847
			    -0.2611    -0.9635    -0.0594
			    -0.4111    -0.9060    -0.1005
			    0.9381    -0.2289    0.2601
			    0.2283    0.9732    -0.0258
			    0.9383    0.3422    0.0494
		b:
			    251.0966
			    -587.7154
			    -629.9698
			    328.9554
			    563.9595
			    566.0388


===========================================================================================
===========================================================================================
S9:
	q_c:    277.0000    364.5000    126.0000
	ub :    292.0000    390.0000    135.0000
	lb :    262.0000    339.0000    117.0000

	==================================================================================
	Q1:
		Shape: Ellipse
		q_c:    285.0000    358.5000    129.0000
		ub :    290.1010    363.3549    133.4012
		lb :    279.8990    353.6451    124.5988
		P^-1: 
			    0.1111    0.0000    -0.0000
			    0.0000    0.1111    0.0000
			    -0.0000    0.0000    0.1111
	==================================================================================
	Q2:
		Shape: Polyhedra
		q_c:    281.0000    366.5000    127.0000
		ub :    286.3952    372.4608    133.3713
		lb :    275.6048    360.5392    120.6287
		A:
			    -0.7871    -0.2203    0.5762
			    0.5444    -0.7250    0.4220
			    0.1382    0.0194    0.9902
			    0.9496    0.1562    -0.2719
			    0.1027    0.5806    -0.8077
			    0.8970    -0.0071    0.4419
			    0.8314    0.1486    0.5354
			    -0.5138    0.5723    0.6391
			    -0.2114    -0.8065    0.5522
			    -0.8314    -0.1486    -0.5354
			    0.5138    -0.5723    -0.6391
			    0.2114    0.8065    -0.5522
		b:
			    -224.8472
			    -55.4403
			    175.3122
			    293.1474
			    143.0273
			    308.6200
			    359.0913
			    150.5134
			    -280.8597
			    -353.0913
			    -142.5134
			    288.8597
	==================================================================================
	Q3:
		Shape: Polyhedra
		q_c:    279.0000    369.0000    128.5000
		ub :    283.9763    374.6213    134.1134
		lb :    274.0237    363.3787    122.8866
		A:
			    -0.8660    0.4066    -0.2910
			    -0.8997    0.4138    0.1386
			    -0.4435    0.8912    -0.0953
			    -0.4715    -0.4075    -0.7821
			    0.9237    -0.0675    -0.3772
			    0.8079    0.5123    -0.2912
			    0.8355    0.3160    0.4496
			    -0.1900    -0.6016    0.7759
			    0.5157    -0.7336    -0.4426
			    -0.8355    -0.3160    -0.4496
			    0.1900    0.6016    -0.7759
			    -0.5157    0.7336    0.4426
		b:
			    -125.7256
			    -77.1695
			    196.3634
			    -379.2818
			    187.6827
			    380.3035
			    410.4725
			    -171.8046
			    -180.2083
			    -404.4725
			    178.8046
			    187.2083
	==================================================================================
	Q4:
		Shape: Polyhedra
		q_c:    272.5000    355.5000    128.5000
		ub :    278.6097    361.2724    134.8732
		lb :    266.3903    349.7276    122.1268
		A:
			    -0.5344    0.2085    -0.8191
			    0.3966    -0.6214    0.6757
			    0.0075    -0.8604    -0.5095
			    0.4356    -0.4091    -0.8018
			    0.9602    -0.0453    0.2756
			    0.5123    -0.5942    -0.6201
			    0.5275    0.4248    0.7357
			    0.6597    -0.7505    -0.0397
			    0.5352    0.5063    -0.6761
			    -0.5275    -0.4248    -0.7357
			    -0.6597    0.7505    0.0397
			    -0.5352    -0.5063    0.6761
		b:
			    -173.1618
			    -22.3071
			    -366.3715
			    -125.9376
			    284.1899
			    -148.2137
			    392.8086
			    -90.1243
			    244.4575
			    -385.8086
			    94.1243
			    -233.4575
	==================================================================================
	Q5:
		Shape: Hybrid
		q_c:    278.5000    376.0000    125.5000
		ub :    283.9312    381.4992    130.0390
		lb :    273.0688    370.5008    120.9610
		P^-1: 
			    0.1056    0.0192    -0.0306
			    0.0192    0.0971    -0.0245
			    -0.0306    -0.0245    0.1206
		A:
			    -0.8091    -0.5604    -0.1767
			    0.0142    0.9466    -0.3220
			    -0.7400    0.1705    0.6506
			    0.5650    0.3149    -0.7626
			    -0.2808    0.6612    -0.6957
			    -0.9034    0.0363    -0.4273
		b:
			    -456.2790
			    321.3261
			    -58.6602
			    181.3070
			    84.9806
			    -289.3469
	==================================================================================
	Q6:
		Shape: Polyhedra
		q_c:    285.5000    368.0000    122.0000
		ub :    290.5935    373.2697    125.7429
		lb :    280.4065    362.7303    118.2571
		A:
			    -0.4468    -0.1480    -0.8823
			    0.3075    0.9456    0.1067
			    -0.2628    -0.8218    0.5055
			    0.2446    -0.2488    0.9372
			    0.4403    -0.5210    -0.7312
			    0.9001    0.3879    0.1984
			    0.4257    0.7517    0.5036
			    0.8457    -0.5285    0.0739
			    0.3217    0.3944    -0.8608
			    -0.4257    -0.7517    -0.5036
			    -0.8457    0.5285    -0.0739
			    -0.3217    -0.3944    0.8608
		b:
			    -286.5617
			    452.0917
			    -313.2518
			    95.1602
			    -152.1363
			    427.3471
			    463.1304
			    59.4904
			    133.9971
			    -456.1304
			    -52.4904
			    -129.9971


===========================================================================================
===========================================================================================
S10:
	q_c:    415.0000    193.0000    66.5000
	ub :    424.0000    216.0000    82.0000
	lb :    406.0000    170.0000    51.0000

	==================================================================================
	Q1:
		Shape: Polyhedra
		q_c:    422.0000    188.5000    72.0000
		ub :    426.6766    193.2675    77.5074
		lb :    417.3234    183.7325    66.4926
		A:
			    0.2943    -0.9365    0.1908
			    0.2433    -0.9693    0.0369
			    0.1861    -0.7338    0.6534
			    -0.0981    0.9597    -0.2635
			    -0.1356    0.9370    -0.3219
			    0.2970    -0.8009    0.5199
			    0.3108    0.6315    0.7104
			    -0.6315    0.6958    -0.3422
			    -0.7104    -0.3422    0.6150
			    -0.3108    -0.6315    -0.7104
			    0.6315    -0.6958    0.3422
			    0.7104    0.3422    -0.6150
		b:
			    -36.4419
			    -74.8968
			    -10.5129
			    123.0079
			    98.5643
			    13.7347
			    305.3290
			    -158.4849
			    -316.5093
			    -297.3290
			    161.4849
			    323.5093
	==================================================================================
	Q2:
		Shape: Ellipse
		q_c:    419.0000    193.5000    59.0000
		ub :    424.3921    200.4997    65.5323
		lb :    413.6079    186.5003    52.4677
		P^-1: 
			    0.0542    0.0093    0.0138
			    0.0093    0.0592    0.0351
			    0.0138    0.0351    0.0801
	==================================================================================
	Q3:
		Shape: Hybrid
		q_c:    413.5000    197.0000    59.0000
		ub :    418.3146    202.8432    62.2629
		lb :    408.6854    191.1568    55.7371
		P^-1: 
			    0.1940    -0.0937    0.0013
			    -0.0937    0.0895    -0.0163
			    0.0013    -0.0163    0.1596
		A:
			    0.8611    -0.3253    0.3909
			    -0.6450    0.1393    -0.7514
			    0.2659    0.7739    -0.5748
			    -0.5414    -0.1874    -0.8196
			    0.5441    -0.8380    0.0412
			    -0.6923    -0.1962    0.6944
		b:
			    316.3026
			    -281.9459
			    231.8721
			    -306.6666
			    64.3586
			    -281.6932
	==================================================================================
	Q4:
		Shape: Hybrid
		q_c:    423.5000    186.5000    76.0000
		ub :    427.6159    190.7418    79.3191
		lb :    419.3841    182.2582    72.6809
		P^-1: 
			    0.2183    -0.1499    -0.0864
