3D_45_7_6_b                l = 3

===========================================================================================
===========================================================================================
S1:
	q_c:	185.0	81.5	136.0
	ub :	198.4434	97.2912	155.7252
	lb :	168.8448	68.1702	120.2059

	==================================================================================
	Q1:
		Shape: Polyhedra
		q_c:	176.0	77.0	147.0
		ub :	182.4876	85.8298	153.9848
		lb :	169.5124	68.1702	140.0152
		A:
			0.7208	-0.2591	-0.6429
			0.5634	0.4507	-0.6924
			-0.8059	0.0189	0.5917
			-0.9856	-0.1548	0.0674
			0.9471	0.1503	0.2835
			-0.2022	-0.6003	0.7738
			0.1276	0.1385	0.9821
			-0.3999	0.9133	-0.0768
			-0.9076	-0.3829	0.1719
			-0.1276	-0.1385	-0.9821
			0.3999	-0.9133	0.0768
			0.9076	0.3829	-0.1719
		b:
			17.7464
			36.5298
			-49.0098
			-172.0184
			224.0683
			37.7432
			183.4911
			-3.848
			-160.9577
			-171.4911
			18.848
			166.9577
	==================================================================================
	Q2:
		Shape: Polyhedra
		q_c:	189.5	89.0	128.0
		ub :	195.6153	97.2912	135.7941
		lb :	183.3847	80.7088	120.2059
		A:
			-0.5752	-0.7673	0.2835
			0.7052	0.255	0.6616
			-0.3745	-0.4216	-0.8259
			-0.4856	0.2669	-0.8325
			0.9276	0.2919	-0.2331
			0.7763	0.2696	0.5698
			0.7025	0.2892	0.6502
			-0.7087	0.2009	0.6763
			0.065	-0.9359	0.3461
			-0.7025	-0.2892	-0.6502
			0.7087	-0.2009	-0.6763
			-0.065	0.9359	-0.3461
		b:
			-134.7988
			242.5301
			-211.3132
			-170.5205
			177.3218
			245.6929
			243.5998
			-23.3516
			-19.6796
			-240.5998
			36.3516
			33.6796
	==================================================================================
	Q3:
		Shape: Polyhedra
		q_c:	174.0	78.5	138.5
		ub :	179.1552	83.1543	143.1189
		lb :	168.8448	73.8457	133.8811
		A:
			0.9986	-0.046	0.0262
			-0.8955	-0.3991	0.1967
			-0.036	-0.7477	0.663
			-0.3445	0.9101	0.2305
			0.0921	0.5274	-0.8446
			0.0171	0.0024	0.9999
			0.6761	0.3198	0.6638
			-0.6598	-0.138	0.7386
			0.3278	-0.9374	0.1176
			-0.6761	-0.3198	-0.6638
			0.6598	0.138	-0.7386
			-0.3278	0.9374	-0.1176
		b:
			176.8501
			-156.9011
			30.1759
			46.8729
			-56.3855
			144.6446
			237.6815
			-20.3463
			3.2472
			-231.6815
			26.3463
			3.7528
	==================================================================================
	Q4:
		Shape: Ellipse
		q_c:	189.5	85.5	147.5
		ub :	197.1141	94.1314	155.7252
		lb :	181.8859	76.8686	139.2748
		P^-1:
			0.0433	0.0081	-0.0114
			0.0081	0.0395	-0.0091
			-0.0114	-0.0091	0.0458
	==================================================================================
	Q5:
		Shape: Hybrid
		q_c:	183.0	79.5	143.0
		ub :	190.3585	85.6266	150.8008
		lb :	175.6415	73.3734	135.1992
		P^-1:
			0.0615	0.0145	-0.0427
			0.0145	0.0621	-0.0008
			-0.0427	-0.0008	0.0704
		A:
			0.6191	0.6591	-0.4271
			0.4739	0.5732	-0.6685
			-0.8957	-0.003	0.4447
			-0.6717	-0.5126	0.5348
			0.9518	0.1144	-0.2845
			0.4584	-0.4124	-0.7873
		b:
			106.4179
			38.6123
			-98.1942
			-85.5511
			145.4465
			-59.5443
	==================================================================================
	Q6:
		Shape: Hybrid
		q_c:	192.5	77.5	133.5
		ub :	198.4434	83.8452	140.7399
		lb :	186.5566	71.1548	126.2601
		P^-1:
			0.0695	-0.0274	-0.01
			-0.0274	0.0866	0.0162
			-0.01	0.0162	0.0281
		A:
			-0.506	0.8614	0.0445
			0.6221	-0.7582	0.1953
			-0.841	0.4734	-0.2619
			0.3584	-0.9287	0.0948
			0.4753	0.8759	-0.0831
			0.8916	-0.2488	-0.3784
		b:
			-23.0107
			89.3851
			-157.528
			11.7859
			151.2147
			104.1229


===========================================================================================
===========================================================================================
S2:
	q_c:	193.0	401.0	351.5
	ub :	208.891	407.9249	367.764
	lb :	177.028	382.5733	336.4663

	==================================================================================
	Q1:
		Shape: Ellipse
		q_c:	204.5	387.0	361.0
		ub :	208.891	390.9493	365.8843
		lb :	200.109	383.0507	356.1157
		P^-1:
			0.2135	-0.1402	-0.0119
			-0.1402	0.3176	0.1061
			-0.0119	0.1061	0.1358
	==================================================================================
	Q2:
		Shape: Hybrid
		q_c:	182.5	401.5	350.0
		ub :	187.972	407.9249	356.523
		lb :	177.028	395.0751	343.477
		P^-1:
			0.0811	-0.0035	0.0021
			-0.0035	0.0586	0.0142
			0.0021	0.0142	0.0729
		A:
			0.2936	0.6425	-0.7078
			0.8664	-0.2445	0.4354
			0.6211	-0.774	0.1234
			-0.9642	-0.2617	-0.0429
			-0.0736	-0.8521	0.5181
			0.7223	0.5153	0.4613
		b:
			66.4712
			214.1916
			-152.0314
			-294.1922
			-171.4813
			501.9835
	==================================================================================
	Q3:
		Shape: Hybrid
		q_c:	188.5	392.0	344.0
		ub :	197.5569	401.4267	351.5337
		lb :	179.4431	382.5733	336.4663
		P^-1:
			0.0302	0.0007	-0.0136
			0.0007	0.0497	-0.0404
			-0.0136	-0.0404	0.0821
		A:
			0.1444	0.5342	-0.833
			-0.3729	-0.0717	0.9251
			0.0543	-0.3985	-0.9156
			0.5382	0.3672	-0.7586
			-0.2835	-0.2844	0.9158
			-0.6238	-0.2484	0.741
		b:
			-48.4165
			222.3521
			-456.347
			-13.3874
			152.0205
			42.3909
	==================================================================================
	Q4:
		Shape: Polyhedra
		q_c:	187.5	396.0	357.5
		ub :	195.3254	403.2914	364.1633
		lb :	179.6746	388.7086	350.8367
		A:
			-0.3496	0.0839	0.9331
			-0.3966	0.5353	-0.7457
			-0.1671	-0.7604	0.6276
			0.1796	-0.4792	0.8591
			-0.1135	-0.729	0.6751
			-0.3517	0.3804	-0.8554
			0.2812	0.8135	0.5091
			0.9462	-0.1463	-0.2887
			-0.1604	0.5629	-0.8108
			-0.2812	-0.8135	-0.5091
			-0.9462	0.1463	0.2887
			0.1604	-0.5629	0.8108
		b:
			306.1582
			-126.5482
			-104.8464
			153.1369
			-65.7283
			-218.5449
			563.3662
			22.2345
			-95.0309
			-550.3662
			-10.2345
			99.0309
	==================================================================================
	Q5:
		Shape: Polyhedra
		q_c:	195.5	398.0	361.0
		ub :	202.2031	403.8723	367.764
		lb :	188.7969	392.1277	354.236
		A:
			-0.6081	-0.7536	-0.2494
			-0.5806	0.6426	0.5
			-0.9589	0.1863	-0.2141
			0.5729	0.0417	0.8186
			0.387	0.8952	-0.2212
			-0.4536	-0.6585	0.6005
			0.5836	0.614	0.5314
			-0.6977	0.0443	0.7151
			0.4155	-0.7881	0.4542
			-0.5836	-0.614	-0.5314
			0.6977	-0.0443	-0.7151
			-0.4155	0.7881	-0.4542
		b:
			-505.2957
			326.832
			-186.4979
			427.9631
			356.1165
			-129.8233
			553.8023
			143.3655
			-63.983
			-546.8023
			-135.3655
			72.983
	==================================================================================
	Q6:
		Shape: Polyhedra
		q_c:	195.0	402.5	344.0
		ub :	201.2475	407.845	350.4988
		lb :	188.7525	397.155	337.5012
		A:
			-0.7535	0.2171	0.6205
			0.9049	0.4191	-0.0745
			-0.0522	0.8735	0.484
			-0.8944	-0.4106	-0.1775
			-0.827	-0.5617	0.0233
			0.5627	-0.8218	0.0898
			0.5032	0.7721	0.3881
			-0.5081	0.6276	-0.5898
			-0.699	0.0997	0.7082
			-0.5032	-0.7721	-0.3881
			0.5081	-0.6276	0.5898
			0.699	-0.0997	-0.7082
		b:
			157.4568
			322.3449
			510.7252
			-397.881
			-376.7885
			-185.1865
			544.3987
			-43.8706
			150.9226
			-540.3987
			54.8706
			-143.9226


===========================================================================================
===========================================================================================
S3:
	q_c:	31.0	482.0	38.0
	ub :	42.0384	492.3241	43.6638
	lb :	22.8584	476.7411	29.4465

	==================================================================================
	Q1:
		Shape: Ellipse
		q_c:	30.5	481.5	39.5
		ub :	34.2641	484.3778	43.289
		lb :	26.7359	478.6222	35.711
		P^-1:
			0.2318	-0.1029	0.0683
			-0.1029	0.3077	-0.098
			0.0683	-0.098	0.225
	==================================================================================
	Q2:
		Shape: Hybrid
		q_c:	36.0	481.5	41.0
		ub :	39.2769	484.5633	43.6638
		lb :	32.7231	478.4367	38.3362
		P^-1:
			0.4543	-0.0283	-0.3482
			-0.0283	0.3997	-0.2318
			-0.3482	-0.2318	0.7016
		A:
			0.0929	-0.9684	0.2313
			0.6545	-0.3815	-0.6528
			0.6611	0.3806	-0.6465
			0.8771	-0.073	-0.4748
			-0.4839	0.5785	0.6566
			-0.3385	0.8736	-0.3497
		b:
			-452.3252
			-186.0689
			181.2871
			-22.186
			289.2084
			395.0409
	==================================================================================
	Q3:
		Shape: Polyhedra
		q_c:	38.0	488.0	37.0
		ub :	42.0384	492.323	41.5907
		lb :	33.9616	483.677	32.4093
		A:
			0.1152	-0.9123	-0.393
			0.8688	-0.0112	-0.495
			-0.065	0.9806	0.185
			-0.2402	-0.5863	-0.7737
			0.5495	-0.6694	0.4999
			-0.715	0.3352	-0.6135
			0.5503	0.2941	0.7814
			-0.7905	0.4849	0.3742
			-0.2688	-0.8237	0.4993
			-0.5503	-0.2941	-0.7814
			0.7905	-0.4849	-0.3742
			0.2688	0.8237	-0.4993
		b:
			-452.7722
			11.5227
			485.5882
			-320.978
			-284.592
			116.5107
			196.3402
			222.4148
			-390.6926
			-190.3402
			-218.4148
			396.6926
	==================================================================================
	Q4:
		Shape: Hybrid
		q_c:	33.0	487.5	36.5
		ub :	36.6481	492.3241	40.9908
		lb :	29.3519	482.6759	32.0092
		P^-1:
			0.6863	0.3933	0.1589
			0.3933	0.329	0.1603
			0.1589	0.1603	0.1941
		A:
			0.5913	0.6915	0.4149
			0.6443	0.5026	0.5764
			0.8879	0.1648	0.4296
			-0.8711	-0.4517	0.1925
			-0.975	-0.2102	-0.0714
			0.7216	0.4674	0.5107
		b:
			372.5908
			288.1669
			126.857
			-240.9271
			-136.1469
			271.1015
	==================================================================================
	Q5:
		Shape: Ellipse
		q_c:	31.0	488.0	32.0
		ub :	34.4443	491.6653	34.5535
		lb :	27.5557	484.3347	29.4465
		P^-1:
			0.2285	0.0502	-0.0021
			0.0502	0.1328	0.0049
			-0.0021	0.0049	0.2498
	==================================================================================
	Q6:
		Shape: Ellipse
		q_c:	27.0	481.0	39.5
		ub :	31.1416	485.2589	42.9623
		lb :	22.8584	476.7411	36.0377
		P^-1:
			0.1546	0.0312	0.0177
			0.0312	0.1399	0.039
			0.0177	0.039	0.2266


===========================================================================================
===========================================================================================
S4:
	q_c:	259.0	477.5	447.0
	ub :	279.0827	496.2673	464.1371
	lb :	244.8929	456.8703	427.126

	==================================================================================
	Q1:
		Shape: Hybrid
		q_c:	262.5	490.5	450.5
		ub :	268.2583	496.2673	458.3486
		lb :	256.7417	484.7327	442.6514
		P^-1:
			0.0729	0.0022	0.0206
			0.0022	0.0399	-0.0009
			0.0206	-0.0009	0.0325
		A:
			0.9981	-0.0367	0.0486
			-0.7616	0.305	0.5718
			-0.8732	-0.235	-0.427
			-0.5268	0.0482	-0.8486
			-0.8614	-0.4443	-0.2462
			0.9596	-0.1934	-0.2044
		b:
			268.1793
			211.4168
			-535.0285
			-494.007
			-552.8727
			67.948
	==================================================================================
	Q2:
		Shape: Ellipse
		q_c:	253.5	479.0	437.5
		ub :	262.1071	485.9516	446.428
		lb :	244.8929	472.0484	428.572
		P^-1:
			0.0341	0.0036	-0.0016
			0.0036	0.0458	-0.0057
			-0.0016	-0.0057	0.0357
	==================================================================================
	Q3:
		Shape: Polyhedra
		q_c:	270.5	465.5	455.0
		ub :	279.0827	474.1297	464.1371
		lb :	261.9173	456.8703	445.8629
		A:
			0.103	-0.994	-0.0376
			-0.6221	0.3405	0.705
			0.723	0.4432	-0.53
			-0.3686	-0.7704	-0.5202
			0.8297	0.1055	-0.5481
			-0.3755	-0.7063	0.6002
			0.2058	0.9028	0.3777
			0.7219	0.1205	-0.6814
			-0.6606	0.4129	-0.627
			-0.2058	-0.9028	-0.3777
			-0.7219	-0.1205	0.6814
			0.6606	-0.4129	0.627
		b:
			-445.8443
			314.7629
			164.1221
			-689.327
			27.4051
			-152.362
			653.2454
			-55.6411
			-263.7952
			-642.2454
			61.6411
			279.7952
	==================================================================================
	Q4:
		Shape: Hybrid
		q_c:	267.0	474.5	451.5
		ub :	277.5668	484.6973	460.6109
		lb :	256.4332	464.3027	442.3891
		P^-1:
			0.0292	-0.0094	-0.0062
			-0.0094	0.0317	-0.0051
			-0.0062	-0.0051	0.0278
		A:
			-0.1231	-0.9654	0.2301
			0.3995	0.8201	0.4097
			0.1929	-0.9802	0.0451
			-0.8631	0.4987	-0.0793
			0.0848	-0.9964	0.0094
			0.479	0.3897	0.7866
		b:
			-383.5552
			685.9177
			-390.1039
			-26.7554
			-442.4919
			673.2264
	==================================================================================
	Q5:
		Shape: Hybrid
		q_c:	255.0	488.0	440.0
		ub :	262.3755	492.4052	447.0274
		lb :	247.6245	483.5948	432.9726
		P^-1:
			0.0345	0.0019	0.0027
			0.0019	0.0623	-0.001
			0.0027	-0.001	0.0387
		A:
			0.3995	-0.525	-0.7515
			-0.755	0.6288	0.1861
			0.5094	-0.8592	0.0482
			-0.7081	-0.4858	-0.5124
			-0.9169	0.3548	-0.1826
			-0.5473	-0.8366	0.0257
		b:
			-481.9326
			199.2807
			-265.6676
			-640.2566
			-137.8376
			-534.0916
	==================================================================================
	Q6:
		Shape: Hybrid
		q_c:	260.0	482.0	432.0
		ub :	264.1512	486.5689	436.874
		lb :	255.8488	477.4311	427.126
		P^-1:
			0.1403	0.0305	-0.0257
			0.0305	0.1758	0.083
			-0.0257	0.083	0.1565
		A:
			-0.8783	-0.472	-0.0756
			0.0399	-0.3113	-0.9495
			0.2648	0.5384	0.8
			-0.8115	0.0296	0.5836
			-0.4877	-0.8254	-0.2843
			0.7339	0.5595	0.3851
		b:
			-487.1035
			-548.3526
			675.2502
			56.8213
			-646.2828
			628.2612


===========================================================================================
===========================================================================================
S5:
	q_c:	53.0	442.5	501.5
	ub :	58.5147	449.9777	509.9686
	lb :	47.6561	435.1531	491.8311

	==================================================================================
	Q1:
		Shape: Polyhedra
		q_c:	53.5	446.5	502.5
		ub :	57.8837	449.9777	506.6613
		lb :	49.1163	443.0223	498.3387
		A:
			-0.3314	-0.9381	0.1004
			0.4934	0.7922	-0.359
			-0.1196	-0.7362	0.6661
			0.9226	0.3311	0.198
			0.7714	-0.5999	0.2121
			0.359	-0.6036	0.7119
			0.6028	0.0402	0.7969
			-0.66	0.5863	0.4697
			-0.4483	-0.8091	0.38
			-0.6028	-0.0402	-0.7969
			0.66	-0.5863	-0.4697
			0.4483	0.8091	-0.38
		b:
			-384.0382
			201.7263
			1.7306
			299.0781
			-117.2489
			109.8257
			453.1346
			465.4984
			-192.305
			-448.1346
			-459.4984
			196.305
	==================================================================================
	Q2:
		Shape: Polyhedra
		q_c:	53.0	440.0	497.0
		ub :	57.6253	444.8469	502.1689
		lb :	48.3747	435.1531	491.8311
		A:
			0.8653	0.222	0.4494
			0.052	0.2306	0.9717
			-0.8846	0.4605	0.0738
			0.2861	0.8268	-0.4844
			-0.2002	0.8901	0.4094
			0.8748	-0.1043	0.4732
			0.2439	0.8042	0.5421
			-0.8093	0.4768	-0.3432
			-0.5344	-0.355	0.7671
			-0.2439	-0.8042	-0.5421
			0.8093	-0.4768	0.3432
			0.5344	0.355	-0.7671
		b:
			369.6733
			590.304
			195.0621
			141.4831
			587.4279
			238.2456
			639.1694
			-1.1867
			200.2052
			-633.1694
			6.1867
			-193.2052
	==================================================================================
	Q3:
		Shape: Hybrid
		q_c:	50.5	446.0	497.5
		ub :	53.3439	448.1036	500.3115
		lb :	47.6561	443.8964	494.6885
		P^-1:
			0.3757	-0.0033	0.0929
			-0.0033	0.4443	0.0045
			0.0929	0.0045	0.3189
		A:
			0.4867	0.6773	-0.5517
			-0.3334	0.844	-0.4202
			-0.8014	0.5967	0.0414
			-0.7759	-0.3475	0.5265
			0.5624	0.8162	-0.132
			0.7375	-0.6325	0.2366
		b:
			53.213
			151.2943
			247.095
			68.921
			327.6305
			-126.3713
	==================================================================================
	Q4:
		Shape: Ellipse
		q_c:	53.5	446.0	497.5
		ub :	56.1887	448.806	500.6536
		lb :	50.8113	443.194	494.3464
		P^-1:
			0.282	-0.0733	0.0099
			-0.0733	0.3926	-0.066
			0.0099	-0.066	0.1799
	==================================================================================
	Q5:
		Shape: Hybrid
		q_c:	54.5	446.5	507.5
		ub :	58.2431	449.9661	509.9686
		lb :	50.7569	443.0339	505.0314
		P^-1:
			0.1291	0.071	-0.08
			0.071	0.4074	-0.3826
			-0.08	-0.3826	0.7346
		A:
			0.6499	0.4416	-0.6186
			-0.9433	0.3315	0.0157
			0.0115	0.8654	-0.501
			-0.0054	-0.8012	0.5984
			-0.1993	0.974	-0.1078
			0.5008	-0.3654	0.7847
		b:
			-80.0111
			107.0619
			133.7437
			-53.534
			371.0929
			263.767
	==================================================================================
	Q6:
		Shape: Polyhedra
		q_c:	54.5	444.0	503.5
		ub :	58.5147	448.086	507.0075
		lb :	50.4853	439.914	499.9925
		A:
			0.1985	-0.2036	-0.9587
			0.0258	-0.9682	0.2489
			0.4732	-0.0636	0.8787
			-0.8164	-0.304	0.491
			0.0707	-0.9072	0.4148
			0.6083	-0.3596	0.7076
			0.6637	0.6433	0.3817
			0.151	-0.615	0.7739
			0.7326	-0.456	-0.5053
			-0.6637	-0.6433	-0.3817
			-0.151	0.615	-0.7739
			-0.7326	0.456	0.5053
		b:
			-560.1799
			-300.9008
			442.3887
			70.2174
			-188.1244
			231.8059
			517.462
			126.3225
			-414.9903
			-510.462
			-123.3225
			418.9903


===========================================================================================
===========================================================================================
S6:
	q_c:	336.5	154.5	169.5
	ub :	350.4704	173.9793	185.2248
	lb :	327.2869	139.1885	151.2764

	==================================================================================
	Q1:
		Shape: Hybrid
		q_c:	342.5	166.0	171.5
		ub :	348.6158	173.9793	179.0761
		lb :	336.3842	158.0207	163.9239
		P^-1:
			0.1132	-0.0565	-0.0285
			-0.0565	0.0651	0.0188
			-0.0285	0.0188	0.0373
		A:
			0.609	-0.2767	-0.7434
			-0.8167	0.5758	0.038
			0.1397	-0.3624	-0.9215
			-0.0714	0.295	0.9528
			0.2333	-0.7757	-0.5864
			0.9315	-0.2652	-0.2489
		b:
			37.8057
			-176.0568
			-166.4185
			192.0863
			-146.3338
			234.0335
	==================================================================================
	Q2:
		Shape: Polyhedra
		q_c:	334.0	143.5	167.0
		ub :	340.7131	147.8115	173.7004
		lb :	327.2869	139.1885	160.2996
		A:
			-0.3907	-0.4504	-0.8028
			0.1844	-0.9446	-0.2716
			0.0269	-0.9996	-0.0102
			0.6995	0.6497	0.2977
			0.6672	0.0604	0.7424
			0.4869	-0.357	0.7971
			0.4449	0.8201	0.3599
			-0.4352	0.5492	-0.7134
			-0.7827	0.1608	0.6012
			-0.4449	-0.8201	-0.3599
			0.4352	-0.5492	0.7134
			0.7827	-0.1608	-0.6012
		b:
			-326.468
			-116.0904
			-133.4248
			378.7131
			358.7963
			248.4498
			327.8922
			-181.6791
			-132.4444
			-324.8922
			189.6791
			143.4444
	==================================================================================
	Q3:
		Shape: Ellipse
		q_c:	338.5	163.0	160.5
		ub :	346.2984	171.3047	169.7236
		lb :	330.7016	154.6953	151.2764
		P^-1:
			0.0337	-0.0022	0.001
			-0.0022	0.0331	-0.0056
			0.001	-0.0056	0.034
	==================================================================================
	Q4:
		Shape: Ellipse
		q_c:	338.0	159.0	166.5
		ub :	345.0956	166.4142	172.2628
		lb :	330.9044	151.5858	160.7372
		P^-1:
			0.0437	0.0074	-0.005
			0.0074	0.0554	-0.014
			-0.005	-0.014	0.072
	==================================================================================
	Q5:
		Shape: Ellipse
		q_c:	344.0	153.5	164.0
		ub :	350.4704	159.0305	170.2523
		lb :	337.5296	147.9695	157.7477
		P^-1:
			0.0626	0.0167	-0.0223
			0.0167	0.1145	-0.0468
			-0.0223	-0.0468	0.0948
	==================================================================================
	Q6:
		Shape: Hybrid
		q_c:	344.0	151.0	177.0
		ub :	350.4013	159.132	185.2248
		lb :	337.5987	142.868	168.7752
		P^-1:
			0.0494	-0.0001	-0.0002
			-0.0001	0.0466	-0.008
			-0.0002	-0.008	0.0265
		A:
			-0.9641	-0.0506	-0.2607
			0.394	-0.5065	0.767
			0.647	0.6748	0.355
			-0.2624	0.9124	0.3143
			-0.9373	0.0695	-0.3415
			-0.9972	-0.0708	0.0243
		b:
			-382.9972
			197.7676
			390.2698
			106.1823
			-369.8985
			-347.1745


===========================================================================================
===========================================================================================
S7:
	q_c:	108.5	493.5	335.0
	ub :	125.1134	504.5148	350.839
	lb :	103.3083	479.1685	320.1626

	==================================================================================
	Q1:
		Shape: Ellipse
		q_c:	118.5	493.5	339.0
		ub :	123.3314	498.0834	343.0787
		lb :	113.6686	488.9166	334.9213
		P^-1:
			0.1706	0.0836	0.0278
			0.0836	0.1294	0.0323
			0.0278	0.0323	0.1236
	==================================================================================
	Q2:
		Shape: Polyhedra
		q_c:	119.0	495.0	335.5
		ub :	125.1134	500.0732	341.0224
		lb :	112.8866	489.9268	329.9776
		A:
			-0.6207	-0.7625	0.1828
			0.3479	0.8614	-0.3701
			0.0426	-0.6465	-0.7617
			0.3349	-0.1892	0.9231
			0.0143	0.3522	0.9358
			0.1632	0.7691	0.6179
			0.5589	0.8131	0.1625
			0.4629	-0.1434	-0.8747
			-0.688	0.5641	-0.4566
			-0.5589	-0.8131	-0.1625
			-0.4629	0.1434	0.8747
			0.688	-0.5641	0.4566
		b:
			-387.3086
			346.7104
			-567.3537
			259.9934
			493.3843
			610.321
			526.0477
			-305.838
			48.705
			-521.0477
			312.838
			-39.705
	==================================================================================
	Q3:
		Shape: Ellipse
		q_c:	109.5	499.0	326.5
		ub :	115.0804	504.5148	332.8374
		lb :	103.9196	493.4852	320.1626
		P^-1:
			0.0784	-0.005	-0.0051
			-0.005	0.0739	-0.008
			-0.0051	-0.008	0.0735
	==================================================================================
	Q4:
		Shape: Polyhedra
		q_c:	117.0	488.0	341.0
		ub :	120.6489	490.7391	343.6301
		lb :	113.3511	485.2609	338.3699
		A:
			0.1132	0.6626	-0.7404
			0.2807	-0.5005	0.819
			0.0379	-0.7062	0.707
			-0.0355	-0.9411	0.3363
			0.0617	0.7137	-0.6977
			-0.1229	0.6342	-0.7634
			0.3029	0.6245	0.7199
			0.0921	0.7327	-0.6743
			-0.9486	0.2705	0.1644
			-0.3029	-0.6245	-0.7199
			-0.0921	-0.7327	0.6743
			0.9486	-0.2705	-0.1644
		b:
			84.6794
			69.169
			-98.4989
			-347.6263
			118.1199
			35.6207
			588.1783
			138.8931
			80.0861
			-583.1783
			-137.8931
			-74.0861
	==================================================================================
	Q5:
		Shape: Ellipse
		q_c:	110.0	485.5	340.0
		ub :	116.6917	491.8315	346.2163
		lb :	103.3083	479.1685	333.7837
		P^-1:
			0.0676	0.0074	0.0111
			0.0074	0.0438	-0.0041
			0.0111	-0.0041	0.0728
	==================================================================================
	Q6:
		Shape: Hybrid
		q_c:	114.0	489.5	345.5
		ub :	119.9055	492.5072	350.839
		lb :	108.0945	486.4928	340.161
		P^-1:
			0.1994	0.2157	-0.2404
			0.2157	0.6047	-0.3615
			-0.2404	-0.3615	0.389
		A:
			-0.5137	-0.3277	0.7929
			-0.0959	-0.5394	0.8366
			0.2539	0.7555	-0.6039
			0.5724	0.6704	-0.4721
			0.2022	0.8448	-0.4954
			0.8565	0.1565	-0.4918
		b:
			55.9543
			15.9407
			190.77
			231.3511
			266.0668
			6.451


===========================================================================================
===========================================================================================
