3D_40_9_6_c                l = 3

===========================================================================================
===========================================================================================
S1:
	q_c:	142.0	378.5	350.5
	ub :	160.2064	383.6414	367.5254
	lb :	128.5085	364.5558	337.1524

	==================================================================================
	Q1:
		Shape: Hybrid
		q_c:	138.5	377.0	352.5
		ub :	143.0467	380.9996	356.3365
		lb :	133.9533	373.0004	348.6635
		P^-1:
			0.0644	0.0191	0.014
			0.0191	0.2759	0.1803
			0.014	0.1803	0.2483
		A:
			0.4678	-0.8673	0.1703
			-0.0641	-0.8327	-0.55
			0.1568	0.9583	0.239
			0.4716	-0.6325	-0.6144
			0.0378	0.5863	0.8092
			-0.2131	-0.6145	-0.7596
		b:
			-199.5699
			-515.8429
			468.6423
			-388.0363
			512.3851
			-528.0145
	==================================================================================
	Q2:
		Shape: Hybrid
		q_c:	151.0	373.5	359.5
		ub :	156.5564	381.8596	367.5254
		lb :	145.4436	365.1404	351.4746
		P^-1:
			0.1005	-0.025	-0.0073
			-0.025	0.0421	0.0092
			-0.0073	0.0092	0.0363
		A:
			0.8714	0.489	-0.0392
			0.2505	-0.084	0.9645
			-0.4771	0.2431	-0.8445
			0.8919	-0.3443	-0.2931
			0.8014	-0.4985	0.3306
			0.7562	-0.5819	-0.2991
		b:
			303.3019
			357.0613
			-281.2095
			-97.7068
			56.0414
			-208.923
	==================================================================================
	Q3:
		Shape: Ellipse
		q_c:	136.0	371.0	343.5
		ub :	143.4915	375.7092	347.5218
		lb :	128.5085	366.2908	339.4782
		P^-1:
			0.023	0.0176	-0.0011
			0.0176	0.1429	-0.0224
			-0.0011	-0.0224	0.1256
	==================================================================================
	Q4:
		Shape: Polyhedra
		q_c:	152.5	377.0	345.0
		ub :	160.2064	383.6414	352.8476
		lb :	144.7936	370.3586	337.1524
		A:
			0.3853	0.4858	-0.7846
			-0.4046	0.2383	0.8829
			-0.197	-0.5141	-0.8348
			-0.2136	0.909	0.358
			0.0113	-0.9104	-0.4136
			-0.4377	-0.2559	-0.862
			0.2532	0.8046	0.5371
			0.6658	0.2579	-0.7002
			-0.7019	0.5349	-0.4704
			-0.2532	-0.8046	-0.5371
			-0.6658	-0.2579	0.7002
			0.7019	-0.5349	0.4704
		b:
			-23.3813
			337.6844
			-508.0355
			437.4009
			-480.5814
			-456.5834
			530.7549
			-37.3127
			-63.1723
			-523.7549
			48.3127
			72.1723
	==================================================================================
	Q5:
		Shape: Polyhedra
		q_c:	152.0	370.5	354.5
		ub :	157.1784	376.4442	360.1296
		lb :	146.8216	364.5558	348.8704
		A:
			-0.6475	-0.7292	-0.2213
			0.4176	0.7939	-0.4419
			-0.7793	-0.5188	-0.3514
			0.9717	0.2346	0.0282
			-0.7091	-0.5283	-0.4671
			-0.2696	-0.9629	0.0151
			0.6822	0.6833	0.2602
			-0.0281	0.3802	-0.9245
			-0.7306	0.6234	0.2786
			-0.6822	-0.6833	-0.2602
			0.0281	-0.3802	0.9245
			0.7306	-0.6234	-0.2786
		b:
			-445.9848
			203.8679
			-433.8095
			248.0267
			-467.6464
			-389.4333
			450.0992
			-187.1637
			224.6569
			-448.0992
			195.1637
			-212.6569
	==================================================================================
	Q6:
		Shape: Hybrid
		q_c:	139.5	371.5	354.0
		ub :	146.9612	377.3231	361.2718
		lb :	132.0388	365.6769	346.7282
		P^-1:
			0.0577	-0.0106	-0.0149
			-0.0106	0.076	-0.0012
			-0.0149	-0.0012	0.0435
		A:
			0.4504	0.3188	-0.834
			0.5052	-0.8615	-0.0513
			-0.4593	-0.2892	0.8399
			0.0569	-0.9934	-0.1001
			0.1541	0.9322	0.3275
			0.3719	0.9276	-0.035
		b:
			-111.4787
			-265.9506
			128.2808
			-394.5721
			486.1592
			386.3676


===========================================================================================
===========================================================================================
S2:
	q_c:	154.5	34.0	29.0
	ub :	168.5216	45.9793	36.9049
	lb :	145.1529	23.4579	17.5083

	==================================================================================
	Q1:
		Shape: Hybrid
		q_c:	152.0	39.0	29.5
		ub :	158.8471	45.9793	36.9049
		lb :	145.1529	32.0207	22.0951
		P^-1:
			0.0674	0.0005	-0.0175
			0.0005	0.044	0.0055
			-0.0175	0.0055	0.0596
		A:
			-0.2104	0.5073	0.8357
			0.9081	0.4048	-0.1074
			0.5773	0.8052	-0.1352
			0.4691	-0.3553	-0.8085
			0.0369	0.3812	-0.9238
			-0.7945	0.054	0.6048
		b:
			14.7043
			152.8877
			117.851
			35.5523
			-4.0102
			-99.0667
	==================================================================================
	Q2:
		Shape: Polyhedra
		q_c:	155.0	37.0	32.5
		ub :	159.2832	41.2598	36.1023
		lb :	150.7168	32.7402	28.8977
		A:
			0.4153	-0.2801	0.8655
			0.2162	-0.2914	0.9319
			-0.8066	0.4358	0.3994
			-0.4052	0.7285	-0.5523
			0.6071	0.1756	0.775
			0.4449	-0.5302	0.7218
			0.2213	0.9678	0.1201
			0.933	-0.2459	0.2629
			0.2839	0.0539	-0.9573
			-0.2213	-0.9678	-0.1201
			-0.933	0.2459	-0.2629
			-0.2839	-0.0539	0.9573
		b:
			84.8863
			55.6761
			-93.0312
			-50.7368
			128.7207
			75.6979
			77.5067
			147.0537
			17.3928
			-70.5067
			-141.0537
			-12.3928
	==================================================================================
	Q3:
		Shape: Polyhedra
		q_c:	161.0	27.5	30.0
		ub :	164.6915	31.5421	33.6094
		lb :	157.3085	23.4579	26.3906
		A:
			0.7731	0.3529	-0.527
			-0.8988	0.0601	0.4343
			0.7229	-0.6805	0.1195
			-0.8584	-0.4997	-0.116
			0.0625	-0.668	-0.7415
			-0.8283	0.1435	-0.5416
			0.718	0.5111	0.4725
			0.6159	-0.1504	-0.7733
			-0.3242	0.8463	-0.4227
			-0.718	-0.5111	-0.4725
			-0.6159	0.1504	0.7733
			0.3242	-0.8463	0.4227
		b:
			120.2862
			-128.2629
			103.9894
			-153.0242
			-28.454
			-142.9629
			146.3308
			73.3274
			-38.6026
			-141.3308
			-70.3274
			44.6026
	==================================================================================
	Q4:
		Shape: Hybrid
		q_c:	157.5	33.0	30.5
		ub :	162.3475	38.3883	33.1718
		lb :	152.6525	27.6117	27.8282
		P^-1:
			0.168	-0.1062	-0.0011
			-0.1062	0.1427	-0.074
			-0.0011	-0.074	0.4237
		A:
			0.5479	0.3126	-0.776
			-0.8863	0.2157	0.4099
			-0.1276	-0.6144	0.7786
			0.4003	0.2013	-0.894
			-0.505	0.742	-0.441
			0.7518	-0.3716	-0.5447
		b:
			74.9375
			-118.2134
			-14.8247
			43.7302
			-67.2802
			90.7875
	==================================================================================
	Q5:
		Shape: Polyhedra
		q_c:	163.0	32.0	23.5
		ub :	168.5216	38.0924	29.4917
		lb :	157.4784	25.9076	17.5083
		A:
			0.5623	0.4517	-0.6927
			-0.7017	-0.2575	0.6643
			0.2703	-0.0507	-0.9614
			0.1028	0.9705	0.2183
			-0.5448	-0.603	-0.5827
			-0.8044	0.4467	-0.3916
			0.8162	0.429	0.3871
			-0.5768	0.5657	0.5893
			0.0338	-0.7042	0.7092
			-0.8162	-0.429	-0.3871
			0.5768	-0.5657	-0.5893
			-0.0338	0.7042	-0.7092
		b:
			93.3956
			-103.4992
			23.1022
			56.6414
			-117.4707
			-122.2163
			160.3609
			-59.0686
			3.1454
			-151.3609
			65.0686
			3.8546
	==================================================================================
	Q6:
		Shape: Hybrid
		q_c:	150.5	37.0	26.5
		ub :	155.0075	41.6254	31.3759
		lb :	145.9925	32.3746	21.6241
		P^-1:
			0.1398	-0.0071	-0.023
			-0.0071	0.1129	0.0057
			-0.023	0.0057	0.1296
		A:
			0.584	0.7748	-0.2421
			-0.4083	0.8929	0.19
			0.7869	0.5009	0.3605
			-0.1791	0.2181	0.9594
			-0.4683	0.8617	0.1953
			-0.7408	-0.1105	0.6626
		b:
			111.8052
			-21.8018
			148.2221
			8.0055
			-31.8579
			-96.7238


===========================================================================================
===========================================================================================
S3:
	q_c:	85.0	358.0	179.0
	ub :	101.9812	376.7487	198.5369
	lb :	69.3827	337.5057	159.5788

	==================================================================================
	Q1:
		Shape: Ellipse
		q_c:	81.0	367.0	177.5
		ub :	89.3123	373.8812	184.6461
		lb :	72.6877	360.1188	170.3539
		P^-1:
			0.0224	0.0016	0.0084
			0.0016	0.0367	0.0097
			0.0084	0.0097	0.0568
	==================================================================================
	Q2:
		Shape: Ellipse
		q_c:	94.5	345.0	173.0
		ub :	101.9812	352.4943	180.4963
		lb :	87.0188	337.5057	165.5037
		P^-1:
			0.0631	0.0194	-0.0075
			0.0194	0.0588	0.0164
			-0.0075	0.0164	0.05
	==================================================================================
	Q3:
		Shape: Ellipse
		q_c:	77.5	363.5	189.0
		ub :	85.6173	371.8503	198.5369
		lb :	69.3827	355.1497	179.4631
		P^-1:
			0.0332	-0.003	-0.0002
			-0.003	0.0305	0.0075
			-0.0002	0.0075	0.033
	==================================================================================
	Q4:
		Shape: Hybrid
		q_c:	79.0	358.5	187.0
		ub :	87.5326	366.0757	195.0717
		lb :	70.4674	350.9243	178.9283
		P^-1:
			0.0414	-0.0032	0.0064
			-0.0032	0.0445	-0.0043
			0.0064	-0.0043	0.0313
		A:
			-0.1849	0.3562	-0.9159
			0.1414	0.1487	-0.9787
			0.1575	-0.8361	-0.5256
			-0.8738	0.3219	-0.3645
			-0.48	0.5697	-0.6671
			-0.0575	-0.8494	0.5247
		b:
			-55.1261
			-114.9768
			-382.4505
			-19.4296
			43.9996
			-208.322
	==================================================================================
	Q5:
		Shape: Polyhedra
		q_c:	87.0	369.0	167.5
		ub :	92.8508	376.7487	175.4212
		lb :	81.1492	361.2513	159.5788
		A:
			0.8346	0.341	0.4326
			-0.747	-0.2642	-0.61
			0.775	0.5405	0.3275
			-0.5303	-0.6145	-0.5841
			-0.1444	0.9891	-0.0278
			0.5598	0.1704	0.8109
			0.668	0.5097	0.5423
			0.0736	-0.7704	0.6334
			0.7405	-0.3831	-0.5521
			-0.668	-0.5097	-0.5423
			-0.0736	0.7704	-0.6334
			-0.7405	0.3831	0.5521
		b:
			273.2969
			-262.1673
			324.0996
			-368.5312
			353.2355
			250.5669
			339.0133
			-165.7652
			-163.9256
			-335.0133
			177.7652
			174.9256
	==================================================================================
	Q6:
		Shape: Ellipse
		q_c:	93.5	365.5	170.5
		ub :	99.2844	372.4722	175.3034
		lb :	87.7156	358.5278	165.6966
		P^-1:
			0.0701	-0.0185	-0.0094
			-0.0185	0.062	-0.0412
			-0.0094	-0.0412	0.1427


===========================================================================================
===========================================================================================
S4:
	q_c:	319.0	489.0	362.5
	ub :	332.2262	503.3388	379.735
	lb :	305.9751	470.6009	354.7901

	==================================================================================
	Q1:
		Shape: Polyhedra
		q_c:	323.5	495.0	367.5
		ub :	331.8375	503.3388	371.5531
		lb :	315.1625	486.6612	363.4469
		A:
			0.1708	0.295	-0.9401
			0.4637	0.2419	-0.8523
			0.1929	-0.4562	0.8687
			0.9978	-0.0655	0.0108
			-0.8157	0.54	0.2073
			0.3304	0.9397	-0.0883
			0.6303	0.7102	0.3138
			0.1507	0.2845	-0.9467
			-0.7616	0.644	0.0723
			-0.6303	-0.7102	-0.3138
			-0.1507	-0.2845	0.9467
			0.7616	-0.644	-0.0723
		b:
			-142.2185
			-40.7976
			158.8207
			300.1301
			85.51
			544.7699
			676.2223
			-156.3325
			104.9744
			-665.2223
			160.3325
			-92.9744
	==================================================================================
	Q2:
		Shape: Hybrid
		q_c:	324.0	480.0	363.0
		ub :	327.3103	485.6332	368.6124
		lb :	320.6897	474.3668	357.3876
		P^-1:
			0.1808	0.0294	0.0245
			0.0294	0.1309	0.0944
			0.0245	0.0944	0.1383
		A:
			-0.7944	-0.6029	-0.0729
			-0.0523	0.757	0.6513
			0.6032	0.0646	-0.7949
			0.1573	-0.9865	-0.0446
			-0.5229	-0.4454	-0.7268
			-0.082	0.8063	0.5857
		b:
			-571.5793
			584.0583
			-59.575
			-435.9848
			-645.8271
			574.4098
	==================================================================================
	Q3:
		Shape: Ellipse
		q_c:	312.5	480.5	365.0
		ub :	319.0249	490.3991	374.8498
		lb :	305.9751	470.6009	355.1502
		P^-1:
			0.062	-0.0154	-0.0182
			-0.0154	0.0342	0.0174
			-0.0182	0.0174	0.0363
	==================================================================================
	Q4:
		Shape: Ellipse
		q_c:	313.5	483.0	366.5
		ub :	317.6823	489.928	373.2885
		lb :	309.3177	476.072	359.7115
		P^-1:
			0.2241	-0.0675	-0.006
			-0.0675	0.0713	0.0072
			-0.006	0.0072	0.044
	==================================================================================
	Q5:
		Shape: Polyhedra
		q_c:	328.0	492.5	360.0
		ub :	332.2262	497.6048	365.2099
		lb :	323.7738	487.3952	354.7901
		A:
			0.8954	-0.0096	-0.4452
			0.8346	0.2281	0.5014
			-0.5396	0.1259	-0.8325
			0.8771	0.203	-0.4352
			-0.4806	0.8705	-0.1064
			-0.2345	0.8541	0.4643
			0.6518	0.3859	0.6529
			-0.7499	0.4564	0.4789
			-0.1132	-0.8017	0.5869
			-0.6518	-0.3859	-0.6529
			0.7499	-0.4564	-0.4789
			0.1132	0.8017	-0.5869
		b:
			131.402
			569.5821
			-411.5202
			233.8749
			235.8027
			513.6582
			641.8832
			153.6769
			-217.2125
			-635.8832
			-148.6769
			224.2125
	==================================================================================
	Q6:
		Shape: Polyhedra
		q_c:	316.0	490.5	373.5
		ub :	322.0194	495.8497	379.735
		lb :	309.9806	485.1503	367.265
		A:
			-0.5784	-0.5326	0.6178
			0.9185	-0.3655	0.1511
			-0.4731	-0.6973	0.5385
			0.2519	-0.9035	0.3468
			0.943	0.287	0.1684
			0.0708	-0.254	-0.9646
			0.1865	0.9764	0.1088
			0.9646	-0.1609	-0.209
			-0.1865	0.144	-0.9718
			-0.1865	-0.9764	-0.1088
			-0.9646	0.1609	0.209
			0.1865	-0.144	0.9718
		b:
			-208.761
			171.9759
			-285.9644
			-229.7157
			506.0995
			-457.6295
			582.5125
			152.3043
			-346.3199
			-574.5125
			-143.3043
			356.3199


===========================================================================================
===========================================================================================
S5:
	q_c:	306.5	51.5	318.5
	ub :	316.4113	61.7883	326.7617
	lb :	299.0627	42.1581	313.5312

	==================================================================================
	Q1:
		Shape: Polyhedra
		q_c:	311.5	55.0	320.5
		ub :	316.4113	59.6078	324.6895
		lb :	306.5887	50.3922	316.3105
		A:
			0.1187	-0.1017	0.9877
			-0.7722	-0.467	-0.4308
			0.77	-0.6346	-0.0671
			-0.4811	-0.5437	-0.6877
			-0.9312	-0.007	0.3643
			0.5355	-0.6158	-0.5779
			0.5762	0.5641	0.5914
			0.5828	-0.7909	0.1867
			0.5731	0.2371	-0.7844
			-0.5762	-0.5641	-0.5914
			-0.5828	0.7909	-0.1867
			-0.5731	-0.2371	0.7844
		b:
			350.7052
			-402.1882
			186.8909
			-398.1467
			-170.6642
			-49.1685
			402.0593
			201.3562
			-56.8579
			-398.0593
			-194.3562
			62.8579
	==================================================================================
	Q2:
		Shape: Hybrid
		q_c:	305.0	46.5	321.0
		ub :	308.5827	50.8419	325.5178
		lb :	301.4173	42.1581	316.4822
		P^-1:
			0.1556	0.0095	0.0116
			0.0095	0.1112	0.0099
			0.0116	0.0099	0.0859
		A:
			0.8012	-0.2065	-0.5616
			-0.7165	0.6974	0.0173
			-0.6942	-0.0107	0.7197
			0.6799	-0.5656	0.4667
			0.2246	0.9745	0.0016
			0.1596	0.9841	-0.0782
		b:
			56.2632
			-178.9264
			20.7019
			332.6264
			116.012
			71.0942
	==================================================================================
	Q3:
		Shape: Ellipse
		q_c:	307.0	51.0	322.5
		ub :	311.8898	54.9199	326.7617
		lb :	302.1102	47.0801	318.2383
		P^-1:
			0.1861	0.2001	-0.2121
			0.2001	0.4647	-0.4063
			-0.2121	-0.4063	0.5124
	==================================================================================
	Q4:
		Shape: Hybrid
		q_c:	309.5	57.5	317.5
		ub :	312.7309	61.7883	321.4688
		lb :	306.2691	53.2117	313.5312
		P^-1:
			0.593	0.1946	-0.3978
			0.1946	0.1897	-0.1607
			-0.3978	-0.1607	0.4396
		A:
			-0.6861	-0.644	0.3384
			0.2948	-0.0303	-0.9551
			0.9712	-0.1907	0.1427
			-0.0261	0.6916	-0.7218
			0.771	0.1539	-0.6179
			-0.4832	-0.1426	0.8638
		b:
			-140.8614
			-212.248
			336.9595
			-195.569
			51.8635
			117.475
	==================================================================================
	Q5:
		Shape: Polyhedra
		q_c:	304.5	50.5	320.5
		ub :	309.9373	55.981	325.8131
		lb :	299.0627	45.019	315.1869
		A:
			0.5134	-0.8514	-0.1074
			-0.2761	-0.1739	0.9453
			-0.4183	0.7196	0.5543
			0.5245	-0.7306	0.4372
			-0.5108	0.8259	-0.2386
			0.0012	0.9471	0.3208
			0.437	0.3984	0.8064
			-0.7775	0.6181	0.1159
			-0.4523	-0.6776	0.5799
			-0.437	-0.3984	-0.8064
			0.7775	-0.6181	-0.1159
			0.4523	0.6776	-0.5799
		b:
			81.9628
			213.4586
			89.9672
			266.0529
			-187.3049
			154.4719
			415.6397
			-165.3732
			16.9261
			-407.6397
			171.3732
			-10.9261
	==================================================================================
	Q6:
		Shape: Hybrid
		q_c:	308.5	53.0	316.5
		ub :	311.1018	57.0689	318.9747
		lb :	305.8982	48.9311	314.0253
		P^-1:
			0.308	0.0094	-0.0888
			0.0094	0.0631	-0.0125
			-0.0888	-0.0125	0.3858
		A:
			-0.8788	0.1569	0.4506
			0.9642	0.2274	0.1367
			0.9637	-0.0083	-0.267
			0.0017	0.2701	-0.9628
			0.875	-0.0084	-0.4841
			0.7504	0.3837	-0.5383
		b:
			-119.1575
			354.0474
			213.3498
			-288.7785
			117.1688
			82.7388


===========================================================================================
===========================================================================================
S6:
	q_c:	235.5	101.0	504.0
	ub :	239.8682	104.3141	511.5045
	lb :	231.5329	96.4073	500.2451

	==================================================================================
	Q1:
		Shape: Ellipse
		q_c:	233.5	99.0	503.5
		ub :	235.2817	100.7576	505.4505
		lb :	231.7183	97.2424	501.5495
		P^-1:
			0.9392	0.0676	-0.1596
			0.0676	0.9247	0.1777
			-0.1596	0.1777	0.5805
	==================================================================================
	Q2:
		Shape: Ellipse
		q_c:	235.0	101.0	505.0
		ub :	237.0534	102.9798	506.7079
		lb :	232.9466	99.0202	503.2921
		P^-1:
			0.7495	-0.2623	-0.0873
			-0.2623	0.7253	-0.0914
			-0.0873	-0.0914	0.9696
	==================================================================================
	Q3:
		Shape: Polyhedra
		q_c:	238.0	102.0	506.5
		ub :	239.8682	104.1625	508.5498
		lb :	236.1318	99.8375	504.4502
		A:
			-0.5963	0.5135	0.6171
			0.2322	-0.5879	0.7748
			0.8512	0.1224	0.5103
			0.2175	0.3828	-0.8979
			-0.7038	0.4226	-0.5711
			-0.9229	0.1468	0.356
			0.0602	0.358	0.9318
			-0.6754	0.702	-0.2261
			-0.735	-0.6157	0.2841
			-0.0602	-0.358	-0.9318
			0.6754	-0.702	0.2261
			0.735	0.6157	-0.2841
		b:
			224.3389
			389.0084
			474.8858
			-362.5047
			-412.5136
			-23.0134
			524.2952
			-202.6382
			-92.345
			-521.2952
			204.6382
			95.345
	==================================================================================
	Q4:
		Shape: Ellipse
		q_c:	236.5	99.5	508.5
		ub :	239.5056	102.5927	511.5045
		lb :	233.4944	96.4073	505.4955
		P^-1:
			0.2761	-0.0538	0.0565
			-0.0538	0.3591	-0.1005
			0.0565	-0.1005	0.2192
	==================================================================================
	Q5:
		Shape: Hybrid
		q_c:	233.5	98.5	506.0
		ub :	235.4671	99.7957	507.8948
		lb :	231.5329	97.2043	504.1052
		P^-1:
			0.6527	-0.0132	0.2686
			-0.0132	0.9995	0.0102
			0.2686	0.0102	0.7922
		A:
			-0.0968	0.3079	-0.9465
			0.1841	-0.7373	-0.65
			-0.1215	0.6638	-0.738
			-0.5928	-0.4339	0.6785
			-0.1182	0.2602	0.9583
			0.7482	-0.3407	-0.5693
		b:
			-470.5617
			-357.8854
			-335.8485
			163.0924
			483.6885
			-145.9558
	==================================================================================
	Q6:
		Shape: Hybrid
		q_c:	236.0	101.5	503.0
		ub :	238.4124	104.3141	505.7549
		lb :	233.5876	98.6859	500.2451
		P^-1:
			0.438	-0.03	0.0177
			-0.03	0.3047	0.0821
			0.0177	0.0821	0.3962
		A:
			0.517	0.7503	0.4119
			0.2284	0.8716	0.4338
			-0.8496	-0.2508	-0.464
			-0.6331	0.6967	-0.3374
			-0.5937	-0.6015	-0.5345
			0.1681	0.099	0.9808
		b:
			406.2818
			361.4784
			-458.5829
			-247.4344
			-469.2225
			543.8855


===========================================================================================
===========================================================================================
S7:
	q_c:	292.5	144.0	28.0
	ub :	327.0957	172.2356	59.3292
	lb :	256.0766	112.7044	-8.4443

	==================================================================================
	Q1:
		Shape: Hybrid
		q_c:	292.0	161.5	16.5
		ub :	301.1774	169.3855	25.4649
		lb :	282.8226	153.6145	7.5351
		P^-1:
			0.0495	0.0162	0.0225
			0.0162	0.048	0.0167
			0.0225	0.0167	0.035
		A:
			-0.9254	-0.0615	-0.374
			0.9527	0.2923	-0.0826
			-0.9001	-0.4268	-0.0873
			0.3571	-0.6875	-0.6323
			-0.0284	0.9943	-0.1026
			0.5232	-0.8316	-0.1866
		b:
			-283.7431
			327.7668
			-330.2433
			-13.0544
			154.1196
			19.1963
	==================================================================================
	Q2:
		Shape: Ellipse
		q_c:	298.0	162.0	52.0
		ub :	308.1803	172.2356	59.3292
		lb :	287.8197	151.7644	44.6708
		P^-1:
			0.0411	0.0308	0.0133
			0.0308	0.0455	0.013
			0.0133	0.013	0.0352
	==================================================================================
	Q3:
		Shape: Ellipse
		q_c:	274.0	130.5	7.5
		ub :	291.9234	148.2956	23.4443
		lb :	256.0766	112.7044	-8.4443
		P^-1:
			0.009	-0.0001	0.0012
			-0.0001	0.0094	-0.0013
			0.0012	-0.0013	0.0093
	==================================================================================
	Q4:
		Shape: Polyhedra
		q_c:	292.5	135.5	37.0
		ub :	303.1923	148.3192	48.1975
		lb :	281.8077	122.6808	25.8025
		A:
			0.0551	-0.3961	0.9165
			0.3334	-0.3179	-0.8876
			0.1169	-0.9308	0.3464
			-0.3111	0.7494	-0.5844
			0.8163	-0.1277	-0.5633
			0.6173	-0.5123	0.5971
			0.3074	0.6655	0.6801
			0.2378	0.6383	-0.7321
			-0.9214	0.3868	0.0379
			-0.3074	-0.6655	-0.6801
			-0.2378	-0.6383	0.7321
			0.9214	-0.3868	-0.0379
		b:
			3.9133
			29.2424
			-71.6495
			-3.7394
			207.8036
			140.5023
			213.2552
			136.4591
			-208.6974
			-197.2552
			-121.4591
			222.6974
	==================================================================================
	Q5:
		Shape: Polyhedra
		q_c:	280.0	134.5	18.0
		ub :	298.1672	148.3752	36.4303
		lb :	261.8328	120.6248	-0.4303
		A:
			0.1809	0.9812	0.0667
			0.286	-0.7098	-0.6437
			-0.8536	0.509	0.1107
			-0.9503	0.2685	0.1574
			0.2419	0.9697	0.0345
			-0.583	-0.5917	0.5568
			0.5834	0.213	0.7838
			-0.6803	0.6553	0.3283
			-0.4437	-0.7247	0.5272
			-0.5834	-0.213	-0.7838
			0.6803	-0.6553	-0.3283
			0.4437	0.7247	-0.5272
		b:
			192.7276
			-15.7489
			-158.3619
			-216.8484
			207.5634
			-226.6228
			221.5979
			-86.9426
			-206.2186
			-190.5979
			105.9426
			218.2186
	==================================================================================
	Q6:
		Shape: Ellipse
		q_c:	314.5	154.0	13.5
		ub :	327.0957	167.3143	27.7109
		lb :	301.9043	140.6857	-0.7109
		P^-1:
			0.0123	-0.003	0.0011
			-0.003	0.0195	-0.0126
			0.0011	-0.0126	0.0205


===========================================================================================
===========================================================================================
S8:
	q_c:	88.5	515.0	211.5
	ub :	102.5982	530.0248	229.9244
	lb :	70.835	497.6444	194.5877

	==================================================================================
	Q1:
		Shape: Ellipse
		q_c:	93.5	513.0	210.0
		ub :	100.7472	520.0727	217.8955
		lb :	86.2528	505.9273	202.1045
		P^-1:
			0.0458	0.0062	0.008
			0.0062	0.0388	0.0098
			0.008	0.0098	0.051
	==================================================================================
	Q2:
		Shape: Polyhedra
		q_c:	84.5	522.5	212.5
		ub :	91.7129	530.0248	220.8311
		lb :	77.2871	514.9752	204.1689
		A:
			0.275	-0.9572	0.0907
			0.3149	0.8978	0.3081
			-0.9574	0.2412	0.159
			-0.5162	-0.4731	0.714
			0.9566	0.2913	-0.0013
			0.4055	-0.8877	0.2181
			0.1636	0.8401	0.5172
			0.8319	0.1644	-0.5301
			-0.5303	0.5169	-0.672
			-0.1636	-0.8401	-0.5172
			-0.8319	-0.1644	0.5301
			0.5303	-0.5169	0.672
		b:
			-452.6027
			566.1162
			83.5417
			-134.4549
			237.4297
			-378.2209
			567.675
			48.035
			87.4885
			-557.675
			-39.035
			-77.4885
	==================================================================================
	Q3:
		Shape: Polyhedra
		q_c:	79.5	505.5	221.0
		ub :	88.165	513.3556	229.9244
		lb :	70.835	497.6444	212.0756
		A:
			-0.0247	-0.9919	0.1245
			-0.4137	0.7334	-0.5394
			-0.3262	0.8022	-0.5
			-0.795	0.606	-0.0266
			-0.2982	0.8314	0.4689
			-0.3331	0.0816	0.9393
			0.2138	0.4157	0.884
			-0.5676	0.7894	-0.2339
			-0.7951	-0.4517	0.4047
			-0.2138	-0.4157	-0.884
			0.5676	-0.7894	0.2339
			0.7951	0.4517	-0.4047
		b:
			-471.1308
			221.9142
			272.5383
			240.7909
			504.7612
			228.9399
			428.5011
			304.7214
			-194.6053
			-416.5011
			-299.7214
			209.6053
	==================================================================================
	Q4:
		Shape: Hybrid
		q_c:	94.0	521.5	211.0
		ub :	102.5982	528.6781	219.809
		lb :	85.4018	514.3219	202.191
		P^-1:
			0.0304	0.0036	0.0106
			0.0036	0.0353	0.0044
			0.0106	0.0044	0.0404
		A:
			-0.931	-0.2401	0.275
			-0.0599	-0.9142	-0.4008
			0.4692	0.0385	0.8823
			0.6883	0.0916	0.7196
			0.2204	0.8276	-0.5162
			0.2077	-0.4088	0.8887
		b:
			-150.696
			-564.098
			252.7442
			266.7366
			346.8117
			-3.2332
	==================================================================================
	Q5:
		Shape: Hybrid
		q_c:	83.5	520.0	203.0
		ub :	91.9906	526.5022	211.4123
		lb :	75.0094	513.4978	194.5877
		P^-1:
			0.0404	0.0027	-0.0142
			0.0027	0.0551	-0.0064
			-0.0142	-0.0064	0.0442
		A:
			-0.2647	-0.874	0.4076
			0.9838	-0.1354	0.1176
			-0.2938	-0.9373	0.1874
			0.9215	-0.3883	-0.0108
			-0.8974	0.0335	0.44
			0.8441	-0.4552	-0.2834
		b:
			-391.7722
			39.0887
			-471.7274
			-123.9996
			34.3372
			-221.0346
	==================================================================================
	Q6:
		Shape: Hybrid
		q_c:	96.5	516.5	217.5
		ub :	100.1776	522.6678	223.9127
		lb :	92.8224	510.3322	211.0873
		P^-1:
			0.2264	-0.054	-0.0095
			-0.054	0.1029	0.0441
			-0.0095	0.0441	0.065
		A:
			0.9384	-0.3442	0.0287
			-0.1043	-0.6808	0.725
			-0.598	0.2	0.7762
			-0.2953	0.9044	0.3079
			-0.6196	0.5332	0.576
			0.4395	-0.6111	-0.6584
		b:
			-79.9039
			-199.5133
			217.058
			507.4933
			342.4142
			-414.6987


===========================================================================================
===========================================================================================
S9:
	q_c:	280.0	473.0	477.5
	ub :	286.5277	486.6539	488.5654
	lb :	271.6444	463.7723	468.6694

	==================================================================================
	Q1:
		Shape: Hybrid
		q_c:	278.0	468.0	483.5
		ub :	282.6155	472.0928	488.4805
		lb :	273.3845	463.9072	478.5195
		P^-1:
			0.1184	0.0319	0.0309
			0.0319	0.2121	0.0597
			0.0309	0.0597	0.093
		A:
			0.8267	-0.3334	-0.4532
			-0.0645	-0.3777	-0.9237
			-0.5697	-0.4757	-0.6702
			0.8211	0.5655	0.0772
			0.1505	-0.6483	-0.7464
			0.7386	0.3796	0.5571
		b:
			-142.9853
			-639.1568
			-703.5981
			531.9149
			-620.6666
			653.8132
	==================================================================================
	Q2:
		Shape: Polyhedra
		q_c:	280.0	468.0	484.5
		ub :	283.5478	471.2981	488.5654
		lb :	276.4522	464.7019	480.4346
		A:
			0.6846	0.2137	-0.6969
			0.1456	0.9801	0.1351
			0.9506	-0.2911	-0.1076
			0.6754	-0.1026	-0.7303
			-0.902	0.047	-0.4292
			0.5852	0.7962	-0.1536
			0.0249	0.9117	0.4101
			0.7388	0.2596	-0.6219
			-0.6734	0.3185	-0.6671
			-0.0249	-0.9117	-0.4101
			-0.7388	-0.2596	0.6219
			0.6734	-0.3185	0.6671
		b:
			-43.9524
			566.933
			80.2921
			-210.7405
			-435.6531
			464.0363
			634.3575
			29.0454
			-359.7077
			-630.3575
			-25.0454
			365.7077
	==================================================================================
	Q3:
		Shape: Polyhedra
		q_c:	275.0	468.0	472.5
		ub :	278.3556	472.2277	476.3306
		lb :	271.6444	463.7723	468.6694
		A:
			-0.3789	0.3248	-0.8666
			0.8272	-0.56	0.0461
			0.813	-0.5574	0.1683
			0.6547	-0.1428	-0.7422
			0.5893	-0.3261	-0.7392
			-0.6673	0.7273	0.1608
			0.5541	0.6741	0.4884
			-0.1613	-0.4887	0.8574
			0.8167	-0.5539	-0.162
			-0.5541	-0.6741	-0.4884
			0.1613	0.4887	-0.8574
			-0.8167	0.5539	0.162
		b:
			-359.2607
			-11.6845
			43.5009
			-235.928
			-338.1068
			234.1108
			702.6403
			134.0817
			-110.1815
			-694.6403
			-130.0817
			112.1815
	==================================================================================
	Q4:
		Shape: Ellipse
		q_c:	280.5	482.0	482.0
		ub :	285.5872	486.6539	486.1999
		lb :	275.4128	477.3461	477.8001
		P^-1:
			0.0975	-0.0144	0.0028
			-0.0144	0.0948	-0.0026
			0.0028	-0.0026	0.0821
	==================================================================================
	Q5:
		Shape: Hybrid
		q_c:	279.0	467.5	475.5
		ub :	281.6414	470.1555	477.5362
		lb :	276.3586	464.8445	473.4638
		P^-1:
			0.3665	-0.1506	0.0644
			-0.1506	0.5067	-0.2654
			0.0644	-0.2654	0.8212
		A:
			0.6916	-0.7206	0.0495
			0.4466	-0.8741	-0.1909
			-0.5045	0.7617	-0.4066
			0.8663	-0.408	-0.2882
			-0.7329	0.5989	-0.3228
			-0.9669	0.0262	0.2539
		b:
			-119.5089
			-373.8462
			22.666
			-85.058
			-77.1787
			-135.5406
	==================================================================================
	Q6:
		Shape: Polyhedra
		q_c:	283.0	473.0	482.5
		ub :	286.5277	477.1806	486.7868
		lb :	279.4723	468.8194	478.2132
		A:
			-0.8828	-0.2422	0.4024
			-0.4459	0.3146	-0.8379
			-0.877	-0.2257	0.4241
			-0.7407	0.5375	0.4031
			-0.7755	-0.0838	0.6257
			0.2381	0.1664	0.9569
			0.9108	0.3221	0.2581
			0.2185	-0.9068	0.3606
			0.3502	-0.272	-0.8963
			-0.9108	-0.3221	-0.2581
			-0.2185	0.9068	-0.3606
			-0.3502	0.272	0.8963
		b:
			-167.7772
			-378.939
			-147.851
			242.0036
			45.5443
			610.5565
			536.6613
			-190.1025
			-459.0313
			-532.6613
			196.1025
			465.0313


===========================================================================================
===========================================================================================
