3D_40_10_6_f                l = 3

===========================================================================================
===========================================================================================
S1:
	q_c:    462.5000    213.0000    57.5000
	ub :    492.0000    228.0000    71.0000
	lb :    433.0000    198.0000    44.0000

	==================================================================================
	Q1:
		Shape: Ellipse
		q_c:    469.0000    197.5000    52.0000
		ub :    477.3649    207.0379    61.0948
		lb :    460.6351    187.9621    42.9052
		P^-1: 
			    0.0400    -0.0105    -0.0062
			    -0.0105    0.0351    -0.0009
			    -0.0062    -0.0009    0.0310
	==================================================================================
	Q2:
		Shape: Polyhedra
		q_c:    465.5000    204.5000    71.5000
		ub :    473.2297    211.0255    78.6476
		lb :    457.7703    197.9745    64.3524
		A:
			    0.0618    0.5389    -0.8401
			    0.6296    -0.7769    -0.0052
			    0.2579    0.6686    0.6974
			    0.1876    -0.4712    0.8618
			    -0.6598    -0.6133    -0.4343
			    -0.1434    -0.9894    -0.0211
			    0.4703    0.2107    0.8570
			    -0.5447    0.8333    0.0941
			    -0.6943    -0.5110    0.5067
			    -0.4703    -0.2107    -0.8570
			    0.5447    -0.8333    -0.0941
			    0.6943    0.5110    -0.5067
		b:
			    83.7674
			    137.3433
			    311.3650
			    57.3550
			    -458.6345
			    -266.3815
			    328.2998
			    -72.9309
			    -386.4822
			    -318.2998
			    79.9309
			    396.4822
	==================================================================================
	Q3:
		Shape: Hybrid
		q_c:    454.5000    199.0000    54.5000
		ub :    463.5707    204.1113    63.7773
		lb :    445.4293    193.8887    45.2227
		P^-1: 
			    0.0487    -0.0142    0.0311
			    -0.0142    0.0953    -0.0181
			    0.0311    -0.0181    0.0452
		A:
			    -0.4505    0.8208    -0.3513
			    -0.8325    0.5343    -0.1465
			    -0.3395    0.9359    -0.0938
			    -0.2894    -0.6993    -0.6537
			    0.1057    -0.8547    0.5082
			    0.8546    -0.3484    0.3851
		b:
			    -59.0043
			    -276.8383
			    28.7911
			    -303.2490
			    -92.2647
			    342.6138
	==================================================================================
	Q4:
		Shape: Ellipse
		q_c:    455.0000    214.0000    54.0000
		ub :    462.2209    222.5224    59.4800
		lb :    447.7791    205.4776    48.5200
		P^-1: 
			    0.0257    0.0052    0.0158
			    0.0052    0.0272    0.0389
			    0.0158    0.0389    0.1463
	==================================================================================
	Q5:
		Shape: Polyhedra
		q_c:    450.0000    224.0000    58.5000
		ub :    458.4879    231.2734    67.6146
		lb :    441.5121    216.7266    49.3854
		A:
			    0.1752    -0.7824    0.5976
			    -0.8411    -0.4966    -0.2145
			    0.9242    -0.2416    0.2958
			    -0.1115    -0.5353    -0.8373
			    -0.0164    -0.5002    -0.8657
			    0.6709    0.7312    -0.1239
			    0.4451    0.7751    0.4485
			    0.5031    0.1979    -0.8413
			    -0.7408    0.6001    -0.3019
			    -0.4451    -0.7751    -0.4485
			    -0.5031    -0.1979    0.8413
			    0.7408    -0.6001    0.3019
		b:
			    -56.2521
			    -497.4718
			    383.2710
			    -213.6911
			    -164.4659
			    463.9105
			    404.6372
			    228.5217
			    -212.6025
			    -395.6372
			    -214.5217
			    220.6025
	==================================================================================
	Q6:
		Shape: Polyhedra
		q_c:    478.0000    220.5000    55.0000
		ub :    487.1524    232.3284    64.9997
		lb :    468.8476    208.6716    45.0003
		A:
			    0.9984    -0.0056    -0.0561
			    0.3649    -0.5629    -0.7416
			    -0.8114    0.4085    -0.4181
			    -0.0565    -0.7836    -0.6187
			    -0.2505    0.9591    -0.1317
			    -0.6615    0.3113    0.6823
			    0.9060    0.4204    0.0492
			    0.0863    -0.2973    0.9509
			    0.4143    -0.8573    -0.3056
			    -0.9060    -0.4204    -0.0492
			    -0.0863    0.2973    -0.9509
			    -0.4143    0.8573    0.3056
		b:
			    479.0906
			    17.7711
			    -313.5171
			    -225.8899
			    92.7691
			    -202.2602
			    533.9727
			    35.5206
			    0.7092
			    -522.9727
			    -20.5206
			    16.2908


===========================================================================================
===========================================================================================
S2:
	q_c:    242.0000    87.0000    150.5000
	ub :    252.0000    108.0000    154.0000
	lb :    232.0000    66.0000    147.0000

	==================================================================================
	Q1:
		Shape: Ellipse
		q_c:    243.0000    87.0000    148.5000
		ub :    245.1154    88.3255    150.8424
		lb :    240.8846    85.6745    146.1576
		P^-1: 
			    0.7176    -0.0356    -0.3616
			    -0.0356    0.9955    -0.0455
			    -0.3616    -0.0455    0.5369
	==================================================================================
	Q2:
		Shape: Ellipse
		q_c:    243.5000    87.0000    151.5000
		ub :    245.2577    88.9448    153.5048
		lb :    241.7423    85.0552    149.4952
		P^-1: 
			    0.7964    -0.1857    -0.1928
			    -0.1857    0.8306    -0.1758
			    -0.1928    -0.1758    0.8175
	==================================================================================
	Q3:
		Shape: Polyhedra
		q_c:    241.5000    88.5000    148.0000
		ub :    244.0664    91.0058    150.3477
		lb :    238.9336    85.9942    145.6523
		A:
			    0.2014    -0.8975    0.3924
			    -0.5030    0.7795    -0.3732
			    0.6742    -0.0599    -0.7361
			    0.3980    0.9145    -0.0731
			    0.2502    0.7710    -0.5856
			    0.3625    -0.8653    -0.3461
			    0.4704    0.6216    0.6264
			    0.6883    -0.7026    0.1804
			    0.5522    0.3463    -0.7584
			    -0.4704    -0.6216    -0.6264
			    -0.6883    0.7026    -0.1804
			    -0.5522    -0.3463    0.7584
		b:
			    28.7793
			    -106.2304
			    50.0796
			    167.7224
			    43.5023
			    -38.7596
			    262.8143
			    132.2407
			    53.2707
			    -259.8143
			    -129.2407
			    -50.2707
	==================================================================================
	Q4:
		Shape: Polyhedra
		q_c:    244.5000    88.0000    153.5000
		ub :    246.5393    89.6101    155.3724
		lb :    242.4607    86.3899    151.6276
		A:
			    -0.7064    0.5044    -0.4966
			    -0.9526    0.0663    0.2969
			    0.3409    -0.9385    -0.0552
			    -0.4133    0.5934    -0.6907
			    -0.6886    0.5784    -0.4374
			    0.7232    0.6457    -0.2450
			    0.7045    0.4871    0.5162
			    0.3887    -0.8733    0.2935
			    0.5938    -0.0061    -0.8046
			    -0.7045    -0.4871    -0.5162
			    -0.3887    0.8733    -0.2935
			    -0.5938    0.0061    0.8046
		b:
			    -203.4111
			    -180.3696
			    -6.6592
			    -153.7846
			    -183.4870
			    197.3003
			    295.8442
			    64.2532
			    22.1429
			    -292.8442
			    -62.2532
			    -20.1429
	==================================================================================
	Q5:
		Shape: Polyhedra
		q_c:    246.0000    90.0000    148.0000
		ub :    248.9042    92.9163    150.9107
		lb :    243.0958    87.0837    145.0893
		A:
			    0.3093    -0.5855    -0.7493
			    0.1046    0.9865    0.1257
			    0.2223    -0.9729    -0.0642
			    0.3439    -0.8502    0.3987
			    -0.7227    -0.2371    0.6492
			    0.2086    -0.7196    -0.6624
			    0.7783    0.4666    0.4201
			    -0.2381    -0.3998    0.8851
			    0.5810    -0.7889    -0.2001
			    -0.7783    -0.4666    -0.4201
			    0.2381    0.3998    -0.8851
			    -0.5810    0.7889    0.2001
		b:
			    -85.7953
			    134.8689
			    -40.7951
			    68.7833
			    -101.1008
			    -109.7941
			    297.6375
			    38.4549
			    43.8024
			    -293.6375
			    -34.4549
			    -40.8024
	==================================================================================
	Q6:
		Shape: Polyhedra
		q_c:    242.0000    84.5000    150.0000
		ub :    244.8635    87.3477    152.6020
		lb :    239.1365    81.6523    147.3980
		A:
			    0.5208    0.0005    0.8537
			    0.8202    -0.0364    -0.5709
			    0.3950    -0.8453    -0.3598
			    0.7002    -0.6891    0.1868
			    -0.3947    0.8477    0.3544
			    0.8841    -0.3578    0.3005
			    0.6762    0.6797    0.2843
			    0.3708    -0.6474    0.6658
			    0.6366    -0.3448    -0.6898
			    -0.6762    -0.6797    -0.2843
			    -0.3708    0.6474    -0.6658
			    -0.6366    0.3448    0.6898
		b:
			    255.8205
			    111.3674
			    -28.2136
			    140.7265
			    30.8579
			    230.3990
			    265.7127
			    136.4083
			    22.9381
			    -261.7127
			    -133.4083
			    -19.9381


===========================================================================================
===========================================================================================
S3:
	q_c:    431.0000    296.5000    337.5000
	ub :    442.0000    327.0000    354.0000
	lb :    420.0000    266.0000    321.0000

	==================================================================================
	Q1:
		Shape: Hybrid
		q_c:    439.0000    291.0000    339.0000
		ub :    447.0491    298.4425    344.6824
		lb :    430.9509    283.5575    333.3176
		P^-1: 
			    0.0307    0.0164    -0.0006
			    0.0164    0.0637    -0.0100
			    -0.0006    -0.0100    0.0734
		A:
			    -0.4254    -0.1338    0.8950
			    0.7947    0.3198    0.5160
			    -0.8178    -0.5066    -0.2729
			    0.5680    0.8153    -0.1127
			    -0.3352    0.1823    -0.9244
			    0.3038    -0.9485    -0.0893
		b:
			    80.1331
			    620.0276
			    -595.9003
			    450.5334
			    -405.1414
			    -169.4963
	==================================================================================
	Q2:
		Shape: Polyhedra
		q_c:    432.5000    301.0000    327.5000
		ub :    438.5386    308.2106    332.9279
		lb :    426.4614    293.7894    322.0721
		A:
			    -0.1655    0.7342    0.6585
			    0.3739    0.8390    0.3953
			    -0.0091    -0.6359    -0.7717
			    -0.5390    -0.4979    -0.6794
			    0.3636    -0.0141    0.9315
			    0.3743    -0.2084    -0.9036
			    0.0600    0.3885    0.9195
			    0.1647    0.9047    -0.3930
			    -0.9845    0.1750    -0.0097
			    -0.0600    -0.3885    -0.9195
			    -0.1647    -0.9047    0.3930
			    0.9845    -0.1750    0.0097
		b:
			    369.0492
			    548.2794
			    -444.3838
			    -601.4663
			    462.0497
			    -192.8700
			    447.5355
			    220.3502
			    -371.2783
			    -440.5355
			    -209.3502
			    381.2783
	==================================================================================
	Q3:
		Shape: Hybrid
		q_c:    421.0000    308.0000    341.0000
		ub :    430.1889    317.0161    346.9132
		lb :    411.8111    298.9839    335.0868
		P^-1: 
			    0.0385    0.0214    0.0023
			    0.0214    0.0400    0.0040
			    0.0023    0.0040    0.0511
		A:
			    0.4258    0.6434    0.6361
			    -0.4600    0.2354    -0.8561
			    -0.7512    0.0385    0.6589
			    0.0937    0.8666    -0.4902
			    0.8237    0.3887    0.4128
			    -0.7740    0.0304    0.6324
		b:
			    596.4912
			    -409.7174
			    -76.2066
			    142.6767
			    609.8025
			    -97.2709
	==================================================================================
	Q4:
		Shape: Polyhedra
		q_c:    427.0000    306.0000    339.0000
		ub :    432.7972    311.3105    342.5274
		lb :    421.2028    300.6895    335.4726
		A:
			    -0.1068    -0.5894    0.8008
			    0.0088    0.3045    -0.9525
			    -0.0538    -0.2980    0.9530
			    -0.4955    0.7337    -0.4651
			    0.1122    0.3300    0.9373
			    -0.5429    0.8106    -0.2194
			    0.9807    0.1203    0.1540
			    -0.1088    -0.3181    0.9418
			    0.1623    -0.9404    -0.2989
			    -0.9807    -0.1203    -0.1540
			    0.1088    0.3181    -0.9418
			    -0.1623    0.9404    0.2989
		b:
			    47.4749
			    -224.3883
			    210.4211
			    -140.9174
			    469.7967
			    -53.8579
			    512.7786
			    176.9634
			    -315.2804
			    -502.7786
			    -173.9634
			    324.2804
	==================================================================================
	Q5:
		Shape: Ellipse
		q_c:    424.5000    299.5000    345.0000
		ub :    431.7836    308.6936    352.9142
		lb :    417.2164    290.3064    337.0858
		P^-1: 
			    0.0236    -0.0003    0.0002
			    -0.0003    0.0222    0.0044
			    0.0002    0.0044    0.0313
	==================================================================================
	Q6:
		Shape: Polyhedra
		q_c:    438.5000    290.5000    351.0000
		ub :    444.2597    297.1501    356.9880
		lb :    432.7403    283.8499    345.0120
		A:
			    -0.8019    0.1129    0.5867
			    -0.4238    -0.8419    0.3341
			    0.0763    -0.1125    0.9907
			    0.3344    0.3365    -0.8803
			    -0.0797    -0.2440    0.9665
			    0.1273    0.3727    0.9192
			    0.3688    0.6830    0.6305
			    0.7158    0.2241    -0.6614
			    -0.5931    0.6952    -0.4062
			    -0.3688    -0.6830    -0.6305
			    -0.7158    -0.2241    0.6614
			    0.5931    -0.6952    0.4062
		b:
			    -110.4696
			    -309.6401
			    352.2713
			    -61.9209
			    236.7492
			    490.8686
			    585.9167
			    148.8144
			    -196.1828
			    -576.9167
			    -144.8144
			    205.1828


===========================================================================================
===========================================================================================
S4:
	q_c:    65.0000    371.0000    130.5000
	ub :    82.0000    398.0000    151.0000
	lb :    48.0000    344.0000    110.0000

	==================================================================================
	Q1:
		Shape: Ellipse
		q_c:    69.0000    380.0000    121.0000
		ub :    77.9953    387.9257    129.7016
		lb :    60.0047    372.0743    112.2984
		P^-1: 
			    0.0283    0.0128    -0.0018
			    0.0128    0.0412    -0.0025
			    -0.0018    -0.0025    0.0159
	==================================================================================
	Q2:
		Shape: Polyhedra
		q_c:    58.5000    373.0000    133.5000
		ub :    66.2976    378.1156    141.0166
		lb :    50.7024    367.8844    125.9834
		A:
			    0.3887    -0.8946    -0.2203
			    0.3390    0.6178    0.7095
			    -0.4529    -0.6563    0.6034
			    0.1272    -0.9046    -0.4067
			    0.2406    0.9674    0.0786
			    -0.6393    0.7690    0.0012
			    0.3577    0.9333    0.0313
			    0.8994    -0.3353    -0.2803
			    -0.2511    0.1284    -0.9594
			    -0.3577    -0.9333    -0.0313
			    -0.8994    0.3353    0.2803
			    0.2511    -0.1284    0.9594
		b:
			    -335.7590
			    349.5209
			    -186.3876
			    -380.2409
			    388.0209
			    254.9741
			    375.7360
			    -103.8640
			    -88.8595
			    -370.7360
			    115.8640
			    100.8595
	==================================================================================
	Q3:
		Shape: Ellipse
		q_c:    68.0000    371.5000    137.5000
		ub :    76.2348    385.0739    149.4462
		lb :    59.7652    357.9261    125.5538
		P^-1: 
			    0.0913    0.0296    0.0275
			    0.0296    0.0209    0.0059
			    0.0275    0.0059    0.0250
	==================================================================================
	Q4:
		Shape: Hybrid
		q_c:    60.5000    385.5000    136.5000
		ub :    68.1304    395.4911    146.3368
		lb :    52.8696    375.5089    126.6632
		P^-1: 
			    0.0564    0.0188    0.0115
			    0.0188    0.0357    0.0240
			    0.0115    0.0240    0.0434
		A:
			    0.1746    -0.6546    -0.7356
			    -0.3862    -0.6624    -0.6419
			    0.4058    -0.8582    -0.3144
			    -0.9689    -0.1880    -0.1607
			    -0.9754    -0.2189    0.0259
			    -0.9180    -0.0510    0.3932
		b:
			    -339.3791
			    -364.3902
			    -344.6631
			    -150.6304
			    -137.3394
			    -18.4632
	==================================================================================
	Q5:
		Shape: Hybrid
		q_c:    52.5000    378.5000    133.0000
		ub :    64.6703    391.9213    144.1198
		lb :    40.3297    365.0787    121.8802
		P^-1: 
			    0.0136    -0.0029    -0.0016
			    -0.0029    0.0169    -0.0034
			    -0.0016    -0.0034    0.0219
		A:
			    0.5750    -0.3830    -0.7230
			    -0.5896    0.0248    0.8073
			    -0.5406    0.8189    0.1928
			    -0.1139    0.4896    0.8645
			    0.4976    0.6095    -0.6171
			    -0.3271    -0.6536    -0.6825
		b:
			    -206.8951
			    89.6685
			    311.4513
			    298.6850
			    179.0563
			    -349.7963
	==================================================================================
	Q6:
		Shape: Ellipse
		q_c:    82.0000    358.0000    119.0000
		ub :    93.4134    366.5140    130.4576
		lb :    70.5866    349.4860    107.5424
		P^-1: 
			    0.0251    -0.0035    0.0096
			    -0.0035    0.0342    -0.0053
			    0.0096    -0.0053    0.0223


===========================================================================================
===========================================================================================
S5:
	q_c:    62.5000    102.5000    336.5000
	ub :    69.0000    118.0000    348.0000
	lb :    56.0000    87.0000    325.0000

	==================================================================================
	Q1:
		Shape: Polyhedra
		q_c:    69.0000    101.5000    339.5000
		ub :    72.3811    104.6197    343.0524
		lb :    65.6189    98.3803    335.9476
		A:
			    -0.7082    0.0523    -0.7041
			    -0.2746    0.5145    0.8123
			    -0.5222    -0.8449    -0.1160
			    -0.2131    -0.7197    0.6608
			    -0.9380    0.0494    -0.3431
			    -0.8427    -0.5325    -0.0794
			    0.0966    0.5939    0.7987
			    -0.0819    0.8045    -0.5883
			    -0.9919    -0.0086    0.1263
			    -0.0966    -0.5939    -0.7987
			    0.0819    -0.8045    0.5883
			    0.9919    0.0086    -0.1263
		b:
			    -280.0013
			    311.6418
			    -158.6575
			    138.6963
			    -173.3275
			    -136.3491
			    340.6031
			    -121.7386
			    -23.4298
			    -335.6031
			    125.7386
			    29.4298
	==================================================================================
	Q2:
		Shape: Polyhedra
		q_c:    66.5000    98.5000    338.0000
		ub :    70.7687    102.1949    342.3480
		lb :    62.2313    94.8051    333.6520
		A:
			    0.5215    -0.8046    0.2840
			    -0.5915    0.1729    0.7875
			    0.7192    -0.6032    -0.3449
			    -0.8594    0.1806    0.4783
			    -0.2110    -0.9250    -0.3159
			    0.9808    -0.0412    0.1909
			    0.6163    0.1872    0.7649
			    -0.6448    0.6776    0.3537
			    -0.4521    -0.7112    0.5383
			    -0.6163    -0.1872    -0.7649
			    0.6448    -0.6776    -0.3537
			    0.4521    0.7112    -0.5383
		b:
			    53.7089
			    246.1442
			    -126.1549
			    124.4778
			    -209.4165
			    128.3114
			    320.9717
			    145.4090
			    84.3313
			    -314.9717
			    -141.4090
			    -79.3313
	==================================================================================
	Q3:
		Shape: Hybrid
		q_c:    61.5000    106.0000    334.5000
		ub :    65.2484    109.2991    338.6984
		lb :    57.7516    102.7009    330.3016
		P^-1: 
			    0.3140    0.0096    -0.1807
			    0.0096    0.1115    -0.0105
			    -0.1807    -0.0105    0.1925
		A:
			    -0.5752    0.7488    0.3293
			    0.6604    -0.1381    -0.7381
			    0.3987    0.2926    -0.8691
			    0.9249    0.3590    -0.1248
			    0.9263    -0.2991    -0.2291
			    0.6418    0.6457    -0.4138
		b:
			    155.9257
			    -219.9127
			    -233.5495
			    54.8386
			    -49.9701
			    -29.0655
	==================================================================================
	Q4:
		Shape: Ellipse
		q_c:    64.0000    99.0000    337.5000
		ub :    69.7083    104.4673    342.4424
		lb :    58.2917    93.5327    332.5576
		P^-1: 
			    0.0942    0.0066    -0.0130
			    0.0066    0.0851    -0.0068
			    -0.0130    -0.0068    0.0951
	==================================================================================
	Q5:
		Shape: Ellipse
		q_c:    68.0000    107.0000    330.5000
		ub :    71.6861    110.8654    333.9885
		lb :    64.3139    103.1346    327.0115
		P^-1: 
			    0.1623    -0.0068    0.0126
			    -0.0068    0.1798    -0.0366
			    0.0126    -0.0366    0.2279
	==================================================================================
	Q6:
		Shape: Ellipse
		q_c:    58.5000    96.0000    329.5000
		ub :    62.5917    100.7069    333.1482
		lb :    54.4083    91.2931    325.8518
		P^-1: 
			    0.1128    -0.0294    0.0306
			    -0.0294    0.1427    -0.1511
			    0.0306    -0.1511    0.3625


===========================================================================================
===========================================================================================
S6:
	q_c:    451.5000    98.0000    54.5000
	ub :    474.0000    119.0000    83.0000
	lb :    429.0000    77.0000    26.0000

	==================================================================================
	Q1:
		Shape: Polyhedra
		q_c:    468.5000    78.5000    61.5000
		ub :    479.3202    90.8891    74.4508
		lb :    457.6798    66.1109    48.5492
		A:
			    0.4065    -0.9085    -0.0971
			    0.9737    -0.2276    0.0106
			    0.7251    0.1539    0.6713
			    -0.7225    0.6425    0.2554
			    0.6054    0.7591    -0.2393
			    -0.1335    -0.9724    0.1912
			    0.0124    0.7730    0.6343
			    -0.6107    0.5081    -0.6073
			    -0.7917    -0.3799    0.4784
			    -0.0124    -0.7730    -0.6343
			    0.6107    -0.5081    0.6073
			    0.7917    0.3799    -0.4784
		b:
			    120.8205
			    446.7605
			    400.9838
			    -264.7498
			    335.5666
			    -119.6718
			    112.4976
			    -275.0925
			    -364.3251
			    -98.4976
			    292.0925
			    378.3251
	==================================================================================
	Q2:
		Shape: Hybrid
		q_c:    436.0000    112.5000    58.0000
		ub :    452.6741    131.1366    74.8037
		lb :    419.3259    93.8634    41.1963
		P^-1: 
			    0.0099    -0.0038    -0.0036
			    -0.0038    0.0105    0.0039
			    -0.0036    0.0039    0.0102
		A:
			    0.1569    -0.8433    -0.5141
			    -0.4725    -0.7919    -0.3868
			    0.0305    0.5708    -0.8205
			    -0.3856    -0.5482    0.7422
			    -0.4079    -0.1331    0.9033
			    0.7118    -0.0575    -0.7000
		b:
			    -51.2200
			    -309.5660
			    38.5886
			    -178.3786
			    -133.6193
			    268.8533
	==================================================================================
	Q3:
		Shape: Hybrid
		q_c:    436.5000    98.0000    57.5000
		ub :    450.9080    105.5488    63.4209
		lb :    422.0920    90.4512    51.5791
		P^-1: 
			    0.0053    0.0029    0.0021
			    0.0029    0.0537    0.0386
			    0.0021    0.0386    0.0851
		A:
			    0.2635    -0.8122    -0.5205
			    -0.2989    -0.9470    0.1176
			    -0.0940    -0.7666    -0.6353
			    0.1461    -0.4885    -0.8602
			    -0.2059    -0.8247    -0.5267
			    -0.0231    -0.1749    -0.9843
		b:
			    9.5630
			    -211.6984
			    -150.7598
			    -31.2172
			    -198.2771
			    -81.6696
	==================================================================================
	Q4:
		Shape: Ellipse
		q_c:    461.5000    91.5000    68.5000
		ub :    476.5504    107.4623    82.3573
		lb :    446.4496    75.5377    54.6427
		P^-1: 
			    0.0128    -0.0063    0.0022
			    -0.0063    0.0181    -0.0150
			    0.0022    -0.0150    0.0281
	==================================================================================
	Q5:
		Shape: Ellipse
		q_c:    439.5000    112.5000    34.5000
		ub :    448.1336    120.4730    43.5564
		lb :    430.8664    104.5270    25.4436
		P^-1: 
			    0.0311    -0.0084    0.0001
			    -0.0084    0.0447    0.0048
			    0.0001    0.0048    0.0217
	==================================================================================
	Q6:
		Shape: Hybrid
		q_c:    470.5000    116.5000    47.5000
		ub :    485.0011    131.7033    63.4025
		lb :    455.9989    101.2967    31.5975
		P^-1: 
			    0.0134    0.0020    0.0003
			    0.0020    0.0121    0.0024
			    0.0003    0.0024    0.0115
		A:
			    -0.1616    0.9294    0.3318
			    0.3272    0.9441    0.0398
			    0.6350    -0.6455    -0.4245
			    0.3675    0.2669    0.8909
			    0.4159    0.8699    0.2651
			    0.4173    -0.7274    -0.5447
		b:
			    52.9871
			    270.6595
			    208.5609
			    251.1663
			    313.9182
			    90.6787


===========================================================================================
===========================================================================================
S7:
	q_c:    340.5000    378.5000    290.0000
	ub :    357.0000    388.0000    294.0000
	lb :    324.0000    369.0000    286.0000

	==================================================================================
	Q1:
		Shape: Hybrid
		q_c:    342.5000    382.0000    292.0000
		ub :    344.4965    383.8401    293.9356
		lb :    340.5035    380.1599    290.0644
		P^-1: 
			    0.8369    0.1768    -0.1809
			    0.1768    0.8082    0.1962
			    -0.1809    0.1962    0.7993
		A:
			    0.5177    0.8158    0.2578
			    0.3095    -0.8760    -0.3700
			    0.1967    -0.9417    -0.2729
			    0.3526    -0.8356    -0.4212
			    0.9787    0.0068    -0.2053
			    0.0027    0.6215    0.7834
		b:
			    564.7282
			    -336.0488
			    -371.4020
			    -320.8158
			    278.4285
			    467.6084
	==================================================================================
	Q2:
		Shape: Ellipse
		q_c:    340.0000    378.5000    288.5000
		ub :    343.5056    382.5052    292.1531
		lb :    336.4944    374.4948    284.8469
		P^-1: 
			    0.1995    -0.0359    -0.0266
			    -0.0359    0.1926    0.0242
			    -0.0266    0.0242    0.1779
	==================================================================================
	Q3:
		Shape: Polyhedra
		q_c:    340.5000    381.0000    294.5000
		ub :    343.7916    384.2148    297.7910
		lb :    337.2084    377.7852    291.2090
		A:
			    0.0374    0.9921    0.1194
			    -0.2716    -0.9282    -0.2545
			    -0.1059    0.4818    -0.8699
			    0.8175    -0.5116    0.2644
			    -0.8697    -0.4445    -0.2146
			    -0.1979    0.5591    -0.8051
			    0.6086    0.4936    0.6212
			    0.0649    0.7493    -0.6590
			    -0.7908    0.4414    0.4240
			    -0.6086    -0.4936    -0.6212
			    -0.0649    -0.7493    0.6590
			    0.7908    -0.4414    -0.4240
		b:
			    427.8123
			    -519.1311
			    -107.0772
			    163.4830
			    -526.6136
			    -89.8817
			    580.2568
			    115.0114
			    26.2855
			    -576.2568
			    -112.0114
			    -21.2855
	==================================================================================
	Q4:
		Shape: Polyhedra
		q_c:    337.0000    378.0000    290.5000
		ub :    340.2258    381.3253    293.9429
		lb :    333.7742    374.6747    287.0571
		A:
			    -0.6249    -0.3787    -0.6827
			    0.0826    -0.0732    -0.9939
			    0.2271    0.9192    -0.3216
			    -0.3207    0.7813    -0.5355
			    0.6465    -0.2222    0.7298
			    0.7340    -0.2898    -0.6142
			    0.7243    0.0732    0.6856
			    -0.6616    0.3537    0.6611
			    -0.1941    -0.9325    0.3046
			    -0.7243    -0.0732    -0.6856
			    0.6616    -0.3537    -0.6611
			    0.1941    0.9325    -0.3046
		b:
			    -550.4396
			    -286.3790
			    333.0773
			    33.9214
			    347.5305
			    -38.1180
			    472.4175
			    105.3062
			    -326.9098
			    -469.4175
			    -100.3062
			    331.9098
	==================================================================================
	Q5:
		Shape: Hybrid
		q_c:    342.5000    380.0000    291.5000
		ub :    345.0201    382.4266    294.3795
		lb :    339.9799    377.5734    288.6205
		P^-1: 
			    0.7396    0.0151    0.3668
			    0.0151    0.4195    0.1270
			    0.3668    0.1270    0.4454
		A:
			    0.4931    0.8485    -0.1920
			    0.4556    0.7810    -0.4272
			    0.6857    -0.4859    0.5420
			    0.5997    -0.7316    -0.3242
			    -0.7812    -0.2727    -0.5616
			    0.9149    0.1717    0.3654
		b:
			    436.8563
			    330.0045
			    209.0289
			    -166.0148
			    -534.3761
			    485.7109
	==================================================================================
	Q6:
		Shape: Hybrid
		q_c:    339.0000    382.5000    293.5000
		ub :    341.9006    385.0982    296.1605
		lb :    336.0994    379.9018    290.8395
		P^-1: 
			    0.5254    -0.3674    -0.1293
			    -0.3674    0.7098    -0.0417
			    -0.1293    -0.0417    0.3692
		A:
			    -0.4105    0.7152    0.5656
			    -0.4963    0.8170    0.2934
			    0.6413    -0.4458    -0.6245
			    0.1414    -0.5917    0.7937
			    -0.5523    0.4912    -0.6735
			    -0.3782    0.8671    -0.3243
		b:
			    301.2855
			    231.0081
			    -135.6851
			    55.4933
			    -195.8887
			    108.9042


===========================================================================================
===========================================================================================
S8:
	q_c:    150.5000    368.5000    364.5000
	ub :    163.0000    389.0000    381.0000
	lb :    138.0000    348.0000    348.0000

	==================================================================================
	Q1:
		Shape: Ellipse
		q_c:    142.0000    369.0000    366.5000
		ub :    149.9292    373.8575    374.4013
		lb :    134.0708    364.1425    358.5987
		P^-1: 
			    0.0377    -0.0083    -0.0019
			    -0.0083    0.0785    -0.0085
			    -0.0019    -0.0085    0.0385
	==================================================================================
	Q2:
		Shape: Ellipse
		q_c:    157.5000    365.0000    368.0000
		ub :    164.7593    371.8828    374.8953
		lb :    150.2407    358.1172    361.1047
		P^-1: 
			    0.0616    -0.0017    0.0171
			    -0.0017    0.0664    -0.0150
			    0.0171    -0.0150    0.0492
	==================================================================================
	Q3:
		Shape: Ellipse
		q_c:    157.5000    382.5000    361.0000
		ub :    163.0498    387.5878    365.0340
		lb :    151.9502    377.4122    356.9660
		P^-1: 
			    0.0880    0.0247    -0.0230
			    0.0247    0.0939    0.0004
			    -0.0230    0.0004    0.1517
	==================================================================================
	Q4:
		Shape: Polyhedra
		q_c:    159.5000    375.0000    372.5000
		ub :    166.5411    382.0484    376.1073
		lb :    152.4589    367.9516    368.8927
		A:
			    0.2486    0.6276    0.7378
			    -0.8703    -0.4373    0.2265
			    -0.8532    0.4536    -0.2574
			    0.1349    0.3506    -0.9268
			    -0.7632    -0.2996    -0.5726
			    -0.0621    0.1864    -0.9805
			    0.6560    0.6409    0.3986
			    -0.7085    0.7049    0.0327
			    -0.2601    -0.3039    0.9165
			    -0.6560    -0.6409    -0.3986
			    0.7085    -0.7049    -0.0327
			    0.2601    0.3039    -0.9165
		b:
			    553.7054
			    -214.7571
			    -56.6298
			    -190.1204
			    -443.2671
			    -302.8737
			    497.4558
			    169.0093
			    187.9774
			    -489.4558
			    -158.0093
			    -183.9774
	==================================================================================
	Q5:
		Shape: Hybrid
		q_c:    146.5000    379.5000    354.0000
		ub :    155.6037    390.7047    365.1109
		lb :    137.3963    368.2953    342.8891
		P^-1: 
			    0.0204    0.0001    -0.0001
			    0.0001    0.0197    0.0012
			    -0.0001    0.0012    0.0185
		A:
			    0.5204    -0.7979    -0.3043
			    0.8460    -0.1539    0.5104
			    0.4751    -0.3843    -0.7916
			    -0.9849    -0.1443    -0.0960
			    0.1323    -0.5826    -0.8019
			    0.4884    -0.7560    0.4358
		b:
			    -330.7822
			    249.8772
			    -352.8466
			    -229.5318
			    -482.0215
			    -57.2851
	==================================================================================
	Q6:
		Shape: Ellipse
		q_c:    137.0000    369.0000    367.0000
		ub :    144.2796    375.8235    375.0020
		lb :    129.7204    362.1765    358.9980
		P^-1: 
			    0.0370    -0.0024    -0.0066
			    -0.0024    0.0489    -0.0013
			    -0.0066    -0.0013    0.0459


===========================================================================================
===========================================================================================
S9:
	q_c:    415.5000    133.0000    500.0000
	ub :    444.0000    159.0000    520.0000
	lb :    387.0000    107.0000    480.0000

	==================================================================================
	Q1:
		Shape: Polyhedra
		q_c:    399.0000    127.0000    494.5000
		ub :    409.1456    136.0007    502.5238
		lb :    388.8544    117.9993    486.4762
		A:
			    -0.7328    -0.6789    0.0453
			    0.0392    0.9780    -0.2049
			    0.6686    0.7221    -0.1776
			    0.7760    0.6269    -0.0694
			    -0.3058    -0.5572    -0.7720
			    -0.5153    -0.7083    -0.4825
			    0.6032    0.7260    0.3301
			    -0.4809    0.0009    0.8768
			    0.6363    -0.6876    0.3497
			    -0.6032    -0.7260    -0.3301
			    0.4809    -0.0009    -0.8768
			    -0.6363    0.6876    -0.3497
		b:
			    -354.0926
			    46.8702
			    273.4408
			    357.1709
			    -571.8977
			    -532.5197
			    497.6293
			    245.8164
			    350.9714
			    -494.6293
			    -237.8164
			    -327.9714
	==================================================================================
	Q2:
		Shape: Hybrid
		q_c:    400.0000    135.0000    506.0000
		ub :    411.2608    142.0378    517.2175
		lb :    388.7392    127.9622    494.7825
		P^-1: 
			    0.0193    0.0024    0.0026
			    0.0024    0.0323    0.0017
			    0.0026    0.0017    0.0175
		A:
			    0.8100    0.5339    0.2425
			    0.8745    0.4838    0.0350
			    0.1523    0.9694    0.1923
			    0.1202    -0.3505    0.9288
			    0.8907    0.4001    -0.2158
			    -0.5979    0.7903    0.1336
		b:
			    522.4169
			    436.7735
			    291.9024
			    475.4543
			    305.4516
			    -61.0002
	==================================================================================
	Q3:
		Shape: Ellipse
		q_c:    419.0000    152.0000    492.0000
		ub :    426.3478    160.0697    499.9308
		lb :    411.6522    143.9303    484.0692
		P^-1: 
			    0.0582    0.0168    -0.0035
			    0.0168    0.0442    0.0244
			    -0.0035    0.0244    0.0621
	==================================================================================
	Q4:
		Shape: Polyhedra
		q_c:    415.0000    120.5000    485.0000
		ub :    421.2645    128.0230    489.8949
		lb :    408.7355    112.9770    480.1051
		A:
			    -0.3412    0.2180    0.9143
			    0.9187    0.3371    -0.2059
			    -0.7236    0.6470    -0.2402
			    0.3842    0.4042    -0.8301
			    0.8967    -0.1985    0.3957
			    -0.5437    0.7762    -0.3194
			    0.5438    0.8183    0.1861
			    0.8042    -0.4449    -0.3941
			    -0.2397    0.3640    -0.9000
			    -0.5438    -0.8183    -0.1861
			    -0.8042    0.4449    0.3941
			    0.2397    -0.3640    0.9000
		b:
			    331.0257
			    327.0902
			    -336.0652
			    -190.7810
			    543.7338
			    -283.7560
			    421.0553
			    91.5315
			    -489.1255
			    -408.0553
			    -86.5315
			    495.1255
	==================================================================================
	Q5:
		Shape: Ellipse
		q_c:    393.5000    120.0000    499.0000
		ub :    401.3298    127.4033    507.7568
		lb :    385.6702    112.5967    490.2432
		P^-1: 
			    0.0357    0.0044    0.0042
			    0.0044    0.0542    -0.0135
			    0.0042    -0.0135    0.0404
	==================================================================================
	Q6:
		Shape: Ellipse
		q_c:    413.5000    131.0000    503.5000
		ub :    424.5479    142.0721    513.7567
		lb :    402.4521    119.9279    493.2433
		P^-1: 
			    0.0265    -0.0124    0.0028
			    -0.0124    0.0284    0.0006
			    0.0028    0.0006    0.0194


===========================================================================================
===========================================================================================
S10:
	q_c:    19.0000    174.5000    327.5000
	ub :    38.0000    184.0000    356.0000
	lb :    0.0000    165.0000    299.0000

	==================================================================================
	Q1:
		Shape: Hybrid
		q_c:    31.0000    167.5000    330.0000
		ub :    36.4375    172.3981    332.8343
		lb :    25.5625    162.6019    327.1657
		P^-1: 
			    0.1153    -0.0998    0.0077
			    -0.0998    0.1724    -0.0121
			    0.0077    -0.0121    0.1623
		A:
			    0.0415    -0.7464    -0.6643
			    0.7229    -0.5756    0.3823
			    0.5424    0.6107    -0.5770
			    -0.7610    0.6379    -0.1180
			    -0.1564    0.6156    -0.7724
			    -0.5276    0.4837    -0.6984
		b:
			    -340.9275
			    53.4508
			    -68.0666
			    45.5666
			    -155.1192
			    -164.5453
	==================================================================================
	Q2:
		Shape: Ellipse
		q_c:    20.0000    169.5000    334.0000
		ub :    25.0050    176.3700    339.6232
		lb :    14.9950    162.6300    328.3768
		P^-1: 
			    0.5454    -0.0901    -0.4633
			    -0.0901    0.0643    0.1043
			    -0.4633    0.1043    0.4859
	==================================================================================
	Q3:
		Shape: Ellipse
		q_c:    27.0000    164.0000    321.5000
		ub :    33.3714    170.9007    326.8157
		lb :    20.6286    157.0993    316.1843
		P^-1: 
			    0.0711    0.0371    -0.0115
			    0.0371    0.0703    -0.0058
			    -0.0115    -0.0058    0.0653
	==================================================================================
	Q4:
		Shape: Hybrid
		q_c:    25.0000    173.0000    330.5000
		ub :    32.2266    180.3551    338.0283
		lb :    17.7734    165.6449    322.9717
		P^-1: 
			    0.0401    -0.0018    0.0017
			    -0.0018    0.0617    -0.0207
			    0.0017    -0.0207    0.0598
		A:
			    0.8062    -0.5853    -0.0863
			    -0.9797    0.1327    -0.1502
			    -0.5024    -0.3717    0.7807
			    0.1179    0.3123    -0.9426
			    0.9346    -0.0927    0.3434
			    0.7515    0.0192    -0.6595
		b:
			    -106.5798
			    -48.0128
			    183.5573
			    -252.4001
			    123.9079
			    -192.8466
	==================================================================================
	Q5:
		Shape: Ellipse
		q_c:    9.5000    181.0000    333.5000
		ub :    15.3053    186.5528    338.3494
		lb :    3.6947    175.4472    328.6506
		P^-1: 
			    0.1180    -0.0625    0.0537
			    -0.0625    0.1111    -0.0659
			    0.0537    -0.0659    0.1519
	==================================================================================
	Q6:
		Shape: Ellipse
		q_c:    12.0000    177.5000    329.0000
		ub :    17.2540    183.5589    334.5054
		lb :    6.7460    171.4411    323.4946
		P^-1: 
			    0.0929    -0.0209    -0.0102
			    -0.0209    0.0836    -0.0022
			    -0.0102    -0.0022    0.0787


===========================================================================================
===========================================================================================
