3D_40_7_6_f                l = 3

===========================================================================================
===========================================================================================
S1:
	q_c:	522.0	399.0	247.0
	ub :	544.9872	420.2212	267.0664
	lb :	501.3317	380.4108	232.0931

	==================================================================================
	Q1:
		Shape: Polyhedra
		q_c:	533.5	392.0	251.0
		ub :	542.9893	397.9828	259.8465
		lb :	524.0107	386.0172	242.1535
		A:
			0.4806	0.7173	0.5045
			-0.2658	0.1789	-0.9473
			0.1553	-0.9041	0.3981
			-0.3214	-0.4139	-0.8517
			-0.5392	-0.7503	-0.3826
			0.5314	0.4172	0.7373
			0.5064	0.6326	0.586
			0.8174	-0.1357	-0.5598
			-0.2746	0.7625	-0.5858
			-0.5064	-0.6326	-0.586
			-0.8174	0.1357	0.5598
			0.2746	-0.7625	0.5858
		b:
			665.8034
			-304.714
			-166.7693
			-544.3788
			-675.6925
			634.0677
			666.7148
			251.379
			10.3782
			-663.7148
			-233.379
			-0.3782
	==================================================================================
	Q2:
		Shape: Hybrid
		q_c:	533.5	405.5	255.5
		ub :	544.9872	413.9342	267.0664
		lb :	522.0128	397.0658	243.9336
		P^-1:
			0.0261	-0.0113	-0.0088
			-0.0113	0.0402	0.0055
			-0.0088	0.0055	0.0206
		A:
			-0.395	0.3742	0.839
			-0.2418	0.957	-0.1601
			0.5354	-0.2094	-0.8182
			-0.9431	-0.2487	-0.2206
			0.8421	-0.3101	-0.4413
			0.4762	-0.838	0.2664
		b:
			159.065
			221.1458
			-4.7397
			-654.8024
			213.8754
			-14.2736
	==================================================================================
	Q3:
		Shape: Polyhedra
		q_c:	511.5	409.5	249.5
		ub :	521.6683	420.2212	257.9323
		lb :	501.3317	398.7788	241.0677
		A:
			-0.2236	0.4365	-0.8714
			-0.1661	-0.944	0.2852
			0.7642	-0.3826	-0.5193
			-0.6033	-0.7726	0.1979
			-0.717	-0.5331	-0.4491
			-0.6138	0.2675	-0.7427
			0.2852	0.6939	0.6612
			-0.9253	0.3792	0.0011
			-0.25	-0.6121	0.7502
			-0.2852	-0.6939	-0.6612
			0.9253	-0.3792	-0.0011
			0.25	0.6121	-0.7502
		b:
			-147.1297
			-394.4632
			111.7754
			-569.5729
			-690.4113
			-383.073
			601.4994
			-310.216
			-185.8244
			-588.4994
			325.216
			196.8244
	==================================================================================
	Q4:
		Shape: Ellipse
		q_c:	527.0	392.5	245.0
		ub :	535.5452	399.0245	250.1159
		lb :	518.4548	385.9755	239.8841
		P^-1:
			0.0803	-0.02	-0.1516
			-0.02	0.0433	0.036
			-0.1516	0.036	0.3764
	==================================================================================
	Q5:
		Shape: Hybrid
		q_c:	512.0	404.5	251.0
		ub :	516.1884	409.2767	255.3229
		lb :	507.8116	399.7233	246.6771
		P^-1:
			0.1493	-0.0199	0.0036
			-0.0199	0.1215	-0.0019
			0.0036	-0.0019	0.1114
		A:
			-0.1039	-0.5356	0.8381
			0.7822	0.6208	0.0514
			-0.4554	-0.1386	-0.8794
			-0.4221	0.7612	-0.4923
			0.3797	0.0452	0.924
			-0.5519	0.1957	0.8106
		b:
			-57.7275
			666.2104
			-508.3125
			-30.2871
			446.2656
			1.661
	==================================================================================
	Q6:
		Shape: Hybrid
		q_c:	526.5	392.0	244.0
		ub :	534.5513	403.5892	255.9069
		lb :	518.4487	380.4108	232.0931
		P^-1:
			0.0235	0.0006	0.0011
			0.0006	0.0157	0.0001
			0.0011	0.0001	0.0158
		A:
			-0.3009	-0.9026	-0.3077
			-0.5176	0.2435	0.8203
			0.8587	-0.3661	-0.3586
			0.1859	0.9709	-0.1508
			-0.1604	-0.4193	-0.8936
			0.7521	-0.59	0.2937
		b:
			-582.8129
			27.6357
			224.9522
			446.3733
			-462.229
			240.3291


===========================================================================================
===========================================================================================
S2:
	q_c:	423.0	314.0	135.0
	ub :	436.2129	327.0913	150.3836
	lb :	414.0079	301.0054	121.1147

	==================================================================================
	Q1:
		Shape: Hybrid
		q_c:	422.0	317.5	144.5
		ub :	427.4284	323.0422	150.3836
		lb :	416.5716	311.9578	138.6164
		P^-1:
			0.0897	0.0131	0.0094
			0.0131	0.0602	0.0194
			0.0094	0.0194	0.0922
		A:
			-0.7302	-0.6819	0.0419
			0.9952	0.0014	-0.0982
			-0.917	0.1471	-0.3708
			-0.7617	0.6451	0.0603
			0.9908	0.0643	-0.119
			-0.7682	-0.6031	0.2147
		b:
			-516.5622
			408.1291
			-391.8418
			-105.3425
			423.2284
			-482.5296
	==================================================================================
	Q2:
		Shape: Hybrid
		q_c:	420.5	316.0	137.5
		ub :	425.1966	321.7056	142.5326
		lb :	415.8034	310.2944	132.4674
		P^-1:
			0.1299	0.0383	0.0231
			0.0383	0.0862	0.0073
			0.0231	0.0073	0.088
		A:
			0.8435	0.5349	-0.0488
			0.0002	-0.1316	0.9913
			-0.3521	-0.361	-0.8635
			-0.0029	0.6097	0.7926
			-0.7338	-0.572	-0.3667
			-0.7823	-0.6202	-0.059
		b:
			518.4216
			97.0314
			-379.0487
			302.7085
			-538.4072
			-531.6623
	==================================================================================
	Q3:
		Shape: Hybrid
		q_c:	431.5	321.0	137.5
		ub :	436.2129	327.0913	144.4104
		lb :	426.7871	314.9087	130.5896
		P^-1:
			0.1537	0.0158	-0.0234
			0.0158	0.1206	0.0584
			-0.0234	0.0584	0.0735
		A:
			0.5485	0.5523	0.6278
			0.6272	-0.4834	-0.6107
			0.6228	0.726	-0.2915
			-0.6794	-0.4373	-0.5893
			0.9006	0.3982	0.1742
			0.8177	0.3815	-0.4311
		b:
			502.1029
			32.7774
			464.1426
			-512.5245
			541.7237
			418.0129
	==================================================================================
	Q4:
		Shape: Polyhedra
		q_c:	426.0	310.0	141.5
		ub :	433.4981	317.0468	149.3987
		lb :	418.5019	302.9532	133.6013
		A:
			0.8149	-0.1902	0.5475
			-0.4803	-0.8438	-0.2393
			-0.9538	0.1412	-0.2652
			0.7518	-0.6179	0.23
			0.2874	-0.1118	-0.9513
			0.9727	-0.1037	0.2078
			0.4594	0.6304	0.6257
			0.6748	-0.7058	0.2157
			0.5776	0.3231	-0.7496
			-0.4594	-0.6304	-0.6257
			-0.6748	0.7058	-0.2157
			-0.5776	-0.3231	0.7496
		b:
			369.4747
			-495.0515
			-396.1739
			164.3049
			-41.5009
			415.6407
			484.6656
			102.1915
			245.667
			-474.6656
			-96.1915
			-234.667
	==================================================================================
	Q5:
		Shape: Ellipse
		q_c:	426.0	307.5	131.0
		ub :	431.5905	313.9946	137.5156
		lb :	420.4095	301.0054	124.4844
		P^-1:
			0.1265	-0.0097	-0.0491
			-0.0097	0.0484	-0.0066
			-0.0491	-0.0066	0.0875
	==================================================================================
	Q6:
		Shape: Polyhedra
		q_c:	421.0	319.0	128.0
		ub :	427.9921	322.452	134.8853
		lb :	414.0079	315.548	121.1147
		A:
			-0.2587	-0.9126	0.3167
			-0.0671	0.1252	-0.9899
			-0.1902	-0.8428	0.5034
			0.0765	0.9876	-0.1369
			0.5197	0.8498	-0.088
			0.2942	0.8592	0.4186
			0.2006	0.9668	0.1584
			0.4458	0.0538	-0.8935
			-0.8723	0.2498	-0.4202
			-0.2006	-0.9668	-0.1584
			-0.4458	-0.0538	0.8935
			0.8723	-0.2498	0.4202
		b:
			-356.5703
			-110.0404
			-280.996
			332.2055
			481.3673
			453.9215
			415.1342
			95.5039
			-336.3431
			-411.1342
			-85.5039
			346.3431


===========================================================================================
===========================================================================================
S3:
	q_c:	103.5	324.0	47.5
	ub :	112.3885	338.636	64.7496
	lb :	89.0834	308.2928	33.8523

	==================================================================================
	Q1:
		Shape: Polyhedra
		q_c:	99.5	321.5	38.0
		ub :	103.924	325.8689	42.1477
		lb :	95.076	317.1311	33.8523
		A:
			0.5241	0.7464	0.4101
			0.6261	0.7723	0.1073
			0.6857	0.6955	0.2147
			0.8505	0.4544	0.2649
			-0.7949	-0.4662	-0.3884
			0.4485	0.6397	0.6242
			0.747	0.6162	0.2493
			-0.6079	0.785	-0.1188
			-0.2689	-0.0628	0.9611
			-0.747	-0.6162	-0.2493
			0.6079	-0.785	0.1188
			0.2689	0.0628	-0.9611
		b:
			309.2593
			316.0926
			301.086
			242.0815
			-242.4234
			275.9097
			282.929
			191.8863
			-6.9361
			-280.929
			-182.8863
			13.9361
	==================================================================================
	Q2:
		Shape: Polyhedra
		q_c:	99.5	332.0	50.5
		ub :	106.1879	338.636	56.0146
		lb :	92.8121	325.364	44.9854
		A:
			-0.6327	-0.064	0.7717
			-0.0163	-0.0736	-0.9972
			0.7742	0.4867	-0.4047
			0.1312	-0.3367	0.9324
			-0.0518	-0.758	0.6502
			0.1068	-0.0368	-0.9936
			0.8794	0.4409	0.1797
			0.2889	-0.7941	0.5348
			0.3785	-0.4183	-0.8257
			-0.8794	-0.4409	-0.1797
			-0.2889	0.7941	-0.5348
			-0.3785	0.4183	0.8257
		b:
			-41.6675
			-73.0282
			222.7369
			-47.9139
			-219.9334
			-48.5067
			247.9592
			-203.8895
			-139.924
			-237.9592
			211.8895
			145.924
	==================================================================================
	Q3:
		Shape: Ellipse
		q_c:	107.0	327.5	52.5
		ub :	112.3885	332.2747	58.3105
		lb :	101.6115	322.7253	46.6895
		P^-1:
			0.1116	-0.0352	0.0228
			-0.0352	0.1218	-0.019
			0.0228	-0.019	0.0482
	==================================================================================
	Q4:
		Shape: Polyhedra
		q_c:	96.0	314.0	58.0
		ub :	102.9166	319.7072	64.7496
		lb :	89.0834	308.2928	51.2504
		A:
			-0.3997	0.7682	0.5001
			0.3766	0.842	-0.3862
			-0.9526	-0.0855	0.2919
			-0.8822	-0.292	0.3694
			0.0642	-0.5182	0.8529
			-0.0725	0.3813	-0.9216
			0.7061	0.076	0.704
			-0.5109	-0.6338	0.5808
			0.4903	-0.7698	-0.4087
			-0.7061	-0.076	-0.704
			0.5109	0.6338	-0.5808
			-0.4903	0.7698	0.4087
		b:
			236.3522
			281.3246
			-97.5586
			-151.4657
			-103.4449
			63.0629
			136.976
			-211.3677
			-213.8405
			-127.976
			217.3677
			222.8405
	==================================================================================
	Q5:
		Shape: Hybrid
		q_c:	95.0	326.5	55.0
		ub :	99.8067	330.8519	60.5082
		lb :	90.1933	322.1481	49.4918
		P^-1:
			0.0801	-0.0006	-0.0069
			-0.0006	0.0814	-0.0028
			-0.0069	-0.0028	0.0512
		A:
			0.5255	-0.8448	-0.1007
			-0.3912	-0.7614	0.517
			-0.181	0.6459	-0.7417
			0.5426	-0.4251	0.7244
			-0.4012	0.9069	0.1291
			0.0471	0.7175	0.695
		b:
			-229.6995
			-255.4302
			155.1678
			-45.0118
			266.8457
			279.2886
	==================================================================================
	Q6:
		Shape: Polyhedra
		q_c:	102.5	321.5	46.0
		ub :	106.2898	326.3232	50.8014
		lb :	98.7102	316.6768	41.1986
		A:
			0.5014	-0.0985	-0.8596
			-0.2296	-0.7625	-0.6048
			-0.8088	-0.0385	0.5868
			0.3335	0.415	0.8465
			-0.2543	0.2231	-0.941
			-0.8641	-0.1547	-0.4789
			0.1024	0.6267	0.7725
			-0.0003	0.7766	-0.63
			-0.9947	0.0643	0.0797
			-0.1024	-0.6267	-0.7725
			0.0003	-0.7766	0.63
			0.9947	-0.0643	-0.0797
		b:
			-16.5259
			-293.4802
			-64.8362
			209.5948
			5.6998
			-156.9957
			250.5252
			224.1582
			-74.1255
			-244.5252
			-217.1582
			81.1255


===========================================================================================
===========================================================================================
S4:
	q_c:	490.0	351.0	180.5
	ub :	500.5723	363.763	192.3345
	lb :	488.2542	339.5569	176.3614

	==================================================================================
	Q1:
		Shape: Ellipse
		q_c:	493.0	355.5	182.0
		ub :	497.7458	359.7144	186.6434
		lb :	488.2542	351.2856	177.3566
		P^-1:
			0.0837	-0.0073	-0.0395
			-0.0073	0.0834	0.0098
			-0.0395	0.0098	0.137
	==================================================================================
	Q2:
		Shape: Ellipse
		q_c:	494.0	352.5	184.0
		ub :	495.9773	355.2561	186.9752
		lb :	492.0227	349.7439	181.0248
		P^-1:
			0.6438	0.2114	0.1661
			0.2114	0.6164	0.2878
			0.1661	0.2878	0.3442
	==================================================================================
	Q3:
		Shape: Hybrid
		q_c:	494.5	343.0	184.5
		ub :	497.4792	346.4431	187.8078
		lb :	491.5208	339.5569	181.1922
		P^-1:
			0.2315	-0.0364	-0.0014
			-0.0364	0.1778	0.0065
			-0.0014	0.0065	0.1118
		A:
			-0.847	0.1849	-0.4984
			-0.932	0.0846	-0.3525
			-0.868	-0.0896	-0.4884
			-0.8393	0.1581	-0.5202
			0.8548	0.3121	0.4147
			0.8818	-0.086	0.4638
		b:
			-446.0554
			-495.6729
			-548.6952
			-455.4236
			607.6351
			493.3968
	==================================================================================
	Q4:
		Shape: Hybrid
		q_c:	494.5	358.0	187.0
		ub :	499.5225	363.763	192.3345
		lb :	489.4775	352.237	181.6655
		P^-1:
			0.0817	0.0004	-0.0006
			0.0004	0.0918	-0.014
			-0.0006	-0.014	0.101
		A:
			0.088	-0.9462	0.3113
			0.671	0.4366	0.5993
			0.3357	-0.8864	-0.3187
			0.1973	0.6481	0.7356
			0.828	0.3036	-0.4714
			-0.3376	0.2618	-0.9042
		b:
			-235.3494
			602.1578
			-208.9425
			469.124
			431.8198
			-240.6969
	==================================================================================
	Q5:
		Shape: Polyhedra
		q_c:	496.5	350.5	182.0
		ub :	500.5723	352.7722	185.6381
		lb :	492.4277	348.2278	178.3619
		A:
			0.1042	0.936	-0.3361
			-0.0701	0.9779	0.1968
			-0.1787	-0.3547	-0.9177
			-0.1858	0.6014	0.777
			-0.6872	-0.4992	0.5277
			-0.0369	0.4529	-0.8908
			0.8273	0.0634	0.5582
			-0.4549	-0.5077	0.7317
			0.3298	-0.8592	-0.3912
			-0.8273	-0.0634	-0.5582
			0.4549	0.5077	-0.7317
			-0.3298	0.8592	0.3912
		b:
			320.1596
			345.2988
			-377.4733
			261.7684
			-418.3534
			-19.5217
			538.0452
			-269.1137
			-207.1052
			-531.0452
			272.1137
			210.1052
	==================================================================================
	Q6:
		Shape: Hybrid
		q_c:	494.0	343.5	180.0
		ub :	497.7492	346.9045	183.6386
		lb :	490.2508	340.0955	176.3614
		P^-1:
			0.2161	0.0372	0.0228
			0.0372	0.1847	0.0151
			0.0228	0.0151	0.1693
		A:
			0.2635	-0.9136	-0.3096
			-0.7162	0.6031	0.3512
			0.8687	-0.2975	-0.3959
			-0.1773	0.7382	0.6508
			-0.2999	-0.8488	-0.4354
			0.5928	0.5451	0.5928
		b:
			-237.9826
			-81.9302
			257.1096
			284.5669
			-516.9035
			587.8558


===========================================================================================
===========================================================================================
S5:
	q_c:	462.5	213.0	57.5
	ub :	487.1524	232.3284	78.6476
	lb :	441.5121	187.9621	42.9052

	==================================================================================
	Q1:
		Shape: Ellipse
		q_c:	469.0	197.5	52.0
		ub :	477.3649	207.0379	61.0948
		lb :	460.6351	187.9621	42.9052
		P^-1:
			0.04	-0.0105	-0.0062
			-0.0105	0.0351	-0.0009
			-0.0062	-0.0009	0.031
	==================================================================================
	Q2:
		Shape: Polyhedra
		q_c:	465.5	204.5	71.5
		ub :	473.2297	211.0255	78.6476
		lb :	457.7703	197.9745	64.3524
		A:
			0.0618	0.5389	-0.8401
			0.6296	-0.7769	-0.0052
			0.2579	0.6686	0.6974
			0.1876	-0.4712	0.8618
			-0.6598	-0.6133	-0.4343
			-0.1434	-0.9894	-0.0211
			0.4703	0.2107	0.857
			-0.5447	0.8333	0.0941
			-0.6943	-0.511	0.5067
			-0.4703	-0.2107	-0.857
			0.5447	-0.8333	-0.0941
			0.6943	0.511	-0.5067
		b:
			83.7674
			137.3433
			311.365
			57.355
			-458.6345
			-266.3815
			328.2998
			-72.9309
			-386.4822
			-318.2998
			79.9309
			396.4822
	==================================================================================
	Q3:
		Shape: Hybrid
		q_c:	454.5	199.0	54.5
		ub :	463.5707	204.1113	63.7773
		lb :	445.4293	193.8887	45.2227
		P^-1:
			0.0487	-0.0142	0.0311
			-0.0142	0.0953	-0.0181
			0.0311	-0.0181	0.0452
		A:
			-0.4505	0.8208	-0.3513
			-0.8325	0.5343	-0.1465
			-0.3395	0.9359	-0.0938
			-0.2894	-0.6993	-0.6537
			0.1057	-0.8547	0.5082
			0.8546	-0.3484	0.3851
		b:
			-59.0043
			-276.8383
			28.7911
			-303.249
			-92.2647
			342.6138
	==================================================================================
	Q4:
		Shape: Ellipse
		q_c:	455.0	214.0	54.0
		ub :	462.2209	222.5224	59.48
		lb :	447.7791	205.4776	48.52
		P^-1:
			0.0257	0.0052	0.0158
			0.0052	0.0272	0.0389
			0.0158	0.0389	0.1463
	==================================================================================
	Q5:
		Shape: Polyhedra
		q_c:	450.0	224.0	58.5
		ub :	458.4879	231.2734	67.6146
		lb :	441.5121	216.7266	49.3854
		A:
			0.1752	-0.7824	0.5976
			-0.8411	-0.4966	-0.2145
			0.9242	-0.2416	0.2958
			-0.1115	-0.5353	-0.8373
			-0.0164	-0.5002	-0.8657
			0.6709	0.7312	-0.1239
			0.4451	0.7751	0.4485
			0.5031	0.1979	-0.8413
			-0.7408	0.6001	-0.3019
			-0.4451	-0.7751	-0.4485
			-0.5031	-0.1979	0.8413
			0.7408	-0.6001	0.3019
		b:
			-56.2521
			-497.4718
			383.271
			-213.6911
			-164.4659
			463.9105
			404.6372
			228.5217
			-212.6025
			-395.6372
			-214.5217
			220.6025
	==================================================================================
	Q6:
		Shape: Polyhedra
		q_c:	478.0	220.5	55.0
		ub :	487.1524	232.3284	64.9997
		lb :	468.8476	208.6716	45.0003
		A:
			0.9984	-0.0056	-0.0561
			0.3649	-0.5629	-0.7416
			-0.8114	0.4085	-0.4181
			-0.0565	-0.7836	-0.6187
			-0.2505	0.9591	-0.1317
			-0.6615	0.3113	0.6823
			0.906	0.4204	0.0492
			0.0863	-0.2973	0.9509
			0.4143	-0.8573	-0.3056
			-0.906	-0.4204	-0.0492
			-0.0863	0.2973	-0.9509
			-0.4143	0.8573	0.3056
		b:
			479.0906
			17.7711
			-313.5171
			-225.8899
			92.7691
			-202.2602
			533.9727
			35.5206
			0.7092
			-522.9727
			-20.5206
			16.2908


===========================================================================================
===========================================================================================
S6:
	q_c:	25.0	389.0	135.0
	ub :	37.339	402.2542	147.5151
	lb :	11.1846	371.2672	125.4991

	==================================================================================
	Q1:
		Shape: Hybrid
		q_c:	22.5	390.0	140.5
		ub :	28.4421	395.9689	145.9248
		lb :	16.5579	384.0311	135.0752
		P^-1:
			0.0614	0.0173	-0.0162
			0.0173	0.0831	-0.0078
			-0.0162	-0.0078	0.0976
		A:
			-0.091	-0.9335	0.3469
			-0.5843	-0.5162	-0.6263
			0.8355	0.5426	0.0862
			0.3935	-0.3447	-0.8522
			0.7445	-0.2603	-0.6148
			0.7561	-0.6074	-0.2435
		b:
			-315.4545
			-300.208
			244.7363
			-243.4425
			-168.9058
			-251.3509
	==================================================================================
	Q2:
		Shape: Polyhedra
		q_c:	28.0	386.5	143.0
		ub :	32.7714	391.2712	147.5151
		lb :	23.2286	381.7288	138.4849
		A:
			0.5526	0.729	0.4039
			0.1237	-0.3843	0.9149
			0.5621	-0.5415	-0.6251
			-0.0291	0.7824	0.6221
			-0.71	0.3689	0.5998
			-0.4374	0.8762	0.2022
			0.0945	0.6656	0.7403
			-0.7198	0.5594	-0.4111
			-0.6878	-0.494	0.5319
			-0.0945	-0.6656	-0.7403
			0.7198	-0.5594	0.4111
			0.6878	0.494	-0.5319
		b:
			357.3719
			-11.1476
			-280.3656
			392.6219
			211.2558
			358.2084
			367.7529
			140.7885
			-131.134
			-363.7529
			-133.7885
			137.134
	==================================================================================
	Q3:
		Shape: Ellipse
		q_c:	25.5	395.5	137.0
		ub :	33.1004	401.9656	144.2145
		lb :	17.8996	389.0344	129.7855
		P^-1:
			0.0486	-0.0065	0.0057
			-0.0065	0.0593	0.0042
			0.0057	0.0042	0.037
	==================================================================================
	Q4:
		Shape: Ellipse
		q_c:	25.0	398.0	137.0
		ub :	30.3533	402.2542	141.6243
		lb :	19.6467	393.7458	132.3757
		P^-1:
			0.0695	0.0582	-0.0559
			0.0582	0.5468	-0.4649
			-0.0559	-0.4649	0.5087
	==================================================================================
	Q5:
		Shape: Polyhedra
		q_c:	30.5	378.0	142.5
		ub :	37.339	384.7328	146.5376
		lb :	23.661	371.2672	138.4624
		A:
			0.1021	-0.4597	0.8822
			0.6595	0.6247	-0.4181
			-0.1185	0.5842	-0.8029
			-0.4588	0.4442	-0.7696
			-0.1683	-0.6048	0.7784
			0.2391	-0.7606	0.6036
			0.6804	0.6979	0.2235
			0.7264	-0.6021	-0.3313
			-0.0966	0.3878	-0.9167
			-0.6804	-0.6979	-0.2235
			-0.7264	0.6021	0.3313
			0.0966	-0.3878	0.9167
		b:
			-43.3958
			200.5346
			104.6241
			46.5786
			-120.6862
			-191.4519
			320.918
			-247.6468
			14.5282
			-311.918
			257.6468
			-11.5282
	==================================================================================
	Q6:
		Shape: Polyhedra
		q_c:	16.5	389.0	131.0
		ub :	21.8154	393.8926	136.5009
		lb :	11.1846	384.1074	125.4991
		A:
			0.2969	0.3735	-0.8788
			0.0222	-0.5966	0.8022
			0.876	-0.0057	0.4822
			-0.4079	0.6479	-0.6433
			-0.254	0.225	-0.9406
			-0.1905	0.6222	0.7593
			0.4352	0.137	0.8898
			0.049	0.9833	-0.1754
			-0.899	0.12	0.4212
			-0.4352	-0.137	-0.8898
			-0.049	-0.9833	0.1754
			0.899	-0.12	-0.4212
		b:
			38.896
			-122.8073
			79.0682
			164.8413
			-36.2891
			342.15
			180.5554
			364.324
			91.0188
			-173.5554
			-356.324
			-83.0188


===========================================================================================
===========================================================================================
S7:
	q_c:	451.5	98.0	54.5
	ub :	485.0011	131.7033	82.3573
	lb :	419.3259	66.1109	25.4436

	==================================================================================
	Q1:
		Shape: Polyhedra
		q_c:	468.5	78.5	61.5
		ub :	479.3202	90.8891	74.4508
		lb :	457.6798	66.1109	48.5492
		A:
			0.4065	-0.9085	-0.0971
			0.9737	-0.2276	0.0106
			0.7251	0.1539	0.6713
			-0.7225	0.6425	0.2554
			0.6054	0.7591	-0.2393
			-0.1335	-0.9724	0.1912
			0.0124	0.773	0.6343
			-0.6107	0.5081	-0.6073
			-0.7917	-0.3799	0.4784
			-0.0124	-0.773	-0.6343
			0.6107	-0.5081	0.6073
			0.7917	0.3799	-0.4784
		b:
			120.8205
			446.7605
			400.9838
			-264.7498
			335.5666
			-119.6718
			112.4976
			-275.0925
			-364.3251
			-98.4976
			292.0925
			378.3251
	==================================================================================
	Q2:
		Shape: Hybrid
		q_c:	436.0	112.5	58.0
		ub :	452.6741	131.1366	74.8037
		lb :	419.3259	93.8634	41.1963
		P^-1:
			0.0099	-0.0038	-0.0036
			-0.0038	0.0105	0.0039
			-0.0036	0.0039	0.0102
		A:
			0.1569	-0.8433	-0.5141
			-0.4725	-0.7919	-0.3868
			0.0305	0.5708	-0.8205
			-0.3856	-0.5482	0.7422
			-0.4079	-0.1331	0.9033
			0.7118	-0.0575	-0.7
		b:
			-51.22
			-309.566
			38.5886
			-178.3786
			-133.6193
			268.8533
	==================================================================================
	Q3:
		Shape: Hybrid
		q_c:	436.5	98.0	57.5
		ub :	450.908	105.5488	63.4209
		lb :	422.092	90.4512	51.5791
		P^-1:
			0.0053	0.0029	0.0021
			0.0029	0.0537	0.0386
			0.0021	0.0386	0.0851
		A:
			0.2635	-0.8122	-0.5205
			-0.2989	-0.947	0.1176
			-0.094	-0.7666	-0.6353
			0.1461	-0.4885	-0.8602
			-0.2059	-0.8247	-0.5267
			-0.0231	-0.1749	-0.9843
		b:
			9.563
			-211.6984
			-150.7598
			-31.2172
			-198.2771
			-81.6696
	==================================================================================
	Q4:
		Shape: Ellipse
		q_c:	461.5	91.5	68.5
		ub :	476.5504	107.4623	82.3573
		lb :	446.4496	75.5377	54.6427
		P^-1:
			0.0128	-0.0063	0.0022
			-0.0063	0.0181	-0.015
			0.0022	-0.015	0.0281
	==================================================================================
	Q5:
		Shape: Ellipse
		q_c:	439.5	112.5	34.5
		ub :	448.1336	120.473	43.5564
		lb :	430.8664	104.527	25.4436
		P^-1:
			0.0311	-0.0084	0.0001
			-0.0084	0.0447	0.0048
			0.0001	0.0048	0.0217
	==================================================================================
	Q6:
		Shape: Hybrid
		q_c:	470.5	116.5	47.5
		ub :	485.0011	131.7033	63.4025
		lb :	455.9989	101.2967	31.5975
		P^-1:
			0.0134	0.002	0.0003
			0.002	0.0121	0.0024
			0.0003	0.0024	0.0115
		A:
			-0.1616	0.9294	0.3318
			0.3272	0.9441	0.0398
			0.635	-0.6455	-0.4245
			0.3675	0.2669	0.8909
			0.4159	0.8699	0.2651
			0.4173	-0.7274	-0.5447
		b:
			52.9871
			270.6595
			208.5609
			251.1663
			313.9182
			90.6787


===========================================================================================
===========================================================================================
