3D_40_11_6_d                l = 3

===========================================================================================
===========================================================================================
S1:
	q_c:	290.0	145.5	515.5
	ub :	302.5558	153.6176	523.0541
	lb :	280.2028	134.0613	504.5644

	==================================================================================
	Q1:
		Shape: Hybrid
		q_c:	293.0	149.5	519.5
		ub :	296.651	153.6176	523.0541
		lb :	289.349	145.3824	515.9459
		P^-1:
			0.2013	0.0598	-0.0286
			0.0598	0.1766	0.0351
			-0.0286	0.0351	0.2332
		A:
			-0.3194	0.3061	-0.8968
			-0.9171	0.1737	0.3587
			-0.4558	0.0721	0.8872
			-0.613	0.4276	0.6644
			-0.7322	0.6811	-0.0077
			-0.7546	-0.6419	0.1362
		b:
			-512.1451
			-55.048
			339.1191
			230.6876
			-114.8104
			-245.2824
	==================================================================================
	Q2:
		Shape: Ellipse
		q_c:	298.0	148.0	508.5
		ub :	302.5558	150.887	512.4356
		lb :	293.4442	145.113	504.5644
		P^-1:
			0.0944	0.0411	0.0041
			0.0411	0.2382	-0.0127
			0.0041	-0.0127	0.1101
	==================================================================================
	Q3:
		Shape: Hybrid
		q_c:	286.0	140.0	512.0
		ub :	291.7972	145.9387	516.0735
		lb :	280.2028	134.0613	507.9265
		P^-1:
			0.1057	0.0428	-0.0211
			0.0428	0.0821	-0.0124
			-0.0211	-0.0124	0.1327
		A:
			0.2595	0.3064	-0.9158
			-0.2743	-0.8582	-0.4339
			-0.1805	0.1024	-0.9782
			-0.7519	-0.5097	0.4182
			-0.739	-0.2812	-0.6122
			0.8242	-0.3614	-0.436
		b:
			-350.4138
			-418.6262
			-536.4519
			-70.9597
			-562.3147
			-35.4962
	==================================================================================
	Q4:
		Shape: Hybrid
		q_c:	291.0	148.0	514.0
		ub :	295.8076	151.5742	516.2374
		lb :	286.1924	144.4258	511.7626
		P^-1:
			0.1943	0.2106	0.2141
			0.2106	0.4208	0.1278
			0.2141	0.1278	0.8787
		A:
			-0.6216	-0.6192	-0.4798
			-0.0526	-0.8138	-0.5787
			-0.3967	-0.5103	-0.7631
			-0.3734	-0.8594	0.3492
			-0.7055	-0.697	-0.128
			-0.2245	-0.0377	-0.9738
		b:
			-518.1918
			-431.5996
			-582.6349
			-55.3607
			-372.9059
			-570.8474
	==================================================================================
	Q5:
		Shape: Hybrid
		q_c:	290.0	139.5	511.0
		ub :	294.8835	144.7709	514.6976
		lb :	285.1165	134.2291	507.3024
		P^-1:
			0.1675	-0.1051	-0.0236
			-0.1051	0.1956	-0.1308
			-0.0236	-0.1308	0.3713
		A:
			-0.2887	0.1805	0.9402
			-0.2086	0.3023	-0.9301
			-0.3512	-0.3211	0.8795
			0.6505	-0.6628	0.371
			-0.2866	0.4163	0.8629
			-0.7557	0.6543	0.0295
		b:
			423.2673
			-492.5268
			303.8342
			286.8041
			417.7209
			-111.6321
	==================================================================================
	Q6:
		Shape: Hybrid
		q_c:	292.0	143.5	513.0
		ub :	295.0221	145.991	516.3084
		lb :	288.9779	141.009	509.6916
		P^-1:
			0.3539	-0.2577	-0.1086
			-0.2577	0.7003	0.3077
			-0.1086	0.3077	0.3558
		A:
			0.0539	0.3924	0.9182
			-0.6169	0.0302	0.7865
			-0.2165	-0.9206	-0.3249
			-0.3688	0.8281	-0.4222
			-0.4656	-0.841	-0.2756
			-0.9504	0.2528	-0.1813
		b:
			544.2974
			229.2327
			-360.9356
			-203.978
			-396.6784
			-332.9241


===========================================================================================
===========================================================================================
S2:
	q_c:	274.0	74.5	345.5
	ub :	280.6455	94.4834	357.6981
	lb :	258.9031	59.0601	327.4755

	==================================================================================
	Q1:
		Shape: Ellipse
		q_c:	267.0	81.0	335.0
		ub :	275.0969	88.4945	342.5245
		lb :	258.9031	73.5055	327.4755
		P^-1:
			0.0463	-0.0073	-0.0022
			-0.0073	0.0325	-0.0051
			-0.0022	-0.0051	0.0478
	==================================================================================
	Q2:
		Shape: Ellipse
		q_c:	265.5	65.5	338.0
		ub :	271.3927	71.9399	343.1465
		lb :	259.6073	59.0601	332.8535
		P^-1:
			0.0728	-0.0141	-0.0016
			-0.0141	0.0592	-0.0031
			-0.0016	-0.0031	0.0615
	==================================================================================
	Q3:
		Shape: Ellipse
		q_c:	274.5	71.0	352.5
		ub :	279.9979	76.5845	357.6981
		lb :	269.0021	65.4155	347.3019
		P^-1:
			0.0806	0.001	0.0042
			0.001	0.0806	-0.0042
			0.0042	-0.0042	0.0646
	==================================================================================
	Q4:
		Shape: Hybrid
		q_c:	275.5	76.5	342.5
		ub :	280.6455	83.1803	349.0911
		lb :	270.3545	69.8197	335.9089
		P^-1:
			0.0879	-0.0222	-0.0201
			-0.0222	0.0681	0.005
			-0.0201	0.005	0.067
		A:
			0.2733	0.2672	0.9241
			-0.5969	-0.1519	0.7878
			0.0825	0.1266	0.9885
			-0.4063	-0.8866	-0.2213
			-0.7819	0.6077	-0.139
			-0.6485	0.63	-0.4272
		b:
			415.0028
			95.7833
			373.5566
			-252.6634
			-214.692
			-274.6035
	==================================================================================
	Q5:
		Shape: Hybrid
		q_c:	269.0	88.0	347.0
		ub :	273.1245	94.4834	352.5353
		lb :	264.8755	81.5166	341.4647
		P^-1:
			0.1409	-0.0023	-0.0244
			-0.0023	0.0436	0.0297
			-0.0244	0.0297	0.1196
		A:
			-0.5856	-0.1429	0.7979
			-0.9985	0.0199	0.051
			0.7582	-0.3339	-0.56
			0.5762	0.169	0.7996
			-0.1446	-0.1859	0.9719
			0.827	0.2448	0.5061
		b:
			108.6051
			-247.7197
			-18.352
			449.1692
			284.3468
			421.329
	==================================================================================
	Q6:
		Shape: Hybrid
		q_c:	266.5	70.5	339.5
		ub :	269.4909	75.5999	345.1844
		lb :	263.5091	65.4001	333.8156
		P^-1:
			0.2434	-0.0077	-0.0337
			-0.0077	0.0898	-0.0284
			-0.0337	-0.0284	0.0773
		A:
			-0.9092	0.4067	-0.0893
			0.7764	-0.4993	0.3847
			0.8277	-0.4254	-0.3661
			0.8112	-0.2532	0.5272
			0.9135	-0.2196	0.3424
			0.7093	-0.6792	-0.1886
		b:
			-242.6827
			303.9012
			67.9313
			379.196
			345.761
			79.0211


===========================================================================================
===========================================================================================
S3:
	q_c:	74.5	326.5	30.0
	ub :	87.7757	345.4751	49.1895
	lb :	50.6297	304.1128	6.4621

	==================================================================================
	Q1:
		Shape: Ellipse
		q_c:	72.5	337.5	17.0
		ub :	80.8357	345.4751	25.2155
		lb :	64.1643	329.5249	8.7845
		P^-1:
			0.0395	0.0034	-0.0091
			0.0034	0.0509	-0.0132
			-0.0091	-0.0132	0.0399
	==================================================================================
	Q2:
		Shape: Polyhedra
		q_c:	59.0	315.0	30.5
		ub :	67.3703	322.9573	37.5404
		lb :	50.6297	307.0427	23.4596
		A:
			0.5372	-0.7958	0.2796
			-0.5987	0.7719	0.2138
			0.9392	-0.0462	0.3403
			0.9197	0.2478	-0.3044
			-0.9219	-0.3772	0.0884
			-0.7401	0.3174	0.5929
			0.5569	0.1756	0.8118
			-0.5902	-0.604	0.5356
			0.5844	-0.7774	-0.2327
			-0.5569	-0.1756	-0.8118
			0.5902	0.604	-0.5356
			-0.5844	0.7774	0.2327
		b:
			-204.4381
			220.8564
			56.2167
			127.2984
			-166.4595
			80.103
			117.4333
			-205.2504
			-210.9985
			-108.4333
			212.2504
			223.9985
	==================================================================================
	Q3:
		Shape: Polyhedra
		q_c:	73.0	315.5	35.0
		ub :	83.5991	326.8872	44.875
		lb :	62.4009	304.1128	25.125
		A:
			0.7972	-0.3091	0.5185
			-0.9846	-0.0192	-0.1738
			0.4847	-0.7412	-0.4644
			-0.1605	-0.0083	-0.987
			-0.2762	0.1944	0.9412
			0.7491	0.048	-0.6608
			0.4869	0.7568	0.4362
			0.8258	-0.5615	0.0526
			0.2847	0.3346	-0.8983
			-0.4869	-0.7568	-0.4362
			-0.8258	0.5615	-0.0526
			-0.2847	-0.3346	0.8983
		b:
			-14.8304
			-77.4686
			-208.1811
			-41.7699
			81.129
			53.4114
			297.0746
			-109.0442
			101.898
			-282.0746
			121.0442
			-87.898
	==================================================================================
	Q4:
		Shape: Hybrid
		q_c:	74.0	336.0	33.5
		ub :	82.3275	344.6342	40.2027
		lb :	65.6725	327.3658	26.7973
		P^-1:
			0.049	0.0049	0.0353
			0.0049	0.0645	0.0563
			0.0353	0.0563	0.1137
		A:
			-0.7418	0.5279	0.4136
			-0.0602	0.7327	0.6778
			0.2274	0.2386	0.9441
			-0.2103	-0.5307	-0.821
			-0.7494	-0.3138	-0.583
			-0.1584	-0.3822	0.9104
		b:
			139.7189
			266.1846
			130.5322
			-220.1258
			-178.0792
			-104.4064
	==================================================================================
	Q5:
		Shape: Hybrid
		q_c:	66.0	334.5	40.5
		ub :	73.2546	343.0558	49.1895
		lb :	58.7454	325.9442	31.8105
		P^-1:
			0.052	-0.0113	-0.0084
			-0.0113	0.0398	0.005
			-0.0084	0.005	0.0368
		A:
			0.6178	-0.7512	-0.2323
			0.7745	-0.6326	-0.0042
			0.8571	0.1153	0.502
			0.2304	-0.0572	-0.9714
			0.7336	-0.0699	-0.676
			0.9004	0.3772	-0.2168
		b:
			-217.7042
			-158.3985
			118.6981
			-40.1772
			0.0998
			179.7904
	==================================================================================
	Q6:
		Shape: Hybrid
		q_c:	82.5	327.5	14.5
		ub :	87.7757	334.6616	22.5379
		lb :	77.2243	320.3384	6.4621
		P^-1:
			0.0968	-0.0156	-0.0273
			-0.0156	0.0481	-0.0028
			-0.0273	-0.0028	0.0434
		A:
			0.9946	-0.0805	0.065
			0.0785	0.9594	0.2707
			0.9967	0.0385	0.0709
			0.8032	0.3169	-0.5044
			-0.882	-0.2534	-0.3972
			-0.1868	0.9421	0.2786
		b:
			58.8938
			328.2809
			98.2855
			164.7389
			-157.9293
			300.4064


===========================================================================================
===========================================================================================
S4:
	q_c:	189.0	162.5	181.5
	ub :	192.8688	167.1907	184.9101
	lb :	184.7009	161.1555	177.5443

	==================================================================================
	Q1:
		Shape: Ellipse
		q_c:	187.5	165.0	180.0
		ub :	189.8633	167.1907	182.0741
		lb :	185.1367	162.8093	177.9259
		P^-1:
			0.4444	0.0	0.0
			0.0	0.4444	0.0
			0.0	0.0	0.4444
	==================================================================================
	Q2:
		Shape: Polyhedra
		q_c:	187.5	164.5	179.5
		ub :	189.4782	166.1932	181.4557
		lb :	185.5218	162.8068	177.5443
		A:
			-0.6131	-0.3007	0.7305
			0.7498	0.6291	-0.2052
			-0.9354	-0.2908	0.2014
			0.9573	0.2689	0.1065
			0.4099	0.2603	0.8742
			-0.6346	0.6696	0.3859
			0.8491	0.2063	0.4863
			-0.228	-0.6873	0.6896
			0.4765	-0.6965	-0.5365
			-0.8491	-0.2063	-0.4863
			0.228	0.6873	-0.6896
			-0.4765	0.6965	0.5365
		b:
			-32.2589
			208.4845
			-185.759
			244.2722
			277.9529
			61.4633
			281.9322
			-31.0266
			-120.527
			-278.9322
			33.0266
			122.527
	==================================================================================
	Q3:
		Shape: Polyhedra
		q_c:	191.5	163.0	183.0
		ub :	192.8688	164.6351	183.7223
		lb :	190.1312	161.3649	182.2777
		A:
			0.3835	0.0751	-0.9205
			-0.8454	-0.2551	0.4692
			-0.9154	-0.1441	-0.3757
			0.7001	0.509	0.5007
			-0.3604	-0.2112	0.9086
			-0.866	-0.3296	0.3761
			0.7224	0.4539	0.5216
			-0.5197	0.854	-0.0234
			-0.4561	-0.2542	0.8528
			-0.7224	-0.4539	-0.5216
			0.5197	-0.854	0.0234
			0.4561	0.2542	-0.8528
		b:
			-82.2403
			-117.0332
			-266.8469
			309.1853
			63.3427
			-150.1984
			308.2863
			36.9012
			27.7874
			-307.2863
			-33.9012
			-26.7874
	==================================================================================
	Q4:
		Shape: Hybrid
		q_c:	189.0	164.0	183.5
		ub :	190.914	165.8552	184.9101
		lb :	187.086	162.1448	182.0899
		P^-1:
			0.5214	0.1918	-0.0041
			0.1918	0.9231	0.0016
			-0.0041	0.0016	1.0
		A:
			0.7199	-0.5785	0.3836
			0.34	-0.0349	-0.9398
			-0.5792	0.8152	-0.0079
			-0.1598	-0.9351	-0.3163
			-0.0937	0.9519	0.2919
			-0.1441	-0.8844	0.444
		b:
			112.4674
			-113.3425
			23.6425
			-241.0827
			192.5716
			-90.2678
	==================================================================================
	Q5:
		Shape: Hybrid
		q_c:	189.5	164.5	182.0
		ub :	191.3022	166.231	183.4157
		lb :	187.6978	162.769	180.5843
		P^-1:
			0.7368	-0.0959	-0.3558
			-0.0959	1.7442	-1.5097
			-0.3558	-1.5097	2.9635
		A:
			-0.4135	0.4725	-0.7783
			-0.2323	0.3603	-0.9035
			-0.0142	0.1476	0.9889
			0.1997	-0.6115	0.7657
			-0.4347	0.0003	0.9006
			-0.4562	0.7418	0.4916
		b:
			-141.7626
			-148.7236
			202.2748
			76.9227
			82.0825
			125.8463
	==================================================================================
	Q6:
		Shape: Hybrid
		q_c:	187.0	163.0	182.0
		ub :	189.2991	164.8445	184.2085
		lb :	184.7009	161.1555	179.7915
		P^-1:
			0.6421	0.222	0.1465
			0.222	0.6938	0.1645
			0.1465	0.1645	0.553
		A:
			0.4565	0.884	0.1011
			0.5926	0.7815	0.1949
			-0.6046	-0.3253	0.7271
			-0.9805	0.0014	0.1966
			0.9273	0.3083	0.2123
			-0.8082	-0.5885	0.0208
		b:
			248.4463
			274.2306
			-32.7892
			-146.4534
			262.9457
			-242.6385


===========================================================================================
===========================================================================================
S5:
	q_c:	196.0	124.5	116.0
	ub :	232.8686	169.2851	139.6582
	lb :	176.4227	98.0683	80.4825

	==================================================================================
	Q1:
		Shape: Hybrid
		q_c:	201.5	145.5	115.0
		ub :	216.15	159.0321	129.623
		lb :	186.85	131.9679	100.377
		P^-1:
			0.0182	0.0043	-0.0055
			0.0043	0.0202	0.0045
			-0.0055	0.0045	0.0115
		A:
			0.7323	0.5671	-0.377
			0.4788	0.8712	-0.1088
			0.1201	0.9095	0.398
			0.6988	0.4744	-0.5354
			0.308	-0.53	-0.7901
			0.3253	-0.5399	-0.7764
		b:
			190.3004
			214.3314
			205.731
			152.3146
			-101.6233
			-98.1003
	==================================================================================
	Q2:
		Shape: Polyhedra
		q_c:	213.0	153.0	122.0
		ub :	227.5573	169.2851	138.1809
		lb :	198.4427	136.7149	105.8191
		A:
			-0.4061	0.9127	0.0462
			-0.6331	0.4352	0.6402
			-0.6858	0.2774	0.6729
			0.8466	-0.017	-0.5319
			-0.5655	-0.4825	0.6689
			-0.5123	-0.638	-0.5749
			0.5175	0.5397	0.664
			-0.7841	0.6097	0.1155
			-0.3426	-0.5804	0.7387
			-0.5175	-0.5397	-0.664
			0.7841	-0.6097	-0.1155
			0.3426	0.5804	-0.7387
		b:
			66.5309
			17.9506
			-13.0277
			121.6881
			-101.8468
			-265.8851
			284.8077
			-53.1452
			-60.6503
			-262.8077
			66.1452
			82.6503
	==================================================================================
	Q3:
		Shape: Hybrid
		q_c:	201.0	111.0	123.0
		ub :	216.1618	123.9317	139.6582
		lb :	185.8382	98.0683	106.3418
		P^-1:
			0.0161	0.0042	0.0041
			0.0042	0.0137	0.001
			0.0041	0.001	0.0076
		A:
			0.1995	-0.8959	-0.3969
			0.4201	0.8583	0.2948
			-0.7909	0.5489	-0.2706
			-0.6865	0.1504	-0.7114
			0.3473	-0.6231	0.7008
			0.5712	0.5308	0.6261
		b:
			-101.4766
			220.26
			-125.6222
			-203.2659
			93.5614
			255.4279
	==================================================================================
	Q4:
		Shape: Ellipse
		q_c:	213.5	129.5	93.5
		ub :	229.7384	140.9755	106.5175
		lb :	197.2616	118.0245	80.4825
		P^-1:
			0.0097	0.0061	-0.0014
			0.0061	0.021	0.0015
			-0.0014	0.0015	0.0118
	==================================================================================
	Q5:
		Shape: Hybrid
		q_c:	216.5	136.0	98.5
		ub :	232.8686	149.9831	111.912
		lb :	200.1314	122.0169	85.088
		P^-1:
			0.008	-0.0036	-0.0034
			-0.0036	0.0165	-0.0013
			-0.0034	-0.0013	0.0166
		A:
			-0.6	-0.2812	0.7489
			-0.3842	-0.7901	-0.4776
			-0.1802	0.9739	-0.1378
			0.26	0.7467	-0.6122
			0.2039	0.0505	0.9777
			-0.5944	0.0519	0.8025
		b:
			-89.4293
			-230.1458
			83.7199
			101.9503
			152.9453
			-38.276
	==================================================================================
	Q6:
		Shape: Hybrid
		q_c:	187.5	144.0	116.0
		ub :	198.5773	154.9552	125.5803
		lb :	176.4227	133.0448	106.4197
		P^-1:
			0.0528	0.0187	-0.0444
			0.0187	0.0279	-0.0049
			-0.0444	-0.0049	0.0725
		A:
			-0.3822	0.25	0.8896
			-0.8481	-0.3681	0.381
			0.3631	0.8563	-0.3672
			-0.4877	-0.0204	0.8728
			0.1229	0.9648	-0.2326
			-0.8835	-0.4521	0.1229
		b:
			69.8365
			-165.219
			153.0977
			8.6253
			140.7097
			-212.8966


===========================================================================================
===========================================================================================
S6:
	q_c:	480.0	470.5	49.0
	ub :	497.3109	486.6855	69.7626
	lb :	462.3329	452.3903	28.8376

	==================================================================================
	Q1:
		Shape: Hybrid
		q_c:	470.5	460.5	62.0
		ub :	478.6671	468.6097	69.7626
		lb :	462.3329	452.3903	54.2374
		P^-1:
			0.0524	-0.0121	-0.012
			-0.0121	0.0481	-0.0143
			-0.012	-0.0143	0.0482
		A:
			-0.9792	-0.159	0.1261
			0.7213	0.6908	-0.0494
			-0.5853	0.6692	-0.4578
			0.2961	-0.0951	0.9504
			0.5194	-0.437	0.7344
			0.0433	-0.3133	0.9487
		b:
			-523.3147
			658.032
			6.496
			157.7037
			91.2803
			-62.5584
	==================================================================================
	Q2:
		Shape: Ellipse
		q_c:	489.0	478.5	49.0
		ub :	497.3109	486.6855	58.413
		lb :	480.6891	470.3145	39.587
		P^-1:
			0.0288	0.0026	0.0022
			0.0026	0.0344	0.0055
			0.0022	0.0055	0.0323
	==================================================================================
	Q3:
		Shape: Ellipse
		q_c:	484.5	466.5	58.5
		ub :	494.1558	474.4547	68.1514
		lb :	474.8442	458.5453	48.8486
		P^-1:
			0.0421	-0.0167	0.012
			-0.0167	0.0381	-0.0087
			0.012	-0.0087	0.0237
	==================================================================================
	Q4:
		Shape: Polyhedra
		q_c:	478.0	471.5	39.5
		ub :	486.0747	481.8732	50.1624
		lb :	469.9253	461.1268	28.8376
		A:
			-0.4485	0.8043	0.3899
			-0.9086	-0.3533	0.2226
			-0.142	0.7473	-0.6491
			0.796	-0.5931	0.1208
			0.8368	0.3379	-0.4307
			-0.4394	-0.892	-0.1063
			0.6271	0.4445	0.6397
			-0.004	0.823	-0.568
			-0.7789	0.3536	0.5179
			-0.6271	-0.4445	-0.6397
			0.004	-0.823	0.568
			0.7789	-0.3536	-0.5179
		b:
			186.0972
			-586.1559
			265.7893
			111.6676
			548.3481
			-628.3247
			540.6066
			370.7012
			-179.6316
			-528.6066
			-356.7012
			190.6316
	==================================================================================
	Q5:
		Shape: Polyhedra
		q_c:	484.5	470.5	57.5
		ub :	491.8165	478.1355	65.614
		lb :	477.1835	462.8645	49.386
		A:
			0.6952	0.4146	0.5872
			0.4671	0.8691	-0.1629
			0.2834	0.7253	-0.6274
			0.6171	-0.7858	0.0403
			0.4274	0.731	0.532
			0.4995	0.8426	0.2013
			0.773	0.558	0.3017
			0.3191	-0.7531	0.5754
			0.5483	-0.3486	-0.7602
			-0.773	-0.558	-0.3017
			-0.3191	0.7531	-0.5754
			-0.5483	0.3486	0.7602
		b:
			569.3761
			629.9463
			447.2987
			-63.254
			585.5198
			653.8315
			657.9384
			-161.6466
			63.4308
			-650.9384
			171.6466
			-52.4308
	==================================================================================
	Q6:
		Shape: Ellipse
		q_c:	480.5	477.5	51.5
		ub :	487.9821	483.5213	59.468
		lb :	473.0179	471.4787	43.532
		P^-1:
			0.0581	0.0104	0.0237
			0.0104	0.0541	0.0055
			0.0237	0.0055	0.0467


===========================================================================================
===========================================================================================
S7:
	q_c:	33.0	20.5	445.5
	ub :	56.2221	45.0692	463.8839
	lb :	10.9933	5.5614	427.3989

	==================================================================================
	Q1:
		Shape: Polyhedra
		q_c:	28.0	13.0	458.0
		ub :	35.5934	20.4386	463.8839
		lb :	20.4066	5.5614	452.1161
		A:
			-0.1202	0.6875	0.7162
			0.1378	-0.9652	-0.2224
			-0.97	0.0401	-0.2398
			0.2933	0.4699	0.8326
			0.3072	-0.9433	-0.1261
			-0.6183	0.6652	-0.4186
			0.1018	0.0623	0.9929
			-0.927	0.3682	0.072
			-0.3611	-0.9277	0.0952
			-0.1018	-0.0623	-0.9929
			0.927	-0.3682	-0.072
			0.3611	0.9277	-0.0952
		b:
			338.8147
			-105.0691
			-131.0014
			400.7545
			-55.9155
			-194.9842
			463.3863
			17.2959
			26.9446
			-453.3863
			-6.2959
			-15.9446
	==================================================================================
	Q2:
		Shape: Hybrid
		q_c:	43.5	28.5	437.0
		ub :	56.2221	41.2995	446.6011
		lb :	30.7779	15.7005	427.3989
		P^-1:
			0.0219	0.0085	0.0128
			0.0085	0.0227	0.0134
			0.0128	0.0134	0.031
		A:
			0.84	-0.0019	0.5425
			0.6653	-0.0885	0.7413
			0.1226	0.445	0.8871
			-0.9655	-0.1602	0.2054
			0.1863	0.9564	0.2249
			0.517	0.7852	-0.3408
		b:
			277.6068
			354.3636
			408.8789
			49.1757
			138.1229
			-97.9087
	==================================================================================
	Q3:
		Shape: Ellipse
		q_c:	22.0	32.5	447.5
		ub :	33.0067	45.0692	459.6585
		lb :	10.9933	19.9308	435.3415
		P^-1:
			0.0246	0.0032	-0.005
			0.0032	0.0136	-0.0002
			-0.005	-0.0002	0.0176
	==================================================================================
	Q4:
		Shape: Ellipse
		q_c:	35.5	28.5	453.0
		ub :	43.6387	37.1243	461.9745
		lb :	27.3613	19.8757	444.0255
		P^-1:
			0.0339	0.0073	0.0062
			0.0073	0.0402	0.0049
			0.0062	0.0049	0.0362
	==================================================================================
	Q5:
		Shape: Ellipse
		q_c:	34.0	14.0	455.5
		ub :	39.8365	20.4365	462.1498
		lb :	28.1635	7.5635	448.8502
		P^-1:
			0.096	0.0106	-0.0259
			0.0106	0.0512	-0.0084
			-0.0259	-0.0084	0.0533
	==================================================================================
	Q6:
		Shape: Hybrid
		q_c:	26.5	23.5	438.0
		ub :	35.4014	32.6835	448.3913
		lb :	17.5986	14.3165	427.6087
		P^-1:
			0.0539	0.0206	0.0239
			0.0206	0.0322	0.0129
			0.0239	0.0129	0.0338
		A:
			-0.8201	-0.5717	-0.0243
			0.3507	0.8943	0.278
			0.9886	0.1321	0.072
			-0.5723	0.7311	0.3714
			-0.9695	-0.2442	0.0212
			0.5255	0.1167	0.8427
		b:
			-42.9009
			155.4455
			64.1301
			170.2194
			-18.754
			388.785


===========================================================================================
===========================================================================================
S8:
	q_c:	40.0	439.5	391.0
	ub :	59.2562	456.0881	405.215
	lb :	24.035	416.436	363.352

	==================================================================================
	Q1:
		Shape: Hybrid
		q_c:	50.5	437.0	385.5
		ub :	59.2562	444.4323	394.1924
		lb :	41.7438	429.5677	376.8076
		P^-1:
			0.024	0.0037	0.012
			0.0037	0.034	0.003
			0.012	0.003	0.0422
		A:
			-0.268	-0.3929	0.8797
			0.4807	-0.2933	-0.8264
			-0.5428	-0.7932	-0.2759
			0.1748	0.219	0.9599
			0.5133	0.8343	-0.2015
			0.8845	0.064	0.4621
		b:
			157.5899
			-418.0645
			-477.4412
			477.1504
			316.436
			254.2251
	==================================================================================
	Q2:
		Shape: Polyhedra
		q_c:	34.5	446.0	394.0
		ub :	42.8012	456.0881	405.215
		lb :	26.1988	435.9119	382.785
		A:
			0.6833	0.3194	-0.6566
			0.5456	-0.0901	0.8332
			-0.7252	0.4876	-0.4862
			0.9105	-0.2241	0.3476
			-0.7977	-0.6004	-0.0571
			-0.1201	0.6786	-0.7246
			0.1183	0.8945	0.4311
			-0.0704	0.4406	-0.8949
			-0.9905	0.0755	0.1151
			-0.1183	-0.8945	-0.4311
			0.0704	-0.4406	0.8949
			0.9905	-0.0755	-0.1151
		b:
			-84.9579
			314.9155
			8.6403
			75.759
			-310.9565
			21.397
			579.3837
			-150.0324
			51.8769
			-566.3837
			167.0324
			-37.8769
	==================================================================================
	Q3:
		Shape: Hybrid
		q_c:	32.0	445.0	379.0
		ub :	39.7763	452.079	384.7892
		lb :	24.2237	437.921	373.2108
		P^-1:
			0.0321	0.0121	0.0112
			0.0121	0.0662	-0.023
			0.0112	-0.023	0.099
		A:
			-0.219	0.8492	0.4805
			-0.1693	0.5588	-0.8118
			-0.6313	0.4366	-0.6409
			0.0988	-0.5702	0.8155
			0.0582	-0.9434	0.3264
			-0.3576	-0.7536	0.5515
		b:
			556.6742
			-62.7935
			-65.8692
			60.0873
			-291.8452
			-135.7883
	==================================================================================
	Q4:
		Shape: Polyhedra
		q_c:	47.0	442.0	376.5
		ub :	53.7074	447.0026	383.5125
		lb :	40.2926	436.9974	369.4875
		A:
			0.3958	0.9108	0.1174
			0.5308	0.842	0.0965
			0.2856	0.6361	-0.7168
			0.7469	0.6009	-0.2848
			0.7437	0.4719	-0.4735
			-0.3243	-0.5459	0.7726
			0.1362	0.926	0.3521
			0.7303	0.1463	-0.6673
			-0.6695	0.3481	-0.6563
			-0.1362	-0.926	-0.3521
			-0.7303	-0.1463	0.6673
			0.6695	-0.3481	0.6563
		b:
			468.6009
			436.8225
			29.0039
			197.5913
			69.5907
			38.762
			551.2617
			-147.7572
			-120.2082
			-545.2617
			156.7572
			129.2082
	==================================================================================
	Q5:
		Shape: Ellipse
		q_c:	42.0	429.0	373.5
		ub :	51.5312	436.1596	383.0424
		lb :	32.4688	421.8404	363.9576
		P^-1:
			0.0271	-0.0015	0.0034
			-0.0015	0.0326	-0.0004
			0.0034	-0.0004	0.019
	==================================================================================
	Q6:
		Shape: Ellipse
		q_c:	33.0	427.5	375.5
		ub :	41.965	438.564	387.648
		lb :	24.035	416.436	363.352
		P^-1:
			0.0665	0.0422	0.018
			0.0422	0.0526	0.0215
			0.018	0.0215	0.0235


===========================================================================================
===========================================================================================
S9:
	q_c:	245.5	320.0	289.5
	ub :	254.7383	332.447	298.5853
	lb :	235.8439	311.882	281.3565

	==================================================================================
	Q1:
		Shape: Polyhedra
		q_c:	244.5	320.5	286.5
		ub :	247.3211	323.6595	289.1652
		lb :	241.6789	317.3405	283.8348
		A:
			-0.3492	0.4867	-0.8007
			-0.7657	-0.1965	-0.6125
			-0.8917	-0.3081	-0.3316
			-0.7398	0.4692	0.4823
			0.063	-0.0429	0.9971
			0.4914	0.3214	0.8095
			0.0732	0.9889	0.1296
			0.8054	0.0181	-0.5925
			-0.5883	0.1477	-0.7951
			-0.0732	-0.9889	-0.1296
			-0.8054	-0.0181	0.5925
			0.5883	-0.1477	0.7951
		b:
			-157.3158
			-424.1704
			-409.8173
			110.2778
			288.9399
			456.7207
			374.9504
			35.4492
			-323.2684
			-368.9504
			-30.4492
			325.2684
	==================================================================================
	Q2:
		Shape: Polyhedra
		q_c:	250.0	328.0	292.5
		ub :	254.7383	332.447	296.984
		lb :	245.2617	323.553	288.016
		A:
			-0.8359	-0.4217	-0.3514
			-0.0832	-0.9935	-0.0772
			-0.8617	-0.4752	-0.1779
			0.6308	0.7652	-0.1289
			0.9874	-0.0494	0.1502
			0.9336	0.3405	-0.1121
			0.9176	0.3941	0.0527
			0.3869	-0.9156	0.1097
			0.0915	-0.0803	-0.9926
			-0.9176	-0.3941	-0.0527
			-0.3869	0.9156	-0.1097
			-0.0915	0.0803	0.9926
		b:
			-446.5197
			-366.1176
			-419.81
			374.3847
			277.9951
			315.7921
			377.578
			-168.4854
			-289.7663
			-370.578
			174.4854
			297.7663
	==================================================================================
	Q3:
		Shape: Polyhedra
		q_c:	248.0	319.0	285.0
		ub :	251.4815	323.4094	288.6435
		lb :	244.5185	314.5906	281.3565
		A:
			-0.6599	0.7452	0.0963
			0.9792	0.0683	-0.1911
			0.5545	0.317	-0.7695
			0.9538	0.0903	-0.2866
			0.6849	-0.0493	-0.727
			0.287	-0.472	-0.8335
			0.4682	0.8052	0.364
			0.7731	-0.1738	-0.61
			-0.4279	0.567	-0.7039
			-0.4682	-0.8052	-0.364
			-0.7731	0.1738	0.61
			0.4279	-0.567	0.7039
		b:
			103.5695
			212.0402
			21.0237
			185.4013
			-51.998
			-314.8225
			480.1931
			-36.5562
			-123.3699
			-473.1931
			38.5562
			128.3699
	==================================================================================
	Q4:
		Shape: Polyhedra
		q_c:	240.5	325.0	292.5
		ub :	244.9878	329.8136	296.6597
		lb :	236.0122	320.1864	288.3403
		A:
			-0.7874	-0.5208	0.33
			0.47	0.6952	-0.5439
			0.0292	0.1229	-0.992
			0.177	-0.9396	0.2931
			-0.7591	-0.4998	0.4171
			0.1259	0.8932	-0.4316
			0.0288	0.3526	0.9353
			-0.8021	0.5666	-0.1888
			-0.5965	-0.7448	0.2991
			-0.0288	-0.3526	-0.9353
			0.8021	-0.5666	0.1888
			0.5965	0.7448	-0.2991
		b:
			-259.8646
			182.0216
			-240.2711
			-173.8333
			-220.7765
			196.95
			398.1063
			-60.0013
			-296.0207
			-392.1063
			68.0013
			300.0207
	==================================================================================
	Q5:
		Shape: Hybrid
		q_c:	241.0	321.5	288.0
		ub :	246.1561	326.4898	293.3649
		lb :	235.8439	316.5102	282.6351
		P^-1:
			0.1014	-0.0357	-0.0421
			-0.0357	0.1382	-0.0256
			-0.0421	-0.0256	0.1298
		A:
			0.3461	0.5865	-0.7323
			0.997	0.0071	0.0765
			0.4095	0.1384	-0.9018
			0.3269	-0.9362	0.1292
			-0.0994	-0.9555	0.2779
			-0.8016	0.5106	0.3109
		b:
			62.3782
			267.1377
			-115.2513
			-183.7274
			-249.5222
			61.862
	==================================================================================
	Q6:
		Shape: Polyhedra
		q_c:	244.5	317.5	294.0
		ub :	250.3653	323.118	298.5853
		lb :	238.6347	311.882	289.4147
		A:
			-0.9171	0.2454	0.3141
			0.2699	0.4634	-0.8441
			-0.9917	-0.0327	-0.1243
			-0.7704	0.4564	-0.4451
			-0.0309	0.9937	-0.1081
			0.7712	-0.383	0.5084
			0.6452	0.731	0.2222
			0.4638	-0.1437	-0.8742
			-0.6071	0.6671	-0.4318
			-0.6452	-0.731	-0.2222
			-0.4638	0.1437	0.8742
			0.6071	-0.6671	0.4318
		b:
			-50.9093
			-32.0694
			-285.7495
			-170.7836
			279.8849
			219.9916
			459.1583
			-186.7404
			-60.073
			-451.1583
			191.7404
			67.073


===========================================================================================
===========================================================================================
S10:
	q_c:	463.5	470.0	15.5
	ub :	471.0014	483.254	28.6499
	lb :	453.5043	458.9885	3.0734

	==================================================================================
	Q1:
		Shape: Ellipse
		q_c:	466.0	464.5	10.5
		ub :	470.7383	469.2882	15.7403
		lb :	461.2617	459.7118	5.2597
		P^-1:
			0.1221	-0.0242	0.0057
			-0.0242	0.1236	-0.0294
			0.0057	-0.0294	0.107
	==================================================================================
	Q2:
		Shape: Ellipse
		q_c:	464.5	469.0	21.5
		ub :	471.0014	474.7704	28.6499
		lb :	457.9986	463.2296	14.3501
		P^-1:
			0.0586	-0.0032	0.0079
			-0.0032	0.0599	0.0065
			0.0079	0.0065	0.0465
	==================================================================================
	Q3:
		Shape: Ellipse
		q_c:	461.5	474.0	22.5
		ub :	466.1216	479.2434	27.808
		lb :	456.8784	468.7566	17.192
		P^-1:
			0.1103	-0.0023	-0.0059
			-0.0023	0.1049	-0.0161
			-0.0059	-0.0161	0.0696
	==================================================================================
	Q4:
		Shape: Hybrid
		q_c:	457.0	477.0	20.0
		ub :	460.4957	481.2103	23.9895
		lb :	453.5043	472.7897	16.0105
		P^-1:
			0.3877	-0.1025	0.0891
			-0.1025	0.2593	0.161
			0.0891	0.161	0.3043
		A:
			-0.9273	-0.0242	0.3736
			-0.4163	0.7093	0.5689
			-0.0947	0.7107	0.6971
			-0.9192	0.2679	0.2887
			-0.7067	0.6878	-0.1658
			-0.124	-0.6148	-0.7789
		b:
			-425.8923
			160.1924
			310.4407
			-285.2607
			2.9096
			-364.747
	==================================================================================
	Q5:
		Shape: Hybrid
		q_c:	460.5	464.5	8.5
		ub :	464.8616	470.0115	13.9266
		lb :	456.1384	458.9885	3.0734
		P^-1:
			0.2067	-0.0724	0.0113
			-0.0724	0.1282	0.0288
			0.0113	0.0288	0.0756
		A:
			0.1644	-0.9848	-0.0563
			-0.566	0.8057	-0.1747
			0.8441	-0.2108	0.4931
			-0.1154	0.5848	0.8029
			-0.8817	-0.0612	-0.4678
			0.415	0.6385	0.6481
		b:
			-380.1426
			113.7617
			296.4446
			227.3532
			-436.8793
			495.2262
	==================================================================================
	Q6:
		Shape: Hybrid
		q_c:	459.0	478.5	18.0
		ub :	464.1555	483.254	21.8075
		lb :	453.8445	473.746	14.1925
		P^-1:
			0.1714	0.0006	-0.1501
			0.0006	0.1554	-0.1001
			-0.1501	-0.1001	0.3271
		A:
			-0.1935	0.5301	0.8255
			0.5636	0.5587	-0.6084
			0.5606	-0.178	-0.8088
			0.6568	0.0201	-0.7538
			-0.5555	-0.6725	0.4891
			0.6028	-0.162	-0.7813
		b:
			182.0545
			516.4236
			158.6787
			298.4205
			-566.2254
			186.194


===========================================================================================
===========================================================================================
S11:
	q_c:	314.0	323.0	98.5
	ub :	326.474	332.9048	112.3454
	lb :	301.3771	311.0369	84.5765

	==================================================================================
	Q1:
		Shape: Ellipse
		q_c:	306.0	320.5	105.5
		ub :	310.6229	326.432	111.271
		lb :	301.3771	314.568	99.729
		P^-1:
			0.1431	-0.0348	-0.0123
			-0.0348	0.0775	0.0053
			-0.0123	0.0053	0.0644
	==================================================================================
	Q2:
		Shape: Polyhedra
		q_c:	321.0	328.5	90.5
		ub :	326.474	332.9048	96.4235
		lb :	315.526	324.0952	84.5765
		A:
			0.4485	-0.2299	0.8637
			-0.599	-0.8003	-0.0271
			-0.3415	0.7242	0.5991
			0.8552	0.4658	0.2273
			0.2584	0.2876	-0.9222
			0.1024	0.3924	0.9141
			0.6033	0.1701	0.7791
			-0.7916	0.2462	0.5592
			-0.0967	-0.9542	0.2832
			-0.6033	-0.1701	-0.7791
			0.7916	-0.2462	-0.5592
			0.0967	0.9542	-0.2832
		b:
			150.4291
			-454.2914
			185.9415
			451.8181
			97.4484
			248.357
			324.0703
			-119.126
			-315.8438
			-316.0703
			126.126
			321.8438
	==================================================================================
	Q3:
		Shape: Polyhedra
		q_c:	313.5	323.5	102.5
		ub :	320.0139	329.0966	109.3119
		lb :	306.9861	317.9034	95.6881
		A:
			0.6899	0.6471	-0.3244
			0.7506	-0.1765	-0.6368
			-0.78	-0.1226	-0.6136
			-0.3371	-0.2247	-0.9143
			-0.1774	0.4726	0.8632
			0.8568	-0.4156	-0.3051
			0.2252	0.9146	0.3359
			-0.6406	0.3988	-0.6562
			-0.7341	-0.0674	0.6757
			-0.2252	-0.9146	-0.3359
			0.6406	-0.3988	0.6562
			0.7341	0.0674	-0.6757
		b:
			395.6117
			116.0414
			-342.0578
			-267.4519
			189.2224
			106.747
			404.3946
			-133.5967
			-179.6921
			-397.3946
			144.5967
			185.6921
	==================================================================================
	Q4:
		Shape: Polyhedra
		q_c:	311.5	323.0	93.0
		ub :	317.2698	328.6309	97.3246
		lb :	305.7302	317.3691	88.6754
		A:
			-0.132	0.8598	-0.4933
			0.7533	-0.512	-0.4128
			-0.6099	-0.6467	-0.4581
			0.514	0.6437	0.567
			-0.1674	-0.8761	-0.4522
			-0.3548	0.85	-0.3894
			0.8476	0.5304	0.0169
			0.0251	-0.072	0.9971
			0.53	-0.8447	-0.0743
			-0.8476	-0.5304	-0.0169
			-0.0251	0.072	-0.9971
			-0.53	0.8447	0.0743
		b:
			194.4941
			34.6026
			-437.1042
			425.0304
			-373.1887
			131.4637
			441.4096
			81.311
			-111.1441
			-432.4096
			-73.311
			118.1441
	==================================================================================
	Q5:
		Shape: Hybrid
		q_c:	314.5	319.5	96.5
		ub :	323.3927	327.9631	105.6545
		lb :	305.6073	311.0369	87.3455
		P^-1:
			0.0435	-0.016	-0.0038
			-0.016	0.0426	0.0103
			-0.0038	0.0103	0.0331
		A:
			-0.6718	0.7365	-0.0793
			-0.3854	-0.9004	-0.2019
			-0.0995	0.994	0.0455
			0.3785	-0.4656	-0.8
			0.747	-0.17	-0.6428
			-0.737	-0.2138	-0.6412
		b:
			18.7561
			-424.6114
			293.8169
			-104.2886
			121.5795
			-358.4591
	==================================================================================
	Q6:
		Shape: Ellipse
		q_c:	307.5	323.5	108.5
		ub :	312.0628	328.2977	112.3454
		lb :	302.9372	318.7023	104.6546
		P^-1:
			0.2114	0.012	-0.1487
			0.012	0.1184	0.0712
			-0.1487	0.0712	0.3371


===========================================================================================
===========================================================================================
