3D_45_5_6_f                l = 3

===========================================================================================
===========================================================================================
S1:
	q_c:    250.0000    332.5000    291.5000
	ub :    270.0000    349.0000    298.0000
	lb :    230.0000    316.0000    285.0000

	==================================================================================
	Q1:
		Shape: Polyhedra
		q_c:    248.0000    330.0000    299.5000
		ub :    252.1425    333.3368    303.2589
		lb :    243.8575    326.6632    295.7411
		A:
			    0.0154    0.8869    -0.4617
			    -0.4178    0.9033    0.0975
			    -0.1974    -0.7064    -0.6797
			    0.4779    -0.5634    0.6739
			    -0.5922    -0.7800    -0.2020
			    -0.6358    0.6909    -0.3442
			    0.9411    0.2124    0.2631
			    0.2282    -0.9731    -0.0307
			    0.2496    0.0889    -0.9643
			    -0.9411    -0.2124    -0.2631
			    -0.2282    0.9731    0.0307
			    -0.2496    -0.0889    0.9643
		b:
			    160.8560
			    226.2068
			    -482.8548
			    137.2707
			    -461.9816
			    -30.0914
			    385.2986
			    -271.2151
			    -194.5652
			    -379.2986
			    276.2151
			    200.5652
	==================================================================================
	Q2:
		Shape: Hybrid
		q_c:    253.5000    330.0000    298.0000
		ub :    258.5338    334.9475    303.5166
		lb :    248.4662    325.0525    292.4834
		P^-1: 
			    0.1099    0.0279    0.0252
			    0.0279    0.1092    0.0249
			    0.0252    0.0249    0.1042
		A:
			    0.8381    0.5444    0.0351
			    -0.8681    -0.4134    -0.2748
			    -0.4678    -0.0829    -0.8799
			    -0.9602    -0.1636    -0.2264
			    -0.9326    -0.2536    -0.2567
			    0.2779    0.8552    0.4374
		b:
			    404.1397
			    -436.9500
			    -406.5315
			    -363.2185
			    -395.0250
			    484.4842
	==================================================================================
	Q3:
		Shape: Polyhedra
		q_c:    244.5000    330.0000    289.5000
		ub :    249.2924    335.4581    294.6620
		lb :    239.7076    324.5419    284.3380
		A:
			    -0.8345    -0.1960    0.5149
			    0.4419    -0.6389    -0.6297
			    0.0225    0.1992    0.9797
			    -0.9668    -0.2184    -0.1324
			    0.2520    -0.5840    -0.7716
			    0.8929    -0.4440    -0.0749
			    0.7010    0.6931    0.1678
			    0.6975    -0.6172    -0.3641
			    -0.1488    0.3723    -0.9161
			    -0.7010    -0.6931    -0.1678
			    -0.6975    0.6172    0.3641
			    0.1488    -0.3723    0.9161
		b:
			    -116.4376
			    -282.4055
			    358.5393
			    -343.4919
			    -351.4961
			    52.8032
			    452.2072
			    -136.0640
			    -174.7524
			    -445.2072
			    141.0640
			    182.7524
	==================================================================================
	Q4:
		Shape: Ellipse
		q_c:    246.0000    332.0000    297.5000
		ub :    250.8166    337.3800    302.1037
		lb :    241.1834    326.6200    292.8963
		P^-1: 
			    0.1565    0.0785    0.0500
			    0.0785    0.1292    0.0374
			    0.0500    0.0374    0.1085
	==================================================================================
	Q5:
		Shape: Hybrid
		q_c:    253.5000    328.5000    287.5000
		ub :    257.1314    333.4790    292.4441
		lb :    249.8686    323.5210    282.5559
		P^-1: 
			    0.2123    -0.0454    -0.0533
			    -0.0454    0.1101    0.0039
			    -0.0533    0.0039    0.1204
		A:
			    0.9938    0.1101    0.0142
			    0.5261    -0.0971    0.8449
			    0.1384    -0.9166    0.3751
			    -0.4932    0.1080    -0.8632
			    0.2260    -0.7175    0.6589
			    0.7460    0.6660    -0.0005
		b:
			    293.7369
			    346.5669
			    -156.1921
			    -335.5123
			    12.9830
			    409.9044
	==================================================================================
	Q6:
		Shape: Ellipse
		q_c:    253.5000    332.5000    289.0000
		ub :    258.0567    337.2600    291.7930
		lb :    248.9433    327.7400    286.2070
		P^-1: 
			    0.0993    -0.0144    -0.0004
			    -0.0144    0.0937    -0.0042
			    -0.0004    -0.0042    0.1597


===========================================================================================
===========================================================================================
S2:
	q_c:    45.0000    50.5000    268.5000
	ub :    56.0000    59.0000    288.0000
	lb :    34.0000    42.0000    249.0000

	==================================================================================
	Q1:
		Shape: Polyhedra
		q_c:    41.5000    50.0000    273.0000
		ub :    45.6677    53.0472    276.9004
		lb :    37.3323    46.9528    269.0996
		A:
			    0.0126    0.8175    -0.5758
			    0.8312    0.4718    0.2942
			    -0.0563    0.9788    0.1969
			    -0.6410    -0.2130    -0.7374
			    0.3296    0.0203    0.9439
			    0.8905    0.4224    0.1690
			    0.4657    0.8820    0.0726
			    0.1136    0.0218    -0.9933
			    -0.8776    0.4708    -0.0900
			    -0.4657    -0.8820    -0.0726
			    -0.1136    -0.0218    0.9933
			    0.8776    -0.4708    0.0900
		b:
			    -113.0435
			    140.7285
			    102.5851
			    -235.4984
			    275.7939
			    106.6360
			    84.7497
			    -261.8649
			    -33.9464
			    -81.7497
			    268.8649
			    40.9464
	==================================================================================
	Q2:
		Shape: Hybrid
		q_c:    41.5000    49.0000    262.0000
		ub :    47.2089    53.4282    267.5977
		lb :    35.7911    44.5718    256.4023
		P^-1: 
			    0.0551    -0.0067    0.0170
			    -0.0067    0.1325    -0.0371
			    0.0170    -0.0371    0.1034
		A:
			    -0.5413    0.1660    0.8243
			    -0.1338    0.9610    0.2418
			    -0.8979    -0.2067    -0.3886
			    0.3187    -0.9109    0.2619
			    -0.7301    -0.6571    -0.1876
			    0.7013    0.4184    0.5772
		b:
			    204.5007
			    106.8549
			    -146.4838
			    38.7396
			    -109.1296
			    203.2763
	==================================================================================
	Q3:
		Shape: Ellipse
		q_c:    48.5000    58.5000    269.5000
		ub :    53.9263    63.3165    274.7906
		lb :    43.0737    53.6835    264.2094
		P^-1: 
			    0.1026    -0.0097    -0.0092
			    -0.0097    0.1002    -0.0105
			    -0.0092    -0.0105    0.1011
	==================================================================================
	Q4:
		Shape: Ellipse
		q_c:    52.5000    57.5000    265.0000
		ub :    58.7601    63.4641    270.9333
		lb :    46.2399    51.5359    259.0667
		P^-1: 
			    0.0828    -0.0228    0.0153
			    -0.0228    0.0918    0.0068
			    0.0153    0.0068    0.0675
	==================================================================================
	Q5:
		Shape: Ellipse
		q_c:    46.5000    50.0000    267.5000
		ub :    51.4206    55.8447    273.3456
		lb :    41.5794    44.1553    261.6544
		P^-1: 
			    0.1708    -0.0971    -0.0135
			    -0.0971    0.1271    0.0108
			    -0.0135    0.0108    0.0509
	==================================================================================
	Q6:
		Shape: Ellipse
		q_c:    48.5000    49.0000    265.0000
		ub :    52.8273    53.9673    270.3791
		lb :    44.1727    44.0327    259.6209
		P^-1: 
			    0.3472    -0.1586    -0.0617
			    -0.1586    0.1339    0.0328
			    -0.0617    0.0328    0.0621


===========================================================================================
===========================================================================================
S3:
	q_c:    131.5000    370.5000    324.0000
	ub :    140.0000    378.0000    342.0000
	lb :    123.0000    363.0000    306.0000

	==================================================================================
	Q1:
		Shape: Ellipse
		q_c:    135.5000    372.0000    321.5000
		ub :    138.8412    375.8437    326.0685
		lb :    132.1588    368.1563    316.9315
		P^-1: 
			    0.1568    0.0005    -0.0153
			    0.0005    0.1092    0.0073
			    -0.0153    0.0073    0.0868
	==================================================================================
	Q2:
		Shape: Polyhedra
		q_c:    127.5000    373.0000    325.5000
		ub :    132.1617    377.7273    330.6515
		lb :    122.8383    368.2727    320.3485
		A:
			    0.4130    -0.3837    0.8260
			    -0.8380    0.2730    -0.4725
			    -0.1898    0.7571    -0.6251
			    0.6624    0.6056    -0.4410
			    -0.6806    0.7318    -0.0336
			    -0.6680    0.5984    -0.4424
			    0.8205    0.3898    0.4180
			    0.0897    -0.8101    0.5793
			    0.5645    -0.4379    -0.6997
			    -0.8205    -0.3898    -0.4180
			    -0.0897    0.8101    -0.5793
			    -0.5645    0.4379    0.6997
		b:
			    181.0656
			    -155.9378
			    57.2489
			    169.6854
			    178.2879
			    -3.2379
			    389.0928
			    -99.6685
			    -315.6072
			    -383.0928
			    104.6685
			    322.6072
	==================================================================================
	Q3:
		Shape: Polyhedra
		q_c:    137.5000    376.5000    320.0000
		ub :    141.5727    380.2921    323.5156
		lb :    133.4273    372.7079    316.4844
		A:
			    -0.2612    0.1241    -0.9573
			    0.4619    -0.8431    0.2753
			    0.6708    -0.5319    -0.5168
			    0.4910    -0.6043    -0.6274
			    0.1553    0.2255    0.9618
			    0.6138    0.7574    -0.2226
			    0.9573    0.2356    0.1677
			    0.2420    -0.9701    -0.0185
			    0.1583    0.0583    -0.9857
			    -0.9573    -0.2356    -0.1677
			    -0.2420    0.9701    0.0185
			    -0.1583    -0.0583    0.9857
		b:
			    -292.5256
			    -162.8389
			    -270.4116
			    -357.8079
			    417.0170
			    301.3344
			    276.9798
			    -334.8982
			    -268.6954
			    -270.9798
			    340.8982
			    274.6954
	==================================================================================
	Q4:
		Shape: Hybrid
		q_c:    127.5000    366.0000    321.5000
		ub :    131.4151    369.3628    325.5842
		lb :    123.5849    362.6372    317.4158
		P^-1: 
			    0.1356    -0.0087    -0.0235
			    -0.0087    0.3540    -0.1405
			    -0.0235    -0.1405    0.2259
		A:
			    -0.5051    -0.6221    0.5983
			    0.3878    0.9193    0.0665
			    -0.4407    0.6335    -0.6360
			    0.8686    -0.2829    -0.4068
			    -0.0496    -0.6811    -0.7305
			    -0.2507    -0.8981    -0.3613
		b:
			    -98.6179
			    408.8377
			    -27.5958
			    -121.8191
			    -488.4635
			    -475.0449
	==================================================================================
	Q5:
		Shape: Ellipse
		q_c:    130.5000    370.0000    328.0000
		ub :    135.4198    375.5229    332.0146
		lb :    125.5802    364.4771    323.9854
		P^-1: 
			    0.1055    0.0177    -0.0010
			    0.0177    0.0552    0.0032
			    -0.0010    0.0032    0.1109
	==================================================================================
	Q6:
		Shape: Polyhedra
		q_c:    133.0000    370.0000    330.0000
		ub :    138.8160    375.4313    335.4171
		lb :    127.1840    364.5687    324.5829
		A:
			    -0.9869    -0.0607    -0.1497
			    -0.2889    -0.1140    -0.9505
			    0.1561    0.8728    -0.4625
			    -0.3046    -0.1680    0.9375
			    0.0383    0.8626    -0.5045
			    0.2163    0.8124    -0.5416
			    0.7375    0.4023    0.5424
			    -0.6639    0.5788    0.4735
			    -0.1235    -0.7093    0.6940
			    -0.7375    -0.4023    -0.5424
			    0.6639    -0.5788    -0.4735
			    0.1235    0.7093    -0.6940
		b:
			    -199.2942
			    -391.0208
			    193.2724
			    209.7558
			    160.0072
			    152.7208
			    429.4290
			    286.6105
			    -47.8716
			    -422.4290
			    -277.6105
			    51.8716


===========================================================================================
===========================================================================================
S4:
	q_c:    493.5000    362.0000    215.0000
	ub :    511.0000    370.0000    242.0000
	lb :    476.0000    354.0000    188.0000

	==================================================================================
	Q1:
		Shape: Polyhedra
		q_c:    491.5000    367.0000    223.5000
		ub :    497.1127    373.0510    229.0299
		lb :    485.8873    360.9490    217.9701
		A:
			    0.9160    -0.2992    0.2673
			    -0.1050    -0.9713    0.2136
			    0.5732    0.7295    -0.3731
			    -0.2214    -0.8838    0.4123
			    0.5425    0.2293    0.8082
			    -0.9230    0.3671    -0.1155
			    0.8069    0.5787    0.1183
			    0.3081    -0.5833    0.7516
			    0.5039    -0.5700    -0.6489
			    -0.8069    -0.5787    -0.1183
			    -0.3081    0.5833    -0.7516
			    -0.5039    0.5700    0.6489
		b:
			    403.4887
			    -357.0690
			    469.1350
			    -337.9910
			    534.6601
			    -341.1299
			    638.4204
			    108.3446
			    -102.0689
			    -632.4204
			    -102.3446
			    111.0689
	==================================================================================
	Q2:
		Shape: Hybrid
		q_c:    496.0000    369.0000    215.0000
		ub :    500.2725    374.3621    219.6300
		lb :    491.7275    363.6379    210.3700
		P^-1: 
			    0.1077    -0.0135    0.0032
			    -0.0135    0.0526    -0.0021
			    0.0032    -0.0021    0.0626
		A:
			    -0.6027    0.6311    -0.4883
			    0.8125    -0.4146    -0.4099
			    -0.4474    -0.3085    0.8394
			    0.5381    -0.4835    0.6904
			    -0.3180    -0.8674    0.3828
			    -0.1347    -0.4545    -0.8805
		b:
			    -169.0137
			    163.7174
			    -152.8074
			    239.0157
			    -392.5771
			    -421.1947
	==================================================================================
	Q3:
		Shape: Ellipse
		q_c:    490.0000    358.5000    220.0000
		ub :    496.5756    365.6174    226.3475
		lb :    483.4244    351.3826    213.6525
		P^-1: 
			    0.0942    0.0144    0.0542
			    0.0144    0.0513    0.0229
			    0.0542    0.0229    0.1039
	==================================================================================
	Q4:
		Shape: Hybrid
		q_c:    501.5000    357.5000    223.0000
		ub :    505.7156    360.8631    227.3690
		lb :    497.2844    354.1369    218.6310
		P^-1: 
			    0.1511    0.0363    -0.0076
			    0.0363    0.2151    0.0479
			    -0.0076    0.0479    0.1550
		A:
			    0.9107    0.4068    0.0718
			    0.0105    -0.3606    0.9327
			    -0.6288    -0.7536    -0.1916
			    -0.4646    0.8233    0.3262
			    0.0832    -0.0650    -0.9944
			    0.8772    0.4648    -0.1206
		b:
			    619.5360
			    86.1558
			    -626.3855
			    135.4795
			    -201.6652
			    580.5185
	==================================================================================
	Q5:
		Shape: Polyhedra
		q_c:    492.5000    364.0000    210.5000
		ub :    498.1609    369.1294    215.5406
		lb :    486.8391    358.8706    205.4594
		A:
			    -0.5391    -0.6356    0.5527
			    0.5886    0.0562    0.8065
			    -0.8787    0.4755    -0.0420
			    0.7510    0.6107    -0.2511
			    -0.2028    -0.6748    -0.7096
			    -0.7943    0.4856    -0.3651
			    0.7765    0.5647    0.2797
			    0.5145    -0.8244    0.2361
			    0.3639    -0.0394    -0.9306
			    -0.7765    -0.5647    -0.2797
			    -0.5145    0.8244    -0.2361
			    -0.3639    0.0394    0.9306
		b:
			    -377.1037
			    483.4606
			    -264.7529
			    542.4670
			    -491.5674
			    -287.4628
			    649.8324
			    6.9875
			    -27.5069
			    -643.8324
			    1.0125
			    34.5069
	==================================================================================
	Q6:
		Shape: Polyhedra
		q_c:    499.5000    362.0000    213.0000
		ub :    507.1688    369.3672    218.2997
		lb :    491.8312    354.6328    207.7003
		A:
			    0.0712    0.6338    -0.7702
			    0.3898    -0.4739    0.7896
			    0.0972    -0.3479    -0.9325
			    0.2841    0.4244    -0.8597
			    0.3880    -0.9088    0.1532
			    -0.8390    0.2420    0.4873
			    0.6477    0.7359    0.1976
			    0.3818    -0.0890    -0.9200
			    -0.6594    0.6713    -0.3386
			    -0.6477    -0.7359    -0.1976
			    -0.3818    0.0890    0.9200
			    0.6594    -0.6713    0.3386
		b:
			    104.8912
			    195.1016
			    -272.4039
			    116.0007
			    -98.2237
			    -224.0816
			    637.9767
			    -34.4750
			    -154.4750
			    -625.9767
			    40.4750
			    162.4750


===========================================================================================
===========================================================================================
S5:
	q_c:    399.5000    162.5000    490.0000
	ub :    413.0000    175.0000    506.0000
	lb :    386.0000    150.0000    474.0000

	==================================================================================
	Q1:
		Shape: Hybrid
		q_c:    407.5000    165.5000    481.5000
		ub :    410.7542    169.9019    485.5489
		lb :    404.2458    161.0981    477.4511
		P^-1: 
			    0.1564    -0.0121    -0.0040
			    -0.0121    0.1144    0.0011
			    -0.0040    0.0011    0.1115
		A:
			    -0.0367    0.9844    0.1723
			    0.9924    0.0210    -0.1213
			    -0.7531    0.6484    -0.1117
			    0.8276    0.5612    -0.0005
			    -0.1372    0.3449    0.9286
			    -0.6859    0.7254    -0.0573
		b:
			    232.6112
			    350.7878
			    -251.9880
			    431.4705
			    449.9939
			    -185.6261
	==================================================================================
	Q2:
		Shape: Polyhedra
		q_c:    397.0000    172.0000    485.5000
		ub :    403.9083    180.5914    489.8535
		lb :    390.0917    163.4086    481.1465
		A:
			    0.6635    0.3643    0.6535
			    0.6292    0.6671    -0.3989
			    -0.8748    -0.4842    0.0176
			    0.5058    0.8257    -0.2499
			    -0.1141    -0.2551    -0.9602
			    -0.2382    0.3418    0.9091
			    0.7005    0.3208    0.6375
			    -0.5935    -0.2343    0.7700
			    0.3964    -0.9177    0.0263
			    -0.7005    -0.3208    -0.6375
			    0.5935    0.2343    -0.7700
			    -0.3964    0.9177    -0.0263
		b:
			    646.8573
			    174.6346
			    -418.8603
			    226.3024
			    -551.9862
			    409.4770
			    646.2748
			    100.4427
			    19.7871
			    -639.2748
			    -95.4427
			    -4.7871
	==================================================================================
	Q3:
		Shape: Hybrid
		q_c:    400.5000    167.0000    499.5000
		ub :    409.5367    175.0856    508.5647
		lb :    391.4633    158.9144    490.4353
		P^-1: 
			    0.0354    0.0066    0.0043
			    0.0066    0.0272    0.0016
			    0.0043    0.0016    0.0188
		A:
			    0.2674    -0.9203    0.2855
			    -0.8480    0.0760    0.5245
			    -0.8123    -0.0741    0.5785
			    -0.5099    0.0115    -0.8601
			    0.5679    0.5522    -0.6104
			    -0.5961    -0.6087    -0.5235
		b:
			    99.9894
			    -60.8483
			    -44.6253
			    -627.8932
			    18.8638
			    -598.9408
	==================================================================================
	Q4:
		Shape: Hybrid
		q_c:    391.5000    168.5000    496.0000
		ub :    399.3088    177.5290    503.1528
		lb :    383.6912    159.4710    488.8472
		P^-1: 
			    0.0486    0.0076    -0.0261
			    0.0076    0.0435    -0.0341
			    -0.0261    -0.0341    0.0794
		A:
			    0.7838    -0.1947    -0.5897
			    0.7407    -0.0931    -0.6654
			    0.4605    0.8680    -0.1859
			    -0.0073    -0.1458    0.9893
			    0.6678    0.5344    -0.5181
			    -0.0167    0.7761    -0.6303
		b:
			    -15.6176
			    -53.2145
			    238.1237
			    466.0284
			    96.7609
			    -186.1181
	==================================================================================
	Q5:
		Shape: Ellipse
		q_c:    404.5000    155.0000    495.0000
		ub :    410.3925    161.9526    502.1934
		lb :    398.6075    148.0474    487.8066
		P^-1: 
			    0.0766    -0.0099    0.0067
			    -0.0099    0.0618    0.0110
			    0.0067    0.0110    0.0335
	==================================================================================
	Q6:
		Shape: Polyhedra
		q_c:    403.5000    152.0000    493.5000
		ub :    410.9789    158.0530    499.2819
		lb :    396.0211    145.9470    487.7181
		A:
			    0.5456    0.8353    0.0686
			    0.1467    0.5573    -0.8172
			    0.1740    0.5133    -0.8404
			    0.6784    -0.6234    -0.3887
			    0.7063    0.2397    -0.6661
			    -0.6124    0.7147    -0.3378
			    0.7157    0.5489    0.4318
			    0.4999    -0.8344    0.2321
			    0.4877    0.0498    -0.8716
			    -0.7157    -0.5489    -0.4318
			    -0.4999    0.8344    -0.2321
			    -0.4877    -0.0498    0.8716
		b:
			    387.2181
			    -256.8630
			    -263.9825
			    -10.3289
			    -3.9206
			    -302.3892
			    592.3122
			    191.9511
			    -223.2794
			    -578.3122
			    -186.9511
			    228.2794


===========================================================================================
===========================================================================================
