3D_40_20_6_b                l = 3

===========================================================================================
===========================================================================================
S1:
	q_c:    143.5000    220.5000    457.5000
	ub :    153.0000    249.0000    469.0000
	lb :    134.0000    192.0000    446.0000

	==================================================================================
	Q1:
		Shape: Hybrid
		q_c:    146.5000    215.0000    464.5000
		ub :    152.2207    220.4823    468.9868
		lb :    140.7793    209.5177    460.0132
		P^-1: 
			    0.0768    -0.0186    -0.0357
			    -0.0186    0.1938    -0.1720
			    -0.0357    -0.1720    0.3249
		A:
			    0.0496    -0.8759    0.4800
			    0.2590    0.3009    -0.9178
			    0.1577    0.4846    -0.8604
			    0.0014    -0.2319    0.9727
			    -0.4938    -0.3158    0.8102
			    -0.3783    0.8951    -0.2358
		b:
			    43.3315
			    -322.6726
			    -271.5744
			    403.5372
			    237.4692
			    29.2521
	==================================================================================
	Q2:
		Shape: Polyhedra
		q_c:    152.5000    217.0000    460.0000
		ub :    157.1216    220.9090    465.3099
		lb :    147.8784    213.0910    454.6901
		A:
			    -0.8510    -0.4860    -0.1988
			    0.9362    -0.2537    -0.2432
			    0.4093    -0.5751    0.7083
			    0.2957    -0.1703    -0.9400
			    -0.9709    -0.2392    0.0077
			    0.2556    0.3221    -0.9116
			    0.9480    0.1475    0.2820
			    -0.2853    0.0011    0.9584
			    0.1411    -0.9891    0.0431
			    -0.9480    -0.1475    -0.2820
			    0.2853    -0.0011    -0.9584
			    -0.1411    0.9891    -0.0431
		b:
			    -323.6492
			    -20.6613
			    267.1922
			    -419.7834
			    -193.2574
			    -306.0424
			    309.3136
			    402.1018
			    -169.7918
			    -303.3136
			    -393.1018
			    176.7918
	==================================================================================
	Q3:
		Shape: Ellipse
		q_c:    149.5000    223.5000    454.5000
		ub :    153.1688    228.9275    457.0097
		lb :    145.8312    218.0725    451.9903
		P^-1: 
			    0.1110    0.0006    0.0325
			    0.0006    0.1308    0.2788
			    0.0325    0.2788    0.9094
	==================================================================================
	Q4:
		Shape: Hybrid
		q_c:    139.5000    222.5000    462.5000
		ub :    143.4890    229.1391    469.1220
		lb :    135.5110    215.8609    455.8780
		P^-1: 
			    0.2136    -0.0593    -0.0530
			    -0.0593    0.0715    0.0068
			    -0.0530    0.0068    0.0675
		A:
			    0.5067    -0.1963    -0.8395
			    -0.9478    0.2947    0.1217
			    -0.5852    0.5102    0.6303
			    -0.8610    0.3500    -0.3689
			    -0.2247    0.8309    0.5091
			    -0.2881    0.7626    0.5791
		b:
			    -358.9252
			    -9.2415
			    325.4095
			    -210.7419
			    392.0901
			    400.3138
	==================================================================================
	Q5:
		Shape: Hybrid
		q_c:    145.5000    219.0000    448.5000
		ub :    150.2702    223.6151    453.1982
		lb :    140.7298    214.3849    443.8018
		P^-1: 
			    0.1327    -0.0057    -0.0236
			    -0.0057    0.1126    0.0063
			    -0.0236    0.0063    0.1369
		A:
			    -0.7261    -0.5853    0.3609
			    -0.5209    -0.0185    -0.8534
			    0.2645    0.1576    0.9514
			    -0.2491    0.9418    0.2256
			    0.7963    -0.5727    0.1948
			    -0.9787    0.1047    -0.1768
		b:
			    -70.3853
			    -460.8829
			    501.3269
			    272.8466
			    79.4178
			    -197.1424
	==================================================================================
	Q6:
		Shape: Polyhedra
		q_c:    142.0000    221.5000    460.5000
		ub :    145.7981    227.3764    466.3253
		lb :    138.2019    215.6236    454.6747
		A:
			    -0.0967    0.9167    0.3877
			    0.9847    0.1295    -0.1170
			    -0.7919    0.1881    0.5810
			    -0.6418    -0.2057    0.7388
			    0.9509    -0.1127    -0.2881
			    0.9966    0.0329    -0.0751
			    0.3152    0.7809    0.5394
			    0.8766    -0.0217    -0.4808
			    -0.3637    0.6243    -0.6913
			    -0.3152    -0.7809    -0.5394
			    -0.8766    0.0217    0.4808
			    0.3637    -0.6243    0.6913
		b:
			    371.4061
			    116.4464
			    198.0003
			    205.7504
			    -21.1272
			    116.2088
			    469.6019
			    -100.7184
			    -226.7085
			    -462.6019
			    102.7184
			    236.7085


===========================================================================================
===========================================================================================
S2:
	q_c:    93.0000    468.0000    499.5000
	ub :    120.0000    474.0000    519.0000
	lb :    66.0000    462.0000    480.0000

	==================================================================================
	Q1:
		Shape: Hybrid
		q_c:    96.5000    462.0000    498.0000
		ub :    100.5864    466.4273    501.8618
		lb :    92.4136    457.5727    494.1382
		P^-1: 
			    0.1194    0.0175    0.0055
			    0.0175    0.1524    -0.0024
			    0.0055    -0.0024    0.1592
		A:
			    -0.0444    0.9315    -0.3610
			    0.2674    -0.9343    0.2358
			    -0.8136    -0.5806    -0.0297
			    0.7474    -0.2522    -0.6146
			    -0.7726    -0.3056    0.5566
			    0.1306    0.9661    0.2227
		b:
			    247.6365
			    -286.9784
			    -360.1553
			    -348.8537
			    62.9386
			    571.1326
	==================================================================================
	Q2:
		Shape: Hybrid
		q_c:    90.0000    465.5000    498.0000
		ub :    94.8138    470.1433    501.7230
		lb :    85.1862    460.8567    494.2770
		P^-1: 
			    0.1182    -0.0319    0.0779
			    -0.0319    0.1910    -0.1489
			    0.0779    -0.1489    0.3280
		A:
			    -0.2351    0.2126    -0.9484
			    0.1962    -0.3156    -0.9284
			    0.8428    -0.2687    0.4664
			    0.3837    -0.6135    0.6902
			    0.4780    -0.2240    0.8493
			    -0.8587    -0.4790    0.1822
		b:
			    -393.4825
			    -589.3378
			    184.7618
			    93.5722
			    362.7253
			    -207.2382
	==================================================================================
	Q3:
		Shape: Ellipse
		q_c:    90.0000    472.0000    497.5000
		ub :    94.1834    476.1095    499.7593
		lb :    85.8166    467.8905    495.2407
		P^-1: 
			    0.1120    0.0004    0.0109
			    0.0004    0.1113    0.0054
			    0.0109    0.0054    0.2489
	==================================================================================
	Q4:
		Shape: Ellipse
		q_c:    89.5000    462.5000    494.5000
		ub :    93.9304    467.5529    499.9175
		lb :    85.0696    457.4471    489.0825
		P^-1: 
			    0.3055    -0.1780    0.0293
			    -0.1780    0.2101    -0.0105
			    0.0293    -0.0105    0.0730
	==================================================================================
	Q5:
		Shape: Ellipse
		q_c:    93.5000    471.5000    497.5000
		ub :    96.7313    474.6302    500.9647
		lb :    90.2687    468.3698    494.0353
		P^-1: 
			    0.2715    -0.1397    -0.0005
			    -0.1397    0.3308    0.0149
			    -0.0005    0.0149    0.1132
	==================================================================================
	Q6:
		Shape: Ellipse
		q_c:    97.0000    464.5000    497.5000
		ub :    101.8185    469.4366    501.4885
		lb :    92.1815    459.5634    493.5115
		P^-1: 
			    0.0951    0.0225    -0.0091
			    0.0225    0.1407    -0.0658
			    -0.0091    -0.0658    0.2070


===========================================================================================
===========================================================================================
S3:
	q_c:    382.5000    406.0000    74.5000
	ub :    394.0000    423.0000    109.0000
	lb :    371.0000    389.0000    40.0000

	==================================================================================
	Q1:
		Shape: Ellipse
		q_c:    393.0000    399.0000    63.5000
		ub :    398.7294    405.9260    69.1867
		lb :    387.2706    392.0740    57.8133
		P^-1: 
			    0.5174    0.2654    -0.3976
			    0.2654    0.1652    -0.2246
			    -0.3976    -0.2246    0.3871
	==================================================================================
	Q2:
		Shape: Polyhedra
		q_c:    382.5000    412.0000    72.5000
		ub :    390.4700    419.0973    81.3837
		lb :    374.5300    404.9027    63.6163
		A:
			    0.5877    -0.6052    -0.5370
			    0.2820    -0.9451    -0.1653
			    -0.7020    -0.5296    -0.4762
			    0.4338    0.8955    0.0996
			    -0.6597    -0.0633    -0.7489
			    0.3406    -0.9140    0.2204
			    0.9564    0.0252    0.2911
			    -0.2586    -0.3910    0.8833
			    0.1361    -0.9200    -0.3674
			    -0.9564    -0.0252    -0.2911
			    0.2586    0.3910    -0.8833
			    -0.1361    0.9200    0.3674
		b:
			    -58.1803
			    -288.4031
			    -515.5210
			    547.4630
			    -326.7323
			    -224.9297
			    403.2904
			    -189.9584
			    -348.6483
			    -391.2904
			    201.9584
			    358.6483
	==================================================================================
	Q3:
		Shape: Hybrid
		q_c:    369.0000    408.0000    83.0000
		ub :    375.2157    417.6003    92.4177
		lb :    362.7843    398.3997    73.5823
		P^-1: 
			    0.0753    -0.0254    -0.0295
			    -0.0254    0.0381    0.0249
			    -0.0295    0.0249    0.0485
		A:
			    0.8763    -0.4707    0.1022
			    0.8782    -0.2547    -0.4048
			    -0.9071    0.0509    0.4177
			    0.2187    0.8347    -0.5054
			    -0.4388    0.8967    0.0583
			    -0.8113    -0.5832    0.0404
		b:
			    142.8783
			    188.2963
			    -277.0104
			    385.2388
			    212.7493
			    -529.6151
	==================================================================================
	Q4:
		Shape: Ellipse
		q_c:    392.0000    406.0000    82.0000
		ub :    398.2423    414.5328    89.9627
		lb :    385.7577    397.4672    74.0373
		P^-1: 
			    0.0969    0.0282    -0.0533
			    0.0282    0.0461    -0.0350
			    -0.0533    -0.0350    0.0807
	==================================================================================
	Q5:
		Shape: Ellipse
		q_c:    392.0000    411.5000    75.5000
		ub :    398.1986    417.1772    82.1868
		lb :    385.8014    405.8228    68.8132
		P^-1: 
			    0.0853    -0.0488    0.0203
			    -0.0488    0.1155    -0.0252
			    0.0203    -0.0252    0.0363
	==================================================================================
	Q6:
		Shape: Hybrid
		q_c:    393.0000    411.0000    87.5000
		ub :    402.8061    419.7306    96.1617
		lb :    383.1939    402.2694    78.8383
		P^-1: 
			    0.0311    -0.0020    -0.0155
			    -0.0020    0.0429    -0.0139
			    -0.0155    -0.0139    0.0463
		A:
			    -0.0354    0.9523    -0.3030
			    0.2868    0.4511    -0.8451
			    -0.2824    -0.2163    0.9346
			    -0.5956    -0.7869    0.1613
			    -0.1908    -0.4688    0.8625
			    0.9106    -0.0995    -0.4012
		b:
			    353.5906
			    226.2542
			    -115.7419
			    -539.6694
			    -190.0154
			    285.0261


===========================================================================================
===========================================================================================
S4:
	q_c:    506.0000    337.5000    128.0000
	ub :    531.0000    348.0000    149.0000
	lb :    481.0000    327.0000    107.0000

	==================================================================================
	Q1:
		Shape: Ellipse
		q_c:    504.0000    340.0000    135.5000
		ub :    512.4794    347.6514    142.0962
		lb :    495.5206    332.3486    128.9038
		P^-1: 
			    0.0343    0.0204    -0.0059
			    0.0204    0.0634    -0.0152
			    -0.0059    -0.0152    0.0476
	==================================================================================
	Q2:
		Shape: Ellipse
		q_c:    505.0000    331.5000    123.5000
		ub :    511.0249    336.6471    129.7622
		lb :    498.9751    326.3529    117.2378
		P^-1: 
			    0.1302    0.0891    0.0340
			    0.0891    0.1769    0.0096
			    0.0340    0.0096    0.0646
	==================================================================================
	Q3:
		Shape: Ellipse
		q_c:    515.5000    337.0000    124.0000
		ub :    518.0087    344.6519    132.0941
		lb :    512.9913    329.3481    115.9059
		P^-1: 
			    0.2489    -0.0156    -0.0012
			    -0.0156    0.0329    0.0033
			    -0.0012    0.0033    0.0250
	==================================================================================
	Q4:
		Shape: Hybrid
		q_c:    507.5000    337.0000    139.0000
		ub :    512.2956    340.2222    142.5267
		lb :    502.7044    333.7778    135.4733
		P^-1: 
			    0.1434    0.0002    -0.1681
			    0.0002    0.1111    -0.0061
			    -0.1681    -0.0061    0.3505
		A:
			    0.5903    0.0360    -0.8064
			    0.8233    -0.5141    -0.2405
			    -0.1033    -0.5447    -0.8323
			    0.1500    -0.4912    0.8580
			    0.9619    0.2692    0.0472
			    -0.8164    -0.5763    -0.0361
		b:
			    200.4516
			    213.6262
			    -349.4103
			    32.1073
			    588.7619
			    -610.5196
	==================================================================================
	Q5:
		Shape: Ellipse
		q_c:    517.0000    334.0000    134.5000
		ub :    527.4561    344.0623    141.8591
		lb :    506.5439    323.9377    127.1409
		P^-1: 
			    0.0226    -0.0014    -0.0023
			    -0.0014    0.0221    -0.0014
			    -0.0023    -0.0014    0.0324
	==================================================================================
	Q6:
		Shape: Hybrid
		q_c:    496.0000    347.0000    120.0000
		ub :    503.1036    354.8142    126.8073
		lb :    488.8964    339.1858    113.1927
		P^-1: 
			    0.0455    -0.0030    0.0040
			    -0.0030    0.0492    0.0081
			    0.0040    0.0081    0.0572
		A:
			    0.8331    0.5012    0.2339
			    -0.2220    0.4191    0.8804
			    0.5802    -0.6903    -0.4323
			    -0.6263    -0.1620    0.7626
			    0.3526    -0.9239    0.1490
			    0.1907    0.1197    0.9743
		b:
			    617.8664
			    143.0649
			    -1.3536
			    -272.5799
			    -125.2894
			    255.1377


===========================================================================================
===========================================================================================
S5:
	q_c:    480.5000    141.0000    458.0000
	ub :    488.0000    163.0000    478.0000
	lb :    473.0000    119.0000    438.0000

	==================================================================================
	Q1:
		Shape: Polyhedra
		q_c:    475.0000    138.0000    451.0000
		ub :    478.1136    141.3977    452.7327
		lb :    471.8864    134.6023    449.2673
		A:
			    0.2884    0.8038    -0.5203
			    -0.0400    0.4259    -0.9039
			    0.1670    0.2270    -0.9595
			    0.4384    0.6316    -0.6394
			    -0.0230    -0.5794    0.8147
			    0.3208    0.9318    0.1698
			    0.7559    0.6328    0.1680
			    0.6545    -0.7367    -0.1699
			    0.0163    0.2384    -0.9710
			    -0.7559    -0.6328    -0.1680
			    -0.6545    0.7367    0.1699
			    -0.0163    -0.2384    0.9710
		b:
			    14.7540
			    -366.7418
			    -320.9960
			    8.2862
			    277.8184
			    359.5786
			    523.6470
			    135.6107
			    -396.2995
			    -520.6470
			    -129.6107
			    398.2995
	==================================================================================
	Q2:
		Shape: Polyhedra
		q_c:    479.5000    138.0000    459.5000
		ub :    483.2093    141.4196    463.1761
		lb :    475.7907    134.5804    455.8239
		A:
			    -0.8258    -0.4755    -0.3033
			    -0.6001    -0.6194    -0.5062
			    -0.7547    -0.6159    -0.2258
			    -0.0938    -0.1578    0.9830
			    -0.3788    0.9052    0.1926
			    -0.0801    0.3687    0.9261
			    0.3886    0.6722    0.6302
			    -0.6511    0.6843    -0.3284
			    -0.6520    -0.2827    0.7035
			    -0.3886    -0.6722    -0.6302
			    0.6511    -0.6843    0.3284
			    0.6520    0.2827    -0.7035
		b:
			    -598.8299
			    -603.7886
			    -548.5276
			    387.2588
			    33.8069
			    440.1949
			    570.6672
			    -366.6697
			    -25.8687
			    -566.6672
			    370.6697
			    30.8687
	==================================================================================
	Q3:
		Shape: Polyhedra
		q_c:    479.5000    139.0000    454.0000
		ub :    482.6689    141.0023    457.7041
		lb :    476.3311    136.9977    450.2959
		A:
			    -0.6091    0.6552    0.4469
			    0.4003    0.8924    -0.2086
			    0.1627    0.9728    -0.1649
			    0.1865    -0.9363    0.2975
			    -0.4573    0.2968    -0.8383
			    -0.4702    -0.6512    0.5958
			    0.4413    0.2337    0.8664
			    -0.8958    0.1722    0.4098
			    -0.0534    -0.9570    0.2853
			    -0.4413    -0.2337    -0.8664
			    0.8958    -0.1722    -0.4098
			    0.0534    0.9570    -0.2853
		b:
			    3.8594
			    222.5443
			    139.4607
			    95.4700
			    -555.9760
			    -44.0243
			    640.4279
			    -217.5340
			    -28.1165
			    -634.4279
			    221.5340
			    30.1165
	==================================================================================
	Q4:
		Shape: Polyhedra
		q_c:    480.0000    143.0000    453.5000
		ub :    483.3812    147.0347    457.5017
		lb :    476.6188    138.9653    449.4983
		A:
			    -0.6874    0.1220    0.7159
			    0.1683    -0.4553    -0.8743
			    -0.0381    0.1518    0.9877
			    -0.8015    0.5177    0.2994
			    0.1001    0.2469    0.9639
			    -0.0934    -0.7184    -0.6893
			    0.1155    0.6844    0.7199
			    -0.7842    0.5076    -0.3568
			    -0.6096    -0.5234    0.5953
			    -0.1155    -0.6844    -0.7199
			    0.7842    -0.5076    0.3568
			    0.6096    0.5234    -0.5953
		b:
			    14.6100
			    -378.3318
			    453.7837
			    -172.6758
			    522.9355
			    -457.6887
			    482.2852
			    -463.6323
			    -94.9884
			    -477.2852
			    467.6323
			    99.9884
	==================================================================================
	Q5:
		Shape: Ellipse
		q_c:    479.5000    147.5000    455.0000
		ub :    482.3386    149.6540    457.5432
		lb :    476.6614    145.3460    452.4568
		P^-1: 
			    0.1775    -0.0743    0.0889
			    -0.0743    0.6211    -0.3676
			    0.0889    -0.3676    0.6113
	==================================================================================
	Q6:
		Shape: Polyhedra
		q_c:    477.5000    137.5000    450.0000
		ub :    479.6754    140.2401    452.3230
		lb :    475.3246    134.7599    447.6770
		A:
			    -0.2667    0.6218    0.7364
			    -0.0241    0.0123    -0.9996
			    -0.6254    -0.6388    0.4480
			    -0.4472    0.1598    0.8801
			    0.2194    -0.5892    -0.7776
			    0.1790    -0.2319    -0.9561
			    0.0535    0.5968    0.8006
			    0.0509    0.7990    -0.5991
			    -0.9973    0.0728    0.0124
			    -0.0535    -0.5968    -0.8006
			    -0.0509    -0.7990    0.5991
			    0.9973    -0.0728    -0.0124
		b:
			    290.6439
			    -457.9266
			    -182.5563
			    206.0962
			    -325.0610
			    -375.2494
			    468.8704
			    -132.9089
			    -458.6237
			    -466.8704
			    137.9089
			    462.6237


===========================================================================================
===========================================================================================
S6:
	q_c:    253.0000    504.5000    54.0000
	ub :    279.0000    513.0000    82.0000
	lb :    227.0000    496.0000    26.0000

	==================================================================================
	Q1:
		Shape: Polyhedra
		q_c:    262.5000    504.0000    55.0000
		ub :    266.4996    506.3699    58.6788
		lb :    258.5004    501.6301    51.3212
		A:
			    -0.5803    0.5663    -0.5853
			    0.9703    -0.1904    -0.1495
			    -0.8034    -0.5858    0.1066
			    0.3905    0.9203    -0.0215
			    0.6986    0.3518    0.6231
			    0.7534    -0.3634    0.5481
			    0.5635    0.2813    0.7768
			    -0.8108    0.0082    0.5852
			    0.1582    -0.9596    0.2327
			    -0.5635    -0.2813    -0.7768
			    0.8108    -0.0082    -0.5852
			    -0.1582    0.9596    -0.2327
		b:
			    102.7353
			    153.6681
			    -497.5159
			    567.2994
			    396.5676
			    46.6877
			    333.9093
			    -173.0113
			    -427.2960
			    -330.9093
			    180.0113
			    431.2960
	==================================================================================
	Q2:
		Shape: Polyhedra
		q_c:    251.0000    496.5000    52.5000
		ub :    255.9934    501.5001    58.3690
		lb :    246.0066    491.4999    46.6310
		A:
			    -0.9960    -0.0368    -0.0808
			    0.0104    -0.8245    -0.5658
			    -0.8912    0.4535    -0.0051
			    0.8604    -0.5087    -0.0303
			    -0.8009    0.0154    -0.5985
			    -0.7951    -0.5508    -0.2538
			    0.4624    0.6684    0.5826
			    0.6769    -0.6905    0.2550
			    0.5727    0.2764    -0.7717
			    -0.4624    -0.6684    -0.5826
			    -0.6769    0.6905    -0.2550
			    -0.5727    -0.2764    0.7717
		b:
			    -269.2271
			    -432.0007
			    2.9109
			    -36.6073
			    -221.2212
			    -481.7206
			    483.5142
			    -158.5489
			    243.9949
			    -473.5142
			    160.5489
			    -236.9949
	==================================================================================
	Q3:
		Shape: Hybrid
		q_c:    262.0000    500.5000    54.5000
		ub :    266.2405    503.8075    59.1200
		lb :    257.7595    497.1925    49.8800
		P^-1: 
			    0.1111    0.0011    -0.0002
			    0.0011    0.1578    -0.0100
			    -0.0002    -0.0100    0.1133
		A:
			    0.5177    0.6635    -0.5401
			    -0.8170    -0.0901    -0.5695
			    0.7938    0.6014    -0.0910
			    0.0789    -0.9890    -0.1254
			    0.7747    0.4903    0.3993
			    -0.9888    -0.0920    0.1179
		b:
			    439.7499
			    -288.4546
			    505.5599
			    -479.8382
			    471.8005
			    -296.9084
	==================================================================================
	Q4:
		Shape: Hybrid
		q_c:    249.5000    502.0000    54.5000
		ub :    256.3907    508.8131    61.6900
		lb :    242.6093    495.1869    47.3100
		P^-1: 
			    0.0530    0.0034    -0.0237
			    0.0034    0.0336    -0.0040
			    -0.0237    -0.0040    0.0611
		A:
			    0.1454    0.4487    -0.8818
			    -0.7668    -0.2816    0.5768
			    -0.3194    -0.7094    0.6282
			    -0.2353    0.3092    0.9214
			    0.1237    -0.0570    -0.9907
			    -0.9597    -0.1841    -0.2124
		b:
			    215.9938
			    -299.3192
			    -398.8882
			    149.2424
			    -49.2671
			    -340.0782
	==================================================================================
	Q5:
		Shape: Polyhedra
		q_c:    259.0000    501.0000    58.0000
		ub :    265.0540    506.9068    63.3024
		lb :    252.9460    495.0932    52.6976
		A:
			    -0.6329    -0.7456    -0.2086
			    -0.7533    0.1624    -0.6373
			    -0.7415    -0.2435    -0.6252
			    0.0546    0.4487    0.8920
			    -0.7863    0.6178    -0.0085
			    -0.3685    -0.7765    0.5111
			    0.3609    0.5865    0.7251
			    -0.7683    -0.2537    0.5876
			    0.5286    -0.7692    0.3591
			    -0.3609    -0.5865    -0.7251
			    0.7683    0.2537    -0.5876
			    -0.5286    0.7692    -0.3591
		b:
			    -546.8971
			    -146.7069
			    -347.3869
			    292.9530
			    110.1427
			    -450.8023
			    431.3815
			    -288.5137
			    -222.6082
			    -427.3815
			    295.5137
			    232.6082
	==================================================================================
	Q6:
		Shape: Polyhedra
		q_c:    254.5000    514.0000    50.0000
		ub :    259.0219    516.6574    53.4986
		lb :    249.9781    511.3426    46.5014
		A:
			    0.3343    -0.5160    -0.7886
			    0.4049    -0.6659    0.6267
			    0.0121    0.9448    -0.3275
			    -0.1073    0.0948    0.9897
			    -0.0313    0.6323    0.7741
			    0.5068    0.4163    0.7549
			    0.2833    0.5182    0.8070
			    -0.3394    0.8412    -0.4210
			    -0.8970    -0.1546    0.4142
			    -0.2833    -0.5182    -0.8070
			    0.3394    -0.8412    0.4210
			    0.8970    0.1546    -0.4142
		b:
			    -217.0446
			    -206.3790
			    474.1921
			    73.2652
			    357.4994
			    382.3577
			    380.2997
			    326.4502
			    -283.0268
			    -377.2997
			    -323.4502
			    291.0268


===========================================================================================
===========================================================================================
S7:
	q_c:    373.5000    92.0000    90.0000
	ub :    389.0000    125.0000    110.0000
	lb :    358.0000    59.0000    70.0000

	==================================================================================
	Q1:
		Shape: Hybrid
		q_c:    368.5000    89.5000    98.5000
		ub :    377.8609    98.4074    107.3757
		lb :    359.1391    80.5926    89.6243
		P^-1: 
			    0.0370    -0.0112    0.0023
			    -0.0112    0.0391    0.0001
			    0.0023    0.0001    0.0248
		A:
			    0.3332    -0.9381    0.0943
			    0.0071    -0.9502    -0.3117
			    -0.7168    0.0591    -0.6947
			    -0.3194    -0.0286    -0.9472
			    -0.9927    0.0493    -0.1103
			    -0.4445    0.0817    -0.8921
		b:
			    50.6638
			    -110.0280
			    -323.9256
			    -209.6406
			    -369.1589
			    -240.6114
	==================================================================================
	Q2:
		Shape: Ellipse
		q_c:    384.0000    84.5000    89.0000
		ub :    396.7105    93.1258    102.0226
		lb :    371.2895    75.8742    75.9774
		P^-1: 
			    0.0132    -0.0000    -0.0023
			    -0.0000    0.0177    -0.0003
			    -0.0023    -0.0003    0.0135
	==================================================================================
	Q3:
		Shape: Hybrid
		q_c:    365.5000    83.0000    77.0000
		ub :    373.8694    89.4225    86.0341
		lb :    357.1306    76.5775    67.9659
		P^-1: 
			    0.0374    0.0168    -0.0011
			    0.0168    0.0899    0.0343
			    -0.0011    0.0343    0.0442
		A:
			    0.0459    0.6567    0.7527
			    0.9811    -0.0928    -0.1698
			    -0.0165    -0.8564    -0.5160
			    0.3305    0.9256    0.1847
			    -0.5222    0.5625    0.6410
			    0.8836    -0.4665    -0.0399
		b:
			    131.3419
			    341.7454
			    -115.2416
			    213.6385
			    -92.1071
			    285.5106
	==================================================================================
	Q4:
		Shape: Polyhedra
		q_c:    387.5000    77.0000    100.5000
		ub :    392.7479    83.9698    106.8233
		lb :    382.2521    70.0302    94.1767
		A:
			    0.3325    -0.3234    -0.8859
			    -0.4117    -0.7535    -0.5127
			    -0.0632    0.4818    0.8740
			    0.9177    -0.1055    0.3830
			    0.2694    -0.7553    -0.5974
			    0.4672    -0.8555    0.2232
			    0.3993    0.8717    0.2840
			    0.9094    -0.3373    -0.2433
			    -0.1163    0.3554    -0.9275
			    -0.3993    -0.8717    -0.2840
			    -0.9094    0.3373    0.2433
			    0.1163    -0.3554    0.9275
		b:
			    18.9678
			    -264.0858
			    104.9187
			    389.7421
			    -9.5521
			    141.6636
			    255.3788
			    304.9858
			    -106.4076
			    -245.3788
			    -298.9858
			    115.4076
	==================================================================================
	Q5:
		Shape: Polyhedra
		q_c:    376.0000    87.5000    84.5000
		ub :    382.1185    93.1104    89.9937
		lb :    369.8815    81.8896    79.0063
		A:
			    -0.1410    -0.8724    -0.4681
			    -0.2082    -0.1557    0.9656
			    -0.3786    -0.6774    0.6307
			    -0.6279    0.5435    -0.5571
			    -0.8657    -0.4544    -0.2100
			    0.3779    -0.2266    0.8977
			    0.1858    0.8082    0.5588
			    0.9824    -0.1421    -0.1212
			    -0.0185    0.5715    -0.8204
			    -0.1858    -0.8082    -0.5588
			    -0.9824    0.1421    0.1212
			    0.0185    -0.5715    0.8204
		b:
			    -165.3918
			    -6.6087
			    -144.5149
			    -231.2136
			    -378.2459
			    201.8417
			    191.3036
			    352.2154
			    -22.7818
			    -184.3036
			    -341.2154
			    29.7818
	==================================================================================
	Q6:
		Shape: Ellipse
		q_c:    382.5000    101.5000    85.5000
		ub :    389.9032    109.5677    94.1364
		lb :    375.0968    93.4323    76.8636
		P^-1: 
			    0.0323    0.0030    -0.0009
			    0.0030    0.0455    0.0188
			    -0.0009    0.0188    0.0415


===========================================================================================
===========================================================================================
S8:
	q_c:    79.0000    433.5000    495.0000
	ub :    112.0000    449.0000    517.0000
	lb :    46.0000    418.0000    473.0000

	==================================================================================
	Q1:
		Shape: Polyhedra
		q_c:    85.0000    421.0000    504.5000
		ub :    95.7026    434.6172    518.2998
		lb :    74.2974    407.3828    490.7002
		A:
			    -0.5474    -0.3506    -0.7599
			    0.9781    -0.1134    -0.1746
			    -0.8143    0.5509    0.1829
			    0.6948    -0.3642    -0.6202
			    0.0145    -0.3359    -0.9418
			    -0.8170    0.3153    -0.4828
			    0.7982    0.5397    0.2677
			    -0.0198    0.4676    -0.8837
			    -0.6021    0.7001    0.3839
			    -0.7982    -0.5397    -0.2677
			    0.0198    -0.4676    0.8837
			    0.6021    -0.7001    -0.3839
		b:
			    -568.1928
			    -45.3556
			    260.9379
			    -400.6176
			    -606.6172
			    -171.5079
			    439.1053
			    -240.1591
			    442.7250
			    -421.1053
			    261.1591
			    -431.7250
	==================================================================================
	Q2:
		Shape: Polyhedra
		q_c:    69.5000    445.0000    497.0000
		ub :    78.3562    453.3715    504.7377
		lb :    60.6438    436.6285    489.2623
		A:
			    -0.6354    -0.6266    -0.4513
			    0.9861    -0.0375    0.1620
			    -0.5991    -0.3475    -0.7213
			    -0.9237    -0.0275    0.3820
			    -0.3596    -0.0375    -0.9324
			    0.7369    0.1409    -0.6612
			    0.3495    0.6577    0.6673
			    -0.6724    0.6721    -0.3103
			    -0.6525    -0.3402    0.6771
			    -0.3495    -0.6577    -0.6673
			    0.6724    -0.6721    0.3103
			    0.6525    0.3402    -0.6771
		b:
			    -543.5240
			    138.0320
			    -550.6492
			    118.8059
			    -500.3915
			    -209.6625
			    652.1133
			    104.6376
			    144.7641
			    -645.1133
			    -91.6376
			    -134.7641
	==================================================================================
	Q3:
		Shape: Polyhedra
		q_c:    85.5000    427.0000    510.0000
		ub :    100.7768    442.9413    525.1812
		lb :    70.2232    411.0587    494.8188
		A:
			    -0.1784    0.6669    0.7235
			    0.5108    0.1551    -0.8456
			    0.4979    -0.1365    0.8564
			    -0.6213    0.4834    0.6167
			    -0.0249    -0.6665    0.7451
			    0.2724    -0.4274    0.8621
			    0.3809    0.6546    0.6530
			    -0.7405    0.6389    -0.2084
			    -0.5536    -0.4042    0.7281
			    -0.3809    -0.6546    -0.6530
			    0.7405    -0.6389    0.2084
			    0.5536    0.4042    -0.7281
		b:
			    648.4882
			    -312.2205
			    430.5416
			    476.9917
			    102.1634
			    289.4999
			    655.6164
			    111.6930
			    160.3781
			    -634.6164
			    -94.6930
			    -142.3781
	==================================================================================
	Q4:
		Shape: Hybrid
		q_c:    78.0000    424.0000    493.5000
		ub :    89.6409    436.7423    507.3936
		lb :    66.3591    411.2577    479.6064
		P^-1: 
			    0.0173    -0.0016    -0.0011
			    -0.0016    0.0128    -0.0034
			    -0.0011    -0.0034    0.0155
		A:
			    0.9686    -0.2287    0.0974
			    0.0415    -0.6589    -0.7511
			    -0.2056    -0.5204    0.8288
			    -0.6760    0.6296    0.3829
			    0.2104    -0.9771    -0.0317
			    0.5846    0.8096    0.0533
		b:
			    30.4456
			    -640.8802
			    176.0479
			    407.7515
			    -408.2719
			    420.7045
	==================================================================================
	Q5:
		Shape: Polyhedra
		q_c:    78.0000    445.5000    485.5000
		ub :    83.2789    451.9402    490.9899
		lb :    72.7211    439.0598    480.0101
		A:
			    -0.6101    0.6167    -0.4975
			    0.2259    -0.1196    -0.9668
			    0.9881    -0.1321    0.0792
			    -0.9260    0.2041    -0.3177
			    0.8086    -0.5777    0.1110
			    -0.2498    0.6109    0.7513
			    0.2488    0.9634    0.0995
			    0.8506    -0.2665    0.4533
			    0.4633    -0.0281    -0.8858
			    -0.2488    -0.9634    -0.0995
			    -0.8506    0.2665    -0.4533
			    -0.4633    0.0281    0.8858
		b:
			    -11.3174
			    -500.5564
			    59.2865
			    -133.3967
			    -137.4007
			    622.5068
			    502.9382
			    169.6875
			    -401.9454
			    -490.9382
			    -165.6875
			    410.9454
	==================================================================================
	Q6:
		Shape: Hybrid
		q_c:    71.5000    437.5000    504.0000
		ub :    82.9623    449.2379    516.9226
		lb :    60.0377    425.7621    491.0774
		P^-1: 
			    0.0124    0.0005    0.0006
			    0.0005    0.0168    0.0024
			    0.0006    0.0024    0.0109
		A:
			    0.7014    0.4789    0.5279
			    -0.4780    -0.2578    -0.8396
			    -0.6488    -0.2476    0.7195
			    -0.2293    -0.9643    -0.1322
			    -0.2390    0.9004    -0.3635
			    0.4166    0.5205    0.7453
		b:
			    530.3145
			    -564.9751
			    213.8888
			    -501.0400
			    198.6040
			    637.7413


===========================================================================================
===========================================================================================
S9:
	q_c:    532.0000    251.5000    216.5000
	ub :    546.0000    277.0000    234.0000
	lb :    518.0000    226.0000    199.0000

	==================================================================================
	Q1:
		Shape: Hybrid
		q_c:    545.5000    258.0000    233.0000
		ub :    557.3335    268.4126    243.3642
		lb :    533.6665    247.5874    222.6358
		P^-1: 
			    0.0329    0.0082    0.0234
			    0.0082    0.0498    -0.0250
			    0.0234    -0.0250    0.0558
		A:
			    -0.5878    -0.7293    0.3502
			    0.8726    0.2702    0.4070
			    0.0908    0.3902    -0.9162
			    0.7319    0.6565    0.1826
			    -0.7783    -0.6245    -0.0647
			    0.1032    0.4723    -0.8754
		b:
			    -423.9111
			    643.7469
			    -59.3857
			    614.0141
			    -597.5604
			    -22.3489
	==================================================================================
	Q2:
		Shape: Polyhedra
		q_c:    516.0000    247.5000    217.0000
		ub :    531.5014    262.3675    230.6400
		lb :    500.4986    232.6325    203.3600
		A:
			    0.4218    -0.2239    0.8786
			    0.3071    -0.6741    0.6718
			    0.7934    -0.4313    0.4296
			    0.8942    -0.0214    0.4472
			    -0.1688    0.9087    0.3818
			    -0.2217    0.7686    -0.6001
			    0.6055    0.0396    0.7949
			    -0.6721    -0.5095    0.5373
			    0.4263    -0.8595    -0.2819
			    -0.6055    -0.0396    -0.7949
			    0.6721    0.5095    -0.5373
			    -0.4263    0.8595    0.2819
		b:
			    359.5943
			    146.2024
			    403.7414
			    560.3566
			    230.9553
			    -44.9627
			    500.7251
			    -345.2816
			    -43.4607
			    -488.7251
			    367.2816
			    64.4607
	==================================================================================
	Q3:
		Shape: Polyhedra
		q_c:    543.0000    264.5000    205.5000
		ub :    551.5271    274.6281    214.9056
		lb :    534.4729    254.3719    196.0944
		A:
			    0.2567    0.8927    0.3705
			    0.1265    0.0565    -0.9904
			    -0.8651    0.4565    -0.2076
			    -0.8525    0.5030    -0.1421
			    0.1857    -0.7527    0.6317
			    0.8949    0.2017    -0.3980
			    0.9044    0.3825    0.1893
			    0.1025    -0.6253    0.7737
			    0.4143    -0.6803    -0.6047
			    -0.9044    -0.3825    -0.1893
			    -0.1025    0.6253    -0.7737
			    -0.4143    0.6803    0.6047
		b:
			    457.6330
			    -113.8971
			    -385.6795
			    -353.0917
			    37.5684
			    463.5241
			    637.1356
			    55.2910
			    -73.2319
			    -625.1356
			    -43.2910
			    85.2319
	==================================================================================
	Q4:
		Shape: Hybrid
		q_c:    538.0000    268.0000    214.0000
		ub :    545.3942    276.7632    220.2340
		lb :    530.6058    259.2368    207.7660
		P^-1: 
			    0.0268    0.0047    0.0155
			    0.0047    0.0264    0.0265
			    0.0155    0.0265    0.0994
		A:
			    -0.9870    -0.1509    -0.0548
			    -0.4515    -0.0231    0.8920
			    0.0648    -0.6222    -0.7802
			    -0.3891    -0.0673    -0.9187
			    -0.1697    0.8716    0.4599
			    0.6183    0.3134    -0.7208
		b:
			    -578.3608
			    -54.6607
			    -296.2772
			    -421.9327
			    245.0334
			    267.1652
	==================================================================================
	Q5:
		Shape: Ellipse
		q_c:    521.5000    241.0000    202.0000
		ub :    526.8199    247.4463    209.3920
		lb :    516.1801    234.5537    194.6080
		P^-1: 
			    0.2314    0.1957    0.0631
			    0.1957    0.2257    0.0641
			    0.0631    0.0641    0.0441
	==================================================================================
	Q6:
		Shape: Hybrid
		q_c:    522.0000    242.0000    228.5000
		ub :    528.4854    247.6857    235.6184
		lb :    515.5146    236.3143    221.3816
		P^-1: 
			    0.0499    0.0106    0.0033
			    0.0106    0.0873    0.0318
			    0.0033    0.0318    0.0633
		A:
			    -0.3053    -0.6533    0.6928
			    -0.1206    0.6277    0.7690
			    0.3230    -0.2837    -0.9029
			    0.9156    0.3026    0.2648
			    0.3066    0.8471    0.4341
			    0.6157    0.4958    0.6125
		b:
			    -155.9359
			    266.4783
			    -103.8897
			    614.3535
			    465.7869
			    583.3996


===========================================================================================
===========================================================================================
S10:
	q_c:    379.5000    439.5000    277.5000
	ub :    398.0000    456.0000    298.0000
	lb :    361.0000    423.0000    257.0000

	==================================================================================
	Q1:
		Shape: Polyhedra
		q_c:    377.0000    446.0000    284.0000
		ub :    384.5500    452.7675    288.3619
		lb :    369.4500    439.2325    279.6381
		A:
			    -0.3164    -0.3903    -0.8646
			    0.6659    -0.6515    0.3635
			    0.0532    -0.9264    -0.3728
			    0.3318    0.1481    -0.9316
			    0.3495    0.2068    0.9138
			    0.6263    -0.7285    -0.2774
			    0.8750    0.4821    0.0437
			    0.4814    -0.8572    -0.1829
			    -0.0507    0.1811    -0.9822
			    -0.8750    -0.4821    -0.0437
			    -0.4814    0.8572    0.1829
			    0.0507    -0.1811    0.9822
		b:
			    -534.4791
			    67.5195
			    -494.7936
			    -69.5121
			    487.7771
			    -163.9327
			    563.8099
			    -249.2838
			    -213.7717
			    -550.8099
			    256.2838
			    220.7717
	==================================================================================
	Q2:
		Shape: Ellipse
		q_c:    374.0000    424.5000    267.0000
		ub :    381.3038    432.3597    269.9615
		lb :    366.6962    416.6403    264.0385
		P^-1: 
			    0.0972    0.0556    -0.1100
			    0.0556    0.0610    -0.0717
			    -0.1100    -0.0717    0.3883
	==================================================================================
	Q3:
		Shape: Hybrid
		q_c:    393.5000    426.0000    272.0000
		ub :    398.7762    430.9675    278.1470
		lb :    388.2238    421.0325    265.8530
		P^-1: 
			    0.0494    0.0053    0.0058
			    0.0053    0.1917    0.0958
			    0.0058    0.0958    0.0914
		A:
			    -0.6180    0.6743    0.4042
			    0.4502    -0.8673    -0.2126
			    -0.4048    0.8916    0.2031
			    0.6069    -0.5245    -0.5972
			    -0.0270    -0.8118    -0.5834
			    -0.5661    -0.7945    -0.2196
		b:
			    156.2971
			    -248.0839
			    277.7566
			    -144.5361
			    -514.0718
