3D_40_15_6_e                l = 3

===========================================================================================
===========================================================================================
S1:
	q_c:    119.5000    147.0000    107.0000
	ub :    145.0000    152.0000    136.0000
	lb :    94.0000    142.0000    78.0000

	==================================================================================
	Q1:
		Shape: Polyhedra
		q_c:    121.5000    143.5000    106.5000
		ub :    125.8674    148.0900    110.4910
		lb :    117.1326    138.9100    102.5090
		A:
			    0.2215    -0.4562    0.8619
			    0.6967    0.7092    -0.1078
			    -0.7630    -0.6398    0.0919
			    0.2538    -0.9646    0.0714
			    -0.9615    -0.1625    -0.2218
			    0.6458    0.6549    -0.3926
			    0.4530    0.6764    0.5807
			    0.7898    -0.6067    0.0905
			    0.4135    0.4176    -0.8091
			    -0.4530    -0.6764    -0.5807
			    -0.7898    0.6067    -0.0905
			    -0.4135    -0.4176    0.8091
		b:
			    55.7780
			    177.7176
			    -171.9608
			    -97.3565
			    -161.0227
			    133.2612
			    216.9548
			    21.0395
			    26.5084
			    -210.9548
			    -16.0395
			    -21.5084
	==================================================================================
	Q2:
		Shape: Polyhedra
		q_c:    120.5000    141.5000    104.5000
		ub :    122.6287    144.2864    107.0371
		lb :    118.3713    138.7136    101.9629
		A:
			    0.7941    -0.3733    -0.4797
			    -0.2151    0.9116    0.3504
			    -0.4734    0.8802    -0.0339
			    -0.2294    -0.9725    0.0406
			    0.9380    -0.3456    -0.0249
			    0.9443    -0.1390    -0.2983
			    0.1703    0.6485    0.7419
			    0.2351    0.7044    -0.6697
			    -0.9569    0.2885    -0.0325
			    -0.1703    -0.6485    -0.7419
			    -0.2351    -0.7044    0.6697
			    0.9569    -0.2885    0.0325
		b:
			    -5.6437
			    141.5317
			    65.5831
			    -159.2822
			    63.0310
			    64.4601
			    191.8164
			    59.5201
			    -76.3856
			    -187.8164
			    -56.5201
			    79.3856
	==================================================================================
	Q3:
		Shape: Hybrid
		q_c:    119.0000    150.0000    107.5000
		ub :    121.5492    152.9169    110.4917
		lb :    116.4508    147.0831    104.5083
		P^-1: 
			    0.5378    -0.4079    -0.0906
			    -0.4079    0.6005    0.0978
			    -0.0906    0.0978    0.1817
		A:
			    -0.0542    -0.9740    -0.2201
			    0.5537    -0.7614    -0.3371
			    -0.5737    0.6597    0.4854
			    -0.4598    0.8772    -0.1378
			    -0.8428    0.1654    -0.5122
			    0.0856    -0.9575    -0.2755
		b:
			    -174.7977
			    -83.9430
			    83.6324
			    62.8929
			    -128.9642
			    -161.8427
	==================================================================================
	Q4:
		Shape: Polyhedra
		q_c:    122.5000    144.0000    105.5000
		ub :    125.9476    146.4623    109.2944
		lb :    119.0524    141.5377    101.7056
		A:
			    0.8365    -0.4917    -0.2418
			    -0.1151    0.7642    -0.6347
			    0.3650    0.9309    -0.0171
			    -0.7860    -0.6130    0.0797
			    0.6326    0.2564    -0.7308
			    -0.1650    -0.2222    0.9609
			    0.4282    0.1044    0.8976
			    -0.8487    0.3876    0.3598
			    -0.3103    -0.9159    0.2546
			    -0.4282    -0.1044    -0.8976
			    0.8487    -0.3876    -0.3598
			    0.3103    0.9159    -0.2546
		b:
			    8.1536
			    31.0491
			    178.5689
			    -174.3234
			    39.3146
			    51.7274
			    165.1923
			    -8.1993
			    -141.5459
			    -159.1923
			    12.1993
			    144.5459
	==================================================================================
	Q5:
		Shape: Hybrid
		q_c:    118.5000    149.0000    108.0000
		ub :    121.3321    152.2732    110.5313
		lb :    115.6679    145.7268    105.4687
		P^-1: 
			    0.7378    0.3113    -0.2278
			    0.3113    0.2680    -0.1318
			    -0.2278    -0.1318    0.3554
		A:
			    -0.6173    0.2660    0.7404
			    -0.3160    -0.2885    -0.9038
			    0.6746    0.5197    0.5243
			    -0.9837    0.1034    0.1469
			    -0.4300    -0.1583    0.8888
			    -0.2194    -0.0018    0.9756
		b:
			    48.0084
			    -176.4856
			    215.3117
			    -83.9830
			    22.4868
			    80.4173
	==================================================================================
	Q6:
		Shape: Polyhedra
		q_c:    119.5000    150.0000    111.5000
		ub :    123.2928    154.2339    115.6162
		lb :    115.7072    145.7661    107.3838
		A:
			    -0.0021    0.0259    -0.9997
			    -0.9083    0.4130    0.0669
			    -0.7747    0.5712    0.2712
			    0.0244    -0.2714    0.9621
			    0.1499    -0.3508    0.9244
			    0.5706    0.4596    -0.6806
			    0.7772    0.1847    0.6015
			    -0.6264    0.1367    0.7674
			    0.0595    -0.9732    0.2220
			    -0.7772    -0.1847    -0.6015
			    0.6264    -0.1367    -0.7674
			    -0.0595    0.9732    -0.2220
		b:
			    -105.3194
			    -36.4304
			    25.9780
			    72.1958
			    71.2694
			    63.8208
			    190.6509
			    33.2252
			    -110.6256
			    -184.6509
			    -29.2252
			    117.6256


===========================================================================================
===========================================================================================
S2:
	q_c:    163.5000    474.0000    355.5000
	ub :    182.0000    496.0000    358.0000
	lb :    145.0000    452.0000    353.0000

	==================================================================================
	Q1:
		Shape: Ellipse
		q_c:    163.5000    473.0000    357.0000
		ub :    165.1571    474.9313    358.4701
		lb :    161.8429    471.0687    355.5299
		P^-1: 
			    0.9304    -0.1769    0.0503
			    -0.1769    0.5504    0.1279
			    0.0503    0.1279    0.9636
	==================================================================================
	Q2:
		Shape: Hybrid
		q_c:    164.5000    472.5000    356.0000
		ub :    165.5248    473.6391    357.0744
		lb :    163.4752    471.3609    354.9256
		P^-1: 
			    3.5099    -0.6637    -0.8887
			    -0.6637    3.1013    -1.2033
			    -0.8887    -1.2033    2.3888
		A:
			    -0.3745    0.7544    -0.5391
			    0.9192    0.2504    -0.3038
			    0.7076    -0.6592    0.2544
			    -0.5692    0.3114    0.7610
			    0.7577    0.3418    -0.5559
			    0.6817    -0.7140    -0.1598
		b:
			    103.2103
			    161.6944
			    -104.2678
			    324.8258
			    88.5218
			    -281.7902
	==================================================================================
	Q3:
		Shape: Ellipse
		q_c:    164.0000    472.0000    353.5000
		ub :    165.9790    473.9735    355.2594
		lb :    162.0210    470.0265    351.7406
		P^-1: 
			    0.7667    -0.1956    -0.1922
			    -0.1956    0.8361    -0.1611
			    -0.1922    -0.1611    0.8417
	==================================================================================
	Q4:
		Shape: Polyhedra
		q_c:    163.5000    474.5000    357.0000
		ub :    164.6182    475.6984    357.9758
		lb :    162.3818    473.3016    356.0242
		A:
			    0.3101    -0.8288    -0.4657
			    0.2409    0.3896    -0.8889
			    0.7823    -0.5941    -0.1874
			    0.3408    0.9001    0.2715
			    -0.3498    -0.4038    0.8453
			    -0.0389    0.2173    0.9753
			    0.5546    0.7745    0.3042
			    -0.3944    0.5666    -0.7234
			    -0.7327    0.2813    0.6197
			    -0.5546    -0.7745    -0.3042
			    0.3944    -0.5666    0.7234
			    0.7327    -0.2813    -0.6197
		b:
			    -508.0943
			    -92.5496
			    -220.3786
			    580.7000
			    53.5077
			    445.5750
			    567.7851
			    -53.3881
			    235.4089
			    -565.7851
			    54.3881
			    -234.4089
	==================================================================================
	Q5:
		Shape: Ellipse
		q_c:    164.5000    472.0000    357.5000
		ub :    166.1132    473.7126    359.1280
		lb :    162.8868    470.2874    355.8720
		P^-1: 
			    1.0000    -0.0000    0.0000
			    -0.0000    1.0000    0.0000
			    0.0000    0.0000    1.0000
	==================================================================================
	Q6:
		Shape: Ellipse
		q_c:    163.5000    475.0000    357.0000
		ub :    164.8285    476.3507    357.6565
		lb :    162.1715    473.6493    356.3435
		P^-1: 
			    1.0159    0.0260    -0.2164
			    0.0260    1.0426    -0.3538
			    -0.2164    -0.3538    3.9415


===========================================================================================
===========================================================================================
S3:
	q_c:    388.5000    65.5000    95.0000
	ub :    398.0000    81.0000    124.0000
	lb :    379.0000    50.0000    66.0000

	==================================================================================
	Q1:
		Shape: Hybrid
		q_c:    383.5000    61.5000    101.5000
		ub :    388.7327    67.6283    106.3777
		lb :    378.2673    55.3717    96.6223
		P^-1: 
			    0.1338    0.0519    -0.0428
			    0.0519    0.0747    -0.0668
			    -0.0428    -0.0668    0.1857
		A:
			    0.4347    0.2385    -0.8684
			    -0.8689    0.3189    -0.3787
			    -0.9073    -0.1578    -0.3897
			    -0.9815    0.0781    0.1750
			    0.7051    0.5983    -0.3807
			    0.6330    -0.2197    0.7423
		b:
			    94.4946
			    -349.3494
			    -395.2421
			    -351.4050
			    269.9492
			    306.6059
	==================================================================================
	Q2:
		Shape: Ellipse
		q_c:    385.5000    67.5000    103.5000
		ub :    388.2637    71.3235    107.3400
		lb :    382.7363    63.6765    99.6600
		P^-1: 
			    0.3330    -0.0790    0.0585
			    -0.0790    0.2288    -0.1233
			    0.0585    -0.1233    0.2437
	==================================================================================
	Q3:
		Shape: Polyhedra
		q_c:    385.0000    72.5000    98.5000
		ub :    389.0846    76.5695    102.5042
		lb :    380.9154    68.4305    94.4958
		A:
			    -0.3014    -0.4158    0.8581
			    0.6385    0.7424    0.2029
			    0.4880    0.2747    0.8285
			    0.8454    -0.5262    -0.0917
			    0.9306    -0.0145    -0.3656
			    -0.9388    -0.3115    0.1472
			    0.8508    0.3829    0.3600
			    0.2841    -0.9113    0.2980
			    0.4422    -0.1513    -0.8841
			    -0.8508    -0.3829    -0.3600
			    -0.2841    0.9113    -0.2980
			    -0.4422    0.1513    0.8841
		b:
			    -58.9946
			    322.2273
			    291.9225
			    281.0660
			    323.7432
			    -367.0175
			    393.2598
			    75.6629
			    74.6832
			    -388.2598
			    -69.6629
			    -69.6832
	==================================================================================
	Q4:
		Shape: Polyhedra
		q_c:    383.5000    57.0000    101.5000
		ub :    388.3073    61.6667    106.7234
		lb :    378.6927    52.3333    96.2766
		A:
			    0.2076    -0.1409    0.9680
			    0.3181    -0.5267    -0.7883
			    0.3865    -0.9169    -0.0996
			    0.9873    0.0980    -0.1253
			    -0.0118    0.9949    -0.1004
			    0.8525    0.3810    0.3580
			    0.2578    0.8145    0.5198
			    0.6282    0.2674    -0.7306
			    -0.7341    0.5149    -0.4427
			    -0.2578    -0.8145    -0.5198
			    -0.6282    -0.2674    0.7306
			    0.7341    -0.5149    0.4427
		b:
			    172.8473
			    15.1499
			    88.5987
			    374.5990
			    44.9190
			    387.8879
			    201.0381
			    185.5018
			    -294.6192
			    -195.0381
			    -178.5018
			    299.6192
	==================================================================================
	Q5:
		Shape: Polyhedra
		q_c:    391.5000    73.0000    94.0000
		ub :    396.4505    77.2273    98.8278
		lb :    386.5495    68.7727    89.1722
		A:
			    0.1663    0.3097    -0.9362
			    -0.4042    0.5828    -0.7049
			    -0.8214    0.4286    0.3764
			    0.9487    0.3162    -0.0065
			    -0.0350    -0.0169    -0.9992
			    0.5525    -0.4699    0.6884
			    0.6577    0.2647    0.7053
			    -0.7147    0.5150    0.4732
			    -0.2379    -0.8153    0.5279
			    -0.6577    -0.2647    -0.7053
			    0.7147    -0.5150    -0.4732
			    0.2379    0.8153    -0.5279
		b:
			    2.2614
			    -179.4240
			    -251.4145
			    396.8223
			    -105.9572
			    249.4401
			    346.0989
			    -194.2419
			    -101.0462
			    -340.0989
			    201.2419
			    105.0462
	==================================================================================
	Q6:
		Shape: Ellipse
		q_c:    387.5000    57.0000    97.5000
		ub :    392.8945    62.4269    100.9431
		lb :    382.1055    51.5731    94.0569
		P^-1: 
			    0.1439    0.0344    -0.1332
			    0.0344    0.0765    -0.0022
			    -0.1332    -0.0022    0.3846


===========================================================================================
===========================================================================================
S4:
	q_c:    495.5000    14.5000    278.5000
	ub :    507.0000    29.0000    310.0000
	lb :    484.0000    0.0000    247.0000

	==================================================================================
	Q1:
		Shape: Polyhedra
		q_c:    503.5000    11.5000    276.0000
		ub :    511.0503    19.1128    283.2130
		lb :    495.9497    3.8872    268.7870
		A:
			    -0.9816    0.0511    -0.1839
			    -0.9501    -0.3070    -0.0550
			    -0.7518    0.1769    -0.6352
			    -0.4640    -0.0529    -0.8842
			    -0.2847    -0.1959    0.9384
			    -0.2901    0.8762    -0.3849
			    0.6769    0.0886    0.7308
			    -0.5800    0.6755    0.4553
			    -0.4533    -0.7320    0.5086
			    -0.6769    -0.0886    -0.7308
			    0.5800    -0.6755    -0.4553
			    0.4533    0.7320    -0.5086
		b:
			    -540.2481
			    -493.0791
			    -548.4995
			    -475.0991
			    118.0009
			    -237.3599
			    546.5123
			    -152.5704
			    -91.7823
			    -540.5123
			    164.5704
			    100.7823
	==================================================================================
	Q2:
		Shape: Ellipse
		q_c:    507.0000    25.0000    283.5000
		ub :    515.8432    33.0040    293.4451
		lb :    498.1568    16.9960    273.5549
		P^-1: 
			    0.0349    0.0063    0.0144
			    0.0063    0.0397    -0.0020
			    0.0144    -0.0020    0.0325
	==================================================================================
	Q3:
		Shape: Polyhedra
		q_c:    487.0000    22.0000    276.0000
		ub :    496.4794    27.5895    285.7452
		lb :    477.5206    16.4105    266.2548
		A:
			    0.2809    -0.8758    0.3925
			    -0.0008    -0.8632    0.5049
			    0.0535    0.7314    0.6798
			    0.6036    -0.6501    0.4615
			    0.1186    0.9915    0.0536
			    -0.1011    0.9323    -0.3473
			    0.7696    0.3808    0.5126
			    -0.5420    -0.0348    0.8397
			    0.3376    -0.9240    0.1796
			    -0.7696    -0.3808    -0.5126
			    0.5420    0.0348    -0.8397
			    -0.3376    0.9240    -0.1796
		b:
			    229.6118
			    124.5993
			    235.4180
			    411.0589
			    98.4390
			    -120.6412
			    530.1292
			    -25.4811
			    197.1633
			    -519.1292
			    40.4811
			    -190.1633
	==================================================================================
	Q4:
		Shape: Polyhedra
		q_c:    488.5000    8.0000    289.0000
		ub :    494.4852    15.0757    296.2308
		lb :    482.5148    0.9243    281.7692
		A:
			    -0.4464    0.8189    0.3608
			    -0.9207    0.2905    0.2608
			    -0.3885    0.6412    0.6618
			    -0.6346    0.4980    0.5910
			    -0.5218    0.7350    0.4331
			    -0.4369    0.1845    0.8804
			    0.8255    0.2551    0.5035
			    -0.0841    -0.8266    0.5565
			    0.5581    -0.5018    -0.6608
			    -0.8255    -0.2551    -0.5035
			    0.0841    0.8266    -0.5565
			    -0.5581    0.5018    0.6608
		b:
			    -103.9420
			    -368.5933
			    9.2847
			    -132.6806
			    -120.9100
			    45.6409
			    555.8027
			    118.6511
			    80.1557
			    -545.8027
			    -107.6511
			    -75.1557
	==================================================================================
	Q5:
		Shape: Ellipse
		q_c:    503.5000    14.5000    279.0000
		ub :    509.3448    22.5271    287.2832
		lb :    497.6552    6.4729    270.7168
		P^-1: 
			    0.2799    0.0920    -0.1707
			    0.0920    0.0927    -0.0924
			    -0.1707    -0.0924    0.1500
	==================================================================================
	Q6:
		Shape: Ellipse
		q_c:    506.0000    8.5000    292.0000
		ub :    510.0237    13.5992    297.1248
		lb :    501.9763    3.4008    286.8752
		P^-1: 
			    0.1478    0.0042    0.0344
			    0.0042    0.0402    0.0015
			    0.0344    0.0015    0.0614


===========================================================================================
===========================================================================================
S5:
	q_c:    364.5000    230.5000    400.5000
	ub :    375.0000    247.0000    424.0000
	lb :    354.0000    214.0000    377.0000

	==================================================================================
	Q1:
		Shape: Ellipse
		q_c:    371.0000    239.0000    396.0000
		ub :    378.9084    245.3307    403.0562
		lb :    363.0916    232.6693    388.9438
		P^-1: 
			    0.0473    0.0169    0.0078
			    0.0169    0.0732    -0.0020
			    0.0078    -0.0020    0.0436
	==================================================================================
	Q2:
		Shape: Polyhedra
		q_c:    365.0000    224.0000    393.5000
		ub :    371.2877    230.4219    398.3613
		lb :    358.7123    217.5781    388.6387
		A:
			    -0.3125    -0.0860    0.9460
			    0.0000    0.3123    0.9500
			    0.1031    -0.9095    0.4028
			    -0.4984    0.8563    -0.1355
			    0.8643    0.0828    0.4961
			    0.9446    0.1895    -0.2678
			    0.6529    0.5384    0.5328
			    0.5412    0.1605    -0.8254
			    -0.5299    0.8273    -0.1866
			    -0.6529    -0.5384    -0.5328
			    -0.5412    -0.1605    0.8254
			    0.5299    -0.8273    0.1866
		b:
			    241.5238
			    446.7975
			    -2.9983
			    -38.4509
			    533.1354
			    285.0088
			    572.0596
			    -88.8125
			    -76.5187
			    -565.0596
			    93.8125
			    86.5187
	==================================================================================
	Q3:
		Shape: Polyhedra
		q_c:    373.0000    229.5000    392.5000
		ub :    377.4539    234.2461    396.9853
		lb :    368.5461    224.7539    388.0147
		A:
			    0.8986    -0.4315    0.0798
			    -0.7621    -0.3690    0.5320
			    0.9920    0.0487    0.1165
			    0.4504    0.4410    0.7764
			    -0.0109    0.2636    0.9646
			    0.7321    0.5836    0.3514
			    0.7902    0.3847    0.4770
			    0.2820    0.4628    -0.8404
			    -0.5441    0.7986    0.2572
			    -0.7902    -0.3847    -0.4770
			    -0.2820    -0.4628    0.8404
			    0.5441    -0.7986    -0.2572
		b:
			    270.2967
			    -157.2858
			    429.5450
			    576.5099
			    437.8882
			    547.4437
			    572.7770
			    -115.4666
			    84.2729
			    -567.7770
			    121.4666
			    -78.2729
	==================================================================================
	Q4:
		Shape: Ellipse
		q_c:    360.5000    237.5000    401.5000
		ub :    366.0066    245.0094    408.7489
		lb :    354.9934    229.9906    394.2511
		P^-1: 
			    0.0950    0.0221    -0.0199
			    0.0221    0.0489    -0.0080
			    -0.0199    -0.0080    0.0472
	==================================================================================
	Q5:
		Shape: Hybrid
		q_c:    375.0000    221.0000    405.0000
		ub :    379.8385    225.2906    409.7070
		lb :    370.1615    216.7094    400.2930
		P^-1: 
			    0.1353    -0.0221    -0.0289
			    -0.0221    0.1402    -0.0259
			    -0.0289    -0.0259    0.1262
		A:
			    -0.6410    0.0189    0.7673
			    -0.7111    0.5884    0.3849
			    -0.1331    0.9635    -0.2321
			    -0.3616    0.5477    0.7545
			    -0.2071    -0.1958    0.9585
			    -0.2033    0.6448    -0.7369
		b:
			    75.8308
			    20.5466
			    70.3360
			    292.6007
			    268.7479
			    -230.8380
	==================================================================================
	Q6:
		Shape: Polyhedra
		q_c:    371.0000    232.0000    401.5000
		ub :    376.6570    238.7042    407.2019
		lb :    365.3430    225.2958    395.7981
		A:
			    -0.7798    -0.5949    0.1949
			    0.0005    0.3876    0.9218
			    0.1743    -0.9804    -0.0919
			    0.0967    -0.9909    -0.0939
			    -0.7237    0.1090    -0.6814
			    -0.0878    -0.4115    -0.9072
			    0.2370    0.5839    0.7765
			    0.2349    0.7411    -0.6290
			    -0.9427    0.3314    0.0385
			    -0.2370    -0.5839    -0.7765
			    -0.2349    -0.7411    0.6290
			    0.9427    -0.3314    -0.0385
		b:
			    -344.8273
			    463.8315
			    -195.6713
			    -227.6733
			    -512.9250
			    -488.6906
			    538.6290
			    11.0330
			    -253.4131
			    -531.6290
			    -2.0330
			    261.4131


===========================================================================================
===========================================================================================
S6:
	q_c:    81.0000    438.5000    357.0000
	ub :    90.0000    451.0000    383.0000
	lb :    72.0000    426.0000    331.0000

	==================================================================================
	Q1:
		Shape: Hybrid
		q_c:    75.5000    436.0000    364.5000
		ub :    81.3769    441.7944    370.0328
		lb :    69.6231    430.2056    358.9672
		P^-1: 
			    0.0625    -0.0073    -0.0158
			    -0.0073    0.1070    -0.0446
			    -0.0158    -0.0446    0.1215
		A:
			    0.7172    -0.6967    -0.0177
			    -0.9972    -0.0152    -0.0735
			    0.7998    -0.2056    -0.5640
			    0.5003    -0.4530    0.7379
			    0.3222    0.6396    -0.6979
			    -0.0913    0.8672    0.4896
		b:
			    -253.8671
			    -105.7464
			    -232.6074
			    111.1865
			    50.2331
			    552.1727
	==================================================================================
	Q2:
		Shape: Polyhedra
		q_c:    75.0000    436.5000    362.0000
		ub :    79.3858    441.2616    365.2656
		lb :    70.6142    431.7384    358.7344
		A:
			    -0.1293    -0.1886    -0.9735
			    -0.1835    0.8264    0.5324
			    0.9084    0.3960    0.1343
			    0.8812    0.4157    0.2253
			    -0.9565    -0.0399    0.2891
			    -0.4666    -0.5067    -0.7249
			    0.6662    0.4976    0.5555
			    0.4043    0.3849    -0.8297
			    -0.6267    0.7773    0.0553
			    -0.6662    -0.4976    -0.5555
			    -0.4043    -0.3849    0.8297
			    0.6267    -0.7773    -0.0553
		b:
			    -442.1947
			    542.9346
			    291.4062
			    330.6995
			    18.5465
			    -517.2986
			    469.2617
			    -99.0123
			    316.2910
			    -467.2617
			    105.0123
			    -308.2910
	==================================================================================
	Q3:
		Shape: Hybrid
		q_c:    86.0000    438.0000    356.5000
		ub :    91.0766    444.4152    361.0653
		lb :    80.9234    431.5848    351.9347
		P^-1: 
			    0.0775    -0.0097    -0.0097
			    -0.0097    0.0639    -0.0432
			    -0.0097    -0.0432    0.1402
		A:
			    0.5936    -0.3175    0.7395
			    -0.7006    0.3120    -0.6417
			    0.4654    -0.4413    0.7672
			    -0.4976    0.6642    -0.5580
			    0.5002    0.3718    -0.7820
			    -0.6451    -0.3479    0.6803
		b:
			    177.4111
			    -150.4430
			    121.8326
			    51.0021
			    -71.3914
			    36.4432
	==================================================================================
	Q4:
		Shape: Ellipse
		q_c:    80.5000    435.5000    350.5000
		ub :    86.7092    441.5909    356.4087
		lb :    74.2908    429.4091    344.5913
		P^-1: 
			    0.0756    -0.0040    0.0079
			    -0.0040    0.0789    0.0053
			    0.0079    0.0053    0.0712
	==================================================================================
	Q5:
		Shape: Hybrid
		q_c:    87.5000    432.5000    351.5000
		ub :    91.6944    437.3263    355.5338
		lb :    83.3056    427.6737    347.4662
		P^-1: 
			    1.7064    1.2120    1.5244
			    1.2120    0.9539    1.0855
			    1.5244    1.0855    1.5001
		A:
			    -0.5523    -0.2866    -0.7828
			    0.6953    0.5196    0.4966
			    -0.5965    -0.6461    -0.4762
			    -0.7698    -0.6382    0.0133
			    0.6052    0.3354    0.7219
			    -0.6129    -0.5888    -0.5270
		b:
			    -446.7382
			    460.4933
			    -498.3936
			    -336.9483
			    452.2766
			    -493.0677
	==================================================================================
	Q6:
		Shape: Ellipse
		q_c:    76.0000    429.0000    365.5000
		ub :    82.8797    435.9939    371.3637
		lb :    69.1203    422.0061    359.6363
		P^-1: 
			    0.0854    0.0137    -0.0533
			    0.0137    0.0535    -0.0247
			    -0.0533    -0.0247    0.1105


===========================================================================================
===========================================================================================
S7:
	q_c:    373.5000    140.5000    268.5000
	ub :    382.0000    154.0000    299.0000
	lb :    365.0000    127.0000    238.0000

	==================================================================================
	Q1:
		Shape: Ellipse
		q_c:    379.5000    143.5000    276.5000
		ub :    384.0776    147.2166    281.1900
		lb :    374.9224    139.7834    271.8100
		P^-1: 
			    0.1413    -0.0501    -0.0279
			    -0.0501    0.1941    0.0462
			    -0.0279    0.0462    0.1368
	==================================================================================
	Q2:
		Shape: Ellipse
		q_c:    374.5000    144.5000    265.0000
		ub :    379.7230    152.5717    273.0315
		lb :    369.2770    136.4283    256.9685
		P^-1: 
			    0.0907    0.0208    0.0203
			    0.0208    0.0474    0.0209
			    0.0203    0.0209    0.0502
	==================================================================================
	Q3:
		Shape: Ellipse
		q_c:    381.0000    139.5000    265.5000
		ub :    384.9273    145.0147    268.9186
		lb :    377.0727    133.9853    262.0814
		P^-1: 
			    0.6449    0.1395    -0.4273
			    0.1395    0.0722    -0.0987
			    -0.4273    -0.0987    0.4046
	==================================================================================
	Q4:
		Shape: Polyhedra
		q_c:    371.5000    139.0000    272.5000
		ub :    376.0110    142.4460    277.4730
		lb :    366.9890    135.5540    267.5270
		A:
			    -0.1137    -0.3853    -0.9158
			    0.3919    -0.8527    -0.3454
			    -0.0682    0.9959    -0.0598
			    0.7698    -0.6282    0.1131
			    -0.8487    -0.4789    -0.2244
			    -0.0178    0.9925    0.1206
			    0.0402    0.9406    0.3371
			    0.5520    0.2603    -0.7922
			    -0.8329    0.2179    -0.5087
			    -0.0402    -0.9406    -0.3371
			    -0.5520    -0.2603    0.7922
			    0.8329    -0.2179    0.5087
		b:
			    -342.5494
			    -64.7718
			    99.0561
			    232.2790
			    -440.1807
			    166.3030
			    239.5393
			    28.8530
			    -414.7580
			    -235.5393
			    -21.8530
			    420.7580
	==================================================================================
	Q5:
		Shape: Hybrid
		q_c:    383.0000    135.0000    268.5000
		ub :    389.7977    142.2763    275.6256
		lb :    376.2023    127.7237    261.3744
		P^-1: 
			    0.0577    0.0036    -0.0052
			    0.0036    0.0510    -0.0022
			    -0.0052    -0.0022    0.0526
		A:
			    -0.4704    0.7402    0.4805
			    -0.8360    0.2402    -0.4933
			    -0.7114    0.3004    0.6354
			    -0.6281    0.5575    -0.5428
			    0.6569    -0.1245    0.7436
			    -0.6249    0.1733    0.7612
		b:
			    51.2212
			    -417.7839
			    -59.0852
			    -308.5721
			    436.9484
			    -9.3879
	==================================================================================
	Q6:
		Shape: Ellipse
		q_c:    368.5000    147.5000    277.5000
		ub :    374.7693    154.1916    283.2329
		lb :    362.2307    140.8084    271.7671
		P^-1: 
			    0.0625    0.0000    -0.0000
			    0.0000    0.0625    0.0000
			    -0.0000    0.0000    0.0625


===========================================================================================
===========================================================================================
S8:
	q_c:    20.5000    194.0000    267.5000
	ub :    27.0000    214.0000    292.0000
	lb :    14.0000    174.0000    243.0000

	==================================================================================
	Q1:
		Shape: Hybrid
		q_c:    21.5000    193.0000    270.0000
		ub :    24.7909    197.1733    274.0044
		lb :    18.2091    188.8267    265.9956
		P^-1: 
			    0.1747    0.0162    0.0295
			    0.0162    0.1520    0.0581
			    0.0295    0.0581    0.1944
		A:
			    0.8197    0.0458    -0.5710
			    -0.4263    0.5556    -0.7138
			    -0.3911    0.4434    0.8065
			    -0.1736    0.2321    0.9571
			    -0.6738    -0.0888    0.7335
			    0.2164    -0.9720    -0.0911
		b:
			    -126.1064
			    -92.8727
			    296.2177
			    300.7852
			    168.0759
			    -205.8873
	==================================================================================
	Q2:
		Shape: Ellipse
		q_c:    19.5000    188.0000    268.5000
		ub :    23.3702    191.8721    272.3061
		lb :    15.6298    184.1279    264.6939
		P^-1: 
			    0.1753    0.0459    0.0519
			    0.0459    0.2219    -0.0318
			    0.0519    -0.0318    0.2140
	==================================================================================
	Q3:
		Shape: Polyhedra
		q_c:    17.0000    196.0000    271.5000
		ub :    20.6596    199.9387    274.3106
		lb :    13.3404    192.0613    268.6894
		A:
			    0.3936    -0.1416    0.9083
			    0.6385    -0.3767    0.6712
			    0.9875    0.0067    -0.1573
			    0.6856    -0.2078    0.6977
			    0.0140    0.0105    -0.9998
			    -0.0513    -0.1807    -0.9822
			    0.4904    0.8381    0.2389
			    0.7478    -0.2640    -0.6091
			    -0.4475    0.4774    -0.7562
			    -0.4904    -0.8381    -0.2389
			    -0.7478    0.2640    0.6091
			    0.4475    -0.4774    0.7562
		b:
			    227.0030
			    120.4197
			    -22.2830
			    161.8707
			    -267.5225
			    -300.9479
			    240.9657
			    -202.4067
			    -118.3532
			    -233.9657
			    206.4067
			    120.3532
	==================================================================================
	Q4:
		Shape: Polyhedra
		q_c:    24.5000    200.5000    273.5000
		ub :    28.2311    204.0835    276.4670
		lb :    20.7689    196.9165    270.5330
		A:
			    -0.2355    0.5454    0.8044
			    0.1312    0.7306    -0.6701
			    0.7513    -0.1926    -0.6312
			    -0.2878    -0.0663    0.9554
			    -0.8979    -0.2275    0.3768
			    0.0229    0.1105    0.9936
			    0.2359    0.7264    0.6455
			    0.4281    0.5186    -0.7401
			    -0.8724    0.4509    -0.1886
			    -0.2359    -0.7264    -0.6455
			    -0.4281    -0.5186    0.7401
			    0.8724    -0.4509    0.1886
		b:
			    325.6275
			    -31.8321
			    -190.5832
			    242.5894
			    37.6282
			    296.3016
			    329.9693
			    -86.4477
			    20.4383
			    -325.9693
			    89.4477
			    -14.4383
	==================================================================================
	Q5:
		Shape: Ellipse
		q_c:    18.0000    190.5000    263.0000
		ub :    21.2761    194.4887    266.5624
		lb :    14.7239    186.5113    259.4376
		P^-1: 
			    0.1600    0.0000    -0.0000
			    0.0000    0.1600    0.0000
			    -0.0000    0.0000    0.1600
	==================================================================================
	Q6:
		Shape: Polyhedra
		q_c:    24.0000    192.0000    267.0000
		ub :    26.8096    196.0891    270.8121
		lb :    21.1904    187.9109    263.1879
		A:
			    0.5730    -0.0035    -0.8196
			    0.9298    0.3553    0.0959
			    -0.5406    -0.0240    -0.8409
			    0.3013    0.4467    -0.8424
			    0.0859    0.9520    0.2938
			    -0.7762    0.1729    -0.6063
			    0.0666    0.8194    0.5694
			    -0.0421    0.5724    -0.8189
			    -0.9969    0.0306    0.0726
			    -0.0666    -0.8194    -0.5694
			    0.0421    -0.5724    0.8189
			    0.9969    -0.0306    -0.0726
		b:
			    -203.2162
			    118.8229
			    -239.4783
			    -129.8378
			    266.6798
			    -144.9187
			    314.4412
			    -107.7396
			    3.8377
			    -307.4412
			    111.7396
			    1.1623


===========================================================================================
===========================================================================================
S9:
	q_c:    215.0000    143.5000    210.5000
	ub :    235.0000    170.0000    225.0000
	lb :    195.0000    117.0000    196.0000

	==================================================================================
	Q1:
		Shape: Hybrid
		q_c:    214.5000    130.5000    211.0000
		ub :    222.0185    138.3473    216.5007
		lb :    206.9815    122.6527    205.4993
		P^-1: 
			    0.0846    0.0728    0.1011
			    0.0728    0.1191    0.1606
			    0.1011    0.1606    0.3105
		A:
			    -0.4621    -0.6193    -0.6348
			    0.6960    0.2650    0.6674
			    0.0815    -0.4679    -0.8800
			    -0.9203    0.0724    0.3846
			    -0.0911    -0.9867    -0.1349
			    0.0755    -0.1348    0.9880
		b:
			    -312.6660
			    326.8478
			    -227.5574
			    -102.5976
			    -172.1303
			    210.1983
	==================================================================================
	Q2:
		Shape: Polyhedra
		q_c:    201.0000    139.0000    201.5000
		ub :    208.3607    144.7485    206.9063
		lb :    193.6393    133.2515    196.0937
		A:
			    0.3039    -0.3162    0.8987
			    0.4106    0.4171    -0.8108
			    0.5435    0.2631    0.7971
			    0.5422    0.5592    -0.6272
			    -0.0801    0.8380    0.5398
			    -0.3809    -0.9203    0.0892
			    0.0465    0.6801    0.7317
			    0.0591    0.7293    -0.6816
			    -0.9972    0.0750    -0.0063
			    -0.0465    -0.6801    -0.7317
			    -0.0591    -0.7293    0.6816
			    0.9972    -0.0750    0.0063
		b:
			    202.0811
			    -19.1562
			    311.8888
			    64.4172
			    214.0851
			    -182.4409
			    256.3167
			    -21.5889
			    -184.2692
			    -246.3167
			    26.5889
			    198.2692
	==================================================================================
	Q3:
		Shape: Polyhedra
		q_c:    217.0000    140.0000    215.0000
		ub :    224.8941    146.1986    218.4681
		lb :    209.1059    133.8014    211.5319
		A:
			    -0.2070    0.1882    -0.9601
			    0.0005    0.4491    -0.8935
			    -0.0937    -0.4837    0.8702
			    0.1736    -0.2185    0.9603
			    0.0930    0.5651    -0.8197
			    0.7428    0.6673    -0.0542
			    0.5613    0.7351    0.3803
			    0.8276    -0.5021    -0.2510
			    0.0065    0.4556    -0.8902
			    -0.5613    -0.7351    -0.3803
			    -0.8276    0.5021    0.2510
			    -0.0065    -0.4556    0.8902
		b:
			    -223.8435
			    -128.6131
			    99.7158
			    214.5791
			    -76.2733
			    246.4030
			    309.4673
			    62.8483
			    -125.7076
			    -303.4673
			    -47.8483
			    126.7076
	==================================================================================
	Q4:
		Shape: Ellipse
		q_c:    205.5000    147.0000    213.5000
		ub :    212.4523    154.4032    221.4996
		lb :    198.5477    139.5968    205.5004
		P^-1: 
			    0.0620    -0.0240    0.0145
			    -0.0240    0.0577    -0.0350
			    0.0145    -0.0350    0.0645
	==================================================================================
	Q5:
		Shape: Ellipse
		q_c:    216.5000    152.5000    213.0000
		ub :    218.7887    158.2930    215.7950
		lb :    214.2113    146.7070    210.2050
		P^-1: 
			    0.2497    -0.0084    0.0073
			    -0.0084    0.0567    0.0949
			    0.0073    0.0949    0.4211
	==================================================================================
	Q6:
		Shape: Hybrid
		q_c:    214.0000    145.5000    205.0000
		ub :    221.3947    153.7683    213.9604
		lb :    206.6053    137.2317    196.0396
		P^-1: 
			    0.0450    0.0102    0.0020
			    0.0102    0.0488    0.0141
			    0.0020    0.0141    0.0323
		A:
			    -0.2189    -0.9757    -0.0007
			    -0.7219    0.2358    0.6507
			    -0.2320    0.9392    0.2530
			    0.4322    -0.2969    0.8515
			    0.9485    0.0290    0.3155
			    -0.1820    0.5343    0.8255
		b:
			    -186.2342
			    16.3405
			    141.6014
			    228.1199
			    274.8332
			    210.8729


===========================================================================================
===========================================================================================
S10:
	q_c:    272.0000    17.0000    368.0000
	ub :    293.0000    33.0000    381.0000
	lb :    251.0000    1.0000    355.0000

	==================================================================================
	Q1:
		Shape: Ellipse
		q_c:    282.0000    11.5000    366.5000
		ub :    284.7516    16.3672    371.2374
		lb :    279.2484    6.6328    361.7626
		P^-1: 
			    0.4108    -0.0942    0.0198
			    -0.0942    0.1410    -0.0577
			    0.0198    -0.0577    0.1152
	==================================================================================
	Q2:
		Shape: Ellipse
		q_c:    262.0000    30.5000    362.5000
		ub :    272.2923    41.7958    372.4431
		lb :    251.7077    19.2042    352.5569
		P^-1: 
			    0.0225    0.0059    -0.0038
			    0.0059    0.0253    -0.0039
			    -0.0038    -0.0039    0.0234
	==================================================================================
	Q3:
		Shape: Hybrid
		q_c:    281.0000    27.5000    364.5000
		ub :    289.6748    34.7809    373.4471
		lb :    272.3252    20.2191    355.5529
		P^-1: 
			    0.0663    0.0365    0.0240
			    0.0365    0.0550    0.0206
			    0.0240    0.0206    0.0372
		A:
			    -0.4484    -0.8847    -0.1277
			    -0.8144    -0.2528    -0.5224
			    0.4526    0.8111    -0.3706
			    0.6014    0.7776    0.1835
			    -0.5648    0.1651    0.8085
			    -0.9633    -0.2452    -0.1094
		b:
			    -194.3943
			    -423.9956
			    18.2064
			    259.1877
			    145.5223
			    -314.6194
	==================================================================================
	Q4:
		Shape: Hybrid
		q_c:    276.5000    25.0000    372.0000
		ub :    285.3272    33.8762    379.2147
		lb :    267.6728    16.1238    364.7853
		P^-1: 
			    0.0435    0.0101    -0.0129
			    0.0101    0.0249    -0.0072
			    -0.0129    -0.0072    0.0475
		A:
			    0.7770    0.4401    -0.4500
			    0.4168    -0.4908    -0.7651
			    -0.8367    0.1815    0.5167
			    0.2311    -0.7213    0.6529
			    0.4869    0.4103    -0.7711
			    0.8943    0.3877    -0.2234
		b:
			    60.6223
			    -177.9610
			    -31.5992
			    292.7152
			    -139.8272
			    176.3209
	==================================================================================
	Q5:
		Shape: Hybrid
		q_c:    281.5000    7.0000    365.5000
		ub :    291.9526    13.7065    376.3305
		lb :    271.0474    0.2935    354.6695
		P^-1: 
			    0.0332    0.0036    0.0143
			    0.0036    0.0456    0.0029
			    0.0143    0.0029    0.0244
		A:
			    0.0948    -0.7610    0.6417
			    -0.9401    -0.0918    0.3283
			    0.5307    0.6819    0.5034
			    -0.6568    -0.5211    -0.5451
			    -0.7923    -0.0731    -0.6058
			    -0.5580    0.3749    -0.7403
		b:
			    259.5528
			    -140.0485
			    340.4599
			    -385.4498
			    -442.4292
			    -422.0040
	==================================================================================
	Q6:
		Shape: Ellipse
		q_c:    283.0000    17.0000    355.5000
		ub :    291.7542    24.2963    363.7622
		lb :    274.2458    9.7037    347.2378
		P^-1: 
			    0.0370    0.0019    -0.0029
			    0.0019    0.0388    0.0018
			    -0.0029    0.0018    0.0373


===========================================================================================
===========================================================================================
S11:
	q_c:    243.5000    48.5000    155.0000
	ub :    271.0000    69.0000    176.0000
	lb :    216.0000    28.0000    134.0000

