3D_45_14_6_b                l = 3

===========================================================================================
===========================================================================================
S1:
	q_c:	382.0	242.5	374.5
	ub :	401.8118	258.7626	394.698
	lb :	362.5483	216.7886	351.0604

	==================================================================================
	Q1:
		Shape: Polyhedra
		q_c:	390.5	225.5	383.5
		ub :	401.8118	234.2114	394.698
		lb :	379.1882	216.7886	372.302
		A:
			0.9631	-0.1687	0.2097
			-0.9241	-0.0825	-0.3731
			0.8177	-0.4639	0.3408
			0.8944	0.4367	0.0965
			0.8219	-0.5692	-0.0211
			-0.8702	0.0423	-0.4909
			0.6475	0.6557	0.3884
			0.4989	-0.7499	0.4344
			0.5761	-0.0875	-0.8127
			-0.6475	-0.6557	-0.3884
			-0.4989	0.7499	-0.4344
			-0.5761	0.0875	0.8127
		b:
			424.5842
			-516.4176
			350.8375
			491.4921
			190.5731
			-512.6489
			556.1421
			197.2975
			-98.4327
			-543.1421
			-187.2975
			114.4327
	==================================================================================
	Q2:
		Shape: Ellipse
		q_c:	383.0	242.5	375.5
		ub :	394.3913	254.7048	385.7094
		lb :	371.6087	230.2952	365.2906
		P^-1:
			0.0254	0.0119	-0.0067
			0.0119	0.0232	-0.0056
			-0.0067	-0.0056	0.0193
	==================================================================================
	Q3:
		Shape: Polyhedra
		q_c:	370.5	251.5	372.0
		ub :	377.2331	258.7626	379.3171
		lb :	363.7669	244.2374	364.6829
		A:
			-0.0201	-0.0583	-0.9981
			-0.9436	-0.1849	-0.2746
			-0.5667	-0.6658	-0.4853
			0.8968	-0.2325	0.3765
			-0.8802	-0.4712	0.0564
			0.09	-0.6831	-0.7248
			0.8241	0.1699	0.5403
			0.314	0.6569	-0.6855
			-0.4714	0.7346	0.488
			-0.8241	-0.1699	-0.5403
			-0.314	-0.6569	0.6855
			0.4714	-0.7346	-0.488
		b:
			-389.0869
			-494.6633
			-553.9093
			417.7561
			-419.9044
			-402.9003
			552.5732
			30.5103
			197.1307
			-545.5732
			-22.5103
			-186.1307
	==================================================================================
	Q4:
		Shape: Polyhedra
		q_c:	370.5	236.5	360.0
		ub :	377.2273	246.2016	368.9396
		lb :	363.7727	226.7984	351.0604
		A:
			-0.6279	0.1208	0.7689
			-0.8819	0.3467	0.3194
			-0.5533	-0.4018	0.7297
			-0.3998	0.6015	0.6917
			0.1738	0.0393	0.984
			-0.8167	0.001	0.577
			0.0261	0.4995	0.8659
			-0.0108	0.8663	-0.4994
			-0.9996	0.0037	0.028
			-0.0261	-0.4995	-0.8659
			0.0108	-0.8663	0.4994
			0.9996	-0.0037	-0.028
		b:
			78.8612
			-123.4252
			-30.207
			248.9013
			434.0622
			-88.2212
			445.0299
			29.1115
			-352.9027
			-434.0299
			-13.1115
			365.9027
	==================================================================================
	Q5:
		Shape: Polyhedra
		q_c:	370.0	240.0	369.5
		ub :	377.4517	246.7208	377.7416
		lb :	362.5483	233.2792	361.2584
		A:
			0.1314	0.9621	-0.2391
			0.2539	0.9112	-0.3244
			-0.2078	0.4489	-0.8691
			-0.1266	0.1743	-0.9765
			0.6197	-0.5194	0.5884
			-0.28	0.6196	-0.7333
			0.3147	0.6982	0.6431
			-0.2958	0.7159	-0.6325
			-0.9019	0.0088	0.4318
			-0.3147	-0.6982	-0.6431
			0.2958	-0.7159	0.6325
			0.9019	-0.0088	-0.4318
		b:
			195.697
			197.2303
			-286.9678
			-361.2705
			325.1706
			-223.2122
			528.6017
			-168.8227
			-167.077
			-514.6017
			173.8227
			177.077
	==================================================================================
	Q6:
		Shape: Polyhedra
		q_c:	391.5	231.0	372.0
		ub :	395.5895	238.9211	379.4528
		lb :	387.4105	223.0789	364.5472
		A:
			-0.993	0.1176	0.0116
			0.8426	-0.1222	0.5245
			-0.8287	0.3378	0.4463
			-0.8129	0.1257	0.5686
			0.7773	-0.621	-0.1008
			-0.712	0.252	0.6554
			0.3264	0.4581	0.8268
			-0.926	0.3303	0.1825
			-0.1895	-0.8252	0.5321
			-0.3264	-0.4581	-0.8268
			0.926	-0.3303	-0.1825
			0.1895	0.8252	-0.5321
		b:
			-355.3343
			500.2029
			-78.3719
			-74.7607
			125.9027
			26.1852
			545.6785
			-216.8357
			-60.3779
			-536.6785
			219.8357
			73.3779


===========================================================================================
===========================================================================================
S2:
	q_c:	426.5	306.5	306.0
	ub :	441.2254	322.5286	323.4813
	lb :	417.2113	291.7895	295.6555

	==================================================================================
	Q1:
		Shape: Ellipse
		q_c:	422.5	317.5	306.5
		ub :	427.7887	322.5286	313.8261
		lb :	417.2113	312.4714	299.1739
		P^-1:
			0.1994	0.0041	-0.095
			0.0041	0.0494	-0.0045
			-0.095	-0.0045	0.071
	==================================================================================
	Q2:
		Shape: Ellipse
		q_c:	433.5	299.5	309.5
		ub :	441.2254	307.2105	316.8535
		lb :	425.7746	291.7895	302.1465
		P^-1:
			0.0498	0.0365	0.0214
			0.0365	0.0757	0.0129
			0.0214	0.0129	0.0554
	==================================================================================
	Q3:
		Shape: Ellipse
		q_c:	432.5	306.5	317.0
		ub :	438.3182	309.4759	323.4813
		lb :	426.6818	303.5241	310.5187
		P^-1:
			0.172	0.0039	0.106
			0.0039	0.2498	-0.0052
			0.106	-0.0052	0.106
	==================================================================================
	Q4:
		Shape: Ellipse
		q_c:	424.5	309.5	300.5
		ub :	430.9665	317.1295	305.3445
		lb :	418.0335	301.8705	295.6555
		P^-1:
			0.0572	0.012	-0.0052
			0.012	0.0354	0.0098
			-0.0052	0.0098	0.0792
	==================================================================================
	Q5:
		Shape: Ellipse
		q_c:	434.0	315.5	299.0
		ub :	439.1378	320.3351	301.9489
		lb :	428.8622	310.6649	296.0511
		P^-1:
			0.0667	-0.0037	0.0266
			-0.0037	0.2306	-0.3424
			0.0266	-0.3424	0.8468
	==================================================================================
	Q6:
		Shape: Polyhedra
		q_c:	425.0	307.5	314.0
		ub :	431.6168	312.9025	322.4429
		lb :	418.3832	302.0975	305.5571
		A:
			0.5473	-0.2834	0.7875
			-0.7784	0.2334	-0.5828
			-0.9165	0.399	0.0278
			0.7498	-0.4057	0.5227
			0.6658	-0.6113	0.4278
			0.1497	0.9864	-0.068
			0.8898	0.1682	0.4243
			-0.4466	0.1293	0.8853
			0.094	-0.9772	0.1901
			-0.8898	-0.1682	-0.4243
			0.4466	-0.1293	-0.8853
			-0.094	0.9772	-0.1901
		b:
			397.1206
			-438.3477
			-253.4246
			361.76
			233.1226
			349.5344
			566.5979
			134.9214
			-196.8334
			-559.5979
			-120.9214
			204.8334


===========================================================================================
===========================================================================================
S3:
	q_c:	193.0	401.0	351.5
	ub :	208.891	407.9249	367.764
	lb :	177.028	382.5733	336.4663

	==================================================================================
	Q1:
		Shape: Ellipse
		q_c:	204.5	387.0	361.0
		ub :	208.891	390.9493	365.8843
		lb :	200.109	383.0507	356.1157
		P^-1:
			0.2135	-0.1402	-0.0119
			-0.1402	0.3176	0.1061
			-0.0119	0.1061	0.1358
	==================================================================================
	Q2:
		Shape: Hybrid
		q_c:	182.5	401.5	350.0
		ub :	187.972	407.9249	356.523
		lb :	177.028	395.0751	343.477
		P^-1:
			0.0811	-0.0035	0.0021
			-0.0035	0.0586	0.0142
			0.0021	0.0142	0.0729
		A:
			0.2936	0.6425	-0.7078
			0.8664	-0.2445	0.4354
			0.6211	-0.774	0.1234
			-0.9642	-0.2617	-0.0429
			-0.0736	-0.8521	0.5181
			0.7223	0.5153	0.4613
		b:
			66.4712
			214.1916
			-152.0314
			-294.1922
			-171.4813
			501.9835
	==================================================================================
	Q3:
		Shape: Hybrid
		q_c:	188.5	392.0	344.0
		ub :	197.5569	401.4267	351.5337
		lb :	179.4431	382.5733	336.4663
		P^-1:
			0.0302	0.0007	-0.0136
			0.0007	0.0497	-0.0404
			-0.0136	-0.0404	0.0821
		A:
			0.1444	0.5342	-0.833
			-0.3729	-0.0717	0.9251
			0.0543	-0.3985	-0.9156
			0.5382	0.3672	-0.7586
			-0.2835	-0.2844	0.9158
			-0.6238	-0.2484	0.741
		b:
			-48.4165
			222.3521
			-456.347
			-13.3874
			152.0205
			42.3909
	==================================================================================
	Q4:
		Shape: Polyhedra
		q_c:	187.5	396.0	357.5
		ub :	195.3254	403.2914	364.1633
		lb :	179.6746	388.7086	350.8367
		A:
			-0.3496	0.0839	0.9331
			-0.3966	0.5353	-0.7457
			-0.1671	-0.7604	0.6276
			0.1796	-0.4792	0.8591
			-0.1135	-0.729	0.6751
			-0.3517	0.3804	-0.8554
			0.2812	0.8135	0.5091
			0.9462	-0.1463	-0.2887
			-0.1604	0.5629	-0.8108
			-0.2812	-0.8135	-0.5091
			-0.9462	0.1463	0.2887
			0.1604	-0.5629	0.8108
		b:
			306.1582
			-126.5482
			-104.8464
			153.1369
			-65.7283
			-218.5449
			563.3662
			22.2345
			-95.0309
			-550.3662
			-10.2345
			99.0309
	==================================================================================
	Q5:
		Shape: Polyhedra
		q_c:	195.5	398.0	361.0
		ub :	202.2031	403.8723	367.764
		lb :	188.7969	392.1277	354.236
		A:
			-0.6081	-0.7536	-0.2494
			-0.5806	0.6426	0.5
			-0.9589	0.1863	-0.2141
			0.5729	0.0417	0.8186
			0.387	0.8952	-0.2212
			-0.4536	-0.6585	0.6005
			0.5836	0.614	0.5314
			-0.6977	0.0443	0.7151
			0.4155	-0.7881	0.4542
			-0.5836	-0.614	-0.5314
			0.6977	-0.0443	-0.7151
			-0.4155	0.7881	-0.4542
		b:
			-505.2957
			326.832
			-186.4979
			427.9631
			356.1165
			-129.8233
			553.8023
			143.3655
			-63.983
			-546.8023
			-135.3655
			72.983
	==================================================================================
	Q6:
		Shape: Polyhedra
		q_c:	195.0	402.5	344.0
		ub :	201.2475	407.845	350.4988
		lb :	188.7525	397.155	337.5012
		A:
			-0.7535	0.2171	0.6205
			0.9049	0.4191	-0.0745
			-0.0522	0.8735	0.484
			-0.8944	-0.4106	-0.1775
			-0.827	-0.5617	0.0233
			0.5627	-0.8218	0.0898
			0.5032	0.7721	0.3881
			-0.5081	0.6276	-0.5898
			-0.699	0.0997	0.7082
			-0.5032	-0.7721	-0.3881
			0.5081	-0.6276	0.5898
			0.699	-0.0997	-0.7082
		b:
			157.4568
			322.3449
			510.7252
			-397.881
			-376.7885
			-185.1865
			544.3987
			-43.8706
			150.9226
			-540.3987
			54.8706
			-143.9226


===========================================================================================
===========================================================================================
S4:
	q_c:	31.0	482.0	38.0
	ub :	42.0384	492.3241	43.6638
	lb :	22.8584	476.7411	29.4465

	==================================================================================
	Q1:
		Shape: Ellipse
		q_c:	30.5	481.5	39.5
		ub :	34.2641	484.3778	43.289
		lb :	26.7359	478.6222	35.711
		P^-1:
			0.2318	-0.1029	0.0683
			-0.1029	0.3077	-0.098
			0.0683	-0.098	0.225
	==================================================================================
	Q2:
		Shape: Hybrid
		q_c:	36.0	481.5	41.0
		ub :	39.2769	484.5633	43.6638
		lb :	32.7231	478.4367	38.3362
		P^-1:
			0.4543	-0.0283	-0.3482
			-0.0283	0.3997	-0.2318
			-0.3482	-0.2318	0.7016
		A:
			0.0929	-0.9684	0.2313
			0.6545	-0.3815	-0.6528
			0.6611	0.3806	-0.6465
			0.8771	-0.073	-0.4748
			-0.4839	0.5785	0.6566
			-0.3385	0.8736	-0.3497
		b:
			-452.3252
			-186.0689
			181.2871
			-22.186
			289.2084
			395.0409
	==================================================================================
	Q3:
		Shape: Polyhedra
		q_c:	38.0	488.0	37.0
		ub :	42.0384	492.323	41.5907
		lb :	33.9616	483.677	32.4093
		A:
			0.1152	-0.9123	-0.393
			0.8688	-0.0112	-0.495
			-0.065	0.9806	0.185
			-0.2402	-0.5863	-0.7737
			0.5495	-0.6694	0.4999
			-0.715	0.3352	-0.6135
			0.5503	0.2941	0.7814
			-0.7905	0.4849	0.3742
			-0.2688	-0.8237	0.4993
			-0.5503	-0.2941	-0.7814
			0.7905	-0.4849	-0.3742
			0.2688	0.8237	-0.4993
		b:
			-452.7722
			11.5227
			485.5882
			-320.978
			-284.592
			116.5107
			196.3402
			222.4148
			-390.6926
			-190.3402
			-218.4148
			396.6926
	==================================================================================
	Q4:
		Shape: Hybrid
		q_c:	33.0	487.5	36.5
		ub :	36.6481	492.3241	40.9908
		lb :	29.3519	482.6759	32.0092
		P^-1:
			0.6863	0.3933	0.1589
			0.3933	0.329	0.1603
			0.1589	0.1603	0.1941
		A:
			0.5913	0.6915	0.4149
			0.6443	0.5026	0.5764
			0.8879	0.1648	0.4296
			-0.8711	-0.4517	0.1925
			-0.975	-0.2102	-0.0714
			0.7216	0.4674	0.5107
		b:
			372.5908
			288.1669
			126.857
			-240.9271
			-136.1469
			271.1015
	==================================================================================
	Q5:
		Shape: Ellipse
		q_c:	31.0	488.0	32.0
		ub :	34.4443	491.6653	34.5535
		lb :	27.5557	484.3347	29.4465
		P^-1:
			0.2285	0.0502	-0.0021
			0.0502	0.1328	0.0049
			-0.0021	0.0049	0.2498
	==================================================================================
	Q6:
		Shape: Ellipse
		q_c:	27.0	481.0	39.5
		ub :	31.1416	485.2589	42.9623
		lb :	22.8584	476.7411	36.0377
		P^-1:
			0.1546	0.0312	0.0177
			0.0312	0.1399	0.039
			0.0177	0.039	0.2266


===========================================================================================
===========================================================================================
S5:
	q_c:	309.0	253.0	345.0
	ub :	313.9483	259.1734	350.052
	lb :	304.1259	249.5094	341.7064

	==================================================================================
	Q1:
		Shape: Ellipse
		q_c:	309.5	256.0	347.0
		ub :	312.0347	259.1034	350.052
		lb :	306.9653	252.8966	343.948
		P^-1:
			0.3106	0.0664	0.0608
			0.0664	0.3228	0.0667
			0.0608	0.0667	0.311
	==================================================================================
	Q2:
		Shape: Hybrid
		q_c:	306.5	252.0	343.5
		ub :	308.8741	254.3107	345.2936
		lb :	304.1259	249.6893	341.7064
		P^-1:
			1.0647	0.8755	-1.124
			0.8755	1.2433	-1.383
			-1.124	-1.383	2.3865
		A:
			-0.6693	-0.421	0.6122
			0.2065	0.8143	-0.5424
			-0.4491	-0.6929	0.5642
			-0.5302	-0.4466	0.7208
			0.0209	0.636	-0.7714
			0.5566	0.6881	-0.4656
		b:
			-100.5402
			82.8759
			-118.0431
			-27.1502
			-97.6622
			184.5165
	==================================================================================
	Q3:
		Shape: Ellipse
		q_c:	311.0	255.0	345.5
		ub :	313.648	258.0069	348.8013
		lb :	308.352	251.9931	342.1987
		P^-1:
			0.7377	0.3559	0.1186
			0.3559	0.4675	0.0306
			0.1186	0.0306	0.2048
	==================================================================================
	Q4:
		Shape: Hybrid
		q_c:	310.5	257.0	345.0
		ub :	312.9262	259.1734	347.6365
		lb :	308.0738	254.8266	342.3635
		P^-1:
			0.3747	0.0084	0.0929
			0.0084	0.2506	0.0062
			0.0929	0.0062	0.3192
		A:
			-0.999	0.0315	-0.0308
			-0.1293	-0.2572	-0.9577
			-0.2363	-0.7848	0.5729
			0.1717	0.5354	0.827
			0.9128	-0.402	-0.072
			-0.3371	-0.9328	0.1276
		b:
			-311.7912
			-435.6222
			-76.174
			477.2602
			156.3184
			-299.1275
	==================================================================================
	Q5:
		Shape: Polyhedra
		q_c:	312.0	252.5	346.0
		ub :	313.9483	254.3873	348.2167
		lb :	310.0517	250.6127	343.7833
		A:
			0.9062	-0.3852	0.1747
			0.6796	0.1749	-0.7124
			-0.4046	0.5962	0.6935
			0.632	-0.4549	-0.6274
			0.9738	-0.1951	-0.1166
			-0.1564	-0.1505	0.9762
			0.3066	0.0896	0.9476
			-0.2845	0.9587	0.0014
			-0.9083	-0.2701	0.3194
			-0.3066	-0.0896	-0.9476
			0.2845	-0.9587	-0.0014
			0.9083	0.2701	-0.3194
		b:
			247.3132
			10.9813
			265.846
			-133.3521
			215.3793
			252.7665
			448.1525
			155.2712
			-240.0781
			-444.1525
			-152.2712
			242.0781
	==================================================================================
	Q6:
		Shape: Ellipse
		q_c:	310.5	253.0	346.5
		ub :	312.9105	256.4906	350.0272
		lb :	308.0895	249.5094	342.9728
		P^-1:
			0.4017	0.0459	-0.0669
			0.0459	0.2222	-0.0654
			-0.0669	-0.0654	0.2305


===========================================================================================
===========================================================================================
S6:
	q_c:	53.0	442.5	501.5
	ub :	58.5147	449.9777	509.9686
	lb :	47.6561	435.1531	491.8311

	==================================================================================
	Q1:
		Shape: Polyhedra
		q_c:	53.5	446.5	502.5
		ub :	57.8837	449.9777	506.6613
		lb :	49.1163	443.0223	498.3387
		A:
			-0.3314	-0.9381	0.1004
			0.4934	0.7922	-0.359
			-0.1196	-0.7362	0.6661
			0.9226	0.3311	0.198
			0.7714	-0.5999	0.2121
			0.359	-0.6036	0.7119
			0.6028	0.0402	0.7969
			-0.66	0.5863	0.4697
			-0.4483	-0.8091	0.38
			-0.6028	-0.0402	-0.7969
			0.66	-0.5863	-0.4697
			0.4483	0.8091	-0.38
		b:
			-384.0382
			201.7263
			1.7306
			299.0781
			-117.2489
			109.8257
			453.1346
			465.4984
			-192.305
			-448.1346
			-459.4984
			196.305
	==================================================================================
	Q2:
		Shape: Polyhedra
		q_c:	53.0	440.0	497.0
		ub :	57.6253	444.8469	502.1689
		lb :	48.3747	435.1531	491.8311
		A:
			0.8653	0.222	0.4494
			0.052	0.2306	0.9717
			-0.8846	0.4605	0.0738
			0.2861	0.8268	-0.4844
			-0.2002	0.8901	0.4094
			0.8748	-0.1043	0.4732
			0.2439	0.8042	0.5421
			-0.8093	0.4768	-0.3432
			-0.5344	-0.355	0.7671
			-0.2439	-0.8042	-0.5421
			0.8093	-0.4768	0.3432
			0.5344	0.355	-0.7671
		b:
			369.6733
			590.304
			195.0621
			141.4831
			587.4279
			238.2456
			639.1694
			-1.1867
			200.2052
			-633.1694
			6.1867
			-193.2052
	==================================================================================
	Q3:
		Shape: Hybrid
		q_c:	50.5	446.0	497.5
		ub :	53.3439	448.1036	500.3115
		lb :	47.6561	443.8964	494.6885
		P^-1:
			0.3757	-0.0033	0.0929
			-0.0033	0.4443	0.0045
			0.0929	0.0045	0.3189
		A:
			0.4867	0.6773	-0.5517
			-0.3334	0.844	-0.4202
			-0.8014	0.5967	0.0414
			-0.7759	-0.3475	0.5265
			0.5624	0.8162	-0.132
			0.7375	-0.6325	0.2366
		b:
			53.213
			151.2943
			247.095
			68.921
			327.6305
			-126.3713
	==================================================================================
	Q4:
		Shape: Ellipse
		q_c:	53.5	446.0	497.5
		ub :	56.1887	448.806	500.6536
		lb :	50.8113	443.194	494.3464
		P^-1:
			0.282	-0.0733	0.0099
			-0.0733	0.3926	-0.066
			0.0099	-0.066	0.1799
	==================================================================================
	Q5:
		Shape: Hybrid
		q_c:	54.5	446.5	507.5
		ub :	58.2431	449.9661	509.9686
		lb :	50.7569	443.0339	505.0314
		P^-1:
			0.1291	0.071	-0.08
			0.071	0.4074	-0.3826
			-0.08	-0.3826	0.7346
		A:
			0.6499	0.4416	-0.6186
			-0.9433	0.3315	0.0157
			0.0115	0.8654	-0.501
			-0.0054	-0.8012	0.5984
			-0.1993	0.974	-0.1078
			0.5008	-0.3654	0.7847
		b:
			-80.0111
			107.0619
			133.7437
			-53.534
			371.0929
			263.767
	==================================================================================
	Q6:
		Shape: Polyhedra
		q_c:	54.5	444.0	503.5
		ub :	58.5147	448.086	507.0075
		lb :	50.4853	439.914	499.9925
		A:
			0.1985	-0.2036	-0.9587
			0.0258	-0.9682	0.2489
			0.4732	-0.0636	0.8787
			-0.8164	-0.304	0.491
			0.0707	-0.9072	0.4148
			0.6083	-0.3596	0.7076
			0.6637	0.6433	0.3817
			0.151	-0.615	0.7739
			0.7326	-0.456	-0.5053
			-0.6637	-0.6433	-0.3817
			-0.151	0.615	-0.7739
			-0.7326	0.456	0.5053
		b:
			-560.1799
			-300.9008
			442.3887
			70.2174
			-188.1244
			231.8059
			517.462
			126.3225
			-414.9903
			-510.462
			-123.3225
			418.9903


===========================================================================================
===========================================================================================
S7:
	q_c:	270.0	482.0	139.5
	ub :	274.991	486.6721	144.4735
	lb :	267.0254	478.5967	135.4632

	==================================================================================
	Q1:
		Shape: Polyhedra
		q_c:	272.5	482.5	142.0
		ub :	274.754	485.0884	144.4735
		lb :	270.246	479.9116	139.5265
		A:
			0.4291	0.0488	-0.902
			0.8139	0.4223	0.3989
			-0.7141	-0.5574	-0.4235
			-0.0079	-0.5207	-0.8537
			0.653	-0.472	0.5923
			-0.0675	-0.8908	-0.4493
			0.7244	0.5058	0.4683
			-0.0955	-0.5992	0.7949
			0.6827	-0.6206	-0.3857
			-0.7244	-0.5058	-0.4683
			0.0955	0.5992	-0.7949
			-0.6827	0.6206	0.3857
		b:
			13.8661
			483.7109
			-522.1755
			-373.1166
			35.8233
			-510.5252
			509.478
			-200.7547
			-166.6602
			-506.478
			203.7547
			169.6602
	==================================================================================
	Q2:
		Shape: Hybrid
		q_c:	270.5	480.5	137.5
		ub :	272.4563	482.4033	139.5368
		lb :	268.5437	478.5967	135.4632
		P^-1:
			0.4521	0.0559	-0.0331
			0.0559	0.8498	-0.2403
			-0.0331	-0.2403	0.5869
		A:
			0.9965	-0.0635	-0.0552
			-0.1139	-0.5925	0.7974
			0.4004	-0.8298	0.3888
			-0.0382	0.8118	-0.5827
			-0.9058	-0.2819	-0.3163
			-0.8641	-0.2755	-0.4213
		b:
			232.4163
			-205.2906
			-236.2898
			300.1328
			-422.9703
			-423.0582
	==================================================================================
	Q3:
		Shape: Polyhedra
		q_c:	269.0	481.0	141.0
		ub :	270.9746	482.9825	142.6652
		lb :	267.0254	479.0175	139.3348
		A:
			-0.3401	0.207	0.9173
			-0.2283	0.9189	0.3218
			0.8538	-0.3071	-0.4204
			-0.0248	-0.9831	-0.1815
			0.7186	-0.6353	-0.283
			-0.5609	-0.1977	0.8039
			0.7158	0.6966	0.0484
			0.3807	-0.3313	-0.8633
			-0.5854	0.6364	-0.5023
			-0.7158	-0.6966	-0.0484
			-0.3807	0.3313	0.8633
			0.5854	-0.6364	0.5023
		b:
			138.4495
			427.1311
			23.7865
			-503.978
			-150.9222
			-131.6079
			535.4435
			-177.6574
			79.312
			-533.4435
			179.6574
			-76.312
	==================================================================================
	Q4:
		Shape: Ellipse
		q_c:	271.5	483.0	138.0
		ub :	273.23	484.4635	139.6805
		lb :	269.77	481.5365	136.3195
		P^-1:
			1.5856	0.889	-1.0847
			0.889	2.2352	-1.2484
			-1.0847	-1.2484	1.6237
	==================================================================================
	Q5:
		Shape: Ellipse
		q_c:	270.0	484.5	140.0
		ub :	272.8453	486.6721	142.5421
		lb :	267.1547	482.3279	137.4579
		P^-1:
			0.3279	-0.0527	-0.0794
			-0.0527	0.4206	-0.0359
			-0.0794	-0.0359	0.3903
	==================================================================================
	Q6:
		Shape: Ellipse
		q_c:	273.0	482.0	140.5
		ub :	274.991	484.3787	142.7759
		lb :	271.009	479.6213	138.2241
		P^-1:
			0.9182	0.177	-0.1528
			0.177	0.6171	0.3305
			-0.1528	0.3305	0.7148


===========================================================================================
===========================================================================================
S8:
	q_c:	343.5	454.0	94.5
	ub :	357.9934	467.3085	100.6781
	lb :	331.1549	441.4052	80.4863

	==================================================================================
	Q1:
		Shape: Hybrid
		q_c:	351.5	450.0	90.0
		ub :	355.5666	454.8173	94.8931
		lb :	347.4334	445.1827	85.1069
		P^-1:
			0.1421	-0.0174	-0.0159
			-0.0174	0.1209	0.0089
			-0.0159	0.0089	0.1192
		A:
			0.8321	0.2267	-0.5063
			-0.9976	-0.0377	-0.0574
			-0.7835	-0.0289	0.6208
			-0.8404	0.5393	-0.0546
			0.8856	-0.1105	-0.4511
			0.2546	-0.8246	-0.5052
		b:
			350.3714
			-371.3191
			-231.1341
			-56.2657
			222.2777
			-325.6073
	==================================================================================
	Q2:
		Shape: Hybrid
		q_c:	352.0	447.0	87.0
		ub :	357.9934	451.8014	92.6747
		lb :	346.0066	442.1986	81.3253
		P^-1:
			0.0781	0.0001	0.0075
			0.0001	0.0816	-0.0003
			0.0075	-0.0003	0.0661
		A:
			-0.3049	-0.3302	0.8933
			-0.539	-0.7199	-0.4374
			-0.2464	0.7704	-0.588
			-0.3713	-0.77	0.5189
			-0.6986	0.4244	0.5761
			-0.3505	0.9065	0.2353
		b:
			-174.9975
			-547.7825
			208.3358
			-427.7959
			-3.9729
			304.1385
	==================================================================================
	Q3:
		Shape: Ellipse
		q_c:	349.5	465.0	92.5
		ub :	353.7252	467.3085	96.6884
		lb :	345.2748	462.6915	88.3116
		P^-1:
			0.257	-0.3168	0.0895
			-0.3168	0.7993	-0.1944
			0.0895	-0.1944	0.166
	==================================================================================
	Q4:
		Shape: Ellipse
		q_c:	337.0	446.5	91.0
		ub :	341.3804	451.5948	95.5602
		lb :	332.6196	441.4052	86.4398
		P^-1:
			0.1215	0.0369	-0.0131
			0.0369	0.1159	-0.0121
			-0.0131	-0.0121	0.0859
	==================================================================================
	Q5:
		Shape: Polyhedra
		q_c:	336.5	452.0	95.5
		ub :	341.8451	455.4269	100.6781
		lb :	331.1549	448.5731	90.3219
		A:
			-0.7562	-0.5954	-0.2715
			0.5227	0.3531	-0.776
			-0.0035	-0.1277	0.9918
			0.2086	0.5907	0.7794
			0.2047	0.3894	-0.898
			-0.4217	-0.1111	-0.8999
			0.3023	0.9177	0.2579
			0.6477	0.0007	-0.7619
			-0.6993	0.3974	-0.5942
			-0.3023	-0.9177	-0.2579
			-0.6477	-0.0007	0.7619
			0.6993	-0.3974	0.5942
		b:
			-546.8696
			264.3848
			39.2432
			414.2253
			162.4302
			-274.5792
			543.1455
			148.5076
			-108.4524
			-539.1455
			-142.5076
			116.4524
	==================================================================================
	Q6:
		Shape: Ellipse
		q_c:	347.0	457.0	88.0
		ub :	354.1537	463.0963	95.5137
		lb :	339.8463	450.9037	80.4863
		P^-1:
			0.0512	-0.0036	0.0027
			-0.0036	0.0567	-0.0054
			0.0027	-0.0054	0.0534


===========================================================================================
===========================================================================================
S9:
	q_c:	323.5	490.0	66.5
	ub :	338.3555	514.0962	75.67
	lb :	307.5601	469.1447	49.4609

	==================================================================================
	Q1:
		Shape: Polyhedra
		q_c:	330.5	477.5	58.5
		ub :	338.3555	485.8553	62.4336
		lb :	322.6445	469.1447	54.5664
		A:
			0.2909	0.0144	-0.9566
			-0.4056	-0.5242	0.7488
			0.5298	0.8447	-0.0763
			-0.5332	-0.6714	0.5148
			0.0867	-0.3771	-0.9221
			-0.5514	-0.762	-0.3395
			0.7547	0.5565	0.3475
			-0.2977	-0.1816	0.9372
			0.5846	-0.8108	0.0286
			-0.7547	-0.5565	-0.3475
			0.2977	0.1816	-0.9372
			-0.5846	0.8108	-0.0286
		b:
			49.7215
			-337.5104
			578.3681
			-463.1638
			-201.7842
			-561.6479
			539.4707
			-127.7537
			-185.2599
			-531.4707
			132.7537
			199.2599
	==================================================================================
	Q2:
		Shape: Hybrid
		q_c:	326.0	503.5	65.5
		ub :	335.7863	514.0962	75.67
		lb :	316.2137	492.9038	55.33
		P^-1:
			0.0267	-0.0016	-0.0008
			-0.0016	0.0246	0.0004
			-0.0008	0.0004	0.0239
		A:
			0.9706	-0.0684	-0.2307
			0.8464	0.53	0.0521
			0.1734	-0.8398	-0.5145
			-0.847	-0.061	0.528
			0.7514	0.6163	-0.2357
			-0.4489	-0.7404	-0.5002
		b:
			269.9641
			549.5908
			-396.7216
			-269.0939
			543.2644
			-548.4206
	==================================================================================
	Q3:
		Shape: Polyhedra
		q_c:	316.0	480.0	64.0
		ub :	324.1316	489.4171	73.9098
		lb :	307.8684	470.5829	54.0902
		A:
			-0.0379	0.0632	0.9973
			0.4919	0.6988	0.5194
			-0.6766	0.0924	0.7305
			0.7283	-0.6698	-0.1449
			-0.7406	-0.6478	-0.1784
			-0.0073	-0.9992	0.0381
			0.4711	0.6339	0.6133
			-0.2007	0.7541	-0.6253
			-0.8589	0.1715	0.4825
			-0.4711	-0.6339	-0.6133
			0.2007	-0.7541	0.6253
			0.8589	-0.1715	-0.4825
		b:
			88.004
			530.5664
			-118.0005
			-95.5533
			-550.2605
			-473.3331
			498.9188
			264.5367
			-153.723
			-485.9188
			-252.5367
			162.723
	==================================================================================
	Q4:
		Shape: Ellipse
		q_c:	314.0	481.5	59.5
		ub :	320.4399	486.8667	64.4856
		lb :	307.5601	476.1333	54.5144
		P^-1:
			0.3784	-0.4548	0.1137
			-0.4548	0.6071	-0.1484
			0.1137	-0.1484	0.0876
	==================================================================================
	Q5:
		Shape: Polyhedra
		q_c:	315.5	501.5	64.5
		ub :	320.3981	507.9503	71.0581
		lb :	310.6019	495.0497	57.9419
		A:
			0.331	-0.3999	0.8547
			0.3153	-0.252	0.9149
			0.8308	0.4645	-0.3065
			-0.4988	-0.7654	0.4067
			0.5967	-0.7074	-0.3789
			-0.2426	-0.2123	0.9466
			0.0108	0.5538	0.8326
			-0.9958	0.0815	-0.0413
			-0.0907	-0.8286	0.5524
			-0.0108	-0.5538	-0.8326
			0.9958	-0.0815	0.0413
			0.0907	0.8286	-0.5524
		b:
			-36.643
			36.6234
			479.6333
			-510.8771
			-186.2424
			-117.4718
			339.8453
			-271.4741
			-404.5581
			-329.8453
			280.4741
			412.5581
	==================================================================================
	Q6:
		Shape: Hybrid
		q_c:	327.0	491.0	57.5
		ub :	335.9533	499.1825	65.5391
		lb :	318.0467	482.8175	49.4609
		P^-1:
			0.0349	0.0086	-0.0008
			0.0086	0.0412	0.0055
			-0.0008	0.0055	0.0411
		A:
			-0.7362	-0.2348	0.6347
			-0.6909	0.5459	0.4739
			0.6119	0.3186	-0.7239
			0.7987	0.1063	0.5923
			-0.7784	-0.4892	0.3935
			0.2879	-0.6537	0.6999
		b:
			-316.7492
			72.581
			317.6305
			350.4972
			-469.4291
			-183.1831


===========================================================================================
===========================================================================================
S10:
	q_c:	425.5	24.0	28.5
	ub :	428.6867	26.9455	31.1882
	lb :	424.8715	23.0585	26.2885

	==================================================================================
	Q1:
		Shape: Ellipse
		q_c:	426.0	24.5	27.5
		ub :	426.8931	25.2237	28.6209
		lb :	425.1069	23.7763	26.3791
		P^-1:
			3.8753	-0.0123	0.5986
			-0.0123	3.9988	0.0589
			0.5986	0.0589	1.1259
	==================================================================================
	Q2:
		Shape: Ellipse
		q_c:	426.0	24.0	30.0
		ub :	427.1118	24.9415	31.1882
		lb :	424.8882	23.0585	28.8118
		P^-1:
			3.2281	-0.3938	1.2509
			-0.3938	3.7991	0.6382
			1.2509	0.6382	1.9728
	==================================================================================
	Q3:
		Shape: Ellipse
		q_c:	427.0	25.0	27.5
		ub :	428.4267	26.4181	28.4996
		lb :	425.5733	23.5819	26.5004
		P^-1:
			1.1035	0.1893	0.5136
			0.1893	1.3464	0.9399
			0.5136	0.9399	3.5501
	==================================================================================
	Q4:
		Shape: Hybrid
		q_c:	426.5	25.0	28.5
		ub :	428.1285	26.3593	30.0329
		lb :	424.8715	23.6407	26.9671
		P^-1:
			1.0	-0.0	0.0
			-0.0	1.0	-0.0
			0.0	-0.0	1.0
		A:
			-0.2496	0.9295	-0.2715
			-0.9715	0.102	-0.2142
			-0.2183	0.1564	-0.9633
			0.8966	-0.4068	0.1751
			0.518	0.8063	-0.2856
			-0.8194	0.5618	0.1135
		b:
			-90.4558
			-417.3812
			-116.1408
			377.7099
			233.4429
			-331.7036
	==================================================================================
	Q5:
		Shape: Hybrid
		q_c:	427.5	26.0	29.0
		ub :	428.6867	26.9455	30.0775
		lb :	426.3133	25.0545	27.9225
		P^-1:
			1.7137	1.275	-0.0773
			1.275	3.2779	-0.138
			-0.0773	-0.138	1.0084
		A:
			0.9229	0.3347	-0.1902
			-0.3094	-0.8612	-0.4033
			-0.1641	-0.9504	0.2644
			-0.4026	-0.6961	0.5944
			-0.2323	-0.8864	0.4003
			-0.3653	0.9209	-0.1362
		b:
			398.2561
			-165.9479
			-86.8276
			-172.5311
			-110.3885
			-135.5662
	==================================================================================
	Q6:
		Shape: Hybrid
		q_c:	427.0	25.5	27.5
		ub :	428.0608	26.2871	28.7115
		lb :	425.9392	24.7129	26.2885
		P^-1:
			3.4148	0.1241	1.1822
			0.1241	3.9737	-0.2506
			1.1822	-0.2506	1.6115
		A:
			-0.4728	0.3249	-0.8191
			-0.9735	0.0014	-0.2288
			-0.6684	0.7379	0.0933
			-0.0719	-0.9283	-0.3647
			-0.8363	0.4883	-0.2495
			0.0829	0.7204	-0.6886
		b:
			-215.7364
			-421.6387
			-263.6404
			-64.0337
			-351.2215
			35.2758


===========================================================================================
===========================================================================================
S11:
	q_c:	281.0	98.5	271.0
	ub :	283.6424	110.1998	277.3034
	lb :	269.8217	91.0617	261.0899

	==================================================================================
	Q1:
		Shape: Hybrid
		q_c:	275.0	98.5	272.0
		ub :	280.1783	101.8498	277.3034
		lb :	269.8217	95.1502	266.6966
		P^-1:
			0.1283	-0.0547	0.0408
			-0.0547	0.2075	-0.0332
			0.0408	-0.0332	0.0878
		A:
			0.157	-0.8102	0.5648
			0.8451	0.4499	-0.2887
			0.0769	0.979	-0.1887
			0.5052	0.8621	-0.0399
			0.2266	0.905	-0.36
			0.1123	-0.9634	-0.2435
		b:
			118.4342
			200.7243
			67.6899
			214.908
			55.2646
			-128.7159
	==================================================================================
	Q2:
		Shape: Hybrid
		q_c:	278.5	99.5	265.0
		ub :	282.3892	103.8241	268.9101
		lb :	274.6108	95.1759	261.0899
		P^-1:
			0.1362	0.0196	0.0146
			0.0196	0.1749	-0.0548
			0.0146	-0.0548	0.21
		A:
			0.0214	0.9737	0.2268
			-0.1896	-0.0387	-0.9811
			0.2823	0.876	0.3911
			-0.05	0.924	-0.379
			-0.4346	0.0558	-0.8989
			-0.7566	0.4174	0.5032
		b:
			164.6018
			-315.3798
			271.0157
			-21.1853
			-352.4561
			-33.8636
	==================================================================================
	Q3:
		Shape: Polyhedra
		q_c:	274.5	99.0	265.5
		ub :	276.782	102.8402	269.0534
		lb :	272.218	95.1598	261.9466
		A:
			-0.8133	0.431	0.3909
			0.3633	0.3169	0.8761
			0.6649	0.7465	-0.023
			-0.0523	-0.9103	-0.4105
			0.2174	-0.5725	-0.7905
			-0.1592	-0.8479	-0.5057
			0.9687	0.2456	0.0374
			0.153	-0.7084	0.6891
			0.1957	-0.6618	-0.7237
			-0.9687	-0.2456	-0.0374
			-0.153	0.7084	-0.6891
			-0.1957	0.6618	0.7237
		b:
			-75.2128
			365.7485
			252.3702
			-211.6031
			-205.3539
			-260.2312
			301.6269
			158.321
			-202.4505
			-298.6269
			-151.321
			205.4505
	==================================================================================
	Q4:
		Shape: Polyhedra
		q_c:	280.0	94.5	274.5
		ub :	283.6424	97.9383	277.2124
		lb :	276.3576	91.0617	271.7876
		A:
			-0.0918	-0.8304	-0.5496
			-0.5694	0.2349	0.7878
			-0.1178	-0.9642	-0.2374
			0.5341	0.3916	0.7493
			-0.2631	-0.1175	0.9576
			0.6588	-0.3864	0.6456
			0.3382	0.6685	0.6624
			0.9137	-0.4017	-0.0611
			0.2252	0.6259	-0.7467
			-0.3382	-0.6685	-0.6624
			-0.9137	0.4017	0.0611
			-0.2252	-0.6259	0.7467
		b:
			-253.727
			81.4978
			-187.6215
			393.5812
			180.3716
			327.7671
			340.6817
			204.1192
			-80.2523
			-338.6817
			-198.1192
			85.2523
	==================================================================================
	Q5:
		Shape: Polyhedra
		q_c:	279.5	106.5	266.5
		ub :	283.0844	110.1998	269.9671
		lb :	275.9156	102.8002	263.0329
		A:
			-0.3752	0.6923	0.6164
			-0.4083	-0.4073	-0.8169
			0.4822	-0.2402	-0.8425
			-0.3091	0.448	-0.8389
			0.1682	0.7828	0.5991
			-0.2583	0.3364	-0.9056
			0.9135	0.3872	0.1245
			0.2697	-0.8058	0.5272
			0.3045	-0.4481	-0.8405
			-0.9135	-0.3872	-0.1245
			-0.2697	0.8058	-0.5272
			-0.3045	0.4481	0.8405
		b:
			135.5726
			-372.7372
			-112.8566
			-260.1227
			292.5087
			-275.5288
			332.2511
			132.0762
			-184.1256
			-327.2511
			-128.0762
			189.1256
	==================================================================================
	Q6:
		Shape: Polyhedra
		q_c:	276.0	99.5	271.0
		ub :	280.1945	104.6977	276.1651
		lb :	271.8055	94.3023	265.8349
		A:
			0.6371	-0.1704	-0.7517
			0.8754	0.2454	-0.4166
			-0.8877	0.4528	-0.0835
			-0.2644	0.661	0.7023
			0.4397	-0.3574	-0.824
			-0.4114	0.3009	0.8604
			0.6503	0.6951	0.3066
			0.7346	-0.4725	-0.4869
			-0.1936	0.5419	-0.8179
			-0.6503	-0.6951	-0.3066
			-0.7346	0.4725	0.4869
			0.1936	-0.5419	0.8179
		b:
			-42.375
			155.7701
			-219.8652
			185.4861
			-135.0234
			152.1677
			334.7196
			25.7818
			-217.1646
			-328.7196
			-21.7818
			225.1646


===========================================================================================
===========================================================================================
S12:
	q_c:	257.0	355.5	468.5
	ub :	293.4192	384.3042	506.0382
	lb :	226.7843	331.8497	448.0527

	==================================================================================
	Q1:
		Shape: Polyhedra
		q_c:	270.5	370.0	480.5
		ub :	280.4644	384.3042	495.9628
		lb :	260.5356	355.6958	465.0372
		A:
			0.052	-0.9667	-0.2505
			-0.3918	0.717	-0.5766
			0.8662	-0.4659	-0.1805
			-0.8681	0.4057	-0.2862
			-0.9836	0.0643	-0.1687
			-0.793	-0.0096	0.6092
			0.013	0.3519	0.936
			-0.7756	0.5944	-0.2126
			-0.6311	-0.7231	0.2806
			-0.013	-0.3519	-0.936
			0.7756	-0.5944	0.2126
			0.6311	0.7231	-0.2806
		b:
			-454.3266
			-110.9091
			-18.5216
			-217.2211
			-316.569
			84.5842
			595.9454
			-87.544
			-293.4302
			-570.9454
			96.544
			313.4302
	==================================================================================
	Q2:
		Shape: Hybrid
		q_c:	262.5	344.5	464.5
		ub :	274.1678	357.1503	477.3587
		lb :	250.8322	331.8497	451.6413
		P^-1:
			0.0229	-0.0002	-0.0057
			-0.0002	0.0151	0.0036
			-0.0057	0.0036	0.0199
		A:
			-0.5601	0.1747	0.8098
			-0.6125	-0.0865	0.7857
			0.6004	0.726	-0.3353
			0.1013	-0.9948	0.011
			0.6787	-0.4654	-0.5681
			0.7209	0.2376	0.6511
		b:
			292.4512
			177.804
			256.6073
			-305.644
			-242.8559
			578.289
	==================================================================================
	Q3:
		Shape: Polyhedra
		q_c:	276.5	347.5	464.5
		ub :	293.4192	359.6091	480.9141
		lb :	259.5808	335.3909	448.0859
		A:
			0.4653	0.8794	0.1007
			-0.4381	-0.3208	0.8397
			-0.7857	-0.2969	-0.5427
			0.3856	0.4846	0.7852
			0.7621	0.6171	0.1959
			-0.2141	-0.2196	-0.9518
			0.4055	0.6403	0.6523
			0.8539	-0.0107	-0.5203
			-0.3262	0.768	-0.5512
			-0.4055	-0.6403	-0.6523
			-0.8539	0.0107	0.5203
			0.3262	-0.768	0.5512
		b:
			489.1198
			169.6968
			-564.7226
			645.5879
			524.6696
			-569.8463
			643.1456
			3.7273
			-68.3153
			-632.1456
			22.2727
			90.3153
	==================================================================================
	Q4:
		Shape: Ellipse
		q_c:	266.5	361.0	484.0
		ub :	281.1373	373.4322	502.0822
		lb :	251.8627	348.5678	465.9178
		P^-1:
			0.0342	-0.0172	0.0114
			-0.0172	0.0184	-0.0064
			0.0114	-0.0064	0.0085
	==================================================================================
	Q5:
		Shape: Hybrid
		q_c:	256.5	367.5	457.5
		ub :	265.4534	376.3824	466.9473
		lb :	247.5466	358.6176	448.0527
		P^-1:
			0.0854	0.0678	0.0251
			0.0678	0.0814	0.0243
			0.0251	0.0243	0.0211
		A:
			0.8109	0.3799	0.4451
			0.4239	0.5614	-0.7107
			0.8197	0.4798	0.3127
			0.6417	0.7518	0.1514
			-0.5992	-0.7956	-0.0894
			0.5769	0.7717	-0.2679
		b:
			553.8467
			-3.4968
			531.5183
			511.6391
			-485.1589
			312.797
	==================================================================================
	Q6:
		Shape: Ellipse
		q_c:	243.0	353.5	490.0
		ub :	259.2157	361.8868	506.0382
		lb :	226.7843	345.1132	473.9618
		P^-1:
			0.0085	-0.0018	-0.0013
			-0.0018	0.0233	-0.0018
			-0.0013	-0.0018	0.0089


===========================================================================================
===========================================================================================
S13:
	q_c:	108.5	493.5	335.0
	ub :	125.1134	504.5148	350.839
	lb :	103.3083	479.1685	320.1626

	==================================================================================
	Q1:
		Shape: Ellipse
		q_c:	118.5	493.5	339.0
		ub :	123.3314	498.0834	343.0787
		lb :	113.6686	488.9166	334.9213
		P^-1:
			0.1706	0.0836	0.0278
			0.0836	0.1294	0.0323
			0.0278	0.0323	0.1236
	==================================================================================
	Q2:
		Shape: Polyhedra
		q_c:	119.0	495.0	335.5
		ub :	125.1134	500.0732	341.0224
		lb :	112.8866	489.9268	329.9776
		A:
			-0.6207	-0.7625	0.1828
			0.3479	0.8614	-0.3701
			0.0426	-0.6465	-0.7617
			0.3349	-0.1892	0.9231
			0.0143	0.3522	0.9358
			0.1632	0.7691	0.6179
			0.5589	0.8131	0.1625
			0.4629	-0.1434	-0.8747
			-0.688	0.5641	-0.4566
			-0.5589	-0.8131	-0.1625
			-0.4629	0.1434	0.8747
			0.688	-0.5641	0.4566
		b:
			-387.3086
			346.7104
			-567.3537
			259.9934
			493.3843
			610.321
			526.0477
			-305.838
			48.705
			-521.0477
			312.838
			-39.705
	==================================================================================
	Q3:
		Shape: Ellipse
		q_c:	109.5	499.0	326.5
		ub :	115.0804	504.5148	332.8374
		lb :	103.9196	493.4852	320.1626
		P^-1:
			0.0784	-0.005	-0.0051
			-0.005	0.0739	-0.008
			-0.0051	-0.008	0.0735
	==================================================================================
	Q4:
		Shape: Polyhedra
		q_c:	117.0	488.0	341.0
		ub :	120.6489	490.7391	343.6301
		lb :	113.3511	485.2609	338.3699
		A:
			0.1132	0.6626	-0.7404
			0.2807	-0.5005	0.819
			0.0379	-0.7062	0.707
			-0.0355	-0.9411	0.3363
			0.0617	0.7137	-0.6977
			-0.1229	0.6342	-0.7634
			0.3029	0.6245	0.7199
			0.0921	0.7327	-0.6743
			-0.9486	0.2705	0.1644
			-0.3029	-0.6245	-0.7199
			-0.0921	-0.7327	0.6743
			0.9486	-0.2705	-0.1644
		b:
			84.6794
			69.169
			-98.4989
			-347.6263
			118.1199
