3D_40_13_6_b                l = 3

===========================================================================================
===========================================================================================
S1:
	q_c:	83.5	56.0	253.5
	ub :	112.3379	84.1117	277.2662
	lb :	59.8958	41.8685	231.1229

	==================================================================================
	Q1:
		Shape: Polyhedra
		q_c:	90.5	73.5	241.5
		ub :	101.393	84.1117	251.8771
		lb :	79.607	62.8883	231.1229
		A:
			0.5827	-0.7855	0.2087
			0.858	0.1789	-0.4815
			0.7833	-0.4393	-0.4397
			-0.8016	0.3098	-0.5113
			0.8637	-0.502	-0.0447
			0.9983	-0.029	-0.051
			0.5134	0.5763	0.6358
			0.7015	-0.7086	0.0759
			0.4943	0.407	-0.7681
			-0.5134	-0.5763	-0.6358
			-0.7015	0.7086	-0.0759
			-0.4943	-0.407	0.7681
		b:
			51.0135
			-18.0052
			-61.235
			-167.5586
			36.1764
			82.2708
			248.3673
			35.2249
			-102.8569
			-236.3673
			-24.2249
			118.8569
	==================================================================================
	Q2:
		Shape: Hybrid
		q_c:	95.5	51.0	247.0
		ub :	104.622	60.1315	254.3561
		lb :	86.378	41.8685	239.6439
		P^-1:
			0.0306	0.0117	0.0083
			0.0117	0.0435	0.0143
			0.0083	0.0143	0.0398
		A:
			0.1016	-0.2479	-0.9634
			0.6049	0.0814	0.7922
			-0.2126	-0.0273	-0.9768
			0.4827	-0.4226	0.767
			0.5404	-0.2439	-0.8053
			-0.1652	-0.9838	0.069
		b:
			-237.7701
			260.6418
			-259.7666
			218.013
			-155.8618
			-45.7516
	==================================================================================
	Q3:
		Shape: Polyhedra
		q_c:	83.5	66.5	267.5
		ub :	86.8173	74.9383	275.5521
		lb :	80.1827	58.0617	259.4479
		A:
			-0.6367	-0.6477	0.4184
			0.1279	0.4414	-0.8881
			-0.7472	0.6289	-0.2148
			0.936	-0.2407	0.2567
			0.099	0.4648	-0.8798
			-0.7879	0.5484	-0.28
			0.1163	0.7172	0.6871
			0.1184	0.6768	-0.7265
			-0.9861	0.1659	-0.0062
			-0.1163	-0.7172	-0.6871
			-0.1184	-0.6768	0.7265
			0.9861	-0.1659	0.0062
		b:
			19.3435
			-193.5121
			-75.0499
			133.1085
			-192.2169
			-101.6607
			249.2052
			-135.9475
			-70.9741
			-233.2052
			142.9475
			74.9741
	==================================================================================
	Q4:
		Shape: Hybrid
		q_c:	66.0	65.0	246.5
		ub :	72.1042	72.2876	253.7262
		lb :	59.8958	57.7124	239.2738
		P^-1:
			0.0865	-0.0115	-0.0286
			-0.0115	0.0491	0.0138
			-0.0286	0.0138	0.0648
		A:
			-0.1359	0.9832	0.1219
			0.2418	-0.103	-0.9648
			0.0595	0.6268	0.7769
			-0.5071	0.6051	0.6137
			0.6586	0.1582	-0.7357
			0.9174	-0.3578	0.1741
		b:
			87.9637
			-226.2021
			238.7661
			158.9865
			-125.5816
			82.7129
	==================================================================================
	Q5:
		Shape: Ellipse
		q_c:	101.5	64.0	266.0
		ub :	112.3379	75.6837	277.2662
		lb :	90.6621	52.3163	254.7338
		P^-1:
			0.0224	-0.0014	0.0007
			-0.0014	0.0214	-0.0005
			0.0007	-0.0005	0.0206
	==================================================================================
	Q6:
		Shape: Hybrid
		q_c:	92.5	68.5	246.0
		ub :	102.0091	74.5472	257.453
		lb :	82.9909	62.4528	234.547
		P^-1:
			0.0363	-0.0168	-0.0083
			-0.0168	0.0753	0.0002
			-0.0083	0.0002	0.0131
		A:
			0.4878	-0.4333	-0.7578
			0.2487	-0.7812	-0.5726
			-0.9374	-0.095	0.3352
			-0.4776	0.7621	0.4372
			0.7852	0.3034	-0.5399
			-0.0471	0.954	-0.2962
		b:
			-165.9192
			-167.1217
			-7.113
			118.5438
			-35.3918
			-9.2725


===========================================================================================
===========================================================================================
S2:
	q_c:	29.0	83.5	342.0
	ub :	55.0912	110.3161	371.9992
	lb :	-0.3571	55.3083	325.0509

	==================================================================================
	Q1:
		Shape: Ellipse
		q_c:	22.5	95.0	354.5
		ub :	30.5078	102.8197	363.7083
		lb :	14.4922	87.1803	345.2917
		P^-1:
			0.0331	0.0	0.0
			0.0	0.0331	-0.0
			0.0	-0.0	0.0331
	==================================================================================
	Q2:
		Shape: Hybrid
		q_c:	33.5	94.0	343.0
		ub :	48.333	110.3161	358.9229
		lb :	18.667	77.6839	327.0771
		P^-1:
			0.0096	-0.0016	-0.0001
			-0.0016	0.0111	-0.0052
			-0.0001	-0.0052	0.0135
		A:
			-0.6556	0.4844	0.5793
			0.7115	0.5147	-0.4783
			-0.6069	-0.7863	0.1163
			-0.7265	0.2891	-0.6234
			-0.1121	0.0325	0.9932
			-0.2755	-0.7108	-0.6472
		b:
			229.0075
			-86.0006
			-47.1398
			-205.5081
			345.8162
			-289.3528
	==================================================================================
	Q3:
		Shape: Ellipse
		q_c:	26.5	82.0	332.0
		ub :	35.3264	90.9896	338.9491
		lb :	17.6736	73.0104	325.0509
		P^-1:
			0.0554	0.0302	-0.0114
			0.0302	0.0469	0.0132
			-0.0114	0.0132	0.0767
	==================================================================================
	Q4:
		Shape: Polyhedra
		q_c:	13.0	99.0	353.5
		ub :	25.3158	108.9663	363.1438
		lb :	0.6842	89.0337	343.8562
		A:
			-0.1007	-0.9828	-0.1549
			0.5234	-0.1431	0.84
			0.319	0.2256	0.9205
			0.0333	-0.6428	-0.7653
			0.6376	-0.5151	-0.5728
			-0.0736	0.5614	0.8243
			0.2262	0.7533	0.6176
			0.0532	0.6236	-0.78
			-0.9726	0.2092	0.101
			-0.2262	-0.7533	-0.6176
			-0.0532	-0.6236	0.78
			0.9726	-0.2092	-0.101
		b:
			-148.2133
			297.7602
			357.5759
			-329.3998
			-235.8888
			350.8731
			298.8402
			-204.7962
			55.267
			-292.8402
			221.7962
			-32.267
	==================================================================================
	Q5:
		Shape: Ellipse
		q_c:	11.5	71.5	360.5
		ub :	23.3571	82.2881	371.9992
		lb :	-0.3571	60.7119	349.0008
		P^-1:
			0.0093	0.0004	-0.0014
			0.0004	0.0152	-0.0026
			-0.0014	-0.0026	0.0188
	==================================================================================
	Q6:
		Shape: Ellipse
		q_c:	45.0	66.0	335.5
		ub :	55.0912	76.6917	343.6295
		lb :	34.9088	55.3083	327.3705
		P^-1:
			0.0226	-0.0019	0.0009
			-0.0019	0.0226	-0.003
			0.0009	-0.003	0.032


===========================================================================================
===========================================================================================
S3:
	q_c:	229.5	337.0	465.0
	ub :	244.462	350.4158	481.4463
	lb :	214.9432	322.5937	452.6478

	==================================================================================
	Q1:
		Shape: Ellipse
		q_c:	221.0	343.5	470.5
		ub :	227.0568	350.4158	476.6084
		lb :	214.9432	336.5842	464.3916
		P^-1:
			0.0712	0.015	0.0019
			0.015	0.0597	0.0013
			0.0019	0.0013	0.0496
	==================================================================================
	Q2:
		Shape: Polyhedra
		q_c:	237.0	329.5	466.5
		ub :	243.7148	336.4063	471.8876
		lb :	230.2852	322.5937	461.1124
		A:
			0.449	0.5624	-0.6943
			0.2557	-0.1416	0.9563
			0.3713	0.2735	0.8873
			-0.859	0.3243	0.3961
			0.8679	0.176	-0.4645
			0.8112	-0.512	-0.2824
			0.5342	0.8282	0.1692
			0.166	-0.299	0.9397
			0.8289	-0.4739	-0.2972
			-0.5342	-0.8282	-0.1692
			-0.166	0.299	-0.9397
			-0.8289	0.4739	0.2972
		b:
			-28.1952
			463.6298
			595.9192
			92.5247
			51.3925
			-103.716
			482.9395
			382.6911
			-93.8427
			-473.9395
			-375.6911
			102.8427
	==================================================================================
	Q3:
		Shape: Polyhedra
		q_c:	222.0	344.5	473.0
		ub :	226.8087	347.4515	477.309
		lb :	217.1913	341.5485	468.691
		A:
			0.7346	-0.5982	-0.3203
			0.0897	-0.8737	-0.4781
			-0.7128	0.6961	0.0854
			0.7429	0.6187	-0.2554
			-0.9088	-0.3447	0.2352
			0.3154	0.9489	0.0048
			0.9974	0.0585	0.0421
			0.0563	-0.9971	0.0514
			0.0449	-0.0489	-0.9978
			-0.9974	-0.0585	-0.0421
			-0.0563	0.9971	-0.0514
			-0.0449	0.0489	0.9978
		b:
			-190.7325
			-504.2442
			125.522
			261.1909
			-204.9361
			402.054
			265.9538
			-304.1826
			-474.8329
			-256.9538
			309.1826
			482.8329
	==================================================================================
	Q4:
		Shape: Hybrid
		q_c:	225.0	336.0	460.5
		ub :	232.5235	343.125	468.3522
		lb :	217.4765	328.875	452.6478
		P^-1:
			0.0355	0.006	0.0084
			0.006	0.0671	-0.0192
			0.0084	-0.0192	0.0562
		A:
			0.2923	0.3084	0.9052
			0.2256	0.3549	-0.9073
			-0.5494	-0.7804	0.2985
			-0.5884	0.8043	-0.0831
			-0.9302	-0.0957	-0.3543
			0.3253	-0.1275	0.937
		b:
			589.084
			-245.2356
			-246.0688
			102.7791
			-401.374
			464.2157
	==================================================================================
	Q5:
		Shape: Hybrid
		q_c:	232.0	330.0	463.0
		ub :	238.2758	332.9622	465.2065
		lb :	225.7242	327.0378	460.7935
		P^-1:
			0.1524	0.1313	0.6543
			0.1313	0.4926	0.9244
			0.6543	0.9244	3.6329
		A:
			0.1996	-0.0103	0.9798
			-0.2632	-0.0167	-0.9646
			-0.1976	-0.0416	-0.9794
			0.2096	-0.6829	0.6998
			-0.1783	-0.3655	-0.9136
			-0.1434	0.7463	0.6499
		b:
			497.0485
			-512.6785
			-512.6313
			148.7836
			-584.6385
			515.287
	==================================================================================
	Q6:
		Shape: Ellipse
		q_c:	239.0	337.0	473.5
		ub :	244.462	344.6725	481.4463
		lb :	233.538	329.3275	465.5537
		P^-1:
			0.0491	0.0012	0.0019
			0.0012	0.0365	-0.0033
			0.0019	-0.0033	0.0369


===========================================================================================
===========================================================================================
S4:
	q_c:	480.5	141.0	458.0
	ub :	483.3812	149.654	463.1761
	lb :	471.8864	134.5804	447.677

	==================================================================================
	Q1:
		Shape: Polyhedra
		q_c:	475.0	138.0	451.0
		ub :	478.1136	141.3977	452.7327
		lb :	471.8864	134.6023	449.2673
		A:
			0.2884	0.8038	-0.5203
			-0.04	0.4259	-0.9039
			0.167	0.227	-0.9595
			0.4384	0.6316	-0.6394
			-0.023	-0.5794	0.8147
			0.3208	0.9318	0.1698
			0.7559	0.6328	0.168
			0.6545	-0.7367	-0.1699
			0.0163	0.2384	-0.971
			-0.7559	-0.6328	-0.168
			-0.6545	0.7367	0.1699
			-0.0163	-0.2384	0.971
		b:
			14.754
			-366.7418
			-320.996
			8.2862
			277.8184
			359.5786
			523.647
			135.6107
			-396.2995
			-520.647
			-129.6107
			398.2995
	==================================================================================
	Q2:
		Shape: Polyhedra
		q_c:	479.5	138.0	459.5
		ub :	483.2093	141.4196	463.1761
		lb :	475.7907	134.5804	455.8239
		A:
			-0.8258	-0.4755	-0.3033
			-0.6001	-0.6194	-0.5062
			-0.7547	-0.6159	-0.2258
			-0.0938	-0.1578	0.983
			-0.3788	0.9052	0.1926
			-0.0801	0.3687	0.9261
			0.3886	0.6722	0.6302
			-0.6511	0.6843	-0.3284
			-0.652	-0.2827	0.7035
			-0.3886	-0.6722	-0.6302
			0.6511	-0.6843	0.3284
			0.652	0.2827	-0.7035
		b:
			-598.8299
			-603.7886
			-548.5276
			387.2588
			33.8069
			440.1949
			570.6672
			-366.6697
			-25.8687
			-566.6672
			370.6697
			30.8687
	==================================================================================
	Q3:
		Shape: Polyhedra
		q_c:	479.5	139.0	454.0
		ub :	482.6689	141.0023	457.7041
		lb :	476.3311	136.9977	450.2959
		A:
			-0.6091	0.6552	0.4469
			0.4003	0.8924	-0.2086
			0.1627	0.9728	-0.1649
			0.1865	-0.9363	0.2975
			-0.4573	0.2968	-0.8383
			-0.4702	-0.6512	0.5958
			0.4413	0.2337	0.8664
			-0.8958	0.1722	0.4098
			-0.0534	-0.957	0.2853
			-0.4413	-0.2337	-0.8664
			0.8958	-0.1722	-0.4098
			0.0534	0.957	-0.2853
		b:
			3.8594
			222.5443
			139.4607
			95.47
			-555.976
			-44.0243
			640.4279
			-217.534
			-28.1165
			-634.4279
			221.534
			30.1165
	==================================================================================
	Q4:
		Shape: Polyhedra
		q_c:	480.0	143.0	453.5
		ub :	483.3812	147.0347	457.5017
		lb :	476.6188	138.9653	449.4983
		A:
			-0.6874	0.122	0.7159
			0.1683	-0.4553	-0.8743
			-0.0381	0.1518	0.9877
			-0.8015	0.5177	0.2994
			0.1001	0.2469	0.9639
			-0.0934	-0.7184	-0.6893
			0.1155	0.6844	0.7199
			-0.7842	0.5076	-0.3568
			-0.6096	-0.5234	0.5953
			-0.1155	-0.6844	-0.7199
			0.7842	-0.5076	0.3568
			0.6096	0.5234	-0.5953
		b:
			14.61
			-378.3318
			453.7837
			-172.6758
			522.9355
			-457.6887
			482.2852
			-463.6323
			-94.9884
			-477.2852
			467.6323
			99.9884
	==================================================================================
	Q5:
		Shape: Ellipse
		q_c:	479.5	147.5	455.0
		ub :	482.3386	149.654	457.5432
		lb :	476.6614	145.346	452.4568
		P^-1:
			0.1775	-0.0743	0.0889
			-0.0743	0.6211	-0.3676
			0.0889	-0.3676	0.6113
	==================================================================================
	Q6:
		Shape: Polyhedra
		q_c:	477.5	137.5	450.0
		ub :	479.6754	140.2401	452.323
		lb :	475.3246	134.7599	447.677
		A:
			-0.2667	0.6218	0.7364
			-0.0241	0.0123	-0.9996
			-0.6254	-0.6388	0.448
			-0.4472	0.1598	0.8801
			0.2194	-0.5892	-0.7776
			0.179	-0.2319	-0.9561
			0.0535	0.5968	0.8006
			0.0509	0.799	-0.5991
			-0.9973	0.0728	0.0124
			-0.0535	-0.5968	-0.8006
			-0.0509	-0.799	0.5991
			0.9973	-0.0728	-0.0124
		b:
			290.6439
			-457.9266
			-182.5563
			206.0962
			-325.061
			-375.2494
			468.8704
			-132.9089
			-458.6237
			-466.8704
			137.9089
			462.6237


===========================================================================================
===========================================================================================
S5:
	q_c:	128.5	456.5	177.5
	ub :	134.9143	465.108	184.2289
	lb :	120.9229	452.6968	171.8602

	==================================================================================
	Q1:
		Shape: Ellipse
		q_c:	128.5	456.5	179.5
		ub :	131.9459	459.5873	182.7522
		lb :	125.0541	453.4127	176.2478
		P^-1:
			0.25	0.0	0.0
			0.0	0.25	0.0
			0.0	0.0	0.25
	==================================================================================
	Q2:
		Shape: Hybrid
		q_c:	126.0	461.5	175.5
		ub :	129.6317	464.6978	178.683
		lb :	122.3683	458.3022	172.317
		P^-1:
			0.2282	-0.0369	-0.0112
			-0.0369	0.1876	-0.019
			-0.0112	-0.019	0.2442
		A:
			-0.3214	0.2807	-0.9044
			0.37	-0.1515	0.9166
			-0.4613	-0.6894	0.5585
			0.128	-0.2389	-0.9626
			-0.9298	-0.2659	0.2545
			-0.9749	-0.1403	0.1726
		b:
			-68.6421
			138.6321
			-277.0267
			-261.9947
			-194.0047
			-156.1255
	==================================================================================
	Q3:
		Shape: Polyhedra
		q_c:	126.5	461.0	176.5
		ub :	128.5309	464.3019	179.5621
		lb :	124.4691	457.6981	173.4379
		A:
			-0.9664	-0.1136	0.2307
			-0.5866	-0.3631	-0.7239
			-0.8017	0.2451	0.5452
			0.8455	-0.4228	0.3262
			0.8694	-0.3608	-0.3377
			-0.8418	-0.3647	0.3979
			0.1518	0.4855	0.8609
			-0.3163	0.8491	-0.4231
			-0.9364	-0.2081	0.2825
			-0.1518	-0.4855	-0.8609
			0.3163	-0.8491	0.4231
			0.9364	0.2081	-0.2825
		b:
			-132.8749
			-367.4885
			109.2072
			-28.3272
			-114.4202
			-203.2545
			396.9939
			279.2332
			-163.5418
			-392.9939
			-274.2332
			165.5418
	==================================================================================
	Q4:
		Shape: Hybrid
		q_c:	124.5	461.0	180.5
		ub :	128.0771	464.4957	184.2289
		lb :	120.9229	457.5043	176.7711
		P^-1:
			0.309	-0.1278	0.0742
			-0.1278	0.3146	0.0243
			0.0742	0.0243	0.182
		A:
			-0.5549	0.7857	0.2733
			-0.9056	-0.2412	-0.349
			-0.0849	0.9729	0.2151
			-0.4466	0.7429	0.4987
			-0.4656	0.885	0.0091
			0.5289	0.7485	-0.4001
		b:
			343.3671
			-285.6504
			477.8415
			377.9927
			352.4835
			340.7515
	==================================================================================
	Q5:
		Shape: Ellipse
		q_c:	132.5	454.5	178.5
		ub :	134.9143	456.3032	180.9863
		lb :	130.0857	452.6968	176.0137
		P^-1:
			0.2864	-0.1574	0.0344
			-0.1574	0.9311	-0.1488
			0.0344	-0.1488	0.2825
	==================================================================================
	Q6:
		Shape: Ellipse
		q_c:	127.0	461.0	175.0
		ub :	130.9559	465.108	178.1398
		lb :	123.0441	456.892	171.8602
		P^-1:
			0.2419	-0.1662	-0.0654
			-0.1662	0.2553	0.0576
			-0.0654	0.0576	0.1889


===========================================================================================
===========================================================================================
S6:
	q_c:	499.5	445.5	484.5
	ub :	503.1699	449.1592	488.0476
	lb :	499.1687	443.131	482.9123

	==================================================================================
	Q1:
		Shape: Ellipse
		q_c:	501.0	446.5	485.0
		ub :	501.7711	447.642	485.5943
		lb :	500.2289	445.358	484.4057
		P^-1:
			3.7452	0.833	0.0741
			0.833	1.2763	-0.2423
			0.0741	-0.2423	3.9784
	==================================================================================
	Q2:
		Shape: Ellipse
		q_c:	501.0	447.0	485.0
		ub :	501.724	447.7166	485.8381
		lb :	500.276	446.2834	484.1619
		P^-1:
			4.0	-0.0	-0.0
			-0.0	4.0	0.0
			-0.0	0.0	4.0
	==================================================================================
	Q3:
		Shape: Polyhedra
		q_c:	501.0	445.0	485.0
		ub :	502.8313	446.869	486.4363
		lb :	499.1687	443.131	483.5637
		A:
			0.3136	0.2662	0.9115
			-0.1991	-0.6896	-0.6962
			0.0776	-0.9353	-0.3452
			-0.2064	-0.4303	-0.8788
			-0.163	-0.2348	-0.9583
			0.4312	0.4718	0.7691
			0.2396	0.5864	0.7737
			-0.9524	0.2968	0.07
			-0.1886	-0.7537	0.6296
			-0.2396	-0.5864	-0.7737
			0.9524	-0.2968	-0.07
			0.1886	0.7537	-0.6296
		b:
			718.3427
			-743.7942
			-543.7741
			-720.5011
			-650.1665
			799.5695
			756.7818
			-309.6
			-123.0214
			-755.7818
			312.6
			126.0214
	==================================================================================
	Q4:
		Shape: Ellipse
		q_c:	501.5	447.5	486.5
		ub :	503.1699	449.1592	488.0476
		lb :	499.8301	445.8408	484.9524
		P^-1:
			1.0	0.0	-0.0
			0.0	1.0	-0.0
			-0.0	-0.0	1.0
	==================================================================================
	Q5:
		Shape: Ellipse
		q_c:	500.5	446.0	484.0
		ub :	501.6877	447.0045	485.0877
		lb :	499.3123	444.9955	482.9123
		P^-1:
			2.7107	-0.7326	-1.2918
			-0.7326	3.5837	-0.7341
			-1.2918	-0.7341	2.7056
	==================================================================================
	Q6:
		Shape: Ellipse
		q_c:	500.5	445.0	485.5
		ub :	501.4186	446.3902	486.8645
		lb :	499.5814	443.6098	484.1355
		P^-1:
			3.704	-0.8407	0.3061
			-0.8407	1.2614	-0.0952
			0.3061	-0.0952	1.0347


===========================================================================================
===========================================================================================
S7:
	q_c:	379.5	439.5	277.5
	ub :	398.7762	464.8582	303.9718
	lb :	358.0958	416.6403	260.0712

	==================================================================================
	Q1:
		Shape: Polyhedra
		q_c:	377.0	446.0	284.0
		ub :	384.55	452.7675	288.3619
		lb :	369.45	439.2325	279.6381
		A:
			-0.3164	-0.3903	-0.8646
			0.6659	-0.6515	0.3635
			0.0532	-0.9264	-0.3728
			0.3318	0.1481	-0.9316
			0.3495	0.2068	0.9138
			0.6263	-0.7285	-0.2774
			0.875	0.4821	0.0437
			0.4814	-0.8572	-0.1829
			-0.0507	0.1811	-0.9822
			-0.875	-0.4821	-0.0437
			-0.4814	0.8572	0.1829
			0.0507	-0.1811	0.9822
		b:
			-534.4791
			67.5195
			-494.7936
			-69.5121
			487.7771
			-163.9327
			563.8099
			-249.2838
			-213.7717
			-550.8099
			256.2838
			220.7717
	==================================================================================
	Q2:
		Shape: Ellipse
		q_c:	374.0	424.5	267.0
		ub :	381.3038	432.3597	269.9615
		lb :	366.6962	416.6403	264.0385
		P^-1:
			0.0972	0.0556	-0.11
			0.0556	0.061	-0.0717
			-0.11	-0.0717	0.3883
	==================================================================================
	Q3:
		Shape: Hybrid
		q_c:	393.5	426.0	272.0
		ub :	398.7762	430.9675	278.147
		lb :	388.2238	421.0325	265.853
		P^-1:
			0.0494	0.0053	0.0058
			0.0053	0.1917	0.0958
			0.0058	0.0958	0.0914
		A:
			-0.618	0.6743	0.4042
			0.4502	-0.8673	-0.2126
			-0.4048	0.8916	0.2031
			0.6069	-0.5245	-0.5972
			-0.027	-0.8118	-0.5834
			-0.5661	-0.7945	-0.2196
		b:
			156.2971
			-248.0839
			277.7566
			-144.5361
			-514.0718
			-618.7485
	==================================================================================
	Q4:
		Shape: Hybrid
		q_c:	380.5	432.0	267.0
		ub :	389.3554	440.6792	273.9288
		lb :	371.6446	423.3208	260.0712
		P^-1:
			0.0617	-0.0508	-0.0379
			-0.0508	0.0829	0.0465
			-0.0379	0.0465	0.0594
		A:
			-0.0817	-0.8325	0.548
			-0.6963	0.6161	0.3682
			-0.5611	0.7836	0.2665
			0.0555	-0.6771	-0.7338
			-0.5364	0.3126	0.784
			0.5076	-0.7107	-0.4871
		b:
			-239.1347
			101.134
			197.9239
			-464.4591
			142.6995
			-242.6421
	==================================================================================
	Q5:
		Shape: Hybrid
		q_c:	377.0	455.0	284.5
		ub :	386.5468	464.8582	292.697
		lb :	367.4532	445.1418	276.303
		P^-1:
			0.0223	0.0051	0.0041
			0.0051	0.0346	0.0122
			0.0041	0.0122	0.0366
		A:
			0.6115	-0.2139	-0.7618
			0.0182	0.8939	0.4479
			-0.0823	0.915	0.395
			-0.3929	-0.0502	0.9182
			-0.6813	0.6067	-0.4097
			-0.0167	0.7541	0.6565
		b:
			-79.5632
			543.6908
			500.5755
			94.0757
			-92.7046
			526.0864
	==================================================================================
	Q6:
		Shape: Ellipse
		q_c:	370.5	440.5	292.0
		ub :	382.9042	449.1667	303.9718
		lb :	358.0958	431.8333	280.0282
		P^-1:
			0.0167	-0.005	-0.0026
			-0.005	0.0305	-0.0046
			-0.0026	-0.0046	0.0187


===========================================================================================
===========================================================================================
S8:
	q_c:	420.5	292.0	511.0
	ub :	424.1067	305.8067	525.5301
	lb :	405.9923	277.8517	497.4558

	==================================================================================
	Q1:
		Shape: Ellipse
		q_c:	411.5	291.5	513.0
		ub :	417.0077	299.0441	520.4238
		lb :	405.9923	283.9559	505.5762
		P^-1:
			0.0777	-0.009	-0.0099
			-0.009	0.0407	-0.0146
			-0.0099	-0.0146	0.0535
	==================================================================================
	Q2:
		Shape: Polyhedra
		q_c:	416.0	302.0	516.0
		ub :	421.7961	305.8067	521.917
		lb :	410.2039	298.1933	510.083
		A:
			-0.4507	0.8841	-0.1238
			0.29	-0.9415	0.172
			0.1229	-0.9673	-0.222
			-0.8971	0.4252	0.1197
			-0.5455	0.7185	-0.4315
			-0.2376	0.9411	-0.2407
			0.4343	0.5081	0.7438
			-0.7579	-0.2402	0.6066
			0.4869	-0.8271	0.2808
			-0.4343	-0.5081	-0.7438
			0.7579	0.2402	-0.6066
			-0.4869	0.8271	-0.2808
		b:
			16.8072
			-73.5722
			-353.297
			-179.6666
			-231.3949
			62.7011
			721.4016
			-69.814
			98.6533
			-714.4016
			79.814
			-96.6533
	==================================================================================
	Q3:
		Shape: Hybrid
		q_c:	417.5	285.0	510.5
		ub :	424.1067	292.1483	517.2079
		lb :	410.8933	277.8517	503.7921
		P^-1:
			0.0562	-0.005	-0.0099
			-0.005	0.0631	-0.017
			-0.0099	-0.017	0.0649
		A:
			0.1152	-0.3378	0.9341
			0.393	-0.7171	0.5756
			-0.3271	0.7617	0.5593
			-0.8642	0.397	0.309
			-0.335	-0.6261	-0.7041
			-0.6217	0.5879	-0.5177
		b:
			430.8147
			255.467
			368.6608
			-87.6607
			-674.5561
			-354.1084
	==================================================================================
	Q4:
		Shape: Polyhedra
		q_c:	418.0	284.0	503.0
		ub :	421.8843	289.4512	508.5442
		lb :	414.1157	278.5488	497.4558
		A:
			-0.8027	0.557	0.2132
			-0.4594	0.0167	0.8881
			0.0882	0.9044	-0.4175
			0.6954	0.6344	-0.3377
			0.8097	-0.36	-0.4634
			0.8135	-0.2439	-0.5279
			0.2757	0.762	0.586
			-0.9239	0.0417	0.3803
			0.2653	-0.6463	0.7155
			-0.2757	-0.762	-0.586
			0.9239	-0.0417	-0.3803
			-0.2653	0.6463	-0.7155
		b:
			-67.544
			262.2723
			87.0694
			303.9579
			5.5452
			7.498
			630.8856
			-181.0338
			290.2782
			-621.8856
			185.0338
			-284.2782
	==================================================================================
	Q5:
		Shape: Polyhedra
		q_c:	417.0	297.5	520.0
		ub :	421.3257	301.6003	525.5301
		lb :	412.6743	293.3997	514.4699
		A:
			-0.6469	0.6776	-0.3499
			0.1326	-0.9888	0.0692
			0.1368	0.6487	-0.7487
			-0.0785	0.9741	-0.2119
			-0.5754	0.5798	-0.5768
			0.6595	-0.4026	0.6347
			0.2374	0.4021	0.8843
			-0.4536	0.8508	-0.2651
			-0.859	-0.3382	0.3844
			-0.2374	-0.4021	-0.8843
			0.4536	-0.8508	0.2651
			0.859	0.3382	-0.3844
		b:
			-248.3294
			-200.8022
			-136.5736
			148.8254
			-365.08
			488.1371
			682.9435
			-72.3964
			-255.9381
			-673.9435
			75.3964
			261.9381
	==================================================================================
	Q6:
		Shape: Ellipse
		q_c:	414.5	287.0	505.0
		ub :	420.4089	293.1357	509.5219
		lb :	408.5911	280.8643	500.4781
		P^-1:
			0.0711	0.0331	0.0121
			0.0331	0.0837	-0.01
			0.0121	-0.01	0.1074


===========================================================================================
===========================================================================================
S9:
	q_c:	506.0	337.5	128.0
	ub :	527.4561	354.8142	142.5267
	lb :	488.8964	323.9377	113.1927

	==================================================================================
	Q1:
		Shape: Ellipse
		q_c:	504.0	340.0	135.5
		ub :	512.4794	347.6514	142.0962
		lb :	495.5206	332.3486	128.9038
		P^-1:
			0.0343	0.0204	-0.0059
			0.0204	0.0634	-0.0152
			-0.0059	-0.0152	0.0476
	==================================================================================
	Q2:
		Shape: Ellipse
		q_c:	505.0	331.5	123.5
		ub :	511.0249	336.6471	129.7622
		lb :	498.9751	326.3529	117.2378
		P^-1:
			0.1302	0.0891	0.034
			0.0891	0.1769	0.0096
			0.034	0.0096	0.0646
	==================================================================================
	Q3:
		Shape: Ellipse
		q_c:	515.5	337.0	124.0
		ub :	518.0087	344.6519	132.0941
		lb :	512.9913	329.3481	115.9059
		P^-1:
			0.2489	-0.0156	-0.0012
			-0.0156	0.0329	0.0033
			-0.0012	0.0033	0.025
	==================================================================================
	Q4:
		Shape: Hybrid
		q_c:	507.5	337.0	139.0
		ub :	512.2956	340.2222	142.5267
		lb :	502.7044	333.7778	135.4733
		P^-1:
			0.1434	0.0002	-0.1681
			0.0002	0.1111	-0.0061
			-0.1681	-0.0061	0.3505
		A:
			0.5903	0.036	-0.8064
			0.8233	-0.5141	-0.2405
			-0.1033	-0.5447	-0.8323
			0.15	-0.4912	0.858
			0.9619	0.2692	0.0472
			-0.8164	-0.5763	-0.0361
		b:
			200.4516
			213.6262
			-349.4103
			32.1073
			588.7619
			-610.5196
	==================================================================================
	Q5:
		Shape: Ellipse
		q_c:	517.0	334.0	134.5
		ub :	527.4561	344.0623	141.8591
		lb :	506.5439	323.9377	127.1409
		P^-1:
			0.0226	-0.0014	-0.0023
			-0.0014	0.0221	-0.0014
			-0.0023	-0.0014	0.0324
	==================================================================================
	Q6:
		Shape: Hybrid
		q_c:	496.0	347.0	120.0
		ub :	503.1036	354.8142	126.8073
		lb :	488.8964	339.1858	113.1927
		P^-1:
			0.0455	-0.003	0.004
			-0.003	0.0492	0.0081
			0.004	0.0081	0.0572
		A:
			0.8331	0.5012	0.2339
			-0.222	0.4191	0.8804
			0.5802	-0.6903	-0.4323
			-0.6263	-0.162	0.7626
			0.3526	-0.9239	0.149
			0.1907	0.1197	0.9743
		b:
			617.8664
			143.0649
			-1.3536
			-272.5799
			-125.2894
			255.1377


===========================================================================================
===========================================================================================
S10:
	q_c:	470.5	310.5	501.0
	ub :	489.5905	333.9438	519.9288
	lb :	446.8592	293.7723	479.052

	==================================================================================
	Q1:
		Shape: Hybrid
		q_c:	455.5	323.5	493.5
		ub :	464.1408	333.9438	504.2658
		lb :	446.8592	313.0562	482.7342
		P^-1:
			0.0245	0.0009	0.0014
			0.0009	0.0223	0.003
			0.0014	0.003	0.025
		A:
			-0.1233	0.1275	-0.9842
			-0.7665	-0.6138	-0.189
			-0.3276	0.7616	0.5592
			-0.9002	0.1552	-0.4068
			0.2157	0.0244	-0.9761
			0.4635	0.6838	-0.5636
		b:
			-497.141
			-637.6833
			376.4858
			-557.2267
			-372.0803
			158.0398
	==================================================================================
	Q2:
		Shape: Polyhedra
		q_c:	483.0	309.0	488.0
		ub :	489.5905	318.3372	496.948
		lb :	476.4095	299.6628	479.052
		A:
			0.2642	-0.9279	0.2631
			-0.7323	-0.5191	-0.4408
			-0.6442	0.4327	0.6308
			-0.768	-0.0343	-0.6395
			-0.5094	0.5877	-0.6286
			-0.7651	-0.4861	0.4223
			0.0763	0.7723	0.6306
			0.225	0.6028	-0.7655
			-0.9714	0.2003	-0.1277
			-0.0763	-0.7723	-0.6306
			-0.225	-0.6028	0.7655
			0.9714	-0.2003	0.1277
		b:
			-25.0202
			-723.3422
			136.191
			-688.1825
			-365.9359
			-308.3071
			589.7604
			-73.1472
			-464.6125
			-576.7604
			84.1472
			474.6125
	==================================================================================
	Q3:
		Shape: Hybrid
		q_c:	466.5	305.5	504.0
		ub :	476.7488	317.2277	514.7638
		lb :	456.2512	293.7723	493.2362
		P^-1:
			0.0281	0.0088	-0.0083
			0.0088	0.0228	-0.0038
			-0.0083	-0.0038	0.0251
		A:
			0.0631	0.4939	-0.8672
			-0.4227	-0.2415	0.8735
			-0.0597	0.996	-0.0663
			-0.7892	0.1203	0.6022
			-0.2276	-0.198	0.9534
			0.1961	0.3016	-0.9331
		b:
			-252.8487
			172.3458
			247.6828
			-24.3994
			317.396
			-283.0614
	==================================================================================
	Q4:
		Shape: Hybrid
		q_c:	472.0	322.5	510.0
		ub :	481.4261	332.111	519.9288
		lb :	462.5739	312.889	500.0712
		P^-1:
			0.0385	0.0097	0.0114
			0.0097	0.0298	-0.0076
			0.0114	-0.0076	0.0367
		A:
			0.0424	0.13	0.9906
			0.9522	0.1954	-0.235
			0.7785	0.6277	-0.0015
			-0.5818	0.1022	-0.8069
			-0.8878	0.4284	-0.1684
			-0.7679	0.0934	-0.6337
		b:
			570.92
			396.1226
			571.6152
			-650.8237
			-362.7135
			-653.1459
	==================================================================================
	Q5:
		Shape: Ellipse
		q_c:	480.5	319.5	501.5
		ub :	487.8494	329.1586	510.6066
		lb :	473.1506	309.8414	492.3934
		P^-1:
			0.0529	-0.0155	0.0063
			-0.0155	0.0333	-0.0013
			0.0063	-0.0013	0.0277
	==================================================================================
	Q6:
		Shape: Ellipse
		q_c:	467.5	308.5	513.0
		ub :	469.3897	313.0779	516.99
		lb :	465.6103	303.9221	509.01
		P^-1:
			0.8376	-0.1729	-0.2561
			-0.1729	0.1624	0.1578
			-0.2561	0.1578	0.3125


===========================================================================================
===========================================================================================
S11:
	q_c:	467.5	456.5	277.0
	ub :	493.7266	485.9339	302.6234
	lb :	433.6637	429.9093	245.2869

	==================================================================================
	Q1:
		Shape: Ellipse
		q_c:	484.0	470.0	275.5
		ub :	492.3355	475.5794	285.8421
		lb :	475.6645	464.4206	265.1579
		P^-1:
			0.1079	-0.005	-0.0716
			-0.005	0.0491	-0.0012
			-0.0716	-0.0012	0.0615
	==================================================================================
	Q2:
		Shape: Hybrid
		q_c:	460.0	474.5	289.0
		ub :	468.1785	485.9339	299.2805
		lb :	451.8215	463.0661	278.7195
		P^-1:
			0.1073	0.0067	0.0693
			0.0067	0.0134	0.0064
			0.0693	0.0064	0.0673
		A:
			-0.833	0.019	-0.5529
			-0.4974	0.8358	0.2325
			0.865	-0.1023	0.4912
			-0.9902	-0.0172	-0.1389
			0.2506	-0.4142	0.875
			0.576	0.1242	0.808
		b:
			-532.5812
			241.9792
			493.0417
			-500.5134
			176.8409
			559.5428
	==================================================================================
	Q3:
		Shape: Hybrid
		q_c:	445.5	458.0	278.0
		ub :	457.3363	467.6023	291.0254
		lb :	433.6637	448.3977	264.9746
		P^-1:
			0.0539	-0.0376	0.0327
			-0.0376	0.0487	-0.0258
			0.0327	-0.0258	0.0332
		A:
			0.0592	0.9594	-0.2757
			-0.5393	0.8419	-0.0201
			0.3876	0.9212	0.0328
			-0.2288	0.8528	-0.4695
			0.5937	-0.6821	0.427
			0.6907	-0.601	0.4022
		b:
			394.4924
			143.2759
			610.3448
			161.7794
			72.4479
			145.8085
	==================================================================================
	Q4:
		Shape: Hybrid
		q_c:	452.0	452.0	261.5
		ub :	469.24	466.345	277.7131
		lb :	434.76	437.655	245.2869
		P^-1:
			0.0106	0.0038	0.0016
			0.0038	0.0131	0.0033
			0.0016	0.0033	0.0107
		A:
			0.1039	0.4835	-0.8691
			0.6249	0.7028	-0.34
			-0.4608	-0.731	-0.5033
			-0.7771	-0.6145	-0.1359
			0.5776	-0.8064	-0.1268
			0.9143	-0.2124	0.345
		b:
			45.3409
			516.7794
			-666.5325
			-660.1256
			-129.4239
			414.428
	==================================================================================
	Q5:
		Shape: Polyhedra
		q_c:	474.5	439.0	290.5
		ub :	483.8342	448.0907	297.8933
		lb :	465.1658	429.9093	283.1067
		A:
			0.3414	0.5938	-0.7286
			0.5768	-0.2069	-0.7902
			-0.0984	-0.5424	0.8343
			0.894	0.0716	-0.4422
			0.305	-0.7517	-0.5847
			0.0082	0.3355	0.942
			0.6563	0.6904	0.3044
			0.5842	-0.7203	0.374
			0.4775	-0.0676	-0.876
			-0.6563	-0.6904	-0.3044
			-0.5842	0.7203	-0.374
			-0.4775	0.0676	0.876
		b:
			216.0637
			-42.9537
			-36.8927
			331.6312
			-349.9897
			428.8826
			707.915
			77.1514
			-54.1253
			-697.915
			-62.1514
			61.1253
	==================================================================================
	Q6:
		Shape: Polyhedra
		q_c:	481.5	470.5	288.5
		ub :	493.7266	485.6065	302.6234
		lb :	469.2734	455.3935	274.3766
		A:
			-0.1181	-0.1767	0.9771
			0.3655	0.4917	0.7904
			0.841	-0.5373	-0.0628
			0.4712	0.8771	-0.0929
			-0.8505	0.0982	0.5167
			0.9196	-0.1164	0.3752
			0.8367	0.5095	0.2007
			0.4815	-0.51	-0.7127
			-0.2607	0.693	-0.6721
			-0.8367	-0.5095	-0.2007
			-0.4815	0.51	0.7127
			0.2607	-0.693	0.6721
		b:
			151.672
			642.7907
			142.6686
			621.3693
			-207.2234
			505.0049
			707.5155
			-206.7262
			18.1197
			-693.5155
			220.7262
			4.8803


===========================================================================================
===========================================================================================
S12:
	q_c:	303.5	429.0	179.0
	ub :	323.3787	445.1325	204.3393
	lb :	287.6022	415.7257	149.5705

	==================================================================================
	Q1:
		Shape: Polyhedra
		q_c:	307.5	434.0	167.0
		ub :	317.1435	445.1325	178.3609
		lb :	297.8565	422.8675	155.6391
		A:
			0.6128	0.0618	0.7879
			0.3888	-0.1757	0.9044
			-0.0342	0.5007	0.865
			-0.1585	-0.7451	-0.6479
			0.8877	0.4497	-0.0984
			-0.1643	-0.5462	-0.8214
			0.8138	0.0994	0.5726
			0.0814	0.956	-0.2818
			-0.5754	0.2759	0.7699
			-0.8138	-0.0994	-0.5726
			-0.0814	-0.956	0.2818
			0.5754	-0.2759	-0.7699
		b:
			352.9451
			201.0707
			358.0866
			-472.9465
			458.8927
			-417.942
			395.0254
			401.889
			78.4052
			-383.0254
			-383.889
			-64.4052
	==================================================================================
	Q2:
		Shape: Hybrid
		q_c:	297.0	428.5	194.0
		ub :	306.3978	438.0456	204.3393
		lb :	287.6022	418.9544	183.6607
		P^-1:
			0.0831	-0.0493	-0.0571
			-0.0493	0.0611	0.023
			-0.0571	0.023	0.0648
		A:
			-0.635	0.7609	0.1332
			0.4845	-0.579	-0.6558
			-0.5549	0.3541	0.7528
			-0.5881	0.795	0.1488
			-0.9854	0.1695	-0.0181
			0.4708	-0.1373	-0.8715
		b:
			165.3429
			-229.0014
			134.9402
			196.9159
			-217.7567
			-85.4872
	==================================================================================
	Q3:
		Shape: Ellipse
		q_c:	304.0	431.0	170.5
		ub :	311.1458	440.4533	180.1742
		lb :	296.8542	421.5467	160.8258
		P^-1:
			0.0568	0.0014	-0.0127
			0.0014	0.0226	0.0071
			-0.0127	0.0071	0.034
	==================================================================================
	Q4:
		Shape: Hybrid
		q_c:	308.5	423.0	185.0
		ub :	319.4059	430.2743	188.1145
		lb :	297.5941	415.7257	181.8855
		P^-1:
			0.0117	-0.0069	0.0002
			-0.0069	0.0384	-0.0014
			0.0002	-0.0014	0.1111
		A:
			0.02	-0.9794	-0.2011
			-0.3094	-0.7268	0.6132
			0.3376	-0.2274	-0.9134
			-0.2457	-0.8411	-0.4818
			0.053	-0.4896	-0.8703
			-0.696	0.4666	-0.5457
		b:
			-441.5191
			-284.9817
			-158.3372
			-516.2278
			-349.5704
			-113.1641
	==================================================================================
	Q5:
		Shape: Polyhedra
		q_c:	315.0	424.0	185.5
		ub :	323.3787	431.024	194.1752
		lb :	306.6213	416.976	176.8248
		A:
			-0.6056	0.7744	0.1833
			0.6185	0.7042	0.3487
			-0.6861	0.7083	-0.1664
			0.1665	0.0838	-0.9825
			0.6825	0.6019	0.4145
			-0.0912	0.9958	-0.0002
			0.4566	0.6958	0.5544
			-0.3798	0.716	-0.5858
			-0.8045	0.0569	0.5912
			-0.4566	-0.6958	-0.5544
			0.3798	-0.716	0.5858
			0.8045	-0.0569	-0.5912
		b:
			176.7063
			562.6566
			58.4482
			-89.1186
			551.6958
			398.2742
			546.1972
			80.2827
			-114.1158
			-537.1972
			-70.2827
			125.1158
	==================================================================================
	Q6:
		Shape: Ellipse
		q_c:	298.0	430.5	157.0
		ub :	306.1672	434.8183	164.4295
		lb :	289.8328	426.1817	149.5705
		P^-1:
			0.022	0.0103	0.0064
			0.0103	0.1447	0.0401
			0.0064	0.0401	0.0468


===========================================================================================
===========================================================================================
S13:
	q_c:	416.5	398.0	492.0
	ub :	435.2005	418.5019	507.1429
	lb :	396.5331	388.2562	476.159

	==================================================================================
	Q1:
		Shape: Hybrid
		q_c:	428.0	396.0	485.5
		ub :	432.6197	403.7438	493.7266
		lb :	423.3803	388.2562	477.2734
		P^-1:
			0.0795	0.0081	-0.0043
			0.0081	0.0392	-0.0067
			-0.0043	-0.0067	0.0266
		A:
			0.9616	-0.2045	-0.1829
			-0.6008	-0.7272	-0.332
			0.8432	-0.5324	-0.075
			-0.6786	-0.7164	0.1621
			0.4531	-0.8784	0.1522
			0.7193	-0.6419	-0.2657
		b:
			243.9658
			-703.0474
			116.3354
			-493.0878
			-76.8187
			-72.1559
	==================================================================================
	Q2:
		Shape: Ellipse
		q_c:	405.5	407.0	500.5
		ub :	414.4669	415.0644	507.1429
		lb :	396.5331	398.9356	493.8571
		P^-1:
			0.0206	0.0119	-0.0091
			0.0119	0.0672	-0.0407
			-0.0091	-0.0407	0.0688
	==================================================================================
	Q3:
		Shape: Ellipse
		q_c:	413.0	406.5	496.5
		ub :	420.0486	411.8557	503.5437
		lb :	405.9514	401.1443	489.4563
		P^-1:
			0.1994	0.064	0.2008
			0.064	0.072	0.0665
			0.2008	0.0665	0.2402
	==================================================================================
	Q4:
		Shape: Hybrid
		q_c:	427.5	397.5	484.5
		ub :	435.2005	404.233	492.841
		lb :	419.7995	390.767	476.159
		P^-1:
			0.0346	-0.0014	0.0036
			-0.0014	0.0461	-0.0042
			0.0036	-0.0042	0.0417
		A:
			-0.0196	0.5377	-0.8429
			-0.0856	0.7166	-0.6922
			-0.0088	-0.9915	0.1299
			-0.122	0.6904	-0.713
			0.033	0.876	-0.4812
			-0.8464	-0.5059	-0.1663
		b:
			-200.6221
			-84.7881
			-332.5772
			-120.8805
			131.4716
			-640.5227
	==================================================================================
	Q5:
		Shape: Polyhedra
		q_c:	414.0	400.0	489.0
		ub :	417.2486	406.1582	495.3148
		lb :	410.7514	393.8418	482.6852
		A:
			0.786	0.5728	-0.2328
			-0.6834	-0.2905	-0.6698
			-0.4067	-0.5691	-0.7146
			0.4347	0.5356	-0.724
			0.7993	0.5412	-0.2611
			-0.2686	0.8837	-0.3832
			0.2605	0.6217	0.7387
			-0.0367	0.771	-0.6358
			-0.9648	0.1385	0.2236
			-0.2605	-0.6217	-0.7387
			0.0367	-0.771	0.6358
			0.9648	-0.1385	-0.2236
		b:
			443.8647
			-722.5882
			-741.0243
			43.776
			422.8552
			58.7816
			722.2242
			-13.7471
			-232.6785
			-713.2242
			21.7471
			236.6785
	==================================================================================
	Q6:
		Shape: Hybrid
		q_c:	405.5	412.0	501.0
		ub :	412.8533	418.5019	506.5513
		lb :	398.1467	405.4981	495.4487
		P^-1:
			0.0793	0.0227	0.0791
			0.0227	0.0878	0.0695
			0.0791	0.0695	0.1731
		A:
			-0.7803	0.5424	-0.3114
			0.3468	0.4421	0.8272
			-0.6973	0.573	0.4305
			-0.5021	-0.6202	-0.6027
			-0.9336	0.2265	-0.2777
			0.9788	-0.0878	0.1849
		b:
			-246.0849
			738.2536
			172.5221
			-759.5435
			-421.4147
			456.7133


===========================================================================================
===========================================================================================
