3D_40_25_6_c                l = 3

===========================================================================================
===========================================================================================
S1:
	q_c:	138.0	303.5	261.0
	ub :	150.9424	318.7027	270.1719
	lb :	128.1673	287.8688	250.7926

	==================================================================================
	Q1:
		Shape: Polyhedra
		q_c:	148.0	305.0	254.0
		ub :	150.9424	308.3596	256.6532
		lb :	145.0576	301.6404	251.3468
		A:
			-0.6765	0.6518	-0.3428
			-0.6909	0.1521	-0.7068
			-0.2767	-0.4154	0.8666
			0.2566	-0.2021	0.9451
			0.3157	0.5134	0.7979
			0.0256	0.7364	-0.6761
			0.1935	0.9803	0.0382
			0.6512	-0.0992	-0.7524
			-0.7338	0.1705	-0.6576
			-0.1935	-0.9803	-0.0382
			-0.6512	0.0992	0.7524
			0.7338	-0.1705	0.6576
		b:
			13.4248
			-234.3761
			54.8628
			217.9931
			408.2081
			59.1258
			340.3574
			-122.4956
			-222.6316
			-334.3574
			127.4956
			224.6316
	==================================================================================
	Q2:
		Shape: Ellipse
		q_c:	138.5	307.0	261.0
		ub :	147.5609	314.6996	270.1719
		lb :	129.4391	299.3004	251.8281
		P^-1:
			0.0345	-0.0022	0.0018
			-0.0022	0.0364	-0.0027
			0.0018	-0.0027	0.0352
	==================================================================================
	Q3:
		Shape: Ellipse
		q_c:	133.5	304.0	257.0
		ub :	138.8327	309.7155	263.2074
		lb :	128.1673	298.2845	250.7926
		P^-1:
			0.0681	0.0046	0.0074
			0.0046	0.0801	-0.0025
			0.0074	-0.0025	0.0776
	==================================================================================
	Q4:
		Shape: Ellipse
		q_c:	143.5	309.0	261.0
		ub :	147.7146	313.294	265.4568
		lb :	139.2854	304.706	256.5432
		P^-1:
			0.126	-0.0127	0.0185
			-0.0127	0.1552	0.0069
			0.0185	0.0069	0.1499
	==================================================================================
	Q5:
		Shape: Polyhedra
		q_c:	135.5	315.0	261.5
		ub :	140.4554	318.7027	266.6127
		lb :	130.5446	311.2973	256.3873
		A:
			0.3146	-0.7687	0.5568
			0.7785	-0.2402	-0.5798
			0.4493	0.479	-0.7542
			-0.5932	0.8034	0.0516
			-0.3318	0.6518	-0.6819
			0.9807	0.1355	0.1407
			0.4551	0.4339	0.7775
			0.7665	0.2535	-0.5901
			-0.4531	0.8646	-0.2173
			-0.4551	-0.4339	-0.7775
			-0.7665	-0.2535	0.5901
			0.4531	-0.8646	0.2173
		b:
			-52.0007
			-118.5871
			17.8322
			187.9845
			-15.7677
			215.6702
			405.1848
			32.8928
			155.6197
			-398.1848
			-25.8928
			-152.6197
	==================================================================================
	Q6:
		Shape: Hybrid
		q_c:	135.5	295.0	261.5
		ub :	141.9925	302.1312	268.5383
		lb :	129.0075	287.8688	254.4617
		P^-1:
			0.0667	-0.0147	-0.0065
			-0.0147	0.0618	0.0055
			-0.0065	0.0055	0.0518
		A:
			-0.9571	0.1236	-0.262
			0.9848	-0.1715	0.0281
			-0.9458	-0.233	0.2264
			0.4526	0.8915	-0.0207
			-0.4857	0.2619	0.834
			0.7731	-0.0741	-0.63
		b:
			-159.4596
			92.2922
			-135.2906
			321.6083
			231.7608
			-79.681


===========================================================================================
===========================================================================================
S2:
	q_c:	339.0	478.0	204.0
	ub :	350.1455	494.9061	211.248
	lb :	326.7905	463.999	194.7929

	==================================================================================
	Q1:
		Shape: Hybrid
		q_c:	332.5	468.5	202.5
		ub :	336.7432	473.001	205.0134
		lb :	328.2568	463.999	199.9866
		P^-1:
			0.1239	-0.0363	-0.0159
			-0.0363	0.138	-0.0785
			-0.0159	-0.0785	0.4242
		A:
			0.5191	0.4669	-0.7159
			-0.3541	-0.5651	0.7452
			-0.9157	0.4017	0.0115
			-0.413	0.9105	0.0179
			-0.2297	-0.8138	0.5338
			0.1278	0.6304	-0.7656
		b:
			247.9683
			-230.1754
			-112.077
			294.742
			-347.7609
			184.0376
	==================================================================================
	Q2:
		Shape: Polyhedra
		q_c:	332.5	478.5	199.5
		ub :	338.2095	483.5185	204.2071
		lb :	326.7905	473.4815	194.7929
		A:
			-0.0375	-0.7423	-0.6691
			-0.2094	0.9778	-0.0029
			-0.1403	-0.9859	0.0908
			-0.0626	-0.7669	-0.6387
			-0.2364	-0.7206	0.6518
			0.1117	-0.3995	0.9099
			0.6649	0.7192	0.2015
			0.6964	-0.6945	0.1807
			0.2699	0.0202	-0.9627
			-0.6649	-0.7192	-0.2015
			-0.6964	0.6945	-0.1807
			-0.2699	-0.0202	0.9627
		b:
			-497.6104
			401.1847
			-496.7964
			-511.6895
			-289.8751
			31.0052
			608.9331
			-61.1839
			-89.1582
			-601.9331
			68.1839
			96.1582
	==================================================================================
	Q3:
		Shape: Ellipse
		q_c:	344.0	475.0	202.0
		ub :	349.6784	482.3544	209.078
		lb :	338.3216	467.6456	194.922
		P^-1:
			0.0623	-0.0016	0.0014
			-0.0016	0.0505	0.0111
			0.0014	0.0111	0.0522
	==================================================================================
	Q4:
		Shape: Polyhedra
		q_c:	336.5	471.5	208.0
		ub :	342.8417	478.0153	211.248
		lb :	330.1583	464.9847	204.752
		A:
			0.0952	-0.0804	-0.9922
			0.471	0.3108	-0.8256
			-0.9132	0.1997	0.3552
			0.8871	-0.2714	0.3734
			-0.7432	0.2496	0.6208
			-0.1929	0.3005	0.9341
			0.688	0.7252	0.0252
			0.7256	-0.6873	-0.032
			-0.0059	0.0403	-0.9992
			-0.688	-0.7252	-0.0252
			-0.7256	0.6873	0.032
			0.0059	-0.0403	0.9992
		b:
			-209.2434
			137.1929
			-135.2731
			252.1009
			0.3148
			274.1719
			584.2122
			-83.051
			-187.813
			-573.2122
			90.051
			193.813
	==================================================================================
	Q5:
		Shape: Hybrid
		q_c:	343.5	488.5	205.5
		ub :	350.1455	494.9061	210.7833
		lb :	336.8545	482.0939	200.2167
		P^-1:
			0.0666	0.0159	-0.0027
			0.0159	0.0648	0.0028
			-0.0027	0.0028	0.0812
		A:
			0.1113	-0.5719	0.8127
			-0.5979	0.0862	-0.7969
			0.1693	0.8996	-0.4026
			-0.4789	0.1718	-0.8609
			-0.4598	-0.4463	0.7677
			0.1831	-0.6049	-0.775
		b:
			-72.0009
			-324.9292
			417.002
			-255.4113
			-216.4561
			-389.8332
	==================================================================================
	Q6:
		Shape: Ellipse
		q_c:	343.5	482.0	202.0
		ub :	349.6172	487.752	206.8058
		lb :	337.3828	476.248	197.1942
		P^-1:
			0.0503	0.0283	0.016
			0.0283	0.1183	0.0427
			0.016	0.0427	0.0939


===========================================================================================
===========================================================================================
S3:
	q_c:	469.0	476.5	447.5
	ub :	495.3398	498.7242	466.1343
	lb :	453.0767	449.6734	415.3011

	==================================================================================
	Q1:
		Shape: Ellipse
		q_c:	470.0	458.0	448.0
		ub :	476.7827	463.0116	455.381
		lb :	463.2173	452.9884	440.619
		P^-1:
			0.0982	-0.0382	-0.0431
			-0.0382	0.1153	0.0128
			-0.0431	0.0128	0.0559
	==================================================================================
	Q2:
		Shape: Polyhedra
		q_c:	485.0	464.5	451.5
		ub :	495.3398	471.876	460.9618
		lb :	474.6602	457.124	442.0382
		A:
			0.8779	0.43	-0.2105
			0.2677	-0.5308	0.8041
			-0.3773	0.0414	-0.9251
			0.1434	0.6353	-0.7588
			-0.0495	-0.1049	-0.9932
			0.1316	0.906	-0.4022
			0.5517	0.0847	0.8297
			-0.7223	0.5459	0.4245
			-0.417	-0.8336	0.3623
			-0.5517	-0.0847	-0.8297
			0.7223	-0.5459	-0.4245
			0.417	0.8336	-0.3623
		b:
			535.5667
			251.4489
			-575.5704
			26.0752
			-514.9002
			306.6436
			687.5418
			102.9061
			-422.8299
			-675.5418
			-86.9061
			428.8299
	==================================================================================
	Q3:
		Shape: Ellipse
		q_c:	462.5	458.5	435.0
		ub :	471.1495	467.3266	440.4943
		lb :	453.8505	449.6734	429.5057
		P^-1:
			0.0378	-0.0112	0.0109
			-0.0112	0.0326	-0.011
			0.0109	-0.011	0.0748
	==================================================================================
	Q4:
		Shape: Polyhedra
		q_c:	469.0	482.5	427.5
		ub :	484.9233	497.4378	439.6989
		lb :	453.0767	467.5622	415.3011
		A:
			-0.1105	-0.9435	0.3123
			0.4463	0.0275	0.8944
			-0.4576	0.8814	-0.1173
			-0.0725	-0.7604	-0.6454
			0.4043	0.149	-0.9024
			0.1979	0.8812	-0.4294
			0.6001	0.7994	0.029
			0.7732	-0.5705	-0.2769
			-0.2048	0.1886	-0.9605
			-0.6001	-0.7994	-0.029
			-0.7732	0.5705	0.2769
			0.2048	-0.1886	0.9605
		b:
			-364.7508
			613.8867
			171.4692
			-667.1623
			-114.613
			342.9859
			687.5505
			-18.9707
			-406.6626
			-671.5505
			42.9707
			424.6626
	==================================================================================
	Q5:
		Shape: Polyhedra
		q_c:	468.5	461.5	460.5
		ub :	472.4049	467.097	466.1343
		lb :	464.5951	455.903	454.8657
		A:
			-0.7186	0.6285	0.2976
			-0.8718	-0.2262	0.4346
			-0.4013	-0.2372	-0.8847
			0.5705	-0.4381	-0.6947
			0.8286	0.2682	-0.4915
			-0.8295	0.1976	-0.5224
			0.6177	0.5946	0.5147
			-0.7852	0.5022	0.3622
			-0.0431	-0.6279	0.7771
			-0.6177	-0.5946	-0.5147
			0.7852	-0.5022	-0.3622
			0.0431	0.6279	-0.7771
		b:
			92.5545
			-309.6925
			-701.2774
			-252.4165
			288.702
			-534.7469
			804.3104
			32.7209
			51.8916
			-797.3104
			-28.7209
			-43.8916
	==================================================================================
	Q6:
		Shape: Polyhedra
		q_c:	484.5	488.5	438.5
		ub :	494.8389	498.7242	445.0958
		lb :	474.1611	478.2758	431.9042
		A:
			-0.857	0.1396	-0.496
			-0.5864	-0.059	-0.8079
			0.6776	-0.1193	-0.7257
			-0.3872	-0.2099	-0.8978
			0.6821	-0.3961	0.6147
			-0.459	0.7402	-0.4913
			0.4984	0.8589	0.118
			0.8042	-0.4073	-0.4329
			-0.3237	0.3106	-0.8937
			-0.4984	-0.8589	-0.118
			-0.8042	0.4073	0.4329
			0.3237	-0.3106	0.8937
		b:
			-559.3751
			-662.8914
			-41.6389
			-679.2384
			410.6583
			-71.4531
			720.2681
			7.8961
			-394.0083
			-705.2681
			6.1039
			400.0083


===========================================================================================
===========================================================================================
S4:
	q_c:	105.0	38.0	89.0
	ub :	118.4899	43.5155	94.0716
	lb :	93.5147	22.0606	75.5661

	==================================================================================
	Q1:
		Shape: Polyhedra
		q_c:	100.0	32.5	82.0
		ub :	106.4853	37.3991	87.9855
		lb :	93.5147	27.6009	76.0145
		A:
			-0.4864	-0.6817	-0.5465
			-0.7621	-0.5066	-0.4032
			0.0219	-0.9086	0.4172
			0.3484	0.8225	0.4496
			0.8561	0.4261	-0.2926
			0.9258	0.1973	-0.3226
			0.4339	0.0946	0.896
			-0.8423	0.3956	0.3661
			-0.3198	-0.9135	0.2513
			-0.4339	-0.0946	-0.896
			0.8423	-0.3956	-0.3661
			0.3198	0.9135	-0.2513
		b:
			-111.9846
			-122.0205
			10.0603
			101.9317
			79.206
			76.6201
			123.9351
			-36.849
			-38.0619
			-115.9351
			45.849
			44.0619
	==================================================================================
	Q2:
		Shape: Polyhedra
		q_c:	105.5	35.5	86.0
		ub :	112.605	42.3833	93.4639
		lb :	98.395	28.6167	78.5361
		A:
			-0.0353	-0.2363	-0.971
			-0.756	-0.5462	0.3608
			-0.9417	0.2539	-0.2209
			-0.2923	0.614	-0.7332
			-0.9889	-0.0068	0.1487
			-0.412	-0.8902	0.1944
			0.6279	0.5922	0.5051
			-0.7419	0.2593	0.6183
			0.2352	-0.763	0.6021
			-0.6279	-0.5922	-0.5051
			0.7419	-0.2593	-0.6183
			-0.2352	0.763	-0.6021
		b:
			-91.2035
			-63.7196
			-104.9753
			-68.0686
			-87.2921
			-54.0882
			135.1985
			-11.3936
			53.5156
			-126.1985
			20.3936
			-45.5156
	==================================================================================
	Q3:
		Shape: Polyhedra
		q_c:	111.5	35.0	89.0
		ub :	118.1457	41.9441	93.5038
		lb :	104.8543	28.0559	84.4962
		A:
			0.4144	0.084	0.9062
			0.2481	0.6489	-0.7193
			0.0893	0.2758	0.957
			-0.9109	0.4121	0.0216
			0.0902	-0.4737	-0.8761
			0.906	0.352	-0.2352
			0.5898	0.8059	0.0511
			0.6349	-0.4237	-0.6461
			-0.499	0.4135	-0.7616
			-0.5898	-0.8059	-0.0511
			-0.6349	0.4237	0.6461
			0.499	-0.4135	0.7616
		b:
			133.2243
			-9.45
			108.1419
			-82.0701
			-81.0275
			97.182
			104.0168
			1.4606
			-105.951
			-93.0168
			4.5394
			111.951
	==================================================================================
	Q4:
		Shape: Ellipse
		q_c:	102.0	37.0	87.5
		ub :	107.1002	43.5155	94.0716
		lb :	96.8998	30.4845	80.9284
		P^-1:
			0.0834	0.0132	0.0202
			0.0132	0.0624	0.019
			0.0202	0.019	0.0772
	==================================================================================
	Q5:
		Shape: Ellipse
		q_c:	114.0	26.5	79.5
		ub :	118.3353	30.9394	83.4339
		lb :	109.6647	22.0606	75.5661
		P^-1:
			0.0855	0.0154	-0.0045
			0.0154	0.1431	-0.0212
			-0.0045	-0.0212	0.1241
	==================================================================================
	Q6:
		Shape: Polyhedra
		q_c:	112.0	30.5	85.5
		ub :	118.4899	38.5279	91.4429
		lb :	105.5101	22.4721	79.5571
		A:
			0.783	0.5895	0.1983
			0.2636	-0.9609	-0.0852
			-0.805	-0.2862	-0.5196
			-0.7307	-0.4772	-0.4881
			-0.3733	-0.2649	-0.8891
			-0.4825	0.2422	-0.8418
			0.7758	0.297	0.5567
			-0.429	-0.3987	0.8105
			0.4627	-0.8677	-0.1818
			-0.7758	-0.297	-0.5567
			0.429	0.3987	-0.8105
			-0.4627	0.8677	0.1818
		b:
			125.4709
			-0.6786
			-141.3072
			-135.8481
			-122.8758
			-115.1121
			145.5464
			13.5898
			16.3135
			-141.5464
			-4.5898
			-3.3135


===========================================================================================
===========================================================================================
S5:
	q_c:	292.5	144.0	28.0
	ub :	327.0957	172.2356	59.3292
	lb :	256.0766	112.7044	-8.4443

	==================================================================================
	Q1:
		Shape: Hybrid
		q_c:	292.0	161.5	16.5
		ub :	301.1774	169.3855	25.4649
		lb :	282.8226	153.6145	7.5351
		P^-1:
			0.0495	0.0162	0.0225
			0.0162	0.048	0.0167
			0.0225	0.0167	0.035
		A:
			-0.9254	-0.0615	-0.374
			0.9527	0.2923	-0.0826
			-0.9001	-0.4268	-0.0873
			0.3571	-0.6875	-0.6323
			-0.0284	0.9943	-0.1026
			0.5232	-0.8316	-0.1866
		b:
			-283.7431
			327.7668
			-330.2433
			-13.0544
			154.1196
			19.1963
	==================================================================================
	Q2:
		Shape: Ellipse
		q_c:	298.0	162.0	52.0
		ub :	308.1803	172.2356	59.3292
		lb :	287.8197	151.7644	44.6708
		P^-1:
			0.0411	0.0308	0.0133
			0.0308	0.0455	0.013
			0.0133	0.013	0.0352
	==================================================================================
	Q3:
		Shape: Ellipse
		q_c:	274.0	130.5	7.5
		ub :	291.9234	148.2956	23.4443
		lb :	256.0766	112.7044	-8.4443
		P^-1:
			0.009	-0.0001	0.0012
			-0.0001	0.0094	-0.0013
			0.0012	-0.0013	0.0093
	==================================================================================
	Q4:
		Shape: Polyhedra
		q_c:	292.5	135.5	37.0
		ub :	303.1923	148.3192	48.1975
		lb :	281.8077	122.6808	25.8025
		A:
			0.0551	-0.3961	0.9165
			0.3334	-0.3179	-0.8876
			0.1169	-0.9308	0.3464
			-0.3111	0.7494	-0.5844
			0.8163	-0.1277	-0.5633
			0.6173	-0.5123	0.5971
			0.3074	0.6655	0.6801
			0.2378	0.6383	-0.7321
			-0.9214	0.3868	0.0379
			-0.3074	-0.6655	-0.6801
			-0.2378	-0.6383	0.7321
			0.9214	-0.3868	-0.0379
		b:
			3.9133
			29.2424
			-71.6495
			-3.7394
			207.8036
			140.5023
			213.2552
			136.4591
			-208.6974
			-197.2552
			-121.4591
			222.6974
	==================================================================================
	Q5:
		Shape: Polyhedra
		q_c:	280.0	134.5	18.0
		ub :	298.1672	148.3752	36.4303
		lb :	261.8328	120.6248	-0.4303
		A:
			0.1809	0.9812	0.0667
			0.286	-0.7098	-0.6437
			-0.8536	0.509	0.1107
			-0.9503	0.2685	0.1574
			0.2419	0.9697	0.0345
			-0.583	-0.5917	0.5568
			0.5834	0.213	0.7838
			-0.6803	0.6553	0.3283
			-0.4437	-0.7247	0.5272
			-0.5834	-0.213	-0.7838
			0.6803	-0.6553	-0.3283
			0.4437	0.7247	-0.5272
		b:
			192.7276
			-15.7489
			-158.3619
			-216.8484
			207.5634
			-226.6228
			221.5979
			-86.9426
			-206.2186
			-190.5979
			105.9426
			218.2186
	==================================================================================
	Q6:
		Shape: Ellipse
		q_c:	314.5	154.0	13.5
		ub :	327.0957	167.3143	27.7109
		lb :	301.9043	140.6857	-0.7109
		P^-1:
			0.0123	-0.003	0.0011
			-0.003	0.0195	-0.0126
			0.0011	-0.0126	0.0205


===========================================================================================
===========================================================================================
S6:
	q_c:	433.5	113.0	486.5
	ub :	445.5551	130.1209	502.8646
	lb :	416.3032	103.5018	473.3323

	==================================================================================
	Q1:
		Shape: Ellipse
		q_c:	434.0	109.0	483.0
		ub :	440.1097	114.4982	488.6793
		lb :	427.8903	103.5018	477.3207
		P^-1:
			0.0748	0.01	0.0055
			0.01	0.0537	0.0046
			0.0055	0.0046	0.0649
	==================================================================================
	Q2:
		Shape: Hybrid
		q_c:	438.5	123.0	497.5
		ub :	443.9806	128.0608	502.8646
		lb :	433.0194	117.9392	492.1354
		P^-1:
			0.1027	-0.0048	0.0178
			-0.0048	0.1084	0.01
			0.0178	0.01	0.0736
		A:
			0.2616	0.4256	0.8663
			0.2773	0.1753	0.9447
			0.6946	-0.3402	0.6339
			0.4912	-0.853	-0.1762
			-0.1941	0.8429	0.5019
			-0.1953	0.8215	-0.5357
		b:
			599.8617
			615.1004
			579.7365
			24.3425
			269.9085
			-249.1982
	==================================================================================
	Q3:
		Shape: Hybrid
		q_c:	430.0	124.0	496.0
		ub :	436.7274	129.1859	502.216
		lb :	423.2726	118.8141	489.784
		P^-1:
			0.0558	-0.0073	-0.0066
			-0.0073	0.0792	0.0006
			-0.0066	0.0006	0.0584
		A:
			-0.5974	-0.7506	0.2823
			0.2989	-0.5732	0.763
			0.5555	0.7977	-0.2349
			0.1186	-0.7622	-0.6364
			-0.0307	0.8283	-0.5594
			-0.3407	0.9125	-0.2265
		b:
			-207.6769
			438.1451
			223.4625
			-357.1533
			-185.9369
			-143.8244
	==================================================================================
	Q4:
		Shape: Hybrid
		q_c:	437.5	118.5	479.5
		ub :	442.1624	124.7924	485.6677
		lb :	432.8376	112.2076	473.3323
		P^-1:
			0.201	-0.0796	0.0153
			-0.0796	0.1022	-0.0324
			0.0153	-0.0324	0.0685
		A:
			-0.9738	0.0797	-0.2131
			0.222	0.8764	-0.4273
			0.9388	0.2368	0.2502
			0.8888	-0.1699	-0.4256
			-0.3176	0.5526	0.7705
			-0.973	0.1123	0.2016
		b:
			-517.0996
			-1.2346
			561.2937
			166.411
			299.3492
			-314.1834
	==================================================================================
	Q5:
		Shape: Polyhedra
		q_c:	424.5	123.0	494.0
		ub :	432.6968	130.1209	499.7038
		lb :	416.3032	115.8791	488.2962
		A:
			0.8325	0.2261	-0.5058
			0.0066	-0.0028	-1.0
			-0.0366	0.7911	0.6106
			0.3059	0.0023	-0.9521
			-0.5811	-0.6545	0.4837
			0.5335	0.4489	0.7168
			0.4991	0.826	0.262
			0.3879	0.0574	-0.9199
			-0.7749	0.5607	-0.2917
			-0.4991	-0.826	-0.262
			-0.3879	-0.0574	0.9199
			0.7749	-0.5607	0.2917
		b:
			135.2132
			-488.0502
			387.439
			-337.1769
			-84.6949
			640.0814
			446.865
			-279.7442
			-397.5935
			-438.865
			285.7442
			410.5935
	==================================================================================
	Q6:
		Shape: Hybrid
		q_c:	438.5	122.0	491.0
		ub :	445.5551	128.4268	496.721
		lb :	431.4449	115.5732	485.279
		P^-1:
			0.0502	-0.0266	-0.0408
			-0.0266	0.075	0.0295
			-0.0408	0.0295	0.1251
		A:
			-0.4745	0.3798	0.7941
			-0.0947	0.8588	0.5036
			0.5324	0.0516	-0.8449
			0.2997	-0.8217	-0.4848
			-0.6847	0.7027	0.1933
			0.0885	-0.1449	-0.9855
		b:
			229.4527
			312.7336
			-173.202
			-205.0483
			-117.2268
			-460.9421


===========================================================================================
===========================================================================================
S7:
	q_c:	390.0	192.5	131.0
	ub :	410.6656	210.3234	150.8202
	lb :	373.3071	181.9314	116.5772

	==================================================================================
	Q1:
		Shape: Polyhedra
		q_c:	396.0	202.0	125.5
		ub :	403.5535	210.3234	134.4228
		lb :	388.4465	193.6766	116.5772
		A:
			0.5656	0.7804	-0.2665
			-0.1748	0.5579	0.8113
			-0.8523	-0.5056	-0.1337
			-0.8199	-0.3963	-0.4131
			-0.7605	-0.2662	0.5923
			0.6594	0.5066	-0.5554
			0.7882	0.1985	0.5825
			0.0359	-0.9598	0.2785
			0.6144	-0.1986	-0.7636
			-0.7882	-0.1985	-0.5825
			-0.0359	0.9598	-0.2785
			-0.6144	0.1986	0.7636
		b:
			354.258
			150.805
			-451.0926
			-451.4931
			-274.9811
			299.6147
			430.3312
			-138.1998
			112.8573
			-420.3312
			151.1998
			-101.8573
	==================================================================================
	Q2:
		Shape: Polyhedra
		q_c:	396.5	191.5	135.0
		ub :	402.4782	197.2486	137.7514
		lb :	390.5218	185.7514	132.2486
		A:
			0.7409	-0.6042	-0.2933
			-0.5949	0.6078	0.526
			0.6938	-0.3814	-0.6109
			0.6498	-0.095	-0.7542
			0.5196	-0.4718	-0.7123
			-0.2264	0.4522	0.8627
			0.7439	0.6634	0.0806
			0.6137	-0.6305	-0.4753
			-0.2645	0.403	-0.8761
			-0.7439	-0.6634	-0.0806
			-0.6137	0.6305	0.4753
			0.2645	-0.403	0.8761
		b:
			139.7877
			-47.4932
			121.3009
			140.2556
			20.6474
			115.1473
			439.3839
			59.4314
			-143.9684
			-426.3839
			-57.4314
			147.9684
	==================================================================================
	Q3:
		Shape: Polyhedra
		q_c:	400.5	192.5	141.0
		ub :	406.3777	202.0227	150.8202
		lb :	394.6223	182.9773	131.1798
		A:
			-0.2024	0.3843	-0.9008
			-0.804	-0.4698	-0.3644
			0.9876	-0.1283	-0.0909
			0.6901	0.7218	0.0524
			0.8694	0.4176	0.2639
			-0.6016	0.436	-0.6693
			0.0892	0.5506	0.83
			-0.9953	0.0817	0.0527
			-0.0388	-0.8307	0.5553
			-0.0892	-0.5506	-0.83
			0.9953	-0.0817	-0.0527
			0.0388	0.8307	-0.5553
		b:
			-127.6498
			-457.6714
			363.0275
			428.7973
			471.6723
			-245.4945
			266.2279
			-370.4433
			-91.158
			-251.2279
			380.4433
			103.158
	==================================================================================
	Q4:
		Shape: Hybrid
		q_c:	387.5	205.0	131.5
		ub :	392.8643	208.8855	137.2567
		lb :	382.1357	201.1145	125.7433
		P^-1:
			0.0755	-0.0002	-0.0126
			-0.0002	0.0816	-0.0005
			-0.0126	-0.0005	0.0555
		A:
			0.9244	0.3796	-0.0376
			-0.9199	-0.3119	0.2376
			-0.28	-0.8358	0.4722
			0.8293	-0.0378	-0.5576
			0.8003	0.4338	-0.4139
			-0.2615	-0.9339	0.2437
		b:
			432.9856
			-387.3824
			-215.8955
			242.0433
			346.382
			-258.9654
	==================================================================================
	Q5:
		Shape: Hybrid
		q_c:	401.0	198.0	126.5
		ub :	410.6656	206.3844	133.0328
		lb :	391.3344	189.6156	119.9672
		P^-1:
			0.0433	0.0643	-0.0695
			0.0643	0.1882	-0.1956
			-0.0695	-0.1956	0.2586
		A:
			-0.6471	-0.3588	-0.6727
			0.3533	0.7737	-0.5259
			-0.2907	-0.8673	0.4041
			0.2603	0.7559	-0.6007
			0.1466	0.535	-0.832
			0.2089	-0.5289	0.8226
		b:
			-410.3727
			229.8295
			-235.0086
			179.2161
			60.4581
			85.597
	==================================================================================
	Q6:
		Shape: Polyhedra
		q_c:	380.5	186.0	144.5
		ub :	387.6929	190.0686	150.1082
		lb :	373.3071	181.9314	138.8918
		A:
			-0.2031	-0.3184	0.926
			-0.3657	-0.4165	-0.8324
			0.4361	0.6524	0.6198
			-0.0736	-0.7721	-0.6313
			0.119	-0.9484	-0.2938
			-0.4559	-0.6041	-0.6536
			0.291	0.7465	0.5984
			-0.1884	0.6579	-0.7291
			-0.938	0.0994	0.3321
			-0.291	-0.7465	-0.5984
			0.1884	-0.6579	0.7291
			0.938	-0.0994	-0.3321
		b:
			1.5686
			-334.8996
			378.6064
			-260.7808
			-170.7718
			-378.4362
			337.5354
			-51.1767
			-283.9258
			-334.5354
			58.1767
			296.9258


===========================================================================================
===========================================================================================
S8:
	q_c:	212.5	413.5	301.0
	ub :	235.9732	429.5388	312.5632
	lb :	194.5002	397.9847	287.7192

	==================================================================================
	Q1:
		Shape: Hybrid
		q_c:	202.5	425.0	303.0
		ub :	210.4998	429.5388	311.1638
		lb :	194.5002	420.4612	294.8362
		P^-1:
			0.0333	0.0019	-0.0064
			0.0019	0.0805	-0.0066
			-0.0064	-0.0066	0.0356
		A:
			-0.2158	-0.0164	0.9763
			-0.3551	0.916	-0.1867
			0.637	0.0766	0.767
			-0.8522	-0.4814	0.2048
			-0.7071	-0.6767	0.2051
			0.0818	-0.8032	0.5901
		b:
			248.6226
			263.0354
			398.1853
			-311.9452
			-365.9057
			-143.5975
	==================================================================================
	Q2:
		Shape: Hybrid
		q_c:	225.0	421.5	296.5
		ub :	235.9732	428.736	305.2808
		lb :	214.0268	414.264	287.7192
		P^-1:
			0.0285	0.0078	-0.0222
			0.0078	0.0466	0.0065
			-0.0222	0.0065	0.0478
		A:
			-0.284	-0.3946	0.8739
			-0.7569	-0.5924	0.2759
			0.7672	0.4067	-0.4959
			-0.7238	-0.0978	0.6831
			-0.4352	0.0549	0.8987
			-0.2457	-0.674	0.6967
		b:
			31.9287
			-335.2208
			199.6811
			0.828
			193.7867
			-129.5816
	==================================================================================
	Q3:
		Shape: Hybrid
		q_c:	202.5	421.5	296.5
		ub :	210.4854	427.579	305.2711
		lb :	194.5146	415.421	287.7289
		P^-1:
			0.0531	-0.0053	-0.0148
			-0.0053	0.0521	0.0012
			-0.0148	0.0012	0.0272
		A:
			0.8093	-0.327	-0.488
			-0.6046	-0.2985	0.7385
			-0.7157	-0.3795	0.5863
			-0.939	-0.0977	0.3298
			0.2262	-0.904	-0.3628
			0.4103	-0.9023	0.1324
		b:
			-116.5758
			-26.4232
			-128.5665
			-131.3622
			-440.3032
			-255.4621
	==================================================================================
	Q4:
		Shape: Hybrid
		q_c:	223.0	408.5	307.5
		ub :	228.1942	415.0023	311.0335
		lb :	217.8058	401.9977	303.9665
		P^-1:
			0.2554	-0.0146	-0.3666
			-0.0146	0.0461	0.0701
			-0.3666	0.0701	0.8132
		A:
			0.2811	-0.1046	-0.9539
			-0.4881	0.1282	0.8633
			-0.75	0.147	0.6449
			-0.5821	0.0105	0.813
			0.5087	-0.2078	-0.8355
			0.304	-0.3065	-0.902
		b:
			-272.704
			209.5709
			92.5372
			125.1339
			-227.5504
			-333.7591
	==================================================================================
	Q5:
		Shape: Polyhedra
		q_c:	205.5	412.5	294.0
		ub :	211.394	418.2221	298.5066
		lb :	199.606	406.7779	289.4934
		A:
			0.9677	-0.2521	0.0022
			-0.0045	0.9446	-0.3283
			0.0457	-0.8479	0.5283
			-0.5461	-0.4332	0.717
			-0.2472	0.9615	0.1198
			-0.3491	0.8951	-0.2773
			0.5551	0.7931	0.2507
			-0.2503	0.4467	-0.8589
			-0.7932	0.4141	0.4465
			-0.5551	-0.7931	-0.2507
			0.2503	-0.4467	0.8589
			0.7932	-0.4141	-0.4465
		b:
			99.3212
			295.3692
			-182.3092
			-76.8886
			384.8295
			219.0825
			518.9266
			-117.7009
			143.0856
			-510.9266
			121.7009
			-135.0856
	==================================================================================
	Q6:
		Shape: Hybrid
		q_c:	214.5	407.5	304.0
		ub :	223.9546	417.0153	312.5632
		lb :	205.0454	397.9847	295.4368
		P^-1:
			0.0405	0.0161	0.004
			0.0161	0.0305	0.0143
			0.004	0.0143	0.0471
		A:
			0.4889	0.3831	0.7837
			0.9287	-0.2529	-0.2711
			-0.1955	0.1066	-0.9749
			-0.1184	-0.0831	-0.9895
			-0.7113	-0.6991	-0.0725
			0.6612	0.4188	0.6225
		b:
			501.4112
			17.8309
			-291.3572
			-357.2416
			-456.9508
			503.8814


===========================================================================================
===========================================================================================
S9:
	q_c:	433.0	252.5	173.5
	ub :	455.9507	275.6441	198.4147
	lb :	407.4204	228.5108	149.639

	==================================================================================
	Q1:
		Shape: Ellipse
		q_c:	438.5	256.5	177.5
		ub :	445.2371	263.2547	184.7229
		lb :	431.7629	249.7453	170.2771
		P^-1:
			0.1536	-0.0037	-0.113
			-0.0037	0.0328	0.0061
			-0.113	0.0061	0.117
	==================================================================================
	Q2:
		Shape: Polyhedra
		q_c:	418.5	261.5	188.5
		ub :	429.5796	273.0091	198.4147
		lb :	407.4204	249.9909	178.5853
		A:
			0.7075	-0.4611	-0.5356
			-0.5331	-0.4657	0.7064
			0.5033	0.8585	-0.0982
			0.1882	-0.9757	0.112
			0.3203	0.2183	-0.9218
			0.475	0.6882	-0.5484
			0.2426	0.6878	0.6842
			-0.8774	0.4565	-0.1478
			-0.414	-0.5644	0.7142
			-0.2426	-0.6878	-0.6842
			0.8774	-0.4565	0.1478
			0.414	0.5644	-0.7142
		b:
			81.8598
			-205.6564
			422.839
			-148.2864
			23.4353
			281.3839
			416.8448
			-267.6625
			-180.2366
			-403.8448
			283.6625
			192.2366
	==================================================================================
	Q3:
		Shape: Ellipse
		q_c:	446.5	262.0	160.5
		ub :	455.9507	271.8254	171.361
		lb :	437.0493	252.1746	149.639
		P^-1:
			0.028	0.0023	-0.0057
			0.0023	0.0234	-0.0002
			-0.0057	-0.0002	0.0257
	==================================================================================
	Q4:
		Shape: Polyhedra
		q_c:	439.5	265.5	181.0
		ub :	451.0085	275.6441	194.2917
		lb :	427.9915	255.3559	167.7083
		A:
			0.5468	0.6573	-0.5187
			-0.1199	0.7155	-0.6882
			0.5609	-0.3755	0.7378
			0.8944	-0.4449	0.0463
			0.2579	0.2423	-0.9353
			-0.2729	0.9587	0.0804
			0.8623	0.3093	0.4009
			-0.4732	0.2106	0.8554
			0.1802	-0.9274	0.328
			-0.8623	-0.3093	-0.4009
			0.4732	-0.2106	-0.8554
			-0.1802	0.9274	-0.328
		b:
			328.726
			19.7987
			287.2041
			290.7647
			17.6724
			156.3397
			540.1775
			12.743
			-101.1675
			-527.1775
			7.257
			114.1675
	==================================================================================
	Q5:
		Shape: Polyhedra
		q_c:	426.5	239.5	163.0
		ub :	434.6552	250.4892	173.1529
		lb :	418.3448	228.5108	152.8471
		A:
			0.8239	-0.5515	-0.1308
			-0.8845	0.451	0.1192
			0.5423	-0.063	-0.8378
			-0.7403	-0.3218	-0.5903
			0.3647	-0.076	-0.928
			0.8847	-0.4603	0.0735
			0.5454	0.1956	0.8151
			-0.8058	0.3901	0.4456
			-0.2308	-0.8998	0.3703
			-0.5454	-0.1956	-0.8151
			0.8058	-0.3901	-0.4456
			0.2308	0.8998	-0.3703
		b:
			202.0032
			-246.05
			84.7152
			-482.402
			-8.3876
			283.5995
			418.7932
			-174.6074
			-244.0772
			-405.7932
			180.6074
			263.0772
	==================================================================================
	Q6:
		Shape: Hybrid
		q_c:	431.0	256.5	188.5
		ub :	442.0696	269.2175	198.2336
		lb :	419.9304	243.7825	178.7664
		P^-1:
			0.0315	0.0066	-0.0104
			0.0066	0.0102	-0.0032
			-0.0104	-0.0032	0.0223
		A:
			0.4567	-0.3071	-0.835
			0.2285	-0.0182	-0.9734
			0.9541	0.1494	0.2596
			0.6582	0.4221	-0.6234
			-0.8794	0.4732	0.0529
			0.996	-0.0539	-0.0715
		b:
			-34.4994
			-85.3706
			502.7878
			277.4612
			-241.4926
			405.9592


===========================================================================================
===========================================================================================
S10:
	q_c:	355.5	385.0	178.5
	ub :	373.3141	409.3807	200.7389
	lb :	335.5291	364.0987	152.7294

	==================================================================================
	Q1:
		Shape: Hybrid
		q_c:	358.0	397.5	188.5
		ub :	367.9584	409.3807	200.7389
		lb :	348.0416	385.6193	176.2611
		P^-1:
			0.0257	-0.0052	0.0038
			-0.0052	0.0202	-0.0068
			0.0038	-0.0068	0.0214
		A:
			0.8326	0.5534	0.0211
			0.4925	-0.2061	0.8455
			0.9352	-0.2494	0.2512
			-0.6561	0.7391	-0.1525
			-0.377	-0.1634	0.9117
			-0.9221	-0.3202	-0.2172
		b:
			526.6915
			257.2435
			286.1555
			33.5137
			-23.7093
			-494.0688
	==================================================================================
	Q2:
		Shape: Polyhedra
		q_c:	363.5	388.5	186.5
		ub :	371.003	393.9004	192.7433
		lb :	355.997	383.0996	180.2567
		A:
			-0.1972	-0.9237	0.3286
			-0.2837	0.9274	0.2437
			-0.4858	0.8679	-0.1033
			-0.7762	0.5705	0.2686
			-0.4386	-0.0501	-0.8973
			0.4918	-0.7608	-0.4236
			0.802	0.4303	0.4143
			-0.4524	0.8905	-0.049
			-0.3899	-0.1482	0.9088
			-0.802	-0.4303	-0.4143
			0.4524	-0.8905	0.049
			0.3899	0.1482	-0.9088
		b:
			-365.5079
			305.6191
			143.8382
			-7.2048
			-341.0928
			-192.8528
			541.9576
			174.8602
			-25.803
			-529.9576
			-169.8602
			33.803
	==================================================================================
	Q3:
		Shape: Hybrid
		q_c:	359.5	399.0	177.0
		ub :	368.1014	408.1451	186.5188
		lb :	350.8986	389.8549	167.4812
		P^-1:
			0.0305	0.0153	0.0094
			0.0153	0.0451	0.0125
			0.0094	0.0125	0.0309
		A:
			-0.1767	-0.5009	-0.8473
			-0.0643	-0.6411	-0.7648
			0.7447	0.6578	-0.1126
			-0.0117	-0.1435	-0.9896
			0.8613	0.4747	0.181
			0.7453	0.1027	0.6587
		b:
			-410.3869
			-411.3334
			513.4053
			-232.6687
			534.0684
			428.9059
	==================================================================================
	Q4:
		Shape: Ellipse
		q_c:	345.0	375.0	175.0
		ub :	354.4709	383.827	184.9581
		lb :	335.5291	366.173	165.0419
		P^-1:
			0.0305	-0.0013	0.0049
			-0.0013	0.0324	0.0025
			0.0049	0.0025	0.0237
	==================================================================================
	Q5:
		Shape: Ellipse
		q_c:	350.5	382.5	175.5
		ub :	358.9949	390.5431	183.553
		lb :	342.0051	374.4569	167.447
		P^-1:
			0.0354	0.0036	0.0022
			0.0036	0.0372	-0.0012
			0.0022	-0.0012	0.0209
	==================================================================================
	Q6:
		Shape: Polyhedra
		q_c:	366.0	373.0	161.5
		ub :	373.3141	381.9013	170.2706
		lb :	358.6859	364.0987	152.7294
		A:
			0.2641	-0.964	-0.0317
			-0.9133	-0.3301	0.2386
			-0.5971	-0.7106	0.3722
			-0.8905	-0.295	0.3465
			-0.9909	0.0654	0.1179
			0.1	0.9485	-0.3006
			0.7857	0.5836	0.2052
			0.5964	-0.6265	-0.5017
			-0.1643	0.5166	-0.8403
			-0.7857	-0.5836	-0.2052
			-0.5964	0.6265	0.5017
			0.1643	-0.5166	0.8403
		b:
			-262.2929
			-414.5531
			-418.9555
			-375.4106
			-314.3681
			347.1712
			541.8856
			-90.4275
			2.8523
			-534.8856
			102.4275
			9.1477


===========================================================================================
===========================================================================================
S11:
	q_c:	20.0	164.0	59.0
	ub :	31.0894	176.3638	69.9805
	lb :	12.5116	158.1838	52.1049

	==================================================================================
	Q1:
		Shape: Hybrid
		q_c:	20.0	171.5	62.0
		ub :	24.6291	176.3638	67.3912
		lb :	15.3709	166.6362	56.6088
		P^-1:
			0.1092	0.0044	-0.0057
			0.0044	0.1009	0.0133
			-0.0057	0.0133	0.0937
		A:
			0.8501	0.3285	-0.4116
			-0.8026	0.5908	0.0817
			0.4113	-0.8901	-0.1962
			-0.6631	-0.7226	-0.1951
			0.0975	-0.1665	-0.9812
			-0.0376	0.8905	0.4534
		b:
			49.3714
			91.9643
			-154.9721
			-147.7819
			-85.7325
			181.6015
	==================================================================================
	Q2:
		Shape: Polyhedra
		q_c:	23.5	167.5	62.0
		ub :	26.8376	170.4837	65.3035
		lb :	20.1624	164.5163	58.6965
		A:
			0.3432	-0.1427	-0.9284
			-0.1212	0.5024	-0.8561
			-0.7743	0.4698	0.4239
			-0.1586	-0.9873	0.0067
			0.22	0.7894	-0.5731
			0.7213	-0.1157	0.6829
			0.4343	0.3623	0.8247
			-0.5424	0.8361	-0.0817
			-0.7192	-0.4119	0.5596
			-0.4343	-0.3623	-0.8247
			0.5424	-0.8361	0.0817
			0.7192	0.4119	-0.5596
		b:
			-71.1803
			30.2812
			88.508
			-166.8347
			103.7028
			42.1508
			124.5208
			123.7403
			-49.1931
			-119.5208
			-120.7403
			53.1931
	==================================================================================
	Q3:
		Shape: Hybrid
		q_c:	21.5	170.0	62.0
		ub :	26.9703	173.5844	67.6623
		lb :	16.0297	166.4156	56.3377
		P^-1:
			0.0727	-0.0118	0.0142
			-0.0118	0.2298	-0.0544
			0.0142	-0.0544	0.0917
		A:
			0.8515	0.5242	-0.0125
			0.0126	-0.6739	0.7388
			-0.2395	0.9523	-0.189
			-0.709	-0.331	0.6228
			-0.0293	-0.9429	-0.3318
			-0.2359	-0.6311	0.739
		b:
			109.0903
			-66.9552
			146.1568
			-30.2316
			-179.7047
			-64.7189
	==================================================================================
	Q4:
		Shape: Hybrid
		q_c:	24.5	168.5	54.0
		ub :	28.1148	172.0817	55.8951
		lb :	20.8852	164.9183	52.1049
		P^-1:
			0.199	-0.0414	0.1718
			-0.0414	0.2041	-0.1826
			0.1718	-0.1826	0.9169
		A:
			0.4091	-0.3572	0.8397
			0.4695	0.15	-0.8701
			-0.4045	0.911	-0.0806
			0.0489	-0.1901	0.9805
			-0.4116	-0.4932	-0.7664
			0.7699	-0.0667	0.6346
		b:
			-4.1568
			-8.9104
			141.0863
			22.6848
			-133.1587
			43.1272
	==================================================================================
	Q5:
		Shape: Polyhedra
		q_c:	25.5	164.0	64.0
		ub :	31.0894	169.8162	69.9805
		lb :	19.9106	158.1838	58.0195
		A:
			0.4519	0.5573	0.6966
			0.9786	0.1276	0.1612
			-0.4469	-0.7276	-0.5205
			0.9591	-0.2668	0.0948
			0.7865	0.5537	0.2737
			-0.0503	-0.4491	-0.8921
			0.7	0.689	0.1878
			0.637	-0.4835	-0.6004
			-0.3229	0.5399	-0.7773
			-0.7	-0.689	-0.1878
			-0.637	0.4835	0.6004
			0.3229	-0.5399	0.7773
		b:
			150.545
			59.3078
			-161.2233
			-9.5517
			130.9371
			-128.3601
			145.3641
			-97.4787
			34.5643
			-140.3641
			105.4787
			-26.5643
	==================================================================================
	Q6:
		Shape: Ellipse
		q_c:	15.5	162.0	59.5
		ub :	18.4884	165.0315	62.6667
		lb :	12.5116	158.9685	56.3333
		P^-1:
			0.2077	-0.0706	-0.0791
			-0.0706	0.323	0.0737
			-0.0791	0.0737	0.3237


===========================================================================================
===========================================================================================
S12:
	q_c:	127.0	364.5	499.0
	ub :	155.8233	398.2486	525.3301
	lb :	104.4111	337.842	478.5422

	==================================================================================
	Q1:
		Shape: Ellipse
		q_c:	129.0	365.0	490.0
		ub :	140.2803	373.5789	501.4578
		lb :	117.7197	356.4211	478.5422
		P^-1:
			0.017	0.0041	0.0035
			0.0041	0.0511	0.0192
			0.0035	0.0192	0.0278
	==================================================================================
	Q2:
		Shape: Ellipse
		q_c:	112.0	377.0	498.5
		ub :	118.8666	384.0935	504.4427
		lb :	105.1334	369.9065	492.5573
		P^-1:
			0.461	0.3134	0.3665
			0.3134	0.2626	0.2684
			0.3665	0.2684	0.3331
	==================================================================================
	Q3:
		Shape: Hybrid
		q_c:	133.5	358.0	503.0
		ub :	144.254	372.0803	517.2253
		lb :	122.746	343.9197	488.7747
		P^-1:
			0.0573	0.0065	0.0341
			0.0065	0.0103	0.0034
			0.0341	0.0034	0.0315
		A:
			0.8533	0.4399	-0.2798
			0.9296	0.1697	0.3273
			-0.5083	-0.2356	-0.8283
			-0.5739	-0.4968	-0.651
			0.8704	-0.1353	0.4734
			0.9218	0.148	0.3584
		b:
			137.7185
			352.1965
			-564.8301
			-577.771
			308.5188
			358.8321
	==================================================================================
	Q4:
		Shape: Polyhedra
		q_c:	144.0	378.5	505.0
		ub :	155.8233	388.7639	517.0416
		lb :	132.1767	368.2361	492.9584
		A:
			-0.6514	-0.0738	0.7551
			0.6191	0.6255	0.4748
			-0.3706	0.0354	-0.9281
			0.5036	0.3024	-0.8093
			-0.9743	0.193	-0.1158
			0.3848	0.4437	0.8094
			0.7149	0.2265	0.6616
			-0.6818	0.0156	0.7314
			0.1553	-0.9739	0.1655
			-0.7149	-0.2265	-0.6616
			0.6818	-0.0156	-0.7314
			-0.1553	0.9739	-0.1655
		b:
			268.5873
			572.3754
			-501.8083
			-212.737
			-118.2054
			638.6842
			528.7438
			286.0729
			-253.6647
			-516.7438
			-268.0729
			271.6647
	==================================================================================
	Q5:
		Shape: Polyhedra
		q_c:	119.5	383.0	512.0
		ub :	134.5889	398.2486	525.3301
		lb :	104.4111	367.7514	498.6699
		A:
			-0.095	0.4627	0.8814
			-0.6498	-0.7362	-0.1888
			0.4366	0.8623	0.2567
			0.6102	0.1275	0.7819
			-0.7687	-0.632	0.0983
			-0.1023	-0.9002	-0.4234
			0.1857	0.5155	0.8366
			-0.5406	0.7645	-0.351
			-0.8205	-0.3871	0.4207
			-0.1857	-0.5155	-0.8366
			0.5406	-0.7645	0.351
			0.8205	0.3871	-0.4207
		b:
			624.0162
			-447.6427
			522.1735
			530.0187
			-274.0336
			-565.8872
			654.4257
			58.9694
			-20.9236
			-641.4257
			-37.9694
			40.9236
	==================================================================================
	Q6:
		Shape: Hybrid
		q_c:	119.5	351.0	497.5
		ub :	130.8492	364.158	504.2538
		lb :	108.1508	337.842	490.7462
		P^-1:
			0.0398	0.0196	-0.019
			0.0196	0.0196	-0.0142
			-0.019	-0.0142	0.0628
		A:
			-0.7241	-0.6559	0.2132
			-0.2707	-0.1573	-0.9497
			0.1264	0.3852	-0.9141
			0.1025	0.2737	-0.9563
			0.6462	0.3338	-0.6863
			-0.7601	0.2263	-0.6091
		b:
			-207.5674
			-556.7932
			-301.6949
			-364.99
			-145.1687
			-308.4622


===========================================================================================
===========================================================================================
S13:
