3D_40_12_6_c                l = 3

===========================================================================================
===========================================================================================
S1:
	q_c:	83.0	326.0	239.5
	ub :	103.3505	341.7589	259.6758
	lb :	69.8919	310.5536	216.8435

	==================================================================================
	Q1:
		Shape: Ellipse
		q_c:	95.0	326.5	240.5
		ub :	99.027	328.8822	244.8309
		lb :	90.973	324.1178	236.1691
		P^-1:
			0.2899	0.0351	-0.1798
			0.0351	0.2623	-0.032
			-0.1798	-0.032	0.2047
	==================================================================================
	Q2:
		Shape: Polyhedra
		q_c:	77.5	317.0	237.0
		ub :	82.5705	323.4464	243.0257
		lb :	72.4295	310.5536	230.9743
		A:
			0.9916	0.0401	-0.1229
			0.2179	-0.264	-0.9396
			-0.0124	0.7693	0.6387
			-0.6579	-0.6596	-0.3635
			-0.8738	-0.3654	0.3207
			0.9289	-0.3184	0.1893
			0.4772	0.3395	0.8106
			-0.8667	0.0291	0.4981
			0.1455	-0.9402	0.3081
			-0.4772	-0.3395	-0.8106
			0.8667	-0.0291	-0.4981
			-0.1455	0.9402	-0.3081
		b:
			63.5383
			-286.1816
			398.4072
			-342.3609
			-104.1766
			19.7792
			340.2051
			63.1006
			-208.233
			-333.2051
			-57.1006
			219.233
	==================================================================================
	Q3:
		Shape: Polyhedra
		q_c:	74.0	323.0	249.5
		ub :	78.1081	331.7774	259.6758
		lb :	69.8919	314.2226	239.3242
		A:
			0.8502	-0.5163	-0.1029
			0.9534	-0.26	0.1532
			-0.8542	0.5197	-0.0174
			0.8897	-0.4533	-0.0537
			0.9175	-0.3882	0.0865
			-0.8792	0.4401	0.1825
			0.2259	0.9605	0.1625
			0.972	-0.2111	-0.1032
			-0.0648	0.1813	-0.9813
			-0.2259	-0.9605	-0.1625
			-0.972	0.2111	0.1032
			0.0648	-0.1813	0.9813
		b:
			-126.5338
			27.8442
			103.5131
			-91.2818
			-32.9901
			125.2628
			374.5107
			-20.0086
			-182.0674
			-360.5107
			24.0086
			200.0674
	==================================================================================
	Q4:
		Shape: Ellipse
		q_c:	88.5	335.0	236.0
		ub :	93.624	341.7589	242.1194
		lb :	83.376	328.2411	229.8806
		P^-1:
			0.0529	0.0067	-0.0127
			0.0067	0.05	-0.0312
			-0.0127	-0.0312	0.0907
	==================================================================================
	Q5:
		Shape: Ellipse
		q_c:	95.5	320.5	227.0
		ub :	103.3505	329.6836	237.1565
		lb :	87.6495	311.3164	216.8435
		P^-1:
			0.0449	0.0004	-0.0097
			0.0004	0.0237	-0.0002
			-0.0097	-0.0002	0.0281
	==================================================================================
	Q6:
		Shape: Hybrid
		q_c:	78.5	317.5	251.5
		ub :	83.277	323.1908	257.5551
		lb :	73.723	311.8092	245.4449
		P^-1:
			0.3069	-0.1854	-0.0114
			-0.1854	0.194	0.0003
			-0.0114	0.0003	0.0554
		A:
			0.4641	-0.8169	-0.3425
			-0.4603	0.8462	-0.2683
			0.121	0.963	-0.2409
			0.9516	-0.2966	-0.081
			0.6786	-0.5447	0.4927
			0.8837	-0.4572	-0.1001
		b:
			-307.2263
			166.6911
			257.603
			-38.609
			6.0205
			-100.0659


===========================================================================================
===========================================================================================
S2:
	q_c:	72.0	166.0	306.5
	ub :	98.8992	195.9249	325.2517
	lb :	45.7038	149.878	283.8907

	==================================================================================
	Q1:
		Shape: Polyhedra
		q_c:	66.0	163.0	316.0
		ub :	72.0227	173.1153	325.2517
		lb :	59.9773	152.8847	306.7483
		A:
			-0.1563	-0.1412	-0.9776
			-0.9617	-0.2735	-0.0182
			0.0795	-0.5451	-0.8346
			0.4641	0.19	0.8652
			-0.3203	-0.5502	-0.7712
			0.6734	-0.5665	-0.475
			0.4632	0.5516	0.6937
			-0.8784	0.1817	0.4421
			0.1178	-0.8141	0.5687
			-0.4632	-0.5516	-0.6937
			0.8784	-0.1817	-0.4421
			-0.1178	0.8141	-0.5687
		b:
			-337.061
			-110.0448
			-344.0153
			339.63
			-351.4689
			-193.4562
			342.6804
			115.3419
			64.2831
			-336.6804
			-107.3419
			-45.2831
	==================================================================================
	Q2:
		Shape: Hybrid
		q_c:	76.0	165.5	306.0
		ub :	87.4795	175.4455	317.2726
		lb :	64.5205	155.5545	294.7274
		P^-1:
			0.0245	-0.0065	0.0035
			-0.0065	0.0275	-0.0004
			0.0035	-0.0004	0.0153
		A:
			0.6293	-0.2064	0.7493
			-0.2378	-0.6812	-0.6924
			-0.9618	-0.1137	-0.2489
			0.3709	0.1235	0.9204
			-0.4335	0.7801	0.4511
			-0.0374	-0.9947	-0.0957
		b:
			246.9621
			-338.2272
			-164.2184
			335.1386
			237.8937
			-193.1973
	==================================================================================
	Q3:
		Shape: Hybrid
		q_c:	74.0	181.0	313.0
		ub :	82.7511	191.4714	319.7821
		lb :	65.2489	170.5286	306.2179
		P^-1:
			0.0324	0.0195	-0.0312
			0.0195	0.0527	-0.0876
			-0.0312	-0.0876	0.2037
		A:
			0.5738	-0.1622	0.8028
			0.6394	-0.0228	-0.7685
			0.418	0.0764	0.9052
			-0.3638	0.0678	0.929
			-0.362	-0.3312	0.8713
			0.517	0.5245	0.6765
		b:
			267.9356
			-192.9954
			331.983
			280.1854
			187.487
			350.987
	==================================================================================
	Q4:
		Shape: Hybrid
		q_c:	85.5	163.0	292.5
		ub :	98.8992	176.122	301.1093
		lb :	72.1008	149.878	283.8907
		P^-1:
			0.0174	-0.0084	0.0077
			-0.0084	0.0215	0.0099
			0.0077	0.0099	0.0451
		A:
			0.4021	-0.6501	-0.6448
			-0.0752	0.9797	0.1856
			0.0791	0.8135	0.5762
			-0.6029	0.5322	0.5943
			0.46	-0.3083	0.8326
			-0.96	0.28	0.001
		b:
			-257.1028
			213.0302
			312.1443
			213.0157
			235.6779
			-30.3301
	==================================================================================
	Q5:
		Shape: Polyhedra
		q_c:	57.0	161.5	299.5
		ub :	68.2962	170.2157	311.093
		lb :	45.7038	152.7843	287.907
		A:
			0.7524	-0.6493	-0.1106
			-0.896	0.3993	-0.1945
			-0.6251	-0.6609	-0.4153
			-0.1583	0.1355	0.9781
			-0.5833	-0.4954	0.6437
			-0.2976	-0.2592	-0.9188
			0.8668	0.0091	0.4987
			-0.413	0.5737	0.7074
			-0.2796	-0.819	0.501
			-0.8668	-0.0091	-0.4987
			0.413	-0.5737	-0.7074
			0.2796	0.819	-0.501
		b:
			-88.0652
			-37.2027
			-259.478
			312.4123
			85.7188
			-326.7079
			208.2197
			287.463
			7.8327
			-192.2197
			-274.463
			4.1673
	==================================================================================
	Q6:
		Shape: Polyhedra
		q_c:	57.5	182.0	304.5
		ub :	66.8583	195.9249	317.5297
		lb :	48.1417	168.0751	291.4703
		A:
			0.8126	0.2516	0.5258
			-0.4043	0.2436	-0.8816
			0.9188	-0.1212	0.3757
			-0.0131	-0.2091	-0.9778
			0.1691	0.8615	0.4788
			0.6207	-0.0727	-0.7807
			0.4795	0.3911	0.7855
			0.009	0.8929	-0.4501
			-0.8775	0.2229	0.4247
			-0.4795	-0.3911	-0.7855
			-0.009	-0.8929	0.4501
			0.8775	-0.2229	-0.4247
		b:
			259.2127
			-238.9004
			152.3099
			-329.5737
			320.4928
			-207.8841
			344.4553
			36.9772
			126.4233
			-331.4553
			-14.9772
			-112.4233


===========================================================================================
===========================================================================================
S3:
	q_c:	508.0	367.5	128.5
	ub :	523.0006	381.1865	147.942
	lb :	495.8908	346.1369	110.6478

	==================================================================================
	Q1:
		Shape: Polyhedra
		q_c:	509.0	374.5	130.5
		ub :	515.011	381.1865	138.1725
		lb :	502.989	367.8135	122.8275
		A:
			0.3265	0.9403	0.0963
			0.3089	0.7063	-0.6369
			-0.3848	-0.1771	0.9059
			-0.2607	0.6292	-0.7322
			-0.7918	0.4003	-0.4614
			0.5003	0.8615	-0.087
			0.9102	0.4138	0.0145
			0.3737	-0.8359	0.402
			0.1784	-0.3605	-0.9155
			-0.9102	-0.4138	-0.0145
			-0.3737	0.8359	-0.402
			-0.1784	0.3605	0.9155
		b:
			535.1138
			342.7645
			-137.7884
			11.2884
			-309.8691
			569.7128
			624.1793
			-67.4035
			-156.6535
			-616.1793
			73.4035
			170.6535
	==================================================================================
	Q2:
		Shape: Hybrid
		q_c:	514.0	370.5	124.0
		ub :	522.4037	378.2895	130.7931
		lb :	505.5963	362.7105	117.2069
		P^-1:
			0.0431	-0.0008	-0.0123
			-0.0008	0.04	0.0064
			-0.0123	0.0064	0.0525
		A:
			-0.3909	-0.444	-0.8063
			-0.4962	-0.6355	-0.5915
			0.3596	0.6565	-0.6631
			-0.5493	0.026	0.8352
			0.2818	0.0775	0.9563
			-0.3834	0.6517	0.6544
		b:
			-462.5106
			-560.9117
			348.6742
			-167.0863
			295.0396
			127.7585
	==================================================================================
	Q3:
		Shape: Hybrid
		q_c:	515.5	364.5	139.5
		ub :	520.787	368.1787	147.942
		lb :	510.213	360.8213	131.058
		P^-1:
			0.0687	0.0244	0.0059
			0.0244	0.1531	0.0061
			0.0059	0.0061	0.0164
		A:
			-0.234	0.9374	0.2578
			0.3181	-0.9419	-0.108
			-0.4461	-0.2224	-0.8669
			-0.0808	-0.9866	0.142
			0.2951	0.0783	0.9522
			0.3586	0.876	-0.3224
		b:
			259.2273
			-192.4945
			-426.4139
			-379.8009
			319.7529
			461.7806
	==================================================================================
	Q4:
		Shape: Polyhedra
		q_c:	508.0	372.0	117.5
		ub :	514.0663	378.9319	124.3522
		lb :	501.9337	365.0681	110.6478
		A:
			-0.8973	0.2956	-0.3277
			0.5083	0.0857	0.8569
			0.0068	-0.5659	0.8244
			0.6456	0.4206	-0.6374
			0.6198	0.7248	0.301
			0.8768	0.3329	0.3468
			0.2673	0.6216	0.7363
			-0.8959	-0.121	0.4274
			0.3548	-0.7739	0.5246
			-0.2673	-0.6216	-0.7363
			0.8959	0.121	-0.4274
			-0.3548	0.7739	-0.5246
		b:
			-379.4503
			394.9665
			-104.6912
			413.6419
			623.1094
			613.5005
			456.5557
			-446.4116
			-40.0545
			-450.5557
			453.4116
			52.0545
	==================================================================================
	Q5:
		Shape: Polyhedra
		q_c:	501.0	356.0	137.0
		ub :	506.1092	361.2803	142.452
		lb :	495.8908	350.7197	131.548
		A:
			-0.8094	0.0002	0.5873
			0.2171	-0.9632	0.1587
			-0.864	0.5027	0.0278
			0.9269	0.2195	-0.3044
			0.8904	0.3814	0.2484
			-0.46	-0.8837	-0.086
			0.7629	0.6117	0.2094
			-0.1026	-0.2052	0.9733
			0.6384	-0.764	-0.0938
			-0.7629	-0.6117	-0.2094
			0.1026	0.2052	-0.9733
			-0.6384	0.764	0.0938
		b:
			-321.1424
			-209.3679
			-247.3817
			504.6609
			619.8338
			-553.0313
			632.6521
			13.368
			37.4851
			-624.6521
			-4.368
			-32.4851
	==================================================================================
	Q6:
		Shape: Polyhedra
		q_c:	514.5	355.0	133.0
		ub :	523.0006	363.8631	141.027
		lb :	505.9994	346.1369	124.973
		A:
			-0.6273	0.1205	-0.7694
			0.1416	0.5896	-0.7952
			-0.681	-0.6495	-0.3381
			-0.0752	-0.3143	0.9463
			0.07	0.996	-0.0548
			-0.3049	-0.9507	-0.0558
			0.1613	0.8032	0.5734
			0.0113	0.5795	-0.8149
			-0.9868	0.1379	0.0844
			-0.1613	-0.8032	-0.5734
			-0.0113	-0.5795	0.8149
			0.9868	-0.1379	-0.0844
		b:
			-376.2814
			180.9894
			-619.1394
			-19.6905
			388.1268
			-495.7345
			450.8942
			107.6446
			-440.0481
			-437.8942
			-98.6446
			455.0481


===========================================================================================
===========================================================================================
S4:
	q_c:	443.5	256.0	490.0
	ub :	462.6917	274.7193	510.0277
	lb :	429.6555	236.4261	469.9768

	==================================================================================
	Q1:
		Shape: Ellipse
		q_c:	450.0	263.0	498.0
		ub :	457.3446	269.5459	504.622
		lb :	442.6554	256.4541	491.378
		P^-1:
			0.0546	-0.0015	-0.0098
			-0.0015	0.0498	0.004
			-0.0098	0.004	0.0475
	==================================================================================
	Q2:
		Shape: Polyhedra
		q_c:	453.5	251.5	481.0
		ub :	462.6917	259.3302	491.4324
		lb :	444.3083	243.6698	470.5676
		A:
			0.767	-0.6059	0.2113
			-0.6982	0.6908	-0.1879
			-0.6659	0.2414	0.7059
			0.6126	-0.7849	0.0933
			-0.4004	0.6638	-0.6317
			0.4064	-0.8562	-0.319
			0.4237	0.5463	0.7225
			-0.869	0.02	0.4945
			0.2557	-0.8373	0.4832
			-0.4237	-0.5463	-0.7225
			0.869	-0.02	-0.4945
			-0.2557	0.8373	-0.4832
		b:
			301.7595
			-228.7728
			104.1511
			129.7674
			-314.0842
			-178.7249
			685.0733
			-145.6897
			141.8003
			-669.0733
			156.6897
			-133.8003
	==================================================================================
	Q3:
		Shape: Hybrid
		q_c:	438.5	249.5	499.0
		ub :	447.3445	260.5434	510.0277
		lb :	429.6555	238.4566	487.9723
		P^-1:
			0.0277	-0.0077	-0.0055
			-0.0077	0.0275	0.0071
			-0.0055	0.0071	0.023
		A:
			-0.8064	0.3879	-0.4464
			0.856	0.1843	-0.483
			0.8475	-0.3598	0.3903
			-0.2076	0.6	0.7726
			-0.5084	0.861	-0.0125
			-0.9572	0.2191	0.1891
		b:
			-475.4046
			184.2889
			480.6917
			447.3014
			-11.0826
			-267.4533
	==================================================================================
	Q4:
		Shape: Hybrid
		q_c:	454.0	243.5	477.5
		ub :	459.0062	250.5739	485.0232
		lb :	448.9938	236.4261	469.9768
		P^-1:
			0.338	0.0992	0.1472
			0.0992	0.0806	0.0592
			0.1472	0.0592	0.0989
		A:
			-0.9998	-0.0153	0.0102
			0.8903	0.0283	0.4544
			-0.9935	-0.0406	-0.106
			-0.8384	0.4419	-0.3192
			0.8807	0.4569	0.1252
			-0.7715	0.4456	0.4541
		b:
			-450.5794
			629.3528
			-509.8293
			-422.6746
			572.6685
			-21.0017
	==================================================================================
	Q5:
		Shape: Polyhedra
		q_c:	439.0	250.5	480.5
		ub :	446.3387	258.7753	488.167
		lb :	431.6613	242.2247	472.833
		A:
			-0.5012	-0.511	-0.6984
			-0.9073	-0.0008	0.4204
			-0.3018	-0.4701	0.8294
			-0.6762	-0.382	0.6299
			0.1239	0.2308	0.9651
			-0.4433	0.3102	-0.841
			0.1158	0.7336	0.6696
			0.575	0.5002	-0.6474
			-0.8099	0.46	-0.3639
			-0.1158	-0.7336	-0.6696
			-0.575	-0.5002	0.6474
			0.8099	-0.46	0.3639
		b:
			-677.9039
			-192.1252
			151.3849
			-87.2194
			581.1337
			-515.24
			561.8489
			69.1433
			-408.694
			-550.8489
			-64.1433
			421.694
	==================================================================================
	Q6:
		Shape: Hybrid
		q_c:	445.0	266.0	493.5
		ub :	452.7171	274.7193	502.8445
		lb :	437.2829	257.2807	484.1555
		P^-1:
			0.0382	0.0033	0.0123
			0.0033	0.0213	0.0035
			0.0123	0.0035	0.0339
		A:
			0.4197	0.9033	-0.0889
			-0.4644	-0.5282	-0.7109
			-0.8762	0.4507	0.1707
			0.1974	-0.9433	-0.267
			0.314	0.2235	0.9227
			0.2885	0.6298	0.7211
		b:
			387.5335
			-695.1621
			-181.8504
			-290.2656
			657.3965
			655.0556


===========================================================================================
===========================================================================================
S5:
	q_c:	306.5	51.5	318.5
	ub :	316.4113	61.7883	326.7617
	lb :	299.0627	42.1581	313.5312

	==================================================================================
	Q1:
		Shape: Polyhedra
		q_c:	311.5	55.0	320.5
		ub :	316.4113	59.6078	324.6895
		lb :	306.5887	50.3922	316.3105
		A:
			0.1187	-0.1017	0.9877
			-0.7722	-0.467	-0.4308
			0.77	-0.6346	-0.0671
			-0.4811	-0.5437	-0.6877
			-0.9312	-0.007	0.3643
			0.5355	-0.6158	-0.5779
			0.5762	0.5641	0.5914
			0.5828	-0.7909	0.1867
			0.5731	0.2371	-0.7844
			-0.5762	-0.5641	-0.5914
			-0.5828	0.7909	-0.1867
			-0.5731	-0.2371	0.7844
		b:
			350.7052
			-402.1882
			186.8909
			-398.1467
			-170.6642
			-49.1685
			402.0593
			201.3562
			-56.8579
			-398.0593
			-194.3562
			62.8579
	==================================================================================
	Q2:
		Shape: Hybrid
		q_c:	305.0	46.5	321.0
		ub :	308.5827	50.8419	325.5178
		lb :	301.4173	42.1581	316.4822
		P^-1:
			0.1556	0.0095	0.0116
			0.0095	0.1112	0.0099
			0.0116	0.0099	0.0859
		A:
			0.8012	-0.2065	-0.5616
			-0.7165	0.6974	0.0173
			-0.6942	-0.0107	0.7197
			0.6799	-0.5656	0.4667
			0.2246	0.9745	0.0016
			0.1596	0.9841	-0.0782
		b:
			56.2632
			-178.9264
			20.7019
			332.6264
			116.012
			71.0942
	==================================================================================
	Q3:
		Shape: Ellipse
		q_c:	307.0	51.0	322.5
		ub :	311.8898	54.9199	326.7617
		lb :	302.1102	47.0801	318.2383
		P^-1:
			0.1861	0.2001	-0.2121
			0.2001	0.4647	-0.4063
			-0.2121	-0.4063	0.5124
	==================================================================================
	Q4:
		Shape: Hybrid
		q_c:	309.5	57.5	317.5
		ub :	312.7309	61.7883	321.4688
		lb :	306.2691	53.2117	313.5312
		P^-1:
			0.593	0.1946	-0.3978
			0.1946	0.1897	-0.1607
			-0.3978	-0.1607	0.4396
		A:
			-0.6861	-0.644	0.3384
			0.2948	-0.0303	-0.9551
			0.9712	-0.1907	0.1427
			-0.0261	0.6916	-0.7218
			0.771	0.1539	-0.6179
			-0.4832	-0.1426	0.8638
		b:
			-140.8614
			-212.248
			336.9595
			-195.569
			51.8635
			117.475
	==================================================================================
	Q5:
		Shape: Polyhedra
		q_c:	304.5	50.5	320.5
		ub :	309.9373	55.981	325.8131
		lb :	299.0627	45.019	315.1869
		A:
			0.5134	-0.8514	-0.1074
			-0.2761	-0.1739	0.9453
			-0.4183	0.7196	0.5543
			0.5245	-0.7306	0.4372
			-0.5108	0.8259	-0.2386
			0.0012	0.9471	0.3208
			0.437	0.3984	0.8064
			-0.7775	0.6181	0.1159
			-0.4523	-0.6776	0.5799
			-0.437	-0.3984	-0.8064
			0.7775	-0.6181	-0.1159
			0.4523	0.6776	-0.5799
		b:
			81.9628
			213.4586
			89.9672
			266.0529
			-187.3049
			154.4719
			415.6397
			-165.3732
			16.9261
			-407.6397
			171.3732
			-10.9261
	==================================================================================
	Q6:
		Shape: Hybrid
		q_c:	308.5	53.0	316.5
		ub :	311.1018	57.0689	318.9747
		lb :	305.8982	48.9311	314.0253
		P^-1:
			0.308	0.0094	-0.0888
			0.0094	0.0631	-0.0125
			-0.0888	-0.0125	0.3858
		A:
			-0.8788	0.1569	0.4506
			0.9642	0.2274	0.1367
			0.9637	-0.0083	-0.267
			0.0017	0.2701	-0.9628
			0.875	-0.0084	-0.4841
			0.7504	0.3837	-0.5383
		b:
			-119.1575
			354.0474
			213.3498
			-288.7785
			117.1688
			82.7388


===========================================================================================
===========================================================================================
S6:
	q_c:	138.0	303.5	261.0
	ub :	150.9424	318.7027	270.1719
	lb :	128.1673	287.8688	250.7926

	==================================================================================
	Q1:
		Shape: Polyhedra
		q_c:	148.0	305.0	254.0
		ub :	150.9424	308.3596	256.6532
		lb :	145.0576	301.6404	251.3468
		A:
			-0.6765	0.6518	-0.3428
			-0.6909	0.1521	-0.7068
			-0.2767	-0.4154	0.8666
			0.2566	-0.2021	0.9451
			0.3157	0.5134	0.7979
			0.0256	0.7364	-0.6761
			0.1935	0.9803	0.0382
			0.6512	-0.0992	-0.7524
			-0.7338	0.1705	-0.6576
			-0.1935	-0.9803	-0.0382
			-0.6512	0.0992	0.7524
			0.7338	-0.1705	0.6576
		b:
			13.4248
			-234.3761
			54.8628
			217.9931
			408.2081
			59.1258
			340.3574
			-122.4956
			-222.6316
			-334.3574
			127.4956
			224.6316
	==================================================================================
	Q2:
		Shape: Ellipse
		q_c:	138.5	307.0	261.0
		ub :	147.5609	314.6996	270.1719
		lb :	129.4391	299.3004	251.8281
		P^-1:
			0.0345	-0.0022	0.0018
			-0.0022	0.0364	-0.0027
			0.0018	-0.0027	0.0352
	==================================================================================
	Q3:
		Shape: Ellipse
		q_c:	133.5	304.0	257.0
		ub :	138.8327	309.7155	263.2074
		lb :	128.1673	298.2845	250.7926
		P^-1:
			0.0681	0.0046	0.0074
			0.0046	0.0801	-0.0025
			0.0074	-0.0025	0.0776
	==================================================================================
	Q4:
		Shape: Ellipse
		q_c:	143.5	309.0	261.0
		ub :	147.7146	313.294	265.4568
		lb :	139.2854	304.706	256.5432
		P^-1:
			0.126	-0.0127	0.0185
			-0.0127	0.1552	0.0069
			0.0185	0.0069	0.1499
	==================================================================================
	Q5:
		Shape: Polyhedra
		q_c:	135.5	315.0	261.5
		ub :	140.4554	318.7027	266.6127
		lb :	130.5446	311.2973	256.3873
		A:
			0.3146	-0.7687	0.5568
			0.7785	-0.2402	-0.5798
			0.4493	0.479	-0.7542
			-0.5932	0.8034	0.0516
			-0.3318	0.6518	-0.6819
			0.9807	0.1355	0.1407
			0.4551	0.4339	0.7775
			0.7665	0.2535	-0.5901
			-0.4531	0.8646	-0.2173
			-0.4551	-0.4339	-0.7775
			-0.7665	-0.2535	0.5901
			0.4531	-0.8646	0.2173
		b:
			-52.0007
			-118.5871
			17.8322
			187.9845
			-15.7677
			215.6702
			405.1848
			32.8928
			155.6197
			-398.1848
			-25.8928
			-152.6197
	==================================================================================
	Q6:
		Shape: Hybrid
		q_c:	135.5	295.0	261.5
		ub :	141.9925	302.1312	268.5383
		lb :	129.0075	287.8688	254.4617
		P^-1:
			0.0667	-0.0147	-0.0065
			-0.0147	0.0618	0.0055
			-0.0065	0.0055	0.0518
		A:
			-0.9571	0.1236	-0.262
			0.9848	-0.1715	0.0281
			-0.9458	-0.233	0.2264
			0.4526	0.8915	-0.0207
			-0.4857	0.2619	0.834
			0.7731	-0.0741	-0.63
		b:
			-159.4596
			92.2922
			-135.2906
			321.6083
			231.7608
			-79.681


===========================================================================================
===========================================================================================
S7:
	q_c:	449.0	327.0	452.0
	ub :	468.2227	335.6874	467.1741
	lb :	436.8102	312.6895	437.2521

	==================================================================================
	Q1:
		Shape: Ellipse
		q_c:	448.0	319.5	443.5
		ub :	454.9618	326.3105	448.476
		lb :	441.0382	312.6895	438.524
		P^-1:
			0.0422	-0.023	-0.0061
			-0.023	0.0682	-0.0036
			-0.0061	-0.0036	0.0807
	==================================================================================
	Q2:
		Shape: Polyhedra
		q_c:	457.0	324.0	461.0
		ub :	461.9816	330.6568	467.1741
		lb :	452.0184	317.3432	454.8259
		A:
			0.617	-0.2408	-0.7492
			0.9272	0.321	-0.1932
			0.5592	-0.1224	-0.82
			0.3295	-0.2911	-0.8982
			0.0381	0.6281	0.7772
			-0.3393	0.8334	0.4362
			0.7158	0.4938	0.4938
			0.151	-0.7998	0.581
			0.6818	-0.3413	-0.647
			-0.7158	-0.4938	-0.4938
			-0.151	0.7998	-0.581
			-0.6818	0.3413	0.647
		b:
			-139.298
			442.024
			-159.6903
			-355.2047
			582.4125
			319.2657
			718.7329
			82.7212
			-95.2741
			-710.7329
			-72.7212
			99.2741
	==================================================================================
	Q3:
		Shape: Hybrid
		q_c:	441.0	319.5	446.5
		ub :	445.1898	325.3118	452.5422
		lb :	436.8102	313.6882	440.4578
		P^-1:
			0.24	0.0733	-0.1174
			0.0733	0.2094	-0.1592
			-0.1174	-0.1592	0.1828
		A:
			0.6927	-0.6432	0.3261
			0.2251	0.8645	-0.4493
			0.8595	-0.4039	0.3132
			-0.9919	0.107	-0.0688
			-0.1914	-0.6015	0.7756
			0.4716	0.5451	-0.6931
		b:
			247.3109
			176.2146
			391.7956
			-432.0906
			70.9611
			73.5609
	==================================================================================
	Q4:
		Shape: Hybrid
		q_c:	460.0	327.5	444.5
		ub :	468.2227	332.6276	450.5591
		lb :	451.7773	322.3724	438.4409
		P^-1:
			0.0226	0.0083	0.0185
			0.0083	0.0922	0.0127
			0.0185	0.0127	0.0958
		A:
			0.1423	0.9585	-0.2472
			-0.1949	-0.2042	0.9593
			-0.4203	0.1664	-0.892
			0.2355	0.6222	0.7466
			-0.5524	-0.7746	-0.3079
			-0.804	-0.5144	-0.2981
		b:
			271.4968
			272.5828
			-533.2203
			645.4634
			-641.9812
			-666.7862
	==================================================================================
	Q5:
		Shape: Polyhedra
		q_c:	450.5	330.5	443.0
		ub :	458.3834	335.6874	448.7479
		lb :	442.6166	325.3126	437.2521
		A:
			0.3986	0.9016	0.1678
			0.4041	0.9065	0.1225
			-0.5257	-0.8115	-0.2551
			-0.1728	-0.8819	-0.4386
			0.0457	-0.5452	-0.8371
			0.1195	0.9816	-0.1488
			0.278	0.3293	0.9024
			-0.1137	0.9441	-0.3095
			-0.9538	-0.0165	0.2999
			-0.278	-0.3293	-0.9024
			0.1137	-0.9441	0.3095
			0.9538	0.0165	-0.2999
		b:
			556.3159
			540.3981
			-613.5828
			-560.0689
			-527.1693
			316.8721
			636.3229
			128.1939
			-295.3208
			-631.3229
			-119.1939
			309.3208
	==================================================================================
	Q6:
		Shape: Polyhedra
		q_c:	457.5	329.0	451.0
		ub :	463.5834	335.0871	455.955
		lb :	451.4166	322.9129	446.045
		A:
			-0.0217	-0.9967	0.0778
			-0.1471	0.1455	0.9784
			0.4759	-0.172	-0.8625
			0.1055	0.7326	0.6724
			0.0944	0.2289	0.9689
			-0.2915	-0.9336	-0.2084
			0.5554	0.3175	0.7686
			-0.6238	0.7703	0.1325
			-0.55	-0.5531	0.6258
			-0.5554	-0.3175	-0.7686
			0.6238	-0.7703	-0.1325
			0.55	0.5531	-0.6258
		b:
			-298.8143
			425.151
			-224.1456
			595.6571
			558.3647
			-530.9683
			707.6784
			31.8123
			-147.3216
			-702.6784
			-23.8123
			155.3216


===========================================================================================
===========================================================================================
S8:
	q_c:	154.5	34.0	29.0
	ub :	168.5216	45.9793	36.9049
	lb :	145.1529	23.4579	17.5083

	==================================================================================
	Q1:
		Shape: Hybrid
		q_c:	152.0	39.0	29.5
		ub :	158.8471	45.9793	36.9049
		lb :	145.1529	32.0207	22.0951
		P^-1:
			0.0674	0.0005	-0.0175
			0.0005	0.044	0.0055
			-0.0175	0.0055	0.0596
		A:
			-0.2104	0.5073	0.8357
			0.9081	0.4048	-0.1074
			0.5773	0.8052	-0.1352
			0.4691	-0.3553	-0.8085
			0.0369	0.3812	-0.9238
			-0.7945	0.054	0.6048
		b:
			14.7043
			152.8877
			117.851
			35.5523
			-4.0102
			-99.0667
	==================================================================================
	Q2:
		Shape: Polyhedra
		q_c:	155.0	37.0	32.5
		ub :	159.2832	41.2598	36.1023
		lb :	150.7168	32.7402	28.8977
		A:
			0.4153	-0.2801	0.8655
			0.2162	-0.2914	0.9319
			-0.8066	0.4358	0.3994
			-0.4052	0.7285	-0.5523
			0.6071	0.1756	0.775
			0.4449	-0.5302	0.7218
			0.2213	0.9678	0.1201
			0.933	-0.2459	0.2629
			0.2839	0.0539	-0.9573
			-0.2213	-0.9678	-0.1201
			-0.933	0.2459	-0.2629
			-0.2839	-0.0539	0.9573
		b:
			84.8863
			55.6761
			-93.0312
			-50.7368
			128.7207
			75.6979
			77.5067
			147.0537
			17.3928
			-70.5067
			-141.0537
			-12.3928
	==================================================================================
	Q3:
		Shape: Polyhedra
		q_c:	161.0	27.5	30.0
		ub :	164.6915	31.5421	33.6094
		lb :	157.3085	23.4579	26.3906
		A:
			0.7731	0.3529	-0.527
			-0.8988	0.0601	0.4343
			0.7229	-0.6805	0.1195
			-0.8584	-0.4997	-0.116
			0.0625	-0.668	-0.7415
			-0.8283	0.1435	-0.5416
			0.718	0.5111	0.4725
			0.6159	-0.1504	-0.7733
			-0.3242	0.8463	-0.4227
			-0.718	-0.5111	-0.4725
			-0.6159	0.1504	0.7733
			0.3242	-0.8463	0.4227
		b:
			120.2862
			-128.2629
			103.9894
			-153.0242
			-28.454
			-142.9629
			146.3308
			73.3274
			-38.6026
			-141.3308
			-70.3274
			44.6026
	==================================================================================
	Q4:
		Shape: Hybrid
		q_c:	157.5	33.0	30.5
		ub :	162.3475	38.3883	33.1718
		lb :	152.6525	27.6117	27.8282
		P^-1:
			0.168	-0.1062	-0.0011
			-0.1062	0.1427	-0.074
			-0.0011	-0.074	0.4237
		A:
			0.5479	0.3126	-0.776
			-0.8863	0.2157	0.4099
			-0.1276	-0.6144	0.7786
			0.4003	0.2013	-0.894
			-0.505	0.742	-0.441
			0.7518	-0.3716	-0.5447
		b:
			74.9375
			-118.2134
			-14.8247
			43.7302
			-67.2802
			90.7875
	==================================================================================
	Q5:
		Shape: Polyhedra
		q_c:	163.0	32.0	23.5
		ub :	168.5216	38.0924	29.4917
		lb :	157.4784	25.9076	17.5083
		A:
			0.5623	0.4517	-0.6927
			-0.7017	-0.2575	0.6643
			0.2703	-0.0507	-0.9614
			0.1028	0.9705	0.2183
			-0.5448	-0.603	-0.5827
			-0.8044	0.4467	-0.3916
			0.8162	0.429	0.3871
			-0.5768	0.5657	0.5893
			0.0338	-0.7042	0.7092
			-0.8162	-0.429	-0.3871
			0.5768	-0.5657	-0.5893
			-0.0338	0.7042	-0.7092
		b:
			93.3956
			-103.4992
			23.1022
			56.6414
			-117.4707
			-122.2163
			160.3609
			-59.0686
			3.1454
			-151.3609
			65.0686
			3.8546
	==================================================================================
	Q6:
		Shape: Hybrid
		q_c:	150.5	37.0	26.5
		ub :	155.0075	41.6254	31.3759
		lb :	145.9925	32.3746	21.6241
		P^-1:
			0.1398	-0.0071	-0.023
			-0.0071	0.1129	0.0057
			-0.023	0.0057	0.1296
		A:
			0.584	0.7748	-0.2421
			-0.4083	0.8929	0.19
			0.7869	0.5009	0.3605
			-0.1791	0.2181	0.9594
			-0.4683	0.8617	0.1953
			-0.7408	-0.1105	0.6626
		b:
			111.8052
			-21.8018
			148.2221
			8.0055
			-31.8579
			-96.7238


===========================================================================================
===========================================================================================
S9:
	q_c:	299.5	193.5	303.0
	ub :	309.9646	198.481	315.0924
	lb :	280.2555	179.2157	288.5526

	==================================================================================
	Q1:
		Shape: Polyhedra
		q_c:	287.5	189.5	296.0
		ub :	294.7445	194.5498	302.5432
		lb :	280.2555	184.4502	289.4568
		A:
			0.2847	-0.9417	-0.179
			0.2253	0.8918	-0.3923
			0.0185	-0.9767	0.2136
			0.8407	-0.0198	-0.5411
			-0.2843	-0.8655	-0.4123
			0.4119	0.4327	-0.802
			0.2176	0.6852	0.6951
			-0.2224	0.7282	-0.6482
			-0.9504	-0.0136	0.3108
			-0.2176	-0.6852	-0.6951
			0.2224	-0.7282	0.6482
			0.9504	0.0136	-0.3108
		b:
			-145.7873
			121.8225
			-112.773
			83.6591
			-364.5956
			-32.0476
			401.1471
			-113.8095
			-177.7997
			-395.1471
			121.8095
			189.7997
	==================================================================================
	Q2:
		Shape: Hybrid
		q_c:	306.5	188.0	291.5
		ub :	309.9646	192.4959	294.4474
		lb :	303.0354	183.5041	288.5526
		P^-1:
			0.157	-0.0167	-0.0005
			-0.0167	0.0656	-0.003
			-0.0005	-0.003	0.1599
		A:
			0.4957	0.6466	-0.5798
			-0.5646	-0.1901	0.8032
			-0.237	0.5232	-0.8186
			-0.1886	-0.3875	-0.9024
			-0.9908	-0.1336	-0.0201
			0.2091	-0.1225	-0.9702
		b:
			106.5773
			26.7326
			-211.2859
			-392.084
			-333.2465
			-240.4879
	==================================================================================
	Q3:
		Shape: Hybrid
		q_c:	292.0	193.0	299.5
		ub :	297.2524	197.6731	304.3565
		lb :	286.7476	188.3269	294.6435
		P^-1:
			0.0816	-0.0	-0.0
			-0.0	0.0816	0.0
			-0.0	0.0	0.0816
		A:
			-0.7645	0.6224	-0.1677
			0.5588	-0.8286	0.0338
			0.2438	-0.0487	0.9686
			-0.4861	-0.5672	0.6648
			0.8974	0.401	0.1842
			0.3797	-0.6586	0.6497
		b:
			-151.5934
			15.0979
			353.6453
			-50.5389
			396.339
			180.1003
	==================================================================================
	Q4:
		Shape: Polyhedra
		q_c:	301.0	184.5	309.5
		ub :	305.0139	189.7843	315.0924
		lb :	296.9861	179.2157	303.9076
		A:
			-0.5936	-0.7052	0.3877
			0.573	0.7142	0.4019
			0.4934	0.6423	-0.5865
			0.4408	0.5448	0.7133
			0.4619	0.8715	0.1648
			0.8496	-0.1566	-0.5036
			0.9514	0.2953	0.0878
			0.2168	-0.8441	0.4903
			0.2189	-0.4474	-0.8671
			-0.9514	-0.2953	-0.0878
			-0.2168	0.8441	-0.4903
			-0.2189	0.4474	0.8671
		b:
			-185.9964
			431.8993
			88.536
			457.7885
			353.9322
			74.5828
			370.5119
			64.274
			-280.5337
			-365.5119
			-58.274
			289.5337
	==================================================================================
	Q5:
		Shape: Polyhedra
		q_c:	296.0	192.5	301.5
		ub :	301.7362	198.481	308.0257
		lb :	290.2638	186.519	294.9743
		A:
			0.5266	-0.8485	-0.0516
			-0.719	-0.3731	0.5863
			-0.774	0.6331	0.0102
			-0.5909	0.5084	0.6264
			-0.5869	0.4478	0.6745
			-0.8768	0.0947	0.4714
			0.5638	0.458	0.6873
			0.2135	0.723	-0.657
			-0.7978	0.5172	0.3099
			-0.5638	-0.458	-0.6873
			-0.2135	-0.723	0.657
			0.7978	-0.5172	-0.3099
		b:
			-20.3269
			-104.9346
			-101.5062
			114.7908
			118.8689
			-96.5071
			467.7684
			7.3108
			-40.6728
			-456.7684
			-1.3108
			45.6728
	==================================================================================
	Q6:
		Shape: Hybrid
		q_c:	289.0	189.0	305.5
		ub :	295.1629	194.213	312.3998
		lb :	282.8371	183.787	298.6002
		P^-1:
			0.0717	0.0053	0.0185
			0.0053	0.0504	0.002
			0.0185	0.002	0.042
		A:
			0.2484	0.7997	0.5465
			-0.7196	-0.444	-0.5339
			-0.8683	-0.3691	-0.3314
			0.9233	-0.3838	-0.0103
			-0.0757	-0.9966	0.0329
			0.2356	0.9412	0.2423
		b:
			392.5265
			-453.068
			-420.1335
			193.5881
			-197.4665
			322.5512


===========================================================================================
===========================================================================================
S10:
	q_c:	127.0	364.5	499.0
	ub :	155.8233	398.2486	525.3301
	lb :	104.4111	337.842	478.5422

	==================================================================================
	Q1:
		Shape: Ellipse
		q_c:	129.0	365.0	490.0
		ub :	140.2803	373.5789	501.4578
		lb :	117.7197	356.4211	478.5422
		P^-1:
			0.017	0.0041	0.0035
			0.0041	0.0511	0.0192
			0.0035	0.0192	0.0278
	==================================================================================
	Q2:
		Shape: Ellipse
		q_c:	112.0	377.0	498.5
		ub :	118.8666	384.0935	504.4427
		lb :	105.1334	369.9065	492.5573
		P^-1:
			0.461	0.3134	0.3665
			0.3134	0.2626	0.2684
			0.3665	0.2684	0.3331
	==================================================================================
	Q3:
		Shape: Hybrid
		q_c:	133.5	358.0	503.0
		ub :	144.254	372.0803	517.2253
		lb :	122.746	343.9197	488.7747
		P^-1:
			0.0573	0.0065	0.0341
			0.0065	0.0103	0.0034
			0.0341	0.0034	0.0315
		A:
			0.8533	0.4399	-0.2798
			0.9296	0.1697	0.3273
			-0.5083	-0.2356	-0.8283
			-0.5739	-0.4968	-0.651
			0.8704	-0.1353	0.4734
			0.9218	0.148	0.3584
		b:
			137.7185
			352.1965
			-564.8301
			-577.771
			308.5188
			358.8321
	==================================================================================
	Q4:
		Shape: Polyhedra
		q_c:	144.0	378.5	505.0
		ub :	155.8233	388.7639	517.0416
		lb :	132.1767	368.2361	492.9584
		A:
			-0.6514	-0.0738	0.7551
			0.6191	0.6255	0.4748
			-0.3706	0.0354	-0.9281
			0.5036	0.3024	-0.8093
			-0.9743	0.193	-0.1158
			0.3848	0.4437	0.8094
			0.7149	0.2265	0.6616
			-0.6818	0.0156	0.7314
			0.1553	-0.9739	0.1655
			-0.7149	-0.2265	-0.6616
			0.6818	-0.0156	-0.7314
			-0.1553	0.9739	-0.1655
		b:
			268.5873
			572.3754
			-501.8083
			-212.737
			-118.2054
			638.6842
			528.7438
			286.0729
			-253.6647
			-516.7438
			-268.0729
			271.6647
	==================================================================================
	Q5:
		Shape: Polyhedra
		q_c:	119.5	383.0	512.0
		ub :	134.5889	398.2486	525.3301
		lb :	104.4111	367.7514	498.6699
		A:
			-0.095	0.4627	0.8814
			-0.6498	-0.7362	-0.1888
			0.4366	0.8623	0.2567
			0.6102	0.1275	0.7819
			-0.7687	-0.632	0.0983
			-0.1023	-0.9002	-0.4234
			0.1857	0.5155	0.8366
			-0.5406	0.7645	-0.351
			-0.8205	-0.3871	0.4207
			-0.1857	-0.5155	-0.8366
			0.5406	-0.7645	0.351
			0.8205	0.3871	-0.4207
		b:
			624.0162
			-447.6427
			522.1735
			530.0187
			-274.0336
			-565.8872
			654.4257
			58.9694
			-20.9236
			-641.4257
			-37.9694
			40.9236
	==================================================================================
	Q6:
		Shape: Hybrid
		q_c:	119.5	351.0	497.5
		ub :	130.8492	364.158	504.2538
		lb :	108.1508	337.842	490.7462
		P^-1:
			0.0398	0.0196	-0.019
			0.0196	0.0196	-0.0142
			-0.019	-0.0142	0.0628
		A:
			-0.7241	-0.6559	0.2132
			-0.2707	-0.1573	-0.9497
			0.1264	0.3852	-0.9141
			0.1025	0.2737	-0.9563
			0.6462	0.3338	-0.6863
			-0.7601	0.2263	-0.6091
		b:
			-207.5674
			-556.7932
			-301.6949
			-364.99
			-145.1687
			-308.4622


===========================================================================================
===========================================================================================
S11:
	q_c:	390.0	192.5	131.0
	ub :	410.6656	210.3234	150.8202
	lb :	373.3071	181.9314	116.5772

	==================================================================================
	Q1:
		Shape: Polyhedra
		q_c:	396.0	202.0	125.5
		ub :	403.5535	210.3234	134.4228
		lb :	388.4465	193.6766	116.5772
		A:
			0.5656	0.7804	-0.2665
			-0.1748	0.5579	0.8113
			-0.8523	-0.5056	-0.1337
			-0.8199	-0.3963	-0.4131
			-0.7605	-0.2662	0.5923
			0.6594	0.5066	-0.5554
			0.7882	0.1985	0.5825
			0.0359	-0.9598	0.2785
			0.6144	-0.1986	-0.7636
			-0.7882	-0.1985	-0.5825
			-0.0359	0.9598	-0.2785
			-0.6144	0.1986	0.7636
		b:
			354.258
			150.805
			-451.0926
			-451.4931
			-274.9811
			299.6147
			430.3312
			-138.1998
			112.8573
			-420.3312
			151.1998
			-101.8573
	==================================================================================
	Q2:
		Shape: Polyhedra
		q_c:	396.5	191.5	135.0
		ub :	402.4782	197.2486	137.7514
		lb :	390.5218	185.7514	132.2486
		A:
			0.7409	-0.6042	-0.2933
			-0.5949	0.6078	0.526
			0.6938	-0.3814	-0.6109
			0.6498	-0.095	-0.7542
			0.5196	-0.4718	-0.7123
			-0.2264	0.4522	0.8627
			0.7439	0.6634	0.0806
			0.6137	-0.6305	-0.4753
			-0.2645	0.403	-0.8761
			-0.7439	-0.6634	-0.0806
			-0.6137	0.6305	0.4753
			0.2645	-0.403	0.8761
		b:
			139.7877
			-47.4932
			121.3009
			140.2556
			20.6474
			115.1473
			439.3839
			59.4314
			-143.9684
			-426.3839
			-57.4314
			147.9684
	==================================================================================
	Q3:
		Shape: Polyhedra
		q_c:	400.5	192.5	141.0
		ub :	406.3777	202.0227	150.8202
		lb :	394.6223	182.9773	131.1798
		A:
			-0.2024	0.3843	-0.9008
			-0.804	-0.4698	-0.3644
			0.9876	-0.1283	-0.0909
			0.6901	0.7218	0.0524
			0.8694	0.4176	0.2639
			-0.6016	0.436	-0.6693
			0.0892	0.5506	0.83
			-0.9953	0.0817	0.0527
			-0.0388	-0.8307	0.5553
			-0.0892	-0.5506	-0.83
			0.9953	-0.0817	-0.0527
			0.0388	0.8307	-0.5553
		b:
			-127.6498
			-457.6714
			363.0275
			428.7973
			471.6723
			-245.4945
			266.2279
			-370.4433
			-91.158
			-251.2279
			380.4433
			103.158
	==================================================================================
	Q4:
		Shape: Hybrid
		q_c:	387.5	205.0	131.5
		ub :	392.8643	208.8855	137.2567
		lb :	382.1357	201.1145	125.7433
		P^-1:
			0.0755	-0.0002	-0.0126
			-0.0002	0.0816	-0.0005
			-0.0126	-0.0005	0.0555
		A:
			0.9244	0.3796	-0.0376
			-0.9199	-0.3119	0.2376
			-0.28	-0.8358	0.4722
			0.8293	-0.0378	-0.5576
			0.8003	0.4338	-0.4139
			-0.2615	-0.9339	0.2437
		b:
			432.9856
			-387.3824
			-215.8955
			242.0433
			346.382
			-258.9654
	==================================================================================
	Q5:
		Shape: Hybrid
		q_c:	401.0	198.0	126.5
		ub :	410.6656	206.3844	133.0328
		lb :	391.3344	189.6156	119.9672
		P^-1:
			0.0433	0.0643	-0.0695
			0.0643	0.1882	-0.1956
			-0.0695	-0.1956	0.2586
		A:
			-0.6471	-0.3588	-0.6727
			0.3533	0.7737	-0.5259
			-0.2907	-0.8673	0.4041
			0.2603	0.7559	-0.6007
			0.1466	0.535	-0.832
			0.2089	-0.5289	0.8226
		b:
			-410.3727
			229.8295
			-235.0086
			179.2161
			60.4581
			85.597
	==================================================================================
	Q6:
		Shape: Polyhedra
		q_c:	380.5	186.0	144.5
		ub :	387.6929	190.0686	150.1082
		lb :	373.3071	181.9314	138.8918
		A:
			-0.2031	-0.3184	0.926
			-0.3657	-0.4165	-0.8324
			0.4361	0.6524	0.6198
			-0.0736	-0.7721	-0.6313
			0.119	-0.9484	-0.2938
			-0.4559	-0.6041	-0.6536
			0.291	0.7465	0.5984
			-0.1884	0.6579	-0.7291
			-0.938	0.0994	0.3321
			-0.291	-0.7465	-0.5984
			0.1884	-0.6579	0.7291
			0.938	-0.0994	-0.3321
		b:
			1.5686
			-334.8996
			378.6064
			-260.7808
			-170.7718
			-378.4362
			337.5354
			-51.1767
			-283.9258
			-334.5354
			58.1767
			296.9258


===========================================================================================
===========================================================================================
S12:
	q_c:	469.0	476.5	447.5
	ub :	495.3398	498.7242	466.1343
	lb :	453.0767	449.6734	415.3011

	==================================================================================
	Q1:
		Shape: Ellipse
		q_c:	470.0	458.0	448.0
		ub :	476.7827	463.0116	455.381
		lb :	463.2173	452.9884	440.619
		P^-1:
			0.0982	-0.0382	-0.0431
			-0.0382	0.1153	0.0128
			-0.0431	0.0128	0.0559
	==================================================================================
	Q2:
		Shape: Polyhedra
		q_c:	485.0	464.5	451.5
		ub :	495.3398	471.876	460.9618
		lb :	474.6602	457.124	442.0382
		A:
			0.8779	0.43	-0.2105
			0.2677	-0.5308	0.8041
			-0.3773	0.0414	-0.9251
			0.1434	0.6353	-0.7588
			-0.0495	-0.1049	-0.9932
			0.1316	0.906	-0.4022
			0.5517	0.0847	0.8297
			-0.7223	0.5459	0.4245
			-0.417	-0.8336	0.3623
			-0.5517	-0.0847	-0.8297
			0.7223	-0.5459	-0.4245
			0.417	0.8336	-0.3623
		b:
			535.5667
			251.4489
			-575.5704
			26.0752
			-514.9002
			306.6436
			687.5418
			102.9061
			-422.8299
			-675.5418
			-86.9061
			428.8299
	==================================================================================
	Q3:
		Shape: Ellipse
		q_c:	462.5	458.5	435.0
