3D_40_10_6_e                l = 3

===========================================================================================
===========================================================================================
S1:
	q_c:    32.5000    408.5000    498.5000
	ub :    51.0000    428.0000    528.0000
	lb :    14.0000    389.0000    469.0000

	==================================================================================
	Q1:
		Shape: Polyhedra
		q_c:    33.5000    417.5000    500.5000
		ub :    43.4684    426.5854    509.4981
		lb :    23.5316    408.4146    491.5019
		A:
			    0.6986    -0.5044    -0.5075
			    0.8413    -0.4103    -0.3520
			    0.5872    -0.4942    -0.6411
			    0.4498    -0.3553    -0.8194
			    -0.2626    0.6973    -0.6669
			    0.2669    -0.2468    -0.9316
			    0.6517    0.2334    0.7216
			    -0.7108    -0.1440    0.6885
			    0.2646    -0.9617    0.0720
			    -0.6517    -0.2334    -0.7216
			    0.7108    0.1440    -0.6885
			    -0.2646    0.9617    -0.0720
		b:
			    -435.3125
			    -313.4356
			    -501.6936
			    -537.7081
			    -44.6976
			    -554.5308
			    487.4453
			    265.6587
			    -349.5924
			    -473.4453
			    -255.6587
			    363.5924
	==================================================================================
	Q2:
		Shape: Ellipse
		q_c:    22.5000    409.0000    509.0000
		ub :    33.2637    416.7434    518.3873
		lb :    11.7363    401.2566    499.6127
		P^-1: 
			    0.0288    -0.0275    0.0010
			    -0.0275    0.0673    0.0023
			    0.0010    0.0023    0.0198
	==================================================================================
	Q3:
		Shape: Hybrid
		q_c:    41.5000    397.0000    502.5000
		ub :    51.6147    405.9812    512.7087
		lb :    31.3853    388.0188    492.2913
		P^-1: 
			    0.0100    -0.0003    -0.0001
			    -0.0003    0.0257    0.0050
			    -0.0001    0.0050    0.0159
		A:
			    0.4185    0.7997    -0.4306
			    -0.6578    0.7315    0.1794
			    0.4811    0.7299    0.4856
			    -0.6349    -0.2530    -0.7300
			    0.0713    -0.7956    0.6016
			    0.4129    0.2911    0.8630
		b:
			    123.5680
			    358.1971
			    558.0136
			    -488.0033
			    -5.6236
			    571.3820
	==================================================================================
	Q4:
		Shape: Polyhedra
		q_c:    39.5000    421.0000    489.0000
		ub :    49.6912    431.5968    498.5198
		lb :    29.3088    410.4032    479.4802
		A:
			    -0.7242    0.6270    -0.2869
			    0.2444    0.8291    -0.5029
			    -0.5541    -0.6367    -0.5362
			    0.1617    0.3230    0.9325
			    -0.4900    -0.5581    0.6697
			    -0.5413    -0.6498    0.5336
			    0.3273    0.8246    0.4613
			    -0.1209    0.5208    -0.8451
			    -0.9371    0.2208    0.2702
			    -0.3273    -0.8246    -0.4613
			    0.1209    -0.5208    0.8451
			    0.9371    -0.2208    -0.2702
		b:
			    101.4732
			    118.5640
			    -544.2921
			    605.1294
			    78.9949
			    -27.7819
			    593.6960
			    -194.2840
			    195.5622
			    -577.6960
			    203.2840
			    -180.5622
	==================================================================================
	Q5:
		Shape: Ellipse
		q_c:    16.5000    416.5000    500.0000
		ub :    22.8482    423.1645    503.3200
		lb :    10.1518    409.8355    496.6800
		P^-1: 
			    0.0552    -0.0116    0.0061
			    -0.0116    0.0496    -0.0136
			    0.0061    -0.0136    0.1578
	==================================================================================
	Q6:
		Shape: Hybrid
		q_c:    43.5000    419.0000    502.0000
		ub :    50.9183    427.2843    507.5703
		lb :    36.0817    410.7157    496.4297
		P^-1: 
			    0.0783    0.0426    -0.0100
			    0.0426    0.0558    0.0143
			    -0.0100    0.0143    0.0765
		A:
			    -0.7265    -0.3753    0.5757
			    -0.6123    0.3692    0.6991
			    0.1815    0.9582    -0.2212
			    0.2688    0.7249    0.6342
			    0.4019    -0.3371    -0.8514
			    -0.9705    -0.2034    0.1298
		b:
			    101.8135
			    482.0412
			    302.4049
			    635.8845
			    -548.8017
			    -59.7828


===========================================================================================
===========================================================================================
S2:
	q_c:    248.5000    445.5000    254.0000
	ub :    262.0000    474.0000    278.0000
	lb :    235.0000    417.0000    230.0000

	==================================================================================
	Q1:
		Shape: Hybrid
		q_c:    251.5000    439.5000    243.5000
		ub :    257.0495    445.2470    249.5734
		lb :    245.9505    433.7530    237.4266
		P^-1: 
			    0.0871    -0.0166    -0.0171
			    -0.0166    0.0887    0.0028
			    -0.0171    0.0028    0.0795
		A:
			    0.9714    -0.2287    -0.0641
			    0.7934    0.2325    -0.5625
			    0.1881    0.9640    -0.1882
			    -0.8734    -0.4424    0.2035
			    0.8317    -0.5148    -0.2081
			    -0.3058    -0.9476    0.0923
		b:
			    130.0153
			    166.5664
			    427.1616
			    -362.4207
			    -66.1959
			    -468.8025
	==================================================================================
	Q2:
		Shape: Polyhedra
		q_c:    250.0000    454.0000    256.0000
		ub :    254.6913    457.5091    260.7323
		lb :    245.3087    450.4909    251.2677
		A:
			    0.2329    -0.9670    0.1032
			    -0.2684    -0.9486    -0.1674
			    0.6914    0.7225    -0.0037
			    -0.8323    -0.5442    0.1054
			    0.6108    -0.5769    -0.5423
			    0.1072    -0.9684    0.2250
			    0.5670    0.2440    0.7867
			    -0.5085    0.8551    0.1013
			    -0.6480    -0.4575    0.6089
			    -0.5670    -0.2440    -0.7867
			    0.5085    -0.8551    -0.1013
			    0.6480    0.4575    -0.6089
		b:
			    -352.6032
			    -538.0657
			    503.0094
			    -425.0198
			    -245.9711
			    -353.2715
			    457.4270
			    288.5158
			    -210.8322
			    -450.4270
			    -285.5158
			    216.8322
	==================================================================================
	Q3:
		Shape: Hybrid
		q_c:    255.5000    447.5000    254.0000
		ub :    260.1993    451.6856    258.9497
		lb :    250.8007    443.3144    249.0503
		P^-1: 
			    0.1001    0.0015    -0.0203
			    0.0015    0.0626    -0.0008
			    -0.0203    -0.0008    0.0735
		A:
			    -0.6834    0.4527    -0.5727
			    -0.4479    -0.4341    0.7816
			    0.3320    0.1300    -0.9343
			    0.4644    -0.6022    -0.6494
			    -0.5064    0.6502    0.5665
			    -0.5163    0.5958    0.6151
		b:
			    -115.1049
			    -108.2430
			    -92.3460
			    -313.7196
			    307.5086
			    292.9605
	==================================================================================
	Q4:
		Shape: Polyhedra
		q_c:    250.5000    438.5000    255.0000
		ub :    255.7713    443.5111    259.2444
		lb :    245.2287    433.4889    250.7556
		A:
			    -0.4651    -0.5544    -0.6901
			    0.0415    -0.7775    -0.6275
			    -0.8706    0.0399    -0.4904
			    0.5890    -0.2937    0.7529
			    0.3996    -0.3772    0.8355
			    -0.0656    0.9612    -0.2681
			    0.5377    0.3032    0.7867
			    -0.6224    -0.4867    0.6130
			    0.5688    -0.8192    -0.0730
			    -0.5377    -0.3032    -0.7867
			    0.6224    0.4867    -0.6130
			    -0.5688    0.8192    0.0730
		b:
			    -533.4903
			    -488.0135
			    -323.2486
			    213.2076
			    150.5088
			    340.0440
			    470.2653
			    -209.0347
			    -232.3749
			    -466.2653
			    217.0347
			    238.3749
	==================================================================================
	Q5:
		Shape: Ellipse
		q_c:    253.0000    441.5000    253.5000
		ub :    255.3681    445.1249    257.4021
		lb :    250.6319    437.8751    249.5979
		P^-1: 
			    0.4266    -0.0554    0.0483
			    -0.0554    0.1641    0.0080
			    0.0483    0.0080    0.1248
	==================================================================================
	Q6:
		Shape: Hybrid
		q_c:    252.5000    446.0000    254.0000
		ub :    257.5203    451.6858    259.7571
		lb :    247.4797    440.3142    248.2429
		P^-1: 
			    0.0746    -0.0145    -0.0152
			    -0.0145    0.0904    0.0087
			    -0.0152    0.0087    0.0903
		A:
			    0.4225    0.4686    -0.7758
			    -0.0523    0.9830    0.1761
			    0.1573    -0.9570    0.2437
			    0.9547    -0.2934    0.0503
			    -0.8234    0.4437    -0.3538
			    -0.9061    -0.0026    0.4231
		b:
			    120.5554
			    471.7452
			    -323.3327
			    125.0924
			    -97.7194
			    -120.4973


===========================================================================================
===========================================================================================
S3:
	q_c:    67.0000    274.5000    206.0000
	ub :    78.0000    295.0000    235.0000
	lb :    56.0000    254.0000    177.0000

	==================================================================================
	Q1:
		Shape: Polyhedra
		q_c:    66.5000    267.0000    205.0000
		ub :    74.3179    274.2293    212.9548
		lb :    58.6821    259.7707    197.0452
		A:
			    -0.8481    -0.5295    0.0200
			    -0.1985    -0.8423    -0.5011
			    -0.9397    0.1061    0.3250
			    -0.4320    -0.8207    -0.3739
			    0.4547    0.0812    0.8870
			    0.3351    0.8569    -0.3918
			    0.3415    0.7826    0.5205
			    -0.7044    -0.1536    0.6930
			    0.6223    -0.6033    0.4988
			    -0.3415    -0.7826    -0.5205
			    0.7044    0.1536    -0.6930
			    -0.6223    0.6033    -0.4988
		b:
			    -189.1667
			    -336.3146
			    37.0943
			    -320.0077
			    238.4683
			    175.3860
			    342.8651
			    58.7261
			    -12.4602
			    -333.8651
			    -49.7261
			    22.4602
	==================================================================================
	Q2:
		Shape: Polyhedra
		q_c:    74.5000    274.0000    201.5000
		ub :    78.4906    278.2173    205.7976
		lb :    70.5094    269.7827    197.2024
		A:
			    0.1075    0.8602    0.4986
			    0.7457    0.6048    -0.2797
			    0.8800    0.1194    -0.4596
			    -0.4728    -0.8542    -0.2165
			    -0.5390    -0.6215    0.5685
			    -0.6481    0.3966    -0.6502
			    0.5084    0.7481    0.4265
			    0.7158    -0.0917    -0.6923
			    -0.4787    0.6572    -0.5821
			    -0.5084    -0.7481    -0.4265
			    -0.7158    0.0917    0.6923
			    0.4787    -0.6572    0.5821
		b:
			    345.9285
			    166.6299
			    7.1996
			    -311.1550
			    -93.3487
			    -66.3283
			    330.2933
			    -109.7996
			    31.6269
			    -327.2933
			    112.7996
			    -22.6269
	==================================================================================
	Q3:
		Shape: Ellipse
		q_c:    74.5000    283.0000    204.0000
		ub :    80.8035    290.4096    211.1579
		lb :    68.1965    275.5904    196.8421
		P^-1: 
			    0.0682    -0.0158    -0.0038
			    -0.0158    0.0588    0.0080
			    -0.0038    0.0080    0.0440
	==================================================================================
	Q4:
		Shape: Polyhedra
		q_c:    68.5000    285.5000    206.5000
		ub :    74.2115    291.4501    212.0942
		lb :    62.7885    279.5499    200.9058
		A:
			    0.2225    0.7715    -0.5960
			    -0.3179    0.0223    -0.9478
			    -0.7632    -0.5421    -0.3517
			    -0.5062    0.6562    -0.5596
			    0.7209    -0.5378    0.4370
			    -0.2378    -0.7110    0.6618
			    0.8838    0.3745    0.2806
			    0.0337    -0.6489    0.7601
			    0.4667    -0.6623    -0.5861
			    -0.8838    -0.3745    -0.2806
			    -0.0337    0.6489    -0.7601
			    -0.4667    0.6623    0.5861
		b:
			    115.6179
			    -207.5759
			    -275.2005
			    40.3997
			    -10.2912
			    -79.4398
			    229.8954
			    -22.9928
			    -274.6475
			    -220.8954
			    28.9928
			    281.6475
	==================================================================================
	Q5:
		Shape: Ellipse
		q_c:    74.5000    271.0000    198.5000
		ub :    78.8864    276.6964    204.7089
		lb :    70.1136    265.3036    192.2911
		P^-1: 
			    0.0805    0.0034    -0.0048
			    0.0034    0.0712    0.0147
			    -0.0048    0.0147    0.0609
	==================================================================================
	Q6:
		Shape: Polyhedra
		q_c:    64.0000    280.5000    199.0000
		ub :    71.4783    287.2380    206.1302
		lb :    56.5217    273.7620    191.8698
		A:
			    0.8824    0.2169    0.4176
			    0.2142    -0.9108    0.3529
			    0.0451    -0.8698    -0.4914
			    -0.6735    0.5970    -0.4358
			    -0.8594    0.1835    -0.4772
			    -0.9898    -0.0068    0.1425
			    0.5373    0.7976    0.2742
			    0.7352    -0.2836    -0.6157
			    -0.4133    0.5324    -0.7388
			    -0.5373    -0.7976    -0.2742
			    -0.7352    0.2836    0.6157
			    0.4133    -0.5324    0.7388
		b:
			    204.5237
			    -167.5033
			    -334.5040
			    41.8072
			    -94.3452
			    -32.1974
			    316.6724
			    -150.0210
			    -20.1194
			    -308.6724
			    160.0210
			    28.1194


===========================================================================================
===========================================================================================
S4:
	q_c:    449.0000    250.0000    55.5000
	ub :    463.0000    279.0000    69.0000
	lb :    435.0000    221.0000    42.0000

	==================================================================================
	Q1:
		Shape: Ellipse
		q_c:    441.0000    254.5000    43.0000
		ub :    449.2170    265.0214    51.1350
		lb :    432.7830    243.9786    34.8650
		P^-1: 
			    0.2125    0.0151    -0.2028
			    0.0151    0.0328    -0.0465
			    -0.2028    -0.0465    0.2585
	==================================================================================
	Q2:
		Shape: Polyhedra
		q_c:    452.5000    257.5000    70.0000
		ub :    461.2270    265.8634    76.7802
		lb :    443.7730    249.1366    63.2198
		A:
			    -0.9589    0.0070    -0.2837
			    0.1598    0.5024    -0.8497
			    -0.7926    -0.5798    0.1884
			    0.4129    0.8855    -0.2132
			    -0.9088    -0.2721    0.3162
			    -0.3181    0.8256    -0.4660
			    0.4865    0.8227    0.2942
			    0.1777    0.2365    -0.9552
			    -0.8554    0.5170    -0.0312
			    -0.4865    -0.8227    -0.2942
			    -0.1777    -0.2365    0.9552
			    0.8554    -0.5170    0.0312
		b:
			    -445.9725
			    147.6848
			    -489.7507
			    404.7279
			    -453.5629
			    41.9325
			    457.0670
			    79.9651
			    -249.6260
			    -448.0670
			    -68.9651
			    262.6260
	==================================================================================
	Q3:
		Shape: Ellipse
		q_c:    460.0000    244.5000    62.5000
		ub :    469.1237    254.7032    71.1951
		lb :    450.8763    234.2968    53.8049
		P^-1: 
			    0.0324    -0.0020    0.0049
			    -0.0020    0.0282    0.0080
			    0.0049    0.0080    0.0329
	==================================================================================
	Q4:
		Shape: Polyhedra
		q_c:    440.0000    254.5000    69.0000
		ub :    447.8552    264.4179    79.3753
		lb :    432.1448    244.5821    58.6247
		A:
			    -0.1920    0.8246    0.5321
			    -0.1552    0.7695    0.6195
			    0.8302    -0.5034    -0.2395
			    -0.7678    0.5106    -0.3871
			    -0.2095    0.9777    0.0146
			    0.8892    -0.1695    0.4249
			    0.5386    0.6919    0.4808
			    0.1705    0.4694    -0.8664
			    -0.8251    0.5486    0.1349
			    -0.5386    -0.6919    -0.4808
			    -0.1705    -0.4694    0.8664
			    0.8251    -0.5486    -0.1349
		b:
			    166.9524
			    175.2810
			    225.2380
			    -229.0249
			    163.1959
			    382.5690
			    451.2562
			    143.1852
			    -209.6180
			    -441.2562
			    -126.1852
			    218.6180
	==================================================================================
	Q5:
		Shape: Hybrid
		q_c:    445.5000    234.0000    49.0000
		ub :    453.6238    240.6670    55.9846
		lb :    437.3762    227.3330    42.0154
		P^-1: 
			    0.0457    0.0019    0.0232
			    0.0019    0.0518    0.0115
			    0.0232    0.0115    0.0613
		A:
			    0.8962    -0.0575    -0.4400
			    -0.0771    -0.6301    -0.7727
			    0.0865    0.9343    0.3458
			    -0.2123    0.6620    -0.7188
			    0.0200    -0.2928    -0.9560
			    -0.7577    0.1024    -0.6445
		b:
			    368.3195
			    -217.4538
			    276.4972
			    27.9915
			    -103.8130
			    -343.1018
	==================================================================================
	Q6:
		Shape: Hybrid
		q_c:    449.5000    258.5000    64.0000
		ub :    456.7119    263.5988    70.2212
		lb :    442.2881    253.4012    57.7788
		P^-1: 
			    0.0507    -0.0106    -0.0208
			    -0.0106    0.0780    -0.0072
			    -0.0208    -0.0072    0.0676
		A:
			    -0.3260    0.8948    -0.3049
			    -0.2186    -0.9112    0.3493
			    -0.4423    0.8829    -0.1575
			    0.8886    -0.3843    -0.2505
			    -0.2134    0.9593    0.1850
			    0.2882    0.7931    -0.5365
		b:
			    67.0784
			    -309.5474
			    21.1980
			    286.3021
			    165.7277
			    302.0680


===========================================================================================
===========================================================================================
S5:
	q_c:    418.5000    315.0000    450.0000
	ub :    440.0000    325.0000    467.0000
	lb :    397.0000    305.0000    433.0000

	==================================================================================
	Q1:
		Shape: Ellipse
		q_c:    424.5000    307.5000    447.0000
		ub :    430.7469    312.7296    453.6582
		lb :    418.2531    302.2704    440.3418
		P^-1: 
			    0.1317    0.0582    -0.0712
			    0.0582    0.1451    -0.0624
			    -0.0712    -0.0624    0.0826
	==================================================================================
	Q2:
		Shape: Hybrid
		q_c:    411.5000    310.0000    451.0000
		ub :    418.8099    315.2558    456.0950
		lb :    404.1901    304.7442    445.9050
		P^-1: 
			    0.0587    -0.0075    -0.0852
			    -0.0075    0.0415    0.0161
			    -0.0852    0.0161    0.2102
		A:
			    -0.0949    0.1154    0.9888
			    0.1299    -0.3471    -0.9288
			    0.8241    0.3722    -0.4270
			    -0.6704    0.6353    0.3834
			    -0.4182    -0.1300    0.8990
			    -0.2665    0.2127    0.9401
		b:
			    444.5727
			    -471.0836
			    265.7407
			    97.4468
			    194.2812
			    381.5601
	==================================================================================
	Q3:
		Shape: Polyhedra
		q_c:    423.0000    312.0000    443.5000
		ub :    428.2560    315.1480    449.0211
		lb :    417.7440    308.8520    437.9789
		A:
			    -0.5680    0.0503    -0.8215
			    -0.6010    -0.7857    -0.1462
			    -0.0250    0.9645    -0.2628
			    -0.3051    0.9483    -0.0870
			    -0.8997    -0.2885    -0.3275
			    -0.0059    0.9984    0.0567
			    0.6406    0.6065    0.4710
			    -0.4817    0.7950    -0.3686
			    -0.5980    0.0093    0.8014
			    -0.6406    -0.6065    -0.4710
			    0.4817    -0.7950    0.3686
			    0.5980    -0.0093    -0.8014
		b:
			    -586.2803
			    -561.5986
			    176.0501
			    130.3624
			    -613.1828
			    336.3697
			    671.5713
			    -117.2123
			    109.8434
			    -666.5713
			    121.2123
			    -100.8434
	==================================================================================
	Q4:
		Shape: Ellipse
		q_c:    416.0000    309.5000    459.0000
		ub :    422.0254    315.9569    466.6366
		lb :    409.9746    303.0431    451.3634
		P^-1: 
			    0.1173    -0.0460    -0.0310
			    -0.0460    0.0805    0.0229
			    -0.0310    0.0229    0.0320
	==================================================================================
	Q5:
		Shape: Hybrid
		q_c:    410.5000    310.0000    456.0000
		ub :    418.0260    317.4705    460.1748
		lb :    402.9740    302.5295    451.8252
		P^-1: 
			    0.0940    0.0974    -0.2074
			    0.0974    0.2145    -0.3648
			    -0.2074    -0.3648    0.7592
		A:
			    0.3002    0.0211    -0.9537
			    -0.9828    -0.0058    -0.1845
			    0.1821    0.2548    -0.9497
			    0.1781    0.5307    -0.8286
			    0.4154    -0.9027    -0.1125
			    -0.1652    0.9078    -0.3856
		b:
			    -303.1463
			    -484.4776
			    -278.2977
			    -139.5374
			    -155.9841
			    41.1204
	==================================================================================
	Q6:
		Shape: Polyhedra
		q_c:    409.5000    323.0000    452.5000
		ub :    415.2546    328.5363    455.9199
		lb :    403.7454    317.4637    449.0801
		A:
			    0.4215    0.7622    -0.4913
			    0.6826    0.0001    0.7308
			    0.5809    0.0004    0.8140
			    0.1550    0.9386    -0.3081
			    -0.3929    0.2832    -0.8749
			    0.3408    0.7377    -0.5828
			    0.4836    0.6710    0.5620
			    -0.3111    -0.4684    0.8269
			    0.8181    -0.5748    -0.0178
			    -0.4836    -0.6710    -0.5620
			    0.3111    0.4684    -0.8269
			    -0.8181    0.5748    0.0178
		b:
			    198.7769
			    613.6288
			    609.5089
			    230.1040
			    -462.3490
			    116.3181
			    672.0921
			    97.4973
			    145.8206
			    -666.0921
			    -93.4973
			    -136.8206


===========================================================================================
===========================================================================================
S6:
	q_c:    436.5000    168.5000    302.0000
	ub :    451.0000    183.0000    305.0000
	lb :    422.0000    154.0000    299.0000

	==================================================================================
	Q1:
		Shape: Polyhedra
		q_c:    439.0000    169.0000    302.0000
		ub :    441.4419    171.6503    304.6582
		lb :    436.5581    166.3497    299.3418
		A:
			    -0.5998    -0.7498    -0.2792
			    -0.5836    -0.4462    0.6784
			    0.9871    0.0187    -0.1589
			    0.1211    -0.9527    0.2786
			    0.6290    -0.7770    -0.0251
			    -0.8000    0.1208    -0.5877
			    0.8967    0.4221    0.1337
			    0.3105    -0.8148    0.4896
			    0.3156    -0.3975    -0.8616
			    -0.8967    -0.4221    -0.1337
			    -0.3105    0.8148    -0.4896
			    -0.3156    0.3975    0.8616
		b:
			    -472.8043
			    -125.0308
			    390.1162
			    -22.1917
			    138.8987
			    -506.7399
			    506.8273
			    147.9999
			    -186.8601
			    -503.8273
			    -144.9999
			    190.8601
	==================================================================================
	Q2:
		Shape: Hybrid
		q_c:    440.5000    171.5000    300.5000
		ub :    442.7742    173.0425    302.3920
		lb :    438.2258    169.9575    298.6080
		P^-1: 
			    0.6394    0.2827    -0.7527
			    0.2827    2.4040    -1.5350
			    -0.7527    -1.5350    2.2066
		A:
			    0.1073    -0.8583    0.5018
			    -0.7251    -0.1536    0.6713
			    0.2142    0.8824    -0.4190
			    -0.1751    0.3481    0.9210
			    0.3025    -0.8908    0.3391
			    0.0267    0.8212    -0.5700
		b:
			    51.2620
			    -143.3814
			    120.1441
			    260.2660
			    82.9116
			    -18.3554
	==================================================================================
	Q3:
		Shape: Ellipse
		q_c:    438.5000    165.5000    303.5000
		ub :    440.8739    167.8837    305.6176
		lb :    436.1261    163.1163    301.3824
		P^-1: 
			    0.6725    0.3618    -0.0070
			    0.3618    0.5932    0.0712
			    -0.0070    0.0712    0.4287
	==================================================================================
	Q4:
		Shape: Ellipse
		q_c:    436.0000    170.0000    301.0000
		ub :    437.5171    171.6857    302.7294
		lb :    434.4829    168.3143    299.2706
		P^-1: 
			    2.4971    -1.4770    0.6122
			    -1.4770    1.7630    -0.8181
			    0.6122    -0.8181    1.1843
	==================================================================================
	Q5:
		Shape: Hybrid
		q_c:    438.0000    170.5000    301.5000
		ub :    440.8709    172.8554    304.4069
		lb :    435.1291    168.1446    298.5931
		P^-1: 
			    0.3322    0.0188    0.0942
			    0.0188    0.4413    -0.0157
			    0.0942    -0.0157    0.3654
		A:
			    0.6230    0.7816    -0.0300
			    -0.4171    0.0523    -0.9074
			    0.2096    0.9066    -0.3663
			    -0.6669    -0.4943    0.5576
			    0.5232    -0.4592    0.7179
			    0.1100    0.6648    0.7388
		b:
			    397.9432
			    -446.5487
			    136.6988
			    -207.2022
			    368.0831
			    385.1696
	==================================================================================
	Q6:
		Shape: Hybrid
		q_c:    439.5000    166.5000    301.5000
		ub :    441.3066    168.3232    303.1675
		lb :    437.6934    164.6768    299.8325
		P^-1: 
			    0.5275    0.1690    -0.1034
			    0.1690    0.9396    0.0370
			    -0.1034    0.0370    0.9774
		A:
			    0.1198    0.9898    -0.0772
			    -0.2768    0.0535    -0.9594
			    0.0797    -0.9958    0.0443
			    -0.2661    0.6551    -0.7072
			    -0.6503    -0.2528    -0.7164
			    0.7112    0.6969    -0.0923
		b:
			    194.7015
			    -401.3905
			    -116.8286
			    -220.3987
			    -543.1452
			    401.3918


===========================================================================================
===========================================================================================
S7:
	q_c:    495.5000    14.5000    278.5000
	ub :    507.0000    29.0000    310.0000
	lb :    484.0000    0.0000    247.0000

	==================================================================================
	Q1:
		Shape: Polyhedra
		q_c:    503.5000    11.5000    276.0000
		ub :    511.0503    19.1128    283.2130
		lb :    495.9497    3.8872    268.7870
		A:
			    -0.9816    0.0511    -0.1839
			    -0.9501    -0.3070    -0.0550
			    -0.7518    0.1769    -0.6352
			    -0.4640    -0.0529    -0.8842
			    -0.2847    -0.1959    0.9384
			    -0.2901    0.8762    -0.3849
			    0.6769    0.0886    0.7308
			    -0.5800    0.6755    0.4553
			    -0.4533    -0.7320    0.5086
			    -0.6769    -0.0886    -0.7308
			    0.5800    -0.6755    -0.4553
			    0.4533    0.7320    -0.5086
		b:
			    -540.2481
			    -493.0791
			    -548.4995
			    -475.0991
			    118.0009
			    -237.3599
			    546.5123
			    -152.5704
			    -91.7823
			    -540.5123
			    164.5704
			    100.7823
	==================================================================================
	Q2:
		Shape: Ellipse
		q_c:    507.0000    25.0000    283.5000
		ub :    515.8432    33.0040    293.4451
		lb :    498.1568    16.9960    273.5549
		P^-1: 
			    0.0349    0.0063    0.0144
			    0.0063    0.0397    -0.0020
			    0.0144    -0.0020    0.0325
	==================================================================================
	Q3:
		Shape: Polyhedra
		q_c:    487.0000    22.0000    276.0000
		ub :    496.4794    27.5895    285.7452
		lb :    477.5206    16.4105    266.2548
		A:
			    0.2809    -0.8758    0.3925
			    -0.0008    -0.8632    0.5049
			    0.0535    0.7314    0.6798
			    0.6036    -0.6501    0.4615
			    0.1186    0.9915    0.0536
			    -0.1011    0.9323    -0.3473
			    0.7696    0.3808    0.5126
			    -0.5420    -0.0348    0.8397
			    0.3376    -0.9240    0.1796
			    -0.7696    -0.3808    -0.5126
			    0.5420    0.0348    -0.8397
			    -0.3376    0.9240    -0.1796
		b:
			    229.6118
			    124.5993
			    235.4180
			    411.0589
			    98.4390
			    -120.6412
			    530.1292
			    -25.4811
			    197.1633
			    -519.1292
			    40.4811
			    -190.1633
	==================================================================================
	Q4:
		Shape: Polyhedra
		q_c:    488.5000    8.0000    289.0000
		ub :    494.4852    15.0757    296.2308
		lb :    482.5148    0.9243    281.7692
		A:
			    -0.4464    0.8189    0.3608
			    -0.9207    0.2905    0.2608
			    -0.3885    0.6412    0.6618
			    -0.6346    0.4980    0.5910
			    -0.5218    0.7350    0.4331
			    -0.4369    0.1845    0.8804
			    0.8255    0.2551    0.5035
			    -0.0841    -0.8266    0.5565
			    0.5581    -0.5018    -0.6608
			    -0.8255    -0.2551    -0.5035
			    0.0841    0.8266    -0.5565
			    -0.5581    0.5018    0.6608
		b:
			    -103.9420
			    -368.5933
			    9.2847
			    -132.6806
			    -120.9100
			    45.6409
			    555.8027
			    118.6511
			    80.1557
			    -545.8027
			    -107.6511
			    -75.1557
	==================================================================================
	Q5:
		Shape: Ellipse
		q_c:    503.5000    14.5000    279.0000
		ub :    509.3448    22.5271    287.2832
		lb :    497.6552    6.4729    270.7168
		P^-1: 
			    0.2799    0.0920    -0.1707
			    0.0920    0.0927    -0.0924
			    -0.1707    -0.0924    0.1500
	==================================================================================
	Q6:
		Shape: Ellipse
		q_c:    506.0000    8.5000    292.0000
		ub :    510.0237    13.5992    297.1248
		lb :    501.9763    3.4008    286.8752
		P^-1: 
			    0.1478    0.0042    0.0344
			    0.0042    0.0402    0.0015
			    0.0344    0.0015    0.0614


===========================================================================================
===========================================================================================
S8:
	q_c:    444.0000    197.5000    361.0000
	ub :    463.0000    223.0000    378.0000
	lb :    425.0000    172.0000    344.0000

	==================================================================================
	Q1:
		Shape: Ellipse
		q_c:    446.5000    195.0000    350.5000
		ub :    458.9211    207.5534    364.0095
		lb :    434.0789    182.4466    336.9905
		P^-1: 
			    0.0094    -0.0004    -0.0012
			    -0.0004    0.0113    0.0008
			    -0.0012    0.0008    0.0132
	==================================================================================
	Q2:
		Shape: Polyhedra
		q_c:    445.5000    211.0000    376.5000
		ub :    452.2035    226.3082    391.1453
		lb :    438.7965    195.6918    361.8547
		A:
			    0.9949    0.0478    0.0893
			    0.6547    0.2106    0.7260
			    -0.9011    0.2536    0.3517
			    -0.9953    0.0349    0.0902
			    -0.9985    -0.0340    -0.0431
			    0.7706    -0.6365    -0.0320
			    0.0881    0.5881    0.8040
			    -0.9728    0.2242    -0.0574
			    -0.2141    -0.7771    0.5919
			    -0.0881    -0.5881    -0.8040
			    0.9728    -0.2242    0.0574
			    0.2141    0.7771    -0.5919
		b:
			    491.3634
			    617.1619
			    -210.3135
			    -397.7243
			    -463.8288
			    202.6895
			    475.5301
			    -404.2094
			    -25.0029
			    -456.5301
			    411.2094
			    48.0029
	==================================================================================
	Q3:
		Shape: Hybrid
		q_c:    460.0000    187.5000    349.5000
		ub :    470.2403    200.0115    362.1669
		lb :    449.7597    174.9885    336.8331
		P^-1: 
			    0.0185    0.0007    -0.0009
			    0.0007    0.0173    -0.0020
			    -0.0009    -0.0020    0.0181
		A:
			    -0.2262    0.7642    -0.6040
			    -0.9446    -0.0977    -0.3133
			    -0.1742    0.0572    0.9831
			    0.9205    -0.3481    -0.1775
			    0.4355    -0.8794    0.1924
			    -0.6252    0.0183    -0.7802
		b:
			    -168.0666
			    -558.3379
			    278.1802
			    300.1049
			    106.7746
			    -552.7615
	==================================================================================
	Q4:
		Shape: Polyhedra
		q_c:    446.5000    191.0000    375.0000
		ub :    458.1543    199.3862    385.5861
		lb :    434.8457    182.6138    364.4139
		A:
			    0.0935    -0.9956    -0.0113
			    0.0082    0.5107    -0.8597
			    -0.2391    0.7521    -0.6142
			    0.8318    0.5357    -0.1457
			    -0.0882    -0.0566    0.9945
			    0.1797    -0.2916    -0.9395
			    0.5891    0.1567    0.7927
			    -0.7708    -0.1854    0.6095
			    0.2425    -0.9701    0.0116
			    -0.5891    -0.1567    -0.7927
			    0.7708    0.1854    -0.6095
			    -0.2425    0.9701    -0.0116
		b:
			    -146.6168
			    -214.0536
			    -186.8639
			    426.4370
			    330.2288
			    -320.4217
			    597.7424
			    -143.4926
			    -66.6867
			    -582.7424
			    158.4926
			    78.6867
	==================================================================================
	Q5:
		Shape: Ellipse
		q_c:    445.5000    216.5000    356.5000
		ub :    454.2261    223.5450    363.6174
		lb :    436.7739    209.4550    349.3826
		P^-1: 
			    0.0238    0.0060    0.0072
			    0.0060    0.0480    -0.0017
			    0.0072    -0.0017    0.0473
	==================================================================================
	Q6:
		Shape: Hybrid
		q_c:    453.5000    197.0000    351.5000
		ub :    462.9128    204.8603    358.3247
		lb :    444.0872    189.1397    344.6753
		P^-1: 
			    0.0300    0.0402    -0.0339
			    0.0402    0.2092    -0.2039
			    -0.0339    -0.2039    0.2561
		A:
			    0.7916    -0.1485    0.5927
			    0.0444    -0.8118    0.5822
			    0.0538    0.8798    -0.4723
			    0.1692    -0.3755    0.9112
			    -0.2658    0.7431    0.6141
			    -0.1568    -0.5304    -0.8331
		b:
			    542.9335
			    66.5791
			    33.6804
			    325.0609
			    247.8253
			    -463.4305


===========================================================================================
===========================================================================================
S9:
	q_c:    24.0000    304.0000    153.5000
	ub :    42.0000    321.0000    179.0000
	lb :    6.0000    287.0000    128.0000

	==================================================================================
	Q1:
		Shape: Hybrid
		q_c:    35.5000    318.0000    164.0000
		ub :    44.0200    330.9595    175.3485
		lb :    26.9800    305.0405    152.6515
		P^-1: 
			    0.1192    0.0634    0.0228
			    0.0634    0.0464    0.0076
			    0.0228    0.0076    0.0223
		A:
			    -0.0091    0.8921    -0.4517
			    0.7152    -0.0607    0.6963
			    -0.3465    -0.8903    -0.2956
			    -0.6664    -0.7442    -0.0462
			    0.5191    0.8523    -0.0647
			    0.6112    -0.0147    0.7913
		b:
			    216.0567
			    124.4666
			    -337.7499
			    -265.1341
			    282.9199
			    151.0999
	==================================================================================
	Q2:
		Shape: Ellipse
		q_c:    21.5000    290.0000    152.0000
		ub :    33.9236    302.3003    162.6706
		lb :    9.0764    277.6997    141.3294
		P^-1: 
			    0.0113    -0.0005    -0.0000
			    -0.0005    0.0121    0.0000
			    -0.0000    0.0000    0.0091
	==================================================================================
	Q3:
		Shape: Ellipse
		q_c:    31.0000    317.0000    146.0000
		ub :    38.5766    323.7108    153.7522
		lb :    23.4234    310.2892    138.2478
		P^-1: 
			    0.1108    -0.0391    -0.1082
			    -0.0391    0.0604    0.0323
			    -0.1082    0.0323    0.1438
	==================================================================================
	Q4:
		Shape: Polyhedra
		q_c:    37.5000    315.0000    159.0000
		ub :    45.0336    321.5351    165.9612
		lb :    29.9664    308.4649    152.0388
		A:
			    0.9692    -0.2328    0.0803
			    -0.9030    0.0905    -0.4201
			    0.7642    -0.4931    0.4157
			    0.5189    -0.6861    -0.5100
			    -0.6316    -0.5098    -0.5841
			    -0.0393    -0.0312    0.9987
			    0.5893    0.4236    0.6880
			    -0.6224    -0.3050    0.7208
			    0.5152    -0.8530    0.0840
			    -0.5893    -0.4236    -0.6880
			    0.6224    0.3050    -0.7208
			    -0.5152    0.8530    -0.0840
		b:
			    -19.9712
			    -67.2846
			    -56.4354
			    -273.8414
			    -271.6866
			    152.1959
			    270.4264
			    -0.7861
			    -232.5155
			    -259.4264
			    8.7861
			    239.5155
	==================================================================================
	Q5:
		Shape: Polyhedra
		q_c:    10.5000    295.5000    174.5000
		ub :    24.4355    309.0637    187.4141
		lb :    -3.4355    281.9363    161.5859
		A:
			    0.8154    -0.0807    -0.5732
			    -0.0130    0.6416    0.7669
			    -0.9551    0.1550    0.2524
			    -0.4428    0.3655    -0.8188
			    -0.7074    -0.1780    -0.6840
			    -0.9355    -0.1222    0.3315
			    0.6064    0.5204    0.6011
			    0.4437    -0.8489    0.2872
			    0.6598    0.0926    -0.7457
			    -0.6064    -0.5204    -0.6011
			    -0.4437    0.8489    -0.2872
			    -0.6598    -0.0926    0.7457
		b:
			    -108.9425
			    331.9755
			    87.2354
			    -30.3738
			    -169.8886
			    18.8743
			    274.5542
			    -186.5595
			    -89.8525
			    -255.5542
			    205.5595
			    101.8525
	==================================================================================
	Q6:
		Shape: Ellipse
		q_c:    30.0000    301.0000    145.0000
		ub :    45.1192    317.3334    162.5824
		lb :    14.8808    284.6666    127.4176
		P^-1: 
			    0.0221    -0.0124    -0.0033
			    -0.0124    0.0172    0.0027
			    -0.0033    0.0027    0.0077


===========================================================================================
===========================================================================================
S10:
	q_c:    398.0000    32.5000    55.0000
	ub :    428.0000    53.0000    72.0000
	lb :    368.0000    12.0000    38.0000

	==================================================================================
	Q1:
		Shape: Polyhedra
		q_c:    400.5000    50.5000    40.5000
		ub :    411.2741    61.5865    53.0239
		lb :    389.7259    39.4135    27.9761
		A:
			    0.6704    -0.1432    0.7280
			    -0.7120    -0.6106    0.3468
			    -0.5345    -0.8289    0.1650
			    -0.9079    -0.1855    -0.3759
			    0.9960    -0.0606    0.0660
			    0.6369    -0.6442    -0.4235
			    0.8110    0.5546    0.1860
			    0.4572    -0.7993    0.3899
			    0.3649    -0.2311    -0.9019
			    -0.8110    -0.5546    -0.1860
			    -0.4572    0.7993    -0.3899
			    -0.3649    0.2311    0.9019
		b:
			    297.9733
			    -295.8452
			    -243.5854
			    -382.9256
			    404.7964
			    214.2611
			    364.8633
			    166.5427
			    107.4450
			    -355.8633
			    -150.5427
			    -88.4450
	==================================================================================
	Q2:
		Shape: Polyhedra
		q_c:    400.5000    43.5000    47.5000
		ub :    412.4980    56.0902    61.0310
		lb :    388.5020    30.9098    33.9690
		A:
			    -0.8004    -0.2418    -0.5486
			    -0.2476    -0.3660    0.8971
			    -0.5137    0.1101    -0.8509
			    0.2723    -0.9485    0.1617
			    -0.4390    0.4965    0.7488
			    0.5138    0.2768    0.8120
			    0.8235    0.1068    0.5572
			    0.0784    0.9513    -0.2982
			    -0.5619    0.2893    0.7750
			    -0.8235    -0.1068    -0.5572
			    -0.0784    -0.9513    0.2982
			    0.5619    -0.2893    -0.7750
		b:
			    -348.5977
			    -63.8156
			    -232.8162
			    85.2151
			    -110.9928
			    264.7303
			    369.4103
			    68.6178
			    -168.1600
			    -352.4103
			    -48.6178
			    183.1600
	==================================================================================
	Q3:
		Shape: Ellipse
		q_c:    407.5000    37.5000    69.0000
		ub :    415.8958    45.3218    76.4342
		lb :    399.1042    29.6782    61.5658
		P^-1: 
			    0.0233    0.0054    -0.0045
			    0.0054    0.0563    0.0221
			    -0.0045    0.0221    0.0624
	==================================================================================
	Q4:
		Shape: Hybrid
		q_c:    408.0000    14.5000    63.0000
		ub :    415.9281    25.8928    73.9007
		lb :    400.0719    3.1072    52.0993
		P^-1: 
			    0.0396    -0.0026    -0.0023
			    -0.0026    0.0247    -0.0135
			    -0.0023    -0.0135    0.0281
		A:
			    0.2888    -0.7689    0.5705
			    -0.4223    -0.6454    -0.6364
			    0.8542    -0.2968    -0.4269
			    0.9486    0.2427    -0.2033
			    -0.7622    -0.3281    0.5580
			    -0.6622    -0.0045    -0.7493
		b:
			    145.2448
			    -215.5633
			    320.6280
			    380.3706
			    -278.0692
			    -313.3439
	==================================================================================
	Q5:
		Shape: Ellipse
