3D_45_20_6_c                l = 3

===========================================================================================
===========================================================================================
S1:
	q_c:    171.5000    316.0000    476.0000
	ub :    193.0000    335.0000    480.0000
	lb :    150.0000    297.0000    472.0000

	==================================================================================
	Q1:
		Shape: Hybrid
		q_c:    175.5000    316.0000    476.0000
		ub :    177.8400    318.5221    478.4857
		lb :    173.1600    313.4779    473.5143
		P^-1: 
			    0.5765    0.0624    -0.3666
			    0.0624    0.2619    -0.0701
			    -0.3666    -0.0701    0.6616
		A:
			    0.6047    0.7964    0.0081
			    0.6374    0.2181    -0.7391
			    0.3831    -0.7511    -0.5377
			    0.0530    -0.9198    0.3887
			    0.5256    -0.0273    -0.8503
			    -0.5457    -0.4792    0.6875
		b:
			    362.9765
			    -170.5097
			    -424.7828
			    -94.9229
			    -320.5568
			    80.7386
	==================================================================================
	Q2:
		Shape: Polyhedra
		q_c:    176.0000    314.5000    478.5000
		ub :    179.4514    317.6281    481.4730
		lb :    172.5486    311.3719    475.5270
		A:
			    -0.3981    -0.1519    0.9047
			    -0.9526    -0.2652    0.1491
			    0.3177    0.7215    -0.6153
			    0.8213    0.2753    -0.4996
			    -0.9971    -0.0485    0.0589
			    -0.6663    0.5730    -0.4771
			    0.8504    0.1333    0.5089
			    -0.4609    -0.2775    0.8429
			    0.2536    -0.9514    -0.1745
			    -0.8504    -0.1333    -0.5089
			    0.4609    0.2775    -0.8429
			    -0.2536    0.9514    0.1745
		b:
			    316.5741
			    -177.5849
			    -9.7748
			    -6.1265
			    -160.2806
			    -162.9253
			    437.6098
			    236.4603
			    -335.6148
			    -432.6098
			    -233.4603
			    340.6148
	==================================================================================
	Q3:
		Shape: Polyhedra
		q_c:    168.5000    319.0000    479.0000
		ub :    170.2558    321.3602    480.9106
		lb :    166.7442    316.6398    477.0894
		A:
			    0.3520    0.6698    0.6538
			    -0.0123    -0.3872    0.9219
			    -0.2442    -0.7896    -0.5629
			    -0.8200    0.3083    -0.4823
			    -0.7718    0.5716    -0.2786
			    -0.8442    -0.0884    -0.5286
			    0.8345    0.3337    0.4385
			    0.2049    -0.9266    0.3152
			    0.5115    -0.1732    -0.8417
			    -0.8345    -0.3337    -0.4385
			    -0.2049    0.9266    -0.3152
			    -0.5115    0.1732    0.8417
		b:
			    587.3112
			    317.4860
			    -561.3427
			    -269.3700
			    -79.4812
			    -422.5793
			    458.0867
			    -108.0771
			    -371.2217
			    -456.0867
			    112.0771
			    373.2217
	==================================================================================
	Q4:
		Shape: Ellipse
		q_c:    175.5000    315.0000    479.0000
		ub :    177.8223    317.1174    480.8543
		lb :    173.1777    312.8826    477.1457
		P^-1: 
			    0.4841    -0.2816    -0.2037
			    -0.2816    0.8463    -0.1112
			    -0.2037    -0.1112    0.9196
	==================================================================================
	Q5:
		Shape: Ellipse
		q_c:    172.5000    313.5000    474.0000
		ub :    176.0758    316.7557    477.6172
		lb :    168.9242    310.2443    470.3828
		P^-1: 
			    0.2940    -0.1168    -0.0503
			    -0.1168    0.3537    -0.0421
			    -0.0503    -0.0421    0.1578
	==================================================================================
	Q6:
		Shape: Ellipse
		q_c:    174.0000    320.0000    478.0000
		ub :    176.3419    322.2154    479.6140
		lb :    171.6581    317.7846    476.3860
		P^-1: 
			    0.2644    0.0502    0.0108
			    0.0502    0.4987    -0.1854
			    0.0108    -0.1854    0.9314


===========================================================================================
===========================================================================================
S2:
	q_c:    521.0000    430.5000    485.5000
	ub :    541.0000    460.0000    491.0000
	lb :    501.0000    401.0000    480.0000

	==================================================================================
	Q1:
		Shape: Polyhedra
		q_c:    525.5000    430.0000    488.0000
		ub :    529.7465    433.4323    491.4530
		lb :    521.2535    426.5677    484.5470
		A:
			    -0.1132    0.7849    0.6092
			    -0.8260    -0.2301    0.5146
			    0.2344    0.4555    -0.8588
			    0.4997    -0.8580    0.1193
			    0.9927    0.0877    0.0833
			    -0.1655    -0.4110    -0.8965
			    0.2522    0.9575    0.1403
			    0.5451    -0.0208    -0.8381
			    -0.7995    0.2878    -0.5272
			    -0.2522    -0.9575    -0.1403
			    -0.5451    0.0208    0.8381
			    0.7995    -0.2878    0.5272
		b:
			    577.5071
			    -279.8738
			    -97.9389
			    -45.1010
			    603.0486
			    -698.7800
			    615.1872
			    -129.9731
			    -550.1456
			    -610.1872
			    132.9731
			    557.1456
	==================================================================================
	Q2:
		Shape: Polyhedra
		q_c:    521.5000    429.0000    482.5000
		ub :    524.7997    431.6212    485.1374
		lb :    518.2003    426.3788    479.8626
		A:
			    -0.7037    -0.3914    -0.5930
			    -0.0125    -0.7677    -0.6407
			    -0.9059    -0.0850    -0.4148
			    0.0360    -0.6823    -0.7302
			    0.1967    0.0615    0.9785
			    -0.7052    -0.5970    -0.3825
			    0.4911    0.1482    0.8584
			    -0.8396    -0.1819    0.5118
			    0.2320    -0.9721    0.0351
			    -0.4911    -0.1482    -0.8584
			    0.8396    0.1819    -0.5118
			    -0.2320    0.9721    -0.0351
		b:
			    -819.3105
			    -643.1771
			    -707.1797
			    -624.4398
			    602.7363
			    -806.5324
			    735.3880
			    -266.4250
			    -277.1009
			    -732.3880
			    271.4250
			    281.1009
	==================================================================================
	Q3:
		Shape: Polyhedra
		q_c:    521.0000    435.5000    484.0000
		ub :    524.2811    439.1924    487.4584
		lb :    517.7189    431.8076    480.5416
		A:
			    -0.8423    0.5294    -0.1017
			    0.5823    0.6605    -0.4740
			    -0.4805    -0.6014    0.6383
			    -0.4512    -0.2095    0.8675
			    -0.6331    -0.2999    0.7136
			    -0.9574    -0.2766    0.0829
			    0.7696    0.6174    0.1630
			    0.6008    -0.6139    -0.5121
			    -0.2161    0.4920    -0.8434
			    -0.7696    -0.6174    -0.1630
			    -0.6008    0.6139    0.5121
			    0.2161    -0.4920    0.8434
		b:
			    -255.3699
			    363.8285
			    -201.0199
			    95.8487
			    -112.8834
			    -577.1407
			    750.7004
			    -200.1441
			    -304.0009
			    -746.7004
			    204.1441
			    309.0009
	==================================================================================
	Q4:
		Shape: Ellipse
		q_c:    523.5000    432.5000    481.5000
		ub :    526.1527    435.0997    484.2791
		lb :    520.8473    429.9003    478.7209
		P^-1: 
			    0.4914    -0.0988    -0.3983
			    -0.0988    0.2710    0.0920
			    -0.3983    0.0920    0.6476
	==================================================================================
	Q5:
		Shape: Ellipse
		q_c:    525.0000    428.5000    490.5000
		ub :    527.8877    430.0703    493.4288
		lb :    522.1123    426.9297    487.5712
		P^-1: 
			    0.2729    -0.1258    0.0283
			    -0.1258    0.9421    -0.1557
			    0.0283    -0.1557    0.2850
	==================================================================================
	Q6:
		Shape: Ellipse
		q_c:    524.5000    433.0000    486.0000
		ub :    526.6513    434.6883    488.2126
		lb :    522.3487    431.3117    483.7874
		P^-1: 
			    0.4444    -0.0000    -0.0000
			    -0.0000    0.4444    0.0000
			    -0.0000    0.0000    0.4444


===========================================================================================
===========================================================================================
S3:
	q_c:    168.0000    100.5000    240.0000
	ub :    195.0000    114.0000    253.0000
	lb :    141.0000    87.0000    227.0000

	==================================================================================
	Q1:
		Shape: Ellipse
		q_c:    156.0000    106.5000    230.0000
		ub :    166.2029    116.7287    238.6907
		lb :    145.7971    96.2713    221.3093
		P^-1: 
			    0.0269    0.0053    -0.0027
			    0.0053    0.0255    -0.0057
			    -0.0027    -0.0057    0.0357
	==================================================================================
	Q2:
		Shape: Hybrid
		q_c:    164.5000    114.0000    236.5000
		ub :    168.7153    118.4067    241.2100
		lb :    160.2847    109.5933    231.7900
		P^-1: 
			    0.1526    0.0200    -0.0114
			    0.0200    0.1066    0.0306
			    -0.0114    0.0306    0.1425
		A:
			    -0.3258    0.7720    0.5457
			    -0.1338    -0.7042    -0.6973
			    0.2589    0.0021    -0.9659
			    0.1083    -0.5007    -0.8588
			    -0.8492    -0.4412    -0.2902
			    0.5756    -0.0045    -0.8177
		b:
			    164.9858
			    -265.8942
			    -184.2031
			    -241.1163
			    -257.3619
			    -97.9237
	==================================================================================
	Q3:
		Shape: Ellipse
		q_c:    176.5000    88.0000    232.0000
		ub :    183.6728    93.8163    237.9125
		lb :    169.3272    82.1837    226.0875
		P^-1: 
			    0.0314    -0.0174    -0.0177
			    -0.0174    0.0939    0.0108
			    -0.0177    0.0108    0.0911
	==================================================================================
	Q4:
		Shape: Polyhedra
		q_c:    178.0000    98.0000    230.0000
		ub :    186.0494    106.3520    237.4099
		lb :    169.9506    89.6480    222.5901
		A:
			    -0.1240    0.7979    -0.5900
			    0.8851    0.3937    0.2481
			    -0.1175    0.4959    0.8604
			    0.3024    0.7300    -0.6129
			    -0.3298    -0.3399    0.8808
			    -0.0439    0.8476    0.5288
			    0.5909    0.4626    0.6610
			    -0.3936    -0.5499    0.7367
			    0.7043    -0.6954    -0.1428
			    -0.5909    -0.4626    -0.6610
			    0.3936    0.5499    -0.7367
			    -0.7043    0.6954    0.1428
		b:
			    -74.2314
			    257.5563
			    230.1739
			    -10.1326
			    115.9915
			    201.3910
			    306.5313
			    50.9931
			    29.3559
			    -298.5313
			    -39.9931
			    -19.3559
	==================================================================================
	Q5:
		Shape: Polyhedra
		q_c:    159.5000    97.5000    233.0000
		ub :    168.4212    108.3354    243.2522
		lb :    150.5788    86.6646    222.7478
		A:
			    -0.0492    -0.9417    0.3327
			    0.0793    0.4209    -0.9036
			    -0.3617    -0.8338    0.4172
			    -0.2377    0.9696    -0.0575
			    0.0799    -0.7520    0.6543
			    0.8802    0.2619    -0.3959
			    0.1747    0.5632    0.8077
			    -0.6809    0.6616    -0.3141
			    -0.7113    -0.4951    0.4990
			    -0.1747    -0.5632    -0.8077
			    0.6809    -0.6616    0.3141
			    0.7113    0.4951    -0.4990
		b:
			    -16.2366
			    -151.0459
			    -36.8934
			    50.0656
			    97.8334
			    78.0335
			    278.4567
			    -110.2713
			    -41.4466
			    -263.4567
			    124.2713
			    49.4466
	==================================================================================
	Q6:
		Shape: Hybrid
		q_c:    160.5000    110.0000    239.5000
		ub :    171.1486    117.8918    250.1657
		lb :    149.8514    102.1082    228.8343
		P^-1: 
			    0.0263    0.0065    0.0150
			    0.0065    0.0376    0.0043
			    0.0150    0.0043    0.0324
		A:
			    -0.1393    0.4250    0.8944
			    -0.2348    -0.9050    0.3546
			    0.8194    -0.1862    0.5421
			    0.1803    -0.3734    0.9100
			    -0.0672    0.8545    0.5151
			    0.1345    0.2238    0.9653
		b:
			    243.1155
			    -48.8474
			    244.0866
			    209.3900
			    210.0932
			    281.0322


===========================================================================================
===========================================================================================
S4:
	q_c:    178.0000    28.5000    490.0000
	ub :    193.0000    57.0000    517.0000
	lb :    163.0000    0.0000    463.0000

	==================================================================================
	Q1:
		Shape: Hybrid
		q_c:    188.0000    37.5000    481.5000
		ub :    200.2417    49.1366    491.1099
		lb :    175.7583    25.8634    471.8901
		P^-1: 
			    0.0209    -0.0029    -0.0044
			    -0.0029    0.0172    0.0023
			    -0.0044    0.0023    0.0231
		A:
			    0.4274    -0.6574    -0.6206
			    0.6818    0.0625    0.7289
			    -0.0604    -0.2633    -0.9628
			    -0.2626    0.5257    -0.8091
			    -0.3669    0.9032    -0.2227
			    -0.4461    -0.5170    -0.7306
		b:
			    -239.7748
			    486.0362
			    -481.0820
			    -414.7824
			    -137.8433
			    -450.5301
	==================================================================================
	Q2:
		Shape: Ellipse
		q_c:    183.5000    29.5000    504.0000
		ub :    189.6653    38.0984    512.6602
		lb :    177.3347    20.9016    495.3398
		P^-1: 
			    0.0889    -0.0298    -0.0190
			    -0.0298    0.0457    0.0128
			    -0.0190    0.0128    0.0373
	==================================================================================
	Q3:
		Shape: Ellipse
		q_c:    175.5000    31.0000    483.0000
		ub :    187.0806    43.2990    492.9852
		lb :    163.9194    18.7010    473.0148
		P^-1: 
			    0.0197    0.0044    0.0016
			    0.0044    0.0186    -0.0015
			    0.0016    -0.0015    0.0196
	==================================================================================
	Q4:
		Shape: Polyhedra
		q_c:    167.5000    29.0000    501.0000
		ub :    174.6209    37.2230    509.5978
		lb :    160.3791    20.7770    492.4022
		A:
			    0.6963    0.3993    0.5964
			    -0.7624    0.5982    0.2468
			    -0.6950    -0.6290    -0.3483
			    0.6858    -0.6981    0.2056
			    -0.3940    0.8139    0.4270
			    -0.8350    0.3532    0.4220
			    0.1933    0.4533    0.8701
			    -0.7136    0.6736    -0.1924
			    -0.6733    -0.5837    0.4537
			    -0.1933    -0.4533    -0.8701
			    0.7136    -0.6736    0.1924
			    0.6733    0.5837    -0.4537
		b:
			    432.9709
			    17.3617
			    -303.3570
			    201.1434
			    176.6090
			    86.2942
			    487.9606
			    -192.8868
			    102.6020
			    -474.9606
			    199.8868
			    -92.6020
	==================================================================================
	Q5:
		Shape: Polyhedra
		q_c:    164.5000    21.5000    490.5000
		ub :    175.9738    29.5947    499.8781
		lb :    153.0262    13.4053    481.1219
		A:
			    -0.1643    0.9422    0.2920
			    -0.6335    0.3651    0.6822
			    -0.1497    0.9745    -0.1672
			    0.0513    0.9495    -0.3095
			    0.2746    0.3645    0.8898
			    -0.0268    0.7391    -0.6731
			    0.8331    0.3037    0.4623
			    -0.2497    -0.5393    0.8042
			    0.4935    -0.7854    -0.3735
			    -0.8331    -0.3037    -0.4623
			    0.2497    0.5393    -0.8042
			    -0.4935    0.7854    0.3735
		b:
			    140.9693
			    242.0375
			    -81.8785
			    -118.7320
			    497.7060
			    -314.5821
			    380.8210
			    345.8131
			    -115.4074
			    -359.8210
			    -337.8131
			    122.4074
	==================================================================================
	Q6:
		Shape: Polyhedra
		q_c:    169.0000    22.0000    477.0000
		ub :    171.6179    24.0161    479.4360
		lb :    166.3821    19.9839    474.5640
		A:
			    0.5520    0.5554    -0.6220
			    -0.8328    0.3018    -0.4641
			    -0.2414    0.7701    0.5905
			    -0.7337    0.3730    0.5679
			    -0.0943    0.9015    0.4223
			    0.0841    -0.4126    -0.9070
			    0.8388    0.2833    0.4650
			    -0.3474    -0.3791    0.8577
			    0.4192    -0.8809    -0.2196
			    -0.8388    -0.2833    -0.4650
			    0.3474    0.3791    -0.8577
			    -0.4192    0.8809    0.2196
		b:
			    -189.6098
			    -353.7125
			    258.9617
			    156.3634
			    206.5331
			    -426.0301
			    371.7857
			    343.5458
			    -52.2651
			    -367.7857
			    -340.5458
			    54.2651


===========================================================================================
===========================================================================================
S5:
	q_c:    303.5000    231.5000    20.5000
	ub :    324.0000    249.0000    40.0000
	lb :    283.0000    214.0000    1.0000

	==================================================================================
	Q1:
		Shape: Polyhedra
		q_c:    303.5000    232.5000    4.0000
		ub :    313.2698    239.9521    13.5859
		lb :    293.7302    225.0479    -5.5859
		A:
			    -0.4553    0.7173    -0.5275
			    0.7199    -0.0746    0.6900
			    -0.0632    0.9276    -0.3681
			    -0.6573    0.6730    -0.3392
			    -0.0341    0.9824    0.1836
			    0.0909    0.5428    -0.8349
			    0.5001    0.2387    0.8324
			    -0.6777    -0.4906    0.5478
			    0.5391    -0.8381    -0.0836
			    -0.5001    -0.2387    -0.8324
			    0.6777    0.4906    -0.5478
			    -0.5391    0.8381    0.0836
		b:
			    30.9314
			    209.5208
			    200.3568
			    -40.8381
			    222.9944
			    157.5062
			    216.6077
			    -309.5423
			    -29.0557
			    -204.6077
			    325.5423
			    34.0557
	==================================================================================
	Q2:
		Shape: Polyhedra
		q_c:    294.0000    236.0000    21.0000
		ub :    300.0103    243.7389    28.4780
		lb :    287.9897    228.2611    13.5220
		A:
			    0.2519    0.3879    0.8866
			    0.0076    0.4048    0.9144
			    0.4205    0.6534    0.6295
			    -0.1908    0.8189    -0.5414
			    0.0638    -0.5841    -0.8092
			    0.7598    0.1089    0.6410
			    0.1491    0.6571    0.7389
			    0.0415    -0.7507    0.6593
			    0.9880    -0.0676    -0.1392
			    -0.1491    -0.6571    -0.7389
			    -0.0415    0.7507    -0.6593
			    -0.9880    0.0676    0.1392
		b:
			    187.2207
			    119.9910
			    293.2190
			    134.1691
			    -134.0277
			    267.4266
			    215.9316
			    -142.6238
			    277.0763
			    -212.9316
			    159.6238
			    -266.0763
	==================================================================================
	Q3:
		Shape: Polyhedra
		q_c:    313.5000    228.5000    18.5000
		ub :    321.6820    234.8383    26.7515
		lb :    305.3180    222.1617    10.2485
		A:
			    0.2012    -0.0531    -0.9781
			    0.7977    -0.1104    0.5928
			    -0.0645    0.2131    -0.9749
			    0.5339    -0.1875    0.8245
			    -0.3291    0.5878    -0.7391
			    -0.5318    0.1169    -0.8387
			    0.6274    0.2544    0.7359
			    -0.7785    0.2268    0.5853
			    -0.0180    -0.9401    0.3404
			    -0.6274    -0.2544    -0.7359
			    0.7785    -0.2268    -0.5853
			    0.0180    0.9401    -0.3404
		b:
			    39.1540
			    239.6508
			    15.2588
			    143.0122
			    21.1413
			    -152.3370
			    271.4550
			    -173.3917
			    -210.1628
			    -265.4550
			    189.3917
			    218.1628
	==================================================================================
	Q4:
		Shape: Hybrid
		q_c:    296.0000    216.0000    26.0000
		ub :    303.7483    227.3840    37.4718
		lb :    288.2517    204.6160    14.5282
		P^-1: 
			    0.0427    -0.0064    -0.0113
			    -0.0064    0.0161    0.0043
			    -0.0113    0.0043    0.0222
		A:
			    0.7442    -0.4218    0.5179
			    -0.6633    -0.7483    0.0002
			    0.6193    -0.0248    -0.7847
			    0.2623    -0.6759    -0.6887
			    -0.0388    0.9990    -0.0236
			    0.8881    0.4596    -0.0025
		b:
			    147.5223
			    -352.6301
			    160.8426
			    -82.0218
			    209.6522
			    366.3579
	==================================================================================
	Q5:
		Shape: Ellipse
		q_c:    306.0000    240.0000    21.5000
		ub :    315.2122    250.7947    33.0075
		lb :    296.7878    229.2053    9.9925
		P^-1: 
			    0.0447    -0.0174    -0.0012
			    -0.0174    0.0380    0.0158
			    -0.0012    0.0158    0.0239
	==================================================================================
	Q6:
		Shape: Ellipse
		q_c:    292.5000    238.0000    36.0000
		ub :    301.7711    247.9762    44.3742
		lb :    283.2289    228.0238    27.6258
		P^-1: 
			    0.0315    0.0061    0.0007
			    0.0061    0.0217    0.0052
			    0.0007    0.0052    0.0377


===========================================================================================
===========================================================================================
S6:
	q_c:    90.5000    373.0000    480.0000
	ub :    109.0000    382.0000    504.0000
	lb :    72.0000    364.0000    456.0000

	==================================================================================
	Q1:
		Shape: Ellipse
		q_c:    82.5000    379.5000    486.0000
		ub :    85.0381    382.1853    487.9935
		lb :    79.9619    376.8147    484.0065
		P^-1: 
			    0.4709    0.0100    -0.2228
			    0.0100    0.4304    -0.2495
			    -0.2228    -0.2495    0.7931
	==================================================================================
	Q2:
		Shape: Hybrid
		q_c:    92.0000    363.0000    478.5000
		ub :    96.2335    368.8036    484.6963
		lb :    87.7665    357.1964    472.3037
		P^-1: 
			    0.3320    -0.1354    0.1197
			    -0.1354    0.1302    -0.0354
			    0.1197    -0.0354    0.1039
		A:
			    -0.8599    0.1463    -0.4891
			    -0.7342    0.5078    0.4507
			    -0.8088    0.5529    0.2005
			    0.8273    -0.5445    -0.1381
			    0.1831    0.8315    -0.5245
			    0.8158    -0.5481    -0.1844
		b:
			    -259.0037
			    334.8391
			    223.9743
			    -186.0807
			    71.5015
			    -210.4613
	==================================================================================
	Q3:
		Shape: Ellipse
		q_c:    93.5000    367.0000    477.5000
		ub :    98.3760    372.0591    482.0916
		lb :    88.6240    361.9409    472.9084
		P^-1: 
			    0.1098    0.0018    -0.0058
			    0.0018    0.1085    0.0081
			    -0.0058    0.0081    0.0855
	==================================================================================
	Q4:
		Shape: Polyhedra
		q_c:    92.0000    365.0000    482.0000
		ub :    97.3554    371.0319    484.3315
		lb :    86.6446    358.9681    479.6685
		A:
			    0.1052    -0.3667    0.9244
			    0.4375    -0.1127    -0.8921
			    0.5054    0.3891    -0.7702
			    0.3939    0.3040    -0.8674
			    -0.4714    -0.5016    0.7253
			    -0.8239    -0.3752    0.4246
			    0.8816    0.3699    0.2934
			    -0.2414    -0.1810    0.9534
			    0.4057    -0.9113    -0.0703
			    -0.8816    -0.3699    -0.2934
			    0.2414    0.1810    -0.9534
			    -0.4057    0.9113    0.0703
		b:
			    323.3579
			    -428.9146
			    -181.0505
			    -269.6696
			    125.0961
			    -5.3942
			    361.0016
			    372.2921
			    -324.1622
			    -354.0016
			    -370.2921
			    334.1622
	==================================================================================
	Q5:
		Shape: Polyhedra
		q_c:    98.0000    375.0000    472.5000
		ub :    104.0128    381.1711    479.4574
		lb :    91.9872    368.8289    465.5426
		A:
			    0.6970    0.5330    0.4796
			    0.7037    0.5682    0.4265
			    -0.6648    -0.5752    -0.4767
			    0.6863    0.5839    0.4335
			    0.7373    0.6398    0.2167
			    0.7095    0.4892    0.5072
			    0.6431    0.5785    0.5018
			    0.6798    -0.1294    -0.7219
			    -0.3527    0.8054    -0.4764
			    -0.6431    -0.5785    -0.5018
			    -0.6798    0.1294    0.7219
			    0.3527    -0.8054    0.4764
		b:
			    495.4582
			    484.2871
			    -505.5484
			    491.7378
			    416.2819
			    493.4872
			    517.5676
			    -318.0082
			    48.8329
			    -516.5676
			    328.0082
			    -35.8329
	==================================================================================
	Q6:
		Shape: Polyhedra
		q_c:    80.5000    374.5000    485.0000
		ub :    88.8742    382.0888    492.6856
		lb :    72.1258    366.9112    477.3144
		A:
			    0.1092    0.9787    0.1737
			    -0.5217    0.6614    0.5389
			    0.2966    -0.3147    0.9017
			    0.8782    -0.1227    0.4624
			    -0.4418    -0.7473    -0.4963
			    -0.1194    0.4641    0.8777
			    0.5391    0.5929    0.5982
			    0.5530    -0.7849    0.2796
			    0.6353    0.1801    -0.7510
			    -0.5391    -0.5929    -0.5982
			    -0.5530    0.7849    -0.2796
			    -0.6353    -0.1801    0.7510
		b:
			    464.2785
			    472.1198
			    348.3291
			    253.8254
			    -552.0700
			    594.3818
			    559.5653
			    -108.2970
			    -240.6683
			    -551.5653
			    119.2970
			    250.6683


===========================================================================================
===========================================================================================
S7:
	q_c:    490.5000    351.0000    408.5000
	ub :    507.0000    371.0000    433.0000
	lb :    474.0000    331.0000    384.0000

	==================================================================================
	Q1:
		Shape: Hybrid
		q_c:    503.0000    351.5000    399.0000
		ub :    510.6860    359.2316    406.2088
		lb :    495.3140    343.7684    391.7912
		P^-1: 
			    0.0434    0.0074    0.0035
			    0.0074    0.0383    0.0026
			    0.0035    0.0026    0.0244
		A:
			    -0.9233    0.2605    0.2821
			    0.8537    -0.2370    0.4636
			    -0.2259    0.5740    -0.7870
			    0.3506    -0.9361    0.0293
			    0.9409    -0.1945    0.2773
			    -0.1243    -0.0129    -0.9922
		b:
			    -257.1954
			    534.1721
			    -221.9682
			    -137.7865
			    518.4020
			    -458.8054
	==================================================================================
	Q2:
		Shape: Hybrid
		q_c:    488.5000    364.0000    415.0000
		ub :    494.7072    370.9392    419.8982
		lb :    482.2928    357.0608    410.1018
		P^-1: 
			    0.0478    -0.0034    0.0008
			    -0.0034    0.0421    0.0032
			    0.0008    0.0032    0.0620
		A:
			    0.4210    0.4175    0.8052
			    0.6563    -0.3963    0.6420
			    -0.5396    -0.8196    0.1927
			    0.5561    -0.7385    -0.3812
			    -0.5207    -0.7613    -0.3863
			    0.4814    0.2334    -0.8449
		b:
			    694.0623
			    445.1347
			    -478.9508
			    -152.9007
			    -689.0789
			    -28.1430
	==================================================================================
	Q3:
		Shape: Hybrid
		q_c:    487.0000    350.5000    421.5000
		ub :    492.5026    358.3905    426.7145
		lb :    481.4974    342.6095    416.2855
		P^-1: 
			    0.0914    0.0135    0.0433
			    0.0135    0.0216    0.0185
			    0.0433    0.0185    0.1273
		A:
			    -0.1140    0.0459    -0.9924
			    -0.6243    -0.6330    -0.4578
			    0.9050    -0.3587    -0.2286
			    0.7933    -0.0135    0.6087
			    0.2221    -0.1098    -0.9688
			    -0.3738    0.4586    0.8062
		b:
			    -455.8248
			    -715.6922
			    222.1740
			    639.8688
			    -336.5702
			    321.7069
	==================================================================================
	Q4:
		Shape: Ellipse
		q_c:    487.5000    349.5000    399.5000
		ub :    496.5121    360.4856    409.6989
		lb :    478.4879    338.5144    389.3011
		P^-1: 
			    0.0269    -0.0025    0.0009
			    -0.0025    0.0208    0.0008
			    0.0009    0.0008    0.0183
	==================================================================================
	Q5:
		Shape: Polyhedra
		q_c:    478.0000    346.5000    408.5000
		ub :    489.4896    357.8064    419.5768
		lb :    466.5104    335.1936    397.4232
		A:
			    -0.4769    -0.3841    0.7906
			    -0.9796    0.1329    0.1504
			    -0.1997    -0.9669    0.1587
			    -0.8156    0.5620    -0.1374
			    0.4610    -0.8361    -0.2974
			    0.6774    -0.5964    -0.4305
			    0.5851    0.6337    0.5061
			    -0.3977    -0.3198    0.8600
			    0.7068    -0.7044    0.0649
			    -0.5851    -0.6337    -0.5061
			    0.3977    0.3198    -0.8600
			    -0.7068    0.7044    -0.0649
		b:
			    -30.5248
			    -354.4283
			    -358.3463
			    -246.0817
			    -185.0320
			    -52.9662
			    714.4819
			    57.9321
			    125.2692
			    -697.4819
			    -42.9321
			    -115.2692
	==================================================================================
	Q6:
		Shape: Polyhedra
		q_c:    477.0000    363.0000    425.0000
		ub :    484.7962    370.8774    433.6012
		lb :    469.2038    355.1226    416.3988
		A:
			    -0.5557    0.3366    -0.7601
			    0.0419    0.0019    -0.9991
			    0.7374    0.5679    -0.3657
			    0.1339    -0.8270    0.5461
			    0.1117    0.9661    0.2327
			    0.5727    0.4151    -0.7069
			    0.6612    0.4483    0.6015
			    0.0084    0.7973    -0.6035
			    -0.7501    0.4041    0.5234
			    -0.6612    -0.4483    -0.6015
			    -0.0084    -0.7973    0.6035
			    0.7501    -0.4041    -0.5234
		b:
			    -461.1705
			    -398.9425
			    407.3520
			    -0.2087
			    507.8510
			    128.1518
			    739.2763
			    40.9705
			    16.8338
			    -728.2763
			    -32.9705
			    -5.8338


===========================================================================================
===========================================================================================
S8:
	q_c:    211.5000    44.0000    188.5000
	ub :    224.0000    52.0000    206.0000
	lb :    199.0000    36.0000    171.0000

	==================================================================================
	Q1:
		Shape: Polyhedra
		q_c:    212.5000    41.5000    186.5000
		ub :    217.8762    46.3602    192.6615
		lb :    207.1238    36.6398    180.3385
		A:
			    0.3621    -0.7494    0.5544
			    -0.9939    -0.0928    -0.0589
			    -0.9460    -0.1786    0.2704
			    0.7907    0.4909    -0.3658
			    0.1042    0.3357    -0.9362
			    0.5873    -0.5564    -0.5878
			    0.4277    0.4541    0.7816
			    0.9031    -0.2515    -0.3481
			    0.0385    0.8547    -0.5177
			    -0.4277    -0.4541    -0.7816
			    -0.9031    0.2515    0.3481
			    -0.0385    -0.8547    0.5177
		b:
			    151.7155
			    -222.1010
			    -154.4959
			    123.3204
			    -135.2229
			    -4.0527
			    260.4912
			    120.0596
			    -50.9043
			    -250.4912
			    -113.0596
			    54.9043
	==================================================================================
	Q2:
		Shape: Polyhedra
		q_c:    213.0000    39.5000    181.0000
		ub :    218.1407    45.0895    185.6276
		lb :    207.8593    33.9105    176.3724
		A:
			    -0.5051    0.4106    0.7591
			    -0.4077    -0.7498    -0.5211
			    0.9797    0.0212    0.1995
			    0.6353    -0.5256    -0.5658
			    -0.8280    -0.1866    -0.5288
			    -0.0147    -0.7167    0.6972
			    0.0725    0.2427    0.9674
			    -0.5981    0.7868    -0.1526
			    -0.7982    -0.5675    0.2022
			    -0.0725    -0.2427    -0.9674
			    0.5981    -0.7868    0.1526
			    0.7982    0.5675    -0.2022
		b:
			    49.5185
			    -207.2740
			    249.1158
			    15.6488
			    -275.9449
			    98.2564
			    203.6333
			    -120.4226
			    -152.3207
			    -196.6333
			    127.4226
			    159.3207
	==================================================================================
	Q3:
		Shape: Polyhedra
		q_c:    217.0000    49.5000    184.5000
		ub :    222.3057    52.7404    189.7758
		lb :    211.6943    46.2596    179.2242
		A:
			    0.0799    -0.0426    0.9959
			    0.1699    -0.8707    -0.4616
			    -0.2351    0.6759    -0.6985
			    0.0048    0.7163    -0.6977
			    0.8994    -0.4371    0.0046
			    0.2007    -0.8658    0.4584
			    0.6984    0.3785    0.6074
			    -0.6618    0.0185    0.7494
			    0.2725    -0.9254    0.2634
			    -0.6984    -0.3785    -0.6074
			    0.6618    -0.0185    -0.7494
			    -0.2725    0.9254    -0.2634
		b:
			    202.3389
			    -88.5863
			    -143.9998
			    -89.7022
			    177.3461
			    87.3626
			    285.8579
			    -0.9282
			    63.9186
			    -278.8579
			    7.9282
			    -59.9186
	==================================================================================
	Q4:
		Shape: Ellipse
		q_c:    215.5000    44.5000    196.0000
		ub :    219.9147    48.9497    199.9084
		lb :    211.0853    40.0503    192.0916
		P^-1: 
			    0.1095    0.0324    -0.0251
			    0.0324    0.2040    -0.1656
			    -0.0251    -0.1656    0.3236
	==================================================================================
	Q5:
		Shape: Hybrid
		q_c:    211.0000    45.0000    193.5000
		ub :    217.0194    52.0025    198.8440
		lb :    204.9806    37.9975    188.1560
		P^-1: 
			    0.0933    -0.0269    -0.0157
			    -0.0269    0.0455    0.0034
			    -0.0157    0.0034    0.0679
		A:
			    0.4663    -0.2569    -0.8465
			    -0.7665    0.6315    0.1169
			    0.6846    -0.0180    -0.7287
			    -0.5771    0.4901    0.6532
			    0.7455    -0.3195    -0.5850
			    -0.1166    0.8578    -0.5006
		b:
			    -75.0365
			    -108.9122
			    4.5356
			    28.5331
			    31.3137
			    -79.6902
	==================================================================================
	Q6:
		Shape: Polyhedra
		q_c:    219.0000    41.5000    181.5000
		ub :    223.4973    46.3395    186.2289
		lb :    214.5027    36.6605    176.7711
		A:
			    0.6605    0.5278    -0.5340
			    -0.9001    -0.1274    -0.4166
			    -0.6139    -0.6171    0.4922
			    -0.1419    -0.6745    0.7245
			    -0.4861    -0.7255    0.4872
			    0.8580    -0.5135    -0.0112
			    0.3092    0.8676    0.3895
			    0.8469    -0.4375    0.3023
			    0.4326    0.2364    -0.8700
			    -0.3092    -0.8676    -0.3895
			    -0.8469    0.4375    -0.3023
			    -0.4326    -0.2364    0.8700
		b:
			    72.7237
			    -275.1859
			    -67.5782
			    75.4268
			    -44.9445
			    167.1490
			    177.9086
			    224.6730
			    -50.3509
			    -170.9086
			    -219.6730
			    56.3509


===========================================================================================
===========================================================================================
S9:
	q_c:    491.0000    387.5000    252.5000
	ub :    500.0000    401.0000    260.0000
	lb :    482.0000    374.0000    245.0000

	==================================================================================
	Q1:
		Shape: Hybrid
		q_c:    489.0000    386.5000    255.5000
		ub :    492.5516    389.8617    258.5686
		lb :    485.4484    383.1383    252.4314
		P^-1: 
			    0.1884    0.0802    0.0131
			    0.0802    0.5258    -0.4070
			    0.0131    -0.4070    0.6469
		A:
			    0.2810    0.9427    -0.1800
			    0.3282    -0.2944    0.8976
			    0.1459    0.6672    -0.7304
			    0.5873    0.5644    -0.5800
			    0.2968    0.3778    -0.8770
			    0.0532    -0.7925    0.6075
		b:
			    456.8688
			    276.8504
			    143.1003
			    358.2350
			    68.0652
			    -124.3772
	==================================================================================
	Q2:
		Shape: Hybrid
		q_c:    490.5000    394.0000    251.5000
		ub :    494.4095    398.8257    255.9413
		lb :    486.5905    389.1743    247.0587
		P^-1: 
			    0.1589    0.0099    -0.0028
			    0.0099    0.0707    0.0252
			    -0.0028    0.0252    0.1529
		A:
			    -0.6540    0.3503    0.6705
			    -0.9497    0.1607    -0.2689
			    -0.6598    0.5286    0.5341
			    0.3794    -0.3656    0.8500
			    0.3295    0.2707    0.9045
			    0.2725    -0.5050    0.8190
		b:
			    -12.7631
			    -468.6565
			    20.5665
			    257.7029
			    497.0061
			    142.8073
	==================================================================================
	Q3:
		Shape: Polyhedra
		q_c:    497.0000    382.5000    258.5000
		ub :    499.2982    386.2619    261.9632
		lb :    494.7018    378.7381    255.0368
		A:
			    0.3829    0.8683    -0.3153
			    0.1664    -0.0409    -0.9852
			    -0.9157    0.2787    0.2896
			    -0.7401    -0.2372    -0.6293
			    0.4629    -0.7686    0.4416
			    -0.7258    -0.1303    0.6754
			    0.0265    0.8410    0.5404
			    0.1164    0.5343    -0.8372
			    -0.9928    0.0851    -0.0837
			    -0.0265    -0.8410    -0.5404
			    -0.1164    -0.5343    0.8372
			    0.9928    -0.0851    0.0837
		b:
			    443.2885
			    -185.2200
			    -271.4689
			    -618.8753
			    52.3774
			    -233.9350
			    477.5627
			    47.8389
			    -480.5210
			    -471.5627
			    -43.8389
			    484.5210
	==================================================================================
	Q4:
		Shape: Ellipse
		q_c:    486.0000    388.0000    253.5000
		ub :    489.4882    390.6409    257.2528
		lb :    482.5118    385.3591    249.7472
		P^-1: 
			    0.2988    -0.0945    0.0752
			    -0.0945    0.3642    -0.0216
			    0.0752    -0.0216    0.1425
	==================================================================================
	Q5:
		Shape: Hybrid
		q_c:    487.0000    388.0000    247.5000
		ub :    490.1341    392.2877    251.5343
		lb :    483.8659    383.7123    243.4657
		P^-1: 
			    0.2731    -0.0706    0.0382
			    -0.0706    0.1769    -0.1596
			    0.0382    -0.1596    0.3070
		A:
			    -0.5364    0.0676    0.8412
			    0.0536    0.5465    -0.8357
			    -0.9347    0.2821    -0.2161
			    -0.3695    0.7228    -0.5840
			    -0.4380    -0.7320    0.5218
			    0.7661    0.1861    -0.6152
		b:
			    -25.2132
			    32.1906
			    -398.1799
			    -43.0365
			    -366.5662
			    294.2362
	==================================================================================
	Q6:
		Shape: Hybrid
		q_c:    487.5000    388.0000    258.0000
		ub :    490.4668    390.9454    260.5201
		lb :    484.5332    385.0546    255.4799
		P^-1: 
			    0.2235    0.1058    0.0533
			    0.1058    0.3938    -0.0255
			    0.0533    -0.0255    0.4316
		A:
			    -0.4440    0.6286    0.6385
			    0.5995    -0.6532    -0.4625
			    -0.4450    0.7482    0.4921
			    -0.2126    0.8710    -0.4430
			    -0.9897    0.0366    0.1385
			    0.7040    -0.1848    -0.6858
		b:
			    193.5953
			    -78.9121
			    201.7987
			    121.0043
			    -430.9059
			    96.0595


===========================================================================================
===========================================================================================
S10:
	q_c:    208.5000    138.0000    193.0000
	ub :    233.0000    160.0000    216.0000
	lb :    184.0000    116.0000    170.0000

	==================================================================================
	Q1:
		Shape: Ellipse
		q_c:    203.0000    138.5000    211.0000
		ub :    218.4183    155.5932    220.1043
		lb :    187.5817    121.4068    201.8957
		P^-1: 
			    0.0207    0.0110    -0.0173
			    0.0110    0.0126    -0.0142
			    -0.0173    -0.0142    0.0478
	==================================================================================
	Q2:
		Shape: Polyhedra
		q_c:    228.5000    127.0000    201.5000
		ub :    241.7467    137.7901    216.8351
		lb :    215.2533    116.2099    186.1649
		A:
			    -0.5573    0.8061    0.1990
			    0.2428    -0.8277    0.5060
			    -0.4691    0.8819    -0.0473
			    0.7914    -0.5700    -0.2207
			    -0.8261    0.1865    0.5317
			    0.8140    -0.4116    -0.4099
			    0.6161    0.1763    0.7677
			    -0.6949    0.5807    0.4242
			    -0.3710    -0.7948    0.4802
			    -0.6161    -0.1763    -0.7677
			    0.6949    -0.5807    -0.4242
			    0.3710    0.7948    -0.4802
		b:
			    19.1981
			    60.9885
			    0.9926
			    68.0550
			    -53.4151
			    54.7399
			    330.8567
			    3.4532
			    -80.4406
			    -304.8567
			    2.5468
			    97.4406
	==================================================================================
	Q3:
		Shape: Hybrid
		q_c:    188.0000    153.5000    188.5000
		ub :    199.5722    165.9362    197.5953
		lb :    176.4278    141.0638    179.4047
		P^-1: 
			    0.0215    -0.0003    0.0118
			    -0.0003    0.0134    0.0063
			    0.0118    0.0063    0.0433
		A:
			    0.8229    0.4893    -0.2889
			    -0.7445    0.3499    -0.5686
