3D_40_8_6_c                l = 3

===========================================================================================
===========================================================================================
S1:
	q_c:	306.5	51.5	318.5
	ub :	316.4113	61.7883	326.7617
	lb :	299.0627	42.1581	313.5312

	==================================================================================
	Q1:
		Shape: Polyhedra
		q_c:	311.5	55.0	320.5
		ub :	316.4113	59.6078	324.6895
		lb :	306.5887	50.3922	316.3105
		A:
			0.1187	-0.1017	0.9877
			-0.7722	-0.467	-0.4308
			0.77	-0.6346	-0.0671
			-0.4811	-0.5437	-0.6877
			-0.9312	-0.007	0.3643
			0.5355	-0.6158	-0.5779
			0.5762	0.5641	0.5914
			0.5828	-0.7909	0.1867
			0.5731	0.2371	-0.7844
			-0.5762	-0.5641	-0.5914
			-0.5828	0.7909	-0.1867
			-0.5731	-0.2371	0.7844
		b:
			350.7052
			-402.1882
			186.8909
			-398.1467
			-170.6642
			-49.1685
			402.0593
			201.3562
			-56.8579
			-398.0593
			-194.3562
			62.8579
	==================================================================================
	Q2:
		Shape: Hybrid
		q_c:	305.0	46.5	321.0
		ub :	308.5827	50.8419	325.5178
		lb :	301.4173	42.1581	316.4822
		P^-1:
			0.1556	0.0095	0.0116
			0.0095	0.1112	0.0099
			0.0116	0.0099	0.0859
		A:
			0.8012	-0.2065	-0.5616
			-0.7165	0.6974	0.0173
			-0.6942	-0.0107	0.7197
			0.6799	-0.5656	0.4667
			0.2246	0.9745	0.0016
			0.1596	0.9841	-0.0782
		b:
			56.2632
			-178.9264
			20.7019
			332.6264
			116.012
			71.0942
	==================================================================================
	Q3:
		Shape: Ellipse
		q_c:	307.0	51.0	322.5
		ub :	311.8898	54.9199	326.7617
		lb :	302.1102	47.0801	318.2383
		P^-1:
			0.1861	0.2001	-0.2121
			0.2001	0.4647	-0.4063
			-0.2121	-0.4063	0.5124
	==================================================================================
	Q4:
		Shape: Hybrid
		q_c:	309.5	57.5	317.5
		ub :	312.7309	61.7883	321.4688
		lb :	306.2691	53.2117	313.5312
		P^-1:
			0.593	0.1946	-0.3978
			0.1946	0.1897	-0.1607
			-0.3978	-0.1607	0.4396
		A:
			-0.6861	-0.644	0.3384
			0.2948	-0.0303	-0.9551
			0.9712	-0.1907	0.1427
			-0.0261	0.6916	-0.7218
			0.771	0.1539	-0.6179
			-0.4832	-0.1426	0.8638
		b:
			-140.8614
			-212.248
			336.9595
			-195.569
			51.8635
			117.475
	==================================================================================
	Q5:
		Shape: Polyhedra
		q_c:	304.5	50.5	320.5
		ub :	309.9373	55.981	325.8131
		lb :	299.0627	45.019	315.1869
		A:
			0.5134	-0.8514	-0.1074
			-0.2761	-0.1739	0.9453
			-0.4183	0.7196	0.5543
			0.5245	-0.7306	0.4372
			-0.5108	0.8259	-0.2386
			0.0012	0.9471	0.3208
			0.437	0.3984	0.8064
			-0.7775	0.6181	0.1159
			-0.4523	-0.6776	0.5799
			-0.437	-0.3984	-0.8064
			0.7775	-0.6181	-0.1159
			0.4523	0.6776	-0.5799
		b:
			81.9628
			213.4586
			89.9672
			266.0529
			-187.3049
			154.4719
			415.6397
			-165.3732
			16.9261
			-407.6397
			171.3732
			-10.9261
	==================================================================================
	Q6:
		Shape: Hybrid
		q_c:	308.5	53.0	316.5
		ub :	311.1018	57.0689	318.9747
		lb :	305.8982	48.9311	314.0253
		P^-1:
			0.308	0.0094	-0.0888
			0.0094	0.0631	-0.0125
			-0.0888	-0.0125	0.3858
		A:
			-0.8788	0.1569	0.4506
			0.9642	0.2274	0.1367
			0.9637	-0.0083	-0.267
			0.0017	0.2701	-0.9628
			0.875	-0.0084	-0.4841
			0.7504	0.3837	-0.5383
		b:
			-119.1575
			354.0474
			213.3498
			-288.7785
			117.1688
			82.7388


===========================================================================================
===========================================================================================
S2:
	q_c:	449.0	327.0	452.0
	ub :	468.2227	335.6874	467.1741
	lb :	436.8102	312.6895	437.2521

	==================================================================================
	Q1:
		Shape: Ellipse
		q_c:	448.0	319.5	443.5
		ub :	454.9618	326.3105	448.476
		lb :	441.0382	312.6895	438.524
		P^-1:
			0.0422	-0.023	-0.0061
			-0.023	0.0682	-0.0036
			-0.0061	-0.0036	0.0807
	==================================================================================
	Q2:
		Shape: Polyhedra
		q_c:	457.0	324.0	461.0
		ub :	461.9816	330.6568	467.1741
		lb :	452.0184	317.3432	454.8259
		A:
			0.617	-0.2408	-0.7492
			0.9272	0.321	-0.1932
			0.5592	-0.1224	-0.82
			0.3295	-0.2911	-0.8982
			0.0381	0.6281	0.7772
			-0.3393	0.8334	0.4362
			0.7158	0.4938	0.4938
			0.151	-0.7998	0.581
			0.6818	-0.3413	-0.647
			-0.7158	-0.4938	-0.4938
			-0.151	0.7998	-0.581
			-0.6818	0.3413	0.647
		b:
			-139.298
			442.024
			-159.6903
			-355.2047
			582.4125
			319.2657
			718.7329
			82.7212
			-95.2741
			-710.7329
			-72.7212
			99.2741
	==================================================================================
	Q3:
		Shape: Hybrid
		q_c:	441.0	319.5	446.5
		ub :	445.1898	325.3118	452.5422
		lb :	436.8102	313.6882	440.4578
		P^-1:
			0.24	0.0733	-0.1174
			0.0733	0.2094	-0.1592
			-0.1174	-0.1592	0.1828
		A:
			0.6927	-0.6432	0.3261
			0.2251	0.8645	-0.4493
			0.8595	-0.4039	0.3132
			-0.9919	0.107	-0.0688
			-0.1914	-0.6015	0.7756
			0.4716	0.5451	-0.6931
		b:
			247.3109
			176.2146
			391.7956
			-432.0906
			70.9611
			73.5609
	==================================================================================
	Q4:
		Shape: Hybrid
		q_c:	460.0	327.5	444.5
		ub :	468.2227	332.6276	450.5591
		lb :	451.7773	322.3724	438.4409
		P^-1:
			0.0226	0.0083	0.0185
			0.0083	0.0922	0.0127
			0.0185	0.0127	0.0958
		A:
			0.1423	0.9585	-0.2472
			-0.1949	-0.2042	0.9593
			-0.4203	0.1664	-0.892
			0.2355	0.6222	0.7466
			-0.5524	-0.7746	-0.3079
			-0.804	-0.5144	-0.2981
		b:
			271.4968
			272.5828
			-533.2203
			645.4634
			-641.9812
			-666.7862
	==================================================================================
	Q5:
		Shape: Polyhedra
		q_c:	450.5	330.5	443.0
		ub :	458.3834	335.6874	448.7479
		lb :	442.6166	325.3126	437.2521
		A:
			0.3986	0.9016	0.1678
			0.4041	0.9065	0.1225
			-0.5257	-0.8115	-0.2551
			-0.1728	-0.8819	-0.4386
			0.0457	-0.5452	-0.8371
			0.1195	0.9816	-0.1488
			0.278	0.3293	0.9024
			-0.1137	0.9441	-0.3095
			-0.9538	-0.0165	0.2999
			-0.278	-0.3293	-0.9024
			0.1137	-0.9441	0.3095
			0.9538	0.0165	-0.2999
		b:
			556.3159
			540.3981
			-613.5828
			-560.0689
			-527.1693
			316.8721
			636.3229
			128.1939
			-295.3208
			-631.3229
			-119.1939
			309.3208
	==================================================================================
	Q6:
		Shape: Polyhedra
		q_c:	457.5	329.0	451.0
		ub :	463.5834	335.0871	455.955
		lb :	451.4166	322.9129	446.045
		A:
			-0.0217	-0.9967	0.0778
			-0.1471	0.1455	0.9784
			0.4759	-0.172	-0.8625
			0.1055	0.7326	0.6724
			0.0944	0.2289	0.9689
			-0.2915	-0.9336	-0.2084
			0.5554	0.3175	0.7686
			-0.6238	0.7703	0.1325
			-0.55	-0.5531	0.6258
			-0.5554	-0.3175	-0.7686
			0.6238	-0.7703	-0.1325
			0.55	0.5531	-0.6258
		b:
			-298.8143
			425.151
			-224.1456
			595.6571
			558.3647
			-530.9683
			707.6784
			31.8123
			-147.3216
			-702.6784
			-23.8123
			155.3216


===========================================================================================
===========================================================================================
S3:
	q_c:	473.0	451.5	265.5
	ub :	479.7225	460.9446	274.1268
	lb :	465.8381	441.9825	259.3921

	==================================================================================
	Q1:
		Shape: Polyhedra
		q_c:	468.5	446.5	263.0
		ub :	471.1619	449.0776	265.5494
		lb :	465.8381	443.9224	260.4506
		A:
			-0.7704	0.4909	-0.4068
			0.3078	-0.8873	0.3434
			0.8899	0.1186	0.4405
			-0.0879	-0.8421	-0.5321
			0.2853	-0.9563	0.0643
			-0.1782	-0.9823	-0.057
			0.5952	0.6825	0.4241
			-0.3376	-0.2665	0.9028
			0.7292	-0.6805	0.0718
			-0.5952	-0.6825	-0.4241
			0.3376	0.2665	-0.9028
			-0.7292	0.6805	-0.0718
		b:
			-247.2228
			-160.073
			587.2221
			-555.6026
			-274.8504
			-535.5637
			696.6516
			-37.7487
			58.1376
			-693.6516
			41.7487
			-55.1376
	==================================================================================
	Q2:
		Shape: Polyhedra
		q_c:	474.5	446.5	263.5
		ub :	479.7225	451.0175	267.6079
		lb :	469.2775	441.9825	259.3921
		A:
			-0.2073	0.3924	0.8962
			0.1057	0.9897	0.0964
			0.9612	-0.2751	0.0221
			0.3288	0.1967	-0.9237
			0.6698	0.4881	-0.5596
			0.799	0.5942	-0.092
			0.7809	0.5895	0.2068
			0.5665	-0.8077	0.1634
			0.2634	-0.0104	-0.9646
			-0.7809	-0.5895	-0.2068
			-0.5665	0.8077	-0.1634
			-0.2634	0.0104	0.9646
		b:
			316.0177
			520.6866
			342.2344
			3.4475
			391.564
			623.6813
			691.7155
			-45.8212
			-130.868
			-684.7155
			51.8212
			136.868
	==================================================================================
	Q3:
		Shape: Polyhedra
		q_c:	476.0	456.5	270.0
		ub :	479.722	460.9446	274.1268
		lb :	472.278	452.0554	265.8732
		A:
			0.5115	-0.6987	-0.5003
			0.319	0.0033	-0.9478
			-0.141	-0.9494	0.2807
			0.2556	-0.1167	0.9597
			0.6161	-0.3346	-0.7131
			-0.4607	0.1793	-0.8693
			0.0936	0.7114	0.6965
			-0.9736	0.2117	-0.0854
			-0.2082	-0.6701	0.7125
			-0.0936	-0.7114	-0.6965
			0.9736	-0.2117	0.0854
			0.2082	0.6701	-0.7125
		b:
			-207.5418
			-99.8027
			-422.0665
			330.2906
			-49.1008
			-369.336
			560.3747
			-386.8592
			-210.1298
			-554.3747
			392.8592
			215.1298
	==================================================================================
	Q4:
		Shape: Hybrid
		q_c:	474.5	449.5	270.0
		ub :	477.4132	452.9858	271.7437
		lb :	471.5868	446.0142	268.2563
		P^-1:
			0.6965	-0.4311	0.0008
			-0.4311	0.386	-0.0281
			0.0008	-0.0281	0.4436
		A:
			-0.7828	0.3582	0.5089
			0.6815	-0.5199	-0.515
			0.6932	-0.0423	-0.7195
			0.8643	-0.5027	0.0151
			-0.7934	0.2906	-0.5348
			-0.7397	0.2551	-0.6227
		b:
			-72.2618
			-48.6771
			116.8178
			188.7539
			-389.318
			-403.4962
	==================================================================================
	Q5:
		Shape: Ellipse
		q_c:	470.5	448.0	266.0
		ub :	472.8786	450.1545	268.5808
		lb :	468.1214	445.8455	263.4192
		P^-1:
			0.4444	0.0	0.0
			0.0	0.4444	0.0
			0.0	0.0	0.4444
	==================================================================================
	Q6:
		Shape: Polyhedra
		q_c:	471.0	447.5	265.5
		ub :	474.2875	450.6727	269.472
		lb :	467.7125	444.3273	261.528
		A:
			-0.3843	0.8746	0.2955
			0.0485	0.6871	-0.725
			0.3745	0.6681	-0.643
			-0.6395	0.5837	-0.5004
			0.7714	-0.5557	0.3099
			0.1458	0.9544	-0.2604
			0.3206	0.355	0.8782
			-0.249	0.9261	-0.2835
			-0.9139	-0.1278	0.3853
			-0.3206	-0.355	-0.8782
			0.249	-0.9261	0.2835
			0.9139	0.1278	-0.3853
		b:
			291.086
			140.0274
			306.6607
			-170.6381
			199.0753
			428.6721
			545.9967
			223.8954
			-383.3629
			-539.9967
			-219.8954
			387.3629


===========================================================================================
===========================================================================================
S4:
	q_c:	299.5	458.5	94.0
	ub :	318.6872	470.8604	106.9976
	lb :	283.5562	447.3287	80.2967

	==================================================================================
	Q1:
		Shape: Ellipse
		q_c:	289.5	458.0	101.0
		ub :	295.4438	463.4427	106.5234
		lb :	283.5562	452.5573	95.4766
		P^-1:
			0.0777	-0.0425	-0.0349
			-0.0425	0.127	0.0027
			-0.0349	0.0027	0.1064
	==================================================================================
	Q2:
		Shape: Polyhedra
		q_c:	307.0	462.0	93.5
		ub :	310.6675	466.1331	98.3888
		lb :	303.3325	457.8669	88.6112
		A:
			0.6511	0.1593	-0.7421
			0.5518	0.5587	-0.6192
			-0.2849	-0.5716	0.7695
			0.2098	0.8211	-0.5309
			0.0892	-0.982	0.1666
			0.5057	-0.6133	0.6068
			0.2468	0.523	0.8158
			-0.9641	0.2174	0.1523
			-0.0978	-0.8242	0.5579
			-0.2468	-0.523	-0.8158
			0.9641	-0.2174	-0.1523
			0.0978	0.8242	-0.5579
		b:
			206.676
			371.4683
			-277.6694
			395.6461
			-408.5235
			-69.1441
			398.1534
			-178.7951
			-357.1144
			-389.1534
			183.7951
			360.1144
	==================================================================================
	Q3:
		Shape: Ellipse
		q_c:	303.5	466.0	101.0
		ub :	308.3623	470.8604	106.9976
		lb :	298.6377	461.1396	95.0024
		P^-1:
			0.0624	-0.0001	0.0019
			-0.0001	0.0624	0.002
			0.0019	0.002	0.0333
	==================================================================================
	Q4:
		Shape: Hybrid
		q_c:	305.0	455.0	91.0
		ub :	311.441	461.3589	95.9405
		lb :	298.559	448.6411	86.0595
		P^-1:
			0.0716	0.0205	-0.0138
			0.0205	0.0694	-0.0055
			-0.0138	-0.0055	0.1011
		A:
			0.1273	-0.7312	-0.6702
			-0.4879	-0.7789	0.394
			0.5388	0.8416	-0.037
			0.136	-0.5773	-0.8051
			0.8272	0.5618	0.0113
			0.065	-0.0597	-0.9961
		b:
			-352.6124
			-465.6114
			545.804
			-292.4257
			510.8376
			-96.3344
	==================================================================================
	Q5:
		Shape: Hybrid
		q_c:	303.5	462.0	92.0
		ub :	308.1576	466.1983	95.052
		lb :	298.8424	457.8017	88.948
		P^-1:
			0.0755	-0.0311	-0.0115
			-0.0311	0.1561	-0.0292
			-0.0115	-0.0292	0.2409
		A:
			-0.0386	0.9964	-0.075
			0.1925	0.5158	-0.8348
			0.2917	-0.352	0.8894
			-0.1488	-0.2465	-0.9576
			0.0312	0.4719	0.8811
			-0.0693	-0.9688	0.238
		b:
			443.3485
			221.145
			8.9446
			-245.7596
			309.9891
			-445.0793
	==================================================================================
	Q6:
		Shape: Polyhedra
		q_c:	310.0	453.0	89.0
		ub :	318.6872	458.6713	97.7033
		lb :	301.3128	447.3287	80.2967
		A:
			-0.3495	-0.065	-0.9347
			-0.3426	-0.0196	-0.9393
			-0.487	-0.5463	0.6814
			-0.4557	-0.8849	0.0966
			0.1993	0.935	-0.2933
			0.7913	-0.606	-0.0808
			0.6275	0.4397	0.6426
			-0.7207	0.0155	0.6931
			0.2948	-0.898	0.3266
			-0.6275	-0.4397	-0.6426
			0.7207	-0.0155	-0.6931
			-0.2948	0.898	-0.3266
		b:
			-216.1572
			-193.8564
			-332.0303
			-528.8892
			463.6504
			-31.2417
			455.3956
			-148.205
			-282.3381
			-446.3956
			161.205
			290.3381


===========================================================================================
===========================================================================================
S5:
	q_c:	115.5	211.5	380.0
	ub :	124.4144	222.088	392.0124
	lb :	106.5355	203.5144	373.4571

	==================================================================================
	Q1:
		Shape: Polyhedra
		q_c:	111.5	211.0	382.0
		ub :	114.926	213.4329	385.4756
		lb :	108.074	208.5671	378.5244
		A:
			-0.9606	-0.2015	0.1913
			0.8123	0.3825	-0.4404
			-0.0715	-0.7954	-0.6019
			-0.4845	-0.8158	-0.3159
			-0.8323	0.2908	0.4719
			0.8573	0.2926	-0.4237
			0.7223	0.2154	0.6572
			-0.6761	0.0198	0.7366
			0.1456	-0.9763	0.1599
			-0.7223	-0.2154	-0.6572
			0.6761	-0.0198	-0.7366
			-0.1456	0.9763	-0.1599
		b:
			-74.2171
			5.4144
			-403.6261
			-344.8057
			151.2637
			-2.13
			379.0245
			212.6704
			-126.6787
			-375.0245
			-207.6704
			130.6787
	==================================================================================
	Q2:
		Shape: Hybrid
		q_c:	120.0	207.5	377.0
		ub :	124.4144	211.4856	380.5429
		lb :	115.5856	203.5144	373.4571
		P^-1:
			0.1545	-0.0615	-0.0563
			-0.0615	0.2104	-0.0363
			-0.0563	-0.0363	0.2168
		A:
			-0.2675	-0.8553	0.4438
			-0.8765	0.3799	-0.2957
			0.3717	-0.0894	0.924
			-0.2599	0.4452	0.8569
			0.8604	-0.4854	0.1555
			0.7657	-0.184	-0.6163
		b:
			-40.9428
			-136.1744
			376.133
			385.5397
			62.6047
			-177.536
	==================================================================================
	Q3:
		Shape: Ellipse
		q_c:	118.0	213.0	388.0
		ub :	122.0367	216.0791	392.0124
		lb :	113.9633	209.9209	383.9876
		P^-1:
			0.2017	-0.1195	0.0094
			-0.1195	0.3829	0.0341
			0.0094	0.0341	0.1309
	==================================================================================
	Q4:
		Shape: Hybrid
		q_c:	111.0	214.0	380.0
		ub :	115.4645	218.4696	385.0947
		lb :	106.5355	209.5304	374.9053
		P^-1:
			0.126	-0.0139	-0.0361
			-0.0139	0.1091	-0.0012
			-0.0361	-0.0012	0.1177
		A:
			0.3029	-0.9142	-0.2691
			-0.4674	0.8831	0.041
			-0.0961	0.694	0.7136
			0.5596	0.556	-0.6146
			-0.2991	0.758	0.5796
			-0.7426	0.6609	0.1087
		b:
			-262.6339
			154.3014
			410.788
			-50.9112
			350.8947
			101.8066
	==================================================================================
	Q5:
		Shape: Polyhedra
		q_c:	115.5	217.0	380.5
		ub :	120.6614	222.088	385.0981
		lb :	110.3386	211.912	375.9019
		A:
			-0.2306	-0.3571	-0.9052
			-0.6865	-0.5556	-0.4691
			0.0766	0.0078	0.997
			0.955	-0.0742	-0.2873
			-0.4843	-0.5754	0.6591
			0.8847	0.2657	0.3829
			0.7012	0.6948	0.1601
			0.6099	-0.4683	-0.6393
			-0.3692	0.5459	-0.7521
			-0.7012	-0.6948	-0.1601
			-0.6099	0.4683	0.6393
			0.3692	-0.5459	0.7521
		b:
			-445.4847
			-375.3597
			392.8161
			-11.8038
			72.9052
			308.4596
			295.6656
			-270.9172
			-207.8605
			-289.6656
			277.9172
			212.8605
	==================================================================================
	Q6:
		Shape: Ellipse
		q_c:	119.0	208.5	386.0
		ub :	122.8823	211.9501	389.0407
		lb :	115.1177	205.0499	382.9593
		P^-1:
			0.2226	0.0634	0.1184
			0.0634	0.2024	-0.0218
			0.1184	-0.0218	0.3806


===========================================================================================
===========================================================================================
S6:
	q_c:	443.5	256.0	490.0
	ub :	462.6917	274.7193	510.0277
	lb :	429.6555	236.4261	469.9768

	==================================================================================
	Q1:
		Shape: Ellipse
		q_c:	450.0	263.0	498.0
		ub :	457.3446	269.5459	504.622
		lb :	442.6554	256.4541	491.378
		P^-1:
			0.0546	-0.0015	-0.0098
			-0.0015	0.0498	0.004
			-0.0098	0.004	0.0475
	==================================================================================
	Q2:
		Shape: Polyhedra
		q_c:	453.5	251.5	481.0
		ub :	462.6917	259.3302	491.4324
		lb :	444.3083	243.6698	470.5676
		A:
			0.767	-0.6059	0.2113
			-0.6982	0.6908	-0.1879
			-0.6659	0.2414	0.7059
			0.6126	-0.7849	0.0933
			-0.4004	0.6638	-0.6317
			0.4064	-0.8562	-0.319
			0.4237	0.5463	0.7225
			-0.869	0.02	0.4945
			0.2557	-0.8373	0.4832
			-0.4237	-0.5463	-0.7225
			0.869	-0.02	-0.4945
			-0.2557	0.8373	-0.4832
		b:
			301.7595
			-228.7728
			104.1511
			129.7674
			-314.0842
			-178.7249
			685.0733
			-145.6897
			141.8003
			-669.0733
			156.6897
			-133.8003
	==================================================================================
	Q3:
		Shape: Hybrid
		q_c:	438.5	249.5	499.0
		ub :	447.3445	260.5434	510.0277
		lb :	429.6555	238.4566	487.9723
		P^-1:
			0.0277	-0.0077	-0.0055
			-0.0077	0.0275	0.0071
			-0.0055	0.0071	0.023
		A:
			-0.8064	0.3879	-0.4464
			0.856	0.1843	-0.483
			0.8475	-0.3598	0.3903
			-0.2076	0.6	0.7726
			-0.5084	0.861	-0.0125
			-0.9572	0.2191	0.1891
		b:
			-475.4046
			184.2889
			480.6917
			447.3014
			-11.0826
			-267.4533
	==================================================================================
	Q4:
		Shape: Hybrid
		q_c:	454.0	243.5	477.5
		ub :	459.0062	250.5739	485.0232
		lb :	448.9938	236.4261	469.9768
		P^-1:
			0.338	0.0992	0.1472
			0.0992	0.0806	0.0592
			0.1472	0.0592	0.0989
		A:
			-0.9998	-0.0153	0.0102
			0.8903	0.0283	0.4544
			-0.9935	-0.0406	-0.106
			-0.8384	0.4419	-0.3192
			0.8807	0.4569	0.1252
			-0.7715	0.4456	0.4541
		b:
			-450.5794
			629.3528
			-509.8293
			-422.6746
			572.6685
			-21.0017
	==================================================================================
	Q5:
		Shape: Polyhedra
		q_c:	439.0	250.5	480.5
		ub :	446.3387	258.7753	488.167
		lb :	431.6613	242.2247	472.833
		A:
			-0.5012	-0.511	-0.6984
			-0.9073	-0.0008	0.4204
			-0.3018	-0.4701	0.8294
			-0.6762	-0.382	0.6299
			0.1239	0.2308	0.9651
			-0.4433	0.3102	-0.841
			0.1158	0.7336	0.6696
			0.575	0.5002	-0.6474
			-0.8099	0.46	-0.3639
			-0.1158	-0.7336	-0.6696
			-0.575	-0.5002	0.6474
			0.8099	-0.46	0.3639
		b:
			-677.9039
			-192.1252
			151.3849
			-87.2194
			581.1337
			-515.24
			561.8489
			69.1433
			-408.694
			-550.8489
			-64.1433
			421.694
	==================================================================================
	Q6:
		Shape: Hybrid
		q_c:	445.0	266.0	493.5
		ub :	452.7171	274.7193	502.8445
		lb :	437.2829	257.2807	484.1555
		P^-1:
			0.0382	0.0033	0.0123
			0.0033	0.0213	0.0035
			0.0123	0.0035	0.0339
		A:
			0.4197	0.9033	-0.0889
			-0.4644	-0.5282	-0.7109
			-0.8762	0.4507	0.1707
			0.1974	-0.9433	-0.267
			0.314	0.2235	0.9227
			0.2885	0.6298	0.7211
		b:
			387.5335
			-695.1621
			-181.8504
			-290.2656
			657.3965
			655.0556


===========================================================================================
===========================================================================================
S7:
	q_c:	433.5	113.0	486.5
	ub :	445.5551	130.1209	502.8646
	lb :	416.3032	103.5018	473.3323

	==================================================================================
	Q1:
		Shape: Ellipse
		q_c:	434.0	109.0	483.0
		ub :	440.1097	114.4982	488.6793
		lb :	427.8903	103.5018	477.3207
		P^-1:
			0.0748	0.01	0.0055
			0.01	0.0537	0.0046
			0.0055	0.0046	0.0649
	==================================================================================
	Q2:
		Shape: Hybrid
		q_c:	438.5	123.0	497.5
		ub :	443.9806	128.0608	502.8646
		lb :	433.0194	117.9392	492.1354
		P^-1:
			0.1027	-0.0048	0.0178
			-0.0048	0.1084	0.01
			0.0178	0.01	0.0736
		A:
			0.2616	0.4256	0.8663
			0.2773	0.1753	0.9447
			0.6946	-0.3402	0.6339
			0.4912	-0.853	-0.1762
			-0.1941	0.8429	0.5019
			-0.1953	0.8215	-0.5357
		b:
			599.8617
			615.1004
			579.7365
			24.3425
			269.9085
			-249.1982
	==================================================================================
	Q3:
		Shape: Hybrid
		q_c:	430.0	124.0	496.0
		ub :	436.7274	129.1859	502.216
		lb :	423.2726	118.8141	489.784
		P^-1:
			0.0558	-0.0073	-0.0066
			-0.0073	0.0792	0.0006
			-0.0066	0.0006	0.0584
		A:
			-0.5974	-0.7506	0.2823
			0.2989	-0.5732	0.763
			0.5555	0.7977	-0.2349
			0.1186	-0.7622	-0.6364
			-0.0307	0.8283	-0.5594
			-0.3407	0.9125	-0.2265
		b:
			-207.6769
			438.1451
			223.4625
			-357.1533
			-185.9369
			-143.8244
	==================================================================================
	Q4:
		Shape: Hybrid
		q_c:	437.5	118.5	479.5
		ub :	442.1624	124.7924	485.6677
		lb :	432.8376	112.2076	473.3323
		P^-1:
			0.201	-0.0796	0.0153
			-0.0796	0.1022	-0.0324
			0.0153	-0.0324	0.0685
		A:
			-0.9738	0.0797	-0.2131
			0.222	0.8764	-0.4273
			0.9388	0.2368	0.2502
			0.8888	-0.1699	-0.4256
			-0.3176	0.5526	0.7705
			-0.973	0.1123	0.2016
		b:
			-517.0996
			-1.2346
			561.2937
			166.411
			299.3492
			-314.1834
	==================================================================================
	Q5:
		Shape: Polyhedra
		q_c:	424.5	123.0	494.0
		ub :	432.6968	130.1209	499.7038
		lb :	416.3032	115.8791	488.2962
		A:
			0.8325	0.2261	-0.5058
			0.0066	-0.0028	-1.0
			-0.0366	0.7911	0.6106
			0.3059	0.0023	-0.9521
			-0.5811	-0.6545	0.4837
			0.5335	0.4489	0.7168
			0.4991	0.826	0.262
			0.3879	0.0574	-0.9199
			-0.7749	0.5607	-0.2917
			-0.4991	-0.826	-0.262
			-0.3879	-0.0574	0.9199
			0.7749	-0.5607	0.2917
		b:
			135.2132
			-488.0502
			387.439
			-337.1769
			-84.6949
			640.0814
			446.865
			-279.7442
			-397.5935
			-438.865
			285.7442
			410.5935
	==================================================================================
	Q6:
		Shape: Hybrid
		q_c:	438.5	122.0	491.0
		ub :	445.5551	128.4268	496.721
		lb :	431.4449	115.5732	485.279
		P^-1:
			0.0502	-0.0266	-0.0408
			-0.0266	0.075	0.0295
			-0.0408	0.0295	0.1251
		A:
			-0.4745	0.3798	0.7941
			-0.0947	0.8588	0.5036
			0.5324	0.0516	-0.8449
			0.2997	-0.8217	-0.4848
			-0.6847	0.7027	0.1933
			0.0885	-0.1449	-0.9855
		b:
			229.4527
			312.7336
			-173.202
			-205.0483
			-117.2268
			-460.9421


===========================================================================================
===========================================================================================
S8:
	q_c:	338.0	59.0	183.0
	ub :	369.9081	106.5098	227.5708
	lb :	299.882	26.5283	141.1622

	==================================================================================
	Q1:
		Shape: Polyhedra
		q_c:	326.0	88.0	158.5
		ub :	343.7946	106.5098	175.8378
		lb :	308.2054	69.4902	141.1622
		A:
			0.9778	-0.1998	-0.0632
			-0.8382	0.2328	0.4933
			0.4871	-0.7448	0.456
			-0.4558	0.1224	0.8816
			0.2787	0.1847	-0.9425
			0.9716	0.0667	0.2271
			0.3973	0.6624	0.6351
			-0.7551	0.6293	-0.1839
			-0.5215	-0.4065	0.7502
			-0.3973	-0.6624	-0.6351
			0.7551	-0.6293	0.1839
			0.5215	0.4065	-0.7502
		b:
			301.3796
			-164.2739
			175.6224
			12.7123
			-31.571
			369.3628
			300.482
			-209.9363
			-76.3816
			-276.482
			229.9363
			97.3816
	==================================================================================
	Q2:
		Shape: Ellipse
		q_c:	331.0	63.0	209.0
		ub :	342.5091	77.9951	225.4091
		lb :	319.4909	48.0049	192.5909
		P^-1:
			0.0793	-0.0474	0.006
			-0.0474	0.0391	-0.0032
			0.006	-0.0032	0.0079
	==================================================================================
	Q3:
		Shape: Ellipse
		q_c:	322.0	86.5	202.5
		ub :	344.118	105.6688	225.1669
		lb :	299.882	67.3312	179.8331
		P^-1:
			0.0064	-0.0002	-0.0021
			-0.0002	0.0082	-0.0014
			-0.0021	-0.0014	0.0055
	==================================================================================
	Q4:
		Shape: Hybrid
		q_c:	356.5	47.0	184.5
		ub :	368.2985	62.1987	193.3351
		lb :	344.7015	31.8013	175.6649
		P^-1:
			0.1025	0.0604	-0.0426
			0.0604	0.0433	-0.0192
			-0.0426	-0.0192	0.0516
		A:
			-0.8356	-0.3115	0.4525
			-0.6469	-0.1788	0.7413
			-0.6486	-0.1488	0.7465
			-0.8427	-0.3823	0.3791
			0.7569	0.426	-0.4956
			-0.4307	0.1633	-0.8876
		b:
			-226.9683
			-99.9344
			-97.9629
			-246.7343
			199.7153
			-301.4429
	==================================================================================
	Q5:
		Shape: Ellipse
		q_c:	357.0	39.0	201.5
		ub :	369.9081	51.4717	212.27
		lb :	344.0919	26.5283	190.73
		P^-1:
			0.0329	0.0255	-0.0311
			0.0255	0.0477	-0.0403
			-0.0311	-0.0403	0.0525
	==================================================================================
	Q6:
		Shape: Ellipse
		q_c:	321.5	43.0	210.0
		ub :	339.1493	55.1899	227.5708
		lb :	303.8507	30.8101	192.4292
		P^-1:
			0.008	-0.0009	0.003
			-0.0009	0.0144	-0.0018
			0.003	-0.0018	0.0102


===========================================================================================
===========================================================================================
