3D_45_25_6_e                l = 3

===========================================================================================
===========================================================================================
S1:
	q_c:	109.5	338.5	57.0
	ub :	124.6754	354.0023	74.6288
	lb :	89.2727	315.5171	40.7862

	==================================================================================
	Q1:
		Shape: Hybrid
		q_c:	96.0	339.0	66.0
		ub :	102.0822	346.7893	74.6288
		lb :	89.9178	331.2107	57.3712
		P^-1:
			0.1317	0.047	0.0269
			0.047	0.0634	-0.002
			0.0269	-0.002	0.0346
		A:
			0.2817	0.1875	0.941
			0.7364	-0.1272	-0.6645
			-0.5528	-0.8042	0.2182
			0.6758	0.4356	0.5946
			0.7681	0.5925	0.2429
			0.6001	0.7095	0.3696
		b:
			157.1079
			-11.2671
			-309.1642
			254.2897
			292.1462
			324.8867
	==================================================================================
	Q2:
		Shape: Hybrid
		q_c:	98.5	324.5	63.5
		ub :	107.6577	333.4829	73.5654
		lb :	89.3423	315.5171	53.4346
		P^-1:
			0.031	0.0047	0.0033
			0.0047	0.0295	0.0062
			0.0033	0.0062	0.0309
		A:
			-0.9979	0.0033	-0.0654
			0.3303	0.3722	0.8674
			0.3638	-0.8571	-0.3648
			0.995	0.0304	-0.0953
			-0.0293	-0.0093	0.9995
			-0.5841	-0.8063	0.0931
		b:
			-98.1169
			211.0971
			-262.0514
			105.1001
			60.9056
			-310.1261
	==================================================================================
	Q3:
		Shape: Ellipse
		q_c:	115.0	345.5	65.5
		ub :	123.7169	354.0023	74.6023
		lb :	106.2831	336.9977	56.3977
		P^-1:
			0.0326	0.0023	-0.0006
			0.0023	0.0216	0.0029
			-0.0006	0.0029	0.0323
	==================================================================================
	Q4:
		Shape: Ellipse
		q_c:	105.5	324.5	51.0
		ub :	115.9762	333.4359	61.2138
		lb :	95.0238	315.5641	40.7862
		P^-1:
			0.0254	0.005	0.0108
			0.005	0.0383	-0.0037
			0.0108	-0.0037	0.0319
	==================================================================================
	Q5:
		Shape: Polyhedra
		q_c:	118.0	332.0	55.0
		ub :	124.6754	336.6739	60.043
		lb :	111.3246	327.3261	49.957
		A:
			-0.5566	-0.7632	0.3282
			-0.0665	0.9854	0.1565
			0.2246	-0.8732	0.4326
			-0.1933	-0.5175	0.8336
			0.3987	0.0116	-0.917
			0.0408	0.2395	-0.97
			0.1849	0.4755	0.8601
			0.0566	0.8685	-0.4924
			-0.9811	0.1397	0.1336
			-0.1849	-0.4755	-0.8601
			-0.0566	-0.8685	0.4924
			0.9811	-0.1397	-0.1336
		b:
			-297.3507
			331.062
			-236.6629
			-145.782
			4.5968
			34.1064
			230.487
			270.4573
			-56.0385
			-223.487
			-265.4573
			68.0385
	==================================================================================
	Q6:
		Shape: Ellipse
		q_c:	96.5	342.5	66.0
		ub :	103.7273	352.0817	73.268
		lb :	89.2727	332.9183	58.732
		P^-1:
			0.088	0.0416	0.004
			0.0416	0.0352	0.0021
			0.004	0.0021	0.0206


===========================================================================================
===========================================================================================
S2:
	q_c:	424.5	45.5	129.5
	ub :	430.4649	51.8748	133.3542
	lb :	419.3271	42.497	124.3328

	==================================================================================
	Q1:
		Shape: Ellipse
		q_c:	428.5	47.5	131.0
		ub :	430.4649	49.2644	132.791
		lb :	426.5351	45.7356	129.209
		P^-1:
			0.5923	0.1838	-0.1628
			0.1838	0.9171	0.0734
			-0.1628	0.0734	0.935
	==================================================================================
	Q2:
		Shape: Ellipse
		q_c:	423.0	46.0	127.5
		ub :	426.1155	49.503	130.6672
		lb :	419.8845	42.497	124.3328
		P^-1:
			0.2985	0.0139	0.0951
			0.0139	0.215	0.0883
			0.0951	0.0883	0.341
	==================================================================================
	Q3:
		Shape: Polyhedra
		q_c:	427.0	45.5	126.5
		ub :	429.6775	48.1896	128.2888
		lb :	424.3225	42.8104	124.7112
		A:
			-0.2643	0.291	-0.9195
			-0.6875	-0.3361	0.6438
			-0.8514	-0.2731	0.4479
			-0.2751	0.629	-0.7271
			0.2272	-0.0117	-0.9738
			0.247	-0.4613	0.8522
			0.6414	0.5594	0.525
			0.6904	-0.7194	-0.0768
			0.3347	0.4117	-0.8476
			-0.6414	-0.5594	-0.525
			-0.6904	0.7194	0.0768
			-0.3347	-0.4117	0.8476
		b:
			-214.6708
			-226.2469
			-317.9557
			-179.4018
			-25.5394
			193.6014
			367.2429
			254.3317
			55.4273
			-364.2429
			-250.3317
			-53.4273
	==================================================================================
	Q4:
		Shape: Hybrid
		q_c:	422.0	49.0	130.5
		ub :	424.6729	51.6845	133.3542
		lb :	419.3271	46.3155	127.6458
		P^-1:
			0.3335	0.0528	0.0805
			0.0528	0.4193	-0.0383
			0.0805	-0.0383	0.3861
		A:
			-0.0169	-0.7326	-0.6805
			-0.2449	-0.8899	0.3848
			-0.397	-0.6243	-0.6727
			0.265	-0.837	0.4787
			-0.8729	0.0285	0.487
			-0.6267	0.6959	-0.3507
		b:
			-130.8867
			-95.9721
			-285.1329
			134.0759
			-302.2311
			-275.2359
	==================================================================================
	Q5:
		Shape: Hybrid
		q_c:	423.5	46.5	129.5
		ub :	425.8374	48.8002	131.2395
		lb :	421.1626	44.1998	127.7605
		P^-1:
			0.7142	0.3511	-0.0971
			0.3511	0.5688	0.1193
			-0.0971	0.1193	0.967
		A:
			0.6053	0.7865	-0.1227
			-0.6258	-0.7458	0.2285
			0.076	-0.6515	-0.7548
			0.9805	0.1248	0.1518
			0.3577	0.2821	0.8902
			0.2758	-0.5262	-0.8044
		b:
			277.6016
			-269.5418
			-95.1436
			441.5758
			280.4271
			-11.1108
	==================================================================================
	Q6:
		Shape: Hybrid
		q_c:	422.5	49.5	131.0
		ub :	424.1141	51.8748	133.2282
		lb :	420.8859	47.1252	128.7718
		P^-1:
			0.8765	0.0486	-0.2259
			0.0486	0.2676	-0.0726
			-0.2259	-0.0726	0.5504
		A:
			0.1544	-0.9499	0.2717
			-0.0498	-0.0465	-0.9977
			-0.7499	-0.2961	0.5916
			0.7591	-0.5043	0.4116
			0.9922	0.0423	-0.1177
			0.0408	0.6207	-0.783
		b:
			55.1687
			-153.0573
			-253.4356
			350.6959
			406.442
			-53.5755


===========================================================================================
===========================================================================================
S3:
	q_c:	304.0	139.5	510.5
	ub :	319.3217	147.1706	529.7554
	lb :	291.8375	119.5418	491.8444

	==================================================================================
	Q1:
		Shape: Polyhedra
		q_c:	299.5	142.0	514.0
		ub :	304.5294	147.1706	516.7792
		lb :	294.4706	136.8294	511.2208
		A:
			0.1233	0.2538	-0.9594
			0.7451	-0.6004	-0.2906
			-0.1762	0.462	-0.8692
			0.903	0.1972	-0.3817
			-0.511	0.1802	-0.8405
			-0.7888	-0.3841	-0.4798
			0.6825	0.6907	0.2389
			0.7283	-0.67	-0.1435
			0.0609	0.272	-0.9604
			-0.6825	-0.6907	-0.2389
			-0.7283	0.67	0.1435
			-0.0609	-0.272	0.9604
		b:
			-418.6508
			-8.0185
			-432.1394
			105.4484
			-557.1242
			-534.058
			428.8071
			52.7147
			-435.2517
			-421.8071
			-45.7147
			438.2517
	==================================================================================
	Q2:
		Shape: Polyhedra
		q_c:	311.5	133.5	514.5
		ub :	318.9008	139.0885	522.1651
		lb :	304.0992	127.9115	506.8349
		A:
			0.1472	0.7096	0.689
			-0.4475	0.8147	-0.3688
			0.8487	0.4127	-0.3308
			-0.3214	-0.7238	0.6106
			0.907	0.3483	-0.2369
			0.4309	-0.8152	-0.3869
			0.6308	0.0721	0.7726
			-0.7354	0.373	0.5657
			-0.2474	-0.925	0.2883
			-0.6308	-0.0721	-0.7726
			0.7354	-0.373	-0.5657
			0.2474	0.925	-0.2883
		b:
			499.8478
			-215.9354
			153.4493
			121.467
			211.4109
			-169.6653
			609.111
			115.7624
			-48.2267
			-598.111
			-107.7624
			56.2267
	==================================================================================
	Q3:
		Shape: Ellipse
		q_c:	299.5	125.5	499.0
		ub :	306.2376	131.4582	506.1556
		lb :	292.7624	119.5418	491.8444
		P^-1:
			0.0578	0.0001	-0.0063
			0.0001	0.0494	-0.0001
			-0.0063	-0.0001	0.0541
	==================================================================================
	Q4:
		Shape: Polyhedra
		q_c:	299.5	129.0	521.5
		ub :	307.1625	137.5852	529.7554
		lb :	291.8375	120.4148	513.2446
		A:
			-0.2348	0.9551	-0.1807
			-0.0716	-0.6669	-0.7417
			-0.0795	0.9199	0.3839
			-0.6661	0.4262	-0.6121
			0.6615	-0.4451	-0.6036
			0.7589	-0.5388	0.3656
			0.6243	0.5378	0.5666
			-0.7384	0.643	0.2032
			-0.2551	-0.5453	0.7985
			-0.6243	-0.5378	-0.5666
			0.7384	-0.643	-0.2032
			0.2551	0.5453	-0.7985
		b:
			-36.2546
			-489.7083
			299.6458
			-458.7486
			-169.3079
			353.2126
			556.3473
			-27.7257
			275.6843
			-547.3473
			36.7257
			-263.6843
	==================================================================================
	Q5:
		Shape: Ellipse
		q_c:	313.5	138.5	508.5
		ub :	319.3217	143.9687	514.4724
		lb :	307.6783	133.0313	502.5276
		P^-1:
			0.0927	-0.0218	-0.018
			-0.0218	0.0853	-0.0213
			-0.018	-0.0213	0.0936
	==================================================================================
	Q6:
		Shape: Ellipse
		q_c:	306.0	132.5	507.0
		ub :	310.2765	137.5515	511.1659
		lb :	301.7235	127.4485	502.8341
		P^-1:
			0.1479	0.0245	-0.0162
			0.0245	0.0706	0.0027
			-0.0162	0.0027	0.115


===========================================================================================
===========================================================================================
S4:
	q_c:	291.0	211.0	464.5
	ub :	307.1505	221.8924	474.8113
	lb :	284.1511	196.5486	448.683

	==================================================================================
	Q1:
		Shape: Ellipse
		q_c:	302.0	207.0	469.5
		ub :	307.1505	211.3727	474.8113
		lb :	296.8495	202.6273	464.1887
		P^-1:
			0.3944	-0.4135	-0.1986
			-0.4135	0.5755	0.1918
			-0.1986	0.1918	0.1812
	==================================================================================
	Q2:
		Shape: Hybrid
		q_c:	299.5	214.0	460.0
		ub :	305.6707	221.8924	466.5576
		lb :	293.3293	206.1076	453.4424
		P^-1:
			0.096	-0.0291	0.0058
			-0.0291	0.0507	0.0241
			0.0058	0.0241	0.0697
		A:
			0.5943	-0.3292	-0.7338
			-0.5456	0.7964	0.2608
			-0.7413	-0.2492	-0.6232
			-0.9875	0.1574	-0.0033
			-0.3034	0.0778	-0.9497
			-0.4078	-0.5007	-0.7635
		b:
			-227.9167
			129.0529
			-559.9681
			-261.7771
			-508.4599
			-578.353
	==================================================================================
	Q3:
		Shape: Ellipse
		q_c:	301.5	216.0	462.0
		ub :	304.3039	218.2275	464.7386
		lb :	298.6961	213.7725	459.2614
		P^-1:
			0.3026	0.0167	0.0847
			0.0167	0.4425	-0.01
			0.0847	-0.01	0.3938
	==================================================================================
	Q4:
		Shape: Hybrid
		q_c:	291.0	203.5	456.0
		ub :	297.8489	210.4514	463.317
		lb :	284.1511	196.5486	448.683
		P^-1:
			0.0456	0.009	0.0115
			0.009	0.0684	-0.0156
			0.0115	-0.0156	0.0632
		A:
			-0.3229	0.9396	-0.1136
			-0.7481	-0.1117	-0.6542
			-0.8682	0.0784	-0.49
			-0.0384	-0.6986	-0.7145
			0.864	-0.1965	0.4635
			0.6038	0.7962	-0.0392
		b:
			47.9991
			-536.4558
			-457.6033
			-476.2776
			425.4062
			321.9657
	==================================================================================
	Q5:
		Shape: Ellipse
		q_c:	295.0	215.0	467.0
		ub :	299.7762	220.5239	471.6151
		lb :	290.2238	209.4761	462.3849
		P^-1:
			0.1056	-0.0078	-0.0194
			-0.0078	0.1028	-0.0423
			-0.0194	-0.0423	0.1252
	==================================================================================
	Q6:
		Shape: Polyhedra
		q_c:	301.5	203.5	461.5
		ub :	306.9266	209.2732	466.5962
		lb :	296.0734	197.7268	456.4038
		A:
			0.8571	0.0565	0.512
			-0.3993	-0.2179	0.8906
			-0.9096	-0.3833	-0.1603
			0.2524	-0.1331	-0.9584
			0.0605	0.4358	0.898
			-0.7738	-0.2746	-0.5708
			0.7583	0.6326	0.1574
			0.293	-0.5464	0.7846
			0.5824	-0.5488	-0.5997
			-0.7583	-0.6326	-0.1574
			-0.293	0.5464	-0.7846
			-0.5824	0.5488	0.5997
		b:
			509.6946
			249.5602
			-422.7675
			-390.1047
			524.5863
			-549.1138
			433.5235
			342.7115
			-209.8663
			-426.5235
			-335.7115
			215.8663


===========================================================================================
===========================================================================================
S5:
	q_c:	529.0	173.0	21.0
	ub :	549.41	193.8416	41.2942
	lb :	510.578	166.9174	-3.9645

	==================================================================================
	Q1:
		Shape: Ellipse
		q_c:	521.0	178.5	31.5
		ub :	531.422	185.7431	41.2942
		lb :	510.578	171.2569	21.7058
		P^-1:
			0.0275	-0.0138	0.0223
			-0.0138	0.0455	-0.0212
			0.0223	-0.0212	0.0503
	==================================================================================
	Q2:
		Shape: Polyhedra
		q_c:	534.0	179.0	25.0
		ub :	540.8669	186.3522	31.2437
		lb :	527.1331	171.6478	18.7563
		A:
			-0.5401	-0.8403	0.0467
			0.9827	0.0677	0.1722
			-0.1659	0.9783	-0.1242
			0.9	0.2813	-0.3329
			-0.938	0.2516	0.2385
			-0.5239	0.1062	-0.8452
			0.7735	0.6311	0.0578
			0.5604	-0.7237	0.4027
			0.296	-0.2791	-0.9135
			-0.7735	-0.6311	-0.0578
			-0.5604	0.7237	-0.4027
			-0.296	0.2791	0.9135
		b:
			-434.2087
			545.424
			88.7904
			526.0332
			-445.2679
			-276.8674
			530.4784
			185.7743
			89.2625
			-524.4784
			-173.7743
			-81.2625
	==================================================================================
	Q3:
		Shape: Hybrid
		q_c:	537.0	183.5	7.0
		ub :	545.9317	192.0308	15.2691
		lb :	528.0683	174.9692	-1.2691
		P^-1:
			0.0383	-0.0037	0.0175
			-0.0037	0.0524	-0.0244
			0.0175	-0.0244	0.0514
		A:
			-0.4559	-0.8888	0.0478
			-0.0378	0.8918	0.4508
			0.6542	-0.5828	0.4821
			0.0335	-0.7711	0.6358
			0.446	-0.1064	0.8887
			0.2698	-0.31	0.9117
		b:
			-404.5309
			150.8222
			250.0409
			-117.0818
			228.7295
			96.698
	==================================================================================
	Q4:
		Shape: Ellipse
		q_c:	540.5	182.5	32.0
		ub :	549.41	191.8767	39.1274
		lb :	531.59	173.1233	24.8726
		P^-1:
			0.0347	-0.0023	0.011
			-0.0023	0.0363	-0.0152
			0.011	-0.0152	0.0483
	==================================================================================
	Q5:
		Shape: Polyhedra
		q_c:	522.0	183.5	6.0
		ub :	529.857	193.8416	15.9645
		lb :	514.143	173.1584	-3.9645
		A:
			0.2429	0.5105	-0.8248
			-0.4745	0.8621	-0.1779
			-0.1098	-0.6957	-0.7099
			-0.6434	-0.4192	0.6406
			0.6497	0.7581	-0.057
			-0.5589	-0.0507	0.8277
			0.1676	0.6262	0.7615
			0.1168	0.7543	-0.646
			-0.9789	0.1973	0.0533
			-0.1676	-0.6262	-0.7615
			-0.1168	-0.7543	0.646
			0.9789	-0.1973	-0.0533
		b:
			221.2659
			-84.588
			-181.2482
			-403.2216
			484.3406
			-289.681
			214.9689
			201.0333
			-468.4711
			-198.9689
			-190.0333
			480.4711
	==================================================================================
	Q6:
		Shape: Polyhedra
		q_c:	524.5	178.5	21.5
		ub :	536.6627	190.0826	30.222
		lb :	512.3373	166.9174	12.778
		A:
			0.4233	0.2157	-0.8799
			0.8712	-0.1056	-0.4794
			0.6845	0.2083	-0.6986
			-0.8662	0.2765	0.4163
			-0.0005	0.2973	-0.9548
			0.976	-0.1777	-0.1261
			0.7259	0.6384	0.2559
			0.4043	-0.095	-0.9097
			-0.5564	0.7638	-0.3271
			-0.7259	-0.6384	-0.2559
			-0.4043	0.095	0.9097
			0.5564	-0.7638	0.3271
		b:
			246.5687
			433.8405
			386.7538
			-389.8699
			37.823
			484.6232
			508.6911
			180.0319
			-155.0491
			-491.6911
			-171.0319
			170.0491


===========================================================================================
===========================================================================================
S6:
	q_c:	355.5	404.5	380.5
	ub :	384.7854	434.8798	395.9577
	lb :	333.6084	383.4177	356.8761

	==================================================================================
	Q1:
		Shape: Hybrid
		q_c:	355.0	419.5	372.0
		ub :	367.0626	434.8798	387.1239
		lb :	342.9374	404.1202	356.8761
		P^-1:
			0.0138	-0.0001	0.0001
			-0.0001	0.012	0.0019
			0.0001	0.0019	0.0119
		A:
			-0.3055	0.7161	0.6276
			0.2253	-0.1346	0.965
			-0.7737	0.6125	-0.1617
			-0.7264	-0.5724	-0.3805
			0.0885	0.8489	0.5211
			0.7348	0.6764	0.0497
		b:
			429.6931
			387.6519
			-73.2121
			-635.2202
			585.7031
			567.7184
	==================================================================================
	Q2:
		Shape: Polyhedra
		q_c:	344.0	400.0	387.0
		ub :	354.3916	411.3259	395.9577
		lb :	333.6084	388.6741	378.0423
		A:
			0.274	0.9596	-0.0641
			-0.5542	0.4757	-0.683
			-0.4329	-0.7709	-0.4672
			0.5669	0.7674	0.2994
			-0.4083	-0.5779	-0.7066
			-0.552	0.7067	-0.4427
			0.1616	0.1819	0.9699
			-0.9524	0.2864	0.105
			-0.2587	-0.9407	0.2195
			-0.1616	-0.1819	-0.9699
			0.9524	-0.2864	-0.105
			0.2587	0.9407	-0.2195
		b:
			461.7472
			-257.3754
			-630.4359
			625.7958
			-638.0198
			-70.7717
			510.2168
			-164.9474
			-371.8108
			-497.2168
			179.9474
			388.8108
	==================================================================================
	Q3:
		Shape: Polyhedra
		q_c:	369.5	418.0	382.0
		ub :	380.717	429.4782	393.7071
		lb :	358.283	406.5218	370.2929
		A:
			0.4562	-0.8653	-0.2078
			-0.0927	0.1228	-0.9881
			0.6726	0.3893	-0.6294
			0.9093	-0.275	-0.3123
			-0.8419	-0.0184	0.5394
			-0.1318	-0.7345	0.6657
			0.7123	0.4845	0.5078
			-0.7006	0.448	0.5554
			0.0416	-0.7514	0.6586
			-0.7123	-0.4845	-0.5078
			0.7006	-0.448	-0.5554
			-0.0416	0.7514	-0.6586
		b:
			-267.278
			-353.1576
			176.9204
			107.5252
			-107.0211
			-95.7993
			670.7079
			145.01
			-41.6235
			-648.7079
			-136.01
			52.6235
	==================================================================================
	Q4:
		Shape: Polyhedra
		q_c:	345.5	391.5	375.5
		ub :	354.1321	399.5823	382.606
		lb :	336.8679	383.4177	368.394
		A:
			0.064	-0.2495	0.9663
			0.0838	-0.8235	0.5611
			0.6788	-0.1402	0.7208
			0.1423	-0.2155	-0.9661
			-0.5007	-0.1602	-0.8507
			-0.472	-0.3201	0.8214
			0.2221	0.9171	0.3312
			0.9656	-0.1598	-0.205
			-0.1351	0.3653	-0.921
			-0.2221	-0.9171	-0.3312
			-0.9656	0.1598	0.205
			0.1351	-0.3653	0.921
		b:
			291.3297
			-78.0395
			455.4801
			-392.9603
			-550.1865
			25.2799
			566.1093
			201.0884
			-245.4995
			-554.1093
			-187.0884
			253.4995
	==================================================================================
	Q5:
		Shape: Hybrid
		q_c:	351.5	417.5	370.5
		ub :	358.797	422.9249	377.717
		lb :	344.203	412.0751	363.283
		P^-1:
			0.0505	0.0005	0.0112
			0.0005	0.0625	-0.0005
			0.0112	-0.0005	0.052
		A:
			0.9245	0.3759	-0.0627
			-0.8107	0.5419	0.2214
			-0.057	0.7833	-0.6191
			-0.2793	0.1495	-0.9485
			-0.0662	0.8893	-0.4525
			-0.0472	0.952	0.3026
		b:
			461.2157
			25.9153
			79.7495
			-384.9806
			182.443
			495.0265
	==================================================================================
	Q6:
		Shape: Ellipse
		q_c:	374.0	408.0	385.0
		ub :	384.7854	418.548	395.1725
		lb :	363.2146	397.452	374.8275
		P^-1:
			0.0259	-0.0093	0.0059
			-0.0093	0.025	-0.0134
			0.0059	-0.0134	0.036


===========================================================================================
===========================================================================================
S7:
	q_c:	382.0	296.5	409.5
	ub :	402.143	311.0456	424.7674
	lb :	366.6382	277.1057	392.254

	==================================================================================
	Q1:
		Shape: Polyhedra
		q_c:	371.5	284.5	399.5
		ub :	376.3618	290.1166	404.658
		lb :	366.6382	278.8834	394.342
		A:
			-0.6862	0.5427	0.4844
			-0.3782	-0.879	-0.2905
			0.0906	-0.3181	-0.9437
			-0.2953	-0.6175	-0.729
			0.194	0.9764	0.095
			-0.4414	0.418	0.794
			0.7784	0.6157	0.1223
			0.3847	-0.6219	0.682
			0.496	-0.4839	-0.721
			-0.7784	-0.6157	-0.1223
			-0.3847	0.6219	-0.682
			-0.496	0.4839	0.721
		b:
			95.3561
			-504.0607
			-431.0999
			-574.1372
			390.9312
			274.2029
			515.7219
			243.4597
			-239.4394
			-510.7219
			-233.4597
			243.4394
	==================================================================================
	Q2:
		Shape: Polyhedra
		q_c:	386.5	297.0	418.5
		ub :	395.1413	305.0105	423.0962
		lb :	377.8587	288.9895	413.9038
		A:
			-0.0133	0.6862	0.7273
			0.3385	-0.6397	-0.6901
			-0.2581	-0.0294	-0.9657
			0.0652	0.529	-0.8461
			-0.6098	0.3071	-0.7307
			-0.9343	0.3463	0.0849
			0.1352	0.0126	0.9907
			-0.6445	0.7606	0.0782
			-0.7526	-0.6491	0.1109
			-0.1352	-0.0126	-0.9907
			0.6445	-0.7606	-0.0782
			0.7526	0.6491	-0.1109
		b:
			507.4795
			-343.8216
			-509.0568
			-167.1114
			-446.2696
			-217.5041
			474.109
			14.0592
			-430.2291
			-467.109
			-5.0592
			444.2291
	==================================================================================
	Q3:
		Shape: Ellipse
		q_c:	388.0	300.0	402.0
		ub :	398.1917	311.0456	411.746
		lb :	377.8083	288.9544	392.254
		P^-1:
			0.0236	-0.0044	-0.0036
			-0.0044	0.0263	0.0054
			-0.0036	0.0054	0.0213
	==================================================================================
	Q4:
		Shape: Ellipse
		q_c:	378.5	299.5	419.5
		ub :	383.083	305.9938	424.7674
		lb :	373.917	293.0062	414.2326
		P^-1:
			0.0999	-0.0024	-0.0141
			-0.0024	0.0287	0.0076
			-0.0141	0.0076	0.0919
	==================================================================================
	Q5:
		Shape: Polyhedra
		q_c:	381.5	297.0	406.0
		ub :	388.8718	306.6719	416.0163
		lb :	374.1282	287.3281	395.9837
		A:
			0.491	-0.2995	-0.818
			0.7306	-0.4489	-0.5145
			0.9029	-0.0676	0.4245
			-0.4645	0.5323	0.7078
			0.729	-0.6252	-0.2787
			0.5717	-0.8205	-0.0036
			0.3667	0.5883	0.7208
			0.9157	-0.0911	-0.3915
			-0.1646	0.8035	-0.5721
			-0.3667	-0.5883	-0.7208
			-0.9157	0.0911	0.3915
			0.1646	-0.8035	0.5721
		b:
			-228.8199
			-58.7136
			502.3163
			273.2352
			-15.3577
			-20.6011
			612.7317
			167.8225
			-48.9156
			-601.7317
			-158.8225
			63.9156
	==================================================================================
	Q6:
		Shape: Hybrid
		q_c:	395.5	285.0	404.0
		ub :	402.143	292.8943	410.9826
		lb :	388.857	277.1057	397.0174
		P^-1:
			0.0703	-0.0188	0.0047
			-0.0188	0.0504	0.0064
			0.0047	0.0064	0.0434
		A:
			0.5159	-0.0211	0.8564
			0.1491	-0.4069	-0.9012
			0.9043	0.4263	0.0203
			0.8073	-0.5896	0.025
			-0.6861	0.3868	-0.6161
			0.8663	0.4781	-0.1447
		b:
			546.6722
			-418.2925
			490.322
			163.1266
			-407.7262
			423.6155


===========================================================================================
===========================================================================================
S8:
	q_c:	264.0	519.5	452.5
	ub :	266.5371	523.2492	455.5858
	lb :	261.42	517.418	450.0749

	==================================================================================
	Q1:
		Shape: Hybrid
		q_c:	263.0	520.0	451.5
		ub :	264.58	521.6773	452.9251
		lb :	261.42	518.3227	450.0749
		P^-1:
			0.9901	0.0734	0.0016
			0.0734	0.4546	-0.0119
			0.0016	-0.0119	0.9997
		A:
			0.8129	0.4355	-0.3867
			0.7306	-0.3993	0.5538
			-0.9557	0.2908	0.0451
			-0.0709	0.2964	0.9524
			-0.4899	0.4035	-0.7728
			0.848	-0.0502	-0.5276
		b:
			266.2136
			235.1901
			-79.1716
			566.0621
			-267.2934
			-40.7246
	==================================================================================
	Q2:
		Shape: Ellipse
		q_c:	264.5	519.0	453.0
		ub :	265.5875	520.582	454.2138
		lb :	263.4125	517.418	451.7862
		P^-1:
			3.7321	0.8657	-0.3626
			0.8657	1.2032	1.1716
			-0.3626	1.1716	3.5092
	==================================================================================
	Q3:
		Shape: Polyhedra
		q_c:	264.5	521.5	452.0
		ub :	265.9275	523.2492	453.7623
		lb :	263.0725	519.7508	450.2377
		A:
			-0.6986	-0.2977	-0.6507
			-0.6592	-0.6685	-0.3444
			-0.7718	0.6009	-0.2081
			-0.5207	-0.8418	0.1419
			-0.6667	-0.7332	0.1343
			0.7242	0.5203	0.4525
			0.8245	0.5649	0.0328
			0.358	-0.5658	0.7428
			0.4381	-0.6007	-0.6688
			-0.8245	-0.5649	-0.0328
			-0.358	0.5658	-0.7428
			-0.4381	0.6007	0.6688
		b:
			-633.284
			-677.9395
			16.309
			-511.9607
			-497.4172
			668.1473
			528.0038
			136.3606
			-498.1436
			-527.0038
			-134.3606
			501.1436
	==================================================================================
	Q4:
		Shape: Hybrid
		q_c:	264.5	519.5	452.5
		ub :	265.837	520.9728	453.7592
		lb :	263.163	518.0272	451.2408
		P^-1:
			1.8196	0.7095	1.1329
			0.7095	1.6143	0.9809
			1.1329	0.9809	2.5662
		A:
			0.4833	0.5776	0.6578
			0.811	0.4147	0.4127
			0.3485	-0.0579	0.9355
			0.218	0.129	0.9674
			0.1345	0.9119	0.3878
			-0.768	-0.0169	0.6403
		b:
			725.8508
			617.0461
			485.8879
			562.8309
			685.2886
			78.545
	==================================================================================
	Q5:
		Shape: Hybrid
		q_c:	263.5	520.0	454.0
		ub :	265.0276	520.786	455.5858
		lb :	261.9724	519.214	452.4142
		P^-1:
			2.416	-0.1269	-1.7626
			-0.1269	3.9898	-0.1412
			-1.7626	-0.1412	2.0386
		A:
			0.5202	0.0939	-0.8489
			0.4895	0.8228	-0.2886
			-0.6843	0.0885	0.7239
			-0.3012	0.9501	0.081
			-0.9045	0.1492	0.3995
			-0.3798	0.856	-0.3508
		b:
			-199.0918
			426.1165
			194.5947
			451.7086
			21.0069
			186.3204
	==================================================================================
	Q6:
		Shape: Polyhedra
		q_c:	264.5	520.0	454.0
		ub :	266.5371	522.0866	455.3628
		lb :	262.4629	517.9134	452.6372
		A:
			-0.3562	-0.538	0.764
			0.9425	0.2779	-0.1856
			0.3152	0.1593	0.9356
			0.2304	-0.3092	-0.9227
			-0.3236	-0.7931	-0.5161
			0.1281	0.9917	0.0081
			0.3391	0.4576	0.8219
			0.388	0.7279	-0.5653
			-0.857	0.5106	0.0692
			-0.3391	-0.4576	-0.8219
			-0.388	-0.7279	0.5653
			0.857	-0.5106	-0.0692
		b:
			-25.6958
			311.008
			591.6014
			-517.7646
			-731.4809
			554.6045
			701.3192
			225.9737
			71.7866
			-700.3192
			-222.9737
			-68.7866


===========================================================================================
===========================================================================================
S9:
	q_c:	99.0	483.0	128.5
	ub :	110.5755	496.3899	141.9368
	lb :	79.59	462.5084	103.8294

	==================================================================================
	Q1:
		Shape: Polyhedra
		q_c:	103.0	479.5	126.0
		ub :	110.5755	487.4092	133.7732
		lb :	95.4245	471.5908	118.2268
		A:
			-0.0238	-0.3494	-0.9367
			0.6674	0.2766	-0.6914
			-0.0784	-0.9249	-0.3719
			0.3658	-0.0263	-0.9303
			0.653	0.0669	-0.7544
			0.9391	-0.3432	-0.0163
			0.6642	0.5832	0.4677
			-0.7046	0.2792	0.6524
			0.2499	-0.7628	0.5964
			-0.6642	-0.5832	-0.4677
			0.7046	-0.2792	-0.6524
			-0.2499	0.7628	-0.5964
		b:
			-283.2111
			118.2326
			-493.1642
			-88.2836
			7.9483
			-65.6409
			412.9744
			147.0254
			-260.4105
			-400.9744
			-140.0254
			269.4105
	==================================================================================
	Q2:
		Shape: Hybrid
		q_c:	97.0	473.0	114.0
		ub :	109.5559	483.4916	124.1706
		lb :	84.4441	462.5084	103.8294
		P^-1:
			0.0184	-0.0027	-0.0064
			-0.0027	0.0223	-0.003
			-0.0064	-0.003	0.0231
		A:
			-0.1684	0.6919	-0.7021
			0.2729	-0.2652	0.9248
			-0.3982	0.4246	0.8131
			0.6112	-0.4024	-0.6815
			-0.9755	-0.0458	-0.2151
			-0.87	0.4761	-0.1277
		b:
			234.36
			10.8022
			258.3587
			-205.5316
			-135.4248
			130.5608
	==================================================================================
	Q3:
		Shape: Ellipse
		q_c:	98.5	481.0	139.5
		ub :	103.8869	486.3727	141.9368
		lb :	93.1131	475.6273	137.0632
		P^-1:
			0.2342	0.2045	-0.2683
			0.2045	0.256	-0.2961
			-0.2683	-0.2961	0.7098
	==================================================================================
	Q4:
		Shape: Polyhedra
		q_c:	85.0	478.0	132.5
		ub :	90.41	483.9636	138.5242
		lb :	79.59	472.0364	126.4758
		A:
			-0.08	0.1987	-0.9768
			-0.4609	0.8842	0.0757
			-0.0752	-0.3853	0.9197
			0.2663	0.8629	-0.4295
			0.2114	0.9732	0.0907
			0.7084	0.0026	-0.7058
			0.8105	0.3661	0.4572
			0.1106	-0.8622	0.4944
			0.5752	-0.3501	-0.7393
			-0.8105	-0.3661	-0.4572
			-0.1106	0.8622	-0.4944
			-0.5752	0.3501	0.7393
		b:
			-37.5658
			397.152
			-65.0295
			382.1637
			499.0965
			-28.917
			308.4809
			-333.2146
			-213.4322
			-300.4809
			341.2146
			219.4322
	==================================================================================
	Q5:
		Shape: Hybrid
		q_c:	92.0	491.5	137.0
		ub :	95.3407	496.3899	139.8745
		lb :	88.6593	486.6101	134.1255
		P^-1:
			0.2377	0.0423	0.015
			0.0423	0.0589	0.0049
			0.015	0.0049	0.1628
		A:
			0.5383	0.0117	0.8427
			0.3459	0.1885	0.9191
			-0.6054	-0.3474	-0.7161
			0.8189	0.3187	0.4774
			-0.3362	0.1797	-0.9245
			-0.9007	-0.3341	-0.2775
		b:
			172.0522
			251.8013
			-323.2197
			298.4862
			-67.6364
			-284.0542
	==================================================================================
	Q6:
		Shape: Polyhedra
		q_c:	89.0	470.0	122.5
		ub :	95.6195	476.9562	129.9152
		lb :	82.3805	463.0438	115.0848
		A:
			-0.9674	0.2409	0.0779
			-0.7243	-0.5241	0.4479
			0.2886	0.1972	-0.9369
			0.2889	-0.9538	0.0828
			0.567	-0.4775	0.6711
			-0.3317	-0.2824	-0.9001
			0.4964	0.5909	0.636
			-0.059	0.7539	-0.6544
			-0.8661	0.2873	0.409
			-0.4964	-0.5909	-0.636
			0.059	-0.7539	0.6544
			0.8661	-0.2873	-0.409
		b:
			40.8429
			-251.9334
			7.3823
			-408.6179
			-87.9099
			-266.9155
			405.8031
			271.9013
			112.0594
			-393.8031
			-265.9013
			-104.0594


===========================================================================================
===========================================================================================
S10:
	q_c:	336.0	494.0	140.0
	ub :	346.0791	499.8302	149.1421
	lb :	329.88	485.1246	131.3404

	==================================================================================
	Q1:
		Shape: Polyhedra
		q_c:	335.5	492.5	144.5
		ub :	339.524	497.3951	149.1421
		lb :	331.476	487.6049	139.8579
		A:
			0.8539	-0.4135	-0.316
			-0.6371	-0.5751	-0.5132
			-0.807	-0.565	-0.1717
			-0.5035	-0.091	-0.8592
			0.7828	0.3066	0.5415
			-0.051	-0.7363	-0.6747
			0.5812	0.5421	0.6069
			0.8085	-0.4691	-0.3553
			0.0921	0.6972	-0.7109
			-0.5812	-0.5421	-0.6069
			-0.8085	0.4691	0.3553
			-0.0921	-0.6972	0.7109
		b:
			40.6516
			-569.6015
			-571.7172
			-335.7067
			493.6878
			-474.9488
			551.1621
			-7.5814
			275.0612
			-548.1621
			14.5814
			-268.0612
	==================================================================================
	Q2:
		Shape: Hybrid
		q_c:	337.5	489.5	136.5
		ub :	341.761	493.8754	140.1778
		lb :	333.239	485.1246	132.8222
		P^-1:
			0.222	-0.0375	-0.14
			-0.0375	0.1788	0.1121
			-0.14	0.1121	0.2852
		A:
			-0.1488	-0.7498	-0.6447
			-0.6737	0.6041	0.4257
			-0.7049	-0.4007	0.5853
			0.7294	0.4229	0.5377
			0.043	-0.6731	-0.7383
			-0.9695	-0.2411	0.045
		b:
			-503.9155
			127.6715
			-352.6649
			528.5829
			-414.6232
			-437.3659
	==================================================================================
	Q3:
		Shape: Polyhedra
		q_c:	333.5	494.0	135.0
		ub :	337.12	497.3316	138.6596
		lb :	329.88	490.6684	131.3404
		A:
			-0.6273	-0.7274	-0.278
			-0.0314	0.7819	0.6226
			-0.9073	-0.3742	-0.1916
			-0.4913	0.8707	-0.021
			-0.7494	-0.5287	-0.3986
			0.907	0.3709	0.1994
			0.4069	0.7183	0.5644
			-0.7718	0.6008	-0.2083
			-0.4887	-0.3508	0.7988
			-0.4069	-0.7183	-0.5644
			0.7718	-0.6008	0.2083
			0.4887	0.3508	-0.7988
		b:
			-604.3535
			461.5354
			-511.3321
			265.3906
			-563.233
			514.6194
			568.2062
			13.31
			-225.472
			-565.2062
			-9.31
			231.472
	==================================================================================
	Q4:
		Shape: Ellipse
		q_c:	342.0	490.5	140.0
		ub :	346.0791	494.1239	143.9484
		lb :	337.9209	486.8761	136.0516
		P^-1:
			0.4886	0.3367	-0.2931
			0.3367	0.3656	-0.2583
			-0.2931	-0.2583	0.3385
	==================================================================================
	Q5:
		Shape: Hybrid
		q_c:	337.0	496.0	140.0
		ub :	340.7677	499.6896	144.01
		lb :	333.2323	492.3104	135.99
		P^-1:
			0.2259	-0.0296	0.0435
			-0.0296	0.2137	0.0534
			0.0435	0.0534	0.1715
		A:
			0.8559	-0.1986	0.4775
			0.9685	0.2433	-0.0536
			-0.728	0.1709	-0.6639
			-0.8714	0.4699	0.1411
			-0.9436	0.331	-0.0082
			-0.9463	-0.0989	0.3079
		b:
			257.8131
			440.9038
			-252.4285
			-39.7529
			-153.9125
			-323.3258
	==================================================================================
	Q6:
		Shape: Ellipse
		q_c:	336.5	496.5	137.5
		ub :	339.7717	499.8302	140.7106
		lb :	333.2283	493.1698	134.2894
		P^-1:
			0.1632	0.0222	-0.0199
			0.0222	0.3158	-0.1398
			-0.0199	-0.1398	0.2855


===========================================================================================
===========================================================================================
S11:
	q_c:	94.0	404.5	283.5
	ub :	108.4765	418.116	291.7101
	lb :	84.8745	400.0705	271.9737

	==================================================================================
	Q1:
		Shape: Hybrid
		q_c:	91.0	408.0	277.5
		ub :	95.3626	412.1286	280.1561
		lb :	86.6374	403.8714	274.8439
		P^-1:
			0.0854	0.01	-0.0149
			0.01	0.1117	-0.0194
			-0.0149	-0.0194	0.2457
		A:
			0.1962	0.9798	-0.0376
			0.0158	-0.5635	-0.826
			-0.3907	0.6852	-0.6147
			0.4317	0.0646	0.8997
			-0.1209	0.9253	-0.3594
			-0.2072	0.698	-0.6855
		b:
			409.1732
			-456.145
			75.2462
			316.7706
			268.6901
			77.3206
	==================================================================================
	Q2:
		Shape: Hybrid
		q_c:	102.5	412.0	285.0
		ub :	104.9562	416.3581	289.8773
		lb :	100.0438	407.6419	280.1227
		P^-1:
			0.4422	-0.0177	0.0242
			-0.0177	0.3072	0.1873
			0.0242	0.1873	0.1889
		A:
			0.7691	0.4686	0.4347
			-0.564	-0.0581	-0.8237
			-0.01	-0.7692	-0.639
			0.023	-0.9521	-0.3049
			0.407	-0.7343	-0.5433
			-0.9647	0.1971	-0.1746
		b:
			396.5104
			-314.3534
			-499.2524
			-475.5438
			-414.8875
			-66.5248
	==================================================================================
	Q3:
		Shape: Ellipse
		q_c:	93.0	405.5	277.0
		ub :	97.6791	410.728	282.0263
		lb :	88.3209	400.272	271.9737
		P^-1:
			0.1058	0.0101	0.0051
			0.0101	0.0918	-0.0097
			0.0051	-0.0097	0.1062
	==================================================================================
	Q4:
		Shape: Polyhedra
		q_c:	88.5	404.0	288.5
		ub :	92.1255	405.8447	291.7101
		lb :	84.8745	402.1553	285.2899
		A:
			0.4607	-0.85	-0.2553
			-0.1567	-0.6908	0.7059
			0.4497	0.8813	-0.1451
			-0.3686	0.678	-0.6359
			0.2416	-0.7157	0.6553
			0.3456	-0.7154	0.6073
			0.2836	0.5467	0.7878
			-0.1629	0.8371	-0.5223
			-0.945	0.0198	0.3265
			-0.2836	-0.5467	-0.7878
			0.1629	-0.8371	0.5223
			0.945	-0.0198	-0.3265
		b:
			-374.1774
			-88.0782
			355.8874
			58.7109
			-78.0007
			-82.4175
			475.7583
			173.598
			21.5512
			-470.7583
			-172.598
			-15.5512
	==================================================================================
	Q5:
		Shape: Ellipse
		q_c:	93.5	405.0	280.0
		ub :	98.0845	409.9295	284.2845
		lb :	88.9155	400.0705	275.7155
		P^-1:
			0.136	-0.0268	0.0242
			-0.0268	0.1301	0.0271
			0.0242	0.0271	0.1355
	==================================================================================
	Q6:
		Shape: Polyhedra
		q_c:	102.0	411.5	282.0
		ub :	108.4765	418.116	287.6208
		lb :	95.5235	404.884	276.3792
		A:
			0.8882	0.4547	-0.0655
			-0.3206	-0.4286	-0.8447
			-0.8962	0.3948	-0.2026
			-0.2618	0.2795	0.9237
			-0.9489	-0.1801	-0.2592
			0.932	0.3588	-0.0513
			0.549	0.4802	0.6841
			0.7085	-0.7016	-0.076
			0.4435	0.5264	-0.7254
			-0.549	-0.4802	-0.6841
			-0.7085	0.7016	0.076
			-0.4435	-0.5264	0.7254
		b:
			263.1146
			-444.142
			17.7366
			352.6869
			-240.5295
			232.1119
			449.521
			-233.8998
			61.7972
			-443.521
			241.8998
			-52.7972


===========================================================================================
===========================================================================================
S12:
	q_c:	86.0	211.0	475.0
	ub :	103.0081	225.5622	494.241
	lb :	70.5248	191.6328	466.9386

	==================================================================================
	Q1:
		Shape: Ellipse
		q_c:	92.0	202.5	473.5
		ub :	97.8559	207.9966	478.2423
		lb :	86.1441	197.0034	468.7577
		P^-1:
			0.0789	-0.0067	-0.0001
			-0.0067	0.0652	-0.0002
			-0.0001	-0.0002	0.0816
	==================================================================================
	Q2:
		Shape: Polyhedra
		q_c:	96.5	210.0	479.0
		ub :	103.0081	214.4296	485.8673
		lb :	89.9919	205.5704	472.1327
		A:
			0.253	0.2921	0.9223
			-0.0945	-0.5186	-0.8498
			0.6228	0.7819	-0.0272
			0.0798	0.7126	0.697
			0.249	-0.9548	-0.1624
			-0.8502	-0.526	0.0209
			0.257	0.9105	0.324
			0.8127	-0.0222	-0.5823
			-0.523	0.4129	-0.7456
			-0.257	-0.9105	-0.324
			-0.8127	0.0222	0.5823
			0.523	-0.4129	0.7456
		b:
			531.6081
			-521.5778
			214.2176
			494.1799
			-251.0577
			-179.0512
			373.6831
			-201.1568
			-315.9159
			-368.6831
			209.1568
			325.9159
	==================================================================================
	Q3:
		Shape: Ellipse
		q_c:	94.5	217.5	478.0
		ub :	102.6877	225.5622	484.4791
		lb :	86.3123	209.4378	471.5209
		P^-1:
			0.0928	0.0922	0.1113
			0.0922	0.1449	0.1704
			0.1113	0.1704	0.2645
	==================================================================================
	Q4:
		Shape: Ellipse
		q_c:	80.0	214.5	485.0
		ub :	89.4752	222.8098	494.241
		lb :	70.5248	206.1902	475.759
		P^-1:
			0.0336	-0.0046	-0.0004
			-0.0046	0.0352	-0.0037
			-0.0004	-0.0037	0.0321
	==================================================================================
	Q5:
		Shape: Hybrid
		q_c:	90.0	201.0	475.0
		ub :	98.9689	210.3672	483.0614
		lb :	81.0311	191.6328	466.9386
		P^-1:
			0.0278	-0.0	0.0
			-0.0	0.0278	-0.0
			0.0	-0.0	0.0278
		A:
			0.5389	0.294	0.7894
			-0.069	-0.7207	0.6898
			0.1384	0.3187	0.9377
			0.5163	-0.705	0.4862
			0.9822	-0.078	-0.1707
			0.9787	0.1154	0.17
		b:
			485.5489
			179.5845
			524.92
			138.7221
			-5.3748
			195.0352
	==================================================================================
	Q6:
		Shape: Polyhedra
		q_c:	76.5	219.5	481.5
		ub :	82.1566	221.7826	487.3395
		lb :	70.8434	217.2174	475.6605
		A:
			0.4186	0.8996	0.1243
			0.0063	0.9972	-0.0749
			0.7602	0.3642	-0.538
			-0.6564	-0.6993	-0.2831
			0.9534	-0.0212	0.3011
			-0.0649	-0.9892	-0.1317
			0.7367	0.1145	0.6664
			-0.6757	0.0884	0.7318
			0.0249	-0.9895	0.1425
			-0.7367	-0.1145	-0.6664
			0.6757	-0.0884	-0.7318
			-0.0249	0.9895	-0.1425
		b:
			291.5638
			184.8198
			-116.8774
			-337.1084
			216.938
			-283.6906
			405.8623
			324.595
			-145.1919
			-398.8623
			-315.595
			148.1919


===========================================================================================
===========================================================================================
S13:
	q_c:	149.0	433.5	356.5
	ub :	162.9955	443.5936	370.3035
	lb :	138.9636	419.2804	346.205

	==================================================================================
	Q1:
		Shape: Ellipse
		q_c:	143.0	429.5	350.5
		ub :	146.5878	433.3649	354.795
		lb :	139.4122	425.6351	346.205
		P^-1:
			0.1111	-0.0	0.0
			-0.0	0.1111	-0.0
			0.0	-0.0	0.1111
	==================================================================================
	Q2:
		Shape: Hybrid
		q_c:	158.0	432.5	356.0
		ub :	162.9955	437.3578	360.7124
		lb :	153.0045	427.6422	351.2876
		P^-1:
			0.1666	0.0194	0.0891
			0.0194	0.0856	0.0245
			0.0891	0.0245	0.142
		A:
			0.1676	0.438	0.8832
			-0.8256	0.1673	-0.539
			-0.293	0.8107	-0.5068
			0.2377	-0.1212	0.9638
			0.0143	0.833	-0.5531
			0.8711	0.4178	0.258
		b:
			532.1575
			-248.7081
			126.3548
			330.1735
			168.3359
			411.7482
	==================================================================================
	Q3:
		Shape: Polyhedra
		q_c:	147.0	429.5	362.5
		ub :	150.6014	432.6192	366.9901
		lb :	143.3986	426.3808	358.0099
		A:
			-0.921	-0.301	-0.2473
			0.4236	0.9005	-0.0985
			-0.2459	-0.9678	0.0545
			0.395	0.2272	0.8901
			0.5877	-0.7591	0.2799
			-0.9244	-0.3145	-0.2156
			0.6382	0.7691	0.035
			0.647	-0.5604	0.5171
			0.4173	-0.3073	-0.8552
			-0.6382	-0.7691	-0.035
			-0.647	0.5604	-0.5171
			-0.4173	0.3073	0.8552
		b:
			-352.864
			414.4473
			-430.673
			481.2702
			-136.0495
			-347.7135
			437.834
			43.8717
			-376.6683
			-435.834
			-39.8717
			384.6683
	==================================================================================
	Q4:
		Shape: Ellipse
		q_c:	155.5	430.0	353.0
