3D_45_8_6_e                l = 3

===========================================================================================
===========================================================================================
S1:
	q_c:	214.5	239.5	210.5
	ub :	226.2068	251.8033	221.2004
	lb :	206.6928	227.9749	200.5353

	==================================================================================
	Q1:
		Shape: Polyhedra
		q_c:	220.5	238.0	204.0
		ub :	225.5542	243.4877	207.4647
		lb :	215.4458	232.5123	200.5353
		A:
			0.8456	-0.3135	0.432
			0.7203	-0.02	0.6934
			0.1531	0.0165	-0.9881
			-0.0519	-0.8038	-0.5927
			-0.4532	0.7194	0.5263
			-0.5554	0.1696	-0.8141
			0.5291	0.3812	0.7581
			-0.6766	-0.3496	0.648
			0.5121	-0.8558	0.073
			-0.5291	-0.3812	-0.7581
			0.6766	0.3496	-0.648
			-0.5121	0.8558	-0.073
		b:
			203.5698
			298.1786
			-161.59
			-320.458
			182.5493
			-245.3423
			364.0521
			-97.7065
			-71.3761
			-360.0521
			102.7065
			80.3761
	==================================================================================
	Q2:
		Shape: Hybrid
		q_c:	216.5	248.0	218.0
		ub :	220.5222	251.8033	221.2004
		lb :	212.4778	244.1967	214.7996
		P^-1:
			0.4388	0.3533	0.2461
			0.3533	0.4366	0.2684
			0.2461	0.2684	0.3662
		A:
			-0.198	-0.9737	0.1131
			0.3408	0.3657	0.8661
			-0.2312	-0.5566	-0.7979
			-0.6883	-0.7198	-0.0906
			-0.2381	-0.6021	-0.7621
			-0.3826	0.1166	-0.9165
		b:
			-257.6681
			354.3341
			-361.0427
			-346.3537
			-366.0086
			-251.8465
	==================================================================================
	Q3:
		Shape: Ellipse
		q_c:	222.0	243.0	209.5
		ub :	226.0895	246.6688	214.0498
		lb :	217.9105	239.3312	204.9502
		P^-1:
			0.0816	-0.0002	0.0001
			-0.0002	0.2135	-0.0693
			0.0001	-0.0693	0.1181
	==================================================================================
	Q4:
		Shape: Hybrid
		q_c:	217.0	234.5	211.5
		ub :	223.1415	241.0251	218.3788
		lb :	210.8585	227.9749	204.6212
		P^-1:
			0.0919	-0.027	0.0134
			-0.027	0.0643	-0.0039
			0.0134	-0.0039	0.0443
		A:
			0.7882	-0.6139	0.044
			0.7861	-0.5776	0.2203
			0.7309	-0.6805	-0.052
			-0.7047	-0.7076	-0.0513
			-0.3177	-0.6145	-0.7221
			0.617	-0.7628	0.1935
		b:
			37.9624
			83.2548
			-10.2902
			-326.7067
			-362.7147
			-2.3322
	==================================================================================
	Q5:
		Shape: Hybrid
		q_c:	211.0	242.5	210.0
		ub :	215.3072	246.2989	213.7863
		lb :	206.6928	238.7011	206.2137
		P^-1:
			0.0626	0.0009	0.0008
			0.0009	0.0816	-0.0
			0.0008	-0.0	0.0816
		A:
			-0.5586	-0.5767	0.5961
			0.5379	0.5942	0.598
			-0.0922	-0.9871	0.1307
			-0.5708	-0.8025	-0.1738
			-0.7031	-0.7108	-0.0193
			0.3888	0.2654	-0.8823
		b:
			-130.631
			385.04
			-229.6325
			-349.6493
			-322.801
			-37.0374
	==================================================================================
	Q6:
		Shape: Ellipse
		q_c:	222.0	247.0	208.5
		ub :	226.2068	251.4291	213.2093
		lb :	217.7932	242.5709	203.7907
		P^-1:
			0.258	0.0226	0.1959
			0.0226	0.0648	0.0199
			0.1959	0.0199	0.2336


===========================================================================================
===========================================================================================
S2:
	q_c:	129.0	263.0	274.5
	ub :	150.1547	284.7126	295.3297
	lb :	120.4877	244.6471	256.6281

	==================================================================================
	Q1:
		Shape: Polyhedra
		q_c:	129.5	257.5	273.5
		ub :	138.5123	259.6985	282.5613
		lb :	120.4877	255.3015	264.4387
		A:
			0.4262	0.9025	-0.062
			0.013	0.9992	-0.0385
			0.1744	-0.9337	0.3127
			0.2451	0.9265	-0.2854
			0.2039	0.9423	-0.2655
			-0.1664	0.9834	0.0719
			0.8339	0.0706	0.5473
			-0.5518	0.1152	0.826
			-0.0047	-0.9908	0.135
			-0.8339	-0.0706	-0.5473
			0.5518	-0.1152	-0.826
			0.0047	0.9908	-0.135
		b:
			273.5532
			249.6301
			-130.406
			194.3539
			198.2893
			253.344
			282.3737
			190.5931
			-217.82
			-269.3737
			-177.5931
			219.82
	==================================================================================
	Q2:
		Shape: Polyhedra
		q_c:	131.0	253.0	288.0
		ub :	138.5464	261.3529	295.3297
		lb :	123.4536	244.6471	280.6703
		A:
			-0.9427	0.2269	0.2447
			-0.1847	-0.1137	0.9762
			-0.9049	-0.3605	-0.2264
			0.6443	-0.1917	0.7404
			-0.9514	-0.0547	0.3031
			-0.8957	-0.4152	0.159
			0.3553	0.6575	0.6645
			0.3891	0.5424	-0.7446
			-0.85	0.5231	-0.0631
			-0.3553	-0.6575	-0.6645
			-0.3891	-0.5424	0.7446
			0.85	-0.5231	0.0631
		b:
			8.9916
			233.1821
			-270.1149
			253.8999
			-46.4761
			-171.7505
			409.2475
			-21.2687
			7.3106
			-399.2475
			31.2687
			1.6894
	==================================================================================
	Q3:
		Shape: Ellipse
		q_c:	135.5	252.0	283.5
		ub :	139.442	256.6773	288.007
		lb :	131.558	247.3227	278.993
		P^-1:
			0.1192	0.0127	0.0129
			0.0127	0.1312	0.0204
			0.0129	0.0204	0.1319
	==================================================================================
	Q4:
		Shape: Hybrid
		q_c:	144.5	276.0	282.5
		ub :	150.1547	284.7126	289.8144
		lb :	138.8453	267.2874	275.1856
		P^-1:
			0.0732	-0.0345	-0.0556
			-0.0345	0.0848	0.0986
			-0.0556	0.0986	0.157
		A:
			0.4049	-0.4602	-0.7901
			0.5549	0.8216	-0.1304
			-0.6977	0.1785	0.6938
			-0.579	-0.7947	-0.1821
			0.5084	0.8433	0.1741
			-0.6593	-0.6319	-0.4075
		b:
			-290.6198
			275.4397
			146.5558
			-350.1826
			359.8296
			-381.4166
	==================================================================================
	Q5:
		Shape: Polyhedra
		q_c:	138.0	259.5	287.5
		ub :	145.2567	265.3916	295.0048
		lb :	130.7433	253.6084	279.9952
		A:
			0.4478	-0.8236	0.3481
			0.9064	-0.0491	-0.4195
			0.676	0.4264	-0.6011
			-0.0253	-0.3616	0.932
			0.171	0.4515	-0.8757
			0.3854	0.9227	-0.0119
			0.6774	0.3112	0.6666
			-0.7152	0.0663	0.6958
			0.1723	-0.948	0.2675
			-0.6774	-0.3112	-0.6666
			0.7152	-0.0663	-0.6958
			-0.1723	0.948	-0.2675
		b:
			-47.6921
			-4.4182
			34.8415
			175.016
			-106.9665
			293.8399
			371.8811
			122.0554
			-141.314
			-359.8811
			-115.0554
			149.314
	==================================================================================
	Q6:
		Shape: Hybrid
		q_c:	133.5	254.5	263.0
		ub :	138.0545	260.738	269.3719
		lb :	128.9455	248.262	256.6281
		P^-1:
			0.3466	-0.1312	-0.1196
			-0.1312	0.1491	-0.0196
			-0.1196	-0.0196	0.1324
		A:
			0.8236	0.024	-0.5667
			0.9351	-0.3537	-0.0218
			0.5798	-0.703	0.4118
			-0.51	-0.5911	0.6249
			0.248	0.3121	-0.9171
			0.7606	-0.6446	0.0773
		b:
			-31.9453
			30.4323
			8.3049
			-52.2497
			-126.5235
			-41.1548


===========================================================================================
===========================================================================================
S3:
	q_c:	126.5	57.0	283.5
	ub :	140.4498	74.7774	305.8405
	lb :	106.5901	44.18	266.2182

	==================================================================================
	Q1:
		Shape: Hybrid
		q_c:	123.5	50.5	277.0
		ub :	128.5906	56.82	282.2229
		lb :	118.4094	44.18	271.7771
		P^-1:
			0.0529	0.0035	0.0138
			0.0035	0.0376	0.0179
			0.0138	0.0179	0.103
		A:
			-0.1916	0.1099	-0.9753
			0.2491	-0.1565	-0.9557
			-0.9583	-0.0676	-0.2778
			-0.9154	-0.3995	-0.0505
			-0.8936	0.1659	0.4172
			-0.5186	0.3271	-0.79
		b:
			-286.3667
			-239.9626
			-196.0394
			-144.2269
			16.5196
			-263.8675
	==================================================================================
	Q2:
		Shape: Hybrid
		q_c:	128.0	53.5	274.5
		ub :	132.8117	59.6106	282.7818
		lb :	123.1883	47.3894	266.2182
		P^-1:
			0.1455	0.0056	-0.0421
			0.0056	0.0479	0.0051
			-0.0421	0.0051	0.0364
		A:
			0.7341	0.6765	-0.0575
			0.7459	0.6568	-0.1106
			-0.7515	-0.6577	-0.0514
			-0.1052	0.9872	-0.1203
			-0.2965	-0.5701	0.7662
			-0.8107	0.283	0.5125
		b:
			116.6859
			102.4725
			-143.0669
			10.0184
			146.2798
			53.8068
	==================================================================================
	Q3:
		Shape: Polyhedra
		q_c:	131.5	60.0	282.0
		ub :	136.8796	64.7532	287.2701
		lb :	126.1204	55.2468	276.7299
		A:
			0.8702	-0.4463	0.2086
			-0.6257	0.218	-0.749
			-0.1291	0.92	-0.3701
			-0.7795	-0.183	-0.5991
			0.9125	-0.0663	0.4038
			0.0439	0.8374	-0.5448
			0.6883	0.7058	0.1676
			0.5205	-0.6415	0.5635
			0.5053	-0.3006	-0.8089
			-0.6883	-0.7058	-0.1676
			-0.5205	0.6415	-0.5635
			-0.5053	0.3006	0.8089
		b:
			149.1651
			-278.0467
			-63.8521
			-279.7338
			232.4206
			-95.1454
			183.1353
			190.871
			-175.2088
			-177.1353
			-186.871
			184.2088
	==================================================================================
	Q4:
		Shape: Polyhedra
		q_c:	118.0	67.0	294.5
		ub :	129.4099	74.7774	305.8405
		lb :	106.5901	59.2226	283.1595
		A:
			-0.15	0.0368	-0.988
			0.0038	-0.3174	-0.9483
			-0.723	-0.1854	-0.6655
			0.0018	-0.8758	-0.4826
			-0.6762	-0.2346	0.6984
			0.2706	0.945	0.1839
			0.6049	0.4732	0.6404
			-0.7124	-0.0376	0.7007
			0.3557	-0.8801	0.3144
			-0.6049	-0.4732	-0.6404
			0.7124	0.0376	-0.7007
			-0.3557	0.8801	-0.3144
		b:
			-299.3483
			-292.9097
			-287.3457
			-194.4635
			118.0809
			155.2841
			298.1901
			127.7806
			80.5827
			-285.1901
			-111.7806
			-70.5827
	==================================================================================
	Q5:
		Shape: Polyhedra
		q_c:	135.5	54.5	288.5
		ub :	140.4498	58.8194	293.433
		lb :	130.5502	50.1806	283.567
		A:
			0.1414	0.5428	0.8279
			-0.2297	0.8343	0.5011
			0.2019	-0.8064	-0.5559
			-0.5795	0.6911	-0.432
			0.4836	0.7348	-0.4756
			0.1865	0.2587	-0.9478
			0.0078	0.8096	0.587
			-0.3316	0.5559	-0.7623
			-0.9434	-0.1887	0.2728
			-0.0078	-0.8096	-0.587
			0.3316	-0.5559	0.7623
			0.9434	0.1887	-0.2728
		b:
			289.8627
			161.0802
			-174.8569
			-162.0493
			-27.9804
			-230.5698
			216.5228
			-231.0483
			-55.4125
			-212.5228
			238.0483
			63.4125
	==================================================================================
	Q6:
		Shape: Ellipse
		q_c:	119.0	56.5	283.0
		ub :	127.618	63.8753	290.6381
		lb :	110.382	49.1247	275.3619
		P^-1:
			0.0377	0.0191	-0.0021
			0.0191	0.0636	0.0175
			-0.0021	0.0175	0.0533


===========================================================================================
===========================================================================================
S4:
	q_c:	52.5	24.0	503.0
	ub :	57.4814	31.3678	512.3617
	lb :	46.25	20.3887	495.4142

	==================================================================================
	Q1:
		Shape: Polyhedra
		q_c:	54.0	22.5	507.0
		ub :	56.7504	24.6113	509.244
		lb :	51.2496	20.3887	504.756
		A:
			0.04	-0.9823	-0.1828
			-0.0304	0.5893	0.8073
			-0.0502	0.7547	-0.6542
			0.6505	0.3007	-0.6974
			-0.2443	-0.8004	0.5474
			0.8376	0.4792	-0.2623
			0.3058	0.9427	0.1332
			0.3442	0.0209	-0.9387
			-0.8877	0.3329	-0.3181
			-0.3058	-0.9427	-0.1332
			-0.3442	-0.0209	0.9387
			0.8877	-0.3329	0.3181
		b:
			-111.0566
			422.4278
			-315.7546
			-310.1696
			247.8453
			-75.3563
			106.7515
			-455.3387
			-199.7221
			-103.7515
			458.3387
			203.7221
	==================================================================================
	Q2:
		Shape: Hybrid
		q_c:	50.5	26.0	503.0
		ub :	53.4698	28.572	506.2032
		lb :	47.5302	23.428	499.7968
		P^-1:
			0.25	0.0	0.0
			0.0	0.25	0.0
			0.0	0.0	0.25
		A:
			0.2581	0.3388	-0.9048
			0.8678	-0.4429	0.2253
			0.6336	0.6942	0.3415
			-0.8925	0.451	0.0116
			-0.1584	0.7308	0.664
			0.1237	-0.1649	0.9785
		b:
			-432.252
			146.6501
			222.826
			-26.4863
			345.9964
			495.1527
	==================================================================================
	Q3:
		Shape: Hybrid
		q_c:	49.0	25.5	498.0
		ub :	51.75	28.0754	500.5858
		lb :	46.25	22.9246	495.4142
		P^-1:
			0.4124	0.0687	0.0221
			0.0687	0.2973	-0.0474
			0.0221	-0.0474	0.4292
		A:
			-0.226	0.4225	-0.8777
			0.928	-0.0249	-0.3718
			0.7041	0.2393	-0.6686
			-0.3994	-0.8919	-0.2123
			0.7093	-0.0329	0.7042
			0.2128	-0.7485	0.6281
		b:
			-436.6265
			-139.4131
			-291.5593
			-147.0655
			385.3494
			305.0587
	==================================================================================
	Q4:
		Shape: Ellipse
		q_c:	54.0	27.5	509.0
		ub :	57.4814	29.9227	512.3617
		lb :	50.5186	25.0773	505.6383
		P^-1:
			0.2085	0.0632	0.0563
			0.0632	0.4132	0.0381
			0.0563	0.0381	0.2327
	==================================================================================
	Q5:
		Shape: Hybrid
		q_c:	52.5	24.0	500.5
		ub :	55.9423	27.3914	503.6366
		lb :	49.0577	20.6086	497.3634
		P^-1:
			0.3288	-0.122	0.0522
			-0.122	0.1923	-0.0746
			0.0522	-0.0746	0.2845
		A:
			0.8776	0.1581	-0.4527
			-0.8359	0.1277	0.5338
			0.7067	-0.6771	0.2052
			0.0819	-0.6891	0.72
			-0.8938	0.4254	-0.1423
			-0.8846	0.0198	-0.466
		b:
			-175.2985
			227.5136
			124.4689
			349.323
			-107.08
			-278.0069
	==================================================================================
	Q6:
		Shape: Polyhedra
		q_c:	49.0	28.0	507.5
		ub :	51.6655	31.3678	510.4681
		lb :	46.3345	24.6322	504.5319
		A:
			0.0912	-0.8425	0.5309
			-0.9237	0.297	-0.242
			0.9909	-0.0068	-0.1346
			-0.5984	0.0903	-0.7961
			-0.3518	-0.929	-0.1148
			-0.6652	0.6888	-0.2883
			0.9104	0.2814	0.3032
			-0.1919	-0.362	0.9122
			0.3664	-0.8887	-0.2756
			-0.9104	-0.2814	-0.3032
			0.1919	0.362	-0.9122
			-0.3664	0.8887	0.2756
		b:
			252.548
			-157.8895
			-18.2085
			-429.0716
			-99.3991
			-157.4075
			207.8459
			445.4177
			-144.2766
			-204.8459
			-441.4177
			149.2766


===========================================================================================
===========================================================================================
S5:
	q_c:	304.0	139.5	510.5
	ub :	319.3217	147.1706	529.7554
	lb :	291.8375	119.5418	491.8444

	==================================================================================
	Q1:
		Shape: Polyhedra
		q_c:	299.5	142.0	514.0
		ub :	304.5294	147.1706	516.7792
		lb :	294.4706	136.8294	511.2208
		A:
			0.1233	0.2538	-0.9594
			0.7451	-0.6004	-0.2906
			-0.1762	0.462	-0.8692
			0.903	0.1972	-0.3817
			-0.511	0.1802	-0.8405
			-0.7888	-0.3841	-0.4798
			0.6825	0.6907	0.2389
			0.7283	-0.67	-0.1435
			0.0609	0.272	-0.9604
			-0.6825	-0.6907	-0.2389
			-0.7283	0.67	0.1435
			-0.0609	-0.272	0.9604
		b:
			-418.6508
			-8.0185
			-432.1394
			105.4484
			-557.1242
			-534.058
			428.8071
			52.7147
			-435.2517
			-421.8071
			-45.7147
			438.2517
	==================================================================================
	Q2:
		Shape: Polyhedra
		q_c:	311.5	133.5	514.5
		ub :	318.9008	139.0885	522.1651
		lb :	304.0992	127.9115	506.8349
		A:
			0.1472	0.7096	0.689
			-0.4475	0.8147	-0.3688
			0.8487	0.4127	-0.3308
			-0.3214	-0.7238	0.6106
			0.907	0.3483	-0.2369
			0.4309	-0.8152	-0.3869
			0.6308	0.0721	0.7726
			-0.7354	0.373	0.5657
			-0.2474	-0.925	0.2883
			-0.6308	-0.0721	-0.7726
			0.7354	-0.373	-0.5657
			0.2474	0.925	-0.2883
		b:
			499.8478
			-215.9354
			153.4493
			121.467
			211.4109
			-169.6653
			609.111
			115.7624
			-48.2267
			-598.111
			-107.7624
			56.2267
	==================================================================================
	Q3:
		Shape: Ellipse
		q_c:	299.5	125.5	499.0
		ub :	306.2376	131.4582	506.1556
		lb :	292.7624	119.5418	491.8444
		P^-1:
			0.0578	0.0001	-0.0063
			0.0001	0.0494	-0.0001
			-0.0063	-0.0001	0.0541
	==================================================================================
	Q4:
		Shape: Polyhedra
		q_c:	299.5	129.0	521.5
		ub :	307.1625	137.5852	529.7554
		lb :	291.8375	120.4148	513.2446
		A:
			-0.2348	0.9551	-0.1807
			-0.0716	-0.6669	-0.7417
			-0.0795	0.9199	0.3839
			-0.6661	0.4262	-0.6121
			0.6615	-0.4451	-0.6036
			0.7589	-0.5388	0.3656
			0.6243	0.5378	0.5666
			-0.7384	0.643	0.2032
			-0.2551	-0.5453	0.7985
			-0.6243	-0.5378	-0.5666
			0.7384	-0.643	-0.2032
			0.2551	0.5453	-0.7985
		b:
			-36.2546
			-489.7083
			299.6458
			-458.7486
			-169.3079
			353.2126
			556.3473
			-27.7257
			275.6843
			-547.3473
			36.7257
			-263.6843
	==================================================================================
	Q5:
		Shape: Ellipse
		q_c:	313.5	138.5	508.5
		ub :	319.3217	143.9687	514.4724
		lb :	307.6783	133.0313	502.5276
		P^-1:
			0.0927	-0.0218	-0.018
			-0.0218	0.0853	-0.0213
			-0.018	-0.0213	0.0936
	==================================================================================
	Q6:
		Shape: Ellipse
		q_c:	306.0	132.5	507.0
		ub :	310.2765	137.5515	511.1659
		lb :	301.7235	127.4485	502.8341
		P^-1:
			0.1479	0.0245	-0.0162
			0.0245	0.0706	0.0027
			-0.0162	0.0027	0.115


===========================================================================================
===========================================================================================
S6:
	q_c:	355.5	404.5	380.5
	ub :	384.7854	434.8798	395.9577
	lb :	333.6084	383.4177	356.8761

	==================================================================================
	Q1:
		Shape: Hybrid
		q_c:	355.0	419.5	372.0
		ub :	367.0626	434.8798	387.1239
		lb :	342.9374	404.1202	356.8761
		P^-1:
			0.0138	-0.0001	0.0001
			-0.0001	0.012	0.0019
			0.0001	0.0019	0.0119
		A:
			-0.3055	0.7161	0.6276
			0.2253	-0.1346	0.965
			-0.7737	0.6125	-0.1617
			-0.7264	-0.5724	-0.3805
			0.0885	0.8489	0.5211
			0.7348	0.6764	0.0497
		b:
			429.6931
			387.6519
			-73.2121
			-635.2202
			585.7031
			567.7184
	==================================================================================
	Q2:
		Shape: Polyhedra
		q_c:	344.0	400.0	387.0
		ub :	354.3916	411.3259	395.9577
		lb :	333.6084	388.6741	378.0423
		A:
			0.274	0.9596	-0.0641
			-0.5542	0.4757	-0.683
			-0.4329	-0.7709	-0.4672
			0.5669	0.7674	0.2994
			-0.4083	-0.5779	-0.7066
			-0.552	0.7067	-0.4427
			0.1616	0.1819	0.9699
			-0.9524	0.2864	0.105
			-0.2587	-0.9407	0.2195
			-0.1616	-0.1819	-0.9699
			0.9524	-0.2864	-0.105
			0.2587	0.9407	-0.2195
		b:
			461.7472
			-257.3754
			-630.4359
			625.7958
			-638.0198
			-70.7717
			510.2168
			-164.9474
			-371.8108
			-497.2168
			179.9474
			388.8108
	==================================================================================
	Q3:
		Shape: Polyhedra
		q_c:	369.5	418.0	382.0
		ub :	380.717	429.4782	393.7071
		lb :	358.283	406.5218	370.2929
		A:
			0.4562	-0.8653	-0.2078
			-0.0927	0.1228	-0.9881
			0.6726	0.3893	-0.6294
			0.9093	-0.275	-0.3123
			-0.8419	-0.0184	0.5394
			-0.1318	-0.7345	0.6657
			0.7123	0.4845	0.5078
			-0.7006	0.448	0.5554
			0.0416	-0.7514	0.6586
			-0.7123	-0.4845	-0.5078
			0.7006	-0.448	-0.5554
			-0.0416	0.7514	-0.6586
		b:
			-267.278
			-353.1576
			176.9204
			107.5252
			-107.0211
			-95.7993
			670.7079
			145.01
			-41.6235
			-648.7079
			-136.01
			52.6235
	==================================================================================
	Q4:
		Shape: Polyhedra
		q_c:	345.5	391.5	375.5
		ub :	354.1321	399.5823	382.606
		lb :	336.8679	383.4177	368.394
		A:
			0.064	-0.2495	0.9663
			0.0838	-0.8235	0.5611
			0.6788	-0.1402	0.7208
			0.1423	-0.2155	-0.9661
			-0.5007	-0.1602	-0.8507
			-0.472	-0.3201	0.8214
			0.2221	0.9171	0.3312
			0.9656	-0.1598	-0.205
			-0.1351	0.3653	-0.921
			-0.2221	-0.9171	-0.3312
			-0.9656	0.1598	0.205
			0.1351	-0.3653	0.921
		b:
			291.3297
			-78.0395
			455.4801
			-392.9603
			-550.1865
			25.2799
			566.1093
			201.0884
			-245.4995
			-554.1093
			-187.0884
			253.4995
	==================================================================================
	Q5:
		Shape: Hybrid
		q_c:	351.5	417.5	370.5
		ub :	358.797	422.9249	377.717
		lb :	344.203	412.0751	363.283
		P^-1:
			0.0505	0.0005	0.0112
			0.0005	0.0625	-0.0005
			0.0112	-0.0005	0.052
		A:
			0.9245	0.3759	-0.0627
			-0.8107	0.5419	0.2214
			-0.057	0.7833	-0.6191
			-0.2793	0.1495	-0.9485
			-0.0662	0.8893	-0.4525
			-0.0472	0.952	0.3026
		b:
			461.2157
			25.9153
			79.7495
			-384.9806
			182.443
			495.0265
	==================================================================================
	Q6:
		Shape: Ellipse
		q_c:	374.0	408.0	385.0
		ub :	384.7854	418.548	395.1725
		lb :	363.2146	397.452	374.8275
		P^-1:
			0.0259	-0.0093	0.0059
			-0.0093	0.025	-0.0134
			0.0059	-0.0134	0.036


===========================================================================================
===========================================================================================
S7:
	q_c:	244.0	157.5	264.5
	ub :	264.2748	168.5556	278.2779
	lb :	223.2064	137.7651	250.5707

	==================================================================================
	Q1:
		Shape: Hybrid
		q_c:	251.0	154.5	259.0
		ub :	260.1182	162.6718	266.6022
		lb :	241.8818	146.3282	251.3978
		P^-1:
			0.0275	0.0062	-0.0032
			0.0062	0.0369	0.0016
			-0.0032	0.0016	0.0392
		A:
			0.9016	-0.4307	-0.0399
			-0.0902	-0.332	0.9389
			0.1864	-0.1656	-0.9684
			0.0786	-0.6963	-0.7134
			-0.1691	0.8486	0.5013
			0.1064	-0.4496	-0.8869
		b:
			153.3398
			171.8726
			-227.1265
			-270.0526
			221.2737
			-269.9452
	==================================================================================
	Q2:
		Shape: Hybrid
		q_c:	231.0	162.5	268.5
		ub :	238.7936	168.5556	273.427
		lb :	223.2064	156.4444	263.573
		P^-1:
			0.0298	0.027	0.0057
			0.027	0.0982	0.0114
			0.0057	0.0114	0.066
		A:
			-0.0826	-0.9961	0.0295
			-0.3353	-0.8939	0.2976
			0.0169	-0.8963	0.4432
			0.2762	0.3766	0.8842
			-0.1288	-0.9761	0.175
			-0.3024	0.618	-0.7257
		b:
			-171.0735
			-140.9724
			-20.3162
			364.5524
			-139.4475
			-161.0303
	==================================================================================
	Q3:
		Shape: Ellipse
		q_c:	247.5	162.0	271.5
		ub :	253.3116	167.8641	278.2779
		lb :	241.6884	156.1359	264.7221
		P^-1:
			0.2157	-0.1596	-0.0065
			-0.1596	0.2812	0.1236
			-0.0065	0.1236	0.128
	==================================================================================
	Q4:
		Shape: Polyhedra
		q_c:	255.5	145.5	264.0
		ub :	264.2748	153.2349	273.0455
		lb :	246.7252	137.7651	254.9545
		A:
			-0.7594	-0.3692	0.5357
			0.695	-0.6481	0.3114
			-0.0837	-0.2004	-0.9761
			0.6213	0.6495	0.4384
			0.8299	-0.0241	0.5573
			0.4376	-0.1532	0.886
			0.7408	0.0029	0.6717
			-0.6597	0.1918	0.7267
			-0.1267	-0.9814	0.144
			-0.7408	-0.0029	-0.6717
			0.6597	-0.1918	-0.7267
			0.1267	0.9814	-0.144
		b:
			-99.5516
			171.118
			-302.3921
			374.4117
			360.2477
			328.3509
			371.5326
			58.2098
			-130.6537
			-362.5326
			-44.2098
			143.6537
	==================================================================================
	Q5:
		Shape: Ellipse
		q_c:	245.5	155.5	259.0
		ub :	253.0248	164.3754	267.4293
		lb :	237.9752	146.6246	250.5707
		P^-1:
			0.0337	0.008	0.0054
			0.008	0.0401	0.0048
			0.0054	0.0048	0.0364
	==================================================================================
	Q6:
		Shape: Polyhedra
		q_c:	239.0	160.0	264.0
		ub :	249.4149	168.5017	274.6101
		lb :	228.5851	151.4983	253.3899
		A:
			0.1915	0.9479	-0.2547
			0.5071	-0.766	0.3951
			0.1755	0.5464	-0.819
			-0.4688	-0.4457	-0.7626
			0.0035	-0.58	-0.8146
			0.2255	0.8157	0.5328
			0.3271	0.8409	0.4311
			0.8862	-0.1146	-0.449
			-0.3282	0.5289	-0.7827
			-0.3271	-0.8409	-0.4311
			-0.8862	0.1146	0.449
			0.3282	-0.5289	0.7827
		b:
			135.9119
			109.4497
			-80.1522
			-379.2483
			-301.2876
			330.104
			331.5326
			82.4359
			-193.9447
			-321.5326
			-67.4359
			206.9447


===========================================================================================
===========================================================================================
S8:
	q_c:	21.5	16.5	346.5
	ub :	42.1541	32.8634	365.761
	lb :	1.5066	-3.6924	326.0509

	==================================================================================
	Q1:
		Shape: Polyhedra
		q_c:	24.0	6.0	340.5
		ub :	34.542	15.6924	351.6862
		lb :	13.458	-3.6924	329.3138
		A:
			0.1192	0.786	0.6066
			-0.7	0.6402	0.3165
			0.9876	0.0595	-0.1454
			-0.0771	0.7821	0.6184
			-0.5445	0.8361	0.0665
			-0.2646	0.3183	0.9103
			0.6885	0.171	0.7048
			-0.4438	-0.6692	0.596
			0.5736	-0.7231	-0.3849
			-0.6885	-0.171	-0.7048
			0.4438	0.6692	-0.596
			-0.5736	0.7231	0.3849
		b:
			219.5526
			98.9183
			-18.8793
			218.2918
			19.2163
			311.3629
			264.0255
			196.7586
			-117.6205
			-251.0255
			-179.7586
			125.6205
	==================================================================================
	Q2:
		Shape: Hybrid
		q_c:	24.5	22.0	346.0
		ub :	30.8975	29.605	353.6406
		lb :	18.1025	14.395	338.3594
		P^-1:
			0.0478	-0.0018	-0.0059
			-0.0018	0.0205	0.0003
			-0.0059	0.0003	0.0251
		A:
			-0.7791	-0.1054	-0.6179
			0.6886	-0.388	-0.6126
			-0.4368	0.6803	-0.5886
			-0.3862	0.0283	0.922
			-0.9199	-0.262	-0.2916
			0.9608	0.2432	0.1328
		b:
			-231.593
			-200.6193
			-195.1251
			313.7852
			-126.0913
			77.6697
	==================================================================================
	Q3:
		Shape: Polyhedra
		q_c:	17.5	26.0	358.0
		ub :	25.783	30.7699	365.761
		lb :	9.217	21.2301	350.239
		A:
			0.3034	-0.1277	-0.9443
			-0.4264	-0.7916	0.4376
			0.8966	-0.3037	-0.3222
			-0.4302	0.3024	0.8506
			0.1516	0.3564	-0.9219
			0.1581	0.226	-0.9612
			0.8203	0.033	0.5709
			-0.5413	0.3672	0.7564
			-0.1847	-0.9296	0.3191
			-0.8203	-0.033	-0.5709
			0.5413	-0.3672	-0.7564
			0.1847	0.9296	-0.3191
		b:
			-332.1353
			132.2099
			-102.7657
			308.4497
			-313.9081
			-331.1686
			226.6125
			274.3789
			90.3402
			-212.6125
			-267.3789
			-83.3402
	==================================================================================
	Q4:
		Shape: Ellipse
		q_c:	35.5	29.5	346.5
		ub :	42.1541	32.8634	353.1126
		lb :	28.8459	26.1366	339.8874
		P^-1:
			0.0828	-0.0416	0.045
			-0.0416	0.2375	-0.0076
			0.045	-0.0076	0.0685
	==================================================================================
	Q5:
		Shape: Polyhedra
		q_c:	11.0	10.0	338.0
		ub :	20.4934	18.2614	346.2646
		lb :	1.5066	1.7386	329.7354
		A:
			0.7545	0.4601	0.468
			-0.8201	-0.1356	-0.5559
			0.1142	-0.8966	0.4279
			0.6912	-0.0328	0.7219
			-0.3826	-0.4647	-0.7986
			0.7034	0.5988	0.383
			0.5582	0.0803	0.8258
			-0.708	-0.4729	0.5245
			0.4327	-0.8774	-0.2071
			-0.5582	-0.0803	-0.8258
			0.708	0.4729	-0.5245
			-0.4327	0.8774	0.2071
		b:
			176.2038
			-193.4557
			142.6552
			255.8481
			-274.073
			148.5086
			290.5708
			171.2751
			-68.5114
			-281.5708
			-158.2751
			79.5114
	==================================================================================
	Q6:
		Shape: Polyhedra
		q_c:	14.5	15.5	331.0
		ub :	21.4986	21.012	335.9491
		lb :	7.5014	9.988	326.0509
		A:
			-0.3492	0.7879	0.5073
			0.5327	-0.7045	0.4689
			0.3076	0.8261	0.4722
			0.2528	-0.5339	0.8069
			-0.4768	0.2345	-0.8472
			-0.2764	0.0687	-0.9586
			0.1711	0.2622	0.9497
			-0.5171	0.8444	-0.1399
			-0.8386	-0.4672	0.28
			-0.1711	-0.2622	-0.9497
			0.5171	-0.8444	0.1399
			0.8386	0.4672	-0.28
		b:
			177.5421
			154.1484
			177.6456
			265.4435
			-280.9496
			-317.3054
			323.9093
			-38.7294
			79.7792
			-317.9093
			42.7294
			-66.7792


===========================================================================================
===========================================================================================
