3D_40_13_6_e                l = 3

===========================================================================================
===========================================================================================
S1:
	q_c:	418.5	315.0	450.0
	ub :	430.7469	328.5363	466.6366
	lb :	402.974	302.2704	437.9789

	==================================================================================
	Q1:
		Shape: Ellipse
		q_c:	424.5	307.5	447.0
		ub :	430.7469	312.7296	453.6582
		lb :	418.2531	302.2704	440.3418
		P^-1:
			0.1317	0.0582	-0.0712
			0.0582	0.1451	-0.0624
			-0.0712	-0.0624	0.0826
	==================================================================================
	Q2:
		Shape: Hybrid
		q_c:	411.5	310.0	451.0
		ub :	418.8099	315.2558	456.095
		lb :	404.1901	304.7442	445.905
		P^-1:
			0.0587	-0.0075	-0.0852
			-0.0075	0.0415	0.0161
			-0.0852	0.0161	0.2102
		A:
			-0.0949	0.1154	0.9888
			0.1299	-0.3471	-0.9288
			0.8241	0.3722	-0.427
			-0.6704	0.6353	0.3834
			-0.4182	-0.13	0.899
			-0.2665	0.2127	0.9401
		b:
			444.5727
			-471.0836
			265.7407
			97.4468
			194.2812
			381.5601
	==================================================================================
	Q3:
		Shape: Polyhedra
		q_c:	423.0	312.0	443.5
		ub :	428.256	315.148	449.0211
		lb :	417.744	308.852	437.9789
		A:
			-0.568	0.0503	-0.8215
			-0.601	-0.7857	-0.1462
			-0.025	0.9645	-0.2628
			-0.3051	0.9483	-0.087
			-0.8997	-0.2885	-0.3275
			-0.0059	0.9984	0.0567
			0.6406	0.6065	0.471
			-0.4817	0.795	-0.3686
			-0.598	0.0093	0.8014
			-0.6406	-0.6065	-0.471
			0.4817	-0.795	0.3686
			0.598	-0.0093	-0.8014
		b:
			-586.2803
			-561.5986
			176.0501
			130.3624
			-613.1828
			336.3697
			671.5713
			-117.2123
			109.8434
			-666.5713
			121.2123
			-100.8434
	==================================================================================
	Q4:
		Shape: Ellipse
		q_c:	416.0	309.5	459.0
		ub :	422.0254	315.9569	466.6366
		lb :	409.9746	303.0431	451.3634
		P^-1:
			0.1173	-0.046	-0.031
			-0.046	0.0805	0.0229
			-0.031	0.0229	0.032
	==================================================================================
	Q5:
		Shape: Hybrid
		q_c:	410.5	310.0	456.0
		ub :	418.026	317.4705	460.1748
		lb :	402.974	302.5295	451.8252
		P^-1:
			0.094	0.0974	-0.2074
			0.0974	0.2145	-0.3648
			-0.2074	-0.3648	0.7592
		A:
			0.3002	0.0211	-0.9537
			-0.9828	-0.0058	-0.1845
			0.1821	0.2548	-0.9497
			0.1781	0.5307	-0.8286
			0.4154	-0.9027	-0.1125
			-0.1652	0.9078	-0.3856
		b:
			-303.1463
			-484.4776
			-278.2977
			-139.5374
			-155.9841
			41.1204
	==================================================================================
	Q6:
		Shape: Polyhedra
		q_c:	409.5	323.0	452.5
		ub :	415.2546	328.5363	455.9199
		lb :	403.7454	317.4637	449.0801
		A:
			0.4215	0.7622	-0.4913
			0.6826	0.0001	0.7308
			0.5809	0.0004	0.814
			0.155	0.9386	-0.3081
			-0.3929	0.2832	-0.8749
			0.3408	0.7377	-0.5828
			0.4836	0.671	0.562
			-0.3111	-0.4684	0.8269
			0.8181	-0.5748	-0.0178
			-0.4836	-0.671	-0.562
			0.3111	0.4684	-0.8269
			-0.8181	0.5748	0.0178
		b:
			198.7769
			613.6288
			609.5089
			230.104
			-462.349
			116.3181
			672.0921
			97.4973
			145.8206
			-666.0921
			-93.4973
			-136.8206


===========================================================================================
===========================================================================================
S2:
	q_c:	267.5	302.0	163.0
	ub :	276.998	317.3984	182.1753
	lb :	255.255	291.1296	150.0408

	==================================================================================
	Q1:
		Shape: Polyhedra
		q_c:	263.0	308.5	156.0
		ub :	266.211	314.2594	161.9592
		lb :	259.789	302.7406	150.0408
		A:
			-0.7645	0.2008	0.6125
			-0.999	-0.0159	-0.0419
			0.398	-0.6019	-0.6923
			0.7781	-0.0471	0.6264
			-0.4892	-0.8097	-0.3243
			0.5571	-0.5331	-0.6367
			0.1992	0.6914	0.6945
			-0.1267	0.7209	-0.6813
			-0.9717	0.0477	0.2312
			-0.1992	-0.6914	-0.6945
			0.1267	-0.7209	0.6813
			0.9717	-0.0477	-0.2312
		b:
			-41.1531
			-271.969
			-185.9219
			291.2246
			-425.5716
			-114.4258
			377.5281
			87.2821
			-202.7617
			-370.5281
			-78.2821
			206.7617
	==================================================================================
	Q2:
		Shape: Ellipse
		q_c:	262.0	300.0	160.0
		ub :	267.1449	308.2699	168.3327
		lb :	256.8551	291.7301	151.6673
		P^-1:
			0.0772	0.0062	0.0112
			0.0062	0.0334	0.0078
			0.0112	0.0078	0.0388
	==================================================================================
	Q3:
		Shape: Ellipse
		q_c:	265.0	296.5	159.0
		ub :	270.3585	301.8704	164.8207
		lb :	259.6415	291.1296	153.1793
		P^-1:
			0.1542	-0.0849	0.03
			-0.0849	0.137	-0.0488
			0.03	-0.0488	0.0899
	==================================================================================
	Q4:
		Shape: Ellipse
		q_c:	272.0	306.5	169.5
		ub :	276.6344	311.7171	173.921
		lb :	267.3656	301.2829	165.079
		P^-1:
			0.2436	0.1792	0.0819
			0.1792	0.2163	0.0689
			0.0819	0.0689	0.1156
	==================================================================================
	Q5:
		Shape: Ellipse
		q_c:	263.5	309.5	174.0
		ub :	271.745	316.1565	182.1753
		lb :	255.255	302.8435	165.8247
		P^-1:
			0.0413	0.003	-0.0013
			0.003	0.0467	-0.003
			-0.0013	-0.003	0.0413
	==================================================================================
	Q6:
		Shape: Hybrid
		q_c:	273.5	310.0	165.0
		ub :	276.998	317.3984	172.5756
		lb :	270.002	302.6016	157.4244
		P^-1:
			0.2145	0.0392	0.0465
			0.0392	0.0856	0.0629
			0.0465	0.0629	0.0814
		A:
			0.745	0.4098	0.5263
			-0.2684	0.4665	-0.8428
			-0.9433	0.0431	0.329
			0.9241	0.3819	-0.0141
			-0.7356	-0.5942	-0.3254
			-0.5974	0.7959	0.0981
		b:
			418.7586
			-62.3347
			-188.3177
			370.7077
			-437.6343
			102.6376


===========================================================================================
===========================================================================================
S3:
	q_c:	48.5	428.0	348.5
	ub :	59.8348	438.6084	357.2377
	lb :	41.6992	418.8832	342.6106

	==================================================================================
	Q1:
		Shape: Hybrid
		q_c:	52.5	427.5	353.0
		ub :	55.7717	430.3561	355.9102
		lb :	49.2283	424.6439	350.0898
		P^-1:
			0.2564	0.1396	0.2285
			0.1396	0.3621	0.3308
			0.2285	0.3308	0.7015
		A:
			-0.901	-0.4312	-0.0478
			0.2645	0.7913	0.5512
			-0.9088	0.4132	-0.0585
			-0.4893	-0.4238	-0.7622
			-0.145	0.0649	-0.9873
			-0.1783	-0.5898	-0.7876
		b:
			-246.8604
			547.5985
			110.2557
			-475.369
			-327.2206
			-538.9381
	==================================================================================
	Q2:
		Shape: Hybrid
		q_c:	48.0	433.0	349.0
		ub :	53.7843	438.6084	354.1383
		lb :	42.2157	427.3916	343.8617
		P^-1:
			0.0771	-0.0054	0.0237
			-0.0054	0.102	-0.0388
			0.0237	-0.0388	0.1251
		A:
			-0.5122	0.8535	-0.0956
			0.8748	-0.0691	0.4795
			-0.1365	-0.1689	0.9761
			0.3308	0.178	0.9267
			-0.2211	-0.6196	-0.7531
			0.0429	0.0993	0.9941
		b:
			313.7388
			181.4175
			262.8043
			418.2257
			-539.428
			393.9243
	==================================================================================
	Q3:
		Shape: Hybrid
		q_c:	54.5	430.0	347.0
		ub :	58.8594	433.6302	351.3894
		lb :	50.1406	426.3698	342.6106
		P^-1:
			0.1843	-0.027	0.0776
			-0.027	0.2389	0.0319
			0.0776	0.0319	0.1584
		A:
			0.275	0.1409	0.9511
			0.8418	-0.0708	0.5351
			-0.9372	0.2994	-0.1788
			-0.0145	-0.4679	0.8837
			-0.5153	0.6247	0.5866
			0.2757	-0.9454	-0.1736
		b:
			407.03
			202.1481
			16.9139
			106.648
			445.7365
			-450.7494
	==================================================================================
	Q4:
		Shape: Hybrid
		q_c:	56.5	422.5	353.0
		ub :	59.8348	426.1168	355.6563
		lb :	53.1652	418.8832	350.3437
		P^-1:
			0.1562	-0.0131	-0.0003
			-0.0131	0.115	-0.0012
			-0.0003	-0.0012	0.16
		A:
			-0.8863	-0.413	-0.2095
			-0.6578	0.5553	-0.5089
			0.5878	0.7213	-0.3662
			0.0545	0.9218	-0.3839
			-0.7252	-0.6879	-0.0282
			-0.4412	-0.5735	-0.6903
		b:
			-297.056
			19.1175
			210.316
			258.6462
			-339.9438
			-509.3992
	==================================================================================
	Q5:
		Shape: Ellipse
		q_c:	54.0	428.5	351.5
		ub :	59.0872	433.7837	357.2377
		lb :	48.9128	423.2163	345.7623
		P^-1:
			0.0993	-0.0044	-0.0138
			-0.0044	0.0827	0.0034
			-0.0138	0.0034	0.0924
	==================================================================================
	Q6:
		Shape: Ellipse
		q_c:	45.0	432.0	353.5
		ub :	48.3008	434.8927	356.4044
		lb :	41.6992	429.1073	350.5956
		P^-1:
			0.2692	0.3203	-0.1131
			0.3203	0.7613	-0.2205
			-0.1131	-0.2205	0.2406


===========================================================================================
===========================================================================================
S4:
	q_c:	81.0	438.5	357.0
	ub :	91.6944	444.4152	371.3637
	lb :	69.1203	422.0061	344.5913

	==================================================================================
	Q1:
		Shape: Hybrid
		q_c:	75.5	436.0	364.5
		ub :	81.3769	441.7944	370.0328
		lb :	69.6231	430.2056	358.9672
		P^-1:
			0.0625	-0.0073	-0.0158
			-0.0073	0.107	-0.0446
			-0.0158	-0.0446	0.1215
		A:
			0.7172	-0.6967	-0.0177
			-0.9972	-0.0152	-0.0735
			0.7998	-0.2056	-0.564
			0.5003	-0.453	0.7379
			0.3222	0.6396	-0.6979
			-0.0913	0.8672	0.4896
		b:
			-253.8671
			-105.7464
			-232.6074
			111.1865
			50.2331
			552.1727
	==================================================================================
	Q2:
		Shape: Polyhedra
		q_c:	75.0	436.5	362.0
		ub :	79.3858	441.2616	365.2656
		lb :	70.6142	431.7384	358.7344
		A:
			-0.1293	-0.1886	-0.9735
			-0.1835	0.8264	0.5324
			0.9084	0.396	0.1343
			0.8812	0.4157	0.2253
			-0.9565	-0.0399	0.2891
			-0.4666	-0.5067	-0.7249
			0.6662	0.4976	0.5555
			0.4043	0.3849	-0.8297
			-0.6267	0.7773	0.0553
			-0.6662	-0.4976	-0.5555
			-0.4043	-0.3849	0.8297
			0.6267	-0.7773	-0.0553
		b:
			-442.1947
			542.9346
			291.4062
			330.6995
			18.5465
			-517.2986
			469.2617
			-99.0123
			316.291
			-467.2617
			105.0123
			-308.291
	==================================================================================
	Q3:
		Shape: Hybrid
		q_c:	86.0	438.0	356.5
		ub :	91.0766	444.4152	361.0653
		lb :	80.9234	431.5848	351.9347
		P^-1:
			0.0775	-0.0097	-0.0097
			-0.0097	0.0639	-0.0432
			-0.0097	-0.0432	0.1402
		A:
			0.5936	-0.3175	0.7395
			-0.7006	0.312	-0.6417
			0.4654	-0.4413	0.7672
			-0.4976	0.6642	-0.558
			0.5002	0.3718	-0.782
			-0.6451	-0.3479	0.6803
		b:
			177.4111
			-150.443
			121.8326
			51.0021
			-71.3914
			36.4432
	==================================================================================
	Q4:
		Shape: Ellipse
		q_c:	80.5	435.5	350.5
		ub :	86.7092	441.5909	356.4087
		lb :	74.2908	429.4091	344.5913
		P^-1:
			0.0756	-0.004	0.0079
			-0.004	0.0789	0.0053
			0.0079	0.0053	0.0712
	==================================================================================
	Q5:
		Shape: Hybrid
		q_c:	87.5	432.5	351.5
		ub :	91.6944	437.3263	355.5338
		lb :	83.3056	427.6737	347.4662
		P^-1:
			1.7064	1.212	1.5244
			1.212	0.9539	1.0855
			1.5244	1.0855	1.5001
		A:
			-0.5523	-0.2866	-0.7828
			0.6953	0.5196	0.4966
			-0.5965	-0.6461	-0.4762
			-0.7698	-0.6382	0.0133
			0.6052	0.3354	0.7219
			-0.6129	-0.5888	-0.527
		b:
			-446.7382
			460.4933
			-498.3936
			-336.9483
			452.2766
			-493.0677
	==================================================================================
	Q6:
		Shape: Ellipse
		q_c:	76.0	429.0	365.5
		ub :	82.8797	435.9939	371.3637
		lb :	69.1203	422.0061	359.6363
		P^-1:
			0.0854	0.0137	-0.0533
			0.0137	0.0535	-0.0247
			-0.0533	-0.0247	0.1105


===========================================================================================
===========================================================================================
S5:
	q_c:	243.5	48.5	155.0
	ub :	261.1098	83.8978	184.7028
	lb :	218.7448	25.9048	131.3268

	==================================================================================
	Q1:
		Shape: Hybrid
		q_c:	238.5	44.0	151.5
		ub :	252.5637	56.6947	164.2762
		lb :	224.4363	31.3053	138.7238
		P^-1:
			0.008	0.002	0.0003
			0.002	0.0182	0.0037
			0.0003	0.0037	0.0129
		A:
			-0.6349	-0.7606	0.1359
			0.4265	0.4135	0.8044
			-0.4476	-0.3532	-0.8216
			0.1644	0.9742	-0.1549
			-0.2109	0.8529	-0.4776
			-0.5523	0.7442	0.3757
		b:
			-158.995
			246.7344
			-241.5686
			63.0575
			-79.2403
			-36.2805
	==================================================================================
	Q2:
		Shape: Polyhedra
		q_c:	243.0	69.0	172.0
		ub :	258.5695	83.8978	184.7028
		lb :	227.4305	54.1022	159.2972
		A:
			-0.4894	-0.8719	-0.0161
			-0.9981	-0.036	-0.0498
			0.2212	-0.7451	0.6292
			0.8078	-0.1088	-0.5793
			-0.5013	0.68	-0.5351
			-0.9779	0.1347	-0.1599
			0.5906	0.7779	0.2146
			0.7574	-0.6262	0.1853
			0.2785	0.0531	-0.959
			-0.5906	-0.7779	-0.2146
			-0.7574	0.6262	-0.1853
			-0.2785	-0.0531	0.959
		b:
			-169.5433
			-243.7343
			119.1987
			98.0142
			-159.0697
			-246.7668
			246.6108
			180.1978
			-84.6035
			-221.6108
			-165.1978
			102.6035
	==================================================================================
	Q3:
		Shape: Polyhedra
		q_c:	255.0	48.5	146.0
		ub :	261.1098	57.5127	153.2208
		lb :	248.8902	39.4873	138.7792
		A:
			0.0769	-0.6937	-0.7161
			-0.3777	0.6375	0.6715
			-0.9833	-0.1601	-0.0863
			0.2235	-0.5988	-0.7691
			-0.05	0.4115	0.9101
			-0.4386	-0.6154	-0.6549
			0.0156	0.5973	0.8019
			0.0087	0.8019	-0.5974
			-0.9998	0.0163	0.0073
			-0.0156	-0.5973	-0.8019
			-0.0087	-0.8019	0.5974
			0.9998	-0.0163	-0.0073
		b:
			-116.55
			35.5854
			-265.1611
			-82.2947
			142.6916
			-234.242
			151.5257
			-36.1049
			-247.1005
			-148.5257
			56.1049
			259.1005
	==================================================================================
	Q4:
		Shape: Polyhedra
		q_c:	244.5	37.0	143.5
		ub :	255.2788	48.0952	155.6732
		lb :	233.7212	25.9048	131.3268
		A:
			0.4962	0.7162	-0.4907
			-0.5358	0.3092	0.7857
			-0.6358	0.7224	0.2719
			0.1831	-0.1918	-0.9642
			-0.549	-0.7194	-0.4254
			0.5757	0.8172	-0.0269
			0.2899	0.8007	0.5242
			0.5021	-0.5936	0.6289
			0.8147	0.0809	-0.5742
			-0.2899	-0.8007	-0.5242
			-0.5021	0.5936	-0.6289
			-0.8147	-0.0809	0.5742
		b:
			84.046
			-0.9002
			-82.6722
			-94.07
			-214.9749
			173.7924
			182.7453
			199.5547
			125.3048
			-168.7453
			-182.5547
			-114.3048
	==================================================================================
	Q5:
		Shape: Ellipse
		q_c:	233.0	39.5	162.0
		ub :	247.2552	51.078	176.7606
		lb :	218.7448	27.922	147.2394
		P^-1:
			0.0121	0.0014	-0.0013
			0.0014	0.0187	-0.003
			-0.0013	-0.003	0.013
	==================================================================================
	Q6:
		Shape: Polyhedra
		q_c:	230.5	58.5	169.5
		ub :	239.3528	71.6531	181.3459
		lb :	221.6472	45.3469	157.6541
		A:
			0.6028	0.014	0.7977
			0.6149	0.7077	0.3479
			-0.5188	-0.7561	-0.399
			-0.657	-0.1777	0.7327
			-0.6247	-0.5659	-0.5381
			0.362	-0.3935	-0.845
			0.2604	0.2911	0.9206
			-0.1376	0.9549	-0.263
			-0.9557	-0.0582	0.2887
			-0.2604	-0.2911	-0.9206
			0.1376	-0.9549	0.263
			0.9557	0.0582	-0.2887
		b:
			283.0125
			250.3948
			-222.7819
			-31.0091
			-260.4242
			-75.356
			241.0801
			-9.4461
			-169.2524
			-225.0801
			31.4461
			180.2524


===========================================================================================
===========================================================================================
S6:
	q_c:	24.0	304.0	153.5
	ub :	45.1192	330.9595	187.4141
	lb :	-3.4355	277.6997	127.4176

	==================================================================================
	Q1:
		Shape: Hybrid
		q_c:	35.5	318.0	164.0
		ub :	44.02	330.9595	175.3485
		lb :	26.98	305.0405	152.6515
		P^-1:
			0.1192	0.0634	0.0228
			0.0634	0.0464	0.0076
			0.0228	0.0076	0.0223
		A:
			-0.0091	0.8921	-0.4517
			0.7152	-0.0607	0.6963
			-0.3465	-0.8903	-0.2956
			-0.6664	-0.7442	-0.0462
			0.5191	0.8523	-0.0647
			0.6112	-0.0147	0.7913
		b:
			216.0567
			124.4666
			-337.7499
			-265.1341
			282.9199
			151.0999
	==================================================================================
	Q2:
		Shape: Ellipse
		q_c:	21.5	290.0	152.0
		ub :	33.9236	302.3003	162.6706
		lb :	9.0764	277.6997	141.3294
		P^-1:
			0.0113	-0.0005	-0.0
			-0.0005	0.0121	0.0
			-0.0	0.0	0.0091
	==================================================================================
	Q3:
		Shape: Ellipse
		q_c:	31.0	317.0	146.0
		ub :	38.5766	323.7108	153.7522
		lb :	23.4234	310.2892	138.2478
		P^-1:
			0.1108	-0.0391	-0.1082
			-0.0391	0.0604	0.0323
			-0.1082	0.0323	0.1438
	==================================================================================
	Q4:
		Shape: Polyhedra
		q_c:	37.5	315.0	159.0
		ub :	45.0336	321.5351	165.9612
		lb :	29.9664	308.4649	152.0388
		A:
			0.9692	-0.2328	0.0803
			-0.903	0.0905	-0.4201
			0.7642	-0.4931	0.4157
			0.5189	-0.6861	-0.51
			-0.6316	-0.5098	-0.5841
			-0.0393	-0.0312	0.9987
			0.5893	0.4236	0.688
			-0.6224	-0.305	0.7208
			0.5152	-0.853	0.084
			-0.5893	-0.4236	-0.688
			0.6224	0.305	-0.7208
			-0.5152	0.853	-0.084
		b:
			-19.9712
			-67.2846
			-56.4354
			-273.8414
			-271.6866
			152.1959
			270.4264
			-0.7861
			-232.5155
			-259.4264
			8.7861
			239.5155
	==================================================================================
	Q5:
		Shape: Polyhedra
		q_c:	10.5	295.5	174.5
		ub :	24.4355	309.0637	187.4141
		lb :	-3.4355	281.9363	161.5859
		A:
			0.8154	-0.0807	-0.5732
			-0.013	0.6416	0.7669
			-0.9551	0.155	0.2524
			-0.4428	0.3655	-0.8188
			-0.7074	-0.178	-0.684
			-0.9355	-0.1222	0.3315
			0.6064	0.5204	0.6011
			0.4437	-0.8489	0.2872
			0.6598	0.0926	-0.7457
			-0.6064	-0.5204	-0.6011
			-0.4437	0.8489	-0.2872
			-0.6598	-0.0926	0.7457
		b:
			-108.9425
			331.9755
			87.2354
			-30.3738
			-169.8886
			18.8743
			274.5542
			-186.5595
			-89.8525
			-255.5542
			205.5595
			101.8525
	==================================================================================
	Q6:
		Shape: Ellipse
		q_c:	30.0	301.0	145.0
		ub :	45.1192	317.3334	162.5824
		lb :	14.8808	284.6666	127.4176
		P^-1:
			0.0221	-0.0124	-0.0033
			-0.0124	0.0172	0.0027
			-0.0033	0.0027	0.0077


===========================================================================================
===========================================================================================
S7:
	q_c:	373.5	140.5	268.5
	ub :	389.7977	154.1916	283.2329
	lb :	362.2307	127.7237	256.9685

	==================================================================================
	Q1:
		Shape: Ellipse
		q_c:	379.5	143.5	276.5
		ub :	384.0776	147.2166	281.19
		lb :	374.9224	139.7834	271.81
		P^-1:
			0.1413	-0.0501	-0.0279
			-0.0501	0.1941	0.0462
			-0.0279	0.0462	0.1368
	==================================================================================
	Q2:
		Shape: Ellipse
		q_c:	374.5	144.5	265.0
		ub :	379.723	152.5717	273.0315
		lb :	369.277	136.4283	256.9685
		P^-1:
			0.0907	0.0208	0.0203
			0.0208	0.0474	0.0209
			0.0203	0.0209	0.0502
	==================================================================================
	Q3:
		Shape: Ellipse
		q_c:	381.0	139.5	265.5
		ub :	384.9273	145.0147	268.9186
		lb :	377.0727	133.9853	262.0814
		P^-1:
			0.6449	0.1395	-0.4273
			0.1395	0.0722	-0.0987
			-0.4273	-0.0987	0.4046
	==================================================================================
	Q4:
		Shape: Polyhedra
		q_c:	371.5	139.0	272.5
		ub :	376.011	142.446	277.473
		lb :	366.989	135.554	267.527
		A:
			-0.1137	-0.3853	-0.9158
			0.3919	-0.8527	-0.3454
			-0.0682	0.9959	-0.0598
			0.7698	-0.6282	0.1131
			-0.8487	-0.4789	-0.2244
			-0.0178	0.9925	0.1206
			0.0402	0.9406	0.3371
			0.552	0.2603	-0.7922
			-0.8329	0.2179	-0.5087
			-0.0402	-0.9406	-0.3371
			-0.552	-0.2603	0.7922
			0.8329	-0.2179	0.5087
		b:
			-342.5494
			-64.7718
			99.0561
			232.279
			-440.1807
			166.303
			239.5393
			28.853
			-414.758
			-235.5393
			-21.853
			420.758
	==================================================================================
	Q5:
		Shape: Hybrid
		q_c:	383.0	135.0	268.5
		ub :	389.7977	142.2763	275.6256
		lb :	376.2023	127.7237	261.3744
		P^-1:
			0.0577	0.0036	-0.0052
			0.0036	0.051	-0.0022
			-0.0052	-0.0022	0.0526
		A:
			-0.4704	0.7402	0.4805
			-0.836	0.2402	-0.4933
			-0.7114	0.3004	0.6354
			-0.6281	0.5575	-0.5428
			0.6569	-0.1245	0.7436
			-0.6249	0.1733	0.7612
		b:
			51.2212
			-417.7839
			-59.0852
			-308.5721
			436.9484
			-9.3879
	==================================================================================
	Q6:
		Shape: Ellipse
		q_c:	368.5	147.5	277.5
		ub :	374.7693	154.1916	283.2329
		lb :	362.2307	140.8084	271.7671
		P^-1:
			0.0625	0.0	-0.0
			0.0	0.0625	0.0
			-0.0	0.0	0.0625


===========================================================================================
===========================================================================================
S8:
	q_c:	64.5	385.5	296.0
	ub :	78.9673	397.2271	310.4411
	lb :	49.5253	371.3399	283.1232

	==================================================================================
	Q1:
		Shape: Ellipse
		q_c:	58.5	377.0	301.5
		ub :	67.4747	381.7213	310.4411
		lb :	49.5253	372.2787	292.5589
		P^-1:
			0.0315	-0.0282	0.0092
			-0.0282	0.1453	-0.0305
			0.0092	-0.0305	0.0346
	==================================================================================
	Q2:
		Shape: Ellipse
		q_c:	57.5	383.0	290.5
		ub :	62.4274	389.4517	296.8168
		lb :	52.5726	376.5483	284.1832
		P^-1:
			0.1137	-0.0349	-0.0341
			-0.0349	0.0823	0.0293
			-0.0341	0.0293	0.0758
	==================================================================================
	Q3:
		Shape: Hybrid
		q_c:	72.0	383.5	299.5
		ub :	77.005	388.4945	305.0694
		lb :	66.995	378.5055	293.9306
		P^-1:
			0.1616	-0.087	0.0079
			-0.087	0.1643	0.0096
			0.0079	0.0096	0.0551
		A:
			-0.5262	0.717	-0.4572
			0.2445	0.7738	-0.5844
			0.7867	-0.085	0.6114
			-0.9869	-0.1584	-0.0297
			-0.9887	-0.1471	-0.0293
			0.7345	-0.0158	0.6785
		b:
			101.9158
			142.4109
			209.3673
			-138.5116
			-134.1824
			252.3759
	==================================================================================
	Q4:
		Shape: Hybrid
		q_c:	73.0	389.5	291.5
		ub :	78.9673	397.2271	299.8768
		lb :	67.0327	381.7729	283.1232
		P^-1:
			0.0603	-0.001	-0.0077
			-0.001	0.0331	0.0003
			-0.0077	0.0003	0.0352
		A:
			-0.5231	0.0419	0.8513
			-0.0172	-0.1932	-0.981
			0.0891	0.5597	0.8239
			0.7181	0.3121	-0.6221
			-0.4161	-0.8564	0.3056
			-0.4792	0.8569	0.1901
		b:
			229.0416
			-359.0488
			468.1486
			-4.8999
			-271.6396
			357.2932
	==================================================================================
	Q5:
		Shape: Polyhedra
		q_c:	57.5	383.5	301.5
		ub :	63.9732	386.1905	307.7233
		lb :	51.0268	380.8095	295.2767
		A:
			-0.4642	-0.8237	-0.3256
			-0.1532	-0.7574	0.6347
			-0.9198	0.3887	0.0534
			0.3445	0.8641	-0.3669
			0.0818	-0.9041	-0.4195
			-0.2617	0.8287	0.4947
			0.7945	0.0213	0.6068
			-0.6065	-0.0212	0.7948
			0.0298	-0.9995	-0.0039
			-0.7945	-0.0213	-0.6068
			0.6065	0.0212	-0.7948
			-0.0298	0.9995	0.0039
		b:
			-437.1908
			-104.599
			116.6082
			243.5928
			-465.592
			454.9574
			241.8311
			200.6181
			-380.2964
			-231.8311
			-192.6181
			385.2964
	==================================================================================
	Q6:
		Shape: Polyhedra
		q_c:	73.0	376.0	304.5
		ub :	77.8319	380.6601	308.6873
		lb :	68.1681	371.3399	300.3127
		A:
			-0.772	0.5974	0.2171
			0.1487	0.9544	0.259
			-0.18	0.4887	0.8537
			-0.7831	-0.4476	0.4317
			-0.4011	0.6184	0.6758
			-0.8665	0.4285	0.256
			0.225	0.1111	0.968
			-0.6167	0.7854	0.0532
			-0.7543	-0.6089	0.2452
			-0.225	-0.1111	-0.968
			0.6167	-0.7854	-0.0532
			0.7543	0.6089	-0.2452
		b:
			237.7935
			451.699
			434.0527
			-91.4428
			412.5041
			179.1163
			356.458
			269.9878
			-206.8565
			-349.458
			-262.9878
			211.8565


===========================================================================================
===========================================================================================
S9:
	q_c:	427.5	370.5	20.5
	ub :	444.3247	382.0418	38.837
	lb :	415.4544	356.0542	4.3014

	==================================================================================
	Q1:
		Shape: Polyhedra
		q_c:	426.0	370.5	28.0
		ub :	432.3031	377.1634	35.3544
		lb :	419.6969	363.8366	20.6456
		A:
			0.3682	0.5361	0.7596
			0.6557	-0.752	0.0668
			-0.7531	-0.6578	-0.0083
			0.6321	-0.7746	0.0199
			0.5529	0.0775	0.8296
			-0.2696	0.4173	-0.8679
			0.6871	0.3996	0.6068
			-0.1309	0.8896	-0.4375
			-0.7147	0.2212	0.6636
			-0.6871	-0.3996	-0.6068
			0.1309	-0.8896	0.4375
			0.7147	-0.2212	-0.6636
		b:
			379.8689
			7.7011
			-561.017
			-12.0212
			290.5727
			19.9027
			460.2405
			266.5708
			-198.4231
			-455.2405
			-256.5708
			209.4231
	==================================================================================
	Q2:
		Shape: Hybrid
		q_c:	423.0	364.0	31.0
		ub :	427.6532	371.9458	37.2296
		lb :	418.3468	356.0542	24.7704
		P^-1:
			0.0806	0.0046	0.0057
			0.0046	0.0181	0.0012
			0.0057	0.0012	0.0337
		A:
			0.791	-0.6074	-0.0732
			0.5443	-0.1668	0.8222
			-0.1618	-0.5623	0.811
			-0.5186	-0.8231	-0.2315
			-0.6024	-0.0523	0.7965
			-0.6617	-0.0519	0.7479
		b:
			115.1603
			198.2067
			-243.4582
			-521.633
			-245.8593
			-272.41
	==================================================================================
	Q3:
		Shape: Hybrid
		q_c:	431.0	377.0	27.5
		ub :	433.9684	381.5947	31.1244
		lb :	428.0316	372.4053	23.8756
		P^-1:
			0.4031	-0.0888	-0.0614
			-0.0888	0.0911	0.0393
			-0.0614	0.0393	0.1727
		A:
			0.8242	0.3967	-0.4041
			-0.9546	-0.1354	-0.2654
			-0.9796	0.1725	-0.1034
			0.3764	-0.6177	-0.6905
			0.6214	-0.2805	-0.7315
			-0.9693	0.24	-0.0545
		b:
			495.7382
			-468.4089
			-359.0823
			-88.0275
			143.0847
			-327.9103
	==================================================================================
	Q4:
		Shape: Hybrid
		q_c:	421.5	373.0	18.5
		ub :	427.5456	382.0418	27.5554
		lb :	415.4544	363.9582	9.4446
		P^-1:
			0.0856	-0.0181	-0.0339
			-0.0181	0.0306	0.0125
			-0.0339	0.0125	0.0464
		A:
			0.8073	0.2449	-0.5369
			-0.6526	0.3262	0.6839
			-0.4368	0.1781	-0.8818
			-0.9397	-0.0782	0.3331
			-0.9245	-0.0169	0.3808
			0.9129	-0.0557	0.4043
		b:
			424.2969
			-138.9396
			-129.2779
			-416.9237
			-386.9926
			375.2482
	==================================================================================
	Q5:
		Shape: Polyhedra
		q_c:	435.5	364.5	32.5
		ub :	441.5352	370.4249	38.837
		lb :	429.4648	358.5751	26.163
		A:
			0.0875	-0.9937	-0.0699
			0.6895	-0.2924	0.6627
			-0.6542	0.2834	-0.7012
			-0.8798	-0.221	-0.4208
			-0.2095	0.8721	-0.4423
			-0.4028	0.9115	0.0836
			0.3342	0.6356	0.6959
			-0.6221	0.7035	-0.3438
			-0.7081	-0.318	0.6305
			-0.3342	-0.6356	-0.6959
			0.6221	-0.7035	0.3438
			0.7081	0.318	-0.6305
		b:
			-322.8778
			218.5098
			-201.0688
			-473.6664
			215.4689
			162.8108
			403.838
			-22.6754
			-399.7909
			-395.838
			28.6754
			407.7909
	==================================================================================
	Q6:
		Shape: Ellipse
		q_c:	436.0	367.0	12.0
		ub :	444.3247	374.8226	19.6986
		lb :	427.6753	359.1774	4.3014
		P^-1:
			0.0446	-0.0055	0.0051
			-0.0055	0.0432	0.0057
			0.0051	0.0057	0.0441


===========================================================================================
===========================================================================================
S10:
	q_c:	83.0	118.5	90.0
	ub :	100.2535	143.2891	114.9245
	lb :	65.1021	106.5503	71.5579

	==================================================================================
	Q1:
		Shape: Ellipse
		q_c:	75.5	124.0	102.5
		ub :	84.5607	131.6333	110.4886
		lb :	66.4393	116.3667	94.5114
		P^-1:
			0.0331	0.0	0.0
			0.0	0.0331	0.0
			0.0	0.0	0.0331
	==================================================================================
	Q2:
		Shape: Hybrid
		q_c:	73.5	131.0	84.5
		ub :	81.8979	143.2891	93.4222
		lb :	65.1021	118.7109	75.5778
		P^-1:
			0.0319	-0.0043	-0.0021
			-0.0043	0.0102	-0.0019
			-0.0021	-0.0019	0.0237
		A:
			-0.9448	0.2735	0.1806
			-0.7086	-0.2554	0.6578
			-0.769	-0.064	0.636
			-0.5495	0.8332	-0.0613
			-0.8091	-0.3161	0.4954
			0.6458	-0.6541	0.3939
		b:
			-15.5141
			-26.3183
			-8.0331
			69.1533
			-55.0995
			-0.5749
	==================================================================================
	Q3:
		Shape: Hybrid
		q_c:	90.0	116.0	104.0
		ub :	100.2535	125.4497	114.9245
		lb :	79.7465	106.5503	93.0755
		P^-1:
			0.0248	0.0016	0.0058
			0.0016	0.0141	0.0008
			0.0058	0.0008	0.0151
		A:
			-0.496	-0.5104	0.7025
			0.5352	0.4689	-0.7026
			0.962	-0.2729	-0.0077
			-0.9773	0.2118	0.0069
			0.6899	0.7054	0.1627
			-0.0835	-0.9908	-0.1069
		b:
			-25.0009
			35.2497
			58.1255
			-58.7744
			164.943
			-128.1931
	==================================================================================
	Q4:
		Shape: Hybrid
		q_c:	76.0	123.5	81.0
		ub :	85.2381	134.335	90.4421
		lb :	66.7619	112.665	71.5579
		P^-1:
			0.0441	-0.0189	-0.0147
			-0.0189	0.0308	-0.0035
			-0.0147	-0.0035	0.0399
		A:
			-0.1246	-0.3878	0.9133
			0.9569	-0.2789	0.0809
			-0.2564	0.9485	-0.1862
			0.5797	-0.8132	-0.0518
			-0.88	0.4492	-0.1542
			-0.7146	0.5075	-0.4814
		b:
			19.5083
			48.1524
			86.2782
			-57.8695
			-21.0594
			-27.4961
	==================================================================================
	Q5:
		Shape: Ellipse
		q_c:	86.5	119.5	97.5
		ub :	93.0696	127.0197	102.5635
		lb :	79.9304	111.9803	92.4365
		P^-1:
			0.0453	-0.0098	0.0243
			-0.0098	0.0329	-0.0324
			0.0243	-0.0324	0.1455
	==================================================================================
	Q6:
		Shape: Polyhedra
		q_c:	89.5	113.5	90.5
		ub :	99.1602	119.3743	100.5632
		lb :	79.8398	107.6257	80.4368
		A:
			0.4264	0.8532	-0.3005
			-0.0919	0.8094	0.58
			0.0459	0.6383	-0.7684
			-0.3964	0.9168	0.0485
			-0.8897	0.4557	0.027
			-0.3853	0.9119	0.1411
			0.6504	0.1751	0.7392
			-0.7588	0.194	0.6217
			-0.0346	-0.9653	0.259
			-0.6504	-0.1751	-0.7392
			0.7588	-0.194	-0.6217
			0.0346	0.9653	-0.259
		b:
			112.0287
			141.8566
			11.8359
			77.6406
			-19.0238
			86.6491
			151.4723
			17.3702
			-85.709
			-138.4723
			-3.3702
			92.709


===========================================================================================
===========================================================================================
S11:
	q_c:	119.5	147.0	107.0
	ub :	125.9476	154.2339	115.6162
	lb :	115.6679	138.7136	101.7056

	==================================================================================
	Q1:
		Shape: Polyhedra
		q_c:	121.5	143.5	106.5
		ub :	125.8674	148.09	110.491
		lb :	117.1326	138.91	102.509
		A:
			0.2215	-0.4562	0.8619
			0.6967	0.7092	-0.1078
			-0.763	-0.6398	0.0919
			0.2538	-0.9646	0.0714
			-0.9615	-0.1625	-0.2218
			0.6458	0.6549	-0.3926
			0.453	0.6764	0.5807
			0.7898	-0.6067	0.0905
			0.4135	0.4176	-0.8091
			-0.453	-0.6764	-0.5807
			-0.7898	0.6067	-0.0905
			-0.4135	-0.4176	0.8091
		b:
			55.778
			177.7176
			-171.9608
			-97.3565
			-161.0227
			133.2612
			216.9548
			21.0395
			26.5084
			-210.9548
			-16.0395
			-21.5084
	==================================================================================
	Q2:
		Shape: Polyhedra
		q_c:	120.5	141.5	104.5
		ub :	122.6287	144.2864	107.0371
		lb :	118.3713	138.7136	101.9629
		A:
			0.7941	-0.3733	-0.4797
			-0.2151	0.9116	0.3504
			-0.4734	0.8802	-0.0339
			-0.2294	-0.9725	0.0406
			0.938	-0.3456	-0.0249
			0.9443	-0.139	-0.2983
			0.1703	0.6485	0.7419
			0.2351	0.7044	-0.6697
			-0.9569	0.2885	-0.0325
			-0.1703	-0.6485	-0.7419
			-0.2351	-0.7044	0.6697
			0.9569	-0.2885	0.0325
		b:
			-5.6437
			141.5317
			65.5831
			-159.2822
			63.031
			64.4601
			191.8164
			59.5201
			-76.3856
			-187.8164
			-56.5201
			79.3856
	==================================================================================
	Q3:
		Shape: Hybrid
		q_c:	119.0	150.0	107.5
		ub :	121.5492	152.9169	110.4917
		lb :	116.4508	147.0831	104.5083
		P^-1:
			0.5378	-0.4079	-0.0906
			-0.4079	0.6005	0.0978
			-0.0906	0.0978	0.1817
		A:
			-0.0542	-0.974	-0.2201
			0.5537	-0.7614	-0.3371
			-0.5737	0.6597	0.4854
			-0.4598	0.8772	-0.1378
			-0.8428	0.1654	-0.5122
			0.0856	-0.9575	-0.2755
		b:
			-174.7977
			-83.943
			83.6324
			62.8929
			-128.9642
			-161.8427
	==================================================================================
	Q4:
		Shape: Polyhedra
		q_c:	122.5	144.0	105.5
		ub :	125.9476	146.4623	109.2944
		lb :	119.0524	141.5377	101.7056
		A:
			0.8365	-0.4917	-0.2418
			-0.1151	0.7642	-0.6347
			0.365	0.9309	-0.0171
			-0.786	-0.613	0.0797
			0.6326	0.2564	-0.7308
			-0.165	-0.2222	0.9609
			0.4282	0.1044	0.8976
			-0.8487	0.3876	0.3598
			-0.3103	-0.9159	0.2546
			-0.4282	-0.1044	-0.8976
			0.8487	-0.3876	-0.3598
			0.3103	0.9159	-0.2546
		b:
			8.1536
			31.0491
			178.5689
			-174.3234
			39.3146
			51.7274
			165.1923
			-8.1993
			-141.5459
			-159.1923
			12.1993
			144.5459
	==================================================================================
	Q5:
		Shape: Hybrid
		q_c:	118.5	149.0	108.0
		ub :	121.3321	152.2732	110.5313
		lb :	115.6679	145.7268	105.4687
		P^-1:
			0.7378	0.3113	-0.2278
			0.3113	0.268	-0.1318
			-0.2278	-0.1318	0.3554
		A:
			-0.6173	0.266	0.7404
			-0.316	-0.2885	-0.9038
			0.6746	0.5197	0.5243
			-0.9837	0.1034	0.1469
			-0.43	-0.1583	0.8888
			-0.2194	-0.0018	0.9756
		b:
			48.0084
			-176.4856
			215.3117
			-83.983
			22.4868
			80.4173
	==================================================================================
	Q6:
		Shape: Polyhedra
		q_c:	119.5	150.0	111.5
		ub :	123.2928	154.2339	115.6162
		lb :	115.7072	145.7661	107.3838
		A:
			-0.0021	0.0259	-0.9997
			-0.9083	0.413	0.0669
			-0.7747	0.5712	0.2712
			0.0244	-0.2714	0.9621
			0.1499	-0.3508	0.9244
			0.5706	0.4596	-0.6806
			0.7772	0.1847	0.6015
			-0.6264	0.1367	0.7674
			0.0595	-0.9732	0.222
			-0.7772	-0.1847	-0.6015
			0.6264	-0.1367	-0.7674
			-0.0595	0.9732	-0.222
		b:
			-105.3194
			-36.4304
			25.978
			72.1958
			71.2694
			63.8208
			190.6509
			33.2252
			-110.6256
			-184.6509
			-29.2252
			117.6256


===========================================================================================
===========================================================================================
S12:
	q_c:	388.5	65.5	95.0
	ub :	396.4505	77.2273	107.34
	lb :	378.2673	51.5731	89.1722

	==================================================================================
	Q1:
		Shape: Hybrid
		q_c:	383.5	61.5	101.5
		ub :	388.7327	67.6283	106.3777
		lb :	378.2673	55.3717	96.6223
		P^-1:
			0.1338	0.0519	-0.0428
			0.0519	0.0747	-0.0668
			-0.0428	-0.0668	0.1857
		A:
			0.4347	0.2385	-0.8684
			-0.8689	0.3189	-0.3787
			-0.9073	-0.1578	-0.3897
			-0.9815	0.0781	0.175
			0.7051	0.5983	-0.3807
			0.633	-0.2197	0.7423
		b:
			94.4946
			-349.3494
			-395.2421
			-351.405
			269.9492
			306.6059
	==================================================================================
	Q2:
		Shape: Ellipse
		q_c:	385.5	67.5	103.5
		ub :	388.2637	71.3235	107.34
		lb :	382.7363	63.6765	99.66
		P^-1:
			0.333	-0.079	0.0585
			-0.079	0.2288	-0.1233
			0.0585	-0.1233	0.2437
	==================================================================================
	Q3:
		Shape: Polyhedra
		q_c:	385.0	72.5	98.5
		ub :	389.0846	76.5695	102.5042
		lb :	380.9154	68.4305	94.4958
		A:
			-0.3014	-0.4158	0.8581
			0.6385	0.7424	0.2029
			0.488	0.2747	0.8285
			0.8454	-0.5262	-0.0917
			0.9306	-0.0145	-0.3656
			-0.9388	-0.3115	0.1472
			0.8508	0.3829	0.36
			0.2841	-0.9113	0.298
			0.4422	-0.1513	-0.8841
			-0.8508	-0.3829	-0.36
			-0.2841	0.9113	-0.298
			-0.4422	0.1513	0.8841
		b:
			-58.9946
			322.2273
			291.9225
			281.066
			323.7432
			-367.0175
			393.2598
			75.6629
			74.6832
			-388.2598
			-69.6629
			-69.6832
	==================================================================================
	Q4:
		Shape: Polyhedra
		q_c:	383.5	57.0	101.5
		ub :	388.3073	61.6667	106.7234
		lb :	378.6927	52.3333	96.2766
		A:
			0.2076	-0.1409	0.968
			0.3181	-0.5267	-0.7883
			0.3865	-0.9169	-0.0996
			0.9873	0.098	-0.1253
			-0.0118	0.9949	-0.1004
			0.8525	0.381	0.358
			0.2578	0.8145	0.5198
			0.6282	0.2674	-0.7306
			-0.7341	0.5149	-0.4427
			-0.2578	-0.8145	-0.5198
			-0.6282	-0.2674	0.7306
			0.7341	-0.5149	0.4427
		b:
			172.8473
			15.1499
			88.5987
			374.599
			44.919
			387.8879
			201.0381
			185.5018
			-294.6192
			-195.0381
			-178.5018
			299.6192
	==================================================================================
	Q5:
		Shape: Polyhedra
		q_c:	391.5	73.0	94.0
		ub :	396.4505	77.2273	98.8278
		lb :	386.5495	68.7727	89.1722
		A:
			0.1663	0.3097	-0.9362
			-0.4042	0.5828	-0.7049
			-0.8214	0.4286	0.3764
			0.9487	0.3162	-0.0065
			-0.035	-0.0169	-0.9992
			0.5525	-0.4699	0.6884
			0.6577	0.2647	0.7053
			-0.7147	0.515	0.4732
			-0.2379	-0.8153	0.5279
			-0.6577	-0.2647	-0.7053
			0.7147	-0.515	-0.4732
			0.2379	0.8153	-0.5279
		b:
			2.2614
			-179.424
			-251.4145
			396.8223
			-105.9572
			249.4401
			346.0989
			-194.2419
			-101.0462
			-340.0989
			201.2419
			105.0462
	==================================================================================
	Q6:
		Shape: Ellipse
		q_c:	387.5	57.0	97.5
		ub :	392.8945	62.4269	100.9431
		lb :	382.1055	51.5731	94.0569
		P^-1:
			0.1439	0.0344	-0.1332
			0.0344	0.0765	-0.0022
			-0.1332	-0.0022	0.3846


===========================================================================================
===========================================================================================
S13:
	q_c:	70.0	466.0	449.0
	ub :	78.0805	474.7646	459.7477
	lb :	62.627	456.7471	442.1357

	==================================================================================
	Q1:
		Shape: Hybrid
		q_c:	66.5	471.0	453.0
		ub :	69.5296	474.7646	456.3581
		lb :	63.4704	467.2354	449.6419
		P^-1:
			0.3231	-0.0014	0.103
			-0.0014	0.1438	0.0755
			0.103	0.0755	0.3387
		A:
			0.2128	-0.9117	-0.3516
			0.5893	0.5392	-0.6017
			0.635	0.0006	0.7725
			-0.7256	-0.2085	0.6558
			-0.1191	0.0675	-0.9906
			0.0865	-0.2128	-0.9732
		b:
			-572.8064
			22.5734
			393.294
			152.2413
			-423.6805
			-534.3105
	==================================================================================
	Q2:
		Shape: Ellipse
		q_c:	69.5	462.0	449.0
		ub :	74.6324	467.2529	453.7613
		lb :	64.3676	456.7471	444.2387
		P^-1:
			0.1036	-0.0124	-0.0033
			-0.0124	0.0906	-0.0055
			-0.0033	-0.0055	0.1097
	==================================================================================
	Q3:
		Shape: Ellipse
		q_c:	75.0	466.5	447.0
		ub :	78.0805	468.6478	449.8438
		lb :	71.9195	464.3522	444.1562
		P^-1:
			0.2152	-0.1267	0.1523
			-0.1267	0.6147	-0.3528
			0.1523	-0.3528	0.5801
	==================================================================================
	Q4:
		Shape: Ellipse
		q_c:	66.0	464.0	448.5
		ub :	68.4132	466.1055	451.3035
		lb :	63.5868	461.8945	445.6965
		P^-1:
			0.7946	-0.1275	0.3378
			-0.1275	0.9208	0.2097
			0.3378	0.2097	0.4446
	==================================================================================
	Q5:
		Shape: Ellipse
		q_c:	68.5	471.0	446.0
		ub :	72.6301	474.2333	449.8643
		lb :	64.3699	467.7667	442.1357
		P^-1:
			0.1593	0.1105	0.0392
			0.1105	0.3644	0.0898
			0.0392	0.0898	0.1429
	==================================================================================
	Q6:
		Shape: Polyhedra
		q_c:	66.0	468.5	456.0
		ub :	69.373	472.3714	459.7477
		lb :	62.627	464.6286	452.2523
		A:
			0.4006	0.5605	-0.7248
			-0.3484	-0.0095	0.9373
			0.5395	0.0884	-0.8373
			-0.3159	0.8487	-0.4241
			-0.7923	0.1857	0.5812
			-0.8266	-0.4451	0.3444
			0.0086	0.9207	0.3901
			0.5032	0.3331	-0.7974
			-0.8641	0.2032	-0.4605
			-0.0086	-0.9207	-0.3901
