3D_40_6_6_b                l = 3

===========================================================================================
===========================================================================================
S1:
	q_c:	478.5	483.0	124.5
	ub :	487.9881	501.3401	145.3244
	lb :	466.9387	467.3423	112.2977

	==================================================================================
	Q1:
		Shape: Ellipse
		q_c:	475.0	486.0	134.5
		ub :	482.4228	493.5431	141.7839
		lb :	467.5772	478.4569	127.2161
		P^-1:
			0.0557	0.0174	-0.0029
			0.0174	0.0506	0.0193
			-0.0029	0.0193	0.0657
	==================================================================================
	Q2:
		Shape: Ellipse
		q_c:	474.5	484.0	119.5
		ub :	481.3958	490.1613	126.7023
		lb :	467.6042	477.8387	112.2977
		P^-1:
			0.0729	-0.0165	0.0232
			-0.0165	0.0854	-0.0216
			0.0232	-0.0216	0.0431
	==================================================================================
	Q3:
		Shape: Polyhedra
		q_c:	471.5	476.5	116.5
		ub :	476.0613	480.9694	119.8857
		lb :	466.9387	472.0306	113.1143
		A:
			0.7611	0.1302	-0.6354
			0.8119	-0.2281	-0.5374
			0.5217	0.4939	0.6956
			0.12	-0.8889	0.4421
			-0.0359	-0.0195	0.9992
			0.2735	0.7772	0.5667
			0.2089	0.5587	0.8027
			0.7638	0.4194	-0.4906
			-0.6107	0.7155	-0.3391
			-0.2089	-0.5587	-0.8027
			-0.7638	-0.4194	0.4906
			0.6107	-0.7155	0.3391
		b:
			349.3152
			214.3082
			563.7619
			-311.8365
			92.2209
			566.7095
			459.1866
			505.312
			17.4848
			-457.1866
			-500.312
			-9.4848
	==================================================================================
	Q4:
		Shape: Ellipse
		q_c:	477.5	493.5	139.0
		ub :	485.9381	501.3401	145.3244
		lb :	469.0619	485.6599	132.6756
		P^-1:
			0.041	0.0271	0.0111
			0.0271	0.069	0.0291
			0.0111	0.0291	0.0741
	==================================================================================
	Q5:
		Shape: Hybrid
		q_c:	479.5	480.5	125.5
		ub :	487.9881	487.2545	133.5724
		lb :	471.0119	473.7455	117.4276
		P^-1:
			0.04	-0.0083	-0.0116
			-0.0083	0.0583	-0.0001
			-0.0116	-0.0001	0.0413
		A:
			0.9363	0.0107	-0.3509
			-0.0013	-0.2773	0.9608
			0.5125	0.8444	-0.1563
			-0.4722	0.702	0.5331
			0.2452	-0.9477	0.2042
			0.4751	0.6844	-0.553
		b:
			412.8741
			-10.291
			634.5766
			179.8692
			-310.0533
			489.8174
	==================================================================================
	Q6:
		Shape: Hybrid
		q_c:	474.5	474.0	118.5
		ub :	480.6709	480.6577	120.6313
		lb :	468.3291	467.3423	116.3687
		P^-1:
			0.0923	-0.0622	0.1015
			-0.0622	0.0964	-0.1792
			0.1015	-0.1792	0.9501
		A:
			-0.4682	0.3391	-0.8159
			0.4977	-0.273	0.8232
			0.0995	-0.2223	0.9699
			0.1975	-0.0321	0.9798
			0.1171	-0.4554	0.8825
			-0.3337	-0.3308	0.8827
		b:
			-157.0476
			205.5622
			57.2582
			195.5661
			-54.5756
			-208.3997


===========================================================================================
===========================================================================================
S2:
	q_c:	29.0	83.5	342.0
	ub :	55.0912	110.3161	371.9992
	lb :	-0.3571	55.3083	325.0509

	==================================================================================
	Q1:
		Shape: Ellipse
		q_c:	22.5	95.0	354.5
		ub :	30.5078	102.8197	363.7083
		lb :	14.4922	87.1803	345.2917
		P^-1:
			0.0331	0.0	0.0
			0.0	0.0331	-0.0
			0.0	-0.0	0.0331
	==================================================================================
	Q2:
		Shape: Hybrid
		q_c:	33.5	94.0	343.0
		ub :	48.333	110.3161	358.9229
		lb :	18.667	77.6839	327.0771
		P^-1:
			0.0096	-0.0016	-0.0001
			-0.0016	0.0111	-0.0052
			-0.0001	-0.0052	0.0135
		A:
			-0.6556	0.4844	0.5793
			0.7115	0.5147	-0.4783
			-0.6069	-0.7863	0.1163
			-0.7265	0.2891	-0.6234
			-0.1121	0.0325	0.9932
			-0.2755	-0.7108	-0.6472
		b:
			229.0075
			-86.0006
			-47.1398
			-205.5081
			345.8162
			-289.3528
	==================================================================================
	Q3:
		Shape: Ellipse
		q_c:	26.5	82.0	332.0
		ub :	35.3264	90.9896	338.9491
		lb :	17.6736	73.0104	325.0509
		P^-1:
			0.0554	0.0302	-0.0114
			0.0302	0.0469	0.0132
			-0.0114	0.0132	0.0767
	==================================================================================
	Q4:
		Shape: Polyhedra
		q_c:	13.0	99.0	353.5
		ub :	25.3158	108.9663	363.1438
		lb :	0.6842	89.0337	343.8562
		A:
			-0.1007	-0.9828	-0.1549
			0.5234	-0.1431	0.84
			0.319	0.2256	0.9205
			0.0333	-0.6428	-0.7653
			0.6376	-0.5151	-0.5728
			-0.0736	0.5614	0.8243
			0.2262	0.7533	0.6176
			0.0532	0.6236	-0.78
			-0.9726	0.2092	0.101
			-0.2262	-0.7533	-0.6176
			-0.0532	-0.6236	0.78
			0.9726	-0.2092	-0.101
		b:
			-148.2133
			297.7602
			357.5759
			-329.3998
			-235.8888
			350.8731
			298.8402
			-204.7962
			55.267
			-292.8402
			221.7962
			-32.267
	==================================================================================
	Q5:
		Shape: Ellipse
		q_c:	11.5	71.5	360.5
		ub :	23.3571	82.2881	371.9992
		lb :	-0.3571	60.7119	349.0008
		P^-1:
			0.0093	0.0004	-0.0014
			0.0004	0.0152	-0.0026
			-0.0014	-0.0026	0.0188
	==================================================================================
	Q6:
		Shape: Ellipse
		q_c:	45.0	66.0	335.5
		ub :	55.0912	76.6917	343.6295
		lb :	34.9088	55.3083	327.3705
		P^-1:
			0.0226	-0.0019	0.0009
			-0.0019	0.0226	-0.003
			0.0009	-0.003	0.032


===========================================================================================
===========================================================================================
S3:
	q_c:	379.5	439.5	277.5
	ub :	398.7762	464.8582	303.9718
	lb :	358.0958	416.6403	260.0712

	==================================================================================
	Q1:
		Shape: Polyhedra
		q_c:	377.0	446.0	284.0
		ub :	384.55	452.7675	288.3619
		lb :	369.45	439.2325	279.6381
		A:
			-0.3164	-0.3903	-0.8646
			0.6659	-0.6515	0.3635
			0.0532	-0.9264	-0.3728
			0.3318	0.1481	-0.9316
			0.3495	0.2068	0.9138
			0.6263	-0.7285	-0.2774
			0.875	0.4821	0.0437
			0.4814	-0.8572	-0.1829
			-0.0507	0.1811	-0.9822
			-0.875	-0.4821	-0.0437
			-0.4814	0.8572	0.1829
			0.0507	-0.1811	0.9822
		b:
			-534.4791
			67.5195
			-494.7936
			-69.5121
			487.7771
			-163.9327
			563.8099
			-249.2838
			-213.7717
			-550.8099
			256.2838
			220.7717
	==================================================================================
	Q2:
		Shape: Ellipse
		q_c:	374.0	424.5	267.0
		ub :	381.3038	432.3597	269.9615
		lb :	366.6962	416.6403	264.0385
		P^-1:
			0.0972	0.0556	-0.11
			0.0556	0.061	-0.0717
			-0.11	-0.0717	0.3883
	==================================================================================
	Q3:
		Shape: Hybrid
		q_c:	393.5	426.0	272.0
		ub :	398.7762	430.9675	278.147
		lb :	388.2238	421.0325	265.853
		P^-1:
			0.0494	0.0053	0.0058
			0.0053	0.1917	0.0958
			0.0058	0.0958	0.0914
		A:
			-0.618	0.6743	0.4042
			0.4502	-0.8673	-0.2126
			-0.4048	0.8916	0.2031
			0.6069	-0.5245	-0.5972
			-0.027	-0.8118	-0.5834
			-0.5661	-0.7945	-0.2196
		b:
			156.2971
			-248.0839
			277.7566
			-144.5361
			-514.0718
			-618.7485
	==================================================================================
	Q4:
		Shape: Hybrid
		q_c:	380.5	432.0	267.0
		ub :	389.3554	440.6792	273.9288
		lb :	371.6446	423.3208	260.0712
		P^-1:
			0.0617	-0.0508	-0.0379
			-0.0508	0.0829	0.0465
			-0.0379	0.0465	0.0594
		A:
			-0.0817	-0.8325	0.548
			-0.6963	0.6161	0.3682
			-0.5611	0.7836	0.2665
			0.0555	-0.6771	-0.7338
			-0.5364	0.3126	0.784
			0.5076	-0.7107	-0.4871
		b:
			-239.1347
			101.134
			197.9239
			-464.4591
			142.6995
			-242.6421
	==================================================================================
	Q5:
		Shape: Hybrid
		q_c:	377.0	455.0	284.5
		ub :	386.5468	464.8582	292.697
		lb :	367.4532	445.1418	276.303
		P^-1:
			0.0223	0.0051	0.0041
			0.0051	0.0346	0.0122
			0.0041	0.0122	0.0366
		A:
			0.6115	-0.2139	-0.7618
			0.0182	0.8939	0.4479
			-0.0823	0.915	0.395
			-0.3929	-0.0502	0.9182
			-0.6813	0.6067	-0.4097
			-0.0167	0.7541	0.6565
		b:
			-79.5632
			543.6908
			500.5755
			94.0757
			-92.7046
			526.0864
	==================================================================================
	Q6:
		Shape: Ellipse
		q_c:	370.5	440.5	292.0
		ub :	382.9042	449.1667	303.9718
		lb :	358.0958	431.8333	280.0282
		P^-1:
			0.0167	-0.005	-0.0026
			-0.005	0.0305	-0.0046
			-0.0026	-0.0046	0.0187


===========================================================================================
===========================================================================================
S4:
	q_c:	93.0	468.0	499.5
	ub :	101.8185	476.1095	501.8618
	lb :	85.0696	457.4471	489.0825

	==================================================================================
	Q1:
		Shape: Hybrid
		q_c:	96.5	462.0	498.0
		ub :	100.5864	466.4273	501.8618
		lb :	92.4136	457.5727	494.1382
		P^-1:
			0.1194	0.0175	0.0055
			0.0175	0.1524	-0.0024
			0.0055	-0.0024	0.1592
		A:
			-0.0444	0.9315	-0.361
			0.2674	-0.9343	0.2358
			-0.8136	-0.5806	-0.0297
			0.7474	-0.2522	-0.6146
			-0.7726	-0.3056	0.5566
			0.1306	0.9661	0.2227
		b:
			247.6365
			-286.9784
			-360.1553
			-348.8537
			62.9386
			571.1326
	==================================================================================
	Q2:
		Shape: Hybrid
		q_c:	90.0	465.5	498.0
		ub :	94.8138	470.1433	501.723
		lb :	85.1862	460.8567	494.277
		P^-1:
			0.1182	-0.0319	0.0779
			-0.0319	0.191	-0.1489
			0.0779	-0.1489	0.328
		A:
			-0.2351	0.2126	-0.9484
			0.1962	-0.3156	-0.9284
			0.8428	-0.2687	0.4664
			0.3837	-0.6135	0.6902
			0.478	-0.224	0.8493
			-0.8587	-0.479	0.1822
		b:
			-393.4825
			-589.3378
			184.7618
			93.5722
			362.7253
			-207.2382
	==================================================================================
	Q3:
		Shape: Ellipse
		q_c:	90.0	472.0	497.5
		ub :	94.1834	476.1095	499.7593
		lb :	85.8166	467.8905	495.2407
		P^-1:
			0.112	0.0004	0.0109
			0.0004	0.1113	0.0054
			0.0109	0.0054	0.2489
	==================================================================================
	Q4:
		Shape: Ellipse
		q_c:	89.5	462.5	494.5
		ub :	93.9304	467.5529	499.9175
		lb :	85.0696	457.4471	489.0825
		P^-1:
			0.3055	-0.178	0.0293
			-0.178	0.2101	-0.0105
			0.0293	-0.0105	0.073
	==================================================================================
	Q5:
		Shape: Ellipse
		q_c:	93.5	471.5	497.5
		ub :	96.7313	474.6302	500.9647
		lb :	90.2687	468.3698	494.0353
		P^-1:
			0.2715	-0.1397	-0.0005
			-0.1397	0.3308	0.0149
			-0.0005	0.0149	0.1132
	==================================================================================
	Q6:
		Shape: Ellipse
		q_c:	97.0	464.5	497.5
		ub :	101.8185	469.4366	501.4885
		lb :	92.1815	459.5634	493.5115
		P^-1:
			0.0951	0.0225	-0.0091
			0.0225	0.1407	-0.0658
			-0.0091	-0.0658	0.207


===========================================================================================
===========================================================================================
S5:
	q_c:	467.5	456.5	277.0
	ub :	493.7266	485.9339	302.6234
	lb :	433.6637	429.9093	245.2869

	==================================================================================
	Q1:
		Shape: Ellipse
		q_c:	484.0	470.0	275.5
		ub :	492.3355	475.5794	285.8421
		lb :	475.6645	464.4206	265.1579
		P^-1:
			0.1079	-0.005	-0.0716
			-0.005	0.0491	-0.0012
			-0.0716	-0.0012	0.0615
	==================================================================================
	Q2:
		Shape: Hybrid
		q_c:	460.0	474.5	289.0
		ub :	468.1785	485.9339	299.2805
		lb :	451.8215	463.0661	278.7195
		P^-1:
			0.1073	0.0067	0.0693
			0.0067	0.0134	0.0064
			0.0693	0.0064	0.0673
		A:
			-0.833	0.019	-0.5529
			-0.4974	0.8358	0.2325
			0.865	-0.1023	0.4912
			-0.9902	-0.0172	-0.1389
			0.2506	-0.4142	0.875
			0.576	0.1242	0.808
		b:
			-532.5812
			241.9792
			493.0417
			-500.5134
			176.8409
			559.5428
	==================================================================================
	Q3:
		Shape: Hybrid
		q_c:	445.5	458.0	278.0
		ub :	457.3363	467.6023	291.0254
		lb :	433.6637	448.3977	264.9746
		P^-1:
			0.0539	-0.0376	0.0327
			-0.0376	0.0487	-0.0258
			0.0327	-0.0258	0.0332
		A:
			0.0592	0.9594	-0.2757
			-0.5393	0.8419	-0.0201
			0.3876	0.9212	0.0328
			-0.2288	0.8528	-0.4695
			0.5937	-0.6821	0.427
			0.6907	-0.601	0.4022
		b:
			394.4924
			143.2759
			610.3448
			161.7794
			72.4479
			145.8085
	==================================================================================
	Q4:
		Shape: Hybrid
		q_c:	452.0	452.0	261.5
		ub :	469.24	466.345	277.7131
		lb :	434.76	437.655	245.2869
		P^-1:
			0.0106	0.0038	0.0016
			0.0038	0.0131	0.0033
			0.0016	0.0033	0.0107
		A:
			0.1039	0.4835	-0.8691
			0.6249	0.7028	-0.34
			-0.4608	-0.731	-0.5033
			-0.7771	-0.6145	-0.1359
			0.5776	-0.8064	-0.1268
			0.9143	-0.2124	0.345
		b:
			45.3409
			516.7794
			-666.5325
			-660.1256
			-129.4239
			414.428
	==================================================================================
	Q5:
		Shape: Polyhedra
		q_c:	474.5	439.0	290.5
		ub :	483.8342	448.0907	297.8933
		lb :	465.1658	429.9093	283.1067
		A:
			0.3414	0.5938	-0.7286
			0.5768	-0.2069	-0.7902
			-0.0984	-0.5424	0.8343
			0.894	0.0716	-0.4422
			0.305	-0.7517	-0.5847
			0.0082	0.3355	0.942
			0.6563	0.6904	0.3044
			0.5842	-0.7203	0.374
			0.4775	-0.0676	-0.876
			-0.6563	-0.6904	-0.3044
			-0.5842	0.7203	-0.374
			-0.4775	0.0676	0.876
		b:
			216.0637
			-42.9537
			-36.8927
			331.6312
			-349.9897
			428.8826
			707.915
			77.1514
			-54.1253
			-697.915
			-62.1514
			61.1253
	==================================================================================
	Q6:
		Shape: Polyhedra
		q_c:	481.5	470.5	288.5
		ub :	493.7266	485.6065	302.6234
		lb :	469.2734	455.3935	274.3766
		A:
			-0.1181	-0.1767	0.9771
			0.3655	0.4917	0.7904
			0.841	-0.5373	-0.0628
			0.4712	0.8771	-0.0929
			-0.8505	0.0982	0.5167
			0.9196	-0.1164	0.3752
			0.8367	0.5095	0.2007
			0.4815	-0.51	-0.7127
			-0.2607	0.693	-0.6721
			-0.8367	-0.5095	-0.2007
			-0.4815	0.51	0.7127
			0.2607	-0.693	0.6721
		b:
			151.672
			642.7907
			142.6686
			621.3693
			-207.2234
			505.0049
			707.5155
			-206.7262
			18.1197
			-693.5155
			220.7262
			4.8803


===========================================================================================
===========================================================================================
S6:
	q_c:	143.5	220.5	457.5
	ub :	157.1216	229.1391	469.122
	lb :	135.511	209.5177	443.8018

	==================================================================================
	Q1:
		Shape: Hybrid
		q_c:	146.5	215.0	464.5
		ub :	152.2207	220.4823	468.9868
		lb :	140.7793	209.5177	460.0132
		P^-1:
			0.0768	-0.0186	-0.0357
			-0.0186	0.1938	-0.172
			-0.0357	-0.172	0.3249
		A:
			0.0496	-0.8759	0.48
			0.259	0.3009	-0.9178
			0.1577	0.4846	-0.8604
			0.0014	-0.2319	0.9727
			-0.4938	-0.3158	0.8102
			-0.3783	0.8951	-0.2358
		b:
			43.3315
			-322.6726
			-271.5744
			403.5372
			237.4692
			29.2521
	==================================================================================
	Q2:
		Shape: Polyhedra
		q_c:	152.5	217.0	460.0
		ub :	157.1216	220.909	465.3099
		lb :	147.8784	213.091	454.6901
		A:
			-0.851	-0.486	-0.1988
			0.9362	-0.2537	-0.2432
			0.4093	-0.5751	0.7083
			0.2957	-0.1703	-0.94
			-0.9709	-0.2392	0.0077
			0.2556	0.3221	-0.9116
			0.948	0.1475	0.282
			-0.2853	0.0011	0.9584
			0.1411	-0.9891	0.0431
			-0.948	-0.1475	-0.282
			0.2853	-0.0011	-0.9584
			-0.1411	0.9891	-0.0431
		b:
			-323.6492
			-20.6613
			267.1922
			-419.7834
			-193.2574
			-306.0424
			309.3136
			402.1018
			-169.7918
			-303.3136
			-393.1018
			176.7918
	==================================================================================
	Q3:
		Shape: Ellipse
		q_c:	149.5	223.5	454.5
		ub :	153.1688	228.9275	457.0097
		lb :	145.8312	218.0725	451.9903
		P^-1:
			0.111	0.0006	0.0325
			0.0006	0.1308	0.2788
			0.0325	0.2788	0.9094
	==================================================================================
	Q4:
		Shape: Hybrid
		q_c:	139.5	222.5	462.5
		ub :	143.489	229.1391	469.122
		lb :	135.511	215.8609	455.878
		P^-1:
			0.2136	-0.0593	-0.053
			-0.0593	0.0715	0.0068
			-0.053	0.0068	0.0675
		A:
			0.5067	-0.1963	-0.8395
			-0.9478	0.2947	0.1217
			-0.5852	0.5102	0.6303
			-0.861	0.35	-0.3689
			-0.2247	0.8309	0.5091
			-0.2881	0.7626	0.5791
		b:
			-358.9252
			-9.2415
			325.4095
			-210.7419
			392.0901
			400.3138
	==================================================================================
	Q5:
		Shape: Hybrid
		q_c:	145.5	219.0	448.5
		ub :	150.2702	223.6151	453.1982
		lb :	140.7298	214.3849	443.8018
		P^-1:
			0.1327	-0.0057	-0.0236
			-0.0057	0.1126	0.0063
			-0.0236	0.0063	0.1369
		A:
			-0.7261	-0.5853	0.3609
			-0.5209	-0.0185	-0.8534
			0.2645	0.1576	0.9514
			-0.2491	0.9418	0.2256
			0.7963	-0.5727	0.1948
			-0.9787	0.1047	-0.1768
		b:
			-70.3853
			-460.8829
			501.3269
			272.8466
			79.4178
			-197.1424
	==================================================================================
	Q6:
		Shape: Polyhedra
		q_c:	142.0	221.5	460.5
		ub :	145.7981	227.3764	466.3253
		lb :	138.2019	215.6236	454.6747
		A:
			-0.0967	0.9167	0.3877
			0.9847	0.1295	-0.117
			-0.7919	0.1881	0.581
			-0.6418	-0.2057	0.7388
			0.9509	-0.1127	-0.2881
			0.9966	0.0329	-0.0751
			0.3152	0.7809	0.5394
			0.8766	-0.0217	-0.4808
			-0.3637	0.6243	-0.6913
			-0.3152	-0.7809	-0.5394
			-0.8766	0.0217	0.4808
			0.3637	-0.6243	0.6913
		b:
			371.4061
			116.4464
			198.0003
			205.7504
			-21.1272
			116.2088
			469.6019
			-100.7184
			-226.7085
			-462.6019
			102.7184
			236.7085


===========================================================================================
===========================================================================================
