3D_40_11_6_c                l = 3

===========================================================================================
===========================================================================================
S1:
	q_c:	237.5	154.0	259.0
	ub :	250.773	165.3299	273.595
	lb :	224.748	145.3263	248.1154

	==================================================================================
	Q1:
		Shape: Ellipse
		q_c:	233.5	153.5	267.0
		ub :	239.1869	159.2226	269.9218
		lb :	227.8131	147.7774	264.0782
		P^-1:
			0.0825	0.0157	-0.0836
			0.0157	0.0749	-0.0658
			-0.0836	-0.0658	0.4121
	==================================================================================
	Q2:
		Shape: Polyhedra
		q_c:	232.0	150.0	266.0
		ub :	235.8891	154.6737	268.6926
		lb :	228.1109	145.3263	263.3074
		A:
			0.9329	0.1408	0.3315
			0.5691	0.3443	0.7467
			-0.8922	-0.446	-0.0714
			0.0706	0.1312	0.9888
			0.9855	-0.1394	0.0964
			0.5395	0.5846	0.6059
			0.6429	0.24	0.7274
			-0.4066	0.9117	0.0585
			-0.6491	-0.3334	0.6837
			-0.6429	-0.24	-0.7274
			0.4066	-0.9117	-0.0585
			0.6491	0.3334	-0.6837
		b:
			327.5536
			383.8744
			-291.1233
			300.8752
			235.9177
			376.0257
			380.1383
			61.9847
			-16.7294
			-377.1383
			-53.9847
			20.7294
	==================================================================================
	Q3:
		Shape: Ellipse
		q_c:	230.5	157.5	252.5
		ub :	236.252	162.8338	256.4369
		lb :	224.748	152.1662	248.5631
		P^-1:
			0.0698	0.0848	0.1084
			0.0848	0.4026	0.4515
			0.1084	0.4515	0.6264
	==================================================================================
	Q4:
		Shape: Ellipse
		q_c:	236.5	157.0	265.5
		ub :	245.6375	165.3299	273.595
		lb :	227.3625	148.6701	257.405
		P^-1:
			0.0338	0.0167	-0.0171
			0.0167	0.0568	-0.0386
			-0.0171	-0.0386	0.0719
	==================================================================================
	Q5:
		Shape: Hybrid
		q_c:	247.0	157.5	261.0
		ub :	250.6417	163.0331	267.3615
		lb :	243.3583	151.9669	254.6385
		P^-1:
			0.1134	-0.0101	0.0036
			-0.0101	0.1218	-0.0564
			0.0036	-0.0564	0.069
		A:
			-0.3838	-0.9204	0.0743
			-0.1503	0.8589	-0.4896
			0.0313	0.5767	-0.8164
			-0.0219	0.892	-0.4515
			-0.0492	-0.9589	-0.2793
			0.3116	0.9343	-0.1729
		b:
			-218.1762
			-28.3721
			-112.6478
			18.5366
			-232.8682
			180.9245
	==================================================================================
	Q6:
		Shape: Ellipse
		q_c:	245.0	151.0	254.0
		ub :	250.773	156.4553	259.8846
		lb :	239.227	145.5447	248.1154
		P^-1:
			0.1997	0.0514	0.1985
			0.0514	0.0738	0.0479
			0.1985	0.0479	0.2612


===========================================================================================
===========================================================================================
S2:
	q_c:	115.5	211.5	380.0
	ub :	124.4144	222.088	392.0124
	lb :	106.5355	203.5144	373.4571

	==================================================================================
	Q1:
		Shape: Polyhedra
		q_c:	111.5	211.0	382.0
		ub :	114.926	213.4329	385.4756
		lb :	108.074	208.5671	378.5244
		A:
			-0.9606	-0.2015	0.1913
			0.8123	0.3825	-0.4404
			-0.0715	-0.7954	-0.6019
			-0.4845	-0.8158	-0.3159
			-0.8323	0.2908	0.4719
			0.8573	0.2926	-0.4237
			0.7223	0.2154	0.6572
			-0.6761	0.0198	0.7366
			0.1456	-0.9763	0.1599
			-0.7223	-0.2154	-0.6572
			0.6761	-0.0198	-0.7366
			-0.1456	0.9763	-0.1599
		b:
			-74.2171
			5.4144
			-403.6261
			-344.8057
			151.2637
			-2.13
			379.0245
			212.6704
			-126.6787
			-375.0245
			-207.6704
			130.6787
	==================================================================================
	Q2:
		Shape: Hybrid
		q_c:	120.0	207.5	377.0
		ub :	124.4144	211.4856	380.5429
		lb :	115.5856	203.5144	373.4571
		P^-1:
			0.1545	-0.0615	-0.0563
			-0.0615	0.2104	-0.0363
			-0.0563	-0.0363	0.2168
		A:
			-0.2675	-0.8553	0.4438
			-0.8765	0.3799	-0.2957
			0.3717	-0.0894	0.924
			-0.2599	0.4452	0.8569
			0.8604	-0.4854	0.1555
			0.7657	-0.184	-0.6163
		b:
			-40.9428
			-136.1744
			376.133
			385.5397
			62.6047
			-177.536
	==================================================================================
	Q3:
		Shape: Ellipse
		q_c:	118.0	213.0	388.0
		ub :	122.0367	216.0791	392.0124
		lb :	113.9633	209.9209	383.9876
		P^-1:
			0.2017	-0.1195	0.0094
			-0.1195	0.3829	0.0341
			0.0094	0.0341	0.1309
	==================================================================================
	Q4:
		Shape: Hybrid
		q_c:	111.0	214.0	380.0
		ub :	115.4645	218.4696	385.0947
		lb :	106.5355	209.5304	374.9053
		P^-1:
			0.126	-0.0139	-0.0361
			-0.0139	0.1091	-0.0012
			-0.0361	-0.0012	0.1177
		A:
			0.3029	-0.9142	-0.2691
			-0.4674	0.8831	0.041
			-0.0961	0.694	0.7136
			0.5596	0.556	-0.6146
			-0.2991	0.758	0.5796
			-0.7426	0.6609	0.1087
		b:
			-262.6339
			154.3014
			410.788
			-50.9112
			350.8947
			101.8066
	==================================================================================
	Q5:
		Shape: Polyhedra
		q_c:	115.5	217.0	380.5
		ub :	120.6614	222.088	385.0981
		lb :	110.3386	211.912	375.9019
		A:
			-0.2306	-0.3571	-0.9052
			-0.6865	-0.5556	-0.4691
			0.0766	0.0078	0.997
			0.955	-0.0742	-0.2873
			-0.4843	-0.5754	0.6591
			0.8847	0.2657	0.3829
			0.7012	0.6948	0.1601
			0.6099	-0.4683	-0.6393
			-0.3692	0.5459	-0.7521
			-0.7012	-0.6948	-0.1601
			-0.6099	0.4683	0.6393
			0.3692	-0.5459	0.7521
		b:
			-445.4847
			-375.3597
			392.8161
			-11.8038
			72.9052
			308.4596
			295.6656
			-270.9172
			-207.8605
			-289.6656
			277.9172
			212.8605
	==================================================================================
	Q6:
		Shape: Ellipse
		q_c:	119.0	208.5	386.0
		ub :	122.8823	211.9501	389.0407
		lb :	115.1177	205.0499	382.9593
		P^-1:
			0.2226	0.0634	0.1184
			0.0634	0.2024	-0.0218
			0.1184	-0.0218	0.3806


===========================================================================================
===========================================================================================
S3:
	q_c:	355.5	385.0	178.5
	ub :	373.3141	409.3807	200.7389
	lb :	335.5291	364.0987	152.7294

	==================================================================================
	Q1:
		Shape: Hybrid
		q_c:	358.0	397.5	188.5
		ub :	367.9584	409.3807	200.7389
		lb :	348.0416	385.6193	176.2611
		P^-1:
			0.0257	-0.0052	0.0038
			-0.0052	0.0202	-0.0068
			0.0038	-0.0068	0.0214
		A:
			0.8326	0.5534	0.0211
			0.4925	-0.2061	0.8455
			0.9352	-0.2494	0.2512
			-0.6561	0.7391	-0.1525
			-0.377	-0.1634	0.9117
			-0.9221	-0.3202	-0.2172
		b:
			526.6915
			257.2435
			286.1555
			33.5137
			-23.7093
			-494.0688
	==================================================================================
	Q2:
		Shape: Polyhedra
		q_c:	363.5	388.5	186.5
		ub :	371.003	393.9004	192.7433
		lb :	355.997	383.0996	180.2567
		A:
			-0.1972	-0.9237	0.3286
			-0.2837	0.9274	0.2437
			-0.4858	0.8679	-0.1033
			-0.7762	0.5705	0.2686
			-0.4386	-0.0501	-0.8973
			0.4918	-0.7608	-0.4236
			0.802	0.4303	0.4143
			-0.4524	0.8905	-0.049
			-0.3899	-0.1482	0.9088
			-0.802	-0.4303	-0.4143
			0.4524	-0.8905	0.049
			0.3899	0.1482	-0.9088
		b:
			-365.5079
			305.6191
			143.8382
			-7.2048
			-341.0928
			-192.8528
			541.9576
			174.8602
			-25.803
			-529.9576
			-169.8602
			33.803
	==================================================================================
	Q3:
		Shape: Hybrid
		q_c:	359.5	399.0	177.0
		ub :	368.1014	408.1451	186.5188
		lb :	350.8986	389.8549	167.4812
		P^-1:
			0.0305	0.0153	0.0094
			0.0153	0.0451	0.0125
			0.0094	0.0125	0.0309
		A:
			-0.1767	-0.5009	-0.8473
			-0.0643	-0.6411	-0.7648
			0.7447	0.6578	-0.1126
			-0.0117	-0.1435	-0.9896
			0.8613	0.4747	0.181
			0.7453	0.1027	0.6587
		b:
			-410.3869
			-411.3334
			513.4053
			-232.6687
			534.0684
			428.9059
	==================================================================================
	Q4:
		Shape: Ellipse
		q_c:	345.0	375.0	175.0
		ub :	354.4709	383.827	184.9581
		lb :	335.5291	366.173	165.0419
		P^-1:
			0.0305	-0.0013	0.0049
			-0.0013	0.0324	0.0025
			0.0049	0.0025	0.0237
	==================================================================================
	Q5:
		Shape: Ellipse
		q_c:	350.5	382.5	175.5
		ub :	358.9949	390.5431	183.553
		lb :	342.0051	374.4569	167.447
		P^-1:
			0.0354	0.0036	0.0022
			0.0036	0.0372	-0.0012
			0.0022	-0.0012	0.0209
	==================================================================================
	Q6:
		Shape: Polyhedra
		q_c:	366.0	373.0	161.5
		ub :	373.3141	381.9013	170.2706
		lb :	358.6859	364.0987	152.7294
		A:
			0.2641	-0.964	-0.0317
			-0.9133	-0.3301	0.2386
			-0.5971	-0.7106	0.3722
			-0.8905	-0.295	0.3465
			-0.9909	0.0654	0.1179
			0.1	0.9485	-0.3006
			0.7857	0.5836	0.2052
			0.5964	-0.6265	-0.5017
			-0.1643	0.5166	-0.8403
			-0.7857	-0.5836	-0.2052
			-0.5964	0.6265	0.5017
			0.1643	-0.5166	0.8403
		b:
			-262.2929
			-414.5531
			-418.9555
			-375.4106
			-314.3681
			347.1712
			541.8856
			-90.4275
			2.8523
			-534.8856
			102.4275
			9.1477


===========================================================================================
===========================================================================================
S4:
	q_c:	306.5	51.5	318.5
	ub :	316.4113	61.7883	326.7617
	lb :	299.0627	42.1581	313.5312

	==================================================================================
	Q1:
		Shape: Polyhedra
		q_c:	311.5	55.0	320.5
		ub :	316.4113	59.6078	324.6895
		lb :	306.5887	50.3922	316.3105
		A:
			0.1187	-0.1017	0.9877
			-0.7722	-0.467	-0.4308
			0.77	-0.6346	-0.0671
			-0.4811	-0.5437	-0.6877
			-0.9312	-0.007	0.3643
			0.5355	-0.6158	-0.5779
			0.5762	0.5641	0.5914
			0.5828	-0.7909	0.1867
			0.5731	0.2371	-0.7844
			-0.5762	-0.5641	-0.5914
			-0.5828	0.7909	-0.1867
			-0.5731	-0.2371	0.7844
		b:
			350.7052
			-402.1882
			186.8909
			-398.1467
			-170.6642
			-49.1685
			402.0593
			201.3562
			-56.8579
			-398.0593
			-194.3562
			62.8579
	==================================================================================
	Q2:
		Shape: Hybrid
		q_c:	305.0	46.5	321.0
		ub :	308.5827	50.8419	325.5178
		lb :	301.4173	42.1581	316.4822
		P^-1:
			0.1556	0.0095	0.0116
			0.0095	0.1112	0.0099
			0.0116	0.0099	0.0859
		A:
			0.8012	-0.2065	-0.5616
			-0.7165	0.6974	0.0173
			-0.6942	-0.0107	0.7197
			0.6799	-0.5656	0.4667
			0.2246	0.9745	0.0016
			0.1596	0.9841	-0.0782
		b:
			56.2632
			-178.9264
			20.7019
			332.6264
			116.012
			71.0942
	==================================================================================
	Q3:
		Shape: Ellipse
		q_c:	307.0	51.0	322.5
		ub :	311.8898	54.9199	326.7617
		lb :	302.1102	47.0801	318.2383
		P^-1:
			0.1861	0.2001	-0.2121
			0.2001	0.4647	-0.4063
			-0.2121	-0.4063	0.5124
	==================================================================================
	Q4:
		Shape: Hybrid
		q_c:	309.5	57.5	317.5
		ub :	312.7309	61.7883	321.4688
		lb :	306.2691	53.2117	313.5312
		P^-1:
			0.593	0.1946	-0.3978
			0.1946	0.1897	-0.1607
			-0.3978	-0.1607	0.4396
		A:
			-0.6861	-0.644	0.3384
			0.2948	-0.0303	-0.9551
			0.9712	-0.1907	0.1427
			-0.0261	0.6916	-0.7218
			0.771	0.1539	-0.6179
			-0.4832	-0.1426	0.8638
		b:
			-140.8614
			-212.248
			336.9595
			-195.569
			51.8635
			117.475
	==================================================================================
	Q5:
		Shape: Polyhedra
		q_c:	304.5	50.5	320.5
		ub :	309.9373	55.981	325.8131
		lb :	299.0627	45.019	315.1869
		A:
			0.5134	-0.8514	-0.1074
			-0.2761	-0.1739	0.9453
			-0.4183	0.7196	0.5543
			0.5245	-0.7306	0.4372
			-0.5108	0.8259	-0.2386
			0.0012	0.9471	0.3208
			0.437	0.3984	0.8064
			-0.7775	0.6181	0.1159
			-0.4523	-0.6776	0.5799
			-0.437	-0.3984	-0.8064
			0.7775	-0.6181	-0.1159
			0.4523	0.6776	-0.5799
		b:
			81.9628
			213.4586
			89.9672
			266.0529
			-187.3049
			154.4719
			415.6397
			-165.3732
			16.9261
			-407.6397
			171.3732
			-10.9261
	==================================================================================
	Q6:
		Shape: Hybrid
		q_c:	308.5	53.0	316.5
		ub :	311.1018	57.0689	318.9747
		lb :	305.8982	48.9311	314.0253
		P^-1:
			0.308	0.0094	-0.0888
			0.0094	0.0631	-0.0125
			-0.0888	-0.0125	0.3858
		A:
			-0.8788	0.1569	0.4506
			0.9642	0.2274	0.1367
			0.9637	-0.0083	-0.267
			0.0017	0.2701	-0.9628
			0.875	-0.0084	-0.4841
			0.7504	0.3837	-0.5383
		b:
			-119.1575
			354.0474
			213.3498
			-288.7785
			117.1688
			82.7388


===========================================================================================
===========================================================================================
S5:
	q_c:	508.0	367.5	128.5
	ub :	523.0006	381.1865	147.942
	lb :	495.8908	346.1369	110.6478

	==================================================================================
	Q1:
		Shape: Polyhedra
		q_c:	509.0	374.5	130.5
		ub :	515.011	381.1865	138.1725
		lb :	502.989	367.8135	122.8275
		A:
			0.3265	0.9403	0.0963
			0.3089	0.7063	-0.6369
			-0.3848	-0.1771	0.9059
			-0.2607	0.6292	-0.7322
			-0.7918	0.4003	-0.4614
			0.5003	0.8615	-0.087
			0.9102	0.4138	0.0145
			0.3737	-0.8359	0.402
			0.1784	-0.3605	-0.9155
			-0.9102	-0.4138	-0.0145
			-0.3737	0.8359	-0.402
			-0.1784	0.3605	0.9155
		b:
			535.1138
			342.7645
			-137.7884
			11.2884
			-309.8691
			569.7128
			624.1793
			-67.4035
			-156.6535
			-616.1793
			73.4035
			170.6535
	==================================================================================
	Q2:
		Shape: Hybrid
		q_c:	514.0	370.5	124.0
		ub :	522.4037	378.2895	130.7931
		lb :	505.5963	362.7105	117.2069
		P^-1:
			0.0431	-0.0008	-0.0123
			-0.0008	0.04	0.0064
			-0.0123	0.0064	0.0525
		A:
			-0.3909	-0.444	-0.8063
			-0.4962	-0.6355	-0.5915
			0.3596	0.6565	-0.6631
			-0.5493	0.026	0.8352
			0.2818	0.0775	0.9563
			-0.3834	0.6517	0.6544
		b:
			-462.5106
			-560.9117
			348.6742
			-167.0863
			295.0396
			127.7585
	==================================================================================
	Q3:
		Shape: Hybrid
		q_c:	515.5	364.5	139.5
		ub :	520.787	368.1787	147.942
		lb :	510.213	360.8213	131.058
		P^-1:
			0.0687	0.0244	0.0059
			0.0244	0.1531	0.0061
			0.0059	0.0061	0.0164
		A:
			-0.234	0.9374	0.2578
			0.3181	-0.9419	-0.108
			-0.4461	-0.2224	-0.8669
			-0.0808	-0.9866	0.142
			0.2951	0.0783	0.9522
			0.3586	0.876	-0.3224
		b:
			259.2273
			-192.4945
			-426.4139
			-379.8009
			319.7529
			461.7806
	==================================================================================
	Q4:
		Shape: Polyhedra
		q_c:	508.0	372.0	117.5
		ub :	514.0663	378.9319	124.3522
		lb :	501.9337	365.0681	110.6478
		A:
			-0.8973	0.2956	-0.3277
			0.5083	0.0857	0.8569
			0.0068	-0.5659	0.8244
			0.6456	0.4206	-0.6374
			0.6198	0.7248	0.301
			0.8768	0.3329	0.3468
			0.2673	0.6216	0.7363
			-0.8959	-0.121	0.4274
			0.3548	-0.7739	0.5246
			-0.2673	-0.6216	-0.7363
			0.8959	0.121	-0.4274
			-0.3548	0.7739	-0.5246
		b:
			-379.4503
			394.9665
			-104.6912
			413.6419
			623.1094
			613.5005
			456.5557
			-446.4116
			-40.0545
			-450.5557
			453.4116
			52.0545
	==================================================================================
	Q5:
		Shape: Polyhedra
		q_c:	501.0	356.0	137.0
		ub :	506.1092	361.2803	142.452
		lb :	495.8908	350.7197	131.548
		A:
			-0.8094	0.0002	0.5873
			0.2171	-0.9632	0.1587
			-0.864	0.5027	0.0278
			0.9269	0.2195	-0.3044
			0.8904	0.3814	0.2484
			-0.46	-0.8837	-0.086
			0.7629	0.6117	0.2094
			-0.1026	-0.2052	0.9733
			0.6384	-0.764	-0.0938
			-0.7629	-0.6117	-0.2094
			0.1026	0.2052	-0.9733
			-0.6384	0.764	0.0938
		b:
			-321.1424
			-209.3679
			-247.3817
			504.6609
			619.8338
			-553.0313
			632.6521
			13.368
			37.4851
			-624.6521
			-4.368
			-32.4851
	==================================================================================
	Q6:
		Shape: Polyhedra
		q_c:	514.5	355.0	133.0
		ub :	523.0006	363.8631	141.027
		lb :	505.9994	346.1369	124.973
		A:
			-0.6273	0.1205	-0.7694
			0.1416	0.5896	-0.7952
			-0.681	-0.6495	-0.3381
			-0.0752	-0.3143	0.9463
			0.07	0.996	-0.0548
			-0.3049	-0.9507	-0.0558
			0.1613	0.8032	0.5734
			0.0113	0.5795	-0.8149
			-0.9868	0.1379	0.0844
			-0.1613	-0.8032	-0.5734
			-0.0113	-0.5795	0.8149
			0.9868	-0.1379	-0.0844
		b:
			-376.2814
			180.9894
			-619.1394
			-19.6905
			388.1268
			-495.7345
			450.8942
			107.6446
			-440.0481
			-437.8942
			-98.6446
			455.0481


===========================================================================================
===========================================================================================
S6:
	q_c:	236.0	243.0	191.5
	ub :	242.8961	252.0049	197.7145
	lb :	230.4682	238.6798	185.2773

	==================================================================================
	Q1:
		Shape: Polyhedra
		q_c:	238.5	242.0	194.5
		ub :	240.4344	245.3202	197.7145
		lb :	236.5656	238.6798	191.2855
		A:
			-0.9508	-0.0588	0.3042
			-0.9709	-0.1698	0.1687
			0.6554	-0.1118	0.747
			0.8079	0.5793	0.1085
			-0.6946	0.4559	-0.5564
			-0.7703	0.4863	-0.4125
			0.1978	0.6454	0.7378
			0.2454	0.6961	-0.6747
			-0.949	0.3145	-0.0206
			-0.1978	-0.6454	-0.7378
			-0.2454	-0.6961	0.6747
			0.949	-0.3145	0.0206
		b:
			-180.5419
			-238.5067
			276.407
			355.9256
			-162.0842
			-144.958
			349.3674
			97.7547
			-153.2417
			-344.3674
			-93.7547
			155.2417
	==================================================================================
	Q2:
		Shape: Hybrid
		q_c:	234.0	243.5	195.0
		ub :	237.5318	246.7897	197.6813
		lb :	230.4682	240.2103	192.3187
		P^-1:
			0.2496	0.0048	-0.1094
			0.0048	0.2439	0.0692
			-0.1094	0.0692	0.361
		A:
			-0.3655	-0.6379	0.6778
			0.6957	0.4702	0.5431
			-0.3217	-0.5336	-0.7821
			0.3175	0.8095	0.4939
			0.1852	0.6479	-0.7389
			-0.197	-0.9718	0.1296
		b:
			-107.4693
			384.5614
			-356.591
			368.8562
			58.3414
			-256.1141
	==================================================================================
	Q3:
		Shape: Polyhedra
		q_c:	234.5	245.0	188.5
		ub :	237.3604	247.9855	191.6876
		lb :	231.6396	242.0145	185.3124
		A:
			0.3759	-0.9265	0.0173
			0.5118	-0.2212	0.8302
			-0.9706	-0.0587	0.2334
			0.4072	0.5722	-0.7119
			-0.7727	-0.1844	-0.6074
			0.5282	0.693	-0.4906
			0.7188	0.5359	0.443
			0.2378	-0.7882	0.5676
			0.6533	-0.3027	-0.694
			-0.7188	-0.5359	-0.443
			-0.2378	0.7882	-0.5676
			-0.6533	0.3027	0.694
		b:
			-133.5922
			224.1379
			-196.1673
			103.4189
			-339.279
			203.0357
			384.8373
			-28.345
			-49.7612
			-381.8373
			32.345
			53.7612
	==================================================================================
	Q4:
		Shape: Ellipse
		q_c:	239.5	245.0	188.5
		ub :	242.8961	247.8065	190.0628
		lb :	236.1039	242.1935	186.9372
		P^-1:
			0.3075	0.2808	0.7887
			0.2808	0.5652	1.0223
			0.7887	1.0223	3.4883
	==================================================================================
	Q5:
		Shape: Hybrid
		q_c:	237.5	247.5	188.5
		ub :	241.8589	252.0049	191.7227
		lb :	233.1411	242.9951	185.2773
		P^-1:
			0.179	0.045	-0.0397
			0.045	0.1025	-0.0207
			-0.0397	-0.0207	0.2101
		A:
			0.2531	0.7955	-0.5506
			0.2325	-0.5779	-0.7823
			0.6667	0.701	0.2532
			0.2342	0.1466	-0.9611
			-0.9178	0.0362	0.3953
			0.2789	0.1895	-0.9414
		b:
			154.855
			-233.4429
			381.1514
			-88.165
			-133.1078
			-63.2401
	==================================================================================
	Q6:
		Shape: Hybrid
		q_c:	235.0	247.0	191.5
		ub :	237.7796	250.2868	194.9095
		lb :	232.2204	243.7132	188.0905
		P^-1:
			0.25	-0.0	-0.0
			-0.0	0.25	-0.0
			-0.0	-0.0	0.25
		A:
			0.4754	0.8009	-0.3641
			-0.055	-0.8146	0.5774
			0.0759	-0.9886	-0.1303
			-0.1827	0.9149	-0.3599
			-0.1337	-0.7197	0.6813
			-0.3173	-0.9276	0.1971
		b:
			240.8072
			-102.5608
			-250.2965
			115.1315
			-77.7294
			-264.952


===========================================================================================
===========================================================================================
S7:
	q_c:	433.0	252.5	173.5
	ub :	455.9507	275.6441	198.4147
	lb :	407.4204	228.5108	149.639

	==================================================================================
	Q1:
		Shape: Ellipse
		q_c:	438.5	256.5	177.5
		ub :	445.2371	263.2547	184.7229
		lb :	431.7629	249.7453	170.2771
		P^-1:
			0.1536	-0.0037	-0.113
			-0.0037	0.0328	0.0061
			-0.113	0.0061	0.117
	==================================================================================
	Q2:
		Shape: Polyhedra
		q_c:	418.5	261.5	188.5
		ub :	429.5796	273.0091	198.4147
		lb :	407.4204	249.9909	178.5853
		A:
			0.7075	-0.4611	-0.5356
			-0.5331	-0.4657	0.7064
			0.5033	0.8585	-0.0982
			0.1882	-0.9757	0.112
			0.3203	0.2183	-0.9218
			0.475	0.6882	-0.5484
			0.2426	0.6878	0.6842
			-0.8774	0.4565	-0.1478
			-0.414	-0.5644	0.7142
			-0.2426	-0.6878	-0.6842
			0.8774	-0.4565	0.1478
			0.414	0.5644	-0.7142
		b:
			81.8598
			-205.6564
			422.839
			-148.2864
			23.4353
			281.3839
			416.8448
			-267.6625
			-180.2366
			-403.8448
			283.6625
			192.2366
	==================================================================================
	Q3:
		Shape: Ellipse
		q_c:	446.5	262.0	160.5
		ub :	455.9507	271.8254	171.361
		lb :	437.0493	252.1746	149.639
		P^-1:
			0.028	0.0023	-0.0057
			0.0023	0.0234	-0.0002
			-0.0057	-0.0002	0.0257
	==================================================================================
	Q4:
		Shape: Polyhedra
		q_c:	439.5	265.5	181.0
		ub :	451.0085	275.6441	194.2917
		lb :	427.9915	255.3559	167.7083
		A:
			0.5468	0.6573	-0.5187
			-0.1199	0.7155	-0.6882
			0.5609	-0.3755	0.7378
			0.8944	-0.4449	0.0463
			0.2579	0.2423	-0.9353
			-0.2729	0.9587	0.0804
			0.8623	0.3093	0.4009
			-0.4732	0.2106	0.8554
			0.1802	-0.9274	0.328
			-0.8623	-0.3093	-0.4009
			0.4732	-0.2106	-0.8554
			-0.1802	0.9274	-0.328
		b:
			328.726
			19.7987
			287.2041
			290.7647
			17.6724
			156.3397
			540.1775
			12.743
			-101.1675
			-527.1775
			7.257
			114.1675
	==================================================================================
	Q5:
		Shape: Polyhedra
		q_c:	426.5	239.5	163.0
		ub :	434.6552	250.4892	173.1529
		lb :	418.3448	228.5108	152.8471
		A:
			0.8239	-0.5515	-0.1308
			-0.8845	0.451	0.1192
			0.5423	-0.063	-0.8378
			-0.7403	-0.3218	-0.5903
			0.3647	-0.076	-0.928
			0.8847	-0.4603	0.0735
			0.5454	0.1956	0.8151
			-0.8058	0.3901	0.4456
			-0.2308	-0.8998	0.3703
			-0.5454	-0.1956	-0.8151
			0.8058	-0.3901	-0.4456
			0.2308	0.8998	-0.3703
		b:
			202.0032
			-246.05
			84.7152
			-482.402
			-8.3876
			283.5995
			418.7932
			-174.6074
			-244.0772
			-405.7932
			180.6074
			263.0772
	==================================================================================
	Q6:
		Shape: Hybrid
		q_c:	431.0	256.5	188.5
		ub :	442.0696	269.2175	198.2336
		lb :	419.9304	243.7825	178.7664
		P^-1:
			0.0315	0.0066	-0.0104
			0.0066	0.0102	-0.0032
			-0.0104	-0.0032	0.0223
		A:
			0.4567	-0.3071	-0.835
			0.2285	-0.0182	-0.9734
			0.9541	0.1494	0.2596
			0.6582	0.4221	-0.6234
			-0.8794	0.4732	0.0529
			0.996	-0.0539	-0.0715
		b:
			-34.4994
			-85.3706
			502.7878
			277.4612
			-241.4926
			405.9592


===========================================================================================
===========================================================================================
S8:
	q_c:	390.0	192.5	131.0
	ub :	410.6656	210.3234	150.8202
	lb :	373.3071	181.9314	116.5772

	==================================================================================
	Q1:
		Shape: Polyhedra
		q_c:	396.0	202.0	125.5
		ub :	403.5535	210.3234	134.4228
		lb :	388.4465	193.6766	116.5772
		A:
			0.5656	0.7804	-0.2665
			-0.1748	0.5579	0.8113
			-0.8523	-0.5056	-0.1337
			-0.8199	-0.3963	-0.4131
			-0.7605	-0.2662	0.5923
			0.6594	0.5066	-0.5554
			0.7882	0.1985	0.5825
			0.0359	-0.9598	0.2785
			0.6144	-0.1986	-0.7636
			-0.7882	-0.1985	-0.5825
			-0.0359	0.9598	-0.2785
			-0.6144	0.1986	0.7636
		b:
			354.258
			150.805
			-451.0926
			-451.4931
			-274.9811
			299.6147
			430.3312
			-138.1998
			112.8573
			-420.3312
			151.1998
			-101.8573
	==================================================================================
	Q2:
		Shape: Polyhedra
		q_c:	396.5	191.5	135.0
		ub :	402.4782	197.2486	137.7514
		lb :	390.5218	185.7514	132.2486
		A:
			0.7409	-0.6042	-0.2933
			-0.5949	0.6078	0.526
			0.6938	-0.3814	-0.6109
			0.6498	-0.095	-0.7542
			0.5196	-0.4718	-0.7123
			-0.2264	0.4522	0.8627
			0.7439	0.6634	0.0806
			0.6137	-0.6305	-0.4753
			-0.2645	0.403	-0.8761
			-0.7439	-0.6634	-0.0806
			-0.6137	0.6305	0.4753
			0.2645	-0.403	0.8761
		b:
			139.7877
			-47.4932
			121.3009
			140.2556
			20.6474
			115.1473
			439.3839
			59.4314
			-143.9684
			-426.3839
			-57.4314
			147.9684
	==================================================================================
	Q3:
		Shape: Polyhedra
		q_c:	400.5	192.5	141.0
		ub :	406.3777	202.0227	150.8202
		lb :	394.6223	182.9773	131.1798
		A:
			-0.2024	0.3843	-0.9008
			-0.804	-0.4698	-0.3644
			0.9876	-0.1283	-0.0909
			0.6901	0.7218	0.0524
			0.8694	0.4176	0.2639
			-0.6016	0.436	-0.6693
			0.0892	0.5506	0.83
			-0.9953	0.0817	0.0527
			-0.0388	-0.8307	0.5553
			-0.0892	-0.5506	-0.83
			0.9953	-0.0817	-0.0527
			0.0388	0.8307	-0.5553
		b:
			-127.6498
			-457.6714
			363.0275
			428.7973
			471.6723
			-245.4945
			266.2279
			-370.4433
			-91.158
			-251.2279
			380.4433
			103.158
	==================================================================================
	Q4:
		Shape: Hybrid
		q_c:	387.5	205.0	131.5
		ub :	392.8643	208.8855	137.2567
		lb :	382.1357	201.1145	125.7433
		P^-1:
			0.0755	-0.0002	-0.0126
			-0.0002	0.0816	-0.0005
			-0.0126	-0.0005	0.0555
		A:
			0.9244	0.3796	-0.0376
			-0.9199	-0.3119	0.2376
			-0.28	-0.8358	0.4722
			0.8293	-0.0378	-0.5576
			0.8003	0.4338	-0.4139
			-0.2615	-0.9339	0.2437
		b:
			432.9856
			-387.3824
			-215.8955
			242.0433
			346.382
			-258.9654
	==================================================================================
	Q5:
		Shape: Hybrid
		q_c:	401.0	198.0	126.5
		ub :	410.6656	206.3844	133.0328
		lb :	391.3344	189.6156	119.9672
		P^-1:
			0.0433	0.0643	-0.0695
			0.0643	0.1882	-0.1956
			-0.0695	-0.1956	0.2586
		A:
			-0.6471	-0.3588	-0.6727
			0.3533	0.7737	-0.5259
			-0.2907	-0.8673	0.4041
			0.2603	0.7559	-0.6007
			0.1466	0.535	-0.832
			0.2089	-0.5289	0.8226
		b:
			-410.3727
			229.8295
			-235.0086
			179.2161
			60.4581
			85.597
	==================================================================================
	Q6:
		Shape: Polyhedra
		q_c:	380.5	186.0	144.5
		ub :	387.6929	190.0686	150.1082
		lb :	373.3071	181.9314	138.8918
		A:
			-0.2031	-0.3184	0.926
			-0.3657	-0.4165	-0.8324
			0.4361	0.6524	0.6198
			-0.0736	-0.7721	-0.6313
			0.119	-0.9484	-0.2938
			-0.4559	-0.6041	-0.6536
			0.291	0.7465	0.5984
			-0.1884	0.6579	-0.7291
			-0.938	0.0994	0.3321
			-0.291	-0.7465	-0.5984
			0.1884	-0.6579	0.7291
			0.938	-0.0994	-0.3321
		b:
			1.5686
			-334.8996
			378.6064
			-260.7808
			-170.7718
			-378.4362
			337.5354
			-51.1767
			-283.9258
			-334.5354
			58.1767
			296.9258


===========================================================================================
===========================================================================================
S9:
	q_c:	372.0	470.5	191.5
	ub :	406.2954	500.7927	207.1464
	lb :	347.9799	450.441	165.9754

	==================================================================================
	Q1:
		Shape: Polyhedra
		q_c:	378.5	462.0	195.5
		ub :	391.5753	473.3146	207.1464
		lb :	365.4247	450.6854	183.8536
		A:
			0.0572	0.4563	0.888
			0.0146	-0.9949	-0.1002
			-0.1595	0.6834	0.7124
			-0.43	0.8814	0.1954
			0.3367	-0.7703	-0.5416
			-0.5407	0.4815	-0.6898
			0.2136	0.5479	0.8088
			-0.396	0.8054	-0.4411
			-0.8931	-0.226	0.389
			-0.2136	-0.5479	-0.8088
			0.396	-0.8054	0.4411
			0.8931	0.226	-0.389
		b:
			411.8009
			-466.8111
			400.7573
			289.8439
			-327.5783
			-109.8162
			497.614
			143.4878
			-356.4119
			-486.614
			-128.4878
			376.4119
	==================================================================================
	Q2:
		Shape: Ellipse
		q_c:	364.0	466.0	183.5
		ub :	380.0201	481.1618	192.7695
		lb :	347.9799	450.8382	174.2305
		P^-1:
			0.0093	0.0014	0.0057
			0.0014	0.0124	-0.0075
			0.0057	-0.0075	0.037
	==================================================================================
	Q3:
		Shape: Ellipse
		q_c:	393.5	482.5	180.0
		ub :	406.2954	494.0563	194.0246
		lb :	380.7046	470.9437	165.9754
		P^-1:
			0.0128	-0.0011	0.0036
			-0.0011	0.014	-0.0004
			0.0036	-0.0004	0.0148
	==================================================================================
	Q4:
		Shape: Hybrid
		q_c:	377.5	483.5	179.0
		ub :	392.3573	498.3809	190.2766
		lb :	362.6427	468.6191	167.7234
		P^-1:
			0.0181	0.0067	0.0092
			0.0067	0.014	0.0068
			0.0092	0.0068	0.02
		A:
			-0.9333	-0.2867	-0.2161
			-0.02	0.7316	0.6814
			0.418	0.8232	0.3843
			0.5562	0.4188	-0.7178
			0.6599	-0.0994	0.7447
			0.4879	-0.1808	0.8539
		b:
			-525.1375
			473.3489
			628.7981
			291.2194
			338.8629
			254.6202
	==================================================================================
	Q5:
		Shape: Ellipse
		q_c:	370.5	490.5	189.5
		ub :	379.1607	500.7927	198.8825
		lb :	361.8393	480.2073	180.1175
		P^-1:
			0.0381	-0.0049	-0.0038
			-0.0049	0.0274	-0.0099
			-0.0038	-0.0099	0.0322
	==================================================================================
	Q6:
		Shape: Hybrid
		q_c:	360.5	458.5	181.5
		ub :	371.0011	466.559	192.9862
		lb :	349.9989	450.441	170.0138
		P^-1:
			0.0157	0.0008	0.0002
			0.0008	0.0315	0.0049
			0.0002	0.0049	0.0171
		A:
			0.4724	-0.8754	-0.102
			0.3196	-0.1197	-0.94
			-0.12	0.5947	-0.795
			0.6795	-0.7054	-0.2018
			-0.3054	0.5602	0.77
			-0.4374	-0.8976	-0.0552
		b:
			-246.0288
			-105.3008
			90.1333
			-110.9818
			290.4831
			-575.8916


===========================================================================================
===========================================================================================
S10:
	q_c:	20.0	164.0	59.0
	ub :	31.0894	176.3638	69.9805
	lb :	12.5116	158.1838	52.1049

	==================================================================================
	Q1:
		Shape: Hybrid
		q_c:	20.0	171.5	62.0
		ub :	24.6291	176.3638	67.3912
		lb :	15.3709	166.6362	56.6088
		P^-1:
			0.1092	0.0044	-0.0057
			0.0044	0.1009	0.0133
			-0.0057	0.0133	0.0937
		A:
			0.8501	0.3285	-0.4116
			-0.8026	0.5908	0.0817
			0.4113	-0.8901	-0.1962
			-0.6631	-0.7226	-0.1951
			0.0975	-0.1665	-0.9812
			-0.0376	0.8905	0.4534
		b:
			49.3714
			91.9643
			-154.9721
			-147.7819
			-85.7325
			181.6015
	==================================================================================
	Q2:
		Shape: Polyhedra
		q_c:	23.5	167.5	62.0
		ub :	26.8376	170.4837	65.3035
		lb :	20.1624	164.5163	58.6965
		A:
			0.3432	-0.1427	-0.9284
			-0.1212	0.5024	-0.8561
			-0.7743	0.4698	0.4239
			-0.1586	-0.9873	0.0067
			0.22	0.7894	-0.5731
			0.7213	-0.1157	0.6829
			0.4343	0.3623	0.8247
			-0.5424	0.8361	-0.0817
			-0.7192	-0.4119	0.5596
			-0.4343	-0.3623	-0.8247
			0.5424	-0.8361	0.0817
			0.7192	0.4119	-0.5596
		b:
			-71.1803
			30.2812
			88.508
			-166.8347
			103.7028
			42.1508
			124.5208
			123.7403
			-49.1931
			-119.5208
			-120.7403
			53.1931
	==================================================================================
	Q3:
		Shape: Hybrid
		q_c:	21.5	170.0	62.0
		ub :	26.9703	173.5844	67.6623
		lb :	16.0297	166.4156	56.3377
		P^-1:
			0.0727	-0.0118	0.0142
			-0.0118	0.2298	-0.0544
			0.0142	-0.0544	0.0917
		A:
			0.8515	0.5242	-0.0125
			0.0126	-0.6739	0.7388
			-0.2395	0.9523	-0.189
			-0.709	-0.331	0.6228
			-0.0293	-0.9429	-0.3318
			-0.2359	-0.6311	0.739
		b:
			109.0903
			-66.9552
			146.1568
			-30.2316
			-179.7047
			-64.7189
	==================================================================================
	Q4:
		Shape: Hybrid
		q_c:	24.5	168.5	54.0
		ub :	28.1148	172.0817	55.8951
		lb :	20.8852	164.9183	52.1049
		P^-1:
			0.199	-0.0414	0.1718
			-0.0414	0.2041	-0.1826
			0.1718	-0.1826	0.9169
		A:
			0.4091	-0.3572	0.8397
			0.4695	0.15	-0.8701
			-0.4045	0.911	-0.0806
			0.0489	-0.1901	0.9805
			-0.4116	-0.4932	-0.7664
			0.7699	-0.0667	0.6346
		b:
			-4.1568
			-8.9104
			141.0863
			22.6848
			-133.1587
			43.1272
	==================================================================================
	Q5:
		Shape: Polyhedra
		q_c:	25.5	164.0	64.0
		ub :	31.0894	169.8162	69.9805
		lb :	19.9106	158.1838	58.0195
		A:
			0.4519	0.5573	0.6966
			0.9786	0.1276	0.1612
			-0.4469	-0.7276	-0.5205
			0.9591	-0.2668	0.0948
			0.7865	0.5537	0.2737
			-0.0503	-0.4491	-0.8921
			0.7	0.689	0.1878
			0.637	-0.4835	-0.6004
			-0.3229	0.5399	-0.7773
			-0.7	-0.689	-0.1878
			-0.637	0.4835	0.6004
			0.3229	-0.5399	0.7773
		b:
			150.545
			59.3078
			-161.2233
			-9.5517
			130.9371
			-128.3601
			145.3641
			-97.4787
			34.5643
			-140.3641
			105.4787
			-26.5643
	==================================================================================
	Q6:
		Shape: Ellipse
		q_c:	15.5	162.0	59.5
		ub :	18.4884	165.0315	62.6667
		lb :	12.5116	158.9685	56.3333
		P^-1:
			0.2077	-0.0706	-0.0791
			-0.0706	0.323	0.0737
			-0.0791	0.0737	0.3237


===========================================================================================
===========================================================================================
S11:
	q_c:	280.0	473.0	477.5
	ub :	286.5277	486.6539	488.5654
	lb :	271.6444	463.7723	468.6694

	==================================================================================
	Q1:
		Shape: Hybrid
		q_c:	278.0	468.0	483.5
		ub :	282.6155	472.0928	488.4805
		lb :	273.3845	463.9072	478.5195
		P^-1:
			0.1184	0.0319	0.0309
			0.0319	0.2121	0.0597
			0.0309	0.0597	0.093
		A:
			0.8267	-0.3334	-0.4532
			-0.0645	-0.3777	-0.9237
			-0.5697	-0.4757	-0.6702
			0.8211	0.5655	0.0772
			0.1505	-0.6483	-0.7464
			0.7386	0.3796	0.5571
		b:
			-142.9853
			-639.1568
			-703.5981
			531.9149
			-620.6666
			653.8132
	==================================================================================
	Q2:
		Shape: Polyhedra
		q_c:	280.0	468.0	484.5
		ub :	283.5478	471.2981	488.5654
		lb :	276.4522	464.7019	480.4346
		A:
			0.6846	0.2137	-0.6969
			0.1456	0.9801	0.1351
			0.9506	-0.2911	-0.1076
			0.6754	-0.1026	-0.7303
			-0.902	0.047	-0.4292
			0.5852	0.7962	-0.1536
			0.0249	0.9117	0.4101
			0.7388	0.2596	-0.6219
			-0.6734	0.3185	-0.6671
			-0.0249	-0.9117	-0.4101
			-0.7388	-0.2596	0.6219
			0.6734	-0.3185	0.6671
		b:
			-43.9524
			566.933
			80.2921
			-210.7405
			-435.6531
			464.0363
			634.3575
			29.0454
			-359.7077
			-630.3575
			-25.0454
			365.7077
	==================================================================================
	Q3:
		Shape: Polyhedra
		q_c:	275.0	468.0	472.5
		ub :	278.3556	472.2277	476.3306
		lb :	271.6444	463.7723	468.6694
		A:
			-0.3789	0.3248	-0.8666
			0.8272	-0.56	0.0461
			0.813	-0.5574	0.1683
			0.6547	-0.1428	-0.7422
			0.5893	-0.3261	-0.7392
			-0.6673	0.7273	0.1608
			0.5541	0.6741	0.4884
			-0.1613	-0.4887	0.8574
			0.8167	-0.5539	-0.162
			-0.5541	-0.6741	-0.4884
			0.1613	0.4887	-0.8574
			-0.8167	0.5539	0.162
		b:
			-359.2607
			-11.6845
			43.5009
			-235.928
			-338.1068
			234.1108
			702.6403
			134.0817
			-110.1815
			-694.6403
			-130.0817
			112.1815
	==================================================================================
	Q4:
		Shape: Ellipse
		q_c:	280.5	482.0	482.0
		ub :	285.5872	486.6539	486.1999
		lb :	275.4128	477.3461	477.8001
		P^-1:
			0.0975	-0.0144	0.0028
			-0.0144	0.0948	-0.0026
			0.0028	-0.0026	0.0821
	==================================================================================
	Q5:
		Shape: Hybrid
		q_c:	279.0	467.5	475.5
		ub :	281.6414	470.1555	477.5362
		lb :	276.3586	464.8445	473.4638
		P^-1:
			0.3665	-0.1506	0.0644
			-0.1506	0.5067	-0.2654
			0.0644	-0.2654	0.8212
		A:
			0.6916	-0.7206	0.0495
			0.4466	-0.8741	-0.1909
			-0.5045	0.7617	-0.4066
			0.8663	-0.408	-0.2882
			-0.7329	0.5989	-0.3228
			-0.9669	0.0262	0.2539
		b:
			-119.5089
			-373.8462
			22.666
			-85.058
			-77.1787
			-135.5406
	==================================================================================
	Q6:
		Shape: Polyhedra
		q_c:	283.0	473.0	482.5
		ub :	286.5277	477.1806	486.7868
		lb :	279.4723	468.8194	478.2132
		A:
			-0.8828	-0.2422	0.4024
			-0.4459	0.3146	-0.8379
			-0.877	-0.2257	0.4241
			-0.7407	0.5375	0.4031
			-0.7755	-0.0838	0.6257
			0.2381	0.1664	0.9569
			0.9108	0.3221	0.2581
			0.2185	-0.9068	0.3606
			0.3502	-0.272	-0.8963
			-0.9108	-0.3221	-0.2581
			-0.2185	0.9068	-0.3606
			-0.3502	0.272	0.8963
		b:
			-167.7772
			-378.939
			-147.851
			242.0036
			45.5443
			610.5565
			536.6613
			-190.1025
			-459.0313
			-532.6613
			196.1025
			465.0313


===========================================================================================
===========================================================================================
