3D_45_25_6_c                l = 3

===========================================================================================
===========================================================================================
S1:
	q_c:	291.5	318.5	154.0
	ub :	316.1681	346.8415	176.7402
	lb :	267.6475	286.9538	122.5987

	==================================================================================
	Q1:
		Shape: Ellipse
		q_c:	278.5	313.0	166.0
		ub :	289.3525	321.6283	176.7402
		lb :	267.6475	304.3717	155.2598
		P^-1:
			0.036	-0.0289	-0.0005
			-0.0289	0.0629	0.0052
			-0.0005	0.0052	0.0188
	==================================================================================
	Q2:
		Shape: Polyhedra
		q_c:	305.0	298.0	154.0
		ub :	316.1681	309.0462	166.1862
		lb :	293.8319	286.9538	141.8138
		A:
			-0.2283	0.5914	0.7734
			-0.3363	-0.8406	-0.4247
			0.4075	-0.2522	0.8777
			0.7916	0.5821	0.1859
			0.0464	0.4479	-0.8929
			0.8713	-0.1063	0.4791
			0.5279	0.4762	0.7032
			-0.0145	0.8329	-0.5532
			-0.8492	0.2819	0.4466
			-0.5279	-0.4762	-0.7032
			0.0145	-0.8329	0.5532
			0.8492	-0.2819	-0.4466
		b:
			233.5724
			-411.8924
			190.7913
			450.5461
			16.9206
			315.214
			417.7236
			165.1061
			-97.2275
			-404.7236
			-152.1061
			115.2275
	==================================================================================
	Q3:
		Shape: Ellipse
		q_c:	299.0	314.5	161.0
		ub :	309.5514	325.6112	169.4687
		lb :	288.4486	303.3888	152.5313
		P^-1:
			0.0428	-0.0007	-0.0446
			-0.0007	0.0125	0.0018
			-0.0446	0.0018	0.082
	==================================================================================
	Q4:
		Shape: Ellipse
		q_c:	298.5	310.5	158.5
		ub :	309.5467	323.6907	166.635
		lb :	287.4533	297.3093	150.365
		P^-1:
			0.0312	0.0007	0.0261
			0.0007	0.0234	0.0304
			0.0261	0.0304	0.0919
	==================================================================================
	Q5:
		Shape: Ellipse
		q_c:	284.0	333.5	141.0
		ub :	296.0671	346.8415	148.5932
		lb :	271.9329	320.1585	133.4068
		P^-1:
			0.0304	0.0117	-0.0169
			0.0117	0.0145	-0.0072
			-0.0169	-0.0072	0.0495
	==================================================================================
	Q6:
		Shape: Polyhedra
		q_c:	301.5	329.5	134.0
		ub :	314.7669	343.9143	145.4013
		lb :	288.2331	315.0857	122.5987
		A:
			-0.0358	-0.8564	0.5151
			-0.7553	-0.5882	-0.2889
			0.5478	0.0402	-0.8356
			-0.5803	-0.0625	0.812
			0.1233	-0.8621	0.4916
			0.6611	-0.2787	0.6966
			0.6019	0.7065	0.3722
			0.7923	-0.4703	-0.3886
			-0.0995	0.5288	-0.8429
			-0.6019	-0.7065	-0.3722
			-0.7923	0.4703	0.3886
			0.0995	-0.5288	0.8429
		b:
			-217.0109
			-448.4404
			72.6234
			-80.4672
			-174.5242
			208.1625
			476.1488
			38.8522
			36.3024
			-452.1488
			-24.8522
			-26.3024


===========================================================================================
===========================================================================================
S2:
	q_c:	521.0	430.5	485.5
	ub :	529.7465	439.1924	493.4288
	lb :	517.7189	426.3788	478.7209

	==================================================================================
	Q1:
		Shape: Polyhedra
		q_c:	525.5	430.0	488.0
		ub :	529.7465	433.4323	491.453
		lb :	521.2535	426.5677	484.547
		A:
			-0.1132	0.7849	0.6092
			-0.826	-0.2301	0.5146
			0.2344	0.4555	-0.8588
			0.4997	-0.858	0.1193
			0.9927	0.0877	0.0833
			-0.1655	-0.411	-0.8965
			0.2522	0.9575	0.1403
			0.5451	-0.0208	-0.8381
			-0.7995	0.2878	-0.5272
			-0.2522	-0.9575	-0.1403
			-0.5451	0.0208	0.8381
			0.7995	-0.2878	0.5272
		b:
			577.5071
			-279.8738
			-97.9389
			-45.101
			603.0486
			-698.78
			615.1872
			-129.9731
			-550.1456
			-610.1872
			132.9731
			557.1456
	==================================================================================
	Q2:
		Shape: Polyhedra
		q_c:	521.5	429.0	482.5
		ub :	524.7997	431.6212	485.1374
		lb :	518.2003	426.3788	479.8626
		A:
			-0.7037	-0.3914	-0.593
			-0.0125	-0.7677	-0.6407
			-0.9059	-0.085	-0.4148
			0.036	-0.6823	-0.7302
			0.1967	0.0615	0.9785
			-0.7052	-0.597	-0.3825
			0.4911	0.1482	0.8584
			-0.8396	-0.1819	0.5118
			0.232	-0.9721	0.0351
			-0.4911	-0.1482	-0.8584
			0.8396	0.1819	-0.5118
			-0.232	0.9721	-0.0351
		b:
			-819.3105
			-643.1771
			-707.1797
			-624.4398
			602.7363
			-806.5324
			735.388
			-266.425
			-277.1009
			-732.388
			271.425
			281.1009
	==================================================================================
	Q3:
		Shape: Polyhedra
		q_c:	521.0	435.5	484.0
		ub :	524.2811	439.1924	487.4584
		lb :	517.7189	431.8076	480.5416
		A:
			-0.8423	0.5294	-0.1017
			0.5823	0.6605	-0.474
			-0.4805	-0.6014	0.6383
			-0.4512	-0.2095	0.8675
			-0.6331	-0.2999	0.7136
			-0.9574	-0.2766	0.0829
			0.7696	0.6174	0.163
			0.6008	-0.6139	-0.5121
			-0.2161	0.492	-0.8434
			-0.7696	-0.6174	-0.163
			-0.6008	0.6139	0.5121
			0.2161	-0.492	0.8434
		b:
			-255.3699
			363.8285
			-201.0199
			95.8487
			-112.8834
			-577.1407
			750.7004
			-200.1441
			-304.0009
			-746.7004
			204.1441
			309.0009
	==================================================================================
	Q4:
		Shape: Ellipse
		q_c:	523.5	432.5	481.5
		ub :	526.1527	435.0997	484.2791
		lb :	520.8473	429.9003	478.7209
		P^-1:
			0.4914	-0.0988	-0.3983
			-0.0988	0.271	0.092
			-0.3983	0.092	0.6476
	==================================================================================
	Q5:
		Shape: Ellipse
		q_c:	525.0	428.5	490.5
		ub :	527.8877	430.0703	493.4288
		lb :	522.1123	426.9297	487.5712
		P^-1:
			0.2729	-0.1258	0.0283
			-0.1258	0.9421	-0.1557
			0.0283	-0.1557	0.285
	==================================================================================
	Q6:
		Shape: Ellipse
		q_c:	524.5	433.0	486.0
		ub :	526.6513	434.6883	488.2126
		lb :	522.3487	431.3117	483.7874
		P^-1:
			0.4444	-0.0	-0.0
			-0.0	0.4444	0.0
			-0.0	0.0	0.4444


===========================================================================================
===========================================================================================
S3:
	q_c:	469.0	488.0	180.0
	ub :	492.8932	502.3735	195.7226
	lb :	452.7383	470.412	164.8251

	==================================================================================
	Q1:
		Shape: Ellipse
		q_c:	462.5	497.5	176.0
		ub :	469.7531	502.3735	183.4128
		lb :	455.2469	492.6265	168.5872
		P^-1:
			0.1226	0.1588	0.0405
			0.1588	0.3286	0.0976
			0.0405	0.0976	0.0703
	==================================================================================
	Q2:
		Shape: Ellipse
		q_c:	469.5	494.5	180.0
		ub :	474.8961	499.2131	185.297
		lb :	464.1039	489.7869	174.703
		P^-1:
			0.1587	0.0565	-0.0735
			0.0565	0.1219	-0.0463
			-0.0735	-0.0463	0.1004
	==================================================================================
	Q3:
		Shape: Ellipse
		q_c:	478.5	484.5	190.0
		ub :	484.5864	490.9749	195.7226
		lb :	472.4136	478.0251	184.2774
		P^-1:
			0.0925	0.0609	0.0165
			0.0609	0.1004	0.0058
			0.0165	0.0058	0.0626
	==================================================================================
	Q4:
		Shape: Hybrid
		q_c:	483.0	481.0	172.5
		ub :	492.8932	491.588	179.2963
		lb :	473.1068	470.412	165.7037
		P^-1:
			0.0255	0.0018	0.0107
			0.0018	0.0282	-0.0214
			0.0107	-0.0214	0.0713
		A:
			0.1632	-0.123	0.9789
			0.677	-0.7091	0.1972
			-0.3721	-0.1244	-0.9198
			-0.7943	-0.2753	0.5415
			0.4082	0.3079	0.8594
			0.5269	-0.8134	0.2465
		b:
			190.6108
			25.0479
			-395.536
			-418.4174
			496.8544
			-89.3104
	==================================================================================
	Q5:
		Shape: Polyhedra
		q_c:	472.5	489.5	188.5
		ub :	480.3856	496.5577	194.4723
		lb :	464.6144	482.4423	182.5277
		A:
			0.3819	-0.3001	0.8741
			0.6027	0.3354	-0.7241
			0.1507	-0.8396	-0.5219
			0.4782	0.6456	-0.5954
			0.3281	0.9067	-0.265
			0.8414	0.1378	-0.5226
			0.8512	0.437	0.2906
			0.4608	-0.8874	-0.0153
			0.2512	0.1469	-0.9567
			-0.8512	-0.437	-0.2906
			-0.4608	0.8874	0.0153
			-0.2512	-0.1469	0.9567
		b:
			203.049
			317.1779
			-433.4642
			434.5507
			553.8041
			371.4116
			676.3881
			-215.051
			14.7598
			-665.3881
			224.051
			-5.7598
	==================================================================================
	Q6:
		Shape: Hybrid
		q_c:	462.0	482.0	174.0
		ub :	471.2617	490.2233	183.1749
		lb :	452.7383	473.7767	164.8251
		P^-1:
			0.0278	-0.0	0.0
			-0.0	0.0278	-0.0
			0.0	-0.0	0.0278
		A:
			0.7835	-0.6209	0.0242
			0.0012	-0.8739	0.4861
			0.7723	0.5907	0.2339
			-0.4024	0.541	0.7385
			0.5896	0.4702	-0.6567
			-0.3696	-0.7043	0.6061
		b:
			69.8826
			-333.0861
			685.1923
			206.3755
			387.7557
			-401.7573


===========================================================================================
===========================================================================================
S4:
	q_c:	421.5	70.5	66.0
	ub :	437.5553	88.8089	94.7971
	lb :	392.2105	49.8942	45.9538

	==================================================================================
	Q1:
		Shape: Polyhedra
		q_c:	431.0	66.0	61.0
		ub :	437.5553	74.1314	68.9264
		lb :	424.4447	57.8686	53.0736
		A:
			0.5975	-0.492	-0.6332
			0.1557	0.341	0.9271
			0.966	-0.2495	-0.0677
			-0.6614	0.7221	0.2028
			0.5245	0.0588	0.8494
			0.2428	-0.8802	-0.4079
			0.7423	0.4781	0.4695
			0.0872	-0.7636	0.6398
			0.6644	-0.434	-0.6085
			-0.7423	-0.4781	-0.4695
			-0.0872	0.7636	-0.6398
			-0.6644	0.434	0.6085
		b:
			189.4375
			150.888
			399.8722
			-221.3037
			287.1807
			25.7827
			385.6202
			31.7158
			223.5887
			-374.6202
			-20.7158
			-217.5887
	==================================================================================
	Q2:
		Shape: Polyhedra
		q_c:	403.5	76.5	56.5
		ub :	409.5805	86.7227	67.0462
		lb :	397.4195	66.2773	45.9538
		A:
			0.997	0.0565	-0.0534
			-0.7804	-0.245	0.5753
			-0.9619	-0.2735	-0.0023
			0.8202	-0.3615	-0.4434
			-0.7356	-0.2768	0.6183
			0.8459	-0.4625	-0.2656
			0.2924	0.6143	0.7329
			-0.3664	0.7799	-0.5075
			-0.8833	-0.1201	0.4531
			-0.2924	-0.6143	-0.7329
			0.3664	-0.7799	0.5075
			0.8833	0.1201	-0.4531
		b:
			407.0928
			-299.3076
			-404.4174
			282.0453
			-280.9955
			294.6912
			216.371
			-111.8474
			-338.5213
			-196.371
			121.8474
			341.5213
	==================================================================================
	Q3:
		Shape: Polyhedra
		q_c:	404.0	78.5	64.5
		ub :	415.7895	88.8089	72.2739
		lb :	392.2105	68.1911	56.7261
		A:
			-0.6028	-0.7484	-0.2767
			-0.4132	0.4335	-0.8009
			0.305	0.2622	-0.9155
			0.6201	-0.4441	0.6467
			0.1191	0.5188	-0.8466
			0.5856	0.4971	0.6403
			0.4403	0.8945	0.0769
			0.8551	-0.3918	-0.3395
			-0.2736	0.2152	-0.9375
			-0.4403	-0.8945	-0.0769
			-0.8551	0.3918	0.3395
			0.2736	-0.2152	0.9375
		b:
			-313.6988
			-179.5923
			90.7301
			263.2647
			39.3958
			322.6606
			259.5766
			301.8227
			-149.596
			-246.5766
			-283.8227
			158.596
	==================================================================================
	Q4:
		Shape: Ellipse
		q_c:	408.0	60.5	83.5
		ub :	418.5127	71.1058	94.7971
		lb :	397.4873	49.8942	72.2029
		P^-1:
			0.0114	-0.002	0.0014
			-0.002	0.0236	-0.0061
			0.0014	-0.0061	0.0176
	==================================================================================
	Q5:
		Shape: Hybrid
		q_c:	412.0	80.5	56.0
		ub :	418.9901	85.236	64.6185
		lb :	405.0099	75.764	47.3815
		P^-1:
			0.3295	-0.3897	0.0541
			-0.3897	0.7731	0.05
			0.0541	0.05	0.0697
		A:
			0.7179	-0.6653	0.2048
			0.7005	-0.699	0.1443
			0.5683	-0.8199	0.0692
			0.4219	-0.896	0.1389
			-0.4781	0.7995	-0.3636
			0.7928	-0.1464	0.5916
		b:
			254.4936
			241.1492
			172.5409
			110.8135
			-150.6411
			349.8182
	==================================================================================
	Q6:
		Shape: Polyhedra
		q_c:	407.5	76.5	58.0
		ub :	418.5364	87.4444	67.0989
		lb :	396.4636	65.5556	48.9011
		A:
			-0.0529	-0.1903	0.9803
			-0.5143	-0.229	0.8265
			0.6302	-0.0365	-0.7756
			-0.5342	-0.2418	0.8101
			-0.2642	-0.2737	0.9248
			-0.6917	0.501	-0.5202
			0.5644	0.5226	0.639
			-0.5274	-0.3672	0.7661
			0.6351	-0.7694	0.0684
			-0.5644	-0.5226	-0.639
			0.5274	0.3672	-0.7661
			-0.6351	0.7694	-0.0684
		b:
			26.4373
			-175.9147
			212.9258
			-186.022
			-70.7832
			-266.7429
			317.0255
			-195.5792
			209.8975
			-297.0255
			201.5792
			-197.8975


===========================================================================================
===========================================================================================
S5:
	q_c:	208.5	138.0	193.0
	ub :	244.3374	165.9362	220.1043
	lb :	176.4278	109.5046	151.6924

	==================================================================================
	Q1:
		Shape: Ellipse
		q_c:	203.0	138.5	211.0
		ub :	218.4183	155.5932	220.1043
		lb :	187.5817	121.4068	201.8957
		P^-1:
			0.0207	0.011	-0.0173
			0.011	0.0126	-0.0142
			-0.0173	-0.0142	0.0478
	==================================================================================
	Q2:
		Shape: Polyhedra
		q_c:	228.5	127.0	201.5
		ub :	241.7467	137.7901	216.8351
		lb :	215.2533	116.2099	186.1649
		A:
			-0.5573	0.8061	0.199
			0.2428	-0.8277	0.506
			-0.4691	0.8819	-0.0473
			0.7914	-0.57	-0.2207
			-0.8261	0.1865	0.5317
			0.814	-0.4116	-0.4099
			0.6161	0.1763	0.7677
			-0.6949	0.5807	0.4242
			-0.371	-0.7948	0.4802
			-0.6161	-0.1763	-0.7677
			0.6949	-0.5807	-0.4242
			0.371	0.7948	-0.4802
		b:
			19.1981
			60.9885
			0.9926
			68.055
			-53.4151
			54.7399
			330.8567
			3.4532
			-80.4406
			-304.8567
			2.5468
			97.4406
	==================================================================================
	Q3:
		Shape: Hybrid
		q_c:	188.0	153.5	188.5
		ub :	199.5722	165.9362	197.5953
		lb :	176.4278	141.0638	179.4047
		P^-1:
			0.0215	-0.0003	0.0118
			-0.0003	0.0134	0.0063
			0.0118	0.0063	0.0433
		A:
			0.8229	0.4893	-0.2889
			-0.7445	0.3499	-0.5686
			0.6211	0.0719	-0.7804
			-0.4403	0.8955	0.0655
			-0.0436	-0.5566	-0.8296
			-0.7516	-0.5191	-0.4069
		b:
			181.9618
			-189.5549
			-13.9397
			73.0576
			-246.6344
			-292.9381
	==================================================================================
	Q4:
		Shape: Ellipse
		q_c:	190.5	123.5	192.5
		ub :	203.8421	136.6395	206.8031
		lb :	177.1579	110.3605	178.1969
		P^-1:
			0.0131	-0.0019	-0.0033
			-0.0019	0.017	-0.0013
			-0.0033	-0.0013	0.0155
	==================================================================================
	Q5:
		Shape: Ellipse
		q_c:	226.0	125.5	169.5
		ub :	240.9229	141.4954	187.3076
		lb :	211.0771	109.5046	151.6924
		P^-1:
			0.0137	0.0038	-0.0007
			0.0038	0.014	0.0025
			-0.0007	0.0025	0.0059
	==================================================================================
	Q6:
		Shape: Polyhedra
		q_c:	229.0	140.0	191.0
		ub :	244.3374	144.4609	206.2461
		lb :	213.6626	135.5391	175.7539
		A:
			-0.2816	-0.9472	0.1532
			0.0559	0.9242	-0.3778
			0.7943	0.5867	0.1577
			0.6113	0.7749	0.1607
			-0.6565	-0.7366	-0.1629
			0.188	0.982	0.0187
			0.6939	0.0751	0.7162
			-0.7183	0.1422	0.681
			-0.0507	-0.987	0.1526
			-0.6939	-0.0751	-0.7162
			0.7183	-0.1422	-0.681
			0.0507	0.987	-0.1526
		b:
			-164.5926
			73.2481
			302.0337
			285.1922
			-278.1023
			186.7994
			314.6977
			-1.5129
			-118.6414
			-297.6977
			27.5129
			122.6414


===========================================================================================
===========================================================================================
S6:
	q_c:	88.5	178.0	374.5
	ub :	102.3354	188.5634	390.2203
	lb :	77.6439	167.9016	367.1802

	==================================================================================
	Q1:
		Shape: Hybrid
		q_c:	93.0	173.0	381.5
		ub :	99.1069	178.0984	387.6141
		lb :	86.8931	167.9016	375.3859
		P^-1:
			0.0886	0.0341	0.0449
			0.0341	0.1283	0.0027
			0.0449	0.0027	0.0942
		A:
			0.9315	0.2099	0.2969
			-0.3746	0.0194	-0.927
			0.014	0.9705	0.2406
			-0.1967	-0.9804	-0.0138
			-0.5937	0.6814	0.428
			0.1082	-0.9728	0.2047
		b:
			238.2161
			-383.3528
			262.8807
			-191.6429
			229.3349
			-78.3832
	==================================================================================
	Q2:
		Shape: Ellipse
		q_c:	97.5	179.5	385.5
		ub :	102.3354	184.9968	390.2203
		lb :	92.6646	174.0032	380.7797
		P^-1:
			0.101	0.0074	0.0327
			0.0074	0.2031	-0.1908
			0.0327	-0.1908	0.2915
	==================================================================================
	Q3:
		Shape: Polyhedra
		q_c:	82.5	179.5	375.0
		ub :	87.3561	184.1201	380.2056
		lb :	77.6439	174.8799	369.7944
		A:
			0.3033	-0.7249	0.6184
			0.3672	-0.8808	0.299
			0.7339	-0.6769	-0.0577
			0.838	-0.1552	0.5232
			0.6846	-0.7024	0.1948
			0.5643	-0.0869	0.821
			0.7419	0.2841	0.6073
			-0.1318	-0.8263	0.5475
			0.6574	-0.4863	-0.5756
			-0.7419	-0.2841	-0.6073
			0.1318	0.8263	-0.5475
			-0.6574	0.4863	0.5756
		b:
			129.4451
			-12.8827
			-79.2858
			240.4764
			6.5217
			341.7314
			342.9486
			48.6311
			-245.4143
			-336.9486
			-43.6311
			252.4143
	==================================================================================
	Q4:
		Shape: Hybrid
		q_c:	93.0	176.5	372.5
		ub :	98.4207	181.5179	377.8198
		lb :	87.5793	171.4821	367.1802
		P^-1:
			0.1173	-0.033	0.089
			-0.033	0.0654	-0.0432
			0.089	-0.0432	0.166
		A:
			0.3792	0.091	0.9208
			-0.2452	0.6093	-0.7541
			-0.7805	0.4135	-0.4689
			-0.3693	0.0968	-0.9243
			0.7447	-0.624	-0.2367
			-0.8614	-0.0582	-0.5045
		b:
			396.0072
			-194.458
			-172.7761
			-360.1668
			-125.9149
			-276.4963
	==================================================================================
	Q5:
		Shape: Ellipse
		q_c:	82.0	184.0	371.5
		ub :	85.2393	188.5634	375.6191
		lb :	78.7607	179.4366	367.3809
		P^-1:
			0.6776	0.0555	-0.4252
			0.0555	0.0948	-0.0564
			-0.4252	-0.0564	0.4204
	==================================================================================
	Q6:
		Shape: Polyhedra
		q_c:	84.0	181.0	378.0
		ub :	89.2869	186.5498	381.2886
		lb :	78.7131	175.4502	374.7114
		A:
			-0.2193	-0.3328	0.9172
			0.3996	-0.6219	0.6735
			-0.4798	0.855	0.197
			0.9938	-0.104	-0.0382
			-0.1129	0.0783	-0.9905
			0.9395	-0.1632	0.3011
			0.5659	0.7045	0.4283
			0.7802	-0.6255	-0.002
			0.2665	0.3353	-0.9037
			-0.5659	-0.7045	-0.4283
			-0.7802	0.6255	0.002
			-0.2665	-0.3353	0.9037
		b:
			269.5556
			177.9841
			192.2285
			53.527
			-367.3253
			166.6914
			341.4358
			-45.4186
			-257.0168
			-332.4358
			51.4186
			260.0168


===========================================================================================
===========================================================================================
S7:
	q_c:	491.0	387.5	252.5
	ub :	499.2982	398.8257	261.9632
	lb :	482.5118	378.7381	243.4657

	==================================================================================
	Q1:
		Shape: Hybrid
		q_c:	489.0	386.5	255.5
		ub :	492.5516	389.8617	258.5686
		lb :	485.4484	383.1383	252.4314
		P^-1:
			0.1884	0.0802	0.0131
			0.0802	0.5258	-0.407
			0.0131	-0.407	0.6469
		A:
			0.281	0.9427	-0.18
			0.3282	-0.2944	0.8976
			0.1459	0.6672	-0.7304
			0.5873	0.5644	-0.58
			0.2968	0.3778	-0.877
			0.0532	-0.7925	0.6075
		b:
			456.8688
			276.8504
			143.1003
			358.235
			68.0652
			-124.3772
	==================================================================================
	Q2:
		Shape: Hybrid
		q_c:	490.5	394.0	251.5
		ub :	494.4095	398.8257	255.9413
		lb :	486.5905	389.1743	247.0587
		P^-1:
			0.1589	0.0099	-0.0028
			0.0099	0.0707	0.0252
			-0.0028	0.0252	0.1529
		A:
			-0.654	0.3503	0.6705
			-0.9497	0.1607	-0.2689
			-0.6598	0.5286	0.5341
			0.3794	-0.3656	0.85
			0.3295	0.2707	0.9045
			0.2725	-0.505	0.819
		b:
			-12.7631
			-468.6565
			20.5665
			257.7029
			497.0061
			142.8073
	==================================================================================
	Q3:
		Shape: Polyhedra
		q_c:	497.0	382.5	258.5
		ub :	499.2982	386.2619	261.9632
		lb :	494.7018	378.7381	255.0368
		A:
			0.3829	0.8683	-0.3153
			0.1664	-0.0409	-0.9852
			-0.9157	0.2787	0.2896
			-0.7401	-0.2372	-0.6293
			0.4629	-0.7686	0.4416
			-0.7258	-0.1303	0.6754
			0.0265	0.841	0.5404
			0.1164	0.5343	-0.8372
			-0.9928	0.0851	-0.0837
			-0.0265	-0.841	-0.5404
			-0.1164	-0.5343	0.8372
			0.9928	-0.0851	0.0837
		b:
			443.2885
			-185.22
			-271.4689
			-618.8753
			52.3774
			-233.935
			477.5627
			47.8389
			-480.521
			-471.5627
			-43.8389
			484.521
	==================================================================================
	Q4:
		Shape: Ellipse
		q_c:	486.0	388.0	253.5
		ub :	489.4882	390.6409	257.2528
		lb :	482.5118	385.3591	249.7472
		P^-1:
			0.2988	-0.0945	0.0752
			-0.0945	0.3642	-0.0216
			0.0752	-0.0216	0.1425
	==================================================================================
	Q5:
		Shape: Hybrid
		q_c:	487.0	388.0	247.5
		ub :	490.1341	392.2877	251.5343
		lb :	483.8659	383.7123	243.4657
		P^-1:
			0.2731	-0.0706	0.0382
			-0.0706	0.1769	-0.1596
			0.0382	-0.1596	0.307
		A:
			-0.5364	0.0676	0.8412
			0.0536	0.5465	-0.8357
			-0.9347	0.2821	-0.2161
			-0.3695	0.7228	-0.584
			-0.438	-0.732	0.5218
			0.7661	0.1861	-0.6152
		b:
			-25.2132
			32.1906
			-398.1799
			-43.0365
			-366.5662
			294.2362
	==================================================================================
	Q6:
		Shape: Hybrid
		q_c:	487.5	388.0	258.0
		ub :	490.4668	390.9454	260.5201
		lb :	484.5332	385.0546	255.4799
		P^-1:
			0.2235	0.1058	0.0533
			0.1058	0.3938	-0.0255
			0.0533	-0.0255	0.4316
		A:
			-0.444	0.6286	0.6385
			0.5995	-0.6532	-0.4625
			-0.445	0.7482	0.4921
			-0.2126	0.871	-0.443
			-0.9897	0.0366	0.1385
			0.704	-0.1848	-0.6858
		b:
			193.5953
			-78.9121
			201.7987
			121.0043
			-430.9059
			96.0595


===========================================================================================
===========================================================================================
S8:
	q_c:	388.5	496.0	267.5
	ub :	404.0615	514.2798	275.974
	lb :	370.964	485.0738	251.1911

	==================================================================================
	Q1:
		Shape: Hybrid
		q_c:	380.0	505.5	263.0
		ub :	389.036	514.2798	272.4057
		lb :	370.964	496.7202	253.5943
		P^-1:
			0.0291	-0.0053	-0.0018
			-0.0053	0.0404	-0.0103
			-0.0018	-0.0103	0.0366
		A:
			0.3095	-0.2418	0.9196
			-0.7175	0.4615	-0.5217
			0.0916	-0.8762	-0.4732
			-0.0155	-0.0216	-0.9996
			-0.3053	0.8394	-0.4497
			0.8022	0.5531	-0.2246
		b:
			240.2222
			-173.5797
			-529.0283
			-276.4558
			192.324
			529.0304
	==================================================================================
	Q2:
		Shape: Polyhedra
		q_c:	389.0	497.0	269.5
		ub :	396.5583	504.1895	275.974
		lb :	381.4417	489.8105	263.026
		A:
			0.713	-0.5482	0.4372
			0.233	0.8401	0.4899
			0.799	0.1159	0.59
			-0.3967	0.9133	0.0922
			0.0035	0.7348	-0.6782
			0.573	0.5792	-0.5799
			0.6066	0.7946	0.0267
			0.6677	-0.5273	0.5255
			0.4316	-0.3009	-0.8504
			-0.6066	-0.7946	-0.0267
			-0.6677	0.5273	-0.5255
			-0.4316	0.3009	0.8504
		b:
			126.6915
			644.8453
			531.64
			328.8568
			188.1028
			359.1172
			642.5566
			143.2503
			-205.8396
			-633.5566
			-135.2503
			215.8396
	==================================================================================
	Q3:
		Shape: Ellipse
		q_c:	398.0	504.5	261.0
		ub :	404.0615	510.3244	264.7442
		lb :	391.9385	498.6756	257.2558
		P^-1:
			0.0625	0.0184	0.018
			0.0184	0.0764	0.0157
			0.018	0.0157	0.1521
	==================================================================================
	Q4:
		Shape: Ellipse
		q_c:	382.5	497.5	264.5
		ub :	387.8208	502.5803	269.377
		lb :	377.1792	492.4197	259.623
		P^-1:
			0.1042	-0.0482	-0.0001
			-0.0482	0.1183	0.0001
			-0.0001	0.0001	0.0625
	==================================================================================
	Q5:
		Shape: Ellipse
		q_c:	389.0	499.5	268.0
		ub :	394.4647	504.163	273.208
		lb :	383.5353	494.837	262.792
		P^-1:
			0.1425	0.1092	0.0965
			0.1092	0.2694	0.1492
			0.0965	0.1492	0.1635
	==================================================================================
	Q6:
		Shape: Hybrid
		q_c:	386.0	491.5	258.0
		ub :	391.6737	497.9262	264.8089
		lb :	380.3263	485.0738	251.1911
		P^-1:
			0.1159	-0.0548	-0.0005
			-0.0548	0.0913	0.0072
			-0.0005	0.0072	0.0352
		A:
			0.2058	0.3754	0.9037
			-0.6439	0.7532	0.1346
			0.4201	-0.906	-0.0514
			0.6973	0.7037	0.1363
			0.7618	-0.631	0.1466
			0.0944	-0.9819	0.1645
		b:
			500.8664
			157.778
			-294.6666
			653.4813
			23.1845
			-401.0274


===========================================================================================
===========================================================================================
S9:
	q_c:	391.0	315.5	18.5
	ub :	411.8965	337.6951	44.9656
	lb :	372.2139	288.6496	4.769

	==================================================================================
	Q1:
		Shape: Hybrid
		q_c:	399.0	302.5	19.0
		ub :	407.7116	309.4839	27.3587
		lb :	390.2884	295.5161	10.6413
		P^-1:
			0.0426	0.009	-0.0262
			0.009	0.0779	-0.0326
			-0.0262	-0.0326	0.0605
		A:
			-0.357	-0.9312	-0.0742
			-0.326	-0.8354	0.4425
			0.1808	0.564	-0.8058
			-0.2144	0.4781	-0.8518
			0.4821	0.0215	-0.8758
			0.3901	0.8957	-0.2136
		b:
			-422.2214
			-372.6892
			229.3543
			46.1843
			184.7601
			424.9144
	==================================================================================
	Q2:
		Shape: Polyhedra
		q_c:	397.5	329.5	32.0
		ub :	408.3885	337.2647	43.9064
		lb :	386.6115	321.7353	20.0936
		A:
			-0.4358	0.9	0.0034
			0.968	0.2508	-0.0045
			-0.1532	0.9628	0.2225
			-0.468	0.8835	0.0173
			-0.2235	0.8688	0.4418
			0.2587	-0.9563	-0.1365
			0.7849	0.2895	0.5478
			0.4325	0.3771	-0.819
			-0.4437	0.8798	0.1708
			-0.7849	-0.2895	-0.5478
			-0.4325	-0.3771	0.819
			0.4437	-0.8798	-0.1708
		b:
			126.2858
			475.0756
			266.7953
			108.4373
			215.1014
			-213.6534
			432.4269
			278.964
			121.4835
			-417.4269
			-260.964
			-116.4835
	==================================================================================
	Q3:
		Shape: Hybrid
		q_c:	385.0	315.5	19.0
		ub :	389.6867	322.1433	25.5838
		lb :	380.3133	308.8567	12.4162
		P^-1:
			0.1189	0.0603	0.0614
			0.0603	0.1153	0.0802
			0.0614	0.0802	0.1113
		A:
			-0.7398	-0.6656	-0.098
			0.1927	0.9048	0.3796
			0.5274	0.5819	0.6191
			0.9484	0.2957	-0.1143
			-0.7154	-0.1221	-0.6879
			-0.3949	-0.2897	-0.8719
		b:
			-494.6033
			368.8367
			399.4102
			458.8405
			-325.0217
			-258.0311
	==================================================================================
	Q4:
		Shape: Ellipse
		q_c:	402.0	315.5	26.0
		ub :	411.8965	325.5657	34.137
		lb :	392.1035	305.4343	17.863
		P^-1:
			0.0288	-0.0011	0.0017
			-0.0011	0.0291	-0.002
			0.0017	-0.002	0.0308
	==================================================================================
	Q5:
		Shape: Ellipse
		q_c:	385.5	302.5	17.0
		ub :	398.7861	316.3504	29.231
		lb :	372.2139	288.6496	4.769
		P^-1:
			0.0148	-0.0012	0.0002
			-0.0012	0.0156	-0.0012
			0.0002	-0.0012	0.0169
	==================================================================================
	Q6:
		Shape: Polyhedra
		q_c:	389.0	327.0	34.5
		ub :	397.9355	337.6951	44.9656
		lb :	380.0645	316.3049	24.0344
		A:
			-0.6018	0.3966	0.6932
			0.4535	-0.3034	-0.838
			-0.0851	-0.4629	0.8823
			-0.9789	0.1985	-0.0489
			0.5828	0.7422	-0.331
			-0.2994	-0.298	-0.9064
			0.7026	0.5523	0.4487
			0.0736	-0.6836	0.7261
			0.7078	-0.4771	-0.5209
			-0.7026	-0.5523	-0.4487
			-0.0736	0.6836	-0.7261
			-0.7078	0.4771	0.5209
		b:
			-75.4009
			53.6607
			-147.6412
			-311.6651
			464.6311
			-238.574
			476.3862
			-163.3524
			106.3261
			-462.3862
			176.3524
			-96.3261


===========================================================================================
===========================================================================================
S10:
	q_c:	165.0	193.5	59.5
	ub :	187.2644	204.2699	88.659
	lb :	146.3348	167.1541	42.3013

	==================================================================================
	Q1:
		Shape: Hybrid
		q_c:	178.5	182.0	60.0
		ub :	186.0898	189.8092	66.3361
		lb :	170.9102	174.1908	53.6639
		P^-1:
			0.064	0.0208	0.0101
			0.0208	0.0349	0.0091
			0.0101	0.0091	0.0558
		A:
			-0.7728	-0.5884	-0.2379
			0.4371	0.1622	0.8847
			-0.3759	-0.3078	-0.874
			0.0195	0.5016	-0.8649
			-0.5633	-0.7613	0.321
			-0.9011	0.4302	0.0546
		b:
			-257.3904
			162.7978
			-173.4684
			46.2846
			-216.8944
			-75.4407
	==================================================================================
	Q2:
		Shape: Ellipse
		q_c:	174.5	182.0	76.0
		ub :	187.2644	196.8459	88.659
		lb :	161.7356	167.1541	63.341
		P^-1:
			0.0156	-0.0077	-0.0022
			-0.0077	0.0153	0.0012
			-0.0022	0.0012	0.0114
	==================================================================================
	Q3:
		Shape: Hybrid
		q_c:	175.5	190.5	73.0
		ub :	187.0497	203.52	82.7604
		lb :	163.9503	177.48	63.2396
		P^-1:
			0.035	-0.006	-0.0225
			-0.006	0.0112	0.002
			-0.0225	0.002	0.0432
		A:
			-0.726	0.6018	0.3328
			-0.484	0.6724	0.56
			0.8207	-0.5447	-0.1722
			0.9993	-0.0244	-0.0286
			-0.2612	0.3397	0.9036
			0.783	0.0334	-0.6212
		b:
			15.6559
			88.7914
			31.8764
			173.3436
			88.5353
			100.957
	==================================================================================
	Q4:
		Shape: Hybrid
		q_c:	166.5	187.0	50.5
		ub :	178.3503	198.3391	58.6987
		lb :	154.6497	175.6609	42.3013
		P^-1:
			0.0198	0.0162	-0.0125
			0.0162	0.0575	-0.0639
			-0.0125	-0.0639	0.1164
		A:
			0.3011	-0.632	0.7141
			-0.5567	-0.5354	-0.6351
			0.0411	0.0605	-0.9973
			0.0984	-0.6533	0.7507
			0.271	0.693	0.6681
			0.4717	-0.4046	0.7834
		b:
			-28.4823
			-219.5896
			-28.9537
			-65.5329
			214.5894
			46.2659
	==================================================================================
	Q5:
		Shape: Polyhedra
		q_c:	152.0	199.0	61.0
		ub :	157.6652	204.2699	65.3775
		lb :	146.3348	193.7301	56.6225
		A:
			-0.0155	0.5309	-0.8473
			0.5084	0.2881	-0.8115
			0.2462	0.9108	0.3313
			-0.2461	-0.1051	0.9635
			0.1249	-0.3185	0.9397
			-0.6696	0.5616	0.4861
			0.4402	0.2505	0.8622
			-0.7544	-0.4175	0.5065
			0.4869	-0.8735	0.0052
			-0.4402	-0.2505	-0.8622
			0.7544	0.4175	-0.5065
			-0.4869	0.8735	-0.0052
		b:
			54.9445
			88.5351
			242.1999
			3.7236
			16.1098
			43.103
			172.3608
			-163.3591
			-96.0036
			-166.3608
			170.3591
			103.0036
	==================================================================================
	Q6:
		Shape: Polyhedra
		q_c:	158.0	182.0	76.0
		ub :	165.6138	189.0754	83.616
		lb :	150.3862	174.9246	68.384
		A:
			-0.882	0.3515	0.314
			0.4601	-0.7468	-0.4802
			0.7932	-0.5038	-0.3422
			0.4615	-0.7035	0.5405
			0.2141	-0.8917	-0.3987
			-0.7108	-0.6871	0.1504
			0.7563	0.4412	0.4831
			-0.3418	-0.3631	0.8668
			0.5578	-0.8207	-0.1238
			-0.7563	-0.4412	-0.4831
			0.3418	0.3631	-0.8668
			-0.5578	0.8207	0.1238
		b:
			-47.3308
			-95.9015
			11.5593
			-9.6558
			-154.9266
			-220.7536
			241.5056
			-48.7132
			-67.14
			-231.5056
			59.7132
			74.14


===========================================================================================
===========================================================================================
S11:
	q_c:	173.5	236.5	118.5
	ub :	197.7308	264.8619	146.2062
	lb :	144.9846	215.979	105.7987

	==================================================================================
	Q1:
		Shape: Ellipse
		q_c:	156.5	230.0	129.5
		ub :	168.0154	240.8942	141.9599
		lb :	144.9846	219.1058	117.0401
		P^-1:
			0.0156	0.0001	-0.0
			0.0001	0.0112	0.0006
			-0.0	0.0006	0.0155
	==================================================================================
	Q2:
		Shape: Polyhedra
		q_c:	169.0	228.5	128.0
		ub :	177.9008	241.021	138.6355
		lb :	160.0992	215.979	117.3645
		A:
			0.3329	0.659	-0.6744
			0.7496	-0.3759	0.5448
			-0.9476	0.3067	0.0888
			0.28	0.3376	0.8987
			0.2329	-0.6092	0.7581
			-0.2509	-0.4415	0.8615
			0.9478	0.305	0.093
			0.1058	-0.576	0.8106
			0.3009	-0.7584	-0.5782
			-0.9478	-0.305	-0.093
			-0.1058	0.576	-0.8106
			-0.3009	0.7584	0.5782
		b:
			125.624
			116.0556
			-71.2174
			247.6769
			2.2769
			-27.5205
			247.2867
			-4.9715
			-185.9613
			-236.2867
			14.9715
			206.9613
	==================================================================================
	Q3:
		Shape: Polyhedra
		q_c:	170.5	252.0	129.0
		ub :	179.4029	264.8619	141.3469
		lb :	161.5971	239.1381	116.6531
		A:
			-0.6836	0.201	-0.7017
			-0.9223	-0.0385	0.3846
			0.5973	-0.2076	0.7747
			-0.8949	-0.3684	0.2521
			-0.6782	0.1737	0.714
			-0.6271	-0.7177	-0.3027
			0.0609	0.7605	0.6465
			0.4627	0.5524	-0.6934
			-0.8844	0.3414	-0.3182
			-0.0609	-0.7605	-0.6465
			-0.4627	-0.5524	0.6934
			0.8844	-0.3414	0.3182
		b:
			-149.4747
			-111.2029
			156.4599
			-206.8501
			27.5755
			-318.1959
			295.4294
			134.1383
			-99.3182
			-275.4294
			-123.1383
			112.3182
	==================================================================================
	Q4:
		Shape: Polyhedra
		q_c:	185.0	242.0	130.0
		ub :	194.105	251.5343	136.9588
		lb :	175.895	232.4657	123.0412
		A:
			0.544	0.6964	-0.4681
			0.7772	-0.0772	0.6245
			-0.6332	0.2317	0.7385
			-0.0939	-0.7889	0.6073
			0.2629	0.5281	0.8074
			-0.2098	0.2388	0.9481
			0.0729	0.2487	0.9658
			-0.1915	0.9539	-0.2312
			-0.9788	-0.1681	0.1171
			-0.0729	-0.2487	-0.9658
			0.1915	-0.9539	0.2312
			0.9788	0.1681	-0.1171
		b:
			215.6859
			212.7197
			41.0488
			-122.1995
			286.4164
			147.0469
			203.7302
			172.8482
			-199.0341
			-194.7302
			-157.8482
			214.0341
	==================================================================================
	Q5:
		Shape: Ellipse
		q_c:	186.0	240.5	135.0
		ub :	197.7308	248.3175	146.2062
		lb :	174.2692	232.6825	123.7938
		P^-1:
			0.0708	-0.1013	0.0069
			-0.1013	0.1927	0.0014
			0.0069	0.0014	0.0193
	==================================================================================
	Q6:
		Shape: Polyhedra
		q_c:	180.0	251.0	112.5
		ub :	185.7862	258.1693	119.2013
		lb :	174.2138	243.8307	105.7987
		A:
			-0.3176	-0.6953	-0.6448
			-0.3661	-0.1633	-0.9161
			0.7996	0.0092	0.6005
			0.0428	-0.3513	-0.9353
			-0.3439	-0.7599	-0.5515
			0.275	0.5408	0.7949
			0.223	0.5535	0.8024
			-0.0558	0.8291	-0.5564
			-0.9732	0.0793	0.2158
			-0.223	-0.5535	-0.8024
			0.0558	-0.8291	0.5564
			0.9732	-0.0793	-0.2158
		b:
			-301.3986
			-206.4534
			218.1661
			-182.6231
			-311.5357
			277.1801
			271.8449
			141.9643
			-125.9961
			-266.8449
			-128.9643
			135.9961


===========================================================================================
===========================================================================================
S12:
	q_c:	93.5	453.5	28.5
	ub :	112.7019	471.0061	45.1722
	lb :	71.9936	442.4523	10.3439

	==================================================================================
	Q1:
		Shape: Polyhedra
		q_c:	104.0	450.0	20.0
		ub :	112.7019	457.1456	29.6561
		lb :	95.2981	442.8544	10.3439
		A:
			-0.9379	0.0645	0.341
			-0.8587	0.3618	0.3629
			-0.2241	0.8818	0.415
			-0.9243	-0.2934	-0.2442
			-0.4171	0.884	0.211
			0.7938	0.5872	-0.1584
			0.1973	0.9257	0.3227
			0.8057	0.0344	-0.5913
			-0.5584	0.3767	-0.7391
			-0.1973	-0.9257	-0.3227
			-0.8057	-0.0344	0.5913
			0.5584	-0.3767	0.7391
		b:
			-56.8726
			85.7091
			386.394
			-227.3283
			363.7836
			348.1794
			448.0387
			91.9531
			104.1509
			-439.0387
			-82.9531
			-89.1509
	==================================================================================
	Q2:
		Shape: Ellipse
		q_c:	99.5	461.5	37.0
		ub :	109.6713	471.0061	45.1722
		lb :	89.3287	451.9939	28.8278
		P^-1:
			0.0508	0.0089	0.0434
			0.0089	0.031	0.0201
			0.0434	0.0201	0.0709
	==================================================================================
	Q3:
		Shape: Polyhedra
		q_c:	87.5	452.5	39.5
		ub :	95.6117	459.0829	43.0743
		lb :	79.3883	445.9171	35.9257
		A:
			-0.4169	-0.66	0.625
			-0.2438	0.1176	-0.9627
			0.1803	0.7689	-0.6134
			0.1325	-0.3783	0.9161
			-0.0981	0.4578	-0.8836
			-0.1629	-0.4771	0.8636
			0.4573	0.8706	0.1812
			0.8741	-0.4025	-0.272
			-0.1639	0.2828	-0.9451
			-0.4573	-0.8706	-0.1812
			-0.8741	0.4025	0.272
			0.1639	-0.2828	0.9451
		b:
			-307.1493
			-4.9183
			342.1584
			-122.3246
			164.9333
			-193.9617
			445.1356
			-109.4037
			77.3043
			-437.1356
			123.4037
			-75.3043
	==================================================================================
	Q4:
		Shape: Hybrid
		q_c:	94.0	461.5	30.0
		ub :	102.161	469.43	38.5423
		lb :	85.839	453.57	21.4577
		P^-1:
			0.0541	0.0233	-0.0023
			0.0233	0.0608	0.0095
			-0.0023	0.0095	0.0304
		A:
			0.7187	0.5827	0.3793
			0.9872	0.1542	-0.0414
			0.576	0.4903	-0.6541
			-0.9085	-0.4177	-0.0117
			-0.8585	-0.3917	0.331
			0.6678	-0.0243	0.744
		b:
			350.0546
			165.3691
			263.9173
			-276.3638
			-249.207
			78.0287
	==================================================================================
	Q5:
		Shape: Ellipse
		q_c:	101.0	449.5	26.0
		ub :	107.9553	456.5477	29.5355
		lb :	94.0447	442.4523	22.4645
		P^-1:
			0.0478	0.0018	0.0168
			0.0018	0.0473	-0.0194
			0.0168	-0.0194	0.1542
	==================================================================================
	Q6:
		Shape: Ellipse
		q_c:	82.0	456.0	27.5
		ub :	92.0064	464.8596	36.7374
		lb :	71.9936	447.1404	18.2626
		P^-1:
			0.0214	0.0024	0.0067
			0.0024	0.0339	-0.0043
			0.0067	-0.0043	0.0356


===========================================================================================
===========================================================================================
S13:
	q_c:	211.5	44.0	188.5
	ub :	223.4973	52.7404	199.9084
	lb :	204.9806	33.9105	176.3724

	==================================================================================
	Q1:
		Shape: Polyhedra
		q_c:	212.5	41.5	186.5
		ub :	217.8762	46.3602	192.6615
		lb :	207.1238	36.6398	180.3385
		A:
			0.3621	-0.7494	0.5544
			-0.9939	-0.0928	-0.0589
			-0.946	-0.1786	0.2704
			0.7907	0.4909	-0.3658
			0.1042	0.3357	-0.9362
			0.5873	-0.5564	-0.5878
			0.4277	0.4541	0.7816
			0.9031	-0.2515	-0.3481
			0.0385	0.8547	-0.5177
			-0.4277	-0.4541	-0.7816
			-0.9031	0.2515	0.3481
			-0.0385	-0.8547	0.5177
		b:
			151.7155
			-222.101
			-154.4959
			123.3204
			-135.2229
			-4.0527
			260.4912
			120.0596
			-50.9043
			-250.4912
			-113.0596
			54.9043
	==================================================================================
	Q2:
		Shape: Polyhedra
		q_c:	213.0	39.5	181.0
		ub :	218.1407	45.0895	185.6276
		lb :	207.8593	33.9105	176.3724
		A:
			-0.5051	0.4106	0.7591
			-0.4077	-0.7498	-0.5211
			0.9797	0.0212	0.1995
			0.6353	-0.5256	-0.5658
			-0.828	-0.1866	-0.5288
			-0.0147	-0.7167	0.6972
			0.0725	0.2427	0.9674
			-0.5981	0.7868	-0.1526
			-0.7982	-0.5675	0.2022
			-0.0725	-0.2427	-0.9674
			0.5981	-0.7868	0.1526
			0.7982	0.5675	-0.2022
		b:
			49.5185
			-207.274
			249.1158
			15.6488
			-275.9449
			98.2564
			203.6333
			-120.4226
			-152.3207
			-196.6333
			127.4226
			159.3207
	==================================================================================
	Q3:
		Shape: Polyhedra
		q_c:	217.0	49.5	184.5
		ub :	222.3057	52.7404	189.7758
		lb :	211.6943	46.2596	179.2242
		A:
			0.0799	-0.0426	0.9959
			0.1699	-0.8707	-0.4616
			-0.2351	0.6759	-0.6985
			0.0048	0.7163	-0.6977
			0.8994	-0.4371	0.0046
			0.2007	-0.8658	0.4584
			0.6984	0.3785	0.6074
			-0.6618	0.0185	0.7494
			0.2725	-0.9254	0.2634
			-0.6984	-0.3785	-0.6074
			0.6618	-0.0185	-0.7494
			-0.2725	0.9254	-0.2634
		b:
			202.3389
			-88.5863
			-143.9998
			-89.7022
			177.3461
			87.3626
			285.8579
			-0.9282
			63.9186
			-278.8579
			7.9282
			-59.9186
	==================================================================================
	Q4:
		Shape: Ellipse
		q_c:	215.5	44.5	196.0
		ub :	219.9147	48.9497	199.9084
		lb :	211.0853	40.0503	192.0916
		P^-1:
			0.1095	0.0324	-0.0251
			0.0324	0.204	-0.1656
			-0.0251	-0.1656	0.3236
	==================================================================================
	Q5:
