3D_40_11_6_f                l = 3

===========================================================================================
===========================================================================================
S1:
	q_c:	150.5	368.5	364.5
	ub :	166.5411	390.7047	376.1073
	lb :	129.7204	358.1172	342.8891

	==================================================================================
	Q1:
		Shape: Ellipse
		q_c:	142.0	369.0	366.5
		ub :	149.9292	373.8575	374.4013
		lb :	134.0708	364.1425	358.5987
		P^-1:
			0.0377	-0.0083	-0.0019
			-0.0083	0.0785	-0.0085
			-0.0019	-0.0085	0.0385
	==================================================================================
	Q2:
		Shape: Ellipse
		q_c:	157.5	365.0	368.0
		ub :	164.7593	371.8828	374.8953
		lb :	150.2407	358.1172	361.1047
		P^-1:
			0.0616	-0.0017	0.0171
			-0.0017	0.0664	-0.015
			0.0171	-0.015	0.0492
	==================================================================================
	Q3:
		Shape: Ellipse
		q_c:	157.5	382.5	361.0
		ub :	163.0498	387.5878	365.034
		lb :	151.9502	377.4122	356.966
		P^-1:
			0.088	0.0247	-0.023
			0.0247	0.0939	0.0004
			-0.023	0.0004	0.1517
	==================================================================================
	Q4:
		Shape: Polyhedra
		q_c:	159.5	375.0	372.5
		ub :	166.5411	382.0484	376.1073
		lb :	152.4589	367.9516	368.8927
		A:
			0.2486	0.6276	0.7378
			-0.8703	-0.4373	0.2265
			-0.8532	0.4536	-0.2574
			0.1349	0.3506	-0.9268
			-0.7632	-0.2996	-0.5726
			-0.0621	0.1864	-0.9805
			0.656	0.6409	0.3986
			-0.7085	0.7049	0.0327
			-0.2601	-0.3039	0.9165
			-0.656	-0.6409	-0.3986
			0.7085	-0.7049	-0.0327
			0.2601	0.3039	-0.9165
		b:
			553.7054
			-214.7571
			-56.6298
			-190.1204
			-443.2671
			-302.8737
			497.4558
			169.0093
			187.9774
			-489.4558
			-158.0093
			-183.9774
	==================================================================================
	Q5:
		Shape: Hybrid
		q_c:	146.5	379.5	354.0
		ub :	155.6037	390.7047	365.1109
		lb :	137.3963	368.2953	342.8891
		P^-1:
			0.0204	0.0001	-0.0001
			0.0001	0.0197	0.0012
			-0.0001	0.0012	0.0185
		A:
			0.5204	-0.7979	-0.3043
			0.846	-0.1539	0.5104
			0.4751	-0.3843	-0.7916
			-0.9849	-0.1443	-0.096
			0.1323	-0.5826	-0.8019
			0.4884	-0.756	0.4358
		b:
			-330.7822
			249.8772
			-352.8466
			-229.5318
			-482.0215
			-57.2851
	==================================================================================
	Q6:
		Shape: Ellipse
		q_c:	137.0	369.0	367.0
		ub :	144.2796	375.8235	375.002
		lb :	129.7204	362.1765	358.998
		P^-1:
			0.037	-0.0024	-0.0066
			-0.0024	0.0489	-0.0013
			-0.0066	-0.0013	0.0459


===========================================================================================
===========================================================================================
S2:
	q_c:	65.0	371.0	130.5
	ub :	93.4134	395.4911	149.4462
	lb :	40.3297	349.486	107.5424

	==================================================================================
	Q1:
		Shape: Ellipse
		q_c:	69.0	380.0	121.0
		ub :	77.9953	387.9257	129.7016
		lb :	60.0047	372.0743	112.2984
		P^-1:
			0.0283	0.0128	-0.0018
			0.0128	0.0412	-0.0025
			-0.0018	-0.0025	0.0159
	==================================================================================
	Q2:
		Shape: Polyhedra
		q_c:	58.5	373.0	133.5
		ub :	66.2976	378.1156	141.0166
		lb :	50.7024	367.8844	125.9834
		A:
			0.3887	-0.8946	-0.2203
			0.339	0.6178	0.7095
			-0.4529	-0.6563	0.6034
			0.1272	-0.9046	-0.4067
			0.2406	0.9674	0.0786
			-0.6393	0.769	0.0012
			0.3577	0.9333	0.0313
			0.8994	-0.3353	-0.2803
			-0.2511	0.1284	-0.9594
			-0.3577	-0.9333	-0.0313
			-0.8994	0.3353	0.2803
			0.2511	-0.1284	0.9594
		b:
			-335.759
			349.5209
			-186.3876
			-380.2409
			388.0209
			254.9741
			375.736
			-103.864
			-88.8595
			-370.736
			115.864
			100.8595
	==================================================================================
	Q3:
		Shape: Ellipse
		q_c:	68.0	371.5	137.5
		ub :	76.2348	385.0739	149.4462
		lb :	59.7652	357.9261	125.5538
		P^-1:
			0.0913	0.0296	0.0275
			0.0296	0.0209	0.0059
			0.0275	0.0059	0.025
	==================================================================================
	Q4:
		Shape: Hybrid
		q_c:	60.5	385.5	136.5
		ub :	68.1304	395.4911	146.3368
		lb :	52.8696	375.5089	126.6632
		P^-1:
			0.0564	0.0188	0.0115
			0.0188	0.0357	0.024
			0.0115	0.024	0.0434
		A:
			0.1746	-0.6546	-0.7356
			-0.3862	-0.6624	-0.6419
			0.4058	-0.8582	-0.3144
			-0.9689	-0.188	-0.1607
			-0.9754	-0.2189	0.0259
			-0.918	-0.051	0.3932
		b:
			-339.3791
			-364.3902
			-344.6631
			-150.6304
			-137.3394
			-18.4632
	==================================================================================
	Q5:
		Shape: Hybrid
		q_c:	52.5	378.5	133.0
		ub :	64.6703	391.9213	144.1198
		lb :	40.3297	365.0787	121.8802
		P^-1:
			0.0136	-0.0029	-0.0016
			-0.0029	0.0169	-0.0034
			-0.0016	-0.0034	0.0219
		A:
			0.575	-0.383	-0.723
			-0.5896	0.0248	0.8073
			-0.5406	0.8189	0.1928
			-0.1139	0.4896	0.8645
			0.4976	0.6095	-0.6171
			-0.3271	-0.6536	-0.6825
		b:
			-206.8951
			89.6685
			311.4513
			298.685
			179.0563
			-349.7963
	==================================================================================
	Q6:
		Shape: Ellipse
		q_c:	82.0	358.0	119.0
		ub :	93.4134	366.514	130.4576
		lb :	70.5866	349.486	107.5424
		P^-1:
			0.0251	-0.0035	0.0096
			-0.0035	0.0342	-0.0053
			0.0096	-0.0053	0.0223


===========================================================================================
===========================================================================================
S3:
	q_c:	210.0	200.5	307.5
	ub :	234.2934	229.0184	329.4858
	lb :	187.6905	173.4371	283.7729

	==================================================================================
	Q1:
		Shape: Polyhedra
		q_c:	211.5	218.5	319.5
		ub :	222.8361	229.0184	328.4581
		lb :	200.1639	207.9816	310.5419
		A:
			-0.5285	0.5049	0.6824
			0.6647	0.7217	0.1932
			0.5365	0.1775	-0.825
			-0.1472	-0.8668	-0.4764
			-0.2255	-0.6471	-0.7283
			0.2645	-0.7655	0.5865
			0.0878	0.6079	0.7891
			-0.7597	0.5533	-0.3416
			-0.6443	-0.5695	0.5104
			-0.0878	-0.6079	-0.7891
			0.7597	-0.5533	0.3416
			0.6443	0.5695	-0.5104
		b:
			221.7516
			366.9747
			-103.4057
			-368.6182
			-418.9649
			83.7491
			406.0346
			-141.9453
			-88.6209
			-401.0346
			155.9453
			106.6209
	==================================================================================
	Q2:
		Shape: Hybrid
		q_c:	215.5	182.0	312.5
		ub :	223.4857	190.5629	320.3994
		lb :	207.5143	173.4371	304.6006
		P^-1:
			0.0178	0.0004	0.0002
			0.0004	0.024	-0.0012
			0.0002	-0.0012	0.0274
		A:
			-0.403	-0.3024	0.8638
			0.601	-0.499	-0.6244
			0.1722	-0.518	-0.8379
			0.4029	-0.8481	0.3443
			0.9104	0.3971	-0.116
			0.3002	0.8887	0.3465
		b:
			131.3104
			-152.5634
			-315.6411
			43.6007
			236.4829
			338.2764
	==================================================================================
	Q3:
		Shape: Polyhedra
		q_c:	198.5	200.5	318.0
		ub :	209.3095	210.2376	329.4858
		lb :	187.6905	190.7624	306.5142
		A:
			0.7826	0.0141	0.6224
			-0.1994	-0.1212	-0.9724
			0.4924	0.5823	0.6468
			0.5363	-0.1247	0.8348
			-0.7866	0.4352	-0.438
			0.0976	-0.5148	-0.8517
			0.4627	0.6676	0.5833
			-0.2791	0.7342	-0.6188
			-0.8414	0.1235	0.5261
			-0.4627	-0.6676	-0.5833
			0.2791	-0.7342	0.6188
			0.8414	-0.1235	-0.5261
		b:
			362.3834
			-366.7995
			425.7191
			353.3176
			-201.2014
			-348.3855
			416.6901
			-97.9879
			32.5348
			-405.6901
			111.9879
			-17.5348
	==================================================================================
	Q4:
		Shape: Ellipse
		q_c:	221.5	208.0	296.0
		ub :	234.2934	218.0139	308.2271
		lb :	208.7066	197.9861	283.7729
		P^-1:
			0.0152	-0.0046	0.0077
			-0.0046	0.0352	-0.0154
			0.0077	-0.0154	0.0278
	==================================================================================
	Q5:
		Shape: Polyhedra
		q_c:	205.5	214.0	314.0
		ub :	210.654	219.3498	320.1751
		lb :	200.346	208.6502	307.8249
		A:
			-0.858	0.4245	-0.2892
			0.2771	0.9433	-0.183
			-0.5679	-0.3674	0.7365
			0.2641	0.9124	0.3127
			0.087	-0.7474	0.6586
			-0.4209	0.9031	-0.0853
			0.5857	0.2953	0.7548
			-0.1507	-0.8753	0.4594
			0.7964	-0.3828	-0.4682
			-0.5857	-0.2953	-0.7548
			0.1507	0.8753	-0.4594
			-0.7964	0.3828	0.4682
		b:
			-172.8003
			204.9519
			39.0779
			351.6182
			68.36
			83.1326
			425.0735
			-70.5241
			-62.7735
			-416.0735
			77.5241
			67.7735
	==================================================================================
	Q6:
		Shape: Polyhedra
		q_c:	217.0	188.0	304.5
		ub :	228.5971	198.7344	315.6707
		lb :	205.4029	177.2656	293.3293
		A:
			0.1439	-0.8741	0.4639
			-0.3128	-0.6474	-0.695
			0.1086	-0.1718	-0.9791
			-0.964	0.2303	0.1327
			-0.8567	0.1768	-0.4846
			0.997	-0.0414	-0.0656
			0.7926	0.1688	0.5858
			-0.5419	-0.2452	0.8039
			0.2794	-0.9547	-0.1028
			-0.7926	-0.1688	-0.5858
			0.5419	0.2452	-0.8039
			-0.2794	0.9547	0.1028
		b:
			16.1836
			-394.2858
			-299.0193
			-118.0676
			-293.9294
			195.7391
			388.1359
			89.5868
			-142.1678
			-376.1359
			-72.5868
			158.1678


===========================================================================================
===========================================================================================
S4:
	q_c:	168.0	504.0	254.0
	ub :	177.9333	518.1077	267.7935
	lb :	154.6652	492.9194	241.9556

	==================================================================================
	Q1:
		Shape: Ellipse
		q_c:	169.0	500.5	262.0
		ub :	172.9545	505.7457	267.7935
		lb :	165.0455	495.2543	256.2065
		P^-1:
			0.4943	0.4099	0.2245
			0.4099	0.4467	0.2196
			0.2245	0.2196	0.1709
	==================================================================================
	Q2:
		Shape: Polyhedra
		q_c:	162.5	501.0	247.0
		ub :	167.6268	506.2428	252.0444
		lb :	157.3732	495.7572	241.9556
		A:
			0.1351	-0.1165	-0.984
			0.7304	0.5275	-0.4339
			-0.1862	-0.9653	0.1829
			-0.1588	-0.892	0.4231
			0.6651	0.3983	0.6316
			-0.1568	-0.2123	-0.9645
			0.7429	0.1135	0.6597
			-0.5068	-0.5485	0.6651
			0.4373	-0.8284	-0.35
			-0.7429	-0.1135	-0.6597
			0.5068	0.5485	-0.6651
			-0.4373	0.8284	0.35
		b:
			-276.3276
			278.7772
			-465.266
			-364.9131
			466.2709
			-367.1502
			343.0141
			-189.8545
			-426.4341
			-338.0141
			195.8545
			434.4341
	==================================================================================
	Q3:
		Shape: Polyhedra
		q_c:	162.0	505.5	249.5
		ub :	169.3348	512.8873	254.2503
		lb :	154.6652	498.1127	244.7497
		A:
			-0.1156	0.4339	0.8935
			0.606	-0.2122	0.7666
			0.6575	-0.4218	-0.6243
			-0.958	0.2586	0.124
			-0.3746	0.9069	0.1931
			-0.5202	0.7447	-0.4182
			0.7412	0.6692	0.0531
			0.6474	-0.6915	-0.3204
			-0.1777	0.2719	-0.9458
			-0.7412	-0.6692	-0.0531
			-0.6474	0.6915	0.3204
			0.1777	-0.2719	0.9458
		b:
			427.2416
			186.0656
			-258.8694
			10.8251
			449.7916
			191.3663
			477.6136
			-321.1386
			-123.8379
			-465.6136
			328.1386
			130.8379
	==================================================================================
	Q4:
		Shape: Polyhedra
		q_c:	167.5	512.5	253.0
		ub :	172.667	518.1077	258.3208
		lb :	162.333	506.8923	247.6792
		A:
			-0.0052	0.3361	-0.9418
			-0.4429	0.7834	0.436
			0.4613	0.8872	0.0098
			-0.893	-0.411	0.1834
			-0.8204	0.0212	-0.5714
			0.3296	0.7203	0.6103
			0.6428	0.6319	0.433
			0.7651	-0.5007	-0.405
			-0.0391	0.5916	-0.8053
			-0.6428	-0.6319	-0.433
			-0.7651	0.5007	0.405
			0.0391	-0.5916	0.8053
		b:
			-63.8152
			441.8253
			537.0989
			-310.5182
			-268.0801
			581.6234
			543.5858
			-226.4002
			95.913
			-538.5858
			235.4002
			-89.913
	==================================================================================
	Q5:
		Shape: Ellipse
		q_c:	171.5	505.0	261.5
		ub :	177.9333	508.2473	266.9595
		lb :	165.0667	501.7527	256.0405
		P^-1:
			0.07	0.0833	-0.0159
			0.0833	0.409	0.0787
			-0.0159	0.0787	0.1096
	==================================================================================
	Q6:
		Shape: Ellipse
		q_c:	165.0	499.0	261.5
		ub :	170.193	505.0806	267.1373
		lb :	159.807	492.9194	255.8627
		P^-1:
			0.1572	0.1061	0.016
			0.1061	0.1239	0.0129
			0.016	0.0129	0.042


===========================================================================================
===========================================================================================
S5:
	q_c:	394.0	427.0	119.5
	ub :	406.9376	443.8589	139.3669
	lb :	379.5755	426.1411	106.3397

	==================================================================================
	Q1:
		Shape: Hybrid
		q_c:	386.5	433.5	112.0
		ub :	393.4245	440.2547	116.8514
		lb :	379.5755	426.7453	107.1486
		P^-1:
			0.0734	0.045	-0.0203
			0.045	0.085	-0.0343
			-0.0203	-0.0343	0.1162
		A:
			-0.2311	0.9723	-0.0347
			-0.8211	-0.5447	0.1706
			0.7791	0.6181	0.1047
			-0.0426	0.6093	0.7918
			0.889	0.1144	0.4435
			0.6384	0.7673	-0.0609
		b:
			331.8858
			-532.596
			582.704
			339.2704
			445.6815
			574.2296
	==================================================================================
	Q2:
		Shape: Hybrid
		q_c:	402.0	433.0	110.5
		ub :	406.4274	437.2425	114.6603
		lb :	397.5726	428.7575	106.3397
		P^-1:
			0.0748	-0.0304	-0.0351
			-0.0304	0.1632	0.0623
			-0.0351	0.0623	0.1856
		A:
			0.3957	0.8376	-0.3765
			-0.1267	-0.6509	0.7485
			-0.0586	-0.2542	-0.9654
			0.4928	0.1305	-0.8603
			0.353	0.0099	0.9356
			0.4911	-0.4038	-0.7718
		b:
			482.396
			-248.0995
			-238.8861
			161.2831
			251.598
			-61.4939
	==================================================================================
	Q3:
		Shape: Polyhedra
		q_c:	395.0	437.0	120.5
		ub :	398.1356	441.938	125.6059
		lb :	391.8644	432.062	115.3941
		A:
			-0.5821	-0.5503	-0.5986
			0.1331	0.7403	0.659
			0.277	0.9122	0.3018
			0.6582	0.4057	-0.6342
			-0.9739	0.1703	0.1501
			0.7628	0.6135	-0.2045
			0.0351	0.7261	0.6867
			-0.0135	0.6874	-0.7261
			-0.9993	0.0162	0.0339
			-0.0351	-0.7261	-0.6867
			0.0135	-0.6874	0.7261
			0.9993	-0.0162	-0.0339
		b:
			-540.1843
			457.4999
			547.2225
			365.0142
			-289.1968
			548.4146
			415.9087
			212.5836
			-380.5399
			-411.9087
			-202.5836
			386.5399
	==================================================================================
	Q4:
		Shape: Ellipse
		q_c:	401.0	437.5	134.5
		ub :	403.8846	441.7392	139.3669
		lb :	398.1154	433.2608	129.6331
		P^-1:
			0.8047	0.1233	0.326
			0.1233	0.2344	0.1608
			0.326	0.1608	0.2603
	==================================================================================
	Q5:
		Shape: Hybrid
		q_c:	395.0	435.0	117.0
		ub :	399.7983	438.8191	121.9185
		lb :	390.2017	431.1809	112.0815
		P^-1:
			0.1356	0.0172	0.0978
			0.0172	0.1118	0.0065
			0.0978	0.0065	0.1631
		A:
			0.0205	0.5617	0.8271
			0.751	0.2579	0.6078
			0.5684	0.2872	0.771
			0.8862	-0.0696	0.458
			0.0881	0.996	0.0146
			-0.3422	-0.9392	0.0301
		b:
			351.4561
			481.067
			440.7405
			374.9201
			471.7587
			-538.2079
	==================================================================================
	Q6:
		Shape: Polyhedra
		q_c:	399.5	435.0	117.0
		ub :	406.9376	443.8589	125.8778
		lb :	392.0624	426.1411	108.1222
		A:
			-0.5508	0.0953	-0.8292
			0.0009	-0.6543	-0.7562
			-0.3344	0.3641	-0.8692
			0.0596	-0.8395	-0.5401
			0.8833	0.286	-0.3715
			-0.5128	-0.76	0.3993
			0.4417	0.5116	0.737
			-0.8915	0.3419	0.297
			-0.1001	-0.7883	0.6071
			-0.4417	-0.5116	-0.737
			0.8915	-0.3419	-0.297
			0.1001	0.7883	-0.6071
		b:
			-270.1156
			-367.3289
			-71.4216
			-399.1987
			439.008
			-483.2731
			490.7399
			-167.6769
			-306.3319
			-479.7399
			177.6769
			317.3319


===========================================================================================
===========================================================================================
S6:
	q_c:	281.0	184.5	467.0
	ub :	289.6946	187.2293	470.4212
	lb :	270.0521	175.75	457.0108

	==================================================================================
	Q1:
		Shape: Ellipse
		q_c:	281.0	184.0	460.5
		ub :	282.4348	186.8929	463.9892
		lb :	279.5652	181.1071	457.0108
		P^-1:
			2.94	-1.3644	-0.5057
			-1.3644	1.5577	0.8249
			-0.5057	0.8249	0.5839
	==================================================================================
	Q2:
		Shape: Ellipse
		q_c:	274.0	184.0	463.0
		ub :	277.9479	187.2293	466.9861
		lb :	270.0521	180.7707	459.0139
		P^-1:
			0.1295	0.0174	0.0416
			0.0174	0.1863	0.0371
			0.0416	0.0371	0.2053
	==================================================================================
	Q3:
		Shape: Hybrid
		q_c:	277.0	180.0	461.0
		ub :	281.036	184.25	464.8365
		lb :	272.964	175.75	457.1635
		P^-1:
			0.112	0.0022	-0.0062
			0.0022	0.1164	-0.0151
			-0.0062	-0.0151	0.1538
		A:
			0.0407	-0.9555	-0.2921
			0.2505	-0.5677	0.7842
			-0.3795	-0.862	0.336
			-0.6765	0.2436	0.6949
			0.3091	-0.02	-0.9508
			-0.6794	-0.7074	0.195
		b:
			-293.6424
			330.0836
			-103.8298
			178.3649
			-354.9588
			-224.0118
	==================================================================================
	Q4:
		Shape: Ellipse
		q_c:	286.5	183.0	461.5
		ub :	289.6946	185.16	464.4043
		lb :	283.3054	180.84	458.5957
		P^-1:
			0.2321	-0.0206	0.122
			-0.0206	0.4425	0.0118
			0.122	0.0118	0.3743
	==================================================================================
	Q5:
		Shape: Polyhedra
		q_c:	282.0	179.0	463.5
		ub :	284.103	181.9516	466.2959
		lb :	279.897	176.0484	460.7041
		A:
			-0.0858	0.5278	0.845
			-0.9893	-0.0245	0.1435
			0.7688	0.4097	0.4911
			-0.6457	0.5185	-0.5605
			0.958	0.2182	-0.1859
			0.7539	-0.294	-0.5876
			0.8989	0.044	0.436
			-0.338	-0.5636	0.7537
			0.2788	-0.8249	-0.4917
			-0.8989	-0.044	-0.436
			0.338	0.5636	-0.7537
			-0.2788	0.8249	0.4917
		b:
			464.222
			-215.5211
			519.0597
			-347.6927
			224.3239
			-110.3281
			464.4345
			154.6626
			-294.4291
			-462.4345
			-151.6626
			299.4291
	==================================================================================
	Q6:
		Shape: Polyhedra
		q_c:	278.5	180.0	466.5
		ub :	281.58	183.4814	470.4212
		lb :	275.42	176.5186	462.5788
		A:
			-0.6423	0.7626	-0.0768
			-0.5353	-0.4855	0.6912
			0.6309	-0.0702	-0.7727
			0.5281	0.7338	-0.4273
			-0.507	-0.4284	0.748
			-0.1673	-0.4592	0.8724
			0.4402	0.5832	0.6827
			-0.1391	0.7955	-0.5898
			-0.8871	0.1646	0.4313
			-0.4402	-0.5832	-0.6827
			0.1391	-0.7955	0.5898
			0.8871	-0.1646	-0.4313
		b:
			-75.8843
			87.4493
			-195.608
			81.7111
			132.1241
			279.4434
			549.5574
			-169.2142
			-14.7026
			-542.5574
			172.2142
			17.7026


===========================================================================================
===========================================================================================
S7:
	q_c:	340.5	378.5	290.0
	ub :	345.0201	385.0982	297.791
	lb :	333.7742	374.4948	284.8469

	==================================================================================
	Q1:
		Shape: Hybrid
		q_c:	342.5	382.0	292.0
		ub :	344.4965	383.8401	293.9356
		lb :	340.5035	380.1599	290.0644
		P^-1:
			0.8369	0.1768	-0.1809
			0.1768	0.8082	0.1962
			-0.1809	0.1962	0.7993
		A:
			0.5177	0.8158	0.2578
			0.3095	-0.876	-0.37
			0.1967	-0.9417	-0.2729
			0.3526	-0.8356	-0.4212
			0.9787	0.0068	-0.2053
			0.0027	0.6215	0.7834
		b:
			564.7282
			-336.0488
			-371.402
			-320.8158
			278.4285
			467.6084
	==================================================================================
	Q2:
		Shape: Ellipse
		q_c:	340.0	378.5	288.5
		ub :	343.5056	382.5052	292.1531
		lb :	336.4944	374.4948	284.8469
		P^-1:
			0.1995	-0.0359	-0.0266
			-0.0359	0.1926	0.0242
			-0.0266	0.0242	0.1779
	==================================================================================
	Q3:
		Shape: Polyhedra
		q_c:	340.5	381.0	294.5
		ub :	343.7916	384.2148	297.791
		lb :	337.2084	377.7852	291.209
		A:
			0.0374	0.9921	0.1194
			-0.2716	-0.9282	-0.2545
			-0.1059	0.4818	-0.8699
			0.8175	-0.5116	0.2644
			-0.8697	-0.4445	-0.2146
			-0.1979	0.5591	-0.8051
			0.6086	0.4936	0.6212
			0.0649	0.7493	-0.659
			-0.7908	0.4414	0.424
			-0.6086	-0.4936	-0.6212
			-0.0649	-0.7493	0.659
			0.7908	-0.4414	-0.424
		b:
			427.8123
			-519.1311
			-107.0772
			163.483
			-526.6136
			-89.8817
			580.2568
			115.0114
			26.2855
			-576.2568
			-112.0114
			-21.2855
	==================================================================================
	Q4:
		Shape: Polyhedra
		q_c:	337.0	378.0	290.5
		ub :	340.2258	381.3253	293.9429
		lb :	333.7742	374.6747	287.0571
		A:
			-0.6249	-0.3787	-0.6827
			0.0826	-0.0732	-0.9939
			0.2271	0.9192	-0.3216
			-0.3207	0.7813	-0.5355
			0.6465	-0.2222	0.7298
			0.734	-0.2898	-0.6142
			0.7243	0.0732	0.6856
			-0.6616	0.3537	0.6611
			-0.1941	-0.9325	0.3046
			-0.7243	-0.0732	-0.6856
			0.6616	-0.3537	-0.6611
			0.1941	0.9325	-0.3046
		b:
			-550.4396
			-286.379
			333.0773
			33.9214
			347.5305
			-38.118
			472.4175
			105.3062
			-326.9098
			-469.4175
			-100.3062
			331.9098
	==================================================================================
	Q5:
		Shape: Hybrid
		q_c:	342.5	380.0	291.5
		ub :	345.0201	382.4266	294.3795
		lb :	339.9799	377.5734	288.6205
		P^-1:
			0.7396	0.0151	0.3668
			0.0151	0.4195	0.127
			0.3668	0.127	0.4454
		A:
			0.4931	0.8485	-0.192
			0.4556	0.781	-0.4272
			0.6857	-0.4859	0.542
			0.5997	-0.7316	-0.3242
			-0.7812	-0.2727	-0.5616
			0.9149	0.1717	0.3654
		b:
			436.8563
			330.0045
			209.0289
			-166.0148
			-534.3761
			485.7109
	==================================================================================
	Q6:
		Shape: Hybrid
		q_c:	339.0	382.5	293.5
		ub :	341.9006	385.0982	296.1605
		lb :	336.0994	379.9018	290.8395
		P^-1:
			0.5254	-0.3674	-0.1293
			-0.3674	0.7098	-0.0417
			-0.1293	-0.0417	0.3692
		A:
			-0.4105	0.7152	0.5656
			-0.4963	0.817	0.2934
			0.6413	-0.4458	-0.6245
			0.1414	-0.5917	0.7937
			-0.5523	0.4912	-0.6735
			-0.3782	0.8671	-0.3243
		b:
			301.2855
			231.0081
			-135.6851
			55.4933
			-195.8887
			108.9042


===========================================================================================
===========================================================================================
S8:
	q_c:	451.5	98.0	54.5
	ub :	485.0011	131.7033	82.3573
	lb :	419.3259	66.1109	25.4436

	==================================================================================
	Q1:
		Shape: Polyhedra
		q_c:	468.5	78.5	61.5
		ub :	479.3202	90.8891	74.4508
		lb :	457.6798	66.1109	48.5492
		A:
			0.4065	-0.9085	-0.0971
			0.9737	-0.2276	0.0106
			0.7251	0.1539	0.6713
			-0.7225	0.6425	0.2554
			0.6054	0.7591	-0.2393
			-0.1335	-0.9724	0.1912
			0.0124	0.773	0.6343
			-0.6107	0.5081	-0.6073
			-0.7917	-0.3799	0.4784
			-0.0124	-0.773	-0.6343
			0.6107	-0.5081	0.6073
			0.7917	0.3799	-0.4784
		b:
			120.8205
			446.7605
			400.9838
			-264.7498
			335.5666
			-119.6718
			112.4976
			-275.0925
			-364.3251
			-98.4976
			292.0925
			378.3251
	==================================================================================
	Q2:
		Shape: Hybrid
		q_c:	436.0	112.5	58.0
		ub :	452.6741	131.1366	74.8037
		lb :	419.3259	93.8634	41.1963
		P^-1:
			0.0099	-0.0038	-0.0036
			-0.0038	0.0105	0.0039
			-0.0036	0.0039	0.0102
		A:
			0.1569	-0.8433	-0.5141
			-0.4725	-0.7919	-0.3868
			0.0305	0.5708	-0.8205
			-0.3856	-0.5482	0.7422
			-0.4079	-0.1331	0.9033
			0.7118	-0.0575	-0.7
		b:
			-51.22
			-309.566
			38.5886
			-178.3786
			-133.6193
			268.8533
	==================================================================================
	Q3:
		Shape: Hybrid
		q_c:	436.5	98.0	57.5
		ub :	450.908	105.5488	63.4209
		lb :	422.092	90.4512	51.5791
		P^-1:
			0.0053	0.0029	0.0021
			0.0029	0.0537	0.0386
			0.0021	0.0386	0.0851
		A:
			0.2635	-0.8122	-0.5205
			-0.2989	-0.947	0.1176
			-0.094	-0.7666	-0.6353
			0.1461	-0.4885	-0.8602
			-0.2059	-0.8247	-0.5267
			-0.0231	-0.1749	-0.9843
		b:
			9.563
			-211.6984
			-150.7598
			-31.2172
			-198.2771
			-81.6696
	==================================================================================
	Q4:
		Shape: Ellipse
		q_c:	461.5	91.5	68.5
		ub :	476.5504	107.4623	82.3573
		lb :	446.4496	75.5377	54.6427
		P^-1:
			0.0128	-0.0063	0.0022
			-0.0063	0.0181	-0.015
			0.0022	-0.015	0.0281
	==================================================================================
	Q5:
		Shape: Ellipse
		q_c:	439.5	112.5	34.5
		ub :	448.1336	120.473	43.5564
		lb :	430.8664	104.527	25.4436
		P^-1:
			0.0311	-0.0084	0.0001
			-0.0084	0.0447	0.0048
			0.0001	0.0048	0.0217
	==================================================================================
	Q6:
		Shape: Hybrid
		q_c:	470.5	116.5	47.5
		ub :	485.0011	131.7033	63.4025
		lb :	455.9989	101.2967	31.5975
		P^-1:
			0.0134	0.002	0.0003
			0.002	0.0121	0.0024
			0.0003	0.0024	0.0115
		A:
			-0.1616	0.9294	0.3318
			0.3272	0.9441	0.0398
			0.635	-0.6455	-0.4245
			0.3675	0.2669	0.8909
			0.4159	0.8699	0.2651
			0.4173	-0.7274	-0.5447
		b:
			52.9871
			270.6595
			208.5609
			251.1663
			313.9182
			90.6787


===========================================================================================
===========================================================================================
S9:
	q_c:	19.0	174.5	327.5
	ub :	36.4375	186.5528	339.6232
	lb :	3.6947	157.0993	316.1843

	==================================================================================
	Q1:
		Shape: Hybrid
		q_c:	31.0	167.5	330.0
		ub :	36.4375	172.3981	332.8343
		lb :	25.5625	162.6019	327.1657
		P^-1:
			0.1153	-0.0998	0.0077
			-0.0998	0.1724	-0.0121
			0.0077	-0.0121	0.1623
		A:
			0.0415	-0.7464	-0.6643
			0.7229	-0.5756	0.3823
			0.5424	0.6107	-0.577
			-0.761	0.6379	-0.118
			-0.1564	0.6156	-0.7724
			-0.5276	0.4837	-0.6984
		b:
			-340.9275
			53.4508
			-68.0666
			45.5666
			-155.1192
			-164.5453
	==================================================================================
	Q2:
		Shape: Ellipse
		q_c:	20.0	169.5	334.0
		ub :	25.005	176.37	339.6232
		lb :	14.995	162.63	328.3768
		P^-1:
			0.5454	-0.0901	-0.4633
			-0.0901	0.0643	0.1043
			-0.4633	0.1043	0.4859
	==================================================================================
	Q3:
		Shape: Ellipse
		q_c:	27.0	164.0	321.5
		ub :	33.3714	170.9007	326.8157
		lb :	20.6286	157.0993	316.1843
		P^-1:
			0.0711	0.0371	-0.0115
			0.0371	0.0703	-0.0058
			-0.0115	-0.0058	0.0653
	==================================================================================
	Q4:
		Shape: Hybrid
		q_c:	25.0	173.0	330.5
		ub :	32.2266	180.3551	338.0283
		lb :	17.7734	165.6449	322.9717
		P^-1:
			0.0401	-0.0018	0.0017
			-0.0018	0.0617	-0.0207
			0.0017	-0.0207	0.0598
		A:
			0.8062	-0.5853	-0.0863
			-0.9797	0.1327	-0.1502
			-0.5024	-0.3717	0.7807
			0.1179	0.3123	-0.9426
			0.9346	-0.0927	0.3434
			0.7515	0.0192	-0.6595
		b:
			-106.5798
			-48.0128
			183.5573
			-252.4001
			123.9079
			-192.8466
	==================================================================================
	Q5:
		Shape: Ellipse
		q_c:	9.5	181.0	333.5
		ub :	15.3053	186.5528	338.3494
		lb :	3.6947	175.4472	328.6506
		P^-1:
			0.118	-0.0625	0.0537
			-0.0625	0.1111	-0.0659
			0.0537	-0.0659	0.1519
	==================================================================================
	Q6:
		Shape: Ellipse
		q_c:	12.0	177.5	329.0
		ub :	17.254	183.5589	334.5054
		lb :	6.746	171.4411	323.4946
		P^-1:
			0.0929	-0.0209	-0.0102
			-0.0209	0.0836	-0.0022
			-0.0102	-0.0022	0.0787


===========================================================================================
===========================================================================================
S10:
	q_c:	113.5	20.0	128.5
	ub :	141.0816	23.4843	150.3234
	lb :	97.7825	-5.411	101.203

	==================================================================================
	Q1:
		Shape: Polyhedra
		q_c:	130.5	4.5	141.5
		ub :	140.1387	14.411	150.3234
		lb :	120.8613	-5.411	132.6766
		A:
			0.2546	0.1985	0.9465
			0.5093	0.8568	0.0803
			-0.4329	0.1491	-0.889
			-0.0793	0.6009	-0.7953
			-0.5607	-0.7265	0.3973
			-0.8293	-0.5588	0.004
			0.4634	0.7888	0.4039
			0.2786	0.303	-0.9114
			-0.8412	0.5349	-0.0794
			-0.4634	-0.7888	-0.4039
			-0.2786	-0.303	0.9114
			0.8412	-0.5349	0.0794
		b:
			174.3104
			87.7311
			-175.3441
			-113.7916
			-13.9524
			-104.0893
			127.1739
			-84.7332
			-112.6007
			-115.1739
			97.7332
			124.6007
	==================================================================================
	Q2:
		Shape: Polyhedra
		q_c:	129.5	9.0	135.5
		ub :	139.6718	20.1431	145.1625
		lb :	119.3282	-2.1431	125.8375
		A:
			0.9809	-0.0793	0.1774
			-0.5768	-0.2656	-0.7725
			0.9631	-0.2485	-0.1039
			0.4222	-0.1759	-0.8893
			0.7218	-0.2601	0.6414
			0.5749	0.4681	0.6712
			0.7952	0.5933	0.1255
			0.5861	-0.6988	-0.4101
			-0.1556	0.3996	-0.9034
			-0.7952	-0.5933	-0.1255
			-0.5861	0.6988	0.4101
			0.1556	-0.3996	0.9034
		b:
			157.0549
			-174.7843
			114.8135
			-60.917
			184.9255
			176.5313
			132.3179
			20.048
			-131.9589
			-118.3179
			-8.048
			145.9589
	==================================================================================
	Q3:
		Shape: Hybrid
		q_c:	117.0	10.5	116.0
		ub :	126.9544	21.2194	128.0033
		lb :	107.0456	-0.2194	103.9967
		P^-1:
			0.0232	-0.001	0.0019
			-0.001	0.0216	0.0039
			0.0019	0.0039	0.0164
		A:
			-0.0834	0.8193	-0.5672
			0.506	-0.1239	0.8536
			-0.5617	-0.8115	-0.1613
			-0.9818	0.0003	-0.19
			0.4242	0.8812	0.2086
			0.877	0.3865	-0.2855
		b:
			-62.2269
			161.1407
			-89.3999
			-133.6431
			86.5666
			77.6439
	==================================================================================
	Q4:
		Shape: Ellipse
		q_c:	133.0	13.0	109.5
		ub :	141.0816	15.8702	117.797
		lb :	124.9184	10.1298	101.203
		P^-1:
			0.031	0.0032	0.0023
			0.0032	0.2473	-0.0239
			0.0023	-0.0239	0.0325
	==================================================================================
	Q5:
		Shape: Hybrid
		q_c:	102.5	18.0	139.0
		ub :	107.2175	22.9891	143.1959
		lb :	97.7825	13.0109	134.8041
		P^-1:
			1.7674	0.2229	-1.9397
			0.2229	0.1314	-0.2966
			-1.9397	-0.2966	2.2523
		A:
			0.7263	0.1024	-0.6797
			-0.6046	0.2952	0.7398
			0.6535	0.2411	-0.7175
			0.6244	0.0344	-0.7803
			-0.6439	0.3879	0.6595
			-0.5481	0.2109	0.8094
		b:
			-17.7647
			47.4176
			-27.9131
			-43.4716
			34.0462
			61.3563
	==================================================================================
	Q6:
		Shape: Ellipse
		q_c:	129.5	18.5	123.5
		ub :	134.3775	23.4843	128.3105
		lb :	124.6225	13.5157	118.6895
		P^-1:
			0.0819	0.0177	0.0126
			0.0177	0.1337	0.0885
			0.0126	0.0885	0.1785


===========================================================================================
===========================================================================================
S11:
	q_c:	415.5	133.0	500.0
	ub :	426.3478	160.0697	517.2175
	lb :	385.6702	112.5967	480.1051

	==================================================================================
	Q1:
		Shape: Polyhedra
		q_c:	399.0	127.0	494.5
		ub :	409.1456	136.0007	502.5238
		lb :	388.8544	117.9993	486.4762
		A:
			-0.7328	-0.6789	0.0453
			0.0392	0.978	-0.2049
			0.6686	0.7221	-0.1776
			0.776	0.6269	-0.0694
			-0.3058	-0.5572	-0.772
			-0.5153	-0.7083	-0.4825
			0.6032	0.726	0.3301
			-0.4809	0.0009	0.8768
			0.6363	-0.6876	0.3497
			-0.6032	-0.726	-0.3301
			0.4809	-0.0009	-0.8768
			-0.6363	0.6876	-0.3497
		b:
			-354.0926
			46.8702
			273.4408
			357.1709
			-571.8977
			-532.5197
			497.6293
			245.8164
			350.9714
			-494.6293
			-237.8164
			-327.9714
	==================================================================================
	Q2:
		Shape: Hybrid
		q_c:	400.0	135.0	506.0
		ub :	411.2608	142.0378	517.2175
		lb :	388.7392	127.9622	494.7825
		P^-1:
			0.0193	0.0024	0.0026
			0.0024	0.0323	0.0017
			0.0026	0.0017	0.0175
		A:
			0.81	0.5339	0.2425
			0.8745	0.4838	0.035
			0.1523	0.9694	0.1923
			0.1202	-0.3505	0.9288
			0.8907	0.4001	-0.2158
			-0.5979	0.7903	0.1336
		b:
			522.4169
			436.7735
			291.9024
			475.4543
			305.4516
			-61.0002
	==================================================================================
	Q3:
		Shape: Ellipse
		q_c:	419.0	152.0	492.0
		ub :	426.3478	160.0697	499.9308
		lb :	411.6522	143.9303	484.0692
		P^-1:
			0.0582	0.0168	-0.0035
			0.0168	0.0442	0.0244
			-0.0035	0.0244	0.0621
	==================================================================================
	Q4:
		Shape: Polyhedra
		q_c:	415.0	120.5	485.0
		ub :	421.2645	128.023	489.8949
		lb :	408.7355	112.977	480.1051
		A:
			-0.3412	0.218	0.9143
			0.9187	0.3371	-0.2059
			-0.7236	0.647	-0.2402
			0.3842	0.4042	-0.8301
			0.8967	-0.1985	0.3957
			-0.5437	0.7762	-0.3194
			0.5438	0.8183	0.1861
			0.8042	-0.4449	-0.3941
			-0.2397	0.364	-0.9
			-0.5438	-0.8183	-0.1861
			-0.8042	0.4449	0.3941
			0.2397	-0.364	0.9
		b:
			331.0257
			327.0902
			-336.0652
			-190.781
			543.7338
			-283.756
			421.0553
			91.5315
			-489.1255
			-408.0553
			-86.5315
			495.1255
	==================================================================================
	Q5:
		Shape: Ellipse
		q_c:	393.5	120.0	499.0
		ub :	401.3298	127.4033	507.7568
		lb :	385.6702	112.5967	490.2432
		P^-1:
			0.0357	0.0044	0.0042
			0.0044	0.0542	-0.0135
			0.0042	-0.0135	0.0404
	==================================================================================
	Q6:
		Shape: Ellipse
		q_c:	413.5	131.0	503.5
		ub :	424.5479	142.0721	513.7567
		lb :	402.4521	119.9279	493.2433
		P^-1:
			0.0265	-0.0124	0.0028
			-0.0124	0.0284	0.0006
			0.0028	0.0006	0.0194


===========================================================================================
===========================================================================================
