3D_40_10_6_b                l = 3

===========================================================================================
===========================================================================================
S1:
	q_c:    532.0000    251.5000    216.5000
	ub :    546.0000    277.0000    234.0000
	lb :    518.0000    226.0000    199.0000

	==================================================================================
	Q1:
		Shape: Hybrid
		q_c:    545.5000    258.0000    233.0000
		ub :    557.3335    268.4126    243.3642
		lb :    533.6665    247.5874    222.6358
		P^-1: 
			    0.0329    0.0082    0.0234
			    0.0082    0.0498    -0.0250
			    0.0234    -0.0250    0.0558
		A:
			    -0.5878    -0.7293    0.3502
			    0.8726    0.2702    0.4070
			    0.0908    0.3902    -0.9162
			    0.7319    0.6565    0.1826
			    -0.7783    -0.6245    -0.0647
			    0.1032    0.4723    -0.8754
		b:
			    -423.9111
			    643.7469
			    -59.3857
			    614.0141
			    -597.5604
			    -22.3489
	==================================================================================
	Q2:
		Shape: Polyhedra
		q_c:    516.0000    247.5000    217.0000
		ub :    531.5014    262.3675    230.6400
		lb :    500.4986    232.6325    203.3600
		A:
			    0.4218    -0.2239    0.8786
			    0.3071    -0.6741    0.6718
			    0.7934    -0.4313    0.4296
			    0.8942    -0.0214    0.4472
			    -0.1688    0.9087    0.3818
			    -0.2217    0.7686    -0.6001
			    0.6055    0.0396    0.7949
			    -0.6721    -0.5095    0.5373
			    0.4263    -0.8595    -0.2819
			    -0.6055    -0.0396    -0.7949
			    0.6721    0.5095    -0.5373
			    -0.4263    0.8595    0.2819
		b:
			    359.5943
			    146.2024
			    403.7414
			    560.3566
			    230.9553
			    -44.9627
			    500.7251
			    -345.2816
			    -43.4607
			    -488.7251
			    367.2816
			    64.4607
	==================================================================================
	Q3:
		Shape: Polyhedra
		q_c:    543.0000    264.5000    205.5000
		ub :    551.5271    274.6281    214.9056
		lb :    534.4729    254.3719    196.0944
		A:
			    0.2567    0.8927    0.3705
			    0.1265    0.0565    -0.9904
			    -0.8651    0.4565    -0.2076
			    -0.8525    0.5030    -0.1421
			    0.1857    -0.7527    0.6317
			    0.8949    0.2017    -0.3980
			    0.9044    0.3825    0.1893
			    0.1025    -0.6253    0.7737
			    0.4143    -0.6803    -0.6047
			    -0.9044    -0.3825    -0.1893
			    -0.1025    0.6253    -0.7737
			    -0.4143    0.6803    0.6047
		b:
			    457.6330
			    -113.8971
			    -385.6795
			    -353.0917
			    37.5684
			    463.5241
			    637.1356
			    55.2910
			    -73.2319
			    -625.1356
			    -43.2910
			    85.2319
	==================================================================================
	Q4:
		Shape: Hybrid
		q_c:    538.0000    268.0000    214.0000
		ub :    545.3942    276.7632    220.2340
		lb :    530.6058    259.2368    207.7660
		P^-1: 
			    0.0268    0.0047    0.0155
			    0.0047    0.0264    0.0265
			    0.0155    0.0265    0.0994
		A:
			    -0.9870    -0.1509    -0.0548
			    -0.4515    -0.0231    0.8920
			    0.0648    -0.6222    -0.7802
			    -0.3891    -0.0673    -0.9187
			    -0.1697    0.8716    0.4599
			    0.6183    0.3134    -0.7208
		b:
			    -578.3608
			    -54.6607
			    -296.2772
			    -421.9327
			    245.0334
			    267.1652
	==================================================================================
	Q5:
		Shape: Ellipse
		q_c:    521.5000    241.0000    202.0000
		ub :    526.8199    247.4463    209.3920
		lb :    516.1801    234.5537    194.6080
		P^-1: 
			    0.2314    0.1957    0.0631
			    0.1957    0.2257    0.0641
			    0.0631    0.0641    0.0441
	==================================================================================
	Q6:
		Shape: Hybrid
		q_c:    522.0000    242.0000    228.5000
		ub :    528.4854    247.6857    235.6184
		lb :    515.5146    236.3143    221.3816
		P^-1: 
			    0.0499    0.0106    0.0033
			    0.0106    0.0873    0.0318
			    0.0033    0.0318    0.0633
		A:
			    -0.3053    -0.6533    0.6928
			    -0.1206    0.6277    0.7690
			    0.3230    -0.2837    -0.9029
			    0.9156    0.3026    0.2648
			    0.3066    0.8471    0.4341
			    0.6157    0.4958    0.6125
		b:
			    -155.9359
			    266.4783
			    -103.8897
			    614.3535
			    465.7869
			    583.3996


===========================================================================================
===========================================================================================
S2:
	q_c:    29.0000    83.5000    342.0000
	ub :    58.0000    104.0000    359.0000
	lb :    0.0000    63.0000    325.0000

	==================================================================================
	Q1:
		Shape: Ellipse
		q_c:    22.5000    95.0000    354.5000
		ub :    30.5078    102.8197    363.7083
		lb :    14.4922    87.1803    345.2917
		P^-1: 
			    0.0331    0.0000    0.0000
			    0.0000    0.0331    -0.0000
			    0.0000    -0.0000    0.0331
	==================================================================================
	Q2:
		Shape: Hybrid
		q_c:    33.5000    94.0000    343.0000
		ub :    48.3330    110.3161    358.9229
		lb :    18.6670    77.6839    327.0771
		P^-1: 
			    0.0096    -0.0016    -0.0001
			    -0.0016    0.0111    -0.0052
			    -0.0001    -0.0052    0.0135
		A:
			    -0.6556    0.4844    0.5793
			    0.7115    0.5147    -0.4783
			    -0.6069    -0.7863    0.1163
			    -0.7265    0.2891    -0.6234
			    -0.1121    0.0325    0.9932
			    -0.2755    -0.7108    -0.6472
		b:
			    229.0075
			    -86.0006
			    -47.1398
			    -205.5081
			    345.8162
			    -289.3528
	==================================================================================
	Q3:
		Shape: Ellipse
		q_c:    26.5000    82.0000    332.0000
		ub :    35.3264    90.9896    338.9491
		lb :    17.6736    73.0104    325.0509
		P^-1: 
			    0.0554    0.0302    -0.0114
			    0.0302    0.0469    0.0132
			    -0.0114    0.0132    0.0767
	==================================================================================
	Q4:
		Shape: Polyhedra
		q_c:    13.0000    99.0000    353.5000
		ub :    25.3158    108.9663    363.1438
		lb :    0.6842    89.0337    343.8562
		A:
			    -0.1007    -0.9828    -0.1549
			    0.5234    -0.1431    0.8400
			    0.3190    0.2256    0.9205
			    0.0333    -0.6428    -0.7653
			    0.6376    -0.5151    -0.5728
			    -0.0736    0.5614    0.8243
			    0.2262    0.7533    0.6176
			    0.0532    0.6236    -0.7800
			    -0.9726    0.2092    0.1010
			    -0.2262    -0.7533    -0.6176
			    -0.0532    -0.6236    0.7800
			    0.9726    -0.2092    -0.1010
		b:
			    -148.2133
			    297.7602
			    357.5759
			    -329.3998
			    -235.8888
			    350.8731
			    298.8402
			    -204.7962
			    55.2670
			    -292.8402
			    221.7962
			    -32.2670
	==================================================================================
	Q5:
		Shape: Ellipse
		q_c:    11.5000    71.5000    360.5000
		ub :    23.3571    82.2881    371.9992
		lb :    -0.3571    60.7119    349.0008
		P^-1: 
			    0.0093    0.0004    -0.0014
			    0.0004    0.0152    -0.0026
			    -0.0014    -0.0026    0.0188
	==================================================================================
	Q6:
		Shape: Ellipse
		q_c:    45.0000    66.0000    335.5000
		ub :    55.0912    76.6917    343.6295
		lb :    34.9088    55.3083    327.3705
		P^-1: 
			    0.0226    -0.0019    0.0009
			    -0.0019    0.0226    -0.0030
			    0.0009    -0.0030    0.0320


===========================================================================================
===========================================================================================
S3:
	q_c:    179.0000    205.0000    102.5000
	ub :    205.0000    235.0000    121.0000
	lb :    153.0000    175.0000    84.0000

	==================================================================================
	Q1:
		Shape: Polyhedra
		q_c:    182.0000    202.5000    98.5000
		ub :    195.7001    215.3118    113.1638
		lb :    168.2999    189.6882    83.8362
		A:
			    -0.8195    0.0837    0.5669
			    0.7204    -0.0352    -0.6927
			    0.2384    -0.5027    0.8310
			    0.7710    0.3680    -0.5197
			    -0.3853    0.3377    -0.8588
			    0.0837    0.3103    -0.9470
			    0.6622    0.3698    0.6518
			    -0.7273    0.1078    0.6778
			    0.1804    -0.9228    0.3403
			    -0.6622    -0.3698    -0.6518
			    0.7273    -0.1078    -0.6778
			    -0.1804    0.9228    -0.3403
		b:
			    -68.8072
			    63.2660
			    32.5641
			    171.6446
			    -76.9224
			    -6.6350
			    269.5951
			    -36.2868
			    -111.5223
			    -249.5951
			    51.2868
			    129.5223
	==================================================================================
	Q2:
		Shape: Polyhedra
		q_c:    166.0000    202.0000    92.0000
		ub :    176.6495    213.5306    101.8030
		lb :    155.3505    190.4694    82.1970
		A:
			    0.0352    0.3050    0.9517
			    -0.8316    0.4205    -0.3628
			    -0.8754    -0.4216    0.2364
			    0.4154    -0.7643    0.4932
			    -0.3698    0.9225    -0.1110
			    0.4614    -0.2566    0.8493
			    0.8281    0.5317    0.1778
			    0.5493    -0.7060    -0.4471
			    -0.1122    0.4679    -0.8767
			    -0.8281    -0.5317    -0.1778
			    -0.5493    0.7060    0.4471
			    0.1122    -0.4679    0.8767
		b:
			    161.5310
			    -79.6955
			    -201.0229
			    -33.7042
			    120.9818
			    109.6525
			    269.2198
			    -86.5497
			    1.7318
			    -253.2198
			    98.5497
			    11.2682
	==================================================================================
	Q3:
		Shape: Ellipse
		q_c:    184.5000    219.5000    89.0000
		ub :    196.7642    231.8452    100.7147
		lb :    172.2358    207.1548    77.2853
		P^-1: 
			    0.0189    0.0015    -0.0033
			    0.0015    0.0124    0.0023
			    -0.0033    0.0023    0.0213
	==================================================================================
	Q4:
		Shape: Polyhedra
		q_c:    184.0000    189.0000    114.5000
		ub :    195.5820    203.3146    125.8956
		lb :    172.4180    174.6854    103.1044
		A:
			    0.6868    0.4136    0.5977
			    0.4409    -0.2133    -0.8718
			    0.0486    -0.4280    -0.9025
			    0.0241    -0.9308    -0.3649
			    -0.9506    0.1189    -0.2867
			    -0.8939    0.0145    -0.4479
			    0.6065    0.1429    0.7821
			    -0.3452    -0.8389    0.4209
			    0.7162    -0.5253    -0.4595
			    -0.6065    -0.1429    -0.7821
			    0.3452    0.8389    -0.4209
			    -0.7162    0.5253    0.4595
		b:
			    278.4729
			    -51.7164
			    -169.7019
			    -204.3021
			    -179.7978
			    -208.1463
			    232.1537
			    -161.8654
			    -13.0982
			    -224.1537
			    185.8654
			    27.0982
	==================================================================================
	Q5:
		Shape: Ellipse
		q_c:    164.0000    206.0000    116.0000
		ub :    173.5343    216.8710    126.3907
		lb :    154.4657    195.1290    105.6093
		P^-1: 
			    0.0370    -0.0156    -0.0139
			    -0.0156    0.0346    0.0149
			    -0.0139    0.0149    0.0252
	==================================================================================
	Q6:
		Shape: Ellipse
		q_c:    159.5000    202.0000    95.5000
		ub :    172.2567    215.4751    106.4623
		lb :    146.7433    188.5249    84.5377
		P^-1: 
			    0.0190    0.0057    0.0028
			    0.0057    0.0137    0.0016
			    0.0028    0.0016    0.0134


===========================================================================================
===========================================================================================
S4:
	q_c:    379.5000    439.5000    277.5000
	ub :    398.0000    456.0000    298.0000
	lb :    361.0000    423.0000    257.0000

	==================================================================================
	Q1:
		Shape: Polyhedra
		q_c:    377.0000    446.0000    284.0000
		ub :    384.5500    452.7675    288.3619
		lb :    369.4500    439.2325    279.6381
		A:
			    -0.3164    -0.3903    -0.8646
			    0.6659    -0.6515    0.3635
			    0.0532    -0.9264    -0.3728
			    0.3318    0.1481    -0.9316
			    0.3495    0.2068    0.9138
			    0.6263    -0.7285    -0.2774
			    0.8750    0.4821    0.0437
			    0.4814    -0.8572    -0.1829
			    -0.0507    0.1811    -0.9822
			    -0.8750    -0.4821    -0.0437
			    -0.4814    0.8572    0.1829
			    0.0507    -0.1811    0.9822
		b:
			    -534.4791
			    67.5195
			    -494.7936
			    -69.5121
			    487.7771
			    -163.9327
			    563.8099
			    -249.2838
			    -213.7717
			    -550.8099
			    256.2838
			    220.7717
	==================================================================================
	Q2:
		Shape: Ellipse
		q_c:    374.0000    424.5000    267.0000
		ub :    381.3038    432.3597    269.9615
		lb :    366.6962    416.6403    264.0385
		P^-1: 
			    0.0972    0.0556    -0.1100
			    0.0556    0.0610    -0.0717
			    -0.1100    -0.0717    0.3883
	==================================================================================
	Q3:
		Shape: Hybrid
		q_c:    393.5000    426.0000    272.0000
		ub :    398.7762    430.9675    278.1470
		lb :    388.2238    421.0325    265.8530
		P^-1: 
			    0.0494    0.0053    0.0058
			    0.0053    0.1917    0.0958
			    0.0058    0.0958    0.0914
		A:
			    -0.6180    0.6743    0.4042
			    0.4502    -0.8673    -0.2126
			    -0.4048    0.8916    0.2031
			    0.6069    -0.5245    -0.5972
			    -0.0270    -0.8118    -0.5834
			    -0.5661    -0.7945    -0.2196
		b:
			    156.2971
			    -248.0839
			    277.7566
			    -144.5361
			    -514.0718
			    -618.7485
	==================================================================================
	Q4:
		Shape: Hybrid
		q_c:    380.5000    432.0000    267.0000
		ub :    389.3554    440.6792    273.9288
		lb :    371.6446    423.3208    260.0712
		P^-1: 
			    0.0617    -0.0508    -0.0379
			    -0.0508    0.0829    0.0465
			    -0.0379    0.0465    0.0594
		A:
			    -0.0817    -0.8325    0.5480
			    -0.6963    0.6161    0.3682
			    -0.5611    0.7836    0.2665
			    0.0555    -0.6771    -0.7338
			    -0.5364    0.3126    0.7840
			    0.5076    -0.7107    -0.4871
		b:
			    -239.1347
			    101.1340
			    197.9239
			    -464.4591
			    142.6995
			    -242.6421
	==================================================================================
	Q5:
		Shape: Hybrid
		q_c:    377.0000    455.0000    284.5000
		ub :    386.5468    464.8582    292.6970
		lb :    367.4532    445.1418    276.3030
		P^-1: 
			    0.0223    0.0051    0.0041
			    0.0051    0.0346    0.0122
			    0.0041    0.0122    0.0366
		A:
			    0.6115    -0.2139    -0.7618
			    0.0182    0.8939    0.4479
			    -0.0823    0.9150    0.3950
			    -0.3929    -0.0502    0.9182
			    -0.6813    0.6067    -0.4097
			    -0.0167    0.7541    0.6565
		b:
			    -79.5632
			    543.6908
			    500.5755
			    94.0757
			    -92.7046
			    526.0864
	==================================================================================
	Q6:
		Shape: Ellipse
		q_c:    370.5000    440.5000    292.0000
		ub :    382.9042    449.1667    303.9718
		lb :    358.0958    431.8333    280.0282
		P^-1: 
			    0.0167    -0.0050    -0.0026
			    -0.0050    0.0305    -0.0046
			    -0.0026    -0.0046    0.0187


===========================================================================================
===========================================================================================
S5:
	q_c:    480.5000    141.0000    458.0000
	ub :    488.0000    163.0000    478.0000
	lb :    473.0000    119.0000    438.0000

	==================================================================================
	Q1:
		Shape: Polyhedra
		q_c:    475.0000    138.0000    451.0000
		ub :    478.1136    141.3977    452.7327
		lb :    471.8864    134.6023    449.2673
		A:
			    0.2884    0.8038    -0.5203
			    -0.0400    0.4259    -0.9039
			    0.1670    0.2270    -0.9595
			    0.4384    0.6316    -0.6394
			    -0.0230    -0.5794    0.8147
			    0.3208    0.9318    0.1698
			    0.7559    0.6328    0.1680
			    0.6545    -0.7367    -0.1699
			    0.0163    0.2384    -0.9710
			    -0.7559    -0.6328    -0.1680
			    -0.6545    0.7367    0.1699
			    -0.0163    -0.2384    0.9710
		b:
			    14.7540
			    -366.7418
			    -320.9960
			    8.2862
			    277.8184
			    359.5786
			    523.6470
			    135.6107
			    -396.2995
			    -520.6470
			    -129.6107
			    398.2995
	==================================================================================
	Q2:
		Shape: Polyhedra
		q_c:    479.5000    138.0000    459.5000
		ub :    483.2093    141.4196    463.1761
		lb :    475.7907    134.5804    455.8239
		A:
			    -0.8258    -0.4755    -0.3033
			    -0.6001    -0.6194    -0.5062
			    -0.7547    -0.6159    -0.2258
			    -0.0938    -0.1578    0.9830
			    -0.3788    0.9052    0.1926
			    -0.0801    0.3687    0.9261
			    0.3886    0.6722    0.6302
			    -0.6511    0.6843    -0.3284
			    -0.6520    -0.2827    0.7035
			    -0.3886    -0.6722    -0.6302
			    0.6511    -0.6843    0.3284
			    0.6520    0.2827    -0.7035
		b:
			    -598.8299
			    -603.7886
			    -548.5276
			    387.2588
			    33.8069
			    440.1949
			    570.6672
			    -366.6697
			    -25.8687
			    -566.6672
			    370.6697
			    30.8687
	==================================================================================
	Q3:
		Shape: Polyhedra
		q_c:    479.5000    139.0000    454.0000
		ub :    482.6689    141.0023    457.7041
		lb :    476.3311    136.9977    450.2959
		A:
			    -0.6091    0.6552    0.4469
			    0.4003    0.8924    -0.2086
			    0.1627    0.9728    -0.1649
			    0.1865    -0.9363    0.2975
			    -0.4573    0.2968    -0.8383
			    -0.4702    -0.6512    0.5958
			    0.4413    0.2337    0.8664
			    -0.8958    0.1722    0.4098
			    -0.0534    -0.9570    0.2853
			    -0.4413    -0.2337    -0.8664
			    0.8958    -0.1722    -0.4098
			    0.0534    0.9570    -0.2853
		b:
			    3.8594
			    222.5443
			    139.4607
			    95.4700
			    -555.9760
			    -44.0243
			    640.4279
			    -217.5340
			    -28.1165
			    -634.4279
			    221.5340
			    30.1165
	==================================================================================
	Q4:
		Shape: Polyhedra
		q_c:    480.0000    143.0000    453.5000
		ub :    483.3812    147.0347    457.5017
		lb :    476.6188    138.9653    449.4983
		A:
			    -0.6874    0.1220    0.7159
			    0.1683    -0.4553    -0.8743
			    -0.0381    0.1518    0.9877
			    -0.8015    0.5177    0.2994
			    0.1001    0.2469    0.9639
			    -0.0934    -0.7184    -0.6893
			    0.1155    0.6844    0.7199
			    -0.7842    0.5076    -0.3568
			    -0.6096    -0.5234    0.5953
			    -0.1155    -0.6844    -0.7199
			    0.7842    -0.5076    0.3568
			    0.6096    0.5234    -0.5953
		b:
			    14.6100
			    -378.3318
			    453.7837
			    -172.6758
			    522.9355
			    -457.6887
			    482.2852
			    -463.6323
			    -94.9884
			    -477.2852
			    467.6323
			    99.9884
	==================================================================================
	Q5:
		Shape: Ellipse
		q_c:    479.5000    147.5000    455.0000
		ub :    482.3386    149.6540    457.5432
		lb :    476.6614    145.3460    452.4568
		P^-1: 
			    0.1775    -0.0743    0.0889
			    -0.0743    0.6211    -0.3676
			    0.0889    -0.3676    0.6113
	==================================================================================
	Q6:
		Shape: Polyhedra
		q_c:    477.5000    137.5000    450.0000
		ub :    479.6754    140.2401    452.3230
		lb :    475.3246    134.7599    447.6770
		A:
			    -0.2667    0.6218    0.7364
			    -0.0241    0.0123    -0.9996
			    -0.6254    -0.6388    0.4480
			    -0.4472    0.1598    0.8801
			    0.2194    -0.5892    -0.7776
			    0.1790    -0.2319    -0.9561
			    0.0535    0.5968    0.8006
			    0.0509    0.7990    -0.5991
			    -0.9973    0.0728    0.0124
			    -0.0535    -0.5968    -0.8006
			    -0.0509    -0.7990    0.5991
			    0.9973    -0.0728    -0.0124
		b:
			    290.6439
			    -457.9266
			    -182.5563
			    206.0962
			    -325.0610
			    -375.2494
			    468.8704
			    -132.9089
			    -458.6237
			    -466.8704
			    137.9089
			    462.6237


===========================================================================================
===========================================================================================
S6:
	q_c:    449.5000    126.0000    510.0000
	ub :    464.0000    143.0000    531.0000
	lb :    435.0000    109.0000    489.0000

	==================================================================================
	Q1:
		Shape: Polyhedra
		q_c:    446.5000    129.5000    520.0000
		ub :    456.0856    138.5316    526.8589
		lb :    436.9144    120.4684    513.1411
		A:
			    -0.5995    0.4988    0.6260
			    0.2387    0.0534    -0.9696
			    0.6459    -0.1278    0.7527
			    0.7590    0.0260    -0.6505
			    -0.9262    0.1219    -0.3569
			    -0.4712    -0.4275    0.7715
			    0.6934    0.6592    0.2909
			    0.6202    -0.7516    0.2246
			    0.3667    0.0247    -0.9300
			    -0.6934    -0.6592    -0.2909
			    -0.6202    0.7516    -0.2246
			    -0.3667    -0.0247    0.9300
		b:
			    127.9929
			    -386.6636
			    669.2977
			    8.5585
			    -576.7988
			    139.7894
			    551.2607
			    303.8726
			    -312.6939
			    -541.2607
			    -288.8726
			    320.6939
	==================================================================================
	Q2:
		Shape: Polyhedra
		q_c:    454.5000    140.5000    518.0000
		ub :    461.6194    148.7654    524.4351
		lb :    447.3806    132.2346    511.5649
		A:
			    0.9884    0.0742    -0.1325
			    0.9052    -0.4239    0.0305
			    -0.1642    -0.2405    -0.9566
			    0.9283    0.2983    -0.2222
			    -0.1130    -0.2644    0.9578
			    0.9130    -0.3755    0.1594
			    0.8108    0.1452    0.5670
			    -0.5005    -0.3303    0.8003
			    0.3035    -0.9326    -0.1952
			    -0.8108    -0.1452    -0.5670
			    0.5005    0.3303    -0.8003
			    -0.3035    0.9326    0.1952
		b:
			    395.0753
			    373.1368
			    -599.6199
			    352.4305
			    411.2223
			    450.0321
			    686.6280
			    144.1504
			    -87.1858
			    -678.6280
			    -137.1504
			    101.1858
	==================================================================================
	Q3:
		Shape: Polyhedra
		q_c:    463.5000    114.5000    498.0000
		ub :    468.9271    119.3373    504.0530
		lb :    458.0729    109.6627    491.9470
		A:
			    -0.9369    -0.2539    0.2404
			    -0.0116    -0.3511    0.9363
			    -0.4197    -0.8986    0.1281
			    0.1255    -0.9844    -0.1234
			    -0.0882    0.7754    0.6253
			    0.9506    -0.2923    0.1044
			    0.6285    0.6306    0.4554
			    -0.3916    -0.2493    0.8857
			    0.6720    -0.7350    0.0903
			    -0.6285    -0.6306    -0.4554
			    0.3916    0.2493    -0.8857
			    -0.6720    0.7350    -0.0903
		b:
			    -339.6286
			    425.8549
			    -230.2305
			    -113.2485
			    362.4363
			    462.0955
			    592.2962
			    236.5100
			    275.2706
			    -588.2962
			    -225.5100
			    -269.2706
	==================================================================================
	Q4:
		Shape: Ellipse
		q_c:    442.5000    138.0000    507.0000
		ub :    450.5995    147.4397    516.7091
		lb :    434.4005    128.5603    497.2909
		P^-1: 
			    0.0351    0.0059    -0.0060
			    0.0059    0.0327    0.0074
			    -0.0060    0.0074    0.0325
	==================================================================================
	Q5:
		Shape: Polyhedra
		q_c:    454.0000    133.5000    503.0000
		ub :    461.6052    139.4171    510.4306
		lb :    446.3948    127.5829    495.5694
		A:
			    0.6111    0.4735    0.6343
			    -0.1243    -0.9396    0.3189
			    -0.7739    0.0494    -0.6314
			    -0.5408    -0.3141    -0.7803
			    0.7704    0.6366    0.0352
			    -0.0559    0.9511    -0.3037
			    0.7192    0.2221    0.6583
			    -0.6245    -0.2087    0.7526
			    0.3046    -0.9524    -0.0114
			    -0.7192    -0.2221    -0.6583
			    0.6245    0.2087    -0.7526
			    -0.3046    0.9524    0.0114
		b:
			    661.5296
			    -15.9238
			    -660.5203
			    -677.7309
			    457.7603
			    -46.2028
			    688.8154
			    75.6986
			    9.3930
			    -685.8154
			    -58.6986
			    -1.3930
	==================================================================================
	Q6:
		Shape: Hybrid
		q_c:    440.5000    136.5000    515.0000
		ub :    447.8100    145.9855    524.1890
		lb :    433.1900    127.0145    505.8110
		P^-1: 
			    0.0667    0.0261    0.0293
			    0.0261    0.0366    0.0285
			    0.0293    0.0285    0.0565
		A:
			    0.2947    -0.3961    -0.8696
			    0.9617    -0.0168    0.2737
			    -0.8382    0.4974    0.2238
			    0.6571    0.7492    -0.0838
			    -0.9084    -0.1094    -0.4035
			    -0.1403    0.9712    0.1928
		b:
			    -368.6377
			    565.2752
			    -181.5385
			    352.5289
			    -620.4599
			    175.2610


===========================================================================================
===========================================================================================
S7:
	q_c:    168.5000    367.5000    224.0000
	ub :    179.0000    397.0000    239.0000
	lb :    158.0000    338.0000    209.0000

	==================================================================================
	Q1:
		Shape: Hybrid
		q_c:    176.5000    369.0000    230.0000
		ub :    183.3832    377.6475    239.5684
		lb :    169.6168    360.3525    220.4316
		P^-1: 
			    0.0680    -0.0068    -0.0245
			    -0.0068    0.0273    0.0005
			    -0.0245    0.0005    0.0345
		A:
			    0.5029    0.2378    -0.8310
			    0.6496    0.5764    -0.4958
			    -0.6760    -0.5360    0.5057
			    0.2413    0.9378    0.2495
			    0.8369    0.5431    -0.0675
			    -0.8279    0.3211    -0.4599
		b:
			    -11.6255
			    216.4063
			    -197.8081
			    450.7634
			    336.1737
			    -129.3560
	==================================================================================
	Q2:
		Shape: Polyhedra
		q_c:    163.0000    373.5000    219.0000
		ub :    169.1610    379.0874    224.5318
		lb :    156.8390    367.9126    213.4682
		A:
			    -0.3626    -0.7620    -0.5366
			    -0.7462    -0.6628    0.0625
			    -0.7383    -0.6113    0.2850
			    -0.3837    0.8809    0.2771
			    -0.3542    0.9302    -0.0964
			    -0.0864    -0.7501    0.6556
			    0.7809    0.5855    0.2177
			    -0.3213    0.0776    0.9438
			    0.5357    -0.8070    0.2487
			    -0.7809    -0.5855    -0.2177
			    0.3213    -0.0776    -0.9438
			    -0.5357    0.8070    -0.2487
		b:
			    -457.5620
			    -351.9575
			    -282.6277
			    331.1058
			    272.5511
			    -146.7389
			    397.1363
			    187.3126
			    -155.6219
			    -390.1363
			    -179.3126
			    163.6219
	==================================================================================
	Q3:
		Shape: Polyhedra
		q_c:    169.5000    360.5000    220.5000
		ub :    175.7959    366.5238    227.2467
		lb :    163.2041    354.4762    213.7533
		A:
			    -0.6725    -0.7389    0.0427
			    0.1064    0.1065    0.9886
			    -0.7787    -0.3138    0.5434
			    -0.5185    0.8378    0.1710
			    -0.9775    -0.0940    -0.1886
			    0.6168    -0.7307    -0.2924
			    0.4720    0.2576    0.8431
			    -0.0925    0.9656    -0.2432
			    -0.8767    0.0368    0.4796
			    -0.4720    -0.2576    -0.8431
			    0.0925    -0.9656    0.2432
			    0.8767    -0.0368    -0.4796
		b:
			    -366.3087
			    278.5231
			    -120.7162
			    256.6693
			    -236.8787
			    -218.6254
			    362.7784
			    283.7719
			    -25.0803
			    -354.7784
			    -273.7719
			    34.0803
	==================================================================================
	Q4:
		Shape: Ellipse
		q_c:    172.5000    362.0000    219.0000
		ub :    180.1510    368.1669    226.4332
		lb :    164.8490    355.8331    211.5668
		P^-1: 
			    0.0324    0.0018    -0.0086
			    0.0018    0.0400    -0.0003
			    -0.0086    -0.0003    0.0448
	==================================================================================
	Q5:
		Shape: Polyhedra
		q_c:    157.0000    361.5000    231.5000
		ub :    163.2762    369.1178    239.7842
		lb :    150.7238    353.8822    223.2158
		A:
			    0.5003    -0.3615    -0.7868
			    0.1064    0.3477    0.9316
			    0.4212    -0.8679    0.2632
			    -0.8826    -0.0823    0.4628
			    -0.2128    0.9623    -0.1697
			    -0.6070    0.7889    0.0962
			    0.9535    0.1773    0.2436
			    -0.1254    -0.5016    0.8560
			    0.2740    -0.8467    -0.4560
			    -0.9535    -0.1773    -0.2436
			    0.1254    0.5016    -0.8560
			    -0.2740    0.8467    0.4560
		b:
			    -229.2617
			    363.1527
			    -181.5965
			    -56.1896
			    280.2591
			    216.7587
			    274.7018
			    3.1503
			    -364.1548
			    -265.7018
			    8.8497
			    373.1548
	==================================================================================
	Q6:
		Shape: Ellipse
		q_c:    167.0000    375.0000    232.5000
		ub :    172.3282    380.6966    238.3007
		lb :    161.6718    369.3034    226.6993
		P^-1: 
			    0.1214    0.0430    -0.0050
			    0.0430    0.1114    0.0147
			    -0.0050    0.0147    0.0583


===========================================================================================
===========================================================================================
S8:
	q_c:    79.0000    433.5000    495.0000
	ub :    112.0000    449.0000    517.0000
	lb :    46.0000    418.0000    473.0000

	==================================================================================
	Q1:
		Shape: Polyhedra
		q_c:    85.0000    421.0000    504.5000
		ub :    95.7026    434.6172    518.2998
		lb :    74.2974    407.3828    490.7002
		A:
			    -0.5474    -0.3506    -0.7599
			    0.9781    -0.1134    -0.1746
			    -0.8143    0.5509    0.1829
			    0.6948    -0.3642    -0.6202
			    0.0145    -0.3359    -0.9418
			    -0.8170    0.3153    -0.4828
			    0.7982    0.5397    0.2677
			    -0.0198    0.4676    -0.8837
			    -0.6021    0.7001    0.3839
			    -0.7982    -0.5397    -0.2677
			    0.0198    -0.4676    0.8837
			    0.6021    -0.7001    -0.3839
		b:
			    -568.1928
			    -45.3556
			    260.9379
			    -400.6176
			    -606.6172
			    -171.5079
			    439.1053
			    -240.1591
			    442.7250
			    -421.1053
			    261.1591
			    -431.7250
	==================================================================================
	Q2:
		Shape: Polyhedra
		q_c:    69.5000    445.0000    497.0000
		ub :    78.3562    453.3715    504.7377
		lb :    60.6438    436.6285    489.2623
		A:
			    -0.6354    -0.6266    -0.4513
			    0.9861    -0.0375    0.1620
			    -0.5991    -0.3475    -0.7213
			    -0.9237    -0.0275    0.3820
			    -0.3596    -0.0375    -0.9324
			    0.7369    0.1409    -0.6612
			    0.3495    0.6577    0.6673
			    -0.6724    0.6721    -0.3103
			    -0.6525    -0.3402    0.6771
			    -0.3495    -0.6577    -0.6673
			    0.6724    -0.6721    0.3103
			    0.6525    0.3402    -0.6771
		b:
			    -543.5240
			    138.0320
			    -550.6492
			    118.8059
			    -500.3915
			    -209.6625
			    652.1133
			    104.6376
			    144.7641
			    -645.1133
			    -91.6376
			    -134.7641
	==================================================================================
	Q3:
		Shape: Polyhedra
		q_c:    85.5000    427.0000    510.0000
		ub :    100.7768    442.9413    525.1812
		lb :    70.2232    411.0587    494.8188
		A:
			    -0.1784    0.6669    0.7235
			    0.5108    0.1551    -0.8456
			    0.4979    -0.1365    0.8564
			    -0.6213    0.4834    0.6167
			    -0.0249    -0.6665    0.7451
			    0.2724    -0.4274    0.8621
			    0.3809    0.6546    0.6530
			    -0.7405    0.6389    -0.2084
			    -0.5536    -0.4042    0.7281
			    -0.3809    -0.6546    -0.6530
			    0.7405    -0.6389    0.2084
			    0.5536    0.4042    -0.7281
		b:
			    648.4882
			    -312.2205
			    430.5416
			    476.9917
			    102.1634
			    289.4999
			    655.6164
			    111.6930
			    160.3781
			    -634.6164
			    -94.6930
			    -142.3781
	==================================================================================
	Q4:
		Shape: Hybrid
		q_c:    78.0000    424.0000    493.5000
		ub :    89.6409    436.7423    507.3936
		lb :    66.3591    411.2577    479.6064
		P^-1: 
			    0.0173    -0.0016    -0.0011
			    -0.0016    0.0128    -0.0034
			    -0.0011    -0.0034    0.0155
		A:
			    0.9686    -0.2287    0.0974
			    0.0415    -0.6589    -0.7511
			    -0.2056    -0.5204    0.8288
			    -0.6760    0.6296    0.3829
			    0.2104    -0.9771    -0.0317
			    0.5846    0.8096    0.0533
		b:
			    30.4456
			    -640.8802
			    176.0479
			    407.7515
			    -408.2719
			    420.7045
	==================================================================================
	Q5:
		Shape: Polyhedra
		q_c:    78.0000    445.5000    485.5000
		ub :    83.2789    451.9402    490.9899
		lb :    72.7211    439.0598    480.0101
		A:
			    -0.6101    0.6167    -0.4975
			    0.2259    -0.1196    -0.9668
			    0.9881    -0.1321    0.0792
			    -0.9260    0.2041    -0.3177
			    0.8086    -0.5777    0.1110
			    -0.2498    0.6109    0.7513
			    0.2488    0.9634    0.0995
			    0.8506    -0.2665    0.4533
			    0.4633    -0.0281    -0.8858
			    -0.2488    -0.9634    -0.0995
			    -0.8506    0.2665    -0.4533
			    -0.4633    0.0281    0.8858
		b:
			    -11.3174
			    -500.5564
			    59.2865
			    -133.3967
			    -137.4007
			    622.5068
			    502.9382
			    169.6875
			    -401.9454
			    -490.9382
			    -165.6875
			    410.9454
	==================================================================================
	Q6:
		Shape: Hybrid
		q_c:    71.5000    437.5000    504.0000
		ub :    82.9623    449.2379    516.9226
		lb :    60.0377    425.7621    491.0774
		P^-1: 
			    0.0124    0.0005    0.0006
			    0.0005    0.0168    0.0024
			    0.0006    0.0024    0.0109
		A:
			    0.7014    0.4789    0.5279
			    -0.4780    -0.2578    -0.8396
			    -0.6488    -0.2476    0.7195
			    -0.2293    -0.9643    -0.1322
			    -0.2390    0.9004    -0.3635
			    0.4166    0.5205    0.7453
		b:
			    530.3145
			    -564.9751
			    213.8888
			    -501.0400
			    198.6040
			    637.7413


===========================================================================================
===========================================================================================
S9:
	q_c:    420.5000    292.0000    511.0000
	ub :    430.0000    319.0000    530.0000
	lb :    411.0000    265.0000    492.0000

	==================================================================================
	Q1:
		Shape: Ellipse
		q_c:    411.5000    291.5000    513.0000
		ub :    417.0077    299.0441    520.4238
		lb :    405.9923    283.9559    505.5762
		P^-1: 
			    0.0777    -0.0090    -0.0099
			    -0.0090    0.0407    -0.0146
			    -0.0099    -0.0146    0.0535
	==================================================================================
	Q2:
		Shape: Polyhedra
		q_c:    416.0000    302.0000    516.0000
		ub :    421.7961    305.8067    521.9170
		lb :    410.2039    298.1933    510.0830
		A:
			    -0.4507    0.8841    -0.1238
			    0.2900    -0.9415    0.1720
			    0.1229    -0.9673    -0.2220
			    -0.8971    0.4252    0.1197
			    -0.5455    0.7185    -0.4315
			    -0.2376    0.9411    -0.2407
			    0.4343    0.5081    0.7438
			    -0.7579    -0.2402    0.6066
			    0.4869    -0.8271    0.2808
			    -0.4343    -0.5081    -0.7438
			    0.7579    0.2402    -0.6066
			    -0.4869    0.8271    -0.2808
		b:
			    16.8072
			    -73.5722
			    -353.2970
			    -179.6666
			    -231.3949
			    62.7011
			    721.4016
			    -69.8140
			    98.6533
			    -714.4016
			    79.8140
			    -96.6533
	==================================================================================
	Q3:
		Shape: Hybrid
		q_c:    417.5000    285.0000    510.5000
		ub :    424.1067    292.1483    517.2079
		lb :    410.8933    277.8517    503.7921
		P^-1: 
			    0.0562    -0.0050    -0.0099
			    -0.0050    0.0631    -0.0170
			    -0.0099    -0.0170    0.0649
		A:
			    0.1152    -0.3378    0.9341
			    0.3930    -0.7171    0.5756
			    -0.3271    0.7617    0.5593
			    -0.8642    0.3970    0.3090
			    -0.3350    -0.6261    -0.7041
			    -0.6217    0.5879    -0.5177
		b:
			    430.8147
			    255.4670
			    368.6608
			    -87.6607
			    -674.5561
			    -354.1084
	==================================================================================
	Q4:
		Shape: Polyhedra
		q_c:    418.0000    284.0000    503.0000
		ub :    421.8843    289.4512    508.5442
		lb :    414.1157    278.5488    497.4558
		A:
			    -0.8027    0.5570    0.2132
			    -0.4594    0.0167    0.8881
			    0.0882    0.9044    -0.4175
			    0.6954    0.6344    -0.3377
			    0.8097    -0.3600    -0.4634
			    0.8135    -0.2439    -0.5279
			    0.2757    0.7620    0.5860
			    -0.9239    0.0417    0.3803
			    0.2653    -0.6463    0.7155
			    -0.2757    -0.7620    -0.5860
			    0.9239    -0.0417    -0.3803
			    -0.2653    0.6463    -0.7155
		b:
			    -67.5440
			    262.2723
			    87.0694
			    303.9579
			    5.5452
			    7.4980
			    630.8856
			    -181.0338
			    290.2782
			    -621.8856
			    185.0338
			    -284.2782
	==================================================================================
	Q5:
		Shape: Polyhedra
		q_c:    417.0000    297.5000    520.0000
		ub :    421.3257    301.6003    525.5301
		lb :    412.6743    293.3997    514.4699
		A:
			    -0.6469    0.6776    -0.3499
			    0.1326    -0.9888    0.0692
			    0.1368    0.6487    -0.7487
			    -0.0785    0.9741    -0.2119
			    -0.5754    0.5798    -0.5768
			    0.6595    -0.4026    0.6347
			    0.2374    0.4021    0.8843
			    -0.4536    0.8508    -0.2651
			    -0.8590    -0.3382    0.3844
			    -0.2374    -0.4021    -0.8843
			    0.4536    -0.8508    0.2651
			    0.8590    0.3382    -0.3844
		b:
			    -248.3294
			    -200.8022
			    -136.5736
			    148.8254
			    -365.0800
			    488.1371
			    682.9435
			    -72.3964
			    -255.9381
			    -673.9435
			    75.3964
			    261.9381
	==================================================================================
	Q6:
		Shape: Ellipse
		q_c:    414.5000    287.0000    505.0000
		ub :    420.4089    293.1357    509.5219
		lb :    408.5911    280.8643    500.4781
		P^-1: 
			    0.0711    0.0331    0.0121
			    0.0331    0.0837    -0.0100
			    0.0121    -0.0100    0.1074


===========================================================================================
===========================================================================================
S10:
	q_c:    66.5000    468.0000    433.5000
	ub :    101.0000    493.0000    450.0000
	lb :    32.0000    443.0000    417.0000

	==================================================================================
	Q1:
		Shape: Ellipse
		q_c:    81.0000    451.0000    438.5000
		ub :    86.2010    461.3791    448.7529
		lb :    75.7990    440.6209    428.2471
		P^-1: 
			    0.2121    -0.0683    0.0526
			    -0.0683    0.0429    -0.0143
			    0.0526    -0.0143    0.0343
	==================================================================================
	Q2:
		Shape: Ellipse
		q_c:    68.0000    460.0000    427.5000
		ub :    76.2659    468.4340    433.4574
		lb :    59.7341    451.5660    421.5426
		P^-1: 
			    0.0795    0.0479    0.0432
			    0.0479    0.0594    0.0374
			    0.0432    0.0374    0.0814
