3D_45_12_6_b                l = 3

===========================================================================================
===========================================================================================
S1:
	q_c:	49.5	261.5	30.0
	ub :	57.2584	271.3911	37.6158
	lb :	43.6597	254.5054	24.0407

	==================================================================================
	Q1:
		Shape: Polyhedra
		q_c:	53.0	262.0	26.5
		ub :	56.3763	265.6062	28.8882
		lb :	49.6237	258.3938	24.1118
		A:
			-0.0966	0.5771	-0.8109
			0.2446	-0.773	0.5854
			-0.9668	0.2282	-0.1147
			-0.8921	0.4183	0.1708
			-0.8901	0.2859	0.355
			-0.508	0.014	-0.8613
			0.9265	0.3745	0.0357
			0.3615	-0.86	-0.3602
			-0.1042	0.3467	-0.9322
			-0.9265	-0.3745	-0.0357
			-0.3615	0.86	0.3602
			0.1042	-0.3467	0.9322
		b:
			126.1819
			-172.1972
			7.9337
			69.334
			39.6368
			-44.2523
			150.6725
			-213.2003
			62.1097
			-145.6725
			218.2003
			-59.1097
	==================================================================================
	Q2:
		Shape: Polyhedra
		q_c:	53.5	264.5	29.0
		ub :	57.2584	268.4496	32.4899
		lb :	49.7416	260.5504	25.5101
		A:
			0.843	0.016	-0.5377
			0.3124	0.3412	-0.8866
			0.7796	0.453	-0.4326
			-0.9018	0.182	-0.3921
			-0.4606	0.4897	-0.7403
			0.5742	0.61	-0.5461
			0.6437	0.6998	0.3097
			0.7591	-0.5327	-0.3741
			-0.0968	0.4759	-0.8742
			-0.6437	-0.6998	-0.3097
			-0.7591	0.5327	0.3741
			0.0968	-0.4759	0.8742
		b:
			36.4711
			83.4243
			151.274
			-9.0321
			85.5512
			178.3463
			230.5209
			-108.138
			97.3417
			-226.5209
			114.138
			-93.3417
	==================================================================================
	Q3:
		Shape: Ellipse
		q_c:	47.0	263.0	34.5
		ub :	50.3403	265.8518	37.6158
		lb :	43.6597	260.1482	31.3842
		P^-1:
			0.2988	-0.138	0.0344
			-0.138	0.2971	-0.0342
			0.0344	-0.0342	0.1685
	==================================================================================
	Q4:
		Shape: Ellipse
		q_c:	48.5	264.5	31.0
		ub :	52.5487	267.7595	35.1165
		lb :	44.4513	261.2405	26.8835
		P^-1:
			0.1825	0.0156	0.0676
			0.0156	0.2464	-0.0156
			0.0676	-0.0156	0.1822
	==================================================================================
	Q5:
		Shape: Polyhedra
		q_c:	49.0	257.5	27.5
		ub :	53.5851	260.4946	30.9593
		lb :	44.4149	254.5054	24.0407
		A:
			-0.919	-0.3089	-0.2451
			-0.1499	0.292	-0.9446
			0.6035	0.0587	0.7952
			0.5063	0.802	0.317
			0.4335	-0.8784	-0.2013
			0.4682	-0.497	0.7306
			0.3062	0.3417	0.8885
			-0.9409	-0.0335	0.3371
			0.145	-0.9392	0.3112
			-0.3062	-0.3417	-0.8885
			0.9409	0.0335	-0.3371
			-0.145	0.9392	-0.3112
		b:
			-128.0139
			43.8984
			68.5211
			242.4339
			-207.7013
			-82.7116
			128.9238
			-41.4605
			-223.6858
			-125.9238
			49.4605
			228.6858
	==================================================================================
	Q6:
		Shape: Polyhedra
		q_c:	50.5	268.0	35.0
		ub :	53.6335	271.3911	37.3231
		lb :	47.3665	264.6089	32.6769
		A:
			-0.2013	-0.9407	-0.2732
			0.0922	0.2329	0.9681
			0.0847	0.6987	0.7104
			0.1099	0.8451	0.5231
			-0.3567	0.4033	0.8427
			-0.7211	-0.6048	0.338
			0.7962	0.6004	0.0744
			0.6048	-0.7929	-0.0741
			0.0145	0.104	-0.9945
			-0.7962	-0.6004	-0.0744
			-0.6048	0.7929	0.0741
			-0.0145	-0.104	0.9945
		b:
			-269.6022
			102.9808
			218.5659
			252.5774
			121.7433
			-184.6661
			205.7246
			-182.0458
			-4.1955
			-201.7246
			187.0458
			8.1955


===========================================================================================
===========================================================================================
S2:
	q_c:	185.0	81.5	136.0
	ub :	198.4434	97.2912	155.7252
	lb :	168.8448	68.1702	120.2059

	==================================================================================
	Q1:
		Shape: Polyhedra
		q_c:	176.0	77.0	147.0
		ub :	182.4876	85.8298	153.9848
		lb :	169.5124	68.1702	140.0152
		A:
			0.7208	-0.2591	-0.6429
			0.5634	0.4507	-0.6924
			-0.8059	0.0189	0.5917
			-0.9856	-0.1548	0.0674
			0.9471	0.1503	0.2835
			-0.2022	-0.6003	0.7738
			0.1276	0.1385	0.9821
			-0.3999	0.9133	-0.0768
			-0.9076	-0.3829	0.1719
			-0.1276	-0.1385	-0.9821
			0.3999	-0.9133	0.0768
			0.9076	0.3829	-0.1719
		b:
			17.7464
			36.5298
			-49.0098
			-172.0184
			224.0683
			37.7432
			183.4911
			-3.848
			-160.9577
			-171.4911
			18.848
			166.9577
	==================================================================================
	Q2:
		Shape: Polyhedra
		q_c:	189.5	89.0	128.0
		ub :	195.6153	97.2912	135.7941
		lb :	183.3847	80.7088	120.2059
		A:
			-0.5752	-0.7673	0.2835
			0.7052	0.255	0.6616
			-0.3745	-0.4216	-0.8259
			-0.4856	0.2669	-0.8325
			0.9276	0.2919	-0.2331
			0.7763	0.2696	0.5698
			0.7025	0.2892	0.6502
			-0.7087	0.2009	0.6763
			0.065	-0.9359	0.3461
			-0.7025	-0.2892	-0.6502
			0.7087	-0.2009	-0.6763
			-0.065	0.9359	-0.3461
		b:
			-134.7988
			242.5301
			-211.3132
			-170.5205
			177.3218
			245.6929
			243.5998
			-23.3516
			-19.6796
			-240.5998
			36.3516
			33.6796
	==================================================================================
	Q3:
		Shape: Polyhedra
		q_c:	174.0	78.5	138.5
		ub :	179.1552	83.1543	143.1189
		lb :	168.8448	73.8457	133.8811
		A:
			0.9986	-0.046	0.0262
			-0.8955	-0.3991	0.1967
			-0.036	-0.7477	0.663
			-0.3445	0.9101	0.2305
			0.0921	0.5274	-0.8446
			0.0171	0.0024	0.9999
			0.6761	0.3198	0.6638
			-0.6598	-0.138	0.7386
			0.3278	-0.9374	0.1176
			-0.6761	-0.3198	-0.6638
			0.6598	0.138	-0.7386
			-0.3278	0.9374	-0.1176
		b:
			176.8501
			-156.9011
			30.1759
			46.8729
			-56.3855
			144.6446
			237.6815
			-20.3463
			3.2472
			-231.6815
			26.3463
			3.7528
	==================================================================================
	Q4:
		Shape: Ellipse
		q_c:	189.5	85.5	147.5
		ub :	197.1141	94.1314	155.7252
		lb :	181.8859	76.8686	139.2748
		P^-1:
			0.0433	0.0081	-0.0114
			0.0081	0.0395	-0.0091
			-0.0114	-0.0091	0.0458
	==================================================================================
	Q5:
		Shape: Hybrid
		q_c:	183.0	79.5	143.0
		ub :	190.3585	85.6266	150.8008
		lb :	175.6415	73.3734	135.1992
		P^-1:
			0.0615	0.0145	-0.0427
			0.0145	0.0621	-0.0008
			-0.0427	-0.0008	0.0704
		A:
			0.6191	0.6591	-0.4271
			0.4739	0.5732	-0.6685
			-0.8957	-0.003	0.4447
			-0.6717	-0.5126	0.5348
			0.9518	0.1144	-0.2845
			0.4584	-0.4124	-0.7873
		b:
			106.4179
			38.6123
			-98.1942
			-85.5511
			145.4465
			-59.5443
	==================================================================================
	Q6:
		Shape: Hybrid
		q_c:	192.5	77.5	133.5
		ub :	198.4434	83.8452	140.7399
		lb :	186.5566	71.1548	126.2601
		P^-1:
			0.0695	-0.0274	-0.01
			-0.0274	0.0866	0.0162
			-0.01	0.0162	0.0281
		A:
			-0.506	0.8614	0.0445
			0.6221	-0.7582	0.1953
			-0.841	0.4734	-0.2619
			0.3584	-0.9287	0.0948
			0.4753	0.8759	-0.0831
			0.8916	-0.2488	-0.3784
		b:
			-23.0107
			89.3851
			-157.528
			11.7859
			151.2147
			104.1229


===========================================================================================
===========================================================================================
S3:
	q_c:	192.0	102.5	264.0
	ub :	214.2907	128.866	278.9622
	lb :	166.8715	79.1807	238.16

	==================================================================================
	Q1:
		Shape: Polyhedra
		q_c:	205.5	87.5	247.0
		ub :	213.9601	92.7119	255.84
		lb :	197.0399	82.2881	238.16
		A:
			0.0639	-0.9476	0.3131
			-0.4245	0.0229	0.9051
			0.4021	-0.8894	-0.2172
			0.6297	-0.7142	-0.3057
			-0.2012	0.5269	-0.8258
			0.4626	-0.0299	-0.886
			0.5957	0.1037	0.7965
			-0.4095	0.8923	0.1901
			-0.691	-0.4394	0.574
			-0.5957	-0.1037	-0.7965
			0.4095	-0.8923	-0.1901
			0.691	0.4394	-0.574
		b:
			11.1325
			143.224
			-45.8342
			-5.4566
			-193.1973
			-121.6526
			335.719
			43.8853
			-34.6801
			-320.719
			-37.8853
			42.6801
	==================================================================================
	Q2:
		Shape: Hybrid
		q_c:	199.5	92.5	253.5
		ub :	213.4671	105.8193	259.1434
		lb :	185.5329	79.1807	247.8566
		P^-1:
			0.029	0.035	0.0848
			0.035	0.0673	0.1423
			0.0848	0.1423	0.3674
		A:
			-0.7938	0.2089	-0.5711
			-0.1764	0.9676	0.1805
			-0.5129	-0.4536	-0.7288
			-0.1722	-0.4147	-0.8935
			0.0791	0.6471	0.7583
			0.6699	0.4696	0.5751
		b:
			-275.8525
			108.3451
			-325.9453
			-298.2945
			270.9281
			327.837
	==================================================================================
	Q3:
		Shape: Hybrid
		q_c:	202.5	116.5	255.0
		ub :	212.8079	128.866	268.4442
		lb :	192.1921	104.134	241.5558
		P^-1:
			0.0327	-0.0058	-0.0116
			-0.0058	0.0175	-0.0028
			-0.0116	-0.0028	0.0193
		A:
			-0.8604	-0.0509	0.5071
			0.0349	0.7059	-0.7075
			0.0724	0.6589	0.7488
			-0.4583	-0.4793	0.7485
			-0.8452	-0.205	0.4935
			0.934	0.063	-0.3516
		b:
			-48.1826
			-86.6737
			289.6675
			45.9058
			-66.218
			109.8021
	==================================================================================
	Q4:
		Shape: Polyhedra
		q_c:	180.5	105.0	252.5
		ub :	194.1285	119.5273	265.3002
		lb :	166.8715	90.4727	239.6998
		A:
			0.4757	0.4364	-0.7637
			-0.582	-0.5984	-0.5506
			-0.1966	-0.9805	0.0056
			0.098	0.5001	-0.8604
			-0.9031	0.2514	0.3481
			-0.6965	-0.7113	0.0945
			0.8783	0.1655	0.4485
			-0.3829	-0.318	0.8673
			0.2861	-0.9335	-0.2159
			-0.8783	-0.1655	-0.4485
			0.3829	0.318	-0.8673
			-0.2861	0.9335	0.2159
		b:
			-53.5736
			-297.5449
			-126.3504
			-139.1746
			-39.4067
			-167.6703
			297.6545
			123.9933
			-89.3985
			-280.6545
			-108.9933
			112.3985
	==================================================================================
	Q5:
		Shape: Polyhedra
		q_c:	183.5	89.0	266.0
		ub :	188.8736	96.4625	275.6634
		lb :	178.1264	81.5375	256.3366
		A:
			0.8988	0.0252	-0.4377
			0.9126	-0.2694	-0.3077
			0.5658	-0.3262	-0.7573
			-0.9135	-0.2934	0.2817
			0.2798	0.787	0.5499
			0.9025	0.4297	-0.0293
			0.8307	0.5555	0.0377
			0.4724	-0.6673	-0.5758
			-0.2947	0.4961	-0.8167
			-0.8307	-0.5555	-0.0377
			-0.4724	0.6673	0.5758
			0.2947	-0.4961	0.8167
		b:
			52.9945
			64.2785
			-122.917
			-116.8324
			270.1444
			197.6276
			213.4059
			-123.3559
			-217.1683
			-210.4059
			128.3559
			237.1683
	==================================================================================
	Q6:
		Shape: Hybrid
		q_c:	203.0	115.5	272.0
		ub :	214.2907	126.4756	278.9622
		lb :	191.7093	104.5244	265.0378
		P^-1:
			0.0211	0.0043	-0.012
			0.0043	0.0197	-0.006
			-0.012	-0.006	0.0578
		A:
			-0.4121	0.2779	-0.8677
			0.9423	-0.3199	-0.099
			-0.4186	-0.1676	0.8926
			-0.283	-0.1105	-0.9527
			-0.1441	-0.7851	0.6024
			0.2762	0.1902	-0.9421
		b:
			-283.5549
			133.0367
			140.5457
			-325.9621
			47.7845
			-176.2051


===========================================================================================
===========================================================================================
S4:
	q_c:	281.0	98.5	271.0
	ub :	283.6424	110.1998	277.3034
	lb :	269.8217	91.0617	261.0899

	==================================================================================
	Q1:
		Shape: Hybrid
		q_c:	275.0	98.5	272.0
		ub :	280.1783	101.8498	277.3034
		lb :	269.8217	95.1502	266.6966
		P^-1:
			0.1283	-0.0547	0.0408
			-0.0547	0.2075	-0.0332
			0.0408	-0.0332	0.0878
		A:
			0.157	-0.8102	0.5648
			0.8451	0.4499	-0.2887
			0.0769	0.979	-0.1887
			0.5052	0.8621	-0.0399
			0.2266	0.905	-0.36
			0.1123	-0.9634	-0.2435
		b:
			118.4342
			200.7243
			67.6899
			214.908
			55.2646
			-128.7159
	==================================================================================
	Q2:
		Shape: Hybrid
		q_c:	278.5	99.5	265.0
		ub :	282.3892	103.8241	268.9101
		lb :	274.6108	95.1759	261.0899
		P^-1:
			0.1362	0.0196	0.0146
			0.0196	0.1749	-0.0548
			0.0146	-0.0548	0.21
		A:
			0.0214	0.9737	0.2268
			-0.1896	-0.0387	-0.9811
			0.2823	0.876	0.3911
			-0.05	0.924	-0.379
			-0.4346	0.0558	-0.8989
			-0.7566	0.4174	0.5032
		b:
			164.6018
			-315.3798
			271.0157
			-21.1853
			-352.4561
			-33.8636
	==================================================================================
	Q3:
		Shape: Polyhedra
		q_c:	274.5	99.0	265.5
		ub :	276.782	102.8402	269.0534
		lb :	272.218	95.1598	261.9466
		A:
			-0.8133	0.431	0.3909
			0.3633	0.3169	0.8761
			0.6649	0.7465	-0.023
			-0.0523	-0.9103	-0.4105
			0.2174	-0.5725	-0.7905
			-0.1592	-0.8479	-0.5057
			0.9687	0.2456	0.0374
			0.153	-0.7084	0.6891
			0.1957	-0.6618	-0.7237
			-0.9687	-0.2456	-0.0374
			-0.153	0.7084	-0.6891
			-0.1957	0.6618	0.7237
		b:
			-75.2128
			365.7485
			252.3702
			-211.6031
			-205.3539
			-260.2312
			301.6269
			158.321
			-202.4505
			-298.6269
			-151.321
			205.4505
	==================================================================================
	Q4:
		Shape: Polyhedra
		q_c:	280.0	94.5	274.5
		ub :	283.6424	97.9383	277.2124
		lb :	276.3576	91.0617	271.7876
		A:
			-0.0918	-0.8304	-0.5496
			-0.5694	0.2349	0.7878
			-0.1178	-0.9642	-0.2374
			0.5341	0.3916	0.7493
			-0.2631	-0.1175	0.9576
			0.6588	-0.3864	0.6456
			0.3382	0.6685	0.6624
			0.9137	-0.4017	-0.0611
			0.2252	0.6259	-0.7467
			-0.3382	-0.6685	-0.6624
			-0.9137	0.4017	0.0611
			-0.2252	-0.6259	0.7467
		b:
			-253.727
			81.4978
			-187.6215
			393.5812
			180.3716
			327.7671
			340.6817
			204.1192
			-80.2523
			-338.6817
			-198.1192
			85.2523
	==================================================================================
	Q5:
		Shape: Polyhedra
		q_c:	279.5	106.5	266.5
		ub :	283.0844	110.1998	269.9671
		lb :	275.9156	102.8002	263.0329
		A:
			-0.3752	0.6923	0.6164
			-0.4083	-0.4073	-0.8169
			0.4822	-0.2402	-0.8425
			-0.3091	0.448	-0.8389
			0.1682	0.7828	0.5991
			-0.2583	0.3364	-0.9056
			0.9135	0.3872	0.1245
			0.2697	-0.8058	0.5272
			0.3045	-0.4481	-0.8405
			-0.9135	-0.3872	-0.1245
			-0.2697	0.8058	-0.5272
			-0.3045	0.4481	0.8405
		b:
			135.5726
			-372.7372
			-112.8566
			-260.1227
			292.5087
			-275.5288
			332.2511
			132.0762
			-184.1256
			-327.2511
			-128.0762
			189.1256
	==================================================================================
	Q6:
		Shape: Polyhedra
		q_c:	276.0	99.5	271.0
		ub :	280.1945	104.6977	276.1651
		lb :	271.8055	94.3023	265.8349
		A:
			0.6371	-0.1704	-0.7517
			0.8754	0.2454	-0.4166
			-0.8877	0.4528	-0.0835
			-0.2644	0.661	0.7023
			0.4397	-0.3574	-0.824
			-0.4114	0.3009	0.8604
			0.6503	0.6951	0.3066
			0.7346	-0.4725	-0.4869
			-0.1936	0.5419	-0.8179
			-0.6503	-0.6951	-0.3066
			-0.7346	0.4725	0.4869
			0.1936	-0.5419	0.8179
		b:
			-42.375
			155.7701
			-219.8652
			185.4861
			-135.0234
			152.1677
			334.7196
			25.7818
			-217.1646
			-328.7196
			-21.7818
			225.1646


===========================================================================================
===========================================================================================
S5:
	q_c:	223.0	226.0	80.0
	ub :	239.2041	245.2492	86.6748
	lb :	209.7648	213.9346	66.8823

	==================================================================================
	Q1:
		Shape: Polyhedra
		q_c:	234.5	224.0	72.5
		ub :	239.2041	229.8318	78.1177
		lb :	229.7959	218.1682	66.8823
		A:
			-0.8969	0.4377	0.0631
			0.6839	-0.3807	-0.6224
			0.3075	-0.2452	0.9194
			0.8664	-0.4493	-0.2178
			-0.6364	0.7704	-0.0395
			-0.5074	-0.1395	-0.8503
			0.3644	0.7662	0.5294
			0.8442	-0.5117	0.1596
			0.3932	0.3887	-0.8333
			-0.3644	-0.7662	-0.5294
			-0.8442	0.5117	-0.1596
			-0.3932	-0.3887	0.8333
		b:
			-105.5975
			33.0756
			87.1772
			89.0633
			22.8954
			-208.0687
			299.9441
			96.906
			122.3619
			-290.9441
			-92.906
			-115.3619
	==================================================================================
	Q2:
		Shape: Ellipse
		q_c:	221.5	230.5	78.0
		ub :	228.8238	236.477	83.0007
		lb :	214.1762	224.523	72.9993
		P^-1:
			0.0504	0.0703	0.0551
			0.0703	0.2511	0.1881
			0.0551	0.1881	0.2201
	==================================================================================
	Q3:
		Shape: Hybrid
		q_c:	215.5	230.0	74.0
		ub :	220.9053	235.4996	78.2842
		lb :	210.0947	224.5004	69.7158
		P^-1:
			0.101	-0.0104	0.0297
			-0.0104	0.1004	0.0325
			0.0297	0.0325	0.1322
		A:
			0.6418	0.5623	0.5214
			0.29	0.8491	0.4416
			-0.0902	0.931	0.3538
			-0.2004	-0.3197	-0.9261
			0.2198	0.9581	-0.1834
			-0.3705	0.8389	-0.3988
		b:
			307.839
			292.1457
			222.555
			-183.9174
			256.5772
			85.6158
	==================================================================================
	Q4:
		Shape: Ellipse
		q_c:	216.5	238.5	76.5
		ub :	223.077	245.2492	81.1961
		lb :	209.923	231.7508	71.8039
		P^-1:
			0.0576	0.0142	-0.0252
			0.0142	0.074	-0.0438
			-0.0252	-0.0438	0.1272
	==================================================================================
	Q5:
		Shape: Polyhedra
		q_c:	218.0	221.0	80.0
		ub :	225.688	228.0654	86.6748
		lb :	210.312	213.9346	73.3252
		A:
			-0.7186	0.428	0.5481
			0.0255	-0.7609	0.6483
			0.7185	-0.5279	-0.453
			0.1742	-0.9773	0.1203
			0.2221	-0.793	0.5673
			0.0282	-0.6377	-0.7698
			0.6482	0.6791	0.3445
			-0.3354	-0.1516	0.9298
			0.6836	-0.7182	0.1295
			-0.6482	-0.6791	-0.3445
			0.3354	0.1516	-0.9298
			-0.6836	0.7182	-0.1295
		b:
			-13.2285
			-105.8033
			8.7229
			-163.6332
			-76.4925
			-191.8047
			322.9441
			-27.237
			5.6664
			-314.9441
			37.237
			4.3336
	==================================================================================
	Q6:
		Shape: Hybrid
		q_c:	214.5	232.0	72.5
		ub :	219.2352	236.9415	77.4606
		lb :	209.7648	227.0585	67.5394
		P^-1:
			0.2277	0.1364	-0.1486
			0.1364	0.2005	-0.0479
			-0.1486	-0.0479	0.2162
		A:
			-0.0587	-0.821	-0.5678
			0.0008	-0.4746	-0.8802
			0.1104	0.2947	-0.9492
			0.3551	0.7667	0.5349
			0.0713	-0.2892	-0.9546
			-0.4059	-0.6371	0.6552
		b:
			-242.4926
			-171.8981
			25.5117
			294.5684
			-119.1172
			-185.9632


===========================================================================================
===========================================================================================
S6:
	q_c:	172.0	264.0	415.5
	ub :	185.2705	277.7431	430.9863
	lb :	163.8187	255.3504	406.0764

	==================================================================================
	Q1:
		Shape: Polyhedra
		q_c:	169.5	264.0	411.0
		ub :	173.871	268.2611	415.9236
		lb :	165.129	259.7389	406.0764
		A:
			0.4754	-0.8622	0.1749
			-0.1673	-0.0246	-0.9856
			0.1964	0.9613	0.1934
			-0.4127	-0.7326	0.5412
			0.1866	-0.3453	0.9198
			0.6855	0.0102	-0.728
			0.6419	0.2429	0.7273
			0.0281	0.9404	-0.3388
			-0.7663	0.2379	0.5968
			-0.6419	-0.2429	-0.7273
			-0.0281	-0.9404	0.3388
			0.7663	-0.2379	-0.5968
		b:
			-72.0938
			-437.148
			369.4552
			-37.7975
			321.3211
			-176.8629
			474.3548
			116.7814
			181.6968
			-469.3548
			-110.7814
			-174.6968
	==================================================================================
	Q2:
		Shape: Ellipse
		q_c:	177.0	268.0	423.0
		ub :	180.2059	273.6892	428.9899
		lb :	173.7941	262.3108	417.0101
		P^-1:
			0.8058	-0.3654	-0.105
			-0.3654	0.2379	0.0579
			-0.105	0.0579	0.0682
	==================================================================================
	Q3:
		Shape: Ellipse
		q_c:	174.0	262.5	424.5
		ub :	180.5496	268.3461	430.9863
		lb :	167.4504	256.6539	418.0137
		P^-1:
			0.0724	-0.0174	0.0253
			-0.0174	0.051	-0.0189
			0.0253	-0.0189	0.0771
	==================================================================================
	Q4:
		Shape: Ellipse
		q_c:	181.5	268.5	414.0
		ub :	185.2705	270.2774	417.6077
		lb :	177.7295	266.7226	410.3923
		P^-1:
			0.2434	-0.0041	0.1803
			-0.0041	0.4444	0.0037
			0.1803	0.0037	0.2827
	==================================================================================
	Q5:
		Shape: Polyhedra
		q_c:	171.0	270.5	413.5
		ub :	178.1813	277.7431	420.2317
		lb :	163.8187	263.2569	406.7683
		A:
			0.4017	0.5985	0.6932
			-0.0902	-0.8477	0.5227
			0.1283	0.9104	-0.3933
			-0.476	0.6694	-0.5704
			0.5581	0.8279	0.0552
			-0.9912	-0.1073	-0.0774
			0.2715	0.7967	0.54
			0.365	0.4339	-0.8237
			-0.8905	0.4208	-0.173
			-0.2715	-0.7967	-0.54
			-0.365	-0.4339	0.8237
			0.8905	-0.4208	0.173
		b:
			521.269
			-24.0767
			109.97
			-131.3318
			346.3833
			-225.7282
			489.2171
			-156.3011
			-105.0042
			-481.2171
			165.3011
			115.0042
	==================================================================================
	Q6:
		Shape: Ellipse
		q_c:	175.5	263.5	421.5
		ub :	183.2371	271.6496	428.3083
		lb :	167.7629	255.3504	414.6917
		P^-1:
			0.0377	-0.0056	0.0027
			-0.0056	0.0474	-0.0196
			0.0027	-0.0196	0.0696


===========================================================================================
===========================================================================================
S7:
	q_c:	108.5	493.5	335.0
	ub :	125.1134	504.5148	350.839
	lb :	103.3083	479.1685	320.1626

	==================================================================================
	Q1:
		Shape: Ellipse
		q_c:	118.5	493.5	339.0
		ub :	123.3314	498.0834	343.0787
		lb :	113.6686	488.9166	334.9213
		P^-1:
			0.1706	0.0836	0.0278
			0.0836	0.1294	0.0323
			0.0278	0.0323	0.1236
	==================================================================================
	Q2:
		Shape: Polyhedra
		q_c:	119.0	495.0	335.5
		ub :	125.1134	500.0732	341.0224
		lb :	112.8866	489.9268	329.9776
		A:
			-0.6207	-0.7625	0.1828
			0.3479	0.8614	-0.3701
			0.0426	-0.6465	-0.7617
			0.3349	-0.1892	0.9231
			0.0143	0.3522	0.9358
			0.1632	0.7691	0.6179
			0.5589	0.8131	0.1625
			0.4629	-0.1434	-0.8747
			-0.688	0.5641	-0.4566
			-0.5589	-0.8131	-0.1625
			-0.4629	0.1434	0.8747
			0.688	-0.5641	0.4566
		b:
			-387.3086
			346.7104
			-567.3537
			259.9934
			493.3843
			610.321
			526.0477
			-305.838
			48.705
			-521.0477
			312.838
			-39.705
	==================================================================================
	Q3:
		Shape: Ellipse
		q_c:	109.5	499.0	326.5
		ub :	115.0804	504.5148	332.8374
		lb :	103.9196	493.4852	320.1626
		P^-1:
			0.0784	-0.005	-0.0051
			-0.005	0.0739	-0.008
			-0.0051	-0.008	0.0735
	==================================================================================
	Q4:
		Shape: Polyhedra
		q_c:	117.0	488.0	341.0
		ub :	120.6489	490.7391	343.6301
		lb :	113.3511	485.2609	338.3699
		A:
			0.1132	0.6626	-0.7404
			0.2807	-0.5005	0.819
			0.0379	-0.7062	0.707
			-0.0355	-0.9411	0.3363
			0.0617	0.7137	-0.6977
			-0.1229	0.6342	-0.7634
			0.3029	0.6245	0.7199
			0.0921	0.7327	-0.6743
			-0.9486	0.2705	0.1644
			-0.3029	-0.6245	-0.7199
			-0.0921	-0.7327	0.6743
			0.9486	-0.2705	-0.1644
		b:
			84.6794
			69.169
			-98.4989
			-347.6263
			118.1199
			35.6207
			588.1783
			138.8931
			80.0861
			-583.1783
			-137.8931
			-74.0861
	==================================================================================
	Q5:
		Shape: Ellipse
		q_c:	110.0	485.5	340.0
		ub :	116.6917	491.8315	346.2163
		lb :	103.3083	479.1685	333.7837
		P^-1:
			0.0676	0.0074	0.0111
			0.0074	0.0438	-0.0041
			0.0111	-0.0041	0.0728
	==================================================================================
	Q6:
		Shape: Hybrid
		q_c:	114.0	489.5	345.5
		ub :	119.9055	492.5072	350.839
		lb :	108.0945	486.4928	340.161
		P^-1:
			0.1994	0.2157	-0.2404
			0.2157	0.6047	-0.3615
			-0.2404	-0.3615	0.389
		A:
			-0.5137	-0.3277	0.7929
			-0.0959	-0.5394	0.8366
			0.2539	0.7555	-0.6039
			0.5724	0.6704	-0.4721
			0.2022	0.8448	-0.4954
			0.8565	0.1565	-0.4918
		b:
			55.9543
			15.9407
			190.77
			231.3511
			266.0668
			6.451


===========================================================================================
===========================================================================================
S8:
	q_c:	136.0	336.5	326.0
	ub :	141.4181	343.129	332.2864
	lb :	129.3614	330.1243	319.7294

	==================================================================================
	Q1:
		Shape: Hybrid
		q_c:	133.5	339.5	328.0
		ub :	135.3275	343.129	331.5642
		lb :	131.6725	335.871	324.4358
		P^-1:
			0.4421	0.0245	-0.0064
			0.0245	0.1889	0.0689
			-0.0064	0.0689	0.1745
		A:
			0.9568	-0.0926	0.2757
			0.5185	0.8489	0.103
			-0.2734	-0.4616	-0.8439
			0.6609	-0.3335	-0.6723
			0.8205	-0.5421	-0.1813
			-0.6048	0.6175	0.5029
		b:
			187.6963
			392.545
			-468.6784
			-244.3483
			-132.8621
			294.9768
	==================================================================================
	Q2:
		Shape: Hybrid
		q_c:	137.5	340.5	323.0
		ub :	139.0652	342.7204	326.2706
		lb :	135.9348	338.2796	319.7294
		P^-1:
			0.9418	-0.1584	-0.067
			-0.1584	0.4869	0.0724
			-0.067	0.0724	0.1268
		A:
			-0.7667	-0.5875	-0.2589
			-0.6825	0.3	0.6665
			0.9957	-0.0585	0.0715
			-0.1444	-0.1707	0.9747
			0.9104	-0.2683	0.315
			0.4492	0.8284	-0.3347
		b:
			-388.1133
			225.0119
			140.6976
			239.3005
			136.5597
			237.1182
	==================================================================================
	Q3:
		Shape: Polyhedra
		q_c:	137.5	336.5	328.5
		ub :	141.4181	340.1793	332.2864
		lb :	133.5819	332.8207	324.7136
		A:
			-0.0018	0.2074	-0.9783
			0.1752	-0.9435	0.2814
			-0.1524	-0.0307	-0.9878
			-0.8172	0.5682	0.0968
			-0.187	0.227	-0.9558
			-0.07	-0.724	0.6862
			0.3869	0.4454	0.8074
			-0.5538	0.8123	-0.1828
			-0.7373	-0.3765	0.5609
			-0.3869	-0.4454	-0.8074
			0.5538	-0.8123	0.1828
			0.7373	0.3765	-0.5609
		b:
			-249.3675
			-198.8791
			-353.3088
			112.7703
			-260.8882
			-25.545
			470.8129
			139.1695
			-41.2982
			-465.8129
			-135.1695
			46.2982
	==================================================================================
	Q4:
		Shape: Ellipse
		q_c:	133.5	335.0	325.0
		ub :	135.3486	337.2504	327.1526
		lb :	131.6514	332.7496	322.8474
		P^-1:
			1.924	1.577	0.994
			1.577	1.7851	0.8517
			0.994	0.8517	0.9854
	==================================================================================
	Q5:
		Shape: Ellipse
		q_c:	133.5	333.5	327.5
		ub :	137.6386	336.8757	331.5
		lb :	129.3614	330.1243	323.5
		P^-1:
			0.1776	0.097	-0.0383
			0.097	0.3119	-0.13
			-0.0383	-0.13	0.226
	==================================================================================
	Q6:
		Shape: Ellipse
		q_c:	134.5	335.0	324.0
		ub :	136.3367	336.5065	325.604
		lb :	132.6633	333.4935	322.396
		P^-1:
			1.245	0.5928	1.1271
			0.5928	1.9359	1.329
			1.1271	1.329	2.2635


===========================================================================================
===========================================================================================
S9:
	q_c:	454.5	57.0	488.5
	ub :	461.717	64.3521	496.2113
	lb :	446.7455	52.0225	481.4805

	==================================================================================
	Q1:
		Shape: Polyhedra
		q_c:	452.5	60.0	486.0
		ub :	456.9611	64.3521	489.5614
		lb :	448.0389	55.6479	482.4386
		A:
			0.4589	0.602	-0.6534
			0.4508	0.8448	-0.2882
			0.6969	-0.5099	0.5043
			-0.3044	-0.9034	0.3022
			-0.0329	-0.8931	-0.4486
			0.3091	0.6416	-0.702
			0.6642	0.5269	0.5303
			-0.7169	0.65	0.2521
			-0.2118	-0.5476	0.8095
			-0.6642	-0.5269	-0.5303
			0.7169	-0.65	-0.2521
			0.2118	0.5476	-0.8095
		b:
			-72.1041
			116.7972
			532.4981
			-42.9193
			-283.5277
			-161.2669
			592.8851
			-159.8721
			266.1895
			-586.8851
			165.8721
			-263.1895
	==================================================================================
	Q2:
		Shape: Polyhedra
		q_c:	455.0	57.0	485.5
		ub :	459.2419	60.3018	489.5195
		lb :	450.7581	53.6982	481.4805
		A:
			-0.8915	0.423	-0.1622
			0.3344	-0.3709	0.8664
			0.7439	0.5962	-0.3018
			-0.7939	0.4466	0.4127
			-0.0839	-0.9694	0.2306
			0.106	0.9329	-0.3442
			0.7499	0.4099	0.5192
			0.4319	-0.8979	0.0851
			0.5011	0.1604	-0.8504
			-0.7499	-0.4099	-0.5192
			-0.4319	0.8979	-0.0851
			-0.5011	-0.1604	0.8504
		b:
			-458.0325
			554.2264
			228.7047
			-132.8538
			20.783
			-63.3984
			619.1563
			188.6533
			-172.7265
			-614.1563
			-184.6533
			178.7265
	==================================================================================
	Q3:
		Shape: Polyhedra
		q_c:	450.0	58.0	493.0
		ub :	453.2545	60.7658	496.2113
		lb :	446.7455	55.2342	489.7887
		A:
			0.3347	0.9382	-0.0878
			-0.0125	0.4957	0.8684
			0.3515	0.9205	-0.1708
			-0.5265	-0.8418	-0.1193
			-0.0287	0.6533	0.7565
			-0.3747	0.0171	0.927
			0.1651	0.7227	0.6712
			-0.3516	0.6789	-0.6446
			-0.9215	-0.1296	0.3662
			-0.1651	-0.7227	-0.6712
			0.3516	-0.6789	0.6446
			0.9215	0.1296	-0.3662
		b:
			163.676
			452.849
			129.3466
			-342.6365
			399.4902
			291.4686
			448.5764
			-434.6128
			-239.1711
			-445.5764
			438.6128
			244.1711
	==================================================================================
	Q4:
		Shape: Polyhedra
		q_c:	459.5	55.5	492.5
		ub :	461.717	57.6874	495.6499
		lb :	457.283	53.3126	489.3501
		A:
			0.7079	-0.6468	0.2839
			-0.2641	-0.9557	-0.1302
			-0.918	-0.3701	-0.1424
			0.9357	-0.2077	0.2851
			0.9463	-0.2022	-0.2523
			0.4281	0.9018	0.0596
			0.7601	0.6117	0.2193
			-0.6265	0.7794	-0.0024
			-0.1724	-0.1355	0.9757
			-0.7601	-0.6117	-0.2193
			0.6265	-0.7794	0.0024
			0.1724	0.1355	-0.9757
		b:
			430.8123
			-237.343
			-511.4088
			560.2046
			301.0072
			277.2874
			492.1966
			-244.3415
			396.7824
			-490.1966
			247.3415
			-390.7824
	==================================================================================
	Q5:
		Shape: Polyhedra
		q_c:	452.5	55.0	491.5
		ub :	455.1431	57.9775	494.2322
		lb :	449.8569	52.0225	488.7678
		A:
			-0.2963	-0.9001	-0.3196
			0.4147	0.8645	0.2839
			-0.4705	-0.671	0.573
			0.9241	-0.2768	0.2633
			0.9485	0.2389	-0.2081
			0.7991	0.5442	-0.2555
			0.3556	0.7127	0.6046
			0.7053	0.2199	-0.674
			-0.6133	0.6661	-0.4245
			-0.3556	-0.7127	-0.6046
			-0.7053	-0.2199	0.674
			0.6133	-0.6661	0.4245
		b:
			-338.6635
			376.655
			33.1807
			534.221
			341.399
			267.3266
			499.2711
			0.9588
			-447.5275
			-495.2711
			1.0412
			451.5275
	==================================================================================
	Q6:
		Shape: Ellipse
		q_c:	455.5	58.0	488.5
		ub :	458.713	60.3214	490.5228
		lb :	452.287	55.6786	486.4772
		P^-1:
			0.1128	0.0151	-0.0008
			0.0151	0.2483	0.0001
			-0.0008	0.0001	0.25


===========================================================================================
===========================================================================================
S10:
	q_c:	425.5	24.0	28.5
	ub :	428.6867	26.9455	31.1882
	lb :	424.8715	23.0585	26.2885

	==================================================================================
	Q1:
		Shape: Ellipse
		q_c:	426.0	24.5	27.5
		ub :	426.8931	25.2237	28.6209
		lb :	425.1069	23.7763	26.3791
		P^-1:
			3.8753	-0.0123	0.5986
			-0.0123	3.9988	0.0589
			0.5986	0.0589	1.1259
	==================================================================================
	Q2:
		Shape: Ellipse
		q_c:	426.0	24.0	30.0
		ub :	427.1118	24.9415	31.1882
		lb :	424.8882	23.0585	28.8118
		P^-1:
			3.2281	-0.3938	1.2509
			-0.3938	3.7991	0.6382
			1.2509	0.6382	1.9728
	==================================================================================
	Q3:
		Shape: Ellipse
		q_c:	427.0	25.0	27.5
		ub :	428.4267	26.4181	28.4996
		lb :	425.5733	23.5819	26.5004
		P^-1:
			1.1035	0.1893	0.5136
			0.1893	1.3464	0.9399
			0.5136	0.9399	3.5501
	==================================================================================
	Q4:
		Shape: Hybrid
		q_c:	426.5	25.0	28.5
		ub :	428.1285	26.3593	30.0329
		lb :	424.8715	23.6407	26.9671
		P^-1:
			1.0	-0.0	0.0
			-0.0	1.0	-0.0
			0.0	-0.0	1.0
		A:
			-0.2496	0.9295	-0.2715
			-0.9715	0.102	-0.2142
			-0.2183	0.1564	-0.9633
			0.8966	-0.4068	0.1751
			0.518	0.8063	-0.2856
			-0.8194	0.5618	0.1135
		b:
			-90.4558
			-417.3812
			-116.1408
			377.7099
			233.4429
			-331.7036
	==================================================================================
	Q5:
		Shape: Hybrid
		q_c:	427.5	26.0	29.0
		ub :	428.6867	26.9455	30.0775
		lb :	426.3133	25.0545	27.9225
		P^-1:
			1.7137	1.275	-0.0773
			1.275	3.2779	-0.138
			-0.0773	-0.138	1.0084
		A:
			0.9229	0.3347	-0.1902
			-0.3094	-0.8612	-0.4033
			-0.1641	-0.9504	0.2644
			-0.4026	-0.6961	0.5944
			-0.2323	-0.8864	0.4003
			-0.3653	0.9209	-0.1362
		b:
			398.2561
			-165.9479
			-86.8276
			-172.5311
			-110.3885
			-135.5662
	==================================================================================
	Q6:
		Shape: Hybrid
		q_c:	427.0	25.5	27.5
		ub :	428.0608	26.2871	28.7115
		lb :	425.9392	24.7129	26.2885
		P^-1:
			3.4148	0.1241	1.1822
			0.1241	3.9737	-0.2506
			1.1822	-0.2506	1.6115
		A:
			-0.4728	0.3249	-0.8191
			-0.9735	0.0014	-0.2288
			-0.6684	0.7379	0.0933
			-0.0719	-0.9283	-0.3647
			-0.8363	0.4883	-0.2495
			0.0829	0.7204	-0.6886
		b:
			-215.7364
			-421.6387
			-263.6404
			-64.0337
			-351.2215
			35.2758


===========================================================================================
===========================================================================================
S11:
	q_c:	266.5	57.5	124.0
	ub :	303.802	92.8197	157.8264
	lb :	241.2876	27.1316	94.552

	==================================================================================
	Q1:
		Shape: Ellipse
		q_c:	286.0	42.0	110.5
		ub :	302.1664	56.0898	122.7387
		lb :	269.8336	27.9102	98.2613
		P^-1:
			0.005	0.0014	-0.0001
			0.0014	0.0136	0.0
			-0.0001	0.0	0.0138
	==================================================================================
	Q2:
		Shape: Ellipse
		q_c:	286.5	67.0	139.0
		ub :	303.802	86.6076	157.8264
		lb :	269.198	47.3924	120.1736
		P^-1:
			0.0126	0.0027	-0.0055
			0.0027	0.0068	-0.001
			-0.0055	-0.001	0.0105
	==================================================================================
	Q3:
		Shape: Ellipse
		q_c:	271.5	45.5	117.5
		ub :	284.9324	55.8493	127.273
		lb :	258.0676	35.1507	107.727
		P^-1:
			0.0129	-0.0181	0.0119
			-0.0181	0.1326	-0.1165
			0.0119	-0.1165	0.1305
	==================================================================================
	Q4:
		Shape: Polyhedra
		q_c:	260.5	78.5	107.0
		ub :	276.1451	92.8197	119.448
		lb :	244.8549	64.1803	94.552
		A:
			-0.4228	-0.3858	0.82
			-0.0065	0.9633	-0.2685
			-0.2567	0.9644	-0.0641
			-0.6628	0.7207	-0.2033
			-0.6357	-0.1073	-0.7645
			0.6433	0.5053	-0.5752
			0.9187	0.3212	0.2297
			0.1755	-0.8532	0.4912
			0.3537	-0.411	-0.8402
			-0.9187	-0.3212	-0.2297
			-0.1755	0.8532	-0.4912
			-0.3537	0.411	0.8402
		b:
			-44.3489
			54.3984
			10.4976
			-128.2955
			-244.5439
			155.8775
			302.1225
			40.2816
			-24.0186
			-276.1225
			-22.2816
			36.0186
	==================================================================================
	Q5:
		Shape: Ellipse
		q_c:	258.0	41.5	120.5
		ub :	274.7124	55.8684	135.2319
		lb :	241.2876	27.1316	105.7681
		P^-1:
			0.0105	-0.0026	0.006
			-0.0026	0.0119	-0.0053
			0.006	-0.0053	0.0172
	==================================================================================
	Q6:
		Shape: Hybrid
		q_c:	287.0	40.5	130.0
		ub :	297.7258	45.1772	139.5036
		lb :	276.2742	35.8228	120.4964
		P^-1:
			0.038	-0.0103	0.0371
			-0.0103	0.1052	-0.0068
			0.0371	-0.0068	0.0595
		A:
			-0.5782	-0.0009	-0.8159
			0.5757	-0.1297	0.8073
			-0.5928	0.3989	-0.6996
			-0.2603	0.89	-0.3744
			0.4473	-0.1696	0.8782
			0.0336	-0.9027	-0.429
		b:
			-270.1339
			266.7853
			-243.1742
			-85.7888
			237.8725
			-80.1941


===========================================================================================
===========================================================================================
S12:
	q_c:	309.0	253.0	345.0
	ub :	313.9483	259.1734	350.052
	lb :	304.1259	249.5094	341.7064

	==================================================================================
	Q1:
		Shape: Ellipse
		q_c:	309.5	256.0	347.0
		ub :	312.0347	259.1034	350.052
		lb :	306.9653	252.8966	343.948
		P^-1:
			0.3106	0.0664	0.0608
			0.0664	0.3228	0.0667
			0.0608	0.0667	0.311
	==================================================================================
	Q2:
		Shape: Hybrid
		q_c:	306.5	252.0	343.5
		ub :	308.8741	254.3107	345.2936
		lb :	304.1259	249.6893	341.7064
		P^-1:
			1.0647	0.8755	-1.124
			0.8755	1.2433	-1.383
			-1.124	-1.383	2.3865
		A:
			-0.6693	-0.421	0.6122
			0.2065	0.8143	-0.5424
			-0.4491	-0.6929	0.5642
			-0.5302	-0.4466	0.7208
			0.0209	0.636	-0.7714
			0.5566	0.6881	-0.4656
		b:
			-100.5402
			82.8759
			-118.0431
			-27.1502
			-97.6622
			184.5165
	==================================================================================
	Q3:
		Shape: Ellipse
		q_c:	311.0	255.0	345.5
		ub :	313.648	258.0069	348.8013
		lb :	308.352	251.9931	342.1987
		P^-1:
			0.7377	0.3559	0.1186
			0.3559	0.4675	0.0306
			0.1186	0.0306	0.2048
	==================================================================================
	Q4:
		Shape: Hybrid
		q_c:	310.5	257.0	345.0
		ub :	312.9262	259.1734	347.6365
		lb :	308.0738	254.8266	342.3635
		P^-1:
			0.3747	0.0084	0.0929
			0.0084	0.2506	0.0062
			0.0929	0.0062	0.3192
		A:
			-0.999	0.0315	-0.0308
			-0.1293	-0.2572	-0.9577
			-0.2363	-0.7848	0.5729
			0.1717	0.5354	0.827
			0.9128	-0.402	-0.072
			-0.3371	-0.9328	0.1276
		b:
			-311.7912
			-435.6222
			-76.174
			477.2602
			156.3184
			-299.1275
	==================================================================================
	Q5:
		Shape: Polyhedra
		q_c:	312.0	252.5	346.0
		ub :	313.9483	254.3873	348.2167
		lb :	310.0517	250.6127	343.7833
		A:
			0.9062	-0.3852	0.1747
			0.6796	0.1749	-0.7124
			-0.4046	0.5962	0.6935
			0.632	-0.4549	-0.6274
			0.9738	-0.1951	-0.1166
			-0.1564	-0.1505	0.9762
			0.3066	0.0896	0.9476
			-0.2845	0.9587	0.0014
			-0.9083	-0.2701	0.3194
			-0.3066	-0.0896	-0.9476
			0.2845	-0.9587	-0.0014
			0.9083	0.2701	-0.3194
		b:
			247.3132
			10.9813
			265.846
			-133.3521
			215.3793
			252.7665
			448.1525
			155.2712
			-240.0781
			-444.1525
			-152.2712
			242.0781
	==================================================================================
	Q6:
		Shape: Ellipse
		q_c:	310.5	253.0	346.5
		ub :	312.9105	256.4906	350.0272
		lb :	308.0895	249.5094	342.9728
		P^-1:
			0.4017	0.0459	-0.0669
			0.0459	0.2222	-0.0654
			-0.0669	-0.0654	0.2305


===========================================================================================
===========================================================================================
