3D_45_15_6_a                l = 3

===========================================================================================
===========================================================================================
S1:
	q_c:    122.5000    196.0000    245.0000
	ub :    136.0000    214.0000    256.0000
	lb :    109.0000    178.0000    234.0000

	==================================================================================
	Q1:
		Shape: Hybrid
		q_c:    125.5000    207.0000    235.5000
		ub :    129.6133    212.2324    239.4391
		lb :    121.3867    201.7676    231.5609
		P^-1: 
			    0.1392    -0.0389    -0.0090
			    -0.0389    0.0843    -0.0052
			    -0.0090    -0.0052    0.1101
		A:
			    -0.7289    0.1957    -0.6561
			    -0.6395    0.5589    0.5279
			    0.7951    0.4294    -0.4283
			    -0.7874    0.2337    -0.5704
			    -0.5077    0.1072    0.8548
			    0.8853    -0.3364    -0.3212
		b:
			    -203.8317
			    161.2449
			    89.9046
			    -183.1915
			    161.3683
			    -32.8897
	==================================================================================
	Q2:
		Shape: Polyhedra
		q_c:    118.5000    186.0000    249.0000
		ub :    123.6907    191.3149    253.7722
		lb :    113.3093    180.6851    244.2278
		A:
			    -0.6054    -0.1056    -0.7889
			    0.0378    0.0369    0.9986
			    -0.6311    0.5333    -0.5633
			    0.7137    -0.2115    -0.6678
			    -0.7549    0.6543    -0.0447
			    0.3994    0.8075    -0.4340
			    0.9636    0.1582    0.2154
			    -0.1583    -0.3113    0.9370
			    0.2153    -0.9371    -0.2749
			    -0.9636    -0.1582    -0.2154
			    0.1583    0.3113    -0.9370
			    -0.2153    0.9371    0.2749
		b:
			    -284.1616
			    263.1785
			    -112.1882
			    -117.4723
			    25.0835
			    92.9819
			    201.2508
			    159.6694
			    -213.2235
			    -193.2508
			    -153.6694
			    221.2235
	==================================================================================
	Q3:
		Shape: Polyhedra
		q_c:    116.0000    190.5000    242.5000
		ub :    121.8527    195.7026    249.1380
		lb :    110.1473    185.2974    235.8620
		A:
			    -0.3427    -0.9063    0.2475
			    0.4389    0.6563    -0.6138
			    -0.7094    0.4784    -0.5177
			    0.7106    -0.1806    0.6800
			    0.0866    0.8068    -0.5845
			    -0.7399    -0.6681    -0.0787
			    0.0466    0.3332    0.9417
			    -0.0300    0.9428    -0.3320
			    -0.9985    -0.0128    0.0539
			    -0.0466    -0.3332    -0.9417
			    0.0300    -0.9428    0.3320
			    0.9985    0.0128    -0.0539
		b:
			    -148.5423
			    31.3842
			    -111.9180
			    218.1292
			    25.7384
			    -227.2815
			    302.7336
			    99.0969
			    -99.6947
			    -291.7336
			    -92.0969
			    110.6947
	==================================================================================
	Q4:
		Shape: Ellipse
		q_c:    128.5000    192.0000    244.5000
		ub :    136.2634    199.5734    252.7237
		lb :    120.7366    184.4266    236.2763
		P^-1: 
			    0.0524    0.0029    0.0124
			    0.0029    0.0360    -0.0020
			    0.0124    -0.0020    0.0472
	==================================================================================
	Q5:
		Shape: Ellipse
		q_c:    119.5000    185.0000    249.0000
		ub :    125.5930    190.8608    254.9875
		lb :    113.4070    179.1392    243.0125
		P^-1: 
			    0.0916    0.0128    0.0252
			    0.0128    0.0680    0.0126
			    0.0252    0.0126    0.0540
	==================================================================================
	Q6:
		Shape: Hybrid
		q_c:    117.0000    192.0000    245.5000
		ub :    121.5284    197.7590    251.1708
		lb :    112.4716    186.2410    239.8292
		P^-1: 
			    0.0625    0.0014    0.0006
			    0.0014    0.0580    0.0142
			    0.0006    0.0142    0.0729
		A:
			    0.6524    -0.6604    0.3718
			    -0.3105    0.8865    0.3430
			    0.0163    -0.7128    0.7012
			    -0.6997    0.6608    0.2716
			    0.6457    -0.7423    0.1790
			    0.9143    0.1987    0.3530
		b:
			    43.3688
			    220.2941
			    39.8735
			    113.9319
			    -20.5060
			    233.9342


===========================================================================================
===========================================================================================
S2:
	q_c:    111.0000    79.0000    85.5000
	ub :    124.0000    90.0000    101.0000
	lb :    98.0000    68.0000    70.0000

	==================================================================================
	Q1:
		Shape: Ellipse
		q_c:    104.0000    82.5000    91.0000
		ub :    108.1327    88.8774    96.1159
		lb :    99.8673    76.1226    85.8841
		P^-1: 
			    0.1526    0.0186    -0.0207
			    0.0186    0.0365    0.0007
			    -0.0207    0.0007    0.0664
	==================================================================================
	Q2:
		Shape: Hybrid
		q_c:    121.0000    87.0000    80.5000
		ub :    126.7192    92.6806    83.1589
		lb :    115.2808    81.3194    77.8411
		P^-1: 
			    0.0800    -0.0402    0.1204
			    -0.0402    0.1546    -0.2761
			    0.1204    -0.2761    0.8904
		A:
			    0.6240    0.4221    -0.6576
			    -0.5075    0.1090    0.8547
			    -0.1476    0.4487    -0.8814
			    0.7342    -0.3943    -0.5526
			    -0.3638    -0.2857    0.8866
			    -0.2531    0.4652    -0.8483
		b:
			    61.8443
			    19.3230
			    -49.1254
			    13.3826
			    4.1316
			    -57.6546
	==================================================================================
	Q3:
		Shape: Polyhedra
		q_c:    112.0000    81.0000    75.0000
		ub :    119.0890    87.9254    83.3198
		lb :    104.9110    74.0746    66.6802
		A:
			    0.4831    -0.8725    -0.0728
			    -0.3576    0.8944    -0.2687
			    0.6696    -0.7366    -0.0957
			    -0.9317    0.3329    -0.1453
			    -0.9013    0.3583    0.2433
			    -0.6745    0.3948    0.6239
			    0.5298    0.5958    0.6036
			    -0.7094    0.7013    -0.0696
			    -0.4648    -0.3913    0.7942
			    -0.5298    -0.5958    -0.6036
			    0.7094    -0.7013    0.0696
			    0.4648    0.3913    -0.7942
		b:
			    -19.5539
			    15.5132
			    10.3450
			    -85.3757
			    -50.0982
			    7.8854
			    157.8663
			    -25.8720
			    -17.6877
			    -147.8663
			    29.8720
			    30.6877
	==================================================================================
	Q4:
		Shape: Ellipse
		q_c:    112.5000    81.0000    80.5000
		ub :    118.1753    84.5718    85.9511
		lb :    106.8247    77.4282    75.0489
		P^-1: 
			    0.0910    -0.0582    -0.0032
			    -0.0582    0.2214    0.0340
			    -0.0032    0.0340    0.0818
	==================================================================================
	Q5:
		Shape: Hybrid
		q_c:    120.5000    78.0000    82.0000
		ub :    126.0928    84.0977    87.9433
		lb :    114.9072    71.9023    76.0567
		P^-1: 
			    0.0731    -0.0012    0.0097
			    -0.0012    0.0336    0.0040
			    0.0097    0.0040    0.0705
		A:
			    0.7901    0.6100    -0.0611
			    -0.2007    -0.9767    0.0756
			    0.2920    -0.8521    -0.4343
			    0.0264    0.5106    0.8594
			    -0.2377    0.3634    -0.9008
			    -0.1694    0.0565    0.9839
		b:
			    140.6007
			    -90.4561
			    -63.6865
			    115.8433
			    -71.8206
			    66.8052
	==================================================================================
	Q6:
		Shape: Polyhedra
		q_c:    121.0000    80.5000    85.5000
		ub :    127.7921    88.7862    90.8922
		lb :    114.2079    72.2138    80.1078
		A:
			    0.3594    -0.6626    0.6572
			    -0.1791    0.1968    -0.9639
			    -0.0255    -0.1963    -0.9802
			    -0.3185    0.1119    -0.9413
			    0.7583    -0.4005    0.5144
			    -0.7889    0.3615    -0.4969
			    0.5216    0.8362    0.1693
			    -0.1832    0.3036    -0.9350
			    -0.8333    0.4567    0.3115
			    -0.5216    -0.8362    -0.1693
			    0.1832    -0.3036    0.9350
			    0.8333    -0.4567    -0.3115
		b:
			    50.0962
			    -84.7028
			    -98.6760
			    -106.2387
			    106.9079
			    -105.3621
			    151.9027
			    -74.1760
			    -34.4318
			    -137.9027
			    81.1760
			    40.4318


===========================================================================================
===========================================================================================
S3:
	q_c:    20.0000    262.0000    302.0000
	ub :    40.0000    276.0000    315.0000
	lb :    0.0000    248.0000    289.0000

	==================================================================================
	Q1:
		Shape: Polyhedra
		q_c:    23.0000    270.0000    288.5000
		ub :    29.6604    275.5970    295.5624
		lb :    16.3396    264.4030    281.4376
		A:
			    -0.9437    0.3293    0.0322
			    -0.6496    -0.6308    -0.4243
			    -0.7815    -0.3378    -0.5246
			    -0.1952    -0.4990    -0.8443
			    0.1037    0.9537    -0.2822
			    0.6144    -0.4792    0.6268
			    0.7845    0.1520    0.6012
			    -0.5400    -0.3092    0.7828
			    0.3049    -0.9388    -0.1606
			    -0.7845    -0.1520    -0.6012
			    0.5400    0.3092    -0.7828
			    -0.3049    0.9388    0.1606
		b:
			    80.3834
			    -304.3771
			    -257.4408
			    -379.0311
			    182.9372
			    69.1101
			    235.5116
			    135.9336
			    -289.2744
			    -229.5116
			    -123.9336
			    296.2744
	==================================================================================
	Q2:
		Shape: Polyhedra
		q_c:    20.5000    264.5000    295.0000
		ub :    26.4132    270.5573    299.5962
		lb :    14.5868    258.4427    290.4038
		A:
			    0.6675    -0.0421    0.7434
			    -0.9991    -0.0413    0.0127
			    0.4863    -0.0220    0.8735
			    -0.5857    -0.1413    0.7981
			    -0.3400    0.6997    0.6284
			    -0.6423    0.0211    -0.7662
			    0.7663    0.6425    0.0086
			    0.6358    -0.7602    0.1338
			    0.0925    -0.0970    -0.9910
			    -0.7663    -0.6425    -0.0086
			    -0.6358    0.7602    -0.1338
			    -0.0925    0.0970    0.9910
		b:
			    225.9056
			    -23.7592
			    265.8784
			    189.9316
			    367.6813
			    -229.5872
			    191.6913
			    -144.0617
			    -312.0996
			    -184.6913
			    153.0617
			    320.0996
	==================================================================================
	Q3:
		Shape: Polyhedra
		q_c:    17.5000    261.5000    294.5000
		ub :    23.8653    267.6997    299.1134
		lb :    11.1347    255.3003    289.8866
		A:
			    -0.1739    0.8106    -0.5592
			    -0.6728    0.1490    0.7247
			    -0.2286    0.4706    -0.8522
			    0.8360    0.2561    0.4853
			    0.0021    0.9821    -0.1885
			    0.9604    -0.2081    0.1851
			    0.7111    0.7013    0.0509
			    0.6588    -0.6898    0.3001
			    0.2456    -0.1799    -0.9525
			    -0.7111    -0.7013    -0.0509
			    -0.6588    0.6898    -0.3001
			    -0.2456    0.1799    0.9525
		b:
			    47.9169
			    244.2201
			    -128.4200
			    228.6933
			    205.3253
			    20.7405
			    215.3099
			    -76.9695
			    -319.7686
			    -206.3099
			    83.9695
			    326.7686
	==================================================================================
	Q4:
		Shape: Ellipse
		q_c:    24.5000    252.5000    292.5000
		ub :    29.7468    256.3636    298.1044
		lb :    19.2532    248.6364    286.8956
		P^-1: 
			    0.2672    -0.0580    0.1938
			    -0.0580    0.0984    -0.0495
			    0.1938    -0.0495    0.1935
	==================================================================================
	Q5:
		Shape: Ellipse
		q_c:    15.5000    273.5000    300.0000
		ub :    22.0397    280.4216    307.2085
		lb :    8.9603    266.5784    292.7915
		P^-1: 
			    0.0503    0.0137    0.0115
			    0.0137    0.0640    0.0105
			    0.0115    0.0105    0.0567
	==================================================================================
	Q6:
		Shape: Ellipse
		q_c:    18.0000    260.5000    289.5000
		ub :    22.0908    263.1515    294.7413
		lb :    13.9092    257.8485    284.2587
		P^-1: 
			    0.1114    0.0996    -0.0085
			    0.0996    0.4132    -0.0214
			    -0.0085    -0.0214    0.0414


===========================================================================================
===========================================================================================
S4:
	q_c:    34.5000    37.0000    240.0000
	ub :    63.0000    57.0000    266.0000
	lb :    6.0000    17.0000    214.0000

	==================================================================================
	Q1:
		Shape: Polyhedra
		q_c:    13.5000    46.0000    231.5000
		ub :    24.9527    59.0201    245.8317
		lb :    2.0473    32.9799    217.1683
		A:
			    -0.9281    -0.0856    -0.3623
			    0.5759    0.0682    0.8147
			    -0.6456    0.1017    -0.7568
			    -0.5549    0.0557    -0.8301
			    -0.2518    0.7153    -0.6519
			    -0.4843    -0.7136    -0.5062
			    0.7447    0.2825    0.6047
			    -0.6661    0.2571    0.7002
			    0.0424    -0.9242    0.3796
			    -0.7447    -0.2825    -0.6047
			    0.6661    -0.2571    -0.7002
			    -0.0424    0.9242    -0.3796
		b:
			    -94.2748
			    205.3202
			    -173.2148
			    -190.8689
			    -112.3889
			    -150.0231
			    168.0365
			    175.9211
			    55.4417
			    -158.0365
			    -153.9211
			    -36.4417
	==================================================================================
	Q2:
		Shape: Hybrid
		q_c:    46.5000    43.0000    240.5000
		ub :    54.6877    51.2053    245.8293
		lb :    38.3123    34.7947    235.1707
		P^-1: 
			    0.0696    0.0405    -0.0772
			    0.0405    0.0612    -0.0609
			    -0.0772    -0.0609    0.1829
		A:
			    0.5384    0.6126    -0.5786
			    -0.7671    0.1364    0.6268
			    -0.2052    -0.9737    -0.0989
			    0.2695    0.2715    -0.9239
			    0.3780    0.0467    0.9246
			    0.3551    0.3978    0.8459
		b:
			    -86.1731
			    124.1338
			    -71.1740
			    -196.7491
			    245.5037
			    240.7666
	==================================================================================
	Q3:
		Shape: Polyhedra
		q_c:    26.0000    57.5000    250.0000
		ub :    33.6691    61.4483    255.5872
		lb :    18.3309    53.5517    244.4128
		A:
			    0.2428    0.7833    -0.5722
			    -0.3453    0.4298    -0.8343
			    -0.1731    0.8453    -0.5055
			    0.3259    -0.9200    -0.2177
			    0.4322    -0.9010    0.0385
			    0.0596    -0.8894    0.4532
			    0.1833    0.4409    0.8787
			    -0.2568    0.8842    -0.3901
			    -0.9489    -0.1541    0.2752
			    -0.1833    -0.4409    -0.8787
			    0.2568    -0.8842    0.3901
			    0.9489    0.1541    -0.2752
		b:
			    -87.9020
			    -190.3830
			    -80.5764
			    -96.1105
			    -28.4508
			    65.7604
			    253.2811
			    -51.8603
			    42.2752
			    -246.2811
			    54.8603
			    -28.2752
	==================================================================================
	Q4:
		Shape: Hybrid
		q_c:    25.5000    43.5000    252.5000
		ub :    33.2963    57.8246    265.4196
		lb :    17.7037    29.1754    239.5804
		P^-1: 
			    0.0323    -0.0029    -0.0026
			    -0.0029    0.0084    0.0018
			    -0.0026    0.0018    0.0122
		A:
			    -0.7162    -0.1526    0.6810
			    0.3216    0.0007    0.9469
			    0.9630    -0.1447    0.2274
			    -0.5190    0.8507    -0.0829
			    -0.0412    0.7822    0.6216
			    -0.7661    0.4792    0.4283
		b:
			    152.0199
			    253.6953
			    79.0817
			    9.7883
			    196.8246
			    113.4641
	==================================================================================
	Q5:
		Shape: Polyhedra
		q_c:    35.5000    28.5000    227.5000
		ub :    49.0044    41.1970    237.5263
		lb :    21.9956    15.8030    217.4737
		A:
			    0.1122    0.1978    -0.9738
			    0.1384    -0.1839    -0.9732
			    0.6671    -0.3915    -0.6338
			    -0.0146    0.2068    0.9783
			    0.5821    0.7879    0.2010
			    -0.5098    0.5221    0.6838
			    0.7628    0.6092    0.2166
			    0.5690    -0.7916    0.2226
			    0.3071    -0.0466    -0.9505
			    -0.7628    -0.6092    -0.2166
			    -0.5690    0.7916    -0.2226
			    -0.3071    0.0466    0.9505
		b:
			    -205.0739
			    -215.1394
			    -124.1132
			    234.6167
			    96.9493
			    159.8863
			    101.7221
			    57.7847
			    -200.1724
			    -85.7221
			    -38.7847
			    213.1724
	==================================================================================
	Q6:
		Shape: Polyhedra
		q_c:    26.0000    45.0000    223.0000
		ub :    37.9766    55.7433    234.0715
		lb :    14.0234    34.2567    211.9285
		A:
			    -0.7948    0.0560    0.6043
			    -0.0729    -0.9534    -0.2928
			    0.6522    -0.7379    -0.1736
			    -0.8897    0.3605    0.2802
			    -0.6043    0.5550    -0.5716
			    -0.9445    0.2891    0.1562
			    0.6155    0.4337    0.6581
			    0.6324    -0.7700    -0.0841
			    0.4703    0.4680    -0.7482
			    -0.6155    -0.4337    -0.6581
			    -0.6324    0.7700    0.0841
			    -0.4703    -0.4680    0.7482
		b:
			    121.6603
			    -102.2766
			    -49.9541
			    60.9201
			    -111.3563
			    29.2652
			    192.7693
			    -31.9645
			    -128.5722
			    -171.7693
			    41.9645
			    138.5722


===========================================================================================
===========================================================================================
S5:
	q_c:    134.5000    79.0000    108.0000
	ub :    167.0000    97.0000    126.0000
	lb :    102.0000    61.0000    90.0000

	==================================================================================
	Q1:
		Shape: Ellipse
		q_c:    138.5000    77.5000    120.0000
		ub :    149.8288    87.0735    130.1708
		lb :    127.1712    67.9265    109.8292
		P^-1: 
			    0.0202    -0.0014    0.0016
			    -0.0014    0.0231    0.0007
			    0.0016    0.0007    0.0164
	==================================================================================
	Q2:
		Shape: Ellipse
		q_c:    126.0000    77.0000    108.5000
		ub :    131.2971    81.9713    119.9902
		lb :    120.7029    72.0287    97.0098
		P^-1: 
			    0.0405    0.0136    0.0049
			    0.0136    0.4070    0.1214
			    0.0049    0.1214    0.0445
	==================================================================================
	Q3:
		Shape: Hybrid
		q_c:    118.0000    92.0000    106.5000
		ub :    128.5523    100.9975    118.1319
		lb :    107.4477    83.0025    94.8681
		P^-1: 
			    0.0881    -0.0947    0.0521
			    -0.0947    0.1349    -0.0724
			    0.0521    -0.0724    0.0559
		A:
			    -0.6902    0.6796    -0.2485
			    -0.3744    0.5877    -0.7172
			    0.4110    -0.7681    0.4910
			    0.4752    0.8638    -0.1673
			    -0.5644    0.8156    -0.1275
			    -0.5334    0.3782    0.7566
		b:
			    -43.8253
			    -63.9995
			    31.4766
			    124.6703
			    -2.8869
			    59.2227
	==================================================================================
	Q4:
		Shape: Polyhedra
		q_c:    157.0000    80.0000    116.0000
		ub :    171.5291    93.7982    129.6559
		lb :    142.4709    66.2018    102.3441
		A:
			    0.7346    0.4663    -0.4929
			    -0.6736    -0.7161    -0.1828
			    0.0631    0.4315    0.8999
			    0.7219    0.6020    -0.3412
			    -0.3298    -0.2239    -0.9171
			    0.1236    -0.2444    -0.9618
			    0.5748    0.8014    0.1656
			    0.6194    -0.2938    -0.7280
			    -0.5348    0.5210    -0.6652
			    -0.5748    -0.8014    -0.1656
			    -0.6194    0.2938    0.7280
			    0.5348    -0.5210    0.6652
		b:
			    102.8745
			    -176.7022
			    156.7457
			    129.3877
			    -166.9528
			    -103.7161
			    181.0594
			    -3.7112
			    -108.4463
			    -166.0594
			    17.7112
			    130.4463
	==================================================================================
	Q5:
		Shape: Hybrid
		q_c:    116.5000    80.5000    99.0000
		ub :    129.0853    92.3669    109.4323
		lb :    103.9147    68.6331    88.5677
		P^-1: 
			    0.0168    0.0072    0.0033
			    0.0072    0.0230    -0.0022
			    0.0033    -0.0022    0.0268
		A:
			    0.4935    0.8688    0.0407
			    -0.1517    -0.1015    0.9832
			    -0.5615    0.0396    0.8265
			    -0.0057    0.8407    -0.5415
			    0.4525    0.8917    0.0142
			    -0.1731    0.7083    -0.6844
		b:
			    134.4830
			    74.9041
			    24.4044
			    16.8535
			    128.9600
			    -27.3690
	==================================================================================
	Q6:
		Shape: Polyhedra
		q_c:    154.5000    75.0000    109.5000
		ub :    167.3810    86.9722    123.6585
		lb :    141.6190    63.0278    95.3415
		A:
			    -0.2226    0.9255    -0.3063
			    0.1005    0.2900    -0.9517
			    0.9122    -0.4029    0.0743
			    0.2159    0.2446    -0.9453
			    0.9738    -0.1876    -0.1285
			    0.1328    -0.9820    -0.1344
			    0.5323    0.4945    0.6871
			    -0.7897    -0.0023    0.6135
			    0.3050    -0.8692    0.3893
			    -0.5323    -0.4945    -0.6871
			    0.7897    0.0023    -0.6135
			    -0.3050    0.8692    -0.3893
		b:
			    9.0543
			    -59.1337
			    126.2330
			    -44.3259
			    129.3108
			    -59.3437
			    205.5689
			    -49.0046
			    32.0545
			    -183.5689
			    61.0046
			    -17.0545


===========================================================================================
===========================================================================================
S6:
	q_c:    511.0000    299.0000    237.0000
	ub :    533.0000    324.0000    263.0000
	lb :    489.0000    274.0000    211.0000

	==================================================================================
	Q1:
		Shape: Hybrid
		q_c:    497.0000    319.5000    246.5000
		ub :    502.2373    330.0595    257.5423
		lb :    491.7627    308.9405    235.4577
		P^-1: 
			    0.0783    -0.0096    0.0034
			    -0.0096    0.0358    -0.0207
			    0.0034    -0.0207    0.0269
		A:
			    -0.9438    0.0531    -0.3263
			    -0.8586    0.5127    -0.0017
			    -0.3571    -0.4490    -0.8191
			    -0.4575    0.7420    0.4900
			    0.1968    -0.8470    0.4939
			    0.5228    -0.7678    0.3705
		b:
			    -529.9613
			    -260.6972
			    -515.1441
			    137.1948
			    -48.3133
			    108.3444
	==================================================================================
	Q2:
		Shape: Hybrid
		q_c:    510.0000    276.5000    254.0000
		ub :    524.2181    285.0156    267.3440
		lb :    495.7819    267.9844    240.6560
		P^-1: 
			    0.0104    -0.0012    -0.0005
			    -0.0012    0.0203    -0.0000
			    -0.0005    -0.0000    0.0108
		A:
			    0.1205    -0.7313    0.6714
			    0.7589    0.2079    0.6171
			    0.6830    0.7227    -0.1056
			    0.2764    0.7505    0.6003
			    0.9438    0.2917    -0.1553
			    -0.2287    -0.5335    -0.8143
		b:
			    34.6003
			    607.7311
			    526.6193
			    505.9853
			    528.7705
			    -465.2900
	==================================================================================
	Q3:
		Shape: Ellipse
		q_c:    497.0000    302.5000    232.0000
		ub :    513.2422    314.5508    245.0705
		lb :    480.7578    290.4492    218.9295
		P^-1: 
			    0.0051    -0.0005    0.0016
			    -0.0005    0.0208    0.0078
			    0.0016    0.0078    0.0190
	==================================================================================
	Q4:
		Shape: Polyhedra
		q_c:    514.5000    295.5000    234.0000
		ub :    526.1100    302.8019    244.7425
		lb :    502.8900    288.1981    223.2575
		A:
			    -0.2768    -0.8214    0.4988
			    -0.7428    -0.6108    0.2741
			    0.2810    0.1104    -0.9533
			    -0.6902    -0.7200    -0.0728
			    0.5459    -0.6889    -0.4769
			    -0.7044    -0.7096    0.0171
			    0.3942    0.0478    0.9178
			    -0.8948    0.2476    0.3714
			    -0.2095    -0.9677    0.1404
			    -0.3942    -0.0478    -0.9178
			    0.8948    -0.2476    -0.3714
			    0.2095    0.9677    -0.1404
		b:
			    -262.8969
			    -491.9646
			    -38.2375
			    -578.7730
			    -26.5445
			    -561.9506
			    439.2040
			    -291.8025
			    -355.8830
			    -424.2040
			    308.8025
			    365.8830
	==================================================================================
	Q5:
		Shape: Ellipse
		q_c:    526.0000    314.0000    252.0000
		ub :    540.0199    326.7304    266.0319
		lb :    511.9801    301.2696    237.9681
		P^-1: 
			    0.0137    0.0004    -0.0018
			    0.0004    0.0103    0.0006
			    -0.0018    0.0006    0.0140
	==================================================================================
	Q6:
		Shape: Hybrid
		q_c:    493.0000    294.0000    258.5000
		ub :    500.1668    303.6563    268.7187
		lb :    485.8332    284.3437    248.2813
		P^-1: 
			    0.0204    -0.0001    -0.0000
			    -0.0001    0.0218    0.0034
			    -0.0000    0.0034    0.0174
		A:
			    -0.3205    -0.6391    -0.6992
			    0.3794    0.7765    0.5032
			    -0.3111    0.2861    0.9063
			    0.5404    0.8411    -0.0234
			    -0.8991    -0.1115    -0.4232
			    0.9285    -0.0821    0.3621
		b:
			    -523.1713
			    548.7333
			    168.9912
			    511.3447
			    -581.6410
			    531.1093


===========================================================================================
===========================================================================================
S7:
	q_c:    315.0000    292.0000    447.0000
	ub :    323.0000    310.0000    466.0000
	lb :    307.0000    274.0000    428.0000

	==================================================================================
	Q1:
		Shape: Ellipse
		q_c:    313.0000    296.0000    443.5000
		ub :    316.6902    299.2644    446.4427
		lb :    309.3098    292.7356    440.5573
		P^-1: 
			    0.1247    -0.0406    0.0040
			    -0.0406    0.2330    -0.0171
			    0.0040    -0.0171    0.1635
	==================================================================================
	Q2:
		Shape: Hybrid
		q_c:    318.0000    295.5000    447.0000
		ub :    320.3186    297.5657    449.5027
		lb :    315.6814    293.4343    444.4973
		P^-1: 
			    0.8130    -1.0734    0.8013
			    -1.0734    2.2966    -1.5277
			    0.8013    -1.5277    1.3904
		A:
			    -0.6956    0.7029    -0.1481
			    0.3104    -0.6631    0.6811
			    0.5741    -0.5987    0.5586
			    0.5406    -0.5570    0.6304
			    0.1007    -0.9907    0.0916
			    -0.1649    0.8532    -0.4949
		b:
			    -78.8760
			    207.5890
			    255.7758
			    289.5787
			    -218.8575
			    -21.0931
	==================================================================================
	Q3:
		Shape: Hybrid
		q_c:    323.5000    295.5000    448.5000
		ub :    327.2547    299.5013    451.3835
		lb :    319.7453    291.4987    445.6165
		P^-1: 
			    0.3136    0.1665    -0.0513
			    0.1665    0.2326    0.0652
			    -0.0513    0.0652    0.4243
		A:
			    -0.4600    -0.5211    -0.7190
			    -0.8635    -0.4695    0.1844
			    -0.5587    0.3912    0.7313
			    -0.7845    -0.1652    0.5977
			    0.3176    0.7691    -0.5546
			    0.3436    0.0755    -0.9361
		b:
			    -624.4757
			    -334.5419
			    264.1687
			    -33.6458
			    82.7606
			    -285.6044
	==================================================================================
	Q4:
		Shape: Hybrid
		q_c:    313.5000    290.0000    451.5000
		ub :    317.0110    293.9070    454.9179
		lb :    309.9890    286.0930    448.0821
		P^-1: 
			    0.2714    -0.1799    -0.0217
			    -0.1799    0.2527    0.0169
			    -0.0217    0.0169    0.1131
		A:
			    -0.4967    0.7311    0.4678
			    -0.4185    0.6793    0.6029
			    0.7435    -0.6683    -0.0252
			    0.4924    0.7337    0.4682
			    0.1281    -0.6001    0.7896
			    -0.7487    0.6464    0.1473
		b:
			    268.6732
			    339.4172
			    28.6598
			    581.1612
			    224.6731
			    19.9897
	==================================================================================
	Q5:
		Shape: Polyhedra
		q_c:    317.0000    293.5000    442.5000
		ub :    319.9997    296.6622    446.5857
		lb :    314.0003    290.3378    438.4143
		A:
			    0.1805    0.8386    -0.5140
			    -0.8585    -0.4928    0.1418
			    0.6146    0.7242    0.3128
			    0.4140    0.8284    -0.3773
			    0.6604    -0.6952    -0.2838
			    -0.5565    -0.7444    -0.3689
			    0.1778    0.9569    0.2297
			    0.9826    -0.1599    -0.0944
			    -0.0536    0.2425    -0.9687
			    -0.1778    -0.9569    -0.2297
			    -0.9826    0.1599    0.0944
			    0.0536    -0.2425    0.9687
		b:
			    78.7052
			    -351.6379
			    547.9410
			    210.0103
			    -117.9939
			    -555.9761
			    440.8424
			    225.2764
			    -370.9670
			    -436.8424
			    -220.2764
			    377.9670
	==================================================================================
	Q6:
		Shape: Hybrid
		q_c:    319.0000    297.5000    444.0000
		ub :    322.7456    300.5098    447.6158
		lb :    315.2544    294.4902    440.3842
		P^-1: 
			    0.2186    -0.0051    0.0426
			    -0.0051    0.2492    0.0069
			    0.0426    0.0069    0.1923
		A:
			    0.6242    0.4322    0.6508
			    0.1964    -0.7214    -0.6641
			    -0.9816    0.0648    0.1795
			    0.4547    -0.1483    0.8782
			    -0.2499    0.9287    0.2741
			    -0.4928    0.4658    -0.7349
		b:
			    617.6740
			    -445.6293
			    -212.9070
			    491.9601
			    319.3219
			    -343.8926


===========================================================================================
===========================================================================================
S8:
	q_c:    479.5000    25.5000    229.5000
	ub :    501.0000    32.0000    243.0000
	lb :    458.0000    19.0000    216.0000

	==================================================================================
	Q1:
		Shape: Hybrid
		q_c:    474.5000    25.0000    226.5000
		ub :    477.6350    27.7080    230.1183
		lb :    471.3650    22.2920    222.8817
		P^-1: 
			    0.3977    0.3791    0.0282
			    0.3791    0.7531    0.0674
			    0.0282    0.0674    0.1203
		A:
			    0.6622    -0.7280    0.1773
			    -0.6539    -0.7238    0.2201
			    0.2539    0.7958    0.5497
			    0.4830    -0.8391    0.2503
			    0.2761    0.5914    0.7577
			    -0.3754    -0.8927    0.2493
		b:
			    338.2151
			    -277.6998
			    266.0817
			    266.8274
			    319.0966
			    -143.0316
	==================================================================================
	Q2:
		Shape: Hybrid
		q_c:    484.0000    21.5000    226.0000
		ub :    487.8719    26.0941    230.3428
		lb :    480.1281    16.9059    221.6572
		P^-1: 
			    0.1591    -0.0037    0.0055
			    -0.0037    0.1454    0.0221
			    0.0055    0.0221    0.1266
		A:
			    -0.8336    -0.5065    0.2204
			    0.9730    -0.1997    0.1157
			    0.1842    -0.6246    -0.7589
			    -0.8692    -0.1980    0.4532
			    -0.4817    -0.8010    0.3555
			    0.4599    0.8688    -0.1837
		b:
			    -363.1038
			    494.0282
			    -94.4640
			    -321.0676
			    -168.4665
			    201.2419
	==================================================================================
	Q3:
		Shape: Polyhedra
		q_c:    482.5000    22.5000    226.0000
		ub :    486.2601    24.9638    229.8879
		lb :    478.7399    20.0362    222.1121
		A:
			    -0.0176    -0.6110    0.7914
			    0.2075    -0.9713    0.1161
			    0.2997    -0.3753    0.8771
			    -0.2694    -0.9610    0.0632
			    -0.2499    0.9358    0.2487
			    -0.3380    0.8925    -0.2986
			    0.7105    0.3903    0.5856
			    -0.6659    0.1036    0.7388
			    0.2277    -0.9148    0.3335
			    -0.7105    -0.3903    -0.5856
			    0.6659    -0.1036    -0.7388
			    -0.2277    0.9148    -0.3335
		b:
			    158.6776
			    106.0929
			    336.3595
			    -135.6219
			    -41.3883
			    -208.9477
			    485.9201
			    -148.9716
			    166.1646
			    -481.9201
			    154.9716
			    -163.1646
	==================================================================================
	Q4:
		Shape: Polyhedra
		q_c:    484.0000    21.0000    229.5000
		ub :    487.2035    24.3923    233.0241
		lb :    480.7965    17.6077    225.9759
		A:
			    0.0384    -0.7890    -0.6132
			    -0.6181    0.1319    0.7750
			    -0.7519    -0.5014    -0.4282
			    -0.1364    -0.5845    -0.7999
			    -0.5797    -0.7932    0.1863
			    -0.5157    -0.7744    -0.3666
			    0.9101    0.1792    0.3736
			    0.0415    -0.9365    0.3483
			    0.4123    -0.3015    -0.8597
			    -0.9101    -0.1792    -0.3736
			    -0.0415    0.9365    -0.3483
			    -0.4123    0.3015    0.8597
		b:
			    -136.5185
			    -116.4742
			    -470.2199
			    -259.6584
			    -251.9827
			    -347.5317
			    532.4963
			    82.8390
			    -2.0997
			    -527.4963
			    -77.8390
			    6.0997
	==================================================================================
	Q5:
		Shape: Polyhedra
		q_c:    483.5000    27.0000    227.0000
		ub :    485.6554    29.2290    229.7829
		lb :    481.3446    24.7710    224.2171
		A:
			    -0.8283    -0.2464    -0.5031
			    -0.7636    0.0095    -0.6456
			    0.7425    0.6375    0.2057
			    0.4935    -0.3769    -0.7838
			    0.0141    -0.6634    0.7482
			    -0.5642    0.5126    -0.6473
			    0.3532    0.3399    0.8716
			    -0.9350    0.0974    0.3409
			    0.0310    -0.9354    0.3522
			    -0.3532    -0.3399    -0.8716
			    0.9350    -0.0974    -0.3409
			    -0.0310    0.9354    -0.3522
		b:
			    -519.5157
			    -513.6357
			    424.6476
			    52.2297
			    160.3551
			    -404.1767
			    379.7983
			    -370.5780
			    71.1901
			    -375.7983
			    373.5780
			    -68.1901
	==================================================================================
	Q6:
		Shape: Ellipse
		q_c:    482.0000    21.5000    223.0000
		ub :    484.3392    23.9854    225.6658
		lb :    479.6608    19.0146    220.3342
		P^-1: 
			    0.4382    0.0315    -0.0132
			    0.0315    0.2845    0.0673
			    -0.0132    0.0673    0.4162


===========================================================================================
===========================================================================================
S9:
	q_c:    283.0000    348.5000    262.5000
	ub :    311.0000    369.0000    290.0000
	lb :    255.0000    328.0000    235.0000

	==================================================================================
	Q1:
		Shape: Polyhedra
		q_c:    277.0000    350.0000    262.0000
		ub :    285.5566    357.5008    270.5665
		lb :    268.4434    342.4992    253.4335
		A:
			    -0.2791    -0.5151    -0.8104
			    -0.8188    0.5740    -0.0037
			    0.3612    -0.6824    -0.6355
			    -0.7864    -0.2270    -0.5746
			    0.7204    -0.6495    0.2433
			    -0.3562    0.3188    0.8783
			    0.6370    0.0690    0.7677
			    -0.7700    0.1034    0.6296
			    -0.0359    -0.9922    0.1190
			    -0.6370    -0.0690    -0.7677
			    0.7700    -0.1034    -0.6296
			    0.0359    0.9922    -0.1190
		b:
			    -464.8593
			    -20.3448
			    -298.3665
			    -443.4602
			    41.9546
			    249.8943
			    405.7564
			    -4.6497
			    -319.5631
			    -397.7564
			    19.6497
			    332.5631
	==================================================================================
	Q2:
		Shape: Ellipse
		q_c:    299.5000    342.0000    281.5000
		ub :    308.0326    352.5942    291.8391
		lb :    290.9674    331.4058    271.1609
		P^-1: 
			    0.0359    -0.0188    -0.0114
			    -0.0188    0.0373    0.0118
			    -0.0114    0.0118    0.0249
	==================================================================================
	Q3:
		Shape: Ellipse
		q_c:    267.0000    366.5000    267.5000
		ub :    276.3669    375.8158    277.0613
		lb :    257.6331    357.1842    257.9387
		P^-1: 
			    0.0322    0.0075    0.0059
			    0.0075    0.0328    -0.0057
			    0.0059    -0.0057    0.0355
	==================================================================================
	Q4:
		Shape: Polyhedra
		q_c:    264.5000    338.0000    264.5000
		ub :    275.6727    346.6489    275.9068
		lb :    253.3273    329.3511    253.0932
		A:
			    -0.3746    0.5188    -0.7685
			    0.6269    0.6130    0.4808
			    -0.0156    0.9804    0.1962
			    0.9743    0.1382    0.1777
			    0.4608    -0.0366    0.8867
			    0.5249    -0.0050    -0.8512
			    0.4570    0.5596    0.6913
			    -0.2495    0.8267    -0.5043
			    -0.8538    0.0580    0.5174
			    -0.4570    -0.5596    -0.6913
			    0.2495    -0.8267    0.5043
			    0.8538    -0.0580    -0.5174
		b:
			    -121.3147
			    506.7912
			    385.2190
			    358.7251
			    350.2181
			    -80.3668
			    499.3986
			    85.5490
			    -61.3370
			    -486.3986
			    -74.5490
			    77.3370
	==================================================================================
	Q5:
		Shape: Ellipse
		q_c:    295.0000    343.0000    273.0000
		ub :    304.7360    348.2883    280.9891
		lb :    285.2640    337.7117    265.0109
		P^-1: 
			    0.0444    -0.0376    -0.0269
			    -0.0376    0.1467    -0.0188
			    -0.0269    -0.0188    0.0629
	==================================================================================
	Q6:
		Shape: Ellipse
		q_c:    266.5000    353.0000    257.5000
		ub :    278.1280    364.2026    263.6316
		lb :    254.8720    341.7974    251.3684
		P^-1: 
			    0.0135    0.0023    -0.0005
			    0.0023    0.0167    -0.0011
			    -0.0005    -0.0011    0.0330


===========================================================================================
===========================================================================================
S10:
	q_c:    26.5000    391.5000    104.5000
	ub :    42.0000    408.0000    114.0000
	lb :    11.0000    375.0000    95.0000

	==================================================================================
	Q1:
		Shape: Ellipse
		q_c:    31.0000    390.5000    103.0000
		ub :    38.8617    398.6500    109.4673
		lb :    23.1383    382.3500    96.5327
		P^-1: 
			    0.0371    -0.0034    0.0001
			    -0.0034    0.0359    -0.0001
			    0.0001    -0.0001    0.0331
	==================================================================================
	Q2:
		Shape: Hybrid
		q_c:    19.0000    392.5000    106.5000
		ub :    23.9948    396.3238    111.0059
		lb :    14.0052    388.6762    101.9941
		P^-1: 
			    0.0868    0.0018    0.0507
			    0.0018    0.1964    -0.0497
			    0.0507    -0.0497    0.1892
		A:
			    -0.6956    -0.7183    0.0167
			    0.1945    -0.2925    0.9363
			    -0.0371    0.8330    -0.5520
			    0.5584    0.0823    0.8255
			    0.0268    -0.9631    0.2677
			    -0.0620    0.9843    -0.1654
		b:
			    -291.4412
			    -10.2340
			    268.5302
			    132.1720
			    -347.8288
			    368.7963
	==================================================================================
	Q3:
		Shape: Polyhedra
		q_c:    17.0000    386.0000    104.5000
		ub :    24.6134    392.4855    111.2963
		lb :    9.3866    379.5145    97.7037
		A:
			    0.3271    -0.7473    -0.5784
			    0.6421    -0.7106    -0.2875
			    0.3634    0.5716    0.7357
			    0.2294    0.7052    -0.6709
			    0.1640    -0.6403    -0.7504
			    0.2985    0.6146    -0.7302
			    0.6666    0.5505    0.5025
			    -0.5375    0.8221    -0.1876
			    -0.5164    -0.1451    0.8440
			    -0.6666    -0.5505    -0.5025
			    0.5375    -0.8221    0.1876
			    0.5164    0.1451    -0.8440
		b:
			    -339.1399
			    -289.7827
			    308.9953
			    209.9182
			    -318.2574
			    169.9306
			    281.8489
			    292.0962
			    27.4256
			    -270.8489
			    -285.0962
			    -19.4256
	==================================================================================
	Q4:
		Shape: Ellipse
		q_c:    33.5000    397.0000    103.0000
		ub :    38.3166    403.0654    108.2636
		lb :    28.6834    390.9346    97.7364
		P^-1: 
			    0.0808    -0.0029    -0.0025
			    -0.0029    0.0710    -0.0090
			    -0.0025    -0.0090    0.0739
	==================================================================================
	Q5:
		Shape: Ellipse
