3D_40_13_6_c                l = 3

===========================================================================================
===========================================================================================
S1:
	q_c:	115.5	211.5	380.0
	ub :	124.4144	222.088	392.0124
	lb :	106.5355	203.5144	373.4571

	==================================================================================
	Q1:
		Shape: Polyhedra
		q_c:	111.5	211.0	382.0
		ub :	114.926	213.4329	385.4756
		lb :	108.074	208.5671	378.5244
		A:
			-0.9606	-0.2015	0.1913
			0.8123	0.3825	-0.4404
			-0.0715	-0.7954	-0.6019
			-0.4845	-0.8158	-0.3159
			-0.8323	0.2908	0.4719
			0.8573	0.2926	-0.4237
			0.7223	0.2154	0.6572
			-0.6761	0.0198	0.7366
			0.1456	-0.9763	0.1599
			-0.7223	-0.2154	-0.6572
			0.6761	-0.0198	-0.7366
			-0.1456	0.9763	-0.1599
		b:
			-74.2171
			5.4144
			-403.6261
			-344.8057
			151.2637
			-2.13
			379.0245
			212.6704
			-126.6787
			-375.0245
			-207.6704
			130.6787
	==================================================================================
	Q2:
		Shape: Hybrid
		q_c:	120.0	207.5	377.0
		ub :	124.4144	211.4856	380.5429
		lb :	115.5856	203.5144	373.4571
		P^-1:
			0.1545	-0.0615	-0.0563
			-0.0615	0.2104	-0.0363
			-0.0563	-0.0363	0.2168
		A:
			-0.2675	-0.8553	0.4438
			-0.8765	0.3799	-0.2957
			0.3717	-0.0894	0.924
			-0.2599	0.4452	0.8569
			0.8604	-0.4854	0.1555
			0.7657	-0.184	-0.6163
		b:
			-40.9428
			-136.1744
			376.133
			385.5397
			62.6047
			-177.536
	==================================================================================
	Q3:
		Shape: Ellipse
		q_c:	118.0	213.0	388.0
		ub :	122.0367	216.0791	392.0124
		lb :	113.9633	209.9209	383.9876
		P^-1:
			0.2017	-0.1195	0.0094
			-0.1195	0.3829	0.0341
			0.0094	0.0341	0.1309
	==================================================================================
	Q4:
		Shape: Hybrid
		q_c:	111.0	214.0	380.0
		ub :	115.4645	218.4696	385.0947
		lb :	106.5355	209.5304	374.9053
		P^-1:
			0.126	-0.0139	-0.0361
			-0.0139	0.1091	-0.0012
			-0.0361	-0.0012	0.1177
		A:
			0.3029	-0.9142	-0.2691
			-0.4674	0.8831	0.041
			-0.0961	0.694	0.7136
			0.5596	0.556	-0.6146
			-0.2991	0.758	0.5796
			-0.7426	0.6609	0.1087
		b:
			-262.6339
			154.3014
			410.788
			-50.9112
			350.8947
			101.8066
	==================================================================================
	Q5:
		Shape: Polyhedra
		q_c:	115.5	217.0	380.5
		ub :	120.6614	222.088	385.0981
		lb :	110.3386	211.912	375.9019
		A:
			-0.2306	-0.3571	-0.9052
			-0.6865	-0.5556	-0.4691
			0.0766	0.0078	0.997
			0.955	-0.0742	-0.2873
			-0.4843	-0.5754	0.6591
			0.8847	0.2657	0.3829
			0.7012	0.6948	0.1601
			0.6099	-0.4683	-0.6393
			-0.3692	0.5459	-0.7521
			-0.7012	-0.6948	-0.1601
			-0.6099	0.4683	0.6393
			0.3692	-0.5459	0.7521
		b:
			-445.4847
			-375.3597
			392.8161
			-11.8038
			72.9052
			308.4596
			295.6656
			-270.9172
			-207.8605
			-289.6656
			277.9172
			212.8605
	==================================================================================
	Q6:
		Shape: Ellipse
		q_c:	119.0	208.5	386.0
		ub :	122.8823	211.9501	389.0407
		lb :	115.1177	205.0499	382.9593
		P^-1:
			0.2226	0.0634	0.1184
			0.0634	0.2024	-0.0218
			0.1184	-0.0218	0.3806


===========================================================================================
===========================================================================================
S2:
	q_c:	319.0	489.0	362.5
	ub :	332.2262	503.3388	379.735
	lb :	305.9751	470.6009	354.7901

	==================================================================================
	Q1:
		Shape: Polyhedra
		q_c:	323.5	495.0	367.5
		ub :	331.8375	503.3388	371.5531
		lb :	315.1625	486.6612	363.4469
		A:
			0.1708	0.295	-0.9401
			0.4637	0.2419	-0.8523
			0.1929	-0.4562	0.8687
			0.9978	-0.0655	0.0108
			-0.8157	0.54	0.2073
			0.3304	0.9397	-0.0883
			0.6303	0.7102	0.3138
			0.1507	0.2845	-0.9467
			-0.7616	0.644	0.0723
			-0.6303	-0.7102	-0.3138
			-0.1507	-0.2845	0.9467
			0.7616	-0.644	-0.0723
		b:
			-142.2185
			-40.7976
			158.8207
			300.1301
			85.51
			544.7699
			676.2223
			-156.3325
			104.9744
			-665.2223
			160.3325
			-92.9744
	==================================================================================
	Q2:
		Shape: Hybrid
		q_c:	324.0	480.0	363.0
		ub :	327.3103	485.6332	368.6124
		lb :	320.6897	474.3668	357.3876
		P^-1:
			0.1808	0.0294	0.0245
			0.0294	0.1309	0.0944
			0.0245	0.0944	0.1383
		A:
			-0.7944	-0.6029	-0.0729
			-0.0523	0.757	0.6513
			0.6032	0.0646	-0.7949
			0.1573	-0.9865	-0.0446
			-0.5229	-0.4454	-0.7268
			-0.082	0.8063	0.5857
		b:
			-571.5793
			584.0583
			-59.575
			-435.9848
			-645.8271
			574.4098
	==================================================================================
	Q3:
		Shape: Ellipse
		q_c:	312.5	480.5	365.0
		ub :	319.0249	490.3991	374.8498
		lb :	305.9751	470.6009	355.1502
		P^-1:
			0.062	-0.0154	-0.0182
			-0.0154	0.0342	0.0174
			-0.0182	0.0174	0.0363
	==================================================================================
	Q4:
		Shape: Ellipse
		q_c:	313.5	483.0	366.5
		ub :	317.6823	489.928	373.2885
		lb :	309.3177	476.072	359.7115
		P^-1:
			0.2241	-0.0675	-0.006
			-0.0675	0.0713	0.0072
			-0.006	0.0072	0.044
	==================================================================================
	Q5:
		Shape: Polyhedra
		q_c:	328.0	492.5	360.0
		ub :	332.2262	497.6048	365.2099
		lb :	323.7738	487.3952	354.7901
		A:
			0.8954	-0.0096	-0.4452
			0.8346	0.2281	0.5014
			-0.5396	0.1259	-0.8325
			0.8771	0.203	-0.4352
			-0.4806	0.8705	-0.1064
			-0.2345	0.8541	0.4643
			0.6518	0.3859	0.6529
			-0.7499	0.4564	0.4789
			-0.1132	-0.8017	0.5869
			-0.6518	-0.3859	-0.6529
			0.7499	-0.4564	-0.4789
			0.1132	0.8017	-0.5869
		b:
			131.402
			569.5821
			-411.5202
			233.8749
			235.8027
			513.6582
			641.8832
			153.6769
			-217.2125
			-635.8832
			-148.6769
			224.2125
	==================================================================================
	Q6:
		Shape: Polyhedra
		q_c:	316.0	490.5	373.5
		ub :	322.0194	495.8497	379.735
		lb :	309.9806	485.1503	367.265
		A:
			-0.5784	-0.5326	0.6178
			0.9185	-0.3655	0.1511
			-0.4731	-0.6973	0.5385
			0.2519	-0.9035	0.3468
			0.943	0.287	0.1684
			0.0708	-0.254	-0.9646
			0.1865	0.9764	0.1088
			0.9646	-0.1609	-0.209
			-0.1865	0.144	-0.9718
			-0.1865	-0.9764	-0.1088
			-0.9646	0.1609	0.209
			0.1865	-0.144	0.9718
		b:
			-208.761
			171.9759
			-285.9644
			-229.7157
			506.0995
			-457.6295
			582.5125
			152.3043
			-346.3199
			-574.5125
			-143.3043
			356.3199


===========================================================================================
===========================================================================================
S3:
	q_c:	469.0	476.5	447.5
	ub :	495.3398	498.7242	466.1343
	lb :	453.0767	449.6734	415.3011

	==================================================================================
	Q1:
		Shape: Ellipse
		q_c:	470.0	458.0	448.0
		ub :	476.7827	463.0116	455.381
		lb :	463.2173	452.9884	440.619
		P^-1:
			0.0982	-0.0382	-0.0431
			-0.0382	0.1153	0.0128
			-0.0431	0.0128	0.0559
	==================================================================================
	Q2:
		Shape: Polyhedra
		q_c:	485.0	464.5	451.5
		ub :	495.3398	471.876	460.9618
		lb :	474.6602	457.124	442.0382
		A:
			0.8779	0.43	-0.2105
			0.2677	-0.5308	0.8041
			-0.3773	0.0414	-0.9251
			0.1434	0.6353	-0.7588
			-0.0495	-0.1049	-0.9932
			0.1316	0.906	-0.4022
			0.5517	0.0847	0.8297
			-0.7223	0.5459	0.4245
			-0.417	-0.8336	0.3623
			-0.5517	-0.0847	-0.8297
			0.7223	-0.5459	-0.4245
			0.417	0.8336	-0.3623
		b:
			535.5667
			251.4489
			-575.5704
			26.0752
			-514.9002
			306.6436
			687.5418
			102.9061
			-422.8299
			-675.5418
			-86.9061
			428.8299
	==================================================================================
	Q3:
		Shape: Ellipse
		q_c:	462.5	458.5	435.0
		ub :	471.1495	467.3266	440.4943
		lb :	453.8505	449.6734	429.5057
		P^-1:
			0.0378	-0.0112	0.0109
			-0.0112	0.0326	-0.011
			0.0109	-0.011	0.0748
	==================================================================================
	Q4:
		Shape: Polyhedra
		q_c:	469.0	482.5	427.5
		ub :	484.9233	497.4378	439.6989
		lb :	453.0767	467.5622	415.3011
		A:
			-0.1105	-0.9435	0.3123
			0.4463	0.0275	0.8944
			-0.4576	0.8814	-0.1173
			-0.0725	-0.7604	-0.6454
			0.4043	0.149	-0.9024
			0.1979	0.8812	-0.4294
			0.6001	0.7994	0.029
			0.7732	-0.5705	-0.2769
			-0.2048	0.1886	-0.9605
			-0.6001	-0.7994	-0.029
			-0.7732	0.5705	0.2769
			0.2048	-0.1886	0.9605
		b:
			-364.7508
			613.8867
			171.4692
			-667.1623
			-114.613
			342.9859
			687.5505
			-18.9707
			-406.6626
			-671.5505
			42.9707
			424.6626
	==================================================================================
	Q5:
		Shape: Polyhedra
		q_c:	468.5	461.5	460.5
		ub :	472.4049	467.097	466.1343
		lb :	464.5951	455.903	454.8657
		A:
			-0.7186	0.6285	0.2976
			-0.8718	-0.2262	0.4346
			-0.4013	-0.2372	-0.8847
			0.5705	-0.4381	-0.6947
			0.8286	0.2682	-0.4915
			-0.8295	0.1976	-0.5224
			0.6177	0.5946	0.5147
			-0.7852	0.5022	0.3622
			-0.0431	-0.6279	0.7771
			-0.6177	-0.5946	-0.5147
			0.7852	-0.5022	-0.3622
			0.0431	0.6279	-0.7771
		b:
			92.5545
			-309.6925
			-701.2774
			-252.4165
			288.702
			-534.7469
			804.3104
			32.7209
			51.8916
			-797.3104
			-28.7209
			-43.8916
	==================================================================================
	Q6:
		Shape: Polyhedra
		q_c:	484.5	488.5	438.5
		ub :	494.8389	498.7242	445.0958
		lb :	474.1611	478.2758	431.9042
		A:
			-0.857	0.1396	-0.496
			-0.5864	-0.059	-0.8079
			0.6776	-0.1193	-0.7257
			-0.3872	-0.2099	-0.8978
			0.6821	-0.3961	0.6147
			-0.459	0.7402	-0.4913
			0.4984	0.8589	0.118
			0.8042	-0.4073	-0.4329
			-0.3237	0.3106	-0.8937
			-0.4984	-0.8589	-0.118
			-0.8042	0.4073	0.4329
			0.3237	-0.3106	0.8937
		b:
			-559.3751
			-662.8914
			-41.6389
			-679.2384
			410.6583
			-71.4531
			720.2681
			7.8961
			-394.0083
			-705.2681
			6.1039
			400.0083


===========================================================================================
===========================================================================================
S4:
	q_c:	390.0	192.5	131.0
	ub :	410.6656	210.3234	150.8202
	lb :	373.3071	181.9314	116.5772

	==================================================================================
	Q1:
		Shape: Polyhedra
		q_c:	396.0	202.0	125.5
		ub :	403.5535	210.3234	134.4228
		lb :	388.4465	193.6766	116.5772
		A:
			0.5656	0.7804	-0.2665
			-0.1748	0.5579	0.8113
			-0.8523	-0.5056	-0.1337
			-0.8199	-0.3963	-0.4131
			-0.7605	-0.2662	0.5923
			0.6594	0.5066	-0.5554
			0.7882	0.1985	0.5825
			0.0359	-0.9598	0.2785
			0.6144	-0.1986	-0.7636
			-0.7882	-0.1985	-0.5825
			-0.0359	0.9598	-0.2785
			-0.6144	0.1986	0.7636
		b:
			354.258
			150.805
			-451.0926
			-451.4931
			-274.9811
			299.6147
			430.3312
			-138.1998
			112.8573
			-420.3312
			151.1998
			-101.8573
	==================================================================================
	Q2:
		Shape: Polyhedra
		q_c:	396.5	191.5	135.0
		ub :	402.4782	197.2486	137.7514
		lb :	390.5218	185.7514	132.2486
		A:
			0.7409	-0.6042	-0.2933
			-0.5949	0.6078	0.526
			0.6938	-0.3814	-0.6109
			0.6498	-0.095	-0.7542
			0.5196	-0.4718	-0.7123
			-0.2264	0.4522	0.8627
			0.7439	0.6634	0.0806
			0.6137	-0.6305	-0.4753
			-0.2645	0.403	-0.8761
			-0.7439	-0.6634	-0.0806
			-0.6137	0.6305	0.4753
			0.2645	-0.403	0.8761
		b:
			139.7877
			-47.4932
			121.3009
			140.2556
			20.6474
			115.1473
			439.3839
			59.4314
			-143.9684
			-426.3839
			-57.4314
			147.9684
	==================================================================================
	Q3:
		Shape: Polyhedra
		q_c:	400.5	192.5	141.0
		ub :	406.3777	202.0227	150.8202
		lb :	394.6223	182.9773	131.1798
		A:
			-0.2024	0.3843	-0.9008
			-0.804	-0.4698	-0.3644
			0.9876	-0.1283	-0.0909
			0.6901	0.7218	0.0524
			0.8694	0.4176	0.2639
			-0.6016	0.436	-0.6693
			0.0892	0.5506	0.83
			-0.9953	0.0817	0.0527
			-0.0388	-0.8307	0.5553
			-0.0892	-0.5506	-0.83
			0.9953	-0.0817	-0.0527
			0.0388	0.8307	-0.5553
		b:
			-127.6498
			-457.6714
			363.0275
			428.7973
			471.6723
			-245.4945
			266.2279
			-370.4433
			-91.158
			-251.2279
			380.4433
			103.158
	==================================================================================
	Q4:
		Shape: Hybrid
		q_c:	387.5	205.0	131.5
		ub :	392.8643	208.8855	137.2567
		lb :	382.1357	201.1145	125.7433
		P^-1:
			0.0755	-0.0002	-0.0126
			-0.0002	0.0816	-0.0005
			-0.0126	-0.0005	0.0555
		A:
			0.9244	0.3796	-0.0376
			-0.9199	-0.3119	0.2376
			-0.28	-0.8358	0.4722
			0.8293	-0.0378	-0.5576
			0.8003	0.4338	-0.4139
			-0.2615	-0.9339	0.2437
		b:
			432.9856
			-387.3824
			-215.8955
			242.0433
			346.382
			-258.9654
	==================================================================================
	Q5:
		Shape: Hybrid
		q_c:	401.0	198.0	126.5
		ub :	410.6656	206.3844	133.0328
		lb :	391.3344	189.6156	119.9672
		P^-1:
			0.0433	0.0643	-0.0695
			0.0643	0.1882	-0.1956
			-0.0695	-0.1956	0.2586
		A:
			-0.6471	-0.3588	-0.6727
			0.3533	0.7737	-0.5259
			-0.2907	-0.8673	0.4041
			0.2603	0.7559	-0.6007
			0.1466	0.535	-0.832
			0.2089	-0.5289	0.8226
		b:
			-410.3727
			229.8295
			-235.0086
			179.2161
			60.4581
			85.597
	==================================================================================
	Q6:
		Shape: Polyhedra
		q_c:	380.5	186.0	144.5
		ub :	387.6929	190.0686	150.1082
		lb :	373.3071	181.9314	138.8918
		A:
			-0.2031	-0.3184	0.926
			-0.3657	-0.4165	-0.8324
			0.4361	0.6524	0.6198
			-0.0736	-0.7721	-0.6313
			0.119	-0.9484	-0.2938
			-0.4559	-0.6041	-0.6536
			0.291	0.7465	0.5984
			-0.1884	0.6579	-0.7291
			-0.938	0.0994	0.3321
			-0.291	-0.7465	-0.5984
			0.1884	-0.6579	0.7291
			0.938	-0.0994	-0.3321
		b:
			1.5686
			-334.8996
			378.6064
			-260.7808
			-170.7718
			-378.4362
			337.5354
			-51.1767
			-283.9258
			-334.5354
			58.1767
			296.9258


===========================================================================================
===========================================================================================
S5:
	q_c:	372.0	470.5	191.5
	ub :	406.2954	500.7927	207.1464
	lb :	347.9799	450.441	165.9754

	==================================================================================
	Q1:
		Shape: Polyhedra
		q_c:	378.5	462.0	195.5
		ub :	391.5753	473.3146	207.1464
		lb :	365.4247	450.6854	183.8536
		A:
			0.0572	0.4563	0.888
			0.0146	-0.9949	-0.1002
			-0.1595	0.6834	0.7124
			-0.43	0.8814	0.1954
			0.3367	-0.7703	-0.5416
			-0.5407	0.4815	-0.6898
			0.2136	0.5479	0.8088
			-0.396	0.8054	-0.4411
			-0.8931	-0.226	0.389
			-0.2136	-0.5479	-0.8088
			0.396	-0.8054	0.4411
			0.8931	0.226	-0.389
		b:
			411.8009
			-466.8111
			400.7573
			289.8439
			-327.5783
			-109.8162
			497.614
			143.4878
			-356.4119
			-486.614
			-128.4878
			376.4119
	==================================================================================
	Q2:
		Shape: Ellipse
		q_c:	364.0	466.0	183.5
		ub :	380.0201	481.1618	192.7695
		lb :	347.9799	450.8382	174.2305
		P^-1:
			0.0093	0.0014	0.0057
			0.0014	0.0124	-0.0075
			0.0057	-0.0075	0.037
	==================================================================================
	Q3:
		Shape: Ellipse
		q_c:	393.5	482.5	180.0
		ub :	406.2954	494.0563	194.0246
		lb :	380.7046	470.9437	165.9754
		P^-1:
			0.0128	-0.0011	0.0036
			-0.0011	0.014	-0.0004
			0.0036	-0.0004	0.0148
	==================================================================================
	Q4:
		Shape: Hybrid
		q_c:	377.5	483.5	179.0
		ub :	392.3573	498.3809	190.2766
		lb :	362.6427	468.6191	167.7234
		P^-1:
			0.0181	0.0067	0.0092
			0.0067	0.014	0.0068
			0.0092	0.0068	0.02
		A:
			-0.9333	-0.2867	-0.2161
			-0.02	0.7316	0.6814
			0.418	0.8232	0.3843
			0.5562	0.4188	-0.7178
			0.6599	-0.0994	0.7447
			0.4879	-0.1808	0.8539
		b:
			-525.1375
			473.3489
			628.7981
			291.2194
			338.8629
			254.6202
	==================================================================================
	Q5:
		Shape: Ellipse
		q_c:	370.5	490.5	189.5
		ub :	379.1607	500.7927	198.8825
		lb :	361.8393	480.2073	180.1175
		P^-1:
			0.0381	-0.0049	-0.0038
			-0.0049	0.0274	-0.0099
			-0.0038	-0.0099	0.0322
	==================================================================================
	Q6:
		Shape: Hybrid
		q_c:	360.5	458.5	181.5
		ub :	371.0011	466.559	192.9862
		lb :	349.9989	450.441	170.0138
		P^-1:
			0.0157	0.0008	0.0002
			0.0008	0.0315	0.0049
			0.0002	0.0049	0.0171
		A:
			0.4724	-0.8754	-0.102
			0.3196	-0.1197	-0.94
			-0.12	0.5947	-0.795
			0.6795	-0.7054	-0.2018
			-0.3054	0.5602	0.77
			-0.4374	-0.8976	-0.0552
		b:
			-246.0288
			-105.3008
			90.1333
			-110.9818
			290.4831
			-575.8916


===========================================================================================
===========================================================================================
S6:
	q_c:	67.0	435.5	176.5
	ub :	79.8877	446.6041	186.5472
	lb :	55.9316	423.5457	170.4895

	==================================================================================
	Q1:
		Shape: Polyhedra
		q_c:	64.5	434.0	174.5
		ub :	65.7581	437.9406	177.6161
		lb :	63.2419	430.0594	171.3839
		A:
			0.2911	0.5572	0.7777
			-0.8915	-0.4137	-0.1846
			-0.6885	-0.7136	0.1297
			0.3701	-0.511	-0.7759
			-0.2283	-0.4539	-0.8613
			-0.8728	-0.2381	-0.4262
			0.0654	0.5866	0.8072
			-0.0509	0.8099	-0.5844
			-0.9966	-0.0028	0.0828
			-0.0654	-0.5866	-0.8072
			0.0509	-0.8099	0.5844
			0.9966	0.0028	-0.0828
		b:
			396.8482
			-268.038
			-328.605
			-332.6438
			-361.1882
			-232.9909
			400.1605
			250.734
			-50.057
			-399.1605
			-241.734
			52.057
	==================================================================================
	Q2:
		Shape: Polyhedra
		q_c:	70.5	441.0	181.0
		ub :	75.7189	446.6041	186.5472
		lb :	65.2811	435.3959	175.4528
		A:
			-0.7329	-0.0951	-0.6737
			0.7458	0.5958	0.2981
			-0.6948	-0.6989	-0.17
			0.3579	0.782	0.5103
			0.407	-0.4628	-0.7875
			0.6055	-0.2256	0.7632
			0.1847	0.7567	0.6271
			-0.9221	0.3541	-0.1557
			-0.3399	-0.5495	0.7632
			-0.1847	-0.7567	-0.6271
			0.9221	-0.3541	0.1557
			0.3399	0.5495	-0.7632
		b:
			-212.329
			372.3738
			-384.6794
			465.0445
			-314.6906
			84.9929
			462.7399
			66.4773
			-123.6614
			-457.7399
			-59.4773
			132.6614
	==================================================================================
	Q3:
		Shape: Hybrid
		q_c:	67.5	438.5	177.0
		ub :	70.9791	441.2409	181.1621
		lb :	64.0209	435.7591	172.8379
		P^-1:
			0.1132	0.0277	0.0066
			0.0277	0.4007	0.1147
			0.0066	0.1147	0.1233
		A:
			0.4452	0.8377	0.3163
			-0.0282	-0.9007	-0.4336
			-0.6402	-0.6128	0.4632
			0.4996	0.8633	-0.0713
			0.2961	0.8878	0.3523
			0.4316	0.8756	0.2169
		b:
			454.3983
			-472.803
			-227.7626
			401.0868
			472.5048
			452.5121
	==================================================================================
	Q4:
		Shape: Ellipse
		q_c:	62.0	429.0	178.5
		ub :	68.0684	434.4543	184.4902
		lb :	55.9316	423.5457	172.5098
		P^-1:
			0.1073	-0.0389	0.0353
			-0.0389	0.0956	-0.0263
			0.0353	-0.0263	0.0595
	==================================================================================
	Q5:
		Shape: Polyhedra
		q_c:	74.0	435.0	180.0
		ub :	79.8877	441.1277	184.6542
		lb :	68.1123	428.8723	175.3458
		A:
			-0.5262	0.4841	-0.6991
			0.4882	0.6758	-0.5522
			-0.5126	-0.7816	0.3554
			0.1029	-0.746	-0.658
			-0.949	0.0227	0.3146
			-0.9819	0.0977	-0.1624
			0.7769	0.4792	0.4084
			0.5444	-0.8372	-0.0532
			0.3164	0.2637	-0.9112
			-0.7769	-0.4792	-0.4084
			-0.5444	0.8372	0.0532
			-0.3164	-0.2637	0.9112
		b:
			49.6864
			234.1754
			-310.4869
			-431.3959
			-0.047
			-55.7688
			342.4541
			-328.9684
			-22.3983
			-336.4541
			337.9684
			29.3983
	==================================================================================
	Q6:
		Shape: Ellipse
		q_c:	71.0	440.5	176.0
		ub :	76.1959	444.3439	181.5105
		lb :	65.8041	436.6561	170.4895
		P^-1:
			0.0956	-0.0048	0.0257
			-0.0048	0.1531	-0.0186
			0.0257	-0.0186	0.0849


===========================================================================================
===========================================================================================
S7:
	q_c:	306.5	51.5	318.5
	ub :	316.4113	61.7883	326.7617
	lb :	299.0627	42.1581	313.5312

	==================================================================================
	Q1:
		Shape: Polyhedra
		q_c:	311.5	55.0	320.5
		ub :	316.4113	59.6078	324.6895
		lb :	306.5887	50.3922	316.3105
		A:
			0.1187	-0.1017	0.9877
			-0.7722	-0.467	-0.4308
			0.77	-0.6346	-0.0671
			-0.4811	-0.5437	-0.6877
			-0.9312	-0.007	0.3643
			0.5355	-0.6158	-0.5779
			0.5762	0.5641	0.5914
			0.5828	-0.7909	0.1867
			0.5731	0.2371	-0.7844
			-0.5762	-0.5641	-0.5914
			-0.5828	0.7909	-0.1867
			-0.5731	-0.2371	0.7844
		b:
			350.7052
			-402.1882
			186.8909
			-398.1467
			-170.6642
			-49.1685
			402.0593
			201.3562
			-56.8579
			-398.0593
			-194.3562
			62.8579
	==================================================================================
	Q2:
		Shape: Hybrid
		q_c:	305.0	46.5	321.0
		ub :	308.5827	50.8419	325.5178
		lb :	301.4173	42.1581	316.4822
		P^-1:
			0.1556	0.0095	0.0116
			0.0095	0.1112	0.0099
			0.0116	0.0099	0.0859
		A:
			0.8012	-0.2065	-0.5616
			-0.7165	0.6974	0.0173
			-0.6942	-0.0107	0.7197
			0.6799	-0.5656	0.4667
			0.2246	0.9745	0.0016
			0.1596	0.9841	-0.0782
		b:
			56.2632
			-178.9264
			20.7019
			332.6264
			116.012
			71.0942
	==================================================================================
	Q3:
		Shape: Ellipse
		q_c:	307.0	51.0	322.5
		ub :	311.8898	54.9199	326.7617
		lb :	302.1102	47.0801	318.2383
		P^-1:
			0.1861	0.2001	-0.2121
			0.2001	0.4647	-0.4063
			-0.2121	-0.4063	0.5124
	==================================================================================
	Q4:
		Shape: Hybrid
		q_c:	309.5	57.5	317.5
		ub :	312.7309	61.7883	321.4688
		lb :	306.2691	53.2117	313.5312
		P^-1:
			0.593	0.1946	-0.3978
			0.1946	0.1897	-0.1607
			-0.3978	-0.1607	0.4396
		A:
			-0.6861	-0.644	0.3384
			0.2948	-0.0303	-0.9551
			0.9712	-0.1907	0.1427
			-0.0261	0.6916	-0.7218
			0.771	0.1539	-0.6179
			-0.4832	-0.1426	0.8638
		b:
			-140.8614
			-212.248
			336.9595
			-195.569
			51.8635
			117.475
	==================================================================================
	Q5:
		Shape: Polyhedra
		q_c:	304.5	50.5	320.5
		ub :	309.9373	55.981	325.8131
		lb :	299.0627	45.019	315.1869
		A:
			0.5134	-0.8514	-0.1074
			-0.2761	-0.1739	0.9453
			-0.4183	0.7196	0.5543
			0.5245	-0.7306	0.4372
			-0.5108	0.8259	-0.2386
			0.0012	0.9471	0.3208
			0.437	0.3984	0.8064
			-0.7775	0.6181	0.1159
			-0.4523	-0.6776	0.5799
			-0.437	-0.3984	-0.8064
			0.7775	-0.6181	-0.1159
			0.4523	0.6776	-0.5799
		b:
			81.9628
			213.4586
			89.9672
			266.0529
			-187.3049
			154.4719
			415.6397
			-165.3732
			16.9261
			-407.6397
			171.3732
			-10.9261
	==================================================================================
	Q6:
		Shape: Hybrid
		q_c:	308.5	53.0	316.5
		ub :	311.1018	57.0689	318.9747
		lb :	305.8982	48.9311	314.0253
		P^-1:
			0.308	0.0094	-0.0888
			0.0094	0.0631	-0.0125
			-0.0888	-0.0125	0.3858
		A:
			-0.8788	0.1569	0.4506
			0.9642	0.2274	0.1367
			0.9637	-0.0083	-0.267
			0.0017	0.2701	-0.9628
			0.875	-0.0084	-0.4841
			0.7504	0.3837	-0.5383
		b:
			-119.1575
			354.0474
			213.3498
			-288.7785
			117.1688
			82.7388


===========================================================================================
===========================================================================================
S8:
	q_c:	355.5	385.0	178.5
	ub :	373.3141	409.3807	200.7389
	lb :	335.5291	364.0987	152.7294

	==================================================================================
	Q1:
		Shape: Hybrid
		q_c:	358.0	397.5	188.5
		ub :	367.9584	409.3807	200.7389
		lb :	348.0416	385.6193	176.2611
		P^-1:
			0.0257	-0.0052	0.0038
			-0.0052	0.0202	-0.0068
			0.0038	-0.0068	0.0214
		A:
			0.8326	0.5534	0.0211
			0.4925	-0.2061	0.8455
			0.9352	-0.2494	0.2512
			-0.6561	0.7391	-0.1525
			-0.377	-0.1634	0.9117
			-0.9221	-0.3202	-0.2172
		b:
			526.6915
			257.2435
			286.1555
			33.5137
			-23.7093
			-494.0688
	==================================================================================
	Q2:
		Shape: Polyhedra
		q_c:	363.5	388.5	186.5
		ub :	371.003	393.9004	192.7433
		lb :	355.997	383.0996	180.2567
		A:
			-0.1972	-0.9237	0.3286
			-0.2837	0.9274	0.2437
			-0.4858	0.8679	-0.1033
			-0.7762	0.5705	0.2686
			-0.4386	-0.0501	-0.8973
			0.4918	-0.7608	-0.4236
			0.802	0.4303	0.4143
			-0.4524	0.8905	-0.049
			-0.3899	-0.1482	0.9088
			-0.802	-0.4303	-0.4143
			0.4524	-0.8905	0.049
			0.3899	0.1482	-0.9088
		b:
			-365.5079
			305.6191
			143.8382
			-7.2048
			-341.0928
			-192.8528
			541.9576
			174.8602
			-25.803
			-529.9576
			-169.8602
			33.803
	==================================================================================
	Q3:
		Shape: Hybrid
		q_c:	359.5	399.0	177.0
		ub :	368.1014	408.1451	186.5188
		lb :	350.8986	389.8549	167.4812
		P^-1:
			0.0305	0.0153	0.0094
			0.0153	0.0451	0.0125
			0.0094	0.0125	0.0309
		A:
			-0.1767	-0.5009	-0.8473
			-0.0643	-0.6411	-0.7648
			0.7447	0.6578	-0.1126
			-0.0117	-0.1435	-0.9896
			0.8613	0.4747	0.181
			0.7453	0.1027	0.6587
		b:
			-410.3869
			-411.3334
			513.4053
			-232.6687
			534.0684
			428.9059
	==================================================================================
	Q4:
		Shape: Ellipse
		q_c:	345.0	375.0	175.0
		ub :	354.4709	383.827	184.9581
		lb :	335.5291	366.173	165.0419
		P^-1:
			0.0305	-0.0013	0.0049
			-0.0013	0.0324	0.0025
			0.0049	0.0025	0.0237
	==================================================================================
	Q5:
		Shape: Ellipse
		q_c:	350.5	382.5	175.5
		ub :	358.9949	390.5431	183.553
		lb :	342.0051	374.4569	167.447
		P^-1:
			0.0354	0.0036	0.0022
			0.0036	0.0372	-0.0012
			0.0022	-0.0012	0.0209
	==================================================================================
	Q6:
		Shape: Polyhedra
		q_c:	366.0	373.0	161.5
		ub :	373.3141	381.9013	170.2706
		lb :	358.6859	364.0987	152.7294
		A:
			0.2641	-0.964	-0.0317
			-0.9133	-0.3301	0.2386
			-0.5971	-0.7106	0.3722
			-0.8905	-0.295	0.3465
			-0.9909	0.0654	0.1179
			0.1	0.9485	-0.3006
			0.7857	0.5836	0.2052
			0.5964	-0.6265	-0.5017
			-0.1643	0.5166	-0.8403
			-0.7857	-0.5836	-0.2052
			-0.5964	0.6265	0.5017
			0.1643	-0.5166	0.8403
		b:
			-262.2929
			-414.5531
			-418.9555
			-375.4106
			-314.3681
			347.1712
			541.8856
			-90.4275
			2.8523
			-534.8856
			102.4275
			9.1477


===========================================================================================
===========================================================================================
S9:
	q_c:	105.0	38.0	89.0
	ub :	118.4899	43.5155	94.0716
	lb :	93.5147	22.0606	75.5661

	==================================================================================
	Q1:
		Shape: Polyhedra
		q_c:	100.0	32.5	82.0
		ub :	106.4853	37.3991	87.9855
		lb :	93.5147	27.6009	76.0145
		A:
			-0.4864	-0.6817	-0.5465
			-0.7621	-0.5066	-0.4032
			0.0219	-0.9086	0.4172
			0.3484	0.8225	0.4496
			0.8561	0.4261	-0.2926
			0.9258	0.1973	-0.3226
			0.4339	0.0946	0.896
			-0.8423	0.3956	0.3661
			-0.3198	-0.9135	0.2513
			-0.4339	-0.0946	-0.896
			0.8423	-0.3956	-0.3661
			0.3198	0.9135	-0.2513
		b:
			-111.9846
			-122.0205
			10.0603
			101.9317
			79.206
			76.6201
			123.9351
			-36.849
			-38.0619
			-115.9351
			45.849
			44.0619
	==================================================================================
	Q2:
		Shape: Polyhedra
		q_c:	105.5	35.5	86.0
		ub :	112.605	42.3833	93.4639
		lb :	98.395	28.6167	78.5361
		A:
			-0.0353	-0.2363	-0.971
			-0.756	-0.5462	0.3608
			-0.9417	0.2539	-0.2209
			-0.2923	0.614	-0.7332
			-0.9889	-0.0068	0.1487
			-0.412	-0.8902	0.1944
			0.6279	0.5922	0.5051
			-0.7419	0.2593	0.6183
			0.2352	-0.763	0.6021
			-0.6279	-0.5922	-0.5051
			0.7419	-0.2593	-0.6183
			-0.2352	0.763	-0.6021
		b:
			-91.2035
			-63.7196
			-104.9753
			-68.0686
			-87.2921
			-54.0882
			135.1985
			-11.3936
			53.5156
			-126.1985
			20.3936
			-45.5156
	==================================================================================
	Q3:
		Shape: Polyhedra
		q_c:	111.5	35.0	89.0
		ub :	118.1457	41.9441	93.5038
		lb :	104.8543	28.0559	84.4962
		A:
			0.4144	0.084	0.9062
			0.2481	0.6489	-0.7193
			0.0893	0.2758	0.957
			-0.9109	0.4121	0.0216
			0.0902	-0.4737	-0.8761
			0.906	0.352	-0.2352
			0.5898	0.8059	0.0511
			0.6349	-0.4237	-0.6461
			-0.499	0.4135	-0.7616
			-0.5898	-0.8059	-0.0511
			-0.6349	0.4237	0.6461
			0.499	-0.4135	0.7616
		b:
			133.2243
			-9.45
			108.1419
			-82.0701
			-81.0275
			97.182
			104.0168
			1.4606
			-105.951
			-93.0168
			4.5394
			111.951
	==================================================================================
	Q4:
		Shape: Ellipse
		q_c:	102.0	37.0	87.5
		ub :	107.1002	43.5155	94.0716
		lb :	96.8998	30.4845	80.9284
		P^-1:
			0.0834	0.0132	0.0202
			0.0132	0.0624	0.019
			0.0202	0.019	0.0772
	==================================================================================
	Q5:
		Shape: Ellipse
		q_c:	114.0	26.5	79.5
		ub :	118.3353	30.9394	83.4339
		lb :	109.6647	22.0606	75.5661
		P^-1:
			0.0855	0.0154	-0.0045
			0.0154	0.1431	-0.0212
			-0.0045	-0.0212	0.1241
	==================================================================================
	Q6:
		Shape: Polyhedra
		q_c:	112.0	30.5	85.5
		ub :	118.4899	38.5279	91.4429
		lb :	105.5101	22.4721	79.5571
		A:
			0.783	0.5895	0.1983
			0.2636	-0.9609	-0.0852
			-0.805	-0.2862	-0.5196
			-0.7307	-0.4772	-0.4881
			-0.3733	-0.2649	-0.8891
			-0.4825	0.2422	-0.8418
			0.7758	0.297	0.5567
			-0.429	-0.3987	0.8105
			0.4627	-0.8677	-0.1818
			-0.7758	-0.297	-0.5567
			0.429	0.3987	-0.8105
			-0.4627	0.8677	0.1818
		b:
			125.4709
			-0.6786
			-141.3072
			-135.8481
			-122.8758
			-115.1121
			145.5464
			13.5898
			16.3135
			-141.5464
			-4.5898
			-3.3135


===========================================================================================
===========================================================================================
S10:
	q_c:	292.5	144.0	28.0
	ub :	327.0957	172.2356	59.3292
	lb :	256.0766	112.7044	-8.4443

	==================================================================================
	Q1:
		Shape: Hybrid
		q_c:	292.0	161.5	16.5
		ub :	301.1774	169.3855	25.4649
		lb :	282.8226	153.6145	7.5351
		P^-1:
			0.0495	0.0162	0.0225
			0.0162	0.048	0.0167
			0.0225	0.0167	0.035
		A:
			-0.9254	-0.0615	-0.374
			0.9527	0.2923	-0.0826
			-0.9001	-0.4268	-0.0873
			0.3571	-0.6875	-0.6323
			-0.0284	0.9943	-0.1026
			0.5232	-0.8316	-0.1866
		b:
			-283.7431
			327.7668
			-330.2433
			-13.0544
			154.1196
			19.1963
	==================================================================================
	Q2:
		Shape: Ellipse
		q_c:	298.0	162.0	52.0
		ub :	308.1803	172.2356	59.3292
		lb :	287.8197	151.7644	44.6708
		P^-1:
			0.0411	0.0308	0.0133
			0.0308	0.0455	0.013
			0.0133	0.013	0.0352
	==================================================================================
	Q3:
		Shape: Ellipse
		q_c:	274.0	130.5	7.5
		ub :	291.9234	148.2956	23.4443
		lb :	256.0766	112.7044	-8.4443
		P^-1:
			0.009	-0.0001	0.0012
			-0.0001	0.0094	-0.0013
			0.0012	-0.0013	0.0093
	==================================================================================
	Q4:
		Shape: Polyhedra
		q_c:	292.5	135.5	37.0
		ub :	303.1923	148.3192	48.1975
		lb :	281.8077	122.6808	25.8025
		A:
			0.0551	-0.3961	0.9165
			0.3334	-0.3179	-0.8876
			0.1169	-0.9308	0.3464
			-0.3111	0.7494	-0.5844
			0.8163	-0.1277	-0.5633
			0.6173	-0.5123	0.5971
			0.3074	0.6655	0.6801
			0.2378	0.6383	-0.7321
			-0.9214	0.3868	0.0379
			-0.3074	-0.6655	-0.6801
			-0.2378	-0.6383	0.7321
			0.9214	-0.3868	-0.0379
		b:
			3.9133
			29.2424
			-71.6495
			-3.7394
			207.8036
			140.5023
			213.2552
			136.4591
			-208.6974
			-197.2552
			-121.4591
			222.6974
	==================================================================================
	Q5:
		Shape: Polyhedra
		q_c:	280.0	134.5	18.0
		ub :	298.1672	148.3752	36.4303
		lb :	261.8328	120.6248	-0.4303
		A:
			0.1809	0.9812	0.0667
			0.286	-0.7098	-0.6437
			-0.8536	0.509	0.1107
			-0.9503	0.2685	0.1574
			0.2419	0.9697	0.0345
			-0.583	-0.5917	0.5568
			0.5834	0.213	0.7838
			-0.6803	0.6553	0.3283
			-0.4437	-0.7247	0.5272
			-0.5834	-0.213	-0.7838
			0.6803	-0.6553	-0.3283
			0.4437	0.7247	-0.5272
		b:
			192.7276
			-15.7489
			-158.3619
			-216.8484
			207.5634
			-226.6228
			221.5979
			-86.9426
			-206.2186
			-190.5979
			105.9426
			218.2186
	==================================================================================
	Q6:
		Shape: Ellipse
		q_c:	314.5	154.0	13.5
		ub :	327.0957	167.3143	27.7109
		lb :	301.9043	140.6857	-0.7109
		P^-1:
			0.0123	-0.003	0.0011
			-0.003	0.0195	-0.0126
			0.0011	-0.0126	0.0205


===========================================================================================
===========================================================================================
S11:
	q_c:	508.0	367.5	128.5
	ub :	523.0006	381.1865	147.942
	lb :	495.8908	346.1369	110.6478

	==================================================================================
	Q1:
		Shape: Polyhedra
		q_c:	509.0	374.5	130.5
		ub :	515.011	381.1865	138.1725
		lb :	502.989	367.8135	122.8275
		A:
			0.3265	0.9403	0.0963
			0.3089	0.7063	-0.6369
			-0.3848	-0.1771	0.9059
			-0.2607	0.6292	-0.7322
			-0.7918	0.4003	-0.4614
			0.5003	0.8615	-0.087
			0.9102	0.4138	0.0145
			0.3737	-0.8359	0.402
			0.1784	-0.3605	-0.9155
			-0.9102	-0.4138	-0.0145
			-0.3737	0.8359	-0.402
			-0.1784	0.3605	0.9155
		b:
			535.1138
			342.7645
			-137.7884
			11.2884
			-309.8691
			569.7128
			624.1793
			-67.4035
			-156.6535
			-616.1793
			73.4035
			170.6535
	==================================================================================
	Q2:
		Shape: Hybrid
		q_c:	514.0	370.5	124.0
		ub :	522.4037	378.2895	130.7931
		lb :	505.5963	362.7105	117.2069
		P^-1:
			0.0431	-0.0008	-0.0123
			-0.0008	0.04	0.0064
			-0.0123	0.0064	0.0525
		A:
			-0.3909	-0.444	-0.8063
			-0.4962	-0.6355	-0.5915
			0.3596	0.6565	-0.6631
			-0.5493	0.026	0.8352
			0.2818	0.0775	0.9563
			-0.3834	0.6517	0.6544
		b:
			-462.5106
			-560.9117
			348.6742
			-167.0863
			295.0396
			127.7585
	==================================================================================
	Q3:
		Shape: Hybrid
		q_c:	515.5	364.5	139.5
		ub :	520.787	368.1787	147.942
		lb :	510.213	360.8213	131.058
		P^-1:
			0.0687	0.0244	0.0059
			0.0244	0.1531	0.0061
			0.0059	0.0061	0.0164
		A:
			-0.234	0.9374	0.2578
			0.3181	-0.9419	-0.108
			-0.4461	-0.2224	-0.8669
			-0.0808	-0.9866	0.142
			0.2951	0.0783	0.9522
			0.3586	0.876	-0.3224
		b:
			259.2273
			-192.4945
			-426.4139
			-379.8009
			319.7529
			461.7806
	==================================================================================
	Q4:
		Shape: Polyhedra
		q_c:	508.0	372.0	117.5
		ub :	514.0663	378.9319	124.3522
		lb :	501.9337	365.0681	110.6478
		A:
			-0.8973	0.2956	-0.3277
			0.5083	0.0857	0.8569
			0.0068	-0.5659	0.8244
			0.6456	0.4206	-0.6374
			0.6198	0.7248	0.301
			0.8768	0.3329	0.3468
			0.2673	0.6216	0.7363
			-0.8959	-0.121	0.4274
			0.3548	-0.7739	0.5246
			-0.2673	-0.6216	-0.7363
			0.8959	0.121	-0.4274
			-0.3548	0.7739	-0.5246
		b:
			-379.4503
			394.9665
			-104.6912
			413.6419
			623.1094
			613.5005
			456.5557
			-446.4116
			-40.0545
			-450.5557
			453.4116
			52.0545
	==================================================================================
	Q5:
		Shape: Polyhedra
		q_c:	501.0	356.0	137.0
		ub :	506.1092	361.2803	142.452
		lb :	495.8908	350.7197	131.548
		A:
			-0.8094	0.0002	0.5873
			0.2171	-0.9632	0.1587
			-0.864	0.5027	0.0278
			0.9269	0.2195	-0.3044
			0.8904	0.3814	0.2484
			-0.46	-0.8837	-0.086
			0.7629	0.6117	0.2094
			-0.1026	-0.2052	0.9733
			0.6384	-0.764	-0.0938
			-0.7629	-0.6117	-0.2094
			0.1026	0.2052	-0.9733
			-0.6384	0.764	0.0938
		b:
			-321.1424
			-209.3679
			-247.3817
			504.6609
			619.8338
			-553.0313
			632.6521
			13.368
			37.4851
			-624.6521
			-4.368
			-32.4851
	==================================================================================
	Q6:
		Shape: Polyhedra
		q_c:	514.5	355.0	133.0
		ub :	523.0006	363.8631	141.027
		lb :	505.9994	346.1369	124.973
		A:
			-0.6273	0.1205	-0.7694
			0.1416	0.5896	-0.7952
			-0.681	-0.6495	-0.3381
			-0.0752	-0.3143	0.9463
			0.07	0.996	-0.0548
			-0.3049	-0.9507	-0.0558
			0.1613	0.8032	0.5734
			0.0113	0.5795	-0.8149
			-0.9868	0.1379	0.0844
			-0.1613	-0.8032	-0.5734
			-0.0113	-0.5795	0.8149
			0.9868	-0.1379	-0.0844
		b:
			-376.2814
			180.9894
			-619.1394
			-19.6905
			388.1268
			-495.7345
			450.8942
			107.6446
			-440.0481
			-437.8942
			-98.6446
			455.0481


===========================================================================================
===========================================================================================
S12:
	q_c:	119.0	125.0	334.0
	ub :	140.4855	145.9631	350.4054
	lb :	107.5512	106.0507	315.784

	==================================================================================
	Q1:
		Shape: Hybrid
		q_c:	127.5	136.0	329.5
		ub :	137.0079	145.9631	337.6221
		lb :	117.9921	126.0369	321.3779
		P^-1:
			0.028	0.0075	-0.0006
			0.0075	0.0308	-0.009
			-0.0006	-0.009	0.0441
		A:
			0.9746	0.1645	-0.1517
			0.1725	0.927	-0.333
			-0.5056	0.2721	0.8188
			0.8094	-0.5269	0.2592
			0.742	-0.0553	0.6682
			-0.4276	-0.8954	0.1242
		b:
			100.3048
			41.3965
			246.0717
			121.251
			310.5376
			-132.3023
	==================================================================================
	Q2:
		Shape: Hybrid
		q_c:	121.5	113.5	334.0
		ub :	129.5834	120.9493	341.4103
		lb :	113.4166	106.0507	326.5897
		P^-1:
			0.0508	0.0195	-0.0053
			0.0195	0.0502	-0.0176
			-0.0053	-0.0176	0.0578
		A:
			-0.7883	-0.3437	-0.5104
			0.5979	-0.1354	0.7901
			0.1684	-0.6291	0.7589
			0.9634	-0.247	0.1044
			0.0955	0.054	-0.994
			-0.8381	-0.3459	-0.4219
		b:
			-302.6091
			323.9025
			204.9301
			127.3529
			-311.6721
			-279.3866
	==================================================================================
	Q3:
		Shape: Polyhedra
		q_c:	112.5	129.5	332.0
		ub :	117.4488	136.3922	340.4602
		lb :	107.5512	122.6078	323.5398
		A:
			-0.5229	-0.2134	0.8252
			-0.6424	0.5358	-0.5479
			0.7489	-0.6491	0.1336
			-0.1719	0.6107	-0.7729
			0.4913	-0.5805	-0.6493
			0.3113	-0.9245	-0.2201
			0.0455	0.4988	0.8655
			-0.3404	0.8223	-0.456
			-0.9392	-0.2739	0.2072
			-0.0455	-0.4988	-0.8655
			0.3404	-0.8223	0.456
			0.9392	0.2739	-0.2072
		b:
			192.8296
			-181.6058
			47.7505
			-193.1942
			-228.9677
			-152.6016
			364.5657
			-80.6917
			-68.3444
			-349.5657
			85.6917
			76.3444
	==================================================================================
	Q4:
		Shape: Hybrid
		q_c:	127.0	124.0	326.5
		ub :	134.0577	127.7223	333.6197
		lb :	119.9423	120.2777	319.3803
		P^-1:
			0.0425	-0.0168	-0.0027
			-0.0168	0.1546	0.0182
			-0.0027	0.0182	0.0429
		A:
			0.0159	0.9632	-0.2682
			-0.0347	0.9421	0.3334
			-0.3729	-0.8525	-0.3663
			-0.8916	0.3122	0.3279
			0.0777	-0.9969	0.0126
			-0.2033	-0.8123	-0.5466
		b:
			35.7935
			222.6842
			-270.4804
			35.8149
			-108.2504
			-302.8902
	==================================================================================
	Q5:
		Shape: Ellipse
		q_c:	127.5	131.0	343.5
		ub :	133.6584	137.5776	350.4054
		lb :	121.3416	124.4224	336.5946
		P^-1:
			0.0896	0.0039	-0.0291
			0.0039	0.0498	-0.0028
			-0.0291	-0.0028	0.0705
	==================================================================================
	Q6:
		Shape: Polyhedra
		q_c:	130.5	122.5	325.0
		ub :	140.4855	132.4869	334.216
		lb :	120.5145	112.5131	315.784
		A:
			0.3638	-0.3923	0.8448
			0.1346	-0.96	0.2455
