3D_45_10_6_b                l = 3

===========================================================================================
===========================================================================================
S1:
	q_c:    207.0000    119.5000    251.0000
	ub :    220.0000    138.0000    256.0000
	lb :    194.0000    101.0000    246.0000

	==================================================================================
	Q1:
		Shape: Polyhedra
		q_c:    207.0000    120.0000    255.5000
		ub :    211.5173    124.6130    259.0902
		lb :    202.4827    115.3870    251.9098
		A:
			    -0.4077    -0.3365    0.8489
			    -0.9343    0.0966    -0.3433
			    0.4634    0.3332    -0.8211
			    0.2110    0.7109    -0.6709
			    -0.5954    -0.6480    0.4749
			    0.6100    -0.7621    -0.2168
			    0.3187    0.5520    0.7705
			    0.5103    0.5851    -0.6303
			    -0.7988    0.5941    -0.0952
			    -0.3187    -0.5520    -0.7705
			    -0.5103    -0.5851    0.6303
			    0.7988    -0.5941    0.0952
		b:
			    93.8557
			    -266.1997
			    -72.1754
			    -40.6115
			    -78.0937
			    -17.1504
			    332.0829
			    16.3018
			    -114.8834
			    -326.0829
			    -13.3018
			    121.8834
	==================================================================================
	Q2:
		Shape: Ellipse
		q_c:    210.0000    124.0000    257.0000
		ub :    215.2216    130.0382    262.5182
		lb :    204.7784    117.9618    251.4818
		P^-1: 
			    0.0865    0.0043    -0.0120
			    0.0043    0.0811    -0.0206
			    -0.0120    -0.0206    0.0877
	==================================================================================
	Q3:
		Shape: Ellipse
		q_c:    210.5000    118.0000    247.5000
		ub :    214.4344    120.8929    249.5631
		lb :    206.5656    115.1071    245.4369
		P^-1: 
			    0.1109    0.0985    -0.0076
			    0.0985    0.4153    0.0022
			    -0.0076    0.0022    0.4443
	==================================================================================
	Q4:
		Shape: Polyhedra
		q_c:    208.0000    117.0000    247.0000
		ub :    211.9529    121.7462    252.2351
		lb :    204.0471    112.2538    241.7649
		A:
			    0.2562    0.0463    -0.9655
			    -0.3722    -0.5723    -0.7307
			    -0.7280    -0.5493    -0.4102
			    0.3446    0.1167    0.9315
			    0.7203    0.6016    0.3452
			    0.7416    -0.3859    -0.5487
			    0.6819    0.5951    0.4253
			    0.7028    -0.3718    -0.6065
			    -0.2028    0.7125    -0.6718
			    -0.6819    -0.5951    -0.4253
			    -0.7028    0.3718    0.6065
			    0.2028    -0.7125    0.6718
		b:
			    -176.1485
			    -323.0968
			    -315.9879
			    318.2547
			    306.5378
			    -22.9129
			    317.5141
			    -43.6127
			    -120.7445
			    -315.5141
			    50.6127
			    128.7445
	==================================================================================
	Q5:
		Shape: Hybrid
		q_c:    212.5000    118.0000    248.0000
		ub :    214.7338    120.0325    249.7837
		lb :    210.2662    115.9675    246.2163
		P^-1: 
			    0.2538    0.0268    -0.0011
			    0.0268    0.4407    0.0002
			    -0.0011    0.0002    0.4444
		A:
			    0.1146    -0.7832    0.6112
			    0.4953    -0.2056    0.8440
			    -0.2100    0.9621    -0.1739
			    -0.6647    -0.7471    0.0066
			    -0.6914    -0.2193    -0.6884
			    0.8252    -0.3343    -0.4552
		b:
			    84.2850
			    291.2223
			    26.5939
			    -226.8415
			    -342.5349
			    24.1449
	==================================================================================
	Q6:
		Shape: Hybrid
		q_c:    208.0000    124.5000    252.0000
		ub :    212.0826    128.9630    256.4209
		lb :    203.9174    120.0370    247.5791
		P^-1: 
			    0.2036    0.0629    0.0184
			    0.0629    0.1538    0.0125
			    0.0184    0.0125    0.1148
		A:
			    0.6851    0.5071    -0.5229
			    -0.2595    0.7132    0.6512
			    0.5441    0.8390    -0.0003
			    0.9636    0.2431    -0.1111
			    -0.9684    -0.1485    0.2004
			    -0.9310    -0.2052    0.3018
		b:
			    75.3412
			    200.8484
			    218.7710
			    203.9163
			    -168.0746
			    -141.7705


===========================================================================================
===========================================================================================
S2:
	q_c:    63.0000    156.0000    347.0000
	ub :    80.0000    170.0000    377.0000
	lb :    46.0000    142.0000    317.0000

	==================================================================================
	Q1:
		Shape: Hybrid
		q_c:    60.5000    154.5000    354.5000
		ub :    70.6638    165.1930    366.0188
		lb :    50.3362    143.8070    342.9812
		P^-1: 
			    0.0344    0.0134    0.0107
			    0.0134    0.0302    0.0022
			    0.0107    0.0022    0.0222
		A:
			    -0.1845    -0.9145    -0.3600
			    0.3455    -0.0629    0.9363
			    0.6586    -0.4334    -0.6152
			    0.2895    -0.4918    -0.8212
			    0.7381    -0.4995    0.4536
			    -0.9885    -0.1262    -0.0830
		b:
			    -276.2864
			    347.1962
			    -238.9604
			    -343.7140
			    132.4932
			    -105.1255
	==================================================================================
	Q2:
		Shape: Polyhedra
		q_c:    52.5000    148.0000    346.5000
		ub :    61.1017    157.9079    355.7004
		lb :    43.8983    138.0921    337.2996
		A:
			    0.8184    0.3124    -0.4823
			    0.8424    0.2546    -0.4749
			    0.8931    0.4203    0.1602
			    -0.6886    0.6940    -0.2102
			    -0.1058    0.9273    -0.3592
			    0.4833    0.6700    0.5634
			    0.1104    0.6428    0.7581
			    0.3864    0.6750    -0.6286
			    -0.9157    0.3623    -0.1739
			    -0.1104    -0.6428    -0.7581
			    -0.3864    -0.6750    0.6286
			    0.9157    -0.3623    0.1739
		b:
			    -72.4011
			    -77.0430
			    170.7258
			    0.0872
			    12.7910
			    326.1652
			    370.0966
			    -92.6149
			    -48.1934
			    -357.0966
			    102.6149
			    61.1934
	==================================================================================
	Q3:
		Shape: Hybrid
		q_c:    73.5000    153.0000    355.0000
		ub :    80.8686    161.0340    364.1988
		lb :    66.1314    144.9660    345.8012
		P^-1: 
			    0.0541    -0.0323    -0.0137
			    -0.0323    0.0749    0.0282
			    -0.0137    0.0282    0.0356
		A:
			    -0.4204    0.7868    0.4519
			    -0.5615    0.4799    0.6741
			    -0.2517    0.9582    -0.1358
			    -0.1717    0.7792    0.6028
			    -0.7899    0.5548    0.2612
			    -0.7334    0.6778    0.0520
		b:
			    251.4475
			    273.8762
			    83.1330
			    322.6593
			    121.4655
			    70.3653
	==================================================================================
	Q4:
		Shape: Ellipse
		q_c:    78.5000    165.0000    352.5000
		ub :    91.6769    176.2156    364.4897
		lb :    65.3231    153.7844    340.5103
		P^-1: 
			    0.0157    -0.0091    0.0040
			    -0.0091    0.0346    -0.0158
			    0.0040    -0.0158    0.0258
	==================================================================================
	Q5:
		Shape: Hybrid
		q_c:    52.5000    143.0000    332.0000
		ub :    63.2953    147.6629    343.5787
		lb :    41.7047    138.3371    320.4213
		P^-1: 
			    0.0273    0.0191    -0.0111
			    0.0191    0.1040    -0.0134
			    -0.0111    -0.0134    0.0186
		A:
			    -0.6720    -0.7009    0.2391
			    -0.4516    0.7865    -0.4212
			    0.3160    -0.5728    -0.7564
			    -0.6439    -0.7630    -0.0563
			    -0.1199    0.9038    0.4107
			    0.4256    0.4269    -0.7979
		b:
			    -53.4843
			    -46.1386
			    -311.3062
			    -158.1684
			    262.7401
			    -177.1379
	==================================================================================
	Q6:
		Shape: Ellipse
		q_c:    73.0000    163.5000    337.0000
		ub :    80.8854    171.5929    344.4268
		lb :    65.1146    155.4071    329.5732
		P^-1: 
			    0.0953    -0.0706    0.0125
			    -0.0706    0.0782    -0.0112
			    0.0125    -0.0112    0.0225


===========================================================================================
===========================================================================================
S3:
	q_c:    405.5000    383.0000    489.0000
	ub :    409.0000    394.0000    514.0000
	lb :    402.0000    372.0000    464.0000

	==================================================================================
	Q1:
		Shape: Polyhedra
		q_c:    404.5000    384.0000    490.0000
		ub :    406.8559    385.9678    492.0309
		lb :    402.1441    382.0322    487.9691
		A:
			    -0.5100    -0.6610    0.5505
			    -0.4140    0.8760    -0.2475
			    0.5828    0.5490    -0.5992
			    0.1801    0.6249    -0.7596
			    -0.6872    0.7190    -0.1043
			    -0.3183    -0.6906    -0.6494
			    0.8649    0.3193    0.3873
			    -0.1458    -0.5785    0.8026
			    0.4803    -0.7506    -0.4538
			    -0.8649    -0.3193    -0.3873
			    0.1458    0.5785    -0.8026
			    -0.4803    0.7506    0.4538
		b:
			    -189.1201
			    48.6925
			    154.2152
			    -58.3889
			    -51.7540
			    -710.5284
			    664.2463
			    113.1535
			    -315.2716
			    -660.2463
			    -111.1535
			    317.2716
	==================================================================================
	Q2:
		Shape: Polyhedra
		q_c:    407.0000    385.0000    487.5000
		ub :    409.8981    387.2661    489.5549
		lb :    404.1019    382.7339    485.4451
		A:
			    0.1293    0.9569    -0.2599
			    -0.0036    -0.7352    0.6778
			    -0.4071    -0.4812    0.7764
			    0.7032    -0.4771    -0.5271
			    -0.6908    0.7206    0.0592
			    0.1253    0.9651    -0.2300
			    0.8166    0.5385    0.2078
			    0.5362    -0.8410    0.0721
			    0.2136    0.0526    -0.9755
			    -0.8166    -0.5385    -0.2078
			    -0.5362    0.8410    -0.0721
			    -0.2136    -0.0526    0.9755
		b:
			    296.0254
			    47.3039
			    29.2429
			    -153.1062
			    26.2511
			    312.1059
			    643.4942
			    -69.4060
			    -366.8743
			    -638.4942
			    71.4060
			    369.8743
	==================================================================================
	Q3:
		Shape: Ellipse
		q_c:    404.0000    386.0000    485.5000
		ub :    405.8807    388.2187    487.6104
		lb :    402.1193    383.7813    483.3896
		P^-1: 
			    0.7341    -0.2628    -0.0892
			    -0.2628    0.6829    0.0809
			    -0.0892    0.0809    0.4719
	==================================================================================
	Q4:
		Shape: Hybrid
		q_c:    407.5000    382.5000    487.0000
		ub :    409.6884    384.2797    489.1227
		lb :    405.3116    380.7203    484.8773
		P^-1: 
			    1.3383    -1.6629    0.3628
			    -1.6629    2.7908    -0.5544
			    0.3628    -0.5544    0.3709
		A:
			    -0.4269    0.6538    -0.6248
			    -0.4706    0.8573    -0.2087
			    -0.3182    0.9159    -0.2446
			    0.2872    -0.8117    -0.5087
			    0.4931    -0.8402    0.2256
			    -0.7876    -0.1526    -0.5969
		b:
			    -227.3744
			    34.7961
			    101.9955
			    -440.0044
			    -10.3046
			    -668.4501
	==================================================================================
	Q5:
		Shape: Polyhedra
		q_c:    409.0000    385.5000    488.0000
		ub :    411.7900    389.0183    491.3997
		lb :    406.2100    381.9817    484.6003
		A:
			    0.7986    -0.0198    0.6015
			    0.8750    0.1912    0.4447
			    0.8348    -0.4792    -0.2712
			    0.1380    0.8000    0.5840
			    0.8786    0.4655    -0.1065
			    0.4026    -0.1332    -0.9056
			    0.6133    0.4634    0.6397
			    -0.1240    -0.7433    0.6573
			    0.7801    -0.4824    -0.3984
			    -0.6133    -0.4634    -0.6397
			    0.1240    0.7433    -0.6573
			    -0.7801    0.4824    0.3984
		b:
			    614.2272
			    650.1951
			    26.3500
			    651.5174
			    488.7570
			    -326.5493
			    743.1205
			    -13.9872
			    -59.3384
			    -740.1205
			    18.9872
			    63.3384
	==================================================================================
	Q6:
		Shape: Ellipse
		q_c:    409.5000    380.0000    487.0000
		ub :    412.7575    383.3061    490.3493
		lb :    406.2425    376.6939    483.6507
		P^-1: 
			    0.2500    -0.0000    -0.0000
			    -0.0000    0.2500    -0.0000
			    -0.0000    -0.0000    0.2500


===========================================================================================
===========================================================================================
S4:
	q_c:    426.0000    386.0000    58.5000
	ub :    448.0000    402.0000    86.0000
	lb :    404.0000    370.0000    31.0000

	==================================================================================
	Q1:
		Shape: Polyhedra
		q_c:    431.0000    396.0000    65.5000
		ub :    443.8203    411.0906    78.8950
		lb :    418.1797    380.9094    52.1050
		A:
			    0.3560    0.3037    -0.8838
			    -0.7217    -0.5677    -0.3961
			    -0.4380    0.7520    0.4926
			    -0.9891    -0.1366    0.0552
			    -0.5527    -0.3071    0.7747
			    -0.5344    -0.6258    -0.5681
			    0.3669    0.6061    0.7057
			    -0.7871    -0.2021    0.5827
			    0.4958    -0.7693    0.4030
			    -0.3669    -0.6061    -0.7057
			    0.7871    0.2021    -0.5827
			    -0.4958    0.7693    -0.4030
		b:
			    222.8122
			    -554.2670
			    150.4149
			    -469.9111
			    -303.1687
			    -507.4826
			    452.3667
			    -376.1013
			    -52.5546
			    -436.3667
			    386.1013
			    76.5546
	==================================================================================
	Q2:
		Shape: Ellipse
		q_c:    433.0000    394.0000    78.5000
		ub :    443.1484    406.2288    90.9728
		lb :    422.8516    381.7712    66.0272
		P^-1: 
			    0.0236    0.0029    0.0025
			    0.0029    0.0159    0.0054
			    0.0025    0.0054    0.0211
	==================================================================================
	Q3:
		Shape: Ellipse
		q_c:    411.5000    392.5000    62.0000
		ub :    425.6331    405.3269    76.6083
		lb :    397.3669    379.6731    47.3917
		P^-1: 
			    0.0138    -0.0000    -0.0000
			    -0.0000    0.0138    0.0000
			    -0.0000    0.0000    0.0138
	==================================================================================
	Q4:
		Shape: Polyhedra
		q_c:    425.0000    373.5000    48.5000
		ub :    433.4500    382.2290    53.8152
		lb :    416.5500    364.7710    43.1848
		A:
			    -0.8758    -0.4209    -0.2363
			    0.4620    -0.7904    -0.4023
			    0.9068    0.3025    -0.2935
			    0.5258    0.8205    0.2245
			    -0.0558    -0.7571    -0.6509
			    0.1454    0.9329    -0.3295
			    0.7718    0.5912    0.2342
			    0.5939    -0.8018    0.0665
			    0.2271    0.0878    -0.9699
			    -0.7718    -0.5912    -0.2342
			    -0.5939    0.8018    -0.0665
			    -0.2271    -0.0878    0.9699
		b:
			    -536.6756
			    -111.4816
			    488.5213
			    545.3012
			    -332.8482
			    400.1318
			    564.1718
			    -36.3158
			    86.2631
			    -556.1718
			    51.3158
			    -78.2631
	==================================================================================
	Q5:
		Shape: Hybrid
		q_c:    434.0000    372.5000    47.0000
		ub :    441.7441    381.5487    54.3025
		lb :    426.2559    363.4513    39.6975
		P^-1: 
			    0.2335    0.0440    -0.2069
			    0.0440    0.0326    -0.0447
			    -0.2069    -0.0447    0.2224
		A:
			    0.9546    -0.2251    -0.1949
			    -0.8001    -0.2462    0.5470
			    -0.9383    0.0350    0.3441
			    0.6769    -0.0947    -0.7300
			    -0.4554    -0.3303    0.8267
			    -0.7120    -0.4303    0.5549
		b:
			    324.8785
			    -412.0017
			    -375.4763
			    225.6358
			    -279.9771
			    -441.4390
	==================================================================================
	Q6:
		Shape: Ellipse
		q_c:    439.0000    373.0000    67.0000
		ub :    449.5629    382.6886    76.1043
		lb :    428.4371    363.3114    57.8957
		P^-1: 
			    0.0648    0.0701    0.0634
			    0.0701    0.1220    0.0930
			    0.0634    0.0930    0.0934


===========================================================================================
===========================================================================================
S5:
	q_c:    33.0000    42.0000    422.0000
	ub :    48.0000    55.0000    438.0000
	lb :    18.0000    29.0000    406.0000

	==================================================================================
	Q1:
		Shape: Ellipse
		q_c:    44.5000    45.0000    416.0000
		ub :    48.4164    48.7678    423.0708
		lb :    40.5836    41.2322    408.9292
		P^-1: 
			    0.1216    0.0200    0.0019
			    0.0200    0.1494    0.0033
			    0.0019    0.0033    0.0205
	==================================================================================
	Q2:
		Shape: Hybrid
		q_c:    24.5000    42.0000    433.0000
		ub :    29.7256    48.9795    440.1237
		lb :    19.2744    35.0205    425.8763
		P^-1: 
			    0.0848    -0.0150    -0.0266
			    -0.0150    0.0486    0.0153
			    -0.0266    0.0153    0.0672
		A:
			    0.8026    0.5578    -0.2115
			    0.5650    -0.0669    0.8224
			    0.3032    -0.8779    -0.3707
			    0.7697    -0.5503    0.3237
			    0.7390    0.1548    -0.6557
			    -0.9768    -0.2069    0.0551
		b:
			    -45.6929
			    370.2319
			    -187.4579
			    138.7040
			    -257.2872
			    -6.4059
	==================================================================================
	Q3:
		Shape: Polyhedra
		q_c:    32.5000    48.5000    418.5000
		ub :    41.1881    57.0990    425.1097
		lb :    23.8119    39.9010    411.8903
		A:
			    -0.5254    0.1620    0.8353
			    -0.8524    -0.5160    -0.0843
			    0.9250    -0.0769    0.3721
			    0.0391    0.3490    -0.9363
			    0.9399    -0.1239    -0.3182
			    0.2533    -0.0124    -0.9673
			    0.5309    0.8434    0.0828
			    0.7249    -0.5026    0.4711
			    0.4389    -0.1901    -0.8782
			    -0.5309    -0.8434    -0.0828
			    -0.7249    0.5026    -0.4711
			    -0.4389    0.1901    0.8782
		b:
			    344.8739
			    -81.8487
			    187.0487
			    -369.0070
			    -103.8264
			    -392.6803
			    99.2971
			    200.8287
			    -357.9837
			    -86.2971
			    -191.8287
			    366.9837
	==================================================================================
	Q4:
		Shape: Hybrid
		q_c:    21.5000    50.0000    433.0000
		ub :    32.7108    61.1069    438.9543
		lb :    10.2892    38.8931    427.0457
		P^-1: 
			    0.0164    -0.0031    -0.0013
			    -0.0031    0.0181    -0.0019
			    -0.0013    -0.0019    0.0398
		A:
			    -0.2802    0.8864    -0.3685
			    0.1151    -0.8281    0.5486
			    0.3171    0.5992    -0.7351
			    0.5855    0.2159    -0.7814
			    0.9748    -0.2223    0.0204
			    0.5552    -0.2717    0.7861
		b:
			    -116.9496
			    202.6791
			    -277.6308
			    -311.1723
			    23.8119
			    342.3013
	==================================================================================
	Q5:
		Shape: Polyhedra
		q_c:    29.5000    55.5000    419.0000
		ub :    37.2622    62.8958    426.4978
		lb :    21.7378    48.1042    411.5022
		A:
			    -0.9503    0.3106    0.0206
			    -0.7423    -0.5603    0.3674
			    0.9649    -0.0024    -0.2625
			    -0.9620    -0.2712    -0.0324
			    -0.9543    0.2716    0.1245
			    0.3912    0.6871    -0.6123
			    0.8191    0.5288    0.2221
			    0.5090    -0.8487    0.1437
			    0.2645    -0.0047    -0.9644
			    -0.8191    -0.5288    -0.2221
			    -0.5090    0.8487    -0.1437
			    -0.2645    0.0047    0.9644
		b:
			    3.3603
			    105.4270
			    -76.6865
			    -53.0868
			    44.5773
			    -201.3829
			    150.0673
			    34.6378
			    -390.5322
			    -143.0673
			    -21.6378
			    402.5322
	==================================================================================
	Q6:
		Shape: Ellipse
		q_c:    34.5000    50.0000    433.0000
		ub :    41.1734    55.9131    440.1376
		lb :    27.8266    44.0869    425.8624
		P^-1: 
			    0.0786    -0.0763    -0.0439
			    -0.0763    0.1664    0.0698
			    -0.0439    0.0698    0.0780


===========================================================================================
===========================================================================================
S6:
	q_c:    382.0000    242.5000    374.5000
	ub :    411.0000    262.0000    394.0000
	lb :    353.0000    223.0000    355.0000

	==================================================================================
	Q1:
		Shape: Polyhedra
		q_c:    390.5000    225.5000    383.5000
		ub :    401.8118    234.2114    394.6980
		lb :    379.1882    216.7886    372.3020
		A:
			    0.9631    -0.1687    0.2097
			    -0.9241    -0.0825    -0.3731
			    0.8177    -0.4639    0.3408
			    0.8944    0.4367    0.0965
			    0.8219    -0.5692    -0.0211
			    -0.8702    0.0423    -0.4909
			    0.6475    0.6557    0.3884
			    0.4989    -0.7499    0.4344
			    0.5761    -0.0875    -0.8127
			    -0.6475    -0.6557    -0.3884
			    -0.4989    0.7499    -0.4344
			    -0.5761    0.0875    0.8127
		b:
			    424.5842
			    -516.4176
			    350.8375
			    491.4921
			    190.5731
			    -512.6489
			    556.1421
			    197.2975
			    -98.4327
			    -543.1421
			    -187.2975
			    114.4327
	==================================================================================
	Q2:
		Shape: Ellipse
		q_c:    383.0000    242.5000    375.5000
		ub :    394.3913    254.7048    385.7094
		lb :    371.6087    230.2952    365.2906
		P^-1: 
			    0.0254    0.0119    -0.0067
			    0.0119    0.0232    -0.0056
			    -0.0067    -0.0056    0.0193
	==================================================================================
	Q3:
		Shape: Polyhedra
		q_c:    370.5000    251.5000    372.0000
		ub :    377.2331    258.7626    379.3171
		lb :    363.7669    244.2374    364.6829
		A:
			    -0.0201    -0.0583    -0.9981
			    -0.9436    -0.1849    -0.2746
			    -0.5667    -0.6658    -0.4853
			    0.8968    -0.2325    0.3765
			    -0.8802    -0.4712    0.0564
			    0.0900    -0.6831    -0.7248
			    0.8241    0.1699    0.5403
			    0.3140    0.6569    -0.6855
			    -0.4714    0.7346    0.4880
			    -0.8241    -0.1699    -0.5403
			    -0.3140    -0.6569    0.6855
			    0.4714    -0.7346    -0.4880
		b:
			    -389.0869
			    -494.6633
			    -553.9093
			    417.7561
			    -419.9044
			    -402.9003
			    552.5732
			    30.5103
			    197.1307
			    -545.5732
			    -22.5103
			    -186.1307
	==================================================================================
	Q4:
		Shape: Polyhedra
		q_c:    370.5000    236.5000    360.0000
		ub :    377.2273    246.2016    368.9396
		lb :    363.7727    226.7984    351.0604
		A:
			    -0.6279    0.1208    0.7689
			    -0.8819    0.3467    0.3194
			    -0.5533    -0.4018    0.7297
			    -0.3998    0.6015    0.6917
			    0.1738    0.0393    0.9840
			    -0.8167    0.0010    0.5770
			    0.0261    0.4995    0.8659
			    -0.0108    0.8663    -0.4994
			    -0.9996    0.0037    0.0280
			    -0.0261    -0.4995    -0.8659
			    0.0108    -0.8663    0.4994
			    0.9996    -0.0037    -0.0280
		b:
			    78.8612
			    -123.4252
			    -30.2070
			    248.9013
			    434.0622
			    -88.2212
			    445.0299
			    29.1115
			    -352.9027
			    -434.0299
			    -13.1115
			    365.9027
	==================================================================================
	Q5:
		Shape: Polyhedra
		q_c:    370.0000    240.0000    369.5000
		ub :    377.4517    246.7208    377.7416
		lb :    362.5483    233.2792    361.2584
		A:
			    0.1314    0.9621    -0.2391
			    0.2539    0.9112    -0.3244
			    -0.2078    0.4489    -0.8691
			    -0.1266    0.1743    -0.9765
			    0.6197    -0.5194    0.5884
			    -0.2800    0.6196    -0.7333
			    0.3147    0.6982    0.6431
			    -0.2958    0.7159    -0.6325
			    -0.9019    0.0088    0.4318
			    -0.3147    -0.6982    -0.6431
			    0.2958    -0.7159    0.6325
			    0.9019    -0.0088    -0.4318
		b:
			    195.6970
			    197.2303
			    -286.9678
			    -361.2705
			    325.1706
			    -223.2122
			    528.6017
			    -168.8227
			    -167.0770
			    -514.6017
			    173.8227
			    177.0770
	==================================================================================
	Q6:
		Shape: Polyhedra
		q_c:    391.5000    231.0000    372.0000
		ub :    395.5895    238.9211    379.4528
		lb :    387.4105    223.0789    364.5472
		A:
			    -0.9930    0.1176    0.0116
			    0.8426    -0.1222    0.5245
			    -0.8287    0.3378    0.4463
			    -0.8129    0.1257    0.5686
			    0.7773    -0.6210    -0.1008
			    -0.7120    0.2520    0.6554
			    0.3264    0.4581    0.8268
			    -0.9260    0.3303    0.1825
			    -0.1895    -0.8252    0.5321
			    -0.3264    -0.4581    -0.8268
			    0.9260    -0.3303    -0.1825
			    0.1895    0.8252    -0.5321
		b:
			    -355.3343
			    500.2029
			    -78.3719
			    -74.7607
			    125.9027
			    26.1852
			    545.6785
			    -216.8357
			    -60.3779
			    -536.6785
			    219.8357
			    73.3779


===========================================================================================
===========================================================================================
S7:
	q_c:    169.0000    17.0000    191.0000
	ub :    203.0000    34.0000    208.0000
	lb :    135.0000    0.0000    174.0000

	==================================================================================
	Q1:
		Shape: Ellipse
		q_c:    166.0000    5.5000    197.5000
		ub :    175.9770    16.4427    208.8141
		lb :    156.0230    -5.4427    186.1859
		P^-1: 
			    0.0378    -0.0000    -0.0155
			    -0.0000    0.0163    -0.0012
			    -0.0155    -0.0012    0.0286
	==================================================================================
	Q2:
		Shape: Polyhedra
		q_c:    172.5000    0.5000    178.0000
		ub :    181.2045    8.5466    185.3177
		lb :    163.7955    -7.5466    170.6823
		A:
			    -0.1834    -0.4583    -0.8697
			    -0.5987    -0.1108    0.7933
			    -0.8825    0.2368    0.4064
			    0.2517    -0.4724    0.8447
			    0.2425    -0.0153    -0.9700
			    -0.2986    -0.5564    -0.7754
			    0.8150    0.5006    0.2918
			    0.3401    -0.8210    0.4586
			    0.4691    -0.2746    -0.8394
			    -0.8150    -0.5006    -0.2918
			    -0.3401    0.8210    -0.4586
			    -0.4691    0.2746    0.8394
		b:
			    -181.5160
			    42.2235
			    -75.0280
			    198.0454
			    -126.7552
			    -184.2772
			    199.2756
			    144.3894
			    -64.6224
			    -186.2756
			    -135.3894
			    72.6224
	==================================================================================
	Q3:
		Shape: Ellipse
		q_c:    174.0000    11.0000    203.0000
		ub :    180.5736    16.2965    210.6281
		lb :    167.4264    5.7035    195.3719
		P^-1: 
			    0.0395    0.0025    -0.0023
			    0.0025    0.0612    0.0061
			    -0.0023    0.0061    0.0295
	==================================================================================
	Q4:
		Shape: Polyhedra
		q_c:    178.0000    11.0000    199.0000
		ub :    186.1048    20.7843    208.1739
		lb :    169.8952    1.2157    189.8261
		A:
			    0.4519    -0.4086    0.7930
			    0.6937    0.1162    0.7108
			    0.3619    0.0102    0.9322
			    -0.7336    -0.0775    -0.6752
			    -0.9186    -0.1078    0.3801
			    0.5629    0.7095    -0.4240
			    0.0733    0.5192    0.8515
			    0.7646    0.5189    -0.3822
			    -0.6403    0.6791    -0.3589
			    -0.0733    -0.5192    -0.8515
			    -0.7646    -0.5189    0.3822
			    0.6403    -0.6791    0.3589
		b:
			    239.7236
			    272.1186
			    256.0227
			    -259.8979
			    -83.8700
			    28.7154
			    194.2090
			    70.7381
			    -171.9378
			    -182.2090
			    -60.7381
			    183.9378
	==================================================================================
	Q5:
		Shape: Hybrid
		q_c:    186.5000    17.0000    179.0000
		ub :    191.3226    25.0878    183.7842
		lb :    181.6774    8.9122    174.2158
		P^-1: 
			    0.1502    0.0062    -0.1001
			    0.0062    0.0159    -0.0060
			    -0.1001    -0.0060    0.1489
		A:
			    0.1951    0.4888    -0.8503
			    0.4975    0.5139    0.6989
			    0.4634    0.2530    -0.8493
			    -0.4990    0.1559    0.8525
			    0.9800    -0.1913    -0.0541
			    -0.4663    0.0823    0.8808
		b:
			    -103.9929
			    231.2430
			    -59.4432
			    63.8619
			    172.5590
			    73.6032
	==================================================================================
	Q6:
		Shape: Hybrid
		q_c:    185.5000    15.5000    204.0000
		ub :    187.4210    21.8806    210.3639
		lb :    183.5790    9.1194    197.6361
		P^-1: 
			    0.9672    0.1243    -0.1209
			    0.1243    0.0662    -0.0164
			    -0.1209    -0.0164    0.0653
		A:
			    0.9260    0.1878    -0.3275
			    0.7018    -0.5814    -0.4116
			    -0.9847    0.0006    0.1743
			    -0.9297    -0.3628    0.0639
			    0.5356    0.7751    -0.3351
			    0.9211    0.3219    -0.2187
		b:
			    108.7363
			    40.1176
			    -146.4150
			    -164.0850
			    45.9128
			    132.1163


===========================================================================================
===========================================================================================
S8:
	q_c:    27.5000    405.0000    495.0000
	ub :    55.0000    429.0000    514.0000
	lb :    0.0000    381.0000    476.0000

	==================================================================================
	Q1:
		Shape: Hybrid
		q_c:    15.5000    386.5000    511.5000
		ub :    31.9308    405.8167    530.0534
		lb :    -0.9308    367.1833    492.9466
		P^-1: 
			    0.0164    -0.0005    -0.0088
			    -0.0005    0.0051    0.0010
			    -0.0088    0.0010    0.0129
		A:
			    0.7262    -0.4194    -0.5448
			    -0.7101    -0.2947    0.6395
			    0.6288    0.0412    -0.7765
			    0.9233    0.1791    -0.3397
			    -0.8435    0.4392    -0.3093
			    -0.5563    0.0716    0.8279
		b:
			    -424.7170
			    206.8239
			    -367.6853
			    -85.5823
			    7.9800
			    446.5643
	==================================================================================
	Q2:
		Shape: Ellipse
		q_c:    33.5000    412.5000    503.0000
		ub :    50.7776    428.6301    511.5893
		lb :    16.2224    396.3699    494.4107
		P^-1: 
			    0.0106    0.0083    -0.0061
			    0.0083    0.0164    -0.0090
			    -0.0061    -0.0090    0.0334
	==================================================================================
	Q3:
		Shape: Hybrid
		q_c:    8.0000    404.0000    504.5000
		ub :    17.2751    415.1297    514.8223
		lb :    -1.2751    392.8703    494.1777
		P^-1: 
			    0.0337    0.0015    -0.0084
			    0.0015    0.0122    0.0033
			    -0.0084    0.0033    0.0288
		A:
			    0.5734    -0.3419    0.7445
			    -0.2899    0.2352    0.9277
			    -0.4901    -0.2329    0.8400
			    -0.4484    0.2780    -0.8495
			    -0.9628    -0.2507    -0.1004
			    -0.9799    -0.1012    0.1718
		b:
			    247.3018
			    563.8369
			    329.1613
			    -314.8448
			    -156.3159
			    40.8022
	==================================================================================
	Q4:
		Shape: Polyhedra
		q_c:    12.5000    393.0000    511.0000
		ub :    22.0579    403.7280    517.6307
		lb :    2.9421    382.2720    504.3693
		A:
			    0.6579    0.0109    -0.7530
			    0.4841    0.4598    -0.7444
			    0.4478    0.3746    -0.8119
			    0.4883    0.7760    -0.3993
			    0.7537    0.5923    -0.2847
			    0.1449    -0.1585    -0.9767
			    0.8901    0.2796    0.3600
			    -0.3871    0.0466    0.9208
			    0.2407    -0.9590    0.1498
			    -0.8901    -0.2796    -0.3600
			    0.3871    -0.0466    -0.9208
			    -0.2407    0.9590    -0.1498
		b:
			    -368.6775
			    -188.5423
			    -257.4998
			    114.2994
			    103.3500
			    -556.0999
			    311.9913
			    487.0402
			    -288.3410
			    -297.9913
			    -481.0402
			    306.3410
	==================================================================================
	Q5:
		Shape: Polyhedra
		q_c:    15.0000    396.0000    486.0000
		ub :    32.8497    413.3695    500.6338
		lb :    -2.8497    378.6305    471.3662
		A:
			    0.3497    0.8269    -0.4404
			    0.5436    0.8390    -0.0247
			    -0.0625    0.0365    -0.9974
			    0.4552    -0.2293    0.8603
			    0.3803    0.7707    0.5114
			    -0.7529    -0.5585    0.3482
			    0.7394    0.4087    0.5351
			    -0.3167    -0.4902    0.8120
			    0.5942    -0.7699    -0.2330
			    -0.7394    -0.4087    -0.5351
			    0.3167    0.4902    -0.8120
			    -0.5942    0.7699    0.2330
		b:
			    127.0135
			    338.5316
			    -462.3526
			    343.9384
			    571.0009
			    -54.2825
			    444.4839
			    202.7714
			    -397.1888
			    -421.4839
			    -188.7714
			    421.1888
	==================================================================================
	Q6:
		Shape: Hybrid
		q_c:    39.0000    406.5000    477.5000
		ub :    54.0748    420.5430    491.7214
		lb :    23.9252    392.4570    463.2786
		P^-1: 
			    0.0065    -0.0002    -0.0005
			    -0.0002    0.0076    0.0002
			    -0.0005    0.0002    0.0089
		A:
			    -0.6191    -0.5992    -0.5076
			    -0.5201    0.1023    -0.8480
			    -0.8645    0.2504    -0.4359
			    -0.3083    0.2996    -0.9029
			    0.6746    0.4074    0.6156
			    0.3339    0.7545    0.5650
		b:
			    -503.4607
			    -377.4164
			    -133.0376
			    -315.5160
			    492.5170
			    595.7059


===========================================================================================
===========================================================================================
S9:
	q_c:    412.0000    225.0000    428.5000
	ub :    435.0000    239.0000    446.0000
	lb :    389.0000    211.0000    411.0000

	==================================================================================
	Q1:
		Shape: Ellipse
		q_c:    403.0000    227.0000    422.5000
		ub :    408.5210    234.7970    428.7948
		lb :    397.4790    219.2030    416.2052
		P^-1: 
			    0.0942    -0.0038    -0.0239
			    -0.0038    0.0227    -0.0088
			    -0.0239    -0.0088    0.0772
	==================================================================================
	Q2:
		Shape: Ellipse
		q_c:    419.5000    235.0000    443.5000
		ub :    427.8892    243.2007    453.7684
		lb :    411.1108    226.7993    433.2316
		P^-1: 
			    0.0356    -0.0043    -0.0078
			    -0.0043    0.0358    -0.0075
			    -0.0078    -0.0075    0.0264
	==================================================================================
	Q3:
		Shape: Hybrid
		q_c:    407.5000    231.5000    443.0000
		ub :    419.1802    243.7917    453.5559
		lb :    395.8198    219.2083    432.4441
		P^-1: 
			    0.0178    0.0000    -0.0000
			    0.0000    0.0178    0.0000
			    -0.0000    0.0000    0.0178
		A:
			    0.4291    -0.6553    0.6216
			    0.4096    0.2056    -0.8888
			    0.6288    0.7755    -0.0571
			    0.0041    -0.8877    -0.4605
			    0.3498    0.7609    -0.5465
			    0.7262    -0.0445    0.6860
		b:
			    302.2728
			    -175.4605
			    414.1795
			    -404.0650
			    80.3253
			    593.2826
	==================================================================================
	Q4:
		Shape: Polyhedra
		q_c:    401.0000    221.5000    426.0000
		ub :    407.7503    230.2564    434.0187
		lb :    394.2497    212.7436    417.9813
		A:
			    -0.4530    -0.3519    -0.8191
			    -0.2292    0.8369    0.4970
			    -0.7125    0.6162    0.3357
			    0.7537    -0.2103    -0.6227
			    -0.6044    0.2718    0.7489
			    0.9474    0.0569    0.3151
			    0.4037    0.5076    0.7612
			    -0.8994    0.3724    0.2287
			    -0.1674    -0.7770    0.6069
			    -0.4037    -0.5076    -0.7612
			    0.8994    -0.3724    -0.2287
			    0.1674    0.7770    -0.6069
		b:
			    -604.4690
			    309.7040
			    -1.7062
			    -4.8846
			    141.5207
			    531.0049
			    602.5809
			    -176.2410
			    25.8085
			    -594.5809
			    185.2410
			    -12.8085
	==================================================================================
	Q5:
		Shape: Ellipse
		q_c:    413.5000    214.5000    421.5000
		ub :    422.3162    225.9208    432.1273
		lb :    404.6838    203.0792    410.8727
		P^-1: 
			    0.0483    -0.0168    -0.0156
			    -0.0168    0.0266    -0.0036
			    -0.0156    -0.0036    0.0318
	==================================================================================
	Q6:
		Shape: Hybrid
		q_c:    421.5000    219.0000    442.0000
		ub :    430.3575    228.6929    451.9094
		lb :    412.6425    209.3071    432.0906
		P^-1: 
			    0.0328    -0.0200    0.0067
			    -0.0200    0.0445    -0.0089
			    0.0067    -0.0089    0.0207
		A:
			    -0.2081    -0.6273    -0.7505
			    -0.2460    0.9432    0.2233
			    -0.6528    0.7304    -0.2012
			    0.6441    -0.7578    -0.1046
			    0.1849    -0.8138    0.5509
			    0.8153    0.5374    0.2154
		b:
			    -551.3693
			    205.0183
			    -202.0597
			    61.9136
			    146.2353
			    562.0340


===========================================================================================
===========================================================================================
S10:
	q_c:    386.0000    71.5000    114.5000
	ub :    394.0000    87.0000    127.0000
	lb :    378.0000    56.0000    102.0000

	==================================================================================
	Q1:
		Shape: Ellipse
		q_c:    394.0000    71.0000    110.5000
		ub :    397.9914    74.3797    114.6353
		lb :    390.0086    67.6203    106.3647
		P^-1: 
			    0.1520    0.0246    0.0571
			    0.0246    0.1768    0.0261
			    0.0571    0.0261    0.1923
	==================================================================================
	Q2:
		Shape: Ellipse
		q_c:    386.5000    77.0000    115.5000
		ub :    390.5686    80.6606    119.8268
		lb :    382.4314    73.3394    111.1732
		P^-1: 
			    0.1704    0.0285    -0.0355
			    0.0285    0.2193    -0.0394
			    -0.0355    -0.0394    0.1020
	==================================================================================
	Q3:
		Shape: Ellipse
		q_c:    392.0000    73.5000    118.5000
		ub :    394.3145    76.7066    122.1129
		lb :    389.6855    70.2934    114.8871
		P^-1: 
			    0.8551    -0.1591    -0.2624
			    -0.1591    0.2763    0.1145
			    -0.2624    0.1145    0.2297
	==================================================================================
	Q4:
		Shape: Hybrid
		q_c:    382.0000    80.5000    111.0000
		ub :    386.3603    84.5464    114.7811
		lb :    377.6397    76.4536    107.2189
		P^-1: 
			    0.1681    -0.0111    -0.0561
			    -0.0111    0.1444    -0.0254
			    -0.0561    -0.0254    0.2086
		A:
			    0.6703    -0.2412    0.7018
			    -0.4086    -0.3705    0.8341
			    -0.5139    -0.6427    0.5681
			    -0.1409    -0.0008    0.9900
			    -0.3071    -0.8507    0.4265
			    0.5178    -0.7003    0.4914
		b:
			    316.2126
			    -92.2925
			    -183.7371
			    57.2030
			    -137.0286
			    197.4776
	==================================================================================
	Q5:
		Shape: Polyhedra
		q_c:    388.5000    76.0000    111.0000
		ub :    392.8591    81.1078    115.5348
		lb :    384.1409    70.8922    106.4652
		A:
			    0.9110    -0.3370    -0.2377
			    0.8226    0.0358    -0.5675
			    0.1797    -0.5786    -0.7956
			    -0.6624    -0.1181    0.7398
			    0.5275    -0.3208    -0.7867
			    -0.1578    0.4013    0.9022
			    0.5856    0.7582    0.2867
			    0.7332    -0.3447    -0.5861
			    -0.3456    0.5534    -0.7578
			    -0.5856    -0.7582    -0.2867
			    -0.7332    0.3447    0.5861
			    0.3456    -0.5534    0.7578
		b:
			    303.8446
			    261.2304
			    -60.0424
			    -182.0618
			    94.9858
			    71.8153
			    320.4373
			    195.1122
			    -172.8357
			    -313.4373
			    -192.1122
			    179.8357
