3D_45_7_6_c                l = 3

===========================================================================================
===========================================================================================
S1:
	q_c:	349.5	132.0	68.5
	ub :	358.9059	144.9033	76.9261
	lb :	343.5625	122.5392	59.503

	==================================================================================
	Q1:
		Shape: Ellipse
		q_c:	354.0	132.5	65.0
		ub :	358.9059	138.3958	70.3049
		lb :	349.0941	126.6042	59.6951
		P^-1:
			0.0816	0.0	0.0
			0.0	0.0816	-0.0
			0.0	-0.0	0.0816
	==================================================================================
	Q2:
		Shape: Ellipse
		q_c:	352.0	137.5	67.0
		ub :	356.3404	142.2585	72.0196
		lb :	347.6596	132.7415	61.9804
		P^-1:
			0.1053	0.0131	-0.0335
			0.0131	0.0889	-0.0185
			-0.0335	-0.0185	0.129
	==================================================================================
	Q3:
		Shape: Hybrid
		q_c:	349.0	130.0	73.0
		ub :	354.1839	135.0867	76.875
		lb :	343.8161	124.9133	69.125
		P^-1:
			0.1129	0.0217	0.0184
			0.0217	0.0968	0.0143
			0.0184	0.0143	0.1431
		A:
			0.0402	0.4162	0.9084
			-0.7381	0.2681	0.6191
			-0.6483	-0.7271	-0.2257
			0.2644	0.7692	-0.5817
			-0.7444	0.6029	0.2869
			0.014	0.3333	0.9427
		b:
			135.8601
			-175.6352
			-335.7537
			151.7019
			-158.327
			118.4401
	==================================================================================
	Q4:
		Shape: Ellipse
		q_c:	346.0	126.0	70.0
		ub :	348.4375	129.4608	73.7186
		lb :	343.5625	122.5392	66.2814
		P^-1:
			0.8662	-0.2689	0.1462
			-0.2689	0.415	0.131
			0.1462	0.131	0.2448
	==================================================================================
	Q5:
		Shape: Ellipse
		q_c:	350.5	135.5	70.5
		ub :	357.1521	140.7533	76.9261
		lb :	343.8479	130.2467	64.0739
		P^-1:
			0.0601	0.0182	-0.0012
			0.0182	0.0965	-0.0186
			-0.0012	-0.0186	0.0663
	==================================================================================
	Q6:
		Shape: Hybrid
		q_c:	352.5	140.5	64.0
		ub :	356.6267	144.9033	68.497
		lb :	348.3733	136.0967	59.503
		P^-1:
			0.1293	-0.0147	-0.0185
			-0.0147	0.153	-0.0088
			-0.0185	-0.0088	0.1489
		A:
			0.1246	0.9876	-0.0953
			0.4424	0.0673	-0.8943
			-0.1072	-0.6537	0.7491
			0.155	-0.5164	-0.8422
			0.3883	0.9215	-0.0018
			-0.14	-0.9901	0.0002
		b:
			177.9423
			109.4244
			-80.4524
			-70.4332
			267.7078
			-187.0805


===========================================================================================
===========================================================================================
S2:
	q_c:	211.5	44.0	188.5
	ub :	223.4973	52.7404	199.9084
	lb :	204.9806	33.9105	176.3724

	==================================================================================
	Q1:
		Shape: Polyhedra
		q_c:	212.5	41.5	186.5
		ub :	217.8762	46.3602	192.6615
		lb :	207.1238	36.6398	180.3385
		A:
			0.3621	-0.7494	0.5544
			-0.9939	-0.0928	-0.0589
			-0.946	-0.1786	0.2704
			0.7907	0.4909	-0.3658
			0.1042	0.3357	-0.9362
			0.5873	-0.5564	-0.5878
			0.4277	0.4541	0.7816
			0.9031	-0.2515	-0.3481
			0.0385	0.8547	-0.5177
			-0.4277	-0.4541	-0.7816
			-0.9031	0.2515	0.3481
			-0.0385	-0.8547	0.5177
		b:
			151.7155
			-222.101
			-154.4959
			123.3204
			-135.2229
			-4.0527
			260.4912
			120.0596
			-50.9043
			-250.4912
			-113.0596
			54.9043
	==================================================================================
	Q2:
		Shape: Polyhedra
		q_c:	213.0	39.5	181.0
		ub :	218.1407	45.0895	185.6276
		lb :	207.8593	33.9105	176.3724
		A:
			-0.5051	0.4106	0.7591
			-0.4077	-0.7498	-0.5211
			0.9797	0.0212	0.1995
			0.6353	-0.5256	-0.5658
			-0.828	-0.1866	-0.5288
			-0.0147	-0.7167	0.6972
			0.0725	0.2427	0.9674
			-0.5981	0.7868	-0.1526
			-0.7982	-0.5675	0.2022
			-0.0725	-0.2427	-0.9674
			0.5981	-0.7868	0.1526
			0.7982	0.5675	-0.2022
		b:
			49.5185
			-207.274
			249.1158
			15.6488
			-275.9449
			98.2564
			203.6333
			-120.4226
			-152.3207
			-196.6333
			127.4226
			159.3207
	==================================================================================
	Q3:
		Shape: Polyhedra
		q_c:	217.0	49.5	184.5
		ub :	222.3057	52.7404	189.7758
		lb :	211.6943	46.2596	179.2242
		A:
			0.0799	-0.0426	0.9959
			0.1699	-0.8707	-0.4616
			-0.2351	0.6759	-0.6985
			0.0048	0.7163	-0.6977
			0.8994	-0.4371	0.0046
			0.2007	-0.8658	0.4584
			0.6984	0.3785	0.6074
			-0.6618	0.0185	0.7494
			0.2725	-0.9254	0.2634
			-0.6984	-0.3785	-0.6074
			0.6618	-0.0185	-0.7494
			-0.2725	0.9254	-0.2634
		b:
			202.3389
			-88.5863
			-143.9998
			-89.7022
			177.3461
			87.3626
			285.8579
			-0.9282
			63.9186
			-278.8579
			7.9282
			-59.9186
	==================================================================================
	Q4:
		Shape: Ellipse
		q_c:	215.5	44.5	196.0
		ub :	219.9147	48.9497	199.9084
		lb :	211.0853	40.0503	192.0916
		P^-1:
			0.1095	0.0324	-0.0251
			0.0324	0.204	-0.1656
			-0.0251	-0.1656	0.3236
	==================================================================================
	Q5:
		Shape: Hybrid
		q_c:	211.0	45.0	193.5
		ub :	217.0194	52.0025	198.844
		lb :	204.9806	37.9975	188.156
		P^-1:
			0.0933	-0.0269	-0.0157
			-0.0269	0.0455	0.0034
			-0.0157	0.0034	0.0679
		A:
			0.4663	-0.2569	-0.8465
			-0.7665	0.6315	0.1169
			0.6846	-0.018	-0.7287
			-0.5771	0.4901	0.6532
			0.7455	-0.3195	-0.585
			-0.1166	0.8578	-0.5006
		b:
			-75.0365
			-108.9122
			4.5356
			28.5331
			31.3137
			-79.6902
	==================================================================================
	Q6:
		Shape: Polyhedra
		q_c:	219.0	41.5	181.5
		ub :	223.4973	46.3395	186.2289
		lb :	214.5027	36.6605	176.7711
		A:
			0.6605	0.5278	-0.534
			-0.9001	-0.1274	-0.4166
			-0.6139	-0.6171	0.4922
			-0.1419	-0.6745	0.7245
			-0.4861	-0.7255	0.4872
			0.858	-0.5135	-0.0112
			0.3092	0.8676	0.3895
			0.8469	-0.4375	0.3023
			0.4326	0.2364	-0.87
			-0.3092	-0.8676	-0.3895
			-0.8469	0.4375	-0.3023
			-0.4326	-0.2364	0.87
		b:
			72.7237
			-275.1859
			-67.5782
			75.4268
			-44.9445
			167.149
			177.9086
			224.673
			-50.3509
			-170.9086
			-219.673
			56.3509


===========================================================================================
===========================================================================================
S3:
	q_c:	372.5	114.5	302.5
	ub :	389.8604	128.1004	326.6764
	lb :	344.7223	88.2046	279.7114

	==================================================================================
	Q1:
		Shape: Ellipse
		q_c:	367.5	114.0	316.0
		ub :	376.8415	125.3391	326.6764
		lb :	358.1585	102.6609	305.3236
		P^-1:
			0.0223	0.002	-0.0015
			0.002	0.0223	0.0042
			-0.0015	0.0042	0.0246
	==================================================================================
	Q2:
		Shape: Hybrid
		q_c:	377.5	104.5	304.5
		ub :	389.8604	117.203	313.6447
		lb :	365.1396	91.797	295.3553
		P^-1:
			0.0306	0.0192	0.0163
			0.0192	0.0265	0.0079
			0.0163	0.0079	0.0414
		A:
			-0.1462	-0.3716	0.9168
			0.0158	-0.9653	-0.2607
			0.0079	-0.4855	-0.8742
			-0.2799	0.5183	-0.8081
			0.6439	0.7303	0.2281
			-0.0836	-0.9576	0.2755
		b:
			188.9536
			-167.8257
			-309.2339
			-292.8589
			391.4382
			-42.1401
	==================================================================================
	Q3:
		Shape: Hybrid
		q_c:	377.0	96.5	304.0
		ub :	382.4293	104.7954	313.0243
		lb :	371.5707	88.2046	294.9757
		P^-1:
			0.3212	-0.1799	-0.0578
			-0.1799	0.1392	0.0427
			-0.0578	0.0427	0.0375
		A:
			0.8494	-0.5277	-0.0135
			-0.7707	0.6061	-0.1965
			0.1607	-0.8959	0.4143
			0.3751	-0.2763	-0.8849
			-0.898	0.4281	-0.1016
			0.5882	-0.7832	-0.2015
		b:
			266.2291
			-289.6185
			105.2285
			-149.8297
			-326.6366
			86.7238
	==================================================================================
	Q4:
		Shape: Hybrid
		q_c:	373.5	115.5	291.5
		ub :	378.4424	127.6308	303.2886
		lb :	368.5576	103.3692	279.7114
		P^-1:
			0.2335	0.0326	-0.0508
			0.0326	0.0182	-0.0059
			-0.0508	-0.0059	0.0263
		A:
			-0.6215	0.0031	-0.7834
			-0.8921	-0.1536	0.425
			-0.3578	0.8762	0.323
			0.9501	0.2909	0.1123
			-0.9029	-0.4102	0.1283
			-0.8942	0.1643	0.4165
		b:
			-453.4602
			-225.4018
			68.8081
			423.6578
			-345.1306
			-191.128
	==================================================================================
	Q5:
		Shape: Polyhedra
		q_c:	352.5	101.5	290.0
		ub :	360.2777	110.8939	299.8052
		lb :	344.7223	92.1061	280.1948
		A:
			0.5691	0.7448	0.3485
			0.5327	0.5775	0.6187
			0.2068	-0.9753	-0.0781
			-0.5382	0.8283	0.1559
			-0.4558	-0.8087	-0.3719
			-0.61	-0.7523	-0.2491
			0.6326	0.729	0.2615
			0.027	0.3167	-0.9482
			-0.774	0.6069	0.1806
			-0.6326	-0.729	-0.2615
			-0.027	-0.3167	0.9482
			0.774	-0.6069	-0.1806
		b:
			381.3254
			430.6383
			-42.8974
			-54.1293
			-346.4294
			-359.5883
			376.8196
			-225.2922
			-152.3671
			-368.8196
			241.2922
			165.3671
	==================================================================================
	Q6:
		Shape: Polyhedra
		q_c:	360.0	120.0	290.5
		ub :	369.2233	128.1004	297.0574
		lb :	350.7767	111.8996	283.9426
		A:
			0.4244	0.903	0.0666
			0.044	0.6583	0.7515
			0.11	-0.017	-0.9938
			-0.1302	0.9579	0.2558
			-0.0172	-0.4003	-0.9162
			0.4386	-0.4569	0.7739
			0.3626	0.0834	0.9282
			-0.3437	-0.9138	0.2164
			0.8662	-0.3975	-0.3027
			-0.3626	-0.0834	-0.9282
			0.3437	0.9138	-0.2164
			-0.8662	0.3975	0.3027
		b:
			285.8471
			317.9703
			-246.7451
			148.324
			-315.9778
			332.2867
			413.6822
			-165.0448
			183.2251
			-406.6822
			176.0448
			-169.2251


===========================================================================================
===========================================================================================
S4:
	q_c:	291.5	318.5	154.0
	ub :	316.1681	346.8415	176.7402
	lb :	267.6475	286.9538	122.5987

	==================================================================================
	Q1:
		Shape: Ellipse
		q_c:	278.5	313.0	166.0
		ub :	289.3525	321.6283	176.7402
		lb :	267.6475	304.3717	155.2598
		P^-1:
			0.036	-0.0289	-0.0005
			-0.0289	0.0629	0.0052
			-0.0005	0.0052	0.0188
	==================================================================================
	Q2:
		Shape: Polyhedra
		q_c:	305.0	298.0	154.0
		ub :	316.1681	309.0462	166.1862
		lb :	293.8319	286.9538	141.8138
		A:
			-0.2283	0.5914	0.7734
			-0.3363	-0.8406	-0.4247
			0.4075	-0.2522	0.8777
			0.7916	0.5821	0.1859
			0.0464	0.4479	-0.8929
			0.8713	-0.1063	0.4791
			0.5279	0.4762	0.7032
			-0.0145	0.8329	-0.5532
			-0.8492	0.2819	0.4466
			-0.5279	-0.4762	-0.7032
			0.0145	-0.8329	0.5532
			0.8492	-0.2819	-0.4466
		b:
			233.5724
			-411.8924
			190.7913
			450.5461
			16.9206
			315.214
			417.7236
			165.1061
			-97.2275
			-404.7236
			-152.1061
			115.2275
	==================================================================================
	Q3:
		Shape: Ellipse
		q_c:	299.0	314.5	161.0
		ub :	309.5514	325.6112	169.4687
		lb :	288.4486	303.3888	152.5313
		P^-1:
			0.0428	-0.0007	-0.0446
			-0.0007	0.0125	0.0018
			-0.0446	0.0018	0.082
	==================================================================================
	Q4:
		Shape: Ellipse
		q_c:	298.5	310.5	158.5
		ub :	309.5467	323.6907	166.635
		lb :	287.4533	297.3093	150.365
		P^-1:
			0.0312	0.0007	0.0261
			0.0007	0.0234	0.0304
			0.0261	0.0304	0.0919
	==================================================================================
	Q5:
		Shape: Ellipse
		q_c:	284.0	333.5	141.0
		ub :	296.0671	346.8415	148.5932
		lb :	271.9329	320.1585	133.4068
		P^-1:
			0.0304	0.0117	-0.0169
			0.0117	0.0145	-0.0072
			-0.0169	-0.0072	0.0495
	==================================================================================
	Q6:
		Shape: Polyhedra
		q_c:	301.5	329.5	134.0
		ub :	314.7669	343.9143	145.4013
		lb :	288.2331	315.0857	122.5987
		A:
			-0.0358	-0.8564	0.5151
			-0.7553	-0.5882	-0.2889
			0.5478	0.0402	-0.8356
			-0.5803	-0.0625	0.812
			0.1233	-0.8621	0.4916
			0.6611	-0.2787	0.6966
			0.6019	0.7065	0.3722
			0.7923	-0.4703	-0.3886
			-0.0995	0.5288	-0.8429
			-0.6019	-0.7065	-0.3722
			-0.7923	0.4703	0.3886
			0.0995	-0.5288	0.8429
		b:
			-217.0109
			-448.4404
			72.6234
			-80.4672
			-174.5242
			208.1625
			476.1488
			38.8522
			36.3024
			-452.1488
			-24.8522
			-26.3024


===========================================================================================
===========================================================================================
S5:
	q_c:	388.5	496.0	267.5
	ub :	404.0615	514.2798	275.974
	lb :	370.964	485.0738	251.1911

	==================================================================================
	Q1:
		Shape: Hybrid
		q_c:	380.0	505.5	263.0
		ub :	389.036	514.2798	272.4057
		lb :	370.964	496.7202	253.5943
		P^-1:
			0.0291	-0.0053	-0.0018
			-0.0053	0.0404	-0.0103
			-0.0018	-0.0103	0.0366
		A:
			0.3095	-0.2418	0.9196
			-0.7175	0.4615	-0.5217
			0.0916	-0.8762	-0.4732
			-0.0155	-0.0216	-0.9996
			-0.3053	0.8394	-0.4497
			0.8022	0.5531	-0.2246
		b:
			240.2222
			-173.5797
			-529.0283
			-276.4558
			192.324
			529.0304
	==================================================================================
	Q2:
		Shape: Polyhedra
		q_c:	389.0	497.0	269.5
		ub :	396.5583	504.1895	275.974
		lb :	381.4417	489.8105	263.026
		A:
			0.713	-0.5482	0.4372
			0.233	0.8401	0.4899
			0.799	0.1159	0.59
			-0.3967	0.9133	0.0922
			0.0035	0.7348	-0.6782
			0.573	0.5792	-0.5799
			0.6066	0.7946	0.0267
			0.6677	-0.5273	0.5255
			0.4316	-0.3009	-0.8504
			-0.6066	-0.7946	-0.0267
			-0.6677	0.5273	-0.5255
			-0.4316	0.3009	0.8504
		b:
			126.6915
			644.8453
			531.64
			328.8568
			188.1028
			359.1172
			642.5566
			143.2503
			-205.8396
			-633.5566
			-135.2503
			215.8396
	==================================================================================
	Q3:
		Shape: Ellipse
		q_c:	398.0	504.5	261.0
		ub :	404.0615	510.3244	264.7442
		lb :	391.9385	498.6756	257.2558
		P^-1:
			0.0625	0.0184	0.018
			0.0184	0.0764	0.0157
			0.018	0.0157	0.1521
	==================================================================================
	Q4:
		Shape: Ellipse
		q_c:	382.5	497.5	264.5
		ub :	387.8208	502.5803	269.377
		lb :	377.1792	492.4197	259.623
		P^-1:
			0.1042	-0.0482	-0.0001
			-0.0482	0.1183	0.0001
			-0.0001	0.0001	0.0625
	==================================================================================
	Q5:
		Shape: Ellipse
		q_c:	389.0	499.5	268.0
		ub :	394.4647	504.163	273.208
		lb :	383.5353	494.837	262.792
		P^-1:
			0.1425	0.1092	0.0965
			0.1092	0.2694	0.1492
			0.0965	0.1492	0.1635
	==================================================================================
	Q6:
		Shape: Hybrid
		q_c:	386.0	491.5	258.0
		ub :	391.6737	497.9262	264.8089
		lb :	380.3263	485.0738	251.1911
		P^-1:
			0.1159	-0.0548	-0.0005
			-0.0548	0.0913	0.0072
			-0.0005	0.0072	0.0352
		A:
			0.2058	0.3754	0.9037
			-0.6439	0.7532	0.1346
			0.4201	-0.906	-0.0514
			0.6973	0.7037	0.1363
			0.7618	-0.631	0.1466
			0.0944	-0.9819	0.1645
		b:
			500.8664
			157.778
			-294.6666
			653.4813
			23.1845
			-401.0274


===========================================================================================
===========================================================================================
S6:
	q_c:	61.0	478.5	52.5
	ub :	65.61	485.5633	59.5909
	lb :	57.3194	473.5241	49.8541

	==================================================================================
	Q1:
		Shape: Polyhedra
		q_c:	63.0	478.0	53.0
		ub :	65.61	480.1163	56.1459
		lb :	60.39	475.8837	49.8541
		A:
			0.5348	-0.8369	-0.1169
			-0.618	0.7443	0.2531
			-0.7645	0.638	-0.092
			-0.2862	-0.6797	-0.6753
			0.5521	-0.8122	0.1887
			-0.5244	0.8515	-0.0053
			0.6667	0.6151	0.4209
			0.3828	0.202	-0.9015
			-0.6395	0.7621	-0.1008
			-0.6667	-0.6151	-0.4209
			-0.3828	-0.202	0.9015
			0.6395	-0.7621	0.1008
		b:
			-371.7956
			331.2406
			252.5315
			-376.7232
			-342.8504
			374.2908
			360.3395
			75.382
			319.1581
			-356.3395
			-70.382
			-318.1581
	==================================================================================
	Q2:
		Shape: Polyhedra
		q_c:	59.0	477.0	55.5
		ub :	60.6806	478.2807	57.6979
		lb :	57.3194	475.7193	53.3021
		A:
			-0.398	0.9148	-0.0694
			-0.0229	-0.9977	-0.0634
			-0.7488	0.4077	-0.5226
			-0.9944	-0.0099	0.1049
			0.8559	-0.4026	0.3247
			0.743	-0.597	0.3025
			0.7861	0.594	0.1711
			0.5323	-0.7912	0.3011
			0.3142	-0.1456	-0.9381
			-0.7861	-0.594	-0.1711
			-0.5323	0.7912	-0.3011
			-0.3142	0.1456	0.9381
		b:
			409.6662
			-479.9569
			122.0445
			-56.4196
			-122.8547
			-223.588
			340.2062
			-328.7818
			-100.9704
			-338.2062
			329.7818
			104.9704
	==================================================================================
	Q3:
		Shape: Hybrid
		q_c:	60.5	481.0	57.0
		ub :	61.4869	483.9568	59.5909
		lb :	59.5131	478.0432	54.4091
		P^-1:
			3.8629	-0.6107	0.3259
			-0.6107	0.3347	-0.1808
			0.3259	-0.1808	0.4068
		A:
			0.993	0.0013	0.1181
			-0.7232	0.612	-0.3201
			0.4193	0.7375	-0.5294
			-0.7772	0.0317	-0.6285
			0.8568	-0.1062	-0.5047
			-0.8601	0.178	-0.4781
		b:
			67.8273
			233.1919
			351.3669
			-66.6399
			-27.1476
			6.9156
	==================================================================================
	Q4:
		Shape: Hybrid
		q_c:	60.5	480.5	53.5
		ub :	62.7256	483.619	56.4194
		lb :	58.2744	477.381	50.5806
		P^-1:
			0.429	0.051	0.0131
			0.051	0.2645	0.0037
			0.0131	0.0037	0.251
		A:
			-0.5837	-0.1372	-0.8003
			0.6816	0.1381	0.7185
			0.4822	-0.8678	0.1203
			-0.9673	0.2454	0.0644
			0.4433	-0.1848	0.8771
			0.7886	0.1663	-0.592
		b:
			-143.006
			147.0142
			-380.1199
			63.757
			-13.9058
			96.9094
	==================================================================================
	Q5:
		Shape: Polyhedra
		q_c:	60.5	482.5	55.0
		ub :	62.1557	485.5633	57.957
		lb :	58.8443	479.4367	52.043
		A:
			-0.8897	0.0324	-0.4555
			-0.6023	0.7385	0.3032
			-0.8305	0.5457	0.1116
			-0.9922	-0.0463	0.1161
			-0.4973	0.8642	0.0769
			-0.9447	0.2949	-0.1432
			0.3932	0.5801	0.7133
			-0.9175	0.2977	0.2637
			-0.0594	-0.7582	0.6493
			-0.3932	-0.5801	-0.7133
			0.9175	-0.2977	-0.2637
			0.0594	0.7582	-0.6493
		b:
			-61.8547
			337.8928
			220.4062
			-74.8288
			392.8017
			78.4788
			344.4354
			103.6076
			-331.2042
			-341.4354
			-101.6076
			336.2042
	==================================================================================
	Q6:
		Shape: Ellipse
		q_c:	63.5	475.5	51.5
		ub :	65.5438	477.4759	52.9955
		lb :	61.4562	473.5241	50.0045
		P^-1:
			0.7031	-0.2741	-0.0411
			-0.2741	0.747	-0.0379
			-0.0411	-0.0379	0.9943


===========================================================================================
===========================================================================================
S7:
	q_c:	310.5	83.5	351.5
	ub :	325.9665	100.9059	366.7488
	lb :	290.2237	60.975	326.959

	==================================================================================
	Q1:
		Shape: Hybrid
		q_c:	301.0	92.5	351.0
		ub :	311.7763	100.9059	362.235
		lb :	290.2237	84.0941	339.765
		P^-1:
			0.023	0.0019	0.0101
			0.0019	0.0233	-0.0011
			0.0101	-0.0011	0.0228
		A:
			-0.0813	-0.7003	0.7092
			-0.8291	0.2947	-0.4751
			-0.2209	0.1832	-0.9579
			0.5371	-0.6733	0.5081
			0.1044	0.8196	0.5633
			0.2691	0.2416	-0.9323
		b:
			163.7924
			-385.8144
			-381.9646
			281.1109
			309.1299
			-218.6722
	==================================================================================
	Q2:
		Shape: Polyhedra
		q_c:	299.5	92.5	346.0
		ub :	305.735	99.2207	352.1349
		lb :	293.265	85.7793	339.8651
		A:
			0.6164	-0.1738	-0.768
			-0.334	-0.4071	0.8501
			0.7054	0.3052	-0.6397
			0.981	0.1059	-0.1624
			0.4443	0.8958	0.0135
			-0.8984	-0.0805	0.4317
			0.6258	0.3069	0.717
			0.2773	-0.9468	0.1632
			0.729	0.0967	-0.6776
			-0.6258	-0.3069	-0.717
			-0.2773	0.9468	-0.1632
			-0.729	-0.0967	0.6776
		b:
			-95.0096
			159.468
			19.9998
			250.9114
			225.5695
			-124.9094
			469.9187
			56.9645
			-5.6842
			-457.9187
			-46.9645
			8.6842
	==================================================================================
	Q3:
		Shape: Ellipse
		q_c:	302.5	80.5	357.5
		ub :	308.3482	90.3632	366.7488
		lb :	296.6518	70.6368	348.2512
		P^-1:
			0.2022	-0.0888	-0.0317
			-0.0888	0.0612	0.0097
			-0.0317	0.0097	0.03
	==================================================================================
	Q4:
		Shape: Polyhedra
		q_c:	321.5	74.5	354.0
		ub :	325.9665	79.8339	359.1913
		lb :	317.0335	69.1661	348.8087
		A:
			0.2714	0.7061	-0.654
			-0.1614	-0.986	-0.0413
			-0.1145	0.2134	0.9702
			-0.1764	-0.1315	-0.9755
			-0.8889	-0.3211	0.3267
			0.4145	-0.9051	-0.095
			0.8208	0.4487	0.3535
			0.5642	-0.7333	-0.3794
			0.089	0.5109	-0.855
			-0.8208	-0.4487	-0.3535
			-0.5642	0.7333	0.3794
			-0.089	-0.5109	0.855
		b:
			-88.235
			-136.855
			325.8268
			-408.5357
			-190.9071
			35.2673
			425.4519
			-4.5402
			-232.5212
			-419.4519
			10.5402
			239.5212
	==================================================================================
	Q5:
		Shape: Hybrid
		q_c:	308.0	73.0	338.0
		ub :	314.8418	85.025	349.041
		lb :	301.1582	60.975	326.959
		P^-1:
			0.0731	-0.0201	0.0109
			-0.0201	0.0217	0.0024
			0.0109	0.0024	0.0215
		A:
			-0.1533	0.1769	-0.9722
			-0.9742	0.217	-0.0617
			-0.8673	0.4779	0.139
			0.2499	-0.4606	-0.8517
			-0.8824	-0.3217	-0.3433
			0.5867	-0.6841	-0.4334
		b:
			-357.169
			-303.1306
			-183.0622
			-239.8052
			-407.5306
			-12.1786
	==================================================================================
	Q6:
		Shape: Polyhedra
		q_c:	304.0	83.5	358.5
		ub :	308.5479	89.6983	364.4237
		lb :	299.4521	77.3017	352.5763
		A:
			-0.5192	0.4267	0.7405
			-0.9967	-0.0773	-0.0252
			0.9553	-0.038	-0.2933
			-0.9464	0.0961	0.3084
			-0.6283	0.747	0.2173
			-0.931	-0.2971	-0.2122
			0.5216	0.3151	0.7929
			0.8259	-0.4197	-0.3765
			0.2141	0.8512	-0.4791
			-0.5216	-0.3151	-0.7929
			-0.8259	0.4197	0.3765
			-0.2141	-0.8512	0.4791
		b:
			145.6779
			-315.6302
			184.6572
			-166.6694
			-47.9916
			-380.5477
			472.6208
			83.0556
			-30.5833
			-465.6208
			-79.0556
			40.5833


===========================================================================================
===========================================================================================
