3D_40_8_6_f                l = 3

===========================================================================================
===========================================================================================
S1:
	q_c:	462.5	213.0	57.5
	ub :	487.1524	232.3284	78.6476
	lb :	441.5121	187.9621	42.9052

	==================================================================================
	Q1:
		Shape: Ellipse
		q_c:	469.0	197.5	52.0
		ub :	477.3649	207.0379	61.0948
		lb :	460.6351	187.9621	42.9052
		P^-1:
			0.04	-0.0105	-0.0062
			-0.0105	0.0351	-0.0009
			-0.0062	-0.0009	0.031
	==================================================================================
	Q2:
		Shape: Polyhedra
		q_c:	465.5	204.5	71.5
		ub :	473.2297	211.0255	78.6476
		lb :	457.7703	197.9745	64.3524
		A:
			0.0618	0.5389	-0.8401
			0.6296	-0.7769	-0.0052
			0.2579	0.6686	0.6974
			0.1876	-0.4712	0.8618
			-0.6598	-0.6133	-0.4343
			-0.1434	-0.9894	-0.0211
			0.4703	0.2107	0.857
			-0.5447	0.8333	0.0941
			-0.6943	-0.511	0.5067
			-0.4703	-0.2107	-0.857
			0.5447	-0.8333	-0.0941
			0.6943	0.511	-0.5067
		b:
			83.7674
			137.3433
			311.365
			57.355
			-458.6345
			-266.3815
			328.2998
			-72.9309
			-386.4822
			-318.2998
			79.9309
			396.4822
	==================================================================================
	Q3:
		Shape: Hybrid
		q_c:	454.5	199.0	54.5
		ub :	463.5707	204.1113	63.7773
		lb :	445.4293	193.8887	45.2227
		P^-1:
			0.0487	-0.0142	0.0311
			-0.0142	0.0953	-0.0181
			0.0311	-0.0181	0.0452
		A:
			-0.4505	0.8208	-0.3513
			-0.8325	0.5343	-0.1465
			-0.3395	0.9359	-0.0938
			-0.2894	-0.6993	-0.6537
			0.1057	-0.8547	0.5082
			0.8546	-0.3484	0.3851
		b:
			-59.0043
			-276.8383
			28.7911
			-303.249
			-92.2647
			342.6138
	==================================================================================
	Q4:
		Shape: Ellipse
		q_c:	455.0	214.0	54.0
		ub :	462.2209	222.5224	59.48
		lb :	447.7791	205.4776	48.52
		P^-1:
			0.0257	0.0052	0.0158
			0.0052	0.0272	0.0389
			0.0158	0.0389	0.1463
	==================================================================================
	Q5:
		Shape: Polyhedra
		q_c:	450.0	224.0	58.5
		ub :	458.4879	231.2734	67.6146
		lb :	441.5121	216.7266	49.3854
		A:
			0.1752	-0.7824	0.5976
			-0.8411	-0.4966	-0.2145
			0.9242	-0.2416	0.2958
			-0.1115	-0.5353	-0.8373
			-0.0164	-0.5002	-0.8657
			0.6709	0.7312	-0.1239
			0.4451	0.7751	0.4485
			0.5031	0.1979	-0.8413
			-0.7408	0.6001	-0.3019
			-0.4451	-0.7751	-0.4485
			-0.5031	-0.1979	0.8413
			0.7408	-0.6001	0.3019
		b:
			-56.2521
			-497.4718
			383.271
			-213.6911
			-164.4659
			463.9105
			404.6372
			228.5217
			-212.6025
			-395.6372
			-214.5217
			220.6025
	==================================================================================
	Q6:
		Shape: Polyhedra
		q_c:	478.0	220.5	55.0
		ub :	487.1524	232.3284	64.9997
		lb :	468.8476	208.6716	45.0003
		A:
			0.9984	-0.0056	-0.0561
			0.3649	-0.5629	-0.7416
			-0.8114	0.4085	-0.4181
			-0.0565	-0.7836	-0.6187
			-0.2505	0.9591	-0.1317
			-0.6615	0.3113	0.6823
			0.906	0.4204	0.0492
			0.0863	-0.2973	0.9509
			0.4143	-0.8573	-0.3056
			-0.906	-0.4204	-0.0492
			-0.0863	0.2973	-0.9509
			-0.4143	0.8573	0.3056
		b:
			479.0906
			17.7711
			-313.5171
			-225.8899
			92.7691
			-202.2602
			533.9727
			35.5206
			0.7092
			-522.9727
			-20.5206
			16.2908


===========================================================================================
===========================================================================================
S2:
	q_c:	451.5	98.0	54.5
	ub :	485.0011	131.7033	82.3573
	lb :	419.3259	66.1109	25.4436

	==================================================================================
	Q1:
		Shape: Polyhedra
		q_c:	468.5	78.5	61.5
		ub :	479.3202	90.8891	74.4508
		lb :	457.6798	66.1109	48.5492
		A:
			0.4065	-0.9085	-0.0971
			0.9737	-0.2276	0.0106
			0.7251	0.1539	0.6713
			-0.7225	0.6425	0.2554
			0.6054	0.7591	-0.2393
			-0.1335	-0.9724	0.1912
			0.0124	0.773	0.6343
			-0.6107	0.5081	-0.6073
			-0.7917	-0.3799	0.4784
			-0.0124	-0.773	-0.6343
			0.6107	-0.5081	0.6073
			0.7917	0.3799	-0.4784
		b:
			120.8205
			446.7605
			400.9838
			-264.7498
			335.5666
			-119.6718
			112.4976
			-275.0925
			-364.3251
			-98.4976
			292.0925
			378.3251
	==================================================================================
	Q2:
		Shape: Hybrid
		q_c:	436.0	112.5	58.0
		ub :	452.6741	131.1366	74.8037
		lb :	419.3259	93.8634	41.1963
		P^-1:
			0.0099	-0.0038	-0.0036
			-0.0038	0.0105	0.0039
			-0.0036	0.0039	0.0102
		A:
			0.1569	-0.8433	-0.5141
			-0.4725	-0.7919	-0.3868
			0.0305	0.5708	-0.8205
			-0.3856	-0.5482	0.7422
			-0.4079	-0.1331	0.9033
			0.7118	-0.0575	-0.7
		b:
			-51.22
			-309.566
			38.5886
			-178.3786
			-133.6193
			268.8533
	==================================================================================
	Q3:
		Shape: Hybrid
		q_c:	436.5	98.0	57.5
		ub :	450.908	105.5488	63.4209
		lb :	422.092	90.4512	51.5791
		P^-1:
			0.0053	0.0029	0.0021
			0.0029	0.0537	0.0386
			0.0021	0.0386	0.0851
		A:
			0.2635	-0.8122	-0.5205
			-0.2989	-0.947	0.1176
			-0.094	-0.7666	-0.6353
			0.1461	-0.4885	-0.8602
			-0.2059	-0.8247	-0.5267
			-0.0231	-0.1749	-0.9843
		b:
			9.563
			-211.6984
			-150.7598
			-31.2172
			-198.2771
			-81.6696
	==================================================================================
	Q4:
		Shape: Ellipse
		q_c:	461.5	91.5	68.5
		ub :	476.5504	107.4623	82.3573
		lb :	446.4496	75.5377	54.6427
		P^-1:
			0.0128	-0.0063	0.0022
			-0.0063	0.0181	-0.015
			0.0022	-0.015	0.0281
	==================================================================================
	Q5:
		Shape: Ellipse
		q_c:	439.5	112.5	34.5
		ub :	448.1336	120.473	43.5564
		lb :	430.8664	104.527	25.4436
		P^-1:
			0.0311	-0.0084	0.0001
			-0.0084	0.0447	0.0048
			0.0001	0.0048	0.0217
	==================================================================================
	Q6:
		Shape: Hybrid
		q_c:	470.5	116.5	47.5
		ub :	485.0011	131.7033	63.4025
		lb :	455.9989	101.2967	31.5975
		P^-1:
			0.0134	0.002	0.0003
			0.002	0.0121	0.0024
			0.0003	0.0024	0.0115
		A:
			-0.1616	0.9294	0.3318
			0.3272	0.9441	0.0398
			0.635	-0.6455	-0.4245
			0.3675	0.2669	0.8909
			0.4159	0.8699	0.2651
			0.4173	-0.7274	-0.5447
		b:
			52.9871
			270.6595
			208.5609
			251.1663
			313.9182
			90.6787


===========================================================================================
===========================================================================================
S3:
	q_c:	394.0	427.0	119.5
	ub :	406.9376	443.8589	139.3669
	lb :	379.5755	426.1411	106.3397

	==================================================================================
	Q1:
		Shape: Hybrid
		q_c:	386.5	433.5	112.0
		ub :	393.4245	440.2547	116.8514
		lb :	379.5755	426.7453	107.1486
		P^-1:
			0.0734	0.045	-0.0203
			0.045	0.085	-0.0343
			-0.0203	-0.0343	0.1162
		A:
			-0.2311	0.9723	-0.0347
			-0.8211	-0.5447	0.1706
			0.7791	0.6181	0.1047
			-0.0426	0.6093	0.7918
			0.889	0.1144	0.4435
			0.6384	0.7673	-0.0609
		b:
			331.8858
			-532.596
			582.704
			339.2704
			445.6815
			574.2296
	==================================================================================
	Q2:
		Shape: Hybrid
		q_c:	402.0	433.0	110.5
		ub :	406.4274	437.2425	114.6603
		lb :	397.5726	428.7575	106.3397
		P^-1:
			0.0748	-0.0304	-0.0351
			-0.0304	0.1632	0.0623
			-0.0351	0.0623	0.1856
		A:
			0.3957	0.8376	-0.3765
			-0.1267	-0.6509	0.7485
			-0.0586	-0.2542	-0.9654
			0.4928	0.1305	-0.8603
			0.353	0.0099	0.9356
			0.4911	-0.4038	-0.7718
		b:
			482.396
			-248.0995
			-238.8861
			161.2831
			251.598
			-61.4939
	==================================================================================
	Q3:
		Shape: Polyhedra
		q_c:	395.0	437.0	120.5
		ub :	398.1356	441.938	125.6059
		lb :	391.8644	432.062	115.3941
		A:
			-0.5821	-0.5503	-0.5986
			0.1331	0.7403	0.659
			0.277	0.9122	0.3018
			0.6582	0.4057	-0.6342
			-0.9739	0.1703	0.1501
			0.7628	0.6135	-0.2045
			0.0351	0.7261	0.6867
			-0.0135	0.6874	-0.7261
			-0.9993	0.0162	0.0339
			-0.0351	-0.7261	-0.6867
			0.0135	-0.6874	0.7261
			0.9993	-0.0162	-0.0339
		b:
			-540.1843
			457.4999
			547.2225
			365.0142
			-289.1968
			548.4146
			415.9087
			212.5836
			-380.5399
			-411.9087
			-202.5836
			386.5399
	==================================================================================
	Q4:
		Shape: Ellipse
		q_c:	401.0	437.5	134.5
		ub :	403.8846	441.7392	139.3669
		lb :	398.1154	433.2608	129.6331
		P^-1:
			0.8047	0.1233	0.326
			0.1233	0.2344	0.1608
			0.326	0.1608	0.2603
	==================================================================================
	Q5:
		Shape: Hybrid
		q_c:	395.0	435.0	117.0
		ub :	399.7983	438.8191	121.9185
		lb :	390.2017	431.1809	112.0815
		P^-1:
			0.1356	0.0172	0.0978
			0.0172	0.1118	0.0065
			0.0978	0.0065	0.1631
		A:
			0.0205	0.5617	0.8271
			0.751	0.2579	0.6078
			0.5684	0.2872	0.771
			0.8862	-0.0696	0.458
			0.0881	0.996	0.0146
			-0.3422	-0.9392	0.0301
		b:
			351.4561
			481.067
			440.7405
			374.9201
			471.7587
			-538.2079
	==================================================================================
	Q6:
		Shape: Polyhedra
		q_c:	399.5	435.0	117.0
		ub :	406.9376	443.8589	125.8778
		lb :	392.0624	426.1411	108.1222
		A:
			-0.5508	0.0953	-0.8292
			0.0009	-0.6543	-0.7562
			-0.3344	0.3641	-0.8692
			0.0596	-0.8395	-0.5401
			0.8833	0.286	-0.3715
			-0.5128	-0.76	0.3993
			0.4417	0.5116	0.737
			-0.8915	0.3419	0.297
			-0.1001	-0.7883	0.6071
			-0.4417	-0.5116	-0.737
			0.8915	-0.3419	-0.297
			0.1001	0.7883	-0.6071
		b:
			-270.1156
			-367.3289
			-71.4216
			-399.1987
			439.008
			-483.2731
			490.7399
			-167.6769
			-306.3319
			-479.7399
			177.6769
			317.3319


===========================================================================================
===========================================================================================
S4:
	q_c:	340.5	231.5	470.0
	ub :	350.7506	241.0446	476.3875
	lb :	330.6078	224.398	462.5073

	==================================================================================
	Q1:
		Shape: Polyhedra
		q_c:	335.5	236.5	470.0
		ub :	340.3922	241.0446	472.8741
		lb :	330.6078	231.9554	467.1259
		A:
			0.6638	-0.2563	-0.7026
			-0.0059	0.7997	0.6003
			-0.2784	-0.9554	0.0981
			-0.4097	-0.9008	-0.1438
			0.6269	0.7677	0.1328
			0.6238	0.4836	-0.614
			0.36	0.5305	0.7674
			0.8369	-0.5472	-0.0143
			0.4123	0.6474	-0.641
			-0.36	-0.5305	-0.7674
			-0.8369	0.5472	0.0143
			-0.4123	-0.6474	0.641
		b:
			-164.9701
			471.8652
			-271.0447
			-416.001
			456.3099
			37.2955
			608.9385
			148.6449
			-7.7984
			-604.9385
			-140.6449
			11.7984
	==================================================================================
	Q2:
		Shape: Ellipse
		q_c:	337.0	235.5	468.0
		ub :	341.3978	239.7839	472.7267
		lb :	332.6022	231.2161	463.2733
		P^-1:
			0.1907	-0.0673	-0.0308
			-0.0673	0.1595	0.0099
			-0.0308	0.0099	0.0926
	==================================================================================
	Q3:
		Shape: Ellipse
		q_c:	343.0	229.0	467.0
		ub :	345.9416	233.602	471.4927
		lb :	340.0584	224.398	462.5073
		P^-1:
			0.3932	0.086	0.0851
			0.086	0.1116	0.0366
			0.0851	0.0366	0.1324
	==================================================================================
	Q4:
		Shape: Hybrid
		q_c:	346.0	230.0	472.5
		ub :	348.8264	233.1787	476.3875
		lb :	343.1736	226.8213	468.6125
		P^-1:
			0.1599	0.0004	0.0029
			0.0004	0.1584	-0.011
			0.0029	-0.011	0.0833
		A:
			-0.7502	-0.6601	-0.0373
			0.908	0.274	0.3169
			-0.5978	0.6459	0.4748
			-0.6327	0.7398	-0.2288
			-0.4026	0.9057	0.1325
			-0.0679	-0.253	0.9651
		b:
			-427.7904
			528.2828
			167.6901
			-155.6015
			132.9575
			376.4394
	==================================================================================
	Q5:
		Shape: Hybrid
		q_c:	346.0	229.5	470.5
		ub :	350.0672	233.8215	474.6186
		lb :	341.9328	225.1785	466.3814
		P^-1:
			0.2026	-0.0639	-0.1582
			-0.0639	0.1356	0.069
			-0.1582	0.069	0.299
		A:
			0.7135	0.6892	-0.1262
			-0.3517	-0.8116	-0.4664
			-0.3381	-0.9295	-0.1473
			0.1056	-0.8724	-0.4773
			0.823	-0.5592	-0.1001
			0.9466	-0.1867	-0.2628
		b:
			348.0994
			-524.9947
			-397.1595
			-386.4249
			111.0775
			162.6911
	==================================================================================
	Q6:
		Shape: Ellipse
		q_c:	345.5	233.5	470.0
		ub :	350.7506	237.7913	475.7296
		lb :	340.2494	229.2087	464.2704
		P^-1:
			0.0626	0.0016	0.0004
			0.0016	0.1079	0.012
			0.0004	0.012	0.0657


===========================================================================================
===========================================================================================
S5:
	q_c:	522.0	399.0	247.0
	ub :	544.9872	420.2212	267.0664
	lb :	501.3317	380.4108	232.0931

	==================================================================================
	Q1:
		Shape: Polyhedra
		q_c:	533.5	392.0	251.0
		ub :	542.9893	397.9828	259.8465
		lb :	524.0107	386.0172	242.1535
		A:
			0.4806	0.7173	0.5045
			-0.2658	0.1789	-0.9473
			0.1553	-0.9041	0.3981
			-0.3214	-0.4139	-0.8517
			-0.5392	-0.7503	-0.3826
			0.5314	0.4172	0.7373
			0.5064	0.6326	0.586
			0.8174	-0.1357	-0.5598
			-0.2746	0.7625	-0.5858
			-0.5064	-0.6326	-0.586
			-0.8174	0.1357	0.5598
			0.2746	-0.7625	0.5858
		b:
			665.8034
			-304.714
			-166.7693
			-544.3788
			-675.6925
			634.0677
			666.7148
			251.379
			10.3782
			-663.7148
			-233.379
			-0.3782
	==================================================================================
	Q2:
		Shape: Hybrid
		q_c:	533.5	405.5	255.5
		ub :	544.9872	413.9342	267.0664
		lb :	522.0128	397.0658	243.9336
		P^-1:
			0.0261	-0.0113	-0.0088
			-0.0113	0.0402	0.0055
			-0.0088	0.0055	0.0206
		A:
			-0.395	0.3742	0.839
			-0.2418	0.957	-0.1601
			0.5354	-0.2094	-0.8182
			-0.9431	-0.2487	-0.2206
			0.8421	-0.3101	-0.4413
			0.4762	-0.838	0.2664
		b:
			159.065
			221.1458
			-4.7397
			-654.8024
			213.8754
			-14.2736
	==================================================================================
	Q3:
		Shape: Polyhedra
		q_c:	511.5	409.5	249.5
		ub :	521.6683	420.2212	257.9323
		lb :	501.3317	398.7788	241.0677
		A:
			-0.2236	0.4365	-0.8714
			-0.1661	-0.944	0.2852
			0.7642	-0.3826	-0.5193
			-0.6033	-0.7726	0.1979
			-0.717	-0.5331	-0.4491
			-0.6138	0.2675	-0.7427
			0.2852	0.6939	0.6612
			-0.9253	0.3792	0.0011
			-0.25	-0.6121	0.7502
			-0.2852	-0.6939	-0.6612
			0.9253	-0.3792	-0.0011
			0.25	0.6121	-0.7502
		b:
			-147.1297
			-394.4632
			111.7754
			-569.5729
			-690.4113
			-383.073
			601.4994
			-310.216
			-185.8244
			-588.4994
			325.216
			196.8244
	==================================================================================
	Q4:
		Shape: Ellipse
		q_c:	527.0	392.5	245.0
		ub :	535.5452	399.0245	250.1159
		lb :	518.4548	385.9755	239.8841
		P^-1:
			0.0803	-0.02	-0.1516
			-0.02	0.0433	0.036
			-0.1516	0.036	0.3764
	==================================================================================
	Q5:
		Shape: Hybrid
		q_c:	512.0	404.5	251.0
		ub :	516.1884	409.2767	255.3229
		lb :	507.8116	399.7233	246.6771
		P^-1:
			0.1493	-0.0199	0.0036
			-0.0199	0.1215	-0.0019
			0.0036	-0.0019	0.1114
		A:
			-0.1039	-0.5356	0.8381
			0.7822	0.6208	0.0514
			-0.4554	-0.1386	-0.8794
			-0.4221	0.7612	-0.4923
			0.3797	0.0452	0.924
			-0.5519	0.1957	0.8106
		b:
			-57.7275
			666.2104
			-508.3125
			-30.2871
			446.2656
			1.661
	==================================================================================
	Q6:
		Shape: Hybrid
		q_c:	526.5	392.0	244.0
		ub :	534.5513	403.5892	255.9069
		lb :	518.4487	380.4108	232.0931
		P^-1:
			0.0235	0.0006	0.0011
			0.0006	0.0157	0.0001
			0.0011	0.0001	0.0158
		A:
			-0.3009	-0.9026	-0.3077
			-0.5176	0.2435	0.8203
			0.8587	-0.3661	-0.3586
			0.1859	0.9709	-0.1508
			-0.1604	-0.4193	-0.8936
			0.7521	-0.59	0.2937
		b:
			-582.8129
			27.6357
			224.9522
			446.3733
			-462.229
			240.3291


===========================================================================================
===========================================================================================
S6:
	q_c:	103.5	324.0	47.5
	ub :	112.3885	338.636	64.7496
	lb :	89.0834	308.2928	33.8523

	==================================================================================
	Q1:
		Shape: Polyhedra
		q_c:	99.5	321.5	38.0
		ub :	103.924	325.8689	42.1477
		lb :	95.076	317.1311	33.8523
		A:
			0.5241	0.7464	0.4101
			0.6261	0.7723	0.1073
			0.6857	0.6955	0.2147
			0.8505	0.4544	0.2649
			-0.7949	-0.4662	-0.3884
			0.4485	0.6397	0.6242
			0.747	0.6162	0.2493
			-0.6079	0.785	-0.1188
			-0.2689	-0.0628	0.9611
			-0.747	-0.6162	-0.2493
			0.6079	-0.785	0.1188
			0.2689	0.0628	-0.9611
		b:
			309.2593
			316.0926
			301.086
			242.0815
			-242.4234
			275.9097
			282.929
			191.8863
			-6.9361
			-280.929
			-182.8863
			13.9361
	==================================================================================
	Q2:
		Shape: Polyhedra
		q_c:	99.5	332.0	50.5
		ub :	106.1879	338.636	56.0146
		lb :	92.8121	325.364	44.9854
		A:
			-0.6327	-0.064	0.7717
			-0.0163	-0.0736	-0.9972
			0.7742	0.4867	-0.4047
			0.1312	-0.3367	0.9324
			-0.0518	-0.758	0.6502
			0.1068	-0.0368	-0.9936
			0.8794	0.4409	0.1797
			0.2889	-0.7941	0.5348
			0.3785	-0.4183	-0.8257
			-0.8794	-0.4409	-0.1797
			-0.2889	0.7941	-0.5348
			-0.3785	0.4183	0.8257
		b:
			-41.6675
			-73.0282
			222.7369
			-47.9139
			-219.9334
			-48.5067
			247.9592
			-203.8895
			-139.924
			-237.9592
			211.8895
			145.924
	==================================================================================
	Q3:
		Shape: Ellipse
		q_c:	107.0	327.5	52.5
		ub :	112.3885	332.2747	58.3105
		lb :	101.6115	322.7253	46.6895
		P^-1:
			0.1116	-0.0352	0.0228
			-0.0352	0.1218	-0.019
			0.0228	-0.019	0.0482
	==================================================================================
	Q4:
		Shape: Polyhedra
		q_c:	96.0	314.0	58.0
		ub :	102.9166	319.7072	64.7496
		lb :	89.0834	308.2928	51.2504
		A:
			-0.3997	0.7682	0.5001
			0.3766	0.842	-0.3862
			-0.9526	-0.0855	0.2919
			-0.8822	-0.292	0.3694
			0.0642	-0.5182	0.8529
			-0.0725	0.3813	-0.9216
			0.7061	0.076	0.704
			-0.5109	-0.6338	0.5808
			0.4903	-0.7698	-0.4087
			-0.7061	-0.076	-0.704
			0.5109	0.6338	-0.5808
			-0.4903	0.7698	0.4087
		b:
			236.3522
			281.3246
			-97.5586
			-151.4657
			-103.4449
			63.0629
			136.976
			-211.3677
			-213.8405
			-127.976
			217.3677
			222.8405
	==================================================================================
	Q5:
		Shape: Hybrid
		q_c:	95.0	326.5	55.0
		ub :	99.8067	330.8519	60.5082
		lb :	90.1933	322.1481	49.4918
		P^-1:
			0.0801	-0.0006	-0.0069
			-0.0006	0.0814	-0.0028
			-0.0069	-0.0028	0.0512
		A:
			0.5255	-0.8448	-0.1007
			-0.3912	-0.7614	0.517
			-0.181	0.6459	-0.7417
			0.5426	-0.4251	0.7244
			-0.4012	0.9069	0.1291
			0.0471	0.7175	0.695
		b:
			-229.6995
			-255.4302
			155.1678
			-45.0118
			266.8457
			279.2886
	==================================================================================
	Q6:
		Shape: Polyhedra
		q_c:	102.5	321.5	46.0
		ub :	106.2898	326.3232	50.8014
		lb :	98.7102	316.6768	41.1986
		A:
			0.5014	-0.0985	-0.8596
			-0.2296	-0.7625	-0.6048
			-0.8088	-0.0385	0.5868
			0.3335	0.415	0.8465
			-0.2543	0.2231	-0.941
			-0.8641	-0.1547	-0.4789
			0.1024	0.6267	0.7725
			-0.0003	0.7766	-0.63
			-0.9947	0.0643	0.0797
			-0.1024	-0.6267	-0.7725
			0.0003	-0.7766	0.63
			0.9947	-0.0643	-0.0797
		b:
			-16.5259
			-293.4802
			-64.8362
			209.5948
			5.6998
			-156.9957
			250.5252
			224.1582
			-74.1255
			-244.5252
			-217.1582
			81.1255


===========================================================================================
===========================================================================================
S7:
	q_c:	85.0	251.0	97.5
	ub :	116.0844	277.5618	112.1348
	lb :	58.8953	220.27	69.86

	==================================================================================
	Q1:
		Shape: Polyhedra
		q_c:	77.5	258.5	82.5
		ub :	86.0062	267.2439	90.358
		lb :	68.9938	249.7561	74.642
		A:
			-0.5723	-0.6269	0.5286
			0.6151	0.7802	-0.1142
			-0.7359	-0.6447	0.207
			-0.6888	-0.7043	0.1717
			-0.0341	-0.0066	0.9994
			-0.6252	-0.6335	-0.4559
			0.0775	0.5695	0.8183
			-0.8157	0.5082	-0.2764
			-0.5733	-0.6461	0.5039
			-0.0775	-0.5695	-0.8183
			0.8157	-0.5082	0.2764
			0.5733	0.6461	-0.5039
		b:
			-160.7856
			242.8421
			-203.6334
			-218.4145
			83.1534
			-244.6412
			226.2326
			53.8467
			-167.8692
			-215.2326
			-36.8467
			171.8692
	==================================================================================
	Q2:
		Shape: Polyhedra
		q_c:	105.0	253.5	99.5
		ub :	116.0844	262.4261	106.6869
		lb :	93.9156	244.5739	92.3131
		A:
			0.5216	0.5095	-0.6843
			0.5309	0.3486	0.7724
			0.6032	-0.6862	-0.4065
			-0.4856	-0.1939	-0.8524
			0.1455	-0.7362	0.6609
			0.4626	-0.2297	0.8563
			0.4599	0.8794	0.1234
			-0.1716	-0.0484	0.984
			0.8713	-0.4737	0.1286
			-0.4599	-0.8794	-0.1234
			0.1716	0.0484	-0.984
			-0.8713	0.4737	-0.1286
		b:
			121.2378
			226.9772
			-143.1993
			-178.7286
			-98.8891
			82.6033
			288.488
			73.1206
			-6.7958
			-278.488
			-62.1206
			24.7958
	==================================================================================
	Q3:
		Shape: Hybrid
		q_c:	69.0	238.0	90.0
		ub :	79.1047	248.0546	95.9609
		lb :	58.8953	227.9454	84.0391
		P^-1:
			0.0204	-0.0	0.0007
			-0.0	0.0204	-0.0005
			0.0007	-0.0005	0.033
		A:
			-0.9687	0.0123	-0.2478
			0.0266	-0.5691	-0.8218
			0.978	-0.011	-0.2082
			0.3721	0.4849	0.7915
			0.485	-0.3499	0.8015
			0.057	-0.2162	0.9747
		b:
			-82.0804
			-204.231
			50.3406
			215.6752
			25.564
			42.9952
	==================================================================================
	Q4:
		Shape: Hybrid
		q_c:	72.5	253.0	89.0
		ub :	76.6742	258.3534	95.467
		lb :	68.3258	247.6466	82.533
		P^-1:
			0.2179	0.0033	-0.0769
			0.0033	0.049	0.0015
			-0.0769	0.0015	0.0656
		A:
			0.9553	-0.2923	0.044
			0.1363	-0.9906	-0.012
			0.7463	0.1099	-0.6565
			-0.7393	0.4793	0.4729
			0.0977	0.7317	0.6746
			-0.6769	-0.1375	0.7231
		b:
			1.411
			-238.2899
			25.1053
			111.6338
			256.0047
			-17.5667
	==================================================================================
	Q5:
		Shape: Polyhedra
		q_c:	76.0	231.0	100.0
		ub :	90.0218	241.73	112.1348
		lb :	61.9782	220.27	87.8652
		A:
			0.4733	-0.3336	0.8153
			-0.9785	-0.1767	0.1066
			0.0579	0.8086	-0.5855
			-0.3124	0.9057	-0.2864
			-0.0475	0.7184	0.694
			-0.7701	0.1136	-0.6278
			0.8929	0.339	0.2962
			0.1423	-0.8368	0.5286
			0.4271	-0.4299	-0.7955
			-0.8929	-0.339	-0.2962
			-0.1423	0.8368	-0.5286
			-0.4271	0.4299	0.7955
		b:
			47.7292
			-93.9601
			137.0498
			161.4529
			240.5165
			-85.5614
			186.7891
			-125.6327
			-137.8918
			-164.7891
			133.6327
			154.8918
	==================================================================================
	Q6:
		Shape: Ellipse
		q_c:	97.5	265.5	85.5
		ub :	110.162	277.5618	101.14
		lb :	84.838	253.4382	69.86
		P^-1:
			0.0109	-0.0003	-0.0008
			-0.0003	0.0119	-0.0013
			-0.0008	-0.0013	0.0082


===========================================================================================
===========================================================================================
S8:
	q_c:	280.0	502.5	297.5
	ub :	303.7531	523.1964	322.3015
	lb :	259.9839	474.528	280.1348

	==================================================================================
	Q1:
		Shape: Ellipse
		q_c:	277.5	483.0	312.0
		ub :	288.2134	491.472	322.3015
		lb :	266.7866	474.528	301.6985
		P^-1:
			0.024	-0.0017	0.0073
			-0.0017	0.0328	0.0013
			0.0073	0.0013	0.0271
	==================================================================================
	Q2:
		Shape: Hybrid
		q_c:	285.5	511.5	293.5
		ub :	299.606	522.9985	305.5555
		lb :	271.394	500.0015	281.4445
		P^-1:
			0.0181	0.0113	0.0006
			0.0113	0.0232	0.0044
			0.0006	0.0044	0.0157
		A:
			-0.2519	-0.8712	0.4214
			-0.5089	-0.693	-0.5107
			-0.3635	0.8629	-0.3511
			0.6191	0.0608	0.783
			0.632	0.7576	-0.1631
			0.5719	0.5667	0.5931
		b:
			-388.8199
			-646.5551
			242.1091
			443.6231
			523.2803
			630.7634
	==================================================================================
	Q3:
		Shape: Polyhedra
		q_c:	278.0	501.5	300.5
		ub :	289.0995	514.8655	314.6606
		lb :	266.9005	488.1345	286.3394
		A:
			0.4706	0.8402	-0.2697
			-0.7255	0.6669	-0.1698
			-0.1962	0.0497	-0.9793
			0.5306	-0.6591	-0.5329
			0.8338	-0.5511	-0.0329
			-0.0834	-0.4353	0.8964
			0.9306	0.122	0.3452
			-0.2087	-0.5981	0.7738
			0.3008	-0.7921	-0.5311
			-0.9306	-0.122	-0.3452
			0.2087	0.5981	-0.7738
			-0.3008	0.7921	0.5311
		b:
			479.754
			89.9523
			-315.3698
			-334.277
			-46.3906
			36.82
			430.5995
			-116.4369
			-464.1972
			-416.5995
			134.4369
			482.1972
	==================================================================================
	Q4:
		Shape: Ellipse
		q_c:	296.0	486.0	311.5
		ub :	303.7531	495.2064	318.8253
		lb :	288.2469	476.7936	304.1747
		P^-1:
			0.0558	0.0145	-0.0066
			0.0145	0.031	0.0144
			-0.0066	0.0144	0.056
	==================================================================================
	Q5:
		Shape: Hybrid
		q_c:	271.5	511.0	300.5
		ub :	283.0161	523.1964	310.8079
		lb :	259.9839	498.8036	290.1921
		P^-1:
			0.0205	-0.004	-0.002
			-0.004	0.0163	0.001
			-0.002	0.001	0.0163
		A:
			0.1084	-0.9229	0.3696
			0.2377	-0.918	0.3174
			-0.6647	0.6314	-0.3994
			0.6477	0.5094	-0.5666
			-0.3427	0.7563	-0.5573
			-0.1695	-0.0981	-0.9806
		b:
			-326.3669
			-304.6446
			26.1361
			270.5918
			130.4618
			-386.1211
	==================================================================================
	Q6:
		Shape: Ellipse
		q_c:	288.5	509.5	289.0
		ub :	295.0646	518.7741	297.8652
		lb :	281.9354	500.2259	280.1348
		P^-1:
			0.0584	-0.0106	-0.0049
			-0.0106	0.0322	-0.0033
			-0.0049	-0.0033	0.0286


===========================================================================================
===========================================================================================
