3D_40_20_6_f                l = 3

===========================================================================================
===========================================================================================
S1:
	q_c:    62.5000    102.5000    336.5000
	ub :    69.0000    118.0000    348.0000
	lb :    56.0000    87.0000    325.0000

	==================================================================================
	Q1:
		Shape: Polyhedra
		q_c:    69.0000    101.5000    339.5000
		ub :    72.3811    104.6197    343.0524
		lb :    65.6189    98.3803    335.9476
		A:
			    -0.7082    0.0523    -0.7041
			    -0.2746    0.5145    0.8123
			    -0.5222    -0.8449    -0.1160
			    -0.2131    -0.7197    0.6608
			    -0.9380    0.0494    -0.3431
			    -0.8427    -0.5325    -0.0794
			    0.0966    0.5939    0.7987
			    -0.0819    0.8045    -0.5883
			    -0.9919    -0.0086    0.1263
			    -0.0966    -0.5939    -0.7987
			    0.0819    -0.8045    0.5883
			    0.9919    0.0086    -0.1263
		b:
			    -280.0013
			    311.6418
			    -158.6575
			    138.6963
			    -173.3275
			    -136.3491
			    340.6031
			    -121.7386
			    -23.4298
			    -335.6031
			    125.7386
			    29.4298
	==================================================================================
	Q2:
		Shape: Polyhedra
		q_c:    66.5000    98.5000    338.0000
		ub :    70.7687    102.1949    342.3480
		lb :    62.2313    94.8051    333.6520
		A:
			    0.5215    -0.8046    0.2840
			    -0.5915    0.1729    0.7875
			    0.7192    -0.6032    -0.3449
			    -0.8594    0.1806    0.4783
			    -0.2110    -0.9250    -0.3159
			    0.9808    -0.0412    0.1909
			    0.6163    0.1872    0.7649
			    -0.6448    0.6776    0.3537
			    -0.4521    -0.7112    0.5383
			    -0.6163    -0.1872    -0.7649
			    0.6448    -0.6776    -0.3537
			    0.4521    0.7112    -0.5383
		b:
			    53.7089
			    246.1442
			    -126.1549
			    124.4778
			    -209.4165
			    128.3114
			    320.9717
			    145.4090
			    84.3313
			    -314.9717
			    -141.4090
			    -79.3313
	==================================================================================
	Q3:
		Shape: Hybrid
		q_c:    61.5000    106.0000    334.5000
		ub :    65.2484    109.2991    338.6984
		lb :    57.7516    102.7009    330.3016
		P^-1: 
			    0.3140    0.0096    -0.1807
			    0.0096    0.1115    -0.0105
			    -0.1807    -0.0105    0.1925
		A:
			    -0.5752    0.7488    0.3293
			    0.6604    -0.1381    -0.7381
			    0.3987    0.2926    -0.8691
			    0.9249    0.3590    -0.1248
			    0.9263    -0.2991    -0.2291
			    0.6418    0.6457    -0.4138
		b:
			    155.9257
			    -219.9127
			    -233.5495
			    54.8386
			    -49.9701
			    -29.0655
	==================================================================================
	Q4:
		Shape: Ellipse
		q_c:    64.0000    99.0000    337.5000
		ub :    69.7083    104.4673    342.4424
		lb :    58.2917    93.5327    332.5576
		P^-1: 
			    0.0942    0.0066    -0.0130
			    0.0066    0.0851    -0.0068
			    -0.0130    -0.0068    0.0951
	==================================================================================
	Q5:
		Shape: Ellipse
		q_c:    68.0000    107.0000    330.5000
		ub :    71.6861    110.8654    333.9885
		lb :    64.3139    103.1346    327.0115
		P^-1: 
			    0.1623    -0.0068    0.0126
			    -0.0068    0.1798    -0.0366
			    0.0126    -0.0366    0.2279
	==================================================================================
	Q6:
		Shape: Ellipse
		q_c:    58.5000    96.0000    329.5000
		ub :    62.5917    100.7069    333.1482
		lb :    54.4083    91.2931    325.8518
		P^-1: 
			    0.1128    -0.0294    0.0306
			    -0.0294    0.1427    -0.1511
			    0.0306    -0.1511    0.3625


===========================================================================================
===========================================================================================
S2:
	q_c:    184.5000    417.5000    149.0000
	ub :    204.0000    448.0000    174.0000
	lb :    165.0000    387.0000    124.0000

	==================================================================================
	Q1:
		Shape: Polyhedra
		q_c:    178.5000    433.0000    162.5000
		ub :    188.2694    445.4894    175.2016
		lb :    168.7306    420.5106    149.7984
		A:
			    -0.1431    0.9514    0.2728
			    -0.7407    0.6715    -0.0207
			    -0.7730    -0.1042    -0.6258
			    -0.4879    0.8724    0.0299
			    0.6374    0.0893    -0.7654
			    0.3688    0.1692    -0.9140
			    0.7860    0.3665    0.4979
			    -0.6175    0.5042    0.6037
			    -0.0298    -0.7820    0.6226
			    -0.7860    -0.3665    -0.4979
			    0.6175    -0.5042    -0.6037
			    0.0298    0.7820    -0.6226
		b:
			    437.9950
			    162.3210
			    -277.6586
			    302.9237
			    35.2603
			    -1.8166
			    386.8934
			    212.6829
			    -234.2491
			    -372.8934
			    -199.6829
			    251.2491
	==================================================================================
	Q2:
		Shape: Ellipse
		q_c:    187.0000    433.0000    168.5000
		ub :    192.6669    440.1674    176.6269
		lb :    181.3331    425.8326    160.3731
		P^-1: 
			    0.0801    0.0046    -0.0079
			    0.0046    0.0671    0.0247
			    -0.0079    0.0247    0.0397
	==================================================================================
	Q3:
		Shape: Polyhedra
		q_c:    195.5000    422.0000    136.5000
		ub :    202.8743    428.9562    146.0673
		lb :    188.1257    415.0438    126.9327
		A:
			    -0.4247    0.8236    -0.3758
			    -0.1141    0.7933    -0.5981
			    0.0266    -0.8763    0.4810
			    -0.3874    0.7715    -0.5047
			    -0.6418    0.6489    -0.4087
			    -0.5842    0.7734    -0.2460
			    0.3216    0.5767    0.7510
			    -0.3631    0.8076    -0.4646
			    -0.8745    -0.1233    0.4691
			    -0.3216    -0.5767    -0.7510
			    0.3631    -0.8076    0.4646
			    0.8745    0.1233    -0.4691
		b:
			    214.8700
			    232.7469
			    -296.6274
			    182.5618
			    94.8481
			    180.6748
			    417.7384
			    207.9054
			    -154.4535
			    -399.7384
			    -204.9054
			    163.4535
	==================================================================================
	Q4:
		Shape: Polyhedra
		q_c:    188.5000    410.5000    150.5000
		ub :    201.3550    422.9565    159.3891
		lb :    175.6450    398.0435    141.6109
		A:
			    0.7236    -0.2906    0.6260
			    -0.4534    0.3041    -0.8378
			    0.4045    0.5226    0.7505
			    -0.0903    0.0269    -0.9956
			    -0.9377    -0.3461    0.0312
			    -0.2357    -0.6426    0.7290
			    0.6589    0.7516    0.0315
			    0.6735    -0.5707    -0.4699
			    -0.3352    0.3308    -0.8822
			    -0.6589    -0.7516    -0.0315
			    -0.6735    0.5707    0.4699
			    0.3352    -0.3308    0.8822
		b:
			    117.0338
			    -82.1442
			    410.4404
			    -150.1104
			    -306.4867
			    -192.7883
			    444.4704
			    -168.0284
			    -55.6522
			    -430.4704
			    188.0284
			    64.6522
	==================================================================================
	Q5:
		Shape: Polyhedra
		q_c:    191.0000    418.5000    128.0000
		ub :    202.3113    428.7080    137.6208
		lb :    179.6887    408.2920    118.3792
		A:
			    -0.6532    -0.1135    0.7486
			    -0.9209    0.2810    0.2700
			    0.4897    0.3025    -0.8178
			    0.3827    -0.3651    -0.8487
			    -0.1759    0.1948    -0.9650
			    0.5946    0.4943    -0.6341
			    0.9394    0.2229    0.2605
			    0.1088    -0.9144    0.3900
			    0.3251    -0.3380    -0.8832
			    -0.9394    -0.2229    -0.2605
			    -0.1088    0.9144    -0.3900
			    -0.3251    0.3380    0.8832
		b:
			    -70.0931
			    -15.8724
			    121.6378
			    -183.2870
			    -69.1138
			    246.4362
			    315.5415
			    -304.9678
			    -187.4109
			    -296.5415
			    318.9678
			    197.4109
	==================================================================================
	Q6:
		Shape: Ellipse
		q_c:    196.5000    425.5000    166.5000
		ub :    206.4344    438.3290    173.7936
		lb :    186.5656    412.6710    159.2064
		P^-1: 
			    0.0525    0.0134    0.0422
			    0.0134    0.0117    0.0140
			    0.0422    0.0140    0.0750


===========================================================================================
===========================================================================================
S3:
	q_c:    521.5000    166.5000    119.0000
	ub :    546.0000    182.0000    131.0000
	lb :    497.0000    151.0000    107.0000

	==================================================================================
	Q1:
		Shape: Polyhedra
		q_c:    518.0000    173.0000    109.0000
		ub :    522.0408    175.8915    114.5227
		lb :    513.9592    170.1085    103.4773
		A:
			    0.5104    0.8014    0.3119
			    -0.6722    -0.7397    0.0335
			    0.4749    -0.4320    0.7667
			    -0.9003    0.0911    0.4256
			    -0.8148    0.4877    -0.3136
			    -0.2819    0.2369    -0.9297
			    0.9553    0.1248    0.2681
			    0.1256    -0.9920    0.0144
			    0.2677    0.0199    -0.9633
			    -0.9553    -0.1248    -0.2681
			    -0.1256    0.9920    -0.0144
			    -0.2677    -0.0199    0.9633
		b:
			    439.5823
			    -469.8013
			    258.5067
			    -400.4578
			    -369.3146
			    -202.0162
			    548.1484
			    -102.4903
			    42.1336
			    -543.1484
			    107.4903
			    -32.1336
	==================================================================================
	Q2:
		Shape: Polyhedra
		q_c:    514.5000    158.5000    122.5000
		ub :    520.1314    163.2989    127.9068
		lb :    508.8686    153.7011    117.0932
		A:
			    0.3691    0.8865    -0.2791
			    0.5753    0.7967    0.1849
			    -0.0957    -0.9945    0.0423
			    0.3542    0.7442    -0.5663
			    0.1324    0.8246    -0.5500
			    0.5485    0.6581    -0.5158
			    0.6792    0.6038    0.4171
			    0.1795    -0.6878    0.7033
			    0.7116    -0.4028    -0.5756
			    -0.6792    -0.6038    -0.4171
			    -0.1795    0.6878    -0.7033
			    -0.7116    0.4028    0.5756
		b:
			    298.2480
			    446.9451
			    -199.1376
			    233.2789
			    133.4785
			    326.2796
			    498.2789
			    71.5132
			    237.2625
			    -494.2789
			    -67.5132
			    -226.2625
	==================================================================================
	Q3:
		Shape: Ellipse
		q_c:    516.0000    157.5000    108.5000
		ub :    525.4817    166.7424    115.9040
		lb :    506.5183    148.2576    101.0960
		P^-1: 
			    0.0303    0.0075    -0.0012
			    0.0075    0.0323    -0.0023
			    -0.0012    -0.0023    0.0341
	==================================================================================
	Q4:
		Shape: Hybrid
		q_c:    530.5000    166.5000    118.0000
		ub :    535.5132    171.1051    123.2166
		lb :    525.4868    161.8949    112.7834
		P^-1: 
			    0.1588    0.0654    0.0810
			    0.0654    0.2031    -0.0581
			    0.0810    -0.0581    0.1780
		A:
			    -0.8604    -0.1370    -0.4908
			    0.8787    0.3334    -0.3415
			    -0.5062    -0.5524    -0.6623
			    -0.5794    -0.8149    0.0147
			    0.3854    0.4837    -0.7858
			    -0.3725    0.7845    -0.4958
		b:
			    -535.9521
			    483.8615
			    -437.1887
			    -440.3301
			    194.2238
			    -124.0069
	==================================================================================
	Q5:
		Shape: Ellipse
		q_c:    529.0000    168.5000    120.0000
		ub :    538.3344    177.4427    129.1863
		lb :    519.6656    159.5573    110.8137
		P^-1: 
			    0.0321    -0.0041    -0.0070
			    -0.0041    0.0378    -0.0037
			    -0.0070    -0.0037    0.0337
	==================================================================================
	Q6:
		Shape: Ellipse
		q_c:    533.0000    175.0000    112.0000
		ub :    539.2895    184.1228    120.8404
		lb :    526.7105    165.8772    103.1596
		P^-1: 
			    0.0718    -0.0203    0.0050
			    -0.0203    0.0361    -0.0041
			    0.0050    -0.0041    0.0252


===========================================================================================
===========================================================================================
S4:
	q_c:    246.0000    264.0000    123.0000
	ub :    260.0000    269.0000    138.0000
	lb :    232.0000    259.0000    108.0000

	==================================================================================
	Q1:
		Shape: Polyhedra
		q_c:    247.5000    266.5000    127.5000
		ub :    250.7872    270.1931    131.0391
		lb :    244.2128    262.8069    123.9609
		A:
			    -0.7991    0.1284    0.5873
			    0.1240    0.2772    -0.9528
			    0.8022    0.0884    -0.5905
			    0.1995    0.5422    -0.8163
			    0.6945    0.6693    -0.2638
			    -0.3944    0.2024    -0.8964
			    0.1800    0.8325    0.5240
			    0.6238    0.3152    -0.7152
			    -0.7605    0.4556    -0.4626
			    -0.1800    -0.8325    -0.5240
			    -0.6238    -0.3152    0.7152
			    0.7605    -0.4556    0.4626
		b:
			    -86.9242
			    -15.0863
			    148.4568
			    91.5620
			    318.4994
			    -155.6493
			    335.7241
			    148.7197
			    -123.2888
			    -330.7241
			    -145.7197
			    128.2888
	==================================================================================
	Q2:
		Shape: Polyhedra
		q_c:    242.0000    268.0000    126.5000
		ub :    245.2298    271.9013    130.2352
		lb :    238.7702    264.0987    122.7648
		A:
			    -0.3953    -0.9086    0.1352
			    0.6589    0.2765    0.6996
			    -0.9627    -0.2656    -0.0514
			    -0.0294    -0.9621    0.2710
			    0.6857    -0.2811    -0.6715
			    -0.6480    0.2854    0.7061
			    0.5408    0.7518    0.3772
			    0.7384    -0.2096    -0.6409
			    -0.4028    0.6252    -0.6685
			    -0.5408    -0.7518    -0.3772
			    -0.7384    0.2096    0.6409
			    0.4028    -0.6252    0.6685
		b:
			    -319.6069
			    324.6068
			    -308.8093
			    -227.7090
			    6.6675
			    10.0336
			    382.0818
			    42.4459
			    -11.0017
			    -378.0818
			    -40.4459
			    18.0017
	==================================================================================
	Q3:
		Shape: Polyhedra
		q_c:    241.5000    268.0000    123.5000
		ub :    245.6837    271.8177    128.1301
		lb :    237.3163    264.1823    118.8699
		A:
			    -0.4348    -0.5826    -0.6866
			    0.0676    0.7796    0.6226
			    0.6706    -0.1820    -0.7191
			    -0.0621    0.9948    0.0804
			    0.2515    -0.6221    -0.7414
			    -0.1303    -0.9905    0.0449
			    0.3052    0.8137    0.4947
			    0.3879    0.3682    -0.8450
			    -0.8697    0.4498    -0.2033
			    -0.3052    -0.8137    -0.4947
			    -0.3879    -0.3682    0.8450
			    0.8697    -0.4498    0.2033
		b:
			    -344.2100
			    303.8769
			    27.8478
			    263.6110
			    -195.0892
			    -289.0258
			    354.3746
			    92.0026
			    -112.1017
			    -351.3746
			    -84.0026
			    117.1017
	==================================================================================
	Q4:
		Shape: Ellipse
		q_c:    248.5000    260.5000    123.0000
		ub :    252.6277    266.2890    127.9309
		lb :    244.3723    254.7110    118.0691
		P^-1: 
			    0.1439    0.0378    0.0096
			    0.0378    0.0649    0.0015
			    0.0096    0.0015    0.0631
	==================================================================================
	Q5:
		Shape: Polyhedra
		q_c:    249.5000    258.5000    121.0000
		ub :    252.7444    262.0042    123.5948
		lb :    246.2556    254.9958    118.4052
		A:
			    -0.9091    -0.2474    -0.3352
			    -0.7981    -0.2756    0.5358
			    -0.0834    0.0638    -0.9945
			    -0.5270    -0.7007    0.4809
			    0.3046    0.9158    0.2619
			    0.0090    0.2283    0.9735
			    0.7196    0.6630    0.2065
			    0.0597    -0.3553    0.9328
			    0.6919    -0.6589    -0.2952
			    -0.7196    -0.6630    -0.2065
			    -0.0597    0.3553    -0.9328
			    -0.6919    0.6589    0.2952
		b:
			    -329.5602
			    -203.4969
			    -123.0434
			    -252.9304
			    346.3432
			    180.9441
			    377.4072
			    37.4071
			    -30.4353
			    -374.4072
			    -34.4071
			    36.4353
	==================================================================================
	Q6:
		Shape: Ellipse
		q_c:    245.5000    271.0000    126.0000
		ub :    249.8617    275.2626    130.8487
		lb :    241.1383    266.7374    121.1513
		P^-1: 
			    0.1938    -0.0601    -0.0460
			    -0.0601    0.1465    0.0166
			    -0.0460    0.0166    0.1024


===========================================================================================
===========================================================================================
S5:
	q_c:    314.0000    182.0000    81.5000
	ub :    334.0000    210.0000    109.0000
	lb :    294.0000    154.0000    54.0000

	==================================================================================
	Q1:
		Shape: Polyhedra
		q_c:    317.0000    197.5000    71.5000
		ub :    323.4246    200.9754    77.2030
		lb :    310.5754    194.0246    65.7970
		A:
			    0.1472    -0.9197    -0.3639
			    0.1624    -0.9714    0.1731
			    -0.7780    0.5891    -0.2185
			    0.5043    0.8084    -0.3036
			    -0.7480    0.6276    0.2160
			    -0.4560    -0.6630    -0.5937
			    0.0941    0.9250    0.3682
			    0.8811    0.0948    -0.4634
			    -0.4635    0.3680    -0.8061
			    -0.0941    -0.9250    -0.3682
			    -0.8811    -0.0948    0.4634
			    0.4635    -0.3680    0.8061
		b:
			    -158.7153
			    -125.6079
			    -142.1286
			    301.8075
			    -93.5150
			    -315.5104
			    240.8242
			    270.4021
			    -128.8990
			    -236.8242
			    -259.4021
			    134.8990
	==================================================================================
	Q2:
		Shape: Hybrid
		q_c:    309.5000    169.0000    75.5000
		ub :    319.4358    176.5174    85.8321
		lb :    299.5642    161.4826    65.1679
		P^-1: 
			    0.0289    0.0187    0.0098
			    0.0187    0.0618    0.0217
			    0.0098    0.0217    0.0318
		A:
			    0.6723    0.7168    0.1847
			    -0.3883    0.8319    0.3963
			    0.1864    0.7556    -0.6279
			    0.3816    0.5067    0.7731
			    0.7324    -0.1453    -0.6652
			    -0.7073    0.7063    0.0297
		b:
			    345.6655
			    54.0950
			    142.7592
			    264.7947
			    157.1070
			    -92.3489
	==================================================================================
	Q3:
		Shape: Polyhedra
		q_c:    325.5000    183.5000    72.0000
		ub :    334.8312    191.7622    83.3110
		lb :    316.1688    175.2378    60.6890
		A:
			    -0.7599    0.3184    0.5667
			    0.4904    -0.7218    0.4884
			    -0.5991    -0.5911    0.5400
			    0.3083    -0.5508    0.7756
			    -0.5860    0.5976    -0.5472
			    -0.2484    0.9551    -0.1616
			    0.8895    0.2389    0.3895
			    0.0308    -0.8819    0.4705
			    0.4559    -0.4065    -0.7918
			    -0.8895    -0.2389    -0.3895
			    -0.0308    0.8819    -0.4705
			    -0.4559    0.4065    0.7918
		b:
			    -139.1007
			    66.4969
			    -258.8854
			    59.6843
			    -116.1303
			    87.5909
			    366.9123
			    -114.4214
			    26.2990
			    -355.9123
			    121.4214
			    -7.2990
	==================================================================================
	Q4:
		Shape: Hybrid
		q_c:    332.5000    178.0000    70.5000
		ub :    341.2475    181.8948    76.3821
		lb :    323.7525    174.1052    64.6179
		P^-1: 
			    0.0238    0.0070    0.0298
			    0.0070    0.1391    0.0232
			    0.0298    0.0232    0.1238
		A:
			    0.1397    -0.2286    0.9634
			    0.0902    0.0860    0.9922
			    -0.4232    -0.7563    -0.4989
			    -0.7555    -0.5678    -0.3269
			    -0.1654    -0.0542    -0.9847
			    0.0682    -0.9976    -0.0116
		b:
			    75.4641
			    117.0551
			    -308.5152
			    -371.0983
			    -132.4456
			    -154.1842
	==================================================================================
	Q5:
		Shape: Hybrid
		q_c:    321.0000    195.0000    71.5000
		ub :    328.6401    201.5736    78.9076
		lb :    313.3599    188.4264    64.0924
		P^-1: 
			    0.0475    -0.0003    0.0231
			    -0.0003    0.0837    -0.0298
			    0.0231    -0.0298    0.0702
		A:
			    -0.3110    0.7303    -0.6083
			    0.2324    -0.1674    0.9581
			    0.0627    0.9679    -0.2435
			    0.3078    0.6707    -0.6749
			    0.2820    0.4870    0.8266
			    -0.6634    0.2988    0.6860
		b:
			    0.6106
			    112.7267
			    193.3184
			    183.6251
			    247.5402
			    -101.1253
	==================================================================================
	Q6:
		Shape: Polyhedra
		q_c:    330.5000    174.0000    75.0000
		ub :    336.9913    182.4353    84.4748
		lb :    324.0087    165.5647    65.5252
		A:
			    0.8259    0.4659    -0.3175
			    0.5707    -0.8201    -0.0426
			    0.3481    0.3196    0.8813
			    -0.0310    -0.6396    -0.7680
			    0.5860    -0.8036    -0.1041
			    -0.8844    -0.4461    0.1370
			    0.0806    0.8858    0.4571
			    -0.4096    0.4475    -0.7949
			    -0.9087    -0.1232    0.3989
			    -0.0806    -0.8858    -0.4571
			    0.4096    -0.4475    0.7949
			    0.9087    0.1232    -0.3989
		b:
			    334.0625
			    48.4491
			    243.0319
			    -173.5328
			    51.6095
			    -355.7465
			    220.5490
			    -110.1398
			    -288.3278
			    -209.5490
			    124.1398
			    295.3278


===========================================================================================
===========================================================================================
S6:
	q_c:    72.5000    136.5000    198.5000
	ub :    92.0000    154.0000    222.0000
	lb :    53.0000    119.0000    175.0000

	==================================================================================
	Q1:
		Shape: Hybrid
		q_c:    90.5000    140.0000    198.5000
		ub :    99.8422    150.1811    207.6750
		lb :    81.1578    129.8189    189.3250
		P^-1: 
			    0.0344    0.0106    0.0165
			    0.0106    0.0295    0.0109
			    0.0165    0.0109    0.0427
		A:
			    -0.9658    -0.1196    0.2302
			    0.8056    0.1516    0.5727
			    0.4712    0.2710    -0.8393
			    -0.4065    -0.4169    -0.8130
			    -0.0425    0.9168    0.3970
			    0.0703    0.5745    0.8155
		b:
			    -54.0411
			    210.3472
			    -81.4811
			    -254.3868
			    207.1757
			    251.6406
	==================================================================================
	Q2:
		Shape: Hybrid
		q_c:    90.0000    143.5000    183.5000
		ub :    98.5826    152.8899    190.4299
		lb :    81.4174    134.1101    176.5701
		P^-1: 
			    0.0497    0.0245    -0.0139
			    0.0245    0.0398    -0.0307
			    -0.0139    -0.0307    0.0866
		A:
			    -0.1116    -0.5241    0.8443
			    0.4788    -0.2255    -0.8485
			    0.6319    0.6532    0.4172
			    0.2930    -0.3461    0.8913
			    -0.2245    -0.1278    0.9661
			    0.3504    0.1737    0.9203
		b:
			    71.4928
			    -140.7943
			    230.6525
			    142.6682
			    140.9273
			    228.2263
	==================================================================================
	Q3:
		Shape: Hybrid
		q_c:    84.0000    147.0000    203.0000
		ub :    94.1069    156.7726    214.1253
		lb :    73.8931    137.2274    191.8747
		P^-1: 
			    0.0243    -0.0098    0.0082
			    -0.0098    0.0326    -0.0124
			    0.0082    -0.0124    0.0281
		A:
			    -0.1164    0.5197    -0.8464
			    -0.1363    0.2142    0.9672
			    0.3210    -0.9030    0.2856
			    0.5232    0.6227    -0.5818
			    -0.2394    0.5053    -0.8291
			    0.8471    0.5005    -0.1788
		b:
			    -102.1971
			    221.3413
			    -45.0208
			    21.9594
			    -111.3539
			    113.6636
	==================================================================================
	Q4:
		Shape: Ellipse
		q_c:    62.5000    140.0000    212.5000
		ub :    72.4631    149.3304    222.0042
		lb :    52.5369    130.6696    202.9958
		P^-1: 
			    0.0321    -0.0065    -0.0038
			    -0.0065    0.0342    -0.0053
			    -0.0038    -0.0053    0.0271
	==================================================================================
	Q5:
		Shape: Hybrid
		q_c:    73.0000    122.5000    194.5000
		ub :    80.8753    130.9784    203.4385
		lb :    65.1247    114.0216    185.5615
		P^-1: 
			    0.0506    -0.0128    0.0098
			    -0.0128    0.0397    -0.0033
			    0.0098    -0.0033    0.0330
		A:
			    0.3919    -0.5665    0.7249
			    -0.8703    -0.0813    -0.4859
			    -0.5424    0.0407    -0.8392
			    -0.8300    0.1342    -0.5414
			    0.4056    -0.5215    -0.7507
			    0.9807    0.1181    -0.1560
		b:
			    102.9151
			    -165.4175
			    -194.9783
			    -147.1597
			    -176.7478
			    58.8330
	==================================================================================
	Q6:
		Shape: Ellipse
		q_c:    84.5000    131.0000    192.5000
		ub :    93.9106    136.3523    199.2684
		lb :    75.0894    125.6477    185.7316
		P^-1: 
			    0.1267    -0.1374    -0.0805
			    -0.1374    0.3792    -0.0713
			    -0.0805    -0.0713    0.1986


===========================================================================================
===========================================================================================
S7:
	q_c:    77.5000    274.5000    441.0000
	ub :    107.0000    297.0000    457.0000
	lb :    48.0000    252.0000    425.0000

	==================================================================================
	Q1:
		Shape: Hybrid
		q_c:    72.5000    268.0000    432.5000
		ub :    84.1970    280.4083    445.5524
		lb :    60.8030    255.5917    419.4476
		P^-1: 
			    0.0216    -0.0003    -0.0035
			    -0.0003    0.0200    0.0041
			    -0.0035    0.0041    0.0115
		A:
			    -0.2522    0.7654    -0.5920
			    0.6387    -0.7526    0.1601
			    0.9537    -0.2359    0.1867
			    -0.3005    0.9480    0.1048
			    -0.7232    -0.6906    -0.0050
			    -0.1728    0.5407    0.8233
		b:
			    -62.7914
			    -81.4037
			    91.1084
			    281.4916
			    -235.9489
			    493.0738
	==================================================================================
	Q2:
		Shape: Polyhedra
		q_c:    75.5000    282.5000    446.0000
		ub :    89.2862    295.6547    457.4294
		lb :    61.7138    269.3453    434.5706
		A:
			    -0.2186    0.6487    -0.7290
			    0.4160    -0.0813    0.9057
			    -0.1384    -0.6843    0.7160
			    0.7859    -0.1250    0.6056
			    -0.9958    0.0685    -0.0610
			    0.8703    -0.4916    0.0310
			    0.5327    0.8409    0.0952
			    0.6189    -0.3105    -0.7215
			    -0.5772    0.4433    -0.6858
			    -0.5327    -0.8409    -0.0952
			    -0.6189    0.3105    0.7215
			    0.5772    -0.4433    0.6858
		b:
			    -151.0577
			    419.6837
			    123.4529
			    301.4435
			    -75.1885
			    -51.8528
			    329.2202
			    -354.7658
			    -217.2376
			    -311.2202
			    370.7658
			    231.2376
	==================================================================================
	Q3:
		Shape: Hybrid
		q_c:    72.0000    282.0000    429.5000
		ub :    80.2700    291.6589    438.4180
		lb :    63.7300    272.3411    420.5820
		P^-1: 
			    0.0460    -0.0187    -0.0211
			    -0.0187    0.0393    0.0177
			    -0.0211    0.0177    0.0436
		A:
			    0.8803    -0.2174    -0.4218
			    0.3246    -0.7209    -0.6123
			    0.7775    -0.5836    -0.2344
			    -0.0986    0.9750    0.1992
			    -0.7043    0.6955    -0.1421
			    -0.9335    0.1753    0.3130
		b:
			    -176.6371
			    -440.6560
			    -206.9286
			    356.9484
			    87.8274
			    119.3954
	==================================================================================
	Q4:
		Shape: Ellipse
		q_c:    95.0000    265.0000    454.5000
		ub :    103.2168    273.2629    461.4019
		lb :    86.7832    256.7371    447.5981
		P^-1: 
			    0.0320    0.0029    -0.0003
			    0.0029    0.0248    0.0009
			    -0.0003    0.0009    0.0330
	==================================================================================
	Q5:
		Shape: Hybrid
		q_c:    82.0000    270.5000    430.0000
		ub :    86.2456    276.1832    435.8180
		lb :    77.7544    264.8168    424.1820
		P^-1: 
			    0.1111    -0.0000    -0.0001
			    -0.0000    0.1013    -0.0226
			    -0.0001    -0.0226    0.0592
		A:
			    0.5871    0.6306    0.5075
			    0.8820    0.2588    0.3939
			    -0.1750    0.9839    0.0372
			    0.4861    0.8664    -0.1144
			    0.9292    -0.3305    0.1655
			    -0.4126    -0.8965    0.1615
		b:
			    439.3185
			    313.5763
			    269.5934
			    226.6503
			    59.4481
			    -205.2810
	==================================================================================
	Q6:
		Shape: Polyhedra
		q_c:    72.0000    290.5000    441.0000
		ub :    81.6981    296.1805    448.1804
		lb :    62.3019    284.8195    433.8196
		A:
			    0.0473    -0.9507    0.3066
			    -0.0663    0.9729    -0.2217
			    -0.6828    0.3264    0.6537
			    0.5580    0.2963    0.7751
			    0.5932    -0.3622    -0.7190
			    -0.0601    0.7413    -0.6684
			    0.2725    0.9583    0.0856
			    0.2724    0.0085    -0.9621
			    -0.9228    0.2855    -0.2588
			    -0.2725    -0.9583    -0.0856
			    -0.2724    -0.0085    0.9621
			    0.9228    -0.2855    0.2588
		b:
			    -132.9492
			    184.6297
			    339.9658
			    474.1896
			    -373.8777
			    -78.5160
			    339.2717
			    -397.2213
			    -89.6250
			    -332.2717
			    407.2213
			    105.6250


===========================================================================================
===========================================================================================
S8:
	q_c:    462.5000    213.0000    57.5000
	ub :    492.0000    228.0000    71.0000
	lb :    433.0000    198.0000    44.0000

	==================================================================================
	Q1:
		Shape: Ellipse
		q_c:    469.0000    197.5000    52.0000
		ub :    477.3649    207.0379    61.0948
		lb :    460.6351    187.9621    42.9052
		P^-1: 
			    0.0400    -0.0105    -0.0062
			    -0.0105    0.0351    -0.0009
			    -0.0062    -0.0009    0.0310
	==================================================================================
	Q2:
		Shape: Polyhedra
		q_c:    465.5000    204.5000    71.5000
		ub :    473.2297    211.0255    78.6476
		lb :    457.7703    197.9745    64.3524
		A:
			    0.0618    0.5389    -0.8401
			    0.6296    -0.7769    -0.0052
			    0.2579    0.6686    0.6974
			    0.1876    -0.4712    0.8618
			    -0.6598    -0.6133    -0.4343
			    -0.1434    -0.9894    -0.0211
			    0.4703    0.2107    0.8570
			    -0.5447    0.8333    0.0941
			    -0.6943    -0.5110    0.5067
			    -0.4703    -0.2107    -0.8570
			    0.5447    -0.8333    -0.0941
			    0.6943    0.5110    -0.5067
		b:
			    83.7674
			    137.3433
			    311.3650
			    57.3550
			    -458.6345
			    -266.3815
			    328.2998
			    -72.9309
			    -386.4822
			    -318.2998
			    79.9309
			    396.4822
	==================================================================================
	Q3:
		Shape: Hybrid
		q_c:    454.5000    199.0000    54.5000
		ub :    463.5707    204.1113    63.7773
		lb :    445.4293    193.8887    45.2227
		P^-1: 
			    0.0487    -0.0142    0.0311
			    -0.0142    0.0953    -0.0181
			    0.0311    -0.0181    0.0452
		A:
			    -0.4505    0.8208    -0.3513
			    -0.8325    0.5343    -0.1465
			    -0.3395    0.9359    -0.0938
			    -0.2894    -0.6993    -0.6537
			    0.1057    -0.8547    0.5082
			    0.8546    -0.3484    0.3851
		b:
			    -59.0043
			    -276.8383
			    28.7911
			    -303.2490
			    -92.2647
			    342.6138
	==================================================================================
	Q4:
		Shape: Ellipse
		q_c:    455.0000    214.0000    54.0000
		ub :    462.2209    222.5224    59.4800
		lb :    447.7791    205.4776    48.5200
		P^-1: 
			    0.0257    0.0052    0.0158
			    0.0052    0.0272    0.0389
			    0.0158    0.0389    0.1463
	==================================================================================
	Q5:
		Shape: Polyhedra
		q_c:    450.0000    224.0000    58.5000
		ub :    458.4879    231.2734    67.6146
		lb :    441.5121    216.7266    49.3854
		A:
			    0.1752    -0.7824    0.5976
			    -0.8411    -0.4966    -0.2145
			    0.9242    -0.2416    0.2958
			    -0.1115    -0.5353    -0.8373
			    -0.0164    -0.5002    -0.8657
			    0.6709    0.7312    -0.1239
			    0.4451    0.7751    0.4485
			    0.5031    0.1979    -0.8413
			    -0.7408    0.6001    -0.3019
			    -0.4451    -0.7751    -0.4485
			    -0.5031    -0.1979    0.8413
			    0.7408    -0.6001    0.3019
		b:
			    -56.2521
			    -497.4718
			    383.2710
			    -213.6911
			    -164.4659
			    463.9105
			    404.6372
			    228.5217
			    -212.6025
			    -395.6372
			    -214.5217
			    220.6025
	==================================================================================
	Q6:
		Shape: Polyhedra
		q_c:    478.0000    220.5000    55.0000
		ub :    487.1524    232.3284    64.9997
		lb :    468.8476    208.6716    45.0003
		A:
			    0.9984    -0.0056    -0.0561
			    0.3649    -0.5629    -0.7416
			    -0.8114    0.4085    -0.4181
			    -0.0565    -0.7836    -0.6187
			    -0.2505    0.9591    -0.1317
			    -0.6615    0.3113    0.6823
			    0.9060    0.4204    0.0492
			    0.0863    -0.2973    0.9509
			    0.4143    -0.8573    -0.3056
			    -0.9060    -0.4204    -0.0492
			    -0.0863    0.2973    -0.9509
			    -0.4143    0.8573    0.3056
		b:
			    479.0906
			    17.7711
			    -313.5171
			    -225.8899
			    92.7691
			    -202.2602
			    533.9727
			    35.5206
			    0.7092
			    -522.9727
			    -20.5206
			    16.2908


===========================================================================================
===========================================================================================
S9:
	q_c:    127.0000    271.0000    390.0000
	ub :    159.0000    292.0000    401.0000
	lb :    95.0000    250.0000    379.0000

	==================================================================================
	Q1:
		Shape: Polyhedra
		q_c:    134.0000    269.5000    396.0000
		ub :    140.1985    276.2457    401.2901
		lb :    127.8015    262.7543    390.7099
		A:
			    0.3929    0.4462    -0.8041
			    0.2729    0.9617    -0.0253
			    -0.1081    -0.9475    0.3008
			    -0.4818    -0.7908    -0.3775
			    -0.9088    0.1970    0.3679
			    0.1906    0.9207    0.3407
			    0.6123    0.7706    0.1768
			    -0.2548    0.4040    -0.8786
			    -0.7485    0.4929    0.4437
			    -0.6123    -0.7706    -0.1768
			    0.2548    -0.4040    0.8786
			    0.7485    -0.4929    -0.4437
		b:
			    -141.7554
			    290.4581
			    -146.3672
			    -422.2623
			    80.3010
			    413.2075
			    364.7409
			    -269.6733
			    211.2428
			    -354.7409
			    276.6733
			    -205.2428
	==================================================================================
	Q2:
		Shape: Hybrid
		q_c:    128.0000    278.0000    392.0000
		ub :    132.1591    283.2631    397.0506
		lb :    123.8409    272.7369    386.9494
		P^-1: 
			    0.2112    0.0688    0.0180
			    0.0688    0.1266    -0.0178
			    0.0180    -0.0178    0.0858
		A:
			    -0.9268    0.2949    -0.2324
			    0.7694    -0.3313    -0.5461
			    -0.0460    -0.9620    0.2691
			    0.9619    0.2368    0.1368
			    0.2138    0.5531    -0.8052
			    -0.8565    -0.4643    0.2254
		b:
			    -126.0125
			    -205.0962
			    -165.9103
			    243.6924
			    -132.5028
			    -149.2249
	==================================================================================
	Q3:
		Shape: Polyhedra
		q_c:    122.5000    264.0000    389.0000
		ub :    129.5843    269.6409    396.2449
		lb :    115.4157    258.3591    381.7551
		A:
			    0.4029    0.2444    -0.8820
			    0.1191    -0.9794    -0.1628
			    -0.5269    -0.8495    -0.0265
			    0.0238    0.7923    0.6096
			    -0.1322    0.9903    -0.0422
			    -0.9844    0.0685    -0.1618
			    0.6427    0.2399    0.7275
			    -0.7526    0.3750    0.5412
			    -0.1430    -0.8954    0.4216
			    -0.6427    -0.2399    -0.7275
			    0.7526    -0.3750    -0.5412
			    0.1430    0.8954    -0.4216
		b:
			    -225.0165
			    -303.5063
			    -295.5622
			    453.6764
			    232.3596
			    -160.7311
			    429.5894
			    222.3425
			    -86.9139
			    -420.5894
			    -212.3425
			    92.9139
	==================================================================================
	Q4:
		Shape: Polyhedra
		q_c:    133.0000    272.0000    389.0000
		ub :    136.6309    274.4269    392.2102
		lb :    129.3691    269.5731    385.7898
		A:
			    -0.1570    0.9751    -0.1566
			    -0.2206    0.7601    0.6112
			    0.3261    0.9453    -0.0018
			    0.6886    -0.0527    0.7233
			    0.8535    0.2106    0.4766
			    0.7704    -0.5879    0.2467
			    0.4313    0.5196    0.7375
			    -0.8995    0.1845    0.3960
			    0.0697    -0.8342    0.5470
			    -0.4313    -0.5196    -0.7375
			    0.8995    -0.1845    -0.3960
			    -0.0697    0.8342    -0.5470
		b:
			    184.7965
			    417.4867
			    301.3407
			    360.5612
			    358.5375
			    40.7778
			    487.6058
			    87.6011
			    -3.8612
			    -483.6058
			    -81.6011
			    5.8612
	==================================================================================
	Q5:
		Shape: Polyhedra
		q_c:    137.5000    281.5000    385.0000
		ub :    143.2179    287.4350    391.5699
		lb :    131.7821    275.5650    378.4301
		A:
			    0.8495    0.4615    0.2557
			    0.1358    0.6576    0.7410
			    0.4483    -0.8873    0.1083
			    0.4328    -0.6808    0.5910
			    -0.3413    0.6553    0.6738
			    0.4060    0.8999    -0.1590
			    0.5908    0.7396    0.3224
			    0.7344    -0.3275    -0.5944
			    -0.3341    0.5879    -0.7367
			    -0.5908    -0.7396    -0.3224
			    -0.7344    0.3275    0.5944
			    0.3341    -0.5879    0.7367
		b:
			    347.9133
			    492.0650
			    -142.0966
			    100.3456
			    400.2550
			    251.2705
			    416.0537
			    -216.5703
			    -159.0606
			    -411.0537
			    223.5703
			    169.0606
	==================================================================================
	Q6:
		Shape: Polyhedra
		q_c:    131.5000    269.0000    395.5000
		ub :    134.6877    273.8031    400.2895
		lb :    128.3123    264.1969    390.7105
		A:
			    0.6319    -0.1288    0.7643
			    0.2221    -0.5900    0.7763
			    0.7644    0.3397    -0.5480
			    0.5802    0.3754    0.7228
			    0.3712    0.1198    0.9208
			    0.6188    0.7801    0.0919
			    0.8749    0.2928    0.3859
			    -0.0652    -0.7182    0.6928
			    0.4800    -0.6312    -0.6093
			    -0.8749    -0.2928    -0.3859
			    0.0652    0.7182    -0.6928
			    -0.4800    0.6312    0.6093
		b:
			    352.8720
			    180.3853
			    -22.0820
			    465.1813
			    447.7030
			    329.7830
			    347.9172
			    75.2103
			    -344.1410
			    -344.9172
			    -69.2103
			    351.1410


===========================================================================================
===========================================================================================
S10:
	q_c:    415.5000    133.0000    500.0000
	ub :    444.0000    159.0000    520.0000
	lb :    387.0000    107.0000    480.0000

	==================================================================================
	Q1:
		Shape: Polyhedra
		q_c:    399.0000    127.0000    494.5000
		ub :    409.1456    136.0007    502.5238
		lb :    388.8544    117.9993    486.4762
		A:
			    -0.7328    -0.6789    0.0453
			    0.0392    0.9780    -0.2049
			    0.6686    0.7221    -0.1776
			    0.7760    0.6269    -0.0694
			    -0.3058    -0.5572    -0.7720
			    -0.5153    -0.7083    -0.4825
			    0.6032    0.7260    0.3301
			    -0.4809    0.0009    0.8768
			    0.6363    -0.6876    0.3497
			    -0.6032    -0.7260    -0.3301
