3D_40_11_6_e                l = 3

===========================================================================================
===========================================================================================
S1:
	q_c:	215.0	422.0	255.0
	ub :	225.5082	431.2965	267.0519
	lb :	199.2893	407.9162	239.8503

	==================================================================================
	Q1:
		Shape: Polyhedra
		q_c:	214.0	417.5	260.0
		ub :	219.7818	423.8105	264.5089
		lb :	208.2182	411.1895	255.4911
		A:
			0.4703	0.4185	-0.7769
			0.5457	-0.535	-0.645
			-0.299	-0.0526	0.9528
			0.7184	0.4313	-0.5458
			-0.156	0.6417	-0.7509
			-0.0306	-0.9993	0.0217
			0.4506	0.6983	0.5562
			0.8469	-0.5314	-0.0189
			0.2824	0.4796	-0.8308
			-0.4506	-0.6983	-0.5562
			-0.8469	0.5314	0.0189
			-0.2824	-0.4796	0.8308
		b:
			75.4701
			-270.5886
			164.4891
			194.6075
			41.6774
			-414.0635
			537.5756
			-42.0352
			46.6324
			-527.5756
			49.0352
			-42.6324
	==================================================================================
	Q2:
		Shape: Polyhedra
		q_c:	220.5	427.0	261.5
		ub :	225.5082	431.2209	267.0519
		lb :	215.4918	422.7791	255.9481
		A:
			0.3869	0.823	-0.4159
			0.9564	0.2737	0.1017
			0.8579	-0.0001	0.5138
			-0.6458	-0.5009	-0.5762
			-0.8533	-0.3449	-0.3911
			0.2656	-0.461	0.8467
			0.62	0.783	0.0496
			0.577	-0.4978	0.6475
			0.5317	-0.3729	-0.7605
			-0.62	-0.783	-0.0496
			-0.577	0.4978	-0.6475
			-0.5317	0.3729	0.7605
		b:
			329.937
			356.7356
			325.3889
			-504.7558
			-436.0101
			85.7672
			485.5231
			85.9646
			-235.3383
			-482.5231
			-81.9646
			246.3383
	==================================================================================
	Q3:
		Shape: Polyhedra
		q_c:	212.5	414.5	255.5
		ub :	220.8478	421.0838	262.2103
		lb :	204.1522	407.9162	248.7897
		A:
			-0.3653	-0.9271	-0.0845
			0.1644	0.6988	-0.6962
			0.4519	-0.7239	0.5212
			0.1481	0.7024	-0.6962
			-0.097	0.7801	-0.6181
			-0.1899	-0.8461	0.498
			0.4675	0.6302	0.62
			-0.0216	0.7093	-0.7046
			-0.8837	0.316	0.3451
			-0.4675	-0.6302	-0.62
			0.0216	-0.7093	0.7046
			0.8837	-0.316	-0.3451
		b:
			-478.9422
			148.6125
			-67.6192
			146.5377
			146.5473
			-261.5414
			524.4413
			110.8716
			37.8777
			-513.4413
			-107.8716
			-24.8777
	==================================================================================
	Q4:
		Shape: Polyhedra
		q_c:	212.0	425.0	247.5
		ub :	219.7899	431.2965	254.8996
		lb :	204.2101	418.7035	240.1004
		A:
			-0.2654	-0.0999	-0.959
			-0.341	-0.4037	-0.849
			-0.0077	0.8348	-0.5505
			0.4972	0.7801	-0.3797
			0.1999	-0.8758	0.4394
			-0.1979	-0.9764	-0.0871
			0.4629	0.8596	0.2166
			0.6025	-0.1259	-0.7881
			-0.6502	0.4953	-0.5762
			-0.4629	-0.8596	-0.2166
			-0.6025	0.1259	0.7881
			0.6502	-0.4953	0.5762
		b:
			-331.456
			-449.5796
			221.2951
			347.2867
			-216.7271
			-474.4043
			521.0435
			-115.8209
			-65.4538
			-513.0435
			125.8209
			74.4538
	==================================================================================
	Q5:
		Shape: Polyhedra
		q_c:	207.0	419.5	246.5
		ub :	214.7107	425.0888	253.1497
		lb :	199.2893	413.9112	239.8503
		A:
			0.317	0.7478	0.5833
			0.0711	0.4366	0.8968
			-0.3564	-0.6018	-0.7147
			-0.3391	-0.249	-0.9072
			0.4595	0.6931	0.5555
			0.3993	0.5111	0.7611
			0.2775	0.7303	0.6242
			0.7455	0.2461	-0.6194
			-0.606	0.6372	-0.4761
			-0.2775	-0.7303	-0.6242
			-0.7455	-0.2461	0.6194
			0.606	-0.6372	0.4761
		b:
			524.1725
			421.5274
			-501.0316
			-395.1995
			524.235
			486.5203
			518.6772
			110.3867
			30.0078
			-516.6772
			-99.3867
			-19.0078
	==================================================================================
	Q6:
		Shape: Hybrid
		q_c:	215.5	425.0	253.0
		ub :	217.6712	428.9531	256.9671
		lb :	213.3288	421.0469	249.0329
		P^-1:
			0.2499	-0.0024	-0.0023
			-0.0024	0.1626	-0.0841
			-0.0023	-0.0841	0.1691
		A:
			0.2119	0.0924	-0.9729
			0.4977	0.2961	0.8152
			-0.4291	0.7105	-0.5577
			0.9214	0.2291	0.3139
			0.7201	-0.2261	-0.656
			0.3627	0.1848	0.9134
		b:
			-159.5583
			441.3861
			69.4453
			376.647
			-105.2208
			389.7758


===========================================================================================
===========================================================================================
S2:
	q_c:	481.5	157.5	51.0
	ub :	487.163	163.0451	57.8857
	lb :	477.2979	150.9819	43.1724

	==================================================================================
	Q1:
		Shape: Polyhedra
		q_c:	484.0	154.5	54.5
		ub :	486.7405	158.0181	57.8857
		lb :	481.2595	150.9819	51.1143
		A:
			-0.7764	0.5453	0.316
			-0.0827	-0.8973	0.4336
			0.6221	0.5776	-0.5286
			0.4993	-0.1519	-0.853
			-0.6695	-0.6032	0.4335
			-0.0212	-0.9963	-0.0833
			0.1831	0.8622	0.4722
			0.777	0.1673	-0.6069
			-0.6023	0.4781	-0.6393
			-0.1831	-0.8622	-0.4722
			-0.777	-0.1673	0.6069
			0.6023	-0.4781	0.6393
		b:
			-272.4023
			-152.7824
			362.9157
			173.1798
			-392.1541
			-166.2484
			250.0879
			369.8402
			-249.9948
			-245.0879
			-367.8402
			254.9948
	==================================================================================
	Q2:
		Shape: Ellipse
		q_c:	480.0	158.0	49.0
		ub :	482.7021	160.7918	51.6574
		lb :	477.2979	155.2082	46.3426
		P^-1:
			0.4049	0.0395	0.0675
			0.0395	0.405	-0.0675
			0.0675	-0.0675	0.329
	==================================================================================
	Q3:
		Shape: Polyhedra
		q_c:	483.5	159.0	46.5
		ub :	486.8529	161.6084	49.8276
		lb :	480.1471	156.3916	43.1724
		A:
			-0.553	-0.8142	-0.177
			0.0594	-0.9845	-0.1653
			0.0189	0.3213	0.9468
			-0.7758	-0.3937	0.4931
			-0.0142	-0.153	0.9881
			-0.0606	-0.7946	-0.6041
			0.3623	0.6786	0.6389
			0.8948	-0.0613	-0.4422
			-0.2609	0.7319	-0.6294
			-0.3623	-0.6786	-0.6389
			-0.8948	0.0613	0.4422
			0.2609	-0.7319	0.6294
		b:
			-403.0185
			-133.6643
			106.2973
			-412.4385
			16.6344
			-181.7121
			314.7707
			404.8256
			-37.5393
			-310.7707
			-399.8256
			40.5393
	==================================================================================
	Q4:
		Shape: Hybrid
		q_c:	484.5	161.0	49.5
		ub :	487.1421	163.0451	52.1842
		lb :	481.8579	158.9549	46.8158
		P^-1:
			0.5819	0.058	0.4128
			0.058	0.4317	-0.0275
			0.4128	-0.0275	0.5909
		A:
			-0.6106	0.5479	-0.5717
			0.5225	-0.689	0.5023
			0.4304	-0.0901	-0.8981
			0.5272	0.1149	0.842
			0.598	0.767	0.2326
			-0.7115	-0.2784	-0.6452
		b:
			-235.208
			167.891
			151.4475
			316.2083
			425.578
			-420.9422
	==================================================================================
	Q5:
		Shape: Ellipse
		q_c:	485.0	159.0	49.0
		ub :	487.163	161.8619	51.8929
		lb :	482.837	156.1381	46.1071
		P^-1:
			0.4442	0.0054	-0.0044
			0.0054	0.3282	0.0952
			-0.0044	0.0952	0.3665
	==================================================================================
	Q6:
		Shape: Ellipse
		q_c:	482.5	155.5	54.0
		ub :	485.507	158.489	56.2524
		lb :	479.493	152.511	51.7476
		P^-1:
			0.25	-0.0	-0.0
			-0.0	0.25	-0.0
			-0.0	-0.0	0.25


===========================================================================================
===========================================================================================
S3:
	q_c:	119.5	147.0	107.0
	ub :	125.9476	154.2339	115.6162
	lb :	115.6679	138.7136	101.7056

	==================================================================================
	Q1:
		Shape: Polyhedra
		q_c:	121.5	143.5	106.5
		ub :	125.8674	148.09	110.491
		lb :	117.1326	138.91	102.509
		A:
			0.2215	-0.4562	0.8619
			0.6967	0.7092	-0.1078
			-0.763	-0.6398	0.0919
			0.2538	-0.9646	0.0714
			-0.9615	-0.1625	-0.2218
			0.6458	0.6549	-0.3926
			0.453	0.6764	0.5807
			0.7898	-0.6067	0.0905
			0.4135	0.4176	-0.8091
			-0.453	-0.6764	-0.5807
			-0.7898	0.6067	-0.0905
			-0.4135	-0.4176	0.8091
		b:
			55.778
			177.7176
			-171.9608
			-97.3565
			-161.0227
			133.2612
			216.9548
			21.0395
			26.5084
			-210.9548
			-16.0395
			-21.5084
	==================================================================================
	Q2:
		Shape: Polyhedra
		q_c:	120.5	141.5	104.5
		ub :	122.6287	144.2864	107.0371
		lb :	118.3713	138.7136	101.9629
		A:
			0.7941	-0.3733	-0.4797
			-0.2151	0.9116	0.3504
			-0.4734	0.8802	-0.0339
			-0.2294	-0.9725	0.0406
			0.938	-0.3456	-0.0249
			0.9443	-0.139	-0.2983
			0.1703	0.6485	0.7419
			0.2351	0.7044	-0.6697
			-0.9569	0.2885	-0.0325
			-0.1703	-0.6485	-0.7419
			-0.2351	-0.7044	0.6697
			0.9569	-0.2885	0.0325
		b:
			-5.6437
			141.5317
			65.5831
			-159.2822
			63.031
			64.4601
			191.8164
			59.5201
			-76.3856
			-187.8164
			-56.5201
			79.3856
	==================================================================================
	Q3:
		Shape: Hybrid
		q_c:	119.0	150.0	107.5
		ub :	121.5492	152.9169	110.4917
		lb :	116.4508	147.0831	104.5083
		P^-1:
			0.5378	-0.4079	-0.0906
			-0.4079	0.6005	0.0978
			-0.0906	0.0978	0.1817
		A:
			-0.0542	-0.974	-0.2201
			0.5537	-0.7614	-0.3371
			-0.5737	0.6597	0.4854
			-0.4598	0.8772	-0.1378
			-0.8428	0.1654	-0.5122
			0.0856	-0.9575	-0.2755
		b:
			-174.7977
			-83.943
			83.6324
			62.8929
			-128.9642
			-161.8427
	==================================================================================
	Q4:
		Shape: Polyhedra
		q_c:	122.5	144.0	105.5
		ub :	125.9476	146.4623	109.2944
		lb :	119.0524	141.5377	101.7056
		A:
			0.8365	-0.4917	-0.2418
			-0.1151	0.7642	-0.6347
			0.365	0.9309	-0.0171
			-0.786	-0.613	0.0797
			0.6326	0.2564	-0.7308
			-0.165	-0.2222	0.9609
			0.4282	0.1044	0.8976
			-0.8487	0.3876	0.3598
			-0.3103	-0.9159	0.2546
			-0.4282	-0.1044	-0.8976
			0.8487	-0.3876	-0.3598
			0.3103	0.9159	-0.2546
		b:
			8.1536
			31.0491
			178.5689
			-174.3234
			39.3146
			51.7274
			165.1923
			-8.1993
			-141.5459
			-159.1923
			12.1993
			144.5459
	==================================================================================
	Q5:
		Shape: Hybrid
		q_c:	118.5	149.0	108.0
		ub :	121.3321	152.2732	110.5313
		lb :	115.6679	145.7268	105.4687
		P^-1:
			0.7378	0.3113	-0.2278
			0.3113	0.268	-0.1318
			-0.2278	-0.1318	0.3554
		A:
			-0.6173	0.266	0.7404
			-0.316	-0.2885	-0.9038
			0.6746	0.5197	0.5243
			-0.9837	0.1034	0.1469
			-0.43	-0.1583	0.8888
			-0.2194	-0.0018	0.9756
		b:
			48.0084
			-176.4856
			215.3117
			-83.983
			22.4868
			80.4173
	==================================================================================
	Q6:
		Shape: Polyhedra
		q_c:	119.5	150.0	111.5
		ub :	123.2928	154.2339	115.6162
		lb :	115.7072	145.7661	107.3838
		A:
			-0.0021	0.0259	-0.9997
			-0.9083	0.413	0.0669
			-0.7747	0.5712	0.2712
			0.0244	-0.2714	0.9621
			0.1499	-0.3508	0.9244
			0.5706	0.4596	-0.6806
			0.7772	0.1847	0.6015
			-0.6264	0.1367	0.7674
			0.0595	-0.9732	0.222
			-0.7772	-0.1847	-0.6015
			0.6264	-0.1367	-0.7674
			-0.0595	0.9732	-0.222
		b:
			-105.3194
			-36.4304
			25.978
			72.1958
			71.2694
			63.8208
			190.6509
			33.2252
			-110.6256
			-184.6509
			-29.2252
			117.6256


===========================================================================================
===========================================================================================
S4:
	q_c:	436.5	168.5	302.0
	ub :	442.7742	173.0425	305.6176
	lb :	434.4829	163.1163	298.5931

	==================================================================================
	Q1:
		Shape: Polyhedra
		q_c:	439.0	169.0	302.0
		ub :	441.4419	171.6503	304.6582
		lb :	436.5581	166.3497	299.3418
		A:
			-0.5998	-0.7498	-0.2792
			-0.5836	-0.4462	0.6784
			0.9871	0.0187	-0.1589
			0.1211	-0.9527	0.2786
			0.629	-0.777	-0.0251
			-0.8	0.1208	-0.5877
			0.8967	0.4221	0.1337
			0.3105	-0.8148	0.4896
			0.3156	-0.3975	-0.8616
			-0.8967	-0.4221	-0.1337
			-0.3105	0.8148	-0.4896
			-0.3156	0.3975	0.8616
		b:
			-472.8043
			-125.0308
			390.1162
			-22.1917
			138.8987
			-506.7399
			506.8273
			147.9999
			-186.8601
			-503.8273
			-144.9999
			190.8601
	==================================================================================
	Q2:
		Shape: Hybrid
		q_c:	440.5	171.5	300.5
		ub :	442.7742	173.0425	302.392
		lb :	438.2258	169.9575	298.608
		P^-1:
			0.6394	0.2827	-0.7527
			0.2827	2.404	-1.535
			-0.7527	-1.535	2.2066
		A:
			0.1073	-0.8583	0.5018
			-0.7251	-0.1536	0.6713
			0.2142	0.8824	-0.419
			-0.1751	0.3481	0.921
			0.3025	-0.8908	0.3391
			0.0267	0.8212	-0.57
		b:
			51.262
			-143.3814
			120.1441
			260.266
			82.9116
			-18.3554
	==================================================================================
	Q3:
		Shape: Ellipse
		q_c:	438.5	165.5	303.5
		ub :	440.8739	167.8837	305.6176
		lb :	436.1261	163.1163	301.3824
		P^-1:
			0.6725	0.3618	-0.007
			0.3618	0.5932	0.0712
			-0.007	0.0712	0.4287
	==================================================================================
	Q4:
		Shape: Ellipse
		q_c:	436.0	170.0	301.0
		ub :	437.5171	171.6857	302.7294
		lb :	434.4829	168.3143	299.2706
		P^-1:
			2.4971	-1.477	0.6122
			-1.477	1.763	-0.8181
			0.6122	-0.8181	1.1843
	==================================================================================
	Q5:
		Shape: Hybrid
		q_c:	438.0	170.5	301.5
		ub :	440.8709	172.8554	304.4069
		lb :	435.1291	168.1446	298.5931
		P^-1:
			0.3322	0.0188	0.0942
			0.0188	0.4413	-0.0157
			0.0942	-0.0157	0.3654
		A:
			0.623	0.7816	-0.03
			-0.4171	0.0523	-0.9074
			0.2096	0.9066	-0.3663
			-0.6669	-0.4943	0.5576
			0.5232	-0.4592	0.7179
			0.11	0.6648	0.7388
		b:
			397.9432
			-446.5487
			136.6988
			-207.2022
			368.0831
			385.1696
	==================================================================================
	Q6:
		Shape: Hybrid
		q_c:	439.5	166.5	301.5
		ub :	441.3066	168.3232	303.1675
		lb :	437.6934	164.6768	299.8325
		P^-1:
			0.5275	0.169	-0.1034
			0.169	0.9396	0.037
			-0.1034	0.037	0.9774
		A:
			0.1198	0.9898	-0.0772
			-0.2768	0.0535	-0.9594
			0.0797	-0.9958	0.0443
			-0.2661	0.6551	-0.7072
			-0.6503	-0.2528	-0.7164
			0.7112	0.6969	-0.0923
		b:
			194.7015
			-401.3905
			-116.8286
			-220.3987
			-543.1452
			401.3918


===========================================================================================
===========================================================================================
S5:
	q_c:	250.0	254.5	297.0
	ub :	259.0396	262.8846	309.562
	lb :	235.1282	247.0146	286.4923

	==================================================================================
	Q1:
		Shape: Hybrid
		q_c:	252.0	256.0	298.5
		ub :	255.4606	260.0653	303.5915
		lb :	248.5394	251.9347	293.4085
		P^-1:
			0.346	-0.1529	0.0155
			-0.1529	0.2063	0.006
			0.0155	0.006	0.0527
		A:
			-0.6166	0.5277	-0.5842
			0.9899	-0.1295	0.0582
			0.4038	-0.7313	-0.5496
			-0.8574	-0.4033	-0.3198
			0.9031	-0.3952	-0.1682
			0.4263	0.1061	0.8984
		b:
			-192.5701
			234.8073
			-247.45
			-412.7872
			77.2467
			405.9163
	==================================================================================
	Q2:
		Shape: Ellipse
		q_c:	254.0	257.5	299.5
		ub :	259.0396	262.8846	303.5523
		lb :	248.9604	252.1154	295.4477
		P^-1:
			0.1054	-0.0153	-0.0199
			-0.0153	0.0792	-0.0224
			-0.0199	-0.0224	0.1491
	==================================================================================
	Q3:
		Shape: Ellipse
		q_c:	241.5	253.0	292.0
		ub :	247.8718	258.9854	297.2685
		lb :	235.1282	247.0146	286.7315
		P^-1:
			0.0769	0.0383	0.024
			0.0383	0.1036	0.0378
			0.024	0.0378	0.0914
	==================================================================================
	Q4:
		Shape: Polyhedra
		q_c:	250.0	256.0	290.5
		ub :	253.9738	257.9382	294.5077
		lb :	246.0262	254.0618	286.4923
		A:
			0.1475	-0.9726	-0.1796
			-0.1629	-0.6728	0.7217
			-0.4738	-0.8776	-0.0728
			0.1094	0.0499	-0.9927
			0.1763	-0.9367	0.3024
			-0.2045	-0.7573	0.6202
			0.6347	0.1246	0.7627
			-0.7658	-0.0307	0.6423
			0.1035	-0.9917	0.0759
			-0.6347	-0.1246	-0.7627
			0.7658	0.0307	-0.6423
			-0.1035	0.9917	-0.0759
		b:
			-262.6727
			-1.177
			-362.2201
			-245.5251
			-106.2571
			-62.8192
			415.1213
			-10.2158
			-204.4626
			-409.1213
			15.2158
			207.4626
	==================================================================================
	Q5:
		Shape: Ellipse
		q_c:	248.0	258.0	305.0
		ub :	252.6415	262.432	309.562
		lb :	243.3585	253.568	300.438
		P^-1:
			0.1174	-0.0423	0.0594
			-0.0423	0.2855	-0.1754
			0.0594	-0.1754	0.2151
	==================================================================================
	Q6:
		Shape: Polyhedra
		q_c:	251.0	257.5	299.5
		ub :	255.7963	262.2052	301.9811
		lb :	246.2037	252.7948	297.0189
		A:
			-0.9734	0.0647	-0.22
			-0.0098	0.9904	-0.1376
			-0.8338	0.2774	0.4773
			-0.4336	0.2555	-0.8641
			0.8719	-0.249	0.4217
			0.1859	-0.6866	-0.7028
			0.1065	0.0921	0.99
			-0.6392	0.769	-0.0028
			-0.7616	-0.6325	0.1408
			-0.1065	-0.0921	-0.99
			0.6392	-0.769	0.0028
			0.7616	0.6325	-0.1408
		b:
			-290.3935
			214.5629
			8.0898
			-299.5725
			283.9179
			-338.1215
			348.965
			39.7643
			-308.3833
			-344.965
			-33.7643
			315.3833


===========================================================================================
===========================================================================================
S6:
	q_c:	272.0	17.0	368.0
	ub :	291.9526	41.7958	379.2147
	lb :	251.7077	0.2935	347.2378

	==================================================================================
	Q1:
		Shape: Ellipse
		q_c:	282.0	11.5	366.5
		ub :	284.7516	16.3672	371.2374
		lb :	279.2484	6.6328	361.7626
		P^-1:
			0.4108	-0.0942	0.0198
			-0.0942	0.141	-0.0577
			0.0198	-0.0577	0.1152
	==================================================================================
	Q2:
		Shape: Ellipse
		q_c:	262.0	30.5	362.5
		ub :	272.2923	41.7958	372.4431
		lb :	251.7077	19.2042	352.5569
		P^-1:
			0.0225	0.0059	-0.0038
			0.0059	0.0253	-0.0039
			-0.0038	-0.0039	0.0234
	==================================================================================
	Q3:
		Shape: Hybrid
		q_c:	281.0	27.5	364.5
		ub :	289.6748	34.7809	373.4471
		lb :	272.3252	20.2191	355.5529
		P^-1:
			0.0663	0.0365	0.024
			0.0365	0.055	0.0206
			0.024	0.0206	0.0372
		A:
			-0.4484	-0.8847	-0.1277
			-0.8144	-0.2528	-0.5224
			0.4526	0.8111	-0.3706
			0.6014	0.7776	0.1835
			-0.5648	0.1651	0.8085
			-0.9633	-0.2452	-0.1094
		b:
			-194.3943
			-423.9956
			18.2064
			259.1877
			145.5223
			-314.6194
	==================================================================================
	Q4:
		Shape: Hybrid
		q_c:	276.5	25.0	372.0
		ub :	285.3272	33.8762	379.2147
		lb :	267.6728	16.1238	364.7853
		P^-1:
			0.0435	0.0101	-0.0129
			0.0101	0.0249	-0.0072
			-0.0129	-0.0072	0.0475
		A:
			0.777	0.4401	-0.45
			0.4168	-0.4908	-0.7651
			-0.8367	0.1815	0.5167
			0.2311	-0.7213	0.6529
			0.4869	0.4103	-0.7711
			0.8943	0.3877	-0.2234
		b:
			60.6223
			-177.961
			-31.5992
			292.7152
			-139.8272
			176.3209
	==================================================================================
	Q5:
		Shape: Hybrid
		q_c:	281.5	7.0	365.5
		ub :	291.9526	13.7065	376.3305
		lb :	271.0474	0.2935	354.6695
		P^-1:
			0.0332	0.0036	0.0143
			0.0036	0.0456	0.0029
			0.0143	0.0029	0.0244
		A:
			0.0948	-0.761	0.6417
			-0.9401	-0.0918	0.3283
			0.5307	0.6819	0.5034
			-0.6568	-0.5211	-0.5451
			-0.7923	-0.0731	-0.6058
			-0.558	0.3749	-0.7403
		b:
			259.5528
			-140.0485
			340.4599
			-385.4498
			-442.4292
			-422.004
	==================================================================================
	Q6:
		Shape: Ellipse
		q_c:	283.0	17.0	355.5
		ub :	291.7542	24.2963	363.7622
		lb :	274.2458	9.7037	347.2378
		P^-1:
			0.037	0.0019	-0.0029
			0.0019	0.0388	0.0018
			-0.0029	0.0018	0.0373


===========================================================================================
===========================================================================================
S7:
	q_c:	71.0	178.0	293.5
	ub :	87.2241	197.1681	302.8483
	lb :	59.9652	165.4363	278.2376

	==================================================================================
	Q1:
		Shape: Hybrid
		q_c:	65.0	174.5	300.0
		ub :	70.0348	179.2475	302.8483
		lb :	59.9652	169.7525	297.1517
		P^-1:
			0.1723	0.1435	-0.0807
			0.1435	0.2219	-0.0594
			-0.0807	-0.0594	0.3497
		A:
			0.5397	0.3382	0.7709
			0.3068	0.134	0.9423
			0.4663	0.1282	-0.8753
			-0.3698	-0.8264	0.4247
			0.0733	-0.7246	0.6852
			0.5529	0.0991	-0.8273
		b:
			326.9089
			327.3915
			-208.8578
			-39.655
			85.9694
			-193.72
	==================================================================================
	Q2:
		Shape: Polyhedra
		q_c:	79.5	187.5	287.5
		ub :	87.2241	197.1681	296.7624
		lb :	71.7759	177.8319	278.2376
		A:
			-0.6195	0.1579	0.769
			-0.911	-0.0806	-0.4043
			-0.647	0.4788	0.5934
			-0.9138	0.3521	-0.2023
			0.7547	0.033	-0.6552
			0.6666	0.0467	0.7439
			0.3197	0.2226	0.921
			0.2681	0.911	-0.3133
			-0.9088	0.3471	0.2316
			-0.3197	-0.2226	-0.921
			-0.2681	-0.911	0.3133
			0.9088	-0.3471	-0.2316
		b:
			206.5949
			-198.3498
			213.5828
			-60.2056
			-116.9792
			281.7797
			338.4448
			109.5605
			63.4056
			-325.4448
			-94.5605
			-55.4056
	==================================================================================
	Q3:
		Shape: Polyhedra
		q_c:	76.5	175.0	290.5
		ub :	82.7895	180.9891	296.8811
		lb :	70.2105	169.0109	284.1189
		A:
			-0.217	0.1266	0.9679
			0.4855	0.8722	0.0595
			0.0888	0.8529	-0.5145
			0.6154	0.6516	-0.4435
			0.1829	0.9829	-0.0194
			-0.5407	0.5242	-0.658
			0.3105	0.548	0.7767
			-0.0485	-0.8069	0.5887
			0.9493	-0.2205	-0.224
			-0.3105	-0.548	-0.7767
			0.0485	0.8069	-0.5887
			-0.9493	0.2205	0.224
		b:
			291.0454
			210.9663
			9.5918
			36.015
			183.9384
			-136.9588
			349.7879
			29.1081
			-26.0188
			-340.7879
			-23.1081
			36.0188
	==================================================================================
	Q4:
		Shape: Polyhedra
		q_c:	76.5	173.0	289.0
		ub :	80.1198	180.5637	296.5265
		lb :	72.8802	165.4363	281.4735
		A:
			-0.354	0.9339	0.0505
			-0.9573	-0.2865	-0.0393
			0.8683	0.4909	-0.0715
			-0.7526	0.0609	0.6557
			0.7682	-0.5791	-0.2731
			-0.713	-0.6729	-0.1973
			0.3189	0.6863	0.6537
			-0.0902	0.7085	-0.6999
			-0.9435	0.1642	0.2878
			-0.3189	-0.6863	-0.6537
			0.0902	-0.7085	0.6999
			0.9435	-0.1642	-0.2878
		b:
			153.6544
			-130.9515
			134.3774
			145.0071
			-117.649
			-223.1999
			337.5396
			-81.5952
			40.911
			-326.5396
			91.5952
			-37.911
	==================================================================================
	Q5:
		Shape: Polyhedra
		q_c:	66.5	183.5	285.0
		ub :	71.5286	189.3107	289.9899
		lb :	61.4714	177.6893	280.0101
		A:
			0.8896	-0.3862	-0.2437
			0.6357	-0.4911	-0.5956
			0.1901	-0.875	0.4452
			-0.4535	0.0876	0.8869
			0.5652	-0.7533	0.3364
			-0.6401	0.7246	0.2555
			0.6183	0.6572	0.4311
			0.7616	-0.3653	-0.5353
			-0.1943	0.6593	-0.7264
			-0.6183	-0.6572	-0.4311
			-0.7616	0.3653	0.5353
			0.1943	-0.6593	0.7264
		b:
			-79.2747
			-215.8004
			-18.2397
			240.6883
			-2.4979
			165.2129
			290.07
			-167.4542
			-96.4641
			-279.07
			170.4542
			101.4641
	==================================================================================
	Q6:
		Shape: Ellipse
		q_c:	67.0	171.0	292.5
		ub :	71.785	175.3961	297.0425
		lb :	62.215	166.6039	287.9575
		P^-1:
			0.1468	0.0195	0.0912
			0.0195	0.067	0.0211
			0.0912	0.0211	0.1612


===========================================================================================
===========================================================================================
S8:
	q_c:	81.0	438.5	357.0
	ub :	91.6944	444.4152	371.3637
	lb :	69.1203	422.0061	344.5913

	==================================================================================
	Q1:
		Shape: Hybrid
		q_c:	75.5	436.0	364.5
		ub :	81.3769	441.7944	370.0328
		lb :	69.6231	430.2056	358.9672
		P^-1:
			0.0625	-0.0073	-0.0158
			-0.0073	0.107	-0.0446
			-0.0158	-0.0446	0.1215
		A:
			0.7172	-0.6967	-0.0177
			-0.9972	-0.0152	-0.0735
			0.7998	-0.2056	-0.564
			0.5003	-0.453	0.7379
			0.3222	0.6396	-0.6979
			-0.0913	0.8672	0.4896
		b:
			-253.8671
			-105.7464
			-232.6074
			111.1865
			50.2331
			552.1727
	==================================================================================
	Q2:
		Shape: Polyhedra
		q_c:	75.0	436.5	362.0
		ub :	79.3858	441.2616	365.2656
		lb :	70.6142	431.7384	358.7344
		A:
			-0.1293	-0.1886	-0.9735
			-0.1835	0.8264	0.5324
			0.9084	0.396	0.1343
			0.8812	0.4157	0.2253
			-0.9565	-0.0399	0.2891
			-0.4666	-0.5067	-0.7249
			0.6662	0.4976	0.5555
			0.4043	0.3849	-0.8297
			-0.6267	0.7773	0.0553
			-0.6662	-0.4976	-0.5555
			-0.4043	-0.3849	0.8297
			0.6267	-0.7773	-0.0553
		b:
			-442.1947
			542.9346
			291.4062
			330.6995
			18.5465
			-517.2986
			469.2617
			-99.0123
			316.291
			-467.2617
			105.0123
			-308.291
	==================================================================================
	Q3:
		Shape: Hybrid
		q_c:	86.0	438.0	356.5
		ub :	91.0766	444.4152	361.0653
		lb :	80.9234	431.5848	351.9347
		P^-1:
			0.0775	-0.0097	-0.0097
			-0.0097	0.0639	-0.0432
			-0.0097	-0.0432	0.1402
		A:
			0.5936	-0.3175	0.7395
			-0.7006	0.312	-0.6417
			0.4654	-0.4413	0.7672
			-0.4976	0.6642	-0.558
			0.5002	0.3718	-0.782
			-0.6451	-0.3479	0.6803
		b:
			177.4111
			-150.443
			121.8326
			51.0021
			-71.3914
			36.4432
	==================================================================================
	Q4:
		Shape: Ellipse
		q_c:	80.5	435.5	350.5
		ub :	86.7092	441.5909	356.4087
		lb :	74.2908	429.4091	344.5913
		P^-1:
			0.0756	-0.004	0.0079
			-0.004	0.0789	0.0053
			0.0079	0.0053	0.0712
	==================================================================================
	Q5:
		Shape: Hybrid
		q_c:	87.5	432.5	351.5
		ub :	91.6944	437.3263	355.5338
		lb :	83.3056	427.6737	347.4662
		P^-1:
			1.7064	1.212	1.5244
			1.212	0.9539	1.0855
			1.5244	1.0855	1.5001
		A:
			-0.5523	-0.2866	-0.7828
			0.6953	0.5196	0.4966
			-0.5965	-0.6461	-0.4762
			-0.7698	-0.6382	0.0133
			0.6052	0.3354	0.7219
			-0.6129	-0.5888	-0.527
		b:
			-446.7382
			460.4933
			-498.3936
			-336.9483
			452.2766
			-493.0677
	==================================================================================
	Q6:
		Shape: Ellipse
		q_c:	76.0	429.0	365.5
		ub :	82.8797	435.9939	371.3637
		lb :	69.1203	422.0061	359.6363
		P^-1:
			0.0854	0.0137	-0.0533
			0.0137	0.0535	-0.0247
			-0.0533	-0.0247	0.1105


===========================================================================================
===========================================================================================
S9:
	q_c:	388.5	65.5	95.0
	ub :	396.4505	77.2273	107.34
	lb :	378.2673	51.5731	89.1722

	==================================================================================
	Q1:
		Shape: Hybrid
		q_c:	383.5	61.5	101.5
		ub :	388.7327	67.6283	106.3777
		lb :	378.2673	55.3717	96.6223
		P^-1:
			0.1338	0.0519	-0.0428
			0.0519	0.0747	-0.0668
			-0.0428	-0.0668	0.1857
		A:
			0.4347	0.2385	-0.8684
			-0.8689	0.3189	-0.3787
			-0.9073	-0.1578	-0.3897
			-0.9815	0.0781	0.175
			0.7051	0.5983	-0.3807
			0.633	-0.2197	0.7423
		b:
			94.4946
			-349.3494
			-395.2421
			-351.405
			269.9492
			306.6059
	==================================================================================
	Q2:
		Shape: Ellipse
		q_c:	385.5	67.5	103.5
		ub :	388.2637	71.3235	107.34
		lb :	382.7363	63.6765	99.66
		P^-1:
			0.333	-0.079	0.0585
			-0.079	0.2288	-0.1233
			0.0585	-0.1233	0.2437
	==================================================================================
	Q3:
		Shape: Polyhedra
		q_c:	385.0	72.5	98.5
		ub :	389.0846	76.5695	102.5042
		lb :	380.9154	68.4305	94.4958
		A:
			-0.3014	-0.4158	0.8581
			0.6385	0.7424	0.2029
			0.488	0.2747	0.8285
			0.8454	-0.5262	-0.0917
			0.9306	-0.0145	-0.3656
			-0.9388	-0.3115	0.1472
			0.8508	0.3829	0.36
			0.2841	-0.9113	0.298
			0.4422	-0.1513	-0.8841
			-0.8508	-0.3829	-0.36
			-0.2841	0.9113	-0.298
			-0.4422	0.1513	0.8841
		b:
			-58.9946
			322.2273
			291.9225
			281.066
			323.7432
			-367.0175
			393.2598
			75.6629
			74.6832
			-388.2598
			-69.6629
			-69.6832
	==================================================================================
	Q4:
		Shape: Polyhedra
		q_c:	383.5	57.0	101.5
		ub :	388.3073	61.6667	106.7234
		lb :	378.6927	52.3333	96.2766
		A:
			0.2076	-0.1409	0.968
			0.3181	-0.5267	-0.7883
			0.3865	-0.9169	-0.0996
			0.9873	0.098	-0.1253
			-0.0118	0.9949	-0.1004
			0.8525	0.381	0.358
			0.2578	0.8145	0.5198
			0.6282	0.2674	-0.7306
			-0.7341	0.5149	-0.4427
			-0.2578	-0.8145	-0.5198
			-0.6282	-0.2674	0.7306
			0.7341	-0.5149	0.4427
		b:
			172.8473
			15.1499
			88.5987
			374.599
			44.919
			387.8879
			201.0381
			185.5018
			-294.6192
			-195.0381
			-178.5018
			299.6192
	==================================================================================
	Q5:
		Shape: Polyhedra
		q_c:	391.5	73.0	94.0
		ub :	396.4505	77.2273	98.8278
		lb :	386.5495	68.7727	89.1722
		A:
			0.1663	0.3097	-0.9362
			-0.4042	0.5828	-0.7049
			-0.8214	0.4286	0.3764
			0.9487	0.3162	-0.0065
			-0.035	-0.0169	-0.9992
			0.5525	-0.4699	0.6884
			0.6577	0.2647	0.7053
			-0.7147	0.515	0.4732
			-0.2379	-0.8153	0.5279
			-0.6577	-0.2647	-0.7053
			0.7147	-0.515	-0.4732
			0.2379	0.8153	-0.5279
		b:
			2.2614
			-179.424
			-251.4145
			396.8223
			-105.9572
			249.4401
			346.0989
			-194.2419
			-101.0462
			-340.0989
			201.2419
			105.0462
	==================================================================================
	Q6:
		Shape: Ellipse
		q_c:	387.5	57.0	97.5
		ub :	392.8945	62.4269	100.9431
		lb :	382.1055	51.5731	94.0569
		P^-1:
			0.1439	0.0344	-0.1332
			0.0344	0.0765	-0.0022
			-0.1332	-0.0022	0.3846


===========================================================================================
===========================================================================================
S10:
	q_c:	20.5	194.0	267.5
	ub :	28.2311	204.0835	276.467
	lb :	13.3404	184.1279	259.4376

	==================================================================================
	Q1:
		Shape: Hybrid
		q_c:	21.5	193.0	270.0
		ub :	24.7909	197.1733	274.0044
		lb :	18.2091	188.8267	265.9956
		P^-1:
			0.1747	0.0162	0.0295
			0.0162	0.152	0.0581
			0.0295	0.0581	0.1944
		A:
			0.8197	0.0458	-0.571
			-0.4263	0.5556	-0.7138
			-0.3911	0.4434	0.8065
			-0.1736	0.2321	0.9571
			-0.6738	-0.0888	0.7335
			0.2164	-0.972	-0.0911
		b:
			-126.1064
			-92.8727
			296.2177
			300.7852
			168.0759
			-205.8873
	==================================================================================
	Q2:
		Shape: Ellipse
		q_c:	19.5	188.0	268.5
		ub :	23.3702	191.8721	272.3061
		lb :	15.6298	184.1279	264.6939
		P^-1:
			0.1753	0.0459	0.0519
			0.0459	0.2219	-0.0318
			0.0519	-0.0318	0.214
	==================================================================================
	Q3:
		Shape: Polyhedra
		q_c:	17.0	196.0	271.5
		ub :	20.6596	199.9387	274.3106
		lb :	13.3404	192.0613	268.6894
		A:
			0.3936	-0.1416	0.9083
			0.6385	-0.3767	0.6712
			0.9875	0.0067	-0.1573
			0.6856	-0.2078	0.6977
			0.014	0.0105	-0.9998
			-0.0513	-0.1807	-0.9822
			0.4904	0.8381	0.2389
			0.7478	-0.264	-0.6091
			-0.4475	0.4774	-0.7562
			-0.4904	-0.8381	-0.2389
			-0.7478	0.264	0.6091
			0.4475	-0.4774	0.7562
		b:
			227.003
			120.4197
			-22.283
			161.8707
			-267.5225
			-300.9479
			240.9657
			-202.4067
			-118.3532
			-233.9657
			206.4067
			120.3532
	==================================================================================
	Q4:
		Shape: Polyhedra
		q_c:	24.5	200.5	273.5
		ub :	28.2311	204.0835	276.467
		lb :	20.7689	196.9165	270.533
		A:
			-0.2355	0.5454	0.8044
			0.1312	0.7306	-0.6701
			0.7513	-0.1926	-0.6312
			-0.2878	-0.0663	0.9554
			-0.8979	-0.2275	0.3768
			0.0229	0.1105	0.9936
			0.2359	0.7264	0.6455
			0.4281	0.5186	-0.7401
			-0.8724	0.4509	-0.1886
			-0.2359	-0.7264	-0.6455
			-0.4281	-0.5186	0.7401
			0.8724	-0.4509	0.1886
		b:
			325.6275
			-31.8321
			-190.5832
			242.5894
			37.6282
			296.3016
			329.9693
			-86.4477
			20.4383
			-325.9693
			89.4477
			-14.4383
	==================================================================================
	Q5:
		Shape: Ellipse
		q_c:	18.0	190.5	263.0
		ub :	21.2761	194.4887	266.5624
		lb :	14.7239	186.5113	259.4376
		P^-1:
			0.16	0.0	-0.0
			0.0	0.16	0.0
			-0.0	0.0	0.16
	==================================================================================
	Q6:
		Shape: Polyhedra
		q_c:	24.0	192.0	267.0
		ub :	26.8096	196.0891	270.8121
		lb :	21.1904	187.9109	263.1879
		A:
			0.573	-0.0035	-0.8196
			0.9298	0.3553	0.0959
			-0.5406	-0.024	-0.8409
			0.3013	0.4467	-0.8424
			0.0859	0.952	0.2938
			-0.7762	0.1729	-0.6063
			0.0666	0.8194	0.5694
			-0.0421	0.5724	-0.8189
			-0.9969	0.0306	0.0726
			-0.0666	-0.8194	-0.5694
			0.0421	-0.5724	0.8189
			0.9969	-0.0306	-0.0726
		b:
			-203.2162
			118.8229
			-239.4783
			-129.8378
			266.6798
			-144.9187
			314.4412
			-107.7396
			3.8377
			-307.4412
			111.7396
			1.1623


===========================================================================================
===========================================================================================
S11:
	q_c:	364.5	230.5	400.5
	ub :	379.8385	245.3307	409.707
	lb :	354.9934	216.7094	388.0147

	==================================================================================
	Q1:
		Shape: Ellipse
		q_c:	371.0	239.0	396.0
		ub :	378.9084	245.3307	403.0562
		lb :	363.0916	232.6693	388.9438
		P^-1:
			0.0473	0.0169	0.0078
			0.0169	0.0732	-0.002
			0.0078	-0.002	0.0436
	==================================================================================
	Q2:
		Shape: Polyhedra
		q_c:	365.0	224.0	393.5
		ub :	371.2877	230.4219	398.3613
		lb :	358.7123	217.5781	388.6387
		A:
			-0.3125	-0.086	0.946
			0.0	0.3123	0.95
			0.1031	-0.9095	0.4028
			-0.4984	0.8563	-0.1355
			0.8643	0.0828	0.4961
			0.9446	0.1895	-0.2678
			0.6529	0.5384	0.5328
			0.5412	0.1605	-0.8254
			-0.5299	0.8273	-0.1866
			-0.6529	-0.5384	-0.5328
			-0.5412	-0.1605	0.8254
			0.5299	-0.8273	0.1866
		b:
			241.5238
			446.7975
			-2.9983
			-38.4509
			533.1354
			285.0088
			572.0596
			-88.8125
			-76.5187
			-565.0596
			93.8125
			86.5187
	==================================================================================
	Q3:
		Shape: Polyhedra
		q_c:	373.0	229.5	392.5
		ub :	377.4539	234.2461	396.9853
		lb :	368.5461	224.7539	388.0147
		A:
			0.8986	-0.4315	0.0798
			-0.7621	-0.369	0.532
			0.992	0.0487	0.1165
			0.4504	0.441	0.7764
			-0.0109	0.2636	0.9646
			0.7321	0.5836	0.3514
			0.7902	0.3847	0.477
			0.282	0.4628	-0.8404
			-0.5441	0.7986	0.2572
			-0.7902	-0.3847	-0.477
			-0.282	-0.4628	0.8404
			0.5441	-0.7986	-0.2572
		b:
			270.2967
			-157.2858
			429.545
			576.5099
			437.8882
			547.4437
			572.777
			-115.4666
			84.2729
			-567.777
			121.4666
			-78.2729
	==================================================================================
	Q4:
		Shape: Ellipse
		q_c:	360.5	237.5	401.5
		ub :	366.0066	245.0094	408.7489
		lb :	354.9934	229.9906	394.2511
		P^-1:
			0.095	0.0221	-0.0199
			0.0221	0.0489	-0.008
			-0.0199	-0.008	0.0472
	==================================================================================
	Q5:
		Shape: Hybrid
		q_c:	375.0	221.0	405.0
		ub :	379.8385	225.2906	409.707
		lb :	370.1615	216.7094	400.293
		P^-1:
			0.1353	-0.0221	-0.0289
			-0.0221	0.1402	-0.0259
			-0.0289	-0.0259	0.1262
		A:
			-0.641	0.0189	0.7673
			-0.7111	0.5884	0.3849
			-0.1331	0.9635	-0.2321
			-0.3616	0.5477	0.7545
			-0.2071	-0.1958	0.9585
			-0.2033	0.6448	-0.7369
		b:
			75.8308
			20.5466
			70.336
			292.6007
			268.7479
			-230.838
	==================================================================================
	Q6:
		Shape: Polyhedra
		q_c:	371.0	232.0	401.5
		ub :	376.657	238.7042	407.2019
		lb :	365.343	225.2958	395.7981
		A:
			-0.7798	-0.5949	0.1949
			0.0005	0.3876	0.9218
			0.1743	-0.9804	-0.0919
			0.0967	-0.9909	-0.0939
			-0.7237	0.109	-0.6814
			-0.0878	-0.4115	-0.9072
			0.237	0.5839	0.7765
			0.2349	0.7411	-0.629
			-0.9427	0.3314	0.0385
			-0.237	-0.5839	-0.7765
			-0.2349	-0.7411	0.629
			0.9427	-0.3314	-0.0385
		b:
			-344.8273
			463.8315
			-195.6713
			-227.6733
			-512.925
			-488.6906
			538.629
			11.033
			-253.4131
			-531.629
			-2.033
			261.4131


===========================================================================================
===========================================================================================
