3D_40_25_6_a                l = 3

===========================================================================================
===========================================================================================
S1:
	q_c:	426.5	318.0	25.0
	ub :	431.5068	324.5008	40.0358
	lb :	405.0453	294.2536	2.0476

	==================================================================================
	Q1:
		Shape: Hybrid
		q_c:	412.0	312.5	12.0
		ub :	418.9547	318.5819	15.1962
		lb :	405.0453	306.4181	8.8038
		P^-1:
			0.0397	-0.0203	0.0101
			-0.0203	0.1019	0.105
			0.0101	0.105	0.4122
		A:
			-0.2184	-0.125	-0.9678
			-0.1823	0.4731	-0.8619
			0.0953	-0.5088	0.8556
			0.7217	-0.4583	-0.5187
			-0.4937	0.7222	0.4844
			-0.6197	-0.4663	0.6313
		b:
			-139.6301
			64.5012
			-107.1443
			150.9505
			30.2717
			-389.0076
	==================================================================================
	Q2:
		Shape: Hybrid
		q_c:	421.5	318.0	9.0
		ub :	426.2912	324.5008	15.9524
		lb :	416.7088	311.4992	2.0476
		P^-1:
			0.1104	-0.0658	-0.0488
			-0.0658	0.1452	0.0816
			-0.0488	0.0816	0.0847
		A:
			0.0576	-0.8583	-0.51
			-0.2594	0.7427	0.6173
			0.7142	-0.6738	-0.1897
			0.3256	-0.7922	-0.5161
			0.8508	-0.3824	-0.3605
			0.4294	-0.6326	-0.6445
		b:
			-251.6817
			133.6492
			86.6837
			-118.2027
			235.3686
			-24.7714
	==================================================================================
	Q3:
		Shape: Ellipse
		q_c:	417.0	302.0	34.0
		ub :	424.2929	309.7464	40.0358
		lb :	409.7071	294.2536	27.9642
		P^-1:
			0.0444	0.0073	0.0105
			0.0073	0.0521	0.0174
			0.0105	0.0174	0.0651
	==================================================================================
	Q4:
		Shape: Ellipse
		q_c:	415.0	314.5	12.5
		ub :	423.5815	322.5515	21.2569
		lb :	406.4185	306.4485	3.7431
		P^-1:
			0.0418	0.0008	-0.0081
			0.0008	0.0331	-0.0007
			-0.0081	-0.0007	0.0406
	==================================================================================
	Q5:
		Shape: Ellipse
		q_c:	417.0	315.5	10.0
		ub :	421.7858	320.5178	14.396
		lb :	412.2142	310.4822	5.604
		P^-1:
			0.1747	-0.0463	-0.0697
			-0.0463	0.1047	0.0347
			-0.0697	0.0347	0.1339
	==================================================================================
	Q6:
		Shape: Hybrid
		q_c:	423.5	314.0	25.0
		ub :	431.5068	322.3286	31.1014
		lb :	415.4932	305.6714	18.8986
		P^-1:
			0.0558	-0.0133	-0.0257
			-0.0133	0.0427	-0.0215
			-0.0257	-0.0215	0.0956
		A:
			0.2808	-0.0359	-0.9591
			0.0674	0.0732	0.995
			-0.6045	0.7965	0.0125
			0.3102	0.1336	0.9412
			-0.9982	0.0404	0.0451
			0.7265	0.0383	-0.6861
		b:
			85.5756
			79.2115
			-2.8631
			200.4977
			-405.5601
			304.3878


===========================================================================================
===========================================================================================
S2:
	q_c:	375.5	101.0	218.5
	ub :	397.218	122.7299	242.0841
	lb :	364.8481	78.6378	203.1526

	==================================================================================
	Q1:
		Shape: Polyhedra
		q_c:	385.5	112.0	228.5
		ub :	392.9502	122.7299	237.8973
		lb :	378.0498	101.2701	219.1027
		A:
			-0.9635	0.075	-0.257
			0.7871	0.3192	0.5278
			0.2499	-0.5366	-0.806
			0.3405	-0.449	-0.8261
			0.026	0.0772	0.9967
			-0.8141	0.1876	0.5496
			0.6946	0.2407	0.678
			-0.0457	0.9552	-0.2924
			-0.718	0.1722	0.6744
			-0.6946	-0.2407	-0.678
			0.0457	-0.9552	0.2924
			0.718	-0.1722	-0.6744
		b:
			-416.0962
			465.7917
			-142.7874
			-103.0585
			251.8073
			-163.1398
			455.6302
			31.5654
			-99.3925
			-443.6302
			-13.5654
			107.3925
	==================================================================================
	Q2:
		Shape: Hybrid
		q_c:	372.0	104.0	227.5
		ub :	379.1519	112.0548	234.3453
		lb :	364.8481	95.9452	220.6547
		P^-1:
			0.0882	0.0442	0.0477
			0.0442	0.0619	0.0304
			0.0477	0.0304	0.0778
		A:
			0.3428	0.278	0.8974
			0.9353	0.2292	0.2698
			0.4552	0.4623	0.7609
			-0.9665	-0.0147	-0.2563
			-0.5771	-0.5468	0.6066
			0.2827	0.6997	0.6561
		b:
			362.6442
			435.3549
			392.1558
			-416.5051
			-129.924
			329.4406
	==================================================================================
	Q3:
		Shape: Hybrid
		q_c:	387.0	89.5	236.0
		ub :	397.218	98.9606	242.0841
		lb :	376.782	80.0394	229.9159
		P^-1:
			0.0278	0.0215	0.0056
			0.0215	0.0477	0.015
			0.0056	0.015	0.0693
		A:
			-0.1068	-0.8752	-0.4718
			0.4535	0.4304	0.7804
			-0.2712	-0.1545	0.95
			-0.064	-0.0815	0.9946
			0.2923	-0.4022	0.8676
			-0.48	-0.7062	-0.5206
		b:
			-228.1754
			400.2652
			107.9046
			204.9412
			285.8041
			-369.8902
	==================================================================================
	Q4:
		Shape: Ellipse
		q_c:	374.5	86.5	220.0
		ub :	382.6622	93.3346	226.5489
		lb :	366.3378	79.6654	213.4511
		P^-1:
			0.0706	0.001	-0.0642
			0.001	0.048	-0.0168
			-0.0642	-0.0168	0.1112
	==================================================================================
	Q5:
		Shape: Polyhedra
		q_c:	389.0	94.0	213.0
		ub :	397.122	103.7145	222.8474
		lb :	380.878	84.2855	203.1526
		A:
			-0.0379	0.6208	-0.783
			-0.0292	0.9221	0.3858
			0.845	-0.2649	0.4645
			-0.7636	-0.6092	-0.2139
			-0.9647	-0.0624	0.256
			0.1908	-0.9439	-0.2695
			0.5738	0.5831	0.5752
			-0.7814	0.6001	0.1711
			-0.2454	-0.5476	0.7999
			-0.5738	-0.5831	-0.5752
			0.7814	-0.6001	-0.1711
			0.2454	0.5476	-0.7999
		b:
			-115.8982
			162.536
			407.7553
			-394.1478
			-321.3122
			-67.0316
			406.0149
			-207.1034
			30.9337
			-395.0149
			215.1034
			-15.9337
	==================================================================================
	Q6:
		Shape: Polyhedra
		q_c:	378.0	87.0	220.5
		ub :	389.5686	95.3622	229.4322
		lb :	366.4314	78.6378	211.5678
		A:
			0.9373	0.3373	0.0874
			-0.2443	0.705	0.6658
			0.3455	0.2358	-0.9083
			0.5218	-0.5931	-0.6131
			-0.1333	0.965	0.2258
			-0.4112	0.7139	0.5669
			0.3976	0.1661	0.9024
			-0.8488	-0.307	0.4305
			0.3486	-0.9371	0.0189
			-0.3976	-0.1661	-0.9024
			0.8488	0.307	-0.4305
			-0.3486	0.9371	-0.0189
		b:
			411.1748
			121.418
			-41.4572
			16.9103
			88.4308
			37.5041
			369.2338
			-243.6116
			59.3909
			-358.2338
			261.6116
			-49.3909


===========================================================================================
===========================================================================================
S3:
	q_c:	396.5	289.0	126.5
	ub :	414.4112	311.9436	149.4915
	lb :	378.4971	262.1415	109.2961

	==================================================================================
	Q1:
		Shape: Ellipse
		q_c:	395.0	298.5	140.5
		ub :	405.2263	308.8711	148.726
		lb :	384.7737	288.1289	132.274
		P^-1:
			0.0273	-0.0042	0.0053
			-0.0042	0.0287	-0.0062
			0.0053	-0.0062	0.0314
	==================================================================================
	Q2:
		Shape: Hybrid
		q_c:	389.5	301.5	133.5
		ub :	400.3835	311.9436	144.8592
		lb :	378.6165	291.0564	122.1408
		P^-1:
			0.0217	0.0003	0.008
			0.0003	0.01	0.0002
			0.008	0.0002	0.0172
		A:
			0.9018	-0.2251	-0.3688
			0.8816	0.1508	0.4473
			0.8778	-0.4536	0.1543
			0.8277	0.2784	0.4873
			-0.7948	-0.1737	-0.5815
			0.0074	-0.8597	0.5108
		b:
			239.9913
			451.7944
			230.4347
			474.7835
			-436.4433
			-181.5072
	==================================================================================
	Q3:
		Shape: Ellipse
		q_c:	403.5	274.5	137.0
		ub :	414.4112	282.9164	149.4645
		lb :	392.5888	266.0836	124.5355
		P^-1:
			0.032	0.0067	0.0088
			0.0067	0.0283	0.003
			0.0088	0.003	0.0124
	==================================================================================
	Q4:
		Shape: Polyhedra
		q_c:	390.5	278.5	117.0
		ub :	398.7524	286.695	124.7039
		lb :	382.2476	270.305	109.2961
		A:
			0.3613	-0.9008	-0.241
			-0.7021	-0.6335	0.3251
			0.3769	-0.1527	0.9136
			0.3139	0.9274	-0.2034
			-0.6672	0.2094	-0.7148
			0.3812	-0.4591	0.8025
			0.7954	0.5889	0.143
			0.4376	-0.7214	0.5368
			0.4193	-0.3644	-0.8315
			-0.7954	-0.5889	-0.143
			-0.4376	0.7214	-0.5368
			-0.4193	0.3644	0.8315
		b:
			-132.9415
			-407.5622
			216.4071
			361.8811
			-281.1645
			119.5036
			496.3654
			37.2719
			-29.5359
			-486.3654
			-28.2719
			40.5359
	==================================================================================
	Q5:
		Shape: Hybrid
		q_c:	389.5	274.5	136.5
		ub :	398.5929	286.8585	149.4915
		lb :	380.4071	262.1415	123.5085
		P^-1:
			0.0321	-0.0104	-0.0047
			-0.0104	0.0216	0.0048
			-0.0047	0.0048	0.011
		A:
			-0.8544	0.4706	0.2202
			-0.477	0.8749	-0.0844
			0.9026	-0.2733	0.3325
			0.9007	0.4331	0.0327
			0.4034	-0.2278	-0.8862
			-0.2377	-0.7291	-0.6418
		b:
			-171.0508
			46.9825
			326.3301
			479.0609
			-20.3289
			-374.672
	==================================================================================
	Q6:
		Shape: Polyhedra
		q_c:	386.5	286.5	132.0
		ub :	394.5029	295.7631	140.1015
		lb :	378.4971	277.2369	123.8985
		A:
			-0.2121	0.2191	0.9524
			0.4714	0.4878	-0.7347
			-0.8014	-0.3061	0.5139
			-0.3907	-0.2585	0.8835
			0.3804	-0.3805	-0.8429
			0.6781	-0.6745	-0.292
			0.9016	0.3877	0.1917
			0.0937	-0.6079	0.7885
			0.4222	-0.6929	-0.5844
			-0.9016	-0.3877	-0.1917
			-0.0937	0.6079	-0.7885
			-0.4222	0.6929	0.5844
		b:
			112.8531
			229.3163
			-324.3703
			-103.5213
			-66.2634
			37.4152
			489.8613
			-30.3605
			-104.979
			-479.8613
			37.3605
			119.979


===========================================================================================
===========================================================================================
S4:
	q_c:	59.5	90.0	42.5
	ub :	72.4529	99.5264	55.396
	lb :	45.1046	77.0976	26.7535

	==================================================================================
	Q1:
		Shape: Hybrid
		q_c:	67.0	91.5	46.0
		ub :	72.4529	95.6282	51.445
		lb :	61.5471	87.3718	40.555
		P^-1:
			0.148	0.1175	0.1201
			0.1175	0.2302	0.1349
			0.1201	0.1349	0.1973
		A:
			0.1664	0.8748	0.4551
			-0.6407	-0.3244	-0.6959
			0.5009	0.3823	0.7765
			0.7111	0.6991	0.0747
			-0.6055	-0.7949	0.0391
			0.6815	0.5798	0.4465
		b:
			113.4564
			-103.4715
			105.3209
			116.9172
			-109.5014
			120.3215
	==================================================================================
	Q2:
		Shape: Ellipse
		q_c:	59.5	84.0	48.5
		ub :	66.954	90.6656	55.396
		lb :	52.046	77.3344	41.604
		P^-1:
			0.0559	-0.0088	-0.0052
			-0.0088	0.0508	-0.007
			-0.0052	-0.007	0.0584
	==================================================================================
	Q3:
		Shape: Ellipse
		q_c:	62.0	95.0	38.0
		ub :	67.158	99.5264	43.0237
		lb :	56.842	90.4736	32.9763
		P^-1:
			0.2164	-0.1834	0.0055
			-0.1834	0.2884	-0.0496
			0.0055	-0.0496	0.1001
	==================================================================================
	Q4:
		Shape: Polyhedra
		q_c:	51.5	83.0	46.5
		ub :	57.8954	88.9024	51.6326
		lb :	45.1046	77.0976	41.3674
		A:
			0.0828	-0.3191	-0.9441
			-0.16	0.7446	0.648
			0.5959	-0.6272	-0.5015
			0.4009	0.6793	-0.6146
			-0.4049	0.4108	-0.8169
			0.2966	-0.9295	-0.2194
			0.6579	0.6488	0.3824
			-0.3927	-0.1377	0.9093
			0.6426	-0.7484	0.1642
			-0.6579	-0.6488	-0.3824
			0.3927	0.1377	-0.9093
			-0.6426	0.7484	-0.1642
		b:
			-62.4856
			87.6056
			-41.573
			51.9914
			-21.4914
			-68.4866
			110.5149
			13.6245
			-18.3829
			-100.5149
			-7.6245
			24.3829
	==================================================================================
	Q5:
		Shape: Polyhedra
		q_c:	55.5	91.5	33.5
		ub :	62.7278	99.1392	40.2465
		lb :	48.2722	83.8608	26.7535
		A:
			0.7796	0.1257	0.6135
			0.7731	0.581	-0.2543
			0.8324	0.5099	-0.2171
			-0.563	-0.2449	-0.7894
			-0.225	-0.9574	-0.1809
			0.5539	0.0609	0.8304
			0.6159	0.6182	0.4884
			-0.7847	0.5363	0.3107
			-0.0698	-0.5746	0.8154
			-0.6159	-0.6182	-0.4884
			0.7847	-0.5363	-0.3107
			0.0698	0.5746	-0.8154
		b:
			79.0836
			91.5727
			89.7765
			-76.8318
			-102.2341
			67.6276
			110.1076
			22.429
			-25.1373
			-104.1076
			-9.429
			33.1373
	==================================================================================
	Q6:
		Shape: Ellipse
		q_c:	56.5	85.5	38.0
		ub :	61.9357	89.4654	43.3604
		lb :	51.0643	81.5346	32.6396
		P^-1:
			0.0857	-0.0199	0.0485
			-0.0199	0.3425	-0.1596
			0.0485	-0.1596	0.1767


===========================================================================================
===========================================================================================
S5:
	q_c:	283.0	278.5	211.0
	ub :	293.1021	283.2975	218.692
	lb :	274.5745	267.1689	207.2385

	==================================================================================
	Q1:
		Shape: Polyhedra
		q_c:	289.5	276.0	210.5
		ub :	293.1021	279.7778	213.6406
		lb :	285.8979	272.2222	207.3594
		A:
			-0.1165	-0.9022	0.4153
			-0.0751	-0.9894	0.1239
			-0.4091	-0.8719	0.2691
			0.5589	-0.5471	0.6232
			-0.5683	0.8026	0.1812
			-0.8781	0.2561	-0.4041
			0.7585	0.5311	0.3776
			0.6493	-0.6649	-0.3691
			0.055	0.5252	-0.8492
			-0.7585	-0.5311	-0.3776
			-0.6493	0.6649	0.3691
			-0.055	-0.5252	0.8492
		b:
			-193.439
			-266.5919
			-300.3739
			143.9064
			97.6032
			-266.2399
			448.161
			-70.7318
			-16.3855
			-443.161
			75.7318
			19.3855
	==================================================================================
	Q2:
		Shape: Polyhedra
		q_c:	286.0	273.5	215.5
		ub :	288.5215	277.3466	218.0158
		lb :	283.4785	269.6534	212.9842
		A:
			0.6306	0.2787	-0.7244
			0.7852	-0.2151	-0.5807
			-0.7735	0.3066	0.5547
			0.5811	0.1434	-0.8011
			0.821	0.2881	-0.4928
			0.124	-0.1567	0.9798
			0.5951	0.1699	0.7855
			-0.7886	-0.0651	0.6115
			0.1551	-0.9833	0.0952
			-0.5951	-0.1699	-0.7855
			0.7886	0.0651	-0.6115
			-0.1551	0.9833	-0.0952
		b:
			101.8008
			41.9569
			-16.2364
			33.9419
			208.6464
			205.6999
			387.9396
			-110.5765
			-200.5583
			-383.9396
			112.5765
			207.5583
	==================================================================================
	Q3:
		Shape: Hybrid
		q_c:	281.5	274.5	214.0
		ub :	284.7221	277.8873	216.957
		lb :	278.2779	271.1127	211.043
		P^-1:
			0.1124	0.0097	0.0181
			0.0097	0.1853	0.1383
			0.0181	0.1383	0.369
		A:
			0.6169	0.3533	-0.7033
			-0.0909	0.6045	0.7914
			0.0997	-0.3437	-0.9338
			0.3936	0.321	0.8614
			0.3013	0.4397	-0.8461
			-0.0178	-0.5917	-0.8059
		b:
			122.205
			310.56
			-265.2736
			384.2869
			26.39
			-339.1237
	==================================================================================
	Q4:
		Shape: Polyhedra
		q_c:	284.5	279.0	211.5
		ub :	289.0871	283.2975	215.747
		lb :	279.9129	274.7025	207.253
		A:
			0.5082	-0.6273	0.5902
			0.4017	-0.5153	0.757
			0.0714	0.5249	-0.8482
			0.0335	-0.164	0.9859
			-0.3372	0.6733	-0.658
			-0.5974	-0.6068	0.5242
			0.3684	0.6853	0.6282
			0.9292	-0.2493	-0.2729
			-0.0304	0.6843	-0.7286
			-0.3684	-0.6853	-0.6282
			-0.9292	0.2493	0.2729
			0.0304	-0.6843	0.7286
		b:
			96.5296
			132.5753
			-10.9853
			174.6031
			-45.4308
			-225.9118
			432.3745
			140.5627
			29.6771
			-425.3745
			-133.5627
			-26.6771
	==================================================================================
	Q5:
		Shape: Ellipse
		q_c:	281.5	272.5	212.5
		ub :	285.0899	277.8311	217.7615
		lb :	277.9101	267.1689	207.2385
		P^-1:
			0.16	0.0013	-0.0011
			0.0013	0.1023	0.0479
			-0.0011	0.0479	0.1202
	==================================================================================
	Q6:
		Shape: Polyhedra
		q_c:	278.5	277.5	214.5
		ub :	282.4255	280.7571	218.692
		lb :	274.5745	274.2429	210.308
		A:
			0.6492	-0.4778	0.5918
			-0.0984	0.9548	0.2805
			0.1835	-0.9647	-0.1889
			-0.1352	0.8729	0.4688
			0.6849	0.6333	0.3604
			0.0899	0.3714	-0.9241
			0.5706	0.8081	0.1465
			0.7752	-0.5888	0.2287
			0.271	-0.0169	-0.9624
			-0.5706	-0.8081	-0.1465
			-0.7752	0.5888	-0.2287
			-0.271	0.0169	0.9624
		b:
			177.4575
			300.171
			-254.762
			307.8271
			446.2897
			-66.8184
			417.0663
			103.5464
			-132.1534
			-412.0663
			-99.5464
			139.1534


===========================================================================================
===========================================================================================
S6:
	q_c:	321.5	472.0	513.0
	ub :	344.3161	494.6303	526.3551
	lb :	300.3347	449.0435	492.6915

	==================================================================================
	Q1:
		Shape: Hybrid
		q_c:	322.0	456.0	510.5
		ub :	329.9535	462.9565	518.8251
		lb :	314.0465	449.0435	502.1749
		P^-1:
			0.0319	0.0115	0.0157
			0.0115	0.2885	0.205
			0.0157	0.205	0.1728
		A:
			-0.0387	0.8606	0.5078
			0.292	0.6327	0.7172
			0.4165	-0.3381	-0.8439
			0.5765	0.7754	0.2576
			0.4347	0.7824	0.446
			-0.2198	0.8968	0.3839
		b:
			640.1843
			750.2304
			-446.5259
			674.3071
			726.6599
			535.9215
	==================================================================================
	Q2:
		Shape: Ellipse
		q_c:	333.5	485.5	513.0
		ub :	344.3161	494.497	522.6137
		lb :	322.6839	476.503	503.3863
		P^-1:
			0.0266	0.0185	0.0065
			0.0185	0.0471	0.0118
			0.0065	0.0118	0.0223
	==================================================================================
	Q3:
		Shape: Hybrid
		q_c:	317.0	462.5	505.5
		ub :	326.5626	470.0886	516.5654
		lb :	307.4374	454.9114	494.4346
		P^-1:
			0.0433	0.0285	0.005
			0.0285	0.1247	-0.0569
			0.005	-0.0569	0.0505
		A:
			-0.629	-0.6563	0.4167
			-0.8863	0.3124	-0.3418
			-0.6026	0.6766	-0.4232
			0.1366	0.8189	-0.5575
			-0.6707	-0.7223	0.1687
			-0.6643	0.2282	-0.7118
		b:
			-289.3754
			-305.0095
			-88.4199
			141.6419
			-459.256
			-461.7974
	==================================================================================
	Q4:
		Shape: Ellipse
		q_c:	314.5	486.5	511.0
		ub :	324.0614	494.6303	520.2537
		lb :	304.9386	478.3697	501.7463
		P^-1:
			0.0982	0.1002	0.0333
			0.1002	0.1443	0.0633
			0.0333	0.0633	0.0586
	==================================================================================
	Q5:
		Shape: Polyhedra
		q_c:	306.5	481.5	520.0
		ub :	312.6653	488.7249	526.3551
		lb :	300.3347	474.2751	513.6449
		A:
			-0.698	0.567	0.4373
			-0.0668	-0.0675	-0.9955
			0.4128	0.5519	0.7246
			-0.1148	0.2772	0.9539
			0.082	0.3861	0.9188
			-0.9001	-0.1764	-0.3985
			0.5227	0.2501	0.815
			0.2412	0.8736	-0.4227
			-0.8177	0.4175	0.3963
			-0.5227	-0.2501	-0.815
			-0.2412	-0.8736	0.4227
			0.8177	-0.4175	-0.3963
		b:
			290.4933
			-567.0828
			772.3307
			597.8258
			692.0514
			-564.5781
			707.4227
			280.2496
			160.4793
			-701.4227
			-269.2496
			-152.4793
	==================================================================================
	Q6:
		Shape: Hybrid
		q_c:	320.5	467.0	504.5
		ub :	333.004	477.4561	516.3085
		lb :	307.996	456.5439	492.6915
		P^-1:
			0.022	-0.0087	0.0074
			-0.0087	0.0268	-0.0086
			0.0074	-0.0086	0.0206
		A:
			-0.2537	-0.2323	-0.939
			-0.9138	0.3248	-0.2437
			-0.5489	0.6567	-0.5172
			0.4918	-0.8675	-0.075
			0.7217	-0.239	0.6496
			-0.6154	0.7833	0.0875
		b:
			-658.2986
			-260.4405
			-127.6985
			-281.5306
			450.7698
			216.5607


===========================================================================================
===========================================================================================
S7:
	q_c:	133.5	383.0	412.5
	ub :	149.5203	408.4754	439.0299
	lb :	105.7633	368.9018	387.5712

	==================================================================================
	Q1:
		Shape: Ellipse
		q_c:	117.5	392.5	402.5
		ub :	129.2367	407.761	417.4288
		lb :	105.7633	377.239	387.5712
		P^-1:
			0.0147	-0.0022	-0.0016
			-0.0022	0.0135	0.0026
			-0.0016	0.0026	0.0119
	==================================================================================
	Q2:
		Shape: Polyhedra
		q_c:	132.5	378.0	413.0
		ub :	137.2274	381.6512	422.869
		lb :	127.7726	374.3488	403.131
		A:
			0.1238	0.6607	0.7403
			-0.7507	-0.6548	-0.0877
			-0.8413	-0.4973	-0.2119
			-0.7297	-0.6726	-0.1231
			0.7265	0.6745	0.1313
			-0.5045	-0.8628	0.0323
			0.7197	0.6867	0.1023
			0.681	-0.7269	0.0885
			0.1351	0.006	-0.9908
			-0.7197	-0.6867	-0.1023
			-0.681	0.7269	-0.0885
			-0.1351	-0.006	0.9908
		b:
			578.8518
			-382.1419
			-385.3489
			-400.7585
			406.4827
			-377.8632
			398.1818
			-144.0022
			-379.5388
			-396.1818
			152.0022
			398.5388
	==================================================================================
	Q3:
		Shape: Polyhedra
		q_c:	138.0	397.5	400.0
		ub :	149.5203	405.6391	406.1817
		lb :	126.4797	389.3609	393.8183
		A:
			-0.0992	0.1368	0.9856
			0.1697	-0.1178	0.9784
			0.3338	-0.065	0.9404
			0.2858	-0.9243	-0.2529
			0.7062	-0.7078	-0.0179
			0.0009	-0.9987	-0.0507
			0.9345	0.3344	0.1224
			-0.3059	0.578	0.7565
			0.1822	-0.7444	0.6424
			-0.9345	-0.3344	-0.1224
			0.3059	-0.578	-0.7565
			-0.1822	0.7444	-0.6424
		b:
			438.5188
			372.2083
			401.7212
			-425.5614
			-185.6196
			-412.2788
			321.3335
			493.6452
			-10.3025
			-300.3335
			-486.6452
			17.3025
	==================================================================================
	Q4:
		Shape: Polyhedra
		q_c:	141.0	388.5	430.5
		ub :	146.1804	396.3128	439.0299
		lb :	135.8196	380.6872	421.9701
		A:
			0.0786	0.6048	0.7925
			0.881	0.1793	0.4379
			0.5583	-0.3837	-0.7356
			-0.548	0.6611	-0.5124
			-0.6662	0.2496	0.7027
			-0.4238	0.5026	0.7535
			0.6723	0.6261	0.395
			0.7395	-0.5926	-0.3193
			0.0342	0.5067	-0.8614
			-0.6723	-0.6261	-0.395
			-0.7395	0.5926	0.3193
			-0.0342	-0.5067	0.8614
		b:
			591.3812
			386.214
			-382.5202
			-35.2633
			310.1944
			464.1915
			511.5789
			-259.9155
			-162.1498
			-504.5789
			266.9155
			176.1498
	==================================================================================
	Q5:
		Shape: Polyhedra
		q_c:	123.0	373.5	423.0
		ub :	130.0432	378.0982	429.5921
		lb :	115.9568	368.9018	416.4079
		A:
			-0.1723	0.9697	0.173
			-0.8648	0.0252	0.5014
			0.5017	-0.5155	0.6947
			0.133	-0.8625	-0.4882
			-0.61	-0.6758	0.4137
			0.1931	0.8328	0.5188
			0.9187	0.17	0.3565
			0.2582	-0.9415	-0.2166
			0.2988	0.291	-0.9088
			-0.9187	-0.17	-0.3565
			-0.2582	0.9415	0.2166
			-0.2988	-0.291	0.9088
		b:
			416.7156
			119.8501
			167.5857
			-509.4984
			-147.9019
			557.8186
			332.7917
			-408.9954
			-234.4811
			-321.7917
			413.9954
			243.4811
	==================================================================================
	Q6:
		Shape: Hybrid
		q_c:	130.5	399.5	411.0
		ub :	138.7768	408.4754	420.7869
		lb :	122.2232	390.5246	401.2131
		P^-1:
			0.0363	-0.0249	-0.01
			-0.0249	0.0588	0.0168
			-0.01	0.0168	0.0247
		A:
			-0.6761	0.7289	-0.1078
			0.5697	-0.7231	-0.3906
			0.0865	-0.7172	-0.6915
			-0.3424	0.8757	0.3404
			-0.7696	0.6009	0.2159
			-0.551	0.8281	-0.1032
		b:
			161.446
			-373.236
			-556.2999
			447.0072
			230.6316
			219.2014


===========================================================================================
===========================================================================================
S8:
	q_c:	67.5	137.5	488.0
	ub :	71.7477	144.9051	495.8375
	lb :	57.6502	130.3618	482.0604

	==================================================================================
	Q1:
		Shape: Polyhedra
		q_c:	64.0	134.5	486.5
		ub :	65.7617	135.7278	487.8959
		lb :	62.2383	133.2722	485.1041
		A:
			0.6235	-0.76	0.1834
			0.6844	-0.6665	0.2958
			0.7943	-0.2504	-0.5535
			0.4813	-0.8625	0.1561
			-0.03	-0.9574	-0.2871
			-0.5316	0.8339	-0.1481
			0.8412	0.4662	0.274
			0.2639	0.0884	-0.9605
			-0.472	0.8803	-0.0487
			-0.8412	-0.4662	-0.274
			-0.2639	-0.0884	0.9605
			0.472	-0.8803	0.0487
		b:
			27.5173
			98.7607
			-251.1641
			-8.755
			-269.4128
			6.6129
			251.3464
			-437.5014
			65.0118
			-248.3464
			439.5014
			-64.0118
	==================================================================================
	Q2:
		Shape: Hybrid
		q_c:	69.0	137.5	486.0
		ub :	71.7477	141.2389	489.9396
		lb :	66.2523	133.7611	482.0604
		P^-1:
			0.5592	-0.3449	-0.2395
			-0.3449	0.4328	0.2318
			-0.2395	0.2318	0.2791
		A:
			0.8014	-0.5842	0.1284
			-0.1898	0.1811	0.965
			-0.9969	-0.0772	-0.0136
			0.2309	-0.8719	-0.4318
			-0.7977	0.5991	-0.0698
			-0.4743	0.5393	0.6958
		b:
			38.5731
			482.5713
			-84.4969
			-312.7231
			-5.4549
			380.444
	==================================================================================
	Q3:
		Shape: Polyhedra
		q_c:	61.5	135.0	491.5
		ub :	65.3498	138.4689	494.7038
		lb :	57.6502	131.5311	488.2962
		A:
			-0.2333	0.6081	0.7588
			0.9654	0.1745	-0.1937
			-0.3461	0.8249	0.4469
			-0.7209	0.6878	-0.0851
			0.5591	-0.1625	-0.813
			0.0327	-0.3074	0.951
			0.3883	0.0562	0.9198
			-0.831	0.4527	0.3232
			-0.3982	-0.8899	0.2225
			-0.3883	-0.0562	-0.9198
			0.831	-0.4527	-0.3232
			0.3982	0.8899	-0.2225
		b:
			443.0223
			-9.7861
			312.1805
			9.1496
			-384.7762
			430.0615
			485.5575
			171.3447
			-32.7578
			-481.5575
			-166.3447
			37.7578
	==================================================================================
	Q4:
		Shape: Ellipse
		q_c:	66.0	133.5	493.0
		ub :	69.06	136.6382	495.8375
		lb :	62.94	130.3618	490.1625
		P^-1:
			0.5492	0.0326	-0.399
			0.0326	0.2349	-0.0974
			-0.399	-0.0974	0.6258
	==================================================================================
	Q5:
		Shape: Hybrid
		q_c:	64.5	140.0	487.0
		ub :	67.2785	143.6169	490.2127
		lb :	61.7215	136.3831	483.7873
		P^-1:
			0.247	0.0118	-0.0109
			0.0118	0.2031	0.0434
			-0.0109	0.0434	0.2098
		A:
			-0.2205	0.263	0.9393
			0.5632	0.133	0.8155
			0.9676	-0.171	0.1857
			0.471	-0.114	-0.8747
			-0.7476	0.6456	0.1561
			0.8601	-0.3048	-0.409
		b:
			481.1114
			453.2808
			130.011
			-410.4851
			119.331
			-185.3685
	==================================================================================
	Q6:
		Shape: Polyhedra
		q_c:	66.5	141.0	486.5
		ub :	70.2855	144.9051	490.845
		lb :	62.7145	137.0949	482.155
		A:
			-0.2959	0.919	-0.2604
			-0.1424	-0.9542	0.2629
			-0.5914	-0.2461	0.7679
			0.8885	-0.0742	0.4529
			-0.8169	0.4792	0.3211
			0.9703	-0.2343	0.0608
			0.1637	0.8976	0.4092
			0.888	0.0466	-0.4575
			-0.4298	0.4382	-0.7895
			-0.1637	-0.8976	-0.4092
			-0.888	-0.0466	0.4575
			0.4298	-0.4382	0.7895
		b:
			-14.0561
			-13.2901
			302.0629
			271.5049
			172.0534
			63.5438
			339.5196
			-154.4605
			-348.3611
			-333.5196
			159.4605
			353.3611


===========================================================================================
===========================================================================================
S9:
	q_c:	443.5	73.5	330.0
	ub :	466.405	106.926	354.2082
	lb :	421.1499	52.795	300.4488

	==================================================================================
	Q1:
		Shape: Polyhedra
		q_c:	446.0	67.5	345.5
		ub :	457.0397	78.8182	354.2082
		lb :	434.9603	56.1818	336.7918
		A:
			0.306	-0.4171	-0.8558
			-0.8014	-0.1612	0.5761
			-0.9826	-0.0887	0.1633
			0.3815	-0.189	0.9048
			-0.4787	0.81	-0.3388
			-0.8833	0.1743	-0.4352
			0.5312	0.7414	0.4102
			0.6782	-0.6622	0.3187
			0.5079	0.1089	-0.8545
			-0.5312	-0.7414	-0.4102
			-0.6782	0.6622	-0.3187
			-0.5079	-0.1089	0.8545
		b:
			-182.011
			-164.7505
			-381.503
			476.3551
			-268.8374
			-525.1343
			437.1643
			374.8646
			-57.8596
			-420.1643
			-360.8646
			64.8596
	==================================================================================
	Q2:
		Shape: Hybrid
		q_c:	456.0	72.5	317.0
		ub :	466.405	82.4816	327.2403
		lb :	445.595	62.5184	306.7597
		P^-1:
			0.0302	-0.0086	0.0032
			-0.0086	0.0316	-0.0011
			0.0032	-0.0011	0.0223
		A:
			0.6147	-0.6052	0.5059
			-0.4215	-0.1046	0.9008
			0.4318	0.4511	0.7811
			-0.9573	0.2611	0.1239
			-0.3859	0.4796	0.7881
			-0.2417	0.7808	-0.5762
		b:
			399.5235
			90.2136
			481.1939
			-375.1079
			112.5212
			-233.0099
	==================================================================================
	Q3:
		Shape: Polyhedra
		q_c:	434.5	66.0	335.5
		ub :	447.8501	72.8662	348.8271
		lb :	421.1499	59.1338	322.1729
		A:
			0.3495	-0.9367	-0.0199
			0.2037	-0.9597	0.1934
			0.9366	-0.0916	0.3381
			-0.3438	0.9378	-0.048
			-0.4553	0.7784	-0.4322
			-0.1012	-0.9515	0.2904
			0.7789	0.3399	0.527
			-0.5759	0.0548	0.8157
			0.2484	-0.9389	0.2385
			-0.7789	-0.3399	-0.527
			0.5759	-0.0548	-0.8157
			-0.2484	0.9389	-0.2385
		b:
			87.6045
			93.5958
			522.7656
			-99.6253
			-287.049
			-4.7395
			546.69
			36.5838
			129.4462
			-528.69
			-17.5838
			-122.4462
	==================================================================================
	Q4:
		Shape: Hybrid
		q_c:	440.5	90.5	315.0
		ub :	457.0972	106.926	329.5512
		lb :	423.9028	74.074	300.4488
		P^-1:
			0.0105	0.0009	0.0023
			0.0009	0.0115	0.0028
			0.0023	0.0028	0.0119
		A:
			0.6568	0.7499	0.0798
			0.8077	0.2082	0.5517
			0.1165	0.7746	-0.6217
			0.4288	0.6989	0.5725
			0.2335	0.0929	0.9679
			0.9473	-0.3188	0.0325
		b:
			387.658
			553.0402
			-67.6763
			436.5502
			421.1528
			404.6819
	==================================================================================
	Q5:
		Shape: Polyhedra
		q_c:	437.5	70.0	337.0
		ub :	452.7622	87.205	353.0116
		lb :	422.2378	52.795	320.9884
		A:
			0.8663	0.499	-0.0228
			0.3192	0.8697	-0.3765
			0.8611	-0.4539	-0.229
			-0.8538	-0.2842	0.4362
			0.3487	-0.8722	-0.343
			-0.1654	0.6491	-0.7425
			0.8214	0.4116	0.3948
			-0.1839	-0.464	0.8665
			0.5398	-0.7844	-0.3055
			-0.8214	-0.4116	-0.3948
			0.1839	0.464	-0.8665
			-0.5398	0.7844	0.3055
		b:
			415.5281
			83.9344
			278.4539
			-236.4769
			-13.1865
			-266.6135
			530.2261
			189.5649
			89.3222
			-512.2261
			-168.5649
			-67.3222
	==================================================================================
	Q6:
		Shape: Hybrid
		q_c:	452.5	85.0	337.0
		ub :	463.4435	93.161	348.0085
		lb :	441.5565	76.839	325.9915
		P^-1:
			0.0272	0.0053	0.0101
			0.0053	0.0276	0.0046
			0.0101	0.0046	0.0244
		A:
			0.5	-0.8359	-0.2263
			-0.5034	-0.7024	0.5032
			-0.1926	-0.9519	-0.2382
			-0.7411	-0.0964	-0.6644
			-0.9564	0.2001	-0.2127
			-0.1829	-0.4985	-0.8474
		b:
			83.2993
			-113.3089
			-245.0776
			-564.6811
			-483.6425
			-407.229


===========================================================================================
===========================================================================================
S10:
	q_c:	161.5	28.5	255.5
	ub :	181.8522	48.4268	274.9468
	lb :	158.8135	14.8512	241.9978

	==================================================================================
	Q1:
		Shape: Ellipse
		q_c:	168.5	40.5	267.5
		ub :	176.8202	48.4268	274.9468
		lb :	160.1798	32.5732	260.0532
		P^-1:
			0.0393	0.0005	0.0029
			0.0005	0.0397	-0.0019
			0.0029	-0.0019	0.0288
	==================================================================================
	Q2:
		Shape: Polyhedra
		q_c:	165.5	20.5	261.0
		ub :	171.6077	26.1488	266.3892
		lb :	159.3923	14.8512	255.6108
		A:
			0.2383	-0.4563	-0.8573
			0.2485	0.4788	0.842
			-0.0535	-0.2047	0.9774
			0.2908	-0.2227	-0.9305
			0.9959	0.0872	-0.0257
			-0.7086	0.2169	0.6714
			0.9795	0.115	0.1657
			-0.1454	-0.1668	0.9752
			0.1398	-0.9793	-0.1467
			-0.9795	-0.115	-0.1657
			0.1454	0.1668	-0.9752
			-0.1398	0.9793	0.1467
		b:
			-189.4816
			275.0756
			246.0458
			-195.2087
			164.8744
			66.8265
			212.6988
			231.0513
			-30.7196
			-202.6988
			-223.0513
			39.7196
	==================================================================================
	Q3:
		Shape: Hybrid
		q_c:	173.5	38.0	262.0
		ub :	181.8522	43.1605	270.3798
		lb :	165.1478	32.8395	253.6202
		P^-1:
			0.031	0.0014	0.008
			0.0014	0.0492	-0.0016
			0.008	-0.0016	0.0328
		A:
			0.9137	-0.059	-0.4022
			-0.6276	0.3618	-0.6894
			0.3835	-0.6242	-0.6806
			-0.8664	-0.3977	0.3018
			0.228	-0.325	0.9178
			-0.1506	0.8638	-0.4808
		b:
			55.0358
			-273.078
			-131.8993
			-82.6606
			270.6459
			-116.8807
	==================================================================================
	Q4:
		Shape: Ellipse
		q_c:	167.0	26.0	259.5
		ub :	175.1865	35.6842	269.3819
		lb :	158.8135	16.3158	249.6181
		P^-1:
			0.0588	0.0278	0.0064
			0.0278	0.044	0.0069
			0.0064	0.0069	0.0229
	==================================================================================
	Q5:
		Shape: Hybrid
		q_c:	167.5	25.0	245.0
		ub :	171.6385	29.9294	248.0022
		lb :	163.3615	20.0706	241.9978
		P^-1:
			0.1394	-0.0423	-0.0009
			-0.0423	0.123	-0.1123
			-0.0009	-0.1123	0.4046
		A:
			-0.1046	0.2087	-0.9724
			0.9812	-0.183	0.0617
			-0.4533	-0.2278	0.8617
			0.0692	0.0181	-0.9974
			0.4609	-0.6841	0.5654
			-0.4351	0.5734	-0.6942
		b:
			-249.6907
			176.817
			130.6222
			-231.282
			199.9161
			-227.5555
	==================================================================================
	Q6:
		Shape: Hybrid
		q_c:	167.0	39.5	253.0
		ub :	175.0513	45.6871	259.7986
		lb :	158.9487	33.3129	246.2014
		P^-1:
			0.0328	-0.0238	0.0036
			-0.0238	0.1727	-0.0991
			0.0036	-0.0991	0.1176
		A:
			0.1834	0.7062	-0.6839
			-0.512	-0.8209	-0.253
			0.7852	-0.5717	-0.2379
			-0.1949	-0.9069	0.3736
			0.0507	-0.5092	-0.8592
			0.7049	0.6472	-0.2903
		b:
			-113.0197
			-177.2351
			51.9116
			28.2095
			-225.0245
			73.9308


===========================================================================================
===========================================================================================
S11:
	q_c:	126.0	115.0	133.0
	ub :	142.4537	133.0124	148.198
	lb :	112.1022	106.4381	119.0035

	==================================================================================
	Q1:
		Shape: Ellipse
		q_c:	131.0	118.0	125.0
		ub :	136.5252	123.4337	128.7799
		lb :	125.4748	112.5663	121.2201
		P^-1:
			0.3037	0.0618	-0.4064
			0.0618	0.0908	-0.0381
			-0.4064	-0.0381	0.7567
	==================================================================================
	Q2:
		Shape: Ellipse
		q_c:	132.5	126.0	128.5
		ub :	140.0312	133.0124	132.9943
		lb :	124.9688	118.9876	124.0057
		P^-1:
			0.1196	-0.1103	0.0233
			-0.1103	0.1383	-0.0335
			0.0233	-0.0335	0.0915
	==================================================================================
	Q3:
		Shape: Ellipse
		q_c:	125.0	121.5	125.5
		ub :	131.1182	125.7687	131.9965
		lb :	118.8818	117.2313	119.0035
		P^-1:
			0.0567	0.0073	0.0045
			0.0073	0.1492	-0.0314
			0.0045	-0.0314	0.066
	==================================================================================
	Q4:
		Shape: Polyhedra
		q_c:	133.0	115.5	135.5
		ub :	142.4537	124.5619	143.4343
		lb :	123.5463	106.4381	127.5657
		A:
			0.3042	-0.9495	0.0763
			0.1142	-0.9934	-0.0134
			-0.8559	0.1288	-0.5009
			0.3431	-0.9357	0.082
			0.0562	-0.7457	0.6639
			-0.4169	0.4074	-0.8126
			0.7127	0.6744	0.193
			0.3452	-0.5767	0.7405
			0.6107	-0.4611	-0.6438
			-0.7127	-0.6744	-0.193
			-0.3452	0.5767	-0.7405
			-0.6107	0.4611	0.6438
		b:
			-53.7627
			-95.966
			-161.9873
			-46.2402
			15.1762
			-114.853
			204.8345
			83.1362
			-52.7656
			-192.8345
			-76.1362
			65.7656
	==================================================================================
	Q5:
		Shape: Ellipse
		q_c:	118.0	114.0	137.0
		ub :	123.8978	120.0442	142.5468
		lb :	112.1022	107.9558	131.4532
		P^-1:
			0.066	-0.0095	0.0082
			-0.0095	0.0885	-0.0223
			0.0082	-0.0223	0.0816
	==================================================================================
	Q6:
		Shape: Hybrid
		q_c:	120.5	112.5	143.5
		ub :	125.0789	117.3341	148.198
		lb :	115.9211	107.6659	138.802
		P^-1:
			0.1038	0.034	0.0093
			0.034	0.134	0.0143
			0.0093	0.0143	0.0855
		A:
			-0.7351	-0.1543	-0.6601
			0.7691	-0.1782	0.6138
			-0.22	-0.3764	-0.9
			0.0919	-0.0069	-0.9957
			-0.0616	0.7509	0.6575
			0.6598	-0.7189	0.2189
		b:
			-198.8269
			162.8228
			-196.1041
			-130.3693
			173.1717
			32.2568


===========================================================================================
===========================================================================================
S12:
	q_c:	242.0	295.5	65.0
	ub :	259.2899	312.9033	87.8635
	lb :	229.0049	278.638	47.3482

	==================================================================================
	Q1:
		Shape: Hybrid
		q_c:	249.0	288.0	57.0
		ub :	259.2899	292.2539	66.6518
		lb :	238.7101	283.7461	47.3482
		P^-1:
			0.0202	0.0252	0.0017
			0.0252	0.2383	0.0441
			0.0017	0.0441	0.0308
		A:
			-0.0563	0.8336	-0.5495
			-0.3677	-0.7959	-0.481
			0.1488	-0.9147	-0.3758
			-0.977	-0.1799	0.1143
			-0.5702	-0.8041	-0.1682
			0.0025	-0.9285	-0.3713
		b:
			199.0173
			-345.4668
			-245.9353
			-282.3334
			-380.0736
			-286.5717
	==================================================================================
	Q2:
		Shape: Polyhedra
		q_c:	251.5	287.0	57.0
		ub :	258.9134	295.362	64.2393
		lb :	244.0866	278.638	49.7607
		A:
			-0.2905	0.9214	0.2581
			-0.9545	0.2945	0.0473
			0.2183	0.5045	0.8354
			-0.1067	0.5713	0.8137
			-0.4425	0.7234	-0.53
			0.6493	0.6119	-0.4517
			0.7972	0.4752	0.3724
			0.2331	0.3267	-0.9159
			-0.5569	0.817	0.1497
			-0.7972	-0.4752	-0.3724
			-0.2331	-0.3267	0.9159
			0.5569	-0.817	-0.1497
		b:
			211.9267
			-147.6102
			251.9536
			188.8382
			71.8225
			317.9543
			361.5971
			105.6801
			108.9595
			-354.5971
			-94.6801
			-96.9595
	==================================================================================
	Q3:
		Shape: Polyhedra
		q_c:	237.0	300.0	58.5
		ub :	244.9951	306.6047	66.608
		lb :	229.0049	293.3953	50.392
		A:
			-0.3501	-0.5427	0.7634
			0.2775	-0.8051	0.5242
			0.0103	-0.9799	0.199
			-0.2578	0.5388	-0.8021
			0.4158	-0.4507	0.7899
			0.5105	-0.3912	-0.7657
			0.5617	0.5949	0.575
			-0.74	0.0506	0.6707
			0.3699	-0.8022	0.4686
			-0.5617	-0.5949	-0.575
			0.74	-0.0506	-0.6707
			-0.3699	0.8022	-0.4686
		b:
			-197.0439
			-141.5926
			-275.7283
			57.4858
			13.6496
			-36.4365
			351.2261
			-116.4775
			-122.0971
			-339.2261
			125.4775
			129.0971
	==================================================================================
	Q4:
		Shape: Hybrid
		q_c:	251.0	302.5	66.0
		ub :	256.0718	309.4268	72.1283
		lb :	245.9282	295.5732	59.8717
		P^-1:
			0.1988	-0.0693	0.0524
			-0.0693	0.0604	-0.0343
			0.0524	-0.0343	0.0811
		A:
			0.5338	-0.3219	0.782
			-0.0905	-0.3081	0.947
			0.9256	0.1089	-0.3626
			-0.9716	0.2241	-0.0759
			-0.841	0.541	-0.0088
			0.2666	0.4577	-0.8482
		b:
			89.9645
			-50.6266
			243.8333
			-179.7818
			-46.3851
			152.4331
	==================================================================================
	Q5:
		Shape: Polyhedra
		q_c:	248.0	303.0	76.5
		ub :	258.0558	312.9033	86.3723
		lb :	237.9442	293.0967	66.6277
		A:
			0.736	0.5593	-0.3815
			0.6201	0.7841	-0.0263
			0.4078	0.8495	0.3347
			-0.1853	-0.6814	0.708
			-0.6651	-0.718	0.2052
			-0.0078	-0.2833	-0.959
			0.3987	0.8724	0.2829
			0.9164	-0.3667	-0.1607
			-0.0364	0.3233	-0.9456
			-0.3987	-0.8724	-0.2829
			-0.9164	0.3667	0.1607
			0.0364	-0.3233	0.9456
		b:
			329.619
			394.9075
			389.1548
			-191.2382
			-360.7388
			-154.1613
			389.8384
			112.3724
			24.0877
			-379.8384
			-95.3724
			-9.0877
	==================================================================================
	Q6:
		Shape: Polyhedra
		q_c:	246.5	296.5	79.0
		ub :	257.4566	306.8722	87.8635
		lb :	235.5434	286.1278	70.1365
		A:
			-0.2829	0.5294	0.7998
			0.2934	0.065	0.9538
			0.915	0.3254	-0.2386
			-0.0892	-0.9886	0.1214
			0.6867	0.6295	-0.3635
			-0.75	0.2607	0.6078
			0.4304	0.6719	0.6028
			0.7423	-0.6434	0.1871
			0.5136	0.3669	-0.7756
			-0.4304	-0.6719	-0.6028
			-0.7423	0.6434	-0.1871
			-0.5136	-0.3669	0.7756
		b:
			156.1023
			172.5079
			309.3094
			-299.2188
			332.8668
			-52.8118
			357.4131
			14.9949
			180.1233
			-348.4131
			1.0051
			-168.1233


===========================================================================================
===========================================================================================
S13:
	q_c:	63.5	421.0	150.0
	ub :	73.6242	430.06	156.8818
	lb :	56.1199	414.4012	141.895

	==================================================================================
	Q1:
		Shape: Hybrid
		q_c:	60.0	423.0	151.0
		ub :	63.8646	426.7585	153.5572
		lb :	56.1354	419.2415	148.4428
		P^-1:
