3D_40_25_6_d                l = 3

===========================================================================================
===========================================================================================
S1:
	q_c:	313.5	154.5	253.0
	ub :	328.1327	170.7775	272.6553
	lb :	297.716	139.3918	236.7191

	==================================================================================
	Q1:
		Shape: Polyhedra
		q_c:	320.5	150.5	243.0
		ub :	328.1327	157.1747	249.2809
		lb :	312.8673	143.8253	236.7191
		A:
			0.974	0.0856	-0.2098
			-0.3829	0.5403	0.7493
			0.3024	0.7504	-0.5878
			0.1331	0.8558	-0.4998
			-0.9063	0.3746	0.1955
			-0.0678	0.5956	-0.8004
			0.6727	0.3933	0.6267
			-0.4714	0.8807	-0.0468
			-0.5703	-0.264	0.7778
			-0.6727	-0.3933	-0.6267
			0.4714	-0.8807	0.0468
			0.5703	0.264	-0.7778
		b:
			278.3363
			144.7275
			70.4216
			53.6039
			-182.5828
			-122.8189
			433.086
			-25.898
			-30.5135
			-421.086
			33.898
			36.5135
	==================================================================================
	Q2:
		Shape: Hybrid
		q_c:	315.5	149.5	245.0
		ub :	319.1574	153.9789	249.0988
		lb :	311.8426	145.0211	240.9012
		P^-1:
			0.1111	0.0	0.0
			0.0	0.1111	0.0
			0.0	0.0	0.1111
		A:
			0.5314	-0.5251	-0.6647
			0.0173	-0.1963	-0.9804
			0.4713	-0.8758	0.1044
			0.166	0.9725	-0.1635
			-0.4048	0.8442	-0.3513
			-0.741	0.1013	-0.6638
		b:
			-72.1935
			-262.5736
			44.8603
			159.2009
			-86.0686
			-379.7823
	==================================================================================
	Q3:
		Shape: Ellipse
		q_c:	313.5	157.0	254.5
		ub :	318.2678	162.502	260.3247
		lb :	308.7322	151.498	248.6753
		P^-1:
			0.2147	-0.163	0.1066
			-0.163	0.2166	-0.0984
			0.1066	-0.0984	0.125
	==================================================================================
	Q4:
		Shape: Ellipse
		q_c:	306.0	143.5	262.5
		ub :	312.0509	147.6082	268.7957
		lb :	299.9491	139.3918	256.2043
		P^-1:
			0.0675	-0.0024	0.0196
			-0.0024	0.0812	0.0033
			0.0196	0.0033	0.0545
	==================================================================================
	Q5:
		Shape: Polyhedra
		q_c:	303.0	154.0	257.5
		ub :	308.284	159.0917	264.3329
		lb :	297.716	148.9083	250.6671
		A:
			-0.986	0.1441	0.0834
			-0.1681	0.9557	0.2417
			0.8033	-0.5854	0.1094
			0.7622	-0.2604	0.5927
			0.4981	-0.8562	-0.1372
			-0.8301	0.0999	-0.5485
			0.5133	0.6288	0.5841
			0.4464	0.3857	-0.8075
			-0.733	0.6751	-0.0827
			-0.5133	-0.6288	-0.5841
			-0.4464	-0.3857	0.8075
			0.733	-0.6751	0.0827
		b:
			-251.788
			160.5546
			182.9818
			345.884
			-14.6017
			-375.2478
			405.2535
			-6.7867
			-137.9428
			-400.2535
			19.7867
			140.9428
	==================================================================================
	Q6:
		Shape: Ellipse
		q_c:	308.5	161.5	262.0
		ub :	317.6079	170.7775	272.6553
		lb :	299.3921	152.2225	251.3447
		P^-1:
			0.026	-0.0012	-0.0029
			-0.0012	0.027	-0.0019
			-0.0029	-0.0019	0.023


===========================================================================================
===========================================================================================
S2:
	q_c:	196.0	124.5	116.0
	ub :	232.8686	169.2851	139.6582
	lb :	176.4227	98.0683	80.4825

	==================================================================================
	Q1:
		Shape: Hybrid
		q_c:	201.5	145.5	115.0
		ub :	216.15	159.0321	129.623
		lb :	186.85	131.9679	100.377
		P^-1:
			0.0182	0.0043	-0.0055
			0.0043	0.0202	0.0045
			-0.0055	0.0045	0.0115
		A:
			0.7323	0.5671	-0.377
			0.4788	0.8712	-0.1088
			0.1201	0.9095	0.398
			0.6988	0.4744	-0.5354
			0.308	-0.53	-0.7901
			0.3253	-0.5399	-0.7764
		b:
			190.3004
			214.3314
			205.731
			152.3146
			-101.6233
			-98.1003
	==================================================================================
	Q2:
		Shape: Polyhedra
		q_c:	213.0	153.0	122.0
		ub :	227.5573	169.2851	138.1809
		lb :	198.4427	136.7149	105.8191
		A:
			-0.4061	0.9127	0.0462
			-0.6331	0.4352	0.6402
			-0.6858	0.2774	0.6729
			0.8466	-0.017	-0.5319
			-0.5655	-0.4825	0.6689
			-0.5123	-0.638	-0.5749
			0.5175	0.5397	0.664
			-0.7841	0.6097	0.1155
			-0.3426	-0.5804	0.7387
			-0.5175	-0.5397	-0.664
			0.7841	-0.6097	-0.1155
			0.3426	0.5804	-0.7387
		b:
			66.5309
			17.9506
			-13.0277
			121.6881
			-101.8468
			-265.8851
			284.8077
			-53.1452
			-60.6503
			-262.8077
			66.1452
			82.6503
	==================================================================================
	Q3:
		Shape: Hybrid
		q_c:	201.0	111.0	123.0
		ub :	216.1618	123.9317	139.6582
		lb :	185.8382	98.0683	106.3418
		P^-1:
			0.0161	0.0042	0.0041
			0.0042	0.0137	0.001
			0.0041	0.001	0.0076
		A:
			0.1995	-0.8959	-0.3969
			0.4201	0.8583	0.2948
			-0.7909	0.5489	-0.2706
			-0.6865	0.1504	-0.7114
			0.3473	-0.6231	0.7008
			0.5712	0.5308	0.6261
		b:
			-101.4766
			220.26
			-125.6222
			-203.2659
			93.5614
			255.4279
	==================================================================================
	Q4:
		Shape: Ellipse
		q_c:	213.5	129.5	93.5
		ub :	229.7384	140.9755	106.5175
		lb :	197.2616	118.0245	80.4825
		P^-1:
			0.0097	0.0061	-0.0014
			0.0061	0.021	0.0015
			-0.0014	0.0015	0.0118
	==================================================================================
	Q5:
		Shape: Hybrid
		q_c:	216.5	136.0	98.5
		ub :	232.8686	149.9831	111.912
		lb :	200.1314	122.0169	85.088
		P^-1:
			0.008	-0.0036	-0.0034
			-0.0036	0.0165	-0.0013
			-0.0034	-0.0013	0.0166
		A:
			-0.6	-0.2812	0.7489
			-0.3842	-0.7901	-0.4776
			-0.1802	0.9739	-0.1378
			0.26	0.7467	-0.6122
			0.2039	0.0505	0.9777
			-0.5944	0.0519	0.8025
		b:
			-89.4293
			-230.1458
			83.7199
			101.9503
			152.9453
			-38.276
	==================================================================================
	Q6:
		Shape: Hybrid
		q_c:	187.5	144.0	116.0
		ub :	198.5773	154.9552	125.5803
		lb :	176.4227	133.0448	106.4197
		P^-1:
			0.0528	0.0187	-0.0444
			0.0187	0.0279	-0.0049
			-0.0444	-0.0049	0.0725
		A:
			-0.3822	0.25	0.8896
			-0.8481	-0.3681	0.381
			0.3631	0.8563	-0.3672
			-0.4877	-0.0204	0.8728
			0.1229	0.9648	-0.2326
			-0.8835	-0.4521	0.1229
		b:
			69.8365
			-165.219
			153.0977
			8.6253
			140.7097
			-212.8966


===========================================================================================
===========================================================================================
S3:
	q_c:	278.5	483.5	134.5
	ub :	290.8296	500.3227	150.5022
	lb :	265.4123	463.9976	121.6396

	==================================================================================
	Q1:
		Shape: Ellipse
		q_c:	272.5	487.0	136.5
		ub :	279.5877	494.8355	145.4324
		lb :	265.4123	479.1645	127.5676
		P^-1:
			0.0437	-0.0125	-0.0052
			-0.0125	0.0548	0.0274
			-0.0052	0.0274	0.0435
	==================================================================================
	Q2:
		Shape: Ellipse
		q_c:	283.0	486.5	145.0
		ub :	288.0266	492.2436	149.9245
		lb :	277.9734	480.7564	140.0755
		P^-1:
			0.1458	0.0362	-0.0138
			0.0362	0.0676	0.0352
			-0.0138	0.0352	0.1466
	==================================================================================
	Q3:
		Shape: Ellipse
		q_c:	286.0	479.0	130.0
		ub :	290.7202	484.6129	135.6373
		lb :	281.2798	473.3871	124.3627
		P^-1:
			0.1087	0.0316	-0.0205
			0.0316	0.116	-0.0331
			-0.0205	-0.0331	0.0664
	==================================================================================
	Q4:
		Shape: Hybrid
		q_c:	281.5	470.5	138.0
		ub :	288.1689	477.0024	144.7094
		lb :	274.8311	463.9976	131.2906
		P^-1:
			0.0456	0.0089	-0.003
			0.0089	0.1453	0.109
			-0.003	0.109	0.1363
		A:
			-0.2041	0.9701	0.1315
			-0.4825	0.4654	-0.742
			-0.1929	0.7604	0.6201
			0.3475	-0.0919	-0.9332
			0.9597	0.2317	0.1592
			-0.1883	-0.6695	-0.7185
		b:
			420.1292
			-14.3724
			390.3371
			-71.3419
			404.7229
			-465.9915
	==================================================================================
	Q5:
		Shape: Polyhedra
		q_c:	284.0	492.5	143.0
		ub :	290.8296	500.3227	150.5022
		lb :	277.1704	484.6773	135.4978
		A:
			-0.7236	0.5929	-0.3533
			0.021	0.7499	-0.6613
			0.0413	-0.0568	-0.9975
			-0.625	-0.1388	0.7682
			0.2593	0.6463	-0.7176
			-0.4579	0.5284	0.7149
			0.9592	0.2329	0.16
			0.0628	-0.7277	0.683
			0.2755	-0.6451	-0.7127
			-0.9592	-0.2329	-0.16
			-0.0628	0.7277	-0.683
			-0.2755	0.6451	0.7127
		b:
			41.1198
			285.7045
			-154.146
			-131.0395
			294.3701
			236.9649
			415.5228
			-237.9199
			-336.8686
			-404.5228
			247.9199
			345.8686
	==================================================================================
	Q6:
		Shape: Polyhedra
		q_c:	280.0	473.5	125.5
		ub :	286.1391	478.8384	129.3604
		lb :	273.8609	468.1616	121.6396
		A:
			0.5112	0.6077	-0.6077
			-0.2548	-0.5321	0.8075
			-0.4989	-0.737	0.4561
			-0.6179	0.2309	0.7516
			-0.1196	0.1431	0.9825
			-0.9859	0.1186	0.1182
			0.9344	0.0521	0.3523
			-0.3511	-0.0305	0.9358
			0.0595	-0.9982	-0.0102
			-0.9344	-0.0521	-0.3523
			0.3511	0.0305	-0.9358
			-0.0595	0.9982	0.0102
		b:
			358.2482
			-218.8682
			-427.2355
			33.4395
			160.0151
			-200.0868
			336.0214
			6.6897
			-452.2593
			-325.0214
			-2.6897
			462.2593


===========================================================================================
===========================================================================================
S4:
	q_c:	195.0	277.5	258.0
	ub :	215.1428	293.1461	274.1413
	lb :	179.6503	267.0305	239.4755

	==================================================================================
	Q1:
		Shape: Polyhedra
		q_c:	192.0	288.5	264.0
		ub :	197.0445	293.1461	266.2862
		lb :	186.9555	283.8539	261.7138
		A:
			-0.5529	0.3839	-0.7395
			0.0499	0.0471	-0.9976
			0.3858	-0.4191	0.8219
			-0.1394	-0.9855	-0.0964
			0.1716	0.6038	-0.7785
			0.2908	0.4239	-0.8577
			0.4957	0.8548	0.1538
			0.8611	-0.4607	-0.2151
			-0.113	0.2391	-0.9644
			-0.4957	-0.8548	-0.1538
			-0.8611	0.4607	0.2151
			0.113	-0.2391	0.9644
		b:
			-188.4608
			-238.8323
			171.8234
			-333.4048
			3.3239
			-46.5708
			385.3791
			-20.3592
			-206.3285
			-379.3791
			28.3592
			208.3285
	==================================================================================
	Q2:
		Shape: Hybrid
		q_c:	191.0	273.5	265.0
		ub :	196.499	278.7431	272.3104
		lb :	185.501	268.2569	257.6896
		P^-1:
			0.1855	-0.0425	-0.0732
			-0.0425	0.1351	0.0478
			-0.0732	0.0478	0.0609
		A:
			-0.2162	0.8663	0.4503
			0.8193	0.4417	-0.3654
			-0.9842	0.0345	0.1735
			0.4519	-0.8146	-0.3636
			0.8969	-0.1235	-0.4247
			0.4787	-0.6756	-0.5607
		b:
			316.5408
			182.3653
			-130.9782
			-231.5836
			26.1648
			-240.471
	==================================================================================
	Q3:
		Shape: Ellipse
		q_c:	187.5	277.5	247.0
		ub :	195.3497	285.8093	254.5245
		lb :	179.6503	269.1907	239.4755
		P^-1:
			0.0279	0.0011	0.0009
			0.0011	0.0208	0.0017
			0.0009	0.0017	0.0326
	==================================================================================
	Q4:
		Shape: Ellipse
		q_c:	207.0	276.5	254.0
		ub :	215.1428	285.327	261.782
		lb :	198.8572	267.673	246.218
		P^-1:
			0.0459	-0.0143	-0.0098
			-0.0143	0.0391	0.0077
			-0.0098	0.0077	0.0331
	==================================================================================
	Q5:
		Shape: Polyhedra
		q_c:	203.0	277.5	263.0
		ub :	214.7323	286.7612	274.1413
		lb :	191.2677	268.2388	251.8587
		A:
			-0.2758	0.9398	0.2019
			-0.5378	0.8386	0.0871
			0.9211	0.2014	0.3331
			-0.4801	-0.2496	-0.841
			0.7639	0.5362	0.3591
			-0.0368	0.9806	-0.1926
			0.4667	0.8763	0.1197
			0.6515	-0.2491	-0.7166
			-0.5981	0.4125	-0.6871
			-0.4667	-0.8763	-0.1197
			-0.6515	0.2491	0.7166
			0.5981	-0.4125	0.6871
		b:
			264.3374
			153.4133
			336.8536
			-381.2756
			403.8822
			219.7385
			374.3941
			-117.3404
			-180.6754
			-364.3941
			133.3404
			194.6754
	==================================================================================
	Q6:
		Shape: Ellipse
		q_c:	193.0	274.5	265.5
		ub :	199.5967	281.9695	271.9519
		lb :	186.4033	267.0305	259.0481
		P^-1:
			0.042	0.0036	-0.0015
			0.0036	0.0506	0.0062
			-0.0015	0.0062	0.0592


===========================================================================================
===========================================================================================
S5:
	q_c:	36.5	281.5	366.5
	ub :	50.2588	297.724	372.7146
	lb :	21.2233	265.6687	351.2627

	==================================================================================
	Q1:
		Shape: Polyhedra
		q_c:	29.0	270.5	363.5
		ub :	34.4098	275.3313	369.1426
		lb :	23.5902	265.6687	357.8574
		A:
			-0.2947	0.3401	0.893
			0.2662	0.9213	0.2834
			0.8335	0.2711	-0.4814
			-0.8671	-0.4737	0.1543
			-0.8102	-0.4084	0.4204
			-0.7187	-0.3673	0.5903
			0.5081	0.8224	0.2557
			0.6585	-0.1796	-0.7308
			-0.5551	0.5397	-0.6329
			-0.5081	-0.8224	-0.2557
			-0.6585	0.1796	0.7308
			0.5551	-0.5397	0.6329
		b:
			410.3567
			361.7792
			-75.6036
			-95.3176
			20.6845
			96.486
			331.6604
			-293.1355
			-94.1633
			-328.6604
			297.1355
			106.1633
	==================================================================================
	Q2:
		Shape: Ellipse
		q_c:	29.0	292.0	359.0
		ub :	36.7767	297.724	366.7373
		lb :	21.2233	286.276	351.2627
		P^-1:
			0.0331	0.0	0.0
			0.0	0.0331	0.0
			0.0	0.0	0.0331
	==================================================================================
	Q3:
		Shape: Ellipse
		q_c:	31.5	275.5	366.0
		ub :	36.1949	280.8636	371.5792
		lb :	26.8051	270.1364	360.4208
		P^-1:
			0.1934	-0.0512	-0.0751
			-0.0512	0.1176	-0.0364
			-0.0751	-0.0364	0.139
	==================================================================================
	Q4:
		Shape: Polyhedra
		q_c:	42.0	280.0	365.0
		ub :	47.3136	284.4321	368.2306
		lb :	36.6864	275.5679	361.7694
		A:
			0.5216	0.7702	-0.367
			-0.2704	-0.5999	-0.753
			0.1947	-0.6419	0.7416
			0.0524	-0.9862	-0.1571
			0.3969	-0.7903	0.4667
			0.0366	0.6267	0.7784
			0.2216	0.6525	0.7247
			0.3645	0.6339	-0.6822
			-0.9045	0.4153	-0.0974
			-0.2216	-0.6525	-0.7247
			-0.3645	-0.6339	0.6822
			0.9045	-0.4153	0.0974
		b:
			106.0634
			-452.6423
			102.2658
			-328.658
			-30.5503
			462.7776
			458.0114
			-53.7028
			47.2503
			-455.0114
			58.7028
			-38.2503
	==================================================================================
	Q5:
		Shape: Ellipse
		q_c:	42.5	272.5	362.0
		ub :	48.0558	279.3255	369.0624
		lb :	36.9442	265.6745	354.9376
		P^-1:
			0.0753	-0.0097	-0.0147
			-0.0097	0.0787	-0.0379
			-0.0147	-0.0379	0.0665
	==================================================================================
	Q6:
		Shape: Polyhedra
		q_c:	45.0	274.5	369.0
		ub :	50.2588	278.3065	372.7146
		lb :	39.7412	270.6935	365.2854
		A:
			-0.1808	-0.2252	-0.9574
			0.4274	-0.7349	-0.5265
			-0.1472	-0.5459	-0.8248
			0.3017	0.9022	-0.3083
			0.83	-0.3704	0.4171
			0.6382	0.5384	0.5503
			0.4367	0.036	0.8989
			-0.8991	0.0519	0.4347
			-0.031	-0.998	0.0551
			-0.4367	-0.036	-0.8989
			0.8991	-0.0519	-0.4347
			0.031	0.998	-0.0551
		b:
			-421.1946
			-372.7053
			-458.3289
			151.1696
			92.946
			382.246
			362.7319
			139.1912
			-251.5304
			-359.7319
			-129.1912
			258.5304


===========================================================================================
===========================================================================================
S6:
	q_c:	90.0	106.5	59.5
	ub :	112.7632	119.6772	79.2682
	lb :	86.5706	89.0167	40.7423

	==================================================================================
	Q1:
		Shape: Polyhedra
		q_c:	91.0	114.0	49.0
		ub :	95.4294	118.4794	54.8327
		lb :	86.5706	109.5206	43.1673
		A:
			-0.5109	0.8478	0.1424
			-0.6951	0.7012	0.1587
			0.2222	0.7721	0.5955
			-0.8687	0.3441	0.3565
			0.8816	0.2518	0.3991
			0.8816	0.0166	-0.4717
			0.7155	0.6985	0.0063
			0.6913	-0.7067	-0.1507
			-0.1008	0.1122	-0.9886
			-0.7155	-0.6985	-0.0063
			-0.6913	0.7067	0.1507
			0.1008	-0.1122	0.9886
		b:
			59.6613
			26.9526
			141.1792
			-19.5521
			132.1002
			62.2949
			148.0553
			-22.5476
			-39.3282
			-142.0553
			27.5476
			50.3282
	==================================================================================
	Q2:
		Shape: Polyhedra
		q_c:	101.0	98.5	50.0
		ub :	110.9649	107.9833	59.2577
		lb :	91.0351	89.0167	40.7423
		A:
			-0.115	-0.6699	-0.7335
			-0.4212	0.8112	-0.4056
			0.4838	-0.5914	-0.6452
			0.9838	-0.0888	0.1558
			0.1429	-0.9812	0.1298
			-0.0485	0.5208	-0.8523
			0.5292	0.342	0.7766
			-0.6519	0.7496	0.1142
			-0.5431	-0.5667	0.6196
			-0.5292	-0.342	-0.7766
			0.6519	-0.7496	-0.1142
			0.5431	0.5667	-0.6196
		b:
			-108.5177
			22.5371
			-36.2614
			104.0364
			-70.1848
			10.0174
			131.9567
			18.7011
			-73.1897
			-119.9567
			-8.7011
			86.1897
	==================================================================================
	Q3:
		Shape: Ellipse
		q_c:	105.0	113.0	53.5
		ub :	112.3679	119.6772	61.2897
		lb :	97.6321	106.3228	45.7103
		P^-1:
			0.0439	0.0009	0.0058
			0.0009	0.0575	0.0068
			0.0058	0.0068	0.0506
	==================================================================================
	Q4:
		Shape: Hybrid
		q_c:	93.5	105.5	72.5
		ub :	98.2872	108.0222	79.2682
		lb :	88.7128	102.9778	65.7318
		P^-1:
			0.3992	0.2961	-0.2061
			0.2961	0.7336	-0.2066
			-0.2061	-0.2066	0.1408
		A:
			0.164	0.9518	-0.2591
			-0.6554	0.5317	0.5364
			0.3398	0.8263	-0.4493
			0.0137	0.579	-0.8152
			-0.1545	-0.9702	-0.1869
			-0.7419	-0.6137	0.2701
		b:
			97.7616
			35.709
			87.452
			7.2416
			-128.4211
			-113.6605
	==================================================================================
	Q5:
		Shape: Ellipse
		q_c:	95.0	99.0	48.0
		ub :	96.6811	102.9711	51.8595
		lb :	93.3189	95.0289	44.1405
		P^-1:
			0.4437	-0.015	-0.0051
			-0.015	0.1318	-0.0238
			-0.0051	-0.0238	0.1401
	==================================================================================
	Q6:
		Shape: Hybrid
		q_c:	103.0	101.5	55.5
		ub :	112.7632	111.1803	62.7998
		lb :	93.2368	91.8197	48.2002
		P^-1:
			0.0334	0.0093	0.0006
			0.0093	0.0271	-0.0008
			0.0006	-0.0008	0.0399
		A:
			-0.9185	0.3292	0.2193
			-0.896	0.4439	0.0122
			0.047	0.9835	0.1744
			-0.1374	0.9837	-0.1162
			0.2668	-0.5071	0.8195
			-0.4452	-0.8954	-0.0076
		b:
			-45.1296
			-42.4377
			118.1426
			83.3249
			24.6093
			-134.1629


===========================================================================================
===========================================================================================
S7:
	q_c:	50.0	421.5	134.5
	ub :	72.9413	442.5535	152.7703
	lb :	28.9025	392.0167	121.3127

	==================================================================================
	Q1:
		Shape: Ellipse
		q_c:	59.5	404.0	133.5
		ub :	72.9413	415.9833	145.6873
		lb :	46.0587	392.0167	121.3127
		P^-1:
			0.0205	-0.0046	0.0113
			-0.0046	0.0236	-0.0102
			0.0113	-0.0102	0.0227
	==================================================================================
	Q2:
		Shape: Ellipse
		q_c:	64.0	406.0	143.0
		ub :	71.5341	413.5626	150.3061
		lb :	56.4659	398.4374	135.6939
		P^-1:
			0.1898	0.1089	-0.1645
			0.1089	0.1338	-0.1302
			-0.1645	-0.1302	0.1859
	==================================================================================
	Q3:
		Shape: Hybrid
		q_c:	45.0	431.5	144.0
		ub :	53.3599	439.9207	152.7703
		lb :	36.6401	423.0793	135.2297
		P^-1:
			0.0333	0.0025	0.0059
			0.0025	0.0431	-0.0071
			0.0059	-0.0071	0.0408
		A:
			-0.5341	0.7032	-0.4693
			0.0721	-0.6383	0.7664
			-0.4919	-0.7329	0.4701
			0.0038	-0.3482	-0.9374
			-0.4875	-0.7178	0.4971
			0.1698	-0.8864	0.4306
		b:
			214.3787
			-159.5364
			-268.0848
			-281.9291
			-257.4928
			-310.4665
	==================================================================================
	Q4:
		Shape: Ellipse
		q_c:	60.5	422.0	141.0
		ub :	69.1953	429.082	149.1339
		lb :	51.8047	414.918	132.8661
		P^-1:
			0.0457	0.0111	0.0248
			0.0111	0.0409	0.0142
			0.0248	0.0142	0.0518
	==================================================================================
	Q5:
		Shape: Ellipse
		q_c:	54.5	412.0	136.0
		ub :	61.9128	421.4535	145.4251
		lb :	47.0872	402.5465	126.5749
		P^-1:
			0.0511	-0.0159	-0.0242
			-0.0159	0.0328	0.014
			-0.0242	0.014	0.045
	==================================================================================
	Q6:
		Shape: Ellipse
		q_c:	37.0	434.0	139.0
		ub :	45.0975	442.5535	146.2781
		lb :	28.9025	425.4465	131.7219
		P^-1:
			0.044	-0.0069	0.0019
			-0.0069	0.0406	0.0026
			0.0019	0.0026	0.0378


===========================================================================================
===========================================================================================
S8:
	q_c:	33.0	20.5	445.5
	ub :	56.2221	45.0692	463.8839
	lb :	10.9933	5.5614	427.3989

	==================================================================================
	Q1:
		Shape: Polyhedra
		q_c:	28.0	13.0	458.0
		ub :	35.5934	20.4386	463.8839
		lb :	20.4066	5.5614	452.1161
		A:
			-0.1202	0.6875	0.7162
			0.1378	-0.9652	-0.2224
			-0.97	0.0401	-0.2398
			0.2933	0.4699	0.8326
			0.3072	-0.9433	-0.1261
			-0.6183	0.6652	-0.4186
			0.1018	0.0623	0.9929
			-0.927	0.3682	0.072
			-0.3611	-0.9277	0.0952
			-0.1018	-0.0623	-0.9929
			0.927	-0.3682	-0.072
			0.3611	0.9277	-0.0952
		b:
			338.8147
			-105.0691
			-131.0014
			400.7545
			-55.9155
			-194.9842
			463.3863
			17.2959
			26.9446
			-453.3863
			-6.2959
			-15.9446
	==================================================================================
	Q2:
		Shape: Hybrid
		q_c:	43.5	28.5	437.0
		ub :	56.2221	41.2995	446.6011
		lb :	30.7779	15.7005	427.3989
		P^-1:
			0.0219	0.0085	0.0128
			0.0085	0.0227	0.0134
			0.0128	0.0134	0.031
		A:
			0.84	-0.0019	0.5425
			0.6653	-0.0885	0.7413
			0.1226	0.445	0.8871
			-0.9655	-0.1602	0.2054
			0.1863	0.9564	0.2249
			0.517	0.7852	-0.3408
		b:
			277.6068
			354.3636
			408.8789
			49.1757
			138.1229
			-97.9087
	==================================================================================
	Q3:
		Shape: Ellipse
		q_c:	22.0	32.5	447.5
		ub :	33.0067	45.0692	459.6585
		lb :	10.9933	19.9308	435.3415
		P^-1:
			0.0246	0.0032	-0.005
			0.0032	0.0136	-0.0002
			-0.005	-0.0002	0.0176
	==================================================================================
	Q4:
		Shape: Ellipse
		q_c:	35.5	28.5	453.0
		ub :	43.6387	37.1243	461.9745
		lb :	27.3613	19.8757	444.0255
		P^-1:
			0.0339	0.0073	0.0062
			0.0073	0.0402	0.0049
			0.0062	0.0049	0.0362
	==================================================================================
	Q5:
		Shape: Ellipse
		q_c:	34.0	14.0	455.5
		ub :	39.8365	20.4365	462.1498
		lb :	28.1635	7.5635	448.8502
		P^-1:
			0.096	0.0106	-0.0259
			0.0106	0.0512	-0.0084
			-0.0259	-0.0084	0.0533
	==================================================================================
	Q6:
		Shape: Hybrid
		q_c:	26.5	23.5	438.0
		ub :	35.4014	32.6835	448.3913
		lb :	17.5986	14.3165	427.6087
		P^-1:
			0.0539	0.0206	0.0239
			0.0206	0.0322	0.0129
			0.0239	0.0129	0.0338
		A:
			-0.8201	-0.5717	-0.0243
			0.3507	0.8943	0.278
			0.9886	0.1321	0.072
			-0.5723	0.7311	0.3714
			-0.9695	-0.2442	0.0212
			0.5255	0.1167	0.8427
		b:
			-42.9009
			155.4455
			64.1301
			170.2194
			-18.754
			388.785


===========================================================================================
===========================================================================================
S9:
	q_c:	74.5	326.5	30.0
	ub :	87.7757	345.4751	49.1895
	lb :	50.6297	304.1128	6.4621

	==================================================================================
	Q1:
		Shape: Ellipse
		q_c:	72.5	337.5	17.0
		ub :	80.8357	345.4751	25.2155
		lb :	64.1643	329.5249	8.7845
		P^-1:
			0.0395	0.0034	-0.0091
			0.0034	0.0509	-0.0132
			-0.0091	-0.0132	0.0399
	==================================================================================
	Q2:
		Shape: Polyhedra
		q_c:	59.0	315.0	30.5
		ub :	67.3703	322.9573	37.5404
		lb :	50.6297	307.0427	23.4596
		A:
			0.5372	-0.7958	0.2796
			-0.5987	0.7719	0.2138
			0.9392	-0.0462	0.3403
			0.9197	0.2478	-0.3044
			-0.9219	-0.3772	0.0884
			-0.7401	0.3174	0.5929
			0.5569	0.1756	0.8118
			-0.5902	-0.604	0.5356
			0.5844	-0.7774	-0.2327
			-0.5569	-0.1756	-0.8118
			0.5902	0.604	-0.5356
			-0.5844	0.7774	0.2327
		b:
			-204.4381
			220.8564
			56.2167
			127.2984
			-166.4595
			80.103
			117.4333
			-205.2504
			-210.9985
			-108.4333
			212.2504
			223.9985
	==================================================================================
	Q3:
		Shape: Polyhedra
		q_c:	73.0	315.5	35.0
		ub :	83.5991	326.8872	44.875
		lb :	62.4009	304.1128	25.125
		A:
			0.7972	-0.3091	0.5185
			-0.9846	-0.0192	-0.1738
			0.4847	-0.7412	-0.4644
			-0.1605	-0.0083	-0.987
			-0.2762	0.1944	0.9412
			0.7491	0.048	-0.6608
			0.4869	0.7568	0.4362
			0.8258	-0.5615	0.0526
			0.2847	0.3346	-0.8983
			-0.4869	-0.7568	-0.4362
			-0.8258	0.5615	-0.0526
			-0.2847	-0.3346	0.8983
		b:
			-14.8304
			-77.4686
			-208.1811
			-41.7699
			81.129
			53.4114
			297.0746
			-109.0442
			101.898
			-282.0746
			121.0442
			-87.898
	==================================================================================
	Q4:
		Shape: Hybrid
		q_c:	74.0	336.0	33.5
		ub :	82.3275	344.6342	40.2027
		lb :	65.6725	327.3658	26.7973
		P^-1:
			0.049	0.0049	0.0353
			0.0049	0.0645	0.0563
			0.0353	0.0563	0.1137
		A:
			-0.7418	0.5279	0.4136
			-0.0602	0.7327	0.6778
			0.2274	0.2386	0.9441
			-0.2103	-0.5307	-0.821
			-0.7494	-0.3138	-0.583
			-0.1584	-0.3822	0.9104
		b:
			139.7189
			266.1846
			130.5322
			-220.1258
			-178.0792
			-104.4064
	==================================================================================
	Q5:
		Shape: Hybrid
		q_c:	66.0	334.5	40.5
		ub :	73.2546	343.0558	49.1895
		lb :	58.7454	325.9442	31.8105
		P^-1:
			0.052	-0.0113	-0.0084
			-0.0113	0.0398	0.005
			-0.0084	0.005	0.0368
		A:
			0.6178	-0.7512	-0.2323
			0.7745	-0.6326	-0.0042
			0.8571	0.1153	0.502
			0.2304	-0.0572	-0.9714
			0.7336	-0.0699	-0.676
			0.9004	0.3772	-0.2168
		b:
			-217.7042
			-158.3985
			118.6981
			-40.1772
			0.0998
			179.7904
	==================================================================================
	Q6:
		Shape: Hybrid
		q_c:	82.5	327.5	14.5
		ub :	87.7757	334.6616	22.5379
		lb :	77.2243	320.3384	6.4621
		P^-1:
			0.0968	-0.0156	-0.0273
			-0.0156	0.0481	-0.0028
			-0.0273	-0.0028	0.0434
		A:
			0.9946	-0.0805	0.065
			0.0785	0.9594	0.2707
			0.9967	0.0385	0.0709
			0.8032	0.3169	-0.5044
			-0.882	-0.2534	-0.3972
			-0.1868	0.9421	0.2786
		b:
			58.8938
			328.2809
			98.2855
			164.7389
			-157.9293
			300.4064


===========================================================================================
===========================================================================================
S10:
	q_c:	405.0	226.5	14.5
	ub :	423.0773	248.2651	33.5272
	lb :	389.1776	209.4872	-4.4953

	==================================================================================
	Q1:
		Shape: Polyhedra
		q_c:	410.5	225.5	14.0
		ub :	421.1179	234.7032	24.0178
		lb :	399.8821	216.2968	3.9822
		A:
			0.4111	0.4685	-0.782
			0.5842	-0.8024	-0.1223
			-0.8918	0.1758	-0.4168
			-0.0226	0.9737	0.2266
			-0.4208	-0.8014	0.4251
			0.255	-0.0243	-0.9666
			0.8504	0.253	0.4613
			-0.334	-0.4176	0.845
			0.4064	-0.8727	-0.2706
			-0.8504	-0.253	-0.4613
			0.334	0.4176	-0.845
			-0.4064	0.8727	0.2706
		b:
			269.4598
			62.7942
			-325.1059
			219.2358
			-341.3552
			91.6824
			420.1144
			-213.4724
			-28.2308
			-405.1144
			225.4724
			39.2308
	==================================================================================
	Q2:
		Shape: Polyhedra
		q_c:	406.0	238.5	5.0
		ub :	414.6505	248.2651	14.4953
		lb :	397.3495	228.7349	-4.4953
		A:
			0.5187	-0.4312	-0.7383
			-0.7468	0.2529	0.6151
			-0.6031	0.5763	-0.5514
			0.9538	-0.1488	0.2612
			0.521	0.2299	-0.822
			0.5183	-0.6382	0.5693
			0.2352	0.5123	0.826
			-0.8606	-0.2852	0.422
			0.4517	-0.8101	0.3738
			-0.2352	-0.5123	-0.826
			0.8606	0.2852	-0.422
			-0.4517	0.8101	-0.3738
		b:
			109.7485
			-234.4036
			-103.7357
			358.8611
			267.5414
			67.5121
			227.8191
			-410.3028
			-1.4443
			-215.8191
			420.3028
			14.4443
	==================================================================================
	Q3:
		Shape: Hybrid
		q_c:	412.0	217.0	16.0
		ub :	423.0773	224.5128	27.2708
		lb :	400.9227	209.4872	4.7292
		P^-1:
			0.0287	-0.0083	0.0113
			-0.0083	0.0399	-0.0068
			0.0113	-0.0068	0.0224
		A:
			0.1723	-0.9712	-0.1646
			0.576	-0.7878	-0.2181
			0.8064	0.5822	0.1039
			-0.1273	0.6911	-0.7115
			-0.81	0.5705	0.1358
			-0.143	-0.8015	0.5807
		b:
			-139.2178
			66.6097
			464.4111
			89.58
			-203.7159
			-219.6971
	==================================================================================
	Q4:
		Shape: Polyhedra
		q_c:	399.0	232.0	27.0
		ub :	408.8224	240.9065	33.5272
		lb :	389.1776	223.0935	20.4728
		A:
			-0.7002	-0.7128	-0.0396
			-0.7719	-0.6182	-0.1481
			0.2566	-0.4244	0.8684
			0.0526	-0.9467	0.3177
			-0.0795	-0.4602	-0.8843
			-0.8559	0.4644	0.2274
			0.5998	0.7723	0.2093
			0.7604	-0.6316	0.1511
			0.2489	0.0685	-0.9661
			-0.5998	-0.7723	-0.2093
			-0.7604	0.6316	-0.1511
			-0.2489	-0.0685	0.9661
		b:
			-440.8282
			-450.2831
			33.1117
			-183.8134
			-157.6274
			-220.5637
			429.1479
			168.4722
			93.6097
			-419.1479
			-153.4722
			-84.6097
	==================================================================================
	Q5:
		Shape: Ellipse
		q_c:	404.5	236.0	22.5
		ub :	410.4018	246.5091	33.363
		lb :	398.5982	225.4909	11.637
		P^-1:
			0.0596	-0.0047	-0.01
			-0.0047	0.0183	0.0011
			-0.01	0.0011	0.0202
	==================================================================================
	Q6:
		Shape: Polyhedra
		q_c:	407.0	220.0	10.5
		ub :	415.055	228.4234	17.2746
		lb :	398.945	211.5766	3.7254
		A:
			0.7333	-0.5142	-0.4449
			0.2524	0.7814	-0.5707
			0.3025	0.7208	0.6237
			0.4457	-0.7237	-0.5268
			-0.6833	-0.3816	-0.6224
			-0.3245	0.2192	-0.9201
			0.4439	0.477	0.7586
			-0.3021	-0.7174	0.6278
			0.8436	-0.5078	-0.1743
			-0.4439	-0.477	-0.7586
			0.3021	0.7174	-0.6278
			-0.8436	0.5078	0.1743
		b:
			186.484
			274.1595
			291.6043
			21.9452
			-365.2614
			-89.157
			296.5461
			-268.6849
			235.8098
			-290.5461
			279.6849
			-223.8098


===========================================================================================
===========================================================================================
S11:
	q_c:	107.0	223.0	184.0
	ub :	125.0211	244.6597	202.5405
	lb :	85.4273	203.6503	159.7977

	==================================================================================
	Q1:
		Shape: Hybrid
		q_c:	116.0	211.0	169.0
		ub :	125.0211	215.5278	178.2023
		lb :	106.9789	206.4722	159.7977
		P^-1:
			0.0158	0.0039	0.0006
			0.0039	0.109	0.0135
			0.0006	0.0135	0.0176
		A:
			-0.3301	-0.7572	-0.5636
			0.213	0.8432	0.4936
			-0.3808	0.887	-0.2612
			0.0015	-0.9376	-0.3478
			0.7801	0.3361	-0.5277
			-0.0224	-0.8775	-0.4791
		b:
			-289.824
			288.8021
			102.5024
			-254.5351
			78.4353
			-266.255
	==================================================================================
	Q2:
		Shape: Hybrid
		q_c:	101.0	221.5	181.0
		ub :	111.6323	230.5777	192.9398
		lb :	90.3677	212.4223	169.0602
		P^-1:
			0.0194	0.0	-0.0028
			0.0	0.0233	-0.0018
			-0.0028	-0.0018	0.0137
		A:
			-0.2455	0.7462	-0.6188
			-0.6196	0.6752	0.4002
			0.3823	0.2722	-0.8831
			0.5084	0.7042	0.4956
			0.0753	-0.7302	-0.6791
			-0.193	0.8699	-0.4539
		b:
			32.6043
			163.1941
			-56.4258
			301.7723
			-272.3662
			94.6773
	==================================================================================
	Q3:
		Shape: Hybrid
		q_c:	113.5	221.0	178.0
		ub :	122.9792	229.2553	186.9844
		lb :	104.0208	212.7447	169.0156
		P^-1:
			0.0351	-0.002	-0.0072
			-0.002	0.0392	-0.0029
			-0.0072	-0.0029	0.0294
		A:
			0.5514	-0.8174	0.167
			-0.1262	-0.3452	0.93
			-0.0597	-0.7147	-0.6969
			0.0066	0.8297	-0.5581
			-0.1919	-0.9387	-0.2865
			0.0053	0.9999	-0.01
		b:
			-85.7185
			78.0151
			-285.3707
			87.3928
			-277.2315
			222.3745
	==================================================================================
	Q4:
		Shape: Hybrid
		q_c:	104.0	236.5	187.0
		ub :	110.148	244.6597	193.8533
		lb :	97.852	228.3403	180.1467
		P^-1:
			0.0954	0.031	-0.0066
			0.031	0.0497	0.0159
			-0.0066	0.0159	0.0521
		A:
			0.7966	0.6021	-0.0533
			-0.2443	0.9669	0.0738
			0.4172	0.896	0.1518
			0.2676	-0.0202	0.9633
			0.4835	0.155	0.8615
			-0.9158	0.1063	0.3874
		b:
			216.9674
			221.2459
			286.3216
			206.7485
			251.1212
			4.4923
	==================================================================================
	Q5:
		Shape: Ellipse
		q_c:	103.5	212.5	193.5
		ub :	113.9571	221.3497	202.5405
		lb :	93.0429	203.6503	184.4595
		P^-1:
			0.0254	0.0036	0.0
			0.0036	0.0313	0.0001
			0.0	0.0001	0.0237
	==================================================================================
	Q6:
		Shape: Hybrid
		q_c:	91.0	225.5	174.5
		ub :	96.5727	235.1311	183.3232
		lb :	85.4273	215.8689	165.6768
		P^-1:
			0.0489	-0.0039	0.0003
			-0.0039	0.0185	0.0007
			0.0003	0.0007	0.0202
		A:
			0.0537	0.5562	-0.8293
			-0.5525	0.1961	-0.8101
			0.9438	0.3195	0.0842
			0.9946	0.102	0.0209
			0.2781	-0.0621	-0.9585
			-0.4628	0.6861	-0.5613
		b:
			-9.3454
			-143.3391
			175.5698
			119.6141
			-151.3558
			19.0852


===========================================================================================
===========================================================================================
S12:
	q_c:	130.0	344.0	215.5
	ub :	146.9394	362.9812	232.6901
	lb :	112.549	332.3942	204.3025

	==================================================================================
	Q1:
		Shape: Hybrid
		q_c:	122.5	339.5	214.5
		ub :	128.9038	345.7309	219.7357
		lb :	116.0962	333.2691	209.2643
		P^-1:
			0.0777	0.0188	-0.0167
			0.0188	0.0645	-0.0006
			-0.0167	-0.0006	0.1
		A:
			-0.0057	0.114	-0.9935
			-0.45	-0.7871	-0.4219
			-0.832	0.1182	-0.5421
			0.0597	-0.7713	-0.6337
			0.764	-0.2843	-0.5792
			-0.1789	0.8296	0.5289
		b:
			-173.3324
			-410.7802
			-175.5118
			-388.246
			-125.0855
			375.585
	==================================================================================
	Q2:
		Shape: Hybrid
		q_c:	139.5	355.5	212.5
		ub :	146.9394	362.9812	220.6975
		lb :	132.0606	348.0188	204.3025
		P^-1:
			0.042	-0.0111	0.0059
			-0.0111	0.0468	-0.0261
			0.0059	-0.0261	0.0565
		A:
			-0.3838	-0.3973	0.8336
			0.3447	0.1892	-0.9195
			0.8275	0.5444	0.1374
			0.7904	-0.4027	-0.4616
			0.7552	-0.6159	-0.2244
			0.7931	-0.26	0.5508
		b:
			-15.1643
			-77.2824
			342.2724
			-127.5795
			-158.0439
			137.8846
	==================================================================================
	Q3:
		Shape: Ellipse
		q_c:	133.0	351.0	219.5
		ub :	138.6244	356.204	224.5604
		lb :	127.3756	345.796	214.4396
		P^-1:
			0.0943	0.0091	0.0212
			0.0091	0.0651	0.0061
			0.0212	0.0061	0.0767
	==================================================================================
	Q4:
		Shape: Polyhedra
		q_c:	120.0	341.0	226.0
		ub :	127.451	346.9338	232.6901
		lb :	112.549	335.0662	219.3099
		A:
			-0.3972	-0.4694	-0.7886
			-0.4218	-0.4182	-0.8045
			0.5752	0.5296	0.6235
			-0.4999	-0.6802	-0.5361
			0.0968	0.27	-0.958
			0.1034	0.5196	0.8481
			0.4679	0.4811	0.7413
			-0.8683	0.0942	0.4869
			0.1645	-0.8716	0.4619
			-0.4679	-0.4811	-0.7413
			0.8683	-0.0942	-0.4869
			-0.1645	0.8716	-0.4619
		b:
			-384.8
			-373.8662
			391.995
			-411.2103
			-107.6103
			384.0571
			388.7601
			44.9522
			-167.5859
			-386.7601
			-30.9522
			178.5859
	==================================================================================
	Q5:
		Shape: Polyhedra
		q_c:	134.5	341.0	220.5
		ub :	141.799	349.6058	228.3769
		lb :	127.201	332.3942	212.6231
		A:
			-0.6659	0.5835	0.465
			0.9751	-0.2191	0.0335
			0.2147	0.9597	0.1812
			0.2694	-0.5388	-0.7982
			0.2231	-0.0209	0.9746
			0.5556	-0.4124	-0.722
			0.7623	0.5388	0.3586
			0.2119	-0.7313	0.6483
			0.6115	-0.4182	-0.6717
			-0.7623	-0.5388	-0.3586
			-0.2119	0.7313	-0.6483
			-0.6115	0.4182	0.6717
		b:
			215.2351
			68.4883
			401.4576
			-320.0112
			243.0241
			-222.0806
			370.8257
			-71.9165
			-205.4649
			-359.8257
			83.9165
			211.4649
	==================================================================================
	Q6:
		Shape: Hybrid
		q_c:	133.0	348.0	208.0
		ub :	137.6717	352.6286	211.6799
		lb :	128.3283	343.3714	204.3201
		P^-1:
			0.1652	0.0415	0.0613
			0.0415	0.1023	0.0323
			0.0613	0.0323	0.1752
		A:
			0.9826	-0.122	-0.1402
			-0.3519	0.131	-0.9268
			-0.8839	-0.2144	-0.4156
			-0.5151	-0.5057	-0.692
			0.8024	0.4117	0.432
			-0.873	-0.3311	-0.3581
		b:
			60.9844
			-192.5551
			-277.4424
			-387.3512
			340.961
			-304.6425


===========================================================================================
===========================================================================================
S13:
	q_c:	19.5	146.5	70.0
	ub :	51.2854	175.3887	89.5312
	lb :	-5.1017	121.2538	42.2017

	==================================================================================
	Q1:
		Shape: Ellipse
		q_c:	4.5	152.0	69.0
		ub :	11.3081	159.3801	73.7626
		lb :	-2.3081	144.6199	64.2374
		P^-1:
			0.2944	0.0542	0.4242
			0.0542	0.0476	0.0824
			0.4242	0.0824	0.7311
	==================================================================================
	Q2:
		Shape: Hybrid
		q_c:	37.5	152.5	80.0
		ub :	51.2854	164.7332	89.5312
		lb :	23.7146	140.2668	70.4688
		P^-1:
			0.0107	-0.0008	-0.002
			-0.0008	0.012	0.0
			-0.002	0.0	0.02
		A:
			-0.3177	-0.7787	0.541
			-0.8077	0.5815	0.0971
			0.8143	-0.5793	-0.0362
			-0.5389	-0.825	0.1702
			-0.7038	-0.0686	0.7071
			0.11	0.3778	-0.9193
		b:
			-82.2356
			71.7921
			-55.005
			-126.4214
			24.2277
			-7.9293
	==================================================================================
	Q3:
		Shape: Polyhedra
		q_c:	12.5	165.5	67.5
		ub :	22.4664	175.3887	76.5072
		lb :	2.5336	155.6113	58.4928
		A:
			-0.1984	-0.0856	-0.9764
			-0.1243	-0.8833	-0.452
			0.6733	-0.2789	-0.6848
			0.2937	-0.8874	-0.3554
			0.7371	0.061	0.673
			-0.9895	0.0907	0.1121
			0.4585	0.6193	0.6374
			-0.6957	0.6963	-0.1762
			-0.5529	-0.3627	0.7502
			-0.4585	-0.6193	-0.6374
			0.6957	-0.6963	0.1762
			0.5529	0.3627	-0.7502
		b:
			-76.7282
			-172.2538
			-78.2725
			-161.1854
			70.735
			16.037
			157.2545
			100.6533
			-10.7968
			-145.2545
			-88.6533
			21.7968
	==================================================================================
	Q4:
		Shape: Hybrid
		q_c:	9.0	132.0	57.5
		ub :	23.1017	142.7462	69.3215
		lb :	-5.1017	121.2538	45.6785
		P^-1:
			0.0081	0.0003	-0.0017
			0.0003	0.0111	0.0
			-0.0017	0.0	0.0134
		A:
			0.4771	0.6499	0.5916
			-0.5704	0.4795	0.6668
			-0.5355	0.0846	-0.8403
			-0.4965	0.8679	-0.0159
			0.0778	-0.9378	0.3383
			0.3849	0.7005	-0.601
		b:
			129.8649
			101.5368
			-35.9222
			115.0778
			-98.3528
			66.1865
	==================================================================================
	Q5:
		Shape: Polyhedra
		q_c:	8.5	150.5	82.5
		ub :	14.1252	156.939	87.783
		lb :	2.8748	144.061	77.217
		A:
			0.8812	0.1303	0.4545
			0.4283	-0.0275	0.9032
			-0.8941	-0.0346	-0.4466
			0.1333	-0.8798	-0.4562
			0.2708	-0.9626	0.0127
			-0.5884	-0.7078	0.391
			0.5644	0.7741	0.2868
			0.8253	-0.5211	-0.2176
			-0.019	0.3595	-0.9329
			-0.5644	-0.7741	-0.2868
			-0.8253	0.5211	0.2176
			0.019	-0.3595	0.9329
		b:
			68.5272
			77.648
			-45.7305
			-164.9233
			-137.5827
			-75.4429
			148.9625
			-85.3573
			-19.5199
			-140.9625
			93.3573
			26.5199
	==================================================================================
	Q6:
		Shape: Ellipse
		q_c:	6.0	150.0	54.5
		ub :	16.6793	162.5293	66.7983
		lb :	-4.6793	137.4707	42.2017
		P^-1:
			0.0307	0.0057	-0.0043
			0.0057	0.0194	0.0104
			-0.0043	0.0104	0.0251


