3D_40_14_6_b                l = 3

===========================================================================================
===========================================================================================
S1:
	q_c:	515.5	90.0	417.0
	ub :	529.9114	104.0665	428.3205
	lb :	498.8237	73.3555	399.4818

	==================================================================================
	Q1:
		Shape: Ellipse
		q_c:	509.5	98.5	411.5
		ub :	514.8302	104.0665	417.4229
		lb :	504.1698	92.9335	405.5771
		P^-1:
			0.0677	-0.0084	-0.0014
			-0.0084	0.076	0.0042
			-0.0014	0.0042	0.0335
	==================================================================================
	Q2:
		Shape: Polyhedra
		q_c:	522.0	88.5	412.5
		ub :	529.9114	95.324	419.6179
		lb :	514.0886	81.676	405.3821
		A:
			-0.5693	-0.817	-0.0917
			-0.3735	-0.5894	0.7163
			-0.0256	-0.6107	-0.7914
			0.9526	0.2955	-0.0719
			-0.6266	0.5447	-0.5573
			-0.2546	-0.8405	-0.4783
			0.3979	0.5772	0.7131
			-0.4692	0.796	-0.3825
			-0.7884	-0.1824	0.5875
			-0.3979	-0.5772	-0.7131
			0.4692	-0.796	0.3825
			0.7884	0.1824	-0.5875
		b:
			-403.2392
			53.8614
			-390.7633
			498.6851
			-503.5397
			-401.4874
			555.4307
			-326.7626
			-179.8151
			-550.4307
			337.7626
			190.8151
	==================================================================================
	Q3:
		Shape: Polyhedra
		q_c:	517.0	81.0	414.5
		ub :	524.171	88.6445	421.3173
		lb :	509.829	73.3555	407.6827
		A:
			-0.112	0.6883	-0.7168
			-0.8675	-0.0183	0.497
			-0.1875	-0.5449	0.8173
			0.1644	0.4262	0.8895
			0.2639	0.7736	0.576
			-0.7253	0.476	0.4974
			0.8661	0.4986	0.0364
			0.4712	-0.8386	0.2734
			0.1668	-0.2197	-0.9612
			-0.8661	-0.4986	-0.0364
			-0.4712	0.8386	-0.2734
			-0.1668	0.2197	0.9612
		b:
			-294.1062
			-239.0563
			202.8308
			493.5814
			442.9396
			-125.0407
			507.7223
			294.038
			-324.4766
			-498.7223
			-284.038
			335.4766
	==================================================================================
	Q4:
		Shape: Ellipse
		q_c:	511.0	97.0	414.5
		ub :	517.1806	101.6023	420.9884
		lb :	504.8194	92.3977	408.0116
		P^-1:
			0.0537	0.0004	0.0063
			0.0004	0.0806	0.0046
			0.0063	0.0046	0.0593
	==================================================================================
	Q5:
		Shape: Ellipse
		q_c:	506.5	80.0	421.5
		ub :	514.1763	85.0037	428.3205
		lb :	498.8237	74.9963	414.6795
		P^-1:
			0.0956	0.0324	-0.095
			0.0324	0.1119	-0.0586
			-0.095	-0.0586	0.1445
	==================================================================================
	Q6:
		Shape: Hybrid
		q_c:	516.5	90.5	408.0
		ub :	524.9862	98.9623	416.5182
		lb :	508.0138	82.0377	399.4818
		P^-1:
			0.0442	0.005	0.0161
			0.005	0.032	0.0017
			0.0161	0.0017	0.0471
		A:
			-0.8791	0.2564	-0.4019
			0.5854	0.7355	0.341
			0.9716	0.1383	0.192
			-0.7831	0.6044	-0.1466
			0.2075	-0.0954	0.9736
			-0.8449	-0.457	0.278
		b:
			-592.1525
			510.8179
			595.3636
			-406.1192
			498.355
			-361.0083


===========================================================================================
===========================================================================================
S2:
	q_c:	478.5	483.0	124.5
	ub :	487.9881	501.3401	145.3244
	lb :	466.9387	467.3423	112.2977

	==================================================================================
	Q1:
		Shape: Ellipse
		q_c:	475.0	486.0	134.5
		ub :	482.4228	493.5431	141.7839
		lb :	467.5772	478.4569	127.2161
		P^-1:
			0.0557	0.0174	-0.0029
			0.0174	0.0506	0.0193
			-0.0029	0.0193	0.0657
	==================================================================================
	Q2:
		Shape: Ellipse
		q_c:	474.5	484.0	119.5
		ub :	481.3958	490.1613	126.7023
		lb :	467.6042	477.8387	112.2977
		P^-1:
			0.0729	-0.0165	0.0232
			-0.0165	0.0854	-0.0216
			0.0232	-0.0216	0.0431
	==================================================================================
	Q3:
		Shape: Polyhedra
		q_c:	471.5	476.5	116.5
		ub :	476.0613	480.9694	119.8857
		lb :	466.9387	472.0306	113.1143
		A:
			0.7611	0.1302	-0.6354
			0.8119	-0.2281	-0.5374
			0.5217	0.4939	0.6956
			0.12	-0.8889	0.4421
			-0.0359	-0.0195	0.9992
			0.2735	0.7772	0.5667
			0.2089	0.5587	0.8027
			0.7638	0.4194	-0.4906
			-0.6107	0.7155	-0.3391
			-0.2089	-0.5587	-0.8027
			-0.7638	-0.4194	0.4906
			0.6107	-0.7155	0.3391
		b:
			349.3152
			214.3082
			563.7619
			-311.8365
			92.2209
			566.7095
			459.1866
			505.312
			17.4848
			-457.1866
			-500.312
			-9.4848
	==================================================================================
	Q4:
		Shape: Ellipse
		q_c:	477.5	493.5	139.0
		ub :	485.9381	501.3401	145.3244
		lb :	469.0619	485.6599	132.6756
		P^-1:
			0.041	0.0271	0.0111
			0.0271	0.069	0.0291
			0.0111	0.0291	0.0741
	==================================================================================
	Q5:
		Shape: Hybrid
		q_c:	479.5	480.5	125.5
		ub :	487.9881	487.2545	133.5724
		lb :	471.0119	473.7455	117.4276
		P^-1:
			0.04	-0.0083	-0.0116
			-0.0083	0.0583	-0.0001
			-0.0116	-0.0001	0.0413
		A:
			0.9363	0.0107	-0.3509
			-0.0013	-0.2773	0.9608
			0.5125	0.8444	-0.1563
			-0.4722	0.702	0.5331
			0.2452	-0.9477	0.2042
			0.4751	0.6844	-0.553
		b:
			412.8741
			-10.291
			634.5766
			179.8692
			-310.0533
			489.8174
	==================================================================================
	Q6:
		Shape: Hybrid
		q_c:	474.5	474.0	118.5
		ub :	480.6709	480.6577	120.6313
		lb :	468.3291	467.3423	116.3687
		P^-1:
			0.0923	-0.0622	0.1015
			-0.0622	0.0964	-0.1792
			0.1015	-0.1792	0.9501
		A:
			-0.4682	0.3391	-0.8159
			0.4977	-0.273	0.8232
			0.0995	-0.2223	0.9699
			0.1975	-0.0321	0.9798
			0.1171	-0.4554	0.8825
			-0.3337	-0.3308	0.8827
		b:
			-157.0476
			205.5622
			57.2582
			195.5661
			-54.5756
			-208.3997


===========================================================================================
===========================================================================================
S3:
	q_c:	303.5	429.0	179.0
	ub :	323.3787	445.1325	204.3393
	lb :	287.6022	415.7257	149.5705

	==================================================================================
	Q1:
		Shape: Polyhedra
		q_c:	307.5	434.0	167.0
		ub :	317.1435	445.1325	178.3609
		lb :	297.8565	422.8675	155.6391
		A:
			0.6128	0.0618	0.7879
			0.3888	-0.1757	0.9044
			-0.0342	0.5007	0.865
			-0.1585	-0.7451	-0.6479
			0.8877	0.4497	-0.0984
			-0.1643	-0.5462	-0.8214
			0.8138	0.0994	0.5726
			0.0814	0.956	-0.2818
			-0.5754	0.2759	0.7699
			-0.8138	-0.0994	-0.5726
			-0.0814	-0.956	0.2818
			0.5754	-0.2759	-0.7699
		b:
			352.9451
			201.0707
			358.0866
			-472.9465
			458.8927
			-417.942
			395.0254
			401.889
			78.4052
			-383.0254
			-383.889
			-64.4052
	==================================================================================
	Q2:
		Shape: Hybrid
		q_c:	297.0	428.5	194.0
		ub :	306.3978	438.0456	204.3393
		lb :	287.6022	418.9544	183.6607
		P^-1:
			0.0831	-0.0493	-0.0571
			-0.0493	0.0611	0.023
			-0.0571	0.023	0.0648
		A:
			-0.635	0.7609	0.1332
			0.4845	-0.579	-0.6558
			-0.5549	0.3541	0.7528
			-0.5881	0.795	0.1488
			-0.9854	0.1695	-0.0181
			0.4708	-0.1373	-0.8715
		b:
			165.3429
			-229.0014
			134.9402
			196.9159
			-217.7567
			-85.4872
	==================================================================================
	Q3:
		Shape: Ellipse
		q_c:	304.0	431.0	170.5
		ub :	311.1458	440.4533	180.1742
		lb :	296.8542	421.5467	160.8258
		P^-1:
			0.0568	0.0014	-0.0127
			0.0014	0.0226	0.0071
			-0.0127	0.0071	0.034
	==================================================================================
	Q4:
		Shape: Hybrid
		q_c:	308.5	423.0	185.0
		ub :	319.4059	430.2743	188.1145
		lb :	297.5941	415.7257	181.8855
		P^-1:
			0.0117	-0.0069	0.0002
			-0.0069	0.0384	-0.0014
			0.0002	-0.0014	0.1111
		A:
			0.02	-0.9794	-0.2011
			-0.3094	-0.7268	0.6132
			0.3376	-0.2274	-0.9134
			-0.2457	-0.8411	-0.4818
			0.053	-0.4896	-0.8703
			-0.696	0.4666	-0.5457
		b:
			-441.5191
			-284.9817
			-158.3372
			-516.2278
			-349.5704
			-113.1641
	==================================================================================
	Q5:
		Shape: Polyhedra
		q_c:	315.0	424.0	185.5
		ub :	323.3787	431.024	194.1752
		lb :	306.6213	416.976	176.8248
		A:
			-0.6056	0.7744	0.1833
			0.6185	0.7042	0.3487
			-0.6861	0.7083	-0.1664
			0.1665	0.0838	-0.9825
			0.6825	0.6019	0.4145
			-0.0912	0.9958	-0.0002
			0.4566	0.6958	0.5544
			-0.3798	0.716	-0.5858
			-0.8045	0.0569	0.5912
			-0.4566	-0.6958	-0.5544
			0.3798	-0.716	0.5858
			0.8045	-0.0569	-0.5912
		b:
			176.7063
			562.6566
			58.4482
			-89.1186
			551.6958
			398.2742
			546.1972
			80.2827
			-114.1158
			-537.1972
			-70.2827
			125.1158
	==================================================================================
	Q6:
		Shape: Ellipse
		q_c:	298.0	430.5	157.0
		ub :	306.1672	434.8183	164.4295
		lb :	289.8328	426.1817	149.5705
		P^-1:
			0.022	0.0103	0.0064
			0.0103	0.1447	0.0401
			0.0064	0.0401	0.0468


===========================================================================================
===========================================================================================
S4:
	q_c:	284.5	355.0	377.5
	ub :	298.1342	379.6353	399.0525
	lb :	259.0191	339.123	360.0469

	==================================================================================
	Q1:
		Shape: Polyhedra
		q_c:	268.5	368.0	387.5
		ub :	277.9809	379.6353	399.0525
		lb :	259.0191	356.3647	375.9475
		A:
			-0.9023	0.2547	0.3479
			-0.0673	0.2511	0.9656
			-0.8622	-0.2805	-0.4219
			-0.8609	0.1252	0.4932
			-0.8648	0.2595	0.4298
			0.1081	-0.5632	0.8192
			0.8523	0.4	0.3369
			0.0059	-0.6516	0.7586
			0.5229	-0.6446	-0.5577
			-0.8523	-0.4	-0.3369
			-0.0059	0.6516	-0.7586
			-0.5229	0.6446	0.5577
		b:
			-7.6196
			455.0462
			-490.2037
			12.2696
			35.7644
			147.2237
			514.6067
			63.752
			-307.9119
			-498.6067
			-47.752
			317.9119
	==================================================================================
	Q2:
		Shape: Polyhedra
		q_c:	282.5	354.0	367.5
		ub :	290.7592	362.232	374.9531
		lb :	274.2408	345.768	360.0469
		A:
			0.3238	0.2098	0.9226
			0.0073	0.5401	0.8416
			-0.0575	0.9626	0.2646
			-0.1119	0.2832	-0.9525
			-0.7064	0.3935	-0.5883
			-0.5607	-0.5715	0.5992
			0.5281	0.7726	0.3524
			0.8356	-0.3989	-0.3777
			-0.1513	0.4939	-0.8563
			-0.5281	-0.7726	-0.3524
			-0.8356	0.3989	0.3777
			0.1513	-0.4939	0.8563
		b:
			509.2967
			507.6509
			427.0215
			-277.3371
			-271.7615
			-135.713
			557.1914
			-37.9543
			-178.5684
			-547.1914
			49.9543
			186.5684
	==================================================================================
	Q3:
		Shape: Polyhedra
		q_c:	288.5	348.0	372.0
		ub :	298.1342	356.877	379.084
		lb :	278.8658	339.123	364.916
		A:
			-0.8162	0.0557	0.575
			-0.4358	0.0745	0.897
			0.294	0.6479	-0.7027
			-0.8124	0.0771	0.578
			-0.9606	0.2741	-0.046
			0.5948	0.0655	-0.8012
			0.723	0.3664	0.5857
			-0.41	0.9099	-0.0631
			-0.556	-0.1945	0.8081
			-0.723	-0.3664	-0.5857
			0.41	-0.9099	0.0631
			0.556	0.1945	-0.8081
		b:
			1.4221
			237.1222
			52.6639
			11.0975
			-192.4837
			-101.0804
			561.9661
			180.8842
			75.0075
			-545.9661
			-168.8842
			-70.0075
	==================================================================================
	Q4:
		Shape: Polyhedra
		q_c:	274.0	369.0	387.5
		ub :	282.1404	372.8407	394.4707
		lb :	265.8596	365.1593	380.5293
		A:
			-0.193	0.7841	-0.5899
			0.166	0.9748	-0.1488
			0.2277	0.865	0.4471
			-0.184	-0.9395	-0.2888
			0.2726	0.9153	-0.2965
			-0.1678	0.9525	0.2539
			0.3002	0.9498	0.0886
			0.4803	-0.0703	-0.8743
			-0.8241	0.305	-0.4772
			-0.3002	-0.9498	-0.0886
			-0.4803	0.0703	0.8743
			0.8241	-0.305	0.4772
		b:
			12.9694
			349.7693
			556.9936
			-507.3023
			299.8722
			406.8341
			468.5387
			-229.1233
			-291.1973
			-465.5387
			237.1233
			305.1973
	==================================================================================
	Q5:
		Shape: Polyhedra
		q_c:	271.0	358.5	371.0
		ub :	275.8234	363.3731	375.4636
		lb :	266.1766	353.6269	366.5364
		A:
			0.7828	-0.3231	0.5318
			-0.2245	0.6885	0.6896
			0.6667	-0.5175	-0.5364
			-0.2168	-0.2875	0.9329
			0.455	0.8845	0.1029
			0.9188	-0.3916	-0.0492
			0.6201	0.7285	0.2912
			-0.2201	-0.1947	0.9558
			0.753	-0.6569	0.0396
			-0.6201	-0.7285	-0.2912
			0.2201	0.1947	-0.9558
			-0.753	0.6569	-0.0396
		b:
			296.4569
			445.0231
			-200.9695
			187.7999
			482.0495
			92.987
			540.7339
			228.6758
			-14.2271
			-533.7339
			-221.6758
			19.2271
	==================================================================================
	Q6:
		Shape: Ellipse
		q_c:	287.5	370.0	385.5
		ub :	295.2577	378.4003	392.4077
		lb :	279.7423	361.5997	378.5923
		P^-1:
			0.0363	-0.0055	-0.0011
			-0.0055	0.0313	0.0007
			-0.0011	0.0007	0.0279


===========================================================================================
===========================================================================================
S5:
	q_c:	101.0	465.5	421.5
	ub :	122.1442	482.4944	437.0781
	lb :	78.4938	444.0484	408.2905

	==================================================================================
	Q1:
		Shape: Polyhedra
		q_c:	95.5	464.0	430.5
		ub :	102.7346	471.4673	437.0781
		lb :	88.2654	456.5327	423.9219
		A:
			-0.239	-0.4568	-0.8569
			0.8074	-0.1523	0.5701
			-0.317	0.7846	0.5328
			0.2766	0.1963	0.9407
			0.9494	-0.1727	-0.2625
			0.2999	0.6327	-0.714
			0.1866	0.6045	0.7744
			0.5884	0.5625	-0.5809
			-0.7867	0.564	-0.2508
			-0.1866	-0.6045	-0.7744
			-0.5884	-0.5625	0.5809
			0.7867	-0.564	0.2508
		b:
			-600.1103
			256.5156
			567.179
			526.2806
			-97.678
			19.3955
			635.2104
			71.6206
			83.6339
			-628.2104
			-62.6206
			-73.6339
	==================================================================================
	Q2:
		Shape: Hybrid
		q_c:	92.0	467.5	423.5
		ub :	98.7698	472.0696	430.4728
		lb :	85.2302	462.9304	416.5272
		P^-1:
			0.055	-0.0476	0.0256
			-0.0476	0.1913	-0.0813
			0.0256	-0.0813	0.0837
		A:
			-0.5191	0.0647	0.8523
			0.5754	-0.8022	0.159
			-0.4313	-0.7767	0.4591
			-0.3516	0.9352	-0.0417
			-0.161	-0.9865	-0.0297
			-0.7319	-0.4404	-0.5199
		b:
			347.3389
			-252.9939
			-205.7448
			388.9803
			-486.0829
			-489.426
	==================================================================================
	Q3:
		Shape: Hybrid
		q_c:	88.5	471.5	423.5
		ub :	98.5062	482.469	434.2496
		lb :	78.4938	460.531	412.7504
		P^-1:
			0.0256	-0.0028	-0.0103
			-0.0028	0.0172	0.0047
			-0.0103	0.0047	0.0306
		A:
			0.2069	0.5936	0.7777
			0.5105	-0.4067	-0.7576
			-0.2599	0.7949	-0.5482
			0.1931	-0.5992	-0.777
			0.9428	-0.0427	-0.3306
			0.8242	-0.4065	-0.3942
		b:
			631.7488
			-464.805
			125.0977
			-591.1295
			-73.2838
			-282.491
	==================================================================================
	Q4:
		Shape: Hybrid
		q_c:	99.5	455.5	419.5
		ub :	107.9487	466.9516	430.7095
		lb :	91.0513	444.0484	408.2905
		P^-1:
			0.036	-0.0066	-0.003
			-0.0066	0.0224	0.0057
			-0.003	0.0057	0.0209
		A:
			0.4557	-0.7823	-0.4246
			0.1615	0.9359	0.3131
			-0.2055	-0.9426	-0.2632
			-0.1463	0.9396	0.3094
			0.9292	-0.32	0.1848
			0.1918	-0.9814	-0.0095
		b:
			-486.0206
			577.9322
			-555.8801
			547.078
			27.1681
			-427.6223
	==================================================================================
	Q5:
		Shape: Ellipse
		q_c:	115.0	466.5	428.5
		ub :	122.1442	472.7895	436.5144
		lb :	107.8558	460.2105	420.4856
		P^-1:
			0.0448	-0.0065	-0.0161
			-0.0065	0.0601	-0.0059
			-0.0161	-0.0059	0.0479
	==================================================================================
	Q6:
		Shape: Polyhedra
		q_c:	112.0	476.5	427.5
		ub :	119.9239	482.4944	435.217
		lb :	104.0761	470.5056	419.783
		A:
			-0.2975	-0.8229	-0.484
			0.9279	0.3242	-0.1841
			0.0321	0.1494	0.9883
			-0.4067	0.5471	-0.7317
			0.2765	0.8022	0.5292
			0.1568	-0.5974	-0.7865
			0.7385	0.1031	0.6664
			-0.5997	-0.3513	0.719
			0.3083	-0.9306	-0.1976
			-0.7385	-0.1031	-0.6664
			0.5997	0.3513	-0.719
			-0.3083	0.9306	0.1976
		b:
			-627.9318
			184.707
			502.1792
			-92.877
			643.8821
			-598.8616
			421.718
			77.7821
			-489.3573
			-411.718
			-67.7821
			497.3573


===========================================================================================
===========================================================================================
S6:
	q_c:	480.5	141.0	458.0
	ub :	483.3812	149.654	463.1761
	lb :	471.8864	134.5804	447.677

	==================================================================================
	Q1:
		Shape: Polyhedra
		q_c:	475.0	138.0	451.0
		ub :	478.1136	141.3977	452.7327
		lb :	471.8864	134.6023	449.2673
		A:
			0.2884	0.8038	-0.5203
			-0.04	0.4259	-0.9039
			0.167	0.227	-0.9595
			0.4384	0.6316	-0.6394
			-0.023	-0.5794	0.8147
			0.3208	0.9318	0.1698
			0.7559	0.6328	0.168
			0.6545	-0.7367	-0.1699
			0.0163	0.2384	-0.971
			-0.7559	-0.6328	-0.168
			-0.6545	0.7367	0.1699
			-0.0163	-0.2384	0.971
		b:
			14.754
			-366.7418
			-320.996
			8.2862
			277.8184
			359.5786
			523.647
			135.6107
			-396.2995
			-520.647
			-129.6107
			398.2995
	==================================================================================
	Q2:
		Shape: Polyhedra
		q_c:	479.5	138.0	459.5
		ub :	483.2093	141.4196	463.1761
		lb :	475.7907	134.5804	455.8239
		A:
			-0.8258	-0.4755	-0.3033
			-0.6001	-0.6194	-0.5062
			-0.7547	-0.6159	-0.2258
			-0.0938	-0.1578	0.983
			-0.3788	0.9052	0.1926
			-0.0801	0.3687	0.9261
			0.3886	0.6722	0.6302
			-0.6511	0.6843	-0.3284
			-0.652	-0.2827	0.7035
			-0.3886	-0.6722	-0.6302
			0.6511	-0.6843	0.3284
			0.652	0.2827	-0.7035
		b:
			-598.8299
			-603.7886
			-548.5276
			387.2588
			33.8069
			440.1949
			570.6672
			-366.6697
			-25.8687
			-566.6672
			370.6697
			30.8687
	==================================================================================
	Q3:
		Shape: Polyhedra
		q_c:	479.5	139.0	454.0
		ub :	482.6689	141.0023	457.7041
		lb :	476.3311	136.9977	450.2959
		A:
			-0.6091	0.6552	0.4469
			0.4003	0.8924	-0.2086
			0.1627	0.9728	-0.1649
			0.1865	-0.9363	0.2975
			-0.4573	0.2968	-0.8383
			-0.4702	-0.6512	0.5958
			0.4413	0.2337	0.8664
			-0.8958	0.1722	0.4098
			-0.0534	-0.957	0.2853
			-0.4413	-0.2337	-0.8664
			0.8958	-0.1722	-0.4098
			0.0534	0.957	-0.2853
		b:
			3.8594
			222.5443
			139.4607
			95.47
			-555.976
			-44.0243
			640.4279
			-217.534
			-28.1165
			-634.4279
			221.534
			30.1165
	==================================================================================
	Q4:
		Shape: Polyhedra
		q_c:	480.0	143.0	453.5
		ub :	483.3812	147.0347	457.5017
		lb :	476.6188	138.9653	449.4983
		A:
			-0.6874	0.122	0.7159
			0.1683	-0.4553	-0.8743
			-0.0381	0.1518	0.9877
			-0.8015	0.5177	0.2994
			0.1001	0.2469	0.9639
			-0.0934	-0.7184	-0.6893
			0.1155	0.6844	0.7199
			-0.7842	0.5076	-0.3568
			-0.6096	-0.5234	0.5953
			-0.1155	-0.6844	-0.7199
			0.7842	-0.5076	0.3568
			0.6096	0.5234	-0.5953
		b:
			14.61
			-378.3318
			453.7837
			-172.6758
			522.9355
			-457.6887
			482.2852
			-463.6323
			-94.9884
			-477.2852
			467.6323
			99.9884
	==================================================================================
	Q5:
		Shape: Ellipse
		q_c:	479.5	147.5	455.0
		ub :	482.3386	149.654	457.5432
		lb :	476.6614	145.346	452.4568
		P^-1:
			0.1775	-0.0743	0.0889
			-0.0743	0.6211	-0.3676
			0.0889	-0.3676	0.6113
	==================================================================================
	Q6:
		Shape: Polyhedra
		q_c:	477.5	137.5	450.0
		ub :	479.6754	140.2401	452.323
		lb :	475.3246	134.7599	447.677
		A:
			-0.2667	0.6218	0.7364
			-0.0241	0.0123	-0.9996
			-0.6254	-0.6388	0.448
			-0.4472	0.1598	0.8801
			0.2194	-0.5892	-0.7776
			0.179	-0.2319	-0.9561
			0.0535	0.5968	0.8006
			0.0509	0.799	-0.5991
			-0.9973	0.0728	0.0124
			-0.0535	-0.5968	-0.8006
			-0.0509	-0.799	0.5991
			0.9973	-0.0728	-0.0124
		b:
			290.6439
			-457.9266
			-182.5563
			206.0962
			-325.061
			-375.2494
			468.8704
			-132.9089
			-458.6237
			-466.8704
			137.9089
			462.6237


===========================================================================================
===========================================================================================
S7:
	q_c:	148.5	362.0	158.0
	ub :	161.5671	375.9712	171.3239
	lb :	141.2165	356.0269	145.6135

	==================================================================================
	Q1:
		Shape: Polyhedra
		q_c:	144.0	365.0	151.0
		ub :	146.2135	370.3538	156.3865
		lb :	141.7865	359.6462	145.6135
		A:
			0.8121	-0.5825	0.0348
			0.849	-0.1219	0.5141
			0.9171	-0.0198	-0.3982
			0.9488	-0.0021	-0.3159
			-0.0301	0.966	0.2567
			0.7759	-0.3345	-0.5349
			0.2108	0.6653	0.7162
			0.0974	0.7147	-0.6926
			-0.9727	0.2158	0.0859
			-0.2108	-0.6653	-0.7162
			-0.0974	-0.7147	0.6926
			0.9727	-0.2158	-0.0859
		b:
			-88.7354
			157.8958
			66.1865
			89.4927
			391.0276
			-88.8782
			385.8419
			173.303
			-47.3454
			-376.8419
			-167.303
			49.3454
	==================================================================================
	Q2:
		Shape: Ellipse
		q_c:	147.0	362.0	151.5
		ub :	152.7835	367.9731	155.9957
		lb :	141.2165	356.0269	147.0043
		P^-1:
			0.0767	0.0151	-0.0671
			0.0151	0.0577	-0.0371
			-0.0671	-0.0371	0.2144
	==================================================================================
	Q3:
		Shape: Ellipse
		q_c:	152.0	370.5	166.5
		ub :	157.8345	375.9712	171.3239
		lb :	146.1655	365.0288	161.6761
		P^-1:
			0.0685	0.0193	-0.035
			0.0193	0.0833	-0.0159
			-0.035	-0.0159	0.1392
	==================================================================================
	Q4:
		Shape: Ellipse
		q_c:	157.5	361.5	161.0
		ub :	161.5671	366.1875	165.6203
		lb :	153.4329	356.8125	156.3797
		P^-1:
			0.2392	-0.047	-0.1845
			-0.047	0.075	0.0491
			-0.1845	0.0491	0.2553
	==================================================================================
	Q5:
		Shape: Ellipse
		q_c:	155.0	365.0	161.5
		ub :	159.9638	369.9711	164.1069
		lb :	150.0362	360.0289	158.8931
		P^-1:
			0.1937	0.0249	-0.2995
			0.0249	0.0872	-0.0666
			-0.2995	-0.0666	0.8824
	==================================================================================
	Q6:
		Shape: Hybrid
		q_c:	149.0	363.0	160.5
		ub :	151.9575	365.2962	164.4377
		lb :	146.0425	360.7038	156.5623
		P^-1:
			0.3754	-0.0049	-0.1421
			-0.0049	0.2488	-0.0132
			-0.1421	-0.0132	0.1518
		A:
			0.7338	0.1823	-0.6545
			0.8007	-0.5101	-0.3142
			0.7628	-0.6318	-0.1377
			0.4501	0.8714	-0.195
			0.7849	-0.5248	0.3296
			0.5051	0.7719	-0.3861
		b:
			71.4144
			-115.4066
			-136.7283
			353.2488
			-18.8805
			294.5491


===========================================================================================
===========================================================================================
S8:
	q_c:	83.5	56.0	253.5
	ub :	112.3379	84.1117	277.2662
	lb :	59.8958	41.8685	231.1229

	==================================================================================
	Q1:
		Shape: Polyhedra
		q_c:	90.5	73.5	241.5
		ub :	101.393	84.1117	251.8771
		lb :	79.607	62.8883	231.1229
		A:
			0.5827	-0.7855	0.2087
			0.858	0.1789	-0.4815
			0.7833	-0.4393	-0.4397
			-0.8016	0.3098	-0.5113
			0.8637	-0.502	-0.0447
			0.9983	-0.029	-0.051
			0.5134	0.5763	0.6358
			0.7015	-0.7086	0.0759
			0.4943	0.407	-0.7681
			-0.5134	-0.5763	-0.6358
			-0.7015	0.7086	-0.0759
			-0.4943	-0.407	0.7681
		b:
			51.0135
			-18.0052
			-61.235
			-167.5586
			36.1764
			82.2708
			248.3673
			35.2249
			-102.8569
			-236.3673
			-24.2249
			118.8569
	==================================================================================
	Q2:
		Shape: Hybrid
		q_c:	95.5	51.0	247.0
		ub :	104.622	60.1315	254.3561
		lb :	86.378	41.8685	239.6439
		P^-1:
			0.0306	0.0117	0.0083
			0.0117	0.0435	0.0143
			0.0083	0.0143	0.0398
		A:
			0.1016	-0.2479	-0.9634
			0.6049	0.0814	0.7922
			-0.2126	-0.0273	-0.9768
			0.4827	-0.4226	0.767
			0.5404	-0.2439	-0.8053
			-0.1652	-0.9838	0.069
		b:
			-237.7701
			260.6418
			-259.7666
			218.013
			-155.8618
			-45.7516
	==================================================================================
	Q3:
		Shape: Polyhedra
		q_c:	83.5	66.5	267.5
		ub :	86.8173	74.9383	275.5521
		lb :	80.1827	58.0617	259.4479
		A:
			-0.6367	-0.6477	0.4184
			0.1279	0.4414	-0.8881
			-0.7472	0.6289	-0.2148
			0.936	-0.2407	0.2567
			0.099	0.4648	-0.8798
			-0.7879	0.5484	-0.28
			0.1163	0.7172	0.6871
			0.1184	0.6768	-0.7265
			-0.9861	0.1659	-0.0062
			-0.1163	-0.7172	-0.6871
			-0.1184	-0.6768	0.7265
			0.9861	-0.1659	0.0062
		b:
			19.3435
			-193.5121
			-75.0499
			133.1085
			-192.2169
			-101.6607
			249.2052
			-135.9475
			-70.9741
			-233.2052
			142.9475
			74.9741
	==================================================================================
	Q4:
		Shape: Hybrid
		q_c:	66.0	65.0	246.5
		ub :	72.1042	72.2876	253.7262
		lb :	59.8958	57.7124	239.2738
		P^-1:
			0.0865	-0.0115	-0.0286
			-0.0115	0.0491	0.0138
			-0.0286	0.0138	0.0648
		A:
			-0.1359	0.9832	0.1219
			0.2418	-0.103	-0.9648
			0.0595	0.6268	0.7769
			-0.5071	0.6051	0.6137
			0.6586	0.1582	-0.7357
			0.9174	-0.3578	0.1741
		b:
			87.9637
			-226.2021
			238.7661
			158.9865
			-125.5816
			82.7129
	==================================================================================
	Q5:
		Shape: Ellipse
		q_c:	101.5	64.0	266.0
		ub :	112.3379	75.6837	277.2662
		lb :	90.6621	52.3163	254.7338
		P^-1:
			0.0224	-0.0014	0.0007
			-0.0014	0.0214	-0.0005
			0.0007	-0.0005	0.0206
	==================================================================================
	Q6:
		Shape: Hybrid
		q_c:	92.5	68.5	246.0
		ub :	102.0091	74.5472	257.453
		lb :	82.9909	62.4528	234.547
		P^-1:
			0.0363	-0.0168	-0.0083
			-0.0168	0.0753	0.0002
			-0.0083	0.0002	0.0131
		A:
			0.4878	-0.4333	-0.7578
			0.2487	-0.7812	-0.5726
			-0.9374	-0.095	0.3352
			-0.4776	0.7621	0.4372
			0.7852	0.3034	-0.5399
			-0.0471	0.954	-0.2962
		b:
			-165.9192
			-167.1217
			-7.113
			118.5438
			-35.3918
			-9.2725


===========================================================================================
===========================================================================================
S9:
	q_c:	66.5	468.0	433.5
	ub :	86.201	492.488	453.5018
	lb :	43.3975	440.6209	419.8384

	==================================================================================
	Q1:
		Shape: Ellipse
		q_c:	81.0	451.0	438.5
		ub :	86.201	461.3791	448.7529
		lb :	75.799	440.6209	428.2471
		P^-1:
			0.2121	-0.0683	0.0526
			-0.0683	0.0429	-0.0143
			0.0526	-0.0143	0.0343
	==================================================================================
	Q2:
		Shape: Ellipse
		q_c:	68.0	460.0	427.5
		ub :	76.2659	468.434	433.4574
		lb :	59.7341	451.566	421.5426
		P^-1:
			0.0795	0.0479	0.0432
			0.0479	0.0594	0.0374
			0.0432	0.0374	0.0814
	==================================================================================
	Q3:
		Shape: Ellipse
		q_c:	62.5	472.5	444.5
		ub :	70.6773	479.4669	451.2539
		lb :	54.3227	465.5331	437.7461
		P^-1:
			0.0157	0.0026	-0.0026
			0.0026	0.0895	-0.0697
			-0.0026	-0.0697	0.0908
	==================================================================================
	Q4:
		Shape: Hybrid
		q_c:	61.0	467.5	442.5
		ub :	72.4913	473.2253	453.5018
		lb :	49.5087	461.7747	431.4982
		P^-1:
			0.0169	0.0009	0.0081
			0.0009	0.0488	0.0035
			0.0081	0.0035	0.0226
		A:
			0.1784	-0.9513	-0.2514
			-0.6594	0.6976	-0.2804
			-0.6646	0.6267	-0.4069
			0.0866	-0.4074	-0.9091
			-0.7064	0.5625	-0.4296
			-0.4421	-0.7055	-0.5539
		b:
			-542.3586
			165.654
			76.1102
			-582.6453
			33.6949
			-599.0556
	==================================================================================
	Q5:
		Shape: Ellipse
		q_c:	54.0	482.5	430.5
		ub :	64.6025	492.488	441.1616
		lb :	43.3975	472.512	419.8384
		P^-1:
			0.0377	-0.0216	-0.0034
			-0.0216	0.0436	-0.0036
			-0.0034	-0.0036	0.0187
	==================================================================================
	Q6:
		Shape: Ellipse
		q_c:	77.0	468.0	429.5
		ub :	84.4901	476.3559	437.1187
		lb :	69.5099	459.6441	421.8813
		P^-1:
			0.0429	0.0031	0.003
			0.0031	0.0433	0.0032
			0.003	0.0032	0.0432


===========================================================================================
===========================================================================================
S10:
	q_c:	128.5	456.5	177.5
	ub :	134.9143	465.108	184.2289
	lb :	120.9229	452.6968	171.8602

	==================================================================================
	Q1:
		Shape: Ellipse
		q_c:	128.5	456.5	179.5
		ub :	131.9459	459.5873	182.7522
		lb :	125.0541	453.4127	176.2478
		P^-1:
			0.25	0.0	0.0
			0.0	0.25	0.0
			0.0	0.0	0.25
	==================================================================================
	Q2:
		Shape: Hybrid
		q_c:	126.0	461.5	175.5
		ub :	129.6317	464.6978	178.683
		lb :	122.3683	458.3022	172.317
		P^-1:
			0.2282	-0.0369	-0.0112
			-0.0369	0.1876	-0.019
			-0.0112	-0.019	0.2442
		A:
			-0.3214	0.2807	-0.9044
			0.37	-0.1515	0.9166
			-0.4613	-0.6894	0.5585
			0.128	-0.2389	-0.9626
			-0.9298	-0.2659	0.2545
			-0.9749	-0.1403	0.1726
		b:
			-68.6421
			138.6321
			-277.0267
			-261.9947
			-194.0047
			-156.1255
	==================================================================================
	Q3:
		Shape: Polyhedra
		q_c:	126.5	461.0	176.5
		ub :	128.5309	464.3019	179.5621
		lb :	124.4691	457.6981	173.4379
		A:
			-0.9664	-0.1136	0.2307
			-0.5866	-0.3631	-0.7239
			-0.8017	0.2451	0.5452
			0.8455	-0.4228	0.3262
			0.8694	-0.3608	-0.3377
			-0.8418	-0.3647	0.3979
			0.1518	0.4855	0.8609
			-0.3163	0.8491	-0.4231
			-0.9364	-0.2081	0.2825
			-0.1518	-0.4855	-0.8609
			0.3163	-0.8491	0.4231
			0.9364	0.2081	-0.2825
		b:
			-132.8749
			-367.4885
			109.2072
			-28.3272
			-114.4202
			-203.2545
			396.9939
			279.2332
			-163.5418
			-392.9939
			-274.2332
			165.5418
	==================================================================================
	Q4:
		Shape: Hybrid
		q_c:	124.5	461.0	180.5
		ub :	128.0771	464.4957	184.2289
		lb :	120.9229	457.5043	176.7711
		P^-1:
			0.309	-0.1278	0.0742
			-0.1278	0.3146	0.0243
			0.0742	0.0243	0.182
		A:
			-0.5549	0.7857	0.2733
			-0.9056	-0.2412	-0.349
			-0.0849	0.9729	0.2151
			-0.4466	0.7429	0.4987
			-0.4656	0.885	0.0091
			0.5289	0.7485	-0.4001
		b:
			343.3671
			-285.6504
			477.8415
			377.9927
			352.4835
			340.7515
	==================================================================================
	Q5:
		Shape: Ellipse
		q_c:	132.5	454.5	178.5
		ub :	134.9143	456.3032	180.9863
		lb :	130.0857	452.6968	176.0137
		P^-1:
			0.2864	-0.1574	0.0344
			-0.1574	0.9311	-0.1488
			0.0344	-0.1488	0.2825
	==================================================================================
	Q6:
		Shape: Ellipse
		q_c:	127.0	461.0	175.0
		ub :	130.9559	465.108	178.1398
		lb :	123.0441	456.892	171.8602
		P^-1:
			0.2419	-0.1662	-0.0654
			-0.1662	0.2553	0.0576
			-0.0654	0.0576	0.1889


===========================================================================================
===========================================================================================
S11:
	q_c:	499.5	445.5	484.5
	ub :	503.1699	449.1592	488.0476
	lb :	499.1687	443.131	482.9123

	==================================================================================
	Q1:
		Shape: Ellipse
		q_c:	501.0	446.5	485.0
		ub :	501.7711	447.642	485.5943
		lb :	500.2289	445.358	484.4057
		P^-1:
			3.7452	0.833	0.0741
			0.833	1.2763	-0.2423
			0.0741	-0.2423	3.9784
	==================================================================================
	Q2:
		Shape: Ellipse
		q_c:	501.0	447.0	485.0
		ub :	501.724	447.7166	485.8381
		lb :	500.276	446.2834	484.1619
		P^-1:
			4.0	-0.0	-0.0
			-0.0	4.0	0.0
			-0.0	0.0	4.0
	==================================================================================
	Q3:
		Shape: Polyhedra
		q_c:	501.0	445.0	485.0
		ub :	502.8313	446.869	486.4363
		lb :	499.1687	443.131	483.5637
		A:
			0.3136	0.2662	0.9115
			-0.1991	-0.6896	-0.6962
			0.0776	-0.9353	-0.3452
			-0.2064	-0.4303	-0.8788
			-0.163	-0.2348	-0.9583
			0.4312	0.4718	0.7691
			0.2396	0.5864	0.7737
			-0.9524	0.2968	0.07
			-0.1886	-0.7537	0.6296
			-0.2396	-0.5864	-0.7737
			0.9524	-0.2968	-0.07
			0.1886	0.7537	-0.6296
		b:
			718.3427
			-743.7942
			-543.7741
			-720.5011
			-650.1665
			799.5695
			756.7818
			-309.6
			-123.0214
			-755.7818
			312.6
			126.0214
	==================================================================================
	Q4:
		Shape: Ellipse
		q_c:	501.5	447.5	486.5
		ub :	503.1699	449.1592	488.0476
		lb :	499.8301	445.8408	484.9524
		P^-1:
			1.0	0.0	-0.0
			0.0	1.0	-0.0
			-0.0	-0.0	1.0
	==================================================================================
	Q5:
		Shape: Ellipse
		q_c:	500.5	446.0	484.0
		ub :	501.6877	447.0045	485.0877
		lb :	499.3123	444.9955	482.9123
		P^-1:
			2.7107	-0.7326	-1.2918
			-0.7326	3.5837	-0.7341
			-1.2918	-0.7341	2.7056
	==================================================================================
	Q6:
		Shape: Ellipse
		q_c:	500.5	445.0	485.5
		ub :	501.4186	446.3902	486.8645
		lb :	499.5814	443.6098	484.1355
		P^-1:
			3.704	-0.8407	0.3061
			-0.8407	1.2614	-0.0952
			0.3061	-0.0952	1.0347


===========================================================================================
===========================================================================================
S12:
	q_c:	500.5	26.0	465.0
	ub :	511.6608	46.1406	481.6433
	lb :	475.3743	6.4077	440.4971

	==================================================================================
	Q1:
		Shape: Ellipse
		q_c:	483.5	16.0	468.0
		ub :	491.6257	21.4981	476.343
		lb :	475.3743	10.5019	459.657
		P^-1:
			0.0444	0.0333	-0.0059
			0.0333	0.0931	-0.0083
			-0.0059	-0.0083	0.0218
	==================================================================================
	Q2:
		Shape: Polyhedra
		q_c:	487.0	38.5	459.0
		ub :	496.4068	46.1406	467.0876
		lb :	477.5932	30.8594	450.9124
		A:
			0.722	-0.1488	-0.6757
			0.5648	0.2338	-0.7914
			0.4836	-0.8021	0.3503
			-0.5572	-0.2399	0.795
			0.0216	0.2061	0.9783
			-0.2049	-0.0169	0.9786
			0.8908	0.0663	0.4496
			-0.2418	0.9068	0.3452
			-0.3848	-0.4162	0.8238
			-0.8908	-0.0663	-0.4496
			0.2418	-0.9068	-0.3452
			0.3848	0.4162	-0.8238
		b:
			40.6396
			-75.7858
			371.7468
			87.6681
			472.823
			352.8581
			650.2246
			82.1326
			177.6912
			-635.2246
			-69.1326
			-171.6912
	==================================================================================
	Q3:
		Shape: Ellipse
		q_c:	487.5	19.0	453.5
		ub :	498.6848	31.5923	466.5029
		lb :	476.3152	6.4077	440.4971
		P^-1:
			0.0203	-0.0051	-0.0031
			-0.0051	0.0199	0.0043
			-0.0031	0.0043	0.017
	==================================================================================
	Q4:
		Shape: Hybrid
		q_c:	501.0	19.0	468.0
		ub :	511.6608	23.8207	478.2413
		lb :	490.3392	14.1793	457.7587
		P^-1:
			0.0213	-0.0158	0.0053
			-0.0158	0.1075	-0.0079
			0.0053	-0.0079	0.0216
		A:
			-0.2691	-0.7846	0.5585
			0.2868	0.9303	0.2286
			0.041	0.9239	0.3804
			-0.3335	-0.9416	-0.0469
			-0.0971	0.9131	0.396
			-0.0054	0.9676	0.2525
		b:
			115.7194
			271.2826
			218.867
			-203.9352
			156.7888
			136.1268
	==================================================================================
	Q5:
		Shape: Polyhedra
		q_c:	494.0	21.0	479.0
		ub :	495.7135	23.575	481.6433
		lb :	492.2865	18.425	476.3567
		A:
			-0.3378	-0.9295	0.148
			0.6993	-0.5356	-0.4734
			-0.8846	0.3198	-0.3395
			0.0265	-0.9533	-0.3008
			-0.3145	-0.9469	-0.0674
			0.8695	-0.4475	-0.2092
			0.6063	0.6787	0.4145
			0.7952	-0.5203	-0.3112
			0.0044	0.5183	-0.8552
			-0.6063	-0.6787	-0.4145
			-0.7952	0.5203	0.3112
			-0.0044	-0.5183	0.8552
		b:
			-113.8174
			108.4863
			-591.5053
			-149.6566
			-205.9533
			320.9096
			513.7834
			233.8576
			-394.5615
			-510.7834
			-231.8576
			398.5615
	==================================================================================
	Q6:
		Shape: Polyhedra
		q_c:	497.0	22.0	461.0
		ub :	506.0099	32.5402	471.7808
		lb :	487.9901	11.4598	450.2192
		A:
			0.8232	-0.5638	0.0665
			0.8244	0.4427	-0.3528
			0.7739	-0.3584	0.5221
			-0.0487	-0.9492	-0.311
			-0.6112	0.6715	0.4189
			-0.6026	-0.2898	0.7435
			0.7054	0.4584	0.5406
			0.2202	0.5832	-0.7819
			-0.6738	0.6706	0.3105
			-0.7054	-0.4584	-0.5406
			-0.2202	-0.5832	0.7819
			0.6738	-0.6706	-0.3105
		b:
			432.5807
			263.6634
			623.359
			-182.8694
			-90.875
			44.3424
			615.385
			-230.1838
			-171.9824
			-604.385
			246.1838
			181.9824


===========================================================================================
===========================================================================================
S13:
	q_c:	379.5	439.5	277.5
	ub :	398.7762	464.8582	303.9718
	lb :	358.0958	416.6403	260.0712

	==================================================================================
	Q1:
		Shape: Polyhedra
		q_c:	377.0	446.0	284.0
		ub :	384.55	452.7675	288.3619
		lb :	369.45	439.2325	279.6381
		A:
			-0.3164	-0.3903	-0.8646
			0.6659	-0.6515	0.3635
			0.0532	-0.9264	-0.3728
			0.3318	0.1481	-0.9316
			0.3495	0.2068	0.9138
			0.6263	-0.7285	-0.2774
			0.875	0.4821	0.0437
			0.4814	-0.8572	-0.1829
			-0.0507	0.1811	-0.9822
			-0.875	-0.4821	-0.0437
			-0.4814	0.8572	0.1829
			0.0507	-0.1811	0.9822
		b:
			-534.4791
			67.5195
			-494.7936
			-69.5121
			487.7771
			-163.9327
			563.8099
			-249.2838
			-213.7717
			-550.8099
			256.2838
			220.7717
	==================================================================================
	Q2:
		Shape: Ellipse
		q_c:	374.0	424.5	267.0
		ub :	381.3038	432.3597	269.9615
		lb :	366.6962	416.6403	264.0385
		P^-1:
			0.0972	0.0556	-0.11
			0.0556	0.061	-0.0717
			-0.11	-0.0717	0.3883
	==================================================================================
	Q3:
		Shape: Hybrid
		q_c:	393.5	426.0	272.0
		ub :	398.7762	430.9675	278.147
		lb :	388.2238	421.0325	265.853
		P^-1:
			0.0494	0.0053	0.0058
			0.0053	0.1917	0.0958
			0.0058	0.0958	0.0914
		A:
			-0.618	0.6743	0.4042
			0.4502	-0.8673	-0.2126
			-0.4048	0.8916	0.2031
			0.6069	-0.5245	-0.5972
			-0.027	-0.8118	-0.5834
			-0.5661	-0.7945	-0.2196
		b:
			156.2971
			-248.0839
			277.7566
			-144.5361
			-514.0718
			-618.7485
	==================================================================================
	Q4:
		Shape: Hybrid
		q_c:	380.5	432.0	267.0
		ub :	389.3554	440.6792	273.9288
		lb :	371.6446	423.3208	260.0712
		P^-1:
			0.0617	-0.0508	-0.0379
			-0.0508	0.0829	0.0465
			-0.0379	0.0465	0.0594
		A:
			-0.0817	-0.8325	0.548
			-0.6963	0.6161	0.3682
			-0.5611	0.7836	0.2665
			0.0555	-0.6771	-0.7338
			-0.5364	0.3126	0.784
			0.5076	-0.7107	-0.4871
		b:
			-239.1347
			101.134
			197.9239
			-464.4591
			142.6995
			-242.6421
	==================================================================================
	Q5:
		Shape: Hybrid
		q_c:	377.0	455.0	284.5
		ub :	386.5468	464.8582	292.697
		lb :	367.4532	445.1418	276.303
		P^-1:
			0.0223	0.0051	0.0041
			0.0051	0.0346	0.0122
			0.0041	0.0122	0.0366
		A:
			0.6115	-0.2139	-0.7618
			0.0182	0.8939	0.4479
			-0.0823	0.915	0.395
			-0.3929	-0.0502	0.9182
			-0.6813	0.6067	-0.4097
			-0.0167	0.7541	0.6565
		b:
			-79.5632
			543.6908
			500.5755
			94.0757
			-92.7046
			526.0864
	==================================================================================
	Q6:
		Shape: Ellipse
		q_c:	370.5	440.5	292.0
		ub :	382.9042	449.1667	303.9718
		lb :	358.0958	431.8333	280.0282
		P^-1:
			0.0167	-0.005	-0.0026
			-0.005	0.0305	-0.0046
			-0.0026	-0.0046	0.0187


===========================================================================================
===========================================================================================
S14:
	q_c:	396.5	195.0	442.0
	ub :	408.2806	204.6027	452.7569
	lb :	388.3948	185.496	432.1915

