3D_45_20_6_a                l = 3

===========================================================================================
===========================================================================================
S1:
	q_c:    488.0000    375.5000    213.0000
	ub :    495.0000    400.0000    230.0000
	lb :    481.0000    351.0000    196.0000

	==================================================================================
	Q1:
		Shape: Hybrid
		q_c:    487.5000    376.5000    211.0000
		ub :    491.1030    380.7565    215.3283
		lb :    483.8970    372.2435    206.6717
		P^-1: 
			    0.2194    -0.0161    -0.0434
			    -0.0161    0.1506    0.0354
			    -0.0434    0.0354    0.1511
		A:
			    0.5367    -0.2481    -0.8065
			    0.7120    -0.5637    0.4187
			    -0.9903    -0.1373    0.0216
			    0.2485    -0.9234    -0.2927
			    -0.7680    0.4126    0.4899
			    -0.5551    0.1882    0.8102
		b:
			    -0.7429
			    224.9605
			    -528.7076
			    -286.8595
			    -114.6864
			    -27.5853
	==================================================================================
	Q2:
		Shape: Hybrid
		q_c:    486.0000    377.0000    214.0000
		ub :    490.9111    381.4891    218.2913
		lb :    481.0889    372.5109    209.7087
		P^-1: 
			    0.1210    -0.0496    -0.0677
			    -0.0496    0.1489    0.0051
			    -0.0677    0.0051    0.2026
		A:
			    0.2299    0.1778    -0.9568
			    0.1225    -0.8844    -0.4503
			    0.5853    0.3297    -0.7408
			    -0.2131    -0.7386    0.6396
			    0.7018    -0.3690    -0.6094
			    0.0687    -0.8995    -0.4315
		b:
			    -24.8346
			    -368.5638
			    251.6650
			    -243.5962
			    72.6781
			    -396.2667
	==================================================================================
	Q3:
		Shape: Ellipse
		q_c:    484.5000    374.5000    210.5000
		ub :    489.0674    379.7899    214.8171
		lb :    479.9326    369.2101    206.1829
		P^-1: 
			    0.2895    0.0889    0.1607
			    0.0889    0.0982    0.0584
			    0.1607    0.0584    0.2009
	==================================================================================
	Q4:
		Shape: Hybrid
		q_c:    490.0000    378.0000    218.0000
		ub :    495.3048    382.5876    222.9989
		lb :    484.6952    373.4124    213.0011
		P^-1: 
			    0.0995    0.0058    -0.0187
			    0.0058    0.0835    -0.0054
			    -0.0187    -0.0054    0.0722
		A:
			    -0.3409    0.8479    -0.4060
			    -0.9634    -0.1093    -0.2449
			    -0.8600    0.2743    0.4304
			    0.9825    0.1554    -0.1024
			    -0.9500    -0.2108    -0.2303
			    0.8056    -0.5673    -0.1705
		b:
			    67.0478
			    -564.7823
			    -222.2352
			    519.5022
			    -593.4313
			    144.9550
	==================================================================================
	Q5:
		Shape: Hybrid
		q_c:    489.5000    382.0000    218.5000
		ub :    494.3552    386.1444    223.1889
		lb :    484.6448    377.8556    213.8111
		P^-1: 
			    0.2235    0.0673    0.1517
			    0.0673    0.2255    0.1177
			    0.1517    0.1177    0.2048
		A:
			    0.6446    0.6115    0.4589
			    0.8857    0.1566    0.4370
			    -0.1074    -0.7240    -0.6814
			    -0.5113    -0.8308    0.2198
			    0.5966    -0.0761    0.7989
			    0.1540    0.6401    0.7527
		b:
			    650.3396
			    590.0660
			    -476.7295
			    -516.9327
			    438.9899
			    485.6947
	==================================================================================
	Q6:
		Shape: Ellipse
		q_c:    496.0000    372.0000    216.0000
		ub :    500.8363    376.9028    220.0026
		lb :    491.1637    367.0972    211.9974
		P^-1: 
			    0.1176    0.0085    -0.0143
			    0.0085    0.1222    -0.0186
			    -0.0143    -0.0186    0.1424


===========================================================================================
===========================================================================================
S2:
	q_c:    219.5000    468.5000    379.5000
	ub :    224.0000    470.0000    400.0000
	lb :    215.0000    467.0000    359.0000

	==================================================================================
	Q1:
		Shape: Hybrid
		q_c:    219.0000    468.5000    379.5000
		ub :    220.4401    469.8605    380.5239
		lb :    217.5599    467.1395    378.4761
		P^-1: 
			    1.5235    0.0098    1.1386
			    0.0098    1.0002    0.0213
			    1.1386    0.0213    3.4763
		A:
			    -0.1265    -0.6918    -0.7110
			    -0.6707    -0.3757    -0.6395
			    0.5788    -0.2054    0.7891
			    -0.5112    -0.4291    -0.7447
			    0.1454    -0.2386    -0.9602
			    0.3026    -0.6625    -0.6853
		b:
			    -621.0620
			    -565.1719
			    330.3011
			    -595.2131
			    -443.8906
			    -503.5092
	==================================================================================
	Q2:
		Shape: Polyhedra
		q_c:    220.0000    468.0000    378.5000
		ub :    220.9095    469.2012    379.5466
		lb :    219.0905    466.7988    377.4534
		A:
			    -0.9254    0.3751    0.0549
			    0.3931    0.7347    0.5530
			    0.2187    -0.8155    -0.5358
			    -0.2863    -0.8895    -0.3563
			    -0.9085    0.1106    -0.4029
			    0.4256    0.2416    -0.8721
			    0.1217    0.5772    0.8075
			    -0.9115    0.3870    -0.1392
			    -0.3929    -0.7191    0.5732
			    -0.1217    -0.5772    -0.8075
			    0.9115    -0.3870    0.1392
			    0.3929    0.7191    -0.5732
		b:
			    -6.7561
			    640.1843
			    -535.8350
			    -613.4017
			    -300.0990
			    -122.4983
			    603.0313
			    -71.6064
			    -205.0169
			    -602.0313
			    72.6064
			    207.0169
	==================================================================================
	Q3:
		Shape: Hybrid
		q_c:    220.5000    468.0000    379.5000
		ub :    221.9170    469.4378    380.3940
		lb :    219.0830    466.5622    378.6060
		P^-1: 
			    1.1757    0.1631    -0.6853
			    0.1631    1.1514    -0.6361
			    -0.6853    -0.6361    3.6729
		A:
			    0.4286    0.0981    -0.8981
			    0.9783    0.2070    0.0137
			    -0.0985    0.6410    -0.7612
			    -0.4355    -0.4736    -0.7655
			    -0.3378    0.0803    -0.9378
			    -0.4049    0.8968    -0.1781
		b:
			    -200.1347
			    318.4722
			    -10.1969
			    -607.5541
			    -392.3220
			    263.5717
	==================================================================================
	Q4:
		Shape: Ellipse
		q_c:    220.0000    470.0000    379.5000
		ub :    220.8319    471.0892    380.7118
		lb :    219.1681    468.9108    378.2882
		P^-1: 
			    3.9478    -0.1858    0.3453
			    -0.1858    3.3383    1.2299
			    0.3453    1.2299    1.7138
	==================================================================================
	Q5:
		Shape: Hybrid
		q_c:    220.5000    469.5000    379.0000
		ub :    221.8710    470.6754    380.3073
		lb :    219.1290    468.3246    377.6927
		P^-1: 
			    2.0008    0.7776    -1.1816
			    0.7776    1.6041    -0.9181
			    -1.1816    -0.9181    2.3951
		A:
			    -0.9798    -0.0915    -0.1781
			    0.1479    -0.3193    0.9360
			    -0.1064    -0.6225    0.7754
			    0.0574    -0.2028    -0.9775
			    0.2474    0.8348    -0.4919
			    0.1445    -0.2428    -0.9592
		b:
			    -325.8147
			    238.0008
			    -21.4488
			    -452.4316
			    260.4531
			    -445.1212
	==================================================================================
	Q6:
		Shape: Ellipse
		q_c:    220.5000    468.5000    379.5000
		ub :    221.7409    470.0296    381.0780
		lb :    219.2591    466.9704    377.9220
		P^-1: 
			    1.0000    0.0000    0.0000
			    0.0000    1.0000    0.0000
			    0.0000    0.0000    1.0000


===========================================================================================
===========================================================================================
S3:
	q_c:    156.5000    64.5000    244.0000
	ub :    167.0000    71.0000    261.0000
	lb :    146.0000    58.0000    227.0000

	==================================================================================
	Q1:
		Shape: Ellipse
		q_c:    161.0000    70.5000    250.5000
		ub :    166.0684    73.8504    253.4949
		lb :    155.9316    67.1496    247.5051
		P^-1: 
			    0.0722    -0.0351    0.1193
			    -0.0351    0.3474    -0.3517
			    0.1193    -0.3517    0.7899
	==================================================================================
	Q2:
		Shape: Hybrid
		q_c:    155.5000    60.5000    248.0000
		ub :    159.9475    65.1961    252.9227
		lb :    151.0525    55.8039    243.0773
		P^-1: 
			    0.0710    -0.0291    -0.0260
			    -0.0291    0.1622    0.0889
			    -0.0260    0.0889    0.1418
		A:
			    -0.5015    0.8275    0.2523
			    0.8458    -0.0070    -0.5335
			    -0.7719    0.2301    0.5926
			    0.7911    -0.5974    0.1314
			    0.3575    -0.8495    -0.3879
			    0.2292    0.8845    0.4065
		b:
			    36.2646
			    1.3422
			    42.9825
			    122.0491
			    -90.7099
			    191.6138
	==================================================================================
	Q3:
		Shape: Ellipse
		q_c:    163.0000    63.5000    245.0000
		ub :    166.8321    65.4650    248.9870
		lb :    159.1679    61.5350    241.0130
		P^-1: 
			    0.5409    1.2094    0.1546
			    1.2094    3.5147    0.4349
			    0.1546    0.4349    0.1667
	==================================================================================
	Q4:
		Shape: Ellipse
		q_c:    150.0000    61.5000    246.0000
		ub :    152.7394    64.8565    249.7003
		lb :    147.2606    58.1435    242.2997
		P^-1: 
			    0.2633    0.0536    0.0205
			    0.0536    0.2914    0.1559
			    0.0205    0.1559    0.2509
	==================================================================================
	Q5:
		Shape: Polyhedra
		q_c:    152.0000    63.0000    242.0000
		ub :    157.4310    67.5172    246.9918
		lb :    146.5690    58.4828    237.0082
		A:
			    -0.5474    -0.7924    0.2691
			    -0.6183    0.5046    -0.6026
			    -0.3267    -0.4876    0.8096
			    0.1150    -0.8011    0.5874
			    0.0715    0.9806    -0.1825
			    0.0529    0.8651    0.4988
			    0.6251    0.6275    0.4642
			    0.3463    -0.7560    0.5555
			    0.6995    -0.1865    -0.6899
			    -0.6251    -0.6275    -0.4642
			    -0.3463    0.7560    -0.5555
			    -0.6995    0.1865    0.6899
		b:
			    -64.4651
			    -205.8910
			    117.9705
			    110.8685
			    31.3409
			    187.1875
			    251.3869
			    140.9478
			    -69.3752
			    -242.3869
			    -137.9478
			    75.3752
	==================================================================================
	Q6:
		Shape: Ellipse
		q_c:    160.0000    68.5000    243.5000
		ub :    164.9204    72.9588    248.7749
		lb :    155.0796    64.0412    238.2251
		P^-1: 
			    0.0908    -0.0267    -0.0019
			    -0.0267    0.1451    0.0196
			    -0.0019    0.0196    0.0682


===========================================================================================
===========================================================================================
S4:
	q_c:    24.0000    366.5000    397.5000
	ub :    28.0000    398.0000    418.0000
	lb :    20.0000    335.0000    377.0000

	==================================================================================
	Q1:
		Shape: Ellipse
		q_c:    25.5000    364.0000    397.0000
		ub :    28.7624    366.9136    400.5125
		lb :    22.2376    361.0864    393.4875
		P^-1: 
			    0.1622    -0.0202    0.0142
			    -0.0202    0.3491    -0.1327
			    0.0142    -0.1327    0.2532
	==================================================================================
	Q2:
		Shape: Ellipse
		q_c:    27.5000    370.0000    399.0000
		ub :    29.7713    372.2054    400.7500
		lb :    25.2287    367.7946    397.2500
		P^-1: 
			    0.4444    -0.0000    -0.0000
			    -0.0000    0.4444    -0.0000
			    -0.0000    -0.0000    0.4444
	==================================================================================
	Q3:
		Shape: Polyhedra
		q_c:    20.5000    365.5000    400.0000
		ub :    23.7950    368.9998    403.2136
		lb :    17.2050    362.0002    396.7864
		A:
			    -0.6275    -0.3321    -0.7042
			    -0.3671    0.6087    -0.7034
			    -0.1465    0.8168    -0.5580
			    -0.1271    0.7795    -0.6133
			    0.3610    0.5447    -0.7569
			    0.0721    0.5626    -0.8236
			    0.5270    0.6679    0.5255
			    0.6741    0.0481    -0.7371
			    -0.5176    0.7427    -0.4249
			    -0.5270    -0.6679    -0.5255
			    -0.6741    -0.0481    0.7371
			    0.5176    -0.7427    0.4249
		b:
			    -412.6461
			    -64.8749
			    73.8942
			    38.4562
			    -95.0003
			    -121.0489
			    468.6228
			    -262.4651
			    92.3705
			    -461.6228
			    264.4651
			    -89.3705
	==================================================================================
	Q4:
		Shape: Hybrid
		q_c:    23.5000    365.0000    402.0000
		ub :    25.5718    366.4162    404.0994
		lb :    21.4282    363.5838    399.9006
		P^-1: 
			    1.1665    -1.2078    0.7663
			    -1.2078    2.4648    -1.2817
			    0.7663    -1.2817    1.2576
		A:
			    -0.2058    0.9292    -0.3070
			    0.9166    -0.3553    0.1833
			    0.2042    -0.8235    0.5293
			    -0.8068    0.5316    -0.2578
			    -0.7966    0.6038    0.0280
			    -0.7136    0.4928    -0.4978
		b:
			    211.3468
			    -33.6805
			    -82.6515
			    71.9806
			    213.6495
			    -36.5433
	==================================================================================
	Q5:
		Shape: Polyhedra
		q_c:    23.5000    364.5000    395.0000
		ub :    26.4702    367.5430    397.9245
		lb :    20.5298    361.4570    392.0755
		A:
			    0.1643    0.0920    0.9821
			    0.7500    -0.6127    0.2492
			    0.6461    0.2793    0.7103
			    -0.2986    -0.1246    0.9462
			    0.7051    0.7018    0.1014
			    -0.0636    0.5636    0.8236
			    0.3285    0.5694    0.7536
			    0.0605    0.7836    -0.6184
			    -0.9426    0.2487    0.2230
			    -0.3285    -0.5694    -0.7536
			    -0.0605    -0.7836    0.6184
			    0.9426    -0.2487    -0.2230
		b:
			    426.9943
			    -104.9473
			    399.2769
			    323.2982
			    314.3386
			    530.9425
			    514.4230
			    44.7779
			    159.0807
			    -511.4230
			    -40.7779
			    -154.0807
	==================================================================================
	Q6:
		Shape: Hybrid
		q_c:    23.0000    370.0000    397.5000
		ub :    26.1251    373.2844    400.7083
		lb :    19.8749    366.7156    394.2917
		P^-1: 
			    0.1679    0.0201    0.0157
			    0.0201    0.2451    -0.0038
			    0.0157    -0.0038    0.2470
		A:
			    -0.0631    -0.5833    0.8098
			    0.5524    -0.3649    0.7495
			    0.8195    0.5268    0.2255
			    0.3208    -0.1365    0.9372
			    -0.7025    -0.6201    -0.3491
			    -0.2474    0.2376    -0.9393
		b:
			    105.6021
			    176.7384
			    304.6083
			    330.4458
			    -383.2712
			    -290.1484


===========================================================================================
===========================================================================================
S5:
	q_c:    283.0000    348.5000    262.5000
	ub :    311.0000    369.0000    290.0000
	lb :    255.0000    328.0000    235.0000

	==================================================================================
	Q1:
		Shape: Polyhedra
		q_c:    277.0000    350.0000    262.0000
		ub :    285.5566    357.5008    270.5665
		lb :    268.4434    342.4992    253.4335
		A:
			    -0.2791    -0.5151    -0.8104
			    -0.8188    0.5740    -0.0037
			    0.3612    -0.6824    -0.6355
			    -0.7864    -0.2270    -0.5746
			    0.7204    -0.6495    0.2433
			    -0.3562    0.3188    0.8783
			    0.6370    0.0690    0.7677
			    -0.7700    0.1034    0.6296
			    -0.0359    -0.9922    0.1190
			    -0.6370    -0.0690    -0.7677
			    0.7700    -0.1034    -0.6296
			    0.0359    0.9922    -0.1190
		b:
			    -464.8593
			    -20.3448
			    -298.3665
			    -443.4602
			    41.9546
			    249.8943
			    405.7564
			    -4.6497
			    -319.5631
			    -397.7564
			    19.6497
			    332.5631
	==================================================================================
	Q2:
		Shape: Ellipse
		q_c:    299.5000    342.0000    281.5000
		ub :    308.0326    352.5942    291.8391
		lb :    290.9674    331.4058    271.1609
		P^-1: 
			    0.0359    -0.0188    -0.0114
			    -0.0188    0.0373    0.0118
			    -0.0114    0.0118    0.0249
	==================================================================================
	Q3:
		Shape: Ellipse
		q_c:    267.0000    366.5000    267.5000
		ub :    276.3669    375.8158    277.0613
		lb :    257.6331    357.1842    257.9387
		P^-1: 
			    0.0322    0.0075    0.0059
			    0.0075    0.0328    -0.0057
			    0.0059    -0.0057    0.0355
	==================================================================================
	Q4:
		Shape: Polyhedra
		q_c:    264.5000    338.0000    264.5000
		ub :    275.6727    346.6489    275.9068
		lb :    253.3273    329.3511    253.0932
		A:
			    -0.3746    0.5188    -0.7685
			    0.6269    0.6130    0.4808
			    -0.0156    0.9804    0.1962
			    0.9743    0.1382    0.1777
			    0.4608    -0.0366    0.8867
			    0.5249    -0.0050    -0.8512
			    0.4570    0.5596    0.6913
			    -0.2495    0.8267    -0.5043
			    -0.8538    0.0580    0.5174
			    -0.4570    -0.5596    -0.6913
			    0.2495    -0.8267    0.5043
			    0.8538    -0.0580    -0.5174
		b:
			    -121.3147
			    506.7912
			    385.2190
			    358.7251
			    350.2181
			    -80.3668
			    499.3986
			    85.5490
			    -61.3370
			    -486.3986
			    -74.5490
			    77.3370
	==================================================================================
	Q5:
		Shape: Ellipse
		q_c:    295.0000    343.0000    273.0000
		ub :    304.7360    348.2883    280.9891
		lb :    285.2640    337.7117    265.0109
		P^-1: 
			    0.0444    -0.0376    -0.0269
			    -0.0376    0.1467    -0.0188
			    -0.0269    -0.0188    0.0629
	==================================================================================
	Q6:
		Shape: Ellipse
		q_c:    266.5000    353.0000    257.5000
		ub :    278.1280    364.2026    263.6316
		lb :    254.8720    341.7974    251.3684
		P^-1: 
			    0.0135    0.0023    -0.0005
			    0.0023    0.0167    -0.0011
			    -0.0005    -0.0011    0.0330


===========================================================================================
===========================================================================================
S6:
	q_c:    172.0000    320.5000    199.5000
	ub :    185.0000    328.0000    205.0000
	lb :    159.0000    313.0000    194.0000

	==================================================================================
	Q1:
		Shape: Hybrid
		q_c:    175.0000    320.5000    197.0000
		ub :    178.4150    324.1176    200.1204
		lb :    171.5850    316.8824    193.8796
		P^-1: 
			    0.3090    0.0484    -0.1091
			    0.0484    0.1403    0.0300
			    -0.1091    0.0300    0.3563
		A:
			    0.8779    -0.1525    -0.4540
			    -0.2809    0.6501    0.7060
			    0.5112    -0.4369    -0.7401
			    -0.0085    -0.6826    -0.7308
			    0.7500    -0.5538    0.3616
			    -0.3122    0.8259    0.4694
		b:
			    16.3427
			    299.5999
			    -195.2786
			    -362.8846
			    27.0031
			    304.2621
	==================================================================================
	Q2:
		Shape: Ellipse
		q_c:    175.0000    322.0000    205.0000
		ub :    178.6759    325.1985    209.8045
		lb :    171.3241    318.8015    200.1955
		P^-1: 
			    0.1532    -0.0318    -0.0155
			    -0.0318    0.3749    -0.1436
			    -0.0155    -0.1436    0.1389
	==================================================================================
	Q3:
		Shape: Ellipse
		q_c:    168.5000    319.0000    206.0000
		ub :    171.6863    322.7985    209.7368
		lb :    165.3137    315.2015    202.2632
		P^-1: 
			    0.3279    -0.0612    -0.1258
			    -0.0612    0.1823    0.0459
			    -0.1258    0.0459    0.2542
	==================================================================================
	Q4:
		Shape: Ellipse
		q_c:    173.5000    314.0000    200.0000
		ub :    176.9255    317.1915    203.4991
		lb :    170.0745    310.8085    196.5009
		P^-1: 
			    0.2361    -0.1228    -0.0279
			    -0.1228    0.3581    0.0450
			    -0.0279    0.0450    0.1702
	==================================================================================
	Q5:
		Shape: Polyhedra
		q_c:    175.5000    324.5000    196.0000
		ub :    178.9835    326.7982    199.4916
		lb :    172.0165    322.2018    192.5084
		A:
			    0.0994    -0.4732    0.8753
			    -0.0965    -0.9027    -0.4193
			    -0.5796    0.7523    -0.3132
			    -0.5538    -0.8156    0.1678
			    -0.1745    0.9843    -0.0265
			    0.6182    -0.7030    0.3515
			    0.7784    0.0225    0.6274
			    -0.5675    0.4523    0.6880
			    -0.2683    -0.8916    0.3648
			    -0.7784    -0.0225    -0.6274
			    0.5675    -0.4523    -0.6880
			    0.2683    0.8916    -0.3648
		b:
			    37.4420
			    -390.1724
			    83.0451
			    -327.2907
			    285.2659
			    -48.6395
			    269.3643
			    184.0166
			    -263.3960
			    -264.3643
			    -180.0166
			    266.3960
	==================================================================================
	Q6:
		Shape: Hybrid
		q_c:    167.5000    324.5000    197.0000
		ub :    169.7566    329.2786    201.7312
		lb :    165.2434    319.7214    192.2688
		P^-1: 
			    0.4301    -0.0573    -0.0414
			    -0.0573    0.1057    -0.0079
			    -0.0414    -0.0079    0.1014
		A:
			    -0.9873    -0.1589    -0.0074
			    0.9157    -0.2199    -0.3363
			    -0.7969    0.4594    0.3924
			    -0.3788    -0.0855    0.9215
			    0.8705    0.3420    0.3539
			    0.3191    0.2465    0.9151
		b:
			    -217.3247
			    16.6846
			    94.1783
			    92.4878
			    328.3023
			    316.3089


===========================================================================================
===========================================================================================
S7:
	q_c:    208.0000    275.5000    107.5000
	ub :    237.0000    295.0000    133.0000
	lb :    179.0000    256.0000    82.0000

	==================================================================================
	Q1:
		Shape: Polyhedra
		q_c:    220.0000    257.5000    91.0000
		ub :    229.5345    266.3772    97.2610
		lb :    210.4655    248.6228    84.7390
		A:
			    0.5868    -0.1658    0.7926
			    0.3063    -0.9157    -0.2601
			    -0.4598    -0.3412    -0.8199
			    0.6186    -0.7112    -0.3340
			    0.7842    -0.6201    -0.0204
			    0.5669    -0.8237    0.0121
			    0.8263    0.5421    0.1526
			    0.4312    -0.4347    -0.7907
			    -0.3623    0.7191    -0.5929
			    -0.8263    -0.5421    -0.1526
			    -0.4312    0.4347    0.7907
			    0.3623    -0.7191    0.5929
		b:
			    164.0653
			    -187.8740
			    -257.5343
			    -73.8722
			    15.4606
			    -82.2277
			    343.2780
			    -86.0098
			    56.0091
			    -327.2780
			    92.0098
			    -47.0091
	==================================================================================
	Q2:
		Shape: Hybrid
		q_c:    204.5000    261.5000    107.0000
		ub :    217.7051    272.1319    116.4905
		lb :    191.2949    250.8681    97.5095
		P^-1: 
			    0.0171    0.0145    0.0274
			    0.0145    0.0554    0.0634
			    0.0274    0.0634    0.1123
		A:
			    -0.3544    -0.1366    -0.9251
			    -0.0476    0.7923    0.6083
			    0.6912    -0.0243    -0.7223
			    0.0977    -0.1279    -0.9870
			    -0.7436    -0.5553    -0.3723
			    0.3205    0.3586    0.8768
		b:
			    -204.3801
			    265.3482
			    65.8483
			    -114.7845
			    -331.2613
			    254.8353
	==================================================================================
	Q3:
		Shape: Ellipse
		q_c:    214.0000    265.5000    88.0000
		ub :    229.0632    280.6880    98.5408
		lb :    198.9368    250.3120    77.4592
		P^-1: 
			    0.0146    0.0064    -0.0038
			    0.0064    0.0135    -0.0047
			    -0.0038    -0.0047    0.0229
	==================================================================================
	Q4:
		Shape: Hybrid
		q_c:    225.0000    269.5000    113.5000
		ub :    235.7435    280.1126    119.2680
		lb :    214.2565    258.8874    107.7320
		P^-1: 
			    0.0224    0.0138    -0.0279
			    0.0138    0.0493    -0.0787
			    -0.0279    -0.0787    0.2142
		A:
			    0.1134    0.0430    -0.9926
			    -0.6215    -0.0676    -0.7805
			    -0.0283    0.1067    -0.9939
			    0.1857    0.8178    -0.5448
			    0.4499    -0.6922    0.5643
			    0.1070    -0.6436    0.7578
		b:
			    -73.4434
			    -241.8919
			    -88.4755
			    203.8114
			    -16.5157
			    -60.7305
	==================================================================================
	Q5:
		Shape: Polyhedra
		q_c:    191.0000    286.0000    87.0000
		ub :    201.7580    296.4461    96.2002
		lb :    180.2420    275.5539    77.7998
		A:
			    0.4953    -0.8637    0.0933
			    -0.4389    -0.2019    -0.8755
			    0.9625    0.2626    0.0683
			    0.9760    -0.0400    0.2140
			    0.1626    0.9102    -0.3808
			    0.6040    -0.5651    -0.5619
			    0.5121    0.8166    0.2662
			    0.8385    -0.5425    0.0512
			    0.1862    0.1970    -0.9626
			    -0.5121    -0.8166    -0.2662
			    -0.8385    0.5425    -0.0512
			    -0.1862    -0.1970    0.9626
		b:
			    -137.0333
			    -210.7973
			    271.6289
			    200.7248
			    265.0114
			    -87.7801
			    360.5283
			    16.9367
			    15.6629
			    -348.5283
			    -1.9367
			    -0.6629
	==================================================================================
	Q6:
		Shape: Polyhedra
		q_c:    204.0000    274.5000    106.5000
		ub :    213.7729    282.8161    111.5362
		lb :    194.2271    266.1839    101.4638
		A:
			    0.0940    -0.3697    -0.9244
			    -0.3257    -0.0628    -0.9434
			    0.5942    0.0746    -0.8009
			    -0.0056    -0.8408    -0.5413
			    -0.4332    0.3843    0.8153
			    0.4900    0.2558    0.8334
			    0.1046    0.3655    0.9249
			    -0.9901    0.1254    0.0624
			    -0.0932    -0.9223    0.3750
			    -0.1046    -0.3655    -0.9249
			    0.9901    -0.1254    -0.0624
			    0.0932    0.9223    -0.3750
		b:
			    -178.1080
			    -180.6523
			    62.9181
			    -285.1118
			    109.0001
			    262.9765
			    222.1588
			    -151.9133
			    -225.2617
			    -218.1588
			    169.9133
			    239.2617


===========================================================================================
===========================================================================================
S8:
	q_c:    357.5000    211.0000    50.0000
	ub :    374.0000    232.0000    67.0000
	lb :    341.0000    190.0000    33.0000

	==================================================================================
	Q1:
		Shape: Polyhedra
		q_c:    367.0000    223.5000    48.0000
		ub :    373.4782    230.8446    55.9954
		lb :    360.5218    216.1554    40.0046
		A:
			    0.8158    -0.5157    -0.2617
			    -0.8908    0.4005    -0.2145
			    -0.6642    0.4920    0.5628
			    -0.0295    0.6393    -0.7684
			    0.4131    -0.8541    0.3161
			    -0.8113    0.5722    0.1197
			    0.4597    0.6138    0.6418
			    -0.7494    0.6559    -0.0905
			    -0.4766    -0.4393    0.7615
			    -0.4597    -0.6138    -0.6418
			    0.7494    -0.6559    0.0905
			    0.4766    0.4393    -0.7615
		b:
			    173.7382
			    -245.0167
			    -103.1649
			    98.7782
			    -21.7251
			    -162.3729
			    344.2052
			    -131.2605
			    -232.5365
			    -329.2052
			    134.2605
			    240.5365
	==================================================================================
	Q2:
		Shape: Hybrid
		q_c:    375.5000    213.0000    56.5000
		ub :    384.9861    221.8668    63.0232
		lb :    366.0139    204.1332    49.9768
		P^-1: 
			    0.0294    -0.0098    -0.0042
			    -0.0098    0.0321    -0.0004
			    -0.0042    -0.0004    0.0482
		A:
			    -0.8374    0.3311    0.4350
			    0.2764    -0.4734    0.8364
			    0.4414    0.0566    0.8955
			    -0.3195    -0.5511    -0.7708
			    0.7322    -0.4261    0.5312
			    -0.0712    0.7010    -0.7096
		b:
			    -216.4785
			    52.7605
			    231.4405
			    -277.3433
			    217.2059
			    85.3260
	==================================================================================
	Q3:
		Shape: Hybrid
		q_c:    363.0000    200.5000    50.0000
		ub :    369.8424    210.4534    59.7636
		lb :    356.1576    190.5466    40.2364
		P^-1: 
			    0.0476    -0.0086    -0.0119
			    -0.0086    0.0274    0.0140
			    -0.0119    0.0140    0.0383
		A:
			    0.9004    -0.0547    0.4315
			    -0.9626    -0.2620    -0.0695
			    0.7059    0.5910    0.3904
			    0.9182    0.1541    -0.3649
			    0.6590    -0.2568    0.7070
			    0.6389    -0.2088    -0.7404
		b:
			    340.9258
			    -402.2014
			    397.9428
			    348.8964
			    227.3227
			    155.3352
	==================================================================================
	Q4:
		Shape: Polyhedra
		q_c:    364.0000    216.0000    49.5000
		ub :    373.3757    225.7852    58.3435
		lb :    354.6243    206.2148    40.6565
		A:
			    -0.3800    0.0905    0.9206
			    0.7395    0.2138    -0.6383
			    0.0081    0.6812    -0.7321
			    0.4997    -0.4028    -0.7668
			    -0.3139    -0.6923    -0.6497
			    0.9174    0.1504    -0.3685
			    0.6165    0.5641    0.5492
			    0.7577    -0.6148    -0.2191
			    0.2141    0.5512    -0.8065
			    -0.6165    -0.5641    -0.5492
			    -0.7577    0.6148    0.2191
			    -0.2141    -0.5512    0.8065
		b:
			    -68.1518
			    288.6404
			    118.3875
			    62.1818
			    -288.7109
			    353.6124
			    380.9565
			    137.1559
			    161.5582
			    -365.9565
			    -127.1559
			    -152.5582
	==================================================================================
	Q5:
		Shape: Polyhedra
		q_c:    357.5000    195.0000    43.0000
		ub :    362.6736    203.9857    51.9257
		lb :    352.3264    186.0143    34.0743
		A:
			    -0.8854    0.3353    0.3220
			    0.7872    -0.5876    -0.1873
			    -0.7937    -0.1259    0.5952
			    0.3089    0.0727    0.9483
			    -0.7510    0.4543    -0.4792
			    -0.0972    0.9924    0.0755
			    0.0409    0.6909    0.7218
			    -0.9342    0.2825    -0.2176
			    -0.3543    -0.6654    0.6571
			    -0.0409    -0.6909    -0.7218
			    0.9342    -0.2825    0.2176
			    0.3543    0.6654    -0.6571
		b:
			    -233.2395
			    162.7834
			    -277.5044
			    170.8718
			    -196.9788
			    167.7319
			    186.3733
			    -285.2522
			    -222.1587
			    -174.3733
			    291.2522
			    234.1587
	==================================================================================
	Q6:
		Shape: Hybrid
		q_c:    359.5000    197.0000    57.5000
		ub :    370.6290    207.6820    65.8538
		lb :    348.3710    186.3180    49.1462
		P^-1: 
			    0.0219    -0.0059    0.0003
			    -0.0059    0.0213    -0.0011
			    0.0003    -0.0011    0.0239
		A:
			    0.1469    -0.9494    0.2774
			    -0.1176    0.9199    -0.3742
			    0.0934    0.1845    -0.9784
			    0.9162    -0.1296    -0.3792
			    -0.1475    0.2961    -0.9437
			    -0.1791    0.7555    -0.6302
		b:
			    -114.5428
			    121.1285
			    17.1446
			    285.7782
			    -45.6041
			    51.6529


===========================================================================================
===========================================================================================
S9:
	q_c:    26.5000    391.5000    104.5000
	ub :    42.0000    408.0000    114.0000
	lb :    11.0000    375.0000    95.0000

	==================================================================================
	Q1:
		Shape: Ellipse
		q_c:    31.0000    390.5000    103.0000
		ub :    38.8617    398.6500    109.4673
		lb :    23.1383    382.3500    96.5327
		P^-1: 
			    0.0371    -0.0034    0.0001
			    -0.0034    0.0359    -0.0001
			    0.0001    -0.0001    0.0331
	==================================================================================
	Q2:
		Shape: Hybrid
		q_c:    19.0000    392.5000    106.5000
		ub :    23.9948    396.3238    111.0059
		lb :    14.0052    388.6762    101.9941
		P^-1: 
			    0.0868    0.0018    0.0507
			    0.0018    0.1964    -0.0497
			    0.0507    -0.0497    0.1892
		A:
			    -0.6956    -0.7183    0.0167
			    0.1945    -0.2925    0.9363
			    -0.0371    0.8330    -0.5520
			    0.5584    0.0823    0.8255
			    0.0268    -0.9631    0.2677
			    -0.0620    0.9843    -0.1654
		b:
			    -291.4412
			    -10.2340
			    268.5302
			    132.1720
			    -347.8288
			    368.7963
	==================================================================================
	Q3:
		Shape: Polyhedra
		q_c:    17.0000    386.0000    104.5000
		ub :    24.6134    392.4855    111.2963
		lb :    9.3866    379.5145    97.7037
		A:
			    0.3271    -0.7473    -0.5784
			    0.6421    -0.7106    -0.2875
			    0.3634    0.5716    0.7357
			    0.2294    0.7052    -0.6709
			    0.1640    -0.6403    -0.7504
			    0.2985    0.6146    -0.7302
			    0.6666    0.5505    0.5025
			    -0.5375    0.8221    -0.1876
			    -0.5164    -0.1451    0.8440
			    -0.6666    -0.5505    -0.5025
			    0.5375    -0.8221    0.1876
			    0.5164    0.1451    -0.8440
		b:
			    -339.1399
			    -289.7827
			    308.9953
			    209.9182
			    -318.2574
			    169.9306
			    281.8489
			    292.0962
			    27.4256
			    -270.8489
			    -285.0962
			    -19.4256
	==================================================================================
	Q4:
		Shape: Ellipse
		q_c:    33.5000    397.0000    103.0000
		ub :    38.3166    403.0654    108.2636
		lb :    28.6834    390.9346    97.7364
		P^-1: 
			    0.0808    -0.0029    -0.0025
			    -0.0029    0.0710    -0.0090
			    -0.0025    -0.0090    0.0739
	==================================================================================
	Q5:
		Shape: Ellipse
		q_c:    18.0000    399.0000    107.5000
		ub :    24.6999    404.7499    111.0601
		lb :    11.3001    393.2501    103.9399
		P^-1: 
			    0.0881    0.0034    -0.1351
			    0.0034    0.0622    -0.0355
			    -0.1351    -0.0355    0.3897
	==================================================================================
	Q6:
		Shape: Hybrid
		q_c:    32.5000    392.5000    107.5000
		ub :    38.8188    398.1708    112.4783
		lb :    26.1812    386.8292    102.5217
		P^-1: 
			    0.0734    -0.0350    0.0015
			    -0.0350    0.0775    -0.0062
			    0.0015    -0.0062    0.0627
		A:
			    -0.3029    -0.9010    -0.3106
			    0.2838    0.8659    -0.4120
			    -0.3829    0.7161    0.5836
			    0.2410    -0.7665    -0.5952
			    0.3426    -0.9349    0.0923
			    -0.5519    -0.6619    0.5073
		b:
			    -393.7063
			    307.6915
			    333.5133
			    -354.6809
			    -344.0299
			    -220.0943


===========================================================================================
===========================================================================================
S10:
	q_c:    488.0000    356.0000    250.0000
	ub :    505.0000    373.0000    262.0000
	lb :    471.0000    339.0000    238.0000

	==================================================================================
	Q1:
		Shape: Hybrid
		q_c:    502.0000    355.5000    249.5000
		ub :    511.3602    362.2909    259.9560
		lb :    492.6398    348.7091    239.0440
		P^-1: 
			    0.0620    -0.0603    0.0095
			    -0.0603    0.1222    -0.0043
			    0.0095    -0.0043    0.0175
		A:
			    0.3171    -0.8073    -0.4977
			    -0.1665    -0.5007    -0.8495
			    -0.2189    0.9458    -0.2400
			    -0.9239    -0.0636    -0.3772
			    -0.8426    0.5356    0.0557
			    -0.0973    0.3624    0.9269
		b:
			    -248.5246
			    -468.0293
			    168.8997
			    -576.3096
			    -215.9983
			    317.4430
	==================================================================================
	Q2:
		Shape: Ellipse
		q_c:    480.5000    353.5000    236.5000
		ub :    490.7486    361.8974    247.5319
		lb :    470.2514    345.1026    225.4681
		P^-1: 
			    0.0368    0.0107    0.0111
			    0.0107    0.0309    0.0043
			    0.0111    0.0043    0.0192
	==================================================================================
	Q3:
		Shape: Polyhedra
		q_c:    476.5000    363.5000    241.0000
		ub :    486.3919    370.7359    248.1846
		lb :    466.6081    356.2641    233.8154
		A:
			    -0.0733    -0.8447    0.5301
			    -0.8879    -0.4367    -0.1448
			    -0.1515    -0.6504    0.7443
			    0.4002    -0.6926    0.6001
			    -0.1342    -0.0243    -0.9907
			    0.4535    -0.6534    -0.6061
			    0.0001    0.7395    0.6731
			    0.9827    0.1246    -0.1371
			    -0.1853    0.6615    -0.7267
			    -0.0001    -0.7395    -0.6731
			    -0.9827    -0.1246    0.1371
			    0.1853    -0.6615    0.7267
		b:
			    -210.2889
			    -607.7840
			    -125.0050
			    87.2003
			    -307.1770
			    -161.0175
			    436.5929
			    490.0168
			    -19.9785
			    -425.5929
			    -471.0168
			    25.9785
	==================================================================================
	Q4:
		Shape: Polyhedra
		q_c:    484.5000    363.0000    251.5000
		ub :    494.8069    368.7973    262.5468
		lb :    474.1931    357.2027    240.4532
		A:
			    0.7457    -0.6324    0.2098
			    -0.7633    0.6227    -0.1718
			    0.8303    -0.5334    0.1614
			    0.3436    -0.7381    0.5807
			    -0.6989    0.6684    -0.2545
			    0.5971    -0.3104    0.7397
			    0.8133    0.2523    0.5243
			    -0.5404    -0.0061    0.8414
			    0.2155    -0.9676    0.1313
			    -0.8133    -0.2523    -0.5243
			    0.5404    0.0061    -0.8414
			    -0.2155    0.9676    -0.1313
		b:
			    189.6505
			    -181.7524
			    254.7049
			    49.8454
			    -155.0667
			    368.3079
			    622.9920
			    -43.4611
			    -209.3058
			    -611.9920
			    61.4611
			    218.3058
	==================================================================================
	Q5:
		Shape: Hybrid
		q_c:    498.0000    365.5000    254.0000
		ub :    504.3888    373.0563    261.8855
		lb :    491.6112    357.9437    246.1145
		P^-1: 
			    0.0680    0.0294    0.0187
			    0.0294    0.0670    0.0232
			    0.0187    0.0232    0.0492
		A:
			    0.6287    0.7608    0.1611
			    0.8590    0.2706    0.4347
			    0.1448    0.9695    0.1978
			    0.9297    -0.0113    0.3682
			    0.2176    0.9099    0.3532
			    0.7454    0.2428    0.6208
		b:
			    633.8567
			    639.0893
			    479.1677
			    555.0310
			    532.7720
			    619.7581
	==================================================================================
	Q6:
		Shape: Hybrid
		q_c:    497.0000    363.0000    251.5000
		ub :    504.6763    366.3409    259.5287
		lb :    489.3237    359.6591    243.4713
		P^-1: 
			    0.0443    0.0055    -0.0229
			    0.0055    0.4202    -0.0956
			    -0.0229    -0.0956    0.0629
		A:
			    0.0602    -0.9865    0.1525
			    0.6133    -0.7746    0.1548
			    0.3565    0.8185    -0.4505
			    -0.9129    0.4081    0.0045
			    0.1487    -0.4223    0.8942
			    -0.5573    -0.7822    0.2785
		b:
			    -288.9670
			    65.3817
			    362.3893
			    -300.3668
			    149.8229
			    -488.6017


===========================================================================================
===========================================================================================
S11:
	q_c:    165.5000    307.5000    389.5000
	ub :    193.0000    321.0000    406.0000
	lb :    138.0000    294.0000    373.0000

	==================================================================================
	Q1:
		Shape: Polyhedra
		q_c:    154.0000    306.5000    377.0000
		ub :    162.0910    317.9732    384.1903
		lb :    145.9090    295.0268    369.8097
		A:
			    0.5874    0.0473    0.8079
