3D_40_6_6_a                l = 3

===========================================================================================
===========================================================================================
S1:
	q_c:	24.5	176.5	83.0
	ub :	37.3869	186.5645	96.1312
	lb :	12.8562	164.1434	71.5833

	==================================================================================
	Q1:
		Shape: Hybrid
		q_c:	24.0	179.0	90.0
		ub :	29.9514	184.685	96.1312
		lb :	18.0486	173.315	83.8688
		P^-1:
			0.0854	-0.0182	0.0072
			-0.0182	0.0959	0.0157
			0.0072	0.0157	0.0608
		A:
			0.3452	0.1365	0.9285
			0.0382	0.9607	0.2748
			-0.8399	0.389	-0.3784
			-0.6454	0.6863	0.3354
			-0.4285	-0.537	-0.7267
			0.2265	-0.784	-0.578
		b:
			118.6415
			199.3399
			17.2065
			139.1377
			-169.8104
			-185.2226
	==================================================================================
	Q2:
		Shape: Hybrid
		q_c:	30.0	179.0	87.0
		ub :	36.9827	185.3921	92.7049
		lb :	23.0173	172.6079	81.2951
		P^-1:
			0.0825	-0.0521	0.0224
			-0.0521	0.0909	-0.0343
			0.0224	-0.0343	0.0822
		A:
			-0.4266	0.4497	-0.7847
			0.3445	-0.0706	0.9361
			-0.6526	0.1721	-0.7379
			0.8064	-0.4551	-0.3777
			-0.9374	0.3468	0.0307
			0.0101	-0.7545	0.6563
		b:
			1.0206
			81.5394
			-50.7377
			-87.7993
			38.869
			-75.4527
	==================================================================================
	Q3:
		Shape: Hybrid
		q_c:	23.5	170.0	76.5
		ub :	30.043	175.8566	81.4167
		lb :	16.957	164.1434	71.5833
		P^-1:
			0.08	-0.001	-0.0482
			-0.001	0.081	-0.0291
			-0.0482	-0.0291	0.1206
		A:
			-0.5883	-0.711	0.3852
			0.2273	0.5219	-0.8221
			-0.4127	0.6443	0.6439
			-0.6215	0.5166	0.5889
			-0.2006	-0.4593	0.8653
			0.689	-0.5417	-0.4815
		b:
			-103.1099
			32.5837
			151.316
			120.1921
			-15.1574
			-110.7829
	==================================================================================
	Q4:
		Shape: Ellipse
		q_c:	29.0	176.0	81.5
		ub :	32.8347	180.52	85.8488
		lb :	25.1653	171.48	77.1512
		P^-1:
			0.0816	0.0	0.0
			0.0	0.0816	0.0
			0.0	0.0	0.0816
	==================================================================================
	Q5:
		Shape: Ellipse
		q_c:	18.0	170.5	79.5
		ub :	23.1438	175.5019	83.3412
		lb :	12.8562	165.4981	75.6588
		P^-1:
			0.1175	-0.0212	-0.0206
			-0.0212	0.0941	0.0119
			-0.0206	0.0119	0.1411
	==================================================================================
	Q6:
		Shape: Hybrid
		q_c:	31.0	180.5	88.0
		ub :	37.3869	186.5645	95.1266
		lb :	24.6131	174.4355	80.8734
		P^-1:
			0.0614	-0.003	-0.002
			-0.003	0.0543	-0.0056
			-0.002	-0.0056	0.0587
		A:
			0.1624	-0.8779	0.4504
			-0.238	0.9216	-0.3067
			0.9974	-0.0702	-0.0136
			0.3051	0.1472	-0.9409
			-0.2315	-0.1545	-0.9605
			-0.7077	0.1964	-0.6786
		b:
			-111.7085
			134.1029
			19.0883
			-44.726
			-117.3338
			-44.1152


===========================================================================================
===========================================================================================
S2:
	q_c:	242.0	295.5	65.0
	ub :	259.2899	312.9033	87.8635
	lb :	229.0049	278.638	47.3482

	==================================================================================
	Q1:
		Shape: Hybrid
		q_c:	249.0	288.0	57.0
		ub :	259.2899	292.2539	66.6518
		lb :	238.7101	283.7461	47.3482
		P^-1:
			0.0202	0.0252	0.0017
			0.0252	0.2383	0.0441
			0.0017	0.0441	0.0308
		A:
			-0.0563	0.8336	-0.5495
			-0.3677	-0.7959	-0.481
			0.1488	-0.9147	-0.3758
			-0.977	-0.1799	0.1143
			-0.5702	-0.8041	-0.1682
			0.0025	-0.9285	-0.3713
		b:
			199.0173
			-345.4668
			-245.9353
			-282.3334
			-380.0736
			-286.5717
	==================================================================================
	Q2:
		Shape: Polyhedra
		q_c:	251.5	287.0	57.0
		ub :	258.9134	295.362	64.2393
		lb :	244.0866	278.638	49.7607
		A:
			-0.2905	0.9214	0.2581
			-0.9545	0.2945	0.0473
			0.2183	0.5045	0.8354
			-0.1067	0.5713	0.8137
			-0.4425	0.7234	-0.53
			0.6493	0.6119	-0.4517
			0.7972	0.4752	0.3724
			0.2331	0.3267	-0.9159
			-0.5569	0.817	0.1497
			-0.7972	-0.4752	-0.3724
			-0.2331	-0.3267	0.9159
			0.5569	-0.817	-0.1497
		b:
			211.9267
			-147.6102
			251.9536
			188.8382
			71.8225
			317.9543
			361.5971
			105.6801
			108.9595
			-354.5971
			-94.6801
			-96.9595
	==================================================================================
	Q3:
		Shape: Polyhedra
		q_c:	237.0	300.0	58.5
		ub :	244.9951	306.6047	66.608
		lb :	229.0049	293.3953	50.392
		A:
			-0.3501	-0.5427	0.7634
			0.2775	-0.8051	0.5242
			0.0103	-0.9799	0.199
			-0.2578	0.5388	-0.8021
			0.4158	-0.4507	0.7899
			0.5105	-0.3912	-0.7657
			0.5617	0.5949	0.575
			-0.74	0.0506	0.6707
			0.3699	-0.8022	0.4686
			-0.5617	-0.5949	-0.575
			0.74	-0.0506	-0.6707
			-0.3699	0.8022	-0.4686
		b:
			-197.0439
			-141.5926
			-275.7283
			57.4858
			13.6496
			-36.4365
			351.2261
			-116.4775
			-122.0971
			-339.2261
			125.4775
			129.0971
	==================================================================================
	Q4:
		Shape: Hybrid
		q_c:	251.0	302.5	66.0
		ub :	256.0718	309.4268	72.1283
		lb :	245.9282	295.5732	59.8717
		P^-1:
			0.1988	-0.0693	0.0524
			-0.0693	0.0604	-0.0343
			0.0524	-0.0343	0.0811
		A:
			0.5338	-0.3219	0.782
			-0.0905	-0.3081	0.947
			0.9256	0.1089	-0.3626
			-0.9716	0.2241	-0.0759
			-0.841	0.541	-0.0088
			0.2666	0.4577	-0.8482
		b:
			89.9645
			-50.6266
			243.8333
			-179.7818
			-46.3851
			152.4331
	==================================================================================
	Q5:
		Shape: Polyhedra
		q_c:	248.0	303.0	76.5
		ub :	258.0558	312.9033	86.3723
		lb :	237.9442	293.0967	66.6277
		A:
			0.736	0.5593	-0.3815
			0.6201	0.7841	-0.0263
			0.4078	0.8495	0.3347
			-0.1853	-0.6814	0.708
			-0.6651	-0.718	0.2052
			-0.0078	-0.2833	-0.959
			0.3987	0.8724	0.2829
			0.9164	-0.3667	-0.1607
			-0.0364	0.3233	-0.9456
			-0.3987	-0.8724	-0.2829
			-0.9164	0.3667	0.1607
			0.0364	-0.3233	0.9456
		b:
			329.619
			394.9075
			389.1548
			-191.2382
			-360.7388
			-154.1613
			389.8384
			112.3724
			24.0877
			-379.8384
			-95.3724
			-9.0877
	==================================================================================
	Q6:
		Shape: Polyhedra
		q_c:	246.5	296.5	79.0
		ub :	257.4566	306.8722	87.8635
		lb :	235.5434	286.1278	70.1365
		A:
			-0.2829	0.5294	0.7998
			0.2934	0.065	0.9538
			0.915	0.3254	-0.2386
			-0.0892	-0.9886	0.1214
			0.6867	0.6295	-0.3635
			-0.75	0.2607	0.6078
			0.4304	0.6719	0.6028
			0.7423	-0.6434	0.1871
			0.5136	0.3669	-0.7756
			-0.4304	-0.6719	-0.6028
			-0.7423	0.6434	-0.1871
			-0.5136	-0.3669	0.7756
		b:
			156.1023
			172.5079
			309.3094
			-299.2188
			332.8668
			-52.8118
			357.4131
			14.9949
			180.1233
			-348.4131
			1.0051
			-168.1233


===========================================================================================
===========================================================================================
S3:
	q_c:	234.5	445.5	333.5
	ub :	245.7974	456.2328	343.3598
	lb :	227.8452	440.6821	324.805

	==================================================================================
	Q1:
		Shape: Hybrid
		q_c:	236.5	448.0	336.0
		ub :	240.4611	452.3535	341.0939
		lb :	232.5389	443.6465	330.9061
		P^-1:
			0.1479	0.0078	-0.0269
			0.0078	0.1061	0.0089
			-0.0269	0.0089	0.0987
		A:
			-0.2381	0.747	0.6207
			-0.5133	-0.7326	0.4469
			-0.3023	-0.5382	0.7868
			0.9425	-0.3145	-0.1129
			0.7808	-0.6239	0.0336
			0.9435	0.0804	-0.3215
		b:
			488.5808
			-297.8027
			-46.3591
			45.5156
			-81.8096
			152.3603
	==================================================================================
	Q2:
		Shape: Polyhedra
		q_c:	239.5	444.0	335.5
		ub :	242.9935	447.3179	338.6074
		lb :	236.0065	440.6821	332.3926
		A:
			0.4513	-0.8086	-0.3774
			0.0446	0.9941	0.0989
			0.2057	0.8806	-0.4268
			0.9926	0.0631	-0.104
			-0.2134	-0.6059	0.7664
			0.088	-0.9847	0.1507
			0.9521	0.2952	0.0803
			-0.0103	-0.2314	0.9728
			0.3057	-0.927	-0.2172
			-0.9521	-0.2952	-0.0803
			0.0103	0.2314	-0.9728
			-0.3057	0.927	0.2172
		b:
			-375.5271
			487.4017
			299.458
			233.7928
			-60.4858
			-363.4487
			389.0123
			223.6802
			-409.2546
			-383.0123
			-218.6802
			413.2546
	==================================================================================
	Q3:
		Shape: Ellipse
		q_c:	234.0	446.0	329.5
		ub :	237.5349	450.619	334.195
		lb :	230.4651	441.381	324.805
		P^-1:
			0.1134	0.0078	0.0067
			0.0078	0.1212	0.038
			0.0067	0.038	0.1181
	==================================================================================
	Q4:
		Shape: Polyhedra
		q_c:	241.5	452.5	339.0
		ub :	245.7974	456.2328	343.3598
		lb :	237.2026	448.7672	334.6402
		A:
			0.4594	-0.8591	-0.2255
			-0.4428	-0.7042	0.555
			-0.9105	-0.3647	0.1949
			-0.6569	-0.7315	-0.1827
			-0.7417	-0.6387	-0.205
			0.3953	0.9186	0.0007
			0.5738	0.7296	0.3721
			-0.7105	0.2176	0.6692
			0.4073	-0.6483	0.6433
			-0.5738	-0.7296	-0.3721
			0.7105	-0.2176	-0.6692
			-0.4073	0.6483	-0.6433
		b:
			-351.6046
			-234.9435
			-316.2922
			-549.5354
			-535.519
			513.4687
			596.848
			156.7002
			25.5576
			-592.848
			-150.7002
			-20.5576
	==================================================================================
	Q5:
		Shape: Polyhedra
		q_c:	229.5	447.5	332.0
		ub :	231.1548	449.8141	334.1514
		lb :	227.8452	445.1859	329.8486
		A:
			-0.4532	-0.0518	-0.8899
			0.1436	-0.6569	-0.7402
			0.7609	0.5295	0.375
			-0.6833	0.1639	-0.7115
			-0.1234	0.8307	0.5429
			-0.9299	0.0337	-0.3664
			0.8716	0.1161	0.4763
			0.0244	-0.9806	0.1944
			0.4896	-0.1579	-0.8575
			-0.8716	-0.1161	-0.4763
			-0.0244	0.9806	-0.1944
			-0.4896	0.1579	0.8575
		b:
			-421.4381
			-505.1197
			537.3312
			-318.5272
			525.4037
			-318.9268
			411.1083
			-366.688
			-241.4626
			-409.1083
			370.688
			244.4626
	==================================================================================
	Q6:
		Shape: Polyhedra
		q_c:	239.5	449.0	333.5
		ub :	243.904	453.85	337.5045
		lb :	235.096	444.15	329.4955
		A:
			0.329	0.2662	-0.906
			0.2539	-0.1933	-0.9477
			-0.3136	0.4851	0.8163
			0.7354	-0.4102	-0.5394
			0.35	0.8492	-0.3953
			-0.2544	-0.9264	0.2775
			0.4724	0.7262	0.4994
			-0.1531	-0.4904	0.8579
			0.868	-0.4818	-0.1205
			-0.4724	-0.7262	-0.4994
			0.1531	0.4904	-0.8579
			-0.868	0.4818	0.1205
		b:
			-101.3025
			-339.3141
			417.8072
			-185.0321
			335.969
			-381.611
			608.7741
			31.7706
			-45.6261
			-602.7741
			-26.7706
			51.6261


===========================================================================================
===========================================================================================
S4:
	q_c:	124.0	140.5	379.0
	ub :	160.8736	176.7677	406.7763
	lb :	97.3579	113.7697	355.0107

	==================================================================================
	Q1:
		Shape: Polyhedra
		q_c:	109.0	160.5	368.5
		ub :	120.6421	172.3726	381.9893
		lb :	97.3579	148.6274	355.0107
		A:
			0.7743	-0.2163	0.5947
			0.7294	0.2474	0.6378
			-0.0867	-0.9949	0.0511
			0.2706	-0.911	0.3112
			-0.2176	-0.8946	-0.3903
			0.6174	0.035	-0.7859
			0.7367	0.6752	0.0379
			0.5982	-0.6768	0.4291
			0.3154	-0.2934	-0.9025
			-0.7367	-0.6752	-0.0379
			-0.5982	0.6768	-0.4291
			-0.3154	0.2934	0.9025
		b:
			277.1688
			361.4188
			-143.4295
			6.3706
			-304.0254
			-207.1181
			206.6283
			123.7115
			-334.7774
			-198.6283
			-105.7115
			355.7774
	==================================================================================
	Q2:
		Shape: Ellipse
		q_c:	146.5	131.0	374.5
		ub :	160.8736	148.1429	384.6835
		lb :	132.1264	113.8571	364.3165
		P^-1:
			0.0074	0.0004	0.0007
			0.0004	0.0109	-0.0152
			0.0007	-0.0152	0.0434
	==================================================================================
	Q3:
		Shape: Polyhedra
		q_c:	139.0	165.5	395.5
		ub :	152.6945	176.7677	406.7763
		lb :	125.3055	154.2323	384.2237
		A:
			0.1977	0.2392	0.9506
			-0.0286	0.3406	0.9398
			-0.7154	-0.2889	0.6362
			0.4837	0.7172	-0.5016
			0.0538	0.9486	-0.3117
			-0.1879	0.9787	-0.0826
			0.3042	0.8292	0.4688
			-0.115	0.5205	-0.846
			-0.9456	0.2035	0.2538
			-0.3042	-0.8292	-0.4688
			0.115	-0.5205	0.846
			0.9456	-0.2035	-0.2538
		b:
			449.6347
			431.3809
			114.0769
			-4.8576
			47.6652
			110.5905
			371.953
			-258.4506
			14.0883
			-357.953
			270.4506
			8.9117
	==================================================================================
	Q4:
		Shape: Ellipse
		q_c:	117.0	131.0	371.5
		ub :	131.9787	148.2303	387.0545
		lb :	102.0213	113.7697	355.9455
		P^-1:
			0.0182	0.0119	-0.0068
			0.0119	0.0168	-0.0059
			-0.0068	-0.0059	0.0105
	==================================================================================
	Q5:
		Shape: Ellipse
		q_c:	139.5	157.5	364.0
		ub :	151.9178	168.9862	370.0996
		lb :	127.0822	146.0138	357.9004
		P^-1:
			0.0269	0.0242	0.0131
			0.0242	0.0397	0.016
			0.0131	0.016	0.0633
	==================================================================================
	Q6:
		Shape: Polyhedra
		q_c:	126.5	154.5	396.0
		ub :	138.2963	165.8144	406.0782
		lb :	114.7037	143.1856	385.9218
		A:
			-0.0008	0.5336	-0.8458
			-0.396	0.3366	-0.8543
			-0.3922	-0.2566	-0.8834
			-0.8438	0.4634	-0.2709
			-0.1837	-0.9782	-0.0966
			0.5282	-0.7991	0.2873
			0.6504	0.7591	0.028
			0.5498	-0.4449	-0.7069
			-0.5242	0.4752	-0.7067
			-0.6504	-0.7591	-0.028
			-0.5498	0.4449	0.7069
			0.5242	-0.4752	0.7067
		b:
			-246.6851
			-331.0961
			-432.4187
			-136.2013
			-205.7783
			63.2057
			217.1502
			-270.1448
			-267.7511
			-204.1502
			288.1448
			277.7511


===========================================================================================
===========================================================================================
S5:
	q_c:	242.5	177.0	291.5
	ub :	257.7346	189.1585	312.5647
	lb :	213.6633	149.5145	265.3984

	==================================================================================
	Q1:
		Shape: Hybrid
		q_c:	229.0	168.0	294.5
		ub :	242.6232	178.8175	308.5526
		lb :	215.3768	157.1825	280.4474
		P^-1:
			0.0176	-0.0014	0.0037
			-0.0014	0.0191	0.0
			0.0037	0.0	0.0098
		A:
			-0.7248	-0.6387	0.2582
			-0.17	0.5286	-0.8317
			0.4516	-0.0813	-0.8885
			-0.8486	-0.3811	-0.3668
			-0.0742	0.9971	-0.0191
			-0.5735	0.4133	-0.7073
		b:
			-192.0496
			-189.2016
			-164.4908
			-362.468
			148.6049
			-265.6346
	==================================================================================
	Q2:
		Shape: Ellipse
		q_c:	241.0	161.0	279.0
		ub :	252.3069	172.4855	292.6016
		lb :	229.6931	149.5145	265.3984
		P^-1:
			0.1095	-0.1173	-0.0236
			-0.1173	0.1429	0.0265
			-0.0236	0.0265	0.0143
	==================================================================================
	Q3:
		Shape: Hybrid
		q_c:	250.5	182.5	276.0
		ub :	257.7346	189.1585	283.2106
		lb :	243.2654	175.8415	268.7894
		P^-1:
			0.024	-0.0006	0.0028
			-0.0006	0.0426	-0.0042
			0.0028	-0.0042	0.0464
		A:
			0.4638	0.47	-0.751
			0.6244	-0.0729	-0.7777
			-0.3829	0.5201	-0.7635
			-0.2755	-0.0491	0.9601
			-0.6656	0.7335	0.138
			0.1061	0.8908	0.4418
		b:
			-2.3706
			-68.0759
			-209.2763
			189.7137
			8.6412
			313.8383
	==================================================================================
	Q4:
		Shape: Ellipse
		q_c:	240.0	177.5	302.0
		ub :	247.5658	188.1465	312.5647
		lb :	232.4342	166.8535	291.4353
		P^-1:
			0.0321	-0.0018	-0.0034
			-0.0018	0.0143	0.0014
			-0.0034	0.0014	0.0183
	==================================================================================
	Q5:
		Shape: Hybrid
		q_c:	234.0	175.5	302.5
		ub :	245.7295	187.5662	309.8897
		lb :	222.2705	163.4338	295.1103
		P^-1:
			0.0198	-0.0035	-0.0079
			-0.0035	0.014	-0.0035
			-0.0079	-0.0035	0.0471
		A:
			-0.9067	-0.2715	0.3227
			-0.0371	-0.5856	0.8098
			0.3507	-0.26	0.8997
			-0.3808	-0.384	0.8412
			-0.4126	0.6267	0.661
			0.9292	-0.0865	0.3594
		b:
			-156.9559
			137.115
			311.9283
			101.0929
			217.7331
			316.3049
	==================================================================================
	Q6:
		Shape: Ellipse
		q_c:	226.5	164.5	283.0
		ub :	239.3367	176.7283	296.027
		lb :	213.6633	152.2717	269.973
		P^-1:
			0.0179	0.0021	-0.0006
			0.0021	0.0178	0.0023
			-0.0006	0.0023	0.0163


===========================================================================================
===========================================================================================
S6:
	q_c:	96.0	85.5	196.0
	ub :	105.7266	93.6418	206.984
	lb :	84.6446	78.9712	186.2019

	==================================================================================
	Q1:
		Shape: Hybrid
		q_c:	90.0	86.0	201.0
		ub :	95.3554	91.941	206.984
		lb :	84.6446	80.059	195.016
		P^-1:
			0.0879	0.0181	0.0158
			0.0181	0.087	0.0017
			0.0158	0.0017	0.0803
		A:
			-0.7212	0.4605	-0.5175
			-0.2649	0.0962	-0.9595
			-0.7162	0.252	0.6508
			0.6513	0.6239	-0.432
			-0.0228	-0.9287	-0.3701
			-0.1267	0.2261	0.9658
		b:
			-127.327
			-206.496
			90.496
			27.3251
			-154.328
			204.3779
	==================================================================================
	Q2:
		Shape: Polyhedra
		q_c:	92.5	90.0	198.0
		ub :	95.0749	92.1313	201.0651
		lb :	89.9251	87.8687	194.9349
		A:
			0.2704	0.8563	-0.44
			-0.295	-0.4746	0.8293
			-0.1542	-0.7662	0.6238
			0.7315	-0.572	0.3711
			0.2734	-0.9586	-0.0792
			0.183	0.8299	-0.527
			0.5007	0.3515	0.7911
			-0.8653	0.23	0.4454
			-0.0254	-0.9075	0.4193
			-0.5007	-0.3515	-0.7911
			0.8653	-0.23	-0.4454
			0.0254	0.9075	-0.4193
		b:
			16.0093
			95.598
			41.3854
			91.2551
			-75.3761
			-11.6998
			237.0776
			30.3551
			0.0031
			-232.0776
			-27.3551
			1.9969
	==================================================================================
	Q3:
		Shape: Hybrid
		q_c:	94.0	89.0	196.0
		ub :	98.2958	93.0633	199.5784
		lb :	89.7042	84.9367	192.4216
		P^-1:
			0.192	0.072	-0.0349
			0.072	0.1606	0.0433
			-0.0349	0.0433	0.229
		A:
			0.788	0.3149	0.529
			-0.869	-0.1327	-0.4767
			0.3381	-0.1175	-0.9337
			0.068	0.76	0.6464
			0.8619	-0.507	0.0081
			-0.7324	0.6775	0.0681
		b:
			207.1213
			-185.3255
			-160.6751
			201.8783
			39.6895
			7.0523
	==================================================================================
	Q4:
		Shape: Ellipse
		q_c:	102.0	85.5	190.5
		ub :	105.7266	89.1814	194.4405
		lb :	98.2734	81.8186	186.5595
		P^-1:
			0.1909	-0.0737	-0.1217
			-0.0737	0.1791	0.1123
			-0.1217	0.1123	0.2966
	==================================================================================
	Q5:
		Shape: Ellipse
		q_c:	98.0	89.0	190.5
		ub :	101.8235	93.6418	194.7981
		lb :	94.1765	84.3582	186.2019
		P^-1:
			0.1881	0.0019	0.0473
			0.0019	0.1097	0.0514
			0.0473	0.0514	0.1939
	==================================================================================
	Q6:
		Shape: Hybrid
		q_c:	99.5	82.5	192.5
		ub :	101.0547	86.0288	194.3406
		lb :	97.9453	78.9712	190.6594
		P^-1:
			0.906	-0.0025	-0.2083
			-0.0025	0.0818	-0.0066
			-0.2083	-0.0066	0.5383
		A:
			0.4326	-0.1736	0.8847
			-0.4858	0.2413	0.8401
			0.0342	-0.8655	0.4997
			0.9297	0.215	0.2992
			0.918	-0.3258	0.2262
			-0.6054	0.3559	0.7119
		b:
			200.1083
			134.2414
			30.7749
			168.7769
			109.0955
			107.3107


===========================================================================================
===========================================================================================
