3D_45_7_6_d                l = 3

===========================================================================================
===========================================================================================
S1:
	q_c:	190.5	105.5	412.5
	ub :	206.4299	120.1189	434.5551
	lb :	175.622	91.4409	401.3667

	==================================================================================
	Q1:
		Shape: Ellipse
		q_c:	197.5	100.5	424.0
		ub :	206.4299	109.5591	434.5551
		lb :	188.5701	91.4409	413.4449
		P^-1:
			0.0274	-0.0025	0.0058
			-0.0025	0.0276	0.0005
			0.0058	0.0005	0.0262
	==================================================================================
	Q2:
		Shape: Hybrid
		q_c:	199.0	102.0	410.5
		ub :	203.1612	107.0572	414.9267
		lb :	194.8388	96.9428	406.0733
		P^-1:
			0.1676	-0.0416	0.019
			-0.0416	0.0887	-0.0677
			0.019	-0.0677	0.2031
		A:
			0.0012	0.2478	-0.9688
			0.7265	-0.4626	0.5081
			-0.4574	-0.5605	0.6904
			-0.4294	-0.4355	0.7911
			-0.2143	-0.4205	0.8816
			0.9288	-0.2731	0.2504
		b:
			-371.0087
			307.0558
			136.9019
			196.3212
			277.5847
			261.0661
	==================================================================================
	Q3:
		Shape: Polyhedra
		q_c:	188.5	104.5	408.0
		ub :	195.8804	113.2023	414.6333
		lb :	181.1196	95.7977	401.3667
		A:
			-0.2306	0.769	-0.5962
			0.361	0.6731	-0.6455
			-0.1174	-0.3738	-0.9201
			0.5643	-0.4902	-0.6642
			-0.7055	0.066	-0.7056
			-0.4629	0.4157	0.7829
			0.8737	0.4678	0.1336
			0.4861	-0.8273	-0.2816
			-0.0213	0.311	-0.9502
			-0.8737	-0.4678	-0.1336
			-0.4861	0.8273	0.2816
			0.0213	-0.311	0.9502
		b:
			-201.2896
			-120.2343
			-431.5543
			-210.196
			-409.1815
			281.0766
			273.0642
			-103.7328
			-354.6891
			-263.0642
			115.7328
			363.6891
	==================================================================================
	Q4:
		Shape: Hybrid
		q_c:	180.5	106.5	415.0
		ub :	185.378	111.5292	419.1865
		lb :	175.622	101.4708	410.8135
		P^-1:
			0.2107	0.0066	-0.1707
			0.0066	0.096	-0.0493
			-0.1707	-0.0493	0.3113
		A:
			-0.5123	-0.4876	0.707
			-0.5977	-0.6902	0.4078
			-0.2624	0.7245	-0.6374
			-0.9476	-0.0403	0.3169
			-0.5668	-0.8065	-0.1683
			-0.697	0.5541	0.4551
		b:
			150.1499
			-10.2055
			-232.6796
			-42.1953
			-254.983
			123.7778
	==================================================================================
	Q5:
		Shape: Polyhedra
		q_c:	197.5	115.0	422.0
		ub :	202.9163	120.1189	428.3962
		lb :	192.0837	109.8811	415.6038
		A:
			0.4293	0.6878	0.5853
			0.7654	-0.6424	0.0381
			0.6137	-0.7231	-0.317
			-0.907	0.116	0.4049
			-0.8069	0.2716	0.5245
			0.7386	0.6741	0.0086
			0.3292	0.1688	0.9291
			0.5929	0.7288	-0.3425
			-0.7349	0.6636	0.1399
			-0.3292	-0.1688	-0.9291
			-0.5929	-0.7288	0.3425
			0.7349	-0.6636	-0.1399
		b:
			415.6349
			95.101
			-93.9013
			8.0236
			95.9775
			231.5585
			481.4862
			60.8911
			-8.3075
			-471.4862
			-51.8911
			11.3075
	==================================================================================
	Q6:
		Shape: Polyhedra
		q_c:	194.0	113.0	421.0
		ub :	200.919	119.3339	426.2994
		lb :	187.081	106.6661	415.7006
		A:
			-0.3707	-0.8331	0.4105
			-0.9954	-0.0556	-0.0779
			-0.9668	-0.2544	-0.023
			-0.1272	-0.8509	0.5097
			0.71	0.454	-0.5382
			-0.4878	-0.4204	0.7651
			0.5257	0.3409	0.7794
			-0.6935	0.7023	0.1607
			-0.4926	-0.625	0.6056
			-0.5257	-0.3409	-0.7794
			0.6935	-0.7023	-0.1607
			0.4926	0.625	-0.6056
		b:
			8.9388
			-227.6969
			-222.0436
			96.464
			-35.4453
			181.8784
			473.1258
			17.9594
			90.2726
			-464.1258
			-6.9594
			-87.2726


===========================================================================================
===========================================================================================
S2:
	q_c:	517.0	452.0	244.0
	ub :	522.5848	464.1467	252.9797
	lb :	506.0297	443.2461	234.0169

	==================================================================================
	Q1:
		Shape: Polyhedra
		q_c:	518.0	447.5	238.0
		ub :	522.0338	451.7539	241.9831
		lb :	513.9662	443.2461	234.0169
		A:
			0.139	-0.8469	0.5133
			-0.3734	-0.9277	-0.0021
			0.0665	-0.5458	0.8353
			-0.1366	-0.9441	0.3002
			-0.2664	0.8794	-0.3946
			0.1569	-0.9733	0.1678
			0.5275	0.5571	0.6414
			-0.8279	0.5066	0.2408
			-0.1908	-0.658	0.7284
			-0.5275	-0.5571	-0.6414
			0.8279	-0.5066	-0.2408
			0.1908	0.658	-0.7284
		b:
			-182.6723
			-606.4959
			-8.8604
			-419.55
			163.753
			-311.9996
			678.1906
			-142.2987
			-217.9438
			-672.1906
			147.2987
			221.9438
	==================================================================================
	Q2:
		Shape: Ellipse
		q_c:	518.0	451.0	247.5
		ub :	522.5848	455.9752	252.0631
		lb :	513.4152	446.0248	242.9369
		P^-1:
			0.1612	0.0152	0.0696
			0.0152	0.1048	0.0396
			0.0696	0.0396	0.1768
	==================================================================================
	Q3:
		Shape: Polyhedra
		q_c:	517.0	457.5	249.5
		ub :	519.4083	460.6995	252.9797
		lb :	514.5917	454.3005	246.0203
		A:
			-0.2798	-0.84	-0.4648
			0.974	0.1888	-0.1253
			0.6625	0.7056	-0.2513
			0.7194	0.6422	0.2646
			0.247	0.9299	0.2726
			0.5551	0.0114	-0.8317
			0.2558	0.8275	0.4998
			-0.19	0.55	-0.8133
			-0.9479	0.1131	0.2979
			-0.2558	-0.8275	-0.4998
			0.19	-0.55	0.8133
			0.9479	-0.1131	-0.2979
		b:
			-642.9494
			560.2454
			604.5972
			733.64
			623.1589
			86.6093
			637.5261
			-47.0328
			-362.5035
			-633.5261
			52.0328
			365.5035
	==================================================================================
	Q4:
		Shape: Polyhedra
		q_c:	510.0	458.0	241.5
		ub :	513.9703	461.8589	244.3456
		lb :	506.0297	454.1411	238.6544
		A:
			-0.1681	-0.7766	-0.6072
			-0.5254	0.4281	0.7353
			-0.9514	-0.1982	-0.2356
			-0.4148	0.6738	-0.6115
			-0.8971	-0.2018	0.393
			0.5768	0.4265	-0.6967
			0.3101	0.9493	0.052
			0.9474	-0.3131	0.0662
			0.0791	0.0287	-0.9965
			-0.3101	-0.9493	-0.052
			-0.9474	0.3131	-0.0662
			-0.0791	-0.0287	0.9965
		b:
			-585.2044
			108.4095
			-629.9119
			-47.7889
			-452.1291
			324.0017
			608.4643
			358.772
			-184.6511
			-602.4643
			-352.772
			189.6511
	==================================================================================
	Q5:
		Shape: Ellipse
		q_c:	515.0	459.0	241.5
		ub :	519.8933	464.1467	245.8043
		lb :	510.1067	453.8533	237.1957
		P^-1:
			0.1082	0.0131	0.001
			0.0131	0.0526	-0.0044
			0.001	-0.0044	0.1108
	==================================================================================
	Q6:
		Shape: Hybrid
		q_c:	512.5	450.5	243.5
		ub :	516.0043	452.3717	247.081
		lb :	508.9957	448.6283	239.919
		P^-1:
			2.2748	-0.7055	-1.828
			-0.7055	3.7115	-0.7475
			-1.828	-0.7475	2.063
		A:
			0.6376	0.0861	-0.7656
			0.0244	-0.9458	0.3237
			0.6732	-0.1208	-0.7295
			-0.1662	-0.803	0.5724
			0.0436	0.9456	-0.3225
			-0.6791	0.6262	0.3829
		b:
			179.5233
			-334.4999
			113.3508
			-307.1933
			370.1091
			27.5338


===========================================================================================
===========================================================================================
S3:
	q_c:	421.5	133.0	99.5
	ub :	448.8951	161.6921	122.5995
	lb :	398.6509	104.1657	71.6846

	==================================================================================
	Q1:
		Shape: Ellipse
		q_c:	410.0	133.5	85.5
		ub :	421.3491	146.1858	94.4739
		lb :	398.6509	120.8142	76.5261
		P^-1:
			0.0313	0.0186	-0.0079
			0.0186	0.0253	0.0005
			-0.0079	0.0005	0.0341
	==================================================================================
	Q2:
		Shape: Polyhedra
		q_c:	409.5	149.5	101.0
		ub :	417.3144	161.6921	111.3083
		lb :	401.6856	137.3079	90.6917
		A:
			0.5096	-0.0762	-0.8571
			0.5533	0.3046	-0.7753
			0.257	-0.6307	-0.7322
			0.874	-0.1655	0.4569
			-0.6029	-0.304	-0.7377
			0.0151	-0.3483	-0.9372
			0.3078	0.9399	0.148
			0.9499	-0.2947	-0.1042
			-0.0543	0.1726	-0.9835
			-0.3078	-0.9399	-0.148
			-0.9499	0.2947	0.1042
			0.0543	-0.1726	0.9835
		b:
			118.0406
			201.6642
			-54.6428
			385.4024
			-358.2763
			-131.8705
			291.4946
			338.9075
			-87.2803
			-271.4946
			-329.9075
			104.2803
	==================================================================================
	Q3:
		Shape: Hybrid
		q_c:	435.0	117.5	106.0
		ub :	448.8951	130.8343	114.4338
		lb :	421.1049	104.1657	97.5662
		P^-1:
			0.0131	-0.0076	-0.0005
			-0.0076	0.0182	-0.0003
			-0.0005	-0.0003	0.0236
		A:
			0.6229	0.6836	-0.3804
			-0.0207	-0.6737	-0.7387
			0.8609	-0.1914	-0.4714
			-0.9201	0.0797	0.3834
			-0.2991	0.4894	-0.8192
			0.5721	-0.3203	-0.7551
		b:
			318.3777
			-162.0156
			307.2358
			-344.3105
			-156.2036
			134.856
	==================================================================================
	Q4:
		Shape: Polyhedra
		q_c:	434.0	139.0	99.0
		ub :	440.7713	143.6583	105.0207
		lb :	427.2287	134.3417	92.9793
		A:
			-0.3817	-0.8964	-0.2253
			0.322	0.841	0.4347
			-0.3308	-0.871	-0.3634
			-0.5738	-0.258	-0.7773
			0.7629	0.4168	0.4942
			-0.1053	0.9919	0.0705
			0.5116	0.6391	0.5743
			0.1818	-0.7338	0.6546
			0.8398	-0.2305	-0.4916
			-0.5116	-0.6391	-0.5743
			-0.1818	0.7338	-0.6546
			-0.8398	0.2305	0.4916
		b:
			-310.6863
			301.5637
			-298.727
			-359.9705
			440.4214
			102.3893
			369.2321
			44.723
			290.2434
			-366.2321
			-38.723
			-277.2434
	==================================================================================
	Q5:
		Shape: Ellipse
		q_c:	423.5	140.5	80.5
		ub :	431.728	149.0741	89.3154
		lb :	415.272	131.9259	71.6846
		P^-1:
			0.0435	-0.0081	-0.0051
			-0.0081	0.0319	0.0026
			-0.0051	0.0026	0.0295
	==================================================================================
	Q6:
		Shape: Ellipse
		q_c:	431.5	127.0	114.5
		ub :	439.7459	138.3622	122.5995
		lb :	423.2541	115.6378	106.4005
		P^-1:
			0.0268	-0.0034	0.0017
			-0.0034	0.0165	0.0087
			0.0017	0.0087	0.0368


===========================================================================================
===========================================================================================
S4:
	q_c:	447.0	27.5	324.0
	ub :	462.9134	44.8982	337.2251
	lb :	434.5051	8.9004	303.0004

	==================================================================================
	Q1:
		Shape: Hybrid
		q_c:	440.0	29.0	324.5
		ub :	445.4949	34.847	327.6032
		lb :	434.5051	23.153	321.3968
		P^-1:
			0.1075	-0.0625	0.0006
			-0.0625	0.0856	0.0011
			0.0006	0.0011	0.1111
		A:
			-0.3491	0.7953	0.4957
			-0.6164	-0.0621	0.785
			0.2926	-0.9214	-0.2559
			-0.8344	0.2559	-0.4881
			-0.7565	0.2631	0.5988
			-0.9771	0.125	-0.172
		b:
			32.2511
			-15.973
			21.2919
			-516.2698
			-129.1138
			-479.766
	==================================================================================
	Q2:
		Shape: Hybrid
		q_c:	442.5	40.0	316.0
		ub :	448.28	44.8982	321.5563
		lb :	436.72	35.1018	310.4437
		P^-1:
			0.0908	-0.0126	0.0053
			-0.0126	0.0989	-0.0072
			0.0053	-0.0072	0.0846
		A:
			0.0007	0.8541	0.5202
			0.5445	0.8084	0.2236
			0.0834	-0.4297	-0.8991
			-0.7704	0.5488	0.3246
			-0.8106	0.0237	-0.5852
			0.7374	-0.1764	0.652
		b:
			200.7132
			345.9292
			-262.42
			-214.6284
			-540.8443
			527.0119
	==================================================================================
	Q3:
		Shape: Hybrid
		q_c:	455.0	23.5	331.5
		ub :	462.9134	31.441	337.2251
		lb :	447.0866	15.559	325.7749
		P^-1:
			0.0554	0.019	-0.0271
			0.019	0.0493	-0.0226
			-0.0271	-0.0226	0.0795
		A:
			-0.343	0.2798	0.8967
			0.7103	-0.1779	-0.681
			-0.1235	-0.8996	0.4188
			0.3473	0.039	-0.9369
			0.7415	-0.2532	-0.6213
			-0.3555	-0.2252	-0.9072
		b:
			150.4629
			95.8288
			64.1902
			-149.6297
			128.3293
			-464.5063
	==================================================================================
	Q4:
		Shape: Polyhedra
		q_c:	450.0	29.0	322.5
		ub :	458.4592	38.0784	332.6233
		lb :	441.5408	19.9216	312.3767
		A:
			-0.8106	0.2618	0.5239
			-0.8659	-0.3255	-0.3798
			0.4785	-0.7931	-0.3769
			-0.5503	0.805	-0.2216
			0.0002	-0.9517	-0.307
			0.8208	-0.301	-0.4854
			0.7461	0.2751	0.6064
			-0.2223	-0.7554	0.6163
			0.6277	-0.5947	-0.5024
			-0.7461	-0.2751	-0.6064
			0.2223	0.7554	-0.6163
			-0.6277	0.5947	0.5024
		b:
			-184.6266
			-514.6454
			73.9394
			-290.2704
			-121.1379
			207.5513
			546.2625
			84.3071
			105.6693
			-532.2625
			-69.3071
			-100.6693
	==================================================================================
	Q5:
		Shape: Polyhedra
		q_c:	440.5	17.0	325.5
		ub :	446.2191	25.0996	333.4891
		lb :	434.7809	8.9004	317.5109
		A:
			0.3657	-0.6522	-0.664
			0.5432	-0.6795	-0.4932
			-0.1507	-0.7029	-0.6952
			0.9306	0.3169	-0.1833
			-0.9192	0.2096	0.3333
			0.5893	0.7048	0.3949
			0.5904	0.5705	0.571
			0.0846	-0.7473	0.6591
			0.8027	-0.3408	-0.4894
			-0.5904	-0.5705	-0.571
			-0.0846	0.7473	-0.6591
			-0.8027	0.3408	0.4894
		b:
			-62.4785
			70.3876
			-299.5835
			359.8372
			-290.0962
			405.6175
			461.1132
			244.6119
			190.9718
			-450.1132
			-233.6119
			-185.9718
	==================================================================================
	Q6:
		Shape: Ellipse
		q_c:	445.0	22.0	312.5
		ub :	454.6555	24.0398	321.9996
		lb :	435.3445	19.9602	303.0004
		P^-1:
			0.0229	0.019	0.004
			0.019	0.4426	-0.0209
			0.004	-0.0209	0.0246


===========================================================================================
===========================================================================================
S5:
	q_c:	221.0	377.5	50.5
	ub :	236.1407	391.1253	65.0027
	lb :	208.5762	358.6303	34.2144

	==================================================================================
	Q1:
		Shape: Hybrid
		q_c:	218.5	369.5	55.5
		ub :	226.7864	377.6191	63.0582
		lb :	210.2136	361.3809	47.9418
		P^-1:
			0.0458	0.0007	-0.0121
			0.0007	0.0381	-0.0066
			-0.0121	-0.0066	0.0516
		A:
			0.6846	-0.6651	-0.2983
			0.0473	-0.1761	-0.9832
			-0.4612	0.2394	-0.8544
			-0.257	-0.3882	0.885
			0.6852	-0.7233	0.0854
			0.5337	0.7351	-0.4181
		b:
			-109.915
			-106.5916
			-56.7564
			-148.3083
			-109.8205
			367.5766
	==================================================================================
	Q2:
		Shape: Hybrid
		q_c:	229.0	374.0	44.0
		ub :	236.1407	383.8464	53.7856
		lb :	221.8593	364.1536	34.2144
		P^-1:
			0.0237	-0.0	-0.0
			-0.0	0.0226	-0.0015
			-0.0	-0.0015	0.0215
		A:
			-0.8349	-0.4589	0.3038
			0.8023	0.2935	-0.5198
			-0.5776	-0.2838	-0.7654
			0.5053	0.7739	0.3818
			0.8431	0.5375	0.0166
			-0.1984	0.6392	0.743
		b:
			-346.2115
			273.902
			-268.5154
			425.4942
			398.1295
			230.0378
	==================================================================================
	Q3:
		Shape: Hybrid
		q_c:	226.0	380.0	48.0
		ub :	231.757	386.5014	53.9998
		lb :	220.243	373.4986	42.0002
		P^-1:
			0.112	0.0285	-0.0455
			0.0285	0.0654	-0.0147
			-0.0455	-0.0147	0.0945
		A:
			0.2834	-0.5126	-0.8105
			0.6319	-0.358	-0.6874
			0.7728	-0.2631	-0.5776
			0.1719	0.8034	0.57
			0.8446	0.5249	-0.1056
			0.9893	-0.1382	-0.0466
		b:
			-167.2234
			-24.1933
			48.8825
			374.303
			387.0026
			171.1765
	==================================================================================
	Q4:
		Shape: Hybrid
		q_c:	227.5	367.5	57.5
		ub :	236.1028	376.3697	64.3749
		lb :	218.8972	358.6303	50.6251
		P^-1:
			0.0271	0.0117	-0.0204
			0.0117	0.0418	-0.0338
			-0.0204	-0.0338	0.0863
		A:
			0.5226	0.5479	0.6532
			0.5868	0.7156	-0.379
			-0.5191	-0.8257	0.2209
			0.0638	-0.2991	0.9521
			0.8501	-0.5191	0.0886
			-0.9399	-0.3372	-0.0535
		b:
			362.8504
			377.774
			-405.233
			-38.3912
			13.1854
			-335.8232
	==================================================================================
	Q5:
		Shape: Polyhedra
		q_c:	213.5	385.0	59.0
		ub :	218.4238	391.1253	65.0027
		lb :	208.5762	378.8747	52.9973
		A:
			-0.1227	0.865	0.4866
			0.368	0.9127	-0.1778
			-0.6667	-0.7055	-0.2405
			-0.5191	-0.0336	-0.8541
			-0.9222	-0.1602	0.352
			-0.0293	0.3499	0.9363
			0.6332	0.5308	0.5634
			0.184	-0.8102	0.5565
			0.7518	-0.2487	-0.6107
			-0.6332	-0.5308	-0.5634
			-0.184	0.8102	-0.5565
			-0.7518	0.2487	0.6107
		b:
			338.9461
			423.5596
			-424.5463
			-170.3474
			-234.9932
			186.8341
			376.2659
			-235.3068
			31.2492
			-369.2659
			244.3068
			-26.2492
	==================================================================================
	Q6:
		Shape: Hybrid
		q_c:	222.5	370.0	49.0
		ub :	229.1901	376.5045	54.3853
		lb :	215.8099	363.4955	43.6147
		P^-1:
			0.0743	0.0308	0.0345
			0.0308	0.0874	0.0426
			0.0345	0.0426	0.0971
		A:
			0.3065	0.9472	0.0941
			0.5853	-0.0078	-0.8108
			0.3167	0.8045	-0.5026
			-0.1956	-0.2964	-0.9348
			-0.3921	-0.6405	-0.6603
			0.8307	0.5453	0.1126
		b:
			425.504
			90.7674
			346.5965
			-197.1756
			-355.3101
			394.2435


===========================================================================================
===========================================================================================
S6:
	q_c:	352.0	24.0	331.5
	ub :	385.6471	51.6318	366.0513
	lb :	329.9215	-5.2779	312.9699

	==================================================================================
	Q1:
		Shape: Hybrid
		q_c:	352.0	29.0	352.0
		ub :	366.5162	43.5055	366.0513
		lb :	337.4838	14.4945	337.9487
		P^-1:
			0.0143	0.0011	0.0024
			0.0011	0.0146	-0.0021
			0.0024	-0.0021	0.0114
		A:
			0.7306	-0.6584	-0.1808
			0.1142	0.8815	-0.4581
			0.7214	0.005	0.6925
			-0.384	-0.8719	0.304
			0.9535	0.1613	-0.2544
			-0.0831	0.7479	-0.6586
		b:
			179.8686
			-91.467
			502.0008
			-49.4424
			255.6528
			-235.2468
	==================================================================================
	Q2:
		Shape: Hybrid
		q_c:	372.5	11.0	325.0
		ub :	385.6471	25.7896	337.0301
		lb :	359.3529	-3.7896	312.9699
		P^-1:
			0.0131	-0.001	-0.0008
			-0.001	0.0126	-0.0014
			-0.0008	-0.0014	0.0149
		A:
			0.5546	0.8003	-0.2278
			-0.6322	0.1975	0.7492
			0.7035	-0.5705	-0.4238
			0.3285	-0.0768	0.9414
			-0.8397	-0.535	0.0933
			0.6055	-0.3812	-0.6986
		b:
			146.3441
			14.4611
			122.5486
			431.8613
			-283.2329
			-1.311
	==================================================================================
	Q3:
		Shape: Ellipse
		q_c:	349.5	23.0	330.0
		ub :	360.9288	30.5646	340.2642
		lb :	338.0712	15.4354	319.7358
		P^-1:
			0.0154	0.0009	-0.0027
			0.0009	0.0236	0.0003
			-0.0027	0.0003	0.0189
	==================================================================================
	Q4:
		Shape: Hybrid
		q_c:	340.5	40.0	345.0
		ub :	351.0785	51.6318	359.852
		lb :	329.9215	28.3682	330.148
		P^-1:
			2.1067	-1.9175	-0.5444
			-1.9175	1.761	0.4959
			-0.5444	0.4959	0.1499
		A:
			0.7454	-0.6289	-0.2213
			0.7601	-0.6152	-0.2094
			-0.7432	0.6359	0.208
			0.6058	-0.7085	-0.3621
			-0.6959	0.6949	0.1811
			-0.6634	0.7126	0.2281
		b:
			152.7645
			162.5088
			-155.4917
			55.2586
			-146.236
			-117.7895
	==================================================================================
	Q5:
		Shape: Polyhedra
		q_c:	344.0	22.5	333.5
		ub :	350.2057	31.7912	345.7928
		lb :	337.7943	13.2088	321.2072
		A:
			0.9272	-0.3728	-0.0353
			-0.161	-0.9866	-0.0255
			-0.5386	0.6768	-0.5019
			0.9979	0.06	-0.0231
			-0.7525	0.5925	0.2875
			0.2467	-0.0792	-0.9658
			0.0789	0.1667	0.9828
			-0.9888	0.1387	0.0558
			-0.127	-0.9762	0.1758
			-0.0789	-0.1667	-0.9828
			0.9888	-0.1387	-0.0558
			0.127	0.9762	-0.1758
		b:
			303.4863
			-78.868
			-330.231
			341.6084
			-143.6418
			-228.5179
			369.6571
			-313.9026
			-0.0285
			-347.6571
			322.9026
			14.0285
	==================================================================================
	Q6:
		Shape: Polyhedra
		q_c:	346.5	4.0	333.5
		ub :	356.1579	13.2779	341.5344
		lb :	336.8421	-5.2779	325.4656
		A:
			-0.4716	0.6613	0.5834
			-0.3485	0.8697	0.3495
			0.1507	0.0216	-0.9883
			-0.0084	0.9552	-0.2959
			-0.3136	0.4974	0.8089
			-0.27	0.8577	0.4376
			0.8801	0.4569	0.1288
			0.0479	-0.3554	0.9335
			0.4723	-0.8154	-0.3347
			-0.8801	-0.4569	-0.1288
			-0.0479	0.3554	-0.9335
			-0.4723	0.8154	0.3347
		b:
			38.007
			3.411
			-271.5664
			-92.082
			167.8553
			60.1383
			358.2496
			332.495
			52.7521
			-341.2496
			-320.495
			-44.7521


===========================================================================================
===========================================================================================
S7:
	q_c:	401.0	277.0	180.0
	ub :	417.4673	292.385	197.8186
	lb :	384.4257	262.0323	165.736

	==================================================================================
	Q1:
		Shape: Ellipse
		q_c:	394.5	276.0	174.5
		ub :	402.7038	283.852	183.264
		lb :	386.2962	268.148	165.736
		P^-1:
			0.048	0.021	0.0183
			0.021	0.0556	0.0082
			0.0183	0.0082	0.0417
	==================================================================================
	Q2:
		Shape: Ellipse
		q_c:	392.5	269.5	189.5
		ub :	400.5743	276.9677	197.8186
		lb :	384.4257	262.0323	181.1814
		P^-1:
			0.043	-0.0026	0.0075
			-0.0026	0.0483	0.003
			0.0075	0.003	0.0405
	==================================================================================
	Q3:
		Shape: Hybrid
		q_c:	411.0	281.0	176.5
		ub :	417.4673	287.0151	182.8407
		lb :	404.5327	274.9849	170.1593
		P^-1:
			0.0406	-0.0004	0.0022
			-0.0004	0.0403	-0.0015
			0.0022	-0.0015	0.0485
		A:
			-0.6458	0.2694	0.7144
			0.5796	-0.5924	-0.5596
			-0.2009	-0.4358	-0.8774
			0.0153	0.7739	0.6331
			0.6741	0.691	-0.2609
			-0.3402	0.358	-0.8695
		b:
			-60.9767
			-24.2984
			-357.43
			338.1422
			427.9134
			-190.4153
	==================================================================================
	Q4:
		Shape: Ellipse
		q_c:	399.0	285.0	179.5
		ub :	406.4925	292.385	188.163
		lb :	391.5075	277.615	170.837
		P^-1:
			0.0965	0.0831	0.0608
			0.0831	0.1242	0.0754
			0.0608	0.0754	0.0808
	==================================================================================
	Q5:
		Shape: Polyhedra
		q_c:	392.5	278.0	188.0
		ub :	398.0587	282.7812	192.7025
		lb :	386.9413	273.2188	183.2975
		A:
			-0.9615	0.1875	0.2008
			-0.1187	-0.7616	-0.6371
			0.5903	0.8035	-0.0769
			0.8444	0.528	0.0904
			-0.18	0.7744	0.6065
			-0.6352	-0.5279	0.5637
			0.2611	0.621	0.7391
			-0.0271	-0.7606	0.6486
			0.9649	-0.1894	-0.1818
			-0.2611	-0.621	-0.7391
			0.0271	0.7606	-0.6486
			-0.9649	0.1894	0.1818
		b:
			-282.537
			-375.5061
			443.9282
			499.1804
			261.8027
			-286.2464
			416.5601
			-97.1407
			296.9081
			-411.5601
			103.1407
			-286.9081
	==================================================================================
	Q6:
		Shape: Hybrid
		q_c:	409.0	276.5	182.5
		ub :	416.3601	283.1446	190.4272
		lb :	401.6399	269.8554	174.5728
		P^-1:
			0.0476	-0.002	-0.003
			-0.002	0.047	-0.0035
			-0.003	-0.0035	0.0441
		A:
			-0.6191	-0.6357	0.4611
			-0.6638	-0.1611	-0.7303
			0.6984	-0.686	-0.204
			0.7801	-0.3205	0.5374
			0.9528	-0.1327	-0.273
			-0.8993	0.3004	-0.3178
		b:
			-342.5282
			-446.6583
			61.0227
			330.9346
			305.4453
			-340.3889


===========================================================================================
===========================================================================================
