3D_40_5_6_b                l = 3

===========================================================================================
===========================================================================================
S1:
	q_c:    66.5000    468.0000    433.5000
	ub :    101.0000    493.0000    450.0000
	lb :    32.0000    443.0000    417.0000

	==================================================================================
	Q1:
		Shape: Ellipse
		q_c:    81.0000    451.0000    438.5000
		ub :    86.2010    461.3791    448.7529
		lb :    75.7990    440.6209    428.2471
		P^-1: 
			    0.2121    -0.0683    0.0526
			    -0.0683    0.0429    -0.0143
			    0.0526    -0.0143    0.0343
	==================================================================================
	Q2:
		Shape: Ellipse
		q_c:    68.0000    460.0000    427.5000
		ub :    76.2659    468.4340    433.4574
		lb :    59.7341    451.5660    421.5426
		P^-1: 
			    0.0795    0.0479    0.0432
			    0.0479    0.0594    0.0374
			    0.0432    0.0374    0.0814
	==================================================================================
	Q3:
		Shape: Ellipse
		q_c:    62.5000    472.5000    444.5000
		ub :    70.6773    479.4669    451.2539
		lb :    54.3227    465.5331    437.7461
		P^-1: 
			    0.0157    0.0026    -0.0026
			    0.0026    0.0895    -0.0697
			    -0.0026    -0.0697    0.0908
	==================================================================================
	Q4:
		Shape: Hybrid
		q_c:    61.0000    467.5000    442.5000
		ub :    72.4913    473.2253    453.5018
		lb :    49.5087    461.7747    431.4982
		P^-1: 
			    0.0169    0.0009    0.0081
			    0.0009    0.0488    0.0035
			    0.0081    0.0035    0.0226
		A:
			    0.1784    -0.9513    -0.2514
			    -0.6594    0.6976    -0.2804
			    -0.6646    0.6267    -0.4069
			    0.0866    -0.4074    -0.9091
			    -0.7064    0.5625    -0.4296
			    -0.4421    -0.7055    -0.5539
		b:
			    -542.3586
			    165.6540
			    76.1102
			    -582.6453
			    33.6949
			    -599.0556
	==================================================================================
	Q5:
		Shape: Ellipse
		q_c:    54.0000    482.5000    430.5000
		ub :    64.6025    492.4880    441.1616
		lb :    43.3975    472.5120    419.8384
		P^-1: 
			    0.0377    -0.0216    -0.0034
			    -0.0216    0.0436    -0.0036
			    -0.0034    -0.0036    0.0187
	==================================================================================
	Q6:
		Shape: Ellipse
		q_c:    77.0000    468.0000    429.5000
		ub :    84.4901    476.3559    437.1187
		lb :    69.5099    459.6441    421.8813
		P^-1: 
			    0.0429    0.0031    0.0030
			    0.0031    0.0433    0.0032
			    0.0030    0.0032    0.0432


===========================================================================================
===========================================================================================
S2:
	q_c:    168.5000    367.5000    224.0000
	ub :    179.0000    397.0000    239.0000
	lb :    158.0000    338.0000    209.0000

	==================================================================================
	Q1:
		Shape: Hybrid
		q_c:    176.5000    369.0000    230.0000
		ub :    183.3832    377.6475    239.5684
		lb :    169.6168    360.3525    220.4316
		P^-1: 
			    0.0680    -0.0068    -0.0245
			    -0.0068    0.0273    0.0005
			    -0.0245    0.0005    0.0345
		A:
			    0.5029    0.2378    -0.8310
			    0.6496    0.5764    -0.4958
			    -0.6760    -0.5360    0.5057
			    0.2413    0.9378    0.2495
			    0.8369    0.5431    -0.0675
			    -0.8279    0.3211    -0.4599
		b:
			    -11.6255
			    216.4063
			    -197.8081
			    450.7634
			    336.1737
			    -129.3560
	==================================================================================
	Q2:
		Shape: Polyhedra
		q_c:    163.0000    373.5000    219.0000
		ub :    169.1610    379.0874    224.5318
		lb :    156.8390    367.9126    213.4682
		A:
			    -0.3626    -0.7620    -0.5366
			    -0.7462    -0.6628    0.0625
			    -0.7383    -0.6113    0.2850
			    -0.3837    0.8809    0.2771
			    -0.3542    0.9302    -0.0964
			    -0.0864    -0.7501    0.6556
			    0.7809    0.5855    0.2177
			    -0.3213    0.0776    0.9438
			    0.5357    -0.8070    0.2487
			    -0.7809    -0.5855    -0.2177
			    0.3213    -0.0776    -0.9438
			    -0.5357    0.8070    -0.2487
		b:
			    -457.5620
			    -351.9575
			    -282.6277
			    331.1058
			    272.5511
			    -146.7389
			    397.1363
			    187.3126
			    -155.6219
			    -390.1363
			    -179.3126
			    163.6219
	==================================================================================
	Q3:
		Shape: Polyhedra
		q_c:    169.5000    360.5000    220.5000
		ub :    175.7959    366.5238    227.2467
		lb :    163.2041    354.4762    213.7533
		A:
			    -0.6725    -0.7389    0.0427
			    0.1064    0.1065    0.9886
			    -0.7787    -0.3138    0.5434
			    -0.5185    0.8378    0.1710
			    -0.9775    -0.0940    -0.1886
			    0.6168    -0.7307    -0.2924
			    0.4720    0.2576    0.8431
			    -0.0925    0.9656    -0.2432
			    -0.8767    0.0368    0.4796
			    -0.4720    -0.2576    -0.8431
			    0.0925    -0.9656    0.2432
			    0.8767    -0.0368    -0.4796
		b:
			    -366.3087
			    278.5231
			    -120.7162
			    256.6693
			    -236.8787
			    -218.6254
			    362.7784
			    283.7719
			    -25.0803
			    -354.7784
			    -273.7719
			    34.0803
	==================================================================================
	Q4:
		Shape: Ellipse
		q_c:    172.5000    362.0000    219.0000
		ub :    180.1510    368.1669    226.4332
		lb :    164.8490    355.8331    211.5668
		P^-1: 
			    0.0324    0.0018    -0.0086
			    0.0018    0.0400    -0.0003
			    -0.0086    -0.0003    0.0448
	==================================================================================
	Q5:
		Shape: Polyhedra
		q_c:    157.0000    361.5000    231.5000
		ub :    163.2762    369.1178    239.7842
		lb :    150.7238    353.8822    223.2158
		A:
			    0.5003    -0.3615    -0.7868
			    0.1064    0.3477    0.9316
			    0.4212    -0.8679    0.2632
			    -0.8826    -0.0823    0.4628
			    -0.2128    0.9623    -0.1697
			    -0.6070    0.7889    0.0962
			    0.9535    0.1773    0.2436
			    -0.1254    -0.5016    0.8560
			    0.2740    -0.8467    -0.4560
			    -0.9535    -0.1773    -0.2436
			    0.1254    0.5016    -0.8560
			    -0.2740    0.8467    0.4560
		b:
			    -229.2617
			    363.1527
			    -181.5965
			    -56.1896
			    280.2591
			    216.7587
			    274.7018
			    3.1503
			    -364.1548
			    -265.7018
			    8.8497
			    373.1548
	==================================================================================
	Q6:
		Shape: Ellipse
		q_c:    167.0000    375.0000    232.5000
		ub :    172.3282    380.6966    238.3007
		lb :    161.6718    369.3034    226.6993
		P^-1: 
			    0.1214    0.0430    -0.0050
			    0.0430    0.1114    0.0147
			    -0.0050    0.0147    0.0583


===========================================================================================
===========================================================================================
S3:
	q_c:    253.0000    504.5000    54.0000
	ub :    279.0000    513.0000    82.0000
	lb :    227.0000    496.0000    26.0000

	==================================================================================
	Q1:
		Shape: Polyhedra
		q_c:    262.5000    504.0000    55.0000
		ub :    266.4996    506.3699    58.6788
		lb :    258.5004    501.6301    51.3212
		A:
			    -0.5803    0.5663    -0.5853
			    0.9703    -0.1904    -0.1495
			    -0.8034    -0.5858    0.1066
			    0.3905    0.9203    -0.0215
			    0.6986    0.3518    0.6231
			    0.7534    -0.3634    0.5481
			    0.5635    0.2813    0.7768
			    -0.8108    0.0082    0.5852
			    0.1582    -0.9596    0.2327
			    -0.5635    -0.2813    -0.7768
			    0.8108    -0.0082    -0.5852
			    -0.1582    0.9596    -0.2327
		b:
			    102.7353
			    153.6681
			    -497.5159
			    567.2994
			    396.5676
			    46.6877
			    333.9093
			    -173.0113
			    -427.2960
			    -330.9093
			    180.0113
			    431.2960
	==================================================================================
	Q2:
		Shape: Polyhedra
		q_c:    251.0000    496.5000    52.5000
		ub :    255.9934    501.5001    58.3690
		lb :    246.0066    491.4999    46.6310
		A:
			    -0.9960    -0.0368    -0.0808
			    0.0104    -0.8245    -0.5658
			    -0.8912    0.4535    -0.0051
			    0.8604    -0.5087    -0.0303
			    -0.8009    0.0154    -0.5985
			    -0.7951    -0.5508    -0.2538
			    0.4624    0.6684    0.5826
			    0.6769    -0.6905    0.2550
			    0.5727    0.2764    -0.7717
			    -0.4624    -0.6684    -0.5826
			    -0.6769    0.6905    -0.2550
			    -0.5727    -0.2764    0.7717
		b:
			    -269.2271
			    -432.0007
			    2.9109
			    -36.6073
			    -221.2212
			    -481.7206
			    483.5142
			    -158.5489
			    243.9949
			    -473.5142
			    160.5489
			    -236.9949
	==================================================================================
	Q3:
		Shape: Hybrid
		q_c:    262.0000    500.5000    54.5000
		ub :    266.2405    503.8075    59.1200
		lb :    257.7595    497.1925    49.8800
		P^-1: 
			    0.1111    0.0011    -0.0002
			    0.0011    0.1578    -0.0100
			    -0.0002    -0.0100    0.1133
		A:
			    0.5177    0.6635    -0.5401
			    -0.8170    -0.0901    -0.5695
			    0.7938    0.6014    -0.0910
			    0.0789    -0.9890    -0.1254
			    0.7747    0.4903    0.3993
			    -0.9888    -0.0920    0.1179
		b:
			    439.7499
			    -288.4546
			    505.5599
			    -479.8382
			    471.8005
			    -296.9084
	==================================================================================
	Q4:
		Shape: Hybrid
		q_c:    249.5000    502.0000    54.5000
		ub :    256.3907    508.8131    61.6900
		lb :    242.6093    495.1869    47.3100
		P^-1: 
			    0.0530    0.0034    -0.0237
			    0.0034    0.0336    -0.0040
			    -0.0237    -0.0040    0.0611
		A:
			    0.1454    0.4487    -0.8818
			    -0.7668    -0.2816    0.5768
			    -0.3194    -0.7094    0.6282
			    -0.2353    0.3092    0.9214
			    0.1237    -0.0570    -0.9907
			    -0.9597    -0.1841    -0.2124
		b:
			    215.9938
			    -299.3192
			    -398.8882
			    149.2424
			    -49.2671
			    -340.0782
	==================================================================================
	Q5:
		Shape: Polyhedra
		q_c:    259.0000    501.0000    58.0000
		ub :    265.0540    506.9068    63.3024
		lb :    252.9460    495.0932    52.6976
		A:
			    -0.6329    -0.7456    -0.2086
			    -0.7533    0.1624    -0.6373
			    -0.7415    -0.2435    -0.6252
			    0.0546    0.4487    0.8920
			    -0.7863    0.6178    -0.0085
			    -0.3685    -0.7765    0.5111
			    0.3609    0.5865    0.7251
			    -0.7683    -0.2537    0.5876
			    0.5286    -0.7692    0.3591
			    -0.3609    -0.5865    -0.7251
			    0.7683    0.2537    -0.5876
			    -0.5286    0.7692    -0.3591
		b:
			    -546.8971
			    -146.7069
			    -347.3869
			    292.9530
			    110.1427
			    -450.8023
			    431.3815
			    -288.5137
			    -222.6082
			    -427.3815
			    295.5137
			    232.6082
	==================================================================================
	Q6:
		Shape: Polyhedra
		q_c:    254.5000    514.0000    50.0000
		ub :    259.0219    516.6574    53.4986
		lb :    249.9781    511.3426    46.5014
		A:
			    0.3343    -0.5160    -0.7886
			    0.4049    -0.6659    0.6267
			    0.0121    0.9448    -0.3275
			    -0.1073    0.0948    0.9897
			    -0.0313    0.6323    0.7741
			    0.5068    0.4163    0.7549
			    0.2833    0.5182    0.8070
			    -0.3394    0.8412    -0.4210
			    -0.8970    -0.1546    0.4142
			    -0.2833    -0.5182    -0.8070
			    0.3394    -0.8412    0.4210
			    0.8970    0.1546    -0.4142
		b:
			    -217.0446
			    -206.3790
			    474.1921
			    73.2652
			    357.4994
			    382.3577
			    380.2997
			    326.4502
			    -283.0268
			    -377.2997
			    -323.4502
			    291.0268


===========================================================================================
===========================================================================================
S4:
	q_c:    101.0000    465.5000    421.5000
	ub :    115.0000    489.0000    453.0000
	lb :    87.0000    442.0000    390.0000

	==================================================================================
	Q1:
		Shape: Polyhedra
		q_c:    95.5000    464.0000    430.5000
		ub :    102.7346    471.4673    437.0781
		lb :    88.2654    456.5327    423.9219
		A:
			    -0.2390    -0.4568    -0.8569
			    0.8074    -0.1523    0.5701
			    -0.3170    0.7846    0.5328
			    0.2766    0.1963    0.9407
			    0.9494    -0.1727    -0.2625
			    0.2999    0.6327    -0.7140
			    0.1866    0.6045    0.7744
			    0.5884    0.5625    -0.5809
			    -0.7867    0.5640    -0.2508
			    -0.1866    -0.6045    -0.7744
			    -0.5884    -0.5625    0.5809
			    0.7867    -0.5640    0.2508
		b:
			    -600.1103
			    256.5156
			    567.1790
			    526.2806
			    -97.6780
			    19.3955
			    635.2104
			    71.6206
			    83.6339
			    -628.2104
			    -62.6206
			    -73.6339
	==================================================================================
	Q2:
		Shape: Hybrid
		q_c:    92.0000    467.5000    423.5000
		ub :    98.7698    472.0696    430.4728
		lb :    85.2302    462.9304    416.5272
		P^-1: 
			    0.0550    -0.0476    0.0256
			    -0.0476    0.1913    -0.0813
			    0.0256    -0.0813    0.0837
		A:
			    -0.5191    0.0647    0.8523
			    0.5754    -0.8022    0.1590
			    -0.4313    -0.7767    0.4591
			    -0.3516    0.9352    -0.0417
			    -0.1610    -0.9865    -0.0297
			    -0.7319    -0.4404    -0.5199
		b:
			    347.3389
			    -252.9939
			    -205.7448
			    388.9803
			    -486.0829
			    -489.4260
	==================================================================================
	Q3:
		Shape: Hybrid
		q_c:    88.5000    471.5000    423.5000
		ub :    98.5062    482.4690    434.2496
		lb :    78.4938    460.5310    412.7504
		P^-1: 
			    0.0256    -0.0028    -0.0103
			    -0.0028    0.0172    0.0047
			    -0.0103    0.0047    0.0306
		A:
			    0.2069    0.5936    0.7777
			    0.5105    -0.4067    -0.7576
			    -0.2599    0.7949    -0.5482
			    0.1931    -0.5992    -0.7770
			    0.9428    -0.0427    -0.3306
			    0.8242    -0.4065    -0.3942
		b:
			    631.7488
			    -464.8050
			    125.0977
			    -591.1295
			    -73.2838
			    -282.4910
	==================================================================================
	Q4:
		Shape: Hybrid
		q_c:    99.5000    455.5000    419.5000
		ub :    107.9487    466.9516    430.7095
		lb :    91.0513    444.0484    408.2905
		P^-1: 
			    0.0360    -0.0066    -0.0030
			    -0.0066    0.0224    0.0057
			    -0.0030    0.0057    0.0209
		A:
			    0.4557    -0.7823    -0.4246
			    0.1615    0.9359    0.3131
			    -0.2055    -0.9426    -0.2632
			    -0.1463    0.9396    0.3094
			    0.9292    -0.3200    0.1848
			    0.1918    -0.9814    -0.0095
		b:
			    -486.0206
			    577.9322
			    -555.8801
			    547.0780
			    27.1681
			    -427.6223
	==================================================================================
	Q5:
		Shape: Ellipse
		q_c:    115.0000    466.5000    428.5000
		ub :    122.1442    472.7895    436.5144
		lb :    107.8558    460.2105    420.4856
		P^-1: 
			    0.0448    -0.0065    -0.0161
			    -0.0065    0.0601    -0.0059
			    -0.0161    -0.0059    0.0479
	==================================================================================
	Q6:
		Shape: Polyhedra
		q_c:    112.0000    476.5000    427.5000
		ub :    119.9239    482.4944    435.2170
		lb :    104.0761    470.5056    419.7830
		A:
			    -0.2975    -0.8229    -0.4840
			    0.9279    0.3242    -0.1841
			    0.0321    0.1494    0.9883
			    -0.4067    0.5471    -0.7317
			    0.2765    0.8022    0.5292
			    0.1568    -0.5974    -0.7865
			    0.7385    0.1031    0.6664
			    -0.5997    -0.3513    0.7190
			    0.3083    -0.9306    -0.1976
			    -0.7385    -0.1031    -0.6664
			    0.5997    0.3513    -0.7190
			    -0.3083    0.9306    0.1976
		b:
			    -627.9318
			    184.7070
			    502.1792
			    -92.8770
			    643.8821
			    -598.8616
			    421.7180
			    77.7821
			    -489.3573
			    -411.7180
			    -67.7821
			    497.3573


===========================================================================================
===========================================================================================
S5:
	q_c:    179.0000    205.0000    102.5000
	ub :    205.0000    235.0000    121.0000
	lb :    153.0000    175.0000    84.0000

	==================================================================================
	Q1:
		Shape: Polyhedra
		q_c:    182.0000    202.5000    98.5000
		ub :    195.7001    215.3118    113.1638
		lb :    168.2999    189.6882    83.8362
		A:
			    -0.8195    0.0837    0.5669
			    0.7204    -0.0352    -0.6927
			    0.2384    -0.5027    0.8310
			    0.7710    0.3680    -0.5197
			    -0.3853    0.3377    -0.8588
			    0.0837    0.3103    -0.9470
			    0.6622    0.3698    0.6518
			    -0.7273    0.1078    0.6778
			    0.1804    -0.9228    0.3403
			    -0.6622    -0.3698    -0.6518
			    0.7273    -0.1078    -0.6778
			    -0.1804    0.9228    -0.3403
		b:
			    -68.8072
			    63.2660
			    32.5641
			    171.6446
			    -76.9224
			    -6.6350
			    269.5951
			    -36.2868
			    -111.5223
			    -249.5951
			    51.2868
			    129.5223
	==================================================================================
	Q2:
		Shape: Polyhedra
		q_c:    166.0000    202.0000    92.0000
		ub :    176.6495    213.5306    101.8030
		lb :    155.3505    190.4694    82.1970
		A:
			    0.0352    0.3050    0.9517
			    -0.8316    0.4205    -0.3628
			    -0.8754    -0.4216    0.2364
			    0.4154    -0.7643    0.4932
			    -0.3698    0.9225    -0.1110
			    0.4614    -0.2566    0.8493
			    0.8281    0.5317    0.1778
			    0.5493    -0.7060    -0.4471
			    -0.1122    0.4679    -0.8767
			    -0.8281    -0.5317    -0.1778
			    -0.5493    0.7060    0.4471
			    0.1122    -0.4679    0.8767
		b:
			    161.5310
			    -79.6955
			    -201.0229
			    -33.7042
			    120.9818
			    109.6525
			    269.2198
			    -86.5497
			    1.7318
			    -253.2198
			    98.5497
			    11.2682
	==================================================================================
	Q3:
		Shape: Ellipse
		q_c:    184.5000    219.5000    89.0000
		ub :    196.7642    231.8452    100.7147
		lb :    172.2358    207.1548    77.2853
		P^-1: 
			    0.0189    0.0015    -0.0033
			    0.0015    0.0124    0.0023
			    -0.0033    0.0023    0.0213
	==================================================================================
	Q4:
		Shape: Polyhedra
		q_c:    184.0000    189.0000    114.5000
		ub :    195.5820    203.3146    125.8956
		lb :    172.4180    174.6854    103.1044
		A:
			    0.6868    0.4136    0.5977
			    0.4409    -0.2133    -0.8718
			    0.0486    -0.4280    -0.9025
			    0.0241    -0.9308    -0.3649
			    -0.9506    0.1189    -0.2867
			    -0.8939    0.0145    -0.4479
			    0.6065    0.1429    0.7821
			    -0.3452    -0.8389    0.4209
			    0.7162    -0.5253    -0.4595
			    -0.6065    -0.1429    -0.7821
			    0.3452    0.8389    -0.4209
			    -0.7162    0.5253    0.4595
		b:
			    278.4729
			    -51.7164
			    -169.7019
			    -204.3021
			    -179.7978
			    -208.1463
			    232.1537
			    -161.8654
			    -13.0982
			    -224.1537
			    185.8654
			    27.0982
	==================================================================================
	Q5:
		Shape: Ellipse
		q_c:    164.0000    206.0000    116.0000
		ub :    173.5343    216.8710    126.3907
		lb :    154.4657    195.1290    105.6093
		P^-1: 
			    0.0370    -0.0156    -0.0139
			    -0.0156    0.0346    0.0149
			    -0.0139    0.0149    0.0252
	==================================================================================
	Q6:
		Shape: Ellipse
		q_c:    159.5000    202.0000    95.5000
		ub :    172.2567    215.4751    106.4623
		lb :    146.7433    188.5249    84.5377
		P^-1: 
			    0.0190    0.0057    0.0028
			    0.0057    0.0137    0.0016
			    0.0028    0.0016    0.0134


===========================================================================================
===========================================================================================
