3D_40_11_6_b                l = 3

===========================================================================================
===========================================================================================
S1:
	q_c:	373.5	92.0	90.0
	ub :	396.7105	109.5677	107.3757
	lb :	357.1306	70.0302	67.9659

	==================================================================================
	Q1:
		Shape: Hybrid
		q_c:	368.5	89.5	98.5
		ub :	377.8609	98.4074	107.3757
		lb :	359.1391	80.5926	89.6243
		P^-1:
			0.037	-0.0112	0.0023
			-0.0112	0.0391	0.0001
			0.0023	0.0001	0.0248
		A:
			0.3332	-0.9381	0.0943
			0.0071	-0.9502	-0.3117
			-0.7168	0.0591	-0.6947
			-0.3194	-0.0286	-0.9472
			-0.9927	0.0493	-0.1103
			-0.4445	0.0817	-0.8921
		b:
			50.6638
			-110.028
			-323.9256
			-209.6406
			-369.1589
			-240.6114
	==================================================================================
	Q2:
		Shape: Ellipse
		q_c:	384.0	84.5	89.0
		ub :	396.7105	93.1258	102.0226
		lb :	371.2895	75.8742	75.9774
		P^-1:
			0.0132	-0.0	-0.0023
			-0.0	0.0177	-0.0003
			-0.0023	-0.0003	0.0135
	==================================================================================
	Q3:
		Shape: Hybrid
		q_c:	365.5	83.0	77.0
		ub :	373.8694	89.4225	86.0341
		lb :	357.1306	76.5775	67.9659
		P^-1:
			0.0374	0.0168	-0.0011
			0.0168	0.0899	0.0343
			-0.0011	0.0343	0.0442
		A:
			0.0459	0.6567	0.7527
			0.9811	-0.0928	-0.1698
			-0.0165	-0.8564	-0.516
			0.3305	0.9256	0.1847
			-0.5222	0.5625	0.641
			0.8836	-0.4665	-0.0399
		b:
			131.3419
			341.7454
			-115.2416
			213.6385
			-92.1071
			285.5106
	==================================================================================
	Q4:
		Shape: Polyhedra
		q_c:	387.5	77.0	100.5
		ub :	392.7479	83.9698	106.8233
		lb :	382.2521	70.0302	94.1767
		A:
			0.3325	-0.3234	-0.8859
			-0.4117	-0.7535	-0.5127
			-0.0632	0.4818	0.874
			0.9177	-0.1055	0.383
			0.2694	-0.7553	-0.5974
			0.4672	-0.8555	0.2232
			0.3993	0.8717	0.284
			0.9094	-0.3373	-0.2433
			-0.1163	0.3554	-0.9275
			-0.3993	-0.8717	-0.284
			-0.9094	0.3373	0.2433
			0.1163	-0.3554	0.9275
		b:
			18.9678
			-264.0858
			104.9187
			389.7421
			-9.5521
			141.6636
			255.3788
			304.9858
			-106.4076
			-245.3788
			-298.9858
			115.4076
	==================================================================================
	Q5:
		Shape: Polyhedra
		q_c:	376.0	87.5	84.5
		ub :	382.1185	93.1104	89.9937
		lb :	369.8815	81.8896	79.0063
		A:
			-0.141	-0.8724	-0.4681
			-0.2082	-0.1557	0.9656
			-0.3786	-0.6774	0.6307
			-0.6279	0.5435	-0.5571
			-0.8657	-0.4544	-0.21
			0.3779	-0.2266	0.8977
			0.1858	0.8082	0.5588
			0.9824	-0.1421	-0.1212
			-0.0185	0.5715	-0.8204
			-0.1858	-0.8082	-0.5588
			-0.9824	0.1421	0.1212
			0.0185	-0.5715	0.8204
		b:
			-165.3918
			-6.6087
			-144.5149
			-231.2136
			-378.2459
			201.8417
			191.3036
			352.2154
			-22.7818
			-184.3036
			-341.2154
			29.7818
	==================================================================================
	Q6:
		Shape: Ellipse
		q_c:	382.5	101.5	85.5
		ub :	389.9032	109.5677	94.1364
		lb :	375.0968	93.4323	76.8636
		P^-1:
			0.0323	0.003	-0.0009
			0.003	0.0455	0.0188
			-0.0009	0.0188	0.0415


===========================================================================================
===========================================================================================
S2:
	q_c:	218.5	450.0	62.0
	ub :	233.0999	466.6049	75.0754
	lb :	207.6768	433.8481	52.11

	==================================================================================
	Q1:
		Shape: Polyhedra
		q_c:	213.5	439.0	58.0
		ub :	219.3232	444.1519	62.9272
		lb :	207.6768	433.8481	53.0728
		A:
			0.056	0.33	0.9423
			0.2965	-0.1873	0.9365
			-0.0774	0.8232	-0.5624
			0.2594	0.8005	-0.5403
			0.9809	-0.0971	-0.1686
			0.682	-0.6566	0.3222
			0.6908	0.529	0.4928
			-0.474	-0.1834	0.8612
			0.546	-0.8286	0.1241
			-0.6908	-0.529	-0.4928
			0.474	0.1834	-0.8612
			-0.546	0.8286	-0.1241
		b:
			214.9776
			38.7673
			315.245
			378.5904
			160.3247
			-120.8639
			412.3192
			-128.7352
			-236.9761
			-404.3192
			134.7352
			242.9761
	==================================================================================
	Q2:
		Shape: Polyhedra
		q_c:	223.0	444.0	67.5
		ub :	229.8462	451.7986	75.0754
		lb :	216.1538	436.2014	59.9246
		A:
			-0.5467	0.3405	-0.7649
			-0.3013	-0.8359	0.4587
			0.5991	0.0841	-0.7962
			-0.0341	-0.5978	0.8009
			-0.6097	0.732	0.304
			-0.7876	0.542	-0.2932
			0.8459	0.4028	0.3495
			0.0685	-0.732	0.6778
			0.5289	-0.5495	-0.6468
			-0.8459	-0.4028	-0.3495
			-0.0685	0.732	-0.6778
			-0.5289	0.5495	0.6468
		b:
			-17.2052
			-402.2851
			121.3695
			-214.0219
			213.3523
			50.0401
			396.5803
			-258.979
			-166.1836
			-385.5803
			268.979
			173.1836
	==================================================================================
	Q3:
		Shape: Hybrid
		q_c:	227.5	458.0	63.0
		ub :	230.5326	463.1918	67.6316
		lb :	224.4674	452.8082	58.3684
		P^-1:
			0.2397	0.0345	-0.0247
			0.0345	0.0777	0.0137
			-0.0247	0.0137	0.1062
		A:
			-0.8273	-0.3544	-0.4358
			-0.7454	-0.4518	-0.4902
			-0.4947	0.6385	0.5895
			-0.7792	0.5743	0.2508
			-0.1567	-0.3559	-0.9213
			0.2731	-0.8604	-0.4302
		b:
			-376.5929
			-405.8734
			219.0685
			103.5681
			-254.6687
			-356.6264
	==================================================================================
	Q4:
		Shape: Polyhedra
		q_c:	226.0	461.0	59.5
		ub :	233.0999	466.6049	66.89
		lb :	218.9001	455.3951	52.11
		A:
			0.1891	0.9811	-0.0415
			-0.5668	0.1085	-0.8167
			0.498	-0.0993	0.8615
			-0.1386	0.7385	-0.6599
			-0.977	0.1871	-0.1023
			-0.5018	-0.8056	-0.3149
			0.7085	0.5441	0.4494
			-0.4557	-0.1336	0.8801
			0.5389	-0.8283	0.1533
			-0.7085	-0.5441	-0.4494
			0.4557	0.1336	-0.8801
			-0.5389	0.8283	-0.1533
		b:
			496.2602
			-122.4594
			122.3933
			274.4653
			-136.78
			-500.0229
			441.1885
			-106.2016
			-247.4519
			-434.1885
			118.2016
			254.4519
	==================================================================================
	Q5:
		Shape: Hybrid
		q_c:	226.0	447.0	63.0
		ub :	230.7858	452.0687	66.6954
		lb :	221.2142	441.9313	59.3046
		P^-1:
			0.0991	0.0209	-0.0017
			0.0209	0.0744	-0.001
			-0.0017	-0.001	0.0818
		A:
			0.4118	-0.2882	0.8645
			-0.7727	0.496	0.3961
			0.714	0.5139	0.4756
			0.2093	0.7869	0.5805
			0.8868	-0.0936	-0.4526
			-0.1571	-0.677	-0.719
		b:
			20.8159
			74.3116
			422.6727
			437.6742
			131.9427
			-381.37
	==================================================================================
	Q6:
		Shape: Ellipse
		q_c:	220.0	447.0	64.0
		ub :	225.9015	453.1006	71.0139
		lb :	214.0985	440.8994	56.9861
		P^-1:
			0.0426	-0.0116	0.0068
			-0.0116	0.0864	-0.0343
			0.0068	-0.0343	0.0552


===========================================================================================
===========================================================================================
S3:
	q_c:	320.5	494.0	209.5
	ub :	337.0574	506.4642	221.7623
	lb :	302.7458	476.1599	194.9127

	==================================================================================
	Q1:
		Shape: Polyhedra
		q_c:	319.5	492.0	200.0
		ub :	322.9884	496.3003	203.8306
		lb :	316.0116	487.6997	196.1694
		A:
			-0.8887	-0.2471	-0.3862
			-0.5821	-0.5252	0.6207
			-0.693	0.5238	-0.4954
			-0.0813	0.9233	-0.3755
			0.855	-0.4919	-0.1642
			-0.7472	0.2551	0.6138
			0.2556	0.9177	0.304
			0.1064	0.2859	-0.9523
			-0.9609	0.2758	-0.0246
			-0.2556	-0.9177	-0.304
			-0.1064	-0.2859	0.9523
			0.9609	-0.2758	0.0246
		b:
			-480.075
			-317.3077
			-60.0906
			356.1374
			0.8439
			12.2475
			597.0033
			-12.8211
			-173.7216
			-591.0033
			18.8211
			178.7216
	==================================================================================
	Q2:
		Shape: Hybrid
		q_c:	320.5	486.0	204.5
		ub :	327.1578	490.9978	208.092
		lb :	313.8422	481.0022	200.908
		P^-1:
			0.0641	0.0796	0.0136
			0.0796	0.2027	0.0352
			0.0136	0.0352	0.1221
		A:
			0.0712	-0.7563	-0.6504
			0.0082	-0.8993	-0.4372
			0.511	0.5382	-0.6702
			-0.2494	0.5747	-0.7794
			0.337	0.5303	-0.778
			-0.1208	-0.8129	-0.5698
		b:
			-475.6791
			-521.9121
			290.3221
			42.9038
			208.5086
			-548.8349
	==================================================================================
	Q3:
		Shape: Polyhedra
		q_c:	312.0	486.0	212.5
		ub :	320.0302	494.8649	221.7623
		lb :	303.9698	477.1351	203.2377
		A:
			-0.2911	-0.9566	0.0153
			-0.6458	-0.2929	-0.7051
			-0.0904	-0.1211	-0.9885
			0.4147	0.8757	0.2472
			-0.8338	-0.2673	-0.483
			-0.2884	-0.8515	-0.438
			0.5794	0.5376	0.6127
			-0.8135	0.334	0.4762
			0.0514	-0.7742	0.6308
			-0.5794	-0.5376	-0.6127
			0.8135	-0.334	-0.4762
			-0.0514	0.7742	-0.6308
		b:
			-547.4417
			-489.9089
			-291.9901
			611.8128
			-488.5071
			-592.6356
			575.7169
			16.7035
			-220.2076
			-568.7169
			-2.7035
			232.2076
	==================================================================================
	Q4:
		Shape: Polyhedra
		q_c:	309.5	490.5	202.0
		ub :	316.2542	495.8871	209.0873
		lb :	302.7458	485.1129	194.9127
		A:
			-0.2029	-0.4407	-0.8744
			-0.5443	0.7259	-0.4205
			0.4521	0.8919	0.0149
			-0.3715	0.4169	-0.8296
			0.1843	0.5529	-0.8126
			0.8759	-0.1599	0.4552
			0.4148	0.6366	0.6501
			-0.4099	0.7686	-0.4912
			-0.8124	-0.0627	0.5797
			-0.4148	-0.6366	-0.6501
			0.4099	-0.7686	0.4912
			0.8124	0.0627	-0.5797
		b:
			-450.6808
			105.2236
			584.8057
			-74.8661
			167.6568
			288.4677
			576.9681
			153.4215
			-160.6052
			-566.9681
			-148.4215
			169.6052
	==================================================================================
	Q5:
		Shape: Ellipse
		q_c:	330.0	483.5	208.0
		ub :	337.0574	490.8401	213.4773
		lb :	322.9426	476.1599	202.5227
		P^-1:
			0.0665	0.0223	0.0031
			0.0223	0.0488	-0.0045
			0.0031	-0.0045	0.081
	==================================================================================
	Q6:
		Shape: Ellipse
		q_c:	319.5	497.5	203.0
		ub :	326.6884	506.4642	209.6119
		lb :	312.3116	488.5358	196.3881
		P^-1:
			0.0438	-0.0107	-0.004
			-0.0107	0.0353	-0.0207
			-0.004	-0.0207	0.0724


===========================================================================================
===========================================================================================
S4:
	q_c:	79.0	433.5	495.0
	ub :	100.7768	453.3715	525.1812
	lb :	60.0377	407.3828	479.6064

	==================================================================================
	Q1:
		Shape: Polyhedra
		q_c:	85.0	421.0	504.5
		ub :	95.7026	434.6172	518.2998
		lb :	74.2974	407.3828	490.7002
		A:
			-0.5474	-0.3506	-0.7599
			0.9781	-0.1134	-0.1746
			-0.8143	0.5509	0.1829
			0.6948	-0.3642	-0.6202
			0.0145	-0.3359	-0.9418
			-0.817	0.3153	-0.4828
			0.7982	0.5397	0.2677
			-0.0198	0.4676	-0.8837
			-0.6021	0.7001	0.3839
			-0.7982	-0.5397	-0.2677
			0.0198	-0.4676	0.8837
			0.6021	-0.7001	-0.3839
		b:
			-568.1928
			-45.3556
			260.9379
			-400.6176
			-606.6172
			-171.5079
			439.1053
			-240.1591
			442.725
			-421.1053
			261.1591
			-431.725
	==================================================================================
	Q2:
		Shape: Polyhedra
		q_c:	69.5	445.0	497.0
		ub :	78.3562	453.3715	504.7377
		lb :	60.6438	436.6285	489.2623
		A:
			-0.6354	-0.6266	-0.4513
			0.9861	-0.0375	0.162
			-0.5991	-0.3475	-0.7213
			-0.9237	-0.0275	0.382
			-0.3596	-0.0375	-0.9324
			0.7369	0.1409	-0.6612
			0.3495	0.6577	0.6673
			-0.6724	0.6721	-0.3103
			-0.6525	-0.3402	0.6771
			-0.3495	-0.6577	-0.6673
			0.6724	-0.6721	0.3103
			0.6525	0.3402	-0.6771
		b:
			-543.524
			138.032
			-550.6492
			118.8059
			-500.3915
			-209.6625
			652.1133
			104.6376
			144.7641
			-645.1133
			-91.6376
			-134.7641
	==================================================================================
	Q3:
		Shape: Polyhedra
		q_c:	85.5	427.0	510.0
		ub :	100.7768	442.9413	525.1812
		lb :	70.2232	411.0587	494.8188
		A:
			-0.1784	0.6669	0.7235
			0.5108	0.1551	-0.8456
			0.4979	-0.1365	0.8564
			-0.6213	0.4834	0.6167
			-0.0249	-0.6665	0.7451
			0.2724	-0.4274	0.8621
			0.3809	0.6546	0.653
			-0.7405	0.6389	-0.2084
			-0.5536	-0.4042	0.7281
			-0.3809	-0.6546	-0.653
			0.7405	-0.6389	0.2084
			0.5536	0.4042	-0.7281
		b:
			648.4882
			-312.2205
			430.5416
			476.9917
			102.1634
			289.4999
			655.6164
			111.693
			160.3781
			-634.6164
			-94.693
			-142.3781
	==================================================================================
	Q4:
		Shape: Hybrid
		q_c:	78.0	424.0	493.5
		ub :	89.6409	436.7423	507.3936
		lb :	66.3591	411.2577	479.6064
		P^-1:
			0.0173	-0.0016	-0.0011
			-0.0016	0.0128	-0.0034
			-0.0011	-0.0034	0.0155
		A:
			0.9686	-0.2287	0.0974
			0.0415	-0.6589	-0.7511
			-0.2056	-0.5204	0.8288
			-0.676	0.6296	0.3829
			0.2104	-0.9771	-0.0317
			0.5846	0.8096	0.0533
		b:
			30.4456
			-640.8802
			176.0479
			407.7515
			-408.2719
			420.7045
	==================================================================================
	Q5:
		Shape: Polyhedra
		q_c:	78.0	445.5	485.5
		ub :	83.2789	451.9402	490.9899
		lb :	72.7211	439.0598	480.0101
		A:
			-0.6101	0.6167	-0.4975
			0.2259	-0.1196	-0.9668
			0.9881	-0.1321	0.0792
			-0.926	0.2041	-0.3177
			0.8086	-0.5777	0.111
			-0.2498	0.6109	0.7513
			0.2488	0.9634	0.0995
			0.8506	-0.2665	0.4533
			0.4633	-0.0281	-0.8858
			-0.2488	-0.9634	-0.0995
			-0.8506	0.2665	-0.4533
			-0.4633	0.0281	0.8858
		b:
			-11.3174
			-500.5564
			59.2865
			-133.3967
			-137.4007
			622.5068
			502.9382
			169.6875
			-401.9454
			-490.9382
			-165.6875
			410.9454
	==================================================================================
	Q6:
		Shape: Hybrid
		q_c:	71.5	437.5	504.0
		ub :	82.9623	449.2379	516.9226
		lb :	60.0377	425.7621	491.0774
		P^-1:
			0.0124	0.0005	0.0006
			0.0005	0.0168	0.0024
			0.0006	0.0024	0.0109
		A:
			0.7014	0.4789	0.5279
			-0.478	-0.2578	-0.8396
			-0.6488	-0.2476	0.7195
			-0.2293	-0.9643	-0.1322
			-0.239	0.9004	-0.3635
			0.4166	0.5205	0.7453
		b:
			530.3145
			-564.9751
			213.8888
			-501.04
			198.604
			637.7413


===========================================================================================
===========================================================================================
S5:
	q_c:	478.5	483.0	124.5
	ub :	487.9881	501.3401	145.3244
	lb :	466.9387	467.3423	112.2977

	==================================================================================
	Q1:
		Shape: Ellipse
		q_c:	475.0	486.0	134.5
		ub :	482.4228	493.5431	141.7839
		lb :	467.5772	478.4569	127.2161
		P^-1:
			0.0557	0.0174	-0.0029
			0.0174	0.0506	0.0193
			-0.0029	0.0193	0.0657
	==================================================================================
	Q2:
		Shape: Ellipse
		q_c:	474.5	484.0	119.5
		ub :	481.3958	490.1613	126.7023
		lb :	467.6042	477.8387	112.2977
		P^-1:
			0.0729	-0.0165	0.0232
			-0.0165	0.0854	-0.0216
			0.0232	-0.0216	0.0431
	==================================================================================
	Q3:
		Shape: Polyhedra
		q_c:	471.5	476.5	116.5
		ub :	476.0613	480.9694	119.8857
		lb :	466.9387	472.0306	113.1143
		A:
			0.7611	0.1302	-0.6354
			0.8119	-0.2281	-0.5374
			0.5217	0.4939	0.6956
			0.12	-0.8889	0.4421
			-0.0359	-0.0195	0.9992
			0.2735	0.7772	0.5667
			0.2089	0.5587	0.8027
			0.7638	0.4194	-0.4906
			-0.6107	0.7155	-0.3391
			-0.2089	-0.5587	-0.8027
			-0.7638	-0.4194	0.4906
			0.6107	-0.7155	0.3391
		b:
			349.3152
			214.3082
			563.7619
			-311.8365
			92.2209
			566.7095
			459.1866
			505.312
			17.4848
			-457.1866
			-500.312
			-9.4848
	==================================================================================
	Q4:
		Shape: Ellipse
		q_c:	477.5	493.5	139.0
		ub :	485.9381	501.3401	145.3244
		lb :	469.0619	485.6599	132.6756
		P^-1:
			0.041	0.0271	0.0111
			0.0271	0.069	0.0291
			0.0111	0.0291	0.0741
	==================================================================================
	Q5:
		Shape: Hybrid
		q_c:	479.5	480.5	125.5
		ub :	487.9881	487.2545	133.5724
		lb :	471.0119	473.7455	117.4276
		P^-1:
			0.04	-0.0083	-0.0116
			-0.0083	0.0583	-0.0001
			-0.0116	-0.0001	0.0413
		A:
			0.9363	0.0107	-0.3509
			-0.0013	-0.2773	0.9608
			0.5125	0.8444	-0.1563
			-0.4722	0.702	0.5331
			0.2452	-0.9477	0.2042
			0.4751	0.6844	-0.553
		b:
			412.8741
			-10.291
			634.5766
			179.8692
			-310.0533
			489.8174
	==================================================================================
	Q6:
		Shape: Hybrid
		q_c:	474.5	474.0	118.5
		ub :	480.6709	480.6577	120.6313
		lb :	468.3291	467.3423	116.3687
		P^-1:
			0.0923	-0.0622	0.1015
			-0.0622	0.0964	-0.1792
			0.1015	-0.1792	0.9501
		A:
			-0.4682	0.3391	-0.8159
			0.4977	-0.273	0.8232
			0.0995	-0.2223	0.9699
			0.1975	-0.0321	0.9798
			0.1171	-0.4554	0.8825
			-0.3337	-0.3308	0.8827
		b:
			-157.0476
			205.5622
			57.2582
			195.5661
			-54.5756
			-208.3997


===========================================================================================
===========================================================================================
S6:
	q_c:	65.5	205.5	236.0
	ub :	76.0317	216.2061	244.8966
	lb :	56.592	193.3806	225.4659

	==================================================================================
	Q1:
		Shape: Polyhedra
		q_c:	63.5	200.0	233.5
		ub :	68.9675	204.7746	238.464
		lb :	58.0325	195.2254	228.536
		A:
			-0.5067	-0.3581	-0.7842
			-0.521	-0.8531	0.0297
			-0.5724	0.7261	-0.381
			0.3601	-0.9222	-0.1412
			-0.5068	-0.2701	-0.8186
			-0.0477	0.42	0.9063
			0.3078	0.2373	0.9214
			0.0793	0.9586	-0.2734
			-0.9482	0.1572	0.2762
			-0.3078	-0.2373	-0.9214
			-0.0793	-0.9586	0.2734
			0.9482	-0.1572	-0.2762
		b:
			-283.8217
			-193.1554
			23.6777
			-190.7528
			-274.2693
			295.8318
			285.1529
			136.4198
			40.2292
			-279.1529
			-129.4198
			-31.2292
	==================================================================================
	Q2:
		Shape: Polyhedra
		q_c:	61.0	211.0	229.5
		ub :	65.2741	214.6929	233.5341
		lb :	56.7259	207.3071	225.4659
		A:
			-0.0999	0.5194	-0.8487
			0.9112	0.1526	-0.3827
			-0.0856	-0.5352	0.8404
			0.7918	0.5759	-0.2035
			-0.8381	0.3957	-0.3756
			0.3522	0.8602	-0.3688
			0.6089	0.4925	0.6218
			-0.6586	-0.1231	0.7424
			0.4422	-0.8615	0.2495
			-0.6089	-0.4925	-0.6218
			0.6586	0.1231	-0.7424
			-0.4422	0.8615	-0.2495
		b:
			-88.7859
			2.4716
			77.222
			125.6092
			-51.3256
			120.8609
			286.2792
			106.7281
			-95.0609
			-281.2792
			-101.7281
			100.0609
	==================================================================================
	Q3:
		Shape: Polyhedra
		q_c:	61.5	211.0	240.5
		ub :	66.408	216.2061	244.8966
		lb :	56.592	205.7939	236.1034
		A:
			0.5735	0.769	0.2823
			-0.5831	-0.3653	0.7257
			0.3772	0.6483	0.6614
			-0.2834	0.7466	0.6019
			-0.7695	-0.5786	0.2702
			-0.1842	0.9778	-0.0995
			0.494	0.8148	0.3033
			0.8615	-0.5058	-0.0443
			0.1173	0.2832	-0.9518
			-0.494	-0.8148	-0.3033
			-0.8615	0.5058	0.0443
			-0.1173	-0.2832	0.9518
		b:
			268.4355
			65.0283
			322.136
			288.1619
			-101.2073
			174.3545
			278.2638
			-60.9011
			-158.4439
			-272.2638
			67.9011
			165.4439
	==================================================================================
	Q4:
		Shape: Hybrid
		q_c:	65.5	200.0	232.0
		ub :	71.1067	206.6194	238.3732
		lb :	59.8933	193.3806	225.6268
		P^-1:
			0.094	0.0428	-0.0415
			0.0428	0.0829	-0.0219
			-0.0415	-0.0219	0.0857
		A:
			-0.6447	0.2488	-0.7228
			-0.1459	0.8339	0.5322
			-0.758	-0.6017	-0.2517
			-0.9202	0.1531	0.3603
			0.3532	0.6989	0.6219
			0.9668	0.148	-0.2081
		b:
			-156.5708
			283.5656
			-226.1036
			56.4454
			309.883
			46.8466
	==================================================================================
	Q5:
		Shape: Polyhedra
		q_c:	62.0	200.5	237.5
		ub :	66.7598	204.0261	242.0969
		lb :	57.2402	196.9739	232.9031
		A:
			-0.331	-0.9043	-0.2696
			-0.3232	-0.9448	-0.0539
			-0.5413	-0.6995	-0.4666
			0.31	0.3012	0.9018
			0.5418	0.1603	-0.825
			0.0381	-0.9105	-0.4118
			0.4678	0.6708	0.5754
			-0.5131	0.7363	-0.4412
			-0.7196	-0.0889	0.6886
			-0.4678	-0.6708	-0.5754
			0.5131	-0.7363	0.4412
			0.7196	0.0889	-0.6886
		b:
			-264.0156
			-220.095
			-283.0661
			295.8754
			-126.748
			-275.8594
			301.6744
			14.0277
			104.615
			-298.6744
			-8.0277
			-97.615
	==================================================================================
	Q6:
		Shape: Hybrid
		q_c:	69.5	207.0	240.5
		ub :	76.0317	213.2167	244.7077
		lb :	62.9683	200.7833	236.2923
		P^-1:
			0.0696	-0.0227	-0.0286
			-0.0227	0.0621	0.0024
			-0.0286	0.0024	0.15
		A:
			-0.9851	0.1715	0.0108
			0.0433	-0.1203	-0.9918
			0.4648	-0.6705	-0.5783
			0.3329	0.0141	0.9429
			-0.5135	0.1504	0.8448
			-0.9634	0.029	-0.2664
		b:
			-27.6859
			-258.952
			-243.7282
			254.8078
			199.9723
			-121.9818


===========================================================================================
===========================================================================================
S7:
	q_c:	93.0	468.0	499.5
	ub :	101.8185	476.1095	501.8618
	lb :	85.0696	457.4471	489.0825

	==================================================================================
	Q1:
		Shape: Hybrid
		q_c:	96.5	462.0	498.0
		ub :	100.5864	466.4273	501.8618
		lb :	92.4136	457.5727	494.1382
		P^-1:
			0.1194	0.0175	0.0055
			0.0175	0.1524	-0.0024
			0.0055	-0.0024	0.1592
		A:
			-0.0444	0.9315	-0.361
			0.2674	-0.9343	0.2358
			-0.8136	-0.5806	-0.0297
			0.7474	-0.2522	-0.6146
			-0.7726	-0.3056	0.5566
			0.1306	0.9661	0.2227
		b:
			247.6365
			-286.9784
			-360.1553
			-348.8537
			62.9386
			571.1326
	==================================================================================
	Q2:
		Shape: Hybrid
		q_c:	90.0	465.5	498.0
		ub :	94.8138	470.1433	501.723
		lb :	85.1862	460.8567	494.277
		P^-1:
			0.1182	-0.0319	0.0779
			-0.0319	0.191	-0.1489
			0.0779	-0.1489	0.328
		A:
			-0.2351	0.2126	-0.9484
			0.1962	-0.3156	-0.9284
			0.8428	-0.2687	0.4664
			0.3837	-0.6135	0.6902
			0.478	-0.224	0.8493
			-0.8587	-0.479	0.1822
		b:
			-393.4825
			-589.3378
			184.7618
			93.5722
			362.7253
			-207.2382
	==================================================================================
	Q3:
		Shape: Ellipse
		q_c:	90.0	472.0	497.5
		ub :	94.1834	476.1095	499.7593
		lb :	85.8166	467.8905	495.2407
		P^-1:
			0.112	0.0004	0.0109
			0.0004	0.1113	0.0054
			0.0109	0.0054	0.2489
	==================================================================================
	Q4:
		Shape: Ellipse
		q_c:	89.5	462.5	494.5
		ub :	93.9304	467.5529	499.9175
		lb :	85.0696	457.4471	489.0825
		P^-1:
			0.3055	-0.178	0.0293
			-0.178	0.2101	-0.0105
			0.0293	-0.0105	0.073
	==================================================================================
	Q5:
		Shape: Ellipse
		q_c:	93.5	471.5	497.5
		ub :	96.7313	474.6302	500.9647
		lb :	90.2687	468.3698	494.0353
		P^-1:
			0.2715	-0.1397	-0.0005
			-0.1397	0.3308	0.0149
			-0.0005	0.0149	0.1132
	==================================================================================
	Q6:
		Shape: Ellipse
		q_c:	97.0	464.5	497.5
		ub :	101.8185	469.4366	501.4885
		lb :	92.1815	459.5634	493.5115
		P^-1:
			0.0951	0.0225	-0.0091
			0.0225	0.1407	-0.0658
			-0.0091	-0.0658	0.207


===========================================================================================
===========================================================================================
S8:
	q_c:	449.5	126.0	510.0
	ub :	468.9271	148.7654	526.8589
	lb :	433.19	109.6627	491.947

	==================================================================================
	Q1:
		Shape: Polyhedra
		q_c:	446.5	129.5	520.0
		ub :	456.0856	138.5316	526.8589
		lb :	436.9144	120.4684	513.1411
		A:
			-0.5995	0.4988	0.626
			0.2387	0.0534	-0.9696
			0.6459	-0.1278	0.7527
			0.759	0.026	-0.6505
			-0.9262	0.1219	-0.3569
			-0.4712	-0.4275	0.7715
			0.6934	0.6592	0.2909
			0.6202	-0.7516	0.2246
			0.3667	0.0247	-0.93
			-0.6934	-0.6592	-0.2909
			-0.6202	0.7516	-0.2246
			-0.3667	-0.0247	0.93
		b:
			127.9929
			-386.6636
			669.2977
			8.5585
			-576.7988
			139.7894
			551.2607
			303.8726
			-312.6939
			-541.2607
			-288.8726
			320.6939
	==================================================================================
	Q2:
		Shape: Polyhedra
		q_c:	454.5	140.5	518.0
		ub :	461.6194	148.7654	524.4351
		lb :	447.3806	132.2346	511.5649
		A:
			0.9884	0.0742	-0.1325
			0.9052	-0.4239	0.0305
			-0.1642	-0.2405	-0.9566
			0.9283	0.2983	-0.2222
			-0.113	-0.2644	0.9578
			0.913	-0.3755	0.1594
			0.8108	0.1452	0.567
			-0.5005	-0.3303	0.8003
			0.3035	-0.9326	-0.1952
			-0.8108	-0.1452	-0.567
			0.5005	0.3303	-0.8003
			-0.3035	0.9326	0.1952
		b:
			395.0753
			373.1368
			-599.6199
			352.4305
			411.2223
			450.0321
			686.628
			144.1504
			-87.1858
			-678.628
			-137.1504
			101.1858
	==================================================================================
	Q3:
		Shape: Polyhedra
		q_c:	463.5	114.5	498.0
		ub :	468.9271	119.3373	504.053
		lb :	458.0729	109.6627	491.947
		A:
			-0.9369	-0.2539	0.2404
			-0.0116	-0.3511	0.9363
			-0.4197	-0.8986	0.1281
			0.1255	-0.9844	-0.1234
			-0.0882	0.7754	0.6253
			0.9506	-0.2923	0.1044
			0.6285	0.6306	0.4554
			-0.3916	-0.2493	0.8857
			0.672	-0.735	0.0903
			-0.6285	-0.6306	-0.4554
			0.3916	0.2493	-0.8857
			-0.672	0.735	-0.0903
		b:
			-339.6286
			425.8549
			-230.2305
			-113.2485
			362.4363
			462.0955
			592.2962
			236.51
			275.2706
			-588.2962
			-225.51
			-269.2706
	==================================================================================
	Q4:
		Shape: Ellipse
		q_c:	442.5	138.0	507.0
		ub :	450.5995	147.4397	516.7091
		lb :	434.4005	128.5603	497.2909
		P^-1:
			0.0351	0.0059	-0.006
			0.0059	0.0327	0.0074
			-0.006	0.0074	0.0325
	==================================================================================
	Q5:
		Shape: Polyhedra
		q_c:	454.0	133.5	503.0
		ub :	461.6052	139.4171	510.4306
		lb :	446.3948	127.5829	495.5694
		A:
			0.6111	0.4735	0.6343
			-0.1243	-0.9396	0.3189
			-0.7739	0.0494	-0.6314
			-0.5408	-0.3141	-0.7803
			0.7704	0.6366	0.0352
			-0.0559	0.9511	-0.3037
			0.7192	0.2221	0.6583
			-0.6245	-0.2087	0.7526
			0.3046	-0.9524	-0.0114
			-0.7192	-0.2221	-0.6583
			0.6245	0.2087	-0.7526
			-0.3046	0.9524	0.0114
		b:
			661.5296
			-15.9238
			-660.5203
			-677.7309
			457.7603
			-46.2028
			688.8154
			75.6986
			9.393
			-685.8154
			-58.6986
			-1.393
	==================================================================================
	Q6:
		Shape: Hybrid
		q_c:	440.5	136.5	515.0
		ub :	447.81	145.9855	524.189
		lb :	433.19	127.0145	505.811
		P^-1:
			0.0667	0.0261	0.0293
			0.0261	0.0366	0.0285
			0.0293	0.0285	0.0565
		A:
			0.2947	-0.3961	-0.8696
			0.9617	-0.0168	0.2737
			-0.8382	0.4974	0.2238
			0.6571	0.7492	-0.0838
			-0.9084	-0.1094	-0.4035
			-0.1403	0.9712	0.1928
		b:
			-368.6377
			565.2752
			-181.5385
			352.5289
			-620.4599
			175.261


===========================================================================================
===========================================================================================
S9:
	q_c:	396.5	195.0	442.0
	ub :	408.2806	204.6027	452.7569
	lb :	388.3948	185.496	432.1915

	==================================================================================
	Q1:
		Shape: Ellipse
		q_c:	393.5	200.5	440.0
		ub :	398.6052	203.0266	444.525
		lb :	388.3948	197.9734	435.475
		P^-1:
			0.087	-0.0763	-0.0082
			-0.0763	0.4218	-0.0478
			-0.0082	-0.0478	0.1092
	==================================================================================
	Q2:
		Shape: Ellipse
		q_c:	396.0	199.0	437.5
		ub :	401.2002	203.2761	442.8085
		lb :	390.7998	194.7239	432.1915
		P^-1:
			0.1962	-0.1765	-0.0094
			-0.1765	0.3155	0.029
			-0.0094	0.029	0.0769
	==================================================================================
	Q3:
		Shape: Hybrid
		q_c:	399.5	190.0	445.5
		ub :	404.404	194.504	448.5213
		lb :	394.596	185.496	442.4787
		P^-1:
			0.1008	0.0071	-0.043
			0.0071	0.1066	0.0198
			-0.043	0.0198	0.2354
		A:
			0.1837	-0.9772	0.1068
			-0.242	-0.4599	-0.8544
			-0.7118	0.1505	0.6861
			0.73	0.1203	-0.6728
			0.569	0.1087	-0.8151
			-0.0764	0.4629	-0.8831
		b:
			-62.4738
			-563.2301
			51.321
			16.2047
			-113.9702
			-334.3553
	==================================================================================
	Q4:
		Shape: Hybrid
		q_c:	401.5	197.0	447.0
		ub :	406.358	202.0232	452.7569
		lb :	396.642	191.9768	441.2431
		P^-1:
			0.0992	-0.0088	-0.019
			-0.0088	0.1046	-0.014
			-0.019	-0.014	0.081
		A:
			-0.0273	-0.3255	0.9452
			0.9303	0.3468	0.1197
			0.2345	0.972	-0.0161
			-0.3697	0.906	-0.2059
			0.3029	-0.6355	-0.7102
			0.0097	0.8709	-0.4914
		b:
			349.3235
			497.3137
			280.1958
			-60.5195
			-319.091
			-42.6919
	==================================================================================
	Q5:
		Shape: Polyhedra
		q_c:	403.0	200.0	446.0
		ub :	408.2806	204.6027	451.5849
		lb :	397.7194	195.3973	440.4151
		A:
			-0.1097	-0.9627	-0.2473
			0.2095	-0.94	-0.2692
			0.6744	0.4786	0.5623
			0.7055	0.6751	-0.2157
			-0.8145	-0.5786	0.0429
			-0.3058	0.0497	-0.9508
			0.6832	0.5558	0.4737
			-0.6621	0.1977	0.7229
			0.3081	-0.8075	0.5031
			-0.6832	-0.5558	-0.4737
			0.6621	-0.1977	-0.7229
			-0.3081	0.8075	-0.5031
		b:
			-344.174
			-220.453
			620.7774
			326.1358
			-421.938
			-534.2848
			600.2476
			99.11
			190.0211
			-595.2476
			-91.11
			-184.0211
	==================================================================================
	Q6:
		Shape: Hybrid
		q_c:	394.5	197.0	440.0
		ub :	399.507	202.0436	444.434
		lb :	389.493	191.9564	435.566
		P^-1:
			0.1458	0.0302	0.0675
			0.0302	0.1373	0.0631
			0.0675	0.0631	0.1405
		A:
			-0.8434	0.1323	0.5208
			0.6296	0.4345	0.644
			0.8915	0.139	0.4312
			0.3254	0.561	0.7612
			-0.393	-0.5309	-0.7508
			0.9439	0.178	0.2781
		b:
			-74.9275
			618.3687
			570.145
			574.95
			-588.8945
			531.3242


===========================================================================================
===========================================================================================
S10:
	q_c:	143.5	220.5	457.5
	ub :	157.1216	229.1391	469.122
	lb :	135.511	209.5177	443.8018

	==================================================================================
	Q1:
		Shape: Hybrid
		q_c:	146.5	215.0	464.5
		ub :	152.2207	220.4823	468.9868
		lb :	140.7793	209.5177	460.0132
		P^-1:
			0.0768	-0.0186	-0.0357
			-0.0186	0.1938	-0.172
			-0.0357	-0.172	0.3249
		A:
			0.0496	-0.8759	0.48
			0.259	0.3009	-0.9178
			0.1577	0.4846	-0.8604
			0.0014	-0.2319	0.9727
			-0.4938	-0.3158	0.8102
			-0.3783	0.8951	-0.2358
		b:
			43.3315
			-322.6726
			-271.5744
			403.5372
			237.4692
			29.2521
	==================================================================================
	Q2:
		Shape: Polyhedra
		q_c:	152.5	217.0	460.0
		ub :	157.1216	220.909	465.3099
		lb :	147.8784	213.091	454.6901
		A:
			-0.851	-0.486	-0.1988
			0.9362	-0.2537	-0.2432
			0.4093	-0.5751	0.7083
			0.2957	-0.1703	-0.94
			-0.9709	-0.2392	0.0077
			0.2556	0.3221	-0.9116
			0.948	0.1475	0.282
			-0.2853	0.0011	0.9584
			0.1411	-0.9891	0.0431
			-0.948	-0.1475	-0.282
			0.2853	-0.0011	-0.9584
			-0.1411	0.9891	-0.0431
		b:
			-323.6492
			-20.6613
			267.1922
			-419.7834
			-193.2574
			-306.0424
			309.3136
			402.1018
			-169.7918
			-303.3136
			-393.1018
			176.7918
	==================================================================================
	Q3:
		Shape: Ellipse
		q_c:	149.5	223.5	454.5
		ub :	153.1688	228.9275	457.0097
		lb :	145.8312	218.0725	451.9903
		P^-1:
			0.111	0.0006	0.0325
			0.0006	0.1308	0.2788
			0.0325	0.2788	0.9094
	==================================================================================
	Q4:
		Shape: Hybrid
		q_c:	139.5	222.5	462.5
		ub :	143.489	229.1391	469.122
		lb :	135.511	215.8609	455.878
		P^-1:
			0.2136	-0.0593	-0.053
			-0.0593	0.0715	0.0068
			-0.053	0.0068	0.0675
		A:
			0.5067	-0.1963	-0.8395
			-0.9478	0.2947	0.1217
			-0.5852	0.5102	0.6303
			-0.861	0.35	-0.3689
			-0.2247	0.8309	0.5091
			-0.2881	0.7626	0.5791
		b:
			-358.9252
			-9.2415
			325.4095
			-210.7419
			392.0901
			400.3138
	==================================================================================
	Q5:
		Shape: Hybrid
		q_c:	145.5	219.0	448.5
		ub :	150.2702	223.6151	453.1982
		lb :	140.7298	214.3849	443.8018
		P^-1:
			0.1327	-0.0057	-0.0236
			-0.0057	0.1126	0.0063
			-0.0236	0.0063	0.1369
		A:
			-0.7261	-0.5853	0.3609
			-0.5209	-0.0185	-0.8534
			0.2645	0.1576	0.9514
			-0.2491	0.9418	0.2256
			0.7963	-0.5727	0.1948
			-0.9787	0.1047	-0.1768
		b:
			-70.3853
			-460.8829
			501.3269
			272.8466
			79.4178
			-197.1424
	==================================================================================
	Q6:
		Shape: Polyhedra
		q_c:	142.0	221.5	460.5
		ub :	145.7981	227.3764	466.3253
		lb :	138.2019	215.6236	454.6747
		A:
			-0.0967	0.9167	0.3877
			0.9847	0.1295	-0.117
			-0.7919	0.1881	0.581
			-0.6418	-0.2057	0.7388
			0.9509	-0.1127	-0.2881
			0.9966	0.0329	-0.0751
			0.3152	0.7809	0.5394
			0.8766	-0.0217	-0.4808
			-0.3637	0.6243	-0.6913
			-0.3152	-0.7809	-0.5394
			-0.8766	0.0217	0.4808
			0.3637	-0.6243	0.6913
		b:
			371.4061
			116.4464
			198.0003
			205.7504
			-21.1272
			116.2088
			469.6019
			-100.7184
			-226.7085
			-462.6019
			102.7184
			236.7085


===========================================================================================
===========================================================================================
S11:
	q_c:	101.0	465.5	421.5
	ub :	122.1442	482.4944	437.0781
	lb :	78.4938	444.0484	408.2905

	==================================================================================
	Q1:
		Shape: Polyhedra
		q_c:	95.5	464.0	430.5
		ub :	102.7346	471.4673	437.0781
		lb :	88.2654	456.5327	423.9219
		A:
			-0.239	-0.4568	-0.8569
			0.8074	-0.1523	0.5701
			-0.317	0.7846	0.5328
			0.2766	0.1963	0.9407
			0.9494	-0.1727	-0.2625
			0.2999	0.6327	-0.714
			0.1866	0.6045	0.7744
			0.5884	0.5625	-0.5809
			-0.7867	0.564	-0.2508
			-0.1866	-0.6045	-0.7744
			-0.5884	-0.5625	0.5809
			0.7867	-0.564	0.2508
		b:
			-600.1103
			256.5156
			567.179
			526.2806
			-97.678
			19.3955
			635.2104
			71.6206
			83.6339
			-628.2104
			-62.6206
			-73.6339
	==================================================================================
	Q2:
		Shape: Hybrid
		q_c:	92.0	467.5	423.5
		ub :	98.7698	472.0696	430.4728
		lb :	85.2302	462.9304	416.5272
		P^-1:
			0.055	-0.0476	0.0256
			-0.0476	0.1913	-0.0813
			0.0256	-0.0813	0.0837
		A:
			-0.5191	0.0647	0.8523
			0.5754	-0.8022	0.159
			-0.4313	-0.7767	0.4591
			-0.3516	0.9352	-0.0417
			-0.161	-0.9865	-0.0297
			-0.7319	-0.4404	-0.5199
		b:
			347.3389
			-252.9939
			-205.7448
			388.9803
			-486.0829
			-489.426
	==================================================================================
	Q3:
		Shape: Hybrid
		q_c:	88.5	471.5	423.5
		ub :	98.5062	482.469	434.2496
		lb :	78.4938	460.531	412.7504
		P^-1:
			0.0256	-0.0028	-0.0103
			-0.0028	0.0172	0.0047
			-0.0103	0.0047	0.0306
		A:
			0.2069	0.5936	0.7777
			0.5105	-0.4067	-0.7576
			-0.2599	0.7949	-0.5482
			0.1931	-0.5992	-0.777
			0.9428	-0.0427	-0.3306
			0.8242	-0.4065	-0.3942
		b:
			631.7488
			-464.805
			125.0977
			-591.1295
			-73.2838
			-282.491
	==================================================================================
	Q4:
		Shape: Hybrid
		q_c:	99.5	455.5	419.5
		ub :	107.9487	466.9516	430.7095
		lb :	91.0513	444.0484	408.2905
		P^-1:
			0.036	-0.0066	-0.003
			-0.0066	0.0224	0.0057
			-0.003	0.0057	0.0209
		A:
			0.4557	-0.7823	-0.4246
			0.1615	0.9359	0.3131
			-0.2055	-0.9426	-0.2632
			-0.1463	0.9396	0.3094
			0.9292	-0.32	0.1848
			0.1918	-0.9814	-0.0095
		b:
			-486.0206
			577.9322
			-555.8801
			547.078
			27.1681
			-427.6223
	==================================================================================
	Q5:
		Shape: Ellipse
		q_c:	115.0	466.5	428.5
		ub :	122.1442	472.7895	436.5144
		lb :	107.8558	460.2105	420.4856
		P^-1:
			0.0448	-0.0065	-0.0161
			-0.0065	0.0601	-0.0059
			-0.0161	-0.0059	0.0479
	==================================================================================
	Q6:
		Shape: Polyhedra
		q_c:	112.0	476.5	427.5
		ub :	119.9239	482.4944	435.217
		lb :	104.0761	470.5056	419.783
		A:
			-0.2975	-0.8229	-0.484
			0.9279	0.3242	-0.1841
			0.0321	0.1494	0.9883
			-0.4067	0.5471	-0.7317
			0.2765	0.8022	0.5292
			0.1568	-0.5974	-0.7865
			0.7385	0.1031	0.6664
			-0.5997	-0.3513	0.719
			0.3083	-0.9306	-0.1976
			-0.7385	-0.1031	-0.6664
			0.5997	0.3513	-0.719
			-0.3083	0.9306	0.1976
		b:
			-627.9318
			184.707
			502.1792
			-92.877
			643.8821
			-598.8616
			421.718
			77.7821
			-489.3573
			-411.718
			-67.7821
			497.3573


===========================================================================================
===========================================================================================
