3D_40_8_6_e                l = 3

===========================================================================================
===========================================================================================
S1:
	q_c:	48.5	428.0	348.5
	ub :	59.8348	438.6084	357.2377
	lb :	41.6992	418.8832	342.6106

	==================================================================================
	Q1:
		Shape: Hybrid
		q_c:	52.5	427.5	353.0
		ub :	55.7717	430.3561	355.9102
		lb :	49.2283	424.6439	350.0898
		P^-1:
			0.2564	0.1396	0.2285
			0.1396	0.3621	0.3308
			0.2285	0.3308	0.7015
		A:
			-0.901	-0.4312	-0.0478
			0.2645	0.7913	0.5512
			-0.9088	0.4132	-0.0585
			-0.4893	-0.4238	-0.7622
			-0.145	0.0649	-0.9873
			-0.1783	-0.5898	-0.7876
		b:
			-246.8604
			547.5985
			110.2557
			-475.369
			-327.2206
			-538.9381
	==================================================================================
	Q2:
		Shape: Hybrid
		q_c:	48.0	433.0	349.0
		ub :	53.7843	438.6084	354.1383
		lb :	42.2157	427.3916	343.8617
		P^-1:
			0.0771	-0.0054	0.0237
			-0.0054	0.102	-0.0388
			0.0237	-0.0388	0.1251
		A:
			-0.5122	0.8535	-0.0956
			0.8748	-0.0691	0.4795
			-0.1365	-0.1689	0.9761
			0.3308	0.178	0.9267
			-0.2211	-0.6196	-0.7531
			0.0429	0.0993	0.9941
		b:
			313.7388
			181.4175
			262.8043
			418.2257
			-539.428
			393.9243
	==================================================================================
	Q3:
		Shape: Hybrid
		q_c:	54.5	430.0	347.0
		ub :	58.8594	433.6302	351.3894
		lb :	50.1406	426.3698	342.6106
		P^-1:
			0.1843	-0.027	0.0776
			-0.027	0.2389	0.0319
			0.0776	0.0319	0.1584
		A:
			0.275	0.1409	0.9511
			0.8418	-0.0708	0.5351
			-0.9372	0.2994	-0.1788
			-0.0145	-0.4679	0.8837
			-0.5153	0.6247	0.5866
			0.2757	-0.9454	-0.1736
		b:
			407.03
			202.1481
			16.9139
			106.648
			445.7365
			-450.7494
	==================================================================================
	Q4:
		Shape: Hybrid
		q_c:	56.5	422.5	353.0
		ub :	59.8348	426.1168	355.6563
		lb :	53.1652	418.8832	350.3437
		P^-1:
			0.1562	-0.0131	-0.0003
			-0.0131	0.115	-0.0012
			-0.0003	-0.0012	0.16
		A:
			-0.8863	-0.413	-0.2095
			-0.6578	0.5553	-0.5089
			0.5878	0.7213	-0.3662
			0.0545	0.9218	-0.3839
			-0.7252	-0.6879	-0.0282
			-0.4412	-0.5735	-0.6903
		b:
			-297.056
			19.1175
			210.316
			258.6462
			-339.9438
			-509.3992
	==================================================================================
	Q5:
		Shape: Ellipse
		q_c:	54.0	428.5	351.5
		ub :	59.0872	433.7837	357.2377
		lb :	48.9128	423.2163	345.7623
		P^-1:
			0.0993	-0.0044	-0.0138
			-0.0044	0.0827	0.0034
			-0.0138	0.0034	0.0924
	==================================================================================
	Q6:
		Shape: Ellipse
		q_c:	45.0	432.0	353.5
		ub :	48.3008	434.8927	356.4044
		lb :	41.6992	429.1073	350.5956
		P^-1:
			0.2692	0.3203	-0.1131
			0.3203	0.7613	-0.2205
			-0.1131	-0.2205	0.2406


===========================================================================================
===========================================================================================
S2:
	q_c:	212.5	129.5	105.5
	ub :	232.6306	153.0532	126.7706
	lb :	198.3325	112.0465	86.2851

	==================================================================================
	Q1:
		Shape: Polyhedra
		q_c:	205.0	130.5	108.0
		ub :	210.3315	138.7896	116.9733
		lb :	199.6685	122.2104	99.0267
		A:
			0.9157	-0.3494	0.1984
			0.8268	-0.5622	-0.0147
			-0.7501	0.6426	-0.1563
			-0.9599	0.0903	-0.2653
			-0.7531	0.5286	-0.3916
			0.9927	-0.1014	0.0656
			0.1397	0.5445	0.827
			-0.8205	0.5312	-0.2112
			-0.5543	-0.6491	0.521
			-0.1397	-0.5445	-0.827
			0.8205	-0.5312	0.2112
			0.5543	0.6491	-0.521
		b:
			165.2016
			96.3098
			-85.4247
			-210.5816
			-126.1242
			200.5289
			195.5145
			-120.684
			-135.5766
			-182.5145
			122.684
			148.5766
	==================================================================================
	Q2:
		Shape: Hybrid
		q_c:	223.5	136.5	102.0
		ub :	230.2582	140.3803	107.5925
		lb :	216.7418	132.6197	96.4075
		P^-1:
			0.0805	0.0505	0.0629
			0.0505	0.2313	0.0003
			0.0629	0.0003	0.126
		A:
			0.4714	0.509	0.7202
			0.1482	0.9863	-0.0724
			0.2801	0.9426	-0.1819
			0.4731	-0.6076	0.6379
			0.5716	0.5722	0.5881
			0.6343	0.7407	0.2215
		b:
			249.5886
			161.4341
			173.9055
			89.5119
			267.0263
			266.9532
	==================================================================================
	Q3:
		Shape: Hybrid
		q_c:	212.0	126.0	102.5
		ub :	219.5851	132.7215	109.2006
		lb :	204.4149	119.2785	95.7994
		P^-1:
			0.042	-0.0166	-0.0217
			-0.0166	0.0853	-0.0234
			-0.0217	-0.0234	0.0891
		A:
			0.672	0.1574	-0.7237
			-0.2099	0.9455	-0.2488
			-0.3259	0.9401	0.0997
			0.4575	-0.8881	-0.0435
			0.9286	0.3562	-0.1036
			-0.6702	0.0046	0.7422
		b:
			90.3079
			50.8705
			61.541
			-17.469
			235.4696
			-63.3489
	==================================================================================
	Q4:
		Shape: Ellipse
		q_c:	210.0	143.0	115.0
		ub :	221.6675	153.0532	126.7706
		lb :	198.3325	132.9468	103.2294
		P^-1:
			0.0155	-0.0012	-0.003
			-0.0012	0.0571	-0.0327
			-0.003	-0.0327	0.0378
	==================================================================================
	Q5:
		Shape: Ellipse
		q_c:	225.0	136.0	93.5
		ub :	232.6306	142.1954	100.7149
		lb :	217.3694	129.8046	86.2851
		P^-1:
			0.054	-0.013	-0.0154
			-0.013	0.0746	-0.0024
			-0.0154	-0.0024	0.0487
	==================================================================================
	Q6:
		Shape: Polyhedra
		q_c:	218.0	121.5	102.0
		ub :	227.9447	130.9535	109.7804
		lb :	208.0553	112.0465	94.2196
		A:
			-0.6928	0.5362	0.4822
			0.6221	-0.7208	-0.3057
			-0.227	-0.7291	0.6457
			0.4209	-0.7059	-0.5697
			0.212	0.0405	0.9764
			-0.4475	0.359	0.8191
			0.3762	0.8078	0.4539
			0.4364	0.2776	-0.8558
			-0.8173	0.52	-0.2481
			-0.3762	-0.8078	-0.4539
			-0.4364	-0.2776	0.8558
			0.8173	-0.52	0.2481
		b:
			-30.4106
			23.6057
			-67.4017
			-46.1684
			155.8888
			34.544
			231.9486
			45.5811
			-132.7936
			-220.9486
			-37.5811
			147.7936


===========================================================================================
===========================================================================================
S3:
	q_c:	427.5	370.5	20.5
	ub :	444.3247	382.0418	38.837
	lb :	415.4544	356.0542	4.3014

	==================================================================================
	Q1:
		Shape: Polyhedra
		q_c:	426.0	370.5	28.0
		ub :	432.3031	377.1634	35.3544
		lb :	419.6969	363.8366	20.6456
		A:
			0.3682	0.5361	0.7596
			0.6557	-0.752	0.0668
			-0.7531	-0.6578	-0.0083
			0.6321	-0.7746	0.0199
			0.5529	0.0775	0.8296
			-0.2696	0.4173	-0.8679
			0.6871	0.3996	0.6068
			-0.1309	0.8896	-0.4375
			-0.7147	0.2212	0.6636
			-0.6871	-0.3996	-0.6068
			0.1309	-0.8896	0.4375
			0.7147	-0.2212	-0.6636
		b:
			379.8689
			7.7011
			-561.017
			-12.0212
			290.5727
			19.9027
			460.2405
			266.5708
			-198.4231
			-455.2405
			-256.5708
			209.4231
	==================================================================================
	Q2:
		Shape: Hybrid
		q_c:	423.0	364.0	31.0
		ub :	427.6532	371.9458	37.2296
		lb :	418.3468	356.0542	24.7704
		P^-1:
			0.0806	0.0046	0.0057
			0.0046	0.0181	0.0012
			0.0057	0.0012	0.0337
		A:
			0.791	-0.6074	-0.0732
			0.5443	-0.1668	0.8222
			-0.1618	-0.5623	0.811
			-0.5186	-0.8231	-0.2315
			-0.6024	-0.0523	0.7965
			-0.6617	-0.0519	0.7479
		b:
			115.1603
			198.2067
			-243.4582
			-521.633
			-245.8593
			-272.41
	==================================================================================
	Q3:
		Shape: Hybrid
		q_c:	431.0	377.0	27.5
		ub :	433.9684	381.5947	31.1244
		lb :	428.0316	372.4053	23.8756
		P^-1:
			0.4031	-0.0888	-0.0614
			-0.0888	0.0911	0.0393
			-0.0614	0.0393	0.1727
		A:
			0.8242	0.3967	-0.4041
			-0.9546	-0.1354	-0.2654
			-0.9796	0.1725	-0.1034
			0.3764	-0.6177	-0.6905
			0.6214	-0.2805	-0.7315
			-0.9693	0.24	-0.0545
		b:
			495.7382
			-468.4089
			-359.0823
			-88.0275
			143.0847
			-327.9103
	==================================================================================
	Q4:
		Shape: Hybrid
		q_c:	421.5	373.0	18.5
		ub :	427.5456	382.0418	27.5554
		lb :	415.4544	363.9582	9.4446
		P^-1:
			0.0856	-0.0181	-0.0339
			-0.0181	0.0306	0.0125
			-0.0339	0.0125	0.0464
		A:
			0.8073	0.2449	-0.5369
			-0.6526	0.3262	0.6839
			-0.4368	0.1781	-0.8818
			-0.9397	-0.0782	0.3331
			-0.9245	-0.0169	0.3808
			0.9129	-0.0557	0.4043
		b:
			424.2969
			-138.9396
			-129.2779
			-416.9237
			-386.9926
			375.2482
	==================================================================================
	Q5:
		Shape: Polyhedra
		q_c:	435.5	364.5	32.5
		ub :	441.5352	370.4249	38.837
		lb :	429.4648	358.5751	26.163
		A:
			0.0875	-0.9937	-0.0699
			0.6895	-0.2924	0.6627
			-0.6542	0.2834	-0.7012
			-0.8798	-0.221	-0.4208
			-0.2095	0.8721	-0.4423
			-0.4028	0.9115	0.0836
			0.3342	0.6356	0.6959
			-0.6221	0.7035	-0.3438
			-0.7081	-0.318	0.6305
			-0.3342	-0.6356	-0.6959
			0.6221	-0.7035	0.3438
			0.7081	0.318	-0.6305
		b:
			-322.8778
			218.5098
			-201.0688
			-473.6664
			215.4689
			162.8108
			403.838
			-22.6754
			-399.7909
			-395.838
			28.6754
			407.7909
	==================================================================================
	Q6:
		Shape: Ellipse
		q_c:	436.0	367.0	12.0
		ub :	444.3247	374.8226	19.6986
		lb :	427.6753	359.1774	4.3014
		P^-1:
			0.0446	-0.0055	0.0051
			-0.0055	0.0432	0.0057
			0.0051	0.0057	0.0441


===========================================================================================
===========================================================================================
S4:
	q_c:	210.0	83.0	218.0
	ub :	231.9363	110.5689	230.4671
	lb :	188.1658	58.3853	198.1727

	==================================================================================
	Q1:
		Shape: Ellipse
		q_c:	221.0	80.0	207.5
		ub :	231.9363	90.8414	213.3319
		lb :	210.0637	69.1586	201.6681
		P^-1:
			0.0367	-0.0159	-0.0449
			-0.0159	0.0248	0.02
			-0.0449	0.02	0.1387
	==================================================================================
	Q2:
		Shape: Polyhedra
		q_c:	198.5	70.5	207.5
		ub :	206.1238	80.2769	216.8273
		lb :	190.8762	60.7231	198.1727
		A:
			-0.9352	-0.2976	0.1918
			-0.2572	0.9346	-0.2458
			-0.7659	0.6424	0.0253
			0.2447	-0.5163	-0.8207
			0.8179	-0.2128	-0.5345
			-0.4127	0.6132	-0.6735
			0.0051	0.4773	0.8787
			0.5358	0.7406	-0.4054
			-0.8443	0.4729	-0.252
			-0.0051	-0.4773	-0.8787
			-0.5358	-0.7406	0.4054
			0.8443	-0.4729	0.252
		b:
			-161.3266
			-30.6153
			-95.8883
			-151.6766
			42.2824
			-172.8602
			223.4943
			79.958
			-181.0428
			-210.4943
			-68.958
			192.0428
	==================================================================================
	Q3:
		Shape: Polyhedra
		q_c:	207.0	75.5	220.5
		ub :	212.9001	82.3768	227.0215
		lb :	201.0999	68.6232	213.9785
		A:
			-0.5581	-0.5576	0.6145
			-0.3568	-0.1873	0.9152
			-0.1123	-0.847	0.5196
			0.1803	-0.8634	0.4712
			0.3532	0.926	-0.1331
			-0.6168	-0.4331	0.6573
			0.0035	0.7706	0.6373
			0.1931	0.6248	-0.7565
			-0.9812	0.1257	-0.1466
			-0.0035	-0.7706	-0.6373
			-0.1931	-0.6248	0.7565
			0.9812	-0.1257	0.1466
		b:
			-18.9825
			117.3776
			30.4589
			79.6732
			118.0639
			-12.0733
			205.4349
			-77.1728
			-220.4369
			-193.4349
			82.1728
			231.4369
	==================================================================================
	Q4:
		Shape: Polyhedra
		q_c:	209.5	68.0	214.5
		ub :	218.9013	77.6147	222.0936
		lb :	200.0987	58.3853	206.9064
		A:
			0.4392	0.2625	0.8592
			0.4767	-0.6066	0.6363
			0.8922	-0.016	0.4514
			0.3811	0.4084	0.8295
			-0.8085	-0.4623	-0.3641
			0.0865	-0.3478	-0.9336
			0.8214	0.5701	0.0146
			0.3261	-0.4905	0.8081
			0.4679	-0.659	-0.5888
			-0.8214	-0.5701	-0.0146
			-0.3261	0.4905	-0.8081
			-0.4679	0.659	0.5888
		b:
			300.006
			201.0227
			288.8887
			291.2378
			-272.5115
			-200.7189
			220.4959
			214.2956
			-68.5972
			-207.4959
			-202.2956
			77.5972
	==================================================================================
	Q5:
		Shape: Polyhedra
		q_c:	199.5	95.0	215.5
		ub :	209.9752	102.7863	222.6936
		lb :	189.0248	87.2137	208.3064
		A:
			-0.5587	0.4093	0.7213
			-0.4383	-0.7501	0.4951
			-0.5582	0.7138	0.423
			-0.8397	0.3992	0.3681
			0.3944	-0.1664	-0.9037
			-0.3177	0.7407	-0.5919
			0.8538	0.303	0.4233
			0.2424	-0.951	0.1917
			0.4607	-0.0611	-0.8855
			-0.8538	-0.303	-0.4233
			-0.2424	0.951	-0.1917
			-0.4607	0.0611	0.8855
		b:
			85.8963
			-46.6818
			51.7247
			-45.0369
			-129.2143
			-115.2118
			299.8422
			4.3341
			-102.2209
			-280.8422
			5.6659
			107.2209
	==================================================================================
	Q6:
		Shape: Hybrid
		q_c:	195.5	100.0	222.0
		ub :	202.8342	110.5689	230.4671
		lb :	188.1658	89.4311	213.5329
		P^-1:
			0.0784	0.0158	0.0555
			0.0158	0.0314	0.0391
			0.0555	0.0391	0.1025
		A:
			0.9956	-0.0915	0.0188
			0.8163	-0.1836	0.5477
			0.6888	-0.0225	0.7246
			0.9373	0.227	0.2644
			-0.4972	-0.4489	-0.7424
			-0.6006	-0.2087	-0.7718
		b:
			192.8995
			265.506
			295.3938
			267.457
			-305.4334
			-308.2822


===========================================================================================
===========================================================================================
S5:
	q_c:	119.5	147.0	107.0
	ub :	125.9476	154.2339	115.6162
	lb :	115.6679	138.7136	101.7056

	==================================================================================
	Q1:
		Shape: Polyhedra
		q_c:	121.5	143.5	106.5
		ub :	125.8674	148.09	110.491
		lb :	117.1326	138.91	102.509
		A:
			0.2215	-0.4562	0.8619
			0.6967	0.7092	-0.1078
			-0.763	-0.6398	0.0919
			0.2538	-0.9646	0.0714
			-0.9615	-0.1625	-0.2218
			0.6458	0.6549	-0.3926
			0.453	0.6764	0.5807
			0.7898	-0.6067	0.0905
			0.4135	0.4176	-0.8091
			-0.453	-0.6764	-0.5807
			-0.7898	0.6067	-0.0905
			-0.4135	-0.4176	0.8091
		b:
			55.778
			177.7176
			-171.9608
			-97.3565
			-161.0227
			133.2612
			216.9548
			21.0395
			26.5084
			-210.9548
			-16.0395
			-21.5084
	==================================================================================
	Q2:
		Shape: Polyhedra
		q_c:	120.5	141.5	104.5
		ub :	122.6287	144.2864	107.0371
		lb :	118.3713	138.7136	101.9629
		A:
			0.7941	-0.3733	-0.4797
			-0.2151	0.9116	0.3504
			-0.4734	0.8802	-0.0339
			-0.2294	-0.9725	0.0406
			0.938	-0.3456	-0.0249
			0.9443	-0.139	-0.2983
			0.1703	0.6485	0.7419
			0.2351	0.7044	-0.6697
			-0.9569	0.2885	-0.0325
			-0.1703	-0.6485	-0.7419
			-0.2351	-0.7044	0.6697
			0.9569	-0.2885	0.0325
		b:
			-5.6437
			141.5317
			65.5831
			-159.2822
			63.031
			64.4601
			191.8164
			59.5201
			-76.3856
			-187.8164
			-56.5201
			79.3856
	==================================================================================
	Q3:
		Shape: Hybrid
		q_c:	119.0	150.0	107.5
		ub :	121.5492	152.9169	110.4917
		lb :	116.4508	147.0831	104.5083
		P^-1:
			0.5378	-0.4079	-0.0906
			-0.4079	0.6005	0.0978
			-0.0906	0.0978	0.1817
		A:
			-0.0542	-0.974	-0.2201
			0.5537	-0.7614	-0.3371
			-0.5737	0.6597	0.4854
			-0.4598	0.8772	-0.1378
			-0.8428	0.1654	-0.5122
			0.0856	-0.9575	-0.2755
		b:
			-174.7977
			-83.943
			83.6324
			62.8929
			-128.9642
			-161.8427
	==================================================================================
	Q4:
		Shape: Polyhedra
		q_c:	122.5	144.0	105.5
		ub :	125.9476	146.4623	109.2944
		lb :	119.0524	141.5377	101.7056
		A:
			0.8365	-0.4917	-0.2418
			-0.1151	0.7642	-0.6347
			0.365	0.9309	-0.0171
			-0.786	-0.613	0.0797
			0.6326	0.2564	-0.7308
			-0.165	-0.2222	0.9609
			0.4282	0.1044	0.8976
			-0.8487	0.3876	0.3598
			-0.3103	-0.9159	0.2546
			-0.4282	-0.1044	-0.8976
			0.8487	-0.3876	-0.3598
			0.3103	0.9159	-0.2546
		b:
			8.1536
			31.0491
			178.5689
			-174.3234
			39.3146
			51.7274
			165.1923
			-8.1993
			-141.5459
			-159.1923
			12.1993
			144.5459
	==================================================================================
	Q5:
		Shape: Hybrid
		q_c:	118.5	149.0	108.0
		ub :	121.3321	152.2732	110.5313
		lb :	115.6679	145.7268	105.4687
		P^-1:
			0.7378	0.3113	-0.2278
			0.3113	0.268	-0.1318
			-0.2278	-0.1318	0.3554
		A:
			-0.6173	0.266	0.7404
			-0.316	-0.2885	-0.9038
			0.6746	0.5197	0.5243
			-0.9837	0.1034	0.1469
			-0.43	-0.1583	0.8888
			-0.2194	-0.0018	0.9756
		b:
			48.0084
			-176.4856
			215.3117
			-83.983
			22.4868
			80.4173
	==================================================================================
	Q6:
		Shape: Polyhedra
		q_c:	119.5	150.0	111.5
		ub :	123.2928	154.2339	115.6162
		lb :	115.7072	145.7661	107.3838
		A:
			-0.0021	0.0259	-0.9997
			-0.9083	0.413	0.0669
			-0.7747	0.5712	0.2712
			0.0244	-0.2714	0.9621
			0.1499	-0.3508	0.9244
			0.5706	0.4596	-0.6806
			0.7772	0.1847	0.6015
			-0.6264	0.1367	0.7674
			0.0595	-0.9732	0.222
			-0.7772	-0.1847	-0.6015
			0.6264	-0.1367	-0.7674
			-0.0595	0.9732	-0.222
		b:
			-105.3194
			-36.4304
			25.978
			72.1958
			71.2694
			63.8208
			190.6509
			33.2252
			-110.6256
			-184.6509
			-29.2252
			117.6256


===========================================================================================
===========================================================================================
S6:
	q_c:	67.0	274.5	206.0
	ub :	80.8035	291.4501	212.9548
	lb :	56.5217	259.7707	191.8698

	==================================================================================
	Q1:
		Shape: Polyhedra
		q_c:	66.5	267.0	205.0
		ub :	74.3179	274.2293	212.9548
		lb :	58.6821	259.7707	197.0452
		A:
			-0.8481	-0.5295	0.02
			-0.1985	-0.8423	-0.5011
			-0.9397	0.1061	0.325
			-0.432	-0.8207	-0.3739
			0.4547	0.0812	0.887
			0.3351	0.8569	-0.3918
			0.3415	0.7826	0.5205
			-0.7044	-0.1536	0.693
			0.6223	-0.6033	0.4988
			-0.3415	-0.7826	-0.5205
			0.7044	0.1536	-0.693
			-0.6223	0.6033	-0.4988
		b:
			-189.1667
			-336.3146
			37.0943
			-320.0077
			238.4683
			175.386
			342.8651
			58.7261
			-12.4602
			-333.8651
			-49.7261
			22.4602
	==================================================================================
	Q2:
		Shape: Polyhedra
		q_c:	74.5	274.0	201.5
		ub :	78.4906	278.2173	205.7976
		lb :	70.5094	269.7827	197.2024
		A:
			0.1075	0.8602	0.4986
			0.7457	0.6048	-0.2797
			0.88	0.1194	-0.4596
			-0.4728	-0.8542	-0.2165
			-0.539	-0.6215	0.5685
			-0.6481	0.3966	-0.6502
			0.5084	0.7481	0.4265
			0.7158	-0.0917	-0.6923
			-0.4787	0.6572	-0.5821
			-0.5084	-0.7481	-0.4265
			-0.7158	0.0917	0.6923
			0.4787	-0.6572	0.5821
		b:
			345.9285
			166.6299
			7.1996
			-311.155
			-93.3487
			-66.3283
			330.2933
			-109.7996
			31.6269
			-327.2933
			112.7996
			-22.6269
	==================================================================================
	Q3:
		Shape: Ellipse
		q_c:	74.5	283.0	204.0
		ub :	80.8035	290.4096	211.1579
		lb :	68.1965	275.5904	196.8421
		P^-1:
			0.0682	-0.0158	-0.0038
			-0.0158	0.0588	0.008
			-0.0038	0.008	0.044
	==================================================================================
	Q4:
		Shape: Polyhedra
		q_c:	68.5	285.5	206.5
		ub :	74.2115	291.4501	212.0942
		lb :	62.7885	279.5499	200.9058
		A:
			0.2225	0.7715	-0.596
			-0.3179	0.0223	-0.9478
			-0.7632	-0.5421	-0.3517
			-0.5062	0.6562	-0.5596
			0.7209	-0.5378	0.437
			-0.2378	-0.711	0.6618
			0.8838	0.3745	0.2806
			0.0337	-0.6489	0.7601
			0.4667	-0.6623	-0.5861
			-0.8838	-0.3745	-0.2806
			-0.0337	0.6489	-0.7601
			-0.4667	0.6623	0.5861
		b:
			115.6179
			-207.5759
			-275.2005
			40.3997
			-10.2912
			-79.4398
			229.8954
			-22.9928
			-274.6475
			-220.8954
			28.9928
			281.6475
	==================================================================================
	Q5:
		Shape: Ellipse
		q_c:	74.5	271.0	198.5
		ub :	78.8864	276.6964	204.7089
		lb :	70.1136	265.3036	192.2911
		P^-1:
			0.0805	0.0034	-0.0048
			0.0034	0.0712	0.0147
			-0.0048	0.0147	0.0609
	==================================================================================
	Q6:
		Shape: Polyhedra
		q_c:	64.0	280.5	199.0
		ub :	71.4783	287.238	206.1302
		lb :	56.5217	273.762	191.8698
		A:
			0.8824	0.2169	0.4176
			0.2142	-0.9108	0.3529
			0.0451	-0.8698	-0.4914
			-0.6735	0.597	-0.4358
			-0.8594	0.1835	-0.4772
			-0.9898	-0.0068	0.1425
			0.5373	0.7976	0.2742
			0.7352	-0.2836	-0.6157
			-0.4133	0.5324	-0.7388
			-0.5373	-0.7976	-0.2742
			-0.7352	0.2836	0.6157
			0.4133	-0.5324	0.7388
		b:
			204.5237
			-167.5033
			-334.504
			41.8072
			-94.3452
			-32.1974
			316.6724
			-150.021
			-20.1194
			-308.6724
			160.021
			28.1194


===========================================================================================
===========================================================================================
S7:
	q_c:	495.5	14.5	278.5
	ub :	515.8432	33.004	297.1248
	lb :	477.5206	0.9243	266.2548

	==================================================================================
	Q1:
		Shape: Polyhedra
		q_c:	503.5	11.5	276.0
		ub :	511.0503	19.1128	283.213
		lb :	495.9497	3.8872	268.787
		A:
			-0.9816	0.0511	-0.1839
			-0.9501	-0.307	-0.055
			-0.7518	0.1769	-0.6352
			-0.464	-0.0529	-0.8842
			-0.2847	-0.1959	0.9384
			-0.2901	0.8762	-0.3849
			0.6769	0.0886	0.7308
			-0.58	0.6755	0.4553
			-0.4533	-0.732	0.5086
			-0.6769	-0.0886	-0.7308
			0.58	-0.6755	-0.4553
			0.4533	0.732	-0.5086
		b:
			-540.2481
			-493.0791
			-548.4995
			-475.0991
			118.0009
			-237.3599
			546.5123
			-152.5704
			-91.7823
			-540.5123
			164.5704
			100.7823
	==================================================================================
	Q2:
		Shape: Ellipse
		q_c:	507.0	25.0	283.5
		ub :	515.8432	33.004	293.4451
		lb :	498.1568	16.996	273.5549
		P^-1:
			0.0349	0.0063	0.0144
			0.0063	0.0397	-0.002
			0.0144	-0.002	0.0325
	==================================================================================
	Q3:
		Shape: Polyhedra
		q_c:	487.0	22.0	276.0
		ub :	496.4794	27.5895	285.7452
		lb :	477.5206	16.4105	266.2548
		A:
			0.2809	-0.8758	0.3925
			-0.0008	-0.8632	0.5049
			0.0535	0.7314	0.6798
			0.6036	-0.6501	0.4615
			0.1186	0.9915	0.0536
			-0.1011	0.9323	-0.3473
			0.7696	0.3808	0.5126
			-0.542	-0.0348	0.8397
			0.3376	-0.924	0.1796
			-0.7696	-0.3808	-0.5126
			0.542	0.0348	-0.8397
			-0.3376	0.924	-0.1796
		b:
			229.6118
			124.5993
			235.418
			411.0589
			98.439
			-120.6412
			530.1292
			-25.4811
			197.1633
			-519.1292
			40.4811
			-190.1633
	==================================================================================
	Q4:
		Shape: Polyhedra
		q_c:	488.5	8.0	289.0
		ub :	494.4852	15.0757	296.2308
		lb :	482.5148	0.9243	281.7692
		A:
			-0.4464	0.8189	0.3608
			-0.9207	0.2905	0.2608
			-0.3885	0.6412	0.6618
			-0.6346	0.498	0.591
			-0.5218	0.735	0.4331
			-0.4369	0.1845	0.8804
			0.8255	0.2551	0.5035
			-0.0841	-0.8266	0.5565
			0.5581	-0.5018	-0.6608
			-0.8255	-0.2551	-0.5035
			0.0841	0.8266	-0.5565
			-0.5581	0.5018	0.6608
		b:
			-103.942
			-368.5933
			9.2847
			-132.6806
			-120.91
			45.6409
			555.8027
			118.6511
			80.1557
			-545.8027
			-107.6511
			-75.1557
	==================================================================================
	Q5:
		Shape: Ellipse
		q_c:	503.5	14.5	279.0
		ub :	509.3448	22.5271	287.2832
		lb :	497.6552	6.4729	270.7168
		P^-1:
			0.2799	0.092	-0.1707
			0.092	0.0927	-0.0924
			-0.1707	-0.0924	0.15
	==================================================================================
	Q6:
		Shape: Ellipse
		q_c:	506.0	8.5	292.0
		ub :	510.0237	13.5992	297.1248
		lb :	501.9763	3.4008	286.8752
		P^-1:
			0.1478	0.0042	0.0344
			0.0042	0.0402	0.0015
			0.0344	0.0015	0.0614


===========================================================================================
===========================================================================================
S8:
	q_c:	418.5	315.0	450.0
	ub :	430.7469	328.5363	466.6366
	lb :	402.974	302.2704	437.9789

	==================================================================================
	Q1:
		Shape: Ellipse
		q_c:	424.5	307.5	447.0
		ub :	430.7469	312.7296	453.6582
		lb :	418.2531	302.2704	440.3418
		P^-1:
			0.1317	0.0582	-0.0712
			0.0582	0.1451	-0.0624
			-0.0712	-0.0624	0.0826
	==================================================================================
	Q2:
		Shape: Hybrid
		q_c:	411.5	310.0	451.0
		ub :	418.8099	315.2558	456.095
		lb :	404.1901	304.7442	445.905
		P^-1:
			0.0587	-0.0075	-0.0852
			-0.0075	0.0415	0.0161
			-0.0852	0.0161	0.2102
		A:
			-0.0949	0.1154	0.9888
			0.1299	-0.3471	-0.9288
			0.8241	0.3722	-0.427
			-0.6704	0.6353	0.3834
			-0.4182	-0.13	0.899
			-0.2665	0.2127	0.9401
		b:
			444.5727
			-471.0836
			265.7407
			97.4468
			194.2812
			381.5601
	==================================================================================
	Q3:
		Shape: Polyhedra
		q_c:	423.0	312.0	443.5
		ub :	428.256	315.148	449.0211
		lb :	417.744	308.852	437.9789
		A:
			-0.568	0.0503	-0.8215
			-0.601	-0.7857	-0.1462
			-0.025	0.9645	-0.2628
			-0.3051	0.9483	-0.087
			-0.8997	-0.2885	-0.3275
			-0.0059	0.9984	0.0567
			0.6406	0.6065	0.471
			-0.4817	0.795	-0.3686
			-0.598	0.0093	0.8014
			-0.6406	-0.6065	-0.471
			0.4817	-0.795	0.3686
			0.598	-0.0093	-0.8014
		b:
			-586.2803
			-561.5986
			176.0501
			130.3624
			-613.1828
			336.3697
			671.5713
			-117.2123
			109.8434
			-666.5713
			121.2123
			-100.8434
	==================================================================================
	Q4:
		Shape: Ellipse
		q_c:	416.0	309.5	459.0
		ub :	422.0254	315.9569	466.6366
		lb :	409.9746	303.0431	451.3634
		P^-1:
			0.1173	-0.046	-0.031
			-0.046	0.0805	0.0229
			-0.031	0.0229	0.032
	==================================================================================
	Q5:
		Shape: Hybrid
		q_c:	410.5	310.0	456.0
		ub :	418.026	317.4705	460.1748
		lb :	402.974	302.5295	451.8252
		P^-1:
			0.094	0.0974	-0.2074
			0.0974	0.2145	-0.3648
			-0.2074	-0.3648	0.7592
		A:
			0.3002	0.0211	-0.9537
			-0.9828	-0.0058	-0.1845
			0.1821	0.2548	-0.9497
			0.1781	0.5307	-0.8286
			0.4154	-0.9027	-0.1125
			-0.1652	0.9078	-0.3856
		b:
			-303.1463
			-484.4776
			-278.2977
			-139.5374
			-155.9841
			41.1204
	==================================================================================
	Q6:
		Shape: Polyhedra
		q_c:	409.5	323.0	452.5
		ub :	415.2546	328.5363	455.9199
		lb :	403.7454	317.4637	449.0801
		A:
			0.4215	0.7622	-0.4913
			0.6826	0.0001	0.7308
			0.5809	0.0004	0.814
			0.155	0.9386	-0.3081
			-0.3929	0.2832	-0.8749
			0.3408	0.7377	-0.5828
			0.4836	0.671	0.562
			-0.3111	-0.4684	0.8269
			0.8181	-0.5748	-0.0178
			-0.4836	-0.671	-0.562
			0.3111	0.4684	-0.8269
			-0.8181	0.5748	0.0178
		b:
			198.7769
			613.6288
			609.5089
			230.104
			-462.349
			116.3181
			672.0921
			97.4973
			145.8206
			-666.0921
			-93.4973
			-136.8206


===========================================================================================
===========================================================================================
