3D_40_15_6_f                l = 3

===========================================================================================
===========================================================================================
S1:
	q_c:    423.0000    314.0000    135.0000
	ub :    433.0000    330.0000    154.0000
	lb :    413.0000    298.0000    116.0000

	==================================================================================
	Q1:
		Shape: Hybrid
		q_c:    422.0000    317.5000    144.5000
		ub :    427.4284    323.0422    150.3836
		lb :    416.5716    311.9578    138.6164
		P^-1: 
			    0.0897    0.0131    0.0094
			    0.0131    0.0602    0.0194
			    0.0094    0.0194    0.0922
		A:
			    -0.7302    -0.6819    0.0419
			    0.9952    0.0014    -0.0982
			    -0.9170    0.1471    -0.3708
			    -0.7617    0.6451    0.0603
			    0.9908    0.0643    -0.1190
			    -0.7682    -0.6031    0.2147
		b:
			    -516.5622
			    408.1291
			    -391.8418
			    -105.3425
			    423.2284
			    -482.5296
	==================================================================================
	Q2:
		Shape: Hybrid
		q_c:    420.5000    316.0000    137.5000
		ub :    425.1966    321.7056    142.5326
		lb :    415.8034    310.2944    132.4674
		P^-1: 
			    0.1299    0.0383    0.0231
			    0.0383    0.0862    0.0073
			    0.0231    0.0073    0.0880
		A:
			    0.8435    0.5349    -0.0488
			    0.0002    -0.1316    0.9913
			    -0.3521    -0.3610    -0.8635
			    -0.0029    0.6097    0.7926
			    -0.7338    -0.5720    -0.3667
			    -0.7823    -0.6202    -0.0590
		b:
			    518.4216
			    97.0314
			    -379.0487
			    302.7085
			    -538.4072
			    -531.6623
	==================================================================================
	Q3:
		Shape: Hybrid
		q_c:    431.5000    321.0000    137.5000
		ub :    436.2129    327.0913    144.4104
		lb :    426.7871    314.9087    130.5896
		P^-1: 
			    0.1537    0.0158    -0.0234
			    0.0158    0.1206    0.0584
			    -0.0234    0.0584    0.0735
		A:
			    0.5485    0.5523    0.6278
			    0.6272    -0.4834    -0.6107
			    0.6228    0.7260    -0.2915
			    -0.6794    -0.4373    -0.5893
			    0.9006    0.3982    0.1742
			    0.8177    0.3815    -0.4311
		b:
			    502.1029
			    32.7774
			    464.1426
			    -512.5245
			    541.7237
			    418.0129
	==================================================================================
	Q4:
		Shape: Polyhedra
		q_c:    426.0000    310.0000    141.5000
		ub :    433.4981    317.0468    149.3987
		lb :    418.5019    302.9532    133.6013
		A:
			    0.8149    -0.1902    0.5475
			    -0.4803    -0.8438    -0.2393
			    -0.9538    0.1412    -0.2652
			    0.7518    -0.6179    0.2300
			    0.2874    -0.1118    -0.9513
			    0.9727    -0.1037    0.2078
			    0.4594    0.6304    0.6257
			    0.6748    -0.7058    0.2157
			    0.5776    0.3231    -0.7496
			    -0.4594    -0.6304    -0.6257
			    -0.6748    0.7058    -0.2157
			    -0.5776    -0.3231    0.7496
		b:
			    369.4747
			    -495.0515
			    -396.1739
			    164.3049
			    -41.5009
			    415.6407
			    484.6656
			    102.1915
			    245.6670
			    -474.6656
			    -96.1915
			    -234.6670
	==================================================================================
	Q5:
		Shape: Ellipse
		q_c:    426.0000    307.5000    131.0000
		ub :    431.5905    313.9946    137.5156
		lb :    420.4095    301.0054    124.4844
		P^-1: 
			    0.1265    -0.0097    -0.0491
			    -0.0097    0.0484    -0.0066
			    -0.0491    -0.0066    0.0875
	==================================================================================
	Q6:
		Shape: Polyhedra
		q_c:    421.0000    319.0000    128.0000
		ub :    427.9921    322.4520    134.8853
		lb :    414.0079    315.5480    121.1147
		A:
			    -0.2587    -0.9126    0.3167
			    -0.0671    0.1252    -0.9899
			    -0.1902    -0.8428    0.5034
			    0.0765    0.9876    -0.1369
			    0.5197    0.8498    -0.0880
			    0.2942    0.8592    0.4186
			    0.2006    0.9668    0.1584
			    0.4458    0.0538    -0.8935
			    -0.8723    0.2498    -0.4202
			    -0.2006    -0.9668    -0.1584
			    -0.4458    -0.0538    0.8935
			    0.8723    -0.2498    0.4202
		b:
			    -356.5703
			    -110.0404
			    -280.9960
			    332.2055
			    481.3673
			    453.9215
			    415.1342
			    95.5039
			    -336.3431
			    -411.1342
			    -85.5039
			    346.3431


===========================================================================================
===========================================================================================
S2:
	q_c:    360.0000    399.0000    298.5000
	ub :    374.0000    420.0000    314.0000
	lb :    346.0000    378.0000    283.0000

	==================================================================================
	Q1:
		Shape: Polyhedra
		q_c:    371.0000    406.5000    304.0000
		ub :    380.6604    415.0543    310.6608
		lb :    361.3396    397.9457    297.3392
		A:
			    -0.1667    -0.9407    -0.2954
			    0.4664    0.6689    0.5789
			    0.4705    0.8750    0.1141
			    0.5757    0.7411    0.3455
			    -0.5720    -0.7716    -0.2783
			    0.3441    0.8573    -0.3830
			    0.5591    0.6860    0.4656
			    0.7156    -0.6829    0.1469
			    0.4187    0.2511    -0.8727
			    -0.5591    -0.6860    -0.4656
			    -0.7156    0.6829    -0.1469
			    -0.4187    -0.2511    0.8727
		b:
			    -529.4020
			    622.2138
			    567.9605
			    621.1423
			    -608.8629
			    365.0902
			    628.8351
			    42.0574
			    -2.3942
			    -626.8351
			    -23.0574
			    13.3942
	==================================================================================
	Q2:
		Shape: Hybrid
		q_c:    354.0000    413.0000    303.0000
		ub :    361.9418    422.0853    312.1427
		lb :    346.0582    403.9147    293.8573
		P^-1: 
			    0.0298    0.0043    0.0017
			    0.0043    0.0353    0.0055
			    0.0017    0.0055    0.0263
		A:
			    0.3219    -0.2445    0.9147
			    -0.6971    -0.6440    0.3150
			    -0.4783    -0.8756    0.0678
			    -0.6132    -0.5921    -0.5229
			    0.7438    0.6070    0.2798
			    0.6463    0.7168    -0.2616
		b:
			    293.9937
			    -414.1517
			    -507.5604
			    -617.3840
			    601.4658
			    448.6530
	==================================================================================
	Q3:
		Shape: Ellipse
		q_c:    372.5000    387.5000    286.0000
		ub :    382.4698    397.7201    290.4630
		lb :    362.5302    377.2799    281.5370
		P^-1: 
			    0.0221    -0.0051    0.0103
			    -0.0051    0.0258    -0.0273
			    0.0103    -0.0273    0.1535
	==================================================================================
	Q4:
		Shape: Hybrid
		q_c:    377.5000    389.0000    293.5000
		ub :    385.5476    399.1007    303.5386
		lb :    369.4524    378.8993    283.4614
		P^-1: 
			    0.0486    0.0108    -0.0137
			    0.0108    0.0314    -0.0112
			    -0.0137    -0.0112    0.0280
		A:
			    -0.4437    0.4359    -0.7830
			    0.0116    -0.8675    0.4973
			    -0.7781    -0.5580    0.2885
			    0.0144    0.9854    -0.1698
			    -0.2321    -0.8184    0.5257
			    -0.4117    0.8349    0.3653
		b:
			    -223.4173
			    -183.7325
			    -423.9038
			    342.7383
			    -248.7415
			    281.2962
	==================================================================================
	Q5:
		Shape: Ellipse
		q_c:    365.0000    404.0000    284.5000
		ub :    373.6853    409.5410    292.7625
		lb :    356.3147    398.4590    276.2375
		P^-1: 
			    0.0214    -0.0042    0.0026
			    -0.0042    0.0610    -0.0058
			    0.0026    -0.0058    0.0283
	==================================================================================
	Q6:
		Shape: Hybrid
		q_c:    351.5000    384.0000    296.5000
		ub :    362.8514    395.5098    306.7052
		lb :    340.1486    372.4902    286.2948
		P^-1: 
			    0.0175    0.0038    0.0012
			    0.0038    0.0249    0.0065
			    0.0012    0.0065    0.0266
		A:
			    0.0636    0.0551    0.9964
			    -0.7729    0.0635    0.6313
			    0.4501    0.8930    0.0069
			    0.2757    -0.3375    0.9001
			    0.2345    0.9398    0.2484
			    -0.5831    0.1995    0.7875
		b:
			    342.4715
			    -55.6656
			    506.6994
			    238.4664
			    520.2159
			    109.1676


===========================================================================================
===========================================================================================
S3:
	q_c:    242.0000    87.0000    150.5000
	ub :    252.0000    108.0000    154.0000
	lb :    232.0000    66.0000    147.0000

	==================================================================================
	Q1:
		Shape: Ellipse
		q_c:    243.0000    87.0000    148.5000
		ub :    245.1154    88.3255    150.8424
		lb :    240.8846    85.6745    146.1576
		P^-1: 
			    0.7176    -0.0356    -0.3616
			    -0.0356    0.9955    -0.0455
			    -0.3616    -0.0455    0.5369
	==================================================================================
	Q2:
		Shape: Ellipse
		q_c:    243.5000    87.0000    151.5000
		ub :    245.2577    88.9448    153.5048
		lb :    241.7423    85.0552    149.4952
		P^-1: 
			    0.7964    -0.1857    -0.1928
			    -0.1857    0.8306    -0.1758
			    -0.1928    -0.1758    0.8175
	==================================================================================
	Q3:
		Shape: Polyhedra
		q_c:    241.5000    88.5000    148.0000
		ub :    244.0664    91.0058    150.3477
		lb :    238.9336    85.9942    145.6523
		A:
			    0.2014    -0.8975    0.3924
			    -0.5030    0.7795    -0.3732
			    0.6742    -0.0599    -0.7361
			    0.3980    0.9145    -0.0731
			    0.2502    0.7710    -0.5856
			    0.3625    -0.8653    -0.3461
			    0.4704    0.6216    0.6264
			    0.6883    -0.7026    0.1804
			    0.5522    0.3463    -0.7584
			    -0.4704    -0.6216    -0.6264
			    -0.6883    0.7026    -0.1804
			    -0.5522    -0.3463    0.7584
		b:
			    28.7793
			    -106.2304
			    50.0796
			    167.7224
			    43.5023
			    -38.7596
			    262.8143
			    132.2407
			    53.2707
			    -259.8143
			    -129.2407
			    -50.2707
	==================================================================================
	Q4:
		Shape: Polyhedra
		q_c:    244.5000    88.0000    153.5000
		ub :    246.5393    89.6101    155.3724
		lb :    242.4607    86.3899    151.6276
		A:
			    -0.7064    0.5044    -0.4966
			    -0.9526    0.0663    0.2969
			    0.3409    -0.9385    -0.0552
			    -0.4133    0.5934    -0.6907
			    -0.6886    0.5784    -0.4374
			    0.7232    0.6457    -0.2450
			    0.7045    0.4871    0.5162
			    0.3887    -0.8733    0.2935
			    0.5938    -0.0061    -0.8046
			    -0.7045    -0.4871    -0.5162
			    -0.3887    0.8733    -0.2935
			    -0.5938    0.0061    0.8046
		b:
			    -203.4111
			    -180.3696
			    -6.6592
			    -153.7846
			    -183.4870
			    197.3003
			    295.8442
			    64.2532
			    22.1429
			    -292.8442
			    -62.2532
			    -20.1429
	==================================================================================
	Q5:
		Shape: Polyhedra
		q_c:    246.0000    90.0000    148.0000
		ub :    248.9042    92.9163    150.9107
		lb :    243.0958    87.0837    145.0893
		A:
			    0.3093    -0.5855    -0.7493
			    0.1046    0.9865    0.1257
			    0.2223    -0.9729    -0.0642
			    0.3439    -0.8502    0.3987
			    -0.7227    -0.2371    0.6492
			    0.2086    -0.7196    -0.6624
			    0.7783    0.4666    0.4201
			    -0.2381    -0.3998    0.8851
			    0.5810    -0.7889    -0.2001
			    -0.7783    -0.4666    -0.4201
			    0.2381    0.3998    -0.8851
			    -0.5810    0.7889    0.2001
		b:
			    -85.7953
			    134.8689
			    -40.7951
			    68.7833
			    -101.1008
			    -109.7941
			    297.6375
			    38.4549
			    43.8024
			    -293.6375
			    -34.4549
			    -40.8024
	==================================================================================
	Q6:
		Shape: Polyhedra
		q_c:    242.0000    84.5000    150.0000
		ub :    244.8635    87.3477    152.6020
		lb :    239.1365    81.6523    147.3980
		A:
			    0.5208    0.0005    0.8537
			    0.8202    -0.0364    -0.5709
			    0.3950    -0.8453    -0.3598
			    0.7002    -0.6891    0.1868
			    -0.3947    0.8477    0.3544
			    0.8841    -0.3578    0.3005
			    0.6762    0.6797    0.2843
			    0.3708    -0.6474    0.6658
			    0.6366    -0.3448    -0.6898
			    -0.6762    -0.6797    -0.2843
			    -0.3708    0.6474    -0.6658
			    -0.6366    0.3448    0.6898
		b:
			    255.8205
			    111.3674
			    -28.2136
			    140.7265
			    30.8579
			    230.3990
			    265.7127
			    136.4083
			    22.9381
			    -261.7127
			    -133.4083
			    -19.9381


===========================================================================================
===========================================================================================
S4:
	q_c:    72.5000    136.5000    198.5000
	ub :    92.0000    154.0000    222.0000
	lb :    53.0000    119.0000    175.0000

	==================================================================================
	Q1:
		Shape: Hybrid
		q_c:    90.5000    140.0000    198.5000
		ub :    99.8422    150.1811    207.6750
		lb :    81.1578    129.8189    189.3250
		P^-1: 
			    0.0344    0.0106    0.0165
			    0.0106    0.0295    0.0109
			    0.0165    0.0109    0.0427
		A:
			    -0.9658    -0.1196    0.2302
			    0.8056    0.1516    0.5727
			    0.4712    0.2710    -0.8393
			    -0.4065    -0.4169    -0.8130
			    -0.0425    0.9168    0.3970
			    0.0703    0.5745    0.8155
		b:
			    -54.0411
			    210.3472
			    -81.4811
			    -254.3868
			    207.1757
			    251.6406
	==================================================================================
	Q2:
		Shape: Hybrid
		q_c:    90.0000    143.5000    183.5000
		ub :    98.5826    152.8899    190.4299
		lb :    81.4174    134.1101    176.5701
		P^-1: 
			    0.0497    0.0245    -0.0139
			    0.0245    0.0398    -0.0307
			    -0.0139    -0.0307    0.0866
		A:
			    -0.1116    -0.5241    0.8443
			    0.4788    -0.2255    -0.8485
			    0.6319    0.6532    0.4172
			    0.2930    -0.3461    0.8913
			    -0.2245    -0.1278    0.9661
			    0.3504    0.1737    0.9203
		b:
			    71.4928
			    -140.7943
			    230.6525
			    142.6682
			    140.9273
			    228.2263
	==================================================================================
	Q3:
		Shape: Hybrid
		q_c:    84.0000    147.0000    203.0000
		ub :    94.1069    156.7726    214.1253
		lb :    73.8931    137.2274    191.8747
		P^-1: 
			    0.0243    -0.0098    0.0082
			    -0.0098    0.0326    -0.0124
			    0.0082    -0.0124    0.0281
		A:
			    -0.1164    0.5197    -0.8464
			    -0.1363    0.2142    0.9672
			    0.3210    -0.9030    0.2856
			    0.5232    0.6227    -0.5818
			    -0.2394    0.5053    -0.8291
			    0.8471    0.5005    -0.1788
		b:
			    -102.1971
			    221.3413
			    -45.0208
			    21.9594
			    -111.3539
			    113.6636
	==================================================================================
	Q4:
		Shape: Ellipse
		q_c:    62.5000    140.0000    212.5000
		ub :    72.4631    149.3304    222.0042
		lb :    52.5369    130.6696    202.9958
		P^-1: 
			    0.0321    -0.0065    -0.0038
			    -0.0065    0.0342    -0.0053
			    -0.0038    -0.0053    0.0271
	==================================================================================
	Q5:
		Shape: Hybrid
		q_c:    73.0000    122.5000    194.5000
		ub :    80.8753    130.9784    203.4385
		lb :    65.1247    114.0216    185.5615
		P^-1: 
			    0.0506    -0.0128    0.0098
			    -0.0128    0.0397    -0.0033
			    0.0098    -0.0033    0.0330
		A:
			    0.3919    -0.5665    0.7249
			    -0.8703    -0.0813    -0.4859
			    -0.5424    0.0407    -0.8392
			    -0.8300    0.1342    -0.5414
			    0.4056    -0.5215    -0.7507
			    0.9807    0.1181    -0.1560
		b:
			    102.9151
			    -165.4175
			    -194.9783
			    -147.1597
			    -176.7478
			    58.8330
	==================================================================================
	Q6:
		Shape: Ellipse
		q_c:    84.5000    131.0000    192.5000
		ub :    93.9106    136.3523    199.2684
		lb :    75.0894    125.6477    185.7316
		P^-1: 
			    0.1267    -0.1374    -0.0805
			    -0.1374    0.3792    -0.0713
			    -0.0805    -0.0713    0.1986


===========================================================================================
===========================================================================================
S5:
	q_c:    446.5000    258.5000    293.5000
	ub :    456.0000    278.0000    313.0000
	lb :    437.0000    239.0000    274.0000

	==================================================================================
	Q1:
		Shape: Polyhedra
		q_c:    448.0000    267.5000    296.0000
		ub :    453.7069    272.6518    301.3789
		lb :    442.2931    262.3482    290.6211
		A:
			    -0.7048    0.4871    0.5158
			    -0.8607    0.3607    0.3593
			    -0.7529    -0.2826    -0.5944
			    0.4859    0.3636    0.7948
			    -0.6353    0.6640    -0.3943
			    -0.9686    0.2047    -0.1407
			    0.4370    0.8994    0.0084
			    0.8119    -0.3985    0.4266
			    0.3870    -0.1796    -0.9044
			    -0.4370    -0.8994    -0.0084
			    -0.8119    0.3985    -0.4266
			    -0.3870    0.1796    0.9044
		b:
			    -28.6615
			    -178.9264
			    -585.4895
			    553.9440
			    -220.6842
			    -417.6747
			    442.3635
			    386.4060
			    -137.8900
			    -435.3635
			    -380.4060
			    146.8900
	==================================================================================
	Q2:
		Shape: Ellipse
		q_c:    452.5000    261.0000    298.0000
		ub :    458.9946    267.1248    304.9449
		lb :    446.0054    254.8752    291.0551
		P^-1: 
			    0.0587    0.0074    0.0024
			    0.0074    0.0711    -0.0128
			    0.0024    -0.0128    0.0637
	==================================================================================
	Q3:
		Shape: Ellipse
		q_c:    449.0000    256.5000    301.5000
		ub :    452.8672    259.9692    305.9582
		lb :    445.1328    253.0308    297.0418
		P^-1: 
			    0.2985    0.0607    0.1738
			    0.0607    0.2297    -0.0316
			    0.1738    -0.0316    0.2287
	==================================================================================
	Q4:
		Shape: Ellipse
		q_c:    447.0000    267.5000    300.0000
		ub :    449.8991    273.3198    305.6992
		lb :    444.1009    261.6802    294.3008
		P^-1: 
			    0.3940    0.0476    -0.1203
			    0.0476    0.0583    -0.0221
			    -0.1203    -0.0221    0.1041
	==================================================================================
	Q5:
		Shape: Ellipse
		q_c:    452.0000    257.5000    299.0000
		ub :    455.4125    261.3460    301.1979
		lb :    448.5875    253.6540    296.8021
		P^-1: 
			    1.0035    -0.0489    -1.5989
			    -0.0489    0.1275    0.1350
			    -1.5989    0.1350    3.1402
	==================================================================================
	Q6:
		Shape: Ellipse
		q_c:    455.0000    263.5000    295.5000
		ub :    457.9957    268.2246    301.1489
		lb :    452.0043    258.7754    289.8511
		P^-1: 
			    0.2432    -0.0028    -0.0350
			    -0.0028    0.0987    -0.0247
			    -0.0350    -0.0247    0.0685


===========================================================================================
===========================================================================================
S6:
	q_c:    415.5000    133.0000    500.0000
	ub :    444.0000    159.0000    520.0000
	lb :    387.0000    107.0000    480.0000

	==================================================================================
	Q1:
		Shape: Polyhedra
		q_c:    399.0000    127.0000    494.5000
		ub :    409.1456    136.0007    502.5238
		lb :    388.8544    117.9993    486.4762
		A:
			    -0.7328    -0.6789    0.0453
			    0.0392    0.9780    -0.2049
			    0.6686    0.7221    -0.1776
			    0.7760    0.6269    -0.0694
			    -0.3058    -0.5572    -0.7720
			    -0.5153    -0.7083    -0.4825
			    0.6032    0.7260    0.3301
			    -0.4809    0.0009    0.8768
			    0.6363    -0.6876    0.3497
			    -0.6032    -0.7260    -0.3301
			    0.4809    -0.0009    -0.8768
			    -0.6363    0.6876    -0.3497
		b:
			    -354.0926
			    46.8702
			    273.4408
			    357.1709
			    -571.8977
			    -532.5197
			    497.6293
			    245.8164
			    350.9714
			    -494.6293
			    -237.8164
			    -327.9714
	==================================================================================
	Q2:
		Shape: Hybrid
		q_c:    400.0000    135.0000    506.0000
		ub :    411.2608    142.0378    517.2175
		lb :    388.7392    127.9622    494.7825
		P^-1: 
			    0.0193    0.0024    0.0026
			    0.0024    0.0323    0.0017
			    0.0026    0.0017    0.0175
		A:
			    0.8100    0.5339    0.2425
			    0.8745    0.4838    0.0350
			    0.1523    0.9694    0.1923
			    0.1202    -0.3505    0.9288
			    0.8907    0.4001    -0.2158
			    -0.5979    0.7903    0.1336
		b:
			    522.4169
			    436.7735
			    291.9024
			    475.4543
			    305.4516
			    -61.0002
	==================================================================================
	Q3:
		Shape: Ellipse
		q_c:    419.0000    152.0000    492.0000
		ub :    426.3478    160.0697    499.9308
		lb :    411.6522    143.9303    484.0692
		P^-1: 
			    0.0582    0.0168    -0.0035
			    0.0168    0.0442    0.0244
			    -0.0035    0.0244    0.0621
	==================================================================================
	Q4:
		Shape: Polyhedra
		q_c:    415.0000    120.5000    485.0000
		ub :    421.2645    128.0230    489.8949
		lb :    408.7355    112.9770    480.1051
		A:
			    -0.3412    0.2180    0.9143
			    0.9187    0.3371    -0.2059
			    -0.7236    0.6470    -0.2402
			    0.3842    0.4042    -0.8301
			    0.8967    -0.1985    0.3957
			    -0.5437    0.7762    -0.3194
			    0.5438    0.8183    0.1861
			    0.8042    -0.4449    -0.3941
			    -0.2397    0.3640    -0.9000
			    -0.5438    -0.8183    -0.1861
			    -0.8042    0.4449    0.3941
			    0.2397    -0.3640    0.9000
		b:
			    331.0257
			    327.0902
			    -336.0652
			    -190.7810
			    543.7338
			    -283.7560
			    421.0553
			    91.5315
			    -489.1255
			    -408.0553
			    -86.5315
			    495.1255
	==================================================================================
	Q5:
		Shape: Ellipse
		q_c:    393.5000    120.0000    499.0000
		ub :    401.3298    127.4033    507.7568
		lb :    385.6702    112.5967    490.2432
		P^-1: 
			    0.0357    0.0044    0.0042
			    0.0044    0.0542    -0.0135
			    0.0042    -0.0135    0.0404
	==================================================================================
	Q6:
		Shape: Ellipse
		q_c:    413.5000    131.0000    503.5000
		ub :    424.5479    142.0721    513.7567
		lb :    402.4521    119.9279    493.2433
		P^-1: 
			    0.0265    -0.0124    0.0028
			    -0.0124    0.0284    0.0006
			    0.0028    0.0006    0.0194


===========================================================================================
===========================================================================================
S7:
	q_c:    246.0000    264.0000    123.0000
	ub :    260.0000    269.0000    138.0000
	lb :    232.0000    259.0000    108.0000

	==================================================================================
	Q1:
		Shape: Polyhedra
		q_c:    247.5000    266.5000    127.5000
		ub :    250.7872    270.1931    131.0391
		lb :    244.2128    262.8069    123.9609
		A:
			    -0.7991    0.1284    0.5873
			    0.1240    0.2772    -0.9528
			    0.8022    0.0884    -0.5905
			    0.1995    0.5422    -0.8163
			    0.6945    0.6693    -0.2638
			    -0.3944    0.2024    -0.8964
			    0.1800    0.8325    0.5240
			    0.6238    0.3152    -0.7152
			    -0.7605    0.4556    -0.4626
			    -0.1800    -0.8325    -0.5240
			    -0.6238    -0.3152    0.7152
			    0.7605    -0.4556    0.4626
		b:
			    -86.9242
			    -15.0863
			    148.4568
			    91.5620
			    318.4994
			    -155.6493
			    335.7241
			    148.7197
			    -123.2888
			    -330.7241
			    -145.7197
			    128.2888
	==================================================================================
	Q2:
		Shape: Polyhedra
		q_c:    242.0000    268.0000    126.5000
		ub :    245.2298    271.9013    130.2352
		lb :    238.7702    264.0987    122.7648
		A:
			    -0.3953    -0.9086    0.1352
			    0.6589    0.2765    0.6996
			    -0.9627    -0.2656    -0.0514
			    -0.0294    -0.9621    0.2710
			    0.6857    -0.2811    -0.6715
			    -0.6480    0.2854    0.7061
			    0.5408    0.7518    0.3772
			    0.7384    -0.2096    -0.6409
			    -0.4028    0.6252    -0.6685
			    -0.5408    -0.7518    -0.3772
			    -0.7384    0.2096    0.6409
			    0.4028    -0.6252    0.6685
		b:
			    -319.6069
			    324.6068
			    -308.8093
			    -227.7090
			    6.6675
			    10.0336
			    382.0818
			    42.4459
			    -11.0017
			    -378.0818
			    -40.4459
			    18.0017
	==================================================================================
	Q3:
		Shape: Polyhedra
		q_c:    241.5000    268.0000    123.5000
		ub :    245.6837    271.8177    128.1301
		lb :    237.3163    264.1823    118.8699
		A:
			    -0.4348    -0.5826    -0.6866
			    0.0676    0.7796    0.6226
			    0.6706    -0.1820    -0.7191
			    -0.0621    0.9948    0.0804
			    0.2515    -0.6221    -0.7414
			    -0.1303    -0.9905    0.0449
			    0.3052    0.8137    0.4947
			    0.3879    0.3682    -0.8450
			    -0.8697    0.4498    -0.2033
			    -0.3052    -0.8137    -0.4947
			    -0.3879    -0.3682    0.8450
			    0.8697    -0.4498    0.2033
		b:
			    -344.2100
			    303.8769
			    27.8478
			    263.6110
			    -195.0892
			    -289.0258
			    354.3746
			    92.0026
			    -112.1017
			    -351.3746
			    -84.0026
			    117.1017
	==================================================================================
	Q4:
		Shape: Ellipse
		q_c:    248.5000    260.5000    123.0000
		ub :    252.6277    266.2890    127.9309
		lb :    244.3723    254.7110    118.0691
		P^-1: 
			    0.1439    0.0378    0.0096
			    0.0378    0.0649    0.0015
			    0.0096    0.0015    0.0631
	==================================================================================
	Q5:
		Shape: Polyhedra
		q_c:    249.5000    258.5000    121.0000
		ub :    252.7444    262.0042    123.5948
		lb :    246.2556    254.9958    118.4052
		A:
			    -0.9091    -0.2474    -0.3352
			    -0.7981    -0.2756    0.5358
			    -0.0834    0.0638    -0.9945
			    -0.5270    -0.7007    0.4809
			    0.3046    0.9158    0.2619
			    0.0090    0.2283    0.9735
			    0.7196    0.6630    0.2065
			    0.0597    -0.3553    0.9328
			    0.6919    -0.6589    -0.2952
			    -0.7196    -0.6630    -0.2065
			    -0.0597    0.3553    -0.9328
			    -0.6919    0.6589    0.2952
		b:
			    -329.5602
			    -203.4969
			    -123.0434
			    -252.9304
			    346.3432
			    180.9441
			    377.4072
			    37.4071
			    -30.4353
			    -374.4072
			    -34.4071
			    36.4353
	==================================================================================
	Q6:
		Shape: Ellipse
		q_c:    245.5000    271.0000    126.0000
		ub :    249.8617    275.2626    130.8487
		lb :    241.1383    266.7374    121.1513
		P^-1: 
			    0.1938    -0.0601    -0.0460
			    -0.0601    0.1465    0.0166
			    -0.0460    0.0166    0.1024


===========================================================================================
===========================================================================================
S8:
	q_c:    490.0000    351.0000    180.5000
	ub :    499.0000    372.0000    208.0000
	lb :    481.0000    330.0000    153.0000

	==================================================================================
	Q1:
		Shape: Ellipse
		q_c:    493.0000    355.5000    182.0000
		ub :    497.7458    359.7144    186.6434
		lb :    488.2542    351.2856    177.3566
		P^-1: 
			    0.0837    -0.0073    -0.0395
			    -0.0073    0.0834    0.0098
			    -0.0395    0.0098    0.1370
	==================================================================================
	Q2:
		Shape: Ellipse
		q_c:    494.0000    352.5000    184.0000
		ub :    495.9773    355.2561    186.9752
		lb :    492.0227    349.7439    181.0248
		P^-1: 
			    0.6438    0.2114    0.1661
			    0.2114    0.6164    0.2878
			    0.1661    0.2878    0.3442
	==================================================================================
	Q3:
		Shape: Hybrid
		q_c:    494.5000    343.0000    184.5000
		ub :    497.4792    346.4431    187.8078
		lb :    491.5208    339.5569    181.1922
		P^-1: 
			    0.2315    -0.0364    -0.0014
			    -0.0364    0.1778    0.0065
			    -0.0014    0.0065    0.1118
		A:
			    -0.8470    0.1849    -0.4984
			    -0.9320    0.0846    -0.3525
			    -0.8680    -0.0896    -0.4884
			    -0.8393    0.1581    -0.5202
			    0.8548    0.3121    0.4147
			    0.8818    -0.0860    0.4638
		b:
			    -446.0554
			    -495.6729
			    -548.6952
			    -455.4236
			    607.6351
			    493.3968
	==================================================================================
	Q4:
		Shape: Hybrid
		q_c:    494.5000    358.0000    187.0000
		ub :    499.5225    363.7630    192.3345
		lb :    489.4775    352.2370    181.6655
		P^-1: 
			    0.0817    0.0004    -0.0006
			    0.0004    0.0918    -0.0140
			    -0.0006    -0.0140    0.1010
		A:
			    0.0880    -0.9462    0.3113
			    0.6710    0.4366    0.5993
			    0.3357    -0.8864    -0.3187
			    0.1973    0.6481    0.7356
			    0.8280    0.3036    -0.4714
			    -0.3376    0.2618    -0.9042
		b:
			    -235.3494
			    602.1578
			    -208.9425
			    469.1240
			    431.8198
			    -240.6969
	==================================================================================
	Q5:
		Shape: Polyhedra
		q_c:    496.5000    350.5000    182.0000
		ub :    500.5723    352.7722    185.6381
		lb :    492.4277    348.2278    178.3619
		A:
			    0.1042    0.9360    -0.3361
			    -0.0701    0.9779    0.1968
			    -0.1787    -0.3547    -0.9177
			    -0.1858    0.6014    0.7770
			    -0.6872    -0.4992    0.5277
			    -0.0369    0.4529    -0.8908
			    0.8273    0.0634    0.5582
			    -0.4549    -0.5077    0.7317
			    0.3298    -0.8592    -0.3912
			    -0.8273    -0.0634    -0.5582
			    0.4549    0.5077    -0.7317
			    -0.3298    0.8592    0.3912
		b:
			    320.1596
			    345.2988
			    -377.4733
			    261.7684
			    -418.3534
			    -19.5217
			    538.0452
			    -269.1137
			    -207.1052
			    -531.0452
			    272.1137
			    210.1052
	==================================================================================
	Q6:
		Shape: Hybrid
		q_c:    494.0000    343.5000    180.0000
		ub :    497.7492    346.9045    183.6386
		lb :    490.2508    340.0955    176.3614
		P^-1: 
			    0.2161    0.0372    0.0228
			    0.0372    0.1847    0.0151
			    0.0228    0.0151    0.1693
		A:
			    0.2635    -0.9136    -0.3096
			    -0.7162    0.6031    0.3512
			    0.8687    -0.2975    -0.3959
			    -0.1773    0.7382    0.6508
			    -0.2999    -0.8488    -0.4354
			    0.5928    0.5451    0.5928
		b:
			    -237.9826
			    -81.9302
			    257.1096
			    284.5669
			    -516.9035
			    587.8558


===========================================================================================
===========================================================================================
S9:
	q_c:    77.0000    351.5000    155.5000
	ub :    93.0000    368.0000    163.0000
	lb :    61.0000    335.0000    148.0000

	==================================================================================
	Q1:
		Shape: Hybrid
		q_c:    75.0000    351.0000    162.0000
		ub :    79.0909    354.1050    166.1214
		lb :    70.9091    347.8950    157.8786
		P^-1: 
			    0.1975    -0.1194    0.0060
			    -0.1194    0.3704    -0.0666
			    0.0060    -0.0666    0.1476
		A:
			    0.1821    0.9042    -0.3864
			    -0.2898    0.8981    -0.3309
			    0.9791    -0.1551    0.1315
			    0.6380    -0.7522    -0.1645
			    -0.7750    0.4907    -0.3983
			    -0.9362    0.3461    0.0607
		b:
			    269.6298
			    240.6660
			    41.9530
			    -241.8421
			    50.8316
			    62.4966
	==================================================================================
	Q2:
		Shape: Ellipse
		q_c:    80.0000    346.5000    149.5000
		ub :    86.8187    352.7035    155.6970
		lb :    73.1813    340.2965    143.3030
		P^-1: 
			    0.0380    -0.0221    0.0159
			    -0.0221    0.0900    -0.0174
			    0.0159    -0.0174    0.0734
	==================================================================================
	Q3:
		Shape: Ellipse
		q_c:    82.5000    357.5000    152.0000
		ub :    88.7993    364.6483    157.4991
		lb :    76.2007    350.3517    146.5009
		P^-1: 
			    0.0740    0.0134    0.0100
			    0.0134    0.0316    0.0026
			    0.0100    0.0026    0.0531
	==================================================================================
	Q4:
		Shape: Hybrid
		q_c:    74.0000    343.5000    155.0000
		ub :    79.5571    348.4232    160.3202
		lb :    68.4429    338.5768    149.6798
		P^-1: 
			    0.0821    -0.0343    0.0174
			    -0.0343    0.1668    -0.0850
			    0.0174    -0.0850    0.1452
		A:
			    0.9570    0.2217    0.1870
			    -0.6986    0.2653    -0.6646
			    -0.1299    -0.9506    0.2819
			    0.0916    -0.9871    0.1316
			    -0.0398    0.4595    -0.8873
			    -0.3445    -0.8002    0.4909
		b:
			    178.7638
			    -61.6266
			    -290.7668
			    -310.1723
			    18.6928
			    -222.5601
	==================================================================================
	Q5:
		Shape: Ellipse
		q_c:    80.5000    354.0000    159.5000
		ub :    86.3265    361.1816    164.9921
		lb :    74.6735    346.8184    154.0079
		P^-1: 
			    0.0598    0.0090    -0.0008
			    0.0090    0.0398    0.0127
			    -0.0008    0.0127    0.0776
	==================================================================================
	Q6:
		Shape: Hybrid
		q_c:    68.0000    352.0000    149.5000
		ub :    72.7110    359.0105    154.7791
		lb :    63.2890    344.9895    144.2209
		P^-1: 
			    0.0836    -0.0025    0.0090
			    -0.0025    0.0337    0.0204
			    0.0090    0.0204    0.1032
		A:
			    0.8930    -0.1498    0.4245
			    0.4154    0.3840    -0.8246
			    0.8162    0.4042    0.4127
			    0.9967    -0.0557    0.0587
			    -0.7121    0.0313    0.7014
			    -0.3727    0.6265    0.6845
		b:
			    73.3785
			    43.1515
			    261.6706
			    58.9134
			    69.5222
			    299.7960


===========================================================================================
===========================================================================================
S10:
	q_c:    391.5000    237.0000    129.0000
	ub :    402.0000    243.0000    152.0000
	lb :    381.0000    231.0000    106.0000

	==================================================================================
	Q1:
		Shape: Polyhedra
		q_c:    384.0000    243.5000    132.0000
		ub :    387.4481    247.3539    135.5508
		lb :    380.5519    239.6461    128.4492
		A:
			    0.9379    0.1118    -0.3283
			    0.0854    0.9481    0.3063
			    0.1955    -0.8941    0.4030
			    0.6759    -0.5962    -0.4333
			    0.3473    0.8927    -0.2872
			    -0.3458    0.8096    0.4743
			    0.7288    0.5982    0.3331
			    -0.1098    -0.3782    0.9192
			    0.6758    -0.7065    -0.2100
			    -0.7288    -0.5982    -0.3331
			    0.1098    0.3782    -0.9192
			    -0.6758    0.7065    0.2100
		b:
			    346.3804
			    306.3877
			    -87.1805
			    59.2199
			    315.2654
			    129.0387
			    472.0033
			    -10.3947
			    61.7719
			    -467.0033
			    15.3947
			    -57.7719
	==================================================================================
	Q2:
		Shape: Ellipse
		q_c:    395.5000    241.0000    130.0000
		ub :    398.7179    244.1984    132.6963
		lb :    392.2821    237.8016    127.3037
		P^-1: 
			    0.2500    0.0000    0.0000
			    0.0000    0.2500    0.0000
			    0.0000    0.0000    0.2500
	==================================================================================
	Q3:
		Shape: Polyhedra
		q_c:    386.5000    242.0000    128.5000
		ub :    390.7666    247.3353    133.9016
		lb :    382.2334    236.6647    123.0984
		A:
			    -0.5459    0.3121    -0.7776
			    -0.8881    0.4567    -0.0517
			    0.2170    0.9486    0.2304
			    0.6187    -0.3159    0.7193
			    -0.9955    0.0741    -0.0586
			    0.4723    -0.5974    -0.6481
			    0.4981    0.6388    0.5864
			    0.8657    -0.3273    -0.3788
			    -0.0501    0.6963    -0.7160
			    -0.4981    -0.6388    -0.5864
			    -0.8657    0.3273    0.3788
			    0.0501    -0.6963    0.7160
		b:
			    -232.0378
			    -236.3031
			    346.1748
			    258.4004
			    -371.3422
			    -42.2971
			    425.4520
			    209.7083
			    60.6358
			    -419.4520
			    -203.7083
			    -53.6358
	==================================================================================
	Q4:
		Shape: Polyhedra
		q_c:    388.5000    236.0000    124.0000
		ub :    393.0507    239.7871    128.1038
		lb :    383.9493    232.2129    119.8962
		A:
			    0.9632    -0.2444    0.1116
			    0.5621    0.8125    0.1547
			    0.5450    -0.7191    -0.4311
			    -0.8819    0.2152    0.4195
			    0.0412    -0.9987    0.0297
			    -0.8344    0.4592    -0.3049
			    0.4343    0.2504    0.8653
			    -0.7476    -0.4356    0.5013
			    0.5024    -0.8646    -0.0020
			    -0.4343    -0.2504    -0.8653
			    0.7476    0.4356    -0.5013
			    -0.5024    0.8646    0.0020
		b:
			    332.9437
			    432.1488
			    -9.1895
			    -237.1490
			    -213.7479
			    -251.2056
			    338.1143
			    -328.0886
			    -7.1100
			    -332.1143
			    334.0886
			    11.1100
	==================================================================================
	Q5:
		Shape: Ellipse
		q_c:    389.5000    242.0000    125.0000
		ub :    394.1604    245.4706    129.6661
		lb :    384.8396    238.5294    120.3339
		P^-1: 
			    0.1354    -0.0459    0.0261
			    -0.0459    0.1976    -0.0493
			    0.0261    -0.0493    0.1392
	==================================================================================
	Q6:
		Shape: Hybrid
		q_c:    394.0000    242.5000    125.5000
		ub :    398.5210    245.3803    130.0145
		lb :    389.4790    239.6197    120.9855
		P^-1: 
			    0.1718    -0.0909    0.0926
			    -0.0909    0.3368    -0.1041
			    0.0926    -0.1041    0.1775
		A:
			    -0.1783    -0.9171    0.3564
			    -0.7926    -0.3331    -0.5108
			    -0.7059    0.6344    0.3150
			    -0.0170    0.9190    -0.3939
			    0.4646    0.1102    0.8786
			    0.6422    0.3355    0.6893
		b:
			    -246.6030
			    -455.4433
			    -82.6822
			    167.7719
			    321.7234
			    422.5441


===========================================================================================
===========================================================================================
S11:
	q_c:    418.5000    343.0000    458.5000
	ub :    438.0000    366.0000    477.0000
	lb :    399.0000    320.0000    440.0000

	==================================================================================
	Q1:
		Shape: Ellipse
		q_c:    438.5000    331.0000    465.0000
		ub :    443.0265    336.1471    470.0935
		lb :    433.9735    325.8529    459.9065
		P^-1: 
			    0.0666    -0.0146    -0.0129
			    -0.0146    0.1149    0.0464
			    -0.0129    0.0464    0.1036
	==================================================================================
	Q2:
		Shape: Polyhedra
		q_c:    401.0000    352.0000    466.5000
		ub :    414.3513    365.3625    477.0514
