3D_45_5_6_a                l = 3

===========================================================================================
===========================================================================================
S1:
	q_c:    208.0000    275.5000    107.5000
	ub :    237.0000    295.0000    133.0000
	lb :    179.0000    256.0000    82.0000

	==================================================================================
	Q1:
		Shape: Polyhedra
		q_c:    220.0000    257.5000    91.0000
		ub :    229.5345    266.3772    97.2610
		lb :    210.4655    248.6228    84.7390
		A:
			    0.5868    -0.1658    0.7926
			    0.3063    -0.9157    -0.2601
			    -0.4598    -0.3412    -0.8199
			    0.6186    -0.7112    -0.3340
			    0.7842    -0.6201    -0.0204
			    0.5669    -0.8237    0.0121
			    0.8263    0.5421    0.1526
			    0.4312    -0.4347    -0.7907
			    -0.3623    0.7191    -0.5929
			    -0.8263    -0.5421    -0.1526
			    -0.4312    0.4347    0.7907
			    0.3623    -0.7191    0.5929
		b:
			    164.0653
			    -187.8740
			    -257.5343
			    -73.8722
			    15.4606
			    -82.2277
			    343.2780
			    -86.0098
			    56.0091
			    -327.2780
			    92.0098
			    -47.0091
	==================================================================================
	Q2:
		Shape: Hybrid
		q_c:    204.5000    261.5000    107.0000
		ub :    217.7051    272.1319    116.4905
		lb :    191.2949    250.8681    97.5095
		P^-1: 
			    0.0171    0.0145    0.0274
			    0.0145    0.0554    0.0634
			    0.0274    0.0634    0.1123
		A:
			    -0.3544    -0.1366    -0.9251
			    -0.0476    0.7923    0.6083
			    0.6912    -0.0243    -0.7223
			    0.0977    -0.1279    -0.9870
			    -0.7436    -0.5553    -0.3723
			    0.3205    0.3586    0.8768
		b:
			    -204.3801
			    265.3482
			    65.8483
			    -114.7845
			    -331.2613
			    254.8353
	==================================================================================
	Q3:
		Shape: Ellipse
		q_c:    214.0000    265.5000    88.0000
		ub :    229.0632    280.6880    98.5408
		lb :    198.9368    250.3120    77.4592
		P^-1: 
			    0.0146    0.0064    -0.0038
			    0.0064    0.0135    -0.0047
			    -0.0038    -0.0047    0.0229
	==================================================================================
	Q4:
		Shape: Hybrid
		q_c:    225.0000    269.5000    113.5000
		ub :    235.7435    280.1126    119.2680
		lb :    214.2565    258.8874    107.7320
		P^-1: 
			    0.0224    0.0138    -0.0279
			    0.0138    0.0493    -0.0787
			    -0.0279    -0.0787    0.2142
		A:
			    0.1134    0.0430    -0.9926
			    -0.6215    -0.0676    -0.7805
			    -0.0283    0.1067    -0.9939
			    0.1857    0.8178    -0.5448
			    0.4499    -0.6922    0.5643
			    0.1070    -0.6436    0.7578
		b:
			    -73.4434
			    -241.8919
			    -88.4755
			    203.8114
			    -16.5157
			    -60.7305
	==================================================================================
	Q5:
		Shape: Polyhedra
		q_c:    191.0000    286.0000    87.0000
		ub :    201.7580    296.4461    96.2002
		lb :    180.2420    275.5539    77.7998
		A:
			    0.4953    -0.8637    0.0933
			    -0.4389    -0.2019    -0.8755
			    0.9625    0.2626    0.0683
			    0.9760    -0.0400    0.2140
			    0.1626    0.9102    -0.3808
			    0.6040    -0.5651    -0.5619
			    0.5121    0.8166    0.2662
			    0.8385    -0.5425    0.0512
			    0.1862    0.1970    -0.9626
			    -0.5121    -0.8166    -0.2662
			    -0.8385    0.5425    -0.0512
			    -0.1862    -0.1970    0.9626
		b:
			    -137.0333
			    -210.7973
			    271.6289
			    200.7248
			    265.0114
			    -87.7801
			    360.5283
			    16.9367
			    15.6629
			    -348.5283
			    -1.9367
			    -0.6629
	==================================================================================
	Q6:
		Shape: Polyhedra
		q_c:    204.0000    274.5000    106.5000
		ub :    213.7729    282.8161    111.5362
		lb :    194.2271    266.1839    101.4638
		A:
			    0.0940    -0.3697    -0.9244
			    -0.3257    -0.0628    -0.9434
			    0.5942    0.0746    -0.8009
			    -0.0056    -0.8408    -0.5413
			    -0.4332    0.3843    0.8153
			    0.4900    0.2558    0.8334
			    0.1046    0.3655    0.9249
			    -0.9901    0.1254    0.0624
			    -0.0932    -0.9223    0.3750
			    -0.1046    -0.3655    -0.9249
			    0.9901    -0.1254    -0.0624
			    0.0932    0.9223    -0.3750
		b:
			    -178.1080
			    -180.6523
			    62.9181
			    -285.1118
			    109.0001
			    262.9765
			    222.1588
			    -151.9133
			    -225.2617
			    -218.1588
			    169.9133
			    239.2617


===========================================================================================
===========================================================================================
S2:
	q_c:    315.0000    292.0000    447.0000
	ub :    323.0000    310.0000    466.0000
	lb :    307.0000    274.0000    428.0000

	==================================================================================
	Q1:
		Shape: Ellipse
		q_c:    313.0000    296.0000    443.5000
		ub :    316.6902    299.2644    446.4427
		lb :    309.3098    292.7356    440.5573
		P^-1: 
			    0.1247    -0.0406    0.0040
			    -0.0406    0.2330    -0.0171
			    0.0040    -0.0171    0.1635
	==================================================================================
	Q2:
		Shape: Hybrid
		q_c:    318.0000    295.5000    447.0000
		ub :    320.3186    297.5657    449.5027
		lb :    315.6814    293.4343    444.4973
		P^-1: 
			    0.8130    -1.0734    0.8013
			    -1.0734    2.2966    -1.5277
			    0.8013    -1.5277    1.3904
		A:
			    -0.6956    0.7029    -0.1481
			    0.3104    -0.6631    0.6811
			    0.5741    -0.5987    0.5586
			    0.5406    -0.5570    0.6304
			    0.1007    -0.9907    0.0916
			    -0.1649    0.8532    -0.4949
		b:
			    -78.8760
			    207.5890
			    255.7758
			    289.5787
			    -218.8575
			    -21.0931
	==================================================================================
	Q3:
		Shape: Hybrid
		q_c:    323.5000    295.5000    448.5000
		ub :    327.2547    299.5013    451.3835
		lb :    319.7453    291.4987    445.6165
		P^-1: 
			    0.3136    0.1665    -0.0513
			    0.1665    0.2326    0.0652
			    -0.0513    0.0652    0.4243
		A:
			    -0.4600    -0.5211    -0.7190
			    -0.8635    -0.4695    0.1844
			    -0.5587    0.3912    0.7313
			    -0.7845    -0.1652    0.5977
			    0.3176    0.7691    -0.5546
			    0.3436    0.0755    -0.9361
		b:
			    -624.4757
			    -334.5419
			    264.1687
			    -33.6458
			    82.7606
			    -285.6044
	==================================================================================
	Q4:
		Shape: Hybrid
		q_c:    313.5000    290.0000    451.5000
		ub :    317.0110    293.9070    454.9179
		lb :    309.9890    286.0930    448.0821
		P^-1: 
			    0.2714    -0.1799    -0.0217
			    -0.1799    0.2527    0.0169
			    -0.0217    0.0169    0.1131
		A:
			    -0.4967    0.7311    0.4678
			    -0.4185    0.6793    0.6029
			    0.7435    -0.6683    -0.0252
			    0.4924    0.7337    0.4682
			    0.1281    -0.6001    0.7896
			    -0.7487    0.6464    0.1473
		b:
			    268.6732
			    339.4172
			    28.6598
			    581.1612
			    224.6731
			    19.9897
	==================================================================================
	Q5:
		Shape: Polyhedra
		q_c:    317.0000    293.5000    442.5000
		ub :    319.9997    296.6622    446.5857
		lb :    314.0003    290.3378    438.4143
		A:
			    0.1805    0.8386    -0.5140
			    -0.8585    -0.4928    0.1418
			    0.6146    0.7242    0.3128
			    0.4140    0.8284    -0.3773
			    0.6604    -0.6952    -0.2838
			    -0.5565    -0.7444    -0.3689
			    0.1778    0.9569    0.2297
			    0.9826    -0.1599    -0.0944
			    -0.0536    0.2425    -0.9687
			    -0.1778    -0.9569    -0.2297
			    -0.9826    0.1599    0.0944
			    0.0536    -0.2425    0.9687
		b:
			    78.7052
			    -351.6379
			    547.9410
			    210.0103
			    -117.9939
			    -555.9761
			    440.8424
			    225.2764
			    -370.9670
			    -436.8424
			    -220.2764
			    377.9670
	==================================================================================
	Q6:
		Shape: Hybrid
		q_c:    319.0000    297.5000    444.0000
		ub :    322.7456    300.5098    447.6158
		lb :    315.2544    294.4902    440.3842
		P^-1: 
			    0.2186    -0.0051    0.0426
			    -0.0051    0.2492    0.0069
			    0.0426    0.0069    0.1923
		A:
			    0.6242    0.4322    0.6508
			    0.1964    -0.7214    -0.6641
			    -0.9816    0.0648    0.1795
			    0.4547    -0.1483    0.8782
			    -0.2499    0.9287    0.2741
			    -0.4928    0.4658    -0.7349
		b:
			    617.6740
			    -445.6293
			    -212.9070
			    491.9601
			    319.3219
			    -343.8926


===========================================================================================
===========================================================================================
S3:
	q_c:    403.5000    494.0000    318.0000
	ub :    428.0000    518.0000    348.0000
	lb :    379.0000    470.0000    288.0000

	==================================================================================
	Q1:
		Shape: Polyhedra
		q_c:    406.5000    463.0000    298.0000
		ub :    424.0166    474.4372    316.0675
		lb :    388.9834    451.5628    279.9325
		A:
			    -0.1848    -0.5965    0.7810
			    -0.2786    -0.5093    0.8143
			    -0.9890    -0.1466    0.0210
			    -0.6159    -0.5466    0.5674
			    0.4902    0.0534    -0.8700
			    -0.5623    0.8268    -0.0152
			    0.5196    0.0167    0.8542
			    -0.2210    0.9684    0.1155
			    -0.8253    -0.2488    0.5069
			    -0.5196    -0.0167    -0.8542
			    0.2210    -0.9684    -0.1155
			    0.8253    0.2488    -0.5069
		b:
			    -107.3196
			    -95.1594
			    -452.5405
			    -324.3030
			    -24.1694
			    159.3274
			    487.5183
			    401.9693
			    -289.6177
			    -459.5183
			    -383.9693
			    309.6177
	==================================================================================
	Q2:
		Shape: Polyhedra
		q_c:    378.5000    491.5000    326.5000
		ub :    399.0208    512.7025    346.3690
		lb :    357.9792    470.2975    306.6310
		A:
			    -0.6254    0.3173    -0.7129
			    -0.9044    -0.0320    -0.4256
			    -0.1336    -0.5823    -0.8019
			    -0.3991    -0.4953    0.7716
			    0.1301    -0.3777    0.9168
			    0.9728    0.0073    -0.2313
			    0.3620    0.6328    0.6845
			    -0.6575    0.6939    -0.2937
			    -0.6608    -0.3438    0.6672
			    -0.3620    -0.6328    -0.6845
			    0.6575    -0.6939    0.2937
			    0.6608    0.3438    -0.6672
		b:
			    -300.1981
			    -483.9832
			    -585.7380
			    -131.7294
			    175.1290
			    307.9350
			    684.5170
			    9.7860
			    -190.7159
			    -658.5170
			    17.2140
			    211.7159
	==================================================================================
	Q3:
		Shape: Polyhedra
		q_c:    407.5000    480.5000    330.0000
		ub :    418.1506    490.8472    339.2112
		lb :    396.8494    470.1528    320.7888
		A:
			    0.8705    -0.4906    -0.0392
			    -0.6472    0.7536    0.1149
			    -0.8201    0.4113    -0.3977
			    0.6829    -0.6377    0.3564
			    -0.7501    0.6353    0.1837
			    0.8386    -0.3757    0.3944
			    0.6634    0.7436    0.0831
			    0.7229    -0.6656    0.1854
			    0.1932    -0.0629    -0.9791
			    -0.6634    -0.7436    -0.0831
			    -0.7229    0.6656    -0.1854
			    -0.1932    0.0629    0.9791
		b:
			    109.8439
			    139.9517
			    -263.6702
			    92.3111
			    63.9576
			    295.7683
			    666.0861
			    38.4224
			    -266.6057
			    -644.0861
			    -33.4224
			    282.6057
	==================================================================================
	Q4:
		Shape: Ellipse
		q_c:    418.0000    479.5000    316.5000
		ub :    428.7244    489.0240    323.9576
		lb :    407.2756    469.9760    309.0424
		P^-1: 
			    0.0651    0.0644    -0.0179
			    0.0644    0.0892    -0.0378
			    -0.0179    -0.0378    0.0641
	==================================================================================
	Q5:
		Shape: Hybrid
		q_c:    380.5000    524.0000    322.5000
		ub :    392.6643    539.7054    337.5127
		lb :    368.3357    508.2946    307.4873
		P^-1: 
			    0.0184    0.0038    0.0067
			    0.0038    0.0125    0.0066
			    0.0067    0.0066    0.0167
		A:
			    -0.8712    -0.4898    -0.0323
			    0.4424    -0.1345    -0.8867
			    0.6541    0.2082    0.7272
			    0.1890    -0.9078    0.3744
			    -0.6459    0.7359    -0.2033
			    0.2291    -0.2269    -0.9466
		b:
			    -593.5513
			    -181.6385
			    595.9200
			    -274.9872
			    81.1534
			    -331.1503
	==================================================================================
	Q6:
		Shape: Ellipse
		q_c:    382.0000    483.5000    298.0000
		ub :    393.6378    495.2043    309.1799
		lb :    370.3622    471.7957    286.8201
		P^-1: 
			    0.0252    0.0025    -0.0092
			    0.0025    0.0129    -0.0015
			    -0.0092    -0.0015    0.0212


===========================================================================================
===========================================================================================
S4:
	q_c:    239.0000    464.0000    344.0000
	ub :    252.0000    486.0000    363.0000
	lb :    226.0000    442.0000    325.0000

	==================================================================================
	Q1:
		Shape: Ellipse
		q_c:    239.0000    453.5000    351.5000
		ub :    245.1123    460.6369    359.2286
		lb :    232.8877    446.3631    343.7714
		P^-1: 
			    0.0401    -0.0014    -0.0005
			    -0.0014    0.0397    0.0079
			    -0.0005    0.0079    0.0426
	==================================================================================
	Q2:
		Shape: Ellipse
		q_c:    230.0000    466.5000    332.0000
		ub :    236.1979    472.7359    338.2687
		lb :    223.8021    460.2641    325.7313
		P^-1: 
			    0.0424    -0.0037    -0.0060
			    -0.0037    0.0693    -0.0105
			    -0.0060    -0.0105    0.0725
	==================================================================================
	Q3:
		Shape: Ellipse
		q_c:    248.0000    471.5000    339.5000
		ub :    258.2053    481.2257    347.4625
		lb :    237.7947    461.7743    331.5375
		P^-1: 
			    0.0269    0.0024    -0.0020
			    0.0024    0.0255    -0.0007
			    -0.0020    -0.0007    0.0321
	==================================================================================
	Q4:
		Shape: Ellipse
		q_c:    231.5000    459.0000    351.5000
		ub :    239.3555    468.0699    359.2721
		lb :    223.6445    449.9301    343.7279
		P^-1: 
			    0.0734    0.0320    -0.0545
			    0.0320    0.0492    -0.0402
			    -0.0545    -0.0402    0.0888
	==================================================================================
	Q5:
		Shape: Ellipse
		q_c:    228.0000    473.5000    350.5000
		ub :    233.1435    481.0816    357.8858
		lb :    222.8565    465.9184    343.1142
		P^-1: 
			    0.0814    -0.0027    -0.0019
			    -0.0027    0.0454    -0.0251
			    -0.0019    -0.0251    0.0643
	==================================================================================
	Q6:
		Shape: Ellipse
		q_c:    226.0000    466.0000    337.0000
		ub :    235.5359    473.3992    346.3142
		lb :    216.4641    458.6008    327.6858
		P^-1: 
			    0.0898    -0.0971    0.0501
			    -0.0971    0.1576    -0.0473
			    0.0501    -0.0473    0.0550


===========================================================================================
===========================================================================================
S5:
	q_c:    365.5000    299.0000    227.5000
	ub :    382.0000    313.0000    237.0000
	lb :    349.0000    285.0000    218.0000

	==================================================================================
	Q1:
		Shape: Polyhedra
		q_c:    361.5000    296.0000    225.0000
		ub :    365.5907    300.9408    228.8514
		lb :    357.4093    291.0592    221.1486
		A:
			    0.4193    -0.0152    -0.9077
			    -0.9699    -0.1417    0.1982
			    -0.7793    -0.0143    -0.6265
			    0.4425    0.1913    0.8761
			    -0.1250    0.3349    -0.9339
			    -0.7463    -0.4024    -0.5302
			    0.4107    0.1857    0.8926
			    -0.2738    -0.9087    0.3150
			    0.8697    -0.3738    -0.3224
			    -0.4107    -0.1857    -0.8926
			    0.2738    0.9087    -0.3150
			    -0.8697    0.3738    0.3224
		b:
			    -54.5799
			    -345.1155
			    -424.7754
			    415.7094
			    -153.3723
			    -505.7041
			    406.2945
			    -293.0688
			    133.7225
			    -402.2945
			    301.0688
			    -128.7225
	==================================================================================
	Q2:
		Shape: Polyhedra
		q_c:    356.0000    297.0000    228.0000
		ub :    361.2854    302.7132    234.1652
		lb :    350.7146    291.2868    221.8348
		A:
			    -0.2847    0.2496    0.9256
			    -0.4381    0.8205    0.3672
			    0.6694    0.6312    -0.3918
			    -0.6456    0.1436    0.7500
			    0.5579    -0.0732    -0.8267
			    -0.5592    -0.6228    0.5472
			    0.4314    0.5393    0.7232
			    -0.8627    0.0122    0.5055
			    0.2638    -0.8420    0.4705
			    -0.4314    -0.5393    -0.7232
			    0.8627    -0.0122    -0.5055
			    -0.2638    0.8420    -0.4705
		b:
			    187.0680
			    175.2553
			    339.9987
			    -13.1209
			    -8.4824
			    -255.5633
			    482.1460
			    -185.2514
			    -44.3720
			    -475.1460
			    191.2514
			    53.3720
	==================================================================================
	Q3:
		Shape: Hybrid
		q_c:    364.5000    297.0000    220.5000
		ub :    369.6413    303.8692    227.3261
		lb :    359.3587    290.1308    213.6739
		P^-1: 
			    0.0994    -0.0210    -0.0198
			    -0.0210    0.0732    -0.0358
			    -0.0198    -0.0358    0.0774
		A:
			    0.3108    0.1101    -0.9441
			    0.5116    -0.1726    0.8417
			    0.5870    -0.8069    0.0663
			    0.0300    -0.1782    0.9835
			    0.4451    0.1822    -0.8767
			    -0.2976    -0.8777    0.3755
		b:
			    -59.9960
			    323.6553
			    -9.2303
			    177.4276
			    24.8518
			    -284.0203
	==================================================================================
	Q4:
		Shape: Polyhedra
		q_c:    358.5000    292.0000    232.0000
		ub :    363.9075    298.0685    238.6777
		lb :    353.0925    285.9315    225.3223
		A:
			    -0.2809    0.3170    -0.9059
			    -0.2894    0.9353    -0.2034
			    0.9821    0.1603    0.0994
			    -0.6546    0.3994    0.6419
			    0.2860    0.8064    0.5176
			    0.5066    0.0934    0.8571
			    0.1585    0.8546    0.4945
			    0.8578    0.1288    -0.4976
			    -0.4889    0.5030    -0.7127
			    -0.1585    -0.8546    -0.4945
			    -0.8578    -0.1288    0.4976
			    0.4889    -0.5030    0.7127
		b:
			    -213.9214
			    126.4718
			    425.4369
			    34.2305
			    462.0743
			    412.0663
			    425.0781
			    232.7071
			    -189.2475
			    -417.0781
			    -226.7071
			    198.2475
	==================================================================================
	Q5:
		Shape: Ellipse
		q_c:    369.5000    304.0000    222.5000
		ub :    374.7974    308.1105    227.0076
		lb :    364.2026    299.8895    217.9924
		P^-1: 
			    0.0700    -0.0109    -0.0137
			    -0.0109    0.1082    -0.0036
			    -0.0137    -0.0036    0.1065
	==================================================================================
	Q6:
		Shape: Ellipse
		q_c:    371.5000    308.5000    221.5000
		ub :    376.1668    312.0650    225.5171
		lb :    366.8332    304.9350    217.4829
		P^-1: 
			    0.0659    -0.0031    0.0177
			    -0.0031    0.3053    -0.1653
			    0.0177    -0.1653    0.2468


===========================================================================================
===========================================================================================
