3D_40_9_6_a                l = 3

===========================================================================================
===========================================================================================
S1:
	q_c:	396.5	289.0	126.5
	ub :	414.4112	311.9436	149.4915
	lb :	378.4971	262.1415	109.2961

	==================================================================================
	Q1:
		Shape: Ellipse
		q_c:	395.0	298.5	140.5
		ub :	405.2263	308.8711	148.726
		lb :	384.7737	288.1289	132.274
		P^-1:
			0.0273	-0.0042	0.0053
			-0.0042	0.0287	-0.0062
			0.0053	-0.0062	0.0314
	==================================================================================
	Q2:
		Shape: Hybrid
		q_c:	389.5	301.5	133.5
		ub :	400.3835	311.9436	144.8592
		lb :	378.6165	291.0564	122.1408
		P^-1:
			0.0217	0.0003	0.008
			0.0003	0.01	0.0002
			0.008	0.0002	0.0172
		A:
			0.9018	-0.2251	-0.3688
			0.8816	0.1508	0.4473
			0.8778	-0.4536	0.1543
			0.8277	0.2784	0.4873
			-0.7948	-0.1737	-0.5815
			0.0074	-0.8597	0.5108
		b:
			239.9913
			451.7944
			230.4347
			474.7835
			-436.4433
			-181.5072
	==================================================================================
	Q3:
		Shape: Ellipse
		q_c:	403.5	274.5	137.0
		ub :	414.4112	282.9164	149.4645
		lb :	392.5888	266.0836	124.5355
		P^-1:
			0.032	0.0067	0.0088
			0.0067	0.0283	0.003
			0.0088	0.003	0.0124
	==================================================================================
	Q4:
		Shape: Polyhedra
		q_c:	390.5	278.5	117.0
		ub :	398.7524	286.695	124.7039
		lb :	382.2476	270.305	109.2961
		A:
			0.3613	-0.9008	-0.241
			-0.7021	-0.6335	0.3251
			0.3769	-0.1527	0.9136
			0.3139	0.9274	-0.2034
			-0.6672	0.2094	-0.7148
			0.3812	-0.4591	0.8025
			0.7954	0.5889	0.143
			0.4376	-0.7214	0.5368
			0.4193	-0.3644	-0.8315
			-0.7954	-0.5889	-0.143
			-0.4376	0.7214	-0.5368
			-0.4193	0.3644	0.8315
		b:
			-132.9415
			-407.5622
			216.4071
			361.8811
			-281.1645
			119.5036
			496.3654
			37.2719
			-29.5359
			-486.3654
			-28.2719
			40.5359
	==================================================================================
	Q5:
		Shape: Hybrid
		q_c:	389.5	274.5	136.5
		ub :	398.5929	286.8585	149.4915
		lb :	380.4071	262.1415	123.5085
		P^-1:
			0.0321	-0.0104	-0.0047
			-0.0104	0.0216	0.0048
			-0.0047	0.0048	0.011
		A:
			-0.8544	0.4706	0.2202
			-0.477	0.8749	-0.0844
			0.9026	-0.2733	0.3325
			0.9007	0.4331	0.0327
			0.4034	-0.2278	-0.8862
			-0.2377	-0.7291	-0.6418
		b:
			-171.0508
			46.9825
			326.3301
			479.0609
			-20.3289
			-374.672
	==================================================================================
	Q6:
		Shape: Polyhedra
		q_c:	386.5	286.5	132.0
		ub :	394.5029	295.7631	140.1015
		lb :	378.4971	277.2369	123.8985
		A:
			-0.2121	0.2191	0.9524
			0.4714	0.4878	-0.7347
			-0.8014	-0.3061	0.5139
			-0.3907	-0.2585	0.8835
			0.3804	-0.3805	-0.8429
			0.6781	-0.6745	-0.292
			0.9016	0.3877	0.1917
			0.0937	-0.6079	0.7885
			0.4222	-0.6929	-0.5844
			-0.9016	-0.3877	-0.1917
			-0.0937	0.6079	-0.7885
			-0.4222	0.6929	0.5844
		b:
			112.8531
			229.3163
			-324.3703
			-103.5213
			-66.2634
			37.4152
			489.8613
			-30.3605
			-104.979
			-479.8613
			37.3605
			119.979


===========================================================================================
===========================================================================================
S2:
	q_c:	216.5	44.0	411.5
	ub :	230.4175	56.1072	430.3522
	lb :	206.7806	31.9125	415.6892

	==================================================================================
	Q1:
		Shape: Ellipse
		q_c:	212.5	43.5	425.0
		ub :	218.2194	49.4997	429.4834
		lb :	206.7806	37.5003	420.5166
		P^-1:
			0.1408	0.0723	-0.1481
			0.0723	0.1099	-0.11
			-0.1481	-0.11	0.3056
	==================================================================================
	Q2:
		Shape: Ellipse
		q_c:	217.5	35.5	425.5
		ub :	221.6975	39.0875	428.4135
		lb :	213.3025	31.9125	422.5865
		P^-1:
			0.2918	0.3073	0.0243
			0.3073	0.6145	0.3064
			0.0243	0.3064	0.6006
	==================================================================================
	Q3:
		Shape: Ellipse
		q_c:	226.5	42.5	421.0
		ub :	230.4175	46.9915	425.5478
		lb :	222.5825	38.0085	416.4522
		P^-1:
			0.1365	-0.017	-0.0176
			-0.017	0.1478	-0.0127
			-0.0176	-0.0127	0.1469
	==================================================================================
	Q4:
		Shape: Hybrid
		q_c:	216.0	42.0	423.5
		ub :	221.8059	48.2733	430.3522
		lb :	210.1941	35.7267	416.6478
		P^-1:
			0.0961	0.0431	0.0214
			0.0431	0.0963	0.039
			0.0214	0.039	0.0701
		A:
			-0.8329	-0.5528	0.0266
			0.7692	-0.25	-0.5881
			0.745	0.3677	0.5566
			-0.2604	-0.6906	0.6748
			-0.8669	-0.4916	-0.0818
			-0.7764	-0.2873	0.5609
		b:
			-190.0964
			-90.6504
			413.7366
			203.9172
			-240.9013
			60.4901
	==================================================================================
	Q5:
		Shape: Polyhedra
		q_c:	226.0	53.0	424.5
		ub :	230.295	56.1072	428.634
		lb :	221.705	49.8928	420.366
		A:
			0.9594	-0.02	0.2814
			-0.2302	0.3199	0.9191
			-0.4515	-0.8613	0.2331
			-0.0766	0.9454	-0.3168
			-0.9189	-0.133	-0.3713
			0.096	-0.8396	0.5346
			0.6984	0.1132	0.7067
			-0.6501	-0.3127	0.6926
			0.2994	-0.9431	-0.1448
			-0.6984	-0.1132	-0.7067
			0.6501	0.3127	-0.6926
			-0.2994	0.9431	0.1448
		b:
			337.7909
			357.7187
			-46.1572
			-99.4144
			-369.7707
			206.5749
			466.327
			133.5014
			-41.8077
			-461.327
			-127.5014
			45.8077
	==================================================================================
	Q6:
		Shape: Hybrid
		q_c:	217.5	39.5	422.0
		ub :	219.7427	45.6786	428.3108
		lb :	215.2573	33.3214	415.6892
		P^-1:
			3.6873	-0.0736	-1.0653
			-0.0736	0.0492	0.0178
			-1.0653	0.0178	0.3529
		A:
			0.8823	0.0481	-0.4682
			0.9182	-0.1216	-0.3771
			-0.7196	0.6287	-0.2948
			0.9439	-0.1022	-0.314
			-0.9687	-0.009	0.2481
			0.9476	-0.1315	-0.2913
		b:
			-2.9149
			36.3936
			-252.748
			69.1889
			-106.0379
			78.4428


===========================================================================================
===========================================================================================
S3:
	q_c:	234.5	445.5	333.5
	ub :	245.7974	456.2328	343.3598
	lb :	227.8452	440.6821	324.805

	==================================================================================
	Q1:
		Shape: Hybrid
		q_c:	236.5	448.0	336.0
		ub :	240.4611	452.3535	341.0939
		lb :	232.5389	443.6465	330.9061
		P^-1:
			0.1479	0.0078	-0.0269
			0.0078	0.1061	0.0089
			-0.0269	0.0089	0.0987
		A:
			-0.2381	0.747	0.6207
			-0.5133	-0.7326	0.4469
			-0.3023	-0.5382	0.7868
			0.9425	-0.3145	-0.1129
			0.7808	-0.6239	0.0336
			0.9435	0.0804	-0.3215
		b:
			488.5808
			-297.8027
			-46.3591
			45.5156
			-81.8096
			152.3603
	==================================================================================
	Q2:
		Shape: Polyhedra
		q_c:	239.5	444.0	335.5
		ub :	242.9935	447.3179	338.6074
		lb :	236.0065	440.6821	332.3926
		A:
			0.4513	-0.8086	-0.3774
			0.0446	0.9941	0.0989
			0.2057	0.8806	-0.4268
			0.9926	0.0631	-0.104
			-0.2134	-0.6059	0.7664
			0.088	-0.9847	0.1507
			0.9521	0.2952	0.0803
			-0.0103	-0.2314	0.9728
			0.3057	-0.927	-0.2172
			-0.9521	-0.2952	-0.0803
			0.0103	0.2314	-0.9728
			-0.3057	0.927	0.2172
		b:
			-375.5271
			487.4017
			299.458
			233.7928
			-60.4858
			-363.4487
			389.0123
			223.6802
			-409.2546
			-383.0123
			-218.6802
			413.2546
	==================================================================================
	Q3:
		Shape: Ellipse
		q_c:	234.0	446.0	329.5
		ub :	237.5349	450.619	334.195
		lb :	230.4651	441.381	324.805
		P^-1:
			0.1134	0.0078	0.0067
			0.0078	0.1212	0.038
			0.0067	0.038	0.1181
	==================================================================================
	Q4:
		Shape: Polyhedra
		q_c:	241.5	452.5	339.0
		ub :	245.7974	456.2328	343.3598
		lb :	237.2026	448.7672	334.6402
		A:
			0.4594	-0.8591	-0.2255
			-0.4428	-0.7042	0.555
			-0.9105	-0.3647	0.1949
			-0.6569	-0.7315	-0.1827
			-0.7417	-0.6387	-0.205
			0.3953	0.9186	0.0007
			0.5738	0.7296	0.3721
			-0.7105	0.2176	0.6692
			0.4073	-0.6483	0.6433
			-0.5738	-0.7296	-0.3721
			0.7105	-0.2176	-0.6692
			-0.4073	0.6483	-0.6433
		b:
			-351.6046
			-234.9435
			-316.2922
			-549.5354
			-535.519
			513.4687
			596.848
			156.7002
			25.5576
			-592.848
			-150.7002
			-20.5576
	==================================================================================
	Q5:
		Shape: Polyhedra
		q_c:	229.5	447.5	332.0
		ub :	231.1548	449.8141	334.1514
		lb :	227.8452	445.1859	329.8486
		A:
			-0.4532	-0.0518	-0.8899
			0.1436	-0.6569	-0.7402
			0.7609	0.5295	0.375
			-0.6833	0.1639	-0.7115
			-0.1234	0.8307	0.5429
			-0.9299	0.0337	-0.3664
			0.8716	0.1161	0.4763
			0.0244	-0.9806	0.1944
			0.4896	-0.1579	-0.8575
			-0.8716	-0.1161	-0.4763
			-0.0244	0.9806	-0.1944
			-0.4896	0.1579	0.8575
		b:
			-421.4381
			-505.1197
			537.3312
			-318.5272
			525.4037
			-318.9268
			411.1083
			-366.688
			-241.4626
			-409.1083
			370.688
			244.4626
	==================================================================================
	Q6:
		Shape: Polyhedra
		q_c:	239.5	449.0	333.5
		ub :	243.904	453.85	337.5045
		lb :	235.096	444.15	329.4955
		A:
			0.329	0.2662	-0.906
			0.2539	-0.1933	-0.9477
			-0.3136	0.4851	0.8163
			0.7354	-0.4102	-0.5394
			0.35	0.8492	-0.3953
			-0.2544	-0.9264	0.2775
			0.4724	0.7262	0.4994
			-0.1531	-0.4904	0.8579
			0.868	-0.4818	-0.1205
			-0.4724	-0.7262	-0.4994
			0.1531	0.4904	-0.8579
			-0.868	0.4818	0.1205
		b:
			-101.3025
			-339.3141
			417.8072
			-185.0321
			335.969
			-381.611
			608.7741
			31.7706
			-45.6261
			-602.7741
			-26.7706
			51.6261


===========================================================================================
===========================================================================================
S4:
	q_c:	126.5	491.0	238.0
	ub :	144.8161	512.1319	257.845
	lb :	109.4427	474.3989	224.1416

	==================================================================================
	Q1:
		Shape: Ellipse
		q_c:	124.5	484.0	231.5
		ub :	133.0559	493.6011	238.8584
		lb :	115.9441	474.3989	224.1416
		P^-1:
			0.0419	0.0143	-0.0292
			0.0143	0.0237	-0.0254
			-0.0292	-0.0254	0.0871
	==================================================================================
	Q2:
		Shape: Ellipse
		q_c:	136.5	505.0	249.0
		ub :	144.8161	509.2685	252.145
		lb :	128.1839	500.7315	245.855
		P^-1:
			0.0312	0.0542	0.0217
			0.0542	0.2366	-0.0054
			0.0217	-0.0054	0.2478
	==================================================================================
	Q3:
		Shape: Hybrid
		q_c:	123.0	505.5	250.0
		ub :	131.2727	512.1319	257.845
		lb :	114.7273	498.8681	242.155
		P^-1:
			0.0405	0.0034	0.0037
			0.0034	0.047	0.0023
			0.0037	0.0023	0.0349
		A:
			-0.4991	-0.8476	0.1801
			-0.7173	0.4814	0.5037
			0.4962	0.4072	0.7668
			-0.9418	-0.3319	0.053
			0.6365	-0.6027	0.4812
			0.4478	-0.5559	0.7003
		b:
			-442.3714
			284.0671
			461.1549
			-267.7602
			-103.2913
			-47.9619
	==================================================================================
	Q4:
		Shape: Hybrid
		q_c:	122.5	495.5	242.5
		ub :	128.6171	503.1712	249.4191
		lb :	116.3829	487.8288	235.5809
		P^-1:
			0.2898	0.0414	-0.1963
			0.0414	0.0391	-0.0337
			-0.1963	-0.0337	0.1764
		A:
			-0.7428	-0.428	0.5149
			-0.1725	-0.8188	0.5475
			-0.9035	-0.0706	0.4228
			-0.6141	-0.2348	0.7535
			0.9004	-0.0644	-0.4304
			0.6428	0.2419	-0.7268
		b:
			-176.6655
			-290.2359
			-41.963
			-7.5153
			-24.6346
			23.5355
	==================================================================================
	Q5:
		Shape: Polyhedra
		q_c:	119.0	491.0	234.5
		ub :	126.7901	500.7964	244.6726
		lb :	111.2099	481.2036	224.3274
		A:
			-0.9044	-0.1355	-0.4046
			0.9498	-0.3081	0.054
			-0.9788	-0.0014	-0.2047
			0.4584	0.8363	0.3009
			0.197	-0.8983	0.3928
			-0.8652	0.2703	-0.4224
			0.1668	0.7479	0.6425
			0.5483	0.4712	-0.6909
			-0.8195	0.4675	-0.3315
			-0.1668	-0.7479	-0.6425
			-0.5483	-0.4712	0.6909
			0.8195	-0.4675	0.3315
		b:
			-264.2223
			-21.5295
			-160.6334
			542.2951
			-320.0603
			-65.589
			544.2461
			141.5955
			57.7716
			-531.2461
			-127.5955
			-50.7716
	==================================================================================
	Q6:
		Shape: Polyhedra
		q_c:	116.5	498.0	235.0
		ub :	123.5573	503.9917	242.1828
		lb :	109.4427	492.0083	227.8172
		A:
			-0.6676	-0.1313	-0.7328
			-0.029	0.6429	-0.7654
			0.451	-0.3053	0.8387
			-0.3924	0.9173	0.0682
			-0.3109	-0.741	-0.5952
			-0.9524	0.1736	0.2504
			0.7948	0.4632	0.3922
			0.3482	-0.8773	0.3304
			0.4971	-0.126	-0.8585
			-0.7948	-0.4632	-0.3922
			-0.3482	0.8773	-0.3304
			-0.4971	0.126	0.8585
		b:
			-311.2669
			141.2266
			101.8364
			431.2629
			-540.8958
			38.8821
			419.4095
			-314.6827
			-201.5854
			-411.4095
			322.6827
			211.5854


===========================================================================================
===========================================================================================
S5:
	q_c:	203.0	416.0	508.0
	ub :	225.5958	440.8423	529.9858
	lb :	184.7677	394.6574	476.6228

	==================================================================================
	Q1:
		Shape: Polyhedra
		q_c:	202.5	427.5	503.5
		ub :	213.8524	440.8311	516.4361
		lb :	191.1476	414.1689	490.5639
		A:
			0.7374	-0.6657	-0.114
			-0.3631	-0.7823	0.5061
			-0.0619	0.9811	0.1832
			-0.6568	0.4917	-0.5716
			0.3288	0.926	0.1856
			-0.9611	0.0217	0.2755
			0.8325	0.4346	0.3437
			0.0843	-0.7125	0.6966
			0.5476	-0.5509	-0.6298
			-0.8325	-0.4346	-0.3437
			-0.0843	0.7125	-0.6966
			-0.5476	0.5509	0.6298
		b:
			-185.5276
			-144.6632
			506.7733
			-202.2407
			564.0471
			-39.1081
			535.9221
			71.7417
			-435.2025
			-518.9221
			-54.7417
			448.2025
	==================================================================================
	Q2:
		Shape: Ellipse
		q_c:	212.5	421.5	497.5
		ub :	224.6653	428.8475	508.8768
		lb :	200.3347	414.1525	486.1232
		P^-1:
			0.027	0.0185	0.0215
			0.0185	0.0606	0.0161
			0.0215	0.0161	0.0362
	==================================================================================
	Q3:
		Shape: Polyhedra
		q_c:	193.0	410.5	522.0
		ub :	201.2323	418.4575	529.9858
		lb :	184.7677	402.5425	514.0142
		A:
			0.5119	-0.3488	-0.7851
			0.6952	-0.4022	-0.5957
			0.4298	0.2504	-0.8675
			0.2434	-0.9684	0.0536
			-0.0413	0.9794	0.1978
			-0.3566	0.9266	0.1191
			0.6414	0.4138	0.6461
			-0.7048	0.6504	0.2831
			-0.3031	-0.637	0.7088
			-0.6414	-0.4138	-0.6461
			0.7048	-0.6504	-0.2831
			0.3031	0.637	-0.7088
		b:
			-449.626
			-337.4585
			-262.9456
			-318.1934
			502.1422
			378.2314
			636.8968
			283.264
			54.0304
			-624.8968
			-274.264
			-46.0304
	==================================================================================
	Q4:
		Shape: Ellipse
		q_c:	205.5	429.0	510.5
		ub :	218.5978	440.8423	515.7571
		lb :	192.4022	417.1577	505.2429
		P^-1:
			0.01	0.0018	-0.0043
			0.0018	0.0134	-0.0022
			-0.0043	-0.0022	0.062
	==================================================================================
	Q5:
		Shape: Hybrid
		q_c:	209.0	413.5	517.5
		ub :	218.2502	425.566	525.8747
		lb :	199.7498	401.434	509.1253
		P^-1:
			0.0606	0.0164	-0.0223
			0.0164	0.0167	0.002
			-0.0223	0.002	0.0535
		A:
			0.7943	0.5837	-0.1687
			0.8418	0.1854	-0.5069
			0.2888	-0.1757	-0.9411
			0.4424	0.1251	-0.888
			0.0412	0.3482	0.9365
			0.8929	0.0815	-0.4428
		b:
			322.9899
			-7.9384
			-496.8344
			-313.0292
			640.2531
			-6.7063
	==================================================================================
	Q6:
		Shape: Polyhedra
		q_c:	214.0	407.5	489.0
		ub :	225.5958	420.3426	501.3772
		lb :	202.4042	394.6574	476.6228
		A:
			0.0128	0.897	-0.4418
			-0.3904	0.3992	-0.8296
			-0.777	-0.2677	0.5698
			-0.2844	0.0226	0.9584
			0.5677	-0.6163	0.5458
			-0.3144	0.8428	-0.4369
			0.1735	0.6724	0.7196
			0.5468	0.542	-0.6382
			-0.8191	0.5042	-0.2736
			-0.1735	-0.6724	-0.7196
			-0.5468	-0.542	0.6382
			0.8191	-0.5042	0.2736
		b:
			160.1924
			-319.0901
			11.609
			424.9188
			144.4586
			70.0304
			670.0007
			34.2845
			-96.6269
			-656.0007
			-17.2845
			110.6269


===========================================================================================
===========================================================================================
S6:
	q_c:	375.5	101.0	218.5
	ub :	397.218	122.7299	242.0841
	lb :	364.8481	78.6378	203.1526

	==================================================================================
	Q1:
		Shape: Polyhedra
		q_c:	385.5	112.0	228.5
		ub :	392.9502	122.7299	237.8973
		lb :	378.0498	101.2701	219.1027
		A:
			-0.9635	0.075	-0.257
			0.7871	0.3192	0.5278
			0.2499	-0.5366	-0.806
			0.3405	-0.449	-0.8261
			0.026	0.0772	0.9967
			-0.8141	0.1876	0.5496
			0.6946	0.2407	0.678
			-0.0457	0.9552	-0.2924
			-0.718	0.1722	0.6744
			-0.6946	-0.2407	-0.678
			0.0457	-0.9552	0.2924
			0.718	-0.1722	-0.6744
		b:
			-416.0962
			465.7917
			-142.7874
			-103.0585
			251.8073
			-163.1398
			455.6302
			31.5654
			-99.3925
			-443.6302
			-13.5654
			107.3925
	==================================================================================
	Q2:
		Shape: Hybrid
		q_c:	372.0	104.0	227.5
		ub :	379.1519	112.0548	234.3453
		lb :	364.8481	95.9452	220.6547
		P^-1:
			0.0882	0.0442	0.0477
			0.0442	0.0619	0.0304
			0.0477	0.0304	0.0778
		A:
			0.3428	0.278	0.8974
			0.9353	0.2292	0.2698
			0.4552	0.4623	0.7609
			-0.9665	-0.0147	-0.2563
			-0.5771	-0.5468	0.6066
			0.2827	0.6997	0.6561
		b:
			362.6442
			435.3549
			392.1558
			-416.5051
			-129.924
			329.4406
	==================================================================================
	Q3:
		Shape: Hybrid
		q_c:	387.0	89.5	236.0
		ub :	397.218	98.9606	242.0841
		lb :	376.782	80.0394	229.9159
		P^-1:
			0.0278	0.0215	0.0056
			0.0215	0.0477	0.015
			0.0056	0.015	0.0693
		A:
			-0.1068	-0.8752	-0.4718
			0.4535	0.4304	0.7804
			-0.2712	-0.1545	0.95
			-0.064	-0.0815	0.9946
			0.2923	-0.4022	0.8676
			-0.48	-0.7062	-0.5206
		b:
			-228.1754
			400.2652
			107.9046
			204.9412
			285.8041
			-369.8902
	==================================================================================
	Q4:
		Shape: Ellipse
		q_c:	374.5	86.5	220.0
		ub :	382.6622	93.3346	226.5489
		lb :	366.3378	79.6654	213.4511
		P^-1:
			0.0706	0.001	-0.0642
			0.001	0.048	-0.0168
			-0.0642	-0.0168	0.1112
	==================================================================================
	Q5:
		Shape: Polyhedra
		q_c:	389.0	94.0	213.0
		ub :	397.122	103.7145	222.8474
		lb :	380.878	84.2855	203.1526
		A:
			-0.0379	0.6208	-0.783
			-0.0292	0.9221	0.3858
			0.845	-0.2649	0.4645
			-0.7636	-0.6092	-0.2139
			-0.9647	-0.0624	0.256
			0.1908	-0.9439	-0.2695
			0.5738	0.5831	0.5752
			-0.7814	0.6001	0.1711
			-0.2454	-0.5476	0.7999
			-0.5738	-0.5831	-0.5752
			0.7814	-0.6001	-0.1711
			0.2454	0.5476	-0.7999
		b:
			-115.8982
			162.536
			407.7553
			-394.1478
			-321.3122
			-67.0316
			406.0149
			-207.1034
			30.9337
			-395.0149
			215.1034
			-15.9337
	==================================================================================
	Q6:
		Shape: Polyhedra
		q_c:	378.0	87.0	220.5
		ub :	389.5686	95.3622	229.4322
		lb :	366.4314	78.6378	211.5678
		A:
			0.9373	0.3373	0.0874
			-0.2443	0.705	0.6658
			0.3455	0.2358	-0.9083
			0.5218	-0.5931	-0.6131
			-0.1333	0.965	0.2258
			-0.4112	0.7139	0.5669
			0.3976	0.1661	0.9024
			-0.8488	-0.307	0.4305
			0.3486	-0.9371	0.0189
			-0.3976	-0.1661	-0.9024
			0.8488	0.307	-0.4305
			-0.3486	0.9371	-0.0189
		b:
			411.1748
			121.418
			-41.4572
			16.9103
			88.4308
			37.5041
			369.2338
			-243.6116
			59.3909
			-358.2338
			261.6116
			-49.3909


===========================================================================================
===========================================================================================
S7:
	q_c:	408.5	87.0	36.5
	ub :	418.7585	98.3665	46.892
	lb :	400.8803	77.3592	26.2626

	==================================================================================
	Q1:
		Shape: Polyhedra
		q_c:	404.5	81.5	41.5
		ub :	408.1197	85.6408	45.4411
		lb :	400.8803	77.3592	37.5589
		A:
			0.0918	-0.7711	0.6301
			-0.6432	0.5955	-0.4813
			-0.579	0.1798	0.7952
			-0.4697	-0.8499	0.2389
			-0.6686	0.1762	-0.7224
			0.9111	-0.0433	0.4099
			0.2867	0.4124	0.8647
			0.4118	0.7619	-0.4999
			-0.865	0.4995	0.0486
			-0.2867	-0.4124	-0.8647
			-0.4118	-0.7619	0.4999
			0.865	-0.4995	-0.0486
		b:
			2.8873
			-229.3539
			-184.0376
			-246.7968
			-283.4511
			384.4391
			188.4788
			210.4376
			-305.1552
			-182.4788
			-205.4376
			309.1552
	==================================================================================
	Q2:
		Shape: Hybrid
		q_c:	407.0	92.0	32.0
		ub :	411.9862	98.3665	37.7374
		lb :	402.0138	85.6335	26.2626
		P^-1:
			0.0621	-0.0024	-0.0
			-0.0024	0.0498	0.0
			-0.0	0.0	0.0494
		A:
			-0.1071	0.9906	-0.0846
			0.6701	0.1047	0.7349
			0.9312	-0.1176	0.345
			0.7368	-0.5217	0.4301
			-0.6919	0.4826	0.5371
			-0.9418	-0.2326	-0.2426
		b:
			47.3161
			308.1736
			381.2863
			267.7977
			-217.8008
			-410.3721
	==================================================================================
	Q3:
		Shape: Polyhedra
		q_c:	415.0	91.0	41.5
		ub :	418.7585	94.6624	45.5844
		lb :	411.2415	87.3376	37.4156
		A:
			0.8144	0.2665	0.5155
			0.8324	0.2506	-0.4943
			-0.3116	-0.6502	-0.6929
			0.1485	0.6709	-0.7265
			0.3848	0.6354	-0.6695
			0.3671	0.4624	0.8071
			0.6658	0.396	0.6324
			-0.7184	0.1113	0.6866
			0.2015	-0.9115	0.3586
			-0.6658	-0.396	-0.6324
			0.7184	-0.1113	-0.6866
			-0.2015	0.9115	-0.3586
		b:
			385.2287
			350.6087
			-215.3577
			95.5331
			192.7199
			229.6869
			340.0765
			-256.5226
			18.5638
			-337.0765
			262.5226
			-12.5638
	==================================================================================
	Q4:
		Shape: Hybrid
		q_c:	407.0	86.5	38.5
		ub :	412.1595	90.1692	43.7366
		lb :	401.8405	82.8308	33.2634
		P^-1:
			0.0829	0.0177	-0.0049
			0.0177	0.1552	0.0093
			-0.0049	0.0093	0.066
		A:
			0.5929	0.793	0.1403
			0.3996	0.9129	0.0831
			0.3047	0.9242	-0.2301
			0.979	0.0218	0.2027
			-0.2867	0.9417	-0.176
			0.3838	-0.9206	0.0716
		b:
			316.771
			246.1087
			196.5162
			410.4877
			-40.3216
			81.0442
	==================================================================================
	Q5:
		Shape: Hybrid
		q_c:	405.0	83.5	43.0
		ub :	407.9398	87.0213	46.892
		lb :	402.0602	79.9787	39.108
		P^-1:
			0.1624	-0.0263	-0.0148
			-0.0263	0.2762	0.179
			-0.0148	0.179	0.2474
		A:
			0.3332	-0.7768	-0.5344
			-0.5284	-0.8485	0.0282
			-0.3094	-0.1669	-0.9362
			0.4326	-0.5646	-0.7029
			0.7612	-0.4863	-0.4291
			0.2717	-0.923	0.2726
		b:
			47.9902
			-281.6507
			-177.8209
			98.8168
			250.5157
			46.9421
	==================================================================================
	Q6:
		Shape: Ellipse
		q_c:	410.5	92.5	39.5
		ub :	414.3509	98.2949	44.1118
		lb :	406.6491	86.7051	34.8882
		P^-1:
			0.2226	0.0461	0.0225
			0.0461	0.0674	0.0487
			0.0225	0.0487	0.1599


===========================================================================================
===========================================================================================
S8:
	q_c:	428.0	417.0	301.0
	ub :	452.7763	441.918	320.7917
	lb :	405.0133	392.3457	278.0697

	==================================================================================
	Q1:
		Shape: Ellipse
		q_c:	439.5	406.0	299.5
		ub :	452.7763	419.6543	310.7362
		lb :	426.2237	392.3457	288.2638
		P^-1:
			0.0136	0.0029	0.0029
			0.0029	0.0163	-0.0038
			0.0029	-0.0038	0.0215
	==================================================================================
	Q2:
		Shape: Ellipse
		q_c:	419.5	420.5	303.5
		ub :	425.7151	426.2563	311.3406
		lb :	413.2849	414.7437	295.6594
		P^-1:
			0.177	0.2015	-0.0202
			0.2015	0.2884	-0.027
			-0.0202	-0.027	0.0205
	==================================================================================
	Q3:
		Shape: Polyhedra
		q_c:	424.5	425.0	289.0
		ub :	433.9934	439.2482	299.9136
		lb :	415.0066	410.7518	278.0864
		A:
			-0.5223	0.3025	0.7973
			0.8875	-0.2391	0.3941
			-0.3391	0.824	0.4539
			-0.5487	0.5178	0.6564
			-0.1021	0.5989	0.7943
			-0.073	0.1003	-0.9923
			0.8758	0.1289	0.4651
			0.0468	0.9365	-0.3475
			-0.4803	0.3261	0.8142
			-0.8758	-0.1289	-0.4651
			-0.0468	-0.9365	0.3475
			0.4803	-0.3261	-0.8142
		b:
			140.343
			397.944
			345.586
			181.1002
			446.1689
			-267.6446
			569.4672
			330.4279
			173.0047
			-552.4672
			-304.4279
			-167.0047
	==================================================================================
	Q4:
		Shape: Hybrid
		q_c:	439.5	412.5	311.5
		ub :	448.5642	423.0964	320.6056
		lb :	430.4358	401.9036	302.3944
		P^-1:
			0.0228	0.0021	-0.0005
			0.0021	0.0186	-0.0002
			-0.0005	-0.0002	0.0178
		A:
			0.632	-0.2524	0.7327
			0.9101	-0.1947	0.3657
			-0.1324	0.8417	0.5235
			0.3013	0.8547	-0.4226
			-0.6135	0.6636	0.4281
			0.7233	0.1585	-0.6721
		b:
			405.9702
			437.3641
			456.2924
			357.2039
			141.6012
			177.5512
	==================================================================================
	Q5:
		Shape: Hybrid
		q_c:	414.0	422.5	285.5
		ub :	422.9867	432.9969	292.9303
		lb :	405.0133	412.0031	278.0697
		P^-1:
			0.0545	0.0185	-0.0151
			0.0185	0.0284	0.0166
			-0.0151	0.0166	0.0723
		A:
			-0.6719	0.6344	0.3821
			0.0451	0.651	0.7577
			0.5732	0.0157	0.8193
			-0.2857	-0.9397	-0.1881
			0.331	0.3901	-0.8592
			-0.3264	-0.4691	0.8206
		b:
			104.3269
			512.6405
			482.0555
			-564.4084
			60.1274
			-95.0731
	==================================================================================
	Q6:
		Shape: Hybrid
		q_c:	438.5	429.0	312.5
		ub :	450.7153	441.918	320.7917
		lb :	426.2847	416.082	304.2083
		P^-1:
			0.016	-0.0071	-0.0016
			-0.0071	0.0188	-0.0065
			-0.0016	-0.0065	0.038
		A:
			0.2211	-0.4857	0.8457
			0.7221	-0.6767	0.1438
			0.276	-0.424	0.8626
			-0.4052	-0.4026	-0.8208
			0.6418	-0.4064	-0.6503
			-0.3649	0.4001	-0.8407
		b:
			155.5058
			75.129
			211.3882
			-601.0696
			-92.4106
			-248.2109


===========================================================================================
===========================================================================================
S9:
	q_c:	242.5	177.0	291.5
	ub :	257.7346	189.1585	312.5647
	lb :	213.6633	149.5145	265.3984

	==================================================================================
	Q1:
		Shape: Hybrid
		q_c:	229.0	168.0	294.5
		ub :	242.6232	178.8175	308.5526
		lb :	215.3768	157.1825	280.4474
		P^-1:
			0.0176	-0.0014	0.0037
			-0.0014	0.0191	0.0
			0.0037	0.0	0.0098
		A:
			-0.7248	-0.6387	0.2582
			-0.17	0.5286	-0.8317
			0.4516	-0.0813	-0.8885
			-0.8486	-0.3811	-0.3668
			-0.0742	0.9971	-0.0191
			-0.5735	0.4133	-0.7073
		b:
			-192.0496
			-189.2016
			-164.4908
			-362.468
			148.6049
			-265.6346
	==================================================================================
	Q2:
		Shape: Ellipse
		q_c:	241.0	161.0	279.0
		ub :	252.3069	172.4855	292.6016
		lb :	229.6931	149.5145	265.3984
		P^-1:
			0.1095	-0.1173	-0.0236
			-0.1173	0.1429	0.0265
			-0.0236	0.0265	0.0143
	==================================================================================
	Q3:
		Shape: Hybrid
		q_c:	250.5	182.5	276.0
		ub :	257.7346	189.1585	283.2106
		lb :	243.2654	175.8415	268.7894
		P^-1:
			0.024	-0.0006	0.0028
			-0.0006	0.0426	-0.0042
			0.0028	-0.0042	0.0464
		A:
			0.4638	0.47	-0.751
			0.6244	-0.0729	-0.7777
			-0.3829	0.5201	-0.7635
			-0.2755	-0.0491	0.9601
			-0.6656	0.7335	0.138
			0.1061	0.8908	0.4418
		b:
			-2.3706
			-68.0759
			-209.2763
			189.7137
			8.6412
			313.8383
	==================================================================================
	Q4:
		Shape: Ellipse
		q_c:	240.0	177.5	302.0
		ub :	247.5658	188.1465	312.5647
		lb :	232.4342	166.8535	291.4353
		P^-1:
			0.0321	-0.0018	-0.0034
			-0.0018	0.0143	0.0014
			-0.0034	0.0014	0.0183
	==================================================================================
	Q5:
		Shape: Hybrid
		q_c:	234.0	175.5	302.5
		ub :	245.7295	187.5662	309.8897
		lb :	222.2705	163.4338	295.1103
		P^-1:
			0.0198	-0.0035	-0.0079
			-0.0035	0.014	-0.0035
			-0.0079	-0.0035	0.0471
		A:
			-0.9067	-0.2715	0.3227
			-0.0371	-0.5856	0.8098
			0.3507	-0.26	0.8997
			-0.3808	-0.384	0.8412
			-0.4126	0.6267	0.661
			0.9292	-0.0865	0.3594
		b:
			-156.9559
			137.115
			311.9283
			101.0929
			217.7331
			316.3049
	==================================================================================
	Q6:
		Shape: Ellipse
		q_c:	226.5	164.5	283.0
		ub :	239.3367	176.7283	296.027
		lb :	213.6633	152.2717	269.973
		P^-1:
			0.0179	0.0021	-0.0006
			0.0021	0.0178	0.0023
			-0.0006	0.0023	0.0163


===========================================================================================
===========================================================================================
