3D_45_9_6_f                l = 3

===========================================================================================
===========================================================================================
S1:
	q_c:	254.0	22.5	481.5
	ub :	259.6671	28.9806	488.7899
	lb :	249.0542	17.8957	477.4081

	==================================================================================
	Q1:
		Shape: Ellipse
		q_c:	254.0	24.0	486.5
		ub :	256.6348	26.1379	488.7899
		lb :	251.3652	21.8621	484.2101
		P^-1:
			0.8029	0.8149	-1.0506
			0.8149	1.4511	-1.5483
			-1.0506	-1.5483	2.246
	==================================================================================
	Q2:
		Shape: Hybrid
		q_c:	253.5	21.0	480.5
		ub :	255.8828	24.1043	483.5607
		lb :	251.1172	17.8957	477.4393
		P^-1:
			0.2581	0.0268	0.0291
			0.0268	0.3173	0.1366
			0.0291	0.1366	0.279
		A:
			0.8122	0.009	0.5833
			-0.4857	0.2869	0.8257
			-0.4056	0.2953	0.865
			0.5874	-0.6436	-0.4906
			0.7137	-0.3716	-0.5937
			-0.6677	0.3087	0.6774
		b:
			487.556
			280.8518
			320.203
			-99.3159
			-110.9733
			163.9355
	==================================================================================
	Q3:
		Shape: Polyhedra
		q_c:	255.5	20.5	481.5
		ub :	257.3191	23.062	483.9315
		lb :	253.6809	17.938	479.0685
		A:
			0.7441	0.2472	0.6207
			0.4251	-0.105	-0.899
			-0.7472	0.473	-0.4668
			0.5953	0.3065	0.7428
			-0.7566	-0.4041	-0.514
			0.7875	0.1152	0.6055
			0.6761	0.3273	0.6602
			0.0037	0.8944	-0.4472
			-0.7368	0.3048	0.6035
			-0.6761	-0.3273	-0.6602
			-0.0037	-0.8944	0.4472
			0.7368	-0.3048	-0.6035
		b:
			494.5712
			-324.548
			-404.4422
			516.5632
			-448.4762
			495.7849
			497.8072
			-194.0742
			110.5505
			-496.8072
			198.0742
			-106.5505
	==================================================================================
	Q4:
		Shape: Hybrid
		q_c:	252.5	23.5	481.0
		ub :	255.9458	26.5023	484.0808
		lb :	249.0542	20.4977	477.9192
		P^-1:
			0.2739	0.0324	0.1241
			0.0324	0.2264	-0.0228
			0.1241	-0.0228	0.3541
		A:
			0.9658	0.2487	-0.0739
			0.1447	-0.7936	-0.591
			-0.1226	0.1661	0.9784
			-0.455	0.3379	-0.8239
			0.1498	-0.1254	0.9807
			-0.9548	-0.2567	-0.1497
		b:
			215.4637
			-264.8835
			444.848
			-502.4026
			507.5544
			-317.9659
	==================================================================================
	Q5:
		Shape: Ellipse
		q_c:	256.0	25.5	481.0
		ub :	259.6671	28.9806	484.5919
		lb :	252.3329	22.0194	477.4081
		P^-1:
			0.2305	0.0293	-0.0227
			0.0293	0.206	0.0341
			-0.0227	0.0341	0.2235
	==================================================================================
	Q6:
		Shape: Ellipse
		q_c:	258.0	23.5	486.5
		ub :	259.5494	25.1888	488.165
		lb :	256.4506	21.8112	484.835
		P^-1:
			1.0	0.0	-0.0
			0.0	1.0	-0.0
			-0.0	-0.0	1.0


===========================================================================================
===========================================================================================
S2:
	q_c:	243.5	269.0	217.0
	ub :	265.8167	291.3611	246.6087
	lb :	217.7682	246.5777	206.9639

	==================================================================================
	Q1:
		Shape: Ellipse
		q_c:	253.5	272.0	224.5
		ub :	265.8167	282.4551	236.8938
		lb :	241.1833	261.5449	212.1062
		P^-1:
			0.021	-0.0073	0.0008
			-0.0073	0.0264	0.0062
			0.0008	0.0062	0.0184
	==================================================================================
	Q2:
		Shape: Hybrid
		q_c:	246.0	278.0	227.0
		ub :	252.2144	284.8437	232.6476
		lb :	239.7856	271.1563	221.3524
		P^-1:
			0.0402	-0.0045	-0.0221
			-0.0045	0.0309	0.015
			-0.0221	0.015	0.1009
		A:
			0.1906	-0.5782	-0.7933
			0.2941	-0.3337	-0.8956
			-0.8995	-0.1522	0.4096
			0.4506	-0.3498	-0.8213
			0.9229	-0.1387	-0.3593
			0.8096	-0.0634	-0.5836
		b:
			-291.7298
			-222.1476
			-167.3864
			-171.1006
			110.048
			51.636
	==================================================================================
	Q3:
		Shape: Polyhedra
		q_c:	231.5	279.0	221.0
		ub :	238.0458	282.8605	225.7445
		lb :	224.9542	275.1395	216.2555
		A:
			0.2255	-0.4166	0.8807
			-0.1754	-0.9835	-0.0446
			-0.3568	0.8512	-0.385
			0.5288	0.1045	0.8423
			-0.2418	0.9591	0.1471
			-0.271	0.8664	0.4193
			0.1529	0.6602	0.7354
			0.9182	0.1803	-0.3528
			-0.3655	0.7292	-0.5786
			-0.1529	-0.6602	-0.7354
			-0.9182	-0.1803	0.3528
			0.3655	-0.7292	0.5786
		b:
			132.8401
			-322.1496
			71.8224
			340.0368
			246.1847
			274.0839
			384.1033
			190.9042
			-7.0406
			-380.1033
			-178.9042
			11.0406
	==================================================================================
	Q4:
		Shape: Hybrid
		q_c:	243.0	282.5	239.0
		ub :	251.9803	291.3611	246.6087
		lb :	234.0197	273.6389	231.3913
		P^-1:
			0.0286	0.0088	-0.0004
			0.0088	0.0411	0.0054
			-0.0004	0.0054	0.0433
		A:
			0.2998	-0.1095	0.9477
			0.3518	-0.2119	-0.9118
			-0.9352	-0.3403	-0.0976
			0.6599	0.3278	0.6761
			-0.1311	0.5959	0.7923
			0.4818	-0.7528	-0.4485
		b:
			271.3564
			-189.606
			-343.4218
			417.4034
			328.3432
			-199.417
	==================================================================================
	Q5:
		Shape: Polyhedra
		q_c:	254.0	257.5	216.0
		ub :	265.2449	268.4223	225.0361
		lb :	242.7551	246.5777	206.9639
		A:
			0.0159	-0.3586	0.9333
			0.6913	0.3653	-0.6234
			-0.4871	-0.8302	-0.2711
			0.7132	0.7009	0.0102
			0.9017	0.3458	0.2596
			0.041	0.9956	-0.0837
			0.5517	0.4059	0.7286
			-0.7427	0.6366	0.2077
			-0.3796	-0.6557	0.6527
			-0.5517	-0.4059	-0.7286
			0.7427	-0.6366	-0.2077
			0.3796	0.6557	-0.6527
		b:
			118.4483
			140.7685
			-390.5126
			369.1079
			380.1469
			255.1991
			407.5267
			28.6555
			-119.284
			-396.5267
			-11.6555
			129.284
	==================================================================================
	Q6:
		Shape: Ellipse
		q_c:	228.5	275.0	224.0
		ub :	239.2318	286.9687	234.3417
		lb :	217.7682	263.0313	213.6583
		P^-1:
			0.0512	0.0195	0.0405
			0.0195	0.0318	0.0296
			0.0405	0.0296	0.0585


===========================================================================================
===========================================================================================
S3:
	q_c:	278.0	169.0	156.5
	ub :	296.7923	194.6351	176.2885
	lb :	267.7617	151.1341	142.0664

	==================================================================================
	Q1:
		Shape: Ellipse
		q_c:	292.0	176.5	148.0
		ub :	296.7923	182.3393	152.8294
		lb :	287.2077	170.6607	143.1706
		P^-1:
			0.1375	-0.0155	-0.0348
			-0.0155	0.0431	-0.0002
			-0.0348	-0.0002	0.101
	==================================================================================
	Q2:
		Shape: Ellipse
		q_c:	280.0	176.5	163.5
		ub :	288.4296	185.8108	171.2561
		lb :	271.5704	167.1892	155.7439
		P^-1:
			0.0312	0.0062	0.0089
			0.0062	0.0387	0.0172
			0.0089	0.0172	0.0441
	==================================================================================
	Q3:
		Shape: Ellipse
		q_c:	277.5	158.5	152.5
		ub :	287.2383	165.8659	161.8107
		lb :	267.7617	151.1341	143.1893
		P^-1:
			0.0339	-0.0133	0.0067
			-0.0133	0.0563	0.003
			0.0067	0.003	0.0232
	==================================================================================
	Q4:
		Shape: Hybrid
		q_c:	289.0	185.0	151.5
		ub :	294.6889	194.6351	160.9336
		lb :	283.3111	175.3649	142.0664
		P^-1:
			0.1004	-0.0239	-0.0147
			-0.0239	0.0305	0.0083
			-0.0147	0.0083	0.0283
		A:
			0.2614	-0.9052	-0.3352
			-0.9352	0.3313	0.125
			-0.8009	-0.5843	-0.1308
			0.7184	-0.4796	0.5038
			0.3465	-0.9083	-0.2343
			-0.9146	0.0275	0.4034
		b:
			-138.7061
			-188.5095
			-355.3121
			198.8808
			-99.5263
			-195.9561
	==================================================================================
	Q5:
		Shape: Hybrid
		q_c:	283.5	168.5	163.5
		ub :	294.1489	179.2373	175.0125
		lb :	272.8511	157.7627	151.9875
		P^-1:
			0.0308	-0.0154	-0.0035
			-0.0154	0.0344	0.0054
			-0.0035	0.0054	0.0176
		A:
			-0.8291	-0.3781	-0.4118
			-0.8038	0.4086	0.4324
			-0.6775	0.5001	0.5393
			-0.2268	0.9658	-0.1258
			-0.9358	0.3242	-0.1386
			0.5552	-0.823	0.1201
		b:
			-360.9198
			-85.2995
			-16.6259
			81.3825
			-229.9049
			41.1177
	==================================================================================
	Q6:
		Shape: Polyhedra
		q_c:	287.5	179.0	169.5
		ub :	296.2839	187.6368	176.2885
		lb :	278.7161	170.3632	162.7115
		A:
			0.5298	-0.2951	0.7951
			0.3845	-0.7731	-0.5044
			0.6052	0.7677	-0.2107
			-0.6773	0.3512	0.6465
			-0.8228	0.5388	0.1808
			-0.1404	-0.2412	0.9603
			0.7517	0.5772	0.3191
			0.1426	0.33	-0.9331
			-0.6439	0.747	0.1658
			-0.7517	-0.5772	-0.3191
			-0.1426	-0.33	0.9331
			0.6439	-0.747	-0.1658
		b:
			239.3205
			-108.8555
			282.3047
			-18.213
			-105.1519
			83.2258
			381.0116
			-54.0788
			-19.3113
			-366.0116
			62.0788
			27.3113


===========================================================================================
===========================================================================================
S4:
	q_c:	343.5	485.0	494.0
	ub :	349.5236	495.6206	499.8771
	lb :	334.1433	474.9688	488.456

	==================================================================================
	Q1:
		Shape: Hybrid
		q_c:	341.5	491.0	493.5
		ub :	345.8603	495.6206	498.544
		lb :	337.1397	486.3794	488.456
		P^-1:
			0.1069	-0.0014	0.0105
			-0.0014	0.0633	0.0035
			0.0105	0.0035	0.0851
		A:
			-0.3335	-0.269	0.9035
			-0.0237	-0.6431	-0.7654
			0.6937	0.1299	-0.7084
			0.9019	-0.409	-0.1389
			0.4507	-0.0279	0.8922
			-0.9579	0.2066	0.1993
		b:
			202.027
			-699.5117
			-46.9107
			40.3891
			582.2859
			-125.6631
	==================================================================================
	Q2:
		Shape: Ellipse
		q_c:	339.0	480.0	494.5
		ub :	341.8643	483.3828	497.6154
		lb :	336.1357	476.6172	491.3846
		P^-1:
			0.7067	-0.1063	-0.386
			-0.1063	0.1807	0.0751
			-0.386	0.0751	0.4326
	==================================================================================
	Q3:
		Shape: Ellipse
		q_c:	340.5	481.5	496.0
		ub :	343.1118	484.5672	499.1702
		lb :	337.8882	478.4328	492.8298
		P^-1:
			0.2495	0.0064	-0.0023
			0.0064	0.1709	0.0287
			-0.0023	0.0287	0.2396
	==================================================================================
	Q4:
		Shape: Polyhedra
		q_c:	339.0	491.5	493.5
		ub :	343.8567	495.5994	498.2761
		lb :	334.1433	487.4006	488.7239
		A:
			0.6723	-0.1344	-0.7279
			-0.0465	-0.9979	0.044
			0.5089	0.1778	-0.8423
			-0.2321	0.7739	-0.5892
			-0.8005	0.4342	0.4131
			-0.1363	0.8207	0.5548
			0.8259	0.1849	0.5326
			-0.3275	-0.6117	0.7202
			0.459	-0.7692	-0.4446
			-0.8259	-0.1849	-0.5326
			0.3275	0.6117	-0.7202
			-0.459	0.7692	0.4446
		b:
			-194.8513
			-481.9861
			-153.2691
			13.5392
			148.5496
			633.6411
			637.2184
			-53.7518
			-439.3962
			-630.2184
			58.7518
			444.3962
	==================================================================================
	Q5:
		Shape: Hybrid
		q_c:	345.5	478.5	496.0
		ub :	349.5236	482.0312	499.8771
		lb :	341.4764	474.9688	492.1229
		P^-1:
			0.1203	-0.0016	-0.019
			-0.0016	0.1114	0.0032
			-0.019	0.0032	0.1505
		A:
			0.9079	0.2928	-0.3
			-0.4885	-0.5297	0.6934
			-0.3704	-0.7381	0.5639
			0.2024	0.9225	0.3287
			0.624	-0.6317	0.4599
			-0.0299	0.387	-0.9216
		b:
			306.5225
			-76.8621
			-199.8706
			676.1059
			143.1864
			-280.8512
	==================================================================================
	Q6:
		Shape: Hybrid
		q_c:	341.0	482.0	492.0
		ub :	345.2572	486.4219	494.8996
		lb :	336.7428	477.5781	489.1004
		P^-1:
			0.1975	-0.0779	-0.0038
			-0.0779	0.1344	-0.0056
			-0.0038	-0.0056	0.2497
		A:
			-0.0855	-0.5688	0.818
			-0.3224	-0.1337	-0.9371
			0.4438	-0.587	-0.6771
			-0.1768	-0.1046	0.9787
			-0.4836	0.8049	0.3438
			0.6584	-0.6762	0.3305
		b:
			100.5857
			-634.2413
			-463.596
			371.8619
			393.5654
			62.2717


===========================================================================================
===========================================================================================
S5:
	q_c:	405.0	299.5	398.0
	ub :	422.3323	310.7855	405.2828
	lb :	394.1248	285.1448	382.7618

	==================================================================================
	Q1:
		Shape: Polyhedra
		q_c:	403.5	291.5	397.5
		ub :	410.8447	297.8552	404.7113
		lb :	396.1553	285.1448	390.2887
		A:
			0.3723	-0.7786	-0.5052
			0.8634	0.3915	-0.3181
			-0.8447	-0.3115	-0.4353
			-0.5438	-0.7637	0.348
			-0.0118	-0.1239	0.9922
			-0.8712	0.0733	-0.4855
			0.5323	0.6085	0.5886
			-0.836	0.2687	0.4784
			0.133	-0.7467	0.6517
			-0.5323	-0.6085	-0.5886
			0.836	-0.2687	-0.4784
			-0.133	0.7467	-0.6517
		b:
			-272.4337
			341.2122
			-600.6239
			-299.6577
			357.6628
			-518.8095
			629.6094
			-62.8708
			98.5503
			-622.6094
			74.8708
			-91.5503
	==================================================================================
	Q2:
		Shape: Hybrid
		q_c:	405.5	294.0	391.0
		ub :	410.5382	298.721	395.4925
		lb :	400.4618	289.279	386.5075
		P^-1:
			0.1226	0.0361	-0.0029
			0.0361	0.1231	0.013
			-0.0029	0.013	0.107
		A:
			0.4394	-0.839	-0.3209
			-0.5082	-0.5158	-0.6897
			0.9588	0.1889	-0.2124
			0.0212	-0.8322	-0.554
			-0.8776	0.0279	-0.4786
			0.7924	0.2491	-0.5568
		b:
			-191.9747
			-625.9289
			362.8042
			-451.1047
			-532.9149
			178.4022
	==================================================================================
	Q3:
		Shape: Hybrid
		q_c:	415.0	303.0	398.0
		ub :	422.3323	307.2921	405.2828
		lb :	407.6677	298.7079	390.7172
		P^-1:
			0.0427	-0.0126	-0.0143
			-0.0126	0.1518	-0.0281
			-0.0143	-0.0281	0.0558
		A:
			0.1315	0.981	-0.1427
			-0.839	0.4597	0.291
			0.3583	-0.9328	-0.0387
			-0.1838	0.8952	0.4059
			-0.3086	0.8746	0.3738
			-0.6547	0.7499	0.0946
		b:
			296.5487
			-90.1996
			-147.8003
			358.7515
			287.7489
			-4.6011
	==================================================================================
	Q4:
		Shape: Hybrid
		q_c:	407.5	301.5	394.0
		ub :	413.0405	306.6604	398.3699
		lb :	401.9595	296.3396	389.6301
		P^-1:
			0.2017	0.1642	0.0821
			0.1642	0.2153	0.1122
			0.0821	0.1122	0.1786
		A:
			0.8339	0.0661	0.5479
			-0.7521	-0.5724	-0.3267
			-0.3041	-0.7495	-0.588
			-0.422	-0.9066	-0.0007
			-0.6406	-0.3636	-0.6763
			0.1552	-0.042	0.987
		b:
			578.1293
			-606.8308
			-580.357
			-443.7488
			-635.7874
			441.7065
	==================================================================================
	Q5:
		Shape: Hybrid
		q_c:	401.5	297.5	389.5
		ub :	408.5995	303.3437	396.2382
		lb :	394.4005	291.6563	382.7618
		P^-1:
			0.0668	0.038	-0.024
			0.038	0.1014	-0.0462
			-0.024	-0.0462	0.0811
		A:
			0.3715	0.1958	-0.9076
			0.6769	-0.1262	0.7252
			-0.4204	-0.3086	0.8533
			0.1016	0.9466	-0.3061
			0.4025	0.9121	0.0783
			-0.0324	-0.9296	0.3672
		b:
			-143.8261
			519.8986
			73.7195
			205.1124
			465.7118
			-144.5357
	==================================================================================
	Q6:
		Shape: Hybrid
		q_c:	399.0	305.0	391.5
		ub :	403.8752	310.7855	396.0473
		lb :	394.1248	299.2145	386.9527
		P^-1:
			0.0894	0.0038	0.013
			0.0038	0.0334	0.0029
			0.013	0.0029	0.103
		A:
			-0.6831	0.077	-0.7262
			0.9788	0.0324	0.2022
			-0.9768	-0.0153	-0.2138
			0.7129	0.614	-0.3388
			0.8336	-0.0556	-0.5495
			0.8946	-0.1322	0.4268
		b:
			-531.8202
			481.38
			-476.3106
			341.8269
			102.5435
			485.5001


===========================================================================================
===========================================================================================
S6:
	q_c:	277.0	364.5	126.0
	ub :	290.5935	381.4992	134.8732
	lb :	266.3903	349.7276	118.2571

	==================================================================================
	Q1:
		Shape: Ellipse
		q_c:	285.0	358.5	129.0
		ub :	290.101	363.3549	133.4012
		lb :	279.899	353.6451	124.5988
		P^-1:
			0.1111	0.0	-0.0
			0.0	0.1111	0.0
			-0.0	0.0	0.1111
	==================================================================================
	Q2:
		Shape: Polyhedra
		q_c:	281.0	366.5	127.0
		ub :	286.3952	372.4608	133.3713
		lb :	275.6048	360.5392	120.6287
		A:
			-0.7871	-0.2203	0.5762
			0.5444	-0.725	0.422
			0.1382	0.0194	0.9902
			0.9496	0.1562	-0.2719
			0.1027	0.5806	-0.8077
			0.897	-0.0071	0.4419
			0.8314	0.1486	0.5354
			-0.5138	0.5723	0.6391
			-0.2114	-0.8065	0.5522
			-0.8314	-0.1486	-0.5354
			0.5138	-0.5723	-0.6391
			0.2114	0.8065	-0.5522
		b:
			-224.8472
			-55.4403
			175.3122
			293.1474
			143.0273
			308.62
			359.0913
			150.5134
			-280.8597
			-353.0913
			-142.5134
			288.8597
	==================================================================================
	Q3:
		Shape: Polyhedra
		q_c:	279.0	369.0	128.5
		ub :	283.9763	374.6213	134.1134
		lb :	274.0237	363.3787	122.8866
		A:
			-0.866	0.4066	-0.291
			-0.8997	0.4138	0.1386
			-0.4435	0.8912	-0.0953
			-0.4715	-0.4075	-0.7821
			0.9237	-0.0675	-0.3772
			0.8079	0.5123	-0.2912
			0.8355	0.316	0.4496
			-0.19	-0.6016	0.7759
			0.5157	-0.7336	-0.4426
			-0.8355	-0.316	-0.4496
			0.19	0.6016	-0.7759
			-0.5157	0.7336	0.4426
		b:
			-125.7256
			-77.1695
			196.3634
			-379.2818
			187.6827
			380.3035
			410.4725
			-171.8046
			-180.2083
			-404.4725
			178.8046
			187.2083
	==================================================================================
	Q4:
		Shape: Polyhedra
		q_c:	272.5	355.5	128.5
		ub :	278.6097	361.2724	134.8732
		lb :	266.3903	349.7276	122.1268
		A:
			-0.5344	0.2085	-0.8191
			0.3966	-0.6214	0.6757
			0.0075	-0.8604	-0.5095
			0.4356	-0.4091	-0.8018
			0.9602	-0.0453	0.2756
			0.5123	-0.5942	-0.6201
			0.5275	0.4248	0.7357
			0.6597	-0.7505	-0.0397
			0.5352	0.5063	-0.6761
			-0.5275	-0.4248	-0.7357
			-0.6597	0.7505	0.0397
			-0.5352	-0.5063	0.6761
		b:
			-173.1618
			-22.3071
			-366.3715
			-125.9376
			284.1899
			-148.2137
			392.8086
			-90.1243
			244.4575
			-385.8086
			94.1243
			-233.4575
	==================================================================================
	Q5:
		Shape: Hybrid
		q_c:	278.5	376.0	125.5
		ub :	283.9312	381.4992	130.039
		lb :	273.0688	370.5008	120.961
		P^-1:
			0.1056	0.0192	-0.0306
			0.0192	0.0971	-0.0245
			-0.0306	-0.0245	0.1206
		A:
			-0.8091	-0.5604	-0.1767
			0.0142	0.9466	-0.322
			-0.74	0.1705	0.6506
			0.565	0.3149	-0.7626
			-0.2808	0.6612	-0.6957
			-0.9034	0.0363	-0.4273
		b:
			-456.279
			321.3261
			-58.6602
			181.307
			84.9806
			-289.3469
	==================================================================================
	Q6:
		Shape: Polyhedra
		q_c:	285.5	368.0	122.0
		ub :	290.5935	373.2697	125.7429
		lb :	280.4065	362.7303	118.2571
		A:
			-0.4468	-0.148	-0.8823
			0.3075	0.9456	0.1067
			-0.2628	-0.8218	0.5055
			0.2446	-0.2488	0.9372
			0.4403	-0.521	-0.7312
			0.9001	0.3879	0.1984
			0.4257	0.7517	0.5036
			0.8457	-0.5285	0.0739
			0.3217	0.3944	-0.8608
			-0.4257	-0.7517	-0.5036
			-0.8457	0.5285	-0.0739
			-0.3217	-0.3944	0.8608
		b:
			-286.5617
			452.0917
			-313.2518
			95.1602
			-152.1363
			427.3471
			463.1304
			59.4904
			133.9971
			-456.1304
			-52.4904
			-129.9971


===========================================================================================
===========================================================================================
S7:
	q_c:	366.5	435.5	155.0
	ub :	371.2695	441.5829	160.7963
	lb :	361.7909	429.3054	147.7209

	==================================================================================
	Q1:
		Shape: Polyhedra
		q_c:	366.5	433.5	156.0
		ub :	371.1625	437.6946	160.4463
		lb :	361.8375	429.3054	151.5537
		A:
			0.4728	0.8812	0.0041
			-0.287	-0.8753	0.3892
			-0.4088	-0.8938	0.1844
			0.5076	0.5201	0.6869
			-0.7309	0.6824	0.0122
			0.7768	0.6292	-0.0261
			0.7017	0.2661	0.661
			-0.3375	-0.6928	0.6372
			0.6275	-0.6702	-0.3963
			-0.7017	-0.2661	-0.661
			0.3375	0.6928	-0.6372
			-0.6275	0.6702	0.3963
		b:
			558.3573
			-421.7794
			-506.2512
			521.6611
			32.7998
			555.9314
			478.6245
			-322.6295
			-119.3828
			-472.6245
			326.6295
			125.3828
	==================================================================================
	Q2:
		Shape: Polyhedra
		q_c:	368.5	438.0	150.0
		ub :	371.2695	440.7957	152.2791
		lb :	365.7305	435.2043	147.7209
		A:
			-0.1975	0.4017	0.8942
			-0.2464	-0.5427	-0.803
			0.1109	0.3988	0.9103
			0.7082	0.1093	0.6975
			-0.8334	-0.0198	0.5523
			-0.2404	0.3898	0.889
			0.3304	0.9252	0.1866
			-0.1674	0.252	-0.9531
			-0.9289	0.2836	0.2381
			-0.3304	-0.9252	-0.1866
			0.1674	-0.252	0.9531
			0.9289	-0.2836	-0.2381
		b:
			239.031
			-447.1402
			353.782
			415.2145
			-230.9883
			217.2643
			556.9749
			-92.7724
			-180.3509
			-552.9749
			95.7724
			184.3509
	==================================================================================
	Q3:
		Shape: Polyhedra
		q_c:	367.0	439.5	157.5
		ub :	369.6846	441.5829	160.4317
		lb :	364.3154	437.4171	154.5683
		A:
			-0.2753	0.2975	0.9142
			-0.7554	-0.1909	0.6268
			-0.7174	-0.6877	0.1115
			0.0163	-0.7993	-0.6007
			-0.8642	-0.3636	0.3478
			-0.4563	0.7914	0.4068
			0.6717	0.133	0.7288
			-0.7151	0.3734	0.591
			-0.1935	-0.9181	0.3459
			-0.6717	-0.133	-0.7288
			0.7151	-0.3734	-0.591
			0.1935	0.9181	-0.3459
		b:
			175.2319
			-261.2467
			-546.2079
			-438.2324
			-420.7034
			245.583
			422.2407
			-4.2744
			-418.5541
			-417.2407
			6.2744
			421.5541
	==================================================================================
	Q4:
		Shape: Polyhedra
		q_c:	365.5	433.5	158.0
		ub :	368.3657	436.3427	160.4902
		lb :	362.6343	430.6573	155.5098
		A:
			0.0556	0.7668	0.6395
			0.9432	0.3085	-0.123
			-0.7137	-0.5229	0.466
			-0.0508	0.1884	0.9808
			-0.4058	-0.2569	0.8771
			-0.3691	-0.4516	-0.8123
			0.5792	0.7088	0.4026
			0.5669	-0.7052	0.4258
			0.5857	-0.0184	-0.8103
			-0.5792	-0.7088	-0.4026
			-0.5669	0.7052	-0.4258
			-0.5857	0.0184	0.8103
		b:
			454.979
			460.2871
			-412.819
			219.2833
			-119.7541
			-457.8355
			583.5826
			-28.226
			79.0959
			-581.5826
			34.226
			-77.0959
	==================================================================================
	Q5:
		Shape: Polyhedra
		q_c:	363.5	438.0	158.5
		ub :	365.2091	440.3431	160.7963
		lb :	361.7909	435.6569	156.2037
		A:
			-0.6202	0.5988	0.5067
			-0.4612	-0.8208	-0.337
			-0.8332	-0.2741	0.4803
			-0.9651	-0.2071	0.1604
			0.4784	0.7425	0.4689
			-0.6962	-0.7036	0.142
			0.8839	0.3962	0.2484
			0.0916	-0.6676	0.7389
			0.4585	-0.6304	-0.6264
			-0.8839	-0.3962	-0.2484
			-0.0916	0.6676	-0.7389
			-0.4585	0.6304	0.6264
		b:
			118.6752
			-579.388
			-345.5444
			-414.9687
			574.5924
			-537.6012
			535.2019
			-140.5081
			-207.2115
			-533.2019
			143.5081
			210.2115
	==================================================================================
	Q6:
		Shape: Polyhedra
		q_c:	367.0	435.0	153.0
		ub :	370.694	438.5635	156.2424
		lb :	363.306	431.4365	149.7576
		A:
			-0.0985	0.9826	-0.1572
			0.0149	-0.7604	0.6493
			-0.5076	-0.5035	0.6991
			0.358	0.463	-0.8109
			0.3916	0.8812	0.2649
			0.9753	-0.0605	0.2123
			0.4002	0.2319	0.8866
			-0.43	0.9018	-0.0418
			-0.8093	-0.3645	0.4606
			-0.4002	-0.2319	-0.8866
			0.43	-0.9018	0.0418
			0.8093	0.3645	-0.4606
		b:
			369.6936
			-223.6463
			-296.2937
			210.874
			569.945
			366.4184
			385.9003
			230.5851
			-383.1031
			-380.9003
			-225.5851
			387.1031


===========================================================================================
===========================================================================================
S8:
	q_c:	91.5	355.5	122.5
	ub :	101.8973	370.4383	133.965
	lb :	82.6137	344.5507	114.0314

	==================================================================================
	Q1:
		Shape: Ellipse
		q_c:	89.0	365.5	123.0
		ub :	92.9579	370.4383	126.6966
		lb :	85.0421	360.5617	119.3034
		P^-1:
			0.2206	-0.0505	-0.027
			-0.0505	0.0669	0.0255
			-0.027	0.0255	0.172
	==================================================================================
	Q2:
		Shape: Polyhedra
		q_c:	96.0	354.0	119.5
		ub :	101.347	356.8371	124.9686
		lb :	90.653	351.1629	114.0314
		A:
			0.0632	0.7089	0.7024
			-0.4416	0.8949	-0.065
			0.9848	-0.1552	0.078
			-0.1206	-0.8865	-0.4467
			-0.4956	-0.7643	-0.4126
			0.6167	0.6632	0.4241
			0.8062	0.0959	0.5839
			-0.2314	0.9593	0.1619
			-0.5446	-0.2656	0.7955
			-0.8062	-0.0959	-0.5839
			0.2314	-0.9593	-0.1619
			0.5446	0.2656	-0.7955
		b:
			343.5397
			268.4137
			52.3305
			-376.725
			-364.677
			347.6973
			184.6155
			338.2253
			-47.24
			-177.6155
			-335.2253
			55.24
	==================================================================================
	Q3:
		Shape: Polyhedra
		q_c:	95.0	347.5	121.0
		ub :	99.0546	350.4493	124.2716
		lb :	90.9454	344.5507	117.7284
		A:
			-0.4891	0.8275	-0.2758
			0.5752	-0.5567	-0.5994
			0.6177	-0.592	-0.5177
			0.283	-0.4113	0.8665
			-0.062	-0.9925	-0.1057
			0.6972	-0.5885	-0.4093
			0.9377	0.2214	0.2676
			-0.152	-0.4313	0.8893
			0.3123	-0.8746	-0.3708
			-0.9377	-0.2214	-0.2676
			0.152	0.4313	-0.8893
			-0.3123	0.8746	0.3708
		b:
			209.6871
			-209.5613
			-207.8538
			-8.8975
			-361.7233
			-185.7902
			201.8963
			-54.7026
			-317.6331
			-194.8963
			58.7026
			320.6331
	==================================================================================
	Q4:
		Shape: Hybrid
		q_c:	95.5	363.5	127.5
		ub :	101.8973	370.1132	133.965
		lb :	89.1027	356.8868	121.035
		P^-1:
			0.0429	0.0055	0.0052
			0.0055	0.061	-0.0014
			0.0052	-0.0014	0.0611
		A:
			0.0086	0.9931	0.1166
			0.3349	-0.182	0.9245
			0.0362	0.7093	0.704
			-0.7841	-0.5803	0.2199
			-0.4524	-0.8451	0.2849
			0.6656	0.1207	0.7365
		b:
			378.7767
			85.7404
			353.1474
			-255.3716
			-311.9996
			203.53
	==================================================================================
	Q5:
		Shape: Ellipse
		q_c:	89.0	357.5	122.0
		ub :	93.0824	360.8795	126.4051
		lb :	84.9176	354.1205	117.5949
		P^-1:
			0.2953	0.147	0.0864
			0.147	0.2253	0.0585
			0.0864	0.0585	0.1166
	==================================================================================
	Q6:
		Shape: Hybrid
		q_c:	87.5	355.0	120.5
		ub :	92.3863	358.3209	125.0144
		lb :	82.6137	351.6791	115.9856
		P^-1:
			0.0699	-0.004	0.0216
			-0.004	0.3629	-0.1448
			0.0216	-0.1448	0.1853
		A:
			-0.4977	-0.8369	-0.2279
			-0.0702	-0.9714	0.2269
			0.0615	-0.9936	-0.0947
			0.2545	-0.939	0.2315
			-0.5076	0.4526	0.7331
			-0.153	0.8532	0.4986
		b:
			-366.1974
			-322.6995
			-357.3037
			-282.021
			207.5093
			351.7845


===========================================================================================
===========================================================================================
S9:
	q_c:	367.0	360.5	261.0
	ub :	384.071	378.4351	276.9788
	lb :	349.6763	343.6448	246.3987

	==================================================================================
	Q1:
		Shape: Hybrid
		q_c:	364.5	372.5	270.0
		ub :	374.4483	378.4351	276.9788
		lb :	354.5517	366.5649	263.0212
		P^-1:
			0.032	0.0428	0.0213
			0.0428	0.1401	0.0157
			0.0213	0.0157	0.0628
		A:
			0.0439	-0.2782	-0.9595
			0.6049	-0.2388	0.7596
			0.4522	-0.5919	0.6672
			-0.4258	-0.8988	0.1048
			-0.2317	-0.5501	0.8023
			-0.1486	0.6776	0.7203
		b:
			-342.9654
			340.4254
			128.1886
			-459.8751
			-69.4342
			396.8807
	==================================================================================
	Q2:
		Shape: Ellipse
		q_c:	367.5	350.5	263.0
		ub :	374.0226	356.2752	268.2265
		lb :	360.9774	344.7248	257.7735
		P^-1:
			0.0648	0.003	-0.0247
			0.003	0.0648	-0.0129
			-0.0247	-0.0129	0.0934
	==================================================================================
	Q3:
		Shape: Polyhedra
		q_c:	377.5	353.0	255.0
		ub :	384.071	360.4604	261.7669
		lb :	370.929	345.5396	248.2331
		A:
			0.7873	0.0711	0.6124
			-0.4572	0.4128	-0.7878
			-0.1089	0.4489	0.8869
			0.0041	-0.5583	0.8296
			-0.846	-0.522	0.1088
			-0.0793	0.951	0.2987
			0.6047	0.5932	0.5315
			-0.7819	0.5693	0.2542
			-0.1518	-0.5693	0.808
			-0.6047	-0.5932	-0.5315
			0.7819	-0.5693	-0.2542
			0.1518	0.5693	-0.808
		b:
			482.0298
			-223.0802
			347.7807
			20.9983
			-472.0214
			386.2897
			575.693
			-23.8699
			-47.225
			-570.693
			34.8699
			57.225
	==================================================================================
	Q4:
		Shape: Ellipse
		q_c:	378.0	365.5	258.0
		ub :	383.4667	370.5202	264.7405
		lb :	372.5333	360.4798	251.2595
		P^-1:
			0.1597	-0.0775	0.0282
			-0.0775	0.1834	0.0197
			0.0282	0.0197	0.0458
	==================================================================================
	Q5:
		Shape: Hybrid
		q_c:	357.0	350.0	256.5
		ub :	363.6084	356.3552	262.4221
		lb :	350.3916	343.6448	250.5779
		P^-1:
			0.0552	0.0434	-0.0207
			0.0434	0.1182	-0.0393
			-0.0207	-0.0393	0.0596
		A:
			0.3491	0.9323	-0.0948
			0.0452	-0.9779	0.2042
			-0.6741	-0.3933	0.6252
			0.0717	0.1808	-0.9809
			0.3102	0.5581	0.7696
			0.5981	0.4368	-0.6719
		b:
			428.2598
			-271.5055
			-215.7066
			-159.6554
			507.0882
			196.1531
	==================================================================================
	Q6:
		Shape: Polyhedra
		q_c:	357.0	361.5	252.5
		ub :	364.3237	368.167	258.6013
		lb :	349.6763	354.833	246.3987
		A:
			0.2596	0.7796	0.5699
			0.7216	-0.5978	0.3492
			0.6483	-0.7203	0.2468
			-0.2044	0.6444	0.7369
			-0.8838	-0.0965	-0.4578
			-0.0299	-0.6247	-0.7803
			0.5529	0.4225	0.7182
			-0.5759	0.8167	-0.0371
			-0.6022	-0.3931	0.6948
			-0.5529	-0.4225	-0.7182
			0.5759	-0.8167	0.0371
			0.6022	0.3931	-0.6948
		b:
			521.0203
			133.4423
			37.3124
			349.7768
			-463.0374
			-430.4276
			533.4612
			84.2538
			-175.1475
			-529.4612
			-76.2538
			188.1475


===========================================================================================
===========================================================================================
