3D_40_15_6_a                l = 3

===========================================================================================
===========================================================================================
S1:
	q_c:    447.5000    95.0000    498.5000
	ub :    464.0000    124.0000    509.0000
	lb :    431.0000    66.0000    488.0000

	==================================================================================
	Q1:
		Shape: Polyhedra
		q_c:    457.0000    95.5000    509.0000
		ub :    464.9738    104.4717    516.9561
		lb :    449.0262    86.5283    501.0439
		A:
			    -0.4932    -0.6807    -0.5417
			    0.2119    0.8017    0.5589
			    -0.9709    -0.1929    -0.1422
			    0.4470    0.3065    0.8404
			    -0.2392    0.3795    -0.8937
			    0.7090    0.1506    0.6889
			    0.0498    0.5406    0.8398
			    -0.7538    0.5720    -0.3235
			    -0.6552    -0.6169    0.4360
			    -0.0498    -0.5406    -0.8398
			    0.7538    -0.5720    0.3235
			    0.6552    0.6169    -0.4360
		b:
			    -561.3064
			    462.5531
			    -529.0516
			    666.0173
			    -522.7791
			    694.1052
			    506.3656
			    -448.9896
			    -130.9565
			    -497.3656
			    459.9896
			    141.9565
	==================================================================================
	Q2:
		Shape: Ellipse
		q_c:    440.5000    107.5000    500.5000
		ub :    448.7225    114.5325    507.6866
		lb :    432.2775    100.4675    493.3134
		P^-1: 
			    0.0395    0.0000    0.0018
			    0.0000    0.0400    -0.0000
			    0.0018    -0.0000    0.0336
	==================================================================================
	Q3:
		Shape: Ellipse
		q_c:    438.0000    89.0000    497.5000
		ub :    445.2298    94.4116    503.6434
		lb :    430.7702    83.5884    491.3566
		P^-1: 
			    0.0667    0.0596    0.0049
			    0.0596    0.1202    0.0112
			    0.0049    0.0112    0.0409
	==================================================================================
	Q4:
		Shape: Ellipse
		q_c:    444.5000    100.0000    506.5000
		ub :    448.4428    104.5991    510.4877
		lb :    440.5572    95.4009    502.5123
		P^-1: 
			    0.1111    0.0000    -0.0000
			    0.0000    0.1111    0.0000
			    -0.0000    0.0000    0.1111
	==================================================================================
	Q5:
		Shape: Polyhedra
		q_c:    441.5000    87.5000    509.5000
		ub :    451.6118    98.4497    519.9750
		lb :    431.3882    76.5503    499.0250
		A:
			    0.9632    -0.2042    -0.1747
			    -0.0643    0.5508    -0.8322
			    0.7842    0.5283    0.3255
			    0.3348    -0.6302    0.7006
			    -0.6706    -0.0270    -0.7413
			    0.2508    0.9613    -0.1137
			    0.2880    0.4899    0.8229
			    -0.7978    -0.3526    0.4891
			    0.5298    -0.7973    0.2893
			    -0.2880    -0.4899    -0.8229
			    0.7978    0.3526    -0.4891
			    -0.5298    0.7973    -0.2893
		b:
			    324.4909
			    -397.5984
			    564.6926
			    456.4977
			    -669.1843
			    143.4450
			    596.2421
			    -128.3616
			    318.5182
			    -582.2421
			    139.3616
			    -304.5182
	==================================================================================
	Q6:
		Shape: Hybrid
		q_c:    437.0000    93.5000    488.0000
		ub :    441.8155    99.8559    493.2584
		lb :    432.1845    87.1441    482.7416
		P^-1: 
			    0.1515    0.0292    -0.0123
			    0.0292    0.0594    0.0424
			    -0.0123    0.0424    0.1422
		A:
			    -0.0718    0.6996    -0.7109
			    -0.1179    0.4465    -0.8870
			    -0.3245    0.6122    -0.7211
			    0.1936    -0.2469    -0.9495
			    -0.5560    0.1072    -0.8242
			    0.4194    0.1314    -0.8983
		b:
			    -309.0195
			    -439.4171
			    -432.6180
			    -400.5699
			    -632.7630
			    -241.0238


===========================================================================================
===========================================================================================
S2:
	q_c:    283.0000    278.5000    211.0000
	ub :    290.0000    296.0000    230.0000
	lb :    276.0000    261.0000    192.0000

	==================================================================================
	Q1:
		Shape: Polyhedra
		q_c:    289.5000    276.0000    210.5000
		ub :    293.1021    279.7778    213.6406
		lb :    285.8979    272.2222    207.3594
		A:
			    -0.1165    -0.9022    0.4153
			    -0.0751    -0.9894    0.1239
			    -0.4091    -0.8719    0.2691
			    0.5589    -0.5471    0.6232
			    -0.5683    0.8026    0.1812
			    -0.8781    0.2561    -0.4041
			    0.7585    0.5311    0.3776
			    0.6493    -0.6649    -0.3691
			    0.0550    0.5252    -0.8492
			    -0.7585    -0.5311    -0.3776
			    -0.6493    0.6649    0.3691
			    -0.0550    -0.5252    0.8492
		b:
			    -193.4390
			    -266.5919
			    -300.3739
			    143.9064
			    97.6032
			    -266.2399
			    448.1610
			    -70.7318
			    -16.3855
			    -443.1610
			    75.7318
			    19.3855
	==================================================================================
	Q2:
		Shape: Polyhedra
		q_c:    286.0000    273.5000    215.5000
		ub :    288.5215    277.3466    218.0158
		lb :    283.4785    269.6534    212.9842
		A:
			    0.6306    0.2787    -0.7244
			    0.7852    -0.2151    -0.5807
			    -0.7735    0.3066    0.5547
			    0.5811    0.1434    -0.8011
			    0.8210    0.2881    -0.4928
			    0.1240    -0.1567    0.9798
			    0.5951    0.1699    0.7855
			    -0.7886    -0.0651    0.6115
			    0.1551    -0.9833    0.0952
			    -0.5951    -0.1699    -0.7855
			    0.7886    0.0651    -0.6115
			    -0.1551    0.9833    -0.0952
		b:
			    101.8008
			    41.9569
			    -16.2364
			    33.9419
			    208.6464
			    205.6999
			    387.9396
			    -110.5765
			    -200.5583
			    -383.9396
			    112.5765
			    207.5583
	==================================================================================
	Q3:
		Shape: Hybrid
		q_c:    281.5000    274.5000    214.0000
		ub :    284.7221    277.8873    216.9570
		lb :    278.2779    271.1127    211.0430
		P^-1: 
			    0.1124    0.0097    0.0181
			    0.0097    0.1853    0.1383
			    0.0181    0.1383    0.3690
		A:
			    0.6169    0.3533    -0.7033
			    -0.0909    0.6045    0.7914
			    0.0997    -0.3437    -0.9338
			    0.3936    0.3210    0.8614
			    0.3013    0.4397    -0.8461
			    -0.0178    -0.5917    -0.8059
		b:
			    122.2050
			    310.5600
			    -265.2736
			    384.2869
			    26.3900
			    -339.1237
	==================================================================================
	Q4:
		Shape: Polyhedra
		q_c:    284.5000    279.0000    211.5000
		ub :    289.0871    283.2975    215.7470
		lb :    279.9129    274.7025    207.2530
		A:
			    0.5082    -0.6273    0.5902
			    0.4017    -0.5153    0.7570
			    0.0714    0.5249    -0.8482
			    0.0335    -0.1640    0.9859
			    -0.3372    0.6733    -0.6580
			    -0.5974    -0.6068    0.5242
			    0.3684    0.6853    0.6282
			    0.9292    -0.2493    -0.2729
			    -0.0304    0.6843    -0.7286
			    -0.3684    -0.6853    -0.6282
			    -0.9292    0.2493    0.2729
			    0.0304    -0.6843    0.7286
		b:
			    96.5296
			    132.5753
			    -10.9853
			    174.6031
			    -45.4308
			    -225.9118
			    432.3745
			    140.5627
			    29.6771
			    -425.3745
			    -133.5627
			    -26.6771
	==================================================================================
	Q5:
		Shape: Ellipse
		q_c:    281.5000    272.5000    212.5000
		ub :    285.0899    277.8311    217.7615
		lb :    277.9101    267.1689    207.2385
		P^-1: 
			    0.1600    0.0013    -0.0011
			    0.0013    0.1023    0.0479
			    -0.0011    0.0479    0.1202
	==================================================================================
	Q6:
		Shape: Polyhedra
		q_c:    278.5000    277.5000    214.5000
		ub :    282.4255    280.7571    218.6920
		lb :    274.5745    274.2429    210.3080
		A:
			    0.6492    -0.4778    0.5918
			    -0.0984    0.9548    0.2805
			    0.1835    -0.9647    -0.1889
			    -0.1352    0.8729    0.4688
			    0.6849    0.6333    0.3604
			    0.0899    0.3714    -0.9241
			    0.5706    0.8081    0.1465
			    0.7752    -0.5888    0.2287
			    0.2710    -0.0169    -0.9624
			    -0.5706    -0.8081    -0.1465
			    -0.7752    0.5888    -0.2287
			    -0.2710    0.0169    0.9624
		b:
			    177.4575
			    300.1710
			    -254.7620
			    307.8271
			    446.2897
			    -66.8184
			    417.0663
			    103.5464
			    -132.1534
			    -412.0663
			    -99.5464
			    139.1534


===========================================================================================
===========================================================================================
S3:
	q_c:    216.5000    44.0000    411.5000
	ub :    233.0000    64.0000    425.0000
	lb :    200.0000    24.0000    398.0000

	==================================================================================
	Q1:
		Shape: Ellipse
		q_c:    212.5000    43.5000    425.0000
		ub :    218.2194    49.4997    429.4834
		lb :    206.7806    37.5003    420.5166
		P^-1: 
			    0.1408    0.0723    -0.1481
			    0.0723    0.1099    -0.1100
			    -0.1481    -0.1100    0.3056
	==================================================================================
	Q2:
		Shape: Ellipse
		q_c:    217.5000    35.5000    425.5000
		ub :    221.6975    39.0875    428.4135
		lb :    213.3025    31.9125    422.5865
		P^-1: 
			    0.2918    0.3073    0.0243
			    0.3073    0.6145    0.3064
			    0.0243    0.3064    0.6006
	==================================================================================
	Q3:
		Shape: Ellipse
		q_c:    226.5000    42.5000    421.0000
		ub :    230.4175    46.9915    425.5478
		lb :    222.5825    38.0085    416.4522
		P^-1: 
			    0.1365    -0.0170    -0.0176
			    -0.0170    0.1478    -0.0127
			    -0.0176    -0.0127    0.1469
	==================================================================================
	Q4:
		Shape: Hybrid
		q_c:    216.0000    42.0000    423.5000
		ub :    221.8059    48.2733    430.3522
		lb :    210.1941    35.7267    416.6478
		P^-1: 
			    0.0961    0.0431    0.0214
			    0.0431    0.0963    0.0390
			    0.0214    0.0390    0.0701
		A:
			    -0.8329    -0.5528    0.0266
			    0.7692    -0.2500    -0.5881
			    0.7450    0.3677    0.5566
			    -0.2604    -0.6906    0.6748
			    -0.8669    -0.4916    -0.0818
			    -0.7764    -0.2873    0.5609
		b:
			    -190.0964
			    -90.6504
			    413.7366
			    203.9172
			    -240.9013
			    60.4901
	==================================================================================
	Q5:
		Shape: Polyhedra
		q_c:    226.0000    53.0000    424.5000
		ub :    230.2950    56.1072    428.6340
		lb :    221.7050    49.8928    420.3660
		A:
			    0.9594    -0.0200    0.2814
			    -0.2302    0.3199    0.9191
			    -0.4515    -0.8613    0.2331
			    -0.0766    0.9454    -0.3168
			    -0.9189    -0.1330    -0.3713
			    0.0960    -0.8396    0.5346
			    0.6984    0.1132    0.7067
			    -0.6501    -0.3127    0.6926
			    0.2994    -0.9431    -0.1448
			    -0.6984    -0.1132    -0.7067
			    0.6501    0.3127    -0.6926
			    -0.2994    0.9431    0.1448
		b:
			    337.7909
			    357.7187
			    -46.1572
			    -99.4144
			    -369.7707
			    206.5749
			    466.3270
			    133.5014
			    -41.8077
			    -461.3270
			    -127.5014
			    45.8077
	==================================================================================
	Q6:
		Shape: Hybrid
		q_c:    217.5000    39.5000    422.0000
		ub :    219.7427    45.6786    428.3108
		lb :    215.2573    33.3214    415.6892
		P^-1: 
			    3.6873    -0.0736    -1.0653
			    -0.0736    0.0492    0.0178
			    -1.0653    0.0178    0.3529
		A:
			    0.8823    0.0481    -0.4682
			    0.9182    -0.1216    -0.3771
			    -0.7196    0.6287    -0.2948
			    0.9439    -0.1022    -0.3140
			    -0.9687    -0.0090    0.2481
			    0.9476    -0.1315    -0.2913
		b:
			    -2.9149
			    36.3936
			    -252.7480
			    69.1889
			    -106.0379
			    78.4428


===========================================================================================
===========================================================================================
S4:
	q_c:    59.5000    427.0000    265.0000
	ub :    85.0000    453.0000    276.0000
	lb :    34.0000    401.0000    254.0000

	==================================================================================
	Q1:
		Shape: Ellipse
		q_c:    62.5000    415.5000    275.0000
		ub :    73.0322    426.6824    284.0573
		lb :    51.9678    404.3176    265.9427
		P^-1: 
			    0.0216    -0.0023    0.0029
			    -0.0023    0.0249    -0.0056
			    0.0029    -0.0056    0.0274
	==================================================================================
	Q2:
		Shape: Polyhedra
		q_c:    53.5000    428.0000    261.0000
		ub :    58.5743    434.1763    266.9588
		lb :    48.4257    421.8237    255.0412
		A:
			    0.7790    0.5330    0.3302
			    -0.7429    -0.5669    -0.3559
			    -0.9060    -0.3022    -0.2963
			    0.9157    0.1172    0.3844
			    -0.9268    -0.3490    -0.1386
			    0.5278    0.6414    0.5568
			    0.7501    0.4931    0.4408
			    -0.5647    0.1306    0.8149
			    0.3442    -0.8601    0.3764
			    -0.7501    -0.4931    -0.4408
			    0.5647    -0.1306    -0.8149
			    -0.3442    0.8601    -0.3764
		b:
			    357.1386
			    -374.1074
			    -253.4768
			    201.9266
			    -233.3314
			    449.7518
			    367.2038
			    242.3790
			    -245.4706
			    -365.2038
			    -234.3790
			    257.4706
	==================================================================================
	Q3:
		Shape: Polyhedra
		q_c:    63.0000    417.5000    263.0000
		ub :    70.5398    423.6173    269.8477
		lb :    55.4602    411.3827    256.1523
		A:
			    0.5100    -0.8466    0.1524
			    -0.1931    0.7771    0.5990
			    0.4878    -0.7789    -0.3942
			    0.9228    -0.0164    0.3850
			    -0.0460    -0.9891    0.1399
			    0.5390    0.8413    0.0402
			    0.6739    0.3051    0.6729
			    0.4417    -0.8965    -0.0358
			    0.5923    0.3213    -0.7388
			    -0.6739    -0.3051    -0.6729
			    -0.4417    0.8965    0.0358
			    -0.5923    -0.3213    0.7388
		b:
			    -277.6909
			    473.7572
			    -394.4124
			    156.9341
			    -375.1533
			    400.2184
			    351.3120
			    -352.3710
			    -17.8375
			    -342.3120
			    359.3710
			    27.8375
	==================================================================================
	Q4:
		Shape: Polyhedra
		q_c:    58.0000    438.0000    274.5000
		ub :    65.5873    445.5213    281.6210
		lb :    50.4127    430.4787    267.3790
		A:
			    0.7788    0.4931    -0.3877
			    0.2225    0.9092    -0.3519
			    0.0937    0.1368    -0.9862
			    -0.0453    -0.0299    0.9985
			    0.8076    -0.3366    -0.4842
			    -0.2577    -0.9348    0.2445
			    0.1144    0.7835    0.6108
			    0.5087    0.4819    -0.7134
			    -0.8533    0.3923    -0.3434
			    -0.1144    -0.7835    -0.6108
			    -0.5087    -0.4819    0.7134
			    0.8533    -0.3923    0.3434
		b:
			    158.3900
			    318.3826
			    -201.4758
			    262.3808
			    -228.4130
			    -353.3742
			    521.9636
			    47.7471
			    34.5598
			    -512.9636
			    -41.7471
			    -21.5598
	==================================================================================
	Q5:
		Shape: Polyhedra
		q_c:    64.0000    431.0000    258.5000
		ub :    72.9060    440.0471    267.7337
		lb :    55.0940    421.9529    249.2663
		A:
			    -0.1673    0.2496    0.9538
			    0.6211    0.7833    -0.0243
			    0.1752    -0.2809    0.9436
			    -0.4739    0.8792    0.0490
			    -0.9471    -0.3183    0.0405
			    -0.9372    -0.3488    0.0048
			    0.5251    0.2664    0.8083
			    0.2602    0.8540    -0.4505
			    -0.8103    0.4469    0.3791
			    -0.5251    -0.2664    -0.8083
			    -0.2602    -0.8540    0.4505
			    0.8103    -0.4469    -0.3791
		b:
			    348.9476
			    376.9315
			    139.7821
			    366.9562
			    -181.7079
			    -203.4158
			    362.8560
			    274.2713
			    244.2602
			    -351.8560
			    -262.2713
			    -233.2602
	==================================================================================
	Q6:
		Shape: Polyhedra
		q_c:    56.5000    418.5000    264.5000
		ub :    63.8535    424.4442    272.3297
		lb :    49.1465    412.5558    256.6703
		A:
			    0.3872    -0.8396    -0.3810
			    -0.3049    0.7624    -0.5708
			    -0.7841    0.5705    -0.2444
			    -0.5171    -0.8555    0.0267
			    0.5406    -0.8257    -0.1613
			    -0.0167    -0.7760    -0.6306
			    0.6824    0.3200    0.6572
			    -0.7167    0.1158    0.6878
			    0.1440    -0.9403    0.3084
			    -0.6824    -0.3200    -0.6572
			    0.7167    -0.1158    -0.6878
			    -0.1440    0.9403    -0.3084
		b:
			    -424.9437
			    155.2412
			    134.4808
			    -375.9468
			    -352.3547
			    -487.8968
			    349.3196
			    196.3834
			    -299.3121
			    -343.3196
			    -183.3834
			    308.3121


===========================================================================================
===========================================================================================
S5:
	q_c:    63.5000    421.0000    150.0000
	ub :    68.0000    442.0000    159.0000
	lb :    59.0000    400.0000    141.0000

	==================================================================================
	Q1:
		Shape: Hybrid
		q_c:    60.0000    423.0000    151.0000
		ub :    63.8646    426.7585    153.5572
		lb :    56.1354    419.2415    148.4428
		P^-1: 
			    0.2101    0.1251    0.0561
			    0.1251    0.2693    0.0767
			    0.0561    0.0767    0.3261
		A:
			    0.7212    0.2754    -0.6356
			    0.4300    0.8999    0.0730
			    0.4869    0.7765    -0.4000
			    -0.6339    0.0367    -0.7725
			    0.1511    0.7927    0.5906
			    0.4639    0.8173    0.3419
		b:
			    65.2066
			    418.4829
			    298.4592
			    -137.7964
			    434.5818
			    426.0130
	==================================================================================
	Q2:
		Shape: Hybrid
		q_c:    64.0000    424.0000    147.0000
		ub :    66.5912    426.9723    149.7744
		lb :    61.4088    421.0277    144.2256
		P^-1: 
			    0.2779    0.0540    0.0416
			    0.0540    0.3545    0.0805
			    0.0416    0.0805    0.3121
		A:
			    -0.2198    0.8736    -0.4342
			    0.3904    0.4003    -0.8291
			    -0.0270    0.9726    0.2309
			    0.7120    0.4222    0.5611
			    0.5224    0.3383    0.7827
			    0.6492    0.7494    0.1301
		b:
			    293.7288
			    74.0912
			    445.5221
			    307.9080
			    292.8064
			    379.3198
	==================================================================================
	Q3:
		Shape: Polyhedra
		q_c:    68.5000    418.5000    149.0000
		ub :    72.7031    422.5988    152.6028
		lb :    64.2969    414.4012    145.3972
		A:
			    -0.9067    0.3884    0.1645
			    0.4629    -0.8131    0.3528
			    0.1171    -0.8759    0.4680
			    -0.2478    0.0501    0.9675
			    -0.8635    -0.3273    0.3837
			    0.1594    -0.1222    0.9796
			    0.8240    0.4100    0.3910
			    -0.5280    0.8061    0.2674
			    -0.2055    -0.4268    0.8807
			    -0.8240    -0.4100    -0.3910
			    0.5280    -0.8061    -0.2674
			    0.2055    0.4268    -0.8807
		b:
			    127.5590
			    -253.6455
			    -286.6071
			    150.2910
			    -136.3789
			    108.0021
			    289.2979
			    343.5167
			    -59.4543
			    -283.2979
			    -338.5167
			    63.4543
	==================================================================================
	Q4:
		Shape: Ellipse
		q_c:    68.5000    424.0000    153.0000
		ub :    73.6242    428.1432    156.8818
		lb :    63.3758    419.8568    149.1182
		P^-1: 
			    0.0675    -0.0128    -0.0073
			    -0.0128    0.1074    -0.0022
			    -0.0073    -0.0022    0.1099
	==================================================================================
	Q5:
		Shape: Hybrid
		q_c:    63.0000    425.5000    147.5000
		ub :    66.6673    430.0600    151.2038
		lb :    59.3327    420.9400    143.7962
		P^-1: 
			    0.1537    -0.0206    -0.0054
			    -0.0206    0.0925    -0.0176
			    -0.0054    -0.0176    0.1554
		A:
			    -0.8008    -0.3675    0.4730
			    -0.7229    0.2021    -0.6608
			    -0.4407    0.2674    0.8569
			    -0.1391    0.2009    0.9697
			    -0.2925    -0.1785    0.9395
			    0.1468    0.1775    -0.9731
		b:
			    -135.5648
			    -55.7393
			    213.7893
			    221.1797
			    45.4256
			    -57.5291
	==================================================================================
	Q6:
		Shape: Ellipse
		q_c:    60.5000    422.5000    146.5000
		ub :    64.8801    426.3169    151.1050
		lb :    56.1199    418.6831    141.8950
		P^-1: 
			    0.1480    -0.0143    -0.0155
			    -0.0143    0.1431    -0.0184
			    -0.0155    -0.0184    0.1400


===========================================================================================
===========================================================================================
S6:
	q_c:    126.0000    115.0000    133.0000
	ub :    138.0000    124.0000    151.0000
	lb :    114.0000    106.0000    115.0000

	==================================================================================
	Q1:
		Shape: Ellipse
		q_c:    131.0000    118.0000    125.0000
		ub :    136.5252    123.4337    128.7799
		lb :    125.4748    112.5663    121.2201
		P^-1: 
			    0.3037    0.0618    -0.4064
			    0.0618    0.0908    -0.0381
			    -0.4064    -0.0381    0.7567
	==================================================================================
	Q2:
		Shape: Ellipse
		q_c:    132.5000    126.0000    128.5000
		ub :    140.0312    133.0124    132.9943
		lb :    124.9688    118.9876    124.0057
		P^-1: 
			    0.1196    -0.1103    0.0233
			    -0.1103    0.1383    -0.0335
			    0.0233    -0.0335    0.0915
	==================================================================================
	Q3:
		Shape: Ellipse
		q_c:    125.0000    121.5000    125.5000
		ub :    131.1182    125.7687    131.9965
		lb :    118.8818    117.2313    119.0035
		P^-1: 
			    0.0567    0.0073    0.0045
			    0.0073    0.1492    -0.0314
			    0.0045    -0.0314    0.0660
	==================================================================================
	Q4:
		Shape: Polyhedra
		q_c:    133.0000    115.5000    135.5000
		ub :    142.4537    124.5619    143.4343
		lb :    123.5463    106.4381    127.5657
		A:
			    0.3042    -0.9495    0.0763
			    0.1142    -0.9934    -0.0134
			    -0.8559    0.1288    -0.5009
			    0.3431    -0.9357    0.0820
			    0.0562    -0.7457    0.6639
			    -0.4169    0.4074    -0.8126
			    0.7127    0.6744    0.1930
			    0.3452    -0.5767    0.7405
			    0.6107    -0.4611    -0.6438
			    -0.7127    -0.6744    -0.1930
			    -0.3452    0.5767    -0.7405
			    -0.6107    0.4611    0.6438
		b:
			    -53.7627
			    -95.9660
			    -161.9873
			    -46.2402
			    15.1762
			    -114.8530
			    204.8345
			    83.1362
			    -52.7656
			    -192.8345
			    -76.1362
			    65.7656
	==================================================================================
	Q5:
		Shape: Ellipse
		q_c:    118.0000    114.0000    137.0000
		ub :    123.8978    120.0442    142.5468
		lb :    112.1022    107.9558    131.4532
		P^-1: 
			    0.0660    -0.0095    0.0082
			    -0.0095    0.0885    -0.0223
			    0.0082    -0.0223    0.0816
	==================================================================================
	Q6:
		Shape: Hybrid
		q_c:    120.5000    112.5000    143.5000
		ub :    125.0789    117.3341    148.1980
		lb :    115.9211    107.6659    138.8020
		P^-1: 
			    0.1038    0.0340    0.0093
			    0.0340    0.1340    0.0143
			    0.0093    0.0143    0.0855
		A:
			    -0.7351    -0.1543    -0.6601
			    0.7691    -0.1782    0.6138
			    -0.2200    -0.3764    -0.9000
			    0.0919    -0.0069    -0.9957
			    -0.0616    0.7509    0.6575
			    0.6598    -0.7189    0.2189
		b:
			    -198.8269
			    162.8228
			    -196.1041
			    -130.3693
			    173.1717
			    32.2568


===========================================================================================
===========================================================================================
S7:
	q_c:    242.5000    177.0000    291.5000
	ub :    267.0000    193.0000    322.0000
	lb :    218.0000    161.0000    261.0000

	==================================================================================
	Q1:
		Shape: Hybrid
		q_c:    229.0000    168.0000    294.5000
		ub :    242.6232    178.8175    308.5526
		lb :    215.3768    157.1825    280.4474
		P^-1: 
			    0.0176    -0.0014    0.0037
			    -0.0014    0.0191    0.0000
			    0.0037    0.0000    0.0098
		A:
			    -0.7248    -0.6387    0.2582
			    -0.1700    0.5286    -0.8317
			    0.4516    -0.0813    -0.8885
			    -0.8486    -0.3811    -0.3668
			    -0.0742    0.9971    -0.0191
			    -0.5735    0.4133    -0.7073
		b:
			    -192.0496
			    -189.2016
			    -164.4908
			    -362.4680
			    148.6049
			    -265.6346
	==================================================================================
	Q2:
		Shape: Ellipse
		q_c:    241.0000    161.0000    279.0000
		ub :    252.3069    172.4855    292.6016
		lb :    229.6931    149.5145    265.3984
		P^-1: 
			    0.1095    -0.1173    -0.0236
			    -0.1173    0.1429    0.0265
			    -0.0236    0.0265    0.0143
	==================================================================================
	Q3:
		Shape: Hybrid
		q_c:    250.5000    182.5000    276.0000
		ub :    257.7346    189.1585    283.2106
		lb :    243.2654    175.8415    268.7894
		P^-1: 
			    0.0240    -0.0006    0.0028
			    -0.0006    0.0426    -0.0042
			    0.0028    -0.0042    0.0464
		A:
			    0.4638    0.4700    -0.7510
			    0.6244    -0.0729    -0.7777
			    -0.3829    0.5201    -0.7635
			    -0.2755    -0.0491    0.9601
			    -0.6656    0.7335    0.1380
			    0.1061    0.8908    0.4418
		b:
			    -2.3706
			    -68.0759
			    -209.2763
			    189.7137
			    8.6412
			    313.8383
	==================================================================================
	Q4:
		Shape: Ellipse
		q_c:    240.0000    177.5000    302.0000
		ub :    247.5658    188.1465    312.5647
		lb :    232.4342    166.8535    291.4353
		P^-1: 
			    0.0321    -0.0018    -0.0034
			    -0.0018    0.0143    0.0014
			    -0.0034    0.0014    0.0183
	==================================================================================
	Q5:
		Shape: Hybrid
		q_c:    234.0000    175.5000    302.5000
		ub :    245.7295    187.5662    309.8897
		lb :    222.2705    163.4338    295.1103
		P^-1: 
			    0.0198    -0.0035    -0.0079
			    -0.0035    0.0140    -0.0035
			    -0.0079    -0.0035    0.0471
		A:
			    -0.9067    -0.2715    0.3227
			    -0.0371    -0.5856    0.8098
			    0.3507    -0.2600    0.8997
			    -0.3808    -0.3840    0.8412
			    -0.4126    0.6267    0.6610
			    0.9292    -0.0865    0.3594
		b:
			    -156.9559
			    137.1150
			    311.9283
			    101.0929
			    217.7331
			    316.3049
	==================================================================================
	Q6:
		Shape: Ellipse
		q_c:    226.5000    164.5000    283.0000
		ub :    239.3367    176.7283    296.0270
		lb :    213.6633    152.2717    269.9730
		P^-1: 
			    0.0179    0.0021    -0.0006
			    0.0021    0.0178    0.0023
			    -0.0006    0.0023    0.0163


===========================================================================================
===========================================================================================
S8:
	q_c:    67.5000    137.5000    488.0000
	ub :    78.0000    143.0000    499.0000
	lb :    57.0000    132.0000    477.0000

	==================================================================================
	Q1:
		Shape: Polyhedra
		q_c:    64.0000    134.5000    486.5000
		ub :    65.7617    135.7278    487.8959
		lb :    62.2383    133.2722    485.1041
		A:
			    0.6235    -0.7600    0.1834
			    0.6844    -0.6665    0.2958
			    0.7943    -0.2504    -0.5535
			    0.4813    -0.8625    0.1561
			    -0.0300    -0.9574    -0.2871
			    -0.5316    0.8339    -0.1481
			    0.8412    0.4662    0.2740
			    0.2639    0.0884    -0.9605
			    -0.4720    0.8803    -0.0487
			    -0.8412    -0.4662    -0.2740
			    -0.2639    -0.0884    0.9605
			    0.4720    -0.8803    0.0487
		b:
			    27.5173
			    98.7607
			    -251.1641
			    -8.7550
			    -269.4128
			    6.6129
			    251.3464
			    -437.5014
			    65.0118
			    -248.3464
			    439.5014
			    -64.0118
	==================================================================================
	Q2:
		Shape: Hybrid
		q_c:    69.0000    137.5000    486.0000
		ub :    71.7477    141.2389    489.9396
		lb :    66.2523    133.7611    482.0604
		P^-1: 
			    0.5592    -0.3449    -0.2395
			    -0.3449    0.4328    0.2318
			    -0.2395    0.2318    0.2791
		A:
			    0.8014    -0.5842    0.1284
			    -0.1898    0.1811    0.9650
			    -0.9969    -0.0772    -0.0136
			    0.2309    -0.8719    -0.4318
			    -0.7977    0.5991    -0.0698
			    -0.4743    0.5393    0.6958
		b:
			    38.5731
			    482.5713
			    -84.4969
			    -312.7231
			    -5.4549
			    380.4440
	==================================================================================
	Q3:
		Shape: Polyhedra
		q_c:    61.5000    135.0000    491.5000
		ub :    65.3498    138.4689    494.7038
		lb :    57.6502    131.5311    488.2962
		A:
			    -0.2333    0.6081    0.7588
			    0.9654    0.1745    -0.1937
			    -0.3461    0.8249    0.4469
			    -0.7209    0.6878    -0.0851
			    0.5591    -0.1625    -0.8130
			    0.0327    -0.3074    0.9510
			    0.3883    0.0562    0.9198
			    -0.8310    0.4527    0.3232
			    -0.3982    -0.8899    0.2225
			    -0.3883    -0.0562    -0.9198
			    0.8310    -0.4527    -0.3232
			    0.3982    0.8899    -0.2225
		b:
			    443.0223
			    -9.7861
			    312.1805
			    9.1496
			    -384.7762
			    430.0615
			    485.5575
			    171.3447
			    -32.7578
			    -481.5575
			    -166.3447
			    37.7578
	==================================================================================
	Q4:
		Shape: Ellipse
		q_c:    66.0000    133.5000    493.0000
		ub :    69.0600    136.6382    495.8375
		lb :    62.9400    130.3618    490.1625
		P^-1: 
			    0.5492    0.0326    -0.3990
			    0.0326    0.2349    -0.0974
			    -0.3990    -0.0974    0.6258
	==================================================================================
	Q5:
		Shape: Hybrid
		q_c:    64.5000    140.0000    487.0000
		ub :    67.2785    143.6169    490.2127
		lb :    61.7215    136.3831    483.7873
		P^-1: 
			    0.2470    0.0118    -0.0109
			    0.0118    0.2031    0.0434
			    -0.0109    0.0434    0.2098
		A:
			    -0.2205    0.2630    0.9393
			    0.5632    0.1330    0.8155
			    0.9676    -0.1710    0.1857
			    0.4710    -0.1140    -0.8747
			    -0.7476    0.6456    0.1561
			    0.8601    -0.3048    -0.4090
		b:
			    481.1114
			    453.2808
			    130.0110
			    -410.4851
			    119.3310
			    -185.3685
	==================================================================================
	Q6:
		Shape: Polyhedra
		q_c:    66.5000    141.0000    486.5000
		ub :    70.2855    144.9051    490.8450
		lb :    62.7145    137.0949    482.1550
		A:
			    -0.2959    0.9190    -0.2604
			    -0.1424    -0.9542    0.2629
			    -0.5914    -0.2461    0.7679
			    0.8885    -0.0742    0.4529
			    -0.8169    0.4792    0.3211
			    0.9703    -0.2343    0.0608
			    0.1637    0.8976    0.4092
			    0.8880    0.0466    -0.4575
			    -0.4298    0.4382    -0.7895
			    -0.1637    -0.8976    -0.4092
			    -0.8880    -0.0466    0.4575
			    0.4298    -0.4382    0.7895
		b:
			    -14.0561
			    -13.2901
			    302.0629
			    271.5049
			    172.0534
			    63.5438
			    339.5196
			    -154.4605
			    -348.3611
			    -333.5196
			    159.4605
			    353.3611


===========================================================================================
===========================================================================================
S9:
	q_c:    24.5000    176.5000    83.0000
	ub :    40.0000    185.0000    98.0000
	lb :    9.0000    168.0000    68.0000

	==================================================================================
	Q1:
		Shape: Hybrid
		q_c:    24.0000    179.0000    90.0000
		ub :    29.9514    184.6850    96.1312
		lb :    18.0486    173.3150    83.8688
		P^-1: 
			    0.0854    -0.0182    0.0072
			    -0.0182    0.0959    0.0157
			    0.0072    0.0157    0.0608
		A:
			    0.3452    0.1365    0.9285
			    0.0382    0.9607    0.2748
			    -0.8399    0.3890    -0.3784
			    -0.6454    0.6863    0.3354
			    -0.4285    -0.5370    -0.7267
			    0.2265    -0.7840    -0.5780
		b:
			    118.6415
			    199.3399
			    17.2065
			    139.1377
			    -169.8104
			    -185.2226
	==================================================================================
	Q2:
		Shape: Hybrid
		q_c:    30.0000    179.0000    87.0000
		ub :    36.9827    185.3921    92.7049
		lb :    23.0173    172.6079    81.2951
		P^-1: 
			    0.0825    -0.0521    0.0224
			    -0.0521    0.0909    -0.0343
			    0.0224    -0.0343    0.0822
		A:
			    -0.4266    0.4497    -0.7847
			    0.3445    -0.0706    0.9361
			    -0.6526    0.1721    -0.7379
			    0.8064    -0.4551    -0.3777
			    -0.9374    0.3468    0.0307
			    0.0101    -0.7545    0.6563
		b:
			    1.0206
			    81.5394
			    -50.7377
			    -87.7993
			    38.8690
			    -75.4527
	==================================================================================
	Q3:
		Shape: Hybrid
		q_c:    23.5000    170.0000    76.5000
		ub :    30.0430    175.8566    81.4167
		lb :    16.9570    164.1434    71.5833
		P^-1: 
			    0.0800    -0.0010    -0.0482
			    -0.0010    0.0810    -0.0291
			    -0.0482    -0.0291    0.1206
		A:
			    -0.5883    -0.7110    0.3852
			    0.2273    0.5219    -0.8221
			    -0.4127    0.6443    0.6439
			    -0.6215    0.5166    0.5889
			    -0.2006    -0.4593    0.8653
			    0.6890    -0.5417    -0.4815
		b:
			    -103.1099
			    32.5837
			    151.3160
			    120.1921
			    -15.1574
			    -110.7829
	==================================================================================
	Q4:
		Shape: Ellipse
		q_c:    29.0000    176.0000    81.5000
		ub :    32.8347    180.5200    85.8488
		lb :    25.1653    171.4800    77.1512
		P^-1: 
			    0.0816    0.0000    0.0000
			    0.0000    0.0816    0.0000
			    0.0000    0.0000    0.0816
	==================================================================================
	Q5:
		Shape: Ellipse
		q_c:    18.0000    170.5000    79.5000
		ub :    23.1438    175.5019    83.3412
		lb :    12.8562    165.4981    75.6588
		P^-1: 
			    0.1175    -0.0212    -0.0206
			    -0.0212    0.0941    0.0119
			    -0.0206    0.0119    0.1411
	==================================================================================
	Q6:
		Shape: Hybrid
		q_c:    31.0000    180.5000    88.0000
		ub :    37.3869    186.5645    95.1266
		lb :    24.6131    174.4355    80.8734
		P^-1: 
			    0.0614    -0.0030    -0.0020
			    -0.0030    0.0543    -0.0056
			    -0.0020    -0.0056    0.0587
		A:
			    0.1624    -0.8779    0.4504
			    -0.2380    0.9216    -0.3067
			    0.9974    -0.0702    -0.0136
			    0.3051    0.1472    -0.9409
			    -0.2315    -0.1545    -0.9605
			    -0.7077    0.1964    -0.6786
		b:
			    -111.7085
			    134.1029
			    19.0883
			    -44.7260
			    -117.3338
			    -44.1152


===========================================================================================
===========================================================================================
S10:
	q_c:    452.5000    439.0000    162.5000
	ub :    468.0000    455.0000    189.0000
	lb :    437.0000    423.0000    136.0000

	==================================================================================
	Q1:
		Shape: Polyhedra
		q_c:    462.0000    448.5000    151.0000
		ub :    469.8400    458.2544    160.4563
		lb :    454.1600    438.7456    141.5437
		A:
			    -0.4919    -0.8136    -0.3101
			    -0.6471    -0.7512    -0.1299
			    0.4690    -0.5119    0.7197
			    0.5637    0.8036    0.1910
			    -0.8712    -0.4716    -0.1364
			    -0.6558    -0.7526    -0.0583
			    0.8034    0.3522    0.4802
			    -0.1184    -0.6957    0.7085
			    0.5836    -0.6260    -0.5172
			    -0.8034    -0.3522    -0.4802
			    0.1184    0.6957    -0.7085
			    -0.5836    0.6260    0.5172
		b:
			    -634.3113
			    -651.2722
			    100.8499
			    654.1295
			    -630.7102
			    -645.0640
			    605.1309
			    -254.2561
			    -81.7428
			    -598.1309
			    265.2561
			    96.7428
	==================================================================================
	Q2:
		Shape: Hybrid
		q_c:    462.5000    455.5000    146.0000
		ub :    474.0863    465.0683    157.0648
		lb :    450.9137    445.9317    134.9352
		P^-1: 
			    0.0197    -0.0001    -0.0040
			    -0.0001    0.0177    -0.0006
			    -0.0040    -0.0006    0.0197
		A:
			    0.6301    0.6921    -0.3521
			    -0.7807    -0.5769    -0.2403
			    0.9432    0.0236    0.3314
			    0.8875    -0.4474    0.1104
			    -0.3408    0.3694    0.8645
			    0.8894    -0.4489    -0.0869
		b:
			    559.0724
			    -654.4716
			    499.8491
			    226.9409
			    140.5455
			    198.1368
	==================================================================================
	Q3:
		Shape: Hybrid
		q_c:    442.5000    446.5000    147.5000
		ub :    452.5981    453.0951    157.9725
		lb :    432.4019    439.9049    137.0275
		P^-1: 
			    0.0303    -0.0153    0.0111
			    -0.0153    0.0702    -0.0162
			    0.0111    -0.0162    0.0246
		A:
			    0.3635    0.7831    -0.5046
			    0.9175    0.0196    0.3973
			    0.0864    -0.7823    0.6169
			    0.6426    0.7616    -0.0835
			    -0.2316    -0.9553    0.1835
			    0.3773    -0.9191    -0.1138
		b:
			    439.9320
			    477.2931
			    -217.3025
			    616.1500
			    -499.1967
			    -257.4191
	==================================================================================
	Q4:
		Shape: Ellipse
		q_c:    440.0000    428.0000    151.0000
		ub :    448.1544    439.5924    161.0261
		lb :    431.8456    416.4076    140.9739
		P^-1: 
			    0.1255    0.0619    0.0143
			    0.0619    0.0410    0.0075
			    0.0143    0.0075    0.0129
	==================================================================================
	Q5:
		Shape: Hybrid
		q_c:    450.5000    448.5000    177.5000
		ub :    457.3857    455.7301    185.6138
		lb :    443.6143    441.2699    169.3862
		P^-1: 
			    0.0480    -0.0006    -0.0033
			    -0.0006    0.0400    0.0002
			    -0.0033    0.0002    0.0414
		A:
			    -0.2007    0.6234    -0.7557
			    0.9986    0.0118    -0.0520
			    -0.0216    0.7665    0.6419
			    0.6499    -0.6062    -0.4585
			    0.0820    -0.9600    -0.2677
			    0.7882    0.6146    -0.0309
		b:
			    57.7817
			    448.2282
			    450.6799
			    -58.0649
			    -438.4209
			    627.7681
	==================================================================================
	Q6:
		Shape: Ellipse
		q_c:    441.5000    436.0000    148.5000
		ub :    457.5888    451.5271    164.9768
		lb :    425.4112    420.4729    132.0232
		P^-1: 
			    0.0102    -0.0005    0.0004
			    -0.0005    0.0112    -0.0011
			    0.0004    -0.0011    0.0110


===========================================================================================
===========================================================================================
S11:
	q_c:    396.5000    289.0000    126.5000
	ub :    418.0000    305.0000    143.0000
