3D_45_5_6_d                l = 3

===========================================================================================
===========================================================================================
S1:
	q_c:    60.5000    114.0000    383.5000
	ub :    80.0000    123.0000    401.0000
	lb :    41.0000    105.0000    366.0000

	==================================================================================
	Q1:
		Shape: Hybrid
		q_c:    59.0000    118.5000    388.5000
		ub :    62.4558    122.2414    392.4056
		lb :    55.5442    114.7586    384.5944
		P^-1: 
			    0.2237    -0.0305    -0.0273
			    -0.0305    0.1746    0.0131
			    -0.0273    0.0131    0.1717
		A:
			    -0.3228    -0.8356    -0.4445
			    0.1702    0.8849    0.4335
			    -0.7953    -0.5038    -0.3371
			    -0.4583    -0.1434    0.8772
			    0.7474    -0.4837    0.4555
			    -0.0943    -0.5440    0.8338
		b:
			    -289.2764
			    284.7722
			    -236.1280
			    298.0521
			    165.0501
			    255.3862
	==================================================================================
	Q2:
		Shape: Hybrid
		q_c:    66.0000    119.0000    382.5000
		ub :    72.3387    126.1941    386.9361
		lb :    59.6613    111.8059    378.0639
		P^-1: 
			    0.0667    0.0240    0.0018
			    0.0240    0.0426    -0.0000
			    0.0018    -0.0000    0.0626
		A:
			    -0.1474    -0.9858    -0.0804
			    -0.8658    0.0208    -0.5000
			    -0.8829    -0.0520    0.4667
			    0.7435    0.6638    -0.0810
			    -0.2559    -0.6020    0.7564
			    0.8189    0.1925    -0.5407
		b:
			    -154.4237
			    -243.4257
			    116.5126
			    98.9545
			    203.2654
			    -127.6891
	==================================================================================
	Q3:
		Shape: Polyhedra
		q_c:    61.5000    122.5000    391.0000
		ub :    69.3691    128.5077    398.3602
		lb :    53.6309    116.4923    383.6398
		A:
			    0.5614    -0.0289    0.8270
			    0.1228    -0.8196    -0.5596
			    0.6845    0.4538    0.5705
			    -0.7320    -0.5415    -0.4135
			    0.6540    0.6935    0.3022
			    0.4190    0.7418    0.5236
			    0.3028    0.7289    0.6140
			    0.7950    0.1621    -0.5846
			    -0.5257    0.6651    -0.5304
			    -0.3028    -0.7289    -0.6140
			    -0.7950    -0.1621    0.5846
			    0.5257    -0.6651    0.5304
		b:
			    358.7042
			    -308.6771
			    323.8383
			    -269.8082
			    246.4173
			    323.5140
			    349.9822
			    -154.3151
			    -152.7309
			    -345.9822
			    165.3151
			    163.7309
	==================================================================================
	Q4:
		Shape: Polyhedra
		q_c:    59.0000    110.0000    379.0000
		ub :    64.8402    116.0303    385.5815
		lb :    53.1598    103.9697    372.4185
		A:
			    0.6320    -0.5750    0.5196
			    0.8430    0.4890    -0.2241
			    0.0804    -0.2505    0.9648
			    0.2353    0.7625    0.6027
			    0.4614    0.0273    0.8867
			    -0.5884    -0.7982    -0.1295
			    0.6794    0.3479    0.6460
			    0.7227    -0.1649    -0.6712
			    -0.1270    0.9229    -0.3634
			    -0.6794    -0.3479    -0.6460
			    -0.7227    0.1649    0.6712
			    0.1270    -0.9229    0.3634
		b:
			    175.1504
			    22.5189
			    346.8546
			    329.9730
			    369.9883
			    -167.6452
			    326.6995
			    -225.8985
			    -39.2120
			    -319.6995
			    233.8985
			    48.2120
	==================================================================================
	Q5:
		Shape: Polyhedra
		q_c:    61.0000    103.5000    380.5000
		ub :    66.4883    108.8369    386.3605
		lb :    55.5117    98.1631    374.6395
		A:
			    -0.9323    0.3368    -0.1317
			    0.8545    0.2274    -0.4670
			    0.6230    0.7018    -0.3456
			    0.8806    -0.4566    -0.1270
			    -0.7566    0.2386    0.6088
			    0.8175    -0.4119    0.4025
			    0.0981    0.9135    0.3948
			    0.4635    0.3091    -0.8305
			    -0.8807    0.2645    -0.3930
			    -0.0981    -0.9135    -0.3948
			    -0.4635    -0.3091    0.8305
			    0.8807    -0.2645    0.3930
		b:
			    -68.1768
			    -98.3746
			    -17.3520
			    -37.9837
			    213.8093
			    164.3696
			    254.2402
			    -252.2345
			    -171.9054
			    -247.2402
			    259.2345
			    179.9054
	==================================================================================
	Q6:
		Shape: Polyhedra
		q_c:    53.0000    118.0000    386.5000
		ub :    58.6597    123.8908    389.6604
		lb :    47.3403    112.1092    383.3396
		A:
			    -0.1120    -0.2420    -0.9638
			    -0.6005    -0.7601    0.2483
			    0.8424    -0.0377    -0.5375
			    0.1100    0.3920    -0.9134
			    -0.0916    0.3164    -0.9442
			    -0.7283    -0.1307    -0.6727
			    0.5971    0.5032    0.6247
			    0.6399    -0.7684    0.0074
			    0.4837    0.3953    -0.7808
			    -0.5971    -0.5032    -0.6247
			    -0.6399    0.7684    -0.0074
			    -0.4837    -0.3953    0.7808
		b:
			    -404.6202
			    -23.1695
			    -164.2805
			    -298.5992
			    -329.8910
			    -311.0585
			    334.9697
			    -48.8991
			    -227.5083
			    -329.9697
			    58.8991
			    231.5083


===========================================================================================
===========================================================================================
S2:
	q_c:    114.0000    420.0000    133.0000
	ub :    129.0000    454.0000    142.0000
	lb :    99.0000    386.0000    124.0000

	==================================================================================
	Q1:
		Shape: Hybrid
		q_c:    111.0000    419.0000    125.0000
		ub :    118.3413    424.4325    131.9117
		lb :    103.6587    413.5675    118.0883
		P^-1: 
			    0.0592    0.0302    0.0091
			    0.0302    0.0876    0.0144
			    0.0091    0.0144    0.0444
		A:
			    0.8150    0.1034    0.5701
			    0.0689    -0.7413    0.6676
			    0.8159    0.4721    0.3337
			    0.1466    0.7776    -0.6115
			    -0.6128    -0.1010    -0.7837
			    -0.8153    0.5673    0.1159
		b:
			    207.8127
			    -216.2655
			    332.0951
			    268.6044
			    -205.4198
			    165.1973
	==================================================================================
	Q2:
		Shape: Ellipse
		q_c:    110.0000    425.5000    140.5000
		ub :    116.6195    432.4826    146.3501
		lb :    103.3805    418.5174    134.6499
		P^-1: 
			    0.0657    0.0169    0.0213
			    0.0169    0.0670    0.0221
			    0.0213    0.0221    0.0772
	==================================================================================
	Q3:
		Shape: Ellipse
		q_c:    111.0000    423.5000    133.0000
		ub :    117.3420    430.1869    138.9407
		lb :    104.6580    416.8131    127.0593
		P^-1: 
			    0.0433    -0.0077    -0.0026
			    -0.0077    0.0664    -0.0104
			    -0.0026    -0.0104    0.0744
	==================================================================================
	Q4:
		Shape: Polyhedra
		q_c:    108.0000    428.0000    135.0000
		ub :    112.0531    432.5666    138.7974
		lb :    103.9469    423.4334    131.2026
		A:
			    -0.3419    0.0447    0.9387
			    0.3989    -0.9145    -0.0674
			    -0.6825    -0.7032    0.1993
			    -0.8423    -0.4507    -0.2957
			    0.9439    0.1945    0.2668
			    0.6118    -0.3424    -0.7131
			    0.5324    0.0557    0.8447
			    -0.8382    0.1743    0.5168
			    -0.1184    -0.9831    0.1394
			    -0.5324    -0.0557    -0.8447
			    0.8382    -0.1743    -0.5168
			    0.1184    0.9831    -0.1394
		b:
			    111.5911
			    -353.6912
			    -344.1248
			    -320.9321
			    223.7979
			    -173.7739
			    197.3520
			    56.8286
			    -410.7446
			    -193.3520
			    -50.8286
			    418.7446
	==================================================================================
	Q5:
		Shape: Hybrid
		q_c:    105.0000    426.0000    140.0000
		ub :    110.1914    432.7024    146.2673
		lb :    99.8086    419.2976    133.7327
		P^-1: 
			    0.1574    0.0411    0.0856
			    0.0411    0.0715    0.0490
			    0.0856    0.0490    0.1236
		A:
			    -0.7774    -0.4224    -0.4661
			    -0.4677    0.2464    0.8488
			    0.8925    -0.4285    0.1411
			    -0.2728    -0.0698    -0.9595
			    -0.0878    -0.5643    -0.8209
			    0.8364    -0.5373    0.1082
		b:
			    -325.6598
			    177.8504
			    -66.5591
			    -190.4801
			    -362.5045
			    -123.1979
	==================================================================================
	Q6:
		Shape: Hybrid
		q_c:    117.5000    413.5000    133.0000
		ub :    120.8619    417.9956    137.5021
		lb :    114.1381    409.0044    128.4979
		P^-1: 
			    0.1547    -0.0034    -0.0193
			    -0.0034    0.0630    0.0033
			    -0.0193    0.0033    0.0864
		A:
			    0.7538    0.0298    0.6564
			    0.6006    0.7500    -0.2771
			    -0.7822    0.5006    -0.3708
			    0.9438    -0.1741    -0.2810
			    0.4488    0.3889    -0.8045
			    -0.7021    0.6966    0.1475
		b:
			    190.1898
			    346.0876
			    67.7526
			    2.8184
			    108.5931
			    227.1724


===========================================================================================
===========================================================================================
S3:
	q_c:    352.0000    24.0000    331.5000
	ub :    373.0000    48.0000    356.0000
	lb :    331.0000    0.0000    307.0000

	==================================================================================
	Q1:
		Shape: Hybrid
		q_c:    352.0000    29.0000    352.0000
		ub :    366.5162    43.5055    366.0513
		lb :    337.4838    14.4945    337.9487
		P^-1: 
			    0.0143    0.0011    0.0024
			    0.0011    0.0146    -0.0021
			    0.0024    -0.0021    0.0114
		A:
			    0.7306    -0.6584    -0.1808
			    0.1142    0.8815    -0.4581
			    0.7214    0.0050    0.6925
			    -0.3840    -0.8719    0.3040
			    0.9535    0.1613    -0.2544
			    -0.0831    0.7479    -0.6586
		b:
			    179.8686
			    -91.4670
			    502.0008
			    -49.4424
			    255.6528
			    -235.2468
	==================================================================================
	Q2:
		Shape: Hybrid
		q_c:    372.5000    11.0000    325.0000
		ub :    385.6471    25.7896    337.0301
		lb :    359.3529    -3.7896    312.9699
		P^-1: 
			    0.0131    -0.0010    -0.0008
			    -0.0010    0.0126    -0.0014
			    -0.0008    -0.0014    0.0149
		A:
			    0.5546    0.8003    -0.2278
			    -0.6322    0.1975    0.7492
			    0.7035    -0.5705    -0.4238
			    0.3285    -0.0768    0.9414
			    -0.8397    -0.5350    0.0933
			    0.6055    -0.3812    -0.6986
		b:
			    146.3441
			    14.4611
			    122.5486
			    431.8613
			    -283.2329
			    -1.3110
	==================================================================================
	Q3:
		Shape: Ellipse
		q_c:    349.5000    23.0000    330.0000
		ub :    360.9288    30.5646    340.2642
		lb :    338.0712    15.4354    319.7358
		P^-1: 
			    0.0154    0.0009    -0.0027
			    0.0009    0.0236    0.0003
			    -0.0027    0.0003    0.0189
	==================================================================================
	Q4:
		Shape: Hybrid
		q_c:    340.5000    40.0000    345.0000
		ub :    351.0785    51.6318    359.8520
		lb :    329.9215    28.3682    330.1480
		P^-1: 
			    2.1067    -1.9175    -0.5444
			    -1.9175    1.7610    0.4959
			    -0.5444    0.4959    0.1499
		A:
			    0.7454    -0.6289    -0.2213
			    0.7601    -0.6152    -0.2094
			    -0.7432    0.6359    0.2080
			    0.6058    -0.7085    -0.3621
			    -0.6959    0.6949    0.1811
			    -0.6634    0.7126    0.2281
		b:
			    152.7645
			    162.5088
			    -155.4917
			    55.2586
			    -146.2360
			    -117.7895
	==================================================================================
	Q5:
		Shape: Polyhedra
		q_c:    344.0000    22.5000    333.5000
		ub :    350.2057    31.7912    345.7928
		lb :    337.7943    13.2088    321.2072
		A:
			    0.9272    -0.3728    -0.0353
			    -0.1610    -0.9866    -0.0255
			    -0.5386    0.6768    -0.5019
			    0.9979    0.0600    -0.0231
			    -0.7525    0.5925    0.2875
			    0.2467    -0.0792    -0.9658
			    0.0789    0.1667    0.9828
			    -0.9888    0.1387    0.0558
			    -0.1270    -0.9762    0.1758
			    -0.0789    -0.1667    -0.9828
			    0.9888    -0.1387    -0.0558
			    0.1270    0.9762    -0.1758
		b:
			    303.4863
			    -78.8680
			    -330.2310
			    341.6084
			    -143.6418
			    -228.5179
			    369.6571
			    -313.9026
			    -0.0285
			    -347.6571
			    322.9026
			    14.0285
	==================================================================================
	Q6:
		Shape: Polyhedra
		q_c:    346.5000    4.0000    333.5000
		ub :    356.1579    13.2779    341.5344
		lb :    336.8421    -5.2779    325.4656
		A:
			    -0.4716    0.6613    0.5834
			    -0.3485    0.8697    0.3495
			    0.1507    0.0216    -0.9883
			    -0.0084    0.9552    -0.2959
			    -0.3136    0.4974    0.8089
			    -0.2700    0.8577    0.4376
			    0.8801    0.4569    0.1288
			    0.0479    -0.3554    0.9335
			    0.4723    -0.8154    -0.3347
			    -0.8801    -0.4569    -0.1288
			    -0.0479    0.3554    -0.9335
			    -0.4723    0.8154    0.3347
		b:
			    38.0070
			    3.4110
			    -271.5664
			    -92.0820
			    167.8553
			    60.1383
			    358.2496
			    332.4950
			    52.7521
			    -341.2496
			    -320.4950
			    -44.7521


===========================================================================================
===========================================================================================
S4:
	q_c:    357.5000    419.0000    178.0000
	ub :    368.0000    448.0000    203.0000
	lb :    347.0000    390.0000    153.0000

	==================================================================================
	Q1:
		Shape: Ellipse
		q_c:    358.5000    414.5000    178.5000
		ub :    366.0003    423.0079    187.0039
		lb :    350.9997    405.9921    169.9961
		P^-1: 
			    0.0409    0.0055    -0.0060
			    0.0055    0.0400    -0.0007
			    -0.0060    -0.0007    0.0416
	==================================================================================
	Q2:
		Shape: Polyhedra
		q_c:    368.0000    420.0000    170.0000
		ub :    369.9355    422.6288    172.5184
		lb :    366.0645    417.3712    167.4816
		A:
			    -0.6215    -0.2892    0.7281
			    0.2217    0.9323    0.2857
			    0.4137    -0.8336    -0.3659
			    -0.5425    0.3162    0.7783
			    0.8256    -0.2110    -0.5234
			    0.8427    0.2019    -0.4990
			    0.6537    0.4257    0.6256
			    -0.7497    0.2524    0.6117
			    0.1026    -0.8690    0.4842
			    -0.6537    -0.4257    -0.6256
			    0.7497    -0.2524    -0.6117
			    -0.1026    0.8690    -0.4842
		b:
			    -225.0375
			    523.4502
			    -258.6202
			    66.5214
			    127.2271
			    311.3023
			    527.2343
			    -64.9173
			    -242.9129
			    -524.2343
			    66.9173
			    246.9129
	==================================================================================
	Q3:
		Shape: Polyhedra
		q_c:    355.5000    433.0000    188.0000
		ub :    360.0995    438.1872    192.6736
		lb :    350.9005    427.8128    183.3264
		A:
			    -0.8705    0.3246    0.3700
			    -0.8006    0.4025    0.4438
			    -0.5802    0.4803    0.6578
			    -0.8966    -0.2184    -0.3852
			    -0.8105    0.5833    0.0537
			    -0.5817    -0.3952    -0.7110
			    0.2577    0.3072    0.9161
			    -0.2583    0.9355    -0.2410
			    -0.9311    -0.1746    0.3204
			    -0.2577    -0.3072    -0.9161
			    0.2583    -0.9355    0.2410
			    0.9311    0.1746    -0.3204
		b:
			    -96.1114
			    -23.6376
			    128.6032
			    -482.6991
			    -21.9058
			    -508.5640
			    399.8310
			    271.9265
			    -343.3435
			    -393.8310
			    -263.9265
			    349.3435
	==================================================================================
	Q4:
		Shape: Polyhedra
		q_c:    351.5000    414.0000    173.5000
		ub :    359.9475    421.4985    181.5919
		lb :    343.0525    406.5015    165.4081
		A:
			    0.5059    0.0082    0.8626
			    0.1991    0.8505    -0.4867
			    -0.8905    0.4387    0.1209
			    0.4890    0.6125    0.6211
			    -0.9092    -0.3839    -0.1613
			    -0.9229    -0.3551    -0.1488
			    0.6999    0.6187    0.3567
			    0.5356    -0.7851    0.3109
			    0.4725    -0.0266    -0.8810
			    -0.6999    -0.6187    -0.3567
			    -0.5356    0.7851    -0.3109
			    -0.4725    0.0266    0.8810
		b:
			    335.9734
			    343.5526
			    -104.1044
			    536.5766
			    -502.9132
			    -493.5487
			    567.0773
			    -75.8397
			    7.7150
			    -561.0773
			    89.8397
			    3.2850
	==================================================================================
	Q5:
		Shape: Polyhedra
		q_c:    369.5000    424.5000    176.0000
		ub :    377.3248    431.0111    183.8835
		lb :    361.6752    417.9889    168.1165
		A:
			    0.6224    -0.7021    0.3460
			    0.0797    -0.3985    0.9137
			    -0.4428    -0.8498    0.2860
			    -0.0467    0.9925    -0.1130
			    0.2716    -0.7420    0.6129
			    -0.5059    0.7966    -0.3307
			    0.0635    0.3185    0.9458
			    0.1295    0.9370    -0.3243
			    -0.9895    0.1431    0.0183
			    -0.0635    -0.3185    -0.9458
			    -0.1295    -0.9370    0.3243
			    0.9895    -0.1431    -0.0183
		b:
			    -1.5728
			    26.8299
			    -470.0180
			    388.0403
			    -102.0701
			    98.1408
			    332.1563
			    392.0463
			    -294.6814
			    -318.1563
			    -385.0463
			    308.6814
	==================================================================================
	Q6:
		Shape: Hybrid
		q_c:    366.0000    423.5000    184.5000
		ub :    374.1003    432.3110    192.6006
		lb :    357.8997    414.6890    176.3994
		P^-1: 
			    0.0533    0.0151    0.0200
			    0.0151    0.0438    0.0173
			    0.0200    0.0173    0.0412
		A:
			    -0.9131    0.3832    -0.1394
			    0.0768    -0.5600    -0.8249
			    0.2049    0.9270    -0.3140
			    0.4801    0.0112    0.8771
			    -0.2605    -0.9474    -0.1858
			    0.8846    0.2376    0.4012
		b:
			    -194.2450
			    -358.0982
			    413.7000
			    345.2896
			    -527.9581
			    500.5292


===========================================================================================
===========================================================================================
S5:
	q_c:    190.5000    105.5000    412.5000
	ub :    202.0000    133.0000    438.0000
	lb :    179.0000    78.0000    387.0000

	==================================================================================
	Q1:
		Shape: Ellipse
		q_c:    197.5000    100.5000    424.0000
		ub :    206.4299    109.5591    434.5551
		lb :    188.5701    91.4409    413.4449
		P^-1: 
			    0.0274    -0.0025    0.0058
			    -0.0025    0.0276    0.0005
			    0.0058    0.0005    0.0262
	==================================================================================
	Q2:
		Shape: Hybrid
		q_c:    199.0000    102.0000    410.5000
		ub :    203.1612    107.0572    414.9267
		lb :    194.8388    96.9428    406.0733
		P^-1: 
			    0.1676    -0.0416    0.0190
			    -0.0416    0.0887    -0.0677
			    0.0190    -0.0677    0.2031
		A:
			    0.0012    0.2478    -0.9688
			    0.7265    -0.4626    0.5081
			    -0.4574    -0.5605    0.6904
			    -0.4294    -0.4355    0.7911
			    -0.2143    -0.4205    0.8816
			    0.9288    -0.2731    0.2504
		b:
			    -371.0087
			    307.0558
			    136.9019
			    196.3212
			    277.5847
			    261.0661
	==================================================================================
	Q3:
		Shape: Polyhedra
		q_c:    188.5000    104.5000    408.0000
		ub :    195.8804    113.2023    414.6333
		lb :    181.1196    95.7977    401.3667
		A:
			    -0.2306    0.7690    -0.5962
			    0.3610    0.6731    -0.6455
			    -0.1174    -0.3738    -0.9201
			    0.5643    -0.4902    -0.6642
			    -0.7055    0.0660    -0.7056
			    -0.4629    0.4157    0.7829
			    0.8737    0.4678    0.1336
			    0.4861    -0.8273    -0.2816
			    -0.0213    0.3110    -0.9502
			    -0.8737    -0.4678    -0.1336
			    -0.4861    0.8273    0.2816
			    0.0213    -0.3110    0.9502
		b:
			    -201.2896
			    -120.2343
			    -431.5543
			    -210.1960
			    -409.1815
			    281.0766
			    273.0642
			    -103.7328
			    -354.6891
			    -263.0642
			    115.7328
			    363.6891
	==================================================================================
	Q4:
		Shape: Hybrid
		q_c:    180.5000    106.5000    415.0000
		ub :    185.3780    111.5292    419.1865
		lb :    175.6220    101.4708    410.8135
		P^-1: 
			    0.2107    0.0066    -0.1707
			    0.0066    0.0960    -0.0493
			    -0.1707    -0.0493    0.3113
		A:
			    -0.5123    -0.4876    0.7070
			    -0.5977    -0.6902    0.4078
			    -0.2624    0.7245    -0.6374
			    -0.9476    -0.0403    0.3169
			    -0.5668    -0.8065    -0.1683
			    -0.6970    0.5541    0.4551
		b:
			    150.1499
			    -10.2055
			    -232.6796
			    -42.1953
			    -254.9830
			    123.7778
	==================================================================================
	Q5:
		Shape: Polyhedra
		q_c:    197.5000    115.0000    422.0000
		ub :    202.9163    120.1189    428.3962
		lb :    192.0837    109.8811    415.6038
		A:
			    0.4293    0.6878    0.5853
			    0.7654    -0.6424    0.0381
			    0.6137    -0.7231    -0.3170
			    -0.9070    0.1160    0.4049
			    -0.8069    0.2716    0.5245
			    0.7386    0.6741    0.0086
			    0.3292    0.1688    0.9291
			    0.5929    0.7288    -0.3425
			    -0.7349    0.6636    0.1399
			    -0.3292    -0.1688    -0.9291
			    -0.5929    -0.7288    0.3425
			    0.7349    -0.6636    -0.1399
		b:
			    415.6349
			    95.1010
			    -93.9013
			    8.0236
			    95.9775
			    231.5585
			    481.4862
			    60.8911
			    -8.3075
			    -471.4862
			    -51.8911
			    11.3075
	==================================================================================
	Q6:
		Shape: Polyhedra
		q_c:    194.0000    113.0000    421.0000
		ub :    200.9190    119.3339    426.2994
		lb :    187.0810    106.6661    415.7006
		A:
			    -0.3707    -0.8331    0.4105
			    -0.9954    -0.0556    -0.0779
			    -0.9668    -0.2544    -0.0230
			    -0.1272    -0.8509    0.5097
			    0.7100    0.4540    -0.5382
			    -0.4878    -0.4204    0.7651
			    0.5257    0.3409    0.7794
			    -0.6935    0.7023    0.1607
			    -0.4926    -0.6250    0.6056
			    -0.5257    -0.3409    -0.7794
			    0.6935    -0.7023    -0.1607
			    0.4926    0.6250    -0.6056
		b:
			    8.9388
			    -227.6969
			    -222.0436
			    96.4640
			    -35.4453
			    181.8784
			    473.1258
			    17.9594
			    90.2726
			    -464.1258
			    -6.9594
			    -87.2726


===========================================================================================
===========================================================================================
