3D_45_9_6_e                l = 3

===========================================================================================
===========================================================================================
S1:
	q_c:	149.0	433.5	356.5
	ub :	162.9955	443.5936	370.3035
	lb :	138.9636	419.2804	346.205

	==================================================================================
	Q1:
		Shape: Ellipse
		q_c:	143.0	429.5	350.5
		ub :	146.5878	433.3649	354.795
		lb :	139.4122	425.6351	346.205
		P^-1:
			0.1111	-0.0	0.0
			-0.0	0.1111	-0.0
			0.0	-0.0	0.1111
	==================================================================================
	Q2:
		Shape: Hybrid
		q_c:	158.0	432.5	356.0
		ub :	162.9955	437.3578	360.7124
		lb :	153.0045	427.6422	351.2876
		P^-1:
			0.1666	0.0194	0.0891
			0.0194	0.0856	0.0245
			0.0891	0.0245	0.142
		A:
			0.1676	0.438	0.8832
			-0.8256	0.1673	-0.539
			-0.293	0.8107	-0.5068
			0.2377	-0.1212	0.9638
			0.0143	0.833	-0.5531
			0.8711	0.4178	0.258
		b:
			532.1575
			-248.7081
			126.3548
			330.1735
			168.3359
			411.7482
	==================================================================================
	Q3:
		Shape: Polyhedra
		q_c:	147.0	429.5	362.5
		ub :	150.6014	432.6192	366.9901
		lb :	143.3986	426.3808	358.0099
		A:
			-0.921	-0.301	-0.2473
			0.4236	0.9005	-0.0985
			-0.2459	-0.9678	0.0545
			0.395	0.2272	0.8901
			0.5877	-0.7591	0.2799
			-0.9244	-0.3145	-0.2156
			0.6382	0.7691	0.035
			0.647	-0.5604	0.5171
			0.4173	-0.3073	-0.8552
			-0.6382	-0.7691	-0.035
			-0.647	0.5604	-0.5171
			-0.4173	0.3073	0.8552
		b:
			-352.864
			414.4473
			-430.673
			481.2702
			-136.0495
			-347.7135
			437.834
			43.8717
			-376.6683
			-435.834
			-39.8717
			384.6683
	==================================================================================
	Q4:
		Shape: Ellipse
		q_c:	155.5	430.0	353.0
		ub :	156.9125	433.5637	356.5854
		lb :	154.0875	426.4363	349.4146
		P^-1:
			3.3802	-0.711	-1.1526
			-0.711	0.4551	0.4616
			-1.1526	0.4616	0.6908
	==================================================================================
	Q5:
		Shape: Hybrid
		q_c:	145.0	438.5	358.0
		ub :	151.0364	443.5936	364.4656
		lb :	138.9636	433.4064	351.5344
		P^-1:
			0.0526	-0.0006	0.0065
			-0.0006	0.1011	-0.0202
			0.0065	-0.0202	0.0693
		A:
			-0.008	0.6044	0.7967
			0.2858	-0.2593	0.9225
			-0.4207	0.7268	-0.5429
			-0.6999	0.3398	-0.6282
			-0.1868	0.6662	-0.722
			-0.993	-0.0962	-0.0692
		b:
			551.6431
			260.1386
			65.0457
			-175.159
			8.2405
			-208.0733
	==================================================================================
	Q6:
		Shape: Ellipse
		q_c:	148.0	428.0	362.0
		ub :	155.6512	436.7196	370.3035
		lb :	140.3488	419.2804	353.6965
		P^-1:
			0.0492	0.009	0.0115
			0.009	0.0381	0.0064
			0.0115	0.0064	0.0413


===========================================================================================
===========================================================================================
S2:
	q_c:	269.5	226.0	182.5
	ub :	284.3926	238.7444	199.269
	lb :	250.8386	206.3181	165.1923

	==================================================================================
	Q1:
		Shape: Polyhedra
		q_c:	260.5	215.5	185.0
		ub :	270.1614	224.6819	194.157
		lb :	250.8386	206.3181	175.843
		A:
			0.9175	0.3364	0.2123
			0.7899	0.3042	0.5324
			-0.8267	0.5079	-0.2421
			-0.237	-0.7271	-0.6443
			-0.9788	0.1823	0.0935
			0.2139	-0.8733	0.4377
			0.6041	0.0209	0.7966
			-0.7653	0.2939	0.5727
			-0.2222	-0.9556	0.1935
			-0.6041	-0.0209	-0.7966
			0.7653	-0.2939	-0.5727
			0.2222	0.9556	-0.1935
		b:
			356.7963
			375.3008
			-144.6858
			-331.3099
			-192.2509
			-44.503
			314.2489
			-23.5736
			-220.5048
			-304.2489
			36.5736
			235.5048
	==================================================================================
	Q2:
		Shape: Hybrid
		q_c:	275.0	226.0	190.5
		ub :	283.4217	234.0694	199.269
		lb :	266.5783	217.9306	181.731
		P^-1:
			0.0484	-0.0036	-0.0165
			-0.0036	0.0349	-0.007
			-0.0165	-0.007	0.0429
		A:
			-0.9365	0.2079	0.2826
			0.5159	-0.3777	0.7689
			-0.3043	0.3405	-0.8896
			0.2422	0.1231	-0.9624
			0.6313	-0.1286	-0.7648
			0.7295	-0.0065	-0.6839
		b:
			-154.3905
			206.4494
			-172.8385
			-86.1947
			1.0364
			70.8928
	==================================================================================
	Q3:
		Shape: Polyhedra
		q_c:	276.5	217.0	171.5
		ub :	284.3926	221.8791	177.3098
		lb :	268.6074	212.1209	165.6902
		A:
			-0.1582	-0.8767	-0.4544
			0.3179	0.6148	-0.7218
			0.9894	-0.0386	0.1398
			-0.0578	0.6804	0.7306
			0.2683	0.1978	-0.9428
			-0.3215	-0.7845	-0.5302
			0.0687	0.7545	0.6526
			-0.2475	0.6466	-0.7215
			-0.9664	-0.1119	0.2312
			-0.0687	-0.7545	-0.6526
			0.2475	-0.6466	0.7215
			0.9664	0.1119	-0.2312
		b:
			-309.5601
			102.5839
			295.7975
			259.2031
			-39.9134
			-347.3519
			296.672
			-47.8516
			-244.8597
			-292.672
			55.8516
			258.8597
	==================================================================================
	Q4:
		Shape: Hybrid
		q_c:	278.0	231.5	191.0
		ub :	283.7274	238.7444	197.8705
		lb :	272.2726	224.2556	184.1295
		P^-1:
			0.0727	-0.0129	-0.0064
			-0.0129	0.0566	0.0036
			-0.0064	0.0036	0.0511
		A:
			0.7809	-0.0475	-0.6229
			0.7518	-0.3838	0.5362
			0.7611	0.4006	-0.5102
			0.9664	0.2409	0.0898
			0.071	-0.2946	-0.953
			0.3543	-0.9324	0.072
		b:
			89.1994
			224.8575
			209.3127
			343.8971
			-227.8857
			-101.3519
	==================================================================================
	Q5:
		Shape: Polyhedra
		q_c:	278.0	218.5	176.0
		ub :	281.5907	221.8406	179.7481
		lb :	274.4093	215.1594	172.2519
		A:
			0.964	0.0143	-0.2656
			-0.4512	0.8644	-0.222
			0.6274	0.7768	0.0548
			-0.2195	0.9737	-0.0617
			-0.7096	-0.6536	-0.2632
			-0.22	0.9664	-0.133
			0.7435	0.3629	0.5616
			0.3514	0.5025	-0.7899
			-0.5689	0.7847	0.2461
			-0.7435	-0.3629	-0.5616
			-0.3514	-0.5025	0.7899
			0.5689	-0.7847	-0.2461
		b:
			226.5486
			26.1375
			356.2193
			142.6364
			-383.9262
			128.4178
			387.3478
			70.9706
			58.1233
			-382.3478
			-65.9706
			-55.1233
	==================================================================================
	Q6:
		Shape: Hybrid
		q_c:	272.0	220.5	171.5
		ub :	277.7355	225.9142	177.8077
		lb :	266.2645	215.0858	165.1923
		P^-1:
			0.478	-0.3836	0.2819
			-0.3836	0.3699	-0.2549
			0.2819	-0.2549	0.2345
		A:
			-0.9283	0.2104	-0.3066
			0.2545	-0.9598	0.1181
			-0.2597	0.6366	-0.7262
			0.6178	-0.7863	0.0051
			-0.9777	0.0902	-0.1896
			-0.6882	0.5411	-0.4833
		b:
			-256.6528
			-119.2
			-52.9244
			-2.3876
			-275.9191
			-150.1999


===========================================================================================
===========================================================================================
S3:
	q_c:	486.5	294.5	54.0
	ub :	492.3228	301.3446	60.9191
	lb :	479.974	290.9713	52.9589

	==================================================================================
	Q1:
		Shape: Polyhedra
		q_c:	489.5	294.0	56.0
		ub :	491.4308	297.0287	59.0411
		lb :	487.5692	290.9713	52.9589
		A:
			-0.8338	-0.461	-0.3036
			-0.8474	-0.1961	-0.4933
			-0.7315	-0.6808	-0.0364
			0.0573	0.138	-0.9888
			0.4549	-0.8825	-0.1195
			-0.9888	0.031	0.1459
			0.2311	0.6788	0.697
			0.9729	-0.1579	-0.1689
			-0.0046	0.7171	-0.6969
			-0.2311	-0.6788	-0.697
			-0.9729	0.1579	0.1689
			0.0046	-0.7171	0.6969
		b:
			-558.9287
			-498.3407
			-558.4554
			15.2249
			-41.6564
			-465.2331
			353.7436
			421.8708
			171.5497
			-349.7436
			-418.8708
			-167.5497
	==================================================================================
	Q2:
		Shape: Polyhedra
		q_c:	483.0	293.5	56.5
		ub :	486.026	295.8019	59.5404
		lb :	479.974	291.1981	53.4596
		A:
			-0.4425	0.5969	-0.6693
			0.0996	-0.9928	0.0668
			0.4752	-0.7582	0.4465
			0.1349	0.7298	0.6702
			0.8045	0.589	0.0766
			0.6421	-0.7665	0.0158
			0.2493	0.0023	0.9684
			-0.8403	0.4975	0.2152
			-0.4813	-0.8675	0.126
			-0.2493	-0.0023	-0.9684
			0.8403	-0.4975	-0.2152
			0.4813	0.8675	-0.126
		b:
			-74.0805
			-237.8341
			34.3103
			319.3286
			567.4425
			88.0011
			178.3198
			-245.7101
			-478.4485
			-173.3198
			249.7101
			481.4485
	==================================================================================
	Q3:
		Shape: Ellipse
		q_c:	490.5	299.0	58.0
		ub :	492.3228	301.3262	60.5183
		lb :	488.6772	296.6738	55.4817
		P^-1:
			0.5651	0.205	0.1024
			0.205	0.7461	0.2571
			0.1024	0.2571	0.3833
	==================================================================================
	Q4:
		Shape: Hybrid
		q_c:	485.5	298.0	57.0
		ub :	488.1014	301.3446	60.5094
		lb :	482.8986	294.6554	53.4906
		P^-1:
			0.2447	-0.0121	0.0174
			-0.0121	0.2222	0.0398
			0.0174	0.0398	0.1931
		A:
			0.8853	-0.1267	0.4474
			0.5665	-0.7037	0.4288
			-0.4694	-0.8725	0.1357
			0.6103	-0.7876	0.0853
			-0.417	-0.089	-0.9045
			-0.4679	0.2141	-0.8575
		b:
			418.5982
			90.9463
			-478.9082
			67.5373
			-279.3717
			-210.9865
	==================================================================================
	Q5:
		Shape: Hybrid
		q_c:	489.0	297.0	56.5
		ub :	491.083	300.1494	59.681
		lb :	486.917	293.8506	53.319
		P^-1:
			0.4439	0.0086	-0.0083
			0.0086	0.2972	0.1419
			-0.0083	0.1419	0.3078
		A:
			0.1875	0.5718	0.7987
			0.3629	0.3482	-0.8643
			0.071	0.9336	0.3513
			0.5705	-0.7201	-0.3949
			-0.4772	0.4805	0.7358
			0.629	0.7669	0.1274
		b:
			307.4167
			233.5492
			332.8137
			43.6594
			-48.2671
			543.5332
	==================================================================================
	Q6:
		Shape: Hybrid
		q_c:	487.0	296.5	58.5
		ub :	489.0104	299.3728	60.9191
		lb :	484.9896	293.6272	56.0809
		P^-1:
			0.8051	-0.1587	-0.223
			-0.1587	0.2269	0.1515
			-0.223	0.1515	0.5725
		A:
			-0.1673	0.0796	0.9827
			-0.2952	0.7618	0.5766
			-0.9988	0.0299	-0.0377
			0.9024	-0.3177	0.291
			0.9461	-0.0702	0.3161
			0.9652	-0.1846	0.1851
		b:
			0.4917
			116.9733
			-479.0419
			363.2154
			459.2608
			426.9331


===========================================================================================
===========================================================================================
S4:
	q_c:	193.0	243.5	270.5
	ub :	211.6233	260.0162	283.7667
	lb :	179.2995	241.0568	252.2296

	==================================================================================
	Q1:
		Shape: Hybrid
		q_c:	186.5	253.5	261.0
		ub :	193.7005	260.0162	269.7704
		lb :	179.2995	246.9838	252.2296
		P^-1:
			0.0353	0.0111	0.0015
			0.0111	0.0734	0.0172
			0.0015	0.0172	0.0264
		A:
			-0.2915	0.1247	0.9484
			-0.5071	-0.7477	0.4287
			0.7518	0.3699	0.5459
			0.6817	0.5245	-0.5101
			-0.1026	0.6283	0.7712
			0.0203	-0.0849	-0.9962
		b:
			229.3666
			-168.6837
			379.8736
			130.7919
			344.5139
			-272.9376
	==================================================================================
	Q2:
		Shape: Polyhedra
		q_c:	203.0	251.0	274.0
		ub :	211.6233	259.4033	283.7667
		lb :	194.3767	242.5967	264.2333
		A:
			-0.574	0.2192	-0.789
			-0.7292	-0.5342	0.4277
			0.637	0.5223	-0.5669
			0.0108	-0.1228	0.9924
			-0.342	0.285	-0.8954
			0.9229	-0.1333	0.3612
			0.7403	0.3633	0.5657
			-0.663	0.2552	0.7038
			0.1113	-0.8961	0.4298
			-0.7403	-0.3633	-0.5657
			0.663	-0.2552	-0.7038
			-0.1113	0.8961	-0.4298
		b:
			-272.4729
			-159.0933
			111.019
			249.0938
			-237.8325
			258.1749
			401.4571
			128.8008
			-79.0592
			-391.4571
			-115.8008
			90.0592
	==================================================================================
	Q3:
		Shape: Ellipse
		q_c:	202.0	249.0	275.5
		ub :	207.02	254.7363	281.0368
		lb :	196.98	243.2637	269.9632
		P^-1:
			0.1125	-0.047	-0.0128
			-0.047	0.1067	0.0121
			-0.0128	0.0121	0.0658
	==================================================================================
	Q4:
		Shape: Polyhedra
		q_c:	202.0	249.0	271.0
		ub :	210.1921	256.9432	279.4492
		lb :	193.8079	241.0568	262.5508
		A:
			-0.9514	-0.308	-0.0014
			0.0824	0.5504	0.8308
			-0.4549	0.5152	-0.7264
			-0.69	-0.683	-0.2396
			-0.4579	0.593	0.6623
			-0.2636	0.309	-0.9138
			0.538	0.691	0.4827
			0.8103	-0.2662	-0.5221
			-0.2323	0.672	-0.7031
			-0.538	-0.691	-0.4827
			-0.8103	0.2662	0.5221
			0.2323	-0.672	0.7031
		b:
			-264.0234
			383.9551
			-155.906
			-369.3508
			240.0207
			-219.3552
			416.5628
			-38.5822
			-65.6345
			-406.5628
			49.5822
			74.6345
	==================================================================================
	Q5:
		Shape: Hybrid
		q_c:	198.5	251.0	274.0
		ub :	204.636	257.0672	280.0207
		lb :	192.364	244.9328	267.9793
		P^-1:
			0.0777	-0.0097	0.0041
			-0.0097	0.0576	0.0102
			0.0041	0.0102	0.0773
		A:
			-0.4084	0.9073	0.0997
			-0.2166	0.8907	0.3997
			-0.9724	0.2275	-0.0513
			0.6997	-0.6226	-0.3505
			0.5845	0.0085	-0.8113
			0.8105	0.4666	0.3541
		b:
			176.1343
			292.1672
			-148.2021
			-111.6516
			-102.1145
			377.1048
	==================================================================================
	Q6:
		Shape: Hybrid
		q_c:	185.5	250.0	259.0
		ub :	190.7912	254.0582	263.5817
		lb :	180.2088	245.9418	254.4183
		P^-1:
			0.061	-0.0065	0.0331
			-0.0065	0.0862	-0.0172
			0.0331	-0.0172	0.1438
		A:
			0.2867	0.7045	-0.6492
			-0.6738	0.7389	0.0085
			0.1892	-0.7987	0.5712
			-0.1607	0.8264	-0.5397
			-0.6235	-0.7357	0.2646
			-0.2109	0.9174	-0.3376
		b:
			63.299
			64.4977
			-14.9533
			38.7484
			-228.3262
			104.715


===========================================================================================
===========================================================================================
S5:
	q_c:	20.5	164.5	183.0
	ub :	26.0582	169.7856	189.0737
	lb :	14.6563	159.8726	181.7532

	==================================================================================
	Q1:
		Shape: Hybrid
		q_c:	21.0	162.5	187.0
		ub :	22.7854	164.895	188.5915
		lb :	19.2146	160.105	185.4085
		P^-1:
			0.4427	0.0146	-0.033
			0.0146	0.3273	0.2233
			-0.033	0.2233	0.9245
		A:
			-0.9561	0.2586	-0.138
			-0.0577	0.648	0.7595
			-0.2247	-0.6218	-0.7503
			0.6027	-0.0698	0.7949
			-0.0004	-0.119	-0.9929
			-0.1224	0.8508	0.511
		b:
			-2.7642
			246.7997
			-245.3656
			150.8422
			-204.4619
			232.2546
	==================================================================================
	Q2:
		Shape: Hybrid
		q_c:	19.5	162.5	185.5
		ub :	22.0896	165.1274	187.7713
		lb :	16.9104	159.8726	183.2287
		P^-1:
			0.6055	0.3528	-0.2265
			0.3528	0.6845	0.2025
			-0.2265	0.2025	0.87
		A:
			-0.7487	-0.2699	-0.6055
			0.3547	-0.3871	-0.8511
			0.889	0.4577	-0.0115
			0.5076	-0.5675	-0.6483
			-0.5004	0.0321	0.8652
			-0.2747	-0.4618	0.8434
		b:
			-169.6109
			-213.3157
			90.3363
			-201.6535
			156.4591
			76.9402
	==================================================================================
	Q3:
		Shape: Ellipse
		q_c:	18.0	164.0	186.0
		ub :	21.3437	167.1919	189.0737
		lb :	14.6563	160.8081	182.9263
		P^-1:
			0.2492	0.0562	0.1139
			0.0562	0.2422	0.0198
			0.1139	0.0198	0.3631
	==================================================================================
	Q4:
		Shape: Hybrid
		q_c:	19.0	164.5	182.5
		ub :	20.2082	165.7001	183.2468
		lb :	17.7918	163.2999	181.7532
		P^-1:
			2.4741	1.4969	0.093
			1.4969	2.5316	-0.0913
			0.093	-0.0913	3.9943
		A:
			-0.8	-0.4213	-0.4271
			0.6998	0.714	0.0209
			0.1249	0.3516	-0.9278
			0.1862	-0.3303	0.9253
			-0.8764	-0.4796	0.0428
			0.6486	0.6873	0.3271
		b:
			-162.1587
			134.8236
			-108.8527
			118.3917
			-87.4206
			185.3245
	==================================================================================
	Q5:
		Shape: Ellipse
		q_c:	21.0	168.0	185.5
		ub :	23.8574	169.7856	188.0465
		lb :	18.1426	166.2144	182.9535
		P^-1:
			0.8545	1.3187	-0.3628
			1.3187	2.9919	-1.0549
			-0.3628	-1.0549	0.7581
	==================================================================================
	Q6:
		Shape: Hybrid
		q_c:	23.5	163.5	186.5
		ub :	26.0582	166.0817	188.3518
		lb :	20.9418	160.9183	184.6482
		P^-1:
			0.5126	0.1111	0.2387
			0.1111	0.3095	0.0298
			0.2387	0.0298	0.8724
		A:
			-0.9917	-0.0465	-0.12
			0.1521	-0.3173	0.9361
			0.9862	0.1145	0.1199
			-0.0915	-0.8286	0.5523
			-0.9063	0.0969	0.4114
			0.9478	0.3162	0.0415
		b:
			-52.3
			126.9577
			65.2024
			-33.4859
			72.4692
			82.627


===========================================================================================
===========================================================================================
S6:
	q_c:	484.0	342.0	348.5
	ub :	495.6557	352.5167	362.804
	lb :	476.868	330.3286	339.7467

	==================================================================================
	Q1:
		Shape: Polyhedra
		q_c:	486.0	338.5	354.5
		ub :	490.6258	343.4891	359.9463
		lb :	481.3742	333.5109	349.0537
		A:
			-0.3855	0.6422	-0.6626
			-0.5266	0.1975	0.8269
			-0.2688	-0.3159	-0.9099
			-0.5727	0.8185	-0.0463
			-0.5484	0.7687	-0.3292
			-0.4747	0.6104	-0.6341
			0.8751	0.1435	0.4621
			-0.1902	-0.7762	0.6012
			0.4449	-0.614	-0.6519
			-0.8751	-0.1435	-0.4621
			0.1902	0.7762	-0.6012
			-0.4449	0.614	0.6519
		b:
			-201.4986
			107.1434
			-557.1091
			-14.5292
			-119.7733
			-245.5959
			640.7109
			-138.5254
			-219.7153
			-634.7109
			145.5254
			225.7153
	==================================================================================
	Q2:
		Shape: Hybrid
		q_c:	483.0	348.0	344.0
		ub :	486.5181	352.5167	348.2103
		lb :	479.4819	343.4833	339.7897
		P^-1:
			0.4661	0.2323	-0.34
			0.2323	0.3187	-0.3
			-0.34	-0.3	0.4377
		A:
			0.4096	0.4984	-0.7641
			0.8352	0.212	-0.5074
			0.52	0.734	-0.4369
			0.9651	0.1885	-0.1816
			0.9491	0.2658	-0.1689
			-0.3767	-0.5519	0.744
		b:
			109.1544
			303.4324
			357.3088
			470.6445
			494.2233
			-117.3542
	==================================================================================
	Q3:
		Shape: Ellipse
		q_c:	486.5	341.0	356.0
		ub :	493.1316	346.4453	362.804
		lb :	479.8684	335.5547	349.196
		P^-1:
			0.0595	-0.0163	0.016
			-0.0163	0.0755	-0.0258
			0.016	-0.0258	0.0749
	==================================================================================
	Q4:
		Shape: Polyhedra
		q_c:	481.5	347.0	350.5
		ub :	486.132	352.5076	356.1814
		lb :	476.868	341.4924	344.8186
		A:
			0.4344	-0.6382	-0.6356
			0.9317	-0.1985	-0.3043
			0.0873	-0.6285	-0.7729
			-0.1157	-0.3145	-0.9422
			0.2417	-0.2577	-0.9355
			-0.3588	-0.8849	-0.2971
			0.6307	0.3979	0.6663
			0.3301	0.6394	-0.6944
			-0.7023	0.6579	0.2719
			-0.6307	-0.3979	-0.6663
			-0.3301	-0.6394	0.6944
			0.7023	-0.6579	-0.2719
		b:
			-232.831
			275.794
			-444.5845
			-492.0246
			-297.5666
			-580.7709
			677.7759
			142.4444
			-12.5952
			-672.7759
			-132.4444
			16.5952
	==================================================================================
	Q5:
		Shape: Ellipse
		q_c:	486.5	341.5	352.0
		ub :	492.0469	348.6485	358.9086
		lb :	480.9531	334.3515	345.0914
		P^-1:
			0.0512	0.0048	0.0059
			0.0048	0.0585	0.0232
			0.0059	0.0232	0.0544
	==================================================================================
	Q6:
		Shape: Ellipse
		q_c:	490.5	335.5	343.5
		ub :	495.6557	340.6714	347.2533
		lb :	485.3443	330.3286	339.7467
		P^-1:
			0.1037	-0.0199	0.0134
			-0.0199	0.0998	-0.0154
			0.0134	-0.0154	0.1492


===========================================================================================
===========================================================================================
S7:
	q_c:	66.0	277.5	131.0
	ub :	75.3559	285.8991	144.2115
	lb :	58.0679	271.4056	125.5793

	==================================================================================
	Q1:
		Shape: Hybrid
		q_c:	70.0	277.5	133.0
		ub :	73.4543	281.0835	137.1032
		lb :	66.5457	273.9165	128.8968
		P^-1:
			0.2204	0.0568	-0.0424
			0.0568	0.6388	0.444
			-0.0424	0.444	0.4533
		A:
			-0.3074	-0.7607	-0.5717
			-0.2362	0.5276	0.816
			-0.7786	-0.6274	0.0104
			-0.4563	-0.7627	-0.4584
			0.4357	0.8887	0.1428
			0.8302	0.4101	0.3776
		b:
			-307.9912
			239.2512
			-225.9078
			-303.762
			297.2921
			223.7623
	==================================================================================
	Q2:
		Shape: Polyhedra
		q_c:	65.0	275.5	136.5
		ub :	68.8223	279.5944	139.3982
		lb :	61.1777	271.4056	133.6018
		A:
			0.5387	-0.7868	-0.3011
			0.6741	-0.0599	-0.7362
			-0.7005	-0.3958	0.5938
			-0.4765	-0.2301	0.8485
			0.4647	0.7898	0.4003
			-0.5206	-0.2709	0.8096
			0.7594	0.1708	0.6279
			-0.5909	-0.2229	0.7753
			0.2724	-0.9598	-0.0684
			-0.7594	-0.1708	-0.6279
			0.5909	0.2229	-0.7753
			-0.2724	0.9598	0.0684
		b:
			-219.5953
			-71.7868
			-72.2518
			22.53
			305.6416
			3.0757
			185.1065
			7.0016
			-252.5443
			-179.1065
			-5.0016
			259.5443
	==================================================================================
	Q3:
		Shape: Ellipse
		q_c:	62.0	277.5	129.0
		ub :	65.9321	282.2068	132.4207
		lb :	58.0679	272.7932	125.5793
		P^-1:
			0.2185	-0.06	-0.031
			-0.06	0.0856	0.0116
			-0.031	0.0116	0.1195
	==================================================================================
	Q4:
		Shape: Hybrid
		q_c:	68.5	275.5	133.5
		ub :	71.3401	279.0808	136.8587
		lb :	65.6599	271.9192	130.1413
		P^-1:
			0.6012	-0.1572	-0.3889
			-0.1572	0.216	0.1386
			-0.3889	0.1386	0.5028
		A:
			-0.3233	-0.9417	-0.0932
			-0.7812	0.5007	0.3729
			0.7259	0.159	-0.6692
			-0.7998	0.2096	0.5624
			0.4441	-0.7707	0.4568
			0.587	0.3828	-0.7134
		b:
			-292.0296
			135.0067
			5.0597
			78.5745
			-118.9868
			51.666
	==================================================================================
	Q5:
		Shape: Polyhedra
		q_c:	72.0	282.5	138.5
		ub :	75.3559	285.8991	141.5491
		lb :	68.6441	279.1009	135.4509
		A:
			-0.6389	0.7254	0.2562
			-0.422	0.7378	-0.5269
			0.0889	0.3072	-0.9475
			0.8149	0.574	-0.0807
			-0.1626	-0.5399	0.8259
			-0.433	-0.75	0.5
			0.0035	0.4574	0.8892
			-0.8684	0.4424	-0.2242
			-0.4959	-0.7714	0.3988
			-0.0035	-0.4574	-0.8892
			0.8684	-0.4424	0.2242
			0.4959	0.7714	-0.3988
		b:
			197.11
			107.6717
			-36.1424
			211.5394
			-48.0608
			-172.2856
			254.6344
			34.4027
			-196.8991
			-250.6344
			-28.4027
			199.8991
	==================================================================================
	Q6:
		Shape: Hybrid
		q_c:	68.5	279.5	138.5
		ub :	73.3362	284.6575	144.2115
		lb :	63.6638	274.3425	132.7885
		P^-1:
			0.1024	-0.0039	-0.0129
			-0.0039	0.0824	0.0024
			-0.0129	0.0024	0.0896
		A:
			-0.8742	0.3351	-0.3513
			0.3184	-0.49	-0.8115
			-0.6454	-0.7304	-0.2236
			0.9271	-0.3357	0.1668
			0.9036	0.3232	0.2811
			-0.5723	-0.0263	-0.8196
		b:
			-13.0415
			-225.8118
			-277.3717
			-5.4688
			193.0065
			-158.0688


===========================================================================================
===========================================================================================
S8:
	q_c:	52.5	24.0	503.0
	ub :	57.4814	31.3678	512.3617
	lb :	46.25	20.3887	495.4142

	==================================================================================
	Q1:
		Shape: Polyhedra
		q_c:	54.0	22.5	507.0
		ub :	56.7504	24.6113	509.244
		lb :	51.2496	20.3887	504.756
		A:
			0.04	-0.9823	-0.1828
			-0.0304	0.5893	0.8073
			-0.0502	0.7547	-0.6542
			0.6505	0.3007	-0.6974
			-0.2443	-0.8004	0.5474
			0.8376	0.4792	-0.2623
			0.3058	0.9427	0.1332
			0.3442	0.0209	-0.9387
			-0.8877	0.3329	-0.3181
			-0.3058	-0.9427	-0.1332
			-0.3442	-0.0209	0.9387
			0.8877	-0.3329	0.3181
		b:
			-111.0566
			422.4278
			-315.7546
			-310.1696
			247.8453
			-75.3563
			106.7515
			-455.3387
			-199.7221
			-103.7515
			458.3387
			203.7221
	==================================================================================
	Q2:
		Shape: Hybrid
		q_c:	50.5	26.0	503.0
		ub :	53.4698	28.572	506.2032
		lb :	47.5302	23.428	499.7968
		P^-1:
			0.25	0.0	0.0
			0.0	0.25	0.0
			0.0	0.0	0.25
		A:
			0.2581	0.3388	-0.9048
			0.8678	-0.4429	0.2253
			0.6336	0.6942	0.3415
			-0.8925	0.451	0.0116
			-0.1584	0.7308	0.664
			0.1237	-0.1649	0.9785
		b:
			-432.252
			146.6501
			222.826
			-26.4863
			345.9964
			495.1527
	==================================================================================
	Q3:
		Shape: Hybrid
		q_c:	49.0	25.5	498.0
		ub :	51.75	28.0754	500.5858
		lb :	46.25	22.9246	495.4142
		P^-1:
			0.4124	0.0687	0.0221
			0.0687	0.2973	-0.0474
			0.0221	-0.0474	0.4292
		A:
			-0.226	0.4225	-0.8777
			0.928	-0.0249	-0.3718
			0.7041	0.2393	-0.6686
			-0.3994	-0.8919	-0.2123
			0.7093	-0.0329	0.7042
			0.2128	-0.7485	0.6281
		b:
			-436.6265
			-139.4131
			-291.5593
			-147.0655
			385.3494
			305.0587
	==================================================================================
	Q4:
		Shape: Ellipse
		q_c:	54.0	27.5	509.0
		ub :	57.4814	29.9227	512.3617
		lb :	50.5186	25.0773	505.6383
		P^-1:
			0.2085	0.0632	0.0563
			0.0632	0.4132	0.0381
			0.0563	0.0381	0.2327
	==================================================================================
	Q5:
		Shape: Hybrid
		q_c:	52.5	24.0	500.5
		ub :	55.9423	27.3914	503.6366
		lb :	49.0577	20.6086	497.3634
		P^-1:
			0.3288	-0.122	0.0522
			-0.122	0.1923	-0.0746
			0.0522	-0.0746	0.2845
		A:
			0.8776	0.1581	-0.4527
			-0.8359	0.1277	0.5338
			0.7067	-0.6771	0.2052
			0.0819	-0.6891	0.72
			-0.8938	0.4254	-0.1423
			-0.8846	0.0198	-0.466
		b:
			-175.2985
			227.5136
			124.4689
			349.323
			-107.08
			-278.0069
	==================================================================================
	Q6:
		Shape: Polyhedra
		q_c:	49.0	28.0	507.5
		ub :	51.6655	31.3678	510.4681
		lb :	46.3345	24.6322	504.5319
		A:
			0.0912	-0.8425	0.5309
			-0.9237	0.297	-0.242
			0.9909	-0.0068	-0.1346
			-0.5984	0.0903	-0.7961
			-0.3518	-0.929	-0.1148
			-0.6652	0.6888	-0.2883
			0.9104	0.2814	0.3032
			-0.1919	-0.362	0.9122
			0.3664	-0.8887	-0.2756
			-0.9104	-0.2814	-0.3032
			0.1919	0.362	-0.9122
			-0.3664	0.8887	0.2756
		b:
			252.548
			-157.8895
			-18.2085
			-429.0716
			-99.3991
			-157.4075
			207.8459
			445.4177
			-144.2766
			-204.8459
			-441.4177
			149.2766


===========================================================================================
===========================================================================================
S9:
	q_c:	210.0	241.0	121.5
	ub :	231.4181	254.03	145.609
	lb :	192.4723	221.8518	108.2205

	==================================================================================
	Q1:
		Shape: Ellipse
		q_c:	208.5	229.0	138.5
		ub :	214.8085	236.1482	145.609
		lb :	202.1915	221.8518	131.391
		P^-1:
			0.1029	0.0551	0.0345
			0.0551	0.0852	0.0075
			0.0345	0.0075	0.0621
	==================================================================================
	Q2:
		Shape: Hybrid
		q_c:	215.0	237.0	118.5
		ub :	223.6688	246.4835	128.2743
		lb :	206.3312	227.5165	108.7257
		P^-1:
			0.0429	0.0043	-0.0124
			0.0043	0.0463	-0.0183
			-0.0124	-0.0183	0.0257
		A:
			0.8857	0.1247	-0.4472
			-0.2003	-0.9787	0.045
			-0.4873	-0.6533	0.5794
			0.8958	0.1665	-0.4122
			0.6698	0.3371	-0.6616
			0.7523	0.6456	-0.1316
		b:
			169.4809
			-266.2205
			-188.897
			185.6533
			148.0539
			302.2401
	==================================================================================
	Q3:
		Shape: Polyhedra
		q_c:	222.0	229.5	115.5
		ub :	228.9204	235.7391	122.7795
		lb :	215.0796	223.2609	108.2205
		A:
			-0.1027	0.8778	0.4679
			0.8276	-0.55	0.1118
			-0.1855	-0.5576	0.8091
			-0.535	-0.3975	0.7455
			-0.6158	0.7879	0.0073
			-0.4952	-0.325	0.8057
			0.6751	0.2916	0.6776
			0.1572	-0.9543	0.2541
			0.7208	-0.065	-0.6901
			-0.6751	-0.2916	-0.6776
			-0.1572	0.9543	-0.2541
			-0.7208	0.065	0.6901
		b:
			237.3801
			74.9264
			-71.6474
			-120.4856
			49.1827
			-88.0645
			301.0669
			-150.2683
			68.3972
			-289.0669
			159.2683
			-62.3972
	==================================================================================
	Q4:
		Shape: Ellipse
		q_c:	199.5	243.5	122.5
		ub :	206.5277	250.7733	125.9265
		lb :	192.4723	236.2267	119.0735
		P^-1:
			0.0511	0.0028	-0.037
			0.0028	0.0415	0.0266
			-0.037	0.0266	0.2399
	==================================================================================
	Q5:
		Shape: Ellipse
		q_c:	205.0	237.0	127.5
		ub :	213.246	241.097	135.3966
		lb :	196.754	232.903	119.6034
		P^-1:
			0.086	-0.2341	-0.0685
			-0.2341	0.8671	0.2387
			-0.0685	0.2387	0.0952
	==================================================================================
	Q6:
		Shape: Polyhedra
		q_c:	224.5	248.0	125.0
		ub :	231.4181	254.03	132.2341
		lb :	217.5819	241.97	117.7659
		A:
			-0.5649	0.5974	-0.5692
			0.3163	0.7351	-0.5997
			-0.4002	-0.2205	0.8895
			0.2663	-0.2557	0.9294
			-0.7657	0.5733	-0.2915
			0.3545	0.1208	0.9272
			0.5983	0.1761	0.7817
			-0.1774	-0.9223	0.3435
			0.7814	-0.3441	-0.5206
			-0.5983	-0.1761	-0.7817
			0.1774	0.9223	-0.3435
			-0.7814	0.3441	0.5206
		b:
			-45.5347
			182.4103
			-28.9876
			116.9199
			-61.7666
			229.9251
			280.1967
			-221.6007
			29.4979
			-271.1967
			229.6007
			-20.4979


===========================================================================================
===========================================================================================
