3D_40_12_6_d                l = 3

===========================================================================================
===========================================================================================
S1:
	q_c:	347.0	101.0	379.0
	ub :	364.7379	117.5736	395.2486
	lb :	328.8672	83.1257	367.4749

	==================================================================================
	Q1:
		Shape: Polyhedra
		q_c:	356.5	96.5	384.5
		ub :	360.8813	100.913	389.4508
		lb :	352.1187	92.087	379.5492
		A:
			-0.7785	0.1136	-0.6173
			0.8027	-0.1019	-0.5876
			0.0942	-0.8423	0.5307
			-0.6122	-0.5885	0.528
			-0.6964	-0.5703	-0.4356
			0.301	0.3723	0.8779
			0.2211	0.7911	0.5703
			0.8416	0.1407	-0.5214
			-0.4927	0.5953	-0.6347
			-0.2211	-0.7911	-0.5703
			-0.8416	-0.1407	0.5214
			0.4927	-0.5953	0.6347
		b:
			-500.68
			52.899
			159.6724
			-69.3488
			-468.2048
			483.5788
			376.9517
			115.6437
			-358.7557
			-371.9517
			-110.6437
			365.7557
	==================================================================================
	Q2:
		Shape: Ellipse
		q_c:	351.5	110.0	384.5
		ub :	357.4404	117.5736	392.0037
		lb :	345.5596	102.4264	376.9963
		P^-1:
			0.0707	-0.0131	-0.008
			-0.0131	0.0522	0.0097
			-0.008	0.0097	0.0481
	==================================================================================
	Q3:
		Shape: Polyhedra
		q_c:	359.5	90.0	379.0
		ub :	364.7379	96.8743	385.7607
		lb :	354.2621	83.1257	372.2393
		A:
			0.8161	-0.4941	-0.2997
			0.6549	0.5985	-0.4614
			-0.7341	-0.1862	-0.653
			0.9765	-0.0296	-0.2133
			0.8041	0.4704	-0.3636
			-0.5723	-0.3502	0.7415
			0.3294	0.714	0.6179
			-0.4385	0.6952	-0.5696
			-0.8362	-0.0833	0.542
			-0.3294	-0.714	-0.6179
			0.4385	-0.6952	0.5696
			0.8362	0.0833	-0.542
		b:
			138.3742
			117.4885
			-523.2865
			270.003
			196.4645
			46.2121
			422.336
			-306.9432
			-100.6809
			-411.336
			314.9432
			104.6809
	==================================================================================
	Q4:
		Shape: Polyhedra
		q_c:	349.5	98.0	390.5
		ub :	355.3642	106.1401	395.2486
		lb :	343.6358	89.8599	385.7514
		A:
			-0.1236	0.4379	-0.8905
			0.1256	-0.0536	-0.9906
			-0.1609	0.4474	0.8797
			0.361	0.1717	-0.9166
			0.4641	0.0446	-0.8847
			-0.9355	0.1195	0.3324
			0.3904	0.8891	0.239
			0.6555	-0.4507	0.6059
			0.6464	-0.0799	-0.7588
			-0.3904	-0.8891	-0.239
			-0.6555	0.4507	-0.6059
			-0.6464	0.0799	0.7588
		b:
			-345.2423
			-345.5787
			335.461
			-213.0444
			-177.2661
			-183.1193
			324.4133
			424.5407
			-76.6913
			-309.4133
			-418.5407
			79.6913
	==================================================================================
	Q5:
		Shape: Polyhedra
		q_c:	339.0	94.5	372.5
		ub :	342.7355	98.3752	376.4414
		lb :	335.2645	90.6248	368.5586
		A:
			-0.6935	0.6277	0.3534
			-0.4787	0.4165	-0.7729
			0.4559	0.5996	-0.6578
			-0.0054	-0.2081	0.9781
			0.992	0.0541	-0.1142
			0.8196	-0.4709	-0.3263
			0.4784	0.6874	0.5464
			0.4779	-0.7258	0.4948
			0.7367	0.0245	-0.6758
			-0.4784	-0.6874	-0.5464
			-0.4779	0.7258	-0.4948
			-0.7367	-0.0245	0.6758
		b:
			-42.2817
			-408.8016
			-32.0312
			344.9104
			301.1175
			113.3835
			434.6768
			279.2137
			1.8379
			-426.6768
			-276.2137
			1.1621
	==================================================================================
	Q6:
		Shape: Ellipse
		q_c:	338.5	97.0	376.5
		ub :	348.1328	105.3516	385.5251
		lb :	328.8672	88.6484	367.4749
		P^-1:
			0.0365	0.0113	-0.0144
			0.0113	0.0335	-0.0126
			-0.0144	-0.0126	0.0398


===========================================================================================
===========================================================================================
S2:
	q_c:	278.5	483.5	134.5
	ub :	290.8296	500.3227	150.5022
	lb :	265.4123	463.9976	121.6396

	==================================================================================
	Q1:
		Shape: Ellipse
		q_c:	272.5	487.0	136.5
		ub :	279.5877	494.8355	145.4324
		lb :	265.4123	479.1645	127.5676
		P^-1:
			0.0437	-0.0125	-0.0052
			-0.0125	0.0548	0.0274
			-0.0052	0.0274	0.0435
	==================================================================================
	Q2:
		Shape: Ellipse
		q_c:	283.0	486.5	145.0
		ub :	288.0266	492.2436	149.9245
		lb :	277.9734	480.7564	140.0755
		P^-1:
			0.1458	0.0362	-0.0138
			0.0362	0.0676	0.0352
			-0.0138	0.0352	0.1466
	==================================================================================
	Q3:
		Shape: Ellipse
		q_c:	286.0	479.0	130.0
		ub :	290.7202	484.6129	135.6373
		lb :	281.2798	473.3871	124.3627
		P^-1:
			0.1087	0.0316	-0.0205
			0.0316	0.116	-0.0331
			-0.0205	-0.0331	0.0664
	==================================================================================
	Q4:
		Shape: Hybrid
		q_c:	281.5	470.5	138.0
		ub :	288.1689	477.0024	144.7094
		lb :	274.8311	463.9976	131.2906
		P^-1:
			0.0456	0.0089	-0.003
			0.0089	0.1453	0.109
			-0.003	0.109	0.1363
		A:
			-0.2041	0.9701	0.1315
			-0.4825	0.4654	-0.742
			-0.1929	0.7604	0.6201
			0.3475	-0.0919	-0.9332
			0.9597	0.2317	0.1592
			-0.1883	-0.6695	-0.7185
		b:
			420.1292
			-14.3724
			390.3371
			-71.3419
			404.7229
			-465.9915
	==================================================================================
	Q5:
		Shape: Polyhedra
		q_c:	284.0	492.5	143.0
		ub :	290.8296	500.3227	150.5022
		lb :	277.1704	484.6773	135.4978
		A:
			-0.7236	0.5929	-0.3533
			0.021	0.7499	-0.6613
			0.0413	-0.0568	-0.9975
			-0.625	-0.1388	0.7682
			0.2593	0.6463	-0.7176
			-0.4579	0.5284	0.7149
			0.9592	0.2329	0.16
			0.0628	-0.7277	0.683
			0.2755	-0.6451	-0.7127
			-0.9592	-0.2329	-0.16
			-0.0628	0.7277	-0.683
			-0.2755	0.6451	0.7127
		b:
			41.1198
			285.7045
			-154.146
			-131.0395
			294.3701
			236.9649
			415.5228
			-237.9199
			-336.8686
			-404.5228
			247.9199
			345.8686
	==================================================================================
	Q6:
		Shape: Polyhedra
		q_c:	280.0	473.5	125.5
		ub :	286.1391	478.8384	129.3604
		lb :	273.8609	468.1616	121.6396
		A:
			0.5112	0.6077	-0.6077
			-0.2548	-0.5321	0.8075
			-0.4989	-0.737	0.4561
			-0.6179	0.2309	0.7516
			-0.1196	0.1431	0.9825
			-0.9859	0.1186	0.1182
			0.9344	0.0521	0.3523
			-0.3511	-0.0305	0.9358
			0.0595	-0.9982	-0.0102
			-0.9344	-0.0521	-0.3523
			0.3511	0.0305	-0.9358
			-0.0595	0.9982	0.0102
		b:
			358.2482
			-218.8682
			-427.2355
			33.4395
			160.0151
			-200.0868
			336.0214
			6.6897
			-452.2593
			-325.0214
			-2.6897
			462.2593


===========================================================================================
===========================================================================================
S3:
	q_c:	90.0	106.5	59.5
	ub :	112.7632	119.6772	79.2682
	lb :	86.5706	89.0167	40.7423

	==================================================================================
	Q1:
		Shape: Polyhedra
		q_c:	91.0	114.0	49.0
		ub :	95.4294	118.4794	54.8327
		lb :	86.5706	109.5206	43.1673
		A:
			-0.5109	0.8478	0.1424
			-0.6951	0.7012	0.1587
			0.2222	0.7721	0.5955
			-0.8687	0.3441	0.3565
			0.8816	0.2518	0.3991
			0.8816	0.0166	-0.4717
			0.7155	0.6985	0.0063
			0.6913	-0.7067	-0.1507
			-0.1008	0.1122	-0.9886
			-0.7155	-0.6985	-0.0063
			-0.6913	0.7067	0.1507
			0.1008	-0.1122	0.9886
		b:
			59.6613
			26.9526
			141.1792
			-19.5521
			132.1002
			62.2949
			148.0553
			-22.5476
			-39.3282
			-142.0553
			27.5476
			50.3282
	==================================================================================
	Q2:
		Shape: Polyhedra
		q_c:	101.0	98.5	50.0
		ub :	110.9649	107.9833	59.2577
		lb :	91.0351	89.0167	40.7423
		A:
			-0.115	-0.6699	-0.7335
			-0.4212	0.8112	-0.4056
			0.4838	-0.5914	-0.6452
			0.9838	-0.0888	0.1558
			0.1429	-0.9812	0.1298
			-0.0485	0.5208	-0.8523
			0.5292	0.342	0.7766
			-0.6519	0.7496	0.1142
			-0.5431	-0.5667	0.6196
			-0.5292	-0.342	-0.7766
			0.6519	-0.7496	-0.1142
			0.5431	0.5667	-0.6196
		b:
			-108.5177
			22.5371
			-36.2614
			104.0364
			-70.1848
			10.0174
			131.9567
			18.7011
			-73.1897
			-119.9567
			-8.7011
			86.1897
	==================================================================================
	Q3:
		Shape: Ellipse
		q_c:	105.0	113.0	53.5
		ub :	112.3679	119.6772	61.2897
		lb :	97.6321	106.3228	45.7103
		P^-1:
			0.0439	0.0009	0.0058
			0.0009	0.0575	0.0068
			0.0058	0.0068	0.0506
	==================================================================================
	Q4:
		Shape: Hybrid
		q_c:	93.5	105.5	72.5
		ub :	98.2872	108.0222	79.2682
		lb :	88.7128	102.9778	65.7318
		P^-1:
			0.3992	0.2961	-0.2061
			0.2961	0.7336	-0.2066
			-0.2061	-0.2066	0.1408
		A:
			0.164	0.9518	-0.2591
			-0.6554	0.5317	0.5364
			0.3398	0.8263	-0.4493
			0.0137	0.579	-0.8152
			-0.1545	-0.9702	-0.1869
			-0.7419	-0.6137	0.2701
		b:
			97.7616
			35.709
			87.452
			7.2416
			-128.4211
			-113.6605
	==================================================================================
	Q5:
		Shape: Ellipse
		q_c:	95.0	99.0	48.0
		ub :	96.6811	102.9711	51.8595
		lb :	93.3189	95.0289	44.1405
		P^-1:
			0.4437	-0.015	-0.0051
			-0.015	0.1318	-0.0238
			-0.0051	-0.0238	0.1401
	==================================================================================
	Q6:
		Shape: Hybrid
		q_c:	103.0	101.5	55.5
		ub :	112.7632	111.1803	62.7998
		lb :	93.2368	91.8197	48.2002
		P^-1:
			0.0334	0.0093	0.0006
			0.0093	0.0271	-0.0008
			0.0006	-0.0008	0.0399
		A:
			-0.9185	0.3292	0.2193
			-0.896	0.4439	0.0122
			0.047	0.9835	0.1744
			-0.1374	0.9837	-0.1162
			0.2668	-0.5071	0.8195
			-0.4452	-0.8954	-0.0076
		b:
			-45.1296
			-42.4377
			118.1426
			83.3249
			24.6093
			-134.1629


===========================================================================================
===========================================================================================
S4:
	q_c:	414.0	18.0	411.0
	ub :	431.0085	34.829	425.9326
	lb :	400.2051	3.8688	393.1522

	==================================================================================
	Q1:
		Shape: Ellipse
		q_c:	409.0	27.0	411.0
		ub :	413.775	32.7508	415.2212
		lb :	404.225	21.2492	406.7788
		P^-1:
			0.1776	0.0979	0.0178
			0.0979	0.1155	-0.0071
			0.0178	-0.0071	0.1079
	==================================================================================
	Q2:
		Shape: Polyhedra
		q_c:	421.0	12.0	417.0
		ub :	430.2877	19.1556	425.9326
		lb :	411.7123	4.8444	408.0674
		A:
			-0.7174	0.6966	-0.0023
			0.0116	-0.9958	0.091
			-0.609	-0.7931	0.0084
			0.3207	-0.8532	0.4113
			-0.2821	0.6587	-0.6975
			-0.317	0.7922	0.5215
			0.6639	0.413	0.6234
			0.4592	-0.8831	0.0959
			0.5901	0.2226	-0.776
			-0.6639	-0.413	-0.6234
			-0.4592	0.8831	-0.0959
			-0.5901	-0.2226	0.776
		b:
			-290.3247
			35.3584
			-256.881
			300.6962
			-396.607
			98.3416
			549.4365
			226.7367
			-65.4657
			-539.4365
			-218.7367
			79.4657
	==================================================================================
	Q3:
		Shape: Polyhedra
		q_c:	424.0	31.0	419.0
		ub :	428.8128	34.829	423.9177
		lb :	419.1872	27.171	414.0823
		A:
			0.2821	0.8087	-0.5161
			-0.4254	0.8466	-0.3199
			0.8475	0.4473	-0.2858
			0.6013	0.3589	0.7139
			0.7846	0.4401	-0.4368
			0.6034	0.3892	-0.696
			0.2744	0.9595	0.0639
			0.3163	-0.0273	-0.9482
			-0.9081	0.2804	-0.311
			-0.2744	-0.9595	-0.0639
			-0.3163	0.0273	0.9482
			0.9081	-0.2804	0.311
		b:
			-68.2157
			-285.1188
			256.7452
			568.4691
			166.7243
			-19.9968
			175.8495
			-260.0323
			-503.6636
			-169.8495
			268.0323
			509.6636
	==================================================================================
	Q4:
		Shape: Ellipse
		q_c:	407.0	10.5	408.0
		ub :	413.7949	17.1312	413.3554
		lb :	400.2051	3.8688	402.6446
		P^-1:
			0.1019	0.0223	0.0927
			0.0223	0.0543	0.0089
			0.0927	0.0089	0.1893
	==================================================================================
	Q5:
		Shape: Polyhedra
		q_c:	415.0	21.0	404.0
		ub :	426.4661	30.7078	414.8478
		lb :	403.5339	11.2922	393.1522
		A:
			-0.0032	-0.876	0.4823
			0.7111	0.6953	0.1041
			0.5178	-0.0973	0.85
			0.1017	0.9915	0.0809
			0.7561	0.2759	0.5935
			-0.0277	0.5101	0.8597
			0.4047	0.473	0.7826
			-0.4309	0.8535	-0.293
			-0.8066	-0.2186	0.5493
			-0.4047	-0.473	-0.7826
			0.4309	-0.8535	0.293
			0.8066	0.2186	-0.5493
		b:
			181.6097
			358.7322
			562.2298
			101.8901
			565.6075
			352.8613
			500.0675
			-273.2741
			-109.4109
			-488.0675
			285.2741
			125.4109
	==================================================================================
	Q6:
		Shape: Polyhedra
		q_c:	423.5	22.0	407.5
		ub :	431.0085	29.0274	414.4422
		lb :	415.9915	14.9726	400.5578
		A:
			-0.339	-0.0452	-0.9397
			-0.9012	-0.4079	-0.1462
			-0.2701	-0.958	0.0963
			0.1649	0.985	0.0509
			-0.2835	-0.5498	0.7857
			0.7855	0.5907	-0.1848
			0.5688	0.7855	0.2438
			-0.185	-0.1667	0.9685
			0.8014	-0.596	0.0505
			-0.5688	-0.7855	-0.2438
			0.185	0.1667	-0.9685
			-0.8014	0.596	-0.0505
		b:
			-521.9596
			-446.1377
			-92.1289
			116.3197
			193.6912
			274.5734
			361.0415
			318.6489
			352.3533
			-354.0415
			-306.6489
			-341.3533


===========================================================================================
===========================================================================================
S5:
	q_c:	463.5	470.0	15.5
	ub :	471.0014	483.254	28.6499
	lb :	453.5043	458.9885	3.0734

	==================================================================================
	Q1:
		Shape: Ellipse
		q_c:	466.0	464.5	10.5
		ub :	470.7383	469.2882	15.7403
		lb :	461.2617	459.7118	5.2597
		P^-1:
			0.1221	-0.0242	0.0057
			-0.0242	0.1236	-0.0294
			0.0057	-0.0294	0.107
	==================================================================================
	Q2:
		Shape: Ellipse
		q_c:	464.5	469.0	21.5
		ub :	471.0014	474.7704	28.6499
		lb :	457.9986	463.2296	14.3501
		P^-1:
			0.0586	-0.0032	0.0079
			-0.0032	0.0599	0.0065
			0.0079	0.0065	0.0465
	==================================================================================
	Q3:
		Shape: Ellipse
		q_c:	461.5	474.0	22.5
		ub :	466.1216	479.2434	27.808
		lb :	456.8784	468.7566	17.192
		P^-1:
			0.1103	-0.0023	-0.0059
			-0.0023	0.1049	-0.0161
			-0.0059	-0.0161	0.0696
	==================================================================================
	Q4:
		Shape: Hybrid
		q_c:	457.0	477.0	20.0
		ub :	460.4957	481.2103	23.9895
		lb :	453.5043	472.7897	16.0105
		P^-1:
			0.3877	-0.1025	0.0891
			-0.1025	0.2593	0.161
			0.0891	0.161	0.3043
		A:
			-0.9273	-0.0242	0.3736
			-0.4163	0.7093	0.5689
			-0.0947	0.7107	0.6971
			-0.9192	0.2679	0.2887
			-0.7067	0.6878	-0.1658
			-0.124	-0.6148	-0.7789
		b:
			-425.8923
			160.1924
			310.4407
			-285.2607
			2.9096
			-364.747
	==================================================================================
	Q5:
		Shape: Hybrid
		q_c:	460.5	464.5	8.5
		ub :	464.8616	470.0115	13.9266
		lb :	456.1384	458.9885	3.0734
		P^-1:
			0.2067	-0.0724	0.0113
			-0.0724	0.1282	0.0288
			0.0113	0.0288	0.0756
		A:
			0.1644	-0.9848	-0.0563
			-0.566	0.8057	-0.1747
			0.8441	-0.2108	0.4931
			-0.1154	0.5848	0.8029
			-0.8817	-0.0612	-0.4678
			0.415	0.6385	0.6481
		b:
			-380.1426
			113.7617
			296.4446
			227.3532
			-436.8793
			495.2262
	==================================================================================
	Q6:
		Shape: Hybrid
		q_c:	459.0	478.5	18.0
		ub :	464.1555	483.254	21.8075
		lb :	453.8445	473.746	14.1925
		P^-1:
			0.1714	0.0006	-0.1501
			0.0006	0.1554	-0.1001
			-0.1501	-0.1001	0.3271
		A:
			-0.1935	0.5301	0.8255
			0.5636	0.5587	-0.6084
			0.5606	-0.178	-0.8088
			0.6568	0.0201	-0.7538
			-0.5555	-0.6725	0.4891
			0.6028	-0.162	-0.7813
		b:
			182.0545
			516.4236
			158.6787
			298.4205
			-566.2254
			186.194


===========================================================================================
===========================================================================================
S6:
	q_c:	40.0	168.5	263.0
	ub :	64.4336	186.5106	284.7894
	lb :	20.3149	152.3213	236.8232

	==================================================================================
	Q1:
		Shape: Ellipse
		q_c:	56.0	167.5	250.0
		ub :	64.4336	175.7053	257.7536
		lb :	47.5664	159.2947	242.2464
		P^-1:
			0.0699	0.0282	0.0327
			0.0282	0.0466	0.0215
			0.0327	0.0215	0.0428
	==================================================================================
	Q2:
		Shape: Hybrid
		q_c:	33.0	173.5	275.0
		ub :	45.6851	186.5106	284.7894
		lb :	20.3149	160.4894	265.2106
		P^-1:
			0.0149	-0.0057	0.0048
			-0.0057	0.0232	-0.0209
			0.0048	-0.0209	0.0501
		A:
			-0.3949	-0.6228	0.6754
			0.2158	-0.1905	0.9577
			0.1021	-0.287	-0.9525
			-0.2128	0.729	-0.6505
			-0.1668	-0.675	0.7187
			-0.2998	0.9433	0.1424
		b:
			68.9192
			240.2921
			-303.2485
			-56.6347
			78.3411
			199.3055
	==================================================================================
	Q3:
		Shape: Polyhedra
		q_c:	32.5	161.0	245.5
		ub :	42.1172	169.6787	254.1768
		lb :	22.8828	152.3213	236.8232
		A:
			-0.7225	0.5733	-0.3863
			0.2393	-0.3499	0.9057
			0.4718	0.8087	-0.3514
			-0.4624	0.709	0.5324
			-0.3645	-0.4872	-0.7936
			-0.0573	-0.3463	-0.9364
			0.3237	0.5874	0.7417
			-0.5054	0.7701	-0.3893
			-0.7999	-0.2488	0.5462
			-0.3237	-0.5874	-0.7417
			0.5054	-0.7701	0.3893
			0.7999	0.2488	-0.5462
		b:
			-19.5901
			179.568
			65.4422
			235.2254
			-281.5489
			-283.3639
			290.6842
			18.4758
			74.5391
			-283.6842
			-5.4758
			-61.5391
	==================================================================================
	Q4:
		Shape: Ellipse
		q_c:	36.0	168.0	260.5
		ub :	43.6525	177.3905	269.7601
		lb :	28.3475	158.6095	251.2399
		P^-1:
			0.0252	0.0084	0.0085
			0.0084	0.0506	0.0482
			0.0085	0.0482	0.07
	==================================================================================
	Q5:
		Shape: Hybrid
		q_c:	56.0	176.0	253.5
		ub :	61.5849	186.0223	263.6194
		lb :	50.4151	165.9777	243.3806
		P^-1:
			0.0766	-0.0077	-0.0137
			-0.0077	0.0238	0.0072
			-0.0137	0.0072	0.0268
		A:
			-0.8357	0.4825	0.2622
			0.9647	0.2418	0.1046
			-0.9258	0.3513	-0.1396
			0.9271	0.3239	0.1884
			-0.5558	-0.0256	-0.8309
			-0.7749	-0.0749	0.6276
		b:
			106.8538
			125.6618
			-22.6684
			159.5782
			-241.6585
			105.3498
	==================================================================================
	Q6:
		Shape: Hybrid
		q_c:	42.0	160.5	268.5
		ub :	49.3632	167.9738	279.0007
		lb :	34.6368	153.0262	257.9993
		P^-1:
			0.0572	0.0343	0.0125
			0.0343	0.0818	0.0184
			0.0125	0.0184	0.0152
		A:
			0.8358	0.4906	0.2465
			-0.983	0.0592	-0.1741
			-0.6176	0.3167	0.7199
			-0.9628	-0.2497	0.1037
			0.8024	0.5885	0.0995
			-0.0352	-0.9946	-0.0974
		b:
			182.092
			-75.0937
			224.7707
			-49.2345
			156.874
			-184.747


===========================================================================================
===========================================================================================
S7:
	q_c:	16.0	225.0	393.0
	ub :	23.6883	230.9321	398.8586
	lb :	10.3092	220.3651	387.4106

	==================================================================================
	Q1:
		Shape: Ellipse
		q_c:	20.5	223.5	391.5
		ub :	22.9983	225.8827	394.0485
		lb :	18.0017	221.1173	388.9515
		P^-1:
			0.4444	-0.0	-0.0
			-0.0	0.4444	-0.0
			-0.0	-0.0	0.4444
	==================================================================================
	Q2:
		Shape: Hybrid
		q_c:	16.0	227.0	395.5
		ub :	19.4201	230.5412	398.8586
		lb :	12.5799	223.4588	392.1414
		P^-1:
			0.2104	-0.1149	-0.0999
			-0.1149	0.2962	0.0481
			-0.0999	0.0481	0.2989
		A:
			0.4724	0.7175	0.5119
			-0.0454	0.2349	0.971
			0.0969	-0.9935	-0.0594
			0.7296	0.5641	-0.3865
			0.5747	-0.8183	0.0066
			0.232	-0.5762	0.7837
		b:
			374.8689
			437.8152
			-246.2664
			-11.3563
			-172.9877
			184.1548
	==================================================================================
	Q3:
		Shape: Polyhedra
		q_c:	14.5	223.5	394.0
		ub :	16.5484	225.2231	395.6812
		lb :	12.4516	221.7769	392.3188
		A:
			0.7427	-0.0961	0.6627
			-0.4421	-0.2235	-0.8687
			-0.3426	-0.276	-0.898
			-0.5892	-0.512	-0.625
			-0.2258	0.2458	-0.9427
			0.593	0.0443	0.804
			0.4629	0.2124	0.8606
			-0.0301	0.9741	-0.2242
			-0.8859	0.0779	0.4573
			-0.4629	-0.2124	-0.8606
			0.0301	-0.9741	0.2242
			0.8859	-0.0779	-0.4573
		b:
			251.3534
			-398.1106
			-419.9174
			-368.4463
			-318.8426
			335.8778
			393.7466
			130.4336
			186.7477
			-392.7466
			-127.4336
			-182.7477
	==================================================================================
	Q4:
		Shape: Ellipse
		q_c:	20.0	223.5	395.0
		ub :	23.0081	226.6349	397.7127
		lb :	16.9919	220.3651	392.2873
		P^-1:
			0.287	-0.0317	-0.0694
			-0.0317	0.2771	0.0595
			-0.0694	0.0595	0.3803
	==================================================================================
	Q5:
		Shape: Hybrid
		q_c:	20.5	227.5	391.5
		ub :	23.6883	230.9321	394.1481
		lb :	17.3117	224.0679	388.8519
		P^-1:
			0.1715	0.0212	0.0519
			0.0212	0.199	0.0955
			0.0519	0.0955	0.3939
		A:
			0.2894	-0.7348	-0.6134
			-0.9772	-0.2116	-0.02
			0.0912	-0.9692	-0.2286
			-0.4409	-0.5682	0.6948
			0.1058	-0.5761	-0.8105
			-0.5595	0.744	0.3654
		b:
			-400.1748
			-74.3039
			-306.6414
			135.3774
			-445.279
			302.3933
	==================================================================================
	Q6:
		Shape: Ellipse
		q_c:	13.5	222.0	390.5
		ub :	16.6908	223.388	393.5894
		lb :	10.3092	220.612	387.4106
		P^-1:
			0.1743	-0.1085	-0.0004
			-0.1085	0.9857	0.0028
			-0.0004	0.0028	0.16


===========================================================================================
===========================================================================================
S8:
	q_c:	40.0	439.5	391.0
	ub :	59.2562	456.0881	405.215
	lb :	24.035	416.436	363.352

	==================================================================================
	Q1:
		Shape: Hybrid
		q_c:	50.5	437.0	385.5
		ub :	59.2562	444.4323	394.1924
		lb :	41.7438	429.5677	376.8076
		P^-1:
			0.024	0.0037	0.012
			0.0037	0.034	0.003
			0.012	0.003	0.0422
		A:
			-0.268	-0.3929	0.8797
			0.4807	-0.2933	-0.8264
			-0.5428	-0.7932	-0.2759
			0.1748	0.219	0.9599
			0.5133	0.8343	-0.2015
			0.8845	0.064	0.4621
		b:
			157.5899
			-418.0645
			-477.4412
			477.1504
			316.436
			254.2251
	==================================================================================
	Q2:
		Shape: Polyhedra
		q_c:	34.5	446.0	394.0
		ub :	42.8012	456.0881	405.215
		lb :	26.1988	435.9119	382.785
		A:
			0.6833	0.3194	-0.6566
			0.5456	-0.0901	0.8332
			-0.7252	0.4876	-0.4862
			0.9105	-0.2241	0.3476
			-0.7977	-0.6004	-0.0571
			-0.1201	0.6786	-0.7246
			0.1183	0.8945	0.4311
			-0.0704	0.4406	-0.8949
			-0.9905	0.0755	0.1151
			-0.1183	-0.8945	-0.4311
			0.0704	-0.4406	0.8949
			0.9905	-0.0755	-0.1151
		b:
			-84.9579
			314.9155
			8.6403
			75.759
			-310.9565
			21.397
			579.3837
			-150.0324
			51.8769
			-566.3837
			167.0324
			-37.8769
	==================================================================================
	Q3:
		Shape: Hybrid
		q_c:	32.0	445.0	379.0
		ub :	39.7763	452.079	384.7892
		lb :	24.2237	437.921	373.2108
		P^-1:
			0.0321	0.0121	0.0112
			0.0121	0.0662	-0.023
			0.0112	-0.023	0.099
		A:
			-0.219	0.8492	0.4805
			-0.1693	0.5588	-0.8118
			-0.6313	0.4366	-0.6409
			0.0988	-0.5702	0.8155
			0.0582	-0.9434	0.3264
			-0.3576	-0.7536	0.5515
		b:
			556.6742
			-62.7935
			-65.8692
			60.0873
			-291.8452
			-135.7883
	==================================================================================
	Q4:
		Shape: Polyhedra
		q_c:	47.0	442.0	376.5
		ub :	53.7074	447.0026	383.5125
		lb :	40.2926	436.9974	369.4875
		A:
			0.3958	0.9108	0.1174
			0.5308	0.842	0.0965
			0.2856	0.6361	-0.7168
			0.7469	0.6009	-0.2848
			0.7437	0.4719	-0.4735
			-0.3243	-0.5459	0.7726
			0.1362	0.926	0.3521
			0.7303	0.1463	-0.6673
			-0.6695	0.3481	-0.6563
			-0.1362	-0.926	-0.3521
			-0.7303	-0.1463	0.6673
			0.6695	-0.3481	0.6563
		b:
			468.6009
			436.8225
			29.0039
			197.5913
			69.5907
			38.762
			551.2617
			-147.7572
			-120.2082
			-545.2617
			156.7572
			129.2082
	==================================================================================
	Q5:
		Shape: Ellipse
		q_c:	42.0	429.0	373.5
		ub :	51.5312	436.1596	383.0424
		lb :	32.4688	421.8404	363.9576
		P^-1:
			0.0271	-0.0015	0.0034
			-0.0015	0.0326	-0.0004
			0.0034	-0.0004	0.019
	==================================================================================
	Q6:
		Shape: Ellipse
		q_c:	33.0	427.5	375.5
		ub :	41.965	438.564	387.648
		lb :	24.035	416.436	363.352
		P^-1:
			0.0665	0.0422	0.018
			0.0422	0.0526	0.0215
			0.018	0.0215	0.0235


===========================================================================================
===========================================================================================
S9:
	q_c:	107.0	223.0	184.0
	ub :	125.0211	244.6597	202.5405
	lb :	85.4273	203.6503	159.7977

	==================================================================================
	Q1:
		Shape: Hybrid
		q_c:	116.0	211.0	169.0
		ub :	125.0211	215.5278	178.2023
		lb :	106.9789	206.4722	159.7977
		P^-1:
			0.0158	0.0039	0.0006
			0.0039	0.109	0.0135
			0.0006	0.0135	0.0176
		A:
			-0.3301	-0.7572	-0.5636
			0.213	0.8432	0.4936
			-0.3808	0.887	-0.2612
			0.0015	-0.9376	-0.3478
			0.7801	0.3361	-0.5277
			-0.0224	-0.8775	-0.4791
		b:
			-289.824
			288.8021
			102.5024
			-254.5351
			78.4353
			-266.255
	==================================================================================
	Q2:
		Shape: Hybrid
		q_c:	101.0	221.5	181.0
		ub :	111.6323	230.5777	192.9398
		lb :	90.3677	212.4223	169.0602
		P^-1:
			0.0194	0.0	-0.0028
			0.0	0.0233	-0.0018
			-0.0028	-0.0018	0.0137
		A:
			-0.2455	0.7462	-0.6188
			-0.6196	0.6752	0.4002
			0.3823	0.2722	-0.8831
			0.5084	0.7042	0.4956
			0.0753	-0.7302	-0.6791
			-0.193	0.8699	-0.4539
		b:
			32.6043
			163.1941
			-56.4258
			301.7723
			-272.3662
			94.6773
	==================================================================================
	Q3:
		Shape: Hybrid
		q_c:	113.5	221.0	178.0
		ub :	122.9792	229.2553	186.9844
		lb :	104.0208	212.7447	169.0156
		P^-1:
			0.0351	-0.002	-0.0072
			-0.002	0.0392	-0.0029
			-0.0072	-0.0029	0.0294
		A:
			0.5514	-0.8174	0.167
			-0.1262	-0.3452	0.93
			-0.0597	-0.7147	-0.6969
			0.0066	0.8297	-0.5581
			-0.1919	-0.9387	-0.2865
			0.0053	0.9999	-0.01
		b:
			-85.7185
			78.0151
			-285.3707
			87.3928
			-277.2315
			222.3745
	==================================================================================
	Q4:
		Shape: Hybrid
		q_c:	104.0	236.5	187.0
		ub :	110.148	244.6597	193.8533
		lb :	97.852	228.3403	180.1467
		P^-1:
			0.0954	0.031	-0.0066
			0.031	0.0497	0.0159
			-0.0066	0.0159	0.0521
		A:
			0.7966	0.6021	-0.0533
			-0.2443	0.9669	0.0738
			0.4172	0.896	0.1518
			0.2676	-0.0202	0.9633
			0.4835	0.155	0.8615
			-0.9158	0.1063	0.3874
		b:
			216.9674
			221.2459
			286.3216
			206.7485
			251.1212
			4.4923
	==================================================================================
	Q5:
		Shape: Ellipse
		q_c:	103.5	212.5	193.5
		ub :	113.9571	221.3497	202.5405
		lb :	93.0429	203.6503	184.4595
		P^-1:
			0.0254	0.0036	0.0
			0.0036	0.0313	0.0001
			0.0	0.0001	0.0237
	==================================================================================
	Q6:
		Shape: Hybrid
		q_c:	91.0	225.5	174.5
		ub :	96.5727	235.1311	183.3232
		lb :	85.4273	215.8689	165.6768
		P^-1:
			0.0489	-0.0039	0.0003
			-0.0039	0.0185	0.0007
			0.0003	0.0007	0.0202
		A:
			0.0537	0.5562	-0.8293
			-0.5525	0.1961	-0.8101
			0.9438	0.3195	0.0842
			0.9946	0.102	0.0209
			0.2781	-0.0621	-0.9585
			-0.4628	0.6861	-0.5613
		b:
			-9.3454
			-143.3391
			175.5698
			119.6141
			-151.3558
			19.0852


===========================================================================================
===========================================================================================
S10:
	q_c:	364.0	129.5	448.0
	ub :	386.5382	160.9966	478.0686
	lb :	344.4836	107.5365	430.3313

	==================================================================================
	Q1:
		Shape: Hybrid
		q_c:	354.0	143.0	462.5
		ub :	363.5164	148.7464	473.0871
		lb :	344.4836	137.2536	451.9129
		P^-1:
			0.0538	0.0005	-0.0352
			0.0005	0.0399	0.0021
			-0.0352	0.0021	0.037
		A:
			0.6426	-0.4456	-0.6233
			-0.8544	0.3326	0.3991
			-0.5223	-0.7183	0.4596
			0.3586	0.7369	0.573
			-0.058	-0.3359	-0.9401
			-0.3945	-0.9115	-0.1165
		b:
			-122.3628
			-67.7221
			-72.3686
			503.2102
			-496.804
			-320.0488
	==================================================================================
	Q2:
		Shape: Hybrid
		q_c:	361.5	117.5	439.5
		ub :	371.8058	127.4635	448.6687
		lb :	351.1942	107.5365	430.3313
		P^-1:
			0.0322	0.0069	-0.008
			0.0069	0.0211	-0.0038
			-0.008	-0.0038	0.0222
		A:
			-0.5899	-0.4554	0.6668
			-0.5018	0.3819	0.7761
			0.9165	0.3948	-0.0643
			0.8095	-0.5483	0.21
			-0.167	0.7218	0.6716
			0.2985	-0.1775	-0.9378
		b:
			29.1101
			208.7496
			352.426
			325.2628
			324.5676
			-320.8678
	==================================================================================
	Q3:
		Shape: Ellipse
		q_c:	354.5	139.0	448.0
		ub :	361.8015	148.0304	457.094
		lb :	347.1985	129.9696	438.906
		P^-1:
			0.0287	0.0033	-0.0031
			0.0033	0.0389	-0.0142
			-0.0031	-0.0142	0.0274
	==================================================================================
	Q4:
		Shape: Ellipse
		q_c:	361.0	147.0	450.5
		ub :	374.9555	160.9966	466.5691
		lb :	347.0445	133.0034	434.4309
		P^-1:
			0.0102	-0.0001	-0.0004
			-0.0001	0.0111	-0.0001
			-0.0004	-0.0001	0.0109
	==================================================================================
	Q5:
		Shape: Polyhedra
		q_c:	376.0	129.5	450.0
		ub :	386.1794	139.6413	459.6366
		lb :	365.8206	119.3587	440.3634
		A:
			-0.8453	-0.4549	0.2801
			0.0803	0.5183	0.8514
			0.351	-0.5736	-0.7401
			0.7437	-0.3317	-0.5804
			0.1245	-0.6538	-0.7464
			-0.3425	0.0841	-0.9357
			0.2781	0.6349	0.7208
			-0.6471	0.6784	-0.348
			-0.7099	-0.3696	0.5995
			-0.2781	-0.6349	-0.7208
			0.6471	-0.6784	0.348
			0.7099	0.3696	-0.5995
		b:
			-244.8008
			485.5126
			-269.8395
			-18.38
			-368.4582
			-533.0631
			516.1351
			-305.0283
			-39.0054
			-506.1351
			319.0283
			51.0054
	==================================================================================
	Q6:
		Shape: Polyhedra
		q_c:	373.0	140.0	466.0
		ub :	386.5382	153.7419	478.0686
		lb :	359.4618	126.2581	453.9314
		A:
			0.1312	-0.8415	0.5241
			-0.4608	-0.4579	-0.7603
			0.9175	-0.1288	0.3764
			-0.9211	0.2835	0.2669
			0.298	-0.5448	-0.7838
			-0.775	-0.3801	-0.5048
			0.3403	0.8529	0.3959
			0.9403	-0.3088	-0.143
			0.0003	0.421	-0.9071
			-0.3403	-0.8529	-0.3959
			-0.9403	0.3088	0.143
			-0.0003	-0.421	0.9071
		b:
			183.7728
			-582.1291
			510.2272
			-168.0519
			-321.1215
			-568.3944
			438.835
			252.3692
			-355.6595
			-422.835
			-229.3692
			371.6595


===========================================================================================
===========================================================================================
S11:
	q_c:	405.0	226.5	14.5
	ub :	423.0773	248.2651	33.5272
	lb :	389.1776	209.4872	-4.4953

	==================================================================================
	Q1:
		Shape: Polyhedra
		q_c:	410.5	225.5	14.0
		ub :	421.1179	234.7032	24.0178
		lb :	399.8821	216.2968	3.9822
		A:
			0.4111	0.4685	-0.782
			0.5842	-0.8024	-0.1223
			-0.8918	0.1758	-0.4168
			-0.0226	0.9737	0.2266
			-0.4208	-0.8014	0.4251
			0.255	-0.0243	-0.9666
			0.8504	0.253	0.4613
			-0.334	-0.4176	0.845
			0.4064	-0.8727	-0.2706
			-0.8504	-0.253	-0.4613
			0.334	0.4176	-0.845
			-0.4064	0.8727	0.2706
		b:
			269.4598
			62.7942
			-325.1059
			219.2358
			-341.3552
			91.6824
			420.1144
			-213.4724
			-28.2308
			-405.1144
			225.4724
			39.2308
	==================================================================================
	Q2:
		Shape: Polyhedra
		q_c:	406.0	238.5	5.0
		ub :	414.6505	248.2651	14.4953
		lb :	397.3495	228.7349	-4.4953
		A:
			0.5187	-0.4312	-0.7383
			-0.7468	0.2529	0.6151
			-0.6031	0.5763	-0.5514
			0.9538	-0.1488	0.2612
			0.521	0.2299	-0.822
			0.5183	-0.6382	0.5693
			0.2352	0.5123	0.826
			-0.8606	-0.2852	0.422
			0.4517	-0.8101	0.3738
			-0.2352	-0.5123	-0.826
			0.8606	0.2852	-0.422
			-0.4517	0.8101	-0.3738
		b:
			109.7485
			-234.4036
			-103.7357
			358.8611
			267.5414
			67.5121
			227.8191
			-410.3028
			-1.4443
			-215.8191
			420.3028
			14.4443
	==================================================================================
	Q3:
		Shape: Hybrid
		q_c:	412.0	217.0	16.0
		ub :	423.0773	224.5128	27.2708
		lb :	400.9227	209.4872	4.7292
		P^-1:
			0.0287	-0.0083	0.0113
			-0.0083	0.0399	-0.0068
			0.0113	-0.0068	0.0224
		A:
			0.1723	-0.9712	-0.1646
			0.576	-0.7878	-0.2181
			0.8064	0.5822	0.1039
			-0.1273	0.6911	-0.7115
			-0.81	0.5705	0.1358
			-0.143	-0.8015	0.5807
		b:
			-139.2178
			66.6097
			464.4111
			89.58
			-203.7159
			-219.6971
	==================================================================================
	Q4:
		Shape: Polyhedra
		q_c:	399.0	232.0	27.0
		ub :	408.8224	240.9065	33.5272
		lb :	389.1776	223.0935	20.4728
		A:
			-0.7002	-0.7128	-0.0396
			-0.7719	-0.6182	-0.1481
			0.2566	-0.4244	0.8684
			0.0526	-0.9467	0.3177
			-0.0795	-0.4602	-0.8843
			-0.8559	0.4644	0.2274
			0.5998	0.7723	0.2093
			0.7604	-0.6316	0.1511
			0.2489	0.0685	-0.9661
			-0.5998	-0.7723	-0.2093
			-0.7604	0.6316	-0.1511
			-0.2489	-0.0685	0.9661
		b:
			-440.8282
			-450.2831
			33.1117
			-183.8134
			-157.6274
			-220.5637
			429.1479
			168.4722
			93.6097
			-419.1479
			-153.4722
			-84.6097
	==================================================================================
	Q5:
		Shape: Ellipse
		q_c:	404.5	236.0	22.5
		ub :	410.4018	246.5091	33.363
		lb :	398.5982	225.4909	11.637
		P^-1:
			0.0596	-0.0047	-0.01
			-0.0047	0.0183	0.0011
			-0.01	0.0011	0.0202
	==================================================================================
	Q6:
		Shape: Polyhedra
		q_c:	407.0	220.0	10.5
		ub :	415.055	228.4234	17.2746
		lb :	398.945	211.5766	3.7254
		A:
			0.7333	-0.5142	-0.4449
			0.2524	0.7814	-0.5707
			0.3025	0.7208	0.6237
			0.4457	-0.7237	-0.5268
			-0.6833	-0.3816	-0.6224
			-0.3245	0.2192	-0.9201
			0.4439	0.477	0.7586
			-0.3021	-0.7174	0.6278
			0.8436	-0.5078	-0.1743
			-0.4439	-0.477	-0.7586
			0.3021	0.7174	-0.6278
			-0.8436	0.5078	0.1743
		b:
			186.484
			274.1595
			291.6043
			21.9452
			-365.2614
			-89.157
			296.5461
			-268.6849
			235.8098
			-290.5461
			279.6849
			-223.8098


===========================================================================================
===========================================================================================
S12:
	q_c:	480.0	338.5	510.0
	ub :	500.2652	362.9106	535.4533
	lb :	455.8946	317.6881	496.0282

	==================================================================================
	Q1:
		Shape: Ellipse
		q_c:	487.0	333.0	515.0
		ub :	497.675	345.6849	526.6406
		lb :	476.325	320.3151	503.3594
		P^-1:
			0.0569	-0.0196	-0.0463
			-0.0196	0.0204	0.0173
			-0.0463	0.0173	0.0576
	==================================================================================
	Q2:
		Shape: Ellipse
		q_c:	489.0	347.5	522.5
		ub :	500.2652	356.2499	535.4533
		lb :	477.7348	338.7501	509.5467
		P^-1:
			0.0144	-0.0043	0.0005
			-0.0043	0.0364	-0.0087
			0.0005	-0.0087	0.0131
	==================================================================================
	Q3:
		Shape: Polyhedra
		q_c:	471.5	337.5	508.5
		ub :	478.2818	346.013	516.9605
		lb :	464.7182	328.987	500.0395
		A:
			-0.2748	0.9416	0.1944
			0.376	-0.8973	0.2314
			-0.4135	0.7465	0.5213
			0.862	-0.1285	-0.4904
			0.9937	-0.1027	-0.0458
			-0.7851	0.4366	-0.4394
			0.5349	0.7117	0.4554
			0.2098	0.4102	-0.8875
			-0.8185	0.5703	0.0701
			-0.5349	-0.7117	-0.4554
			-0.2098	-0.4102	0.8875
			0.8185	-0.5703	-0.0701
		b:
			291.6192
			-3.7411
			326.3825
			117.7759
			414.3717
			-442.4506
			730.469
			-207.9257
			-155.2829
			-717.469
			219.9257
			160.2829
	==================================================================================
	Q4:
		Shape: Ellipse
		q_c:	473.0	345.5	501.5
		ub :	479.5803	352.0658	506.9718
		lb :	466.4197	338.9342	496.0282
		P^-1:
			0.1139	0.036	0.0866
			0.036	0.0875	0.0651
			0.0866	0.0651	0.1442
	==================================================================================
	Q5:
		Shape: Polyhedra
		q_c:	469.5	327.5	526.0
		ub :	478.7444	337.3119	533.8787
		lb :	460.2556	317.6881	518.1213
		A:
			0.7008	0.1184	-0.7035
			-0.6454	0.4622	0.6081
			0.3577	0.5966	-0.7185
			0.479	-0.875	-0.0697
			0.2751	-0.9215	-0.274
			0.6939	-0.4696	-0.5459
			0.6819	0.6979	0.2189
			0.6723	-0.4801	-0.5635
			-0.2882	0.5314	-0.7966
			-0.6819	-0.6979	-0.2189
			-0.6723	0.4801	0.5635
			0.2882	-0.5314	0.7966
		b:
			2.6854
			172.2008
			-8.9744
			-93.602
			-311.4995
			-111.1369
			671.3661
			-134.0236
			-375.2548
			-656.3661
			142.0236
			385.2548
	==================================================================================
	Q6:
		Shape: Ellipse
		q_c:	465.5	352.5	521.5
		ub :	475.1054	362.9106	529.9295
		lb :	455.8946	342.0894	513.0705
		P^-1:
			0.0326	-0.0093	-0.004
			-0.0093	0.0244	-0.001
			-0.004	-0.001	0.0339


===========================================================================================
===========================================================================================
