3D_45_13_6_b                l = 3

===========================================================================================
===========================================================================================
S1:
	q_c:	172.0	264.0	415.5
	ub :	185.2705	277.7431	430.9863
	lb :	163.8187	255.3504	406.0764

	==================================================================================
	Q1:
		Shape: Polyhedra
		q_c:	169.5	264.0	411.0
		ub :	173.871	268.2611	415.9236
		lb :	165.129	259.7389	406.0764
		A:
			0.4754	-0.8622	0.1749
			-0.1673	-0.0246	-0.9856
			0.1964	0.9613	0.1934
			-0.4127	-0.7326	0.5412
			0.1866	-0.3453	0.9198
			0.6855	0.0102	-0.728
			0.6419	0.2429	0.7273
			0.0281	0.9404	-0.3388
			-0.7663	0.2379	0.5968
			-0.6419	-0.2429	-0.7273
			-0.0281	-0.9404	0.3388
			0.7663	-0.2379	-0.5968
		b:
			-72.0938
			-437.148
			369.4552
			-37.7975
			321.3211
			-176.8629
			474.3548
			116.7814
			181.6968
			-469.3548
			-110.7814
			-174.6968
	==================================================================================
	Q2:
		Shape: Ellipse
		q_c:	177.0	268.0	423.0
		ub :	180.2059	273.6892	428.9899
		lb :	173.7941	262.3108	417.0101
		P^-1:
			0.8058	-0.3654	-0.105
			-0.3654	0.2379	0.0579
			-0.105	0.0579	0.0682
	==================================================================================
	Q3:
		Shape: Ellipse
		q_c:	174.0	262.5	424.5
		ub :	180.5496	268.3461	430.9863
		lb :	167.4504	256.6539	418.0137
		P^-1:
			0.0724	-0.0174	0.0253
			-0.0174	0.051	-0.0189
			0.0253	-0.0189	0.0771
	==================================================================================
	Q4:
		Shape: Ellipse
		q_c:	181.5	268.5	414.0
		ub :	185.2705	270.2774	417.6077
		lb :	177.7295	266.7226	410.3923
		P^-1:
			0.2434	-0.0041	0.1803
			-0.0041	0.4444	0.0037
			0.1803	0.0037	0.2827
	==================================================================================
	Q5:
		Shape: Polyhedra
		q_c:	171.0	270.5	413.5
		ub :	178.1813	277.7431	420.2317
		lb :	163.8187	263.2569	406.7683
		A:
			0.4017	0.5985	0.6932
			-0.0902	-0.8477	0.5227
			0.1283	0.9104	-0.3933
			-0.476	0.6694	-0.5704
			0.5581	0.8279	0.0552
			-0.9912	-0.1073	-0.0774
			0.2715	0.7967	0.54
			0.365	0.4339	-0.8237
			-0.8905	0.4208	-0.173
			-0.2715	-0.7967	-0.54
			-0.365	-0.4339	0.8237
			0.8905	-0.4208	0.173
		b:
			521.269
			-24.0767
			109.97
			-131.3318
			346.3833
			-225.7282
			489.2171
			-156.3011
			-105.0042
			-481.2171
			165.3011
			115.0042
	==================================================================================
	Q6:
		Shape: Ellipse
		q_c:	175.5	263.5	421.5
		ub :	183.2371	271.6496	428.3083
		lb :	167.7629	255.3504	414.6917
		P^-1:
			0.0377	-0.0056	0.0027
			-0.0056	0.0474	-0.0196
			0.0027	-0.0196	0.0696


===========================================================================================
===========================================================================================
S2:
	q_c:	250.5	425.5	224.5
	ub :	265.2297	439.7862	238.546
	lb :	236.8226	416.0708	213.6466

	==================================================================================
	Q1:
		Shape: Polyhedra
		q_c:	256.0	432.0	232.0
		ub :	263.4455	439.7862	238.546
		lb :	248.5545	424.2138	225.454
		A:
			0.6083	0.3971	0.6872
			-0.8927	-0.1902	-0.4086
			-0.0712	-0.1133	0.991
			0.0178	-0.4968	-0.8677
			0.9343	-0.143	0.3267
			0.638	-0.1931	0.7454
			0.791	0.6104	0.0417
			0.4586	-0.5463	-0.7009
			-0.405	0.5736	-0.712
			-0.791	-0.6104	-0.0417
			-0.4586	0.5463	0.7009
			0.405	-0.5736	0.712
		b:
			491.2055
			-400.9777
			167.2348
			-406.8783
			257.6977
			257.3329
			480.3628
			-276.7357
			-16.5976
			-471.3628
			285.7357
			25.5976
	==================================================================================
	Q2:
		Shape: Polyhedra
		q_c:	251.5	429.5	219.5
		ub :	255.6059	435.0554	223.1825
		lb :	247.3941	423.9446	215.8175
		A:
			-0.8406	-0.5415	0.0065
			0.1694	-0.5467	-0.82
			-0.8739	-0.0034	-0.4862
			-0.7964	-0.5403	-0.2717
			0.9734	-0.051	-0.2236
			-0.9617	-0.2688	-0.0531
			0.8605	0.3845	0.3343
			0.3177	-0.9178	0.238
			0.3984	-0.0986	-0.9119
			-0.8605	-0.3845	-0.3343
			-0.3177	0.9178	-0.238
			-0.3984	0.0986	0.9119
		b:
			-440.3228
			-369.6138
			-325.2719
			-489.8351
			176.2395
			-366.9615
			456.9291
			-257.0789
			-140.3266
			-452.9291
			267.0789
			144.3266
	==================================================================================
	Q3:
		Shape: Ellipse
		q_c:	249.5	429.5	218.5
		ub :	254.3086	433.2078	223.3534
		lb :	244.6914	425.7922	213.6466
		P^-1:
			0.0772	-0.0496	0.0085
			-0.0496	0.2304	-0.0288
			0.0085	-0.0288	0.0674
	==================================================================================
	Q4:
		Shape: Polyhedra
		q_c:	242.0	426.0	227.5
		ub :	247.1774	431.1679	232.5907
		lb :	236.8226	420.8321	222.4093
		A:
			-0.0335	0.9605	-0.2763
			0.0173	-0.8751	-0.4837
			0.382	0.1617	0.9099
			-0.7581	-0.2528	-0.6012
			0.9488	0.0102	0.3158
			-0.5425	0.6346	-0.5504
			0.5126	0.475	0.7153
			0.0339	0.8212	-0.5697
			-0.858	0.3162	0.4048
			-0.5126	-0.475	-0.7153
			-0.0339	-0.8212	0.5697
			0.858	-0.3162	-0.4048
		b:
			341.686
			-475.5277
			370.3
			-425.7082
			309.3912
			17.5012
			490.6306
			231.9282
			24.1839
			-487.6306
			-224.9282
			-14.1839
	==================================================================================
	Q5:
		Shape: Hybrid
		q_c:	259.5	427.5	227.5
		ub :	265.2297	433.3371	232.2092
		lb :	253.7703	421.6629	222.7908
		P^-1:
			0.0629	-0.0049	0.0076
			-0.0049	0.117	-0.085
			0.0076	-0.085	0.195
		A:
			-0.128	-0.4533	0.8821
			-0.4221	0.6892	-0.5889
			-0.0431	-0.8406	0.54
			-0.036	-0.7691	0.6381
			-0.2358	-0.5471	0.8031
			0.3315	-0.6351	0.6977
		b:
			-25.2178
			52.6876
			-246.2004
			-191.6976
			-111.1462
			-25.4638
	==================================================================================
	Q6:
		Shape: Polyhedra
		q_c:	247.5	421.0	227.5
		ub :	252.013	425.9292	232.9955
		lb :	242.987	416.0708	222.0045
		A:
			-0.8007	-0.5463	0.2458
			-0.3186	-0.5603	0.7646
			-0.7779	-0.2367	-0.582
			0.7114	-0.2397	-0.6607
			-0.5935	-0.2359	0.7695
			-0.9301	0.3672	0.0043
			0.3084	0.2468	0.9187
			0.1292	0.946	-0.2975
			-0.9424	0.2104	0.2599
			-0.3084	-0.2468	-0.9187
			-0.1292	-0.946	0.2975
			0.9424	-0.2104	-0.2599
		b:
			-368.9687
			-137.235
			-420.8911
			-71.9148
			-67.7886
			-71.5679
			393.2265
			366.0406
			-82.5603
			-385.2265
			-359.0406
			88.5603


===========================================================================================
===========================================================================================
S3:
	q_c:	405.5	383.0	489.0
	ub :	412.7575	389.0183	492.0309
	lb :	402.1193	376.6939	483.3896

	==================================================================================
	Q1:
		Shape: Polyhedra
		q_c:	404.5	384.0	490.0
		ub :	406.8559	385.9678	492.0309
		lb :	402.1441	382.0322	487.9691
		A:
			-0.51	-0.661	0.5505
			-0.414	0.876	-0.2475
			0.5828	0.549	-0.5992
			0.1801	0.6249	-0.7596
			-0.6872	0.719	-0.1043
			-0.3183	-0.6906	-0.6494
			0.8649	0.3193	0.3873
			-0.1458	-0.5785	0.8026
			0.4803	-0.7506	-0.4538
			-0.8649	-0.3193	-0.3873
			0.1458	0.5785	-0.8026
			-0.4803	0.7506	0.4538
		b:
			-189.1201
			48.6925
			154.2152
			-58.3889
			-51.754
			-710.5284
			664.2463
			113.1535
			-315.2716
			-660.2463
			-111.1535
			317.2716
	==================================================================================
	Q2:
		Shape: Polyhedra
		q_c:	407.0	385.0	487.5
		ub :	409.8981	387.2661	489.5549
		lb :	404.1019	382.7339	485.4451
		A:
			0.1293	0.9569	-0.2599
			-0.0036	-0.7352	0.6778
			-0.4071	-0.4812	0.7764
			0.7032	-0.4771	-0.5271
			-0.6908	0.7206	0.0592
			0.1253	0.9651	-0.23
			0.8166	0.5385	0.2078
			0.5362	-0.841	0.0721
			0.2136	0.0526	-0.9755
			-0.8166	-0.5385	-0.2078
			-0.5362	0.841	-0.0721
			-0.2136	-0.0526	0.9755
		b:
			296.0254
			47.3039
			29.2429
			-153.1062
			26.2511
			312.1059
			643.4942
			-69.406
			-366.8743
			-638.4942
			71.406
			369.8743
	==================================================================================
	Q3:
		Shape: Ellipse
		q_c:	404.0	386.0	485.5
		ub :	405.8807	388.2187	487.6104
		lb :	402.1193	383.7813	483.3896
		P^-1:
			0.7341	-0.2628	-0.0892
			-0.2628	0.6829	0.0809
			-0.0892	0.0809	0.4719
	==================================================================================
	Q4:
		Shape: Hybrid
		q_c:	407.5	382.5	487.0
		ub :	409.6884	384.2797	489.1227
		lb :	405.3116	380.7203	484.8773
		P^-1:
			1.3383	-1.6629	0.3628
			-1.6629	2.7908	-0.5544
			0.3628	-0.5544	0.3709
		A:
			-0.4269	0.6538	-0.6248
			-0.4706	0.8573	-0.2087
			-0.3182	0.9159	-0.2446
			0.2872	-0.8117	-0.5087
			0.4931	-0.8402	0.2256
			-0.7876	-0.1526	-0.5969
		b:
			-227.3744
			34.7961
			101.9955
			-440.0044
			-10.3046
			-668.4501
	==================================================================================
	Q5:
		Shape: Polyhedra
		q_c:	409.0	385.5	488.0
		ub :	411.79	389.0183	491.3997
		lb :	406.21	381.9817	484.6003
		A:
			0.7986	-0.0198	0.6015
			0.875	0.1912	0.4447
			0.8348	-0.4792	-0.2712
			0.138	0.8	0.584
			0.8786	0.4655	-0.1065
			0.4026	-0.1332	-0.9056
			0.6133	0.4634	0.6397
			-0.124	-0.7433	0.6573
			0.7801	-0.4824	-0.3984
			-0.6133	-0.4634	-0.6397
			0.124	0.7433	-0.6573
			-0.7801	0.4824	0.3984
		b:
			614.2272
			650.1951
			26.35
			651.5174
			488.757
			-326.5493
			743.1205
			-13.9872
			-59.3384
			-740.1205
			18.9872
			63.3384
	==================================================================================
	Q6:
		Shape: Ellipse
		q_c:	409.5	380.0	487.0
		ub :	412.7575	383.3061	490.3493
		lb :	406.2425	376.6939	483.6507
		P^-1:
			0.25	-0.0	-0.0
			-0.0	0.25	-0.0
			-0.0	-0.0	0.25


===========================================================================================
===========================================================================================
S4:
	q_c:	391.0	452.5	110.0
	ub :	397.5281	468.0972	124.0675
	lb :	377.6569	440.4005	98.0509

	==================================================================================
	Q1:
		Shape: Hybrid
		q_c:	384.0	463.0	117.0
		ub :	390.3431	468.0972	123.7174
		lb :	377.6569	457.9028	110.2826
		P^-1:
			0.084	-0.0139	-0.0289
			-0.0139	0.0889	0.0028
			-0.0289	0.0028	0.0598
		A:
			0.9531	-0.1178	-0.2788
			-0.1562	-0.5921	0.7906
			-0.3949	0.9179	-0.0383
			0.1951	-0.6712	-0.7152
			-0.9592	-0.0035	-0.2827
			0.5238	-0.7428	0.4171
		b:
			280.6182
			-239.1912
			270.6448
			-317.2713
			-400.1842
			-91.5754
	==================================================================================
	Q2:
		Shape: Polyhedra
		q_c:	387.5	455.0	103.0
		ub :	392.5068	460.8069	107.9491
		lb :	382.4932	449.1931	98.0509
		A:
			0.3672	-0.2572	0.8939
			0.6726	0.0044	0.74
			-0.2883	0.2867	0.9136
			-0.3019	0.7875	-0.5372
			-0.4729	0.5704	0.6715
			-0.8181	-0.5749	-0.017
			0.2035	0.774	0.5996
			0.0745	0.5984	-0.7977
			-0.9762	0.207	0.0641
			-0.2035	-0.774	-0.5996
			-0.0745	-0.5984	0.7977
			0.9762	-0.207	-0.0641
		b:
			120.4771
			342.6848
			116.6937
			188.9622
			149.674
			-576.3013
			497.2783
			221.469
			-273.5111
			-488.2783
			-216.469
			281.5111
	==================================================================================
	Q3:
		Shape: Hybrid
		q_c:	390.5	459.5	110.0
		ub :	392.8955	464.2673	114.7111
		lb :	388.1045	454.7327	105.2889
		P^-1:
			0.2478	-0.0124	0.0123
			-0.0124	0.0948	-0.0156
			0.0123	-0.0156	0.1001
		A:
			0.7015	0.7031	-0.1165
			0.401	0.8569	-0.324
			-0.4941	-0.237	0.8365
			0.0471	0.9218	-0.3848
			-0.8436	0.3115	0.4374
			-0.8406	0.3762	-0.3898
		b:
			585.9752
			516.716
			-207.8821
			401.7616
			-136.6278
			-197.0441
	==================================================================================
	Q4:
		Shape: Polyhedra
		q_c:	392.5	458.0	105.5
		ub :	396.6283	462.8377	109.8331
		lb :	388.3717	453.1623	101.1669
		A:
			-0.6574	0.6739	0.3372
			-0.5421	0.8031	0.2472
			-0.7516	0.423	0.5061
			-0.46	0.7274	0.5093
			0.8735	-0.1901	-0.4481
			-0.2012	0.9589	-0.1998
			0.5464	0.8205	0.1682
			0.7829	-0.4289	-0.4507
			-0.2976	0.3779	-0.8767
			-0.5464	-0.8205	-0.1682
			-0.7829	0.4289	0.4507
			0.2976	-0.3779	0.8767
		b:
			87.9888
			183.2571
			-46.3743
			208.3594
			210.1956
			342.2898
			611.474
			64.7797
			-32.7465
			-604.474
			-61.7797
			39.7465
	==================================================================================
	Q5:
		Shape: Polyhedra
		q_c:	390.0	446.0	117.5
		ub :	397.5281	451.5995	124.0675
		lb :	382.4719	440.4005	110.9325
		A:
			0.2541	-0.0709	0.9646
			-0.8727	0.3811	-0.3052
			0.409	0.5598	-0.7207
			-0.1177	0.9663	-0.2291
			-0.0081	-0.7413	0.6711
			-0.5432	0.7858	-0.2958
			0.4618	0.0538	0.8853
			-0.824	0.3954	0.4058
			-0.3282	-0.9169	0.227
			-0.4618	-0.0538	-0.8853
			0.824	-0.3954	-0.4058
			0.3282	0.9169	-0.227
		b:
			184.8396
			-201.3533
			328.4713
			362.0034
			-251.2745
			108.3462
			312.1516
			-91.8239
			-506.7871
			-304.1516
			102.8239
			513.7871
	==================================================================================
	Q6:
		Shape: Polyhedra
		q_c:	383.0	450.5	115.0
		ub :	387.8544	455.0341	121.8632
		lb :	378.1456	445.9659	108.1368
		A:
			-0.6977	0.3231	-0.6393
			-0.7727	-0.2418	0.5869
			-0.9663	-0.0841	-0.2432
			-0.0639	0.8615	-0.5038
			0.8123	0.3747	-0.447
			-0.9624	0.2296	-0.1453
			0.0885	0.3276	0.9407
			-0.2179	0.9279	-0.3027
			-0.972	-0.1782	0.1535
			-0.0885	-0.3276	-0.9407
			0.2179	-0.9279	0.3027
			0.972	0.1782	-0.1535
		b:
			-191.0484
			-333.0889
			-431.7465
			308.0559
			432.4735
			-278.1242
			295.6561
			301.7463
			-430.8745
			-283.6561
			-297.7463
			438.8745


===========================================================================================
===========================================================================================
S5:
	q_c:	323.5	490.0	66.5
	ub :	338.3555	514.0962	75.67
	lb :	307.5601	469.1447	49.4609

	==================================================================================
	Q1:
		Shape: Polyhedra
		q_c:	330.5	477.5	58.5
		ub :	338.3555	485.8553	62.4336
		lb :	322.6445	469.1447	54.5664
		A:
			0.2909	0.0144	-0.9566
			-0.4056	-0.5242	0.7488
			0.5298	0.8447	-0.0763
			-0.5332	-0.6714	0.5148
			0.0867	-0.3771	-0.9221
			-0.5514	-0.762	-0.3395
			0.7547	0.5565	0.3475
			-0.2977	-0.1816	0.9372
			0.5846	-0.8108	0.0286
			-0.7547	-0.5565	-0.3475
			0.2977	0.1816	-0.9372
			-0.5846	0.8108	-0.0286
		b:
			49.7215
			-337.5104
			578.3681
			-463.1638
			-201.7842
			-561.6479
			539.4707
			-127.7537
			-185.2599
			-531.4707
			132.7537
			199.2599
	==================================================================================
	Q2:
		Shape: Hybrid
		q_c:	326.0	503.5	65.5
		ub :	335.7863	514.0962	75.67
		lb :	316.2137	492.9038	55.33
		P^-1:
			0.0267	-0.0016	-0.0008
			-0.0016	0.0246	0.0004
			-0.0008	0.0004	0.0239
		A:
			0.9706	-0.0684	-0.2307
			0.8464	0.53	0.0521
			0.1734	-0.8398	-0.5145
			-0.847	-0.061	0.528
			0.7514	0.6163	-0.2357
			-0.4489	-0.7404	-0.5002
		b:
			269.9641
			549.5908
			-396.7216
			-269.0939
			543.2644
			-548.4206
	==================================================================================
	Q3:
		Shape: Polyhedra
		q_c:	316.0	480.0	64.0
		ub :	324.1316	489.4171	73.9098
		lb :	307.8684	470.5829	54.0902
		A:
			-0.0379	0.0632	0.9973
			0.4919	0.6988	0.5194
			-0.6766	0.0924	0.7305
			0.7283	-0.6698	-0.1449
			-0.7406	-0.6478	-0.1784
			-0.0073	-0.9992	0.0381
			0.4711	0.6339	0.6133
			-0.2007	0.7541	-0.6253
			-0.8589	0.1715	0.4825
			-0.4711	-0.6339	-0.6133
			0.2007	-0.7541	0.6253
			0.8589	-0.1715	-0.4825
		b:
			88.004
			530.5664
			-118.0005
			-95.5533
			-550.2605
			-473.3331
			498.9188
			264.5367
			-153.723
			-485.9188
			-252.5367
			162.723
	==================================================================================
	Q4:
		Shape: Ellipse
		q_c:	314.0	481.5	59.5
		ub :	320.4399	486.8667	64.4856
		lb :	307.5601	476.1333	54.5144
		P^-1:
			0.3784	-0.4548	0.1137
			-0.4548	0.6071	-0.1484
			0.1137	-0.1484	0.0876
	==================================================================================
	Q5:
		Shape: Polyhedra
		q_c:	315.5	501.5	64.5
		ub :	320.3981	507.9503	71.0581
		lb :	310.6019	495.0497	57.9419
		A:
			0.331	-0.3999	0.8547
			0.3153	-0.252	0.9149
			0.8308	0.4645	-0.3065
			-0.4988	-0.7654	0.4067
			0.5967	-0.7074	-0.3789
			-0.2426	-0.2123	0.9466
			0.0108	0.5538	0.8326
			-0.9958	0.0815	-0.0413
			-0.0907	-0.8286	0.5524
			-0.0108	-0.5538	-0.8326
			0.9958	-0.0815	0.0413
			0.0907	0.8286	-0.5524
		b:
			-36.643
			36.6234
			479.6333
			-510.8771
			-186.2424
			-117.4718
			339.8453
			-271.4741
			-404.5581
			-329.8453
			280.4741
			412.5581
	==================================================================================
	Q6:
		Shape: Hybrid
		q_c:	327.0	491.0	57.5
		ub :	335.9533	499.1825	65.5391
		lb :	318.0467	482.8175	49.4609
		P^-1:
			0.0349	0.0086	-0.0008
			0.0086	0.0412	0.0055
			-0.0008	0.0055	0.0411
		A:
			-0.7362	-0.2348	0.6347
			-0.6909	0.5459	0.4739
			0.6119	0.3186	-0.7239
			0.7987	0.1063	0.5923
			-0.7784	-0.4892	0.3935
			0.2879	-0.6537	0.6999
		b:
			-316.7492
			72.581
			317.6305
			350.4972
			-469.4291
			-183.1831


===========================================================================================
===========================================================================================
S6:
	q_c:	451.0	203.5	355.0
	ub :	469.0763	217.4537	370.3698
	lb :	437.4572	188.6093	335.9779

	==================================================================================
	Q1:
		Shape: Polyhedra
		q_c:	450.0	198.0	351.0
		ub :	460.0529	207.3907	360.5813
		lb :	439.9471	188.6093	341.4187
		A:
			-0.2692	0.9601	-0.0763
			-0.0976	0.9836	-0.1518
			0.8611	0.3385	0.3793
			0.4787	0.826	-0.2974
			0.5435	0.7842	0.2995
			0.0509	-0.9717	0.2306
			0.5941	0.7351	0.3265
			-0.7156	0.2976	0.632
			0.3674	-0.6091	0.7028
			-0.5941	-0.7351	-0.3265
			0.7156	-0.2976	-0.632
			-0.3674	0.6091	-0.7028
		b:
			47.7466
			103.0788
			593.5816
			280.3664
			510.9567
			-83.1149
			533.5238
			-34.7461
			296.4145
			-521.5238
			47.7461
			-286.4145
	==================================================================================
	Q2:
		Shape: Ellipse
		q_c:	444.5	197.5	360.5
		ub :	451.5428	204.906	366.9267
		lb :	437.4572	190.094	354.0733
		P^-1:
			0.0583	-0.009	-0.0131
			-0.009	0.0582	0.0149
			-0.0131	0.0149	0.0545
	==================================================================================
	Q3:
		Shape: Polyhedra
		q_c:	451.5	196.5	356.5
		ub :	456.3584	200.6259	360.5291
		lb :	446.6416	192.3741	352.4709
		A:
			0.1791	-0.9614	-0.2087
			-0.4319	-0.8477	-0.308
			0.7471	-0.5829	0.3195
			-0.415	-0.4884	-0.7676
			-0.2696	0.8414	-0.4684
			-0.1581	-0.8718	-0.4637
			0.058	0.8352	0.5468
			0.0782	0.5423	-0.8365
			-0.9952	0.0913	-0.0339
			-0.058	-0.8352	-0.5468
			-0.0782	-0.5423	0.8365
			0.9952	-0.0913	0.0339
		b:
			-179.7163
			-468.5131
			340.7056
			-554.0364
			-120.2501
			-405.4665
			387.7774
			-153.3533
			-438.9769
			-382.7774
			159.3533
			447.9769
	==================================================================================
	Q4:
		Shape: Polyhedra
		q_c:	446.0	213.0	365.0
		ub :	451.4713	217.4537	370.3698
		lb :	440.5287	208.5463	359.6302
		A:
			0.3208	-0.7834	-0.5323
			-0.8104	-0.5758	0.1081
			-0.7791	0.0924	0.6201
			0.6097	-0.2466	-0.7533
			0.5425	-0.7322	-0.4118
			-0.8606	-0.5064	-0.0542
			0.4383	0.0166	0.8987
			-0.3543	0.9221	0.1557
			-0.8261	-0.3866	0.41
			-0.4383	-0.0166	-0.8987
			0.3543	-0.9221	-0.1557
			0.8261	0.3866	-0.41
		b:
			-214.5519
			-441.523
			-98.2724
			-52.1977
			-60.8614
			-508.2519
			531.0435
			98.7349
			-298.107
			-523.0435
			-91.7349
			304.107
	==================================================================================
	Q5:
		Shape: Hybrid
		q_c:	460.5	207.0	348.0
		ub :	467.0021	215.0771	356.28
		lb :	453.9979	198.9229	339.72
		P^-1:
			0.1772	-0.1045	0.0044
			-0.1045	0.0991	-0.0084
			0.0044	-0.0084	0.0304
		A:
			0.7802	-0.6153	0.1126
			-0.9935	0.0468	0.1042
			-0.6924	-0.4306	0.5789
			0.4969	-0.6462	0.5793
			-0.5226	0.4826	-0.7028
			-0.9007	0.3967	0.1771
		b:
			272.1603
			-408.8757
			-202.1629
			299.3604
			-382.1865
			-269.557
	==================================================================================
	Q6:
		Shape: Ellipse
		q_c:	458.5	205.5	346.5
		ub :	469.0763	213.5787	357.0221
		lb :	447.9237	197.4213	335.9779
		P^-1:
			0.0275	-0.0093	-0.0083
			-0.0093	0.0419	0.0049
			-0.0083	0.0049	0.0255


===========================================================================================
===========================================================================================
S7:
	q_c:	259.0	477.5	447.0
	ub :	279.0827	496.2673	464.1371
	lb :	244.8929	456.8703	427.126

	==================================================================================
	Q1:
		Shape: Hybrid
		q_c:	262.5	490.5	450.5
		ub :	268.2583	496.2673	458.3486
		lb :	256.7417	484.7327	442.6514
		P^-1:
			0.0729	0.0022	0.0206
			0.0022	0.0399	-0.0009
			0.0206	-0.0009	0.0325
		A:
			0.9981	-0.0367	0.0486
			-0.7616	0.305	0.5718
			-0.8732	-0.235	-0.427
			-0.5268	0.0482	-0.8486
			-0.8614	-0.4443	-0.2462
			0.9596	-0.1934	-0.2044
		b:
			268.1793
			211.4168
			-535.0285
			-494.007
			-552.8727
			67.948
	==================================================================================
	Q2:
		Shape: Ellipse
		q_c:	253.5	479.0	437.5
		ub :	262.1071	485.9516	446.428
		lb :	244.8929	472.0484	428.572
		P^-1:
			0.0341	0.0036	-0.0016
			0.0036	0.0458	-0.0057
			-0.0016	-0.0057	0.0357
	==================================================================================
	Q3:
		Shape: Polyhedra
		q_c:	270.5	465.5	455.0
		ub :	279.0827	474.1297	464.1371
		lb :	261.9173	456.8703	445.8629
		A:
			0.103	-0.994	-0.0376
			-0.6221	0.3405	0.705
			0.723	0.4432	-0.53
			-0.3686	-0.7704	-0.5202
			0.8297	0.1055	-0.5481
			-0.3755	-0.7063	0.6002
			0.2058	0.9028	0.3777
			0.7219	0.1205	-0.6814
			-0.6606	0.4129	-0.627
			-0.2058	-0.9028	-0.3777
			-0.7219	-0.1205	0.6814
			0.6606	-0.4129	0.627
		b:
			-445.8443
			314.7629
			164.1221
			-689.327
			27.4051
			-152.362
			653.2454
			-55.6411
			-263.7952
			-642.2454
			61.6411
			279.7952
	==================================================================================
	Q4:
		Shape: Hybrid
		q_c:	267.0	474.5	451.5
		ub :	277.5668	484.6973	460.6109
		lb :	256.4332	464.3027	442.3891
		P^-1:
			0.0292	-0.0094	-0.0062
			-0.0094	0.0317	-0.0051
			-0.0062	-0.0051	0.0278
		A:
			-0.1231	-0.9654	0.2301
			0.3995	0.8201	0.4097
			0.1929	-0.9802	0.0451
			-0.8631	0.4987	-0.0793
			0.0848	-0.9964	0.0094
			0.479	0.3897	0.7866
		b:
			-383.5552
			685.9177
			-390.1039
			-26.7554
			-442.4919
			673.2264
	==================================================================================
	Q5:
		Shape: Hybrid
		q_c:	255.0	488.0	440.0
		ub :	262.3755	492.4052	447.0274
		lb :	247.6245	483.5948	432.9726
		P^-1:
			0.0345	0.0019	0.0027
			0.0019	0.0623	-0.001
			0.0027	-0.001	0.0387
		A:
			0.3995	-0.525	-0.7515
			-0.755	0.6288	0.1861
			0.5094	-0.8592	0.0482
			-0.7081	-0.4858	-0.5124
			-0.9169	0.3548	-0.1826
			-0.5473	-0.8366	0.0257
		b:
			-481.9326
			199.2807
			-265.6676
			-640.2566
			-137.8376
			-534.0916
	==================================================================================
	Q6:
		Shape: Hybrid
		q_c:	260.0	482.0	432.0
		ub :	264.1512	486.5689	436.874
		lb :	255.8488	477.4311	427.126
		P^-1:
			0.1403	0.0305	-0.0257
			0.0305	0.1758	0.083
			-0.0257	0.083	0.1565
		A:
			-0.8783	-0.472	-0.0756
			0.0399	-0.3113	-0.9495
			0.2648	0.5384	0.8
			-0.8115	0.0296	0.5836
			-0.4877	-0.8254	-0.2843
			0.7339	0.5595	0.3851
		b:
			-487.1035
			-548.3526
			675.2502
			56.8213
			-646.2828
			628.2612


===========================================================================================
===========================================================================================
S8:
	q_c:	192.0	102.5	264.0
	ub :	214.2907	128.866	278.9622
	lb :	166.8715	79.1807	238.16

	==================================================================================
	Q1:
		Shape: Polyhedra
		q_c:	205.5	87.5	247.0
		ub :	213.9601	92.7119	255.84
		lb :	197.0399	82.2881	238.16
		A:
			0.0639	-0.9476	0.3131
			-0.4245	0.0229	0.9051
			0.4021	-0.8894	-0.2172
			0.6297	-0.7142	-0.3057
			-0.2012	0.5269	-0.8258
			0.4626	-0.0299	-0.886
			0.5957	0.1037	0.7965
			-0.4095	0.8923	0.1901
			-0.691	-0.4394	0.574
			-0.5957	-0.1037	-0.7965
			0.4095	-0.8923	-0.1901
			0.691	0.4394	-0.574
		b:
			11.1325
			143.224
			-45.8342
			-5.4566
			-193.1973
			-121.6526
			335.719
			43.8853
			-34.6801
			-320.719
			-37.8853
			42.6801
	==================================================================================
	Q2:
		Shape: Hybrid
		q_c:	199.5	92.5	253.5
		ub :	213.4671	105.8193	259.1434
		lb :	185.5329	79.1807	247.8566
		P^-1:
			0.029	0.035	0.0848
			0.035	0.0673	0.1423
			0.0848	0.1423	0.3674
		A:
			-0.7938	0.2089	-0.5711
			-0.1764	0.9676	0.1805
			-0.5129	-0.4536	-0.7288
			-0.1722	-0.4147	-0.8935
			0.0791	0.6471	0.7583
			0.6699	0.4696	0.5751
		b:
			-275.8525
			108.3451
			-325.9453
			-298.2945
			270.9281
			327.837
	==================================================================================
	Q3:
		Shape: Hybrid
		q_c:	202.5	116.5	255.0
		ub :	212.8079	128.866	268.4442
		lb :	192.1921	104.134	241.5558
		P^-1:
			0.0327	-0.0058	-0.0116
			-0.0058	0.0175	-0.0028
			-0.0116	-0.0028	0.0193
		A:
			-0.8604	-0.0509	0.5071
			0.0349	0.7059	-0.7075
			0.0724	0.6589	0.7488
			-0.4583	-0.4793	0.7485
			-0.8452	-0.205	0.4935
			0.934	0.063	-0.3516
		b:
			-48.1826
			-86.6737
			289.6675
			45.9058
			-66.218
			109.8021
	==================================================================================
	Q4:
		Shape: Polyhedra
		q_c:	180.5	105.0	252.5
		ub :	194.1285	119.5273	265.3002
		lb :	166.8715	90.4727	239.6998
		A:
			0.4757	0.4364	-0.7637
			-0.582	-0.5984	-0.5506
			-0.1966	-0.9805	0.0056
			0.098	0.5001	-0.8604
			-0.9031	0.2514	0.3481
			-0.6965	-0.7113	0.0945
			0.8783	0.1655	0.4485
			-0.3829	-0.318	0.8673
			0.2861	-0.9335	-0.2159
			-0.8783	-0.1655	-0.4485
			0.3829	0.318	-0.8673
			-0.2861	0.9335	0.2159
		b:
			-53.5736
			-297.5449
			-126.3504
			-139.1746
			-39.4067
			-167.6703
			297.6545
			123.9933
			-89.3985
			-280.6545
			-108.9933
			112.3985
	==================================================================================
	Q5:
		Shape: Polyhedra
		q_c:	183.5	89.0	266.0
		ub :	188.8736	96.4625	275.6634
		lb :	178.1264	81.5375	256.3366
		A:
			0.8988	0.0252	-0.4377
			0.9126	-0.2694	-0.3077
			0.5658	-0.3262	-0.7573
			-0.9135	-0.2934	0.2817
			0.2798	0.787	0.5499
			0.9025	0.4297	-0.0293
			0.8307	0.5555	0.0377
			0.4724	-0.6673	-0.5758
			-0.2947	0.4961	-0.8167
			-0.8307	-0.5555	-0.0377
			-0.4724	0.6673	0.5758
			0.2947	-0.4961	0.8167
		b:
			52.9945
			64.2785
			-122.917
			-116.8324
			270.1444
			197.6276
			213.4059
			-123.3559
			-217.1683
			-210.4059
			128.3559
			237.1683
	==================================================================================
	Q6:
		Shape: Hybrid
		q_c:	203.0	115.5	272.0
		ub :	214.2907	126.4756	278.9622
		lb :	191.7093	104.5244	265.0378
		P^-1:
			0.0211	0.0043	-0.012
			0.0043	0.0197	-0.006
			-0.012	-0.006	0.0578
		A:
			-0.4121	0.2779	-0.8677
			0.9423	-0.3199	-0.099
			-0.4186	-0.1676	0.8926
			-0.283	-0.1105	-0.9527
			-0.1441	-0.7851	0.6024
			0.2762	0.1902	-0.9421
		b:
			-283.5549
			133.0367
			140.5457
			-325.9621
			47.7845
			-176.2051


===========================================================================================
===========================================================================================
S9:
	q_c:	108.5	493.5	335.0
	ub :	125.1134	504.5148	350.839
	lb :	103.3083	479.1685	320.1626

	==================================================================================
	Q1:
		Shape: Ellipse
		q_c:	118.5	493.5	339.0
		ub :	123.3314	498.0834	343.0787
		lb :	113.6686	488.9166	334.9213
		P^-1:
			0.1706	0.0836	0.0278
			0.0836	0.1294	0.0323
			0.0278	0.0323	0.1236
	==================================================================================
	Q2:
		Shape: Polyhedra
		q_c:	119.0	495.0	335.5
		ub :	125.1134	500.0732	341.0224
		lb :	112.8866	489.9268	329.9776
		A:
			-0.6207	-0.7625	0.1828
			0.3479	0.8614	-0.3701
			0.0426	-0.6465	-0.7617
			0.3349	-0.1892	0.9231
			0.0143	0.3522	0.9358
			0.1632	0.7691	0.6179
			0.5589	0.8131	0.1625
			0.4629	-0.1434	-0.8747
			-0.688	0.5641	-0.4566
			-0.5589	-0.8131	-0.1625
			-0.4629	0.1434	0.8747
			0.688	-0.5641	0.4566
		b:
			-387.3086
			346.7104
			-567.3537
			259.9934
			493.3843
			610.321
			526.0477
			-305.838
			48.705
			-521.0477
			312.838
			-39.705
	==================================================================================
	Q3:
		Shape: Ellipse
		q_c:	109.5	499.0	326.5
		ub :	115.0804	504.5148	332.8374
		lb :	103.9196	493.4852	320.1626
		P^-1:
			0.0784	-0.005	-0.0051
			-0.005	0.0739	-0.008
			-0.0051	-0.008	0.0735
	==================================================================================
	Q4:
		Shape: Polyhedra
		q_c:	117.0	488.0	341.0
		ub :	120.6489	490.7391	343.6301
		lb :	113.3511	485.2609	338.3699
		A:
			0.1132	0.6626	-0.7404
			0.2807	-0.5005	0.819
			0.0379	-0.7062	0.707
			-0.0355	-0.9411	0.3363
			0.0617	0.7137	-0.6977
			-0.1229	0.6342	-0.7634
			0.3029	0.6245	0.7199
			0.0921	0.7327	-0.6743
			-0.9486	0.2705	0.1644
			-0.3029	-0.6245	-0.7199
			-0.0921	-0.7327	0.6743
			0.9486	-0.2705	-0.1644
		b:
			84.6794
			69.169
			-98.4989
			-347.6263
			118.1199
			35.6207
			588.1783
			138.8931
			80.0861
			-583.1783
			-137.8931
			-74.0861
	==================================================================================
	Q5:
		Shape: Ellipse
		q_c:	110.0	485.5	340.0
		ub :	116.6917	491.8315	346.2163
		lb :	103.3083	479.1685	333.7837
		P^-1:
			0.0676	0.0074	0.0111
			0.0074	0.0438	-0.0041
			0.0111	-0.0041	0.0728
	==================================================================================
	Q6:
		Shape: Hybrid
		q_c:	114.0	489.5	345.5
		ub :	119.9055	492.5072	350.839
		lb :	108.0945	486.4928	340.161
		P^-1:
			0.1994	0.2157	-0.2404
			0.2157	0.6047	-0.3615
			-0.2404	-0.3615	0.389
		A:
			-0.5137	-0.3277	0.7929
			-0.0959	-0.5394	0.8366
			0.2539	0.7555	-0.6039
			0.5724	0.6704	-0.4721
			0.2022	0.8448	-0.4954
			0.8565	0.1565	-0.4918
		b:
			55.9543
			15.9407
			190.77
			231.3511
			266.0668
			6.451


===========================================================================================
===========================================================================================
S10:
	q_c:	425.5	24.0	28.5
	ub :	428.6867	26.9455	31.1882
	lb :	424.8715	23.0585	26.2885

	==================================================================================
	Q1:
		Shape: Ellipse
		q_c:	426.0	24.5	27.5
		ub :	426.8931	25.2237	28.6209
		lb :	425.1069	23.7763	26.3791
		P^-1:
			3.8753	-0.0123	0.5986
			-0.0123	3.9988	0.0589
			0.5986	0.0589	1.1259
	==================================================================================
	Q2:
		Shape: Ellipse
		q_c:	426.0	24.0	30.0
		ub :	427.1118	24.9415	31.1882
		lb :	424.8882	23.0585	28.8118
		P^-1:
			3.2281	-0.3938	1.2509
			-0.3938	3.7991	0.6382
			1.2509	0.6382	1.9728
	==================================================================================
	Q3:
		Shape: Ellipse
		q_c:	427.0	25.0	27.5
		ub :	428.4267	26.4181	28.4996
		lb :	425.5733	23.5819	26.5004
		P^-1:
			1.1035	0.1893	0.5136
			0.1893	1.3464	0.9399
			0.5136	0.9399	3.5501
	==================================================================================
	Q4:
		Shape: Hybrid
		q_c:	426.5	25.0	28.5
		ub :	428.1285	26.3593	30.0329
		lb :	424.8715	23.6407	26.9671
		P^-1:
			1.0	-0.0	0.0
			-0.0	1.0	-0.0
			0.0	-0.0	1.0
		A:
			-0.2496	0.9295	-0.2715
			-0.9715	0.102	-0.2142
			-0.2183	0.1564	-0.9633
			0.8966	-0.4068	0.1751
			0.518	0.8063	-0.2856
			-0.8194	0.5618	0.1135
		b:
			-90.4558
			-417.3812
			-116.1408
			377.7099
			233.4429
			-331.7036
	==================================================================================
	Q5:
		Shape: Hybrid
		q_c:	427.5	26.0	29.0
		ub :	428.6867	26.9455	30.0775
		lb :	426.3133	25.0545	27.9225
		P^-1:
			1.7137	1.275	-0.0773
			1.275	3.2779	-0.138
			-0.0773	-0.138	1.0084
		A:
			0.9229	0.3347	-0.1902
			-0.3094	-0.8612	-0.4033
			-0.1641	-0.9504	0.2644
			-0.4026	-0.6961	0.5944
			-0.2323	-0.8864	0.4003
			-0.3653	0.9209	-0.1362
		b:
			398.2561
			-165.9479
			-86.8276
			-172.5311
			-110.3885
			-135.5662
	==================================================================================
	Q6:
		Shape: Hybrid
		q_c:	427.0	25.5	27.5
		ub :	428.0608	26.2871	28.7115
		lb :	425.9392	24.7129	26.2885
		P^-1:
			3.4148	0.1241	1.1822
			0.1241	3.9737	-0.2506
			1.1822	-0.2506	1.6115
		A:
			-0.4728	0.3249	-0.8191
			-0.9735	0.0014	-0.2288
			-0.6684	0.7379	0.0933
			-0.0719	-0.9283	-0.3647
			-0.8363	0.4883	-0.2495
			0.0829	0.7204	-0.6886
		b:
			-215.7364
			-421.6387
			-263.6404
			-64.0337
			-351.2215
			35.2758


===========================================================================================
===========================================================================================
S11:
	q_c:	53.0	442.5	501.5
	ub :	58.5147	449.9777	509.9686
	lb :	47.6561	435.1531	491.8311

	==================================================================================
	Q1:
		Shape: Polyhedra
		q_c:	53.5	446.5	502.5
		ub :	57.8837	449.9777	506.6613
		lb :	49.1163	443.0223	498.3387
		A:
			-0.3314	-0.9381	0.1004
			0.4934	0.7922	-0.359
			-0.1196	-0.7362	0.6661
			0.9226	0.3311	0.198
			0.7714	-0.5999	0.2121
			0.359	-0.6036	0.7119
			0.6028	0.0402	0.7969
			-0.66	0.5863	0.4697
			-0.4483	-0.8091	0.38
			-0.6028	-0.0402	-0.7969
			0.66	-0.5863	-0.4697
			0.4483	0.8091	-0.38
		b:
			-384.0382
			201.7263
			1.7306
			299.0781
			-117.2489
			109.8257
			453.1346
			465.4984
			-192.305
			-448.1346
			-459.4984
			196.305
	==================================================================================
	Q2:
		Shape: Polyhedra
		q_c:	53.0	440.0	497.0
		ub :	57.6253	444.8469	502.1689
		lb :	48.3747	435.1531	491.8311
		A:
			0.8653	0.222	0.4494
			0.052	0.2306	0.9717
			-0.8846	0.4605	0.0738
			0.2861	0.8268	-0.4844
			-0.2002	0.8901	0.4094
			0.8748	-0.1043	0.4732
			0.2439	0.8042	0.5421
			-0.8093	0.4768	-0.3432
			-0.5344	-0.355	0.7671
			-0.2439	-0.8042	-0.5421
			0.8093	-0.4768	0.3432
			0.5344	0.355	-0.7671
		b:
			369.6733
			590.304
			195.0621
			141.4831
			587.4279
			238.2456
			639.1694
			-1.1867
			200.2052
			-633.1694
			6.1867
			-193.2052
	==================================================================================
	Q3:
		Shape: Hybrid
		q_c:	50.5	446.0	497.5
		ub :	53.3439	448.1036	500.3115
		lb :	47.6561	443.8964	494.6885
		P^-1:
			0.3757	-0.0033	0.0929
			-0.0033	0.4443	0.0045
			0.0929	0.0045	0.3189
		A:
			0.4867	0.6773	-0.5517
			-0.3334	0.844	-0.4202
			-0.8014	0.5967	0.0414
			-0.7759	-0.3475	0.5265
			0.5624	0.8162	-0.132
			0.7375	-0.6325	0.2366
		b:
			53.213
			151.2943
			247.095
			68.921
			327.6305
			-126.3713
	==================================================================================
	Q4:
		Shape: Ellipse
		q_c:	53.5	446.0	497.5
		ub :	56.1887	448.806	500.6536
		lb :	50.8113	443.194	494.3464
		P^-1:
			0.282	-0.0733	0.0099
			-0.0733	0.3926	-0.066
			0.0099	-0.066	0.1799
	==================================================================================
	Q5:
		Shape: Hybrid
		q_c:	54.5	446.5	507.5
		ub :	58.2431	449.9661	509.9686
		lb :	50.7569	443.0339	505.0314
		P^-1:
			0.1291	0.071	-0.08
			0.071	0.4074	-0.3826
			-0.08	-0.3826	0.7346
		A:
			0.6499	0.4416	-0.6186
			-0.9433	0.3315	0.0157
			0.0115	0.8654	-0.501
			-0.0054	-0.8012	0.5984
			-0.1993	0.974	-0.1078
			0.5008	-0.3654	0.7847
		b:
			-80.0111
			107.0619
			133.7437
			-53.534
			371.0929
			263.767
	==================================================================================
	Q6:
		Shape: Polyhedra
		q_c:	54.5	444.0	503.5
		ub :	58.5147	448.086	507.0075
		lb :	50.4853	439.914	499.9925
		A:
			0.1985	-0.2036	-0.9587
			0.0258	-0.9682	0.2489
			0.4732	-0.0636	0.8787
			-0.8164	-0.304	0.491
			0.0707	-0.9072	0.4148
			0.6083	-0.3596	0.7076
			0.6637	0.6433	0.3817
			0.151	-0.615	0.7739
			0.7326	-0.456	-0.5053
			-0.6637	-0.6433	-0.3817
			-0.151	0.615	-0.7739
			-0.7326	0.456	0.5053
		b:
			-560.1799
			-300.9008
			442.3887
			70.2174
			-188.1244
			231.8059
			517.462
			126.3225
			-414.9903
			-510.462
			-123.3225
			418.9903


===========================================================================================
===========================================================================================
S12:
	q_c:	386.0	71.5	114.5
	ub :	397.9914	84.5464	122.7548
	lb :	377.6397	67.6203	106.3647

	==================================================================================
	Q1:
		Shape: Ellipse
		q_c:	394.0	71.0	110.5
		ub :	397.9914	74.3797	114.6353
		lb :	390.0086	67.6203	106.3647
		P^-1:
			0.152	0.0246	0.0571
			0.0246	0.1768	0.0261
			0.0571	0.0261	0.1923
	==================================================================================
	Q2:
		Shape: Ellipse
		q_c:	386.5	77.0	115.5
		ub :	390.5686	80.6606	119.8268
		lb :	382.4314	73.3394	111.1732
		P^-1:
			0.1704	0.0285	-0.0355
			0.0285	0.2193	-0.0394
			-0.0355	-0.0394	0.102
	==================================================================================
	Q3:
		Shape: Ellipse
		q_c:	392.0	73.5	118.5
		ub :	394.3145	76.7066	122.1129
		lb :	389.6855	70.2934	114.8871
		P^-1:
			0.8551	-0.1591	-0.2624
			-0.1591	0.2763	0.1145
			-0.2624	0.1145	0.2297
	==================================================================================
	Q4:
		Shape: Hybrid
		q_c:	382.0	80.5	111.0
		ub :	386.3603	84.5464	114.7811
		lb :	377.6397	76.4536	107.2189
		P^-1:
			0.1681	-0.0111	-0.0561
			-0.0111	0.1444	-0.0254
			-0.0561	-0.0254	0.2086
		A:
			0.6703	-0.2412	0.7018
			-0.4086	-0.3705	0.8341
			-0.5139	-0.6427	0.5681
			-0.1409	-0.0008	0.99
			-0.3071	-0.8507	0.4265
			0.5178	-0.7003	0.4914
		b:
			316.2126
			-92.2925
			-183.7371
			57.203
			-137.0286
			197.4776
	==================================================================================
	Q5:
		Shape: Polyhedra
		q_c:	388.5	76.0	111.0
		ub :	392.8591	81.1078	115.5348
		lb :	384.1409	70.8922	106.4652
		A:
			0.911	-0.337	-0.2377
			0.8226	0.0358	-0.5675
			0.1797	-0.5786	-0.7956
			-0.6624	-0.1181	0.7398
			0.5275	-0.3208	-0.7867
			-0.1578	0.4013	0.9022
			0.5856	0.7582	0.2867
			0.7332	-0.3447	-0.5861
			-0.3456	0.5534	-0.7578
			-0.5856	-0.7582	-0.2867
			-0.7332	0.3447	0.5861
			0.3456	-0.5534	0.7578
		b:
			303.8446
			261.2304
			-60.0424
			-182.0618
			94.9858
			71.8153
			320.4373
			195.1122
			-172.8357
			-313.4373
			-192.1122
			179.8357
	==================================================================================
	Q6:
		Shape: Ellipse
		q_c:	388.0	77.0	119.5
		ub :	390.9442	80.3503	122.7548
		lb :	385.0558	73.6497	116.2452
		P^-1:
			0.233	0.0349	-0.0052
			0.0349	0.1764	-0.006
			-0.0052	-0.006	0.1117


===========================================================================================
===========================================================================================
S13:
	q_c:	65.0	26.5	370.0
	ub :	73.4619	33.7635	376.2661
	lb :	57.195	20.9285	362.6107

	==================================================================================
	Q1:
		Shape: Polyhedra
		q_c:	71.0	24.0	371.0
		ub :	73.4619	26.5397	373.1033
		lb :	68.5381	21.4603	368.8967
		A:
			0.02	-0.0589	0.9981
			-0.491	0.3068	0.8153
			-0.1174	-0.5582	0.8214
			-0.2249	0.909	-0.3508
			0.3683	-0.1194	0.922
			0.0756	0.1674	-0.983
			0.1729	0.9674	0.1849
			-0.1049	0.2047	-0.9732
			-0.9793	0.1489	0.1369
