3D_45_20_6_e                l = 3

===========================================================================================
===========================================================================================
S1:
	q_c:    220.5000    57.5000    435.5000
	ub :    235.0000    61.0000    456.0000
	lb :    206.0000    54.0000    415.0000

	==================================================================================
	Q1:
		Shape: Polyhedra
		q_c:    222.5000    57.0000    434.0000
		ub :    225.1628    59.8836    436.4544
		lb :    219.8372    54.1164    431.5456
		A:
			    -0.3675    -0.9292    -0.0393
			    -0.7279    0.0629    0.6828
			    -0.6966    0.1392    0.7038
			    0.3716    -0.7139    -0.5936
			    -0.0165    0.7514    -0.6596
			    0.3476    -0.7650    -0.5422
			    0.6260    0.6380    0.4484
			    0.7582    -0.6324    -0.1588
			    0.1823    0.4394    -0.8796
			    -0.6260    -0.6380    -0.4484
			    -0.7582    0.6324    0.1588
			    -0.1823    -0.4394    0.8796
		b:
			    -149.9304
			    139.4684
			    159.8839
			    -213.9929
			    -245.5987
			    -199.9218
			    372.2652
			    65.2352
			    -314.6531
			    -368.2652
			    -62.2352
			    317.6531
	==================================================================================
	Q2:
		Shape: Ellipse
		q_c:    222.0000    58.0000    434.5000
		ub :    224.8787    60.8628    436.7836
		lb :    219.1213    55.1372    432.2164
		P^-1: 
			    0.3784    0.0916    0.0098
			    0.0916    0.3175    -0.0136
			    0.0098    -0.0136    0.4430
	==================================================================================
	Q3:
		Shape: Polyhedra
		q_c:    222.5000    56.5000    434.0000
		ub :    224.4761    58.0503    436.0330
		lb :    220.5239    54.9497    431.9670
		A:
			    0.0494    -0.9530    0.2989
			    -0.3778    0.9129    0.1545
			    -0.7628    -0.2402    -0.6003
			    0.9291    0.3694    0.0164
			    -0.8160    0.5724    -0.0803
			    0.1699    -0.8649    -0.4723
			    0.6130    0.4868    0.6223
			    0.2287    -0.8632    0.4500
			    0.7563    -0.1335    -0.6405
			    -0.6130    -0.4868    -0.6223
			    -0.2287    0.8632    -0.4500
			    -0.7563    0.1335    0.6405
		b:
			    87.8716
			    35.7480
			    -442.8279
			    235.9603
			    -182.8478
			    -214.8579
			    434.9743
			    198.4181
			    -115.7470
			    -432.9743
			    -196.4181
			    118.7470
	==================================================================================
	Q4:
		Shape: Polyhedra
		q_c:    221.0000    60.0000    435.0000
		ub :    223.4104    61.3061    436.7915
		lb :    218.5896    58.6939    433.2085
		A:
			    0.1553    -0.7778    -0.6091
			    0.4799    -0.5114    0.7129
			    0.1596    -0.9738    -0.1622
			    -0.6753    0.6434    -0.3605
			    -0.5454    -0.5244    -0.6539
			    -0.0455    -0.7218    -0.6906
			    0.4797    0.2474    0.8418
			    -0.7932    -0.2879    0.5366
			    0.3751    -0.9251    0.0581
			    -0.4797    -0.2474    -0.8418
			    0.7932    0.2879    -0.5366
			    -0.3751    0.9251    -0.0581
		b:
			    -276.5413
			    386.0853
			    -93.2095
			    -266.8277
			    -435.6849
			    -353.1907
			    487.5543
			    43.3552
			    53.1776
			    -486.5543
			    -38.3552
			    -52.1776
	==================================================================================
	Q5:
		Shape: Ellipse
		q_c:    223.0000    60.0000    439.5000
		ub :    224.8423    63.3064    442.8228
		lb :    221.1577    56.6936    436.1772
		P^-1: 
			    0.4400    0.0134    0.0260
			    0.0134    0.2006    0.0466
			    0.0260    0.0466    0.2138
	==================================================================================
	Q6:
		Shape: Hybrid
		q_c:    219.0000    61.0000    433.5000
		ub :    220.7134    63.4469    436.0682
		lb :    217.2866    58.5531    430.9318
		P^-1: 
			    0.4444    0.0000    -0.0001
			    0.0000    0.4022    0.0802
			    -0.0001    0.0802    0.2922
		A:
			    -0.7283    -0.5358    0.4273
			    0.8940    0.4467    -0.0338
			    0.3530    -0.5035    -0.7886
			    -0.7578    -0.5183    0.3962
			    -0.9942    -0.0782    -0.0744
			    -0.8024    -0.4947    0.3337
		b:
			    -5.9882
			    209.1833
			    -294.4073
			    -24.8736
			    -253.9740
			    -60.3413


===========================================================================================
===========================================================================================
S2:
	q_c:    129.0000    263.0000    274.5000
	ub :    143.0000    284.0000    296.0000
	lb :    115.0000    242.0000    253.0000

	==================================================================================
	Q1:
		Shape: Polyhedra
		q_c:    129.5000    257.5000    273.5000
		ub :    138.5123    259.6985    282.5613
		lb :    120.4877    255.3015    264.4387
		A:
			    0.4262    0.9025    -0.0620
			    0.0130    0.9992    -0.0385
			    0.1744    -0.9337    0.3127
			    0.2451    0.9265    -0.2854
			    0.2039    0.9423    -0.2655
			    -0.1664    0.9834    0.0719
			    0.8339    0.0706    0.5473
			    -0.5518    0.1152    0.8260
			    -0.0047    -0.9908    0.1350
			    -0.8339    -0.0706    -0.5473
			    0.5518    -0.1152    -0.8260
			    0.0047    0.9908    -0.1350
		b:
			    273.5532
			    249.6301
			    -130.4060
			    194.3539
			    198.2893
			    253.3440
			    282.3737
			    190.5931
			    -217.8200
			    -269.3737
			    -177.5931
			    219.8200
	==================================================================================
	Q2:
		Shape: Polyhedra
		q_c:    131.0000    253.0000    288.0000
		ub :    138.5464    261.3529    295.3297
		lb :    123.4536    244.6471    280.6703
		A:
			    -0.9427    0.2269    0.2447
			    -0.1847    -0.1137    0.9762
			    -0.9049    -0.3605    -0.2264
			    0.6443    -0.1917    0.7404
			    -0.9514    -0.0547    0.3031
			    -0.8957    -0.4152    0.1590
			    0.3553    0.6575    0.6645
			    0.3891    0.5424    -0.7446
			    -0.8500    0.5231    -0.0631
			    -0.3553    -0.6575    -0.6645
			    -0.3891    -0.5424    0.7446
			    0.8500    -0.5231    0.0631
		b:
			    8.9916
			    233.1821
			    -270.1149
			    253.8999
			    -46.4761
			    -171.7505
			    409.2475
			    -21.2687
			    7.3106
			    -399.2475
			    31.2687
			    1.6894
	==================================================================================
	Q3:
		Shape: Ellipse
		q_c:    135.5000    252.0000    283.5000
		ub :    139.4420    256.6773    288.0070
		lb :    131.5580    247.3227    278.9930
		P^-1: 
			    0.1192    0.0127    0.0129
			    0.0127    0.1312    0.0204
			    0.0129    0.0204    0.1319
	==================================================================================
	Q4:
		Shape: Hybrid
		q_c:    144.5000    276.0000    282.5000
		ub :    150.1547    284.7126    289.8144
		lb :    138.8453    267.2874    275.1856
		P^-1: 
			    0.0732    -0.0345    -0.0556
			    -0.0345    0.0848    0.0986
			    -0.0556    0.0986    0.1570
		A:
			    0.4049    -0.4602    -0.7901
			    0.5549    0.8216    -0.1304
			    -0.6977    0.1785    0.6938
			    -0.5790    -0.7947    -0.1821
			    0.5084    0.8433    0.1741
			    -0.6593    -0.6319    -0.4075
		b:
			    -290.6198
			    275.4397
			    146.5558
			    -350.1826
			    359.8296
			    -381.4166
	==================================================================================
	Q5:
		Shape: Polyhedra
		q_c:    138.0000    259.5000    287.5000
		ub :    145.2567    265.3916    295.0048
		lb :    130.7433    253.6084    279.9952
		A:
			    0.4478    -0.8236    0.3481
			    0.9064    -0.0491    -0.4195
			    0.6760    0.4264    -0.6011
			    -0.0253    -0.3616    0.9320
			    0.1710    0.4515    -0.8757
			    0.3854    0.9227    -0.0119
			    0.6774    0.3112    0.6666
			    -0.7152    0.0663    0.6958
			    0.1723    -0.9480    0.2675
			    -0.6774    -0.3112    -0.6666
			    0.7152    -0.0663    -0.6958
			    -0.1723    0.9480    -0.2675
		b:
			    -47.6921
			    -4.4182
			    34.8415
			    175.0160
			    -106.9665
			    293.8399
			    371.8811
			    122.0554
			    -141.3140
			    -359.8811
			    -115.0554
			    149.3140
	==================================================================================
	Q6:
		Shape: Hybrid
		q_c:    133.5000    254.5000    263.0000
		ub :    138.0545    260.7380    269.3719
		lb :    128.9455    248.2620    256.6281
		P^-1: 
			    0.3466    -0.1312    -0.1196
			    -0.1312    0.1491    -0.0196
			    -0.1196    -0.0196    0.1324
		A:
			    0.8236    0.0240    -0.5667
			    0.9351    -0.3537    -0.0218
			    0.5798    -0.7030    0.4118
			    -0.5100    -0.5911    0.6249
			    0.2480    0.3121    -0.9171
			    0.7606    -0.6446    0.0773
		b:
			    -31.9453
			    30.4323
			    8.3049
			    -52.2497
			    -126.5235
			    -41.1548


===========================================================================================
===========================================================================================
S3:
	q_c:    540.0000    313.5000    255.5000
	ub :    560.0000    322.0000    268.0000
	lb :    520.0000    305.0000    243.0000

	==================================================================================
	Q1:
		Shape: Hybrid
		q_c:    537.5000    307.5000    248.5000
		ub :    541.5075    311.4958    253.1046
		lb :    533.4925    303.5042    243.8954
		P^-1: 
			    0.1397    0.0085    0.0225
			    0.0085    0.1136    0.0067
			    0.0225    0.0067    0.1289
		A:
			    0.1225    0.3337    -0.9347
			    0.0842    0.2949    -0.9518
			    -0.7361    -0.1760    0.6536
			    -0.0497    0.9965    0.0672
			    0.6094    0.7385    0.2886
			    -0.0637    -0.3075    -0.9494
		b:
			    -62.1404
			    -98.9275
			    -285.6227
			    298.1278
			    627.7779
			    -363.1908
	==================================================================================
	Q2:
		Shape: Hybrid
		q_c:    547.0000    319.0000    259.5000
		ub :    553.0755    323.6419    265.4679
		lb :    540.9245    314.3581    253.5321
		P^-1: 
			    0.0812    0.0106    -0.0145
			    0.0106    0.1002    -0.0096
			    -0.0145    -0.0096    0.0738
		A:
			    0.4753    -0.3827    -0.7923
			    0.9185    0.0267    0.3945
			    0.9475    0.2193    0.2328
			    0.4258    0.1727    -0.8882
			    -0.0909    -0.4483    0.8893
			    -0.5315    0.5347    0.6569
		b:
			    -65.6524
			    615.6593
			    650.8206
			    59.3824
			    39.9864
			    52.3128
	==================================================================================
	Q3:
		Shape: Ellipse
		q_c:    534.0000    307.0000    250.5000
		ub :    537.1188    310.4067    253.2291
		lb :    530.8812    303.5933    247.7709
		P^-1: 
			    0.2377    -0.0299    0.0079
			    -0.0299    0.1774    0.0192
			    0.0079    0.0192    0.2449
	==================================================================================
	Q4:
		Shape: Ellipse
		q_c:    541.0000    315.0000    260.0000
		ub :    546.5063    322.0927    267.0694
		lb :    535.4937    307.9073    252.9306
		P^-1: 
			    0.0957    0.0019    0.0185
			    0.0019    0.0626    0.0298
			    0.0185    0.0298    0.0675
	==================================================================================
	Q5:
		Shape: Polyhedra
		q_c:    542.5000    312.5000    258.5000
		ub :    545.9271    315.6306    262.3437
		lb :    539.0729    309.3694    254.6563
		A:
			    0.0985    -0.0628    -0.9932
			    -0.3127    -0.9127    0.2632
			    0.0462    0.9482    0.3143
			    -0.1912    -0.9464    -0.2603
			    -0.7752    -0.1220    -0.6198
			    0.0834    0.9615    0.2619
			    0.1366    0.8533    0.5031
			    0.5065    0.3763    -0.7758
			    -0.8513    0.3608    -0.3808
			    -0.1366    -0.8533    -0.5031
			    -0.5065    -0.3763    0.7758
			    0.8513    -0.3608    0.3808
		b:
			    -220.3600
			    -384.4070
			    404.1734
			    -465.1385
			    -617.0199
			    415.0095
			    472.3353
			    194.8439
			    -445.5430
			    -469.3353
			    -188.8439
			    449.5430
	==================================================================================
	Q6:
		Shape: Hybrid
		q_c:    545.5000    311.5000    263.5000
		ub :    549.7129    315.0901    267.1586
		lb :    541.2871    307.9099    259.8414
		P^-1: 
			    0.1692    0.0031    -0.0647
			    0.0031    0.1569    0.0199
			    -0.0647    0.0199    0.1950
		A:
			    0.4293    0.3830    -0.8180
			    -0.8139    0.5276    0.2432
			    -0.3723    -0.6817    -0.6299
			    0.9682    0.2336    -0.0892
			    0.9117    -0.1631    0.3771
			    -0.2099    0.6485    0.7317
		b:
			    139.1420
			    -214.1114
			    -579.8331
			    578.9193
			    547.8062
			    281.5510


===========================================================================================
===========================================================================================
S4:
	q_c:    199.5000    520.5000    479.0000
	ub :    230.0000    541.0000    483.0000
	lb :    169.0000    500.0000    475.0000

	==================================================================================
	Q1:
		Shape: Ellipse
		q_c:    197.0000    519.0000    482.0000
		ub :    200.1076    521.9200    485.2568
		lb :    193.8924    516.0800    478.7432
		P^-1: 
			    0.2869    -0.0710    0.0546
			    -0.0710    0.2368    -0.1044
			    0.0546    -0.1044    0.3307
	==================================================================================
	Q2:
		Shape: Ellipse
		q_c:    202.0000    516.5000    478.0000
		ub :    204.6035    518.9830    480.3930
		lb :    199.3965    514.0170    475.6070
		P^-1: 
			    0.4318    0.1924    -0.0742
			    0.1924    0.5824    -0.3055
			    -0.0742    -0.3055    0.6803
	==================================================================================
	Q3:
		Shape: Hybrid
		q_c:    196.0000    522.0000    479.5000
		ub :    199.2699    525.2054    481.6850
		lb :    192.7301    518.7946    477.3150
		P^-1: 
			    0.2662    0.1375    -0.0061
			    0.1375    0.3384    0.0047
			    -0.0061    0.0047    0.4442
		A:
			    0.1272    0.9340    -0.3340
			    -0.3843    -0.0284    -0.9228
			    0.2615    0.3948    -0.8808
			    0.3313    -0.1163    -0.9363
			    0.1892    0.2714    0.9437
			    -0.4560    0.5754    0.6789
		b:
			    353.3312
			    -531.7331
			    -164.2155
			    -443.8645
			    631.9981
			    537.8232
	==================================================================================
	Q4:
		Shape: Ellipse
		q_c:    200.5000    519.0000    478.5000
		ub :    202.9691    522.0443    480.0424
		lb :    198.0309    515.9557    476.9576
		P^-1: 
			    0.3971    -0.0978    0.0602
			    -0.0978    0.2448    0.1621
			    0.0602    0.1621    0.9626
	==================================================================================
	Q5:
		Shape: Hybrid
		q_c:    197.0000    522.0000    482.5000
		ub :    199.9813    525.0025    485.6433
		lb :    194.0187    518.9975    479.3567
		P^-1: 
			    0.3920    -0.0674    0.0872
			    -0.0674    0.3577    0.1123
			    0.0872    0.1123    0.2992
		A:
			    -0.9871    -0.1598    0.0101
			    -0.9664    0.2537    0.0419
			    0.2957    -0.9486    0.1126
			    0.4219    -0.8679    -0.2622
			    0.8832    0.4076    0.2321
			    -0.8981    0.2896    -0.3309
		b:
			    -271.9154
			    -36.8655
			    -381.5413
			    -495.6644
			    499.7367
			    -184.6465
	==================================================================================
	Q6:
		Shape: Ellipse
		q_c:    199.0000    518.5000    481.0000
		ub :    200.5470    520.9449    482.9834
		lb :    197.4530    516.0551    479.0166
		P^-1: 
			    0.9575    0.1528    -0.0776
			    0.1528    0.2912    0.0224
			    -0.0776    0.0224    0.4458


===========================================================================================
===========================================================================================
S5:
	q_c:    214.5000    239.5000    210.5000
	ub :    235.0000    247.0000    226.0000
	lb :    194.0000    232.0000    195.0000

	==================================================================================
	Q1:
		Shape: Polyhedra
		q_c:    220.5000    238.0000    204.0000
		ub :    225.5542    243.4877    207.4647
		lb :    215.4458    232.5123    200.5353
		A:
			    0.8456    -0.3135    0.4320
			    0.7203    -0.0200    0.6934
			    0.1531    0.0165    -0.9881
			    -0.0519    -0.8038    -0.5927
			    -0.4532    0.7194    0.5263
			    -0.5554    0.1696    -0.8141
			    0.5291    0.3812    0.7581
			    -0.6766    -0.3496    0.6480
			    0.5121    -0.8558    0.0730
			    -0.5291    -0.3812    -0.7581
			    0.6766    0.3496    -0.6480
			    -0.5121    0.8558    -0.0730
		b:
			    203.5698
			    298.1786
			    -161.5900
			    -320.4580
			    182.5493
			    -245.3423
			    364.0521
			    -97.7065
			    -71.3761
			    -360.0521
			    102.7065
			    80.3761
	==================================================================================
	Q2:
		Shape: Hybrid
		q_c:    216.5000    248.0000    218.0000
		ub :    220.5222    251.8033    221.2004
		lb :    212.4778    244.1967    214.7996
		P^-1: 
			    0.4388    0.3533    0.2461
			    0.3533    0.4366    0.2684
			    0.2461    0.2684    0.3662
		A:
			    -0.1980    -0.9737    0.1131
			    0.3408    0.3657    0.8661
			    -0.2312    -0.5566    -0.7979
			    -0.6883    -0.7198    -0.0906
			    -0.2381    -0.6021    -0.7621
			    -0.3826    0.1166    -0.9165
		b:
			    -257.6681
			    354.3341
			    -361.0427
			    -346.3537
			    -366.0086
			    -251.8465
	==================================================================================
	Q3:
		Shape: Ellipse
		q_c:    222.0000    243.0000    209.5000
		ub :    226.0895    246.6688    214.0498
		lb :    217.9105    239.3312    204.9502
		P^-1: 
			    0.0816    -0.0002    0.0001
			    -0.0002    0.2135    -0.0693
			    0.0001    -0.0693    0.1181
	==================================================================================
	Q4:
		Shape: Hybrid
		q_c:    217.0000    234.5000    211.5000
		ub :    223.1415    241.0251    218.3788
		lb :    210.8585    227.9749    204.6212
		P^-1: 
			    0.0919    -0.0270    0.0134
			    -0.0270    0.0643    -0.0039
			    0.0134    -0.0039    0.0443
		A:
			    0.7882    -0.6139    0.0440
			    0.7861    -0.5776    0.2203
			    0.7309    -0.6805    -0.0520
			    -0.7047    -0.7076    -0.0513
			    -0.3177    -0.6145    -0.7221
			    0.6170    -0.7628    0.1935
		b:
			    37.9624
			    83.2548
			    -10.2902
			    -326.7067
			    -362.7147
			    -2.3322
	==================================================================================
	Q5:
		Shape: Hybrid
		q_c:    211.0000    242.5000    210.0000
		ub :    215.3072    246.2989    213.7863
		lb :    206.6928    238.7011    206.2137
		P^-1: 
			    0.0626    0.0009    0.0008
			    0.0009    0.0816    -0.0000
			    0.0008    -0.0000    0.0816
		A:
			    -0.5586    -0.5767    0.5961
			    0.5379    0.5942    0.5980
			    -0.0922    -0.9871    0.1307
			    -0.5708    -0.8025    -0.1738
			    -0.7031    -0.7108    -0.0193
			    0.3888    0.2654    -0.8823
		b:
			    -130.6310
			    385.0400
			    -229.6325
			    -349.6493
			    -322.8010
			    -37.0374
	==================================================================================
	Q6:
		Shape: Ellipse
		q_c:    222.0000    247.0000    208.5000
		ub :    226.2068    251.4291    213.2093
		lb :    217.7932    242.5709    203.7907
		P^-1: 
			    0.2580    0.0226    0.1959
			    0.0226    0.0648    0.0199
			    0.1959    0.0199    0.2336


===========================================================================================
===========================================================================================
S6:
	q_c:    52.5000    24.0000    503.0000
	ub :    58.0000    48.0000    520.0000
	lb :    47.0000    0.0000    486.0000

	==================================================================================
	Q1:
		Shape: Polyhedra
		q_c:    54.0000    22.5000    507.0000
		ub :    56.7504    24.6113    509.2440
		lb :    51.2496    20.3887    504.7560
		A:
			    0.0400    -0.9823    -0.1828
			    -0.0304    0.5893    0.8073
			    -0.0502    0.7547    -0.6542
			    0.6505    0.3007    -0.6974
			    -0.2443    -0.8004    0.5474
			    0.8376    0.4792    -0.2623
			    0.3058    0.9427    0.1332
			    0.3442    0.0209    -0.9387
			    -0.8877    0.3329    -0.3181
			    -0.3058    -0.9427    -0.1332
			    -0.3442    -0.0209    0.9387
			    0.8877    -0.3329    0.3181
		b:
			    -111.0566
			    422.4278
			    -315.7546
			    -310.1696
			    247.8453
			    -75.3563
			    106.7515
			    -455.3387
			    -199.7221
			    -103.7515
			    458.3387
			    203.7221
	==================================================================================
	Q2:
		Shape: Hybrid
		q_c:    50.5000    26.0000    503.0000
		ub :    53.4698    28.5720    506.2032
		lb :    47.5302    23.4280    499.7968
		P^-1: 
			    0.2500    0.0000    0.0000
			    0.0000    0.2500    0.0000
			    0.0000    0.0000    0.2500
		A:
			    0.2581    0.3388    -0.9048
			    0.8678    -0.4429    0.2253
			    0.6336    0.6942    0.3415
			    -0.8925    0.4510    0.0116
			    -0.1584    0.7308    0.6640
			    0.1237    -0.1649    0.9785
		b:
			    -432.2520
			    146.6501
			    222.8260
			    -26.4863
			    345.9964
			    495.1527
	==================================================================================
	Q3:
		Shape: Hybrid
		q_c:    49.0000    25.5000    498.0000
		ub :    51.7500    28.0754    500.5858
		lb :    46.2500    22.9246    495.4142
		P^-1: 
			    0.4124    0.0687    0.0221
			    0.0687    0.2973    -0.0474
			    0.0221    -0.0474    0.4292
		A:
			    -0.2260    0.4225    -0.8777
			    0.9280    -0.0249    -0.3718
			    0.7041    0.2393    -0.6686
			    -0.3994    -0.8919    -0.2123
			    0.7093    -0.0329    0.7042
			    0.2128    -0.7485    0.6281
		b:
			    -436.6265
			    -139.4131
			    -291.5593
			    -147.0655
			    385.3494
			    305.0587
	==================================================================================
	Q4:
		Shape: Ellipse
		q_c:    54.0000    27.5000    509.0000
		ub :    57.4814    29.9227    512.3617
		lb :    50.5186    25.0773    505.6383
		P^-1: 
			    0.2085    0.0632    0.0563
			    0.0632    0.4132    0.0381
			    0.0563    0.0381    0.2327
	==================================================================================
	Q5:
		Shape: Hybrid
		q_c:    52.5000    24.0000    500.5000
		ub :    55.9423    27.3914    503.6366
		lb :    49.0577    20.6086    497.3634
		P^-1: 
			    0.3288    -0.1220    0.0522
			    -0.1220    0.1923    -0.0746
			    0.0522    -0.0746    0.2845
		A:
			    0.8776    0.1581    -0.4527
			    -0.8359    0.1277    0.5338
			    0.7067    -0.6771    0.2052
			    0.0819    -0.6891    0.7200
			    -0.8938    0.4254    -0.1423
			    -0.8846    0.0198    -0.4660
		b:
			    -175.2985
			    227.5136
			    124.4689
			    349.3230
			    -107.0800
			    -278.0069
	==================================================================================
	Q6:
		Shape: Polyhedra
		q_c:    49.0000    28.0000    507.5000
		ub :    51.6655    31.3678    510.4681
		lb :    46.3345    24.6322    504.5319
		A:
			    0.0912    -0.8425    0.5309
			    -0.9237    0.2970    -0.2420
			    0.9909    -0.0068    -0.1346
			    -0.5984    0.0903    -0.7961
			    -0.3518    -0.9290    -0.1148
			    -0.6652    0.6888    -0.2883
			    0.9104    0.2814    0.3032
			    -0.1919    -0.3620    0.9122
			    0.3664    -0.8887    -0.2756
			    -0.9104    -0.2814    -0.3032
			    0.1919    0.3620    -0.9122
			    -0.3664    0.8887    0.2756
		b:
			    252.5480
			    -157.8895
			    -18.2085
			    -429.0716
			    -99.3991
			    -157.4075
			    207.8459
			    445.4177
			    -144.2766
			    -204.8459
			    -441.4177
			    149.2766


===========================================================================================
===========================================================================================
S7:
	q_c:    73.0000    426.0000    89.5000
	ub :    97.0000    442.0000    107.0000
	lb :    49.0000    410.0000    72.0000

	==================================================================================
	Q1:
		Shape: Hybrid
		q_c:    80.5000    438.0000    81.0000
		ub :    92.9549    446.5448    93.3922
		lb :    68.0451    429.4552    68.6078
		P^-1: 
			    0.0206    -0.0122    0.0043
			    -0.0122    0.0390    -0.0106
			    0.0043    -0.0106    0.0193
		A:
			    0.0920    -0.0398    -0.9950
			    0.6532    -0.5423    0.5284
			    -0.4876    0.8150    0.3131
			    -0.0995    0.8184    -0.5660
			    0.6861    0.3344    0.6461
			    0.3394    -0.7053    0.6223
		b:
			    -84.9447
			    -138.9927
			    347.0361
			    307.4837
			    260.1350
			    -228.4978
	==================================================================================
	Q2:
		Shape: Ellipse
		q_c:    65.5000    436.0000    82.0000
		ub :    72.2013    444.7295    90.7357
		lb :    58.7987    427.2705    73.2643
		P^-1: 
			    0.0680    -0.0197    0.0047
			    -0.0197    0.0458    -0.0120
			    0.0047    -0.0120    0.0314
	==================================================================================
	Q3:
		Shape: Polyhedra
		q_c:    66.0000    427.5000    88.0000
		ub :    74.7535    434.7519    96.8508
		lb :    57.2465    420.2481    79.1492
		A:
			    -0.3727    -0.9192    0.1271
			    0.0630    -0.0043    0.9980
			    -0.7569    0.4706    -0.4535
			    -0.5968    -0.8001    -0.0604
			    0.4593    -0.2865    0.8408
			    0.5082    -0.1855    0.8410
			    0.7135    0.4773    0.5129
			    -0.4809    -0.1988    0.8540
			    0.5095    -0.8560    0.0877
			    -0.7135    -0.4773    -0.5129
			    0.4809    0.1988    -0.8540
			    -0.5095    0.8560    -0.0877
		b:
			    -401.2276
			    96.7221
			    115.7394
			    -381.9593
			    -12.7134
			    33.4801
			    300.2705
			    -34.0644
			    -320.0804
			    -292.2705
			    49.0644
			    329.0804
	==================================================================================
	Q4:
		Shape: Polyhedra
		q_c:    81.0000    414.5000    100.5000
		ub :    87.9015    425.4966    111.2357
		lb :    74.0985    403.5034    89.7643
		A:
			    0.8618    0.4061    -0.3041
			    -0.8601    0.4399    0.2582
			    0.6645    -0.5532    -0.5023
			    -0.6753    0.6597    -0.3299
			    -0.6566    0.4926    0.5711
			    -0.1389    0.9178    0.3721
			    0.0717    0.6503    0.7562
			    0.3565    0.6914    -0.6284
			    -0.9316    0.3146    -0.1823
			    -0.0717    -0.6503    -0.7562
			    -0.3565    -0.6914    0.6284
			    0.9316    -0.3146    0.1823
		b:
			    213.9475
			    143.3978
			    -220.2270
			    190.4686
			    214.2931
			    413.3211
			    358.3779
			    259.8149
			    40.6367
			    -344.3779
			    -244.8149
			    -32.6367
	==================================================================================
	Q5:
		Shape: Hybrid
		q_c:    80.5000    425.5000    97.5000
		ub :    91.2115    434.2359    108.1984
		lb :    69.7885    416.7641    86.8016
		P^-1: 
			    0.0251    -0.0043    -0.0034
			    -0.0043    0.0300    -0.0043
			    -0.0034    -0.0043    0.0235
		A:
			    -0.9937    0.0816    0.0769
			    -0.1363    -0.2964    0.9453
			    -0.7085    -0.6970    0.1109
			    0.9336    -0.2178    0.2846
			    0.3569    -0.0804    -0.9307
			    -0.8303    -0.2533    0.4964
		b:
			    -34.2256
			    -41.4909
			    -338.9306
			    13.9760
			    -92.6135
			    -122.8761
	==================================================================================
	Q6:
		Shape: Ellipse
		q_c:    81.0000    430.0000    85.5000
		ub :    89.6995    439.3786    95.9320
		lb :    72.3005    420.6214    75.0680
		P^-1: 
			    0.0321    -0.0049    -0.0082
			    -0.0049    0.0285    0.0006
			    -0.0082    0.0006    0.0276


===========================================================================================
===========================================================================================
S8:
	q_c:    86.0000    211.0000    475.0000
	ub :    116.0000    222.0000    504.0000
	lb :    56.0000    200.0000    446.0000

	==================================================================================
	Q1:
		Shape: Ellipse
		q_c:    92.0000    202.5000    473.5000
		ub :    97.8559    207.9966    478.2423
		lb :    86.1441    197.0034    468.7577
		P^-1: 
			    0.0789    -0.0067    -0.0001
			    -0.0067    0.0652    -0.0002
			    -0.0001    -0.0002    0.0816
	==================================================================================
	Q2:
		Shape: Polyhedra
		q_c:    96.5000    210.0000    479.0000
		ub :    103.0081    214.4296    485.8673
		lb :    89.9919    205.5704    472.1327
		A:
			    0.2530    0.2921    0.9223
			    -0.0945    -0.5186    -0.8498
			    0.6228    0.7819    -0.0272
			    0.0798    0.7126    0.6970
			    0.2490    -0.9548    -0.1624
			    -0.8502    -0.5260    0.0209
			    0.2570    0.9105    0.3240
			    0.8127    -0.0222    -0.5823
			    -0.5230    0.4129    -0.7456
			    -0.2570    -0.9105    -0.3240
			    -0.8127    0.0222    0.5823
			    0.5230    -0.4129    0.7456
		b:
			    531.6081
			    -521.5778
			    214.2176
			    494.1799
			    -251.0577
			    -179.0512
			    373.6831
			    -201.1568
			    -315.9159
			    -368.6831
			    209.1568
			    325.9159
	==================================================================================
	Q3:
		Shape: Ellipse
		q_c:    94.5000    217.5000    478.0000
		ub :    102.6877    225.5622    484.4791
		lb :    86.3123    209.4378    471.5209
		P^-1: 
			    0.0928    0.0922    0.1113
			    0.0922    0.1449    0.1704
			    0.1113    0.1704    0.2645
	==================================================================================
	Q4:
		Shape: Ellipse
		q_c:    80.0000    214.5000    485.0000
		ub :    89.4752    222.8098    494.2410
		lb :    70.5248    206.1902    475.7590
		P^-1: 
			    0.0336    -0.0046    -0.0004
			    -0.0046    0.0352    -0.0037
			    -0.0004    -0.0037    0.0321
	==================================================================================
	Q5:
		Shape: Hybrid
		q_c:    90.0000    201.0000    475.0000
		ub :    98.9689    210.3672    483.0614
		lb :    81.0311    191.6328    466.9386
		P^-1: 
			    0.0278    -0.0000    0.0000
			    -0.0000    0.0278    -0.0000
			    0.0000    -0.0000    0.0278
		A:
			    0.5389    0.2940    0.7894
			    -0.0690    -0.7207    0.6898
			    0.1384    0.3187    0.9377
			    0.5163    -0.7050    0.4862
			    0.9822    -0.0780    -0.1707
			    0.9787    0.1154    0.1700
		b:
			    485.5489
			    179.5845
			    524.9200
			    138.7221
			    -5.3748
			    195.0352
	==================================================================================
	Q6:
		Shape: Polyhedra
		q_c:    76.5000    219.5000    481.5000
		ub :    82.1566    221.7826    487.3395
		lb :    70.8434    217.2174    475.6605
		A:
			    0.4186    0.8996    0.1243
			    0.0063    0.9972    -0.0749
			    0.7602    0.3642    -0.5380
			    -0.6564    -0.6993    -0.2831
			    0.9534    -0.0212    0.3011
			    -0.0649    -0.9892    -0.1317
			    0.7367    0.1145    0.6664
			    -0.6757    0.0884    0.7318
			    0.0249    -0.9895    0.1425
			    -0.7367    -0.1145    -0.6664
			    0.6757    -0.0884    -0.7318
			    -0.0249    0.9895    -0.1425
		b:
			    291.5638
			    184.8198
			    -116.8774
			    -337.1084
			    216.9380
			    -283.6906
			    405.8623
			    324.5950
			    -145.1919
			    -398.8623
			    -315.5950
			    148.1919


===========================================================================================
===========================================================================================
S9:
	q_c:    304.0000    139.5000    510.5000
	ub :    315.0000    156.0000    535.0000
	lb :    293.0000    123.0000    486.0000

	==================================================================================
	Q1:
		Shape: Polyhedra
		q_c:    299.5000    142.0000    514.0000
		ub :    304.5294    147.1706    516.7792
		lb :    294.4706    136.8294    511.2208
		A:
			    0.1233    0.2538    -0.9594
			    0.7451    -0.6004    -0.2906
			    -0.1762    0.4620    -0.8692
			    0.9030    0.1972    -0.3817
			    -0.5110    0.1802    -0.8405
			    -0.7888    -0.3841    -0.4798
			    0.6825    0.6907    0.2389
			    0.7283    -0.6700    -0.1435
			    0.0609    0.2720    -0.9604
			    -0.6825    -0.6907    -0.2389
			    -0.7283    0.6700    0.1435
			    -0.0609    -0.2720    0.9604
		b:
			    -418.6508
			    -8.0185
			    -432.1394
			    105.4484
			    -557.1242
			    -534.0580
			    428.8071
			    52.7147
			    -435.2517
			    -421.8071
			    -45.7147
			    438.2517
	==================================================================================
	Q2:
		Shape: Polyhedra
		q_c:    311.5000    133.5000    514.5000
		ub :    318.9008    139.0885    522.1651
		lb :    304.0992    127.9115    506.8349
		A:
			    0.1472    0.7096    0.6890
			    -0.4475    0.8147    -0.3688
			    0.8487    0.4127    -0.3308
			    -0.3214    -0.7238    0.6106
			    0.9070    0.3483    -0.2369
			    0.4309    -0.8152    -0.3869
			    0.6308    0.0721    0.7726
			    -0.7354    0.3730    0.5657
			    -0.2474    -0.9250    0.2883
			    -0.6308    -0.0721    -0.7726
			    0.7354    -0.3730    -0.5657
			    0.2474    0.9250    -0.2883
		b:
			    499.8478
			    -215.9354
			    153.4493
			    121.4670
			    211.4109
			    -169.6653
			    609.1110
			    115.7624
			    -48.2267
			    -598.1110
			    -107.7624
			    56.2267
	==================================================================================
	Q3:
		Shape: Ellipse
		q_c:    299.5000    125.5000    499.0000
		ub :    306.2376    131.4582    506.1556
		lb :    292.7624    119.5418    491.8444
		P^-1: 
			    0.0578    0.0001    -0.0063
			    0.0001    0.0494    -0.0001
			    -0.0063    -0.0001    0.0541
	==================================================================================
	Q4:
		Shape: Polyhedra
		q_c:    299.5000    129.0000    521.5000
		ub :    307.1625    137.5852    529.7554
		lb :    291.8375    120.4148    513.2446
		A:
			    -0.2348    0.9551    -0.1807
			    -0.0716    -0.6669    -0.7417
			    -0.0795    0.9199    0.3839
			    -0.6661    0.4262    -0.6121
			    0.6615    -0.4451    -0.6036
			    0.7589    -0.5388    0.3656
			    0.6243    0.5378    0.5666
			    -0.7384    0.6430    0.2032
			    -0.2551    -0.5453    0.7985
			    -0.6243    -0.5378    -0.5666
			    0.7384    -0.6430    -0.2032
			    0.2551    0.5453    -0.7985
		b:
			    -36.2546
			    -489.7083
			    299.6458
			    -458.7486
			    -169.3079
			    353.2126
			    556.3473
			    -27.7257
			    275.6843
			    -547.3473
			    36.7257
			    -263.6843
	==================================================================================
	Q5:
		Shape: Ellipse
		q_c:    313.5000    138.5000    508.5000
		ub :    319.3217    143.9687    514.4724
		lb :    307.6783    133.0313    502.5276
		P^-1: 
			    0.0927    -0.0218    -0.0180
			    -0.0218    0.0853    -0.0213
			    -0.0180    -0.0213    0.0936
	==================================================================================
	Q6:
		Shape: Ellipse
		q_c:    306.0000    132.5000    507.0000
		ub :    310.2765    137.5515    511.1659
		lb :    301.7235    127.4485    502.8341
		P^-1: 
			    0.1479    0.0245    -0.0162
			    0.0245    0.0706    0.0027
			    -0.0162    0.0027    0.1150


===========================================================================================
===========================================================================================
S10:
	q_c:    269.5000    226.0000    182.5000
	ub :    289.0000    243.0000    196.0000
	lb :    250.0000    209.0000    169.0000

	==================================================================================
	Q1:
		Shape: Polyhedra
		q_c:    260.5000    215.5000    185.0000
		ub :    270.1614    224.6819    194.1570
		lb :    250.8386    206.3181    175.8430
		A:
			    0.9175    0.3364    0.2123
			    0.7899    0.3042    0.5324
			    -0.8267    0.5079    -0.2421
			    -0.2370    -0.7271    -0.6443
			    -0.9788    0.1823    0.0935
			    0.2139    -0.8733    0.4377
			    0.6041    0.0209    0.7966
			    -0.7653    0.2939    0.5727
			    -0.2222    -0.9556    0.1935
			    -0.6041    -0.0209    -0.7966
			    0.7653    -0.2939    -0.5727
			    0.2222    0.9556    -0.1935
		b:
			    356.7963
			    375.3008
			    -144.6858
			    -331.3099
			    -192.2509
			    -44.5030
			    314.2489
			    -23.5736
			    -220.5048
			    -304.2489
			    36.5736
			    235.5048
	==================================================================================
	Q2:
		Shape: Hybrid
		q_c:    275.0000    226.0000    190.5000
		ub :    283.4217    234.0694    199.2690
		lb :    266.5783    217.9306    181.7310
		P^-1: 
			    0.0484    -0.0036    -0.0165
			    -0.0036    0.0349    -0.0070
			    -0.0165    -0.0070    0.0429
		A:
			    -0.9365    0.2079    0.2826
			    0.5159    -0.3777    0.7689
			    -0.3043    0.3405    -0.8896
			    0.2422    0.1231    -0.9624
			    0.6313    -0.1286    -0.7648
			    0.7295    -0.0065    -0.6839
		b:
			    -154.3905
			    206.4494
			    -172.8385
			    -86.1947
			    1.0364
			    70.8928
	==================================================================================
	Q3:
		Shape: Polyhedra
		q_c:    276.5000    217.0000    171.5000
		ub :    284.3926    221.8791    177.3098
		lb :    268.6074    212.1209    165.6902
		A:
			    -0.1582    -0.8767    -0.4544
			    0.3179    0.6148    -0.7218
			    0.9894    -0.0386    0.1398
			    -0.0578    0.6804    0.7306
			    0.2683    0.1978    -0.9428
			    -0.3215    -0.7845    -0.5302
			    0.0687    0.7545    0.6526
			    -0.2475    0.6466    -0.7215
			    -0.9664    -0.1119    0.2312
			    -0.0687    -0.7545    -0.6526
			    0.2475    -0.6466    0.7215
			    0.9664    0.1119    -0.2312
		b:
			    -309.5601
			    102.5839
			    295.7975
			    259.2031
			    -39.9134
			    -347.3519
			    296.6720
			    -47.8516
			    -244.8597
			    -292.6720
			    55.8516
			    258.8597
	==================================================================================
	Q4:
		Shape: Hybrid
		q_c:    278.0000    231.5000    191.0000
		ub :    283.7274    238.7444    197.8705
		lb :    272.2726    224.2556    184.1295
		P^-1: 
			    0.0727    -0.0129    -0.0064
			    -0.0129    0.0566    0.0036
			    -0.0064    0.0036    0.0511
		A:
			    0.7809    -0.0475    -0.6229
			    0.7518    -0.3838    0.5362
			    0.7611    0.4006    -0.5102
			    0.9664    0.2409    0.0898
			    0.0710    -0.2946    -0.9530
			    0.3543    -0.9324    0.0720
		b:
			    89.1994
			    224.8575
			    209.3127
			    343.8971
			    -227.8857
			    -101.3519
	==================================================================================
	Q5:
		Shape: Polyhedra
		q_c:    278.0000    218.5000    176.0000
		ub :    281.5907    221.8406    179.7481
		lb :    274.4093    215.1594    172.2519
		A:
			    0.9640    0.0143    -0.2656
			    -0.4512    0.8644    -0.2220
			    0.6274    0.7768    0.0548
			    -0.2195    0.9737    -0.0617
			    -0.7096    -0.6536    -0.2632
			    -0.2200    0.9664    -0.1330
			    0.7435    0.3629    0.5616
			    0.3514    0.5025    -0.7899
			    -0.5689    0.7847    0.2461
			    -0.7435    -0.3629    -0.5616
			    -0.3514    -0.5025    0.7899
			    0.5689    -0.7847    -0.2461
		b:
			    226.5486
			    26.1375
			    356.2193
