3D_45_7_6_f                l = 3

===========================================================================================
===========================================================================================
S1:
	q_c:	85.5	350.0	231.5
	ub :	102.498	363.2214	248.2403
	lb :	67.3125	338.9569	214.3235

	==================================================================================
	Q1:
		Shape: Ellipse
		q_c:	94.5	346.5	222.0
		ub :	102.0273	350.8774	229.6765
		lb :	86.9727	342.1226	214.3235
		P^-1:
			0.0365	-0.0009	-0.0106
			-0.0009	0.081	-0.005
			-0.0106	-0.005	0.0413
	==================================================================================
	Q2:
		Shape: Ellipse
		q_c:	83.5	343.0	226.5
		ub :	88.0457	347.0431	230.234
		lb :	78.9543	338.9569	222.766
		P^-1:
			0.0654	-0.0191	0.0074
			-0.0191	0.1924	-0.0676
			0.0074	-0.0676	0.1659
	==================================================================================
	Q3:
		Shape: Hybrid
		q_c:	94.0	355.5	239.0
		ub :	102.498	363.2214	248.2403
		lb :	85.502	347.7786	229.7597
		P^-1:
			0.0313	0.017	0.0097
			0.017	0.0617	0.0217
			0.0097	0.0217	0.036
		A:
			0.0102	0.7396	0.6729
			0.1112	-0.4059	-0.9071
			-0.5218	-0.8054	0.281
			0.6289	0.4896	0.6039
			-0.7903	-0.612	0.0309
			-0.0944	-0.9954	0.0185
		b:
			427.1268
			-347.1752
			-264.7686
			379.9843
			-281.2591
			-355.4174
	==================================================================================
	Q4:
		Shape: Ellipse
		q_c:	94.5	354.0	224.0
		ub :	98.3294	361.7675	231.0494
		lb :	90.6706	346.2325	216.9506
		P^-1:
			0.1099	-0.0092	-0.003
			-0.0092	0.0348	-0.0093
			-0.003	-0.0093	0.0435
	==================================================================================
	Q5:
		Shape: Ellipse
		q_c:	74.5	345.5	236.0
		ub :	81.6875	351.964	242.2067
		lb :	67.3125	339.036	229.7933
		P^-1:
			0.0551	0.0059	0.0027
			0.0059	0.0555	0.0028
			0.0027	0.0028	0.0507
	==================================================================================
	Q6:
		Shape: Ellipse
		q_c:	89.5	351.5	234.0
		ub :	96.1469	356.3745	239.6137
		lb :	82.8531	346.6255	228.3863
		P^-1:
			0.3466	0.1528	0.432
			0.1528	0.1247	0.2065
			0.432	0.2065	0.6018


===========================================================================================
===========================================================================================
S2:
	q_c:	277.0	364.5	126.0
	ub :	290.5935	381.4992	134.8732
	lb :	266.3903	349.7276	118.2571

	==================================================================================
	Q1:
		Shape: Ellipse
		q_c:	285.0	358.5	129.0
		ub :	290.101	363.3549	133.4012
		lb :	279.899	353.6451	124.5988
		P^-1:
			0.1111	0.0	-0.0
			0.0	0.1111	0.0
			-0.0	0.0	0.1111
	==================================================================================
	Q2:
		Shape: Polyhedra
		q_c:	281.0	366.5	127.0
		ub :	286.3952	372.4608	133.3713
		lb :	275.6048	360.5392	120.6287
		A:
			-0.7871	-0.2203	0.5762
			0.5444	-0.725	0.422
			0.1382	0.0194	0.9902
			0.9496	0.1562	-0.2719
			0.1027	0.5806	-0.8077
			0.897	-0.0071	0.4419
			0.8314	0.1486	0.5354
			-0.5138	0.5723	0.6391
			-0.2114	-0.8065	0.5522
			-0.8314	-0.1486	-0.5354
			0.5138	-0.5723	-0.6391
			0.2114	0.8065	-0.5522
		b:
			-224.8472
			-55.4403
			175.3122
			293.1474
			143.0273
			308.62
			359.0913
			150.5134
			-280.8597
			-353.0913
			-142.5134
			288.8597
	==================================================================================
	Q3:
		Shape: Polyhedra
		q_c:	279.0	369.0	128.5
		ub :	283.9763	374.6213	134.1134
		lb :	274.0237	363.3787	122.8866
		A:
			-0.866	0.4066	-0.291
			-0.8997	0.4138	0.1386
			-0.4435	0.8912	-0.0953
			-0.4715	-0.4075	-0.7821
			0.9237	-0.0675	-0.3772
			0.8079	0.5123	-0.2912
			0.8355	0.316	0.4496
			-0.19	-0.6016	0.7759
			0.5157	-0.7336	-0.4426
			-0.8355	-0.316	-0.4496
			0.19	0.6016	-0.7759
			-0.5157	0.7336	0.4426
		b:
			-125.7256
			-77.1695
			196.3634
			-379.2818
			187.6827
			380.3035
			410.4725
			-171.8046
			-180.2083
			-404.4725
			178.8046
			187.2083
	==================================================================================
	Q4:
		Shape: Polyhedra
		q_c:	272.5	355.5	128.5
		ub :	278.6097	361.2724	134.8732
		lb :	266.3903	349.7276	122.1268
		A:
			-0.5344	0.2085	-0.8191
			0.3966	-0.6214	0.6757
			0.0075	-0.8604	-0.5095
			0.4356	-0.4091	-0.8018
			0.9602	-0.0453	0.2756
			0.5123	-0.5942	-0.6201
			0.5275	0.4248	0.7357
			0.6597	-0.7505	-0.0397
			0.5352	0.5063	-0.6761
			-0.5275	-0.4248	-0.7357
			-0.6597	0.7505	0.0397
			-0.5352	-0.5063	0.6761
		b:
			-173.1618
			-22.3071
			-366.3715
			-125.9376
			284.1899
			-148.2137
			392.8086
			-90.1243
			244.4575
			-385.8086
			94.1243
			-233.4575
	==================================================================================
	Q5:
		Shape: Hybrid
		q_c:	278.5	376.0	125.5
		ub :	283.9312	381.4992	130.039
		lb :	273.0688	370.5008	120.961
		P^-1:
			0.1056	0.0192	-0.0306
			0.0192	0.0971	-0.0245
			-0.0306	-0.0245	0.1206
		A:
			-0.8091	-0.5604	-0.1767
			0.0142	0.9466	-0.322
			-0.74	0.1705	0.6506
			0.565	0.3149	-0.7626
			-0.2808	0.6612	-0.6957
			-0.9034	0.0363	-0.4273
		b:
			-456.279
			321.3261
			-58.6602
			181.307
			84.9806
			-289.3469
	==================================================================================
	Q6:
		Shape: Polyhedra
		q_c:	285.5	368.0	122.0
		ub :	290.5935	373.2697	125.7429
		lb :	280.4065	362.7303	118.2571
		A:
			-0.4468	-0.148	-0.8823
			0.3075	0.9456	0.1067
			-0.2628	-0.8218	0.5055
			0.2446	-0.2488	0.9372
			0.4403	-0.521	-0.7312
			0.9001	0.3879	0.1984
			0.4257	0.7517	0.5036
			0.8457	-0.5285	0.0739
			0.3217	0.3944	-0.8608
			-0.4257	-0.7517	-0.5036
			-0.8457	0.5285	-0.0739
			-0.3217	-0.3944	0.8608
		b:
			-286.5617
			452.0917
			-313.2518
			95.1602
			-152.1363
			427.3471
			463.1304
			59.4904
			133.9971
			-456.1304
			-52.4904
			-129.9971


===========================================================================================
===========================================================================================
S3:
	q_c:	418.5	424.5	136.0
	ub :	438.0764	439.1022	160.1802
	lb :	399.412	408.1832	124.5037

	==================================================================================
	Q1:
		Shape: Hybrid
		q_c:	418.5	413.5	138.5
		ub :	426.4922	418.8168	147.317
		lb :	410.5078	408.1832	129.683
		P^-1:
			0.337	-0.4177	0.1789
			-0.4177	0.6001	-0.2243
			0.1789	-0.2243	0.1207
		A:
			0.6944	-0.6335	0.3414
			-0.7082	0.6407	-0.2965
			-0.5379	0.8	-0.2657
			0.5935	-0.7645	0.2516
			-0.2456	0.9342	-0.2587
			-0.7064	0.6269	-0.3285
		b:
			76.8784
			-71.4668
			69.4321
			-32.3168
			249.4977
			-80.8743
	==================================================================================
	Q2:
		Shape: Polyhedra
		q_c:	421.0	420.0	132.0
		ub :	427.8163	428.7853	137.5451
		lb :	414.1837	411.2147	126.4549
		A:
			-0.476	0.5798	-0.6612
			0.5216	0.1191	-0.8448
			0.5147	-0.4479	0.7311
			-0.0354	-0.3643	0.9306
			-0.8178	-0.5542	0.1551
			-0.3659	0.8392	-0.4023
			0.4088	0.851	0.3298
			-0.0415	0.3783	-0.9247
			-0.9117	0.3643	0.19
			-0.4088	-0.851	-0.3298
			0.0415	-0.3783	0.9247
			0.9117	-0.3643	-0.19
		b:
			-41.0955
			161.2204
			128.0473
			-42.5532
			-550.4188
			149.606
			580.5308
			21.8468
			-201.7338
			-565.5308
			-16.8468
			209.7338
	==================================================================================
	Q3:
		Shape: Ellipse
		q_c:	407.5	418.5	151.0
		ub :	414.2065	428.4277	160.1802
		lb :	400.7935	408.5723	141.8198
		P^-1:
			0.0543	0.0023	-0.0108
			0.0023	0.021	-0.0119
			-0.0108	-0.0119	0.0428
	==================================================================================
	Q4:
		Shape: Ellipse
		q_c:	411.0	434.5	146.5
		ub :	416.5292	439.1022	152.401
		lb :	405.4708	429.8978	140.599
		P^-1:
			0.101	-0.031	-0.0149
			-0.031	0.1299	-0.0382
			-0.0149	-0.0382	0.0896
	==================================================================================
	Q5:
		Shape: Ellipse
		q_c:	405.0	423.5	131.0
		ub :	410.588	432.2467	137.4963
		lb :	399.412	414.7533	124.5037
		P^-1:
			0.1889	-0.0202	0.0973
			-0.0202	0.0162	-0.0119
			0.0973	-0.0119	0.0865
	==================================================================================
	Q6:
		Shape: Ellipse
		q_c:	432.0	426.0	142.5
		ub :	438.0764	433.7047	151.1055
		lb :	425.9236	418.2953	133.8945
		P^-1:
			0.2987	0.1782	0.0899
			0.1782	0.1464	0.0535
			0.0899	0.0535	0.0561


===========================================================================================
===========================================================================================
S4:
	q_c:	45.0	50.5	268.5
	ub :	58.7601	63.4641	276.9004
	lb :	35.7911	44.0327	256.4023

	==================================================================================
	Q1:
		Shape: Polyhedra
		q_c:	41.5	50.0	273.0
		ub :	45.6677	53.0472	276.9004
		lb :	37.3323	46.9528	269.0996
		A:
			0.0126	0.8175	-0.5758
			0.8312	0.4718	0.2942
			-0.0563	0.9788	0.1969
			-0.641	-0.213	-0.7374
			0.3296	0.0203	0.9439
			0.8905	0.4224	0.169
			0.4657	0.882	0.0726
			0.1136	0.0218	-0.9933
			-0.8776	0.4708	-0.09
			-0.4657	-0.882	-0.0726
			-0.1136	-0.0218	0.9933
			0.8776	-0.4708	0.09
		b:
			-113.0435
			140.7285
			102.5851
			-235.4984
			275.7939
			106.636
			84.7497
			-261.8649
			-33.9464
			-81.7497
			268.8649
			40.9464
	==================================================================================
	Q2:
		Shape: Hybrid
		q_c:	41.5	49.0	262.0
		ub :	47.2089	53.4282	267.5977
		lb :	35.7911	44.5718	256.4023
		P^-1:
			0.0551	-0.0067	0.017
			-0.0067	0.1325	-0.0371
			0.017	-0.0371	0.1034
		A:
			-0.5413	0.166	0.8243
			-0.1338	0.961	0.2418
			-0.8979	-0.2067	-0.3886
			0.3187	-0.9109	0.2619
			-0.7301	-0.6571	-0.1876
			0.7013	0.4184	0.5772
		b:
			204.5007
			106.8549
			-146.4838
			38.7396
			-109.1296
			203.2763
	==================================================================================
	Q3:
		Shape: Ellipse
		q_c:	48.5	58.5	269.5
		ub :	53.9263	63.3165	274.7906
		lb :	43.0737	53.6835	264.2094
		P^-1:
			0.1026	-0.0097	-0.0092
			-0.0097	0.1002	-0.0105
			-0.0092	-0.0105	0.1011
	==================================================================================
	Q4:
		Shape: Ellipse
		q_c:	52.5	57.5	265.0
		ub :	58.7601	63.4641	270.9333
		lb :	46.2399	51.5359	259.0667
		P^-1:
			0.0828	-0.0228	0.0153
			-0.0228	0.0918	0.0068
			0.0153	0.0068	0.0675
	==================================================================================
	Q5:
		Shape: Ellipse
		q_c:	46.5	50.0	267.5
		ub :	51.4206	55.8447	273.3456
		lb :	41.5794	44.1553	261.6544
		P^-1:
			0.1708	-0.0971	-0.0135
			-0.0971	0.1271	0.0108
			-0.0135	0.0108	0.0509
	==================================================================================
	Q6:
		Shape: Ellipse
		q_c:	48.5	49.0	265.0
		ub :	52.8273	53.9673	270.3791
		lb :	44.1727	44.0327	259.6209
		P^-1:
			0.3472	-0.1586	-0.0617
			-0.1586	0.1339	0.0328
			-0.0617	0.0328	0.0621


===========================================================================================
===========================================================================================
S5:
	q_c:	498.5	97.5	358.5
	ub :	504.1105	103.8595	364.3744
	lb :	492.0602	92.0893	355.6333

	==================================================================================
	Q1:
		Shape: Ellipse
		q_c:	496.5	101.5	360.0
		ub :	499.4908	103.8595	363.2568
		lb :	493.5092	99.1405	356.7432
		P^-1:
			0.3843	0.3039	0.0188
			0.3039	0.8291	0.1204
			0.0188	0.1204	0.1966
	==================================================================================
	Q2:
		Shape: Polyhedra
		q_c:	501.5	98.5	363.0
		ub :	504.1105	100.9879	364.3744
		lb :	498.8895	96.0121	361.6256
		A:
			-0.1059	-0.7371	-0.6675
			0.3584	-0.0102	0.9335
			-0.2075	-0.1713	0.9631
			-0.8287	-0.1261	-0.5453
			0.7104	-0.1854	0.6789
			0.3433	-0.5733	0.744
			0.1586	0.0224	0.9871
			-0.7164	0.6906	0.0995
			-0.6795	-0.7229	0.1256
			-0.1586	-0.0224	-0.9871
			0.7164	-0.6906	-0.0995
			0.6795	0.7229	-0.1256
		b:
			-366.5618
			518.6432
			229.7687
			-624.5301
			585.9078
			387.1667
			441.0714
			-253.1294
			-364.86
			-439.0714
			257.1294
			367.86
	==================================================================================
	Q3:
		Shape: Polyhedra
		q_c:	497.0	99.0	358.0
		ub :	499.1274	100.4301	360.0673
		lb :	494.8726	97.5699	355.9327
		A:
			0.74	0.5172	-0.43
			0.4894	0.8692	0.0706
			-0.5603	-0.8094	-0.1758
			0.9278	0.1044	0.3581
			-0.723	-0.6035	-0.3363
			0.0106	-0.8765	-0.4812
			0.3153	0.79	0.5258
			-0.5181	0.6075	-0.6021
			-0.7951	-0.0826	0.6008
			-0.3153	-0.79	-0.5258
			0.5181	-0.6075	0.6021
			0.7951	0.0826	-0.6008
		b:
			266.405
			355.4023
			-420.7847
			600.9289
			-538.6291
			-253.1011
			423.659
			-411.382
			-186.7524
			-422.659
			414.382
			189.7524
	==================================================================================
	Q4:
		Shape: Hybrid
		q_c:	501.5	99.5	361.0
		ub :	503.8751	102.0626	363.4979
		lb :	499.1249	96.9374	358.5021
		P^-1:
			0.8013	-0.2265	0.2759
			-0.2265	0.7418	0.3145
			0.2759	0.3145	0.6169
		A:
			-0.2619	0.7085	0.6553
			-0.8563	0.2383	0.4582
			-0.9138	0.1107	-0.3908
			0.3236	0.276	-0.905
			-0.8766	-0.2913	-0.3831
			-0.5123	0.7913	-0.3338
		b:
			176.2817
			-239.1218
			-587.801
			-135.137
			-606.1327
			-297.8017
	==================================================================================
	Q5:
		Shape: Ellipse
		q_c:	495.5	98.0	358.0
		ub :	497.7277	101.04	360.3667
		lb :	493.2723	94.96	355.6333
		P^-1:
			0.2494	0.0061	0.0055
			0.0061	0.2008	-0.0989
			0.0055	-0.0989	0.4043
	==================================================================================
	Q6:
		Shape: Hybrid
		q_c:	496.0	96.0	359.5
		ub :	499.9398	99.9107	363.0752
		lb :	492.0602	92.0893	355.9248
		P^-1:
			0.1732	0.0236	-0.0213
			0.0236	0.2023	-0.0382
			-0.0213	-0.0382	0.1945
		A:
			-0.334	0.1469	0.931
			-0.6742	-0.6512	-0.3485
			-0.2408	-0.7888	-0.5655
			0.1515	0.2595	-0.9538
			0.6305	0.4443	-0.6365
			0.1343	0.3705	-0.9191
		b:
			184.4726
			-520.8027
			-397.0015
			-241.6507
			127.6053
			-227.0988


===========================================================================================
===========================================================================================
S6:
	q_c:	457.5	214.5	113.5
	ub :	475.5122	232.7182	135.3246
	lb :	439.3381	198.2999	89.2214

	==================================================================================
	Q1:
		Shape: Polyhedra
		q_c:	464.0	220.5	98.5
		ub :	472.7963	229.7361	107.7786
		lb :	455.2037	211.2639	89.2214
		A:
			-0.1316	-0.0075	-0.9913
			-0.0671	-0.786	-0.6146
			0.9355	-0.3444	-0.0791
			0.1767	0.2815	0.9431
			-0.6332	-0.3998	0.6627
			0.888	-0.3735	-0.2683
			0.6673	0.579	0.4685
			0.1656	-0.7286	0.6646
			0.7261	-0.3659	-0.5821
			-0.6673	-0.579	-0.4685
			-0.1656	0.7286	-0.6646
			-0.7261	0.3659	0.5821
		b:
			-154.8349
			-259.0007
			355.6004
			242.8043
			-311.4887
			308.3386
			489.9402
			-13.3426
			203.9162
			-476.9402
			23.3426
			-193.9162
	==================================================================================
	Q2:
		Shape: Ellipse
		q_c:	456.0	205.0	126.0
		ub :	464.0043	211.7001	135.3246
		lb :	447.9957	198.2999	116.6754
		P^-1:
			0.0347	-0.0057	0.0029
			-0.0057	0.0472	0.0013
			0.0029	0.0013	0.0144
	==================================================================================
	Q3:
		Shape: Ellipse
		q_c:	458.0	219.5	112.0
		ub :	462.0795	226.9517	118.6615
		lb :	453.9205	212.0483	105.3385
		P^-1:
			0.1386	-0.0435	-0.0667
			-0.0435	0.0758	0.0782
			-0.0667	0.0782	0.1408
	==================================================================================
	Q4:
		Shape: Polyhedra
		q_c:	449.0	207.0	105.0
		ub :	458.6619	213.434	111.8452
		lb :	439.3381	200.566	98.1548
		A:
			0.3701	-0.3767	-0.8492
			0.4735	0.4535	-0.7551
			0.5938	-0.145	-0.7914
			-0.0363	-0.3029	0.9523
			-0.1118	0.5688	0.8148
			-0.8891	0.0975	0.4471
			0.9143	0.1075	0.3906
			0.0928	-0.9941	0.0562
			0.3943	-0.0152	-0.9188
			-0.9143	-0.1075	-0.3906
			-0.0928	0.9941	-0.0562
			-0.3943	0.0152	0.9188
		b:
			2.8502
			231.4114
			157.4569
			25.4681
			157.7941
			-326.0599
			482.2635
			-152.6999
			80.9332
			-465.2635
			163.6999
			-73.9332
	==================================================================================
	Q5:
		Shape: Hybrid
		q_c:	451.5	224.0	124.0
		ub :	460.2131	232.7182	131.9861
		lb :	442.7869	215.2818	116.0139
		P^-1:
			0.0299	-0.0134	-0.0021
			-0.0134	0.0397	0.0021
			-0.0021	0.0021	0.0239
		A:
			-0.7604	0.5126	0.3988
			0.38	-0.5072	-0.7735
			0.3834	0.7202	-0.5782
			0.8932	-0.3416	-0.2925
			0.7441	-0.4335	-0.5083
			-0.5089	0.6638	0.548
		b:
			-176.2978
			-34.6506
			267.0091
			293.612
			178.8275
			-10.3855
	==================================================================================
	Q6:
		Shape: Hybrid
		q_c:	467.5	205.5	111.5
		ub :	475.5122	211.7696	117.9821
		lb :	459.4878	199.2304	105.0179
		P^-1:
			0.0346	-0.002	-0.0133
			-0.002	0.0395	-0.0017
			-0.0133	-0.0017	0.0562
		A:
			-0.2433	-0.808	0.5365
			0.3514	0.9063	-0.2348
			-0.3006	-0.1898	0.9347
			-0.8656	0.3969	0.3053
			0.5981	-0.1905	-0.7785
			-0.4565	-0.2433	0.8558
		b:
			-217.3041
			327.393
			-73.2469
			-286.0734
			155.7943
			-165.9055


===========================================================================================
===========================================================================================
S7:
	q_c:	420.0	377.5	126.0
	ub :	444.5588	406.3183	151.1305
	lb :	391.523	364.4595	107.7627

	==================================================================================
	Q1:
		Shape: Ellipse
		q_c:	415.5	371.0	139.5
		ub :	423.2452	377.5405	146.9948
		lb :	407.7548	364.4595	132.0052
		P^-1:
			0.055	-0.0169	0.0095
			-0.0169	0.0698	-0.0004
			0.0095	-0.0004	0.0392
	==================================================================================
	Q2:
		Shape: Polyhedra
		q_c:	401.5	376.5	131.0
		ub :	409.5497	383.9626	139.6632
		lb :	393.4503	369.0374	122.3368
		A:
			-0.9857	-0.149	0.0783
			0.8086	0.2817	0.5165
			0.7195	-0.4392	0.5379
			0.3273	0.8957	-0.3011
			0.9316	-0.0614	0.3584
			-0.1991	0.1641	-0.9661
			0.0053	0.9519	0.3064
			0.8135	0.1741	-0.5549
			-0.5816	0.2522	-0.7734
			-0.0053	-0.9519	-0.3064
			-0.8135	-0.1741	0.5549
			0.5816	-0.2522	0.7734
		b:
			-435.1974
			503.337
			198.2702
			435.1586
			402.9554
			-140.0654
			406.1477
			326.4581
			-235.8822
			-395.1477
			-312.4581
			243.8822
	==================================================================================
	Q3:
		Shape: Hybrid
		q_c:	435.5	396.5	140.5
		ub :	444.5588	406.3183	151.1305
		lb :	426.4412	386.6817	129.8695
		P^-1:
			0.0244	-0.001	0.0012
			-0.001	0.0252	-0.0017
			0.0012	-0.0017	0.0256
		A:
			-0.7441	0.6535	-0.139
			-0.5297	-0.4817	0.6981
			0.7985	-0.5552	0.2327
			0.5846	0.1125	-0.8035
			-0.1418	-0.5184	0.8433
			-0.5283	-0.2873	0.799
		b:
			-81.2806
			-320.2581
			163.444
			189.7392
			-145.6408
			-228.3819
	==================================================================================
	Q4:
		Shape: Hybrid
		q_c:	407.5	382.0	124.5
		ub :	415.9335	392.2288	133.3448
		lb :	399.0665	371.7712	115.6552
		P^-1:
			0.0224	0.0081	0.0144
			0.0081	0.0295	0.0273
			0.0144	0.0273	0.0613
		A:
			-0.491	-0.6081	0.6238
			0.4547	-0.7831	-0.4243
			-0.331	-0.1982	-0.9226
			0.5922	0.7364	0.3271
			0.5606	0.5347	0.6323
			0.8638	0.4955	0.0909
		b:
			-348.2332
			-161.8576
			-323.0296
			567.34
			513.945
			557.6284
	==================================================================================
	Q5:
		Shape: Hybrid
		q_c:	420.0	391.5	139.5
		ub :	429.2756	400.3129	149.3769
		lb :	410.7244	382.6871	129.6231
		P^-1:
			0.0228	-0.0002	-0.0017
			-0.0002	0.048	-0.0197
			-0.0017	-0.0197	0.0358
		A:
			0.925	0.3286	-0.1906
			0.7187	-0.6762	0.1618
			-0.3758	0.1292	-0.9176
			-0.5112	-0.7873	0.3448
			-0.6015	-0.0548	0.797
			0.3424	0.9388	0.0378
		b:
			494.8889
			63.3549
			-231.3325
			-471.8492
			-158.961
			520.1798
	==================================================================================
	Q6:
		Shape: Hybrid
		q_c:	405.0	378.0	118.5
		ub :	418.477	391.5038	129.2373
		lb :	391.523	364.4962	107.7627
		P^-1:
			0.0172	0.0038	0.0013
			0.0038	0.0135	0.0003
			0.0013	0.0003	0.0186
		A:
			-0.804	-0.4115	0.4292
			-0.9505	-0.1641	0.2639
			0.4665	0.8489	0.2485
			0.2111	-0.0542	0.976
			-0.5589	-0.8258	-0.075
			0.795	0.1287	-0.5928
		b:
			-426.4008
			-411.5571
			543.4481
			184.4693
			-543.3384
			304.6144


===========================================================================================
===========================================================================================
