3D_45_13_6_d                l = 3

===========================================================================================
===========================================================================================
S1:
	q_c:	309.5	175.0	103.0
	ub :	327.2488	192.0215	118.2329
	lb :	296.1685	157.7096	88.5435

	==================================================================================
	Q1:
		Shape: Hybrid
		q_c:	306.5	179.0	104.0
		ub :	309.5386	182.2414	106.9383
		lb :	303.4614	175.7586	101.0617
		P^-1:
			0.3815	-0.1932	0.2352
			-0.1932	0.3127	-0.3174
			0.2352	-0.3174	0.6669
		A:
			-0.041	-0.7312	0.6809
			-0.1861	0.6643	-0.7239
			-0.0052	-0.6088	0.7933
			0.1215	-0.3472	0.9299
			0.4995	-0.583	0.6408
			-0.2382	-0.2934	0.9258
		b:
			-71.5278
			-12.6323
			-27.1997
			72.4851
			115.9551
			-28.2078
	==================================================================================
	Q2:
		Shape: Hybrid
		q_c:	302.0	175.0	111.0
		ub :	307.8315	181.5922	118.2329
		lb :	296.1685	168.4078	103.7671
		P^-1:
			0.0715	0.0098	0.0148
			0.0098	0.0606	-0.0048
			0.0148	-0.0048	0.052
		A:
			-0.792	-0.0467	-0.6087
			0.7374	0.6452	0.2
			-0.9645	0.173	0.1994
			-0.1379	-0.8606	0.4903
			-0.0182	-0.9126	-0.4084
			-0.6863	-0.4968	-0.5313
		b:
			-313.1038
			359.6334
			-236.3247
			-135.5944
			-207.873
			-351.2671
	==================================================================================
	Q3:
		Shape: Polyhedra
		q_c:	320.5	168.5	108.5
		ub :	327.2488	176.549	114.7927
		lb :	313.7512	160.451	102.2073
		A:
			0.5692	0.7118	0.4114
			-0.8949	-0.3628	0.26
			-0.5653	-0.3079	-0.7653
			-0.2917	-0.6959	0.6562
			-0.1821	-0.4641	-0.8669
			-0.8932	-0.4477	-0.0414
			0.7018	0.0962	0.7059
			-0.4281	0.8489	0.31
			-0.5694	-0.5198	0.6369
			-0.7018	-0.0962	-0.7059
			0.4281	-0.8489	-0.31
			0.5694	0.5198	-0.6369
		b:
			351.0424
			-315.6016
			-313.543
			-134.9604
			-226.3959
			-362.6964
			319.7108
			45.95
			-196.4684
			-315.7108
			-32.95
			205.4684
	==================================================================================
	Q4:
		Shape: Hybrid
		q_c:	313.0	182.5	103.5
		ub :	321.6783	192.0215	112.0315
		lb :	304.3217	172.9785	94.9685
		P^-1:
			0.0331	0.0	-0.0
			0.0	0.0331	-0.0
			-0.0	-0.0	0.0331
		A:
			0.8904	0.4077	0.2025
			0.0101	-0.7181	0.6959
			0.9349	0.2674	-0.2336
			0.5778	-0.7328	0.3593
			-0.7721	-0.0284	0.6349
			-0.8744	0.3881	-0.2912
		b:
			376.8028
			-53.132
			319.9799
			87.043
			-178.3789
			-230.2372
	==================================================================================
	Q5:
		Shape: Polyhedra
		q_c:	309.5	179.0	96.5
		ub :	314.8208	184.8189	104.4565
		lb :	304.1792	173.1811	88.5435
		A:
			-0.5384	0.8377	0.0922
			-0.2815	0.6304	0.7234
			0.0858	-0.9963	0.0052
			-0.7793	0.6249	0.0461
			0.0233	-0.9567	-0.2901
			0.895	-0.4134	0.1678
			0.8189	0.5715	0.0521
			0.5605	-0.777	-0.2865
			-0.1232	0.2638	-0.9567
			-0.8189	-0.5715	-0.0521
			-0.5605	0.777	0.2865
			0.1232	-0.2638	0.9567
		b:
			-5.3239
			99.644
			-147.943
			-122.1731
			-189.2772
			223.0135
			364.7933
			8.7395
			-75.7244
			-356.7933
			-4.7395
			90.7244
	==================================================================================
	Q6:
		Shape: Polyhedra
		q_c:	316.5	165.0	97.0
		ub :	325.4816	172.2904	105.2712
		lb :	307.5184	157.7096	88.7288
		A:
			0.0647	0.9415	-0.3307
			-0.5466	0.4157	-0.7269
			-0.6568	-0.6601	-0.3646
			-0.2036	-0.7896	0.5788
			-0.7373	0.0779	-0.6711
			0.1335	-0.2999	-0.9446
			0.124	0.9729	0.1952
			0.9304	-0.0456	-0.3637
			-0.3449	0.2267	-0.9108
			-0.124	-0.9729	-0.1952
			-0.9304	0.0456	0.3637
			0.3449	-0.2267	0.9108
		b:
			149.5576
			-169.7284
			-346.086
			-132.8341
			-280.1048
			-93.12
			224.7166
			258.6606
			-155.1132
			-212.7166
			-244.6606
			165.1132


===========================================================================================
===========================================================================================
S2:
	q_c:	333.5	175.5	300.0
	ub :	363.0794	197.9647	335.7751
	lb :	300.878	136.2756	266.0281

	==================================================================================
	Q1:
		Shape: Hybrid
		q_c:	318.5	170.0	283.0
		ub :	336.122	181.3354	299.9719
		lb :	300.878	158.6646	266.0281
		P^-1:
			0.0098	0.0065	-0.001
			0.0065	0.0253	0.0018
			-0.001	0.0018	0.0076
		A:
			0.5906	-0.801	-0.098
			0.2748	-0.903	0.3303
			-0.4798	-0.8765	0.0386
			0.2313	0.6267	0.7442
			-0.5983	-0.7578	-0.2605
			-0.1958	-0.926	-0.3229
		b:
			31.3902
			34.324
			-287.6678
			397.1276
			-388.7717
			-307.6152
	==================================================================================
	Q2:
		Shape: Ellipse
		q_c:	325.0	177.0	308.0
		ub :	338.6976	194.87	325.0548
		lb :	311.3024	159.13	290.9452
		P^-1:
			0.0271	-0.0141	-0.0098
			-0.0141	0.0156	0.0026
			-0.0098	0.0026	0.0125
	==================================================================================
	Q3:
		Shape: Polyhedra
		q_c:	335.5	182.5	323.0
		ub :	345.4386	195.5057	335.7751
		lb :	325.5614	169.4943	310.2249
		A:
			0.7553	0.042	-0.654
			0.9609	0.2741	0.0399
			0.9495	-0.1105	0.2935
			0.7639	0.3759	-0.5246
			-0.9596	-0.1599	0.2313
			-0.004	-0.4157	-0.9095
			0.5839	0.5216	0.6221
			-0.1668	-0.6728	0.7207
			0.7945	-0.5246	-0.3059
			-0.5839	-0.5216	-0.6221
			0.1668	0.6728	-0.7207
			-0.7945	0.5246	0.3059
		b:
			57.6598
			391.7955
			399.3115
			163.9527
			-269.4875
			-364.2799
			498.0275
			64.0421
			77.999
			-486.0275
			-44.0421
			-65.999
	==================================================================================
	Q4:
		Shape: Ellipse
		q_c:	344.0	182.5	295.0
		ub :	356.3164	192.1273	307.4451
		lb :	331.6836	172.8727	282.5549
		P^-1:
			0.03	-0.0202	-0.0118
			-0.0202	0.0362	0.0149
			-0.0118	0.0149	0.0225
	==================================================================================
	Q5:
		Shape: Hybrid
		q_c:	343.0	151.5	281.5
		ub :	356.5568	166.7244	294.2918
		lb :	329.4432	136.2756	268.7082
		P^-1:
			0.0094	0.0007	0.0003
			0.0007	0.0116	-0.0019
			0.0003	-0.0019	0.0147
		A:
			-0.6915	-0.5504	-0.4679
			-0.6586	-0.6358	-0.4025
			0.3569	0.9289	-0.0993
			-0.7903	-0.4459	0.4203
			0.4592	0.4641	-0.7575
			-0.0412	0.2546	0.9662
		b:
			-446.7115
			-429.9659
			240.3449
			-214.8592
			19.095
			301.1796
	==================================================================================
	Q6:
		Shape: Ellipse
		q_c:	351.0	184.5	303.0
		ub :	363.0794	197.9647	312.2272
		lb :	338.9206	171.0353	293.7728
		P^-1:
			0.0265	0.0086	0.0033
			0.0086	0.0126	-0.0009
			0.0033	-0.0009	0.03


===========================================================================================
===========================================================================================
S3:
	q_c:	123.0	90.0	492.5
	ub :	135.2874	105.8456	509.5679
	lb :	111.5377	76.2378	480.0742

	==================================================================================
	Q1:
		Shape: Polyhedra
		q_c:	128.0	80.5	491.5
		ub :	131.8409	84.2909	497.9713
		lb :	124.1591	76.7091	485.0287
		A:
			-0.8393	-0.2309	-0.4923
			0.5026	0.2935	0.8132
			-0.9385	-0.0777	-0.3364
			-0.7709	-0.0398	-0.6357
			-0.898	0.3581	-0.2558
			0.575	0.5944	0.5622
			0.9574	0.08	0.2774
			0.0702	-0.9965	0.0453
			0.2801	-0.0239	-0.9597
			-0.9574	-0.08	-0.2774
			-0.0702	0.9965	-0.0453
			-0.2801	0.0239	0.9597
		b:
			-365.4973
			491.855
			-289.7099
			-411.3172
			-209.4782
			401.1286
			267.3474
			-45.4975
			-431.7516
			-263.3474
			52.4975
			443.7516
	==================================================================================
	Q2:
		Shape: Hybrid
		q_c:	123.0	97.0	486.5
		ub :	127.2942	100.56	492.1496
		lb :	118.7058	93.44	480.8504
		P^-1:
			0.1999	-0.0135	-0.0884
			-0.0135	0.1117	0.0009
			-0.0884	0.0009	0.0895
		A:
			0.4005	-0.762	-0.5088
			0.2457	-0.8301	0.5006
			0.9188	-0.2431	-0.311
			0.7252	-0.6748	0.1366
			-0.9333	-0.3587	-0.0192
			-0.1667	0.7395	0.6521
		b:
			-270.3085
			195.8416
			-60.6961
			92.3588
			-156.7634
			371.0147
	==================================================================================
	Q3:
		Shape: Hybrid
		q_c:	129.5	97.0	500.5
		ub :	134.2395	102.062	505.8349
		lb :	124.7605	91.938	495.1651
		P^-1:
			0.0991	-0.0197	-0.0152
			-0.0197	0.1646	-0.0938
			-0.0152	-0.0938	0.1467
		A:
			0.5178	0.0795	0.8518
			-0.2339	0.964	0.1264
			0.9317	0.054	-0.3591
			0.016	-0.8001	-0.5997
			-0.2805	-0.645	0.7108
			-0.8042	0.5809	-0.1255
		b:
			504.0381
			128.7598
			-51.8191
			-372.4991
			258.0222
			-108.8538
	==================================================================================
	Q4:
		Shape: Ellipse
		q_c:	119.5	97.5	486.0
		ub :	127.4623	105.8456	491.9258
		lb :	111.5377	89.1544	480.0742
		P^-1:
			0.0848	0.0445	-0.0454
			0.0445	0.0557	-0.0058
			-0.0454	-0.0058	0.1189
	==================================================================================
	Q5:
		Shape: Polyhedra
		q_c:	124.5	92.0	502.5
		ub :	130.1961	99.113	509.5679
		lb :	118.8039	84.887	495.4321
		A:
			0.8367	0.1111	-0.5362
			-0.0307	0.0103	0.9995
			-0.9959	0.0722	-0.0539
			0.6646	0.3687	-0.6499
			0.5159	-0.477	0.7115
			0.9656	-0.1038	-0.2384
			0.889	0.3668	0.2741
			0.0834	-0.7183	0.6908
			0.4502	-0.5913	-0.6691
			-0.889	-0.3668	-0.2741
			-0.0834	0.7183	-0.6908
			-0.4502	0.5913	0.6691
		b:
			-150.7525
			503.8379
			-140.5586
			-205.7767
			381.7676
			-4.9136
			285.6482
			295.406
			-329.5825
			-278.6482
			-287.406
			339.5825
	==================================================================================
	Q6:
		Shape: Polyhedra
		q_c:	132.0	82.0	500.0
		ub :	135.2874	87.7622	502.7257
		lb :	128.7126	76.2378	497.2743
		A:
			-0.787	-0.2348	0.5705
			-0.0324	0.8078	-0.5885
			-0.519	-0.3458	0.7817
			-0.695	-0.3934	0.6019
			0.6976	-0.1578	0.6989
			-0.2597	-0.2367	0.9362
			0.9067	0.1108	0.407
			-0.371	-0.2493	0.8945
			0.2005	-0.9621	-0.185
			-0.9067	-0.1108	-0.407
			0.371	0.2493	-0.8945
			-0.2005	0.9621	0.185
		b:
			163.4752
			-228.5072
			295.146
			178.3717
			430.6522
			415.4562
			334.2468
			378.8406
			-139.4016
			-330.2468
			-376.8406
			150.4016


===========================================================================================
===========================================================================================
S4:
	q_c:	440.0	428.5	491.0
	ub :	453.9178	443.2348	504.3405
	lb :	428.8814	416.4446	479.1637

	==================================================================================
	Q1:
		Shape: Ellipse
		q_c:	446.5	422.0	491.0
		ub :	453.9178	427.5554	498.6497
		lb :	439.0822	416.4446	483.3503
		P^-1:
			0.0787	-0.0403	0.0467
			-0.0403	0.0875	-0.034
			0.0467	-0.034	0.071
	==================================================================================
	Q2:
		Shape: Hybrid
		q_c:	436.0	436.5	489.0
		ub :	443.1186	443.2348	495.1176
		lb :	428.8814	429.7652	482.8824
		P^-1:
			0.0593	0.0078	0.0008
			0.0078	0.0434	-0.002
			0.0008	-0.002	0.0623
		A:
			-0.9071	0.3464	-0.2393
			0.9277	-0.3645	0.0808
			0.848	-0.204	-0.4891
			0.612	-0.0289	-0.7903
			0.0174	0.6626	0.7488
			0.2541	0.1947	-0.9474
		b:
			-358.8875
			287.3551
			43.8519
			-130.1568
			665.4457
			-265.4757
	==================================================================================
	Q3:
		Shape: Hybrid
		q_c:	441.0	434.5	492.5
		ub :	444.0931	439.4555	497.6183
		lb :	437.9069	429.5445	487.3817
		P^-1:
			0.2195	0.0338	0.0259
			0.0338	0.1444	0.0614
			0.0259	0.0614	0.1085
		A:
			-0.9775	-0.159	-0.1383
			-0.3457	-0.4857	-0.8028
			-0.8571	-0.2904	0.4256
			-0.5039	0.1151	0.8561
			0.482	0.3195	0.8158
			0.6056	0.2623	-0.7513
		b:
			-567.2122
			-757.4428
			-292.7344
			251.545
			754.79
			13.3947
	==================================================================================
	Q4:
		Shape: Hybrid
		q_c:	437.0	431.0	488.5
		ub :	443.0036	435.1792	494.4754
		lb :	430.9964	426.8208	482.5246
		P^-1:
			0.0763	0.0092	0.0151
			0.0092	0.1078	0.0023
			0.0151	0.0023	0.058
		A:
			-0.9744	-0.1724	0.1444
			-0.5554	-0.8076	0.1983
			-0.2536	-0.7479	-0.6135
			-0.1456	-0.742	0.6544
			0.3088	0.6613	0.6836
			0.6229	-0.7764	-0.0958
		b:
			-427.2548
			-492.0925
			-730.9866
			-61.5611
			755.8577
			-107.1415
	==================================================================================
	Q5:
		Shape: Ellipse
		q_c:	445.5	433.5	499.5
		ub :	450.9473	439.9195	504.3405
		lb :	440.0527	427.0805	494.6595
		P^-1:
			0.1305	-0.0504	-0.0029
			-0.0504	0.0676	-0.0233
			-0.0029	-0.0233	0.1061
	==================================================================================
	Q6:
		Shape: Hybrid
		q_c:	443.0	431.0	484.5
		ub :	449.4292	436.0058	489.8363
		lb :	436.5708	425.9942	479.1637
		P^-1:
			0.0567	0.0035	0.0364
			0.0035	0.5628	0.469
			0.0364	0.469	0.4952
		A:
			0.3636	0.5865	0.7237
			-0.0083	-0.8534	-0.5212
			0.3727	-0.8303	-0.4144
			-0.1268	0.8607	0.4931
			-0.0751	-0.7475	-0.66
			-0.1078	-0.594	-0.7972
		b:
			765.7218
			-623.1785
			-392.1204
			554.5391
			-674.6706
			-689.3066


===========================================================================================
===========================================================================================
S5:
	q_c:	352.0	24.0	331.5
	ub :	385.6471	51.6318	366.0513
	lb :	329.9215	-5.2779	312.9699

	==================================================================================
	Q1:
		Shape: Hybrid
		q_c:	352.0	29.0	352.0
		ub :	366.5162	43.5055	366.0513
		lb :	337.4838	14.4945	337.9487
		P^-1:
			0.0143	0.0011	0.0024
			0.0011	0.0146	-0.0021
			0.0024	-0.0021	0.0114
		A:
			0.7306	-0.6584	-0.1808
			0.1142	0.8815	-0.4581
			0.7214	0.005	0.6925
			-0.384	-0.8719	0.304
			0.9535	0.1613	-0.2544
			-0.0831	0.7479	-0.6586
		b:
			179.8686
			-91.467
			502.0008
			-49.4424
			255.6528
			-235.2468
	==================================================================================
	Q2:
		Shape: Hybrid
		q_c:	372.5	11.0	325.0
		ub :	385.6471	25.7896	337.0301
		lb :	359.3529	-3.7896	312.9699
		P^-1:
			0.0131	-0.001	-0.0008
			-0.001	0.0126	-0.0014
			-0.0008	-0.0014	0.0149
		A:
			0.5546	0.8003	-0.2278
			-0.6322	0.1975	0.7492
			0.7035	-0.5705	-0.4238
			0.3285	-0.0768	0.9414
			-0.8397	-0.535	0.0933
			0.6055	-0.3812	-0.6986
		b:
			146.3441
			14.4611
			122.5486
			431.8613
			-283.2329
			-1.311
	==================================================================================
	Q3:
		Shape: Ellipse
		q_c:	349.5	23.0	330.0
		ub :	360.9288	30.5646	340.2642
		lb :	338.0712	15.4354	319.7358
		P^-1:
			0.0154	0.0009	-0.0027
			0.0009	0.0236	0.0003
			-0.0027	0.0003	0.0189
	==================================================================================
	Q4:
		Shape: Hybrid
		q_c:	340.5	40.0	345.0
		ub :	351.0785	51.6318	359.852
		lb :	329.9215	28.3682	330.148
		P^-1:
			2.1067	-1.9175	-0.5444
			-1.9175	1.761	0.4959
			-0.5444	0.4959	0.1499
		A:
			0.7454	-0.6289	-0.2213
			0.7601	-0.6152	-0.2094
			-0.7432	0.6359	0.208
			0.6058	-0.7085	-0.3621
			-0.6959	0.6949	0.1811
			-0.6634	0.7126	0.2281
		b:
			152.7645
			162.5088
			-155.4917
			55.2586
			-146.236
			-117.7895
	==================================================================================
	Q5:
		Shape: Polyhedra
		q_c:	344.0	22.5	333.5
		ub :	350.2057	31.7912	345.7928
		lb :	337.7943	13.2088	321.2072
		A:
			0.9272	-0.3728	-0.0353
			-0.161	-0.9866	-0.0255
			-0.5386	0.6768	-0.5019
			0.9979	0.06	-0.0231
			-0.7525	0.5925	0.2875
			0.2467	-0.0792	-0.9658
			0.0789	0.1667	0.9828
			-0.9888	0.1387	0.0558
			-0.127	-0.9762	0.1758
			-0.0789	-0.1667	-0.9828
			0.9888	-0.1387	-0.0558
			0.127	0.9762	-0.1758
		b:
			303.4863
			-78.868
			-330.231
			341.6084
			-143.6418
			-228.5179
			369.6571
			-313.9026
			-0.0285
			-347.6571
			322.9026
			14.0285
	==================================================================================
	Q6:
		Shape: Polyhedra
		q_c:	346.5	4.0	333.5
		ub :	356.1579	13.2779	341.5344
		lb :	336.8421	-5.2779	325.4656
		A:
			-0.4716	0.6613	0.5834
			-0.3485	0.8697	0.3495
			0.1507	0.0216	-0.9883
			-0.0084	0.9552	-0.2959
			-0.3136	0.4974	0.8089
			-0.27	0.8577	0.4376
			0.8801	0.4569	0.1288
			0.0479	-0.3554	0.9335
			0.4723	-0.8154	-0.3347
			-0.8801	-0.4569	-0.1288
			-0.0479	0.3554	-0.9335
			-0.4723	0.8154	0.3347
		b:
			38.007
			3.411
			-271.5664
			-92.082
			167.8553
			60.1383
			358.2496
			332.495
			52.7521
			-341.2496
			-320.495
			-44.7521


===========================================================================================
===========================================================================================
S6:
	q_c:	227.5	262.0	375.5
	ub :	264.9056	295.7025	402.4653
	lb :	200.4979	227.7281	343.5393

	==================================================================================
	Q1:
		Shape: Hybrid
		q_c:	247.5	240.5	366.5
		ub :	264.9056	253.2719	383.6035
		lb :	230.0944	227.7281	349.3965
		P^-1:
			0.0055	-0.0005	0.0014
			-0.0005	0.0157	-0.0039
			0.0014	-0.0039	0.0099
		A:
			0.2477	-0.8427	-0.4781
			-0.3006	-0.8951	-0.3294
			0.2941	-0.1042	0.9501
			0.3921	0.9099	-0.1354
			0.1506	0.1707	-0.9737
			0.1074	-0.9907	-0.0841
		b:
			-309.501
			-404.2475
			402.243
			271.7278
			-271.6293
			-237.4215
	==================================================================================
	Q2:
		Shape: Ellipse
		q_c:	229.5	280.0	384.5
		ub :	236.8399	295.7025	395.6592
		lb :	222.1601	264.2975	373.3408
		P^-1:
			0.1936	-0.0196	-0.0998
			-0.0196	0.0065	0.0111
			-0.0998	0.0111	0.0643
	==================================================================================
	Q3:
		Shape: Ellipse
		q_c:	236.0	241.0	373.5
		ub :	247.3357	253.0011	384.8256
		lb :	224.6643	228.9989	362.1744
		P^-1:
			0.0243	-0.0011	0.0071
			-0.0011	0.0149	0.0043
			0.0071	0.0043	0.0266
	==================================================================================
	Q4:
		Shape: Polyhedra
		q_c:	210.5	247.5	387.5
		ub :	220.5021	261.4557	402.224
		lb :	200.4979	233.5443	372.776
		A:
			-0.9048	0.3048	-0.2972
			-0.7579	0.6518	-0.0278
			-0.7026	0.6904	-0.1724
			-0.888	0.4337	0.1532
			-0.7239	0.6546	0.218
			0.485	-0.8735	-0.0426
			0.2011	0.6675	0.717
			0.4913	0.5645	-0.6633
			-0.8475	0.4856	-0.2144
			-0.2011	-0.6675	-0.717
			-0.4913	-0.5645	0.6633
			0.8475	-0.4856	0.2144
		b:
			-226.6975
			-5.2551
			-39.9825
			-15.4092
			99.1351
			-124.7237
			494.3514
			-2.4015
			-138.2922
			-476.3514
			25.4015
			144.2922
	==================================================================================
	Q5:
		Shape: Polyhedra
		q_c:	235.5	257.5	387.5
		ub :	247.1478	268.9776	402.4653
		lb :	223.8522	246.0224	372.5347
		A:
			0.3003	-0.8915	0.3391
			-0.1001	-0.9901	0.0983
			-0.1406	0.949	-0.2822
			-0.4746	0.8797	-0.0284
			-0.251	0.7951	0.5521
			-0.6922	0.5081	-0.5126
			0.0677	0.174	0.9824
			-0.8611	0.5076	-0.0306
			-0.504	-0.8438	0.1842
			-0.0677	-0.174	-0.9824
			0.8611	-0.5076	0.0306
			0.504	0.8438	-0.1842
		b:
			-19.3563
			-234.2945
			109.1259
			112.3648
			370.7206
			-220.2868
			455.4402
			-74.4261
			-259.5934
			-427.4402
			93.4261
			269.5934
	==================================================================================
	Q6:
		Shape: Hybrid
		q_c:	234.5	268.0	359.5
		ub :	252.087	285.4589	375.4607
		lb :	216.913	250.5411	343.5393
		P^-1:
			0.0095	-0.0002	-0.0019
			-0.0002	0.0101	-0.0019
			-0.0019	-0.0019	0.0097
		A:
			0.6173	-0.4437	0.6497
			0.3335	-0.6087	0.72
			-0.7508	-0.4011	-0.5248
			0.1413	0.9795	0.1438
			0.5317	-0.7036	0.4715
			0.0718	0.3195	-0.9449
		b:
			265.448
			179.2718
			-464.8764
			353.4213
			111.0765
			-231.9652


===========================================================================================
===========================================================================================
S7:
	q_c:	114.0	420.0	133.0
	ub :	120.8619	432.7024	146.3501
	lb :	99.8086	409.0044	118.0883

	==================================================================================
	Q1:
		Shape: Hybrid
		q_c:	111.0	419.0	125.0
		ub :	118.3413	424.4325	131.9117
		lb :	103.6587	413.5675	118.0883
		P^-1:
			0.0592	0.0302	0.0091
			0.0302	0.0876	0.0144
			0.0091	0.0144	0.0444
		A:
			0.815	0.1034	0.5701
			0.0689	-0.7413	0.6676
			0.8159	0.4721	0.3337
			0.1466	0.7776	-0.6115
			-0.6128	-0.101	-0.7837
			-0.8153	0.5673	0.1159
		b:
			207.8127
			-216.2655
			332.0951
			268.6044
			-205.4198
			165.1973
	==================================================================================
	Q2:
		Shape: Ellipse
		q_c:	110.0	425.5	140.5
		ub :	116.6195	432.4826	146.3501
		lb :	103.3805	418.5174	134.6499
		P^-1:
			0.0657	0.0169	0.0213
			0.0169	0.067	0.0221
			0.0213	0.0221	0.0772
	==================================================================================
	Q3:
		Shape: Ellipse
		q_c:	111.0	423.5	133.0
		ub :	117.342	430.1869	138.9407
		lb :	104.658	416.8131	127.0593
		P^-1:
			0.0433	-0.0077	-0.0026
			-0.0077	0.0664	-0.0104
			-0.0026	-0.0104	0.0744
	==================================================================================
	Q4:
		Shape: Polyhedra
		q_c:	108.0	428.0	135.0
		ub :	112.0531	432.5666	138.7974
		lb :	103.9469	423.4334	131.2026
		A:
			-0.3419	0.0447	0.9387
			0.3989	-0.9145	-0.0674
			-0.6825	-0.7032	0.1993
			-0.8423	-0.4507	-0.2957
			0.9439	0.1945	0.2668
			0.6118	-0.3424	-0.7131
			0.5324	0.0557	0.8447
			-0.8382	0.1743	0.5168
			-0.1184	-0.9831	0.1394
			-0.5324	-0.0557	-0.8447
			0.8382	-0.1743	-0.5168
			0.1184	0.9831	-0.1394
		b:
			111.5911
			-353.6912
			-344.1248
			-320.9321
			223.7979
			-173.7739
			197.352
			56.8286
			-410.7446
			-193.352
			-50.8286
			418.7446
	==================================================================================
	Q5:
		Shape: Hybrid
		q_c:	105.0	426.0	140.0
		ub :	110.1914	432.7024	146.2673
		lb :	99.8086	419.2976	133.7327
		P^-1:
			0.1574	0.0411	0.0856
			0.0411	0.0715	0.049
			0.0856	0.049	0.1236
		A:
			-0.7774	-0.4224	-0.4661
			-0.4677	0.2464	0.8488
			0.8925	-0.4285	0.1411
			-0.2728	-0.0698	-0.9595
			-0.0878	-0.5643	-0.8209
			0.8364	-0.5373	0.1082
		b:
			-325.6598
			177.8504
			-66.5591
			-190.4801
			-362.5045
			-123.1979
	==================================================================================
	Q6:
		Shape: Hybrid
		q_c:	117.5	413.5	133.0
		ub :	120.8619	417.9956	137.5021
		lb :	114.1381	409.0044	128.4979
		P^-1:
			0.1547	-0.0034	-0.0193
			-0.0034	0.063	0.0033
			-0.0193	0.0033	0.0864
		A:
			0.7538	0.0298	0.6564
			0.6006	0.75	-0.2771
			-0.7822	0.5006	-0.3708
			0.9438	-0.1741	-0.281
			0.4488	0.3889	-0.8045
			-0.7021	0.6966	0.1475
		b:
			190.1898
			346.0876
			67.7526
			2.8184
			108.5931
			227.1724


===========================================================================================
===========================================================================================
S8:
	q_c:	438.0	382.0	337.5
	ub :	454.7699	393.8044	357.6984
	lb :	419.1123	363.8719	311.8654

	==================================================================================
	Q1:
		Shape: Hybrid
		q_c:	431.0	379.0	323.0
		ub :	439.5803	388.5555	331.6736
		lb :	422.4197	369.4445	314.3264
		P^-1:
			0.0343	0.0058	0.0086
			0.0058	0.0396	-0.0189
			0.0086	-0.0189	0.0464
		A:
			-0.4261	-0.2396	-0.8724
			0.6151	-0.5706	0.5442
			-0.4763	-0.372	0.7967
			0.8756	-0.2793	0.3942
			0.3725	0.3939	0.8403
			0.1585	0.3561	-0.9209
		b:
			-552.9641
			227.4127
			-85.844
			402.0582
			584.9424
			-91.4976
	==================================================================================
	Q2:
		Shape: Ellipse
		q_c:	429.0	387.5	328.0
		ub :	434.5902	393.8044	334.1318
		lb :	423.4098	381.1956	321.8682
		P^-1:
			0.135	-0.0423	-0.0298
			-0.0423	0.0884	-0.0505
			-0.0298	-0.0505	0.1243
	==================================================================================
	Q3:
		Shape: Hybrid
		q_c:	438.5	385.5	351.5
		ub :	444.77	390.9383	357.6984
		lb :	432.23	380.0617	345.3016
		P^-1:
			0.0938	0.046	0.0074
			0.046	0.1024	0.0383
			0.0074	0.0383	0.0854
		A:
			-0.0097	0.8378	0.5459
			0.7437	0.6503	-0.155
			0.0394	0.6152	0.7874
			0.8148	0.4539	-0.3606
			0.8619	0.1035	-0.4964
			0.959	0.0462	-0.2795
		b:
			512.405
			524.0069
			532.8687
			407.4499
			245.5402
			342.3833
	==================================================================================
	Q4:
		Shape: Hybrid
		q_c:	427.0	373.5	319.0
		ub :	434.8877	379.7733	326.1346
		lb :	419.1123	367.2267	311.8654
		P^-1:
			0.0494	0.0663	0.0277
			0.0663	0.1944	0.0714
			0.0277	0.0714	0.0535
		A:
			0.5861	0.7773	0.2285
			0.3698	0.9239	0.098
			-0.4762	-0.5818	-0.6593
			-0.1473	0.948	0.282
			0.5568	-0.8245	0.1011
			-0.7146	-0.6955	-0.0746
		b:
			615.2083
			535.8556
			-628.681
			383.7565
			-33.2024
			-586.1034
	==================================================================================
	Q5:
		Shape: Hybrid
		q_c:	447.5	373.0	332.0
		ub :	454.7699	380.6901	340.1704
		lb :	440.2301	365.3099	323.8296
		P^-1:
			0.0597	0.0177	0.005
			0.0177	0.0511	0.019
			0.005	0.019	0.048
		A:
			0.7515	-0.6299	-0.1961
			-0.4451	-0.5611	-0.6979
			0.8637	0.5026	-0.0376
			-0.89	-0.2037	-0.4079
			-0.8339	-0.5514	0.024
			-0.5727	-0.5639	-0.595
		b:
			39.5176
			-638.2731
			563.5994
			-607.3675
			-568.7818
			-662.3468
	==================================================================================
	Q6:
		Shape: Polyhedra
		q_c:	445.0	373.0	329.5
		ub :	453.0373	382.1281	336.6841
		lb :	436.9627	363.8719	322.3159
		A:
			-0.441	-0.6465	0.6226
			-0.6562	-0.4993	0.5657
			-0.6889	-0.2525	0.6794
			0.5334	0.5218	-0.6657
			0.1279	-0.545	0.8286
			-0.5475	-0.3471	0.7614
			0.3603	0.6162	0.7004
			-0.5238	-0.4876	0.6984
			0.7719	-0.6185	0.1471
			-0.3603	-0.6162	-0.7004
			0.5238	0.4876	-0.6984
			-0.7719	0.6185	-0.1471
		b:
			-230.5833
			-290.1801
			-174.8693
			213.7347
			130.8151
			-120.7195
			628.9293
			-183.8525
			167.247
			-612.9293
			185.8525
			-155.247


===========================================================================================
===========================================================================================
S9:
	q_c:	520.0	414.0	316.0
	ub :	531.2676	427.4732	332.8987
	lb :	511.6621	411.8099	310.891

	==================================================================================
	Q1:
		Shape: Polyhedra
		q_c:	520.0	416.0	318.5
		ub :	524.9663	420.1901	323.1299
		lb :	515.0337	411.8099	313.8701
		A:
			0.8069	-0.323	-0.4945
			-0.4711	-0.2451	-0.8473
			0.9868	-0.0701	0.1461
			0.7447	-0.1094	0.6583
			0.8405	-0.4509	0.3005
			0.1166	0.6893	-0.715
			0.4732	0.7946	0.3804
			-0.3978	0.578	-0.7125
			-0.786	0.1858	0.5896
			-0.4732	-0.7946	-0.3804
			0.3978	-0.578	0.7125
			0.786	-0.1858	-0.5896
		b:
			131.1995
			-614.1695
			533.4979
			553.8098
			347.7606
			122.0846
			700.7733
			-191.339
			-140.1338
			-694.7733
			195.339
			147.1338
	==================================================================================
	Q2:
		Shape: Hybrid
		q_c:	526.5	420.0	330.0
		ub :	529.9215	422.7754	332.8987
		lb :	523.0785	417.2246	327.1013
		P^-1:
			0.2517	-0.1156	0.3021
			-0.1156	0.2588	-0.2448
			0.3021	-0.2448	0.7606
		A:
			-0.7834	0.5392	-0.309
			-0.5243	0.7307	-0.4372
			-0.0897	0.4678	-0.8793
			0.7718	0.052	0.6337
			0.816	-0.5461	0.1894
			0.2806	-0.3692	0.886
		b:
			-286.4426
			-112.2368
			-140.0603
			638.6242
			264.4882
			285.609
	==================================================================================
	Q3:
		Shape: Hybrid
		q_c:	527.5	416.0	322.5
		ub :	531.2676	420.0494	326.0062
		lb :	523.7324	411.9506	318.9938
		P^-1:
			0.2359	-0.0741	-0.1109
			-0.0741	0.2303	0.1205
			-0.1109	0.1205	0.2493
		A:
			-0.6493	0.5123	0.562
			-0.61	0.2394	0.7554
			-0.7723	0.6266	-0.1049
			-0.7542	0.3388	0.5625
			0.0203	0.9583	0.285
			0.3509	0.1779	-0.9194
		b:
			52.6362
			22.3633
			-178.9401
			-74.6284
			502.6554
			-35.7644
	==================================================================================
	Q4:
		Shape: Ellipse
		q_c:	519.5	417.0	313.0
		ub :	522.9364	419.4877	315.109
		lb :	516.0636	414.5123	310.891
		P^-1:
			0.2086	0.2542	-0.0322
			0.2542	0.8126	-0.2112
			-0.0322	-0.2112	0.5343
	==================================================================================
	Q5:
		Shape: Hybrid
		q_c:	518.5	421.0	323.5
		ub :	525.3379	427.4732	329.4897
		lb :	511.6621	414.5268	317.5103
		P^-1:
			0.0653	-0.014	-0.0038
			-0.014	0.0695	-0.0048
			-0.0038	-0.0048	0.0586
		A:
			0.4956	-0.0244	-0.8682
			0.2026	-0.9436	-0.2618
			0.5736	0.3453	0.7428
			0.4054	-0.6368	-0.6558
			-0.3889	0.3015	0.8706
			-0.4624	0.8447	-0.2694
		b:
			-31.9755
			-374.8218
			685.7826
			-267.9242
			209.1684
			30.4955
	==================================================================================
	Q6:
		Shape: Polyhedra
		q_c:	524.5	421.0	318.0
		ub :	529.9363	425.9346	322.8181
		lb :	519.0637	416.0654	313.1819
		A:
			-0.9701	-0.1965	-0.1424
			0.6833	0.497	-0.5349
			-0.3868	0.4134	0.8243
			0.1545	0.4981	-0.8532
			-0.4704	0.2911	0.833
			-0.0453	-0.7553	-0.6538
			0.6415	0.746	0.1788
			0.6318	-0.646	0.4285
			0.4352	-0.1619	-0.8857
			-0.6415	-0.746	-0.1788
			-0.6318	0.646	-0.4285
			-0.4352	0.1619	0.8857
		b:
			-633.7656
			400.3092
			236.2716
			22.7326
			143.7369
			-546.8584
			709.8922
			199.6765
			-118.5412
			-704.8922
			-191.6765
			124.5412


===========================================================================================
===========================================================================================
S10:
	q_c:	352.0	92.5	158.0
	ub :	367.1391	105.2689	171.031
	lb :	345.5249	80.1483	149.1728

	==================================================================================
	Q1:
		Shape: Polyhedra
		q_c:	350.5	94.5	165.5
		ub :	354.4676	100.1688	170.8824
		lb :	346.5324	88.8312	160.1176
		A:
			-0.4202	-0.4941	-0.7611
			-0.2813	-0.1866	-0.9413
			-0.5978	0.3337	0.7289
			-0.4337	0.6486	0.6255
			0.0258	-0.0044	-0.9997
			-0.5966	0.7549	0.2726
			0.8235	0.1935	0.5332
			-0.5653	0.3584	0.743
			-0.0473	-0.9133	0.4045
			-0.8235	-0.1935	-0.5332
			0.5653	-0.3584	-0.743
			0.0473	0.9133	-0.4045
		b:
			-317.2393
			-269.2259
			-54.3694
			15.9719
			-153.6558
			-89.1524
			397.688
			-38.297
			-31.4409
			-392.688
			44.297
			40.4409
	==================================================================================
	Q2:
		Shape: Hybrid
		q_c:	351.0	88.5	159.0
		ub :	356.0925	92.4505	164.2557
		lb :	345.9075	84.5495	153.7443
		P^-1:
			0.139	0.0507	0.0718
			0.0507	0.1538	0.0401
			0.0718	0.0401	0.1308
		A:
			0.5287	-0.2045	0.8238
			0.6164	0.3603	0.7002
			-0.2834	0.8587	0.4269
			0.6508	0.753	-0.0972
			-0.5198	-0.7714	0.3671
			-0.1033	-0.6982	0.7085
		b:
			300.1043
			360.6466
			46.5488
			281.3587
			-190.2558
			16.8649
	==================================================================================
	Q3:
		Shape: Hybrid
		q_c:	358.5	99.0	163.5
		ub :	364.5179	105.2689	170.3763
		lb :	352.4821	92.7311	156.6237
		P^-1:
			0.1041	-0.0458	0.0024
			-0.0458	0.105	-0.0386
			0.0024	-0.0386	0.0656
		A:
			-0.8699	-0.0987	0.4833
			-0.918	0.311	-0.246
			0.8382	-0.5214	0.1598
			0.683	-0.3729	-0.628
			-0.0473	0.3869	0.9209
			-0.7011	0.7131	0.0038
		b:
			-240.4128
			-336.6883
			276.4313
			107.7418
			175.715
			-178.6415
	==================================================================================
	Q4:
		Shape: Polyhedra
		q_c:	361.0	86.5	164.0
		ub :	367.1391	92.8517	171.031
		lb :	354.8609	80.1483	156.969
		A:
			-0.518	0.4491	0.728
			0.6747	-0.6109	0.4143
			0.4069	-0.9083	-0.0969
			0.4145	-0.905	-0.0958
			-0.1969	-0.2442	0.9495
			0.4853	-0.7147	-0.5037
			0.6308	0.4672	0.6196
			-0.7759	0.3889	0.4967
			-0.0089	-0.7941	0.6078
			-0.6308	-0.4672	-0.6196
			0.7759	-0.3889	-0.4967
			0.0089	0.7941	-0.6078
		b:
			-25.2909
			262.3058
			55.6421
			58.8293
			67.0425
			34.2482
			375.7338
			-161.9981
			30.7807
			-363.7338
			167.9981
			-24.7807
	==================================================================================
	Q5:
		Shape: Ellipse
		q_c:	351.0	90.5	154.0
		ub :	355.9929	95.3192	158.8272
		lb :	346.0071	85.6808	149.1728
		P^-1:
			0.0671	0.0096	0.0106
			0.0096	0.109	-0.0023
			0.0106	-0.0023	0.1086
	==================================================================================
	Q6:
		Shape: Ellipse
		q_c:	350.0	98.5	165.0
		ub :	354.4751	103.7538	169.8481
		lb :	345.5249	93.2462	160.1519
		P^-1:
			0.194	-0.0801	-0.0184
			-0.0801	0.1347	-0.0153
			-0.0184	-0.0153	0.0949


===========================================================================================
===========================================================================================
S11:
	q_c:	60.5	114.0	383.5
	ub :	72.3387	128.5077	398.3602
	lb :	47.3403	98.1631	372.4185

	==================================================================================
	Q1:
		Shape: Hybrid
		q_c:	59.0	118.5	388.5
		ub :	62.4558	122.2414	392.4056
		lb :	55.5442	114.7586	384.5944
		P^-1:
			0.2237	-0.0305	-0.0273
			-0.0305	0.1746	0.0131
			-0.0273	0.0131	0.1717
		A:
			-0.3228	-0.8356	-0.4445
			0.1702	0.8849	0.4335
			-0.7953	-0.5038	-0.3371
			-0.4583	-0.1434	0.8772
			0.7474	-0.4837	0.4555
			-0.0943	-0.544	0.8338
		b:
			-289.2764
			284.7722
			-236.128
			298.0521
			165.0501
			255.3862
	==================================================================================
	Q2:
		Shape: Hybrid
		q_c:	66.0	119.0	382.5
		ub :	72.3387	126.1941	386.9361
		lb :	59.6613	111.8059	378.0639
		P^-1:
			0.0667	0.024	0.0018
			0.024	0.0426	-0.0
			0.0018	-0.0	0.0626
		A:
			-0.1474	-0.9858	-0.0804
			-0.8658	0.0208	-0.5
			-0.8829	-0.052	0.4667
			0.7435	0.6638	-0.081
			-0.2559	-0.602	0.7564
			0.8189	0.1925	-0.5407
		b:
			-154.4237
			-243.4257
			116.5126
			98.9545
			203.2654
			-127.6891
	==================================================================================
	Q3:
		Shape: Polyhedra
		q_c:	61.5	122.5	391.0
		ub :	69.3691	128.5077	398.3602
		lb :	53.6309	116.4923	383.6398
		A:
			0.5614	-0.0289	0.827
			0.1228	-0.8196	-0.5596
			0.6845	0.4538	0.5705
			-0.732	-0.5415	-0.4135
			0.654	0.6935	0.3022
			0.419	0.7418	0.5236
			0.3028	0.7289	0.614
			0.795	0.1621	-0.5846
			-0.5257	0.6651	-0.5304
			-0.3028	-0.7289	-0.614
			-0.795	-0.1621	0.5846
			0.5257	-0.6651	0.5304
		b:
			358.7042
			-308.6771
			323.8383
			-269.8082
			246.4173
			323.514
			349.9822
			-154.3151
			-152.7309
			-345.9822
			165.3151
			163.7309
	==================================================================================
	Q4:
		Shape: Polyhedra
		q_c:	59.0	110.0	379.0
		ub :	64.8402	116.0303	385.5815
		lb :	53.1598	103.9697	372.4185
		A:
			0.632	-0.575	0.5196
			0.843	0.489	-0.2241
			0.0804	-0.2505	0.9648
			0.2353	0.7625	0.6027
			0.4614	0.0273	0.8867
			-0.5884	-0.7982	-0.1295
			0.6794	0.3479	0.646
			0.7227	-0.1649	-0.6712
			-0.127	0.9229	-0.3634
			-0.6794	-0.3479	-0.646
			-0.7227	0.1649	0.6712
			0.127	-0.9229	0.3634
		b:
			175.1504
			22.5189
			346.8546
			329.973
			369.9883
			-167.6452
			326.6995
			-225.8985
			-39.212
			-319.6995
			233.8985
			48.212
	==================================================================================
	Q5:
		Shape: Polyhedra
		q_c:	61.0	103.5	380.5
		ub :	66.4883	108.8369	386.3605
		lb :	55.5117	98.1631	374.6395
		A:
			-0.9323	0.3368	-0.1317
			0.8545	0.2274	-0.467
			0.623	0.7018	-0.3456
			0.8806	-0.4566	-0.127
			-0.7566	0.2386	0.6088
			0.8175	-0.4119	0.4025
			0.0981	0.9135	0.3948
			0.4635	0.3091	-0.8305
			-0.8807	0.2645	-0.393
			-0.0981	-0.9135	-0.3948
			-0.4635	-0.3091	0.8305
			0.8807	-0.2645	0.393
		b:
			-68.1768
			-98.3746
			-17.352
			-37.9837
			213.8093
			164.3696
			254.2402
			-252.2345
			-171.9054
			-247.2402
			259.2345
			179.9054
	==================================================================================
	Q6:
		Shape: Polyhedra
		q_c:	53.0	118.0	386.5
		ub :	58.6597	123.8908	389.6604
		lb :	47.3403	112.1092	383.3396
		A:
			-0.112	-0.242	-0.9638
			-0.6005	-0.7601	0.2483
			0.8424	-0.0377	-0.5375
			0.11	0.392	-0.9134
			-0.0916	0.3164	-0.9442
			-0.7283	-0.1307	-0.6727
			0.5971	0.5032	0.6247
			0.6399	-0.7684	0.0074
			0.4837	0.3953	-0.7808
			-0.5971	-0.5032	-0.6247
			-0.6399	0.7684	-0.0074
			-0.4837	-0.3953	0.7808
		b:
			-404.6202
			-23.1695
			-164.2805
			-298.5992
			-329.891
			-311.0585
			334.9697
			-48.8991
			-227.5083
			-329.9697
			58.8991
			231.5083


===========================================================================================
===========================================================================================
S12:
	q_c:	155.5	76.0	59.5
	ub :	168.053	84.3921	70.7678
	lb :	147.0946	65.1921	48.087

	==================================================================================
	Q1:
		Shape: Polyhedra
		q_c:	164.0	71.0	55.0
		ub :	168.053	74.6869	58.7288
		lb :	159.947	67.3131	51.2712
		A:
			-0.5608	0.4614	0.6875
			0.7445	-0.1776	-0.6435
			-0.0106	-0.8258	-0.5638
			0.7441	-0.6464	-0.1687
			-0.4891	0.8689	-0.0758
			0.4868	-0.448	0.7499
			0.9861	0.1641	0.0246
			0.1628	-0.9854	0.0493
			0.0324	-0.0446	-0.9985
			-0.9861	-0.1641	-0.0246
			-0.1628	0.9854	-0.0493
			-0.0324	0.0446	0.9985
		b:
			-18.0344
			77.5723
			-88.1768
			70.0976
			-19.6239
			92.6252
			178.2329
			-37.5576
			-49.2778
			-171.2329
			43.5576
			56.2778
	==================================================================================
	Q2:
		Shape: Polyhedra
		q_c:	161.5	69.5	64.0
		ub :	164.039	70.6388	66.4315
		lb :	158.961	68.3612	61.5685
		A:
			0.3337	-0.7258	-0.6015
			0.296	-0.9551	0.0094
			0.752	0.2603	-0.6056
			0.7902	0.5575	0.2545
			0.6657	-0.6515	0.3639
			-0.9204	0.1809	0.3465
			0.8097	0.1247	0.5735
			-0.5271	-0.2751	0.804
			0.2581	-0.9533	-0.157
			-0.8097	-0.1247	-0.5735
			0.5271	0.2751	-0.804
			-0.2581	0.9533	0.157
		b:
			-34.1721
			-17.395
			102.3368
			184.4604
			86.92
			-112.3872
			178.134
			-51.2867
			-34.1247
			-174.134
			54.2867
			35.1247
	==================================================================================
	Q3:
		Shape: Ellipse
		q_c:	160.5	73.5	61.5
		ub :	165.2021	78.3882	64.1737
		lb :	155.7979	68.6118	58.8263
		P^-1:
			0.1313	-0.0478	-0.0205
			-0.0478	0.0962	0.0057
			-0.0205	0.0057	0.245
	==================================================================================
	Q4:
		Shape: Polyhedra
		q_c:	161.5	81.5	53.5
		ub :	167.0614	84.3921	58.913
		lb :	155.9386	78.6079	48.087
		A:
			0.555	-0.8318	-0.0089
			0.2541	0.1053	0.9614
			0.0826	-0.9737	0.2123
			-0.4501	0.8188	-0.3563
			0.722	-0.6622	-0.2004
			0.7935	-0.606	-0.0566
			0.8544	0.3066	0.4196
			0.3025	-0.9499	0.0781
			0.4226	0.0602	-0.9043
			-0.8544	-0.3066	-0.4196
			-0.3025	0.9499	-0.0781
			-0.4226	-0.0602	0.9043
		b:
			23.2181
			105.0547
			-52.8866
			-23.0771
			54.4595
			78.3633
			189.4154
			-22.882
			28.7665
			-181.4154
			25.882
			-20.7665
	==================================================================================
	Q5:
		Shape: Polyhedra
		q_c:	157.0	72.5	64.0
		ub :	162.6023	78.2295	69.3538
		lb :	151.3977	66.7705	58.6462
		A:
			-0.2649	0.6979	0.6654
			-0.7853	0.5939	0.175
			0.2847	-0.5507	0.7846
			-0.0766	-0.5226	-0.8491
			-0.7231	0.3257	-0.6091
			-0.0544	0.2386	-0.9696
			0.4032	0.7022	0.5867
			0.837	-0.5422	0.0738
			0.3699	0.4614	-0.8064
			-0.4032	-0.7022	-0.5867
			-0.837	0.5422	-0.0738
			-0.3699	-0.4614	0.8064
		b:
			54.665
			-65.5385
			59.1042
			-101.2975
			-125.3876
			-49.1505
			154.2708
			100.3157
			44.42
			-149.2708
			-93.3157
			-35.42
	==================================================================================
	Q6:
		Shape: Hybrid
		q_c:	152.5	71.0	65.0
		ub :	157.9054	76.8079	70.7678
		lb :	147.0946	65.1921	59.2322
		P^-1:
			0.0991	-0.0165	0.0047
			-0.0165	0.0762	-0.0124
			0.0047	-0.0124	0.0799
		A:
			-0.1616	-0.8019	0.5752
			0.7209	-0.4005	0.5657
			0.8406	-0.1921	-0.5065
			0.3247	0.0261	0.9455
			-0.8194	0.2854	-0.4972
			0.9434	-0.2282	-0.2408
