3D_45_6_6_b                l = 3

===========================================================================================
===========================================================================================
S1:
	q_c:	257.0	355.5	468.5
	ub :	293.4192	384.3042	506.0382
	lb :	226.7843	331.8497	448.0527

	==================================================================================
	Q1:
		Shape: Polyhedra
		q_c:	270.5	370.0	480.5
		ub :	280.4644	384.3042	495.9628
		lb :	260.5356	355.6958	465.0372
		A:
			0.052	-0.9667	-0.2505
			-0.3918	0.717	-0.5766
			0.8662	-0.4659	-0.1805
			-0.8681	0.4057	-0.2862
			-0.9836	0.0643	-0.1687
			-0.793	-0.0096	0.6092
			0.013	0.3519	0.936
			-0.7756	0.5944	-0.2126
			-0.6311	-0.7231	0.2806
			-0.013	-0.3519	-0.936
			0.7756	-0.5944	0.2126
			0.6311	0.7231	-0.2806
		b:
			-454.3266
			-110.9091
			-18.5216
			-217.2211
			-316.569
			84.5842
			595.9454
			-87.544
			-293.4302
			-570.9454
			96.544
			313.4302
	==================================================================================
	Q2:
		Shape: Hybrid
		q_c:	262.5	344.5	464.5
		ub :	274.1678	357.1503	477.3587
		lb :	250.8322	331.8497	451.6413
		P^-1:
			0.0229	-0.0002	-0.0057
			-0.0002	0.0151	0.0036
			-0.0057	0.0036	0.0199
		A:
			-0.5601	0.1747	0.8098
			-0.6125	-0.0865	0.7857
			0.6004	0.726	-0.3353
			0.1013	-0.9948	0.011
			0.6787	-0.4654	-0.5681
			0.7209	0.2376	0.6511
		b:
			292.4512
			177.804
			256.6073
			-305.644
			-242.8559
			578.289
	==================================================================================
	Q3:
		Shape: Polyhedra
		q_c:	276.5	347.5	464.5
		ub :	293.4192	359.6091	480.9141
		lb :	259.5808	335.3909	448.0859
		A:
			0.4653	0.8794	0.1007
			-0.4381	-0.3208	0.8397
			-0.7857	-0.2969	-0.5427
			0.3856	0.4846	0.7852
			0.7621	0.6171	0.1959
			-0.2141	-0.2196	-0.9518
			0.4055	0.6403	0.6523
			0.8539	-0.0107	-0.5203
			-0.3262	0.768	-0.5512
			-0.4055	-0.6403	-0.6523
			-0.8539	0.0107	0.5203
			0.3262	-0.768	0.5512
		b:
			489.1198
			169.6968
			-564.7226
			645.5879
			524.6696
			-569.8463
			643.1456
			3.7273
			-68.3153
			-632.1456
			22.2727
			90.3153
	==================================================================================
	Q4:
		Shape: Ellipse
		q_c:	266.5	361.0	484.0
		ub :	281.1373	373.4322	502.0822
		lb :	251.8627	348.5678	465.9178
		P^-1:
			0.0342	-0.0172	0.0114
			-0.0172	0.0184	-0.0064
			0.0114	-0.0064	0.0085
	==================================================================================
	Q5:
		Shape: Hybrid
		q_c:	256.5	367.5	457.5
		ub :	265.4534	376.3824	466.9473
		lb :	247.5466	358.6176	448.0527
		P^-1:
			0.0854	0.0678	0.0251
			0.0678	0.0814	0.0243
			0.0251	0.0243	0.0211
		A:
			0.8109	0.3799	0.4451
			0.4239	0.5614	-0.7107
			0.8197	0.4798	0.3127
			0.6417	0.7518	0.1514
			-0.5992	-0.7956	-0.0894
			0.5769	0.7717	-0.2679
		b:
			553.8467
			-3.4968
			531.5183
			511.6391
			-485.1589
			312.797
	==================================================================================
	Q6:
		Shape: Ellipse
		q_c:	243.0	353.5	490.0
		ub :	259.2157	361.8868	506.0382
		lb :	226.7843	345.1132	473.9618
		P^-1:
			0.0085	-0.0018	-0.0013
			-0.0018	0.0233	-0.0018
			-0.0013	-0.0018	0.0089


===========================================================================================
===========================================================================================
S2:
	q_c:	336.5	154.5	169.5
	ub :	350.4704	173.9793	185.2248
	lb :	327.2869	139.1885	151.2764

	==================================================================================
	Q1:
		Shape: Hybrid
		q_c:	342.5	166.0	171.5
		ub :	348.6158	173.9793	179.0761
		lb :	336.3842	158.0207	163.9239
		P^-1:
			0.1132	-0.0565	-0.0285
			-0.0565	0.0651	0.0188
			-0.0285	0.0188	0.0373
		A:
			0.609	-0.2767	-0.7434
			-0.8167	0.5758	0.038
			0.1397	-0.3624	-0.9215
			-0.0714	0.295	0.9528
			0.2333	-0.7757	-0.5864
			0.9315	-0.2652	-0.2489
		b:
			37.8057
			-176.0568
			-166.4185
			192.0863
			-146.3338
			234.0335
	==================================================================================
	Q2:
		Shape: Polyhedra
		q_c:	334.0	143.5	167.0
		ub :	340.7131	147.8115	173.7004
		lb :	327.2869	139.1885	160.2996
		A:
			-0.3907	-0.4504	-0.8028
			0.1844	-0.9446	-0.2716
			0.0269	-0.9996	-0.0102
			0.6995	0.6497	0.2977
			0.6672	0.0604	0.7424
			0.4869	-0.357	0.7971
			0.4449	0.8201	0.3599
			-0.4352	0.5492	-0.7134
			-0.7827	0.1608	0.6012
			-0.4449	-0.8201	-0.3599
			0.4352	-0.5492	0.7134
			0.7827	-0.1608	-0.6012
		b:
			-326.468
			-116.0904
			-133.4248
			378.7131
			358.7963
			248.4498
			327.8922
			-181.6791
			-132.4444
			-324.8922
			189.6791
			143.4444
	==================================================================================
	Q3:
		Shape: Ellipse
		q_c:	338.5	163.0	160.5
		ub :	346.2984	171.3047	169.7236
		lb :	330.7016	154.6953	151.2764
		P^-1:
			0.0337	-0.0022	0.001
			-0.0022	0.0331	-0.0056
			0.001	-0.0056	0.034
	==================================================================================
	Q4:
		Shape: Ellipse
		q_c:	338.0	159.0	166.5
		ub :	345.0956	166.4142	172.2628
		lb :	330.9044	151.5858	160.7372
		P^-1:
			0.0437	0.0074	-0.005
			0.0074	0.0554	-0.014
			-0.005	-0.014	0.072
	==================================================================================
	Q5:
		Shape: Ellipse
		q_c:	344.0	153.5	164.0
		ub :	350.4704	159.0305	170.2523
		lb :	337.5296	147.9695	157.7477
		P^-1:
			0.0626	0.0167	-0.0223
			0.0167	0.1145	-0.0468
			-0.0223	-0.0468	0.0948
	==================================================================================
	Q6:
		Shape: Hybrid
		q_c:	344.0	151.0	177.0
		ub :	350.4013	159.132	185.2248
		lb :	337.5987	142.868	168.7752
		P^-1:
			0.0494	-0.0001	-0.0002
			-0.0001	0.0466	-0.008
			-0.0002	-0.008	0.0265
		A:
			-0.9641	-0.0506	-0.2607
			0.394	-0.5065	0.767
			0.647	0.6748	0.355
			-0.2624	0.9124	0.3143
			-0.9373	0.0695	-0.3415
			-0.9972	-0.0708	0.0243
		b:
			-382.9972
			197.7676
			390.2698
			106.1823
			-369.8985
			-347.1745


===========================================================================================
===========================================================================================
S3:
	q_c:	172.0	264.0	415.5
	ub :	185.2705	277.7431	430.9863
	lb :	163.8187	255.3504	406.0764

	==================================================================================
	Q1:
		Shape: Polyhedra
		q_c:	169.5	264.0	411.0
		ub :	173.871	268.2611	415.9236
		lb :	165.129	259.7389	406.0764
		A:
			0.4754	-0.8622	0.1749
			-0.1673	-0.0246	-0.9856
			0.1964	0.9613	0.1934
			-0.4127	-0.7326	0.5412
			0.1866	-0.3453	0.9198
			0.6855	0.0102	-0.728
			0.6419	0.2429	0.7273
			0.0281	0.9404	-0.3388
			-0.7663	0.2379	0.5968
			-0.6419	-0.2429	-0.7273
			-0.0281	-0.9404	0.3388
			0.7663	-0.2379	-0.5968
		b:
			-72.0938
			-437.148
			369.4552
			-37.7975
			321.3211
			-176.8629
			474.3548
			116.7814
			181.6968
			-469.3548
			-110.7814
			-174.6968
	==================================================================================
	Q2:
		Shape: Ellipse
		q_c:	177.0	268.0	423.0
		ub :	180.2059	273.6892	428.9899
		lb :	173.7941	262.3108	417.0101
		P^-1:
			0.8058	-0.3654	-0.105
			-0.3654	0.2379	0.0579
			-0.105	0.0579	0.0682
	==================================================================================
	Q3:
		Shape: Ellipse
		q_c:	174.0	262.5	424.5
		ub :	180.5496	268.3461	430.9863
		lb :	167.4504	256.6539	418.0137
		P^-1:
			0.0724	-0.0174	0.0253
			-0.0174	0.051	-0.0189
			0.0253	-0.0189	0.0771
	==================================================================================
	Q4:
		Shape: Ellipse
		q_c:	181.5	268.5	414.0
		ub :	185.2705	270.2774	417.6077
		lb :	177.7295	266.7226	410.3923
		P^-1:
			0.2434	-0.0041	0.1803
			-0.0041	0.4444	0.0037
			0.1803	0.0037	0.2827
	==================================================================================
	Q5:
		Shape: Polyhedra
		q_c:	171.0	270.5	413.5
		ub :	178.1813	277.7431	420.2317
		lb :	163.8187	263.2569	406.7683
		A:
			0.4017	0.5985	0.6932
			-0.0902	-0.8477	0.5227
			0.1283	0.9104	-0.3933
			-0.476	0.6694	-0.5704
			0.5581	0.8279	0.0552
			-0.9912	-0.1073	-0.0774
			0.2715	0.7967	0.54
			0.365	0.4339	-0.8237
			-0.8905	0.4208	-0.173
			-0.2715	-0.7967	-0.54
			-0.365	-0.4339	0.8237
			0.8905	-0.4208	0.173
		b:
			521.269
			-24.0767
			109.97
			-131.3318
			346.3833
			-225.7282
			489.2171
			-156.3011
			-105.0042
			-481.2171
			165.3011
			115.0042
	==================================================================================
	Q6:
		Shape: Ellipse
		q_c:	175.5	263.5	421.5
		ub :	183.2371	271.6496	428.3083
		lb :	167.7629	255.3504	414.6917
		P^-1:
			0.0377	-0.0056	0.0027
			-0.0056	0.0474	-0.0196
			0.0027	-0.0196	0.0696


===========================================================================================
===========================================================================================
S4:
	q_c:	62.0	305.0	378.5
	ub :	75.3193	320.1348	390.0151
	lb :	44.758	293.3833	365.7794

	==================================================================================
	Q1:
		Shape: Polyhedra
		q_c:	51.0	313.5	377.5
		ub :	56.0914	318.3696	382.6041
		lb :	45.9086	308.6304	372.3959
		A:
			0.1119	-0.9919	0.0608
			0.8557	-0.4785	-0.1968
			0.7303	-0.2812	-0.6226
			-0.9774	0.2113	-0.0033
			0.6301	-0.1028	0.7697
			-0.4353	-0.778	-0.453
			0.2864	0.0402	0.9573
			-0.8395	0.492	0.2305
			-0.4617	-0.8696	0.1747
			-0.2864	-0.0402	-0.9573
			0.8395	-0.492	-0.2305
			0.4617	0.8696	-0.1747
		b:
			-278.691
			-178.1627
			-283.0711
			17.9154
			294.2467
			-433.1219
			392.5876
			200.9559
			-226.2269
			-384.5876
			-195.9559
			234.2269
	==================================================================================
	Q2:
		Shape: Polyhedra
		q_c:	58.5	307.5	383.0
		ub :	63.1224	313.7226	388.9057
		lb :	53.8776	301.2774	377.0943
		A:
			0.4586	0.8036	0.3794
			0.619	0.7854	0.0043
			-0.9905	-0.0562	-0.1258
			0.6339	0.6281	-0.4512
			-0.6724	-0.737	0.068
			0.8833	0.2866	-0.3709
			0.8941	0.4218	0.1509
			0.2329	-0.7254	0.6478
			0.3826	-0.544	-0.7468
			-0.8941	-0.4218	-0.1509
			-0.2329	0.7254	-0.6478
			-0.3826	0.544	0.7468
		b:
			422.1996
			282.3534
			-120.6423
			60.8215
			-236.9763
			0.6469
			242.2773
			43.1618
			-427.4056
			-237.2773
			-34.1618
			434.4056
	==================================================================================
	Q3:
		Shape: Polyhedra
		q_c:	69.0	297.5	372.0
		ub :	75.3193	301.6167	378.2206
		lb :	62.6807	293.3833	365.7794
		A:
			0.4647	0.8409	0.2774
			0.7678	-0.6173	0.1719
			0.7922	-0.2841	0.5401
			0.1148	-0.7177	0.6868
			0.6494	-0.095	-0.7545
			-0.5265	-0.3565	0.7718
			0.5938	0.1385	0.7926
			-0.7983	-0.0216	0.6018
			0.1005	-0.9901	0.0977
			-0.5938	-0.1385	-0.7926
			0.7983	0.0216	-0.6018
			-0.1005	0.9901	-0.0977
		b:
			389.1781
			-62.8263
			175.0264
			53.6332
			-259.6635
			149.0703
			381.0188
			166.857
			-247.7931
			-373.0188
			-157.857
			254.7931
	==================================================================================
	Q4:
		Shape: Polyhedra
		q_c:	52.5	312.5	376.0
		ub :	60.242	320.1348	382.8744
		lb :	44.758	304.8652	369.1256
		A:
			-0.9088	-0.3691	0.1945
			0.577	-0.1457	-0.8036
			-0.2971	-0.9329	0.2034
			-0.619	0.2901	0.7299
			-0.017	-0.0148	-0.9997
			0.2952	-0.1422	-0.9448
			0.5208	0.6288	0.5774
			0.5872	-0.7548	0.2924
			0.6197	0.1868	-0.7623
			-0.5208	-0.6288	-0.5774
			-0.5872	0.7548	-0.2924
			-0.6197	-0.1868	0.7623
		b:
			-85.9263
			-313.6979
			-226.0318
			336.5171
			-377.3601
			-380.4185
			445.4442
			-89.6234
			-192.2249
			-436.4442
			100.6234
			199.2249
	==================================================================================
	Q5:
		Shape: Polyhedra
		q_c:	57.5	301.0	378.5
		ub :	63.793	304.9327	382.671
		lb :	51.207	297.0673	374.329
		A:
			-0.6364	0.3382	0.6933
			0.2602	0.6326	0.7295
			0.125	0.798	0.5895
			-0.0504	0.8508	-0.5231
			-0.4279	-0.0565	-0.902
			0.0765	0.2517	-0.9648
			0.9747	0.1402	0.1743
			-0.1848	0.066	0.9806
			0.126	-0.9879	0.0902
			-0.9747	-0.1402	-0.1743
			0.1848	-0.066	-0.9806
			-0.126	0.9879	-0.0902
		b:
			331.2697
			485.175
			473.9028
			58.1708
			-379.0156
			-281.9951
			169.7115
			383.3691
			-252.9754
			-158.7115
			-377.3691
			258.9754
	==================================================================================
	Q6:
		Shape: Polyhedra
		q_c:	59.5	300.0	385.5
		ub :	64.9442	303.4	390.0151
		lb :	54.0558	296.6	380.9849
		A:
			-0.4543	0.8908	0.0074
			-0.2794	0.9592	-0.0441
			0.9311	-0.2188	-0.2918
			0.3891	-0.918	-0.0774
			0.7457	-0.6399	0.1855
			-0.3963	0.8661	-0.3047
			0.4203	0.1568	0.8937
			-0.7891	-0.4231	0.4453
			0.448	-0.8924	-0.0541
			-0.4203	-0.1568	-0.8937
			0.7891	0.4231	-0.4453
			-0.448	0.8924	0.0541
		b:
			244.0836
			255.5418
			-118.8263
			-281.052
			-74.3603
			120.2947
			419.0795
			2.7947
			-260.9297
			-414.0795
			7.2053
			262.9297


===========================================================================================
===========================================================================================
S5:
	q_c:	49.5	261.5	30.0
	ub :	57.2584	271.3911	37.6158
	lb :	43.6597	254.5054	24.0407

	==================================================================================
	Q1:
		Shape: Polyhedra
		q_c:	53.0	262.0	26.5
		ub :	56.3763	265.6062	28.8882
		lb :	49.6237	258.3938	24.1118
		A:
			-0.0966	0.5771	-0.8109
			0.2446	-0.773	0.5854
			-0.9668	0.2282	-0.1147
			-0.8921	0.4183	0.1708
			-0.8901	0.2859	0.355
			-0.508	0.014	-0.8613
			0.9265	0.3745	0.0357
			0.3615	-0.86	-0.3602
			-0.1042	0.3467	-0.9322
			-0.9265	-0.3745	-0.0357
			-0.3615	0.86	0.3602
			0.1042	-0.3467	0.9322
		b:
			126.1819
			-172.1972
			7.9337
			69.334
			39.6368
			-44.2523
			150.6725
			-213.2003
			62.1097
			-145.6725
			218.2003
			-59.1097
	==================================================================================
	Q2:
		Shape: Polyhedra
		q_c:	53.5	264.5	29.0
		ub :	57.2584	268.4496	32.4899
		lb :	49.7416	260.5504	25.5101
		A:
			0.843	0.016	-0.5377
			0.3124	0.3412	-0.8866
			0.7796	0.453	-0.4326
			-0.9018	0.182	-0.3921
			-0.4606	0.4897	-0.7403
			0.5742	0.61	-0.5461
			0.6437	0.6998	0.3097
			0.7591	-0.5327	-0.3741
			-0.0968	0.4759	-0.8742
			-0.6437	-0.6998	-0.3097
			-0.7591	0.5327	0.3741
			0.0968	-0.4759	0.8742
		b:
			36.4711
			83.4243
			151.274
			-9.0321
			85.5512
			178.3463
			230.5209
			-108.138
			97.3417
			-226.5209
			114.138
			-93.3417
	==================================================================================
	Q3:
		Shape: Ellipse
		q_c:	47.0	263.0	34.5
		ub :	50.3403	265.8518	37.6158
		lb :	43.6597	260.1482	31.3842
		P^-1:
			0.2988	-0.138	0.0344
			-0.138	0.2971	-0.0342
			0.0344	-0.0342	0.1685
	==================================================================================
	Q4:
		Shape: Ellipse
		q_c:	48.5	264.5	31.0
		ub :	52.5487	267.7595	35.1165
		lb :	44.4513	261.2405	26.8835
		P^-1:
			0.1825	0.0156	0.0676
			0.0156	0.2464	-0.0156
			0.0676	-0.0156	0.1822
	==================================================================================
	Q5:
		Shape: Polyhedra
		q_c:	49.0	257.5	27.5
		ub :	53.5851	260.4946	30.9593
		lb :	44.4149	254.5054	24.0407
		A:
			-0.919	-0.3089	-0.2451
			-0.1499	0.292	-0.9446
			0.6035	0.0587	0.7952
			0.5063	0.802	0.317
			0.4335	-0.8784	-0.2013
			0.4682	-0.497	0.7306
			0.3062	0.3417	0.8885
			-0.9409	-0.0335	0.3371
			0.145	-0.9392	0.3112
			-0.3062	-0.3417	-0.8885
			0.9409	0.0335	-0.3371
			-0.145	0.9392	-0.3112
		b:
			-128.0139
			43.8984
			68.5211
			242.4339
			-207.7013
			-82.7116
			128.9238
			-41.4605
			-223.6858
			-125.9238
			49.4605
			228.6858
	==================================================================================
	Q6:
		Shape: Polyhedra
		q_c:	50.5	268.0	35.0
		ub :	53.6335	271.3911	37.3231
		lb :	47.3665	264.6089	32.6769
		A:
			-0.2013	-0.9407	-0.2732
			0.0922	0.2329	0.9681
			0.0847	0.6987	0.7104
			0.1099	0.8451	0.5231
			-0.3567	0.4033	0.8427
			-0.7211	-0.6048	0.338
			0.7962	0.6004	0.0744
			0.6048	-0.7929	-0.0741
			0.0145	0.104	-0.9945
			-0.7962	-0.6004	-0.0744
			-0.6048	0.7929	0.0741
			-0.0145	-0.104	0.9945
		b:
			-269.6022
			102.9808
			218.5659
			252.5774
			121.7433
			-184.6661
			205.7246
			-182.0458
			-4.1955
			-201.7246
			187.0458
			8.1955


===========================================================================================
===========================================================================================
S6:
	q_c:	31.0	482.0	38.0
	ub :	42.0384	492.3241	43.6638
	lb :	22.8584	476.7411	29.4465

	==================================================================================
	Q1:
		Shape: Ellipse
		q_c:	30.5	481.5	39.5
		ub :	34.2641	484.3778	43.289
		lb :	26.7359	478.6222	35.711
		P^-1:
			0.2318	-0.1029	0.0683
			-0.1029	0.3077	-0.098
			0.0683	-0.098	0.225
	==================================================================================
	Q2:
		Shape: Hybrid
		q_c:	36.0	481.5	41.0
		ub :	39.2769	484.5633	43.6638
		lb :	32.7231	478.4367	38.3362
		P^-1:
			0.4543	-0.0283	-0.3482
			-0.0283	0.3997	-0.2318
			-0.3482	-0.2318	0.7016
		A:
			0.0929	-0.9684	0.2313
			0.6545	-0.3815	-0.6528
			0.6611	0.3806	-0.6465
			0.8771	-0.073	-0.4748
			-0.4839	0.5785	0.6566
			-0.3385	0.8736	-0.3497
		b:
			-452.3252
			-186.0689
			181.2871
			-22.186
			289.2084
			395.0409
	==================================================================================
	Q3:
		Shape: Polyhedra
		q_c:	38.0	488.0	37.0
		ub :	42.0384	492.323	41.5907
		lb :	33.9616	483.677	32.4093
		A:
			0.1152	-0.9123	-0.393
			0.8688	-0.0112	-0.495
			-0.065	0.9806	0.185
			-0.2402	-0.5863	-0.7737
			0.5495	-0.6694	0.4999
			-0.715	0.3352	-0.6135
			0.5503	0.2941	0.7814
			-0.7905	0.4849	0.3742
			-0.2688	-0.8237	0.4993
			-0.5503	-0.2941	-0.7814
			0.7905	-0.4849	-0.3742
			0.2688	0.8237	-0.4993
		b:
			-452.7722
			11.5227
			485.5882
			-320.978
			-284.592
			116.5107
			196.3402
			222.4148
			-390.6926
			-190.3402
			-218.4148
			396.6926
	==================================================================================
	Q4:
		Shape: Hybrid
		q_c:	33.0	487.5	36.5
		ub :	36.6481	492.3241	40.9908
		lb :	29.3519	482.6759	32.0092
		P^-1:
			0.6863	0.3933	0.1589
			0.3933	0.329	0.1603
			0.1589	0.1603	0.1941
		A:
			0.5913	0.6915	0.4149
			0.6443	0.5026	0.5764
			0.8879	0.1648	0.4296
			-0.8711	-0.4517	0.1925
			-0.975	-0.2102	-0.0714
			0.7216	0.4674	0.5107
		b:
			372.5908
			288.1669
			126.857
			-240.9271
			-136.1469
			271.1015
	==================================================================================
	Q5:
		Shape: Ellipse
		q_c:	31.0	488.0	32.0
		ub :	34.4443	491.6653	34.5535
		lb :	27.5557	484.3347	29.4465
		P^-1:
			0.2285	0.0502	-0.0021
			0.0502	0.1328	0.0049
			-0.0021	0.0049	0.2498
	==================================================================================
	Q6:
		Shape: Ellipse
		q_c:	27.0	481.0	39.5
		ub :	31.1416	485.2589	42.9623
		lb :	22.8584	476.7411	36.0377
		P^-1:
			0.1546	0.0312	0.0177
			0.0312	0.1399	0.039
			0.0177	0.039	0.2266


===========================================================================================
===========================================================================================
