3D_45_8_6_a                l = 3

===========================================================================================
===========================================================================================
S1:
	q_c:	403.5	494.0	318.0
	ub :	428.7244	539.7054	346.369
	lb :	357.9792	451.5628	279.9325

	==================================================================================
	Q1:
		Shape: Polyhedra
		q_c:	406.5	463.0	298.0
		ub :	424.0166	474.4372	316.0675
		lb :	388.9834	451.5628	279.9325
		A:
			-0.1848	-0.5965	0.781
			-0.2786	-0.5093	0.8143
			-0.989	-0.1466	0.021
			-0.6159	-0.5466	0.5674
			0.4902	0.0534	-0.87
			-0.5623	0.8268	-0.0152
			0.5196	0.0167	0.8542
			-0.221	0.9684	0.1155
			-0.8253	-0.2488	0.5069
			-0.5196	-0.0167	-0.8542
			0.221	-0.9684	-0.1155
			0.8253	0.2488	-0.5069
		b:
			-107.3196
			-95.1594
			-452.5405
			-324.303
			-24.1694
			159.3274
			487.5183
			401.9693
			-289.6177
			-459.5183
			-383.9693
			309.6177
	==================================================================================
	Q2:
		Shape: Polyhedra
		q_c:	378.5	491.5	326.5
		ub :	399.0208	512.7025	346.369
		lb :	357.9792	470.2975	306.631
		A:
			-0.6254	0.3173	-0.7129
			-0.9044	-0.032	-0.4256
			-0.1336	-0.5823	-0.8019
			-0.3991	-0.4953	0.7716
			0.1301	-0.3777	0.9168
			0.9728	0.0073	-0.2313
			0.362	0.6328	0.6845
			-0.6575	0.6939	-0.2937
			-0.6608	-0.3438	0.6672
			-0.362	-0.6328	-0.6845
			0.6575	-0.6939	0.2937
			0.6608	0.3438	-0.6672
		b:
			-300.1981
			-483.9832
			-585.738
			-131.7294
			175.129
			307.935
			684.517
			9.786
			-190.7159
			-658.517
			17.214
			211.7159
	==================================================================================
	Q3:
		Shape: Polyhedra
		q_c:	407.5	480.5	330.0
		ub :	418.1506	490.8472	339.2112
		lb :	396.8494	470.1528	320.7888
		A:
			0.8705	-0.4906	-0.0392
			-0.6472	0.7536	0.1149
			-0.8201	0.4113	-0.3977
			0.6829	-0.6377	0.3564
			-0.7501	0.6353	0.1837
			0.8386	-0.3757	0.3944
			0.6634	0.7436	0.0831
			0.7229	-0.6656	0.1854
			0.1932	-0.0629	-0.9791
			-0.6634	-0.7436	-0.0831
			-0.7229	0.6656	-0.1854
			-0.1932	0.0629	0.9791
		b:
			109.8439
			139.9517
			-263.6702
			92.3111
			63.9576
			295.7683
			666.0861
			38.4224
			-266.6057
			-644.0861
			-33.4224
			282.6057
	==================================================================================
	Q4:
		Shape: Ellipse
		q_c:	418.0	479.5	316.5
		ub :	428.7244	489.024	323.9576
		lb :	407.2756	469.976	309.0424
		P^-1:
			0.0651	0.0644	-0.0179
			0.0644	0.0892	-0.0378
			-0.0179	-0.0378	0.0641
	==================================================================================
	Q5:
		Shape: Hybrid
		q_c:	380.5	524.0	322.5
		ub :	392.6643	539.7054	337.5127
		lb :	368.3357	508.2946	307.4873
		P^-1:
			0.0184	0.0038	0.0067
			0.0038	0.0125	0.0066
			0.0067	0.0066	0.0167
		A:
			-0.8712	-0.4898	-0.0323
			0.4424	-0.1345	-0.8867
			0.6541	0.2082	0.7272
			0.189	-0.9078	0.3744
			-0.6459	0.7359	-0.2033
			0.2291	-0.2269	-0.9466
		b:
			-593.5513
			-181.6385
			595.92
			-274.9872
			81.1534
			-331.1503
	==================================================================================
	Q6:
		Shape: Ellipse
		q_c:	382.0	483.5	298.0
		ub :	393.6378	495.2043	309.1799
		lb :	370.3622	471.7957	286.8201
		P^-1:
			0.0252	0.0025	-0.0092
			0.0025	0.0129	-0.0015
			-0.0092	-0.0015	0.0212


===========================================================================================
===========================================================================================
S2:
	q_c:	161.5	497.0	26.5
	ub :	166.3215	503.2364	34.0119
	lb :	157.6672	490.8449	19.756

	==================================================================================
	Q1:
		Shape: Hybrid
		q_c:	163.5	499.5	25.0
		ub :	165.7852	503.2364	29.3238
		lb :	161.2148	495.7636	20.6762
		P^-1:
			0.9087	0.0135	0.2725
			0.0135	0.1464	-0.0268
			0.2725	-0.0268	0.1865
		A:
			0.9032	-0.4133	0.1158
			-0.9847	-0.1721	-0.0269
			-0.3277	0.64	0.695
			0.8522	0.1074	0.512
			0.7376	0.0557	0.673
			0.9693	0.2306	0.0849
		b:
			-54.7113
			-246.7786
			286.3794
			206.5865
			166.4251
			276.5527
	==================================================================================
	Q2:
		Shape: Ellipse
		q_c:	163.5	499.5	26.0
		ub :	166.3215	502.2803	28.7012
		lb :	160.6785	496.7197	23.2988
		P^-1:
			0.3653	-0.055	-0.0781
			-0.055	0.4062	-0.0543
			-0.0781	-0.0543	0.3674
	==================================================================================
	Q3:
		Shape: Polyhedra
		q_c:	163.0	497.5	22.0
		ub :	165.5883	499.9854	24.244
		lb :	160.4117	495.0146	19.756
		A:
			0.2062	-0.4167	-0.8854
			-0.3516	-0.8687	0.3488
			-0.8688	0.2273	0.4398
			-0.414	0.5182	-0.7484
			0.1999	-0.4283	0.8812
			0.158	-0.9641	-0.2134
			0.6091	0.3975	0.6863
			-0.5046	-0.4733	0.722
			0.6119	-0.7861	-0.0877
			-0.6091	-0.3975	-0.6863
			0.5046	0.4733	-0.722
			-0.6119	0.7861	0.0877
		b:
			-191.6511
			-480.3266
			-17.3461
			175.3381
			-159.6022
			-457.0871
			313.6508
			-300.3549
			-291.7656
			-310.6508
			303.3549
			294.7656
	==================================================================================
	Q4:
		Shape: Hybrid
		q_c:	160.0	500.5	30.0
		ub :	161.9605	502.3678	31.372
		lb :	158.0395	498.6322	28.628
		P^-1:
			0.569	0.2615	-0.5991
			0.2615	0.9935	-1.2579
			-0.5991	-1.2579	3.3264
		A:
			-0.3239	-0.4459	0.8344
			-0.2093	0.4072	-0.889
			-0.364	-0.3649	0.857
			0.3182	0.4433	-0.838
			0.0847	-0.2339	0.9686
			-0.3469	-0.2475	0.9046
		b:
			-249.6717
			144.1226
			-214.8267
			247.9377
			-74.0123
			-151.9283
	==================================================================================
	Q5:
		Shape: Ellipse
		q_c:	164.0	497.5	31.5
		ub :	165.0099	500.0078	34.0119
		lb :	162.9901	494.9922	28.9881
		P^-1:
			3.8357	-0.7184	0.2568
			-0.7184	0.5011	0.0463
			0.2568	0.0463	0.3576
	==================================================================================
	Q6:
		Shape: Polyhedra
		q_c:	160.0	493.0	27.5
		ub :	162.3328	495.1551	30.0958
		lb :	157.6672	490.8449	24.9042
		A:
			-0.3765	0.8985	-0.2256
			-0.3985	-0.8933	-0.2081
			0.2798	-0.533	-0.7985
			0.1589	0.1946	-0.9679
			0.2903	0.91	-0.296
			-0.02	0.3615	-0.9321
			0.8965	0.0765	0.4364
			-0.2264	-0.7675	0.5997
			0.3808	-0.6364	-0.6708
			-0.8965	-0.0765	-0.4364
			0.2264	0.7675	-0.5997
			-0.3808	0.6364	0.6708
		b:
			377.9753
			-508.3559
			-237.9655
			96.2047
			488.0693
			150.68
			194.6405
			-397.1387
			-269.2703
			-191.6405
			399.1387
			273.2703


===========================================================================================
===========================================================================================
S3:
	q_c:	493.0	400.0	326.0
	ub :	500.5708	405.9187	336.7246
	lb :	484.0659	391.322	317.3986

	==================================================================================
	Q1:
		Shape: Hybrid
		q_c:	487.0	401.0	328.0
		ub :	489.9341	403.7059	331.7182
		lb :	484.0659	398.2941	324.2818
		P^-1:
			0.2399	-0.0056	0.0357
			-0.0056	0.2468	0.0199
			0.0357	0.0199	0.1244
		A:
			-0.5654	-0.454	0.6886
			0.326	0.8654	0.3806
			0.0199	-0.9913	-0.1301
			0.3744	-0.3061	0.8753
			0.1642	0.4475	-0.8791
			0.6066	0.328	0.7242
		b:
			-229.7195
			631.6471
			-429.4931
			348.3459
			-26.9838
			665.7296
	==================================================================================
	Q2:
		Shape: Ellipse
		q_c:	492.0	402.5	333.5
		ub :	493.8947	404.7719	336.7246
		lb :	490.1053	400.2281	330.2754
		P^-1:
			0.4444	-0.0	-0.0003
			-0.0	0.4386	-0.0437
			-0.0003	-0.0437	0.1169
	==================================================================================
	Q3:
		Shape: Ellipse
		q_c:	493.0	403.0	326.5
		ub :	496.0738	405.9187	329.1631
		lb :	489.9262	400.0813	323.8369
		P^-1:
			0.3146	0.0762	-0.0508
			0.0762	0.3398	-0.0599
			-0.0508	-0.0599	0.29
	==================================================================================
	Q4:
		Shape: Ellipse
		q_c:	489.0	399.5	327.5
		ub :	492.3837	402.2302	330.5748
		lb :	485.6163	396.7698	324.4252
		P^-1:
			0.2142	-0.0932	0.0451
			-0.0932	0.3996	-0.019
			0.0451	-0.019	0.2406
	==================================================================================
	Q5:
		Shape: Ellipse
		q_c:	496.5	395.5	324.5
		ub :	500.5708	399.678	328.247
		lb :	492.4292	391.322	320.753
		P^-1:
			0.16	-0.0	0.0
			-0.0	0.16	-0.0
			0.0	-0.0	0.16
	==================================================================================
	Q6:
		Shape: Hybrid
		q_c:	491.5	401.0	321.5
		ub :	494.6696	405.2225	325.6014
		lb :	488.3304	396.7775	317.3986
		P^-1:
			0.3309	0.0289	-0.1054
			0.0289	0.2024	-0.1292
			-0.1054	-0.1292	0.2428
		A:
			0.1754	-0.8695	0.4617
			0.5165	0.7194	-0.4644
			-0.5995	-0.0457	0.799
			-0.9864	-0.1123	0.1201
			-0.3325	0.9133	-0.2351
			0.8016	-0.5061	0.3182
		b:
			-112.7705
			394.075
			-54.8905
			-490.1815
			128.7629
			294.6035


===========================================================================================
===========================================================================================
S4:
	q_c:	221.5	434.5	336.0
	ub :	238.4688	448.3993	344.0972
	lb :	204.197	420.9314	320.9105

	==================================================================================
	Q1:
		Shape: Polyhedra
		q_c:	219.0	436.0	333.0
		ub :	224.5615	443.1217	340.9208
		lb :	213.4385	428.8783	325.0792
		A:
			0.5767	-0.8022	0.1544
			-0.8267	0.5621	-0.0235
			0.7314	-0.6138	0.297
			-0.9287	0.304	-0.2123
			0.1367	-0.9578	0.2529
			-0.8176	0.2454	0.5209
			0.7219	0.6434	0.2547
			-0.0369	-0.3318	0.9426
			0.691	-0.6899	-0.2158
			-0.7219	-0.6434	-0.2547
			0.0369	0.3318	-0.9426
			-0.691	0.6899	0.2158
		b:
			-168.2781
			59.4734
			-4.4802
			-137.7285
			-298.8112
			105.4644
			527.9515
			167.6459
			-218.3064
			-518.9515
			-154.6459
			224.3064
	==================================================================================
	Q2:
		Shape: Ellipse
		q_c:	209.5	425.5	330.0
		ub :	214.803	430.0686	335.4493
		lb :	204.197	420.9314	324.5507
		P^-1:
			0.0798	0.011	0.0205
			0.011	0.1072	-0.0072
			0.0205	-0.0072	0.0977
	==================================================================================
	Q3:
		Shape: Hybrid
		q_c:	232.0	441.5	336.5
		ub :	238.4688	447.5642	343.502
		lb :	225.5312	435.4358	329.498
		P^-1:
			0.0759	0.043	0.0333
			0.043	0.1006	0.0355
			0.0333	0.0355	0.0729
		A:
			0.2898	0.1052	0.9513
			0.0095	-0.5709	-0.821
			-0.6472	-0.4576	-0.6097
			-0.9031	0.1788	-0.3903
			0.3887	0.2174	-0.8953
			-0.8309	-0.4613	-0.3111
		b:
			436.2909
			-523.7011
			-555.8821
			-259.0097
			-111.5902
			-499.3607
	==================================================================================
	Q4:
		Shape: Ellipse
		q_c:	227.0	433.0	336.5
		ub :	234.6114	439.4569	344.0972
		lb :	219.3886	426.5431	328.9028
		P^-1:
			0.055	-0.0171	0.0056
			-0.0171	0.0541	-0.017
			0.0056	-0.017	0.055
	==================================================================================
	Q5:
		Shape: Ellipse
		q_c:	231.0	436.5	328.0
		ub :	237.2803	442.7806	331.9863
		lb :	224.7197	430.2194	324.0137
		P^-1:
			0.0762	-0.0258	-0.0578
			-0.0258	0.0751	0.0502
			-0.0578	0.0502	0.2106
	==================================================================================
	Q6:
		Shape: Hybrid
		q_c:	228.5	443.0	325.5
		ub :	233.6281	448.3993	330.0895
		lb :	223.3719	437.6007	320.9105
		P^-1:
			0.0975	0.013	0.0069
			0.013	0.0923	0.0056
			0.0069	0.0056	0.0846
		A:
			-0.7115	-0.1275	0.6911
			-0.8946	-0.4234	0.1431
			-0.765	0.0482	-0.6422
			0.8782	-0.2327	-0.4179
			-0.9978	-0.0653	-0.0101
			-0.9382	0.1532	-0.3105
		b:
			7.8274
			-343.738
			-360.758
			-36.488
			-258.5305
			-245.8013


===========================================================================================
===========================================================================================
S5:
	q_c:	84.5	6.0	123.5
	ub :	96.4159	15.127	133.8476
	lb :	79.6061	-0.0322	116.2885

	==================================================================================
	Q1:
		Shape: Polyhedra
		q_c:	91.5	10.5	129.5
		ub :	96.4159	15.127	133.8476
		lb :	86.5841	5.873	125.1524
		A:
			0.0615	-0.9981	0.0092
			0.5255	0.1916	0.8289
			-0.3754	-0.9266	0.0198
			-0.9768	0.1968	-0.0849
			-0.728	0.0716	0.6819
			-0.6883	-0.2732	0.672
			0.6538	0.3189	0.6862
			-0.4935	-0.5077	0.7062
			0.5736	-0.8003	-0.1745
			-0.6538	-0.3189	-0.6862
			0.4935	0.5077	-0.7062
			-0.5736	0.8003	0.1745
		b:
			-0.7689
			160.418
			-38.7301
			-95.3517
			25.134
			23.7311
			155.0321
			43.4608
			24.4754
			-149.0321
			-38.4608
			-18.4754
	==================================================================================
	Q2:
		Shape: Ellipse
		q_c:	90.0	5.0	119.5
		ub :	93.9907	7.5704	122.7115
		lb :	86.0093	2.4296	116.2885
		P^-1:
			0.2757	0.1192	-0.3404
			0.1192	0.3693	-0.2501
			-0.3404	-0.2501	0.6866
	==================================================================================
	Q3:
		Shape: Hybrid
		q_c:	82.0	8.0	122.0
		ub :	84.3939	11.978	126.1458
		lb :	79.6061	4.022	117.8542
		P^-1:
			0.4235	-0.0292	-0.0699
			-0.0292	0.1452	0.0316
			-0.0699	0.0316	0.1468
		A:
			-0.824	0.5342	-0.1887
			0.8796	0.4589	-0.1251
			-0.7366	0.1609	0.6568
			-0.6111	0.0135	0.7915
			0.3478	-0.7118	-0.6103
			-0.8171	0.4242	0.3903
		b:
			-84.9498
			61.7222
			22.112
			47.9552
			-50.1438
			-15.0748
	==================================================================================
	Q4:
		Shape: Ellipse
		q_c:	89.5	6.5	120.5
		ub :	92.5786	9.4556	123.3574
		lb :	86.4214	3.5444	117.6426
		P^-1:
			0.2756	-0.0532	0.0386
			-0.0532	0.3608	-0.0802
			0.0386	-0.0802	0.3081
	==================================================================================
	Q5:
		Shape: Polyhedra
		q_c:	85.5	11.0	124.5
		ub :	88.3327	13.6469	127.2619
		lb :	82.6673	8.3531	121.7381
		A:
			0.1856	0.3006	-0.9355
			0.6485	0.5701	-0.5045
			0.7641	0.5848	0.2725
			0.3331	0.8062	-0.489
			-0.9368	0.2056	-0.2831
			0.6128	-0.7501	0.2488
			0.707	0.4751	0.5239
			-0.0043	-0.7378	0.675
			0.7072	-0.4794	-0.5196
			-0.707	-0.4751	-0.5239
			0.0043	0.7378	-0.675
			-0.7072	0.4794	0.5196
		b:
			-95.9501
			0.4078
			107.6348
			-22.3375
			-111.1643
			76.6845
			132.8977
			76.5461
			-7.4916
			-128.8977
			-74.5461
			11.4916
	==================================================================================
	Q6:
		Shape: Ellipse
		q_c:	88.0	3.5	129.5
		ub :	91.9255	7.0322	133.5264
		lb :	84.0745	-0.0322	125.4736
		P^-1:
			0.1679	-0.0199	0.0158
			-0.0199	0.2106	-0.04
			0.0158	-0.04	0.1916


===========================================================================================
===========================================================================================
S6:
	q_c:	34.5	37.0	240.0
	ub :	54.6877	61.4483	265.4196
	lb :	2.0473	15.803	211.9285

	==================================================================================
	Q1:
		Shape: Polyhedra
		q_c:	13.5	46.0	231.5
		ub :	24.9527	59.0201	245.8317
		lb :	2.0473	32.9799	217.1683
		A:
			-0.9281	-0.0856	-0.3623
			0.5759	0.0682	0.8147
			-0.6456	0.1017	-0.7568
			-0.5549	0.0557	-0.8301
			-0.2518	0.7153	-0.6519
			-0.4843	-0.7136	-0.5062
			0.7447	0.2825	0.6047
			-0.6661	0.2571	0.7002
			0.0424	-0.9242	0.3796
			-0.7447	-0.2825	-0.6047
			0.6661	-0.2571	-0.7002
			-0.0424	0.9242	-0.3796
		b:
			-94.2748
			205.3202
			-173.2148
			-190.8689
			-112.3889
			-150.0231
			168.0365
			175.9211
			55.4417
			-158.0365
			-153.9211
			-36.4417
	==================================================================================
	Q2:
		Shape: Hybrid
		q_c:	46.5	43.0	240.5
		ub :	54.6877	51.2053	245.8293
		lb :	38.3123	34.7947	235.1707
		P^-1:
			0.0696	0.0405	-0.0772
			0.0405	0.0612	-0.0609
			-0.0772	-0.0609	0.1829
		A:
			0.5384	0.6126	-0.5786
			-0.7671	0.1364	0.6268
			-0.2052	-0.9737	-0.0989
			0.2695	0.2715	-0.9239
			0.378	0.0467	0.9246
			0.3551	0.3978	0.8459
		b:
			-86.1731
			124.1338
			-71.174
			-196.7491
			245.5037
			240.7666
	==================================================================================
	Q3:
		Shape: Polyhedra
		q_c:	26.0	57.5	250.0
		ub :	33.6691	61.4483	255.5872
		lb :	18.3309	53.5517	244.4128
		A:
			0.2428	0.7833	-0.5722
			-0.3453	0.4298	-0.8343
			-0.1731	0.8453	-0.5055
			0.3259	-0.92	-0.2177
			0.4322	-0.901	0.0385
			0.0596	-0.8894	0.4532
			0.1833	0.4409	0.8787
			-0.2568	0.8842	-0.3901
			-0.9489	-0.1541	0.2752
			-0.1833	-0.4409	-0.8787
			0.2568	-0.8842	0.3901
			0.9489	0.1541	-0.2752
		b:
			-87.902
			-190.383
			-80.5764
			-96.1105
			-28.4508
			65.7604
			253.2811
			-51.8603
			42.2752
			-246.2811
			54.8603
			-28.2752
	==================================================================================
	Q4:
		Shape: Hybrid
		q_c:	25.5	43.5	252.5
		ub :	33.2963	57.8246	265.4196
		lb :	17.7037	29.1754	239.5804
		P^-1:
			0.0323	-0.0029	-0.0026
			-0.0029	0.0084	0.0018
			-0.0026	0.0018	0.0122
		A:
			-0.7162	-0.1526	0.681
			0.3216	0.0007	0.9469
			0.963	-0.1447	0.2274
			-0.519	0.8507	-0.0829
			-0.0412	0.7822	0.6216
			-0.7661	0.4792	0.4283
		b:
			152.0199
			253.6953
			79.0817
			9.7883
			196.8246
			113.4641
	==================================================================================
	Q5:
		Shape: Polyhedra
		q_c:	35.5	28.5	227.5
		ub :	49.0044	41.197	237.5263
		lb :	21.9956	15.803	217.4737
		A:
			0.1122	0.1978	-0.9738
			0.1384	-0.1839	-0.9732
			0.6671	-0.3915	-0.6338
			-0.0146	0.2068	0.9783
			0.5821	0.7879	0.201
			-0.5098	0.5221	0.6838
			0.7628	0.6092	0.2166
			0.569	-0.7916	0.2226
			0.3071	-0.0466	-0.9505
			-0.7628	-0.6092	-0.2166
			-0.569	0.7916	-0.2226
			-0.3071	0.0466	0.9505
		b:
			-205.0739
			-215.1394
			-124.1132
			234.6167
			96.9493
			159.8863
			101.7221
			57.7847
			-200.1724
			-85.7221
			-38.7847
			213.1724
	==================================================================================
	Q6:
		Shape: Polyhedra
		q_c:	26.0	45.0	223.0
		ub :	37.9766	55.7433	234.0715
		lb :	14.0234	34.2567	211.9285
		A:
			-0.7948	0.056	0.6043
			-0.0729	-0.9534	-0.2928
			0.6522	-0.7379	-0.1736
			-0.8897	0.3605	0.2802
			-0.6043	0.555	-0.5716
			-0.9445	0.2891	0.1562
			0.6155	0.4337	0.6581
			0.6324	-0.77	-0.0841
			0.4703	0.468	-0.7482
			-0.6155	-0.4337	-0.6581
			-0.6324	0.77	0.0841
			-0.4703	-0.468	0.7482
		b:
			121.6603
			-102.2766
			-49.9541
			60.9201
			-111.3563
			29.2652
			192.7693
			-31.9645
			-128.5722
			-171.7693
			41.9645
			138.5722


===========================================================================================
===========================================================================================
S7:
	q_c:	219.5	468.5	379.5
	ub :	221.917	471.0892	381.078
	lb :	217.5599	466.5622	377.4534

	==================================================================================
	Q1:
		Shape: Hybrid
		q_c:	219.0	468.5	379.5
		ub :	220.4401	469.8605	380.5239
		lb :	217.5599	467.1395	378.4761
		P^-1:
			1.5235	0.0098	1.1386
			0.0098	1.0002	0.0213
			1.1386	0.0213	3.4763
		A:
			-0.1265	-0.6918	-0.711
			-0.6707	-0.3757	-0.6395
			0.5788	-0.2054	0.7891
			-0.5112	-0.4291	-0.7447
			0.1454	-0.2386	-0.9602
			0.3026	-0.6625	-0.6853
		b:
			-621.062
			-565.1719
			330.3011
			-595.2131
			-443.8906
			-503.5092
	==================================================================================
	Q2:
		Shape: Polyhedra
		q_c:	220.0	468.0	378.5
		ub :	220.9095	469.2012	379.5466
		lb :	219.0905	466.7988	377.4534
		A:
			-0.9254	0.3751	0.0549
			0.3931	0.7347	0.553
			0.2187	-0.8155	-0.5358
			-0.2863	-0.8895	-0.3563
			-0.9085	0.1106	-0.4029
			0.4256	0.2416	-0.8721
			0.1217	0.5772	0.8075
			-0.9115	0.387	-0.1392
			-0.3929	-0.7191	0.5732
			-0.1217	-0.5772	-0.8075
			0.9115	-0.387	0.1392
			0.3929	0.7191	-0.5732
		b:
			-6.7561
			640.1843
			-535.835
			-613.4017
			-300.099
			-122.4983
			603.0313
			-71.6064
			-205.0169
			-602.0313
			72.6064
			207.0169
	==================================================================================
	Q3:
		Shape: Hybrid
		q_c:	220.5	468.0	379.5
		ub :	221.917	469.4378	380.394
		lb :	219.083	466.5622	378.606
		P^-1:
			1.1757	0.1631	-0.6853
			0.1631	1.1514	-0.6361
			-0.6853	-0.6361	3.6729
		A:
			0.4286	0.0981	-0.8981
			0.9783	0.207	0.0137
			-0.0985	0.641	-0.7612
			-0.4355	-0.4736	-0.7655
			-0.3378	0.0803	-0.9378
			-0.4049	0.8968	-0.1781
		b:
			-200.1347
			318.4722
			-10.1969
			-607.5541
			-392.322
			263.5717
	==================================================================================
	Q4:
		Shape: Ellipse
		q_c:	220.0	470.0	379.5
		ub :	220.8319	471.0892	380.7118
		lb :	219.1681	468.9108	378.2882
		P^-1:
			3.9478	-0.1858	0.3453
			-0.1858	3.3383	1.2299
			0.3453	1.2299	1.7138
	==================================================================================
	Q5:
		Shape: Hybrid
		q_c:	220.5	469.5	379.0
		ub :	221.871	470.6754	380.3073
		lb :	219.129	468.3246	377.6927
		P^-1:
			2.0008	0.7776	-1.1816
			0.7776	1.6041	-0.9181
			-1.1816	-0.9181	2.3951
		A:
			-0.9798	-0.0915	-0.1781
			0.1479	-0.3193	0.936
			-0.1064	-0.6225	0.7754
			0.0574	-0.2028	-0.9775
			0.2474	0.8348	-0.4919
			0.1445	-0.2428	-0.9592
		b:
			-325.8147
			238.0008
			-21.4488
			-452.4316
			260.4531
			-445.1212
	==================================================================================
	Q6:
		Shape: Ellipse
		q_c:	220.5	468.5	379.5
		ub :	221.7409	470.0296	381.078
		lb :	219.2591	466.9704	377.922
		P^-1:
			1.0	0.0	0.0
			0.0	1.0	0.0
			0.0	0.0	1.0


===========================================================================================
===========================================================================================
S8:
	q_c:	20.0	262.0	302.0
	ub :	29.7468	280.4216	307.2085
	lb :	8.9603	248.6364	281.4376

	==================================================================================
	Q1:
		Shape: Polyhedra
		q_c:	23.0	270.0	288.5
		ub :	29.6604	275.597	295.5624
		lb :	16.3396	264.403	281.4376
		A:
			-0.9437	0.3293	0.0322
			-0.6496	-0.6308	-0.4243
			-0.7815	-0.3378	-0.5246
			-0.1952	-0.499	-0.8443
			0.1037	0.9537	-0.2822
			0.6144	-0.4792	0.6268
			0.7845	0.152	0.6012
			-0.54	-0.3092	0.7828
			0.3049	-0.9388	-0.1606
			-0.7845	-0.152	-0.6012
			0.54	0.3092	-0.7828
			-0.3049	0.9388	0.1606
		b:
			80.3834
			-304.3771
			-257.4408
			-379.0311
			182.9372
			69.1101
			235.5116
			135.9336
			-289.2744
			-229.5116
			-123.9336
			296.2744
	==================================================================================
	Q2:
		Shape: Polyhedra
		q_c:	20.5	264.5	295.0
		ub :	26.4132	270.5573	299.5962
		lb :	14.5868	258.4427	290.4038
		A:
			0.6675	-0.0421	0.7434
			-0.9991	-0.0413	0.0127
			0.4863	-0.022	0.8735
			-0.5857	-0.1413	0.7981
			-0.34	0.6997	0.6284
			-0.6423	0.0211	-0.7662
			0.7663	0.6425	0.0086
			0.6358	-0.7602	0.1338
			0.0925	-0.097	-0.991
			-0.7663	-0.6425	-0.0086
			-0.6358	0.7602	-0.1338
			-0.0925	0.097	0.991
		b:
			225.9056
			-23.7592
			265.8784
			189.9316
			367.6813
			-229.5872
			191.6913
			-144.0617
			-312.0996
			-184.6913
			153.0617
			320.0996
	==================================================================================
	Q3:
		Shape: Polyhedra
		q_c:	17.5	261.5	294.5
		ub :	23.8653	267.6997	299.1134
		lb :	11.1347	255.3003	289.8866
		A:
			-0.1739	0.8106	-0.5592
			-0.6728	0.149	0.7247
			-0.2286	0.4706	-0.8522
			0.836	0.2561	0.4853
			0.0021	0.9821	-0.1885
			0.9604	-0.2081	0.1851
			0.7111	0.7013	0.0509
			0.6588	-0.6898	0.3001
			0.2456	-0.1799	-0.9525
			-0.7111	-0.7013	-0.0509
			-0.6588	0.6898	-0.3001
			-0.2456	0.1799	0.9525
		b:
			47.9169
			244.2201
			-128.42
			228.6933
			205.3253
			20.7405
			215.3099
			-76.9695
			-319.7686
			-206.3099
			83.9695
			326.7686
	==================================================================================
	Q4:
		Shape: Ellipse
		q_c:	24.5	252.5	292.5
		ub :	29.7468	256.3636	298.1044
		lb :	19.2532	248.6364	286.8956
		P^-1:
			0.2672	-0.058	0.1938
			-0.058	0.0984	-0.0495
			0.1938	-0.0495	0.1935
	==================================================================================
	Q5:
		Shape: Ellipse
		q_c:	15.5	273.5	300.0
		ub :	22.0397	280.4216	307.2085
		lb :	8.9603	266.5784	292.7915
		P^-1:
			0.0503	0.0137	0.0115
			0.0137	0.064	0.0105
			0.0115	0.0105	0.0567
	==================================================================================
	Q6:
		Shape: Ellipse
		q_c:	18.0	260.5	289.5
		ub :	22.0908	263.1515	294.7413
		lb :	13.9092	257.8485	284.2587
		P^-1:
			0.1114	0.0996	-0.0085
			0.0996	0.4132	-0.0214
			-0.0085	-0.0214	0.0414


===========================================================================================
===========================================================================================
