3D_45_8_6_f                l = 3

===========================================================================================
===========================================================================================
S1:
	q_c:	407.5	261.5	223.5
	ub :	421.6682	271.091	238.8204
	lb :	394.1461	248.9041	213.2133

	==================================================================================
	Q1:
		Shape: Hybrid
		q_c:	398.0	265.5	228.0
		ub :	401.8539	271.091	232.9629
		lb :	394.1461	259.909	223.0371
		P^-1:
			0.082	-0.0042	-0.004
			-0.0042	0.071	0.0524
			-0.004	0.0524	0.1286
		A:
			-0.6359	-0.0843	-0.7672
			-0.2052	-0.5637	0.8
			0.5466	-0.0033	-0.8374
			0.4552	0.062	0.8882
			0.5865	-0.7086	-0.3923
			0.04	-0.4554	-0.8894
		b:
			-448.3556
			-45.5552
			27.8427
			402.1696
			-42.0986
			-306.494
	==================================================================================
	Q2:
		Shape: Ellipse
		q_c:	416.5	262.5	226.0
		ub :	421.6682	268.4288	231.5507
		lb :	411.3318	256.5712	220.4493
		P^-1:
			0.0778	-0.0041	0.0071
			-0.0041	0.086	0.022
			0.0071	0.022	0.0914
	==================================================================================
	Q3:
		Shape: Hybrid
		q_c:	409.0	258.0	222.0
		ub :	411.2252	261.1029	226.0878
		lb :	406.7748	254.8971	217.9122
		P^-1:
			0.4322	-0.0028	-0.0651
			-0.0028	0.1577	0.0143
			-0.0651	0.0143	0.0962
		A:
			-0.4358	0.8995	-0.0318
			0.7841	-0.455	-0.4221
			-0.9167	0.3988	-0.0255
			0.4756	0.8112	0.3402
			-0.5426	0.8358	-0.0842
			-0.9126	-0.2857	0.2925
		b:
			48.4444
			110.7308
			-276.5954
			481.0465
			-23.3391
			-381.0772
	==================================================================================
	Q4:
		Shape: Polyhedra
		q_c:	415.0	259.0	226.5
		ub :	419.2788	264.8887	232.3175
		lb :	410.7212	253.1113	220.6825
		A:
			-0.3084	-0.3992	0.8634
			0.3298	0.2126	-0.9198
			-0.4212	-0.2334	0.8764
			-0.4676	0.0082	0.8839
			-0.0465	-0.9004	-0.4327
			-0.6968	-0.4888	0.5249
			0.152	0.5134	0.8446
			-0.1854	0.8541	-0.4859
			-0.9708	-0.0827	0.225
			-0.152	-0.5134	-0.8446
			0.1854	-0.8541	0.4859
			0.9708	0.0827	-0.225
		b:
			-31.9063
			-12.6976
			-33.0973
			11.7037
			-346.6414
			-293.3697
			390.8647
			38.7405
			-370.3422
			-383.8647
			-29.7405
			376.3422
	==================================================================================
	Q5:
		Shape: Hybrid
		q_c:	407.5	257.0	220.0
		ub :	413.7823	262.5614	226.7867
		lb :	401.2177	251.4386	213.2133
		P^-1:
			0.0531	-0.0005	0.0066
			-0.0005	0.0768	-0.0088
			0.0066	-0.0088	0.0636
		A:
			-0.3721	-0.5367	-0.7573
			-0.5613	0.7666	0.3119
			-0.6497	-0.7259	0.2259
			0.6934	0.718	-0.0607
			-0.0098	0.9095	-0.4156
			-0.1212	-0.7925	-0.5977
		b:
			-453.9117
			39.3007
			-399.3944
			455.9857
			140.0846
			-382.3313
	==================================================================================
	Q6:
		Shape: Polyhedra
		q_c:	401.5	255.5	233.5
		ub :	408.7019	262.0959	238.8204
		lb :	394.2981	248.9041	228.1796
		A:
			0.1475	0.7448	0.6507
			-0.2014	0.9682	0.1487
			-0.3378	-0.4512	0.826
			-0.1519	-0.987	0.0521
			0.4356	0.461	0.7731
			0.4344	0.7042	-0.5616
			0.1552	0.5253	0.8367
			0.3349	0.7688	-0.5448
			-0.9294	0.3647	-0.0566
			-0.1552	-0.5253	-0.8367
			-0.3349	-0.7688	0.5448
			0.9294	-0.3647	0.0566
		b:
			405.4499
			205.6222
			-54.7904
			-297.5353
			477.3901
			226.2516
			395.89
			206.6655
			-287.1677
			-387.89
			-200.6655
			299.1677


===========================================================================================
===========================================================================================
S2:
	q_c:	304.5	81.0	393.0
	ub :	319.3327	105.2855	416.2817
	lb :	280.9305	58.8514	378.3896

	==================================================================================
	Q1:
		Shape: Ellipse
		q_c:	290.5	84.5	398.5
		ub :	300.0695	94.04	404.1773
		lb :	280.9305	74.96	392.8227
		P^-1:
			0.0372	-0.0127	0.0219
			-0.0127	0.0362	0.0202
			0.0219	0.0202	0.1009
	==================================================================================
	Q2:
		Shape: Hybrid
		q_c:	298.0	89.0	401.0
		ub :	303.8785	96.1134	408.6186
		lb :	292.1215	81.8866	393.3814
		P^-1:
			0.1262	-0.0023	0.042
			-0.0023	0.0903	0.0506
			0.042	0.0506	0.075
		A:
			0.4048	-0.2795	-0.8706
			0.4029	-0.7771	-0.4836
			-0.258	-0.6748	-0.6915
			0.3616	0.5704	0.7375
			-0.3953	0.7116	0.5809
			0.8344	-0.5269	-0.1617
		b:
			-249.6205
			-141.3014
			-412.7907
			455.7258
			180.3662
			138.6928
	==================================================================================
	Q3:
		Shape: Ellipse
		q_c:	304.0	72.5	407.0
		ub :	308.7025	79.6471	415.6467
		lb :	299.2975	65.3529	398.3533
		P^-1:
			0.1059	-0.0112	-0.0182
			-0.0112	0.066	-0.026
			-0.0182	-0.026	0.0386
	==================================================================================
	Q4:
		Shape: Hybrid
		q_c:	308.5	94.0	406.5
		ub :	319.3327	105.2855	416.2817
		lb :	297.6673	82.7145	396.7183
		P^-1:
			0.0553	0.0152	0.0445
			0.0152	0.0264	0.0224
			0.0445	0.0224	0.0609
		A:
			0.9988	-0.0489	-0.0099
			0.4373	0.8739	-0.2122
			0.8636	0.3439	0.3686
			0.8789	0.3722	-0.2983
			0.252	0.5404	0.8028
			-0.4445	-0.4528	-0.773
		b:
			304.6483
			137.6623
			451.6669
			191.7633
			457.6564
			-491.9359
	==================================================================================
	Q5:
		Shape: Ellipse
		q_c:	299.5	90.0	387.0
		ub :	306.0087	97.5782	395.6104
		lb :	292.9913	82.4218	378.3896
		P^-1:
			0.0843	-0.0845	-0.0473
			-0.0845	0.1515	0.0741
			-0.0473	0.0741	0.0624
	==================================================================================
	Q6:
		Shape: Hybrid
		q_c:	307.5	65.5	404.0
		ub :	316.1567	72.1486	412.4805
		lb :	298.8433	58.8514	395.5195
		P^-1:
			0.0368	0.0172	0.0141
			0.0172	0.0836	0.0333
			0.0141	0.0333	0.0516
		A:
			-0.6206	-0.6612	0.4216
			0.9195	-0.3406	-0.1964
			-0.6928	0.6507	0.3109
			-0.8444	-0.5348	-0.0313
			0.2164	-0.9328	0.2882
			-0.6909	0.6506	0.3154
		b:
			-59.9137
			185.3235
			-41.0914
			-304.0636
			125.3252
			-38.7016


===========================================================================================
===========================================================================================
S3:
	q_c:	27.0	256.5	283.5
	ub :	35.0362	262.6706	293.9218
	lb :	18.7576	246.1364	272.7112

	==================================================================================
	Q1:
		Shape: Polyhedra
		q_c:	29.5	252.0	279.5
		ub :	35.0362	257.0589	285.2165
		lb :	23.9638	246.9411	273.7835
		A:
			0.6321	0.7639	0.1302
			-0.2425	0.8889	-0.3887
			0.5216	0.8529	-0.0225
			-0.8892	0.2537	-0.3806
			0.5845	-0.6819	0.4398
			0.0969	-0.2156	0.9717
			0.6617	0.227	0.7146
			-0.7076	0.5042	0.4951
			-0.2479	-0.8332	0.4942
			-0.6617	-0.227	-0.7146
			0.7076	-0.5042	-0.4951
			0.2479	0.8332	-0.4942
		b:
			250.7788
			111.3112
			227.185
			-65.1972
			-28.3694
			223.4159
			279.9541
			248.0475
			-76.1461
			-272.9541
			-241.0475
			82.1461
	==================================================================================
	Q2:
		Shape: Hybrid
		q_c:	22.0	258.5	278.5
		ub :	25.089	261.6699	282.2022
		lb :	18.911	255.3301	274.7978
		P^-1:
			0.564	-0.3919	-0.0346
			-0.3919	0.6131	0.137
			-0.0346	0.137	0.1841
		A:
			-0.6108	0.6546	0.4454
			-0.4248	-0.7963	-0.4306
			-0.4882	-0.2654	-0.8314
			0.6831	0.7296	-0.0323
			0.2466	-0.7761	-0.5804
			-0.0945	-0.5018	-0.8598
		b:
			280.5699
			-333.6525
			-309.2646
			196.621
			-355.8931
			-369.7184
	==================================================================================
	Q3:
		Shape: Polyhedra
		q_c:	30.0	251.0	278.0
		ub :	34.0567	255.3644	282.5789
		lb :	25.9433	246.6356	273.4211
		A:
			-0.6833	0.55	-0.4802
			0.1189	-0.9893	-0.0848
			-0.7554	-0.2661	0.5988
			-0.7202	-0.5889	0.3668
			-0.0945	-0.4199	-0.9026
			0.5666	-0.2513	0.7848
			0.7207	0.4598	0.5188
			0.0679	-0.7916	0.6072
			0.6899	-0.4024	-0.6018
			-0.7207	-0.4598	-0.5188
			-0.0679	0.7916	-0.6072
			-0.6899	0.4024	0.6018
		b:
			-13.3277
			-265.7176
			79.5804
			-64.7535
			-356.3831
			174.8343
			284.261
			-25.348
			-245.0919
			-278.261
			30.348
			250.0919
	==================================================================================
	Q4:
		Shape: Ellipse
		q_c:	24.5	250.5	279.5
		ub :	30.2424	254.8636	285.4983
		lb :	18.7576	246.1364	273.5017
		P^-1:
			0.07	0.0239	0.01
			0.0239	0.1392	0.032
			0.01	0.032	0.0758
	==================================================================================
	Q5:
		Shape: Hybrid
		q_c:	27.5	252.5	278.0
		ub :	33.0398	256.6431	283.2888
		lb :	21.9602	248.3569	272.7112
		P^-1:
			0.076	-0.0007	0.0087
			-0.0007	0.0815	0.0011
			0.0087	0.0011	0.0682
		A:
			-0.6712	0.6299	0.3908
			-0.7981	0.1026	-0.5937
			0.0895	-0.9852	-0.1459
			0.0501	-0.5866	-0.8083
			-0.7734	-0.5467	0.3208
			0.6414	-0.6009	-0.4771
		b:
			251.2138
			-159.331
			-285.1166
			-369.4738
			-68.1141
			-264.7072
	==================================================================================
	Q6:
		Shape: Hybrid
		q_c:	28.5	259.0	289.5
		ub :	31.8774	262.6706	293.9218
		lb :	25.1226	255.3294	285.0782
		P^-1:
			0.2334	0.0071	-0.0457
			0.0071	0.1558	-0.025
			-0.0457	-0.025	0.1024
		A:
			-0.8497	0.5247	0.0511
			-0.7873	0.5188	0.3332
			0.9018	0.1042	-0.4193
			0.9298	0.24	0.2789
			0.8312	0.114	0.5442
			-0.612	-0.7785	0.1393
		b:
			127.7164
			209.7153
			-67.6771
			170.9868
			212.7287
			-177.4148


===========================================================================================
===========================================================================================
S4:
	q_c:	164.0	477.0	505.5
	ub :	175.6333	495.5124	522.6748
	lb :	147.6348	457.7893	496.4227

	==================================================================================
	Q1:
		Shape: Polyhedra
		q_c:	164.0	472.5	505.5
		ub :	171.5037	478.0205	512.7125
		lb :	156.4963	466.9795	498.2875
		A:
			-0.3792	-0.9211	-0.0882
			0.506	-0.819	0.2706
			-0.3435	0.9378	0.0514
			0.8042	0.4012	-0.4386
			0.2696	-0.7291	-0.629
			-0.4645	-0.8718	0.1556
			0.6912	0.1496	0.707
			-0.4841	-0.6306	0.6067
			0.5366	-0.7616	-0.3634
			-0.6912	-0.1496	-0.707
			0.4841	0.6306	-0.6067
			-0.5366	0.7616	0.3634
		b:
			-538.094
			-162.9968
			416.5669
			102.9042
			-613.9613
			-406.1317
			547.4532
			-68.1735
			-451.5395
			-535.4532
			73.1735
			459.5395
	==================================================================================
	Q2:
		Shape: Ellipse
		q_c:	157.5	473.0	510.5
		ub :	161.8556	477.8068	514.6141
		lb :	153.1444	468.1932	506.3859
		P^-1:
			0.118	0.0119	0.0122
			0.0119	0.1317	0.021
			0.0122	0.021	0.1325
	==================================================================================
	Q3:
		Shape: Polyhedra
		q_c:	156.0	487.0	514.5
		ub :	164.3652	495.5124	522.6748
		lb :	147.6348	478.4876	506.3252
		A:
			-0.073	-0.4796	0.8744
			0.2308	0.5365	0.8117
			0.7473	-0.1915	-0.6363
			-0.611	-0.6021	0.514
			-0.7204	-0.5739	0.3893
			0.7559	-0.6457	-0.1078
			0.834	0.4548	0.3125
			-0.4409	0.2087	0.8729
			0.3318	-0.8658	0.3746
			-0.834	-0.4548	-0.3125
			0.4409	-0.2087	-0.8729
			-0.3318	0.8658	-0.3746
		b:
			210.4682
			719.9184
			-299.0476
			-118.8086
			-186.4407
			-246.3867
			517.3646
			486.9924
			-171.1471
			-507.3646
			-476.9924
			183.1471
	==================================================================================
	Q4:
		Shape: Hybrid
		q_c:	169.0	487.0	501.0
		ub :	175.6333	494.3968	505.5773
		lb :	162.3667	479.6032	496.4227
		P^-1:
			0.0633	-0.0237	-0.0106
			-0.0237	0.0512	-0.0167
			-0.0106	-0.0167	0.106
		A:
			-0.1628	0.3253	0.9315
			-0.2182	-0.5632	-0.797
			-0.3383	-0.0796	0.9377
			-0.02	-0.0085	0.9998
			0.431	-0.2771	0.8587
			-0.1178	0.4874	0.8652
		b:
			599.755
			-706.9771
			375.4097
			495.0728
			370.0049
			653.5316
	==================================================================================
	Q5:
		Shape: Polyhedra
		q_c:	162.5	469.0	510.5
		ub :	169.2284	478.7993	520.2599
		lb :	155.7716	459.2007	500.7401
		A:
			-0.9737	-0.2277	0.0055
			0.9352	-0.3387	0.1029
			0.9065	0.4218	-0.016
			-0.6402	0.1572	0.752
			-0.6742	0.6213	-0.3994
			0.9165	0.2374	-0.3221
			0.3129	0.5789	0.753
			-0.9088	0.4128	0.0603
			-0.2759	-0.7032	0.6553
			-0.3129	-0.5789	-0.753
			0.9088	-0.4128	-0.0603
			0.2759	0.7032	-0.6553
		b:
			-257.4281
			48.9091
			342.4528
			358.7849
			-17.9175
			100.4641
			714.2432
			79.6867
			-34.1342
			-699.2432
			-73.6867
			46.1342
	==================================================================================
	Q6:
		Shape: Hybrid
		q_c:	154.5	464.5	516.0
		ub :	161.2025	471.2107	521.0932
		lb :	147.7975	457.7893	510.9068
		P^-1:
			0.0813	0.0225	0.0447
			0.0225	0.0653	0.0316
			0.0447	0.0316	0.1122
		A:
			-0.3253	0.1627	-0.9315
			0.1006	0.8115	-0.5756
			0.9962	-0.0007	-0.0874
			-0.2231	0.1819	-0.9577
			-0.0765	-0.8313	-0.5505
			0.026	-0.8217	-0.5694
		b:
			-453.2653
			98.7284
			111.3428
			-441.9392
			-679.8176
			-669.1152


===========================================================================================
===========================================================================================
S5:
	q_c:	476.5	328.0	177.5
	ub :	486.2105	351.0602	194.8366
	lb :	455.4193	309.9709	162.749

	==================================================================================
	Q1:
		Shape: Polyhedra
		q_c:	476.5	328.5	185.5
		ub :	483.2511	337.7833	194.8366
		lb :	469.7489	319.2167	176.1634
		A:
			0.6091	0.442	-0.6585
			0.3612	-0.3823	0.8505
			-0.4131	0.8643	0.2867
			0.8315	0.1732	-0.5278
			-0.8125	0.3843	-0.4383
			0.3841	-0.2141	-0.8981
			0.375	0.5592	0.7393
			-0.9253	0.2742	0.262
			-0.0562	-0.7824	0.6203
			-0.375	-0.5592	-0.7393
			0.9253	-0.2742	-0.262
			0.0562	0.7824	-0.6203
		b:
			318.7808
			210.2291
			145.5966
			360.1331
			-337.0191
			-48.4711
			505.551
			-297.7577
			-162.7121
			-493.551
			306.7577
			174.7121
	==================================================================================
	Q2:
		Shape: Ellipse
		q_c:	469.5	318.0	174.0
		ub :	474.3996	325.8064	182.3023
		lb :	464.6004	310.1936	165.6977
		P^-1:
			0.2193	0.0733	0.0196
			0.0733	0.0646	-0.0002
			0.0196	-0.0002	0.0298
	==================================================================================
	Q3:
		Shape: Hybrid
		q_c:	479.0	334.5	176.0
		ub :	486.2105	342.3175	185.9769
		lb :	471.7895	326.6825	166.0231
		P^-1:
			0.0336	0.0075	0.0013
			0.0075	0.0606	0.0304
			0.0013	0.0304	0.0344
		A:
			0.3833	0.6011	0.7012
			-0.1474	0.7529	0.6414
			0.6227	-0.0344	-0.7817
			0.7188	0.67	0.1856
			0.7598	-0.4052	-0.5084
			0.422	0.5621	0.7113
		b:
			510.6225
			296.1405
			153.7003
			603.836
			142.2701
			518.0891
	==================================================================================
	Q4:
		Shape: Ellipse
		q_c:	462.5	343.0	181.5
		ub :	469.5807	351.0602	188.8892
		lb :	455.4193	334.9398	174.1108
		P^-1:
			0.04	0.0001	0.0001
			0.0001	0.0478	0.0107
			0.0001	0.0107	0.0547
	==================================================================================
	Q5:
		Shape: Ellipse
		q_c:	465.5	336.0	168.5
		ub :	471.3113	340.2326	174.251
		lb :	459.6887	331.7674	162.749
		P^-1:
			0.0746	-0.0006	-0.0355
			-0.0006	0.0625	-0.0008
			-0.0355	-0.0008	0.0766
	==================================================================================
	Q6:
		Shape: Polyhedra
		q_c:	470.5	319.0	172.0
		ub :	479.4753	328.0291	177.7791
		lb :	461.5247	309.9709	166.2209
		A:
			0.6749	-0.1409	-0.7243
			0.9976	-0.0049	-0.0697
			0.2215	-0.1828	0.9579
			-0.083	-0.643	-0.7614
			0.2495	0.5786	-0.7765
			0.0538	0.0425	-0.9976
			0.6345	0.7067	0.313
			0.731	-0.6802	0.0539
			0.251	0.1946	-0.9482
			-0.6345	-0.7067	-0.313
			-0.731	0.6802	-0.0539
			-0.251	-0.1946	0.9482
		b:
			152.0603
			461.518
			214.7846
			-369.2709
			172.5044
			-128.9236
			584.816
			141.2079
			20.5691
			-570.816
			-131.2079
			-13.5691


===========================================================================================
===========================================================================================
S6:
	q_c:	413.5	341.0	205.5
	ub :	423.4646	348.9525	209.8183
	lb :	405.9925	332.6774	195.5922

	==================================================================================
	Q1:
		Shape: Ellipse
		q_c:	413.0	347.0	207.5
		ub :	415.036	348.9525	209.8183
		lb :	410.964	345.0475	205.1817
		P^-1:
			0.25	0.0026	0.0006
			0.0026	0.4336	0.0445
			0.0006	0.0445	0.2608
	==================================================================================
	Q2:
		Shape: Polyhedra
		q_c:	409.0	341.5	206.0
		ub :	412.0075	344.7456	208.7132
		lb :	405.9925	338.2544	203.2868
		A:
			0.949	0.1805	0.2585
			-0.0106	-0.0023	-0.9999
			0.1972	-0.1093	0.9742
			-0.0298	0.1847	-0.9823
			0.0401	-0.9628	-0.2672
			-0.2993	-0.3457	-0.8893
			0.9695	0.1715	0.1753
			0.0989	-0.9276	0.3603
			0.2243	-0.332	-0.9162
			-0.9695	-0.1715	-0.1753
			-0.0989	0.9276	-0.3603
			-0.2243	0.332	0.9162
		b:
			505.5125
			-209.3992
			245.9547
			-149.5933
			-365.2436
			-421.8687
			493.6757
			-199.5857
			-208.8499
			-488.6757
			204.5857
			211.8499
	==================================================================================
	Q3:
		Shape: Polyhedra
		q_c:	418.0	345.5	204.0
		ub :	421.7956	348.239	207.834
		lb :	414.2044	342.761	200.166
		A:
			-0.8218	0.4778	-0.3103
			0.3842	-0.299	0.8735
			-0.5152	0.706	-0.486
			-0.8927	-0.412	-0.1826
			0.3841	-0.5185	0.7639
			-0.0234	0.9617	-0.273
			0.5303	0.5899	0.609
			0.7436	0.0214	-0.6683
			-0.4072	0.8072	-0.4273
			-0.5303	-0.5899	-0.609
			-0.7436	-0.0214	0.6683
			0.4072	-0.8072	0.4273
		b:
			-239.926
			237.4634
			-69.0147
			-550.2646
			138.9919
			268.5214
			552.1921
			184.3968
			23.0031
			-547.1921
			-179.3968
			-20.0031
	==================================================================================
	Q4:
		Shape: Polyhedra
		q_c:	414.5	336.5	202.5
		ub :	417.9965	340.3226	204.6677
		lb :	411.0035	332.6774	200.3323
		A:
			0.5616	0.312	-0.7664
			0.1813	-0.9349	0.3052
			0.2461	0.9105	0.3323
			0.6357	-0.2645	-0.7252
			-0.7694	-0.6035	0.2093
			-0.2143	-0.827	-0.5198
			0.7844	0.5993	0.1601
			-0.0484	-0.1981	0.979
			0.6184	-0.7757	-0.1264
			-0.7844	-0.5993	-0.1601
			0.0484	0.1981	-0.979
			-0.6184	0.7757	0.1264
		b:
			184.2669
			-175.015
			478.087
			29.9826
			-477.6624
			-470.034
			561.1932
			113.0103
			-27.2851
			-557.1932
			-110.0103
			33.2851
	==================================================================================
	Q5:
		Shape: Hybrid
		q_c:	418.5	342.0	205.0
		ub :	423.4646	345.9462	209.4928
		lb :	413.5354	338.0538	200.5072
		P^-1:
			0.1267	0.0663	0.0158
			0.0663	0.1914	0.0447
			0.0158	0.0447	0.1246
		A:
			-0.9198	-0.3876	0.0604
			0.5601	0.4624	0.6874
			0.9663	0.1945	0.1686
			-0.7747	-0.4583	-0.4356
			0.3488	-0.7853	-0.5115
			0.113	-0.4479	-0.8869
		b:
			-503.493
			534.7999
			507.3357
			-568.8739
			-225.6597
			-286.0529
	==================================================================================
	Q6:
		Shape: Hybrid
		q_c:	415.5	343.0	201.0
		ub :	420.3085	348.1853	206.4078
		lb :	410.6915	337.8147	195.5922
		P^-1:
			0.0943	0.0098	0.0108
			0.0098	0.1054	-0.0063
			0.0108	-0.0063	0.1042
		A:
			-0.027	0.8725	0.4879
			0.7105	0.2833	-0.6442
			-0.7022	-0.7057	0.0946
			0.9613	-0.2092	0.179
			-0.4263	0.2354	-0.8734
			-0.7689	-0.0213	0.6391
		b:
			387.8119
			264.6619
			-513.2598
			365.4348
			-270.4421
			-196.4343


===========================================================================================
===========================================================================================
S7:
	q_c:	102.5	188.5	494.5
	ub :	127.9431	212.1128	512.2911
	lb :	74.8138	158.5576	469.3142

	==================================================================================
	Q1:
		Shape: Ellipse
		q_c:	90.0	179.5	497.5
		ub :	105.1862	192.5439	512.2911
		lb :	74.8138	166.4561	482.7089
		P^-1:
			0.0143	-0.0041	-0.0023
			-0.0041	0.0171	0.0006
			-0.0023	0.0006	0.0104
	==================================================================================
	Q2:
		Shape: Polyhedra
		q_c:	92.0	187.5	495.0
		ub :	104.6276	199.1126	508.1343
		lb :	79.3724	175.8874	481.8657
		A:
			0.0766	0.9762	0.2027
			0.7346	0.652	0.1877
			0.6568	0.6466	0.388
			-0.2571	-0.9651	-0.0507
			0.177	0.8573	0.4835
			-0.4184	-0.3225	0.8491
			0.4972	0.6906	0.5252
			0.7498	-0.0375	-0.6606
			-0.4365	0.7223	-0.5365
			-0.4972	-0.6906	-0.5252
			-0.7498	0.0375	0.6606
			0.4365	-0.7223	0.5365
		b:
			298.0312
			289.3183
			380.2281
			-222.1351
			423.1502
			329.0409
			441.7137
			-258.0245
			-160.7829
			-428.7137
			272.0245
			179.7829
	==================================================================================
	Q3:
		Shape: Polyhedra
		q_c:	103.5	179.5	498.0
		ub :	113.7919	193.3332	509.4618
		lb :	93.2081	165.6668	486.5382
		A:
			-0.5587	0.715	0.4204
			0.1615	0.0507	-0.9856
			0.5596	-0.3779	0.7376
			0.2179	-0.6307	-0.7448
			0.7367	0.6756	-0.0299
			0.0621	0.827	-0.5588
			0.9338	0.1635	0.3182
			-0.3524	0.2675	0.8968
			0.0615	-0.9496	0.3075
			-0.9338	-0.1635	-0.3182
			0.3524	-0.2675	-0.8968
			-0.0615	0.9496	-0.3075
		b:
			288.2758
			-458.0764
			366.7246
			-454.4641
			192.044
			-112.3126
			292.4432
			464.1573
			0.5237
			-276.4432
			-452.1573
			22.4763
	==================================================================================
	Q4:
		Shape: Hybrid
		q_c:	112.5	171.5	481.5
		ub :	123.0148	184.4424	493.6858
		lb :	101.9852	158.5576	469.3142
		P^-1:
			0.0253	0.0084	-0.0122
			0.0084	0.0344	-0.0245
			-0.0122	-0.0245	0.0301
		A:
			-0.1312	0.6501	-0.7484
			0.0867	0.6855	-0.7229
			0.884	-0.2318	0.4059
			0.1017	-0.851	0.5153
			-0.6772	-0.7062	0.2069
			0.9621	-0.2654	-0.0622
		b:
			-260.3618
			-218.3137
			260.9838
			116.6127
			-93.1649
			37.6784
	==================================================================================
	Q5:
		Shape: Ellipse
		q_c:	120.5	197.5	480.0
		ub :	127.9431	204.3073	486.0088
		lb :	113.0569	190.6927	473.9912
		P^-1:
			0.0673	0.0323	0.0295
			0.0323	0.0873	-0.0217
			0.0295	-0.0217	0.0913
	==================================================================================
	Q6:
		Shape: Polyhedra
		q_c:	114.0	204.0	488.5
		ub :	121.2371	212.1128	495.8546
		lb :	106.7629	195.8872	481.1454
		A:
			0.2493	-0.7635	-0.5957
			0.5968	0.7678	0.2333
			-0.9286	0.0243	0.3702
			-0.0853	-0.6029	-0.7932
			0.6388	0.6804	-0.3591
			0.0116	-0.3915	-0.9201
			0.5589	0.6237	0.5465
			0.2127	0.5292	-0.8214
			-0.8015	0.5754	0.1631
			-0.5589	-0.6237	-0.5465
			-0.2127	-0.5292	0.8214
			0.8015	-0.5754	-0.1631
		b:
			-413.6026
			344.0067
			84.2231
			-515.0264
			41.0571
			-523.0085
			463.4028
			-264.572
			109.6861
			-452.4028
			273.572
			-101.6861


===========================================================================================
===========================================================================================
S8:
	q_c:	366.5	435.5	155.0
	ub :	371.2695	441.5829	160.7963
	lb :	361.7909	429.3054	147.7209

	==================================================================================
	Q1:
		Shape: Polyhedra
		q_c:	366.5	433.5	156.0
		ub :	371.1625	437.6946	160.4463
		lb :	361.8375	429.3054	151.5537
		A:
			0.4728	0.8812	0.0041
			-0.287	-0.8753	0.3892
			-0.4088	-0.8938	0.1844
			0.5076	0.5201	0.6869
			-0.7309	0.6824	0.0122
			0.7768	0.6292	-0.0261
			0.7017	0.2661	0.661
			-0.3375	-0.6928	0.6372
			0.6275	-0.6702	-0.3963
			-0.7017	-0.2661	-0.661
			0.3375	0.6928	-0.6372
			-0.6275	0.6702	0.3963
		b:
			558.3573
			-421.7794
			-506.2512
			521.6611
			32.7998
			555.9314
			478.6245
			-322.6295
			-119.3828
			-472.6245
			326.6295
			125.3828
	==================================================================================
	Q2:
		Shape: Polyhedra
		q_c:	368.5	438.0	150.0
		ub :	371.2695	440.7957	152.2791
		lb :	365.7305	435.2043	147.7209
		A:
			-0.1975	0.4017	0.8942
			-0.2464	-0.5427	-0.803
			0.1109	0.3988	0.9103
			0.7082	0.1093	0.6975
			-0.8334	-0.0198	0.5523
			-0.2404	0.3898	0.889
			0.3304	0.9252	0.1866
			-0.1674	0.252	-0.9531
			-0.9289	0.2836	0.2381
			-0.3304	-0.9252	-0.1866
			0.1674	-0.252	0.9531
			0.9289	-0.2836	-0.2381
		b:
			239.031
			-447.1402
			353.782
			415.2145
			-230.9883
			217.2643
			556.9749
			-92.7724
			-180.3509
			-552.9749
			95.7724
			184.3509
	==================================================================================
	Q3:
		Shape: Polyhedra
		q_c:	367.0	439.5	157.5
		ub :	369.6846	441.5829	160.4317
		lb :	364.3154	437.4171	154.5683
		A:
			-0.2753	0.2975	0.9142
			-0.7554	-0.1909	0.6268
			-0.7174	-0.6877	0.1115
			0.0163	-0.7993	-0.6007
			-0.8642	-0.3636	0.3478
			-0.4563	0.7914	0.4068
			0.6717	0.133	0.7288
			-0.7151	0.3734	0.591
			-0.1935	-0.9181	0.3459
			-0.6717	-0.133	-0.7288
			0.7151	-0.3734	-0.591
			0.1935	0.9181	-0.3459
		b:
			175.2319
			-261.2467
			-546.2079
			-438.2324
			-420.7034
			245.583
			422.2407
			-4.2744
			-418.5541
			-417.2407
			6.2744
			421.5541
	==================================================================================
	Q4:
		Shape: Polyhedra
		q_c:	365.5	433.5	158.0
		ub :	368.3657	436.3427	160.4902
		lb :	362.6343	430.6573	155.5098
		A:
			0.0556	0.7668	0.6395
			0.9432	0.3085	-0.123
			-0.7137	-0.5229	0.466
			-0.0508	0.1884	0.9808
			-0.4058	-0.2569	0.8771
			-0.3691	-0.4516	-0.8123
			0.5792	0.7088	0.4026
			0.5669	-0.7052	0.4258
			0.5857	-0.0184	-0.8103
			-0.5792	-0.7088	-0.4026
			-0.5669	0.7052	-0.4258
			-0.5857	0.0184	0.8103
		b:
			454.979
			460.2871
			-412.819
			219.2833
			-119.7541
			-457.8355
			583.5826
			-28.226
			79.0959
			-581.5826
			34.226
			-77.0959
	==================================================================================
	Q5:
		Shape: Polyhedra
		q_c:	363.5	438.0	158.5
		ub :	365.2091	440.3431	160.7963
		lb :	361.7909	435.6569	156.2037
		A:
			-0.6202	0.5988	0.5067
			-0.4612	-0.8208	-0.337
			-0.8332	-0.2741	0.4803
			-0.9651	-0.2071	0.1604
			0.4784	0.7425	0.4689
			-0.6962	-0.7036	0.142
			0.8839	0.3962	0.2484
			0.0916	-0.6676	0.7389
			0.4585	-0.6304	-0.6264
			-0.8839	-0.3962	-0.2484
			-0.0916	0.6676	-0.7389
			-0.4585	0.6304	0.6264
		b:
			118.6752
			-579.388
			-345.5444
			-414.9687
			574.5924
			-537.6012
			535.2019
			-140.5081
			-207.2115
			-533.2019
			143.5081
			210.2115
	==================================================================================
	Q6:
		Shape: Polyhedra
		q_c:	367.0	435.0	153.0
		ub :	370.694	438.5635	156.2424
		lb :	363.306	431.4365	149.7576
		A:
			-0.0985	0.9826	-0.1572
			0.0149	-0.7604	0.6493
			-0.5076	-0.5035	0.6991
			0.358	0.463	-0.8109
			0.3916	0.8812	0.2649
			0.9753	-0.0605	0.2123
			0.4002	0.2319	0.8866
			-0.43	0.9018	-0.0418
			-0.8093	-0.3645	0.4606
			-0.4002	-0.2319	-0.8866
			0.43	-0.9018	0.0418
			0.8093	0.3645	-0.4606
		b:
			369.6936
			-223.6463
			-296.2937
			210.874
			569.945
			366.4184
			385.9003
			230.5851
			-383.1031
			-380.9003
			-225.5851
			387.1031


===========================================================================================
===========================================================================================
