3D_40_9_6_e                l = 3

===========================================================================================
===========================================================================================
S1:
	q_c:	250.0	254.5	297.0
	ub :	259.0396	262.8846	309.562
	lb :	235.1282	247.0146	286.4923

	==================================================================================
	Q1:
		Shape: Hybrid
		q_c:	252.0	256.0	298.5
		ub :	255.4606	260.0653	303.5915
		lb :	248.5394	251.9347	293.4085
		P^-1:
			0.346	-0.1529	0.0155
			-0.1529	0.2063	0.006
			0.0155	0.006	0.0527
		A:
			-0.6166	0.5277	-0.5842
			0.9899	-0.1295	0.0582
			0.4038	-0.7313	-0.5496
			-0.8574	-0.4033	-0.3198
			0.9031	-0.3952	-0.1682
			0.4263	0.1061	0.8984
		b:
			-192.5701
			234.8073
			-247.45
			-412.7872
			77.2467
			405.9163
	==================================================================================
	Q2:
		Shape: Ellipse
		q_c:	254.0	257.5	299.5
		ub :	259.0396	262.8846	303.5523
		lb :	248.9604	252.1154	295.4477
		P^-1:
			0.1054	-0.0153	-0.0199
			-0.0153	0.0792	-0.0224
			-0.0199	-0.0224	0.1491
	==================================================================================
	Q3:
		Shape: Ellipse
		q_c:	241.5	253.0	292.0
		ub :	247.8718	258.9854	297.2685
		lb :	235.1282	247.0146	286.7315
		P^-1:
			0.0769	0.0383	0.024
			0.0383	0.1036	0.0378
			0.024	0.0378	0.0914
	==================================================================================
	Q4:
		Shape: Polyhedra
		q_c:	250.0	256.0	290.5
		ub :	253.9738	257.9382	294.5077
		lb :	246.0262	254.0618	286.4923
		A:
			0.1475	-0.9726	-0.1796
			-0.1629	-0.6728	0.7217
			-0.4738	-0.8776	-0.0728
			0.1094	0.0499	-0.9927
			0.1763	-0.9367	0.3024
			-0.2045	-0.7573	0.6202
			0.6347	0.1246	0.7627
			-0.7658	-0.0307	0.6423
			0.1035	-0.9917	0.0759
			-0.6347	-0.1246	-0.7627
			0.7658	0.0307	-0.6423
			-0.1035	0.9917	-0.0759
		b:
			-262.6727
			-1.177
			-362.2201
			-245.5251
			-106.2571
			-62.8192
			415.1213
			-10.2158
			-204.4626
			-409.1213
			15.2158
			207.4626
	==================================================================================
	Q5:
		Shape: Ellipse
		q_c:	248.0	258.0	305.0
		ub :	252.6415	262.432	309.562
		lb :	243.3585	253.568	300.438
		P^-1:
			0.1174	-0.0423	0.0594
			-0.0423	0.2855	-0.1754
			0.0594	-0.1754	0.2151
	==================================================================================
	Q6:
		Shape: Polyhedra
		q_c:	251.0	257.5	299.5
		ub :	255.7963	262.2052	301.9811
		lb :	246.2037	252.7948	297.0189
		A:
			-0.9734	0.0647	-0.22
			-0.0098	0.9904	-0.1376
			-0.8338	0.2774	0.4773
			-0.4336	0.2555	-0.8641
			0.8719	-0.249	0.4217
			0.1859	-0.6866	-0.7028
			0.1065	0.0921	0.99
			-0.6392	0.769	-0.0028
			-0.7616	-0.6325	0.1408
			-0.1065	-0.0921	-0.99
			0.6392	-0.769	0.0028
			0.7616	0.6325	-0.1408
		b:
			-290.3935
			214.5629
			8.0898
			-299.5725
			283.9179
			-338.1215
			348.965
			39.7643
			-308.3833
			-344.965
			-33.7643
			315.3833


===========================================================================================
===========================================================================================
S2:
	q_c:	415.5	513.5	227.0
	ub :	424.6425	525.124	250.5328
	lb :	392.5883	493.1604	211.4374

	==================================================================================
	Q1:
		Shape: Polyhedra
		q_c:	413.0	517.5	243.0
		ub :	420.512	525.124	250.0068
		lb :	405.488	509.876	235.9932
		A:
			-0.3234	-0.8234	0.4664
			0.9712	-0.1567	-0.1794
			0.0512	-0.143	0.9884
			-0.1944	0.754	-0.6274
			-0.3626	0.5369	0.7618
			-0.0989	-0.9001	0.4243
			0.7071	0.5555	0.4375
			0.3591	-0.8151	0.4546
			0.6091	-0.1644	-0.7758
			-0.7071	-0.5555	-0.4375
			-0.3591	0.8151	-0.4546
			-0.6091	0.1644	0.7758
		b:
			-441.4872
			280.5898
			191.5102
			162.368
			316.7699
			-398.5999
			691.3292
			-158.0249
			-19.0344
			-680.3292
			168.0249
			25.0344
	==================================================================================
	Q2:
		Shape: Ellipse
		q_c:	399.5	513.5	222.5
		ub :	406.4117	520.7589	230.6811
		lb :	392.5883	506.2411	214.3189
		P^-1:
			0.058	0.009	0.0084
			0.009	0.0305	0.0024
			0.0084	0.0024	0.0196
	==================================================================================
	Q3:
		Shape: Polyhedra
		q_c:	412.0	510.5	235.0
		ub :	424.5943	522.6984	242.677
		lb :	399.4057	498.3016	227.323
		A:
			0.302	0.1842	-0.9354
			0.5705	-0.3099	-0.7606
			0.2821	0.6425	0.7125
			-0.0015	0.148	-0.989
			0.7649	0.2778	-0.5812
			0.2753	0.4538	-0.8475
			0.6399	0.7197	0.2693
			0.7257	-0.6813	0.0962
			0.2527	0.1339	-0.9582
			-0.6399	-0.7197	-0.2693
			-0.7257	0.6813	-0.0962
			-0.2527	-0.1339	0.9582
		b:
			3.6321
			-95.4298
			618.5807
			-152.1836
			326.6284
			151.3897
			701.843
			-17.1981
			-47.7328
			-686.843
			35.1981
			57.7328
	==================================================================================
	Q4:
		Shape: Ellipse
		q_c:	415.5	499.0	222.0
		ub :	420.0115	503.9344	227.0653
		lb :	410.9885	494.0656	216.9347
		P^-1:
			0.0637	-0.0046	-0.0061
			-0.0046	0.0938	0.014
			-0.0061	0.014	0.0977
	==================================================================================
	Q5:
		Shape: Hybrid
		q_c:	402.0	501.0	242.0
		ub :	409.3826	508.8396	250.5328
		lb :	394.6174	493.1604	233.4672
		P^-1:
			0.0392	0.0	0.0048
			0.0	0.0451	0.0089
			0.0048	0.0089	0.0288
		A:
			-0.7253	-0.6472	-0.2347
			-0.7638	0.4344	0.4773
			0.8883	0.4139	-0.1989
			0.4599	0.8728	0.1634
			-0.2554	-0.3137	-0.9145
			-0.6197	-0.5583	-0.5516
		b:
			-670.0841
			29.1178
			519.5406
			664.1836
			-477.9859
			-659.9098
	==================================================================================
	Q6:
		Shape: Polyhedra
		q_c:	415.5	505.5	219.0
		ub :	424.6425	513.3339	226.5626
		lb :	406.3575	497.6661	211.4374
		A:
			0.9289	0.3618	-0.0785
			0.0559	0.6437	-0.7633
			-0.6698	0.6801	-0.298
			-0.4457	0.3408	-0.8278
			-0.4349	0.8986	-0.0589
			0.4752	0.6172	0.6271
			0.4242	0.9054	0.0176
			0.7603	-0.3456	-0.55
			-0.4919	0.2467	-0.835
			-0.4242	-0.9054	-0.0176
			-0.7603	0.3456	0.55
			0.4919	-0.2467	0.835
		b:
			557.0855
			186.5171
			5.5914
			-189.1921
			266.0172
			651.8073
			642.7882
			26.7683
			-257.5384
			-632.7882
			-14.7683
			267.5384


===========================================================================================
===========================================================================================
S3:
	q_c:	81.0	438.5	357.0
	ub :	91.6944	444.4152	371.3637
	lb :	69.1203	422.0061	344.5913

	==================================================================================
	Q1:
		Shape: Hybrid
		q_c:	75.5	436.0	364.5
		ub :	81.3769	441.7944	370.0328
		lb :	69.6231	430.2056	358.9672
		P^-1:
			0.0625	-0.0073	-0.0158
			-0.0073	0.107	-0.0446
			-0.0158	-0.0446	0.1215
		A:
			0.7172	-0.6967	-0.0177
			-0.9972	-0.0152	-0.0735
			0.7998	-0.2056	-0.564
			0.5003	-0.453	0.7379
			0.3222	0.6396	-0.6979
			-0.0913	0.8672	0.4896
		b:
			-253.8671
			-105.7464
			-232.6074
			111.1865
			50.2331
			552.1727
	==================================================================================
	Q2:
		Shape: Polyhedra
		q_c:	75.0	436.5	362.0
		ub :	79.3858	441.2616	365.2656
		lb :	70.6142	431.7384	358.7344
		A:
			-0.1293	-0.1886	-0.9735
			-0.1835	0.8264	0.5324
			0.9084	0.396	0.1343
			0.8812	0.4157	0.2253
			-0.9565	-0.0399	0.2891
			-0.4666	-0.5067	-0.7249
			0.6662	0.4976	0.5555
			0.4043	0.3849	-0.8297
			-0.6267	0.7773	0.0553
			-0.6662	-0.4976	-0.5555
			-0.4043	-0.3849	0.8297
			0.6267	-0.7773	-0.0553
		b:
			-442.1947
			542.9346
			291.4062
			330.6995
			18.5465
			-517.2986
			469.2617
			-99.0123
			316.291
			-467.2617
			105.0123
			-308.291
	==================================================================================
	Q3:
		Shape: Hybrid
		q_c:	86.0	438.0	356.5
		ub :	91.0766	444.4152	361.0653
		lb :	80.9234	431.5848	351.9347
		P^-1:
			0.0775	-0.0097	-0.0097
			-0.0097	0.0639	-0.0432
			-0.0097	-0.0432	0.1402
		A:
			0.5936	-0.3175	0.7395
			-0.7006	0.312	-0.6417
			0.4654	-0.4413	0.7672
			-0.4976	0.6642	-0.558
			0.5002	0.3718	-0.782
			-0.6451	-0.3479	0.6803
		b:
			177.4111
			-150.443
			121.8326
			51.0021
			-71.3914
			36.4432
	==================================================================================
	Q4:
		Shape: Ellipse
		q_c:	80.5	435.5	350.5
		ub :	86.7092	441.5909	356.4087
		lb :	74.2908	429.4091	344.5913
		P^-1:
			0.0756	-0.004	0.0079
			-0.004	0.0789	0.0053
			0.0079	0.0053	0.0712
	==================================================================================
	Q5:
		Shape: Hybrid
		q_c:	87.5	432.5	351.5
		ub :	91.6944	437.3263	355.5338
		lb :	83.3056	427.6737	347.4662
		P^-1:
			1.7064	1.212	1.5244
			1.212	0.9539	1.0855
			1.5244	1.0855	1.5001
		A:
			-0.5523	-0.2866	-0.7828
			0.6953	0.5196	0.4966
			-0.5965	-0.6461	-0.4762
			-0.7698	-0.6382	0.0133
			0.6052	0.3354	0.7219
			-0.6129	-0.5888	-0.527
		b:
			-446.7382
			460.4933
			-498.3936
			-336.9483
			452.2766
			-493.0677
	==================================================================================
	Q6:
		Shape: Ellipse
		q_c:	76.0	429.0	365.5
		ub :	82.8797	435.9939	371.3637
		lb :	69.1203	422.0061	359.6363
		P^-1:
			0.0854	0.0137	-0.0533
			0.0137	0.0535	-0.0247
			-0.0533	-0.0247	0.1105


===========================================================================================
===========================================================================================
S4:
	q_c:	67.0	274.5	206.0
	ub :	80.8035	291.4501	212.9548
	lb :	56.5217	259.7707	191.8698

	==================================================================================
	Q1:
		Shape: Polyhedra
		q_c:	66.5	267.0	205.0
		ub :	74.3179	274.2293	212.9548
		lb :	58.6821	259.7707	197.0452
		A:
			-0.8481	-0.5295	0.02
			-0.1985	-0.8423	-0.5011
			-0.9397	0.1061	0.325
			-0.432	-0.8207	-0.3739
			0.4547	0.0812	0.887
			0.3351	0.8569	-0.3918
			0.3415	0.7826	0.5205
			-0.7044	-0.1536	0.693
			0.6223	-0.6033	0.4988
			-0.3415	-0.7826	-0.5205
			0.7044	0.1536	-0.693
			-0.6223	0.6033	-0.4988
		b:
			-189.1667
			-336.3146
			37.0943
			-320.0077
			238.4683
			175.386
			342.8651
			58.7261
			-12.4602
			-333.8651
			-49.7261
			22.4602
	==================================================================================
	Q2:
		Shape: Polyhedra
		q_c:	74.5	274.0	201.5
		ub :	78.4906	278.2173	205.7976
		lb :	70.5094	269.7827	197.2024
		A:
			0.1075	0.8602	0.4986
			0.7457	0.6048	-0.2797
			0.88	0.1194	-0.4596
			-0.4728	-0.8542	-0.2165
			-0.539	-0.6215	0.5685
			-0.6481	0.3966	-0.6502
			0.5084	0.7481	0.4265
			0.7158	-0.0917	-0.6923
			-0.4787	0.6572	-0.5821
			-0.5084	-0.7481	-0.4265
			-0.7158	0.0917	0.6923
			0.4787	-0.6572	0.5821
		b:
			345.9285
			166.6299
			7.1996
			-311.155
			-93.3487
			-66.3283
			330.2933
			-109.7996
			31.6269
			-327.2933
			112.7996
			-22.6269
	==================================================================================
	Q3:
		Shape: Ellipse
		q_c:	74.5	283.0	204.0
		ub :	80.8035	290.4096	211.1579
		lb :	68.1965	275.5904	196.8421
		P^-1:
			0.0682	-0.0158	-0.0038
			-0.0158	0.0588	0.008
			-0.0038	0.008	0.044
	==================================================================================
	Q4:
		Shape: Polyhedra
		q_c:	68.5	285.5	206.5
		ub :	74.2115	291.4501	212.0942
		lb :	62.7885	279.5499	200.9058
		A:
			0.2225	0.7715	-0.596
			-0.3179	0.0223	-0.9478
			-0.7632	-0.5421	-0.3517
			-0.5062	0.6562	-0.5596
			0.7209	-0.5378	0.437
			-0.2378	-0.711	0.6618
			0.8838	0.3745	0.2806
			0.0337	-0.6489	0.7601
			0.4667	-0.6623	-0.5861
			-0.8838	-0.3745	-0.2806
			-0.0337	0.6489	-0.7601
			-0.4667	0.6623	0.5861
		b:
			115.6179
			-207.5759
			-275.2005
			40.3997
			-10.2912
			-79.4398
			229.8954
			-22.9928
			-274.6475
			-220.8954
			28.9928
			281.6475
	==================================================================================
	Q5:
		Shape: Ellipse
		q_c:	74.5	271.0	198.5
		ub :	78.8864	276.6964	204.7089
		lb :	70.1136	265.3036	192.2911
		P^-1:
			0.0805	0.0034	-0.0048
			0.0034	0.0712	0.0147
			-0.0048	0.0147	0.0609
	==================================================================================
	Q6:
		Shape: Polyhedra
		q_c:	64.0	280.5	199.0
		ub :	71.4783	287.238	206.1302
		lb :	56.5217	273.762	191.8698
		A:
			0.8824	0.2169	0.4176
			0.2142	-0.9108	0.3529
			0.0451	-0.8698	-0.4914
			-0.6735	0.597	-0.4358
			-0.8594	0.1835	-0.4772
			-0.9898	-0.0068	0.1425
			0.5373	0.7976	0.2742
			0.7352	-0.2836	-0.6157
			-0.4133	0.5324	-0.7388
			-0.5373	-0.7976	-0.2742
			-0.7352	0.2836	0.6157
			0.4133	-0.5324	0.7388
		b:
			204.5237
			-167.5033
			-334.504
			41.8072
			-94.3452
			-32.1974
			316.6724
			-150.021
			-20.1194
			-308.6724
			160.021
			28.1194


===========================================================================================
===========================================================================================
S5:
	q_c:	317.0	38.0	275.5
	ub :	335.549	63.6444	293.8181
	lb :	307.2956	18.6621	251.7171

	==================================================================================
	Q1:
		Shape: Ellipse
		q_c:	315.0	27.5	268.0
		ub :	322.7044	32.0691	275.1575
		lb :	307.2956	22.9309	260.8425
		P^-1:
			0.0782	0.0001	-0.0715
			0.0001	0.0494	-0.0005
			-0.0715	-0.0005	0.0975
	==================================================================================
	Q2:
		Shape: Ellipse
		q_c:	322.5	30.5	263.0
		ub :	331.8051	42.1493	274.2829
		lb :	313.1949	18.8507	251.7171
		P^-1:
			0.0592	-0.005	-0.0306
			-0.005	0.0166	0.0059
			-0.0306	0.0059	0.0375
	==================================================================================
	Q3:
		Shape: Hybrid
		q_c:	329.0	36.5	287.5
		ub :	335.549	43.9559	293.8181
		lb :	322.451	29.0441	281.1819
		P^-1:
			0.1296	0.0709	-0.0805
			0.0709	0.0858	-0.0567
			-0.0805	-0.0567	0.1076
		A:
			-0.4334	0.1101	0.8945
			-0.4254	-0.7765	-0.4649
			0.6838	-0.1844	-0.706
			-0.6921	-0.5648	-0.4495
			0.4713	0.8496	-0.2368
			0.7436	0.0597	-0.666
		b:
			121.2859
			-298.2576
			17.9836
			-374.0253
			120.158
			57.2629
	==================================================================================
	Q4:
		Shape: Hybrid
		q_c:	323.0	51.5	273.0
		ub :	334.9926	63.6444	283.3975
		lb :	311.0074	39.3556	262.6025
		P^-1:
			0.0189	0.0018	-0.0039
			0.0018	0.0094	-0.0009
			-0.0039	-0.0009	0.0201
		A:
			-0.3119	0.3886	0.867
			-0.6098	-0.2901	-0.7376
			0.7913	0.4557	-0.4076
			-0.5035	0.5128	0.6954
			0.1676	-0.1848	0.9684
			0.627	0.7651	-0.1464
		b:
			160.4441
			-408.4124
			171.7083
			58.6195
			313.2804
			207.3225
	==================================================================================
	Q5:
		Shape: Polyhedra
		q_c:	324.0	26.0	284.5
		ub :	332.8201	33.3379	292.946
		lb :	315.1799	18.6621	276.054
		A:
			-0.0631	0.9125	0.4043
			0.5206	-0.7002	0.4886
			-0.0156	0.9999	-0.0033
			-0.5507	0.5173	-0.6551
			-0.1178	0.8422	-0.5262
			-0.7096	-0.5842	-0.394
			0.5758	0.8167	0.0383
			0.6202	-0.4058	-0.6713
			-0.5327	0.4103	-0.7402
			-0.5758	-0.8167	-0.0383
			-0.6202	0.4058	0.6713
			0.5327	-0.4103	0.7402
		b:
			124.1645
			293.8723
			24.4239
			-347.2878
			-162.2602
			-353.9473
			221.7036
			7.4331
			-368.5059
			-215.7036
			8.5669
			376.5059
	==================================================================================
	Q6:
		Shape: Ellipse
		q_c:	324.5	31.5	271.5
		ub :	332.0182	40.7245	280.8251
		lb :	316.9818	22.2755	262.1749
		P^-1:
			0.066	-0.0205	-0.0197
			-0.0205	0.0487	-0.0166
			-0.0197	-0.0166	0.0433


===========================================================================================
===========================================================================================
S6:
	q_c:	24.0	304.0	153.5
	ub :	45.1192	330.9595	187.4141
	lb :	-3.4355	277.6997	127.4176

	==================================================================================
	Q1:
		Shape: Hybrid
		q_c:	35.5	318.0	164.0
		ub :	44.02	330.9595	175.3485
		lb :	26.98	305.0405	152.6515
		P^-1:
			0.1192	0.0634	0.0228
			0.0634	0.0464	0.0076
			0.0228	0.0076	0.0223
		A:
			-0.0091	0.8921	-0.4517
			0.7152	-0.0607	0.6963
			-0.3465	-0.8903	-0.2956
			-0.6664	-0.7442	-0.0462
			0.5191	0.8523	-0.0647
			0.6112	-0.0147	0.7913
		b:
			216.0567
			124.4666
			-337.7499
			-265.1341
			282.9199
			151.0999
	==================================================================================
	Q2:
		Shape: Ellipse
		q_c:	21.5	290.0	152.0
		ub :	33.9236	302.3003	162.6706
		lb :	9.0764	277.6997	141.3294
		P^-1:
			0.0113	-0.0005	-0.0
			-0.0005	0.0121	0.0
			-0.0	0.0	0.0091
	==================================================================================
	Q3:
		Shape: Ellipse
		q_c:	31.0	317.0	146.0
		ub :	38.5766	323.7108	153.7522
		lb :	23.4234	310.2892	138.2478
		P^-1:
			0.1108	-0.0391	-0.1082
			-0.0391	0.0604	0.0323
			-0.1082	0.0323	0.1438
	==================================================================================
	Q4:
		Shape: Polyhedra
		q_c:	37.5	315.0	159.0
		ub :	45.0336	321.5351	165.9612
		lb :	29.9664	308.4649	152.0388
		A:
			0.9692	-0.2328	0.0803
			-0.903	0.0905	-0.4201
			0.7642	-0.4931	0.4157
			0.5189	-0.6861	-0.51
			-0.6316	-0.5098	-0.5841
			-0.0393	-0.0312	0.9987
			0.5893	0.4236	0.688
			-0.6224	-0.305	0.7208
			0.5152	-0.853	0.084
			-0.5893	-0.4236	-0.688
			0.6224	0.305	-0.7208
			-0.5152	0.853	-0.084
		b:
			-19.9712
			-67.2846
			-56.4354
			-273.8414
			-271.6866
			152.1959
			270.4264
			-0.7861
			-232.5155
			-259.4264
			8.7861
			239.5155
	==================================================================================
	Q5:
		Shape: Polyhedra
		q_c:	10.5	295.5	174.5
		ub :	24.4355	309.0637	187.4141
		lb :	-3.4355	281.9363	161.5859
		A:
			0.8154	-0.0807	-0.5732
			-0.013	0.6416	0.7669
			-0.9551	0.155	0.2524
			-0.4428	0.3655	-0.8188
			-0.7074	-0.178	-0.684
			-0.9355	-0.1222	0.3315
			0.6064	0.5204	0.6011
			0.4437	-0.8489	0.2872
			0.6598	0.0926	-0.7457
			-0.6064	-0.5204	-0.6011
			-0.4437	0.8489	-0.2872
			-0.6598	-0.0926	0.7457
		b:
			-108.9425
			331.9755
			87.2354
			-30.3738
			-169.8886
			18.8743
			274.5542
			-186.5595
			-89.8525
			-255.5542
			205.5595
			101.8525
	==================================================================================
	Q6:
		Shape: Ellipse
		q_c:	30.0	301.0	145.0
		ub :	45.1192	317.3334	162.5824
		lb :	14.8808	284.6666	127.4176
		P^-1:
			0.0221	-0.0124	-0.0033
			-0.0124	0.0172	0.0027
			-0.0033	0.0027	0.0077


===========================================================================================
===========================================================================================
S7:
	q_c:	373.5	140.5	268.5
	ub :	389.7977	154.1916	283.2329
	lb :	362.2307	127.7237	256.9685

	==================================================================================
	Q1:
		Shape: Ellipse
		q_c:	379.5	143.5	276.5
		ub :	384.0776	147.2166	281.19
		lb :	374.9224	139.7834	271.81
		P^-1:
			0.1413	-0.0501	-0.0279
			-0.0501	0.1941	0.0462
			-0.0279	0.0462	0.1368
	==================================================================================
	Q2:
		Shape: Ellipse
		q_c:	374.5	144.5	265.0
		ub :	379.723	152.5717	273.0315
		lb :	369.277	136.4283	256.9685
		P^-1:
			0.0907	0.0208	0.0203
			0.0208	0.0474	0.0209
			0.0203	0.0209	0.0502
	==================================================================================
	Q3:
		Shape: Ellipse
		q_c:	381.0	139.5	265.5
		ub :	384.9273	145.0147	268.9186
		lb :	377.0727	133.9853	262.0814
		P^-1:
			0.6449	0.1395	-0.4273
			0.1395	0.0722	-0.0987
			-0.4273	-0.0987	0.4046
	==================================================================================
	Q4:
		Shape: Polyhedra
		q_c:	371.5	139.0	272.5
		ub :	376.011	142.446	277.473
		lb :	366.989	135.554	267.527
		A:
			-0.1137	-0.3853	-0.9158
			0.3919	-0.8527	-0.3454
			-0.0682	0.9959	-0.0598
			0.7698	-0.6282	0.1131
			-0.8487	-0.4789	-0.2244
			-0.0178	0.9925	0.1206
			0.0402	0.9406	0.3371
			0.552	0.2603	-0.7922
			-0.8329	0.2179	-0.5087
			-0.0402	-0.9406	-0.3371
			-0.552	-0.2603	0.7922
			0.8329	-0.2179	0.5087
		b:
			-342.5494
			-64.7718
			99.0561
			232.279
			-440.1807
			166.303
			239.5393
			28.853
			-414.758
			-235.5393
			-21.853
			420.758
	==================================================================================
	Q5:
		Shape: Hybrid
		q_c:	383.0	135.0	268.5
		ub :	389.7977	142.2763	275.6256
		lb :	376.2023	127.7237	261.3744
		P^-1:
			0.0577	0.0036	-0.0052
			0.0036	0.051	-0.0022
			-0.0052	-0.0022	0.0526
		A:
			-0.4704	0.7402	0.4805
			-0.836	0.2402	-0.4933
			-0.7114	0.3004	0.6354
			-0.6281	0.5575	-0.5428
			0.6569	-0.1245	0.7436
			-0.6249	0.1733	0.7612
		b:
			51.2212
			-417.7839
			-59.0852
			-308.5721
			436.9484
			-9.3879
	==================================================================================
	Q6:
		Shape: Ellipse
		q_c:	368.5	147.5	277.5
		ub :	374.7693	154.1916	283.2329
		lb :	362.2307	140.8084	271.7671
		P^-1:
			0.0625	0.0	-0.0
			0.0	0.0625	0.0
			-0.0	0.0	0.0625


===========================================================================================
===========================================================================================
S8:
	q_c:	71.0	178.0	293.5
	ub :	87.2241	197.1681	302.8483
	lb :	59.9652	165.4363	278.2376

	==================================================================================
	Q1:
		Shape: Hybrid
		q_c:	65.0	174.5	300.0
		ub :	70.0348	179.2475	302.8483
		lb :	59.9652	169.7525	297.1517
		P^-1:
			0.1723	0.1435	-0.0807
			0.1435	0.2219	-0.0594
			-0.0807	-0.0594	0.3497
		A:
			0.5397	0.3382	0.7709
			0.3068	0.134	0.9423
			0.4663	0.1282	-0.8753
			-0.3698	-0.8264	0.4247
			0.0733	-0.7246	0.6852
			0.5529	0.0991	-0.8273
		b:
			326.9089
			327.3915
			-208.8578
			-39.655
			85.9694
			-193.72
	==================================================================================
	Q2:
		Shape: Polyhedra
		q_c:	79.5	187.5	287.5
		ub :	87.2241	197.1681	296.7624
		lb :	71.7759	177.8319	278.2376
		A:
			-0.6195	0.1579	0.769
			-0.911	-0.0806	-0.4043
			-0.647	0.4788	0.5934
			-0.9138	0.3521	-0.2023
			0.7547	0.033	-0.6552
			0.6666	0.0467	0.7439
			0.3197	0.2226	0.921
			0.2681	0.911	-0.3133
			-0.9088	0.3471	0.2316
			-0.3197	-0.2226	-0.921
			-0.2681	-0.911	0.3133
			0.9088	-0.3471	-0.2316
		b:
			206.5949
			-198.3498
			213.5828
			-60.2056
			-116.9792
			281.7797
			338.4448
			109.5605
			63.4056
			-325.4448
			-94.5605
			-55.4056
	==================================================================================
	Q3:
		Shape: Polyhedra
		q_c:	76.5	175.0	290.5
		ub :	82.7895	180.9891	296.8811
		lb :	70.2105	169.0109	284.1189
		A:
			-0.217	0.1266	0.9679
			0.4855	0.8722	0.0595
			0.0888	0.8529	-0.5145
			0.6154	0.6516	-0.4435
			0.1829	0.9829	-0.0194
			-0.5407	0.5242	-0.658
			0.3105	0.548	0.7767
			-0.0485	-0.8069	0.5887
			0.9493	-0.2205	-0.224
			-0.3105	-0.548	-0.7767
			0.0485	0.8069	-0.5887
			-0.9493	0.2205	0.224
		b:
			291.0454
			210.9663
			9.5918
			36.015
			183.9384
			-136.9588
			349.7879
			29.1081
			-26.0188
			-340.7879
			-23.1081
			36.0188
	==================================================================================
	Q4:
		Shape: Polyhedra
		q_c:	76.5	173.0	289.0
		ub :	80.1198	180.5637	296.5265
		lb :	72.8802	165.4363	281.4735
		A:
			-0.354	0.9339	0.0505
			-0.9573	-0.2865	-0.0393
			0.8683	0.4909	-0.0715
			-0.7526	0.0609	0.6557
			0.7682	-0.5791	-0.2731
			-0.713	-0.6729	-0.1973
			0.3189	0.6863	0.6537
			-0.0902	0.7085	-0.6999
			-0.9435	0.1642	0.2878
			-0.3189	-0.6863	-0.6537
			0.0902	-0.7085	0.6999
			0.9435	-0.1642	-0.2878
		b:
			153.6544
			-130.9515
			134.3774
			145.0071
			-117.649
			-223.1999
			337.5396
			-81.5952
			40.911
			-326.5396
			91.5952
			-37.911
	==================================================================================
	Q5:
		Shape: Polyhedra
		q_c:	66.5	183.5	285.0
		ub :	71.5286	189.3107	289.9899
		lb :	61.4714	177.6893	280.0101
		A:
			0.8896	-0.3862	-0.2437
			0.6357	-0.4911	-0.5956
			0.1901	-0.875	0.4452
			-0.4535	0.0876	0.8869
			0.5652	-0.7533	0.3364
			-0.6401	0.7246	0.2555
			0.6183	0.6572	0.4311
			0.7616	-0.3653	-0.5353
			-0.1943	0.6593	-0.7264
			-0.6183	-0.6572	-0.4311
			-0.7616	0.3653	0.5353
			0.1943	-0.6593	0.7264
		b:
			-79.2747
			-215.8004
			-18.2397
			240.6883
			-2.4979
			165.2129
			290.07
			-167.4542
			-96.4641
			-279.07
			170.4542
			101.4641
	==================================================================================
	Q6:
		Shape: Ellipse
		q_c:	67.0	171.0	292.5
		ub :	71.785	175.3961	297.0425
		lb :	62.215	166.6039	287.9575
		P^-1:
			0.1468	0.0195	0.0912
			0.0195	0.067	0.0211
			0.0912	0.0211	0.1612


===========================================================================================
===========================================================================================
S9:
	q_c:	20.5	194.0	267.5
	ub :	28.2311	204.0835	276.467
	lb :	13.3404	184.1279	259.4376

	==================================================================================
	Q1:
		Shape: Hybrid
		q_c:	21.5	193.0	270.0
		ub :	24.7909	197.1733	274.0044
		lb :	18.2091	188.8267	265.9956
		P^-1:
			0.1747	0.0162	0.0295
			0.0162	0.152	0.0581
			0.0295	0.0581	0.1944
		A:
			0.8197	0.0458	-0.571
			-0.4263	0.5556	-0.7138
			-0.3911	0.4434	0.8065
			-0.1736	0.2321	0.9571
			-0.6738	-0.0888	0.7335
			0.2164	-0.972	-0.0911
		b:
			-126.1064
			-92.8727
			296.2177
			300.7852
			168.0759
			-205.8873
	==================================================================================
	Q2:
		Shape: Ellipse
		q_c:	19.5	188.0	268.5
		ub :	23.3702	191.8721	272.3061
		lb :	15.6298	184.1279	264.6939
		P^-1:
			0.1753	0.0459	0.0519
			0.0459	0.2219	-0.0318
			0.0519	-0.0318	0.214
	==================================================================================
	Q3:
		Shape: Polyhedra
		q_c:	17.0	196.0	271.5
		ub :	20.6596	199.9387	274.3106
		lb :	13.3404	192.0613	268.6894
		A:
			0.3936	-0.1416	0.9083
			0.6385	-0.3767	0.6712
			0.9875	0.0067	-0.1573
			0.6856	-0.2078	0.6977
			0.014	0.0105	-0.9998
			-0.0513	-0.1807	-0.9822
			0.4904	0.8381	0.2389
			0.7478	-0.264	-0.6091
			-0.4475	0.4774	-0.7562
			-0.4904	-0.8381	-0.2389
			-0.7478	0.264	0.6091
			0.4475	-0.4774	0.7562
		b:
			227.003
			120.4197
			-22.283
			161.8707
			-267.5225
			-300.9479
			240.9657
			-202.4067
			-118.3532
			-233.9657
			206.4067
			120.3532
	==================================================================================
	Q4:
		Shape: Polyhedra
		q_c:	24.5	200.5	273.5
		ub :	28.2311	204.0835	276.467
		lb :	20.7689	196.9165	270.533
		A:
			-0.2355	0.5454	0.8044
			0.1312	0.7306	-0.6701
			0.7513	-0.1926	-0.6312
			-0.2878	-0.0663	0.9554
			-0.8979	-0.2275	0.3768
			0.0229	0.1105	0.9936
			0.2359	0.7264	0.6455
			0.4281	0.5186	-0.7401
			-0.8724	0.4509	-0.1886
			-0.2359	-0.7264	-0.6455
			-0.4281	-0.5186	0.7401
			0.8724	-0.4509	0.1886
		b:
			325.6275
			-31.8321
			-190.5832
			242.5894
			37.6282
			296.3016
			329.9693
			-86.4477
			20.4383
			-325.9693
			89.4477
			-14.4383
	==================================================================================
	Q5:
		Shape: Ellipse
		q_c:	18.0	190.5	263.0
		ub :	21.2761	194.4887	266.5624
		lb :	14.7239	186.5113	259.4376
		P^-1:
			0.16	0.0	-0.0
			0.0	0.16	0.0
			-0.0	0.0	0.16
	==================================================================================
	Q6:
		Shape: Polyhedra
		q_c:	24.0	192.0	267.0
		ub :	26.8096	196.0891	270.8121
		lb :	21.1904	187.9109	263.1879
		A:
			0.573	-0.0035	-0.8196
			0.9298	0.3553	0.0959
			-0.5406	-0.024	-0.8409
			0.3013	0.4467	-0.8424
			0.0859	0.952	0.2938
			-0.7762	0.1729	-0.6063
			0.0666	0.8194	0.5694
			-0.0421	0.5724	-0.8189
			-0.9969	0.0306	0.0726
			-0.0666	-0.8194	-0.5694
			0.0421	-0.5724	0.8189
			0.9969	-0.0306	-0.0726
		b:
			-203.2162
			118.8229
			-239.4783
			-129.8378
			266.6798
			-144.9187
			314.4412
			-107.7396
			3.8377
			-307.4412
			111.7396
			1.1623


===========================================================================================
===========================================================================================
