3D_45_8_6_c                l = 3

===========================================================================================
===========================================================================================
S1:
	q_c:	88.5	178.0	374.5
	ub :	102.3354	188.5634	390.2203
	lb :	77.6439	167.9016	367.1802

	==================================================================================
	Q1:
		Shape: Hybrid
		q_c:	93.0	173.0	381.5
		ub :	99.1069	178.0984	387.6141
		lb :	86.8931	167.9016	375.3859
		P^-1:
			0.0886	0.0341	0.0449
			0.0341	0.1283	0.0027
			0.0449	0.0027	0.0942
		A:
			0.9315	0.2099	0.2969
			-0.3746	0.0194	-0.927
			0.014	0.9705	0.2406
			-0.1967	-0.9804	-0.0138
			-0.5937	0.6814	0.428
			0.1082	-0.9728	0.2047
		b:
			238.2161
			-383.3528
			262.8807
			-191.6429
			229.3349
			-78.3832
	==================================================================================
	Q2:
		Shape: Ellipse
		q_c:	97.5	179.5	385.5
		ub :	102.3354	184.9968	390.2203
		lb :	92.6646	174.0032	380.7797
		P^-1:
			0.101	0.0074	0.0327
			0.0074	0.2031	-0.1908
			0.0327	-0.1908	0.2915
	==================================================================================
	Q3:
		Shape: Polyhedra
		q_c:	82.5	179.5	375.0
		ub :	87.3561	184.1201	380.2056
		lb :	77.6439	174.8799	369.7944
		A:
			0.3033	-0.7249	0.6184
			0.3672	-0.8808	0.299
			0.7339	-0.6769	-0.0577
			0.838	-0.1552	0.5232
			0.6846	-0.7024	0.1948
			0.5643	-0.0869	0.821
			0.7419	0.2841	0.6073
			-0.1318	-0.8263	0.5475
			0.6574	-0.4863	-0.5756
			-0.7419	-0.2841	-0.6073
			0.1318	0.8263	-0.5475
			-0.6574	0.4863	0.5756
		b:
			129.4451
			-12.8827
			-79.2858
			240.4764
			6.5217
			341.7314
			342.9486
			48.6311
			-245.4143
			-336.9486
			-43.6311
			252.4143
	==================================================================================
	Q4:
		Shape: Hybrid
		q_c:	93.0	176.5	372.5
		ub :	98.4207	181.5179	377.8198
		lb :	87.5793	171.4821	367.1802
		P^-1:
			0.1173	-0.033	0.089
			-0.033	0.0654	-0.0432
			0.089	-0.0432	0.166
		A:
			0.3792	0.091	0.9208
			-0.2452	0.6093	-0.7541
			-0.7805	0.4135	-0.4689
			-0.3693	0.0968	-0.9243
			0.7447	-0.624	-0.2367
			-0.8614	-0.0582	-0.5045
		b:
			396.0072
			-194.458
			-172.7761
			-360.1668
			-125.9149
			-276.4963
	==================================================================================
	Q5:
		Shape: Ellipse
		q_c:	82.0	184.0	371.5
		ub :	85.2393	188.5634	375.6191
		lb :	78.7607	179.4366	367.3809
		P^-1:
			0.6776	0.0555	-0.4252
			0.0555	0.0948	-0.0564
			-0.4252	-0.0564	0.4204
	==================================================================================
	Q6:
		Shape: Polyhedra
		q_c:	84.0	181.0	378.0
		ub :	89.2869	186.5498	381.2886
		lb :	78.7131	175.4502	374.7114
		A:
			-0.2193	-0.3328	0.9172
			0.3996	-0.6219	0.6735
			-0.4798	0.855	0.197
			0.9938	-0.104	-0.0382
			-0.1129	0.0783	-0.9905
			0.9395	-0.1632	0.3011
			0.5659	0.7045	0.4283
			0.7802	-0.6255	-0.002
			0.2665	0.3353	-0.9037
			-0.5659	-0.7045	-0.4283
			-0.7802	0.6255	0.002
			-0.2665	-0.3353	0.9037
		b:
			269.5556
			177.9841
			192.2285
			53.527
			-367.3253
			166.6914
			341.4358
			-45.4186
			-257.0168
			-332.4358
			51.4186
			260.0168


===========================================================================================
===========================================================================================
S2:
	q_c:	303.5	231.5	20.5
	ub :	321.682	250.7947	44.3742
	lb :	283.2289	204.616	-5.5859

	==================================================================================
	Q1:
		Shape: Polyhedra
		q_c:	303.5	232.5	4.0
		ub :	313.2698	239.9521	13.5859
		lb :	293.7302	225.0479	-5.5859
		A:
			-0.4553	0.7173	-0.5275
			0.7199	-0.0746	0.69
			-0.0632	0.9276	-0.3681
			-0.6573	0.673	-0.3392
			-0.0341	0.9824	0.1836
			0.0909	0.5428	-0.8349
			0.5001	0.2387	0.8324
			-0.6777	-0.4906	0.5478
			0.5391	-0.8381	-0.0836
			-0.5001	-0.2387	-0.8324
			0.6777	0.4906	-0.5478
			-0.5391	0.8381	0.0836
		b:
			30.9314
			209.5208
			200.3568
			-40.8381
			222.9944
			157.5062
			216.6077
			-309.5423
			-29.0557
			-204.6077
			325.5423
			34.0557
	==================================================================================
	Q2:
		Shape: Polyhedra
		q_c:	294.0	236.0	21.0
		ub :	300.0103	243.7389	28.478
		lb :	287.9897	228.2611	13.522
		A:
			0.2519	0.3879	0.8866
			0.0076	0.4048	0.9144
			0.4205	0.6534	0.6295
			-0.1908	0.8189	-0.5414
			0.0638	-0.5841	-0.8092
			0.7598	0.1089	0.641
			0.1491	0.6571	0.7389
			0.0415	-0.7507	0.6593
			0.988	-0.0676	-0.1392
			-0.1491	-0.6571	-0.7389
			-0.0415	0.7507	-0.6593
			-0.988	0.0676	0.1392
		b:
			187.2207
			119.991
			293.219
			134.1691
			-134.0277
			267.4266
			215.9316
			-142.6238
			277.0763
			-212.9316
			159.6238
			-266.0763
	==================================================================================
	Q3:
		Shape: Polyhedra
		q_c:	313.5	228.5	18.5
		ub :	321.682	234.8383	26.7515
		lb :	305.318	222.1617	10.2485
		A:
			0.2012	-0.0531	-0.9781
			0.7977	-0.1104	0.5928
			-0.0645	0.2131	-0.9749
			0.5339	-0.1875	0.8245
			-0.3291	0.5878	-0.7391
			-0.5318	0.1169	-0.8387
			0.6274	0.2544	0.7359
			-0.7785	0.2268	0.5853
			-0.018	-0.9401	0.3404
			-0.6274	-0.2544	-0.7359
			0.7785	-0.2268	-0.5853
			0.018	0.9401	-0.3404
		b:
			39.154
			239.6508
			15.2588
			143.0122
			21.1413
			-152.337
			271.455
			-173.3917
			-210.1628
			-265.455
			189.3917
			218.1628
	==================================================================================
	Q4:
		Shape: Hybrid
		q_c:	296.0	216.0	26.0
		ub :	303.7483	227.384	37.4718
		lb :	288.2517	204.616	14.5282
		P^-1:
			0.0427	-0.0064	-0.0113
			-0.0064	0.0161	0.0043
			-0.0113	0.0043	0.0222
		A:
			0.7442	-0.4218	0.5179
			-0.6633	-0.7483	0.0002
			0.6193	-0.0248	-0.7847
			0.2623	-0.6759	-0.6887
			-0.0388	0.999	-0.0236
			0.8881	0.4596	-0.0025
		b:
			147.5223
			-352.6301
			160.8426
			-82.0218
			209.6522
			366.3579
	==================================================================================
	Q5:
		Shape: Ellipse
		q_c:	306.0	240.0	21.5
		ub :	315.2122	250.7947	33.0075
		lb :	296.7878	229.2053	9.9925
		P^-1:
			0.0447	-0.0174	-0.0012
			-0.0174	0.038	0.0158
			-0.0012	0.0158	0.0239
	==================================================================================
	Q6:
		Shape: Ellipse
		q_c:	292.5	238.0	36.0
		ub :	301.7711	247.9762	44.3742
		lb :	283.2289	228.0238	27.6258
		P^-1:
			0.0315	0.0061	0.0007
			0.0061	0.0217	0.0052
			0.0007	0.0052	0.0377


===========================================================================================
===========================================================================================
S3:
	q_c:	53.0	172.0	373.0
	ub :	69.8327	190.9262	388.3108
	lb :	40.9585	155.3475	356.0425

	==================================================================================
	Q1:
		Shape: Ellipse
		q_c:	52.5	181.5	370.5
		ub :	62.1135	190.9262	378.6843
		lb :	42.8865	172.0738	362.3157
		P^-1:
			0.0256	-0.0065	0.0082
			-0.0065	0.0451	-0.0272
			0.0082	-0.0272	0.0583
	==================================================================================
	Q2:
		Shape: Ellipse
		q_c:	61.5	176.5	373.5
		ub :	69.8327	183.5878	380.5333
		lb :	53.1673	169.4122	366.4667
		P^-1:
			0.0411	-0.0071	-0.0041
			-0.0071	0.0434	-0.0035
			-0.0041	-0.0035	0.0474
	==================================================================================
	Q3:
		Shape: Polyhedra
		q_c:	46.5	181.5	364.0
		ub :	52.0415	188.3195	371.9575
		lb :	40.9585	174.6805	356.0425
		A:
			-0.7247	0.6239	0.2923
			-0.7129	0.6705	0.2055
			-0.6372	0.7611	0.1209
			0.6622	-0.7198	-0.2082
			-0.7634	0.6089	0.2156
			0.725	-0.6378	-0.2601
			0.6796	0.6335	0.3699
			0.7225	-0.6654	-0.1877
			0.1272	0.3948	-0.9099
			-0.6796	-0.6335	-0.3699
			-0.7225	0.6654	0.1877
			-0.1272	-0.3948	0.9099
		b:
			186.7863
			163.8487
			153.5562
			-174.906
			154.1899
			-176.0424
			287.7151
			-155.0089
			-247.6446
			-274.7151
			156.0089
			259.6446
	==================================================================================
	Q4:
		Shape: Ellipse
		q_c:	47.0	181.0	380.5
		ub :	50.8593	184.6846	384.0876
		lb :	43.1407	177.3154	376.9124
		P^-1:
			0.1536	0.0121	-0.0111
			0.0121	0.1146	-0.0032
			-0.0111	-0.0032	0.114
	==================================================================================
	Q5:
		Shape: Polyhedra
		q_c:	60.0	164.0	364.0
		ub :	67.3334	172.6525	371.0424
		lb :	52.6666	155.3475	356.9576
		A:
			0.7152	0.5571	0.4221
			-0.9029	0.1572	0.4001
			0.3381	-0.8473	0.4096
			0.3527	0.7446	-0.5667
			-0.1728	-0.6429	0.7462
			0.6046	-0.7815	-0.1536
			0.4628	0.8756	0.1384
			0.0947	0.1064	-0.9898
			-0.8814	0.4712	-0.0336
			-0.4628	-0.8756	-0.1384
			-0.0947	-0.1064	0.9898
			0.8814	-0.4712	0.0336
		b:
			294.4711
			121.9279
			35.8657
			-56.4298
			162.099
			-143.071
			228.7529
			-331.1499
			16.1483
			-214.7529
			343.1499
			-8.1483
	==================================================================================
	Q6:
		Shape: Ellipse
		q_c:	57.0	176.0	380.5
		ub :	63.7712	183.4532	388.3108
		lb :	50.2288	168.5468	372.6892
		P^-1:
			0.0557	-0.016	0.0123
			-0.016	0.0562	-0.0126
			0.0123	-0.0126	0.0497


===========================================================================================
===========================================================================================
S4:
	q_c:	405.0	185.5	263.0
	ub :	432.9705	211.4475	286.1962
	lb :	387.5313	160.2523	240.9525

	==================================================================================
	Q1:
		Shape: Polyhedra
		q_c:	422.0	184.0	257.0
		ub :	431.0792	193.8546	267.1907
		lb :	412.9208	174.1454	246.8093
		A:
			0.8694	0.3319	-0.366
			-0.1558	0.2465	0.9565
			-0.3127	0.04	-0.949
			-0.1517	-0.3799	0.9125
			0.8522	-0.297	-0.4308
			-0.0999	-0.668	0.7374
			0.346	0.6839	0.6423
			0.6218	-0.6798	0.3889
			0.7026	0.2648	-0.6605
			-0.346	-0.6839	-0.6423
			-0.6218	0.6798	-0.3889
			-0.7026	-0.2648	0.6605
		b:
			339.221
			232.1816
			-362.0165
			105.7442
			199.2422
			29.2534
			444.927
			241.7624
			180.4717
			-428.927
			-232.7624
			-170.4717
	==================================================================================
	Q2:
		Shape: Hybrid
		q_c:	400.0	184.0	270.5
		ub :	412.4687	195.4751	279.9948
		lb :	387.5313	172.5249	261.0052
		P^-1:
			0.0119	0.008	-0.0061
			0.008	0.0318	-0.0156
			-0.0061	-0.0156	0.0303
		A:
			-0.7644	-0.3111	0.5647
			-0.5299	-0.8179	0.224
			-0.3378	-0.6709	0.6601
			0.2653	0.4169	-0.8694
			-0.2174	-0.6925	0.6879
			-0.4919	-0.8611	0.1282
		b:
			-205.1972
			-298.2695
			-77.7109
			-49.5086
			-26.0367
			-316.7289
	==================================================================================
	Q3:
		Shape: Hybrid
		q_c:	407.5	179.0	265.0
		ub :	417.44	189.3101	273.2288
		lb :	397.56	168.6899	256.7712
		P^-1:
			0.063	0.0534	0.0445
			0.0534	0.0696	0.0436
			0.0445	0.0436	0.0634
		A:
			0.399	-0.0455	-0.9158
			0.4215	0.8395	0.3428
			-0.768	-0.5268	-0.3642
			0.7574	0.1378	0.6383
			-0.5004	-0.8004	-0.3301
			-0.6333	-0.6683	0.3902
		b:
			-82.5154
			415.1707
			-501.747
			505.7973
			-432.7051
			-269.9112
	==================================================================================
	Q4:
		Shape: Ellipse
		q_c:	416.0	175.5	253.0
		ub :	426.3221	188.4154	265.0475
		lb :	405.6779	162.5846	240.9525
		P^-1:
			0.0249	0.0041	-0.0079
			0.0041	0.0218	-0.0123
			-0.0079	-0.0123	0.0237
	==================================================================================
	Q5:
		Shape: Polyhedra
		q_c:	418.0	168.5	278.5
		ub :	424.6867	176.7477	286.1962
		lb :	411.3133	160.2523	270.8038
		A:
			0.0005	0.2229	0.9748
			-0.3749	0.8022	-0.4648
			-0.8267	-0.5586	-0.0675
			0.6714	0.6682	0.3206
			-0.8494	-0.2891	-0.4416
			0.5732	0.3746	-0.7288
			0.7399	0.4205	0.5251
			0.2323	-0.8922	0.3872
			0.6313	-0.1645	-0.7579
			-0.7399	-0.4205	-0.5251
			-0.2323	0.8922	-0.3872
			-0.6313	0.1645	0.7579
		b:
			313.3694
			-144.0693
			-454.7768
			486.1269
			-523.6052
			104.9223
			529.372
			61.5955
			29.6056
			-523.372
			-47.5955
			-20.6056
	==================================================================================
	Q6:
		Shape: Ellipse
		q_c:	423.0	200.5	259.0
		ub :	432.9705	211.4475	268.1196
		lb :	413.0295	189.5525	249.8804
		P^-1:
			0.0401	0.0176	0.0148
			0.0176	0.0285	0.0097
			0.0148	0.0097	0.0299


===========================================================================================
===========================================================================================
S5:
	q_c:	97.5	150.5	187.5
	ub :	107.2647	155.8728	198.0267
	lb :	87.3313	139.7092	181.7931

	==================================================================================
	Q1:
		Shape: Ellipse
		q_c:	97.0	144.0	186.0
		ub :	100.005	147.134	188.9685
		lb :	93.995	140.866	183.0315
		P^-1:
			0.378	0.063	0.1026
			0.063	0.1782	0.0296
			0.1026	0.0296	0.2083
	==================================================================================
	Q2:
		Shape: Ellipse
		q_c:	94.0	148.5	187.0
		ub :	97.4678	150.9879	190.4951
		lb :	90.5322	146.0121	183.5049
		P^-1:
			0.2469	0.0593	-0.0687
			0.0593	0.3918	-0.0639
			-0.0687	-0.0639	0.2158
	==================================================================================
	Q3:
		Shape: Ellipse
		q_c:	94.0	153.5	189.5
		ub :	97.287	155.8728	192.182
		lb :	90.713	151.1272	186.818
		P^-1:
			0.1139	0.0209	-0.0096
			0.0209	0.4172	0.067
			-0.0096	0.067	0.2745
	==================================================================================
	Q4:
		Shape: Polyhedra
		q_c:	104.0	144.0	183.5
		ub :	107.2647	147.0403	185.2069
		lb :	100.7353	140.9597	181.7931
		A:
			0.1235	-0.9451	0.3025
			-0.94	0.3399	0.0308
			0.567	0.268	-0.7789
			0.5251	0.3068	-0.7938
			0.3786	0.2458	-0.8923
			-0.5076	-0.3581	-0.7837
			0.0636	0.0203	0.9978
			-0.8521	0.5216	0.0437
			-0.5195	-0.853	0.0505
			-0.0636	-0.0203	-0.9978
			0.8521	-0.5216	-0.0437
			0.5195	0.853	-0.0505
		b:
			-65.5961
			-40.6833
			-43.5362
			-45.0704
			-87.295
			-246.4453
			194.1262
			-2.9837
			-165.5987
			-191.1262
			7.9837
			169.5987
	==================================================================================
	Q5:
		Shape: Ellipse
		q_c:	91.0	149.5	193.0
		ub :	94.6687	154.5512	198.0267
		lb :	87.3313	144.4488	187.9733
		P^-1:
			0.1509	0.0175	0.0179
			0.0175	0.0985	-0.0101
			0.0179	-0.0101	0.1033
	==================================================================================
	Q6:
		Shape: Ellipse
		q_c:	96.5	144.5	186.5
		ub :	100.6377	149.2908	190.1406
		lb :	92.3623	139.7092	182.8594
		P^-1:
			0.1764	-0.0824	-0.0399
			-0.0824	0.1577	-0.0446
			-0.0399	-0.0446	0.2284


===========================================================================================
===========================================================================================
S6:
	q_c:	295.5	271.5	102.0
	ub :	321.6965	295.4683	127.995
	lb :	267.9432	241.6153	85.5191

	==================================================================================
	Q1:
		Shape: Polyhedra
		q_c:	295.5	257.0	97.0
		ub :	301.263	265.3764	108.4809
		lb :	289.737	248.6236	85.5191
		A:
			0.6288	-0.5886	-0.5081
			-0.5005	0.8612	0.0888
			-0.6543	0.7438	0.1365
			-0.2916	-0.6935	0.6588
			-0.0888	0.9558	0.2802
			0.3528	-0.4074	-0.8423
			0.9286	0.3413	0.1456
			-0.0006	-0.391	0.9204
			0.3711	-0.8548	-0.3629
			-0.9286	-0.3413	-0.1456
			0.0006	0.391	-0.9204
			-0.3711	0.8548	0.3629
		b:
			-10.695
			86.0283
			14.7264
			-191.014
			250.0052
			-75.2604
			381.246
			-0.9012
			-142.2144
			-371.246
			21.9012
			148.2144
	==================================================================================
	Q2:
		Shape: Ellipse
		q_c:	310.0	284.5	116.0
		ub :	321.6965	295.4683	127.995
		lb :	298.3035	273.5317	104.005
		P^-1:
			0.0186	-0.0043	0.0025
			-0.0043	0.0241	-0.0025
			0.0025	-0.0025	0.0185
	==================================================================================
	Q3:
		Shape: Hybrid
		q_c:	295.0	281.0	99.0
		ub :	304.8702	291.6521	102.3367
		lb :	285.1298	270.3479	95.6633
		P^-1:
			0.0857	-0.0154	-0.2427
			-0.0154	0.0183	0.0414
			-0.2427	0.0414	0.9335
		A:
			-0.323	0.1598	0.9328
			0.4797	0.4166	-0.7722
			-0.4039	0.2769	0.8719
			-0.238	0.0227	0.971
			0.119	-0.0675	-0.9906
			-0.2742	0.4121	0.8689
		b:
			42.8616
			186.2007
			46.6742
			32.8146
			-80.9913
			123.4917
	==================================================================================
	Q4:
		Shape: Ellipse
		q_c:	277.5	283.5	112.0
		ub :	287.0568	291.5693	121.8081
		lb :	267.9432	275.4307	102.1919
		P^-1:
			0.0309	-0.0042	-0.0033
			-0.0042	0.0334	0.0044
			-0.0033	0.0044	0.0313
	==================================================================================
	Q5:
		Shape: Ellipse
		q_c:	294.0	254.5	103.0
		ub :	307.3093	267.3847	116.8238
		lb :	280.6907	241.6153	89.1762
		P^-1:
			0.0136	-0.0007	0.0014
			-0.0007	0.0179	-0.0034
			0.0014	-0.0034	0.0151
	==================================================================================
	Q6:
		Shape: Ellipse
		q_c:	292.0	267.5	113.0
		ub :	296.966	274.1744	118.7143
		lb :	287.034	260.8256	107.2857
		P^-1:
			0.3396	0.0855	0.14
			0.0855	0.1226	-0.0789
			0.14	-0.0789	0.2526


===========================================================================================
===========================================================================================
S7:
	q_c:	349.5	132.0	68.5
	ub :	358.9059	144.9033	76.9261
	lb :	343.5625	122.5392	59.503

	==================================================================================
	Q1:
		Shape: Ellipse
		q_c:	354.0	132.5	65.0
		ub :	358.9059	138.3958	70.3049
		lb :	349.0941	126.6042	59.6951
		P^-1:
			0.0816	0.0	0.0
			0.0	0.0816	-0.0
			0.0	-0.0	0.0816
	==================================================================================
	Q2:
		Shape: Ellipse
		q_c:	352.0	137.5	67.0
		ub :	356.3404	142.2585	72.0196
		lb :	347.6596	132.7415	61.9804
		P^-1:
			0.1053	0.0131	-0.0335
			0.0131	0.0889	-0.0185
			-0.0335	-0.0185	0.129
	==================================================================================
	Q3:
		Shape: Hybrid
		q_c:	349.0	130.0	73.0
		ub :	354.1839	135.0867	76.875
		lb :	343.8161	124.9133	69.125
		P^-1:
			0.1129	0.0217	0.0184
			0.0217	0.0968	0.0143
			0.0184	0.0143	0.1431
		A:
			0.0402	0.4162	0.9084
			-0.7381	0.2681	0.6191
			-0.6483	-0.7271	-0.2257
			0.2644	0.7692	-0.5817
			-0.7444	0.6029	0.2869
			0.014	0.3333	0.9427
		b:
			135.8601
			-175.6352
			-335.7537
			151.7019
			-158.327
			118.4401
	==================================================================================
	Q4:
		Shape: Ellipse
		q_c:	346.0	126.0	70.0
		ub :	348.4375	129.4608	73.7186
		lb :	343.5625	122.5392	66.2814
		P^-1:
			0.8662	-0.2689	0.1462
			-0.2689	0.415	0.131
			0.1462	0.131	0.2448
	==================================================================================
	Q5:
		Shape: Ellipse
		q_c:	350.5	135.5	70.5
		ub :	357.1521	140.7533	76.9261
		lb :	343.8479	130.2467	64.0739
		P^-1:
			0.0601	0.0182	-0.0012
			0.0182	0.0965	-0.0186
			-0.0012	-0.0186	0.0663
	==================================================================================
	Q6:
		Shape: Hybrid
		q_c:	352.5	140.5	64.0
		ub :	356.6267	144.9033	68.497
		lb :	348.3733	136.0967	59.503
		P^-1:
			0.1293	-0.0147	-0.0185
			-0.0147	0.153	-0.0088
			-0.0185	-0.0088	0.1489
		A:
			0.1246	0.9876	-0.0953
			0.4424	0.0673	-0.8943
			-0.1072	-0.6537	0.7491
			0.155	-0.5164	-0.8422
			0.3883	0.9215	-0.0018
			-0.14	-0.9901	0.0002
		b:
			177.9423
			109.4244
			-80.4524
			-70.4332
			267.7078
			-187.0805


===========================================================================================
===========================================================================================
S8:
	q_c:	469.0	488.0	180.0
	ub :	492.8932	502.3735	195.7226
	lb :	452.7383	470.412	164.8251

	==================================================================================
	Q1:
		Shape: Ellipse
		q_c:	462.5	497.5	176.0
		ub :	469.7531	502.3735	183.4128
		lb :	455.2469	492.6265	168.5872
		P^-1:
			0.1226	0.1588	0.0405
			0.1588	0.3286	0.0976
			0.0405	0.0976	0.0703
	==================================================================================
	Q2:
		Shape: Ellipse
		q_c:	469.5	494.5	180.0
		ub :	474.8961	499.2131	185.297
		lb :	464.1039	489.7869	174.703
		P^-1:
			0.1587	0.0565	-0.0735
			0.0565	0.1219	-0.0463
			-0.0735	-0.0463	0.1004
	==================================================================================
	Q3:
		Shape: Ellipse
		q_c:	478.5	484.5	190.0
		ub :	484.5864	490.9749	195.7226
		lb :	472.4136	478.0251	184.2774
		P^-1:
			0.0925	0.0609	0.0165
			0.0609	0.1004	0.0058
			0.0165	0.0058	0.0626
	==================================================================================
	Q4:
		Shape: Hybrid
		q_c:	483.0	481.0	172.5
		ub :	492.8932	491.588	179.2963
		lb :	473.1068	470.412	165.7037
		P^-1:
			0.0255	0.0018	0.0107
			0.0018	0.0282	-0.0214
			0.0107	-0.0214	0.0713
		A:
			0.1632	-0.123	0.9789
			0.677	-0.7091	0.1972
			-0.3721	-0.1244	-0.9198
			-0.7943	-0.2753	0.5415
			0.4082	0.3079	0.8594
			0.5269	-0.8134	0.2465
		b:
			190.6108
			25.0479
			-395.536
			-418.4174
			496.8544
			-89.3104
	==================================================================================
	Q5:
		Shape: Polyhedra
		q_c:	472.5	489.5	188.5
		ub :	480.3856	496.5577	194.4723
		lb :	464.6144	482.4423	182.5277
		A:
			0.3819	-0.3001	0.8741
			0.6027	0.3354	-0.7241
			0.1507	-0.8396	-0.5219
			0.4782	0.6456	-0.5954
			0.3281	0.9067	-0.265
			0.8414	0.1378	-0.5226
			0.8512	0.437	0.2906
			0.4608	-0.8874	-0.0153
			0.2512	0.1469	-0.9567
			-0.8512	-0.437	-0.2906
			-0.4608	0.8874	0.0153
			-0.2512	-0.1469	0.9567
		b:
			203.049
			317.1779
			-433.4642
			434.5507
			553.8041
			371.4116
			676.3881
			-215.051
			14.7598
			-665.3881
			224.051
			-5.7598
	==================================================================================
	Q6:
		Shape: Hybrid
		q_c:	462.0	482.0	174.0
		ub :	471.2617	490.2233	183.1749
		lb :	452.7383	473.7767	164.8251
		P^-1:
			0.0278	-0.0	0.0
			-0.0	0.0278	-0.0
			0.0	-0.0	0.0278
		A:
			0.7835	-0.6209	0.0242
			0.0012	-0.8739	0.4861
			0.7723	0.5907	0.2339
			-0.4024	0.541	0.7385
			0.5896	0.4702	-0.6567
			-0.3696	-0.7043	0.6061
		b:
			69.8826
			-333.0861
			685.1923
			206.3755
			387.7557
			-401.7573


===========================================================================================
===========================================================================================
