3D_45_14_6_a                l = 3

===========================================================================================
===========================================================================================
S1:
	q_c:	20.0	432.5	369.5
	ub :	49.6738	448.9905	393.5273
	lb :	9.8378	418.8571	361.5184

	==================================================================================
	Q1:
		Shape: Hybrid
		q_c:	39.5	438.0	372.0
		ub :	49.6738	446.8061	377.7486
		lb :	29.3262	429.1939	366.2514
		P^-1:
			0.0238	0.0174	-0.0101
			0.0174	0.0456	-0.0087
			-0.0101	-0.0087	0.0754
		A:
			-0.6954	0.1436	-0.7041
			0.1161	0.1942	-0.9741
			-0.8226	0.3833	0.42
			0.8435	-0.3389	-0.4168
			-0.129	0.4919	0.861
			0.5464	-0.0907	-0.8326
		b:
			-221.4426
			-270.8628
			297.4755
			-264.3285
			533.4879
			-324.606
	==================================================================================
	Q2:
		Shape: Polyhedra
		q_c:	19.0	424.5	376.0
		ub :	24.9803	430.1429	381.6622
		lb :	13.0197	418.8571	370.3378
		A:
			0.2528	-0.7759	-0.578
			-0.5051	-0.2861	0.8143
			0.5309	0.7113	-0.4607
			0.8949	0.4461	0.0104
			-0.869	-0.2956	0.3969
			0.1363	0.9829	-0.1235
			0.66	0.7496	0.0503
			0.4485	-0.3394	-0.8268
			-0.6027	0.5683	-0.5602
			-0.66	-0.7496	-0.0503
			-0.4485	0.3394	0.8268
			0.6027	-0.5683	0.5602
		b:
			-538.7951
			178.2636
			141.5771
			212.8022
			9.7743
			376.8537
			351.6569
			-443.442
			24.6536
			-347.6569
			449.442
			-13.6536
	==================================================================================
	Q3:
		Shape: Polyhedra
		q_c:	34.5	440.5	386.0
		ub :	41.8101	448.1801	393.5273
		lb :	27.1899	432.8199	378.4727
		A:
			0.8139	0.3997	0.4217
			0.2454	-0.7966	-0.5524
			0.2356	0.8536	0.4645
			0.2303	0.3877	0.8925
			0.4951	0.1645	0.8531
			0.0676	0.991	0.1155
			0.033	0.707	0.7065
			0.2783	0.6724	-0.6859
			-0.9599	0.2192	-0.1746
			-0.033	-0.707	-0.7065
			-0.2783	-0.6724	0.6859
			0.9599	-0.2192	0.1746
		b:
			371.6358
			-552.6871
			566.7795
			526.6998
			423.2524
			488.1867
			587.7565
			48.0594
			1.5722
			-582.7565
			-34.0594
			9.4278
	==================================================================================
	Q4:
		Shape: Polyhedra
		q_c:	21.0	425.5	383.5
		ub :	29.002	430.1721	391.2945
		lb :	12.998	420.8279	375.7055
		A:
			-0.1541	-0.9805	0.1219
			-0.2901	0.782	-0.5517
			0.8845	-0.4594	-0.0811
			0.0018	0.9971	0.0757
			0.3264	-0.8539	0.4053
			0.2091	0.0799	-0.9746
			0.7761	0.3085	0.5501
			-0.1301	0.9317	-0.339
			-0.6171	0.1915	0.7632
			-0.7761	-0.3085	-0.5501
			0.1301	-0.9317	0.339
			0.6171	-0.1915	-0.7632
		b:
			-370.8489
			117.6837
			-203.2738
			456.3789
			-198.7196
			-330.5477
			364.5071
			265.7166
			366.2336
			-352.5071
			-261.7166
			-356.2336
	==================================================================================
	Q5:
		Shape: Polyhedra
		q_c:	17.0	430.0	372.0
		ub :	24.1622	436.717	379.0098
		lb :	9.8378	423.283	364.9902
		A:
			-0.6423	-0.1361	0.7543
			-0.0939	-0.7618	0.641
			-0.4089	0.9034	0.129
			-0.5989	0.5269	0.6031
			0.156	0.9395	0.3049
			0.4415	0.2111	-0.8721
			0.7591	0.5646	0.3239
			0.417	-0.8039	0.4241
			0.4999	-0.1869	-0.8457
			-0.7591	-0.5646	-0.3239
			-0.417	0.8039	-0.4241
			-0.4999	0.1869	0.8457
		b:
			215.5995
			-86.28
			433.989
			445.224
			524.3028
			-221.6692
			380.1901
			-176.3431
			-381.958
			-372.1901
			185.3431
			390.958
	==================================================================================
	Q6:
		Shape: Hybrid
		q_c:	22.0	439.0	370.5
		ub :	31.5406	448.9905	379.4816
		lb :	12.4594	429.0095	361.5184
		P^-1:
			0.0163	0.0027	0.0009
			0.0027	0.0263	0.0015
			0.0009	0.0015	0.0245
		A:
			0.7766	0.585	0.234
			0.0723	0.9889	-0.1301
			0.2531	0.2115	0.9441
			-0.215	-0.1208	-0.9691
			-0.4423	-0.0915	-0.8922
			0.2183	0.9626	-0.1603
		b:
			364.3749
			390.6996
			451.4843
			-413.465
			-376.917
			371.1752


===========================================================================================
===========================================================================================
S2:
	q_c:	357.5	211.0	50.0
	ub :	384.9861	230.8446	65.8538
	lb :	348.371	186.0143	34.0743

	==================================================================================
	Q1:
		Shape: Polyhedra
		q_c:	367.0	223.5	48.0
		ub :	373.4782	230.8446	55.9954
		lb :	360.5218	216.1554	40.0046
		A:
			0.8158	-0.5157	-0.2617
			-0.8908	0.4005	-0.2145
			-0.6642	0.492	0.5628
			-0.0295	0.6393	-0.7684
			0.4131	-0.8541	0.3161
			-0.8113	0.5722	0.1197
			0.4597	0.6138	0.6418
			-0.7494	0.6559	-0.0905
			-0.4766	-0.4393	0.7615
			-0.4597	-0.6138	-0.6418
			0.7494	-0.6559	0.0905
			0.4766	0.4393	-0.7615
		b:
			173.7382
			-245.0167
			-103.1649
			98.7782
			-21.7251
			-162.3729
			344.2052
			-131.2605
			-232.5365
			-329.2052
			134.2605
			240.5365
	==================================================================================
	Q2:
		Shape: Hybrid
		q_c:	375.5	213.0	56.5
		ub :	384.9861	221.8668	63.0232
		lb :	366.0139	204.1332	49.9768
		P^-1:
			0.0294	-0.0098	-0.0042
			-0.0098	0.0321	-0.0004
			-0.0042	-0.0004	0.0482
		A:
			-0.8374	0.3311	0.435
			0.2764	-0.4734	0.8364
			0.4414	0.0566	0.8955
			-0.3195	-0.5511	-0.7708
			0.7322	-0.4261	0.5312
			-0.0712	0.701	-0.7096
		b:
			-216.4785
			52.7605
			231.4405
			-277.3433
			217.2059
			85.326
	==================================================================================
	Q3:
		Shape: Hybrid
		q_c:	363.0	200.5	50.0
		ub :	369.8424	210.4534	59.7636
		lb :	356.1576	190.5466	40.2364
		P^-1:
			0.0476	-0.0086	-0.0119
			-0.0086	0.0274	0.014
			-0.0119	0.014	0.0383
		A:
			0.9004	-0.0547	0.4315
			-0.9626	-0.262	-0.0695
			0.7059	0.591	0.3904
			0.9182	0.1541	-0.3649
			0.659	-0.2568	0.707
			0.6389	-0.2088	-0.7404
		b:
			340.9258
			-402.2014
			397.9428
			348.8964
			227.3227
			155.3352
	==================================================================================
	Q4:
		Shape: Polyhedra
		q_c:	364.0	216.0	49.5
		ub :	373.3757	225.7852	58.3435
		lb :	354.6243	206.2148	40.6565
		A:
			-0.38	0.0905	0.9206
			0.7395	0.2138	-0.6383
			0.0081	0.6812	-0.7321
			0.4997	-0.4028	-0.7668
			-0.3139	-0.6923	-0.6497
			0.9174	0.1504	-0.3685
			0.6165	0.5641	0.5492
			0.7577	-0.6148	-0.2191
			0.2141	0.5512	-0.8065
			-0.6165	-0.5641	-0.5492
			-0.7577	0.6148	0.2191
			-0.2141	-0.5512	0.8065
		b:
			-68.1518
			288.6404
			118.3875
			62.1818
			-288.7109
			353.6124
			380.9565
			137.1559
			161.5582
			-365.9565
			-127.1559
			-152.5582
	==================================================================================
	Q5:
		Shape: Polyhedra
		q_c:	357.5	195.0	43.0
		ub :	362.6736	203.9857	51.9257
		lb :	352.3264	186.0143	34.0743
		A:
			-0.8854	0.3353	0.322
			0.7872	-0.5876	-0.1873
			-0.7937	-0.1259	0.5952
			0.3089	0.0727	0.9483
			-0.751	0.4543	-0.4792
			-0.0972	0.9924	0.0755
			0.0409	0.6909	0.7218
			-0.9342	0.2825	-0.2176
			-0.3543	-0.6654	0.6571
			-0.0409	-0.6909	-0.7218
			0.9342	-0.2825	0.2176
			0.3543	0.6654	-0.6571
		b:
			-233.2395
			162.7834
			-277.5044
			170.8718
			-196.9788
			167.7319
			186.3733
			-285.2522
			-222.1587
			-174.3733
			291.2522
			234.1587
	==================================================================================
	Q6:
		Shape: Hybrid
		q_c:	359.5	197.0	57.5
		ub :	370.629	207.682	65.8538
		lb :	348.371	186.318	49.1462
		P^-1:
			0.0219	-0.0059	0.0003
			-0.0059	0.0213	-0.0011
			0.0003	-0.0011	0.0239
		A:
			0.1469	-0.9494	0.2774
			-0.1176	0.9199	-0.3742
			0.0934	0.1845	-0.9784
			0.9162	-0.1296	-0.3792
			-0.1475	0.2961	-0.9437
			-0.1791	0.7555	-0.6302
		b:
			-114.5428
			121.1285
			17.1446
			285.7782
			-45.6041
			51.6529


===========================================================================================
===========================================================================================
S3:
	q_c:	175.0	445.5	460.0
	ub :	200.5181	468.2799	482.0181
	lb :	154.1059	418.5836	442.5732

	==================================================================================
	Q1:
		Shape: Hybrid
		q_c:	162.5	447.5	469.5
		ub :	170.8941	454.4525	477.6226
		lb :	154.1059	440.5475	461.3774
		P^-1:
			0.0294	0.0242	0.0138
			0.0242	0.1246	0.0554
			0.0138	0.0554	0.0501
		A:
			-0.508	-0.5832	-0.6339
			0.1907	-0.9645	-0.1828
			-0.3884	0.6789	0.623
			-0.4483	-0.5424	-0.7105
			0.3362	0.9158	-0.2196
			-0.2437	0.0958	-0.9651
		b:
			-638.756
			-483.8165
			536.5006
			-646.6052
			365.035
			-444.7194
	==================================================================================
	Q2:
		Shape: Polyhedra
		q_c:	188.0	437.0	455.5
		ub :	200.5181	450.675	468.4268
		lb :	175.4819	423.325	442.5732
		A:
			0.9769	0.1392	-0.1619
			-0.8915	-0.3951	-0.2218
			0.7592	-0.0478	0.6492
			0.7093	0.7049	0.0077
			0.9035	0.0588	0.4245
			0.6751	0.1288	-0.7263
			0.3995	0.6928	0.6004
			-0.8091	0.5744	-0.1244
			-0.431	-0.4361	0.79
			-0.3995	-0.6928	-0.6004
			0.8091	-0.5744	0.1244
			0.431	0.4361	-0.79
		b:
			178.4344
			-432.9654
			425.2764
			453.6327
			396.5785
			-139.3833
			660.3233
			48.7243
			96.7516
			-642.3233
			-35.7243
			-79.7516
	==================================================================================
	Q3:
		Shape: Hybrid
		q_c:	169.5	440.5	470.0
		ub :	179.7248	448.0558	482.0181
		lb :	159.2752	432.9442	457.9819
		P^-1:
			0.02	-0.0035	-0.0021
			-0.0035	0.0384	-0.0054
			-0.0021	-0.0054	0.0131
		A:
			-0.6427	-0.7631	0.0674
			0.3958	-0.2624	-0.8801
			0.8346	0.4166	0.3605
			-0.7135	0.545	0.4403
			-0.764	0.5143	-0.3896
			0.7919	0.5627	-0.2372
		b:
			-409.4278
			-456.1377
			500.0666
			330.3072
			-81.6726
			274.8091
	==================================================================================
	Q4:
		Shape: Ellipse
		q_c:	186.0	460.0	464.0
		ub :	193.9068	468.2799	473.4325
		lb :	178.0932	451.7201	454.5675
		P^-1:
			0.0794	-0.0565	0.0325
			-0.0565	0.0823	-0.0391
			0.0325	-0.0391	0.0464
	==================================================================================
	Q5:
		Shape: Polyhedra
		q_c:	169.0	449.0	459.5
		ub :	176.1994	457.5004	467.1468
		lb :	161.8006	440.4996	451.8532
		A:
			-0.6754	-0.5364	0.5061
			-0.6301	0.7614	-0.1527
			0.012	0.3033	-0.9528
			0.2407	-0.2598	0.9352
			-0.8261	0.0582	0.5605
			0.2539	0.831	-0.495
			0.4271	0.7257	0.5394
			0.6823	0.1328	-0.7189
			-0.5934	0.6751	-0.4384
			-0.4271	-0.7257	-0.5394
			-0.6823	-0.1328	0.7189
			0.5934	-0.6751	0.4384
		b:
			-118.4728
			168.972
			-295.9586
			358.1726
			146.6776
			193.0318
			653.8691
			-152.9137
			4.8937
			-637.8691
			157.9137
			2.1063
	==================================================================================
	Q6:
		Shape: Hybrid
		q_c:	189.0	431.0	462.0
		ub :	198.5684	443.4164	473.7364
		lb :	179.4316	418.5836	450.2636
		P^-1:
			0.0252	0.0048	-0.0024
			0.0048	0.0158	-0.0014
			-0.0024	-0.0014	0.0129
		A:
			0.342	-0.3494	-0.8723
			0.0585	-0.0573	-0.9966
			-0.1638	-0.9261	-0.34
			-0.6755	0.656	0.3367
			0.4695	0.6202	0.6284
			0.4304	0.8951	0.1163
		b:
			-483.2945
			-468.2196
			-581.8913
			315.8916
			651.5559
			525.2863


===========================================================================================
===========================================================================================
S4:
	q_c:	479.5	25.5	229.5
	ub :	487.8719	29.229	233.0241
	lb :	471.365	16.9059	220.3342

	==================================================================================
	Q1:
		Shape: Hybrid
		q_c:	474.5	25.0	226.5
		ub :	477.635	27.708	230.1183
		lb :	471.365	22.292	222.8817
		P^-1:
			0.3977	0.3791	0.0282
			0.3791	0.7531	0.0674
			0.0282	0.0674	0.1203
		A:
			0.6622	-0.728	0.1773
			-0.6539	-0.7238	0.2201
			0.2539	0.7958	0.5497
			0.483	-0.8391	0.2503
			0.2761	0.5914	0.7577
			-0.3754	-0.8927	0.2493
		b:
			338.2151
			-277.6998
			266.0817
			266.8274
			319.0966
			-143.0316
	==================================================================================
	Q2:
		Shape: Hybrid
		q_c:	484.0	21.5	226.0
		ub :	487.8719	26.0941	230.3428
		lb :	480.1281	16.9059	221.6572
		P^-1:
			0.1591	-0.0037	0.0055
			-0.0037	0.1454	0.0221
			0.0055	0.0221	0.1266
		A:
			-0.8336	-0.5065	0.2204
			0.973	-0.1997	0.1157
			0.1842	-0.6246	-0.7589
			-0.8692	-0.198	0.4532
			-0.4817	-0.801	0.3555
			0.4599	0.8688	-0.1837
		b:
			-363.1038
			494.0282
			-94.464
			-321.0676
			-168.4665
			201.2419
	==================================================================================
	Q3:
		Shape: Polyhedra
		q_c:	482.5	22.5	226.0
		ub :	486.2601	24.9638	229.8879
		lb :	478.7399	20.0362	222.1121
		A:
			-0.0176	-0.611	0.7914
			0.2075	-0.9713	0.1161
			0.2997	-0.3753	0.8771
			-0.2694	-0.961	0.0632
			-0.2499	0.9358	0.2487
			-0.338	0.8925	-0.2986
			0.7105	0.3903	0.5856
			-0.6659	0.1036	0.7388
			0.2277	-0.9148	0.3335
			-0.7105	-0.3903	-0.5856
			0.6659	-0.1036	-0.7388
			-0.2277	0.9148	-0.3335
		b:
			158.6776
			106.0929
			336.3595
			-135.6219
			-41.3883
			-208.9477
			485.9201
			-148.9716
			166.1646
			-481.9201
			154.9716
			-163.1646
	==================================================================================
	Q4:
		Shape: Polyhedra
		q_c:	484.0	21.0	229.5
		ub :	487.2035	24.3923	233.0241
		lb :	480.7965	17.6077	225.9759
		A:
			0.0384	-0.789	-0.6132
			-0.6181	0.1319	0.775
			-0.7519	-0.5014	-0.4282
			-0.1364	-0.5845	-0.7999
			-0.5797	-0.7932	0.1863
			-0.5157	-0.7744	-0.3666
			0.9101	0.1792	0.3736
			0.0415	-0.9365	0.3483
			0.4123	-0.3015	-0.8597
			-0.9101	-0.1792	-0.3736
			-0.0415	0.9365	-0.3483
			-0.4123	0.3015	0.8597
		b:
			-136.5185
			-116.4742
			-470.2199
			-259.6584
			-251.9827
			-347.5317
			532.4963
			82.839
			-2.0997
			-527.4963
			-77.839
			6.0997
	==================================================================================
	Q5:
		Shape: Polyhedra
		q_c:	483.5	27.0	227.0
		ub :	485.6554	29.229	229.7829
		lb :	481.3446	24.771	224.2171
		A:
			-0.8283	-0.2464	-0.5031
			-0.7636	0.0095	-0.6456
			0.7425	0.6375	0.2057
			0.4935	-0.3769	-0.7838
			0.0141	-0.6634	0.7482
			-0.5642	0.5126	-0.6473
			0.3532	0.3399	0.8716
			-0.935	0.0974	0.3409
			0.031	-0.9354	0.3522
			-0.3532	-0.3399	-0.8716
			0.935	-0.0974	-0.3409
			-0.031	0.9354	-0.3522
		b:
			-519.5157
			-513.6357
			424.6476
			52.2297
			160.3551
			-404.1767
			379.7983
			-370.578
			71.1901
			-375.7983
			373.578
			-68.1901
	==================================================================================
	Q6:
		Shape: Ellipse
		q_c:	482.0	21.5	223.0
		ub :	484.3392	23.9854	225.6658
		lb :	479.6608	19.0146	220.3342
		P^-1:
			0.4382	0.0315	-0.0132
			0.0315	0.2845	0.0673
			-0.0132	0.0673	0.4162


===========================================================================================
===========================================================================================
S5:
	q_c:	256.5	49.5	376.5
	ub :	305.0961	78.628	424.4949
	lb :	214.478	13.0775	352.4366

	==================================================================================
	Q1:
		Shape: Ellipse
		q_c:	228.5	30.5	397.5
		ub :	242.522	47.9225	412.4479
		lb :	214.478	13.0775	382.5521
		P^-1:
			0.0395	0.0077	-0.0263
			0.0077	0.0083	-0.0049
			-0.0263	-0.0049	0.0289
	==================================================================================
	Q2:
		Shape: Hybrid
		q_c:	279.5	45.5	398.5
		ub :	305.0961	71.5033	424.4949
		lb :	253.9039	19.4967	372.5051
		P^-1:
			0.0052	-0.0017	-0.0001
			-0.0017	0.0051	-0.0007
			-0.0001	-0.0007	0.0033
		A:
			0.5385	0.8358	-0.1072
			0.3791	0.624	-0.6833
			-0.705	-0.1294	0.6973
			0.3827	-0.527	-0.7588
			-0.3557	0.9333	-0.0494
			-0.7144	0.1092	0.6912
		b:
			156.6896
			-128.153
			84.6732
			-208.9502
			-69.542
			90.0869
	==================================================================================
	Q3:
		Shape: Polyhedra
		q_c:	232.5	43.0	380.5
		ub :	247.4242	56.656	392.8759
		lb :	217.5758	29.344	368.1241
		A:
			0.1869	0.4292	-0.8836
			0.8852	-0.2503	-0.3922
			-0.4443	-0.347	-0.826
			-0.0471	0.8431	-0.5357
			0.3993	-0.8533	0.3353
			-0.8633	-0.3635	0.3501
			0.0812	0.9424	0.3245
			0.0169	0.3242	-0.9458
			-0.9966	0.0823	0.0104
			-0.0812	-0.9424	-0.3245
			-0.0169	-0.3242	0.9458
			0.9966	-0.0823	-0.0104
		b:
			-264.6589
			59.1432
			-421.9309
			-168.7634
			194.5712
			-70.3073
			192.8765
			-332.5105
			-210.2108
			-172.8765
			351.5105
			238.2108
	==================================================================================
	Q4:
		Shape: Hybrid
		q_c:	237.5	61.0	386.5
		ub :	255.8855	78.628	402.7332
		lb :	219.1145	43.372	370.2668
		P^-1:
			0.0097	-0.0002	0.0026
			-0.0002	0.0098	0.0022
			0.0026	0.0022	0.0083
		A:
			-0.5442	-0.6835	-0.4866
			0.2259	0.9382	0.2623
			-0.1726	0.9091	-0.3791
			0.4062	0.3501	-0.844
			-0.9901	-0.1012	-0.0977
			-0.5712	-0.1267	-0.811
		b:
			-354.2935
			217.5685
			-125.273
			-199.4559
			-273.1752
			-451.803
	==================================================================================
	Q5:
		Shape: Ellipse
		q_c:	272.5	34.5	382.0
		ub :	289.4138	46.0273	399.407
		lb :	255.5862	22.9727	364.593
		P^-1:
			0.0135	0.0021	0.0064
			0.0021	0.0158	0.0022
			0.0064	0.0022	0.01
	==================================================================================
	Q6:
		Shape: Ellipse
		q_c:	238.5	26.5	365.0
		ub :	251.7229	38.4056	377.5634
		lb :	225.2771	14.5944	352.4366
		P^-1:
			0.0059	0.0	0.0
			0.0	0.0076	-0.0
			0.0	-0.0	0.0069


===========================================================================================
===========================================================================================
S6:
	q_c:	78.5	468.5	445.5
	ub :	98.2259	484.9148	463.5191
	lb :	55.8084	440.9529	423.7405

	==================================================================================
	Q1:
		Shape: Hybrid
		q_c:	65.0	473.5	432.0
		ub :	70.4742	483.3995	440.2595
		lb :	59.5258	463.6005	423.7405
		P^-1:
			0.0717	0.0049	0.0083
			0.0049	0.0234	0.0216
			0.0083	0.0216	0.0629
		A:
			-0.3772	-0.163	-0.9117
			-0.2114	0.8222	0.5285
			0.2128	-0.6205	-0.7548
			0.9254	-0.2617	0.2741
			0.0877	0.5946	0.7992
			-0.9377	0.3437	-0.0508
		b:
			-493.3279
			607.7892
			-603.4239
			57.528
			634.834
			82.8005
	==================================================================================
	Q2:
		Shape: Ellipse
		q_c:	71.5	475.5	445.0
		ub :	79.3571	484.9148	454.342
		lb :	63.6429	466.0852	435.658
		P^-1:
			0.0361	-0.0042	-0.0039
			-0.0042	0.0327	-0.0007
			-0.0039	-0.0007	0.032
	==================================================================================
	Q3:
		Shape: Hybrid
		q_c:	68.5	474.5	449.0
		ub :	77.6334	482.4906	456.6242
		lb :	59.3666	466.5094	441.3758
		P^-1:
			0.037	0.0126	0.0375
			0.0126	0.0359	0.0134
			0.0375	0.0134	0.0868
		A:
			0.0435	-0.2961	0.9542
			-0.6934	-0.6403	-0.3303
			-0.6832	0.0422	-0.729
			0.3774	-0.5927	0.7116
			0.4588	0.4167	-0.7848
			-0.242	0.942	0.2325
		b:
			293.9294
			-496.5531
			-351.7391
			67.3697
			-118.3664
			539.5168
	==================================================================================
	Q4:
		Shape: Polyhedra
		q_c:	86.0	456.5	448.0
		ub :	98.2259	468.2903	458.0294
		lb :	73.7741	444.7097	437.9706
		A:
			-0.0711	0.7826	-0.6184
			0.8833	0.3041	-0.3568
			0.119	0.7762	-0.6192
			0.9847	0.077	-0.1563
			0.4402	0.7121	-0.5469
			0.4335	0.9011	-0.0061
			0.9857	0.0878	0.1441
			-0.1098	-0.3152	0.9427
			0.1282	-0.9449	-0.3011
			-0.9857	-0.0878	-0.1441
			0.1098	0.3152	-0.9427
			-0.1282	0.9449	0.3011
		b:
			81.4498
			64.3727
			94.371
			60.0345
			125.7025
			455.3452
			199.9248
			274.9725
			-545.7155
			-178.9248
			-262.9725
			564.7155
	==================================================================================
	Q5:
		Shape: Polyhedra
		q_c:	82.5	476.0	456.0
		ub :	91.6997	484.4045	463.5191
		lb :	73.3003	467.5955	448.4809
		A:
			0.9331	-0.3577	-0.0364
			-0.6477	-0.59	-0.4821
			0.6436	-0.5667	-0.5145
			-0.4077	-0.8975	-0.1679
			-0.8624	0.3109	-0.3996
			0.72	0.4134	0.5574
			0.5924	0.2663	0.7604
			-0.4609	0.8861	0.0487
			-0.6608	-0.3793	0.6476
			-0.5924	-0.2663	-0.7604
			0.4609	-0.8861	-0.0487
			0.6608	0.3793	-0.6476
		b:
			-104.3201
			-549.6525
			-445.465
			-532.1382
			-100.5974
			514.6222
			526.3776
			411.4667
			66.7569
			-518.3776
			-400.4667
			-53.7569
	==================================================================================
	Q6:
		Shape: Hybrid
		q_c:	65.0	450.0	451.0
		ub :	74.1916	459.0471	456.9624
		lb :	55.8084	440.9529	445.0376
		P^-1:
			0.0342	0.0081	0.0158
			0.0081	0.0304	0.0086
			0.0158	0.0086	0.0738
		A:
			-0.1422	0.6019	0.7858
			0.3129	-0.9013	0.2995
			0.9023	0.1373	-0.4087
			-0.6818	-0.3581	-0.638
			0.1758	-0.3752	-0.9101
			0.3463	-0.1333	0.9286
		b:
			619.0682
			-245.7824
			-59.8286
			-490.8811
			-565.1681
			383.4377


===========================================================================================
===========================================================================================
S7:
	q_c:	156.5	64.5	244.0
	ub :	166.8321	73.8504	253.4949
	lb :	146.569	55.8039	237.0082

	==================================================================================
	Q1:
		Shape: Ellipse
		q_c:	161.0	70.5	250.5
		ub :	166.0684	73.8504	253.4949
		lb :	155.9316	67.1496	247.5051
		P^-1:
			0.0722	-0.0351	0.1193
			-0.0351	0.3474	-0.3517
			0.1193	-0.3517	0.7899
	==================================================================================
	Q2:
		Shape: Hybrid
		q_c:	155.5	60.5	248.0
		ub :	159.9475	65.1961	252.9227
		lb :	151.0525	55.8039	243.0773
		P^-1:
			0.071	-0.0291	-0.026
			-0.0291	0.1622	0.0889
			-0.026	0.0889	0.1418
		A:
			-0.5015	0.8275	0.2523
			0.8458	-0.007	-0.5335
			-0.7719	0.2301	0.5926
			0.7911	-0.5974	0.1314
			0.3575	-0.8495	-0.3879
			0.2292	0.8845	0.4065
		b:
			36.2646
			1.3422
			42.9825
			122.0491
			-90.7099
			191.6138
	==================================================================================
	Q3:
		Shape: Ellipse
		q_c:	163.0	63.5	245.0
		ub :	166.8321	65.465	248.987
		lb :	159.1679	61.535	241.013
		P^-1:
			0.5409	1.2094	0.1546
			1.2094	3.5147	0.4349
			0.1546	0.4349	0.1667
	==================================================================================
	Q4:
		Shape: Ellipse
		q_c:	150.0	61.5	246.0
		ub :	152.7394	64.8565	249.7003
		lb :	147.2606	58.1435	242.2997
		P^-1:
			0.2633	0.0536	0.0205
			0.0536	0.2914	0.1559
			0.0205	0.1559	0.2509
	==================================================================================
	Q5:
		Shape: Polyhedra
		q_c:	152.0	63.0	242.0
		ub :	157.431	67.5172	246.9918
		lb :	146.569	58.4828	237.0082
		A:
			-0.5474	-0.7924	0.2691
			-0.6183	0.5046	-0.6026
			-0.3267	-0.4876	0.8096
			0.115	-0.8011	0.5874
			0.0715	0.9806	-0.1825
			0.0529	0.8651	0.4988
			0.6251	0.6275	0.4642
			0.3463	-0.756	0.5555
			0.6995	-0.1865	-0.6899
			-0.6251	-0.6275	-0.4642
			-0.3463	0.756	-0.5555
			-0.6995	0.1865	0.6899
		b:
			-64.4651
			-205.891
			117.9705
			110.8685
			31.3409
			187.1875
			251.3869
			140.9478
			-69.3752
			-242.3869
			-137.9478
			75.3752
	==================================================================================
	Q6:
		Shape: Ellipse
		q_c:	160.0	68.5	243.5
		ub :	164.9204	72.9588	248.7749
		lb :	155.0796	64.0412	238.2251
		P^-1:
			0.0908	-0.0267	-0.0019
			-0.0267	0.1451	0.0196
			-0.0019	0.0196	0.0682


===========================================================================================
===========================================================================================
S8:
	q_c:	412.5	11.0	477.5
	ub :	419.5617	16.6234	482.4918
	lb :	409.3001	5.3451	472.1523

	==================================================================================
	Q1:
		Shape: Ellipse
		q_c:	414.0	10.0	480.0
		ub :	415.8663	10.9682	481.8162
		lb :	412.1337	9.0318	478.1838
		P^-1:
			0.969	-0.8841	-0.5182
			-0.8841	3.4986	0.6941
			-0.5182	0.6941	0.9768
	==================================================================================
	Q2:
		Shape: Ellipse
		q_c:	412.0	8.0	480.0
		ub :	414.6999	10.6549	482.4918
		lb :	409.3001	5.3451	477.5082
		P^-1:
			0.633	-0.3184	0.1397
			-0.3184	0.4237	-0.2248
			0.1397	-0.2248	0.5477
	==================================================================================
	Q3:
		Shape: Ellipse
		q_c:	413.5	12.0	476.0
		ub :	416.5651	14.8906	478.1563
		lb :	410.4349	9.1094	473.8437
		P^-1:
			0.2613	0.0032	-0.0453
			0.0032	0.2509	-0.013
			-0.0453	-0.013	0.4322
	==================================================================================
	Q4:
		Shape: Ellipse
		q_c:	417.0	12.5	479.0
		ub :	419.5617	14.6764	481.3787
		lb :	414.4383	10.3236	476.6213
		P^-1:
			0.4444	0.0	0.0
			0.0	0.4444	0.0
			0.0	0.0	0.4444
	==================================================================================
	Q5:
		Shape: Polyhedra
		q_c:	416.0	14.0	475.5
		ub :	417.9243	16.6234	478.1813
		lb :	414.0757	11.3766	472.8187
		A:
			-0.3433	-0.9138	-0.217
			0.4638	-0.2183	0.8586
			0.2998	0.9475	0.1111
			-0.5733	0.3931	0.7189
			0.1713	-0.7106	-0.6824
			-0.8304	0.4163	-0.3702
			0.7204	0.473	0.5072
			-0.6892	0.5697	0.4477
			-0.0772	-0.6721	0.7364
			-0.7204	-0.473	-0.5072
			0.6892	-0.5697	-0.4477
			0.0772	0.6721	-0.7364
		b:
			-257.2151
			599.9617
			192.4141
			110.0053
			-262.0034
			-514.2182
			548.99
			-64.8766
			310.6539
			-545.99
			66.8766
			-306.6539
	==================================================================================
	Q6:
		Shape: Hybrid
		q_c:	414.5	12.0	475.0
		ub :	417.6363	15.0524	477.8477
		lb :	411.3637	8.9476	472.1523
		P^-1:
			0.3286	0.0275	-0.0914
			0.0275	0.2596	-0.032
			-0.0914	-0.032	0.3562
		A:
			-0.0545	-0.9907	-0.1245
			-0.9044	0.1636	-0.3941
			0.7027	-0.6311	-0.3285
			-0.0367	-0.0578	0.9977
			-0.509	0.1177	-0.8527
			0.8734	0.4498	-0.1865
		b:
			-92.3632
			-558.8848
			128.7775
			458.9583
			-613.3892
			279.8013


===========================================================================================
===========================================================================================
S9:
	q_c:	511.0	299.0	237.0
	ub :	540.0199	330.0595	268.7187
	lb :	480.7578	267.9844	218.9295

	==================================================================================
	Q1:
		Shape: Hybrid
		q_c:	497.0	319.5	246.5
		ub :	502.2373	330.0595	257.5423
		lb :	491.7627	308.9405	235.4577
		P^-1:
			0.0783	-0.0096	0.0034
			-0.0096	0.0358	-0.0207
			0.0034	-0.0207	0.0269
		A:
			-0.9438	0.0531	-0.3263
			-0.8586	0.5127	-0.0017
			-0.3571	-0.449	-0.8191
			-0.4575	0.742	0.49
			0.1968	-0.847	0.4939
			0.5228	-0.7678	0.3705
		b:
			-529.9613
			-260.6972
			-515.1441
			137.1948
			-48.3133
			108.3444
	==================================================================================
	Q2:
		Shape: Hybrid
		q_c:	510.0	276.5	254.0
		ub :	524.2181	285.0156	267.344
		lb :	495.7819	267.9844	240.656
		P^-1:
			0.0104	-0.0012	-0.0005
			-0.0012	0.0203	-0.0
			-0.0005	-0.0	0.0108
		A:
			0.1205	-0.7313	0.6714
			0.7589	0.2079	0.6171
			0.683	0.7227	-0.1056
			0.2764	0.7505	0.6003
			0.9438	0.2917	-0.1553
			-0.2287	-0.5335	-0.8143
		b:
			34.6003
			607.7311
			526.6193
			505.9853
			528.7705
			-465.29
	==================================================================================
	Q3:
		Shape: Ellipse
		q_c:	497.0	302.5	232.0
		ub :	513.2422	314.5508	245.0705
		lb :	480.7578	290.4492	218.9295
		P^-1:
			0.0051	-0.0005	0.0016
			-0.0005	0.0208	0.0078
			0.0016	0.0078	0.019
	==================================================================================
	Q4:
		Shape: Polyhedra
		q_c:	514.5	295.5	234.0
		ub :	526.11	302.8019	244.7425
		lb :	502.89	288.1981	223.2575
		A:
			-0.2768	-0.8214	0.4988
			-0.7428	-0.6108	0.2741
			0.281	0.1104	-0.9533
			-0.6902	-0.72	-0.0728
			0.5459	-0.6889	-0.4769
			-0.7044	-0.7096	0.0171
			0.3942	0.0478	0.9178
			-0.8948	0.2476	0.3714
			-0.2095	-0.9677	0.1404
			-0.3942	-0.0478	-0.9178
			0.8948	-0.2476	-0.3714
			0.2095	0.9677	-0.1404
		b:
			-262.8969
			-491.9646
			-38.2375
			-578.773
			-26.5445
			-561.9506
			439.204
			-291.8025
			-355.883
			-424.204
			308.8025
			365.883
	==================================================================================
	Q5:
		Shape: Ellipse
		q_c:	526.0	314.0	252.0
		ub :	540.0199	326.7304	266.0319
		lb :	511.9801	301.2696	237.9681
		P^-1:
			0.0137	0.0004	-0.0018
			0.0004	0.0103	0.0006
			-0.0018	0.0006	0.014
	==================================================================================
	Q6:
		Shape: Hybrid
		q_c:	493.0	294.0	258.5
		ub :	500.1668	303.6563	268.7187
		lb :	485.8332	284.3437	248.2813
		P^-1:
			0.0204	-0.0001	-0.0
			-0.0001	0.0218	0.0034
			-0.0	0.0034	0.0174
		A:
			-0.3205	-0.6391	-0.6992
			0.3794	0.7765	0.5032
			-0.3111	0.2861	0.9063
			0.5404	0.8411	-0.0234
			-0.8991	-0.1115	-0.4232
			0.9285	-0.0821	0.3621
		b:
			-523.1713
			548.7333
			168.9912
			511.3447
			-581.641
			531.1093


===========================================================================================
===========================================================================================
S10:
	q_c:	159.0	163.0	189.0
	ub :	166.3171	174.3683	206.153
	lb :	144.8368	145.5244	172.0301

	==================================================================================
	Q1:
		Shape: Hybrid
		q_c:	159.5	163.0	198.0
		ub :	166.3171	170.15	205.1698
		lb :	152.6829	155.85	190.8302
		P^-1:
			0.037	-0.0149	0.0215
			-0.0149	0.0559	-0.0324
			0.0215	-0.0324	0.0791
		A:
			0.0959	-0.6866	-0.7207
			-0.0379	-0.2596	0.965
			-0.48	0.1039	-0.8711
			0.63	-0.1215	-0.767
			-0.6537	-0.6838	-0.3242
			-0.002	0.3929	-0.9196
		b:
			-235.3345
			145.0585
			-229.8978
			-67.0479
			-275.7277
			-116.2806
	==================================================================================
	Q2:
		Shape: Ellipse
		q_c:	160.0	154.0	197.5
		ub :	165.2118	159.9027	204.2719
		lb :	154.7882	148.0973	190.7281
		P^-1:
			0.1122	-0.0147	0.0413
			-0.0147	0.1753	-0.0969
			0.0413	-0.0969	0.0973
	==================================================================================
	Q3:
		Shape: Ellipse
		q_c:	157.0	168.0	191.5
		ub :	163.1282	174.3683	197.8199
		lb :	150.8718	161.6317	185.1801
		P^-1:
			0.0595	-0.0158	-0.0136
			-0.0158	0.086	-0.0245
			-0.0136	-0.0245	0.0872
	==================================================================================
	Q4:
		Shape: Ellipse
		q_c:	149.5	168.5	177.0
		ub :	154.1632	173.7333	181.9699
		lb :	144.8368	163.2667	172.0301
		P^-1:
			0.2481	-0.1009	-0.1681
			-0.1009	0.1303	0.053
			-0.1681	0.053	0.2265
	==================================================================================
	Q5:
		Shape: Ellipse
		q_c:	153.5	159.5	199.0
		ub :	159.5626	165.9524	206.153
		lb :	147.4374	153.0476	191.847
		P^-1:
			0.1034	-0.0432	-0.0453
			-0.0432	0.0823	0.0146
			-0.0453	0.0146	0.0699
	==================================================================================
	Q6:
		Shape: Ellipse
		q_c:	155.0	154.5	187.5
		ub :	161.2	163.4756	195.8066
		lb :	148.8	145.5244	179.1934
		P^-1:
			0.0474	0.0056	-0.0038
			0.0056	0.0298	0.0065
			-0.0038	0.0065	0.0358


===========================================================================================
===========================================================================================
S11:
	q_c:	23.5	338.0	194.0
	ub :	39.1362	360.1685	212.8591
	lb :	8.2874	317.0373	174.7836

	==================================================================================
	Q1:
		Shape: Polyhedra
		q_c:	29.5	342.0	199.5
		ub :	36.72	347.816	207.116
		lb :	22.28	336.184	191.884
		A:
			0.7942	-0.432	0.4273
			-0.2299	0.9202	0.3167
			-0.756	0.6	-0.2615
			0.7473	0.2864	-0.5995
			-0.2273	-0.9358	0.2693
			-0.4724	0.7427	0.4746
			0.6449	0.3085	0.6993
			0.5297	-0.8399	-0.118
			0.5509	0.4465	-0.7051
			-0.6449	-0.3085	-0.6993
			-0.5297	0.8399	0.118
			-0.5509	-0.4465	0.7051
		b:
			-35.9887
			373.5
			133.351
			6.6952
			-268.0122
			337.4749
			268.0162
			-293.1764
			34.7994
			-260.0162
			297.1764
			-21.7994
	==================================================================================
	Q2:
		Shape: Ellipse
		q_c:	15.0	344.5	190.0
		ub :	21.7126	351.754	197.8583
		lb :	8.2874	337.246	182.1417
		P^-1:
			0.0469	-0.0121	0.01
			-0.0121	0.0548	-0.0207
			0.01	-0.0207	0.053
	==================================================================================
	Q3:
		Shape: Polyhedra
		q_c:	29.0	350.5	200.5
		ub :	39.1362	360.1685	207.554
		lb :	18.8638	340.8315	193.446
		A:
			0.2818	-0.4568	0.8438
			-0.7137	0.4143	-0.5648
			-0.9619	0.2412	0.1284
			-0.9543	-0.2734	-0.1208
			0.5857	0.4332	-0.6851
			-0.1695	0.4853	-0.8577
			0.6899	0.6504	0.3179
			0.6525	-0.7488	0.1159
			0.3134	0.1275	-0.941
			-0.6899	-0.6504	-0.3179
			-0.6525	0.7488	-0.1159
			-0.3134	-0.1275	0.941
		b:
			22.6519
			17.5561
			88.6462
			-141.3206
			36.4908
			-1.5241
			318.1928
			-213.8127
			-130.4126
			-305.1928
			226.8127
			139.4126
	==================================================================================
	Q4:
		Shape: Hybrid
		q_c:	18.5	342.5	202.0
		ub :	25.7524	353.1556	212.8591
		lb :	11.2476	331.8444	191.1409
		P^-1:
			0.0724	-0.0215	-0.0037
			-0.0215	0.0318	-0.0064
			-0.0037	-0.0064	0.0176
		A:
			-0.552	-0.2329	0.8007
			0.9061	-0.0481	-0.4202
			0.8666	0.407	0.2888
			0.0361	0.3894	-0.9204
			0.3174	-0.7721	0.5506
			-0.9012	-0.4207	0.1039
		b:
			76.2083
			-81.9225
			218.809
			-46.6574
			-143.7895
			-135.9396
	==================================================================================
	Q5:
		Shape: Ellipse
		q_c:	27.0	326.5	184.0
		ub :	34.7079	335.9627	193.2164
		lb :	19.2921	317.0373	174.7836
		P^-1:
			0.0654	-0.0031	-0.0254
			-0.0031	0.0198	-0.0028
			-0.0254	-0.0028	0.0419
	==================================================================================
	Q6:
		Shape: Ellipse
		q_c:	17.0	335.5	193.5
		ub :	24.2083	344.1614	202.4856
		lb :	9.7917	326.8386	184.5144
		P^-1:
			0.0438	0.0042	-0.0065
			0.0042	0.0347	-0.0025
			-0.0065	-0.0025	0.037


===========================================================================================
===========================================================================================
S12:
	q_c:	208.0	275.5	107.5
	ub :	235.7435	296.4461	119.268
	lb :	180.242	248.6228	77.4592

	==================================================================================
	Q1:
		Shape: Polyhedra
		q_c:	220.0	257.5	91.0
		ub :	229.5345	266.3772	97.261
		lb :	210.4655	248.6228	84.739
		A:
			0.5868	-0.1658	0.7926
			0.3063	-0.9157	-0.2601
			-0.4598	-0.3412	-0.8199
			0.6186	-0.7112	-0.334
			0.7842	-0.6201	-0.0204
			0.5669	-0.8237	0.0121
			0.8263	0.5421	0.1526
			0.4312	-0.4347	-0.7907
			-0.3623	0.7191	-0.5929
			-0.8263	-0.5421	-0.1526
			-0.4312	0.4347	0.7907
			0.3623	-0.7191	0.5929
		b:
			164.0653
			-187.874
			-257.5343
			-73.8722
			15.4606
			-82.2277
			343.278
			-86.0098
			56.0091
			-327.278
			92.0098
			-47.0091
	==================================================================================
	Q2:
		Shape: Hybrid
		q_c:	204.5	261.5	107.0
		ub :	217.7051	272.1319	116.4905
		lb :	191.2949	250.8681	97.5095
		P^-1:
			0.0171	0.0145	0.0274
			0.0145	0.0554	0.0634
			0.0274	0.0634	0.1123
		A:
			-0.3544	-0.1366	-0.9251
			-0.0476	0.7923	0.6083
			0.6912	-0.0243	-0.7223
			0.0977	-0.1279	-0.987
			-0.7436	-0.5553	-0.3723
			0.3205	0.3586	0.8768
		b:
			-204.3801
			265.3482
			65.8483
			-114.7845
			-331.2613
			254.8353
	==================================================================================
	Q3:
		Shape: Ellipse
		q_c:	214.0	265.5	88.0
		ub :	229.0632	280.688	98.5408
		lb :	198.9368	250.312	77.4592
		P^-1:
			0.0146	0.0064	-0.0038
			0.0064	0.0135	-0.0047
			-0.0038	-0.0047	0.0229
	==================================================================================
	Q4:
		Shape: Hybrid
		q_c:	225.0	269.5	113.5
		ub :	235.7435	280.1126	119.268
		lb :	214.2565	258.8874	107.732
		P^-1:
			0.0224	0.0138	-0.0279
			0.0138	0.0493	-0.0787
			-0.0279	-0.0787	0.2142
		A:
			0.1134	0.043	-0.9926
			-0.6215	-0.0676	-0.7805
			-0.0283	0.1067	-0.9939
			0.1857	0.8178	-0.5448
			0.4499	-0.6922	0.5643
			0.107	-0.6436	0.7578
		b:
			-73.4434
			-241.8919
			-88.4755
			203.8114
			-16.5157
			-60.7305
	==================================================================================
	Q5:
		Shape: Polyhedra
		q_c:	191.0	286.0	87.0
		ub :	201.758	296.4461	96.2002
		lb :	180.242	275.5539	77.7998
		A:
			0.4953	-0.8637	0.0933
			-0.4389	-0.2019	-0.8755
			0.9625	0.2626	0.0683
			0.976	-0.04	0.214
			0.1626	0.9102	-0.3808
			0.604	-0.5651	-0.5619
			0.5121	0.8166	0.2662
			0.8385	-0.5425	0.0512
			0.1862	0.197	-0.9626
			-0.5121	-0.8166	-0.2662
			-0.8385	0.5425	-0.0512
			-0.1862	-0.197	0.9626
		b:
			-137.0333
			-210.7973
			271.6289
			200.7248
			265.0114
			-87.7801
			360.5283
			16.9367
			15.6629
			-348.5283
			-1.9367
			-0.6629
	==================================================================================
	Q6:
		Shape: Polyhedra
		q_c:	204.0	274.5	106.5
		ub :	213.7729	282.8161	111.5362
		lb :	194.2271	266.1839	101.4638
		A:
			0.094	-0.3697	-0.9244
			-0.3257	-0.0628	-0.9434
			0.5942	0.0746	-0.8009
			-0.0056	-0.8408	-0.5413
			-0.4332	0.3843	0.8153
			0.49	0.2558	0.8334
			0.1046	0.3655	0.9249
			-0.9901	0.1254	0.0624
			-0.0932	-0.9223	0.375
			-0.1046	-0.3655	-0.9249
			0.9901	-0.1254	-0.0624
			0.0932	0.9223	-0.375
		b:
			-178.108
			-180.6523
			62.9181
			-285.1118
			109.0001
			262.9765
			222.1588
			-151.9133
			-225.2617
			-218.1588
			169.9133
			239.2617


===========================================================================================
===========================================================================================
S13:
	q_c:	369.5	465.0	245.5
	ub :	385.0217	481.2491	262.4116
	lb :	354.1631	455.0143	223.9636

	==================================================================================
	Q1:
		Shape: Polyhedra
		q_c:	367.5	473.5	251.5
		ub :	371.3522	480.1625	256.9066
		lb :	363.6478	466.8375	246.0934
		A:
			-0.5632	-0.0262	-0.8259
			-0.0408	-0.4153	0.9088
			-0.9091	-0.3413	-0.239
			0.9573	-0.2333	-0.1709
			0.2378	-0.7886	0.567
			-0.8955	0.1672	-0.4124
			0.9399	0.039	0.3393
			0.0428	-0.9991	-0.0038
			0.3388	0.0181	-0.9407
			-0.9399	-0.039	-0.3393
			-0.0428	0.9991	0.0038
			-0.3388	-0.0181	0.9407
		b:
			-423.7441
			22.0674
			-553.0078
			201.8014
			-137.6855
			-351.2796
			451.2003
			-451.7761
			-98.5032
			-447.2003
			464.7761
			108.5032
	==================================================================================
	Q2:
		Shape: Polyhedra
		q_c:	364.5	470.5	238.5
		ub :	374.8369	480.862	245.0148
		lb :	354.1631	460.138	231.9852
		A:
			0.7277	-0.5449	-0.4166
			-0.5634	-0.0002	-0.8262
			0.3418	-0.9249	-0.1665
			0.489	-0.8069	0.3314
			-0.9565	0.0325	-0.2898
			-0.8193	-0.3253	-0.4722
			0.6568	0.7538	0.0224
			0.7198	-0.6355	0.2793
			0.2247	-0.1673	-0.9599
			-0.6568	-0.7538	-0.0224
			-0.7198	0.6355	-0.2793
			-0.2247	0.1673	0.9599
		b:
			-85.1505
			-396.762
			-344.2216
			-116.6509
			-395.9181
			-557.1618
			607.3691
			35.5032
			-220.7637
			-591.3691
			-24.5032
			230.7637
	==================================================================================
	Q3:
		Shape: Polyhedra
		q_c:	375.0	468.0	252.5
		ub :	382.3084	476.7906	260.7095
		lb :	367.6916	459.2094	244.2905
		A:
			0.1607	-0.2346	-0.9587
			0.5283	0.6499	0.5464
			-0.6436	0.0921	0.7598
			-0.7233	0.4405	0.5317
			0.9245	-0.3568	-0.1341
			-0.6067	0.7866	-0.1146
			0.3104	0.2963	0.9033
			-0.8433	0.5244	0.1177
			-0.4388	-0.7982	0.4126
			-0.3104	-0.2963	-0.9033
			0.8433	-0.5244	-0.1177
			0.4388	0.7982	-0.4126
		b:
			-286.2516
			646.1761
			-1.3455
			72.8484
			149.0914
			115.6174
			488.6295
			-38.0832
			-426.9393
			-477.6295
			44.0832
			440.9393
	==================================================================================
	Q4:
