3D_40_13_6_d                l = 3

===========================================================================================
===========================================================================================
S1:
	q_c:	195.0	277.5	258.0
	ub :	215.1428	293.1461	274.1413
	lb :	179.6503	267.0305	239.4755

	==================================================================================
	Q1:
		Shape: Polyhedra
		q_c:	192.0	288.5	264.0
		ub :	197.0445	293.1461	266.2862
		lb :	186.9555	283.8539	261.7138
		A:
			-0.5529	0.3839	-0.7395
			0.0499	0.0471	-0.9976
			0.3858	-0.4191	0.8219
			-0.1394	-0.9855	-0.0964
			0.1716	0.6038	-0.7785
			0.2908	0.4239	-0.8577
			0.4957	0.8548	0.1538
			0.8611	-0.4607	-0.2151
			-0.113	0.2391	-0.9644
			-0.4957	-0.8548	-0.1538
			-0.8611	0.4607	0.2151
			0.113	-0.2391	0.9644
		b:
			-188.4608
			-238.8323
			171.8234
			-333.4048
			3.3239
			-46.5708
			385.3791
			-20.3592
			-206.3285
			-379.3791
			28.3592
			208.3285
	==================================================================================
	Q2:
		Shape: Hybrid
		q_c:	191.0	273.5	265.0
		ub :	196.499	278.7431	272.3104
		lb :	185.501	268.2569	257.6896
		P^-1:
			0.1855	-0.0425	-0.0732
			-0.0425	0.1351	0.0478
			-0.0732	0.0478	0.0609
		A:
			-0.2162	0.8663	0.4503
			0.8193	0.4417	-0.3654
			-0.9842	0.0345	0.1735
			0.4519	-0.8146	-0.3636
			0.8969	-0.1235	-0.4247
			0.4787	-0.6756	-0.5607
		b:
			316.5408
			182.3653
			-130.9782
			-231.5836
			26.1648
			-240.471
	==================================================================================
	Q3:
		Shape: Ellipse
		q_c:	187.5	277.5	247.0
		ub :	195.3497	285.8093	254.5245
		lb :	179.6503	269.1907	239.4755
		P^-1:
			0.0279	0.0011	0.0009
			0.0011	0.0208	0.0017
			0.0009	0.0017	0.0326
	==================================================================================
	Q4:
		Shape: Ellipse
		q_c:	207.0	276.5	254.0
		ub :	215.1428	285.327	261.782
		lb :	198.8572	267.673	246.218
		P^-1:
			0.0459	-0.0143	-0.0098
			-0.0143	0.0391	0.0077
			-0.0098	0.0077	0.0331
	==================================================================================
	Q5:
		Shape: Polyhedra
		q_c:	203.0	277.5	263.0
		ub :	214.7323	286.7612	274.1413
		lb :	191.2677	268.2388	251.8587
		A:
			-0.2758	0.9398	0.2019
			-0.5378	0.8386	0.0871
			0.9211	0.2014	0.3331
			-0.4801	-0.2496	-0.841
			0.7639	0.5362	0.3591
			-0.0368	0.9806	-0.1926
			0.4667	0.8763	0.1197
			0.6515	-0.2491	-0.7166
			-0.5981	0.4125	-0.6871
			-0.4667	-0.8763	-0.1197
			-0.6515	0.2491	0.7166
			0.5981	-0.4125	0.6871
		b:
			264.3374
			153.4133
			336.8536
			-381.2756
			403.8822
			219.7385
			374.3941
			-117.3404
			-180.6754
			-364.3941
			133.3404
			194.6754
	==================================================================================
	Q6:
		Shape: Ellipse
		q_c:	193.0	274.5	265.5
		ub :	199.5967	281.9695	271.9519
		lb :	186.4033	267.0305	259.0481
		P^-1:
			0.042	0.0036	-0.0015
			0.0036	0.0506	0.0062
			-0.0015	0.0062	0.0592


===========================================================================================
===========================================================================================
S2:
	q_c:	314.0	323.0	98.5
	ub :	326.474	332.9048	112.3454
	lb :	301.3771	311.0369	84.5765

	==================================================================================
	Q1:
		Shape: Ellipse
		q_c:	306.0	320.5	105.5
		ub :	310.6229	326.432	111.271
		lb :	301.3771	314.568	99.729
		P^-1:
			0.1431	-0.0348	-0.0123
			-0.0348	0.0775	0.0053
			-0.0123	0.0053	0.0644
	==================================================================================
	Q2:
		Shape: Polyhedra
		q_c:	321.0	328.5	90.5
		ub :	326.474	332.9048	96.4235
		lb :	315.526	324.0952	84.5765
		A:
			0.4485	-0.2299	0.8637
			-0.599	-0.8003	-0.0271
			-0.3415	0.7242	0.5991
			0.8552	0.4658	0.2273
			0.2584	0.2876	-0.9222
			0.1024	0.3924	0.9141
			0.6033	0.1701	0.7791
			-0.7916	0.2462	0.5592
			-0.0967	-0.9542	0.2832
			-0.6033	-0.1701	-0.7791
			0.7916	-0.2462	-0.5592
			0.0967	0.9542	-0.2832
		b:
			150.4291
			-454.2914
			185.9415
			451.8181
			97.4484
			248.357
			324.0703
			-119.126
			-315.8438
			-316.0703
			126.126
			321.8438
	==================================================================================
	Q3:
		Shape: Polyhedra
		q_c:	313.5	323.5	102.5
		ub :	320.0139	329.0966	109.3119
		lb :	306.9861	317.9034	95.6881
		A:
			0.6899	0.6471	-0.3244
			0.7506	-0.1765	-0.6368
			-0.78	-0.1226	-0.6136
			-0.3371	-0.2247	-0.9143
			-0.1774	0.4726	0.8632
			0.8568	-0.4156	-0.3051
			0.2252	0.9146	0.3359
			-0.6406	0.3988	-0.6562
			-0.7341	-0.0674	0.6757
			-0.2252	-0.9146	-0.3359
			0.6406	-0.3988	0.6562
			0.7341	0.0674	-0.6757
		b:
			395.6117
			116.0414
			-342.0578
			-267.4519
			189.2224
			106.747
			404.3946
			-133.5967
			-179.6921
			-397.3946
			144.5967
			185.6921
	==================================================================================
	Q4:
		Shape: Polyhedra
		q_c:	311.5	323.0	93.0
		ub :	317.2698	328.6309	97.3246
		lb :	305.7302	317.3691	88.6754
		A:
			-0.132	0.8598	-0.4933
			0.7533	-0.512	-0.4128
			-0.6099	-0.6467	-0.4581
			0.514	0.6437	0.567
			-0.1674	-0.8761	-0.4522
			-0.3548	0.85	-0.3894
			0.8476	0.5304	0.0169
			0.0251	-0.072	0.9971
			0.53	-0.8447	-0.0743
			-0.8476	-0.5304	-0.0169
			-0.0251	0.072	-0.9971
			-0.53	0.8447	0.0743
		b:
			194.4941
			34.6026
			-437.1042
			425.0304
			-373.1887
			131.4637
			441.4096
			81.311
			-111.1441
			-432.4096
			-73.311
			118.1441
	==================================================================================
	Q5:
		Shape: Hybrid
		q_c:	314.5	319.5	96.5
		ub :	323.3927	327.9631	105.6545
		lb :	305.6073	311.0369	87.3455
		P^-1:
			0.0435	-0.016	-0.0038
			-0.016	0.0426	0.0103
			-0.0038	0.0103	0.0331
		A:
			-0.6718	0.7365	-0.0793
			-0.3854	-0.9004	-0.2019
			-0.0995	0.994	0.0455
			0.3785	-0.4656	-0.8
			0.747	-0.17	-0.6428
			-0.737	-0.2138	-0.6412
		b:
			18.7561
			-424.6114
			293.8169
			-104.2886
			121.5795
			-358.4591
	==================================================================================
	Q6:
		Shape: Ellipse
		q_c:	307.5	323.5	108.5
		ub :	312.0628	328.2977	112.3454
		lb :	302.9372	318.7023	104.6546
		P^-1:
			0.2114	0.012	-0.1487
			0.012	0.1184	0.0712
			-0.1487	0.0712	0.3371


===========================================================================================
===========================================================================================
S3:
	q_c:	130.0	344.0	215.5
	ub :	146.9394	362.9812	232.6901
	lb :	112.549	332.3942	204.3025

	==================================================================================
	Q1:
		Shape: Hybrid
		q_c:	122.5	339.5	214.5
		ub :	128.9038	345.7309	219.7357
		lb :	116.0962	333.2691	209.2643
		P^-1:
			0.0777	0.0188	-0.0167
			0.0188	0.0645	-0.0006
			-0.0167	-0.0006	0.1
		A:
			-0.0057	0.114	-0.9935
			-0.45	-0.7871	-0.4219
			-0.832	0.1182	-0.5421
			0.0597	-0.7713	-0.6337
			0.764	-0.2843	-0.5792
			-0.1789	0.8296	0.5289
		b:
			-173.3324
			-410.7802
			-175.5118
			-388.246
			-125.0855
			375.585
	==================================================================================
	Q2:
		Shape: Hybrid
		q_c:	139.5	355.5	212.5
		ub :	146.9394	362.9812	220.6975
		lb :	132.0606	348.0188	204.3025
		P^-1:
			0.042	-0.0111	0.0059
			-0.0111	0.0468	-0.0261
			0.0059	-0.0261	0.0565
		A:
			-0.3838	-0.3973	0.8336
			0.3447	0.1892	-0.9195
			0.8275	0.5444	0.1374
			0.7904	-0.4027	-0.4616
			0.7552	-0.6159	-0.2244
			0.7931	-0.26	0.5508
		b:
			-15.1643
			-77.2824
			342.2724
			-127.5795
			-158.0439
			137.8846
	==================================================================================
	Q3:
		Shape: Ellipse
		q_c:	133.0	351.0	219.5
		ub :	138.6244	356.204	224.5604
		lb :	127.3756	345.796	214.4396
		P^-1:
			0.0943	0.0091	0.0212
			0.0091	0.0651	0.0061
			0.0212	0.0061	0.0767
	==================================================================================
	Q4:
		Shape: Polyhedra
		q_c:	120.0	341.0	226.0
		ub :	127.451	346.9338	232.6901
		lb :	112.549	335.0662	219.3099
		A:
			-0.3972	-0.4694	-0.7886
			-0.4218	-0.4182	-0.8045
			0.5752	0.5296	0.6235
			-0.4999	-0.6802	-0.5361
			0.0968	0.27	-0.958
			0.1034	0.5196	0.8481
			0.4679	0.4811	0.7413
			-0.8683	0.0942	0.4869
			0.1645	-0.8716	0.4619
			-0.4679	-0.4811	-0.7413
			0.8683	-0.0942	-0.4869
			-0.1645	0.8716	-0.4619
		b:
			-384.8
			-373.8662
			391.995
			-411.2103
			-107.6103
			384.0571
			388.7601
			44.9522
			-167.5859
			-386.7601
			-30.9522
			178.5859
	==================================================================================
	Q5:
		Shape: Polyhedra
		q_c:	134.5	341.0	220.5
		ub :	141.799	349.6058	228.3769
		lb :	127.201	332.3942	212.6231
		A:
			-0.6659	0.5835	0.465
			0.9751	-0.2191	0.0335
			0.2147	0.9597	0.1812
			0.2694	-0.5388	-0.7982
			0.2231	-0.0209	0.9746
			0.5556	-0.4124	-0.722
			0.7623	0.5388	0.3586
			0.2119	-0.7313	0.6483
			0.6115	-0.4182	-0.6717
			-0.7623	-0.5388	-0.3586
			-0.2119	0.7313	-0.6483
			-0.6115	0.4182	0.6717
		b:
			215.2351
			68.4883
			401.4576
			-320.0112
			243.0241
			-222.0806
			370.8257
			-71.9165
			-205.4649
			-359.8257
			83.9165
			211.4649
	==================================================================================
	Q6:
		Shape: Hybrid
		q_c:	133.0	348.0	208.0
		ub :	137.6717	352.6286	211.6799
		lb :	128.3283	343.3714	204.3201
		P^-1:
			0.1652	0.0415	0.0613
			0.0415	0.1023	0.0323
			0.0613	0.0323	0.1752
		A:
			0.9826	-0.122	-0.1402
			-0.3519	0.131	-0.9268
			-0.8839	-0.2144	-0.4156
			-0.5151	-0.5057	-0.692
			0.8024	0.4117	0.432
			-0.873	-0.3311	-0.3581
		b:
			60.9844
			-192.5551
			-277.4424
			-387.3512
			340.961
			-304.6425


===========================================================================================
===========================================================================================
S4:
	q_c:	50.0	421.5	134.5
	ub :	72.9413	442.5535	152.7703
	lb :	28.9025	392.0167	121.3127

	==================================================================================
	Q1:
		Shape: Ellipse
		q_c:	59.5	404.0	133.5
		ub :	72.9413	415.9833	145.6873
		lb :	46.0587	392.0167	121.3127
		P^-1:
			0.0205	-0.0046	0.0113
			-0.0046	0.0236	-0.0102
			0.0113	-0.0102	0.0227
	==================================================================================
	Q2:
		Shape: Ellipse
		q_c:	64.0	406.0	143.0
		ub :	71.5341	413.5626	150.3061
		lb :	56.4659	398.4374	135.6939
		P^-1:
			0.1898	0.1089	-0.1645
			0.1089	0.1338	-0.1302
			-0.1645	-0.1302	0.1859
	==================================================================================
	Q3:
		Shape: Hybrid
		q_c:	45.0	431.5	144.0
		ub :	53.3599	439.9207	152.7703
		lb :	36.6401	423.0793	135.2297
		P^-1:
			0.0333	0.0025	0.0059
			0.0025	0.0431	-0.0071
			0.0059	-0.0071	0.0408
		A:
			-0.5341	0.7032	-0.4693
			0.0721	-0.6383	0.7664
			-0.4919	-0.7329	0.4701
			0.0038	-0.3482	-0.9374
			-0.4875	-0.7178	0.4971
			0.1698	-0.8864	0.4306
		b:
			214.3787
			-159.5364
			-268.0848
			-281.9291
			-257.4928
			-310.4665
	==================================================================================
	Q4:
		Shape: Ellipse
		q_c:	60.5	422.0	141.0
		ub :	69.1953	429.082	149.1339
		lb :	51.8047	414.918	132.8661
		P^-1:
			0.0457	0.0111	0.0248
			0.0111	0.0409	0.0142
			0.0248	0.0142	0.0518
	==================================================================================
	Q5:
		Shape: Ellipse
		q_c:	54.5	412.0	136.0
		ub :	61.9128	421.4535	145.4251
		lb :	47.0872	402.5465	126.5749
		P^-1:
			0.0511	-0.0159	-0.0242
			-0.0159	0.0328	0.014
			-0.0242	0.014	0.045
	==================================================================================
	Q6:
		Shape: Ellipse
		q_c:	37.0	434.0	139.0
		ub :	45.0975	442.5535	146.2781
		lb :	28.9025	425.4465	131.7219
		P^-1:
			0.044	-0.0069	0.0019
			-0.0069	0.0406	0.0026
			0.0019	0.0026	0.0378


===========================================================================================
===========================================================================================
S5:
	q_c:	513.0	201.5	312.5
	ub :	538.5185	211.9956	343.5462
	lb :	495.4903	174.0034	285.479

	==================================================================================
	Q1:
		Shape: Hybrid
		q_c:	506.0	199.0	325.5
		ub :	513.8274	208.9842	336.6972
		lb :	498.1726	189.0158	314.3028
		P^-1:
			0.0381	-0.004	-0.0055
			-0.004	0.0293	-0.0077
			-0.0055	-0.0077	0.018
		A:
			0.5507	-0.826	0.1199
			-0.285	0.8289	-0.4813
			-0.5233	-0.3612	0.7718
			0.8506	0.4239	-0.3112
			-0.4245	-0.6262	0.654
			-0.4248	-0.7974	-0.4285
		b:
			156.1515
			-132.9662
			-81.9819
			416.2603
			-123.4652
			-507.5464
	==================================================================================
	Q2:
		Shape: Hybrid
		q_c:	515.0	189.0	305.5
		ub :	519.0644	197.4436	312.8587
		lb :	510.9356	180.5564	298.1413
		P^-1:
			0.108	-0.0067	0.0118
			-0.0067	0.0254	-0.0116
			0.0118	-0.0116	0.0475
		A:
			0.9575	-0.1595	-0.2403
			-0.2112	0.7195	-0.6616
			0.9287	0.369	0.0376
			0.9258	0.3605	0.1133
			0.7876	0.1772	-0.5902
			0.138	0.5645	-0.8138
		b:
			391.6006
			-171.5726
			561.9379
			582.0389
			261.291
			-67.7252
	==================================================================================
	Q3:
		Shape: Polyhedra
		q_c:	527.5	201.0	306.0
		ub :	538.5185	208.6668	315.9984
		lb :	516.4815	193.3332	296.0016
		A:
			0.1548	-0.9509	0.2679
			-0.0303	0.8303	-0.5565
			0.563	0.77	-0.3001
			-0.3452	-0.8001	0.4906
			0.284	0.6101	-0.7397
			0.7477	0.3785	-0.5456
			0.6384	0.1714	0.7503
			-0.6644	0.6149	0.4248
			-0.3885	-0.7698	0.5065
			-0.6384	-0.1714	-0.7503
			0.6644	-0.6149	-0.4248
			0.3885	0.7698	-0.5065
		b:
			-22.3592
			-15.7968
			362.4006
			-191.2159
			48.7672
			308.078
			608.3378
			-88.3819
			-203.1975
			-593.3378
			105.3819
			206.1975
	==================================================================================
	Q4:
		Shape: Polyhedra
		q_c:	525.0	187.5	299.0
		ub :	533.6563	200.7507	312.521
		lb :	516.3437	174.2493	285.479
		A:
			0.3745	-0.2437	-0.8946
			-0.8625	-0.4158	-0.2886
			-0.9077	0.4183	0.0328
			0.9276	-0.0825	0.3644
			0.463	-0.6069	-0.646
			-0.6908	-0.2364	0.6833
			0.2303	0.7242	0.65
			-0.1156	0.6836	-0.7206
			-0.9662	0.0908	0.2411
			-0.2303	-0.7242	-0.65
			0.1156	-0.6836	0.7206
			0.9662	-0.0908	-0.2411
		b:
			-107.9215
			-608.4967
			-382.475
			587.3586
			-54.8492
			-196.536
			462.0387
			-140.9603
			-412.6556
			-440.0387
			154.9603
			423.6556
	==================================================================================
	Q5:
		Shape: Polyhedra
		q_c:	503.0	203.0	334.0
		ub :	509.9356	211.9956	343.5462
		lb :	496.0644	194.0044	324.4538
		A:
			0.3485	-0.5196	-0.7801
			0.8804	0.4245	-0.2114
			-0.8173	0.391	0.4233
			-0.0076	-0.8444	-0.5356
			0.6528	0.3415	-0.6762
			0.3666	-0.2883	0.8846
			0.8172	0.5157	0.2573
			-0.0348	-0.4015	0.9152
			0.5753	-0.7569	-0.3102
			-0.8172	-0.5157	-0.2573
			0.0348	0.4015	-0.9152
			-0.5753	0.7569	0.3102
		b:
			-185.2554
			463.8629
			-185.5064
			-349.3624
			178.4245
			428.4624
			606.6816
			214.1926
			36.6156
			-596.6816
			-199.1926
			-27.6156
	==================================================================================
	Q6:
		Shape: Hybrid
		q_c:	504.5	183.0	307.0
		ub :	513.5097	191.9966	319.7091
		lb :	495.4903	174.0034	294.2909
		P^-1:
			0.0534	-0.0187	-0.0085
			-0.0187	0.0665	-0.0187
			-0.0085	-0.0187	0.0187
		A:
			0.805	-0.5381	-0.2498
			0.7711	0.5286	-0.355
			-0.8366	-0.4323	0.3364
			0.8158	0.4478	-0.3661
			-0.5934	-0.4997	-0.631
			-0.7026	0.7057	-0.0919
		b:
			233.464
			379.739
			-394.9451
			383.9822
			-575.5035
			-251.6805


===========================================================================================
===========================================================================================
S6:
	q_c:	160.5	490.5	193.0
	ub :	179.3783	500.736	206.6969
	lb :	145.6787	473.1047	176.5269

	==================================================================================
	Q1:
		Shape: Polyhedra
		q_c:	166.0	482.5	198.5
		ub :	171.873	485.476	205.7978
		lb :	160.127	479.524	191.2022
		A:
			0.4189	0.8618	0.286
			-0.5886	-0.7772	-0.2225
			-0.4625	-0.7857	-0.4108
			-0.516	-0.8366	-0.1841
			-0.7797	-0.5288	-0.3353
			-0.2018	-0.9214	-0.332
			0.5062	0.8232	0.2573
			0.7683	-0.5659	0.2991
			0.3918	0.0463	-0.9189
			-0.5062	-0.8232	-0.2573
			-0.7683	0.5659	-0.2991
			-0.3918	-0.0463	0.9189
		b:
			542.8382
			-516.1521
			-536.2629
			-525.1552
			-449.4681
			-542.3248
			532.7688
			-82.1566
			-88.5342
			-531.7688
			90.1566
			101.5342
	==================================================================================
	Q2:
		Shape: Polyhedra
		q_c:	152.5	493.5	194.0
		ub :	157.9104	500.736	201.6904
		lb :	147.0896	486.264	186.3096
		A:
			0.4327	-0.8561	-0.2826
			-0.8089	-0.2924	0.5101
			-0.8033	0.1087	0.5856
			-0.7777	0.6223	0.089
			-0.6062	-0.5734	0.5511
			-0.9481	-0.3172	-0.0231
			0.129	0.6195	0.7743
			-0.1717	0.783	-0.5978
			-0.9767	-0.0559	0.2074
			-0.129	-0.6195	-0.7743
			0.1717	-0.783	0.5978
			0.9767	0.0559	-0.2074
		b:
			-406.4974
			-164.5141
			48.9455
			210.2272
			-264.0176
			-301.4705
			480.6115
			249.2514
			-132.2698
			-470.6115
			-239.2514
			140.2698
	==================================================================================
	Q3:
		Shape: Hybrid
		q_c:	168.5	490.5	182.5
		ub :	176.9088	499.3983	188.4731
		lb :	160.0912	481.6017	176.5269
		P^-1:
			0.0503	0.0072	-0.0426
			0.0072	0.0435	-0.0414
			-0.0426	-0.0414	0.1265
		A:
			-0.0206	0.0927	-0.9955
			-0.6711	0.3437	-0.6569
			-0.0859	0.9789	-0.1852
			-0.2586	0.4258	-0.8671
			-0.5133	-0.4372	0.7385
			0.9522	-0.1658	-0.2565
		b:
			-137.1315
			-60.5921
			436.0028
			9.587
			-164.551
			35.6897
	==================================================================================
	Q4:
		Shape: Polyhedra
		q_c:	155.5	482.0	188.5
		ub :	162.2156	487.1901	194.0898
		lb :	148.7844	476.8099	182.9102
		A:
			-0.3341	0.8289	0.4487
			-0.1157	0.2914	-0.9496
			0.4858	0.2375	0.8412
			-0.5325	-0.0431	-0.8453
			-0.1298	-0.3487	0.9282
			0.1096	-0.6114	0.7837
			0.4889	0.0072	0.8723
			-0.8655	0.1284	0.4841
			-0.1085	-0.9917	0.069
			-0.4889	-0.0072	-0.8723
			0.8655	-0.1284	-0.4841
			0.1085	0.9917	-0.069
		b:
			436.988
			-52.9767
			351.6681
			-259.9266
			-9.2301
			-126.0793
			246.9092
			24.0321
			-477.3728
			-240.9092
			-13.0321
			486.3728
	==================================================================================
	Q5:
		Shape: Polyhedra
		q_c:	151.0	495.5	197.5
		ub :	156.3213	500.6295	203.3935
		lb :	145.6787	490.3705	191.6065
		A:
			-0.223	-0.9626	0.1536
			0.1893	0.1269	-0.9737
			0.5971	-0.6588	-0.4576
			-0.2138	-0.397	0.8926
			0.8551	-0.4556	-0.2475
			-0.5714	0.4875	0.6602
			0.6264	0.461	0.6286
			0.7675	-0.2235	-0.6009
			-0.1365	0.8588	-0.4938
			-0.6264	-0.461	-0.6286
			-0.7675	0.2235	0.6009
			0.1365	-0.8588	0.4938
		b:
			-476.8623
			-97.7465
			-324.2718
			-50.1027
			-143.2582
			288.1331
			452.6549
			-111.5446
			309.8883
			-441.6549
			115.5446
			-304.8883
	==================================================================================
	Q6:
		Shape: Hybrid
		q_c:	172.5	480.5	199.0
		ub :	179.3783	487.8953	206.6969
		lb :	165.6217	473.1047	191.3031
		P^-1:
			0.0441	0.005	0.0074
			0.005	0.0329	0.0112
			0.0074	0.0112	0.0534
		A:
			0.7683	0.6113	0.1898
			-0.2526	0.0417	0.9667
			-0.3711	0.7755	0.5108
			-0.1883	0.1236	0.9743
			-0.8238	-0.2823	-0.4916
			0.1739	0.7019	0.6907
		b:
			466.7307
			171.4912
			413.3246
			223.3214
			-373.3057
			507.0805


===========================================================================================
===========================================================================================
S7:
	q_c:	414.0	18.0	411.0
	ub :	431.0085	34.829	425.9326
	lb :	400.2051	3.8688	393.1522

	==================================================================================
	Q1:
		Shape: Ellipse
		q_c:	409.0	27.0	411.0
		ub :	413.775	32.7508	415.2212
		lb :	404.225	21.2492	406.7788
		P^-1:
			0.1776	0.0979	0.0178
			0.0979	0.1155	-0.0071
			0.0178	-0.0071	0.1079
	==================================================================================
	Q2:
		Shape: Polyhedra
		q_c:	421.0	12.0	417.0
		ub :	430.2877	19.1556	425.9326
		lb :	411.7123	4.8444	408.0674
		A:
			-0.7174	0.6966	-0.0023
			0.0116	-0.9958	0.091
			-0.609	-0.7931	0.0084
			0.3207	-0.8532	0.4113
			-0.2821	0.6587	-0.6975
			-0.317	0.7922	0.5215
			0.6639	0.413	0.6234
			0.4592	-0.8831	0.0959
			0.5901	0.2226	-0.776
			-0.6639	-0.413	-0.6234
			-0.4592	0.8831	-0.0959
			-0.5901	-0.2226	0.776
		b:
			-290.3247
			35.3584
			-256.881
			300.6962
			-396.607
			98.3416
			549.4365
			226.7367
			-65.4657
			-539.4365
			-218.7367
			79.4657
	==================================================================================
	Q3:
		Shape: Polyhedra
		q_c:	424.0	31.0	419.0
		ub :	428.8128	34.829	423.9177
		lb :	419.1872	27.171	414.0823
		A:
			0.2821	0.8087	-0.5161
			-0.4254	0.8466	-0.3199
			0.8475	0.4473	-0.2858
			0.6013	0.3589	0.7139
			0.7846	0.4401	-0.4368
			0.6034	0.3892	-0.696
			0.2744	0.9595	0.0639
			0.3163	-0.0273	-0.9482
			-0.9081	0.2804	-0.311
			-0.2744	-0.9595	-0.0639
			-0.3163	0.0273	0.9482
			0.9081	-0.2804	0.311
		b:
			-68.2157
			-285.1188
			256.7452
			568.4691
			166.7243
			-19.9968
			175.8495
			-260.0323
			-503.6636
			-169.8495
			268.0323
			509.6636
	==================================================================================
	Q4:
		Shape: Ellipse
		q_c:	407.0	10.5	408.0
		ub :	413.7949	17.1312	413.3554
		lb :	400.2051	3.8688	402.6446
		P^-1:
			0.1019	0.0223	0.0927
			0.0223	0.0543	0.0089
			0.0927	0.0089	0.1893
	==================================================================================
	Q5:
		Shape: Polyhedra
		q_c:	415.0	21.0	404.0
		ub :	426.4661	30.7078	414.8478
		lb :	403.5339	11.2922	393.1522
		A:
			-0.0032	-0.876	0.4823
			0.7111	0.6953	0.1041
			0.5178	-0.0973	0.85
			0.1017	0.9915	0.0809
			0.7561	0.2759	0.5935
			-0.0277	0.5101	0.8597
			0.4047	0.473	0.7826
			-0.4309	0.8535	-0.293
			-0.8066	-0.2186	0.5493
			-0.4047	-0.473	-0.7826
			0.4309	-0.8535	0.293
			0.8066	0.2186	-0.5493
		b:
			181.6097
			358.7322
			562.2298
			101.8901
			565.6075
			352.8613
			500.0675
			-273.2741
			-109.4109
			-488.0675
			285.2741
			125.4109
	==================================================================================
	Q6:
		Shape: Polyhedra
		q_c:	423.5	22.0	407.5
		ub :	431.0085	29.0274	414.4422
		lb :	415.9915	14.9726	400.5578
		A:
			-0.339	-0.0452	-0.9397
			-0.9012	-0.4079	-0.1462
			-0.2701	-0.958	0.0963
			0.1649	0.985	0.0509
			-0.2835	-0.5498	0.7857
			0.7855	0.5907	-0.1848
			0.5688	0.7855	0.2438
			-0.185	-0.1667	0.9685
			0.8014	-0.596	0.0505
			-0.5688	-0.7855	-0.2438
			0.185	0.1667	-0.9685
			-0.8014	0.596	-0.0505
		b:
			-521.9596
			-446.1377
			-92.1289
			116.3197
			193.6912
			274.5734
			361.0415
			318.6489
			352.3533
			-354.0415
			-306.6489
			-341.3533


===========================================================================================
===========================================================================================
S8:
	q_c:	16.0	225.0	393.0
	ub :	23.6883	230.9321	398.8586
	lb :	10.3092	220.3651	387.4106

	==================================================================================
	Q1:
		Shape: Ellipse
		q_c:	20.5	223.5	391.5
		ub :	22.9983	225.8827	394.0485
		lb :	18.0017	221.1173	388.9515
		P^-1:
			0.4444	-0.0	-0.0
			-0.0	0.4444	-0.0
			-0.0	-0.0	0.4444
	==================================================================================
	Q2:
		Shape: Hybrid
		q_c:	16.0	227.0	395.5
		ub :	19.4201	230.5412	398.8586
		lb :	12.5799	223.4588	392.1414
		P^-1:
			0.2104	-0.1149	-0.0999
			-0.1149	0.2962	0.0481
			-0.0999	0.0481	0.2989
		A:
			0.4724	0.7175	0.5119
			-0.0454	0.2349	0.971
			0.0969	-0.9935	-0.0594
			0.7296	0.5641	-0.3865
			0.5747	-0.8183	0.0066
			0.232	-0.5762	0.7837
		b:
			374.8689
			437.8152
			-246.2664
			-11.3563
			-172.9877
			184.1548
	==================================================================================
	Q3:
		Shape: Polyhedra
		q_c:	14.5	223.5	394.0
		ub :	16.5484	225.2231	395.6812
		lb :	12.4516	221.7769	392.3188
		A:
			0.7427	-0.0961	0.6627
			-0.4421	-0.2235	-0.8687
			-0.3426	-0.276	-0.898
			-0.5892	-0.512	-0.625
			-0.2258	0.2458	-0.9427
			0.593	0.0443	0.804
			0.4629	0.2124	0.8606
			-0.0301	0.9741	-0.2242
			-0.8859	0.0779	0.4573
			-0.4629	-0.2124	-0.8606
			0.0301	-0.9741	0.2242
			0.8859	-0.0779	-0.4573
		b:
			251.3534
			-398.1106
			-419.9174
			-368.4463
			-318.8426
			335.8778
			393.7466
			130.4336
			186.7477
			-392.7466
			-127.4336
			-182.7477
	==================================================================================
	Q4:
		Shape: Ellipse
		q_c:	20.0	223.5	395.0
		ub :	23.0081	226.6349	397.7127
		lb :	16.9919	220.3651	392.2873
		P^-1:
			0.287	-0.0317	-0.0694
			-0.0317	0.2771	0.0595
			-0.0694	0.0595	0.3803
	==================================================================================
	Q5:
		Shape: Hybrid
		q_c:	20.5	227.5	391.5
		ub :	23.6883	230.9321	394.1481
		lb :	17.3117	224.0679	388.8519
		P^-1:
			0.1715	0.0212	0.0519
			0.0212	0.199	0.0955
			0.0519	0.0955	0.3939
		A:
			0.2894	-0.7348	-0.6134
			-0.9772	-0.2116	-0.02
			0.0912	-0.9692	-0.2286
			-0.4409	-0.5682	0.6948
			0.1058	-0.5761	-0.8105
			-0.5595	0.744	0.3654
		b:
			-400.1748
			-74.3039
			-306.6414
			135.3774
			-445.279
			302.3933
	==================================================================================
	Q6:
		Shape: Ellipse
		q_c:	13.5	222.0	390.5
		ub :	16.6908	223.388	393.5894
		lb :	10.3092	220.612	387.4106
		P^-1:
			0.1743	-0.1085	-0.0004
			-0.1085	0.9857	0.0028
			-0.0004	0.0028	0.16


===========================================================================================
===========================================================================================
S9:
	q_c:	107.0	223.0	184.0
	ub :	125.0211	244.6597	202.5405
	lb :	85.4273	203.6503	159.7977

	==================================================================================
	Q1:
		Shape: Hybrid
		q_c:	116.0	211.0	169.0
		ub :	125.0211	215.5278	178.2023
		lb :	106.9789	206.4722	159.7977
		P^-1:
			0.0158	0.0039	0.0006
			0.0039	0.109	0.0135
			0.0006	0.0135	0.0176
		A:
			-0.3301	-0.7572	-0.5636
			0.213	0.8432	0.4936
			-0.3808	0.887	-0.2612
			0.0015	-0.9376	-0.3478
			0.7801	0.3361	-0.5277
			-0.0224	-0.8775	-0.4791
		b:
			-289.824
			288.8021
			102.5024
			-254.5351
			78.4353
			-266.255
	==================================================================================
	Q2:
		Shape: Hybrid
		q_c:	101.0	221.5	181.0
		ub :	111.6323	230.5777	192.9398
		lb :	90.3677	212.4223	169.0602
		P^-1:
			0.0194	0.0	-0.0028
			0.0	0.0233	-0.0018
			-0.0028	-0.0018	0.0137
		A:
			-0.2455	0.7462	-0.6188
			-0.6196	0.6752	0.4002
			0.3823	0.2722	-0.8831
			0.5084	0.7042	0.4956
			0.0753	-0.7302	-0.6791
			-0.193	0.8699	-0.4539
		b:
			32.6043
			163.1941
			-56.4258
			301.7723
			-272.3662
			94.6773
	==================================================================================
	Q3:
		Shape: Hybrid
		q_c:	113.5	221.0	178.0
		ub :	122.9792	229.2553	186.9844
		lb :	104.0208	212.7447	169.0156
		P^-1:
			0.0351	-0.002	-0.0072
			-0.002	0.0392	-0.0029
			-0.0072	-0.0029	0.0294
		A:
			0.5514	-0.8174	0.167
			-0.1262	-0.3452	0.93
			-0.0597	-0.7147	-0.6969
			0.0066	0.8297	-0.5581
			-0.1919	-0.9387	-0.2865
			0.0053	0.9999	-0.01
		b:
			-85.7185
			78.0151
			-285.3707
			87.3928
			-277.2315
			222.3745
	==================================================================================
	Q4:
		Shape: Hybrid
		q_c:	104.0	236.5	187.0
		ub :	110.148	244.6597	193.8533
		lb :	97.852	228.3403	180.1467
		P^-1:
			0.0954	0.031	-0.0066
			0.031	0.0497	0.0159
			-0.0066	0.0159	0.0521
		A:
			0.7966	0.6021	-0.0533
			-0.2443	0.9669	0.0738
			0.4172	0.896	0.1518
			0.2676	-0.0202	0.9633
			0.4835	0.155	0.8615
			-0.9158	0.1063	0.3874
		b:
			216.9674
			221.2459
			286.3216
			206.7485
			251.1212
			4.4923
	==================================================================================
	Q5:
		Shape: Ellipse
		q_c:	103.5	212.5	193.5
		ub :	113.9571	221.3497	202.5405
		lb :	93.0429	203.6503	184.4595
		P^-1:
			0.0254	0.0036	0.0
			0.0036	0.0313	0.0001
			0.0	0.0001	0.0237
	==================================================================================
	Q6:
		Shape: Hybrid
		q_c:	91.0	225.5	174.5
		ub :	96.5727	235.1311	183.3232
		lb :	85.4273	215.8689	165.6768
		P^-1:
			0.0489	-0.0039	0.0003
			-0.0039	0.0185	0.0007
			0.0003	0.0007	0.0202
		A:
			0.0537	0.5562	-0.8293
			-0.5525	0.1961	-0.8101
			0.9438	0.3195	0.0842
			0.9946	0.102	0.0209
			0.2781	-0.0621	-0.9585
			-0.4628	0.6861	-0.5613
		b:
			-9.3454
			-143.3391
			175.5698
			119.6141
			-151.3558
			19.0852


===========================================================================================
===========================================================================================
S10:
	q_c:	74.5	326.5	30.0
	ub :	87.7757	345.4751	49.1895
	lb :	50.6297	304.1128	6.4621

	==================================================================================
	Q1:
		Shape: Ellipse
		q_c:	72.5	337.5	17.0
		ub :	80.8357	345.4751	25.2155
		lb :	64.1643	329.5249	8.7845
		P^-1:
			0.0395	0.0034	-0.0091
			0.0034	0.0509	-0.0132
			-0.0091	-0.0132	0.0399
	==================================================================================
	Q2:
		Shape: Polyhedra
		q_c:	59.0	315.0	30.5
		ub :	67.3703	322.9573	37.5404
		lb :	50.6297	307.0427	23.4596
		A:
			0.5372	-0.7958	0.2796
			-0.5987	0.7719	0.2138
			0.9392	-0.0462	0.3403
			0.9197	0.2478	-0.3044
			-0.9219	-0.3772	0.0884
			-0.7401	0.3174	0.5929
			0.5569	0.1756	0.8118
			-0.5902	-0.604	0.5356
			0.5844	-0.7774	-0.2327
			-0.5569	-0.1756	-0.8118
			0.5902	0.604	-0.5356
			-0.5844	0.7774	0.2327
		b:
			-204.4381
			220.8564
			56.2167
			127.2984
			-166.4595
			80.103
			117.4333
			-205.2504
			-210.9985
			-108.4333
			212.2504
			223.9985
	==================================================================================
	Q3:
		Shape: Polyhedra
		q_c:	73.0	315.5	35.0
		ub :	83.5991	326.8872	44.875
		lb :	62.4009	304.1128	25.125
		A:
			0.7972	-0.3091	0.5185
			-0.9846	-0.0192	-0.1738
			0.4847	-0.7412	-0.4644
			-0.1605	-0.0083	-0.987
			-0.2762	0.1944	0.9412
			0.7491	0.048	-0.6608
			0.4869	0.7568	0.4362
			0.8258	-0.5615	0.0526
			0.2847	0.3346	-0.8983
			-0.4869	-0.7568	-0.4362
			-0.8258	0.5615	-0.0526
			-0.2847	-0.3346	0.8983
		b:
			-14.8304
			-77.4686
			-208.1811
			-41.7699
			81.129
			53.4114
			297.0746
			-109.0442
			101.898
			-282.0746
			121.0442
			-87.898
	==================================================================================
	Q4:
		Shape: Hybrid
		q_c:	74.0	336.0	33.5
		ub :	82.3275	344.6342	40.2027
		lb :	65.6725	327.3658	26.7973
		P^-1:
			0.049	0.0049	0.0353
			0.0049	0.0645	0.0563
			0.0353	0.0563	0.1137
		A:
			-0.7418	0.5279	0.4136
			-0.0602	0.7327	0.6778
			0.2274	0.2386	0.9441
			-0.2103	-0.5307	-0.821
			-0.7494	-0.3138	-0.583
			-0.1584	-0.3822	0.9104
		b:
			139.7189
			266.1846
			130.5322
			-220.1258
			-178.0792
			-104.4064
	==================================================================================
	Q5:
		Shape: Hybrid
		q_c:	66.0	334.5	40.5
		ub :	73.2546	343.0558	49.1895
		lb :	58.7454	325.9442	31.8105
		P^-1:
			0.052	-0.0113	-0.0084
			-0.0113	0.0398	0.005
			-0.0084	0.005	0.0368
		A:
			0.6178	-0.7512	-0.2323
			0.7745	-0.6326	-0.0042
			0.8571	0.1153	0.502
			0.2304	-0.0572	-0.9714
			0.7336	-0.0699	-0.676
			0.9004	0.3772	-0.2168
		b:
			-217.7042
			-158.3985
			118.6981
			-40.1772
			0.0998
			179.7904
	==================================================================================
	Q6:
		Shape: Hybrid
		q_c:	82.5	327.5	14.5
		ub :	87.7757	334.6616	22.5379
		lb :	77.2243	320.3384	6.4621
		P^-1:
			0.0968	-0.0156	-0.0273
			-0.0156	0.0481	-0.0028
			-0.0273	-0.0028	0.0434
		A:
			0.9946	-0.0805	0.065
			0.0785	0.9594	0.2707
			0.9967	0.0385	0.0709
			0.8032	0.3169	-0.5044
			-0.882	-0.2534	-0.3972
			-0.1868	0.9421	0.2786
		b:
			58.8938
			328.2809
			98.2855
			164.7389
			-157.9293
			300.4064


===========================================================================================
===========================================================================================
S11:
	q_c:	19.5	146.5	70.0
	ub :	51.2854	175.3887	89.5312
	lb :	-5.1017	121.2538	42.2017

	==================================================================================
	Q1:
		Shape: Ellipse
		q_c:	4.5	152.0	69.0
		ub :	11.3081	159.3801	73.7626
		lb :	-2.3081	144.6199	64.2374
		P^-1:
			0.2944	0.0542	0.4242
			0.0542	0.0476	0.0824
			0.4242	0.0824	0.7311
	==================================================================================
	Q2:
		Shape: Hybrid
		q_c:	37.5	152.5	80.0
		ub :	51.2854	164.7332	89.5312
		lb :	23.7146	140.2668	70.4688
		P^-1:
			0.0107	-0.0008	-0.002
			-0.0008	0.012	0.0
			-0.002	0.0	0.02
		A:
			-0.3177	-0.7787	0.541
			-0.8077	0.5815	0.0971
			0.8143	-0.5793	-0.0362
			-0.5389	-0.825	0.1702
			-0.7038	-0.0686	0.7071
			0.11	0.3778	-0.9193
		b:
			-82.2356
			71.7921
			-55.005
			-126.4214
			24.2277
			-7.9293
	==================================================================================
	Q3:
		Shape: Polyhedra
		q_c:	12.5	165.5	67.5
		ub :	22.4664	175.3887	76.5072
		lb :	2.5336	155.6113	58.4928
		A:
			-0.1984	-0.0856	-0.9764
			-0.1243	-0.8833	-0.452
			0.6733	-0.2789	-0.6848
			0.2937	-0.8874	-0.3554
			0.7371	0.061	0.673
			-0.9895	0.0907	0.1121
			0.4585	0.6193	0.6374
			-0.6957	0.6963	-0.1762
			-0.5529	-0.3627	0.7502
			-0.4585	-0.6193	-0.6374
			0.6957	-0.6963	0.1762
			0.5529	0.3627	-0.7502
		b:
			-76.7282
			-172.2538
			-78.2725
			-161.1854
			70.735
			16.037
			157.2545
			100.6533
			-10.7968
			-145.2545
			-88.6533
			21.7968
	==================================================================================
	Q4:
		Shape: Hybrid
		q_c:	9.0	132.0	57.5
		ub :	23.1017	142.7462	69.3215
		lb :	-5.1017	121.2538	45.6785
		P^-1:
			0.0081	0.0003	-0.0017
			0.0003	0.0111	0.0
			-0.0017	0.0	0.0134
		A:
			0.4771	0.6499	0.5916
			-0.5704	0.4795	0.6668
			-0.5355	0.0846	-0.8403
			-0.4965	0.8679	-0.0159
			0.0778	-0.9378	0.3383
			0.3849	0.7005	-0.601
		b:
			129.8649
			101.5368
			-35.9222
			115.0778
			-98.3528
			66.1865
	==================================================================================
	Q5:
		Shape: Polyhedra
		q_c:	8.5	150.5	82.5
		ub :	14.1252	156.939	87.783
		lb :	2.8748	144.061	77.217
		A:
			0.8812	0.1303	0.4545
			0.4283	-0.0275	0.9032
			-0.8941	-0.0346	-0.4466
			0.1333	-0.8798	-0.4562
			0.2708	-0.9626	0.0127
			-0.5884	-0.7078	0.391
			0.5644	0.7741	0.2868
			0.8253	-0.5211	-0.2176
			-0.019	0.3595	-0.9329
			-0.5644	-0.7741	-0.2868
			-0.8253	0.5211	0.2176
			0.019	-0.3595	0.9329
		b:
			68.5272
			77.648
			-45.7305
			-164.9233
			-137.5827
			-75.4429
			148.9625
			-85.3573
			-19.5199
			-140.9625
			93.3573
			26.5199
	==================================================================================
	Q6:
		Shape: Ellipse
		q_c:	6.0	150.0	54.5
		ub :	16.6793	162.5293	66.7983
		lb :	-4.6793	137.4707	42.2017
		P^-1:
			0.0307	0.0057	-0.0043
			0.0057	0.0194	0.0104
			-0.0043	0.0104	0.0251


===========================================================================================
===========================================================================================
S12:
	q_c:	463.5	470.0	15.5
	ub :	471.0014	483.254	28.6499
	lb :	453.5043	458.9885	3.0734

	==================================================================================
	Q1:
		Shape: Ellipse
		q_c:	466.0	464.5	10.5
		ub :	470.7383	469.2882	15.7403
		lb :	461.2617	459.7118	5.2597
		P^-1:
			0.1221	-0.0242	0.0057
			-0.0242	0.1236	-0.0294
			0.0057	-0.0294	0.107
	==================================================================================
	Q2:
		Shape: Ellipse
		q_c:	464.5	469.0	21.5
		ub :	471.0014	474.7704	28.6499
		lb :	457.9986	463.2296	14.3501
		P^-1:
			0.0586	-0.0032	0.0079
			-0.0032	0.0599	0.0065
			0.0079	0.0065	0.0465
	==================================================================================
	Q3:
		Shape: Ellipse
		q_c:	461.5	474.0	22.5
		ub :	466.1216	479.2434	27.808
		lb :	456.8784	468.7566	17.192
		P^-1:
			0.1103	-0.0023	-0.0059
			-0.0023	0.1049	-0.0161
			-0.0059	-0.0161	0.0696
	==================================================================================
	Q4:
		Shape: Hybrid
		q_c:	457.0	477.0	20.0
		ub :	460.4957	481.2103	23.9895
		lb :	453.5043	472.7897	16.0105
		P^-1:
			0.3877	-0.1025	0.0891
			-0.1025	0.2593	0.161
			0.0891	0.161	0.3043
		A:
			-0.9273	-0.0242	0.3736
			-0.4163	0.7093	0.5689
			-0.0947	0.7107	0.6971
			-0.9192	0.2679	0.2887
			-0.7067	0.6878	-0.1658
			-0.124	-0.6148	-0.7789
		b:
			-425.8923
			160.1924
			310.4407
			-285.2607
			2.9096
			-364.747
	==================================================================================
	Q5:
		Shape: Hybrid
		q_c:	460.5	464.5	8.5
		ub :	464.8616	470.0115	13.9266
		lb :	456.1384	458.9885	3.0734
		P^-1:
			0.2067	-0.0724	0.0113
			-0.0724	0.1282	0.0288
			0.0113	0.0288	0.0756
		A:
			0.1644	-0.9848	-0.0563
			-0.566	0.8057	-0.1747
			0.8441	-0.2108	0.4931
			-0.1154	0.5848	0.8029
			-0.8817	-0.0612	-0.4678
			0.415	0.6385	0.6481
		b:
			-380.1426
			113.7617
			296.4446
			227.3532
			-436.8793
			495.2262
	==================================================================================
	Q6:
		Shape: Hybrid
		q_c:	459.0	478.5	18.0
		ub :	464.1555	483.254	21.8075
		lb :	453.8445	473.746	14.1925
		P^-1:
			0.1714	0.0006	-0.1501
			0.0006	0.1554	-0.1001
			-0.1501	-0.1001	0.3271
		A:
			-0.1935	0.5301	0.8255
			0.5636	0.5587	-0.6084
			0.5606	-0.178	-0.8088
			0.6568	0.0201	-0.7538
			-0.5555	-0.6725	0.4891
			0.6028	-0.162	-0.7813
		b:
			182.0545
			516.4236
			158.6787
			298.4205
			-566.2254
			186.194


===========================================================================================
===========================================================================================
S13:
	q_c:	482.0	337.0	99.0
	ub :	493.1361	348.2158	107.1996
	lb :	465.7219	322.7813	88.7293

	==================================================================================
	Q1:
		Shape: Polyhedra
		q_c:	476.0	328.0	98.5
		ub :	480.3797	333.2187	104.0122
		lb :	471.6203	322.7813	92.9878
		A:
			0.7556	-0.3261	0.5681
			0.169	0.9379	0.303
			0.6862	0.6803	0.2576
			0.7186	0.6527	-0.2402
			-0.6284	-0.5851	0.5126
			-0.1002	0.6029	-0.7915
			0.579	0.6857	0.441
			-0.0971	0.5951	-0.7978
			-0.8095	0.4191	0.4112
			-0.579	-0.6857	-0.441
			0.0971	-0.5951	0.7978
			0.8095	-0.4191	-0.4112
		b:
			312.1597
			420.4418
			577.2378
			535.3744
			-437.1451
			76.0961
			545.9794
			74.3959
			-203.8477
			-541.9794
			-66.3959
			210.8477
	==================================================================================
	Q2:
		Shape: Polyhedra
		q_c:	488.5	342.0	93.5
		ub :	493.1361	346.3117	95.7623
		lb :	483.8639	337.6883	91.2377
		A:
			-0.4312	0.1215	-0.894
			0.5014	-0.2985	0.8121
			0.2572	-0.4387	0.861
			-0.6261	0.0467	-0.7783
			-0.0859	0.3482	-0.9335
			-0.162	-0.1234	-0.979
			0.6378	0.7644	0.0943
			0.7295	-0.5603	-0.3923
			-0.247	0.319	-0.915
			-0.6378	-0.7644	-0.0943
			-0.7295	0.5603	0.3923
			0.247	-0.319	0.915
		b:
			-251.8492
			219.879
			56.7712
			-361.2779
			-9.4349
			-211.2892
			584.3035
			132.081
			-96.6515
			-579.3035
			-124.081
			97.6515
	==================================================================================
	Q3:
		Shape: Polyhedra
		q_c:	478.5	331.5	98.5
		ub :	480.3772	334.0577	101.1592
		lb :	476.6228	328.9423	95.8408
		A:
			-0.8377	-0.5327	-0.1205
			0.67	0.0373	0.7414
			-0.6011	-0.2018	-0.7733
			-0.6882	-0.6059	-0.3991
