3D_45_8_6_b                l = 3

===========================================================================================
===========================================================================================
S1:
	q_c:	257.0	355.5	468.5
	ub :	293.4192	384.3042	506.0382
	lb :	226.7843	331.8497	448.0527

	==================================================================================
	Q1:
		Shape: Polyhedra
		q_c:	270.5	370.0	480.5
		ub :	280.4644	384.3042	495.9628
		lb :	260.5356	355.6958	465.0372
		A:
			0.052	-0.9667	-0.2505
			-0.3918	0.717	-0.5766
			0.8662	-0.4659	-0.1805
			-0.8681	0.4057	-0.2862
			-0.9836	0.0643	-0.1687
			-0.793	-0.0096	0.6092
			0.013	0.3519	0.936
			-0.7756	0.5944	-0.2126
			-0.6311	-0.7231	0.2806
			-0.013	-0.3519	-0.936
			0.7756	-0.5944	0.2126
			0.6311	0.7231	-0.2806
		b:
			-454.3266
			-110.9091
			-18.5216
			-217.2211
			-316.569
			84.5842
			595.9454
			-87.544
			-293.4302
			-570.9454
			96.544
			313.4302
	==================================================================================
	Q2:
		Shape: Hybrid
		q_c:	262.5	344.5	464.5
		ub :	274.1678	357.1503	477.3587
		lb :	250.8322	331.8497	451.6413
		P^-1:
			0.0229	-0.0002	-0.0057
			-0.0002	0.0151	0.0036
			-0.0057	0.0036	0.0199
		A:
			-0.5601	0.1747	0.8098
			-0.6125	-0.0865	0.7857
			0.6004	0.726	-0.3353
			0.1013	-0.9948	0.011
			0.6787	-0.4654	-0.5681
			0.7209	0.2376	0.6511
		b:
			292.4512
			177.804
			256.6073
			-305.644
			-242.8559
			578.289
	==================================================================================
	Q3:
		Shape: Polyhedra
		q_c:	276.5	347.5	464.5
		ub :	293.4192	359.6091	480.9141
		lb :	259.5808	335.3909	448.0859
		A:
			0.4653	0.8794	0.1007
			-0.4381	-0.3208	0.8397
			-0.7857	-0.2969	-0.5427
			0.3856	0.4846	0.7852
			0.7621	0.6171	0.1959
			-0.2141	-0.2196	-0.9518
			0.4055	0.6403	0.6523
			0.8539	-0.0107	-0.5203
			-0.3262	0.768	-0.5512
			-0.4055	-0.6403	-0.6523
			-0.8539	0.0107	0.5203
			0.3262	-0.768	0.5512
		b:
			489.1198
			169.6968
			-564.7226
			645.5879
			524.6696
			-569.8463
			643.1456
			3.7273
			-68.3153
			-632.1456
			22.2727
			90.3153
	==================================================================================
	Q4:
		Shape: Ellipse
		q_c:	266.5	361.0	484.0
		ub :	281.1373	373.4322	502.0822
		lb :	251.8627	348.5678	465.9178
		P^-1:
			0.0342	-0.0172	0.0114
			-0.0172	0.0184	-0.0064
			0.0114	-0.0064	0.0085
	==================================================================================
	Q5:
		Shape: Hybrid
		q_c:	256.5	367.5	457.5
		ub :	265.4534	376.3824	466.9473
		lb :	247.5466	358.6176	448.0527
		P^-1:
			0.0854	0.0678	0.0251
			0.0678	0.0814	0.0243
			0.0251	0.0243	0.0211
		A:
			0.8109	0.3799	0.4451
			0.4239	0.5614	-0.7107
			0.8197	0.4798	0.3127
			0.6417	0.7518	0.1514
			-0.5992	-0.7956	-0.0894
			0.5769	0.7717	-0.2679
		b:
			553.8467
			-3.4968
			531.5183
			511.6391
			-485.1589
			312.797
	==================================================================================
	Q6:
		Shape: Ellipse
		q_c:	243.0	353.5	490.0
		ub :	259.2157	361.8868	506.0382
		lb :	226.7843	345.1132	473.9618
		P^-1:
			0.0085	-0.0018	-0.0013
			-0.0018	0.0233	-0.0018
			-0.0013	-0.0018	0.0089


===========================================================================================
===========================================================================================
S2:
	q_c:	53.0	442.5	501.5
	ub :	58.5147	449.9777	509.9686
	lb :	47.6561	435.1531	491.8311

	==================================================================================
	Q1:
		Shape: Polyhedra
		q_c:	53.5	446.5	502.5
		ub :	57.8837	449.9777	506.6613
		lb :	49.1163	443.0223	498.3387
		A:
			-0.3314	-0.9381	0.1004
			0.4934	0.7922	-0.359
			-0.1196	-0.7362	0.6661
			0.9226	0.3311	0.198
			0.7714	-0.5999	0.2121
			0.359	-0.6036	0.7119
			0.6028	0.0402	0.7969
			-0.66	0.5863	0.4697
			-0.4483	-0.8091	0.38
			-0.6028	-0.0402	-0.7969
			0.66	-0.5863	-0.4697
			0.4483	0.8091	-0.38
		b:
			-384.0382
			201.7263
			1.7306
			299.0781
			-117.2489
			109.8257
			453.1346
			465.4984
			-192.305
			-448.1346
			-459.4984
			196.305
	==================================================================================
	Q2:
		Shape: Polyhedra
		q_c:	53.0	440.0	497.0
		ub :	57.6253	444.8469	502.1689
		lb :	48.3747	435.1531	491.8311
		A:
			0.8653	0.222	0.4494
			0.052	0.2306	0.9717
			-0.8846	0.4605	0.0738
			0.2861	0.8268	-0.4844
			-0.2002	0.8901	0.4094
			0.8748	-0.1043	0.4732
			0.2439	0.8042	0.5421
			-0.8093	0.4768	-0.3432
			-0.5344	-0.355	0.7671
			-0.2439	-0.8042	-0.5421
			0.8093	-0.4768	0.3432
			0.5344	0.355	-0.7671
		b:
			369.6733
			590.304
			195.0621
			141.4831
			587.4279
			238.2456
			639.1694
			-1.1867
			200.2052
			-633.1694
			6.1867
			-193.2052
	==================================================================================
	Q3:
		Shape: Hybrid
		q_c:	50.5	446.0	497.5
		ub :	53.3439	448.1036	500.3115
		lb :	47.6561	443.8964	494.6885
		P^-1:
			0.3757	-0.0033	0.0929
			-0.0033	0.4443	0.0045
			0.0929	0.0045	0.3189
		A:
			0.4867	0.6773	-0.5517
			-0.3334	0.844	-0.4202
			-0.8014	0.5967	0.0414
			-0.7759	-0.3475	0.5265
			0.5624	0.8162	-0.132
			0.7375	-0.6325	0.2366
		b:
			53.213
			151.2943
			247.095
			68.921
			327.6305
			-126.3713
	==================================================================================
	Q4:
		Shape: Ellipse
		q_c:	53.5	446.0	497.5
		ub :	56.1887	448.806	500.6536
		lb :	50.8113	443.194	494.3464
		P^-1:
			0.282	-0.0733	0.0099
			-0.0733	0.3926	-0.066
			0.0099	-0.066	0.1799
	==================================================================================
	Q5:
		Shape: Hybrid
		q_c:	54.5	446.5	507.5
		ub :	58.2431	449.9661	509.9686
		lb :	50.7569	443.0339	505.0314
		P^-1:
			0.1291	0.071	-0.08
			0.071	0.4074	-0.3826
			-0.08	-0.3826	0.7346
		A:
			0.6499	0.4416	-0.6186
			-0.9433	0.3315	0.0157
			0.0115	0.8654	-0.501
			-0.0054	-0.8012	0.5984
			-0.1993	0.974	-0.1078
			0.5008	-0.3654	0.7847
		b:
			-80.0111
			107.0619
			133.7437
			-53.534
			371.0929
			263.767
	==================================================================================
	Q6:
		Shape: Polyhedra
		q_c:	54.5	444.0	503.5
		ub :	58.5147	448.086	507.0075
		lb :	50.4853	439.914	499.9925
		A:
			0.1985	-0.2036	-0.9587
			0.0258	-0.9682	0.2489
			0.4732	-0.0636	0.8787
			-0.8164	-0.304	0.491
			0.0707	-0.9072	0.4148
			0.6083	-0.3596	0.7076
			0.6637	0.6433	0.3817
			0.151	-0.615	0.7739
			0.7326	-0.456	-0.5053
			-0.6637	-0.6433	-0.3817
			-0.151	0.615	-0.7739
			-0.7326	0.456	0.5053
		b:
			-560.1799
			-300.9008
			442.3887
			70.2174
			-188.1244
			231.8059
			517.462
			126.3225
			-414.9903
			-510.462
			-123.3225
			418.9903


===========================================================================================
===========================================================================================
S3:
	q_c:	386.0	71.5	114.5
	ub :	397.9914	84.5464	122.7548
	lb :	377.6397	67.6203	106.3647

	==================================================================================
	Q1:
		Shape: Ellipse
		q_c:	394.0	71.0	110.5
		ub :	397.9914	74.3797	114.6353
		lb :	390.0086	67.6203	106.3647
		P^-1:
			0.152	0.0246	0.0571
			0.0246	0.1768	0.0261
			0.0571	0.0261	0.1923
	==================================================================================
	Q2:
		Shape: Ellipse
		q_c:	386.5	77.0	115.5
		ub :	390.5686	80.6606	119.8268
		lb :	382.4314	73.3394	111.1732
		P^-1:
			0.1704	0.0285	-0.0355
			0.0285	0.2193	-0.0394
			-0.0355	-0.0394	0.102
	==================================================================================
	Q3:
		Shape: Ellipse
		q_c:	392.0	73.5	118.5
		ub :	394.3145	76.7066	122.1129
		lb :	389.6855	70.2934	114.8871
		P^-1:
			0.8551	-0.1591	-0.2624
			-0.1591	0.2763	0.1145
			-0.2624	0.1145	0.2297
	==================================================================================
	Q4:
		Shape: Hybrid
		q_c:	382.0	80.5	111.0
		ub :	386.3603	84.5464	114.7811
		lb :	377.6397	76.4536	107.2189
		P^-1:
			0.1681	-0.0111	-0.0561
			-0.0111	0.1444	-0.0254
			-0.0561	-0.0254	0.2086
		A:
			0.6703	-0.2412	0.7018
			-0.4086	-0.3705	0.8341
			-0.5139	-0.6427	0.5681
			-0.1409	-0.0008	0.99
			-0.3071	-0.8507	0.4265
			0.5178	-0.7003	0.4914
		b:
			316.2126
			-92.2925
			-183.7371
			57.203
			-137.0286
			197.4776
	==================================================================================
	Q5:
		Shape: Polyhedra
		q_c:	388.5	76.0	111.0
		ub :	392.8591	81.1078	115.5348
		lb :	384.1409	70.8922	106.4652
		A:
			0.911	-0.337	-0.2377
			0.8226	0.0358	-0.5675
			0.1797	-0.5786	-0.7956
			-0.6624	-0.1181	0.7398
			0.5275	-0.3208	-0.7867
			-0.1578	0.4013	0.9022
			0.5856	0.7582	0.2867
			0.7332	-0.3447	-0.5861
			-0.3456	0.5534	-0.7578
			-0.5856	-0.7582	-0.2867
			-0.7332	0.3447	0.5861
			0.3456	-0.5534	0.7578
		b:
			303.8446
			261.2304
			-60.0424
			-182.0618
			94.9858
			71.8153
			320.4373
			195.1122
			-172.8357
			-313.4373
			-192.1122
			179.8357
	==================================================================================
	Q6:
		Shape: Ellipse
		q_c:	388.0	77.0	119.5
		ub :	390.9442	80.3503	122.7548
		lb :	385.0558	73.6497	116.2452
		P^-1:
			0.233	0.0349	-0.0052
			0.0349	0.1764	-0.006
			-0.0052	-0.006	0.1117


===========================================================================================
===========================================================================================
S4:
	q_c:	274.5	96.5	80.0
	ub :	290.2137	110.6574	91.924
	lb :	263.8687	84.6506	75.9857

	==================================================================================
	Q1:
		Shape: Hybrid
		q_c:	285.5	90.5	86.0
		ub :	290.2137	96.0788	91.924
		lb :	280.7863	84.9212	80.076
		P^-1:
			0.1708	0.0671	0.0638
			0.0671	0.1041	0.0395
			0.0638	0.0395	0.1001
		A:
			-0.2582	-0.912	-0.3187
			0.9988	0.0307	0.0374
			0.9478	-0.2149	-0.2355
			0.9846	0.1509	-0.0886
			-0.4475	-0.8368	-0.3156
			-0.7469	-0.5558	-0.3651
		b:
			-181.6736
			293.0766
			233.4789
			289.0858
			-229.0088
			-293.8854
	==================================================================================
	Q2:
		Shape: Hybrid
		q_c:	272.5	89.0	83.5
		ub :	277.4917	93.3494	88.573
		lb :	267.5083	84.6506	78.427
		P^-1:
			0.1185	0.025	-0.0091
			0.025	0.1119	-0.0288
			-0.0091	-0.0288	0.1224
		A:
			0.0694	0.1696	0.9831
			0.2693	0.7096	0.6512
			0.9266	0.3759	-0.012
			-0.0715	0.3909	-0.9177
			0.2701	0.2076	-0.9402
			-0.0412	0.9989	0.0225
		b:
			117.9203
			192.9256
			286.4666
			-59.831
			15.0903
			81.4881
	==================================================================================
	Q3:
		Shape: Hybrid
		q_c:	279.5	96.0	87.5
		ub :	283.7725	100.5569	91.0801
		lb :	275.2275	91.4431	83.9199
		P^-1:
			0.1943	-0.0076	-0.1477
			-0.0076	0.09	0.0347
			-0.1477	0.0347	0.3529
		A:
			0.3699	-0.3172	-0.8732
			0.9007	0.2508	-0.3547
			0.681	0.3635	-0.6357
			0.6501	0.7596	0.0206
			0.315	0.9482	0.042
			0.0624	0.4143	-0.908
		b:
			-2.5679
			246.3492
			170.9576
			258.7228
			185.2784
			-20.488
	==================================================================================
	Q4:
		Shape: Hybrid
		q_c:	272.5	104.0	81.5
		ub :	279.1172	110.6574	87.0143
		lb :	265.8828	97.3426	75.9857
		P^-1:
			0.0719	-0.0542	-0.0303
			-0.0542	0.1028	0.0175
			-0.0303	0.0175	0.0947
		A:
			-0.8308	0.0454	0.5547
			-0.3867	0.6822	0.6206
			0.032	-0.3732	-0.9272
			-0.4214	0.5675	-0.7074
			-0.0789	-0.1232	-0.9892
			0.8096	-0.4958	-0.3141
		b:
			-173.7983
			17.637
			-103.3076
			-111.1692
			-112.4654
			145.2696
	==================================================================================
	Q5:
		Shape: Hybrid
		q_c:	273.0	89.0	82.5
		ub :	278.1944	93.3405	88.0433
		lb :	267.8056	84.6595	76.9567
		P^-1:
			0.1014	-0.0126	-0.0537
			-0.0126	0.0842	0.0084
			-0.0537	0.0084	0.1054
		A:
			-0.8815	-0.143	0.4499
			0.9293	-0.3308	-0.164
			-0.6269	-0.5759	0.5247
			0.5296	0.6336	-0.5639
			0.5286	-0.0107	-0.8488
			0.6648	-0.7382	0.115
		b:
			-214.6095
			212.7207
			-177.2712
			156.3534
			74.716
			127.5587
	==================================================================================
	Q6:
		Shape: Polyhedra
		q_c:	270.0	103.5	83.5
		ub :	276.1313	109.6058	87.3042
		lb :	263.8687	97.3942	79.6958
		A:
			0.379	0.4501	0.8085
			-0.4469	0.3356	0.8292
			0.2149	0.3807	0.8994
			-0.5824	0.1947	0.7893
			-0.3674	0.2977	-0.8812
			0.6106	-0.0237	0.7916
			0.1369	0.4031	0.9048
			-0.7375	-0.5683	0.3648
			0.6613	-0.7173	0.2195
			-0.1369	-0.4031	-0.9048
			0.7375	0.5683	-0.3648
			-0.6613	0.7173	-0.2195
		b:
			218.2352
			-14.0027
			174.0703
			-68.0924
			-138.7104
			231.4916
			155.7487
			-223.4942
			127.1306
			-152.7487
			231.4942
			-118.1306


===========================================================================================
===========================================================================================
S5:
	q_c:	426.0	386.0	58.5
	ub :	449.5629	411.0906	90.9728
	lb :	397.3669	363.3114	39.6975

	==================================================================================
	Q1:
		Shape: Polyhedra
		q_c:	431.0	396.0	65.5
		ub :	443.8203	411.0906	78.895
		lb :	418.1797	380.9094	52.105
		A:
			0.356	0.3037	-0.8838
			-0.7217	-0.5677	-0.3961
			-0.438	0.752	0.4926
			-0.9891	-0.1366	0.0552
			-0.5527	-0.3071	0.7747
			-0.5344	-0.6258	-0.5681
			0.3669	0.6061	0.7057
			-0.7871	-0.2021	0.5827
			0.4958	-0.7693	0.403
			-0.3669	-0.6061	-0.7057
			0.7871	0.2021	-0.5827
			-0.4958	0.7693	-0.403
		b:
			222.8122
			-554.267
			150.4149
			-469.9111
			-303.1687
			-507.4826
			452.3667
			-376.1013
			-52.5546
			-436.3667
			386.1013
			76.5546
	==================================================================================
	Q2:
		Shape: Ellipse
		q_c:	433.0	394.0	78.5
		ub :	443.1484	406.2288	90.9728
		lb :	422.8516	381.7712	66.0272
		P^-1:
			0.0236	0.0029	0.0025
			0.0029	0.0159	0.0054
			0.0025	0.0054	0.0211
	==================================================================================
	Q3:
		Shape: Ellipse
		q_c:	411.5	392.5	62.0
		ub :	425.6331	405.3269	76.6083
		lb :	397.3669	379.6731	47.3917
		P^-1:
			0.0138	-0.0	-0.0
			-0.0	0.0138	0.0
			-0.0	0.0	0.0138
	==================================================================================
	Q4:
		Shape: Polyhedra
		q_c:	425.0	373.5	48.5
		ub :	433.45	382.229	53.8152
		lb :	416.55	364.771	43.1848
		A:
			-0.8758	-0.4209	-0.2363
			0.462	-0.7904	-0.4023
			0.9068	0.3025	-0.2935
			0.5258	0.8205	0.2245
			-0.0558	-0.7571	-0.6509
			0.1454	0.9329	-0.3295
			0.7718	0.5912	0.2342
			0.5939	-0.8018	0.0665
			0.2271	0.0878	-0.9699
			-0.7718	-0.5912	-0.2342
			-0.5939	0.8018	-0.0665
			-0.2271	-0.0878	0.9699
		b:
			-536.6756
			-111.4816
			488.5213
			545.3012
			-332.8482
			400.1318
			564.1718
			-36.3158
			86.2631
			-556.1718
			51.3158
			-78.2631
	==================================================================================
	Q5:
		Shape: Hybrid
		q_c:	434.0	372.5	47.0
		ub :	441.7441	381.5487	54.3025
		lb :	426.2559	363.4513	39.6975
		P^-1:
			0.2335	0.044	-0.2069
			0.044	0.0326	-0.0447
			-0.2069	-0.0447	0.2224
		A:
			0.9546	-0.2251	-0.1949
			-0.8001	-0.2462	0.547
			-0.9383	0.035	0.3441
			0.6769	-0.0947	-0.73
			-0.4554	-0.3303	0.8267
			-0.712	-0.4303	0.5549
		b:
			324.8785
			-412.0017
			-375.4763
			225.6358
			-279.9771
			-441.439
	==================================================================================
	Q6:
		Shape: Ellipse
		q_c:	439.0	373.0	67.0
		ub :	449.5629	382.6886	76.1043
		lb :	428.4371	363.3114	57.8957
		P^-1:
			0.0648	0.0701	0.0634
			0.0701	0.122	0.093
			0.0634	0.093	0.0934


===========================================================================================
===========================================================================================
S6:
	q_c:	169.0	17.0	191.0
	ub :	191.3226	25.0878	210.6281
	lb :	156.023	-7.5466	170.6823

	==================================================================================
	Q1:
		Shape: Ellipse
		q_c:	166.0	5.5	197.5
		ub :	175.977	16.4427	208.8141
		lb :	156.023	-5.4427	186.1859
		P^-1:
			0.0378	-0.0	-0.0155
			-0.0	0.0163	-0.0012
			-0.0155	-0.0012	0.0286
	==================================================================================
	Q2:
		Shape: Polyhedra
		q_c:	172.5	0.5	178.0
		ub :	181.2045	8.5466	185.3177
		lb :	163.7955	-7.5466	170.6823
		A:
			-0.1834	-0.4583	-0.8697
			-0.5987	-0.1108	0.7933
			-0.8825	0.2368	0.4064
			0.2517	-0.4724	0.8447
			0.2425	-0.0153	-0.97
			-0.2986	-0.5564	-0.7754
			0.815	0.5006	0.2918
			0.3401	-0.821	0.4586
			0.4691	-0.2746	-0.8394
			-0.815	-0.5006	-0.2918
			-0.3401	0.821	-0.4586
			-0.4691	0.2746	0.8394
		b:
			-181.516
			42.2235
			-75.028
			198.0454
			-126.7552
			-184.2772
			199.2756
			144.3894
			-64.6224
			-186.2756
			-135.3894
			72.6224
	==================================================================================
	Q3:
		Shape: Ellipse
		q_c:	174.0	11.0	203.0
		ub :	180.5736	16.2965	210.6281
		lb :	167.4264	5.7035	195.3719
		P^-1:
			0.0395	0.0025	-0.0023
			0.0025	0.0612	0.0061
			-0.0023	0.0061	0.0295
	==================================================================================
	Q4:
		Shape: Polyhedra
		q_c:	178.0	11.0	199.0
		ub :	186.1048	20.7843	208.1739
		lb :	169.8952	1.2157	189.8261
		A:
			0.4519	-0.4086	0.793
			0.6937	0.1162	0.7108
			0.3619	0.0102	0.9322
			-0.7336	-0.0775	-0.6752
			-0.9186	-0.1078	0.3801
			0.5629	0.7095	-0.424
			0.0733	0.5192	0.8515
			0.7646	0.5189	-0.3822
			-0.6403	0.6791	-0.3589
			-0.0733	-0.5192	-0.8515
			-0.7646	-0.5189	0.3822
			0.6403	-0.6791	0.3589
		b:
			239.7236
			272.1186
			256.0227
			-259.8979
			-83.87
			28.7154
			194.209
			70.7381
			-171.9378
			-182.209
			-60.7381
			183.9378
	==================================================================================
	Q5:
		Shape: Hybrid
		q_c:	186.5	17.0	179.0
		ub :	191.3226	25.0878	183.7842
		lb :	181.6774	8.9122	174.2158
		P^-1:
			0.1502	0.0062	-0.1001
			0.0062	0.0159	-0.006
			-0.1001	-0.006	0.1489
		A:
			0.1951	0.4888	-0.8503
			0.4975	0.5139	0.6989
			0.4634	0.253	-0.8493
			-0.499	0.1559	0.8525
			0.98	-0.1913	-0.0541
			-0.4663	0.0823	0.8808
		b:
			-103.9929
			231.243
			-59.4432
			63.8619
			172.559
			73.6032
	==================================================================================
	Q6:
		Shape: Hybrid
		q_c:	185.5	15.5	204.0
		ub :	187.421	21.8806	210.3639
		lb :	183.579	9.1194	197.6361
		P^-1:
			0.9672	0.1243	-0.1209
			0.1243	0.0662	-0.0164
			-0.1209	-0.0164	0.0653
		A:
			0.926	0.1878	-0.3275
			0.7018	-0.5814	-0.4116
			-0.9847	0.0006	0.1743
			-0.9297	-0.3628	0.0639
			0.5356	0.7751	-0.3351
			0.9211	0.3219	-0.2187
		b:
			108.7363
			40.1176
			-146.415
			-164.085
			45.9128
			132.1163


===========================================================================================
===========================================================================================
S7:
	q_c:	266.5	57.5	124.0
	ub :	303.802	92.8197	157.8264
	lb :	241.2876	27.1316	94.552

	==================================================================================
	Q1:
		Shape: Ellipse
		q_c:	286.0	42.0	110.5
		ub :	302.1664	56.0898	122.7387
		lb :	269.8336	27.9102	98.2613
		P^-1:
			0.005	0.0014	-0.0001
			0.0014	0.0136	0.0
			-0.0001	0.0	0.0138
	==================================================================================
	Q2:
		Shape: Ellipse
		q_c:	286.5	67.0	139.0
		ub :	303.802	86.6076	157.8264
		lb :	269.198	47.3924	120.1736
		P^-1:
			0.0126	0.0027	-0.0055
			0.0027	0.0068	-0.001
			-0.0055	-0.001	0.0105
	==================================================================================
	Q3:
		Shape: Ellipse
		q_c:	271.5	45.5	117.5
		ub :	284.9324	55.8493	127.273
		lb :	258.0676	35.1507	107.727
		P^-1:
			0.0129	-0.0181	0.0119
			-0.0181	0.1326	-0.1165
			0.0119	-0.1165	0.1305
	==================================================================================
	Q4:
		Shape: Polyhedra
		q_c:	260.5	78.5	107.0
		ub :	276.1451	92.8197	119.448
		lb :	244.8549	64.1803	94.552
		A:
			-0.4228	-0.3858	0.82
			-0.0065	0.9633	-0.2685
			-0.2567	0.9644	-0.0641
			-0.6628	0.7207	-0.2033
			-0.6357	-0.1073	-0.7645
			0.6433	0.5053	-0.5752
			0.9187	0.3212	0.2297
			0.1755	-0.8532	0.4912
			0.3537	-0.411	-0.8402
			-0.9187	-0.3212	-0.2297
			-0.1755	0.8532	-0.4912
			-0.3537	0.411	0.8402
		b:
			-44.3489
			54.3984
			10.4976
			-128.2955
			-244.5439
			155.8775
			302.1225
			40.2816
			-24.0186
			-276.1225
			-22.2816
			36.0186
	==================================================================================
	Q5:
		Shape: Ellipse
		q_c:	258.0	41.5	120.5
		ub :	274.7124	55.8684	135.2319
		lb :	241.2876	27.1316	105.7681
		P^-1:
			0.0105	-0.0026	0.006
			-0.0026	0.0119	-0.0053
			0.006	-0.0053	0.0172
	==================================================================================
	Q6:
		Shape: Hybrid
		q_c:	287.0	40.5	130.0
		ub :	297.7258	45.1772	139.5036
		lb :	276.2742	35.8228	120.4964
		P^-1:
			0.038	-0.0103	0.0371
			-0.0103	0.1052	-0.0068
			0.0371	-0.0068	0.0595
		A:
			-0.5782	-0.0009	-0.8159
			0.5757	-0.1297	0.8073
			-0.5928	0.3989	-0.6996
			-0.2603	0.89	-0.3744
			0.4473	-0.1696	0.8782
			0.0336	-0.9027	-0.429
		b:
			-270.1339
			266.7853
			-243.1742
			-85.7888
			237.8725
			-80.1941


===========================================================================================
===========================================================================================
S8:
	q_c:	270.0	482.0	139.5
	ub :	274.991	486.6721	144.4735
	lb :	267.0254	478.5967	135.4632

	==================================================================================
	Q1:
		Shape: Polyhedra
		q_c:	272.5	482.5	142.0
		ub :	274.754	485.0884	144.4735
		lb :	270.246	479.9116	139.5265
		A:
			0.4291	0.0488	-0.902
			0.8139	0.4223	0.3989
			-0.7141	-0.5574	-0.4235
			-0.0079	-0.5207	-0.8537
			0.653	-0.472	0.5923
			-0.0675	-0.8908	-0.4493
			0.7244	0.5058	0.4683
			-0.0955	-0.5992	0.7949
			0.6827	-0.6206	-0.3857
			-0.7244	-0.5058	-0.4683
			0.0955	0.5992	-0.7949
			-0.6827	0.6206	0.3857
		b:
			13.8661
			483.7109
			-522.1755
			-373.1166
			35.8233
			-510.5252
			509.478
			-200.7547
			-166.6602
			-506.478
			203.7547
			169.6602
	==================================================================================
	Q2:
		Shape: Hybrid
		q_c:	270.5	480.5	137.5
		ub :	272.4563	482.4033	139.5368
		lb :	268.5437	478.5967	135.4632
		P^-1:
			0.4521	0.0559	-0.0331
			0.0559	0.8498	-0.2403
			-0.0331	-0.2403	0.5869
		A:
			0.9965	-0.0635	-0.0552
			-0.1139	-0.5925	0.7974
			0.4004	-0.8298	0.3888
			-0.0382	0.8118	-0.5827
			-0.9058	-0.2819	-0.3163
			-0.8641	-0.2755	-0.4213
		b:
			232.4163
			-205.2906
			-236.2898
			300.1328
			-422.9703
			-423.0582
	==================================================================================
	Q3:
		Shape: Polyhedra
		q_c:	269.0	481.0	141.0
		ub :	270.9746	482.9825	142.6652
		lb :	267.0254	479.0175	139.3348
		A:
			-0.3401	0.207	0.9173
			-0.2283	0.9189	0.3218
			0.8538	-0.3071	-0.4204
			-0.0248	-0.9831	-0.1815
			0.7186	-0.6353	-0.283
			-0.5609	-0.1977	0.8039
			0.7158	0.6966	0.0484
			0.3807	-0.3313	-0.8633
			-0.5854	0.6364	-0.5023
			-0.7158	-0.6966	-0.0484
			-0.3807	0.3313	0.8633
			0.5854	-0.6364	0.5023
		b:
			138.4495
			427.1311
			23.7865
			-503.978
			-150.9222
			-131.6079
			535.4435
			-177.6574
			79.312
			-533.4435
			179.6574
			-76.312
	==================================================================================
	Q4:
		Shape: Ellipse
		q_c:	271.5	483.0	138.0
		ub :	273.23	484.4635	139.6805
		lb :	269.77	481.5365	136.3195
		P^-1:
			1.5856	0.889	-1.0847
			0.889	2.2352	-1.2484
			-1.0847	-1.2484	1.6237
	==================================================================================
	Q5:
		Shape: Ellipse
		q_c:	270.0	484.5	140.0
		ub :	272.8453	486.6721	142.5421
		lb :	267.1547	482.3279	137.4579
		P^-1:
			0.3279	-0.0527	-0.0794
			-0.0527	0.4206	-0.0359
			-0.0794	-0.0359	0.3903
	==================================================================================
	Q6:
		Shape: Ellipse
		q_c:	273.0	482.0	140.5
		ub :	274.991	484.3787	142.7759
		lb :	271.009	479.6213	138.2241
		P^-1:
			0.9182	0.177	-0.1528
			0.177	0.6171	0.3305
			-0.1528	0.3305	0.7148


===========================================================================================
===========================================================================================
