3D_40_10_6_c                l = 3

===========================================================================================
===========================================================================================
S1:
	q_c:    236.0000    243.0000    191.5000
	ub :    240.0000    264.0000    215.0000
	lb :    232.0000    222.0000    168.0000

	==================================================================================
	Q1:
		Shape: Polyhedra
		q_c:    238.5000    242.0000    194.5000
		ub :    240.4344    245.3202    197.7145
		lb :    236.5656    238.6798    191.2855
		A:
			    -0.9508    -0.0588    0.3042
			    -0.9709    -0.1698    0.1687
			    0.6554    -0.1118    0.7470
			    0.8079    0.5793    0.1085
			    -0.6946    0.4559    -0.5564
			    -0.7703    0.4863    -0.4125
			    0.1978    0.6454    0.7378
			    0.2454    0.6961    -0.6747
			    -0.9490    0.3145    -0.0206
			    -0.1978    -0.6454    -0.7378
			    -0.2454    -0.6961    0.6747
			    0.9490    -0.3145    0.0206
		b:
			    -180.5419
			    -238.5067
			    276.4070
			    355.9256
			    -162.0842
			    -144.9580
			    349.3674
			    97.7547
			    -153.2417
			    -344.3674
			    -93.7547
			    155.2417
	==================================================================================
	Q2:
		Shape: Hybrid
		q_c:    234.0000    243.5000    195.0000
		ub :    237.5318    246.7897    197.6813
		lb :    230.4682    240.2103    192.3187
		P^-1: 
			    0.2496    0.0048    -0.1094
			    0.0048    0.2439    0.0692
			    -0.1094    0.0692    0.3610
		A:
			    -0.3655    -0.6379    0.6778
			    0.6957    0.4702    0.5431
			    -0.3217    -0.5336    -0.7821
			    0.3175    0.8095    0.4939
			    0.1852    0.6479    -0.7389
			    -0.1970    -0.9718    0.1296
		b:
			    -107.4693
			    384.5614
			    -356.5910
			    368.8562
			    58.3414
			    -256.1141
	==================================================================================
	Q3:
		Shape: Polyhedra
		q_c:    234.5000    245.0000    188.5000
		ub :    237.3604    247.9855    191.6876
		lb :    231.6396    242.0145    185.3124
		A:
			    0.3759    -0.9265    0.0173
			    0.5118    -0.2212    0.8302
			    -0.9706    -0.0587    0.2334
			    0.4072    0.5722    -0.7119
			    -0.7727    -0.1844    -0.6074
			    0.5282    0.6930    -0.4906
			    0.7188    0.5359    0.4430
			    0.2378    -0.7882    0.5676
			    0.6533    -0.3027    -0.6940
			    -0.7188    -0.5359    -0.4430
			    -0.2378    0.7882    -0.5676
			    -0.6533    0.3027    0.6940
		b:
			    -133.5922
			    224.1379
			    -196.1673
			    103.4189
			    -339.2790
			    203.0357
			    384.8373
			    -28.3450
			    -49.7612
			    -381.8373
			    32.3450
			    53.7612
	==================================================================================
	Q4:
		Shape: Ellipse
		q_c:    239.5000    245.0000    188.5000
		ub :    242.8961    247.8065    190.0628
		lb :    236.1039    242.1935    186.9372
		P^-1: 
			    0.3075    0.2808    0.7887
			    0.2808    0.5652    1.0223
			    0.7887    1.0223    3.4883
	==================================================================================
	Q5:
		Shape: Hybrid
		q_c:    237.5000    247.5000    188.5000
		ub :    241.8589    252.0049    191.7227
		lb :    233.1411    242.9951    185.2773
		P^-1: 
			    0.1790    0.0450    -0.0397
			    0.0450    0.1025    -0.0207
			    -0.0397    -0.0207    0.2101
		A:
			    0.2531    0.7955    -0.5506
			    0.2325    -0.5779    -0.7823
			    0.6667    0.7010    0.2532
			    0.2342    0.1466    -0.9611
			    -0.9178    0.0362    0.3953
			    0.2789    0.1895    -0.9414
		b:
			    154.8550
			    -233.4429
			    381.1514
			    -88.1650
			    -133.1078
			    -63.2401
	==================================================================================
	Q6:
		Shape: Hybrid
		q_c:    235.0000    247.0000    191.5000
		ub :    237.7796    250.2868    194.9095
		lb :    232.2204    243.7132    188.0905
		P^-1: 
			    0.2500    -0.0000    -0.0000
			    -0.0000    0.2500    -0.0000
			    -0.0000    -0.0000    0.2500
		A:
			    0.4754    0.8009    -0.3641
			    -0.0550    -0.8146    0.5774
			    0.0759    -0.9886    -0.1303
			    -0.1827    0.9149    -0.3599
			    -0.1337    -0.7197    0.6813
			    -0.3173    -0.9276    0.1971
		b:
			    240.8072
			    -102.5608
			    -250.2965
			    115.1315
			    -77.7294
			    -264.9520


===========================================================================================
===========================================================================================
S2:
	q_c:    235.5000    101.0000    504.0000
	ub :    264.0000    130.0000    508.0000
	lb :    207.0000    72.0000    500.0000

	==================================================================================
	Q1:
		Shape: Ellipse
		q_c:    233.5000    99.0000    503.5000
		ub :    235.2817    100.7576    505.4505
		lb :    231.7183    97.2424    501.5495
		P^-1: 
			    0.9392    0.0676    -0.1596
			    0.0676    0.9247    0.1777
			    -0.1596    0.1777    0.5805
	==================================================================================
	Q2:
		Shape: Ellipse
		q_c:    235.0000    101.0000    505.0000
		ub :    237.0534    102.9798    506.7079
		lb :    232.9466    99.0202    503.2921
		P^-1: 
			    0.7495    -0.2623    -0.0873
			    -0.2623    0.7253    -0.0914
			    -0.0873    -0.0914    0.9696
	==================================================================================
	Q3:
		Shape: Polyhedra
		q_c:    238.0000    102.0000    506.5000
		ub :    239.8682    104.1625    508.5498
		lb :    236.1318    99.8375    504.4502
		A:
			    -0.5963    0.5135    0.6171
			    0.2322    -0.5879    0.7748
			    0.8512    0.1224    0.5103
			    0.2175    0.3828    -0.8979
			    -0.7038    0.4226    -0.5711
			    -0.9229    0.1468    0.3560
			    0.0602    0.3580    0.9318
			    -0.6754    0.7020    -0.2261
			    -0.7350    -0.6157    0.2841
			    -0.0602    -0.3580    -0.9318
			    0.6754    -0.7020    0.2261
			    0.7350    0.6157    -0.2841
		b:
			    224.3389
			    389.0084
			    474.8858
			    -362.5047
			    -412.5136
			    -23.0134
			    524.2952
			    -202.6382
			    -92.3450
			    -521.2952
			    204.6382
			    95.3450
	==================================================================================
	Q4:
		Shape: Ellipse
		q_c:    236.5000    99.5000    508.5000
		ub :    239.5056    102.5927    511.5045
		lb :    233.4944    96.4073    505.4955
		P^-1: 
			    0.2761    -0.0538    0.0565
			    -0.0538    0.3591    -0.1005
			    0.0565    -0.1005    0.2192
	==================================================================================
	Q5:
		Shape: Hybrid
		q_c:    233.5000    98.5000    506.0000
		ub :    235.4671    99.7957    507.8948
		lb :    231.5329    97.2043    504.1052
		P^-1: 
			    0.6527    -0.0132    0.2686
			    -0.0132    0.9995    0.0102
			    0.2686    0.0102    0.7922
		A:
			    -0.0968    0.3079    -0.9465
			    0.1841    -0.7373    -0.6500
			    -0.1215    0.6638    -0.7380
			    -0.5928    -0.4339    0.6785
			    -0.1182    0.2602    0.9583
			    0.7482    -0.3407    -0.5693
		b:
			    -470.5617
			    -357.8854
			    -335.8485
			    163.0924
			    483.6885
			    -145.9558
	==================================================================================
	Q6:
		Shape: Hybrid
		q_c:    236.0000    101.5000    503.0000
		ub :    238.4124    104.3141    505.7549
		lb :    233.5876    98.6859    500.2451
		P^-1: 
			    0.4380    -0.0300    0.0177
			    -0.0300    0.3047    0.0821
			    0.0177    0.0821    0.3962
		A:
			    0.5170    0.7503    0.4119
			    0.2284    0.8716    0.4338
			    -0.8496    -0.2508    -0.4640
			    -0.6331    0.6967    -0.3374
			    -0.5937    -0.6015    -0.5345
			    0.1681    0.0990    0.9808
		b:
			    406.2818
			    361.4784
			    -458.5829
			    -247.4344
			    -469.2225
			    543.8855


===========================================================================================
===========================================================================================
S3:
	q_c:    433.5000    113.0000    486.5000
	ub :    445.0000    133.0000    511.0000
	lb :    422.0000    93.0000    462.0000

	==================================================================================
	Q1:
		Shape: Ellipse
		q_c:    434.0000    109.0000    483.0000
		ub :    440.1097    114.4982    488.6793
		lb :    427.8903    103.5018    477.3207
		P^-1: 
			    0.0748    0.0100    0.0055
			    0.0100    0.0537    0.0046
			    0.0055    0.0046    0.0649
	==================================================================================
	Q2:
		Shape: Hybrid
		q_c:    438.5000    123.0000    497.5000
		ub :    443.9806    128.0608    502.8646
		lb :    433.0194    117.9392    492.1354
		P^-1: 
			    0.1027    -0.0048    0.0178
			    -0.0048    0.1084    0.0100
			    0.0178    0.0100    0.0736
		A:
			    0.2616    0.4256    0.8663
			    0.2773    0.1753    0.9447
			    0.6946    -0.3402    0.6339
			    0.4912    -0.8530    -0.1762
			    -0.1941    0.8429    0.5019
			    -0.1953    0.8215    -0.5357
		b:
			    599.8617
			    615.1004
			    579.7365
			    24.3425
			    269.9085
			    -249.1982
	==================================================================================
	Q3:
		Shape: Hybrid
		q_c:    430.0000    124.0000    496.0000
		ub :    436.7274    129.1859    502.2160
		lb :    423.2726    118.8141    489.7840
		P^-1: 
			    0.0558    -0.0073    -0.0066
			    -0.0073    0.0792    0.0006
			    -0.0066    0.0006    0.0584
		A:
			    -0.5974    -0.7506    0.2823
			    0.2989    -0.5732    0.7630
			    0.5555    0.7977    -0.2349
			    0.1186    -0.7622    -0.6364
			    -0.0307    0.8283    -0.5594
			    -0.3407    0.9125    -0.2265
		b:
			    -207.6769
			    438.1451
			    223.4625
			    -357.1533
			    -185.9369
			    -143.8244
	==================================================================================
	Q4:
		Shape: Hybrid
		q_c:    437.5000    118.5000    479.5000
		ub :    442.1624    124.7924    485.6677
		lb :    432.8376    112.2076    473.3323
		P^-1: 
			    0.2010    -0.0796    0.0153
			    -0.0796    0.1022    -0.0324
			    0.0153    -0.0324    0.0685
		A:
			    -0.9738    0.0797    -0.2131
			    0.2220    0.8764    -0.4273
			    0.9388    0.2368    0.2502
			    0.8888    -0.1699    -0.4256
			    -0.3176    0.5526    0.7705
			    -0.9730    0.1123    0.2016
		b:
			    -517.0996
			    -1.2346
			    561.2937
			    166.4110
			    299.3492
			    -314.1834
	==================================================================================
	Q5:
		Shape: Polyhedra
		q_c:    424.5000    123.0000    494.0000
		ub :    432.6968    130.1209    499.7038
		lb :    416.3032    115.8791    488.2962
		A:
			    0.8325    0.2261    -0.5058
			    0.0066    -0.0028    -1.0000
			    -0.0366    0.7911    0.6106
			    0.3059    0.0023    -0.9521
			    -0.5811    -0.6545    0.4837
			    0.5335    0.4489    0.7168
			    0.4991    0.8260    0.2620
			    0.3879    0.0574    -0.9199
			    -0.7749    0.5607    -0.2917
			    -0.4991    -0.8260    -0.2620
			    -0.3879    -0.0574    0.9199
			    0.7749    -0.5607    0.2917
		b:
			    135.2132
			    -488.0502
			    387.4390
			    -337.1769
			    -84.6949
			    640.0814
			    446.8650
			    -279.7442
			    -397.5935
			    -438.8650
			    285.7442
			    410.5935
	==================================================================================
	Q6:
		Shape: Hybrid
		q_c:    438.5000    122.0000    491.0000
		ub :    445.5551    128.4268    496.7210
		lb :    431.4449    115.5732    485.2790
		P^-1: 
			    0.0502    -0.0266    -0.0408
			    -0.0266    0.0750    0.0295
			    -0.0408    0.0295    0.1251
		A:
			    -0.4745    0.3798    0.7941
			    -0.0947    0.8588    0.5036
			    0.5324    0.0516    -0.8449
			    0.2997    -0.8217    -0.4848
			    -0.6847    0.7027    0.1933
			    0.0885    -0.1449    -0.9855
		b:
			    229.4527
			    312.7336
			    -173.2020
			    -205.0483
			    -117.2268
			    -460.9421


===========================================================================================
===========================================================================================
S4:
	q_c:    127.0000    364.5000    499.0000
	ub :    152.0000    385.0000    516.0000
	lb :    102.0000    344.0000    482.0000

	==================================================================================
	Q1:
		Shape: Ellipse
		q_c:    129.0000    365.0000    490.0000
		ub :    140.2803    373.5789    501.4578
		lb :    117.7197    356.4211    478.5422
		P^-1: 
			    0.0170    0.0041    0.0035
			    0.0041    0.0511    0.0192
			    0.0035    0.0192    0.0278
	==================================================================================
	Q2:
		Shape: Ellipse
		q_c:    112.0000    377.0000    498.5000
		ub :    118.8666    384.0935    504.4427
		lb :    105.1334    369.9065    492.5573
		P^-1: 
			    0.4610    0.3134    0.3665
			    0.3134    0.2626    0.2684
			    0.3665    0.2684    0.3331
	==================================================================================
	Q3:
		Shape: Hybrid
		q_c:    133.5000    358.0000    503.0000
		ub :    144.2540    372.0803    517.2253
		lb :    122.7460    343.9197    488.7747
		P^-1: 
			    0.0573    0.0065    0.0341
			    0.0065    0.0103    0.0034
			    0.0341    0.0034    0.0315
		A:
			    0.8533    0.4399    -0.2798
			    0.9296    0.1697    0.3273
			    -0.5083    -0.2356    -0.8283
			    -0.5739    -0.4968    -0.6510
			    0.8704    -0.1353    0.4734
			    0.9218    0.1480    0.3584
		b:
			    137.7185
			    352.1965
			    -564.8301
			    -577.7710
			    308.5188
			    358.8321
	==================================================================================
	Q4:
		Shape: Polyhedra
		q_c:    144.0000    378.5000    505.0000
		ub :    155.8233    388.7639    517.0416
		lb :    132.1767    368.2361    492.9584
		A:
			    -0.6514    -0.0738    0.7551
			    0.6191    0.6255    0.4748
			    -0.3706    0.0354    -0.9281
			    0.5036    0.3024    -0.8093
			    -0.9743    0.1930    -0.1158
			    0.3848    0.4437    0.8094
			    0.7149    0.2265    0.6616
			    -0.6818    0.0156    0.7314
			    0.1553    -0.9739    0.1655
			    -0.7149    -0.2265    -0.6616
			    0.6818    -0.0156    -0.7314
			    -0.1553    0.9739    -0.1655
		b:
			    268.5873
			    572.3754
			    -501.8083
			    -212.7370
			    -118.2054
			    638.6842
			    528.7438
			    286.0729
			    -253.6647
			    -516.7438
			    -268.0729
			    271.6647
	==================================================================================
	Q5:
		Shape: Polyhedra
		q_c:    119.5000    383.0000    512.0000
		ub :    134.5889    398.2486    525.3301
		lb :    104.4111    367.7514    498.6699
		A:
			    -0.0950    0.4627    0.8814
			    -0.6498    -0.7362    -0.1888
			    0.4366    0.8623    0.2567
			    0.6102    0.1275    0.7819
			    -0.7687    -0.6320    0.0983
			    -0.1023    -0.9002    -0.4234
			    0.1857    0.5155    0.8366
			    -0.5406    0.7645    -0.3510
			    -0.8205    -0.3871    0.4207
			    -0.1857    -0.5155    -0.8366
			    0.5406    -0.7645    0.3510
			    0.8205    0.3871    -0.4207
		b:
			    624.0162
			    -447.6427
			    522.1735
			    530.0187
			    -274.0336
			    -565.8872
			    654.4257
			    58.9694
			    -20.9236
			    -641.4257
			    -37.9694
			    40.9236
	==================================================================================
	Q6:
		Shape: Hybrid
		q_c:    119.5000    351.0000    497.5000
		ub :    130.8492    364.1580    504.2538
		lb :    108.1508    337.8420    490.7462
		P^-1: 
			    0.0398    0.0196    -0.0190
			    0.0196    0.0196    -0.0142
			    -0.0190    -0.0142    0.0628
		A:
			    -0.7241    -0.6559    0.2132
			    -0.2707    -0.1573    -0.9497
			    0.1264    0.3852    -0.9141
			    0.1025    0.2737    -0.9563
			    0.6462    0.3338    -0.6863
			    -0.7601    0.2263    -0.6091
		b:
			    -207.5674
			    -556.7932
			    -301.6949
			    -364.9900
			    -145.1687
			    -308.4622


===========================================================================================
===========================================================================================
S5:
	q_c:    88.5000    515.0000    211.5000
	ub :    100.0000    527.0000    237.0000
	lb :    77.0000    503.0000    186.0000

	==================================================================================
	Q1:
		Shape: Ellipse
		q_c:    93.5000    513.0000    210.0000
		ub :    100.7472    520.0727    217.8955
		lb :    86.2528    505.9273    202.1045
		P^-1: 
			    0.0458    0.0062    0.0080
			    0.0062    0.0388    0.0098
			    0.0080    0.0098    0.0510
	==================================================================================
	Q2:
		Shape: Polyhedra
		q_c:    84.5000    522.5000    212.5000
		ub :    91.7129    530.0248    220.8311
		lb :    77.2871    514.9752    204.1689
		A:
			    0.2750    -0.9572    0.0907
			    0.3149    0.8978    0.3081
			    -0.9574    0.2412    0.1590
			    -0.5162    -0.4731    0.7140
			    0.9566    0.2913    -0.0013
			    0.4055    -0.8877    0.2181
			    0.1636    0.8401    0.5172
			    0.8319    0.1644    -0.5301
			    -0.5303    0.5169    -0.6720
			    -0.1636    -0.8401    -0.5172
			    -0.8319    -0.1644    0.5301
			    0.5303    -0.5169    0.6720
		b:
			    -452.6027
			    566.1162
			    83.5417
			    -134.4549
			    237.4297
			    -378.2209
			    567.6750
			    48.0350
			    87.4885
			    -557.6750
			    -39.0350
			    -77.4885
	==================================================================================
	Q3:
		Shape: Polyhedra
		q_c:    79.5000    505.5000    221.0000
		ub :    88.1650    513.3556    229.9244
		lb :    70.8350    497.6444    212.0756
		A:
			    -0.0247    -0.9919    0.1245
			    -0.4137    0.7334    -0.5394
			    -0.3262    0.8022    -0.5000
			    -0.7950    0.6060    -0.0266
			    -0.2982    0.8314    0.4689
			    -0.3331    0.0816    0.9393
			    0.2138    0.4157    0.8840
			    -0.5676    0.7894    -0.2339
			    -0.7951    -0.4517    0.4047
			    -0.2138    -0.4157    -0.8840
			    0.5676    -0.7894    0.2339
			    0.7951    0.4517    -0.4047
		b:
			    -471.1308
			    221.9142
			    272.5383
			    240.7909
			    504.7612
			    228.9399
			    428.5011
			    304.7214
			    -194.6053
			    -416.5011
			    -299.7214
			    209.6053
	==================================================================================
	Q4:
		Shape: Hybrid
		q_c:    94.0000    521.5000    211.0000
		ub :    102.5982    528.6781    219.8090
		lb :    85.4018    514.3219    202.1910
		P^-1: 
			    0.0304    0.0036    0.0106
			    0.0036    0.0353    0.0044
			    0.0106    0.0044    0.0404
		A:
			    -0.9310    -0.2401    0.2750
			    -0.0599    -0.9142    -0.4008
			    0.4692    0.0385    0.8823
			    0.6883    0.0916    0.7196
			    0.2204    0.8276    -0.5162
			    0.2077    -0.4088    0.8887
		b:
			    -150.6960
			    -564.0980
			    252.7442
			    266.7366
			    346.8117
			    -3.2332
	==================================================================================
	Q5:
		Shape: Hybrid
		q_c:    83.5000    520.0000    203.0000
		ub :    91.9906    526.5022    211.4123
		lb :    75.0094    513.4978    194.5877
		P^-1: 
			    0.0404    0.0027    -0.0142
			    0.0027    0.0551    -0.0064
			    -0.0142    -0.0064    0.0442
		A:
			    -0.2647    -0.8740    0.4076
			    0.9838    -0.1354    0.1176
			    -0.2938    -0.9373    0.1874
			    0.9215    -0.3883    -0.0108
			    -0.8974    0.0335    0.4400
			    0.8441    -0.4552    -0.2834
		b:
			    -391.7722
			    39.0887
			    -471.7274
			    -123.9996
			    34.3372
			    -221.0346
	==================================================================================
	Q6:
		Shape: Hybrid
		q_c:    96.5000    516.5000    217.5000
		ub :    100.1776    522.6678    223.9127
		lb :    92.8224    510.3322    211.0873
		P^-1: 
			    0.2264    -0.0540    -0.0095
			    -0.0540    0.1029    0.0441
			    -0.0095    0.0441    0.0650
		A:
			    0.9384    -0.3442    0.0287
			    -0.1043    -0.6808    0.7250
			    -0.5980    0.2000    0.7762
			    -0.2953    0.9044    0.3079
			    -0.6196    0.5332    0.5760
			    0.4395    -0.6111    -0.6584
		b:
			    -79.9039
			    -199.5133
			    217.0580
			    507.4933
			    342.4142
			    -414.6987


===========================================================================================
===========================================================================================
S6:
	q_c:    105.0000    38.0000    89.0000
	ub :    115.0000    56.0000    102.0000
	lb :    95.0000    20.0000    76.0000

	==================================================================================
	Q1:
		Shape: Polyhedra
		q_c:    100.0000    32.5000    82.0000
		ub :    106.4853    37.3991    87.9855
		lb :    93.5147    27.6009    76.0145
		A:
			    -0.4864    -0.6817    -0.5465
			    -0.7621    -0.5066    -0.4032
			    0.0219    -0.9086    0.4172
			    0.3484    0.8225    0.4496
			    0.8561    0.4261    -0.2926
			    0.9258    0.1973    -0.3226
			    0.4339    0.0946    0.8960
			    -0.8423    0.3956    0.3661
			    -0.3198    -0.9135    0.2513
			    -0.4339    -0.0946    -0.8960
			    0.8423    -0.3956    -0.3661
			    0.3198    0.9135    -0.2513
		b:
			    -111.9846
			    -122.0205
			    10.0603
			    101.9317
			    79.2060
			    76.6201
			    123.9351
			    -36.8490
			    -38.0619
			    -115.9351
			    45.8490
			    44.0619
	==================================================================================
	Q2:
		Shape: Polyhedra
		q_c:    105.5000    35.5000    86.0000
		ub :    112.6050    42.3833    93.4639
		lb :    98.3950    28.6167    78.5361
		A:
			    -0.0353    -0.2363    -0.9710
			    -0.7560    -0.5462    0.3608
			    -0.9417    0.2539    -0.2209
			    -0.2923    0.6140    -0.7332
			    -0.9889    -0.0068    0.1487
			    -0.4120    -0.8902    0.1944
			    0.6279    0.5922    0.5051
			    -0.7419    0.2593    0.6183
			    0.2352    -0.7630    0.6021
			    -0.6279    -0.5922    -0.5051
			    0.7419    -0.2593    -0.6183
			    -0.2352    0.7630    -0.6021
		b:
			    -91.2035
			    -63.7196
			    -104.9753
			    -68.0686
			    -87.2921
			    -54.0882
			    135.1985
			    -11.3936
			    53.5156
			    -126.1985
			    20.3936
			    -45.5156
	==================================================================================
	Q3:
		Shape: Polyhedra
		q_c:    111.5000    35.0000    89.0000
		ub :    118.1457    41.9441    93.5038
		lb :    104.8543    28.0559    84.4962
		A:
			    0.4144    0.0840    0.9062
			    0.2481    0.6489    -0.7193
			    0.0893    0.2758    0.9570
			    -0.9109    0.4121    0.0216
			    0.0902    -0.4737    -0.8761
			    0.9060    0.3520    -0.2352
			    0.5898    0.8059    0.0511
			    0.6349    -0.4237    -0.6461
			    -0.4990    0.4135    -0.7616
			    -0.5898    -0.8059    -0.0511
			    -0.6349    0.4237    0.6461
			    0.4990    -0.4135    0.7616
		b:
			    133.2243
			    -9.4500
			    108.1419
			    -82.0701
			    -81.0275
			    97.1820
			    104.0168
			    1.4606
			    -105.9510
			    -93.0168
			    4.5394
			    111.9510
	==================================================================================
	Q4:
		Shape: Ellipse
		q_c:    102.0000    37.0000    87.5000
		ub :    107.1002    43.5155    94.0716
		lb :    96.8998    30.4845    80.9284
		P^-1: 
			    0.0834    0.0132    0.0202
			    0.0132    0.0624    0.0190
			    0.0202    0.0190    0.0772
	==================================================================================
	Q5:
		Shape: Ellipse
		q_c:    114.0000    26.5000    79.5000
		ub :    118.3353    30.9394    83.4339
		lb :    109.6647    22.0606    75.5661
		P^-1: 
			    0.0855    0.0154    -0.0045
			    0.0154    0.1431    -0.0212
			    -0.0045    -0.0212    0.1241
	==================================================================================
	Q6:
		Shape: Polyhedra
		q_c:    112.0000    30.5000    85.5000
		ub :    118.4899    38.5279    91.4429
		lb :    105.5101    22.4721    79.5571
		A:
			    0.7830    0.5895    0.1983
			    0.2636    -0.9609    -0.0852
			    -0.8050    -0.2862    -0.5196
			    -0.7307    -0.4772    -0.4881
			    -0.3733    -0.2649    -0.8891
			    -0.4825    0.2422    -0.8418
			    0.7758    0.2970    0.5567
			    -0.4290    -0.3987    0.8105
			    0.4627    -0.8677    -0.1818
			    -0.7758    -0.2970    -0.5567
			    0.4290    0.3987    -0.8105
			    -0.4627    0.8677    0.1818
		b:
			    125.4709
			    -0.6786
			    -141.3072
			    -135.8481
			    -122.8758
			    -115.1121
			    145.5464
			    13.5898
			    16.3135
			    -141.5464
			    -4.5898
			    -3.3135


===========================================================================================
===========================================================================================
S7:
	q_c:    354.0000    21.5000    89.5000
	ub :    361.0000    43.0000    113.0000
	lb :    347.0000    0.0000    66.0000

	==================================================================================
	Q1:
		Shape: Hybrid
		q_c:    356.5000    26.0000    91.0000
		ub :    360.0400    31.3089    95.9623
		lb :    352.9600    20.6911    86.0377
		P^-1: 
			    0.3300    -0.0378    -0.1405
			    -0.0378    0.1111    0.0915
			    -0.1405    0.0915    0.2127
		A:
			    0.9112    0.0344    -0.4106
			    -0.2508    0.2248    0.9416
			    0.5201    0.8022    -0.2933
			    -0.2751    -0.7971    -0.5375
			    0.4461    -0.5414    -0.7127
			    -0.9894    0.0468    0.1376
		b:
			    289.2969
			    3.6925
			    182.3568
			    -165.8665
			    81.1371
			    -337.8428
	==================================================================================
	Q2:
		Shape: Hybrid
		q_c:    353.0000    19.0000    90.0000
		ub :    356.7485    22.2966    93.3949
		lb :    349.2515    15.7034    86.6051
		P^-1: 
			    0.1838    0.0126    0.0377
			    0.0126    0.1667    0.0199
			    0.0377    0.0199    0.2195
		A:
			    -0.4335    -0.0938    0.8962
			    -0.9197    0.3840    0.0814
			    -0.0142    0.7340    -0.6790
			    -0.1463    0.2805    0.9486
			    -0.1657    -0.7632    -0.6245
			    0.2784    -0.6346    -0.7209
		b:
			    -72.7631
			    -308.5800
			    -50.7322
			    40.2718
			    -127.9992
			    22.6604
	==================================================================================
	Q3:
		Shape: Ellipse
		q_c:    348.0000    20.5000    84.5000
		ub :    352.3152    25.1206    88.5620
		lb :    343.6848    15.8794    80.4380
		P^-1: 
			    0.1449    -0.0281    -0.0525
			    -0.0281    0.1344    0.0437
			    -0.0525    0.0437    0.1929
	==================================================================================
	Q4:
		Shape: Polyhedra
		q_c:    349.0000    17.5000    85.5000
		ub :    354.1709    22.5867    90.0939
		lb :    343.8291    12.4133    80.9061
		A:
			    0.6986    -0.4808    0.5299
			    -0.5543    0.5879    -0.5892
			    0.2025    0.7830    -0.5882
			    0.7546    -0.3225    0.5715
			    -0.1634    -0.0786    0.9834
			    -0.5208    -0.3293    0.7876
			    0.7630    0.6261    0.1605
			    0.3335    -0.5940    0.7321
			    0.5537    -0.5050    -0.6621
			    -0.7630    -0.6261    -0.1605
			    -0.3335    0.5940    -0.7321
			    -0.5537    0.5050    0.6621
		b:
			    283.0422
			    -231.3654
			    36.4757
			    308.9292
			    28.8387
			    -116.9891
			    293.9734
			    170.5732
			    131.8087
			    -287.9734
			    -166.5732
			    -123.8087
	==================================================================================
	Q5:
		Shape: Polyhedra
		q_c:    353.0000    17.5000    85.0000
		ub :    355.4902    20.6621    87.3806
		lb :    350.5098    14.3379    82.6194
		A:
			    -0.3649    -0.3164    0.8756
			    0.3849    -0.1830    0.9046
			    0.9763    0.2063    -0.0655
			    0.8542    -0.0667    0.5156
			    0.7266    0.4552    -0.5146
			    0.8405    -0.4956    0.2187
			    0.0403    0.9930    0.1109
			    0.9482    -0.0031    -0.3177
			    -0.3152    0.1179    -0.9417
			    -0.0403    -0.9930    -0.1109
			    -0.9482    0.0031    0.3177
			    0.3152    -0.1179    0.9417
		b:
			    -58.1181
			    211.0600
			    344.7177
			    345.9319
			    222.9016
			    308.7427
			    44.0451
			    309.6451
			    -187.7354
			    -38.0451
			    -305.6451
			    190.7354
	==================================================================================
	Q6:
		Shape: Ellipse
		q_c:    359.0000    23.0000    84.5000
		ub :    364.4615    27.8153    89.4043
		lb :    353.5385    18.1847    79.5957
		P^-1: 
			    0.1016    -0.0041    0.0131
			    -0.0041    0.1093    0.0057
			    0.0131    0.0057    0.0929


===========================================================================================
===========================================================================================
S8:
	q_c:    138.0000    303.5000    261.0000
	ub :    148.0000    324.0000    273.0000
	lb :    128.0000    283.0000    249.0000

	==================================================================================
	Q1:
		Shape: Polyhedra
		q_c:    148.0000    305.0000    254.0000
		ub :    150.9424    308.3596    256.6532
		lb :    145.0576    301.6404    251.3468
		A:
			    -0.6765    0.6518    -0.3428
			    -0.6909    0.1521    -0.7068
			    -0.2767    -0.4154    0.8666
			    0.2566    -0.2021    0.9451
			    0.3157    0.5134    0.7979
			    0.0256    0.7364    -0.6761
			    0.1935    0.9803    0.0382
			    0.6512    -0.0992    -0.7524
			    -0.7338    0.1705    -0.6576
			    -0.1935    -0.9803    -0.0382
			    -0.6512    0.0992    0.7524
			    0.7338    -0.1705    0.6576
		b:
			    13.4248
			    -234.3761
			    54.8628
			    217.9931
			    408.2081
			    59.1258
			    340.3574
			    -122.4956
			    -222.6316
			    -334.3574
			    127.4956
			    224.6316
	==================================================================================
	Q2:
		Shape: Ellipse
		q_c:    138.5000    307.0000    261.0000
		ub :    147.5609    314.6996    270.1719
		lb :    129.4391    299.3004    251.8281
		P^-1: 
			    0.0345    -0.0022    0.0018
			    -0.0022    0.0364    -0.0027
			    0.0018    -0.0027    0.0352
	==================================================================================
	Q3:
		Shape: Ellipse
		q_c:    133.5000    304.0000    257.0000
		ub :    138.8327    309.7155    263.2074
		lb :    128.1673    298.2845    250.7926
		P^-1: 
			    0.0681    0.0046    0.0074
			    0.0046    0.0801    -0.0025
			    0.0074    -0.0025    0.0776
	==================================================================================
	Q4:
		Shape: Ellipse
		q_c:    143.5000    309.0000    261.0000
		ub :    147.7146    313.2940    265.4568
		lb :    139.2854    304.7060    256.5432
		P^-1: 
			    0.1260    -0.0127    0.0185
			    -0.0127    0.1552    0.0069
			    0.0185    0.0069    0.1499
	==================================================================================
	Q5:
		Shape: Polyhedra
		q_c:    135.5000    315.0000    261.5000
		ub :    140.4554    318.7027    266.6127
		lb :    130.5446    311.2973    256.3873
		A:
			    0.3146    -0.7687    0.5568
			    0.7785    -0.2402    -0.5798
			    0.4493    0.4790    -0.7542
			    -0.5932    0.8034    0.0516
			    -0.3318    0.6518    -0.6819
			    0.9807    0.1355    0.1407
			    0.4551    0.4339    0.7775
			    0.7665    0.2535    -0.5901
			    -0.4531    0.8646    -0.2173
			    -0.4551    -0.4339    -0.7775
			    -0.7665    -0.2535    0.5901
			    0.4531    -0.8646    0.2173
		b:
			    -52.0007
			    -118.5871
			    17.8322
			    187.9845
			    -15.7677
			    215.6702
			    405.1848
			    32.8928
			    155.6197
			    -398.1848
			    -25.8928
			    -152.6197
	==================================================================================
	Q6:
		Shape: Hybrid
		q_c:    135.5000    295.0000    261.5000
		ub :    141.9925    302.1312    268.5383
		lb :    129.0075    287.8688    254.4617
		P^-1: 
			    0.0667    -0.0147    -0.0065
			    -0.0147    0.0618    0.0055
			    -0.0065    0.0055    0.0518
		A:
			    -0.9571    0.1236    -0.2620
			    0.9848    -0.1715    0.0281
			    -0.9458    -0.2330    0.2264
			    0.4526    0.8915    -0.0207
			    -0.4857    0.2619    0.8340
			    0.7731    -0.0741    -0.6300
		b:
			    -159.4596
			    92.2922
			    -135.2906
			    321.6083
			    231.7608
			    -79.6810


===========================================================================================
===========================================================================================
S9:
	q_c:    443.5000    256.0000    490.0000
	ub :    455.0000    277.0000    512.0000
	lb :    432.0000    235.0000    468.0000

	==================================================================================
	Q1:
		Shape: Ellipse
		q_c:    450.0000    263.0000    498.0000
		ub :    457.3446    269.5459    504.6220
		lb :    442.6554    256.4541    491.3780
		P^-1: 
			    0.0546    -0.0015    -0.0098
			    -0.0015    0.0498    0.0040
			    -0.0098    0.0040    0.0475
	==================================================================================
	Q2:
		Shape: Polyhedra
		q_c:    453.5000    251.5000    481.0000
		ub :    462.6917    259.3302    491.4324
		lb :    444.3083    243.6698    470.5676
		A:
			    0.7670    -0.6059    0.2113
			    -0.6982    0.6908    -0.1879
			    -0.6659    0.2414    0.7059
			    0.6126    -0.7849    0.0933
			    -0.4004    0.6638    -0.6317
			    0.4064    -0.8562    -0.3190
			    0.4237    0.5463    0.7225
			    -0.8690    0.0200    0.4945
			    0.2557    -0.8373    0.4832
			    -0.4237    -0.5463    -0.7225
			    0.8690    -0.0200    -0.4945
			    -0.2557    0.8373    -0.4832
		b:
			    301.7595
			    -228.7728
			    104.1511
			    129.7674
			    -314.0842
			    -178.7249
			    685.0733
			    -145.6897
			    141.8003
			    -669.0733
			    156.6897
			    -133.8003
	==================================================================================
	Q3:
		Shape: Hybrid
		q_c:    438.5000    249.5000    499.0000
		ub :    447.3445    260.5434    510.0277
		lb :    429.6555    238.4566    487.9723
		P^-1: 
			    0.0277    -0.0077    -0.0055
			    -0.0077    0.0275    0.0071
			    -0.0055    0.0071    0.0230
		A:
			    -0.8064    0.3879    -0.4464
			    0.8560    0.1843    -0.4830
			    0.8475    -0.3598    0.3903
			    -0.2076    0.6000    0.7726
			    -0.5084    0.8610    -0.0125
			    -0.9572    0.2191    0.1891
		b:
			    -475.4046
			    184.2889
			    480.6917
			    447.3014
			    -11.0826
			    -267.4533
	==================================================================================
	Q4:
		Shape: Hybrid
		q_c:    454.0000    243.5000    477.5000
		ub :    459.0062    250.5739    485.0232
		lb :    448.9938    236.4261    469.9768
		P^-1: 
			    0.3380    0.0992    0.1472
			    0.0992    0.0806    0.0592
			    0.1472    0.0592    0.0989
		A:
			    -0.9998    -0.0153    0.0102
			    0.8903    0.0283    0.4544
			    -0.9935    -0.0406    -0.1060
			    -0.8384    0.4419    -0.3192
			    0.8807    0.4569    0.1252
			    -0.7715    0.4456    0.4541
		b:
			    -450.5794
			    629.3528
			    -509.8293
			    -422.6746
			    572.6685
			    -21.0017
	==================================================================================
	Q5:
		Shape: Polyhedra
		q_c:    439.0000    250.5000    480.5000
		ub :    446.3387    258.7753    488.1670
		lb :    431.6613    242.2247    472.8330
		A:
			    -0.5012    -0.5110    -0.6984
			    -0.9073    -0.0008    0.4204
			    -0.3018    -0.4701    0.8294
			    -0.6762    -0.3820    0.6299
			    0.1239    0.2308    0.9651
			    -0.4433    0.3102    -0.8410
			    0.1158    0.7336    0.6696
			    0.5750    0.5002    -0.6474
			    -0.8099    0.4600    -0.3639
			    -0.1158    -0.7336    -0.6696
			    -0.5750    -0.5002    0.6474
			    0.8099    -0.4600    0.3639
		b:
			    -677.9039
			    -192.1252
			    151.3849
			    -87.2194
			    581.1337
			    -515.2400
			    561.8489
			    69.1433
			    -408.6940
			    -550.8489
			    -64.1433
			    421.6940
	==================================================================================
	Q6:
		Shape: Hybrid
		q_c:    445.0000    266.0000    493.5000
		ub :    452.7171    274.7193    502.8445
		lb :    437.2829    257.2807    484.1555
		P^-1: 
			    0.0382    0.0033    0.0123
			    0.0033    0.0213    0.0035
			    0.0123    0.0035    0.0339
		A:
			    0.4197    0.9033    -0.0889
			    -0.4644    -0.5282    -0.7109
			    -0.8762    0.4507    0.1707
			    0.1974    -0.9433    -0.2670
			    0.3140    0.2235    0.9227
			    0.2885    0.6298    0.7211
		b:
			    387.5335
			    -695.1621
			    -181.8504
			    -290.2656
			    657.3965
			    655.0556


===========================================================================================
===========================================================================================
S10:
	q_c:    339.0000    478.0000    204.0000
	ub :    353.0000    489.0000    217.0000
	lb :    325.0000    467.0000    191.0000

	==================================================================================
	Q1:
		Shape: Hybrid
		q_c:    332.5000    468.5000    202.5000
		ub :    336.7432    473.0010    205.0134
		lb :    328.2568    463.9990    199.9866
		P^-1: 
			    0.1239    -0.0363    -0.0159
			    -0.0363    0.1380    -0.0785
			    -0.0159    -0.0785    0.4242
		A:
			    0.5191    0.4669    -0.7159
			    -0.3541    -0.5651    0.7452
			    -0.9157    0.4017    0.0115
			    -0.4130    0.9105    0.0179
			    -0.2297    -0.8138    0.5338
			    0.1278    0.6304    -0.7656
		b:
			    247.9683
			    -230.1754
			    -112.0770
			    294.7420
			    -347.7609
			    184.0376
	==================================================================================
	Q2:
		Shape: Polyhedra
		q_c:    332.5000    478.5000    199.5000
		ub :    338.2095    483.5185    204.2071
		lb :    326.7905    473.4815    194.7929
		A:
			    -0.0375    -0.7423    -0.6691
			    -0.2094    0.9778    -0.0029
			    -0.1403    -0.9859    0.0908
			    -0.0626    -0.7669    -0.6387
			    -0.2364    -0.7206    0.6518
			    0.1117    -0.3995    0.9099
			    0.6649    0.7192    0.2015
			    0.6964    -0.6945    0.1807
			    0.2699    0.0202    -0.9627
			    -0.6649    -0.7192    -0.2015
			    -0.6964    0.6945    -0.1807
			    -0.2699    -0.0202    0.9627
		b:
			    -497.6104
			    401.1847
			    -496.7964
			    -511.6895
			    -289.8751
			    31.0052
			    608.9331
			    -61.1839
			    -89.1582
			    -601.9331
			    68.1839
			    96.1582
	==================================================================================
	Q3:
		Shape: Ellipse
		q_c:    344.0000    475.0000    202.0000
		ub :    349.6784    482.3544    209.0780
		lb :    338.3216    467.6456    194.9220
		P^-1: 
			    0.0623    -0.0016    0.0014
			    -0.0016    0.0505    0.0111
			    0.0014    0.0111    0.0522
	==================================================================================
	Q4:
		Shape: Polyhedra
		q_c:    336.5000    471.5000    208.0000
		ub :    342.8417    478.0153    211.2480
		lb :    330.1583    464.9847    204.7520
		A:
			    0.0952    -0.0804    -0.9922
			    0.4710    0.3108    -0.8256
			    -0.9132    0.1997    0.3552
			    0.8871    -0.2714    0.3734
			    -0.7432    0.2496    0.6208
			    -0.1929    0.3005    0.9341
