3D_45_5_6_e                l = 3

===========================================================================================
===========================================================================================
S1:
	q_c:    126.5000    57.0000    283.5000
	ub :    146.0000    72.0000    294.0000
	lb :    107.0000    42.0000    273.0000

	==================================================================================
	Q1:
		Shape: Hybrid
		q_c:    123.5000    50.5000    277.0000
		ub :    128.5906    56.8200    282.2229
		lb :    118.4094    44.1800    271.7771
		P^-1: 
			    0.0529    0.0035    0.0138
			    0.0035    0.0376    0.0179
			    0.0138    0.0179    0.1030
		A:
			    -0.1916    0.1099    -0.9753
			    0.2491    -0.1565    -0.9557
			    -0.9583    -0.0676    -0.2778
			    -0.9154    -0.3995    -0.0505
			    -0.8936    0.1659    0.4172
			    -0.5186    0.3271    -0.7900
		b:
			    -286.3667
			    -239.9626
			    -196.0394
			    -144.2269
			    16.5196
			    -263.8675
	==================================================================================
	Q2:
		Shape: Hybrid
		q_c:    128.0000    53.5000    274.5000
		ub :    132.8117    59.6106    282.7818
		lb :    123.1883    47.3894    266.2182
		P^-1: 
			    0.1455    0.0056    -0.0421
			    0.0056    0.0479    0.0051
			    -0.0421    0.0051    0.0364
		A:
			    0.7341    0.6765    -0.0575
			    0.7459    0.6568    -0.1106
			    -0.7515    -0.6577    -0.0514
			    -0.1052    0.9872    -0.1203
			    -0.2965    -0.5701    0.7662
			    -0.8107    0.2830    0.5125
		b:
			    116.6859
			    102.4725
			    -143.0669
			    10.0184
			    146.2798
			    53.8068
	==================================================================================
	Q3:
		Shape: Polyhedra
		q_c:    131.5000    60.0000    282.0000
		ub :    136.8796    64.7532    287.2701
		lb :    126.1204    55.2468    276.7299
		A:
			    0.8702    -0.4463    0.2086
			    -0.6257    0.2180    -0.7490
			    -0.1291    0.9200    -0.3701
			    -0.7795    -0.1830    -0.5991
			    0.9125    -0.0663    0.4038
			    0.0439    0.8374    -0.5448
			    0.6883    0.7058    0.1676
			    0.5205    -0.6415    0.5635
			    0.5053    -0.3006    -0.8089
			    -0.6883    -0.7058    -0.1676
			    -0.5205    0.6415    -0.5635
			    -0.5053    0.3006    0.8089
		b:
			    149.1651
			    -278.0467
			    -63.8521
			    -279.7338
			    232.4206
			    -95.1454
			    183.1353
			    190.8710
			    -175.2088
			    -177.1353
			    -186.8710
			    184.2088
	==================================================================================
	Q4:
		Shape: Polyhedra
		q_c:    118.0000    67.0000    294.5000
		ub :    129.4099    74.7774    305.8405
		lb :    106.5901    59.2226    283.1595
		A:
			    -0.1500    0.0368    -0.9880
			    0.0038    -0.3174    -0.9483
			    -0.7230    -0.1854    -0.6655
			    0.0018    -0.8758    -0.4826
			    -0.6762    -0.2346    0.6984
			    0.2706    0.9450    0.1839
			    0.6049    0.4732    0.6404
			    -0.7124    -0.0376    0.7007
			    0.3557    -0.8801    0.3144
			    -0.6049    -0.4732    -0.6404
			    0.7124    0.0376    -0.7007
			    -0.3557    0.8801    -0.3144
		b:
			    -299.3483
			    -292.9097
			    -287.3457
			    -194.4635
			    118.0809
			    155.2841
			    298.1901
			    127.7806
			    80.5827
			    -285.1901
			    -111.7806
			    -70.5827
	==================================================================================
	Q5:
		Shape: Polyhedra
		q_c:    135.5000    54.5000    288.5000
		ub :    140.4498    58.8194    293.4330
		lb :    130.5502    50.1806    283.5670
		A:
			    0.1414    0.5428    0.8279
			    -0.2297    0.8343    0.5011
			    0.2019    -0.8064    -0.5559
			    -0.5795    0.6911    -0.4320
			    0.4836    0.7348    -0.4756
			    0.1865    0.2587    -0.9478
			    0.0078    0.8096    0.5870
			    -0.3316    0.5559    -0.7623
			    -0.9434    -0.1887    0.2728
			    -0.0078    -0.8096    -0.5870
			    0.3316    -0.5559    0.7623
			    0.9434    0.1887    -0.2728
		b:
			    289.8627
			    161.0802
			    -174.8569
			    -162.0493
			    -27.9804
			    -230.5698
			    216.5228
			    -231.0483
			    -55.4125
			    -212.5228
			    238.0483
			    63.4125
	==================================================================================
	Q6:
		Shape: Ellipse
		q_c:    119.0000    56.5000    283.0000
		ub :    127.6180    63.8753    290.6381
		lb :    110.3820    49.1247    275.3619
		P^-1: 
			    0.0377    0.0191    -0.0021
			    0.0191    0.0636    0.0175
			    -0.0021    0.0175    0.0533


===========================================================================================
===========================================================================================
S2:
	q_c:    436.5000    441.5000    386.0000
	ub :    438.0000    445.0000    389.0000
	lb :    435.0000    438.0000    383.0000

	==================================================================================
	Q1:
		Shape: Polyhedra
		q_c:    435.5000    441.0000    387.5000
		ub :    436.6409    442.0702    388.5921
		lb :    434.3591    439.9298    386.4079
		A:
			    -0.0124    0.3610    -0.9325
			    0.7204    -0.6743    -0.1620
			    -0.3607    0.5477    0.7549
			    0.6678    -0.7295    0.1479
			    -0.5232    -0.7674    0.3705
			    0.1301    -0.1311    0.9828
			    0.5773    0.6582    0.4833
			    -0.4383    0.7491    -0.4967
			    -0.6890    0.0750    0.7209
			    -0.5773    -0.6582    -0.4833
			    0.4383    -0.7491    0.4967
			    0.6890    -0.0750    -0.7209
		b:
			    -207.0395
			    -45.9283
			    377.6820
			    26.9355
			    -421.9782
			    380.3226
			    729.9289
			    -52.4835
			    12.8647
			    -727.9289
			    53.4835
			    -11.8647
	==================================================================================
	Q2:
		Shape: Ellipse
		q_c:    436.0000    443.0000    386.5000
		ub :    436.7328    443.8490    387.3328
		lb :    435.2672    442.1510    385.6672
		P^-1: 
			    4.0000    0.0000    0.0000
			    0.0000    4.0000    0.0000
			    0.0000    0.0000    4.0000
	==================================================================================
	Q3:
		Shape: Polyhedra
		q_c:    437.5000    442.5000    387.5000
		ub :    438.8184    443.7307    388.4140
		lb :    436.1816    441.2693    386.5860
		A:
			    0.9132    0.3533    0.2033
			    0.5106    0.6393    -0.5750
			    -0.2738    -0.4973    0.8232
			    -0.9984    0.0566    -0.0061
			    -0.9071    -0.3503    -0.2334
			    0.4728    -0.0502    0.8797
			    0.2306    0.9730    0.0077
			    0.8632    -0.2009    -0.4632
			    -0.4492    0.1135    -0.8862
			    -0.2306    -0.9730    -0.0077
			    -0.8632    0.2009    0.4632
			    0.4492    -0.1135    0.8862
		b:
			    635.4848
			    284.4098
			    -20.0436
			    -413.1819
			    -641.4393
			    526.0465
			    535.4271
			    110.2331
			    -489.2189
			    -533.4271
			    -108.2331
			    490.2189
	==================================================================================
	Q4:
		Shape: Hybrid
		q_c:    438.5000    442.5000    387.5000
		ub :    439.9762    443.5771    388.9837
		lb :    437.0238    441.4229    386.0163
		P^-1: 
			    1.0781    0.4271    -0.2136
			    0.4271    3.3375    -1.1688
			    -0.2136    -1.1688    1.5845
		A:
			    -0.3676    0.9012    0.2298
			    0.3697    0.1457    -0.9177
			    -0.2591    -0.8829    0.3916
			    0.4265    0.8693    -0.2498
			    0.3213    0.8408    -0.4357
			    -0.5324    0.7471    -0.3980
		b:
			    327.2161
			    -128.4285
			    -352.3342
			    475.1811
			    344.3582
			    -56.5563
	==================================================================================
	Q5:
		Shape: Hybrid
		q_c:    437.5000    441.0000    387.5000
		ub :    439.3403    442.6941    388.1668
		lb :    435.6597    439.3059    386.8332
		P^-1: 
			    0.6649    0.2595    -0.3156
			    0.2595    0.8098    0.0572
			    -0.3156    0.0572    3.9698
		A:
			    0.0901    0.1878    0.9781
			    -0.6209    -0.3193    -0.7159
			    -0.3665    -0.1326    -0.9209
			    0.9840    0.1780    -0.0051
			    -0.3401    -0.3041    0.8899
			    -0.0596    -0.0056    -0.9982
		b:
			    501.5522
			    -689.1878
			    -575.1937
			    508.0649
			    62.3031
			    -415.0484
	==================================================================================
	Q6:
		Shape: Hybrid
		q_c:    437.0000    441.0000    386.5000
		ub :    439.0295    442.8778    388.1880
		lb :    434.9705    439.1222    384.8120
		P^-1: 
			    1.5270    1.1711    1.1427
			    1.1711    1.7113    1.2361
			    1.1427    1.2361    1.6506
		A:
			    0.5599    -0.3610    -0.7458
			    0.4728    0.8603    0.1907
			    -0.5717    -0.6360    -0.5182
			    0.2957    0.4164    0.8597
			    0.3474    0.6393    0.6860
			    -0.7507    -0.5846    -0.3077
		b:
			    -201.6093
			    660.2726
			    -730.3792
			    645.6709
			    699.2344
			    -704.3665


===========================================================================================
===========================================================================================
S3:
	q_c:    66.0000    277.5000    131.0000
	ub :    96.0000    285.0000    155.0000
	lb :    36.0000    270.0000    107.0000

	==================================================================================
	Q1:
		Shape: Hybrid
		q_c:    70.0000    277.5000    133.0000
		ub :    73.4543    281.0835    137.1032
		lb :    66.5457    273.9165    128.8968
		P^-1: 
			    0.2204    0.0568    -0.0424
			    0.0568    0.6388    0.4440
			    -0.0424    0.4440    0.4533
		A:
			    -0.3074    -0.7607    -0.5717
			    -0.2362    0.5276    0.8160
			    -0.7786    -0.6274    0.0104
			    -0.4563    -0.7627    -0.4584
			    0.4357    0.8887    0.1428
			    0.8302    0.4101    0.3776
		b:
			    -307.9912
			    239.2512
			    -225.9078
			    -303.7620
			    297.2921
			    223.7623
	==================================================================================
	Q2:
		Shape: Polyhedra
		q_c:    65.0000    275.5000    136.5000
		ub :    68.8223    279.5944    139.3982
		lb :    61.1777    271.4056    133.6018
		A:
			    0.5387    -0.7868    -0.3011
			    0.6741    -0.0599    -0.7362
			    -0.7005    -0.3958    0.5938
			    -0.4765    -0.2301    0.8485
			    0.4647    0.7898    0.4003
			    -0.5206    -0.2709    0.8096
			    0.7594    0.1708    0.6279
			    -0.5909    -0.2229    0.7753
			    0.2724    -0.9598    -0.0684
			    -0.7594    -0.1708    -0.6279
			    0.5909    0.2229    -0.7753
			    -0.2724    0.9598    0.0684
		b:
			    -219.5953
			    -71.7868
			    -72.2518
			    22.5300
			    305.6416
			    3.0757
			    185.1065
			    7.0016
			    -252.5443
			    -179.1065
			    -5.0016
			    259.5443
	==================================================================================
	Q3:
		Shape: Ellipse
		q_c:    62.0000    277.5000    129.0000
		ub :    65.9321    282.2068    132.4207
		lb :    58.0679    272.7932    125.5793
		P^-1: 
			    0.2185    -0.0600    -0.0310
			    -0.0600    0.0856    0.0116
			    -0.0310    0.0116    0.1195
	==================================================================================
	Q4:
		Shape: Hybrid
		q_c:    68.5000    275.5000    133.5000
		ub :    71.3401    279.0808    136.8587
		lb :    65.6599    271.9192    130.1413
		P^-1: 
			    0.6012    -0.1572    -0.3889
			    -0.1572    0.2160    0.1386
			    -0.3889    0.1386    0.5028
		A:
			    -0.3233    -0.9417    -0.0932
			    -0.7812    0.5007    0.3729
			    0.7259    0.1590    -0.6692
			    -0.7998    0.2096    0.5624
			    0.4441    -0.7707    0.4568
			    0.5870    0.3828    -0.7134
		b:
			    -292.0296
			    135.0067
			    5.0597
			    78.5745
			    -118.9868
			    51.6660
	==================================================================================
	Q5:
		Shape: Polyhedra
		q_c:    72.0000    282.5000    138.5000
		ub :    75.3559    285.8991    141.5491
		lb :    68.6441    279.1009    135.4509
		A:
			    -0.6389    0.7254    0.2562
			    -0.4220    0.7378    -0.5269
			    0.0889    0.3072    -0.9475
			    0.8149    0.5740    -0.0807
			    -0.1626    -0.5399    0.8259
			    -0.4330    -0.7500    0.5000
			    0.0035    0.4574    0.8892
			    -0.8684    0.4424    -0.2242
			    -0.4959    -0.7714    0.3988
			    -0.0035    -0.4574    -0.8892
			    0.8684    -0.4424    0.2242
			    0.4959    0.7714    -0.3988
		b:
			    197.1100
			    107.6717
			    -36.1424
			    211.5394
			    -48.0608
			    -172.2856
			    254.6344
			    34.4027
			    -196.8991
			    -250.6344
			    -28.4027
			    199.8991
	==================================================================================
	Q6:
		Shape: Hybrid
		q_c:    68.5000    279.5000    138.5000
		ub :    73.3362    284.6575    144.2115
		lb :    63.6638    274.3425    132.7885
		P^-1: 
			    0.1024    -0.0039    -0.0129
			    -0.0039    0.0824    0.0024
			    -0.0129    0.0024    0.0896
		A:
			    -0.8742    0.3351    -0.3513
			    0.3184    -0.4900    -0.8115
			    -0.6454    -0.7304    -0.2236
			    0.9271    -0.3357    0.1668
			    0.9036    0.3232    0.2811
			    -0.5723    -0.0263    -0.8196
		b:
			    -13.0415
			    -225.8118
			    -277.3717
			    -5.4688
			    193.0065
			    -158.0688


===========================================================================================
===========================================================================================
S4:
	q_c:    215.5000    73.0000    23.5000
	ub :    218.0000    90.0000    39.0000
	lb :    213.0000    56.0000    8.0000

	==================================================================================
	Q1:
		Shape: Hybrid
		q_c:    216.0000    71.5000    21.5000
		ub :    218.2442    73.8206    23.3389
		lb :    213.7558    69.1794    19.6611
		P^-1: 
			    0.4807    0.0764    -0.1139
			    0.0764    0.6056    -0.2402
			    -0.1139    -0.2402    0.8026
		A:
			    -0.7894    0.0851    0.6079
			    0.0106    -0.5738    0.8189
			    0.6058    0.7721    -0.1919
			    -0.4571    -0.8887    -0.0348
			    -0.9354    0.1989    0.2925
			    -0.8881    0.3008    0.3475
		b:
			    -150.5399
			    -20.5991
			    182.7025
			    -162.1647
			    -180.5836
			    -161.8971
	==================================================================================
	Q2:
		Shape: Hybrid
		q_c:    217.0000    73.0000    25.5000
		ub :    218.7635    74.6917    27.3476
		lb :    215.2365    71.3083    23.6524
		P^-1: 
			    0.9540    -0.0340    -0.1492
			    -0.0340    0.9748    -0.1104
			    -0.1492    -0.1104    0.5156
		A:
			    0.2475    0.3512    -0.9030
			    -0.8943    -0.1895    -0.4053
			    0.8402    -0.3877    -0.3792
			    -0.3575    -0.7967    0.4873
			    -0.2361    0.8134    0.5316
			    -0.7184    0.0997    0.6885
		b:
			    57.0812
			    -217.4817
			    144.8660
			    -122.7875
			    22.4128
			    -130.4326
	==================================================================================
	Q3:
		Shape: Hybrid
		q_c:    216.0000    75.5000    25.5000
		ub :    217.7126    77.8263    27.7701
		lb :    214.2874    73.1737    23.2299
		P^-1: 
			    0.8644    0.1746    -0.1627
			    0.1746    0.5170    -0.0676
			    -0.1627    -0.0676    0.5075
		A:
			    0.3002    0.3759    -0.8767
			    -0.8082    -0.3473    -0.4756
			    -0.5317    0.8219    0.2043
			    0.6268    -0.6486    -0.4318
			    0.3586    0.4763    -0.8028
			    0.7440    0.3135    0.5900
		b:
			    71.6595
			    -212.1221
			    -46.6149
			    76.3079
			    93.6905
			    200.2909
	==================================================================================
	Q4:
		Shape: Polyhedra
		q_c:    214.0000    74.0000    25.5000
		ub :    215.9817    75.8999    27.0501
		lb :    212.0183    72.1001    23.9499
		A:
			    -0.2099    0.5366    -0.8173
			    -0.5335    0.1129    0.8382
			    0.4034    0.6332    -0.6605
			    0.3737    0.3606    -0.8546
			    0.4497    -0.5992    -0.6624
			    0.6214    0.7639    -0.1741
			    0.6504    0.6794    0.3398
			    0.3148    0.1661    -0.9345
			    -0.6913    0.7148    -0.1058
			    -0.6504    -0.6794    -0.3398
			    -0.3148    -0.1661    0.9345
			    0.6913    -0.7148    0.1058
		b:
			    -25.0516
			    -83.4297
			    117.4739
			    85.8857
			    36.0754
			    186.4526
			    199.6203
			    56.8198
			    -96.7484
			    -196.6203
			    -54.8198
			    98.7484
	==================================================================================
	Q5:
		Shape: Hybrid
		q_c:    216.0000    74.0000    24.5000
		ub :    217.4249    75.9178    26.5026
		lb :    214.5751    72.0822    22.4974
		P^-1: 
			    0.9982    -0.0168    -0.0269
			    -0.0168    0.8443    -0.2489
			    -0.0269    -0.2489    0.6019
		A:
			    -0.7445    -0.5929    -0.3070
			    -0.3186    0.9477    0.0199
			    -0.6204    -0.7814    0.0680
			    0.4599    -0.3932    0.7962
			    -0.4774    0.8162    -0.3256
			    0.3926    0.8789    -0.2710
		b:
			    -211.4859
			    2.4347
			    -189.5650
			    90.3902
			    -50.1792
			    143.7469
	==================================================================================
	Q6:
		Shape: Ellipse
		q_c:    215.0000    73.5000    24.5000
		ub :    216.6396    74.6160    25.6157
		lb :    213.3604    72.3840    23.3843
		P^-1: 
			    1.1278    0.0207    1.3973
			    0.0207    1.0026    0.1258
			    1.3973    0.1258    3.3140


===========================================================================================
===========================================================================================
S5:
	q_c:    200.5000    205.0000    22.5000
	ub :    213.0000    224.0000    28.0000
	lb :    188.0000    186.0000    17.0000

	==================================================================================
	Q1:
		Shape: Ellipse
		q_c:    200.5000    209.0000    23.5000
		ub :    202.8406    211.4451    24.8068
		lb :    198.1594    206.5549    22.1932
		P^-1: 
			    0.2500    -0.0005    0.0041
			    -0.0005    0.2629    -0.0977
			    0.0041    -0.0977    0.9870
	==================================================================================
	Q2:
		Shape: Polyhedra
		q_c:    203.5000    206.5000    22.0000
		ub :    205.2629    208.9788    24.6330
		lb :    201.7371    204.0212    19.3670
		A:
			    0.0142    -0.7159    -0.6981
			    0.0698    0.1783    -0.9815
			    0.6753    0.7213    -0.1540
			    -0.7124    0.1789    0.6786
			    -0.7792    0.1009    0.6186
			    0.7912    -0.5308    0.3038
			    0.0873    0.6816    0.7265
			    -0.0649    0.7316    -0.6786
			    -0.9941    0.0121    0.1081
			    -0.0873    -0.6816    -0.7265
			    0.0649    -0.7316    0.6786
			    0.9941    -0.0121    -0.1081
		b:
			    -158.2933
			    31.1083
			    284.5881
			    -91.4401
			    -122.4996
			    59.5668
			    176.4914
			    124.4500
			    -195.9198
			    -172.4914
			    -121.4500
			    198.9198
	==================================================================================
	Q3:
		Shape: Ellipse
		q_c:    204.5000    211.0000    25.0000
		ub :    207.5092    213.4277    28.1706
		lb :    201.4908    208.5723    21.8294
		P^-1: 
			    0.2538    -0.0250    0.0098
			    -0.0250    0.4151    -0.0649
			    0.0098    -0.0649    0.2755
	==================================================================================
	Q4:
		Shape: Polyhedra
		q_c:    196.5000    211.0000    26.0000
		ub :    198.7604    212.6347    27.0340
		lb :    194.2396    209.3653    24.9660
		A:
			    0.2059    -0.4953    -0.8440
			    0.0069    -0.9891    -0.1468
			    0.1096    0.1383    -0.9843
			    -0.0896    0.0719    0.9934
			    0.0345    0.1502    -0.9881
			    0.0533    0.7131    -0.6990
			    0.9378    0.2955    0.1820
			    0.3281    -0.9259    -0.1874
			    0.1131    0.2355    -0.9653
			    -0.9378    -0.2955    -0.1820
			    -0.3281    0.9259    0.1874
			    -0.1131    -0.2355    0.9653
		b:
			    -85.1858
			    -210.0361
			    25.6334
			    23.9929
			    13.3188
			    143.4919
			    253.3739
			    -134.7518
			    47.3173
			    -249.3739
			    136.7518
			    -46.3173
	==================================================================================
	Q5:
		Shape: Polyhedra
		q_c:    205.5000    206.0000    27.5000
		ub :    208.3039    208.3950    30.4720
		lb :    202.6961    203.6050    24.5280
		A:
			    0.3905    -0.5459    0.7413
			    -0.2531    0.4807    -0.8395
			    0.4858    0.7029    0.5196
			    -0.2965    0.7915    0.5343
			    0.5028    -0.6231    -0.5991
			    -0.6801    0.7331    0.0031
			    0.3677    0.5401    0.7570
			    -0.4991    0.8015    -0.3295
			    -0.7847    -0.2566    0.5643
			    -0.3677    -0.5401    -0.7570
			    0.4991    -0.8015    0.3295
			    0.7847    0.2566    -0.5643
		b:
			    -10.5186
			    25.3958
			    260.8917
			    118.5145
			    -39.7535
			    12.5293
			    209.6565
			    54.4934
			    -196.5944
			    -205.6565
			    -52.4934
			    200.5944
	==================================================================================
	Q6:
		Shape: Hybrid
		q_c:    203.5000    208.0000    22.5000
		ub :    206.2979    210.9590    25.0186
		lb :    200.7021    205.0410    19.9814
		P^-1: 
			    0.5641    0.1176    -0.3508
			    0.1176    0.2940    -0.1313
			    -0.3508    -0.1313    0.6419
		A:
			    0.1894    0.4615    -0.8667
			    -0.7046    -0.4988    0.5047
			    -0.2742    0.7164    0.6415
			    -0.9411    -0.0804    -0.3283
			    -0.9224    0.1511    0.3555
			    0.7861    -0.1559    -0.5981
		b:
			    115.8610
			    -235.1197
			    108.9749
			    -214.2487
			    -147.3558
			    114.8457


===========================================================================================
===========================================================================================
