3D_45_10_6_a                l = 3

===========================================================================================
===========================================================================================
S1:
	q_c:    426.5000    285.0000    352.0000
	ub :    449.0000    305.0000    379.0000
	lb :    404.0000    265.0000    325.0000

	==================================================================================
	Q1:
		Shape: Hybrid
		q_c:    442.0000    306.5000    344.0000
		ub :    456.9762    317.0443    359.4358
		lb :    427.0238    295.9557    328.5642
		P^-1: 
			    0.0165    -0.0092    0.0049
			    -0.0092    0.0252    -0.0051
			    0.0049    -0.0051    0.0094
		A:
			    -0.5244    0.8341    -0.1711
			    -0.3839    0.9068    0.1739
			    -0.0241    0.3332    -0.9425
			    0.7350    -0.6715    0.0939
			    -0.7605    0.1133    0.6394
			    0.3045    0.4385    0.8456
		b:
			    -32.0893
			    172.4425
			    -225.0338
			    154.8720
			    -72.8480
			    567.7434
	==================================================================================
	Q2:
		Shape: Hybrid
		q_c:    432.0000    294.0000    355.0000
		ub :    451.4306    317.0307    376.8751
		lb :    412.5694    270.9693    333.1249
		P^-1: 
			    0.0067    0.0008    -0.0022
			    0.0008    0.0046    -0.0019
			    -0.0022    -0.0019    0.0075
		A:
			    -0.0245    -0.6662    -0.7454
			    -0.7383    -0.1776    0.6507
			    0.5733    -0.3538    -0.7390
			    0.2426    0.8668    -0.4357
			    -0.4219    0.2912    -0.8586
			    -0.3020    -0.8495    0.4326
		b:
			    -460.0882
			    -134.8013
			    -110.7669
			    212.7926
			    -393.1432
			    -218.9747
	==================================================================================
	Q3:
		Shape: Polyhedra
		q_c:    403.5000    260.0000    337.5000
		ub :    419.7729    279.1579    355.9211
		lb :    387.2271    240.8421    319.0789
		A:
			    -0.7872    0.3703    0.4931
			    0.3690    0.7593    -0.5360
			    -0.8530    -0.2149    -0.4756
			    0.9763    0.0856    -0.1987
			    -0.0591    0.0074    0.9982
			    0.1063    -0.9532    -0.2830
			    0.2167    0.7281    0.6503
			    -0.7515    -0.3007    0.5872
			    0.6231    -0.6159    0.4820
			    -0.2167    -0.7281    -0.6503
			    0.7515    0.3007    -0.5872
			    -0.6231    0.6159    -0.4820
		b:
			    -45.1411
			    174.8501
			    -548.6802
			    358.0225
			    325.6669
			    -288.0370
			    508.2235
			    -176.2572
			    267.4635
			    -484.2235
			    190.2572
			    -240.4635
	==================================================================================
	Q4:
		Shape: Hybrid
		q_c:    430.0000    294.5000    343.0000
		ub :    436.3499    306.5425    353.3672
		lb :    423.6501    282.4575    332.6328
		P^-1: 
			    0.0604    -0.0099    0.0004
			    -0.0099    0.0162    0.0054
			    0.0004    0.0054    0.0207
		A:
			    0.7119    -0.1847    0.6776
			    -0.9221    0.3703    0.1125
			    0.9966    0.0020    -0.0829
			    -0.9089    -0.1249    -0.3979
			    0.1642    0.8191    -0.5496
			    0.5238    0.3469    0.7780
		b:
			    488.0456
			    -246.6522
			    403.1042
			    -561.2393
			    130.7829
			    598.3677
	==================================================================================
	Q5:
		Shape: Hybrid
		q_c:    448.5000    264.5000    357.0000
		ub :    458.4544    274.2307    367.9148
		lb :    438.5456    254.7693    346.0852
		P^-1: 
			    0.0396    0.0003    0.0126
			    0.0003    0.0397    -0.0116
			    0.0126    -0.0116    0.0200
		A:
			    -0.7542    -0.6556    0.0371
			    0.4519    -0.8660    0.2143
			    0.1035    0.9884    -0.1110
			    -0.7182    -0.0898    -0.6900
			    -0.4276    0.6256    -0.6526
			    -0.6894    -0.1175    -0.7148
		b:
			    -495.6033
			    53.0513
			    271.1082
			    -588.7909
			    -256.7011
			    -591.8154
	==================================================================================
	Q6:
		Shape: Polyhedra
		q_c:    415.5000    305.5000    326.0000
		ub :    430.9583    321.5363    339.6291
		lb :    400.0417    289.4637    312.3709
		A:
			    0.6624    -0.3838    0.6434
			    0.3605    -0.6713    -0.6476
			    0.2760    -0.4685    0.8392
			    0.7015    -0.3791    0.6035
			    0.4608    -0.8256    -0.3256
			    -0.8752    -0.0741    -0.4780
			    0.4808    0.3430    0.8070
			    -0.4745    -0.6722    0.5684
			    0.7374    -0.6562    -0.1604
			    -0.4808    -0.3430    -0.8070
			    0.4745    0.6722    -0.5684
			    -0.7374    0.6562    0.1604
		b:
			    376.0681
			    -257.9835
			    254.6091
			    380.6900
			    -158.0109
			    -534.3194
			    574.6252
			    -205.6921
			    62.6254
			    -560.6252
			    228.6921
			    -44.6254


===========================================================================================
===========================================================================================
S2:
	q_c:    146.5000    342.0000    97.0000
	ub :    160.0000    372.0000    118.0000
	lb :    133.0000    312.0000    76.0000

	==================================================================================
	Q1:
		Shape: Ellipse
		q_c:    156.0000    348.0000    96.0000
		ub :    160.2070    352.1373    99.8110
		lb :    151.7930    343.8627    92.1890
		P^-1: 
			    0.1103    -0.0048    -0.0002
			    -0.0048    0.0825    -0.0010
			    -0.0002    -0.0010    0.1111
	==================================================================================
	Q2:
		Shape: Polyhedra
		q_c:    148.5000    341.0000    104.5000
		ub :    155.1622    348.8188    112.8059
		lb :    141.8378    333.1812    96.1941
		A:
			    0.4791    -0.6162    0.6251
			    -0.5059    0.8613    -0.0469
			    0.3172    -0.2792    -0.9063
			    0.2267    -0.7233    0.6523
			    0.8851    0.0770    0.4589
			    0.3760    -0.4278    0.8220
			    0.1392    0.8798    0.4545
			    0.6657    0.2566    -0.7007
			    -0.7331    0.4001    -0.5500
			    -0.1392    -0.8798    -0.4545
			    -0.6657    -0.2566    0.7007
			    0.7331    -0.4001    0.5500
		b:
			    -70.5668
			    218.1334
			    -136.8873
			    -140.7726
			    209.3352
			    -0.6849
			    374.1802
			    119.1449
			    -27.4174
			    -362.1802
			    -107.1449
			    32.4174
	==================================================================================
	Q3:
		Shape: Ellipse
		q_c:    143.5000    349.5000    109.5000
		ub :    148.7886    355.3839    113.9548
		lb :    138.2114    343.6161    105.0452
		P^-1: 
			    0.1021    -0.0547    -0.0246
			    -0.0547    0.1084    -0.0232
			    -0.0246    -0.0232    0.1495
	==================================================================================
	Q4:
		Shape: Polyhedra
		q_c:    136.0000    352.0000    93.5000
		ub :    141.7686    354.4385    98.2965
		lb :    130.2314    349.5615    88.7035
		A:
			    0.0590    -0.8530    0.5185
			    0.1156    -0.1544    -0.9812
			    0.0217    0.9984    0.0516
			    -0.0526    -0.9106    0.4100
			    -0.1105    0.9882    -0.1057
			    -0.7513    0.6501    -0.1138
			    0.1806    0.9702    0.1615
			    0.8736    -0.0828    -0.4796
			    -0.4519    0.2277    -0.8625
			    -0.1806    -0.9702    -0.1615
			    -0.8736    0.0828    0.4796
			    0.4519    -0.2277    0.8625
		b:
			    -241.6582
			    -126.8610
			    360.8268
			    -287.3402
			    324.7240
			    119.6693
			    382.6773
			    49.8284
			    -59.4396
			    -379.6773
			    -39.8284
			    64.4396
	==================================================================================
	Q5:
		Shape: Ellipse
		q_c:    144.5000    341.0000    100.5000
		ub :    151.4637    348.7778    104.7415
		lb :    137.5363    333.2222    96.2585
		P^-1: 
			    0.0625    -0.0284    0.0001
			    -0.0284    0.0395    -0.0010
			    0.0001    -0.0010    0.0625
	==================================================================================
	Q6:
		Shape: Polyhedra
		q_c:    139.5000    355.0000    89.5000
		ub :    145.7115    361.9032    96.6028
		lb :    133.2885    348.0968    82.3972
		A:
			    -0.0609    -0.2871    -0.9560
			    -0.2101    -0.7350    0.6447
			    0.6860    -0.0291    0.7270
			    -0.6720    0.4579    -0.5820
			    -0.1627    0.9040    0.3954
			    0.3688    -0.3197    0.8728
			    0.0311    0.7346    0.6778
			    -0.6712    0.5179    -0.5304
			    -0.7407    -0.4384    0.5091
			    -0.0311    -0.7346    -0.6778
			    0.6712    -0.5179    0.5304
			    0.7407    0.4384    -0.5091
		b:
			    -191.9244
			    -227.7569
			    153.7699
			    19.7318
			    337.4942
			    19.5201
			    329.7795
			    45.7376
			    -207.8934
			    -321.7795
			    -39.7376
			    218.8934


===========================================================================================
===========================================================================================
S3:
	q_c:    239.0000    464.0000    344.0000
	ub :    252.0000    486.0000    363.0000
	lb :    226.0000    442.0000    325.0000

	==================================================================================
	Q1:
		Shape: Ellipse
		q_c:    239.0000    453.5000    351.5000
		ub :    245.1123    460.6369    359.2286
		lb :    232.8877    446.3631    343.7714
		P^-1: 
			    0.0401    -0.0014    -0.0005
			    -0.0014    0.0397    0.0079
			    -0.0005    0.0079    0.0426
	==================================================================================
	Q2:
		Shape: Ellipse
		q_c:    230.0000    466.5000    332.0000
		ub :    236.1979    472.7359    338.2687
		lb :    223.8021    460.2641    325.7313
		P^-1: 
			    0.0424    -0.0037    -0.0060
			    -0.0037    0.0693    -0.0105
			    -0.0060    -0.0105    0.0725
	==================================================================================
	Q3:
		Shape: Ellipse
		q_c:    248.0000    471.5000    339.5000
		ub :    258.2053    481.2257    347.4625
		lb :    237.7947    461.7743    331.5375
		P^-1: 
			    0.0269    0.0024    -0.0020
			    0.0024    0.0255    -0.0007
			    -0.0020    -0.0007    0.0321
	==================================================================================
	Q4:
		Shape: Ellipse
		q_c:    231.5000    459.0000    351.5000
		ub :    239.3555    468.0699    359.2721
		lb :    223.6445    449.9301    343.7279
		P^-1: 
			    0.0734    0.0320    -0.0545
			    0.0320    0.0492    -0.0402
			    -0.0545    -0.0402    0.0888
	==================================================================================
	Q5:
		Shape: Ellipse
		q_c:    228.0000    473.5000    350.5000
		ub :    233.1435    481.0816    357.8858
		lb :    222.8565    465.9184    343.1142
		P^-1: 
			    0.0814    -0.0027    -0.0019
			    -0.0027    0.0454    -0.0251
			    -0.0019    -0.0251    0.0643
	==================================================================================
	Q6:
		Shape: Ellipse
		q_c:    226.0000    466.0000    337.0000
		ub :    235.5359    473.3992    346.3142
		lb :    216.4641    458.6008    327.6858
		P^-1: 
			    0.0898    -0.0971    0.0501
			    -0.0971    0.1576    -0.0473
			    0.0501    -0.0473    0.0550


===========================================================================================
===========================================================================================
S4:
	q_c:    165.5000    307.5000    389.5000
	ub :    193.0000    321.0000    406.0000
	lb :    138.0000    294.0000    373.0000

	==================================================================================
	Q1:
		Shape: Polyhedra
		q_c:    154.0000    306.5000    377.0000
		ub :    162.0910    317.9732    384.1903
		lb :    145.9090    295.0268    369.8097
		A:
			    0.5874    0.0473    0.8079
			    0.7245    -0.1213    0.6785
			    -0.7265    0.2231    -0.6499
			    -0.6592    0.0059    -0.7519
			    -0.7832    0.2576    -0.5659
			    -0.8540    0.2953    -0.4283
			    0.6499    0.0197    0.7597
			    -0.5999    0.6271    0.4969
			    -0.4667    -0.7787    0.4194
			    -0.6499    -0.0197    -0.7597
			    0.5999    -0.6271    -0.4969
			    0.4667    0.7787    -0.4194
		b:
			    410.2115
			    331.1790
			    -286.8642
			    -382.6702
			    -253.3101
			    -200.4810
			    393.0419
			    291.1646
			    -140.9291
			    -392.0419
			    -283.1646
			    163.9291
	==================================================================================
	Q2:
		Shape: Hybrid
		q_c:    164.0000    318.0000    398.0000
		ub :    175.7257    329.2020    407.1636
		lb :    152.2743    306.7980    388.8364
		P^-1: 
			    0.0147    0.0016    -0.0017
			    0.0016    0.0174    -0.0008
			    -0.0017    -0.0008    0.0232
		A:
			    -0.5218    0.8497    -0.0759
			    -0.3696    0.2501    -0.8949
			    0.6139    -0.5924    0.5217
			    -0.3462    0.5090    0.7881
			    -0.7973    -0.2941    0.5271
			    0.4236    0.6718    0.6076
		b:
			    159.3321
			    -333.3060
			    124.7446
			    422.6649
			    -10.4274
			    529.1138
	==================================================================================
	Q3:
		Shape: Polyhedra
		q_c:    155.5000    301.0000    380.5000
		ub :    165.1370    310.5893    388.4518
		lb :    145.8630    291.4107    372.5482
		A:
			    0.4949    -0.4702    -0.7307
			    0.7551    -0.4914    -0.4341
			    -0.7248    -0.4808    0.4934
			    -0.5428    0.8310    -0.1216
			    -0.9668    0.1351    0.2170
			    -0.3145    0.5734    0.7565
			    0.1231    0.1155    0.9856
			    -0.7099    0.7043    0.0061
			    -0.6935    -0.7004    0.1687
			    -0.1231    -0.1155    -0.9856
			    0.7099    -0.7043    -0.0061
			    0.6935    0.7004    -0.1687
		b:
			    -335.8797
			    -189.1111
			    -63.5380
			    125.9745
			    -20.7951
			    418.3411
			    435.9574
			    110.4403
			    -248.4670
			    -421.9574
			    -97.4403
			    260.4670
	==================================================================================
	Q4:
		Shape: Ellipse
		q_c:    175.5000    296.0000    401.0000
		ub :    181.1389    301.1876    407.3422
		lb :    169.8611    290.8124    394.6578
		P^-1: 
			    0.1274    0.0004    -0.0496
			    0.0004    0.1066    0.0283
			    -0.0496    0.0283    0.0702
	==================================================================================
	Q5:
		Shape: Hybrid
		q_c:    158.5000    307.5000    405.5000
		ub :    167.7827    316.1118    415.0775
		lb :    149.2173    298.8882    395.9225
		P^-1: 
			    0.0922    0.1083    0.0294
			    0.1083    0.1593    0.0399
			    0.0294    0.0399    0.0232
		A:
			    0.7089    0.6018    0.3679
			    -0.1817    -0.2605    0.9482
			    -0.6536    -0.7562    -0.0328
			    0.5892    0.8063    -0.0518
			    0.1519    0.9392    0.3079
			    0.3652    0.8841    0.2914
		b:
			    448.7062
			    283.5415
			    -347.7720
			    322.3908
			    441.1669
			    449.8774
	==================================================================================
	Q6:
		Shape: Ellipse
		q_c:    171.0000    318.5000    386.0000
		ub :    177.6111    328.0669    393.8266
		lb :    164.3889    308.9331    378.1734
		P^-1: 
			    0.0454    -0.0120    -0.0259
			    -0.0120    0.0266    0.0303
			    -0.0259    0.0303    0.0859


===========================================================================================
===========================================================================================
S5:
	q_c:    175.0000    445.5000    460.0000
	ub :    197.0000    462.0000    487.0000
	lb :    153.0000    429.0000    433.0000

	==================================================================================
	Q1:
		Shape: Hybrid
		q_c:    162.5000    447.5000    469.5000
		ub :    170.8941    454.4525    477.6226
		lb :    154.1059    440.5475    461.3774
		P^-1: 
			    0.0294    0.0242    0.0138
			    0.0242    0.1246    0.0554
			    0.0138    0.0554    0.0501
		A:
			    -0.5080    -0.5832    -0.6339
			    0.1907    -0.9645    -0.1828
			    -0.3884    0.6789    0.6230
			    -0.4483    -0.5424    -0.7105
			    0.3362    0.9158    -0.2196
			    -0.2437    0.0958    -0.9651
		b:
			    -638.7560
			    -483.8165
			    536.5006
			    -646.6052
			    365.0350
			    -444.7194
	==================================================================================
	Q2:
		Shape: Polyhedra
		q_c:    188.0000    437.0000    455.5000
		ub :    200.5181    450.6750    468.4268
		lb :    175.4819    423.3250    442.5732
		A:
			    0.9769    0.1392    -0.1619
			    -0.8915    -0.3951    -0.2218
			    0.7592    -0.0478    0.6492
			    0.7093    0.7049    0.0077
			    0.9035    0.0588    0.4245
			    0.6751    0.1288    -0.7263
			    0.3995    0.6928    0.6004
			    -0.8091    0.5744    -0.1244
			    -0.4310    -0.4361    0.7900
			    -0.3995    -0.6928    -0.6004
			    0.8091    -0.5744    0.1244
			    0.4310    0.4361    -0.7900
		b:
			    178.4344
			    -432.9654
			    425.2764
			    453.6327
			    396.5785
			    -139.3833
			    660.3233
			    48.7243
			    96.7516
			    -642.3233
			    -35.7243
			    -79.7516
	==================================================================================
	Q3:
		Shape: Hybrid
		q_c:    169.5000    440.5000    470.0000
		ub :    179.7248    448.0558    482.0181
		lb :    159.2752    432.9442    457.9819
		P^-1: 
			    0.0200    -0.0035    -0.0021
			    -0.0035    0.0384    -0.0054
			    -0.0021    -0.0054    0.0131
		A:
			    -0.6427    -0.7631    0.0674
			    0.3958    -0.2624    -0.8801
			    0.8346    0.4166    0.3605
			    -0.7135    0.5450    0.4403
			    -0.7640    0.5143    -0.3896
			    0.7919    0.5627    -0.2372
		b:
			    -409.4278
			    -456.1377
			    500.0666
			    330.3072
			    -81.6726
			    274.8091
	==================================================================================
	Q4:
		Shape: Ellipse
		q_c:    186.0000    460.0000    464.0000
		ub :    193.9068    468.2799    473.4325
		lb :    178.0932    451.7201    454.5675
		P^-1: 
			    0.0794    -0.0565    0.0325
			    -0.0565    0.0823    -0.0391
			    0.0325    -0.0391    0.0464
	==================================================================================
	Q5:
		Shape: Polyhedra
		q_c:    169.0000    449.0000    459.5000
		ub :    176.1994    457.5004    467.1468
		lb :    161.8006    440.4996    451.8532
		A:
			    -0.6754    -0.5364    0.5061
			    -0.6301    0.7614    -0.1527
			    0.0120    0.3033    -0.9528
			    0.2407    -0.2598    0.9352
			    -0.8261    0.0582    0.5605
			    0.2539    0.8310    -0.4950
			    0.4271    0.7257    0.5394
			    0.6823    0.1328    -0.7189
			    -0.5934    0.6751    -0.4384
			    -0.4271    -0.7257    -0.5394
			    -0.6823    -0.1328    0.7189
			    0.5934    -0.6751    0.4384
		b:
			    -118.4728
			    168.9720
			    -295.9586
			    358.1726
			    146.6776
			    193.0318
			    653.8691
			    -152.9137
			    4.8937
			    -637.8691
			    157.9137
			    2.1063
	==================================================================================
	Q6:
		Shape: Hybrid
		q_c:    189.0000    431.0000    462.0000
		ub :    198.5684    443.4164    473.7364
		lb :    179.4316    418.5836    450.2636
		P^-1: 
			    0.0252    0.0048    -0.0024
			    0.0048    0.0158    -0.0014
			    -0.0024    -0.0014    0.0129
		A:
			    0.3420    -0.3494    -0.8723
			    0.0585    -0.0573    -0.9966
			    -0.1638    -0.9261    -0.3400
			    -0.6755    0.6560    0.3367
			    0.4695    0.6202    0.6284
			    0.4304    0.8951    0.1163
		b:
			    -483.2945
			    -468.2196
			    -581.8913
			    315.8916
			    651.5559
			    525.2863


===========================================================================================
===========================================================================================
S6:
	q_c:    466.5000    50.0000    410.5000
	ub :    476.0000    66.0000    437.0000
	lb :    457.0000    34.0000    384.0000

	==================================================================================
	Q1:
		Shape: Polyhedra
		q_c:    458.0000    58.0000    402.0000
		ub :    466.1640    64.4200    410.0538
		lb :    449.8360    51.5800    393.9462
		A:
			    -0.5237    0.6507    0.5499
			    0.9059    -0.4216    -0.0411
			    0.9406    -0.0144    -0.3391
			    -0.4274    0.7726    -0.4695
			    -0.1923    0.4507    -0.8717
			    0.2759    0.2877    0.9171
			    0.6391    0.5278    0.5594
			    0.5329    -0.8284    0.1728
			    0.5546    0.1876    -0.8107
			    -0.6391    -0.5278    -0.5594
			    -0.5329    0.8284    -0.1728
			    -0.5546    -0.1876    0.8107
		b:
			    23.3371
			    377.9072
			    298.7407
			    -336.3617
			    -407.6708
			    517.2319
			    553.7043
			    268.4792
			    -55.5319
			    -542.7043
			    -262.4792
			    66.5319
	==================================================================================
	Q2:
		Shape: Polyhedra
		q_c:    471.5000    55.5000    413.0000
		ub :    476.9294    61.9281    417.9226
		lb :    466.0706    49.0719    408.0774
		A:
			    0.6442    0.0781    0.7609
			    -0.2327    0.4760    -0.8481
			    -0.9858    -0.1520    -0.0712
			    0.5939    0.4476    0.6686
			    -0.7873    -0.2418    -0.5672
			    0.7037    -0.0104    0.7104
			    0.6370    0.2082    0.7422
			    -0.6489    0.6646    0.3705
			    -0.4161    -0.7176    0.5585
			    -0.6370    -0.2082    -0.7422
			    0.6489    -0.6646    -0.3705
			    0.4161    0.7176    -0.5585
		b:
			    623.4624
			    -430.1721
			    -499.4183
			    582.4703
			    -617.4558
			    626.0377
			    619.4395
			    -111.5402
			    -0.8631
			    -617.4395
			    120.5402
			    9.8631
	==================================================================================
	Q3:
		Shape: Polyhedra
		q_c:    464.0000    53.5000    410.5000
		ub :    468.6774    58.0940    416.2481
		lb :    459.3226    48.9060    404.7519
		A:
			    0.3459    -0.7707    -0.5351
			    -0.8091    -0.4675    0.3561
			    0.4036    0.8703    0.2822
			    -0.6881    0.5803    -0.4357
			    -0.9286    -0.2004    0.3123
			    0.8831    -0.4631    0.0758
			    0.8896    0.4288    0.1573
			    0.4481    -0.8862    -0.1181
			    0.0887    0.1755    -0.9805
			    -0.8896    -0.4288    -0.1573
			    -0.4481    0.8862    0.1181
			    -0.0887    -0.1755    0.9805
		b:
			    -97.2596
			    -250.3033
			    352.8551
			    -463.6882
			    -309.6160
			    419.0017
			    503.7778
			    114.5094
			    -346.9154
			    -496.7778
			    -109.5094
			    356.9154
	==================================================================================
	Q4:
		Shape: Polyhedra
		q_c:    472.5000    52.5000    411.0000
		ub :    475.5216    57.0849    415.6049
		lb :    469.4784    47.9151    406.3951
		A:
			    -0.4887    -0.7127    0.5032
			    0.4495    -0.0102    -0.8932
			    0.1732    0.8167    0.5504
			    0.6635    -0.7077    -0.2427
			    0.9936    -0.1082    0.0331
			    0.2066    0.8363    0.5079
			    0.9270    0.1764    0.3309
			    -0.0705    -0.7847    0.6159
			    0.3683    -0.5943    -0.7150
			    -0.9270    -0.1764    -0.3309
			    0.0705    0.7847    -0.6159
			    -0.3683    0.5943    0.7150
		b:
			    -58.2058
			    -152.4212
			    353.4720
			    179.1846
			    479.4883
			    352.7858
			    585.2869
			    182.1173
			    -148.5157
			    -581.2869
			    -175.1173
			    153.5157
	==================================================================================
	Q5:
		Shape: Polyhedra
		q_c:    466.0000    56.5000    412.5000
		ub :    469.8614    60.7018    413.0873
		lb :    462.1386    52.2982    411.9127
		A:
			    -0.1583    -0.2898    0.9439
			    -0.0751    -0.1388    0.9875
			    0.7827    0.1273    -0.6092
			    0.0357    0.1873    0.9817
			    -0.1933    0.1609    -0.9678
			    0.0247    0.1612    -0.9866
			    0.0153    0.0139    0.9998
			    -0.2778    0.9606    -0.0091
			    -0.9605    -0.2776    0.0186
			    -0.0153    -0.0139    -0.9998
			    0.2778    -0.9606    0.0091
			    0.9605    0.2776    -0.0186
		b:
			    300.4576
			    365.2610
			    123.0855
			    432.9181
			    -479.2658
			    -385.5935
			    420.8293
			    -75.4066
			    -452.6331
			    -419.8293
			    82.4066
			    458.6331
	==================================================================================
	Q6:
		Shape: Ellipse
		q_c:    462.5000    57.5000    417.5000
		ub :    468.3616    63.7961    423.3065
		lb :    456.6384    51.2039    411.6935
		P^-1: 
			    0.0637    -0.0036    0.0028
			    -0.0036    0.0737    -0.0087
			    0.0028    -0.0087    0.0693


===========================================================================================
===========================================================================================
S7:
	q_c:    350.0000    304.5000    83.0000
	ub :    364.0000    328.0000    104.0000
	lb :    336.0000    281.0000    62.0000

	==================================================================================
	Q1:
		Shape: Hybrid
		q_c:    353.5000    305.5000    81.0000
		ub :    361.1526    313.0060    87.8318
		lb :    345.8474    297.9940    74.1682
		P^-1: 
			    0.0632    -0.0318    0.0217
			    -0.0318    0.0666    -0.0227
			    0.0217    -0.0227    0.0421
		A:
			    0.8548    -0.5058    -0.1165
			    -0.0722    -0.9540    -0.2911
			    0.4510    -0.3778    0.8086
			    -0.6569    -0.1274    -0.7431
			    -0.0922    0.5470    0.8321
			    0.1672    0.9761    0.1390
		b:
			    140.8874
			    -336.8213
			    111.9486
			    -328.0244
			    206.3391
			    372.1523
	==================================================================================
	Q2:
		Shape: Hybrid
		q_c:    361.0000    304.5000    84.0000
		ub :    366.5171    309.3236    90.3935
		lb :    355.4829    299.6764    77.6065
		P^-1: 
			    0.0830    0.0838    0.0127
			    0.0838    0.2032    0.0258
			    0.0127    0.0258    0.0316
		A:
			    -0.2137    -0.9171    -0.3365
			    0.7893    0.0737    0.6095
			    -0.2762    0.9285    0.2481
			    -0.2840    0.8772    -0.3871
			    0.3818    0.7970    0.4680
			    -0.6729    0.7329    -0.1001
		b:
			    -383.1298
			    362.4099
			    206.6277
			    135.5537
			    421.6267
			    -24.3426
	==================================================================================
	Q3:
		Shape: Hybrid
		q_c:    351.0000    313.5000    92.5000
		ub :    356.4482    320.2005    97.3819
		lb :    345.5518    306.7995    87.6181
		P^-1: 
			    0.0754    -0.0128    -0.0086
			    -0.0128    0.0563    -0.0231
			    -0.0086    -0.0231    0.1010
		A:
			    0.5133    0.7974    -0.3173
			    0.7008    -0.1077    0.7052
			    0.1704    0.7694    0.6156
			    -0.0986    0.8602    -0.5003
			    -0.6001    0.7179    -0.3529
			    -0.4688    0.8813    -0.0593
		b:
			    403.5776
			    279.6338
			    361.2961
			    190.9504
			    -16.2623
			    108.6795
	==================================================================================
	Q4:
		Shape: Hybrid
		q_c:    343.5000    296.5000    86.0000
		ub :    349.1926    302.0047    90.2706
		lb :    337.8074    290.9953    81.7294
		P^-1: 
			    0.1566    -0.1029    0.0125
			    -0.1029    0.1230    -0.0289
			    0.0125    -0.0289    0.1145
		A:
			    0.5144    -0.4367    -0.7380
			    0.9850    -0.1548    0.0764
			    0.8843    -0.4348    -0.1702
			    0.0203    0.6820    -0.7311
			    0.0805    0.8588    0.5060
			    0.8593    -0.3574    -0.3659
		b:
			    -14.3897
			    301.3211
			    161.5857
			    148.6278
			    329.4513
			    159.3276
	==================================================================================
	Q5:
		Shape: Polyhedra
		q_c:    340.0000    296.5000    86.0000
		ub :    347.1505    301.8853    91.1140
		lb :    332.8495    291.1147    80.8860
		A:
			    -0.2285    -0.5741    -0.7863
			    0.1191    -0.1363    0.9835
			    0.3742    -0.6187    0.6908
			    -0.0427    0.9893    0.1397
			    -0.0122    0.8452    0.5343
			    0.0849    0.9856    0.1463
			    0.1564    0.1844    0.9703
			    0.2815    0.9334    -0.2227
			    -0.9467    0.3080    0.0941
			    -0.1564    -0.1844    -0.9703
			    -0.2815    -0.9334    0.2227
			    0.9467    -0.3080    -0.0941
		b:
			    -311.6784
			    88.6035
			    7.4027
			    294.4479
			    296.2576
			    337.0389
			    195.2908
			    356.2925
			    -216.4871
			    -187.2908
			    -350.2925
			    228.4871
	==================================================================================
	Q6:
		Shape: Hybrid
		q_c:    357.5000    305.0000    82.0000
		ub :    362.7698    312.4145    89.3013
		lb :    352.2302    297.5855    74.6987
		P^-1: 
			    0.1041    -0.0089    -0.0171
			    -0.0089    0.0431    -0.0259
			    -0.0171    -0.0259    0.0692
		A:
			    0.5487    -0.1058    -0.8293
			    0.5961    0.3221    -0.7355
			    0.7758    -0.6145    0.1434
			    0.9412    0.3097    -0.1350
			    0.6413    -0.5530    0.5319
			    0.6929    0.5568    -0.4581
		b:
			    98.3074
			    252.6918
			    103.7816
			    422.0650
			    106.1620
			    382.1628


===========================================================================================
===========================================================================================
S8:
	q_c:    111.0000    79.0000    85.5000
	ub :    124.0000    90.0000    101.0000
	lb :    98.0000    68.0000    70.0000

	==================================================================================
	Q1:
		Shape: Ellipse
		q_c:    104.0000    82.5000    91.0000
		ub :    108.1327    88.8774    96.1159
		lb :    99.8673    76.1226    85.8841
		P^-1: 
			    0.1526    0.0186    -0.0207
			    0.0186    0.0365    0.0007
			    -0.0207    0.0007    0.0664
	==================================================================================
	Q2:
		Shape: Hybrid
		q_c:    121.0000    87.0000    80.5000
		ub :    126.7192    92.6806    83.1589
		lb :    115.2808    81.3194    77.8411
		P^-1: 
			    0.0800    -0.0402    0.1204
			    -0.0402    0.1546    -0.2761
			    0.1204    -0.2761    0.8904
		A:
			    0.6240    0.4221    -0.6576
			    -0.5075    0.1090    0.8547
			    -0.1476    0.4487    -0.8814
			    0.7342    -0.3943    -0.5526
			    -0.3638    -0.2857    0.8866
			    -0.2531    0.4652    -0.8483
		b:
			    61.8443
			    19.3230
			    -49.1254
			    13.3826
			    4.1316
			    -57.6546
	==================================================================================
	Q3:
		Shape: Polyhedra
		q_c:    112.0000    81.0000    75.0000
		ub :    119.0890    87.9254    83.3198
		lb :    104.9110    74.0746    66.6802
		A:
			    0.4831    -0.8725    -0.0728
			    -0.3576    0.8944    -0.2687
			    0.6696    -0.7366    -0.0957
			    -0.9317    0.3329    -0.1453
			    -0.9013    0.3583    0.2433
			    -0.6745    0.3948    0.6239
			    0.5298    0.5958    0.6036
			    -0.7094    0.7013    -0.0696
			    -0.4648    -0.3913    0.7942
			    -0.5298    -0.5958    -0.6036
			    0.7094    -0.7013    0.0696
			    0.4648    0.3913    -0.7942
		b:
			    -19.5539
			    15.5132
			    10.3450
			    -85.3757
			    -50.0982
			    7.8854
			    157.8663
			    -25.8720
			    -17.6877
			    -147.8663
			    29.8720
			    30.6877
	==================================================================================
	Q4:
		Shape: Ellipse
		q_c:    112.5000    81.0000    80.5000
		ub :    118.1753    84.5718    85.9511
		lb :    106.8247    77.4282    75.0489
		P^-1: 
			    0.0910    -0.0582    -0.0032
			    -0.0582    0.2214    0.0340
			    -0.0032    0.0340    0.0818
	==================================================================================
	Q5:
		Shape: Hybrid
		q_c:    120.5000    78.0000    82.0000
		ub :    126.0928    84.0977    87.9433
		lb :    114.9072    71.9023    76.0567
		P^-1: 
			    0.0731    -0.0012    0.0097
			    -0.0012    0.0336    0.0040
			    0.0097    0.0040    0.0705
		A:
			    0.7901    0.6100    -0.0611
			    -0.2007    -0.9767    0.0756
			    0.2920    -0.8521    -0.4343
			    0.0264    0.5106    0.8594
			    -0.2377    0.3634    -0.9008
			    -0.1694    0.0565    0.9839
		b:
			    140.6007
			    -90.4561
			    -63.6865
			    115.8433
			    -71.8206
			    66.8052
	==================================================================================
	Q6:
		Shape: Polyhedra
		q_c:    121.0000    80.5000    85.5000
		ub :    127.7921    88.7862    90.8922
		lb :    114.2079    72.2138    80.1078
		A:
			    0.3594    -0.6626    0.6572
			    -0.1791    0.1968    -0.9639
			    -0.0255    -0.1963    -0.9802
			    -0.3185    0.1119    -0.9413
			    0.7583    -0.4005    0.5144
			    -0.7889    0.3615    -0.4969
			    0.5216    0.8362    0.1693
			    -0.1832    0.3036    -0.9350
			    -0.8333    0.4567    0.3115
			    -0.5216    -0.8362    -0.1693
			    0.1832    -0.3036    0.9350
			    0.8333    -0.4567    -0.3115
		b:
			    50.0962
			    -84.7028
			    -98.6760
			    -106.2387
			    106.9079
			    -105.3621
			    151.9027
			    -74.1760
			    -34.4318
			    -137.9027
			    81.1760
			    40.4318


===========================================================================================
===========================================================================================
S9:
	q_c:    369.5000    465.0000    245.5000
	ub :    382.0000    480.0000    270.0000
	lb :    357.0000    450.0000    221.0000

	==================================================================================
	Q1:
		Shape: Polyhedra
		q_c:    367.5000    473.5000    251.5000
		ub :    371.3522    480.1625    256.9066
		lb :    363.6478    466.8375    246.0934
		A:
			    -0.5632    -0.0262    -0.8259
			    -0.0408    -0.4153    0.9088
			    -0.9091    -0.3413    -0.2390
			    0.9573    -0.2333    -0.1709
			    0.2378    -0.7886    0.5670
			    -0.8955    0.1672    -0.4124
			    0.9399    0.0390    0.3393
			    0.0428    -0.9991    -0.0038
			    0.3388    0.0181    -0.9407
			    -0.9399    -0.0390    -0.3393
			    -0.0428    0.9991    0.0038
			    -0.3388    -0.0181    0.9407
		b:
			    -423.7441
			    22.0674
			    -553.0078
			    201.8014
			    -137.6855
			    -351.2796
			    451.2003
			    -451.7761
			    -98.5032
			    -447.2003
			    464.7761
			    108.5032
	==================================================================================
	Q2:
		Shape: Polyhedra
		q_c:    364.5000    470.5000    238.5000
		ub :    374.8369    480.8620    245.0148
		lb :    354.1631    460.1380    231.9852
		A:
			    0.7277    -0.5449    -0.4166
			    -0.5634    -0.0002    -0.8262
			    0.3418    -0.9249    -0.1665
			    0.4890    -0.8069    0.3314
			    -0.9565    0.0325    -0.2898
			    -0.8193    -0.3253    -0.4722
			    0.6568    0.7538    0.0224
			    0.7198    -0.6355    0.2793
			    0.2247    -0.1673    -0.9599
			    -0.6568    -0.7538    -0.0224
			    -0.7198    0.6355    -0.2793
			    -0.2247    0.1673    0.9599
		b:
			    -85.1505
			    -396.7620
			    -344.2216
			    -116.6509
			    -395.9181
			    -557.1618
			    607.3691
			    35.5032
			    -220.7637
			    -591.3691
			    -24.5032
			    230.7637
	==================================================================================
	Q3:
		Shape: Polyhedra
		q_c:    375.0000    468.0000    252.5000
		ub :    382.3084    476.7906    260.7095
		lb :    367.6916    459.2094    244.2905
		A:
			    0.1607    -0.2346    -0.9587
			    0.5283    0.6499    0.5464
			    -0.6436    0.0921    0.7598
			    -0.7233    0.4405    0.5317
			    0.9245    -0.3568    -0.1341
			    -0.6067    0.7866    -0.1146
			    0.3104    0.2963    0.9033
			    -0.8433    0.5244    0.1177
			    -0.4388    -0.7982    0.4126
			    -0.3104    -0.2963    -0.9033
			    0.8433    -0.5244    -0.1177
			    0.4388    0.7982    -0.4126
		b:
			    -286.2516
			    646.1761
			    -1.3455
			    72.8484
			    149.0914
			    115.6174
			    488.6295
			    -38.0832
			    -426.9393
			    -477.6295
			    44.0832
			    440.9393
	==================================================================================
	Q4:
		Shape: Polyhedra
		q_c:    362.0000    471.5000    253.0000
		ub :    368.3747    481.2491    262.4116
		lb :    355.6253    461.7509    243.5884
		A:
			    -0.9832    -0.0006    -0.1824
			    -0.8615    -0.0364    0.5065
			    0.6197    -0.6438    -0.4488
			    0.5391    -0.1328    0.8317
			    -0.8206    0.5699    -0.0430
			    -0.7806    -0.5246    0.3397
			    0.6696    0.4051    0.6225
			    0.7427    -0.3624    -0.5631
			    -0.0026    0.8394    -0.5435
			    -0.6696    -0.4051    -0.6225
			    -0.7427    0.3624    0.5631
			    0.0026    -0.8394    0.5435
		b:
			    -397.7858
			    -196.0031
			    -187.9207
			    348.6142
			    -33.7778
			    -438.1395
			    595.4095
			    -39.9415
			    264.8250
			    -586.4095
			    48.9415
			    -249.8250
	==================================================================================
	Q5:
		Shape: Ellipse
		q_c:    372.5000    463.0000    232.0000
		ub :    377.5758    470.9406    240.0364
		lb :    367.4242    455.0594    223.9636
		P^-1: 
			    0.0634    -0.0046    0.0015
			    -0.0046    0.0485    -0.0300
			    0.0015    -0.0300    0.0527
	==================================================================================
	Q6:
		Shape: Ellipse
		q_c:    380.5000    461.0000    248.5000
		ub :    385.0217    466.9857    254.1380
		lb :    375.9783    455.0143    242.8620
		P^-1: 
			    0.2108    -0.0601    -0.0499
			    -0.0601    0.0633    0.0247
			    -0.0499    0.0247    0.0785


===========================================================================================
===========================================================================================
S10:
	q_c:    20.0000    262.0000    302.0000
	ub :    40.0000    276.0000    315.0000
	lb :    0.0000    248.0000    289.0000

	==================================================================================
	Q1:
		Shape: Polyhedra
		q_c:    23.0000    270.0000    288.5000
		ub :    29.6604    275.5970    295.5624
		lb :    16.3396    264.4030    281.4376
		A:
			    -0.9437    0.3293    0.0322
			    -0.6496    -0.6308    -0.4243
			    -0.7815    -0.3378    -0.5246
			    -0.1952    -0.4990    -0.8443
			    0.1037    0.9537    -0.2822
			    0.6144    -0.4792    0.6268
			    0.7845    0.1520    0.6012
			    -0.5400    -0.3092    0.7828
			    0.3049    -0.9388    -0.1606
			    -0.7845    -0.1520    -0.6012
			    0.5400    0.3092    -0.7828
			    -0.3049    0.9388    0.1606
		b:
			    80.3834
			    -304.3771
			    -257.4408
			    -379.0311
			    182.9372
			    69.1101
			    235.5116
			    135.9336
			    -289.2744
			    -229.5116
			    -123.9336
			    296.2744
	==================================================================================
	Q2:
		Shape: Polyhedra
		q_c:    20.5000    264.5000    295.0000
		ub :    26.4132    270.5573    299.5962
		lb :    14.5868    258.4427    290.4038
		A:
			    0.6675    -0.0421    0.7434
			    -0.9991    -0.0413    0.0127
			    0.4863    -0.0220    0.8735
			    -0.5857    -0.1413    0.7981
			    -0.3400    0.6997    0.6284
			    -0.6423    0.0211    -0.7662
			    0.7663    0.6425    0.0086
			    0.6358    -0.7602    0.1338
			    0.0925    -0.0970    -0.9910
			    -0.7663    -0.6425    -0.0086
			    -0.6358    0.7602    -0.1338
			    -0.0925    0.0970    0.9910
		b:
			    225.9056
			    -23.7592
			    265.8784
			    189.9316
			    367.6813
			    -229.5872
			    191.6913
			    -144.0617
			    -312.0996
			    -184.6913
			    153.0617
			    320.0996
	==================================================================================
	Q3:
		Shape: Polyhedra
		q_c:    17.5000    261.5000    294.5000
		ub :    23.8653    267.6997    299.1134
		lb :    11.1347    255.3003    289.8866
		A:
			    -0.1739    0.8106    -0.5592
