3D_45_10_6_d                l = 3

===========================================================================================
===========================================================================================
S1:
	q_c:    190.5000    105.5000    412.5000
	ub :    202.0000    133.0000    438.0000
	lb :    179.0000    78.0000    387.0000

	==================================================================================
	Q1:
		Shape: Ellipse
		q_c:    197.5000    100.5000    424.0000
		ub :    206.4299    109.5591    434.5551
		lb :    188.5701    91.4409    413.4449
		P^-1: 
			    0.0274    -0.0025    0.0058
			    -0.0025    0.0276    0.0005
			    0.0058    0.0005    0.0262
	==================================================================================
	Q2:
		Shape: Hybrid
		q_c:    199.0000    102.0000    410.5000
		ub :    203.1612    107.0572    414.9267
		lb :    194.8388    96.9428    406.0733
		P^-1: 
			    0.1676    -0.0416    0.0190
			    -0.0416    0.0887    -0.0677
			    0.0190    -0.0677    0.2031
		A:
			    0.0012    0.2478    -0.9688
			    0.7265    -0.4626    0.5081
			    -0.4574    -0.5605    0.6904
			    -0.4294    -0.4355    0.7911
			    -0.2143    -0.4205    0.8816
			    0.9288    -0.2731    0.2504
		b:
			    -371.0087
			    307.0558
			    136.9019
			    196.3212
			    277.5847
			    261.0661
	==================================================================================
	Q3:
		Shape: Polyhedra
		q_c:    188.5000    104.5000    408.0000
		ub :    195.8804    113.2023    414.6333
		lb :    181.1196    95.7977    401.3667
		A:
			    -0.2306    0.7690    -0.5962
			    0.3610    0.6731    -0.6455
			    -0.1174    -0.3738    -0.9201
			    0.5643    -0.4902    -0.6642
			    -0.7055    0.0660    -0.7056
			    -0.4629    0.4157    0.7829
			    0.8737    0.4678    0.1336
			    0.4861    -0.8273    -0.2816
			    -0.0213    0.3110    -0.9502
			    -0.8737    -0.4678    -0.1336
			    -0.4861    0.8273    0.2816
			    0.0213    -0.3110    0.9502
		b:
			    -201.2896
			    -120.2343
			    -431.5543
			    -210.1960
			    -409.1815
			    281.0766
			    273.0642
			    -103.7328
			    -354.6891
			    -263.0642
			    115.7328
			    363.6891
	==================================================================================
	Q4:
		Shape: Hybrid
		q_c:    180.5000    106.5000    415.0000
		ub :    185.3780    111.5292    419.1865
		lb :    175.6220    101.4708    410.8135
		P^-1: 
			    0.2107    0.0066    -0.1707
			    0.0066    0.0960    -0.0493
			    -0.1707    -0.0493    0.3113
		A:
			    -0.5123    -0.4876    0.7070
			    -0.5977    -0.6902    0.4078
			    -0.2624    0.7245    -0.6374
			    -0.9476    -0.0403    0.3169
			    -0.5668    -0.8065    -0.1683
			    -0.6970    0.5541    0.4551
		b:
			    150.1499
			    -10.2055
			    -232.6796
			    -42.1953
			    -254.9830
			    123.7778
	==================================================================================
	Q5:
		Shape: Polyhedra
		q_c:    197.5000    115.0000    422.0000
		ub :    202.9163    120.1189    428.3962
		lb :    192.0837    109.8811    415.6038
		A:
			    0.4293    0.6878    0.5853
			    0.7654    -0.6424    0.0381
			    0.6137    -0.7231    -0.3170
			    -0.9070    0.1160    0.4049
			    -0.8069    0.2716    0.5245
			    0.7386    0.6741    0.0086
			    0.3292    0.1688    0.9291
			    0.5929    0.7288    -0.3425
			    -0.7349    0.6636    0.1399
			    -0.3292    -0.1688    -0.9291
			    -0.5929    -0.7288    0.3425
			    0.7349    -0.6636    -0.1399
		b:
			    415.6349
			    95.1010
			    -93.9013
			    8.0236
			    95.9775
			    231.5585
			    481.4862
			    60.8911
			    -8.3075
			    -471.4862
			    -51.8911
			    11.3075
	==================================================================================
	Q6:
		Shape: Polyhedra
		q_c:    194.0000    113.0000    421.0000
		ub :    200.9190    119.3339    426.2994
		lb :    187.0810    106.6661    415.7006
		A:
			    -0.3707    -0.8331    0.4105
			    -0.9954    -0.0556    -0.0779
			    -0.9668    -0.2544    -0.0230
			    -0.1272    -0.8509    0.5097
			    0.7100    0.4540    -0.5382
			    -0.4878    -0.4204    0.7651
			    0.5257    0.3409    0.7794
			    -0.6935    0.7023    0.1607
			    -0.4926    -0.6250    0.6056
			    -0.5257    -0.3409    -0.7794
			    0.6935    -0.7023    -0.1607
			    0.4926    0.6250    -0.6056
		b:
			    8.9388
			    -227.6969
			    -222.0436
			    96.4640
			    -35.4453
			    181.8784
			    473.1258
			    17.9594
			    90.2726
			    -464.1258
			    -6.9594
			    -87.2726


===========================================================================================
===========================================================================================
S2:
	q_c:    479.0000    156.0000    270.5000
	ub :    482.0000    170.0000    284.0000
	lb :    476.0000    142.0000    257.0000

	==================================================================================
	Q1:
		Shape: Ellipse
		q_c:    479.0000    155.5000    272.5000
		ub :    480.9800    157.5011    273.9420
		lb :    477.0200    153.4989    271.0580
		P^-1: 
			    0.8418    0.2505    -0.0106
			    0.2505    0.6034    0.0169
			    -0.0106    0.0169    0.9993
	==================================================================================
	Q2:
		Shape: Hybrid
		q_c:    479.5000    156.5000    273.5000
		ub :    481.0454    157.6906    275.3240
		lb :    477.9546    155.3094    271.6760
		P^-1: 
			    0.9090    0.0092    -0.2325
			    0.0092    3.4267    -1.2828
			    -0.2325    -1.2828    1.1088
		A:
			    -0.3916    0.4947    -0.7758
			    -0.2789    0.7467    -0.6038
			    -0.2994    0.4908    -0.8182
			    0.5297    0.8009    -0.2793
			    -0.1146    0.9549    -0.2738
			    0.7952    0.2793    0.5381
		b:
			    -321.7438
			    -181.5350
			    -289.7731
			    303.4340
			    19.9218
			    573.3566
	==================================================================================
	Q3:
		Shape: Hybrid
		q_c:    481.5000    156.5000    271.0000
		ub :    483.0102    158.4339    272.9716
		lb :    479.9898    154.5661    269.0284
		P^-1: 
			    1.7129    1.3737    1.0069
			    1.3737    1.9322    1.0905
			    1.0069    1.0905    1.2438
		A:
			    -0.8060    -0.4247    -0.4124
			    0.4085    0.8108    0.4192
			    0.7356    0.5131    0.4423
			    -0.8297    -0.5576    0.0245
			    0.2212    0.4996    0.8375
			    0.7318    0.6407    0.2324
		b:
			    -565.8809
			    437.5537
			    554.6763
			    -479.4901
			    412.3250
			    515.9909
	==================================================================================
	Q4:
		Shape: Hybrid
		q_c:    478.5000    153.5000    271.5000
		ub :    480.8982    155.9017    274.0675
		lb :    476.1018    151.0983    268.9325
		P^-1: 
			    0.4385    -0.0322    0.0093
			    -0.0322    0.2706    0.0505
			    0.0093    0.0505    0.4298
		A:
			    0.3659    0.0344    -0.9300
			    0.0945    -0.3829    0.9189
			    0.9825    0.0889    -0.1635
			    -0.9579    0.2657    -0.1088
			    0.2866    0.6103    0.7386
			    -0.4063    0.9102    0.0804
		b:
			    -71.3068
			    236.8594
			    440.1856
			    -446.3597
			    432.1645
			    -31.8196
	==================================================================================
	Q5:
		Shape: Polyhedra
		q_c:    481.0000    155.0000    270.0000
		ub :    483.0205    156.8926    271.7747
		lb :    478.9795    153.1074    268.2253
		A:
			    -0.0901    0.3904    0.9162
			    -0.7354    -0.6353    0.2357
			    -0.6766    0.1330    0.7243
			    -0.8739    -0.3913    -0.2883
			    0.8711    0.4465    -0.2046
			    0.1929    -0.6226    -0.7584
			    0.5347    0.3780    0.7557
			    -0.6124    0.7896    0.0384
			    -0.5822    -0.4833    0.6537
			    -0.5347    -0.3780    -0.7557
			    0.6124    -0.7896    -0.0384
			    0.5822    0.4833    -0.6537
		b:
			    265.6689
			    -387.1496
			    -107.9132
			    -557.7097
			    434.3387
			    -207.4173
			    520.8547
			    -160.8255
			    -176.9647
			    -518.8547
			    162.8255
			    179.9647
	==================================================================================
	Q6:
		Shape: Hybrid
		q_c:    478.0000    159.5000    270.5000
		ub :    481.1176    162.3307    273.3894
		lb :    474.8824    156.6693    267.6106
		P^-1: 
			    0.3107    -0.0897    -0.0085
			    -0.0897    0.3825    0.0126
			    -0.0085    0.0126    0.2512
		A:
			    0.6600    0.3982    0.6371
			    0.4540    0.6753    -0.5812
			    0.0635    -0.9963    0.0586
			    0.3470    -0.9273    0.1404
			    -0.6426    0.4435    0.6249
			    0.0451    0.2877    0.9567
		b:
			    552.5614
			    168.7280
			    -111.8188
			    56.7561
			    -66.4284
			    327.4552


===========================================================================================
===========================================================================================
S3:
	q_c:    193.5000    337.0000    444.5000
	ub :    218.0000    370.0000    457.0000
	lb :    169.0000    304.0000    432.0000

	==================================================================================
	Q1:
		Shape: Polyhedra
		q_c:    201.0000    336.5000    450.5000
		ub :    208.0955    344.6771    458.1571
		lb :    193.9045    328.3229    442.8429
		A:
			    -0.2463    0.9485    0.1992
			    -0.6485    -0.7259    0.2292
			    0.0923    0.8746    0.4760
			    0.7407    0.4092    -0.5329
			    0.9455    0.1846    -0.2683
			    -0.1199    0.6456    0.7542
			    0.7293    0.6607    0.1780
			    0.5988    -0.4905    -0.6331
			    -0.3309    0.5683    -0.7534
			    -0.7293    -0.6607    -0.1780
			    -0.5988    0.4905    0.6331
			    0.3309    -0.5683    0.7534
		b:
			    363.7672
			    -266.4811
			    531.0518
			    50.9608
			    135.1113
			    536.1525
			    453.5727
			    -327.3877
			    -207.6889
			    -444.5727
			    332.3877
			    221.6889
	==================================================================================
	Q2:
		Shape: Ellipse
		q_c:    197.5000    329.0000    454.5000
		ub :    204.2242    335.3561    459.9921
		lb :    190.7758    322.6439    449.0079
		P^-1: 
			    0.0625    -0.0000    0.0000
			    -0.0000    0.0625    0.0000
			    0.0000    0.0000    0.0625
	==================================================================================
	Q3:
		Shape: Ellipse
		q_c:    194.0000    332.5000    448.5000
		ub :    199.5682    337.5941    452.6001
		lb :    188.4318    327.4059    444.3999
		P^-1: 
			    0.0911    0.0510    0.0129
			    0.0510    0.1222    -0.0081
			    0.0129    -0.0081    0.1072
	==================================================================================
	Q4:
		Shape: Hybrid
		q_c:    186.5000    326.5000    440.0000
		ub :    191.0027    330.7618    444.9790
		lb :    181.9973    322.2382    435.0210
		P^-1: 
			    0.2472    -0.0977    -0.1632
			    -0.0977    0.1342    0.0829
			    -0.1632    0.0829    0.2072
		A:
			    -0.6732    0.6183    0.4055
			    -0.4437    0.0960    0.8910
			    -0.8279    -0.5523    0.0974
			    0.6107    -0.6794    0.4068
			    -0.1360    -0.5776    -0.8049
			    0.5263    -0.8503    0.0074
		b:
			    255.7888
			    342.0643
			    -289.2066
			    73.7797
			    -565.6297
			    -174.1681
	==================================================================================
	Q5:
		Shape: Ellipse
		q_c:    207.5000    333.5000    443.5000
		ub :    212.3783    339.6600    449.6110
		lb :    202.6217    327.3400    437.3890
		P^-1: 
			    0.1952    -0.0866    -0.0102
			    -0.0866    0.1084    0.0139
			    -0.0102    0.0139    0.0583
	==================================================================================
	Q6:
		Shape: Polyhedra
		q_c:    192.5000    342.5000    450.5000
		ub :    198.6066    348.7144    457.5921
		lb :    186.3934    336.2856    443.4079
		A:
			    0.5376    -0.8407    0.0652
			    -0.3806    0.6351    -0.6722
			    -0.8350    -0.1348    -0.5335
			    0.7386    0.6740    0.0148
			    -0.7122    0.6086    0.3497
			    0.7071    -0.0158    -0.7070
			    0.5838    0.2169    0.7823
			    -0.8031    0.0129    0.5957
			    0.1192    -0.9761    0.1817
			    -0.5838    -0.2169    -0.7823
			    0.8031    -0.0129    -0.5957
			    -0.1192    0.9761    -0.1817
		b:
			    -150.3463
			    -153.1587
			    -441.5465
			    384.4628
			    232.5446
			    -185.1503
			    545.1410
			    120.6960
			    -224.4982
			    -533.1410
			    -115.6960
			    234.4982


===========================================================================================
===========================================================================================
S4:
	q_c:    188.5000    303.0000    437.0000
	ub :    206.0000    314.0000    456.0000
	lb :    171.0000    292.0000    418.0000

	==================================================================================
	Q1:
		Shape: Polyhedra
		q_c:    190.5000    292.5000    434.5000
		ub :    195.2806    297.4939    439.6721
		lb :    185.7194    287.5061    429.3279
		A:
			    0.0343    0.2977    -0.9540
			    -0.6479    0.5214    -0.5553
			    0.5648    0.6746    0.4753
			    -0.1808    0.7756    -0.6048
			    0.7430    -0.2310    0.6281
			    0.2140    0.6485    -0.7305
			    0.8346    0.3218    0.4471
			    -0.0715    -0.7415    0.6671
			    0.5462    -0.5887    -0.5959
			    -0.8346    -0.3218    -0.4471
			    0.0715    0.7415    -0.6671
			    -0.5462    0.5887    0.5959
		b:
			    -318.2436
			    -209.7566
			    514.1713
			    -68.5080
			    348.9717
			    -85.1595
			    449.3818
			    60.8520
			    -321.5529
			    -445.3818
			    -57.8520
			    332.5529
	==================================================================================
	Q2:
		Shape: Ellipse
		q_c:    189.0000    303.5000    427.5000
		ub :    196.3421    310.6768    432.8100
		lb :    181.6579    296.3232    422.1900
		P^-1: 
			    0.0579    0.0241    0.0033
			    0.0241    0.0573    -0.0034
			    0.0033    -0.0034    0.0812
	==================================================================================
	Q3:
		Shape: Hybrid
		q_c:    180.0000    295.5000    434.5000
		ub :    185.9269    301.7878    440.8566
		lb :    174.0731    289.2122    428.1434
		P^-1: 
			    0.0605    0.0110    0.0107
			    0.0110    0.0759    -0.0056
			    0.0107    -0.0056    0.0762
		A:
			    0.7361    0.6465    -0.2006
			    0.0441    0.1341    0.9900
			    -0.0621    0.4233    0.9039
			    0.7999    -0.2406    -0.5499
			    -0.6740    -0.5355    0.5089
			    0.3332    -0.8894    -0.3130
		b:
			    238.3201
			    479.6550
			    508.7750
			    -163.3269
			    -56.3958
			    -336.4461
	==================================================================================
	Q4:
		Shape: Polyhedra
		q_c:    190.5000    309.5000    446.0000
		ub :    195.3921    317.8137    452.9138
		lb :    185.6079    301.1863    439.0862
		A:
			    -0.8507    0.5219    -0.0623
			    -0.8578    0.5004    0.1171
			    -0.8393    0.4060    0.3616
			    -0.4063    0.5712    0.7132
			    0.5543    0.6629    -0.5033
			    -0.9195    0.2506    -0.3029
			    0.1861    0.9575    0.2202
			    -0.9523    0.1207    0.2802
			    0.2417    -0.2619    0.9343
			    -0.1861    -0.9575    -0.2202
			    0.9523    -0.1207    -0.2802
			    -0.2417    0.2619    -0.9343
		b:
			    -24.6041
			    47.2095
			    130.2989
			    422.6083
			    91.5976
			    -229.1926
			    437.0301
			    -16.6206
			    386.7133
			    -423.0301
			    21.6206
			    -376.7133
	==================================================================================
	Q5:
		Shape: Hybrid
		q_c:    177.5000    308.0000    430.0000
		ub :    184.4207    311.7367    436.5816
		lb :    170.5793    304.2633    423.4184
		P^-1: 
			    0.0779    -0.0344    0.0640
			    -0.0344    0.2002    -0.0576
			    0.0640    -0.0576    0.1108
		A:
			    0.7406    -0.3019    0.6003
			    0.6853    -0.0770    0.7242
			    -0.7171    -0.3455    -0.6054
			    -0.6686    -0.1208    -0.7338
			    0.3150    0.9439    -0.0991
			    -0.5823    -0.0655    -0.8103
		b:
			    298.2700
			    410.9699
			    -491.9516
			    -469.5913
			    305.8918
			    -470.2172
	==================================================================================
	Q6:
		Shape: Hybrid
		q_c:    181.0000    296.5000    443.5000
		ub :    184.8979    305.3154    452.0731
		lb :    177.1021    287.6846    434.9269
		P^-1: 
			    0.1556    -0.0217    0.0086
			    -0.0217    0.0314    -0.0062
			    0.0086    -0.0062    0.0297
		A:
			    0.8961    -0.0014    0.4439
			    -0.8636    -0.3202    0.3894
			    -0.6377    -0.0153    -0.7701
			    -0.6517    0.0863    0.7535
			    -0.8636    0.0328    0.5032
			    -0.8729    0.4229    -0.2434
		b:
			    360.8570
			    -75.7628
			    -457.9842
			    245.5305
			    79.2316
			    -138.8293


===========================================================================================
===========================================================================================
S5:
	q_c:    522.0000    331.0000    507.0000
	ub :    543.0000    350.0000    538.0000
	lb :    501.0000    312.0000    476.0000

	==================================================================================
	Q1:
		Shape: Ellipse
		q_c:    517.0000    310.5000    518.5000
		ub :    534.7100    323.8759    537.0512
		lb :    499.2900    297.1241    499.9488
		P^-1: 
			    0.0056    0.0001    0.0001
			    0.0001    0.0204    -0.0069
			    0.0001    -0.0069    0.0091
	==================================================================================
	Q2:
		Shape: Hybrid
		q_c:    537.0000    322.0000    523.5000
		ub :    546.1236    332.4281    531.2660
		lb :    527.8764    311.5719    515.7340
		P^-1: 
			    0.0348    -0.0079    -0.0073
			    -0.0079    0.0279    -0.0117
			    -0.0073    -0.0117    0.0423
		A:
			    0.6918    -0.1513    0.7061
			    0.0192    0.3026    -0.9529
			    0.0388    0.1219    -0.9918
			    0.3050    0.9151    -0.2637
			    -0.0236    0.6018    0.7983
			    0.4705    0.4510    0.7585
		b:
			    696.0913
			    -388.6503
			    -456.3434
			    324.6481
			    603.7727
			    800.2011
	==================================================================================
	Q3:
		Shape: Ellipse
		q_c:    514.5000    345.5000    497.5000
		ub :    516.1607    354.1205    501.4415
		lb :    512.8393    336.8795    493.5585
		P^-1: 
			    0.4444    -0.0007    -0.0002
			    -0.0007    0.0470    -0.1148
			    -0.0002    -0.1148    0.4113
	==================================================================================
	Q4:
		Shape: Hybrid
		q_c:    522.0000    324.0000    496.5000
		ub :    530.9463    329.7104    506.1155
		lb :    513.0537    318.2896    486.8845
		P^-1: 
			    0.0654    -0.0156    -0.0455
			    -0.0156    0.0856    -0.0002
			    -0.0455    -0.0002    0.0541
		A:
			    0.5431    0.0209    -0.8394
			    0.6080    -0.1841    -0.7723
			    -0.3898    0.9206    -0.0226
			    0.1139    -0.1376    -0.9839
			    0.3175    -0.8846    0.3415
			    0.6073    -0.7587    -0.2355
		b:
			    -124.1937
			    -123.7826
			    85.6189
			    -468.7329
			    51.5648
			    -43.9551
	==================================================================================
	Q5:
		Shape: Polyhedra
		q_c:    531.0000    344.0000    503.0000
		ub :    541.3981    353.8444    514.0052
		lb :    520.6019    334.1556    491.9948
		A:
			    -0.2290    -0.8506    -0.4733
			    0.0069    0.5764    0.8171
			    0.1584    0.7223    0.6732
			    -0.1874    -0.8205    -0.5400
			    0.6754    0.6479    0.3523
			    -0.0220    0.4647    0.8852
			    0.3242    0.7457    0.5821
			    -0.8207    -0.0843    0.5652
			    0.4705    -0.6609    0.5846
			    -0.3242    -0.7457    -0.5821
			    0.8207    0.0843    -0.5652
			    -0.4705    0.6609    -0.5846
		b:
			    -649.3654
			    615.9429
			    673.3647
			    -650.7920
			    761.6607
			    597.2179
			    723.4765
			    -175.4978
			    328.5411
			    -719.4765
			    185.4978
			    -304.5411
	==================================================================================
	Q6:
		Shape: Ellipse
		q_c:    526.0000    337.5000    517.5000
		ub :    540.3606    353.4734    533.5145
		lb :    511.6394    321.5266    501.4855
		P^-1: 
			    0.0148    0.0009    -0.0035
			    0.0009    0.0104    -0.0024
			    -0.0035    -0.0024    0.0119


===========================================================================================
===========================================================================================
S6:
	q_c:    313.0000    413.5000    345.5000
	ub :    338.0000    429.0000    371.0000
	lb :    288.0000    398.0000    320.0000

	==================================================================================
	Q1:
		Shape: Ellipse
		q_c:    309.5000    430.5000    349.5000
		ub :    317.2341    440.1390    358.2089
		lb :    301.7659    420.8610    340.7911
		P^-1: 
			    0.1086    0.0442    0.0507
			    0.0442    0.0426    0.0254
			    0.0507    0.0254    0.0496
	==================================================================================
	Q2:
		Shape: Polyhedra
		q_c:    300.5000    420.5000    331.0000
		ub :    309.2987    427.9180    339.3759
		lb :    291.7013    413.0820    322.6241
		A:
			    0.4652    0.2551    -0.8477
			    0.8655    0.4975    0.0580
			    0.3215    -0.3147    -0.8931
			    0.8008    0.1836    0.5701
			    -0.0596    0.0841    -0.9947
			    0.8758    0.2097    -0.4348
			    0.3065    0.9162    0.2580
			    0.8076    -0.1069    -0.5800
			    -0.5038    0.3861    -0.7727
			    -0.3065    -0.9162    -0.2580
			    -0.8076    0.1069    0.5800
			    0.5038    -0.3861    0.7727
		b:
			    -27.8978
			    494.0899
			    -325.6328
			    511.5133
			    -306.8142
			    213.3612
			    568.2749
			    11.7571
			    -240.3118
			    -557.2749
			    0.2429
			    249.3118
	==================================================================================
	Q3:
		Shape: Hybrid
		q_c:    313.5000    407.0000    341.5000
		ub :    321.0855    414.7483    350.0393
		lb :    305.9145    399.2517    332.9607
		P^-1: 
			    0.0766    0.0435    0.0470
			    0.0435    0.0621    0.0431
			    0.0470    0.0431    0.0727
		A:
			    -0.1533    -0.3514    -0.9236
			    0.0959    0.4617    0.8818
			    -0.5704    -0.2770    0.7733
			    -0.9210    -0.0161    -0.3892
			    0.7456    0.2637    0.6119
			    0.4379    0.7299    0.5249
		b:
			    -503.7263
			    521.8515
			    -22.6086
			    -425.1925
			    551.8778
			    615.3025
	==================================================================================
	Q4:
		Shape: Hybrid
		q_c:    312.5000    402.5000    332.0000
		ub :    321.4281    411.4679    341.9118
		lb :    303.5719    393.5321    322.0882
		P^-1: 
			    0.0363    0.0087    0.0019
			    0.0087    0.0340    0.0113
			    0.0019    0.0113    0.0325
		A:
			    0.0883    -0.9041    0.4181
			    -0.2296    0.2345    0.9446
			    -0.7080    0.7029    -0.0682
			    0.7675    0.6146    -0.1824
			    0.2929    0.6084    0.7376
			    0.2621    -0.1151    -0.9581
		b:
			    -192.9948
			    339.4433
			    43.2218
			    429.5890
			    583.6868
			    -279.1234
	==================================================================================
	Q5:
		Shape: Ellipse
		q_c:    303.0000    416.5000    337.0000
		ub :    311.7914    424.3449    346.1403
		lb :    294.2086    408.6551    327.8597
		P^-1: 
			    0.0644    0.0381    0.0186
			    0.0381    0.0783    -0.0042
			    0.0186    -0.0042    0.0334
	==================================================================================
	Q6:
		Shape: Ellipse
		q_c:    306.0000    418.5000    345.5000
		ub :    312.1448    426.6362    352.9752
		lb :    299.8552    410.3638    338.0248
		P^-1: 
			    0.0616    0.0046    -0.0032
			    0.0046    0.0397    0.0158
			    -0.0032    0.0158    0.0515


===========================================================================================
===========================================================================================
S7:
	q_c:    520.0000    414.0000    316.0000
	ub :    544.0000    444.0000    329.0000
	lb :    496.0000    384.0000    303.0000

	==================================================================================
	Q1:
		Shape: Polyhedra
		q_c:    520.0000    416.0000    318.5000
		ub :    524.9663    420.1901    323.1299
		lb :    515.0337    411.8099    313.8701
		A:
			    0.8069    -0.3230    -0.4945
			    -0.4711    -0.2451    -0.8473
			    0.9868    -0.0701    0.1461
			    0.7447    -0.1094    0.6583
			    0.8405    -0.4509    0.3005
			    0.1166    0.6893    -0.7150
			    0.4732    0.7946    0.3804
			    -0.3978    0.5780    -0.7125
			    -0.7860    0.1858    0.5896
			    -0.4732    -0.7946    -0.3804
			    0.3978    -0.5780    0.7125
			    0.7860    -0.1858    -0.5896
		b:
			    131.1995
			    -614.1695
			    533.4979
			    553.8098
			    347.7606
			    122.0846
			    700.7733
			    -191.3390
			    -140.1338
			    -694.7733
			    195.3390
			    147.1338
	==================================================================================
	Q2:
		Shape: Hybrid
		q_c:    526.5000    420.0000    330.0000
		ub :    529.9215    422.7754    332.8987
		lb :    523.0785    417.2246    327.1013
		P^-1: 
			    0.2517    -0.1156    0.3021
			    -0.1156    0.2588    -0.2448
			    0.3021    -0.2448    0.7606
		A:
			    -0.7834    0.5392    -0.3090
			    -0.5243    0.7307    -0.4372
			    -0.0897    0.4678    -0.8793
			    0.7718    0.0520    0.6337
			    0.8160    -0.5461    0.1894
			    0.2806    -0.3692    0.8860
		b:
			    -286.4426
			    -112.2368
			    -140.0603
			    638.6242
			    264.4882
			    285.6090
	==================================================================================
	Q3:
		Shape: Hybrid
		q_c:    527.5000    416.0000    322.5000
		ub :    531.2676    420.0494    326.0062
		lb :    523.7324    411.9506    318.9938
		P^-1: 
			    0.2359    -0.0741    -0.1109
			    -0.0741    0.2303    0.1205
			    -0.1109    0.1205    0.2493
		A:
			    -0.6493    0.5123    0.5620
			    -0.6100    0.2394    0.7554
			    -0.7723    0.6266    -0.1049
			    -0.7542    0.3388    0.5625
			    0.0203    0.9583    0.2850
			    0.3509    0.1779    -0.9194
		b:
			    52.6362
			    22.3633
			    -178.9401
			    -74.6284
			    502.6554
			    -35.7644
	==================================================================================
	Q4:
		Shape: Ellipse
		q_c:    519.5000    417.0000    313.0000
		ub :    522.9364    419.4877    315.1090
		lb :    516.0636    414.5123    310.8910
		P^-1: 
			    0.2086    0.2542    -0.0322
			    0.2542    0.8126    -0.2112
			    -0.0322    -0.2112    0.5343
	==================================================================================
	Q5:
		Shape: Hybrid
		q_c:    518.5000    421.0000    323.5000
		ub :    525.3379    427.4732    329.4897
		lb :    511.6621    414.5268    317.5103
		P^-1: 
			    0.0653    -0.0140    -0.0038
			    -0.0140    0.0695    -0.0048
			    -0.0038    -0.0048    0.0586
		A:
			    0.4956    -0.0244    -0.8682
			    0.2026    -0.9436    -0.2618
			    0.5736    0.3453    0.7428
			    0.4054    -0.6368    -0.6558
			    -0.3889    0.3015    0.8706
			    -0.4624    0.8447    -0.2694
		b:
			    -31.9755
			    -374.8218
			    685.7826
			    -267.9242
			    209.1684
			    30.4955
	==================================================================================
	Q6:
		Shape: Polyhedra
		q_c:    524.5000    421.0000    318.0000
		ub :    529.9363    425.9346    322.8181
		lb :    519.0637    416.0654    313.1819
		A:
			    -0.9701    -0.1965    -0.1424
			    0.6833    0.4970    -0.5349
			    -0.3868    0.4134    0.8243
			    0.1545    0.4981    -0.8532
			    -0.4704    0.2911    0.8330
			    -0.0453    -0.7553    -0.6538
			    0.6415    0.7460    0.1788
			    0.6318    -0.6460    0.4285
			    0.4352    -0.1619    -0.8857
			    -0.6415    -0.7460    -0.1788
			    -0.6318    0.6460    -0.4285
			    -0.4352    0.1619    0.8857
		b:
			    -633.7656
			    400.3092
			    236.2716
			    22.7326
			    143.7369
			    -546.8584
			    709.8922
			    199.6765
			    -118.5412
			    -704.8922
			    -191.6765
			    124.5412


===========================================================================================
===========================================================================================
S8:
	q_c:    396.5000    18.5000    272.5000
	ub :    415.0000    37.0000    286.0000
	lb :    378.0000    0.0000    259.0000

	==================================================================================
	Q1:
		Shape: Ellipse
		q_c:    396.0000    27.0000    277.5000
		ub :    405.0521    37.4028    287.5492
		lb :    386.9479    16.5972    267.4508
		P^-1: 
			    0.0397    0.0072    0.0114
			    0.0072    0.0239    0.0027
			    0.0114    0.0027    0.0299
	==================================================================================
	Q2:
		Shape: Ellipse
		q_c:    386.5000    25.5000    275.5000
		ub :    389.5849    30.4813    283.2169
		lb :    383.4151    20.5187    267.7831
		P^-1: 
			    0.2442    0.0175    -0.0250
			    0.0175    0.1078    -0.0254
			    -0.0250    -0.0254    0.0296
	==================================================================================
	Q3:
		Shape: Ellipse
		q_c:    413.0000    10.5000    287.5000
		ub :    423.1678    20.1205    298.8327
		lb :    402.8322    0.8795    276.1673
		P^-1: 
			    0.0225    0.0003    0.0015
			    0.0003    0.0204    0.0002
			    0.0015    0.0002    0.0215
	==================================================================================
	Q4:
		Shape: Ellipse
		q_c:    401.5000    21.5000    277.0000
		ub :    411.7946    31.6603    288.3546
		lb :    391.2054    11.3397    265.6454
		P^-1: 
			    0.0295    0.0074    0.0110
			    0.0074    0.0282    -0.0055
			    0.0110    -0.0055    0.0277
	==================================================================================
	Q5:
		Shape: Polyhedra
		q_c:    406.5000    26.0000    261.0000
		ub :    413.7989    34.3785    269.7938
		lb :    399.2011    17.6215    252.2062
		A:
			    0.7416    -0.6564    -0.1386
			    0.5765    -0.4444    0.6857
			    0.5830    -0.1546    0.7977
			    0.2862    -0.9200    0.2679
			    -0.5270    0.6629    0.5319
			    -0.4639    0.4132    -0.7836
			    0.1105    0.6558    0.7468
			    -0.0146    0.7524    -0.6586
			    -0.9938    0.0618    0.0927
			    -0.1105    -0.6558    -0.7468
			    0.0146    -0.7524    0.6586
			    0.9938    -0.0618    -0.0927
		b:
			    254.5182
			    407.1408
			    447.0597
			    167.4760
			    -51.3780
			    -377.0822
			    263.8767
			    -153.7793
			    -371.6551
			    -249.8767
			    162.7793
			    384.6551
	==================================================================================
	Q6:
		Shape: Ellipse
		q_c:    389.5000    28.0000    261.0000
		ub :    398.6886    36.8406    270.3727
		lb :    380.3114    19.1594    251.6273
		P^-1: 
			    0.0222    -0.0077    -0.0110
			    -0.0077    0.0363    0.0046
			    -0.0110    0.0046    0.0395


===========================================================================================
===========================================================================================
S9:
	q_c:    440.0000    428.5000    491.0000
	ub :    454.0000    438.0000    517.0000
	lb :    426.0000    419.0000    465.0000

	==================================================================================
	Q1:
		Shape: Ellipse
		q_c:    446.5000    422.0000    491.0000
		ub :    453.9178    427.5554    498.6497
		lb :    439.0822    416.4446    483.3503
		P^-1: 
			    0.0787    -0.0403    0.0467
			    -0.0403    0.0875    -0.0340
			    0.0467    -0.0340    0.0710
	==================================================================================
	Q2:
		Shape: Hybrid
		q_c:    436.0000    436.5000    489.0000
		ub :    443.1186    443.2348    495.1176
		lb :    428.8814    429.7652    482.8824
		P^-1: 
			    0.0593    0.0078    0.0008
			    0.0078    0.0434    -0.0020
			    0.0008    -0.0020    0.0623
		A:
			    -0.9071    0.3464    -0.2393
			    0.9277    -0.3645    0.0808
			    0.8480    -0.2040    -0.4891
			    0.6120    -0.0289    -0.7903
			    0.0174    0.6626    0.7488
			    0.2541    0.1947    -0.9474
		b:
			    -358.8875
			    287.3551
			    43.8519
			    -130.1568
			    665.4457
			    -265.4757
	==================================================================================
	Q3:
		Shape: Hybrid
		q_c:    441.0000    434.5000    492.5000
		ub :    444.0931    439.4555    497.6183
		lb :    437.9069    429.5445    487.3817
		P^-1: 
			    0.2195    0.0338    0.0259
			    0.0338    0.1444    0.0614
			    0.0259    0.0614    0.1085
		A:
			    -0.9775    -0.1590    -0.1383
			    -0.3457    -0.4857    -0.8028
			    -0.8571    -0.2904    0.4256
			    -0.5039    0.1151    0.8561
			    0.4820    0.3195    0.8158
			    0.6056    0.2623    -0.7513
		b:
			    -567.2122
			    -757.4428
			    -292.7344
			    251.5450
			    754.7900
			    13.3947
	==================================================================================
	Q4:
		Shape: Hybrid
		q_c:    437.0000    431.0000    488.5000
		ub :    443.0036    435.1792    494.4754
		lb :    430.9964    426.8208    482.5246
		P^-1: 
			    0.0763    0.0092    0.0151
			    0.0092    0.1078    0.0023
			    0.0151    0.0023    0.0580
		A:
			    -0.9744    -0.1724    0.1444
			    -0.5554    -0.8076    0.1983
			    -0.2536    -0.7479    -0.6135
			    -0.1456    -0.7420    0.6544
			    0.3088    0.6613    0.6836
			    0.6229    -0.7764    -0.0958
		b:
			    -427.2548
			    -492.0925
			    -730.9866
			    -61.5611
			    755.8577
			    -107.1415
	==================================================================================
	Q5:
		Shape: Ellipse
		q_c:    445.5000    433.5000    499.5000
		ub :    450.9473    439.9195    504.3405
		lb :    440.0527    427.0805    494.6595
		P^-1: 
			    0.1305    -0.0504    -0.0029
			    -0.0504    0.0676    -0.0233
			    -0.0029    -0.0233    0.1061
	==================================================================================
	Q6:
		Shape: Hybrid
		q_c:    443.0000    431.0000    484.5000
		ub :    449.4292    436.0058    489.8363
		lb :    436.5708    425.9942    479.1637
		P^-1: 
			    0.0567    0.0035    0.0364
			    0.0035    0.5628    0.4690
			    0.0364    0.4690    0.4952
		A:
			    0.3636    0.5865    0.7237
			    -0.0083    -0.8534    -0.5212
			    0.3727    -0.8303    -0.4144
			    -0.1268    0.8607    0.4931
			    -0.0751    -0.7475    -0.6600
			    -0.1078    -0.5940    -0.7972
		b:
			    765.7218
			    -623.1785
			    -392.1204
			    554.5391
			    -674.6706
			    -689.3066


===========================================================================================
===========================================================================================
S10:
	q_c:    334.5000    446.0000    406.0000
	ub :    347.0000    458.0000    437.0000
	lb :    322.0000    434.0000    375.0000

	==================================================================================
	Q1:
		Shape: Ellipse
		q_c:    337.0000    439.0000    398.0000
		ub :    343.3340    445.3380    404.4260
		lb :    330.6660    432.6620    391.5740
		P^-1: 
			    0.0469    -0.0101    0.0188
			    -0.0101    0.0464    -0.0276
			    0.0188    -0.0276    0.0908
	==================================================================================
	Q2:
		Shape: Hybrid
		q_c:    332.0000    436.5000    413.0000
		ub :    338.4447    443.1916    418.9290
		lb :    325.5553    429.8084    407.0710
		P^-1: 
			    0.0987    0.0436    -0.0213
			    0.0436    0.0642    -0.0394
			    -0.0213    -0.0394    0.1065
		A:
			    0.0394    0.9628    -0.2672
			    -0.4400    -0.3928    -0.8075
			    0.7816    0.6113    0.1238
			    -0.0538    -0.3008    0.9522
			    -0.9115    -0.1633    -0.3776
			    0.9777    0.2085    0.0230
		b:
			    326.3852
			    -648.3049
			    579.4657
			    245.7512
			    -527.6353
			    427.1706
	==================================================================================
	Q3:
		Shape: Polyhedra
		q_c:    344.0000    444.5000    412.5000
		ub :    350.0506    450.6888    417.4575
		lb :    337.9494    438.3112    407.5425
		A:
			    -0.1224    -0.6350    0.7628
			    -0.3016    -0.6786    0.6698
			    -0.8963    -0.3419    -0.2825
			    -0.1738    0.9701    -0.1693
			    -0.8217    -0.5691    -0.0324
			    -0.0843    0.8330    0.5469
			    0.3793    0.6252    0.6821
			    0.5502    0.4403    -0.7095
			    -0.7439    0.6444    -0.1770
			    -0.3793    -0.6252    -0.6821
			    -0.5502    -0.4403    0.7095
			    0.7439    -0.6444    0.1770
		b:
			    -6.6907
			    -126.3038
			    -573.1876
			    305.5762
			    -545.8065
			    570.6204
			    693.2421
			    94.8298
			    -37.9674
			    -686.2421
			    -89.8298
			    46.9674
	==================================================================================
	Q4:
		Shape: Polyhedra
		q_c:    334.0000    449.5000    411.5000
		ub :    340.2747    455.5495    416.7257
		lb :    327.7253    443.4505    406.2743
		A:
			    -0.2766    -0.9604    0.0331
			    -0.2596    0.2335    -0.9371
			    -0.8769    -0.0216    0.4801
			    0.4157    -0.8137    -0.4063
			    -0.6122    -0.2797    -0.7396
			    0.0278    0.7845    0.6195
			    0.6915    0.7211    0.0431
			    0.7058    -0.6871    0.1724
			    0.1539    -0.0888    -0.9841
			    -0.6915    -0.7211    -0.0431
			    -0.7058    0.6871    -0.1724
			    -0.1539    0.0888    0.9841
		b:
			    -506.2006
			    -363.0549
			    -100.7833
			    -390.2024
			    -630.1588
			    621.2029
			    577.3226
			    1.3065
			    -388.9564
			    -568.3226
			    5.6935
			    397.9564
	==================================================================================
	Q5:
		Shape: Hybrid
		q_c:    329.5000    439.0000    403.5000
		ub :    337.0363    446.7362    411.9588
		lb :    321.9637    431.2638    395.0412
		P^-1: 
			    0.0339    0.0009    0.0021
			    0.0009    0.0399    -0.0003
			    0.0021    -0.0003    0.0392
		A:
			    0.5816    0.8111    -0.0616
			    0.5750    -0.4469    -0.6853
			    0.0594    -0.0584    0.9965
			    0.1333    0.8926    0.4306
			    0.4361    0.4642    -0.7710
			    -0.4460    0.8160    0.3678
		b:
			    525.5001
			    -280.4439
			    398.5512
			    612.0425
			    39.0710
			    362.3980
	==================================================================================
	Q6:
		Shape: Hybrid
		q_c:    331.5000    445.0000    417.0000
		ub :    340.8437    453.2178    423.9664
		lb :    322.1563    436.7822    410.0336
		P^-1: 
			    0.0343    0.0366    -0.0348
			    0.0366    0.1226    -0.1059
			    -0.0348    -0.1059    0.1412
		A:
			    0.4282    0.8887    -0.1640
			    -0.6050    -0.6245    0.4939
			    0.1247    -0.9832    -0.1331
			    -0.2615    -0.9179    0.2984
			    0.6549    0.7324    0.1862
			    -0.0213    -0.9974    0.0693
		b:
			    471.9720
			    -270.1932
			    -446.9945
			    -368.2884
			    624.9802
			    -418.2011


===========================================================================================
===========================================================================================
