3D_40_12_6_f                l = 3

===========================================================================================
===========================================================================================
S1:
	q_c:	522.0	399.0	247.0
	ub :	544.9872	420.2212	267.0664
	lb :	501.3317	380.4108	232.0931

	==================================================================================
	Q1:
		Shape: Polyhedra
		q_c:	533.5	392.0	251.0
		ub :	542.9893	397.9828	259.8465
		lb :	524.0107	386.0172	242.1535
		A:
			0.4806	0.7173	0.5045
			-0.2658	0.1789	-0.9473
			0.1553	-0.9041	0.3981
			-0.3214	-0.4139	-0.8517
			-0.5392	-0.7503	-0.3826
			0.5314	0.4172	0.7373
			0.5064	0.6326	0.586
			0.8174	-0.1357	-0.5598
			-0.2746	0.7625	-0.5858
			-0.5064	-0.6326	-0.586
			-0.8174	0.1357	0.5598
			0.2746	-0.7625	0.5858
		b:
			665.8034
			-304.714
			-166.7693
			-544.3788
			-675.6925
			634.0677
			666.7148
			251.379
			10.3782
			-663.7148
			-233.379
			-0.3782
	==================================================================================
	Q2:
		Shape: Hybrid
		q_c:	533.5	405.5	255.5
		ub :	544.9872	413.9342	267.0664
		lb :	522.0128	397.0658	243.9336
		P^-1:
			0.0261	-0.0113	-0.0088
			-0.0113	0.0402	0.0055
			-0.0088	0.0055	0.0206
		A:
			-0.395	0.3742	0.839
			-0.2418	0.957	-0.1601
			0.5354	-0.2094	-0.8182
			-0.9431	-0.2487	-0.2206
			0.8421	-0.3101	-0.4413
			0.4762	-0.838	0.2664
		b:
			159.065
			221.1458
			-4.7397
			-654.8024
			213.8754
			-14.2736
	==================================================================================
	Q3:
		Shape: Polyhedra
		q_c:	511.5	409.5	249.5
		ub :	521.6683	420.2212	257.9323
		lb :	501.3317	398.7788	241.0677
		A:
			-0.2236	0.4365	-0.8714
			-0.1661	-0.944	0.2852
			0.7642	-0.3826	-0.5193
			-0.6033	-0.7726	0.1979
			-0.717	-0.5331	-0.4491
			-0.6138	0.2675	-0.7427
			0.2852	0.6939	0.6612
			-0.9253	0.3792	0.0011
			-0.25	-0.6121	0.7502
			-0.2852	-0.6939	-0.6612
			0.9253	-0.3792	-0.0011
			0.25	0.6121	-0.7502
		b:
			-147.1297
			-394.4632
			111.7754
			-569.5729
			-690.4113
			-383.073
			601.4994
			-310.216
			-185.8244
			-588.4994
			325.216
			196.8244
	==================================================================================
	Q4:
		Shape: Ellipse
		q_c:	527.0	392.5	245.0
		ub :	535.5452	399.0245	250.1159
		lb :	518.4548	385.9755	239.8841
		P^-1:
			0.0803	-0.02	-0.1516
			-0.02	0.0433	0.036
			-0.1516	0.036	0.3764
	==================================================================================
	Q5:
		Shape: Hybrid
		q_c:	512.0	404.5	251.0
		ub :	516.1884	409.2767	255.3229
		lb :	507.8116	399.7233	246.6771
		P^-1:
			0.1493	-0.0199	0.0036
			-0.0199	0.1215	-0.0019
			0.0036	-0.0019	0.1114
		A:
			-0.1039	-0.5356	0.8381
			0.7822	0.6208	0.0514
			-0.4554	-0.1386	-0.8794
			-0.4221	0.7612	-0.4923
			0.3797	0.0452	0.924
			-0.5519	0.1957	0.8106
		b:
			-57.7275
			666.2104
			-508.3125
			-30.2871
			446.2656
			1.661
	==================================================================================
	Q6:
		Shape: Hybrid
		q_c:	526.5	392.0	244.0
		ub :	534.5513	403.5892	255.9069
		lb :	518.4487	380.4108	232.0931
		P^-1:
			0.0235	0.0006	0.0011
			0.0006	0.0157	0.0001
			0.0011	0.0001	0.0158
		A:
			-0.3009	-0.9026	-0.3077
			-0.5176	0.2435	0.8203
			0.8587	-0.3661	-0.3586
			0.1859	0.9709	-0.1508
			-0.1604	-0.4193	-0.8936
			0.7521	-0.59	0.2937
		b:
			-582.8129
			27.6357
			224.9522
			446.3733
			-462.229
			240.3291


===========================================================================================
===========================================================================================
S2:
	q_c:	394.0	427.0	119.5
	ub :	406.9376	443.8589	139.3669
	lb :	379.5755	426.1411	106.3397

	==================================================================================
	Q1:
		Shape: Hybrid
		q_c:	386.5	433.5	112.0
		ub :	393.4245	440.2547	116.8514
		lb :	379.5755	426.7453	107.1486
		P^-1:
			0.0734	0.045	-0.0203
			0.045	0.085	-0.0343
			-0.0203	-0.0343	0.1162
		A:
			-0.2311	0.9723	-0.0347
			-0.8211	-0.5447	0.1706
			0.7791	0.6181	0.1047
			-0.0426	0.6093	0.7918
			0.889	0.1144	0.4435
			0.6384	0.7673	-0.0609
		b:
			331.8858
			-532.596
			582.704
			339.2704
			445.6815
			574.2296
	==================================================================================
	Q2:
		Shape: Hybrid
		q_c:	402.0	433.0	110.5
		ub :	406.4274	437.2425	114.6603
		lb :	397.5726	428.7575	106.3397
		P^-1:
			0.0748	-0.0304	-0.0351
			-0.0304	0.1632	0.0623
			-0.0351	0.0623	0.1856
		A:
			0.3957	0.8376	-0.3765
			-0.1267	-0.6509	0.7485
			-0.0586	-0.2542	-0.9654
			0.4928	0.1305	-0.8603
			0.353	0.0099	0.9356
			0.4911	-0.4038	-0.7718
		b:
			482.396
			-248.0995
			-238.8861
			161.2831
			251.598
			-61.4939
	==================================================================================
	Q3:
		Shape: Polyhedra
		q_c:	395.0	437.0	120.5
		ub :	398.1356	441.938	125.6059
		lb :	391.8644	432.062	115.3941
		A:
			-0.5821	-0.5503	-0.5986
			0.1331	0.7403	0.659
			0.277	0.9122	0.3018
			0.6582	0.4057	-0.6342
			-0.9739	0.1703	0.1501
			0.7628	0.6135	-0.2045
			0.0351	0.7261	0.6867
			-0.0135	0.6874	-0.7261
			-0.9993	0.0162	0.0339
			-0.0351	-0.7261	-0.6867
			0.0135	-0.6874	0.7261
			0.9993	-0.0162	-0.0339
		b:
			-540.1843
			457.4999
			547.2225
			365.0142
			-289.1968
			548.4146
			415.9087
			212.5836
			-380.5399
			-411.9087
			-202.5836
			386.5399
	==================================================================================
	Q4:
		Shape: Ellipse
		q_c:	401.0	437.5	134.5
		ub :	403.8846	441.7392	139.3669
		lb :	398.1154	433.2608	129.6331
		P^-1:
			0.8047	0.1233	0.326
			0.1233	0.2344	0.1608
			0.326	0.1608	0.2603
	==================================================================================
	Q5:
		Shape: Hybrid
		q_c:	395.0	435.0	117.0
		ub :	399.7983	438.8191	121.9185
		lb :	390.2017	431.1809	112.0815
		P^-1:
			0.1356	0.0172	0.0978
			0.0172	0.1118	0.0065
			0.0978	0.0065	0.1631
		A:
			0.0205	0.5617	0.8271
			0.751	0.2579	0.6078
			0.5684	0.2872	0.771
			0.8862	-0.0696	0.458
			0.0881	0.996	0.0146
			-0.3422	-0.9392	0.0301
		b:
			351.4561
			481.067
			440.7405
			374.9201
			471.7587
			-538.2079
	==================================================================================
	Q6:
		Shape: Polyhedra
		q_c:	399.5	435.0	117.0
		ub :	406.9376	443.8589	125.8778
		lb :	392.0624	426.1411	108.1222
		A:
			-0.5508	0.0953	-0.8292
			0.0009	-0.6543	-0.7562
			-0.3344	0.3641	-0.8692
			0.0596	-0.8395	-0.5401
			0.8833	0.286	-0.3715
			-0.5128	-0.76	0.3993
			0.4417	0.5116	0.737
			-0.8915	0.3419	0.297
			-0.1001	-0.7883	0.6071
			-0.4417	-0.5116	-0.737
			0.8915	-0.3419	-0.297
			0.1001	0.7883	-0.6071
		b:
			-270.1156
			-367.3289
			-71.4216
			-399.1987
			439.008
			-483.2731
			490.7399
			-167.6769
			-306.3319
			-479.7399
			177.6769
			317.3319


===========================================================================================
===========================================================================================
S3:
	q_c:	451.5	98.0	54.5
	ub :	485.0011	131.7033	82.3573
	lb :	419.3259	66.1109	25.4436

	==================================================================================
	Q1:
		Shape: Polyhedra
		q_c:	468.5	78.5	61.5
		ub :	479.3202	90.8891	74.4508
		lb :	457.6798	66.1109	48.5492
		A:
			0.4065	-0.9085	-0.0971
			0.9737	-0.2276	0.0106
			0.7251	0.1539	0.6713
			-0.7225	0.6425	0.2554
			0.6054	0.7591	-0.2393
			-0.1335	-0.9724	0.1912
			0.0124	0.773	0.6343
			-0.6107	0.5081	-0.6073
			-0.7917	-0.3799	0.4784
			-0.0124	-0.773	-0.6343
			0.6107	-0.5081	0.6073
			0.7917	0.3799	-0.4784
		b:
			120.8205
			446.7605
			400.9838
			-264.7498
			335.5666
			-119.6718
			112.4976
			-275.0925
			-364.3251
			-98.4976
			292.0925
			378.3251
	==================================================================================
	Q2:
		Shape: Hybrid
		q_c:	436.0	112.5	58.0
		ub :	452.6741	131.1366	74.8037
		lb :	419.3259	93.8634	41.1963
		P^-1:
			0.0099	-0.0038	-0.0036
			-0.0038	0.0105	0.0039
			-0.0036	0.0039	0.0102
		A:
			0.1569	-0.8433	-0.5141
			-0.4725	-0.7919	-0.3868
			0.0305	0.5708	-0.8205
			-0.3856	-0.5482	0.7422
			-0.4079	-0.1331	0.9033
			0.7118	-0.0575	-0.7
		b:
			-51.22
			-309.566
			38.5886
			-178.3786
			-133.6193
			268.8533
	==================================================================================
	Q3:
		Shape: Hybrid
		q_c:	436.5	98.0	57.5
		ub :	450.908	105.5488	63.4209
		lb :	422.092	90.4512	51.5791
		P^-1:
			0.0053	0.0029	0.0021
			0.0029	0.0537	0.0386
			0.0021	0.0386	0.0851
		A:
			0.2635	-0.8122	-0.5205
			-0.2989	-0.947	0.1176
			-0.094	-0.7666	-0.6353
			0.1461	-0.4885	-0.8602
			-0.2059	-0.8247	-0.5267
			-0.0231	-0.1749	-0.9843
		b:
			9.563
			-211.6984
			-150.7598
			-31.2172
			-198.2771
			-81.6696
	==================================================================================
	Q4:
		Shape: Ellipse
		q_c:	461.5	91.5	68.5
		ub :	476.5504	107.4623	82.3573
		lb :	446.4496	75.5377	54.6427
		P^-1:
			0.0128	-0.0063	0.0022
			-0.0063	0.0181	-0.015
			0.0022	-0.015	0.0281
	==================================================================================
	Q5:
		Shape: Ellipse
		q_c:	439.5	112.5	34.5
		ub :	448.1336	120.473	43.5564
		lb :	430.8664	104.527	25.4436
		P^-1:
			0.0311	-0.0084	0.0001
			-0.0084	0.0447	0.0048
			0.0001	0.0048	0.0217
	==================================================================================
	Q6:
		Shape: Hybrid
		q_c:	470.5	116.5	47.5
		ub :	485.0011	131.7033	63.4025
		lb :	455.9989	101.2967	31.5975
		P^-1:
			0.0134	0.002	0.0003
			0.002	0.0121	0.0024
			0.0003	0.0024	0.0115
		A:
			-0.1616	0.9294	0.3318
			0.3272	0.9441	0.0398
			0.635	-0.6455	-0.4245
			0.3675	0.2669	0.8909
			0.4159	0.8699	0.2651
			0.4173	-0.7274	-0.5447
		b:
			52.9871
			270.6595
			208.5609
			251.1663
			313.9182
			90.6787


===========================================================================================
===========================================================================================
S4:
	q_c:	490.0	351.0	180.5
	ub :	500.5723	363.763	192.3345
	lb :	488.2542	339.5569	176.3614

	==================================================================================
	Q1:
		Shape: Ellipse
		q_c:	493.0	355.5	182.0
		ub :	497.7458	359.7144	186.6434
		lb :	488.2542	351.2856	177.3566
		P^-1:
			0.0837	-0.0073	-0.0395
			-0.0073	0.0834	0.0098
			-0.0395	0.0098	0.137
	==================================================================================
	Q2:
		Shape: Ellipse
		q_c:	494.0	352.5	184.0
		ub :	495.9773	355.2561	186.9752
		lb :	492.0227	349.7439	181.0248
		P^-1:
			0.6438	0.2114	0.1661
			0.2114	0.6164	0.2878
			0.1661	0.2878	0.3442
	==================================================================================
	Q3:
		Shape: Hybrid
		q_c:	494.5	343.0	184.5
		ub :	497.4792	346.4431	187.8078
		lb :	491.5208	339.5569	181.1922
		P^-1:
			0.2315	-0.0364	-0.0014
			-0.0364	0.1778	0.0065
			-0.0014	0.0065	0.1118
		A:
			-0.847	0.1849	-0.4984
			-0.932	0.0846	-0.3525
			-0.868	-0.0896	-0.4884
			-0.8393	0.1581	-0.5202
			0.8548	0.3121	0.4147
			0.8818	-0.086	0.4638
		b:
			-446.0554
			-495.6729
			-548.6952
			-455.4236
			607.6351
			493.3968
	==================================================================================
	Q4:
		Shape: Hybrid
		q_c:	494.5	358.0	187.0
		ub :	499.5225	363.763	192.3345
		lb :	489.4775	352.237	181.6655
		P^-1:
			0.0817	0.0004	-0.0006
			0.0004	0.0918	-0.014
			-0.0006	-0.014	0.101
		A:
			0.088	-0.9462	0.3113
			0.671	0.4366	0.5993
			0.3357	-0.8864	-0.3187
			0.1973	0.6481	0.7356
			0.828	0.3036	-0.4714
			-0.3376	0.2618	-0.9042
		b:
			-235.3494
			602.1578
			-208.9425
			469.124
			431.8198
			-240.6969
	==================================================================================
	Q5:
		Shape: Polyhedra
		q_c:	496.5	350.5	182.0
		ub :	500.5723	352.7722	185.6381
		lb :	492.4277	348.2278	178.3619
		A:
			0.1042	0.936	-0.3361
			-0.0701	0.9779	0.1968
			-0.1787	-0.3547	-0.9177
			-0.1858	0.6014	0.777
			-0.6872	-0.4992	0.5277
			-0.0369	0.4529	-0.8908
			0.8273	0.0634	0.5582
			-0.4549	-0.5077	0.7317
			0.3298	-0.8592	-0.3912
			-0.8273	-0.0634	-0.5582
			0.4549	0.5077	-0.7317
			-0.3298	0.8592	0.3912
		b:
			320.1596
			345.2988
			-377.4733
			261.7684
			-418.3534
			-19.5217
			538.0452
			-269.1137
			-207.1052
			-531.0452
			272.1137
			210.1052
	==================================================================================
	Q6:
		Shape: Hybrid
		q_c:	494.0	343.5	180.0
		ub :	497.7492	346.9045	183.6386
		lb :	490.2508	340.0955	176.3614
		P^-1:
			0.2161	0.0372	0.0228
			0.0372	0.1847	0.0151
			0.0228	0.0151	0.1693
		A:
			0.2635	-0.9136	-0.3096
			-0.7162	0.6031	0.3512
			0.8687	-0.2975	-0.3959
			-0.1773	0.7382	0.6508
			-0.2999	-0.8488	-0.4354
			0.5928	0.5451	0.5928
		b:
			-237.9826
			-81.9302
			257.1096
			284.5669
			-516.9035
			587.8558


===========================================================================================
===========================================================================================
S5:
	q_c:	521.5	166.5	119.0
	ub :	539.2895	184.1228	129.1863
	lb :	506.5183	148.2576	101.096

	==================================================================================
	Q1:
		Shape: Polyhedra
		q_c:	518.0	173.0	109.0
		ub :	522.0408	175.8915	114.5227
		lb :	513.9592	170.1085	103.4773
		A:
			0.5104	0.8014	0.3119
			-0.6722	-0.7397	0.0335
			0.4749	-0.432	0.7667
			-0.9003	0.0911	0.4256
			-0.8148	0.4877	-0.3136
			-0.2819	0.2369	-0.9297
			0.9553	0.1248	0.2681
			0.1256	-0.992	0.0144
			0.2677	0.0199	-0.9633
			-0.9553	-0.1248	-0.2681
			-0.1256	0.992	-0.0144
			-0.2677	-0.0199	0.9633
		b:
			439.5823
			-469.8013
			258.5067
			-400.4578
			-369.3146
			-202.0162
			548.1484
			-102.4903
			42.1336
			-543.1484
			107.4903
			-32.1336
	==================================================================================
	Q2:
		Shape: Polyhedra
		q_c:	514.5	158.5	122.5
		ub :	520.1314	163.2989	127.9068
		lb :	508.8686	153.7011	117.0932
		A:
			0.3691	0.8865	-0.2791
			0.5753	0.7967	0.1849
			-0.0957	-0.9945	0.0423
			0.3542	0.7442	-0.5663
			0.1324	0.8246	-0.55
			0.5485	0.6581	-0.5158
			0.6792	0.6038	0.4171
			0.1795	-0.6878	0.7033
			0.7116	-0.4028	-0.5756
			-0.6792	-0.6038	-0.4171
			-0.1795	0.6878	-0.7033
			-0.7116	0.4028	0.5756
		b:
			298.248
			446.9451
			-199.1376
			233.2789
			133.4785
			326.2796
			498.2789
			71.5132
			237.2625
			-494.2789
			-67.5132
			-226.2625
	==================================================================================
	Q3:
		Shape: Ellipse
		q_c:	516.0	157.5	108.5
		ub :	525.4817	166.7424	115.904
		lb :	506.5183	148.2576	101.096
		P^-1:
			0.0303	0.0075	-0.0012
			0.0075	0.0323	-0.0023
			-0.0012	-0.0023	0.0341
	==================================================================================
	Q4:
		Shape: Hybrid
		q_c:	530.5	166.5	118.0
		ub :	535.5132	171.1051	123.2166
		lb :	525.4868	161.8949	112.7834
		P^-1:
			0.1588	0.0654	0.081
			0.0654	0.2031	-0.0581
			0.081	-0.0581	0.178
		A:
			-0.8604	-0.137	-0.4908
			0.8787	0.3334	-0.3415
			-0.5062	-0.5524	-0.6623
			-0.5794	-0.8149	0.0147
			0.3854	0.4837	-0.7858
			-0.3725	0.7845	-0.4958
		b:
			-535.9521
			483.8615
			-437.1887
			-440.3301
			194.2238
			-124.0069
	==================================================================================
	Q5:
		Shape: Ellipse
		q_c:	529.0	168.5	120.0
		ub :	538.3344	177.4427	129.1863
		lb :	519.6656	159.5573	110.8137
		P^-1:
			0.0321	-0.0041	-0.007
			-0.0041	0.0378	-0.0037
			-0.007	-0.0037	0.0337
	==================================================================================
	Q6:
		Shape: Ellipse
		q_c:	533.0	175.0	112.0
		ub :	539.2895	184.1228	120.8404
		lb :	526.7105	165.8772	103.1596
		P^-1:
			0.0718	-0.0203	0.005
			-0.0203	0.0361	-0.0041
			0.005	-0.0041	0.0252


===========================================================================================
===========================================================================================
S6:
	q_c:	360.0	399.0	298.5
	ub :	385.5476	422.0853	312.1427
	lb :	340.1486	372.4902	276.2375

	==================================================================================
	Q1:
		Shape: Polyhedra
		q_c:	371.0	406.5	304.0
		ub :	380.6604	415.0543	310.6608
		lb :	361.3396	397.9457	297.3392
		A:
			-0.1667	-0.9407	-0.2954
			0.4664	0.6689	0.5789
			0.4705	0.875	0.1141
			0.5757	0.7411	0.3455
			-0.572	-0.7716	-0.2783
			0.3441	0.8573	-0.383
			0.5591	0.686	0.4656
			0.7156	-0.6829	0.1469
			0.4187	0.2511	-0.8727
			-0.5591	-0.686	-0.4656
			-0.7156	0.6829	-0.1469
			-0.4187	-0.2511	0.8727
		b:
			-529.402
			622.2138
			567.9605
			621.1423
			-608.8629
			365.0902
			628.8351
			42.0574
			-2.3942
			-626.8351
			-23.0574
			13.3942
	==================================================================================
	Q2:
		Shape: Hybrid
		q_c:	354.0	413.0	303.0
		ub :	361.9418	422.0853	312.1427
		lb :	346.0582	403.9147	293.8573
		P^-1:
			0.0298	0.0043	0.0017
			0.0043	0.0353	0.0055
			0.0017	0.0055	0.0263
		A:
			0.3219	-0.2445	0.9147
			-0.6971	-0.644	0.315
			-0.4783	-0.8756	0.0678
			-0.6132	-0.5921	-0.5229
			0.7438	0.607	0.2798
			0.6463	0.7168	-0.2616
		b:
			293.9937
			-414.1517
			-507.5604
			-617.384
			601.4658
			448.653
	==================================================================================
	Q3:
		Shape: Ellipse
		q_c:	372.5	387.5	286.0
		ub :	382.4698	397.7201	290.463
		lb :	362.5302	377.2799	281.537
		P^-1:
			0.0221	-0.0051	0.0103
			-0.0051	0.0258	-0.0273
			0.0103	-0.0273	0.1535
	==================================================================================
	Q4:
		Shape: Hybrid
		q_c:	377.5	389.0	293.5
		ub :	385.5476	399.1007	303.5386
		lb :	369.4524	378.8993	283.4614
		P^-1:
			0.0486	0.0108	-0.0137
			0.0108	0.0314	-0.0112
			-0.0137	-0.0112	0.028
		A:
			-0.4437	0.4359	-0.783
			0.0116	-0.8675	0.4973
			-0.7781	-0.558	0.2885
			0.0144	0.9854	-0.1698
			-0.2321	-0.8184	0.5257
			-0.4117	0.8349	0.3653
		b:
			-223.4173
			-183.7325
			-423.9038
			342.7383
			-248.7415
			281.2962
	==================================================================================
	Q5:
		Shape: Ellipse
		q_c:	365.0	404.0	284.5
		ub :	373.6853	409.541	292.7625
		lb :	356.3147	398.459	276.2375
		P^-1:
			0.0214	-0.0042	0.0026
			-0.0042	0.061	-0.0058
			0.0026	-0.0058	0.0283
	==================================================================================
	Q6:
		Shape: Hybrid
		q_c:	351.5	384.0	296.5
		ub :	362.8514	395.5098	306.7052
		lb :	340.1486	372.4902	286.2948
		P^-1:
			0.0175	0.0038	0.0012
			0.0038	0.0249	0.0065
			0.0012	0.0065	0.0266
		A:
			0.0636	0.0551	0.9964
			-0.7729	0.0635	0.6313
			0.4501	0.893	0.0069
			0.2757	-0.3375	0.9001
			0.2345	0.9398	0.2484
			-0.5831	0.1995	0.7875
		b:
			342.4715
			-55.6656
			506.6994
			238.4664
			520.2159
			109.1676


===========================================================================================
===========================================================================================
S7:
	q_c:	19.0	174.5	327.5
	ub :	36.4375	186.5528	339.6232
	lb :	3.6947	157.0993	316.1843

	==================================================================================
	Q1:
		Shape: Hybrid
		q_c:	31.0	167.5	330.0
		ub :	36.4375	172.3981	332.8343
		lb :	25.5625	162.6019	327.1657
		P^-1:
			0.1153	-0.0998	0.0077
			-0.0998	0.1724	-0.0121
			0.0077	-0.0121	0.1623
		A:
			0.0415	-0.7464	-0.6643
			0.7229	-0.5756	0.3823
			0.5424	0.6107	-0.577
			-0.761	0.6379	-0.118
			-0.1564	0.6156	-0.7724
			-0.5276	0.4837	-0.6984
		b:
			-340.9275
			53.4508
			-68.0666
			45.5666
			-155.1192
			-164.5453
	==================================================================================
	Q2:
		Shape: Ellipse
		q_c:	20.0	169.5	334.0
		ub :	25.005	176.37	339.6232
		lb :	14.995	162.63	328.3768
		P^-1:
			0.5454	-0.0901	-0.4633
			-0.0901	0.0643	0.1043
			-0.4633	0.1043	0.4859
	==================================================================================
	Q3:
		Shape: Ellipse
		q_c:	27.0	164.0	321.5
		ub :	33.3714	170.9007	326.8157
		lb :	20.6286	157.0993	316.1843
		P^-1:
			0.0711	0.0371	-0.0115
			0.0371	0.0703	-0.0058
			-0.0115	-0.0058	0.0653
	==================================================================================
	Q4:
		Shape: Hybrid
		q_c:	25.0	173.0	330.5
		ub :	32.2266	180.3551	338.0283
		lb :	17.7734	165.6449	322.9717
		P^-1:
			0.0401	-0.0018	0.0017
			-0.0018	0.0617	-0.0207
			0.0017	-0.0207	0.0598
		A:
			0.8062	-0.5853	-0.0863
			-0.9797	0.1327	-0.1502
			-0.5024	-0.3717	0.7807
			0.1179	0.3123	-0.9426
			0.9346	-0.0927	0.3434
			0.7515	0.0192	-0.6595
		b:
			-106.5798
			-48.0128
			183.5573
			-252.4001
			123.9079
			-192.8466
	==================================================================================
	Q5:
		Shape: Ellipse
		q_c:	9.5	181.0	333.5
		ub :	15.3053	186.5528	338.3494
		lb :	3.6947	175.4472	328.6506
		P^-1:
			0.118	-0.0625	0.0537
			-0.0625	0.1111	-0.0659
			0.0537	-0.0659	0.1519
	==================================================================================
	Q6:
		Shape: Ellipse
		q_c:	12.0	177.5	329.0
		ub :	17.254	183.5589	334.5054
		lb :	6.746	171.4411	323.4946
		P^-1:
			0.0929	-0.0209	-0.0102
			-0.0209	0.0836	-0.0022
			-0.0102	-0.0022	0.0787


===========================================================================================
===========================================================================================
S8:
	q_c:	86.5	279.5	371.0
	ub :	93.3101	282.9069	378.1554
	lb :	82.3176	275.9073	367.8887

	==================================================================================
	Q1:
		Shape: Ellipse
		q_c:	91.0	278.0	370.0
		ub :	93.06	279.2077	372.1113
		lb :	88.94	276.7923	367.8887
		P^-1:
			0.4468	-0.0362	-0.0045
			-0.0362	0.9893	0.0671
			-0.0045	0.0671	0.4527
	==================================================================================
	Q2:
		Shape: Ellipse
		q_c:	85.0	278.5	374.5
		ub :	87.6824	280.4048	377.0014
		lb :	82.3176	276.5952	371.9986
		P^-1:
			0.2991	0.0108	0.0838
			0.0108	0.4436	-0.0062
			0.0838	-0.0062	0.3961
	==================================================================================
	Q3:
		Shape: Hybrid
		q_c:	90.0	279.5	374.0
		ub :	92.3177	282.0277	376.5121
		lb :	87.6823	276.9723	371.4879
		P^-1:
			0.2522	0.0097	0.018
			0.0097	0.2933	0.0803
			0.018	0.0803	0.399
		A:
			0.4905	-0.1867	-0.8512
			0.8235	-0.2478	0.5104
			0.7231	0.6907	-0.0053
			0.8517	0.3712	-0.3699
			0.9932	0.0674	0.0948
			-0.8884	-0.1157	-0.4442
		b:
			-325.4185
			196.902
			257.3187
			43.3083
			144.8944
			-277.301
	==================================================================================
	Q4:
		Shape: Hybrid
		q_c:	90.5	278.0	373.5
		ub :	93.3101	280.0927	376.1682
		lb :	87.6899	275.9073	370.8318
		P^-1:
			0.3219	-0.015	-0.0927
			-0.015	0.4426	-0.0113
			-0.0927	-0.0113	0.3744
		A:
			-0.3452	0.3094	-0.8861
			0.0011	-0.7984	-0.6022
			0.6718	0.6846	-0.2829
			-0.6526	0.1456	-0.7436
			-0.4744	0.8287	0.2971
			0.8609	-0.4444	0.2478
		b:
			-275.1135
			-445.8959
			146.2985
			-295.0947
			299.1829
			47.9975
	==================================================================================
	Q5:
		Shape: Ellipse
		q_c:	87.5	281.0	371.0
		ub :	88.9093	282.7815	372.8439
		lb :	86.0907	279.2185	369.1561
		P^-1:
			1.0	0.0004	-0.0013
			0.0004	0.9529	0.1548
			-0.0013	0.1548	0.4916
	==================================================================================
	Q6:
		Shape: Hybrid
		q_c:	89.5	280.0	375.5
		ub :	91.945	282.9069	378.1554
		lb :	87.055	277.0931	372.8446
		P^-1:
			0.3668	-0.0778	-0.055
			-0.0778	0.3665	-0.055
			-0.055	-0.055	0.4055
		A:
			0.9493	0.2096	-0.2342
			-0.5642	0.7995	-0.2062
			0.2082	0.2688	-0.9404
			0.9353	-0.2056	-0.288
			0.8055	0.3481	0.4797
			-0.6263	-0.4365	-0.6459
		b:
			56.675
			96.6999
			-258.4817
			-81.174
			350.8646
			-419.597


===========================================================================================
===========================================================================================
S9:
	q_c:	415.5	133.0	500.0
	ub :	426.3478	160.0697	517.2175
	lb :	385.6702	112.5967	480.1051

	==================================================================================
	Q1:
		Shape: Polyhedra
		q_c:	399.0	127.0	494.5
		ub :	409.1456	136.0007	502.5238
		lb :	388.8544	117.9993	486.4762
		A:
			-0.7328	-0.6789	0.0453
			0.0392	0.978	-0.2049
			0.6686	0.7221	-0.1776
			0.776	0.6269	-0.0694
			-0.3058	-0.5572	-0.772
			-0.5153	-0.7083	-0.4825
			0.6032	0.726	0.3301
			-0.4809	0.0009	0.8768
			0.6363	-0.6876	0.3497
			-0.6032	-0.726	-0.3301
			0.4809	-0.0009	-0.8768
			-0.6363	0.6876	-0.3497
		b:
			-354.0926
			46.8702
			273.4408
			357.1709
			-571.8977
			-532.5197
			497.6293
			245.8164
			350.9714
			-494.6293
			-237.8164
			-327.9714
	==================================================================================
	Q2:
		Shape: Hybrid
		q_c:	400.0	135.0	506.0
		ub :	411.2608	142.0378	517.2175
		lb :	388.7392	127.9622	494.7825
		P^-1:
			0.0193	0.0024	0.0026
			0.0024	0.0323	0.0017
			0.0026	0.0017	0.0175
		A:
			0.81	0.5339	0.2425
			0.8745	0.4838	0.035
			0.1523	0.9694	0.1923
			0.1202	-0.3505	0.9288
			0.8907	0.4001	-0.2158
			-0.5979	0.7903	0.1336
		b:
			522.4169
			436.7735
			291.9024
			475.4543
			305.4516
			-61.0002
	==================================================================================
	Q3:
		Shape: Ellipse
		q_c:	419.0	152.0	492.0
		ub :	426.3478	160.0697	499.9308
		lb :	411.6522	143.9303	484.0692
		P^-1:
			0.0582	0.0168	-0.0035
			0.0168	0.0442	0.0244
			-0.0035	0.0244	0.0621
	==================================================================================
	Q4:
		Shape: Polyhedra
		q_c:	415.0	120.5	485.0
		ub :	421.2645	128.023	489.8949
		lb :	408.7355	112.977	480.1051
		A:
			-0.3412	0.218	0.9143
			0.9187	0.3371	-0.2059
			-0.7236	0.647	-0.2402
			0.3842	0.4042	-0.8301
			0.8967	-0.1985	0.3957
			-0.5437	0.7762	-0.3194
			0.5438	0.8183	0.1861
			0.8042	-0.4449	-0.3941
			-0.2397	0.364	-0.9
			-0.5438	-0.8183	-0.1861
			-0.8042	0.4449	0.3941
			0.2397	-0.364	0.9
		b:
			331.0257
			327.0902
			-336.0652
			-190.781
			543.7338
			-283.756
			421.0553
			91.5315
			-489.1255
			-408.0553
			-86.5315
			495.1255
	==================================================================================
	Q5:
		Shape: Ellipse
		q_c:	393.5	120.0	499.0
		ub :	401.3298	127.4033	507.7568
		lb :	385.6702	112.5967	490.2432
		P^-1:
			0.0357	0.0044	0.0042
			0.0044	0.0542	-0.0135
			0.0042	-0.0135	0.0404
	==================================================================================
	Q6:
		Shape: Ellipse
		q_c:	413.5	131.0	503.5
		ub :	424.5479	142.0721	513.7567
		lb :	402.4521	119.9279	493.2433
		P^-1:
			0.0265	-0.0124	0.0028
			-0.0124	0.0284	0.0006
			0.0028	0.0006	0.0194


===========================================================================================
===========================================================================================
S10:
	q_c:	210.0	200.5	307.5
	ub :	234.2934	229.0184	329.4858
	lb :	187.6905	173.4371	283.7729

	==================================================================================
	Q1:
		Shape: Polyhedra
		q_c:	211.5	218.5	319.5
		ub :	222.8361	229.0184	328.4581
		lb :	200.1639	207.9816	310.5419
		A:
			-0.5285	0.5049	0.6824
			0.6647	0.7217	0.1932
			0.5365	0.1775	-0.825
			-0.1472	-0.8668	-0.4764
			-0.2255	-0.6471	-0.7283
			0.2645	-0.7655	0.5865
			0.0878	0.6079	0.7891
			-0.7597	0.5533	-0.3416
			-0.6443	-0.5695	0.5104
			-0.0878	-0.6079	-0.7891
			0.7597	-0.5533	0.3416
			0.6443	0.5695	-0.5104
		b:
			221.7516
			366.9747
			-103.4057
			-368.6182
			-418.9649
			83.7491
			406.0346
			-141.9453
			-88.6209
			-401.0346
			155.9453
			106.6209
	==================================================================================
	Q2:
		Shape: Hybrid
		q_c:	215.5	182.0	312.5
		ub :	223.4857	190.5629	320.3994
		lb :	207.5143	173.4371	304.6006
		P^-1:
			0.0178	0.0004	0.0002
			0.0004	0.024	-0.0012
			0.0002	-0.0012	0.0274
		A:
			-0.403	-0.3024	0.8638
			0.601	-0.499	-0.6244
			0.1722	-0.518	-0.8379
			0.4029	-0.8481	0.3443
			0.9104	0.3971	-0.116
			0.3002	0.8887	0.3465
		b:
			131.3104
			-152.5634
			-315.6411
			43.6007
			236.4829
			338.2764
	==================================================================================
	Q3:
		Shape: Polyhedra
		q_c:	198.5	200.5	318.0
		ub :	209.3095	210.2376	329.4858
		lb :	187.6905	190.7624	306.5142
		A:
			0.7826	0.0141	0.6224
			-0.1994	-0.1212	-0.9724
			0.4924	0.5823	0.6468
			0.5363	-0.1247	0.8348
			-0.7866	0.4352	-0.438
			0.0976	-0.5148	-0.8517
			0.4627	0.6676	0.5833
			-0.2791	0.7342	-0.6188
			-0.8414	0.1235	0.5261
			-0.4627	-0.6676	-0.5833
			0.2791	-0.7342	0.6188
			0.8414	-0.1235	-0.5261
		b:
			362.3834
			-366.7995
			425.7191
			353.3176
			-201.2014
			-348.3855
			416.6901
			-97.9879
			32.5348
			-405.6901
			111.9879
			-17.5348
	==================================================================================
	Q4:
		Shape: Ellipse
		q_c:	221.5	208.0	296.0
		ub :	234.2934	218.0139	308.2271
		lb :	208.7066	197.9861	283.7729
		P^-1:
			0.0152	-0.0046	0.0077
			-0.0046	0.0352	-0.0154
			0.0077	-0.0154	0.0278
	==================================================================================
	Q5:
		Shape: Polyhedra
		q_c:	205.5	214.0	314.0
		ub :	210.654	219.3498	320.1751
		lb :	200.346	208.6502	307.8249
		A:
			-0.858	0.4245	-0.2892
			0.2771	0.9433	-0.183
			-0.5679	-0.3674	0.7365
			0.2641	0.9124	0.3127
			0.087	-0.7474	0.6586
			-0.4209	0.9031	-0.0853
			0.5857	0.2953	0.7548
			-0.1507	-0.8753	0.4594
			0.7964	-0.3828	-0.4682
			-0.5857	-0.2953	-0.7548
			0.1507	0.8753	-0.4594
			-0.7964	0.3828	0.4682
		b:
			-172.8003
			204.9519
			39.0779
			351.6182
			68.36
			83.1326
			425.0735
			-70.5241
			-62.7735
			-416.0735
			77.5241
			67.7735
	==================================================================================
	Q6:
		Shape: Polyhedra
		q_c:	217.0	188.0	304.5
		ub :	228.5971	198.7344	315.6707
		lb :	205.4029	177.2656	293.3293
		A:
			0.1439	-0.8741	0.4639
			-0.3128	-0.6474	-0.695
			0.1086	-0.1718	-0.9791
			-0.964	0.2303	0.1327
			-0.8567	0.1768	-0.4846
			0.997	-0.0414	-0.0656
			0.7926	0.1688	0.5858
			-0.5419	-0.2452	0.8039
			0.2794	-0.9547	-0.1028
			-0.7926	-0.1688	-0.5858
			0.5419	0.2452	-0.8039
			-0.2794	0.9547	0.1028
		b:
			16.1836
			-394.2858
			-299.0193
			-118.0676
			-293.9294
			195.7391
			388.1359
			89.5868
			-142.1678
			-376.1359
			-72.5868
			158.1678


===========================================================================================
===========================================================================================
S11:
	q_c:	77.0	351.5	155.5
	ub :	88.7993	364.6483	166.1214
	lb :	63.289	338.5768	143.303

	==================================================================================
	Q1:
		Shape: Hybrid
		q_c:	75.0	351.0	162.0
		ub :	79.0909	354.105	166.1214
		lb :	70.9091	347.895	157.8786
		P^-1:
			0.1975	-0.1194	0.006
			-0.1194	0.3704	-0.0666
			0.006	-0.0666	0.1476
		A:
			0.1821	0.9042	-0.3864
			-0.2898	0.8981	-0.3309
			0.9791	-0.1551	0.1315
			0.638	-0.7522	-0.1645
			-0.775	0.4907	-0.3983
			-0.9362	0.3461	0.0607
		b:
			269.6298
			240.666
			41.953
			-241.8421
			50.8316
			62.4966
	==================================================================================
	Q2:
		Shape: Ellipse
		q_c:	80.0	346.5	149.5
		ub :	86.8187	352.7035	155.697
		lb :	73.1813	340.2965	143.303
		P^-1:
			0.038	-0.0221	0.0159
			-0.0221	0.09	-0.0174
			0.0159	-0.0174	0.0734
	==================================================================================
	Q3:
		Shape: Ellipse
		q_c:	82.5	357.5	152.0
		ub :	88.7993	364.6483	157.4991
		lb :	76.2007	350.3517	146.5009
		P^-1:
			0.074	0.0134	0.01
			0.0134	0.0316	0.0026
			0.01	0.0026	0.0531
	==================================================================================
	Q4:
		Shape: Hybrid
		q_c:	74.0	343.5	155.0
		ub :	79.5571	348.4232	160.3202
		lb :	68.4429	338.5768	149.6798
		P^-1:
			0.0821	-0.0343	0.0174
			-0.0343	0.1668	-0.085
			0.0174	-0.085	0.1452
		A:
			0.957	0.2217	0.187
			-0.6986	0.2653	-0.6646
			-0.1299	-0.9506	0.2819
			0.0916	-0.9871	0.1316
			-0.0398	0.4595	-0.8873
			-0.3445	-0.8002	0.4909
		b:
			178.7638
			-61.6266
			-290.7668
			-310.1723
			18.6928
			-222.5601
	==================================================================================
	Q5:
		Shape: Ellipse
		q_c:	80.5	354.0	159.5
		ub :	86.3265	361.1816	164.9921
		lb :	74.6735	346.8184	154.0079
		P^-1:
			0.0598	0.009	-0.0008
			0.009	0.0398	0.0127
			-0.0008	0.0127	0.0776
	==================================================================================
	Q6:
		Shape: Hybrid
		q_c:	68.0	352.0	149.5
		ub :	72.711	359.0105	154.7791
		lb :	63.289	344.9895	144.2209
		P^-1:
			0.0836	-0.0025	0.009
			-0.0025	0.0337	0.0204
			0.009	0.0204	0.1032
		A:
			0.893	-0.1498	0.4245
			0.4154	0.384	-0.8246
			0.8162	0.4042	0.4127
			0.9967	-0.0557	0.0587
			-0.7121	0.0313	0.7014
			-0.3727	0.6265	0.6845
		b:
			73.3785
			43.1515
			261.6706
			58.9134
			69.5222
			299.796


===========================================================================================
===========================================================================================
S12:
	q_c:	446.5	258.5	293.5
	ub :	458.9946	273.3198	305.9582
	lb :	442.2931	253.0308	289.8511

	==================================================================================
	Q1:
		Shape: Polyhedra
		q_c:	448.0	267.5	296.0
		ub :	453.7069	272.6518	301.3789
		lb :	442.2931	262.3482	290.6211
		A:
			-0.7048	0.4871	0.5158
			-0.8607	0.3607	0.3593
			-0.7529	-0.2826	-0.5944
			0.4859	0.3636	0.7948
			-0.6353	0.664	-0.3943
			-0.9686	0.2047	-0.1407
			0.437	0.8994	0.0084
			0.8119	-0.3985	0.4266
			0.387	-0.1796	-0.9044
			-0.437	-0.8994	-0.0084
			-0.8119	0.3985	-0.4266
			-0.387	0.1796	0.9044
		b:
			-28.6615
			-178.9264
			-585.4895
			553.944
			-220.6842
			-417.6747
			442.3635
			386.406
			-137.89
			-435.3635
			-380.406
			146.89
	==================================================================================
	Q2:
		Shape: Ellipse
		q_c:	452.5	261.0	298.0
		ub :	458.9946	267.1248	304.9449
		lb :	446.0054	254.8752	291.0551
		P^-1:
			0.0587	0.0074	0.0024
			0.0074	0.0711	-0.0128
			0.0024	-0.0128	0.0637
	==================================================================================
	Q3:
		Shape: Ellipse
		q_c:	449.0	256.5	301.5
		ub :	452.8672	259.9692	305.9582
		lb :	445.1328	253.0308	297.0418
		P^-1:
			0.2985	0.0607	0.1738
			0.0607	0.2297	-0.0316
			0.1738	-0.0316	0.2287
	==================================================================================
	Q4:
		Shape: Ellipse
		q_c:	447.0	267.5	300.0
		ub :	449.8991	273.3198	305.6992
		lb :	444.1009	261.6802	294.3008
		P^-1:
			0.394	0.0476	-0.1203
			0.0476	0.0583	-0.0221
			-0.1203	-0.0221	0.1041
	==================================================================================
	Q5:
		Shape: Ellipse
		q_c:	452.0	257.5	299.0
		ub :	455.4125	261.346	301.1979
		lb :	448.5875	253.654	296.8021
		P^-1:
			1.0035	-0.0489	-1.5989
			-0.0489	0.1275	0.135
			-1.5989	0.135	3.1402
	==================================================================================
	Q6:
		Shape: Ellipse
		q_c:	455.0	263.5	295.5
		ub :	457.9957	268.2246	301.1489
		lb :	452.0043	258.7754	289.8511
		P^-1:
			0.2432	-0.0028	-0.035
			-0.0028	0.0987	-0.0247
			-0.035	-0.0247	0.0685


===========================================================================================
===========================================================================================
