3D_45_15_6_c                l = 3

===========================================================================================
===========================================================================================
S1:
	q_c:    115.5000    466.5000    209.5000
	ub :    135.0000    491.0000    224.0000
	lb :    96.0000    442.0000    195.0000

	==================================================================================
	Q1:
		Shape: Polyhedra
		q_c:    119.0000    465.0000    199.5000
		ub :    126.3480    472.2708    205.9676
		lb :    111.6520    457.7292    193.0324
		A:
			    0.1329    -0.3000    0.9446
			    -0.6481    0.1347    -0.7496
			    0.3420    -0.8890    0.3046
			    0.9596    -0.1450    -0.2411
			    -0.8438    0.2563    -0.4715
			    -0.7821    0.0413    -0.6217
			    0.5236    0.8511    0.0382
			    0.4029    -0.2079    -0.8913
			    -0.7506    0.4821    -0.4518
			    -0.5236    -0.8511    -0.0382
			    -0.4029    0.2079    0.8913
			    0.7506    -0.4821    0.4518
		b:
			    69.2962
			    -160.3860
			    -307.9346
			    3.1832
			    -72.0772
			    -194.2302
			    471.1842
			    -221.0485
			    47.7241
			    -460.1842
			    232.0485
			    -41.7241
	==================================================================================
	Q2:
		Shape: Ellipse
		q_c:    101.0000    456.0000    223.5000
		ub :    104.3505    467.9761    235.5494
		lb :    97.6495    444.0239    211.4506
		P^-1: 
			    0.9583    -0.1920    0.0502
			    -0.1920    0.0529    -0.0102
			    0.0502    -0.0102    0.0165
	==================================================================================
	Q3:
		Shape: Hybrid
		q_c:    106.5000    469.5000    212.5000
		ub :    113.4125    473.7754    218.6082
		lb :    99.5875    465.2246    206.3918
		P^-1: 
			    0.1008    0.0452    0.0998
			    0.0452    0.2363    -0.0302
			    0.0998    -0.0302    0.1833
		A:
			    0.6936    -0.1757    0.6986
			    -0.4992    -0.7704    -0.3966
			    0.6418    -0.1632    0.7493
			    0.5609    0.5067    0.6547
			    -0.3075    0.3868    -0.8694
			    -0.6800    0.4668    -0.5654
		b:
			    141.3311
			    -498.1407
			    152.1950
			    437.7559
			    -34.7087
			    28.6878
	==================================================================================
	Q4:
		Shape: Ellipse
		q_c:    119.5000    477.0000    199.0000
		ub :    128.7169    481.2781    207.5949
		lb :    110.2831    472.7219    190.4051
		P^-1: 
			    0.0186    -0.0064    0.0005
			    -0.0064    0.0809    0.0013
			    0.0005    0.0013    0.0203
	==================================================================================
	Q5:
		Shape: Hybrid
		q_c:    111.0000    468.5000    205.0000
		ub :    115.4612    473.3857    210.3969
		lb :    106.5388    463.6143    199.6031
		P^-1: 
			    0.2121    -0.0285    0.0903
			    -0.0285    0.2925    0.1774
			    0.0903    0.1774    0.2230
		A:
			    -0.6474    0.3918    -0.6537
			    0.8020    0.0376    0.5962
			    -0.1752    0.9514    0.2531
			    0.7860    -0.5528    0.2766
			    0.6642    -0.6947    0.2761
			    0.4418    0.7327    0.5177
		b:
			    -20.2383
			    229.9628
			    479.5398
			    -113.6635
			    -193.4682
			    499.6044
	==================================================================================
	Q6:
		Shape: Polyhedra
		q_c:    110.5000    473.0000    222.0000
		ub :    114.6558    478.8962    228.4664
		lb :    106.3442    467.1038    215.5336
		A:
			    0.9677    0.0605    0.2447
			    -0.1421    0.7644    -0.6289
			    0.1978    0.3951    -0.8971
			    0.7191    0.2369    0.6533
			    0.5420    -0.8404    0.0026
			    0.6122    0.7360    -0.2890
			    0.0751    0.6097    0.7891
			    -0.9915    0.1301    -0.0062
			    -0.1064    -0.7819    0.6143
			    -0.0751    -0.6097    -0.7891
			    0.9915    -0.1301    0.0062
			    0.1064    0.7819    -0.6143
		b:
			    193.8435
			    207.9759
			    13.0470
			    342.1104
			    -332.9303
			    354.4851
			    478.8638
			    -45.8672
			    -243.7155
			    -464.8638
			    52.8672
			    246.7155


===========================================================================================
===========================================================================================
S2:
	q_c:    521.0000    430.5000    485.5000
	ub :    541.0000    460.0000    491.0000
	lb :    501.0000    401.0000    480.0000

	==================================================================================
	Q1:
		Shape: Polyhedra
		q_c:    525.5000    430.0000    488.0000
		ub :    529.7465    433.4323    491.4530
		lb :    521.2535    426.5677    484.5470
		A:
			    -0.1132    0.7849    0.6092
			    -0.8260    -0.2301    0.5146
			    0.2344    0.4555    -0.8588
			    0.4997    -0.8580    0.1193
			    0.9927    0.0877    0.0833
			    -0.1655    -0.4110    -0.8965
			    0.2522    0.9575    0.1403
			    0.5451    -0.0208    -0.8381
			    -0.7995    0.2878    -0.5272
			    -0.2522    -0.9575    -0.1403
			    -0.5451    0.0208    0.8381
			    0.7995    -0.2878    0.5272
		b:
			    577.5071
			    -279.8738
			    -97.9389
			    -45.1010
			    603.0486
			    -698.7800
			    615.1872
			    -129.9731
			    -550.1456
			    -610.1872
			    132.9731
			    557.1456
	==================================================================================
	Q2:
		Shape: Polyhedra
		q_c:    521.5000    429.0000    482.5000
		ub :    524.7997    431.6212    485.1374
		lb :    518.2003    426.3788    479.8626
		A:
			    -0.7037    -0.3914    -0.5930
			    -0.0125    -0.7677    -0.6407
			    -0.9059    -0.0850    -0.4148
			    0.0360    -0.6823    -0.7302
			    0.1967    0.0615    0.9785
			    -0.7052    -0.5970    -0.3825
			    0.4911    0.1482    0.8584
			    -0.8396    -0.1819    0.5118
			    0.2320    -0.9721    0.0351
			    -0.4911    -0.1482    -0.8584
			    0.8396    0.1819    -0.5118
			    -0.2320    0.9721    -0.0351
		b:
			    -819.3105
			    -643.1771
			    -707.1797
			    -624.4398
			    602.7363
			    -806.5324
			    735.3880
			    -266.4250
			    -277.1009
			    -732.3880
			    271.4250
			    281.1009
	==================================================================================
	Q3:
		Shape: Polyhedra
		q_c:    521.0000    435.5000    484.0000
		ub :    524.2811    439.1924    487.4584
		lb :    517.7189    431.8076    480.5416
		A:
			    -0.8423    0.5294    -0.1017
			    0.5823    0.6605    -0.4740
			    -0.4805    -0.6014    0.6383
			    -0.4512    -0.2095    0.8675
			    -0.6331    -0.2999    0.7136
			    -0.9574    -0.2766    0.0829
			    0.7696    0.6174    0.1630
			    0.6008    -0.6139    -0.5121
			    -0.2161    0.4920    -0.8434
			    -0.7696    -0.6174    -0.1630
			    -0.6008    0.6139    0.5121
			    0.2161    -0.4920    0.8434
		b:
			    -255.3699
			    363.8285
			    -201.0199
			    95.8487
			    -112.8834
			    -577.1407
			    750.7004
			    -200.1441
			    -304.0009
			    -746.7004
			    204.1441
			    309.0009
	==================================================================================
	Q4:
		Shape: Ellipse
		q_c:    523.5000    432.5000    481.5000
		ub :    526.1527    435.0997    484.2791
		lb :    520.8473    429.9003    478.7209
		P^-1: 
			    0.4914    -0.0988    -0.3983
			    -0.0988    0.2710    0.0920
			    -0.3983    0.0920    0.6476
	==================================================================================
	Q5:
		Shape: Ellipse
		q_c:    525.0000    428.5000    490.5000
		ub :    527.8877    430.0703    493.4288
		lb :    522.1123    426.9297    487.5712
		P^-1: 
			    0.2729    -0.1258    0.0283
			    -0.1258    0.9421    -0.1557
			    0.0283    -0.1557    0.2850
	==================================================================================
	Q6:
		Shape: Ellipse
		q_c:    524.5000    433.0000    486.0000
		ub :    526.6513    434.6883    488.2126
		lb :    522.3487    431.3117    483.7874
		P^-1: 
			    0.4444    -0.0000    -0.0000
			    -0.0000    0.4444    0.0000
			    -0.0000    0.0000    0.4444


===========================================================================================
===========================================================================================
S3:
	q_c:    93.5000    453.5000    28.5000
	ub :    124.0000    465.0000    43.0000
	lb :    63.0000    442.0000    14.0000

	==================================================================================
	Q1:
		Shape: Polyhedra
		q_c:    104.0000    450.0000    20.0000
		ub :    112.7019    457.1456    29.6561
		lb :    95.2981    442.8544    10.3439
		A:
			    -0.9379    0.0645    0.3410
			    -0.8587    0.3618    0.3629
			    -0.2241    0.8818    0.4150
			    -0.9243    -0.2934    -0.2442
			    -0.4171    0.8840    0.2110
			    0.7938    0.5872    -0.1584
			    0.1973    0.9257    0.3227
			    0.8057    0.0344    -0.5913
			    -0.5584    0.3767    -0.7391
			    -0.1973    -0.9257    -0.3227
			    -0.8057    -0.0344    0.5913
			    0.5584    -0.3767    0.7391
		b:
			    -56.8726
			    85.7091
			    386.3940
			    -227.3283
			    363.7836
			    348.1794
			    448.0387
			    91.9531
			    104.1509
			    -439.0387
			    -82.9531
			    -89.1509
	==================================================================================
	Q2:
		Shape: Ellipse
		q_c:    99.5000    461.5000    37.0000
		ub :    109.6713    471.0061    45.1722
		lb :    89.3287    451.9939    28.8278
		P^-1: 
			    0.0508    0.0089    0.0434
			    0.0089    0.0310    0.0201
			    0.0434    0.0201    0.0709
	==================================================================================
	Q3:
		Shape: Polyhedra
		q_c:    87.5000    452.5000    39.5000
		ub :    95.6117    459.0829    43.0743
		lb :    79.3883    445.9171    35.9257
		A:
			    -0.4169    -0.6600    0.6250
			    -0.2438    0.1176    -0.9627
			    0.1803    0.7689    -0.6134
			    0.1325    -0.3783    0.9161
			    -0.0981    0.4578    -0.8836
			    -0.1629    -0.4771    0.8636
			    0.4573    0.8706    0.1812
			    0.8741    -0.4025    -0.2720
			    -0.1639    0.2828    -0.9451
			    -0.4573    -0.8706    -0.1812
			    -0.8741    0.4025    0.2720
			    0.1639    -0.2828    0.9451
		b:
			    -307.1493
			    -4.9183
			    342.1584
			    -122.3246
			    164.9333
			    -193.9617
			    445.1356
			    -109.4037
			    77.3043
			    -437.1356
			    123.4037
			    -75.3043
	==================================================================================
	Q4:
		Shape: Hybrid
		q_c:    94.0000    461.5000    30.0000
		ub :    102.1610    469.4300    38.5423
		lb :    85.8390    453.5700    21.4577
		P^-1: 
			    0.0541    0.0233    -0.0023
			    0.0233    0.0608    0.0095
			    -0.0023    0.0095    0.0304
		A:
			    0.7187    0.5827    0.3793
			    0.9872    0.1542    -0.0414
			    0.5760    0.4903    -0.6541
			    -0.9085    -0.4177    -0.0117
			    -0.8585    -0.3917    0.3310
			    0.6678    -0.0243    0.7440
		b:
			    350.0546
			    165.3691
			    263.9173
			    -276.3638
			    -249.2070
			    78.0287
	==================================================================================
	Q5:
		Shape: Ellipse
		q_c:    101.0000    449.5000    26.0000
		ub :    107.9553    456.5477    29.5355
		lb :    94.0447    442.4523    22.4645
		P^-1: 
			    0.0478    0.0018    0.0168
			    0.0018    0.0473    -0.0194
			    0.0168    -0.0194    0.1542
	==================================================================================
	Q6:
		Shape: Ellipse
		q_c:    82.0000    456.0000    27.5000
		ub :    92.0064    464.8596    36.7374
		lb :    71.9936    447.1404    18.2626
		P^-1: 
			    0.0214    0.0024    0.0067
			    0.0024    0.0339    -0.0043
			    0.0067    -0.0043    0.0356


===========================================================================================
===========================================================================================
S4:
	q_c:    171.5000    316.0000    476.0000
	ub :    193.0000    335.0000    480.0000
	lb :    150.0000    297.0000    472.0000

	==================================================================================
	Q1:
		Shape: Hybrid
		q_c:    175.5000    316.0000    476.0000
		ub :    177.8400    318.5221    478.4857
		lb :    173.1600    313.4779    473.5143
		P^-1: 
			    0.5765    0.0624    -0.3666
			    0.0624    0.2619    -0.0701
			    -0.3666    -0.0701    0.6616
		A:
			    0.6047    0.7964    0.0081
			    0.6374    0.2181    -0.7391
			    0.3831    -0.7511    -0.5377
			    0.0530    -0.9198    0.3887
			    0.5256    -0.0273    -0.8503
			    -0.5457    -0.4792    0.6875
		b:
			    362.9765
			    -170.5097
			    -424.7828
			    -94.9229
			    -320.5568
			    80.7386
	==================================================================================
	Q2:
		Shape: Polyhedra
		q_c:    176.0000    314.5000    478.5000
		ub :    179.4514    317.6281    481.4730
		lb :    172.5486    311.3719    475.5270
		A:
			    -0.3981    -0.1519    0.9047
			    -0.9526    -0.2652    0.1491
			    0.3177    0.7215    -0.6153
			    0.8213    0.2753    -0.4996
			    -0.9971    -0.0485    0.0589
			    -0.6663    0.5730    -0.4771
			    0.8504    0.1333    0.5089
			    -0.4609    -0.2775    0.8429
			    0.2536    -0.9514    -0.1745
			    -0.8504    -0.1333    -0.5089
			    0.4609    0.2775    -0.8429
			    -0.2536    0.9514    0.1745
		b:
			    316.5741
			    -177.5849
			    -9.7748
			    -6.1265
			    -160.2806
			    -162.9253
			    437.6098
			    236.4603
			    -335.6148
			    -432.6098
			    -233.4603
			    340.6148
	==================================================================================
	Q3:
		Shape: Polyhedra
		q_c:    168.5000    319.0000    479.0000
		ub :    170.2558    321.3602    480.9106
		lb :    166.7442    316.6398    477.0894
		A:
			    0.3520    0.6698    0.6538
			    -0.0123    -0.3872    0.9219
			    -0.2442    -0.7896    -0.5629
			    -0.8200    0.3083    -0.4823
			    -0.7718    0.5716    -0.2786
			    -0.8442    -0.0884    -0.5286
			    0.8345    0.3337    0.4385
			    0.2049    -0.9266    0.3152
			    0.5115    -0.1732    -0.8417
			    -0.8345    -0.3337    -0.4385
			    -0.2049    0.9266    -0.3152
			    -0.5115    0.1732    0.8417
		b:
			    587.3112
			    317.4860
			    -561.3427
			    -269.3700
			    -79.4812
			    -422.5793
			    458.0867
			    -108.0771
			    -371.2217
			    -456.0867
			    112.0771
			    373.2217
	==================================================================================
	Q4:
		Shape: Ellipse
		q_c:    175.5000    315.0000    479.0000
		ub :    177.8223    317.1174    480.8543
		lb :    173.1777    312.8826    477.1457
		P^-1: 
			    0.4841    -0.2816    -0.2037
			    -0.2816    0.8463    -0.1112
			    -0.2037    -0.1112    0.9196
	==================================================================================
	Q5:
		Shape: Ellipse
		q_c:    172.5000    313.5000    474.0000
		ub :    176.0758    316.7557    477.6172
		lb :    168.9242    310.2443    470.3828
		P^-1: 
			    0.2940    -0.1168    -0.0503
			    -0.1168    0.3537    -0.0421
			    -0.0503    -0.0421    0.1578
	==================================================================================
	Q6:
		Shape: Ellipse
		q_c:    174.0000    320.0000    478.0000
		ub :    176.3419    322.2154    479.6140
		lb :    171.6581    317.7846    476.3860
		P^-1: 
			    0.2644    0.0502    0.0108
			    0.0502    0.4987    -0.1854
			    0.0108    -0.1854    0.9314


===========================================================================================
===========================================================================================
S5:
	q_c:    137.5000    260.5000    20.5000
	ub :    153.0000    275.0000    32.0000
	lb :    122.0000    246.0000    9.0000

	==================================================================================
	Q1:
		Shape: Ellipse
		q_c:    148.5000    268.5000    19.0000
		ub :    155.4821    276.2211    24.3996
		lb :    141.5179    260.7789    13.6004
		P^-1: 
			    0.0640    -0.0124    0.0201
			    -0.0124    0.0310    0.0093
			    0.0201    0.0093    0.1023
	==================================================================================
	Q2:
		Shape: Hybrid
		q_c:    136.5000    250.5000    29.5000
		ub :    143.3619    256.4461    35.2608
		lb :    129.6381    244.5539    23.7392
		P^-1: 
			    0.1110    -0.0042    -0.1046
			    -0.0042    0.0585    -0.0135
			    -0.1046    -0.0135    0.1708
		A:
			    0.5006    -0.4973    -0.7086
			    0.7884    -0.4444    -0.4253
			    0.6108    -0.5679    -0.5517
			    0.0330    -0.0336    0.9989
			    0.3049    0.4843    -0.8200
			    0.2171    -0.4953    0.8412
		b:
			    -75.2464
			    -14.2514
			    -73.2023
			    28.5023
			    140.4558
			    -66.5509
	==================================================================================
	Q3:
		Shape: Polyhedra
		q_c:    127.0000    264.0000    14.5000
		ub :    131.2402    270.6849    23.5513
		lb :    122.7598    257.3151    5.4487
		A:
			    -0.8693    -0.4618    -0.1764
			    0.8276    0.5594    0.0469
			    -0.8292    -0.5583    -0.0253
			    -0.9658    -0.2590    -0.0140
			    0.9442    0.3238    0.0607
			    0.9595    -0.2433    -0.1418
			    0.4475    0.7925    0.4144
			    -0.8813    0.3121    0.3547
			    0.1517    -0.5240    0.8381
			    -0.4475    -0.7925    -0.4144
			    0.8813    -0.3121    -0.3547
			    -0.1517    0.5240    -0.8381
		b:
			    -232.9768
			    255.6277
			    -250.8173
			    -189.0794
			    208.3519
			    58.3964
			    273.5496
			    -21.8858
			    -97.9093
			    -270.5496
			    26.8858
			    115.9093
	==================================================================================
	Q4:
		Shape: Ellipse
		q_c:    140.0000    252.0000    17.5000
		ub :    144.8054    258.1730    23.0350
		lb :    135.1946    245.8270    11.9650
		P^-1: 
			    0.2745    -0.1936    -0.0595
			    -0.1936    0.1919    0.0380
			    -0.0595    0.0380    0.0736
	==================================================================================
	Q5:
		Shape: Hybrid
		q_c:    142.0000    260.5000    21.0000
		ub :    150.8194    269.9546    28.7590
		lb :    133.1806    251.0454    13.2410
		P^-1: 
			    0.0436    0.0059    0.0184
			    0.0059    0.0440    -0.0252
			    0.0184    -0.0252    0.0590
		A:
			    0.7626    0.4743    0.4398
			    0.7602    0.2859    -0.5835
			    -0.8142    0.1450    -0.5621
			    0.2142    -0.1325    0.9678
			    -0.9509    -0.2912    -0.1046
			    -0.3782    0.2349    -0.8954
		b:
			    243.8477
			    174.1122
			    -87.3067
			    18.8869
			    -210.1041
			    -9.2825
	==================================================================================
	Q6:
		Shape: Hybrid
		q_c:    147.5000    266.0000    29.5000
		ub :    153.0912    272.9739    31.3880
		lb :    141.9088    259.0261    27.6120
		P^-1: 
			    0.7615    -0.4250    -0.6385
			    -0.4250    0.3939    -0.3061
			    -0.6385    -0.3061    3.8602
		A:
			    -0.7176    0.6955    -0.0360
			    -0.1933    -0.0585    0.9794
			    -0.3890    0.4700    -0.7924
			    -0.2457    0.3490    -0.9043
			    -0.3396    -0.1011    0.9351
			    -0.2606    0.4613    -0.8481
		b:
			    79.2427
			    -14.9218
			    44.7911
			    30.3321
			    -48.4885
			    59.9215


===========================================================================================
===========================================================================================
S6:
	q_c:    90.5000    373.0000    480.0000
	ub :    109.0000    382.0000    504.0000
	lb :    72.0000    364.0000    456.0000

	==================================================================================
	Q1:
		Shape: Ellipse
		q_c:    82.5000    379.5000    486.0000
		ub :    85.0381    382.1853    487.9935
		lb :    79.9619    376.8147    484.0065
		P^-1: 
			    0.4709    0.0100    -0.2228
			    0.0100    0.4304    -0.2495
			    -0.2228    -0.2495    0.7931
	==================================================================================
	Q2:
		Shape: Hybrid
		q_c:    92.0000    363.0000    478.5000
		ub :    96.2335    368.8036    484.6963
		lb :    87.7665    357.1964    472.3037
		P^-1: 
			    0.3320    -0.1354    0.1197
			    -0.1354    0.1302    -0.0354
			    0.1197    -0.0354    0.1039
		A:
			    -0.8599    0.1463    -0.4891
			    -0.7342    0.5078    0.4507
			    -0.8088    0.5529    0.2005
			    0.8273    -0.5445    -0.1381
			    0.1831    0.8315    -0.5245
			    0.8158    -0.5481    -0.1844
		b:
			    -259.0037
			    334.8391
			    223.9743
			    -186.0807
			    71.5015
			    -210.4613
	==================================================================================
	Q3:
		Shape: Ellipse
		q_c:    93.5000    367.0000    477.5000
		ub :    98.3760    372.0591    482.0916
		lb :    88.6240    361.9409    472.9084
		P^-1: 
			    0.1098    0.0018    -0.0058
			    0.0018    0.1085    0.0081
			    -0.0058    0.0081    0.0855
	==================================================================================
	Q4:
		Shape: Polyhedra
		q_c:    92.0000    365.0000    482.0000
		ub :    97.3554    371.0319    484.3315
		lb :    86.6446    358.9681    479.6685
		A:
			    0.1052    -0.3667    0.9244
			    0.4375    -0.1127    -0.8921
			    0.5054    0.3891    -0.7702
			    0.3939    0.3040    -0.8674
			    -0.4714    -0.5016    0.7253
			    -0.8239    -0.3752    0.4246
			    0.8816    0.3699    0.2934
			    -0.2414    -0.1810    0.9534
			    0.4057    -0.9113    -0.0703
			    -0.8816    -0.3699    -0.2934
			    0.2414    0.1810    -0.9534
			    -0.4057    0.9113    0.0703
		b:
			    323.3579
			    -428.9146
			    -181.0505
			    -269.6696
			    125.0961
			    -5.3942
			    361.0016
			    372.2921
			    -324.1622
			    -354.0016
			    -370.2921
			    334.1622
	==================================================================================
	Q5:
		Shape: Polyhedra
		q_c:    98.0000    375.0000    472.5000
		ub :    104.0128    381.1711    479.4574
		lb :    91.9872    368.8289    465.5426
		A:
			    0.6970    0.5330    0.4796
			    0.7037    0.5682    0.4265
			    -0.6648    -0.5752    -0.4767
			    0.6863    0.5839    0.4335
			    0.7373    0.6398    0.2167
			    0.7095    0.4892    0.5072
			    0.6431    0.5785    0.5018
			    0.6798    -0.1294    -0.7219
			    -0.3527    0.8054    -0.4764
			    -0.6431    -0.5785    -0.5018
			    -0.6798    0.1294    0.7219
			    0.3527    -0.8054    0.4764
		b:
			    495.4582
			    484.2871
			    -505.5484
			    491.7378
			    416.2819
			    493.4872
			    517.5676
			    -318.0082
			    48.8329
			    -516.5676
			    328.0082
			    -35.8329
	==================================================================================
	Q6:
		Shape: Polyhedra
		q_c:    80.5000    374.5000    485.0000
		ub :    88.8742    382.0888    492.6856
		lb :    72.1258    366.9112    477.3144
		A:
			    0.1092    0.9787    0.1737
			    -0.5217    0.6614    0.5389
			    0.2966    -0.3147    0.9017
			    0.8782    -0.1227    0.4624
			    -0.4418    -0.7473    -0.4963
			    -0.1194    0.4641    0.8777
			    0.5391    0.5929    0.5982
			    0.5530    -0.7849    0.2796
			    0.6353    0.1801    -0.7510
			    -0.5391    -0.5929    -0.5982
			    -0.5530    0.7849    -0.2796
			    -0.6353    -0.1801    0.7510
		b:
			    464.2785
			    472.1198
			    348.3291
			    253.8254
			    -552.0700
			    594.3818
			    559.5653
			    -108.2970
			    -240.6683
			    -551.5653
			    119.2970
			    250.6683


===========================================================================================
===========================================================================================
S7:
	q_c:    490.5000    351.0000    408.5000
	ub :    507.0000    371.0000    433.0000
	lb :    474.0000    331.0000    384.0000

	==================================================================================
	Q1:
		Shape: Hybrid
		q_c:    503.0000    351.5000    399.0000
		ub :    510.6860    359.2316    406.2088
		lb :    495.3140    343.7684    391.7912
		P^-1: 
			    0.0434    0.0074    0.0035
			    0.0074    0.0383    0.0026
			    0.0035    0.0026    0.0244
		A:
			    -0.9233    0.2605    0.2821
			    0.8537    -0.2370    0.4636
			    -0.2259    0.5740    -0.7870
			    0.3506    -0.9361    0.0293
			    0.9409    -0.1945    0.2773
			    -0.1243    -0.0129    -0.9922
		b:
			    -257.1954
			    534.1721
			    -221.9682
			    -137.7865
			    518.4020
			    -458.8054
	==================================================================================
	Q2:
		Shape: Hybrid
		q_c:    488.5000    364.0000    415.0000
		ub :    494.7072    370.9392    419.8982
		lb :    482.2928    357.0608    410.1018
		P^-1: 
			    0.0478    -0.0034    0.0008
			    -0.0034    0.0421    0.0032
			    0.0008    0.0032    0.0620
		A:
			    0.4210    0.4175    0.8052
			    0.6563    -0.3963    0.6420
			    -0.5396    -0.8196    0.1927
			    0.5561    -0.7385    -0.3812
			    -0.5207    -0.7613    -0.3863
			    0.4814    0.2334    -0.8449
		b:
			    694.0623
			    445.1347
			    -478.9508
			    -152.9007
			    -689.0789
			    -28.1430
	==================================================================================
	Q3:
		Shape: Hybrid
		q_c:    487.0000    350.5000    421.5000
		ub :    492.5026    358.3905    426.7145
		lb :    481.4974    342.6095    416.2855
		P^-1: 
			    0.0914    0.0135    0.0433
			    0.0135    0.0216    0.0185
			    0.0433    0.0185    0.1273
		A:
			    -0.1140    0.0459    -0.9924
			    -0.6243    -0.6330    -0.4578
			    0.9050    -0.3587    -0.2286
			    0.7933    -0.0135    0.6087
			    0.2221    -0.1098    -0.9688
			    -0.3738    0.4586    0.8062
		b:
			    -455.8248
			    -715.6922
			    222.1740
			    639.8688
			    -336.5702
			    321.7069
	==================================================================================
	Q4:
		Shape: Ellipse
		q_c:    487.5000    349.5000    399.5000
		ub :    496.5121    360.4856    409.6989
		lb :    478.4879    338.5144    389.3011
		P^-1: 
			    0.0269    -0.0025    0.0009
			    -0.0025    0.0208    0.0008
			    0.0009    0.0008    0.0183
	==================================================================================
	Q5:
		Shape: Polyhedra
		q_c:    478.0000    346.5000    408.5000
		ub :    489.4896    357.8064    419.5768
		lb :    466.5104    335.1936    397.4232
		A:
			    -0.4769    -0.3841    0.7906
			    -0.9796    0.1329    0.1504
			    -0.1997    -0.9669    0.1587
			    -0.8156    0.5620    -0.1374
			    0.4610    -0.8361    -0.2974
			    0.6774    -0.5964    -0.4305
			    0.5851    0.6337    0.5061
			    -0.3977    -0.3198    0.8600
			    0.7068    -0.7044    0.0649
			    -0.5851    -0.6337    -0.5061
			    0.3977    0.3198    -0.8600
			    -0.7068    0.7044    -0.0649
		b:
			    -30.5248
			    -354.4283
			    -358.3463
			    -246.0817
			    -185.0320
			    -52.9662
			    714.4819
			    57.9321
			    125.2692
			    -697.4819
			    -42.9321
			    -115.2692
	==================================================================================
	Q6:
		Shape: Polyhedra
		q_c:    477.0000    363.0000    425.0000
		ub :    484.7962    370.8774    433.6012
		lb :    469.2038    355.1226    416.3988
		A:
			    -0.5557    0.3366    -0.7601
			    0.0419    0.0019    -0.9991
			    0.7374    0.5679    -0.3657
			    0.1339    -0.8270    0.5461
			    0.1117    0.9661    0.2327
			    0.5727    0.4151    -0.7069
			    0.6612    0.4483    0.6015
			    0.0084    0.7973    -0.6035
			    -0.7501    0.4041    0.5234
			    -0.6612    -0.4483    -0.6015
			    -0.0084    -0.7973    0.6035
			    0.7501    -0.4041    -0.5234
		b:
			    -461.1705
			    -398.9425
			    407.3520
			    -0.2087
			    507.8510
			    128.1518
			    739.2763
			    40.9705
			    16.8338
			    -728.2763
			    -32.9705
			    -5.8338


===========================================================================================
===========================================================================================
S8:
	q_c:    310.5000    83.5000    351.5000
	ub :    323.0000    104.0000    371.0000
	lb :    298.0000    63.0000    332.0000

	==================================================================================
	Q1:
		Shape: Hybrid
		q_c:    301.0000    92.5000    351.0000
		ub :    311.7763    100.9059    362.2350
		lb :    290.2237    84.0941    339.7650
		P^-1: 
			    0.0230    0.0019    0.0101
			    0.0019    0.0233    -0.0011
			    0.0101    -0.0011    0.0228
		A:
			    -0.0813    -0.7003    0.7092
			    -0.8291    0.2947    -0.4751
			    -0.2209    0.1832    -0.9579
			    0.5371    -0.6733    0.5081
			    0.1044    0.8196    0.5633
			    0.2691    0.2416    -0.9323
		b:
			    163.7924
			    -385.8144
			    -381.9646
			    281.1109
			    309.1299
			    -218.6722
	==================================================================================
	Q2:
		Shape: Polyhedra
		q_c:    299.5000    92.5000    346.0000
		ub :    305.7350    99.2207    352.1349
		lb :    293.2650    85.7793    339.8651
		A:
			    0.6164    -0.1738    -0.7680
			    -0.3340    -0.4071    0.8501
			    0.7054    0.3052    -0.6397
			    0.9810    0.1059    -0.1624
			    0.4443    0.8958    0.0135
			    -0.8984    -0.0805    0.4317
			    0.6258    0.3069    0.7170
			    0.2773    -0.9468    0.1632
			    0.7290    0.0967    -0.6776
			    -0.6258    -0.3069    -0.7170
			    -0.2773    0.9468    -0.1632
			    -0.7290    -0.0967    0.6776
		b:
			    -95.0096
			    159.4680
			    19.9998
			    250.9114
			    225.5695
			    -124.9094
			    469.9187
			    56.9645
			    -5.6842
			    -457.9187
			    -46.9645
			    8.6842
	==================================================================================
	Q3:
		Shape: Ellipse
		q_c:    302.5000    80.5000    357.5000
		ub :    308.3482    90.3632    366.7488
		lb :    296.6518    70.6368    348.2512
		P^-1: 
			    0.2022    -0.0888    -0.0317
			    -0.0888    0.0612    0.0097
			    -0.0317    0.0097    0.0300
	==================================================================================
	Q4:
		Shape: Polyhedra
		q_c:    321.5000    74.5000    354.0000
		ub :    325.9665    79.8339    359.1913
		lb :    317.0335    69.1661    348.8087
		A:
			    0.2714    0.7061    -0.6540
			    -0.1614    -0.9860    -0.0413
			    -0.1145    0.2134    0.9702
			    -0.1764    -0.1315    -0.9755
			    -0.8889    -0.3211    0.3267
			    0.4145    -0.9051    -0.0950
			    0.8208    0.4487    0.3535
			    0.5642    -0.7333    -0.3794
			    0.0890    0.5109    -0.8550
			    -0.8208    -0.4487    -0.3535
			    -0.5642    0.7333    0.3794
			    -0.0890    -0.5109    0.8550
		b:
			    -88.2350
			    -136.8550
			    325.8268
			    -408.5357
			    -190.9071
			    35.2673
			    425.4519
			    -4.5402
			    -232.5212
			    -419.4519
			    10.5402
			    239.5212
	==================================================================================
	Q5:
		Shape: Hybrid
		q_c:    308.0000    73.0000    338.0000
		ub :    314.8418    85.0250    349.0410
		lb :    301.1582    60.9750    326.9590
		P^-1: 
			    0.0731    -0.0201    0.0109
			    -0.0201    0.0217    0.0024
			    0.0109    0.0024    0.0215
		A:
			    -0.1533    0.1769    -0.9722
			    -0.9742    0.2170    -0.0617
			    -0.8673    0.4779    0.1390
			    0.2499    -0.4606    -0.8517
			    -0.8824    -0.3217    -0.3433
			    0.5867    -0.6841    -0.4334
		b:
			    -357.1690
			    -303.1306
			    -183.0622
			    -239.8052
			    -407.5306
			    -12.1786
	==================================================================================
	Q6:
		Shape: Polyhedra
		q_c:    304.0000    83.5000    358.5000
		ub :    308.5479    89.6983    364.4237
		lb :    299.4521    77.3017    352.5763
		A:
			    -0.5192    0.4267    0.7405
			    -0.9967    -0.0773    -0.0252
			    0.9553    -0.0380    -0.2933
			    -0.9464    0.0961    0.3084
			    -0.6283    0.7470    0.2173
			    -0.9310    -0.2971    -0.2122
			    0.5216    0.3151    0.7929
			    0.8259    -0.4197    -0.3765
			    0.2141    0.8512    -0.4791
			    -0.5216    -0.3151    -0.7929
			    -0.8259    0.4197    0.3765
			    -0.2141    -0.8512    0.4791
		b:
			    145.6779
			    -315.6302
			    184.6572
			    -166.6694
			    -47.9916
			    -380.5477
			    472.6208
			    83.0556
			    -30.5833
			    -465.6208
			    -79.0556
			    40.5833


===========================================================================================
===========================================================================================
S9:
	q_c:    469.0000    488.0000    180.0000
	ub :    483.0000    516.0000    191.0000
	lb :    455.0000    460.0000    169.0000

	==================================================================================
	Q1:
		Shape: Ellipse
		q_c:    462.5000    497.5000    176.0000
		ub :    469.7531    502.3735    183.4128
		lb :    455.2469    492.6265    168.5872
		P^-1: 
			    0.1226    0.1588    0.0405
			    0.1588    0.3286    0.0976
			    0.0405    0.0976    0.0703
	==================================================================================
	Q2:
		Shape: Ellipse
		q_c:    469.5000    494.5000    180.0000
		ub :    474.8961    499.2131    185.2970
		lb :    464.1039    489.7869    174.7030
		P^-1: 
			    0.1587    0.0565    -0.0735
			    0.0565    0.1219    -0.0463
			    -0.0735    -0.0463    0.1004
	==================================================================================
	Q3:
		Shape: Ellipse
		q_c:    478.5000    484.5000    190.0000
		ub :    484.5864    490.9749    195.7226
		lb :    472.4136    478.0251    184.2774
		P^-1: 
			    0.0925    0.0609    0.0165
			    0.0609    0.1004    0.0058
			    0.0165    0.0058    0.0626
	==================================================================================
	Q4:
		Shape: Hybrid
		q_c:    483.0000    481.0000    172.5000
		ub :    492.8932    491.5880    179.2963
		lb :    473.1068    470.4120    165.7037
		P^-1: 
			    0.0255    0.0018    0.0107
			    0.0018    0.0282    -0.0214
			    0.0107    -0.0214    0.0713
		A:
			    0.1632    -0.1230    0.9789
			    0.6770    -0.7091    0.1972
			    -0.3721    -0.1244    -0.9198
			    -0.7943    -0.2753    0.5415
			    0.4082    0.3079    0.8594
			    0.5269    -0.8134    0.2465
		b:
			    190.6108
			    25.0479
			    -395.5360
			    -418.4174
			    496.8544
			    -89.3104
	==================================================================================
	Q5:
		Shape: Polyhedra
		q_c:    472.5000    489.5000    188.5000
		ub :    480.3856    496.5577    194.4723
		lb :    464.6144    482.4423    182.5277
		A:
			    0.3819    -0.3001    0.8741
			    0.6027    0.3354    -0.7241
			    0.1507    -0.8396    -0.5219
			    0.4782    0.6456    -0.5954
			    0.3281    0.9067    -0.2650
			    0.8414    0.1378    -0.5226
			    0.8512    0.4370    0.2906
			    0.4608    -0.8874    -0.0153
			    0.2512    0.1469    -0.9567
			    -0.8512    -0.4370    -0.2906
			    -0.4608    0.8874    0.0153
			    -0.2512    -0.1469    0.9567
		b:
			    203.0490
			    317.1779
			    -433.4642
			    434.5507
			    553.8041
			    371.4116
			    676.3881
			    -215.0510
			    14.7598
			    -665.3881
			    224.0510
			    -5.7598
	==================================================================================
	Q6:
		Shape: Hybrid
		q_c:    462.0000    482.0000    174.0000
		ub :    471.2617    490.2233    183.1749
		lb :    452.7383    473.7767    164.8251
		P^-1: 
			    0.0278    -0.0000    0.0000
			    -0.0000    0.0278    -0.0000
			    0.0000    -0.0000    0.0278
		A:
			    0.7835    -0.6209    0.0242
			    0.0012    -0.8739    0.4861
			    0.7723    0.5907    0.2339
			    -0.4024    0.5410    0.7385
			    0.5896    0.4702    -0.6567
			    -0.3696    -0.7043    0.6061
		b:
			    69.8826
			    -333.0861
			    685.1923
			    206.3755
			    387.7557
			    -401.7573


===========================================================================================
===========================================================================================
S10:
	q_c:    295.5000    271.5000    102.0000
	ub :    315.0000    295.0000    127.0000
	lb :    276.0000    248.0000    77.0000

	==================================================================================
	Q1:
		Shape: Polyhedra
		q_c:    295.5000    257.0000    97.0000
		ub :    301.2630    265.3764    108.4809
		lb :    289.7370    248.6236    85.5191
		A:
			    0.6288    -0.5886    -0.5081
			    -0.5005    0.8612    0.0888
			    -0.6543    0.7438    0.1365
			    -0.2916    -0.6935    0.6588
			    -0.0888    0.9558    0.2802
			    0.3528    -0.4074    -0.8423
			    0.9286    0.3413    0.1456
			    -0.0006    -0.3910    0.9204
			    0.3711    -0.8548    -0.3629
			    -0.9286    -0.3413    -0.1456
			    0.0006    0.3910    -0.9204
			    -0.3711    0.8548    0.3629
		b:
			    -10.6950
			    86.0283
			    14.7264
			    -191.0140
			    250.0052
			    -75.2604
			    381.2460
			    -0.9012
			    -142.2144
			    -371.2460
			    21.9012
			    148.2144
	==================================================================================
	Q2:
		Shape: Ellipse
		q_c:    310.0000    284.5000    116.0000
		ub :    321.6965    295.4683    127.9950
		lb :    298.3035    273.5317    104.0050
		P^-1: 
			    0.0186    -0.0043    0.0025
			    -0.0043    0.0241    -0.0025
			    0.0025    -0.0025    0.0185
	==================================================================================
	Q3:
		Shape: Hybrid
		q_c:    295.0000    281.0000    99.0000
		ub :    304.8702    291.6521    102.3367
		lb :    285.1298    270.3479    95.6633
		P^-1: 
			    0.0857    -0.0154    -0.2427
			    -0.0154    0.0183    0.0414
			    -0.2427    0.0414    0.9335
		A:
			    -0.3230    0.1598    0.9328
			    0.4797    0.4166    -0.7722
			    -0.4039    0.2769    0.8719
			    -0.2380    0.0227    0.9710
			    0.1190    -0.0675    -0.9906
			    -0.2742    0.4121    0.8689
		b:
			    42.8616
			    186.2007
			    46.6742
			    32.8146
			    -80.9913
			    123.4917
	==================================================================================
	Q4:
		Shape: Ellipse
		q_c:    277.5000    283.5000    112.0000
		ub :    287.0568    291.5693    121.8081
		lb :    267.9432    275.4307    102.1919
		P^-1: 
			    0.0309    -0.0042    -0.0033
			    -0.0042    0.0334    0.0044
			    -0.0033    0.0044    0.0313
	==================================================================================
	Q5:
		Shape: Ellipse
		q_c:    294.0000    254.5000    103.0000
		ub :    307.3093    267.3847    116.8238
		lb :    280.6907    241.6153    89.1762
		P^-1: 
			    0.0136    -0.0007    0.0014
			    -0.0007    0.0179    -0.0034
			    0.0014    -0.0034    0.0151
	==================================================================================
	Q6:
		Shape: Ellipse
		q_c:    292.0000    267.5000    113.0000
		ub :    296.9660    274.1744    118.7143
		lb :    287.0340    260.8256    107.2857
		P^-1: 
			    0.3396    0.0855    0.1400
			    0.0855    0.1226    -0.0789
			    0.1400    -0.0789    0.2526


===========================================================================================
===========================================================================================
S11:
	q_c:    485.0000    46.5000    483.5000
	ub :    509.0000    66.0000    491.0000
	lb :    461.0000    27.0000    476.0000

	==================================================================================
	Q1:
		Shape: Polyhedra
		q_c:    489.0000    41.5000    476.5000
