3D_40_12_6_e                l = 3

===========================================================================================
===========================================================================================
S1:
	q_c:	20.5	194.0	267.5
	ub :	28.2311	204.0835	276.467
	lb :	13.3404	184.1279	259.4376

	==================================================================================
	Q1:
		Shape: Hybrid
		q_c:	21.5	193.0	270.0
		ub :	24.7909	197.1733	274.0044
		lb :	18.2091	188.8267	265.9956
		P^-1:
			0.1747	0.0162	0.0295
			0.0162	0.152	0.0581
			0.0295	0.0581	0.1944
		A:
			0.8197	0.0458	-0.571
			-0.4263	0.5556	-0.7138
			-0.3911	0.4434	0.8065
			-0.1736	0.2321	0.9571
			-0.6738	-0.0888	0.7335
			0.2164	-0.972	-0.0911
		b:
			-126.1064
			-92.8727
			296.2177
			300.7852
			168.0759
			-205.8873
	==================================================================================
	Q2:
		Shape: Ellipse
		q_c:	19.5	188.0	268.5
		ub :	23.3702	191.8721	272.3061
		lb :	15.6298	184.1279	264.6939
		P^-1:
			0.1753	0.0459	0.0519
			0.0459	0.2219	-0.0318
			0.0519	-0.0318	0.214
	==================================================================================
	Q3:
		Shape: Polyhedra
		q_c:	17.0	196.0	271.5
		ub :	20.6596	199.9387	274.3106
		lb :	13.3404	192.0613	268.6894
		A:
			0.3936	-0.1416	0.9083
			0.6385	-0.3767	0.6712
			0.9875	0.0067	-0.1573
			0.6856	-0.2078	0.6977
			0.014	0.0105	-0.9998
			-0.0513	-0.1807	-0.9822
			0.4904	0.8381	0.2389
			0.7478	-0.264	-0.6091
			-0.4475	0.4774	-0.7562
			-0.4904	-0.8381	-0.2389
			-0.7478	0.264	0.6091
			0.4475	-0.4774	0.7562
		b:
			227.003
			120.4197
			-22.283
			161.8707
			-267.5225
			-300.9479
			240.9657
			-202.4067
			-118.3532
			-233.9657
			206.4067
			120.3532
	==================================================================================
	Q4:
		Shape: Polyhedra
		q_c:	24.5	200.5	273.5
		ub :	28.2311	204.0835	276.467
		lb :	20.7689	196.9165	270.533
		A:
			-0.2355	0.5454	0.8044
			0.1312	0.7306	-0.6701
			0.7513	-0.1926	-0.6312
			-0.2878	-0.0663	0.9554
			-0.8979	-0.2275	0.3768
			0.0229	0.1105	0.9936
			0.2359	0.7264	0.6455
			0.4281	0.5186	-0.7401
			-0.8724	0.4509	-0.1886
			-0.2359	-0.7264	-0.6455
			-0.4281	-0.5186	0.7401
			0.8724	-0.4509	0.1886
		b:
			325.6275
			-31.8321
			-190.5832
			242.5894
			37.6282
			296.3016
			329.9693
			-86.4477
			20.4383
			-325.9693
			89.4477
			-14.4383
	==================================================================================
	Q5:
		Shape: Ellipse
		q_c:	18.0	190.5	263.0
		ub :	21.2761	194.4887	266.5624
		lb :	14.7239	186.5113	259.4376
		P^-1:
			0.16	0.0	-0.0
			0.0	0.16	0.0
			-0.0	0.0	0.16
	==================================================================================
	Q6:
		Shape: Polyhedra
		q_c:	24.0	192.0	267.0
		ub :	26.8096	196.0891	270.8121
		lb :	21.1904	187.9109	263.1879
		A:
			0.573	-0.0035	-0.8196
			0.9298	0.3553	0.0959
			-0.5406	-0.024	-0.8409
			0.3013	0.4467	-0.8424
			0.0859	0.952	0.2938
			-0.7762	0.1729	-0.6063
			0.0666	0.8194	0.5694
			-0.0421	0.5724	-0.8189
			-0.9969	0.0306	0.0726
			-0.0666	-0.8194	-0.5694
			0.0421	-0.5724	0.8189
			0.9969	-0.0306	-0.0726
		b:
			-203.2162
			118.8229
			-239.4783
			-129.8378
			266.6798
			-144.9187
			314.4412
			-107.7396
			3.8377
			-307.4412
			111.7396
			1.1623


===========================================================================================
===========================================================================================
S2:
	q_c:	427.5	370.5	20.5
	ub :	444.3247	382.0418	38.837
	lb :	415.4544	356.0542	4.3014

	==================================================================================
	Q1:
		Shape: Polyhedra
		q_c:	426.0	370.5	28.0
		ub :	432.3031	377.1634	35.3544
		lb :	419.6969	363.8366	20.6456
		A:
			0.3682	0.5361	0.7596
			0.6557	-0.752	0.0668
			-0.7531	-0.6578	-0.0083
			0.6321	-0.7746	0.0199
			0.5529	0.0775	0.8296
			-0.2696	0.4173	-0.8679
			0.6871	0.3996	0.6068
			-0.1309	0.8896	-0.4375
			-0.7147	0.2212	0.6636
			-0.6871	-0.3996	-0.6068
			0.1309	-0.8896	0.4375
			0.7147	-0.2212	-0.6636
		b:
			379.8689
			7.7011
			-561.017
			-12.0212
			290.5727
			19.9027
			460.2405
			266.5708
			-198.4231
			-455.2405
			-256.5708
			209.4231
	==================================================================================
	Q2:
		Shape: Hybrid
		q_c:	423.0	364.0	31.0
		ub :	427.6532	371.9458	37.2296
		lb :	418.3468	356.0542	24.7704
		P^-1:
			0.0806	0.0046	0.0057
			0.0046	0.0181	0.0012
			0.0057	0.0012	0.0337
		A:
			0.791	-0.6074	-0.0732
			0.5443	-0.1668	0.8222
			-0.1618	-0.5623	0.811
			-0.5186	-0.8231	-0.2315
			-0.6024	-0.0523	0.7965
			-0.6617	-0.0519	0.7479
		b:
			115.1603
			198.2067
			-243.4582
			-521.633
			-245.8593
			-272.41
	==================================================================================
	Q3:
		Shape: Hybrid
		q_c:	431.0	377.0	27.5
		ub :	433.9684	381.5947	31.1244
		lb :	428.0316	372.4053	23.8756
		P^-1:
			0.4031	-0.0888	-0.0614
			-0.0888	0.0911	0.0393
			-0.0614	0.0393	0.1727
		A:
			0.8242	0.3967	-0.4041
			-0.9546	-0.1354	-0.2654
			-0.9796	0.1725	-0.1034
			0.3764	-0.6177	-0.6905
			0.6214	-0.2805	-0.7315
			-0.9693	0.24	-0.0545
		b:
			495.7382
			-468.4089
			-359.0823
			-88.0275
			143.0847
			-327.9103
	==================================================================================
	Q4:
		Shape: Hybrid
		q_c:	421.5	373.0	18.5
		ub :	427.5456	382.0418	27.5554
		lb :	415.4544	363.9582	9.4446
		P^-1:
			0.0856	-0.0181	-0.0339
			-0.0181	0.0306	0.0125
			-0.0339	0.0125	0.0464
		A:
			0.8073	0.2449	-0.5369
			-0.6526	0.3262	0.6839
			-0.4368	0.1781	-0.8818
			-0.9397	-0.0782	0.3331
			-0.9245	-0.0169	0.3808
			0.9129	-0.0557	0.4043
		b:
			424.2969
			-138.9396
			-129.2779
			-416.9237
			-386.9926
			375.2482
	==================================================================================
	Q5:
		Shape: Polyhedra
		q_c:	435.5	364.5	32.5
		ub :	441.5352	370.4249	38.837
		lb :	429.4648	358.5751	26.163
		A:
			0.0875	-0.9937	-0.0699
			0.6895	-0.2924	0.6627
			-0.6542	0.2834	-0.7012
			-0.8798	-0.221	-0.4208
			-0.2095	0.8721	-0.4423
			-0.4028	0.9115	0.0836
			0.3342	0.6356	0.6959
			-0.6221	0.7035	-0.3438
			-0.7081	-0.318	0.6305
			-0.3342	-0.6356	-0.6959
			0.6221	-0.7035	0.3438
			0.7081	0.318	-0.6305
		b:
			-322.8778
			218.5098
			-201.0688
			-473.6664
			215.4689
			162.8108
			403.838
			-22.6754
			-399.7909
			-395.838
			28.6754
			407.7909
	==================================================================================
	Q6:
		Shape: Ellipse
		q_c:	436.0	367.0	12.0
		ub :	444.3247	374.8226	19.6986
		lb :	427.6753	359.1774	4.3014
		P^-1:
			0.0446	-0.0055	0.0051
			-0.0055	0.0432	0.0057
			0.0051	0.0057	0.0441


===========================================================================================
===========================================================================================
S3:
	q_c:	73.5	490.0	386.0
	ub :	77.4106	494.4672	390.1304
	lb :	70.2193	486.9794	383.0678

	==================================================================================
	Q1:
		Shape: Hybrid
		q_c:	75.5	491.5	385.0
		ub :	77.1729	493.5034	386.9322
		lb :	73.8271	489.4966	383.0678
		P^-1:
			0.876	0.1832	0.1412
			0.1832	0.7293	-0.2087
			0.1412	-0.2087	0.8391
		A:
			0.2622	-0.3844	0.8851
			0.8721	0.4319	-0.2301
			-0.8411	-0.2459	0.4817
			0.0824	0.3667	-0.9267
			0.7091	0.702	-0.0667
			0.7203	0.3174	-0.6168
		b:
			172.1162
			190.07
			1.7499
			-169.7848
			373.4045
			-26.4294
	==================================================================================
	Q2:
		Shape: Hybrid
		q_c:	73.0	489.0	386.0
		ub :	74.7613	491.0206	387.5184
		lb :	71.2387	486.9794	384.4816
		P^-1:
			0.8028	-0.2479	-0.096
			-0.2479	0.6883	-0.1207
			-0.096	-0.1207	0.9533
		A:
			-0.2296	0.8473	0.4789
			0.2531	-0.3518	-0.9012
			-0.2788	0.9425	-0.1842
			-0.0116	0.5049	-0.8631
			0.061	0.3234	0.9443
			0.8398	-0.4838	0.2463
		b:
			583.1672
			-500.8333
			370.0861
			-86.5692
			527.7814
			-79.6546
	==================================================================================
	Q3:
		Shape: Polyhedra
		q_c:	75.0	490.5	387.5
		ub :	77.4106	493.0784	389.7523
		lb :	72.5894	487.9216	385.2477
		A:
			-0.9415	0.0054	-0.3369
			0.2566	-0.2407	-0.9361
			0.8355	-0.0658	0.5455
			0.8313	0.5548	0.0343
			0.2957	0.3692	0.8811
			-0.0335	0.8756	0.4819
			0.3542	0.6722	0.6501
			-0.8382	0.5364	-0.0979
			-0.4146	-0.5103	0.7535
			-0.3542	-0.6722	-0.6501
			0.8382	-0.5364	0.0979
			0.4146	0.5103	-0.7535
		b:
			-196.9922
			-460.0719
			243.2591
			349.2744
			546.1726
			615.1988
			609.7046
			163.8161
			12.0898
			-606.7046
			-160.8161
			-9.0898
	==================================================================================
	Q4:
		Shape: Ellipse
		q_c:	72.0	490.0	388.5
		ub :	73.7807	491.9649	390.1304
		lb :	70.2193	488.0351	386.8696
		P^-1:
			0.4569	0.0294	-0.0769
			0.0294	0.5136	-0.181
			-0.0769	-0.181	0.9184
	==================================================================================
	Q5:
		Shape: Hybrid
		q_c:	74.5	493.0	385.0
		ub :	76.1191	494.4672	386.7105
		lb :	72.8809	491.5328	383.2895
		P^-1:
			1.0	-0.0	0.0
			-0.0	1.0	-0.0
			0.0	-0.0	1.0
		A:
			0.0088	0.1086	-0.994
			0.0006	-0.9389	0.3441
			0.9551	-0.2652	0.132
			-0.0821	0.0761	0.9937
			0.0147	0.0246	-0.9996
			-0.511	0.6524	0.5597
		b:
			-328.0027
			-329.8434
			-8.2701
			414.4731
			-371.1263
			499.5284
	==================================================================================
	Q6:
		Shape: Polyhedra
		q_c:	75.0	491.5	386.0
		ub :	77.1143	493.7888	388.1371
		lb :	72.8857	489.2112	383.8629
		A:
			0.8269	-0.5093	-0.2386
			0.182	-0.603	-0.7767
			-0.047	-0.9228	0.3825
			0.2185	0.2339	0.9474
			-0.338	0.8417	-0.421
			0.7435	0.3308	-0.5812
			0.5493	0.7917	0.2674
			0.3563	-0.5113	0.782
			0.7559	-0.3343	-0.563
			-0.5493	-0.7917	-0.2674
			-0.3563	0.5113	-0.782
			-0.7559	0.3343	0.563
		b:
			-279.282
			-581.3023
			-307.935
			498.4596
			227.3037
			-4.7977
			535.0241
			78.7789
			-323.9204
			-532.0241
			-75.7789
			325.9204


===========================================================================================
===========================================================================================
S4:
	q_c:	119.5	147.0	107.0
	ub :	125.9476	154.2339	115.6162
	lb :	115.6679	138.7136	101.7056

	==================================================================================
	Q1:
		Shape: Polyhedra
		q_c:	121.5	143.5	106.5
		ub :	125.8674	148.09	110.491
		lb :	117.1326	138.91	102.509
		A:
			0.2215	-0.4562	0.8619
			0.6967	0.7092	-0.1078
			-0.763	-0.6398	0.0919
			0.2538	-0.9646	0.0714
			-0.9615	-0.1625	-0.2218
			0.6458	0.6549	-0.3926
			0.453	0.6764	0.5807
			0.7898	-0.6067	0.0905
			0.4135	0.4176	-0.8091
			-0.453	-0.6764	-0.5807
			-0.7898	0.6067	-0.0905
			-0.4135	-0.4176	0.8091
		b:
			55.778
			177.7176
			-171.9608
			-97.3565
			-161.0227
			133.2612
			216.9548
			21.0395
			26.5084
			-210.9548
			-16.0395
			-21.5084
	==================================================================================
	Q2:
		Shape: Polyhedra
		q_c:	120.5	141.5	104.5
		ub :	122.6287	144.2864	107.0371
		lb :	118.3713	138.7136	101.9629
		A:
			0.7941	-0.3733	-0.4797
			-0.2151	0.9116	0.3504
			-0.4734	0.8802	-0.0339
			-0.2294	-0.9725	0.0406
			0.938	-0.3456	-0.0249
			0.9443	-0.139	-0.2983
			0.1703	0.6485	0.7419
			0.2351	0.7044	-0.6697
			-0.9569	0.2885	-0.0325
			-0.1703	-0.6485	-0.7419
			-0.2351	-0.7044	0.6697
			0.9569	-0.2885	0.0325
		b:
			-5.6437
			141.5317
			65.5831
			-159.2822
			63.031
			64.4601
			191.8164
			59.5201
			-76.3856
			-187.8164
			-56.5201
			79.3856
	==================================================================================
	Q3:
		Shape: Hybrid
		q_c:	119.0	150.0	107.5
		ub :	121.5492	152.9169	110.4917
		lb :	116.4508	147.0831	104.5083
		P^-1:
			0.5378	-0.4079	-0.0906
			-0.4079	0.6005	0.0978
			-0.0906	0.0978	0.1817
		A:
			-0.0542	-0.974	-0.2201
			0.5537	-0.7614	-0.3371
			-0.5737	0.6597	0.4854
			-0.4598	0.8772	-0.1378
			-0.8428	0.1654	-0.5122
			0.0856	-0.9575	-0.2755
		b:
			-174.7977
			-83.943
			83.6324
			62.8929
			-128.9642
			-161.8427
	==================================================================================
	Q4:
		Shape: Polyhedra
		q_c:	122.5	144.0	105.5
		ub :	125.9476	146.4623	109.2944
		lb :	119.0524	141.5377	101.7056
		A:
			0.8365	-0.4917	-0.2418
			-0.1151	0.7642	-0.6347
			0.365	0.9309	-0.0171
			-0.786	-0.613	0.0797
			0.6326	0.2564	-0.7308
			-0.165	-0.2222	0.9609
			0.4282	0.1044	0.8976
			-0.8487	0.3876	0.3598
			-0.3103	-0.9159	0.2546
			-0.4282	-0.1044	-0.8976
			0.8487	-0.3876	-0.3598
			0.3103	0.9159	-0.2546
		b:
			8.1536
			31.0491
			178.5689
			-174.3234
			39.3146
			51.7274
			165.1923
			-8.1993
			-141.5459
			-159.1923
			12.1993
			144.5459
	==================================================================================
	Q5:
		Shape: Hybrid
		q_c:	118.5	149.0	108.0
		ub :	121.3321	152.2732	110.5313
		lb :	115.6679	145.7268	105.4687
		P^-1:
			0.7378	0.3113	-0.2278
			0.3113	0.268	-0.1318
			-0.2278	-0.1318	0.3554
		A:
			-0.6173	0.266	0.7404
			-0.316	-0.2885	-0.9038
			0.6746	0.5197	0.5243
			-0.9837	0.1034	0.1469
			-0.43	-0.1583	0.8888
			-0.2194	-0.0018	0.9756
		b:
			48.0084
			-176.4856
			215.3117
			-83.983
			22.4868
			80.4173
	==================================================================================
	Q6:
		Shape: Polyhedra
		q_c:	119.5	150.0	111.5
		ub :	123.2928	154.2339	115.6162
		lb :	115.7072	145.7661	107.3838
		A:
			-0.0021	0.0259	-0.9997
			-0.9083	0.413	0.0669
			-0.7747	0.5712	0.2712
			0.0244	-0.2714	0.9621
			0.1499	-0.3508	0.9244
			0.5706	0.4596	-0.6806
			0.7772	0.1847	0.6015
			-0.6264	0.1367	0.7674
			0.0595	-0.9732	0.222
			-0.7772	-0.1847	-0.6015
			0.6264	-0.1367	-0.7674
			-0.0595	0.9732	-0.222
		b:
			-105.3194
			-36.4304
			25.978
			72.1958
			71.2694
			63.8208
			190.6509
			33.2252
			-110.6256
			-184.6509
			-29.2252
			117.6256


===========================================================================================
===========================================================================================
S5:
	q_c:	418.5	315.0	450.0
	ub :	430.7469	328.5363	466.6366
	lb :	402.974	302.2704	437.9789

	==================================================================================
	Q1:
		Shape: Ellipse
		q_c:	424.5	307.5	447.0
		ub :	430.7469	312.7296	453.6582
		lb :	418.2531	302.2704	440.3418
		P^-1:
			0.1317	0.0582	-0.0712
			0.0582	0.1451	-0.0624
			-0.0712	-0.0624	0.0826
	==================================================================================
	Q2:
		Shape: Hybrid
		q_c:	411.5	310.0	451.0
		ub :	418.8099	315.2558	456.095
		lb :	404.1901	304.7442	445.905
		P^-1:
			0.0587	-0.0075	-0.0852
			-0.0075	0.0415	0.0161
			-0.0852	0.0161	0.2102
		A:
			-0.0949	0.1154	0.9888
			0.1299	-0.3471	-0.9288
			0.8241	0.3722	-0.427
			-0.6704	0.6353	0.3834
			-0.4182	-0.13	0.899
			-0.2665	0.2127	0.9401
		b:
			444.5727
			-471.0836
			265.7407
			97.4468
			194.2812
			381.5601
	==================================================================================
	Q3:
		Shape: Polyhedra
		q_c:	423.0	312.0	443.5
		ub :	428.256	315.148	449.0211
		lb :	417.744	308.852	437.9789
		A:
			-0.568	0.0503	-0.8215
			-0.601	-0.7857	-0.1462
			-0.025	0.9645	-0.2628
			-0.3051	0.9483	-0.087
			-0.8997	-0.2885	-0.3275
			-0.0059	0.9984	0.0567
			0.6406	0.6065	0.471
			-0.4817	0.795	-0.3686
			-0.598	0.0093	0.8014
			-0.6406	-0.6065	-0.471
			0.4817	-0.795	0.3686
			0.598	-0.0093	-0.8014
		b:
			-586.2803
			-561.5986
			176.0501
			130.3624
			-613.1828
			336.3697
			671.5713
			-117.2123
			109.8434
			-666.5713
			121.2123
			-100.8434
	==================================================================================
	Q4:
		Shape: Ellipse
		q_c:	416.0	309.5	459.0
		ub :	422.0254	315.9569	466.6366
		lb :	409.9746	303.0431	451.3634
		P^-1:
			0.1173	-0.046	-0.031
			-0.046	0.0805	0.0229
			-0.031	0.0229	0.032
	==================================================================================
	Q5:
		Shape: Hybrid
		q_c:	410.5	310.0	456.0
		ub :	418.026	317.4705	460.1748
		lb :	402.974	302.5295	451.8252
		P^-1:
			0.094	0.0974	-0.2074
			0.0974	0.2145	-0.3648
			-0.2074	-0.3648	0.7592
		A:
			0.3002	0.0211	-0.9537
			-0.9828	-0.0058	-0.1845
			0.1821	0.2548	-0.9497
			0.1781	0.5307	-0.8286
			0.4154	-0.9027	-0.1125
			-0.1652	0.9078	-0.3856
		b:
			-303.1463
			-484.4776
			-278.2977
			-139.5374
			-155.9841
			41.1204
	==================================================================================
	Q6:
		Shape: Polyhedra
		q_c:	409.5	323.0	452.5
		ub :	415.2546	328.5363	455.9199
		lb :	403.7454	317.4637	449.0801
		A:
			0.4215	0.7622	-0.4913
			0.6826	0.0001	0.7308
			0.5809	0.0004	0.814
			0.155	0.9386	-0.3081
			-0.3929	0.2832	-0.8749
			0.3408	0.7377	-0.5828
			0.4836	0.671	0.562
			-0.3111	-0.4684	0.8269
			0.8181	-0.5748	-0.0178
			-0.4836	-0.671	-0.562
			0.3111	0.4684	-0.8269
			-0.8181	0.5748	0.0178
		b:
			198.7769
			613.6288
			609.5089
			230.104
			-462.349
			116.3181
			672.0921
			97.4973
			145.8206
			-666.0921
			-93.4973
			-136.8206


===========================================================================================
===========================================================================================
S6:
	q_c:	339.0	276.0	256.5
	ub :	348.6448	288.9028	276.8008
	lb :	318.6825	257.3869	238.7211

	==================================================================================
	Q1:
		Shape: Ellipse
		q_c:	336.0	271.5	256.5
		ub :	343.3125	278.3475	262.7245
		lb :	328.6875	264.6525	250.2755
		P^-1:
			0.0585	-0.0238	0.0159
			-0.0238	0.0717	-0.0249
			0.0159	-0.0249	0.0703
	==================================================================================
	Q2:
		Shape: Hybrid
		q_c:	344.5	286.0	255.0
		ub :	348.6448	288.9028	259.2469
		lb :	340.3552	283.0972	250.7531
		P^-1:
			0.1783	0.1352	0.018
			0.1352	0.3736	0.019
			0.018	0.019	0.0853
		A:
			-0.5918	-0.7684	0.2435
			-0.7226	0.688	-0.0675
			-0.4314	-0.8816	0.1914
			0.1356	0.9907	0.0143
			-0.5685	-0.6561	-0.4964
			-0.2336	0.9502	-0.2063
		b:
			-360.4168
			-67.2086
			-351.0077
			334.6713
			-508.7406
			140.2798
	==================================================================================
	Q3:
		Shape: Ellipse
		q_c:	338.5	279.0	269.5
		ub :	344.8015	284.948	276.8008
		lb :	332.1985	273.052	262.1992
		P^-1:
			0.0674	-0.0204	-0.0018
			-0.0204	0.0938	-0.0234
			-0.0018	-0.0234	0.0455
	==================================================================================
	Q4:
		Shape: Polyhedra
		q_c:	338.5	279.0	251.0
		ub :	342.462	283.6017	255.7632
		lb :	334.538	274.3983	246.2368
		A:
			-0.8094	0.1203	-0.5749
			-0.9905	0.1012	-0.0935
			0.7583	-0.2389	0.6066
			-0.7774	0.1976	-0.5972
			-0.7193	0.2004	-0.6652
			-0.7297	0.3781	-0.5696
			0.1176	0.9869	0.1101
			0.608	0.0161	-0.7938
			-0.7852	0.1603	-0.5982
			-0.1176	-0.9869	-0.1101
			-0.608	-0.0161	0.7938
			0.7852	-0.1603	0.5982
		b:
			-384.1314
			-327.8422
			342.915
			-357.3785
			-353.8328
			-283.3689
			347.2998
			16.0652
			-370.7009
			-338.2998
			-6.0652
			371.7009
	==================================================================================
	Q5:
		Shape: Ellipse
		q_c:	327.0	275.0	247.5
		ub :	335.3175	284.1373	256.2789
		lb :	318.6825	265.8627	238.7211
		P^-1:
			0.0481	0.0028	-0.0141
			0.0028	0.0279	0.0104
			-0.0141	0.0104	0.0468
	==================================================================================
	Q6:
		Shape: Polyhedra
		q_c:	332.5	264.0	258.5
		ub :	340.1441	270.6131	265.116
		lb :	324.8559	257.3869	251.884
		A:
			0.0817	-0.7528	0.6532
			0.6041	-0.7911	0.0965
			-0.0993	0.9934	-0.0579
			-0.3974	0.4207	-0.8155
			-0.3349	0.9422	-0.0045
			-0.7916	0.5007	-0.3503
			0.3875	0.0895	0.9175
			-0.5971	0.7827	0.1759
			-0.7024	-0.616	0.3567
			-0.3875	-0.0895	-0.9175
			0.5971	-0.7827	-0.1759
			0.7024	0.616	-0.3567
		b:
			1.8425
			21.0041
			218.6226
			-227.4192
			140.3762
			-217.3539
			394.1483
			57.5651
			-298.9399
			-385.1483
			-49.5651
			308.9399


===========================================================================================
===========================================================================================
S7:
	q_c:	388.5	65.5	95.0
	ub :	396.4505	77.2273	107.34
	lb :	378.2673	51.5731	89.1722

	==================================================================================
	Q1:
		Shape: Hybrid
		q_c:	383.5	61.5	101.5
		ub :	388.7327	67.6283	106.3777
		lb :	378.2673	55.3717	96.6223
		P^-1:
			0.1338	0.0519	-0.0428
			0.0519	0.0747	-0.0668
			-0.0428	-0.0668	0.1857
		A:
			0.4347	0.2385	-0.8684
			-0.8689	0.3189	-0.3787
			-0.9073	-0.1578	-0.3897
			-0.9815	0.0781	0.175
			0.7051	0.5983	-0.3807
			0.633	-0.2197	0.7423
		b:
			94.4946
			-349.3494
			-395.2421
			-351.405
			269.9492
			306.6059
	==================================================================================
	Q2:
		Shape: Ellipse
		q_c:	385.5	67.5	103.5
		ub :	388.2637	71.3235	107.34
		lb :	382.7363	63.6765	99.66
		P^-1:
			0.333	-0.079	0.0585
			-0.079	0.2288	-0.1233
			0.0585	-0.1233	0.2437
	==================================================================================
	Q3:
		Shape: Polyhedra
		q_c:	385.0	72.5	98.5
		ub :	389.0846	76.5695	102.5042
		lb :	380.9154	68.4305	94.4958
		A:
			-0.3014	-0.4158	0.8581
			0.6385	0.7424	0.2029
			0.488	0.2747	0.8285
			0.8454	-0.5262	-0.0917
			0.9306	-0.0145	-0.3656
			-0.9388	-0.3115	0.1472
			0.8508	0.3829	0.36
			0.2841	-0.9113	0.298
			0.4422	-0.1513	-0.8841
			-0.8508	-0.3829	-0.36
			-0.2841	0.9113	-0.298
			-0.4422	0.1513	0.8841
		b:
			-58.9946
			322.2273
			291.9225
			281.066
			323.7432
			-367.0175
			393.2598
			75.6629
			74.6832
			-388.2598
			-69.6629
			-69.6832
	==================================================================================
	Q4:
		Shape: Polyhedra
		q_c:	383.5	57.0	101.5
		ub :	388.3073	61.6667	106.7234
		lb :	378.6927	52.3333	96.2766
		A:
			0.2076	-0.1409	0.968
			0.3181	-0.5267	-0.7883
			0.3865	-0.9169	-0.0996
			0.9873	0.098	-0.1253
			-0.0118	0.9949	-0.1004
			0.8525	0.381	0.358
			0.2578	0.8145	0.5198
			0.6282	0.2674	-0.7306
			-0.7341	0.5149	-0.4427
			-0.2578	-0.8145	-0.5198
			-0.6282	-0.2674	0.7306
			0.7341	-0.5149	0.4427
		b:
			172.8473
			15.1499
			88.5987
			374.599
			44.919
			387.8879
			201.0381
			185.5018
			-294.6192
			-195.0381
			-178.5018
			299.6192
	==================================================================================
	Q5:
		Shape: Polyhedra
		q_c:	391.5	73.0	94.0
		ub :	396.4505	77.2273	98.8278
		lb :	386.5495	68.7727	89.1722
		A:
			0.1663	0.3097	-0.9362
			-0.4042	0.5828	-0.7049
			-0.8214	0.4286	0.3764
			0.9487	0.3162	-0.0065
			-0.035	-0.0169	-0.9992
			0.5525	-0.4699	0.6884
			0.6577	0.2647	0.7053
			-0.7147	0.515	0.4732
			-0.2379	-0.8153	0.5279
			-0.6577	-0.2647	-0.7053
			0.7147	-0.515	-0.4732
			0.2379	0.8153	-0.5279
		b:
			2.2614
			-179.424
			-251.4145
			396.8223
			-105.9572
			249.4401
			346.0989
			-194.2419
			-101.0462
			-340.0989
			201.2419
			105.0462
	==================================================================================
	Q6:
		Shape: Ellipse
		q_c:	387.5	57.0	97.5
		ub :	392.8945	62.4269	100.9431
		lb :	382.1055	51.5731	94.0569
		P^-1:
			0.1439	0.0344	-0.1332
			0.0344	0.0765	-0.0022
			-0.1332	-0.0022	0.3846


===========================================================================================
===========================================================================================
S8:
	q_c:	83.0	118.5	90.0
	ub :	100.2535	143.2891	114.9245
	lb :	65.1021	106.5503	71.5579

	==================================================================================
	Q1:
		Shape: Ellipse
		q_c:	75.5	124.0	102.5
		ub :	84.5607	131.6333	110.4886
		lb :	66.4393	116.3667	94.5114
		P^-1:
			0.0331	0.0	0.0
			0.0	0.0331	0.0
			0.0	0.0	0.0331
	==================================================================================
	Q2:
		Shape: Hybrid
		q_c:	73.5	131.0	84.5
		ub :	81.8979	143.2891	93.4222
		lb :	65.1021	118.7109	75.5778
		P^-1:
			0.0319	-0.0043	-0.0021
			-0.0043	0.0102	-0.0019
			-0.0021	-0.0019	0.0237
		A:
			-0.9448	0.2735	0.1806
			-0.7086	-0.2554	0.6578
			-0.769	-0.064	0.636
			-0.5495	0.8332	-0.0613
			-0.8091	-0.3161	0.4954
			0.6458	-0.6541	0.3939
		b:
			-15.5141
			-26.3183
			-8.0331
			69.1533
			-55.0995
			-0.5749
	==================================================================================
	Q3:
		Shape: Hybrid
		q_c:	90.0	116.0	104.0
		ub :	100.2535	125.4497	114.9245
		lb :	79.7465	106.5503	93.0755
		P^-1:
			0.0248	0.0016	0.0058
			0.0016	0.0141	0.0008
			0.0058	0.0008	0.0151
		A:
			-0.496	-0.5104	0.7025
			0.5352	0.4689	-0.7026
			0.962	-0.2729	-0.0077
			-0.9773	0.2118	0.0069
			0.6899	0.7054	0.1627
			-0.0835	-0.9908	-0.1069
		b:
			-25.0009
			35.2497
			58.1255
			-58.7744
			164.943
			-128.1931
	==================================================================================
	Q4:
		Shape: Hybrid
		q_c:	76.0	123.5	81.0
		ub :	85.2381	134.335	90.4421
		lb :	66.7619	112.665	71.5579
		P^-1:
			0.0441	-0.0189	-0.0147
			-0.0189	0.0308	-0.0035
			-0.0147	-0.0035	0.0399
		A:
			-0.1246	-0.3878	0.9133
			0.9569	-0.2789	0.0809
			-0.2564	0.9485	-0.1862
			0.5797	-0.8132	-0.0518
			-0.88	0.4492	-0.1542
			-0.7146	0.5075	-0.4814
		b:
			19.5083
			48.1524
			86.2782
			-57.8695
			-21.0594
			-27.4961
	==================================================================================
	Q5:
		Shape: Ellipse
		q_c:	86.5	119.5	97.5
		ub :	93.0696	127.0197	102.5635
		lb :	79.9304	111.9803	92.4365
		P^-1:
			0.0453	-0.0098	0.0243
			-0.0098	0.0329	-0.0324
			0.0243	-0.0324	0.1455
	==================================================================================
	Q6:
		Shape: Polyhedra
		q_c:	89.5	113.5	90.5
		ub :	99.1602	119.3743	100.5632
		lb :	79.8398	107.6257	80.4368
		A:
			0.4264	0.8532	-0.3005
			-0.0919	0.8094	0.58
			0.0459	0.6383	-0.7684
			-0.3964	0.9168	0.0485
			-0.8897	0.4557	0.027
			-0.3853	0.9119	0.1411
			0.6504	0.1751	0.7392
			-0.7588	0.194	0.6217
			-0.0346	-0.9653	0.259
			-0.6504	-0.1751	-0.7392
			0.7588	-0.194	-0.6217
			0.0346	0.9653	-0.259
		b:
			112.0287
			141.8566
			11.8359
			77.6406
			-19.0238
			86.6491
			151.4723
			17.3702
			-85.709
			-138.4723
			-3.3702
			92.709


===========================================================================================
===========================================================================================
S9:
	q_c:	32.5	408.5	498.5
	ub :	51.6147	431.5968	518.3873
	lb :	10.1518	388.0188	479.4802

	==================================================================================
	Q1:
		Shape: Polyhedra
		q_c:	33.5	417.5	500.5
		ub :	43.4684	426.5854	509.4981
		lb :	23.5316	408.4146	491.5019
		A:
			0.6986	-0.5044	-0.5075
			0.8413	-0.4103	-0.352
			0.5872	-0.4942	-0.6411
			0.4498	-0.3553	-0.8194
			-0.2626	0.6973	-0.6669
			0.2669	-0.2468	-0.9316
			0.6517	0.2334	0.7216
			-0.7108	-0.144	0.6885
			0.2646	-0.9617	0.072
			-0.6517	-0.2334	-0.7216
			0.7108	0.144	-0.6885
			-0.2646	0.9617	-0.072
		b:
			-435.3125
			-313.4356
			-501.6936
			-537.7081
			-44.6976
			-554.5308
			487.4453
			265.6587
			-349.5924
			-473.4453
			-255.6587
			363.5924
	==================================================================================
	Q2:
		Shape: Ellipse
		q_c:	22.5	409.0	509.0
		ub :	33.2637	416.7434	518.3873
		lb :	11.7363	401.2566	499.6127
		P^-1:
			0.0288	-0.0275	0.001
			-0.0275	0.0673	0.0023
			0.001	0.0023	0.0198
	==================================================================================
	Q3:
		Shape: Hybrid
		q_c:	41.5	397.0	502.5
		ub :	51.6147	405.9812	512.7087
		lb :	31.3853	388.0188	492.2913
		P^-1:
			0.01	-0.0003	-0.0001
			-0.0003	0.0257	0.005
			-0.0001	0.005	0.0159
		A:
			0.4185	0.7997	-0.4306
			-0.6578	0.7315	0.1794
			0.4811	0.7299	0.4856
			-0.6349	-0.253	-0.73
			0.0713	-0.7956	0.6016
			0.4129	0.2911	0.863
		b:
			123.568
			358.1971
			558.0136
			-488.0033
			-5.6236
			571.382
	==================================================================================
	Q4:
		Shape: Polyhedra
		q_c:	39.5	421.0	489.0
		ub :	49.6912	431.5968	498.5198
		lb :	29.3088	410.4032	479.4802
		A:
			-0.7242	0.627	-0.2869
			0.2444	0.8291	-0.5029
			-0.5541	-0.6367	-0.5362
			0.1617	0.323	0.9325
			-0.49	-0.5581	0.6697
			-0.5413	-0.6498	0.5336
			0.3273	0.8246	0.4613
			-0.1209	0.5208	-0.8451
			-0.9371	0.2208	0.2702
			-0.3273	-0.8246	-0.4613
			0.1209	-0.5208	0.8451
			0.9371	-0.2208	-0.2702
		b:
			101.4732
			118.564
			-544.2921
			605.1294
			78.9949
			-27.7819
			593.696
			-194.284
			195.5622
			-577.696
			203.284
			-180.5622
	==================================================================================
	Q5:
		Shape: Ellipse
		q_c:	16.5	416.5	500.0
		ub :	22.8482	423.1645	503.32
		lb :	10.1518	409.8355	496.68
		P^-1:
			0.0552	-0.0116	0.0061
			-0.0116	0.0496	-0.0136
			0.0061	-0.0136	0.1578
	==================================================================================
	Q6:
		Shape: Hybrid
		q_c:	43.5	419.0	502.0
		ub :	50.9183	427.2843	507.5703
		lb :	36.0817	410.7157	496.4297
		P^-1:
			0.0783	0.0426	-0.01
			0.0426	0.0558	0.0143
			-0.01	0.0143	0.0765
		A:
			-0.7265	-0.3753	0.5757
			-0.6123	0.3692	0.6991
			0.1815	0.9582	-0.2212
			0.2688	0.7249	0.6342
			0.4019	-0.3371	-0.8514
			-0.9705	-0.2034	0.1298
		b:
			101.8135
			482.0412
			302.4049
			635.8845
			-548.8017
			-59.7828


===========================================================================================
===========================================================================================
S10:
	q_c:	481.5	157.5	51.0
	ub :	487.163	163.0451	57.8857
	lb :	477.2979	150.9819	43.1724

	==================================================================================
	Q1:
		Shape: Polyhedra
		q_c:	484.0	154.5	54.5
		ub :	486.7405	158.0181	57.8857
		lb :	481.2595	150.9819	51.1143
		A:
			-0.7764	0.5453	0.316
			-0.0827	-0.8973	0.4336
			0.6221	0.5776	-0.5286
			0.4993	-0.1519	-0.853
			-0.6695	-0.6032	0.4335
			-0.0212	-0.9963	-0.0833
			0.1831	0.8622	0.4722
			0.777	0.1673	-0.6069
			-0.6023	0.4781	-0.6393
			-0.1831	-0.8622	-0.4722
			-0.777	-0.1673	0.6069
			0.6023	-0.4781	0.6393
		b:
			-272.4023
			-152.7824
			362.9157
			173.1798
			-392.1541
			-166.2484
			250.0879
			369.8402
			-249.9948
			-245.0879
			-367.8402
			254.9948
	==================================================================================
	Q2:
		Shape: Ellipse
		q_c:	480.0	158.0	49.0
		ub :	482.7021	160.7918	51.6574
		lb :	477.2979	155.2082	46.3426
		P^-1:
			0.4049	0.0395	0.0675
			0.0395	0.405	-0.0675
			0.0675	-0.0675	0.329
	==================================================================================
	Q3:
		Shape: Polyhedra
		q_c:	483.5	159.0	46.5
		ub :	486.8529	161.6084	49.8276
		lb :	480.1471	156.3916	43.1724
		A:
			-0.553	-0.8142	-0.177
			0.0594	-0.9845	-0.1653
			0.0189	0.3213	0.9468
			-0.7758	-0.3937	0.4931
			-0.0142	-0.153	0.9881
			-0.0606	-0.7946	-0.6041
			0.3623	0.6786	0.6389
			0.8948	-0.0613	-0.4422
			-0.2609	0.7319	-0.6294
			-0.3623	-0.6786	-0.6389
			-0.8948	0.0613	0.4422
			0.2609	-0.7319	0.6294
		b:
			-403.0185
			-133.6643
			106.2973
			-412.4385
			16.6344
			-181.7121
			314.7707
			404.8256
			-37.5393
			-310.7707
			-399.8256
			40.5393
	==================================================================================
	Q4:
		Shape: Hybrid
		q_c:	484.5	161.0	49.5
		ub :	487.1421	163.0451	52.1842
		lb :	481.8579	158.9549	46.8158
		P^-1:
			0.5819	0.058	0.4128
			0.058	0.4317	-0.0275
			0.4128	-0.0275	0.5909
		A:
			-0.6106	0.5479	-0.5717
			0.5225	-0.689	0.5023
			0.4304	-0.0901	-0.8981
			0.5272	0.1149	0.842
			0.598	0.767	0.2326
			-0.7115	-0.2784	-0.6452
		b:
			-235.208
			167.891
			151.4475
			316.2083
			425.578
			-420.9422
	==================================================================================
	Q5:
		Shape: Ellipse
		q_c:	485.0	159.0	49.0
		ub :	487.163	161.8619	51.8929
		lb :	482.837	156.1381	46.1071
		P^-1:
			0.4442	0.0054	-0.0044
			0.0054	0.3282	0.0952
			-0.0044	0.0952	0.3665
	==================================================================================
	Q6:
		Shape: Ellipse
		q_c:	482.5	155.5	54.0
		ub :	485.507	158.489	56.2524
		lb :	479.493	152.511	51.7476
		P^-1:
			0.25	-0.0	-0.0
			-0.0	0.25	-0.0
			-0.0	-0.0	0.25


===========================================================================================
===========================================================================================
S11:
	q_c:	70.0	466.0	449.0
	ub :	78.0805	474.7646	459.7477
	lb :	62.627	456.7471	442.1357

	==================================================================================
	Q1:
		Shape: Hybrid
		q_c:	66.5	471.0	453.0
		ub :	69.5296	474.7646	456.3581
		lb :	63.4704	467.2354	449.6419
		P^-1:
			0.3231	-0.0014	0.103
			-0.0014	0.1438	0.0755
			0.103	0.0755	0.3387
		A:
			0.2128	-0.9117	-0.3516
			0.5893	0.5392	-0.6017
			0.635	0.0006	0.7725
			-0.7256	-0.2085	0.6558
			-0.1191	0.0675	-0.9906
			0.0865	-0.2128	-0.9732
		b:
			-572.8064
			22.5734
			393.294
			152.2413
			-423.6805
			-534.3105
	==================================================================================
	Q2:
		Shape: Ellipse
		q_c:	69.5	462.0	449.0
		ub :	74.6324	467.2529	453.7613
		lb :	64.3676	456.7471	444.2387
		P^-1:
			0.1036	-0.0124	-0.0033
			-0.0124	0.0906	-0.0055
			-0.0033	-0.0055	0.1097
	==================================================================================
	Q3:
		Shape: Ellipse
		q_c:	75.0	466.5	447.0
		ub :	78.0805	468.6478	449.8438
		lb :	71.9195	464.3522	444.1562
		P^-1:
			0.2152	-0.1267	0.1523
			-0.1267	0.6147	-0.3528
			0.1523	-0.3528	0.5801
	==================================================================================
	Q4:
		Shape: Ellipse
		q_c:	66.0	464.0	448.5
		ub :	68.4132	466.1055	451.3035
		lb :	63.5868	461.8945	445.6965
		P^-1:
			0.7946	-0.1275	0.3378
			-0.1275	0.9208	0.2097
			0.3378	0.2097	0.4446
	==================================================================================
	Q5:
		Shape: Ellipse
		q_c:	68.5	471.0	446.0
		ub :	72.6301	474.2333	449.8643
		lb :	64.3699	467.7667	442.1357
		P^-1:
			0.1593	0.1105	0.0392
			0.1105	0.3644	0.0898
			0.0392	0.0898	0.1429
	==================================================================================
	Q6:
		Shape: Polyhedra
		q_c:	66.0	468.5	456.0
		ub :	69.373	472.3714	459.7477
		lb :	62.627	464.6286	452.2523
		A:
			0.4006	0.5605	-0.7248
			-0.3484	-0.0095	0.9373
			0.5395	0.0884	-0.8373
			-0.3159	0.8487	-0.4241
			-0.7923	0.1857	0.5812
			-0.8266	-0.4451	0.3444
			0.0086	0.9207	0.3901
			0.5032	0.3331	-0.7974
			-0.8641	0.2032	-0.4605
			-0.0086	-0.9207	-0.3901
			-0.5032	-0.3331	0.7974
			0.8641	-0.2032	0.4605
		b:
			-39.8397
			401.7463
			-303.1465
			186.1536
			301.899
			-103.976
			612.8121
			-172.8234
			-168.8279
			-606.8121
			175.8234
			174.8279


===========================================================================================
===========================================================================================
S12:
	q_c:	449.0	250.0	55.5
	ub :	469.1237	265.8634	79.3753
	lb :	432.1448	227.333	34.865

	==================================================================================
	Q1:
		Shape: Ellipse
		q_c:	441.0	254.5	43.0
		ub :	449.217	265.0214	51.135
		lb :	432.783	243.9786	34.865
		P^-1:
			0.2125	0.0151	-0.2028
			0.0151	0.0328	-0.0465
			-0.2028	-0.0465	0.2585
	==================================================================================
	Q2:
		Shape: Polyhedra
		q_c:	452.5	257.5	70.0
		ub :	461.227	265.8634	76.7802
		lb :	443.773	249.1366	63.2198
		A:
			-0.9589	0.007	-0.2837
			0.1598	0.5024	-0.8497
			-0.7926	-0.5798	0.1884
			0.4129	0.8855	-0.2132
			-0.9088	-0.2721	0.3162
			-0.3181	0.8256	-0.466
			0.4865	0.8227	0.2942
			0.1777	0.2365	-0.9552
			-0.8554	0.517	-0.0312
			-0.4865	-0.8227	-0.2942
			-0.1777	-0.2365	0.9552
			0.8554	-0.517	0.0312
		b:
			-445.9725
			147.6848
			-489.7507
			404.7279
			-453.5629
			41.9325
			457.067
			79.9651
			-249.626
			-448.067
			-68.9651
			262.626
	==================================================================================
	Q3:
		Shape: Ellipse
		q_c:	460.0	244.5	62.5
		ub :	469.1237	254.7032	71.1951
		lb :	450.8763	234.2968	53.8049
		P^-1:
			0.0324	-0.002	0.0049
			-0.002	0.0282	0.008
			0.0049	0.008	0.0329
	==================================================================================
	Q4:
		Shape: Polyhedra
		q_c:	440.0	254.5	69.0
		ub :	447.8552	264.4179	79.3753
		lb :	432.1448	244.5821	58.6247
		A:
			-0.192	0.8246	0.5321
			-0.1552	0.7695	0.6195
			0.8302	-0.5034	-0.2395
			-0.7678	0.5106	-0.3871
			-0.2095	0.9777	0.0146
			0.8892	-0.1695	0.4249
			0.5386	0.6919	0.4808
			0.1705	0.4694	-0.8664
			-0.8251	0.5486	0.1349
			-0.5386	-0.6919	-0.4808
			-0.1705	-0.4694	0.8664
			0.8251	-0.5486	-0.1349
		b:
			166.9524
			175.281
			225.238
			-229.0249
			163.1959
			382.569
			451.2562
			143.1852
			-209.618
			-441.2562
			-126.1852
			218.618
	==================================================================================
	Q5:
		Shape: Hybrid
		q_c:	445.5	234.0	49.0
		ub :	453.6238	240.667	55.9846
		lb :	437.3762	227.333	42.0154
		P^-1:
			0.0457	0.0019	0.0232
			0.0019	0.0518	0.0115
			0.0232	0.0115	0.0613
		A:
			0.8962	-0.0575	-0.44
			-0.0771	-0.6301	-0.7727
			0.0865	0.9343	0.3458
			-0.2123	0.662	-0.7188
			0.02	-0.2928	-0.956
			-0.7577	0.1024	-0.6445
		b:
			368.3195
			-217.4538
			276.4972
			27.9915
			-103.813
			-343.1018
	==================================================================================
	Q6:
		Shape: Hybrid
		q_c:	449.5	258.5	64.0
		ub :	456.7119	263.5988	70.2212
		lb :	442.2881	253.4012	57.7788
		P^-1:
			0.0507	-0.0106	-0.0208
			-0.0106	0.078	-0.0072
			-0.0208	-0.0072	0.0676
		A:
			-0.326	0.8948	-0.3049
			-0.2186	-0.9112	0.3493
			-0.4423	0.8829	-0.1575
			0.8886	-0.3843	-0.2505
			-0.2134	0.9593	0.185
			0.2882	0.7931	-0.5365
		b:
			67.0784
			-309.5474
			21.198
			286.3021
			165.7277
			302.068


===========================================================================================
===========================================================================================
