3D_40_8_6_d                l = 3

===========================================================================================
===========================================================================================
S1:
	q_c:	195.0	277.5	258.0
	ub :	215.1428	293.1461	274.1413
	lb :	179.6503	267.0305	239.4755

	==================================================================================
	Q1:
		Shape: Polyhedra
		q_c:	192.0	288.5	264.0
		ub :	197.0445	293.1461	266.2862
		lb :	186.9555	283.8539	261.7138
		A:
			-0.5529	0.3839	-0.7395
			0.0499	0.0471	-0.9976
			0.3858	-0.4191	0.8219
			-0.1394	-0.9855	-0.0964
			0.1716	0.6038	-0.7785
			0.2908	0.4239	-0.8577
			0.4957	0.8548	0.1538
			0.8611	-0.4607	-0.2151
			-0.113	0.2391	-0.9644
			-0.4957	-0.8548	-0.1538
			-0.8611	0.4607	0.2151
			0.113	-0.2391	0.9644
		b:
			-188.4608
			-238.8323
			171.8234
			-333.4048
			3.3239
			-46.5708
			385.3791
			-20.3592
			-206.3285
			-379.3791
			28.3592
			208.3285
	==================================================================================
	Q2:
		Shape: Hybrid
		q_c:	191.0	273.5	265.0
		ub :	196.499	278.7431	272.3104
		lb :	185.501	268.2569	257.6896
		P^-1:
			0.1855	-0.0425	-0.0732
			-0.0425	0.1351	0.0478
			-0.0732	0.0478	0.0609
		A:
			-0.2162	0.8663	0.4503
			0.8193	0.4417	-0.3654
			-0.9842	0.0345	0.1735
			0.4519	-0.8146	-0.3636
			0.8969	-0.1235	-0.4247
			0.4787	-0.6756	-0.5607
		b:
			316.5408
			182.3653
			-130.9782
			-231.5836
			26.1648
			-240.471
	==================================================================================
	Q3:
		Shape: Ellipse
		q_c:	187.5	277.5	247.0
		ub :	195.3497	285.8093	254.5245
		lb :	179.6503	269.1907	239.4755
		P^-1:
			0.0279	0.0011	0.0009
			0.0011	0.0208	0.0017
			0.0009	0.0017	0.0326
	==================================================================================
	Q4:
		Shape: Ellipse
		q_c:	207.0	276.5	254.0
		ub :	215.1428	285.327	261.782
		lb :	198.8572	267.673	246.218
		P^-1:
			0.0459	-0.0143	-0.0098
			-0.0143	0.0391	0.0077
			-0.0098	0.0077	0.0331
	==================================================================================
	Q5:
		Shape: Polyhedra
		q_c:	203.0	277.5	263.0
		ub :	214.7323	286.7612	274.1413
		lb :	191.2677	268.2388	251.8587
		A:
			-0.2758	0.9398	0.2019
			-0.5378	0.8386	0.0871
			0.9211	0.2014	0.3331
			-0.4801	-0.2496	-0.841
			0.7639	0.5362	0.3591
			-0.0368	0.9806	-0.1926
			0.4667	0.8763	0.1197
			0.6515	-0.2491	-0.7166
			-0.5981	0.4125	-0.6871
			-0.4667	-0.8763	-0.1197
			-0.6515	0.2491	0.7166
			0.5981	-0.4125	0.6871
		b:
			264.3374
			153.4133
			336.8536
			-381.2756
			403.8822
			219.7385
			374.3941
			-117.3404
			-180.6754
			-364.3941
			133.3404
			194.6754
	==================================================================================
	Q6:
		Shape: Ellipse
		q_c:	193.0	274.5	265.5
		ub :	199.5967	281.9695	271.9519
		lb :	186.4033	267.0305	259.0481
		P^-1:
			0.042	0.0036	-0.0015
			0.0036	0.0506	0.0062
			-0.0015	0.0062	0.0592


===========================================================================================
===========================================================================================
S2:
	q_c:	480.0	338.5	510.0
	ub :	500.2652	362.9106	535.4533
	lb :	455.8946	317.6881	496.0282

	==================================================================================
	Q1:
		Shape: Ellipse
		q_c:	487.0	333.0	515.0
		ub :	497.675	345.6849	526.6406
		lb :	476.325	320.3151	503.3594
		P^-1:
			0.0569	-0.0196	-0.0463
			-0.0196	0.0204	0.0173
			-0.0463	0.0173	0.0576
	==================================================================================
	Q2:
		Shape: Ellipse
		q_c:	489.0	347.5	522.5
		ub :	500.2652	356.2499	535.4533
		lb :	477.7348	338.7501	509.5467
		P^-1:
			0.0144	-0.0043	0.0005
			-0.0043	0.0364	-0.0087
			0.0005	-0.0087	0.0131
	==================================================================================
	Q3:
		Shape: Polyhedra
		q_c:	471.5	337.5	508.5
		ub :	478.2818	346.013	516.9605
		lb :	464.7182	328.987	500.0395
		A:
			-0.2748	0.9416	0.1944
			0.376	-0.8973	0.2314
			-0.4135	0.7465	0.5213
			0.862	-0.1285	-0.4904
			0.9937	-0.1027	-0.0458
			-0.7851	0.4366	-0.4394
			0.5349	0.7117	0.4554
			0.2098	0.4102	-0.8875
			-0.8185	0.5703	0.0701
			-0.5349	-0.7117	-0.4554
			-0.2098	-0.4102	0.8875
			0.8185	-0.5703	-0.0701
		b:
			291.6192
			-3.7411
			326.3825
			117.7759
			414.3717
			-442.4506
			730.469
			-207.9257
			-155.2829
			-717.469
			219.9257
			160.2829
	==================================================================================
	Q4:
		Shape: Ellipse
		q_c:	473.0	345.5	501.5
		ub :	479.5803	352.0658	506.9718
		lb :	466.4197	338.9342	496.0282
		P^-1:
			0.1139	0.036	0.0866
			0.036	0.0875	0.0651
			0.0866	0.0651	0.1442
	==================================================================================
	Q5:
		Shape: Polyhedra
		q_c:	469.5	327.5	526.0
		ub :	478.7444	337.3119	533.8787
		lb :	460.2556	317.6881	518.1213
		A:
			0.7008	0.1184	-0.7035
			-0.6454	0.4622	0.6081
			0.3577	0.5966	-0.7185
			0.479	-0.875	-0.0697
			0.2751	-0.9215	-0.274
			0.6939	-0.4696	-0.5459
			0.6819	0.6979	0.2189
			0.6723	-0.4801	-0.5635
			-0.2882	0.5314	-0.7966
			-0.6819	-0.6979	-0.2189
			-0.6723	0.4801	0.5635
			0.2882	-0.5314	0.7966
		b:
			2.6854
			172.2008
			-8.9744
			-93.602
			-311.4995
			-111.1369
			671.3661
			-134.0236
			-375.2548
			-656.3661
			142.0236
			385.2548
	==================================================================================
	Q6:
		Shape: Ellipse
		q_c:	465.5	352.5	521.5
		ub :	475.1054	362.9106	529.9295
		lb :	455.8946	342.0894	513.0705
		P^-1:
			0.0326	-0.0093	-0.004
			-0.0093	0.0244	-0.001
			-0.004	-0.001	0.0339


===========================================================================================
===========================================================================================
S3:
	q_c:	480.0	470.5	49.0
	ub :	497.3109	486.6855	69.7626
	lb :	462.3329	452.3903	28.8376

	==================================================================================
	Q1:
		Shape: Hybrid
		q_c:	470.5	460.5	62.0
		ub :	478.6671	468.6097	69.7626
		lb :	462.3329	452.3903	54.2374
		P^-1:
			0.0524	-0.0121	-0.012
			-0.0121	0.0481	-0.0143
			-0.012	-0.0143	0.0482
		A:
			-0.9792	-0.159	0.1261
			0.7213	0.6908	-0.0494
			-0.5853	0.6692	-0.4578
			0.2961	-0.0951	0.9504
			0.5194	-0.437	0.7344
			0.0433	-0.3133	0.9487
		b:
			-523.3147
			658.032
			6.496
			157.7037
			91.2803
			-62.5584
	==================================================================================
	Q2:
		Shape: Ellipse
		q_c:	489.0	478.5	49.0
		ub :	497.3109	486.6855	58.413
		lb :	480.6891	470.3145	39.587
		P^-1:
			0.0288	0.0026	0.0022
			0.0026	0.0344	0.0055
			0.0022	0.0055	0.0323
	==================================================================================
	Q3:
		Shape: Ellipse
		q_c:	484.5	466.5	58.5
		ub :	494.1558	474.4547	68.1514
		lb :	474.8442	458.5453	48.8486
		P^-1:
			0.0421	-0.0167	0.012
			-0.0167	0.0381	-0.0087
			0.012	-0.0087	0.0237
	==================================================================================
	Q4:
		Shape: Polyhedra
		q_c:	478.0	471.5	39.5
		ub :	486.0747	481.8732	50.1624
		lb :	469.9253	461.1268	28.8376
		A:
			-0.4485	0.8043	0.3899
			-0.9086	-0.3533	0.2226
			-0.142	0.7473	-0.6491
			0.796	-0.5931	0.1208
			0.8368	0.3379	-0.4307
			-0.4394	-0.892	-0.1063
			0.6271	0.4445	0.6397
			-0.004	0.823	-0.568
			-0.7789	0.3536	0.5179
			-0.6271	-0.4445	-0.6397
			0.004	-0.823	0.568
			0.7789	-0.3536	-0.5179
		b:
			186.0972
			-586.1559
			265.7893
			111.6676
			548.3481
			-628.3247
			540.6066
			370.7012
			-179.6316
			-528.6066
			-356.7012
			190.6316
	==================================================================================
	Q5:
		Shape: Polyhedra
		q_c:	484.5	470.5	57.5
		ub :	491.8165	478.1355	65.614
		lb :	477.1835	462.8645	49.386
		A:
			0.6952	0.4146	0.5872
			0.4671	0.8691	-0.1629
			0.2834	0.7253	-0.6274
			0.6171	-0.7858	0.0403
			0.4274	0.731	0.532
			0.4995	0.8426	0.2013
			0.773	0.558	0.3017
			0.3191	-0.7531	0.5754
			0.5483	-0.3486	-0.7602
			-0.773	-0.558	-0.3017
			-0.3191	0.7531	-0.5754
			-0.5483	0.3486	0.7602
		b:
			569.3761
			629.9463
			447.2987
			-63.254
			585.5198
			653.8315
			657.9384
			-161.6466
			63.4308
			-650.9384
			171.6466
			-52.4308
	==================================================================================
	Q6:
		Shape: Ellipse
		q_c:	480.5	477.5	51.5
		ub :	487.9821	483.5213	59.468
		lb :	473.0179	471.4787	43.532
		P^-1:
			0.0581	0.0104	0.0237
			0.0104	0.0541	0.0055
			0.0237	0.0055	0.0467


===========================================================================================
===========================================================================================
S4:
	q_c:	347.0	101.0	379.0
	ub :	364.7379	117.5736	395.2486
	lb :	328.8672	83.1257	367.4749

	==================================================================================
	Q1:
		Shape: Polyhedra
		q_c:	356.5	96.5	384.5
		ub :	360.8813	100.913	389.4508
		lb :	352.1187	92.087	379.5492
		A:
			-0.7785	0.1136	-0.6173
			0.8027	-0.1019	-0.5876
			0.0942	-0.8423	0.5307
			-0.6122	-0.5885	0.528
			-0.6964	-0.5703	-0.4356
			0.301	0.3723	0.8779
			0.2211	0.7911	0.5703
			0.8416	0.1407	-0.5214
			-0.4927	0.5953	-0.6347
			-0.2211	-0.7911	-0.5703
			-0.8416	-0.1407	0.5214
			0.4927	-0.5953	0.6347
		b:
			-500.68
			52.899
			159.6724
			-69.3488
			-468.2048
			483.5788
			376.9517
			115.6437
			-358.7557
			-371.9517
			-110.6437
			365.7557
	==================================================================================
	Q2:
		Shape: Ellipse
		q_c:	351.5	110.0	384.5
		ub :	357.4404	117.5736	392.0037
		lb :	345.5596	102.4264	376.9963
		P^-1:
			0.0707	-0.0131	-0.008
			-0.0131	0.0522	0.0097
			-0.008	0.0097	0.0481
	==================================================================================
	Q3:
		Shape: Polyhedra
		q_c:	359.5	90.0	379.0
		ub :	364.7379	96.8743	385.7607
		lb :	354.2621	83.1257	372.2393
		A:
			0.8161	-0.4941	-0.2997
			0.6549	0.5985	-0.4614
			-0.7341	-0.1862	-0.653
			0.9765	-0.0296	-0.2133
			0.8041	0.4704	-0.3636
			-0.5723	-0.3502	0.7415
			0.3294	0.714	0.6179
			-0.4385	0.6952	-0.5696
			-0.8362	-0.0833	0.542
			-0.3294	-0.714	-0.6179
			0.4385	-0.6952	0.5696
			0.8362	0.0833	-0.542
		b:
			138.3742
			117.4885
			-523.2865
			270.003
			196.4645
			46.2121
			422.336
			-306.9432
			-100.6809
			-411.336
			314.9432
			104.6809
	==================================================================================
	Q4:
		Shape: Polyhedra
		q_c:	349.5	98.0	390.5
		ub :	355.3642	106.1401	395.2486
		lb :	343.6358	89.8599	385.7514
		A:
			-0.1236	0.4379	-0.8905
			0.1256	-0.0536	-0.9906
			-0.1609	0.4474	0.8797
			0.361	0.1717	-0.9166
			0.4641	0.0446	-0.8847
			-0.9355	0.1195	0.3324
			0.3904	0.8891	0.239
			0.6555	-0.4507	0.6059
			0.6464	-0.0799	-0.7588
			-0.3904	-0.8891	-0.239
			-0.6555	0.4507	-0.6059
			-0.6464	0.0799	0.7588
		b:
			-345.2423
			-345.5787
			335.461
			-213.0444
			-177.2661
			-183.1193
			324.4133
			424.5407
			-76.6913
			-309.4133
			-418.5407
			79.6913
	==================================================================================
	Q5:
		Shape: Polyhedra
		q_c:	339.0	94.5	372.5
		ub :	342.7355	98.3752	376.4414
		lb :	335.2645	90.6248	368.5586
		A:
			-0.6935	0.6277	0.3534
			-0.4787	0.4165	-0.7729
			0.4559	0.5996	-0.6578
			-0.0054	-0.2081	0.9781
			0.992	0.0541	-0.1142
			0.8196	-0.4709	-0.3263
			0.4784	0.6874	0.5464
			0.4779	-0.7258	0.4948
			0.7367	0.0245	-0.6758
			-0.4784	-0.6874	-0.5464
			-0.4779	0.7258	-0.4948
			-0.7367	-0.0245	0.6758
		b:
			-42.2817
			-408.8016
			-32.0312
			344.9104
			301.1175
			113.3835
			434.6768
			279.2137
			1.8379
			-426.6768
			-276.2137
			1.1621
	==================================================================================
	Q6:
		Shape: Ellipse
		q_c:	338.5	97.0	376.5
		ub :	348.1328	105.3516	385.5251
		lb :	328.8672	88.6484	367.4749
		P^-1:
			0.0365	0.0113	-0.0144
			0.0113	0.0335	-0.0126
			-0.0144	-0.0126	0.0398


===========================================================================================
===========================================================================================
S5:
	q_c:	339.0	317.0	368.0
	ub :	346.4712	328.5245	377.3511
	lb :	330.6914	307.8106	361.7654

	==================================================================================
	Q1:
		Shape: Hybrid
		q_c:	335.5	321.5	372.5
		ub :	340.3086	325.7785	377.3511
		lb :	330.6914	317.2215	367.6489
		P^-1:
			0.1109	-0.015	-0.0348
			-0.015	0.1554	-0.0106
			-0.0348	-0.0106	0.1354
		A:
			0.0333	0.5941	-0.8037
			-0.6874	0.7122	-0.142
			-0.9753	0.0788	-0.2064
			-0.1568	0.8619	0.4823
			0.8221	0.4715	-0.3192
			0.0139	-0.598	-0.8014
		b:
			-95.8534
			-53.051
			-376.7337
			405.5426
			310.0973
			-484.482
	==================================================================================
	Q2:
		Shape: Hybrid
		q_c:	336.0	313.5	365.5
		ub :	339.0682	316.6349	369.2346
		lb :	332.9318	310.3651	361.7654
		P^-1:
			0.3224	-0.029	-0.1579
			-0.029	0.1616	0.011
			-0.1579	0.011	0.2315
		A:
			-0.1918	0.9812	0.023
			0.3238	-0.3829	-0.8652
			-0.9919	0.0757	0.1021
			-0.5959	-0.5003	0.6282
			0.8318	-0.4867	0.2668
			0.0394	-0.9833	-0.1775
		b:
			253.253
			-326.0957
			-270.9523
			-126.2861
			226.1258
			-358.1531
	==================================================================================
	Q3:
		Shape: Polyhedra
		q_c:	334.5	313.0	366.5
		ub :	337.8447	315.7535	370.2861
		lb :	331.1553	310.2465	362.7139
		A:
			0.9153	0.1619	-0.3688
			0.2909	-0.9566	-0.0198
			-0.4417	0.8167	0.3713
			-0.1059	-0.9736	-0.2024
			-0.7706	0.598	-0.2204
			0.5404	-0.7728	-0.3329
			0.1091	0.9376	0.3303
			0.2611	0.2936	-0.9196
			-0.9591	0.1865	-0.2127
			-0.1091	-0.9376	-0.3303
			-0.2611	-0.2936	0.9196
			0.9591	-0.1865	0.2127
		b:
			224.3919
			-207.5514
			245.8445
			-412.7815
			-148.9667
			-181.1428
			452.4972
			-154.807
			-337.9115
			-449.4972
			160.807
			342.9115
	==================================================================================
	Q4:
		Shape: Ellipse
		q_c:	339.0	314.0	368.5
		ub :	342.5163	317.7386	371.8003
		lb :	335.4837	310.2614	365.1997
		P^-1:
			0.4796	-0.0822	-0.4257
			-0.0822	0.1611	0.0655
			-0.4257	0.0655	0.6304
	==================================================================================
	Q5:
		Shape: Ellipse
		q_c:	338.5	312.0	366.5
		ub :	341.5857	316.1894	370.3335
		lb :	335.4143	307.8106	362.6665
		P^-1:
			0.281	0.0238	0.0822
			0.0238	0.2231	0.1571
			0.0822	0.1571	0.272
	==================================================================================
	Q6:
		Shape: Hybrid
		q_c:	341.5	324.0	367.0
		ub :	346.4712	328.5245	371.6342
		lb :	336.5288	319.4755	362.3658
		P^-1:
			0.1177	-0.046	0.0246
			-0.046	0.1615	-0.0685
			0.0246	-0.0685	0.1636
		A:
			0.8325	0.2877	-0.4735
			0.3642	0.0484	-0.9301
			-0.8359	0.3376	-0.4329
			0.6725	-0.6742	0.3051
			0.2863	-0.3052	0.9082
			-0.5674	-0.7092	0.4185
		b:
			205.8384
			-199.5005
			-333.4208
			124.4296
			333.5467
			-267.9266


===========================================================================================
===========================================================================================
S6:
	q_c:	301.0	37.5	125.5
	ub :	324.7886	58.5678	149.2871
	lb :	279.2845	15.5398	101.1726

	==================================================================================
	Q1:
		Shape: Hybrid
		q_c:	307.5	33.5	129.5
		ub :	318.0289	46.0131	138.8258
		lb :	296.9711	20.9869	120.1742
		P^-1:
			0.0378	0.0166	0.0072
			0.0166	0.0256	-0.0099
			0.0072	-0.0099	0.0342
		A:
			0.2235	0.5428	-0.8096
			-0.0505	-0.5805	0.8127
			-0.6932	-0.6969	-0.184
			-0.5122	-0.8098	0.2861
			-0.797	-0.5958	-0.0997
			0.9741	-0.2251	-0.0205
		b:
			-15.247
			72.9979
			-257.4882
			-144.7577
			-275.6261
			295.3008
	==================================================================================
	Q2:
		Shape: Hybrid
		q_c:	289.5	36.0	134.5
		ub :	299.7155	45.7332	142.4417
		lb :	279.2845	26.2668	126.5583
		P^-1:
			0.0256	-0.0008	-0.0052
			-0.0008	0.024	0.0021
			-0.0052	0.0021	0.0378
		A:
			-0.1595	0.8211	0.548
			0.7843	0.2635	-0.5616
			-0.5274	0.8478	-0.0551
			-0.5	-0.486	0.7168
			0.661	0.2802	-0.6961
			0.4304	0.0711	0.8998
		b:
			60.4495
			164.218
			-125.6643
			-62.6822
			110.8327
			251.5108
	==================================================================================
	Q3:
		Shape: Polyhedra
		q_c:	315.5	44.5	137.5
		ub :	324.7886	58.5678	149.2871
		lb :	306.2114	30.4322	125.7129
		A:
			-0.5123	-0.7461	0.4252
			-0.2496	0.8697	-0.4259
			-0.7139	-0.1913	0.6736
			0.4583	-0.6167	0.6401
			0.3477	-0.7242	-0.5955
			0.3608	-0.454	0.8147
			0.99	0.0982	0.1013
			-0.04	-0.4933	0.8689
			0.1353	-0.8643	-0.4845
			-0.99	-0.0982	-0.1013
			0.04	0.4933	-0.8689
			-0.1353	0.8643	0.4845
		b:
			-128.8512
			-90.0486
			-133.9312
			212.169
			7.2975
			211.9209
			338.1447
			90.9052
			-50.3854
			-323.1447
			-78.9052
			74.3854
	==================================================================================
	Q4:
		Shape: Ellipse
		q_c:	313.0	45.0	133.0
		ub :	322.777	55.462	144.5476
		lb :	303.223	34.538	121.4524
		P^-1:
			0.0232	-0.0015	-0.001
			-0.0015	0.0182	-0.0034
			-0.001	-0.0034	0.0215
	==================================================================================
	Q5:
		Shape: Ellipse
		q_c:	291.5	45.0	116.0
		ub :	301.5638	52.1834	125.0275
		lb :	281.4362	37.8166	106.9725
		P^-1:
			0.0778	-0.0175	0.0696
			-0.0175	0.0719	0.0178
			0.0696	0.0178	0.1011
	==================================================================================
	Q6:
		Shape: Polyhedra
		q_c:	313.0	28.0	112.0
		ub :	324.6084	40.4602	122.8274
		lb :	301.3916	15.5398	101.1726
		A:
			0.6165	0.6497	0.4447
			-0.0279	-0.3359	0.9415
			-0.1897	-0.5023	-0.8437
			-0.0324	-0.2205	0.9748
			-0.834	-0.3895	0.3909
			-0.6586	-0.7341	0.1653
			0.6714	0.6901	0.27
			0.7354	-0.5756	-0.3575
			-0.0913	0.4386	-0.894
			-0.6714	-0.6901	-0.27
			-0.7354	0.5756	0.3575
			0.0913	-0.4386	0.894
		b:
			267.0105
			93.9197
			-160.9222
			99.5838
			-220.9258
			-202.036
			265.7244
			183.5273
			-109.9248
			-253.7244
			-164.5273
			122.9248


===========================================================================================
===========================================================================================
S7:
	q_c:	160.5	490.5	193.0
	ub :	179.3783	500.736	206.6969
	lb :	145.6787	473.1047	176.5269

	==================================================================================
	Q1:
		Shape: Polyhedra
		q_c:	166.0	482.5	198.5
		ub :	171.873	485.476	205.7978
		lb :	160.127	479.524	191.2022
		A:
			0.4189	0.8618	0.286
			-0.5886	-0.7772	-0.2225
			-0.4625	-0.7857	-0.4108
			-0.516	-0.8366	-0.1841
			-0.7797	-0.5288	-0.3353
			-0.2018	-0.9214	-0.332
			0.5062	0.8232	0.2573
			0.7683	-0.5659	0.2991
			0.3918	0.0463	-0.9189
			-0.5062	-0.8232	-0.2573
			-0.7683	0.5659	-0.2991
			-0.3918	-0.0463	0.9189
		b:
			542.8382
			-516.1521
			-536.2629
			-525.1552
			-449.4681
			-542.3248
			532.7688
			-82.1566
			-88.5342
			-531.7688
			90.1566
			101.5342
	==================================================================================
	Q2:
		Shape: Polyhedra
		q_c:	152.5	493.5	194.0
		ub :	157.9104	500.736	201.6904
		lb :	147.0896	486.264	186.3096
		A:
			0.4327	-0.8561	-0.2826
			-0.8089	-0.2924	0.5101
			-0.8033	0.1087	0.5856
			-0.7777	0.6223	0.089
			-0.6062	-0.5734	0.5511
			-0.9481	-0.3172	-0.0231
			0.129	0.6195	0.7743
			-0.1717	0.783	-0.5978
			-0.9767	-0.0559	0.2074
			-0.129	-0.6195	-0.7743
			0.1717	-0.783	0.5978
			0.9767	0.0559	-0.2074
		b:
			-406.4974
			-164.5141
			48.9455
			210.2272
			-264.0176
			-301.4705
			480.6115
			249.2514
			-132.2698
			-470.6115
			-239.2514
			140.2698
	==================================================================================
	Q3:
		Shape: Hybrid
		q_c:	168.5	490.5	182.5
		ub :	176.9088	499.3983	188.4731
		lb :	160.0912	481.6017	176.5269
		P^-1:
			0.0503	0.0072	-0.0426
			0.0072	0.0435	-0.0414
			-0.0426	-0.0414	0.1265
		A:
			-0.0206	0.0927	-0.9955
			-0.6711	0.3437	-0.6569
			-0.0859	0.9789	-0.1852
			-0.2586	0.4258	-0.8671
			-0.5133	-0.4372	0.7385
			0.9522	-0.1658	-0.2565
		b:
			-137.1315
			-60.5921
			436.0028
			9.587
			-164.551
			35.6897
	==================================================================================
	Q4:
		Shape: Polyhedra
		q_c:	155.5	482.0	188.5
		ub :	162.2156	487.1901	194.0898
		lb :	148.7844	476.8099	182.9102
		A:
			-0.3341	0.8289	0.4487
			-0.1157	0.2914	-0.9496
			0.4858	0.2375	0.8412
			-0.5325	-0.0431	-0.8453
			-0.1298	-0.3487	0.9282
			0.1096	-0.6114	0.7837
			0.4889	0.0072	0.8723
			-0.8655	0.1284	0.4841
			-0.1085	-0.9917	0.069
			-0.4889	-0.0072	-0.8723
			0.8655	-0.1284	-0.4841
			0.1085	0.9917	-0.069
		b:
			436.988
			-52.9767
			351.6681
			-259.9266
			-9.2301
			-126.0793
			246.9092
			24.0321
			-477.3728
			-240.9092
			-13.0321
			486.3728
	==================================================================================
	Q5:
		Shape: Polyhedra
		q_c:	151.0	495.5	197.5
		ub :	156.3213	500.6295	203.3935
		lb :	145.6787	490.3705	191.6065
		A:
			-0.223	-0.9626	0.1536
			0.1893	0.1269	-0.9737
			0.5971	-0.6588	-0.4576
			-0.2138	-0.397	0.8926
			0.8551	-0.4556	-0.2475
			-0.5714	0.4875	0.6602
			0.6264	0.461	0.6286
			0.7675	-0.2235	-0.6009
			-0.1365	0.8588	-0.4938
			-0.6264	-0.461	-0.6286
			-0.7675	0.2235	0.6009
			0.1365	-0.8588	0.4938
		b:
			-476.8623
			-97.7465
			-324.2718
			-50.1027
			-143.2582
			288.1331
			452.6549
			-111.5446
			309.8883
			-441.6549
			115.5446
			-304.8883
	==================================================================================
	Q6:
		Shape: Hybrid
		q_c:	172.5	480.5	199.0
		ub :	179.3783	487.8953	206.6969
		lb :	165.6217	473.1047	191.3031
		P^-1:
			0.0441	0.005	0.0074
			0.005	0.0329	0.0112
			0.0074	0.0112	0.0534
		A:
			0.7683	0.6113	0.1898
			-0.2526	0.0417	0.9667
			-0.3711	0.7755	0.5108
			-0.1883	0.1236	0.9743
			-0.8238	-0.2823	-0.4916
			0.1739	0.7019	0.6907
		b:
			466.7307
			171.4912
			413.3246
			223.3214
			-373.3057
			507.0805


===========================================================================================
===========================================================================================
S8:
	q_c:	189.0	162.5	181.5
	ub :	192.8688	167.1907	184.9101
	lb :	184.7009	161.1555	177.5443

	==================================================================================
	Q1:
		Shape: Ellipse
		q_c:	187.5	165.0	180.0
		ub :	189.8633	167.1907	182.0741
		lb :	185.1367	162.8093	177.9259
		P^-1:
			0.4444	0.0	0.0
			0.0	0.4444	0.0
			0.0	0.0	0.4444
	==================================================================================
	Q2:
		Shape: Polyhedra
		q_c:	187.5	164.5	179.5
		ub :	189.4782	166.1932	181.4557
		lb :	185.5218	162.8068	177.5443
		A:
			-0.6131	-0.3007	0.7305
			0.7498	0.6291	-0.2052
			-0.9354	-0.2908	0.2014
			0.9573	0.2689	0.1065
			0.4099	0.2603	0.8742
			-0.6346	0.6696	0.3859
			0.8491	0.2063	0.4863
			-0.228	-0.6873	0.6896
			0.4765	-0.6965	-0.5365
			-0.8491	-0.2063	-0.4863
			0.228	0.6873	-0.6896
			-0.4765	0.6965	0.5365
		b:
			-32.2589
			208.4845
			-185.759
			244.2722
			277.9529
			61.4633
			281.9322
			-31.0266
			-120.527
			-278.9322
			33.0266
			122.527
	==================================================================================
	Q3:
		Shape: Polyhedra
		q_c:	191.5	163.0	183.0
		ub :	192.8688	164.6351	183.7223
		lb :	190.1312	161.3649	182.2777
		A:
			0.3835	0.0751	-0.9205
			-0.8454	-0.2551	0.4692
			-0.9154	-0.1441	-0.3757
			0.7001	0.509	0.5007
			-0.3604	-0.2112	0.9086
			-0.866	-0.3296	0.3761
			0.7224	0.4539	0.5216
			-0.5197	0.854	-0.0234
			-0.4561	-0.2542	0.8528
			-0.7224	-0.4539	-0.5216
			0.5197	-0.854	0.0234
			0.4561	0.2542	-0.8528
		b:
			-82.2403
			-117.0332
			-266.8469
			309.1853
			63.3427
			-150.1984
			308.2863
			36.9012
			27.7874
			-307.2863
			-33.9012
			-26.7874
	==================================================================================
	Q4:
		Shape: Hybrid
		q_c:	189.0	164.0	183.5
		ub :	190.914	165.8552	184.9101
		lb :	187.086	162.1448	182.0899
		P^-1:
			0.5214	0.1918	-0.0041
			0.1918	0.9231	0.0016
			-0.0041	0.0016	1.0
		A:
			0.7199	-0.5785	0.3836
			0.34	-0.0349	-0.9398
			-0.5792	0.8152	-0.0079
			-0.1598	-0.9351	-0.3163
			-0.0937	0.9519	0.2919
			-0.1441	-0.8844	0.444
		b:
			112.4674
			-113.3425
			23.6425
			-241.0827
			192.5716
			-90.2678
	==================================================================================
	Q5:
		Shape: Hybrid
		q_c:	189.5	164.5	182.0
		ub :	191.3022	166.231	183.4157
		lb :	187.6978	162.769	180.5843
		P^-1:
			0.7368	-0.0959	-0.3558
			-0.0959	1.7442	-1.5097
			-0.3558	-1.5097	2.9635
		A:
			-0.4135	0.4725	-0.7783
			-0.2323	0.3603	-0.9035
			-0.0142	0.1476	0.9889
			0.1997	-0.6115	0.7657
			-0.4347	0.0003	0.9006
			-0.4562	0.7418	0.4916
		b:
			-141.7626
			-148.7236
			202.2748
			76.9227
			82.0825
			125.8463
	==================================================================================
	Q6:
		Shape: Hybrid
		q_c:	187.0	163.0	182.0
		ub :	189.2991	164.8445	184.2085
		lb :	184.7009	161.1555	179.7915
		P^-1:
			0.6421	0.222	0.1465
			0.222	0.6938	0.1645
			0.1465	0.1645	0.553
		A:
			0.4565	0.884	0.1011
			0.5926	0.7815	0.1949
			-0.6046	-0.3253	0.7271
			-0.9805	0.0014	0.1966
			0.9273	0.3083	0.2123
			-0.8082	-0.5885	0.0208
		b:
			248.4463
			274.2306
			-32.7892
			-146.4534
			262.9457
			-242.6385


===========================================================================================
===========================================================================================
