3D_45_13_6_a                l = 3

===========================================================================================
===========================================================================================
S1:
	q_c:	208.0	275.5	107.5
	ub :	235.7435	296.4461	119.268
	lb :	180.242	248.6228	77.4592

	==================================================================================
	Q1:
		Shape: Polyhedra
		q_c:	220.0	257.5	91.0
		ub :	229.5345	266.3772	97.261
		lb :	210.4655	248.6228	84.739
		A:
			0.5868	-0.1658	0.7926
			0.3063	-0.9157	-0.2601
			-0.4598	-0.3412	-0.8199
			0.6186	-0.7112	-0.334
			0.7842	-0.6201	-0.0204
			0.5669	-0.8237	0.0121
			0.8263	0.5421	0.1526
			0.4312	-0.4347	-0.7907
			-0.3623	0.7191	-0.5929
			-0.8263	-0.5421	-0.1526
			-0.4312	0.4347	0.7907
			0.3623	-0.7191	0.5929
		b:
			164.0653
			-187.874
			-257.5343
			-73.8722
			15.4606
			-82.2277
			343.278
			-86.0098
			56.0091
			-327.278
			92.0098
			-47.0091
	==================================================================================
	Q2:
		Shape: Hybrid
		q_c:	204.5	261.5	107.0
		ub :	217.7051	272.1319	116.4905
		lb :	191.2949	250.8681	97.5095
		P^-1:
			0.0171	0.0145	0.0274
			0.0145	0.0554	0.0634
			0.0274	0.0634	0.1123
		A:
			-0.3544	-0.1366	-0.9251
			-0.0476	0.7923	0.6083
			0.6912	-0.0243	-0.7223
			0.0977	-0.1279	-0.987
			-0.7436	-0.5553	-0.3723
			0.3205	0.3586	0.8768
		b:
			-204.3801
			265.3482
			65.8483
			-114.7845
			-331.2613
			254.8353
	==================================================================================
	Q3:
		Shape: Ellipse
		q_c:	214.0	265.5	88.0
		ub :	229.0632	280.688	98.5408
		lb :	198.9368	250.312	77.4592
		P^-1:
			0.0146	0.0064	-0.0038
			0.0064	0.0135	-0.0047
			-0.0038	-0.0047	0.0229
	==================================================================================
	Q4:
		Shape: Hybrid
		q_c:	225.0	269.5	113.5
		ub :	235.7435	280.1126	119.268
		lb :	214.2565	258.8874	107.732
		P^-1:
			0.0224	0.0138	-0.0279
			0.0138	0.0493	-0.0787
			-0.0279	-0.0787	0.2142
		A:
			0.1134	0.043	-0.9926
			-0.6215	-0.0676	-0.7805
			-0.0283	0.1067	-0.9939
			0.1857	0.8178	-0.5448
			0.4499	-0.6922	0.5643
			0.107	-0.6436	0.7578
		b:
			-73.4434
			-241.8919
			-88.4755
			203.8114
			-16.5157
			-60.7305
	==================================================================================
	Q5:
		Shape: Polyhedra
		q_c:	191.0	286.0	87.0
		ub :	201.758	296.4461	96.2002
		lb :	180.242	275.5539	77.7998
		A:
			0.4953	-0.8637	0.0933
			-0.4389	-0.2019	-0.8755
			0.9625	0.2626	0.0683
			0.976	-0.04	0.214
			0.1626	0.9102	-0.3808
			0.604	-0.5651	-0.5619
			0.5121	0.8166	0.2662
			0.8385	-0.5425	0.0512
			0.1862	0.197	-0.9626
			-0.5121	-0.8166	-0.2662
			-0.8385	0.5425	-0.0512
			-0.1862	-0.197	0.9626
		b:
			-137.0333
			-210.7973
			271.6289
			200.7248
			265.0114
			-87.7801
			360.5283
			16.9367
			15.6629
			-348.5283
			-1.9367
			-0.6629
	==================================================================================
	Q6:
		Shape: Polyhedra
		q_c:	204.0	274.5	106.5
		ub :	213.7729	282.8161	111.5362
		lb :	194.2271	266.1839	101.4638
		A:
			0.094	-0.3697	-0.9244
			-0.3257	-0.0628	-0.9434
			0.5942	0.0746	-0.8009
			-0.0056	-0.8408	-0.5413
			-0.4332	0.3843	0.8153
			0.49	0.2558	0.8334
			0.1046	0.3655	0.9249
			-0.9901	0.1254	0.0624
			-0.0932	-0.9223	0.375
			-0.1046	-0.3655	-0.9249
			0.9901	-0.1254	-0.0624
			0.0932	0.9223	-0.375
		b:
			-178.108
			-180.6523
			62.9181
			-285.1118
			109.0001
			262.9765
			222.1588
			-151.9133
			-225.2617
			-218.1588
			169.9133
			239.2617


===========================================================================================
===========================================================================================
S2:
	q_c:	172.0	320.5	199.5
	ub :	178.9835	329.2786	209.8045
	lb :	165.2434	310.8085	192.2688

	==================================================================================
	Q1:
		Shape: Hybrid
		q_c:	175.0	320.5	197.0
		ub :	178.415	324.1176	200.1204
		lb :	171.585	316.8824	193.8796
		P^-1:
			0.309	0.0484	-0.1091
			0.0484	0.1403	0.03
			-0.1091	0.03	0.3563
		A:
			0.8779	-0.1525	-0.454
			-0.2809	0.6501	0.706
			0.5112	-0.4369	-0.7401
			-0.0085	-0.6826	-0.7308
			0.75	-0.5538	0.3616
			-0.3122	0.8259	0.4694
		b:
			16.3427
			299.5999
			-195.2786
			-362.8846
			27.0031
			304.2621
	==================================================================================
	Q2:
		Shape: Ellipse
		q_c:	175.0	322.0	205.0
		ub :	178.6759	325.1985	209.8045
		lb :	171.3241	318.8015	200.1955
		P^-1:
			0.1532	-0.0318	-0.0155
			-0.0318	0.3749	-0.1436
			-0.0155	-0.1436	0.1389
	==================================================================================
	Q3:
		Shape: Ellipse
		q_c:	168.5	319.0	206.0
		ub :	171.6863	322.7985	209.7368
		lb :	165.3137	315.2015	202.2632
		P^-1:
			0.3279	-0.0612	-0.1258
			-0.0612	0.1823	0.0459
			-0.1258	0.0459	0.2542
	==================================================================================
	Q4:
		Shape: Ellipse
		q_c:	173.5	314.0	200.0
		ub :	176.9255	317.1915	203.4991
		lb :	170.0745	310.8085	196.5009
		P^-1:
			0.2361	-0.1228	-0.0279
			-0.1228	0.3581	0.045
			-0.0279	0.045	0.1702
	==================================================================================
	Q5:
		Shape: Polyhedra
		q_c:	175.5	324.5	196.0
		ub :	178.9835	326.7982	199.4916
		lb :	172.0165	322.2018	192.5084
		A:
			0.0994	-0.4732	0.8753
			-0.0965	-0.9027	-0.4193
			-0.5796	0.7523	-0.3132
			-0.5538	-0.8156	0.1678
			-0.1745	0.9843	-0.0265
			0.6182	-0.703	0.3515
			0.7784	0.0225	0.6274
			-0.5675	0.4523	0.688
			-0.2683	-0.8916	0.3648
			-0.7784	-0.0225	-0.6274
			0.5675	-0.4523	-0.688
			0.2683	0.8916	-0.3648
		b:
			37.442
			-390.1724
			83.0451
			-327.2907
			285.2659
			-48.6395
			269.3643
			184.0166
			-263.396
			-264.3643
			-180.0166
			266.396
	==================================================================================
	Q6:
		Shape: Hybrid
		q_c:	167.5	324.5	197.0
		ub :	169.7566	329.2786	201.7312
		lb :	165.2434	319.7214	192.2688
		P^-1:
			0.4301	-0.0573	-0.0414
			-0.0573	0.1057	-0.0079
			-0.0414	-0.0079	0.1014
		A:
			-0.9873	-0.1589	-0.0074
			0.9157	-0.2199	-0.3363
			-0.7969	0.4594	0.3924
			-0.3788	-0.0855	0.9215
			0.8705	0.342	0.3539
			0.3191	0.2465	0.9151
		b:
			-217.3247
			16.6846
			94.1783
			92.4878
			328.3023
			316.3089


===========================================================================================
===========================================================================================
S3:
	q_c:	365.5	299.0	227.5
	ub :	376.1668	312.065	238.6777
	lb :	350.7146	285.9315	213.6739

	==================================================================================
	Q1:
		Shape: Polyhedra
		q_c:	361.5	296.0	225.0
		ub :	365.5907	300.9408	228.8514
		lb :	357.4093	291.0592	221.1486
		A:
			0.4193	-0.0152	-0.9077
			-0.9699	-0.1417	0.1982
			-0.7793	-0.0143	-0.6265
			0.4425	0.1913	0.8761
			-0.125	0.3349	-0.9339
			-0.7463	-0.4024	-0.5302
			0.4107	0.1857	0.8926
			-0.2738	-0.9087	0.315
			0.8697	-0.3738	-0.3224
			-0.4107	-0.1857	-0.8926
			0.2738	0.9087	-0.315
			-0.8697	0.3738	0.3224
		b:
			-54.5799
			-345.1155
			-424.7754
			415.7094
			-153.3723
			-505.7041
			406.2945
			-293.0688
			133.7225
			-402.2945
			301.0688
			-128.7225
	==================================================================================
	Q2:
		Shape: Polyhedra
		q_c:	356.0	297.0	228.0
		ub :	361.2854	302.7132	234.1652
		lb :	350.7146	291.2868	221.8348
		A:
			-0.2847	0.2496	0.9256
			-0.4381	0.8205	0.3672
			0.6694	0.6312	-0.3918
			-0.6456	0.1436	0.75
			0.5579	-0.0732	-0.8267
			-0.5592	-0.6228	0.5472
			0.4314	0.5393	0.7232
			-0.8627	0.0122	0.5055
			0.2638	-0.842	0.4705
			-0.4314	-0.5393	-0.7232
			0.8627	-0.0122	-0.5055
			-0.2638	0.842	-0.4705
		b:
			187.068
			175.2553
			339.9987
			-13.1209
			-8.4824
			-255.5633
			482.146
			-185.2514
			-44.372
			-475.146
			191.2514
			53.372
	==================================================================================
	Q3:
		Shape: Hybrid
		q_c:	364.5	297.0	220.5
		ub :	369.6413	303.8692	227.3261
		lb :	359.3587	290.1308	213.6739
		P^-1:
			0.0994	-0.021	-0.0198
			-0.021	0.0732	-0.0358
			-0.0198	-0.0358	0.0774
		A:
			0.3108	0.1101	-0.9441
			0.5116	-0.1726	0.8417
			0.587	-0.8069	0.0663
			0.03	-0.1782	0.9835
			0.4451	0.1822	-0.8767
			-0.2976	-0.8777	0.3755
		b:
			-59.996
			323.6553
			-9.2303
			177.4276
			24.8518
			-284.0203
	==================================================================================
	Q4:
		Shape: Polyhedra
		q_c:	358.5	292.0	232.0
		ub :	363.9075	298.0685	238.6777
		lb :	353.0925	285.9315	225.3223
		A:
			-0.2809	0.317	-0.9059
			-0.2894	0.9353	-0.2034
			0.9821	0.1603	0.0994
			-0.6546	0.3994	0.6419
			0.286	0.8064	0.5176
			0.5066	0.0934	0.8571
			0.1585	0.8546	0.4945
			0.8578	0.1288	-0.4976
			-0.4889	0.503	-0.7127
			-0.1585	-0.8546	-0.4945
			-0.8578	-0.1288	0.4976
			0.4889	-0.503	0.7127
		b:
			-213.9214
			126.4718
			425.4369
			34.2305
			462.0743
			412.0663
			425.0781
			232.7071
			-189.2475
			-417.0781
			-226.7071
			198.2475
	==================================================================================
	Q5:
		Shape: Ellipse
		q_c:	369.5	304.0	222.5
		ub :	374.7974	308.1105	227.0076
		lb :	364.2026	299.8895	217.9924
		P^-1:
			0.07	-0.0109	-0.0137
			-0.0109	0.1082	-0.0036
			-0.0137	-0.0036	0.1065
	==================================================================================
	Q6:
		Shape: Ellipse
		q_c:	371.5	308.5	221.5
		ub :	376.1668	312.065	225.5171
		lb :	366.8332	304.935	217.4829
		P^-1:
			0.0659	-0.0031	0.0177
			-0.0031	0.3053	-0.1653
			0.0177	-0.1653	0.2468


===========================================================================================
===========================================================================================
S4:
	q_c:	208.0	490.0	204.0
	ub :	228.1814	507.0515	221.5516
	lb :	191.4146	468.8943	184.2194

	==================================================================================
	Q1:
		Shape: Hybrid
		q_c:	209.5	489.5	204.0
		ub :	215.8648	494.4841	207.8221
		lb :	203.1352	484.5159	200.1779
		P^-1:
			0.1036	0.003	-0.1405
			0.003	0.1158	-0.0742
			-0.1405	-0.0742	0.3692
		A:
			-0.1864	0.3447	0.92
			-0.1107	-0.823	0.5571
			0.4666	-0.2221	-0.8561
			-0.0391	-0.532	0.8458
			-0.5535	-0.3811	0.7405
			0.8706	0.0911	-0.4835
		b:
			319.2725
			-310.6943
			-184.4689
			-94.8058
			-150.0748
			130.9801
	==================================================================================
	Q2:
		Shape: Hybrid
		q_c:	201.0	496.0	194.0
		ub :	210.5854	507.0515	203.7806
		lb :	191.4146	484.9485	184.2194
		P^-1:
			0.0241	-0.0049	-0.0027
			-0.0049	0.0258	-0.0095
			-0.0027	-0.0095	0.0336
		A:
			-0.8703	0.246	-0.4266
			0.4357	-0.7205	-0.5394
			-0.1307	0.2582	-0.9572
			-0.3566	-0.8383	-0.4124
			-0.4786	-0.6243	0.6174
			0.1229	0.9223	-0.3663
		b:
			-131.8535
			-370.3959
			-80.9859
			-562.1003
			-282.8115
			414.6894
	==================================================================================
	Q3:
		Shape: Hybrid
		q_c:	198.5	478.5	211.0
		ub :	204.7154	488.1057	221.2433
		lb :	192.2846	468.8943	200.7567
		P^-1:
			0.0406	-0.0023	0.0009
			-0.0023	0.0356	-0.0169
			0.0009	-0.0169	0.027
		A:
			0.2788	0.9389	-0.2016
			0.8138	-0.212	-0.541
			-0.1948	-0.9372	0.2892
			-0.0742	-0.3999	0.9135
			0.7938	-0.1535	0.5885
			-0.4563	0.8712	0.1811
		b:
			465.3714
			-50.1081
			-423.1256
			-9.9212
			211.5288
			368.8603
	==================================================================================
	Q4:
		Shape: Hybrid
		q_c:	221.0	482.5	215.0
		ub :	228.1814	490.8695	221.5516
		lb :	213.8186	474.1305	208.4484
		P^-1:
			0.1914	-0.032	-0.2009
			-0.032	0.0341	0.0393
			-0.2009	0.0393	0.2746
		A:
			-0.672	-0.2274	0.7047
			0.3861	-0.8352	-0.3916
			0.8854	-0.1972	-0.4208
			0.0126	-0.1083	0.994
			-0.7403	0.1518	0.6549
			-0.535	-0.1639	0.8288
		b:
			-104.9398
			-397.9295
			12.2272
			167.676
			51.4664
			-17.5611
	==================================================================================
	Q5:
		Shape: Hybrid
		q_c:	202.0	493.5	201.0
		ub :	208.2154	500.4021	207.3499
		lb :	195.7846	486.5979	194.6501
		P^-1:
			0.0779	0.018	-0.0528
			0.018	0.0486	-0.0251
			-0.0528	-0.0251	0.1135
		A:
			0.818	0.1595	-0.5527
			-0.8384	-0.4509	-0.3062
			0.7856	-0.2858	-0.5487
			0.8235	0.5035	-0.2616
			0.4609	-0.3528	-0.8143
			-0.465	-0.5592	0.6863
		b:
			134.5195
			-449.9296
			-90.27
			364.5741
			-242.3508
			-230.3311
	==================================================================================
	Q6:
		Shape: Hybrid
		q_c:	220.0	485.0	214.0
		ub :	227.9492	493.1186	220.1537
		lb :	212.0508	476.8814	207.8463
		P^-1:
			0.046	-0.0161	-0.0053
			-0.0161	0.042	0.0042
			-0.0053	0.0042	0.0422
		A:
			-0.1421	-0.8965	-0.4197
			0.1283	-0.9137	0.3855
			0.0307	0.5161	0.856
			0.527	-0.6204	0.5808
			0.4215	-0.7801	0.4623
			-0.0312	0.8466	0.5313
		b:
			-552.5412
			-329.3374
			443.1487
			-57.9601
			-183.9838
			520.4026


===========================================================================================
===========================================================================================
S5:
	q_c:	219.5	468.5	379.5
	ub :	221.917	471.0892	381.078
	lb :	217.5599	466.5622	377.4534

	==================================================================================
	Q1:
		Shape: Hybrid
		q_c:	219.0	468.5	379.5
		ub :	220.4401	469.8605	380.5239
		lb :	217.5599	467.1395	378.4761
		P^-1:
			1.5235	0.0098	1.1386
			0.0098	1.0002	0.0213
			1.1386	0.0213	3.4763
		A:
			-0.1265	-0.6918	-0.711
			-0.6707	-0.3757	-0.6395
			0.5788	-0.2054	0.7891
			-0.5112	-0.4291	-0.7447
			0.1454	-0.2386	-0.9602
			0.3026	-0.6625	-0.6853
		b:
			-621.062
			-565.1719
			330.3011
			-595.2131
			-443.8906
			-503.5092
	==================================================================================
	Q2:
		Shape: Polyhedra
		q_c:	220.0	468.0	378.5
		ub :	220.9095	469.2012	379.5466
		lb :	219.0905	466.7988	377.4534
		A:
			-0.9254	0.3751	0.0549
			0.3931	0.7347	0.553
			0.2187	-0.8155	-0.5358
			-0.2863	-0.8895	-0.3563
			-0.9085	0.1106	-0.4029
			0.4256	0.2416	-0.8721
			0.1217	0.5772	0.8075
			-0.9115	0.387	-0.1392
			-0.3929	-0.7191	0.5732
			-0.1217	-0.5772	-0.8075
			0.9115	-0.387	0.1392
			0.3929	0.7191	-0.5732
		b:
			-6.7561
			640.1843
			-535.835
			-613.4017
			-300.099
			-122.4983
			603.0313
			-71.6064
			-205.0169
			-602.0313
			72.6064
			207.0169
	==================================================================================
	Q3:
		Shape: Hybrid
		q_c:	220.5	468.0	379.5
		ub :	221.917	469.4378	380.394
		lb :	219.083	466.5622	378.606
		P^-1:
			1.1757	0.1631	-0.6853
			0.1631	1.1514	-0.6361
			-0.6853	-0.6361	3.6729
		A:
			0.4286	0.0981	-0.8981
			0.9783	0.207	0.0137
			-0.0985	0.641	-0.7612
			-0.4355	-0.4736	-0.7655
			-0.3378	0.0803	-0.9378
			-0.4049	0.8968	-0.1781
		b:
			-200.1347
			318.4722
			-10.1969
			-607.5541
			-392.322
			263.5717
	==================================================================================
	Q4:
		Shape: Ellipse
		q_c:	220.0	470.0	379.5
		ub :	220.8319	471.0892	380.7118
		lb :	219.1681	468.9108	378.2882
		P^-1:
			3.9478	-0.1858	0.3453
			-0.1858	3.3383	1.2299
			0.3453	1.2299	1.7138
	==================================================================================
	Q5:
		Shape: Hybrid
		q_c:	220.5	469.5	379.0
		ub :	221.871	470.6754	380.3073
		lb :	219.129	468.3246	377.6927
		P^-1:
			2.0008	0.7776	-1.1816
			0.7776	1.6041	-0.9181
			-1.1816	-0.9181	2.3951
		A:
			-0.9798	-0.0915	-0.1781
			0.1479	-0.3193	0.936
			-0.1064	-0.6225	0.7754
			0.0574	-0.2028	-0.9775
			0.2474	0.8348	-0.4919
			0.1445	-0.2428	-0.9592
		b:
			-325.8147
			238.0008
			-21.4488
			-452.4316
			260.4531
			-445.1212
	==================================================================================
	Q6:
		Shape: Ellipse
		q_c:	220.5	468.5	379.5
		ub :	221.7409	470.0296	381.078
		lb :	219.2591	466.9704	377.922
		P^-1:
			1.0	0.0	0.0
			0.0	1.0	0.0
			0.0	0.0	1.0


===========================================================================================
===========================================================================================
S6:
	q_c:	263.0	171.5	322.5
	ub :	269.5965	189.7759	337.2598
	lb :	246.6775	148.9606	310.1481

	==================================================================================
	Q1:
		Shape: Ellipse
		q_c:	257.0	156.0	322.5
		ub :	265.4064	163.0394	330.7945
		lb :	248.5936	148.9606	314.2055
		P^-1:
			0.0384	-0.0073	0.0174
			-0.0073	0.0603	0.0052
			0.0174	0.0052	0.05
	==================================================================================
	Q2:
		Shape: Hybrid
		q_c:	259.5	180.5	328.5
		ub :	268.2903	188.6625	337.2598
		lb :	250.7097	172.3375	319.7402
		P^-1:
			0.0341	-0.0102	-0.0022
			-0.0102	0.0483	-0.0148
			-0.0022	-0.0148	0.0438
		A:
			-0.4091	-0.8984	0.1594
			-0.78	0.6244	0.0422
			0.3151	0.4812	-0.818
			0.8401	-0.5135	0.1749
			0.0493	0.8928	-0.4478
			0.0606	0.3662	0.9286
		b:
			-212.5821
			-73.166
			-97.6782
			185.5224
			29.1765
			390.5864
	==================================================================================
	Q3:
		Shape: Polyhedra
		q_c:	251.5	169.5	315.5
		ub :	256.3225	174.3193	319.2234
		lb :	246.6775	164.6807	311.7766
		A:
			-0.1437	0.4349	-0.8889
			-0.2614	0.3873	-0.8841
			-0.5176	0.4963	-0.697
			-0.1354	0.3927	-0.9096
			-0.1312	-0.2837	0.9499
			-0.5264	-0.7934	0.3057
			0.1856	0.8441	0.5031
			-0.0656	0.5215	-0.8507
			-0.9804	0.1249	0.1522
			-0.1856	-0.8441	-0.5031
			0.0656	-0.5215	0.8507
			0.9804	-0.1249	-0.1522
		b:
			-241.7559
			-277.6262
			-263.8998
			-253.2592
			220.2492
			-167.0137
			352.9726
			-195.5147
			-173.4023
			-343.9726
			197.5147
			181.4023
	==================================================================================
	Q4:
		Shape: Ellipse
		q_c:	253.0	165.5	319.0
		ub :	257.9808	169.3969	323.4587
		lb :	248.0192	161.6031	314.5413
		P^-1:
			0.0728	-0.0027	0.027
			-0.0027	0.3058	-0.1676
			0.027	-0.1676	0.2394
	==================================================================================
	Q5:
		Shape: Polyhedra
		q_c:	256.5	182.0	319.0
		ub :	263.057	189.7759	326.3794
		lb :	249.943	174.2241	311.6206
		A:
			0.9973	-0.0193	0.0709
			-0.1922	0.6364	-0.7471
			0.9415	-0.2279	-0.2482
			0.0478	-0.7201	0.6922
			0.9195	0.016	0.3927
			0.2459	-0.6217	0.7436
			0.0462	0.5855	0.8094
			-0.6701	0.619	-0.4096
			-0.7408	-0.5234	0.4209
			-0.0462	-0.5855	-0.8094
			0.6701	-0.619	0.4096
			0.7408	0.5234	-0.4209
		b:
			279.4155
			-167.302
			125.3276
			106.5165
			368.5353
			191.6371
			381.088
			-185.3783
			-146.513
			-372.088
			194.3783
			155.513
	==================================================================================
	Q6:
		Shape: Ellipse
		q_c:	263.5	173.5	316.0
		ub :	269.5965	181.0204	321.8519
		lb :	257.4035	165.9796	310.1481
		P^-1:
			0.5263	-0.093	-0.4743
			-0.093	0.0506	0.0895
			-0.4743	0.0895	0.4892


===========================================================================================
===========================================================================================
S7:
	q_c:	479.5	25.5	229.5
	ub :	487.8719	29.229	233.0241
	lb :	471.365	16.9059	220.3342

	==================================================================================
	Q1:
		Shape: Hybrid
		q_c:	474.5	25.0	226.5
		ub :	477.635	27.708	230.1183
		lb :	471.365	22.292	222.8817
		P^-1:
			0.3977	0.3791	0.0282
			0.3791	0.7531	0.0674
			0.0282	0.0674	0.1203
		A:
			0.6622	-0.728	0.1773
			-0.6539	-0.7238	0.2201
			0.2539	0.7958	0.5497
			0.483	-0.8391	0.2503
			0.2761	0.5914	0.7577
			-0.3754	-0.8927	0.2493
		b:
			338.2151
			-277.6998
			266.0817
			266.8274
			319.0966
			-143.0316
	==================================================================================
	Q2:
		Shape: Hybrid
		q_c:	484.0	21.5	226.0
		ub :	487.8719	26.0941	230.3428
		lb :	480.1281	16.9059	221.6572
		P^-1:
			0.1591	-0.0037	0.0055
			-0.0037	0.1454	0.0221
			0.0055	0.0221	0.1266
		A:
			-0.8336	-0.5065	0.2204
			0.973	-0.1997	0.1157
			0.1842	-0.6246	-0.7589
			-0.8692	-0.198	0.4532
			-0.4817	-0.801	0.3555
			0.4599	0.8688	-0.1837
		b:
			-363.1038
			494.0282
			-94.464
			-321.0676
			-168.4665
			201.2419
	==================================================================================
	Q3:
		Shape: Polyhedra
		q_c:	482.5	22.5	226.0
		ub :	486.2601	24.9638	229.8879
		lb :	478.7399	20.0362	222.1121
		A:
			-0.0176	-0.611	0.7914
			0.2075	-0.9713	0.1161
			0.2997	-0.3753	0.8771
			-0.2694	-0.961	0.0632
			-0.2499	0.9358	0.2487
			-0.338	0.8925	-0.2986
			0.7105	0.3903	0.5856
			-0.6659	0.1036	0.7388
			0.2277	-0.9148	0.3335
			-0.7105	-0.3903	-0.5856
			0.6659	-0.1036	-0.7388
			-0.2277	0.9148	-0.3335
		b:
			158.6776
			106.0929
			336.3595
			-135.6219
			-41.3883
			-208.9477
			485.9201
			-148.9716
			166.1646
			-481.9201
			154.9716
			-163.1646
	==================================================================================
	Q4:
		Shape: Polyhedra
		q_c:	484.0	21.0	229.5
		ub :	487.2035	24.3923	233.0241
		lb :	480.7965	17.6077	225.9759
		A:
			0.0384	-0.789	-0.6132
			-0.6181	0.1319	0.775
			-0.7519	-0.5014	-0.4282
			-0.1364	-0.5845	-0.7999
			-0.5797	-0.7932	0.1863
			-0.5157	-0.7744	-0.3666
			0.9101	0.1792	0.3736
			0.0415	-0.9365	0.3483
			0.4123	-0.3015	-0.8597
			-0.9101	-0.1792	-0.3736
			-0.0415	0.9365	-0.3483
			-0.4123	0.3015	0.8597
		b:
			-136.5185
			-116.4742
			-470.2199
			-259.6584
			-251.9827
			-347.5317
			532.4963
			82.839
			-2.0997
			-527.4963
			-77.839
			6.0997
	==================================================================================
	Q5:
		Shape: Polyhedra
		q_c:	483.5	27.0	227.0
		ub :	485.6554	29.229	229.7829
		lb :	481.3446	24.771	224.2171
		A:
			-0.8283	-0.2464	-0.5031
			-0.7636	0.0095	-0.6456
			0.7425	0.6375	0.2057
			0.4935	-0.3769	-0.7838
			0.0141	-0.6634	0.7482
			-0.5642	0.5126	-0.6473
			0.3532	0.3399	0.8716
			-0.935	0.0974	0.3409
			0.031	-0.9354	0.3522
			-0.3532	-0.3399	-0.8716
			0.935	-0.0974	-0.3409
			-0.031	0.9354	-0.3522
		b:
			-519.5157
			-513.6357
			424.6476
			52.2297
			160.3551
			-404.1767
			379.7983
			-370.578
			71.1901
			-375.7983
			373.578
			-68.1901
	==================================================================================
	Q6:
		Shape: Ellipse
		q_c:	482.0	21.5	223.0
		ub :	484.3392	23.9854	225.6658
		lb :	479.6608	19.0146	220.3342
		P^-1:
			0.4382	0.0315	-0.0132
			0.0315	0.2845	0.0673
			-0.0132	0.0673	0.4162


===========================================================================================
===========================================================================================
S8:
	q_c:	239.0	464.0	344.0
	ub :	258.2053	481.2257	359.2721
	lb :	216.4641	446.3631	325.7313

	==================================================================================
	Q1:
		Shape: Ellipse
		q_c:	239.0	453.5	351.5
		ub :	245.1123	460.6369	359.2286
		lb :	232.8877	446.3631	343.7714
		P^-1:
			0.0401	-0.0014	-0.0005
			-0.0014	0.0397	0.0079
			-0.0005	0.0079	0.0426
	==================================================================================
	Q2:
		Shape: Ellipse
		q_c:	230.0	466.5	332.0
		ub :	236.1979	472.7359	338.2687
		lb :	223.8021	460.2641	325.7313
		P^-1:
			0.0424	-0.0037	-0.006
			-0.0037	0.0693	-0.0105
			-0.006	-0.0105	0.0725
	==================================================================================
	Q3:
		Shape: Ellipse
		q_c:	248.0	471.5	339.5
		ub :	258.2053	481.2257	347.4625
		lb :	237.7947	461.7743	331.5375
		P^-1:
			0.0269	0.0024	-0.002
			0.0024	0.0255	-0.0007
			-0.002	-0.0007	0.0321
	==================================================================================
	Q4:
		Shape: Ellipse
		q_c:	231.5	459.0	351.5
		ub :	239.3555	468.0699	359.2721
		lb :	223.6445	449.9301	343.7279
		P^-1:
			0.0734	0.032	-0.0545
			0.032	0.0492	-0.0402
			-0.0545	-0.0402	0.0888
	==================================================================================
	Q5:
		Shape: Ellipse
		q_c:	228.0	473.5	350.5
		ub :	233.1435	481.0816	357.8858
		lb :	222.8565	465.9184	343.1142
		P^-1:
			0.0814	-0.0027	-0.0019
			-0.0027	0.0454	-0.0251
			-0.0019	-0.0251	0.0643
	==================================================================================
	Q6:
		Shape: Ellipse
		q_c:	226.0	466.0	337.0
		ub :	235.5359	473.3992	346.3142
		lb :	216.4641	458.6008	327.6858
		P^-1:
			0.0898	-0.0971	0.0501
			-0.0971	0.1576	-0.0473
			0.0501	-0.0473	0.055


===========================================================================================
===========================================================================================
S9:
	q_c:	161.5	497.0	26.5
	ub :	166.3215	503.2364	34.0119
	lb :	157.6672	490.8449	19.756

	==================================================================================
	Q1:
		Shape: Hybrid
		q_c:	163.5	499.5	25.0
		ub :	165.7852	503.2364	29.3238
		lb :	161.2148	495.7636	20.6762
		P^-1:
			0.9087	0.0135	0.2725
			0.0135	0.1464	-0.0268
			0.2725	-0.0268	0.1865
		A:
			0.9032	-0.4133	0.1158
			-0.9847	-0.1721	-0.0269
			-0.3277	0.64	0.695
			0.8522	0.1074	0.512
			0.7376	0.0557	0.673
			0.9693	0.2306	0.0849
		b:
			-54.7113
			-246.7786
			286.3794
			206.5865
			166.4251
			276.5527
	==================================================================================
	Q2:
		Shape: Ellipse
		q_c:	163.5	499.5	26.0
		ub :	166.3215	502.2803	28.7012
		lb :	160.6785	496.7197	23.2988
		P^-1:
			0.3653	-0.055	-0.0781
			-0.055	0.4062	-0.0543
			-0.0781	-0.0543	0.3674
	==================================================================================
	Q3:
		Shape: Polyhedra
		q_c:	163.0	497.5	22.0
		ub :	165.5883	499.9854	24.244
		lb :	160.4117	495.0146	19.756
		A:
			0.2062	-0.4167	-0.8854
			-0.3516	-0.8687	0.3488
			-0.8688	0.2273	0.4398
			-0.414	0.5182	-0.7484
			0.1999	-0.4283	0.8812
			0.158	-0.9641	-0.2134
			0.6091	0.3975	0.6863
			-0.5046	-0.4733	0.722
			0.6119	-0.7861	-0.0877
			-0.6091	-0.3975	-0.6863
			0.5046	0.4733	-0.722
			-0.6119	0.7861	0.0877
		b:
			-191.6511
			-480.3266
			-17.3461
			175.3381
			-159.6022
			-457.0871
			313.6508
			-300.3549
			-291.7656
			-310.6508
			303.3549
			294.7656
	==================================================================================
	Q4:
		Shape: Hybrid
		q_c:	160.0	500.5	30.0
		ub :	161.9605	502.3678	31.372
		lb :	158.0395	498.6322	28.628
		P^-1:
			0.569	0.2615	-0.5991
			0.2615	0.9935	-1.2579
			-0.5991	-1.2579	3.3264
		A:
			-0.3239	-0.4459	0.8344
			-0.2093	0.4072	-0.889
			-0.364	-0.3649	0.857
			0.3182	0.4433	-0.838
			0.0847	-0.2339	0.9686
			-0.3469	-0.2475	0.9046
		b:
			-249.6717
			144.1226
			-214.8267
			247.9377
			-74.0123
			-151.9283
	==================================================================================
	Q5:
		Shape: Ellipse
		q_c:	164.0	497.5	31.5
		ub :	165.0099	500.0078	34.0119
		lb :	162.9901	494.9922	28.9881
		P^-1:
			3.8357	-0.7184	0.2568
			-0.7184	0.5011	0.0463
			0.2568	0.0463	0.3576
	==================================================================================
	Q6:
		Shape: Polyhedra
		q_c:	160.0	493.0	27.5
		ub :	162.3328	495.1551	30.0958
		lb :	157.6672	490.8449	24.9042
		A:
			-0.3765	0.8985	-0.2256
			-0.3985	-0.8933	-0.2081
			0.2798	-0.533	-0.7985
			0.1589	0.1946	-0.9679
			0.2903	0.91	-0.296
			-0.02	0.3615	-0.9321
			0.8965	0.0765	0.4364
			-0.2264	-0.7675	0.5997
			0.3808	-0.6364	-0.6708
			-0.8965	-0.0765	-0.4364
			0.2264	0.7675	-0.5997
			-0.3808	0.6364	0.6708
		b:
			377.9753
			-508.3559
			-237.9655
			96.2047
			488.0693
			150.68
			194.6405
			-397.1387
			-269.2703
			-191.6405
			399.1387
			273.2703


===========================================================================================
===========================================================================================
S10:
	q_c:	438.5	257.0	49.5
	ub :	455.6341	270.691	70.4339
	lb :	429.4384	246.9364	38.6087

	==================================================================================
	Q1:
		Shape: Polyhedra
		q_c:	449.5	261.5	59.0
		ub :	455.6341	267.8359	63.7387
		lb :	443.3659	255.1641	54.2613
		A:
			0.7058	-0.6639	-0.2471
			0.2858	0.1153	0.9513
			0.2541	-0.154	0.9548
			-0.2171	-0.0479	-0.975
			-0.0982	-0.4605	-0.8822
			0.2676	0.6909	0.6716
			0.3567	0.1541	0.9214
			-0.9327	0.1145	0.3419
			-0.0529	-0.9814	0.1846
			-0.3567	-0.1541	-0.9214
			0.9327	-0.1145	-0.3419
			0.0529	0.9814	-0.1846
		b:
			134.555
			216.7964
			132.8922
			-165.4293
			-213.7695
			344.1327
			257.0048
			-363.6281
			-264.0005
			-253.0048
			374.6281
			275.0005
	==================================================================================
	Q2:
		Shape: Hybrid
		q_c:	437.0	253.0	64.5
		ub :	442.9963	259.0636	70.4339
		lb :	431.0037	246.9364	58.5661
		P^-1:
			0.0761	0.0079	0.0036
			0.0079	0.0671	0.0021
			0.0036	0.0021	0.0634
		A:
			0.5956	-0.2469	-0.7644
			-0.5831	-0.4298	0.6894
			-0.5245	-0.6691	0.5265
			-0.9282	-0.2346	-0.2887
			0.4615	0.6669	-0.5851
			0.9234	-0.0377	-0.382
		b:
			150.7143
			-316.9921
			-362.4772
			-481.8154
			334.7167
			371.3683
	==================================================================================
	Q3:
		Shape: Hybrid
		q_c:	441.5	265.5	53.0
		ub :	447.4567	270.691	59.2728
		lb :	435.5433	260.309	46.7272
		P^-1:
			0.0706	0.0125	0.0259
			0.0125	0.0881	0.0066
			0.0259	0.0066	0.0834
		A:
			-0.401	0.2214	0.8889
			-0.7283	-0.6839	-0.0423
			0.7302	-0.6409	0.2367
			-0.0858	0.0448	-0.9953
			-0.8458	-0.5019	0.1812
			-0.1569	0.9652	-0.2091
		b:
			-68.4425
			-503.431
			167.0758
			-76.6691
			-494.6667
			177.905
	==================================================================================
	Q4:
		Shape: Polyhedra
		q_c:	438.0	265.0	50.0
		ub :	443.0714	269.0134	54.5073
		lb :	432.9286	260.9866	45.4927
		A:
			-0.5616	-0.7549	0.3386
			0.773	0.6249	0.109
			-0.4991	0.8661	-0.0275
			-0.1602	-0.0349	-0.9865
			-0.3069	0.6718	0.6742
			-0.4244	-0.4995	-0.7552
			0.6068	0.0899	0.7898
			-0.7862	-0.0784	0.613
			0.117	-0.9929	0.0231
			-0.6068	-0.0899	-0.7898
			0.7862	0.0784	-0.613
			-0.117	0.9929	-0.0231
		b:
			-425.3627
			513.0068
			13.045
			-125.824
			80.8764
			-353.3105
			331.5924
			-330.4781
			-207.193
			-326.5924
			338.4781
			214.193
	==================================================================================
	Q5:
		Shape: Polyhedra
		q_c:	440.0	259.0	49.0
		ub :	444.9867	263.4488	53.5977
		lb :	435.0133	254.5512	44.4023
		A:
			0.0369	-0.2151	-0.9759
			0.0272	0.7532	-0.6572
			-0.4334	0.045	-0.9001
			0.7853	-0.5402	0.3026
			-0.2528	0.9619	0.1043
			-0.5854	0.6274	0.5135
			0.9738	0.1291	0.1871
			-0.0123	-0.7919	0.6106
			0.227	-0.5969	-0.7695
			-0.9738	-0.1291	-0.1871
			0.0123	0.7919	-0.6106
			-0.227	0.5969	0.7695
		b:
			-84.6126
			177.8565
			-219.7092
			224.3287
			145.7796
			-67.0206
			475.5855
			-177.6097
			-89.9152
			-466.5855
			183.6097
			94.9152
	==================================================================================
	Q6:
		Shape: Ellipse
		q_c:	436.5	254.5	45.5
		ub :	443.5616	260.7674	52.3913
		lb :	429.4384	248.2326	38.6087
		P^-1:
			0.0637	-0.0066	-0.0174
			-0.0066	0.0557	-0.0081
			-0.0174	-0.0081	0.0648


===========================================================================================
===========================================================================================
S11:
	q_c:	84.5	6.0	123.5
	ub :	96.4159	15.127	133.8476
	lb :	79.6061	-0.0322	116.2885

	==================================================================================
	Q1:
		Shape: Polyhedra
		q_c:	91.5	10.5	129.5
		ub :	96.4159	15.127	133.8476
		lb :	86.5841	5.873	125.1524
		A:
			0.0615	-0.9981	0.0092
			0.5255	0.1916	0.8289
			-0.3754	-0.9266	0.0198
			-0.9768	0.1968	-0.0849
			-0.728	0.0716	0.6819
			-0.6883	-0.2732	0.672
			0.6538	0.3189	0.6862
			-0.4935	-0.5077	0.7062
			0.5736	-0.8003	-0.1745
			-0.6538	-0.3189	-0.6862
			0.4935	0.5077	-0.7062
			-0.5736	0.8003	0.1745
		b:
			-0.7689
			160.418
			-38.7301
			-95.3517
			25.134
			23.7311
			155.0321
			43.4608
			24.4754
			-149.0321
			-38.4608
			-18.4754
	==================================================================================
	Q2:
		Shape: Ellipse
		q_c:	90.0	5.0	119.5
		ub :	93.9907	7.5704	122.7115
		lb :	86.0093	2.4296	116.2885
		P^-1:
			0.2757	0.1192	-0.3404
			0.1192	0.3693	-0.2501
			-0.3404	-0.2501	0.6866
	==================================================================================
	Q3:
		Shape: Hybrid
		q_c:	82.0	8.0	122.0
		ub :	84.3939	11.978	126.1458
		lb :	79.6061	4.022	117.8542
		P^-1:
			0.4235	-0.0292	-0.0699
			-0.0292	0.1452	0.0316
			-0.0699	0.0316	0.1468
		A:
			-0.824	0.5342	-0.1887
			0.8796	0.4589	-0.1251
			-0.7366	0.1609	0.6568
			-0.6111	0.0135	0.7915
			0.3478	-0.7118	-0.6103
			-0.8171	0.4242	0.3903
		b:
			-84.9498
			61.7222
			22.112
			47.9552
			-50.1438
			-15.0748
	==================================================================================
	Q4:
		Shape: Ellipse
		q_c:	89.5	6.5	120.5
		ub :	92.5786	9.4556	123.3574
		lb :	86.4214	3.5444	117.6426
		P^-1:
			0.2756	-0.0532	0.0386
			-0.0532	0.3608	-0.0802
			0.0386	-0.0802	0.3081
	==================================================================================
	Q5:
		Shape: Polyhedra
		q_c:	85.5	11.0	124.5
		ub :	88.3327	13.6469	127.2619
		lb :	82.6673	8.3531	121.7381
		A:
			0.1856	0.3006	-0.9355
			0.6485	0.5701	-0.5045
			0.7641	0.5848	0.2725
			0.3331	0.8062	-0.489
			-0.9368	0.2056	-0.2831
			0.6128	-0.7501	0.2488
			0.707	0.4751	0.5239
			-0.0043	-0.7378	0.675
			0.7072	-0.4794	-0.5196
			-0.707	-0.4751	-0.5239
			0.0043	0.7378	-0.675
			-0.7072	0.4794	0.5196
		b:
			-95.9501
			0.4078
			107.6348
			-22.3375
			-111.1643
			76.6845
			132.8977
			76.5461
			-7.4916
			-128.8977
			-74.5461
			11.4916
	==================================================================================
	Q6:
		Shape: Ellipse
		q_c:	88.0	3.5	129.5
		ub :	91.9255	7.0322	133.5264
		lb :	84.0745	-0.0322	125.4736
		P^-1:
			0.1679	-0.0199	0.0158
			-0.0199	0.2106	-0.04
			0.0158	-0.04	0.1916


===========================================================================================
===========================================================================================
S12:
	q_c:	256.5	49.5	376.5
	ub :	305.0961	78.628	424.4949
	lb :	214.478	13.0775	352.4366

	==================================================================================
	Q1:
		Shape: Ellipse
		q_c:	228.5	30.5	397.5
		ub :	242.522	47.9225	412.4479
		lb :	214.478	13.0775	382.5521
		P^-1:
			0.0395	0.0077	-0.0263
			0.0077	0.0083	-0.0049
			-0.0263	-0.0049	0.0289
	==================================================================================
	Q2:
		Shape: Hybrid
		q_c:	279.5	45.5	398.5
		ub :	305.0961	71.5033	424.4949
		lb :	253.9039	19.4967	372.5051
		P^-1:
			0.0052	-0.0017	-0.0001
			-0.0017	0.0051	-0.0007
			-0.0001	-0.0007	0.0033
		A:
			0.5385	0.8358	-0.1072
			0.3791	0.624	-0.6833
			-0.705	-0.1294	0.6973
			0.3827	-0.527	-0.7588
			-0.3557	0.9333	-0.0494
			-0.7144	0.1092	0.6912
		b:
			156.6896
			-128.153
			84.6732
			-208.9502
			-69.542
			90.0869
	==================================================================================
	Q3:
		Shape: Polyhedra
		q_c:	232.5	43.0	380.5
		ub :	247.4242	56.656	392.8759
		lb :	217.5758	29.344	368.1241
		A:
			0.1869	0.4292	-0.8836
			0.8852	-0.2503	-0.3922
			-0.4443	-0.347	-0.826
			-0.0471	0.8431	-0.5357
			0.3993	-0.8533	0.3353
			-0.8633	-0.3635	0.3501
			0.0812	0.9424	0.3245
			0.0169	0.3242	-0.9458
			-0.9966	0.0823	0.0104
			-0.0812	-0.9424	-0.3245
			-0.0169	-0.3242	0.9458
			0.9966	-0.0823	-0.0104
		b:
			-264.6589
			59.1432
			-421.9309
			-168.7634
			194.5712
			-70.3073
			192.8765
			-332.5105
			-210.2108
			-172.8765
			351.5105
			238.2108
	==================================================================================
	Q4:
		Shape: Hybrid
		q_c:	237.5	61.0	386.5
		ub :	255.8855	78.628	402.7332
		lb :	219.1145	43.372	370.2668
		P^-1:
			0.0097	-0.0002	0.0026
			-0.0002	0.0098	0.0022
			0.0026	0.0022	0.0083
		A:
			-0.5442	-0.6835	-0.4866
			0.2259	0.9382	0.2623
			-0.1726	0.9091	-0.3791
			0.4062	0.3501	-0.844
			-0.9901	-0.1012	-0.0977
			-0.5712	-0.1267	-0.811
		b:
			-354.2935
			217.5685
			-125.273
			-199.4559
			-273.1752
			-451.803
	==================================================================================
	Q5:
		Shape: Ellipse
		q_c:	272.5	34.5	382.0
		ub :	289.4138	46.0273	399.407
		lb :	255.5862	22.9727	364.593
		P^-1:
			0.0135	0.0021	0.0064
			0.0021	0.0158	0.0022
			0.0064	0.0022	0.01
	==================================================================================
	Q6:
		Shape: Ellipse
		q_c:	238.5	26.5	365.0
		ub :	251.7229	38.4056	377.5634
		lb :	225.2771	14.5944	352.4366
		P^-1:
			0.0059	0.0	0.0
			0.0	0.0076	-0.0
			0.0	-0.0	0.0069


===========================================================================================
===========================================================================================
S13:
	q_c:	78.5	468.5	445.5
	ub :	98.2259	484.9148	463.5191
	lb :	55.8084	440.9529	423.7405

	==================================================================================
	Q1:
		Shape: Hybrid
		q_c:	65.0	473.5	432.0
		ub :	70.4742	483.3995	440.2595
		lb :	59.5258	463.6005	423.7405
		P^-1:
			0.0717	0.0049	0.0083
			0.0049	0.0234	0.0216
			0.0083	0.0216	0.0629
		A:
			-0.3772	-0.163	-0.9117
			-0.2114	0.8222	0.5285
			0.2128	-0.6205	-0.7548
			0.9254	-0.2617	0.2741
			0.0877	0.5946	0.7992
			-0.9377	0.3437	-0.0508
		b:
			-493.3279
			607.7892
			-603.4239
			57.528
			634.834
			82.8005
	==================================================================================
	Q2:
		Shape: Ellipse
		q_c:	71.5	475.5	445.0
		ub :	79.3571	484.9148	454.342
		lb :	63.6429	466.0852	435.658
		P^-1:
			0.0361	-0.0042	-0.0039
			-0.0042	0.0327	-0.0007
			-0.0039	-0.0007	0.032
	==================================================================================
	Q3:
		Shape: Hybrid
		q_c:	68.5	474.5	449.0
		ub :	77.6334	482.4906	456.6242
		lb :	59.3666	466.5094	441.3758
		P^-1:
			0.037	0.0126	0.0375
			0.0126	0.0359	0.0134
			0.0375	0.0134	0.0868
		A:
			0.0435	-0.2961	0.9542
			-0.6934	-0.6403	-0.3303
			-0.6832	0.0422	-0.729
			0.3774	-0.5927	0.7116
			0.4588	0.4167	-0.7848
			-0.242	0.942	0.2325
		b:
			293.9294
			-496.5531
			-351.7391
			67.3697
			-118.3664
			539.5168
	==================================================================================
	Q4:
		Shape: Polyhedra
		q_c:	86.0	456.5	448.0
		ub :	98.2259	468.2903	458.0294
		lb :	73.7741	444.7097	437.9706
		A:
			-0.0711	0.7826	-0.6184
			0.8833	0.3041	-0.3568
			0.119	0.7762	-0.6192
			0.9847	0.077	-0.1563
			0.4402	0.7121	-0.5469
			0.4335	0.9011	-0.0061
			0.9857	0.0878	0.1441
			-0.1098	-0.3152	0.9427
			0.1282	-0.9449	-0.3011
			-0.9857	-0.0878	-0.1441
			0.1098	0.3152	-0.9427
			-0.1282	0.9449	0.3011
		b:
			81.4498
			64.3727
			94.371
			60.0345
			125.7025
			455.3452
			199.9248
			274.9725
			-545.7155
			-178.9248
			-262.9725
			564.7155
	==================================================================================
	Q5:
		Shape: Polyhedra
		q_c:	82.5	476.0	456.0
		ub :	91.6997	484.4045	463.5191
		lb :	73.3003	467.5955	448.4809
		A:
			0.9331	-0.3577	-0.0364
			-0.6477	-0.59	-0.4821
			0.6436	-0.5667	-0.5145
			-0.4077	-0.8975	-0.1679
			-0.8624	0.3109	-0.3996
			0.72	0.4134	0.5574
			0.5924	0.2663	0.7604
			-0.4609	0.8861	0.0487
			-0.6608	-0.3793	0.6476
			-0.5924	-0.2663	-0.7604
			0.4609	-0.8861	-0.0487
			0.6608	0.3793	-0.6476
		b:
			-104.3201
			-549.6525
			-445.465
			-532.1382
			-100.5974
			514.6222
			526.3776
			411.4667
			66.7569
			-518.3776
			-400.4667
			-53.7569
	==================================================================================
	Q6:
		Shape: Hybrid
		q_c:	65.0	450.0	451.0
