3D_40_7_6_c                l = 3

===========================================================================================
===========================================================================================
S1:
	q_c:	268.5	197.5	120.5
	ub :	279.0146	208.7054	132.6756
	lb :	257.2706	184.0149	115.37

	==================================================================================
	Q1:
		Shape: Polyhedra
		q_c:	262.5	190.0	125.5
		ub :	267.7294	195.9851	131.5382
		lb :	257.2706	184.0149	119.4618
		A:
			-0.5963	0.7186	0.3577
			-0.0272	0.9603	-0.2777
			0.1589	-0.9396	0.3033
			-0.9717	-0.229	0.0573
			0.8466	0.3304	-0.4174
			0.0177	-0.9989	0.0424
			0.2095	0.6567	0.7244
			-0.5799	0.68	-0.4488
			-0.7873	-0.3261	0.5233
			-0.2095	-0.6567	-0.7244
			0.5799	-0.68	0.4488
			0.7873	0.3261	-0.5233
		b:
			28.5213
			143.9736
			-95.2252
			-288.21
			235.63
			-176.1728
			274.6827
			-75.8472
			-199.9566
			-266.6827
			82.8472
			205.9566
	==================================================================================
	Q2:
		Shape: Hybrid
		q_c:	273.5	199.0	128.0
		ub :	277.1892	203.3176	132.6756
		lb :	269.8108	194.6824	123.3244
		P^-1:
			0.1752	0.0372	0.012
			0.0372	0.1704	0.073
			0.012	0.073	0.1461
		A:
			0.8844	-0.2692	0.3812
			0.5819	0.7315	0.3553
			-0.6979	-0.5231	-0.4891
			-0.9466	-0.2741	-0.1698
			-0.865	-0.3729	0.3358
			-0.7011	0.6682	0.2488
		b:
			238.9745
			351.2663
			-356.5124
			-333.8984
			-266.253
			-25.3018
	==================================================================================
	Q3:
		Shape: Ellipse
		q_c:	269.0	200.0	124.5
		ub :	274.2794	203.9502	130.19
		lb :	263.7206	196.0498	118.81
		P^-1:
			0.0929	-0.0036	0.0277
			-0.0036	0.0821	-0.0015
			0.0277	-0.0015	0.0671
	==================================================================================
	Q4:
		Shape: Ellipse
		q_c:	271.0	204.5	124.0
		ub :	275.6677	208.7054	127.359
		lb :	266.3323	200.2946	120.641
		P^-1:
			1.0156	1.3203	-1.0449
			1.3203	1.8916	-1.4493
			-1.0449	-1.4493	1.237
	==================================================================================
	Q5:
		Shape: Polyhedra
		q_c:	271.5	200.0	124.0
		ub :	276.6199	205.2462	128.89
		lb :	266.3801	194.7538	119.11
		A:
			0.283	-0.0565	-0.9575
			0.2181	-0.6193	0.7543
			-0.1789	0.7917	-0.5842
			0.6104	0.639	-0.4681
			0.1888	-0.1534	0.97
			-0.5949	-0.2029	0.7778
			0.0318	0.9054	0.4234
			0.2598	0.4016	-0.8782
			-0.9651	0.1379	-0.2224
			-0.0318	-0.9054	-0.4234
			-0.2598	-0.4016	0.8782
			0.9651	-0.1379	0.2224
		b:
			-50.3095
			32.0309
			40.5958
			238.6313
			143.9247
			-102.7529
			246.2219
			44.4404
			-257.5263
			-238.2219
			-39.4404
			266.5263
	==================================================================================
	Q6:
		Shape: Hybrid
		q_c:	273.0	191.0	121.5
		ub :	279.0146	197.0851	127.63
		lb :	266.9854	184.9149	115.37
		P^-1:
			0.0794	-0.0049	0.0038
			-0.0049	0.0711	0.0082
			0.0038	0.0082	0.0753
		A:
			0.4068	0.8798	0.2457
			0.1033	-0.8202	-0.5627
			0.0773	0.6101	0.7886
			-0.6645	0.7433	0.077
			0.2116	0.1694	-0.9626
			0.1486	-0.7921	-0.592
		b:
			310.9351
			-195.0491
			235.1887
			-28.2787
			-24.7795
			-180.8978


===========================================================================================
===========================================================================================
S2:
	q_c:	115.5	211.5	380.0
	ub :	124.4144	222.088	392.0124
	lb :	106.5355	203.5144	373.4571

	==================================================================================
	Q1:
		Shape: Polyhedra
		q_c:	111.5	211.0	382.0
		ub :	114.926	213.4329	385.4756
		lb :	108.074	208.5671	378.5244
		A:
			-0.9606	-0.2015	0.1913
			0.8123	0.3825	-0.4404
			-0.0715	-0.7954	-0.6019
			-0.4845	-0.8158	-0.3159
			-0.8323	0.2908	0.4719
			0.8573	0.2926	-0.4237
			0.7223	0.2154	0.6572
			-0.6761	0.0198	0.7366
			0.1456	-0.9763	0.1599
			-0.7223	-0.2154	-0.6572
			0.6761	-0.0198	-0.7366
			-0.1456	0.9763	-0.1599
		b:
			-74.2171
			5.4144
			-403.6261
			-344.8057
			151.2637
			-2.13
			379.0245
			212.6704
			-126.6787
			-375.0245
			-207.6704
			130.6787
	==================================================================================
	Q2:
		Shape: Hybrid
		q_c:	120.0	207.5	377.0
		ub :	124.4144	211.4856	380.5429
		lb :	115.5856	203.5144	373.4571
		P^-1:
			0.1545	-0.0615	-0.0563
			-0.0615	0.2104	-0.0363
			-0.0563	-0.0363	0.2168
		A:
			-0.2675	-0.8553	0.4438
			-0.8765	0.3799	-0.2957
			0.3717	-0.0894	0.924
			-0.2599	0.4452	0.8569
			0.8604	-0.4854	0.1555
			0.7657	-0.184	-0.6163
		b:
			-40.9428
			-136.1744
			376.133
			385.5397
			62.6047
			-177.536
	==================================================================================
	Q3:
		Shape: Ellipse
		q_c:	118.0	213.0	388.0
		ub :	122.0367	216.0791	392.0124
		lb :	113.9633	209.9209	383.9876
		P^-1:
			0.2017	-0.1195	0.0094
			-0.1195	0.3829	0.0341
			0.0094	0.0341	0.1309
	==================================================================================
	Q4:
		Shape: Hybrid
		q_c:	111.0	214.0	380.0
		ub :	115.4645	218.4696	385.0947
		lb :	106.5355	209.5304	374.9053
		P^-1:
			0.126	-0.0139	-0.0361
			-0.0139	0.1091	-0.0012
			-0.0361	-0.0012	0.1177
		A:
			0.3029	-0.9142	-0.2691
			-0.4674	0.8831	0.041
			-0.0961	0.694	0.7136
			0.5596	0.556	-0.6146
			-0.2991	0.758	0.5796
			-0.7426	0.6609	0.1087
		b:
			-262.6339
			154.3014
			410.788
			-50.9112
			350.8947
			101.8066
	==================================================================================
	Q5:
		Shape: Polyhedra
		q_c:	115.5	217.0	380.5
		ub :	120.6614	222.088	385.0981
		lb :	110.3386	211.912	375.9019
		A:
			-0.2306	-0.3571	-0.9052
			-0.6865	-0.5556	-0.4691
			0.0766	0.0078	0.997
			0.955	-0.0742	-0.2873
			-0.4843	-0.5754	0.6591
			0.8847	0.2657	0.3829
			0.7012	0.6948	0.1601
			0.6099	-0.4683	-0.6393
			-0.3692	0.5459	-0.7521
			-0.7012	-0.6948	-0.1601
			-0.6099	0.4683	0.6393
			0.3692	-0.5459	0.7521
		b:
			-445.4847
			-375.3597
			392.8161
			-11.8038
			72.9052
			308.4596
			295.6656
			-270.9172
			-207.8605
			-289.6656
			277.9172
			212.8605
	==================================================================================
	Q6:
		Shape: Ellipse
		q_c:	119.0	208.5	386.0
		ub :	122.8823	211.9501	389.0407
		lb :	115.1177	205.0499	382.9593
		P^-1:
			0.2226	0.0634	0.1184
			0.0634	0.2024	-0.0218
			0.1184	-0.0218	0.3806


===========================================================================================
===========================================================================================
S3:
	q_c:	119.0	125.0	334.0
	ub :	140.4855	145.9631	350.4054
	lb :	107.5512	106.0507	315.784

	==================================================================================
	Q1:
		Shape: Hybrid
		q_c:	127.5	136.0	329.5
		ub :	137.0079	145.9631	337.6221
		lb :	117.9921	126.0369	321.3779
		P^-1:
			0.028	0.0075	-0.0006
			0.0075	0.0308	-0.009
			-0.0006	-0.009	0.0441
		A:
			0.9746	0.1645	-0.1517
			0.1725	0.927	-0.333
			-0.5056	0.2721	0.8188
			0.8094	-0.5269	0.2592
			0.742	-0.0553	0.6682
			-0.4276	-0.8954	0.1242
		b:
			100.3048
			41.3965
			246.0717
			121.251
			310.5376
			-132.3023
	==================================================================================
	Q2:
		Shape: Hybrid
		q_c:	121.5	113.5	334.0
		ub :	129.5834	120.9493	341.4103
		lb :	113.4166	106.0507	326.5897
		P^-1:
			0.0508	0.0195	-0.0053
			0.0195	0.0502	-0.0176
			-0.0053	-0.0176	0.0578
		A:
			-0.7883	-0.3437	-0.5104
			0.5979	-0.1354	0.7901
			0.1684	-0.6291	0.7589
			0.9634	-0.247	0.1044
			0.0955	0.054	-0.994
			-0.8381	-0.3459	-0.4219
		b:
			-302.6091
			323.9025
			204.9301
			127.3529
			-311.6721
			-279.3866
	==================================================================================
	Q3:
		Shape: Polyhedra
		q_c:	112.5	129.5	332.0
		ub :	117.4488	136.3922	340.4602
		lb :	107.5512	122.6078	323.5398
		A:
			-0.5229	-0.2134	0.8252
			-0.6424	0.5358	-0.5479
			0.7489	-0.6491	0.1336
			-0.1719	0.6107	-0.7729
			0.4913	-0.5805	-0.6493
			0.3113	-0.9245	-0.2201
			0.0455	0.4988	0.8655
			-0.3404	0.8223	-0.456
			-0.9392	-0.2739	0.2072
			-0.0455	-0.4988	-0.8655
			0.3404	-0.8223	0.456
			0.9392	0.2739	-0.2072
		b:
			192.8296
			-181.6058
			47.7505
			-193.1942
			-228.9677
			-152.6016
			364.5657
			-80.6917
			-68.3444
			-349.5657
			85.6917
			76.3444
	==================================================================================
	Q4:
		Shape: Hybrid
		q_c:	127.0	124.0	326.5
		ub :	134.0577	127.7223	333.6197
		lb :	119.9423	120.2777	319.3803
		P^-1:
			0.0425	-0.0168	-0.0027
			-0.0168	0.1546	0.0182
			-0.0027	0.0182	0.0429
		A:
			0.0159	0.9632	-0.2682
			-0.0347	0.9421	0.3334
			-0.3729	-0.8525	-0.3663
			-0.8916	0.3122	0.3279
			0.0777	-0.9969	0.0126
			-0.2033	-0.8123	-0.5466
		b:
			35.7935
			222.6842
			-270.4804
			35.8149
			-108.2504
			-302.8902
	==================================================================================
	Q5:
		Shape: Ellipse
		q_c:	127.5	131.0	343.5
		ub :	133.6584	137.5776	350.4054
		lb :	121.3416	124.4224	336.5946
		P^-1:
			0.0896	0.0039	-0.0291
			0.0039	0.0498	-0.0028
			-0.0291	-0.0028	0.0705
	==================================================================================
	Q6:
		Shape: Polyhedra
		q_c:	130.5	122.5	325.0
		ub :	140.4855	132.4869	334.216
		lb :	120.5145	112.5131	315.784
		A:
			0.3638	-0.3923	0.8448
			0.1346	-0.96	0.2455
			-0.4946	0.2168	0.8416
			-0.1755	-0.6802	-0.7118
			-0.4059	0.9124	-0.053
			-0.6429	0.6687	-0.3735
			0.4259	0.7623	0.4874
			0.4665	0.2765	-0.8402
			-0.7752	0.5852	-0.2379
			-0.4259	-0.7623	-0.4874
			-0.4665	-0.2765	0.8402
			0.7752	-0.5852	0.2379
		b:
			279.819
			-14.1805
			241.2393
			-331.1415
			47.6737
			-117.3705
			313.8509
			-172.804
			-100.7924
			-300.8509
			183.804
			112.7924


===========================================================================================
===========================================================================================
S4:
	q_c:	292.5	144.0	28.0
	ub :	327.0957	172.2356	59.3292
	lb :	256.0766	112.7044	-8.4443

	==================================================================================
	Q1:
		Shape: Hybrid
		q_c:	292.0	161.5	16.5
		ub :	301.1774	169.3855	25.4649
		lb :	282.8226	153.6145	7.5351
		P^-1:
			0.0495	0.0162	0.0225
			0.0162	0.048	0.0167
			0.0225	0.0167	0.035
		A:
			-0.9254	-0.0615	-0.374
			0.9527	0.2923	-0.0826
			-0.9001	-0.4268	-0.0873
			0.3571	-0.6875	-0.6323
			-0.0284	0.9943	-0.1026
			0.5232	-0.8316	-0.1866
		b:
			-283.7431
			327.7668
			-330.2433
			-13.0544
			154.1196
			19.1963
	==================================================================================
	Q2:
		Shape: Ellipse
		q_c:	298.0	162.0	52.0
		ub :	308.1803	172.2356	59.3292
		lb :	287.8197	151.7644	44.6708
		P^-1:
			0.0411	0.0308	0.0133
			0.0308	0.0455	0.013
			0.0133	0.013	0.0352
	==================================================================================
	Q3:
		Shape: Ellipse
		q_c:	274.0	130.5	7.5
		ub :	291.9234	148.2956	23.4443
		lb :	256.0766	112.7044	-8.4443
		P^-1:
			0.009	-0.0001	0.0012
			-0.0001	0.0094	-0.0013
			0.0012	-0.0013	0.0093
	==================================================================================
	Q4:
		Shape: Polyhedra
		q_c:	292.5	135.5	37.0
		ub :	303.1923	148.3192	48.1975
		lb :	281.8077	122.6808	25.8025
		A:
			0.0551	-0.3961	0.9165
			0.3334	-0.3179	-0.8876
			0.1169	-0.9308	0.3464
			-0.3111	0.7494	-0.5844
			0.8163	-0.1277	-0.5633
			0.6173	-0.5123	0.5971
			0.3074	0.6655	0.6801
			0.2378	0.6383	-0.7321
			-0.9214	0.3868	0.0379
			-0.3074	-0.6655	-0.6801
			-0.2378	-0.6383	0.7321
			0.9214	-0.3868	-0.0379
		b:
			3.9133
			29.2424
			-71.6495
			-3.7394
			207.8036
			140.5023
			213.2552
			136.4591
			-208.6974
			-197.2552
			-121.4591
			222.6974
	==================================================================================
	Q5:
		Shape: Polyhedra
		q_c:	280.0	134.5	18.0
		ub :	298.1672	148.3752	36.4303
		lb :	261.8328	120.6248	-0.4303
		A:
			0.1809	0.9812	0.0667
			0.286	-0.7098	-0.6437
			-0.8536	0.509	0.1107
			-0.9503	0.2685	0.1574
			0.2419	0.9697	0.0345
			-0.583	-0.5917	0.5568
			0.5834	0.213	0.7838
			-0.6803	0.6553	0.3283
			-0.4437	-0.7247	0.5272
			-0.5834	-0.213	-0.7838
			0.6803	-0.6553	-0.3283
			0.4437	0.7247	-0.5272
		b:
			192.7276
			-15.7489
			-158.3619
			-216.8484
			207.5634
			-226.6228
			221.5979
			-86.9426
			-206.2186
			-190.5979
			105.9426
			218.2186
	==================================================================================
	Q6:
		Shape: Ellipse
		q_c:	314.5	154.0	13.5
		ub :	327.0957	167.3143	27.7109
		lb :	301.9043	140.6857	-0.7109
		P^-1:
			0.0123	-0.003	0.0011
			-0.003	0.0195	-0.0126
			0.0011	-0.0126	0.0205


===========================================================================================
===========================================================================================
S5:
	q_c:	443.5	256.0	490.0
	ub :	462.6917	274.7193	510.0277
	lb :	429.6555	236.4261	469.9768

	==================================================================================
	Q1:
		Shape: Ellipse
		q_c:	450.0	263.0	498.0
		ub :	457.3446	269.5459	504.622
		lb :	442.6554	256.4541	491.378
		P^-1:
			0.0546	-0.0015	-0.0098
			-0.0015	0.0498	0.004
			-0.0098	0.004	0.0475
	==================================================================================
	Q2:
		Shape: Polyhedra
		q_c:	453.5	251.5	481.0
		ub :	462.6917	259.3302	491.4324
		lb :	444.3083	243.6698	470.5676
		A:
			0.767	-0.6059	0.2113
			-0.6982	0.6908	-0.1879
			-0.6659	0.2414	0.7059
			0.6126	-0.7849	0.0933
			-0.4004	0.6638	-0.6317
			0.4064	-0.8562	-0.319
			0.4237	0.5463	0.7225
			-0.869	0.02	0.4945
			0.2557	-0.8373	0.4832
			-0.4237	-0.5463	-0.7225
			0.869	-0.02	-0.4945
			-0.2557	0.8373	-0.4832
		b:
			301.7595
			-228.7728
			104.1511
			129.7674
			-314.0842
			-178.7249
			685.0733
			-145.6897
			141.8003
			-669.0733
			156.6897
			-133.8003
	==================================================================================
	Q3:
		Shape: Hybrid
		q_c:	438.5	249.5	499.0
		ub :	447.3445	260.5434	510.0277
		lb :	429.6555	238.4566	487.9723
		P^-1:
			0.0277	-0.0077	-0.0055
			-0.0077	0.0275	0.0071
			-0.0055	0.0071	0.023
		A:
			-0.8064	0.3879	-0.4464
			0.856	0.1843	-0.483
			0.8475	-0.3598	0.3903
			-0.2076	0.6	0.7726
			-0.5084	0.861	-0.0125
			-0.9572	0.2191	0.1891
		b:
			-475.4046
			184.2889
			480.6917
			447.3014
			-11.0826
			-267.4533
	==================================================================================
	Q4:
		Shape: Hybrid
		q_c:	454.0	243.5	477.5
		ub :	459.0062	250.5739	485.0232
		lb :	448.9938	236.4261	469.9768
		P^-1:
			0.338	0.0992	0.1472
			0.0992	0.0806	0.0592
			0.1472	0.0592	0.0989
		A:
			-0.9998	-0.0153	0.0102
			0.8903	0.0283	0.4544
			-0.9935	-0.0406	-0.106
			-0.8384	0.4419	-0.3192
			0.8807	0.4569	0.1252
			-0.7715	0.4456	0.4541
		b:
			-450.5794
			629.3528
			-509.8293
			-422.6746
			572.6685
			-21.0017
	==================================================================================
	Q5:
		Shape: Polyhedra
		q_c:	439.0	250.5	480.5
		ub :	446.3387	258.7753	488.167
		lb :	431.6613	242.2247	472.833
		A:
			-0.5012	-0.511	-0.6984
			-0.9073	-0.0008	0.4204
			-0.3018	-0.4701	0.8294
			-0.6762	-0.382	0.6299
			0.1239	0.2308	0.9651
			-0.4433	0.3102	-0.841
			0.1158	0.7336	0.6696
			0.575	0.5002	-0.6474
			-0.8099	0.46	-0.3639
			-0.1158	-0.7336	-0.6696
			-0.575	-0.5002	0.6474
			0.8099	-0.46	0.3639
		b:
			-677.9039
			-192.1252
			151.3849
			-87.2194
			581.1337
			-515.24
			561.8489
			69.1433
			-408.694
			-550.8489
			-64.1433
			421.694
	==================================================================================
	Q6:
		Shape: Hybrid
		q_c:	445.0	266.0	493.5
		ub :	452.7171	274.7193	502.8445
		lb :	437.2829	257.2807	484.1555
		P^-1:
			0.0382	0.0033	0.0123
			0.0033	0.0213	0.0035
			0.0123	0.0035	0.0339
		A:
			0.4197	0.9033	-0.0889
			-0.4644	-0.5282	-0.7109
			-0.8762	0.4507	0.1707
			0.1974	-0.9433	-0.267
			0.314	0.2235	0.9227
			0.2885	0.6298	0.7211
		b:
			387.5335
			-695.1621
			-181.8504
			-290.2656
			657.3965
			655.0556


===========================================================================================
===========================================================================================
S6:
	q_c:	154.5	34.0	29.0
	ub :	168.5216	45.9793	36.9049
	lb :	145.1529	23.4579	17.5083

	==================================================================================
	Q1:
		Shape: Hybrid
		q_c:	152.0	39.0	29.5
		ub :	158.8471	45.9793	36.9049
		lb :	145.1529	32.0207	22.0951
		P^-1:
			0.0674	0.0005	-0.0175
			0.0005	0.044	0.0055
			-0.0175	0.0055	0.0596
		A:
			-0.2104	0.5073	0.8357
			0.9081	0.4048	-0.1074
			0.5773	0.8052	-0.1352
			0.4691	-0.3553	-0.8085
			0.0369	0.3812	-0.9238
			-0.7945	0.054	0.6048
		b:
			14.7043
			152.8877
			117.851
			35.5523
			-4.0102
			-99.0667
	==================================================================================
	Q2:
		Shape: Polyhedra
		q_c:	155.0	37.0	32.5
		ub :	159.2832	41.2598	36.1023
		lb :	150.7168	32.7402	28.8977
		A:
			0.4153	-0.2801	0.8655
			0.2162	-0.2914	0.9319
			-0.8066	0.4358	0.3994
			-0.4052	0.7285	-0.5523
			0.6071	0.1756	0.775
			0.4449	-0.5302	0.7218
			0.2213	0.9678	0.1201
			0.933	-0.2459	0.2629
			0.2839	0.0539	-0.9573
			-0.2213	-0.9678	-0.1201
			-0.933	0.2459	-0.2629
			-0.2839	-0.0539	0.9573
		b:
			84.8863
			55.6761
			-93.0312
			-50.7368
			128.7207
			75.6979
			77.5067
			147.0537
			17.3928
			-70.5067
			-141.0537
			-12.3928
	==================================================================================
	Q3:
		Shape: Polyhedra
		q_c:	161.0	27.5	30.0
		ub :	164.6915	31.5421	33.6094
		lb :	157.3085	23.4579	26.3906
		A:
			0.7731	0.3529	-0.527
			-0.8988	0.0601	0.4343
			0.7229	-0.6805	0.1195
			-0.8584	-0.4997	-0.116
			0.0625	-0.668	-0.7415
			-0.8283	0.1435	-0.5416
			0.718	0.5111	0.4725
			0.6159	-0.1504	-0.7733
			-0.3242	0.8463	-0.4227
			-0.718	-0.5111	-0.4725
			-0.6159	0.1504	0.7733
			0.3242	-0.8463	0.4227
		b:
			120.2862
			-128.2629
			103.9894
			-153.0242
			-28.454
			-142.9629
			146.3308
			73.3274
			-38.6026
			-141.3308
			-70.3274
			44.6026
	==================================================================================
	Q4:
		Shape: Hybrid
		q_c:	157.5	33.0	30.5
		ub :	162.3475	38.3883	33.1718
		lb :	152.6525	27.6117	27.8282
		P^-1:
			0.168	-0.1062	-0.0011
			-0.1062	0.1427	-0.074
			-0.0011	-0.074	0.4237
		A:
			0.5479	0.3126	-0.776
			-0.8863	0.2157	0.4099
			-0.1276	-0.6144	0.7786
			0.4003	0.2013	-0.894
			-0.505	0.742	-0.441
			0.7518	-0.3716	-0.5447
		b:
			74.9375
			-118.2134
			-14.8247
			43.7302
			-67.2802
			90.7875
	==================================================================================
	Q5:
		Shape: Polyhedra
		q_c:	163.0	32.0	23.5
		ub :	168.5216	38.0924	29.4917
		lb :	157.4784	25.9076	17.5083
		A:
			0.5623	0.4517	-0.6927
			-0.7017	-0.2575	0.6643
			0.2703	-0.0507	-0.9614
			0.1028	0.9705	0.2183
			-0.5448	-0.603	-0.5827
			-0.8044	0.4467	-0.3916
			0.8162	0.429	0.3871
			-0.5768	0.5657	0.5893
			0.0338	-0.7042	0.7092
			-0.8162	-0.429	-0.3871
			0.5768	-0.5657	-0.5893
			-0.0338	0.7042	-0.7092
		b:
			93.3956
			-103.4992
			23.1022
			56.6414
			-117.4707
			-122.2163
			160.3609
			-59.0686
			3.1454
			-151.3609
			65.0686
			3.8546
	==================================================================================
	Q6:
		Shape: Hybrid
		q_c:	150.5	37.0	26.5
		ub :	155.0075	41.6254	31.3759
		lb :	145.9925	32.3746	21.6241
		P^-1:
			0.1398	-0.0071	-0.023
			-0.0071	0.1129	0.0057
			-0.023	0.0057	0.1296
		A:
			0.584	0.7748	-0.2421
			-0.4083	0.8929	0.19
			0.7869	0.5009	0.3605
			-0.1791	0.2181	0.9594
			-0.4683	0.8617	0.1953
			-0.7408	-0.1105	0.6626
		b:
			111.8052
			-21.8018
			148.2221
			8.0055
			-31.8579
			-96.7238


===========================================================================================
===========================================================================================
S7:
	q_c:	237.5	154.0	259.0
	ub :	250.773	165.3299	273.595
	lb :	224.748	145.3263	248.1154

	==================================================================================
	Q1:
		Shape: Ellipse
		q_c:	233.5	153.5	267.0
		ub :	239.1869	159.2226	269.9218
		lb :	227.8131	147.7774	264.0782
		P^-1:
			0.0825	0.0157	-0.0836
			0.0157	0.0749	-0.0658
			-0.0836	-0.0658	0.4121
	==================================================================================
	Q2:
		Shape: Polyhedra
		q_c:	232.0	150.0	266.0
		ub :	235.8891	154.6737	268.6926
		lb :	228.1109	145.3263	263.3074
		A:
			0.9329	0.1408	0.3315
			0.5691	0.3443	0.7467
			-0.8922	-0.446	-0.0714
			0.0706	0.1312	0.9888
			0.9855	-0.1394	0.0964
			0.5395	0.5846	0.6059
			0.6429	0.24	0.7274
			-0.4066	0.9117	0.0585
			-0.6491	-0.3334	0.6837
			-0.6429	-0.24	-0.7274
			0.4066	-0.9117	-0.0585
			0.6491	0.3334	-0.6837
		b:
			327.5536
			383.8744
			-291.1233
			300.8752
			235.9177
			376.0257
			380.1383
			61.9847
			-16.7294
			-377.1383
			-53.9847
			20.7294
	==================================================================================
	Q3:
		Shape: Ellipse
		q_c:	230.5	157.5	252.5
		ub :	236.252	162.8338	256.4369
		lb :	224.748	152.1662	248.5631
		P^-1:
			0.0698	0.0848	0.1084
			0.0848	0.4026	0.4515
			0.1084	0.4515	0.6264
	==================================================================================
	Q4:
		Shape: Ellipse
		q_c:	236.5	157.0	265.5
		ub :	245.6375	165.3299	273.595
		lb :	227.3625	148.6701	257.405
		P^-1:
			0.0338	0.0167	-0.0171
			0.0167	0.0568	-0.0386
			-0.0171	-0.0386	0.0719
	==================================================================================
	Q5:
		Shape: Hybrid
		q_c:	247.0	157.5	261.0
		ub :	250.6417	163.0331	267.3615
		lb :	243.3583	151.9669	254.6385
		P^-1:
			0.1134	-0.0101	0.0036
			-0.0101	0.1218	-0.0564
			0.0036	-0.0564	0.069
		A:
			-0.3838	-0.9204	0.0743
			-0.1503	0.8589	-0.4896
			0.0313	0.5767	-0.8164
			-0.0219	0.892	-0.4515
			-0.0492	-0.9589	-0.2793
			0.3116	0.9343	-0.1729
		b:
			-218.1762
			-28.3721
			-112.6478
			18.5366
			-232.8682
			180.9245
	==================================================================================
	Q6:
		Shape: Ellipse
		q_c:	245.0	151.0	254.0
		ub :	250.773	156.4553	259.8846
		lb :	239.227	145.5447	248.1154
		P^-1:
			0.1997	0.0514	0.1985
			0.0514	0.0738	0.0479
			0.1985	0.0479	0.2612


===========================================================================================
===========================================================================================
