3D_45_14_6_f                l = 3

===========================================================================================
===========================================================================================
S1:
	q_c:	360.5	374.0	149.0
	ub :	369.0901	380.66	158.0284
	lb :	356.7591	369.8451	140.8826

	==================================================================================
	Q1:
		Shape: Ellipse
		q_c:	362.5	376.5	152.0
		ub :	366.7665	380.66	156.0293
		lb :	358.2335	372.34	147.9707
		P^-1:
			0.162	0.067	0.0508
			0.067	0.1989	-0.0387
			0.0508	-0.0387	0.2207
	==================================================================================
	Q2:
		Shape: Polyhedra
		q_c:	362.5	374.0	148.0
		ub :	365.2138	376.7343	151.1533
		lb :	359.7862	371.2657	144.8467
		A:
			0.0641	-0.7797	0.6228
			0.9399	-0.2812	-0.1935
			0.9328	0.234	-0.274
			0.0434	-0.6179	-0.785
			-0.3258	-0.0713	-0.9428
			0.8776	0.3659	-0.3096
			0.0184	0.9526	0.3036
			0.4415	0.2647	-0.8573
			-0.8971	0.1498	-0.4157
			-0.0184	-0.9526	-0.3036
			-0.4415	-0.2647	0.8573
			0.8971	-0.1498	0.4157
		b:
			-174.2176
			208.9266
			387.0991
			-329.5572
			-282.2679
			411.1591
			409.8685
			134.1568
			-328.7025
			-405.8685
			-130.1568
			332.7025
	==================================================================================
	Q3:
		Shape: Hybrid
		q_c:	364.0	375.5	153.5
		ub :	367.9944	378.4723	158.0284
		lb :	360.0056	372.5277	148.9716
		P^-1:
			0.1407	-0.0012	0.0371
			-0.0012	0.3995	-0.1148
			0.0371	-0.1148	0.1459
		A:
			-0.6484	-0.7314	0.2114
			0.0566	-0.9442	0.3243
			0.0475	0.9795	-0.196
			0.5651	-0.6885	0.4545
			-0.0871	-0.1568	-0.9838
			0.0489	-0.9215	0.3852
		b:
			-476.7996
			-283.4362
			355.7956
			18.0886
			-239.162
			-268.366
	==================================================================================
	Q4:
		Shape: Hybrid
		q_c:	359.5	372.5	150.5
		ub :	362.2409	375.1549	153.4707
		lb :	356.7591	369.8451	147.5293
		P^-1:
			0.6318	0.335	0.2051
			0.335	0.6318	-0.0008
			0.2051	-0.0008	0.3408
		A:
			0.4977	0.3671	0.7858
			0.8524	0.205	-0.4811
			-0.3575	0.8482	-0.3908
			-0.364	-0.9294	-0.0615
			0.4976	0.8363	-0.2301
			0.7367	0.1732	0.6536
		b:
			434.8985
			311.8825
			129.7359
			-485.5982
			456.4519
			428.4721
	==================================================================================
	Q5:
		Shape: Hybrid
		q_c:	365.0	376.5	145.0
		ub :	369.0901	379.0442	149.1174
		lb :	360.9099	373.9558	140.8826
		P^-1:
			0.161	0.0793	-0.0075
			0.0793	0.4099	0.0629
			-0.0075	0.0629	0.1446
		A:
			-0.0093	-0.8279	0.5607
			0.2793	-0.9354	-0.2167
			0.2012	0.8885	-0.4125
			0.4794	-0.8663	0.1405
			-0.0649	0.8407	0.5377
			0.2638	0.8666	0.4236
		b:
			-232.1745
			-280.5044
			349.4406
			-129.1564
			371.8226
			484.8472
	==================================================================================
	Q6:
		Shape: Ellipse
		q_c:	359.5	371.5	148.5
		ub :	361.2344	372.8433	150.2652
		lb :	357.7656	370.1567	146.7348
		P^-1:
			1.4477	-0.9331	0.9022
			-0.9331	2.637	-1.2103
			0.9022	-1.2103	1.3598


===========================================================================================
===========================================================================================
S2:
	q_c:	41.0	157.5	356.5
	ub :	50.7415	169.6759	363.9768
	lb :	32.6636	150.6552	349.0533

	==================================================================================
	Q1:
		Shape: Ellipse
		q_c:	43.5	163.0	354.0
		ub :	47.904	167.3052	358.9467
		lb :	39.096	158.6948	349.0533
		P^-1:
			0.2031	-0.1619	-0.0556
			-0.1619	0.2975	0.0742
			-0.0556	0.0742	0.1071
	==================================================================================
	Q2:
		Shape: Ellipse
		q_c:	43.0	159.5	356.5
		ub :	48.2895	163.7647	361.6082
		lb :	37.7105	155.2353	351.3918
		P^-1:
			0.0695	-0.0036	-0.0167
			-0.0036	0.1108	-0.0015
			-0.0167	-0.0015	0.1044
	==================================================================================
	Q3:
		Shape: Hybrid
		q_c:	43.0	153.0	356.0
		ub :	45.4967	155.3448	358.7025
		lb :	40.5033	150.6552	353.2975
		P^-1:
			0.7316	0.1644	0.2926
			0.1644	0.5385	0.1744
			0.2926	0.1744	0.3344
		A:
			-0.7786	-0.6139	-0.1305
			-0.3099	-0.7534	-0.5799
			-0.9769	-0.0243	0.2125
			0.7907	0.2659	0.5515
			-0.8216	0.2528	-0.511
			-0.7085	0.2807	-0.6474
		b:
			-173.0769
			-334.3076
			31.1808
			271.5663
			-177.7742
			-217.0451
	==================================================================================
	Q4:
		Shape: Polyhedra
		q_c:	36.5	165.5	359.5
		ub :	40.3364	169.6759	363.9768
		lb :	32.6636	161.3241	355.0232
		A:
			0.7075	0.6555	-0.2641
			0.9813	0.1925	-0.0026
			-0.9617	-0.0618	0.267
			-0.0661	-0.9745	-0.2144
			-0.8245	-0.396	-0.4043
			0.8376	0.1808	0.5155
			0.7209	0.6419	0.2614
			0.6304	-0.4505	-0.6321
			-0.2879	0.6205	-0.7294
			-0.7209	-0.6419	-0.2614
			-0.6304	0.4505	0.6321
			0.2879	-0.6205	0.7294
		b:
			41.3846
			68.8196
			53.114
			-238.4316
			-239.2792
			247.8397
			228.0295
			-275.8052
			-167.0436
			-225.0295
			281.8052
			173.0436
	==================================================================================
	Q5:
		Shape: Hybrid
		q_c:	39.5	161.5	357.5
		ub :	42.0668	164.0646	360.232
		lb :	36.9332	158.9354	354.768
		P^-1:
			0.2581	0.0199	0.0333
			0.0199	0.2992	0.0821
			0.0333	0.0821	0.3872
		A:
			0.0939	0.8972	0.4314
			0.5301	0.7956	0.2933
			-0.1089	-0.4447	-0.889
			-0.9181	0.3577	-0.171
			-0.8363	-0.5481	0.0154
			0.7444	-0.3632	0.5602
		b:
			303.773
			255.2519
			-393.1924
			-38.3917
			-114.883
			172.1955
	==================================================================================
	Q6:
		Shape: Ellipse
		q_c:	48.0	163.0	353.5
		ub :	50.7415	165.7797	356.0727
		lb :	45.2585	160.2203	350.9273
		P^-1:
			0.7027	0.3226	0.216
			0.3226	0.3547	0.1463
			0.216	0.1463	0.3526


===========================================================================================
===========================================================================================
S3:
	q_c:	407.5	261.5	223.5
	ub :	421.6682	271.091	238.8204
	lb :	394.1461	248.9041	213.2133

	==================================================================================
	Q1:
		Shape: Hybrid
		q_c:	398.0	265.5	228.0
		ub :	401.8539	271.091	232.9629
		lb :	394.1461	259.909	223.0371
		P^-1:
			0.082	-0.0042	-0.004
			-0.0042	0.071	0.0524
			-0.004	0.0524	0.1286
		A:
			-0.6359	-0.0843	-0.7672
			-0.2052	-0.5637	0.8
			0.5466	-0.0033	-0.8374
			0.4552	0.062	0.8882
			0.5865	-0.7086	-0.3923
			0.04	-0.4554	-0.8894
		b:
			-448.3556
			-45.5552
			27.8427
			402.1696
			-42.0986
			-306.494
	==================================================================================
	Q2:
		Shape: Ellipse
		q_c:	416.5	262.5	226.0
		ub :	421.6682	268.4288	231.5507
		lb :	411.3318	256.5712	220.4493
		P^-1:
			0.0778	-0.0041	0.0071
			-0.0041	0.086	0.022
			0.0071	0.022	0.0914
	==================================================================================
	Q3:
		Shape: Hybrid
		q_c:	409.0	258.0	222.0
		ub :	411.2252	261.1029	226.0878
		lb :	406.7748	254.8971	217.9122
		P^-1:
			0.4322	-0.0028	-0.0651
			-0.0028	0.1577	0.0143
			-0.0651	0.0143	0.0962
		A:
			-0.4358	0.8995	-0.0318
			0.7841	-0.455	-0.4221
			-0.9167	0.3988	-0.0255
			0.4756	0.8112	0.3402
			-0.5426	0.8358	-0.0842
			-0.9126	-0.2857	0.2925
		b:
			48.4444
			110.7308
			-276.5954
			481.0465
			-23.3391
			-381.0772
	==================================================================================
	Q4:
		Shape: Polyhedra
		q_c:	415.0	259.0	226.5
		ub :	419.2788	264.8887	232.3175
		lb :	410.7212	253.1113	220.6825
		A:
			-0.3084	-0.3992	0.8634
			0.3298	0.2126	-0.9198
			-0.4212	-0.2334	0.8764
			-0.4676	0.0082	0.8839
			-0.0465	-0.9004	-0.4327
			-0.6968	-0.4888	0.5249
			0.152	0.5134	0.8446
			-0.1854	0.8541	-0.4859
			-0.9708	-0.0827	0.225
			-0.152	-0.5134	-0.8446
			0.1854	-0.8541	0.4859
			0.9708	0.0827	-0.225
		b:
			-31.9063
			-12.6976
			-33.0973
			11.7037
			-346.6414
			-293.3697
			390.8647
			38.7405
			-370.3422
			-383.8647
			-29.7405
			376.3422
	==================================================================================
	Q5:
		Shape: Hybrid
		q_c:	407.5	257.0	220.0
		ub :	413.7823	262.5614	226.7867
		lb :	401.2177	251.4386	213.2133
		P^-1:
			0.0531	-0.0005	0.0066
			-0.0005	0.0768	-0.0088
			0.0066	-0.0088	0.0636
		A:
			-0.3721	-0.5367	-0.7573
			-0.5613	0.7666	0.3119
			-0.6497	-0.7259	0.2259
			0.6934	0.718	-0.0607
			-0.0098	0.9095	-0.4156
			-0.1212	-0.7925	-0.5977
		b:
			-453.9117
			39.3007
			-399.3944
			455.9857
			140.0846
			-382.3313
	==================================================================================
	Q6:
		Shape: Polyhedra
		q_c:	401.5	255.5	233.5
		ub :	408.7019	262.0959	238.8204
		lb :	394.2981	248.9041	228.1796
		A:
			0.1475	0.7448	0.6507
			-0.2014	0.9682	0.1487
			-0.3378	-0.4512	0.826
			-0.1519	-0.987	0.0521
			0.4356	0.461	0.7731
			0.4344	0.7042	-0.5616
			0.1552	0.5253	0.8367
			0.3349	0.7688	-0.5448
			-0.9294	0.3647	-0.0566
			-0.1552	-0.5253	-0.8367
			-0.3349	-0.7688	0.5448
			0.9294	-0.3647	0.0566
		b:
			405.4499
			205.6222
			-54.7904
			-297.5353
			477.3901
			226.2516
			395.89
			206.6655
			-287.1677
			-387.89
			-200.6655
			299.1677


===========================================================================================
===========================================================================================
S4:
	q_c:	410.0	210.5	41.0
	ub :	414.522	217.9321	43.6387
	lb :	407.1767	210.7483	35.8443

	==================================================================================
	Q1:
		Shape: Hybrid
		q_c:	411.0	215.0	40.5
		ub :	413.2349	217.0697	42.2377
		lb :	408.7651	212.9303	38.7623
		P^-1:
			0.605	0.0538	0.246
			0.0538	0.4625	0.0825
			0.246	0.0825	0.8214
		A:
			0.3416	0.4315	0.8349
			-0.7483	-0.6633	0.0026
			-0.0612	-0.918	-0.3919
			0.2232	-0.3967	-0.8904
			0.6911	0.4943	0.5274
			0.7536	0.6529	-0.0765
		b:
			267.5648
			-449.1867
			-237.4975
			-28.8332
			412.2678
			447.9048
	==================================================================================
	Q2:
		Shape: Hybrid
		q_c:	411.5	214.0	37.5
		ub :	413.1987	215.1792	39.1557
		lb :	409.8013	212.8208	35.8443
		P^-1:
			0.5142	0.4664	-0.1599
			0.4664	3.5636	-1.0694
			-0.1599	-1.0694	0.8111
		A:
			-0.776	0.6141	0.1439
			-0.3076	-0.7058	0.6382
			0.4215	0.8317	-0.3613
			-0.5708	-0.7741	0.2739
			0.9168	0.3335	0.2196
			0.4852	0.8728	-0.0526
		b:
			-181.3904
			-253.1636
			338.2909
			-389.7
			458.031
			385.0023
	==================================================================================
	Q3:
		Shape: Ellipse
		q_c:	412.5	214.0	41.0
		ub :	414.522	216.2766	43.2022
		lb :	410.478	211.7234	38.7978
		P^-1:
			0.8096	0.1292	-0.2299
			0.1292	0.4902	-0.0813
			-0.2299	-0.0813	0.5892
	==================================================================================
	Q4:
		Shape: Ellipse
		q_c:	409.0	213.0	41.0
		ub :	410.8233	215.0004	42.9967
		lb :	407.1767	210.9996	39.0033
		P^-1:
			0.9419	0.1286	-0.1112
			0.1286	0.7155	0.2461
			-0.1112	0.2461	0.7871
	==================================================================================
	Q5:
		Shape: Polyhedra
		q_c:	412.5	216.5	38.0
		ub :	413.9774	217.9321	39.1943
		lb :	411.0226	215.0679	36.8057
		A:
			0.4657	-0.6175	-0.6339
			-0.3646	0.7962	-0.4827
			0.672	-0.6452	0.3636
			0.2664	0.2943	0.9178
			0.3476	-0.5011	-0.7925
			0.2435	0.9352	0.2571
			0.263	0.5972	0.7578
			0.5607	0.5445	-0.6237
			-0.7851	0.589	-0.1916
			-0.263	-0.5972	-0.7578
			-0.5607	-0.5445	0.6237
			0.7851	-0.589	0.1916
		b:
			35.0943
			4.6349
			152.3127
			209.0457
			5.495
			313.4057
			267.0685
			326.4976
			-202.6296
			-266.0685
			-324.4976
			204.6296
	==================================================================================
	Q6:
		Shape: Polyhedra
		q_c:	412.0	213.0	42.0
		ub :	413.1982	215.2517	43.6387
		lb :	410.8018	210.7483	40.3613
		A:
			-0.9322	0.1772	0.3155
			0.627	-0.7682	0.1295
			0.7005	0.433	-0.5673
			-0.5688	0.0652	0.8199
			-0.8428	-0.0515	0.5357
			0.8558	0.0682	0.5127
			0.0583	0.9394	0.3379
			0.6531	0.2201	-0.7246
			-0.7551	0.2629	-0.6006
			-0.0583	-0.9394	-0.3379
			-0.6531	-0.2201	0.7246
			0.7551	-0.2629	0.6006
		b:
			-332.2586
			101.607
			357.7121
			-185.2238
			-335.1388
			389.7661
			240.2934
			286.0114
			-279.315
			-236.2934
			-285.0114
			281.315


===========================================================================================
===========================================================================================
S5:
	q_c:	507.5	351.0	270.5
	ub :	520.0564	361.0347	279.8364
	lb :	494.351	341.6095	261.519

	==================================================================================
	Q1:
		Shape: Hybrid
		q_c:	504.0	344.5	276.5
		ub :	507.4262	347.3905	279.8364
		lb :	500.5738	341.6095	273.1636
		P^-1:
			0.2246	-0.0815	0.1353
			-0.0815	0.4142	0.0502
			0.1353	0.0502	0.3612
		A:
			0.8467	0.2261	0.4817
			-0.6265	0.4903	0.6059
			0.2005	-0.9235	-0.3271
			0.1839	-0.0524	0.9816
			-0.2023	-0.2246	-0.9532
			0.0028	0.9857	-0.1683
		b:
			639.0581
			22.1782
			-306.7712
			347.0507
			-442.0394
			295.5171
	==================================================================================
	Q2:
		Shape: Hybrid
		q_c:	504.5	351.0	271.0
		ub :	508.305	356.6452	276.6578
		lb :	500.695	345.3548	265.3422
		P^-1:
			0.2111	0.0421	-0.0575
			0.0421	0.0879	-0.0281
			-0.0575	-0.0281	0.0951
		A:
			0.9231	0.3844	-0.0129
			-0.6904	0.7223	0.0397
			0.0265	-0.8687	-0.4947
			-0.3697	0.6288	-0.6841
			0.7991	-0.3357	0.4988
			0.139	-0.9135	0.3823
		b:
			598.4832
			-81.6347
			-422.6667
			-148.6985
			422.8179
			-144.4615
	==================================================================================
	Q3:
		Shape: Hybrid
		q_c:	514.5	348.0	266.0
		ub :	520.0564	352.8604	270.481
		lb :	508.9436	343.1396	261.519
		P^-1:
			0.1007	-0.0074	-0.0411
			-0.0074	0.1063	-0.021
			-0.0411	-0.021	0.1267
		A:
			-0.3202	-0.7451	0.5851
			0.1856	0.005	-0.9826
			-0.7535	0.5466	0.3653
			-0.1962	-0.1194	-0.9733
			0.4011	0.8783	-0.2602
			0.5482	0.736	-0.3972
		b:
			-266.9344
			-162.5116
			-98.6389
			-399.1839
			444.6568
			434.1961
	==================================================================================
	Q4:
		Shape: Ellipse
		q_c:	499.5	350.0	273.0
		ub :	504.649	355.1243	277.9701
		lb :	494.351	344.8757	268.0299
		P^-1:
			0.0902	0.0113	-0.0071
			0.0113	0.105	0.0038
			-0.0071	0.0038	0.1087
	==================================================================================
	Q5:
		Shape: Polyhedra
		q_c:	506.5	356.5	266.0
		ub :	510.8335	361.0347	270.212
		lb :	502.1665	351.9653	261.788
		A:
			-0.8871	-0.1484	0.437
			-0.9762	-0.1913	-0.1022
			0.7802	0.6054	-0.1575
			0.3019	-0.2493	0.9202
			-0.7962	-0.2332	-0.5582
			-0.088	0.6822	0.7259
			0.4741	0.4794	0.7385
			0.3618	0.6586	-0.6598
			-0.8027	0.58	0.1388
			-0.4741	-0.4794	-0.7385
			-0.3618	-0.6586	0.6598
			0.8027	-0.58	-0.1388
		b:
			-383.4731
			-587.1121
			571.7655
			311.5976
			-632.005
			394.5787
			610.4699
			245.0477
			-160.4152
			-604.4699
			-240.0477
			165.4152
	==================================================================================
	Q6:
		Shape: Hybrid
		q_c:	505.5	354.5	269.0
		ub :	508.6336	357.8734	273.2811
		lb :	502.3664	351.1266	264.7189
		P^-1:
			0.314	0.1367	-0.041
			0.1367	0.2811	-0.0418
			-0.041	-0.0418	0.0718
		A:
			-0.3282	0.8706	-0.3666
			0.005	-0.8908	-0.4543
			-0.9888	0.0009	-0.1491
			0.058	-0.894	0.4444
			0.0496	0.8198	-0.5704
			0.9076	0.3941	0.1449
		b:
			45.899
			-433.3612
			-538.1758
			-166.4139
			164.0607
			638.6405


===========================================================================================
===========================================================================================
S6:
	q_c:	493.5	362.0	215.0
	ub :	507.1688	374.3621	229.0299
	lb :	483.4244	351.3826	205.4594

	==================================================================================
	Q1:
		Shape: Polyhedra
		q_c:	491.5	367.0	223.5
		ub :	497.1127	373.051	229.0299
		lb :	485.8873	360.949	217.9701
		A:
			0.916	-0.2992	0.2673
			-0.105	-0.9713	0.2136
			0.5732	0.7295	-0.3731
			-0.2214	-0.8838	0.4123
			0.5425	0.2293	0.8082
			-0.923	0.3671	-0.1155
			0.8069	0.5787	0.1183
			0.3081	-0.5833	0.7516
			0.5039	-0.57	-0.6489
			-0.8069	-0.5787	-0.1183
			-0.3081	0.5833	-0.7516
			-0.5039	0.57	0.6489
		b:
			403.4887
			-357.069
			469.135
			-337.991
			534.6601
			-341.1299
			638.4204
			108.3446
			-102.0689
			-632.4204
			-102.3446
			111.0689
	==================================================================================
	Q2:
		Shape: Hybrid
		q_c:	496.0	369.0	215.0
		ub :	500.2725	374.3621	219.63
		lb :	491.7275	363.6379	210.37
		P^-1:
			0.1077	-0.0135	0.0032
			-0.0135	0.0526	-0.0021
			0.0032	-0.0021	0.0626
		A:
			-0.6027	0.6311	-0.4883
			0.8125	-0.4146	-0.4099
			-0.4474	-0.3085	0.8394
			0.5381	-0.4835	0.6904
			-0.318	-0.8674	0.3828
			-0.1347	-0.4545	-0.8805
		b:
			-169.0137
			163.7174
			-152.8074
			239.0157
			-392.5771
			-421.1947
	==================================================================================
	Q3:
		Shape: Ellipse
		q_c:	490.0	358.5	220.0
		ub :	496.5756	365.6174	226.3475
		lb :	483.4244	351.3826	213.6525
		P^-1:
			0.0942	0.0144	0.0542
			0.0144	0.0513	0.0229
			0.0542	0.0229	0.1039
	==================================================================================
	Q4:
		Shape: Hybrid
		q_c:	501.5	357.5	223.0
		ub :	505.7156	360.8631	227.369
		lb :	497.2844	354.1369	218.631
		P^-1:
			0.1511	0.0363	-0.0076
			0.0363	0.2151	0.0479
			-0.0076	0.0479	0.155
		A:
			0.9107	0.4068	0.0718
			0.0105	-0.3606	0.9327
			-0.6288	-0.7536	-0.1916
			-0.4646	0.8233	0.3262
			0.0832	-0.065	-0.9944
			0.8772	0.4648	-0.1206
		b:
			619.536
			86.1558
			-626.3855
			135.4795
			-201.6652
			580.5185
	==================================================================================
	Q5:
		Shape: Polyhedra
		q_c:	492.5	364.0	210.5
		ub :	498.1609	369.1294	215.5406
		lb :	486.8391	358.8706	205.4594
		A:
			-0.5391	-0.6356	0.5527
			0.5886	0.0562	0.8065
			-0.8787	0.4755	-0.042
			0.751	0.6107	-0.2511
			-0.2028	-0.6748	-0.7096
			-0.7943	0.4856	-0.3651
			0.7765	0.5647	0.2797
			0.5145	-0.8244	0.2361
			0.3639	-0.0394	-0.9306
			-0.7765	-0.5647	-0.2797
			-0.5145	0.8244	-0.2361
			-0.3639	0.0394	0.9306
		b:
			-377.1037
			483.4606
			-264.7529
			542.467
			-491.5674
			-287.4628
			649.8324
			6.9875
			-27.5069
			-643.8324
			1.0125
			34.5069
	==================================================================================
	Q6:
		Shape: Polyhedra
		q_c:	499.5	362.0	213.0
		ub :	507.1688	369.3672	218.2997
		lb :	491.8312	354.6328	207.7003
		A:
			0.0712	0.6338	-0.7702
			0.3898	-0.4739	0.7896
			0.0972	-0.3479	-0.9325
			0.2841	0.4244	-0.8597
			0.388	-0.9088	0.1532
			-0.839	0.242	0.4873
			0.6477	0.7359	0.1976
			0.3818	-0.089	-0.92
			-0.6594	0.6713	-0.3386
			-0.6477	-0.7359	-0.1976
			-0.3818	0.089	0.92
			0.6594	-0.6713	0.3386
		b:
			104.8912
			195.1016
			-272.4039
			116.0007
			-98.2237
			-224.0816
			637.9767
			-34.475
			-154.475
			-625.9767
			40.475
			162.475


===========================================================================================
===========================================================================================
S7:
	q_c:	27.0	256.5	283.5
	ub :	35.0362	262.6706	293.9218
	lb :	18.7576	246.1364	272.7112

	==================================================================================
	Q1:
		Shape: Polyhedra
		q_c:	29.5	252.0	279.5
		ub :	35.0362	257.0589	285.2165
		lb :	23.9638	246.9411	273.7835
		A:
			0.6321	0.7639	0.1302
			-0.2425	0.8889	-0.3887
			0.5216	0.8529	-0.0225
			-0.8892	0.2537	-0.3806
			0.5845	-0.6819	0.4398
			0.0969	-0.2156	0.9717
			0.6617	0.227	0.7146
			-0.7076	0.5042	0.4951
			-0.2479	-0.8332	0.4942
			-0.6617	-0.227	-0.7146
			0.7076	-0.5042	-0.4951
			0.2479	0.8332	-0.4942
		b:
			250.7788
			111.3112
			227.185
			-65.1972
			-28.3694
			223.4159
			279.9541
			248.0475
			-76.1461
			-272.9541
			-241.0475
			82.1461
	==================================================================================
	Q2:
		Shape: Hybrid
		q_c:	22.0	258.5	278.5
		ub :	25.089	261.6699	282.2022
		lb :	18.911	255.3301	274.7978
		P^-1:
			0.564	-0.3919	-0.0346
			-0.3919	0.6131	0.137
			-0.0346	0.137	0.1841
		A:
			-0.6108	0.6546	0.4454
			-0.4248	-0.7963	-0.4306
			-0.4882	-0.2654	-0.8314
			0.6831	0.7296	-0.0323
			0.2466	-0.7761	-0.5804
			-0.0945	-0.5018	-0.8598
		b:
			280.5699
			-333.6525
			-309.2646
			196.621
			-355.8931
			-369.7184
	==================================================================================
	Q3:
		Shape: Polyhedra
		q_c:	30.0	251.0	278.0
		ub :	34.0567	255.3644	282.5789
		lb :	25.9433	246.6356	273.4211
		A:
			-0.6833	0.55	-0.4802
			0.1189	-0.9893	-0.0848
			-0.7554	-0.2661	0.5988
			-0.7202	-0.5889	0.3668
			-0.0945	-0.4199	-0.9026
			0.5666	-0.2513	0.7848
			0.7207	0.4598	0.5188
			0.0679	-0.7916	0.6072
			0.6899	-0.4024	-0.6018
			-0.7207	-0.4598	-0.5188
			-0.0679	0.7916	-0.6072
			-0.6899	0.4024	0.6018
		b:
			-13.3277
			-265.7176
			79.5804
			-64.7535
			-356.3831
			174.8343
			284.261
			-25.348
			-245.0919
			-278.261
			30.348
			250.0919
	==================================================================================
	Q4:
		Shape: Ellipse
		q_c:	24.5	250.5	279.5
		ub :	30.2424	254.8636	285.4983
		lb :	18.7576	246.1364	273.5017
		P^-1:
			0.07	0.0239	0.01
			0.0239	0.1392	0.032
			0.01	0.032	0.0758
	==================================================================================
	Q5:
		Shape: Hybrid
		q_c:	27.5	252.5	278.0
		ub :	33.0398	256.6431	283.2888
		lb :	21.9602	248.3569	272.7112
		P^-1:
			0.076	-0.0007	0.0087
			-0.0007	0.0815	0.0011
			0.0087	0.0011	0.0682
		A:
			-0.6712	0.6299	0.3908
			-0.7981	0.1026	-0.5937
			0.0895	-0.9852	-0.1459
			0.0501	-0.5866	-0.8083
			-0.7734	-0.5467	0.3208
			0.6414	-0.6009	-0.4771
		b:
			251.2138
			-159.331
			-285.1166
			-369.4738
			-68.1141
			-264.7072
	==================================================================================
	Q6:
		Shape: Hybrid
		q_c:	28.5	259.0	289.5
		ub :	31.8774	262.6706	293.9218
		lb :	25.1226	255.3294	285.0782
		P^-1:
			0.2334	0.0071	-0.0457
			0.0071	0.1558	-0.025
			-0.0457	-0.025	0.1024
		A:
			-0.8497	0.5247	0.0511
			-0.7873	0.5188	0.3332
			0.9018	0.1042	-0.4193
			0.9298	0.24	0.2789
			0.8312	0.114	0.5442
			-0.612	-0.7785	0.1393
		b:
			127.7164
			209.7153
			-67.6771
			170.9868
			212.7287
			-177.4148


===========================================================================================
===========================================================================================
S8:
	q_c:	254.0	22.5	481.5
	ub :	259.6671	28.9806	488.7899
	lb :	249.0542	17.8957	477.4081

	==================================================================================
	Q1:
		Shape: Ellipse
		q_c:	254.0	24.0	486.5
		ub :	256.6348	26.1379	488.7899
		lb :	251.3652	21.8621	484.2101
		P^-1:
			0.8029	0.8149	-1.0506
			0.8149	1.4511	-1.5483
			-1.0506	-1.5483	2.246
	==================================================================================
	Q2:
		Shape: Hybrid
		q_c:	253.5	21.0	480.5
		ub :	255.8828	24.1043	483.5607
		lb :	251.1172	17.8957	477.4393
		P^-1:
			0.2581	0.0268	0.0291
			0.0268	0.3173	0.1366
			0.0291	0.1366	0.279
		A:
			0.8122	0.009	0.5833
			-0.4857	0.2869	0.8257
			-0.4056	0.2953	0.865
			0.5874	-0.6436	-0.4906
			0.7137	-0.3716	-0.5937
			-0.6677	0.3087	0.6774
		b:
			487.556
			280.8518
			320.203
			-99.3159
			-110.9733
			163.9355
	==================================================================================
	Q3:
		Shape: Polyhedra
		q_c:	255.5	20.5	481.5
		ub :	257.3191	23.062	483.9315
		lb :	253.6809	17.938	479.0685
		A:
			0.7441	0.2472	0.6207
			0.4251	-0.105	-0.899
			-0.7472	0.473	-0.4668
			0.5953	0.3065	0.7428
			-0.7566	-0.4041	-0.514
			0.7875	0.1152	0.6055
			0.6761	0.3273	0.6602
			0.0037	0.8944	-0.4472
			-0.7368	0.3048	0.6035
			-0.6761	-0.3273	-0.6602
			-0.0037	-0.8944	0.4472
			0.7368	-0.3048	-0.6035
		b:
			494.5712
			-324.548
			-404.4422
			516.5632
			-448.4762
			495.7849
			497.8072
			-194.0742
			110.5505
			-496.8072
			198.0742
			-106.5505
	==================================================================================
	Q4:
		Shape: Hybrid
		q_c:	252.5	23.5	481.0
		ub :	255.9458	26.5023	484.0808
		lb :	249.0542	20.4977	477.9192
		P^-1:
			0.2739	0.0324	0.1241
			0.0324	0.2264	-0.0228
			0.1241	-0.0228	0.3541
		A:
			0.9658	0.2487	-0.0739
			0.1447	-0.7936	-0.591
			-0.1226	0.1661	0.9784
			-0.455	0.3379	-0.8239
			0.1498	-0.1254	0.9807
			-0.9548	-0.2567	-0.1497
		b:
			215.4637
			-264.8835
			444.848
			-502.4026
			507.5544
			-317.9659
	==================================================================================
	Q5:
		Shape: Ellipse
		q_c:	256.0	25.5	481.0
		ub :	259.6671	28.9806	484.5919
		lb :	252.3329	22.0194	477.4081
		P^-1:
			0.2305	0.0293	-0.0227
			0.0293	0.206	0.0341
			-0.0227	0.0341	0.2235
	==================================================================================
	Q6:
		Shape: Ellipse
		q_c:	258.0	23.5	486.5
		ub :	259.5494	25.1888	488.165
		lb :	256.4506	21.8112	484.835
		P^-1:
			1.0	0.0	-0.0
			0.0	1.0	-0.0
			-0.0	-0.0	1.0


===========================================================================================
===========================================================================================
S9:
	q_c:	476.5	328.0	177.5
	ub :	486.2105	351.0602	194.8366
	lb :	455.4193	309.9709	162.749

	==================================================================================
	Q1:
		Shape: Polyhedra
		q_c:	476.5	328.5	185.5
		ub :	483.2511	337.7833	194.8366
		lb :	469.7489	319.2167	176.1634
		A:
			0.6091	0.442	-0.6585
			0.3612	-0.3823	0.8505
			-0.4131	0.8643	0.2867
			0.8315	0.1732	-0.5278
			-0.8125	0.3843	-0.4383
			0.3841	-0.2141	-0.8981
			0.375	0.5592	0.7393
			-0.9253	0.2742	0.262
			-0.0562	-0.7824	0.6203
			-0.375	-0.5592	-0.7393
			0.9253	-0.2742	-0.262
			0.0562	0.7824	-0.6203
		b:
			318.7808
			210.2291
			145.5966
			360.1331
			-337.0191
			-48.4711
			505.551
			-297.7577
			-162.7121
			-493.551
			306.7577
			174.7121
	==================================================================================
	Q2:
		Shape: Ellipse
		q_c:	469.5	318.0	174.0
		ub :	474.3996	325.8064	182.3023
		lb :	464.6004	310.1936	165.6977
		P^-1:
			0.2193	0.0733	0.0196
			0.0733	0.0646	-0.0002
			0.0196	-0.0002	0.0298
	==================================================================================
	Q3:
		Shape: Hybrid
		q_c:	479.0	334.5	176.0
		ub :	486.2105	342.3175	185.9769
		lb :	471.7895	326.6825	166.0231
		P^-1:
			0.0336	0.0075	0.0013
			0.0075	0.0606	0.0304
			0.0013	0.0304	0.0344
		A:
			0.3833	0.6011	0.7012
			-0.1474	0.7529	0.6414
			0.6227	-0.0344	-0.7817
			0.7188	0.67	0.1856
			0.7598	-0.4052	-0.5084
			0.422	0.5621	0.7113
		b:
			510.6225
			296.1405
			153.7003
			603.836
			142.2701
			518.0891
	==================================================================================
	Q4:
		Shape: Ellipse
		q_c:	462.5	343.0	181.5
		ub :	469.5807	351.0602	188.8892
		lb :	455.4193	334.9398	174.1108
		P^-1:
			0.04	0.0001	0.0001
			0.0001	0.0478	0.0107
			0.0001	0.0107	0.0547
	==================================================================================
	Q5:
		Shape: Ellipse
		q_c:	465.5	336.0	168.5
		ub :	471.3113	340.2326	174.251
		lb :	459.6887	331.7674	162.749
		P^-1:
			0.0746	-0.0006	-0.0355
			-0.0006	0.0625	-0.0008
			-0.0355	-0.0008	0.0766
	==================================================================================
	Q6:
		Shape: Polyhedra
		q_c:	470.5	319.0	172.0
		ub :	479.4753	328.0291	177.7791
		lb :	461.5247	309.9709	166.2209
		A:
			0.6749	-0.1409	-0.7243
			0.9976	-0.0049	-0.0697
			0.2215	-0.1828	0.9579
			-0.083	-0.643	-0.7614
			0.2495	0.5786	-0.7765
			0.0538	0.0425	-0.9976
			0.6345	0.7067	0.313
			0.731	-0.6802	0.0539
			0.251	0.1946	-0.9482
			-0.6345	-0.7067	-0.313
			-0.731	0.6802	-0.0539
			-0.251	-0.1946	0.9482
		b:
			152.0603
			461.518
			214.7846
			-369.2709
			172.5044
			-128.9236
			584.816
			141.2079
			20.5691
			-570.816
			-131.2079
			-13.5691


===========================================================================================
===========================================================================================
S10:
	q_c:	366.5	435.5	155.0
	ub :	371.2695	441.5829	160.7963
	lb :	361.7909	429.3054	147.7209

	==================================================================================
	Q1:
		Shape: Polyhedra
		q_c:	366.5	433.5	156.0
		ub :	371.1625	437.6946	160.4463
		lb :	361.8375	429.3054	151.5537
		A:
			0.4728	0.8812	0.0041
			-0.287	-0.8753	0.3892
			-0.4088	-0.8938	0.1844
			0.5076	0.5201	0.6869
			-0.7309	0.6824	0.0122
			0.7768	0.6292	-0.0261
			0.7017	0.2661	0.661
			-0.3375	-0.6928	0.6372
			0.6275	-0.6702	-0.3963
			-0.7017	-0.2661	-0.661
			0.3375	0.6928	-0.6372
			-0.6275	0.6702	0.3963
		b:
			558.3573
			-421.7794
			-506.2512
			521.6611
			32.7998
			555.9314
			478.6245
			-322.6295
			-119.3828
			-472.6245
			326.6295
			125.3828
	==================================================================================
	Q2:
		Shape: Polyhedra
		q_c:	368.5	438.0	150.0
		ub :	371.2695	440.7957	152.2791
		lb :	365.7305	435.2043	147.7209
		A:
			-0.1975	0.4017	0.8942
			-0.2464	-0.5427	-0.803
			0.1109	0.3988	0.9103
			0.7082	0.1093	0.6975
			-0.8334	-0.0198	0.5523
			-0.2404	0.3898	0.889
			0.3304	0.9252	0.1866
			-0.1674	0.252	-0.9531
			-0.9289	0.2836	0.2381
			-0.3304	-0.9252	-0.1866
			0.1674	-0.252	0.9531
			0.9289	-0.2836	-0.2381
		b:
			239.031
			-447.1402
			353.782
			415.2145
			-230.9883
			217.2643
			556.9749
			-92.7724
			-180.3509
			-552.9749
			95.7724
			184.3509
	==================================================================================
	Q3:
		Shape: Polyhedra
		q_c:	367.0	439.5	157.5
		ub :	369.6846	441.5829	160.4317
		lb :	364.3154	437.4171	154.5683
		A:
			-0.2753	0.2975	0.9142
			-0.7554	-0.1909	0.6268
			-0.7174	-0.6877	0.1115
			0.0163	-0.7993	-0.6007
			-0.8642	-0.3636	0.3478
			-0.4563	0.7914	0.4068
			0.6717	0.133	0.7288
			-0.7151	0.3734	0.591
			-0.1935	-0.9181	0.3459
			-0.6717	-0.133	-0.7288
			0.7151	-0.3734	-0.591
			0.1935	0.9181	-0.3459
		b:
			175.2319
			-261.2467
			-546.2079
			-438.2324
			-420.7034
			245.583
			422.2407
			-4.2744
			-418.5541
			-417.2407
			6.2744
			421.5541
	==================================================================================
	Q4:
		Shape: Polyhedra
		q_c:	365.5	433.5	158.0
		ub :	368.3657	436.3427	160.4902
		lb :	362.6343	430.6573	155.5098
		A:
			0.0556	0.7668	0.6395
			0.9432	0.3085	-0.123
			-0.7137	-0.5229	0.466
			-0.0508	0.1884	0.9808
			-0.4058	-0.2569	0.8771
			-0.3691	-0.4516	-0.8123
			0.5792	0.7088	0.4026
			0.5669	-0.7052	0.4258
			0.5857	-0.0184	-0.8103
			-0.5792	-0.7088	-0.4026
			-0.5669	0.7052	-0.4258
			-0.5857	0.0184	0.8103
		b:
			454.979
			460.2871
			-412.819
			219.2833
			-119.7541
			-457.8355
			583.5826
			-28.226
			79.0959
			-581.5826
			34.226
			-77.0959
	==================================================================================
	Q5:
		Shape: Polyhedra
		q_c:	363.5	438.0	158.5
		ub :	365.2091	440.3431	160.7963
		lb :	361.7909	435.6569	156.2037
		A:
			-0.6202	0.5988	0.5067
			-0.4612	-0.8208	-0.337
			-0.8332	-0.2741	0.4803
			-0.9651	-0.2071	0.1604
			0.4784	0.7425	0.4689
			-0.6962	-0.7036	0.142
			0.8839	0.3962	0.2484
			0.0916	-0.6676	0.7389
			0.4585	-0.6304	-0.6264
			-0.8839	-0.3962	-0.2484
			-0.0916	0.6676	-0.7389
			-0.4585	0.6304	0.6264
		b:
			118.6752
			-579.388
			-345.5444
			-414.9687
			574.5924
			-537.6012
			535.2019
			-140.5081
			-207.2115
			-533.2019
			143.5081
			210.2115
	==================================================================================
	Q6:
		Shape: Polyhedra
		q_c:	367.0	435.0	153.0
		ub :	370.694	438.5635	156.2424
		lb :	363.306	431.4365	149.7576
		A:
			-0.0985	0.9826	-0.1572
			0.0149	-0.7604	0.6493
			-0.5076	-0.5035	0.6991
			0.358	0.463	-0.8109
			0.3916	0.8812	0.2649
			0.9753	-0.0605	0.2123
			0.4002	0.2319	0.8866
			-0.43	0.9018	-0.0418
			-0.8093	-0.3645	0.4606
			-0.4002	-0.2319	-0.8866
			0.43	-0.9018	0.0418
			0.8093	0.3645	-0.4606
		b:
			369.6936
			-223.6463
			-296.2937
			210.874
			569.945
			366.4184
			385.9003
			230.5851
			-383.1031
			-380.9003
			-225.5851
			387.1031


===========================================================================================
===========================================================================================
S11:
	q_c:	498.5	97.5	358.5
	ub :	504.1105	103.8595	364.3744
	lb :	492.0602	92.0893	355.6333

	==================================================================================
	Q1:
		Shape: Ellipse
		q_c:	496.5	101.5	360.0
		ub :	499.4908	103.8595	363.2568
		lb :	493.5092	99.1405	356.7432
		P^-1:
			0.3843	0.3039	0.0188
			0.3039	0.8291	0.1204
			0.0188	0.1204	0.1966
	==================================================================================
	Q2:
		Shape: Polyhedra
		q_c:	501.5	98.5	363.0
		ub :	504.1105	100.9879	364.3744
		lb :	498.8895	96.0121	361.6256
		A:
			-0.1059	-0.7371	-0.6675
			0.3584	-0.0102	0.9335
			-0.2075	-0.1713	0.9631
			-0.8287	-0.1261	-0.5453
			0.7104	-0.1854	0.6789
			0.3433	-0.5733	0.744
			0.1586	0.0224	0.9871
			-0.7164	0.6906	0.0995
			-0.6795	-0.7229	0.1256
			-0.1586	-0.0224	-0.9871
			0.7164	-0.6906	-0.0995
			0.6795	0.7229	-0.1256
		b:
			-366.5618
			518.6432
			229.7687
			-624.5301
			585.9078
			387.1667
			441.0714
			-253.1294
			-364.86
			-439.0714
			257.1294
			367.86
	==================================================================================
	Q3:
		Shape: Polyhedra
		q_c:	497.0	99.0	358.0
		ub :	499.1274	100.4301	360.0673
		lb :	494.8726	97.5699	355.9327
		A:
			0.74	0.5172	-0.43
			0.4894	0.8692	0.0706
			-0.5603	-0.8094	-0.1758
			0.9278	0.1044	0.3581
			-0.723	-0.6035	-0.3363
			0.0106	-0.8765	-0.4812
			0.3153	0.79	0.5258
			-0.5181	0.6075	-0.6021
			-0.7951	-0.0826	0.6008
			-0.3153	-0.79	-0.5258
			0.5181	-0.6075	0.6021
			0.7951	0.0826	-0.6008
		b:
			266.405
			355.4023
			-420.7847
			600.9289
			-538.6291
			-253.1011
			423.659
			-411.382
			-186.7524
			-422.659
			414.382
			189.7524
	==================================================================================
	Q4:
		Shape: Hybrid
		q_c:	501.5	99.5	361.0
		ub :	503.8751	102.0626	363.4979
		lb :	499.1249	96.9374	358.5021
		P^-1:
			0.8013	-0.2265	0.2759
			-0.2265	0.7418	0.3145
			0.2759	0.3145	0.6169
		A:
			-0.2619	0.7085	0.6553
			-0.8563	0.2383	0.4582
			-0.9138	0.1107	-0.3908
			0.3236	0.276	-0.905
			-0.8766	-0.2913	-0.3831
			-0.5123	0.7913	-0.3338
		b:
			176.2817
			-239.1218
			-587.801
			-135.137
			-606.1327
			-297.8017
	==================================================================================
	Q5:
		Shape: Ellipse
		q_c:	495.5	98.0	358.0
		ub :	497.7277	101.04	360.3667
		lb :	493.2723	94.96	355.6333
		P^-1:
			0.2494	0.0061	0.0055
			0.0061	0.2008	-0.0989
			0.0055	-0.0989	0.4043
	==================================================================================
	Q6:
		Shape: Hybrid
		q_c:	496.0	96.0	359.5
		ub :	499.9398	99.9107	363.0752
		lb :	492.0602	92.0893	355.9248
		P^-1:
			0.1732	0.0236	-0.0213
			0.0236	0.2023	-0.0382
			-0.0213	-0.0382	0.1945
		A:
			-0.334	0.1469	0.931
			-0.6742	-0.6512	-0.3485
			-0.2408	-0.7888	-0.5655
			0.1515	0.2595	-0.9538
			0.6305	0.4443	-0.6365
			0.1343	0.3705	-0.9191
		b:
			184.4726
			-520.8027
			-397.0015
			-241.6507
			127.6053
			-227.0988


===========================================================================================
===========================================================================================
S12:
	q_c:	453.5	131.5	353.5
	ub :	465.1575	140.1098	364.9482
	lb :	442.7683	119.3991	347.3349

	==================================================================================
	Q1:
		Shape: Ellipse
		q_c:	455.5	128.5	354.5
		ub :	460.3997	132.7258	359.7125
		lb :	450.6003	124.2742	349.2875
		P^-1:
			0.1401	-0.0499	0.0755
			-0.0499	0.1441	-0.0356
			0.0755	-0.0356	0.1394
	==================================================================================
	Q2:
		Shape: Ellipse
		q_c:	449.0	132.5	359.0
		ub :	455.2317	137.5164	364.9482
		lb :	442.7683	127.4836	353.0518
		P^-1:
			0.0733	0.0012	0.0094
			0.0012	0.0815	-0.0014
			0.0094	-0.0014	0.071
	==================================================================================
	Q3:
		Shape: Ellipse
		q_c:	461.0	124.0	355.5
		ub :	465.1575	128.6009	359.4358
		lb :	456.8425	119.3991	351.5642
		P^-1:
			0.1543	-0.0094	0.0125
			-0.0094	0.1444	0.0207
			0.0125	0.0207	0.1324
	==================================================================================
	Q4:
		Shape: Hybrid
		q_c:	458.0	134.5	350.0
		ub :	463.3276	140.1098	352.6651
		lb :	452.6724	128.8902	347.3349
		P^-1:
			0.1057	-0.0472	0.0676
			-0.0472	0.0906	-0.0787
			0.0676	-0.0787	0.4086
		A:
			0.3205	-0.016	0.9471
			-0.2876	0.2943	0.9114
			-0.31	-0.0643	0.9485
			-0.1483	-0.1284	0.9806
			0.3621	0.2713	0.8918
			-0.6999	0.3068	-0.6449
		b:
			477.1691
			228.4613
			182.7281
			259.1202
			516.2861
			-503.5933
	==================================================================================
	Q5:
		Shape: Polyhedra
		q_c:	454.5	133.5	354.0
		ub :	457.7679	138.0366	358.6343
		lb :	451.2321	128.9634	349.3657
		A:
			0.8253	-0.5591	0.0799
			-0.8316	0.0444	0.5535
			-0.6845	0.2173	0.6959
			-0.0246	-0.411	0.9113
			-0.2288	-0.9017	0.3668
			0.1331	0.9876	-0.0829
			0.0514	0.6758	0.7353
			-0.2275	0.7248	-0.6503
			-0.9724	-0.1339	0.191
			-0.0514	-0.6758	-0.7353
			0.2275	-0.7248	0.6503
			0.9724	0.1339	-0.191
		b:
			331.4988
			-173.5081
			-33.0564
			259.4967
			-91.5913
			165.9624
			376.8758
			-233.8571
			-389.7041
			-370.8758
			239.8571
			394.7041
	==================================================================================
	Q6:
		Shape: Polyhedra
		q_c:	448.0	126.0	357.0
		ub :	453.1491	131.2865	362.3885
		lb :	442.8509	120.7135	351.6115
		A:
			0.8123	0.5691	-0.1279
			0.8304	-0.5546	-0.0538
			0.0457	0.9081	-0.4163
			0.8914	-0.4166	-0.1783
			-0.7674	0.5188	0.3768
			0.9744	0.1013	0.2009
			0.2275	0.9312	0.2847
			0.6829	0.0559	-0.7284
			-0.6942	0.3601	-0.6232
			-0.2275	-0.9312	-0.2847
			-0.6829	-0.0559	0.7284
			0.6942	-0.3601	0.6232
		b:
			393.8689
			286.087
			-9.8802
			286.3995
			-140.3934
			524.1435
			325.3694
			56.4172
			-485.6307
			-316.3694
			-49.4172
			490.6307


===========================================================================================
===========================================================================================
S13:
	q_c:	399.5	162.5	490.0
	ub :	410.9789	180.5914	508.5647
	lb :	383.6912	145.947	477.4511

	==================================================================================
	Q1:
		Shape: Hybrid
		q_c:	407.5	165.5	481.5
		ub :	410.7542	169.9019	485.5489
		lb :	404.2458	161.0981	477.4511
		P^-1:
			0.1564	-0.0121	-0.004
			-0.0121	0.1144	0.0011
			-0.004	0.0011	0.1115
		A:
			-0.0367	0.9844	0.1723
			0.9924	0.021	-0.1213
			-0.7531	0.6484	-0.1117
			0.8276	0.5612	-0.0005
			-0.1372	0.3449	0.9286
			-0.6859	0.7254	-0.0573
		b:
			232.6112
			350.7878
			-251.988
			431.4705
			449.9939
			-185.6261
	==================================================================================
	Q2:
		Shape: Polyhedra
		q_c:	397.0	172.0	485.5
		ub :	403.9083	180.5914	489.8535
		lb :	390.0917	163.4086	481.1465
		A:
			0.6635	0.3643	0.6535
			0.6292	0.6671	-0.3989
			-0.8748	-0.4842	0.0176
			0.5058	0.8257	-0.2499
			-0.1141	-0.2551	-0.9602
			-0.2382	0.3418	0.9091
			0.7005	0.3208	0.6375
			-0.5935	-0.2343	0.77
			0.3964	-0.9177	0.0263
			-0.7005	-0.3208	-0.6375
			0.5935	0.2343	-0.77
