3D_45_9_6_c                l = 3

===========================================================================================
===========================================================================================
S1:
	q_c:	391.0	315.5	18.5
	ub :	411.8965	337.6951	44.9656
	lb :	372.2139	288.6496	4.769

	==================================================================================
	Q1:
		Shape: Hybrid
		q_c:	399.0	302.5	19.0
		ub :	407.7116	309.4839	27.3587
		lb :	390.2884	295.5161	10.6413
		P^-1:
			0.0426	0.009	-0.0262
			0.009	0.0779	-0.0326
			-0.0262	-0.0326	0.0605
		A:
			-0.357	-0.9312	-0.0742
			-0.326	-0.8354	0.4425
			0.1808	0.564	-0.8058
			-0.2144	0.4781	-0.8518
			0.4821	0.0215	-0.8758
			0.3901	0.8957	-0.2136
		b:
			-422.2214
			-372.6892
			229.3543
			46.1843
			184.7601
			424.9144
	==================================================================================
	Q2:
		Shape: Polyhedra
		q_c:	397.5	329.5	32.0
		ub :	408.3885	337.2647	43.9064
		lb :	386.6115	321.7353	20.0936
		A:
			-0.4358	0.9	0.0034
			0.968	0.2508	-0.0045
			-0.1532	0.9628	0.2225
			-0.468	0.8835	0.0173
			-0.2235	0.8688	0.4418
			0.2587	-0.9563	-0.1365
			0.7849	0.2895	0.5478
			0.4325	0.3771	-0.819
			-0.4437	0.8798	0.1708
			-0.7849	-0.2895	-0.5478
			-0.4325	-0.3771	0.819
			0.4437	-0.8798	-0.1708
		b:
			126.2858
			475.0756
			266.7953
			108.4373
			215.1014
			-213.6534
			432.4269
			278.964
			121.4835
			-417.4269
			-260.964
			-116.4835
	==================================================================================
	Q3:
		Shape: Hybrid
		q_c:	385.0	315.5	19.0
		ub :	389.6867	322.1433	25.5838
		lb :	380.3133	308.8567	12.4162
		P^-1:
			0.1189	0.0603	0.0614
			0.0603	0.1153	0.0802
			0.0614	0.0802	0.1113
		A:
			-0.7398	-0.6656	-0.098
			0.1927	0.9048	0.3796
			0.5274	0.5819	0.6191
			0.9484	0.2957	-0.1143
			-0.7154	-0.1221	-0.6879
			-0.3949	-0.2897	-0.8719
		b:
			-494.6033
			368.8367
			399.4102
			458.8405
			-325.0217
			-258.0311
	==================================================================================
	Q4:
		Shape: Ellipse
		q_c:	402.0	315.5	26.0
		ub :	411.8965	325.5657	34.137
		lb :	392.1035	305.4343	17.863
		P^-1:
			0.0288	-0.0011	0.0017
			-0.0011	0.0291	-0.002
			0.0017	-0.002	0.0308
	==================================================================================
	Q5:
		Shape: Ellipse
		q_c:	385.5	302.5	17.0
		ub :	398.7861	316.3504	29.231
		lb :	372.2139	288.6496	4.769
		P^-1:
			0.0148	-0.0012	0.0002
			-0.0012	0.0156	-0.0012
			0.0002	-0.0012	0.0169
	==================================================================================
	Q6:
		Shape: Polyhedra
		q_c:	389.0	327.0	34.5
		ub :	397.9355	337.6951	44.9656
		lb :	380.0645	316.3049	24.0344
		A:
			-0.6018	0.3966	0.6932
			0.4535	-0.3034	-0.838
			-0.0851	-0.4629	0.8823
			-0.9789	0.1985	-0.0489
			0.5828	0.7422	-0.331
			-0.2994	-0.298	-0.9064
			0.7026	0.5523	0.4487
			0.0736	-0.6836	0.7261
			0.7078	-0.4771	-0.5209
			-0.7026	-0.5523	-0.4487
			-0.0736	0.6836	-0.7261
			-0.7078	0.4771	0.5209
		b:
			-75.4009
			53.6607
			-147.6412
			-311.6651
			464.6311
			-238.574
			476.3862
			-163.3524
			106.3261
			-462.3862
			176.3524
			-96.3261


===========================================================================================
===========================================================================================
S2:
	q_c:	295.5	271.5	102.0
	ub :	321.6965	295.4683	127.995
	lb :	267.9432	241.6153	85.5191

	==================================================================================
	Q1:
		Shape: Polyhedra
		q_c:	295.5	257.0	97.0
		ub :	301.263	265.3764	108.4809
		lb :	289.737	248.6236	85.5191
		A:
			0.6288	-0.5886	-0.5081
			-0.5005	0.8612	0.0888
			-0.6543	0.7438	0.1365
			-0.2916	-0.6935	0.6588
			-0.0888	0.9558	0.2802
			0.3528	-0.4074	-0.8423
			0.9286	0.3413	0.1456
			-0.0006	-0.391	0.9204
			0.3711	-0.8548	-0.3629
			-0.9286	-0.3413	-0.1456
			0.0006	0.391	-0.9204
			-0.3711	0.8548	0.3629
		b:
			-10.695
			86.0283
			14.7264
			-191.014
			250.0052
			-75.2604
			381.246
			-0.9012
			-142.2144
			-371.246
			21.9012
			148.2144
	==================================================================================
	Q2:
		Shape: Ellipse
		q_c:	310.0	284.5	116.0
		ub :	321.6965	295.4683	127.995
		lb :	298.3035	273.5317	104.005
		P^-1:
			0.0186	-0.0043	0.0025
			-0.0043	0.0241	-0.0025
			0.0025	-0.0025	0.0185
	==================================================================================
	Q3:
		Shape: Hybrid
		q_c:	295.0	281.0	99.0
		ub :	304.8702	291.6521	102.3367
		lb :	285.1298	270.3479	95.6633
		P^-1:
			0.0857	-0.0154	-0.2427
			-0.0154	0.0183	0.0414
			-0.2427	0.0414	0.9335
		A:
			-0.323	0.1598	0.9328
			0.4797	0.4166	-0.7722
			-0.4039	0.2769	0.8719
			-0.238	0.0227	0.971
			0.119	-0.0675	-0.9906
			-0.2742	0.4121	0.8689
		b:
			42.8616
			186.2007
			46.6742
			32.8146
			-80.9913
			123.4917
	==================================================================================
	Q4:
		Shape: Ellipse
		q_c:	277.5	283.5	112.0
		ub :	287.0568	291.5693	121.8081
		lb :	267.9432	275.4307	102.1919
		P^-1:
			0.0309	-0.0042	-0.0033
			-0.0042	0.0334	0.0044
			-0.0033	0.0044	0.0313
	==================================================================================
	Q5:
		Shape: Ellipse
		q_c:	294.0	254.5	103.0
		ub :	307.3093	267.3847	116.8238
		lb :	280.6907	241.6153	89.1762
		P^-1:
			0.0136	-0.0007	0.0014
			-0.0007	0.0179	-0.0034
			0.0014	-0.0034	0.0151
	==================================================================================
	Q6:
		Shape: Ellipse
		q_c:	292.0	267.5	113.0
		ub :	296.966	274.1744	118.7143
		lb :	287.034	260.8256	107.2857
		P^-1:
			0.3396	0.0855	0.14
			0.0855	0.1226	-0.0789
			0.14	-0.0789	0.2526


===========================================================================================
===========================================================================================
S3:
	q_c:	252.0	426.0	419.5
	ub :	263.0317	437.3618	429.7826
	lb :	244.2902	418.1404	412.0568

	==================================================================================
	Q1:
		Shape: Hybrid
		q_c:	252.0	431.0	424.0
		ub :	255.2902	434.0192	427.2025
		lb :	248.7098	427.9808	420.7975
		P^-1:
			0.246	0.0183	0.0031
			0.0183	0.1665	-0.0143
			0.0031	-0.0143	0.2475
		A:
			0.9934	-0.0941	-0.0653
			-0.2089	0.3902	-0.8967
			-0.6534	0.2532	-0.7134
			0.1007	-0.7552	0.6477
			0.085	0.0794	-0.9932
			-0.7366	-0.4908	-0.4653
		b:
			183.177
			-263.6342
			-356.9439
			-24.2905
			-364.4703
			-593.3754
	==================================================================================
	Q2:
		Shape: Ellipse
		q_c:	246.5	421.5	420.5
		ub :	248.7098	424.8596	423.1751
		lb :	244.2902	418.1404	417.8249
		P^-1:
			3.0883	-0.9691	-1.3034
			-0.9691	0.6758	-0.0147
			-1.3034	-0.0147	1.3175
	==================================================================================
	Q3:
		Shape: Polyhedra
		q_c:	252.5	433.5	426.5
		ub :	256.5561	437.3618	429.7826
		lb :	248.4439	429.6382	423.2174
		A:
			0.0443	0.6154	-0.787
			0.962	0.2152	-0.1681
			0.9466	0.0624	-0.3163
			-0.0171	0.5077	-0.8614
			0.1287	0.2397	0.9623
			-0.3034	0.5039	-0.8087
			0.6385	0.5086	0.5776
			0.572	-0.8157	0.086
			0.5149	0.2755	-0.8118
			-0.6385	-0.5086	-0.5776
			-0.572	0.8157	-0.086
			-0.5149	-0.2755	0.8118
		b:
			-55.5244
			266.7425
			133.4005
			-149.454
			549.1429
			-200.7733
			630.5568
			-169.9968
			-94.8
			-625.5568
			174.9968
			98.8
	==================================================================================
	Q4:
		Shape: Ellipse
		q_c:	253.0	430.0	420.5
		ub :	257.5997	433.6979	424.9525
		lb :	248.4003	426.3021	416.0475
		P^-1:
			0.1595	-0.0532	0.0393
			-0.0532	0.1697	-0.0432
			0.0393	-0.0432	0.143
	==================================================================================
	Q5:
		Shape: Ellipse
		q_c:	250.0	423.5	423.5
		ub :	252.8863	426.4304	427.0348
		lb :	247.1137	420.5696	419.9652
		P^-1:
			0.5414	0.4185	0.0235
			0.4185	0.6137	0.0415
			0.0235	0.0415	0.116
	==================================================================================
	Q6:
		Shape: Polyhedra
		q_c:	257.0	432.0	418.0
		ub :	263.0317	437.3364	423.9432
		lb :	250.9683	426.6636	412.0568
		A:
			0.7828	-0.602	-0.1574
			0.8517	-0.5078	0.1295
			-0.5796	0.81	-0.0895
			-0.6935	-0.4461	-0.5657
			-0.0588	0.9959	-0.0687
			-0.8636	0.4932	0.1051
			0.6547	0.7184	0.2349
			0.48	-0.6352	0.605
			0.5839	-0.2834	-0.7608
			-0.6547	-0.7184	-0.2349
			-0.48	0.6352	-0.605
			-0.5839	0.2834	0.7608
		b:
			-120.7862
			57.1737
			166.9794
			-604.3738
			389.5395
			38.9072
			579.8043
			104.8398
			-285.8834
			-573.8043
			-98.8398
			294.8834


===========================================================================================
===========================================================================================
S4:
	q_c:	171.5	316.0	476.0
	ub :	179.4514	322.2154	481.473
	lb :	166.7442	310.2443	470.3828

	==================================================================================
	Q1:
		Shape: Hybrid
		q_c:	175.5	316.0	476.0
		ub :	177.84	318.5221	478.4857
		lb :	173.16	313.4779	473.5143
		P^-1:
			0.5765	0.0624	-0.3666
			0.0624	0.2619	-0.0701
			-0.3666	-0.0701	0.6616
		A:
			0.6047	0.7964	0.0081
			0.6374	0.2181	-0.7391
			0.3831	-0.7511	-0.5377
			0.053	-0.9198	0.3887
			0.5256	-0.0273	-0.8503
			-0.5457	-0.4792	0.6875
		b:
			362.9765
			-170.5097
			-424.7828
			-94.9229
			-320.5568
			80.7386
	==================================================================================
	Q2:
		Shape: Polyhedra
		q_c:	176.0	314.5	478.5
		ub :	179.4514	317.6281	481.473
		lb :	172.5486	311.3719	475.527
		A:
			-0.3981	-0.1519	0.9047
			-0.9526	-0.2652	0.1491
			0.3177	0.7215	-0.6153
			0.8213	0.2753	-0.4996
			-0.9971	-0.0485	0.0589
			-0.6663	0.573	-0.4771
			0.8504	0.1333	0.5089
			-0.4609	-0.2775	0.8429
			0.2536	-0.9514	-0.1745
			-0.8504	-0.1333	-0.5089
			0.4609	0.2775	-0.8429
			-0.2536	0.9514	0.1745
		b:
			316.5741
			-177.5849
			-9.7748
			-6.1265
			-160.2806
			-162.9253
			437.6098
			236.4603
			-335.6148
			-432.6098
			-233.4603
			340.6148
	==================================================================================
	Q3:
		Shape: Polyhedra
		q_c:	168.5	319.0	479.0
		ub :	170.2558	321.3602	480.9106
		lb :	166.7442	316.6398	477.0894
		A:
			0.352	0.6698	0.6538
			-0.0123	-0.3872	0.9219
			-0.2442	-0.7896	-0.5629
			-0.82	0.3083	-0.4823
			-0.7718	0.5716	-0.2786
			-0.8442	-0.0884	-0.5286
			0.8345	0.3337	0.4385
			0.2049	-0.9266	0.3152
			0.5115	-0.1732	-0.8417
			-0.8345	-0.3337	-0.4385
			-0.2049	0.9266	-0.3152
			-0.5115	0.1732	0.8417
		b:
			587.3112
			317.486
			-561.3427
			-269.37
			-79.4812
			-422.5793
			458.0867
			-108.0771
			-371.2217
			-456.0867
			112.0771
			373.2217
	==================================================================================
	Q4:
		Shape: Ellipse
		q_c:	175.5	315.0	479.0
		ub :	177.8223	317.1174	480.8543
		lb :	173.1777	312.8826	477.1457
		P^-1:
			0.4841	-0.2816	-0.2037
			-0.2816	0.8463	-0.1112
			-0.2037	-0.1112	0.9196
	==================================================================================
	Q5:
		Shape: Ellipse
		q_c:	172.5	313.5	474.0
		ub :	176.0758	316.7557	477.6172
		lb :	168.9242	310.2443	470.3828
		P^-1:
			0.294	-0.1168	-0.0503
			-0.1168	0.3537	-0.0421
			-0.0503	-0.0421	0.1578
	==================================================================================
	Q6:
		Shape: Ellipse
		q_c:	174.0	320.0	478.0
		ub :	176.3419	322.2154	479.614
		lb :	171.6581	317.7846	476.386
		P^-1:
			0.2644	0.0502	0.0108
			0.0502	0.4987	-0.1854
			0.0108	-0.1854	0.9314


===========================================================================================
===========================================================================================
S5:
	q_c:	195.0	454.5	343.0
	ub :	215.1428	474.6883	363.4711
	lb :	164.322	440.464	316.0356

	==================================================================================
	Q1:
		Shape: Hybrid
		q_c:	200.0	462.0	327.0
		ub :	210.124	471.4307	337.9644
		lb :	189.876	452.5693	316.0356
		P^-1:
			0.0329	0.0102	0.0126
			0.0102	0.0463	0.0167
			0.0126	0.0167	0.0222
		A:
			-0.7696	0.549	-0.326
			-0.4756	-0.8204	-0.3175
			-0.286	-0.6331	-0.7193
			0.7836	0.6171	0.0717
			0.9273	-0.0425	0.3718
			-0.9277	0.3393	-0.1554
		b:
			-2.7269
			-575.7379
			-581.9966
			468.7946
			290.8863
			-75.6681
	==================================================================================
	Q2:
		Shape: Ellipse
		q_c:	197.0	465.0	332.0
		ub :	210.0692	474.6883	345.4678
		lb :	183.9308	455.3117	318.5322
		P^-1:
			0.0151	-0.0027	-0.0007
			-0.0027	0.0218	-0.0032
			-0.0007	-0.0032	0.0147
	==================================================================================
	Q3:
		Shape: Hybrid
		q_c:	207.0	454.5	345.5
		ub :	214.3984	463.2273	356.3285
		lb :	199.6016	445.7727	334.6715
		P^-1:
			0.0683	-0.0076	-0.0262
			-0.0076	0.0212	0.0022
			-0.0262	0.0022	0.0248
		A:
			-0.7681	0.636	0.0751
			0.9259	-0.3611	-0.1109
			0.8116	-0.4626	-0.3569
			-0.893	0.3121	0.3243
			0.7763	-0.2525	-0.5776
			-0.9614	0.2274	-0.155
		b:
			159.3604
			-8.0888
			-163.1995
			71.0377
			-151.3791
			-145.2726
	==================================================================================
	Q4:
		Shape: Hybrid
		q_c:	174.5	454.0	341.0
		ub :	184.678	465.0798	351.0017
		lb :	164.322	442.9202	330.9983
		P^-1:
			0.0255	0.0023	0.0042
			0.0023	0.0265	0.0065
			0.0042	0.0065	0.0203
		A:
			0.0261	-0.9887	-0.1477
			-0.5118	-0.6992	0.4991
			0.6739	0.7041	0.2239
			0.8245	0.3993	0.4009
			-0.6367	-0.2181	0.7397
			-0.1399	-0.2716	0.9522
		b:
			-491.2852
			-231.8456
			516.6442
			464.8345
			47.1029
			182.1058
	==================================================================================
	Q5:
		Shape: Ellipse
		q_c:	187.5	451.0	335.5
		ub :	198.725	461.536	347.0037
		lb :	176.275	440.464	323.9963
		P^-1:
			0.023	0.0017	-0.0009
			0.0017	0.0197	0.0022
			-0.0009	0.0022	0.0224
	==================================================================================
	Q6:
		Shape: Ellipse
		q_c:	212.0	455.5	358.5
		ub :	215.1428	461.1549	363.4711
		lb :	208.8572	449.8451	353.5289
		P^-1:
			0.2391	0.0359	0.0275
			0.0359	0.0693	-0.0201
			0.0275	-0.0201	0.1021


===========================================================================================
===========================================================================================
S6:
	q_c:	303.5	231.5	20.5
	ub :	321.682	250.7947	44.3742
	lb :	283.2289	204.616	-5.5859

	==================================================================================
	Q1:
		Shape: Polyhedra
		q_c:	303.5	232.5	4.0
		ub :	313.2698	239.9521	13.5859
		lb :	293.7302	225.0479	-5.5859
		A:
			-0.4553	0.7173	-0.5275
			0.7199	-0.0746	0.69
			-0.0632	0.9276	-0.3681
			-0.6573	0.673	-0.3392
			-0.0341	0.9824	0.1836
			0.0909	0.5428	-0.8349
			0.5001	0.2387	0.8324
			-0.6777	-0.4906	0.5478
			0.5391	-0.8381	-0.0836
			-0.5001	-0.2387	-0.8324
			0.6777	0.4906	-0.5478
			-0.5391	0.8381	0.0836
		b:
			30.9314
			209.5208
			200.3568
			-40.8381
			222.9944
			157.5062
			216.6077
			-309.5423
			-29.0557
			-204.6077
			325.5423
			34.0557
	==================================================================================
	Q2:
		Shape: Polyhedra
		q_c:	294.0	236.0	21.0
		ub :	300.0103	243.7389	28.478
		lb :	287.9897	228.2611	13.522
		A:
			0.2519	0.3879	0.8866
			0.0076	0.4048	0.9144
			0.4205	0.6534	0.6295
			-0.1908	0.8189	-0.5414
			0.0638	-0.5841	-0.8092
			0.7598	0.1089	0.641
			0.1491	0.6571	0.7389
			0.0415	-0.7507	0.6593
			0.988	-0.0676	-0.1392
			-0.1491	-0.6571	-0.7389
			-0.0415	0.7507	-0.6593
			-0.988	0.0676	0.1392
		b:
			187.2207
			119.991
			293.219
			134.1691
			-134.0277
			267.4266
			215.9316
			-142.6238
			277.0763
			-212.9316
			159.6238
			-266.0763
	==================================================================================
	Q3:
		Shape: Polyhedra
		q_c:	313.5	228.5	18.5
		ub :	321.682	234.8383	26.7515
		lb :	305.318	222.1617	10.2485
		A:
			0.2012	-0.0531	-0.9781
			0.7977	-0.1104	0.5928
			-0.0645	0.2131	-0.9749
			0.5339	-0.1875	0.8245
			-0.3291	0.5878	-0.7391
			-0.5318	0.1169	-0.8387
			0.6274	0.2544	0.7359
			-0.7785	0.2268	0.5853
			-0.018	-0.9401	0.3404
			-0.6274	-0.2544	-0.7359
			0.7785	-0.2268	-0.5853
			0.018	0.9401	-0.3404
		b:
			39.154
			239.6508
			15.2588
			143.0122
			21.1413
			-152.337
			271.455
			-173.3917
			-210.1628
			-265.455
			189.3917
			218.1628
	==================================================================================
	Q4:
		Shape: Hybrid
		q_c:	296.0	216.0	26.0
		ub :	303.7483	227.384	37.4718
		lb :	288.2517	204.616	14.5282
		P^-1:
			0.0427	-0.0064	-0.0113
			-0.0064	0.0161	0.0043
			-0.0113	0.0043	0.0222
		A:
			0.7442	-0.4218	0.5179
			-0.6633	-0.7483	0.0002
			0.6193	-0.0248	-0.7847
			0.2623	-0.6759	-0.6887
			-0.0388	0.999	-0.0236
			0.8881	0.4596	-0.0025
		b:
			147.5223
			-352.6301
			160.8426
			-82.0218
			209.6522
			366.3579
	==================================================================================
	Q5:
		Shape: Ellipse
		q_c:	306.0	240.0	21.5
		ub :	315.2122	250.7947	33.0075
		lb :	296.7878	229.2053	9.9925
		P^-1:
			0.0447	-0.0174	-0.0012
			-0.0174	0.038	0.0158
			-0.0012	0.0158	0.0239
	==================================================================================
	Q6:
		Shape: Ellipse
		q_c:	292.5	238.0	36.0
		ub :	301.7711	247.9762	44.3742
		lb :	283.2289	228.0238	27.6258
		P^-1:
			0.0315	0.0061	0.0007
			0.0061	0.0217	0.0052
			0.0007	0.0052	0.0377


===========================================================================================
===========================================================================================
S7:
	q_c:	103.0	65.0	44.5
	ub :	118.412	82.7021	70.0244
	lb :	80.2923	44.2333	41.7336

	==================================================================================
	Q1:
		Shape: Polyhedra
		q_c:	111.0	75.5	50.5
		ub :	118.412	82.7021	58.0919
		lb :	103.588	68.2979	42.9081
		A:
			0.2137	0.865	0.454
			0.5204	-0.1492	0.8408
			-0.261	-0.5162	0.8158
			-0.4258	0.5801	-0.6944
			0.3167	0.9396	0.1294
			-0.97	0.1644	0.179
			0.6872	0.3923	0.6115
			-0.0984	-0.7836	0.6134
			0.7198	-0.4817	-0.4999
			-0.6872	-0.3923	-0.6115
			0.0984	0.7836	-0.6134
			-0.7198	0.4817	0.4999
		b:
			116.4413
			92.8062
			-22.8503
			-34.7276
			116.6237
			-80.6507
			140.7747
			-35.6137
			24.2839
			-132.7747
			42.6137
			-12.2839
	==================================================================================
	Q2:
		Shape: Ellipse
		q_c:	89.0	53.0	55.0
		ub :	94.4079	61.7667	62.6063
		lb :	83.5921	44.2333	47.3937
		P^-1:
			0.0616	0.0055	0.0029
			0.0055	0.0283	-0.0182
			0.0029	-0.0182	0.0528
	==================================================================================
	Q3:
		Shape: Polyhedra
		q_c:	90.5	60.5	61.0
		ub :	97.832	68.1066	70.0244
		lb :	83.168	52.8934	51.9756
		A:
			0.266	0.7496	0.6062
			-0.737	-0.6666	-0.1114
			-0.2924	-0.5369	-0.7913
			-0.7493	-0.5844	-0.3115
			-0.2502	-0.095	-0.9635
			0.435	0.8508	0.2947
			0.61	0.6804	0.4062
			0.7223	-0.2666	-0.6382
			-0.3259	0.6827	-0.654
			-0.61	-0.6804	-0.4062
			-0.7223	0.2666	0.6382
			0.3259	-0.6827	0.654
		b:
			108.973
			-111.4637
			-103.9241
			-120.3373
			-81.6225
			111.2297
			122.6447
			15.8107
			-20.5918
			-119.6447
			-4.8107
			35.5918
	==================================================================================
	Q4:
		Shape: Hybrid
		q_c:	105.0	62.0	51.0
		ub :	110.5555	66.9935	55.3904
		lb :	99.4445	57.0065	46.6096
		P^-1:
			0.0409	-0.0013	0.0087
			-0.0013	0.0781	-0.0359
			0.0087	-0.0359	0.1436
		A:
			-0.2972	0.0571	-0.9531
			-0.8332	0.2943	0.4681
			0.5576	-0.6666	0.4946
			-0.0735	0.5967	-0.7991
			0.1474	0.9878	0.051
			-0.3969	-0.6464	0.6516
		b:
			-74.6591
			-41.8567
			44.8105
			-10.1318
			81.9287
			-46.4626
	==================================================================================
	Q5:
		Shape: Ellipse
		q_c:	86.0	73.0	47.0
		ub :	91.7077	77.2441	52.2664
		lb :	80.2923	68.7559	41.7336
		P^-1:
			0.0417	-0.0001	-0.0084
			-0.0001	0.1069	-0.0104
			-0.0084	-0.0104	0.0841
	==================================================================================
	Q6:
		Shape: Hybrid
		q_c:	101.5	68.0	59.5
		ub :	107.0348	73.4147	66.572
		lb :	95.9652	62.5853	52.428
		P^-1:
			0.1011	-0.0149	0.021
			-0.0149	0.0533	-0.0031
			0.021	-0.0031	0.0339
		A:
			-0.7648	0.0567	-0.6418
			-0.0995	-0.2243	-0.9694
			-0.3856	0.8058	-0.4494
			-0.7093	0.133	-0.6923
			0.8283	0.207	0.5206
			-0.2712	0.9563	0.1092
		b:
			-109.7469
			-78.9028
			-8.4456
			-101.755
			131.2377
			46.7478


===========================================================================================
===========================================================================================
S8:
	q_c:	351.0	406.5	424.5
	ub :	370.8957	436.0611	446.203
	lb :	331.1925	381.2089	401.6285

	==================================================================================
	Q1:
		Shape: Ellipse
		q_c:	352.5	392.0	413.0
		ub :	363.5392	402.7911	424.3715
		lb :	341.4608	381.2089	401.6285
		P^-1:
			0.0266	0.0067	0.0034
			0.0067	0.0229	0.0026
			0.0034	0.0026	0.0191
	==================================================================================
	Q2:
		Shape: Hybrid
		q_c:	362.0	392.0	410.5
		ub :	370.8957	401.4706	416.2062
		lb :	353.1043	382.5294	404.7938
		P^-1:
			0.026	0.0022	-0.0004
			0.0022	0.027	-0.0073
			-0.0004	-0.0073	0.061
		A:
			0.1326	0.8742	0.4672
			-0.0508	-0.4145	0.9086
			-0.3165	0.516	0.796
			-0.0334	-0.989	0.1438
			0.1908	0.5536	0.8106
			-0.3036	-0.6668	0.6806
		b:
			586.5207
			194.2599
			417.8923
			-336.7571
			622.112
			-89.0567
	==================================================================================
	Q3:
		Shape: Ellipse
		q_c:	339.5	394.5	432.5
		ub :	347.8075	402.6661	439.4968
		lb :	331.1925	386.3339	425.5032
		P^-1:
			0.335	-0.3605	0.2587
			-0.3605	0.4319	-0.3297
			0.2587	-0.3297	0.3067
	==================================================================================
	Q4:
		Shape: Hybrid
		q_c:	351.0	421.5	423.5
		ub :	358.9945	430.1093	427.7875
		lb :	343.0055	412.8907	419.2125
		P^-1:
			0.2337	0.1025	0.3814
			0.1025	0.0715	0.1733
			0.3814	0.1733	0.7552
		A:
			0.5386	0.1007	0.8366
			-0.5156	-0.2709	-0.8129
			-0.6168	-0.0552	-0.7852
			-0.6352	-0.2542	-0.7293
			0.2993	0.2416	0.9231
			-0.4314	-0.0663	-0.8997
		b:
			586.6525
			-638.8004
			-570.8718
			-637.8938
			598.7713
			-559.5584
	==================================================================================
	Q5:
		Shape: Ellipse
		q_c:	346.0	395.0	419.5
		ub :	358.7828	404.424	427.4113
		lb :	333.2172	385.576	411.5887
		P^-1:
			0.0141	0.0121	-0.0008
			0.0121	0.0342	0.0018
			-0.0008	0.0018	0.0236
	==================================================================================
	Q6:
		Shape: Polyhedra
		q_c:	350.0	428.0	437.0
		ub :	359.5669	436.0611	446.203
		lb :	340.4331	419.9389	427.797
		A:
			0.3368	-0.611	0.7164
			-0.7984	0.5986	0.0655
			0.7361	0.5676	-0.3687
			-0.3865	0.8951	-0.2222
			-0.5731	-0.7492	0.3321
			-0.2466	0.9675	0.0554
			0.6167	0.4359	0.6555
			0.6927	0.0952	-0.7149
			-0.374	0.895	-0.2432
			-0.6167	-0.4359	-0.6555
			-0.6927	-0.0952	0.7149
			0.374	-0.895	0.2432
		b:
			175.0612
			10.9197
			345.0742
			156.1976
			-370.5018
			357.5626
			694.8576
			-23.7275
			151.356
			-682.8576
			34.7275
			-140.356


===========================================================================================
===========================================================================================
S9:
	q_c:	137.5	260.5	20.5
	ub :	155.4821	276.2211	35.2608
	lb :	122.7598	244.5539	5.4487

	==================================================================================
	Q1:
		Shape: Ellipse
		q_c:	148.5	268.5	19.0
		ub :	155.4821	276.2211	24.3996
		lb :	141.5179	260.7789	13.6004
		P^-1:
			0.064	-0.0124	0.0201
			-0.0124	0.031	0.0093
			0.0201	0.0093	0.1023
	==================================================================================
	Q2:
		Shape: Hybrid
		q_c:	136.5	250.5	29.5
		ub :	143.3619	256.4461	35.2608
		lb :	129.6381	244.5539	23.7392
		P^-1:
			0.111	-0.0042	-0.1046
			-0.0042	0.0585	-0.0135
			-0.1046	-0.0135	0.1708
		A:
			0.5006	-0.4973	-0.7086
			0.7884	-0.4444	-0.4253
			0.6108	-0.5679	-0.5517
			0.033	-0.0336	0.9989
			0.3049	0.4843	-0.82
			0.2171	-0.4953	0.8412
		b:
			-75.2464
			-14.2514
			-73.2023
			28.5023
			140.4558
			-66.5509
	==================================================================================
	Q3:
		Shape: Polyhedra
		q_c:	127.0	264.0	14.5
		ub :	131.2402	270.6849	23.5513
		lb :	122.7598	257.3151	5.4487
		A:
			-0.8693	-0.4618	-0.1764
			0.8276	0.5594	0.0469
			-0.8292	-0.5583	-0.0253
			-0.9658	-0.259	-0.014
			0.9442	0.3238	0.0607
			0.9595	-0.2433	-0.1418
			0.4475	0.7925	0.4144
			-0.8813	0.3121	0.3547
			0.1517	-0.524	0.8381
			-0.4475	-0.7925	-0.4144
			0.8813	-0.3121	-0.3547
			-0.1517	0.524	-0.8381
		b:
			-232.9768
			255.6277
			-250.8173
			-189.0794
			208.3519
			58.3964
			273.5496
			-21.8858
			-97.9093
			-270.5496
			26.8858
			115.9093
	==================================================================================
	Q4:
		Shape: Ellipse
		q_c:	140.0	252.0	17.5
		ub :	144.8054	258.173	23.035
		lb :	135.1946	245.827	11.965
		P^-1:
			0.2745	-0.1936	-0.0595
			-0.1936	0.1919	0.038
			-0.0595	0.038	0.0736
	==================================================================================
	Q5:
		Shape: Hybrid
		q_c:	142.0	260.5	21.0
		ub :	150.8194	269.9546	28.759
		lb :	133.1806	251.0454	13.241
		P^-1:
			0.0436	0.0059	0.0184
			0.0059	0.044	-0.0252
			0.0184	-0.0252	0.059
		A:
			0.7626	0.4743	0.4398
			0.7602	0.2859	-0.5835
			-0.8142	0.145	-0.5621
			0.2142	-0.1325	0.9678
			-0.9509	-0.2912	-0.1046
			-0.3782	0.2349	-0.8954
		b:
			243.8477
			174.1122
			-87.3067
			18.8869
			-210.1041
			-9.2825
	==================================================================================
	Q6:
		Shape: Hybrid
		q_c:	147.5	266.0	29.5
		ub :	153.0912	272.9739	31.388
		lb :	141.9088	259.0261	27.612
		P^-1:
			0.7615	-0.425	-0.6385
			-0.425	0.3939	-0.3061
			-0.6385	-0.3061	3.8602
		A:
			-0.7176	0.6955	-0.036
			-0.1933	-0.0585	0.9794
			-0.389	0.47	-0.7924
			-0.2457	0.349	-0.9043
			-0.3396	-0.1011	0.9351
			-0.2606	0.4613	-0.8481
		b:
			79.2427
			-14.9218
			44.7911
			30.3321
			-48.4885
			59.9215


===========================================================================================
===========================================================================================
