3D_45_11_6_c                l = 3

===========================================================================================
===========================================================================================
S1:
	q_c:	295.5	271.5	102.0
	ub :	321.6965	295.4683	127.995
	lb :	267.9432	241.6153	85.5191

	==================================================================================
	Q1:
		Shape: Polyhedra
		q_c:	295.5	257.0	97.0
		ub :	301.263	265.3764	108.4809
		lb :	289.737	248.6236	85.5191
		A:
			0.6288	-0.5886	-0.5081
			-0.5005	0.8612	0.0888
			-0.6543	0.7438	0.1365
			-0.2916	-0.6935	0.6588
			-0.0888	0.9558	0.2802
			0.3528	-0.4074	-0.8423
			0.9286	0.3413	0.1456
			-0.0006	-0.391	0.9204
			0.3711	-0.8548	-0.3629
			-0.9286	-0.3413	-0.1456
			0.0006	0.391	-0.9204
			-0.3711	0.8548	0.3629
		b:
			-10.695
			86.0283
			14.7264
			-191.014
			250.0052
			-75.2604
			381.246
			-0.9012
			-142.2144
			-371.246
			21.9012
			148.2144
	==================================================================================
	Q2:
		Shape: Ellipse
		q_c:	310.0	284.5	116.0
		ub :	321.6965	295.4683	127.995
		lb :	298.3035	273.5317	104.005
		P^-1:
			0.0186	-0.0043	0.0025
			-0.0043	0.0241	-0.0025
			0.0025	-0.0025	0.0185
	==================================================================================
	Q3:
		Shape: Hybrid
		q_c:	295.0	281.0	99.0
		ub :	304.8702	291.6521	102.3367
		lb :	285.1298	270.3479	95.6633
		P^-1:
			0.0857	-0.0154	-0.2427
			-0.0154	0.0183	0.0414
			-0.2427	0.0414	0.9335
		A:
			-0.323	0.1598	0.9328
			0.4797	0.4166	-0.7722
			-0.4039	0.2769	0.8719
			-0.238	0.0227	0.971
			0.119	-0.0675	-0.9906
			-0.2742	0.4121	0.8689
		b:
			42.8616
			186.2007
			46.6742
			32.8146
			-80.9913
			123.4917
	==================================================================================
	Q4:
		Shape: Ellipse
		q_c:	277.5	283.5	112.0
		ub :	287.0568	291.5693	121.8081
		lb :	267.9432	275.4307	102.1919
		P^-1:
			0.0309	-0.0042	-0.0033
			-0.0042	0.0334	0.0044
			-0.0033	0.0044	0.0313
	==================================================================================
	Q5:
		Shape: Ellipse
		q_c:	294.0	254.5	103.0
		ub :	307.3093	267.3847	116.8238
		lb :	280.6907	241.6153	89.1762
		P^-1:
			0.0136	-0.0007	0.0014
			-0.0007	0.0179	-0.0034
			0.0014	-0.0034	0.0151
	==================================================================================
	Q6:
		Shape: Ellipse
		q_c:	292.0	267.5	113.0
		ub :	296.966	274.1744	118.7143
		lb :	287.034	260.8256	107.2857
		P^-1:
			0.3396	0.0855	0.14
			0.0855	0.1226	-0.0789
			0.14	-0.0789	0.2526


===========================================================================================
===========================================================================================
S2:
	q_c:	349.5	132.0	68.5
	ub :	358.9059	144.9033	76.9261
	lb :	343.5625	122.5392	59.503

	==================================================================================
	Q1:
		Shape: Ellipse
		q_c:	354.0	132.5	65.0
		ub :	358.9059	138.3958	70.3049
		lb :	349.0941	126.6042	59.6951
		P^-1:
			0.0816	0.0	0.0
			0.0	0.0816	-0.0
			0.0	-0.0	0.0816
	==================================================================================
	Q2:
		Shape: Ellipse
		q_c:	352.0	137.5	67.0
		ub :	356.3404	142.2585	72.0196
		lb :	347.6596	132.7415	61.9804
		P^-1:
			0.1053	0.0131	-0.0335
			0.0131	0.0889	-0.0185
			-0.0335	-0.0185	0.129
	==================================================================================
	Q3:
		Shape: Hybrid
		q_c:	349.0	130.0	73.0
		ub :	354.1839	135.0867	76.875
		lb :	343.8161	124.9133	69.125
		P^-1:
			0.1129	0.0217	0.0184
			0.0217	0.0968	0.0143
			0.0184	0.0143	0.1431
		A:
			0.0402	0.4162	0.9084
			-0.7381	0.2681	0.6191
			-0.6483	-0.7271	-0.2257
			0.2644	0.7692	-0.5817
			-0.7444	0.6029	0.2869
			0.014	0.3333	0.9427
		b:
			135.8601
			-175.6352
			-335.7537
			151.7019
			-158.327
			118.4401
	==================================================================================
	Q4:
		Shape: Ellipse
		q_c:	346.0	126.0	70.0
		ub :	348.4375	129.4608	73.7186
		lb :	343.5625	122.5392	66.2814
		P^-1:
			0.8662	-0.2689	0.1462
			-0.2689	0.415	0.131
			0.1462	0.131	0.2448
	==================================================================================
	Q5:
		Shape: Ellipse
		q_c:	350.5	135.5	70.5
		ub :	357.1521	140.7533	76.9261
		lb :	343.8479	130.2467	64.0739
		P^-1:
			0.0601	0.0182	-0.0012
			0.0182	0.0965	-0.0186
			-0.0012	-0.0186	0.0663
	==================================================================================
	Q6:
		Shape: Hybrid
		q_c:	352.5	140.5	64.0
		ub :	356.6267	144.9033	68.497
		lb :	348.3733	136.0967	59.503
		P^-1:
			0.1293	-0.0147	-0.0185
			-0.0147	0.153	-0.0088
			-0.0185	-0.0088	0.1489
		A:
			0.1246	0.9876	-0.0953
			0.4424	0.0673	-0.8943
			-0.1072	-0.6537	0.7491
			0.155	-0.5164	-0.8422
			0.3883	0.9215	-0.0018
			-0.14	-0.9901	0.0002
		b:
			177.9423
			109.4244
			-80.4524
			-70.4332
			267.7078
			-187.0805


===========================================================================================
===========================================================================================
S3:
	q_c:	347.0	113.5	406.5
	ub :	357.599	124.9019	415.5776
	lb :	338.1634	105.4668	396.2381

	==================================================================================
	Q1:
		Shape: Ellipse
		q_c:	352.5	119.0	406.5
		ub :	357.599	123.4792	409.4109
		lb :	347.401	114.5208	403.5891
		P^-1:
			0.1497	-0.1496	0.032
			-0.1496	0.2794	-0.0898
			0.032	-0.0898	0.3148
	==================================================================================
	Q2:
		Shape: Hybrid
		q_c:	345.5	111.5	410.0
		ub :	350.1627	116.556	414.3814
		lb :	340.8373	106.444	405.6186
		P^-1:
			0.1051	0.0313	0.0169
			0.0313	0.1262	0.0135
			0.0169	0.0135	0.1215
		A:
			0.6037	0.7742	0.1903
			-0.0177	-0.6777	-0.7351
			0.1832	0.3249	0.9278
			0.7324	0.5342	0.4223
			0.4004	0.5359	0.7433
			-0.2788	-0.0758	-0.9573
		b:
			374.2363
			-381.5228
			481.4069
			487.042
			504.1622
			-495.7566
	==================================================================================
	Q3:
		Shape: Ellipse
		q_c:	349.0	116.5	406.0
		ub :	353.9195	120.7032	410.8544
		lb :	344.0805	112.2968	401.1456
		P^-1:
			0.1442	-0.071	-0.0054
			-0.071	0.193	0.0329
			-0.0054	0.0329	0.1055
	==================================================================================
	Q4:
		Shape: Polyhedra
		q_c:	352.5	117.0	401.0
		ub :	355.8188	120.5329	405.7619
		lb :	349.1812	113.4671	396.2381
		A:
			0.7923	-0.0121	0.6101
			0.7475	-0.0736	-0.6602
			0.9356	0.0987	-0.3389
			-0.9144	-0.1928	-0.3558
			0.9055	0.3475	0.2434
			0.384	-0.841	-0.3812
			0.4911	0.7422	0.4561
			-0.8173	0.5737	-0.0535
			-0.3014	-0.3464	0.8883
			-0.4911	-0.7422	-0.4561
			0.8173	-0.5737	0.0535
			0.3014	0.3464	-0.8883
		b:
			524.4815
			-6.226
			208.4724
			-486.0903
			459.1542
			-114.2204
			444.3251
			-240.944
			213.9591
			-441.3251
			243.944
			-204.9591
	==================================================================================
	Q5:
		Shape: Hybrid
		q_c:	341.5	109.5	410.0
		ub :	344.8366	113.5332	413.8076
		lb :	338.1634	105.4668	406.1924
		P^-1:
			0.1598	-0.0011	0.003
			-0.0011	0.154	0.016
			0.003	0.016	0.1173
		A:
			0.8181	-0.54	0.1977
			0.4031	0.5692	0.7166
			-0.7006	-0.2484	-0.6689
			0.2872	0.5497	0.7844
			-0.4444	-0.205	0.8721
			0.3952	-0.8679	-0.3011
		b:
			302.6243
			495.1436
			-539.3342
			481.2927
			185.0279
			-82.2722
	==================================================================================
	Q6:
		Shape: Polyhedra
		q_c:	350.5	120.5	411.0
		ub :	354.9163	124.9019	415.5776
		lb :	346.0837	116.0981	406.4224
		A:
			0.0468	-0.5467	0.836
			-0.4098	0.897	0.1654
			-0.605	0.42	0.6765
			-0.4376	0.8262	-0.3548
			-0.8426	0.4582	0.2829
			0.8312	0.5444	-0.1131
			0.6259	0.5052	0.5942
			0.2445	0.5964	-0.7646
			-0.7406	0.6238	0.2497
			-0.6259	-0.5052	-0.5942
			-0.2445	-0.5964	0.7646
			0.7406	-0.6238	-0.2497
		b:
			296.3583
			34.406
			118.4887
			-197.8556
			-122.2707
			313.9746
			528.9539
			-154.6818
			-80.2949
			-519.9539
			158.6818
			83.2949


===========================================================================================
===========================================================================================
S4:
	q_c:	165.0	193.5	59.5
	ub :	187.2644	204.2699	88.659
	lb :	146.3348	167.1541	42.3013

	==================================================================================
	Q1:
		Shape: Hybrid
		q_c:	178.5	182.0	60.0
		ub :	186.0898	189.8092	66.3361
		lb :	170.9102	174.1908	53.6639
		P^-1:
			0.064	0.0208	0.0101
			0.0208	0.0349	0.0091
			0.0101	0.0091	0.0558
		A:
			-0.7728	-0.5884	-0.2379
			0.4371	0.1622	0.8847
			-0.3759	-0.3078	-0.874
			0.0195	0.5016	-0.8649
			-0.5633	-0.7613	0.321
			-0.9011	0.4302	0.0546
		b:
			-257.3904
			162.7978
			-173.4684
			46.2846
			-216.8944
			-75.4407
	==================================================================================
	Q2:
		Shape: Ellipse
		q_c:	174.5	182.0	76.0
		ub :	187.2644	196.8459	88.659
		lb :	161.7356	167.1541	63.341
		P^-1:
			0.0156	-0.0077	-0.0022
			-0.0077	0.0153	0.0012
			-0.0022	0.0012	0.0114
	==================================================================================
	Q3:
		Shape: Hybrid
		q_c:	175.5	190.5	73.0
		ub :	187.0497	203.52	82.7604
		lb :	163.9503	177.48	63.2396
		P^-1:
			0.035	-0.006	-0.0225
			-0.006	0.0112	0.002
			-0.0225	0.002	0.0432
		A:
			-0.726	0.6018	0.3328
			-0.484	0.6724	0.56
			0.8207	-0.5447	-0.1722
			0.9993	-0.0244	-0.0286
			-0.2612	0.3397	0.9036
			0.783	0.0334	-0.6212
		b:
			15.6559
			88.7914
			31.8764
			173.3436
			88.5353
			100.957
	==================================================================================
	Q4:
		Shape: Hybrid
		q_c:	166.5	187.0	50.5
		ub :	178.3503	198.3391	58.6987
		lb :	154.6497	175.6609	42.3013
		P^-1:
			0.0198	0.0162	-0.0125
			0.0162	0.0575	-0.0639
			-0.0125	-0.0639	0.1164
		A:
			0.3011	-0.632	0.7141
			-0.5567	-0.5354	-0.6351
			0.0411	0.0605	-0.9973
			0.0984	-0.6533	0.7507
			0.271	0.693	0.6681
			0.4717	-0.4046	0.7834
		b:
			-28.4823
			-219.5896
			-28.9537
			-65.5329
			214.5894
			46.2659
	==================================================================================
	Q5:
		Shape: Polyhedra
		q_c:	152.0	199.0	61.0
		ub :	157.6652	204.2699	65.3775
		lb :	146.3348	193.7301	56.6225
		A:
			-0.0155	0.5309	-0.8473
			0.5084	0.2881	-0.8115
			0.2462	0.9108	0.3313
			-0.2461	-0.1051	0.9635
			0.1249	-0.3185	0.9397
			-0.6696	0.5616	0.4861
			0.4402	0.2505	0.8622
			-0.7544	-0.4175	0.5065
			0.4869	-0.8735	0.0052
			-0.4402	-0.2505	-0.8622
			0.7544	0.4175	-0.5065
			-0.4869	0.8735	-0.0052
		b:
			54.9445
			88.5351
			242.1999
			3.7236
			16.1098
			43.103
			172.3608
			-163.3591
			-96.0036
			-166.3608
			170.3591
			103.0036
	==================================================================================
	Q6:
		Shape: Polyhedra
		q_c:	158.0	182.0	76.0
		ub :	165.6138	189.0754	83.616
		lb :	150.3862	174.9246	68.384
		A:
			-0.882	0.3515	0.314
			0.4601	-0.7468	-0.4802
			0.7932	-0.5038	-0.3422
			0.4615	-0.7035	0.5405
			0.2141	-0.8917	-0.3987
			-0.7108	-0.6871	0.1504
			0.7563	0.4412	0.4831
			-0.3418	-0.3631	0.8668
			0.5578	-0.8207	-0.1238
			-0.7563	-0.4412	-0.4831
			0.3418	0.3631	-0.8668
			-0.5578	0.8207	0.1238
		b:
			-47.3308
			-95.9015
			11.5593
			-9.6558
			-154.9266
			-220.7536
			241.5056
			-48.7132
			-67.14
			-231.5056
			59.7132
			74.14


===========================================================================================
===========================================================================================
S5:
	q_c:	405.0	185.5	263.0
	ub :	432.9705	211.4475	286.1962
	lb :	387.5313	160.2523	240.9525

	==================================================================================
	Q1:
		Shape: Polyhedra
		q_c:	422.0	184.0	257.0
		ub :	431.0792	193.8546	267.1907
		lb :	412.9208	174.1454	246.8093
		A:
			0.8694	0.3319	-0.366
			-0.1558	0.2465	0.9565
			-0.3127	0.04	-0.949
			-0.1517	-0.3799	0.9125
			0.8522	-0.297	-0.4308
			-0.0999	-0.668	0.7374
			0.346	0.6839	0.6423
			0.6218	-0.6798	0.3889
			0.7026	0.2648	-0.6605
			-0.346	-0.6839	-0.6423
			-0.6218	0.6798	-0.3889
			-0.7026	-0.2648	0.6605
		b:
			339.221
			232.1816
			-362.0165
			105.7442
			199.2422
			29.2534
			444.927
			241.7624
			180.4717
			-428.927
			-232.7624
			-170.4717
	==================================================================================
	Q2:
		Shape: Hybrid
		q_c:	400.0	184.0	270.5
		ub :	412.4687	195.4751	279.9948
		lb :	387.5313	172.5249	261.0052
		P^-1:
			0.0119	0.008	-0.0061
			0.008	0.0318	-0.0156
			-0.0061	-0.0156	0.0303
		A:
			-0.7644	-0.3111	0.5647
			-0.5299	-0.8179	0.224
			-0.3378	-0.6709	0.6601
			0.2653	0.4169	-0.8694
			-0.2174	-0.6925	0.6879
			-0.4919	-0.8611	0.1282
		b:
			-205.1972
			-298.2695
			-77.7109
			-49.5086
			-26.0367
			-316.7289
	==================================================================================
	Q3:
		Shape: Hybrid
		q_c:	407.5	179.0	265.0
		ub :	417.44	189.3101	273.2288
		lb :	397.56	168.6899	256.7712
		P^-1:
			0.063	0.0534	0.0445
			0.0534	0.0696	0.0436
			0.0445	0.0436	0.0634
		A:
			0.399	-0.0455	-0.9158
			0.4215	0.8395	0.3428
			-0.768	-0.5268	-0.3642
			0.7574	0.1378	0.6383
			-0.5004	-0.8004	-0.3301
			-0.6333	-0.6683	0.3902
		b:
			-82.5154
			415.1707
			-501.747
			505.7973
			-432.7051
			-269.9112
	==================================================================================
	Q4:
		Shape: Ellipse
		q_c:	416.0	175.5	253.0
		ub :	426.3221	188.4154	265.0475
		lb :	405.6779	162.5846	240.9525
		P^-1:
			0.0249	0.0041	-0.0079
			0.0041	0.0218	-0.0123
			-0.0079	-0.0123	0.0237
	==================================================================================
	Q5:
		Shape: Polyhedra
		q_c:	418.0	168.5	278.5
		ub :	424.6867	176.7477	286.1962
		lb :	411.3133	160.2523	270.8038
		A:
			0.0005	0.2229	0.9748
			-0.3749	0.8022	-0.4648
			-0.8267	-0.5586	-0.0675
			0.6714	0.6682	0.3206
			-0.8494	-0.2891	-0.4416
			0.5732	0.3746	-0.7288
			0.7399	0.4205	0.5251
			0.2323	-0.8922	0.3872
			0.6313	-0.1645	-0.7579
			-0.7399	-0.4205	-0.5251
			-0.2323	0.8922	-0.3872
			-0.6313	0.1645	0.7579
		b:
			313.3694
			-144.0693
			-454.7768
			486.1269
			-523.6052
			104.9223
			529.372
			61.5955
			29.6056
			-523.372
			-47.5955
			-20.6056
	==================================================================================
	Q6:
		Shape: Ellipse
		q_c:	423.0	200.5	259.0
		ub :	432.9705	211.4475	268.1196
		lb :	413.0295	189.5525	249.8804
		P^-1:
			0.0401	0.0176	0.0148
			0.0176	0.0285	0.0097
			0.0148	0.0097	0.0299


===========================================================================================
===========================================================================================
S6:
	q_c:	148.5	60.5	66.5
	ub :	167.016	75.5875	79.7068
	lb :	131.3301	44.4544	50.3745

	==================================================================================
	Q1:
		Shape: Ellipse
		q_c:	158.0	57.5	65.5
		ub :	167.016	65.8723	74.0869
		lb :	148.984	49.1277	56.9131
		P^-1:
			0.0409	-0.0174	-0.0012
			-0.0174	0.0485	-0.0012
			-0.0012	-0.0012	0.0246
	==================================================================================
	Q2:
		Shape: Ellipse
		q_c:	156.0	55.0	62.0
		ub :	160.9757	60.7783	68.3593
		lb :	151.0243	49.2217	55.6407
		P^-1:
			0.1065	0.0309	0.0218
			0.0309	0.1186	0.0363
			0.0218	0.0363	0.0497
	==================================================================================
	Q3:
		Shape: Polyhedra
		q_c:	147.5	53.5	73.0
		ub :	153.959	58.8406	79.7068
		lb :	141.041	48.1594	66.2932
		A:
			0.9489	-0.1151	0.2937
			-0.2397	-0.6817	-0.6912
			-0.0702	-0.4267	-0.9017
			0.8158	0.1558	-0.557
			0.2359	-0.1639	-0.9578
			-0.5907	0.6214	0.5147
			0.2094	0.8693	0.4478
			0.7445	0.1552	-0.6494
			-0.634	0.4694	-0.6146
			-0.2094	-0.8693	-0.4478
			-0.7445	-0.1552	0.6494
			0.634	-0.4694	0.6146
		b:
			159.5625
			-119.1337
			-95.4916
			92.0092
			-40.0653
			-12.6308
			113.086
			74.7024
			-108.7684
			-107.086
			-66.7024
			117.7684
	==================================================================================
	Q4:
		Shape: Polyhedra
		q_c:	151.5	61.0	72.0
		ub :	156.3357	68.9153	76.2091
		lb :	146.6643	53.0847	67.7909
		A:
			0.8756	-0.0985	0.4729
			-0.8918	-0.344	-0.2939
			-0.8494	-0.5162	-0.1096
			-0.8571	0.1247	-0.4998
			0.7947	0.3343	-0.5068
			0.5001	0.0119	-0.8659
			0.8767	0.1638	0.4523
			0.1408	-0.9864	0.0843
			0.46	-0.0103	-0.8878
			-0.8767	-0.1638	-0.4523
			-0.1408	0.9864	-0.0843
			-0.46	0.0103	0.8878
		b:
			164.1834
			-173.9904
			-164.1135
			-154.6428
			107.5181
			16.655
			178.375
			-25.2779
			7.6431
			-172.375
			40.2779
			-2.6431
	==================================================================================
	Q5:
		Shape: Hybrid
		q_c:	150.0	71.5	56.0
		ub :	156.0389	75.5875	61.6255
		lb :	143.9611	67.4125	50.3745
		P^-1:
			0.0759	0.0122	0.0528
			0.0122	0.0881	0.0177
			0.0528	0.0177	0.1177
		A:
			0.222	-0.6079	0.7623
			0.3924	0.7786	0.4897
			0.3752	-0.3801	-0.8454
			0.041	-0.8799	-0.4733
			0.298	-0.26	0.9185
			-0.0396	-0.9888	0.1439
		b:
			34.6201
			143.5643
			-15.2377
			-81.1753
			79.3291
			-66.3478
	==================================================================================
	Q6:
		Shape: Ellipse
		q_c:	141.5	54.0	65.0
		ub :	151.6699	63.5456	71.902
		lb :	131.3301	44.4544	58.098
		P^-1:
			0.0375	0.0103	0.0348
			0.0103	0.0312	0.0242
			0.0348	0.0242	0.0839


===========================================================================================
===========================================================================================
S7:
	q_c:	351.0	406.5	424.5
	ub :	370.8957	436.0611	446.203
	lb :	331.1925	381.2089	401.6285

	==================================================================================
	Q1:
		Shape: Ellipse
		q_c:	352.5	392.0	413.0
		ub :	363.5392	402.7911	424.3715
		lb :	341.4608	381.2089	401.6285
		P^-1:
			0.0266	0.0067	0.0034
			0.0067	0.0229	0.0026
			0.0034	0.0026	0.0191
	==================================================================================
	Q2:
		Shape: Hybrid
		q_c:	362.0	392.0	410.5
		ub :	370.8957	401.4706	416.2062
		lb :	353.1043	382.5294	404.7938
		P^-1:
			0.026	0.0022	-0.0004
			0.0022	0.027	-0.0073
			-0.0004	-0.0073	0.061
		A:
			0.1326	0.8742	0.4672
			-0.0508	-0.4145	0.9086
			-0.3165	0.516	0.796
			-0.0334	-0.989	0.1438
			0.1908	0.5536	0.8106
			-0.3036	-0.6668	0.6806
		b:
			586.5207
			194.2599
			417.8923
			-336.7571
			622.112
			-89.0567
	==================================================================================
	Q3:
		Shape: Ellipse
		q_c:	339.5	394.5	432.5
		ub :	347.8075	402.6661	439.4968
		lb :	331.1925	386.3339	425.5032
		P^-1:
			0.335	-0.3605	0.2587
			-0.3605	0.4319	-0.3297
			0.2587	-0.3297	0.3067
	==================================================================================
	Q4:
		Shape: Hybrid
		q_c:	351.0	421.5	423.5
		ub :	358.9945	430.1093	427.7875
		lb :	343.0055	412.8907	419.2125
		P^-1:
			0.2337	0.1025	0.3814
			0.1025	0.0715	0.1733
			0.3814	0.1733	0.7552
		A:
			0.5386	0.1007	0.8366
			-0.5156	-0.2709	-0.8129
			-0.6168	-0.0552	-0.7852
			-0.6352	-0.2542	-0.7293
			0.2993	0.2416	0.9231
			-0.4314	-0.0663	-0.8997
		b:
			586.6525
			-638.8004
			-570.8718
			-637.8938
			598.7713
			-559.5584
	==================================================================================
	Q5:
		Shape: Ellipse
		q_c:	346.0	395.0	419.5
		ub :	358.7828	404.424	427.4113
		lb :	333.2172	385.576	411.5887
		P^-1:
			0.0141	0.0121	-0.0008
			0.0121	0.0342	0.0018
			-0.0008	0.0018	0.0236
	==================================================================================
	Q6:
		Shape: Polyhedra
		q_c:	350.0	428.0	437.0
		ub :	359.5669	436.0611	446.203
		lb :	340.4331	419.9389	427.797
		A:
			0.3368	-0.611	0.7164
			-0.7984	0.5986	0.0655
			0.7361	0.5676	-0.3687
			-0.3865	0.8951	-0.2222
			-0.5731	-0.7492	0.3321
			-0.2466	0.9675	0.0554
			0.6167	0.4359	0.6555
			0.6927	0.0952	-0.7149
			-0.374	0.895	-0.2432
			-0.6167	-0.4359	-0.6555
			-0.6927	-0.0952	0.7149
			0.374	-0.895	0.2432
		b:
			175.0612
			10.9197
			345.0742
			156.1976
			-370.5018
			357.5626
			694.8576
			-23.7275
			151.356
			-682.8576
			34.7275
			-140.356


===========================================================================================
===========================================================================================
S8:
	q_c:	115.5	466.5	209.5
	ub :	128.7169	481.2781	235.5494
	lb :	97.6495	444.0239	190.4051

	==================================================================================
	Q1:
		Shape: Polyhedra
		q_c:	119.0	465.0	199.5
		ub :	126.348	472.2708	205.9676
		lb :	111.652	457.7292	193.0324
		A:
			0.1329	-0.3	0.9446
			-0.6481	0.1347	-0.7496
			0.342	-0.889	0.3046
			0.9596	-0.145	-0.2411
			-0.8438	0.2563	-0.4715
			-0.7821	0.0413	-0.6217
			0.5236	0.8511	0.0382
			0.4029	-0.2079	-0.8913
			-0.7506	0.4821	-0.4518
			-0.5236	-0.8511	-0.0382
			-0.4029	0.2079	0.8913
			0.7506	-0.4821	0.4518
		b:
			69.2962
			-160.386
			-307.9346
			3.1832
			-72.0772
			-194.2302
			471.1842
			-221.0485
			47.7241
			-460.1842
			232.0485
			-41.7241
	==================================================================================
	Q2:
		Shape: Ellipse
		q_c:	101.0	456.0	223.5
		ub :	104.3505	467.9761	235.5494
		lb :	97.6495	444.0239	211.4506
		P^-1:
			0.9583	-0.192	0.0502
			-0.192	0.0529	-0.0102
			0.0502	-0.0102	0.0165
	==================================================================================
	Q3:
		Shape: Hybrid
		q_c:	106.5	469.5	212.5
		ub :	113.4125	473.7754	218.6082
		lb :	99.5875	465.2246	206.3918
		P^-1:
			0.1008	0.0452	0.0998
			0.0452	0.2363	-0.0302
			0.0998	-0.0302	0.1833
		A:
			0.6936	-0.1757	0.6986
			-0.4992	-0.7704	-0.3966
			0.6418	-0.1632	0.7493
			0.5609	0.5067	0.6547
			-0.3075	0.3868	-0.8694
			-0.68	0.4668	-0.5654
		b:
			141.3311
			-498.1407
			152.195
			437.7559
			-34.7087
			28.6878
	==================================================================================
	Q4:
		Shape: Ellipse
		q_c:	119.5	477.0	199.0
		ub :	128.7169	481.2781	207.5949
		lb :	110.2831	472.7219	190.4051
		P^-1:
			0.0186	-0.0064	0.0005
			-0.0064	0.0809	0.0013
			0.0005	0.0013	0.0203
	==================================================================================
	Q5:
		Shape: Hybrid
		q_c:	111.0	468.5	205.0
		ub :	115.4612	473.3857	210.3969
		lb :	106.5388	463.6143	199.6031
		P^-1:
			0.2121	-0.0285	0.0903
			-0.0285	0.2925	0.1774
			0.0903	0.1774	0.223
		A:
			-0.6474	0.3918	-0.6537
			0.802	0.0376	0.5962
			-0.1752	0.9514	0.2531
			0.786	-0.5528	0.2766
			0.6642	-0.6947	0.2761
			0.4418	0.7327	0.5177
		b:
			-20.2383
			229.9628
			479.5398
			-113.6635
			-193.4682
			499.6044
	==================================================================================
	Q6:
		Shape: Polyhedra
		q_c:	110.5	473.0	222.0
		ub :	114.6558	478.8962	228.4664
		lb :	106.3442	467.1038	215.5336
		A:
			0.9677	0.0605	0.2447
			-0.1421	0.7644	-0.6289
			0.1978	0.3951	-0.8971
			0.7191	0.2369	0.6533
			0.542	-0.8404	0.0026
			0.6122	0.736	-0.289
			0.0751	0.6097	0.7891
			-0.9915	0.1301	-0.0062
			-0.1064	-0.7819	0.6143
			-0.0751	-0.6097	-0.7891
			0.9915	-0.1301	0.0062
			0.1064	0.7819	-0.6143
		b:
			193.8435
			207.9759
			13.047
			342.1104
			-332.9303
			354.4851
			478.8638
			-45.8672
			-243.7155
			-464.8638
			52.8672
			246.7155


===========================================================================================
===========================================================================================
S9:
	q_c:	258.0	402.0	458.0
	ub :	271.9223	409.1092	471.681
	lb :	247.8541	388.9025	445.5301

	==================================================================================
	Q1:
		Shape: Hybrid
		q_c:	266.5	403.5	458.5
		ub :	271.9223	409.1092	463.1487
		lb :	261.0777	397.8908	453.8513
		P^-1:
			0.1213	-0.0495	-0.0183
			-0.0495	0.0967	-0.0234
			-0.0183	-0.0234	0.1514
		A:
			-0.5237	-0.2846	0.803
			0.2721	-0.3612	-0.8919
			0.1213	-0.6967	0.707
			0.3667	-0.6905	-0.6235
			-0.4749	0.5658	0.674
			-0.0876	-0.7417	0.665
		b:
			115.2858
			-480.5752
			76.7994
			-464.9458
			412.3411
			-15.9847
	==================================================================================
	Q2:
		Shape: Hybrid
		q_c:	254.5	394.5	462.5
		ub :	258.8089	398.9427	465.8391
		lb :	250.1911	390.0573	459.1609
		P^-1:
			0.1728	0.021	-0.1048
			0.021	0.1925	-0.1362
			-0.1048	-0.1362	0.3208
		A:
			-0.4461	-0.1462	-0.8829
			-0.4965	-0.7885	0.363
			0.166	-0.9492	0.2674
			-0.3128	0.8242	-0.4721
			-0.6912	-0.2754	0.6681
			-0.243	-0.7665	0.5945
		b:
			-577.2436
			-267.985
			-206.9242
			28.548
			25.4459
			-88.1985
	==================================================================================
	Q3:
		Shape: Polyhedra
		q_c:	255.5	402.5	451.0
		ub :	262.2472	408.0078	456.4699
		lb :	248.7528	396.9922	445.5301
		A:
			-0.7157	-0.126	0.6869
			-0.6023	-0.0746	0.7947
			-0.0797	0.4427	-0.8931
			0.5272	-0.3471	-0.7756
			0.6936	0.4611	-0.5535
			-0.2413	-0.4549	0.8572
			0.835	0.2846	0.4708
			-0.5022	0.0448	0.8636
			0.2247	-0.9576	0.1803
			-0.835	-0.2846	-0.4708
			0.5022	-0.0448	-0.8636
			-0.2247	0.9576	-0.1803
		b:
			79.1435
			177.1171
			-241.3768
			-352.1531
			116.7182
			144.8847
			545.7663
			281.6946
			-242.6783
			-534.7663
			-276.6946
			250.6783
	==================================================================================
	Q4:
		Shape: Polyhedra
		q_c:	255.5	395.0	455.0
		ub :	262.5641	401.0975	462.7933
		lb :	248.4359	388.9025	447.2067
		A:
			0.1879	-0.7686	0.6115
			-0.4709	0.3654	0.803
			0.2083	0.4402	0.8734
			0.9195	0.0701	-0.3867
			-0.1753	0.2242	-0.9587
			0.4353	-0.4637	-0.7717
			0.1453	0.9234	0.3552
			0.9212	0.0047	-0.3889
			-0.3608	0.3837	-0.85
			-0.1453	-0.9234	-0.3552
			-0.9212	-0.0047	0.3889
			0.3608	-0.3837	0.85
		b:
			27.584
			394.2171
			629.241
			91.6925
			-387.4208
			-418.2696
			567.9887
			65.2542
			-322.3838
			-558.9887
			-55.2542
			332.3838
	==================================================================================
	Q5:
		Shape: Ellipse
		q_c:	252.5	397.0	456.5
		ub :	257.1459	403.2877	462.708
		lb :	247.8541	390.7123	450.292
		P^-1:
			0.1435	0.0186	0.0339
			0.0186	0.0563	0.0009
			0.0339	0.0009	0.0721
	==================================================================================
	Q6:
		Shape: Hybrid
		q_c:	262.0	398.5	466.0
		ub :	267.7606	404.4539	471.681
		lb :	256.2394	392.5461	460.319
		P^-1:
			0.0923	0.0033	0.018
			0.0033	0.0796	0.0149
			0.018	0.0149	0.0834
		A:
			0.3679	-0.7676	-0.5249
			0.4769	-0.4402	0.7608
			-0.3818	0.375	-0.8447
			-0.3494	0.7605	-0.5473
			0.4483	-0.7151	0.5364
			-0.9422	-0.3169	0.1085
		b:
			-452.1561
			306.0955
			-342.2084
			-41.3376
			84.5733
			-320.5792


===========================================================================================
===========================================================================================
S10:
	q_c:	301.0	502.5	451.0
	ub :	310.1058	511.3474	460.8762
	lb :	295.8458	497.4782	446.9834

	==================================================================================
	Q1:
		Shape: Ellipse
		q_c:	304.0	502.5	455.0
		ub :	307.0708	505.1287	458.2811
		lb :	300.9292	499.8713	451.7189
		P^-1:
			0.25	0.0	0.0
			0.0	0.25	-0.0
			0.0	-0.0	0.25
	==================================================================================
	Q2:
		Shape: Polyhedra
		q_c:	306.0	501.0	455.0
		ub :	310.1058	504.5218	459.0275
		lb :	301.8942	497.4782	450.9725
		A:
			0.8218	0.3809	-0.4237
			-0.4271	0.8	0.4215
			0.0971	0.8483	0.5205
			-0.255	-0.156	-0.9543
			0.3258	0.2188	-0.9198
			-0.9735	0.2283	-0.0115
			0.6739	0.4046	0.6182
			0.2901	-0.9144	0.2823
			0.6795	-0.0109	-0.7336
			-0.6739	-0.4046	-0.6182
			-0.2901	0.9144	-0.2823
			-0.6795	0.0109	0.7336
		b:
			251.8058
			464.2672
			694.2924
			-587.6434
			-207.0023
			-186.2465
			693.2022
			-238.4149
			-129.3124
			-687.2022
			243.4149
			133.3124
	==================================================================================
	Q3:
		Shape: Polyhedra
		q_c:	299.5	506.5	457.5
		ub :	303.1542	510.2178	460.8762
		lb :	295.8458	502.7822	454.1238
		A:
			0.8198	-0.5723	-0.0169
			0.11	-0.9333	-0.3419
			0.399	-0.5778	-0.712
			0.8388	0.5195	0.163
			-0.2915	-0.944	-0.1544
			0.3255	-0.8708	-0.3685
			0.2134	0.292	0.9323
			-0.6603	0.7464	-0.0826
			-0.72	-0.598	0.3521
			-0.2134	-0.292	-0.9323
			0.6603	-0.7464	0.0826
			0.72	0.598	-0.3521
		b:
			-50.0298
			-593.9167
			-496.6095
			591.4099
			-633.7205
			-509.9989
			640.832
			144.4827
			-354.9628
			-635.832
			-140.4827
			359.9628
	==================================================================================
	Q4:
		Shape: Ellipse
		q_c:	301.5	508.5	456.0
		ub :	304.366	511.3474	458.7494
		lb :	298.634	505.6526	453.2506
		P^-1:
			1.9103	0.1137	1.9299
			0.1137	0.2406	0.0624
			1.9299	0.0624	2.2102
	==================================================================================
	Q5:
		Shape: Ellipse
		q_c:	303.5	503.5	448.5
		ub :	305.1539	505.3399	450.0166
		lb :	301.8461	501.6601	446.9834
		P^-1:
			2.1669	0.8576	1.4895
			0.8576	1.0122	0.4678
			1.4895	0.4678	2.2654
	==================================================================================
	Q6:
		Shape: Ellipse
		q_c:	304.5	501.5	453.5
		ub :	307.1063	505.2511	456.9792
		lb :	301.8937	497.7489	450.0208
		P^-1:
			0.7666	0.0132	-0.3209
			0.0132	0.2497	0.2097
			-0.3209	0.2097	0.5098


===========================================================================================
===========================================================================================
S11:
	q_c:	137.5	260.5	20.5
	ub :	155.4821	276.2211	35.2608
	lb :	122.7598	244.5539	5.4487

	==================================================================================
	Q1:
		Shape: Ellipse
		q_c:	148.5	268.5	19.0
		ub :	155.4821	276.2211	24.3996
		lb :	141.5179	260.7789	13.6004
		P^-1:
			0.064	-0.0124	0.0201
			-0.0124	0.031	0.0093
			0.0201	0.0093	0.1023
	==================================================================================
	Q2:
		Shape: Hybrid
		q_c:	136.5	250.5	29.5
		ub :	143.3619	256.4461	35.2608
		lb :	129.6381	244.5539	23.7392
		P^-1:
			0.111	-0.0042	-0.1046
			-0.0042	0.0585	-0.0135
			-0.1046	-0.0135	0.1708
		A:
			0.5006	-0.4973	-0.7086
			0.7884	-0.4444	-0.4253
			0.6108	-0.5679	-0.5517
			0.033	-0.0336	0.9989
			0.3049	0.4843	-0.82
			0.2171	-0.4953	0.8412
		b:
			-75.2464
			-14.2514
			-73.2023
			28.5023
			140.4558
			-66.5509
	==================================================================================
	Q3:
		Shape: Polyhedra
		q_c:	127.0	264.0	14.5
		ub :	131.2402	270.6849	23.5513
		lb :	122.7598	257.3151	5.4487
		A:
			-0.8693	-0.4618	-0.1764
			0.8276	0.5594	0.0469
			-0.8292	-0.5583	-0.0253
			-0.9658	-0.259	-0.014
			0.9442	0.3238	0.0607
			0.9595	-0.2433	-0.1418
			0.4475	0.7925	0.4144
			-0.8813	0.3121	0.3547
			0.1517	-0.524	0.8381
			-0.4475	-0.7925	-0.4144
			0.8813	-0.3121	-0.3547
			-0.1517	0.524	-0.8381
		b:
			-232.9768
			255.6277
			-250.8173
			-189.0794
			208.3519
			58.3964
			273.5496
			-21.8858
			-97.9093
			-270.5496
			26.8858
			115.9093
	==================================================================================
	Q4:
		Shape: Ellipse
		q_c:	140.0	252.0	17.5
		ub :	144.8054	258.173	23.035
		lb :	135.1946	245.827	11.965
		P^-1:
			0.2745	-0.1936	-0.0595
			-0.1936	0.1919	0.038
			-0.0595	0.038	0.0736
	==================================================================================
	Q5:
		Shape: Hybrid
		q_c:	142.0	260.5	21.0
		ub :	150.8194	269.9546	28.759
		lb :	133.1806	251.0454	13.241
		P^-1:
			0.0436	0.0059	0.0184
			0.0059	0.044	-0.0252
			0.0184	-0.0252	0.059
		A:
			0.7626	0.4743	0.4398
			0.7602	0.2859	-0.5835
			-0.8142	0.145	-0.5621
			0.2142	-0.1325	0.9678
			-0.9509	-0.2912	-0.1046
			-0.3782	0.2349	-0.8954
		b:
			243.8477
			174.1122
			-87.3067
			18.8869
			-210.1041
			-9.2825
	==================================================================================
	Q6:
		Shape: Hybrid
		q_c:	147.5	266.0	29.5
		ub :	153.0912	272.9739	31.388
		lb :	141.9088	259.0261	27.612
		P^-1:
			0.7615	-0.425	-0.6385
			-0.425	0.3939	-0.3061
			-0.6385	-0.3061	3.8602
		A:
			-0.7176	0.6955	-0.036
			-0.1933	-0.0585	0.9794
			-0.389	0.47	-0.7924
			-0.2457	0.349	-0.9043
			-0.3396	-0.1011	0.9351
			-0.2606	0.4613	-0.8481
		b:
			79.2427
			-14.9218
			44.7911
			30.3321
			-48.4885
			59.9215


===========================================================================================
===========================================================================================
