3D_40_5_6_a                l = 3

===========================================================================================
===========================================================================================
S1:
	q_c:    24.5000    176.5000    83.0000
	ub :    40.0000    185.0000    98.0000
	lb :    9.0000    168.0000    68.0000

	==================================================================================
	Q1:
		Shape: Hybrid
		q_c:    24.0000    179.0000    90.0000
		ub :    29.9514    184.6850    96.1312
		lb :    18.0486    173.3150    83.8688
		P^-1: 
			    0.0854    -0.0182    0.0072
			    -0.0182    0.0959    0.0157
			    0.0072    0.0157    0.0608
		A:
			    0.3452    0.1365    0.9285
			    0.0382    0.9607    0.2748
			    -0.8399    0.3890    -0.3784
			    -0.6454    0.6863    0.3354
			    -0.4285    -0.5370    -0.7267
			    0.2265    -0.7840    -0.5780
		b:
			    118.6415
			    199.3399
			    17.2065
			    139.1377
			    -169.8104
			    -185.2226
	==================================================================================
	Q2:
		Shape: Hybrid
		q_c:    30.0000    179.0000    87.0000
		ub :    36.9827    185.3921    92.7049
		lb :    23.0173    172.6079    81.2951
		P^-1: 
			    0.0825    -0.0521    0.0224
			    -0.0521    0.0909    -0.0343
			    0.0224    -0.0343    0.0822
		A:
			    -0.4266    0.4497    -0.7847
			    0.3445    -0.0706    0.9361
			    -0.6526    0.1721    -0.7379
			    0.8064    -0.4551    -0.3777
			    -0.9374    0.3468    0.0307
			    0.0101    -0.7545    0.6563
		b:
			    1.0206
			    81.5394
			    -50.7377
			    -87.7993
			    38.8690
			    -75.4527
	==================================================================================
	Q3:
		Shape: Hybrid
		q_c:    23.5000    170.0000    76.5000
		ub :    30.0430    175.8566    81.4167
		lb :    16.9570    164.1434    71.5833
		P^-1: 
			    0.0800    -0.0010    -0.0482
			    -0.0010    0.0810    -0.0291
			    -0.0482    -0.0291    0.1206
		A:
			    -0.5883    -0.7110    0.3852
			    0.2273    0.5219    -0.8221
			    -0.4127    0.6443    0.6439
			    -0.6215    0.5166    0.5889
			    -0.2006    -0.4593    0.8653
			    0.6890    -0.5417    -0.4815
		b:
			    -103.1099
			    32.5837
			    151.3160
			    120.1921
			    -15.1574
			    -110.7829
	==================================================================================
	Q4:
		Shape: Ellipse
		q_c:    29.0000    176.0000    81.5000
		ub :    32.8347    180.5200    85.8488
		lb :    25.1653    171.4800    77.1512
		P^-1: 
			    0.0816    0.0000    0.0000
			    0.0000    0.0816    0.0000
			    0.0000    0.0000    0.0816
	==================================================================================
	Q5:
		Shape: Ellipse
		q_c:    18.0000    170.5000    79.5000
		ub :    23.1438    175.5019    83.3412
		lb :    12.8562    165.4981    75.6588
		P^-1: 
			    0.1175    -0.0212    -0.0206
			    -0.0212    0.0941    0.0119
			    -0.0206    0.0119    0.1411
	==================================================================================
	Q6:
		Shape: Hybrid
		q_c:    31.0000    180.5000    88.0000
		ub :    37.3869    186.5645    95.1266
		lb :    24.6131    174.4355    80.8734
		P^-1: 
			    0.0614    -0.0030    -0.0020
			    -0.0030    0.0543    -0.0056
			    -0.0020    -0.0056    0.0587
		A:
			    0.1624    -0.8779    0.4504
			    -0.2380    0.9216    -0.3067
			    0.9974    -0.0702    -0.0136
			    0.3051    0.1472    -0.9409
			    -0.2315    -0.1545    -0.9605
			    -0.7077    0.1964    -0.6786
		b:
			    -111.7085
			    134.1029
			    19.0883
			    -44.7260
			    -117.3338
			    -44.1152


===========================================================================================
===========================================================================================
S2:
	q_c:    345.0000    29.0000    463.5000
	ub :    360.0000    54.0000    474.0000
	lb :    330.0000    4.0000    453.0000

	==================================================================================
	Q1:
		Shape: Ellipse
		q_c:    346.5000    36.5000    473.0000
		ub :    353.6536    43.9000    479.5508
		lb :    339.3464    29.1000    466.4492
		P^-1: 
			    0.0633    -0.0224    -0.0018
			    -0.0224    0.0538    -0.0062
			    -0.0018    -0.0062    0.0470
	==================================================================================
	Q2:
		Shape: Polyhedra
		q_c:    341.5000    26.0000    469.5000
		ub :    347.9806    31.3427    475.3473
		lb :    335.0194    20.6573    463.6527
		A:
			    -0.8470    0.1968    -0.4939
			    0.0130    -0.5659    -0.8244
			    -0.2810    -0.9566    -0.0773
			    -0.8547    -0.0077    0.5191
			    -0.1242    0.9868    -0.1043
			    -0.9107    0.3602    0.2025
			    0.6613    0.6822    0.3118
			    0.6215    -0.7311    0.2815
			    0.4200    0.0076    -0.9075
			    -0.6613    -0.6822    -0.3118
			    -0.6215    0.7311    -0.2815
			    -0.4200    -0.0076    0.9075
		b:
			    -512.1496
			    -393.5045
			    -153.4775
			    -44.4243
			    -61.8712
			    -202.6043
			    393.4910
			    329.3818
			    -278.4220
			    -386.4910
			    -321.3818
			    286.4220
	==================================================================================
	Q3:
		Shape: Hybrid
		q_c:    344.0000    35.5000    461.0000
		ub :    349.8979    42.2475    467.8757
		lb :    338.1021    28.7525    454.1243
		P^-1: 
			    0.0736    -0.0087    -0.0050
			    -0.0087    0.0584    0.0099
			    -0.0050    0.0099    0.0615
		A:
			    0.6033    -0.1328    0.7864
			    -0.1888    0.9817    0.0259
			    -0.1029    0.2544    -0.9616
			    0.8599    -0.4869    -0.1535
			    0.9592    0.0515    0.2778
			    -0.0471    -0.7632    0.6445
		b:
			    567.6920
			    -15.8170
			    -467.1506
			    209.5432
			    461.9732
			    256.5544
	==================================================================================
	Q4:
		Shape: Polyhedra
		q_c:    356.0000    30.5000    474.0000
		ub :    363.2933    37.9013    481.6487
		lb :    348.7067    23.0987    466.3513
		A:
			    -0.9594    0.1995    -0.1994
			    0.1647    -0.8347    0.5255
			    0.6138    0.2407    -0.7519
			    0.8005    0.5897    0.1075
			    -0.7945    0.5860    0.1593
			    -0.4385    -0.7474    0.4992
			    0.2692    0.8024    0.5327
			    0.8657    -0.4439    0.2312
			    0.4219    0.3989    -0.8141
			    -0.2692    -0.8024    -0.5327
			    -0.8657    0.4439    -0.2312
			    -0.4219    -0.3989    0.8141
		b:
			    -425.4611
			    287.2179
			    -125.0913
			    358.3893
			    -184.9431
			    62.9561
			    376.8034
			    408.7263
			    -218.0195
			    -368.8034
			    -399.7263
			    229.0195
	==================================================================================
	Q5:
		Shape: Ellipse
		q_c:    343.5000    25.5000    474.5000
		ub :    348.8994    31.9158    480.8051
		lb :    338.1006    19.0842    468.1949
		P^-1: 
			    0.1246    -0.0220    -0.0457
			    -0.0220    0.0605    0.0066
			    -0.0457    0.0066    0.0867
	==================================================================================
	Q6:
		Shape: Ellipse
		q_c:    341.0000    19.5000    473.0000
		ub :    347.6504    26.5501    480.9244
		lb :    334.3496    12.4499    465.0756
		P^-1: 
			    0.0482    -0.0021    -0.0023
			    -0.0021    0.0457    -0.0041
			    -0.0023    -0.0041    0.0448


===========================================================================================
===========================================================================================
S3:
	q_c:    221.5000    22.5000    215.0000
	ub :    231.0000    33.0000    233.0000
	lb :    212.0000    12.0000    197.0000

	==================================================================================
	Q1:
		Shape: Ellipse
		q_c:    215.5000    24.5000    221.5000
		ub :    222.5718    28.9672    228.4238
		lb :    208.4282    20.0328    214.5762
		P^-1: 
			    0.0590    -0.0385    0.0368
			    -0.0385    0.1971    -0.0759
			    0.0368    -0.0759    0.0895
	==================================================================================
	Q2:
		Shape: Ellipse
		q_c:    226.0000    22.0000    212.0000
		ub :    227.9373    27.0541    217.0925
		lb :    224.0627    16.9459    206.9075
		P^-1: 
			    0.9247    -0.2038    0.1280
			    -0.2038    0.1593    -0.0896
			    0.1280    -0.0896    0.1254
	==================================================================================
	Q3:
		Shape: Ellipse
		q_c:    215.0000    15.0000    217.5000
		ub :    221.6405    21.0383    222.7993
		lb :    208.3595    8.9617    212.2007
		P^-1: 
			    0.0649    -0.0113    -0.0115
			    -0.0113    0.0740    -0.0078
			    -0.0115    -0.0078    0.0737
	==================================================================================
	Q4:
		Shape: Polyhedra
		q_c:    220.5000    29.0000    224.5000
		ub :    227.5343    35.5505    231.9919
		lb :    213.4657    22.4495    217.0081
		A:
			    -0.6592    0.2755    -0.6997
			    -0.0152    -0.8539    0.5202
			    -0.9802    -0.0417    -0.1933
			    -0.9426    0.3338    0.0050
			    0.3163    -0.9436    -0.0978
			    0.2104    0.2644    0.9412
			    0.1563    0.7952    0.5858
			    -0.6080    0.5449    -0.5775
			    -0.7784    -0.2659    0.5686
			    -0.1563    -0.7952    -0.5858
			    0.6080    -0.5449    0.5775
			    0.7784    0.2659    -0.5686
		b:
			    -290.8927
			    92.9235
			    -256.2228
			    -192.5806
			    24.2248
			    269.3923
			    193.0327
			    -244.4021
			    -46.1980
			    -185.0327
			    251.4021
			    57.1980
	==================================================================================
	Q5:
		Shape: Polyhedra
		q_c:    229.0000    16.0000    213.5000
		ub :    236.3093    22.9273    221.1663
		lb :    221.6907    9.0727    205.8337
		A:
			    -0.3121    -0.5119    -0.8003
			    0.8584    0.3633    -0.3621
			    0.9097    0.3724    -0.1838
			    -0.6889    0.3463    0.6368
			    -0.3628    -0.4762    0.8010
			    -0.4505    0.8365    -0.3119
			    0.1778    0.9735    0.1441
			    0.8876    -0.0953    -0.4507
			    -0.4250    0.2081    -0.8809
			    -0.1778    -0.9735    -0.1441
			    -0.8876    0.0953    0.4507
			    0.4250    -0.2081    0.8809
		b:
			    -245.0511
			    129.8133
			    179.8135
			    -11.6040
			    85.4421
			    -150.9827
			    92.5574
			    109.9928
			    -276.5842
			    -81.5574
			    -100.9928
			    287.5842
	==================================================================================
	Q6:
		Shape: Ellipse
		q_c:    227.0000    24.5000    218.0000
		ub :    231.3487    29.9944    223.3692
		lb :    222.6513    19.0056    212.6308
		P^-1: 
			    0.1318    0.0063    0.0247
			    0.0063    0.0832    0.0331
			    0.0247    0.0331    0.1186


===========================================================================================
===========================================================================================
S4:
	q_c:    428.0000    417.0000    301.0000
	ub :    446.0000    435.0000    324.0000
	lb :    410.0000    399.0000    278.0000

	==================================================================================
	Q1:
		Shape: Ellipse
		q_c:    439.5000    406.0000    299.5000
		ub :    452.7763    419.6543    310.7362
		lb :    426.2237    392.3457    288.2638
		P^-1: 
			    0.0136    0.0029    0.0029
			    0.0029    0.0163    -0.0038
			    0.0029    -0.0038    0.0215
	==================================================================================
	Q2:
		Shape: Ellipse
		q_c:    419.5000    420.5000    303.5000
		ub :    425.7151    426.2563    311.3406
		lb :    413.2849    414.7437    295.6594
		P^-1: 
			    0.1770    0.2015    -0.0202
			    0.2015    0.2884    -0.0270
			    -0.0202    -0.0270    0.0205
	==================================================================================
	Q3:
		Shape: Polyhedra
		q_c:    424.5000    425.0000    289.0000
		ub :    433.9934    439.2482    299.9136
		lb :    415.0066    410.7518    278.0864
		A:
			    -0.5223    0.3025    0.7973
			    0.8875    -0.2391    0.3941
			    -0.3391    0.8240    0.4539
			    -0.5487    0.5178    0.6564
			    -0.1021    0.5989    0.7943
			    -0.0730    0.1003    -0.9923
			    0.8758    0.1289    0.4651
			    0.0468    0.9365    -0.3475
			    -0.4803    0.3261    0.8142
			    -0.8758    -0.1289    -0.4651
			    -0.0468    -0.9365    0.3475
			    0.4803    -0.3261    -0.8142
		b:
			    140.3430
			    397.9440
			    345.5860
			    181.1002
			    446.1689
			    -267.6446
			    569.4672
			    330.4279
			    173.0047
			    -552.4672
			    -304.4279
			    -167.0047
	==================================================================================
	Q4:
		Shape: Hybrid
		q_c:    439.5000    412.5000    311.5000
		ub :    448.5642    423.0964    320.6056
		lb :    430.4358    401.9036    302.3944
		P^-1: 
			    0.0228    0.0021    -0.0005
			    0.0021    0.0186    -0.0002
			    -0.0005    -0.0002    0.0178
		A:
			    0.6320    -0.2524    0.7327
			    0.9101    -0.1947    0.3657
			    -0.1324    0.8417    0.5235
			    0.3013    0.8547    -0.4226
			    -0.6135    0.6636    0.4281
			    0.7233    0.1585    -0.6721
		b:
			    405.9702
			    437.3641
			    456.2924
			    357.2039
			    141.6012
			    177.5512
	==================================================================================
	Q5:
		Shape: Hybrid
		q_c:    414.0000    422.5000    285.5000
		ub :    422.9867    432.9969    292.9303
		lb :    405.0133    412.0031    278.0697
		P^-1: 
			    0.0545    0.0185    -0.0151
			    0.0185    0.0284    0.0166
			    -0.0151    0.0166    0.0723
		A:
			    -0.6719    0.6344    0.3821
			    0.0451    0.6510    0.7577
			    0.5732    0.0157    0.8193
			    -0.2857    -0.9397    -0.1881
			    0.3310    0.3901    -0.8592
			    -0.3264    -0.4691    0.8206
		b:
			    104.3269
			    512.6405
			    482.0555
			    -564.4084
			    60.1274
			    -95.0731
	==================================================================================
	Q6:
		Shape: Hybrid
		q_c:    438.5000    429.0000    312.5000
		ub :    450.7153    441.9180    320.7917
		lb :    426.2847    416.0820    304.2083
		P^-1: 
			    0.0160    -0.0071    -0.0016
			    -0.0071    0.0188    -0.0065
			    -0.0016    -0.0065    0.0380
		A:
			    0.2211    -0.4857    0.8457
			    0.7221    -0.6767    0.1438
			    0.2760    -0.4240    0.8626
			    -0.4052    -0.4026    -0.8208
			    0.6418    -0.4064    -0.6503
			    -0.3649    0.4001    -0.8407
		b:
			    155.5058
			    75.1290
			    211.3882
			    -601.0696
			    -92.4106
			    -248.2109


===========================================================================================
===========================================================================================
S5:
	q_c:    124.0000    140.5000    379.0000
	ub :    144.0000    161.0000    409.0000
	lb :    104.0000    120.0000    349.0000

	==================================================================================
	Q1:
		Shape: Polyhedra
		q_c:    109.0000    160.5000    368.5000
		ub :    120.6421    172.3726    381.9893
		lb :    97.3579    148.6274    355.0107
		A:
			    0.7743    -0.2163    0.5947
			    0.7294    0.2474    0.6378
			    -0.0867    -0.9949    0.0511
			    0.2706    -0.9110    0.3112
			    -0.2176    -0.8946    -0.3903
			    0.6174    0.0350    -0.7859
			    0.7367    0.6752    0.0379
			    0.5982    -0.6768    0.4291
			    0.3154    -0.2934    -0.9025
			    -0.7367    -0.6752    -0.0379
			    -0.5982    0.6768    -0.4291
			    -0.3154    0.2934    0.9025
		b:
			    277.1688
			    361.4188
			    -143.4295
			    6.3706
			    -304.0254
			    -207.1181
			    206.6283
			    123.7115
			    -334.7774
			    -198.6283
			    -105.7115
			    355.7774
	==================================================================================
	Q2:
		Shape: Ellipse
		q_c:    146.5000    131.0000    374.5000
		ub :    160.8736    148.1429    384.6835
		lb :    132.1264    113.8571    364.3165
		P^-1: 
			    0.0074    0.0004    0.0007
			    0.0004    0.0109    -0.0152
			    0.0007    -0.0152    0.0434
	==================================================================================
	Q3:
		Shape: Polyhedra
		q_c:    139.0000    165.5000    395.5000
		ub :    152.6945    176.7677    406.7763
		lb :    125.3055    154.2323    384.2237
		A:
			    0.1977    0.2392    0.9506
			    -0.0286    0.3406    0.9398
			    -0.7154    -0.2889    0.6362
			    0.4837    0.7172    -0.5016
			    0.0538    0.9486    -0.3117
			    -0.1879    0.9787    -0.0826
			    0.3042    0.8292    0.4688
			    -0.1150    0.5205    -0.8460
			    -0.9456    0.2035    0.2538
			    -0.3042    -0.8292    -0.4688
			    0.1150    -0.5205    0.8460
			    0.9456    -0.2035    -0.2538
		b:
			    449.6347
			    431.3809
			    114.0769
			    -4.8576
			    47.6652
			    110.5905
			    371.9530
			    -258.4506
			    14.0883
			    -357.9530
			    270.4506
			    8.9117
	==================================================================================
	Q4:
		Shape: Ellipse
		q_c:    117.0000    131.0000    371.5000
		ub :    131.9787    148.2303    387.0545
		lb :    102.0213    113.7697    355.9455
		P^-1: 
			    0.0182    0.0119    -0.0068
			    0.0119    0.0168    -0.0059
			    -0.0068    -0.0059    0.0105
	==================================================================================
	Q5:
		Shape: Ellipse
		q_c:    139.5000    157.5000    364.0000
		ub :    151.9178    168.9862    370.0996
		lb :    127.0822    146.0138    357.9004
		P^-1: 
			    0.0269    0.0242    0.0131
			    0.0242    0.0397    0.0160
			    0.0131    0.0160    0.0633
	==================================================================================
	Q6:
		Shape: Polyhedra
		q_c:    126.5000    154.5000    396.0000
		ub :    138.2963    165.8144    406.0782
		lb :    114.7037    143.1856    385.9218
		A:
			    -0.0008    0.5336    -0.8458
			    -0.3960    0.3366    -0.8543
			    -0.3922    -0.2566    -0.8834
			    -0.8438    0.4634    -0.2709
			    -0.1837    -0.9782    -0.0966
			    0.5282    -0.7991    0.2873
			    0.6504    0.7591    0.0280
			    0.5498    -0.4449    -0.7069
			    -0.5242    0.4752    -0.7067
			    -0.6504    -0.7591    -0.0280
			    -0.5498    0.4449    0.7069
			    0.5242    -0.4752    0.7067
		b:
			    -246.6851
			    -331.0961
			    -432.4187
			    -136.2013
			    -205.7783
			    63.2057
			    217.1502
			    -270.1448
			    -267.7511
			    -204.1502
			    288.1448
			    277.7511


===========================================================================================
===========================================================================================
