3D_45_13_6_e                l = 3

===========================================================================================
===========================================================================================
S1:
	q_c:	129.0	263.0	274.5
	ub :	150.1547	284.7126	295.3297
	lb :	120.4877	244.6471	256.6281

	==================================================================================
	Q1:
		Shape: Polyhedra
		q_c:	129.5	257.5	273.5
		ub :	138.5123	259.6985	282.5613
		lb :	120.4877	255.3015	264.4387
		A:
			0.4262	0.9025	-0.062
			0.013	0.9992	-0.0385
			0.1744	-0.9337	0.3127
			0.2451	0.9265	-0.2854
			0.2039	0.9423	-0.2655
			-0.1664	0.9834	0.0719
			0.8339	0.0706	0.5473
			-0.5518	0.1152	0.826
			-0.0047	-0.9908	0.135
			-0.8339	-0.0706	-0.5473
			0.5518	-0.1152	-0.826
			0.0047	0.9908	-0.135
		b:
			273.5532
			249.6301
			-130.406
			194.3539
			198.2893
			253.344
			282.3737
			190.5931
			-217.82
			-269.3737
			-177.5931
			219.82
	==================================================================================
	Q2:
		Shape: Polyhedra
		q_c:	131.0	253.0	288.0
		ub :	138.5464	261.3529	295.3297
		lb :	123.4536	244.6471	280.6703
		A:
			-0.9427	0.2269	0.2447
			-0.1847	-0.1137	0.9762
			-0.9049	-0.3605	-0.2264
			0.6443	-0.1917	0.7404
			-0.9514	-0.0547	0.3031
			-0.8957	-0.4152	0.159
			0.3553	0.6575	0.6645
			0.3891	0.5424	-0.7446
			-0.85	0.5231	-0.0631
			-0.3553	-0.6575	-0.6645
			-0.3891	-0.5424	0.7446
			0.85	-0.5231	0.0631
		b:
			8.9916
			233.1821
			-270.1149
			253.8999
			-46.4761
			-171.7505
			409.2475
			-21.2687
			7.3106
			-399.2475
			31.2687
			1.6894
	==================================================================================
	Q3:
		Shape: Ellipse
		q_c:	135.5	252.0	283.5
		ub :	139.442	256.6773	288.007
		lb :	131.558	247.3227	278.993
		P^-1:
			0.1192	0.0127	0.0129
			0.0127	0.1312	0.0204
			0.0129	0.0204	0.1319
	==================================================================================
	Q4:
		Shape: Hybrid
		q_c:	144.5	276.0	282.5
		ub :	150.1547	284.7126	289.8144
		lb :	138.8453	267.2874	275.1856
		P^-1:
			0.0732	-0.0345	-0.0556
			-0.0345	0.0848	0.0986
			-0.0556	0.0986	0.157
		A:
			0.4049	-0.4602	-0.7901
			0.5549	0.8216	-0.1304
			-0.6977	0.1785	0.6938
			-0.579	-0.7947	-0.1821
			0.5084	0.8433	0.1741
			-0.6593	-0.6319	-0.4075
		b:
			-290.6198
			275.4397
			146.5558
			-350.1826
			359.8296
			-381.4166
	==================================================================================
	Q5:
		Shape: Polyhedra
		q_c:	138.0	259.5	287.5
		ub :	145.2567	265.3916	295.0048
		lb :	130.7433	253.6084	279.9952
		A:
			0.4478	-0.8236	0.3481
			0.9064	-0.0491	-0.4195
			0.676	0.4264	-0.6011
			-0.0253	-0.3616	0.932
			0.171	0.4515	-0.8757
			0.3854	0.9227	-0.0119
			0.6774	0.3112	0.6666
			-0.7152	0.0663	0.6958
			0.1723	-0.948	0.2675
			-0.6774	-0.3112	-0.6666
			0.7152	-0.0663	-0.6958
			-0.1723	0.948	-0.2675
		b:
			-47.6921
			-4.4182
			34.8415
			175.016
			-106.9665
			293.8399
			371.8811
			122.0554
			-141.314
			-359.8811
			-115.0554
			149.314
	==================================================================================
	Q6:
		Shape: Hybrid
		q_c:	133.5	254.5	263.0
		ub :	138.0545	260.738	269.3719
		lb :	128.9455	248.262	256.6281
		P^-1:
			0.3466	-0.1312	-0.1196
			-0.1312	0.1491	-0.0196
			-0.1196	-0.0196	0.1324
		A:
			0.8236	0.024	-0.5667
			0.9351	-0.3537	-0.0218
			0.5798	-0.703	0.4118
			-0.51	-0.5911	0.6249
			0.248	0.3121	-0.9171
			0.7606	-0.6446	0.0773
		b:
			-31.9453
			30.4323
			8.3049
			-52.2497
			-126.5235
			-41.1548


===========================================================================================
===========================================================================================
S2:
	q_c:	21.5	16.5	346.5
	ub :	42.1541	32.8634	365.761
	lb :	1.5066	-3.6924	326.0509

	==================================================================================
	Q1:
		Shape: Polyhedra
		q_c:	24.0	6.0	340.5
		ub :	34.542	15.6924	351.6862
		lb :	13.458	-3.6924	329.3138
		A:
			0.1192	0.786	0.6066
			-0.7	0.6402	0.3165
			0.9876	0.0595	-0.1454
			-0.0771	0.7821	0.6184
			-0.5445	0.8361	0.0665
			-0.2646	0.3183	0.9103
			0.6885	0.171	0.7048
			-0.4438	-0.6692	0.596
			0.5736	-0.7231	-0.3849
			-0.6885	-0.171	-0.7048
			0.4438	0.6692	-0.596
			-0.5736	0.7231	0.3849
		b:
			219.5526
			98.9183
			-18.8793
			218.2918
			19.2163
			311.3629
			264.0255
			196.7586
			-117.6205
			-251.0255
			-179.7586
			125.6205
	==================================================================================
	Q2:
		Shape: Hybrid
		q_c:	24.5	22.0	346.0
		ub :	30.8975	29.605	353.6406
		lb :	18.1025	14.395	338.3594
		P^-1:
			0.0478	-0.0018	-0.0059
			-0.0018	0.0205	0.0003
			-0.0059	0.0003	0.0251
		A:
			-0.7791	-0.1054	-0.6179
			0.6886	-0.388	-0.6126
			-0.4368	0.6803	-0.5886
			-0.3862	0.0283	0.922
			-0.9199	-0.262	-0.2916
			0.9608	0.2432	0.1328
		b:
			-231.593
			-200.6193
			-195.1251
			313.7852
			-126.0913
			77.6697
	==================================================================================
	Q3:
		Shape: Polyhedra
		q_c:	17.5	26.0	358.0
		ub :	25.783	30.7699	365.761
		lb :	9.217	21.2301	350.239
		A:
			0.3034	-0.1277	-0.9443
			-0.4264	-0.7916	0.4376
			0.8966	-0.3037	-0.3222
			-0.4302	0.3024	0.8506
			0.1516	0.3564	-0.9219
			0.1581	0.226	-0.9612
			0.8203	0.033	0.5709
			-0.5413	0.3672	0.7564
			-0.1847	-0.9296	0.3191
			-0.8203	-0.033	-0.5709
			0.5413	-0.3672	-0.7564
			0.1847	0.9296	-0.3191
		b:
			-332.1353
			132.2099
			-102.7657
			308.4497
			-313.9081
			-331.1686
			226.6125
			274.3789
			90.3402
			-212.6125
			-267.3789
			-83.3402
	==================================================================================
	Q4:
		Shape: Ellipse
		q_c:	35.5	29.5	346.5
		ub :	42.1541	32.8634	353.1126
		lb :	28.8459	26.1366	339.8874
		P^-1:
			0.0828	-0.0416	0.045
			-0.0416	0.2375	-0.0076
			0.045	-0.0076	0.0685
	==================================================================================
	Q5:
		Shape: Polyhedra
		q_c:	11.0	10.0	338.0
		ub :	20.4934	18.2614	346.2646
		lb :	1.5066	1.7386	329.7354
		A:
			0.7545	0.4601	0.468
			-0.8201	-0.1356	-0.5559
			0.1142	-0.8966	0.4279
			0.6912	-0.0328	0.7219
			-0.3826	-0.4647	-0.7986
			0.7034	0.5988	0.383
			0.5582	0.0803	0.8258
			-0.708	-0.4729	0.5245
			0.4327	-0.8774	-0.2071
			-0.5582	-0.0803	-0.8258
			0.708	0.4729	-0.5245
			-0.4327	0.8774	0.2071
		b:
			176.2038
			-193.4557
			142.6552
			255.8481
			-274.073
			148.5086
			290.5708
			171.2751
			-68.5114
			-281.5708
			-158.2751
			79.5114
	==================================================================================
	Q6:
		Shape: Polyhedra
		q_c:	14.5	15.5	331.0
		ub :	21.4986	21.012	335.9491
		lb :	7.5014	9.988	326.0509
		A:
			-0.3492	0.7879	0.5073
			0.5327	-0.7045	0.4689
			0.3076	0.8261	0.4722
			0.2528	-0.5339	0.8069
			-0.4768	0.2345	-0.8472
			-0.2764	0.0687	-0.9586
			0.1711	0.2622	0.9497
			-0.5171	0.8444	-0.1399
			-0.8386	-0.4672	0.28
			-0.1711	-0.2622	-0.9497
			0.5171	-0.8444	0.1399
			0.8386	0.4672	-0.28
		b:
			177.5421
			154.1484
			177.6456
			265.4435
			-280.9496
			-317.3054
			323.9093
			-38.7294
			79.7792
			-317.9093
			42.7294
			-66.7792


===========================================================================================
===========================================================================================
S3:
	q_c:	382.0	296.5	409.5
	ub :	402.143	311.0456	424.7674
	lb :	366.6382	277.1057	392.254

	==================================================================================
	Q1:
		Shape: Polyhedra
		q_c:	371.5	284.5	399.5
		ub :	376.3618	290.1166	404.658
		lb :	366.6382	278.8834	394.342
		A:
			-0.6862	0.5427	0.4844
			-0.3782	-0.879	-0.2905
			0.0906	-0.3181	-0.9437
			-0.2953	-0.6175	-0.729
			0.194	0.9764	0.095
			-0.4414	0.418	0.794
			0.7784	0.6157	0.1223
			0.3847	-0.6219	0.682
			0.496	-0.4839	-0.721
			-0.7784	-0.6157	-0.1223
			-0.3847	0.6219	-0.682
			-0.496	0.4839	0.721
		b:
			95.3561
			-504.0607
			-431.0999
			-574.1372
			390.9312
			274.2029
			515.7219
			243.4597
			-239.4394
			-510.7219
			-233.4597
			243.4394
	==================================================================================
	Q2:
		Shape: Polyhedra
		q_c:	386.5	297.0	418.5
		ub :	395.1413	305.0105	423.0962
		lb :	377.8587	288.9895	413.9038
		A:
			-0.0133	0.6862	0.7273
			0.3385	-0.6397	-0.6901
			-0.2581	-0.0294	-0.9657
			0.0652	0.529	-0.8461
			-0.6098	0.3071	-0.7307
			-0.9343	0.3463	0.0849
			0.1352	0.0126	0.9907
			-0.6445	0.7606	0.0782
			-0.7526	-0.6491	0.1109
			-0.1352	-0.0126	-0.9907
			0.6445	-0.7606	-0.0782
			0.7526	0.6491	-0.1109
		b:
			507.4795
			-343.8216
			-509.0568
			-167.1114
			-446.2696
			-217.5041
			474.109
			14.0592
			-430.2291
			-467.109
			-5.0592
			444.2291
	==================================================================================
	Q3:
		Shape: Ellipse
		q_c:	388.0	300.0	402.0
		ub :	398.1917	311.0456	411.746
		lb :	377.8083	288.9544	392.254
		P^-1:
			0.0236	-0.0044	-0.0036
			-0.0044	0.0263	0.0054
			-0.0036	0.0054	0.0213
	==================================================================================
	Q4:
		Shape: Ellipse
		q_c:	378.5	299.5	419.5
		ub :	383.083	305.9938	424.7674
		lb :	373.917	293.0062	414.2326
		P^-1:
			0.0999	-0.0024	-0.0141
			-0.0024	0.0287	0.0076
			-0.0141	0.0076	0.0919
	==================================================================================
	Q5:
		Shape: Polyhedra
		q_c:	381.5	297.0	406.0
		ub :	388.8718	306.6719	416.0163
		lb :	374.1282	287.3281	395.9837
		A:
			0.491	-0.2995	-0.818
			0.7306	-0.4489	-0.5145
			0.9029	-0.0676	0.4245
			-0.4645	0.5323	0.7078
			0.729	-0.6252	-0.2787
			0.5717	-0.8205	-0.0036
			0.3667	0.5883	0.7208
			0.9157	-0.0911	-0.3915
			-0.1646	0.8035	-0.5721
			-0.3667	-0.5883	-0.7208
			-0.9157	0.0911	0.3915
			0.1646	-0.8035	0.5721
		b:
			-228.8199
			-58.7136
			502.3163
			273.2352
			-15.3577
			-20.6011
			612.7317
			167.8225
			-48.9156
			-601.7317
			-158.8225
			63.9156
	==================================================================================
	Q6:
		Shape: Hybrid
		q_c:	395.5	285.0	404.0
		ub :	402.143	292.8943	410.9826
		lb :	388.857	277.1057	397.0174
		P^-1:
			0.0703	-0.0188	0.0047
			-0.0188	0.0504	0.0064
			0.0047	0.0064	0.0434
		A:
			0.5159	-0.0211	0.8564
			0.1491	-0.4069	-0.9012
			0.9043	0.4263	0.0203
			0.8073	-0.5896	0.025
			-0.6861	0.3868	-0.6161
			0.8663	0.4781	-0.1447
		b:
			546.6722
			-418.2925
			490.322
			163.1266
			-407.7262
			423.6155


===========================================================================================
===========================================================================================
S4:
	q_c:	136.0	437.0	100.5
	ub :	164.4008	452.5453	121.7217
	lb :	111.8498	414.4082	82.2328

	==================================================================================
	Q1:
		Shape: Ellipse
		q_c:	123.5	437.0	103.0
		ub :	135.1502	446.088	111.2594
		lb :	111.8498	427.912	94.7406
		P^-1:
			0.0475	0.1005	0.0687
			0.1005	0.2791	0.1843
			0.0687	0.1843	0.1416
	==================================================================================
	Q2:
		Shape: Ellipse
		q_c:	153.0	430.5	99.0
		ub :	164.4008	442.7729	111.28
		lb :	141.5992	418.2271	86.72
		P^-1:
			0.0165	-0.0004	-0.0011
			-0.0004	0.0202	-0.0034
			-0.0011	-0.0034	0.0203
	==================================================================================
	Q3:
		Shape: Hybrid
		q_c:	140.0	424.5	112.0
		ub :	149.7787	434.5918	121.7217
		lb :	130.2213	414.4082	102.2783
		P^-1:
			0.0227	0.0046	0.0024
			0.0046	0.0348	-0.0131
			0.0024	-0.0131	0.0374
		A:
			0.0652	-0.2235	0.9725
			0.6845	0.4124	0.6012
			-0.1075	0.9864	-0.1242
			-0.5962	0.7631	-0.2496
			0.5184	0.6746	-0.5255
			-0.3952	-0.8544	0.3375
		b:
			26.0177
			341.9503
			393.2908
			216.5513
			302.8685
			-377.489
	==================================================================================
	Q4:
		Shape: Hybrid
		q_c:	139.5	443.5	99.0
		ub :	150.6658	452.5453	109.0382
		lb :	128.3342	434.4547	88.9618
		P^-1:
			0.0309	-0.0094	-0.0167
			-0.0094	0.0446	-0.0085
			-0.0167	-0.0085	0.0344
		A:
			0.2621	0.7845	-0.5621
			0.1833	0.8543	-0.4864
			0.3232	-0.5358	0.78
			-0.8166	0.3463	0.4618
			0.6224	-0.6454	-0.4428
			0.5516	-0.7487	0.3677
		b:
			331.1621
			358.6454
			-111.3003
			87.7951
			-240.9612
			-215.5894
	==================================================================================
	Q5:
		Shape: Ellipse
		q_c:	154.5	446.5	88.0
		ub :	160.8956	451.4316	93.7672
		lb :	148.1044	441.5684	82.2328
		P^-1:
			0.0394	0.0089	0.0137
			0.0089	0.1356	-0.0384
			0.0137	-0.0384	0.0998
	==================================================================================
	Q6:
		Shape: Polyhedra
		q_c:	146.5	441.5	94.0
		ub :	150.0213	448.9768	102.3093
		lb :	142.9787	434.0232	85.6907
		A:
			-0.9294	-0.3648	0.0563
			-0.8425	0.4525	0.2923
			-0.7181	-0.5261	-0.4555
			0.8072	-0.4885	-0.3312
			-0.2257	0.8029	0.5518
			0.5661	0.7884	0.2406
			0.987	0.1597	0.0173
			0.0836	-0.6027	0.7936
			0.1372	-0.7818	-0.6082
			-0.987	-0.1597	-0.0173
			-0.0836	0.6027	-0.7936
			-0.1372	0.7818	0.6082
		b:
			-289.0167
			106.4637
			-377.6714
			-125.9245
			375.8144
			456.7949
			219.2506
			-170.7425
			-379.7457
			-214.2506
			187.7425
			384.7457


===========================================================================================
===========================================================================================
S5:
	q_c:	317.0	119.0	424.0
	ub :	342.0845	143.5938	442.0305
	lb :	297.4215	94.9619	403.0597

	==================================================================================
	Q1:
		Shape: Hybrid
		q_c:	328.5	115.0	436.5
		ub :	342.0845	129.0774	442.0305
		lb :	314.9155	100.9226	430.9695
		P^-1:
			0.0118	-0.0023	0.0056
			-0.0023	0.0115	-0.0099
			0.0056	-0.0099	0.0797
		A:
			0.2264	0.4927	-0.8402
			-0.7827	0.4183	-0.4609
			-0.0424	-0.5447	0.8376
			-0.9388	-0.3374	0.0693
			0.3002	-0.4613	0.8349
			0.6273	-0.2652	0.7323
		b:
			-231.5859
			-404.3029
			292.7955
			-308.7361
			413.1859
			499.5004
	==================================================================================
	Q2:
		Shape: Ellipse
		q_c:	325.0	111.5	410.5
		ub :	330.2557	118.3839	417.9403
		lb :	319.7443	104.6161	403.0597
		P^-1:
			0.0748	-0.0075	-0.0134
			-0.0075	0.0486	-0.0012
			-0.0134	-0.0012	0.0475
	==================================================================================
	Q3:
		Shape: Hybrid
		q_c:	311.0	103.5	427.0
		ub :	318.706	112.0381	434.9588
		lb :	303.294	94.9619	419.0412
		P^-1:
			0.0716	0.0128	0.0389
			0.0128	0.0335	0.0084
			0.0389	0.0084	0.0668
		A:
			0.2982	0.6097	-0.7344
			-0.6822	0.4259	-0.5944
			0.9847	0.0478	-0.1674
			-0.4569	-0.1276	-0.8803
			-0.0697	-0.9453	-0.3187
			0.6296	0.5241	0.5736
		b:
			-153.7827
			-419.2001
			243.1965
			-529.2811
			-251.6841
			496.9123
	==================================================================================
	Q4:
		Shape: Ellipse
		q_c:	317.0	132.5	412.5
		ub :	325.525	143.5938	421.8896
		lb :	308.475	121.4062	403.1104
		P^-1:
			0.0792	-0.0209	-0.066
			-0.0209	0.0239	0.0271
			-0.066	0.0271	0.0912
	==================================================================================
	Q5:
		Shape: Ellipse
		q_c:	307.5	108.5	420.5
		ub :	317.5785	116.3546	430.4677
		lb :	297.4215	100.6454	410.5323
		P^-1:
			0.0612	-0.0552	-0.0325
			-0.0552	0.0846	0.0478
			-0.0325	0.0478	0.0518
	==================================================================================
	Q6:
		Shape: Ellipse
		q_c:	324.5	126.0	416.5
		ub :	331.19	134.1509	424.7666
		lb :	317.81	117.8491	408.2334
		P^-1:
			0.2048	-0.1048	-0.1839
			-0.1048	0.0843	0.0989
			-0.1839	0.0989	0.2009


===========================================================================================
===========================================================================================
S6:
	q_c:	149.0	433.5	356.5
	ub :	162.9955	443.5936	370.3035
	lb :	138.9636	419.2804	346.205

	==================================================================================
	Q1:
		Shape: Ellipse
		q_c:	143.0	429.5	350.5
		ub :	146.5878	433.3649	354.795
		lb :	139.4122	425.6351	346.205
		P^-1:
			0.1111	-0.0	0.0
			-0.0	0.1111	-0.0
			0.0	-0.0	0.1111
	==================================================================================
	Q2:
		Shape: Hybrid
		q_c:	158.0	432.5	356.0
		ub :	162.9955	437.3578	360.7124
		lb :	153.0045	427.6422	351.2876
		P^-1:
			0.1666	0.0194	0.0891
			0.0194	0.0856	0.0245
			0.0891	0.0245	0.142
		A:
			0.1676	0.438	0.8832
			-0.8256	0.1673	-0.539
			-0.293	0.8107	-0.5068
			0.2377	-0.1212	0.9638
			0.0143	0.833	-0.5531
			0.8711	0.4178	0.258
		b:
			532.1575
			-248.7081
			126.3548
			330.1735
			168.3359
			411.7482
	==================================================================================
	Q3:
		Shape: Polyhedra
		q_c:	147.0	429.5	362.5
		ub :	150.6014	432.6192	366.9901
		lb :	143.3986	426.3808	358.0099
		A:
			-0.921	-0.301	-0.2473
			0.4236	0.9005	-0.0985
			-0.2459	-0.9678	0.0545
			0.395	0.2272	0.8901
			0.5877	-0.7591	0.2799
			-0.9244	-0.3145	-0.2156
			0.6382	0.7691	0.035
			0.647	-0.5604	0.5171
			0.4173	-0.3073	-0.8552
			-0.6382	-0.7691	-0.035
			-0.647	0.5604	-0.5171
			-0.4173	0.3073	0.8552
		b:
			-352.864
			414.4473
			-430.673
			481.2702
			-136.0495
			-347.7135
			437.834
			43.8717
			-376.6683
			-435.834
			-39.8717
			384.6683
	==================================================================================
	Q4:
		Shape: Ellipse
		q_c:	155.5	430.0	353.0
		ub :	156.9125	433.5637	356.5854
		lb :	154.0875	426.4363	349.4146
		P^-1:
			3.3802	-0.711	-1.1526
			-0.711	0.4551	0.4616
			-1.1526	0.4616	0.6908
	==================================================================================
	Q5:
		Shape: Hybrid
		q_c:	145.0	438.5	358.0
		ub :	151.0364	443.5936	364.4656
		lb :	138.9636	433.4064	351.5344
		P^-1:
			0.0526	-0.0006	0.0065
			-0.0006	0.1011	-0.0202
			0.0065	-0.0202	0.0693
		A:
			-0.008	0.6044	0.7967
			0.2858	-0.2593	0.9225
			-0.4207	0.7268	-0.5429
			-0.6999	0.3398	-0.6282
			-0.1868	0.6662	-0.722
			-0.993	-0.0962	-0.0692
		b:
			551.6431
			260.1386
			65.0457
			-175.159
			8.2405
			-208.0733
	==================================================================================
	Q6:
		Shape: Ellipse
		q_c:	148.0	428.0	362.0
		ub :	155.6512	436.7196	370.3035
		lb :	140.3488	419.2804	353.6965
		P^-1:
			0.0492	0.009	0.0115
			0.009	0.0381	0.0064
			0.0115	0.0064	0.0413


===========================================================================================
===========================================================================================
S7:
	q_c:	210.0	241.0	121.5
	ub :	231.4181	254.03	145.609
	lb :	192.4723	221.8518	108.2205

	==================================================================================
	Q1:
		Shape: Ellipse
		q_c:	208.5	229.0	138.5
		ub :	214.8085	236.1482	145.609
		lb :	202.1915	221.8518	131.391
		P^-1:
			0.1029	0.0551	0.0345
			0.0551	0.0852	0.0075
			0.0345	0.0075	0.0621
	==================================================================================
	Q2:
		Shape: Hybrid
		q_c:	215.0	237.0	118.5
		ub :	223.6688	246.4835	128.2743
		lb :	206.3312	227.5165	108.7257
		P^-1:
			0.0429	0.0043	-0.0124
			0.0043	0.0463	-0.0183
			-0.0124	-0.0183	0.0257
		A:
			0.8857	0.1247	-0.4472
			-0.2003	-0.9787	0.045
			-0.4873	-0.6533	0.5794
			0.8958	0.1665	-0.4122
			0.6698	0.3371	-0.6616
			0.7523	0.6456	-0.1316
		b:
			169.4809
			-266.2205
			-188.897
			185.6533
			148.0539
			302.2401
	==================================================================================
	Q3:
		Shape: Polyhedra
		q_c:	222.0	229.5	115.5
		ub :	228.9204	235.7391	122.7795
		lb :	215.0796	223.2609	108.2205
		A:
			-0.1027	0.8778	0.4679
			0.8276	-0.55	0.1118
			-0.1855	-0.5576	0.8091
			-0.535	-0.3975	0.7455
			-0.6158	0.7879	0.0073
			-0.4952	-0.325	0.8057
			0.6751	0.2916	0.6776
			0.1572	-0.9543	0.2541
			0.7208	-0.065	-0.6901
			-0.6751	-0.2916	-0.6776
			-0.1572	0.9543	-0.2541
			-0.7208	0.065	0.6901
		b:
			237.3801
			74.9264
			-71.6474
			-120.4856
			49.1827
			-88.0645
			301.0669
			-150.2683
			68.3972
			-289.0669
			159.2683
			-62.3972
	==================================================================================
	Q4:
		Shape: Ellipse
		q_c:	199.5	243.5	122.5
		ub :	206.5277	250.7733	125.9265
		lb :	192.4723	236.2267	119.0735
		P^-1:
			0.0511	0.0028	-0.037
			0.0028	0.0415	0.0266
			-0.037	0.0266	0.2399
	==================================================================================
	Q5:
		Shape: Ellipse
		q_c:	205.0	237.0	127.5
		ub :	213.246	241.097	135.3966
		lb :	196.754	232.903	119.6034
		P^-1:
			0.086	-0.2341	-0.0685
			-0.2341	0.8671	0.2387
			-0.0685	0.2387	0.0952
	==================================================================================
	Q6:
		Shape: Polyhedra
		q_c:	224.5	248.0	125.0
		ub :	231.4181	254.03	132.2341
		lb :	217.5819	241.97	117.7659
		A:
			-0.5649	0.5974	-0.5692
			0.3163	0.7351	-0.5997
			-0.4002	-0.2205	0.8895
			0.2663	-0.2557	0.9294
			-0.7657	0.5733	-0.2915
			0.3545	0.1208	0.9272
			0.5983	0.1761	0.7817
			-0.1774	-0.9223	0.3435
			0.7814	-0.3441	-0.5206
			-0.5983	-0.1761	-0.7817
			0.1774	0.9223	-0.3435
			-0.7814	0.3441	0.5206
		b:
			-45.5347
			182.4103
			-28.9876
			116.9199
			-61.7666
			229.9251
			280.1967
			-221.6007
			29.4979
			-271.1967
			229.6007
			-20.4979


===========================================================================================
===========================================================================================
S8:
	q_c:	234.0	155.0	339.0
	ub :	250.189	169.397	354.5216
	lb :	223.4054	141.0341	322.8615

	==================================================================================
	Q1:
		Shape: Polyhedra
		q_c:	238.0	161.5	332.5
		ub :	241.6049	165.7377	335.1484
		lb :	234.3951	157.2623	329.8516
		A:
			-0.3275	0.0085	0.9448
			0.4354	-0.2875	0.8531
			-0.3717	-0.5963	-0.7115
			-0.3958	-0.0209	0.9181
			-0.7857	-0.1138	-0.6081
			-0.9906	0.0984	0.0945
			0.8629	0.3311	0.3819
			-0.2948	-0.284	0.9124
			0.4106	-0.8998	-0.1474
			-0.8629	-0.3311	-0.3819
			0.2948	0.284	-0.9124
			-0.4106	0.8998	0.1474
		b:
			239.3168
			342.8109
			-418.9484
			209.4407
			-405.5617
			-186.0042
			387.8107
			188.8334
			-93.1373
			-383.8107
			-185.8334
			100.1373
	==================================================================================
	Q2:
		Shape: Ellipse
		q_c:	233.5	156.5	337.0
		ub :	237.289	160.8708	339.293
		lb :	229.711	152.1292	334.707
		P^-1:
			0.1454	-0.0303	-0.0034
			-0.0303	0.0971	-0.0115
			-0.0034	-0.0115	0.2491
	==================================================================================
	Q3:
		Shape: Ellipse
		q_c:	233.5	158.5	329.5
		ub :	240.2713	165.2885	336.1385
		lb :	226.7287	151.7115	322.8615
		P^-1:
			0.0397	-0.0089	-0.014
			-0.0089	0.0543	0.0102
			-0.014	0.0102	0.0701
	==================================================================================
	Q4:
		Shape: Polyhedra
		q_c:	244.0	162.0	347.5
		ub :	250.189	169.2513	354.5216
		lb :	237.811	154.7487	340.4784
		A:
			0.3626	-0.8527	-0.3761
			0.9481	-0.3168	0.0275
			0.8898	0.0273	-0.4555
			0.9197	0.0392	-0.3907
			0.6576	-0.3667	-0.658
			0.6276	0.7233	-0.288
			0.2735	0.6374	0.7203
			-0.8403	-0.206	0.5014
			0.468	-0.7425	0.4793
			-0.2735	-0.6374	-0.7203
			0.8403	0.206	-0.5014
			-0.468	0.7425	-0.4793
		b:
			-175.7896
			193.9414
			66.3702
			98.1381
			-124.0837
			173.8832
			424.3238
			-61.1853
			165.9506
			-416.3238
			67.1853
			-154.9506
	==================================================================================
	Q5:
		Shape: Hybrid
		q_c:	230.0	161.5	343.0
		ub :	236.5946	169.397	350.7108
		lb :	223.4054	153.603	335.2892
		P^-1:
			0.0477	-0.0025	-0.006
			-0.0025	0.049	-0.016
			-0.006	-0.016	0.0429
		A:
			-0.5556	0.6621	-0.503
			0.4605	-0.5777	0.6739
			-0.5892	0.8042	0.0785
			0.3593	0.9221	-0.1435
			-0.8373	0.5266	-0.1467
			-0.585	-0.5167	0.6252
		b:
			-191.117
			246.1034
			23.9171
			185.0248
			-155.4071
			-1.4371
	==================================================================================
	Q6:
		Shape: Hybrid
		q_c:	244.5	144.5	335.0
		ub :	249.8283	147.9659	340.9341
		lb :	239.1717	141.0341	329.0659
		P^-1:
			0.0554	0.0469	0.0154
			0.0469	0.3925	0.1269
			0.0154	0.1269	0.0859
		A:
			0.0549	0.8631	0.502
			-0.4054	-0.9122	-0.0599
			0.5995	0.7988	-0.0514
			0.2885	0.1191	0.95
			-0.1616	-0.9845	-0.0687
			0.2329	0.9669	0.1044
		b:
			307.3123
			-249.4872
			246.9952
			409.7445
			-203.538
			232.7866


===========================================================================================
===========================================================================================
S9:
	q_c:	57.5	44.5	476.0
	ub :	78.02	59.3592	493.0457
	lb :	45.3663	26.2054	455.4587

	==================================================================================
	Q1:
		Shape: Hybrid
		q_c:	68.5	41.5	479.5
		ub :	78.02	50.9365	487.8054
		lb :	58.98	32.0635	471.1946
		P^-1:
			0.0318	0.0078	0.0025
			0.0078	0.0326	-0.0024
			0.0025	-0.0024	0.0392
		A:
			-0.1061	-0.9383	0.3291
			0.7128	0.1224	-0.6906
			-0.6666	-0.717	-0.2038
			0.0787	0.1973	0.9772
			0.4065	-0.198	-0.8919
			-0.093	-0.2324	-0.9682
		b:
			114.5028
			-274.184
			-170.6128
			484.7803
			-404.9486
			-477.5976
	==================================================================================
	Q2:
		Shape: Polyhedra
		q_c:	56.0	45.0	466.5
		ub :	66.6337	54.7768	477.5413
		lb :	45.3663	35.2232	455.4587
		A:
			0.2278	-0.7639	0.6038
			-0.4975	0.8582	-0.1265
			0.9058	-0.365	-0.2153
			-0.1381	-0.7666	-0.6272
			-0.5613	-0.587	0.5834
			0.2952	0.1545	0.9429
			0.9018	0.3055	0.3057
			0.152	-0.8863	0.4375
			0.4046	-0.3481	-0.8457
			-0.9018	-0.3055	-0.3057
			-0.152	0.8863	-0.4375
			-0.4046	0.3481	0.8457
		b:
			265.6708
			-42.2895
			-58.8979
			-327.5554
			220.906
			470.6506
			214.3366
			178.2343
			-380.0109
			-199.3366
			-167.2343
			395.0109
	==================================================================================
	Q3:
		Shape: Polyhedra
		q_c:	49.5	36.5	476.5
		ub :	53.5076	39.5818	478.6319
		lb :	45.4924	33.4182	474.3681
		A:
			0.3981	-0.4982	-0.7703
			-0.583	-0.2371	0.7771
			0.0409	-0.9991	0.005
			-0.7997	-0.507	0.3217
			-0.1731	-0.6551	0.7354
			-0.4525	-0.1998	0.8691
			0.2349	0.9364	0.2607
			0.2528	0.2001	-0.9466
			-0.9386	0.2882	-0.1897
			-0.2349	-0.9364	-0.2607
			-0.2528	-0.2001	0.9466
			0.9386	-0.2882	0.1897
		b:
			-363.6348
			334.3119
			-29.8896
			97.5091
			319.3582
			385.6393
			172.0336
			-430.2368
			-122.8256
			-168.0336
			432.2368
			129.8256
	==================================================================================
	Q4:
		Shape: Ellipse
		q_c:	55.0	52.0	469.0
		ub :	62.145	59.3592	474.9385
		lb :	47.855	44.6408	463.0615
		P^-1:
			0.0384	0.0172	-0.0313
			0.0172	0.0579	-0.0478
			-0.0313	-0.0478	0.1245
	==================================================================================
	Q5:
		Shape: Hybrid
		q_c:	65.0	34.5	481.0
		ub :	69.5493	42.7946	489.3742
		lb :	60.4507	26.2054	472.6258
		P^-1:
			0.0623	0.0005	-0.002
			0.0005	0.0313	-0.0082
			-0.002	-0.0082	0.0325
		A:
			0.0537	0.2614	-0.9637
			-0.7124	-0.7017	0.0143
			-0.7906	-0.5973	0.1349
			0.4812	-0.4503	0.7521
			0.9742	-0.206	-0.0919
			0.4237	-0.8784	0.2211
		b:
			-447.6916
			-60.6662
			-4.486
			380.4208
			14.1687
			106.8535
	==================================================================================
	Q6:
		Shape: Hybrid
		q_c:	59.0	36.5	485.5
		ub :	64.2614	44.5196	493.0457
		lb :	53.7386	28.4804	477.9543
		P^-1:
			0.0678	0.0256	0.0323
			0.0256	0.0653	0.0585
			0.0323	0.0585	0.0966
		A:
			0.1567	0.6074	0.7788
			0.9618	-0.131	0.2402
			0.6049	0.3999	0.6886
			0.484	-0.4378	-0.7577
			-0.1411	-0.9828	0.1188
			-0.6759	-0.5218	-0.5205
		b:
			410.9482
			171.6811
			386.1029
			-352.6053
			18.3619
			-310.0386


===========================================================================================
===========================================================================================
S10:
	q_c:	131.0	298.0	91.0
	ub :	140.0382	309.5029	100.7914
	lb :	122.5218	290.6557	83.0794

	==================================================================================
	Q1:
		Shape: Ellipse
		q_c:	132.0	304.5	95.5
		ub :	136.3974	309.5029	99.2254
		lb :	127.6026	299.4971	91.7746
		P^-1:
			0.109	0.0059	-0.0115
			0.0059	0.095	0.0249
			-0.0115	0.0249	0.1487
	==================================================================================
	Q2:
		Shape: Hybrid
		q_c:	135.5	298.0	88.0
		ub :	138.3925	301.0528	90.9134
		lb :	132.6075	294.9472	85.0866
		P^-1:
			0.3448	0.0951	0.0202
			0.0951	0.3453	0.0203
			0.0202	0.0203	0.2543
		A:
			-0.903	-0.2683	-0.3357
			-0.2667	0.8739	-0.4065
			0.7788	0.5061	-0.3705
			0.0237	0.9924	-0.1208
			-0.561	-0.4766	0.6769
			0.981	-0.0349	-0.1906
		b:
			-230.9485
			189.6912
			224.6553
			289.3398
			-157.4086
			106.8148
	==================================================================================
	Q3:
		Shape: Ellipse
		q_c:	131.5	304.0	95.0
		ub :	135.8657	308.0239	98.2177
		lb :	127.1343	299.9761	91.7823
		P^-1:
			0.1458	0.0133	-0.0455
			0.0133	0.1489	0.0252
			-0.0455	0.0252	0.2264
	==================================================================================
	Q4:
		Shape: Hybrid
		q_c:	127.5	298.0	86.5
		ub :	131.3567	302.007	89.9206
		lb :	123.6433	293.993	83.0794
		P^-1:
			0.0879	-0.0079	0.0309
			-0.0079	0.0915	-0.0387
			0.0309	-0.0387	0.2339
		A:
			-0.5555	0.5273	0.643
			-0.1506	0.3949	-0.9063
			0.3652	0.3821	0.8489
			-0.5924	0.6677	-0.4509
			-0.9421	-0.3177	-0.1075
			-0.6164	0.4816	-0.623
		b:
			144.2457
			21.1322
			235.5374
			86.2992
			-221.6437
			12.6085
	==================================================================================
	Q5:
		Shape: Hybrid
		q_c:	137.0	294.0	95.5
		ub :	140.0382	297.3443	98.8127
		lb :	133.9618	290.6557	92.1873
		P^-1:
			0.7189	0.1653	0.3725
			0.1653	0.2082	0.1168
			0.3725	0.1168	0.344
		A:
			0.5526	0.7582	-0.346
			0.1594	-0.9472	-0.2782
			0.8029	0.0767	0.5912
			0.4038	0.2943	0.8662
			0.6933	0.2861	0.6615
			-0.365	-0.4899	-0.7917
		b:
			267.6607
			-281.2666
			189.6139
			225.8286
			242.8908
			-268.3882
	==================================================================================
	Q6:
		Shape: Polyhedra
		q_c:	127.5	301.5	96.0
		ub :	132.4782	306.1202	100.7914
		lb :	122.5218	296.8798	91.2086
		A:
			-0.4272	-0.686	0.5891
			0.8007	-0.5134	-0.3087
			0.1127	-0.5817	0.8056
			0.1779	0.9482	-0.2633
			-0.3326	0.8447	0.4194
			0.315	0.0061	0.9491
			0.7257	0.65	0.2255
			0.659	-0.7509	0.0436
			0.1977	0.117	-0.9733
			-0.7257	-0.65	-0.2255
			-0.659	0.7509	-0.0436
			-0.1977	-0.117	0.9733
		b:
			-201.0055
			-79.5044
			-80.0751
			286.5388
			255.4548
			136.9308
			313.6572
			-135.6704
			-28.954
			-306.6572
			140.6704
			36.954


===========================================================================================
===========================================================================================
S11:
	q_c:	126.5	57.0	283.5
	ub :	140.4498	74.7774	305.8405
	lb :	106.5901	44.18	266.2182

	==================================================================================
	Q1:
		Shape: Hybrid
		q_c:	123.5	50.5	277.0
		ub :	128.5906	56.82	282.2229
		lb :	118.4094	44.18	271.7771
		P^-1:
			0.0529	0.0035	0.0138
			0.0035	0.0376	0.0179
			0.0138	0.0179	0.103
		A:
			-0.1916	0.1099	-0.9753
			0.2491	-0.1565	-0.9557
			-0.9583	-0.0676	-0.2778
			-0.9154	-0.3995	-0.0505
			-0.8936	0.1659	0.4172
			-0.5186	0.3271	-0.79
		b:
			-286.3667
			-239.9626
			-196.0394
			-144.2269
			16.5196
			-263.8675
	==================================================================================
	Q2:
		Shape: Hybrid
		q_c:	128.0	53.5	274.5
		ub :	132.8117	59.6106	282.7818
		lb :	123.1883	47.3894	266.2182
		P^-1:
			0.1455	0.0056	-0.0421
			0.0056	0.0479	0.0051
			-0.0421	0.0051	0.0364
		A:
			0.7341	0.6765	-0.0575
			0.7459	0.6568	-0.1106
			-0.7515	-0.6577	-0.0514
			-0.1052	0.9872	-0.1203
			-0.2965	-0.5701	0.7662
			-0.8107	0.283	0.5125
		b:
			116.6859
			102.4725
			-143.0669
			10.0184
			146.2798
			53.8068
	==================================================================================
	Q3:
		Shape: Polyhedra
		q_c:	131.5	60.0	282.0
		ub :	136.8796	64.7532	287.2701
		lb :	126.1204	55.2468	276.7299
		A:
			0.8702	-0.4463	0.2086
			-0.6257	0.218	-0.749
			-0.1291	0.92	-0.3701
			-0.7795	-0.183	-0.5991
			0.9125	-0.0663	0.4038
			0.0439	0.8374	-0.5448
			0.6883	0.7058	0.1676
			0.5205	-0.6415	0.5635
			0.5053	-0.3006	-0.8089
			-0.6883	-0.7058	-0.1676
			-0.5205	0.6415	-0.5635
			-0.5053	0.3006	0.8089
		b:
			149.1651
			-278.0467
			-63.8521
			-279.7338
			232.4206
			-95.1454
			183.1353
			190.871
			-175.2088
			-177.1353
			-186.871
			184.2088
	==================================================================================
	Q4:
		Shape: Polyhedra
		q_c:	118.0	67.0	294.5
		ub :	129.4099	74.7774	305.8405
		lb :	106.5901	59.2226	283.1595
		A:
			-0.15	0.0368	-0.988
			0.0038	-0.3174	-0.9483
			-0.723	-0.1854	-0.6655
			0.0018	-0.8758	-0.4826
			-0.6762	-0.2346	0.6984
			0.2706	0.945	0.1839
			0.6049	0.4732	0.6404
			-0.7124	-0.0376	0.7007
			0.3557	-0.8801	0.3144
			-0.6049	-0.4732	-0.6404
			0.7124	0.0376	-0.7007
			-0.3557	0.8801	-0.3144
		b:
			-299.3483
			-292.9097
			-287.3457
			-194.4635
			118.0809
			155.2841
			298.1901
			127.7806
			80.5827
			-285.1901
			-111.7806
			-70.5827
	==================================================================================
	Q5:
		Shape: Polyhedra
		q_c:	135.5	54.5	288.5
		ub :	140.4498	58.8194	293.433
		lb :	130.5502	50.1806	283.567
		A:
			0.1414	0.5428	0.8279
			-0.2297	0.8343	0.5011
			0.2019	-0.8064	-0.5559
			-0.5795	0.6911	-0.432
			0.4836	0.7348	-0.4756
			0.1865	0.2587	-0.9478
			0.0078	0.8096	0.587
			-0.3316	0.5559	-0.7623
			-0.9434	-0.1887	0.2728
			-0.0078	-0.8096	-0.587
			0.3316	-0.5559	0.7623
			0.9434	0.1887	-0.2728
		b:
			289.8627
			161.0802
			-174.8569
			-162.0493
			-27.9804
			-230.5698
			216.5228
			-231.0483
			-55.4125
			-212.5228
			238.0483
			63.4125
	==================================================================================
	Q6:
		Shape: Ellipse
		q_c:	119.0	56.5	283.0
		ub :	127.618	63.8753	290.6381
		lb :	110.382	49.1247	275.3619
		P^-1:
			0.0377	0.0191	-0.0021
			0.0191	0.0636	0.0175
			-0.0021	0.0175	0.0533


===========================================================================================
===========================================================================================
S12:
	q_c:	183.0	228.5	275.5
	ub :	199.0349	240.3638	289.1522
	lb :	170.3707	221.5466	265.0579

	==================================================================================
	Q1:
		Shape: Ellipse
		q_c:	190.5	227.5	280.0
		ub :	194.9786	232.5359	284.3158
		lb :	186.0214	222.4641	275.6842
		P^-1:
			0.1146	0.0071	0.0164
			0.0071	0.1254	0.0347
			0.0164	0.0347	0.1128
	==================================================================================
	Q2:
		Shape: Ellipse
		q_c:	190.5	233.0	280.0
		ub :	193.9577	237.7704	284.2206
		lb :	187.0423	228.2296	275.7794
		P^-1:
			0.1533	-0.0191	-0.0108
			-0.0191	0.1058	-0.0308
			-0.0108	-0.0308	0.1425
	==================================================================================
	Q3:
		Shape: Polyhedra
		q_c:	179.5	227.5	283.0
		ub :	185.143	233.4534	289.1522
		lb :	173.857	221.5466	276.8478
		A:
			-0.6806	-0.6477	-0.3425
			-0.8546	0.3586	0.3756
			0.1425	-0.9112	-0.3865
			0.555	0.54	0.6327
			0.6542	-0.3418	-0.6747
			0.8962	-0.2694	0.3526
			0.5246	0.6648	0.5318
			0.8421	-0.3133	-0.4391
			-0.1253	0.6782	-0.7241
			-0.5246	-0.6648	-0.5318
			-0.8421	0.3133	0.4391
			0.1253	-0.6782	0.7241
		b:
			-362.9085
			38.4862
			-287.4243
			405.0401
			-147.294
			203.1018
			399.4149
			-40.3875
			-69.6206
			-392.4149
			48.3875
			76.6206
	==================================================================================
	Q4:
		Shape: Polyhedra
		q_c:	182.0	233.5	271.0
		ub :	187.7517	237.9209	276.9421
		lb :	176.2483	229.0791	265.0579
		A:
			0.1551	0.9154	0.3714
			-0.8985	-0.0871	0.4302
			0.787	-0.1027	0.6084
			0.5594	0.8152	-0.1503
			0.376	0.7876	0.4882
			-0.4564	-0.4127	-0.7882
			0.6402	0.7222	0.2621
			0.6404	-0.6901	0.3373
			0.4244	-0.0481	-0.9042
			-0.6402	-0.7222	-0.2621
			-0.6404	0.6901	-0.3373
			-0.4244	0.0481	0.9042
		b:
			345.3775
			-63.3914
			287.5757
			253.9711
			387.0558
			-389.955
			358.156
			50.8215
			-174.5193
			-354.156
			-42.8215
			183.5193
	==================================================================================
	Q5:
		Shape: Ellipse
		q_c:	175.5	231.0	275.0
		ub :	180.6293	236.0252	280.5364
		lb :	170.3707	225.9748	269.4636
		P^-1:
			0.1363	0.0029	-0.076
			0.0029	0.2806	-0.1826
			-0.076	-0.1826	0.2206
	==================================================================================
	Q6:
		Shape: Polyhedra
		q_c:	193.0	234.0	279.5
		ub :	199.0349	240.3638	284.5954
		lb :	186.9651	227.6362	274.4046
		A:
			-0.3613	0.1812	-0.9147
			0.1165	0.9886	0.0955
			-0.0394	-0.2448	0.9688
			-0.8717	-0.486	0.0619
			0.3575	-0.109	0.9275
			-0.6619	-0.6829	-0.3091
			0.6549	0.2697	0.706
			-0.6392	0.696	0.3271
			-0.4031	-0.6655	0.6282
			-0.6549	-0.2697	-0.706
			0.6392	-0.696	-0.3271
			0.4031	0.6655	-0.6282
		b:
			-280.6249
			284.6306
			208.7003
			-261.8346
			305.0413
			-371.4874
			388.823
			136.407
			-54.9362
			-384.823
			-125.407
			60.9362


===========================================================================================
===========================================================================================
S13:
	q_c:	244.0	157.5	264.5
	ub :	264.2748	168.5556	278.2779
	lb :	223.2064	137.7651	250.5707

	==================================================================================
	Q1:
		Shape: Hybrid
		q_c:	251.0	154.5	259.0
		ub :	260.1182	162.6718	266.6022
		lb :	241.8818	146.3282	251.3978
		P^-1:
			0.0275	0.0062	-0.0032
			0.0062	0.0369	0.0016
			-0.0032	0.0016	0.0392
		A:
			0.9016	-0.4307	-0.0399
			-0.0902	-0.332	0.9389
			0.1864	-0.1656	-0.9684
			0.0786	-0.6963	-0.7134
			-0.1691	0.8486	0.5013
			0.1064	-0.4496	-0.8869
		b:
			153.3398
			171.8726
			-227.1265
			-270.0526
			221.2737
			-269.9452
	==================================================================================
	Q2:
		Shape: Hybrid
		q_c:	231.0	162.5	268.5
		ub :	238.7936	168.5556	273.427
		lb :	223.2064	156.4444	263.573
		P^-1:
			0.0298	0.027	0.0057
			0.027	0.0982	0.0114
			0.0057	0.0114	0.066
		A:
			-0.0826	-0.9961	0.0295
			-0.3353	-0.8939	0.2976
			0.0169	-0.8963	0.4432
			0.2762	0.3766	0.8842
			-0.1288	-0.9761	0.175
			-0.3024	0.618	-0.7257
		b:
			-171.0735
			-140.9724
			-20.3162
			364.5524
			-139.4475
			-161.0303
	==================================================================================
	Q3:
		Shape: Ellipse
		q_c:	247.5	162.0	271.5
		ub :	253.3116	167.8641	278.2779
		lb :	241.6884	156.1359	264.7221
		P^-1:
			0.2157	-0.1596	-0.0065
			-0.1596	0.2812	0.1236
			-0.0065	0.1236	0.128
	==================================================================================
	Q4:
		Shape: Polyhedra
		q_c:	255.5	145.5	264.0
		ub :	264.2748	153.2349	273.0455
		lb :	246.7252	137.7651	254.9545
		A:
			-0.7594	-0.3692	0.5357
			0.695	-0.6481	0.3114
			-0.0837	-0.2004	-0.9761
			0.6213	0.6495	0.4384
			0.8299	-0.0241	0.5573
			0.4376	-0.1532	0.886
			0.7408	0.0029	0.6717
			-0.6597	0.1918	0.7267
			-0.1267	-0.9814	0.144
			-0.7408	-0.0029	-0.6717
			0.6597	-0.1918	-0.7267
			0.1267	0.9814	-0.144
		b:
			-99.5516
			171.118
			-302.3921
			374.4117
			360.2477
			328.3509
			371.5326
			58.2098
			-130.6537
			-362.5326
			-44.2098
			143.6537
