3D_40_7_6_d                l = 3

===========================================================================================
===========================================================================================
S1:
	q_c:	40.0	439.5	391.0
	ub :	59.2562	456.0881	405.215
	lb :	24.035	416.436	363.352

	==================================================================================
	Q1:
		Shape: Hybrid
		q_c:	50.5	437.0	385.5
		ub :	59.2562	444.4323	394.1924
		lb :	41.7438	429.5677	376.8076
		P^-1:
			0.024	0.0037	0.012
			0.0037	0.034	0.003
			0.012	0.003	0.0422
		A:
			-0.268	-0.3929	0.8797
			0.4807	-0.2933	-0.8264
			-0.5428	-0.7932	-0.2759
			0.1748	0.219	0.9599
			0.5133	0.8343	-0.2015
			0.8845	0.064	0.4621
		b:
			157.5899
			-418.0645
			-477.4412
			477.1504
			316.436
			254.2251
	==================================================================================
	Q2:
		Shape: Polyhedra
		q_c:	34.5	446.0	394.0
		ub :	42.8012	456.0881	405.215
		lb :	26.1988	435.9119	382.785
		A:
			0.6833	0.3194	-0.6566
			0.5456	-0.0901	0.8332
			-0.7252	0.4876	-0.4862
			0.9105	-0.2241	0.3476
			-0.7977	-0.6004	-0.0571
			-0.1201	0.6786	-0.7246
			0.1183	0.8945	0.4311
			-0.0704	0.4406	-0.8949
			-0.9905	0.0755	0.1151
			-0.1183	-0.8945	-0.4311
			0.0704	-0.4406	0.8949
			0.9905	-0.0755	-0.1151
		b:
			-84.9579
			314.9155
			8.6403
			75.759
			-310.9565
			21.397
			579.3837
			-150.0324
			51.8769
			-566.3837
			167.0324
			-37.8769
	==================================================================================
	Q3:
		Shape: Hybrid
		q_c:	32.0	445.0	379.0
		ub :	39.7763	452.079	384.7892
		lb :	24.2237	437.921	373.2108
		P^-1:
			0.0321	0.0121	0.0112
			0.0121	0.0662	-0.023
			0.0112	-0.023	0.099
		A:
			-0.219	0.8492	0.4805
			-0.1693	0.5588	-0.8118
			-0.6313	0.4366	-0.6409
			0.0988	-0.5702	0.8155
			0.0582	-0.9434	0.3264
			-0.3576	-0.7536	0.5515
		b:
			556.6742
			-62.7935
			-65.8692
			60.0873
			-291.8452
			-135.7883
	==================================================================================
	Q4:
		Shape: Polyhedra
		q_c:	47.0	442.0	376.5
		ub :	53.7074	447.0026	383.5125
		lb :	40.2926	436.9974	369.4875
		A:
			0.3958	0.9108	0.1174
			0.5308	0.842	0.0965
			0.2856	0.6361	-0.7168
			0.7469	0.6009	-0.2848
			0.7437	0.4719	-0.4735
			-0.3243	-0.5459	0.7726
			0.1362	0.926	0.3521
			0.7303	0.1463	-0.6673
			-0.6695	0.3481	-0.6563
			-0.1362	-0.926	-0.3521
			-0.7303	-0.1463	0.6673
			0.6695	-0.3481	0.6563
		b:
			468.6009
			436.8225
			29.0039
			197.5913
			69.5907
			38.762
			551.2617
			-147.7572
			-120.2082
			-545.2617
			156.7572
			129.2082
	==================================================================================
	Q5:
		Shape: Ellipse
		q_c:	42.0	429.0	373.5
		ub :	51.5312	436.1596	383.0424
		lb :	32.4688	421.8404	363.9576
		P^-1:
			0.0271	-0.0015	0.0034
			-0.0015	0.0326	-0.0004
			0.0034	-0.0004	0.019
	==================================================================================
	Q6:
		Shape: Ellipse
		q_c:	33.0	427.5	375.5
		ub :	41.965	438.564	387.648
		lb :	24.035	416.436	363.352
		P^-1:
			0.0665	0.0422	0.018
			0.0422	0.0526	0.0215
			0.018	0.0215	0.0235


===========================================================================================
===========================================================================================
S2:
	q_c:	74.5	326.5	30.0
	ub :	87.7757	345.4751	49.1895
	lb :	50.6297	304.1128	6.4621

	==================================================================================
	Q1:
		Shape: Ellipse
		q_c:	72.5	337.5	17.0
		ub :	80.8357	345.4751	25.2155
		lb :	64.1643	329.5249	8.7845
		P^-1:
			0.0395	0.0034	-0.0091
			0.0034	0.0509	-0.0132
			-0.0091	-0.0132	0.0399
	==================================================================================
	Q2:
		Shape: Polyhedra
		q_c:	59.0	315.0	30.5
		ub :	67.3703	322.9573	37.5404
		lb :	50.6297	307.0427	23.4596
		A:
			0.5372	-0.7958	0.2796
			-0.5987	0.7719	0.2138
			0.9392	-0.0462	0.3403
			0.9197	0.2478	-0.3044
			-0.9219	-0.3772	0.0884
			-0.7401	0.3174	0.5929
			0.5569	0.1756	0.8118
			-0.5902	-0.604	0.5356
			0.5844	-0.7774	-0.2327
			-0.5569	-0.1756	-0.8118
			0.5902	0.604	-0.5356
			-0.5844	0.7774	0.2327
		b:
			-204.4381
			220.8564
			56.2167
			127.2984
			-166.4595
			80.103
			117.4333
			-205.2504
			-210.9985
			-108.4333
			212.2504
			223.9985
	==================================================================================
	Q3:
		Shape: Polyhedra
		q_c:	73.0	315.5	35.0
		ub :	83.5991	326.8872	44.875
		lb :	62.4009	304.1128	25.125
		A:
			0.7972	-0.3091	0.5185
			-0.9846	-0.0192	-0.1738
			0.4847	-0.7412	-0.4644
			-0.1605	-0.0083	-0.987
			-0.2762	0.1944	0.9412
			0.7491	0.048	-0.6608
			0.4869	0.7568	0.4362
			0.8258	-0.5615	0.0526
			0.2847	0.3346	-0.8983
			-0.4869	-0.7568	-0.4362
			-0.8258	0.5615	-0.0526
			-0.2847	-0.3346	0.8983
		b:
			-14.8304
			-77.4686
			-208.1811
			-41.7699
			81.129
			53.4114
			297.0746
			-109.0442
			101.898
			-282.0746
			121.0442
			-87.898
	==================================================================================
	Q4:
		Shape: Hybrid
		q_c:	74.0	336.0	33.5
		ub :	82.3275	344.6342	40.2027
		lb :	65.6725	327.3658	26.7973
		P^-1:
			0.049	0.0049	0.0353
			0.0049	0.0645	0.0563
			0.0353	0.0563	0.1137
		A:
			-0.7418	0.5279	0.4136
			-0.0602	0.7327	0.6778
			0.2274	0.2386	0.9441
			-0.2103	-0.5307	-0.821
			-0.7494	-0.3138	-0.583
			-0.1584	-0.3822	0.9104
		b:
			139.7189
			266.1846
			130.5322
			-220.1258
			-178.0792
			-104.4064
	==================================================================================
	Q5:
		Shape: Hybrid
		q_c:	66.0	334.5	40.5
		ub :	73.2546	343.0558	49.1895
		lb :	58.7454	325.9442	31.8105
		P^-1:
			0.052	-0.0113	-0.0084
			-0.0113	0.0398	0.005
			-0.0084	0.005	0.0368
		A:
			0.6178	-0.7512	-0.2323
			0.7745	-0.6326	-0.0042
			0.8571	0.1153	0.502
			0.2304	-0.0572	-0.9714
			0.7336	-0.0699	-0.676
			0.9004	0.3772	-0.2168
		b:
			-217.7042
			-158.3985
			118.6981
			-40.1772
			0.0998
			179.7904
	==================================================================================
	Q6:
		Shape: Hybrid
		q_c:	82.5	327.5	14.5
		ub :	87.7757	334.6616	22.5379
		lb :	77.2243	320.3384	6.4621
		P^-1:
			0.0968	-0.0156	-0.0273
			-0.0156	0.0481	-0.0028
			-0.0273	-0.0028	0.0434
		A:
			0.9946	-0.0805	0.065
			0.0785	0.9594	0.2707
			0.9967	0.0385	0.0709
			0.8032	0.3169	-0.5044
			-0.882	-0.2534	-0.3972
			-0.1868	0.9421	0.2786
		b:
			58.8938
			328.2809
			98.2855
			164.7389
			-157.9293
			300.4064


===========================================================================================
===========================================================================================
S3:
	q_c:	135.5	121.5	478.0
	ub :	142.74	128.1641	486.5105
	lb :	125.6812	117.0143	471.9984

	==================================================================================
	Q1:
		Shape: Polyhedra
		q_c:	134.0	119.5	476.0
		ub :	136.8532	121.9857	478.6696
		lb :	131.1468	117.0143	473.3304
		A:
			0.7303	0.6734	-0.1147
			0.4467	-0.5497	-0.7059
			0.2699	-0.4511	-0.8507
			-0.3309	-0.8454	-0.4192
			0.4749	-0.6999	-0.5336
			0.5609	-0.1774	-0.8087
			0.9428	0.1128	0.3137
			-0.0872	-0.8247	0.5588
			0.3218	-0.5542	-0.7677
			-0.9428	-0.1128	-0.3137
			0.0872	0.8247	-0.5588
			-0.3218	0.5542	0.7677
		b:
			126.0185
			-340.7788
			-421.6231
			-343.1024
			-272.8012
			-329.6613
			291.6482
			157.7468
			-387.5209
			-286.6482
			-153.7468
			389.5209
	==================================================================================
	Q2:
		Shape: Polyhedra
		q_c:	131.5	122.0	482.5
		ub :	134.9179	125.6027	486.5105
		lb :	128.0821	118.3973	478.4895
		A:
			-0.5811	0.8137	0.0133
			0.9179	-0.1142	-0.38
			-0.6845	-0.6587	-0.3124
			0.5187	-0.2927	-0.8033
			-0.8769	0.3693	0.3078
			-0.6928	0.4731	0.5443
			0.72	0.2715	0.6387
			-0.0903	-0.8758	0.4742
			0.6881	-0.3991	-0.606
			-0.72	-0.2715	-0.6387
			0.0903	0.8758	-0.4742
			-0.6881	0.3991	0.606
		b:
			31.3102
			-74.7659
			-318.2063
			-353.4501
			79.9816
			230.7399
			438.9699
			112.5628
			-249.0971
			-432.9699
			-107.5628
			252.0971
	==================================================================================
	Q3:
		Shape: Ellipse
		q_c:	135.5	126.0	475.0
		ub :	138.8067	128.1641	478.0016
		lb :	132.1933	123.8359	471.9984
		P^-1:
			0.7191	-1.2319	0.6733
			-1.2319	2.7373	-1.2854
			0.6733	-1.2854	0.9047
	==================================================================================
	Q4:
		Shape: Ellipse
		q_c:	139.0	121.5	476.5
		ub :	142.74	124.8545	480.4714
		lb :	135.26	118.1455	472.5286
		P^-1:
			0.1973	-0.043	0.0222
			-0.043	0.208	-0.0145
			0.0222	-0.0145	0.0863
	==================================================================================
	Q5:
		Shape: Polyhedra
		q_c:	129.5	123.5	481.5
		ub :	133.3188	127.714	485.3239
		lb :	125.6812	119.286	477.6761
		A:
			0.0479	-0.997	-0.0608
			0.0388	0.7065	-0.7066
			-0.3542	0.2233	0.9081
			0.0845	-0.5006	-0.8615
			0.397	0.2093	-0.8936
			0.0729	-0.7425	-0.6659
			0.2443	0.4919	0.8357
			0.5193	0.6614	-0.5412
			-0.8189	0.5662	-0.0938
			-0.2443	-0.4919	-0.8357
			-0.5193	-0.6614	0.5412
			0.8189	-0.5662	0.0938
		b:
			-143.7177
			-245.7848
			421.6694
			-462.7658
			-350.665
			-399.9729
			497.7632
			-109.6294
			-78.8201
			-491.7632
			113.6294
			83.8201
	==================================================================================
	Q6:
		Shape: Hybrid
		q_c:	137.5	121.0	478.5
		ub :	141.4429	123.8305	482.6772
		lb :	133.5571	118.1695	474.3228
		P^-1:
			0.1561	-0.0592	0.0021
			-0.0592	0.3807	-0.1166
			0.0021	-0.1166	0.1787
		A:
			0.3126	-0.6949	-0.6476
			0.2928	0.0283	0.9557
			0.5878	0.7649	-0.2634
			0.5009	-0.8167	0.2865
			-0.3256	0.9437	0.0582
			0.443	-0.7713	0.4569
		b:
			-349.1742
			503.0257
			48.8394
			108.0684
			98.3461
			187.1387


===========================================================================================
===========================================================================================
S4:
	q_c:	364.0	129.5	448.0
	ub :	386.5382	160.9966	478.0686
	lb :	344.4836	107.5365	430.3313

	==================================================================================
	Q1:
		Shape: Hybrid
		q_c:	354.0	143.0	462.5
		ub :	363.5164	148.7464	473.0871
		lb :	344.4836	137.2536	451.9129
		P^-1:
			0.0538	0.0005	-0.0352
			0.0005	0.0399	0.0021
			-0.0352	0.0021	0.037
		A:
			0.6426	-0.4456	-0.6233
			-0.8544	0.3326	0.3991
			-0.5223	-0.7183	0.4596
			0.3586	0.7369	0.573
			-0.058	-0.3359	-0.9401
			-0.3945	-0.9115	-0.1165
		b:
			-122.3628
			-67.7221
			-72.3686
			503.2102
			-496.804
			-320.0488
	==================================================================================
	Q2:
		Shape: Hybrid
		q_c:	361.5	117.5	439.5
		ub :	371.8058	127.4635	448.6687
		lb :	351.1942	107.5365	430.3313
		P^-1:
			0.0322	0.0069	-0.008
			0.0069	0.0211	-0.0038
			-0.008	-0.0038	0.0222
		A:
			-0.5899	-0.4554	0.6668
			-0.5018	0.3819	0.7761
			0.9165	0.3948	-0.0643
			0.8095	-0.5483	0.21
			-0.167	0.7218	0.6716
			0.2985	-0.1775	-0.9378
		b:
			29.1101
			208.7496
			352.426
			325.2628
			324.5676
			-320.8678
	==================================================================================
	Q3:
		Shape: Ellipse
		q_c:	354.5	139.0	448.0
		ub :	361.8015	148.0304	457.094
		lb :	347.1985	129.9696	438.906
		P^-1:
			0.0287	0.0033	-0.0031
			0.0033	0.0389	-0.0142
			-0.0031	-0.0142	0.0274
	==================================================================================
	Q4:
		Shape: Ellipse
		q_c:	361.0	147.0	450.5
		ub :	374.9555	160.9966	466.5691
		lb :	347.0445	133.0034	434.4309
		P^-1:
			0.0102	-0.0001	-0.0004
			-0.0001	0.0111	-0.0001
			-0.0004	-0.0001	0.0109
	==================================================================================
	Q5:
		Shape: Polyhedra
		q_c:	376.0	129.5	450.0
		ub :	386.1794	139.6413	459.6366
		lb :	365.8206	119.3587	440.3634
		A:
			-0.8453	-0.4549	0.2801
			0.0803	0.5183	0.8514
			0.351	-0.5736	-0.7401
			0.7437	-0.3317	-0.5804
			0.1245	-0.6538	-0.7464
			-0.3425	0.0841	-0.9357
			0.2781	0.6349	0.7208
			-0.6471	0.6784	-0.348
			-0.7099	-0.3696	0.5995
			-0.2781	-0.6349	-0.7208
			0.6471	-0.6784	0.348
			0.7099	0.3696	-0.5995
		b:
			-244.8008
			485.5126
			-269.8395
			-18.38
			-368.4582
			-533.0631
			516.1351
			-305.0283
			-39.0054
			-506.1351
			319.0283
			51.0054
	==================================================================================
	Q6:
		Shape: Polyhedra
		q_c:	373.0	140.0	466.0
		ub :	386.5382	153.7419	478.0686
		lb :	359.4618	126.2581	453.9314
		A:
			0.1312	-0.8415	0.5241
			-0.4608	-0.4579	-0.7603
			0.9175	-0.1288	0.3764
			-0.9211	0.2835	0.2669
			0.298	-0.5448	-0.7838
			-0.775	-0.3801	-0.5048
			0.3403	0.8529	0.3959
			0.9403	-0.3088	-0.143
			0.0003	0.421	-0.9071
			-0.3403	-0.8529	-0.3959
			-0.9403	0.3088	0.143
			-0.0003	-0.421	0.9071
		b:
			183.7728
			-582.1291
			510.2272
			-168.0519
			-321.1215
			-568.3944
			438.835
			252.3692
			-355.6595
			-422.835
			-229.3692
			371.6595


===========================================================================================
===========================================================================================
S5:
	q_c:	463.5	470.0	15.5
	ub :	471.0014	483.254	28.6499
	lb :	453.5043	458.9885	3.0734

	==================================================================================
	Q1:
		Shape: Ellipse
		q_c:	466.0	464.5	10.5
		ub :	470.7383	469.2882	15.7403
		lb :	461.2617	459.7118	5.2597
		P^-1:
			0.1221	-0.0242	0.0057
			-0.0242	0.1236	-0.0294
			0.0057	-0.0294	0.107
	==================================================================================
	Q2:
		Shape: Ellipse
		q_c:	464.5	469.0	21.5
		ub :	471.0014	474.7704	28.6499
		lb :	457.9986	463.2296	14.3501
		P^-1:
			0.0586	-0.0032	0.0079
			-0.0032	0.0599	0.0065
			0.0079	0.0065	0.0465
	==================================================================================
	Q3:
		Shape: Ellipse
		q_c:	461.5	474.0	22.5
		ub :	466.1216	479.2434	27.808
		lb :	456.8784	468.7566	17.192
		P^-1:
			0.1103	-0.0023	-0.0059
			-0.0023	0.1049	-0.0161
			-0.0059	-0.0161	0.0696
	==================================================================================
	Q4:
		Shape: Hybrid
		q_c:	457.0	477.0	20.0
		ub :	460.4957	481.2103	23.9895
		lb :	453.5043	472.7897	16.0105
		P^-1:
			0.3877	-0.1025	0.0891
			-0.1025	0.2593	0.161
			0.0891	0.161	0.3043
		A:
			-0.9273	-0.0242	0.3736
			-0.4163	0.7093	0.5689
			-0.0947	0.7107	0.6971
			-0.9192	0.2679	0.2887
			-0.7067	0.6878	-0.1658
			-0.124	-0.6148	-0.7789
		b:
			-425.8923
			160.1924
			310.4407
			-285.2607
			2.9096
			-364.747
	==================================================================================
	Q5:
		Shape: Hybrid
		q_c:	460.5	464.5	8.5
		ub :	464.8616	470.0115	13.9266
		lb :	456.1384	458.9885	3.0734
		P^-1:
			0.2067	-0.0724	0.0113
			-0.0724	0.1282	0.0288
			0.0113	0.0288	0.0756
		A:
			0.1644	-0.9848	-0.0563
			-0.566	0.8057	-0.1747
			0.8441	-0.2108	0.4931
			-0.1154	0.5848	0.8029
			-0.8817	-0.0612	-0.4678
			0.415	0.6385	0.6481
		b:
			-380.1426
			113.7617
			296.4446
			227.3532
			-436.8793
			495.2262
	==================================================================================
	Q6:
		Shape: Hybrid
		q_c:	459.0	478.5	18.0
		ub :	464.1555	483.254	21.8075
		lb :	453.8445	473.746	14.1925
		P^-1:
			0.1714	0.0006	-0.1501
			0.0006	0.1554	-0.1001
			-0.1501	-0.1001	0.3271
		A:
			-0.1935	0.5301	0.8255
			0.5636	0.5587	-0.6084
			0.5606	-0.178	-0.8088
			0.6568	0.0201	-0.7538
			-0.5555	-0.6725	0.4891
			0.6028	-0.162	-0.7813
		b:
			182.0545
			516.4236
			158.6787
			298.4205
			-566.2254
			186.194


===========================================================================================
===========================================================================================
S6:
	q_c:	476.0	430.5	24.0
	ub :	489.4598	450.6638	44.766
	lb :	467.5588	415.0092	8.8027

	==================================================================================
	Q1:
		Shape: Ellipse
		q_c:	474.0	422.0	15.0
		ub :	480.4412	428.9908	21.1973
		lb :	467.5588	415.0092	8.8027
		P^-1:
			0.0516	-0.0161	-0.0092
			-0.0161	0.0663	0.0043
			-0.0092	0.0043	0.0663
	==================================================================================
	Q2:
		Shape: Polyhedra
		q_c:	475.5	424.0	17.5
		ub :	480.7898	430.0745	23.1168
		lb :	470.2102	417.9255	11.8832
		A:
			-0.5849	-0.2825	0.7604
			-0.6663	0.6971	-0.2647
			-0.8411	-0.1712	0.5131
			-0.4049	-0.9051	-0.1301
			-0.9183	-0.0519	0.3924
			-0.405	0.843	0.3539
			0.5705	0.6439	0.5098
			0.7938	-0.5917	-0.1409
			0.2109	0.4851	-0.8487
			-0.5705	-0.6439	-0.5098
			-0.7938	0.5917	0.1409
			-0.2109	-0.4851	0.8487
		b:
			-381.1929
			-23.1976
			-460.2747
			-574.2882
			-448.6531
			174.15
			557.7119
			126.5881
			294.6035
			-548.7119
			-121.5881
			-287.6035
	==================================================================================
	Q3:
		Shape: Hybrid
		q_c:	470.0	443.5	26.0
		ub :	472.3874	447.9882	29.3717
		lb :	467.6126	439.0118	22.6283
		P^-1:
			0.25	0.0007	-0.0002
			0.0007	0.0764	0.0491
			-0.0002	0.0491	0.2361
		A:
			-0.5168	0.7935	0.3213
			-0.5214	0.6668	0.5326
			-0.4315	0.5413	0.7217
			0.7344	0.063	-0.6758
			-0.9222	-0.1111	0.3705
			0.978	0.1022	-0.1816
		b:
			119.5013
			66.1596
			57.3374
			356.7099
			-471.9296
			501.3579
	==================================================================================
	Q4:
		Shape: Ellipse
		q_c:	485.0	437.0	36.0
		ub :	487.8066	445.8411	44.766
		lb :	482.1934	428.1589	27.234
		P^-1:
			0.2461	-0.0153	-0.025
			-0.0153	0.026	0.0036
			-0.025	0.0036	0.0294
	==================================================================================
	Q5:
		Shape: Hybrid
		q_c:	480.5	439.5	21.5
		ub :	489.4598	448.8497	29.1724
		lb :	471.5402	430.1503	13.8276
		P^-1:
			0.0286	0.0063	-0.0014
			0.0063	0.0372	-0.0145
			-0.0014	-0.0145	0.0534
		A:
			-0.1174	-0.3122	0.9427
			0.8465	-0.0254	-0.5318
			-0.0099	0.1302	0.9914
			-0.301	-0.0952	0.9488
			0.6495	0.5609	-0.5134
			0.0807	-0.6393	-0.7647
		b:
			-171.2264
			387.8782
			76.6051
			-163.5197
			550.2129
			-254.8341
	==================================================================================
	Q6:
		Shape: Ellipse
		q_c:	477.5	444.5	19.5
		ub :	486.7742	450.6638	29.0271
		lb :	468.2258	438.3362	9.9729
		P^-1:
			0.0246	0.0083	-0.0036
			0.0083	0.0963	-0.0317
			-0.0036	-0.0317	0.0375


===========================================================================================
===========================================================================================
S7:
	q_c:	50.0	421.5	134.5
	ub :	72.9413	442.5535	152.7703
	lb :	28.9025	392.0167	121.3127

	==================================================================================
	Q1:
		Shape: Ellipse
		q_c:	59.5	404.0	133.5
		ub :	72.9413	415.9833	145.6873
		lb :	46.0587	392.0167	121.3127
		P^-1:
			0.0205	-0.0046	0.0113
			-0.0046	0.0236	-0.0102
			0.0113	-0.0102	0.0227
	==================================================================================
	Q2:
		Shape: Ellipse
		q_c:	64.0	406.0	143.0
		ub :	71.5341	413.5626	150.3061
		lb :	56.4659	398.4374	135.6939
		P^-1:
			0.1898	0.1089	-0.1645
			0.1089	0.1338	-0.1302
			-0.1645	-0.1302	0.1859
	==================================================================================
	Q3:
		Shape: Hybrid
		q_c:	45.0	431.5	144.0
		ub :	53.3599	439.9207	152.7703
		lb :	36.6401	423.0793	135.2297
		P^-1:
			0.0333	0.0025	0.0059
			0.0025	0.0431	-0.0071
			0.0059	-0.0071	0.0408
		A:
			-0.5341	0.7032	-0.4693
			0.0721	-0.6383	0.7664
			-0.4919	-0.7329	0.4701
			0.0038	-0.3482	-0.9374
			-0.4875	-0.7178	0.4971
			0.1698	-0.8864	0.4306
		b:
			214.3787
			-159.5364
			-268.0848
			-281.9291
			-257.4928
			-310.4665
	==================================================================================
	Q4:
		Shape: Ellipse
		q_c:	60.5	422.0	141.0
		ub :	69.1953	429.082	149.1339
		lb :	51.8047	414.918	132.8661
		P^-1:
			0.0457	0.0111	0.0248
			0.0111	0.0409	0.0142
			0.0248	0.0142	0.0518
	==================================================================================
	Q5:
		Shape: Ellipse
		q_c:	54.5	412.0	136.0
		ub :	61.9128	421.4535	145.4251
		lb :	47.0872	402.5465	126.5749
		P^-1:
			0.0511	-0.0159	-0.0242
			-0.0159	0.0328	0.014
			-0.0242	0.014	0.045
	==================================================================================
	Q6:
		Shape: Ellipse
		q_c:	37.0	434.0	139.0
		ub :	45.0975	442.5535	146.2781
		lb :	28.9025	425.4465	131.7219
		P^-1:
			0.044	-0.0069	0.0019
			-0.0069	0.0406	0.0026
			0.0019	0.0026	0.0378


===========================================================================================
===========================================================================================
