3D_40_12_6_a                l = 3

===========================================================================================
===========================================================================================
S1:
	q_c:	508.0	462.0	275.5
	ub :	524.8829	486.8839	303.6075
	lb :	485.8407	441.8713	246.6375

	==================================================================================
	Q1:
		Shape: Ellipse
		q_c:	493.5	476.0	285.5
		ub :	501.1593	486.8839	296.6232
		lb :	485.8407	465.1161	274.3768
		P^-1:
			0.046	-0.0002	0.0063
			-0.0002	0.0276	0.0149
			0.0063	0.0149	0.0281
	==================================================================================
	Q2:
		Shape: Ellipse
		q_c:	514.0	470.0	294.0
		ub :	524.8829	481.6993	303.6075
		lb :	503.1171	458.3007	284.3925
		P^-1:
			0.026	0.0111	0.0064
			0.0111	0.0242	0.0044
			0.0064	0.0044	0.024
	==================================================================================
	Q3:
		Shape: Ellipse
		q_c:	512.5	453.5	276.0
		ub :	520.1502	461.6261	285.6062
		lb :	504.8498	445.3739	266.3938
		P^-1:
			0.067	-0.0601	-0.0208
			-0.0601	0.105	0.0317
			-0.0208	0.0317	0.0294
	==================================================================================
	Q4:
		Shape: Ellipse
		q_c:	506.5	463.0	264.5
		ub :	517.3425	474.7115	276.559
		lb :	495.6575	451.2885	252.441
		P^-1:
			0.0197	-0.0006	-0.001
			-0.0006	0.0199	-0.0008
			-0.001	-0.0008	0.019
	==================================================================================
	Q5:
		Shape: Polyhedra
		q_c:	509.5	452.5	276.5
		ub :	519.5719	463.1287	284.9412
		lb :	499.4281	441.8713	268.0588
		A:
			-0.579	-0.1585	0.7997
			-0.5417	-0.0594	0.8385
			0.8996	-0.2979	0.3195
			0.6515	-0.2465	-0.7175
			0.7551	-0.2332	-0.6127
			-0.9405	0.3261	-0.0951
			0.6957	0.7144	0.0752
			0.67	-0.6076	-0.4266
			-0.2591	0.3471	-0.9013
			-0.6957	-0.7144	-0.0752
			-0.67	0.6076	0.4266
			0.2591	-0.3471	0.9013
		b:
			-139.3729
			-65.1379
			418.0516
			26.5697
			114.3817
			-352.3975
			707.0043
			-48.0249
			-217.133
			-690.0043
			55.0249
			231.133
	==================================================================================
	Q6:
		Shape: Hybrid
		q_c:	506.5	469.0	257.0
		ub :	516.8939	477.0237	267.3625
		lb :	496.1061	460.9763	246.6375
		P^-1:
			0.0265	-0.0057	0.0025
			-0.0057	0.0349	-0.005
			0.0025	-0.005	0.0259
		A:
			-0.879	0.3923	-0.2711
			0.1615	-0.6835	-0.7119
			-0.2926	0.1145	-0.9493
			0.4915	-0.3538	0.7958
			-0.6728	-0.7074	-0.2165
			0.0802	0.9953	-0.0548
		b:
			-327.8048
			-417.8646
			-334.9226
			290.6411
			-724.2717
			496.3924


===========================================================================================
===========================================================================================
S2:
	q_c:	203.0	416.0	508.0
	ub :	225.5958	440.8423	529.9858
	lb :	184.7677	394.6574	476.6228

	==================================================================================
	Q1:
		Shape: Polyhedra
		q_c:	202.5	427.5	503.5
		ub :	213.8524	440.8311	516.4361
		lb :	191.1476	414.1689	490.5639
		A:
			0.7374	-0.6657	-0.114
			-0.3631	-0.7823	0.5061
			-0.0619	0.9811	0.1832
			-0.6568	0.4917	-0.5716
			0.3288	0.926	0.1856
			-0.9611	0.0217	0.2755
			0.8325	0.4346	0.3437
			0.0843	-0.7125	0.6966
			0.5476	-0.5509	-0.6298
			-0.8325	-0.4346	-0.3437
			-0.0843	0.7125	-0.6966
			-0.5476	0.5509	0.6298
		b:
			-185.5276
			-144.6632
			506.7733
			-202.2407
			564.0471
			-39.1081
			535.9221
			71.7417
			-435.2025
			-518.9221
			-54.7417
			448.2025
	==================================================================================
	Q2:
		Shape: Ellipse
		q_c:	212.5	421.5	497.5
		ub :	224.6653	428.8475	508.8768
		lb :	200.3347	414.1525	486.1232
		P^-1:
			0.027	0.0185	0.0215
			0.0185	0.0606	0.0161
			0.0215	0.0161	0.0362
	==================================================================================
	Q3:
		Shape: Polyhedra
		q_c:	193.0	410.5	522.0
		ub :	201.2323	418.4575	529.9858
		lb :	184.7677	402.5425	514.0142
		A:
			0.5119	-0.3488	-0.7851
			0.6952	-0.4022	-0.5957
			0.4298	0.2504	-0.8675
			0.2434	-0.9684	0.0536
			-0.0413	0.9794	0.1978
			-0.3566	0.9266	0.1191
			0.6414	0.4138	0.6461
			-0.7048	0.6504	0.2831
			-0.3031	-0.637	0.7088
			-0.6414	-0.4138	-0.6461
			0.7048	-0.6504	-0.2831
			0.3031	0.637	-0.7088
		b:
			-449.626
			-337.4585
			-262.9456
			-318.1934
			502.1422
			378.2314
			636.8968
			283.264
			54.0304
			-624.8968
			-274.264
			-46.0304
	==================================================================================
	Q4:
		Shape: Ellipse
		q_c:	205.5	429.0	510.5
		ub :	218.5978	440.8423	515.7571
		lb :	192.4022	417.1577	505.2429
		P^-1:
			0.01	0.0018	-0.0043
			0.0018	0.0134	-0.0022
			-0.0043	-0.0022	0.062
	==================================================================================
	Q5:
		Shape: Hybrid
		q_c:	209.0	413.5	517.5
		ub :	218.2502	425.566	525.8747
		lb :	199.7498	401.434	509.1253
		P^-1:
			0.0606	0.0164	-0.0223
			0.0164	0.0167	0.002
			-0.0223	0.002	0.0535
		A:
			0.7943	0.5837	-0.1687
			0.8418	0.1854	-0.5069
			0.2888	-0.1757	-0.9411
			0.4424	0.1251	-0.888
			0.0412	0.3482	0.9365
			0.8929	0.0815	-0.4428
		b:
			322.9899
			-7.9384
			-496.8344
			-313.0292
			640.2531
			-6.7063
	==================================================================================
	Q6:
		Shape: Polyhedra
		q_c:	214.0	407.5	489.0
		ub :	225.5958	420.3426	501.3772
		lb :	202.4042	394.6574	476.6228
		A:
			0.0128	0.897	-0.4418
			-0.3904	0.3992	-0.8296
			-0.777	-0.2677	0.5698
			-0.2844	0.0226	0.9584
			0.5677	-0.6163	0.5458
			-0.3144	0.8428	-0.4369
			0.1735	0.6724	0.7196
			0.5468	0.542	-0.6382
			-0.8191	0.5042	-0.2736
			-0.1735	-0.6724	-0.7196
			-0.5468	-0.542	0.6382
			0.8191	-0.5042	0.2736
		b:
			160.1924
			-319.0901
			11.609
			424.9188
			144.4586
			70.0304
			670.0007
			34.2845
			-96.6269
			-656.0007
			-17.2845
			110.6269


===========================================================================================
===========================================================================================
S3:
	q_c:	96.0	85.5	196.0
	ub :	105.7266	93.6418	206.984
	lb :	84.6446	78.9712	186.2019

	==================================================================================
	Q1:
		Shape: Hybrid
		q_c:	90.0	86.0	201.0
		ub :	95.3554	91.941	206.984
		lb :	84.6446	80.059	195.016
		P^-1:
			0.0879	0.0181	0.0158
			0.0181	0.087	0.0017
			0.0158	0.0017	0.0803
		A:
			-0.7212	0.4605	-0.5175
			-0.2649	0.0962	-0.9595
			-0.7162	0.252	0.6508
			0.6513	0.6239	-0.432
			-0.0228	-0.9287	-0.3701
			-0.1267	0.2261	0.9658
		b:
			-127.327
			-206.496
			90.496
			27.3251
			-154.328
			204.3779
	==================================================================================
	Q2:
		Shape: Polyhedra
		q_c:	92.5	90.0	198.0
		ub :	95.0749	92.1313	201.0651
		lb :	89.9251	87.8687	194.9349
		A:
			0.2704	0.8563	-0.44
			-0.295	-0.4746	0.8293
			-0.1542	-0.7662	0.6238
			0.7315	-0.572	0.3711
			0.2734	-0.9586	-0.0792
			0.183	0.8299	-0.527
			0.5007	0.3515	0.7911
			-0.8653	0.23	0.4454
			-0.0254	-0.9075	0.4193
			-0.5007	-0.3515	-0.7911
			0.8653	-0.23	-0.4454
			0.0254	0.9075	-0.4193
		b:
			16.0093
			95.598
			41.3854
			91.2551
			-75.3761
			-11.6998
			237.0776
			30.3551
			0.0031
			-232.0776
			-27.3551
			1.9969
	==================================================================================
	Q3:
		Shape: Hybrid
		q_c:	94.0	89.0	196.0
		ub :	98.2958	93.0633	199.5784
		lb :	89.7042	84.9367	192.4216
		P^-1:
			0.192	0.072	-0.0349
			0.072	0.1606	0.0433
			-0.0349	0.0433	0.229
		A:
			0.788	0.3149	0.529
			-0.869	-0.1327	-0.4767
			0.3381	-0.1175	-0.9337
			0.068	0.76	0.6464
			0.8619	-0.507	0.0081
			-0.7324	0.6775	0.0681
		b:
			207.1213
			-185.3255
			-160.6751
			201.8783
			39.6895
			7.0523
	==================================================================================
	Q4:
		Shape: Ellipse
		q_c:	102.0	85.5	190.5
		ub :	105.7266	89.1814	194.4405
		lb :	98.2734	81.8186	186.5595
		P^-1:
			0.1909	-0.0737	-0.1217
			-0.0737	0.1791	0.1123
			-0.1217	0.1123	0.2966
	==================================================================================
	Q5:
		Shape: Ellipse
		q_c:	98.0	89.0	190.5
		ub :	101.8235	93.6418	194.7981
		lb :	94.1765	84.3582	186.2019
		P^-1:
			0.1881	0.0019	0.0473
			0.0019	0.1097	0.0514
			0.0473	0.0514	0.1939
	==================================================================================
	Q6:
		Shape: Hybrid
		q_c:	99.5	82.5	192.5
		ub :	101.0547	86.0288	194.3406
		lb :	97.9453	78.9712	190.6594
		P^-1:
			0.906	-0.0025	-0.2083
			-0.0025	0.0818	-0.0066
			-0.2083	-0.0066	0.5383
		A:
			0.4326	-0.1736	0.8847
			-0.4858	0.2413	0.8401
			0.0342	-0.8655	0.4997
			0.9297	0.215	0.2992
			0.918	-0.3258	0.2262
			-0.6054	0.3559	0.7119
		b:
			200.1083
			134.2414
			30.7749
			168.7769
			109.0955
			107.3107


===========================================================================================
===========================================================================================
S4:
	q_c:	24.5	176.5	83.0
	ub :	37.3869	186.5645	96.1312
	lb :	12.8562	164.1434	71.5833

	==================================================================================
	Q1:
		Shape: Hybrid
		q_c:	24.0	179.0	90.0
		ub :	29.9514	184.685	96.1312
		lb :	18.0486	173.315	83.8688
		P^-1:
			0.0854	-0.0182	0.0072
			-0.0182	0.0959	0.0157
			0.0072	0.0157	0.0608
		A:
			0.3452	0.1365	0.9285
			0.0382	0.9607	0.2748
			-0.8399	0.389	-0.3784
			-0.6454	0.6863	0.3354
			-0.4285	-0.537	-0.7267
			0.2265	-0.784	-0.578
		b:
			118.6415
			199.3399
			17.2065
			139.1377
			-169.8104
			-185.2226
	==================================================================================
	Q2:
		Shape: Hybrid
		q_c:	30.0	179.0	87.0
		ub :	36.9827	185.3921	92.7049
		lb :	23.0173	172.6079	81.2951
		P^-1:
			0.0825	-0.0521	0.0224
			-0.0521	0.0909	-0.0343
			0.0224	-0.0343	0.0822
		A:
			-0.4266	0.4497	-0.7847
			0.3445	-0.0706	0.9361
			-0.6526	0.1721	-0.7379
			0.8064	-0.4551	-0.3777
			-0.9374	0.3468	0.0307
			0.0101	-0.7545	0.6563
		b:
			1.0206
			81.5394
			-50.7377
			-87.7993
			38.869
			-75.4527
	==================================================================================
	Q3:
		Shape: Hybrid
		q_c:	23.5	170.0	76.5
		ub :	30.043	175.8566	81.4167
		lb :	16.957	164.1434	71.5833
		P^-1:
			0.08	-0.001	-0.0482
			-0.001	0.081	-0.0291
			-0.0482	-0.0291	0.1206
		A:
			-0.5883	-0.711	0.3852
			0.2273	0.5219	-0.8221
			-0.4127	0.6443	0.6439
			-0.6215	0.5166	0.5889
			-0.2006	-0.4593	0.8653
			0.689	-0.5417	-0.4815
		b:
			-103.1099
			32.5837
			151.316
			120.1921
			-15.1574
			-110.7829
	==================================================================================
	Q4:
		Shape: Ellipse
		q_c:	29.0	176.0	81.5
		ub :	32.8347	180.52	85.8488
		lb :	25.1653	171.48	77.1512
		P^-1:
			0.0816	0.0	0.0
			0.0	0.0816	0.0
			0.0	0.0	0.0816
	==================================================================================
	Q5:
		Shape: Ellipse
		q_c:	18.0	170.5	79.5
		ub :	23.1438	175.5019	83.3412
		lb :	12.8562	165.4981	75.6588
		P^-1:
			0.1175	-0.0212	-0.0206
			-0.0212	0.0941	0.0119
			-0.0206	0.0119	0.1411
	==================================================================================
	Q6:
		Shape: Hybrid
		q_c:	31.0	180.5	88.0
		ub :	37.3869	186.5645	95.1266
		lb :	24.6131	174.4355	80.8734
		P^-1:
			0.0614	-0.003	-0.002
			-0.003	0.0543	-0.0056
			-0.002	-0.0056	0.0587
		A:
			0.1624	-0.8779	0.4504
			-0.238	0.9216	-0.3067
			0.9974	-0.0702	-0.0136
			0.3051	0.1472	-0.9409
			-0.2315	-0.1545	-0.9605
			-0.7077	0.1964	-0.6786
		b:
			-111.7085
			134.1029
			19.0883
			-44.726
			-117.3338
			-44.1152


===========================================================================================
===========================================================================================
S5:
	q_c:	428.0	485.5	325.5
	ub :	451.8479	509.8385	356.4752
	lb :	409.116	460.1704	294.6981

	==================================================================================
	Q1:
		Shape: Ellipse
		q_c:	428.5	469.0	308.0
		ub :	438.0488	477.8296	315.8609
		lb :	418.9512	460.1704	300.1391
		P^-1:
			0.0146	0.0035	-0.0012
			0.0035	0.0324	0.0002
			-0.0012	0.0002	0.033
	==================================================================================
	Q2:
		Shape: Hybrid
		q_c:	426.5	495.5	329.5
		ub :	435.5981	504.1905	338.242
		lb :	417.4019	486.8095	320.758
		P^-1:
			0.0426	0.0003	-0.0188
			0.0003	0.0269	-0.0029
			-0.0188	-0.0029	0.0444
		A:
			-0.9398	0.3402	-0.0329
			-0.9944	-0.1058	-0.0062
			-0.4102	-0.3145	0.8561
			-0.2386	-0.642	0.7287
			0.8322	0.0665	-0.5504
			0.1245	0.9461	-0.2988
		b:
			-239.6092
			-475.1431
			-46.3483
			-176.7487
			208.6668
			427.2885
	==================================================================================
	Q3:
		Shape: Polyhedra
		q_c:	443.5	498.0	306.5
		ub :	451.8479	509.8385	318.3019
		lb :	435.1521	486.1615	294.6981
		A:
			-0.9406	0.2466	-0.2333
			-0.1259	-0.4936	0.8605
			-0.7084	-0.6363	-0.3054
			0.9072	-0.1085	-0.4065
			0.9036	-0.3104	0.2952
			-0.6242	-0.2769	-0.7306
			0.8801	0.4696	0.0708
			0.2274	-0.5476	0.8053
			0.4169	-0.6926	-0.5886
			-0.8801	-0.4696	-0.0708
			-0.2274	0.5476	-0.8053
			-0.4169	0.6926	0.5886
		b:
			-359.6226
			-29.6791
			-720.43
			229.8235
			343.2899
			-632.3718
			649.3452
			83.4734
			-332.4431
			-642.3452
			-66.4734
			348.4431
	==================================================================================
	Q4:
		Shape: Polyhedra
		q_c:	420.0	486.5	326.0
		ub :	426.421	493.4229	330.8054
		lb :	413.579	479.5771	321.1946
		A:
			0.4899	-0.1428	0.86
			0.2739	0.4096	-0.8702
			0.4377	-0.153	-0.886
			-0.5023	0.6263	0.5962
			-0.4641	0.129	0.8763
			-0.8419	0.5302	-0.1003
			0.558	0.7436	0.3683
			0.7732	-0.6271	0.0945
			0.3012	0.232	-0.9249
			-0.558	-0.7436	-0.3683
			-0.7732	0.6271	-0.0945
			-0.3012	-0.232	0.9249
		b:
			420.3615
			33.2729
			-176.6827
			291.6426
			156.2361
			-125.2992
			722.2028
			53.4957
			-59.645
			-710.2028
			-47.4957
			64.645
	==================================================================================
	Q5:
		Shape: Polyhedra
		q_c:	437.5	494.5	320.5
		ub :	449.4795	502.2216	333.5575
		lb :	425.5205	486.7784	307.4425
		A:
			0.1183	-0.9649	0.2345
			0.3115	0.9289	0.2003
			0.5244	0.8211	0.2254
			0.4958	0.8643	0.0846
			0.4206	0.8814	0.2149
			0.6009	0.5487	0.5812
			0.4218	0.9024	0.0881
			-0.0398	0.1155	-0.9925
			-0.9058	0.4151	0.0846
			-0.4218	-0.9024	-0.0881
			0.0398	-0.1155	0.9925
			0.9058	-0.4151	-0.0846
		b:
			-342.9381
			662.2478
			710.4085
			673.2247
			690.9102
			727.8155
			660.5214
			-266.3642
			-151.8929
			-657.5214
			290.3642
			175.8929
	==================================================================================
	Q6:
		Shape: Ellipse
		q_c:	419.5	483.0	342.0
		ub :	429.884	497.9806	356.4752
		lb :	409.116	468.0194	327.5248
		P^-1:
			0.0358	-0.0078	-0.0156
			-0.0078	0.0137	0.0088
			-0.0156	0.0088	0.0213


===========================================================================================
===========================================================================================
S6:
	q_c:	111.5	150.0	98.5
	ub :	122.4766	160.2775	109.5352
	lb :	100.7623	143.1549	96.6218

	==================================================================================
	Q1:
		Shape: Ellipse
		q_c:	105.0	154.0	107.0
		ub :	109.2377	158.4709	109.5352
		lb :	100.7623	149.5291	104.4648
		P^-1:
			0.1356	-0.0353	-0.0153
			-0.0353	0.1093	-0.0171
			-0.0153	-0.0171	0.2468
	==================================================================================
	Q2:
		Shape: Ellipse
		q_c:	106.0	151.5	100.5
		ub :	109.4412	154.7512	102.6658
		lb :	102.5588	148.2488	98.3342
		P^-1:
			0.217	0.0463	0.0509
			0.0463	0.2049	0.0007
			0.0509	0.0007	0.4325
	==================================================================================
	Q3:
		Shape: Ellipse
		q_c:	109.0	147.5	104.5
		ub :	113.9806	151.8451	109.2237
		lb :	104.0194	143.1549	99.7763
		P^-1:
			0.0882	0.0269	-0.0335
			0.0269	0.1499	0.0125
			-0.0335	0.0125	0.1444
	==================================================================================
	Q4:
		Shape: Hybrid
		q_c:	117.0	154.5	102.5
		ub :	122.4766	160.2775	107.1382
		lb :	111.5234	148.7225	97.8618
		P^-1:
			0.0955	0.0255	-0.0506
			0.0255	0.1281	-0.0862
			-0.0506	-0.0862	0.1574
		A:
			0.0109	-0.1802	0.9836
			0.5954	0.3301	-0.7325
			0.57	-0.7634	0.3037
			0.3436	-0.5069	0.7906
			-0.01	-0.817	0.5765
			-0.5868	-0.7805	0.2157
		b:
			76.2688
			46.8327
			-17.9131
			44.8477
			-66.9468
			-165.0727
	==================================================================================
	Q5:
		Shape: Hybrid
		q_c:	111.5	147.0	100.5
		ub :	115.1583	150.4445	104.3782
		lb :	107.8417	143.5555	96.6218
		P^-1:
			0.1804	0.0058	-0.0692
			0.0058	0.1116	-0.0058
			-0.0692	-0.0058	0.1802
		A:
			-0.4995	0.3052	0.8108
			0.0433	-0.5187	0.8539
			0.9702	0.242	0.0083
			-0.991	-0.0192	0.1326
			0.681	0.5903	-0.4334
			-0.67	0.2486	0.6995
		b:
			71.8587
			16.0735
			146.1577
			-98.5781
			120.511
			33.2419
	==================================================================================
	Q6:
		Shape: Polyhedra
		q_c:	116.0	147.5	104.0
		ub :	119.687	151.7213	107.9784
		lb :	112.313	143.2787	100.0216
		A:
			0.7274	0.5511	-0.409
			0.732	-0.4698	-0.4933
			-0.5106	-0.8095	0.2898
			0.691	-0.6567	0.3022
			0.9617	-0.0769	0.2631
			-0.5467	-0.3689	-0.7517
			0.8279	0.4351	0.3539
			-0.0939	-0.5146	0.8523
			0.553	-0.7389	-0.3851
			-0.8279	-0.4351	-0.3539
			0.0939	0.5146	-0.8523
			-0.553	0.7389	0.3851
		b:
			125.6269
			-33.1913
			-146.0002
			17.2139
			130.0795
			-193.5031
			199.5235
			4.3457
			-82.3915
			-194.5235
			0.6543
			87.3915


===========================================================================================
===========================================================================================
S7:
	q_c:	297.0	37.5	406.0
	ub :	309.6527	50.5824	417.3085
	lb :	284.4189	23.596	391.5105

	==================================================================================
	Q1:
		Shape: Ellipse
		q_c:	299.0	27.5	410.0
		ub :	305.7093	31.404	417.0061
		lb :	292.2907	23.596	402.9939
		P^-1:
			0.2299	0.3811	0.0326
			0.3811	0.8045	0.0653
			0.0326	0.0653	0.0456
	==================================================================================
	Q2:
		Shape: Hybrid
		q_c:	297.0	27.5	412.0
		ub :	300.0583	29.3448	417.3085
		lb :	293.9417	25.6552	406.6915
		P^-1:
			0.4011	-0.3037	0.0645
			-0.3037	0.8374	-0.0574
			0.0645	-0.0574	0.0515
		A:
			-0.4145	-0.9033	-0.1108
			0.6816	0.72	-0.1305
			0.759	-0.6442	-0.0939
			-0.8046	-0.4143	-0.4254
			-0.9251	0.3797	-0.0061
			-0.9689	-0.1104	0.2213
		b:
			-192.3722
			170.1651
			170.1534
			-423.7432
			-265.6506
			-197.5475
	==================================================================================
	Q3:
		Shape: Hybrid
		q_c:	304.5	37.0	409.0
		ub :	309.6527	42.1682	414.2703
		lb :	299.3473	31.8318	403.7297
		P^-1:
			0.0494	-0.0	0.0003
			-0.0	0.0494	0.0003
			0.0003	0.0003	0.04
		A:
			-0.1223	0.8206	-0.5583
			0.0573	-0.9657	0.2534
			-0.2425	-0.7579	0.6056
			0.5662	0.8077	0.1646
			-0.5604	0.8268	0.0478
			0.0947	-0.684	-0.7233
		b:
			-232.7879
			87.6362
			148.2508
			271.8546
			-118.2682
			-289.8158
	==================================================================================
	Q4:
		Shape: Polyhedra
		q_c:	292.5	42.5	397.0
		ub :	300.5811	50.5824	402.4895
		lb :	284.4189	34.4176	391.5105
		A:
			-0.2479	0.947	-0.2043
			0.7885	0.5485	-0.2783
			-0.4353	-0.138	0.8896
			0.8021	0.2206	-0.555
			0.2021	-0.5062	-0.8384
			-0.0162	-0.4782	0.8781
			0.5524	0.7586	0.3454
			-0.1769	-0.2983	0.9379
			0.8146	-0.5793	-0.0305
			-0.5524	-0.7586	-0.3454
			0.1769	0.2983	-0.9379
			-0.8146	0.5793	0.0305
		b:
			-108.0483
			148.0241
			224.2052
			28.4161
			-290.5455
			327.6864
			335.4682
			311.9345
			207.5139
			-326.4682
			-303.9345
			-195.5139
	==================================================================================
	Q5:
		Shape: Polyhedra
		q_c:	301.5	36.0	407.5
		ub :	306.7677	40.3516	411.9514
		lb :	296.2323	31.6484	403.0486
		A:
			0.1353	-0.8312	0.5392
			-0.7477	0.6602	0.0714
			0.3118	-0.9458	-0.0903
			-0.0029	-0.1826	-0.9832
			0.4113	0.4149	-0.8116
			-0.16	-0.9068	0.3901
			0.7698	0.4926	0.406
			0.1836	-0.78	0.5983
			0.6113	-0.386	-0.6908
			-0.7698	-0.4926	-0.406
			-0.1836	0.78	-0.5983
			-0.6113	0.386	0.6908
		b:
			232.1577
			-170.2284
			25.3891
			-405.1368
			-189.6424
			80.3996
			419.7495
			272.5741
			-108.5909
			-410.7495
			-269.5741
			113.5909
	==================================================================================
	Q6:
		Shape: Hybrid
		q_c:	290.0	44.0	405.5
		ub :	294.6159	50.2146	408.9551
		lb :	285.3841	37.7854	402.0449
		P^-1:
			0.2022	0.0523	0.0431
			0.0523	0.0496	0.006
			0.0431	0.006	0.1913
		A:
			0.9864	-0.066	-0.1507
			-0.4104	-0.8403	0.3541
			0.3488	-0.3373	0.8744
			0.8428	0.4285	0.3259
			0.0398	-0.1822	-0.9824
			-0.9069	0.1461	0.3953
		b:
			223.978
			-9.334
			442.8326
			396.6098
			-393.2641
			-94.0352


===========================================================================================
===========================================================================================
S8:
	q_c:	497.0	478.5	18.5
	ub :	516.4453	493.8693	34.6993
	lb :	485.9079	458.7793	11.9257

	==================================================================================
	Q1:
		Shape: Hybrid
		q_c:	508.0	484.5	28.0
		ub :	513.5399	490.5205	33.0489
		lb :	502.4601	478.4795	22.9511
		P^-1:
			0.0744	0.0274	0.0128
			0.0274	0.0906	-0.0096
			0.0128	-0.0096	0.1066
		A:
			0.7003	-0.1281	0.7023
			-0.0136	-0.1559	-0.9877
			0.0927	0.6959	-0.7121
			-0.0349	-0.3794	-0.9246
			-0.6557	0.2134	-0.7242
			0.7696	-0.5407	-0.3396
		b:
			315.1789
			-108.3481
			365.8552
			-225.5938
			-248.1562
			122.4735
	==================================================================================
	Q2:
		Shape: Hybrid
		q_c:	492.5	488.0	19.0
		ub :	499.0921	493.8693	24.7885
		lb :	485.9079	482.1307	13.2115
		P^-1:
			0.0706	-0.0137	-0.0068
			-0.0137	0.0646	-0.0085
			-0.0068	-0.0085	0.0774
		A:
			0.6806	-0.4836	0.5504
			-0.832	0.2541	0.4932
			0.4826	-0.772	-0.4137
			-0.1354	0.9508	0.2787
			0.422	0.0844	-0.9027
			-0.7185	-0.4716	0.5113
		b:
			111.4941
			-274.6206
			-144.9567
			404.8961
			233.6052
			-572.1747
	==================================================================================
	Q3:
		Shape: Polyhedra
		q_c:	507.5	484.5	23.0
		ub :	515.6758	493.2276	29.9378
		lb :	499.3242	475.7724	16.0622
		A:
			0.9433	-0.3049	0.1315
			-0.6109	0.0433	-0.7905
			-0.793	0.5181	0.3205
			-0.73	0.6828	-0.0285
			-0.6369	0.7056	-0.3105
			-0.4645	-0.52	-0.7168
			0.7236	0.6814	0.1103
			0.6779	-0.6714	-0.2995
			-0.1301	0.2915	-0.9477
			-0.7236	-0.6814	-0.1103
			-0.6779	0.6714	0.2995
			0.1301	-0.2915	0.9477
		b:
			338.7505
			-301.2448
			-140.7559
			-36.9384
			15.512
			-497.5222
			707.3804
			14.8577
			58.9065
			-692.3804
			-8.8577
			-47.9065
	==================================================================================
	Q4:
		Shape: Ellipse
		q_c:	496.5	465.5	19.0
		ub :	503.3905	472.2207	26.0743
		lb :	489.6095	458.7793	11.9257
		P^-1:
			0.0691	0.0003	-0.0179
			0.0003	0.0603	-0.0128
			-0.0179	-0.0128	0.0478
	==================================================================================
	Q5:
		Shape: Polyhedra
		q_c:	511.0	485.0	20.5
		ub :	516.4453	493.3349	28.1024
		lb :	505.5547	476.6651	12.8976
		A:
			-0.4655	0.2383	-0.8524
			0.9642	-0.0499	0.2603
			0.561	-0.8254	-0.063
			0.8983	-0.4107	0.1563
			-0.973	0.175	-0.1504
			0.9017	-0.4287	0.0557
			0.4299	0.7344	0.5252
			0.9017	-0.32	-0.2907
			-0.0454	0.5986	-0.7998
			-0.4299	-0.7344	-0.5252
			-0.9017	0.32	0.2907
			0.0454	-0.5986	0.7998
		b:
			-134.9844
			478.1614
			-111.0522
			266.0726
			-411.8665
			256.8241
			593.6316
			302.097
			254.7415
			-579.6316
			-297.097
			-246.7415
	==================================================================================
	Q6:
		Shape: Hybrid
		q_c:	493.5	475.5	31.5
		ub :	500.548	482.326	34.6993
		lb :	486.452	468.674	28.3007
		P^-1:
			0.0527	-0.0192	-0.0369
			-0.0192	0.0532	0.0222
			-0.0369	0.0222	0.2397
		A:
			-0.1726	0.3329	0.927
			0.2337	0.3283	-0.9152
			0.1348	-0.2168	-0.9669
			0.3518	-0.2247	0.9087
			0.4694	-0.0759	-0.8797
			0.0291	-0.1616	0.9864
		b:
			103.4916
			244.4394
			-65.9737
			97.4325
			169.2689
			-30.0449


===========================================================================================
===========================================================================================
S9:
	q_c:	396.5	289.0	126.5
	ub :	414.4112	311.9436	149.4915
	lb :	378.4971	262.1415	109.2961

	==================================================================================
	Q1:
		Shape: Ellipse
		q_c:	395.0	298.5	140.5
		ub :	405.2263	308.8711	148.726
		lb :	384.7737	288.1289	132.274
		P^-1:
			0.0273	-0.0042	0.0053
			-0.0042	0.0287	-0.0062
			0.0053	-0.0062	0.0314
	==================================================================================
	Q2:
		Shape: Hybrid
		q_c:	389.5	301.5	133.5
		ub :	400.3835	311.9436	144.8592
		lb :	378.6165	291.0564	122.1408
		P^-1:
			0.0217	0.0003	0.008
			0.0003	0.01	0.0002
			0.008	0.0002	0.0172
		A:
			0.9018	-0.2251	-0.3688
			0.8816	0.1508	0.4473
			0.8778	-0.4536	0.1543
			0.8277	0.2784	0.4873
			-0.7948	-0.1737	-0.5815
			0.0074	-0.8597	0.5108
		b:
			239.9913
			451.7944
			230.4347
			474.7835
			-436.4433
			-181.5072
	==================================================================================
	Q3:
		Shape: Ellipse
		q_c:	403.5	274.5	137.0
		ub :	414.4112	282.9164	149.4645
		lb :	392.5888	266.0836	124.5355
		P^-1:
			0.032	0.0067	0.0088
			0.0067	0.0283	0.003
			0.0088	0.003	0.0124
	==================================================================================
	Q4:
		Shape: Polyhedra
		q_c:	390.5	278.5	117.0
		ub :	398.7524	286.695	124.7039
		lb :	382.2476	270.305	109.2961
		A:
			0.3613	-0.9008	-0.241
			-0.7021	-0.6335	0.3251
			0.3769	-0.1527	0.9136
			0.3139	0.9274	-0.2034
			-0.6672	0.2094	-0.7148
			0.3812	-0.4591	0.8025
			0.7954	0.5889	0.143
			0.4376	-0.7214	0.5368
			0.4193	-0.3644	-0.8315
			-0.7954	-0.5889	-0.143
			-0.4376	0.7214	-0.5368
			-0.4193	0.3644	0.8315
		b:
			-132.9415
			-407.5622
			216.4071
			361.8811
			-281.1645
			119.5036
			496.3654
			37.2719
			-29.5359
			-486.3654
			-28.2719
			40.5359
	==================================================================================
	Q5:
		Shape: Hybrid
		q_c:	389.5	274.5	136.5
		ub :	398.5929	286.8585	149.4915
		lb :	380.4071	262.1415	123.5085
		P^-1:
			0.0321	-0.0104	-0.0047
			-0.0104	0.0216	0.0048
			-0.0047	0.0048	0.011
		A:
			-0.8544	0.4706	0.2202
			-0.477	0.8749	-0.0844
			0.9026	-0.2733	0.3325
			0.9007	0.4331	0.0327
			0.4034	-0.2278	-0.8862
			-0.2377	-0.7291	-0.6418
		b:
			-171.0508
			46.9825
			326.3301
			479.0609
			-20.3289
			-374.672
	==================================================================================
	Q6:
		Shape: Polyhedra
		q_c:	386.5	286.5	132.0
		ub :	394.5029	295.7631	140.1015
		lb :	378.4971	277.2369	123.8985
		A:
			-0.2121	0.2191	0.9524
			0.4714	0.4878	-0.7347
			-0.8014	-0.3061	0.5139
			-0.3907	-0.2585	0.8835
			0.3804	-0.3805	-0.8429
			0.6781	-0.6745	-0.292
			0.9016	0.3877	0.1917
			0.0937	-0.6079	0.7885
			0.4222	-0.6929	-0.5844
			-0.9016	-0.3877	-0.1917
			-0.0937	0.6079	-0.7885
			-0.4222	0.6929	0.5844
		b:
			112.8531
			229.3163
			-324.3703
			-103.5213
			-66.2634
			37.4152
			489.8613
			-30.3605
			-104.979
			-479.8613
			37.3605
			119.979


===========================================================================================
===========================================================================================
S10:
	q_c:	443.5	73.5	330.0
	ub :	466.405	106.926	354.2082
	lb :	421.1499	52.795	300.4488

	==================================================================================
	Q1:
		Shape: Polyhedra
		q_c:	446.0	67.5	345.5
		ub :	457.0397	78.8182	354.2082
		lb :	434.9603	56.1818	336.7918
		A:
			0.306	-0.4171	-0.8558
			-0.8014	-0.1612	0.5761
			-0.9826	-0.0887	0.1633
			0.3815	-0.189	0.9048
			-0.4787	0.81	-0.3388
			-0.8833	0.1743	-0.4352
			0.5312	0.7414	0.4102
			0.6782	-0.6622	0.3187
			0.5079	0.1089	-0.8545
			-0.5312	-0.7414	-0.4102
			-0.6782	0.6622	-0.3187
			-0.5079	-0.1089	0.8545
		b:
			-182.011
			-164.7505
			-381.503
			476.3551
			-268.8374
			-525.1343
			437.1643
			374.8646
			-57.8596
			-420.1643
			-360.8646
			64.8596
	==================================================================================
	Q2:
		Shape: Hybrid
		q_c:	456.0	72.5	317.0
		ub :	466.405	82.4816	327.2403
		lb :	445.595	62.5184	306.7597
		P^-1:
			0.0302	-0.0086	0.0032
			-0.0086	0.0316	-0.0011
			0.0032	-0.0011	0.0223
		A:
			0.6147	-0.6052	0.5059
			-0.4215	-0.1046	0.9008
			0.4318	0.4511	0.7811
			-0.9573	0.2611	0.1239
			-0.3859	0.4796	0.7881
			-0.2417	0.7808	-0.5762
		b:
			399.5235
			90.2136
			481.1939
			-375.1079
			112.5212
			-233.0099
	==================================================================================
	Q3:
		Shape: Polyhedra
		q_c:	434.5	66.0	335.5
		ub :	447.8501	72.8662	348.8271
		lb :	421.1499	59.1338	322.1729
		A:
			0.3495	-0.9367	-0.0199
			0.2037	-0.9597	0.1934
			0.9366	-0.0916	0.3381
			-0.3438	0.9378	-0.048
			-0.4553	0.7784	-0.4322
			-0.1012	-0.9515	0.2904
			0.7789	0.3399	0.527
			-0.5759	0.0548	0.8157
			0.2484	-0.9389	0.2385
			-0.7789	-0.3399	-0.527
			0.5759	-0.0548	-0.8157
			-0.2484	0.9389	-0.2385
		b:
			87.6045
			93.5958
			522.7656
			-99.6253
			-287.049
			-4.7395
			546.69
			36.5838
			129.4462
			-528.69
			-17.5838
			-122.4462
	==================================================================================
	Q4:
		Shape: Hybrid
		q_c:	440.5	90.5	315.0
		ub :	457.0972	106.926	329.5512
		lb :	423.9028	74.074	300.4488
		P^-1:
			0.0105	0.0009	0.0023
			0.0009	0.0115	0.0028
			0.0023	0.0028	0.0119
		A:
			0.6568	0.7499	0.0798
			0.8077	0.2082	0.5517
			0.1165	0.7746	-0.6217
			0.4288	0.6989	0.5725
			0.2335	0.0929	0.9679
			0.9473	-0.3188	0.0325
		b:
			387.658
			553.0402
			-67.6763
			436.5502
			421.1528
			404.6819
	==================================================================================
	Q5:
		Shape: Polyhedra
		q_c:	437.5	70.0	337.0
		ub :	452.7622	87.205	353.0116
		lb :	422.2378	52.795	320.9884
		A:
			0.8663	0.499	-0.0228
			0.3192	0.8697	-0.3765
			0.8611	-0.4539	-0.229
			-0.8538	-0.2842	0.4362
			0.3487	-0.8722	-0.343
			-0.1654	0.6491	-0.7425
			0.8214	0.4116	0.3948
			-0.1839	-0.464	0.8665
			0.5398	-0.7844	-0.3055
			-0.8214	-0.4116	-0.3948
			0.1839	0.464	-0.8665
			-0.5398	0.7844	0.3055
		b:
			415.5281
			83.9344
			278.4539
			-236.4769
			-13.1865
			-266.6135
			530.2261
			189.5649
			89.3222
			-512.2261
			-168.5649
			-67.3222
	==================================================================================
	Q6:
		Shape: Hybrid
		q_c:	452.5	85.0	337.0
		ub :	463.4435	93.161	348.0085
		lb :	441.5565	76.839	325.9915
		P^-1:
			0.0272	0.0053	0.0101
			0.0053	0.0276	0.0046
			0.0101	0.0046	0.0244
		A:
			0.5	-0.8359	-0.2263
			-0.5034	-0.7024	0.5032
			-0.1926	-0.9519	-0.2382
			-0.7411	-0.0964	-0.6644
			-0.9564	0.2001	-0.2127
			-0.1829	-0.4985	-0.8474
		b:
			83.2993
			-113.3089
			-245.0776
			-564.6811
			-483.6425
			-407.229


===========================================================================================
===========================================================================================
S11:
	q_c:	59.5	427.0	265.0
	ub :	73.0322	445.5213	284.0573
	lb :	48.4257	404.3176	249.2663

	==================================================================================
	Q1:
		Shape: Ellipse
		q_c:	62.5	415.5	275.0
		ub :	73.0322	426.6824	284.0573
		lb :	51.9678	404.3176	265.9427
		P^-1:
			0.0216	-0.0023	0.0029
			-0.0023	0.0249	-0.0056
			0.0029	-0.0056	0.0274
	==================================================================================
	Q2:
		Shape: Polyhedra
		q_c:	53.5	428.0	261.0
		ub :	58.5743	434.1763	266.9588
		lb :	48.4257	421.8237	255.0412
		A:
			0.779	0.533	0.3302
			-0.7429	-0.5669	-0.3559
			-0.906	-0.3022	-0.2963
			0.9157	0.1172	0.3844
			-0.9268	-0.349	-0.1386
			0.5278	0.6414	0.5568
			0.7501	0.4931	0.4408
			-0.5647	0.1306	0.8149
			0.3442	-0.8601	0.3764
			-0.7501	-0.4931	-0.4408
			0.5647	-0.1306	-0.8149
			-0.3442	0.8601	-0.3764
		b:
			357.1386
			-374.1074
			-253.4768
			201.9266
			-233.3314
			449.7518
			367.2038
			242.379
			-245.4706
			-365.2038
			-234.379
			257.4706
	==================================================================================
	Q3:
		Shape: Polyhedra
		q_c:	63.0	417.5	263.0
		ub :	70.5398	423.6173	269.8477
		lb :	55.4602	411.3827	256.1523
		A:
			0.51	-0.8466	0.1524
			-0.1931	0.7771	0.599
			0.4878	-0.7789	-0.3942
			0.9228	-0.0164	0.385
			-0.046	-0.9891	0.1399
			0.539	0.8413	0.0402
			0.6739	0.3051	0.6729
			0.4417	-0.8965	-0.0358
			0.5923	0.3213	-0.7388
			-0.6739	-0.3051	-0.6729
			-0.4417	0.8965	0.0358
			-0.5923	-0.3213	0.7388
		b:
			-277.6909
			473.7572
			-394.4124
			156.9341
			-375.1533
			400.2184
			351.312
			-352.371
			-17.8375
			-342.312
			359.371
			27.8375
	==================================================================================
	Q4:
		Shape: Polyhedra
		q_c:	58.0	438.0	274.5
		ub :	65.5873	445.5213	281.621
		lb :	50.4127	430.4787	267.379
		A:
			0.7788	0.4931	-0.3877
			0.2225	0.9092	-0.3519
			0.0937	0.1368	-0.9862
			-0.0453	-0.0299	0.9985
			0.8076	-0.3366	-0.4842
			-0.2577	-0.9348	0.2445
			0.1144	0.7835	0.6108
			0.5087	0.4819	-0.7134
			-0.8533	0.3923	-0.3434
			-0.1144	-0.7835	-0.6108
			-0.5087	-0.4819	0.7134
			0.8533	-0.3923	0.3434
		b:
			158.39
			318.3826
			-201.4758
			262.3808
			-228.413
			-353.3742
			521.9636
			47.7471
			34.5598
			-512.9636
			-41.7471
			-21.5598
	==================================================================================
	Q5:
		Shape: Polyhedra
		q_c:	64.0	431.0	258.5
		ub :	72.906	440.0471	267.7337
		lb :	55.094	421.9529	249.2663
		A:
			-0.1673	0.2496	0.9538
			0.6211	0.7833	-0.0243
			0.1752	-0.2809	0.9436
			-0.4739	0.8792	0.049
			-0.9471	-0.3183	0.0405
			-0.9372	-0.3488	0.0048
			0.5251	0.2664	0.8083
			0.2602	0.854	-0.4505
			-0.8103	0.4469	0.3791
			-0.5251	-0.2664	-0.8083
			-0.2602	-0.854	0.4505
			0.8103	-0.4469	-0.3791
		b:
			348.9476
			376.9315
			139.7821
			366.9562
			-181.7079
			-203.4158
			362.856
			274.2713
			244.2602
			-351.856
			-262.2713
			-233.2602
	==================================================================================
	Q6:
		Shape: Polyhedra
		q_c:	56.5	418.5	264.5
		ub :	63.8535	424.4442	272.3297
		lb :	49.1465	412.5558	256.6703
		A:
			0.3872	-0.8396	-0.381
			-0.3049	0.7624	-0.5708
			-0.7841	0.5705	-0.2444
			-0.5171	-0.8555	0.0267
			0.5406	-0.8257	-0.1613
			-0.0167	-0.776	-0.6306
			0.6824	0.32	0.6572
			-0.7167	0.1158	0.6878
			0.144	-0.9403	0.3084
			-0.6824	-0.32	-0.6572
			0.7167	-0.1158	-0.6878
			-0.144	0.9403	-0.3084
		b:
			-424.9437
			155.2412
			134.4808
			-375.9468
			-352.3547
			-487.8968
			349.3196
			196.3834
			-299.3121
			-343.3196
			-183.3834
			308.3121


===========================================================================================
===========================================================================================
S12:
	q_c:	216.5	44.0	411.5
	ub :	230.4175	56.1072	430.3522
	lb :	206.7806	31.9125	415.6892

	==================================================================================
	Q1:
		Shape: Ellipse
		q_c:	212.5	43.5	425.0
		ub :	218.2194	49.4997	429.4834
		lb :	206.7806	37.5003	420.5166
		P^-1:
			0.1408	0.0723	-0.1481
			0.0723	0.1099	-0.11
			-0.1481	-0.11	0.3056
	==================================================================================
	Q2:
		Shape: Ellipse
		q_c:	217.5	35.5	425.5
		ub :	221.6975	39.0875	428.4135
		lb :	213.3025	31.9125	422.5865
		P^-1:
			0.2918	0.3073	0.0243
			0.3073	0.6145	0.3064
			0.0243	0.3064	0.6006
	==================================================================================
	Q3:
		Shape: Ellipse
		q_c:	226.5	42.5	421.0
		ub :	230.4175	46.9915	425.5478
		lb :	222.5825	38.0085	416.4522
		P^-1:
			0.1365	-0.017	-0.0176
			-0.017	0.1478	-0.0127
			-0.0176	-0.0127	0.1469
	==================================================================================
	Q4:
		Shape: Hybrid
		q_c:	216.0	42.0	423.5
		ub :	221.8059	48.2733	430.3522
		lb :	210.1941	35.7267	416.6478
		P^-1:
			0.0961	0.0431	0.0214
			0.0431	0.0963	0.039
			0.0214	0.039	0.0701
		A:
			-0.8329	-0.5528	0.0266
			0.7692	-0.25	-0.5881
			0.745	0.3677	0.5566
			-0.2604	-0.6906	0.6748
			-0.8669	-0.4916	-0.0818
			-0.7764	-0.2873	0.5609
		b:
			-190.0964
			-90.6504
			413.7366
			203.9172
			-240.9013
			60.4901
	==================================================================================
	Q5:
		Shape: Polyhedra
		q_c:	226.0	53.0	424.5
		ub :	230.295	56.1072	428.634
		lb :	221.705	49.8928	420.366
		A:
			0.9594	-0.02	0.2814
			-0.2302	0.3199	0.9191
			-0.4515	-0.8613	0.2331
			-0.0766	0.9454	-0.3168
			-0.9189	-0.133	-0.3713
			0.096	-0.8396	0.5346
			0.6984	0.1132	0.7067
			-0.6501	-0.3127	0.6926
			0.2994	-0.9431	-0.1448
			-0.6984	-0.1132	-0.7067
			0.6501	0.3127	-0.6926
			-0.2994	0.9431	0.1448
		b:
			337.7909
			357.7187
			-46.1572
			-99.4144
			-369.7707
			206.5749
			466.327
			133.5014
			-41.8077
			-461.327
			-127.5014
			45.8077
	==================================================================================
	Q6:
		Shape: Hybrid
		q_c:	217.5	39.5	422.0
		ub :	219.7427	45.6786	428.3108
		lb :	215.2573	33.3214	415.6892
		P^-1:
			3.6873	-0.0736	-1.0653
			-0.0736	0.0492	0.0178
			-1.0653	0.0178	0.3529
		A:
			0.8823	0.0481	-0.4682
			0.9182	-0.1216	-0.3771
			-0.7196	0.6287	-0.2948
			0.9439	-0.1022	-0.314
			-0.9687	-0.009	0.2481
			0.9476	-0.1315	-0.2913
		b:
			-2.9149
			36.3936
			-252.748
			69.1889
			-106.0379
			78.4428


===========================================================================================
===========================================================================================
