3D_45_20_6_b                l = 3

===========================================================================================
===========================================================================================
S1:
	q_c:    207.0000    119.5000    251.0000
	ub :    220.0000    138.0000    256.0000
	lb :    194.0000    101.0000    246.0000

	==================================================================================
	Q1:
		Shape: Polyhedra
		q_c:    207.0000    120.0000    255.5000
		ub :    211.5173    124.6130    259.0902
		lb :    202.4827    115.3870    251.9098
		A:
			    -0.4077    -0.3365    0.8489
			    -0.9343    0.0966    -0.3433
			    0.4634    0.3332    -0.8211
			    0.2110    0.7109    -0.6709
			    -0.5954    -0.6480    0.4749
			    0.6100    -0.7621    -0.2168
			    0.3187    0.5520    0.7705
			    0.5103    0.5851    -0.6303
			    -0.7988    0.5941    -0.0952
			    -0.3187    -0.5520    -0.7705
			    -0.5103    -0.5851    0.6303
			    0.7988    -0.5941    0.0952
		b:
			    93.8557
			    -266.1997
			    -72.1754
			    -40.6115
			    -78.0937
			    -17.1504
			    332.0829
			    16.3018
			    -114.8834
			    -326.0829
			    -13.3018
			    121.8834
	==================================================================================
	Q2:
		Shape: Ellipse
		q_c:    210.0000    124.0000    257.0000
		ub :    215.2216    130.0382    262.5182
		lb :    204.7784    117.9618    251.4818
		P^-1: 
			    0.0865    0.0043    -0.0120
			    0.0043    0.0811    -0.0206
			    -0.0120    -0.0206    0.0877
	==================================================================================
	Q3:
		Shape: Ellipse
		q_c:    210.5000    118.0000    247.5000
		ub :    214.4344    120.8929    249.5631
		lb :    206.5656    115.1071    245.4369
		P^-1: 
			    0.1109    0.0985    -0.0076
			    0.0985    0.4153    0.0022
			    -0.0076    0.0022    0.4443
	==================================================================================
	Q4:
		Shape: Polyhedra
		q_c:    208.0000    117.0000    247.0000
		ub :    211.9529    121.7462    252.2351
		lb :    204.0471    112.2538    241.7649
		A:
			    0.2562    0.0463    -0.9655
			    -0.3722    -0.5723    -0.7307
			    -0.7280    -0.5493    -0.4102
			    0.3446    0.1167    0.9315
			    0.7203    0.6016    0.3452
			    0.7416    -0.3859    -0.5487
			    0.6819    0.5951    0.4253
			    0.7028    -0.3718    -0.6065
			    -0.2028    0.7125    -0.6718
			    -0.6819    -0.5951    -0.4253
			    -0.7028    0.3718    0.6065
			    0.2028    -0.7125    0.6718
		b:
			    -176.1485
			    -323.0968
			    -315.9879
			    318.2547
			    306.5378
			    -22.9129
			    317.5141
			    -43.6127
			    -120.7445
			    -315.5141
			    50.6127
			    128.7445
	==================================================================================
	Q5:
		Shape: Hybrid
		q_c:    212.5000    118.0000    248.0000
		ub :    214.7338    120.0325    249.7837
		lb :    210.2662    115.9675    246.2163
		P^-1: 
			    0.2538    0.0268    -0.0011
			    0.0268    0.4407    0.0002
			    -0.0011    0.0002    0.4444
		A:
			    0.1146    -0.7832    0.6112
			    0.4953    -0.2056    0.8440
			    -0.2100    0.9621    -0.1739
			    -0.6647    -0.7471    0.0066
			    -0.6914    -0.2193    -0.6884
			    0.8252    -0.3343    -0.4552
		b:
			    84.2850
			    291.2223
			    26.5939
			    -226.8415
			    -342.5349
			    24.1449
	==================================================================================
	Q6:
		Shape: Hybrid
		q_c:    208.0000    124.5000    252.0000
		ub :    212.0826    128.9630    256.4209
		lb :    203.9174    120.0370    247.5791
		P^-1: 
			    0.2036    0.0629    0.0184
			    0.0629    0.1538    0.0125
			    0.0184    0.0125    0.1148
		A:
			    0.6851    0.5071    -0.5229
			    -0.2595    0.7132    0.6512
			    0.5441    0.8390    -0.0003
			    0.9636    0.2431    -0.1111
			    -0.9684    -0.1485    0.2004
			    -0.9310    -0.2052    0.3018
		b:
			    75.3412
			    200.8484
			    218.7710
			    203.9163
			    -168.0746
			    -141.7705


===========================================================================================
===========================================================================================
S2:
	q_c:    515.5000    138.0000    447.5000
	ub :    539.0000    152.0000    476.0000
	lb :    492.0000    124.0000    419.0000

	==================================================================================
	Q1:
		Shape: Polyhedra
		q_c:    510.0000    147.5000    435.5000
		ub :    517.9026    155.7217    444.9264
		lb :    502.0974    139.2783    426.0736
		A:
			    0.5648    0.6961    0.4432
			    0.6230    0.7788    0.0737
			    0.8880    -0.4124    0.2036
			    0.4534    0.2913    0.8424
			    -0.3773    -0.9249    -0.0459
			    -0.3928    0.6510    -0.6496
			    0.8441    0.3461    0.4094
			    0.0898    -0.8442    0.5285
			    0.5286    -0.4093    -0.7437
			    -0.8441    -0.3461    -0.4094
			    -0.0898    0.8442    -0.5285
			    -0.5286    0.4093    0.7437
		b:
			    588.5622
			    469.1655
			    485.9039
			    646.3009
			    -344.2200
			    -382.6871
			    664.3732
			    155.9329
			    -107.6818
			    -655.3732
			    -146.9329
			    121.6818
	==================================================================================
	Q2:
		Shape: Ellipse
		q_c:    518.5000    136.0000    458.0000
		ub :    526.0118    141.4580    465.5975
		lb :    510.9882    130.5420    450.4025
		P^-1: 
			    0.0969    -0.0899    0.0360
			    -0.0899    0.1878    -0.0210
			    0.0360    -0.0210    0.0514
	==================================================================================
	Q3:
		Shape: Polyhedra
		q_c:    518.5000    140.5000    461.0000
		ub :    523.5479    145.3626    464.8377
		lb :    513.4521    135.6374    457.1623
		A:
			    -0.9081    0.2795    0.3118
			    0.6584    -0.7059    -0.2613
			    -0.9358    -0.0808    0.3432
			    -0.6085    -0.7291    0.3134
			    0.9814    0.1136    -0.1547
			    -0.5692    -0.8001    0.1895
			    0.7380    0.3915    0.5495
			    -0.5015    -0.2267    0.8350
			    0.4515    -0.8918    0.0290
			    -0.7380    -0.3915    -0.5495
			    0.5015    0.2267    -0.8350
			    -0.4515    0.8918    -0.0290
		b:
			    -284.7991
			    125.0799
			    -335.5762
			    -270.6305
			    456.3822
			    -317.2172
			    694.0269
			    95.5578
			    125.6703
			    -688.0269
			    -90.5578
			    -118.6703
	==================================================================================
	Q4:
		Shape: Hybrid
		q_c:    526.5000    145.5000    449.0000
		ub :    529.9855    149.2755    452.7961
		lb :    523.0145    141.7245    445.2039
		P^-1: 
			    0.1604    0.0040    0.0044
			    0.0040    0.2010    0.0446
			    0.0044    0.0446    0.2086
		A:
			    0.0523    0.9986    0.0044
			    -0.7816    -0.3352    0.5260
			    0.5602    -0.6290    -0.5390
			    -0.7749    0.5140    0.3678
			    -0.0449    -0.6050    -0.7950
			    -0.1748    -0.7820    0.5983
		b:
			    176.1079
			    -222.6102
			    -37.3747
			    -166.6985
			    -467.5892
			    64.3027
	==================================================================================
	Q5:
		Shape: Hybrid
		q_c:    508.0000    144.5000    454.5000
		ub :    515.3865    155.1253    462.7089
		lb :    500.6135    133.8747    446.2911
		P^-1: 
			    0.2113    -0.0512    -0.1992
			    -0.0512    0.0366    0.0696
			    -0.1992    0.0696    0.2419
		A:
			    0.5331    -0.3829    -0.7545
			    0.8012    -0.3621    -0.4764
			    -0.6796    0.3523    0.6434
			    0.1142    0.8769    0.4669
			    0.4717    -0.0619    -0.8796
			    -0.2745    0.7644    0.5834
		b:
			    -126.1793
			    140.4967
			    -0.5357
			    402.1282
			    -167.0364
			    240.2133
	==================================================================================
	Q6:
		Shape: Hybrid
		q_c:    523.0000    151.0000    457.0000
		ub :    526.4483    155.0652    459.4565
		lb :    519.5517    146.9348    454.5435
		P^-1: 
			    0.2447    -0.0524    -0.0620
			    -0.0524    0.1070    -0.0322
			    -0.0620    -0.0322    0.4244
		A:
			    -0.7364    -0.2079    -0.6438
			    -0.6528    0.2309    -0.7215
			    -0.2240    0.4707    -0.8534
			    -0.1061    -0.0150    -0.9942
			    -0.3389    0.8422    0.4193
			    0.9066    -0.2631    -0.3300
		b:
			    -709.0080
			    -635.1171
			    -434.9777
			    -511.2040
			    143.6146
			    284.7429


===========================================================================================
===========================================================================================
S3:
	q_c:    454.5000    57.0000    488.5000
	ub :    476.0000    61.0000    512.0000
	lb :    433.0000    53.0000    465.0000

	==================================================================================
	Q1:
		Shape: Polyhedra
		q_c:    452.5000    60.0000    486.0000
		ub :    456.9611    64.3521    489.5614
		lb :    448.0389    55.6479    482.4386
		A:
			    0.4589    0.6020    -0.6534
			    0.4508    0.8448    -0.2882
			    0.6969    -0.5099    0.5043
			    -0.3044    -0.9034    0.3022
			    -0.0329    -0.8931    -0.4486
			    0.3091    0.6416    -0.7020
			    0.6642    0.5269    0.5303
			    -0.7169    0.6500    0.2521
			    -0.2118    -0.5476    0.8095
			    -0.6642    -0.5269    -0.5303
			    0.7169    -0.6500    -0.2521
			    0.2118    0.5476    -0.8095
		b:
			    -72.1041
			    116.7972
			    532.4981
			    -42.9193
			    -283.5277
			    -161.2669
			    592.8851
			    -159.8721
			    266.1895
			    -586.8851
			    165.8721
			    -263.1895
	==================================================================================
	Q2:
		Shape: Polyhedra
		q_c:    455.0000    57.0000    485.5000
		ub :    459.2419    60.3018    489.5195
		lb :    450.7581    53.6982    481.4805
		A:
			    -0.8915    0.4230    -0.1622
			    0.3344    -0.3709    0.8664
			    0.7439    0.5962    -0.3018
			    -0.7939    0.4466    0.4127
			    -0.0839    -0.9694    0.2306
			    0.1060    0.9329    -0.3442
			    0.7499    0.4099    0.5192
			    0.4319    -0.8979    0.0851
			    0.5011    0.1604    -0.8504
			    -0.7499    -0.4099    -0.5192
			    -0.4319    0.8979    -0.0851
			    -0.5011    -0.1604    0.8504
		b:
			    -458.0325
			    554.2264
			    228.7047
			    -132.8538
			    20.7830
			    -63.3984
			    619.1563
			    188.6533
			    -172.7265
			    -614.1563
			    -184.6533
			    178.7265
	==================================================================================
	Q3:
		Shape: Polyhedra
		q_c:    450.0000    58.0000    493.0000
		ub :    453.2545    60.7658    496.2113
		lb :    446.7455    55.2342    489.7887
		A:
			    0.3347    0.9382    -0.0878
			    -0.0125    0.4957    0.8684
			    0.3515    0.9205    -0.1708
			    -0.5265    -0.8418    -0.1193
			    -0.0287    0.6533    0.7565
			    -0.3747    0.0171    0.9270
			    0.1651    0.7227    0.6712
			    -0.3516    0.6789    -0.6446
			    -0.9215    -0.1296    0.3662
			    -0.1651    -0.7227    -0.6712
			    0.3516    -0.6789    0.6446
			    0.9215    0.1296    -0.3662
		b:
			    163.6760
			    452.8490
			    129.3466
			    -342.6365
			    399.4902
			    291.4686
			    448.5764
			    -434.6128
			    -239.1711
			    -445.5764
			    438.6128
			    244.1711
	==================================================================================
	Q4:
		Shape: Polyhedra
		q_c:    459.5000    55.5000    492.5000
		ub :    461.7170    57.6874    495.6499
		lb :    457.2830    53.3126    489.3501
		A:
			    0.7079    -0.6468    0.2839
			    -0.2641    -0.9557    -0.1302
			    -0.9180    -0.3701    -0.1424
			    0.9357    -0.2077    0.2851
			    0.9463    -0.2022    -0.2523
			    0.4281    0.9018    0.0596
			    0.7601    0.6117    0.2193
			    -0.6265    0.7794    -0.0024
			    -0.1724    -0.1355    0.9757
			    -0.7601    -0.6117    -0.2193
			    0.6265    -0.7794    0.0024
			    0.1724    0.1355    -0.9757
		b:
			    430.8123
			    -237.3430
			    -511.4088
			    560.2046
			    301.0072
			    277.2874
			    492.1966
			    -244.3415
			    396.7824
			    -490.1966
			    247.3415
			    -390.7824
	==================================================================================
	Q5:
		Shape: Polyhedra
		q_c:    452.5000    55.0000    491.5000
		ub :    455.1431    57.9775    494.2322
		lb :    449.8569    52.0225    488.7678
		A:
			    -0.2963    -0.9001    -0.3196
			    0.4147    0.8645    0.2839
			    -0.4705    -0.6710    0.5730
			    0.9241    -0.2768    0.2633
			    0.9485    0.2389    -0.2081
			    0.7991    0.5442    -0.2555
			    0.3556    0.7127    0.6046
			    0.7053    0.2199    -0.6740
			    -0.6133    0.6661    -0.4245
			    -0.3556    -0.7127    -0.6046
			    -0.7053    -0.2199    0.6740
			    0.6133    -0.6661    0.4245
		b:
			    -338.6635
			    376.6550
			    33.1807
			    534.2210
			    341.3990
			    267.3266
			    499.2711
			    0.9588
			    -447.5275
			    -495.2711
			    1.0412
			    451.5275
	==================================================================================
	Q6:
		Shape: Ellipse
		q_c:    455.5000    58.0000    488.5000
		ub :    458.7130    60.3214    490.5228
		lb :    452.2870    55.6786    486.4772
		P^-1: 
			    0.1128    0.0151    -0.0008
			    0.0151    0.2483    0.0001
			    -0.0008    0.0001    0.2500


===========================================================================================
===========================================================================================
S4:
	q_c:    259.0000    477.5000    447.0000
	ub :    283.0000    490.0000    466.0000
	lb :    235.0000    465.0000    428.0000

	==================================================================================
	Q1:
		Shape: Hybrid
		q_c:    262.5000    490.5000    450.5000
		ub :    268.2583    496.2673    458.3486
		lb :    256.7417    484.7327    442.6514
		P^-1: 
			    0.0729    0.0022    0.0206
			    0.0022    0.0399    -0.0009
			    0.0206    -0.0009    0.0325
		A:
			    0.9981    -0.0367    0.0486
			    -0.7616    0.3050    0.5718
			    -0.8732    -0.2350    -0.4270
			    -0.5268    0.0482    -0.8486
			    -0.8614    -0.4443    -0.2462
			    0.9596    -0.1934    -0.2044
		b:
			    268.1793
			    211.4168
			    -535.0285
			    -494.0070
			    -552.8727
			    67.9480
	==================================================================================
	Q2:
		Shape: Ellipse
		q_c:    253.5000    479.0000    437.5000
		ub :    262.1071    485.9516    446.4280
		lb :    244.8929    472.0484    428.5720
		P^-1: 
			    0.0341    0.0036    -0.0016
			    0.0036    0.0458    -0.0057
			    -0.0016    -0.0057    0.0357
	==================================================================================
	Q3:
		Shape: Polyhedra
		q_c:    270.5000    465.5000    455.0000
		ub :    279.0827    474.1297    464.1371
		lb :    261.9173    456.8703    445.8629
		A:
			    0.1030    -0.9940    -0.0376
			    -0.6221    0.3405    0.7050
			    0.7230    0.4432    -0.5300
			    -0.3686    -0.7704    -0.5202
			    0.8297    0.1055    -0.5481
			    -0.3755    -0.7063    0.6002
			    0.2058    0.9028    0.3777
			    0.7219    0.1205    -0.6814
			    -0.6606    0.4129    -0.6270
			    -0.2058    -0.9028    -0.3777
			    -0.7219    -0.1205    0.6814
			    0.6606    -0.4129    0.6270
		b:
			    -445.8443
			    314.7629
			    164.1221
			    -689.3270
			    27.4051
			    -152.3620
			    653.2454
			    -55.6411
			    -263.7952
			    -642.2454
			    61.6411
			    279.7952
	==================================================================================
	Q4:
		Shape: Hybrid
		q_c:    267.0000    474.5000    451.5000
		ub :    277.5668    484.6973    460.6109
		lb :    256.4332    464.3027    442.3891
		P^-1: 
			    0.0292    -0.0094    -0.0062
			    -0.0094    0.0317    -0.0051
			    -0.0062    -0.0051    0.0278
		A:
			    -0.1231    -0.9654    0.2301
			    0.3995    0.8201    0.4097
			    0.1929    -0.9802    0.0451
			    -0.8631    0.4987    -0.0793
			    0.0848    -0.9964    0.0094
			    0.4790    0.3897    0.7866
		b:
			    -383.5552
			    685.9177
			    -390.1039
			    -26.7554
			    -442.4919
			    673.2264
	==================================================================================
	Q5:
		Shape: Hybrid
		q_c:    255.0000    488.0000    440.0000
		ub :    262.3755    492.4052    447.0274
		lb :    247.6245    483.5948    432.9726
		P^-1: 
			    0.0345    0.0019    0.0027
			    0.0019    0.0623    -0.0010
			    0.0027    -0.0010    0.0387
		A:
			    0.3995    -0.5250    -0.7515
			    -0.7550    0.6288    0.1861
			    0.5094    -0.8592    0.0482
			    -0.7081    -0.4858    -0.5124
			    -0.9169    0.3548    -0.1826
			    -0.5473    -0.8366    0.0257
		b:
			    -481.9326
			    199.2807
			    -265.6676
			    -640.2566
			    -137.8376
			    -534.0916
	==================================================================================
	Q6:
		Shape: Hybrid
		q_c:    260.0000    482.0000    432.0000
		ub :    264.1512    486.5689    436.8740
		lb :    255.8488    477.4311    427.1260
		P^-1: 
			    0.1403    0.0305    -0.0257
			    0.0305    0.1758    0.0830
			    -0.0257    0.0830    0.1565
		A:
			    -0.8783    -0.4720    -0.0756
			    0.0399    -0.3113    -0.9495
			    0.2648    0.5384    0.8000
			    -0.8115    0.0296    0.5836
			    -0.4877    -0.8254    -0.2843
			    0.7339    0.5595    0.3851
		b:
			    -487.1035
			    -548.3526
			    675.2502
			    56.8213
			    -646.2828
			    628.2612


===========================================================================================
===========================================================================================
S5:
	q_c:    91.5000    149.5000    45.0000
	ub :    113.0000    157.0000    68.0000
	lb :    70.0000    142.0000    22.0000

	==================================================================================
	Q1:
		Shape: Hybrid
		q_c:    92.5000    147.5000    42.5000
		ub :    95.6949    150.5413    45.1486
		lb :    89.3051    144.4587    39.8514
		P^-1: 
			    0.2938    0.0157    -0.0797
			    0.0157    0.2556    -0.0285
			    -0.0797    -0.0285    0.3951
		A:
			    0.9413    -0.1132    0.3180
			    0.5766    -0.5517    -0.6026
			    0.3334    -0.0879    0.9387
			    0.8676    0.3436    -0.3594
			    0.9101    0.0356    -0.4128
			    -0.1758    0.8546    0.4886
		b:
			    85.1229
			    -52.6234
			    58.8153
			    116.6242
			    72.8448
			    131.7541
	==================================================================================
	Q2:
		Shape: Hybrid
		q_c:    96.0000    144.5000    48.0000
		ub :    97.8946    147.1889    50.5352
		lb :    94.1054    141.8111    45.4648
		P^-1: 
			    0.8227    0.2474    -0.2005
			    0.2474    0.4231    0.0056
			    -0.2005    0.0056    0.4486
		A:
			    -0.0188    -0.1188    0.9927
			    -0.7588    0.5960    0.2626
			    0.9946    0.0407    -0.0957
			    -0.7559    0.6092    0.2400
			    -0.8227    -0.2164    -0.5256
			    -0.5336    -0.4316    -0.7273
		b:
			    29.8201
			    27.0249
			    97.4894
			    28.1283
			    -134.4994
			    -147.5095
	==================================================================================
	Q3:
		Shape: Ellipse
		q_c:    98.0000    152.5000    46.5000
		ub :    102.4622    156.7019    51.0668
		lb :    93.5378    148.2981    41.9332
		P^-1: 
			    0.1319    0.0098    0.0221
			    0.0098    0.1566    -0.0077
			    0.0221    -0.0077    0.1426
	==================================================================================
	Q4:
		Shape: Hybrid
		q_c:    96.5000    147.5000    50.0000
		ub :    100.0188    151.6864    53.7572
		lb :    92.9812    143.3136    46.2428
		P^-1: 
			    0.6109    0.0234    -0.4404
			    0.0234    0.1122    -0.0206
			    -0.4404    -0.0206    0.4992
		A:
			    -0.6380    -0.0660    0.7672
			    0.5701    -0.1928    -0.7987
			    0.4433    0.2646    -0.8564
			    -0.7332    0.1937    0.6519
			    -0.7317    -0.6768    0.0813
			    0.7365    0.2450    -0.6305
		b:
			    -32.3433
			    -12.5085
			    40.0434
			    -8.8886
			    -164.4491
			    76.3461
	==================================================================================
	Q5:
		Shape: Polyhedra
		q_c:    97.0000    153.0000    40.0000
		ub :    99.2693    155.3824    42.2761
		lb :    94.7307    150.6176    37.7239
		A:
			    -0.2793    0.8343    0.4753
			    -0.0396    0.9778    0.2056
			    -0.2580    0.8905    -0.3747
			    -0.4543    -0.2764    0.8469
			    -0.7093    -0.5129    0.4836
			    0.3287    -0.8697    -0.3681
			    0.1583    0.7107    0.6855
			    0.0391    0.6892    -0.7235
			    -0.9866    0.1413    0.0813
			    -0.1583    -0.7107    -0.6855
			    -0.0391    -0.6892    0.7235
			    0.9866    -0.1413    -0.0813
		b:
			    121.1727
			    155.5141
			    97.8059
			    -50.8523
			    -126.1833
			    -114.2870
			    153.0041
			    81.7973
			    -68.8298
			    -150.0041
			    -78.7973
			    72.8298
	==================================================================================
	Q6:
		Shape: Polyhedra
		q_c:    93.0000    145.5000    49.5000
		ub :    96.3165    148.1206    53.1094
		lb :    89.6835    142.8794    45.8906
		A:
			    0.5063    -0.5806    0.6376
			    -0.6751    0.3389    0.6553
			    -0.3846    0.4455    0.8084
			    0.7722    0.5438    0.3286
			    0.3040    0.6878    -0.6592
			    0.5706    0.8034    0.1704
			    0.3378    0.2483    0.9079
			    -0.0621    0.9684    -0.2417
			    -0.9392    0.0253    0.3425
			    -0.3378    -0.2483    -0.9079
			    0.0621    -0.9684    0.2417
			    0.9392    -0.0253    -0.3425
		b:
			    -3.5856
			    21.4419
			    71.5427
			    169.6325
			    97.9056
			    180.6569
			    114.9738
			    125.1616
			    -64.2111
			    -109.9738
			    -121.1616
			    69.2111


===========================================================================================
===========================================================================================
S6:
	q_c:    108.5000    493.5000    335.0000
	ub :    129.0000    504.0000    351.0000
	lb :    88.0000    483.0000    319.0000

	==================================================================================
	Q1:
		Shape: Ellipse
		q_c:    118.5000    493.5000    339.0000
		ub :    123.3314    498.0834    343.0787
		lb :    113.6686    488.9166    334.9213
		P^-1: 
			    0.1706    0.0836    0.0278
			    0.0836    0.1294    0.0323
			    0.0278    0.0323    0.1236
	==================================================================================
	Q2:
		Shape: Polyhedra
		q_c:    119.0000    495.0000    335.5000
		ub :    125.1134    500.0732    341.0224
		lb :    112.8866    489.9268    329.9776
		A:
			    -0.6207    -0.7625    0.1828
			    0.3479    0.8614    -0.3701
			    0.0426    -0.6465    -0.7617
			    0.3349    -0.1892    0.9231
			    0.0143    0.3522    0.9358
			    0.1632    0.7691    0.6179
			    0.5589    0.8131    0.1625
			    0.4629    -0.1434    -0.8747
			    -0.6880    0.5641    -0.4566
			    -0.5589    -0.8131    -0.1625
			    -0.4629    0.1434    0.8747
			    0.6880    -0.5641    0.4566
		b:
			    -387.3086
			    346.7104
			    -567.3537
			    259.9934
			    493.3843
			    610.3210
			    526.0477
			    -305.8380
			    48.7050
			    -521.0477
			    312.8380
			    -39.7050
	==================================================================================
	Q3:
		Shape: Ellipse
		q_c:    109.5000    499.0000    326.5000
		ub :    115.0804    504.5148    332.8374
		lb :    103.9196    493.4852    320.1626
		P^-1: 
			    0.0784    -0.0050    -0.0051
			    -0.0050    0.0739    -0.0080
			    -0.0051    -0.0080    0.0735
	==================================================================================
	Q4:
		Shape: Polyhedra
		q_c:    117.0000    488.0000    341.0000
		ub :    120.6489    490.7391    343.6301
		lb :    113.3511    485.2609    338.3699
		A:
			    0.1132    0.6626    -0.7404
			    0.2807    -0.5005    0.8190
			    0.0379    -0.7062    0.7070
			    -0.0355    -0.9411    0.3363
			    0.0617    0.7137    -0.6977
			    -0.1229    0.6342    -0.7634
			    0.3029    0.6245    0.7199
			    0.0921    0.7327    -0.6743
			    -0.9486    0.2705    0.1644
			    -0.3029    -0.6245    -0.7199
			    -0.0921    -0.7327    0.6743
			    0.9486    -0.2705    -0.1644
		b:
			    84.6794
			    69.1690
			    -98.4989
			    -347.6263
			    118.1199
			    35.6207
			    588.1783
			    138.8931
			    80.0861
			    -583.1783
			    -137.8931
			    -74.0861
	==================================================================================
	Q5:
		Shape: Ellipse
		q_c:    110.0000    485.5000    340.0000
		ub :    116.6917    491.8315    346.2163
		lb :    103.3083    479.1685    333.7837
		P^-1: 
			    0.0676    0.0074    0.0111
			    0.0074    0.0438    -0.0041
			    0.0111    -0.0041    0.0728
	==================================================================================
	Q6:
		Shape: Hybrid
		q_c:    114.0000    489.5000    345.5000
		ub :    119.9055    492.5072    350.8390
		lb :    108.0945    486.4928    340.1610
		P^-1: 
			    0.1994    0.2157    -0.2404
			    0.2157    0.6047    -0.3615
			    -0.2404    -0.3615    0.3890
		A:
			    -0.5137    -0.3277    0.7929
			    -0.0959    -0.5394    0.8366
			    0.2539    0.7555    -0.6039
			    0.5724    0.6704    -0.4721
			    0.2022    0.8448    -0.4954
			    0.8565    0.1565    -0.4918
		b:
			    55.9543
			    15.9407
			    190.7700
			    231.3511
			    266.0668
			    6.4510


===========================================================================================
===========================================================================================
S7:
	q_c:    451.0000    203.5000    355.0000
	ub :    463.0000    228.0000    382.0000
	lb :    439.0000    179.0000    328.0000

	==================================================================================
	Q1:
		Shape: Polyhedra
		q_c:    450.0000    198.0000    351.0000
		ub :    460.0529    207.3907    360.5813
		lb :    439.9471    188.6093    341.4187
		A:
			    -0.2692    0.9601    -0.0763
			    -0.0976    0.9836    -0.1518
			    0.8611    0.3385    0.3793
			    0.4787    0.8260    -0.2974
			    0.5435    0.7842    0.2995
			    0.0509    -0.9717    0.2306
			    0.5941    0.7351    0.3265
			    -0.7156    0.2976    0.6320
			    0.3674    -0.6091    0.7028
			    -0.5941    -0.7351    -0.3265
			    0.7156    -0.2976    -0.6320
			    -0.3674    0.6091    -0.7028
		b:
			    47.7466
			    103.0788
			    593.5816
			    280.3664
			    510.9567
			    -83.1149
			    533.5238
			    -34.7461
			    296.4145
			    -521.5238
			    47.7461
			    -286.4145
	==================================================================================
	Q2:
		Shape: Ellipse
		q_c:    444.5000    197.5000    360.5000
		ub :    451.5428    204.9060    366.9267
		lb :    437.4572    190.0940    354.0733
		P^-1: 
			    0.0583    -0.0090    -0.0131
			    -0.0090    0.0582    0.0149
			    -0.0131    0.0149    0.0545
	==================================================================================
	Q3:
		Shape: Polyhedra
		q_c:    451.5000    196.5000    356.5000
		ub :    456.3584    200.6259    360.5291
		lb :    446.6416    192.3741    352.4709
		A:
			    0.1791    -0.9614    -0.2087
			    -0.4319    -0.8477    -0.3080
			    0.7471    -0.5829    0.3195
			    -0.4150    -0.4884    -0.7676
			    -0.2696    0.8414    -0.4684
			    -0.1581    -0.8718    -0.4637
			    0.0580    0.8352    0.5468
			    0.0782    0.5423    -0.8365
			    -0.9952    0.0913    -0.0339
			    -0.0580    -0.8352    -0.5468
			    -0.0782    -0.5423    0.8365
			    0.9952    -0.0913    0.0339
		b:
			    -179.7163
			    -468.5131
			    340.7056
			    -554.0364
			    -120.2501
			    -405.4665
			    387.7774
			    -153.3533
			    -438.9769
			    -382.7774
			    159.3533
			    447.9769
	==================================================================================
	Q4:
		Shape: Polyhedra
		q_c:    446.0000    213.0000    365.0000
		ub :    451.4713    217.4537    370.3698
		lb :    440.5287    208.5463    359.6302
		A:
			    0.3208    -0.7834    -0.5323
			    -0.8104    -0.5758    0.1081
			    -0.7791    0.0924    0.6201
			    0.6097    -0.2466    -0.7533
			    0.5425    -0.7322    -0.4118
			    -0.8606    -0.5064    -0.0542
			    0.4383    0.0166    0.8987
			    -0.3543    0.9221    0.1557
			    -0.8261    -0.3866    0.4100
			    -0.4383    -0.0166    -0.8987
			    0.3543    -0.9221    -0.1557
			    0.8261    0.3866    -0.4100
		b:
			    -214.5519
			    -441.5230
			    -98.2724
			    -52.1977
			    -60.8614
			    -508.2519
			    531.0435
			    98.7349
			    -298.1070
			    -523.0435
			    -91.7349
			    304.1070
	==================================================================================
	Q5:
		Shape: Hybrid
		q_c:    460.5000    207.0000    348.0000
		ub :    467.0021    215.0771    356.2800
		lb :    453.9979    198.9229    339.7200
		P^-1: 
			    0.1772    -0.1045    0.0044
			    -0.1045    0.0991    -0.0084
			    0.0044    -0.0084    0.0304
		A:
			    0.7802    -0.6153    0.1126
			    -0.9935    0.0468    0.1042
			    -0.6924    -0.4306    0.5789
			    0.4969    -0.6462    0.5793
			    -0.5226    0.4826    -0.7028
			    -0.9007    0.3967    0.1771
		b:
			    272.1603
			    -408.8757
			    -202.1629
			    299.3604
			    -382.1865
			    -269.5570
	==================================================================================
	Q6:
		Shape: Ellipse
		q_c:    458.5000    205.5000    346.5000
		ub :    469.0763    213.5787    357.0221
		lb :    447.9237    197.4213    335.9779
		P^-1: 
			    0.0275    -0.0093    -0.0083
			    -0.0093    0.0419    0.0049
			    -0.0083    0.0049    0.0255


===========================================================================================
===========================================================================================
S8:
	q_c:    281.0000    98.5000    271.0000
	ub :    305.0000    124.0000    278.0000
	lb :    257.0000    73.0000    264.0000

	==================================================================================
	Q1:
		Shape: Hybrid
		q_c:    275.0000    98.5000    272.0000
		ub :    280.1783    101.8498    277.3034
		lb :    269.8217    95.1502    266.6966
		P^-1: 
			    0.1283    -0.0547    0.0408
			    -0.0547    0.2075    -0.0332
			    0.0408    -0.0332    0.0878
		A:
			    0.1570    -0.8102    0.5648
			    0.8451    0.4499    -0.2887
			    0.0769    0.9790    -0.1887
			    0.5052    0.8621    -0.0399
			    0.2266    0.9050    -0.3600
			    0.1123    -0.9634    -0.2435
		b:
			    118.4342
			    200.7243
			    67.6899
			    214.9080
			    55.2646
			    -128.7159
	==================================================================================
	Q2:
		Shape: Hybrid
		q_c:    278.5000    99.5000    265.0000
		ub :    282.3892    103.8241    268.9101
		lb :    274.6108    95.1759    261.0899
		P^-1: 
			    0.1362    0.0196    0.0146
			    0.0196    0.1749    -0.0548
			    0.0146    -0.0548    0.2100
		A:
			    0.0214    0.9737    0.2268
			    -0.1896    -0.0387    -0.9811
			    0.2823    0.8760    0.3911
			    -0.0500    0.9240    -0.3790
			    -0.4346    0.0558    -0.8989
			    -0.7566    0.4174    0.5032
		b:
			    164.6018
			    -315.3798
			    271.0157
			    -21.1853
			    -352.4561
			    -33.8636
	==================================================================================
	Q3:
		Shape: Polyhedra
		q_c:    274.5000    99.0000    265.5000
		ub :    276.7820    102.8402    269.0534
		lb :    272.2180    95.1598    261.9466
		A:
			    -0.8133    0.4310    0.3909
			    0.3633    0.3169    0.8761
			    0.6649    0.7465    -0.0230
			    -0.0523    -0.9103    -0.4105
			    0.2174    -0.5725    -0.7905
			    -0.1592    -0.8479    -0.5057
			    0.9687    0.2456    0.0374
			    0.1530    -0.7084    0.6891
			    0.1957    -0.6618    -0.7237
			    -0.9687    -0.2456    -0.0374
			    -0.1530    0.7084    -0.6891
			    -0.1957    0.6618    0.7237
		b:
			    -75.2128
			    365.7485
			    252.3702
			    -211.6031
			    -205.3539
			    -260.2312
			    301.6269
			    158.3210
			    -202.4505
			    -298.6269
			    -151.3210
			    205.4505
	==================================================================================
	Q4:
		Shape: Polyhedra
		q_c:    280.0000    94.5000    274.5000
		ub :    283.6424    97.9383    277.2124
		lb :    276.3576    91.0617    271.7876
		A:
			    -0.0918    -0.8304    -0.5496
			    -0.5694    0.2349    0.7878
			    -0.1178    -0.9642    -0.2374
			    0.5341    0.3916    0.7493
			    -0.2631    -0.1175    0.9576
			    0.6588    -0.3864    0.6456
			    0.3382    0.6685    0.6624
			    0.9137    -0.4017    -0.0611
			    0.2252    0.6259    -0.7467
			    -0.3382    -0.6685    -0.6624
			    -0.9137    0.4017    0.0611
			    -0.2252    -0.6259    0.7467
		b:
			    -253.7270
			    81.4978
			    -187.6215
			    393.5812
			    180.3716
			    327.7671
			    340.6817
			    204.1192
			    -80.2523
			    -338.6817
			    -198.1192
			    85.2523
	==================================================================================
	Q5:
		Shape: Polyhedra
		q_c:    279.5000    106.5000    266.5000
		ub :    283.0844    110.1998    269.9671
		lb :    275.9156    102.8002    263.0329
		A:
			    -0.3752    0.6923    0.6164
			    -0.4083    -0.4073    -0.8169
			    0.4822    -0.2402    -0.8425
			    -0.3091    0.4480    -0.8389
			    0.1682    0.7828    0.5991
			    -0.2583    0.3364    -0.9056
			    0.9135    0.3872    0.1245
			    0.2697    -0.8058    0.5272
			    0.3045    -0.4481    -0.8405
			    -0.9135    -0.3872    -0.1245
			    -0.2697    0.8058    -0.5272
			    -0.3045    0.4481    0.8405
		b:
			    135.5726
			    -372.7372
			    -112.8566
			    -260.1227
			    292.5087
			    -275.5288
			    332.2511
			    132.0762
			    -184.1256
			    -327.2511
			    -128.0762
			    189.1256
	==================================================================================
	Q6:
		Shape: Polyhedra
		q_c:    276.0000    99.5000    271.0000
		ub :    280.1945    104.6977    276.1651
		lb :    271.8055    94.3023    265.8349
		A:
			    0.6371    -0.1704    -0.7517
			    0.8754    0.2454    -0.4166
			    -0.8877    0.4528    -0.0835
			    -0.2644    0.6610    0.7023
			    0.4397    -0.3574    -0.8240
			    -0.4114    0.3009    0.8604
			    0.6503    0.6951    0.3066
			    0.7346    -0.4725    -0.4869
			    -0.1936    0.5419    -0.8179
			    -0.6503    -0.6951    -0.3066
			    -0.7346    0.4725    0.4869
			    0.1936    -0.5419    0.8179
		b:
			    -42.3750
			    155.7701
			    -219.8652
			    185.4861
			    -135.0234
			    152.1677
			    334.7196
			    25.7818
			    -217.1646
			    -328.7196
			    -21.7818
			    225.1646


===========================================================================================
===========================================================================================
S9:
	q_c:    266.5000    57.5000    124.0000
	ub :    287.0000    85.0000    145.0000
	lb :    246.0000    30.0000    103.0000

	==================================================================================
	Q1:
		Shape: Ellipse
		q_c:    286.0000    42.0000    110.5000
		ub :    302.1664    56.0898    122.7387
		lb :    269.8336    27.9102    98.2613
		P^-1: 
			    0.0050    0.0014    -0.0001
			    0.0014    0.0136    0.0000
			    -0.0001    0.0000    0.0138
	==================================================================================
	Q2:
		Shape: Ellipse
		q_c:    286.5000    67.0000    139.0000
		ub :    303.8020    86.6076    157.8264
		lb :    269.1980    47.3924    120.1736
		P^-1: 
			    0.0126    0.0027    -0.0055
			    0.0027    0.0068    -0.0010
			    -0.0055    -0.0010    0.0105
	==================================================================================
	Q3:
		Shape: Ellipse
		q_c:    271.5000    45.5000    117.5000
		ub :    284.9324    55.8493    127.2730
		lb :    258.0676    35.1507    107.7270
		P^-1: 
			    0.0129    -0.0181    0.0119
			    -0.0181    0.1326    -0.1165
			    0.0119    -0.1165    0.1305
	==================================================================================
	Q4:
		Shape: Polyhedra
		q_c:    260.5000    78.5000    107.0000
		ub :    276.1451    92.8197    119.4480
		lb :    244.8549    64.1803    94.5520
		A:
			    -0.4228    -0.3858    0.8200
			    -0.0065    0.9633    -0.2685
			    -0.2567    0.9644    -0.0641
			    -0.6628    0.7207    -0.2033
			    -0.6357    -0.1073    -0.7645
			    0.6433    0.5053    -0.5752
			    0.9187    0.3212    0.2297
			    0.1755    -0.8532    0.4912
			    0.3537    -0.4110    -0.8402
			    -0.9187    -0.3212    -0.2297
			    -0.1755    0.8532    -0.4912
			    -0.3537    0.4110    0.8402
		b:
			    -44.3489
			    54.3984
			    10.4976
			    -128.2955
			    -244.5439
			    155.8775
			    302.1225
			    40.2816
			    -24.0186
			    -276.1225
			    -22.2816
			    36.0186
	==================================================================================
	Q5:
		Shape: Ellipse
		q_c:    258.0000    41.5000    120.5000
		ub :    274.7124    55.8684    135.2319
		lb :    241.2876    27.1316    105.7681
		P^-1: 
			    0.0105    -0.0026    0.0060
			    -0.0026    0.0119    -0.0053
			    0.0060    -0.0053    0.0172
	==================================================================================
	Q6:
		Shape: Hybrid
		q_c:    287.0000    40.5000    130.0000
		ub :    297.7258    45.1772    139.5036
		lb :    276.2742    35.8228    120.4964
		P^-1: 
			    0.0380    -0.0103    0.0371
			    -0.0103    0.1052    -0.0068
			    0.0371    -0.0068    0.0595
		A:
			    -0.5782    -0.0009    -0.8159
			    0.5757    -0.1297    0.8073
			    -0.5928    0.3989    -0.6996
			    -0.2603    0.8900    -0.3744
			    0.4473    -0.1696    0.8782
			    0.0336    -0.9027    -0.4290
		b:
			    -270.1339
			    266.7853
			    -243.1742
			    -85.7888
			    237.8725
			    -80.1941


===========================================================================================
===========================================================================================
S10:
	q_c:    193.0000    401.0000    351.5000
	ub :    205.0000    423.0000    375.0000
	lb :    181.0000    379.0000    328.0000

	==================================================================================
	Q1:
		Shape: Ellipse
		q_c:    204.5000    387.0000    361.0000
		ub :    208.8910    390.9493    365.8843
		lb :    200.1090    383.0507    356.1157
		P^-1: 
			    0.2135    -0.1402    -0.0119
			    -0.1402    0.3176    0.1061
			    -0.0119    0.1061    0.1358
	==================================================================================
	Q2:
		Shape: Hybrid
		q_c:    182.5000    401.5000    350.0000
		ub :    187.9720    407.9249    356.5230
		lb :    177.0280    395.0751    343.4770
		P^-1: 
			    0.0811    -0.0035    0.0021
			    -0.0035    0.0586    0.0142
			    0.0021    0.0142    0.0729
		A:
			    0.2936    0.6425    -0.7078
			    0.8664    -0.2445    0.4354
			    0.6211    -0.7740    0.1234
			    -0.9642    -0.2617    -0.0429
			    -0.0736    -0.8521    0.5181
			    0.7223    0.5153    0.4613
		b:
			    66.4712
			    214.1916
			    -152.0314
			    -294.1922
			    -171.4813
			    501.9835
	==================================================================================
	Q3:
		Shape: Hybrid
		q_c:    188.5000    392.0000    344.0000
