3D_45_15_6_d                l = 3

===========================================================================================
===========================================================================================
S1:
	q_c:    517.0000    452.0000    244.0000
	ub :    523.0000    483.0000    259.0000
	lb :    511.0000    421.0000    229.0000

	==================================================================================
	Q1:
		Shape: Polyhedra
		q_c:    518.0000    447.5000    238.0000
		ub :    522.0338    451.7539    241.9831
		lb :    513.9662    443.2461    234.0169
		A:
			    0.1390    -0.8469    0.5133
			    -0.3734    -0.9277    -0.0021
			    0.0665    -0.5458    0.8353
			    -0.1366    -0.9441    0.3002
			    -0.2664    0.8794    -0.3946
			    0.1569    -0.9733    0.1678
			    0.5275    0.5571    0.6414
			    -0.8279    0.5066    0.2408
			    -0.1908    -0.6580    0.7284
			    -0.5275    -0.5571    -0.6414
			    0.8279    -0.5066    -0.2408
			    0.1908    0.6580    -0.7284
		b:
			    -182.6723
			    -606.4959
			    -8.8604
			    -419.5500
			    163.7530
			    -311.9996
			    678.1906
			    -142.2987
			    -217.9438
			    -672.1906
			    147.2987
			    221.9438
	==================================================================================
	Q2:
		Shape: Ellipse
		q_c:    518.0000    451.0000    247.5000
		ub :    522.5848    455.9752    252.0631
		lb :    513.4152    446.0248    242.9369
		P^-1: 
			    0.1612    0.0152    0.0696
			    0.0152    0.1048    0.0396
			    0.0696    0.0396    0.1768
	==================================================================================
	Q3:
		Shape: Polyhedra
		q_c:    517.0000    457.5000    249.5000
		ub :    519.4083    460.6995    252.9797
		lb :    514.5917    454.3005    246.0203
		A:
			    -0.2798    -0.8400    -0.4648
			    0.9740    0.1888    -0.1253
			    0.6625    0.7056    -0.2513
			    0.7194    0.6422    0.2646
			    0.2470    0.9299    0.2726
			    0.5551    0.0114    -0.8317
			    0.2558    0.8275    0.4998
			    -0.1900    0.5500    -0.8133
			    -0.9479    0.1131    0.2979
			    -0.2558    -0.8275    -0.4998
			    0.1900    -0.5500    0.8133
			    0.9479    -0.1131    -0.2979
		b:
			    -642.9494
			    560.2454
			    604.5972
			    733.6400
			    623.1589
			    86.6093
			    637.5261
			    -47.0328
			    -362.5035
			    -633.5261
			    52.0328
			    365.5035
	==================================================================================
	Q4:
		Shape: Polyhedra
		q_c:    510.0000    458.0000    241.5000
		ub :    513.9703    461.8589    244.3456
		lb :    506.0297    454.1411    238.6544
		A:
			    -0.1681    -0.7766    -0.6072
			    -0.5254    0.4281    0.7353
			    -0.9514    -0.1982    -0.2356
			    -0.4148    0.6738    -0.6115
			    -0.8971    -0.2018    0.3930
			    0.5768    0.4265    -0.6967
			    0.3101    0.9493    0.0520
			    0.9474    -0.3131    0.0662
			    0.0791    0.0287    -0.9965
			    -0.3101    -0.9493    -0.0520
			    -0.9474    0.3131    -0.0662
			    -0.0791    -0.0287    0.9965
		b:
			    -585.2044
			    108.4095
			    -629.9119
			    -47.7889
			    -452.1291
			    324.0017
			    608.4643
			    358.7720
			    -184.6511
			    -602.4643
			    -352.7720
			    189.6511
	==================================================================================
	Q5:
		Shape: Ellipse
		q_c:    515.0000    459.0000    241.5000
		ub :    519.8933    464.1467    245.8043
		lb :    510.1067    453.8533    237.1957
		P^-1: 
			    0.1082    0.0131    0.0010
			    0.0131    0.0526    -0.0044
			    0.0010    -0.0044    0.1108
	==================================================================================
	Q6:
		Shape: Hybrid
		q_c:    512.5000    450.5000    243.5000
		ub :    516.0043    452.3717    247.0810
		lb :    508.9957    448.6283    239.9190
		P^-1: 
			    2.2748    -0.7055    -1.8280
			    -0.7055    3.7115    -0.7475
			    -1.8280    -0.7475    2.0630
		A:
			    0.6376    0.0861    -0.7656
			    0.0244    -0.9458    0.3237
			    0.6732    -0.1208    -0.7295
			    -0.1662    -0.8030    0.5724
			    0.0436    0.9456    -0.3225
			    -0.6791    0.6262    0.3829
		b:
			    179.5233
			    -334.4999
			    113.3508
			    -307.1933
			    370.1091
			    27.5338


===========================================================================================
===========================================================================================
S2:
	q_c:    440.0000    428.5000    491.0000
	ub :    454.0000    438.0000    517.0000
	lb :    426.0000    419.0000    465.0000

	==================================================================================
	Q1:
		Shape: Ellipse
		q_c:    446.5000    422.0000    491.0000
		ub :    453.9178    427.5554    498.6497
		lb :    439.0822    416.4446    483.3503
		P^-1: 
			    0.0787    -0.0403    0.0467
			    -0.0403    0.0875    -0.0340
			    0.0467    -0.0340    0.0710
	==================================================================================
	Q2:
		Shape: Hybrid
		q_c:    436.0000    436.5000    489.0000
		ub :    443.1186    443.2348    495.1176
		lb :    428.8814    429.7652    482.8824
		P^-1: 
			    0.0593    0.0078    0.0008
			    0.0078    0.0434    -0.0020
			    0.0008    -0.0020    0.0623
		A:
			    -0.9071    0.3464    -0.2393
			    0.9277    -0.3645    0.0808
			    0.8480    -0.2040    -0.4891
			    0.6120    -0.0289    -0.7903
			    0.0174    0.6626    0.7488
			    0.2541    0.1947    -0.9474
		b:
			    -358.8875
			    287.3551
			    43.8519
			    -130.1568
			    665.4457
			    -265.4757
	==================================================================================
	Q3:
		Shape: Hybrid
		q_c:    441.0000    434.5000    492.5000
		ub :    444.0931    439.4555    497.6183
		lb :    437.9069    429.5445    487.3817
		P^-1: 
			    0.2195    0.0338    0.0259
			    0.0338    0.1444    0.0614
			    0.0259    0.0614    0.1085
		A:
			    -0.9775    -0.1590    -0.1383
			    -0.3457    -0.4857    -0.8028
			    -0.8571    -0.2904    0.4256
			    -0.5039    0.1151    0.8561
			    0.4820    0.3195    0.8158
			    0.6056    0.2623    -0.7513
		b:
			    -567.2122
			    -757.4428
			    -292.7344
			    251.5450
			    754.7900
			    13.3947
	==================================================================================
	Q4:
		Shape: Hybrid
		q_c:    437.0000    431.0000    488.5000
		ub :    443.0036    435.1792    494.4754
		lb :    430.9964    426.8208    482.5246
		P^-1: 
			    0.0763    0.0092    0.0151
			    0.0092    0.1078    0.0023
			    0.0151    0.0023    0.0580
		A:
			    -0.9744    -0.1724    0.1444
			    -0.5554    -0.8076    0.1983
			    -0.2536    -0.7479    -0.6135
			    -0.1456    -0.7420    0.6544
			    0.3088    0.6613    0.6836
			    0.6229    -0.7764    -0.0958
		b:
			    -427.2548
			    -492.0925
			    -730.9866
			    -61.5611
			    755.8577
			    -107.1415
	==================================================================================
	Q5:
		Shape: Ellipse
		q_c:    445.5000    433.5000    499.5000
		ub :    450.9473    439.9195    504.3405
		lb :    440.0527    427.0805    494.6595
		P^-1: 
			    0.1305    -0.0504    -0.0029
			    -0.0504    0.0676    -0.0233
			    -0.0029    -0.0233    0.1061
	==================================================================================
	Q6:
		Shape: Hybrid
		q_c:    443.0000    431.0000    484.5000
		ub :    449.4292    436.0058    489.8363
		lb :    436.5708    425.9942    479.1637
		P^-1: 
			    0.0567    0.0035    0.0364
			    0.0035    0.5628    0.4690
			    0.0364    0.4690    0.4952
		A:
			    0.3636    0.5865    0.7237
			    -0.0083    -0.8534    -0.5212
			    0.3727    -0.8303    -0.4144
			    -0.1268    0.8607    0.4931
			    -0.0751    -0.7475    -0.6600
			    -0.1078    -0.5940    -0.7972
		b:
			    765.7218
			    -623.1785
			    -392.1204
			    554.5391
			    -674.6706
			    -689.3066


===========================================================================================
===========================================================================================
S3:
	q_c:    438.0000    382.0000    337.5000
	ub :    457.0000    407.0000    355.0000
	lb :    419.0000    357.0000    320.0000

	==================================================================================
	Q1:
		Shape: Hybrid
		q_c:    431.0000    379.0000    323.0000
		ub :    439.5803    388.5555    331.6736
		lb :    422.4197    369.4445    314.3264
		P^-1: 
			    0.0343    0.0058    0.0086
			    0.0058    0.0396    -0.0189
			    0.0086    -0.0189    0.0464
		A:
			    -0.4261    -0.2396    -0.8724
			    0.6151    -0.5706    0.5442
			    -0.4763    -0.3720    0.7967
			    0.8756    -0.2793    0.3942
			    0.3725    0.3939    0.8403
			    0.1585    0.3561    -0.9209
		b:
			    -552.9641
			    227.4127
			    -85.8440
			    402.0582
			    584.9424
			    -91.4976
	==================================================================================
	Q2:
		Shape: Ellipse
		q_c:    429.0000    387.5000    328.0000
		ub :    434.5902    393.8044    334.1318
		lb :    423.4098    381.1956    321.8682
		P^-1: 
			    0.1350    -0.0423    -0.0298
			    -0.0423    0.0884    -0.0505
			    -0.0298    -0.0505    0.1243
	==================================================================================
	Q3:
		Shape: Hybrid
		q_c:    438.5000    385.5000    351.5000
		ub :    444.7700    390.9383    357.6984
		lb :    432.2300    380.0617    345.3016
		P^-1: 
			    0.0938    0.0460    0.0074
			    0.0460    0.1024    0.0383
			    0.0074    0.0383    0.0854
		A:
			    -0.0097    0.8378    0.5459
			    0.7437    0.6503    -0.1550
			    0.0394    0.6152    0.7874
			    0.8148    0.4539    -0.3606
			    0.8619    0.1035    -0.4964
			    0.9590    0.0462    -0.2795
		b:
			    512.4050
			    524.0069
			    532.8687
			    407.4499
			    245.5402
			    342.3833
	==================================================================================
	Q4:
		Shape: Hybrid
		q_c:    427.0000    373.5000    319.0000
		ub :    434.8877    379.7733    326.1346
		lb :    419.1123    367.2267    311.8654
		P^-1: 
			    0.0494    0.0663    0.0277
			    0.0663    0.1944    0.0714
			    0.0277    0.0714    0.0535
		A:
			    0.5861    0.7773    0.2285
			    0.3698    0.9239    0.0980
			    -0.4762    -0.5818    -0.6593
			    -0.1473    0.9480    0.2820
			    0.5568    -0.8245    0.1011
			    -0.7146    -0.6955    -0.0746
		b:
			    615.2083
			    535.8556
			    -628.6810
			    383.7565
			    -33.2024
			    -586.1034
	==================================================================================
	Q5:
		Shape: Hybrid
		q_c:    447.5000    373.0000    332.0000
		ub :    454.7699    380.6901    340.1704
		lb :    440.2301    365.3099    323.8296
		P^-1: 
			    0.0597    0.0177    0.0050
			    0.0177    0.0511    0.0190
			    0.0050    0.0190    0.0480
		A:
			    0.7515    -0.6299    -0.1961
			    -0.4451    -0.5611    -0.6979
			    0.8637    0.5026    -0.0376
			    -0.8900    -0.2037    -0.4079
			    -0.8339    -0.5514    0.0240
			    -0.5727    -0.5639    -0.5950
		b:
			    39.5176
			    -638.2731
			    563.5994
			    -607.3675
			    -568.7818
			    -662.3468
	==================================================================================
	Q6:
		Shape: Polyhedra
		q_c:    445.0000    373.0000    329.5000
		ub :    453.0373    382.1281    336.6841
		lb :    436.9627    363.8719    322.3159
		A:
			    -0.4410    -0.6465    0.6226
			    -0.6562    -0.4993    0.5657
			    -0.6889    -0.2525    0.6794
			    0.5334    0.5218    -0.6657
			    0.1279    -0.5450    0.8286
			    -0.5475    -0.3471    0.7614
			    0.3603    0.6162    0.7004
			    -0.5238    -0.4876    0.6984
			    0.7719    -0.6185    0.1471
			    -0.3603    -0.6162    -0.7004
			    0.5238    0.4876    -0.6984
			    -0.7719    0.6185    -0.1471
		b:
			    -230.5833
			    -290.1801
			    -174.8693
			    213.7347
			    130.8151
			    -120.7195
			    628.9293
			    -183.8525
			    167.2470
			    -612.9293
			    185.8525
			    -155.2470


===========================================================================================
===========================================================================================
S4:
	q_c:    113.0000    327.5000    375.5000
	ub :    120.0000    354.0000    397.0000
	lb :    106.0000    301.0000    354.0000

	==================================================================================
	Q1:
		Shape: Ellipse
		q_c:    117.0000    329.5000    379.5000
		ub :    122.2733    333.0397    384.8372
		lb :    111.7267    325.9603    374.1628
		P^-1: 
			    0.1327    0.0537    0.0578
			    0.0537    0.1809    0.0441
			    0.0578    0.0441    0.1101
	==================================================================================
	Q2:
		Shape: Ellipse
		q_c:    111.5000    327.5000    373.0000
		ub :    114.3937    330.6444    376.2202
		lb :    108.6063    324.3556    369.7798
		P^-1: 
			    0.3402    0.1013    0.0012
			    0.1013    0.3380    0.0449
			    0.0012    0.0449    0.1762
	==================================================================================
	Q3:
		Shape: Hybrid
		q_c:    107.0000    330.0000    374.5000
		ub :    113.3440    337.7784    381.5434
		lb :    100.6560    322.2216    367.4566
		P^-1: 
			    0.0526    0.0097    0.0055
			    0.0097    0.0497    0.0003
			    0.0055    0.0003    0.0496
		A:
			    0.1384    -0.9010    -0.4112
			    -0.0897    0.6280    0.7730
			    0.7538    0.2671    0.6004
			    -0.5261    -0.3004    0.7956
			    0.5240    0.4745    0.7073
			    -0.4860    0.8733    -0.0335
		b:
			    -433.7857
			    489.7992
			    395.7363
			    145.0827
			    479.6686
			    226.5594
	==================================================================================
	Q4:
		Shape: Hybrid
		q_c:    111.0000    330.5000    374.0000
		ub :    115.3985    333.5728    378.4544
		lb :    106.6015    327.4272    369.5456
		P^-1: 
			    0.1177    0.0427    -0.0183
			    0.0427    0.3872    -0.1182
			    -0.0183    -0.1182    0.1617
		A:
			    0.3402    0.9277    0.1535
			    -0.2608    0.9449    -0.1979
			    0.5858    0.2248    -0.7786
			    0.1914    -0.9727    0.1310
			    -0.2917    -0.9138    -0.2825
			    0.2023    -0.7310    0.6517
		b:
			    403.1124
			    210.4528
			    -150.0577
			    -250.1442
			    -438.5684
			    25.7218
	==================================================================================
	Q5:
		Shape: Ellipse
		q_c:    118.0000    334.0000    382.0000
		ub :    121.7834    338.1739    386.1726
		lb :    114.2166    329.8261    377.8274
		P^-1: 
			    0.0828    0.0070    -0.0064
			    0.0070    0.1371    -0.0238
			    -0.0064    -0.0238    0.1329
	==================================================================================
	Q6:
		Shape: Ellipse
		q_c:    120.0000    324.5000    384.5000
		ub :    124.5405    327.5342    386.9870
		lb :    115.4595    321.4658    382.0130
		P^-1: 
			    0.0749    0.0441    0.0150
			    0.0441    0.2389    -0.0038
			    0.0150    -0.0038    0.2487


===========================================================================================
===========================================================================================
S5:
	q_c:    188.5000    303.0000    437.0000
	ub :    206.0000    314.0000    456.0000
	lb :    171.0000    292.0000    418.0000

	==================================================================================
	Q1:
		Shape: Polyhedra
		q_c:    190.5000    292.5000    434.5000
		ub :    195.2806    297.4939    439.6721
		lb :    185.7194    287.5061    429.3279
		A:
			    0.0343    0.2977    -0.9540
			    -0.6479    0.5214    -0.5553
			    0.5648    0.6746    0.4753
			    -0.1808    0.7756    -0.6048
			    0.7430    -0.2310    0.6281
			    0.2140    0.6485    -0.7305
			    0.8346    0.3218    0.4471
			    -0.0715    -0.7415    0.6671
			    0.5462    -0.5887    -0.5959
			    -0.8346    -0.3218    -0.4471
			    0.0715    0.7415    -0.6671
			    -0.5462    0.5887    0.5959
		b:
			    -318.2436
			    -209.7566
			    514.1713
			    -68.5080
			    348.9717
			    -85.1595
			    449.3818
			    60.8520
			    -321.5529
			    -445.3818
			    -57.8520
			    332.5529
	==================================================================================
	Q2:
		Shape: Ellipse
		q_c:    189.0000    303.5000    427.5000
		ub :    196.3421    310.6768    432.8100
		lb :    181.6579    296.3232    422.1900
		P^-1: 
			    0.0579    0.0241    0.0033
			    0.0241    0.0573    -0.0034
			    0.0033    -0.0034    0.0812
	==================================================================================
	Q3:
		Shape: Hybrid
		q_c:    180.0000    295.5000    434.5000
		ub :    185.9269    301.7878    440.8566
		lb :    174.0731    289.2122    428.1434
		P^-1: 
			    0.0605    0.0110    0.0107
			    0.0110    0.0759    -0.0056
			    0.0107    -0.0056    0.0762
		A:
			    0.7361    0.6465    -0.2006
			    0.0441    0.1341    0.9900
			    -0.0621    0.4233    0.9039
			    0.7999    -0.2406    -0.5499
			    -0.6740    -0.5355    0.5089
			    0.3332    -0.8894    -0.3130
		b:
			    238.3201
			    479.6550
			    508.7750
			    -163.3269
			    -56.3958
			    -336.4461
	==================================================================================
	Q4:
		Shape: Polyhedra
		q_c:    190.5000    309.5000    446.0000
		ub :    195.3921    317.8137    452.9138
		lb :    185.6079    301.1863    439.0862
		A:
			    -0.8507    0.5219    -0.0623
			    -0.8578    0.5004    0.1171
			    -0.8393    0.4060    0.3616
			    -0.4063    0.5712    0.7132
			    0.5543    0.6629    -0.5033
			    -0.9195    0.2506    -0.3029
			    0.1861    0.9575    0.2202
			    -0.9523    0.1207    0.2802
			    0.2417    -0.2619    0.9343
			    -0.1861    -0.9575    -0.2202
			    0.9523    -0.1207    -0.2802
			    -0.2417    0.2619    -0.9343
		b:
			    -24.6041
			    47.2095
			    130.2989
			    422.6083
			    91.5976
			    -229.1926
			    437.0301
			    -16.6206
			    386.7133
			    -423.0301
			    21.6206
			    -376.7133
	==================================================================================
	Q5:
		Shape: Hybrid
		q_c:    177.5000    308.0000    430.0000
		ub :    184.4207    311.7367    436.5816
		lb :    170.5793    304.2633    423.4184
		P^-1: 
			    0.0779    -0.0344    0.0640
			    -0.0344    0.2002    -0.0576
			    0.0640    -0.0576    0.1108
		A:
			    0.7406    -0.3019    0.6003
			    0.6853    -0.0770    0.7242
			    -0.7171    -0.3455    -0.6054
			    -0.6686    -0.1208    -0.7338
			    0.3150    0.9439    -0.0991
			    -0.5823    -0.0655    -0.8103
		b:
			    298.2700
			    410.9699
			    -491.9516
			    -469.5913
			    305.8918
			    -470.2172
	==================================================================================
	Q6:
		Shape: Hybrid
		q_c:    181.0000    296.5000    443.5000
		ub :    184.8979    305.3154    452.0731
		lb :    177.1021    287.6846    434.9269
		P^-1: 
			    0.1556    -0.0217    0.0086
			    -0.0217    0.0314    -0.0062
			    0.0086    -0.0062    0.0297
		A:
			    0.8961    -0.0014    0.4439
			    -0.8636    -0.3202    0.3894
			    -0.6377    -0.0153    -0.7701
			    -0.6517    0.0863    0.7535
			    -0.8636    0.0328    0.5032
			    -0.8729    0.4229    -0.2434
		b:
			    360.8570
			    -75.7628
			    -457.9842
			    245.5305
			    79.2316
			    -138.8293


===========================================================================================
===========================================================================================
S6:
	q_c:    479.0000    156.0000    270.5000
	ub :    482.0000    170.0000    284.0000
	lb :    476.0000    142.0000    257.0000

	==================================================================================
	Q1:
		Shape: Ellipse
		q_c:    479.0000    155.5000    272.5000
		ub :    480.9800    157.5011    273.9420
		lb :    477.0200    153.4989    271.0580
		P^-1: 
			    0.8418    0.2505    -0.0106
			    0.2505    0.6034    0.0169
			    -0.0106    0.0169    0.9993
	==================================================================================
	Q2:
		Shape: Hybrid
		q_c:    479.5000    156.5000    273.5000
		ub :    481.0454    157.6906    275.3240
		lb :    477.9546    155.3094    271.6760
		P^-1: 
			    0.9090    0.0092    -0.2325
			    0.0092    3.4267    -1.2828
			    -0.2325    -1.2828    1.1088
		A:
			    -0.3916    0.4947    -0.7758
			    -0.2789    0.7467    -0.6038
			    -0.2994    0.4908    -0.8182
			    0.5297    0.8009    -0.2793
			    -0.1146    0.9549    -0.2738
			    0.7952    0.2793    0.5381
		b:
			    -321.7438
			    -181.5350
			    -289.7731
			    303.4340
			    19.9218
			    573.3566
	==================================================================================
	Q3:
		Shape: Hybrid
		q_c:    481.5000    156.5000    271.0000
		ub :    483.0102    158.4339    272.9716
		lb :    479.9898    154.5661    269.0284
		P^-1: 
			    1.7129    1.3737    1.0069
			    1.3737    1.9322    1.0905
			    1.0069    1.0905    1.2438
		A:
			    -0.8060    -0.4247    -0.4124
			    0.4085    0.8108    0.4192
			    0.7356    0.5131    0.4423
			    -0.8297    -0.5576    0.0245
			    0.2212    0.4996    0.8375
			    0.7318    0.6407    0.2324
		b:
			    -565.8809
			    437.5537
			    554.6763
			    -479.4901
			    412.3250
			    515.9909
	==================================================================================
	Q4:
		Shape: Hybrid
		q_c:    478.5000    153.5000    271.5000
		ub :    480.8982    155.9017    274.0675
		lb :    476.1018    151.0983    268.9325
		P^-1: 
			    0.4385    -0.0322    0.0093
			    -0.0322    0.2706    0.0505
			    0.0093    0.0505    0.4298
		A:
			    0.3659    0.0344    -0.9300
			    0.0945    -0.3829    0.9189
			    0.9825    0.0889    -0.1635
			    -0.9579    0.2657    -0.1088
			    0.2866    0.6103    0.7386
			    -0.4063    0.9102    0.0804
		b:
			    -71.3068
			    236.8594
			    440.1856
			    -446.3597
			    432.1645
			    -31.8196
	==================================================================================
	Q5:
		Shape: Polyhedra
		q_c:    481.0000    155.0000    270.0000
		ub :    483.0205    156.8926    271.7747
		lb :    478.9795    153.1074    268.2253
		A:
			    -0.0901    0.3904    0.9162
			    -0.7354    -0.6353    0.2357
			    -0.6766    0.1330    0.7243
			    -0.8739    -0.3913    -0.2883
			    0.8711    0.4465    -0.2046
			    0.1929    -0.6226    -0.7584
			    0.5347    0.3780    0.7557
			    -0.6124    0.7896    0.0384
			    -0.5822    -0.4833    0.6537
			    -0.5347    -0.3780    -0.7557
			    0.6124    -0.7896    -0.0384
			    0.5822    0.4833    -0.6537
		b:
			    265.6689
			    -387.1496
			    -107.9132
			    -557.7097
			    434.3387
			    -207.4173
			    520.8547
			    -160.8255
			    -176.9647
			    -518.8547
			    162.8255
			    179.9647
	==================================================================================
	Q6:
		Shape: Hybrid
		q_c:    478.0000    159.5000    270.5000
		ub :    481.1176    162.3307    273.3894
		lb :    474.8824    156.6693    267.6106
		P^-1: 
			    0.3107    -0.0897    -0.0085
			    -0.0897    0.3825    0.0126
			    -0.0085    0.0126    0.2512
		A:
			    0.6600    0.3982    0.6371
			    0.4540    0.6753    -0.5812
			    0.0635    -0.9963    0.0586
			    0.3470    -0.9273    0.1404
			    -0.6426    0.4435    0.6249
			    0.0451    0.2877    0.9567
		b:
			    552.5614
			    168.7280
			    -111.8188
			    56.7561
			    -66.4284
			    327.4552


===========================================================================================
===========================================================================================
S7:
	q_c:    352.0000    92.5000    158.0000
	ub :    360.0000    121.0000    172.0000
	lb :    344.0000    64.0000    144.0000

	==================================================================================
	Q1:
		Shape: Polyhedra
		q_c:    350.5000    94.5000    165.5000
		ub :    354.4676    100.1688    170.8824
		lb :    346.5324    88.8312    160.1176
		A:
			    -0.4202    -0.4941    -0.7611
			    -0.2813    -0.1866    -0.9413
			    -0.5978    0.3337    0.7289
			    -0.4337    0.6486    0.6255
			    0.0258    -0.0044    -0.9997
			    -0.5966    0.7549    0.2726
			    0.8235    0.1935    0.5332
			    -0.5653    0.3584    0.7430
			    -0.0473    -0.9133    0.4045
			    -0.8235    -0.1935    -0.5332
			    0.5653    -0.3584    -0.7430
			    0.0473    0.9133    -0.4045
		b:
			    -317.2393
			    -269.2259
			    -54.3694
			    15.9719
			    -153.6558
			    -89.1524
			    397.6880
			    -38.2970
			    -31.4409
			    -392.6880
			    44.2970
			    40.4409
	==================================================================================
	Q2:
		Shape: Hybrid
		q_c:    351.0000    88.5000    159.0000
		ub :    356.0925    92.4505    164.2557
		lb :    345.9075    84.5495    153.7443
		P^-1: 
			    0.1390    0.0507    0.0718
			    0.0507    0.1538    0.0401
			    0.0718    0.0401    0.1308
		A:
			    0.5287    -0.2045    0.8238
			    0.6164    0.3603    0.7002
			    -0.2834    0.8587    0.4269
			    0.6508    0.7530    -0.0972
			    -0.5198    -0.7714    0.3671
			    -0.1033    -0.6982    0.7085
		b:
			    300.1043
			    360.6466
			    46.5488
			    281.3587
			    -190.2558
			    16.8649
	==================================================================================
	Q3:
		Shape: Hybrid
		q_c:    358.5000    99.0000    163.5000
		ub :    364.5179    105.2689    170.3763
		lb :    352.4821    92.7311    156.6237
		P^-1: 
			    0.1041    -0.0458    0.0024
			    -0.0458    0.1050    -0.0386
			    0.0024    -0.0386    0.0656
		A:
			    -0.8699    -0.0987    0.4833
			    -0.9180    0.3110    -0.2460
			    0.8382    -0.5214    0.1598
			    0.6830    -0.3729    -0.6280
			    -0.0473    0.3869    0.9209
			    -0.7011    0.7131    0.0038
		b:
			    -240.4128
			    -336.6883
			    276.4313
			    107.7418
			    175.7150
			    -178.6415
	==================================================================================
	Q4:
		Shape: Polyhedra
		q_c:    361.0000    86.5000    164.0000
		ub :    367.1391    92.8517    171.0310
		lb :    354.8609    80.1483    156.9690
		A:
			    -0.5180    0.4491    0.7280
			    0.6747    -0.6109    0.4143
			    0.4069    -0.9083    -0.0969
			    0.4145    -0.9050    -0.0958
			    -0.1969    -0.2442    0.9495
			    0.4853    -0.7147    -0.5037
			    0.6308    0.4672    0.6196
			    -0.7759    0.3889    0.4967
			    -0.0089    -0.7941    0.6078
			    -0.6308    -0.4672    -0.6196
			    0.7759    -0.3889    -0.4967
			    0.0089    0.7941    -0.6078
		b:
			    -25.2909
			    262.3058
			    55.6421
			    58.8293
			    67.0425
			    34.2482
			    375.7338
			    -161.9981
			    30.7807
			    -363.7338
			    167.9981
			    -24.7807
	==================================================================================
	Q5:
		Shape: Ellipse
		q_c:    351.0000    90.5000    154.0000
		ub :    355.9929    95.3192    158.8272
		lb :    346.0071    85.6808    149.1728
		P^-1: 
			    0.0671    0.0096    0.0106
			    0.0096    0.1090    -0.0023
			    0.0106    -0.0023    0.1086
	==================================================================================
	Q6:
		Shape: Ellipse
		q_c:    350.0000    98.5000    165.0000
		ub :    354.4751    103.7538    169.8481
		lb :    345.5249    93.2462    160.1519
		P^-1: 
			    0.1940    -0.0801    -0.0184
			    -0.0801    0.1347    -0.0153
			    -0.0184    -0.0153    0.0949


===========================================================================================
===========================================================================================
S8:
	q_c:    20.0000    301.5000    205.0000
	ub :    40.0000    318.0000    208.0000
	lb :    0.0000    285.0000    202.0000

	==================================================================================
	Q1:
		Shape: Ellipse
		q_c:    21.5000    301.0000    205.0000
		ub :    23.5027    303.1634    207.3186
		lb :    19.4973    298.8366    202.6814
		P^-1: 
			    0.6565    -0.1916    0.1901
			    -0.1916    0.6175    -0.1717
			    0.1901    -0.1717    0.6149
	==================================================================================
	Q2:
		Shape: Hybrid
		q_c:    21.5000    303.5000    205.5000
		ub :    23.2064    304.9000    207.2480
		lb :    19.7936    302.1000    203.7520
		P^-1: 
			    1.2559    0.7568    0.7734
			    0.7568    2.7709    1.3399
			    0.7734    1.3399    1.4177
		A:
			    0.2125    -0.9642    -0.1585
			    0.1658    -0.6118    -0.7734
			    -0.9816    -0.0702    -0.1777
			    -0.1226    -0.8211    -0.5574
			    0.4157    -0.3285    -0.8481
			    -0.9142    -0.3470    -0.2092
		b:
			    -320.1375
			    -340.3925
			    -78.1962
			    -366.0828
			    -264.0434
			    -167.3010
	==================================================================================
	Q3:
		Shape: Hybrid
		q_c:    22.0000    304.0000    205.0000
		ub :    23.2313    306.8506    207.8685
		lb :    20.7687    301.1494    202.1315
		P^-1: 
			    3.6600    -0.9165    -0.5652
			    -0.9165    0.4963    0.1519
			    -0.5652    0.1519    0.3437
		A:
			    -0.9887    0.1252    0.0826
			    0.8203    -0.2366    -0.5208
			    0.9498    -0.2304    -0.2118
			    0.8575    -0.3419    -0.3845
			    0.9823    -0.1051    -0.1551
			    0.8934    -0.4453    -0.0595
		b:
			    33.5839
			    -160.0002
			    -92.3118
			    -163.4317
			    -41.8110
			    -127.5277
	==================================================================================
	Q4:
		Shape: Hybrid
		q_c:    19.0000    301.5000    207.5000
		ub :    21.5164    303.7338    209.7240
		lb :    16.4836    299.2662    205.2760
		P^-1: 
			    0.6034    0.3546    0.0233
			    0.3546    0.6499    0.1149
			    0.0233    0.1149    0.4411
		A:
			    0.3841    0.8925    0.2365
			    -0.6407    -0.1786    -0.7467
			    0.5754    -0.4957    -0.6505
			    0.6088    0.7520    0.2527
			    -0.7490    0.6111    -0.2560
			    0.7102    0.6917    0.1309
		b:
			    326.0740
			    -219.9835
			    -272.3816
			    291.2420
			    118.3906
			    249.7159
	==================================================================================
	Q5:
		Shape: Ellipse
		q_c:    20.0000    299.5000    203.5000
		ub :    22.4202    301.9635    206.0077
		lb :    17.5798    297.0365    200.9923
		P^-1: 
			    0.6559    -0.1192    -0.3404
			    -0.1192    0.3965    -0.0090
			    -0.3404    -0.0090    0.6420
	==================================================================================
	Q6:
		Shape: Ellipse
		q_c:    18.5000    300.5000    203.5000
		ub :    20.8083    302.6395    205.0430
		lb :    16.1917    298.3605    201.9570
		P^-1: 
			    0.4859    -0.0036    -0.1459
			    -0.0036    0.4448    0.0126
			    -0.1459    0.0126    0.9583


===========================================================================================
===========================================================================================
S9:
	q_c:    221.0000    377.5000    50.5000
	ub :    248.0000    388.0000    65.0000
	lb :    194.0000    367.0000    36.0000

	==================================================================================
	Q1:
		Shape: Hybrid
		q_c:    218.5000    369.5000    55.5000
		ub :    226.7864    377.6191    63.0582
		lb :    210.2136    361.3809    47.9418
		P^-1: 
			    0.0458    0.0007    -0.0121
			    0.0007    0.0381    -0.0066
			    -0.0121    -0.0066    0.0516
		A:
			    0.6846    -0.6651    -0.2983
			    0.0473    -0.1761    -0.9832
			    -0.4612    0.2394    -0.8544
			    -0.2570    -0.3882    0.8850
			    0.6852    -0.7233    0.0854
			    0.5337    0.7351    -0.4181
		b:
			    -109.9150
			    -106.5916
			    -56.7564
			    -148.3083
			    -109.8205
			    367.5766
	==================================================================================
	Q2:
		Shape: Hybrid
		q_c:    229.0000    374.0000    44.0000
		ub :    236.1407    383.8464    53.7856
		lb :    221.8593    364.1536    34.2144
		P^-1: 
			    0.0237    -0.0000    -0.0000
			    -0.0000    0.0226    -0.0015
			    -0.0000    -0.0015    0.0215
		A:
			    -0.8349    -0.4589    0.3038
			    0.8023    0.2935    -0.5198
			    -0.5776    -0.2838    -0.7654
			    0.5053    0.7739    0.3818
			    0.8431    0.5375    0.0166
			    -0.1984    0.6392    0.7430
		b:
			    -346.2115
			    273.9020
			    -268.5154
			    425.4942
			    398.1295
			    230.0378
	==================================================================================
	Q3:
		Shape: Hybrid
		q_c:    226.0000    380.0000    48.0000
		ub :    231.7570    386.5014    53.9998
		lb :    220.2430    373.4986    42.0002
		P^-1: 
			    0.1120    0.0285    -0.0455
			    0.0285    0.0654    -0.0147
			    -0.0455    -0.0147    0.0945
		A:
			    0.2834    -0.5126    -0.8105
			    0.6319    -0.3580    -0.6874
			    0.7728    -0.2631    -0.5776
			    0.1719    0.8034    0.5700
			    0.8446    0.5249    -0.1056
			    0.9893    -0.1382    -0.0466
		b:
			    -167.2234
			    -24.1933
			    48.8825
			    374.3030
			    387.0026
			    171.1765
	==================================================================================
	Q4:
		Shape: Hybrid
		q_c:    227.5000    367.5000    57.5000
		ub :    236.1028    376.3697    64.3749
		lb :    218.8972    358.6303    50.6251
		P^-1: 
			    0.0271    0.0117    -0.0204
			    0.0117    0.0418    -0.0338
			    -0.0204    -0.0338    0.0863
		A:
			    0.5226    0.5479    0.6532
			    0.5868    0.7156    -0.3790
			    -0.5191    -0.8257    0.2209
			    0.0638    -0.2991    0.9521
			    0.8501    -0.5191    0.0886
			    -0.9399    -0.3372    -0.0535
		b:
			    362.8504
			    377.7740
			    -405.2330
			    -38.3912
			    13.1854
			    -335.8232
	==================================================================================
	Q5:
		Shape: Polyhedra
		q_c:    213.5000    385.0000    59.0000
		ub :    218.4238    391.1253    65.0027
		lb :    208.5762    378.8747    52.9973
		A:
			    -0.1227    0.8650    0.4866
			    0.3680    0.9127    -0.1778
			    -0.6667    -0.7055    -0.2405
			    -0.5191    -0.0336    -0.8541
			    -0.9222    -0.1602    0.3520
			    -0.0293    0.3499    0.9363
			    0.6332    0.5308    0.5634
			    0.1840    -0.8102    0.5565
			    0.7518    -0.2487    -0.6107
			    -0.6332    -0.5308    -0.5634
			    -0.1840    0.8102    -0.5565
			    -0.7518    0.2487    0.6107
		b:
			    338.9461
			    423.5596
			    -424.5463
			    -170.3474
			    -234.9932
			    186.8341
			    376.2659
			    -235.3068
			    31.2492
			    -369.2659
			    244.3068
			    -26.2492
	==================================================================================
	Q6:
		Shape: Hybrid
		q_c:    222.5000    370.0000    49.0000
		ub :    229.1901    376.5045    54.3853
		lb :    215.8099    363.4955    43.6147
		P^-1: 
			    0.0743    0.0308    0.0345
			    0.0308    0.0874    0.0426
			    0.0345    0.0426    0.0971
		A:
			    0.3065    0.9472    0.0941
			    0.5853    -0.0078    -0.8108
			    0.3167    0.8045    -0.5026
			    -0.1956    -0.2964    -0.9348
			    -0.3921    -0.6405    -0.6603
			    0.8307    0.5453    0.1126
		b:
			    425.5040
			    90.7674
			    346.5965
			    -197.1756
			    -355.3101
			    394.2435


===========================================================================================
===========================================================================================
S10:
	q_c:    178.5000    475.0000    174.5000
	ub :    193.0000    494.0000    194.0000
	lb :    164.0000    456.0000    155.0000

	==================================================================================
	Q1:
		Shape: Polyhedra
		q_c:    189.5000    482.0000    185.0000
		ub :    193.8914    486.9244    189.3235
		lb :    185.1086    477.0756    180.6765
		A:
			    -0.7108    0.6784    0.1857
			    0.0360    0.0614    -0.9975
			    0.6214    -0.7835    0.0037
			    0.1927    0.4433    0.8754
			    -0.4130    -0.8647    -0.2858
			    -0.2983    -0.7250    -0.6208
			    0.9415    0.1910    0.2776
			    0.0305    -0.8687    0.4944
			    0.3356    -0.4570    -0.8237
			    -0.9415    -0.1910    -0.2776
			    -0.0305    0.8687    -0.4944
			    -0.3356    0.4570    0.8237
		b:
			    229.7000
			    -145.4669
			    -255.8034
			    414.5719
			    -544.3761
			    -517.9204
			    325.8445
			    -317.4725
			    -307.5806
			    -317.8445
			    325.4725
			    310.5806
	==================================================================================
	Q2:
		Shape: Polyhedra
		q_c:    172.5000    490.0000    177.0000
		ub :    184.1987    501.2937    187.3713
		lb :    160.8013    478.7063    166.6287
		A:
			    -0.9675    0.2511    -0.0287
			    -0.8330    -0.4431    -0.3314
			    0.1351    -0.9761    -0.1701
			    -0.6634    0.6437    0.3814
			    -0.9246    0.0594    0.3764
			    0.9873    -0.1130    -0.1115
			    0.6409    0.6642    0.3848
			    0.6992    -0.7120    0.0645
			    0.3169    0.2277    -0.9207
			    -0.6409    -0.6642    -0.3848
			    -0.6992    0.7120    -0.0645
			    -0.3169    -0.2277    0.9207
		b:
			    -42.3742
			    -411.6134
			    -478.2379
			    274.8313
			    -56.7863
			    102.0292
			    512.1326
			    -210.8522
			    10.7735
			    -496.1326
			    222.8522
			    4.2265
	==================================================================================
	Q3:
		Shape: Ellipse
		q_c:    181.5000    468.5000    188.0000
		ub :    188.6286    477.3269    197.2637
		lb :    174.3714    459.6731    178.7363
		P^-1: 
			    0.0446    -0.0049    -0.0075
			    -0.0049    0.0323    -0.0004
			    -0.0075    -0.0004    0.0333
	==================================================================================
	Q4:
		Shape: Polyhedra
		q_c:    167.0000    487.5000    184.5000
		ub :    173.6748    495.3483    193.4322
		lb :    160.3252    479.6517    175.5678
		A:
			    -0.3117    -0.8450    -0.4345
			    0.7907    0.4496    0.4154
			    -0.6834    -0.6502    -0.3319
			    0.4439    0.7434    0.5003
			    0.8387    0.5438    0.0296
			    -0.3404    0.5211    0.7827
			    0.7036    0.6648    0.2510
			    0.6146    -0.3920    -0.6845
			    -0.3567    0.6359    -0.6844
			    -0.7036    -0.6648    -0.2510
			    -0.6146    0.3920    0.6845
			    0.3567    -0.6359    0.6844
		b:
			    -541.5714
			    430.5633
			    -490.7589
			    531.0079
			    412.5453
			    345.9310
			    489.4048
			    -210.2612
			    132.1453
			    -486.4048
			    219.2612
			    -116.1453
	==================================================================================
	Q5:
		Shape: Hybrid
		q_c:    166.0000    476.0000    186.5000
		ub :    178.4642    486.0297    197.3894
		lb :    153.5358    465.9703    175.6106
		P^-1: 
			    0.0202    0.0121    0.0217
			    0.0121    0.0277    0.0261
			    0.0217    0.0261    0.0561
		A:
			    -0.3651    -0.3704    -0.8541
			    -0.5808    -0.7975    -0.1635
			    -0.7067    0.4407    -0.5536
			    -0.5859    -0.4020    -0.7037
			    -0.4861    -0.0109    -0.8738
			    -0.3526    -0.7314    -0.5837
		b:
			    -394.3084
			    -501.2178
			    -4.4014
			    -417.4499
			    -245.3698
			    -512.8125
	==================================================================================
	Q6:
		Shape: Polyhedra
		q_c:    160.5000    477.0000    164.0000
		ub :    170.9033    486.8420    175.4198
		lb :    150.0967    467.1580    152.5802
		A:
