3D_45_14_6_c                l = 3

===========================================================================================
===========================================================================================
S1:
	q_c:	252.0	426.0	419.5
	ub :	263.0317	437.3618	429.7826
	lb :	244.2902	418.1404	412.0568

	==================================================================================
	Q1:
		Shape: Hybrid
		q_c:	252.0	431.0	424.0
		ub :	255.2902	434.0192	427.2025
		lb :	248.7098	427.9808	420.7975
		P^-1:
			0.246	0.0183	0.0031
			0.0183	0.1665	-0.0143
			0.0031	-0.0143	0.2475
		A:
			0.9934	-0.0941	-0.0653
			-0.2089	0.3902	-0.8967
			-0.6534	0.2532	-0.7134
			0.1007	-0.7552	0.6477
			0.085	0.0794	-0.9932
			-0.7366	-0.4908	-0.4653
		b:
			183.177
			-263.6342
			-356.9439
			-24.2905
			-364.4703
			-593.3754
	==================================================================================
	Q2:
		Shape: Ellipse
		q_c:	246.5	421.5	420.5
		ub :	248.7098	424.8596	423.1751
		lb :	244.2902	418.1404	417.8249
		P^-1:
			3.0883	-0.9691	-1.3034
			-0.9691	0.6758	-0.0147
			-1.3034	-0.0147	1.3175
	==================================================================================
	Q3:
		Shape: Polyhedra
		q_c:	252.5	433.5	426.5
		ub :	256.5561	437.3618	429.7826
		lb :	248.4439	429.6382	423.2174
		A:
			0.0443	0.6154	-0.787
			0.962	0.2152	-0.1681
			0.9466	0.0624	-0.3163
			-0.0171	0.5077	-0.8614
			0.1287	0.2397	0.9623
			-0.3034	0.5039	-0.8087
			0.6385	0.5086	0.5776
			0.572	-0.8157	0.086
			0.5149	0.2755	-0.8118
			-0.6385	-0.5086	-0.5776
			-0.572	0.8157	-0.086
			-0.5149	-0.2755	0.8118
		b:
			-55.5244
			266.7425
			133.4005
			-149.454
			549.1429
			-200.7733
			630.5568
			-169.9968
			-94.8
			-625.5568
			174.9968
			98.8
	==================================================================================
	Q4:
		Shape: Ellipse
		q_c:	253.0	430.0	420.5
		ub :	257.5997	433.6979	424.9525
		lb :	248.4003	426.3021	416.0475
		P^-1:
			0.1595	-0.0532	0.0393
			-0.0532	0.1697	-0.0432
			0.0393	-0.0432	0.143
	==================================================================================
	Q5:
		Shape: Ellipse
		q_c:	250.0	423.5	423.5
		ub :	252.8863	426.4304	427.0348
		lb :	247.1137	420.5696	419.9652
		P^-1:
			0.5414	0.4185	0.0235
			0.4185	0.6137	0.0415
			0.0235	0.0415	0.116
	==================================================================================
	Q6:
		Shape: Polyhedra
		q_c:	257.0	432.0	418.0
		ub :	263.0317	437.3364	423.9432
		lb :	250.9683	426.6636	412.0568
		A:
			0.7828	-0.602	-0.1574
			0.8517	-0.5078	0.1295
			-0.5796	0.81	-0.0895
			-0.6935	-0.4461	-0.5657
			-0.0588	0.9959	-0.0687
			-0.8636	0.4932	0.1051
			0.6547	0.7184	0.2349
			0.48	-0.6352	0.605
			0.5839	-0.2834	-0.7608
			-0.6547	-0.7184	-0.2349
			-0.48	0.6352	-0.605
			-0.5839	0.2834	0.7608
		b:
			-120.7862
			57.1737
			166.9794
			-604.3738
			389.5395
			38.9072
			579.8043
			104.8398
			-285.8834
			-573.8043
			-98.8398
			294.8834


===========================================================================================
===========================================================================================
S2:
	q_c:	115.5	466.5	209.5
	ub :	128.7169	481.2781	235.5494
	lb :	97.6495	444.0239	190.4051

	==================================================================================
	Q1:
		Shape: Polyhedra
		q_c:	119.0	465.0	199.5
		ub :	126.348	472.2708	205.9676
		lb :	111.652	457.7292	193.0324
		A:
			0.1329	-0.3	0.9446
			-0.6481	0.1347	-0.7496
			0.342	-0.889	0.3046
			0.9596	-0.145	-0.2411
			-0.8438	0.2563	-0.4715
			-0.7821	0.0413	-0.6217
			0.5236	0.8511	0.0382
			0.4029	-0.2079	-0.8913
			-0.7506	0.4821	-0.4518
			-0.5236	-0.8511	-0.0382
			-0.4029	0.2079	0.8913
			0.7506	-0.4821	0.4518
		b:
			69.2962
			-160.386
			-307.9346
			3.1832
			-72.0772
			-194.2302
			471.1842
			-221.0485
			47.7241
			-460.1842
			232.0485
			-41.7241
	==================================================================================
	Q2:
		Shape: Ellipse
		q_c:	101.0	456.0	223.5
		ub :	104.3505	467.9761	235.5494
		lb :	97.6495	444.0239	211.4506
		P^-1:
			0.9583	-0.192	0.0502
			-0.192	0.0529	-0.0102
			0.0502	-0.0102	0.0165
	==================================================================================
	Q3:
		Shape: Hybrid
		q_c:	106.5	469.5	212.5
		ub :	113.4125	473.7754	218.6082
		lb :	99.5875	465.2246	206.3918
		P^-1:
			0.1008	0.0452	0.0998
			0.0452	0.2363	-0.0302
			0.0998	-0.0302	0.1833
		A:
			0.6936	-0.1757	0.6986
			-0.4992	-0.7704	-0.3966
			0.6418	-0.1632	0.7493
			0.5609	0.5067	0.6547
			-0.3075	0.3868	-0.8694
			-0.68	0.4668	-0.5654
		b:
			141.3311
			-498.1407
			152.195
			437.7559
			-34.7087
			28.6878
	==================================================================================
	Q4:
		Shape: Ellipse
		q_c:	119.5	477.0	199.0
		ub :	128.7169	481.2781	207.5949
		lb :	110.2831	472.7219	190.4051
		P^-1:
			0.0186	-0.0064	0.0005
			-0.0064	0.0809	0.0013
			0.0005	0.0013	0.0203
	==================================================================================
	Q5:
		Shape: Hybrid
		q_c:	111.0	468.5	205.0
		ub :	115.4612	473.3857	210.3969
		lb :	106.5388	463.6143	199.6031
		P^-1:
			0.2121	-0.0285	0.0903
			-0.0285	0.2925	0.1774
			0.0903	0.1774	0.223
		A:
			-0.6474	0.3918	-0.6537
			0.802	0.0376	0.5962
			-0.1752	0.9514	0.2531
			0.786	-0.5528	0.2766
			0.6642	-0.6947	0.2761
			0.4418	0.7327	0.5177
		b:
			-20.2383
			229.9628
			479.5398
			-113.6635
			-193.4682
			499.6044
	==================================================================================
	Q6:
		Shape: Polyhedra
		q_c:	110.5	473.0	222.0
		ub :	114.6558	478.8962	228.4664
		lb :	106.3442	467.1038	215.5336
		A:
			0.9677	0.0605	0.2447
			-0.1421	0.7644	-0.6289
			0.1978	0.3951	-0.8971
			0.7191	0.2369	0.6533
			0.542	-0.8404	0.0026
			0.6122	0.736	-0.289
			0.0751	0.6097	0.7891
			-0.9915	0.1301	-0.0062
			-0.1064	-0.7819	0.6143
			-0.0751	-0.6097	-0.7891
			0.9915	-0.1301	0.0062
			0.1064	0.7819	-0.6143
		b:
			193.8435
			207.9759
			13.047
			342.1104
			-332.9303
			354.4851
			478.8638
			-45.8672
			-243.7155
			-464.8638
			52.8672
			246.7155


===========================================================================================
===========================================================================================
S3:
	q_c:	103.0	65.0	44.5
	ub :	118.412	82.7021	70.0244
	lb :	80.2923	44.2333	41.7336

	==================================================================================
	Q1:
		Shape: Polyhedra
		q_c:	111.0	75.5	50.5
		ub :	118.412	82.7021	58.0919
		lb :	103.588	68.2979	42.9081
		A:
			0.2137	0.865	0.454
			0.5204	-0.1492	0.8408
			-0.261	-0.5162	0.8158
			-0.4258	0.5801	-0.6944
			0.3167	0.9396	0.1294
			-0.97	0.1644	0.179
			0.6872	0.3923	0.6115
			-0.0984	-0.7836	0.6134
			0.7198	-0.4817	-0.4999
			-0.6872	-0.3923	-0.6115
			0.0984	0.7836	-0.6134
			-0.7198	0.4817	0.4999
		b:
			116.4413
			92.8062
			-22.8503
			-34.7276
			116.6237
			-80.6507
			140.7747
			-35.6137
			24.2839
			-132.7747
			42.6137
			-12.2839
	==================================================================================
	Q2:
		Shape: Ellipse
		q_c:	89.0	53.0	55.0
		ub :	94.4079	61.7667	62.6063
		lb :	83.5921	44.2333	47.3937
		P^-1:
			0.0616	0.0055	0.0029
			0.0055	0.0283	-0.0182
			0.0029	-0.0182	0.0528
	==================================================================================
	Q3:
		Shape: Polyhedra
		q_c:	90.5	60.5	61.0
		ub :	97.832	68.1066	70.0244
		lb :	83.168	52.8934	51.9756
		A:
			0.266	0.7496	0.6062
			-0.737	-0.6666	-0.1114
			-0.2924	-0.5369	-0.7913
			-0.7493	-0.5844	-0.3115
			-0.2502	-0.095	-0.9635
			0.435	0.8508	0.2947
			0.61	0.6804	0.4062
			0.7223	-0.2666	-0.6382
			-0.3259	0.6827	-0.654
			-0.61	-0.6804	-0.4062
			-0.7223	0.2666	0.6382
			0.3259	-0.6827	0.654
		b:
			108.973
			-111.4637
			-103.9241
			-120.3373
			-81.6225
			111.2297
			122.6447
			15.8107
			-20.5918
			-119.6447
			-4.8107
			35.5918
	==================================================================================
	Q4:
		Shape: Hybrid
		q_c:	105.0	62.0	51.0
		ub :	110.5555	66.9935	55.3904
		lb :	99.4445	57.0065	46.6096
		P^-1:
			0.0409	-0.0013	0.0087
			-0.0013	0.0781	-0.0359
			0.0087	-0.0359	0.1436
		A:
			-0.2972	0.0571	-0.9531
			-0.8332	0.2943	0.4681
			0.5576	-0.6666	0.4946
			-0.0735	0.5967	-0.7991
			0.1474	0.9878	0.051
			-0.3969	-0.6464	0.6516
		b:
			-74.6591
			-41.8567
			44.8105
			-10.1318
			81.9287
			-46.4626
	==================================================================================
	Q5:
		Shape: Ellipse
		q_c:	86.0	73.0	47.0
		ub :	91.7077	77.2441	52.2664
		lb :	80.2923	68.7559	41.7336
		P^-1:
			0.0417	-0.0001	-0.0084
			-0.0001	0.1069	-0.0104
			-0.0084	-0.0104	0.0841
	==================================================================================
	Q6:
		Shape: Hybrid
		q_c:	101.5	68.0	59.5
		ub :	107.0348	73.4147	66.572
		lb :	95.9652	62.5853	52.428
		P^-1:
			0.1011	-0.0149	0.021
			-0.0149	0.0533	-0.0031
			0.021	-0.0031	0.0339
		A:
			-0.7648	0.0567	-0.6418
			-0.0995	-0.2243	-0.9694
			-0.3856	0.8058	-0.4494
			-0.7093	0.133	-0.6923
			0.8283	0.207	0.5206
			-0.2712	0.9563	0.1092
		b:
			-109.7469
			-78.9028
			-8.4456
			-101.755
			131.2377
			46.7478


===========================================================================================
===========================================================================================
S4:
	q_c:	93.5	453.5	28.5
	ub :	112.7019	471.0061	45.1722
	lb :	71.9936	442.4523	10.3439

	==================================================================================
	Q1:
		Shape: Polyhedra
		q_c:	104.0	450.0	20.0
		ub :	112.7019	457.1456	29.6561
		lb :	95.2981	442.8544	10.3439
		A:
			-0.9379	0.0645	0.341
			-0.8587	0.3618	0.3629
			-0.2241	0.8818	0.415
			-0.9243	-0.2934	-0.2442
			-0.4171	0.884	0.211
			0.7938	0.5872	-0.1584
			0.1973	0.9257	0.3227
			0.8057	0.0344	-0.5913
			-0.5584	0.3767	-0.7391
			-0.1973	-0.9257	-0.3227
			-0.8057	-0.0344	0.5913
			0.5584	-0.3767	0.7391
		b:
			-56.8726
			85.7091
			386.394
			-227.3283
			363.7836
			348.1794
			448.0387
			91.9531
			104.1509
			-439.0387
			-82.9531
			-89.1509
	==================================================================================
	Q2:
		Shape: Ellipse
		q_c:	99.5	461.5	37.0
		ub :	109.6713	471.0061	45.1722
		lb :	89.3287	451.9939	28.8278
		P^-1:
			0.0508	0.0089	0.0434
			0.0089	0.031	0.0201
			0.0434	0.0201	0.0709
	==================================================================================
	Q3:
		Shape: Polyhedra
		q_c:	87.5	452.5	39.5
		ub :	95.6117	459.0829	43.0743
		lb :	79.3883	445.9171	35.9257
		A:
			-0.4169	-0.66	0.625
			-0.2438	0.1176	-0.9627
			0.1803	0.7689	-0.6134
			0.1325	-0.3783	0.9161
			-0.0981	0.4578	-0.8836
			-0.1629	-0.4771	0.8636
			0.4573	0.8706	0.1812
			0.8741	-0.4025	-0.272
			-0.1639	0.2828	-0.9451
			-0.4573	-0.8706	-0.1812
			-0.8741	0.4025	0.272
			0.1639	-0.2828	0.9451
		b:
			-307.1493
			-4.9183
			342.1584
			-122.3246
			164.9333
			-193.9617
			445.1356
			-109.4037
			77.3043
			-437.1356
			123.4037
			-75.3043
	==================================================================================
	Q4:
		Shape: Hybrid
		q_c:	94.0	461.5	30.0
		ub :	102.161	469.43	38.5423
		lb :	85.839	453.57	21.4577
		P^-1:
			0.0541	0.0233	-0.0023
			0.0233	0.0608	0.0095
			-0.0023	0.0095	0.0304
		A:
			0.7187	0.5827	0.3793
			0.9872	0.1542	-0.0414
			0.576	0.4903	-0.6541
			-0.9085	-0.4177	-0.0117
			-0.8585	-0.3917	0.331
			0.6678	-0.0243	0.744
		b:
			350.0546
			165.3691
			263.9173
			-276.3638
			-249.207
			78.0287
	==================================================================================
	Q5:
		Shape: Ellipse
		q_c:	101.0	449.5	26.0
		ub :	107.9553	456.5477	29.5355
		lb :	94.0447	442.4523	22.4645
		P^-1:
			0.0478	0.0018	0.0168
			0.0018	0.0473	-0.0194
			0.0168	-0.0194	0.1542
	==================================================================================
	Q6:
		Shape: Ellipse
		q_c:	82.0	456.0	27.5
		ub :	92.0064	464.8596	36.7374
		lb :	71.9936	447.1404	18.2626
		P^-1:
			0.0214	0.0024	0.0067
			0.0024	0.0339	-0.0043
			0.0067	-0.0043	0.0356


===========================================================================================
===========================================================================================
S5:
	q_c:	521.0	430.5	485.5
	ub :	529.7465	439.1924	493.4288
	lb :	517.7189	426.3788	478.7209

	==================================================================================
	Q1:
		Shape: Polyhedra
		q_c:	525.5	430.0	488.0
		ub :	529.7465	433.4323	491.453
		lb :	521.2535	426.5677	484.547
		A:
			-0.1132	0.7849	0.6092
			-0.826	-0.2301	0.5146
			0.2344	0.4555	-0.8588
			0.4997	-0.858	0.1193
			0.9927	0.0877	0.0833
			-0.1655	-0.411	-0.8965
			0.2522	0.9575	0.1403
			0.5451	-0.0208	-0.8381
			-0.7995	0.2878	-0.5272
			-0.2522	-0.9575	-0.1403
			-0.5451	0.0208	0.8381
			0.7995	-0.2878	0.5272
		b:
			577.5071
			-279.8738
			-97.9389
			-45.101
			603.0486
			-698.78
			615.1872
			-129.9731
			-550.1456
			-610.1872
			132.9731
			557.1456
	==================================================================================
	Q2:
		Shape: Polyhedra
		q_c:	521.5	429.0	482.5
		ub :	524.7997	431.6212	485.1374
		lb :	518.2003	426.3788	479.8626
		A:
			-0.7037	-0.3914	-0.593
			-0.0125	-0.7677	-0.6407
			-0.9059	-0.085	-0.4148
			0.036	-0.6823	-0.7302
			0.1967	0.0615	0.9785
			-0.7052	-0.597	-0.3825
			0.4911	0.1482	0.8584
			-0.8396	-0.1819	0.5118
			0.232	-0.9721	0.0351
			-0.4911	-0.1482	-0.8584
			0.8396	0.1819	-0.5118
			-0.232	0.9721	-0.0351
		b:
			-819.3105
			-643.1771
			-707.1797
			-624.4398
			602.7363
			-806.5324
			735.388
			-266.425
			-277.1009
			-732.388
			271.425
			281.1009
	==================================================================================
	Q3:
		Shape: Polyhedra
		q_c:	521.0	435.5	484.0
		ub :	524.2811	439.1924	487.4584
		lb :	517.7189	431.8076	480.5416
		A:
			-0.8423	0.5294	-0.1017
			0.5823	0.6605	-0.474
			-0.4805	-0.6014	0.6383
			-0.4512	-0.2095	0.8675
			-0.6331	-0.2999	0.7136
			-0.9574	-0.2766	0.0829
			0.7696	0.6174	0.163
			0.6008	-0.6139	-0.5121
			-0.2161	0.492	-0.8434
			-0.7696	-0.6174	-0.163
			-0.6008	0.6139	0.5121
			0.2161	-0.492	0.8434
		b:
			-255.3699
			363.8285
			-201.0199
			95.8487
			-112.8834
			-577.1407
			750.7004
			-200.1441
			-304.0009
			-746.7004
			204.1441
			309.0009
	==================================================================================
	Q4:
		Shape: Ellipse
		q_c:	523.5	432.5	481.5
		ub :	526.1527	435.0997	484.2791
		lb :	520.8473	429.9003	478.7209
		P^-1:
			0.4914	-0.0988	-0.3983
			-0.0988	0.271	0.092
			-0.3983	0.092	0.6476
	==================================================================================
	Q5:
		Shape: Ellipse
		q_c:	525.0	428.5	490.5
		ub :	527.8877	430.0703	493.4288
		lb :	522.1123	426.9297	487.5712
		P^-1:
			0.2729	-0.1258	0.0283
			-0.1258	0.9421	-0.1557
			0.0283	-0.1557	0.285
	==================================================================================
	Q6:
		Shape: Ellipse
		q_c:	524.5	433.0	486.0
		ub :	526.6513	434.6883	488.2126
		lb :	522.3487	431.3117	483.7874
		P^-1:
			0.4444	-0.0	-0.0
			-0.0	0.4444	0.0
			-0.0	0.0	0.4444


===========================================================================================
===========================================================================================
S6:
	q_c:	208.5	138.0	193.0
	ub :	244.3374	165.9362	220.1043
	lb :	176.4278	109.5046	151.6924

	==================================================================================
	Q1:
		Shape: Ellipse
		q_c:	203.0	138.5	211.0
		ub :	218.4183	155.5932	220.1043
		lb :	187.5817	121.4068	201.8957
		P^-1:
			0.0207	0.011	-0.0173
			0.011	0.0126	-0.0142
			-0.0173	-0.0142	0.0478
	==================================================================================
	Q2:
		Shape: Polyhedra
		q_c:	228.5	127.0	201.5
		ub :	241.7467	137.7901	216.8351
		lb :	215.2533	116.2099	186.1649
		A:
			-0.5573	0.8061	0.199
			0.2428	-0.8277	0.506
			-0.4691	0.8819	-0.0473
			0.7914	-0.57	-0.2207
			-0.8261	0.1865	0.5317
			0.814	-0.4116	-0.4099
			0.6161	0.1763	0.7677
			-0.6949	0.5807	0.4242
			-0.371	-0.7948	0.4802
			-0.6161	-0.1763	-0.7677
			0.6949	-0.5807	-0.4242
			0.371	0.7948	-0.4802
		b:
			19.1981
			60.9885
			0.9926
			68.055
			-53.4151
			54.7399
			330.8567
			3.4532
			-80.4406
			-304.8567
			2.5468
			97.4406
	==================================================================================
	Q3:
		Shape: Hybrid
		q_c:	188.0	153.5	188.5
		ub :	199.5722	165.9362	197.5953
		lb :	176.4278	141.0638	179.4047
		P^-1:
			0.0215	-0.0003	0.0118
			-0.0003	0.0134	0.0063
			0.0118	0.0063	0.0433
		A:
			0.8229	0.4893	-0.2889
			-0.7445	0.3499	-0.5686
			0.6211	0.0719	-0.7804
			-0.4403	0.8955	0.0655
			-0.0436	-0.5566	-0.8296
			-0.7516	-0.5191	-0.4069
		b:
			181.9618
			-189.5549
			-13.9397
			73.0576
			-246.6344
			-292.9381
	==================================================================================
	Q4:
		Shape: Ellipse
		q_c:	190.5	123.5	192.5
		ub :	203.8421	136.6395	206.8031
		lb :	177.1579	110.3605	178.1969
		P^-1:
			0.0131	-0.0019	-0.0033
			-0.0019	0.017	-0.0013
			-0.0033	-0.0013	0.0155
	==================================================================================
	Q5:
		Shape: Ellipse
		q_c:	226.0	125.5	169.5
		ub :	240.9229	141.4954	187.3076
		lb :	211.0771	109.5046	151.6924
		P^-1:
			0.0137	0.0038	-0.0007
			0.0038	0.014	0.0025
			-0.0007	0.0025	0.0059
	==================================================================================
	Q6:
		Shape: Polyhedra
		q_c:	229.0	140.0	191.0
		ub :	244.3374	144.4609	206.2461
		lb :	213.6626	135.5391	175.7539
		A:
			-0.2816	-0.9472	0.1532
			0.0559	0.9242	-0.3778
			0.7943	0.5867	0.1577
			0.6113	0.7749	0.1607
			-0.6565	-0.7366	-0.1629
			0.188	0.982	0.0187
			0.6939	0.0751	0.7162
			-0.7183	0.1422	0.681
			-0.0507	-0.987	0.1526
			-0.6939	-0.0751	-0.7162
			0.7183	-0.1422	-0.681
			0.0507	0.987	-0.1526
		b:
			-164.5926
			73.2481
			302.0337
			285.1922
			-278.1023
			186.7994
			314.6977
			-1.5129
			-118.6414
			-297.6977
			27.5129
			122.6414


===========================================================================================
===========================================================================================
S7:
	q_c:	258.0	402.0	458.0
	ub :	271.9223	409.1092	471.681
	lb :	247.8541	388.9025	445.5301

	==================================================================================
	Q1:
		Shape: Hybrid
		q_c:	266.5	403.5	458.5
		ub :	271.9223	409.1092	463.1487
		lb :	261.0777	397.8908	453.8513
		P^-1:
			0.1213	-0.0495	-0.0183
			-0.0495	0.0967	-0.0234
			-0.0183	-0.0234	0.1514
		A:
			-0.5237	-0.2846	0.803
			0.2721	-0.3612	-0.8919
			0.1213	-0.6967	0.707
			0.3667	-0.6905	-0.6235
			-0.4749	0.5658	0.674
			-0.0876	-0.7417	0.665
		b:
			115.2858
			-480.5752
			76.7994
			-464.9458
			412.3411
			-15.9847
	==================================================================================
	Q2:
		Shape: Hybrid
		q_c:	254.5	394.5	462.5
		ub :	258.8089	398.9427	465.8391
		lb :	250.1911	390.0573	459.1609
		P^-1:
			0.1728	0.021	-0.1048
			0.021	0.1925	-0.1362
			-0.1048	-0.1362	0.3208
		A:
			-0.4461	-0.1462	-0.8829
			-0.4965	-0.7885	0.363
			0.166	-0.9492	0.2674
			-0.3128	0.8242	-0.4721
			-0.6912	-0.2754	0.6681
			-0.243	-0.7665	0.5945
		b:
			-577.2436
			-267.985
			-206.9242
			28.548
			25.4459
			-88.1985
	==================================================================================
	Q3:
		Shape: Polyhedra
		q_c:	255.5	402.5	451.0
		ub :	262.2472	408.0078	456.4699
		lb :	248.7528	396.9922	445.5301
		A:
			-0.7157	-0.126	0.6869
			-0.6023	-0.0746	0.7947
			-0.0797	0.4427	-0.8931
			0.5272	-0.3471	-0.7756
			0.6936	0.4611	-0.5535
			-0.2413	-0.4549	0.8572
			0.835	0.2846	0.4708
			-0.5022	0.0448	0.8636
			0.2247	-0.9576	0.1803
			-0.835	-0.2846	-0.4708
			0.5022	-0.0448	-0.8636
			-0.2247	0.9576	-0.1803
		b:
			79.1435
			177.1171
			-241.3768
			-352.1531
			116.7182
			144.8847
			545.7663
			281.6946
			-242.6783
			-534.7663
			-276.6946
			250.6783
	==================================================================================
	Q4:
		Shape: Polyhedra
		q_c:	255.5	395.0	455.0
		ub :	262.5641	401.0975	462.7933
		lb :	248.4359	388.9025	447.2067
		A:
			0.1879	-0.7686	0.6115
			-0.4709	0.3654	0.803
			0.2083	0.4402	0.8734
			0.9195	0.0701	-0.3867
			-0.1753	0.2242	-0.9587
			0.4353	-0.4637	-0.7717
			0.1453	0.9234	0.3552
			0.9212	0.0047	-0.3889
			-0.3608	0.3837	-0.85
			-0.1453	-0.9234	-0.3552
			-0.9212	-0.0047	0.3889
			0.3608	-0.3837	0.85
		b:
			27.584
			394.2171
			629.241
			91.6925
			-387.4208
			-418.2696
			567.9887
			65.2542
			-322.3838
			-558.9887
			-55.2542
			332.3838
	==================================================================================
	Q5:
		Shape: Ellipse
		q_c:	252.5	397.0	456.5
		ub :	257.1459	403.2877	462.708
		lb :	247.8541	390.7123	450.292
		P^-1:
			0.1435	0.0186	0.0339
			0.0186	0.0563	0.0009
			0.0339	0.0009	0.0721
	==================================================================================
	Q6:
		Shape: Hybrid
		q_c:	262.0	398.5	466.0
		ub :	267.7606	404.4539	471.681
		lb :	256.2394	392.5461	460.319
		P^-1:
			0.0923	0.0033	0.018
			0.0033	0.0796	0.0149
			0.018	0.0149	0.0834
		A:
			0.3679	-0.7676	-0.5249
			0.4769	-0.4402	0.7608
			-0.3818	0.375	-0.8447
			-0.3494	0.7605	-0.5473
			0.4483	-0.7151	0.5364
			-0.9422	-0.3169	0.1085
		b:
			-452.1561
			306.0955
			-342.2084
			-41.3376
			84.5733
			-320.5792


===========================================================================================
===========================================================================================
S8:
	q_c:	391.0	315.5	18.5
	ub :	411.8965	337.6951	44.9656
	lb :	372.2139	288.6496	4.769

	==================================================================================
	Q1:
		Shape: Hybrid
		q_c:	399.0	302.5	19.0
		ub :	407.7116	309.4839	27.3587
		lb :	390.2884	295.5161	10.6413
		P^-1:
			0.0426	0.009	-0.0262
			0.009	0.0779	-0.0326
			-0.0262	-0.0326	0.0605
		A:
			-0.357	-0.9312	-0.0742
			-0.326	-0.8354	0.4425
			0.1808	0.564	-0.8058
			-0.2144	0.4781	-0.8518
			0.4821	0.0215	-0.8758
			0.3901	0.8957	-0.2136
		b:
			-422.2214
			-372.6892
			229.3543
			46.1843
			184.7601
			424.9144
	==================================================================================
	Q2:
		Shape: Polyhedra
		q_c:	397.5	329.5	32.0
		ub :	408.3885	337.2647	43.9064
		lb :	386.6115	321.7353	20.0936
		A:
			-0.4358	0.9	0.0034
			0.968	0.2508	-0.0045
			-0.1532	0.9628	0.2225
			-0.468	0.8835	0.0173
			-0.2235	0.8688	0.4418
			0.2587	-0.9563	-0.1365
			0.7849	0.2895	0.5478
			0.4325	0.3771	-0.819
			-0.4437	0.8798	0.1708
			-0.7849	-0.2895	-0.5478
			-0.4325	-0.3771	0.819
			0.4437	-0.8798	-0.1708
		b:
			126.2858
			475.0756
			266.7953
			108.4373
			215.1014
			-213.6534
			432.4269
			278.964
			121.4835
			-417.4269
			-260.964
			-116.4835
	==================================================================================
	Q3:
		Shape: Hybrid
		q_c:	385.0	315.5	19.0
		ub :	389.6867	322.1433	25.5838
		lb :	380.3133	308.8567	12.4162
		P^-1:
			0.1189	0.0603	0.0614
			0.0603	0.1153	0.0802
			0.0614	0.0802	0.1113
		A:
			-0.7398	-0.6656	-0.098
			0.1927	0.9048	0.3796
			0.5274	0.5819	0.6191
			0.9484	0.2957	-0.1143
			-0.7154	-0.1221	-0.6879
			-0.3949	-0.2897	-0.8719
		b:
			-494.6033
			368.8367
			399.4102
			458.8405
			-325.0217
			-258.0311
	==================================================================================
	Q4:
		Shape: Ellipse
		q_c:	402.0	315.5	26.0
		ub :	411.8965	325.5657	34.137
		lb :	392.1035	305.4343	17.863
		P^-1:
			0.0288	-0.0011	0.0017
			-0.0011	0.0291	-0.002
			0.0017	-0.002	0.0308
	==================================================================================
	Q5:
		Shape: Ellipse
		q_c:	385.5	302.5	17.0
		ub :	398.7861	316.3504	29.231
		lb :	372.2139	288.6496	4.769
		P^-1:
			0.0148	-0.0012	0.0002
			-0.0012	0.0156	-0.0012
			0.0002	-0.0012	0.0169
	==================================================================================
	Q6:
		Shape: Polyhedra
		q_c:	389.0	327.0	34.5
		ub :	397.9355	337.6951	44.9656
		lb :	380.0645	316.3049	24.0344
		A:
			-0.6018	0.3966	0.6932
			0.4535	-0.3034	-0.838
			-0.0851	-0.4629	0.8823
			-0.9789	0.1985	-0.0489
			0.5828	0.7422	-0.331
			-0.2994	-0.298	-0.9064
			0.7026	0.5523	0.4487
			0.0736	-0.6836	0.7261
			0.7078	-0.4771	-0.5209
			-0.7026	-0.5523	-0.4487
			-0.0736	0.6836	-0.7261
			-0.7078	0.4771	0.5209
		b:
			-75.4009
			53.6607
			-147.6412
			-311.6651
			464.6311
			-238.574
			476.3862
			-163.3524
			106.3261
			-462.3862
			176.3524
			-96.3261


===========================================================================================
===========================================================================================
S9:
	q_c:	193.0	353.5	297.5
	ub :	215.7115	373.3697	313.2259
	lb :	182.5377	352.6732	282.9122

	==================================================================================
	Q1:
		Shape: Polyhedra
		q_c:	199.0	366.5	307.5
		ub :	205.4409	372.8331	313.0106
		lb :	192.5591	360.1669	301.9894
		A:
			-0.9452	0.1186	0.3042
			-0.5817	-0.3266	-0.745
			-0.2698	0.9408	0.2053
			0.3991	-0.9068	0.1362
			-0.9169	-0.261	-0.302
			-0.303	0.9465	0.111
			0.1777	0.5503	0.8158
			-0.7468	0.6153	-0.2524
			-0.6408	-0.5644	0.5203
			-0.1777	-0.5503	-0.8158
			0.7468	-0.6153	0.2524
			0.6408	0.5644	-0.5203
		b:
			-46.4119
			-462.1319
			357.1725
			-207.6604
			-366.9189
			323.8105
			489.9152
			2.2643
			-168.4068
			-485.9152
			3.7357
			180.4068
	==================================================================================
	Q2:
		Shape: Hybrid
		q_c:	196.0	358.5	289.5
		ub :	201.3587	362.8928	294.9783
		lb :	190.6413	354.1072	284.0217
		P^-1:
			0.155	-0.0246	0.1011
			-0.0246	0.0685	-0.0222
			0.1011	-0.0222	0.129
		A:
			0.1884	-0.8078	-0.5586
			-0.0561	-0.6768	0.7341
			-0.2498	0.6843	-0.6851
			0.0079	-0.7703	-0.6377
			-0.5119	-0.4018	-0.7593
			-0.0685	0.8372	0.5426
		b:
			-411.0392
			-38.1985
			0.2033
			-456.0271
			-462.2137
			446.9976
	==================================================================================
	Q3:
		Shape: Hybrid
		q_c:	207.5	362.5	301.5
		ub :	215.7115	367.831	309.6021
		lb :	199.2885	357.169	293.3979
		P^-1:
			0.0668	-0.0748	-0.0151
			-0.0748	0.1905	0.0673
			-0.0151	0.0673	0.0625
		A:
			0.0126	0.988	0.1537
			-0.4077	0.8974	0.169
			-0.72	-0.6725	-0.1712
			0.3563	-0.9344	0.0006
			-0.6293	0.6773	-0.3811
			0.6516	-0.7578	-0.0358
		b:
			409.6041
			292.8328
			-440.1444
			-262.7891
			2.6636
			-148.6629
	==================================================================================
	Q4:
		Shape: Hybrid
		q_c:	200.0	359.0	291.5
		ub :	208.6852	365.3268	300.0878
		lb :	191.3148	352.6732	282.9122
		P^-1:
			0.0462	-0.0126	-0.0243
			-0.0126	0.0723	0.0009
			-0.0243	0.0009	0.0461
		A:
			-0.8433	0.44	0.3087
			0.6236	-0.7405	-0.2507
			0.3506	0.9195	-0.1776
			-0.6577	0.016	0.7531
			-0.9509	-0.122	-0.2846
			-0.1373	0.7745	0.6175
		b:
			81.5801
			-212.3195
			350.9244
			95.8181
			-312.1937
			433.2508
	==================================================================================
	Q5:
		Shape: Ellipse
		q_c:	200.5	363.5	306.0
		ub :	208.3597	368.7035	313.2259
		lb :	192.6403	358.2965	298.7741
		P^-1:
			0.0566	0.0478	0.0052
			0.0478	0.1275	0.031
			0.0052	0.031	0.0531
	==================================================================================
	Q6:
		Shape: Polyhedra
		q_c:	188.0	366.5	289.0
		ub :	193.4623	373.3697	292.7554
		lb :	182.5377	359.6303	285.2446
		A:
			0.9767	-0.1356	0.1663
			0.6745	-0.6583	-0.3342
			0.2277	0.108	0.9677
			-0.5205	0.6339	-0.5721
			-0.884	0.333	-0.328
			0.691	-0.536	-0.4849
			0.3974	0.9175	0.0146
			0.3047	-0.1469	0.941
			0.8656	-0.3695	-0.338
			-0.3974	-0.9175	-0.0146
			-0.3047	0.1469	-0.941
			-0.8656	0.3695	0.338
		b:
			184.9883
			-207.9204
			365.2306
			-27.4131
			-136.215
			-203.8796
			421.1934
			278.4113
			-67.8581
			-409.1934
			-272.4113
			72.8581


===========================================================================================
===========================================================================================
S10:
	q_c:	148.5	60.5	66.5
	ub :	167.016	75.5875	79.7068
	lb :	131.3301	44.4544	50.3745

	==================================================================================
	Q1:
		Shape: Ellipse
		q_c:	158.0	57.5	65.5
		ub :	167.016	65.8723	74.0869
		lb :	148.984	49.1277	56.9131
		P^-1:
			0.0409	-0.0174	-0.0012
			-0.0174	0.0485	-0.0012
			-0.0012	-0.0012	0.0246
	==================================================================================
	Q2:
		Shape: Ellipse
		q_c:	156.0	55.0	62.0
		ub :	160.9757	60.7783	68.3593
		lb :	151.0243	49.2217	55.6407
		P^-1:
			0.1065	0.0309	0.0218
			0.0309	0.1186	0.0363
			0.0218	0.0363	0.0497
	==================================================================================
	Q3:
		Shape: Polyhedra
		q_c:	147.5	53.5	73.0
		ub :	153.959	58.8406	79.7068
		lb :	141.041	48.1594	66.2932
		A:
			0.9489	-0.1151	0.2937
			-0.2397	-0.6817	-0.6912
			-0.0702	-0.4267	-0.9017
			0.8158	0.1558	-0.557
			0.2359	-0.1639	-0.9578
			-0.5907	0.6214	0.5147
			0.2094	0.8693	0.4478
			0.7445	0.1552	-0.6494
			-0.634	0.4694	-0.6146
			-0.2094	-0.8693	-0.4478
			-0.7445	-0.1552	0.6494
			0.634	-0.4694	0.6146
		b:
			159.5625
			-119.1337
			-95.4916
			92.0092
			-40.0653
			-12.6308
			113.086
			74.7024
			-108.7684
			-107.086
			-66.7024
			117.7684
	==================================================================================
	Q4:
		Shape: Polyhedra
		q_c:	151.5	61.0	72.0
		ub :	156.3357	68.9153	76.2091
		lb :	146.6643	53.0847	67.7909
		A:
			0.8756	-0.0985	0.4729
			-0.8918	-0.344	-0.2939
			-0.8494	-0.5162	-0.1096
			-0.8571	0.1247	-0.4998
			0.7947	0.3343	-0.5068
			0.5001	0.0119	-0.8659
			0.8767	0.1638	0.4523
			0.1408	-0.9864	0.0843
			0.46	-0.0103	-0.8878
			-0.8767	-0.1638	-0.4523
			-0.1408	0.9864	-0.0843
			-0.46	0.0103	0.8878
		b:
			164.1834
			-173.9904
			-164.1135
			-154.6428
			107.5181
			16.655
			178.375
			-25.2779
			7.6431
			-172.375
			40.2779
			-2.6431
	==================================================================================
	Q5:
		Shape: Hybrid
		q_c:	150.0	71.5	56.0
		ub :	156.0389	75.5875	61.6255
		lb :	143.9611	67.4125	50.3745
		P^-1:
			0.0759	0.0122	0.0528
			0.0122	0.0881	0.0177
			0.0528	0.0177	0.1177
		A:
			0.222	-0.6079	0.7623
			0.3924	0.7786	0.4897
			0.3752	-0.3801	-0.8454
			0.041	-0.8799	-0.4733
			0.298	-0.26	0.9185
			-0.0396	-0.9888	0.1439
		b:
			34.6201
			143.5643
			-15.2377
			-81.1753
			79.3291
			-66.3478
	==================================================================================
	Q6:
		Shape: Ellipse
		q_c:	141.5	54.0	65.0
		ub :	151.6699	63.5456	71.902
		lb :	131.3301	44.4544	58.098
		P^-1:
			0.0375	0.0103	0.0348
			0.0103	0.0312	0.0242
			0.0348	0.0242	0.0839


===========================================================================================
===========================================================================================
S11:
	q_c:	485.0	46.5	483.5
	ub :	495.3311	54.9457	495.0439
	lb :	476.122	35.2695	471.1391

	==================================================================================
	Q1:
		Shape: Polyhedra
		q_c:	489.0	41.5	476.5
		ub :	495.3311	47.7305	481.8609
		lb :	482.6689	35.2695	471.1391
		A:
			0.2221	0.4062	0.8864
			0.5037	-0.5449	-0.6704
			0.2692	-0.8156	-0.5121
			0.6086	0.3755	-0.699
			-0.5342	0.7804	-0.325
			-0.8757	-0.4561	0.1586
			0.6068	0.7855	0.1216
			0.5876	-0.3403	-0.7341
			-0.5353	0.5169	-0.668
			-0.6068	-0.7855	-0.1216
			-0.5876	0.3403	0.7341
			0.5353	-0.5169	0.668
		b:
			551.4239
			-92.6717
			-142.8614
			-16.3949
			-379.8233
			-367.744
			391.2699
			-73.6131
			-554.6125
			-383.2699
			79.6131
			562.6125
	==================================================================================
	Q2:
		Shape: Hybrid
		q_c:	486.5	44.0	483.0
		ub :	491.3146	48.823	486.6543
		lb :	481.6854	39.177	479.3457
		P^-1:
			0.1021	0.0344	-0.0023
			0.0344	0.1396	0.0014
			-0.0023	0.0014	0.1599
		A:
			0.2357	-0.1932	0.9524
			-0.2966	0.4232	0.8561
			-0.3167	-0.88	0.3541
			0.1361	-0.7088	0.6921
			0.7716	0.6358	-0.0187
			-0.7447	-0.6593	-0.1034
		b:
			567.5697
			289.2921
			-20.479
			370.8656
			395.6972
			-439.9109
	==================================================================================
	Q3:
		Shape: Hybrid
		q_c:	487.0	49.0	476.0
		ub :	491.3215	53.5272	480.2511
		lb :	482.6785	44.4728	471.7489
		P^-1:
			0.1351	-0.0252	0.002
			-0.0252	0.134	0.0078
			0.002	0.0078	0.0836
		A:
			-0.5362	-0.8209	-0.1963
			0.4743	0.2426	-0.8463
			0.0806	-0.8506	-0.5195
			0.9524	-0.2896	-0.0956
			0.7368	0.5787	-0.3497
			0.955	0.2627	0.1379
		b:
			-393.0885
			-157.8216
			-248.1229
			405.4894
			222.6174
			545.2098
	==================================================================================
	Q4:
		Shape: Ellipse
		q_c:	487.0	44.5	480.0
		ub :	490.095	47.3496	482.608
		lb :	483.905	41.6504	477.392
		P^-1:
			0.2964	-0.0314	0.0767
			-0.0314	0.2713	-0.052
			0.0767	-0.052	0.3768
	==================================================================================
	Q5:
		Shape: Polyhedra
		q_c:	479.0	45.0	488.5
		ub :	481.5513	49.9136	492.2508
		lb :	476.4487	40.0864	484.7492
		A:
			-0.1774	-0.7176	-0.6735
			-0.5215	0.625	0.5809
			0.0582	-0.5777	-0.8142
			-0.4598	-0.1009	-0.8823
			-0.1084	-0.4977	-0.8605
			-0.5466	-0.6203	-0.5625
			0.1772	0.5482	0.8174
			-0.9667	0.2529	0.0399
			-0.1848	-0.7972	0.5747
			-0.1772	-0.5482	-0.8174
			0.9667	-0.2529	-0.0399
			0.1848	0.7972	-0.5747
		b:
			-444.7881
			63.3953
			-394.8273
			-653.7808
			-493.6277
			-562.8061
			509.8198
			-430.6571
			161.3361
			-507.8198
			433.6571
			-151.3361
	==================================================================================
	Q6:
		Shape: Hybrid
		q_c:	481.5	50.5	489.5
		ub :	486.878	54.9457	495.0439
		lb :	476.122	46.0543	483.9561
		P^-1:
			0.1408	-0.0804	0.031
			-0.0804	0.177	-0.0248
			0.031	-0.0248	0.0763
		A:
			0.3989	-0.7188	0.5694
			0.564	-0.3459	0.7498
			-0.92	-0.2821	0.2719
			-0.5316	0.6651	-0.5244
			0.079	0.1878	0.979
			-0.5967	-0.7511	0.2824
		b:
			435.9623
			622.9704
			-321.4304
			-477.821
			529.5298
			-184.3007


===========================================================================================
===========================================================================================
S12:
	q_c:	61.0	478.5	52.5
	ub :	65.61	485.5633	59.5909
	lb :	57.3194	473.5241	49.8541

	==================================================================================
	Q1:
		Shape: Polyhedra
		q_c:	63.0	478.0	53.0
		ub :	65.61	480.1163	56.1459
		lb :	60.39	475.8837	49.8541
		A:
			0.5348	-0.8369	-0.1169
			-0.618	0.7443	0.2531
			-0.7645	0.638	-0.092
			-0.2862	-0.6797	-0.6753
			0.5521	-0.8122	0.1887
			-0.5244	0.8515	-0.0053
			0.6667	0.6151	0.4209
			0.3828	0.202	-0.9015
			-0.6395	0.7621	-0.1008
			-0.6667	-0.6151	-0.4209
			-0.3828	-0.202	0.9015
			0.6395	-0.7621	0.1008
		b:
			-371.7956
			331.2406
			252.5315
			-376.7232
			-342.8504
			374.2908
			360.3395
			75.382
			319.1581
			-356.3395
			-70.382
			-318.1581
	==================================================================================
	Q2:
		Shape: Polyhedra
		q_c:	59.0	477.0	55.5
		ub :	60.6806	478.2807	57.6979
		lb :	57.3194	475.7193	53.3021
		A:
			-0.398	0.9148	-0.0694
			-0.0229	-0.9977	-0.0634
			-0.7488	0.4077	-0.5226
			-0.9944	-0.0099	0.1049
			0.8559	-0.4026	0.3247
			0.743	-0.597	0.3025
			0.7861	0.594	0.1711
			0.5323	-0.7912	0.3011
			0.3142	-0.1456	-0.9381
			-0.7861	-0.594	-0.1711
			-0.5323	0.7912	-0.3011
			-0.3142	0.1456	0.9381
		b:
			409.6662
			-479.9569
			122.0445
			-56.4196
			-122.8547
			-223.588
			340.2062
			-328.7818
			-100.9704
			-338.2062
			329.7818
			104.9704
	==================================================================================
	Q3:
		Shape: Hybrid
		q_c:	60.5	481.0	57.0
		ub :	61.4869	483.9568	59.5909
		lb :	59.5131	478.0432	54.4091
		P^-1:
			3.8629	-0.6107	0.3259
			-0.6107	0.3347	-0.1808
			0.3259	-0.1808	0.4068
		A:
			0.993	0.0013	0.1181
			-0.7232	0.612	-0.3201
			0.4193	0.7375	-0.5294
			-0.7772	0.0317	-0.6285
			0.8568	-0.1062	-0.5047
			-0.8601	0.178	-0.4781
		b:
			67.8273
			233.1919
			351.3669
			-66.6399
			-27.1476
			6.9156
	==================================================================================
	Q4:
		Shape: Hybrid
		q_c:	60.5	480.5	53.5
		ub :	62.7256	483.619	56.4194
		lb :	58.2744	477.381	50.5806
		P^-1:
			0.429	0.051	0.0131
			0.051	0.2645	0.0037
			0.0131	0.0037	0.251
		A:
			-0.5837	-0.1372	-0.8003
			0.6816	0.1381	0.7185
			0.4822	-0.8678	0.1203
			-0.9673	0.2454	0.0644
			0.4433	-0.1848	0.8771
			0.7886	0.1663	-0.592
		b:
			-143.006
			147.0142
			-380.1199
			63.757
			-13.9058
			96.9094
	==================================================================================
	Q5:
		Shape: Polyhedra
		q_c:	60.5	482.5	55.0
		ub :	62.1557	485.5633	57.957
		lb :	58.8443	479.4367	52.043
		A:
			-0.8897	0.0324	-0.4555
			-0.6023	0.7385	0.3032
			-0.8305	0.5457	0.1116
			-0.9922	-0.0463	0.1161
			-0.4973	0.8642	0.0769
			-0.9447	0.2949	-0.1432
			0.3932	0.5801	0.7133
			-0.9175	0.2977	0.2637
			-0.0594	-0.7582	0.6493
			-0.3932	-0.5801	-0.7133
			0.9175	-0.2977	-0.2637
			0.0594	0.7582	-0.6493
		b:
			-61.8547
			337.8928
			220.4062
			-74.8288
			392.8017
			78.4788
			344.4354
			103.6076
			-331.2042
			-341.4354
			-101.6076
			336.2042
	==================================================================================
	Q6:
		Shape: Ellipse
		q_c:	63.5	475.5	51.5
		ub :	65.5438	477.4759	52.9955
		lb :	61.4562	473.5241	50.0045
		P^-1:
			0.7031	-0.2741	-0.0411
			-0.2741	0.747	-0.0379
			-0.0411	-0.0379	0.9943


===========================================================================================
===========================================================================================
S13:
	q_c:	97.5	150.5	187.5
	ub :	107.2647	155.8728	198.0267
	lb :	87.3313	139.7092	181.7931

	==================================================================================
	Q1:
		Shape: Ellipse
		q_c:	97.0	144.0	186.0
		ub :	100.005	147.134	188.9685
		lb :	93.995	140.866	183.0315
		P^-1:
			0.378	0.063	0.1026
			0.063	0.1782	0.0296
			0.1026	0.0296	0.2083
	==================================================================================
	Q2:
		Shape: Ellipse
		q_c:	94.0	148.5	187.0
		ub :	97.4678	150.9879	190.4951
		lb :	90.5322	146.0121	183.5049
		P^-1:
			0.2469	0.0593	-0.0687
			0.0593	0.3918	-0.0639
			-0.0687	-0.0639	0.2158
	==================================================================================
	Q3:
		Shape: Ellipse
		q_c:	94.0	153.5	189.5
		ub :	97.287	155.8728	192.182
		lb :	90.713	151.1272	186.818
		P^-1:
			0.1139	0.0209	-0.0096
			0.0209	0.4172	0.067
			-0.0096	0.067	0.2745
	==================================================================================
	Q4:
		Shape: Polyhedra
		q_c:	104.0	144.0	183.5
		ub :	107.2647	147.0403	185.2069
		lb :	100.7353	140.9597	181.7931
		A:
			0.1235	-0.9451	0.3025
			-0.94	0.3399	0.0308
			0.567	0.268	-0.7789
			0.5251	0.3068	-0.7938
			0.3786	0.2458	-0.8923
			-0.5076	-0.3581	-0.7837
			0.0636	0.0203	0.9978
			-0.8521	0.5216	0.0437
			-0.5195	-0.853	0.0505
			-0.0636	-0.0203	-0.9978
			0.8521	-0.5216	-0.0437
			0.5195	0.853	-0.0505
		b:
			-65.5961
			-40.6833
			-43.5362
			-45.0704
			-87.295
			-246.4453
			194.1262
			-2.9837
			-165.5987
			-191.1262
			7.9837
			169.5987
	==================================================================================
	Q5:
		Shape: Ellipse
		q_c:	91.0	149.5	193.0
		ub :	94.6687	154.5512	198.0267
		lb :	87.3313	144.4488	187.9733
		P^-1:
			0.1509	0.0175	0.0179
