3D_40_5_6_c                l = 3

===========================================================================================
===========================================================================================
S1:
	q_c:    433.0000    252.5000    173.5000
	ub :    453.0000    278.0000    189.0000
	lb :    413.0000    227.0000    158.0000

	==================================================================================
	Q1:
		Shape: Ellipse
		q_c:    438.5000    256.5000    177.5000
		ub :    445.2371    263.2547    184.7229
		lb :    431.7629    249.7453    170.2771
		P^-1: 
			    0.1536    -0.0037    -0.1130
			    -0.0037    0.0328    0.0061
			    -0.1130    0.0061    0.1170
	==================================================================================
	Q2:
		Shape: Polyhedra
		q_c:    418.5000    261.5000    188.5000
		ub :    429.5796    273.0091    198.4147
		lb :    407.4204    249.9909    178.5853
		A:
			    0.7075    -0.4611    -0.5356
			    -0.5331    -0.4657    0.7064
			    0.5033    0.8585    -0.0982
			    0.1882    -0.9757    0.1120
			    0.3203    0.2183    -0.9218
			    0.4750    0.6882    -0.5484
			    0.2426    0.6878    0.6842
			    -0.8774    0.4565    -0.1478
			    -0.4140    -0.5644    0.7142
			    -0.2426    -0.6878    -0.6842
			    0.8774    -0.4565    0.1478
			    0.4140    0.5644    -0.7142
		b:
			    81.8598
			    -205.6564
			    422.8390
			    -148.2864
			    23.4353
			    281.3839
			    416.8448
			    -267.6625
			    -180.2366
			    -403.8448
			    283.6625
			    192.2366
	==================================================================================
	Q3:
		Shape: Ellipse
		q_c:    446.5000    262.0000    160.5000
		ub :    455.9507    271.8254    171.3610
		lb :    437.0493    252.1746    149.6390
		P^-1: 
			    0.0280    0.0023    -0.0057
			    0.0023    0.0234    -0.0002
			    -0.0057    -0.0002    0.0257
	==================================================================================
	Q4:
		Shape: Polyhedra
		q_c:    439.5000    265.5000    181.0000
		ub :    451.0085    275.6441    194.2917
		lb :    427.9915    255.3559    167.7083
		A:
			    0.5468    0.6573    -0.5187
			    -0.1199    0.7155    -0.6882
			    0.5609    -0.3755    0.7378
			    0.8944    -0.4449    0.0463
			    0.2579    0.2423    -0.9353
			    -0.2729    0.9587    0.0804
			    0.8623    0.3093    0.4009
			    -0.4732    0.2106    0.8554
			    0.1802    -0.9274    0.3280
			    -0.8623    -0.3093    -0.4009
			    0.4732    -0.2106    -0.8554
			    -0.1802    0.9274    -0.3280
		b:
			    328.7260
			    19.7987
			    287.2041
			    290.7647
			    17.6724
			    156.3397
			    540.1775
			    12.7430
			    -101.1675
			    -527.1775
			    7.2570
			    114.1675
	==================================================================================
	Q5:
		Shape: Polyhedra
		q_c:    426.5000    239.5000    163.0000
		ub :    434.6552    250.4892    173.1529
		lb :    418.3448    228.5108    152.8471
		A:
			    0.8239    -0.5515    -0.1308
			    -0.8845    0.4510    0.1192
			    0.5423    -0.0630    -0.8378
			    -0.7403    -0.3218    -0.5903
			    0.3647    -0.0760    -0.9280
			    0.8847    -0.4603    0.0735
			    0.5454    0.1956    0.8151
			    -0.8058    0.3901    0.4456
			    -0.2308    -0.8998    0.3703
			    -0.5454    -0.1956    -0.8151
			    0.8058    -0.3901    -0.4456
			    0.2308    0.8998    -0.3703
		b:
			    202.0032
			    -246.0500
			    84.7152
			    -482.4020
			    -8.3876
			    283.5995
			    418.7932
			    -174.6074
			    -244.0772
			    -405.7932
			    180.6074
			    263.0772
	==================================================================================
	Q6:
		Shape: Hybrid
		q_c:    431.0000    256.5000    188.5000
		ub :    442.0696    269.2175    198.2336
		lb :    419.9304    243.7825    178.7664
		P^-1: 
			    0.0315    0.0066    -0.0104
			    0.0066    0.0102    -0.0032
			    -0.0104    -0.0032    0.0223
		A:
			    0.4567    -0.3071    -0.8350
			    0.2285    -0.0182    -0.9734
			    0.9541    0.1494    0.2596
			    0.6582    0.4221    -0.6234
			    -0.8794    0.4732    0.0529
			    0.9960    -0.0539    -0.0715
		b:
			    -34.4994
			    -85.3706
			    502.7878
			    277.4612
			    -241.4926
			    405.9592


===========================================================================================
===========================================================================================
S2:
	q_c:    127.0000    364.5000    499.0000
	ub :    152.0000    385.0000    516.0000
	lb :    102.0000    344.0000    482.0000

	==================================================================================
	Q1:
		Shape: Ellipse
		q_c:    129.0000    365.0000    490.0000
		ub :    140.2803    373.5789    501.4578
		lb :    117.7197    356.4211    478.5422
		P^-1: 
			    0.0170    0.0041    0.0035
			    0.0041    0.0511    0.0192
			    0.0035    0.0192    0.0278
	==================================================================================
	Q2:
		Shape: Ellipse
		q_c:    112.0000    377.0000    498.5000
		ub :    118.8666    384.0935    504.4427
		lb :    105.1334    369.9065    492.5573
		P^-1: 
			    0.4610    0.3134    0.3665
			    0.3134    0.2626    0.2684
			    0.3665    0.2684    0.3331
	==================================================================================
	Q3:
		Shape: Hybrid
		q_c:    133.5000    358.0000    503.0000
		ub :    144.2540    372.0803    517.2253
		lb :    122.7460    343.9197    488.7747
		P^-1: 
			    0.0573    0.0065    0.0341
			    0.0065    0.0103    0.0034
			    0.0341    0.0034    0.0315
		A:
			    0.8533    0.4399    -0.2798
			    0.9296    0.1697    0.3273
			    -0.5083    -0.2356    -0.8283
			    -0.5739    -0.4968    -0.6510
			    0.8704    -0.1353    0.4734
			    0.9218    0.1480    0.3584
		b:
			    137.7185
			    352.1965
			    -564.8301
			    -577.7710
			    308.5188
			    358.8321
	==================================================================================
	Q4:
		Shape: Polyhedra
		q_c:    144.0000    378.5000    505.0000
		ub :    155.8233    388.7639    517.0416
		lb :    132.1767    368.2361    492.9584
		A:
			    -0.6514    -0.0738    0.7551
			    0.6191    0.6255    0.4748
			    -0.3706    0.0354    -0.9281
			    0.5036    0.3024    -0.8093
			    -0.9743    0.1930    -0.1158
			    0.3848    0.4437    0.8094
			    0.7149    0.2265    0.6616
			    -0.6818    0.0156    0.7314
			    0.1553    -0.9739    0.1655
			    -0.7149    -0.2265    -0.6616
			    0.6818    -0.0156    -0.7314
			    -0.1553    0.9739    -0.1655
		b:
			    268.5873
			    572.3754
			    -501.8083
			    -212.7370
			    -118.2054
			    638.6842
			    528.7438
			    286.0729
			    -253.6647
			    -516.7438
			    -268.0729
			    271.6647
	==================================================================================
	Q5:
		Shape: Polyhedra
		q_c:    119.5000    383.0000    512.0000
		ub :    134.5889    398.2486    525.3301
		lb :    104.4111    367.7514    498.6699
		A:
			    -0.0950    0.4627    0.8814
			    -0.6498    -0.7362    -0.1888
			    0.4366    0.8623    0.2567
			    0.6102    0.1275    0.7819
			    -0.7687    -0.6320    0.0983
			    -0.1023    -0.9002    -0.4234
			    0.1857    0.5155    0.8366
			    -0.5406    0.7645    -0.3510
			    -0.8205    -0.3871    0.4207
			    -0.1857    -0.5155    -0.8366
			    0.5406    -0.7645    0.3510
			    0.8205    0.3871    -0.4207
		b:
			    624.0162
			    -447.6427
			    522.1735
			    530.0187
			    -274.0336
			    -565.8872
			    654.4257
			    58.9694
			    -20.9236
			    -641.4257
			    -37.9694
			    40.9236
	==================================================================================
	Q6:
		Shape: Hybrid
		q_c:    119.5000    351.0000    497.5000
		ub :    130.8492    364.1580    504.2538
		lb :    108.1508    337.8420    490.7462
		P^-1: 
			    0.0398    0.0196    -0.0190
			    0.0196    0.0196    -0.0142
			    -0.0190    -0.0142    0.0628
		A:
			    -0.7241    -0.6559    0.2132
			    -0.2707    -0.1573    -0.9497
			    0.1264    0.3852    -0.9141
			    0.1025    0.2737    -0.9563
			    0.6462    0.3338    -0.6863
			    -0.7601    0.2263    -0.6091
		b:
			    -207.5674
			    -556.7932
			    -301.6949
			    -364.9900
			    -145.1687
			    -308.4622


===========================================================================================
===========================================================================================
S3:
	q_c:    292.5000    144.0000    28.0000
	ub :    318.0000    163.0000    56.0000
	lb :    267.0000    125.0000    0.0000

	==================================================================================
	Q1:
		Shape: Hybrid
		q_c:    292.0000    161.5000    16.5000
		ub :    301.1774    169.3855    25.4649
		lb :    282.8226    153.6145    7.5351
		P^-1: 
			    0.0495    0.0162    0.0225
			    0.0162    0.0480    0.0167
			    0.0225    0.0167    0.0350
		A:
			    -0.9254    -0.0615    -0.3740
			    0.9527    0.2923    -0.0826
			    -0.9001    -0.4268    -0.0873
			    0.3571    -0.6875    -0.6323
			    -0.0284    0.9943    -0.1026
			    0.5232    -0.8316    -0.1866
		b:
			    -283.7431
			    327.7668
			    -330.2433
			    -13.0544
			    154.1196
			    19.1963
	==================================================================================
	Q2:
		Shape: Ellipse
		q_c:    298.0000    162.0000    52.0000
		ub :    308.1803    172.2356    59.3292
		lb :    287.8197    151.7644    44.6708
		P^-1: 
			    0.0411    0.0308    0.0133
			    0.0308    0.0455    0.0130
			    0.0133    0.0130    0.0352
	==================================================================================
	Q3:
		Shape: Ellipse
		q_c:    274.0000    130.5000    7.5000
		ub :    291.9234    148.2956    23.4443
		lb :    256.0766    112.7044    -8.4443
		P^-1: 
			    0.0090    -0.0001    0.0012
			    -0.0001    0.0094    -0.0013
			    0.0012    -0.0013    0.0093
	==================================================================================
	Q4:
		Shape: Polyhedra
		q_c:    292.5000    135.5000    37.0000
		ub :    303.1923    148.3192    48.1975
		lb :    281.8077    122.6808    25.8025
		A:
			    0.0551    -0.3961    0.9165
			    0.3334    -0.3179    -0.8876
			    0.1169    -0.9308    0.3464
			    -0.3111    0.7494    -0.5844
			    0.8163    -0.1277    -0.5633
			    0.6173    -0.5123    0.5971
			    0.3074    0.6655    0.6801
			    0.2378    0.6383    -0.7321
			    -0.9214    0.3868    0.0379
			    -0.3074    -0.6655    -0.6801
			    -0.2378    -0.6383    0.7321
			    0.9214    -0.3868    -0.0379
		b:
			    3.9133
			    29.2424
			    -71.6495
			    -3.7394
			    207.8036
			    140.5023
			    213.2552
			    136.4591
			    -208.6974
			    -197.2552
			    -121.4591
			    222.6974
	==================================================================================
	Q5:
		Shape: Polyhedra
		q_c:    280.0000    134.5000    18.0000
		ub :    298.1672    148.3752    36.4303
		lb :    261.8328    120.6248    -0.4303
		A:
			    0.1809    0.9812    0.0667
			    0.2860    -0.7098    -0.6437
			    -0.8536    0.5090    0.1107
			    -0.9503    0.2685    0.1574
			    0.2419    0.9697    0.0345
			    -0.5830    -0.5917    0.5568
			    0.5834    0.2130    0.7838
			    -0.6803    0.6553    0.3283
			    -0.4437    -0.7247    0.5272
			    -0.5834    -0.2130    -0.7838
			    0.6803    -0.6553    -0.3283
			    0.4437    0.7247    -0.5272
		b:
			    192.7276
			    -15.7489
			    -158.3619
			    -216.8484
			    207.5634
			    -226.6228
			    221.5979
			    -86.9426
			    -206.2186
			    -190.5979
			    105.9426
			    218.2186
	==================================================================================
	Q6:
		Shape: Ellipse
		q_c:    314.5000    154.0000    13.5000
		ub :    327.0957    167.3143    27.7109
		lb :    301.9043    140.6857    -0.7109
		P^-1: 
			    0.0123    -0.0030    0.0011
			    -0.0030    0.0195    -0.0126
			    0.0011    -0.0126    0.0205


===========================================================================================
===========================================================================================
S4:
	q_c:    449.0000    327.0000    452.0000
	ub :    478.0000    353.0000    462.0000
	lb :    420.0000    301.0000    442.0000

	==================================================================================
	Q1:
		Shape: Ellipse
		q_c:    448.0000    319.5000    443.5000
		ub :    454.9618    326.3105    448.4760
		lb :    441.0382    312.6895    438.5240
		P^-1: 
			    0.0422    -0.0230    -0.0061
			    -0.0230    0.0682    -0.0036
			    -0.0061    -0.0036    0.0807
	==================================================================================
	Q2:
		Shape: Polyhedra
		q_c:    457.0000    324.0000    461.0000
		ub :    461.9816    330.6568    467.1741
		lb :    452.0184    317.3432    454.8259
		A:
			    0.6170    -0.2408    -0.7492
			    0.9272    0.3210    -0.1932
			    0.5592    -0.1224    -0.8200
			    0.3295    -0.2911    -0.8982
			    0.0381    0.6281    0.7772
			    -0.3393    0.8334    0.4362
			    0.7158    0.4938    0.4938
			    0.1510    -0.7998    0.5810
			    0.6818    -0.3413    -0.6470
			    -0.7158    -0.4938    -0.4938
			    -0.1510    0.7998    -0.5810
			    -0.6818    0.3413    0.6470
		b:
			    -139.2980
			    442.0240
			    -159.6903
			    -355.2047
			    582.4125
			    319.2657
			    718.7329
			    82.7212
			    -95.2741
			    -710.7329
			    -72.7212
			    99.2741
	==================================================================================
	Q3:
		Shape: Hybrid
		q_c:    441.0000    319.5000    446.5000
		ub :    445.1898    325.3118    452.5422
		lb :    436.8102    313.6882    440.4578
		P^-1: 
			    0.2400    0.0733    -0.1174
			    0.0733    0.2094    -0.1592
			    -0.1174    -0.1592    0.1828
		A:
			    0.6927    -0.6432    0.3261
			    0.2251    0.8645    -0.4493
			    0.8595    -0.4039    0.3132
			    -0.9919    0.1070    -0.0688
			    -0.1914    -0.6015    0.7756
			    0.4716    0.5451    -0.6931
		b:
			    247.3109
			    176.2146
			    391.7956
			    -432.0906
			    70.9611
			    73.5609
	==================================================================================
	Q4:
		Shape: Hybrid
		q_c:    460.0000    327.5000    444.5000
		ub :    468.2227    332.6276    450.5591
		lb :    451.7773    322.3724    438.4409
		P^-1: 
			    0.0226    0.0083    0.0185
			    0.0083    0.0922    0.0127
			    0.0185    0.0127    0.0958
		A:
			    0.1423    0.9585    -0.2472
			    -0.1949    -0.2042    0.9593
			    -0.4203    0.1664    -0.8920
			    0.2355    0.6222    0.7466
			    -0.5524    -0.7746    -0.3079
			    -0.8040    -0.5144    -0.2981
		b:
			    271.4968
			    272.5828
			    -533.2203
			    645.4634
			    -641.9812
			    -666.7862
	==================================================================================
	Q5:
		Shape: Polyhedra
		q_c:    450.5000    330.5000    443.0000
		ub :    458.3834    335.6874    448.7479
		lb :    442.6166    325.3126    437.2521
		A:
			    0.3986    0.9016    0.1678
			    0.4041    0.9065    0.1225
			    -0.5257    -0.8115    -0.2551
			    -0.1728    -0.8819    -0.4386
			    0.0457    -0.5452    -0.8371
			    0.1195    0.9816    -0.1488
			    0.2780    0.3293    0.9024
			    -0.1137    0.9441    -0.3095
			    -0.9538    -0.0165    0.2999
			    -0.2780    -0.3293    -0.9024
			    0.1137    -0.9441    0.3095
			    0.9538    0.0165    -0.2999
		b:
			    556.3159
			    540.3981
			    -613.5828
			    -560.0689
			    -527.1693
			    316.8721
			    636.3229
			    128.1939
			    -295.3208
			    -631.3229
			    -119.1939
			    309.3208
	==================================================================================
	Q6:
		Shape: Polyhedra
		q_c:    457.5000    329.0000    451.0000
		ub :    463.5834    335.0871    455.9550
		lb :    451.4166    322.9129    446.0450
		A:
			    -0.0217    -0.9967    0.0778
			    -0.1471    0.1455    0.9784
			    0.4759    -0.1720    -0.8625
			    0.1055    0.7326    0.6724
			    0.0944    0.2289    0.9689
			    -0.2915    -0.9336    -0.2084
			    0.5554    0.3175    0.7686
			    -0.6238    0.7703    0.1325
			    -0.5500    -0.5531    0.6258
			    -0.5554    -0.3175    -0.7686
			    0.6238    -0.7703    -0.1325
			    0.5500    0.5531    -0.6258
		b:
			    -298.8143
			    425.1510
			    -224.1456
			    595.6571
			    558.3647
			    -530.9683
			    707.6784
			    31.8123
			    -147.3216
			    -702.6784
			    -23.8123
			    155.3216


===========================================================================================
===========================================================================================
S5:
	q_c:    372.0000    470.5000    191.5000
	ub :    391.0000    489.0000    218.0000
	lb :    353.0000    452.0000    165.0000

	==================================================================================
	Q1:
		Shape: Polyhedra
		q_c:    378.5000    462.0000    195.5000
		ub :    391.5753    473.3146    207.1464
		lb :    365.4247    450.6854    183.8536
		A:
			    0.0572    0.4563    0.8880
			    0.0146    -0.9949    -0.1002
			    -0.1595    0.6834    0.7124
			    -0.4300    0.8814    0.1954
			    0.3367    -0.7703    -0.5416
			    -0.5407    0.4815    -0.6898
			    0.2136    0.5479    0.8088
			    -0.3960    0.8054    -0.4411
			    -0.8931    -0.2260    0.3890
			    -0.2136    -0.5479    -0.8088
			    0.3960    -0.8054    0.4411
			    0.8931    0.2260    -0.3890
		b:
			    411.8009
			    -466.8111
			    400.7573
			    289.8439
			    -327.5783
			    -109.8162
			    497.6140
			    143.4878
			    -356.4119
			    -486.6140
			    -128.4878
			    376.4119
	==================================================================================
	Q2:
		Shape: Ellipse
		q_c:    364.0000    466.0000    183.5000
		ub :    380.0201    481.1618    192.7695
		lb :    347.9799    450.8382    174.2305
		P^-1: 
			    0.0093    0.0014    0.0057
			    0.0014    0.0124    -0.0075
			    0.0057    -0.0075    0.0370
	==================================================================================
	Q3:
		Shape: Ellipse
		q_c:    393.5000    482.5000    180.0000
		ub :    406.2954    494.0563    194.0246
		lb :    380.7046    470.9437    165.9754
		P^-1: 
			    0.0128    -0.0011    0.0036
			    -0.0011    0.0140    -0.0004
			    0.0036    -0.0004    0.0148
	==================================================================================
	Q4:
		Shape: Hybrid
		q_c:    377.5000    483.5000    179.0000
		ub :    392.3573    498.3809    190.2766
		lb :    362.6427    468.6191    167.7234
		P^-1: 
			    0.0181    0.0067    0.0092
			    0.0067    0.0140    0.0068
			    0.0092    0.0068    0.0200
		A:
			    -0.9333    -0.2867    -0.2161
			    -0.0200    0.7316    0.6814
			    0.4180    0.8232    0.3843
			    0.5562    0.4188    -0.7178
			    0.6599    -0.0994    0.7447
			    0.4879    -0.1808    0.8539
		b:
			    -525.1375
			    473.3489
			    628.7981
			    291.2194
			    338.8629
			    254.6202
	==================================================================================
	Q5:
		Shape: Ellipse
		q_c:    370.5000    490.5000    189.5000
		ub :    379.1607    500.7927    198.8825
		lb :    361.8393    480.2073    180.1175
		P^-1: 
			    0.0381    -0.0049    -0.0038
			    -0.0049    0.0274    -0.0099
			    -0.0038    -0.0099    0.0322
	==================================================================================
	Q6:
		Shape: Hybrid
		q_c:    360.5000    458.5000    181.5000
		ub :    371.0011    466.5590    192.9862
		lb :    349.9989    450.4410    170.0138
		P^-1: 
			    0.0157    0.0008    0.0002
			    0.0008    0.0315    0.0049
			    0.0002    0.0049    0.0171
		A:
			    0.4724    -0.8754    -0.1020
			    0.3196    -0.1197    -0.9400
			    -0.1200    0.5947    -0.7950
			    0.6795    -0.7054    -0.2018
			    -0.3054    0.5602    0.7700
			    -0.4374    -0.8976    -0.0552
		b:
			    -246.0288
			    -105.3008
			    90.1333
			    -110.9818
			    290.4831
			    -575.8916


===========================================================================================
===========================================================================================
