3D_45_15_6_f                l = 3

===========================================================================================
===========================================================================================
S1:
	q_c:    507.5000    351.0000    270.5000
	ub :    519.0000    358.0000    286.0000
	lb :    496.0000    344.0000    255.0000

	==================================================================================
	Q1:
		Shape: Hybrid
		q_c:    504.0000    344.5000    276.5000
		ub :    507.4262    347.3905    279.8364
		lb :    500.5738    341.6095    273.1636
		P^-1: 
			    0.2246    -0.0815    0.1353
			    -0.0815    0.4142    0.0502
			    0.1353    0.0502    0.3612
		A:
			    0.8467    0.2261    0.4817
			    -0.6265    0.4903    0.6059
			    0.2005    -0.9235    -0.3271
			    0.1839    -0.0524    0.9816
			    -0.2023    -0.2246    -0.9532
			    0.0028    0.9857    -0.1683
		b:
			    639.0581
			    22.1782
			    -306.7712
			    347.0507
			    -442.0394
			    295.5171
	==================================================================================
	Q2:
		Shape: Hybrid
		q_c:    504.5000    351.0000    271.0000
		ub :    508.3050    356.6452    276.6578
		lb :    500.6950    345.3548    265.3422
		P^-1: 
			    0.2111    0.0421    -0.0575
			    0.0421    0.0879    -0.0281
			    -0.0575    -0.0281    0.0951
		A:
			    0.9231    0.3844    -0.0129
			    -0.6904    0.7223    0.0397
			    0.0265    -0.8687    -0.4947
			    -0.3697    0.6288    -0.6841
			    0.7991    -0.3357    0.4988
			    0.1390    -0.9135    0.3823
		b:
			    598.4832
			    -81.6347
			    -422.6667
			    -148.6985
			    422.8179
			    -144.4615
	==================================================================================
	Q3:
		Shape: Hybrid
		q_c:    514.5000    348.0000    266.0000
		ub :    520.0564    352.8604    270.4810
		lb :    508.9436    343.1396    261.5190
		P^-1: 
			    0.1007    -0.0074    -0.0411
			    -0.0074    0.1063    -0.0210
			    -0.0411    -0.0210    0.1267
		A:
			    -0.3202    -0.7451    0.5851
			    0.1856    0.0050    -0.9826
			    -0.7535    0.5466    0.3653
			    -0.1962    -0.1194    -0.9733
			    0.4011    0.8783    -0.2602
			    0.5482    0.7360    -0.3972
		b:
			    -266.9344
			    -162.5116
			    -98.6389
			    -399.1839
			    444.6568
			    434.1961
	==================================================================================
	Q4:
		Shape: Ellipse
		q_c:    499.5000    350.0000    273.0000
		ub :    504.6490    355.1243    277.9701
		lb :    494.3510    344.8757    268.0299
		P^-1: 
			    0.0902    0.0113    -0.0071
			    0.0113    0.1050    0.0038
			    -0.0071    0.0038    0.1087
	==================================================================================
	Q5:
		Shape: Polyhedra
		q_c:    506.5000    356.5000    266.0000
		ub :    510.8335    361.0347    270.2120
		lb :    502.1665    351.9653    261.7880
		A:
			    -0.8871    -0.1484    0.4370
			    -0.9762    -0.1913    -0.1022
			    0.7802    0.6054    -0.1575
			    0.3019    -0.2493    0.9202
			    -0.7962    -0.2332    -0.5582
			    -0.0880    0.6822    0.7259
			    0.4741    0.4794    0.7385
			    0.3618    0.6586    -0.6598
			    -0.8027    0.5800    0.1388
			    -0.4741    -0.4794    -0.7385
			    -0.3618    -0.6586    0.6598
			    0.8027    -0.5800    -0.1388
		b:
			    -383.4731
			    -587.1121
			    571.7655
			    311.5976
			    -632.0050
			    394.5787
			    610.4699
			    245.0477
			    -160.4152
			    -604.4699
			    -240.0477
			    165.4152
	==================================================================================
	Q6:
		Shape: Hybrid
		q_c:    505.5000    354.5000    269.0000
		ub :    508.6336    357.8734    273.2811
		lb :    502.3664    351.1266    264.7189
		P^-1: 
			    0.3140    0.1367    -0.0410
			    0.1367    0.2811    -0.0418
			    -0.0410    -0.0418    0.0718
		A:
			    -0.3282    0.8706    -0.3666
			    0.0050    -0.8908    -0.4543
			    -0.9888    0.0009    -0.1491
			    0.0580    -0.8940    0.4444
			    0.0496    0.8198    -0.5704
			    0.9076    0.3941    0.1449
		b:
			    45.8990
			    -433.3612
			    -538.1758
			    -166.4139
			    164.0607
			    638.6405


===========================================================================================
===========================================================================================
S2:
	q_c:    91.5000    355.5000    122.5000
	ub :    100.0000    372.0000    135.0000
	lb :    83.0000    339.0000    110.0000

	==================================================================================
	Q1:
		Shape: Ellipse
		q_c:    89.0000    365.5000    123.0000
		ub :    92.9579    370.4383    126.6966
		lb :    85.0421    360.5617    119.3034
		P^-1: 
			    0.2206    -0.0505    -0.0270
			    -0.0505    0.0669    0.0255
			    -0.0270    0.0255    0.1720
	==================================================================================
	Q2:
		Shape: Polyhedra
		q_c:    96.0000    354.0000    119.5000
		ub :    101.3470    356.8371    124.9686
		lb :    90.6530    351.1629    114.0314
		A:
			    0.0632    0.7089    0.7024
			    -0.4416    0.8949    -0.0650
			    0.9848    -0.1552    0.0780
			    -0.1206    -0.8865    -0.4467
			    -0.4956    -0.7643    -0.4126
			    0.6167    0.6632    0.4241
			    0.8062    0.0959    0.5839
			    -0.2314    0.9593    0.1619
			    -0.5446    -0.2656    0.7955
			    -0.8062    -0.0959    -0.5839
			    0.2314    -0.9593    -0.1619
			    0.5446    0.2656    -0.7955
		b:
			    343.5397
			    268.4137
			    52.3305
			    -376.7250
			    -364.6770
			    347.6973
			    184.6155
			    338.2253
			    -47.2400
			    -177.6155
			    -335.2253
			    55.2400
	==================================================================================
	Q3:
		Shape: Polyhedra
		q_c:    95.0000    347.5000    121.0000
		ub :    99.0546    350.4493    124.2716
		lb :    90.9454    344.5507    117.7284
		A:
			    -0.4891    0.8275    -0.2758
			    0.5752    -0.5567    -0.5994
			    0.6177    -0.5920    -0.5177
			    0.2830    -0.4113    0.8665
			    -0.0620    -0.9925    -0.1057
			    0.6972    -0.5885    -0.4093
			    0.9377    0.2214    0.2676
			    -0.1520    -0.4313    0.8893
			    0.3123    -0.8746    -0.3708
			    -0.9377    -0.2214    -0.2676
			    0.1520    0.4313    -0.8893
			    -0.3123    0.8746    0.3708
		b:
			    209.6871
			    -209.5613
			    -207.8538
			    -8.8975
			    -361.7233
			    -185.7902
			    201.8963
			    -54.7026
			    -317.6331
			    -194.8963
			    58.7026
			    320.6331
	==================================================================================
	Q4:
		Shape: Hybrid
		q_c:    95.5000    363.5000    127.5000
		ub :    101.8973    370.1132    133.9650
		lb :    89.1027    356.8868    121.0350
		P^-1: 
			    0.0429    0.0055    0.0052
			    0.0055    0.0610    -0.0014
			    0.0052    -0.0014    0.0611
		A:
			    0.0086    0.9931    0.1166
			    0.3349    -0.1820    0.9245
			    0.0362    0.7093    0.7040
			    -0.7841    -0.5803    0.2199
			    -0.4524    -0.8451    0.2849
			    0.6656    0.1207    0.7365
		b:
			    378.7767
			    85.7404
			    353.1474
			    -255.3716
			    -311.9996
			    203.5300
	==================================================================================
	Q5:
		Shape: Ellipse
		q_c:    89.0000    357.5000    122.0000
		ub :    93.0824    360.8795    126.4051
		lb :    84.9176    354.1205    117.5949
		P^-1: 
			    0.2953    0.1470    0.0864
			    0.1470    0.2253    0.0585
			    0.0864    0.0585    0.1166
	==================================================================================
	Q6:
		Shape: Hybrid
		q_c:    87.5000    355.0000    120.5000
		ub :    92.3863    358.3209    125.0144
		lb :    82.6137    351.6791    115.9856
		P^-1: 
			    0.0699    -0.0040    0.0216
			    -0.0040    0.3629    -0.1448
			    0.0216    -0.1448    0.1853
		A:
			    -0.4977    -0.8369    -0.2279
			    -0.0702    -0.9714    0.2269
			    0.0615    -0.9936    -0.0947
			    0.2545    -0.9390    0.2315
			    -0.5076    0.4526    0.7331
			    -0.1530    0.8532    0.4986
		b:
			    -366.1974
			    -322.6995
			    -357.3037
			    -282.0210
			    207.5093
			    351.7845


===========================================================================================
===========================================================================================
S3:
	q_c:    254.0000    22.5000    481.5000
	ub :    258.0000    45.0000    499.0000
	lb :    250.0000    0.0000    464.0000

	==================================================================================
	Q1:
		Shape: Ellipse
		q_c:    254.0000    24.0000    486.5000
		ub :    256.6348    26.1379    488.7899
		lb :    251.3652    21.8621    484.2101
		P^-1: 
			    0.8029    0.8149    -1.0506
			    0.8149    1.4511    -1.5483
			    -1.0506    -1.5483    2.2460
	==================================================================================
	Q2:
		Shape: Hybrid
		q_c:    253.5000    21.0000    480.5000
		ub :    255.8828    24.1043    483.5607
		lb :    251.1172    17.8957    477.4393
		P^-1: 
			    0.2581    0.0268    0.0291
			    0.0268    0.3173    0.1366
			    0.0291    0.1366    0.2790
		A:
			    0.8122    0.0090    0.5833
			    -0.4857    0.2869    0.8257
			    -0.4056    0.2953    0.8650
			    0.5874    -0.6436    -0.4906
			    0.7137    -0.3716    -0.5937
			    -0.6677    0.3087    0.6774
		b:
			    487.5560
			    280.8518
			    320.2030
			    -99.3159
			    -110.9733
			    163.9355
	==================================================================================
	Q3:
		Shape: Polyhedra
		q_c:    255.5000    20.5000    481.5000
		ub :    257.3191    23.0620    483.9315
		lb :    253.6809    17.9380    479.0685
		A:
			    0.7441    0.2472    0.6207
			    0.4251    -0.1050    -0.8990
			    -0.7472    0.4730    -0.4668
			    0.5953    0.3065    0.7428
			    -0.7566    -0.4041    -0.5140
			    0.7875    0.1152    0.6055
			    0.6761    0.3273    0.6602
			    0.0037    0.8944    -0.4472
			    -0.7368    0.3048    0.6035
			    -0.6761    -0.3273    -0.6602
			    -0.0037    -0.8944    0.4472
			    0.7368    -0.3048    -0.6035
		b:
			    494.5712
			    -324.5480
			    -404.4422
			    516.5632
			    -448.4762
			    495.7849
			    497.8072
			    -194.0742
			    110.5505
			    -496.8072
			    198.0742
			    -106.5505
	==================================================================================
	Q4:
		Shape: Hybrid
		q_c:    252.5000    23.5000    481.0000
		ub :    255.9458    26.5023    484.0808
		lb :    249.0542    20.4977    477.9192
		P^-1: 
			    0.2739    0.0324    0.1241
			    0.0324    0.2264    -0.0228
			    0.1241    -0.0228    0.3541
		A:
			    0.9658    0.2487    -0.0739
			    0.1447    -0.7936    -0.5910
			    -0.1226    0.1661    0.9784
			    -0.4550    0.3379    -0.8239
			    0.1498    -0.1254    0.9807
			    -0.9548    -0.2567    -0.1497
		b:
			    215.4637
			    -264.8835
			    444.8480
			    -502.4026
			    507.5544
			    -317.9659
	==================================================================================
	Q5:
		Shape: Ellipse
		q_c:    256.0000    25.5000    481.0000
		ub :    259.6671    28.9806    484.5919
		lb :    252.3329    22.0194    477.4081
		P^-1: 
			    0.2305    0.0293    -0.0227
			    0.0293    0.2060    0.0341
			    -0.0227    0.0341    0.2235
	==================================================================================
	Q6:
		Shape: Ellipse
		q_c:    258.0000    23.5000    486.5000
		ub :    259.5494    25.1888    488.1650
		lb :    256.4506    21.8112    484.8350
		P^-1: 
			    1.0000    0.0000    -0.0000
			    0.0000    1.0000    -0.0000
			    -0.0000    -0.0000    1.0000


===========================================================================================
===========================================================================================
S4:
	q_c:    493.5000    362.0000    215.0000
	ub :    511.0000    370.0000    242.0000
	lb :    476.0000    354.0000    188.0000

	==================================================================================
	Q1:
		Shape: Polyhedra
		q_c:    491.5000    367.0000    223.5000
		ub :    497.1127    373.0510    229.0299
		lb :    485.8873    360.9490    217.9701
		A:
			    0.9160    -0.2992    0.2673
			    -0.1050    -0.9713    0.2136
			    0.5732    0.7295    -0.3731
			    -0.2214    -0.8838    0.4123
			    0.5425    0.2293    0.8082
			    -0.9230    0.3671    -0.1155
			    0.8069    0.5787    0.1183
			    0.3081    -0.5833    0.7516
			    0.5039    -0.5700    -0.6489
			    -0.8069    -0.5787    -0.1183
			    -0.3081    0.5833    -0.7516
			    -0.5039    0.5700    0.6489
		b:
			    403.4887
			    -357.0690
			    469.1350
			    -337.9910
			    534.6601
			    -341.1299
			    638.4204
			    108.3446
			    -102.0689
			    -632.4204
			    -102.3446
			    111.0689
	==================================================================================
	Q2:
		Shape: Hybrid
		q_c:    496.0000    369.0000    215.0000
		ub :    500.2725    374.3621    219.6300
		lb :    491.7275    363.6379    210.3700
		P^-1: 
			    0.1077    -0.0135    0.0032
			    -0.0135    0.0526    -0.0021
			    0.0032    -0.0021    0.0626
		A:
			    -0.6027    0.6311    -0.4883
			    0.8125    -0.4146    -0.4099
			    -0.4474    -0.3085    0.8394
			    0.5381    -0.4835    0.6904
			    -0.3180    -0.8674    0.3828
			    -0.1347    -0.4545    -0.8805
		b:
			    -169.0137
			    163.7174
			    -152.8074
			    239.0157
			    -392.5771
			    -421.1947
	==================================================================================
	Q3:
		Shape: Ellipse
		q_c:    490.0000    358.5000    220.0000
		ub :    496.5756    365.6174    226.3475
		lb :    483.4244    351.3826    213.6525
		P^-1: 
			    0.0942    0.0144    0.0542
			    0.0144    0.0513    0.0229
			    0.0542    0.0229    0.1039
	==================================================================================
	Q4:
		Shape: Hybrid
		q_c:    501.5000    357.5000    223.0000
		ub :    505.7156    360.8631    227.3690
		lb :    497.2844    354.1369    218.6310
		P^-1: 
			    0.1511    0.0363    -0.0076
			    0.0363    0.2151    0.0479
			    -0.0076    0.0479    0.1550
		A:
			    0.9107    0.4068    0.0718
			    0.0105    -0.3606    0.9327
			    -0.6288    -0.7536    -0.1916
			    -0.4646    0.8233    0.3262
			    0.0832    -0.0650    -0.9944
			    0.8772    0.4648    -0.1206
		b:
			    619.5360
			    86.1558
			    -626.3855
			    135.4795
			    -201.6652
			    580.5185
	==================================================================================
	Q5:
		Shape: Polyhedra
		q_c:    492.5000    364.0000    210.5000
		ub :    498.1609    369.1294    215.5406
		lb :    486.8391    358.8706    205.4594
		A:
			    -0.5391    -0.6356    0.5527
			    0.5886    0.0562    0.8065
			    -0.8787    0.4755    -0.0420
			    0.7510    0.6107    -0.2511
			    -0.2028    -0.6748    -0.7096
			    -0.7943    0.4856    -0.3651
			    0.7765    0.5647    0.2797
			    0.5145    -0.8244    0.2361
			    0.3639    -0.0394    -0.9306
			    -0.7765    -0.5647    -0.2797
			    -0.5145    0.8244    -0.2361
			    -0.3639    0.0394    0.9306
		b:
			    -377.1037
			    483.4606
			    -264.7529
			    542.4670
			    -491.5674
			    -287.4628
			    649.8324
			    6.9875
			    -27.5069
			    -643.8324
			    1.0125
			    34.5069
	==================================================================================
	Q6:
		Shape: Polyhedra
		q_c:    499.5000    362.0000    213.0000
		ub :    507.1688    369.3672    218.2997
		lb :    491.8312    354.6328    207.7003
		A:
			    0.0712    0.6338    -0.7702
			    0.3898    -0.4739    0.7896
			    0.0972    -0.3479    -0.9325
			    0.2841    0.4244    -0.8597
			    0.3880    -0.9088    0.1532
			    -0.8390    0.2420    0.4873
			    0.6477    0.7359    0.1976
			    0.3818    -0.0890    -0.9200
			    -0.6594    0.6713    -0.3386
			    -0.6477    -0.7359    -0.1976
			    -0.3818    0.0890    0.9200
			    0.6594    -0.6713    0.3386
		b:
			    104.8912
			    195.1016
			    -272.4039
			    116.0007
			    -98.2237
			    -224.0816
			    637.9767
			    -34.4750
			    -154.4750
			    -625.9767
			    40.4750
			    162.4750


===========================================================================================
===========================================================================================
S5:
	q_c:    399.5000    162.5000    490.0000
	ub :    413.0000    175.0000    506.0000
	lb :    386.0000    150.0000    474.0000

	==================================================================================
	Q1:
		Shape: Hybrid
		q_c:    407.5000    165.5000    481.5000
		ub :    410.7542    169.9019    485.5489
		lb :    404.2458    161.0981    477.4511
		P^-1: 
			    0.1564    -0.0121    -0.0040
			    -0.0121    0.1144    0.0011
			    -0.0040    0.0011    0.1115
		A:
			    -0.0367    0.9844    0.1723
			    0.9924    0.0210    -0.1213
			    -0.7531    0.6484    -0.1117
			    0.8276    0.5612    -0.0005
			    -0.1372    0.3449    0.9286
			    -0.6859    0.7254    -0.0573
		b:
			    232.6112
			    350.7878
			    -251.9880
			    431.4705
			    449.9939
			    -185.6261
	==================================================================================
	Q2:
		Shape: Polyhedra
		q_c:    397.0000    172.0000    485.5000
		ub :    403.9083    180.5914    489.8535
		lb :    390.0917    163.4086    481.1465
		A:
			    0.6635    0.3643    0.6535
			    0.6292    0.6671    -0.3989
			    -0.8748    -0.4842    0.0176
			    0.5058    0.8257    -0.2499
			    -0.1141    -0.2551    -0.9602
			    -0.2382    0.3418    0.9091
			    0.7005    0.3208    0.6375
			    -0.5935    -0.2343    0.7700
			    0.3964    -0.9177    0.0263
			    -0.7005    -0.3208    -0.6375
			    0.5935    0.2343    -0.7700
			    -0.3964    0.9177    -0.0263
		b:
			    646.8573
			    174.6346
			    -418.8603
			    226.3024
			    -551.9862
			    409.4770
			    646.2748
			    100.4427
			    19.7871
			    -639.2748
			    -95.4427
			    -4.7871
	==================================================================================
	Q3:
		Shape: Hybrid
		q_c:    400.5000    167.0000    499.5000
		ub :    409.5367    175.0856    508.5647
		lb :    391.4633    158.9144    490.4353
		P^-1: 
			    0.0354    0.0066    0.0043
			    0.0066    0.0272    0.0016
			    0.0043    0.0016    0.0188
		A:
			    0.2674    -0.9203    0.2855
			    -0.8480    0.0760    0.5245
			    -0.8123    -0.0741    0.5785
			    -0.5099    0.0115    -0.8601
			    0.5679    0.5522    -0.6104
			    -0.5961    -0.6087    -0.5235
		b:
			    99.9894
			    -60.8483
			    -44.6253
			    -627.8932
			    18.8638
			    -598.9408
	==================================================================================
	Q4:
		Shape: Hybrid
		q_c:    391.5000    168.5000    496.0000
		ub :    399.3088    177.5290    503.1528
		lb :    383.6912    159.4710    488.8472
		P^-1: 
			    0.0486    0.0076    -0.0261
			    0.0076    0.0435    -0.0341
			    -0.0261    -0.0341    0.0794
		A:
			    0.7838    -0.1947    -0.5897
			    0.7407    -0.0931    -0.6654
			    0.4605    0.8680    -0.1859
			    -0.0073    -0.1458    0.9893
			    0.6678    0.5344    -0.5181
			    -0.0167    0.7761    -0.6303
		b:
			    -15.6176
			    -53.2145
			    238.1237
			    466.0284
			    96.7609
			    -186.1181
	==================================================================================
	Q5:
		Shape: Ellipse
		q_c:    404.5000    155.0000    495.0000
		ub :    410.3925    161.9526    502.1934
		lb :    398.6075    148.0474    487.8066
		P^-1: 
			    0.0766    -0.0099    0.0067
			    -0.0099    0.0618    0.0110
			    0.0067    0.0110    0.0335
	==================================================================================
	Q6:
		Shape: Polyhedra
		q_c:    403.5000    152.0000    493.5000
		ub :    410.9789    158.0530    499.2819
		lb :    396.0211    145.9470    487.7181
		A:
			    0.5456    0.8353    0.0686
			    0.1467    0.5573    -0.8172
			    0.1740    0.5133    -0.8404
			    0.6784    -0.6234    -0.3887
			    0.7063    0.2397    -0.6661
			    -0.6124    0.7147    -0.3378
			    0.7157    0.5489    0.4318
			    0.4999    -0.8344    0.2321
			    0.4877    0.0498    -0.8716
			    -0.7157    -0.5489    -0.4318
			    -0.4999    0.8344    -0.2321
			    -0.4877    -0.0498    0.8716
		b:
			    387.2181
			    -256.8630
			    -263.9825
			    -10.3289
			    -3.9206
			    -302.3892
			    592.3122
			    191.9511
			    -223.2794
			    -578.3122
			    -186.9511
			    228.2794


===========================================================================================
===========================================================================================
S6:
	q_c:    413.5000    341.0000    205.5000
	ub :    428.0000    347.0000    218.0000
	lb :    399.0000    335.0000    193.0000

	==================================================================================
	Q1:
		Shape: Ellipse
		q_c:    413.0000    347.0000    207.5000
		ub :    415.0360    348.9525    209.8183
		lb :    410.9640    345.0475    205.1817
		P^-1: 
			    0.2500    0.0026    0.0006
			    0.0026    0.4336    0.0445
			    0.0006    0.0445    0.2608
	==================================================================================
	Q2:
		Shape: Polyhedra
		q_c:    409.0000    341.5000    206.0000
		ub :    412.0075    344.7456    208.7132
		lb :    405.9925    338.2544    203.2868
		A:
			    0.9490    0.1805    0.2585
			    -0.0106    -0.0023    -0.9999
			    0.1972    -0.1093    0.9742
			    -0.0298    0.1847    -0.9823
			    0.0401    -0.9628    -0.2672
			    -0.2993    -0.3457    -0.8893
			    0.9695    0.1715    0.1753
			    0.0989    -0.9276    0.3603
			    0.2243    -0.3320    -0.9162
			    -0.9695    -0.1715    -0.1753
			    -0.0989    0.9276    -0.3603
			    -0.2243    0.3320    0.9162
		b:
			    505.5125
			    -209.3992
			    245.9547
			    -149.5933
			    -365.2436
			    -421.8687
			    493.6757
			    -199.5857
			    -208.8499
			    -488.6757
			    204.5857
			    211.8499
	==================================================================================
	Q3:
		Shape: Polyhedra
		q_c:    418.0000    345.5000    204.0000
		ub :    421.7956    348.2390    207.8340
		lb :    414.2044    342.7610    200.1660
		A:
			    -0.8218    0.4778    -0.3103
			    0.3842    -0.2990    0.8735
			    -0.5152    0.7060    -0.4860
			    -0.8927    -0.4120    -0.1826
			    0.3841    -0.5185    0.7639
			    -0.0234    0.9617    -0.2730
			    0.5303    0.5899    0.6090
			    0.7436    0.0214    -0.6683
			    -0.4072    0.8072    -0.4273
			    -0.5303    -0.5899    -0.6090
			    -0.7436    -0.0214    0.6683
			    0.4072    -0.8072    0.4273
		b:
			    -239.9260
			    237.4634
			    -69.0147
			    -550.2646
			    138.9919
			    268.5214
			    552.1921
			    184.3968
			    23.0031
			    -547.1921
			    -179.3968
			    -20.0031
	==================================================================================
	Q4:
		Shape: Polyhedra
		q_c:    414.5000    336.5000    202.5000
		ub :    417.9965    340.3226    204.6677
		lb :    411.0035    332.6774    200.3323
		A:
			    0.5616    0.3120    -0.7664
			    0.1813    -0.9349    0.3052
			    0.2461    0.9105    0.3323
			    0.6357    -0.2645    -0.7252
			    -0.7694    -0.6035    0.2093
			    -0.2143    -0.8270    -0.5198
			    0.7844    0.5993    0.1601
			    -0.0484    -0.1981    0.9790
			    0.6184    -0.7757    -0.1264
			    -0.7844    -0.5993    -0.1601
			    0.0484    0.1981    -0.9790
			    -0.6184    0.7757    0.1264
		b:
			    184.2669
			    -175.0150
			    478.0870
			    29.9826
			    -477.6624
			    -470.0340
			    561.1932
			    113.0103
			    -27.2851
			    -557.1932
			    -110.0103
			    33.2851
	==================================================================================
	Q5:
		Shape: Hybrid
		q_c:    418.5000    342.0000    205.0000
		ub :    423.4646    345.9462    209.4928
		lb :    413.5354    338.0538    200.5072
		P^-1: 
			    0.1267    0.0663    0.0158
			    0.0663    0.1914    0.0447
			    0.0158    0.0447    0.1246
		A:
			    -0.9198    -0.3876    0.0604
			    0.5601    0.4624    0.6874
			    0.9663    0.1945    0.1686
			    -0.7747    -0.4583    -0.4356
			    0.3488    -0.7853    -0.5115
			    0.1130    -0.4479    -0.8869
		b:
			    -503.4930
			    534.7999
			    507.3357
			    -568.8739
			    -225.6597
			    -286.0529
	==================================================================================
	Q6:
		Shape: Hybrid
		q_c:    415.5000    343.0000    201.0000
		ub :    420.3085    348.1853    206.4078
		lb :    410.6915    337.8147    195.5922
		P^-1: 
			    0.0943    0.0098    0.0108
			    0.0098    0.1054    -0.0063
			    0.0108    -0.0063    0.1042
		A:
			    -0.0270    0.8725    0.4879
			    0.7105    0.2833    -0.6442
			    -0.7022    -0.7057    0.0946
			    0.9613    -0.2092    0.1790
			    -0.4263    0.2354    -0.8734
			    -0.7689    -0.0213    0.6391
		b:
			    387.8119
			    264.6619
			    -513.2598
			    365.4348
			    -270.4421
			    -196.4343


===========================================================================================
===========================================================================================
S7:
	q_c:    250.0000    332.5000    291.5000
	ub :    270.0000    349.0000    298.0000
	lb :    230.0000    316.0000    285.0000

	==================================================================================
	Q1:
		Shape: Polyhedra
		q_c:    248.0000    330.0000    299.5000
		ub :    252.1425    333.3368    303.2589
		lb :    243.8575    326.6632    295.7411
		A:
			    0.0154    0.8869    -0.4617
			    -0.4178    0.9033    0.0975
			    -0.1974    -0.7064    -0.6797
			    0.4779    -0.5634    0.6739
			    -0.5922    -0.7800    -0.2020
			    -0.6358    0.6909    -0.3442
			    0.9411    0.2124    0.2631
			    0.2282    -0.9731    -0.0307
			    0.2496    0.0889    -0.9643
			    -0.9411    -0.2124    -0.2631
			    -0.2282    0.9731    0.0307
			    -0.2496    -0.0889    0.9643
		b:
			    160.8560
			    226.2068
			    -482.8548
			    137.2707
			    -461.9816
			    -30.0914
			    385.2986
			    -271.2151
			    -194.5652
			    -379.2986
			    276.2151
			    200.5652
	==================================================================================
	Q2:
		Shape: Hybrid
		q_c:    253.5000    330.0000    298.0000
		ub :    258.5338    334.9475    303.5166
		lb :    248.4662    325.0525    292.4834
		P^-1: 
			    0.1099    0.0279    0.0252
			    0.0279    0.1092    0.0249
			    0.0252    0.0249    0.1042
		A:
			    0.8381    0.5444    0.0351
			    -0.8681    -0.4134    -0.2748
			    -0.4678    -0.0829    -0.8799
			    -0.9602    -0.1636    -0.2264
			    -0.9326    -0.2536    -0.2567
			    0.2779    0.8552    0.4374
		b:
			    404.1397
			    -436.9500
			    -406.5315
			    -363.2185
			    -395.0250
			    484.4842
	==================================================================================
	Q3:
		Shape: Polyhedra
		q_c:    244.5000    330.0000    289.5000
		ub :    249.2924    335.4581    294.6620
		lb :    239.7076    324.5419    284.3380
		A:
			    -0.8345    -0.1960    0.5149
			    0.4419    -0.6389    -0.6297
			    0.0225    0.1992    0.9797
			    -0.9668    -0.2184    -0.1324
			    0.2520    -0.5840    -0.7716
			    0.8929    -0.4440    -0.0749
			    0.7010    0.6931    0.1678
			    0.6975    -0.6172    -0.3641
			    -0.1488    0.3723    -0.9161
			    -0.7010    -0.6931    -0.1678
			    -0.6975    0.6172    0.3641
			    0.1488    -0.3723    0.9161
		b:
			    -116.4376
			    -282.4055
			    358.5393
			    -343.4919
			    -351.4961
			    52.8032
			    452.2072
			    -136.0640
			    -174.7524
			    -445.2072
			    141.0640
			    182.7524
	==================================================================================
	Q4:
		Shape: Ellipse
		q_c:    246.0000    332.0000    297.5000
		ub :    250.8166    337.3800    302.1037
		lb :    241.1834    326.6200    292.8963
		P^-1: 
			    0.1565    0.0785    0.0500
			    0.0785    0.1292    0.0374
			    0.0500    0.0374    0.1085
	==================================================================================
	Q5:
		Shape: Hybrid
		q_c:    253.5000    328.5000    287.5000
		ub :    257.1314    333.4790    292.4441
		lb :    249.8686    323.5210    282.5559
		P^-1: 
			    0.2123    -0.0454    -0.0533
			    -0.0454    0.1101    0.0039
			    -0.0533    0.0039    0.1204
		A:
			    0.9938    0.1101    0.0142
			    0.5261    -0.0971    0.8449
			    0.1384    -0.9166    0.3751
			    -0.4932    0.1080    -0.8632
			    0.2260    -0.7175    0.6589
			    0.7460    0.6660    -0.0005
		b:
			    293.7369
			    346.5669
			    -156.1921
			    -335.5123
			    12.9830
			    409.9044
	==================================================================================
	Q6:
		Shape: Ellipse
		q_c:    253.5000    332.5000    289.0000
		ub :    258.0567    337.2600    291.7930
		lb :    248.9433    327.7400    286.2070
		P^-1: 
			    0.0993    -0.0144    -0.0004
			    -0.0144    0.0937    -0.0042
			    -0.0004    -0.0042    0.1597


===========================================================================================
===========================================================================================
S8:
	q_c:    243.5000    269.0000    217.0000
	ub :    274.0000    295.0000    235.0000
	lb :    213.0000    243.0000    199.0000

	==================================================================================
	Q1:
		Shape: Ellipse
		q_c:    253.5000    272.0000    224.5000
		ub :    265.8167    282.4551    236.8938
		lb :    241.1833    261.5449    212.1062
		P^-1: 
			    0.0210    -0.0073    0.0008
			    -0.0073    0.0264    0.0062
			    0.0008    0.0062    0.0184
	==================================================================================
	Q2:
		Shape: Hybrid
		q_c:    246.0000    278.0000    227.0000
		ub :    252.2144    284.8437    232.6476
		lb :    239.7856    271.1563    221.3524
		P^-1: 
			    0.0402    -0.0045    -0.0221
			    -0.0045    0.0309    0.0150
			    -0.0221    0.0150    0.1009
		A:
			    0.1906    -0.5782    -0.7933
			    0.2941    -0.3337    -0.8956
			    -0.8995    -0.1522    0.4096
			    0.4506    -0.3498    -0.8213
			    0.9229    -0.1387    -0.3593
			    0.8096    -0.0634    -0.5836
		b:
			    -291.7298
			    -222.1476
			    -167.3864
			    -171.1006
			    110.0480
			    51.6360
	==================================================================================
	Q3:
		Shape: Polyhedra
		q_c:    231.5000    279.0000    221.0000
		ub :    238.0458    282.8605    225.7445
		lb :    224.9542    275.1395    216.2555
		A:
			    0.2255    -0.4166    0.8807
			    -0.1754    -0.9835    -0.0446
			    -0.3568    0.8512    -0.3850
			    0.5288    0.1045    0.8423
			    -0.2418    0.9591    0.1471
			    -0.2710    0.8664    0.4193
			    0.1529    0.6602    0.7354
			    0.9182    0.1803    -0.3528
			    -0.3655    0.7292    -0.5786
			    -0.1529    -0.6602    -0.7354
			    -0.9182    -0.1803    0.3528
			    0.3655    -0.7292    0.5786
		b:
			    132.8401
			    -322.1496
			    71.8224
			    340.0368
			    246.1847
			    274.0839
			    384.1033
			    190.9042
			    -7.0406
			    -380.1033
			    -178.9042
			    11.0406
	==================================================================================
	Q4:
		Shape: Hybrid
		q_c:    243.0000    282.5000    239.0000
		ub :    251.9803    291.3611    246.6087
		lb :    234.0197    273.6389    231.3913
		P^-1: 
			    0.0286    0.0088    -0.0004
			    0.0088    0.0411    0.0054
			    -0.0004    0.0054    0.0433
		A:
			    0.2998    -0.1095    0.9477
			    0.3518    -0.2119    -0.9118
			    -0.9352    -0.3403    -0.0976
			    0.6599    0.3278    0.6761
			    -0.1311    0.5959    0.7923
			    0.4818    -0.7528    -0.4485
		b:
			    271.3564
			    -189.6060
			    -343.4218
			    417.4034
			    328.3432
			    -199.4170
	==================================================================================
	Q5:
		Shape: Polyhedra
		q_c:    254.0000    257.5000    216.0000
		ub :    265.2449    268.4223    225.0361
		lb :    242.7551    246.5777    206.9639
		A:
			    0.0159    -0.3586    0.9333
			    0.6913    0.3653    -0.6234
			    -0.4871    -0.8302    -0.2711
			    0.7132    0.7009    0.0102
			    0.9017    0.3458    0.2596
			    0.0410    0.9956    -0.0837
			    0.5517    0.4059    0.7286
			    -0.7427    0.6366    0.2077
			    -0.3796    -0.6557    0.6527
			    -0.5517    -0.4059    -0.7286
			    0.7427    -0.6366    -0.2077
			    0.3796    0.6557    -0.6527
		b:
			    118.4483
			    140.7685
			    -390.5126
			    369.1079
			    380.1469
			    255.1991
			    407.5267
			    28.6555
			    -119.2840
			    -396.5267
			    -11.6555
			    129.2840
	==================================================================================
	Q6:
		Shape: Ellipse
		q_c:    228.5000    275.0000    224.0000
		ub :    239.2318    286.9687    234.3417
		lb :    217.7682    263.0313    213.6583
		P^-1: 
			    0.0512    0.0195    0.0405
			    0.0195    0.0318    0.0296
			    0.0405    0.0296    0.0585


===========================================================================================
===========================================================================================
S9:
	q_c:    418.5000    424.5000    136.0000
	ub :    440.0000    439.0000    153.0000
	lb :    397.0000    410.0000    119.0000

	==================================================================================
	Q1:
		Shape: Hybrid
		q_c:    418.5000    413.5000    138.5000
		ub :    426.4922    418.8168    147.3170
		lb :    410.5078    408.1832    129.6830
		P^-1: 
			    0.3370    -0.4177    0.1789
			    -0.4177    0.6001    -0.2243
			    0.1789    -0.2243    0.1207
		A:
			    0.6944    -0.6335    0.3414
			    -0.7082    0.6407    -0.2965
			    -0.5379    0.8000    -0.2657
			    0.5935    -0.7645    0.2516
			    -0.2456    0.9342    -0.2587
			    -0.7064    0.6269    -0.3285
		b:
			    76.8784
			    -71.4668
			    69.4321
			    -32.3168
			    249.4977
			    -80.8743
	==================================================================================
	Q2:
		Shape: Polyhedra
		q_c:    421.0000    420.0000    132.0000
		ub :    427.8163    428.7853    137.5451
		lb :    414.1837    411.2147    126.4549
		A:
			    -0.4760    0.5798    -0.6612
			    0.5216    0.1191    -0.8448
			    0.5147    -0.4479    0.7311
			    -0.0354    -0.3643    0.9306
			    -0.8178    -0.5542    0.1551
			    -0.3659    0.8392    -0.4023
			    0.4088    0.8510    0.3298
			    -0.0415    0.3783    -0.9247
			    -0.9117    0.3643    0.1900
			    -0.4088    -0.8510    -0.3298
			    0.0415    -0.3783    0.9247
			    0.9117    -0.3643    -0.1900
		b:
			    -41.0955
			    161.2204
			    128.0473
			    -42.5532
			    -550.4188
			    149.6060
			    580.5308
			    21.8468
			    -201.7338
			    -565.5308
			    -16.8468
			    209.7338
	==================================================================================
	Q3:
		Shape: Ellipse
		q_c:    407.5000    418.5000    151.0000
		ub :    414.2065    428.4277    160.1802
		lb :    400.7935    408.5723    141.8198
		P^-1: 
			    0.0543    0.0023    -0.0108
			    0.0023    0.0210    -0.0119
			    -0.0108    -0.0119    0.0428
	==================================================================================
	Q4:
		Shape: Ellipse
		q_c:    411.0000    434.5000    146.5000
		ub :    416.5292    439.1022    152.4010
		lb :    405.4708    429.8978    140.5990
		P^-1: 
			    0.1010    -0.0310    -0.0149
			    -0.0310    0.1299    -0.0382
			    -0.0149    -0.0382    0.0896
	==================================================================================
	Q5:
		Shape: Ellipse
		q_c:    405.0000    423.5000    131.0000
		ub :    410.5880    432.2467    137.4963
		lb :    399.4120    414.7533    124.5037
		P^-1: 
			    0.1889    -0.0202    0.0973
			    -0.0202    0.0162    -0.0119
			    0.0973    -0.0119    0.0865
	==================================================================================
	Q6:
		Shape: Ellipse
		q_c:    432.0000    426.0000    142.5000
		ub :    438.0764    433.7047    151.1055
		lb :    425.9236    418.2953    133.8945
		P^-1: 
			    0.2987    0.1782    0.0899
			    0.1782    0.1464    0.0535
			    0.0899    0.0535    0.0561


===========================================================================================
===========================================================================================
S10:
	q_c:    278.0000    169.0000    156.5000
	ub :    294.0000    185.0000    171.0000
	lb :    262.0000    153.0000    142.0000

	==================================================================================
	Q1:
		Shape: Ellipse
		q_c:    292.0000    176.5000    148.0000
		ub :    296.7923    182.3393    152.8294
		lb :    287.2077    170.6607    143.1706
		P^-1: 
			    0.1375    -0.0155    -0.0348
			    -0.0155    0.0431    -0.0002
			    -0.0348    -0.0002    0.1010
	==================================================================================
	Q2:
		Shape: Ellipse
		q_c:    280.0000    176.5000    163.5000
		ub :    288.4296    185.8108    171.2561
		lb :    271.5704    167.1892    155.7439
		P^-1: 
			    0.0312    0.0062    0.0089
			    0.0062    0.0387    0.0172
			    0.0089    0.0172    0.0441
	==================================================================================
	Q3:
		Shape: Ellipse
		q_c:    277.5000    158.5000    152.5000
		ub :    287.2383    165.8659    161.8107
		lb :    267.7617    151.1341    143.1893
		P^-1: 
			    0.0339    -0.0133    0.0067
			    -0.0133    0.0563    0.0030
			    0.0067    0.0030    0.0232
	==================================================================================
	Q4:
		Shape: Hybrid
		q_c:    289.0000    185.0000    151.5000
		ub :    294.6889    194.6351    160.9336
		lb :    283.3111    175.3649    142.0664
		P^-1: 
			    0.1004    -0.0239    -0.0147
			    -0.0239    0.0305    0.0083
			    -0.0147    0.0083    0.0283
		A:
			    0.2614    -0.9052    -0.3352
			    -0.9352    0.3313    0.1250
			    -0.8009    -0.5843    -0.1308
			    0.7184    -0.4796    0.5038
			    0.3465    -0.9083    -0.2343
			    -0.9146    0.0275    0.4034
		b:
			    -138.7061
			    -188.5095
			    -355.3121
			    198.8808
			    -99.5263
			    -195.9561
	==================================================================================
	Q5:
		Shape: Hybrid
		q_c:    283.5000    168.5000    163.5000
		ub :    294.1489    179.2373    175.0125
		lb :    272.8511    157.7627    151.9875
		P^-1: 
			    0.0308    -0.0154    -0.0035
			    -0.0154    0.0344    0.0054
			    -0.0035    0.0054    0.0176
		A:
			    -0.8291    -0.3781    -0.4118
			    -0.8038    0.4086    0.4324
			    -0.6775    0.5001    0.5393
			    -0.2268    0.9658    -0.1258
			    -0.9358    0.3242    -0.1386
			    0.5552    -0.8230    0.1201
		b:
			    -360.9198
			    -85.2995
			    -16.6259
			    81.3825
			    -229.9049
			    41.1177
	==================================================================================
	Q6:
		Shape: Polyhedra
		q_c:    287.5000    179.0000    169.5000
		ub :    296.2839    187.6368    176.2885
		lb :    278.7161    170.3632    162.7115
		A:
			    0.5298    -0.2951    0.7951
			    0.3845    -0.7731    -0.5044
			    0.6052    0.7677    -0.2107
