3D_40_8_6_a                l = 3

===========================================================================================
===========================================================================================
S1:
	q_c:	242.5	177.0	291.5
	ub :	257.7346	189.1585	312.5647
	lb :	213.6633	149.5145	265.3984

	==================================================================================
	Q1:
		Shape: Hybrid
		q_c:	229.0	168.0	294.5
		ub :	242.6232	178.8175	308.5526
		lb :	215.3768	157.1825	280.4474
		P^-1:
			0.0176	-0.0014	0.0037
			-0.0014	0.0191	0.0
			0.0037	0.0	0.0098
		A:
			-0.7248	-0.6387	0.2582
			-0.17	0.5286	-0.8317
			0.4516	-0.0813	-0.8885
			-0.8486	-0.3811	-0.3668
			-0.0742	0.9971	-0.0191
			-0.5735	0.4133	-0.7073
		b:
			-192.0496
			-189.2016
			-164.4908
			-362.468
			148.6049
			-265.6346
	==================================================================================
	Q2:
		Shape: Ellipse
		q_c:	241.0	161.0	279.0
		ub :	252.3069	172.4855	292.6016
		lb :	229.6931	149.5145	265.3984
		P^-1:
			0.1095	-0.1173	-0.0236
			-0.1173	0.1429	0.0265
			-0.0236	0.0265	0.0143
	==================================================================================
	Q3:
		Shape: Hybrid
		q_c:	250.5	182.5	276.0
		ub :	257.7346	189.1585	283.2106
		lb :	243.2654	175.8415	268.7894
		P^-1:
			0.024	-0.0006	0.0028
			-0.0006	0.0426	-0.0042
			0.0028	-0.0042	0.0464
		A:
			0.4638	0.47	-0.751
			0.6244	-0.0729	-0.7777
			-0.3829	0.5201	-0.7635
			-0.2755	-0.0491	0.9601
			-0.6656	0.7335	0.138
			0.1061	0.8908	0.4418
		b:
			-2.3706
			-68.0759
			-209.2763
			189.7137
			8.6412
			313.8383
	==================================================================================
	Q4:
		Shape: Ellipse
		q_c:	240.0	177.5	302.0
		ub :	247.5658	188.1465	312.5647
		lb :	232.4342	166.8535	291.4353
		P^-1:
			0.0321	-0.0018	-0.0034
			-0.0018	0.0143	0.0014
			-0.0034	0.0014	0.0183
	==================================================================================
	Q5:
		Shape: Hybrid
		q_c:	234.0	175.5	302.5
		ub :	245.7295	187.5662	309.8897
		lb :	222.2705	163.4338	295.1103
		P^-1:
			0.0198	-0.0035	-0.0079
			-0.0035	0.014	-0.0035
			-0.0079	-0.0035	0.0471
		A:
			-0.9067	-0.2715	0.3227
			-0.0371	-0.5856	0.8098
			0.3507	-0.26	0.8997
			-0.3808	-0.384	0.8412
			-0.4126	0.6267	0.661
			0.9292	-0.0865	0.3594
		b:
			-156.9559
			137.115
			311.9283
			101.0929
			217.7331
			316.3049
	==================================================================================
	Q6:
		Shape: Ellipse
		q_c:	226.5	164.5	283.0
		ub :	239.3367	176.7283	296.027
		lb :	213.6633	152.2717	269.973
		P^-1:
			0.0179	0.0021	-0.0006
			0.0021	0.0178	0.0023
			-0.0006	0.0023	0.0163


===========================================================================================
===========================================================================================
S2:
	q_c:	396.5	289.0	126.5
	ub :	414.4112	311.9436	149.4915
	lb :	378.4971	262.1415	109.2961

	==================================================================================
	Q1:
		Shape: Ellipse
		q_c:	395.0	298.5	140.5
		ub :	405.2263	308.8711	148.726
		lb :	384.7737	288.1289	132.274
		P^-1:
			0.0273	-0.0042	0.0053
			-0.0042	0.0287	-0.0062
			0.0053	-0.0062	0.0314
	==================================================================================
	Q2:
		Shape: Hybrid
		q_c:	389.5	301.5	133.5
		ub :	400.3835	311.9436	144.8592
		lb :	378.6165	291.0564	122.1408
		P^-1:
			0.0217	0.0003	0.008
			0.0003	0.01	0.0002
			0.008	0.0002	0.0172
		A:
			0.9018	-0.2251	-0.3688
			0.8816	0.1508	0.4473
			0.8778	-0.4536	0.1543
			0.8277	0.2784	0.4873
			-0.7948	-0.1737	-0.5815
			0.0074	-0.8597	0.5108
		b:
			239.9913
			451.7944
			230.4347
			474.7835
			-436.4433
			-181.5072
	==================================================================================
	Q3:
		Shape: Ellipse
		q_c:	403.5	274.5	137.0
		ub :	414.4112	282.9164	149.4645
		lb :	392.5888	266.0836	124.5355
		P^-1:
			0.032	0.0067	0.0088
			0.0067	0.0283	0.003
			0.0088	0.003	0.0124
	==================================================================================
	Q4:
		Shape: Polyhedra
		q_c:	390.5	278.5	117.0
		ub :	398.7524	286.695	124.7039
		lb :	382.2476	270.305	109.2961
		A:
			0.3613	-0.9008	-0.241
			-0.7021	-0.6335	0.3251
			0.3769	-0.1527	0.9136
			0.3139	0.9274	-0.2034
			-0.6672	0.2094	-0.7148
			0.3812	-0.4591	0.8025
			0.7954	0.5889	0.143
			0.4376	-0.7214	0.5368
			0.4193	-0.3644	-0.8315
			-0.7954	-0.5889	-0.143
			-0.4376	0.7214	-0.5368
			-0.4193	0.3644	0.8315
		b:
			-132.9415
			-407.5622
			216.4071
			361.8811
			-281.1645
			119.5036
			496.3654
			37.2719
			-29.5359
			-486.3654
			-28.2719
			40.5359
	==================================================================================
	Q5:
		Shape: Hybrid
		q_c:	389.5	274.5	136.5
		ub :	398.5929	286.8585	149.4915
		lb :	380.4071	262.1415	123.5085
		P^-1:
			0.0321	-0.0104	-0.0047
			-0.0104	0.0216	0.0048
			-0.0047	0.0048	0.011
		A:
			-0.8544	0.4706	0.2202
			-0.477	0.8749	-0.0844
			0.9026	-0.2733	0.3325
			0.9007	0.4331	0.0327
			0.4034	-0.2278	-0.8862
			-0.2377	-0.7291	-0.6418
		b:
			-171.0508
			46.9825
			326.3301
			479.0609
			-20.3289
			-374.672
	==================================================================================
	Q6:
		Shape: Polyhedra
		q_c:	386.5	286.5	132.0
		ub :	394.5029	295.7631	140.1015
		lb :	378.4971	277.2369	123.8985
		A:
			-0.2121	0.2191	0.9524
			0.4714	0.4878	-0.7347
			-0.8014	-0.3061	0.5139
			-0.3907	-0.2585	0.8835
			0.3804	-0.3805	-0.8429
			0.6781	-0.6745	-0.292
			0.9016	0.3877	0.1917
			0.0937	-0.6079	0.7885
			0.4222	-0.6929	-0.5844
			-0.9016	-0.3877	-0.1917
			-0.0937	0.6079	-0.7885
			-0.4222	0.6929	0.5844
		b:
			112.8531
			229.3163
			-324.3703
			-103.5213
			-66.2634
			37.4152
			489.8613
			-30.3605
			-104.979
			-479.8613
			37.3605
			119.979


===========================================================================================
===========================================================================================
S3:
	q_c:	426.5	318.0	25.0
	ub :	431.5068	324.5008	40.0358
	lb :	405.0453	294.2536	2.0476

	==================================================================================
	Q1:
		Shape: Hybrid
		q_c:	412.0	312.5	12.0
		ub :	418.9547	318.5819	15.1962
		lb :	405.0453	306.4181	8.8038
		P^-1:
			0.0397	-0.0203	0.0101
			-0.0203	0.1019	0.105
			0.0101	0.105	0.4122
		A:
			-0.2184	-0.125	-0.9678
			-0.1823	0.4731	-0.8619
			0.0953	-0.5088	0.8556
			0.7217	-0.4583	-0.5187
			-0.4937	0.7222	0.4844
			-0.6197	-0.4663	0.6313
		b:
			-139.6301
			64.5012
			-107.1443
			150.9505
			30.2717
			-389.0076
	==================================================================================
	Q2:
		Shape: Hybrid
		q_c:	421.5	318.0	9.0
		ub :	426.2912	324.5008	15.9524
		lb :	416.7088	311.4992	2.0476
		P^-1:
			0.1104	-0.0658	-0.0488
			-0.0658	0.1452	0.0816
			-0.0488	0.0816	0.0847
		A:
			0.0576	-0.8583	-0.51
			-0.2594	0.7427	0.6173
			0.7142	-0.6738	-0.1897
			0.3256	-0.7922	-0.5161
			0.8508	-0.3824	-0.3605
			0.4294	-0.6326	-0.6445
		b:
			-251.6817
			133.6492
			86.6837
			-118.2027
			235.3686
			-24.7714
	==================================================================================
	Q3:
		Shape: Ellipse
		q_c:	417.0	302.0	34.0
		ub :	424.2929	309.7464	40.0358
		lb :	409.7071	294.2536	27.9642
		P^-1:
			0.0444	0.0073	0.0105
			0.0073	0.0521	0.0174
			0.0105	0.0174	0.0651
	==================================================================================
	Q4:
		Shape: Ellipse
		q_c:	415.0	314.5	12.5
		ub :	423.5815	322.5515	21.2569
		lb :	406.4185	306.4485	3.7431
		P^-1:
			0.0418	0.0008	-0.0081
			0.0008	0.0331	-0.0007
			-0.0081	-0.0007	0.0406
	==================================================================================
	Q5:
		Shape: Ellipse
		q_c:	417.0	315.5	10.0
		ub :	421.7858	320.5178	14.396
		lb :	412.2142	310.4822	5.604
		P^-1:
			0.1747	-0.0463	-0.0697
			-0.0463	0.1047	0.0347
			-0.0697	0.0347	0.1339
	==================================================================================
	Q6:
		Shape: Hybrid
		q_c:	423.5	314.0	25.0
		ub :	431.5068	322.3286	31.1014
		lb :	415.4932	305.6714	18.8986
		P^-1:
			0.0558	-0.0133	-0.0257
			-0.0133	0.0427	-0.0215
			-0.0257	-0.0215	0.0956
		A:
			0.2808	-0.0359	-0.9591
			0.0674	0.0732	0.995
			-0.6045	0.7965	0.0125
			0.3102	0.1336	0.9412
			-0.9982	0.0404	0.0451
			0.7265	0.0383	-0.6861
		b:
			85.5756
			79.2115
			-2.8631
			200.4977
			-405.5601
			304.3878


===========================================================================================
===========================================================================================
S4:
	q_c:	203.0	416.0	508.0
	ub :	225.5958	440.8423	529.9858
	lb :	184.7677	394.6574	476.6228

	==================================================================================
	Q1:
		Shape: Polyhedra
		q_c:	202.5	427.5	503.5
		ub :	213.8524	440.8311	516.4361
		lb :	191.1476	414.1689	490.5639
		A:
			0.7374	-0.6657	-0.114
			-0.3631	-0.7823	0.5061
			-0.0619	0.9811	0.1832
			-0.6568	0.4917	-0.5716
			0.3288	0.926	0.1856
			-0.9611	0.0217	0.2755
			0.8325	0.4346	0.3437
			0.0843	-0.7125	0.6966
			0.5476	-0.5509	-0.6298
			-0.8325	-0.4346	-0.3437
			-0.0843	0.7125	-0.6966
			-0.5476	0.5509	0.6298
		b:
			-185.5276
			-144.6632
			506.7733
			-202.2407
			564.0471
			-39.1081
			535.9221
			71.7417
			-435.2025
			-518.9221
			-54.7417
			448.2025
	==================================================================================
	Q2:
		Shape: Ellipse
		q_c:	212.5	421.5	497.5
		ub :	224.6653	428.8475	508.8768
		lb :	200.3347	414.1525	486.1232
		P^-1:
			0.027	0.0185	0.0215
			0.0185	0.0606	0.0161
			0.0215	0.0161	0.0362
	==================================================================================
	Q3:
		Shape: Polyhedra
		q_c:	193.0	410.5	522.0
		ub :	201.2323	418.4575	529.9858
		lb :	184.7677	402.5425	514.0142
		A:
			0.5119	-0.3488	-0.7851
			0.6952	-0.4022	-0.5957
			0.4298	0.2504	-0.8675
			0.2434	-0.9684	0.0536
			-0.0413	0.9794	0.1978
			-0.3566	0.9266	0.1191
			0.6414	0.4138	0.6461
			-0.7048	0.6504	0.2831
			-0.3031	-0.637	0.7088
			-0.6414	-0.4138	-0.6461
			0.7048	-0.6504	-0.2831
			0.3031	0.637	-0.7088
		b:
			-449.626
			-337.4585
			-262.9456
			-318.1934
			502.1422
			378.2314
			636.8968
			283.264
			54.0304
			-624.8968
			-274.264
			-46.0304
	==================================================================================
	Q4:
		Shape: Ellipse
		q_c:	205.5	429.0	510.5
		ub :	218.5978	440.8423	515.7571
		lb :	192.4022	417.1577	505.2429
		P^-1:
			0.01	0.0018	-0.0043
			0.0018	0.0134	-0.0022
			-0.0043	-0.0022	0.062
	==================================================================================
	Q5:
		Shape: Hybrid
		q_c:	209.0	413.5	517.5
		ub :	218.2502	425.566	525.8747
		lb :	199.7498	401.434	509.1253
		P^-1:
			0.0606	0.0164	-0.0223
			0.0164	0.0167	0.002
			-0.0223	0.002	0.0535
		A:
			0.7943	0.5837	-0.1687
			0.8418	0.1854	-0.5069
			0.2888	-0.1757	-0.9411
			0.4424	0.1251	-0.888
			0.0412	0.3482	0.9365
			0.8929	0.0815	-0.4428
		b:
			322.9899
			-7.9384
			-496.8344
			-313.0292
			640.2531
			-6.7063
	==================================================================================
	Q6:
		Shape: Polyhedra
		q_c:	214.0	407.5	489.0
		ub :	225.5958	420.3426	501.3772
		lb :	202.4042	394.6574	476.6228
		A:
			0.0128	0.897	-0.4418
			-0.3904	0.3992	-0.8296
			-0.777	-0.2677	0.5698
			-0.2844	0.0226	0.9584
			0.5677	-0.6163	0.5458
			-0.3144	0.8428	-0.4369
			0.1735	0.6724	0.7196
			0.5468	0.542	-0.6382
			-0.8191	0.5042	-0.2736
			-0.1735	-0.6724	-0.7196
			-0.5468	-0.542	0.6382
			0.8191	-0.5042	0.2736
		b:
			160.1924
			-319.0901
			11.609
			424.9188
			144.4586
			70.0304
			670.0007
			34.2845
			-96.6269
			-656.0007
			-17.2845
			110.6269


===========================================================================================
===========================================================================================
S5:
	q_c:	345.0	29.0	463.5
	ub :	363.2933	43.9	481.6487
	lb :	334.3496	12.4499	454.1243

	==================================================================================
	Q1:
		Shape: Ellipse
		q_c:	346.5	36.5	473.0
		ub :	353.6536	43.9	479.5508
		lb :	339.3464	29.1	466.4492
		P^-1:
			0.0633	-0.0224	-0.0018
			-0.0224	0.0538	-0.0062
			-0.0018	-0.0062	0.047
	==================================================================================
	Q2:
		Shape: Polyhedra
		q_c:	341.5	26.0	469.5
		ub :	347.9806	31.3427	475.3473
		lb :	335.0194	20.6573	463.6527
		A:
			-0.847	0.1968	-0.4939
			0.013	-0.5659	-0.8244
			-0.281	-0.9566	-0.0773
			-0.8547	-0.0077	0.5191
			-0.1242	0.9868	-0.1043
			-0.9107	0.3602	0.2025
			0.6613	0.6822	0.3118
			0.6215	-0.7311	0.2815
			0.42	0.0076	-0.9075
			-0.6613	-0.6822	-0.3118
			-0.6215	0.7311	-0.2815
			-0.42	-0.0076	0.9075
		b:
			-512.1496
			-393.5045
			-153.4775
			-44.4243
			-61.8712
			-202.6043
			393.491
			329.3818
			-278.422
			-386.491
			-321.3818
			286.422
	==================================================================================
	Q3:
		Shape: Hybrid
		q_c:	344.0	35.5	461.0
		ub :	349.8979	42.2475	467.8757
		lb :	338.1021	28.7525	454.1243
		P^-1:
			0.0736	-0.0087	-0.005
			-0.0087	0.0584	0.0099
			-0.005	0.0099	0.0615
		A:
			0.6033	-0.1328	0.7864
			-0.1888	0.9817	0.0259
			-0.1029	0.2544	-0.9616
			0.8599	-0.4869	-0.1535
			0.9592	0.0515	0.2778
			-0.0471	-0.7632	0.6445
		b:
			567.692
			-15.817
			-467.1506
			209.5432
			461.9732
			256.5544
	==================================================================================
	Q4:
		Shape: Polyhedra
		q_c:	356.0	30.5	474.0
		ub :	363.2933	37.9013	481.6487
		lb :	348.7067	23.0987	466.3513
		A:
			-0.9594	0.1995	-0.1994
			0.1647	-0.8347	0.5255
			0.6138	0.2407	-0.7519
			0.8005	0.5897	0.1075
			-0.7945	0.586	0.1593
			-0.4385	-0.7474	0.4992
			0.2692	0.8024	0.5327
			0.8657	-0.4439	0.2312
			0.4219	0.3989	-0.8141
			-0.2692	-0.8024	-0.5327
			-0.8657	0.4439	-0.2312
			-0.4219	-0.3989	0.8141
		b:
			-425.4611
			287.2179
			-125.0913
			358.3893
			-184.9431
			62.9561
			376.8034
			408.7263
			-218.0195
			-368.8034
			-399.7263
			229.0195
	==================================================================================
	Q5:
		Shape: Ellipse
		q_c:	343.5	25.5	474.5
		ub :	348.8994	31.9158	480.8051
		lb :	338.1006	19.0842	468.1949
		P^-1:
			0.1246	-0.022	-0.0457
			-0.022	0.0605	0.0066
			-0.0457	0.0066	0.0867
	==================================================================================
	Q6:
		Shape: Ellipse
		q_c:	341.0	19.5	473.0
		ub :	347.6504	26.5501	480.9244
		lb :	334.3496	12.4499	465.0756
		P^-1:
			0.0482	-0.0021	-0.0023
			-0.0021	0.0457	-0.0041
			-0.0023	-0.0041	0.0448


===========================================================================================
===========================================================================================
S6:
	q_c:	508.0	462.0	275.5
	ub :	524.8829	486.8839	303.6075
	lb :	485.8407	441.8713	246.6375

	==================================================================================
	Q1:
		Shape: Ellipse
		q_c:	493.5	476.0	285.5
		ub :	501.1593	486.8839	296.6232
		lb :	485.8407	465.1161	274.3768
		P^-1:
			0.046	-0.0002	0.0063
			-0.0002	0.0276	0.0149
			0.0063	0.0149	0.0281
	==================================================================================
	Q2:
		Shape: Ellipse
		q_c:	514.0	470.0	294.0
		ub :	524.8829	481.6993	303.6075
		lb :	503.1171	458.3007	284.3925
		P^-1:
			0.026	0.0111	0.0064
			0.0111	0.0242	0.0044
			0.0064	0.0044	0.024
	==================================================================================
	Q3:
		Shape: Ellipse
		q_c:	512.5	453.5	276.0
		ub :	520.1502	461.6261	285.6062
		lb :	504.8498	445.3739	266.3938
		P^-1:
			0.067	-0.0601	-0.0208
			-0.0601	0.105	0.0317
			-0.0208	0.0317	0.0294
	==================================================================================
	Q4:
		Shape: Ellipse
		q_c:	506.5	463.0	264.5
		ub :	517.3425	474.7115	276.559
		lb :	495.6575	451.2885	252.441
		P^-1:
			0.0197	-0.0006	-0.001
			-0.0006	0.0199	-0.0008
			-0.001	-0.0008	0.019
	==================================================================================
	Q5:
		Shape: Polyhedra
		q_c:	509.5	452.5	276.5
		ub :	519.5719	463.1287	284.9412
		lb :	499.4281	441.8713	268.0588
		A:
			-0.579	-0.1585	0.7997
			-0.5417	-0.0594	0.8385
			0.8996	-0.2979	0.3195
			0.6515	-0.2465	-0.7175
			0.7551	-0.2332	-0.6127
			-0.9405	0.3261	-0.0951
			0.6957	0.7144	0.0752
			0.67	-0.6076	-0.4266
			-0.2591	0.3471	-0.9013
			-0.6957	-0.7144	-0.0752
			-0.67	0.6076	0.4266
			0.2591	-0.3471	0.9013
		b:
			-139.3729
			-65.1379
			418.0516
			26.5697
			114.3817
			-352.3975
			707.0043
			-48.0249
			-217.133
			-690.0043
			55.0249
			231.133
	==================================================================================
	Q6:
		Shape: Hybrid
		q_c:	506.5	469.0	257.0
		ub :	516.8939	477.0237	267.3625
		lb :	496.1061	460.9763	246.6375
		P^-1:
			0.0265	-0.0057	0.0025
			-0.0057	0.0349	-0.005
			0.0025	-0.005	0.0259
		A:
			-0.879	0.3923	-0.2711
			0.1615	-0.6835	-0.7119
			-0.2926	0.1145	-0.9493
			0.4915	-0.3538	0.7958
			-0.6728	-0.7074	-0.2165
			0.0802	0.9953	-0.0548
		b:
			-327.8048
			-417.8646
			-334.9226
			290.6411
			-724.2717
			496.3924


===========================================================================================
===========================================================================================
S7:
	q_c:	234.5	445.5	333.5
	ub :	245.7974	456.2328	343.3598
	lb :	227.8452	440.6821	324.805

	==================================================================================
	Q1:
		Shape: Hybrid
		q_c:	236.5	448.0	336.0
		ub :	240.4611	452.3535	341.0939
		lb :	232.5389	443.6465	330.9061
		P^-1:
			0.1479	0.0078	-0.0269
			0.0078	0.1061	0.0089
			-0.0269	0.0089	0.0987
		A:
			-0.2381	0.747	0.6207
			-0.5133	-0.7326	0.4469
			-0.3023	-0.5382	0.7868
			0.9425	-0.3145	-0.1129
			0.7808	-0.6239	0.0336
			0.9435	0.0804	-0.3215
		b:
			488.5808
			-297.8027
			-46.3591
			45.5156
			-81.8096
			152.3603
	==================================================================================
	Q2:
		Shape: Polyhedra
		q_c:	239.5	444.0	335.5
		ub :	242.9935	447.3179	338.6074
		lb :	236.0065	440.6821	332.3926
		A:
			0.4513	-0.8086	-0.3774
			0.0446	0.9941	0.0989
			0.2057	0.8806	-0.4268
			0.9926	0.0631	-0.104
			-0.2134	-0.6059	0.7664
			0.088	-0.9847	0.1507
			0.9521	0.2952	0.0803
			-0.0103	-0.2314	0.9728
			0.3057	-0.927	-0.2172
			-0.9521	-0.2952	-0.0803
			0.0103	0.2314	-0.9728
			-0.3057	0.927	0.2172
		b:
			-375.5271
			487.4017
			299.458
			233.7928
			-60.4858
			-363.4487
			389.0123
			223.6802
			-409.2546
			-383.0123
			-218.6802
			413.2546
	==================================================================================
	Q3:
		Shape: Ellipse
		q_c:	234.0	446.0	329.5
		ub :	237.5349	450.619	334.195
		lb :	230.4651	441.381	324.805
		P^-1:
			0.1134	0.0078	0.0067
			0.0078	0.1212	0.038
			0.0067	0.038	0.1181
	==================================================================================
	Q4:
		Shape: Polyhedra
		q_c:	241.5	452.5	339.0
		ub :	245.7974	456.2328	343.3598
		lb :	237.2026	448.7672	334.6402
		A:
			0.4594	-0.8591	-0.2255
			-0.4428	-0.7042	0.555
			-0.9105	-0.3647	0.1949
			-0.6569	-0.7315	-0.1827
			-0.7417	-0.6387	-0.205
			0.3953	0.9186	0.0007
			0.5738	0.7296	0.3721
			-0.7105	0.2176	0.6692
			0.4073	-0.6483	0.6433
			-0.5738	-0.7296	-0.3721
			0.7105	-0.2176	-0.6692
			-0.4073	0.6483	-0.6433
		b:
			-351.6046
			-234.9435
			-316.2922
			-549.5354
			-535.519
			513.4687
			596.848
			156.7002
			25.5576
			-592.848
			-150.7002
			-20.5576
	==================================================================================
	Q5:
		Shape: Polyhedra
		q_c:	229.5	447.5	332.0
		ub :	231.1548	449.8141	334.1514
		lb :	227.8452	445.1859	329.8486
		A:
			-0.4532	-0.0518	-0.8899
			0.1436	-0.6569	-0.7402
			0.7609	0.5295	0.375
			-0.6833	0.1639	-0.7115
			-0.1234	0.8307	0.5429
			-0.9299	0.0337	-0.3664
			0.8716	0.1161	0.4763
			0.0244	-0.9806	0.1944
			0.4896	-0.1579	-0.8575
			-0.8716	-0.1161	-0.4763
			-0.0244	0.9806	-0.1944
			-0.4896	0.1579	0.8575
		b:
			-421.4381
			-505.1197
			537.3312
			-318.5272
			525.4037
			-318.9268
			411.1083
			-366.688
			-241.4626
			-409.1083
			370.688
			244.4626
	==================================================================================
	Q6:
		Shape: Polyhedra
		q_c:	239.5	449.0	333.5
		ub :	243.904	453.85	337.5045
		lb :	235.096	444.15	329.4955
		A:
			0.329	0.2662	-0.906
			0.2539	-0.1933	-0.9477
			-0.3136	0.4851	0.8163
			0.7354	-0.4102	-0.5394
			0.35	0.8492	-0.3953
			-0.2544	-0.9264	0.2775
			0.4724	0.7262	0.4994
			-0.1531	-0.4904	0.8579
			0.868	-0.4818	-0.1205
			-0.4724	-0.7262	-0.4994
			0.1531	0.4904	-0.8579
			-0.868	0.4818	0.1205
		b:
			-101.3025
			-339.3141
			417.8072
			-185.0321
			335.969
			-381.611
			608.7741
			31.7706
			-45.6261
			-602.7741
			-26.7706
			51.6261


===========================================================================================
===========================================================================================
S8:
	q_c:	452.5	439.0	162.5
	ub :	474.0863	465.0683	185.6138
	lb :	425.4112	416.4076	132.0232

	==================================================================================
	Q1:
		Shape: Polyhedra
		q_c:	462.0	448.5	151.0
		ub :	469.84	458.2544	160.4563
		lb :	454.16	438.7456	141.5437
		A:
			-0.4919	-0.8136	-0.3101
			-0.6471	-0.7512	-0.1299
			0.469	-0.5119	0.7197
			0.5637	0.8036	0.191
			-0.8712	-0.4716	-0.1364
			-0.6558	-0.7526	-0.0583
			0.8034	0.3522	0.4802
			-0.1184	-0.6957	0.7085
			0.5836	-0.626	-0.5172
			-0.8034	-0.3522	-0.4802
			0.1184	0.6957	-0.7085
			-0.5836	0.626	0.5172
		b:
			-634.3113
			-651.2722
			100.8499
			654.1295
			-630.7102
			-645.064
			605.1309
			-254.2561
			-81.7428
			-598.1309
			265.2561
			96.7428
	==================================================================================
	Q2:
		Shape: Hybrid
		q_c:	462.5	455.5	146.0
		ub :	474.0863	465.0683	157.0648
		lb :	450.9137	445.9317	134.9352
		P^-1:
			0.0197	-0.0001	-0.004
			-0.0001	0.0177	-0.0006
			-0.004	-0.0006	0.0197
		A:
			0.6301	0.6921	-0.3521
			-0.7807	-0.5769	-0.2403
			0.9432	0.0236	0.3314
			0.8875	-0.4474	0.1104
			-0.3408	0.3694	0.8645
			0.8894	-0.4489	-0.0869
		b:
			559.0724
			-654.4716
			499.8491
			226.9409
			140.5455
			198.1368
	==================================================================================
	Q3:
		Shape: Hybrid
		q_c:	442.5	446.5	147.5
		ub :	452.5981	453.0951	157.9725
		lb :	432.4019	439.9049	137.0275
		P^-1:
			0.0303	-0.0153	0.0111
			-0.0153	0.0702	-0.0162
			0.0111	-0.0162	0.0246
		A:
			0.3635	0.7831	-0.5046
			0.9175	0.0196	0.3973
			0.0864	-0.7823	0.6169
			0.6426	0.7616	-0.0835
			-0.2316	-0.9553	0.1835
			0.3773	-0.9191	-0.1138
		b:
			439.932
			477.2931
			-217.3025
			616.15
			-499.1967
			-257.4191
	==================================================================================
	Q4:
		Shape: Ellipse
		q_c:	440.0	428.0	151.0
		ub :	448.1544	439.5924	161.0261
		lb :	431.8456	416.4076	140.9739
		P^-1:
			0.1255	0.0619	0.0143
			0.0619	0.041	0.0075
			0.0143	0.0075	0.0129
	==================================================================================
	Q5:
		Shape: Hybrid
		q_c:	450.5	448.5	177.5
		ub :	457.3857	455.7301	185.6138
		lb :	443.6143	441.2699	169.3862
		P^-1:
			0.048	-0.0006	-0.0033
			-0.0006	0.04	0.0002
			-0.0033	0.0002	0.0414
		A:
			-0.2007	0.6234	-0.7557
			0.9986	0.0118	-0.052
			-0.0216	0.7665	0.6419
			0.6499	-0.6062	-0.4585
			0.082	-0.96	-0.2677
			0.7882	0.6146	-0.0309
		b:
			57.7817
			448.2282
			450.6799
			-58.0649
			-438.4209
			627.7681
	==================================================================================
	Q6:
		Shape: Ellipse
		q_c:	441.5	436.0	148.5
		ub :	457.5888	451.5271	164.9768
		lb :	425.4112	420.4729	132.0232
		P^-1:
			0.0102	-0.0005	0.0004
			-0.0005	0.0112	-0.0011
			0.0004	-0.0011	0.011


===========================================================================================
===========================================================================================
