3D_45_6_6_e                l = 3

===========================================================================================
===========================================================================================
S1:
	q_c:	244.0	157.5	264.5
	ub :	264.2748	168.5556	278.2779
	lb :	223.2064	137.7651	250.5707

	==================================================================================
	Q1:
		Shape: Hybrid
		q_c:	251.0	154.5	259.0
		ub :	260.1182	162.6718	266.6022
		lb :	241.8818	146.3282	251.3978
		P^-1:
			0.0275	0.0062	-0.0032
			0.0062	0.0369	0.0016
			-0.0032	0.0016	0.0392
		A:
			0.9016	-0.4307	-0.0399
			-0.0902	-0.332	0.9389
			0.1864	-0.1656	-0.9684
			0.0786	-0.6963	-0.7134
			-0.1691	0.8486	0.5013
			0.1064	-0.4496	-0.8869
		b:
			153.3398
			171.8726
			-227.1265
			-270.0526
			221.2737
			-269.9452
	==================================================================================
	Q2:
		Shape: Hybrid
		q_c:	231.0	162.5	268.5
		ub :	238.7936	168.5556	273.427
		lb :	223.2064	156.4444	263.573
		P^-1:
			0.0298	0.027	0.0057
			0.027	0.0982	0.0114
			0.0057	0.0114	0.066
		A:
			-0.0826	-0.9961	0.0295
			-0.3353	-0.8939	0.2976
			0.0169	-0.8963	0.4432
			0.2762	0.3766	0.8842
			-0.1288	-0.9761	0.175
			-0.3024	0.618	-0.7257
		b:
			-171.0735
			-140.9724
			-20.3162
			364.5524
			-139.4475
			-161.0303
	==================================================================================
	Q3:
		Shape: Ellipse
		q_c:	247.5	162.0	271.5
		ub :	253.3116	167.8641	278.2779
		lb :	241.6884	156.1359	264.7221
		P^-1:
			0.2157	-0.1596	-0.0065
			-0.1596	0.2812	0.1236
			-0.0065	0.1236	0.128
	==================================================================================
	Q4:
		Shape: Polyhedra
		q_c:	255.5	145.5	264.0
		ub :	264.2748	153.2349	273.0455
		lb :	246.7252	137.7651	254.9545
		A:
			-0.7594	-0.3692	0.5357
			0.695	-0.6481	0.3114
			-0.0837	-0.2004	-0.9761
			0.6213	0.6495	0.4384
			0.8299	-0.0241	0.5573
			0.4376	-0.1532	0.886
			0.7408	0.0029	0.6717
			-0.6597	0.1918	0.7267
			-0.1267	-0.9814	0.144
			-0.7408	-0.0029	-0.6717
			0.6597	-0.1918	-0.7267
			0.1267	0.9814	-0.144
		b:
			-99.5516
			171.118
			-302.3921
			374.4117
			360.2477
			328.3509
			371.5326
			58.2098
			-130.6537
			-362.5326
			-44.2098
			143.6537
	==================================================================================
	Q5:
		Shape: Ellipse
		q_c:	245.5	155.5	259.0
		ub :	253.0248	164.3754	267.4293
		lb :	237.9752	146.6246	250.5707
		P^-1:
			0.0337	0.008	0.0054
			0.008	0.0401	0.0048
			0.0054	0.0048	0.0364
	==================================================================================
	Q6:
		Shape: Polyhedra
		q_c:	239.0	160.0	264.0
		ub :	249.4149	168.5017	274.6101
		lb :	228.5851	151.4983	253.3899
		A:
			0.1915	0.9479	-0.2547
			0.5071	-0.766	0.3951
			0.1755	0.5464	-0.819
			-0.4688	-0.4457	-0.7626
			0.0035	-0.58	-0.8146
			0.2255	0.8157	0.5328
			0.3271	0.8409	0.4311
			0.8862	-0.1146	-0.449
			-0.3282	0.5289	-0.7827
			-0.3271	-0.8409	-0.4311
			-0.8862	0.1146	0.449
			0.3282	-0.5289	0.7827
		b:
			135.9119
			109.4497
			-80.1522
			-379.2483
			-301.2876
			330.104
			331.5326
			82.4359
			-193.9447
			-321.5326
			-67.4359
			206.9447


===========================================================================================
===========================================================================================
S2:
	q_c:	529.0	173.0	21.0
	ub :	549.41	193.8416	41.2942
	lb :	510.578	166.9174	-3.9645

	==================================================================================
	Q1:
		Shape: Ellipse
		q_c:	521.0	178.5	31.5
		ub :	531.422	185.7431	41.2942
		lb :	510.578	171.2569	21.7058
		P^-1:
			0.0275	-0.0138	0.0223
			-0.0138	0.0455	-0.0212
			0.0223	-0.0212	0.0503
	==================================================================================
	Q2:
		Shape: Polyhedra
		q_c:	534.0	179.0	25.0
		ub :	540.8669	186.3522	31.2437
		lb :	527.1331	171.6478	18.7563
		A:
			-0.5401	-0.8403	0.0467
			0.9827	0.0677	0.1722
			-0.1659	0.9783	-0.1242
			0.9	0.2813	-0.3329
			-0.938	0.2516	0.2385
			-0.5239	0.1062	-0.8452
			0.7735	0.6311	0.0578
			0.5604	-0.7237	0.4027
			0.296	-0.2791	-0.9135
			-0.7735	-0.6311	-0.0578
			-0.5604	0.7237	-0.4027
			-0.296	0.2791	0.9135
		b:
			-434.2087
			545.424
			88.7904
			526.0332
			-445.2679
			-276.8674
			530.4784
			185.7743
			89.2625
			-524.4784
			-173.7743
			-81.2625
	==================================================================================
	Q3:
		Shape: Hybrid
		q_c:	537.0	183.5	7.0
		ub :	545.9317	192.0308	15.2691
		lb :	528.0683	174.9692	-1.2691
		P^-1:
			0.0383	-0.0037	0.0175
			-0.0037	0.0524	-0.0244
			0.0175	-0.0244	0.0514
		A:
			-0.4559	-0.8888	0.0478
			-0.0378	0.8918	0.4508
			0.6542	-0.5828	0.4821
			0.0335	-0.7711	0.6358
			0.446	-0.1064	0.8887
			0.2698	-0.31	0.9117
		b:
			-404.5309
			150.8222
			250.0409
			-117.0818
			228.7295
			96.698
	==================================================================================
	Q4:
		Shape: Ellipse
		q_c:	540.5	182.5	32.0
		ub :	549.41	191.8767	39.1274
		lb :	531.59	173.1233	24.8726
		P^-1:
			0.0347	-0.0023	0.011
			-0.0023	0.0363	-0.0152
			0.011	-0.0152	0.0483
	==================================================================================
	Q5:
		Shape: Polyhedra
		q_c:	522.0	183.5	6.0
		ub :	529.857	193.8416	15.9645
		lb :	514.143	173.1584	-3.9645
		A:
			0.2429	0.5105	-0.8248
			-0.4745	0.8621	-0.1779
			-0.1098	-0.6957	-0.7099
			-0.6434	-0.4192	0.6406
			0.6497	0.7581	-0.057
			-0.5589	-0.0507	0.8277
			0.1676	0.6262	0.7615
			0.1168	0.7543	-0.646
			-0.9789	0.1973	0.0533
			-0.1676	-0.6262	-0.7615
			-0.1168	-0.7543	0.646
			0.9789	-0.1973	-0.0533
		b:
			221.2659
			-84.588
			-181.2482
			-403.2216
			484.3406
			-289.681
			214.9689
			201.0333
			-468.4711
			-198.9689
			-190.0333
			480.4711
	==================================================================================
	Q6:
		Shape: Polyhedra
		q_c:	524.5	178.5	21.5
		ub :	536.6627	190.0826	30.222
		lb :	512.3373	166.9174	12.778
		A:
			0.4233	0.2157	-0.8799
			0.8712	-0.1056	-0.4794
			0.6845	0.2083	-0.6986
			-0.8662	0.2765	0.4163
			-0.0005	0.2973	-0.9548
			0.976	-0.1777	-0.1261
			0.7259	0.6384	0.2559
			0.4043	-0.095	-0.9097
			-0.5564	0.7638	-0.3271
			-0.7259	-0.6384	-0.2559
			-0.4043	0.095	0.9097
			0.5564	-0.7638	0.3271
		b:
			246.5687
			433.8405
			386.7538
			-389.8699
			37.823
			484.6232
			508.6911
			180.0319
			-155.0491
			-491.6911
			-171.0319
			170.0491


===========================================================================================
===========================================================================================
S3:
	q_c:	269.5	226.0	182.5
	ub :	284.3926	238.7444	199.269
	lb :	250.8386	206.3181	165.1923

	==================================================================================
	Q1:
		Shape: Polyhedra
		q_c:	260.5	215.5	185.0
		ub :	270.1614	224.6819	194.157
		lb :	250.8386	206.3181	175.843
		A:
			0.9175	0.3364	0.2123
			0.7899	0.3042	0.5324
			-0.8267	0.5079	-0.2421
			-0.237	-0.7271	-0.6443
			-0.9788	0.1823	0.0935
			0.2139	-0.8733	0.4377
			0.6041	0.0209	0.7966
			-0.7653	0.2939	0.5727
			-0.2222	-0.9556	0.1935
			-0.6041	-0.0209	-0.7966
			0.7653	-0.2939	-0.5727
			0.2222	0.9556	-0.1935
		b:
			356.7963
			375.3008
			-144.6858
			-331.3099
			-192.2509
			-44.503
			314.2489
			-23.5736
			-220.5048
			-304.2489
			36.5736
			235.5048
	==================================================================================
	Q2:
		Shape: Hybrid
		q_c:	275.0	226.0	190.5
		ub :	283.4217	234.0694	199.269
		lb :	266.5783	217.9306	181.731
		P^-1:
			0.0484	-0.0036	-0.0165
			-0.0036	0.0349	-0.007
			-0.0165	-0.007	0.0429
		A:
			-0.9365	0.2079	0.2826
			0.5159	-0.3777	0.7689
			-0.3043	0.3405	-0.8896
			0.2422	0.1231	-0.9624
			0.6313	-0.1286	-0.7648
			0.7295	-0.0065	-0.6839
		b:
			-154.3905
			206.4494
			-172.8385
			-86.1947
			1.0364
			70.8928
	==================================================================================
	Q3:
		Shape: Polyhedra
		q_c:	276.5	217.0	171.5
		ub :	284.3926	221.8791	177.3098
		lb :	268.6074	212.1209	165.6902
		A:
			-0.1582	-0.8767	-0.4544
			0.3179	0.6148	-0.7218
			0.9894	-0.0386	0.1398
			-0.0578	0.6804	0.7306
			0.2683	0.1978	-0.9428
			-0.3215	-0.7845	-0.5302
			0.0687	0.7545	0.6526
			-0.2475	0.6466	-0.7215
			-0.9664	-0.1119	0.2312
			-0.0687	-0.7545	-0.6526
			0.2475	-0.6466	0.7215
			0.9664	0.1119	-0.2312
		b:
			-309.5601
			102.5839
			295.7975
			259.2031
			-39.9134
			-347.3519
			296.672
			-47.8516
			-244.8597
			-292.672
			55.8516
			258.8597
	==================================================================================
	Q4:
		Shape: Hybrid
		q_c:	278.0	231.5	191.0
		ub :	283.7274	238.7444	197.8705
		lb :	272.2726	224.2556	184.1295
		P^-1:
			0.0727	-0.0129	-0.0064
			-0.0129	0.0566	0.0036
			-0.0064	0.0036	0.0511
		A:
			0.7809	-0.0475	-0.6229
			0.7518	-0.3838	0.5362
			0.7611	0.4006	-0.5102
			0.9664	0.2409	0.0898
			0.071	-0.2946	-0.953
			0.3543	-0.9324	0.072
		b:
			89.1994
			224.8575
			209.3127
			343.8971
			-227.8857
			-101.3519
	==================================================================================
	Q5:
		Shape: Polyhedra
		q_c:	278.0	218.5	176.0
		ub :	281.5907	221.8406	179.7481
		lb :	274.4093	215.1594	172.2519
		A:
			0.964	0.0143	-0.2656
			-0.4512	0.8644	-0.222
			0.6274	0.7768	0.0548
			-0.2195	0.9737	-0.0617
			-0.7096	-0.6536	-0.2632
			-0.22	0.9664	-0.133
			0.7435	0.3629	0.5616
			0.3514	0.5025	-0.7899
			-0.5689	0.7847	0.2461
			-0.7435	-0.3629	-0.5616
			-0.3514	-0.5025	0.7899
			0.5689	-0.7847	-0.2461
		b:
			226.5486
			26.1375
			356.2193
			142.6364
			-383.9262
			128.4178
			387.3478
			70.9706
			58.1233
			-382.3478
			-65.9706
			-55.1233
	==================================================================================
	Q6:
		Shape: Hybrid
		q_c:	272.0	220.5	171.5
		ub :	277.7355	225.9142	177.8077
		lb :	266.2645	215.0858	165.1923
		P^-1:
			0.478	-0.3836	0.2819
			-0.3836	0.3699	-0.2549
			0.2819	-0.2549	0.2345
		A:
			-0.9283	0.2104	-0.3066
			0.2545	-0.9598	0.1181
			-0.2597	0.6366	-0.7262
			0.6178	-0.7863	0.0051
			-0.9777	0.0902	-0.1896
			-0.6882	0.5411	-0.4833
		b:
			-256.6528
			-119.2
			-52.9244
			-2.3876
			-275.9191
			-150.1999


===========================================================================================
===========================================================================================
S4:
	q_c:	94.0	404.5	283.5
	ub :	108.4765	418.116	291.7101
	lb :	84.8745	400.0705	271.9737

	==================================================================================
	Q1:
		Shape: Hybrid
		q_c:	91.0	408.0	277.5
		ub :	95.3626	412.1286	280.1561
		lb :	86.6374	403.8714	274.8439
		P^-1:
			0.0854	0.01	-0.0149
			0.01	0.1117	-0.0194
			-0.0149	-0.0194	0.2457
		A:
			0.1962	0.9798	-0.0376
			0.0158	-0.5635	-0.826
			-0.3907	0.6852	-0.6147
			0.4317	0.0646	0.8997
			-0.1209	0.9253	-0.3594
			-0.2072	0.698	-0.6855
		b:
			409.1732
			-456.145
			75.2462
			316.7706
			268.6901
			77.3206
	==================================================================================
	Q2:
		Shape: Hybrid
		q_c:	102.5	412.0	285.0
		ub :	104.9562	416.3581	289.8773
		lb :	100.0438	407.6419	280.1227
		P^-1:
			0.4422	-0.0177	0.0242
			-0.0177	0.3072	0.1873
			0.0242	0.1873	0.1889
		A:
			0.7691	0.4686	0.4347
			-0.564	-0.0581	-0.8237
			-0.01	-0.7692	-0.639
			0.023	-0.9521	-0.3049
			0.407	-0.7343	-0.5433
			-0.9647	0.1971	-0.1746
		b:
			396.5104
			-314.3534
			-499.2524
			-475.5438
			-414.8875
			-66.5248
	==================================================================================
	Q3:
		Shape: Ellipse
		q_c:	93.0	405.5	277.0
		ub :	97.6791	410.728	282.0263
		lb :	88.3209	400.272	271.9737
		P^-1:
			0.1058	0.0101	0.0051
			0.0101	0.0918	-0.0097
			0.0051	-0.0097	0.1062
	==================================================================================
	Q4:
		Shape: Polyhedra
		q_c:	88.5	404.0	288.5
		ub :	92.1255	405.8447	291.7101
		lb :	84.8745	402.1553	285.2899
		A:
			0.4607	-0.85	-0.2553
			-0.1567	-0.6908	0.7059
			0.4497	0.8813	-0.1451
			-0.3686	0.678	-0.6359
			0.2416	-0.7157	0.6553
			0.3456	-0.7154	0.6073
			0.2836	0.5467	0.7878
			-0.1629	0.8371	-0.5223
			-0.945	0.0198	0.3265
			-0.2836	-0.5467	-0.7878
			0.1629	-0.8371	0.5223
			0.945	-0.0198	-0.3265
		b:
			-374.1774
			-88.0782
			355.8874
			58.7109
			-78.0007
			-82.4175
			475.7583
			173.598
			21.5512
			-470.7583
			-172.598
			-15.5512
	==================================================================================
	Q5:
		Shape: Ellipse
		q_c:	93.5	405.0	280.0
		ub :	98.0845	409.9295	284.2845
		lb :	88.9155	400.0705	275.7155
		P^-1:
			0.136	-0.0268	0.0242
			-0.0268	0.1301	0.0271
			0.0242	0.0271	0.1355
	==================================================================================
	Q6:
		Shape: Polyhedra
		q_c:	102.0	411.5	282.0
		ub :	108.4765	418.116	287.6208
		lb :	95.5235	404.884	276.3792
		A:
			0.8882	0.4547	-0.0655
			-0.3206	-0.4286	-0.8447
			-0.8962	0.3948	-0.2026
			-0.2618	0.2795	0.9237
			-0.9489	-0.1801	-0.2592
			0.932	0.3588	-0.0513
			0.549	0.4802	0.6841
			0.7085	-0.7016	-0.076
			0.4435	0.5264	-0.7254
			-0.549	-0.4802	-0.6841
			-0.7085	0.7016	0.076
			-0.4435	-0.5264	0.7254
		b:
			263.1146
			-444.142
			17.7366
			352.6869
			-240.5295
			232.1119
			449.521
			-233.8998
			61.7972
			-443.521
			241.8998
			-52.7972


===========================================================================================
===========================================================================================
S5:
	q_c:	99.0	483.0	128.5
	ub :	110.5755	496.3899	141.9368
	lb :	79.59	462.5084	103.8294

	==================================================================================
	Q1:
		Shape: Polyhedra
		q_c:	103.0	479.5	126.0
		ub :	110.5755	487.4092	133.7732
		lb :	95.4245	471.5908	118.2268
		A:
			-0.0238	-0.3494	-0.9367
			0.6674	0.2766	-0.6914
			-0.0784	-0.9249	-0.3719
			0.3658	-0.0263	-0.9303
			0.653	0.0669	-0.7544
			0.9391	-0.3432	-0.0163
			0.6642	0.5832	0.4677
			-0.7046	0.2792	0.6524
			0.2499	-0.7628	0.5964
			-0.6642	-0.5832	-0.4677
			0.7046	-0.2792	-0.6524
			-0.2499	0.7628	-0.5964
		b:
			-283.2111
			118.2326
			-493.1642
			-88.2836
			7.9483
			-65.6409
			412.9744
			147.0254
			-260.4105
			-400.9744
			-140.0254
			269.4105
	==================================================================================
	Q2:
		Shape: Hybrid
		q_c:	97.0	473.0	114.0
		ub :	109.5559	483.4916	124.1706
		lb :	84.4441	462.5084	103.8294
		P^-1:
			0.0184	-0.0027	-0.0064
			-0.0027	0.0223	-0.003
			-0.0064	-0.003	0.0231
		A:
			-0.1684	0.6919	-0.7021
			0.2729	-0.2652	0.9248
			-0.3982	0.4246	0.8131
			0.6112	-0.4024	-0.6815
			-0.9755	-0.0458	-0.2151
			-0.87	0.4761	-0.1277
		b:
			234.36
			10.8022
			258.3587
			-205.5316
			-135.4248
			130.5608
	==================================================================================
	Q3:
		Shape: Ellipse
		q_c:	98.5	481.0	139.5
		ub :	103.8869	486.3727	141.9368
		lb :	93.1131	475.6273	137.0632
		P^-1:
			0.2342	0.2045	-0.2683
			0.2045	0.256	-0.2961
			-0.2683	-0.2961	0.7098
	==================================================================================
	Q4:
		Shape: Polyhedra
		q_c:	85.0	478.0	132.5
		ub :	90.41	483.9636	138.5242
		lb :	79.59	472.0364	126.4758
		A:
			-0.08	0.1987	-0.9768
			-0.4609	0.8842	0.0757
			-0.0752	-0.3853	0.9197
			0.2663	0.8629	-0.4295
			0.2114	0.9732	0.0907
			0.7084	0.0026	-0.7058
			0.8105	0.3661	0.4572
			0.1106	-0.8622	0.4944
			0.5752	-0.3501	-0.7393
			-0.8105	-0.3661	-0.4572
			-0.1106	0.8622	-0.4944
			-0.5752	0.3501	0.7393
		b:
			-37.5658
			397.152
			-65.0295
			382.1637
			499.0965
			-28.917
			308.4809
			-333.2146
			-213.4322
			-300.4809
			341.2146
			219.4322
	==================================================================================
	Q5:
		Shape: Hybrid
		q_c:	92.0	491.5	137.0
		ub :	95.3407	496.3899	139.8745
		lb :	88.6593	486.6101	134.1255
		P^-1:
			0.2377	0.0423	0.015
			0.0423	0.0589	0.0049
			0.015	0.0049	0.1628
		A:
			0.5383	0.0117	0.8427
			0.3459	0.1885	0.9191
			-0.6054	-0.3474	-0.7161
			0.8189	0.3187	0.4774
			-0.3362	0.1797	-0.9245
			-0.9007	-0.3341	-0.2775
		b:
			172.0522
			251.8013
			-323.2197
			298.4862
			-67.6364
			-284.0542
	==================================================================================
	Q6:
		Shape: Polyhedra
		q_c:	89.0	470.0	122.5
		ub :	95.6195	476.9562	129.9152
		lb :	82.3805	463.0438	115.0848
		A:
			-0.9674	0.2409	0.0779
			-0.7243	-0.5241	0.4479
			0.2886	0.1972	-0.9369
			0.2889	-0.9538	0.0828
			0.567	-0.4775	0.6711
			-0.3317	-0.2824	-0.9001
			0.4964	0.5909	0.636
			-0.059	0.7539	-0.6544
			-0.8661	0.2873	0.409
			-0.4964	-0.5909	-0.636
			0.059	-0.7539	0.6544
			0.8661	-0.2873	-0.409
		b:
			40.8429
			-251.9334
			7.3823
			-408.6179
			-87.9099
			-266.9155
			405.8031
			271.9013
			112.0594
			-393.8031
			-265.9013
			-104.0594


===========================================================================================
===========================================================================================
S6:
	q_c:	193.0	243.5	270.5
	ub :	211.6233	260.0162	283.7667
	lb :	179.2995	241.0568	252.2296

	==================================================================================
	Q1:
		Shape: Hybrid
		q_c:	186.5	253.5	261.0
		ub :	193.7005	260.0162	269.7704
		lb :	179.2995	246.9838	252.2296
		P^-1:
			0.0353	0.0111	0.0015
			0.0111	0.0734	0.0172
			0.0015	0.0172	0.0264
		A:
			-0.2915	0.1247	0.9484
			-0.5071	-0.7477	0.4287
			0.7518	0.3699	0.5459
			0.6817	0.5245	-0.5101
			-0.1026	0.6283	0.7712
			0.0203	-0.0849	-0.9962
		b:
			229.3666
			-168.6837
			379.8736
			130.7919
			344.5139
			-272.9376
	==================================================================================
	Q2:
		Shape: Polyhedra
		q_c:	203.0	251.0	274.0
		ub :	211.6233	259.4033	283.7667
		lb :	194.3767	242.5967	264.2333
		A:
			-0.574	0.2192	-0.789
			-0.7292	-0.5342	0.4277
			0.637	0.5223	-0.5669
			0.0108	-0.1228	0.9924
			-0.342	0.285	-0.8954
			0.9229	-0.1333	0.3612
			0.7403	0.3633	0.5657
			-0.663	0.2552	0.7038
			0.1113	-0.8961	0.4298
			-0.7403	-0.3633	-0.5657
			0.663	-0.2552	-0.7038
			-0.1113	0.8961	-0.4298
		b:
			-272.4729
			-159.0933
			111.019
			249.0938
			-237.8325
			258.1749
			401.4571
			128.8008
			-79.0592
			-391.4571
			-115.8008
			90.0592
	==================================================================================
	Q3:
		Shape: Ellipse
		q_c:	202.0	249.0	275.5
		ub :	207.02	254.7363	281.0368
		lb :	196.98	243.2637	269.9632
		P^-1:
			0.1125	-0.047	-0.0128
			-0.047	0.1067	0.0121
			-0.0128	0.0121	0.0658
	==================================================================================
	Q4:
		Shape: Polyhedra
		q_c:	202.0	249.0	271.0
		ub :	210.1921	256.9432	279.4492
		lb :	193.8079	241.0568	262.5508
		A:
			-0.9514	-0.308	-0.0014
			0.0824	0.5504	0.8308
			-0.4549	0.5152	-0.7264
			-0.69	-0.683	-0.2396
			-0.4579	0.593	0.6623
			-0.2636	0.309	-0.9138
			0.538	0.691	0.4827
			0.8103	-0.2662	-0.5221
			-0.2323	0.672	-0.7031
			-0.538	-0.691	-0.4827
			-0.8103	0.2662	0.5221
			0.2323	-0.672	0.7031
		b:
			-264.0234
			383.9551
			-155.906
			-369.3508
			240.0207
			-219.3552
			416.5628
			-38.5822
			-65.6345
			-406.5628
			49.5822
			74.6345
	==================================================================================
	Q5:
		Shape: Hybrid
		q_c:	198.5	251.0	274.0
		ub :	204.636	257.0672	280.0207
		lb :	192.364	244.9328	267.9793
		P^-1:
			0.0777	-0.0097	0.0041
			-0.0097	0.0576	0.0102
			0.0041	0.0102	0.0773
		A:
			-0.4084	0.9073	0.0997
			-0.2166	0.8907	0.3997
			-0.9724	0.2275	-0.0513
			0.6997	-0.6226	-0.3505
			0.5845	0.0085	-0.8113
			0.8105	0.4666	0.3541
		b:
			176.1343
			292.1672
			-148.2021
			-111.6516
			-102.1145
			377.1048
	==================================================================================
	Q6:
		Shape: Hybrid
		q_c:	185.5	250.0	259.0
		ub :	190.7912	254.0582	263.5817
		lb :	180.2088	245.9418	254.4183
		P^-1:
			0.061	-0.0065	0.0331
			-0.0065	0.0862	-0.0172
			0.0331	-0.0172	0.1438
		A:
			0.2867	0.7045	-0.6492
			-0.6738	0.7389	0.0085
			0.1892	-0.7987	0.5712
			-0.1607	0.8264	-0.5397
			-0.6235	-0.7357	0.2646
			-0.2109	0.9174	-0.3376
		b:
			63.299
			64.4977
			-14.9533
			38.7484
			-228.3262
			104.715


===========================================================================================
===========================================================================================
