3D_40_20_6_e                l = 3

===========================================================================================
===========================================================================================
S1:
	q_c:    340.0000    17.0000    77.0000
	ub :    345.0000    32.0000    88.0000
	lb :    335.0000    2.0000    66.0000

	==================================================================================
	Q1:
		Shape: Ellipse
		q_c:    343.0000    18.5000    81.0000
		ub :    345.0733    20.9829    84.1598
		lb :    340.9267    16.0171    77.8402
		P^-1: 
			    0.4312    -0.0474    -0.0146
			    -0.0474    0.2621    0.0104
			    -0.0146    0.0104    0.1122
	==================================================================================
	Q2:
		Shape: Hybrid
		q_c:    340.0000    14.5000    75.5000
		ub :    342.1038    16.2126    77.3409
		lb :    337.8962    12.7874    73.6591
		P^-1: 
			    1.4985    -1.7625    -0.0635
			    -1.7625    2.7566    0.0309
			    -0.0635    0.0309    0.4393
		A:
			    0.6660    -0.7201    0.1949
			    0.6494    -0.6813    0.3377
			    0.6336    -0.7710    0.0648
			    -0.8162    -0.4121    0.4049
			    0.4437    -0.7848    -0.4327
			    -0.7341    0.6779    -0.0399
		b:
			    231.0949
			    236.9438
			    209.4131
			    -251.3225
			    107.3884
			    -242.3704
	==================================================================================
	Q3:
		Shape: Hybrid
		q_c:    341.0000    13.5000    81.5000
		ub :    345.0609    16.3234    85.5821
		lb :    336.9391    10.6766    77.4179
		P^-1: 
			    0.1419    -0.0001    -0.0236
			    -0.0001    0.1600    -0.0002
			    -0.0236    -0.0002    0.1292
		A:
			    -0.0920    0.8854    0.4557
			    -0.7667    -0.5779    0.2795
			    0.0047    -0.9947    -0.1026
			    -0.8331    -0.5392    -0.1235
			    0.4466    -0.3947    -0.8029
			    -0.1364    0.9058    0.4011
		b:
			    19.0184
			    -245.2001
			    -18.9304
			    -299.9724
			    82.8574
			    -0.3283
	==================================================================================
	Q4:
		Shape: Ellipse
		q_c:    341.0000    21.0000    81.0000
		ub :    344.2168    23.2239    82.4518
		lb :    337.7832    18.7761    79.5482
		P^-1: 
			    0.2636    0.3194    0.1015
			    0.3194    0.8615    -0.0440
			    0.1015    -0.0440    0.9860
	==================================================================================
	Q5:
		Shape: Ellipse
		q_c:    344.0000    19.5000    78.5000
		ub :    346.3035    21.3450    80.7967
		lb :    341.6965    17.6550    76.2033
		P^-1: 
			    0.6239    0.2217    0.1354
			    0.2217    0.7185    0.1673
			    0.1354    0.1673    0.5466
	==================================================================================
	Q6:
		Shape: Polyhedra
		q_c:    342.0000    21.5000    76.5000
		ub :    344.1551    24.1364    79.1413
		lb :    339.8449    18.8636    73.8587
		A:
			    0.5204    -0.8454    0.1201
			    0.1953    0.5521    0.8106
			    -0.2085    -0.7642    -0.6104
			    0.9094    0.3986    0.1192
			    -0.6845    -0.4662    0.5605
			    0.7899    -0.3229    -0.5214
			    0.2330    0.5007    0.8337
			    0.1682    0.8236    -0.5416
			    -0.9578    0.2665    0.1077
			    -0.2330    -0.5007    -0.8337
			    -0.1682    -0.8236    0.5416
			    0.9578    -0.2665    -0.1077
		b:
			    170.5069
			    142.6800
			    -132.4660
			    330.3363
			    -199.7388
			    224.8972
			    156.2298
			    35.3144
			    -312.1053
			    -152.2298
			    -32.3144
			    315.1053


===========================================================================================
===========================================================================================
S2:
	q_c:    250.0000    254.5000    297.0000
	ub :    258.0000    284.0000    318.0000
	lb :    242.0000    225.0000    276.0000

	==================================================================================
	Q1:
		Shape: Hybrid
		q_c:    252.0000    256.0000    298.5000
		ub :    255.4606    260.0653    303.5915
		lb :    248.5394    251.9347    293.4085
		P^-1: 
			    0.3460    -0.1529    0.0155
			    -0.1529    0.2063    0.0060
			    0.0155    0.0060    0.0527
		A:
			    -0.6166    0.5277    -0.5842
			    0.9899    -0.1295    0.0582
			    0.4038    -0.7313    -0.5496
			    -0.8574    -0.4033    -0.3198
			    0.9031    -0.3952    -0.1682
			    0.4263    0.1061    0.8984
		b:
			    -192.5701
			    234.8073
			    -247.4500
			    -412.7872
			    77.2467
			    405.9163
	==================================================================================
	Q2:
		Shape: Ellipse
		q_c:    254.0000    257.5000    299.5000
		ub :    259.0396    262.8846    303.5523
		lb :    248.9604    252.1154    295.4477
		P^-1: 
			    0.1054    -0.0153    -0.0199
			    -0.0153    0.0792    -0.0224
			    -0.0199    -0.0224    0.1491
	==================================================================================
	Q3:
		Shape: Ellipse
		q_c:    241.5000    253.0000    292.0000
		ub :    247.8718    258.9854    297.2685
		lb :    235.1282    247.0146    286.7315
		P^-1: 
			    0.0769    0.0383    0.0240
			    0.0383    0.1036    0.0378
			    0.0240    0.0378    0.0914
	==================================================================================
	Q4:
		Shape: Polyhedra
		q_c:    250.0000    256.0000    290.5000
		ub :    253.9738    257.9382    294.5077
		lb :    246.0262    254.0618    286.4923
		A:
			    0.1475    -0.9726    -0.1796
			    -0.1629    -0.6728    0.7217
			    -0.4738    -0.8776    -0.0728
			    0.1094    0.0499    -0.9927
			    0.1763    -0.9367    0.3024
			    -0.2045    -0.7573    0.6202
			    0.6347    0.1246    0.7627
			    -0.7658    -0.0307    0.6423
			    0.1035    -0.9917    0.0759
			    -0.6347    -0.1246    -0.7627
			    0.7658    0.0307    -0.6423
			    -0.1035    0.9917    -0.0759
		b:
			    -262.6727
			    -1.1770
			    -362.2201
			    -245.5251
			    -106.2571
			    -62.8192
			    415.1213
			    -10.2158
			    -204.4626
			    -409.1213
			    15.2158
			    207.4626
	==================================================================================
	Q5:
		Shape: Ellipse
		q_c:    248.0000    258.0000    305.0000
		ub :    252.6415    262.4320    309.5620
		lb :    243.3585    253.5680    300.4380
		P^-1: 
			    0.1174    -0.0423    0.0594
			    -0.0423    0.2855    -0.1754
			    0.0594    -0.1754    0.2151
	==================================================================================
	Q6:
		Shape: Polyhedra
		q_c:    251.0000    257.5000    299.5000
		ub :    255.7963    262.2052    301.9811
		lb :    246.2037    252.7948    297.0189
		A:
			    -0.9734    0.0647    -0.2200
			    -0.0098    0.9904    -0.1376
			    -0.8338    0.2774    0.4773
			    -0.4336    0.2555    -0.8641
			    0.8719    -0.2490    0.4217
			    0.1859    -0.6866    -0.7028
			    0.1065    0.0921    0.9900
			    -0.6392    0.7690    -0.0028
			    -0.7616    -0.6325    0.1408
			    -0.1065    -0.0921    -0.9900
			    0.6392    -0.7690    0.0028
			    0.7616    0.6325    -0.1408
		b:
			    -290.3935
			    214.5629
			    8.0898
			    -299.5725
			    283.9179
			    -338.1215
			    348.9650
			    39.7643
			    -308.3833
			    -344.9650
			    -33.7643
			    315.3833


===========================================================================================
===========================================================================================
S3:
	q_c:    415.5000    513.5000    227.0000
	ub :    433.0000    538.0000    252.0000
	lb :    398.0000    489.0000    202.0000

	==================================================================================
	Q1:
		Shape: Polyhedra
		q_c:    413.0000    517.5000    243.0000
		ub :    420.5120    525.1240    250.0068
		lb :    405.4880    509.8760    235.9932
		A:
			    -0.3234    -0.8234    0.4664
			    0.9712    -0.1567    -0.1794
			    0.0512    -0.1430    0.9884
			    -0.1944    0.7540    -0.6274
			    -0.3626    0.5369    0.7618
			    -0.0989    -0.9001    0.4243
			    0.7071    0.5555    0.4375
			    0.3591    -0.8151    0.4546
			    0.6091    -0.1644    -0.7758
			    -0.7071    -0.5555    -0.4375
			    -0.3591    0.8151    -0.4546
			    -0.6091    0.1644    0.7758
		b:
			    -441.4872
			    280.5898
			    191.5102
			    162.3680
			    316.7699
			    -398.5999
			    691.3292
			    -158.0249
			    -19.0344
			    -680.3292
			    168.0249
			    25.0344
	==================================================================================
	Q2:
		Shape: Ellipse
		q_c:    399.5000    513.5000    222.5000
		ub :    406.4117    520.7589    230.6811
		lb :    392.5883    506.2411    214.3189
		P^-1: 
			    0.0580    0.0090    0.0084
			    0.0090    0.0305    0.0024
			    0.0084    0.0024    0.0196
	==================================================================================
	Q3:
		Shape: Polyhedra
		q_c:    412.0000    510.5000    235.0000
		ub :    424.5943    522.6984    242.6770
		lb :    399.4057    498.3016    227.3230
		A:
			    0.3020    0.1842    -0.9354
			    0.5705    -0.3099    -0.7606
			    0.2821    0.6425    0.7125
			    -0.0015    0.1480    -0.9890
			    0.7649    0.2778    -0.5812
			    0.2753    0.4538    -0.8475
			    0.6399    0.7197    0.2693
			    0.7257    -0.6813    0.0962
			    0.2527    0.1339    -0.9582
			    -0.6399    -0.7197    -0.2693
			    -0.7257    0.6813    -0.0962
			    -0.2527    -0.1339    0.9582
		b:
			    3.6321
			    -95.4298
			    618.5807
			    -152.1836
			    326.6284
			    151.3897
			    701.8430
			    -17.1981
			    -47.7328
			    -686.8430
			    35.1981
			    57.7328
	==================================================================================
	Q4:
		Shape: Ellipse
		q_c:    415.5000    499.0000    222.0000
		ub :    420.0115    503.9344    227.0653
		lb :    410.9885    494.0656    216.9347
		P^-1: 
			    0.0637    -0.0046    -0.0061
			    -0.0046    0.0938    0.0140
			    -0.0061    0.0140    0.0977
	==================================================================================
	Q5:
		Shape: Hybrid
		q_c:    402.0000    501.0000    242.0000
		ub :    409.3826    508.8396    250.5328
		lb :    394.6174    493.1604    233.4672
		P^-1: 
			    0.0392    0.0000    0.0048
			    0.0000    0.0451    0.0089
			    0.0048    0.0089    0.0288
		A:
			    -0.7253    -0.6472    -0.2347
			    -0.7638    0.4344    0.4773
			    0.8883    0.4139    -0.1989
			    0.4599    0.8728    0.1634
			    -0.2554    -0.3137    -0.9145
			    -0.6197    -0.5583    -0.5516
		b:
			    -670.0841
			    29.1178
			    519.5406
			    664.1836
			    -477.9859
			    -659.9098
	==================================================================================
	Q6:
		Shape: Polyhedra
		q_c:    415.5000    505.5000    219.0000
		ub :    424.6425    513.3339    226.5626
		lb :    406.3575    497.6661    211.4374
		A:
			    0.9289    0.3618    -0.0785
			    0.0559    0.6437    -0.7633
			    -0.6698    0.6801    -0.2980
			    -0.4457    0.3408    -0.8278
			    -0.4349    0.8986    -0.0589
			    0.4752    0.6172    0.6271
			    0.4242    0.9054    0.0176
			    0.7603    -0.3456    -0.5500
			    -0.4919    0.2467    -0.8350
			    -0.4242    -0.9054    -0.0176
			    -0.7603    0.3456    0.5500
			    0.4919    -0.2467    0.8350
		b:
			    557.0855
			    186.5171
			    5.5914
			    -189.1921
			    266.0172
			    651.8073
			    642.7882
			    26.7683
			    -257.5384
			    -632.7882
			    -14.7683
			    267.5384


===========================================================================================
===========================================================================================
S4:
	q_c:    215.0000    422.0000    255.0000
	ub :    232.0000    435.0000    266.0000
	lb :    198.0000    409.0000    244.0000

	==================================================================================
	Q1:
		Shape: Polyhedra
		q_c:    214.0000    417.5000    260.0000
		ub :    219.7818    423.8105    264.5089
		lb :    208.2182    411.1895    255.4911
		A:
			    0.4703    0.4185    -0.7769
			    0.5457    -0.5350    -0.6450
			    -0.2990    -0.0526    0.9528
			    0.7184    0.4313    -0.5458
			    -0.1560    0.6417    -0.7509
			    -0.0306    -0.9993    0.0217
			    0.4506    0.6983    0.5562
			    0.8469    -0.5314    -0.0189
			    0.2824    0.4796    -0.8308
			    -0.4506    -0.6983    -0.5562
			    -0.8469    0.5314    0.0189
			    -0.2824    -0.4796    0.8308
		b:
			    75.4701
			    -270.5886
			    164.4891
			    194.6075
			    41.6774
			    -414.0635
			    537.5756
			    -42.0352
			    46.6324
			    -527.5756
			    49.0352
			    -42.6324
	==================================================================================
	Q2:
		Shape: Polyhedra
		q_c:    220.5000    427.0000    261.5000
		ub :    225.5082    431.2209    267.0519
		lb :    215.4918    422.7791    255.9481
		A:
			    0.3869    0.8230    -0.4159
			    0.9564    0.2737    0.1017
			    0.8579    -0.0001    0.5138
			    -0.6458    -0.5009    -0.5762
			    -0.8533    -0.3449    -0.3911
			    0.2656    -0.4610    0.8467
			    0.6200    0.7830    0.0496
			    0.5770    -0.4978    0.6475
			    0.5317    -0.3729    -0.7605
			    -0.6200    -0.7830    -0.0496
			    -0.5770    0.4978    -0.6475
			    -0.5317    0.3729    0.7605
		b:
			    329.9370
			    356.7356
			    325.3889
			    -504.7558
			    -436.0101
			    85.7672
			    485.5231
			    85.9646
			    -235.3383
			    -482.5231
			    -81.9646
			    246.3383
	==================================================================================
	Q3:
		Shape: Polyhedra
		q_c:    212.5000    414.5000    255.5000
		ub :    220.8478    421.0838    262.2103
		lb :    204.1522    407.9162    248.7897
		A:
			    -0.3653    -0.9271    -0.0845
			    0.1644    0.6988    -0.6962
			    0.4519    -0.7239    0.5212
			    0.1481    0.7024    -0.6962
			    -0.0970    0.7801    -0.6181
			    -0.1899    -0.8461    0.4980
			    0.4675    0.6302    0.6200
			    -0.0216    0.7093    -0.7046
			    -0.8837    0.3160    0.3451
			    -0.4675    -0.6302    -0.6200
			    0.0216    -0.7093    0.7046
			    0.8837    -0.3160    -0.3451
		b:
			    -478.9422
			    148.6125
			    -67.6192
			    146.5377
			    146.5473
			    -261.5414
			    524.4413
			    110.8716
			    37.8777
			    -513.4413
			    -107.8716
			    -24.8777
	==================================================================================
	Q4:
		Shape: Polyhedra
		q_c:    212.0000    425.0000    247.5000
		ub :    219.7899    431.2965    254.8996
		lb :    204.2101    418.7035    240.1004
		A:
			    -0.2654    -0.0999    -0.9590
			    -0.3410    -0.4037    -0.8490
			    -0.0077    0.8348    -0.5505
			    0.4972    0.7801    -0.3797
			    0.1999    -0.8758    0.4394
			    -0.1979    -0.9764    -0.0871
			    0.4629    0.8596    0.2166
			    0.6025    -0.1259    -0.7881
			    -0.6502    0.4953    -0.5762
			    -0.4629    -0.8596    -0.2166
			    -0.6025    0.1259    0.7881
			    0.6502    -0.4953    0.5762
		b:
			    -331.4560
			    -449.5796
			    221.2951
			    347.2867
			    -216.7271
			    -474.4043
			    521.0435
			    -115.8209
			    -65.4538
			    -513.0435
			    125.8209
			    74.4538
	==================================================================================
	Q5:
		Shape: Polyhedra
		q_c:    207.0000    419.5000    246.5000
		ub :    214.7107    425.0888    253.1497
		lb :    199.2893    413.9112    239.8503
		A:
			    0.3170    0.7478    0.5833
			    0.0711    0.4366    0.8968
			    -0.3564    -0.6018    -0.7147
			    -0.3391    -0.2490    -0.9072
			    0.4595    0.6931    0.5555
			    0.3993    0.5111    0.7611
			    0.2775    0.7303    0.6242
			    0.7455    0.2461    -0.6194
			    -0.6060    0.6372    -0.4761
			    -0.2775    -0.7303    -0.6242
			    -0.7455    -0.2461    0.6194
			    0.6060    -0.6372    0.4761
		b:
			    524.1725
			    421.5274
			    -501.0316
			    -395.1995
			    524.2350
			    486.5203
			    518.6772
			    110.3867
			    30.0078
			    -516.6772
			    -99.3867
			    -19.0078
	==================================================================================
	Q6:
		Shape: Hybrid
		q_c:    215.5000    425.0000    253.0000
		ub :    217.6712    428.9531    256.9671
		lb :    213.3288    421.0469    249.0329
		P^-1: 
			    0.2499    -0.0024    -0.0023
			    -0.0024    0.1626    -0.0841
			    -0.0023    -0.0841    0.1691
		A:
			    0.2119    0.0924    -0.9729
			    0.4977    0.2961    0.8152
			    -0.4291    0.7105    -0.5577
			    0.9214    0.2291    0.3139
			    0.7201    -0.2261    -0.6560
			    0.3627    0.1848    0.9134
		b:
			    -159.5583
			    441.3861
			    69.4453
			    376.6470
			    -105.2208
			    389.7758


===========================================================================================
===========================================================================================
S5:
	q_c:    449.0000    250.0000    55.5000
	ub :    463.0000    279.0000    69.0000
	lb :    435.0000    221.0000    42.0000

	==================================================================================
	Q1:
		Shape: Ellipse
		q_c:    441.0000    254.5000    43.0000
		ub :    449.2170    265.0214    51.1350
		lb :    432.7830    243.9786    34.8650
		P^-1: 
			    0.2125    0.0151    -0.2028
			    0.0151    0.0328    -0.0465
			    -0.2028    -0.0465    0.2585
	==================================================================================
	Q2:
		Shape: Polyhedra
		q_c:    452.5000    257.5000    70.0000
		ub :    461.2270    265.8634    76.7802
		lb :    443.7730    249.1366    63.2198
		A:
			    -0.9589    0.0070    -0.2837
			    0.1598    0.5024    -0.8497
			    -0.7926    -0.5798    0.1884
			    0.4129    0.8855    -0.2132
			    -0.9088    -0.2721    0.3162
			    -0.3181    0.8256    -0.4660
			    0.4865    0.8227    0.2942
			    0.1777    0.2365    -0.9552
			    -0.8554    0.5170    -0.0312
			    -0.4865    -0.8227    -0.2942
			    -0.1777    -0.2365    0.9552
			    0.8554    -0.5170    0.0312
		b:
			    -445.9725
			    147.6848
			    -489.7507
			    404.7279
			    -453.5629
			    41.9325
			    457.0670
			    79.9651
			    -249.6260
			    -448.0670
			    -68.9651
			    262.6260
	==================================================================================
	Q3:
		Shape: Ellipse
		q_c:    460.0000    244.5000    62.5000
		ub :    469.1237    254.7032    71.1951
		lb :    450.8763    234.2968    53.8049
		P^-1: 
			    0.0324    -0.0020    0.0049
			    -0.0020    0.0282    0.0080
			    0.0049    0.0080    0.0329
	==================================================================================
	Q4:
		Shape: Polyhedra
		q_c:    440.0000    254.5000    69.0000
		ub :    447.8552    264.4179    79.3753
		lb :    432.1448    244.5821    58.6247
		A:
			    -0.1920    0.8246    0.5321
			    -0.1552    0.7695    0.6195
			    0.8302    -0.5034    -0.2395
			    -0.7678    0.5106    -0.3871
			    -0.2095    0.9777    0.0146
			    0.8892    -0.1695    0.4249
			    0.5386    0.6919    0.4808
			    0.1705    0.4694    -0.8664
			    -0.8251    0.5486    0.1349
			    -0.5386    -0.6919    -0.4808
			    -0.1705    -0.4694    0.8664
			    0.8251    -0.5486    -0.1349
		b:
			    166.9524
			    175.2810
			    225.2380
			    -229.0249
			    163.1959
			    382.5690
			    451.2562
			    143.1852
			    -209.6180
			    -441.2562
			    -126.1852
			    218.6180
	==================================================================================
	Q5:
		Shape: Hybrid
		q_c:    445.5000    234.0000    49.0000
		ub :    453.6238    240.6670    55.9846
		lb :    437.3762    227.3330    42.0154
		P^-1: 
			    0.0457    0.0019    0.0232
			    0.0019    0.0518    0.0115
			    0.0232    0.0115    0.0613
		A:
			    0.8962    -0.0575    -0.4400
			    -0.0771    -0.6301    -0.7727
			    0.0865    0.9343    0.3458
			    -0.2123    0.6620    -0.7188
			    0.0200    -0.2928    -0.9560
			    -0.7577    0.1024    -0.6445
		b:
			    368.3195
			    -217.4538
			    276.4972
			    27.9915
			    -103.8130
			    -343.1018
	==================================================================================
	Q6:
		Shape: Hybrid
		q_c:    449.5000    258.5000    64.0000
		ub :    456.7119    263.5988    70.2212
		lb :    442.2881    253.4012    57.7788
		P^-1: 
			    0.0507    -0.0106    -0.0208
			    -0.0106    0.0780    -0.0072
			    -0.0208    -0.0072    0.0676
		A:
			    -0.3260    0.8948    -0.3049
			    -0.2186    -0.9112    0.3493
			    -0.4423    0.8829    -0.1575
			    0.8886    -0.3843    -0.2505
			    -0.2134    0.9593    0.1850
			    0.2882    0.7931    -0.5365
		b:
			    67.0784
			    -309.5474
			    21.1980
			    286.3021
			    165.7277
			    302.0680


===========================================================================================
===========================================================================================
S6:
	q_c:    398.0000    32.5000    55.0000
	ub :    428.0000    53.0000    72.0000
	lb :    368.0000    12.0000    38.0000

	==================================================================================
	Q1:
		Shape: Polyhedra
		q_c:    400.5000    50.5000    40.5000
		ub :    411.2741    61.5865    53.0239
		lb :    389.7259    39.4135    27.9761
		A:
			    0.6704    -0.1432    0.7280
			    -0.7120    -0.6106    0.3468
			    -0.5345    -0.8289    0.1650
			    -0.9079    -0.1855    -0.3759
			    0.9960    -0.0606    0.0660
			    0.6369    -0.6442    -0.4235
			    0.8110    0.5546    0.1860
			    0.4572    -0.7993    0.3899
			    0.3649    -0.2311    -0.9019
			    -0.8110    -0.5546    -0.1860
			    -0.4572    0.7993    -0.3899
			    -0.3649    0.2311    0.9019
		b:
			    297.9733
			    -295.8452
			    -243.5854
			    -382.9256
			    404.7964
			    214.2611
			    364.8633
			    166.5427
			    107.4450
			    -355.8633
			    -150.5427
			    -88.4450
	==================================================================================
	Q2:
		Shape: Polyhedra
		q_c:    400.5000    43.5000    47.5000
		ub :    412.4980    56.0902    61.0310
		lb :    388.5020    30.9098    33.9690
		A:
			    -0.8004    -0.2418    -0.5486
			    -0.2476    -0.3660    0.8971
			    -0.5137    0.1101    -0.8509
			    0.2723    -0.9485    0.1617
			    -0.4390    0.4965    0.7488
			    0.5138    0.2768    0.8120
			    0.8235    0.1068    0.5572
			    0.0784    0.9513    -0.2982
			    -0.5619    0.2893    0.7750
			    -0.8235    -0.1068    -0.5572
			    -0.0784    -0.9513    0.2982
			    0.5619    -0.2893    -0.7750
		b:
			    -348.5977
			    -63.8156
			    -232.8162
			    85.2151
			    -110.9928
			    264.7303
			    369.4103
			    68.6178
			    -168.1600
			    -352.4103
			    -48.6178
			    183.1600
	==================================================================================
	Q3:
		Shape: Ellipse
		q_c:    407.5000    37.5000    69.0000
		ub :    415.8958    45.3218    76.4342
		lb :    399.1042    29.6782    61.5658
		P^-1: 
			    0.0233    0.0054    -0.0045
			    0.0054    0.0563    0.0221
			    -0.0045    0.0221    0.0624
	==================================================================================
	Q4:
		Shape: Hybrid
		q_c:    408.0000    14.5000    63.0000
		ub :    415.9281    25.8928    73.9007
		lb :    400.0719    3.1072    52.0993
		P^-1: 
			    0.0396    -0.0026    -0.0023
			    -0.0026    0.0247    -0.0135
			    -0.0023    -0.0135    0.0281
		A:
			    0.2888    -0.7689    0.5705
			    -0.4223    -0.6454    -0.6364
			    0.8542    -0.2968    -0.4269
			    0.9486    0.2427    -0.2033
			    -0.7622    -0.3281    0.5580
			    -0.6622    -0.0045    -0.7493
		b:
			    145.2448
			    -215.5633
			    320.6280
			    380.3706
			    -278.0692
			    -313.3439
	==================================================================================
	Q5:
		Shape: Ellipse
		q_c:    406.0000    37.5000    49.5000
		ub :    415.5910    46.2004    59.3037
		lb :    396.4090    28.7996    39.6963
		P^-1: 
			    0.0436    -0.0150    -0.0151
			    -0.0150    0.0269    0.0099
			    -0.0151    0.0099    0.0302
	==================================================================================
	Q6:
		Shape: Polyhedra
		q_c:    392.0000    13.0000    42.5000
		ub :    401.7972    27.1193    56.6628
		lb :    382.2028    -1.1193    28.3372
		A:
			    0.2621    0.9624    -0.0715
			    -0.0809    0.6585    0.7482
			    0.4988    -0.8064    -0.3177
			    0.2843    -0.1716    0.9432
			    0.5684    0.0797    -0.8189
			    -0.3890    0.0337    -0.9206
			    0.5945    0.5512    0.5854
			    -0.0025    -0.7268    0.6868
			    0.8041    -0.4098    -0.4307
			    -0.5945    -0.5512    -0.5854
			    0.0025    0.7268    -0.6868
			    -0.8041    0.4098    0.4307
		b:
			    121.4500
			    16.3171
			    178.1821
			    158.5837
			    196.3862
			    -181.9756
			    274.1030
			    28.2494
			    297.0615
			    -256.1030
			    -9.2494
			    -286.0615


===========================================================================================
===========================================================================================
S7:
	q_c:    81.0000    438.5000    357.0000
	ub :    90.0000    451.0000    383.0000
	lb :    72.0000    426.0000    331.0000

	==================================================================================
	Q1:
		Shape: Hybrid
		q_c:    75.5000    436.0000    364.5000
		ub :    81.3769    441.7944    370.0328
		lb :    69.6231    430.2056    358.9672
		P^-1: 
			    0.0625    -0.0073    -0.0158
			    -0.0073    0.1070    -0.0446
			    -0.0158    -0.0446    0.1215
		A:
			    0.7172    -0.6967    -0.0177
			    -0.9972    -0.0152    -0.0735
			    0.7998    -0.2056    -0.5640
			    0.5003    -0.4530    0.7379
			    0.3222    0.6396    -0.6979
			    -0.0913    0.8672    0.4896
		b:
			    -253.8671
			    -105.7464
			    -232.6074
			    111.1865
			    50.2331
			    552.1727
	==================================================================================
	Q2:
		Shape: Polyhedra
		q_c:    75.0000    436.5000    362.0000
		ub :    79.3858    441.2616    365.2656
		lb :    70.6142    431.7384    358.7344
		A:
			    -0.1293    -0.1886    -0.9735
			    -0.1835    0.8264    0.5324
			    0.9084    0.3960    0.1343
			    0.8812    0.4157    0.2253
			    -0.9565    -0.0399    0.2891
			    -0.4666    -0.5067    -0.7249
			    0.6662    0.4976    0.5555
			    0.4043    0.3849    -0.8297
			    -0.6267    0.7773    0.0553
			    -0.6662    -0.4976    -0.5555
			    -0.4043    -0.3849    0.8297
			    0.6267    -0.7773    -0.0553
		b:
			    -442.1947
			    542.9346
			    291.4062
			    330.6995
			    18.5465
			    -517.2986
			    469.2617
			    -99.0123
			    316.2910
			    -467.2617
			    105.0123
			    -308.2910
	==================================================================================
	Q3:
		Shape: Hybrid
		q_c:    86.0000    438.0000    356.5000
		ub :    91.0766    444.4152    361.0653
		lb :    80.9234    431.5848    351.9347
		P^-1: 
			    0.0775    -0.0097    -0.0097
			    -0.0097    0.0639    -0.0432
			    -0.0097    -0.0432    0.1402
		A:
			    0.5936    -0.3175    0.7395
			    -0.7006    0.3120    -0.6417
			    0.4654    -0.4413    0.7672
			    -0.4976    0.6642    -0.5580
			    0.5002    0.3718    -0.7820
			    -0.6451    -0.3479    0.6803
		b:
			    177.4111
			    -150.4430
			    121.8326
			    51.0021
			    -71.3914
			    36.4432
	==================================================================================
	Q4:
		Shape: Ellipse
		q_c:    80.5000    435.5000    350.5000
		ub :    86.7092    441.5909    356.4087
		lb :    74.2908    429.4091    344.5913
		P^-1: 
			    0.0756    -0.0040    0.0079
			    -0.0040    0.0789    0.0053
			    0.0079    0.0053    0.0712
	==================================================================================
	Q5:
		Shape: Hybrid
		q_c:    87.5000    432.5000    351.5000
		ub :    91.6944    437.3263    355.5338
		lb :    83.3056    427.6737    347.4662
		P^-1: 
			    1.7064    1.2120    1.5244
			    1.2120    0.9539    1.0855
			    1.5244    1.0855    1.5001
		A:
			    -0.5523    -0.2866    -0.7828
			    0.6953    0.5196    0.4966
			    -0.5965    -0.6461    -0.4762
			    -0.7698    -0.6382    0.0133
			    0.6052    0.3354    0.7219
			    -0.6129    -0.5888    -0.5270
		b:
			    -446.7382
			    460.4933
			    -498.3936
			    -336.9483
			    452.2766
			    -493.0677
	==================================================================================
	Q6:
		Shape: Ellipse
		q_c:    76.0000    429.0000    365.5000
		ub :    82.8797    435.9939    371.3637
		lb :    69.1203    422.0061    359.6363
		P^-1: 
			    0.0854    0.0137    -0.0533
			    0.0137    0.0535    -0.0247
			    -0.0533    -0.0247    0.1105


===========================================================================================
===========================================================================================
S8:
	q_c:    388.5000    65.5000    95.0000
	ub :    398.0000    81.0000    124.0000
	lb :    379.0000    50.0000    66.0000

	==================================================================================
	Q1:
		Shape: Hybrid
		q_c:    383.5000    61.5000    101.5000
		ub :    388.7327    67.6283    106.3777
		lb :    378.2673    55.3717    96.6223
		P^-1: 
			    0.1338    0.0519    -0.0428
			    0.0519    0.0747    -0.0668
			    -0.0428    -0.0668    0.1857
		A:
			    0.4347    0.2385    -0.8684
			    -0.8689    0.3189    -0.3787
			    -0.9073    -0.1578    -0.3897
			    -0.9815    0.0781    0.1750
			    0.7051    0.5983    -0.3807
			    0.6330    -0.2197    0.7423
		b:
			    94.4946
			    -349.3494
			    -395.2421
			    -351.4050
			    269.9492
			    306.6059
	==================================================================================
	Q2:
		Shape: Ellipse
		q_c:    385.5000    67.5000    103.5000
		ub :    388.2637    71.3235    107.3400
		lb :    382.7363    63.6765    99.6600
		P^-1: 
			    0.3330    -0.0790    0.0585
			    -0.0790    0.2288    -0.1233
			    0.0585    -0.1233    0.2437
	==================================================================================
	Q3:
		Shape: Polyhedra
		q_c:    385.0000    72.5000    98.5000
		ub :    389.0846    76.5695    102.5042
		lb :    380.9154    68.4305    94.4958
		A:
			    -0.3014    -0.4158    0.8581
			    0.6385    0.7424    0.2029
			    0.4880    0.2747    0.8285
			    0.8454    -0.5262    -0.0917
			    0.9306    -0.0145    -0.3656
			    -0.9388    -0.3115    0.1472
			    0.8508    0.3829    0.3600
			    0.2841    -0.9113    0.2980
			    0.4422    -0.1513    -0.8841
			    -0.8508    -0.3829    -0.3600
			    -0.2841    0.9113    -0.2980
			    -0.4422    0.1513    0.8841
		b:
			    -58.9946
			    322.2273
			    291.9225
			    281.0660
			    323.7432
			    -367.0175
			    393.2598
			    75.6629
			    74.6832
			    -388.2598
			    -69.6629
			    -69.6832
	==================================================================================
	Q4:
		Shape: Polyhedra
		q_c:    383.5000    57.0000    101.5000
		ub :    388.3073    61.6667    106.7234
		lb :    378.6927    52.3333    96.2766
		A:
			    0.2076    -0.1409    0.9680
			    0.3181    -0.5267    -0.7883
			    0.3865    -0.9169    -0.0996
			    0.9873    0.0980    -0.1253
			    -0.0118    0.9949    -0.1004
			    0.8525    0.3810    0.3580
			    0.2578    0.8145    0.5198
			    0.6282    0.2674    -0.7306
			    -0.7341    0.5149    -0.4427
			    -0.2578    -0.8145    -0.5198
			    -0.6282    -0.2674    0.7306
			    0.7341    -0.5149    0.4427
		b:
			    172.8473
			    15.1499
			    88.5987
			    374.5990
			    44.9190
			    387.8879
			    201.0381
			    185.5018
			    -294.6192
			    -195.0381
			    -178.5018
			    299.6192
	==================================================================================
	Q5:
		Shape: Polyhedra
		q_c:    391.5000    73.0000    94.0000
		ub :    396.4505    77.2273    98.8278
		lb :    386.5495    68.7727    89.1722
		A:
			    0.1663    0.3097    -0.9362
			    -0.4042    0.5828    -0.7049
			    -0.8214    0.4286    0.3764
			    0.9487    0.3162    -0.0065
			    -0.0350    -0.0169    -0.9992
			    0.5525    -0.4699    0.6884
			    0.6577    0.2647    0.7053
			    -0.7147    0.5150    0.4732
			    -0.2379    -0.8153    0.5279
			    -0.6577    -0.2647    -0.7053
			    0.7147    -0.5150    -0.4732
			    0.2379    0.8153    -0.5279
		b:
			    2.2614
			    -179.4240
			    -251.4145
			    396.8223
			    -105.9572
			    249.4401
			    346.0989
			    -194.2419
			    -101.0462
			    -340.0989
			    201.2419
			    105.0462
	==================================================================================
	Q6:
		Shape: Ellipse
		q_c:    387.5000    57.0000    97.5000
		ub :    392.8945    62.4269    100.9431
		lb :    382.1055    51.5731    94.0569
		P^-1: 
			    0.1439    0.0344    -0.1332
			    0.0344    0.0765    -0.0022
			    -0.1332    -0.0022    0.3846


===========================================================================================
===========================================================================================
S9:
	q_c:    317.0000    38.0000    275.5000
	ub :    342.0000    52.0000    291.0000
	lb :    292.0000    24.0000    260.0000

	==================================================================================
	Q1:
		Shape: Ellipse
		q_c:    315.0000    27.5000    268.0000
		ub :    322.7044    32.0691    275.1575
		lb :    307.2956    22.9309    260.8425
		P^-1: 
			    0.0782    0.0001    -0.0715
			    0.0001    0.0494    -0.0005
			    -0.0715    -0.0005    0.0975
	==================================================================================
	Q2:
		Shape: Ellipse
		q_c:    322.5000    30.5000    263.0000
		ub :    331.8051    42.1493    274.2829
		lb :    313.1949    18.8507    251.7171
		P^-1: 
			    0.0592    -0.0050    -0.0306
			    -0.0050    0.0166    0.0059
			    -0.0306    0.0059    0.0375
	==================================================================================
	Q3:
		Shape: Hybrid
		q_c:    329.0000    36.5000    287.5000
		ub :    335.5490    43.9559    293.8181
		lb :    322.4510    29.0441    281.1819
		P^-1: 
			    0.1296    0.0709    -0.0805
			    0.0709    0.0858    -0.0567
			    -0.0805    -0.0567    0.1076
		A:
			    -0.4334    0.1101    0.8945
			    -0.4254    -0.7765    -0.4649
			    0.6838    -0.1844    -0.7060
			    -0.6921    -0.5648    -0.4495
			    0.4713    0.8496    -0.2368
			    0.7436    0.0597    -0.6660
		b:
			    121.2859
			    -298.2576
			    17.9836
			    -374.0253
			    120.1580
			    57.2629
	==================================================================================
	Q4:
		Shape: Hybrid
		q_c:    323.0000    51.5000    273.0000
		ub :    334.9926    63.6444    283.3975
		lb :    311.0074    39.3556    262.6025
		P^-1: 
			    0.0189    0.0018    -0.0039
			    0.0018    0.0094    -0.0009
			    -0.0039    -0.0009    0.0201
		A:
			    -0.3119    0.3886    0.8670
			    -0.6098    -0.2901    -0.7376
			    0.7913    0.4557    -0.4076
			    -0.5035    0.5128    0.6954
			    0.1676    -0.1848    0.9684
			    0.6270    0.7651    -0.1464
		b:
			    160.4441
			    -408.4124
			    171.7083
			    58.6195
			    313.2804
			    207.3225
	==================================================================================
	Q5:
		Shape: Polyhedra
		q_c:    324.0000    26.0000    284.5000
		ub :    332.8201    33.3379    292.9460
		lb :    315.1799    18.6621    276.0540
		A:
			    -0.0631    0.9125    0.4043
			    0.5206    -0.7002    0.4886
			    -0.0156    0.9999    -0.0033
			    -0.5507    0.5173    -0.6551
			    -0.1178    0.8422    -0.5262
			    -0.7096    -0.5842    -0.3940
			    0.5758    0.8167    0.0383
			    0.6202    -0.4058    -0.6713
			    -0.5327    0.4103    -0.7402
			    -0.5758    -0.8167    -0.0383
			    -0.6202    0.4058    0.6713
			    0.5327    -0.4103    0.7402
		b:
			    124.1645
			    293.8723
			    24.4239
			    -347.2878
			    -162.2602
			    -353.9473
			    221.7036
			    7.4331
			    -368.5059
			    -215.7036
			    8.5669
			    376.5059
	==================================================================================
	Q6:
		Shape: Ellipse
		q_c:    324.5000    31.5000    271.5000
		ub :    332.0182    40.7245    280.8251
		lb :    316.9818    22.2755    262.1749
		P^-1: 
			    0.0660    -0.0205    -0.0197
			    -0.0205    0.0487    -0.0166
			    -0.0197    -0.0166    0.0433


===========================================================================================
===========================================================================================
S10:
	q_c:    364.5000    230.5000    400.5000
	ub :    375.0000    247.0000    424.0000
	lb :    354.0000    214.0000    377.0000

	==================================================================================
	Q1:
		Shape: Ellipse
		q_c:    371.0000    239.0000    396.0000
		ub :    378.9084    245.3307    403.0562
		lb :    363.0916    232.6693    388.9438
		P^-1: 
			    0.0473    0.0169    0.0078
			    0.0169    0.0732    -0.0020
			    0.0078    -0.0020    0.0436
	==================================================================================
	Q2:
		Shape: Polyhedra
		q_c:    365.0000    224.0000    393.5000
		ub :    371.2877    230.4219    398.3613
		lb :    358.7123    217.5781    388.6387
		A:
			    -0.3125    -0.0860    0.9460
			    0.0000    0.3123    0.9500
			    0.1031    -0.9095    0.4028
			    -0.4984    0.8563    -0.1355
			    0.8643    0.0828    0.4961
			    0.9446    0.1895    -0.2678
			    0.6529    0.5384    0.5328
			    0.5412    0.1605    -0.8254
			    -0.5299    0.8273    -0.1866
			    -0.6529    -0.5384    -0.5328
			    -0.5412    -0.1605    0.8254
			    0.5299    -0.8273    0.1866
		b:
			    241.5238
			    446.7975
			    -2.9983
			    -38.4509
			    533.1354
			    285.0088
			    572.0596
			    -88.8125
			    -76.5187
			    -565.0596
			    93.8125
			    86.5187
	==================================================================================
	Q3:
		Shape: Polyhedra
		q_c:    373.0000    229.5000    392.5000
		ub :    377.4539    234.2461    396.9853
		lb :    368.5461    224.7539    388.0147
		A:
			    0.8986    -0.4315    0.0798
			    -0.7621    -0.3690    0.5320
			    0.9920    0.0487    0.1165
			    0.4504    0.4410    0.7764
			    -0.0109    0.2636    0.9646
			    0.7321    0.5836    0.3514
			    0.7902    0.3847    0.4770
			    0.2820    0.4628    -0.8404
			    -0.5441    0.7986    0.2572
			    -0.7902    -0.3847    -0.4770
			    -0.2820    -0.4628    0.8404
			    0.5441    -0.7986    -0.2572
		b:
			    270.2967
			    -157.2858
			    429.5450
			    576.5099
			    437.8882
			    547.4437
			    572.7770
			    -115.4666
			    84.2729
			    -567.7770
			    121.4666
			    -78.2729
	==================================================================================
	Q4:
		Shape: Ellipse
		q_c:    360.5000    237.5000    401.5000
		ub :    366.0066    245.0094    408.7489
		lb :    354.9934    229.9906    394.2511
		P^-1: 
			    0.0950    0.0221    -0.0199
			    0.0221    0.0489    -0.0080
			    -0.0199    -0.0080    0.0472
	==================================================================================
	Q5:
		Shape: Hybrid
		q_c:    375.0000    221.0000    405.0000
		ub :    379.8385    225.2906    409.7070
		lb :    370.1615    216.7094    400.2930
		P^-1: 
			    0.1353    -0.0221    -0.0289
			    -0.0221    0.1402    -0.0259
