3D_45_9_6_b                l = 3

===========================================================================================
===========================================================================================
S1:
	q_c:	207.0	119.5	251.0
	ub :	215.2216	130.0382	262.5182
	lb :	202.4827	112.2538	241.7649

	==================================================================================
	Q1:
		Shape: Polyhedra
		q_c:	207.0	120.0	255.5
		ub :	211.5173	124.613	259.0902
		lb :	202.4827	115.387	251.9098
		A:
			-0.4077	-0.3365	0.8489
			-0.9343	0.0966	-0.3433
			0.4634	0.3332	-0.8211
			0.211	0.7109	-0.6709
			-0.5954	-0.648	0.4749
			0.61	-0.7621	-0.2168
			0.3187	0.552	0.7705
			0.5103	0.5851	-0.6303
			-0.7988	0.5941	-0.0952
			-0.3187	-0.552	-0.7705
			-0.5103	-0.5851	0.6303
			0.7988	-0.5941	0.0952
		b:
			93.8557
			-266.1997
			-72.1754
			-40.6115
			-78.0937
			-17.1504
			332.0829
			16.3018
			-114.8834
			-326.0829
			-13.3018
			121.8834
	==================================================================================
	Q2:
		Shape: Ellipse
		q_c:	210.0	124.0	257.0
		ub :	215.2216	130.0382	262.5182
		lb :	204.7784	117.9618	251.4818
		P^-1:
			0.0865	0.0043	-0.012
			0.0043	0.0811	-0.0206
			-0.012	-0.0206	0.0877
	==================================================================================
	Q3:
		Shape: Ellipse
		q_c:	210.5	118.0	247.5
		ub :	214.4344	120.8929	249.5631
		lb :	206.5656	115.1071	245.4369
		P^-1:
			0.1109	0.0985	-0.0076
			0.0985	0.4153	0.0022
			-0.0076	0.0022	0.4443
	==================================================================================
	Q4:
		Shape: Polyhedra
		q_c:	208.0	117.0	247.0
		ub :	211.9529	121.7462	252.2351
		lb :	204.0471	112.2538	241.7649
		A:
			0.2562	0.0463	-0.9655
			-0.3722	-0.5723	-0.7307
			-0.728	-0.5493	-0.4102
			0.3446	0.1167	0.9315
			0.7203	0.6016	0.3452
			0.7416	-0.3859	-0.5487
			0.6819	0.5951	0.4253
			0.7028	-0.3718	-0.6065
			-0.2028	0.7125	-0.6718
			-0.6819	-0.5951	-0.4253
			-0.7028	0.3718	0.6065
			0.2028	-0.7125	0.6718
		b:
			-176.1485
			-323.0968
			-315.9879
			318.2547
			306.5378
			-22.9129
			317.5141
			-43.6127
			-120.7445
			-315.5141
			50.6127
			128.7445
	==================================================================================
	Q5:
		Shape: Hybrid
		q_c:	212.5	118.0	248.0
		ub :	214.7338	120.0325	249.7837
		lb :	210.2662	115.9675	246.2163
		P^-1:
			0.2538	0.0268	-0.0011
			0.0268	0.4407	0.0002
			-0.0011	0.0002	0.4444
		A:
			0.1146	-0.7832	0.6112
			0.4953	-0.2056	0.844
			-0.21	0.9621	-0.1739
			-0.6647	-0.7471	0.0066
			-0.6914	-0.2193	-0.6884
			0.8252	-0.3343	-0.4552
		b:
			84.285
			291.2223
			26.5939
			-226.8415
			-342.5349
			24.1449
	==================================================================================
	Q6:
		Shape: Hybrid
		q_c:	208.0	124.5	252.0
		ub :	212.0826	128.963	256.4209
		lb :	203.9174	120.037	247.5791
		P^-1:
			0.2036	0.0629	0.0184
			0.0629	0.1538	0.0125
			0.0184	0.0125	0.1148
		A:
			0.6851	0.5071	-0.5229
			-0.2595	0.7132	0.6512
			0.5441	0.839	-0.0003
			0.9636	0.2431	-0.1111
			-0.9684	-0.1485	0.2004
			-0.931	-0.2052	0.3018
		b:
			75.3412
			200.8484
			218.771
			203.9163
			-168.0746
			-141.7705


===========================================================================================
===========================================================================================
S2:
	q_c:	274.5	96.5	80.0
	ub :	290.2137	110.6574	91.924
	lb :	263.8687	84.6506	75.9857

	==================================================================================
	Q1:
		Shape: Hybrid
		q_c:	285.5	90.5	86.0
		ub :	290.2137	96.0788	91.924
		lb :	280.7863	84.9212	80.076
		P^-1:
			0.1708	0.0671	0.0638
			0.0671	0.1041	0.0395
			0.0638	0.0395	0.1001
		A:
			-0.2582	-0.912	-0.3187
			0.9988	0.0307	0.0374
			0.9478	-0.2149	-0.2355
			0.9846	0.1509	-0.0886
			-0.4475	-0.8368	-0.3156
			-0.7469	-0.5558	-0.3651
		b:
			-181.6736
			293.0766
			233.4789
			289.0858
			-229.0088
			-293.8854
	==================================================================================
	Q2:
		Shape: Hybrid
		q_c:	272.5	89.0	83.5
		ub :	277.4917	93.3494	88.573
		lb :	267.5083	84.6506	78.427
		P^-1:
			0.1185	0.025	-0.0091
			0.025	0.1119	-0.0288
			-0.0091	-0.0288	0.1224
		A:
			0.0694	0.1696	0.9831
			0.2693	0.7096	0.6512
			0.9266	0.3759	-0.012
			-0.0715	0.3909	-0.9177
			0.2701	0.2076	-0.9402
			-0.0412	0.9989	0.0225
		b:
			117.9203
			192.9256
			286.4666
			-59.831
			15.0903
			81.4881
	==================================================================================
	Q3:
		Shape: Hybrid
		q_c:	279.5	96.0	87.5
		ub :	283.7725	100.5569	91.0801
		lb :	275.2275	91.4431	83.9199
		P^-1:
			0.1943	-0.0076	-0.1477
			-0.0076	0.09	0.0347
			-0.1477	0.0347	0.3529
		A:
			0.3699	-0.3172	-0.8732
			0.9007	0.2508	-0.3547
			0.681	0.3635	-0.6357
			0.6501	0.7596	0.0206
			0.315	0.9482	0.042
			0.0624	0.4143	-0.908
		b:
			-2.5679
			246.3492
			170.9576
			258.7228
			185.2784
			-20.488
	==================================================================================
	Q4:
		Shape: Hybrid
		q_c:	272.5	104.0	81.5
		ub :	279.1172	110.6574	87.0143
		lb :	265.8828	97.3426	75.9857
		P^-1:
			0.0719	-0.0542	-0.0303
			-0.0542	0.1028	0.0175
			-0.0303	0.0175	0.0947
		A:
			-0.8308	0.0454	0.5547
			-0.3867	0.6822	0.6206
			0.032	-0.3732	-0.9272
			-0.4214	0.5675	-0.7074
			-0.0789	-0.1232	-0.9892
			0.8096	-0.4958	-0.3141
		b:
			-173.7983
			17.637
			-103.3076
			-111.1692
			-112.4654
			145.2696
	==================================================================================
	Q5:
		Shape: Hybrid
		q_c:	273.0	89.0	82.5
		ub :	278.1944	93.3405	88.0433
		lb :	267.8056	84.6595	76.9567
		P^-1:
			0.1014	-0.0126	-0.0537
			-0.0126	0.0842	0.0084
			-0.0537	0.0084	0.1054
		A:
			-0.8815	-0.143	0.4499
			0.9293	-0.3308	-0.164
			-0.6269	-0.5759	0.5247
			0.5296	0.6336	-0.5639
			0.5286	-0.0107	-0.8488
			0.6648	-0.7382	0.115
		b:
			-214.6095
			212.7207
			-177.2712
			156.3534
			74.716
			127.5587
	==================================================================================
	Q6:
		Shape: Polyhedra
		q_c:	270.0	103.5	83.5
		ub :	276.1313	109.6058	87.3042
		lb :	263.8687	97.3942	79.6958
		A:
			0.379	0.4501	0.8085
			-0.4469	0.3356	0.8292
			0.2149	0.3807	0.8994
			-0.5824	0.1947	0.7893
			-0.3674	0.2977	-0.8812
			0.6106	-0.0237	0.7916
			0.1369	0.4031	0.9048
			-0.7375	-0.5683	0.3648
			0.6613	-0.7173	0.2195
			-0.1369	-0.4031	-0.9048
			0.7375	0.5683	-0.3648
			-0.6613	0.7173	-0.2195
		b:
			218.2352
			-14.0027
			174.0703
			-68.0924
			-138.7104
			231.4916
			155.7487
			-223.4942
			127.1306
			-152.7487
			231.4942
			-118.1306


===========================================================================================
===========================================================================================
S3:
	q_c:	515.5	138.0	447.5
	ub :	529.9855	155.7217	465.5975
	lb :	500.6135	130.542	426.0736

	==================================================================================
	Q1:
		Shape: Polyhedra
		q_c:	510.0	147.5	435.5
		ub :	517.9026	155.7217	444.9264
		lb :	502.0974	139.2783	426.0736
		A:
			0.5648	0.6961	0.4432
			0.623	0.7788	0.0737
			0.888	-0.4124	0.2036
			0.4534	0.2913	0.8424
			-0.3773	-0.9249	-0.0459
			-0.3928	0.651	-0.6496
			0.8441	0.3461	0.4094
			0.0898	-0.8442	0.5285
			0.5286	-0.4093	-0.7437
			-0.8441	-0.3461	-0.4094
			-0.0898	0.8442	-0.5285
			-0.5286	0.4093	0.7437
		b:
			588.5622
			469.1655
			485.9039
			646.3009
			-344.22
			-382.6871
			664.3732
			155.9329
			-107.6818
			-655.3732
			-146.9329
			121.6818
	==================================================================================
	Q2:
		Shape: Ellipse
		q_c:	518.5	136.0	458.0
		ub :	526.0118	141.458	465.5975
		lb :	510.9882	130.542	450.4025
		P^-1:
			0.0969	-0.0899	0.036
			-0.0899	0.1878	-0.021
			0.036	-0.021	0.0514
	==================================================================================
	Q3:
		Shape: Polyhedra
		q_c:	518.5	140.5	461.0
		ub :	523.5479	145.3626	464.8377
		lb :	513.4521	135.6374	457.1623
		A:
			-0.9081	0.2795	0.3118
			0.6584	-0.7059	-0.2613
			-0.9358	-0.0808	0.3432
			-0.6085	-0.7291	0.3134
			0.9814	0.1136	-0.1547
			-0.5692	-0.8001	0.1895
			0.738	0.3915	0.5495
			-0.5015	-0.2267	0.835
			0.4515	-0.8918	0.029
			-0.738	-0.3915	-0.5495
			0.5015	0.2267	-0.835
			-0.4515	0.8918	-0.029
		b:
			-284.7991
			125.0799
			-335.5762
			-270.6305
			456.3822
			-317.2172
			694.0269
			95.5578
			125.6703
			-688.0269
			-90.5578
			-118.6703
	==================================================================================
	Q4:
		Shape: Hybrid
		q_c:	526.5	145.5	449.0
		ub :	529.9855	149.2755	452.7961
		lb :	523.0145	141.7245	445.2039
		P^-1:
			0.1604	0.004	0.0044
			0.004	0.201	0.0446
			0.0044	0.0446	0.2086
		A:
			0.0523	0.9986	0.0044
			-0.7816	-0.3352	0.526
			0.5602	-0.629	-0.539
			-0.7749	0.514	0.3678
			-0.0449	-0.605	-0.795
			-0.1748	-0.782	0.5983
		b:
			176.1079
			-222.6102
			-37.3747
			-166.6985
			-467.5892
			64.3027
	==================================================================================
	Q5:
		Shape: Hybrid
		q_c:	508.0	144.5	454.5
		ub :	515.3865	155.1253	462.7089
		lb :	500.6135	133.8747	446.2911
		P^-1:
			0.2113	-0.0512	-0.1992
			-0.0512	0.0366	0.0696
			-0.1992	0.0696	0.2419
		A:
			0.5331	-0.3829	-0.7545
			0.8012	-0.3621	-0.4764
			-0.6796	0.3523	0.6434
			0.1142	0.8769	0.4669
			0.4717	-0.0619	-0.8796
			-0.2745	0.7644	0.5834
		b:
			-126.1793
			140.4967
			-0.5357
			402.1282
			-167.0364
			240.2133
	==================================================================================
	Q6:
		Shape: Hybrid
		q_c:	523.0	151.0	457.0
		ub :	526.4483	155.0652	459.4565
		lb :	519.5517	146.9348	454.5435
		P^-1:
			0.2447	-0.0524	-0.062
			-0.0524	0.107	-0.0322
			-0.062	-0.0322	0.4244
		A:
			-0.7364	-0.2079	-0.6438
			-0.6528	0.2309	-0.7215
			-0.224	0.4707	-0.8534
			-0.1061	-0.015	-0.9942
			-0.3389	0.8422	0.4193
			0.9066	-0.2631	-0.33
		b:
			-709.008
			-635.1171
			-434.9777
			-511.204
			143.6146
			284.7429


===========================================================================================
===========================================================================================
S4:
	q_c:	266.5	57.5	124.0
	ub :	303.802	92.8197	157.8264
	lb :	241.2876	27.1316	94.552

	==================================================================================
	Q1:
		Shape: Ellipse
		q_c:	286.0	42.0	110.5
		ub :	302.1664	56.0898	122.7387
		lb :	269.8336	27.9102	98.2613
		P^-1:
			0.005	0.0014	-0.0001
			0.0014	0.0136	0.0
			-0.0001	0.0	0.0138
	==================================================================================
	Q2:
		Shape: Ellipse
		q_c:	286.5	67.0	139.0
		ub :	303.802	86.6076	157.8264
		lb :	269.198	47.3924	120.1736
		P^-1:
			0.0126	0.0027	-0.0055
			0.0027	0.0068	-0.001
			-0.0055	-0.001	0.0105
	==================================================================================
	Q3:
		Shape: Ellipse
		q_c:	271.5	45.5	117.5
		ub :	284.9324	55.8493	127.273
		lb :	258.0676	35.1507	107.727
		P^-1:
			0.0129	-0.0181	0.0119
			-0.0181	0.1326	-0.1165
			0.0119	-0.1165	0.1305
	==================================================================================
	Q4:
		Shape: Polyhedra
		q_c:	260.5	78.5	107.0
		ub :	276.1451	92.8197	119.448
		lb :	244.8549	64.1803	94.552
		A:
			-0.4228	-0.3858	0.82
			-0.0065	0.9633	-0.2685
			-0.2567	0.9644	-0.0641
			-0.6628	0.7207	-0.2033
			-0.6357	-0.1073	-0.7645
			0.6433	0.5053	-0.5752
			0.9187	0.3212	0.2297
			0.1755	-0.8532	0.4912
			0.3537	-0.411	-0.8402
			-0.9187	-0.3212	-0.2297
			-0.1755	0.8532	-0.4912
			-0.3537	0.411	0.8402
		b:
			-44.3489
			54.3984
			10.4976
			-128.2955
			-244.5439
			155.8775
			302.1225
			40.2816
			-24.0186
			-276.1225
			-22.2816
			36.0186
	==================================================================================
	Q5:
		Shape: Ellipse
		q_c:	258.0	41.5	120.5
		ub :	274.7124	55.8684	135.2319
		lb :	241.2876	27.1316	105.7681
		P^-1:
			0.0105	-0.0026	0.006
			-0.0026	0.0119	-0.0053
			0.006	-0.0053	0.0172
	==================================================================================
	Q6:
		Shape: Hybrid
		q_c:	287.0	40.5	130.0
		ub :	297.7258	45.1772	139.5036
		lb :	276.2742	35.8228	120.4964
		P^-1:
			0.038	-0.0103	0.0371
			-0.0103	0.1052	-0.0068
			0.0371	-0.0068	0.0595
		A:
			-0.5782	-0.0009	-0.8159
			0.5757	-0.1297	0.8073
			-0.5928	0.3989	-0.6996
			-0.2603	0.89	-0.3744
			0.4473	-0.1696	0.8782
			0.0336	-0.9027	-0.429
		b:
			-270.1339
			266.7853
			-243.1742
			-85.7888
			237.8725
			-80.1941


===========================================================================================
===========================================================================================
S5:
	q_c:	391.0	452.5	110.0
	ub :	397.5281	468.0972	124.0675
	lb :	377.6569	440.4005	98.0509

	==================================================================================
	Q1:
		Shape: Hybrid
		q_c:	384.0	463.0	117.0
		ub :	390.3431	468.0972	123.7174
		lb :	377.6569	457.9028	110.2826
		P^-1:
			0.084	-0.0139	-0.0289
			-0.0139	0.0889	0.0028
			-0.0289	0.0028	0.0598
		A:
			0.9531	-0.1178	-0.2788
			-0.1562	-0.5921	0.7906
			-0.3949	0.9179	-0.0383
			0.1951	-0.6712	-0.7152
			-0.9592	-0.0035	-0.2827
			0.5238	-0.7428	0.4171
		b:
			280.6182
			-239.1912
			270.6448
			-317.2713
			-400.1842
			-91.5754
	==================================================================================
	Q2:
		Shape: Polyhedra
		q_c:	387.5	455.0	103.0
		ub :	392.5068	460.8069	107.9491
		lb :	382.4932	449.1931	98.0509
		A:
			0.3672	-0.2572	0.8939
			0.6726	0.0044	0.74
			-0.2883	0.2867	0.9136
			-0.3019	0.7875	-0.5372
			-0.4729	0.5704	0.6715
			-0.8181	-0.5749	-0.017
			0.2035	0.774	0.5996
			0.0745	0.5984	-0.7977
			-0.9762	0.207	0.0641
			-0.2035	-0.774	-0.5996
			-0.0745	-0.5984	0.7977
			0.9762	-0.207	-0.0641
		b:
			120.4771
			342.6848
			116.6937
			188.9622
			149.674
			-576.3013
			497.2783
			221.469
			-273.5111
			-488.2783
			-216.469
			281.5111
	==================================================================================
	Q3:
		Shape: Hybrid
		q_c:	390.5	459.5	110.0
		ub :	392.8955	464.2673	114.7111
		lb :	388.1045	454.7327	105.2889
		P^-1:
			0.2478	-0.0124	0.0123
			-0.0124	0.0948	-0.0156
			0.0123	-0.0156	0.1001
		A:
			0.7015	0.7031	-0.1165
			0.401	0.8569	-0.324
			-0.4941	-0.237	0.8365
			0.0471	0.9218	-0.3848
			-0.8436	0.3115	0.4374
			-0.8406	0.3762	-0.3898
		b:
			585.9752
			516.716
			-207.8821
			401.7616
			-136.6278
			-197.0441
	==================================================================================
	Q4:
		Shape: Polyhedra
		q_c:	392.5	458.0	105.5
		ub :	396.6283	462.8377	109.8331
		lb :	388.3717	453.1623	101.1669
		A:
			-0.6574	0.6739	0.3372
			-0.5421	0.8031	0.2472
			-0.7516	0.423	0.5061
			-0.46	0.7274	0.5093
			0.8735	-0.1901	-0.4481
			-0.2012	0.9589	-0.1998
			0.5464	0.8205	0.1682
			0.7829	-0.4289	-0.4507
			-0.2976	0.3779	-0.8767
			-0.5464	-0.8205	-0.1682
			-0.7829	0.4289	0.4507
			0.2976	-0.3779	0.8767
		b:
			87.9888
			183.2571
			-46.3743
			208.3594
			210.1956
			342.2898
			611.474
			64.7797
			-32.7465
			-604.474
			-61.7797
			39.7465
	==================================================================================
	Q5:
		Shape: Polyhedra
		q_c:	390.0	446.0	117.5
		ub :	397.5281	451.5995	124.0675
		lb :	382.4719	440.4005	110.9325
		A:
			0.2541	-0.0709	0.9646
			-0.8727	0.3811	-0.3052
			0.409	0.5598	-0.7207
			-0.1177	0.9663	-0.2291
			-0.0081	-0.7413	0.6711
			-0.5432	0.7858	-0.2958
			0.4618	0.0538	0.8853
			-0.824	0.3954	0.4058
			-0.3282	-0.9169	0.227
			-0.4618	-0.0538	-0.8853
			0.824	-0.3954	-0.4058
			0.3282	0.9169	-0.227
		b:
			184.8396
			-201.3533
			328.4713
			362.0034
			-251.2745
			108.3462
			312.1516
			-91.8239
			-506.7871
			-304.1516
			102.8239
			513.7871
	==================================================================================
	Q6:
		Shape: Polyhedra
		q_c:	383.0	450.5	115.0
		ub :	387.8544	455.0341	121.8632
		lb :	378.1456	445.9659	108.1368
		A:
			-0.6977	0.3231	-0.6393
			-0.7727	-0.2418	0.5869
			-0.9663	-0.0841	-0.2432
			-0.0639	0.8615	-0.5038
			0.8123	0.3747	-0.447
			-0.9624	0.2296	-0.1453
			0.0885	0.3276	0.9407
			-0.2179	0.9279	-0.3027
			-0.972	-0.1782	0.1535
			-0.0885	-0.3276	-0.9407
			0.2179	-0.9279	0.3027
			0.972	0.1782	-0.1535
		b:
			-191.0484
			-333.0889
			-431.7465
			308.0559
			432.4735
			-278.1242
			295.6561
			301.7463
			-430.8745
			-283.6561
			-297.7463
			438.8745


===========================================================================================
===========================================================================================
S6:
	q_c:	438.0	160.5	383.5
	ub :	450.5658	175.2131	396.4503
	lb :	430.1241	147.1741	371.8635

	==================================================================================
	Q1:
		Shape: Ellipse
		q_c:	437.0	161.5	382.0
		ub :	442.5156	166.8614	386.5153
		lb :	431.4844	156.1386	377.4847
		P^-1:
			0.1271	0.0088	-0.0836
			0.0088	0.0806	-0.0277
			-0.0836	-0.0277	0.1864
	==================================================================================
	Q2:
		Shape: Hybrid
		q_c:	439.0	154.5	378.0
		ub :	445.6941	161.8259	384.1365
		lb :	432.3059	147.1741	371.8635
		P^-1:
			0.0427	0.0042	-0.0009
			0.0042	0.0464	-0.0013
			-0.0009	-0.0013	0.0403
		A:
			-0.1115	-0.49	0.8645
			0.7942	0.4233	0.4359
			0.294	-0.7888	-0.5398
			0.5655	-0.6183	0.5458
			-0.6323	0.3218	-0.7047
			0.6315	0.2973	0.7161
		b:
			204.7012
			581.3406
			-194.2016
			361.7326
			-491.5041
			596.4962
	==================================================================================
	Q3:
		Shape: Polyhedra
		q_c:	438.0	170.5	386.0
		ub :	442.0913	175.2131	390.5069
		lb :	433.9087	165.7869	381.4931
		A:
			0.0993	0.7927	0.6015
			-0.4869	-0.3205	-0.8125
			-0.0346	-0.0189	-0.9992
			0.7418	-0.5771	0.3416
			0.8347	-0.0262	0.5501
			0.7695	-0.5185	0.3729
			0.6366	0.2188	0.7395
			-0.7548	0.3735	0.5393
			-0.1582	-0.9015	0.4029
			-0.6366	-0.2188	-0.7395
			0.7548	-0.3735	-0.5393
			0.1582	0.9015	-0.4029
		b:
			413.5511
			-579.4934
			-401.5402
			361.2308
			575.6399
			395.3366
			603.5831
			-55.7668
			-63.9865
			-599.5831
			61.7668
			70.9865
	==================================================================================
	Q4:
		Shape: Hybrid
		q_c:	440.0	155.5	383.0
		ub :	446.3547	162.6688	389.7018
		lb :	433.6453	148.3312	376.2982
		P^-1:
			0.0576	-0.0198	-0.0056
			-0.0198	0.0623	0.0063
			-0.0056	0.0063	0.0418
		A:
			0.1636	0.8945	0.416
			0.2748	0.5549	-0.7852
			-0.776	-0.5632	-0.284
			-0.2299	0.8742	0.4277
			-0.2589	-0.432	-0.8639
			0.049	-0.9644	-0.2597
		b:
			373.1438
			-90.2982
			-534.517
			200.7545
			-508.8432
			-225.5175
	==================================================================================
	Q5:
		Shape: Hybrid
		q_c:	435.0	168.5	391.0
		ub :	439.8759	173.4274	396.4503
		lb :	430.1241	163.5726	385.5497
		P^-1:
			0.1345	-0.027	0.0291
			-0.027	0.1183	0.0064
			0.0291	0.0064	0.0808
		A:
			-0.9002	-0.1654	-0.4028
			-0.4421	0.8968	-0.0161
			0.4762	-0.8476	0.2341
			-0.1875	0.9098	0.3702
			0.1597	-0.8414	0.5164
			0.5751	0.4518	-0.682
		b:
			-575.4744
			-46.0584
			157.3302
			218.1399
			131.563
			62.3428
	==================================================================================
	Q6:
		Shape: Polyhedra
		q_c:	445.5	157.5	387.5
		ub :	450.5658	162.2423	392.9958
		lb :	440.4342	152.7577	382.0042
		A:
			-0.4221	-0.1156	-0.8992
			0.8843	-0.2245	0.4095
			-0.1009	-0.0932	-0.9905
			0.8755	0.0756	0.4773
			0.66	-0.7323	-0.1677
			0.3539	0.8048	-0.4765
			0.4636	0.6468	0.6056
			0.8253	-0.0664	-0.5608
			-0.3225	0.7598	-0.5646
			-0.4636	-0.6468	-0.6056
			-0.8253	0.0664	0.5608
			0.3225	-0.7598	0.5646
		b:
			-551.3166
			520.4113
			-440.1963
			590.1709
			116.7573
			102.8247
			546.5728
			142.9025
			-239.7591
			-539.5728
			-136.9025
			245.7591


===========================================================================================
===========================================================================================
S7:
	q_c:	169.0	17.0	191.0
	ub :	191.3226	25.0878	210.6281
	lb :	156.023	-7.5466	170.6823

	==================================================================================
	Q1:
		Shape: Ellipse
		q_c:	166.0	5.5	197.5
		ub :	175.977	16.4427	208.8141
		lb :	156.023	-5.4427	186.1859
		P^-1:
			0.0378	-0.0	-0.0155
			-0.0	0.0163	-0.0012
			-0.0155	-0.0012	0.0286
	==================================================================================
	Q2:
		Shape: Polyhedra
		q_c:	172.5	0.5	178.0
		ub :	181.2045	8.5466	185.3177
		lb :	163.7955	-7.5466	170.6823
		A:
			-0.1834	-0.4583	-0.8697
			-0.5987	-0.1108	0.7933
			-0.8825	0.2368	0.4064
			0.2517	-0.4724	0.8447
			0.2425	-0.0153	-0.97
			-0.2986	-0.5564	-0.7754
			0.815	0.5006	0.2918
			0.3401	-0.821	0.4586
			0.4691	-0.2746	-0.8394
			-0.815	-0.5006	-0.2918
			-0.3401	0.821	-0.4586
			-0.4691	0.2746	0.8394
		b:
			-181.516
			42.2235
			-75.028
			198.0454
			-126.7552
			-184.2772
			199.2756
			144.3894
			-64.6224
			-186.2756
			-135.3894
			72.6224
	==================================================================================
	Q3:
		Shape: Ellipse
		q_c:	174.0	11.0	203.0
		ub :	180.5736	16.2965	210.6281
		lb :	167.4264	5.7035	195.3719
		P^-1:
			0.0395	0.0025	-0.0023
			0.0025	0.0612	0.0061
			-0.0023	0.0061	0.0295
	==================================================================================
	Q4:
		Shape: Polyhedra
		q_c:	178.0	11.0	199.0
		ub :	186.1048	20.7843	208.1739
		lb :	169.8952	1.2157	189.8261
		A:
			0.4519	-0.4086	0.793
			0.6937	0.1162	0.7108
			0.3619	0.0102	0.9322
			-0.7336	-0.0775	-0.6752
			-0.9186	-0.1078	0.3801
			0.5629	0.7095	-0.424
			0.0733	0.5192	0.8515
			0.7646	0.5189	-0.3822
			-0.6403	0.6791	-0.3589
			-0.0733	-0.5192	-0.8515
			-0.7646	-0.5189	0.3822
			0.6403	-0.6791	0.3589
		b:
			239.7236
			272.1186
			256.0227
			-259.8979
			-83.87
			28.7154
			194.209
			70.7381
			-171.9378
			-182.209
			-60.7381
			183.9378
	==================================================================================
	Q5:
		Shape: Hybrid
		q_c:	186.5	17.0	179.0
		ub :	191.3226	25.0878	183.7842
		lb :	181.6774	8.9122	174.2158
		P^-1:
			0.1502	0.0062	-0.1001
			0.0062	0.0159	-0.006
			-0.1001	-0.006	0.1489
		A:
			0.1951	0.4888	-0.8503
			0.4975	0.5139	0.6989
			0.4634	0.253	-0.8493
			-0.499	0.1559	0.8525
			0.98	-0.1913	-0.0541
			-0.4663	0.0823	0.8808
		b:
			-103.9929
			231.243
			-59.4432
			63.8619
			172.559
			73.6032
	==================================================================================
	Q6:
		Shape: Hybrid
		q_c:	185.5	15.5	204.0
		ub :	187.421	21.8806	210.3639
		lb :	183.579	9.1194	197.6361
		P^-1:
			0.9672	0.1243	-0.1209
			0.1243	0.0662	-0.0164
			-0.1209	-0.0164	0.0653
		A:
			0.926	0.1878	-0.3275
			0.7018	-0.5814	-0.4116
			-0.9847	0.0006	0.1743
			-0.9297	-0.3628	0.0639
			0.5356	0.7751	-0.3351
			0.9211	0.3219	-0.2187
		b:
			108.7363
			40.1176
			-146.415
			-164.085
			45.9128
			132.1163


===========================================================================================
===========================================================================================
S8:
	q_c:	114.5	249.0	175.0
	ub :	130.3747	265.7734	190.4884
	lb :	99.8171	225.3306	162.2101

	==================================================================================
	Q1:
		Shape: Polyhedra
		q_c:	124.5	242.0	181.5
		ub :	130.3747	250.5045	189.9396
		lb :	118.6253	233.4955	173.0604
		A:
			0.8639	0.4506	0.2249
			0.7682	0.5934	0.2402
			-0.3594	0.8217	-0.4423
			0.9858	-0.0591	-0.1572
			0.7387	0.6507	-0.1756
			-0.9019	0.0166	-0.4317
			0.9377	0.3205	0.1342
			0.3337	-0.9383	-0.0909
			0.0968	0.13	-0.9868
			-0.9377	-0.3205	-0.1342
			-0.3337	0.9383	0.0909
			-0.0968	-0.13	0.9868
		b:
			260.6372
			286.5225
			80.9082
			84.1418
			221.9429
			-182.4327
			221.652
			-195.0216
			-128.0915
			-215.652
			209.0216
			143.0915
	==================================================================================
	Q2:
		Shape: Polyhedra
		q_c:	112.0	260.0	182.0
		ub :	117.7635	265.7734	188.5994
		lb :	106.2365	254.2266	175.4006
		A:
			0.6988	0.6595	0.2771
			-0.5643	0.6927	0.4492
			-0.6138	0.3562	0.7045
			0.6281	0.4816	-0.6112
			-0.5737	0.7909	0.2127
			-0.3179	0.8483	0.4236
			0.0295	0.9664	0.2554
			0.7684	0.1415	-0.6241
			-0.6392	0.2147	-0.7384
			-0.0295	-0.9664	-0.2554
			-0.7684	-0.1415	0.6241
			0.6392	-0.2147	0.7384
		b:
			304.4351
			202.9463
			156.2212
			88.3929
			184.4265
			266.4647
			305.5499
			13.2661
			-146.1702
			-296.5499
			-5.2661
			154.1702
	==================================================================================
	Q3:
		Shape: Hybrid
		q_c:	124.0	250.5	174.5
		ub :	130.1227	257.4747	180.6274
		lb :	117.8773	243.5253	168.3726
		P^-1:
			0.1141	0.097	-0.1318
			0.097	0.149	-0.1577
			-0.1318	-0.1577	0.2474
		A:
			0.0294	-0.8242	0.5656
			-0.8229	-0.5652	0.0585
			0.5969	0.6102	-0.5209
			0.3436	-0.9247	0.1641
			0.1644	-0.2891	0.9431
			0.181	0.4659	-0.8661
		b:
			-101.5703
			-230.1361
			137.2687
			-156.2094
			115.5354
			-10.539
	==================================================================================
	Q4:
		Shape: Polyhedra
		q_c:	115.0	248.0	178.0
		ub :	124.408	260.1857	190.4884
		lb :	105.592	235.8143	165.5116
		A:
			-0.2414	-0.9485	-0.2053
			-0.9345	-0.3552	-0.0205
			0.7848	-0.4173	0.4583
			0.0502	0.1039	-0.9933
			0.9123	0.0595	0.4052
			0.1231	-0.9188	-0.3751
			0.6246	0.4713	0.6227
			0.781	-0.3817	-0.4944
			0.0047	0.7951	-0.6065
			-0.6246	-0.4713	-0.6227
			-0.781	0.3817	0.4944
			-0.0047	-0.7951	0.6065
		b:
			-291.9143
			-192.1556
			75.6236
			-137.8367
			198.9964
			-273.3848
			307.0492
			-86.8572
			97.7822
			-292.0492
			98.8572
			-81.7822
	==================================================================================
	Q5:
		Shape: Ellipse
		q_c:	109.0	232.5	171.0
		ub :	118.1829	239.6694	179.7899
		lb :	99.8171	225.3306	162.2101
		P^-1:
			0.033	0.0009	-0.0115
			0.0009	0.0417	-0.0042
			-0.0115	-0.0042	0.0384
	==================================================================================
	Q6:
		Shape: Ellipse
		q_c:	115.0	241.5	178.0
		ub :	122.4074	247.3946	184.8759
		lb :	107.5926	235.6054	171.1241
		P^-1:
			0.0476	0.0138	0.0008
			0.0138	0.0723	0.0103
			0.0008	0.0103	0.0511


===========================================================================================
===========================================================================================
S9:
	q_c:	426.5	306.5	306.0
	ub :	441.2254	322.5286	323.4813
	lb :	417.2113	291.7895	295.6555

	==================================================================================
	Q1:
		Shape: Ellipse
		q_c:	422.5	317.5	306.5
		ub :	427.7887	322.5286	313.8261
		lb :	417.2113	312.4714	299.1739
		P^-1:
			0.1994	0.0041	-0.095
			0.0041	0.0494	-0.0045
			-0.095	-0.0045	0.071
	==================================================================================
	Q2:
		Shape: Ellipse
		q_c:	433.5	299.5	309.5
		ub :	441.2254	307.2105	316.8535
		lb :	425.7746	291.7895	302.1465
		P^-1:
			0.0498	0.0365	0.0214
			0.0365	0.0757	0.0129
			0.0214	0.0129	0.0554
	==================================================================================
	Q3:
		Shape: Ellipse
		q_c:	432.5	306.5	317.0
		ub :	438.3182	309.4759	323.4813
		lb :	426.6818	303.5241	310.5187
		P^-1:
			0.172	0.0039	0.106
			0.0039	0.2498	-0.0052
			0.106	-0.0052	0.106
	==================================================================================
	Q4:
		Shape: Ellipse
		q_c:	424.5	309.5	300.5
		ub :	430.9665	317.1295	305.3445
		lb :	418.0335	301.8705	295.6555
		P^-1:
			0.0572	0.012	-0.0052
			0.012	0.0354	0.0098
			-0.0052	0.0098	0.0792
	==================================================================================
	Q5:
		Shape: Ellipse
		q_c:	434.0	315.5	299.0
		ub :	439.1378	320.3351	301.9489
		lb :	428.8622	310.6649	296.0511
		P^-1:
			0.0667	-0.0037	0.0266
			-0.0037	0.2306	-0.3424
			0.0266	-0.3424	0.8468
	==================================================================================
	Q6:
		Shape: Polyhedra
		q_c:	425.0	307.5	314.0
		ub :	431.6168	312.9025	322.4429
		lb :	418.3832	302.0975	305.5571
		A:
			0.5473	-0.2834	0.7875
			-0.7784	0.2334	-0.5828
			-0.9165	0.399	0.0278
			0.7498	-0.4057	0.5227
			0.6658	-0.6113	0.4278
			0.1497	0.9864	-0.068
			0.8898	0.1682	0.4243
			-0.4466	0.1293	0.8853
			0.094	-0.9772	0.1901
			-0.8898	-0.1682	-0.4243
			0.4466	-0.1293	-0.8853
			-0.094	0.9772	-0.1901
		b:
			397.1206
			-438.3477
			-253.4246
			361.76
			233.1226
			349.5344
			566.5979
			134.9214
			-196.8334
			-559.5979
			-120.9214
			204.8334


===========================================================================================
===========================================================================================
