3D_40_13_6_f                l = 3

===========================================================================================
===========================================================================================
S1:
	q_c:	19.0	174.5	327.5
	ub :	36.4375	186.5528	339.6232
	lb :	3.6947	157.0993	316.1843

	==================================================================================
	Q1:
		Shape: Hybrid
		q_c:	31.0	167.5	330.0
		ub :	36.4375	172.3981	332.8343
		lb :	25.5625	162.6019	327.1657
		P^-1:
			0.1153	-0.0998	0.0077
			-0.0998	0.1724	-0.0121
			0.0077	-0.0121	0.1623
		A:
			0.0415	-0.7464	-0.6643
			0.7229	-0.5756	0.3823
			0.5424	0.6107	-0.577
			-0.761	0.6379	-0.118
			-0.1564	0.6156	-0.7724
			-0.5276	0.4837	-0.6984
		b:
			-340.9275
			53.4508
			-68.0666
			45.5666
			-155.1192
			-164.5453
	==================================================================================
	Q2:
		Shape: Ellipse
		q_c:	20.0	169.5	334.0
		ub :	25.005	176.37	339.6232
		lb :	14.995	162.63	328.3768
		P^-1:
			0.5454	-0.0901	-0.4633
			-0.0901	0.0643	0.1043
			-0.4633	0.1043	0.4859
	==================================================================================
	Q3:
		Shape: Ellipse
		q_c:	27.0	164.0	321.5
		ub :	33.3714	170.9007	326.8157
		lb :	20.6286	157.0993	316.1843
		P^-1:
			0.0711	0.0371	-0.0115
			0.0371	0.0703	-0.0058
			-0.0115	-0.0058	0.0653
	==================================================================================
	Q4:
		Shape: Hybrid
		q_c:	25.0	173.0	330.5
		ub :	32.2266	180.3551	338.0283
		lb :	17.7734	165.6449	322.9717
		P^-1:
			0.0401	-0.0018	0.0017
			-0.0018	0.0617	-0.0207
			0.0017	-0.0207	0.0598
		A:
			0.8062	-0.5853	-0.0863
			-0.9797	0.1327	-0.1502
			-0.5024	-0.3717	0.7807
			0.1179	0.3123	-0.9426
			0.9346	-0.0927	0.3434
			0.7515	0.0192	-0.6595
		b:
			-106.5798
			-48.0128
			183.5573
			-252.4001
			123.9079
			-192.8466
	==================================================================================
	Q5:
		Shape: Ellipse
		q_c:	9.5	181.0	333.5
		ub :	15.3053	186.5528	338.3494
		lb :	3.6947	175.4472	328.6506
		P^-1:
			0.118	-0.0625	0.0537
			-0.0625	0.1111	-0.0659
			0.0537	-0.0659	0.1519
	==================================================================================
	Q6:
		Shape: Ellipse
		q_c:	12.0	177.5	329.0
		ub :	17.254	183.5589	334.5054
		lb :	6.746	171.4411	323.4946
		P^-1:
			0.0929	-0.0209	-0.0102
			-0.0209	0.0836	-0.0022
			-0.0102	-0.0022	0.0787


===========================================================================================
===========================================================================================
S2:
	q_c:	462.5	213.0	57.5
	ub :	487.1524	232.3284	78.6476
	lb :	441.5121	187.9621	42.9052

	==================================================================================
	Q1:
		Shape: Ellipse
		q_c:	469.0	197.5	52.0
		ub :	477.3649	207.0379	61.0948
		lb :	460.6351	187.9621	42.9052
		P^-1:
			0.04	-0.0105	-0.0062
			-0.0105	0.0351	-0.0009
			-0.0062	-0.0009	0.031
	==================================================================================
	Q2:
		Shape: Polyhedra
		q_c:	465.5	204.5	71.5
		ub :	473.2297	211.0255	78.6476
		lb :	457.7703	197.9745	64.3524
		A:
			0.0618	0.5389	-0.8401
			0.6296	-0.7769	-0.0052
			0.2579	0.6686	0.6974
			0.1876	-0.4712	0.8618
			-0.6598	-0.6133	-0.4343
			-0.1434	-0.9894	-0.0211
			0.4703	0.2107	0.857
			-0.5447	0.8333	0.0941
			-0.6943	-0.511	0.5067
			-0.4703	-0.2107	-0.857
			0.5447	-0.8333	-0.0941
			0.6943	0.511	-0.5067
		b:
			83.7674
			137.3433
			311.365
			57.355
			-458.6345
			-266.3815
			328.2998
			-72.9309
			-386.4822
			-318.2998
			79.9309
			396.4822
	==================================================================================
	Q3:
		Shape: Hybrid
		q_c:	454.5	199.0	54.5
		ub :	463.5707	204.1113	63.7773
		lb :	445.4293	193.8887	45.2227
		P^-1:
			0.0487	-0.0142	0.0311
			-0.0142	0.0953	-0.0181
			0.0311	-0.0181	0.0452
		A:
			-0.4505	0.8208	-0.3513
			-0.8325	0.5343	-0.1465
			-0.3395	0.9359	-0.0938
			-0.2894	-0.6993	-0.6537
			0.1057	-0.8547	0.5082
			0.8546	-0.3484	0.3851
		b:
			-59.0043
			-276.8383
			28.7911
			-303.249
			-92.2647
			342.6138
	==================================================================================
	Q4:
		Shape: Ellipse
		q_c:	455.0	214.0	54.0
		ub :	462.2209	222.5224	59.48
		lb :	447.7791	205.4776	48.52
		P^-1:
			0.0257	0.0052	0.0158
			0.0052	0.0272	0.0389
			0.0158	0.0389	0.1463
	==================================================================================
	Q5:
		Shape: Polyhedra
		q_c:	450.0	224.0	58.5
		ub :	458.4879	231.2734	67.6146
		lb :	441.5121	216.7266	49.3854
		A:
			0.1752	-0.7824	0.5976
			-0.8411	-0.4966	-0.2145
			0.9242	-0.2416	0.2958
			-0.1115	-0.5353	-0.8373
			-0.0164	-0.5002	-0.8657
			0.6709	0.7312	-0.1239
			0.4451	0.7751	0.4485
			0.5031	0.1979	-0.8413
			-0.7408	0.6001	-0.3019
			-0.4451	-0.7751	-0.4485
			-0.5031	-0.1979	0.8413
			0.7408	-0.6001	0.3019
		b:
			-56.2521
			-497.4718
			383.271
			-213.6911
			-164.4659
			463.9105
			404.6372
			228.5217
			-212.6025
			-395.6372
			-214.5217
			220.6025
	==================================================================================
	Q6:
		Shape: Polyhedra
		q_c:	478.0	220.5	55.0
		ub :	487.1524	232.3284	64.9997
		lb :	468.8476	208.6716	45.0003
		A:
			0.9984	-0.0056	-0.0561
			0.3649	-0.5629	-0.7416
			-0.8114	0.4085	-0.4181
			-0.0565	-0.7836	-0.6187
			-0.2505	0.9591	-0.1317
			-0.6615	0.3113	0.6823
			0.906	0.4204	0.0492
			0.0863	-0.2973	0.9509
			0.4143	-0.8573	-0.3056
			-0.906	-0.4204	-0.0492
			-0.0863	0.2973	-0.9509
			-0.4143	0.8573	0.3056
		b:
			479.0906
			17.7711
			-313.5171
			-225.8899
			92.7691
			-202.2602
			533.9727
			35.5206
			0.7092
			-522.9727
			-20.5206
			16.2908


===========================================================================================
===========================================================================================
S3:
	q_c:	103.5	324.0	47.5
	ub :	112.3885	338.636	64.7496
	lb :	89.0834	308.2928	33.8523

	==================================================================================
	Q1:
		Shape: Polyhedra
		q_c:	99.5	321.5	38.0
		ub :	103.924	325.8689	42.1477
		lb :	95.076	317.1311	33.8523
		A:
			0.5241	0.7464	0.4101
			0.6261	0.7723	0.1073
			0.6857	0.6955	0.2147
			0.8505	0.4544	0.2649
			-0.7949	-0.4662	-0.3884
			0.4485	0.6397	0.6242
			0.747	0.6162	0.2493
			-0.6079	0.785	-0.1188
			-0.2689	-0.0628	0.9611
			-0.747	-0.6162	-0.2493
			0.6079	-0.785	0.1188
			0.2689	0.0628	-0.9611
		b:
			309.2593
			316.0926
			301.086
			242.0815
			-242.4234
			275.9097
			282.929
			191.8863
			-6.9361
			-280.929
			-182.8863
			13.9361
	==================================================================================
	Q2:
		Shape: Polyhedra
		q_c:	99.5	332.0	50.5
		ub :	106.1879	338.636	56.0146
		lb :	92.8121	325.364	44.9854
		A:
			-0.6327	-0.064	0.7717
			-0.0163	-0.0736	-0.9972
			0.7742	0.4867	-0.4047
			0.1312	-0.3367	0.9324
			-0.0518	-0.758	0.6502
			0.1068	-0.0368	-0.9936
			0.8794	0.4409	0.1797
			0.2889	-0.7941	0.5348
			0.3785	-0.4183	-0.8257
			-0.8794	-0.4409	-0.1797
			-0.2889	0.7941	-0.5348
			-0.3785	0.4183	0.8257
		b:
			-41.6675
			-73.0282
			222.7369
			-47.9139
			-219.9334
			-48.5067
			247.9592
			-203.8895
			-139.924
			-237.9592
			211.8895
			145.924
	==================================================================================
	Q3:
		Shape: Ellipse
		q_c:	107.0	327.5	52.5
		ub :	112.3885	332.2747	58.3105
		lb :	101.6115	322.7253	46.6895
		P^-1:
			0.1116	-0.0352	0.0228
			-0.0352	0.1218	-0.019
			0.0228	-0.019	0.0482
	==================================================================================
	Q4:
		Shape: Polyhedra
		q_c:	96.0	314.0	58.0
		ub :	102.9166	319.7072	64.7496
		lb :	89.0834	308.2928	51.2504
		A:
			-0.3997	0.7682	0.5001
			0.3766	0.842	-0.3862
			-0.9526	-0.0855	0.2919
			-0.8822	-0.292	0.3694
			0.0642	-0.5182	0.8529
			-0.0725	0.3813	-0.9216
			0.7061	0.076	0.704
			-0.5109	-0.6338	0.5808
			0.4903	-0.7698	-0.4087
			-0.7061	-0.076	-0.704
			0.5109	0.6338	-0.5808
			-0.4903	0.7698	0.4087
		b:
			236.3522
			281.3246
			-97.5586
			-151.4657
			-103.4449
			63.0629
			136.976
			-211.3677
			-213.8405
			-127.976
			217.3677
			222.8405
	==================================================================================
	Q5:
		Shape: Hybrid
		q_c:	95.0	326.5	55.0
		ub :	99.8067	330.8519	60.5082
		lb :	90.1933	322.1481	49.4918
		P^-1:
			0.0801	-0.0006	-0.0069
			-0.0006	0.0814	-0.0028
			-0.0069	-0.0028	0.0512
		A:
			0.5255	-0.8448	-0.1007
			-0.3912	-0.7614	0.517
			-0.181	0.6459	-0.7417
			0.5426	-0.4251	0.7244
			-0.4012	0.9069	0.1291
			0.0471	0.7175	0.695
		b:
			-229.6995
			-255.4302
			155.1678
			-45.0118
			266.8457
			279.2886
	==================================================================================
	Q6:
		Shape: Polyhedra
		q_c:	102.5	321.5	46.0
		ub :	106.2898	326.3232	50.8014
		lb :	98.7102	316.6768	41.1986
		A:
			0.5014	-0.0985	-0.8596
			-0.2296	-0.7625	-0.6048
			-0.8088	-0.0385	0.5868
			0.3335	0.415	0.8465
			-0.2543	0.2231	-0.941
			-0.8641	-0.1547	-0.4789
			0.1024	0.6267	0.7725
			-0.0003	0.7766	-0.63
			-0.9947	0.0643	0.0797
			-0.1024	-0.6267	-0.7725
			0.0003	-0.7766	0.63
			0.9947	-0.0643	-0.0797
		b:
			-16.5259
			-293.4802
			-64.8362
			209.5948
			5.6998
			-156.9957
			250.5252
			224.1582
			-74.1255
			-244.5252
			-217.1582
			81.1255


===========================================================================================
===========================================================================================
S4:
	q_c:	418.5	343.0	458.5
	ub :	448.2107	365.3625	487.9963
	lb :	387.6487	319.8221	443.1223

	==================================================================================
	Q1:
		Shape: Ellipse
		q_c:	438.5	331.0	465.0
		ub :	443.0265	336.1471	470.0935
		lb :	433.9735	325.8529	459.9065
		P^-1:
			0.0666	-0.0146	-0.0129
			-0.0146	0.1149	0.0464
			-0.0129	0.0464	0.1036
	==================================================================================
	Q2:
		Shape: Polyhedra
		q_c:	401.0	352.0	466.5
		ub :	414.3513	365.3625	477.0514
		lb :	387.6487	338.6375	455.9486
		A:
			-0.0423	0.2287	-0.9726
			0.1549	-0.6306	0.7605
			0.061	0.174	-0.9829
			-0.8032	-0.5062	-0.3141
			0.2434	0.3099	0.9191
			-0.6164	-0.1857	0.7652
			0.0651	0.5027	0.862
			-0.8129	0.5277	-0.2463
			-0.5787	-0.6847	0.443
			-0.0651	-0.5027	-0.862
			0.8129	-0.5277	0.2463
			0.5787	0.6847	-0.443
		b:
			-383.0834
			203.6579
			-366.141
			-639.1604
			641.4851
			51.2736
			610.6796
			-244.1427
			-259.4341
			-599.6796
			266.1427
			273.4341
	==================================================================================
	Q3:
		Shape: Hybrid
		q_c:	411.5	331.0	453.0
		ub :	420.4763	342.1779	462.8777
		lb :	402.5237	319.8221	443.1223
		P^-1:
			0.0446	-0.0133	0.0101
			-0.0133	0.0195	-0.0151
			0.0101	-0.0151	0.0415
		A:
			0.754	-0.3226	0.5722
			0.1839	-0.1865	0.9651
			-0.6267	0.5744	-0.5267
			0.2332	-0.0745	0.9696
			0.9184	-0.3726	0.1329
			0.3806	-0.2509	0.8901
		b:
			464.8291
			454.0897
			-304.0232
			513.9442
			317.3061
			479.3412
	==================================================================================
	Q4:
		Shape: Hybrid
		q_c:	436.0	351.5	479.5
		ub :	448.2107	363.8799	487.9963
		lb :	423.7893	339.1201	471.0037
		P^-1:
			0.017	-0.004	0.0046
			-0.004	0.0191	-0.0077
			0.0046	-0.0077	0.0355
		A:
			0.0346	-0.2092	-0.9773
			0.369	0.9164	-0.1549
			0.6643	-0.3581	0.6561
			0.1333	0.7494	0.6486
			-0.1017	-0.2072	-0.973
			-0.8965	0.3555	-0.2643
		b:
			-523.4262
			414.2367
			481.6608
			637.7663
			-580.1496
			-388.2194
	==================================================================================
	Q5:
		Shape: Hybrid
		q_c:	435.0	338.5	469.5
		ub :	445.0447	348.1753	478.3994
		lb :	424.9553	328.8247	460.6006
		P^-1:
			0.0157	0.0002	0.0003
			0.0002	0.0139	0.0001
			0.0003	0.0001	0.0177
		A:
			-0.3636	0.5717	0.7355
			0.0924	0.4748	-0.8752
			0.2787	0.8873	0.3676
			0.466	0.5046	0.7268
			0.5302	0.2071	-0.8222
			0.0956	0.7347	-0.6716
		b:
			384.871
			-206.0007
			598.6433
			718.7676
			-81.2649
			-20.6864
	==================================================================================
	Q6:
		Shape: Hybrid
		q_c:	426.0	352.0	467.0
		ub :	434.237	362.4894	477.6324
		lb :	417.763	341.5106	456.3676
		P^-1:
			0.0434	0.0	0.0074
			0.0	0.0325	0.0147
			0.0074	0.0147	0.0273
		A:
			-0.4634	0.4549	-0.7604
			0.9797	0.1347	-0.1484
			0.2328	-0.7259	-0.6472
			0.8376	-0.184	-0.5144
			0.9886	-0.0268	0.148
			-0.7053	-0.6935	-0.1468
		b:
			-387.4453
			398.7146
			-455.9336
			55.4451
			483.3542
			-609.8499


===========================================================================================
===========================================================================================
S5:
	q_c:	86.5	279.5	371.0
	ub :	93.3101	282.9069	378.1554
	lb :	82.3176	275.9073	367.8887

	==================================================================================
	Q1:
		Shape: Ellipse
		q_c:	91.0	278.0	370.0
		ub :	93.06	279.2077	372.1113
		lb :	88.94	276.7923	367.8887
		P^-1:
			0.4468	-0.0362	-0.0045
			-0.0362	0.9893	0.0671
			-0.0045	0.0671	0.4527
	==================================================================================
	Q2:
		Shape: Ellipse
		q_c:	85.0	278.5	374.5
		ub :	87.6824	280.4048	377.0014
		lb :	82.3176	276.5952	371.9986
		P^-1:
			0.2991	0.0108	0.0838
			0.0108	0.4436	-0.0062
			0.0838	-0.0062	0.3961
	==================================================================================
	Q3:
		Shape: Hybrid
		q_c:	90.0	279.5	374.0
		ub :	92.3177	282.0277	376.5121
		lb :	87.6823	276.9723	371.4879
		P^-1:
			0.2522	0.0097	0.018
			0.0097	0.2933	0.0803
			0.018	0.0803	0.399
		A:
			0.4905	-0.1867	-0.8512
			0.8235	-0.2478	0.5104
			0.7231	0.6907	-0.0053
			0.8517	0.3712	-0.3699
			0.9932	0.0674	0.0948
			-0.8884	-0.1157	-0.4442
		b:
			-325.4185
			196.902
			257.3187
			43.3083
			144.8944
			-277.301
	==================================================================================
	Q4:
		Shape: Hybrid
		q_c:	90.5	278.0	373.5
		ub :	93.3101	280.0927	376.1682
		lb :	87.6899	275.9073	370.8318
		P^-1:
			0.3219	-0.015	-0.0927
			-0.015	0.4426	-0.0113
			-0.0927	-0.0113	0.3744
		A:
			-0.3452	0.3094	-0.8861
			0.0011	-0.7984	-0.6022
			0.6718	0.6846	-0.2829
			-0.6526	0.1456	-0.7436
			-0.4744	0.8287	0.2971
			0.8609	-0.4444	0.2478
		b:
			-275.1135
			-445.8959
			146.2985
			-295.0947
			299.1829
			47.9975
	==================================================================================
	Q5:
		Shape: Ellipse
		q_c:	87.5	281.0	371.0
		ub :	88.9093	282.7815	372.8439
		lb :	86.0907	279.2185	369.1561
		P^-1:
			1.0	0.0004	-0.0013
			0.0004	0.9529	0.1548
			-0.0013	0.1548	0.4916
	==================================================================================
	Q6:
		Shape: Hybrid
		q_c:	89.5	280.0	375.5
		ub :	91.945	282.9069	378.1554
		lb :	87.055	277.0931	372.8446
		P^-1:
			0.3668	-0.0778	-0.055
			-0.0778	0.3665	-0.055
			-0.055	-0.055	0.4055
		A:
			0.9493	0.2096	-0.2342
			-0.5642	0.7995	-0.2062
			0.2082	0.2688	-0.9404
			0.9353	-0.2056	-0.288
			0.8055	0.3481	0.4797
			-0.6263	-0.4365	-0.6459
		b:
			56.675
			96.6999
			-258.4817
			-81.174
			350.8646
			-419.597


===========================================================================================
===========================================================================================
S6:
	q_c:	77.5	274.5	441.0
	ub :	103.2168	296.1805	461.4019
	lb :	60.803	255.5917	419.4476

	==================================================================================
	Q1:
		Shape: Hybrid
		q_c:	72.5	268.0	432.5
		ub :	84.197	280.4083	445.5524
		lb :	60.803	255.5917	419.4476
		P^-1:
			0.0216	-0.0003	-0.0035
			-0.0003	0.02	0.0041
			-0.0035	0.0041	0.0115
		A:
			-0.2522	0.7654	-0.592
			0.6387	-0.7526	0.1601
			0.9537	-0.2359	0.1867
			-0.3005	0.948	0.1048
			-0.7232	-0.6906	-0.005
			-0.1728	0.5407	0.8233
		b:
			-62.7914
			-81.4037
			91.1084
			281.4916
			-235.9489
			493.0738
	==================================================================================
	Q2:
		Shape: Polyhedra
		q_c:	75.5	282.5	446.0
		ub :	89.2862	295.6547	457.4294
		lb :	61.7138	269.3453	434.5706
		A:
			-0.2186	0.6487	-0.729
			0.416	-0.0813	0.9057
			-0.1384	-0.6843	0.716
			0.7859	-0.125	0.6056
			-0.9958	0.0685	-0.061
			0.8703	-0.4916	0.031
			0.5327	0.8409	0.0952
			0.6189	-0.3105	-0.7215
			-0.5772	0.4433	-0.6858
			-0.5327	-0.8409	-0.0952
			-0.6189	0.3105	0.7215
			0.5772	-0.4433	0.6858
		b:
			-151.0577
			419.6837
			123.4529
			301.4435
			-75.1885
			-51.8528
			329.2202
			-354.7658
			-217.2376
			-311.2202
			370.7658
			231.2376
	==================================================================================
	Q3:
		Shape: Hybrid
		q_c:	72.0	282.0	429.5
		ub :	80.27	291.6589	438.418
		lb :	63.73	272.3411	420.582
		P^-1:
			0.046	-0.0187	-0.0211
			-0.0187	0.0393	0.0177
			-0.0211	0.0177	0.0436
		A:
			0.8803	-0.2174	-0.4218
			0.3246	-0.7209	-0.6123
			0.7775	-0.5836	-0.2344
			-0.0986	0.975	0.1992
			-0.7043	0.6955	-0.1421
			-0.9335	0.1753	0.313
		b:
			-176.6371
			-440.656
			-206.9286
			356.9484
			87.8274
			119.3954
	==================================================================================
	Q4:
		Shape: Ellipse
		q_c:	95.0	265.0	454.5
		ub :	103.2168	273.2629	461.4019
		lb :	86.7832	256.7371	447.5981
		P^-1:
			0.032	0.0029	-0.0003
			0.0029	0.0248	0.0009
			-0.0003	0.0009	0.033
	==================================================================================
	Q5:
		Shape: Hybrid
		q_c:	82.0	270.5	430.0
		ub :	86.2456	276.1832	435.818
		lb :	77.7544	264.8168	424.182
		P^-1:
			0.1111	-0.0	-0.0001
			-0.0	0.1013	-0.0226
			-0.0001	-0.0226	0.0592
		A:
			0.5871	0.6306	0.5075
			0.882	0.2588	0.3939
			-0.175	0.9839	0.0372
			0.4861	0.8664	-0.1144
			0.9292	-0.3305	0.1655
			-0.4126	-0.8965	0.1615
		b:
			439.3185
			313.5763
			269.5934
			226.6503
			59.4481
			-205.281
	==================================================================================
	Q6:
		Shape: Polyhedra
		q_c:	72.0	290.5	441.0
		ub :	81.6981	296.1805	448.1804
		lb :	62.3019	284.8195	433.8196
		A:
			0.0473	-0.9507	0.3066
			-0.0663	0.9729	-0.2217
			-0.6828	0.3264	0.6537
			0.558	0.2963	0.7751
			0.5932	-0.3622	-0.719
			-0.0601	0.7413	-0.6684
			0.2725	0.9583	0.0856
			0.2724	0.0085	-0.9621
			-0.9228	0.2855	-0.2588
			-0.2725	-0.9583	-0.0856
			-0.2724	-0.0085	0.9621
			0.9228	-0.2855	0.2588
		b:
			-132.9492
			184.6297
			339.9658
			474.1896
			-373.8777
			-78.516
			339.2717
			-397.2213
			-89.625
			-332.2717
			407.2213
			105.625


===========================================================================================
===========================================================================================
S7:
	q_c:	85.0	251.0	97.5
	ub :	116.0844	277.5618	112.1348
	lb :	58.8953	220.27	69.86

	==================================================================================
	Q1:
		Shape: Polyhedra
		q_c:	77.5	258.5	82.5
		ub :	86.0062	267.2439	90.358
		lb :	68.9938	249.7561	74.642
		A:
			-0.5723	-0.6269	0.5286
			0.6151	0.7802	-0.1142
			-0.7359	-0.6447	0.207
			-0.6888	-0.7043	0.1717
			-0.0341	-0.0066	0.9994
			-0.6252	-0.6335	-0.4559
			0.0775	0.5695	0.8183
			-0.8157	0.5082	-0.2764
			-0.5733	-0.6461	0.5039
			-0.0775	-0.5695	-0.8183
			0.8157	-0.5082	0.2764
			0.5733	0.6461	-0.5039
		b:
			-160.7856
			242.8421
			-203.6334
			-218.4145
			83.1534
			-244.6412
			226.2326
			53.8467
			-167.8692
			-215.2326
			-36.8467
			171.8692
	==================================================================================
	Q2:
		Shape: Polyhedra
		q_c:	105.0	253.5	99.5
		ub :	116.0844	262.4261	106.6869
		lb :	93.9156	244.5739	92.3131
		A:
			0.5216	0.5095	-0.6843
			0.5309	0.3486	0.7724
			0.6032	-0.6862	-0.4065
			-0.4856	-0.1939	-0.8524
			0.1455	-0.7362	0.6609
			0.4626	-0.2297	0.8563
			0.4599	0.8794	0.1234
			-0.1716	-0.0484	0.984
			0.8713	-0.4737	0.1286
			-0.4599	-0.8794	-0.1234
			0.1716	0.0484	-0.984
			-0.8713	0.4737	-0.1286
		b:
			121.2378
			226.9772
			-143.1993
			-178.7286
			-98.8891
			82.6033
			288.488
			73.1206
			-6.7958
			-278.488
			-62.1206
			24.7958
	==================================================================================
	Q3:
		Shape: Hybrid
		q_c:	69.0	238.0	90.0
		ub :	79.1047	248.0546	95.9609
		lb :	58.8953	227.9454	84.0391
		P^-1:
			0.0204	-0.0	0.0007
			-0.0	0.0204	-0.0005
			0.0007	-0.0005	0.033
		A:
			-0.9687	0.0123	-0.2478
			0.0266	-0.5691	-0.8218
			0.978	-0.011	-0.2082
			0.3721	0.4849	0.7915
			0.485	-0.3499	0.8015
			0.057	-0.2162	0.9747
		b:
			-82.0804
			-204.231
			50.3406
			215.6752
			25.564
			42.9952
	==================================================================================
	Q4:
		Shape: Hybrid
		q_c:	72.5	253.0	89.0
		ub :	76.6742	258.3534	95.467
		lb :	68.3258	247.6466	82.533
		P^-1:
			0.2179	0.0033	-0.0769
			0.0033	0.049	0.0015
			-0.0769	0.0015	0.0656
		A:
			0.9553	-0.2923	0.044
			0.1363	-0.9906	-0.012
			0.7463	0.1099	-0.6565
			-0.7393	0.4793	0.4729
			0.0977	0.7317	0.6746
			-0.6769	-0.1375	0.7231
		b:
			1.411
			-238.2899
			25.1053
			111.6338
			256.0047
			-17.5667
	==================================================================================
	Q5:
		Shape: Polyhedra
		q_c:	76.0	231.0	100.0
		ub :	90.0218	241.73	112.1348
		lb :	61.9782	220.27	87.8652
		A:
			0.4733	-0.3336	0.8153
			-0.9785	-0.1767	0.1066
			0.0579	0.8086	-0.5855
			-0.3124	0.9057	-0.2864
			-0.0475	0.7184	0.694
			-0.7701	0.1136	-0.6278
			0.8929	0.339	0.2962
			0.1423	-0.8368	0.5286
			0.4271	-0.4299	-0.7955
			-0.8929	-0.339	-0.2962
			-0.1423	0.8368	-0.5286
			-0.4271	0.4299	0.7955
		b:
			47.7292
			-93.9601
			137.0498
			161.4529
			240.5165
			-85.5614
			186.7891
			-125.6327
			-137.8918
			-164.7891
			133.6327
			154.8918
	==================================================================================
	Q6:
		Shape: Ellipse
		q_c:	97.5	265.5	85.5
		ub :	110.162	277.5618	101.14
		lb :	84.838	253.4382	69.86
		P^-1:
			0.0109	-0.0003	-0.0008
			-0.0003	0.0119	-0.0013
			-0.0008	-0.0013	0.0082


===========================================================================================
===========================================================================================
S8:
	q_c:	77.0	351.5	155.5
	ub :	88.7993	364.6483	166.1214
	lb :	63.289	338.5768	143.303

	==================================================================================
	Q1:
		Shape: Hybrid
		q_c:	75.0	351.0	162.0
		ub :	79.0909	354.105	166.1214
		lb :	70.9091	347.895	157.8786
		P^-1:
			0.1975	-0.1194	0.006
			-0.1194	0.3704	-0.0666
			0.006	-0.0666	0.1476
		A:
			0.1821	0.9042	-0.3864
			-0.2898	0.8981	-0.3309
			0.9791	-0.1551	0.1315
			0.638	-0.7522	-0.1645
			-0.775	0.4907	-0.3983
			-0.9362	0.3461	0.0607
		b:
			269.6298
			240.666
			41.953
			-241.8421
			50.8316
			62.4966
	==================================================================================
	Q2:
		Shape: Ellipse
		q_c:	80.0	346.5	149.5
		ub :	86.8187	352.7035	155.697
		lb :	73.1813	340.2965	143.303
		P^-1:
			0.038	-0.0221	0.0159
			-0.0221	0.09	-0.0174
			0.0159	-0.0174	0.0734
	==================================================================================
	Q3:
		Shape: Ellipse
		q_c:	82.5	357.5	152.0
		ub :	88.7993	364.6483	157.4991
		lb :	76.2007	350.3517	146.5009
		P^-1:
			0.074	0.0134	0.01
			0.0134	0.0316	0.0026
			0.01	0.0026	0.0531
	==================================================================================
	Q4:
		Shape: Hybrid
		q_c:	74.0	343.5	155.0
		ub :	79.5571	348.4232	160.3202
		lb :	68.4429	338.5768	149.6798
		P^-1:
			0.0821	-0.0343	0.0174
			-0.0343	0.1668	-0.085
			0.0174	-0.085	0.1452
		A:
			0.957	0.2217	0.187
			-0.6986	0.2653	-0.6646
			-0.1299	-0.9506	0.2819
			0.0916	-0.9871	0.1316
			-0.0398	0.4595	-0.8873
			-0.3445	-0.8002	0.4909
		b:
			178.7638
			-61.6266
			-290.7668
			-310.1723
			18.6928
			-222.5601
	==================================================================================
	Q5:
		Shape: Ellipse
		q_c:	80.5	354.0	159.5
		ub :	86.3265	361.1816	164.9921
		lb :	74.6735	346.8184	154.0079
		P^-1:
			0.0598	0.009	-0.0008
			0.009	0.0398	0.0127
			-0.0008	0.0127	0.0776
	==================================================================================
	Q6:
		Shape: Hybrid
		q_c:	68.0	352.0	149.5
		ub :	72.711	359.0105	154.7791
		lb :	63.289	344.9895	144.2209
		P^-1:
			0.0836	-0.0025	0.009
			-0.0025	0.0337	0.0204
			0.009	0.0204	0.1032
		A:
			0.893	-0.1498	0.4245
			0.4154	0.384	-0.8246
			0.8162	0.4042	0.4127
			0.9967	-0.0557	0.0587
			-0.7121	0.0313	0.7014
			-0.3727	0.6265	0.6845
		b:
			73.3785
			43.1515
			261.6706
			58.9134
			69.5222
			299.796


===========================================================================================
===========================================================================================
S9:
	q_c:	210.0	200.5	307.5
	ub :	234.2934	229.0184	329.4858
	lb :	187.6905	173.4371	283.7729

	==================================================================================
	Q1:
		Shape: Polyhedra
		q_c:	211.5	218.5	319.5
		ub :	222.8361	229.0184	328.4581
		lb :	200.1639	207.9816	310.5419
		A:
			-0.5285	0.5049	0.6824
			0.6647	0.7217	0.1932
			0.5365	0.1775	-0.825
			-0.1472	-0.8668	-0.4764
			-0.2255	-0.6471	-0.7283
			0.2645	-0.7655	0.5865
			0.0878	0.6079	0.7891
			-0.7597	0.5533	-0.3416
			-0.6443	-0.5695	0.5104
			-0.0878	-0.6079	-0.7891
			0.7597	-0.5533	0.3416
			0.6443	0.5695	-0.5104
		b:
			221.7516
			366.9747
			-103.4057
			-368.6182
			-418.9649
			83.7491
			406.0346
			-141.9453
			-88.6209
			-401.0346
			155.9453
			106.6209
	==================================================================================
	Q2:
		Shape: Hybrid
		q_c:	215.5	182.0	312.5
		ub :	223.4857	190.5629	320.3994
		lb :	207.5143	173.4371	304.6006
		P^-1:
			0.0178	0.0004	0.0002
			0.0004	0.024	-0.0012
			0.0002	-0.0012	0.0274
		A:
			-0.403	-0.3024	0.8638
			0.601	-0.499	-0.6244
			0.1722	-0.518	-0.8379
			0.4029	-0.8481	0.3443
			0.9104	0.3971	-0.116
			0.3002	0.8887	0.3465
		b:
			131.3104
			-152.5634
			-315.6411
			43.6007
			236.4829
			338.2764
	==================================================================================
	Q3:
		Shape: Polyhedra
		q_c:	198.5	200.5	318.0
		ub :	209.3095	210.2376	329.4858
		lb :	187.6905	190.7624	306.5142
		A:
			0.7826	0.0141	0.6224
			-0.1994	-0.1212	-0.9724
			0.4924	0.5823	0.6468
			0.5363	-0.1247	0.8348
			-0.7866	0.4352	-0.438
			0.0976	-0.5148	-0.8517
			0.4627	0.6676	0.5833
			-0.2791	0.7342	-0.6188
			-0.8414	0.1235	0.5261
			-0.4627	-0.6676	-0.5833
			0.2791	-0.7342	0.6188
			0.8414	-0.1235	-0.5261
		b:
			362.3834
			-366.7995
			425.7191
			353.3176
			-201.2014
			-348.3855
			416.6901
			-97.9879
			32.5348
			-405.6901
			111.9879
			-17.5348
	==================================================================================
	Q4:
		Shape: Ellipse
		q_c:	221.5	208.0	296.0
		ub :	234.2934	218.0139	308.2271
		lb :	208.7066	197.9861	283.7729
		P^-1:
			0.0152	-0.0046	0.0077
			-0.0046	0.0352	-0.0154
			0.0077	-0.0154	0.0278
	==================================================================================
	Q5:
		Shape: Polyhedra
		q_c:	205.5	214.0	314.0
		ub :	210.654	219.3498	320.1751
		lb :	200.346	208.6502	307.8249
		A:
			-0.858	0.4245	-0.2892
			0.2771	0.9433	-0.183
			-0.5679	-0.3674	0.7365
			0.2641	0.9124	0.3127
			0.087	-0.7474	0.6586
			-0.4209	0.9031	-0.0853
			0.5857	0.2953	0.7548
			-0.1507	-0.8753	0.4594
			0.7964	-0.3828	-0.4682
			-0.5857	-0.2953	-0.7548
			0.1507	0.8753	-0.4594
			-0.7964	0.3828	0.4682
		b:
			-172.8003
			204.9519
			39.0779
			351.6182
			68.36
			83.1326
			425.0735
			-70.5241
			-62.7735
			-416.0735
			77.5241
			67.7735
	==================================================================================
	Q6:
		Shape: Polyhedra
		q_c:	217.0	188.0	304.5
		ub :	228.5971	198.7344	315.6707
		lb :	205.4029	177.2656	293.3293
		A:
			0.1439	-0.8741	0.4639
			-0.3128	-0.6474	-0.695
			0.1086	-0.1718	-0.9791
			-0.964	0.2303	0.1327
			-0.8567	0.1768	-0.4846
			0.997	-0.0414	-0.0656
			0.7926	0.1688	0.5858
			-0.5419	-0.2452	0.8039
			0.2794	-0.9547	-0.1028
			-0.7926	-0.1688	-0.5858
			0.5419	0.2452	-0.8039
			-0.2794	0.9547	0.1028
		b:
			16.1836
			-394.2858
			-299.0193
			-118.0676
			-293.9294
			195.7391
			388.1359
			89.5868
			-142.1678
			-376.1359
			-72.5868
			158.1678


===========================================================================================
===========================================================================================
S10:
	q_c:	451.5	98.0	54.5
	ub :	485.0011	131.7033	82.3573
	lb :	419.3259	66.1109	25.4436

	==================================================================================
	Q1:
		Shape: Polyhedra
		q_c:	468.5	78.5	61.5
		ub :	479.3202	90.8891	74.4508
		lb :	457.6798	66.1109	48.5492
		A:
			0.4065	-0.9085	-0.0971
			0.9737	-0.2276	0.0106
			0.7251	0.1539	0.6713
			-0.7225	0.6425	0.2554
			0.6054	0.7591	-0.2393
			-0.1335	-0.9724	0.1912
			0.0124	0.773	0.6343
			-0.6107	0.5081	-0.6073
			-0.7917	-0.3799	0.4784
			-0.0124	-0.773	-0.6343
			0.6107	-0.5081	0.6073
			0.7917	0.3799	-0.4784
		b:
			120.8205
			446.7605
			400.9838
			-264.7498
			335.5666
			-119.6718
			112.4976
			-275.0925
			-364.3251
			-98.4976
			292.0925
			378.3251
	==================================================================================
	Q2:
		Shape: Hybrid
		q_c:	436.0	112.5	58.0
		ub :	452.6741	131.1366	74.8037
		lb :	419.3259	93.8634	41.1963
		P^-1:
			0.0099	-0.0038	-0.0036
			-0.0038	0.0105	0.0039
			-0.0036	0.0039	0.0102
		A:
			0.1569	-0.8433	-0.5141
			-0.4725	-0.7919	-0.3868
			0.0305	0.5708	-0.8205
			-0.3856	-0.5482	0.7422
			-0.4079	-0.1331	0.9033
			0.7118	-0.0575	-0.7
		b:
			-51.22
			-309.566
			38.5886
			-178.3786
			-133.6193
			268.8533
	==================================================================================
	Q3:
		Shape: Hybrid
		q_c:	436.5	98.0	57.5
		ub :	450.908	105.5488	63.4209
		lb :	422.092	90.4512	51.5791
		P^-1:
			0.0053	0.0029	0.0021
			0.0029	0.0537	0.0386
			0.0021	0.0386	0.0851
		A:
			0.2635	-0.8122	-0.5205
			-0.2989	-0.947	0.1176
			-0.094	-0.7666	-0.6353
			0.1461	-0.4885	-0.8602
			-0.2059	-0.8247	-0.5267
			-0.0231	-0.1749	-0.9843
		b:
			9.563
			-211.6984
			-150.7598
			-31.2172
			-198.2771
			-81.6696
	==================================================================================
	Q4:
		Shape: Ellipse
		q_c:	461.5	91.5	68.5
		ub :	476.5504	107.4623	82.3573
		lb :	446.4496	75.5377	54.6427
		P^-1:
			0.0128	-0.0063	0.0022
			-0.0063	0.0181	-0.015
			0.0022	-0.015	0.0281
	==================================================================================
	Q5:
		Shape: Ellipse
		q_c:	439.5	112.5	34.5
		ub :	448.1336	120.473	43.5564
		lb :	430.8664	104.527	25.4436
		P^-1:
			0.0311	-0.0084	0.0001
			-0.0084	0.0447	0.0048
			0.0001	0.0048	0.0217
	==================================================================================
	Q6:
		Shape: Hybrid
		q_c:	470.5	116.5	47.5
		ub :	485.0011	131.7033	63.4025
		lb :	455.9989	101.2967	31.5975
		P^-1:
			0.0134	0.002	0.0003
			0.002	0.0121	0.0024
			0.0003	0.0024	0.0115
		A:
			-0.1616	0.9294	0.3318
			0.3272	0.9441	0.0398
			0.635	-0.6455	-0.4245
			0.3675	0.2669	0.8909
			0.4159	0.8699	0.2651
			0.4173	-0.7274	-0.5447
		b:
			52.9871
			270.6595
			208.5609
			251.1663
			313.9182
			90.6787


===========================================================================================
===========================================================================================
S11:
	q_c:	391.5	237.0	129.0
	ub :	398.7179	247.3539	135.5508
	lb :	380.5519	232.2129	119.8962

	==================================================================================
	Q1:
		Shape: Polyhedra
		q_c:	384.0	243.5	132.0
		ub :	387.4481	247.3539	135.5508
		lb :	380.5519	239.6461	128.4492
		A:
			0.9379	0.1118	-0.3283
			0.0854	0.9481	0.3063
			0.1955	-0.8941	0.403
			0.6759	-0.5962	-0.4333
			0.3473	0.8927	-0.2872
			-0.3458	0.8096	0.4743
			0.7288	0.5982	0.3331
			-0.1098	-0.3782	0.9192
			0.6758	-0.7065	-0.21
			-0.7288	-0.5982	-0.3331
			0.1098	0.3782	-0.9192
			-0.6758	0.7065	0.21
		b:
			346.3804
			306.3877
			-87.1805
			59.2199
			315.2654
			129.0387
			472.0033
			-10.3947
			61.7719
			-467.0033
			15.3947
			-57.7719
	==================================================================================
	Q2:
		Shape: Ellipse
		q_c:	395.5	241.0	130.0
		ub :	398.7179	244.1984	132.6963
		lb :	392.2821	237.8016	127.3037
		P^-1:
			0.25	0.0	0.0
			0.0	0.25	0.0
			0.0	0.0	0.25
	==================================================================================
	Q3:
		Shape: Polyhedra
		q_c:	386.5	242.0	128.5
		ub :	390.7666	247.3353	133.9016
		lb :	382.2334	236.6647	123.0984
		A:
			-0.5459	0.3121	-0.7776
			-0.8881	0.4567	-0.0517
			0.217	0.9486	0.2304
			0.6187	-0.3159	0.7193
			-0.9955	0.0741	-0.0586
			0.4723	-0.5974	-0.6481
			0.4981	0.6388	0.5864
			0.8657	-0.3273	-0.3788
			-0.0501	0.6963	-0.716
			-0.4981	-0.6388	-0.5864
			-0.8657	0.3273	0.3788
			0.0501	-0.6963	0.716
		b:
			-232.0378
			-236.3031
			346.1748
			258.4004
			-371.3422
			-42.2971
			425.452
			209.7083
			60.6358
			-419.452
			-203.7083
			-53.6358
	==================================================================================
	Q4:
		Shape: Polyhedra
		q_c:	388.5	236.0	124.0
		ub :	393.0507	239.7871	128.1038
		lb :	383.9493	232.2129	119.8962
		A:
			0.9632	-0.2444	0.1116
			0.5621	0.8125	0.1547
			0.545	-0.7191	-0.4311
			-0.8819	0.2152	0.4195
			0.0412	-0.9987	0.0297
			-0.8344	0.4592	-0.3049
			0.4343	0.2504	0.8653
			-0.7476	-0.4356	0.5013
			0.5024	-0.8646	-0.002
			-0.4343	-0.2504	-0.8653
			0.7476	0.4356	-0.5013
			-0.5024	0.8646	0.002
		b:
			332.9437
			432.1488
			-9.1895
			-237.149
			-213.7479
			-251.2056
			338.1143
			-328.0886
			-7.11
			-332.1143
			334.0886
			11.11
	==================================================================================
	Q5:
		Shape: Ellipse
		q_c:	389.5	242.0	125.0
		ub :	394.1604	245.4706	129.6661
		lb :	384.8396	238.5294	120.3339
		P^-1:
			0.1354	-0.0459	0.0261
			-0.0459	0.1976	-0.0493
			0.0261	-0.0493	0.1392
	==================================================================================
	Q6:
		Shape: Hybrid
		q_c:	394.0	242.5	125.5
		ub :	398.521	245.3803	130.0145
		lb :	389.479	239.6197	120.9855
		P^-1:
			0.1718	-0.0909	0.0926
			-0.0909	0.3368	-0.1041
			0.0926	-0.1041	0.1775
		A:
			-0.1783	-0.9171	0.3564
			-0.7926	-0.3331	-0.5108
			-0.7059	0.6344	0.315
			-0.017	0.919	-0.3939
			0.4646	0.1102	0.8786
			0.6422	0.3355	0.6893
		b:
			-246.603
			-455.4433
			-82.6822
			167.7719
			321.7234
			422.5441


===========================================================================================
===========================================================================================
S12:
	q_c:	522.0	399.0	247.0
	ub :	544.9872	420.2212	267.0664
	lb :	501.3317	380.4108	232.0931

	==================================================================================
	Q1:
		Shape: Polyhedra
		q_c:	533.5	392.0	251.0
		ub :	542.9893	397.9828	259.8465
		lb :	524.0107	386.0172	242.1535
		A:
			0.4806	0.7173	0.5045
			-0.2658	0.1789	-0.9473
			0.1553	-0.9041	0.3981
			-0.3214	-0.4139	-0.8517
			-0.5392	-0.7503	-0.3826
			0.5314	0.4172	0.7373
			0.5064	0.6326	0.586
			0.8174	-0.1357	-0.5598
			-0.2746	0.7625	-0.5858
			-0.5064	-0.6326	-0.586
			-0.8174	0.1357	0.5598
			0.2746	-0.7625	0.5858
		b:
			665.8034
			-304.714
			-166.7693
			-544.3788
			-675.6925
			634.0677
			666.7148
			251.379
			10.3782
			-663.7148
			-233.379
			-0.3782
	==================================================================================
	Q2:
		Shape: Hybrid
		q_c:	533.5	405.5	255.5
		ub :	544.9872	413.9342	267.0664
		lb :	522.0128	397.0658	243.9336
		P^-1:
			0.0261	-0.0113	-0.0088
			-0.0113	0.0402	0.0055
			-0.0088	0.0055	0.0206
		A:
			-0.395	0.3742	0.839
			-0.2418	0.957	-0.1601
			0.5354	-0.2094	-0.8182
			-0.9431	-0.2487	-0.2206
			0.8421	-0.3101	-0.4413
			0.4762	-0.838	0.2664
		b:
			159.065
			221.1458
			-4.7397
			-654.8024
			213.8754
			-14.2736
	==================================================================================
	Q3:
		Shape: Polyhedra
		q_c:	511.5	409.5	249.5
		ub :	521.6683	420.2212	257.9323
		lb :	501.3317	398.7788	241.0677
		A:
			-0.2236	0.4365	-0.8714
			-0.1661	-0.944	0.2852
			0.7642	-0.3826	-0.5193
			-0.6033	-0.7726	0.1979
			-0.717	-0.5331	-0.4491
			-0.6138	0.2675	-0.7427
			0.2852	0.6939	0.6612
			-0.9253	0.3792	0.0011
			-0.25	-0.6121	0.7502
			-0.2852	-0.6939	-0.6612
			0.9253	-0.3792	-0.0011
			0.25	0.6121	-0.7502
		b:
			-147.1297
			-394.4632
			111.7754
			-569.5729
			-690.4113
			-383.073
			601.4994
			-310.216
			-185.8244
			-588.4994
			325.216
			196.8244
	==================================================================================
	Q4:
		Shape: Ellipse
		q_c:	527.0	392.5	245.0
		ub :	535.5452	399.0245	250.1159
		lb :	518.4548	385.9755	239.8841
		P^-1:
			0.0803	-0.02	-0.1516
			-0.02	0.0433	0.036
			-0.1516	0.036	0.3764
	==================================================================================
	Q5:
		Shape: Hybrid
		q_c:	512.0	404.5	251.0
		ub :	516.1884	409.2767	255.3229
		lb :	507.8116	399.7233	246.6771
		P^-1:
			0.1493	-0.0199	0.0036
			-0.0199	0.1215	-0.0019
			0.0036	-0.0019	0.1114
		A:
			-0.1039	-0.5356	0.8381
			0.7822	0.6208	0.0514
			-0.4554	-0.1386	-0.8794
			-0.4221	0.7612	-0.4923
			0.3797	0.0452	0.924
			-0.5519	0.1957	0.8106
		b:
			-57.7275
			666.2104
			-508.3125
			-30.2871
			446.2656
			1.661
	==================================================================================
	Q6:
		Shape: Hybrid
		q_c:	526.5	392.0	244.0
		ub :	534.5513	403.5892	255.9069
		lb :	518.4487	380.4108	232.0931
		P^-1:
			0.0235	0.0006	0.0011
			0.0006	0.0157	0.0001
			0.0011	0.0001	0.0158
		A:
			-0.3009	-0.9026	-0.3077
			-0.5176	0.2435	0.8203
			0.8587	-0.3661	-0.3586
			0.1859	0.9709	-0.1508
			-0.1604	-0.4193	-0.8936
			0.7521	-0.59	0.2937
		b:
			-582.8129
			27.6357
			224.9522
			446.3733
			-462.229
			240.3291


===========================================================================================
===========================================================================================
S13:
	q_c:	72.5	136.5	198.5
	ub :	99.8422	156.7726	222.0042
	lb :	52.5369	114.0216	176.5701

	==================================================================================
	Q1:
		Shape: Hybrid
		q_c:	90.5	140.0	198.5
		ub :	99.8422	150.1811	207.675
		lb :	81.1578	129.8189	189.325
		P^-1:
			0.0344	0.0106	0.0165
			0.0106	0.0295	0.0109
			0.0165	0.0109	0.0427
		A:
			-0.9658	-0.1196	0.2302
			0.8056	0.1516	0.5727
			0.4712	0.271	-0.8393
			-0.4065	-0.4169	-0.813
			-0.0425	0.9168	0.397
			0.0703	0.5745	0.8155
		b:
			-54.0411
			210.3472
			-81.4811
			-254.3868
			207.1757
			251.6406
	==================================================================================
	Q2:
		Shape: Hybrid
		q_c:	90.0	143.5	183.5
		ub :	98.5826	152.8899	190.4299
		lb :	81.4174	134.1101	176.5701
		P^-1:
			0.0497	0.0245	-0.0139
			0.0245	0.0398	-0.0307
			-0.0139	-0.0307	0.0866
		A:
			-0.1116	-0.5241	0.8443
			0.4788	-0.2255	-0.8485
			0.6319	0.6532	0.4172
			0.293	-0.3461	0.8913
			-0.2245	-0.1278	0.9661
			0.3504	0.1737	0.9203
		b:
			71.4928
			-140.7943
			230.6525
			142.6682
			140.9273
			228.2263
	==================================================================================
	Q3:
		Shape: Hybrid
		q_c:	84.0	147.0	203.0
		ub :	94.1069	156.7726	214.1253
		lb :	73.8931	137.2274	191.8747
		P^-1:
			0.0243	-0.0098	0.0082
			-0.0098	0.0326	-0.0124
			0.0082	-0.0124	0.0281
		A:
			-0.1164	0.5197	-0.8464
			-0.1363	0.2142	0.9672
			0.321	-0.903	0.2856
			0.5232	0.6227	-0.5818
			-0.2394	0.5053	-0.8291
