3D_40_11_6_a                l = 3

===========================================================================================
===========================================================================================
S1:
	q_c:	426.5	318.0	25.0
	ub :	431.5068	324.5008	40.0358
	lb :	405.0453	294.2536	2.0476

	==================================================================================
	Q1:
		Shape: Hybrid
		q_c:	412.0	312.5	12.0
		ub :	418.9547	318.5819	15.1962
		lb :	405.0453	306.4181	8.8038
		P^-1:
			0.0397	-0.0203	0.0101
			-0.0203	0.1019	0.105
			0.0101	0.105	0.4122
		A:
			-0.2184	-0.125	-0.9678
			-0.1823	0.4731	-0.8619
			0.0953	-0.5088	0.8556
			0.7217	-0.4583	-0.5187
			-0.4937	0.7222	0.4844
			-0.6197	-0.4663	0.6313
		b:
			-139.6301
			64.5012
			-107.1443
			150.9505
			30.2717
			-389.0076
	==================================================================================
	Q2:
		Shape: Hybrid
		q_c:	421.5	318.0	9.0
		ub :	426.2912	324.5008	15.9524
		lb :	416.7088	311.4992	2.0476
		P^-1:
			0.1104	-0.0658	-0.0488
			-0.0658	0.1452	0.0816
			-0.0488	0.0816	0.0847
		A:
			0.0576	-0.8583	-0.51
			-0.2594	0.7427	0.6173
			0.7142	-0.6738	-0.1897
			0.3256	-0.7922	-0.5161
			0.8508	-0.3824	-0.3605
			0.4294	-0.6326	-0.6445
		b:
			-251.6817
			133.6492
			86.6837
			-118.2027
			235.3686
			-24.7714
	==================================================================================
	Q3:
		Shape: Ellipse
		q_c:	417.0	302.0	34.0
		ub :	424.2929	309.7464	40.0358
		lb :	409.7071	294.2536	27.9642
		P^-1:
			0.0444	0.0073	0.0105
			0.0073	0.0521	0.0174
			0.0105	0.0174	0.0651
	==================================================================================
	Q4:
		Shape: Ellipse
		q_c:	415.0	314.5	12.5
		ub :	423.5815	322.5515	21.2569
		lb :	406.4185	306.4485	3.7431
		P^-1:
			0.0418	0.0008	-0.0081
			0.0008	0.0331	-0.0007
			-0.0081	-0.0007	0.0406
	==================================================================================
	Q5:
		Shape: Ellipse
		q_c:	417.0	315.5	10.0
		ub :	421.7858	320.5178	14.396
		lb :	412.2142	310.4822	5.604
		P^-1:
			0.1747	-0.0463	-0.0697
			-0.0463	0.1047	0.0347
			-0.0697	0.0347	0.1339
	==================================================================================
	Q6:
		Shape: Hybrid
		q_c:	423.5	314.0	25.0
		ub :	431.5068	322.3286	31.1014
		lb :	415.4932	305.6714	18.8986
		P^-1:
			0.0558	-0.0133	-0.0257
			-0.0133	0.0427	-0.0215
			-0.0257	-0.0215	0.0956
		A:
			0.2808	-0.0359	-0.9591
			0.0674	0.0732	0.995
			-0.6045	0.7965	0.0125
			0.3102	0.1336	0.9412
			-0.9982	0.0404	0.0451
			0.7265	0.0383	-0.6861
		b:
			85.5756
			79.2115
			-2.8631
			200.4977
			-405.5601
			304.3878


===========================================================================================
===========================================================================================
S2:
	q_c:	375.5	101.0	218.5
	ub :	397.218	122.7299	242.0841
	lb :	364.8481	78.6378	203.1526

	==================================================================================
	Q1:
		Shape: Polyhedra
		q_c:	385.5	112.0	228.5
		ub :	392.9502	122.7299	237.8973
		lb :	378.0498	101.2701	219.1027
		A:
			-0.9635	0.075	-0.257
			0.7871	0.3192	0.5278
			0.2499	-0.5366	-0.806
			0.3405	-0.449	-0.8261
			0.026	0.0772	0.9967
			-0.8141	0.1876	0.5496
			0.6946	0.2407	0.678
			-0.0457	0.9552	-0.2924
			-0.718	0.1722	0.6744
			-0.6946	-0.2407	-0.678
			0.0457	-0.9552	0.2924
			0.718	-0.1722	-0.6744
		b:
			-416.0962
			465.7917
			-142.7874
			-103.0585
			251.8073
			-163.1398
			455.6302
			31.5654
			-99.3925
			-443.6302
			-13.5654
			107.3925
	==================================================================================
	Q2:
		Shape: Hybrid
		q_c:	372.0	104.0	227.5
		ub :	379.1519	112.0548	234.3453
		lb :	364.8481	95.9452	220.6547
		P^-1:
			0.0882	0.0442	0.0477
			0.0442	0.0619	0.0304
			0.0477	0.0304	0.0778
		A:
			0.3428	0.278	0.8974
			0.9353	0.2292	0.2698
			0.4552	0.4623	0.7609
			-0.9665	-0.0147	-0.2563
			-0.5771	-0.5468	0.6066
			0.2827	0.6997	0.6561
		b:
			362.6442
			435.3549
			392.1558
			-416.5051
			-129.924
			329.4406
	==================================================================================
	Q3:
		Shape: Hybrid
		q_c:	387.0	89.5	236.0
		ub :	397.218	98.9606	242.0841
		lb :	376.782	80.0394	229.9159
		P^-1:
			0.0278	0.0215	0.0056
			0.0215	0.0477	0.015
			0.0056	0.015	0.0693
		A:
			-0.1068	-0.8752	-0.4718
			0.4535	0.4304	0.7804
			-0.2712	-0.1545	0.95
			-0.064	-0.0815	0.9946
			0.2923	-0.4022	0.8676
			-0.48	-0.7062	-0.5206
		b:
			-228.1754
			400.2652
			107.9046
			204.9412
			285.8041
			-369.8902
	==================================================================================
	Q4:
		Shape: Ellipse
		q_c:	374.5	86.5	220.0
		ub :	382.6622	93.3346	226.5489
		lb :	366.3378	79.6654	213.4511
		P^-1:
			0.0706	0.001	-0.0642
			0.001	0.048	-0.0168
			-0.0642	-0.0168	0.1112
	==================================================================================
	Q5:
		Shape: Polyhedra
		q_c:	389.0	94.0	213.0
		ub :	397.122	103.7145	222.8474
		lb :	380.878	84.2855	203.1526
		A:
			-0.0379	0.6208	-0.783
			-0.0292	0.9221	0.3858
			0.845	-0.2649	0.4645
			-0.7636	-0.6092	-0.2139
			-0.9647	-0.0624	0.256
			0.1908	-0.9439	-0.2695
			0.5738	0.5831	0.5752
			-0.7814	0.6001	0.1711
			-0.2454	-0.5476	0.7999
			-0.5738	-0.5831	-0.5752
			0.7814	-0.6001	-0.1711
			0.2454	0.5476	-0.7999
		b:
			-115.8982
			162.536
			407.7553
			-394.1478
			-321.3122
			-67.0316
			406.0149
			-207.1034
			30.9337
			-395.0149
			215.1034
			-15.9337
	==================================================================================
	Q6:
		Shape: Polyhedra
		q_c:	378.0	87.0	220.5
		ub :	389.5686	95.3622	229.4322
		lb :	366.4314	78.6378	211.5678
		A:
			0.9373	0.3373	0.0874
			-0.2443	0.705	0.6658
			0.3455	0.2358	-0.9083
			0.5218	-0.5931	-0.6131
			-0.1333	0.965	0.2258
			-0.4112	0.7139	0.5669
			0.3976	0.1661	0.9024
			-0.8488	-0.307	0.4305
			0.3486	-0.9371	0.0189
			-0.3976	-0.1661	-0.9024
			0.8488	0.307	-0.4305
			-0.3486	0.9371	-0.0189
		b:
			411.1748
			121.418
			-41.4572
			16.9103
			88.4308
			37.5041
			369.2338
			-243.6116
			59.3909
			-358.2338
			261.6116
			-49.3909


===========================================================================================
===========================================================================================
S3:
	q_c:	272.5	240.5	400.0
	ub :	301.5492	249.6036	427.927
	lb :	260.9223	214.4254	377.0085

	==================================================================================
	Q1:
		Shape: Ellipse
		q_c:	272.0	223.0	388.0
		ub :	283.0777	231.5746	398.9915
		lb :	260.9223	214.4254	377.0085
		P^-1:
			0.0182	-0.0026	0.0015
			-0.0026	0.0267	-0.0017
			0.0015	-0.0017	0.0144
	==================================================================================
	Q2:
		Shape: Ellipse
		q_c:	270.0	237.5	406.0
		ub :	278.8965	246.062	413.3983
		lb :	261.1035	228.938	398.6017
		P^-1:
			0.0468	-0.0193	0.0033
			-0.0193	0.032	-0.0077
			0.0033	-0.0077	0.0415
	==================================================================================
	Q3:
		Shape: Hybrid
		q_c:	292.5	238.0	406.5
		ub :	301.5492	247.4064	414.3715
		lb :	283.4508	228.5936	398.6285
		P^-1:
			0.0304	-0.0023	-0.0013
			-0.0023	0.0311	-0.0011
			-0.0013	-0.0011	0.0324
		A:
			-0.9852	0.162	0.0559
			-0.0196	0.8975	-0.4405
			-0.3666	-0.3963	0.8417
			0.0187	0.1575	0.9873
			0.2885	0.0551	-0.9559
			-0.1216	-0.7937	0.5961
		b:
			-223.9637
			31.6442
			143.3582
			447.1794
			-288.3105
			20.6783
	==================================================================================
	Q4:
		Shape: Ellipse
		q_c:	288.5	238.5	421.0
		ub :	297.2477	247.3177	427.927
		lb :	279.7523	229.6823	414.073
		P^-1:
			0.0446	-0.0141	-0.0226
			-0.0141	0.0547	-0.0317
			-0.0226	-0.0317	0.0899
	==================================================================================
	Q5:
		Shape: Ellipse
		q_c:	271.5	247.0	406.0
		ub :	278.385	249.6036	412.1335
		lb :	264.615	244.3964	399.8665
		P^-1:
			0.0412	-0.0205	0.0113
			-0.0205	0.2478	0.0072
			0.0113	0.0072	0.0565
	==================================================================================
	Q6:
		Shape: Ellipse
		q_c:	276.0	235.5	408.0
		ub :	284.3401	245.9615	418.6143
		lb :	267.6599	225.0385	397.3857
		P^-1:
			0.0354	-0.0064	-0.0063
			-0.0064	0.0262	-0.0026
			-0.0063	-0.0026	0.024


===========================================================================================
===========================================================================================
S4:
	q_c:	133.5	383.0	412.5
	ub :	149.5203	408.4754	439.0299
	lb :	105.7633	368.9018	387.5712

	==================================================================================
	Q1:
		Shape: Ellipse
		q_c:	117.5	392.5	402.5
		ub :	129.2367	407.761	417.4288
		lb :	105.7633	377.239	387.5712
		P^-1:
			0.0147	-0.0022	-0.0016
			-0.0022	0.0135	0.0026
			-0.0016	0.0026	0.0119
	==================================================================================
	Q2:
		Shape: Polyhedra
		q_c:	132.5	378.0	413.0
		ub :	137.2274	381.6512	422.869
		lb :	127.7726	374.3488	403.131
		A:
			0.1238	0.6607	0.7403
			-0.7507	-0.6548	-0.0877
			-0.8413	-0.4973	-0.2119
			-0.7297	-0.6726	-0.1231
			0.7265	0.6745	0.1313
			-0.5045	-0.8628	0.0323
			0.7197	0.6867	0.1023
			0.681	-0.7269	0.0885
			0.1351	0.006	-0.9908
			-0.7197	-0.6867	-0.1023
			-0.681	0.7269	-0.0885
			-0.1351	-0.006	0.9908
		b:
			578.8518
			-382.1419
			-385.3489
			-400.7585
			406.4827
			-377.8632
			398.1818
			-144.0022
			-379.5388
			-396.1818
			152.0022
			398.5388
	==================================================================================
	Q3:
		Shape: Polyhedra
		q_c:	138.0	397.5	400.0
		ub :	149.5203	405.6391	406.1817
		lb :	126.4797	389.3609	393.8183
		A:
			-0.0992	0.1368	0.9856
			0.1697	-0.1178	0.9784
			0.3338	-0.065	0.9404
			0.2858	-0.9243	-0.2529
			0.7062	-0.7078	-0.0179
			0.0009	-0.9987	-0.0507
			0.9345	0.3344	0.1224
			-0.3059	0.578	0.7565
			0.1822	-0.7444	0.6424
			-0.9345	-0.3344	-0.1224
			0.3059	-0.578	-0.7565
			-0.1822	0.7444	-0.6424
		b:
			438.5188
			372.2083
			401.7212
			-425.5614
			-185.6196
			-412.2788
			321.3335
			493.6452
			-10.3025
			-300.3335
			-486.6452
			17.3025
	==================================================================================
	Q4:
		Shape: Polyhedra
		q_c:	141.0	388.5	430.5
		ub :	146.1804	396.3128	439.0299
		lb :	135.8196	380.6872	421.9701
		A:
			0.0786	0.6048	0.7925
			0.881	0.1793	0.4379
			0.5583	-0.3837	-0.7356
			-0.548	0.6611	-0.5124
			-0.6662	0.2496	0.7027
			-0.4238	0.5026	0.7535
			0.6723	0.6261	0.395
			0.7395	-0.5926	-0.3193
			0.0342	0.5067	-0.8614
			-0.6723	-0.6261	-0.395
			-0.7395	0.5926	0.3193
			-0.0342	-0.5067	0.8614
		b:
			591.3812
			386.214
			-382.5202
			-35.2633
			310.1944
			464.1915
			511.5789
			-259.9155
			-162.1498
			-504.5789
			266.9155
			176.1498
	==================================================================================
	Q5:
		Shape: Polyhedra
		q_c:	123.0	373.5	423.0
		ub :	130.0432	378.0982	429.5921
		lb :	115.9568	368.9018	416.4079
		A:
			-0.1723	0.9697	0.173
			-0.8648	0.0252	0.5014
			0.5017	-0.5155	0.6947
			0.133	-0.8625	-0.4882
			-0.61	-0.6758	0.4137
			0.1931	0.8328	0.5188
			0.9187	0.17	0.3565
			0.2582	-0.9415	-0.2166
			0.2988	0.291	-0.9088
			-0.9187	-0.17	-0.3565
			-0.2582	0.9415	0.2166
			-0.2988	-0.291	0.9088
		b:
			416.7156
			119.8501
			167.5857
			-509.4984
			-147.9019
			557.8186
			332.7917
			-408.9954
			-234.4811
			-321.7917
			413.9954
			243.4811
	==================================================================================
	Q6:
		Shape: Hybrid
		q_c:	130.5	399.5	411.0
		ub :	138.7768	408.4754	420.7869
		lb :	122.2232	390.5246	401.2131
		P^-1:
			0.0363	-0.0249	-0.01
			-0.0249	0.0588	0.0168
			-0.01	0.0168	0.0247
		A:
			-0.6761	0.7289	-0.1078
			0.5697	-0.7231	-0.3906
			0.0865	-0.7172	-0.6915
			-0.3424	0.8757	0.3404
			-0.7696	0.6009	0.2159
			-0.551	0.8281	-0.1032
		b:
			161.446
			-373.236
			-556.2999
			447.0072
			230.6316
			219.2014


===========================================================================================
===========================================================================================
S5:
	q_c:	63.5	421.0	150.0
	ub :	73.6242	430.06	156.8818
	lb :	56.1199	414.4012	141.895

	==================================================================================
	Q1:
		Shape: Hybrid
		q_c:	60.0	423.0	151.0
		ub :	63.8646	426.7585	153.5572
		lb :	56.1354	419.2415	148.4428
		P^-1:
			0.2101	0.1251	0.0561
			0.1251	0.2693	0.0767
			0.0561	0.0767	0.3261
		A:
			0.7212	0.2754	-0.6356
			0.43	0.8999	0.073
			0.4869	0.7765	-0.4
			-0.6339	0.0367	-0.7725
			0.1511	0.7927	0.5906
			0.4639	0.8173	0.3419
		b:
			65.2066
			418.4829
			298.4592
			-137.7964
			434.5818
			426.013
	==================================================================================
	Q2:
		Shape: Hybrid
		q_c:	64.0	424.0	147.0
		ub :	66.5912	426.9723	149.7744
		lb :	61.4088	421.0277	144.2256
		P^-1:
			0.2779	0.054	0.0416
			0.054	0.3545	0.0805
			0.0416	0.0805	0.3121
		A:
			-0.2198	0.8736	-0.4342
			0.3904	0.4003	-0.8291
			-0.027	0.9726	0.2309
			0.712	0.4222	0.5611
			0.5224	0.3383	0.7827
			0.6492	0.7494	0.1301
		b:
			293.7288
			74.0912
			445.5221
			307.908
			292.8064
			379.3198
	==================================================================================
	Q3:
		Shape: Polyhedra
		q_c:	68.5	418.5	149.0
		ub :	72.7031	422.5988	152.6028
		lb :	64.2969	414.4012	145.3972
		A:
			-0.9067	0.3884	0.1645
			0.4629	-0.8131	0.3528
			0.1171	-0.8759	0.468
			-0.2478	0.0501	0.9675
			-0.8635	-0.3273	0.3837
			0.1594	-0.1222	0.9796
			0.824	0.41	0.391
			-0.528	0.8061	0.2674
			-0.2055	-0.4268	0.8807
			-0.824	-0.41	-0.391
			0.528	-0.8061	-0.2674
			0.2055	0.4268	-0.8807
		b:
			127.559
			-253.6455
			-286.6071
			150.291
			-136.3789
			108.0021
			289.2979
			343.5167
			-59.4543
			-283.2979
			-338.5167
			63.4543
	==================================================================================
	Q4:
		Shape: Ellipse
		q_c:	68.5	424.0	153.0
		ub :	73.6242	428.1432	156.8818
		lb :	63.3758	419.8568	149.1182
		P^-1:
			0.0675	-0.0128	-0.0073
			-0.0128	0.1074	-0.0022
			-0.0073	-0.0022	0.1099
	==================================================================================
	Q5:
		Shape: Hybrid
		q_c:	63.0	425.5	147.5
		ub :	66.6673	430.06	151.2038
		lb :	59.3327	420.94	143.7962
		P^-1:
			0.1537	-0.0206	-0.0054
			-0.0206	0.0925	-0.0176
			-0.0054	-0.0176	0.1554
		A:
			-0.8008	-0.3675	0.473
			-0.7229	0.2021	-0.6608
			-0.4407	0.2674	0.8569
			-0.1391	0.2009	0.9697
			-0.2925	-0.1785	0.9395
			0.1468	0.1775	-0.9731
		b:
			-135.5648
			-55.7393
			213.7893
			221.1797
			45.4256
			-57.5291
	==================================================================================
	Q6:
		Shape: Ellipse
		q_c:	60.5	422.5	146.5
		ub :	64.8801	426.3169	151.105
		lb :	56.1199	418.6831	141.895
		P^-1:
			0.148	-0.0143	-0.0155
			-0.0143	0.1431	-0.0184
			-0.0155	-0.0184	0.14


===========================================================================================
===========================================================================================
S6:
	q_c:	428.0	417.0	301.0
	ub :	452.7763	441.918	320.7917
	lb :	405.0133	392.3457	278.0697

	==================================================================================
	Q1:
		Shape: Ellipse
		q_c:	439.5	406.0	299.5
		ub :	452.7763	419.6543	310.7362
		lb :	426.2237	392.3457	288.2638
		P^-1:
			0.0136	0.0029	0.0029
			0.0029	0.0163	-0.0038
			0.0029	-0.0038	0.0215
	==================================================================================
	Q2:
		Shape: Ellipse
		q_c:	419.5	420.5	303.5
		ub :	425.7151	426.2563	311.3406
		lb :	413.2849	414.7437	295.6594
		P^-1:
			0.177	0.2015	-0.0202
			0.2015	0.2884	-0.027
			-0.0202	-0.027	0.0205
	==================================================================================
	Q3:
		Shape: Polyhedra
		q_c:	424.5	425.0	289.0
		ub :	433.9934	439.2482	299.9136
		lb :	415.0066	410.7518	278.0864
		A:
			-0.5223	0.3025	0.7973
			0.8875	-0.2391	0.3941
			-0.3391	0.824	0.4539
			-0.5487	0.5178	0.6564
			-0.1021	0.5989	0.7943
			-0.073	0.1003	-0.9923
			0.8758	0.1289	0.4651
			0.0468	0.9365	-0.3475
			-0.4803	0.3261	0.8142
			-0.8758	-0.1289	-0.4651
			-0.0468	-0.9365	0.3475
			0.4803	-0.3261	-0.8142
		b:
			140.343
			397.944
			345.586
			181.1002
			446.1689
			-267.6446
			569.4672
			330.4279
			173.0047
			-552.4672
			-304.4279
			-167.0047
	==================================================================================
	Q4:
		Shape: Hybrid
		q_c:	439.5	412.5	311.5
		ub :	448.5642	423.0964	320.6056
		lb :	430.4358	401.9036	302.3944
		P^-1:
			0.0228	0.0021	-0.0005
			0.0021	0.0186	-0.0002
			-0.0005	-0.0002	0.0178
		A:
			0.632	-0.2524	0.7327
			0.9101	-0.1947	0.3657
			-0.1324	0.8417	0.5235
			0.3013	0.8547	-0.4226
			-0.6135	0.6636	0.4281
			0.7233	0.1585	-0.6721
		b:
			405.9702
			437.3641
			456.2924
			357.2039
			141.6012
			177.5512
	==================================================================================
	Q5:
		Shape: Hybrid
		q_c:	414.0	422.5	285.5
		ub :	422.9867	432.9969	292.9303
		lb :	405.0133	412.0031	278.0697
		P^-1:
			0.0545	0.0185	-0.0151
			0.0185	0.0284	0.0166
			-0.0151	0.0166	0.0723
		A:
			-0.6719	0.6344	0.3821
			0.0451	0.651	0.7577
			0.5732	0.0157	0.8193
			-0.2857	-0.9397	-0.1881
			0.331	0.3901	-0.8592
			-0.3264	-0.4691	0.8206
		b:
			104.3269
			512.6405
			482.0555
			-564.4084
			60.1274
			-95.0731
	==================================================================================
	Q6:
		Shape: Hybrid
		q_c:	438.5	429.0	312.5
		ub :	450.7153	441.918	320.7917
		lb :	426.2847	416.082	304.2083
		P^-1:
			0.016	-0.0071	-0.0016
			-0.0071	0.0188	-0.0065
			-0.0016	-0.0065	0.038
		A:
			0.2211	-0.4857	0.8457
			0.7221	-0.6767	0.1438
			0.276	-0.424	0.8626
			-0.4052	-0.4026	-0.8208
			0.6418	-0.4064	-0.6503
			-0.3649	0.4001	-0.8407
		b:
			155.5058
			75.129
			211.3882
			-601.0696
			-92.4106
			-248.2109


===========================================================================================
===========================================================================================
S7:
	q_c:	321.5	472.0	513.0
	ub :	344.3161	494.6303	526.3551
	lb :	300.3347	449.0435	492.6915

	==================================================================================
	Q1:
		Shape: Hybrid
		q_c:	322.0	456.0	510.5
		ub :	329.9535	462.9565	518.8251
		lb :	314.0465	449.0435	502.1749
		P^-1:
			0.0319	0.0115	0.0157
			0.0115	0.2885	0.205
			0.0157	0.205	0.1728
		A:
			-0.0387	0.8606	0.5078
			0.292	0.6327	0.7172
			0.4165	-0.3381	-0.8439
			0.5765	0.7754	0.2576
			0.4347	0.7824	0.446
			-0.2198	0.8968	0.3839
		b:
			640.1843
			750.2304
			-446.5259
			674.3071
			726.6599
			535.9215
	==================================================================================
	Q2:
		Shape: Ellipse
		q_c:	333.5	485.5	513.0
		ub :	344.3161	494.497	522.6137
		lb :	322.6839	476.503	503.3863
		P^-1:
			0.0266	0.0185	0.0065
			0.0185	0.0471	0.0118
			0.0065	0.0118	0.0223
	==================================================================================
	Q3:
		Shape: Hybrid
		q_c:	317.0	462.5	505.5
		ub :	326.5626	470.0886	516.5654
		lb :	307.4374	454.9114	494.4346
		P^-1:
			0.0433	0.0285	0.005
			0.0285	0.1247	-0.0569
			0.005	-0.0569	0.0505
		A:
			-0.629	-0.6563	0.4167
			-0.8863	0.3124	-0.3418
			-0.6026	0.6766	-0.4232
			0.1366	0.8189	-0.5575
			-0.6707	-0.7223	0.1687
			-0.6643	0.2282	-0.7118
		b:
			-289.3754
			-305.0095
			-88.4199
			141.6419
			-459.256
			-461.7974
	==================================================================================
	Q4:
		Shape: Ellipse
		q_c:	314.5	486.5	511.0
		ub :	324.0614	494.6303	520.2537
		lb :	304.9386	478.3697	501.7463
		P^-1:
			0.0982	0.1002	0.0333
			0.1002	0.1443	0.0633
			0.0333	0.0633	0.0586
	==================================================================================
	Q5:
		Shape: Polyhedra
		q_c:	306.5	481.5	520.0
		ub :	312.6653	488.7249	526.3551
		lb :	300.3347	474.2751	513.6449
		A:
			-0.698	0.567	0.4373
			-0.0668	-0.0675	-0.9955
			0.4128	0.5519	0.7246
			-0.1148	0.2772	0.9539
			0.082	0.3861	0.9188
			-0.9001	-0.1764	-0.3985
			0.5227	0.2501	0.815
			0.2412	0.8736	-0.4227
			-0.8177	0.4175	0.3963
			-0.5227	-0.2501	-0.815
			-0.2412	-0.8736	0.4227
			0.8177	-0.4175	-0.3963
		b:
			290.4933
			-567.0828
			772.3307
			597.8258
			692.0514
			-564.5781
			707.4227
			280.2496
			160.4793
			-701.4227
			-269.2496
			-152.4793
	==================================================================================
	Q6:
		Shape: Hybrid
		q_c:	320.5	467.0	504.5
		ub :	333.004	477.4561	516.3085
		lb :	307.996	456.5439	492.6915
		P^-1:
			0.022	-0.0087	0.0074
			-0.0087	0.0268	-0.0086
			0.0074	-0.0086	0.0206
		A:
			-0.2537	-0.2323	-0.939
			-0.9138	0.3248	-0.2437
			-0.5489	0.6567	-0.5172
			0.4918	-0.8675	-0.075
			0.7217	-0.239	0.6496
			-0.6154	0.7833	0.0875
		b:
			-658.2986
			-260.4405
			-127.6985
			-281.5306
			450.7698
			216.5607


===========================================================================================
===========================================================================================
S8:
	q_c:	497.0	478.5	18.5
	ub :	516.4453	493.8693	34.6993
	lb :	485.9079	458.7793	11.9257

	==================================================================================
	Q1:
		Shape: Hybrid
		q_c:	508.0	484.5	28.0
		ub :	513.5399	490.5205	33.0489
		lb :	502.4601	478.4795	22.9511
		P^-1:
			0.0744	0.0274	0.0128
			0.0274	0.0906	-0.0096
			0.0128	-0.0096	0.1066
		A:
			0.7003	-0.1281	0.7023
			-0.0136	-0.1559	-0.9877
			0.0927	0.6959	-0.7121
			-0.0349	-0.3794	-0.9246
			-0.6557	0.2134	-0.7242
			0.7696	-0.5407	-0.3396
		b:
			315.1789
			-108.3481
			365.8552
			-225.5938
			-248.1562
			122.4735
	==================================================================================
	Q2:
		Shape: Hybrid
		q_c:	492.5	488.0	19.0
		ub :	499.0921	493.8693	24.7885
		lb :	485.9079	482.1307	13.2115
		P^-1:
			0.0706	-0.0137	-0.0068
			-0.0137	0.0646	-0.0085
			-0.0068	-0.0085	0.0774
		A:
			0.6806	-0.4836	0.5504
			-0.832	0.2541	0.4932
			0.4826	-0.772	-0.4137
			-0.1354	0.9508	0.2787
			0.422	0.0844	-0.9027
			-0.7185	-0.4716	0.5113
		b:
			111.4941
			-274.6206
			-144.9567
			404.8961
			233.6052
			-572.1747
	==================================================================================
	Q3:
		Shape: Polyhedra
		q_c:	507.5	484.5	23.0
		ub :	515.6758	493.2276	29.9378
		lb :	499.3242	475.7724	16.0622
		A:
			0.9433	-0.3049	0.1315
			-0.6109	0.0433	-0.7905
			-0.793	0.5181	0.3205
			-0.73	0.6828	-0.0285
			-0.6369	0.7056	-0.3105
			-0.4645	-0.52	-0.7168
			0.7236	0.6814	0.1103
			0.6779	-0.6714	-0.2995
			-0.1301	0.2915	-0.9477
			-0.7236	-0.6814	-0.1103
			-0.6779	0.6714	0.2995
			0.1301	-0.2915	0.9477
		b:
			338.7505
			-301.2448
			-140.7559
			-36.9384
			15.512
			-497.5222
			707.3804
			14.8577
			58.9065
			-692.3804
			-8.8577
			-47.9065
	==================================================================================
	Q4:
		Shape: Ellipse
		q_c:	496.5	465.5	19.0
		ub :	503.3905	472.2207	26.0743
		lb :	489.6095	458.7793	11.9257
		P^-1:
			0.0691	0.0003	-0.0179
			0.0003	0.0603	-0.0128
			-0.0179	-0.0128	0.0478
	==================================================================================
	Q5:
		Shape: Polyhedra
		q_c:	511.0	485.0	20.5
		ub :	516.4453	493.3349	28.1024
		lb :	505.5547	476.6651	12.8976
		A:
			-0.4655	0.2383	-0.8524
			0.9642	-0.0499	0.2603
			0.561	-0.8254	-0.063
			0.8983	-0.4107	0.1563
			-0.973	0.175	-0.1504
			0.9017	-0.4287	0.0557
			0.4299	0.7344	0.5252
			0.9017	-0.32	-0.2907
			-0.0454	0.5986	-0.7998
			-0.4299	-0.7344	-0.5252
			-0.9017	0.32	0.2907
			0.0454	-0.5986	0.7998
		b:
			-134.9844
			478.1614
			-111.0522
			266.0726
			-411.8665
			256.8241
			593.6316
			302.097
			254.7415
			-579.6316
			-297.097
			-246.7415
	==================================================================================
	Q6:
		Shape: Hybrid
		q_c:	493.5	475.5	31.5
		ub :	500.548	482.326	34.6993
		lb :	486.452	468.674	28.3007
		P^-1:
			0.0527	-0.0192	-0.0369
			-0.0192	0.0532	0.0222
			-0.0369	0.0222	0.2397
		A:
			-0.1726	0.3329	0.927
			0.2337	0.3283	-0.9152
			0.1348	-0.2168	-0.9669
			0.3518	-0.2247	0.9087
			0.4694	-0.0759	-0.8797
			0.0291	-0.1616	0.9864
		b:
			103.4916
			244.4394
			-65.9737
			97.4325
			169.2689
			-30.0449


===========================================================================================
===========================================================================================
S9:
	q_c:	59.5	90.0	42.5
	ub :	72.4529	99.5264	55.396
	lb :	45.1046	77.0976	26.7535

	==================================================================================
	Q1:
		Shape: Hybrid
		q_c:	67.0	91.5	46.0
		ub :	72.4529	95.6282	51.445
		lb :	61.5471	87.3718	40.555
		P^-1:
			0.148	0.1175	0.1201
			0.1175	0.2302	0.1349
			0.1201	0.1349	0.1973
		A:
			0.1664	0.8748	0.4551
			-0.6407	-0.3244	-0.6959
			0.5009	0.3823	0.7765
			0.7111	0.6991	0.0747
			-0.6055	-0.7949	0.0391
			0.6815	0.5798	0.4465
		b:
			113.4564
			-103.4715
			105.3209
			116.9172
			-109.5014
			120.3215
	==================================================================================
	Q2:
		Shape: Ellipse
		q_c:	59.5	84.0	48.5
		ub :	66.954	90.6656	55.396
		lb :	52.046	77.3344	41.604
		P^-1:
			0.0559	-0.0088	-0.0052
			-0.0088	0.0508	-0.007
			-0.0052	-0.007	0.0584
	==================================================================================
	Q3:
		Shape: Ellipse
		q_c:	62.0	95.0	38.0
		ub :	67.158	99.5264	43.0237
		lb :	56.842	90.4736	32.9763
		P^-1:
			0.2164	-0.1834	0.0055
			-0.1834	0.2884	-0.0496
			0.0055	-0.0496	0.1001
	==================================================================================
	Q4:
		Shape: Polyhedra
		q_c:	51.5	83.0	46.5
		ub :	57.8954	88.9024	51.6326
		lb :	45.1046	77.0976	41.3674
		A:
			0.0828	-0.3191	-0.9441
			-0.16	0.7446	0.648
			0.5959	-0.6272	-0.5015
			0.4009	0.6793	-0.6146
			-0.4049	0.4108	-0.8169
			0.2966	-0.9295	-0.2194
			0.6579	0.6488	0.3824
			-0.3927	-0.1377	0.9093
			0.6426	-0.7484	0.1642
			-0.6579	-0.6488	-0.3824
			0.3927	0.1377	-0.9093
			-0.6426	0.7484	-0.1642
		b:
			-62.4856
			87.6056
			-41.573
			51.9914
			-21.4914
			-68.4866
			110.5149
			13.6245
			-18.3829
			-100.5149
			-7.6245
			24.3829
	==================================================================================
	Q5:
		Shape: Polyhedra
		q_c:	55.5	91.5	33.5
		ub :	62.7278	99.1392	40.2465
		lb :	48.2722	83.8608	26.7535
		A:
			0.7796	0.1257	0.6135
			0.7731	0.581	-0.2543
			0.8324	0.5099	-0.2171
			-0.563	-0.2449	-0.7894
			-0.225	-0.9574	-0.1809
			0.5539	0.0609	0.8304
			0.6159	0.6182	0.4884
			-0.7847	0.5363	0.3107
			-0.0698	-0.5746	0.8154
			-0.6159	-0.6182	-0.4884
			0.7847	-0.5363	-0.3107
			0.0698	0.5746	-0.8154
		b:
			79.0836
			91.5727
			89.7765
			-76.8318
			-102.2341
			67.6276
			110.1076
			22.429
			-25.1373
			-104.1076
			-9.429
			33.1373
	==================================================================================
	Q6:
		Shape: Ellipse
		q_c:	56.5	85.5	38.0
		ub :	61.9357	89.4654	43.3604
		lb :	51.0643	81.5346	32.6396
		P^-1:
			0.0857	-0.0199	0.0485
			-0.0199	0.3425	-0.1596
			0.0485	-0.1596	0.1767


===========================================================================================
===========================================================================================
S10:
	q_c:	59.5	427.0	265.0
	ub :	73.0322	445.5213	284.0573
	lb :	48.4257	404.3176	249.2663

	==================================================================================
	Q1:
		Shape: Ellipse
		q_c:	62.5	415.5	275.0
		ub :	73.0322	426.6824	284.0573
		lb :	51.9678	404.3176	265.9427
		P^-1:
			0.0216	-0.0023	0.0029
			-0.0023	0.0249	-0.0056
			0.0029	-0.0056	0.0274
	==================================================================================
	Q2:
		Shape: Polyhedra
		q_c:	53.5	428.0	261.0
		ub :	58.5743	434.1763	266.9588
		lb :	48.4257	421.8237	255.0412
		A:
			0.779	0.533	0.3302
			-0.7429	-0.5669	-0.3559
			-0.906	-0.3022	-0.2963
			0.9157	0.1172	0.3844
			-0.9268	-0.349	-0.1386
			0.5278	0.6414	0.5568
			0.7501	0.4931	0.4408
			-0.5647	0.1306	0.8149
			0.3442	-0.8601	0.3764
			-0.7501	-0.4931	-0.4408
			0.5647	-0.1306	-0.8149
			-0.3442	0.8601	-0.3764
		b:
			357.1386
			-374.1074
			-253.4768
			201.9266
			-233.3314
			449.7518
			367.2038
			242.379
			-245.4706
			-365.2038
			-234.379
			257.4706
	==================================================================================
	Q3:
		Shape: Polyhedra
		q_c:	63.0	417.5	263.0
		ub :	70.5398	423.6173	269.8477
		lb :	55.4602	411.3827	256.1523
		A:
			0.51	-0.8466	0.1524
			-0.1931	0.7771	0.599
			0.4878	-0.7789	-0.3942
			0.9228	-0.0164	0.385
			-0.046	-0.9891	0.1399
			0.539	0.8413	0.0402
			0.6739	0.3051	0.6729
			0.4417	-0.8965	-0.0358
			0.5923	0.3213	-0.7388
			-0.6739	-0.3051	-0.6729
			-0.4417	0.8965	0.0358
			-0.5923	-0.3213	0.7388
		b:
			-277.6909
			473.7572
			-394.4124
			156.9341
			-375.1533
			400.2184
			351.312
			-352.371
			-17.8375
			-342.312
			359.371
			27.8375
	==================================================================================
	Q4:
		Shape: Polyhedra
		q_c:	58.0	438.0	274.5
		ub :	65.5873	445.5213	281.621
		lb :	50.4127	430.4787	267.379
		A:
			0.7788	0.4931	-0.3877
			0.2225	0.9092	-0.3519
			0.0937	0.1368	-0.9862
			-0.0453	-0.0299	0.9985
			0.8076	-0.3366	-0.4842
			-0.2577	-0.9348	0.2445
			0.1144	0.7835	0.6108
			0.5087	0.4819	-0.7134
			-0.8533	0.3923	-0.3434
			-0.1144	-0.7835	-0.6108
			-0.5087	-0.4819	0.7134
			0.8533	-0.3923	0.3434
		b:
			158.39
			318.3826
			-201.4758
			262.3808
			-228.413
			-353.3742
			521.9636
			47.7471
			34.5598
			-512.9636
			-41.7471
			-21.5598
	==================================================================================
	Q5:
		Shape: Polyhedra
		q_c:	64.0	431.0	258.5
		ub :	72.906	440.0471	267.7337
		lb :	55.094	421.9529	249.2663
		A:
			-0.1673	0.2496	0.9538
			0.6211	0.7833	-0.0243
			0.1752	-0.2809	0.9436
			-0.4739	0.8792	0.049
			-0.9471	-0.3183	0.0405
			-0.9372	-0.3488	0.0048
			0.5251	0.2664	0.8083
			0.2602	0.854	-0.4505
			-0.8103	0.4469	0.3791
			-0.5251	-0.2664	-0.8083
			-0.2602	-0.854	0.4505
			0.8103	-0.4469	-0.3791
		b:
			348.9476
			376.9315
			139.7821
			366.9562
			-181.7079
			-203.4158
			362.856
			274.2713
			244.2602
			-351.856
			-262.2713
			-233.2602
	==================================================================================
	Q6:
		Shape: Polyhedra
		q_c:	56.5	418.5	264.5
		ub :	63.8535	424.4442	272.3297
		lb :	49.1465	412.5558	256.6703
		A:
			0.3872	-0.8396	-0.381
			-0.3049	0.7624	-0.5708
			-0.7841	0.5705	-0.2444
			-0.5171	-0.8555	0.0267
			0.5406	-0.8257	-0.1613
			-0.0167	-0.776	-0.6306
			0.6824	0.32	0.6572
			-0.7167	0.1158	0.6878
			0.144	-0.9403	0.3084
			-0.6824	-0.32	-0.6572
			0.7167	-0.1158	-0.6878
			-0.144	0.9403	-0.3084
		b:
			-424.9437
			155.2412
			134.4808
			-375.9468
			-352.3547
			-487.8968
			349.3196
			196.3834
			-299.3121
			-343.3196
			-183.3834
			308.3121


===========================================================================================
===========================================================================================
S11:
	q_c:	408.5	87.0	36.5
	ub :	418.7585	98.3665	46.892
	lb :	400.8803	77.3592	26.2626

	==================================================================================
	Q1:
		Shape: Polyhedra
		q_c:	404.5	81.5	41.5
		ub :	408.1197	85.6408	45.4411
		lb :	400.8803	77.3592	37.5589
		A:
			0.0918	-0.7711	0.6301
			-0.6432	0.5955	-0.4813
			-0.579	0.1798	0.7952
			-0.4697	-0.8499	0.2389
			-0.6686	0.1762	-0.7224
			0.9111	-0.0433	0.4099
			0.2867	0.4124	0.8647
			0.4118	0.7619	-0.4999
			-0.865	0.4995	0.0486
			-0.2867	-0.4124	-0.8647
			-0.4118	-0.7619	0.4999
			0.865	-0.4995	-0.0486
		b:
			2.8873
			-229.3539
			-184.0376
			-246.7968
			-283.4511
			384.4391
			188.4788
			210.4376
			-305.1552
			-182.4788
			-205.4376
			309.1552
	==================================================================================
	Q2:
		Shape: Hybrid
		q_c:	407.0	92.0	32.0
		ub :	411.9862	98.3665	37.7374
		lb :	402.0138	85.6335	26.2626
		P^-1:
			0.0621	-0.0024	-0.0
			-0.0024	0.0498	0.0
			-0.0	0.0	0.0494
		A:
			-0.1071	0.9906	-0.0846
			0.6701	0.1047	0.7349
			0.9312	-0.1176	0.345
			0.7368	-0.5217	0.4301
			-0.6919	0.4826	0.5371
			-0.9418	-0.2326	-0.2426
		b:
			47.3161
			308.1736
			381.2863
			267.7977
			-217.8008
			-410.3721
	==================================================================================
	Q3:
		Shape: Polyhedra
		q_c:	415.0	91.0	41.5
		ub :	418.7585	94.6624	45.5844
		lb :	411.2415	87.3376	37.4156
		A:
			0.8144	0.2665	0.5155
			0.8324	0.2506	-0.4943
			-0.3116	-0.6502	-0.6929
			0.1485	0.6709	-0.7265
			0.3848	0.6354	-0.6695
			0.3671	0.4624	0.8071
			0.6658	0.396	0.6324
			-0.7184	0.1113	0.6866
			0.2015	-0.9115	0.3586
			-0.6658	-0.396	-0.6324
			0.7184	-0.1113	-0.6866
			-0.2015	0.9115	-0.3586
		b:
			385.2287
			350.6087
			-215.3577
			95.5331
			192.7199
			229.6869
			340.0765
			-256.5226
			18.5638
			-337.0765
			262.5226
			-12.5638
	==================================================================================
	Q4:
		Shape: Hybrid
		q_c:	407.0	86.5	38.5
		ub :	412.1595	90.1692	43.7366
		lb :	401.8405	82.8308	33.2634
		P^-1:
			0.0829	0.0177	-0.0049
			0.0177	0.1552	0.0093
			-0.0049	0.0093	0.066
		A:
			0.5929	0.793	0.1403
			0.3996	0.9129	0.0831
			0.3047	0.9242	-0.2301
			0.979	0.0218	0.2027
			-0.2867	0.9417	-0.176
			0.3838	-0.9206	0.0716
		b:
			316.771
			246.1087
			196.5162
			410.4877
			-40.3216
			81.0442
	==================================================================================
	Q5:
		Shape: Hybrid
		q_c:	405.0	83.5	43.0
		ub :	407.9398	87.0213	46.892
		lb :	402.0602	79.9787	39.108
		P^-1:
			0.1624	-0.0263	-0.0148
			-0.0263	0.2762	0.179
			-0.0148	0.179	0.2474
		A:
			0.3332	-0.7768	-0.5344
			-0.5284	-0.8485	0.0282
			-0.3094	-0.1669	-0.9362
			0.4326	-0.5646	-0.7029
			0.7612	-0.4863	-0.4291
			0.2717	-0.923	0.2726
		b:
			47.9902
			-281.6507
			-177.8209
			98.8168
			250.5157
			46.9421
	==================================================================================
	Q6:
		Shape: Ellipse
		q_c:	410.5	92.5	39.5
		ub :	414.3509	98.2949	44.1118
		lb :	406.6491	86.7051	34.8882
		P^-1:
			0.2226	0.0461	0.0225
			0.0461	0.0674	0.0487
			0.0225	0.0487	0.1599


===========================================================================================
===========================================================================================
