3D_40_6_6_c                l = 3

===========================================================================================
===========================================================================================
S1:
	q_c:	138.0	303.5	261.0
	ub :	150.9424	318.7027	270.1719
	lb :	128.1673	287.8688	250.7926

	==================================================================================
	Q1:
		Shape: Polyhedra
		q_c:	148.0	305.0	254.0
		ub :	150.9424	308.3596	256.6532
		lb :	145.0576	301.6404	251.3468
		A:
			-0.6765	0.6518	-0.3428
			-0.6909	0.1521	-0.7068
			-0.2767	-0.4154	0.8666
			0.2566	-0.2021	0.9451
			0.3157	0.5134	0.7979
			0.0256	0.7364	-0.6761
			0.1935	0.9803	0.0382
			0.6512	-0.0992	-0.7524
			-0.7338	0.1705	-0.6576
			-0.1935	-0.9803	-0.0382
			-0.6512	0.0992	0.7524
			0.7338	-0.1705	0.6576
		b:
			13.4248
			-234.3761
			54.8628
			217.9931
			408.2081
			59.1258
			340.3574
			-122.4956
			-222.6316
			-334.3574
			127.4956
			224.6316
	==================================================================================
	Q2:
		Shape: Ellipse
		q_c:	138.5	307.0	261.0
		ub :	147.5609	314.6996	270.1719
		lb :	129.4391	299.3004	251.8281
		P^-1:
			0.0345	-0.0022	0.0018
			-0.0022	0.0364	-0.0027
			0.0018	-0.0027	0.0352
	==================================================================================
	Q3:
		Shape: Ellipse
		q_c:	133.5	304.0	257.0
		ub :	138.8327	309.7155	263.2074
		lb :	128.1673	298.2845	250.7926
		P^-1:
			0.0681	0.0046	0.0074
			0.0046	0.0801	-0.0025
			0.0074	-0.0025	0.0776
	==================================================================================
	Q4:
		Shape: Ellipse
		q_c:	143.5	309.0	261.0
		ub :	147.7146	313.294	265.4568
		lb :	139.2854	304.706	256.5432
		P^-1:
			0.126	-0.0127	0.0185
			-0.0127	0.1552	0.0069
			0.0185	0.0069	0.1499
	==================================================================================
	Q5:
		Shape: Polyhedra
		q_c:	135.5	315.0	261.5
		ub :	140.4554	318.7027	266.6127
		lb :	130.5446	311.2973	256.3873
		A:
			0.3146	-0.7687	0.5568
			0.7785	-0.2402	-0.5798
			0.4493	0.479	-0.7542
			-0.5932	0.8034	0.0516
			-0.3318	0.6518	-0.6819
			0.9807	0.1355	0.1407
			0.4551	0.4339	0.7775
			0.7665	0.2535	-0.5901
			-0.4531	0.8646	-0.2173
			-0.4551	-0.4339	-0.7775
			-0.7665	-0.2535	0.5901
			0.4531	-0.8646	0.2173
		b:
			-52.0007
			-118.5871
			17.8322
			187.9845
			-15.7677
			215.6702
			405.1848
			32.8928
			155.6197
			-398.1848
			-25.8928
			-152.6197
	==================================================================================
	Q6:
		Shape: Hybrid
		q_c:	135.5	295.0	261.5
		ub :	141.9925	302.1312	268.5383
		lb :	129.0075	287.8688	254.4617
		P^-1:
			0.0667	-0.0147	-0.0065
			-0.0147	0.0618	0.0055
			-0.0065	0.0055	0.0518
		A:
			-0.9571	0.1236	-0.262
			0.9848	-0.1715	0.0281
			-0.9458	-0.233	0.2264
			0.4526	0.8915	-0.0207
			-0.4857	0.2619	0.834
			0.7731	-0.0741	-0.63
		b:
			-159.4596
			92.2922
			-135.2906
			321.6083
			231.7608
			-79.681


===========================================================================================
===========================================================================================
S2:
	q_c:	20.0	164.0	59.0
	ub :	31.0894	176.3638	69.9805
	lb :	12.5116	158.1838	52.1049

	==================================================================================
	Q1:
		Shape: Hybrid
		q_c:	20.0	171.5	62.0
		ub :	24.6291	176.3638	67.3912
		lb :	15.3709	166.6362	56.6088
		P^-1:
			0.1092	0.0044	-0.0057
			0.0044	0.1009	0.0133
			-0.0057	0.0133	0.0937
		A:
			0.8501	0.3285	-0.4116
			-0.8026	0.5908	0.0817
			0.4113	-0.8901	-0.1962
			-0.6631	-0.7226	-0.1951
			0.0975	-0.1665	-0.9812
			-0.0376	0.8905	0.4534
		b:
			49.3714
			91.9643
			-154.9721
			-147.7819
			-85.7325
			181.6015
	==================================================================================
	Q2:
		Shape: Polyhedra
		q_c:	23.5	167.5	62.0
		ub :	26.8376	170.4837	65.3035
		lb :	20.1624	164.5163	58.6965
		A:
			0.3432	-0.1427	-0.9284
			-0.1212	0.5024	-0.8561
			-0.7743	0.4698	0.4239
			-0.1586	-0.9873	0.0067
			0.22	0.7894	-0.5731
			0.7213	-0.1157	0.6829
			0.4343	0.3623	0.8247
			-0.5424	0.8361	-0.0817
			-0.7192	-0.4119	0.5596
			-0.4343	-0.3623	-0.8247
			0.5424	-0.8361	0.0817
			0.7192	0.4119	-0.5596
		b:
			-71.1803
			30.2812
			88.508
			-166.8347
			103.7028
			42.1508
			124.5208
			123.7403
			-49.1931
			-119.5208
			-120.7403
			53.1931
	==================================================================================
	Q3:
		Shape: Hybrid
		q_c:	21.5	170.0	62.0
		ub :	26.9703	173.5844	67.6623
		lb :	16.0297	166.4156	56.3377
		P^-1:
			0.0727	-0.0118	0.0142
			-0.0118	0.2298	-0.0544
			0.0142	-0.0544	0.0917
		A:
			0.8515	0.5242	-0.0125
			0.0126	-0.6739	0.7388
			-0.2395	0.9523	-0.189
			-0.709	-0.331	0.6228
			-0.0293	-0.9429	-0.3318
			-0.2359	-0.6311	0.739
		b:
			109.0903
			-66.9552
			146.1568
			-30.2316
			-179.7047
			-64.7189
	==================================================================================
	Q4:
		Shape: Hybrid
		q_c:	24.5	168.5	54.0
		ub :	28.1148	172.0817	55.8951
		lb :	20.8852	164.9183	52.1049
		P^-1:
			0.199	-0.0414	0.1718
			-0.0414	0.2041	-0.1826
			0.1718	-0.1826	0.9169
		A:
			0.4091	-0.3572	0.8397
			0.4695	0.15	-0.8701
			-0.4045	0.911	-0.0806
			0.0489	-0.1901	0.9805
			-0.4116	-0.4932	-0.7664
			0.7699	-0.0667	0.6346
		b:
			-4.1568
			-8.9104
			141.0863
			22.6848
			-133.1587
			43.1272
	==================================================================================
	Q5:
		Shape: Polyhedra
		q_c:	25.5	164.0	64.0
		ub :	31.0894	169.8162	69.9805
		lb :	19.9106	158.1838	58.0195
		A:
			0.4519	0.5573	0.6966
			0.9786	0.1276	0.1612
			-0.4469	-0.7276	-0.5205
			0.9591	-0.2668	0.0948
			0.7865	0.5537	0.2737
			-0.0503	-0.4491	-0.8921
			0.7	0.689	0.1878
			0.637	-0.4835	-0.6004
			-0.3229	0.5399	-0.7773
			-0.7	-0.689	-0.1878
			-0.637	0.4835	0.6004
			0.3229	-0.5399	0.7773
		b:
			150.545
			59.3078
			-161.2233
			-9.5517
			130.9371
			-128.3601
			145.3641
			-97.4787
			34.5643
			-140.3641
			105.4787
			-26.5643
	==================================================================================
	Q6:
		Shape: Ellipse
		q_c:	15.5	162.0	59.5
		ub :	18.4884	165.0315	62.6667
		lb :	12.5116	158.9685	56.3333
		P^-1:
			0.2077	-0.0706	-0.0791
			-0.0706	0.323	0.0737
			-0.0791	0.0737	0.3237


===========================================================================================
===========================================================================================
S3:
	q_c:	292.5	144.0	28.0
	ub :	327.0957	172.2356	59.3292
	lb :	256.0766	112.7044	-8.4443

	==================================================================================
	Q1:
		Shape: Hybrid
		q_c:	292.0	161.5	16.5
		ub :	301.1774	169.3855	25.4649
		lb :	282.8226	153.6145	7.5351
		P^-1:
			0.0495	0.0162	0.0225
			0.0162	0.048	0.0167
			0.0225	0.0167	0.035
		A:
			-0.9254	-0.0615	-0.374
			0.9527	0.2923	-0.0826
			-0.9001	-0.4268	-0.0873
			0.3571	-0.6875	-0.6323
			-0.0284	0.9943	-0.1026
			0.5232	-0.8316	-0.1866
		b:
			-283.7431
			327.7668
			-330.2433
			-13.0544
			154.1196
			19.1963
	==================================================================================
	Q2:
		Shape: Ellipse
		q_c:	298.0	162.0	52.0
		ub :	308.1803	172.2356	59.3292
		lb :	287.8197	151.7644	44.6708
		P^-1:
			0.0411	0.0308	0.0133
			0.0308	0.0455	0.013
			0.0133	0.013	0.0352
	==================================================================================
	Q3:
		Shape: Ellipse
		q_c:	274.0	130.5	7.5
		ub :	291.9234	148.2956	23.4443
		lb :	256.0766	112.7044	-8.4443
		P^-1:
			0.009	-0.0001	0.0012
			-0.0001	0.0094	-0.0013
			0.0012	-0.0013	0.0093
	==================================================================================
	Q4:
		Shape: Polyhedra
		q_c:	292.5	135.5	37.0
		ub :	303.1923	148.3192	48.1975
		lb :	281.8077	122.6808	25.8025
		A:
			0.0551	-0.3961	0.9165
			0.3334	-0.3179	-0.8876
			0.1169	-0.9308	0.3464
			-0.3111	0.7494	-0.5844
			0.8163	-0.1277	-0.5633
			0.6173	-0.5123	0.5971
			0.3074	0.6655	0.6801
			0.2378	0.6383	-0.7321
			-0.9214	0.3868	0.0379
			-0.3074	-0.6655	-0.6801
			-0.2378	-0.6383	0.7321
			0.9214	-0.3868	-0.0379
		b:
			3.9133
			29.2424
			-71.6495
			-3.7394
			207.8036
			140.5023
			213.2552
			136.4591
			-208.6974
			-197.2552
			-121.4591
			222.6974
	==================================================================================
	Q5:
		Shape: Polyhedra
		q_c:	280.0	134.5	18.0
		ub :	298.1672	148.3752	36.4303
		lb :	261.8328	120.6248	-0.4303
		A:
			0.1809	0.9812	0.0667
			0.286	-0.7098	-0.6437
			-0.8536	0.509	0.1107
			-0.9503	0.2685	0.1574
			0.2419	0.9697	0.0345
			-0.583	-0.5917	0.5568
			0.5834	0.213	0.7838
			-0.6803	0.6553	0.3283
			-0.4437	-0.7247	0.5272
			-0.5834	-0.213	-0.7838
			0.6803	-0.6553	-0.3283
			0.4437	0.7247	-0.5272
		b:
			192.7276
			-15.7489
			-158.3619
			-216.8484
			207.5634
			-226.6228
			221.5979
			-86.9426
			-206.2186
			-190.5979
			105.9426
			218.2186
	==================================================================================
	Q6:
		Shape: Ellipse
		q_c:	314.5	154.0	13.5
		ub :	327.0957	167.3143	27.7109
		lb :	301.9043	140.6857	-0.7109
		P^-1:
			0.0123	-0.003	0.0011
			-0.003	0.0195	-0.0126
			0.0011	-0.0126	0.0205


===========================================================================================
===========================================================================================
S4:
	q_c:	237.5	154.0	259.0
	ub :	250.773	165.3299	273.595
	lb :	224.748	145.3263	248.1154

	==================================================================================
	Q1:
		Shape: Ellipse
		q_c:	233.5	153.5	267.0
		ub :	239.1869	159.2226	269.9218
		lb :	227.8131	147.7774	264.0782
		P^-1:
			0.0825	0.0157	-0.0836
			0.0157	0.0749	-0.0658
			-0.0836	-0.0658	0.4121
	==================================================================================
	Q2:
		Shape: Polyhedra
		q_c:	232.0	150.0	266.0
		ub :	235.8891	154.6737	268.6926
		lb :	228.1109	145.3263	263.3074
		A:
			0.9329	0.1408	0.3315
			0.5691	0.3443	0.7467
			-0.8922	-0.446	-0.0714
			0.0706	0.1312	0.9888
			0.9855	-0.1394	0.0964
			0.5395	0.5846	0.6059
			0.6429	0.24	0.7274
			-0.4066	0.9117	0.0585
			-0.6491	-0.3334	0.6837
			-0.6429	-0.24	-0.7274
			0.4066	-0.9117	-0.0585
			0.6491	0.3334	-0.6837
		b:
			327.5536
			383.8744
			-291.1233
			300.8752
			235.9177
			376.0257
			380.1383
			61.9847
			-16.7294
			-377.1383
			-53.9847
			20.7294
	==================================================================================
	Q3:
		Shape: Ellipse
		q_c:	230.5	157.5	252.5
		ub :	236.252	162.8338	256.4369
		lb :	224.748	152.1662	248.5631
		P^-1:
			0.0698	0.0848	0.1084
			0.0848	0.4026	0.4515
			0.1084	0.4515	0.6264
	==================================================================================
	Q4:
		Shape: Ellipse
		q_c:	236.5	157.0	265.5
		ub :	245.6375	165.3299	273.595
		lb :	227.3625	148.6701	257.405
		P^-1:
			0.0338	0.0167	-0.0171
			0.0167	0.0568	-0.0386
			-0.0171	-0.0386	0.0719
	==================================================================================
	Q5:
		Shape: Hybrid
		q_c:	247.0	157.5	261.0
		ub :	250.6417	163.0331	267.3615
		lb :	243.3583	151.9669	254.6385
		P^-1:
			0.1134	-0.0101	0.0036
			-0.0101	0.1218	-0.0564
			0.0036	-0.0564	0.069
		A:
			-0.3838	-0.9204	0.0743
			-0.1503	0.8589	-0.4896
			0.0313	0.5767	-0.8164
			-0.0219	0.892	-0.4515
			-0.0492	-0.9589	-0.2793
			0.3116	0.9343	-0.1729
		b:
			-218.1762
			-28.3721
			-112.6478
			18.5366
			-232.8682
			180.9245
	==================================================================================
	Q6:
		Shape: Ellipse
		q_c:	245.0	151.0	254.0
		ub :	250.773	156.4553	259.8846
		lb :	239.227	145.5447	248.1154
		P^-1:
			0.1997	0.0514	0.1985
			0.0514	0.0738	0.0479
			0.1985	0.0479	0.2612


===========================================================================================
===========================================================================================
S5:
	q_c:	99.5	277.0	461.5
	ub :	110.298	283.8409	471.7701
	lb :	93.6831	271.9385	456.0389

	==================================================================================
	Q1:
		Shape: Hybrid
		q_c:	97.0	281.0	465.5
		ub :	100.3169	283.5488	469.005
		lb :	93.6831	278.4512	461.995
		P^-1:
			0.2118	-0.0115	-0.043
			-0.0115	0.2466	-0.0129
			-0.043	-0.0129	0.2016
		A:
			0.3313	-0.5339	0.778
			0.155	0.8207	0.5499
			-0.7104	0.5944	-0.3767
			0.7843	0.4478	0.4294
			-0.9958	0.0674	0.0627
			-0.0706	0.7011	0.7095
		b:
			245.5071
			502.8667
			-76.0405
			403.1969
			-47.2718
			521.6551
	==================================================================================
	Q2:
		Shape: Hybrid
		q_c:	101.5	278.5	459.5
		ub :	105.2205	281.8806	462.9611
		lb :	97.7795	275.1194	456.0389
		P^-1:
			0.2248	-0.0131	0.0382
			-0.0131	0.2432	0.0198
			0.0382	0.0198	0.1919
		A:
			-0.8383	-0.5446	0.0261
			0.2866	0.2486	-0.9252
			0.9741	0.0601	0.2182
			0.4044	0.0035	0.9146
			-0.3427	-0.2362	-0.9093
			0.6666	-0.6681	-0.3305
		b:
			-223.5667
			-325.3484
			216.9338
			463.4167
			-517.2448
			-269.1723
	==================================================================================
	Q3:
		Shape: Polyhedra
		q_c:	106.5	275.5	468.0
		ub :	110.298	279.0615	471.7701
		lb :	102.702	271.9385	464.2299
		A:
			-0.1902	-0.2403	-0.9519
			0.361	-0.5583	-0.747
			0.1779	0.0796	0.9808
			-0.9815	0.1879	0.0354
			0.1647	0.9862	-0.0148
			-0.9286	0.2039	-0.3101
			0.7679	0.5578	0.315
			0.4746	-0.165	-0.8646
			-0.4303	0.8134	-0.3914
			-0.7679	-0.5578	-0.315
			-0.4746	0.165	0.8646
			0.4303	-0.8134	0.3914
		b:
			-529.5883
			-462.4994
			502.2948
			-33.8803
			284.6056
			-185.5788
			384.8851
			-397.0516
			-2.4017
			-380.8851
			402.0516
			7.4017
	==================================================================================
	Q4:
		Shape: Ellipse
		q_c:	100.0	280.0	461.5
		ub :	102.2109	283.8409	465.0356
		lb :	97.7891	276.1591	457.9644
		P^-1:
			0.4318	0.0528	0.0099
			0.0528	0.1713	0.0701
			0.0099	0.0701	0.2024
	==================================================================================
	Q5:
		Shape: Hybrid
		q_c:	100.5	275.0	467.5
		ub :	103.8871	278.0386	470.4887
		lb :	97.1129	271.9614	464.5113
		P^-1:
			0.25	-0.0	0.0
			-0.0	0.25	-0.0
			0.0	-0.0	0.25
		A:
			-0.1437	0.9674	0.2087
			0.6527	-0.7383	0.1697
			-0.8346	-0.4973	0.2368
			0.2117	0.8648	0.4554
			0.3169	0.1161	0.9413
			0.6968	0.4247	0.578
		b:
			350.151
			-57.1268
			-108.9259
			472.9709
			504.8474
			458.0587
	==================================================================================
	Q6:
		Shape: Polyhedra
		q_c:	102.0	276.0	466.0
		ub :	105.7165	279.8354	469.0143
		lb :	98.2835	272.1646	462.9857
		A:
			0.2708	0.4205	0.866
			-0.8627	-0.3719	-0.3428
			0.5782	0.8001	-0.1598
			-0.1174	-0.7319	0.6713
			-0.3922	-0.8979	-0.1999
			0.7398	0.5697	0.3579
			0.6721	0.6342	0.3823
			0.6989	-0.7138	-0.0445
			0.2447	0.2971	-0.923
			-0.6721	-0.6342	-0.3823
			-0.6989	0.7138	0.0445
			-0.2447	-0.2971	0.923
		b:
			549.1752
			-348.6729
			207.2047
			101.3775
			-379.1656
			401.0089
			423.221
			-143.4527
			-320.6702
			-420.221
			149.4527
			325.6702


===========================================================================================
===========================================================================================
S6:
	q_c:	268.5	197.5	120.5
	ub :	279.0146	208.7054	132.6756
	lb :	257.2706	184.0149	115.37

	==================================================================================
	Q1:
		Shape: Polyhedra
		q_c:	262.5	190.0	125.5
		ub :	267.7294	195.9851	131.5382
		lb :	257.2706	184.0149	119.4618
		A:
			-0.5963	0.7186	0.3577
			-0.0272	0.9603	-0.2777
			0.1589	-0.9396	0.3033
			-0.9717	-0.229	0.0573
			0.8466	0.3304	-0.4174
			0.0177	-0.9989	0.0424
			0.2095	0.6567	0.7244
			-0.5799	0.68	-0.4488
			-0.7873	-0.3261	0.5233
			-0.2095	-0.6567	-0.7244
			0.5799	-0.68	0.4488
			0.7873	0.3261	-0.5233
		b:
			28.5213
			143.9736
			-95.2252
			-288.21
			235.63
			-176.1728
			274.6827
			-75.8472
			-199.9566
			-266.6827
			82.8472
			205.9566
	==================================================================================
	Q2:
		Shape: Hybrid
		q_c:	273.5	199.0	128.0
		ub :	277.1892	203.3176	132.6756
		lb :	269.8108	194.6824	123.3244
		P^-1:
			0.1752	0.0372	0.012
			0.0372	0.1704	0.073
			0.012	0.073	0.1461
		A:
			0.8844	-0.2692	0.3812
			0.5819	0.7315	0.3553
			-0.6979	-0.5231	-0.4891
			-0.9466	-0.2741	-0.1698
			-0.865	-0.3729	0.3358
			-0.7011	0.6682	0.2488
		b:
			238.9745
			351.2663
			-356.5124
			-333.8984
			-266.253
			-25.3018
	==================================================================================
	Q3:
		Shape: Ellipse
		q_c:	269.0	200.0	124.5
		ub :	274.2794	203.9502	130.19
		lb :	263.7206	196.0498	118.81
		P^-1:
			0.0929	-0.0036	0.0277
			-0.0036	0.0821	-0.0015
			0.0277	-0.0015	0.0671
	==================================================================================
	Q4:
		Shape: Ellipse
		q_c:	271.0	204.5	124.0
		ub :	275.6677	208.7054	127.359
		lb :	266.3323	200.2946	120.641
		P^-1:
			1.0156	1.3203	-1.0449
			1.3203	1.8916	-1.4493
			-1.0449	-1.4493	1.237
	==================================================================================
	Q5:
		Shape: Polyhedra
		q_c:	271.5	200.0	124.0
		ub :	276.6199	205.2462	128.89
		lb :	266.3801	194.7538	119.11
		A:
			0.283	-0.0565	-0.9575
			0.2181	-0.6193	0.7543
			-0.1789	0.7917	-0.5842
			0.6104	0.639	-0.4681
			0.1888	-0.1534	0.97
			-0.5949	-0.2029	0.7778
			0.0318	0.9054	0.4234
			0.2598	0.4016	-0.8782
			-0.9651	0.1379	-0.2224
			-0.0318	-0.9054	-0.4234
			-0.2598	-0.4016	0.8782
			0.9651	-0.1379	0.2224
		b:
			-50.3095
			32.0309
			40.5958
			238.6313
			143.9247
			-102.7529
			246.2219
			44.4404
			-257.5263
			-238.2219
			-39.4404
			266.5263
	==================================================================================
	Q6:
		Shape: Hybrid
		q_c:	273.0	191.0	121.5
		ub :	279.0146	197.0851	127.63
		lb :	266.9854	184.9149	115.37
		P^-1:
			0.0794	-0.0049	0.0038
			-0.0049	0.0711	0.0082
			0.0038	0.0082	0.0753
		A:
			0.4068	0.8798	0.2457
			0.1033	-0.8202	-0.5627
			0.0773	0.6101	0.7886
			-0.6645	0.7433	0.077
			0.2116	0.1694	-0.9626
			0.1486	-0.7921	-0.592
		b:
			310.9351
			-195.0491
			235.1887
			-28.2787
			-24.7795
			-180.8978


===========================================================================================
===========================================================================================
