3D_45_11_6_f                l = 3

===========================================================================================
===========================================================================================
S1:
	q_c:	304.5	81.0	393.0
	ub :	319.3327	105.2855	416.2817
	lb :	280.9305	58.8514	378.3896

	==================================================================================
	Q1:
		Shape: Ellipse
		q_c:	290.5	84.5	398.5
		ub :	300.0695	94.04	404.1773
		lb :	280.9305	74.96	392.8227
		P^-1:
			0.0372	-0.0127	0.0219
			-0.0127	0.0362	0.0202
			0.0219	0.0202	0.1009
	==================================================================================
	Q2:
		Shape: Hybrid
		q_c:	298.0	89.0	401.0
		ub :	303.8785	96.1134	408.6186
		lb :	292.1215	81.8866	393.3814
		P^-1:
			0.1262	-0.0023	0.042
			-0.0023	0.0903	0.0506
			0.042	0.0506	0.075
		A:
			0.4048	-0.2795	-0.8706
			0.4029	-0.7771	-0.4836
			-0.258	-0.6748	-0.6915
			0.3616	0.5704	0.7375
			-0.3953	0.7116	0.5809
			0.8344	-0.5269	-0.1617
		b:
			-249.6205
			-141.3014
			-412.7907
			455.7258
			180.3662
			138.6928
	==================================================================================
	Q3:
		Shape: Ellipse
		q_c:	304.0	72.5	407.0
		ub :	308.7025	79.6471	415.6467
		lb :	299.2975	65.3529	398.3533
		P^-1:
			0.1059	-0.0112	-0.0182
			-0.0112	0.066	-0.026
			-0.0182	-0.026	0.0386
	==================================================================================
	Q4:
		Shape: Hybrid
		q_c:	308.5	94.0	406.5
		ub :	319.3327	105.2855	416.2817
		lb :	297.6673	82.7145	396.7183
		P^-1:
			0.0553	0.0152	0.0445
			0.0152	0.0264	0.0224
			0.0445	0.0224	0.0609
		A:
			0.9988	-0.0489	-0.0099
			0.4373	0.8739	-0.2122
			0.8636	0.3439	0.3686
			0.8789	0.3722	-0.2983
			0.252	0.5404	0.8028
			-0.4445	-0.4528	-0.773
		b:
			304.6483
			137.6623
			451.6669
			191.7633
			457.6564
			-491.9359
	==================================================================================
	Q5:
		Shape: Ellipse
		q_c:	299.5	90.0	387.0
		ub :	306.0087	97.5782	395.6104
		lb :	292.9913	82.4218	378.3896
		P^-1:
			0.0843	-0.0845	-0.0473
			-0.0845	0.1515	0.0741
			-0.0473	0.0741	0.0624
	==================================================================================
	Q6:
		Shape: Hybrid
		q_c:	307.5	65.5	404.0
		ub :	316.1567	72.1486	412.4805
		lb :	298.8433	58.8514	395.5195
		P^-1:
			0.0368	0.0172	0.0141
			0.0172	0.0836	0.0333
			0.0141	0.0333	0.0516
		A:
			-0.6206	-0.6612	0.4216
			0.9195	-0.3406	-0.1964
			-0.6928	0.6507	0.3109
			-0.8444	-0.5348	-0.0313
			0.2164	-0.9328	0.2882
			-0.6909	0.6506	0.3154
		b:
			-59.9137
			185.3235
			-41.0914
			-304.0636
			125.3252
			-38.7016


===========================================================================================
===========================================================================================
S2:
	q_c:	476.5	328.0	177.5
	ub :	486.2105	351.0602	194.8366
	lb :	455.4193	309.9709	162.749

	==================================================================================
	Q1:
		Shape: Polyhedra
		q_c:	476.5	328.5	185.5
		ub :	483.2511	337.7833	194.8366
		lb :	469.7489	319.2167	176.1634
		A:
			0.6091	0.442	-0.6585
			0.3612	-0.3823	0.8505
			-0.4131	0.8643	0.2867
			0.8315	0.1732	-0.5278
			-0.8125	0.3843	-0.4383
			0.3841	-0.2141	-0.8981
			0.375	0.5592	0.7393
			-0.9253	0.2742	0.262
			-0.0562	-0.7824	0.6203
			-0.375	-0.5592	-0.7393
			0.9253	-0.2742	-0.262
			0.0562	0.7824	-0.6203
		b:
			318.7808
			210.2291
			145.5966
			360.1331
			-337.0191
			-48.4711
			505.551
			-297.7577
			-162.7121
			-493.551
			306.7577
			174.7121
	==================================================================================
	Q2:
		Shape: Ellipse
		q_c:	469.5	318.0	174.0
		ub :	474.3996	325.8064	182.3023
		lb :	464.6004	310.1936	165.6977
		P^-1:
			0.2193	0.0733	0.0196
			0.0733	0.0646	-0.0002
			0.0196	-0.0002	0.0298
	==================================================================================
	Q3:
		Shape: Hybrid
		q_c:	479.0	334.5	176.0
		ub :	486.2105	342.3175	185.9769
		lb :	471.7895	326.6825	166.0231
		P^-1:
			0.0336	0.0075	0.0013
			0.0075	0.0606	0.0304
			0.0013	0.0304	0.0344
		A:
			0.3833	0.6011	0.7012
			-0.1474	0.7529	0.6414
			0.6227	-0.0344	-0.7817
			0.7188	0.67	0.1856
			0.7598	-0.4052	-0.5084
			0.422	0.5621	0.7113
		b:
			510.6225
			296.1405
			153.7003
			603.836
			142.2701
			518.0891
	==================================================================================
	Q4:
		Shape: Ellipse
		q_c:	462.5	343.0	181.5
		ub :	469.5807	351.0602	188.8892
		lb :	455.4193	334.9398	174.1108
		P^-1:
			0.04	0.0001	0.0001
			0.0001	0.0478	0.0107
			0.0001	0.0107	0.0547
	==================================================================================
	Q5:
		Shape: Ellipse
		q_c:	465.5	336.0	168.5
		ub :	471.3113	340.2326	174.251
		lb :	459.6887	331.7674	162.749
		P^-1:
			0.0746	-0.0006	-0.0355
			-0.0006	0.0625	-0.0008
			-0.0355	-0.0008	0.0766
	==================================================================================
	Q6:
		Shape: Polyhedra
		q_c:	470.5	319.0	172.0
		ub :	479.4753	328.0291	177.7791
		lb :	461.5247	309.9709	166.2209
		A:
			0.6749	-0.1409	-0.7243
			0.9976	-0.0049	-0.0697
			0.2215	-0.1828	0.9579
			-0.083	-0.643	-0.7614
			0.2495	0.5786	-0.7765
			0.0538	0.0425	-0.9976
			0.6345	0.7067	0.313
			0.731	-0.6802	0.0539
			0.251	0.1946	-0.9482
			-0.6345	-0.7067	-0.313
			-0.731	0.6802	-0.0539
			-0.251	-0.1946	0.9482
		b:
			152.0603
			461.518
			214.7846
			-369.2709
			172.5044
			-128.9236
			584.816
			141.2079
			20.5691
			-570.816
			-131.2079
			-13.5691


===========================================================================================
===========================================================================================
S3:
	q_c:	403.5	492.0	196.5
	ub :	424.3445	516.0345	214.1311
	lb :	387.7554	478.8314	178.8811

	==================================================================================
	Q1:
		Shape: Polyhedra
		q_c:	413.5	505.5	209.0
		ub :	424.3445	515.5285	214.1311
		lb :	402.6555	495.4715	203.8689
		A:
			-0.9138	0.1185	-0.3884
			0.4826	0.1172	0.868
			0.2905	0.1378	0.9469
			-0.2379	-0.1917	-0.9522
			-0.8379	0.4405	-0.3224
			-0.1804	-0.0677	-0.9813
			0.1179	0.1716	0.9781
			-0.4703	0.8772	-0.0973
			-0.8746	-0.4485	0.1841
			-0.1179	-0.1716	-0.9781
			0.4703	-0.8772	0.0973
			0.8746	0.4485	-0.1841
		b:
			-392.1607
			444.2747
			390.9361
			-391.1076
			-184.4176
			-310.7915
			342.9103
			235.129
			-541.3939
			-336.9103
			-222.129
			558.3939
	==================================================================================
	Q2:
		Shape: Ellipse
		q_c:	396.5	491.5	200.0
		ub :	405.2446	500.1729	208.9288
		lb :	387.7554	482.8271	191.0712
		P^-1:
			0.0461	0.0167	0.0032
			0.0167	0.0407	0.0085
			0.0032	0.0085	0.0324
	==================================================================================
	Q3:
		Shape: Ellipse
		q_c:	394.5	493.5	209.0
		ub :	399.8086	498.9312	212.1846
		lb :	389.1914	488.0688	205.8154
		P^-1:
			0.0686	-0.0087	-0.0024
			-0.0087	0.0771	-0.0113
			-0.0024	-0.0113	0.1584
	==================================================================================
	Q4:
		Shape: Polyhedra
		q_c:	399.0	486.0	191.0
		ub :	403.7447	493.1686	198.0652
		lb :	394.2553	478.8314	183.9348
		A:
			-0.6053	0.5581	-0.5676
			-0.6624	-0.4375	0.6081
			0.1666	0.7783	-0.6054
			0.9811	-0.1812	-0.0679
			-0.1911	0.4643	-0.8648
			0.7104	-0.5305	-0.4624
			0.0433	0.6617	0.7485
			-0.4689	0.675	-0.5696
			-0.8822	-0.3263	0.3395
			-0.0433	-0.6617	-0.7485
			0.4689	-0.675	0.5696
			0.8822	0.3263	-0.3395
		b:
			-73.7146
			-357.8353
			333.3342
			293.8961
			-10.974
			-58.7141
			486.3158
			37.1615
			-443.2546
			-477.3158
			-27.1615
			448.2546
	==================================================================================
	Q5:
		Shape: Ellipse
		q_c:	402.5	507.5	188.0
		ub :	410.6919	516.0345	197.1189
		lb :	394.3081	498.9655	178.8811
		P^-1:
			0.039	0.0139	0.0175
			0.0139	0.0463	-0.004
			0.0175	-0.004	0.0444
	==================================================================================
	Q6:
		Shape: Hybrid
		q_c:	414.0	486.5	196.5
		ub :	418.007	488.8505	205.7117
		lb :	409.993	484.1495	187.2883
		P^-1:
			0.4232	-0.0031	0.0934
			-0.0031	0.444	0.0137
			0.0934	0.0137	0.034
		A:
			-0.3757	0.9081	-0.1847
			-0.2611	-0.9635	-0.0594
			-0.4111	-0.906	-0.1005
			0.9381	-0.2289	0.2601
			0.2283	0.9732	-0.0258
			0.9383	0.3422	0.0494
		b:
			251.0966
			-587.7154
			-629.9698
			328.9554
			563.9595
			566.0388


===========================================================================================
===========================================================================================
S4:
	q_c:	131.5	370.5	324.0
	ub :	141.5727	380.2921	335.4171
	lb :	122.8383	362.6372	316.4844

	==================================================================================
	Q1:
		Shape: Ellipse
		q_c:	135.5	372.0	321.5
		ub :	138.8412	375.8437	326.0685
		lb :	132.1588	368.1563	316.9315
		P^-1:
			0.1568	0.0005	-0.0153
			0.0005	0.1092	0.0073
			-0.0153	0.0073	0.0868
	==================================================================================
	Q2:
		Shape: Polyhedra
		q_c:	127.5	373.0	325.5
		ub :	132.1617	377.7273	330.6515
		lb :	122.8383	368.2727	320.3485
		A:
			0.413	-0.3837	0.826
			-0.838	0.273	-0.4725
			-0.1898	0.7571	-0.6251
			0.6624	0.6056	-0.441
			-0.6806	0.7318	-0.0336
			-0.668	0.5984	-0.4424
			0.8205	0.3898	0.418
			0.0897	-0.8101	0.5793
			0.5645	-0.4379	-0.6997
			-0.8205	-0.3898	-0.418
			-0.0897	0.8101	-0.5793
			-0.5645	0.4379	0.6997
		b:
			181.0656
			-155.9378
			57.2489
			169.6854
			178.2879
			-3.2379
			389.0928
			-99.6685
			-315.6072
			-383.0928
			104.6685
			322.6072
	==================================================================================
	Q3:
		Shape: Polyhedra
		q_c:	137.5	376.5	320.0
		ub :	141.5727	380.2921	323.5156
		lb :	133.4273	372.7079	316.4844
		A:
			-0.2612	0.1241	-0.9573
			0.4619	-0.8431	0.2753
			0.6708	-0.5319	-0.5168
			0.491	-0.6043	-0.6274
			0.1553	0.2255	0.9618
			0.6138	0.7574	-0.2226
			0.9573	0.2356	0.1677
			0.242	-0.9701	-0.0185
			0.1583	0.0583	-0.9857
			-0.9573	-0.2356	-0.1677
			-0.242	0.9701	0.0185
			-0.1583	-0.0583	0.9857
		b:
			-292.5256
			-162.8389
			-270.4116
			-357.8079
			417.017
			301.3344
			276.9798
			-334.8982
			-268.6954
			-270.9798
			340.8982
			274.6954
	==================================================================================
	Q4:
		Shape: Hybrid
		q_c:	127.5	366.0	321.5
		ub :	131.4151	369.3628	325.5842
		lb :	123.5849	362.6372	317.4158
		P^-1:
			0.1356	-0.0087	-0.0235
			-0.0087	0.354	-0.1405
			-0.0235	-0.1405	0.2259
		A:
			-0.5051	-0.6221	0.5983
			0.3878	0.9193	0.0665
			-0.4407	0.6335	-0.636
			0.8686	-0.2829	-0.4068
			-0.0496	-0.6811	-0.7305
			-0.2507	-0.8981	-0.3613
		b:
			-98.6179
			408.8377
			-27.5958
			-121.8191
			-488.4635
			-475.0449
	==================================================================================
	Q5:
		Shape: Ellipse
		q_c:	130.5	370.0	328.0
		ub :	135.4198	375.5229	332.0146
		lb :	125.5802	364.4771	323.9854
		P^-1:
			0.1055	0.0177	-0.001
			0.0177	0.0552	0.0032
			-0.001	0.0032	0.1109
	==================================================================================
	Q6:
		Shape: Polyhedra
		q_c:	133.0	370.0	330.0
		ub :	138.816	375.4313	335.4171
		lb :	127.184	364.5687	324.5829
		A:
			-0.9869	-0.0607	-0.1497
			-0.2889	-0.114	-0.9505
			0.1561	0.8728	-0.4625
			-0.3046	-0.168	0.9375
			0.0383	0.8626	-0.5045
			0.2163	0.8124	-0.5416
			0.7375	0.4023	0.5424
			-0.6639	0.5788	0.4735
			-0.1235	-0.7093	0.694
			-0.7375	-0.4023	-0.5424
			0.6639	-0.5788	-0.4735
			0.1235	0.7093	-0.694
		b:
			-199.2942
			-391.0208
			193.2724
			209.7558
			160.0072
			152.7208
			429.429
			286.6105
			-47.8716
			-422.429
			-277.6105
			51.8716


===========================================================================================
===========================================================================================
S5:
	q_c:	189.5	321.5	384.0
	ub :	199.5495	330.0896	393.688
	lb :	180.287	313.4032	373.7987

	==================================================================================
	Q1:
		Shape: Ellipse
		q_c:	195.0	323.0	379.0
		ub :	199.389	326.9845	384.2013
		lb :	190.611	319.0155	373.7987
		P^-1:
			0.1468	-0.0193	-0.0196
			-0.0193	0.1202	0.0008
			-0.0196	0.0008	0.0535
	==================================================================================
	Q2:
		Shape: Ellipse
		q_c:	190.5	323.5	389.0
		ub :	194.2109	328.1507	393.688
		lb :	186.7891	318.8493	384.312
		P^-1:
			0.1111	-0.0	0.0
			-0.0	0.1111	0.0
			0.0	0.0	0.1111
	==================================================================================
	Q3:
		Shape: Polyhedra
		q_c:	187.0	324.5	384.0
		ub :	192.3238	330.0896	388.6829
		lb :	181.6762	318.9104	379.3171
		A:
			-0.4151	0.9097	0.008
			-0.6963	0.0936	0.7117
			-0.6261	-0.5601	0.5425
			0.0814	-0.9384	0.3357
			0.2144	0.7505	-0.6251
			0.7872	-0.1863	0.5879
			0.6743	0.434	0.5974
			0.6577	-0.7209	-0.2187
			0.3358	0.5404	-0.7715
			-0.6743	-0.434	-0.5974
			-0.6577	0.7209	0.2187
			-0.3358	-0.5404	0.7715
		b:
			224.5321
			176.9374
			-87.5553
			-156.9218
			46.6389
			315.5311
			498.8439
			-190.9095
			-55.1228
			-493.8439
			198.9095
			61.1228
	==================================================================================
	Q4:
		Shape: Polyhedra
		q_c:	192.5	324.0	382.5
		ub :	195.6795	327.3436	386.2755
		lb :	189.3205	320.6564	378.7245
		A:
			-0.9885	0.1157	0.0974
			-0.8962	-0.3342	0.2918
			0.6227	0.3624	0.6935
			0.2239	0.9446	0.24
			-0.3697	-0.8341	-0.4094
			0.0939	-0.3224	0.9419
			0.8377	0.2078	0.5051
			0.0586	-0.9537	0.2951
			0.543	-0.2175	-0.8111
			-0.8377	-0.2078	-0.5051
			-0.0586	0.9537	-0.2951
			-0.543	0.2175	0.8111
		b:
			-113.3218
			-166.9028
			504.6027
			443.3241
			-495.7421
			276.3101
			423.7722
			-182.3456
			-273.6862
			-419.7722
			187.3456
			278.6862
	==================================================================================
	Q5:
		Shape: Hybrid
		q_c:	194.0	324.0	381.5
		ub :	199.5495	328.4286	385.1137
		lb :	188.4505	319.5714	377.8863
		P^-1:
			0.0713	0.0413	0.0153
			0.0413	0.1408	-0.0071
			0.0153	-0.0071	0.1574
		A:
			0.1494	0.8269	0.5422
			0.4109	0.7104	0.5714
			0.5548	-0.7015	-0.4473
			-0.4978	-0.6186	0.6079
			-0.0505	0.5961	-0.8013
			0.276	-0.432	-0.8586
		b:
			505.2123
			529.1265
			-287.473
			-63.6439
			-121.0287
			-411.9853
	==================================================================================
	Q6:
		Shape: Hybrid
		q_c:	184.0	316.0	378.5
		ub :	187.713	318.5968	381.911
		lb :	180.287	313.4032	375.089
		P^-1:
			0.1946	-0.093	-0.0004
			-0.093	0.4098	0.0011
			-0.0004	0.0011	0.16
		A:
			-0.1278	-0.9455	0.2995
			0.8267	-0.4929	0.2713
			-0.4549	-0.8902	-0.0247
			0.9037	-0.4204	-0.0807
			-0.1168	-0.6642	0.7384
			-0.8975	0.2889	0.3331
		b:
			-207.8257
			100.2881
			-372.991
			4.1971
			49.5945
			53.6863


===========================================================================================
===========================================================================================
S6:
	q_c:	418.5	424.5	136.0
	ub :	438.0764	439.1022	160.1802
	lb :	399.412	408.1832	124.5037

	==================================================================================
	Q1:
		Shape: Hybrid
		q_c:	418.5	413.5	138.5
		ub :	426.4922	418.8168	147.317
		lb :	410.5078	408.1832	129.683
		P^-1:
			0.337	-0.4177	0.1789
			-0.4177	0.6001	-0.2243
			0.1789	-0.2243	0.1207
		A:
			0.6944	-0.6335	0.3414
			-0.7082	0.6407	-0.2965
			-0.5379	0.8	-0.2657
			0.5935	-0.7645	0.2516
			-0.2456	0.9342	-0.2587
			-0.7064	0.6269	-0.3285
		b:
			76.8784
			-71.4668
			69.4321
			-32.3168
			249.4977
			-80.8743
	==================================================================================
	Q2:
		Shape: Polyhedra
		q_c:	421.0	420.0	132.0
		ub :	427.8163	428.7853	137.5451
		lb :	414.1837	411.2147	126.4549
		A:
			-0.476	0.5798	-0.6612
			0.5216	0.1191	-0.8448
			0.5147	-0.4479	0.7311
			-0.0354	-0.3643	0.9306
			-0.8178	-0.5542	0.1551
			-0.3659	0.8392	-0.4023
			0.4088	0.851	0.3298
			-0.0415	0.3783	-0.9247
			-0.9117	0.3643	0.19
			-0.4088	-0.851	-0.3298
			0.0415	-0.3783	0.9247
			0.9117	-0.3643	-0.19
		b:
			-41.0955
			161.2204
			128.0473
			-42.5532
			-550.4188
			149.606
			580.5308
			21.8468
			-201.7338
			-565.5308
			-16.8468
			209.7338
	==================================================================================
	Q3:
		Shape: Ellipse
		q_c:	407.5	418.5	151.0
		ub :	414.2065	428.4277	160.1802
		lb :	400.7935	408.5723	141.8198
		P^-1:
			0.0543	0.0023	-0.0108
			0.0023	0.021	-0.0119
			-0.0108	-0.0119	0.0428
	==================================================================================
	Q4:
		Shape: Ellipse
		q_c:	411.0	434.5	146.5
		ub :	416.5292	439.1022	152.401
		lb :	405.4708	429.8978	140.599
		P^-1:
			0.101	-0.031	-0.0149
			-0.031	0.1299	-0.0382
			-0.0149	-0.0382	0.0896
	==================================================================================
	Q5:
		Shape: Ellipse
		q_c:	405.0	423.5	131.0
		ub :	410.588	432.2467	137.4963
		lb :	399.412	414.7533	124.5037
		P^-1:
			0.1889	-0.0202	0.0973
			-0.0202	0.0162	-0.0119
			0.0973	-0.0119	0.0865
	==================================================================================
	Q6:
		Shape: Ellipse
		q_c:	432.0	426.0	142.5
		ub :	438.0764	433.7047	151.1055
		lb :	425.9236	418.2953	133.8945
		P^-1:
			0.2987	0.1782	0.0899
			0.1782	0.1464	0.0535
			0.0899	0.0535	0.0561


===========================================================================================
===========================================================================================
S7:
	q_c:	373.5	333.5	27.5
	ub :	387.3163	350.1039	42.1158
	lb :	364.0824	325.2403	14.7507

	==================================================================================
	Q1:
		Shape: Ellipse
		q_c:	376.5	331.0	35.5
		ub :	383.3756	333.6974	42.1158
		lb :	369.6244	328.3026	28.8842
		P^-1:
			0.0457	-0.0216	-0.0046
			-0.0216	0.2477	0.0006
			-0.0046	0.0006	0.046
	==================================================================================
	Q2:
		Shape: Ellipse
		q_c:	370.0	332.5	22.0
		ub :	375.9176	339.7597	29.2493
		lb :	364.0824	325.2403	14.7507
		P^-1:
			0.0599	-0.004	0.0034
			-0.004	0.0509	-0.0013
			0.0034	-0.0013	0.0505
	==================================================================================
	Q3:
		Shape: Ellipse
		q_c:	372.0	342.0	31.0
		ub :	378.6519	350.1039	37.9759
		lb :	365.3481	333.8961	24.0241
		P^-1:
			0.075	-0.0157	0.0096
			-0.0157	0.0442	0.0228
			0.0096	0.0228	0.0677
	==================================================================================
	Q4:
		Shape: Hybrid
		q_c:	371.5	334.0	23.0
		ub :	374.1774	338.7484	28.0752
		lb :	368.8226	329.2516	17.9248
		P^-1:
			0.363	-0.0855	-0.0462
			-0.0855	0.2267	0.1354
			-0.0462	0.1354	0.1541
		A:
			0.8998	-0.385	0.2051
			0.3128	-0.9168	-0.2483
			0.0333	0.967	0.2525
			0.3455	0.4922	0.799
			0.5066	0.1001	-0.8564
			0.7951	0.6036	0.0595
		b:
			211.8467
			-194.245
			342.889
			312.6777
			204.7402
			500.0623
	==================================================================================
	Q5:
		Shape: Ellipse
		q_c:	381.5	332.5	34.5
		ub :	384.7738	335.4626	37.4757
		lb :	378.2262	329.5374	31.5243
		P^-1:
			0.1176	0.0477	0.0587
			0.0477	0.4619	0.4318
			0.0587	0.4318	0.6427
	==================================================================================
	Q6:
		Shape: Polyhedra
		q_c:	381.0	333.5	31.5
		ub :	387.3163	337.4305	37.7094
		lb :	374.6837	329.5695	25.2906
		A:
			0.5907	-0.699	-0.4031
			0.1787	0.9021	-0.3928
			-0.3069	0.6204	0.7218
			-0.7324	0.6795	-0.0429
			0.8989	0.044	-0.4359
			0.9148	-0.3984	-0.0656
			0.6413	0.1565	0.7511
			-0.6777	-0.3436	0.6502
			0.3598	-0.926	-0.1143
			-0.6413	-0.1565	-0.7511
			0.6777	0.3436	-0.6502
			-0.3598	0.926	0.1143
		b:
			-18.2475
			359.6887
			115.8249
			-51.1214
			347.2933
			216.9277
			324.6957
			-348.2942
			-173.3254
			-315.6957
			356.2942
			177.3254


===========================================================================================
===========================================================================================
S8:
	q_c:	250.0	332.5	291.5
	ub :	258.5338	337.38	303.5166
	lb :	239.7076	323.521	282.5559

	==================================================================================
	Q1:
		Shape: Polyhedra
		q_c:	248.0	330.0	299.5
		ub :	252.1425	333.3368	303.2589
		lb :	243.8575	326.6632	295.7411
		A:
			0.0154	0.8869	-0.4617
			-0.4178	0.9033	0.0975
			-0.1974	-0.7064	-0.6797
			0.4779	-0.5634	0.6739
			-0.5922	-0.78	-0.202
			-0.6358	0.6909	-0.3442
			0.9411	0.2124	0.2631
			0.2282	-0.9731	-0.0307
			0.2496	0.0889	-0.9643
			-0.9411	-0.2124	-0.2631
			-0.2282	0.9731	0.0307
			-0.2496	-0.0889	0.9643
		b:
			160.856
			226.2068
			-482.8548
			137.2707
			-461.9816
			-30.0914
			385.2986
			-271.2151
			-194.5652
			-379.2986
			276.2151
			200.5652
	==================================================================================
	Q2:
		Shape: Hybrid
		q_c:	253.5	330.0	298.0
		ub :	258.5338	334.9475	303.5166
		lb :	248.4662	325.0525	292.4834
		P^-1:
			0.1099	0.0279	0.0252
			0.0279	0.1092	0.0249
			0.0252	0.0249	0.1042
		A:
			0.8381	0.5444	0.0351
			-0.8681	-0.4134	-0.2748
			-0.4678	-0.0829	-0.8799
			-0.9602	-0.1636	-0.2264
			-0.9326	-0.2536	-0.2567
			0.2779	0.8552	0.4374
		b:
			404.1397
			-436.95
			-406.5315
			-363.2185
			-395.025
			484.4842
	==================================================================================
	Q3:
		Shape: Polyhedra
		q_c:	244.5	330.0	289.5
		ub :	249.2924	335.4581	294.662
		lb :	239.7076	324.5419	284.338
		A:
			-0.8345	-0.196	0.5149
			0.4419	-0.6389	-0.6297
			0.0225	0.1992	0.9797
			-0.9668	-0.2184	-0.1324
			0.252	-0.584	-0.7716
			0.8929	-0.444	-0.0749
			0.701	0.6931	0.1678
			0.6975	-0.6172	-0.3641
			-0.1488	0.3723	-0.9161
			-0.701	-0.6931	-0.1678
			-0.6975	0.6172	0.3641
			0.1488	-0.3723	0.9161
		b:
			-116.4376
			-282.4055
			358.5393
			-343.4919
			-351.4961
			52.8032
			452.2072
			-136.064
			-174.7524
			-445.2072
			141.064
			182.7524
	==================================================================================
	Q4:
		Shape: Ellipse
		q_c:	246.0	332.0	297.5
		ub :	250.8166	337.38	302.1037
		lb :	241.1834	326.62	292.8963
		P^-1:
			0.1565	0.0785	0.05
			0.0785	0.1292	0.0374
			0.05	0.0374	0.1085
	==================================================================================
	Q5:
		Shape: Hybrid
		q_c:	253.5	328.5	287.5
		ub :	257.1314	333.479	292.4441
		lb :	249.8686	323.521	282.5559
		P^-1:
			0.2123	-0.0454	-0.0533
			-0.0454	0.1101	0.0039
			-0.0533	0.0039	0.1204
		A:
			0.9938	0.1101	0.0142
			0.5261	-0.0971	0.8449
			0.1384	-0.9166	0.3751
			-0.4932	0.108	-0.8632
			0.226	-0.7175	0.6589
			0.746	0.666	-0.0005
		b:
			293.7369
			346.5669
			-156.1921
			-335.5123
			12.983
			409.9044
	==================================================================================
	Q6:
		Shape: Ellipse
		q_c:	253.5	332.5	289.0
		ub :	258.0567	337.26	291.793
		lb :	248.9433	327.74	286.207
		P^-1:
			0.0993	-0.0144	-0.0004
			-0.0144	0.0937	-0.0042
			-0.0004	-0.0042	0.1597


===========================================================================================
===========================================================================================
S9:
	q_c:	254.0	22.5	481.5
	ub :	259.6671	28.9806	488.7899
	lb :	249.0542	17.8957	477.4081

	==================================================================================
	Q1:
		Shape: Ellipse
		q_c:	254.0	24.0	486.5
		ub :	256.6348	26.1379	488.7899
		lb :	251.3652	21.8621	484.2101
		P^-1:
			0.8029	0.8149	-1.0506
			0.8149	1.4511	-1.5483
			-1.0506	-1.5483	2.246
	==================================================================================
	Q2:
		Shape: Hybrid
		q_c:	253.5	21.0	480.5
		ub :	255.8828	24.1043	483.5607
		lb :	251.1172	17.8957	477.4393
		P^-1:
			0.2581	0.0268	0.0291
			0.0268	0.3173	0.1366
			0.0291	0.1366	0.279
		A:
			0.8122	0.009	0.5833
			-0.4857	0.2869	0.8257
			-0.4056	0.2953	0.865
			0.5874	-0.6436	-0.4906
			0.7137	-0.3716	-0.5937
			-0.6677	0.3087	0.6774
		b:
			487.556
			280.8518
			320.203
			-99.3159
			-110.9733
			163.9355
	==================================================================================
	Q3:
		Shape: Polyhedra
		q_c:	255.5	20.5	481.5
		ub :	257.3191	23.062	483.9315
		lb :	253.6809	17.938	479.0685
		A:
			0.7441	0.2472	0.6207
			0.4251	-0.105	-0.899
			-0.7472	0.473	-0.4668
			0.5953	0.3065	0.7428
			-0.7566	-0.4041	-0.514
			0.7875	0.1152	0.6055
			0.6761	0.3273	0.6602
			0.0037	0.8944	-0.4472
			-0.7368	0.3048	0.6035
			-0.6761	-0.3273	-0.6602
			-0.0037	-0.8944	0.4472
			0.7368	-0.3048	-0.6035
		b:
			494.5712
			-324.548
			-404.4422
			516.5632
			-448.4762
			495.7849
			497.8072
			-194.0742
			110.5505
			-496.8072
			198.0742
			-106.5505
	==================================================================================
	Q4:
		Shape: Hybrid
		q_c:	252.5	23.5	481.0
		ub :	255.9458	26.5023	484.0808
		lb :	249.0542	20.4977	477.9192
		P^-1:
			0.2739	0.0324	0.1241
			0.0324	0.2264	-0.0228
			0.1241	-0.0228	0.3541
		A:
			0.9658	0.2487	-0.0739
			0.1447	-0.7936	-0.591
			-0.1226	0.1661	0.9784
			-0.455	0.3379	-0.8239
			0.1498	-0.1254	0.9807
			-0.9548	-0.2567	-0.1497
		b:
			215.4637
			-264.8835
			444.848
			-502.4026
			507.5544
			-317.9659
	==================================================================================
	Q5:
		Shape: Ellipse
		q_c:	256.0	25.5	481.0
		ub :	259.6671	28.9806	484.5919
		lb :	252.3329	22.0194	477.4081
		P^-1:
			0.2305	0.0293	-0.0227
			0.0293	0.206	0.0341
			-0.0227	0.0341	0.2235
	==================================================================================
	Q6:
		Shape: Ellipse
		q_c:	258.0	23.5	486.5
		ub :	259.5494	25.1888	488.165
		lb :	256.4506	21.8112	484.835
		P^-1:
			1.0	0.0	-0.0
			0.0	1.0	-0.0
			-0.0	-0.0	1.0


===========================================================================================
===========================================================================================
S10:
	q_c:	160.0	304.0	41.5
	ub :	171.8762	321.3095	61.2772
	lb :	136.6909	285.4476	18.7657

	==================================================================================
	Q1:
		Shape: Hybrid
		q_c:	155.0	315.5	30.0
		ub :	162.6114	321.3095	37.5723
		lb :	147.3886	309.6905	22.4277
		P^-1:
			0.0495	-0.0093	0.0183
			-0.0093	0.0733	-0.0044
			0.0183	-0.0044	0.0544
		A:
			-0.1674	-0.9118	-0.3749
			0.1153	-0.5268	-0.8421
			0.2496	0.5153	0.8199
			0.2206	0.9132	-0.3425
			0.1138	0.9768	0.1815
			-0.2649	0.9472	-0.1804
		b:
			-322.7275
			-170.8239
			228.2261
			314.4494
			333.3363
			254.2025
	==================================================================================
	Q2:
		Shape: Polyhedra
		q_c:	145.5	303.0	27.5
		ub :	154.3091	312.6677	36.2343
		lb :	136.6909	293.3323	18.7657
		A:
			-0.1421	0.158	0.9772
			0.0908	-0.4279	0.8992
			0.3682	0.2909	0.8831
			0.002	0.4585	-0.8887
			0.8382	0.4009	-0.3698
			0.6343	0.3971	0.6632
			0.2449	0.6647	0.7058
			0.1214	0.7013	-0.7025
			-0.9619	0.2578	0.091
			-0.2449	-0.6647	-0.7058
			-0.1214	-0.7013	0.7025
			0.9619	-0.2578	-0.091
		b:
			59.8729
			-85.7642
			171.6392
			120.747
			239.7988
			236.705
			261.9442
			216.8306
			-52.349
			-250.9442
			-204.8306
			66.349
	==================================================================================
	Q3:
		Shape: Polyhedra
		q_c:	158.0	309.0	43.0
		ub :	169.3437	319.0347	52.3525
		lb :	146.6563	298.9653	33.6475
		A:
			-0.5044	-0.746	-0.4348
			0.3019	0.9533	0.0077
			-0.2868	-0.6381	-0.7145
			0.5163	0.6292	0.581
			-0.3652	-0.6145	-0.6993
			-0.449	-0.8437	-0.2942
			0.4204	0.7342	0.5331
			0.3897	0.3844	-0.8368
			-0.8194	0.5596	-0.1245
			-0.4204	-0.7342	-0.5331
			-0.3897	-0.3844	0.8368
			0.8194	-0.5596	0.1245
		b:
			-325.7529
			347.7697
			-269.7179
			304.1932
			-274.2694
			-340.721
			319.2201
			152.3853
			46.6017
			-313.2201
			-136.3853
			-29.6017
	==================================================================================
	Q4:
		Shape: Ellipse
		q_c:	158.0	291.5	41.5
		ub :	165.7078	297.5524	49.7237
		lb :	150.2922	285.4476	33.2763
		P^-1:
			0.0268	-0.0273	0.01
			-0.0273	0.1378	-0.0431
			0.01	-0.0431	0.0363
	==================================================================================
	Q5:
		Shape: Hybrid
		q_c:	162.0	295.5	49.5
		ub :	171.8762	304.7297	56.6474
		lb :	152.1238	286.2703	42.3526
		P^-1:
			0.0244	0.0127	-0.0321
			0.0127	0.0338	-0.0462
			-0.0321	-0.0462	0.133
		A:
			0.693	-0.5991	-0.401
			0.4565	0.1863	-0.87
			0.3448	0.1763	-0.922
			-0.5015	-0.3825	0.776
			-0.566	0.4631	-0.6821
			0.6031	0.0946	-0.792
		b:
			-78.2384
			87.9061
			63.993
			-153.8057
			16.4991
			89.3984
	==================================================================================
	Q6:
		Shape: Ellipse
		q_c:	146.5	302.5	54.0
		ub :	151.7946	310.1914	61.2772
		lb :	141.2054	294.8086	46.7228
		P^-1:
			0.0492	0.0018	0.0001
			0.0018	0.0333	0.0
			0.0001	0.0	0.0331


===========================================================================================
===========================================================================================
S11:
	q_c:	420.0	377.5	126.0
	ub :	444.5588	406.3183	151.1305
	lb :	391.523	364.4595	107.7627

	==================================================================================
	Q1:
		Shape: Ellipse
		q_c:	415.5	371.0	139.5
		ub :	423.2452	377.5405	146.9948
		lb :	407.7548	364.4595	132.0052
		P^-1:
			0.055	-0.0169	0.0095
			-0.0169	0.0698	-0.0004
			0.0095	-0.0004	0.0392
	==================================================================================
	Q2:
		Shape: Polyhedra
		q_c:	401.5	376.5	131.0
		ub :	409.5497	383.9626	139.6632
		lb :	393.4503	369.0374	122.3368
		A:
			-0.9857	-0.149	0.0783
			0.8086	0.2817	0.5165
			0.7195	-0.4392	0.5379
			0.3273	0.8957	-0.3011
			0.9316	-0.0614	0.3584
			-0.1991	0.1641	-0.9661
			0.0053	0.9519	0.3064
			0.8135	0.1741	-0.5549
			-0.5816	0.2522	-0.7734
			-0.0053	-0.9519	-0.3064
			-0.8135	-0.1741	0.5549
			0.5816	-0.2522	0.7734
		b:
			-435.1974
			503.337
			198.2702
			435.1586
			402.9554
			-140.0654
			406.1477
			326.4581
			-235.8822
			-395.1477
			-312.4581
			243.8822
	==================================================================================
	Q3:
		Shape: Hybrid
		q_c:	435.5	396.5	140.5
		ub :	444.5588	406.3183	151.1305
		lb :	426.4412	386.6817	129.8695
		P^-1:
			0.0244	-0.001	0.0012
			-0.001	0.0252	-0.0017
			0.0012	-0.0017	0.0256
		A:
			-0.7441	0.6535	-0.139
			-0.5297	-0.4817	0.6981
			0.7985	-0.5552	0.2327
			0.5846	0.1125	-0.8035
			-0.1418	-0.5184	0.8433
			-0.5283	-0.2873	0.799
		b:
			-81.2806
			-320.2581
			163.444
			189.7392
			-145.6408
			-228.3819
	==================================================================================
	Q4:
		Shape: Hybrid
		q_c:	407.5	382.0	124.5
		ub :	415.9335	392.2288	133.3448
		lb :	399.0665	371.7712	115.6552
		P^-1:
			0.0224	0.0081	0.0144
			0.0081	0.0295	0.0273
			0.0144	0.0273	0.0613
		A:
			-0.491	-0.6081	0.6238
			0.4547	-0.7831	-0.4243
			-0.331	-0.1982	-0.9226
			0.5922	0.7364	0.3271
			0.5606	0.5347	0.6323
			0.8638	0.4955	0.0909
		b:
			-348.2332
			-161.8576
			-323.0296
			567.34
			513.945
			557.6284
	==================================================================================
	Q5:
		Shape: Hybrid
		q_c:	420.0	391.5	139.5
		ub :	429.2756	400.3129	149.3769
		lb :	410.7244	382.6871	129.6231
		P^-1:
			0.0228	-0.0002	-0.0017
			-0.0002	0.048	-0.0197
			-0.0017	-0.0197	0.0358
		A:
			0.925	0.3286	-0.1906
			0.7187	-0.6762	0.1618
			-0.3758	0.1292	-0.9176
			-0.5112	-0.7873	0.3448
			-0.6015	-0.0548	0.797
			0.3424	0.9388	0.0378
		b:
			494.8889
			63.3549
			-231.3325
			-471.8492
			-158.961
			520.1798
	==================================================================================
	Q6:
		Shape: Hybrid
		q_c:	405.0	378.0	118.5
		ub :	418.477	391.5038	129.2373
		lb :	391.523	364.4962	107.7627
		P^-1:
			0.0172	0.0038	0.0013
			0.0038	0.0135	0.0003
			0.0013	0.0003	0.0186
		A:
			-0.804	-0.4115	0.4292
			-0.9505	-0.1641	0.2639
			0.4665	0.8489	0.2485
			0.2111	-0.0542	0.976
			-0.5589	-0.8258	-0.075
			0.795	0.1287	-0.5928
		b:
			-426.4008
			-411.5571
			543.4481
			184.4693
			-543.3384
			304.6144


===========================================================================================
===========================================================================================
