3D_45_13_6_c                l = 3

===========================================================================================
===========================================================================================
S1:
	q_c:	491.0	387.5	252.5
	ub :	499.2982	398.8257	261.9632
	lb :	482.5118	378.7381	243.4657

	==================================================================================
	Q1:
		Shape: Hybrid
		q_c:	489.0	386.5	255.5
		ub :	492.5516	389.8617	258.5686
		lb :	485.4484	383.1383	252.4314
		P^-1:
			0.1884	0.0802	0.0131
			0.0802	0.5258	-0.407
			0.0131	-0.407	0.6469
		A:
			0.281	0.9427	-0.18
			0.3282	-0.2944	0.8976
			0.1459	0.6672	-0.7304
			0.5873	0.5644	-0.58
			0.2968	0.3778	-0.877
			0.0532	-0.7925	0.6075
		b:
			456.8688
			276.8504
			143.1003
			358.235
			68.0652
			-124.3772
	==================================================================================
	Q2:
		Shape: Hybrid
		q_c:	490.5	394.0	251.5
		ub :	494.4095	398.8257	255.9413
		lb :	486.5905	389.1743	247.0587
		P^-1:
			0.1589	0.0099	-0.0028
			0.0099	0.0707	0.0252
			-0.0028	0.0252	0.1529
		A:
			-0.654	0.3503	0.6705
			-0.9497	0.1607	-0.2689
			-0.6598	0.5286	0.5341
			0.3794	-0.3656	0.85
			0.3295	0.2707	0.9045
			0.2725	-0.505	0.819
		b:
			-12.7631
			-468.6565
			20.5665
			257.7029
			497.0061
			142.8073
	==================================================================================
	Q3:
		Shape: Polyhedra
		q_c:	497.0	382.5	258.5
		ub :	499.2982	386.2619	261.9632
		lb :	494.7018	378.7381	255.0368
		A:
			0.3829	0.8683	-0.3153
			0.1664	-0.0409	-0.9852
			-0.9157	0.2787	0.2896
			-0.7401	-0.2372	-0.6293
			0.4629	-0.7686	0.4416
			-0.7258	-0.1303	0.6754
			0.0265	0.841	0.5404
			0.1164	0.5343	-0.8372
			-0.9928	0.0851	-0.0837
			-0.0265	-0.841	-0.5404
			-0.1164	-0.5343	0.8372
			0.9928	-0.0851	0.0837
		b:
			443.2885
			-185.22
			-271.4689
			-618.8753
			52.3774
			-233.935
			477.5627
			47.8389
			-480.521
			-471.5627
			-43.8389
			484.521
	==================================================================================
	Q4:
		Shape: Ellipse
		q_c:	486.0	388.0	253.5
		ub :	489.4882	390.6409	257.2528
		lb :	482.5118	385.3591	249.7472
		P^-1:
			0.2988	-0.0945	0.0752
			-0.0945	0.3642	-0.0216
			0.0752	-0.0216	0.1425
	==================================================================================
	Q5:
		Shape: Hybrid
		q_c:	487.0	388.0	247.5
		ub :	490.1341	392.2877	251.5343
		lb :	483.8659	383.7123	243.4657
		P^-1:
			0.2731	-0.0706	0.0382
			-0.0706	0.1769	-0.1596
			0.0382	-0.1596	0.307
		A:
			-0.5364	0.0676	0.8412
			0.0536	0.5465	-0.8357
			-0.9347	0.2821	-0.2161
			-0.3695	0.7228	-0.584
			-0.438	-0.732	0.5218
			0.7661	0.1861	-0.6152
		b:
			-25.2132
			32.1906
			-398.1799
			-43.0365
			-366.5662
			294.2362
	==================================================================================
	Q6:
		Shape: Hybrid
		q_c:	487.5	388.0	258.0
		ub :	490.4668	390.9454	260.5201
		lb :	484.5332	385.0546	255.4799
		P^-1:
			0.2235	0.1058	0.0533
			0.1058	0.3938	-0.0255
			0.0533	-0.0255	0.4316
		A:
			-0.444	0.6286	0.6385
			0.5995	-0.6532	-0.4625
			-0.445	0.7482	0.4921
			-0.2126	0.871	-0.443
			-0.9897	0.0366	0.1385
			0.704	-0.1848	-0.6858
		b:
			193.5953
			-78.9121
			201.7987
			121.0043
			-430.9059
			96.0595


===========================================================================================
===========================================================================================
S2:
	q_c:	252.0	426.0	419.5
	ub :	263.0317	437.3618	429.7826
	lb :	244.2902	418.1404	412.0568

	==================================================================================
	Q1:
		Shape: Hybrid
		q_c:	252.0	431.0	424.0
		ub :	255.2902	434.0192	427.2025
		lb :	248.7098	427.9808	420.7975
		P^-1:
			0.246	0.0183	0.0031
			0.0183	0.1665	-0.0143
			0.0031	-0.0143	0.2475
		A:
			0.9934	-0.0941	-0.0653
			-0.2089	0.3902	-0.8967
			-0.6534	0.2532	-0.7134
			0.1007	-0.7552	0.6477
			0.085	0.0794	-0.9932
			-0.7366	-0.4908	-0.4653
		b:
			183.177
			-263.6342
			-356.9439
			-24.2905
			-364.4703
			-593.3754
	==================================================================================
	Q2:
		Shape: Ellipse
		q_c:	246.5	421.5	420.5
		ub :	248.7098	424.8596	423.1751
		lb :	244.2902	418.1404	417.8249
		P^-1:
			3.0883	-0.9691	-1.3034
			-0.9691	0.6758	-0.0147
			-1.3034	-0.0147	1.3175
	==================================================================================
	Q3:
		Shape: Polyhedra
		q_c:	252.5	433.5	426.5
		ub :	256.5561	437.3618	429.7826
		lb :	248.4439	429.6382	423.2174
		A:
			0.0443	0.6154	-0.787
			0.962	0.2152	-0.1681
			0.9466	0.0624	-0.3163
			-0.0171	0.5077	-0.8614
			0.1287	0.2397	0.9623
			-0.3034	0.5039	-0.8087
			0.6385	0.5086	0.5776
			0.572	-0.8157	0.086
			0.5149	0.2755	-0.8118
			-0.6385	-0.5086	-0.5776
			-0.572	0.8157	-0.086
			-0.5149	-0.2755	0.8118
		b:
			-55.5244
			266.7425
			133.4005
			-149.454
			549.1429
			-200.7733
			630.5568
			-169.9968
			-94.8
			-625.5568
			174.9968
			98.8
	==================================================================================
	Q4:
		Shape: Ellipse
		q_c:	253.0	430.0	420.5
		ub :	257.5997	433.6979	424.9525
		lb :	248.4003	426.3021	416.0475
		P^-1:
			0.1595	-0.0532	0.0393
			-0.0532	0.1697	-0.0432
			0.0393	-0.0432	0.143
	==================================================================================
	Q5:
		Shape: Ellipse
		q_c:	250.0	423.5	423.5
		ub :	252.8863	426.4304	427.0348
		lb :	247.1137	420.5696	419.9652
		P^-1:
			0.5414	0.4185	0.0235
			0.4185	0.6137	0.0415
			0.0235	0.0415	0.116
	==================================================================================
	Q6:
		Shape: Polyhedra
		q_c:	257.0	432.0	418.0
		ub :	263.0317	437.3364	423.9432
		lb :	250.9683	426.6636	412.0568
		A:
			0.7828	-0.602	-0.1574
			0.8517	-0.5078	0.1295
			-0.5796	0.81	-0.0895
			-0.6935	-0.4461	-0.5657
			-0.0588	0.9959	-0.0687
			-0.8636	0.4932	0.1051
			0.6547	0.7184	0.2349
			0.48	-0.6352	0.605
			0.5839	-0.2834	-0.7608
			-0.6547	-0.7184	-0.2349
			-0.48	0.6352	-0.605
			-0.5839	0.2834	0.7608
		b:
			-120.7862
			57.1737
			166.9794
			-604.3738
			389.5395
			38.9072
			579.8043
			104.8398
			-285.8834
			-573.8043
			-98.8398
			294.8834


===========================================================================================
===========================================================================================
S3:
	q_c:	421.5	70.5	66.0
	ub :	437.5553	88.8089	94.7971
	lb :	392.2105	49.8942	45.9538

	==================================================================================
	Q1:
		Shape: Polyhedra
		q_c:	431.0	66.0	61.0
		ub :	437.5553	74.1314	68.9264
		lb :	424.4447	57.8686	53.0736
		A:
			0.5975	-0.492	-0.6332
			0.1557	0.341	0.9271
			0.966	-0.2495	-0.0677
			-0.6614	0.7221	0.2028
			0.5245	0.0588	0.8494
			0.2428	-0.8802	-0.4079
			0.7423	0.4781	0.4695
			0.0872	-0.7636	0.6398
			0.6644	-0.434	-0.6085
			-0.7423	-0.4781	-0.4695
			-0.0872	0.7636	-0.6398
			-0.6644	0.434	0.6085
		b:
			189.4375
			150.888
			399.8722
			-221.3037
			287.1807
			25.7827
			385.6202
			31.7158
			223.5887
			-374.6202
			-20.7158
			-217.5887
	==================================================================================
	Q2:
		Shape: Polyhedra
		q_c:	403.5	76.5	56.5
		ub :	409.5805	86.7227	67.0462
		lb :	397.4195	66.2773	45.9538
		A:
			0.997	0.0565	-0.0534
			-0.7804	-0.245	0.5753
			-0.9619	-0.2735	-0.0023
			0.8202	-0.3615	-0.4434
			-0.7356	-0.2768	0.6183
			0.8459	-0.4625	-0.2656
			0.2924	0.6143	0.7329
			-0.3664	0.7799	-0.5075
			-0.8833	-0.1201	0.4531
			-0.2924	-0.6143	-0.7329
			0.3664	-0.7799	0.5075
			0.8833	0.1201	-0.4531
		b:
			407.0928
			-299.3076
			-404.4174
			282.0453
			-280.9955
			294.6912
			216.371
			-111.8474
			-338.5213
			-196.371
			121.8474
			341.5213
	==================================================================================
	Q3:
		Shape: Polyhedra
		q_c:	404.0	78.5	64.5
		ub :	415.7895	88.8089	72.2739
		lb :	392.2105	68.1911	56.7261
		A:
			-0.6028	-0.7484	-0.2767
			-0.4132	0.4335	-0.8009
			0.305	0.2622	-0.9155
			0.6201	-0.4441	0.6467
			0.1191	0.5188	-0.8466
			0.5856	0.4971	0.6403
			0.4403	0.8945	0.0769
			0.8551	-0.3918	-0.3395
			-0.2736	0.2152	-0.9375
			-0.4403	-0.8945	-0.0769
			-0.8551	0.3918	0.3395
			0.2736	-0.2152	0.9375
		b:
			-313.6988
			-179.5923
			90.7301
			263.2647
			39.3958
			322.6606
			259.5766
			301.8227
			-149.596
			-246.5766
			-283.8227
			158.596
	==================================================================================
	Q4:
		Shape: Ellipse
		q_c:	408.0	60.5	83.5
		ub :	418.5127	71.1058	94.7971
		lb :	397.4873	49.8942	72.2029
		P^-1:
			0.0114	-0.002	0.0014
			-0.002	0.0236	-0.0061
			0.0014	-0.0061	0.0176
	==================================================================================
	Q5:
		Shape: Hybrid
		q_c:	412.0	80.5	56.0
		ub :	418.9901	85.236	64.6185
		lb :	405.0099	75.764	47.3815
		P^-1:
			0.3295	-0.3897	0.0541
			-0.3897	0.7731	0.05
			0.0541	0.05	0.0697
		A:
			0.7179	-0.6653	0.2048
			0.7005	-0.699	0.1443
			0.5683	-0.8199	0.0692
			0.4219	-0.896	0.1389
			-0.4781	0.7995	-0.3636
			0.7928	-0.1464	0.5916
		b:
			254.4936
			241.1492
			172.5409
			110.8135
			-150.6411
			349.8182
	==================================================================================
	Q6:
		Shape: Polyhedra
		q_c:	407.5	76.5	58.0
		ub :	418.5364	87.4444	67.0989
		lb :	396.4636	65.5556	48.9011
		A:
			-0.0529	-0.1903	0.9803
			-0.5143	-0.229	0.8265
			0.6302	-0.0365	-0.7756
			-0.5342	-0.2418	0.8101
			-0.2642	-0.2737	0.9248
			-0.6917	0.501	-0.5202
			0.5644	0.5226	0.639
			-0.5274	-0.3672	0.7661
			0.6351	-0.7694	0.0684
			-0.5644	-0.5226	-0.639
			0.5274	0.3672	-0.7661
			-0.6351	0.7694	-0.0684
		b:
			26.4373
			-175.9147
			212.9258
			-186.022
			-70.7832
			-266.7429
			317.0255
			-195.5792
			209.8975
			-297.0255
			201.5792
			-197.8975


===========================================================================================
===========================================================================================
S4:
	q_c:	474.5	331.0	505.5
	ub :	498.5093	339.337	525.2012
	lb :	458.7623	308.0437	483.3006

	==================================================================================
	Q1:
		Shape: Ellipse
		q_c:	462.5	323.0	517.5
		ub :	466.2377	326.9631	521.3152
		lb :	458.7623	319.0369	513.6848
		P^-1:
			0.2303	0.028	-0.0395
			0.028	0.21	0.0563
			-0.0395	0.0563	0.1707
	==================================================================================
	Q2:
		Shape: Hybrid
		q_c:	485.0	327.0	502.5
		ub :	493.9801	334.4224	509.9108
		lb :	476.0199	319.5776	495.0892
		P^-1:
			0.0194	0.0084	-0.0095
			0.0084	0.0521	-0.0043
			-0.0095	-0.0043	0.0561
		A:
			0.1035	-0.9656	-0.2385
			-0.5723	0.3819	0.7257
			-0.0603	-0.3757	0.9248
			0.5058	-0.7611	0.4061
			0.6787	0.6778	-0.2827
			-0.0216	0.9753	-0.2196
		b:
			-382.6762
			215.3904
			314.9123
			204.9436
			411.9545
			200.6952
	==================================================================================
	Q3:
		Shape: Ellipse
		q_c:	484.5	334.0	515.0
		ub :	490.4192	339.337	520.9202
		lb :	478.5808	328.663	509.0798
		P^-1:
			0.0822	0.0155	0.0033
			0.0155	0.0844	0.0184
			0.0033	0.0184	0.0887
	==================================================================================
	Q4:
		Shape: Polyhedra
		q_c:	487.5	320.5	514.0
		ub :	494.7356	327.4518	519.643
		lb :	480.2644	313.5482	508.357
		A:
			-0.4008	-0.7465	-0.5312
			-0.6677	-0.5609	0.4895
			-0.0531	0.2015	0.978
			0.47	0.7491	-0.4669
			-0.154	0.9704	-0.1859
			0.722	0.3563	0.5931
			0.7386	0.664	0.1163
			0.6509	-0.7474	0.1331
			0.1753	-0.0226	-0.9843
			-0.7386	-0.664	-0.1163
			-0.6509	0.7474	-0.1331
			-0.1753	0.0226	0.9843
		b:
			-704.0248
			-250.0798
			545.8866
			233.1305
			146.1971
			774.7796
			635.662
			152.6803
			-423.2178
			-629.662
			-139.6803
			432.2178
	==================================================================================
	Q5:
		Shape: Hybrid
		q_c:	486.5	322.5	514.5
		ub :	498.5093	334.938	525.2012
		lb :	474.4907	310.062	503.7988
		P^-1:
			0.0192	0.0071	-0.0061
			0.0071	0.0209	-0.0031
			-0.0061	-0.0031	0.0256
		A:
			-0.8841	-0.3847	-0.2653
			-0.2927	0.4774	-0.8285
			0.7906	0.2412	0.5629
			-0.5909	0.7799	0.2065
			-0.1673	0.0457	0.9849
			-0.7053	-0.1585	-0.6909
		b:
			-686.1026
			-409.8701
			757.0371
			76.0326
			443.5987
			-744.6514
	==================================================================================
	Q6:
		Shape: Polyhedra
		q_c:	479.0	319.5	494.5
		ub :	489.1653	330.9563	505.6994
		lb :	468.8347	308.0437	483.3006
		A:
			-0.3214	0.8895	-0.3249
			0.4369	-0.5689	0.6968
			-0.3979	0.5195	-0.7561
			-0.8086	0.5683	0.1523
			0.3138	0.1618	0.9356
			-0.789	0.1213	-0.6022
			0.1529	0.5734	0.8049
			-0.7492	0.5984	-0.2839
			-0.6444	-0.5596	0.5211
			-0.1529	-0.5734	-0.8049
			0.7492	-0.5984	0.2839
			0.6444	0.5596	-0.5211
		b:
			-24.6139
			377.7003
			-392.6666
			-125.1658
			670.9869
			-631.758
			660.9639
			-303.6044
			-220.7829
			-647.9639
			312.6044
			238.7829


===========================================================================================
===========================================================================================
S5:
	q_c:	351.0	406.5	424.5
	ub :	370.8957	436.0611	446.203
	lb :	331.1925	381.2089	401.6285

	==================================================================================
	Q1:
		Shape: Ellipse
		q_c:	352.5	392.0	413.0
		ub :	363.5392	402.7911	424.3715
		lb :	341.4608	381.2089	401.6285
		P^-1:
			0.0266	0.0067	0.0034
			0.0067	0.0229	0.0026
			0.0034	0.0026	0.0191
	==================================================================================
	Q2:
		Shape: Hybrid
		q_c:	362.0	392.0	410.5
		ub :	370.8957	401.4706	416.2062
		lb :	353.1043	382.5294	404.7938
		P^-1:
			0.026	0.0022	-0.0004
			0.0022	0.027	-0.0073
			-0.0004	-0.0073	0.061
		A:
			0.1326	0.8742	0.4672
			-0.0508	-0.4145	0.9086
			-0.3165	0.516	0.796
			-0.0334	-0.989	0.1438
			0.1908	0.5536	0.8106
			-0.3036	-0.6668	0.6806
		b:
			586.5207
			194.2599
			417.8923
			-336.7571
			622.112
			-89.0567
	==================================================================================
	Q3:
		Shape: Ellipse
		q_c:	339.5	394.5	432.5
		ub :	347.8075	402.6661	439.4968
		lb :	331.1925	386.3339	425.5032
		P^-1:
			0.335	-0.3605	0.2587
			-0.3605	0.4319	-0.3297
			0.2587	-0.3297	0.3067
	==================================================================================
	Q4:
		Shape: Hybrid
		q_c:	351.0	421.5	423.5
		ub :	358.9945	430.1093	427.7875
		lb :	343.0055	412.8907	419.2125
		P^-1:
			0.2337	0.1025	0.3814
			0.1025	0.0715	0.1733
			0.3814	0.1733	0.7552
		A:
			0.5386	0.1007	0.8366
			-0.5156	-0.2709	-0.8129
			-0.6168	-0.0552	-0.7852
			-0.6352	-0.2542	-0.7293
			0.2993	0.2416	0.9231
			-0.4314	-0.0663	-0.8997
		b:
			586.6525
			-638.8004
			-570.8718
			-637.8938
			598.7713
			-559.5584
	==================================================================================
	Q5:
		Shape: Ellipse
		q_c:	346.0	395.0	419.5
		ub :	358.7828	404.424	427.4113
		lb :	333.2172	385.576	411.5887
		P^-1:
			0.0141	0.0121	-0.0008
			0.0121	0.0342	0.0018
			-0.0008	0.0018	0.0236
	==================================================================================
	Q6:
		Shape: Polyhedra
		q_c:	350.0	428.0	437.0
		ub :	359.5669	436.0611	446.203
		lb :	340.4331	419.9389	427.797
		A:
			0.3368	-0.611	0.7164
			-0.7984	0.5986	0.0655
			0.7361	0.5676	-0.3687
			-0.3865	0.8951	-0.2222
			-0.5731	-0.7492	0.3321
			-0.2466	0.9675	0.0554
			0.6167	0.4359	0.6555
			0.6927	0.0952	-0.7149
			-0.374	0.895	-0.2432
			-0.6167	-0.4359	-0.6555
			-0.6927	-0.0952	0.7149
			0.374	-0.895	0.2432
		b:
			175.0612
			10.9197
			345.0742
			156.1976
			-370.5018
			357.5626
			694.8576
			-23.7275
			151.356
			-682.8576
			34.7275
			-140.356


===========================================================================================
===========================================================================================
S6:
	q_c:	93.5	453.5	28.5
	ub :	112.7019	471.0061	45.1722
	lb :	71.9936	442.4523	10.3439

	==================================================================================
	Q1:
		Shape: Polyhedra
		q_c:	104.0	450.0	20.0
		ub :	112.7019	457.1456	29.6561
		lb :	95.2981	442.8544	10.3439
		A:
			-0.9379	0.0645	0.341
			-0.8587	0.3618	0.3629
			-0.2241	0.8818	0.415
			-0.9243	-0.2934	-0.2442
			-0.4171	0.884	0.211
			0.7938	0.5872	-0.1584
			0.1973	0.9257	0.3227
			0.8057	0.0344	-0.5913
			-0.5584	0.3767	-0.7391
			-0.1973	-0.9257	-0.3227
			-0.8057	-0.0344	0.5913
			0.5584	-0.3767	0.7391
		b:
			-56.8726
			85.7091
			386.394
			-227.3283
			363.7836
			348.1794
			448.0387
			91.9531
			104.1509
			-439.0387
			-82.9531
			-89.1509
	==================================================================================
	Q2:
		Shape: Ellipse
		q_c:	99.5	461.5	37.0
		ub :	109.6713	471.0061	45.1722
		lb :	89.3287	451.9939	28.8278
		P^-1:
			0.0508	0.0089	0.0434
			0.0089	0.031	0.0201
			0.0434	0.0201	0.0709
	==================================================================================
	Q3:
		Shape: Polyhedra
		q_c:	87.5	452.5	39.5
		ub :	95.6117	459.0829	43.0743
		lb :	79.3883	445.9171	35.9257
		A:
			-0.4169	-0.66	0.625
			-0.2438	0.1176	-0.9627
			0.1803	0.7689	-0.6134
			0.1325	-0.3783	0.9161
			-0.0981	0.4578	-0.8836
			-0.1629	-0.4771	0.8636
			0.4573	0.8706	0.1812
			0.8741	-0.4025	-0.272
			-0.1639	0.2828	-0.9451
			-0.4573	-0.8706	-0.1812
			-0.8741	0.4025	0.272
			0.1639	-0.2828	0.9451
		b:
			-307.1493
			-4.9183
			342.1584
			-122.3246
			164.9333
			-193.9617
			445.1356
			-109.4037
			77.3043
			-437.1356
			123.4037
			-75.3043
	==================================================================================
	Q4:
		Shape: Hybrid
		q_c:	94.0	461.5	30.0
		ub :	102.161	469.43	38.5423
		lb :	85.839	453.57	21.4577
		P^-1:
			0.0541	0.0233	-0.0023
			0.0233	0.0608	0.0095
			-0.0023	0.0095	0.0304
		A:
			0.7187	0.5827	0.3793
			0.9872	0.1542	-0.0414
			0.576	0.4903	-0.6541
			-0.9085	-0.4177	-0.0117
			-0.8585	-0.3917	0.331
			0.6678	-0.0243	0.744
		b:
			350.0546
			165.3691
			263.9173
			-276.3638
			-249.207
			78.0287
	==================================================================================
	Q5:
		Shape: Ellipse
		q_c:	101.0	449.5	26.0
		ub :	107.9553	456.5477	29.5355
		lb :	94.0447	442.4523	22.4645
		P^-1:
			0.0478	0.0018	0.0168
			0.0018	0.0473	-0.0194
			0.0168	-0.0194	0.1542
	==================================================================================
	Q6:
		Shape: Ellipse
		q_c:	82.0	456.0	27.5
		ub :	92.0064	464.8596	36.7374
		lb :	71.9936	447.1404	18.2626
		P^-1:
			0.0214	0.0024	0.0067
			0.0024	0.0339	-0.0043
			0.0067	-0.0043	0.0356


===========================================================================================
===========================================================================================
S7:
	q_c:	347.0	113.5	406.5
	ub :	357.599	124.9019	415.5776
	lb :	338.1634	105.4668	396.2381

	==================================================================================
	Q1:
		Shape: Ellipse
		q_c:	352.5	119.0	406.5
		ub :	357.599	123.4792	409.4109
		lb :	347.401	114.5208	403.5891
		P^-1:
			0.1497	-0.1496	0.032
			-0.1496	0.2794	-0.0898
			0.032	-0.0898	0.3148
	==================================================================================
	Q2:
		Shape: Hybrid
		q_c:	345.5	111.5	410.0
		ub :	350.1627	116.556	414.3814
		lb :	340.8373	106.444	405.6186
		P^-1:
			0.1051	0.0313	0.0169
			0.0313	0.1262	0.0135
			0.0169	0.0135	0.1215
		A:
			0.6037	0.7742	0.1903
			-0.0177	-0.6777	-0.7351
			0.1832	0.3249	0.9278
			0.7324	0.5342	0.4223
			0.4004	0.5359	0.7433
			-0.2788	-0.0758	-0.9573
		b:
			374.2363
			-381.5228
			481.4069
			487.042
			504.1622
			-495.7566
	==================================================================================
	Q3:
		Shape: Ellipse
		q_c:	349.0	116.5	406.0
		ub :	353.9195	120.7032	410.8544
		lb :	344.0805	112.2968	401.1456
		P^-1:
			0.1442	-0.071	-0.0054
			-0.071	0.193	0.0329
			-0.0054	0.0329	0.1055
	==================================================================================
	Q4:
		Shape: Polyhedra
		q_c:	352.5	117.0	401.0
		ub :	355.8188	120.5329	405.7619
		lb :	349.1812	113.4671	396.2381
		A:
			0.7923	-0.0121	0.6101
			0.7475	-0.0736	-0.6602
			0.9356	0.0987	-0.3389
			-0.9144	-0.1928	-0.3558
			0.9055	0.3475	0.2434
			0.384	-0.841	-0.3812
			0.4911	0.7422	0.4561
			-0.8173	0.5737	-0.0535
			-0.3014	-0.3464	0.8883
			-0.4911	-0.7422	-0.4561
			0.8173	-0.5737	0.0535
			0.3014	0.3464	-0.8883
		b:
			524.4815
			-6.226
			208.4724
			-486.0903
			459.1542
			-114.2204
			444.3251
			-240.944
			213.9591
			-441.3251
			243.944
			-204.9591
	==================================================================================
	Q5:
		Shape: Hybrid
		q_c:	341.5	109.5	410.0
		ub :	344.8366	113.5332	413.8076
		lb :	338.1634	105.4668	406.1924
		P^-1:
			0.1598	-0.0011	0.003
			-0.0011	0.154	0.016
			0.003	0.016	0.1173
		A:
			0.8181	-0.54	0.1977
			0.4031	0.5692	0.7166
			-0.7006	-0.2484	-0.6689
			0.2872	0.5497	0.7844
			-0.4444	-0.205	0.8721
			0.3952	-0.8679	-0.3011
		b:
			302.6243
			495.1436
			-539.3342
			481.2927
			185.0279
			-82.2722
	==================================================================================
	Q6:
		Shape: Polyhedra
		q_c:	350.5	120.5	411.0
		ub :	354.9163	124.9019	415.5776
		lb :	346.0837	116.0981	406.4224
		A:
			0.0468	-0.5467	0.836
			-0.4098	0.897	0.1654
			-0.605	0.42	0.6765
			-0.4376	0.8262	-0.3548
			-0.8426	0.4582	0.2829
			0.8312	0.5444	-0.1131
			0.6259	0.5052	0.5942
			0.2445	0.5964	-0.7646
			-0.7406	0.6238	0.2497
			-0.6259	-0.5052	-0.5942
			-0.2445	-0.5964	0.7646
			0.7406	-0.6238	-0.2497
		b:
			296.3583
			34.406
			118.4887
			-197.8556
			-122.2707
			313.9746
			528.9539
			-154.6818
			-80.2949
			-519.9539
			158.6818
			83.2949


===========================================================================================
===========================================================================================
S8:
	q_c:	348.5	246.0	129.0
	ub :	357.2441	255.338	137.1401
	lb :	340.4891	238.9123	123.0343

	==================================================================================
	Q1:
		Shape: Ellipse
		q_c:	353.0	251.0	127.5
		ub :	357.2441	255.338	131.9657
		lb :	348.7559	246.662	123.0343
		P^-1:
			0.1968	-0.0229	-0.0608
			-0.0229	0.1146	-0.0313
			-0.0608	-0.0313	0.1802
	==================================================================================
	Q2:
		Shape: Ellipse
		q_c:	349.5	246.5	127.0
		ub :	353.1471	249.3106	130.4771
		lb :	345.8529	243.6894	123.5229
		P^-1:
			0.4711	-0.4011	0.1482
			-0.4011	0.5694	-0.1908
			0.1482	-0.1908	0.2306
	==================================================================================
	Q3:
		Shape: Polyhedra
		q_c:	345.5	249.5	129.5
		ub :	349.1124	253.3097	133.9051
		lb :	341.8876	245.6903	125.0949
		A:
			0.273	-0.8494	0.4517
			-0.2285	0.9401	-0.2531
			-0.8904	0.1656	-0.4241
			-0.732	0.5445	-0.4095
			0.7965	0.1999	0.5706
			0.4246	-0.3182	0.8476
			0.1009	0.9547	0.2801
			0.6082	0.1636	-0.7767
			-0.7874	0.2487	-0.5641
			-0.1009	-0.9547	-0.2801
			-0.6082	-0.1636	0.7767
			0.7874	-0.2487	0.5641
		b:
			-56.6157
			125.4783
			-319.6036
			-168.3593
			400.8543
			179.1526
			312.3192
			153.8615
			-281.5261
			-306.3192
			-146.8615
			284.5261
	==================================================================================
	Q4:
		Shape: Polyhedra
		q_c:	350.5	243.5	129.5
		ub :	353.8863	246.862	132.6016
		lb :	347.1137	240.138	126.3984
		A:
			0.35	-0.5257	0.7753
			0.5977	-0.4932	0.6321
			0.0669	-0.7466	-0.6619
			0.0769	0.621	0.78
			0.3892	-0.4464	-0.8058
			-0.1793	0.7034	0.6878
			0.5887	0.5301	0.6103
			0.7947	-0.5179	-0.3167
			0.1482	0.6714	-0.7261
			-0.5887	-0.5301	-0.6103
			-0.7947	0.5179	0.3167
			-0.1482	-0.6714	0.7261
		b:
			96.7753
			173.195
			-241.8254
			281.2992
			-74.346
			199.7975
			416.4411
			113.9094
			122.9055
			-412.4411
			-108.9094
			-119.9055
	==================================================================================
	Q5:
		Shape: Ellipse
		q_c:	345.0	242.0	128.0
		ub :	349.5109	244.6962	131.5285
		lb :	340.4891	239.3038	124.4715
		P^-1:
			0.1491	-0.1457	0.2227
			-0.1457	0.438	-0.3675
			0.2227	-0.3675	0.6353
	==================================================================================
	Q6:
		Shape: Hybrid
		q_c:	351.0	243.5	132.5
		ub :	354.4982	248.0877	137.1401
		lb :	347.5018	238.9123	127.8599
		P^-1:
			0.16	-0.0006	-0.0013
			-0.0006	0.1459	-0.0301
			-0.0013	-0.0301	0.0958
		A:
			0.4059	-0.3868	0.828
			-0.9604	-0.2786	0.003
			0.3416	0.9395	-0.0249
			0.8666	-0.498	-0.0317
			0.9562	0.277	-0.0944
			-0.603	-0.4072	0.686
		b:
			159.6502
			-403.2654
			346.7969
			180.0351
			391.8264
			-218.4442


===========================================================================================
===========================================================================================
S9:
	q_c:	97.5	150.5	187.5
	ub :	107.2647	155.8728	198.0267
	lb :	87.3313	139.7092	181.7931

	==================================================================================
	Q1:
		Shape: Ellipse
		q_c:	97.0	144.0	186.0
		ub :	100.005	147.134	188.9685
		lb :	93.995	140.866	183.0315
		P^-1:
			0.378	0.063	0.1026
			0.063	0.1782	0.0296
			0.1026	0.0296	0.2083
	==================================================================================
	Q2:
		Shape: Ellipse
		q_c:	94.0	148.5	187.0
		ub :	97.4678	150.9879	190.4951
		lb :	90.5322	146.0121	183.5049
		P^-1:
			0.2469	0.0593	-0.0687
			0.0593	0.3918	-0.0639
			-0.0687	-0.0639	0.2158
	==================================================================================
	Q3:
		Shape: Ellipse
		q_c:	94.0	153.5	189.5
		ub :	97.287	155.8728	192.182
		lb :	90.713	151.1272	186.818
		P^-1:
			0.1139	0.0209	-0.0096
			0.0209	0.4172	0.067
			-0.0096	0.067	0.2745
	==================================================================================
	Q4:
		Shape: Polyhedra
		q_c:	104.0	144.0	183.5
		ub :	107.2647	147.0403	185.2069
		lb :	100.7353	140.9597	181.7931
		A:
			0.1235	-0.9451	0.3025
			-0.94	0.3399	0.0308
			0.567	0.268	-0.7789
			0.5251	0.3068	-0.7938
			0.3786	0.2458	-0.8923
			-0.5076	-0.3581	-0.7837
			0.0636	0.0203	0.9978
			-0.8521	0.5216	0.0437
			-0.5195	-0.853	0.0505
			-0.0636	-0.0203	-0.9978
			0.8521	-0.5216	-0.0437
			0.5195	0.853	-0.0505
		b:
			-65.5961
			-40.6833
			-43.5362
			-45.0704
			-87.295
			-246.4453
			194.1262
			-2.9837
			-165.5987
			-191.1262
			7.9837
			169.5987
	==================================================================================
	Q5:
		Shape: Ellipse
		q_c:	91.0	149.5	193.0
		ub :	94.6687	154.5512	198.0267
		lb :	87.3313	144.4488	187.9733
		P^-1:
			0.1509	0.0175	0.0179
			0.0175	0.0985	-0.0101
			0.0179	-0.0101	0.1033
	==================================================================================
	Q6:
		Shape: Ellipse
		q_c:	96.5	144.5	186.5
		ub :	100.6377	149.2908	190.1406
		lb :	92.3623	139.7092	182.8594
		P^-1:
			0.1764	-0.0824	-0.0399
			-0.0824	0.1577	-0.0446
			-0.0399	-0.0446	0.2284


===========================================================================================
===========================================================================================
S10:
	q_c:	211.5	44.0	188.5
	ub :	223.4973	52.7404	199.9084
	lb :	204.9806	33.9105	176.3724

	==================================================================================
	Q1:
		Shape: Polyhedra
		q_c:	212.5	41.5	186.5
		ub :	217.8762	46.3602	192.6615
		lb :	207.1238	36.6398	180.3385
		A:
			0.3621	-0.7494	0.5544
			-0.9939	-0.0928	-0.0589
			-0.946	-0.1786	0.2704
			0.7907	0.4909	-0.3658
			0.1042	0.3357	-0.9362
			0.5873	-0.5564	-0.5878
			0.4277	0.4541	0.7816
			0.9031	-0.2515	-0.3481
			0.0385	0.8547	-0.5177
			-0.4277	-0.4541	-0.7816
			-0.9031	0.2515	0.3481
			-0.0385	-0.8547	0.5177
		b:
			151.7155
			-222.101
			-154.4959
			123.3204
			-135.2229
			-4.0527
			260.4912
			120.0596
			-50.9043
			-250.4912
			-113.0596
			54.9043
	==================================================================================
	Q2:
		Shape: Polyhedra
		q_c:	213.0	39.5	181.0
		ub :	218.1407	45.0895	185.6276
		lb :	207.8593	33.9105	176.3724
		A:
			-0.5051	0.4106	0.7591
			-0.4077	-0.7498	-0.5211
			0.9797	0.0212	0.1995
			0.6353	-0.5256	-0.5658
			-0.828	-0.1866	-0.5288
			-0.0147	-0.7167	0.6972
			0.0725	0.2427	0.9674
			-0.5981	0.7868	-0.1526
			-0.7982	-0.5675	0.2022
			-0.0725	-0.2427	-0.9674
			0.5981	-0.7868	0.1526
			0.7982	0.5675	-0.2022
		b:
			49.5185
			-207.274
			249.1158
			15.6488
			-275.9449
			98.2564
			203.6333
			-120.4226
			-152.3207
			-196.6333
			127.4226
			159.3207
	==================================================================================
	Q3:
		Shape: Polyhedra
		q_c:	217.0	49.5	184.5
		ub :	222.3057	52.7404	189.7758
		lb :	211.6943	46.2596	179.2242
		A:
			0.0799	-0.0426	0.9959
			0.1699	-0.8707	-0.4616
			-0.2351	0.6759	-0.6985
			0.0048	0.7163	-0.6977
			0.8994	-0.4371	0.0046
			0.2007	-0.8658	0.4584
			0.6984	0.3785	0.6074
			-0.6618	0.0185	0.7494
			0.2725	-0.9254	0.2634
			-0.6984	-0.3785	-0.6074
			0.6618	-0.0185	-0.7494
			-0.2725	0.9254	-0.2634
		b:
			202.3389
			-88.5863
			-143.9998
			-89.7022
			177.3461
			87.3626
			285.8579
			-0.9282
			63.9186
			-278.8579
			7.9282
			-59.9186
	==================================================================================
	Q4:
		Shape: Ellipse
		q_c:	215.5	44.5	196.0
		ub :	219.9147	48.9497	199.9084
		lb :	211.0853	40.0503	192.0916
		P^-1:
			0.1095	0.0324	-0.0251
			0.0324	0.204	-0.1656
			-0.0251	-0.1656	0.3236
	==================================================================================
	Q5:
		Shape: Hybrid
		q_c:	211.0	45.0	193.5
		ub :	217.0194	52.0025	198.844
		lb :	204.9806	37.9975	188.156
		P^-1:
			0.0933	-0.0269	-0.0157
			-0.0269	0.0455	0.0034
			-0.0157	0.0034	0.0679
		A:
			0.4663	-0.2569	-0.8465
			-0.7665	0.6315	0.1169
			0.6846	-0.018	-0.7287
			-0.5771	0.4901	0.6532
			0.7455	-0.3195	-0.585
			-0.1166	0.8578	-0.5006
		b:
			-75.0365
			-108.9122
			4.5356
			28.5331
			31.3137
			-79.6902
	==================================================================================
	Q6:
		Shape: Polyhedra
		q_c:	219.0	41.5	181.5
		ub :	223.4973	46.3395	186.2289
		lb :	214.5027	36.6605	176.7711
		A:
			0.6605	0.5278	-0.534
			-0.9001	-0.1274	-0.4166
			-0.6139	-0.6171	0.4922
			-0.1419	-0.6745	0.7245
			-0.4861	-0.7255	0.4872
			0.858	-0.5135	-0.0112
			0.3092	0.8676	0.3895
			0.8469	-0.4375	0.3023
			0.4326	0.2364	-0.87
			-0.3092	-0.8676	-0.3895
			-0.8469	0.4375	-0.3023
			-0.4326	-0.2364	0.87
		b:
			72.7237
			-275.1859
			-67.5782
			75.4268
			-44.9445
			167.149
			177.9086
			224.673
			-50.3509
			-170.9086
			-219.673
			56.3509


===========================================================================================
===========================================================================================
S11:
	q_c:	417.5	87.0	25.5
	ub :	429.438	93.0798	36.444
	lb :	412.8895	72.7252	11.7556

	==================================================================================
	Q1:
		Shape: Ellipse
		q_c:	423.5	82.5	18.0
		ub :	428.5422	87.277	24.2444
		lb :	418.4578	77.723	11.7556
		P^-1:
			0.1005	0.0026	0.0266
			0.0026	0.0495	0.0015
			0.0266	0.0015	0.0436
	==================================================================================
	Q2:
		Shape: Ellipse
		q_c:	416.0	84.5	25.5
		ub :	418.4719	89.2653	30.0407
		lb :	413.5281	79.7347	20.9593
		P^-1:
			0.4245	-0.0005	-0.0757
			-0.0005	0.0922	0.0463
			-0.0757	0.0463	0.1502
	==================================================================================
	Q3:
		Shape: Ellipse
		q_c:	415.5	87.0	33.5
		ub :	418.1105	91.4302	36.1939
		lb :	412.8895	82.5698	30.8061
		P^-1:
			0.3773	0.045	0.2808
			0.045	0.1073	0.1807
			0.2808	0.1807	0.8279
	==================================================================================
	Q4:
		Shape: Polyhedra
		q_c:	419.0	89.5	22.0
		ub :	423.7639	93.0798	25.7939
		lb :	414.2361	85.9202	18.2061
		A:
			-0.2851	0.848	0.4468
			-0.1155	-0.4729	-0.8735
			0.7328	-0.0505	-0.6785
			-0.4488	0.825	0.3436
			-0.216	-0.7984	-0.5621
			-0.1515	0.7579	-0.6345
			0.2925	0.9552	0.0455
			0.3918	-0.0763	-0.9169
			-0.8723	0.286	-0.3966
			-0.2925	-0.9552	-0.0455
			-0.3918	0.0763	0.9169
			0.8723	-0.286	0.3966
		b:
			-31.1195
			-107.3049
			290.2863
			-103.8656
			-171.7756
			-6.7265
			211.5426
			139.6647
			-345.1292
			-206.5426
			-134.6647
			352.1292
	==================================================================================
	Q5:
		Shape: Hybrid
		q_c:	420.0	87.5	33.5
		ub :	422.8597	90.5292	36.444
		lb :	417.1403	84.4708	30.556
		P^-1:
			0.3672	-0.0248	-0.0977
			-0.0248	0.1678	-0.0117
			-0.0977	-0.0117	0.3195
		A:
			0.2227	-0.9687	-0.1093
			-0.3094	-0.3224	0.8946
			0.4428	0.2093	0.8719
			-0.8784	0.059	0.4742
			0.7774	0.2324	-0.5844
			0.985	-0.0532	-0.1644
		b:
			6.7248
			-127.1762
			234.8326
			-347.1167
			328.1282
			404.4109
	==================================================================================
	Q6:
		Shape: Polyhedra
		q_c:	423.5	79.5	25.5
		ub :	429.438	86.2748	31.9665
		lb :	417.562	72.7252	19.0335
		A:
			0.1662	-0.6673	-0.726
			0.1616	-0.1771	-0.9708
			0.4221	-0.7255	-0.5436
			0.8149	-0.4946	-0.3022
			-0.0342	0.9858	0.1646
			-0.4561	-0.5259	0.718
			0.5978	0.7001	0.3905
			0.722	-0.2586	-0.6418
			-0.3483	0.6656	-0.66
			-0.5978	-0.7001	-0.3905
			-0.722	0.2586	0.6418
			0.3483	-0.6656	0.66
		b:
			2.0553
			33.0805
			110.3569
			301.1417
			72.2342
			-212.6638
			322.799
			271.3347
			-106.4353
			-314.799
			-266.3347
			116.4353


===========================================================================================
===========================================================================================
S12:
	q_c:	148.5	60.5	66.5
	ub :	167.016	75.5875	79.7068
	lb :	131.3301	44.4544	50.3745

	==================================================================================
	Q1:
		Shape: Ellipse
		q_c:	158.0	57.5	65.5
		ub :	167.016	65.8723	74.0869
		lb :	148.984	49.1277	56.9131
		P^-1:
			0.0409	-0.0174	-0.0012
			-0.0174	0.0485	-0.0012
			-0.0012	-0.0012	0.0246
	==================================================================================
	Q2:
		Shape: Ellipse
		q_c:	156.0	55.0	62.0
		ub :	160.9757	60.7783	68.3593
		lb :	151.0243	49.2217	55.6407
		P^-1:
			0.1065	0.0309	0.0218
			0.0309	0.1186	0.0363
			0.0218	0.0363	0.0497
	==================================================================================
	Q3:
		Shape: Polyhedra
		q_c:	147.5	53.5	73.0
		ub :	153.959	58.8406	79.7068
		lb :	141.041	48.1594	66.2932
		A:
			0.9489	-0.1151	0.2937
			-0.2397	-0.6817	-0.6912
			-0.0702	-0.4267	-0.9017
			0.8158	0.1558	-0.557
			0.2359	-0.1639	-0.9578
			-0.5907	0.6214	0.5147
			0.2094	0.8693	0.4478
			0.7445	0.1552	-0.6494
			-0.634	0.4694	-0.6146
			-0.2094	-0.8693	-0.4478
			-0.7445	-0.1552	0.6494
			0.634	-0.4694	0.6146
		b:
			159.5625
			-119.1337
			-95.4916
			92.0092
			-40.0653
			-12.6308
			113.086
			74.7024
			-108.7684
			-107.086
			-66.7024
			117.7684
	==================================================================================
	Q4:
		Shape: Polyhedra
		q_c:	151.5	61.0	72.0
		ub :	156.3357	68.9153	76.2091
		lb :	146.6643	53.0847	67.7909
		A:
			0.8756	-0.0985	0.4729
			-0.8918	-0.344	-0.2939
			-0.8494	-0.5162	-0.1096
			-0.8571	0.1247	-0.4998
			0.7947	0.3343	-0.5068
			0.5001	0.0119	-0.8659
			0.8767	0.1638	0.4523
			0.1408	-0.9864	0.0843
			0.46	-0.0103	-0.8878
			-0.8767	-0.1638	-0.4523
			-0.1408	0.9864	-0.0843
			-0.46	0.0103	0.8878
		b:
			164.1834
			-173.9904
			-164.1135
			-154.6428
			107.5181
			16.655
			178.375
			-25.2779
			7.6431
			-172.375
			40.2779
			-2.6431
	==================================================================================
	Q5:
		Shape: Hybrid
		q_c:	150.0	71.5	56.0
		ub :	156.0389	75.5875	61.6255
		lb :	143.9611	67.4125	50.3745
		P^-1:
			0.0759	0.0122	0.0528
			0.0122	0.0881	0.0177
			0.0528	0.0177	0.1177
		A:
			0.222	-0.6079	0.7623
			0.3924	0.7786	0.4897
			0.3752	-0.3801	-0.8454
			0.041	-0.8799	-0.4733
			0.298	-0.26	0.9185
			-0.0396	-0.9888	0.1439
		b:
			34.6201
			143.5643
			-15.2377
			-81.1753
			79.3291
			-66.3478
	==================================================================================
	Q6:
		Shape: Ellipse
		q_c:	141.5	54.0	65.0
		ub :	151.6699	63.5456	71.902
		lb :	131.3301	44.4544	58.098
		P^-1:
			0.0375	0.0103	0.0348
			0.0103	0.0312	0.0242
			0.0348	0.0242	0.0839


===========================================================================================
===========================================================================================
S13:
	q_c:	168.0	100.5	240.0
	ub :	186.0494	118.4067	250.1657
	lb :	145.7971	82.1837	221.3093

	==================================================================================
	Q1:
		Shape: Ellipse
		q_c:	156.0	106.5	230.0
		ub :	166.2029	116.7287	238.6907
		lb :	145.7971	96.2713	221.3093
		P^-1:
			0.0269	0.0053	-0.0027
			0.0053	0.0255	-0.0057
			-0.0027	-0.0057	0.0357
	==================================================================================
	Q2:
		Shape: Hybrid
		q_c:	164.5	114.0	236.5
		ub :	168.7153	118.4067	241.21
		lb :	160.2847	109.5933	231.79
		P^-1:
			0.1526	0.02	-0.0114
			0.02	0.1066	0.0306
			-0.0114	0.0306	0.1425
		A:
			-0.3258	0.772	0.5457
			-0.1338	-0.7042	-0.6973
			0.2589	0.0021	-0.9659
			0.1083	-0.5007	-0.8588
			-0.8492	-0.4412	-0.2902
			0.5756	-0.0045	-0.8177
		b:
			164.9858
			-265.8942
			-184.2031
			-241.1163
			-257.3619
			-97.9237
	==================================================================================
	Q3:
		Shape: Ellipse
		q_c:	176.5	88.0	232.0
		ub :	183.6728	93.8163	237.9125
		lb :	169.3272	82.1837	226.0875
		P^-1:
			0.0314	-0.0174	-0.0177
			-0.0174	0.0939	0.0108
			-0.0177	0.0108	0.0911
	==================================================================================
	Q4:
		Shape: Polyhedra
		q_c:	178.0	98.0	230.0
		ub :	186.0494	106.352	237.4099
		lb :	169.9506	89.648	222.5901
		A:
			-0.124	0.7979	-0.59
			0.8851	0.3937	0.2481
			-0.1175	0.4959	0.8604
			0.3024	0.73	-0.6129
			-0.3298	-0.3399	0.8808
			-0.0439	0.8476	0.5288
			0.5909	0.4626	0.661
			-0.3936	-0.5499	0.7367
			0.7043	-0.6954	-0.1428
			-0.5909	-0.4626	-0.661
			0.3936	0.5499	-0.7367
			-0.7043	0.6954	0.1428
		b:
			-74.2314
			257.5563
			230.1739
			-10.1326
			115.9915
			201.391
			306.5313
			50.9931
			29.3559
			-298.5313
			-39.9931
			-19.3559
	==================================================================================
	Q5:
		Shape: Polyhedra
		q_c:	159.5	97.5	233.0
		ub :	168.4212	108.3354	243.2522
		lb :	150.5788	86.6646	222.7478
		A:
			-0.0492	-0.9417	0.3327
			0.0793	0.4209	-0.9036
			-0.3617	-0.8338	0.4172
			-0.2377	0.9696	-0.0575
			0.0799	-0.752	0.6543
			0.8802	0.2619	-0.3959
			0.1747	0.5632	0.8077
			-0.6809	0.6616	-0.3141
			-0.7113	-0.4951	0.499
			-0.1747	-0.5632	-0.8077
			0.6809	-0.6616	0.3141
			0.7113	0.4951	-0.499
		b:
			-16.2366
			-151.0459
			-36.8934
			50.0656
			97.8334
			78.0335
			278.4567
			-110.2713
			-41.4466
			-263.4567
			124.2713
			49.4466
	==================================================================================
	Q6:
		Shape: Hybrid
		q_c:	160.5	110.0	239.5
		ub :	171.1486	117.8918	250.1657
		lb :	149.8514	102.1082	228.8343
		P^-1:
			0.0263	0.0065	0.015
			0.0065	0.0376	0.0043
			0.015	0.0043	0.0324
		A:
			-0.1393	0.425	0.8944
			-0.2348	-0.905	0.3546
			0.8194	-0.1862	0.5421
			0.1803	-0.3734	0.91
			-0.0672	0.8545	0.5151
			0.1345	0.2238	0.9653
		b:
			243.1155
			-48.8474
			244.0866
			209.39
			210.0932
			281.0322


===========================================================================================
