3D_45_12_6_a                l = 3

===========================================================================================
===========================================================================================
S1:
	q_c:	385.5	315.0	253.5
	ub :	409.9316	338.4297	273.547
	lb :	358.3592	286.844	232.0262

	==================================================================================
	Q1:
		Shape: Hybrid
		q_c:	371.5	313.0	250.0
		ub :	384.6408	326.2254	258.1727
		lb :	358.3592	299.7746	241.8273
		P^-1:
			0.023	-0.0169	0.0043
			-0.0169	0.0271	-0.0146
			0.0043	-0.0146	0.0525
		A:
			-0.3543	0.5095	0.7841
			-0.7018	0.71	-0.0577
			-0.666	0.7351	-0.1266
			0.6888	-0.6955	0.2046
			-0.8319	0.3435	-0.4359
			-0.4284	0.8912	-0.1489
		b:
			227.8023
			-49.8991
			-46.0701
			92.1377
			-306.1126
			86.4109
	==================================================================================
	Q2:
		Shape: Ellipse
		q_c:	401.5	302.0	238.5
		ub :	409.2682	312.2729	244.9738
		lb :	393.7318	291.7271	232.0262
		P^-1:
			0.0874	0.0364	0.019
			0.0364	0.0303	0.0062
			0.019	0.0062	0.0457
	==================================================================================
	Q3:
		Shape: Hybrid
		q_c:	380.5	316.0	260.0
		ub :	392.3737	329.1449	271.6373
		lb :	368.6263	302.8551	248.3627
		P^-1:
			0.0161	-0.0007	-0.0008
			-0.0007	0.0165	0.0017
			-0.0008	0.0017	0.0131
		A:
			0.8008	-0.1303	0.5846
			0.1913	0.9256	-0.3265
			-0.8071	0.3476	0.4773
			0.7648	0.5856	0.2685
			-0.6131	0.7898	0.0174
			0.1679	-0.3481	-0.9223
		b:
			420.2319
			284.9014
			-69.2342
			550.1432
			24.759
			-281.3731
	==================================================================================
	Q4:
		Shape: Hybrid
		q_c:	387.5	298.0	265.5
		ub :	398.3396	309.156	273.547
		lb :	376.6604	286.844	257.453
		P^-1:
			0.0289	-0.005	0.0151
			-0.005	0.0186	0.0073
			0.0151	0.0073	0.0552
		A:
			0.1614	-0.2261	-0.9607
			-0.5793	0.7819	0.2302
			0.3156	0.189	0.9299
			0.0016	-0.6356	-0.772
			0.107	-0.1716	-0.9793
			-0.5615	0.8052	0.1909
		b:
			-256.9963
			73.85
			427.5199
			-390.5537
			-266.8628
			77.3274
	==================================================================================
	Q5:
		Shape: Hybrid
		q_c:	403.5	324.0	242.5
		ub :	409.9316	327.4273	248.3034
		lb :	397.0684	320.5727	236.6966
		P^-1:
			0.0444	-0.0053	0.0085
			-0.0053	0.1107	0.002
			0.0085	0.002	0.0586
		A:
			-0.6198	0.7058	-0.3432
			0.2903	-0.6797	0.6736
			-0.6327	0.5877	0.5043
			0.1863	-0.3896	-0.9019
			0.1433	0.7167	-0.6825
			0.6065	-0.3365	0.7204
		b:
			-102.4933
			62.3382
			60.1119
			-267.1365
			126.8661
			312.8407
	==================================================================================
	Q6:
		Shape: Hybrid
		q_c:	389.0	327.0	253.5
		ub :	401.1378	338.4297	265.574
		lb :	376.8622	315.5703	241.426
		P^-1:
			0.0205	0.0028	-0.0008
			0.0028	0.0204	0.0027
			-0.0008	0.0027	0.0188
		A:
			-0.2421	0.4542	-0.8574
			-0.685	0.1853	0.7046
			0.9415	-0.1799	0.2849
			-0.7407	0.5937	0.3146
			0.4345	0.5313	-0.7272
			-0.711	0.0484	0.7015
		b:
			-158.3557
			-23.519
			383.8479
			-10.2265
			162.463
			-79.2032


===========================================================================================
===========================================================================================
S2:
	q_c:	78.5	468.5	445.5
	ub :	98.2259	484.9148	463.5191
	lb :	55.8084	440.9529	423.7405

	==================================================================================
	Q1:
		Shape: Hybrid
		q_c:	65.0	473.5	432.0
		ub :	70.4742	483.3995	440.2595
		lb :	59.5258	463.6005	423.7405
		P^-1:
			0.0717	0.0049	0.0083
			0.0049	0.0234	0.0216
			0.0083	0.0216	0.0629
		A:
			-0.3772	-0.163	-0.9117
			-0.2114	0.8222	0.5285
			0.2128	-0.6205	-0.7548
			0.9254	-0.2617	0.2741
			0.0877	0.5946	0.7992
			-0.9377	0.3437	-0.0508
		b:
			-493.3279
			607.7892
			-603.4239
			57.528
			634.834
			82.8005
	==================================================================================
	Q2:
		Shape: Ellipse
		q_c:	71.5	475.5	445.0
		ub :	79.3571	484.9148	454.342
		lb :	63.6429	466.0852	435.658
		P^-1:
			0.0361	-0.0042	-0.0039
			-0.0042	0.0327	-0.0007
			-0.0039	-0.0007	0.032
	==================================================================================
	Q3:
		Shape: Hybrid
		q_c:	68.5	474.5	449.0
		ub :	77.6334	482.4906	456.6242
		lb :	59.3666	466.5094	441.3758
		P^-1:
			0.037	0.0126	0.0375
			0.0126	0.0359	0.0134
			0.0375	0.0134	0.0868
		A:
			0.0435	-0.2961	0.9542
			-0.6934	-0.6403	-0.3303
			-0.6832	0.0422	-0.729
			0.3774	-0.5927	0.7116
			0.4588	0.4167	-0.7848
			-0.242	0.942	0.2325
		b:
			293.9294
			-496.5531
			-351.7391
			67.3697
			-118.3664
			539.5168
	==================================================================================
	Q4:
		Shape: Polyhedra
		q_c:	86.0	456.5	448.0
		ub :	98.2259	468.2903	458.0294
		lb :	73.7741	444.7097	437.9706
		A:
			-0.0711	0.7826	-0.6184
			0.8833	0.3041	-0.3568
			0.119	0.7762	-0.6192
			0.9847	0.077	-0.1563
			0.4402	0.7121	-0.5469
			0.4335	0.9011	-0.0061
			0.9857	0.0878	0.1441
			-0.1098	-0.3152	0.9427
			0.1282	-0.9449	-0.3011
			-0.9857	-0.0878	-0.1441
			0.1098	0.3152	-0.9427
			-0.1282	0.9449	0.3011
		b:
			81.4498
			64.3727
			94.371
			60.0345
			125.7025
			455.3452
			199.9248
			274.9725
			-545.7155
			-178.9248
			-262.9725
			564.7155
	==================================================================================
	Q5:
		Shape: Polyhedra
		q_c:	82.5	476.0	456.0
		ub :	91.6997	484.4045	463.5191
		lb :	73.3003	467.5955	448.4809
		A:
			0.9331	-0.3577	-0.0364
			-0.6477	-0.59	-0.4821
			0.6436	-0.5667	-0.5145
			-0.4077	-0.8975	-0.1679
			-0.8624	0.3109	-0.3996
			0.72	0.4134	0.5574
			0.5924	0.2663	0.7604
			-0.4609	0.8861	0.0487
			-0.6608	-0.3793	0.6476
			-0.5924	-0.2663	-0.7604
			0.4609	-0.8861	-0.0487
			0.6608	0.3793	-0.6476
		b:
			-104.3201
			-549.6525
			-445.465
			-532.1382
			-100.5974
			514.6222
			526.3776
			411.4667
			66.7569
			-518.3776
			-400.4667
			-53.7569
	==================================================================================
	Q6:
		Shape: Hybrid
		q_c:	65.0	450.0	451.0
		ub :	74.1916	459.0471	456.9624
		lb :	55.8084	440.9529	445.0376
		P^-1:
			0.0342	0.0081	0.0158
			0.0081	0.0304	0.0086
			0.0158	0.0086	0.0738
		A:
			-0.1422	0.6019	0.7858
			0.3129	-0.9013	0.2995
			0.9023	0.1373	-0.4087
			-0.6818	-0.3581	-0.638
			0.1758	-0.3752	-0.9101
			0.3463	-0.1333	0.9286
		b:
			619.0682
			-245.7824
			-59.8286
			-490.8811
			-565.1681
			383.4377


===========================================================================================
===========================================================================================
S3:
	q_c:	134.5	79.0	108.0
	ub :	171.5291	100.9975	130.1708
	lb :	103.9147	63.0278	88.5677

	==================================================================================
	Q1:
		Shape: Ellipse
		q_c:	138.5	77.5	120.0
		ub :	149.8288	87.0735	130.1708
		lb :	127.1712	67.9265	109.8292
		P^-1:
			0.0202	-0.0014	0.0016
			-0.0014	0.0231	0.0007
			0.0016	0.0007	0.0164
	==================================================================================
	Q2:
		Shape: Ellipse
		q_c:	126.0	77.0	108.5
		ub :	131.2971	81.9713	119.9902
		lb :	120.7029	72.0287	97.0098
		P^-1:
			0.0405	0.0136	0.0049
			0.0136	0.407	0.1214
			0.0049	0.1214	0.0445
	==================================================================================
	Q3:
		Shape: Hybrid
		q_c:	118.0	92.0	106.5
		ub :	128.5523	100.9975	118.1319
		lb :	107.4477	83.0025	94.8681
		P^-1:
			0.0881	-0.0947	0.0521
			-0.0947	0.1349	-0.0724
			0.0521	-0.0724	0.0559
		A:
			-0.6902	0.6796	-0.2485
			-0.3744	0.5877	-0.7172
			0.411	-0.7681	0.491
			0.4752	0.8638	-0.1673
			-0.5644	0.8156	-0.1275
			-0.5334	0.3782	0.7566
		b:
			-43.8253
			-63.9995
			31.4766
			124.6703
			-2.8869
			59.2227
	==================================================================================
	Q4:
		Shape: Polyhedra
		q_c:	157.0	80.0	116.0
		ub :	171.5291	93.7982	129.6559
		lb :	142.4709	66.2018	102.3441
		A:
			0.7346	0.4663	-0.4929
			-0.6736	-0.7161	-0.1828
			0.0631	0.4315	0.8999
			0.7219	0.602	-0.3412
			-0.3298	-0.2239	-0.9171
			0.1236	-0.2444	-0.9618
			0.5748	0.8014	0.1656
			0.6194	-0.2938	-0.728
			-0.5348	0.521	-0.6652
			-0.5748	-0.8014	-0.1656
			-0.6194	0.2938	0.728
			0.5348	-0.521	0.6652
		b:
			102.8745
			-176.7022
			156.7457
			129.3877
			-166.9528
			-103.7161
			181.0594
			-3.7112
			-108.4463
			-166.0594
			17.7112
			130.4463
	==================================================================================
	Q5:
		Shape: Hybrid
		q_c:	116.5	80.5	99.0
		ub :	129.0853	92.3669	109.4323
		lb :	103.9147	68.6331	88.5677
		P^-1:
			0.0168	0.0072	0.0033
			0.0072	0.023	-0.0022
			0.0033	-0.0022	0.0268
		A:
			0.4935	0.8688	0.0407
			-0.1517	-0.1015	0.9832
			-0.5615	0.0396	0.8265
			-0.0057	0.8407	-0.5415
			0.4525	0.8917	0.0142
			-0.1731	0.7083	-0.6844
		b:
			134.483
			74.9041
			24.4044
			16.8535
			128.96
			-27.369
	==================================================================================
	Q6:
		Shape: Polyhedra
		q_c:	154.5	75.0	109.5
		ub :	167.381	86.9722	123.6585
		lb :	141.619	63.0278	95.3415
		A:
			-0.2226	0.9255	-0.3063
			0.1005	0.29	-0.9517
			0.9122	-0.4029	0.0743
			0.2159	0.2446	-0.9453
			0.9738	-0.1876	-0.1285
			0.1328	-0.982	-0.1344
			0.5323	0.4945	0.6871
			-0.7897	-0.0023	0.6135
			0.305	-0.8692	0.3893
			-0.5323	-0.4945	-0.6871
			0.7897	0.0023	-0.6135
			-0.305	0.8692	-0.3893
		b:
			9.0543
			-59.1337
			126.233
			-44.3259
			129.3108
			-59.3437
			205.5689
			-49.0046
			32.0545
			-183.5689
			61.0046
			-17.0545


===========================================================================================
===========================================================================================
S4:
	q_c:	239.0	464.0	344.0
	ub :	258.2053	481.2257	359.2721
	lb :	216.4641	446.3631	325.7313

	==================================================================================
	Q1:
		Shape: Ellipse
		q_c:	239.0	453.5	351.5
		ub :	245.1123	460.6369	359.2286
		lb :	232.8877	446.3631	343.7714
		P^-1:
			0.0401	-0.0014	-0.0005
			-0.0014	0.0397	0.0079
			-0.0005	0.0079	0.0426
	==================================================================================
	Q2:
		Shape: Ellipse
		q_c:	230.0	466.5	332.0
		ub :	236.1979	472.7359	338.2687
		lb :	223.8021	460.2641	325.7313
		P^-1:
			0.0424	-0.0037	-0.006
			-0.0037	0.0693	-0.0105
			-0.006	-0.0105	0.0725
	==================================================================================
	Q3:
		Shape: Ellipse
		q_c:	248.0	471.5	339.5
		ub :	258.2053	481.2257	347.4625
		lb :	237.7947	461.7743	331.5375
		P^-1:
			0.0269	0.0024	-0.002
			0.0024	0.0255	-0.0007
			-0.002	-0.0007	0.0321
	==================================================================================
	Q4:
		Shape: Ellipse
		q_c:	231.5	459.0	351.5
		ub :	239.3555	468.0699	359.2721
		lb :	223.6445	449.9301	343.7279
		P^-1:
			0.0734	0.032	-0.0545
			0.032	0.0492	-0.0402
			-0.0545	-0.0402	0.0888
	==================================================================================
	Q5:
		Shape: Ellipse
		q_c:	228.0	473.5	350.5
		ub :	233.1435	481.0816	357.8858
		lb :	222.8565	465.9184	343.1142
		P^-1:
			0.0814	-0.0027	-0.0019
			-0.0027	0.0454	-0.0251
			-0.0019	-0.0251	0.0643
	==================================================================================
	Q6:
		Shape: Ellipse
		q_c:	226.0	466.0	337.0
		ub :	235.5359	473.3992	346.3142
		lb :	216.4641	458.6008	327.6858
		P^-1:
			0.0898	-0.0971	0.0501
			-0.0971	0.1576	-0.0473
			0.0501	-0.0473	0.055


===========================================================================================
===========================================================================================
S5:
	q_c:	111.0	79.0	85.5
	ub :	127.7921	92.6806	96.1159
	lb :	99.8673	71.9023	66.6802

	==================================================================================
	Q1:
		Shape: Ellipse
		q_c:	104.0	82.5	91.0
		ub :	108.1327	88.8774	96.1159
		lb :	99.8673	76.1226	85.8841
		P^-1:
			0.1526	0.0186	-0.0207
			0.0186	0.0365	0.0007
			-0.0207	0.0007	0.0664
	==================================================================================
	Q2:
		Shape: Hybrid
		q_c:	121.0	87.0	80.5
		ub :	126.7192	92.6806	83.1589
		lb :	115.2808	81.3194	77.8411
		P^-1:
			0.08	-0.0402	0.1204
			-0.0402	0.1546	-0.2761
			0.1204	-0.2761	0.8904
		A:
			0.624	0.4221	-0.6576
			-0.5075	0.109	0.8547
			-0.1476	0.4487	-0.8814
			0.7342	-0.3943	-0.5526
			-0.3638	-0.2857	0.8866
			-0.2531	0.4652	-0.8483
		b:
			61.8443
			19.323
			-49.1254
			13.3826
			4.1316
			-57.6546
	==================================================================================
	Q3:
		Shape: Polyhedra
		q_c:	112.0	81.0	75.0
		ub :	119.089	87.9254	83.3198
		lb :	104.911	74.0746	66.6802
		A:
			0.4831	-0.8725	-0.0728
			-0.3576	0.8944	-0.2687
			0.6696	-0.7366	-0.0957
			-0.9317	0.3329	-0.1453
			-0.9013	0.3583	0.2433
			-0.6745	0.3948	0.6239
			0.5298	0.5958	0.6036
			-0.7094	0.7013	-0.0696
			-0.4648	-0.3913	0.7942
			-0.5298	-0.5958	-0.6036
			0.7094	-0.7013	0.0696
			0.4648	0.3913	-0.7942
		b:
			-19.5539
			15.5132
			10.345
			-85.3757
			-50.0982
			7.8854
			157.8663
			-25.872
			-17.6877
			-147.8663
			29.872
			30.6877
	==================================================================================
	Q4:
		Shape: Ellipse
		q_c:	112.5	81.0	80.5
		ub :	118.1753	84.5718	85.9511
		lb :	106.8247	77.4282	75.0489
		P^-1:
			0.091	-0.0582	-0.0032
			-0.0582	0.2214	0.034
			-0.0032	0.034	0.0818
	==================================================================================
	Q5:
		Shape: Hybrid
		q_c:	120.5	78.0	82.0
		ub :	126.0928	84.0977	87.9433
		lb :	114.9072	71.9023	76.0567
		P^-1:
			0.0731	-0.0012	0.0097
			-0.0012	0.0336	0.004
			0.0097	0.004	0.0705
		A:
			0.7901	0.61	-0.0611
			-0.2007	-0.9767	0.0756
			0.292	-0.8521	-0.4343
			0.0264	0.5106	0.8594
			-0.2377	0.3634	-0.9008
			-0.1694	0.0565	0.9839
		b:
			140.6007
			-90.4561
			-63.6865
			115.8433
			-71.8206
			66.8052
	==================================================================================
	Q6:
		Shape: Polyhedra
		q_c:	121.0	80.5	85.5
		ub :	127.7921	88.7862	90.8922
		lb :	114.2079	72.2138	80.1078
		A:
			0.3594	-0.6626	0.6572
			-0.1791	0.1968	-0.9639
			-0.0255	-0.1963	-0.9802
			-0.3185	0.1119	-0.9413
			0.7583	-0.4005	0.5144
			-0.7889	0.3615	-0.4969
			0.5216	0.8362	0.1693
			-0.1832	0.3036	-0.935
			-0.8333	0.4567	0.3115
			-0.5216	-0.8362	-0.1693
			0.1832	-0.3036	0.935
			0.8333	-0.4567	-0.3115
		b:
			50.0962
			-84.7028
			-98.676
			-106.2387
			106.9079
			-105.3621
			151.9027
			-74.176
			-34.4318
			-137.9027
			81.176
			40.4318


===========================================================================================
===========================================================================================
S6:
	q_c:	315.0	292.0	447.0
	ub :	327.2547	300.5098	454.9179
	lb :	309.3098	286.093	438.4143

	==================================================================================
	Q1:
		Shape: Ellipse
		q_c:	313.0	296.0	443.5
		ub :	316.6902	299.2644	446.4427
		lb :	309.3098	292.7356	440.5573
		P^-1:
			0.1247	-0.0406	0.004
			-0.0406	0.233	-0.0171
			0.004	-0.0171	0.1635
	==================================================================================
	Q2:
		Shape: Hybrid
		q_c:	318.0	295.5	447.0
		ub :	320.3186	297.5657	449.5027
		lb :	315.6814	293.4343	444.4973
		P^-1:
			0.813	-1.0734	0.8013
			-1.0734	2.2966	-1.5277
			0.8013	-1.5277	1.3904
		A:
			-0.6956	0.7029	-0.1481
			0.3104	-0.6631	0.6811
			0.5741	-0.5987	0.5586
			0.5406	-0.557	0.6304
			0.1007	-0.9907	0.0916
			-0.1649	0.8532	-0.4949
		b:
			-78.876
			207.589
			255.7758
			289.5787
			-218.8575
			-21.0931
	==================================================================================
	Q3:
		Shape: Hybrid
		q_c:	323.5	295.5	448.5
		ub :	327.2547	299.5013	451.3835
		lb :	319.7453	291.4987	445.6165
		P^-1:
			0.3136	0.1665	-0.0513
			0.1665	0.2326	0.0652
			-0.0513	0.0652	0.4243
		A:
			-0.46	-0.5211	-0.719
			-0.8635	-0.4695	0.1844
			-0.5587	0.3912	0.7313
			-0.7845	-0.1652	0.5977
			0.3176	0.7691	-0.5546
			0.3436	0.0755	-0.9361
		b:
			-624.4757
			-334.5419
			264.1687
			-33.6458
			82.7606
			-285.6044
	==================================================================================
	Q4:
		Shape: Hybrid
		q_c:	313.5	290.0	451.5
		ub :	317.011	293.907	454.9179
		lb :	309.989	286.093	448.0821
		P^-1:
			0.2714	-0.1799	-0.0217
			-0.1799	0.2527	0.0169
			-0.0217	0.0169	0.1131
		A:
			-0.4967	0.7311	0.4678
			-0.4185	0.6793	0.6029
			0.7435	-0.6683	-0.0252
			0.4924	0.7337	0.4682
			0.1281	-0.6001	0.7896
			-0.7487	0.6464	0.1473
		b:
			268.6732
			339.4172
			28.6598
			581.1612
			224.6731
			19.9897
	==================================================================================
	Q5:
		Shape: Polyhedra
		q_c:	317.0	293.5	442.5
		ub :	319.9997	296.6622	446.5857
		lb :	314.0003	290.3378	438.4143
		A:
			0.1805	0.8386	-0.514
			-0.8585	-0.4928	0.1418
			0.6146	0.7242	0.3128
			0.414	0.8284	-0.3773
			0.6604	-0.6952	-0.2838
			-0.5565	-0.7444	-0.3689
			0.1778	0.9569	0.2297
			0.9826	-0.1599	-0.0944
			-0.0536	0.2425	-0.9687
			-0.1778	-0.9569	-0.2297
			-0.9826	0.1599	0.0944
			0.0536	-0.2425	0.9687
		b:
			78.7052
			-351.6379
			547.941
			210.0103
			-117.9939
			-555.9761
			440.8424
			225.2764
			-370.967
			-436.8424
			-220.2764
			377.967
	==================================================================================
	Q6:
		Shape: Hybrid
		q_c:	319.0	297.5	444.0
		ub :	322.7456	300.5098	447.6158
		lb :	315.2544	294.4902	440.3842
		P^-1:
			0.2186	-0.0051	0.0426
			-0.0051	0.2492	0.0069
			0.0426	0.0069	0.1923
		A:
			0.6242	0.4322	0.6508
			0.1964	-0.7214	-0.6641
			-0.9816	0.0648	0.1795
			0.4547	-0.1483	0.8782
			-0.2499	0.9287	0.2741
			-0.4928	0.4658	-0.7349
		b:
			617.674
			-445.6293
			-212.907
			491.9601
			319.3219
			-343.8926


===========================================================================================
===========================================================================================
S7:
	q_c:	23.5	338.0	194.0
	ub :	39.1362	360.1685	212.8591
	lb :	8.2874	317.0373	174.7836

	==================================================================================
	Q1:
		Shape: Polyhedra
		q_c:	29.5	342.0	199.5
		ub :	36.72	347.816	207.116
		lb :	22.28	336.184	191.884
		A:
			0.7942	-0.432	0.4273
			-0.2299	0.9202	0.3167
			-0.756	0.6	-0.2615
			0.7473	0.2864	-0.5995
			-0.2273	-0.9358	0.2693
			-0.4724	0.7427	0.4746
			0.6449	0.3085	0.6993
			0.5297	-0.8399	-0.118
			0.5509	0.4465	-0.7051
			-0.6449	-0.3085	-0.6993
			-0.5297	0.8399	0.118
			-0.5509	-0.4465	0.7051
		b:
			-35.9887
			373.5
			133.351
			6.6952
			-268.0122
			337.4749
			268.0162
			-293.1764
			34.7994
			-260.0162
			297.1764
			-21.7994
	==================================================================================
	Q2:
		Shape: Ellipse
		q_c:	15.0	344.5	190.0
		ub :	21.7126	351.754	197.8583
		lb :	8.2874	337.246	182.1417
		P^-1:
			0.0469	-0.0121	0.01
			-0.0121	0.0548	-0.0207
			0.01	-0.0207	0.053
	==================================================================================
	Q3:
		Shape: Polyhedra
		q_c:	29.0	350.5	200.5
		ub :	39.1362	360.1685	207.554
		lb :	18.8638	340.8315	193.446
		A:
			0.2818	-0.4568	0.8438
			-0.7137	0.4143	-0.5648
			-0.9619	0.2412	0.1284
			-0.9543	-0.2734	-0.1208
			0.5857	0.4332	-0.6851
			-0.1695	0.4853	-0.8577
			0.6899	0.6504	0.3179
			0.6525	-0.7488	0.1159
			0.3134	0.1275	-0.941
			-0.6899	-0.6504	-0.3179
			-0.6525	0.7488	-0.1159
			-0.3134	-0.1275	0.941
		b:
			22.6519
			17.5561
			88.6462
			-141.3206
			36.4908
			-1.5241
			318.1928
			-213.8127
			-130.4126
			-305.1928
			226.8127
			139.4126
	==================================================================================
	Q4:
		Shape: Hybrid
		q_c:	18.5	342.5	202.0
		ub :	25.7524	353.1556	212.8591
		lb :	11.2476	331.8444	191.1409
		P^-1:
			0.0724	-0.0215	-0.0037
			-0.0215	0.0318	-0.0064
			-0.0037	-0.0064	0.0176
		A:
			-0.552	-0.2329	0.8007
			0.9061	-0.0481	-0.4202
			0.8666	0.407	0.2888
			0.0361	0.3894	-0.9204
			0.3174	-0.7721	0.5506
			-0.9012	-0.4207	0.1039
		b:
			76.2083
			-81.9225
			218.809
			-46.6574
			-143.7895
			-135.9396
	==================================================================================
	Q5:
		Shape: Ellipse
		q_c:	27.0	326.5	184.0
		ub :	34.7079	335.9627	193.2164
		lb :	19.2921	317.0373	174.7836
		P^-1:
			0.0654	-0.0031	-0.0254
			-0.0031	0.0198	-0.0028
			-0.0254	-0.0028	0.0419
	==================================================================================
	Q6:
		Shape: Ellipse
		q_c:	17.0	335.5	193.5
		ub :	24.2083	344.1614	202.4856
		lb :	9.7917	326.8386	184.5144
		P^-1:
			0.0438	0.0042	-0.0065
			0.0042	0.0347	-0.0025
			-0.0065	-0.0025	0.037


===========================================================================================
===========================================================================================
S8:
	q_c:	84.5	6.0	123.5
	ub :	96.4159	15.127	133.8476
	lb :	79.6061	-0.0322	116.2885

	==================================================================================
	Q1:
		Shape: Polyhedra
		q_c:	91.5	10.5	129.5
		ub :	96.4159	15.127	133.8476
		lb :	86.5841	5.873	125.1524
		A:
			0.0615	-0.9981	0.0092
			0.5255	0.1916	0.8289
			-0.3754	-0.9266	0.0198
			-0.9768	0.1968	-0.0849
			-0.728	0.0716	0.6819
			-0.6883	-0.2732	0.672
			0.6538	0.3189	0.6862
			-0.4935	-0.5077	0.7062
			0.5736	-0.8003	-0.1745
			-0.6538	-0.3189	-0.6862
			0.4935	0.5077	-0.7062
			-0.5736	0.8003	0.1745
		b:
			-0.7689
			160.418
			-38.7301
			-95.3517
			25.134
			23.7311
			155.0321
			43.4608
			24.4754
			-149.0321
			-38.4608
			-18.4754
	==================================================================================
	Q2:
		Shape: Ellipse
		q_c:	90.0	5.0	119.5
		ub :	93.9907	7.5704	122.7115
		lb :	86.0093	2.4296	116.2885
		P^-1:
			0.2757	0.1192	-0.3404
			0.1192	0.3693	-0.2501
			-0.3404	-0.2501	0.6866
	==================================================================================
	Q3:
		Shape: Hybrid
		q_c:	82.0	8.0	122.0
		ub :	84.3939	11.978	126.1458
		lb :	79.6061	4.022	117.8542
		P^-1:
			0.4235	-0.0292	-0.0699
			-0.0292	0.1452	0.0316
			-0.0699	0.0316	0.1468
		A:
			-0.824	0.5342	-0.1887
			0.8796	0.4589	-0.1251
			-0.7366	0.1609	0.6568
			-0.6111	0.0135	0.7915
			0.3478	-0.7118	-0.6103
			-0.8171	0.4242	0.3903
		b:
			-84.9498
			61.7222
			22.112
			47.9552
			-50.1438
			-15.0748
	==================================================================================
	Q4:
		Shape: Ellipse
		q_c:	89.5	6.5	120.5
		ub :	92.5786	9.4556	123.3574
		lb :	86.4214	3.5444	117.6426
		P^-1:
			0.2756	-0.0532	0.0386
			-0.0532	0.3608	-0.0802
			0.0386	-0.0802	0.3081
	==================================================================================
	Q5:
		Shape: Polyhedra
		q_c:	85.5	11.0	124.5
		ub :	88.3327	13.6469	127.2619
		lb :	82.6673	8.3531	121.7381
		A:
			0.1856	0.3006	-0.9355
			0.6485	0.5701	-0.5045
			0.7641	0.5848	0.2725
			0.3331	0.8062	-0.489
			-0.9368	0.2056	-0.2831
			0.6128	-0.7501	0.2488
			0.707	0.4751	0.5239
			-0.0043	-0.7378	0.675
			0.7072	-0.4794	-0.5196
			-0.707	-0.4751	-0.5239
			0.0043	0.7378	-0.675
			-0.7072	0.4794	0.5196
		b:
			-95.9501
			0.4078
			107.6348
			-22.3375
			-111.1643
			76.6845
			132.8977
			76.5461
			-7.4916
			-128.8977
			-74.5461
			11.4916
	==================================================================================
	Q6:
		Shape: Ellipse
		q_c:	88.0	3.5	129.5
		ub :	91.9255	7.0322	133.5264
		lb :	84.0745	-0.0322	125.4736
		P^-1:
			0.1679	-0.0199	0.0158
			-0.0199	0.2106	-0.04
			0.0158	-0.04	0.1916


===========================================================================================
===========================================================================================
S9:
	q_c:	221.5	434.5	336.0
	ub :	238.4688	448.3993	344.0972
	lb :	204.197	420.9314	320.9105

	==================================================================================
	Q1:
		Shape: Polyhedra
		q_c:	219.0	436.0	333.0
		ub :	224.5615	443.1217	340.9208
		lb :	213.4385	428.8783	325.0792
		A:
			0.5767	-0.8022	0.1544
			-0.8267	0.5621	-0.0235
			0.7314	-0.6138	0.297
			-0.9287	0.304	-0.2123
			0.1367	-0.9578	0.2529
			-0.8176	0.2454	0.5209
			0.7219	0.6434	0.2547
			-0.0369	-0.3318	0.9426
			0.691	-0.6899	-0.2158
			-0.7219	-0.6434	-0.2547
			0.0369	0.3318	-0.9426
			-0.691	0.6899	0.2158
		b:
			-168.2781
			59.4734
			-4.4802
			-137.7285
			-298.8112
			105.4644
			527.9515
			167.6459
			-218.3064
			-518.9515
			-154.6459
			224.3064
	==================================================================================
	Q2:
		Shape: Ellipse
		q_c:	209.5	425.5	330.0
		ub :	214.803	430.0686	335.4493
		lb :	204.197	420.9314	324.5507
		P^-1:
			0.0798	0.011	0.0205
			0.011	0.1072	-0.0072
			0.0205	-0.0072	0.0977
	==================================================================================
	Q3:
		Shape: Hybrid
		q_c:	232.0	441.5	336.5
		ub :	238.4688	447.5642	343.502
		lb :	225.5312	435.4358	329.498
		P^-1:
			0.0759	0.043	0.0333
			0.043	0.1006	0.0355
			0.0333	0.0355	0.0729
		A:
			0.2898	0.1052	0.9513
			0.0095	-0.5709	-0.821
			-0.6472	-0.4576	-0.6097
			-0.9031	0.1788	-0.3903
			0.3887	0.2174	-0.8953
			-0.8309	-0.4613	-0.3111
		b:
			436.2909
			-523.7011
			-555.8821
			-259.0097
			-111.5902
			-499.3607
	==================================================================================
	Q4:
		Shape: Ellipse
		q_c:	227.0	433.0	336.5
		ub :	234.6114	439.4569	344.0972
		lb :	219.3886	426.5431	328.9028
		P^-1:
			0.055	-0.0171	0.0056
			-0.0171	0.0541	-0.017
			0.0056	-0.017	0.055
	==================================================================================
	Q5:
		Shape: Ellipse
		q_c:	231.0	436.5	328.0
		ub :	237.2803	442.7806	331.9863
		lb :	224.7197	430.2194	324.0137
		P^-1:
			0.0762	-0.0258	-0.0578
			-0.0258	0.0751	0.0502
			-0.0578	0.0502	0.2106
	==================================================================================
	Q6:
		Shape: Hybrid
		q_c:	228.5	443.0	325.5
		ub :	233.6281	448.3993	330.0895
		lb :	223.3719	437.6007	320.9105
		P^-1:
			0.0975	0.013	0.0069
			0.013	0.0923	0.0056
			0.0069	0.0056	0.0846
		A:
			-0.7115	-0.1275	0.6911
			-0.8946	-0.4234	0.1431
			-0.765	0.0482	-0.6422
			0.8782	-0.2327	-0.4179
			-0.9978	-0.0653	-0.0101
			-0.9382	0.1532	-0.3105
		b:
			7.8274
			-343.738
			-360.758
			-36.488
			-258.5305
			-245.8013


===========================================================================================
===========================================================================================
S10:
	q_c:	365.5	299.0	227.5
	ub :	376.1668	312.065	238.6777
	lb :	350.7146	285.9315	213.6739

	==================================================================================
	Q1:
		Shape: Polyhedra
		q_c:	361.5	296.0	225.0
		ub :	365.5907	300.9408	228.8514
		lb :	357.4093	291.0592	221.1486
		A:
			0.4193	-0.0152	-0.9077
			-0.9699	-0.1417	0.1982
			-0.7793	-0.0143	-0.6265
			0.4425	0.1913	0.8761
			-0.125	0.3349	-0.9339
			-0.7463	-0.4024	-0.5302
			0.4107	0.1857	0.8926
			-0.2738	-0.9087	0.315
			0.8697	-0.3738	-0.3224
			-0.4107	-0.1857	-0.8926
			0.2738	0.9087	-0.315
			-0.8697	0.3738	0.3224
		b:
			-54.5799
			-345.1155
			-424.7754
			415.7094
			-153.3723
			-505.7041
			406.2945
			-293.0688
			133.7225
			-402.2945
			301.0688
			-128.7225
	==================================================================================
	Q2:
		Shape: Polyhedra
		q_c:	356.0	297.0	228.0
		ub :	361.2854	302.7132	234.1652
		lb :	350.7146	291.2868	221.8348
		A:
			-0.2847	0.2496	0.9256
			-0.4381	0.8205	0.3672
			0.6694	0.6312	-0.3918
			-0.6456	0.1436	0.75
			0.5579	-0.0732	-0.8267
			-0.5592	-0.6228	0.5472
			0.4314	0.5393	0.7232
			-0.8627	0.0122	0.5055
			0.2638	-0.842	0.4705
			-0.4314	-0.5393	-0.7232
			0.8627	-0.0122	-0.5055
			-0.2638	0.842	-0.4705
		b:
			187.068
			175.2553
			339.9987
			-13.1209
			-8.4824
			-255.5633
			482.146
			-185.2514
			-44.372
			-475.146
			191.2514
			53.372
	==================================================================================
	Q3:
		Shape: Hybrid
		q_c:	364.5	297.0	220.5
		ub :	369.6413	303.8692	227.3261
		lb :	359.3587	290.1308	213.6739
		P^-1:
			0.0994	-0.021	-0.0198
			-0.021	0.0732	-0.0358
			-0.0198	-0.0358	0.0774
		A:
			0.3108	0.1101	-0.9441
			0.5116	-0.1726	0.8417
			0.587	-0.8069	0.0663
			0.03	-0.1782	0.9835
			0.4451	0.1822	-0.8767
			-0.2976	-0.8777	0.3755
		b:
			-59.996
			323.6553
			-9.2303
			177.4276
			24.8518
			-284.0203
	==================================================================================
	Q4:
		Shape: Polyhedra
		q_c:	358.5	292.0	232.0
		ub :	363.9075	298.0685	238.6777
		lb :	353.0925	285.9315	225.3223
		A:
			-0.2809	0.317	-0.9059
			-0.2894	0.9353	-0.2034
			0.9821	0.1603	0.0994
			-0.6546	0.3994	0.6419
			0.286	0.8064	0.5176
			0.5066	0.0934	0.8571
			0.1585	0.8546	0.4945
			0.8578	0.1288	-0.4976
			-0.4889	0.503	-0.7127
			-0.1585	-0.8546	-0.4945
			-0.8578	-0.1288	0.4976
			0.4889	-0.503	0.7127
		b:
			-213.9214
			126.4718
			425.4369
			34.2305
			462.0743
			412.0663
			425.0781
			232.7071
			-189.2475
			-417.0781
			-226.7071
			198.2475
	==================================================================================
	Q5:
		Shape: Ellipse
		q_c:	369.5	304.0	222.5
		ub :	374.7974	308.1105	227.0076
		lb :	364.2026	299.8895	217.9924
		P^-1:
			0.07	-0.0109	-0.0137
			-0.0109	0.1082	-0.0036
			-0.0137	-0.0036	0.1065
	==================================================================================
	Q6:
		Shape: Ellipse
		q_c:	371.5	308.5	221.5
		ub :	376.1668	312.065	225.5171
		lb :	366.8332	304.935	217.4829
		P^-1:
			0.0659	-0.0031	0.0177
			-0.0031	0.3053	-0.1653
			0.0177	-0.1653	0.2468


===========================================================================================
===========================================================================================
S11:
	q_c:	175.0	445.5	460.0
	ub :	200.5181	468.2799	482.0181
	lb :	154.1059	418.5836	442.5732

	==================================================================================
	Q1:
		Shape: Hybrid
		q_c:	162.5	447.5	469.5
		ub :	170.8941	454.4525	477.6226
		lb :	154.1059	440.5475	461.3774
		P^-1:
			0.0294	0.0242	0.0138
			0.0242	0.1246	0.0554
			0.0138	0.0554	0.0501
		A:
			-0.508	-0.5832	-0.6339
			0.1907	-0.9645	-0.1828
			-0.3884	0.6789	0.623
			-0.4483	-0.5424	-0.7105
			0.3362	0.9158	-0.2196
			-0.2437	0.0958	-0.9651
		b:
			-638.756
			-483.8165
			536.5006
			-646.6052
			365.035
			-444.7194
	==================================================================================
	Q2:
		Shape: Polyhedra
		q_c:	188.0	437.0	455.5
		ub :	200.5181	450.675	468.4268
		lb :	175.4819	423.325	442.5732
		A:
			0.9769	0.1392	-0.1619
			-0.8915	-0.3951	-0.2218
			0.7592	-0.0478	0.6492
			0.7093	0.7049	0.0077
			0.9035	0.0588	0.4245
			0.6751	0.1288	-0.7263
			0.3995	0.6928	0.6004
			-0.8091	0.5744	-0.1244
			-0.431	-0.4361	0.79
			-0.3995	-0.6928	-0.6004
			0.8091	-0.5744	0.1244
			0.431	0.4361	-0.79
		b:
			178.4344
			-432.9654
			425.2764
			453.6327
			396.5785
			-139.3833
			660.3233
			48.7243
			96.7516
			-642.3233
			-35.7243
			-79.7516
	==================================================================================
	Q3:
		Shape: Hybrid
		q_c:	169.5	440.5	470.0
		ub :	179.7248	448.0558	482.0181
		lb :	159.2752	432.9442	457.9819
		P^-1:
			0.02	-0.0035	-0.0021
			-0.0035	0.0384	-0.0054
			-0.0021	-0.0054	0.0131
		A:
			-0.6427	-0.7631	0.0674
			0.3958	-0.2624	-0.8801
			0.8346	0.4166	0.3605
			-0.7135	0.545	0.4403
			-0.764	0.5143	-0.3896
			0.7919	0.5627	-0.2372
		b:
			-409.4278
			-456.1377
			500.0666
			330.3072
			-81.6726
			274.8091
	==================================================================================
	Q4:
		Shape: Ellipse
		q_c:	186.0	460.0	464.0
		ub :	193.9068	468.2799	473.4325
		lb :	178.0932	451.7201	454.5675
		P^-1:
			0.0794	-0.0565	0.0325
			-0.0565	0.0823	-0.0391
			0.0325	-0.0391	0.0464
	==================================================================================
	Q5:
		Shape: Polyhedra
		q_c:	169.0	449.0	459.5
		ub :	176.1994	457.5004	467.1468
		lb :	161.8006	440.4996	451.8532
		A:
			-0.6754	-0.5364	0.5061
			-0.6301	0.7614	-0.1527
			0.012	0.3033	-0.9528
			0.2407	-0.2598	0.9352
			-0.8261	0.0582	0.5605
			0.2539	0.831	-0.495
			0.4271	0.7257	0.5394
			0.6823	0.1328	-0.7189
			-0.5934	0.6751	-0.4384
			-0.4271	-0.7257	-0.5394
			-0.6823	-0.1328	0.7189
			0.5934	-0.6751	0.4384
		b:
			-118.4728
			168.972
			-295.9586
			358.1726
			146.6776
			193.0318
			653.8691
			-152.9137
			4.8937
			-637.8691
			157.9137
			2.1063
	==================================================================================
	Q6:
		Shape: Hybrid
		q_c:	189.0	431.0	462.0
		ub :	198.5684	443.4164	473.7364
		lb :	179.4316	418.5836	450.2636
		P^-1:
			0.0252	0.0048	-0.0024
			0.0048	0.0158	-0.0014
			-0.0024	-0.0014	0.0129
		A:
			0.342	-0.3494	-0.8723
			0.0585	-0.0573	-0.9966
			-0.1638	-0.9261	-0.34
			-0.6755	0.656	0.3367
			0.4695	0.6202	0.6284
			0.4304	0.8951	0.1163
		b:
			-483.2945
			-468.2196
			-581.8913
			315.8916
			651.5559
			525.2863


===========================================================================================
===========================================================================================
S12:
	q_c:	26.5	391.5	104.5
	ub :	38.8617	404.7499	112.4783
	lb :	9.3866	379.5145	96.5327

	==================================================================================
	Q1:
		Shape: Ellipse
		q_c:	31.0	390.5	103.0
		ub :	38.8617	398.65	109.4673
		lb :	23.1383	382.35	96.5327
		P^-1:
			0.0371	-0.0034	0.0001
			-0.0034	0.0359	-0.0001
			0.0001	-0.0001	0.0331
	==================================================================================
	Q2:
		Shape: Hybrid
		q_c:	19.0	392.5	106.5
		ub :	23.9948	396.3238	111.0059
		lb :	14.0052	388.6762	101.9941
		P^-1:
			0.0868	0.0018	0.0507
			0.0018	0.1964	-0.0497
			0.0507	-0.0497	0.1892
		A:
			-0.6956	-0.7183	0.0167
			0.1945	-0.2925	0.9363
			-0.0371	0.833	-0.552
			0.5584	0.0823	0.8255
			0.0268	-0.9631	0.2677
			-0.062	0.9843	-0.1654
		b:
			-291.4412
			-10.234
			268.5302
			132.172
			-347.8288
			368.7963
	==================================================================================
	Q3:
		Shape: Polyhedra
		q_c:	17.0	386.0	104.5
		ub :	24.6134	392.4855	111.2963
		lb :	9.3866	379.5145	97.7037
		A:
			0.3271	-0.7473	-0.5784
			0.6421	-0.7106	-0.2875
			0.3634	0.5716	0.7357
			0.2294	0.7052	-0.6709
			0.164	-0.6403	-0.7504
			0.2985	0.6146	-0.7302
			0.6666	0.5505	0.5025
			-0.5375	0.8221	-0.1876
			-0.5164	-0.1451	0.844
			-0.6666	-0.5505	-0.5025
			0.5375	-0.8221	0.1876
			0.5164	0.1451	-0.844
		b:
			-339.1399
			-289.7827
			308.9953
			209.9182
			-318.2574
			169.9306
			281.8489
			292.0962
			27.4256
			-270.8489
			-285.0962
			-19.4256
	==================================================================================
	Q4:
		Shape: Ellipse
		q_c:	33.5	397.0	103.0
		ub :	38.3166	403.0654	108.2636
		lb :	28.6834	390.9346	97.7364
		P^-1:
			0.0808	-0.0029	-0.0025
			-0.0029	0.071	-0.009
			-0.0025	-0.009	0.0739
	==================================================================================
	Q5:
		Shape: Ellipse
		q_c:	18.0	399.0	107.5
		ub :	24.6999	404.7499	111.0601
		lb :	11.3001	393.2501	103.9399
		P^-1:
			0.0881	0.0034	-0.1351
			0.0034	0.0622	-0.0355
			-0.1351	-0.0355	0.3897
	==================================================================================
	Q6:
		Shape: Hybrid
		q_c:	32.5	392.5	107.5
		ub :	38.8188	398.1708	112.4783
		lb :	26.1812	386.8292	102.5217
		P^-1:
			0.0734	-0.035	0.0015
			-0.035	0.0775	-0.0062
			0.0015	-0.0062	0.0627
		A:
			-0.3029	-0.901	-0.3106
			0.2838	0.8659	-0.412
			-0.3829	0.7161	0.5836
			0.241	-0.7665	-0.5952
			0.3426	-0.9349	0.0923
			-0.5519	-0.6619	0.5073
		b:
			-393.7063
			307.6915
			333.5133
			-354.6809
			-344.0299
			-220.0943


===========================================================================================
===========================================================================================
