3D_45_15_6_b                l = 3

===========================================================================================
===========================================================================================
S1:
	q_c:    466.0000    281.5000    257.0000
	ub :    472.0000    300.0000    282.0000
	lb :    460.0000    263.0000    232.0000

	==================================================================================
	Q1:
		Shape: Ellipse
		q_c:    469.0000    288.5000    262.5000
		ub :    472.0795    291.6678    265.1335
		lb :    465.9205    285.3322    259.8665
		P^-1: 
			    0.3094    0.0581    -0.0682
			    0.0581    0.3068    -0.0667
			    -0.0682    -0.0667    0.3283
	==================================================================================
	Q2:
		Shape: Hybrid
		q_c:    463.5000    284.0000    256.0000
		ub :    465.4973    288.3714    258.9350
		lb :    461.5027    279.6286    253.0650
		P^-1: 
			    0.4404    0.0367    0.0137
			    0.0367    0.1128    -0.1239
			    0.0137    -0.1239    0.3982
		A:
			    0.6938    0.6460    -0.3183
			    -0.6044    0.5401    -0.5856
			    -0.4920    -0.3224    -0.8087
			    -0.9483    -0.2540    0.1904
			    0.9903    0.1367    0.0254
			    -0.7490    0.0848    -0.6571
		b:
			    424.9745
			    -275.4433
			    -524.9168
			    -462.1468
			    505.0671
			    -490.5289
	==================================================================================
	Q3:
		Shape: Ellipse
		q_c:    464.5000    280.5000    250.5000
		ub :    467.9353    283.1264    253.8720
		lb :    461.0647    277.8736    247.1280
		P^-1: 
			    0.2144    0.0434    0.0904
			    0.0434    0.3286    0.0854
			    0.0904    0.0854    0.3115
	==================================================================================
	Q4:
		Shape: Polyhedra
		q_c:    471.0000    277.5000    255.5000
		ub :    477.3349    282.7309    261.6572
		lb :    464.6651    272.2691    249.3428
		A:
			    -0.9868    0.1538    -0.0501
			    0.6969    0.5415    -0.4702
			    -0.0342    -0.9706    -0.2383
			    0.7477    -0.6392    -0.1800
			    -0.2180    0.8718    -0.4387
			    -0.1274    0.9434    0.3061
			    0.6324    0.6997    0.3322
			    0.6599    -0.7113    0.2420
			    0.4056    0.0662    -0.9116
			    -0.6324    -0.6997    -0.3322
			    -0.6599    0.7113    -0.2420
			    -0.4056    -0.0662    0.9116
		b:
			    -431.4068
			    362.6736
			    -342.6676
			    132.1468
			    30.5305
			    283.6144
			    580.9426
			    178.2508
			    -18.9928
			    -572.9426
			    -172.2508
			    27.9928
	==================================================================================
	Q5:
		Shape: Polyhedra
		q_c:    466.5000    276.0000    260.0000
		ub :    469.8257    280.0975    265.1503
		lb :    463.1743    271.9025    254.8497
		A:
			    0.8699    0.4862    0.0825
			    0.2286    -0.8610    0.4543
			    0.3439    0.2017    0.9171
			    0.0078    0.3114    -0.9503
			    0.3764    0.7327    -0.5670
			    -0.3622    -0.7942    0.4879
			    0.0042    0.2735    0.9619
			    -0.5907    0.7768    -0.2182
			    -0.8069    -0.5673    0.1648
			    -0.0042    -0.2735    -0.9619
			    0.5907    -0.7768    0.2182
			    0.8069    0.5673    -0.1648
		b:
			    564.5308
			    -10.8831
			    458.8541
			    -153.5706
			    233.3584
			    -258.4778
			    332.0369
			    -116.4090
			    -487.1176
			    -323.0369
			    119.4090
			    493.1176
	==================================================================================
	Q6:
		Shape: Polyhedra
		q_c:    465.0000    281.5000    261.0000
		ub :    469.7700    286.6571    265.8352
		lb :    460.2300    276.3429    256.1648
		A:
			    0.4715    0.7966    0.3783
			    0.3581    -0.9029    0.2379
			    0.9316    0.1321    -0.3386
			    -0.1334    0.9902    0.0419
			    0.5745    0.7989    0.1778
			    0.2812    0.9282    -0.2436
			    0.2445    0.6705    0.7004
			    -0.5403    -0.5056    0.6726
			    0.8051    -0.5430    0.2387
			    -0.2445    -0.6705    -0.7004
			    0.5403    0.5056    -0.6726
			    -0.8051    0.5430    -0.2387
		b:
			    545.2350
			    -22.5846
			    384.9980
			    230.6497
			    541.4578
			    331.4529
			    488.2766
			    -215.0172
			    286.8369
			    -482.2766
			    221.0172
			    -280.8369


===========================================================================================
===========================================================================================
S2:
	q_c:    62.0000    305.0000    378.5000
	ub :    81.0000    323.0000    388.0000
	lb :    43.0000    287.0000    369.0000

	==================================================================================
	Q1:
		Shape: Polyhedra
		q_c:    51.0000    313.5000    377.5000
		ub :    56.0914    318.3696    382.6041
		lb :    45.9086    308.6304    372.3959
		A:
			    0.1119    -0.9919    0.0608
			    0.8557    -0.4785    -0.1968
			    0.7303    -0.2812    -0.6226
			    -0.9774    0.2113    -0.0033
			    0.6301    -0.1028    0.7697
			    -0.4353    -0.7780    -0.4530
			    0.2864    0.0402    0.9573
			    -0.8395    0.4920    0.2305
			    -0.4617    -0.8696    0.1747
			    -0.2864    -0.0402    -0.9573
			    0.8395    -0.4920    -0.2305
			    0.4617    0.8696    -0.1747
		b:
			    -278.6910
			    -178.1627
			    -283.0711
			    17.9154
			    294.2467
			    -433.1219
			    392.5876
			    200.9559
			    -226.2269
			    -384.5876
			    -195.9559
			    234.2269
	==================================================================================
	Q2:
		Shape: Polyhedra
		q_c:    58.5000    307.5000    383.0000
		ub :    63.1224    313.7226    388.9057
		lb :    53.8776    301.2774    377.0943
		A:
			    0.4586    0.8036    0.3794
			    0.6190    0.7854    0.0043
			    -0.9905    -0.0562    -0.1258
			    0.6339    0.6281    -0.4512
			    -0.6724    -0.7370    0.0680
			    0.8833    0.2866    -0.3709
			    0.8941    0.4218    0.1509
			    0.2329    -0.7254    0.6478
			    0.3826    -0.5440    -0.7468
			    -0.8941    -0.4218    -0.1509
			    -0.2329    0.7254    -0.6478
			    -0.3826    0.5440    0.7468
		b:
			    422.1996
			    282.3534
			    -120.6423
			    60.8215
			    -236.9763
			    0.6469
			    242.2773
			    43.1618
			    -427.4056
			    -237.2773
			    -34.1618
			    434.4056
	==================================================================================
	Q3:
		Shape: Polyhedra
		q_c:    69.0000    297.5000    372.0000
		ub :    75.3193    301.6167    378.2206
		lb :    62.6807    293.3833    365.7794
		A:
			    0.4647    0.8409    0.2774
			    0.7678    -0.6173    0.1719
			    0.7922    -0.2841    0.5401
			    0.1148    -0.7177    0.6868
			    0.6494    -0.0950    -0.7545
			    -0.5265    -0.3565    0.7718
			    0.5938    0.1385    0.7926
			    -0.7983    -0.0216    0.6018
			    0.1005    -0.9901    0.0977
			    -0.5938    -0.1385    -0.7926
			    0.7983    0.0216    -0.6018
			    -0.1005    0.9901    -0.0977
		b:
			    389.1781
			    -62.8263
			    175.0264
			    53.6332
			    -259.6635
			    149.0703
			    381.0188
			    166.8570
			    -247.7931
			    -373.0188
			    -157.8570
			    254.7931
	==================================================================================
	Q4:
		Shape: Polyhedra
		q_c:    52.5000    312.5000    376.0000
		ub :    60.2420    320.1348    382.8744
		lb :    44.7580    304.8652    369.1256
		A:
			    -0.9088    -0.3691    0.1945
			    0.5770    -0.1457    -0.8036
			    -0.2971    -0.9329    0.2034
			    -0.6190    0.2901    0.7299
			    -0.0170    -0.0148    -0.9997
			    0.2952    -0.1422    -0.9448
			    0.5208    0.6288    0.5774
			    0.5872    -0.7548    0.2924
			    0.6197    0.1868    -0.7623
			    -0.5208    -0.6288    -0.5774
			    -0.5872    0.7548    -0.2924
			    -0.6197    -0.1868    0.7623
		b:
			    -85.9263
			    -313.6979
			    -226.0318
			    336.5171
			    -377.3601
			    -380.4185
			    445.4442
			    -89.6234
			    -192.2249
			    -436.4442
			    100.6234
			    199.2249
	==================================================================================
	Q5:
		Shape: Polyhedra
		q_c:    57.5000    301.0000    378.5000
		ub :    63.7930    304.9327    382.6710
		lb :    51.2070    297.0673    374.3290
		A:
			    -0.6364    0.3382    0.6933
			    0.2602    0.6326    0.7295
			    0.1250    0.7980    0.5895
			    -0.0504    0.8508    -0.5231
			    -0.4279    -0.0565    -0.9020
			    0.0765    0.2517    -0.9648
			    0.9747    0.1402    0.1743
			    -0.1848    0.0660    0.9806
			    0.1260    -0.9879    0.0902
			    -0.9747    -0.1402    -0.1743
			    0.1848    -0.0660    -0.9806
			    -0.1260    0.9879    -0.0902
		b:
			    331.2697
			    485.1750
			    473.9028
			    58.1708
			    -379.0156
			    -281.9951
			    169.7115
			    383.3691
			    -252.9754
			    -158.7115
			    -377.3691
			    258.9754
	==================================================================================
	Q6:
		Shape: Polyhedra
		q_c:    59.5000    300.0000    385.5000
		ub :    64.9442    303.4000    390.0151
		lb :    54.0558    296.6000    380.9849
		A:
			    -0.4543    0.8908    0.0074
			    -0.2794    0.9592    -0.0441
			    0.9311    -0.2188    -0.2918
			    0.3891    -0.9180    -0.0774
			    0.7457    -0.6399    0.1855
			    -0.3963    0.8661    -0.3047
			    0.4203    0.1568    0.8937
			    -0.7891    -0.4231    0.4453
			    0.4480    -0.8924    -0.0541
			    -0.4203    -0.1568    -0.8937
			    0.7891    0.4231    -0.4453
			    -0.4480    0.8924    0.0541
		b:
			    244.0836
			    255.5418
			    -118.8263
			    -281.0520
			    -74.3603
			    120.2947
			    419.0795
			    2.7947
			    -260.9297
			    -414.0795
			    7.2053
			    262.9297


===========================================================================================
===========================================================================================
S3:
	q_c:    91.5000    149.5000    45.0000
	ub :    113.0000    157.0000    68.0000
	lb :    70.0000    142.0000    22.0000

	==================================================================================
	Q1:
		Shape: Hybrid
		q_c:    92.5000    147.5000    42.5000
		ub :    95.6949    150.5413    45.1486
		lb :    89.3051    144.4587    39.8514
		P^-1: 
			    0.2938    0.0157    -0.0797
			    0.0157    0.2556    -0.0285
			    -0.0797    -0.0285    0.3951
		A:
			    0.9413    -0.1132    0.3180
			    0.5766    -0.5517    -0.6026
			    0.3334    -0.0879    0.9387
			    0.8676    0.3436    -0.3594
			    0.9101    0.0356    -0.4128
			    -0.1758    0.8546    0.4886
		b:
			    85.1229
			    -52.6234
			    58.8153
			    116.6242
			    72.8448
			    131.7541
	==================================================================================
	Q2:
		Shape: Hybrid
		q_c:    96.0000    144.5000    48.0000
		ub :    97.8946    147.1889    50.5352
		lb :    94.1054    141.8111    45.4648
		P^-1: 
			    0.8227    0.2474    -0.2005
			    0.2474    0.4231    0.0056
			    -0.2005    0.0056    0.4486
		A:
			    -0.0188    -0.1188    0.9927
			    -0.7588    0.5960    0.2626
			    0.9946    0.0407    -0.0957
			    -0.7559    0.6092    0.2400
			    -0.8227    -0.2164    -0.5256
			    -0.5336    -0.4316    -0.7273
		b:
			    29.8201
			    27.0249
			    97.4894
			    28.1283
			    -134.4994
			    -147.5095
	==================================================================================
	Q3:
		Shape: Ellipse
		q_c:    98.0000    152.5000    46.5000
		ub :    102.4622    156.7019    51.0668
		lb :    93.5378    148.2981    41.9332
		P^-1: 
			    0.1319    0.0098    0.0221
			    0.0098    0.1566    -0.0077
			    0.0221    -0.0077    0.1426
	==================================================================================
	Q4:
		Shape: Hybrid
		q_c:    96.5000    147.5000    50.0000
		ub :    100.0188    151.6864    53.7572
		lb :    92.9812    143.3136    46.2428
		P^-1: 
			    0.6109    0.0234    -0.4404
			    0.0234    0.1122    -0.0206
			    -0.4404    -0.0206    0.4992
		A:
			    -0.6380    -0.0660    0.7672
			    0.5701    -0.1928    -0.7987
			    0.4433    0.2646    -0.8564
			    -0.7332    0.1937    0.6519
			    -0.7317    -0.6768    0.0813
			    0.7365    0.2450    -0.6305
		b:
			    -32.3433
			    -12.5085
			    40.0434
			    -8.8886
			    -164.4491
			    76.3461
	==================================================================================
	Q5:
		Shape: Polyhedra
		q_c:    97.0000    153.0000    40.0000
		ub :    99.2693    155.3824    42.2761
		lb :    94.7307    150.6176    37.7239
		A:
			    -0.2793    0.8343    0.4753
			    -0.0396    0.9778    0.2056
			    -0.2580    0.8905    -0.3747
			    -0.4543    -0.2764    0.8469
			    -0.7093    -0.5129    0.4836
			    0.3287    -0.8697    -0.3681
			    0.1583    0.7107    0.6855
			    0.0391    0.6892    -0.7235
			    -0.9866    0.1413    0.0813
			    -0.1583    -0.7107    -0.6855
			    -0.0391    -0.6892    0.7235
			    0.9866    -0.1413    -0.0813
		b:
			    121.1727
			    155.5141
			    97.8059
			    -50.8523
			    -126.1833
			    -114.2870
			    153.0041
			    81.7973
			    -68.8298
			    -150.0041
			    -78.7973
			    72.8298
	==================================================================================
	Q6:
		Shape: Polyhedra
		q_c:    93.0000    145.5000    49.5000
		ub :    96.3165    148.1206    53.1094
		lb :    89.6835    142.8794    45.8906
		A:
			    0.5063    -0.5806    0.6376
			    -0.6751    0.3389    0.6553
			    -0.3846    0.4455    0.8084
			    0.7722    0.5438    0.3286
			    0.3040    0.6878    -0.6592
			    0.5706    0.8034    0.1704
			    0.3378    0.2483    0.9079
			    -0.0621    0.9684    -0.2417
			    -0.9392    0.0253    0.3425
			    -0.3378    -0.2483    -0.9079
			    0.0621    -0.9684    0.2417
			    0.9392    -0.0253    -0.3425
		b:
			    -3.5856
			    21.4419
			    71.5427
			    169.6325
			    97.9056
			    180.6569
			    114.9738
			    125.1616
			    -64.2111
			    -109.9738
			    -121.1616
			    69.2111


===========================================================================================
===========================================================================================
S4:
	q_c:    63.0000    156.0000    347.0000
	ub :    80.0000    170.0000    377.0000
	lb :    46.0000    142.0000    317.0000

	==================================================================================
	Q1:
		Shape: Hybrid
		q_c:    60.5000    154.5000    354.5000
		ub :    70.6638    165.1930    366.0188
		lb :    50.3362    143.8070    342.9812
		P^-1: 
			    0.0344    0.0134    0.0107
			    0.0134    0.0302    0.0022
			    0.0107    0.0022    0.0222
		A:
			    -0.1845    -0.9145    -0.3600
			    0.3455    -0.0629    0.9363
			    0.6586    -0.4334    -0.6152
			    0.2895    -0.4918    -0.8212
			    0.7381    -0.4995    0.4536
			    -0.9885    -0.1262    -0.0830
		b:
			    -276.2864
			    347.1962
			    -238.9604
			    -343.7140
			    132.4932
			    -105.1255
	==================================================================================
	Q2:
		Shape: Polyhedra
		q_c:    52.5000    148.0000    346.5000
		ub :    61.1017    157.9079    355.7004
		lb :    43.8983    138.0921    337.2996
		A:
			    0.8184    0.3124    -0.4823
			    0.8424    0.2546    -0.4749
			    0.8931    0.4203    0.1602
			    -0.6886    0.6940    -0.2102
			    -0.1058    0.9273    -0.3592
			    0.4833    0.6700    0.5634
			    0.1104    0.6428    0.7581
			    0.3864    0.6750    -0.6286
			    -0.9157    0.3623    -0.1739
			    -0.1104    -0.6428    -0.7581
			    -0.3864    -0.6750    0.6286
			    0.9157    -0.3623    0.1739
		b:
			    -72.4011
			    -77.0430
			    170.7258
			    0.0872
			    12.7910
			    326.1652
			    370.0966
			    -92.6149
			    -48.1934
			    -357.0966
			    102.6149
			    61.1934
	==================================================================================
	Q3:
		Shape: Hybrid
		q_c:    73.5000    153.0000    355.0000
		ub :    80.8686    161.0340    364.1988
		lb :    66.1314    144.9660    345.8012
		P^-1: 
			    0.0541    -0.0323    -0.0137
			    -0.0323    0.0749    0.0282
			    -0.0137    0.0282    0.0356
		A:
			    -0.4204    0.7868    0.4519
			    -0.5615    0.4799    0.6741
			    -0.2517    0.9582    -0.1358
			    -0.1717    0.7792    0.6028
			    -0.7899    0.5548    0.2612
			    -0.7334    0.6778    0.0520
		b:
			    251.4475
			    273.8762
			    83.1330
			    322.6593
			    121.4655
			    70.3653
	==================================================================================
	Q4:
		Shape: Ellipse
		q_c:    78.5000    165.0000    352.5000
		ub :    91.6769    176.2156    364.4897
		lb :    65.3231    153.7844    340.5103
		P^-1: 
			    0.0157    -0.0091    0.0040
			    -0.0091    0.0346    -0.0158
			    0.0040    -0.0158    0.0258
	==================================================================================
	Q5:
		Shape: Hybrid
		q_c:    52.5000    143.0000    332.0000
		ub :    63.2953    147.6629    343.5787
		lb :    41.7047    138.3371    320.4213
		P^-1: 
			    0.0273    0.0191    -0.0111
			    0.0191    0.1040    -0.0134
			    -0.0111    -0.0134    0.0186
		A:
			    -0.6720    -0.7009    0.2391
			    -0.4516    0.7865    -0.4212
			    0.3160    -0.5728    -0.7564
			    -0.6439    -0.7630    -0.0563
			    -0.1199    0.9038    0.4107
			    0.4256    0.4269    -0.7979
		b:
			    -53.4843
			    -46.1386
			    -311.3062
			    -158.1684
			    262.7401
			    -177.1379
	==================================================================================
	Q6:
		Shape: Ellipse
		q_c:    73.0000    163.5000    337.0000
		ub :    80.8854    171.5929    344.4268
		lb :    65.1146    155.4071    329.5732
		P^-1: 
			    0.0953    -0.0706    0.0125
			    -0.0706    0.0782    -0.0112
			    0.0125    -0.0112    0.0225


===========================================================================================
===========================================================================================
S5:
	q_c:    150.5000    310.0000    195.5000
	ub :    174.0000    331.0000    214.0000
	lb :    127.0000    289.0000    177.0000

	==================================================================================
	Q1:
		Shape: Polyhedra
		q_c:    156.5000    299.0000    209.5000
		ub :    162.9440    304.2011    215.8643
		lb :    150.0560    293.7989    203.1357
		A:
			    -0.9784    0.1529    -0.1392
			    -0.6290    0.7525    0.1953
			    -0.6790    0.5505    0.4856
			    -0.9218    0.3696    0.1169
			    0.1247    0.9915    -0.0374
			    0.4730    -0.8501    -0.2314
			    0.5981    0.4085    0.6895
			    -0.5908    -0.3566    0.7237
			    0.5415    -0.8402    0.0280
			    -0.5981    -0.4085    -0.6895
			    0.5908    0.3566    -0.7237
			    -0.5415    0.8402    -0.0280
		b:
			    -132.4292
			    169.5654
			    162.5848
			    -6.3386
			    311.5482
			    -226.2353
			    366.1880
			    -44.4647
			    -158.6089
			    -354.1880
			    50.4647
			    162.6089
	==================================================================================
	Q2:
		Shape: Ellipse
		q_c:    154.0000    311.0000    199.0000
		ub :    163.7319    322.7928    211.5961
		lb :    144.2681    299.2072    186.4039
		P^-1: 
			    0.0217    -0.0019    0.0029
			    -0.0019    0.0178    0.0000
			    0.0029    0.0000    0.0176
	==================================================================================
	Q3:
		Shape: Hybrid
		q_c:    160.0000    322.0000    207.0000
		ub :    167.0821    328.3848    212.7018
		lb :    152.9179    315.6152    201.2982
		P^-1: 
			    0.0374    -0.0007    0.0123
			    -0.0007    0.1212    -0.0985
			    0.0123    -0.0985    0.1738
		A:
			    0.6721    0.1442    -0.7263
			    0.5326    -0.3726    0.7599
			    -0.9198    -0.1743    -0.3516
			    -0.3890    0.4616    -0.7972
			    0.4309    -0.5176    0.7392
			    -0.9635    0.2447    -0.1089
		b:
			    7.0612
			    124.6255
			    -272.2391
			    -77.0255
			    57.0514
			    -93.7067
	==================================================================================
	Q4:
		Shape: Ellipse
		q_c:    146.0000    306.5000    210.5000
		ub :    152.0683    314.6807    218.3852
		lb :    139.9317    298.3193    202.6148
		P^-1: 
			    0.0691    -0.0192    -0.0091
			    -0.0192    0.0428    0.0065
			    -0.0091    0.0065    0.0306
	==================================================================================
	Q5:
		Shape: Polyhedra
		q_c:    165.0000    324.0000    191.0000
		ub :    174.3293    330.2099    200.4846
		lb :    155.6707    317.7901    181.5154
		A:
			    -0.1868    -0.6817    -0.7073
			    0.4646    -0.6321    -0.6202
			    -0.4048    0.5814    0.7057
			    0.0562    -0.8849    -0.4623
			    0.7894    -0.5158    0.3330
			    -0.2246    0.7466    0.6262
			    0.7414    0.0225    0.6707
			    -0.6036    -0.4146    0.6811
			    0.2934    -0.9097    -0.2938
			    -0.7414    -0.0225    -0.6707
			    0.6036    0.4146    -0.6811
			    -0.2934    0.9097    0.2938
		b:
			    -382.3779
			    -242.1655
			    261.0187
			    -362.0463
			    31.6062
			    328.4356
			    263.2190
			    -96.8345
			    -298.9588
			    -252.2190
			    110.8345
			    305.9588
	==================================================================================
	Q6:
		Shape: Ellipse
		q_c:    163.0000    327.0000    201.5000
		ub :    171.9991    336.4535    210.4339
		lb :    154.0009    317.5465    192.5661
		P^-1: 
			    0.0659    0.0020    -0.0442
			    0.0020    0.0268    0.0101
			    -0.0442    0.0101    0.0671


===========================================================================================
===========================================================================================
S6:
	q_c:    391.0000    452.5000    110.0000
	ub :    408.0000    461.0000    131.0000
	lb :    374.0000    444.0000    89.0000

	==================================================================================
	Q1:
		Shape: Hybrid
		q_c:    384.0000    463.0000    117.0000
		ub :    390.3431    468.0972    123.7174
		lb :    377.6569    457.9028    110.2826
		P^-1: 
			    0.0840    -0.0139    -0.0289
			    -0.0139    0.0889    0.0028
			    -0.0289    0.0028    0.0598
		A:
			    0.9531    -0.1178    -0.2788
			    -0.1562    -0.5921    0.7906
			    -0.3949    0.9179    -0.0383
			    0.1951    -0.6712    -0.7152
			    -0.9592    -0.0035    -0.2827
			    0.5238    -0.7428    0.4171
		b:
			    280.6182
			    -239.1912
			    270.6448
			    -317.2713
			    -400.1842
			    -91.5754
	==================================================================================
	Q2:
		Shape: Polyhedra
		q_c:    387.5000    455.0000    103.0000
		ub :    392.5068    460.8069    107.9491
		lb :    382.4932    449.1931    98.0509
		A:
			    0.3672    -0.2572    0.8939
			    0.6726    0.0044    0.7400
			    -0.2883    0.2867    0.9136
			    -0.3019    0.7875    -0.5372
			    -0.4729    0.5704    0.6715
			    -0.8181    -0.5749    -0.0170
			    0.2035    0.7740    0.5996
			    0.0745    0.5984    -0.7977
			    -0.9762    0.2070    0.0641
			    -0.2035    -0.7740    -0.5996
			    -0.0745    -0.5984    0.7977
			    0.9762    -0.2070    -0.0641
		b:
			    120.4771
			    342.6848
			    116.6937
			    188.9622
			    149.6740
			    -576.3013
			    497.2783
			    221.4690
			    -273.5111
			    -488.2783
			    -216.4690
			    281.5111
	==================================================================================
	Q3:
		Shape: Hybrid
		q_c:    390.5000    459.5000    110.0000
		ub :    392.8955    464.2673    114.7111
		lb :    388.1045    454.7327    105.2889
		P^-1: 
			    0.2478    -0.0124    0.0123
			    -0.0124    0.0948    -0.0156
			    0.0123    -0.0156    0.1001
		A:
			    0.7015    0.7031    -0.1165
			    0.4010    0.8569    -0.3240
			    -0.4941    -0.2370    0.8365
			    0.0471    0.9218    -0.3848
			    -0.8436    0.3115    0.4374
			    -0.8406    0.3762    -0.3898
		b:
			    585.9752
			    516.7160
			    -207.8821
			    401.7616
			    -136.6278
			    -197.0441
	==================================================================================
	Q4:
		Shape: Polyhedra
		q_c:    392.5000    458.0000    105.5000
		ub :    396.6283    462.8377    109.8331
		lb :    388.3717    453.1623    101.1669
		A:
			    -0.6574    0.6739    0.3372
			    -0.5421    0.8031    0.2472
			    -0.7516    0.4230    0.5061
			    -0.4600    0.7274    0.5093
			    0.8735    -0.1901    -0.4481
			    -0.2012    0.9589    -0.1998
			    0.5464    0.8205    0.1682
			    0.7829    -0.4289    -0.4507
			    -0.2976    0.3779    -0.8767
			    -0.5464    -0.8205    -0.1682
			    -0.7829    0.4289    0.4507
			    0.2976    -0.3779    0.8767
		b:
			    87.9888
			    183.2571
			    -46.3743
			    208.3594
			    210.1956
			    342.2898
			    611.4740
			    64.7797
			    -32.7465
			    -604.4740
			    -61.7797
			    39.7465
	==================================================================================
	Q5:
		Shape: Polyhedra
		q_c:    390.0000    446.0000    117.5000
		ub :    397.5281    451.5995    124.0675
		lb :    382.4719    440.4005    110.9325
		A:
			    0.2541    -0.0709    0.9646
			    -0.8727    0.3811    -0.3052
			    0.4090    0.5598    -0.7207
			    -0.1177    0.9663    -0.2291
			    -0.0081    -0.7413    0.6711
			    -0.5432    0.7858    -0.2958
			    0.4618    0.0538    0.8853
			    -0.8240    0.3954    0.4058
			    -0.3282    -0.9169    0.2270
			    -0.4618    -0.0538    -0.8853
			    0.8240    -0.3954    -0.4058
			    0.3282    0.9169    -0.2270
		b:
			    184.8396
			    -201.3533
			    328.4713
			    362.0034
			    -251.2745
			    108.3462
			    312.1516
			    -91.8239
			    -506.7871
			    -304.1516
			    102.8239
			    513.7871
	==================================================================================
	Q6:
		Shape: Polyhedra
		q_c:    383.0000    450.5000    115.0000
		ub :    387.8544    455.0341    121.8632
		lb :    378.1456    445.9659    108.1368
		A:
			    -0.6977    0.3231    -0.6393
			    -0.7727    -0.2418    0.5869
			    -0.9663    -0.0841    -0.2432
			    -0.0639    0.8615    -0.5038
			    0.8123    0.3747    -0.4470
			    -0.9624    0.2296    -0.1453
			    0.0885    0.3276    0.9407
			    -0.2179    0.9279    -0.3027
			    -0.9720    -0.1782    0.1535
			    -0.0885    -0.3276    -0.9407
			    0.2179    -0.9279    0.3027
			    0.9720    0.1782    -0.1535
		b:
			    -191.0484
			    -333.0889
			    -431.7465
			    308.0559
			    432.4735
			    -278.1242
			    295.6561
			    301.7463
			    -430.8745
			    -283.6561
			    -297.7463
			    438.8745


===========================================================================================
===========================================================================================
S7:
	q_c:    27.5000    405.0000    495.0000
	ub :    55.0000    429.0000    514.0000
	lb :    0.0000    381.0000    476.0000

	==================================================================================
	Q1:
		Shape: Hybrid
		q_c:    15.5000    386.5000    511.5000
		ub :    31.9308    405.8167    530.0534
		lb :    -0.9308    367.1833    492.9466
		P^-1: 
			    0.0164    -0.0005    -0.0088
			    -0.0005    0.0051    0.0010
			    -0.0088    0.0010    0.0129
		A:
			    0.7262    -0.4194    -0.5448
			    -0.7101    -0.2947    0.6395
			    0.6288    0.0412    -0.7765
			    0.9233    0.1791    -0.3397
			    -0.8435    0.4392    -0.3093
			    -0.5563    0.0716    0.8279
		b:
			    -424.7170
			    206.8239
			    -367.6853
			    -85.5823
			    7.9800
			    446.5643
	==================================================================================
	Q2:
		Shape: Ellipse
		q_c:    33.5000    412.5000    503.0000
		ub :    50.7776    428.6301    511.5893
		lb :    16.2224    396.3699    494.4107
		P^-1: 
			    0.0106    0.0083    -0.0061
			    0.0083    0.0164    -0.0090
			    -0.0061    -0.0090    0.0334
	==================================================================================
	Q3:
		Shape: Hybrid
		q_c:    8.0000    404.0000    504.5000
		ub :    17.2751    415.1297    514.8223
		lb :    -1.2751    392.8703    494.1777
		P^-1: 
			    0.0337    0.0015    -0.0084
			    0.0015    0.0122    0.0033
			    -0.0084    0.0033    0.0288
		A:
			    0.5734    -0.3419    0.7445
			    -0.2899    0.2352    0.9277
			    -0.4901    -0.2329    0.8400
			    -0.4484    0.2780    -0.8495
			    -0.9628    -0.2507    -0.1004
			    -0.9799    -0.1012    0.1718
		b:
			    247.3018
			    563.8369
			    329.1613
			    -314.8448
			    -156.3159
			    40.8022
	==================================================================================
	Q4:
		Shape: Polyhedra
		q_c:    12.5000    393.0000    511.0000
		ub :    22.0579    403.7280    517.6307
		lb :    2.9421    382.2720    504.3693
		A:
			    0.6579    0.0109    -0.7530
			    0.4841    0.4598    -0.7444
			    0.4478    0.3746    -0.8119
			    0.4883    0.7760    -0.3993
			    0.7537    0.5923    -0.2847
			    0.1449    -0.1585    -0.9767
			    0.8901    0.2796    0.3600
			    -0.3871    0.0466    0.9208
			    0.2407    -0.9590    0.1498
			    -0.8901    -0.2796    -0.3600
			    0.3871    -0.0466    -0.9208
			    -0.2407    0.9590    -0.1498
		b:
			    -368.6775
			    -188.5423
			    -257.4998
			    114.2994
			    103.3500
			    -556.0999
			    311.9913
			    487.0402
			    -288.3410
			    -297.9913
			    -481.0402
			    306.3410
	==================================================================================
	Q5:
		Shape: Polyhedra
		q_c:    15.0000    396.0000    486.0000
		ub :    32.8497    413.3695    500.6338
		lb :    -2.8497    378.6305    471.3662
		A:
			    0.3497    0.8269    -0.4404
			    0.5436    0.8390    -0.0247
			    -0.0625    0.0365    -0.9974
			    0.4552    -0.2293    0.8603
			    0.3803    0.7707    0.5114
			    -0.7529    -0.5585    0.3482
			    0.7394    0.4087    0.5351
			    -0.3167    -0.4902    0.8120
			    0.5942    -0.7699    -0.2330
			    -0.7394    -0.4087    -0.5351
			    0.3167    0.4902    -0.8120
			    -0.5942    0.7699    0.2330
		b:
			    127.0135
			    338.5316
			    -462.3526
			    343.9384
			    571.0009
			    -54.2825
			    444.4839
			    202.7714
			    -397.1888
			    -421.4839
			    -188.7714
			    421.1888
	==================================================================================
	Q6:
		Shape: Hybrid
		q_c:    39.0000    406.5000    477.5000
		ub :    54.0748    420.5430    491.7214
		lb :    23.9252    392.4570    463.2786
		P^-1: 
			    0.0065    -0.0002    -0.0005
			    -0.0002    0.0076    0.0002
			    -0.0005    0.0002    0.0089
		A:
			    -0.6191    -0.5992    -0.5076
			    -0.5201    0.1023    -0.8480
			    -0.8645    0.2504    -0.4359
			    -0.3083    0.2996    -0.9029
			    0.6746    0.4074    0.6156
			    0.3339    0.7545    0.5650
		b:
			    -503.4607
			    -377.4164
			    -133.0376
			    -315.5160
			    492.5170
			    595.7059


===========================================================================================
===========================================================================================
S8:
	q_c:    426.5000    306.5000    306.0000
	ub :    447.0000    317.0000    329.0000
	lb :    406.0000    296.0000    283.0000

	==================================================================================
	Q1:
		Shape: Ellipse
		q_c:    422.5000    317.5000    306.5000
		ub :    427.7887    322.5286    313.8261
		lb :    417.2113    312.4714    299.1739
		P^-1: 
			    0.1994    0.0041    -0.0950
			    0.0041    0.0494    -0.0045
			    -0.0950    -0.0045    0.0710
	==================================================================================
	Q2:
		Shape: Ellipse
		q_c:    433.5000    299.5000    309.5000
		ub :    441.2254    307.2105    316.8535
		lb :    425.7746    291.7895    302.1465
		P^-1: 
			    0.0498    0.0365    0.0214
			    0.0365    0.0757    0.0129
			    0.0214    0.0129    0.0554
	==================================================================================
	Q3:
		Shape: Ellipse
		q_c:    432.5000    306.5000    317.0000
		ub :    438.3182    309.4759    323.4813
		lb :    426.6818    303.5241    310.5187
		P^-1: 
			    0.1720    0.0039    0.1060
			    0.0039    0.2498    -0.0052
			    0.1060    -0.0052    0.1060
	==================================================================================
	Q4:
		Shape: Ellipse
		q_c:    424.5000    309.5000    300.5000
		ub :    430.9665    317.1295    305.3445
		lb :    418.0335    301.8705    295.6555
		P^-1: 
			    0.0572    0.0120    -0.0052
			    0.0120    0.0354    0.0098
			    -0.0052    0.0098    0.0792
	==================================================================================
	Q5:
		Shape: Ellipse
		q_c:    434.0000    315.5000    299.0000
		ub :    439.1378    320.3351    301.9489
		lb :    428.8622    310.6649    296.0511
		P^-1: 
			    0.0667    -0.0037    0.0266
			    -0.0037    0.2306    -0.3424
			    0.0266    -0.3424    0.8468
	==================================================================================
	Q6:
		Shape: Polyhedra
		q_c:    425.0000    307.5000    314.0000
		ub :    431.6168    312.9025    322.4429
		lb :    418.3832    302.0975    305.5571
		A:
			    0.5473    -0.2834    0.7875
			    -0.7784    0.2334    -0.5828
			    -0.9165    0.3990    0.0278
			    0.7498    -0.4057    0.5227
			    0.6658    -0.6113    0.4278
			    0.1497    0.9864    -0.0680
			    0.8898    0.1682    0.4243
			    -0.4466    0.1293    0.8853
			    0.0940    -0.9772    0.1901
			    -0.8898    -0.1682    -0.4243
			    0.4466    -0.1293    -0.8853
			    -0.0940    0.9772    -0.1901
		b:
			    397.1206
			    -438.3477
			    -253.4246
			    361.7600
			    233.1226
			    349.5344
			    566.5979
			    134.9214
			    -196.8334
			    -559.5979
			    -120.9214
			    204.8334


===========================================================================================
===========================================================================================
S9:
	q_c:    257.0000    355.5000    468.5000
	ub :    280.0000    374.0000    488.0000
	lb :    234.0000    337.0000    449.0000

	==================================================================================
	Q1:
		Shape: Polyhedra
		q_c:    270.5000    370.0000    480.5000
		ub :    280.4644    384.3042    495.9628
		lb :    260.5356    355.6958    465.0372
		A:
			    0.0520    -0.9667    -0.2505
			    -0.3918    0.7170    -0.5766
			    0.8662    -0.4659    -0.1805
			    -0.8681    0.4057    -0.2862
			    -0.9836    0.0643    -0.1687
			    -0.7930    -0.0096    0.6092
			    0.0130    0.3519    0.9360
			    -0.7756    0.5944    -0.2126
			    -0.6311    -0.7231    0.2806
			    -0.0130    -0.3519    -0.9360
			    0.7756    -0.5944    0.2126
			    0.6311    0.7231    -0.2806
		b:
			    -454.3266
			    -110.9091
			    -18.5216
			    -217.2211
			    -316.5690
			    84.5842
			    595.9454
			    -87.5440
			    -293.4302
			    -570.9454
			    96.5440
			    313.4302
	==================================================================================
	Q2:
		Shape: Hybrid
		q_c:    262.5000    344.5000    464.5000
		ub :    274.1678    357.1503    477.3587
		lb :    250.8322    331.8497    451.6413
		P^-1: 
			    0.0229    -0.0002    -0.0057
			    -0.0002    0.0151    0.0036
			    -0.0057    0.0036    0.0199
		A:
			    -0.5601    0.1747    0.8098
			    -0.6125    -0.0865    0.7857
			    0.6004    0.7260    -0.3353
			    0.1013    -0.9948    0.0110
			    0.6787    -0.4654    -0.5681
			    0.7209    0.2376    0.6511
		b:
			    292.4512
			    177.8040
			    256.6073
			    -305.6440
			    -242.8559
			    578.2890
	==================================================================================
	Q3:
		Shape: Polyhedra
		q_c:    276.5000    347.5000    464.5000
		ub :    293.4192    359.6091    480.9141
		lb :    259.5808    335.3909    448.0859
		A:
			    0.4653    0.8794    0.1007
			    -0.4381    -0.3208    0.8397
			    -0.7857    -0.2969    -0.5427
			    0.3856    0.4846    0.7852
			    0.7621    0.6171    0.1959
			    -0.2141    -0.2196    -0.9518
			    0.4055    0.6403    0.6523
			    0.8539    -0.0107    -0.5203
			    -0.3262    0.7680    -0.5512
			    -0.4055    -0.6403    -0.6523
			    -0.8539    0.0107    0.5203
			    0.3262    -0.7680    0.5512
		b:
			    489.1198
			    169.6968
			    -564.7226
			    645.5879
			    524.6696
			    -569.8463
			    643.1456
			    3.7273
			    -68.3153
			    -632.1456
			    22.2727
			    90.3153
	==================================================================================
	Q4:
		Shape: Ellipse
		q_c:    266.5000    361.0000    484.0000
		ub :    281.1373    373.4322    502.0822
		lb :    251.8627    348.5678    465.9178
		P^-1: 
			    0.0342    -0.0172    0.0114
			    -0.0172    0.0184    -0.0064
			    0.0114    -0.0064    0.0085
	==================================================================================
	Q5:
		Shape: Hybrid
		q_c:    256.5000    367.5000    457.5000
		ub :    265.4534    376.3824    466.9473
		lb :    247.5466    358.6176    448.0527
		P^-1: 
			    0.0854    0.0678    0.0251
			    0.0678    0.0814    0.0243
			    0.0251    0.0243    0.0211
		A:
			    0.8109    0.3799    0.4451
			    0.4239    0.5614    -0.7107
			    0.8197    0.4798    0.3127
			    0.6417    0.7518    0.1514
			    -0.5992    -0.7956    -0.0894
			    0.5769    0.7717    -0.2679
		b:
			    553.8467
			    -3.4968
			    531.5183
			    511.6391
			    -485.1589
			    312.7970
	==================================================================================
	Q6:
		Shape: Ellipse
		q_c:    243.0000    353.5000    490.0000
		ub :    259.2157    361.8868    506.0382
		lb :    226.7843    345.1132    473.9618
		P^-1: 
			    0.0085    -0.0018    -0.0013
			    -0.0018    0.0233    -0.0018
			    -0.0013    -0.0018    0.0089


===========================================================================================
===========================================================================================
S10:
	q_c:    426.0000    386.0000    58.5000
	ub :    448.0000    402.0000    86.0000
	lb :    404.0000    370.0000    31.0000

	==================================================================================
	Q1:
		Shape: Polyhedra
		q_c:    431.0000    396.0000    65.5000
		ub :    443.8203    411.0906    78.8950
		lb :    418.1797    380.9094    52.1050
		A:
			    0.3560    0.3037    -0.8838
			    -0.7217    -0.5677    -0.3961
			    -0.4380    0.7520    0.4926
			    -0.9891    -0.1366    0.0552
			    -0.5527    -0.3071    0.7747
			    -0.5344    -0.6258    -0.5681
			    0.3669    0.6061    0.7057
			    -0.7871    -0.2021    0.5827
			    0.4958    -0.7693    0.4030
			    -0.3669    -0.6061    -0.7057
			    0.7871    0.2021    -0.5827
			    -0.4958    0.7693    -0.4030
		b:
			    222.8122
			    -554.2670
			    150.4149
			    -469.9111
			    -303.1687
			    -507.4826
			    452.3667
			    -376.1013
			    -52.5546
			    -436.3667
			    386.1013
			    76.5546
	==================================================================================
	Q2:
		Shape: Ellipse
		q_c:    433.0000    394.0000    78.5000
		ub :    443.1484    406.2288    90.9728
		lb :    422.8516    381.7712    66.0272
		P^-1: 
			    0.0236    0.0029    0.0025
			    0.0029    0.0159    0.0054
			    0.0025    0.0054    0.0211
	==================================================================================
	Q3:
		Shape: Ellipse
