3D_40_15_6_b                l = 3

===========================================================================================
===========================================================================================
S1:
	q_c:    143.5000    220.5000    457.5000
	ub :    153.0000    249.0000    469.0000
	lb :    134.0000    192.0000    446.0000

	==================================================================================
	Q1:
		Shape: Hybrid
		q_c:    146.5000    215.0000    464.5000
		ub :    152.2207    220.4823    468.9868
		lb :    140.7793    209.5177    460.0132
		P^-1: 
			    0.0768    -0.0186    -0.0357
			    -0.0186    0.1938    -0.1720
			    -0.0357    -0.1720    0.3249
		A:
			    0.0496    -0.8759    0.4800
			    0.2590    0.3009    -0.9178
			    0.1577    0.4846    -0.8604
			    0.0014    -0.2319    0.9727
			    -0.4938    -0.3158    0.8102
			    -0.3783    0.8951    -0.2358
		b:
			    43.3315
			    -322.6726
			    -271.5744
			    403.5372
			    237.4692
			    29.2521
	==================================================================================
	Q2:
		Shape: Polyhedra
		q_c:    152.5000    217.0000    460.0000
		ub :    157.1216    220.9090    465.3099
		lb :    147.8784    213.0910    454.6901
		A:
			    -0.8510    -0.4860    -0.1988
			    0.9362    -0.2537    -0.2432
			    0.4093    -0.5751    0.7083
			    0.2957    -0.1703    -0.9400
			    -0.9709    -0.2392    0.0077
			    0.2556    0.3221    -0.9116
			    0.9480    0.1475    0.2820
			    -0.2853    0.0011    0.9584
			    0.1411    -0.9891    0.0431
			    -0.9480    -0.1475    -0.2820
			    0.2853    -0.0011    -0.9584
			    -0.1411    0.9891    -0.0431
		b:
			    -323.6492
			    -20.6613
			    267.1922
			    -419.7834
			    -193.2574
			    -306.0424
			    309.3136
			    402.1018
			    -169.7918
			    -303.3136
			    -393.1018
			    176.7918
	==================================================================================
	Q3:
		Shape: Ellipse
		q_c:    149.5000    223.5000    454.5000
		ub :    153.1688    228.9275    457.0097
		lb :    145.8312    218.0725    451.9903
		P^-1: 
			    0.1110    0.0006    0.0325
			    0.0006    0.1308    0.2788
			    0.0325    0.2788    0.9094
	==================================================================================
	Q4:
		Shape: Hybrid
		q_c:    139.5000    222.5000    462.5000
		ub :    143.4890    229.1391    469.1220
		lb :    135.5110    215.8609    455.8780
		P^-1: 
			    0.2136    -0.0593    -0.0530
			    -0.0593    0.0715    0.0068
			    -0.0530    0.0068    0.0675
		A:
			    0.5067    -0.1963    -0.8395
			    -0.9478    0.2947    0.1217
			    -0.5852    0.5102    0.6303
			    -0.8610    0.3500    -0.3689
			    -0.2247    0.8309    0.5091
			    -0.2881    0.7626    0.5791
		b:
			    -358.9252
			    -9.2415
			    325.4095
			    -210.7419
			    392.0901
			    400.3138
	==================================================================================
	Q5:
		Shape: Hybrid
		q_c:    145.5000    219.0000    448.5000
		ub :    150.2702    223.6151    453.1982
		lb :    140.7298    214.3849    443.8018
		P^-1: 
			    0.1327    -0.0057    -0.0236
			    -0.0057    0.1126    0.0063
			    -0.0236    0.0063    0.1369
		A:
			    -0.7261    -0.5853    0.3609
			    -0.5209    -0.0185    -0.8534
			    0.2645    0.1576    0.9514
			    -0.2491    0.9418    0.2256
			    0.7963    -0.5727    0.1948
			    -0.9787    0.1047    -0.1768
		b:
			    -70.3853
			    -460.8829
			    501.3269
			    272.8466
			    79.4178
			    -197.1424
	==================================================================================
	Q6:
		Shape: Polyhedra
		q_c:    142.0000    221.5000    460.5000
		ub :    145.7981    227.3764    466.3253
		lb :    138.2019    215.6236    454.6747
		A:
			    -0.0967    0.9167    0.3877
			    0.9847    0.1295    -0.1170
			    -0.7919    0.1881    0.5810
			    -0.6418    -0.2057    0.7388
			    0.9509    -0.1127    -0.2881
			    0.9966    0.0329    -0.0751
			    0.3152    0.7809    0.5394
			    0.8766    -0.0217    -0.4808
			    -0.3637    0.6243    -0.6913
			    -0.3152    -0.7809    -0.5394
			    -0.8766    0.0217    0.4808
			    0.3637    -0.6243    0.6913
		b:
			    371.4061
			    116.4464
			    198.0003
			    205.7504
			    -21.1272
			    116.2088
			    469.6019
			    -100.7184
			    -226.7085
			    -462.6019
			    102.7184
			    236.7085


===========================================================================================
===========================================================================================
S2:
	q_c:    396.5000    195.0000    442.0000
	ub :    428.0000    201.0000    466.0000
	lb :    365.0000    189.0000    418.0000

	==================================================================================
	Q1:
		Shape: Ellipse
		q_c:    393.5000    200.5000    440.0000
		ub :    398.6052    203.0266    444.5250
		lb :    388.3948    197.9734    435.4750
		P^-1: 
			    0.0870    -0.0763    -0.0082
			    -0.0763    0.4218    -0.0478
			    -0.0082    -0.0478    0.1092
	==================================================================================
	Q2:
		Shape: Ellipse
		q_c:    396.0000    199.0000    437.5000
		ub :    401.2002    203.2761    442.8085
		lb :    390.7998    194.7239    432.1915
		P^-1: 
			    0.1962    -0.1765    -0.0094
			    -0.1765    0.3155    0.0290
			    -0.0094    0.0290    0.0769
	==================================================================================
	Q3:
		Shape: Hybrid
		q_c:    399.5000    190.0000    445.5000
		ub :    404.4040    194.5040    448.5213
		lb :    394.5960    185.4960    442.4787
		P^-1: 
			    0.1008    0.0071    -0.0430
			    0.0071    0.1066    0.0198
			    -0.0430    0.0198    0.2354
		A:
			    0.1837    -0.9772    0.1068
			    -0.2420    -0.4599    -0.8544
			    -0.7118    0.1505    0.6861
			    0.7300    0.1203    -0.6728
			    0.5690    0.1087    -0.8151
			    -0.0764    0.4629    -0.8831
		b:
			    -62.4738
			    -563.2301
			    51.3210
			    16.2047
			    -113.9702
			    -334.3553
	==================================================================================
	Q4:
		Shape: Hybrid
		q_c:    401.5000    197.0000    447.0000
		ub :    406.3580    202.0232    452.7569
		lb :    396.6420    191.9768    441.2431
		P^-1: 
			    0.0992    -0.0088    -0.0190
			    -0.0088    0.1046    -0.0140
			    -0.0190    -0.0140    0.0810
		A:
			    -0.0273    -0.3255    0.9452
			    0.9303    0.3468    0.1197
			    0.2345    0.9720    -0.0161
			    -0.3697    0.9060    -0.2059
			    0.3029    -0.6355    -0.7102
			    0.0097    0.8709    -0.4914
		b:
			    349.3235
			    497.3137
			    280.1958
			    -60.5195
			    -319.0910
			    -42.6919
	==================================================================================
	Q5:
		Shape: Polyhedra
		q_c:    403.0000    200.0000    446.0000
		ub :    408.2806    204.6027    451.5849
		lb :    397.7194    195.3973    440.4151
		A:
			    -0.1097    -0.9627    -0.2473
			    0.2095    -0.9400    -0.2692
			    0.6744    0.4786    0.5623
			    0.7055    0.6751    -0.2157
			    -0.8145    -0.5786    0.0429
			    -0.3058    0.0497    -0.9508
			    0.6832    0.5558    0.4737
			    -0.6621    0.1977    0.7229
			    0.3081    -0.8075    0.5031
			    -0.6832    -0.5558    -0.4737
			    0.6621    -0.1977    -0.7229
			    -0.3081    0.8075    -0.5031
		b:
			    -344.1740
			    -220.4530
			    620.7774
			    326.1358
			    -421.9380
			    -534.2848
			    600.2476
			    99.1100
			    190.0211
			    -595.2476
			    -91.1100
			    -184.0211
	==================================================================================
	Q6:
		Shape: Hybrid
		q_c:    394.5000    197.0000    440.0000
		ub :    399.5070    202.0436    444.4340
		lb :    389.4930    191.9564    435.5660
		P^-1: 
			    0.1458    0.0302    0.0675
			    0.0302    0.1373    0.0631
			    0.0675    0.0631    0.1405
		A:
			    -0.8434    0.1323    0.5208
			    0.6296    0.4345    0.6440
			    0.8915    0.1390    0.4312
			    0.3254    0.5610    0.7612
			    -0.3930    -0.5309    -0.7508
			    0.9439    0.1780    0.2781
		b:
			    -74.9275
			    618.3687
			    570.1450
			    574.9500
			    -588.8945
			    531.3242


===========================================================================================
===========================================================================================
S3:
	q_c:    379.5000    439.5000    277.5000
	ub :    398.0000    456.0000    298.0000
	lb :    361.0000    423.0000    257.0000

	==================================================================================
	Q1:
		Shape: Polyhedra
		q_c:    377.0000    446.0000    284.0000
		ub :    384.5500    452.7675    288.3619
		lb :    369.4500    439.2325    279.6381
		A:
			    -0.3164    -0.3903    -0.8646
			    0.6659    -0.6515    0.3635
			    0.0532    -0.9264    -0.3728
			    0.3318    0.1481    -0.9316
			    0.3495    0.2068    0.9138
			    0.6263    -0.7285    -0.2774
			    0.8750    0.4821    0.0437
			    0.4814    -0.8572    -0.1829
			    -0.0507    0.1811    -0.9822
			    -0.8750    -0.4821    -0.0437
			    -0.4814    0.8572    0.1829
			    0.0507    -0.1811    0.9822
		b:
			    -534.4791
			    67.5195
			    -494.7936
			    -69.5121
			    487.7771
			    -163.9327
			    563.8099
			    -249.2838
			    -213.7717
			    -550.8099
			    256.2838
			    220.7717
	==================================================================================
	Q2:
		Shape: Ellipse
		q_c:    374.0000    424.5000    267.0000
		ub :    381.3038    432.3597    269.9615
		lb :    366.6962    416.6403    264.0385
		P^-1: 
			    0.0972    0.0556    -0.1100
			    0.0556    0.0610    -0.0717
			    -0.1100    -0.0717    0.3883
	==================================================================================
	Q3:
		Shape: Hybrid
		q_c:    393.5000    426.0000    272.0000
		ub :    398.7762    430.9675    278.1470
		lb :    388.2238    421.0325    265.8530
		P^-1: 
			    0.0494    0.0053    0.0058
			    0.0053    0.1917    0.0958
			    0.0058    0.0958    0.0914
		A:
			    -0.6180    0.6743    0.4042
			    0.4502    -0.8673    -0.2126
			    -0.4048    0.8916    0.2031
			    0.6069    -0.5245    -0.5972
			    -0.0270    -0.8118    -0.5834
			    -0.5661    -0.7945    -0.2196
		b:
			    156.2971
			    -248.0839
			    277.7566
			    -144.5361
			    -514.0718
			    -618.7485
	==================================================================================
	Q4:
		Shape: Hybrid
		q_c:    380.5000    432.0000    267.0000
		ub :    389.3554    440.6792    273.9288
		lb :    371.6446    423.3208    260.0712
		P^-1: 
			    0.0617    -0.0508    -0.0379
			    -0.0508    0.0829    0.0465
			    -0.0379    0.0465    0.0594
		A:
			    -0.0817    -0.8325    0.5480
			    -0.6963    0.6161    0.3682
			    -0.5611    0.7836    0.2665
			    0.0555    -0.6771    -0.7338
			    -0.5364    0.3126    0.7840
			    0.5076    -0.7107    -0.4871
		b:
			    -239.1347
			    101.1340
			    197.9239
			    -464.4591
			    142.6995
			    -242.6421
	==================================================================================
	Q5:
		Shape: Hybrid
		q_c:    377.0000    455.0000    284.5000
		ub :    386.5468    464.8582    292.6970
		lb :    367.4532    445.1418    276.3030
		P^-1: 
			    0.0223    0.0051    0.0041
			    0.0051    0.0346    0.0122
			    0.0041    0.0122    0.0366
		A:
			    0.6115    -0.2139    -0.7618
			    0.0182    0.8939    0.4479
			    -0.0823    0.9150    0.3950
			    -0.3929    -0.0502    0.9182
			    -0.6813    0.6067    -0.4097
			    -0.0167    0.7541    0.6565
		b:
			    -79.5632
			    543.6908
			    500.5755
			    94.0757
			    -92.7046
			    526.0864
	==================================================================================
	Q6:
		Shape: Ellipse
		q_c:    370.5000    440.5000    292.0000
		ub :    382.9042    449.1667    303.9718
		lb :    358.0958    431.8333    280.0282
		P^-1: 
			    0.0167    -0.0050    -0.0026
			    -0.0050    0.0305    -0.0046
			    -0.0026    -0.0046    0.0187


===========================================================================================
===========================================================================================
S4:
	q_c:    101.0000    465.5000    421.5000
	ub :    115.0000    489.0000    453.0000
	lb :    87.0000    442.0000    390.0000

	==================================================================================
	Q1:
		Shape: Polyhedra
		q_c:    95.5000    464.0000    430.5000
		ub :    102.7346    471.4673    437.0781
		lb :    88.2654    456.5327    423.9219
		A:
			    -0.2390    -0.4568    -0.8569
			    0.8074    -0.1523    0.5701
			    -0.3170    0.7846    0.5328
			    0.2766    0.1963    0.9407
			    0.9494    -0.1727    -0.2625
			    0.2999    0.6327    -0.7140
			    0.1866    0.6045    0.7744
			    0.5884    0.5625    -0.5809
			    -0.7867    0.5640    -0.2508
			    -0.1866    -0.6045    -0.7744
			    -0.5884    -0.5625    0.5809
			    0.7867    -0.5640    0.2508
		b:
			    -600.1103
			    256.5156
			    567.1790
			    526.2806
			    -97.6780
			    19.3955
			    635.2104
			    71.6206
			    83.6339
			    -628.2104
			    -62.6206
			    -73.6339
	==================================================================================
	Q2:
		Shape: Hybrid
		q_c:    92.0000    467.5000    423.5000
		ub :    98.7698    472.0696    430.4728
		lb :    85.2302    462.9304    416.5272
		P^-1: 
			    0.0550    -0.0476    0.0256
			    -0.0476    0.1913    -0.0813
			    0.0256    -0.0813    0.0837
		A:
			    -0.5191    0.0647    0.8523
			    0.5754    -0.8022    0.1590
			    -0.4313    -0.7767    0.4591
			    -0.3516    0.9352    -0.0417
			    -0.1610    -0.9865    -0.0297
			    -0.7319    -0.4404    -0.5199
		b:
			    347.3389
			    -252.9939
			    -205.7448
			    388.9803
			    -486.0829
			    -489.4260
	==================================================================================
	Q3:
		Shape: Hybrid
		q_c:    88.5000    471.5000    423.5000
		ub :    98.5062    482.4690    434.2496
		lb :    78.4938    460.5310    412.7504
		P^-1: 
			    0.0256    -0.0028    -0.0103
			    -0.0028    0.0172    0.0047
			    -0.0103    0.0047    0.0306
		A:
			    0.2069    0.5936    0.7777
			    0.5105    -0.4067    -0.7576
			    -0.2599    0.7949    -0.5482
			    0.1931    -0.5992    -0.7770
			    0.9428    -0.0427    -0.3306
			    0.8242    -0.4065    -0.3942
		b:
			    631.7488
			    -464.8050
			    125.0977
			    -591.1295
			    -73.2838
			    -282.4910
	==================================================================================
	Q4:
		Shape: Hybrid
		q_c:    99.5000    455.5000    419.5000
		ub :    107.9487    466.9516    430.7095
		lb :    91.0513    444.0484    408.2905
		P^-1: 
			    0.0360    -0.0066    -0.0030
			    -0.0066    0.0224    0.0057
			    -0.0030    0.0057    0.0209
		A:
			    0.4557    -0.7823    -0.4246
			    0.1615    0.9359    0.3131
			    -0.2055    -0.9426    -0.2632
			    -0.1463    0.9396    0.3094
			    0.9292    -0.3200    0.1848
			    0.1918    -0.9814    -0.0095
		b:
			    -486.0206
			    577.9322
			    -555.8801
			    547.0780
			    27.1681
			    -427.6223
	==================================================================================
	Q5:
		Shape: Ellipse
		q_c:    115.0000    466.5000    428.5000
		ub :    122.1442    472.7895    436.5144
		lb :    107.8558    460.2105    420.4856
		P^-1: 
			    0.0448    -0.0065    -0.0161
			    -0.0065    0.0601    -0.0059
			    -0.0161    -0.0059    0.0479
	==================================================================================
	Q6:
		Shape: Polyhedra
		q_c:    112.0000    476.5000    427.5000
		ub :    119.9239    482.4944    435.2170
		lb :    104.0761    470.5056    419.7830
		A:
			    -0.2975    -0.8229    -0.4840
			    0.9279    0.3242    -0.1841
			    0.0321    0.1494    0.9883
			    -0.4067    0.5471    -0.7317
			    0.2765    0.8022    0.5292
			    0.1568    -0.5974    -0.7865
			    0.7385    0.1031    0.6664
			    -0.5997    -0.3513    0.7190
			    0.3083    -0.9306    -0.1976
			    -0.7385    -0.1031    -0.6664
			    0.5997    0.3513    -0.7190
			    -0.3083    0.9306    0.1976
		b:
			    -627.9318
			    184.7070
			    502.1792
			    -92.8770
			    643.8821
			    -598.8616
			    421.7180
			    77.7821
			    -489.3573
			    -411.7180
			    -67.7821
			    497.3573


===========================================================================================
===========================================================================================
S5:
	q_c:    128.5000    456.5000    177.5000
	ub :    155.0000    461.0000    184.0000
	lb :    102.0000    452.0000    171.0000

	==================================================================================
	Q1:
		Shape: Ellipse
		q_c:    128.5000    456.5000    179.5000
		ub :    131.9459    459.5873    182.7522
		lb :    125.0541    453.4127    176.2478
		P^-1: 
			    0.2500    0.0000    0.0000
			    0.0000    0.2500    0.0000
			    0.0000    0.0000    0.2500
	==================================================================================
	Q2:
		Shape: Hybrid
		q_c:    126.0000    461.5000    175.5000
		ub :    129.6317    464.6978    178.6830
		lb :    122.3683    458.3022    172.3170
		P^-1: 
			    0.2282    -0.0369    -0.0112
			    -0.0369    0.1876    -0.0190
			    -0.0112    -0.0190    0.2442
		A:
			    -0.3214    0.2807    -0.9044
			    0.3700    -0.1515    0.9166
			    -0.4613    -0.6894    0.5585
			    0.1280    -0.2389    -0.9626
			    -0.9298    -0.2659    0.2545
			    -0.9749    -0.1403    0.1726
		b:
			    -68.6421
			    138.6321
			    -277.0267
			    -261.9947
			    -194.0047
			    -156.1255
	==================================================================================
	Q3:
		Shape: Polyhedra
		q_c:    126.5000    461.0000    176.5000
		ub :    128.5309    464.3019    179.5621
		lb :    124.4691    457.6981    173.4379
		A:
			    -0.9664    -0.1136    0.2307
			    -0.5866    -0.3631    -0.7239
			    -0.8017    0.2451    0.5452
			    0.8455    -0.4228    0.3262
			    0.8694    -0.3608    -0.3377
			    -0.8418    -0.3647    0.3979
			    0.1518    0.4855    0.8609
			    -0.3163    0.8491    -0.4231
			    -0.9364    -0.2081    0.2825
			    -0.1518    -0.4855    -0.8609
			    0.3163    -0.8491    0.4231
			    0.9364    0.2081    -0.2825
		b:
			    -132.8749
			    -367.4885
			    109.2072
			    -28.3272
			    -114.4202
			    -203.2545
			    396.9939
			    279.2332
			    -163.5418
			    -392.9939
			    -274.2332
			    165.5418
	==================================================================================
	Q4:
		Shape: Hybrid
		q_c:    124.5000    461.0000    180.5000
		ub :    128.0771    464.4957    184.2289
		lb :    120.9229    457.5043    176.7711
		P^-1: 
			    0.3090    -0.1278    0.0742
			    -0.1278    0.3146    0.0243
			    0.0742    0.0243    0.1820
		A:
			    -0.5549    0.7857    0.2733
			    -0.9056    -0.2412    -0.3490
			    -0.0849    0.9729    0.2151
			    -0.4466    0.7429    0.4987
			    -0.4656    0.8850    0.0091
			    0.5289    0.7485    -0.4001
		b:
			    343.3671
			    -285.6504
			    477.8415
			    377.9927
			    352.4835
			    340.7515
	==================================================================================
	Q5:
		Shape: Ellipse
		q_c:    132.5000    454.5000    178.5000
		ub :    134.9143    456.3032    180.9863
		lb :    130.0857    452.6968    176.0137
		P^-1: 
			    0.2864    -0.1574    0.0344
			    -0.1574    0.9311    -0.1488
			    0.0344    -0.1488    0.2825
	==================================================================================
	Q6:
		Shape: Ellipse
		q_c:    127.0000    461.0000    175.0000
		ub :    130.9559    465.1080    178.1398
		lb :    123.0441    456.8920    171.8602
		P^-1: 
			    0.2419    -0.1662    -0.0654
			    -0.1662    0.2553    0.0576
			    -0.0654    0.0576    0.1889


===========================================================================================
===========================================================================================
S6:
	q_c:    93.0000    468.0000    499.5000
	ub :    120.0000    474.0000    519.0000
	lb :    66.0000    462.0000    480.0000

	==================================================================================
	Q1:
		Shape: Hybrid
		q_c:    96.5000    462.0000    498.0000
		ub :    100.5864    466.4273    501.8618
		lb :    92.4136    457.5727    494.1382
		P^-1: 
			    0.1194    0.0175    0.0055
			    0.0175    0.1524    -0.0024
			    0.0055    -0.0024    0.1592
		A:
			    -0.0444    0.9315    -0.3610
			    0.2674    -0.9343    0.2358
			    -0.8136    -0.5806    -0.0297
			    0.7474    -0.2522    -0.6146
			    -0.7726    -0.3056    0.5566
			    0.1306    0.9661    0.2227
		b:
			    247.6365
			    -286.9784
			    -360.1553
			    -348.8537
			    62.9386
			    571.1326
	==================================================================================
	Q2:
		Shape: Hybrid
		q_c:    90.0000    465.5000    498.0000
		ub :    94.8138    470.1433    501.7230
		lb :    85.1862    460.8567    494.2770
		P^-1: 
			    0.1182    -0.0319    0.0779
			    -0.0319    0.1910    -0.1489
			    0.0779    -0.1489    0.3280
		A:
			    -0.2351    0.2126    -0.9484
			    0.1962    -0.3156    -0.9284
			    0.8428    -0.2687    0.4664
			    0.3837    -0.6135    0.6902
			    0.4780    -0.2240    0.8493
			    -0.8587    -0.4790    0.1822
		b:
			    -393.4825
			    -589.3378
			    184.7618
			    93.5722
			    362.7253
			    -207.2382
	==================================================================================
	Q3:
		Shape: Ellipse
		q_c:    90.0000    472.0000    497.5000
		ub :    94.1834    476.1095    499.7593
		lb :    85.8166    467.8905    495.2407
		P^-1: 
			    0.1120    0.0004    0.0109
			    0.0004    0.1113    0.0054
			    0.0109    0.0054    0.2489
	==================================================================================
	Q4:
		Shape: Ellipse
		q_c:    89.5000    462.5000    494.5000
		ub :    93.9304    467.5529    499.9175
		lb :    85.0696    457.4471    489.0825
		P^-1: 
			    0.3055    -0.1780    0.0293
			    -0.1780    0.2101    -0.0105
			    0.0293    -0.0105    0.0730
	==================================================================================
	Q5:
		Shape: Ellipse
		q_c:    93.5000    471.5000    497.5000
		ub :    96.7313    474.6302    500.9647
		lb :    90.2687    468.3698    494.0353
		P^-1: 
			    0.2715    -0.1397    -0.0005
			    -0.1397    0.3308    0.0149
			    -0.0005    0.0149    0.1132
	==================================================================================
	Q6:
		Shape: Ellipse
		q_c:    97.0000    464.5000    497.5000
		ub :    101.8185    469.4366    501.4885
		lb :    92.1815    459.5634    493.5115
		P^-1: 
			    0.0951    0.0225    -0.0091
			    0.0225    0.1407    -0.0658
			    -0.0091    -0.0658    0.2070


===========================================================================================
===========================================================================================
S7:
	q_c:    148.5000    362.0000    158.0000
	ub :    166.0000    383.0000    167.0000
	lb :    131.0000    341.0000    149.0000

	==================================================================================
	Q1:
		Shape: Polyhedra
		q_c:    144.0000    365.0000    151.0000
		ub :    146.2135    370.3538    156.3865
		lb :    141.7865    359.6462    145.6135
		A:
			    0.8121    -0.5825    0.0348
			    0.8490    -0.1219    0.5141
			    0.9171    -0.0198    -0.3982
			    0.9488    -0.0021    -0.3159
			    -0.0301    0.9660    0.2567
			    0.7759    -0.3345    -0.5349
			    0.2108    0.6653    0.7162
			    0.0974    0.7147    -0.6926
			    -0.9727    0.2158    0.0859
			    -0.2108    -0.6653    -0.7162
			    -0.0974    -0.7147    0.6926
			    0.9727    -0.2158    -0.0859
		b:
			    -88.7354
			    157.8958
			    66.1865
			    89.4927
			    391.0276
			    -88.8782
			    385.8419
			    173.3030
			    -47.3454
			    -376.8419
			    -167.3030
			    49.3454
	==================================================================================
	Q2:
		Shape: Ellipse
		q_c:    147.0000    362.0000    151.5000
		ub :    152.7835    367.9731    155.9957
		lb :    141.2165    356.0269    147.0043
		P^-1: 
			    0.0767    0.0151    -0.0671
			    0.0151    0.0577    -0.0371
			    -0.0671    -0.0371    0.2144
	==================================================================================
	Q3:
		Shape: Ellipse
		q_c:    152.0000    370.5000    166.5000
		ub :    157.8345    375.9712    171.3239
		lb :    146.1655    365.0288    161.6761
		P^-1: 
			    0.0685    0.0193    -0.0350
			    0.0193    0.0833    -0.0159
			    -0.0350    -0.0159    0.1392
	==================================================================================
	Q4:
		Shape: Ellipse
		q_c:    157.5000    361.5000    161.0000
		ub :    161.5671    366.1875    165.6203
		lb :    153.4329    356.8125    156.3797
		P^-1: 
			    0.2392    -0.0470    -0.1845
			    -0.0470    0.0750    0.0491
			    -0.1845    0.0491    0.2553
	==================================================================================
	Q5:
		Shape: Ellipse
		q_c:    155.0000    365.0000    161.5000
		ub :    159.9638    369.9711    164.1069
		lb :    150.0362    360.0289    158.8931
		P^-1: 
			    0.1937    0.0249    -0.2995
			    0.0249    0.0872    -0.0666
			    -0.2995    -0.0666    0.8824
	==================================================================================
	Q6:
		Shape: Hybrid
		q_c:    149.0000    363.0000    160.5000
		ub :    151.9575    365.2962    164.4377
		lb :    146.0425    360.7038    156.5623
		P^-1: 
			    0.3754    -0.0049    -0.1421
			    -0.0049    0.2488    -0.0132
			    -0.1421    -0.0132    0.1518
		A:
			    0.7338    0.1823    -0.6545
			    0.8007    -0.5101    -0.3142
			    0.7628    -0.6318    -0.1377
			    0.4501    0.8714    -0.1950
			    0.7849    -0.5248    0.3296
			    0.5051    0.7719    -0.3861
		b:
			    71.4144
			    -115.4066
			    -136.7283
			    353.2488
			    -18.8805
			    294.5491


===========================================================================================
===========================================================================================
S8:
	q_c:    515.5000    90.0000    417.0000
	ub :    526.0000    108.0000    442.0000
	lb :    505.0000    72.0000    392.0000

	==================================================================================
	Q1:
		Shape: Ellipse
		q_c:    509.5000    98.5000    411.5000
		ub :    514.8302    104.0665    417.4229
		lb :    504.1698    92.9335    405.5771
		P^-1: 
			    0.0677    -0.0084    -0.0014
			    -0.0084    0.0760    0.0042
			    -0.0014    0.0042    0.0335
	==================================================================================
	Q2:
		Shape: Polyhedra
		q_c:    522.0000    88.5000    412.5000
		ub :    529.9114    95.3240    419.6179
		lb :    514.0886    81.6760    405.3821
		A:
			    -0.5693    -0.8170    -0.0917
			    -0.3735    -0.5894    0.7163
			    -0.0256    -0.6107    -0.7914
			    0.9526    0.2955    -0.0719
			    -0.6266    0.5447    -0.5573
			    -0.2546    -0.8405    -0.4783
			    0.3979    0.5772    0.7131
			    -0.4692    0.7960    -0.3825
			    -0.7884    -0.1824    0.5875
			    -0.3979    -0.5772    -0.7131
			    0.4692    -0.7960    0.3825
			    0.7884    0.1824    -0.5875
		b:
			    -403.2392
			    53.8614
			    -390.7633
			    498.6851
			    -503.5397
			    -401.4874
			    555.4307
			    -326.7626
			    -179.8151
			    -550.4307
			    337.7626
			    190.8151
	==================================================================================
	Q3:
		Shape: Polyhedra
		q_c:    517.0000    81.0000    414.5000
		ub :    524.1710    88.6445    421.3173
		lb :    509.8290    73.3555    407.6827
		A:
			    -0.1120    0.6883    -0.7168
			    -0.8675    -0.0183    0.4970
			    -0.1875    -0.5449    0.8173
			    0.1644    0.4262    0.8895
			    0.2639    0.7736    0.5760
			    -0.7253    0.4760    0.4974
			    0.8661    0.4986    0.0364
			    0.4712    -0.8386    0.2734
			    0.1668    -0.2197    -0.9612
			    -0.8661    -0.4986    -0.0364
			    -0.4712    0.8386    -0.2734
			    -0.1668    0.2197    0.9612
		b:
			    -294.1062
			    -239.0563
			    202.8308
			    493.5814
			    442.9396
			    -125.0407
			    507.7223
			    294.0380
			    -324.4766
			    -498.7223
			    -284.0380
			    335.4766
	==================================================================================
	Q4:
		Shape: Ellipse
		q_c:    511.0000    97.0000    414.5000
		ub :    517.1806    101.6023    420.9884
		lb :    504.8194    92.3977    408.0116
		P^-1: 
			    0.0537    0.0004    0.0063
			    0.0004    0.0806    0.0046
			    0.0063    0.0046    0.0593
	==================================================================================
	Q5:
		Shape: Ellipse
		q_c:    506.5000    80.0000    421.5000
		ub :    514.1763    85.0037    428.3205
		lb :    498.8237    74.9963    414.6795
		P^-1: 
			    0.0956    0.0324    -0.0950
			    0.0324    0.1119    -0.0586
			    -0.0950    -0.0586    0.1445
	==================================================================================
	Q6:
		Shape: Hybrid
		q_c:    516.5000    90.5000    408.0000
		ub :    524.9862    98.9623    416.5182
		lb :    508.0138    82.0377    399.4818
		P^-1: 
			    0.0442    0.0050    0.0161
			    0.0050    0.0320    0.0017
			    0.0161    0.0017    0.0471
		A:
			    -0.8791    0.2564    -0.4019
			    0.5854    0.7355    0.3410
			    0.9716    0.1383    0.1920
			    -0.7831    0.6044    -0.1466
			    0.2075    -0.0954    0.9736
			    -0.8449    -0.4570    0.2780
		b:
			    -592.1525
			    510.8179
			    595.3636
			    -406.1192
			    498.3550
			    -361.0083


===========================================================================================
===========================================================================================
S9:
	q_c:    340.0000    188.5000    418.0000
	ub :    370.0000    201.0000    432.0000
	lb :    310.0000    176.0000    404.0000

	==================================================================================
	Q1:
		Shape: Polyhedra
		q_c:    353.0000    193.5000    417.0000
		ub :    359.5152    200.3403    422.5790
		lb :    346.4848    186.6597    411.4210
		A:
			    0.6977    0.1869    -0.6916
			    -0.2732    -0.6314    -0.7258
			    0.2089    0.0951    0.9733
			    0.0975    -0.1086    -0.9893
			    -0.6408    -0.2564    -0.7236
			    0.2047    -0.7160    0.6674
			    0.0087    0.9625    0.2712
			    0.9815    0.0437    -0.1865
			    -0.1914    0.2678    -0.9443
			    -0.0087    -0.9625    -0.2712
			    -0.9815    -0.0437    0.1865
			    0.1914    -0.2678    0.9443
		b:
			    -0.7325
			    -516.0295
			    501.5602
			    -395.2914
			    -572.9501
			    216.0306
			    308.3950
			    283.1349
			    -406.5043
			    -296.3950
			    -271.1349
			    412.5043
	==================================================================================
	Q2:
		Shape: Polyhedra
		q_c:    332.0000    187.5000    417.5000
		ub :    338.6013    194.0259    422.9368
		lb :    325.3987    180.9741    412.0632
		A:
			    0.4594    -0.8823    0.1022
			    0.7351    -0.2582    0.6269
			    0.4211    0.3355    -0.8427
			    -0.2135    0.1118    -0.9705
			    -0.8839    0.2356    0.4040
			    0.2515    0.6123    -0.7496
			    0.5523    0.8045    0.2185
			    0.5675    -0.1708    -0.8055
			    -0.6107    0.5688    -0.5509
			    -0.5523    -0.8045    -0.2185
			    -0.5675    0.1708    0.8055
			    0.6107    -0.5688    0.5509
		b:
			    33.5516
			    461.0611
			    -145.7675
			    -451.7175
			    -77.3638
			    -110.9497
			    430.4133
			    -176.9245
			    -322.5939
			    -420.4133
			    182.9245
			    329.5939
	==================================================================================
	Q3:
		Shape: Ellipse
		q_c:    340.0000    188.0000    404.0000
		ub :    349.4491    196.9863    412.1264
		lb :    330.5509    179.0137    395.8736
		P^-1: 
			    0.0272    0.0062    -0.0016
			    0.0062    0.0348    -0.0039
			    -0.0016    -0.0039    0.0294
	==================================================================================
	Q4:
		Shape: Ellipse
		q_c:    346.0000    197.0000    415.5000
		ub :    354.0969    201.4885    423.5179
		lb :    337.9031    192.5115    407.4821
		P^-1: 
			    0.0879    -0.1329    0.0530
			    -0.1329    0.3332    -0.1278
			    0.0530    -0.1278    0.0842
	==================================================================================
	Q5:
		Shape: Polyhedra
		q_c:    339.5000    183.5000    406.5000
		ub :    344.4722    188.0422    412.5738
		lb :    334.5278    178.9578    400.4262
		A:
			    0.5768    -0.8120    -0.0887
			    -0.7503    -0.4449    0.4890
			    0.5156    -0.6977    -0.4974
			    -0.7177    -0.5779    -0.3885
			    -0.6313    0.6360    0.4438
			    0.8009    -0.3747    -0.4671
			    0.6283    0.1836    0.7560
			    -0.7462    0.4172    0.5188
			    -0.2202    -0.8901    0.3991
			    -0.6283    -0.1836    -0.7560
			    0.7462    -0.4172    -0.5188
			    0.2202    0.8901    -0.3991
		b:
			    13.0217
			    -134.6902
			    -153.4551
			    -502.6052
			    84.1276
			    14.3706
			    559.8084
			    35.1015
			    -72.3556
			    -548.8084
			    -33.1015
			    79.3556
	==================================================================================
	Q6:
		Shape: Polyhedra
		q_c:    352.5000    196.5000    425.0000
		ub :    360.2486    204.6151    432.6642
		lb :    344.7514    188.3849    417.3358
		A:
			    -0.9857    -0.0339    0.1648
			    0.6366    0.6905    0.3436
			    -0.0669    0.0784    0.9947
			    -0.4026    -0.8819    -0.2453
			    0.8386    -0.4566    -0.2970
			    0.9278    -0.0702    0.3664
			    0.6946    0.7107    0.1115
			    0.6272    -0.5224    -0.5778
			    -0.3523    0.4713    -0.8085
			    -0.6946    -0.7107    -0.1115
			    -0.6272    0.5224    0.5778
			    0.3523    -0.4713    0.8085
		b:
			    -279.7713
			    510.6357
			    419.7737
			    -415.0046
			    83.8931
			    474.1134
			    436.4051
			    -123.1248
			    -369.2210
			    -427.4051
			    131.1248
			    381.2210


===========================================================================================
===========================================================================================
S10:
	q_c:    66.5000    468.0000    433.5000
	ub :    101.0000    493.0000    450.0000
	lb :    32.0000    443.0000    417.0000

	==================================================================================
	Q1:
		Shape: Ellipse
		q_c:    81.0000    451.0000    438.5000
		ub :    86.2010    461.3791    448.7529
		lb :    75.7990    440.6209    428.2471
		P^-1: 
			    0.2121    -0.0683    0.0526
			    -0.0683    0.0429    -0.0143
			    0.0526    -0.0143    0.0343
	==================================================================================
	Q2:
		Shape: Ellipse
		q_c:    68.0000    460.0000    427.5000
		ub :    76.2659    468.4340    433.4574
		lb :    59.7341    451.5660    421.5426
		P^-1: 
			    0.0795    0.0479    0.0432
			    0.0479    0.0594    0.0374
			    0.0432    0.0374    0.0814
	==================================================================================
	Q3:
		Shape: Ellipse
		q_c:    62.5000    472.5000    444.5000
		ub :    70.6773    479.4669    451.2539
		lb :    54.3227    465.5331    437.7461
		P^-1: 
			    0.0157    0.0026    -0.0026
			    0.0026    0.0895    -0.0697
			    -0.0026    -0.0697    0.0908
	==================================================================================
	Q4:
		Shape: Hybrid
		q_c:    61.0000    467.5000    442.5000
		ub :    72.4913    473.2253    453.5018
		lb :    49.5087    461.7747    431.4982
		P^-1: 
			    0.0169    0.0009    0.0081
			    0.0009    0.0488    0.0035
			    0.0081    0.0035    0.0226
		A:
			    0.1784    -0.9513    -0.2514
			    -0.6594    0.6976    -0.2804
			    -0.6646    0.6267    -0.4069
			    0.0866    -0.4074    -0.9091
			    -0.7064    0.5625    -0.4296
			    -0.4421    -0.7055    -0.5539
		b:
			    -542.3586
			    165.6540
			    76.1102
			    -582.6453
			    33.6949
			    -599.0556
	==================================================================================
	Q5:
		Shape: Ellipse
		q_c:    54.0000    482.5000    430.5000
		ub :    64.6025    492.4880    441.1616
		lb :    43.3975    472.5120    419.8384
		P^-1: 
			    0.0377    -0.0216    -0.0034
			    -0.0216    0.0436    -0.0036
			    -0.0034    -0.0036    0.0187
	==================================================================================
	Q6:
		Shape: Ellipse
		q_c:    77.0000    468.0000    429.5000
		ub :    84.4901    476.3559    437.1187
		lb :    69.5099    459.6441    421.8813
		P^-1: 
			    0.0429    0.0031    0.0030
			    0.0031    0.0433    0.0032
			    0.0030    0.0032    0.0432


===========================================================================================
===========================================================================================
S11:
	q_c:    70.0000    146.5000    31.0000
	ub :    91.0000    169.0000    62.0000
	lb :    49.0000    124.0000    0.0000

	==================================================================================
	Q1:
		Shape: Polyhedra
		q_c:    70.0000    163.5000    16.5000
		ub :    81.5145    177.4991    29.5420
		lb :    58.4855    149.5009    3.4580
		A:
			    0.4186    0.2877    -0.8614
			    0.2463    -0.5419    0.8035
			    0.8382    -0.0304    -0.5445
			    -0.5545    0.7167    0.4229
			    0.5988    0.5524    0.5799
			    0.7329    0.4285    -0.5285
			    0.5421    0.7575    0.3637
			    0.8389    -0.5132    -0.1816
			    0.0491    0.4036    -0.9136
			    -0.5421    -0.7575    -0.3637
			    -0.8389    0.5132    0.1816
			    -0.0491    -0.4036    0.9136
		b:
			    71.4254
			    -48.7637
			    53.1615
			    93.3768
			    149.9305
			    121.3949
			    175.8006
			    -20.1797
			    63.8449
			    -159.8006
			    36.1797
			    -44.8449
	==================================================================================
	Q2:
		Shape: Polyhedra
		q_c:    76.0000    159.0000    14.5000
		ub :    92.6719    171.8669    30.9766
		lb :    59.3281    146.1331    -1.9766
		A:
			    -0.6422    -0.7472    0.1708
			    -0.4477    -0.8682    0.2139
			    0.9673    -0.0512    -0.2483
			    -0.5655    0.4710    -0.6770
			    0.8253    0.4271    -0.3694
			    -0.0633    0.9929    -0.1006
			    0.6435    0.6532    0.3991
			    0.5196    -0.7556    0.3988
			    0.5621    -0.0492    -0.8256
			    -0.6435    -0.6532    -0.3991
			    -0.5196    0.7556    -0.3988
			    -0.5621    0.0492    0.8256
		b:
			    -155.5891
			    -159.6765
			    72.1821
			    30.8178
			    135.7444
			    160.2653
			    167.5452
			    -66.3679
			    34.4231
			    -149.5452
			    83.3679
			    -11.4231
	==================================================================================
	Q3:
		Shape: Ellipse
		q_c:    84.5000    153.0000    48.0000
		ub :    98.5278    168.3041    60.3727
		lb :    70.4722    137.6959    35.6273
		P^-1: 
			    0.0376    0.0017    0.0355
			    0.0017    0.0096    0.0053
			    0.0355    0.0053    0.0525
	==================================================================================
	Q4:
		Shape: Polyhedra
		q_c:    56.5000    146.5000    31.5000
