3D_40_15_6_c                l = 3

===========================================================================================
===========================================================================================
S1:
	q_c:    105.0000    38.0000    89.0000
	ub :    115.0000    56.0000    102.0000
	lb :    95.0000    20.0000    76.0000

	==================================================================================
	Q1:
		Shape: Polyhedra
		q_c:    100.0000    32.5000    82.0000
		ub :    106.4853    37.3991    87.9855
		lb :    93.5147    27.6009    76.0145
		A:
			    -0.4864    -0.6817    -0.5465
			    -0.7621    -0.5066    -0.4032
			    0.0219    -0.9086    0.4172
			    0.3484    0.8225    0.4496
			    0.8561    0.4261    -0.2926
			    0.9258    0.1973    -0.3226
			    0.4339    0.0946    0.8960
			    -0.8423    0.3956    0.3661
			    -0.3198    -0.9135    0.2513
			    -0.4339    -0.0946    -0.8960
			    0.8423    -0.3956    -0.3661
			    0.3198    0.9135    -0.2513
		b:
			    -111.9846
			    -122.0205
			    10.0603
			    101.9317
			    79.2060
			    76.6201
			    123.9351
			    -36.8490
			    -38.0619
			    -115.9351
			    45.8490
			    44.0619
	==================================================================================
	Q2:
		Shape: Polyhedra
		q_c:    105.5000    35.5000    86.0000
		ub :    112.6050    42.3833    93.4639
		lb :    98.3950    28.6167    78.5361
		A:
			    -0.0353    -0.2363    -0.9710
			    -0.7560    -0.5462    0.3608
			    -0.9417    0.2539    -0.2209
			    -0.2923    0.6140    -0.7332
			    -0.9889    -0.0068    0.1487
			    -0.4120    -0.8902    0.1944
			    0.6279    0.5922    0.5051
			    -0.7419    0.2593    0.6183
			    0.2352    -0.7630    0.6021
			    -0.6279    -0.5922    -0.5051
			    0.7419    -0.2593    -0.6183
			    -0.2352    0.7630    -0.6021
		b:
			    -91.2035
			    -63.7196
			    -104.9753
			    -68.0686
			    -87.2921
			    -54.0882
			    135.1985
			    -11.3936
			    53.5156
			    -126.1985
			    20.3936
			    -45.5156
	==================================================================================
	Q3:
		Shape: Polyhedra
		q_c:    111.5000    35.0000    89.0000
		ub :    118.1457    41.9441    93.5038
		lb :    104.8543    28.0559    84.4962
		A:
			    0.4144    0.0840    0.9062
			    0.2481    0.6489    -0.7193
			    0.0893    0.2758    0.9570
			    -0.9109    0.4121    0.0216
			    0.0902    -0.4737    -0.8761
			    0.9060    0.3520    -0.2352
			    0.5898    0.8059    0.0511
			    0.6349    -0.4237    -0.6461
			    -0.4990    0.4135    -0.7616
			    -0.5898    -0.8059    -0.0511
			    -0.6349    0.4237    0.6461
			    0.4990    -0.4135    0.7616
		b:
			    133.2243
			    -9.4500
			    108.1419
			    -82.0701
			    -81.0275
			    97.1820
			    104.0168
			    1.4606
			    -105.9510
			    -93.0168
			    4.5394
			    111.9510
	==================================================================================
	Q4:
		Shape: Ellipse
		q_c:    102.0000    37.0000    87.5000
		ub :    107.1002    43.5155    94.0716
		lb :    96.8998    30.4845    80.9284
		P^-1: 
			    0.0834    0.0132    0.0202
			    0.0132    0.0624    0.0190
			    0.0202    0.0190    0.0772
	==================================================================================
	Q5:
		Shape: Ellipse
		q_c:    114.0000    26.5000    79.5000
		ub :    118.3353    30.9394    83.4339
		lb :    109.6647    22.0606    75.5661
		P^-1: 
			    0.0855    0.0154    -0.0045
			    0.0154    0.1431    -0.0212
			    -0.0045    -0.0212    0.1241
	==================================================================================
	Q6:
		Shape: Polyhedra
		q_c:    112.0000    30.5000    85.5000
		ub :    118.4899    38.5279    91.4429
		lb :    105.5101    22.4721    79.5571
		A:
			    0.7830    0.5895    0.1983
			    0.2636    -0.9609    -0.0852
			    -0.8050    -0.2862    -0.5196
			    -0.7307    -0.4772    -0.4881
			    -0.3733    -0.2649    -0.8891
			    -0.4825    0.2422    -0.8418
			    0.7758    0.2970    0.5567
			    -0.4290    -0.3987    0.8105
			    0.4627    -0.8677    -0.1818
			    -0.7758    -0.2970    -0.5567
			    0.4290    0.3987    -0.8105
			    -0.4627    0.8677    0.1818
		b:
			    125.4709
			    -0.6786
			    -141.3072
			    -135.8481
			    -122.8758
			    -115.1121
			    145.5464
			    13.5898
			    16.3135
			    -141.5464
			    -4.5898
			    -3.3135


===========================================================================================
===========================================================================================
S2:
	q_c:    469.0000    476.5000    447.5000
	ub :    499.0000    496.0000    465.0000
	lb :    439.0000    457.0000    430.0000

	==================================================================================
	Q1:
		Shape: Ellipse
		q_c:    470.0000    458.0000    448.0000
		ub :    476.7827    463.0116    455.3810
		lb :    463.2173    452.9884    440.6190
		P^-1: 
			    0.0982    -0.0382    -0.0431
			    -0.0382    0.1153    0.0128
			    -0.0431    0.0128    0.0559
	==================================================================================
	Q2:
		Shape: Polyhedra
		q_c:    485.0000    464.5000    451.5000
		ub :    495.3398    471.8760    460.9618
		lb :    474.6602    457.1240    442.0382
		A:
			    0.8779    0.4300    -0.2105
			    0.2677    -0.5308    0.8041
			    -0.3773    0.0414    -0.9251
			    0.1434    0.6353    -0.7588
			    -0.0495    -0.1049    -0.9932
			    0.1316    0.9060    -0.4022
			    0.5517    0.0847    0.8297
			    -0.7223    0.5459    0.4245
			    -0.4170    -0.8336    0.3623
			    -0.5517    -0.0847    -0.8297
			    0.7223    -0.5459    -0.4245
			    0.4170    0.8336    -0.3623
		b:
			    535.5667
			    251.4489
			    -575.5704
			    26.0752
			    -514.9002
			    306.6436
			    687.5418
			    102.9061
			    -422.8299
			    -675.5418
			    -86.9061
			    428.8299
	==================================================================================
	Q3:
		Shape: Ellipse
		q_c:    462.5000    458.5000    435.0000
		ub :    471.1495    467.3266    440.4943
		lb :    453.8505    449.6734    429.5057
		P^-1: 
			    0.0378    -0.0112    0.0109
			    -0.0112    0.0326    -0.0110
			    0.0109    -0.0110    0.0748
	==================================================================================
	Q4:
		Shape: Polyhedra
		q_c:    469.0000    482.5000    427.5000
		ub :    484.9233    497.4378    439.6989
		lb :    453.0767    467.5622    415.3011
		A:
			    -0.1105    -0.9435    0.3123
			    0.4463    0.0275    0.8944
			    -0.4576    0.8814    -0.1173
			    -0.0725    -0.7604    -0.6454
			    0.4043    0.1490    -0.9024
			    0.1979    0.8812    -0.4294
			    0.6001    0.7994    0.0290
			    0.7732    -0.5705    -0.2769
			    -0.2048    0.1886    -0.9605
			    -0.6001    -0.7994    -0.0290
			    -0.7732    0.5705    0.2769
			    0.2048    -0.1886    0.9605
		b:
			    -364.7508
			    613.8867
			    171.4692
			    -667.1623
			    -114.6130
			    342.9859
			    687.5505
			    -18.9707
			    -406.6626
			    -671.5505
			    42.9707
			    424.6626
	==================================================================================
	Q5:
		Shape: Polyhedra
		q_c:    468.5000    461.5000    460.5000
		ub :    472.4049    467.0970    466.1343
		lb :    464.5951    455.9030    454.8657
		A:
			    -0.7186    0.6285    0.2976
			    -0.8718    -0.2262    0.4346
			    -0.4013    -0.2372    -0.8847
			    0.5705    -0.4381    -0.6947
			    0.8286    0.2682    -0.4915
			    -0.8295    0.1976    -0.5224
			    0.6177    0.5946    0.5147
			    -0.7852    0.5022    0.3622
			    -0.0431    -0.6279    0.7771
			    -0.6177    -0.5946    -0.5147
			    0.7852    -0.5022    -0.3622
			    0.0431    0.6279    -0.7771
		b:
			    92.5545
			    -309.6925
			    -701.2774
			    -252.4165
			    288.7020
			    -534.7469
			    804.3104
			    32.7209
			    51.8916
			    -797.3104
			    -28.7209
			    -43.8916
	==================================================================================
	Q6:
		Shape: Polyhedra
		q_c:    484.5000    488.5000    438.5000
		ub :    494.8389    498.7242    445.0958
		lb :    474.1611    478.2758    431.9042
		A:
			    -0.8570    0.1396    -0.4960
			    -0.5864    -0.0590    -0.8079
			    0.6776    -0.1193    -0.7257
			    -0.3872    -0.2099    -0.8978
			    0.6821    -0.3961    0.6147
			    -0.4590    0.7402    -0.4913
			    0.4984    0.8589    0.1180
			    0.8042    -0.4073    -0.4329
			    -0.3237    0.3106    -0.8937
			    -0.4984    -0.8589    -0.1180
			    -0.8042    0.4073    0.4329
			    0.3237    -0.3106    0.8937
		b:
			    -559.3751
			    -662.8914
			    -41.6389
			    -679.2384
			    410.6583
			    -71.4531
			    720.2681
			    7.8961
			    -394.0083
			    -705.2681
			    6.1039
			    400.0083


===========================================================================================
===========================================================================================
S3:
	q_c:    306.5000    51.5000    318.5000
	ub :    313.0000    58.0000    341.0000
	lb :    300.0000    45.0000    296.0000

	==================================================================================
	Q1:
		Shape: Polyhedra
		q_c:    311.5000    55.0000    320.5000
		ub :    316.4113    59.6078    324.6895
		lb :    306.5887    50.3922    316.3105
		A:
			    0.1187    -0.1017    0.9877
			    -0.7722    -0.4670    -0.4308
			    0.7700    -0.6346    -0.0671
			    -0.4811    -0.5437    -0.6877
			    -0.9312    -0.0070    0.3643
			    0.5355    -0.6158    -0.5779
			    0.5762    0.5641    0.5914
			    0.5828    -0.7909    0.1867
			    0.5731    0.2371    -0.7844
			    -0.5762    -0.5641    -0.5914
			    -0.5828    0.7909    -0.1867
			    -0.5731    -0.2371    0.7844
		b:
			    350.7052
			    -402.1882
			    186.8909
			    -398.1467
			    -170.6642
			    -49.1685
			    402.0593
			    201.3562
			    -56.8579
			    -398.0593
			    -194.3562
			    62.8579
	==================================================================================
	Q2:
		Shape: Hybrid
		q_c:    305.0000    46.5000    321.0000
		ub :    308.5827    50.8419    325.5178
		lb :    301.4173    42.1581    316.4822
		P^-1: 
			    0.1556    0.0095    0.0116
			    0.0095    0.1112    0.0099
			    0.0116    0.0099    0.0859
		A:
			    0.8012    -0.2065    -0.5616
			    -0.7165    0.6974    0.0173
			    -0.6942    -0.0107    0.7197
			    0.6799    -0.5656    0.4667
			    0.2246    0.9745    0.0016
			    0.1596    0.9841    -0.0782
		b:
			    56.2632
			    -178.9264
			    20.7019
			    332.6264
			    116.0120
			    71.0942
	==================================================================================
	Q3:
		Shape: Ellipse
		q_c:    307.0000    51.0000    322.5000
		ub :    311.8898    54.9199    326.7617
		lb :    302.1102    47.0801    318.2383
		P^-1: 
			    0.1861    0.2001    -0.2121
			    0.2001    0.4647    -0.4063
			    -0.2121    -0.4063    0.5124
	==================================================================================
	Q4:
		Shape: Hybrid
		q_c:    309.5000    57.5000    317.5000
		ub :    312.7309    61.7883    321.4688
		lb :    306.2691    53.2117    313.5312
		P^-1: 
			    0.5930    0.1946    -0.3978
			    0.1946    0.1897    -0.1607
			    -0.3978    -0.1607    0.4396
		A:
			    -0.6861    -0.6440    0.3384
			    0.2948    -0.0303    -0.9551
			    0.9712    -0.1907    0.1427
			    -0.0261    0.6916    -0.7218
			    0.7710    0.1539    -0.6179
			    -0.4832    -0.1426    0.8638
		b:
			    -140.8614
			    -212.2480
			    336.9595
			    -195.5690
			    51.8635
			    117.4750
	==================================================================================
	Q5:
		Shape: Polyhedra
		q_c:    304.5000    50.5000    320.5000
		ub :    309.9373    55.9810    325.8131
		lb :    299.0627    45.0190    315.1869
		A:
			    0.5134    -0.8514    -0.1074
			    -0.2761    -0.1739    0.9453
			    -0.4183    0.7196    0.5543
			    0.5245    -0.7306    0.4372
			    -0.5108    0.8259    -0.2386
			    0.0012    0.9471    0.3208
			    0.4370    0.3984    0.8064
			    -0.7775    0.6181    0.1159
			    -0.4523    -0.6776    0.5799
			    -0.4370    -0.3984    -0.8064
			    0.7775    -0.6181    -0.1159
			    0.4523    0.6776    -0.5799
		b:
			    81.9628
			    213.4586
			    89.9672
			    266.0529
			    -187.3049
			    154.4719
			    415.6397
			    -165.3732
			    16.9261
			    -407.6397
			    171.3732
			    -10.9261
	==================================================================================
	Q6:
		Shape: Hybrid
		q_c:    308.5000    53.0000    316.5000
		ub :    311.1018    57.0689    318.9747
		lb :    305.8982    48.9311    314.0253
		P^-1: 
			    0.3080    0.0094    -0.0888
			    0.0094    0.0631    -0.0125
			    -0.0888    -0.0125    0.3858
		A:
			    -0.8788    0.1569    0.4506
			    0.9642    0.2274    0.1367
			    0.9637    -0.0083    -0.2670
			    0.0017    0.2701    -0.9628
			    0.8750    -0.0084    -0.4841
			    0.7504    0.3837    -0.5383
		b:
			    -119.1575
			    354.0474
			    213.3498
			    -288.7785
			    117.1688
			    82.7388


===========================================================================================
===========================================================================================
S4:
	q_c:    437.5000    438.0000    398.0000
	ub :    449.0000    447.0000    415.0000
	lb :    426.0000    429.0000    381.0000

	==================================================================================
	Q1:
		Shape: Hybrid
		q_c:    437.5000    433.0000    390.0000
		ub :    442.2266    436.8139    394.3452
		lb :    432.7734    429.1861    385.6548
		P^-1: 
			    0.1111    -0.0000    0.0000
			    -0.0000    0.1111    0.0000
			    0.0000    0.0000    0.1111
		A:
			    0.8365    -0.1811    0.5172
			    0.1454    -0.2389    -0.9601
			    0.2710    0.1769    -0.9462
			    -0.2345    0.7516    0.6166
			    -0.0782    0.4514    0.8889
			    0.1712    0.8664    0.4691
		b:
			    490.7441
			    -412.7824
			    -172.3480
			    464.8060
			    509.4010
			    634.5081
	==================================================================================
	Q2:
		Shape: Ellipse
		q_c:    432.5000    434.0000    393.0000
		ub :    437.5200    439.2182    396.6112
		lb :    427.4800    428.7818    389.3888
		P^-1: 
			    0.1223    0.0366    -0.0451
			    0.0366    0.0866    -0.0414
			    -0.0451    -0.0414    0.2148
	==================================================================================
	Q3:
		Shape: Polyhedra
		q_c:    434.5000    436.5000    393.0000
		ub :    440.9747    441.5766    399.5298
		lb :    428.0253    431.4234    386.4702
		A:
			    0.4319    -0.8996    0.0645
			    0.0471    0.9981    -0.0406
			    -0.1337    -0.9909    -0.0167
			    -0.8287    0.1506    0.5391
			    -0.5765    -0.4845    -0.6579
			    0.0553    -0.6213    -0.7816
			    0.3461    0.8642    0.3651
			    0.8441    -0.1171    -0.5232
			    -0.4094    0.4893    -0.7701
			    -0.3461    -0.8642    -0.3651
			    -0.8441    0.1171    0.5232
			    0.4094    -0.4893    0.7701
		b:
			    -175.9378
			    443.4585
			    -493.9818
			    -77.9631
			    -717.2590
			    -550.7684
			    674.1089
			    114.5486
			    -262.9712
			    -668.1089
			    -105.5486
			    270.9712
	==================================================================================
	Q4:
		Shape: Polyhedra
		q_c:    431.5000    445.5000    408.0000
		ub :    436.2318    449.7586    411.9811
		lb :    426.7682    441.2414    404.0189
		A:
			    -0.2346    -0.9455    0.2260
			    -0.3054    -0.6482    -0.6975
			    -0.3996    -0.8885    -0.2257
			    0.3218    0.4026    0.8569
			    0.8833    0.4190    0.2102
			    -0.4291    -0.3695    -0.8242
			    0.6457    0.2155    0.7326
			    -0.6717    -0.2960    0.6791
			    0.3631    -0.9306    -0.0464
			    -0.6457    -0.2155    -0.7326
			    0.6717    0.2960    -0.6791
			    -0.3631    0.9306    0.0464
		b:
			    -427.0511
			    -702.8333
			    -657.5831
			    670.0765
			    656.1650
			    -683.9390
			    675.4999
			    -141.1175
			    -273.7855
			    -671.4999
			    148.1175
			    279.7855
	==================================================================================
	Q5:
		Shape: Polyhedra
		q_c:    438.0000    434.0000    393.5000
		ub :    439.9108    438.5360    398.0834
		lb :    436.0892    429.4640    388.9166
		A:
			    -0.9092    -0.1298    0.3956
			    -0.7275    -0.6385    0.2509
			    0.3453    0.4678    0.8136
			    0.7406    0.0654    -0.6687
			    0.8763    -0.1384    -0.4615
			    -0.7701    -0.2744    0.5759
			    0.0584    0.5394    0.8400
			    0.0709    0.8371    -0.5424
			    -0.9958    0.0912    0.0107
			    -0.0584    -0.5394    -0.8400
			    -0.0709    -0.8371    0.5424
			    0.9958    -0.0912    -0.0107
		b:
			    -296.9941
			    -494.6029
			    677.7990
			    92.0972
			    144.2006
			    -227.4500
			    593.7308
			    183.9163
			    -390.8508
			    -586.7308
			    -177.9163
			    393.8508
	==================================================================================
	Q6:
		Shape: Polyhedra
		q_c:    438.0000    433.0000    388.5000
		ub :    440.2475    436.4470    391.8450
		lb :    435.7525    429.5530    385.1550
		A:
			    0.0700    -0.9848    0.1588
			    0.1152    -0.9810    0.1560
			    0.9312    -0.3643    0.0128
			    0.8486    -0.3841    -0.3637
			    -0.7826    0.4317    -0.4485
			    0.5355    0.7310    -0.4229
			    0.2665    0.6835    0.6796
			    0.0696    0.6896    -0.7209
			    -0.9613    0.2394    0.1362
			    -0.2665    -0.6835    -0.6796
			    -0.0696    -0.6896    0.7209
			    0.9613    -0.2394    -0.1362
		b:
			    -331.9470
			    -311.6080
			    256.6200
			    65.6818
			    -328.3848
			    388.8169
			    679.2006
			    51.0207
			    -262.9589
			    -674.2006
			    -47.0207
			    265.9589


===========================================================================================
===========================================================================================
S5:
	q_c:    319.0000    489.0000    362.5000
	ub :    330.0000    499.0000    379.0000
	lb :    308.0000    479.0000    346.0000

	==================================================================================
	Q1:
		Shape: Polyhedra
		q_c:    323.5000    495.0000    367.5000
		ub :    331.8375    503.3388    371.5531
		lb :    315.1625    486.6612    363.4469
		A:
			    0.1708    0.2950    -0.9401
			    0.4637    0.2419    -0.8523
			    0.1929    -0.4562    0.8687
			    0.9978    -0.0655    0.0108
			    -0.8157    0.5400    0.2073
			    0.3304    0.9397    -0.0883
			    0.6303    0.7102    0.3138
			    0.1507    0.2845    -0.9467
			    -0.7616    0.6440    0.0723
			    -0.6303    -0.7102    -0.3138
			    -0.1507    -0.2845    0.9467
			    0.7616    -0.6440    -0.0723
		b:
			    -142.2185
			    -40.7976
			    158.8207
			    300.1301
			    85.5100
			    544.7699
			    676.2223
			    -156.3325
			    104.9744
			    -665.2223
			    160.3325
			    -92.9744
	==================================================================================
	Q2:
		Shape: Hybrid
		q_c:    324.0000    480.0000    363.0000
		ub :    327.3103    485.6332    368.6124
		lb :    320.6897    474.3668    357.3876
		P^-1: 
			    0.1808    0.0294    0.0245
			    0.0294    0.1309    0.0944
			    0.0245    0.0944    0.1383
		A:
			    -0.7944    -0.6029    -0.0729
			    -0.0523    0.7570    0.6513
			    0.6032    0.0646    -0.7949
			    0.1573    -0.9865    -0.0446
			    -0.5229    -0.4454    -0.7268
			    -0.0820    0.8063    0.5857
		b:
			    -571.5793
			    584.0583
			    -59.5750
			    -435.9848
			    -645.8271
			    574.4098
	==================================================================================
	Q3:
		Shape: Ellipse
		q_c:    312.5000    480.5000    365.0000
		ub :    319.0249    490.3991    374.8498
		lb :    305.9751    470.6009    355.1502
		P^-1: 
			    0.0620    -0.0154    -0.0182
			    -0.0154    0.0342    0.0174
			    -0.0182    0.0174    0.0363
	==================================================================================
	Q4:
		Shape: Ellipse
		q_c:    313.5000    483.0000    366.5000
		ub :    317.6823    489.9280    373.2885
		lb :    309.3177    476.0720    359.7115
		P^-1: 
			    0.2241    -0.0675    -0.0060
			    -0.0675    0.0713    0.0072
			    -0.0060    0.0072    0.0440
	==================================================================================
	Q5:
		Shape: Polyhedra
		q_c:    328.0000    492.5000    360.0000
		ub :    332.2262    497.6048    365.2099
		lb :    323.7738    487.3952    354.7901
		A:
			    0.8954    -0.0096    -0.4452
			    0.8346    0.2281    0.5014
			    -0.5396    0.1259    -0.8325
			    0.8771    0.2030    -0.4352
			    -0.4806    0.8705    -0.1064
			    -0.2345    0.8541    0.4643
			    0.6518    0.3859    0.6529
			    -0.7499    0.4564    0.4789
			    -0.1132    -0.8017    0.5869
			    -0.6518    -0.3859    -0.6529
			    0.7499    -0.4564    -0.4789
			    0.1132    0.8017    -0.5869
		b:
			    131.4020
			    569.5821
			    -411.5202
			    233.8749
			    235.8027
			    513.6582
			    641.8832
			    153.6769
			    -217.2125
			    -635.8832
			    -148.6769
			    224.2125
	==================================================================================
	Q6:
		Shape: Polyhedra
		q_c:    316.0000    490.5000    373.5000
		ub :    322.0194    495.8497    379.7350
		lb :    309.9806    485.1503    367.2650
		A:
			    -0.5784    -0.5326    0.6178
			    0.9185    -0.3655    0.1511
			    -0.4731    -0.6973    0.5385
			    0.2519    -0.9035    0.3468
			    0.9430    0.2870    0.1684
			    0.0708    -0.2540    -0.9646
			    0.1865    0.9764    0.1088
			    0.9646    -0.1609    -0.2090
			    -0.1865    0.1440    -0.9718
			    -0.1865    -0.9764    -0.1088
			    -0.9646    0.1609    0.2090
			    0.1865    -0.1440    0.9718
		b:
			    -208.7610
			    171.9759
			    -285.9644
			    -229.7157
			    506.0995
			    -457.6295
			    582.5125
			    152.3043
			    -346.3199
			    -574.5125
			    -143.3043
			    356.3199


===========================================================================================
===========================================================================================
S6:
	q_c:    372.0000    470.5000    191.5000
	ub :    391.0000    489.0000    218.0000
	lb :    353.0000    452.0000    165.0000

	==================================================================================
	Q1:
		Shape: Polyhedra
		q_c:    378.5000    462.0000    195.5000
		ub :    391.5753    473.3146    207.1464
		lb :    365.4247    450.6854    183.8536
		A:
			    0.0572    0.4563    0.8880
			    0.0146    -0.9949    -0.1002
			    -0.1595    0.6834    0.7124
			    -0.4300    0.8814    0.1954
			    0.3367    -0.7703    -0.5416
			    -0.5407    0.4815    -0.6898
			    0.2136    0.5479    0.8088
			    -0.3960    0.8054    -0.4411
			    -0.8931    -0.2260    0.3890
			    -0.2136    -0.5479    -0.8088
			    0.3960    -0.8054    0.4411
			    0.8931    0.2260    -0.3890
		b:
			    411.8009
			    -466.8111
			    400.7573
			    289.8439
			    -327.5783
			    -109.8162
			    497.6140
			    143.4878
			    -356.4119
			    -486.6140
			    -128.4878
			    376.4119
	==================================================================================
	Q2:
		Shape: Ellipse
		q_c:    364.0000    466.0000    183.5000
		ub :    380.0201    481.1618    192.7695
		lb :    347.9799    450.8382    174.2305
		P^-1: 
			    0.0093    0.0014    0.0057
			    0.0014    0.0124    -0.0075
			    0.0057    -0.0075    0.0370
	==================================================================================
	Q3:
		Shape: Ellipse
		q_c:    393.5000    482.5000    180.0000
		ub :    406.2954    494.0563    194.0246
		lb :    380.7046    470.9437    165.9754
		P^-1: 
			    0.0128    -0.0011    0.0036
			    -0.0011    0.0140    -0.0004
			    0.0036    -0.0004    0.0148
	==================================================================================
	Q4:
		Shape: Hybrid
		q_c:    377.5000    483.5000    179.0000
		ub :    392.3573    498.3809    190.2766
		lb :    362.6427    468.6191    167.7234
		P^-1: 
			    0.0181    0.0067    0.0092
			    0.0067    0.0140    0.0068
			    0.0092    0.0068    0.0200
		A:
			    -0.9333    -0.2867    -0.2161
			    -0.0200    0.7316    0.6814
			    0.4180    0.8232    0.3843
			    0.5562    0.4188    -0.7178
			    0.6599    -0.0994    0.7447
			    0.4879    -0.1808    0.8539
		b:
			    -525.1375
			    473.3489
			    628.7981
			    291.2194
			    338.8629
			    254.6202
	==================================================================================
	Q5:
		Shape: Ellipse
		q_c:    370.5000    490.5000    189.5000
		ub :    379.1607    500.7927    198.8825
		lb :    361.8393    480.2073    180.1175
		P^-1: 
			    0.0381    -0.0049    -0.0038
			    -0.0049    0.0274    -0.0099
			    -0.0038    -0.0099    0.0322
	==================================================================================
	Q6:
		Shape: Hybrid
		q_c:    360.5000    458.5000    181.5000
		ub :    371.0011    466.5590    192.9862
		lb :    349.9989    450.4410    170.0138
		P^-1: 
			    0.0157    0.0008    0.0002
			    0.0008    0.0315    0.0049
			    0.0002    0.0049    0.0171
		A:
			    0.4724    -0.8754    -0.1020
			    0.3196    -0.1197    -0.9400
			    -0.1200    0.5947    -0.7950
			    0.6795    -0.7054    -0.2018
			    -0.3054    0.5602    0.7700
			    -0.4374    -0.8976    -0.0552
		b:
			    -246.0288
			    -105.3008
			    90.1333
			    -110.9818
			    290.4831
			    -575.8916


===========================================================================================
===========================================================================================
S7:
	q_c:    88.5000    515.0000    211.5000
	ub :    100.0000    527.0000    237.0000
	lb :    77.0000    503.0000    186.0000

	==================================================================================
	Q1:
		Shape: Ellipse
		q_c:    93.5000    513.0000    210.0000
		ub :    100.7472    520.0727    217.8955
		lb :    86.2528    505.9273    202.1045
		P^-1: 
			    0.0458    0.0062    0.0080
			    0.0062    0.0388    0.0098
			    0.0080    0.0098    0.0510
	==================================================================================
	Q2:
		Shape: Polyhedra
		q_c:    84.5000    522.5000    212.5000
		ub :    91.7129    530.0248    220.8311
		lb :    77.2871    514.9752    204.1689
		A:
			    0.2750    -0.9572    0.0907
			    0.3149    0.8978    0.3081
			    -0.9574    0.2412    0.1590
			    -0.5162    -0.4731    0.7140
			    0.9566    0.2913    -0.0013
			    0.4055    -0.8877    0.2181
			    0.1636    0.8401    0.5172
			    0.8319    0.1644    -0.5301
			    -0.5303    0.5169    -0.6720
			    -0.1636    -0.8401    -0.5172
			    -0.8319    -0.1644    0.5301
			    0.5303    -0.5169    0.6720
		b:
			    -452.6027
			    566.1162
			    83.5417
			    -134.4549
			    237.4297
			    -378.2209
			    567.6750
			    48.0350
			    87.4885
			    -557.6750
			    -39.0350
			    -77.4885
	==================================================================================
	Q3:
		Shape: Polyhedra
		q_c:    79.5000    505.5000    221.0000
		ub :    88.1650    513.3556    229.9244
		lb :    70.8350    497.6444    212.0756
		A:
			    -0.0247    -0.9919    0.1245
			    -0.4137    0.7334    -0.5394
			    -0.3262    0.8022    -0.5000
			    -0.7950    0.6060    -0.0266
			    -0.2982    0.8314    0.4689
			    -0.3331    0.0816    0.9393
			    0.2138    0.4157    0.8840
			    -0.5676    0.7894    -0.2339
			    -0.7951    -0.4517    0.4047
			    -0.2138    -0.4157    -0.8840
			    0.5676    -0.7894    0.2339
			    0.7951    0.4517    -0.4047
		b:
			    -471.1308
			    221.9142
			    272.5383
			    240.7909
			    504.7612
			    228.9399
			    428.5011
			    304.7214
			    -194.6053
			    -416.5011
			    -299.7214
			    209.6053
	==================================================================================
	Q4:
		Shape: Hybrid
		q_c:    94.0000    521.5000    211.0000
		ub :    102.5982    528.6781    219.8090
		lb :    85.4018    514.3219    202.1910
		P^-1: 
			    0.0304    0.0036    0.0106
			    0.0036    0.0353    0.0044
			    0.0106    0.0044    0.0404
		A:
			    -0.9310    -0.2401    0.2750
			    -0.0599    -0.9142    -0.4008
			    0.4692    0.0385    0.8823
			    0.6883    0.0916    0.7196
			    0.2204    0.8276    -0.5162
			    0.2077    -0.4088    0.8887
		b:
			    -150.6960
			    -564.0980
			    252.7442
			    266.7366
			    346.8117
			    -3.2332
	==================================================================================
	Q5:
		Shape: Hybrid
		q_c:    83.5000    520.0000    203.0000
		ub :    91.9906    526.5022    211.4123
		lb :    75.0094    513.4978    194.5877
		P^-1: 
			    0.0404    0.0027    -0.0142
			    0.0027    0.0551    -0.0064
			    -0.0142    -0.0064    0.0442
		A:
			    -0.2647    -0.8740    0.4076
			    0.9838    -0.1354    0.1176
			    -0.2938    -0.9373    0.1874
			    0.9215    -0.3883    -0.0108
			    -0.8974    0.0335    0.4400
			    0.8441    -0.4552    -0.2834
		b:
			    -391.7722
			    39.0887
			    -471.7274
			    -123.9996
			    34.3372
			    -221.0346
	==================================================================================
	Q6:
		Shape: Hybrid
		q_c:    96.5000    516.5000    217.5000
		ub :    100.1776    522.6678    223.9127
		lb :    92.8224    510.3322    211.0873
		P^-1: 
			    0.2264    -0.0540    -0.0095
			    -0.0540    0.1029    0.0441
			    -0.0095    0.0441    0.0650
		A:
			    0.9384    -0.3442    0.0287
			    -0.1043    -0.6808    0.7250
			    -0.5980    0.2000    0.7762
			    -0.2953    0.9044    0.3079
			    -0.6196    0.5332    0.5760
			    0.4395    -0.6111    -0.6584
		b:
			    -79.9039
			    -199.5133
			    217.0580
			    507.4933
			    342.4142
			    -414.6987


===========================================================================================
===========================================================================================
S8:
	q_c:    83.0000    326.0000    239.5000
	ub :    98.0000    338.0000    258.0000
	lb :    68.0000    314.0000    221.0000

	==================================================================================
	Q1:
		Shape: Ellipse
		q_c:    95.0000    326.5000    240.5000
		ub :    99.0270    328.8822    244.8309
		lb :    90.9730    324.1178    236.1691
		P^-1: 
			    0.2899    0.0351    -0.1798
			    0.0351    0.2623    -0.0320
			    -0.1798    -0.0320    0.2047
	==================================================================================
	Q2:
		Shape: Polyhedra
		q_c:    77.5000    317.0000    237.0000
		ub :    82.5705    323.4464    243.0257
		lb :    72.4295    310.5536    230.9743
		A:
			    0.9916    0.0401    -0.1229
			    0.2179    -0.2640    -0.9396
			    -0.0124    0.7693    0.6387
			    -0.6579    -0.6596    -0.3635
			    -0.8738    -0.3654    0.3207
			    0.9289    -0.3184    0.1893
			    0.4772    0.3395    0.8106
			    -0.8667    0.0291    0.4981
			    0.1455    -0.9402    0.3081
			    -0.4772    -0.3395    -0.8106
			    0.8667    -0.0291    -0.4981
			    -0.1455    0.9402    -0.3081
		b:
			    63.5383
			    -286.1816
			    398.4072
			    -342.3609
			    -104.1766
			    19.7792
			    340.2051
			    63.1006
			    -208.2330
			    -333.2051
			    -57.1006
			    219.2330
	==================================================================================
	Q3:
		Shape: Polyhedra
		q_c:    74.0000    323.0000    249.5000
		ub :    78.1081    331.7774    259.6758
		lb :    69.8919    314.2226    239.3242
		A:
			    0.8502    -0.5163    -0.1029
			    0.9534    -0.2600    0.1532
			    -0.8542    0.5197    -0.0174
			    0.8897    -0.4533    -0.0537
			    0.9175    -0.3882    0.0865
			    -0.8792    0.4401    0.1825
			    0.2259    0.9605    0.1625
			    0.9720    -0.2111    -0.1032
			    -0.0648    0.1813    -0.9813
			    -0.2259    -0.9605    -0.1625
			    -0.9720    0.2111    0.1032
			    0.0648    -0.1813    0.9813
		b:
			    -126.5338
			    27.8442
			    103.5131
			    -91.2818
			    -32.9901
			    125.2628
			    374.5107
			    -20.0086
			    -182.0674
			    -360.5107
			    24.0086
			    200.0674
	==================================================================================
	Q4:
		Shape: Ellipse
		q_c:    88.5000    335.0000    236.0000
		ub :    93.6240    341.7589    242.1194
		lb :    83.3760    328.2411    229.8806
		P^-1: 
			    0.0529    0.0067    -0.0127
			    0.0067    0.0500    -0.0312
			    -0.0127    -0.0312    0.0907
	==================================================================================
	Q5:
		Shape: Ellipse
		q_c:    95.5000    320.5000    227.0000
		ub :    103.3505    329.6836    237.1565
		lb :    87.6495    311.3164    216.8435
		P^-1: 
			    0.0449    0.0004    -0.0097
			    0.0004    0.0237    -0.0002
			    -0.0097    -0.0002    0.0281
	==================================================================================
	Q6:
		Shape: Hybrid
		q_c:    78.5000    317.5000    251.5000
		ub :    83.2770    323.1908    257.5551
		lb :    73.7230    311.8092    245.4449
		P^-1: 
			    0.3069    -0.1854    -0.0114
			    -0.1854    0.1940    0.0003
			    -0.0114    0.0003    0.0554
		A:
			    0.4641    -0.8169    -0.3425
			    -0.4603    0.8462    -0.2683
			    0.1210    0.9630    -0.2409
			    0.9516    -0.2966    -0.0810
			    0.6786    -0.5447    0.4927
			    0.8837    -0.4572    -0.1001
		b:
			    -307.2263
			    166.6911
			    257.6030
			    -38.6090
			    6.0205
			    -100.0659


===========================================================================================
===========================================================================================
S9:
	q_c:    85.0000    358.0000    179.0000
	ub :    96.0000    376.0000    191.0000
	lb :    74.0000    340.0000    167.0000

	==================================================================================
	Q1:
		Shape: Ellipse
		q_c:    81.0000    367.0000    177.5000
		ub :    89.3123    373.8812    184.6461
		lb :    72.6877    360.1188    170.3539
		P^-1: 
			    0.0224    0.0016    0.0084
			    0.0016    0.0367    0.0097
			    0.0084    0.0097    0.0568
	==================================================================================
	Q2:
		Shape: Ellipse
		q_c:    94.5000    345.0000    173.0000
		ub :    101.9812    352.4943    180.4963
		lb :    87.0188    337.5057    165.5037
		P^-1: 
			    0.0631    0.0194    -0.0075
			    0.0194    0.0588    0.0164
			    -0.0075    0.0164    0.0500
	==================================================================================
	Q3:
		Shape: Ellipse
		q_c:    77.5000    363.5000    189.0000
		ub :    85.6173    371.8503    198.5369
		lb :    69.3827    355.1497    179.4631
		P^-1: 
			    0.0332    -0.0030    -0.0002
			    -0.0030    0.0305    0.0075
			    -0.0002    0.0075    0.0330
	==================================================================================
	Q4:
		Shape: Hybrid
		q_c:    79.0000    358.5000    187.0000
		ub :    87.5326    366.0757    195.0717
		lb :    70.4674    350.9243    178.9283
		P^-1: 
			    0.0414    -0.0032    0.0064
			    -0.0032    0.0445    -0.0043
			    0.0064    -0.0043    0.0313
		A:
			    -0.1849    0.3562    -0.9159
			    0.1414    0.1487    -0.9787
			    0.1575    -0.8361    -0.5256
			    -0.8738    0.3219    -0.3645
			    -0.4800    0.5697    -0.6671
			    -0.0575    -0.8494    0.5247
		b:
			    -55.1261
			    -114.9768
			    -382.4505
			    -19.4296
			    43.9996
			    -208.3220
	==================================================================================
	Q5:
		Shape: Polyhedra
		q_c:    87.0000    369.0000    167.5000
		ub :    92.8508    376.7487    175.4212
		lb :    81.1492    361.2513    159.5788
		A:
			    0.8346    0.3410    0.4326
			    -0.7470    -0.2642    -0.6100
			    0.7750    0.5405    0.3275
			    -0.5303    -0.6145    -0.5841
			    -0.1444    0.9891    -0.0278
			    0.5598    0.1704    0.8109
			    0.6680    0.5097    0.5423
			    0.0736    -0.7704    0.6334
			    0.7405    -0.3831    -0.5521
			    -0.6680    -0.5097    -0.5423
			    -0.0736    0.7704    -0.6334
			    -0.7405    0.3831    0.5521
		b:
			    273.2969
			    -262.1673
			    324.0996
			    -368.5312
			    353.2355
			    250.5669
			    339.0133
			    -165.7652
			    -163.9256
			    -335.0133
			    177.7652
			    174.9256
	==================================================================================
	Q6:
		Shape: Ellipse
		q_c:    93.5000    365.5000    170.5000
		ub :    99.2844    372.4722    175.3034
		lb :    87.7156    358.5278    165.6966
		P^-1: 
			    0.0701    -0.0185    -0.0094
			    -0.0185    0.0620    -0.0412
			    -0.0094    -0.0412    0.1427


===========================================================================================
===========================================================================================
S10:
	q_c:    154.5000    34.0000    29.0000
	ub :    166.0000    42.0000    49.0000
	lb :    143.0000    26.0000    9.0000

	==================================================================================
	Q1:
		Shape: Hybrid
		q_c:    152.0000    39.0000    29.5000
		ub :    158.8471    45.9793    36.9049
		lb :    145.1529    32.0207    22.0951
		P^-1: 
			    0.0674    0.0005    -0.0175
			    0.0005    0.0440    0.0055
			    -0.0175    0.0055    0.0596
		A:
			    -0.2104    0.5073    0.8357
			    0.9081    0.4048    -0.1074
			    0.5773    0.8052    -0.1352
			    0.4691    -0.3553    -0.8085
			    0.0369    0.3812    -0.9238
			    -0.7945    0.0540    0.6048
		b:
			    14.7043
			    152.8877
			    117.8510
			    35.5523
			    -4.0102
			    -99.0667
	==================================================================================
	Q2:
		Shape: Polyhedra
		q_c:    155.0000    37.0000    32.5000
		ub :    159.2832    41.2598    36.1023
		lb :    150.7168    32.7402    28.8977
		A:
			    0.4153    -0.2801    0.8655
			    0.2162    -0.2914    0.9319
			    -0.8066    0.4358    0.3994
			    -0.4052    0.7285    -0.5523
			    0.6071    0.1756    0.7750
			    0.4449    -0.5302    0.7218
			    0.2213    0.9678    0.1201
			    0.9330    -0.2459    0.2629
			    0.2839    0.0539    -0.9573
			    -0.2213    -0.9678    -0.1201
			    -0.9330    0.2459    -0.2629
			    -0.2839    -0.0539    0.9573
		b:
			    84.8863
			    55.6761
			    -93.0312
			    -50.7368
			    128.7207
			    75.6979
			    77.5067
			    147.0537
			    17.3928
			    -70.5067
			    -141.0537
			    -12.3928
	==================================================================================
	Q3:
		Shape: Polyhedra
		q_c:    161.0000    27.5000    30.0000
		ub :    164.6915    31.5421    33.6094
		lb :    157.3085    23.4579    26.3906
		A:
			    0.7731    0.3529    -0.5270
			    -0.8988    0.0601    0.4343
			    0.7229    -0.6805    0.1195
			    -0.8584    -0.4997    -0.1160
			    0.0625    -0.6680    -0.7415
			    -0.8283    0.1435    -0.5416
			    0.7180    0.5111    0.4725
			    0.6159    -0.1504    -0.7733
			    -0.3242    0.8463    -0.4227
			    -0.7180    -0.5111    -0.4725
			    -0.6159    0.1504    0.7733
			    0.3242    -0.8463    0.4227
		b:
			    120.2862
			    -128.2629
			    103.9894
			    -153.0242
			    -28.4540
			    -142.9629
			    146.3308
			    73.3274
