3D_40_20_6_c                l = 3

===========================================================================================
===========================================================================================
S1:
	q_c:    236.0000    243.0000    191.5000
	ub :    240.0000    264.0000    215.0000
	lb :    232.0000    222.0000    168.0000

	==================================================================================
	Q1:
		Shape: Polyhedra
		q_c:    238.5000    242.0000    194.5000
		ub :    240.4344    245.3202    197.7145
		lb :    236.5656    238.6798    191.2855
		A:
			    -0.9508    -0.0588    0.3042
			    -0.9709    -0.1698    0.1687
			    0.6554    -0.1118    0.7470
			    0.8079    0.5793    0.1085
			    -0.6946    0.4559    -0.5564
			    -0.7703    0.4863    -0.4125
			    0.1978    0.6454    0.7378
			    0.2454    0.6961    -0.6747
			    -0.9490    0.3145    -0.0206
			    -0.1978    -0.6454    -0.7378
			    -0.2454    -0.6961    0.6747
			    0.9490    -0.3145    0.0206
		b:
			    -180.5419
			    -238.5067
			    276.4070
			    355.9256
			    -162.0842
			    -144.9580
			    349.3674
			    97.7547
			    -153.2417
			    -344.3674
			    -93.7547
			    155.2417
	==================================================================================
	Q2:
		Shape: Hybrid
		q_c:    234.0000    243.5000    195.0000
		ub :    237.5318    246.7897    197.6813
		lb :    230.4682    240.2103    192.3187
		P^-1: 
			    0.2496    0.0048    -0.1094
			    0.0048    0.2439    0.0692
			    -0.1094    0.0692    0.3610
		A:
			    -0.3655    -0.6379    0.6778
			    0.6957    0.4702    0.5431
			    -0.3217    -0.5336    -0.7821
			    0.3175    0.8095    0.4939
			    0.1852    0.6479    -0.7389
			    -0.1970    -0.9718    0.1296
		b:
			    -107.4693
			    384.5614
			    -356.5910
			    368.8562
			    58.3414
			    -256.1141
	==================================================================================
	Q3:
		Shape: Polyhedra
		q_c:    234.5000    245.0000    188.5000
		ub :    237.3604    247.9855    191.6876
		lb :    231.6396    242.0145    185.3124
		A:
			    0.3759    -0.9265    0.0173
			    0.5118    -0.2212    0.8302
			    -0.9706    -0.0587    0.2334
			    0.4072    0.5722    -0.7119
			    -0.7727    -0.1844    -0.6074
			    0.5282    0.6930    -0.4906
			    0.7188    0.5359    0.4430
			    0.2378    -0.7882    0.5676
			    0.6533    -0.3027    -0.6940
			    -0.7188    -0.5359    -0.4430
			    -0.2378    0.7882    -0.5676
			    -0.6533    0.3027    0.6940
		b:
			    -133.5922
			    224.1379
			    -196.1673
			    103.4189
			    -339.2790
			    203.0357
			    384.8373
			    -28.3450
			    -49.7612
			    -381.8373
			    32.3450
			    53.7612
	==================================================================================
	Q4:
		Shape: Ellipse
		q_c:    239.5000    245.0000    188.5000
		ub :    242.8961    247.8065    190.0628
		lb :    236.1039    242.1935    186.9372
		P^-1: 
			    0.3075    0.2808    0.7887
			    0.2808    0.5652    1.0223
			    0.7887    1.0223    3.4883
	==================================================================================
	Q5:
		Shape: Hybrid
		q_c:    237.5000    247.5000    188.5000
		ub :    241.8589    252.0049    191.7227
		lb :    233.1411    242.9951    185.2773
		P^-1: 
			    0.1790    0.0450    -0.0397
			    0.0450    0.1025    -0.0207
			    -0.0397    -0.0207    0.2101
		A:
			    0.2531    0.7955    -0.5506
			    0.2325    -0.5779    -0.7823
			    0.6667    0.7010    0.2532
			    0.2342    0.1466    -0.9611
			    -0.9178    0.0362    0.3953
			    0.2789    0.1895    -0.9414
		b:
			    154.8550
			    -233.4429
			    381.1514
			    -88.1650
			    -133.1078
			    -63.2401
	==================================================================================
	Q6:
		Shape: Hybrid
		q_c:    235.0000    247.0000    191.5000
		ub :    237.7796    250.2868    194.9095
		lb :    232.2204    243.7132    188.0905
		P^-1: 
			    0.2500    -0.0000    -0.0000
			    -0.0000    0.2500    -0.0000
			    -0.0000    -0.0000    0.2500
		A:
			    0.4754    0.8009    -0.3641
			    -0.0550    -0.8146    0.5774
			    0.0759    -0.9886    -0.1303
			    -0.1827    0.9149    -0.3599
			    -0.1337    -0.7197    0.6813
			    -0.3173    -0.9276    0.1971
		b:
			    240.8072
			    -102.5608
			    -250.2965
			    115.1315
			    -77.7294
			    -264.9520


===========================================================================================
===========================================================================================
S2:
	q_c:    355.5000    385.0000    178.5000
	ub :    373.0000    403.0000    205.0000
	lb :    338.0000    367.0000    152.0000

	==================================================================================
	Q1:
		Shape: Hybrid
		q_c:    358.0000    397.5000    188.5000
		ub :    367.9584    409.3807    200.7389
		lb :    348.0416    385.6193    176.2611
		P^-1: 
			    0.0257    -0.0052    0.0038
			    -0.0052    0.0202    -0.0068
			    0.0038    -0.0068    0.0214
		A:
			    0.8326    0.5534    0.0211
			    0.4925    -0.2061    0.8455
			    0.9352    -0.2494    0.2512
			    -0.6561    0.7391    -0.1525
			    -0.3770    -0.1634    0.9117
			    -0.9221    -0.3202    -0.2172
		b:
			    526.6915
			    257.2435
			    286.1555
			    33.5137
			    -23.7093
			    -494.0688
	==================================================================================
	Q2:
		Shape: Polyhedra
		q_c:    363.5000    388.5000    186.5000
		ub :    371.0030    393.9004    192.7433
		lb :    355.9970    383.0996    180.2567
		A:
			    -0.1972    -0.9237    0.3286
			    -0.2837    0.9274    0.2437
			    -0.4858    0.8679    -0.1033
			    -0.7762    0.5705    0.2686
			    -0.4386    -0.0501    -0.8973
			    0.4918    -0.7608    -0.4236
			    0.8020    0.4303    0.4143
			    -0.4524    0.8905    -0.0490
			    -0.3899    -0.1482    0.9088
			    -0.8020    -0.4303    -0.4143
			    0.4524    -0.8905    0.0490
			    0.3899    0.1482    -0.9088
		b:
			    -365.5079
			    305.6191
			    143.8382
			    -7.2048
			    -341.0928
			    -192.8528
			    541.9576
			    174.8602
			    -25.8030
			    -529.9576
			    -169.8602
			    33.8030
	==================================================================================
	Q3:
		Shape: Hybrid
		q_c:    359.5000    399.0000    177.0000
		ub :    368.1014    408.1451    186.5188
		lb :    350.8986    389.8549    167.4812
		P^-1: 
			    0.0305    0.0153    0.0094
			    0.0153    0.0451    0.0125
			    0.0094    0.0125    0.0309
		A:
			    -0.1767    -0.5009    -0.8473
			    -0.0643    -0.6411    -0.7648
			    0.7447    0.6578    -0.1126
			    -0.0117    -0.1435    -0.9896
			    0.8613    0.4747    0.1810
			    0.7453    0.1027    0.6587
		b:
			    -410.3869
			    -411.3334
			    513.4053
			    -232.6687
			    534.0684
			    428.9059
	==================================================================================
	Q4:
		Shape: Ellipse
		q_c:    345.0000    375.0000    175.0000
		ub :    354.4709    383.8270    184.9581
		lb :    335.5291    366.1730    165.0419
		P^-1: 
			    0.0305    -0.0013    0.0049
			    -0.0013    0.0324    0.0025
			    0.0049    0.0025    0.0237
	==================================================================================
	Q5:
		Shape: Ellipse
		q_c:    350.5000    382.5000    175.5000
		ub :    358.9949    390.5431    183.5530
		lb :    342.0051    374.4569    167.4470
		P^-1: 
			    0.0354    0.0036    0.0022
			    0.0036    0.0372    -0.0012
			    0.0022    -0.0012    0.0209
	==================================================================================
	Q6:
		Shape: Polyhedra
		q_c:    366.0000    373.0000    161.5000
		ub :    373.3141    381.9013    170.2706
		lb :    358.6859    364.0987    152.7294
		A:
			    0.2641    -0.9640    -0.0317
			    -0.9133    -0.3301    0.2386
			    -0.5971    -0.7106    0.3722
			    -0.8905    -0.2950    0.3465
			    -0.9909    0.0654    0.1179
			    0.1000    0.9485    -0.3006
			    0.7857    0.5836    0.2052
			    0.5964    -0.6265    -0.5017
			    -0.1643    0.5166    -0.8403
			    -0.7857    -0.5836    -0.2052
			    -0.5964    0.6265    0.5017
			    0.1643    -0.5166    0.8403
		b:
			    -262.2929
			    -414.5531
			    -418.9555
			    -375.4106
			    -314.3681
			    347.1712
			    541.8856
			    -90.4275
			    2.8523
			    -534.8856
			    102.4275
			    9.1477


===========================================================================================
===========================================================================================
S3:
	q_c:    142.0000    378.5000    350.5000
	ub :    152.0000    396.0000    379.0000
	lb :    132.0000    361.0000    322.0000

	==================================================================================
	Q1:
		Shape: Hybrid
		q_c:    138.5000    377.0000    352.5000
		ub :    143.0467    380.9996    356.3365
		lb :    133.9533    373.0004    348.6635
		P^-1: 
			    0.0644    0.0191    0.0140
			    0.0191    0.2759    0.1803
			    0.0140    0.1803    0.2483
		A:
			    0.4678    -0.8673    0.1703
			    -0.0641    -0.8327    -0.5500
			    0.1568    0.9583    0.2390
			    0.4716    -0.6325    -0.6144
			    0.0378    0.5863    0.8092
			    -0.2131    -0.6145    -0.7596
		b:
			    -199.5699
			    -515.8429
			    468.6423
			    -388.0363
			    512.3851
			    -528.0145
	==================================================================================
	Q2:
		Shape: Hybrid
		q_c:    151.0000    373.5000    359.5000
		ub :    156.5564    381.8596    367.5254
		lb :    145.4436    365.1404    351.4746
		P^-1: 
			    0.1005    -0.0250    -0.0073
			    -0.0250    0.0421    0.0092
			    -0.0073    0.0092    0.0363
		A:
			    0.8714    0.4890    -0.0392
			    0.2505    -0.0840    0.9645
			    -0.4771    0.2431    -0.8445
			    0.8919    -0.3443    -0.2931
			    0.8014    -0.4985    0.3306
			    0.7562    -0.5819    -0.2991
		b:
			    303.3019
			    357.0613
			    -281.2095
			    -97.7068
			    56.0414
			    -208.9230
	==================================================================================
	Q3:
		Shape: Ellipse
		q_c:    136.0000    371.0000    343.5000
		ub :    143.4915    375.7092    347.5218
		lb :    128.5085    366.2908    339.4782
		P^-1: 
			    0.0230    0.0176    -0.0011
			    0.0176    0.1429    -0.0224
			    -0.0011    -0.0224    0.1256
	==================================================================================
	Q4:
		Shape: Polyhedra
		q_c:    152.5000    377.0000    345.0000
		ub :    160.2064    383.6414    352.8476
		lb :    144.7936    370.3586    337.1524
		A:
			    0.3853    0.4858    -0.7846
			    -0.4046    0.2383    0.8829
			    -0.1970    -0.5141    -0.8348
			    -0.2136    0.9090    0.3580
			    0.0113    -0.9104    -0.4136
			    -0.4377    -0.2559    -0.8620
			    0.2532    0.8046    0.5371
			    0.6658    0.2579    -0.7002
			    -0.7019    0.5349    -0.4704
			    -0.2532    -0.8046    -0.5371
			    -0.6658    -0.2579    0.7002
			    0.7019    -0.5349    0.4704
		b:
			    -23.3813
			    337.6844
			    -508.0355
			    437.4009
			    -480.5814
			    -456.5834
			    530.7549
			    -37.3127
			    -63.1723
			    -523.7549
			    48.3127
			    72.1723
	==================================================================================
	Q5:
		Shape: Polyhedra
		q_c:    152.0000    370.5000    354.5000
		ub :    157.1784    376.4442    360.1296
		lb :    146.8216    364.5558    348.8704
		A:
			    -0.6475    -0.7292    -0.2213
			    0.4176    0.7939    -0.4419
			    -0.7793    -0.5188    -0.3514
			    0.9717    0.2346    0.0282
			    -0.7091    -0.5283    -0.4671
			    -0.2696    -0.9629    0.0151
			    0.6822    0.6833    0.2602
			    -0.0281    0.3802    -0.9245
			    -0.7306    0.6234    0.2786
			    -0.6822    -0.6833    -0.2602
			    0.0281    -0.3802    0.9245
			    0.7306    -0.6234    -0.2786
		b:
			    -445.9848
			    203.8679
			    -433.8095
			    248.0267
			    -467.6464
			    -389.4333
			    450.0992
			    -187.1637
			    224.6569
			    -448.0992
			    195.1637
			    -212.6569
	==================================================================================
	Q6:
		Shape: Hybrid
		q_c:    139.5000    371.5000    354.0000
		ub :    146.9612    377.3231    361.2718
		lb :    132.0388    365.6769    346.7282
		P^-1: 
			    0.0577    -0.0106    -0.0149
			    -0.0106    0.0760    -0.0012
			    -0.0149    -0.0012    0.0435
		A:
			    0.4504    0.3188    -0.8340
			    0.5052    -0.8615    -0.0513
			    -0.4593    -0.2892    0.8399
			    0.0569    -0.9934    -0.1001
			    0.1541    0.9322    0.3275
			    0.3719    0.9276    -0.0350
		b:
			    -111.4787
			    -265.9506
			    128.2808
			    -394.5721
			    486.1592
			    386.3676


===========================================================================================
===========================================================================================
S4:
	q_c:    105.0000    38.0000    89.0000
	ub :    115.0000    56.0000    102.0000
	lb :    95.0000    20.0000    76.0000

	==================================================================================
	Q1:
		Shape: Polyhedra
		q_c:    100.0000    32.5000    82.0000
		ub :    106.4853    37.3991    87.9855
		lb :    93.5147    27.6009    76.0145
		A:
			    -0.4864    -0.6817    -0.5465
			    -0.7621    -0.5066    -0.4032
			    0.0219    -0.9086    0.4172
			    0.3484    0.8225    0.4496
			    0.8561    0.4261    -0.2926
			    0.9258    0.1973    -0.3226
			    0.4339    0.0946    0.8960
			    -0.8423    0.3956    0.3661
			    -0.3198    -0.9135    0.2513
			    -0.4339    -0.0946    -0.8960
			    0.8423    -0.3956    -0.3661
			    0.3198    0.9135    -0.2513
		b:
			    -111.9846
			    -122.0205
			    10.0603
			    101.9317
			    79.2060
			    76.6201
			    123.9351
			    -36.8490
			    -38.0619
			    -115.9351
			    45.8490
			    44.0619
	==================================================================================
	Q2:
		Shape: Polyhedra
		q_c:    105.5000    35.5000    86.0000
		ub :    112.6050    42.3833    93.4639
		lb :    98.3950    28.6167    78.5361
		A:
			    -0.0353    -0.2363    -0.9710
			    -0.7560    -0.5462    0.3608
			    -0.9417    0.2539    -0.2209
			    -0.2923    0.6140    -0.7332
			    -0.9889    -0.0068    0.1487
			    -0.4120    -0.8902    0.1944
			    0.6279    0.5922    0.5051
			    -0.7419    0.2593    0.6183
			    0.2352    -0.7630    0.6021
			    -0.6279    -0.5922    -0.5051
			    0.7419    -0.2593    -0.6183
			    -0.2352    0.7630    -0.6021
		b:
			    -91.2035
			    -63.7196
			    -104.9753
			    -68.0686
			    -87.2921
			    -54.0882
			    135.1985
			    -11.3936
			    53.5156
			    -126.1985
			    20.3936
			    -45.5156
	==================================================================================
	Q3:
		Shape: Polyhedra
		q_c:    111.5000    35.0000    89.0000
		ub :    118.1457    41.9441    93.5038
		lb :    104.8543    28.0559    84.4962
		A:
			    0.4144    0.0840    0.9062
			    0.2481    0.6489    -0.7193
			    0.0893    0.2758    0.9570
			    -0.9109    0.4121    0.0216
			    0.0902    -0.4737    -0.8761
			    0.9060    0.3520    -0.2352
			    0.5898    0.8059    0.0511
			    0.6349    -0.4237    -0.6461
			    -0.4990    0.4135    -0.7616
			    -0.5898    -0.8059    -0.0511
			    -0.6349    0.4237    0.6461
			    0.4990    -0.4135    0.7616
		b:
			    133.2243
			    -9.4500
			    108.1419
			    -82.0701
			    -81.0275
			    97.1820
			    104.0168
			    1.4606
			    -105.9510
			    -93.0168
			    4.5394
			    111.9510
	==================================================================================
	Q4:
		Shape: Ellipse
		q_c:    102.0000    37.0000    87.5000
		ub :    107.1002    43.5155    94.0716
		lb :    96.8998    30.4845    80.9284
		P^-1: 
			    0.0834    0.0132    0.0202
			    0.0132    0.0624    0.0190
			    0.0202    0.0190    0.0772
	==================================================================================
	Q5:
		Shape: Ellipse
		q_c:    114.0000    26.5000    79.5000
		ub :    118.3353    30.9394    83.4339
		lb :    109.6647    22.0606    75.5661
		P^-1: 
			    0.0855    0.0154    -0.0045
			    0.0154    0.1431    -0.0212
			    -0.0045    -0.0212    0.1241
	==================================================================================
	Q6:
		Shape: Polyhedra
		q_c:    112.0000    30.5000    85.5000
		ub :    118.4899    38.5279    91.4429
		lb :    105.5101    22.4721    79.5571
		A:
			    0.7830    0.5895    0.1983
			    0.2636    -0.9609    -0.0852
			    -0.8050    -0.2862    -0.5196
			    -0.7307    -0.4772    -0.4881
			    -0.3733    -0.2649    -0.8891
			    -0.4825    0.2422    -0.8418
			    0.7758    0.2970    0.5567
			    -0.4290    -0.3987    0.8105
			    0.4627    -0.8677    -0.1818
			    -0.7758    -0.2970    -0.5567
			    0.4290    0.3987    -0.8105
			    -0.4627    0.8677    0.1818
		b:
			    125.4709
			    -0.6786
			    -141.3072
			    -135.8481
			    -122.8758
			    -115.1121
			    145.5464
			    13.5898
			    16.3135
			    -141.5464
			    -4.5898
			    -3.3135


===========================================================================================
===========================================================================================
S5:
	q_c:    433.5000    113.0000    486.5000
	ub :    445.0000    133.0000    511.0000
	lb :    422.0000    93.0000    462.0000

	==================================================================================
	Q1:
		Shape: Ellipse
		q_c:    434.0000    109.0000    483.0000
		ub :    440.1097    114.4982    488.6793
		lb :    427.8903    103.5018    477.3207
		P^-1: 
			    0.0748    0.0100    0.0055
			    0.0100    0.0537    0.0046
			    0.0055    0.0046    0.0649
	==================================================================================
	Q2:
		Shape: Hybrid
		q_c:    438.5000    123.0000    497.5000
		ub :    443.9806    128.0608    502.8646
		lb :    433.0194    117.9392    492.1354
		P^-1: 
			    0.1027    -0.0048    0.0178
			    -0.0048    0.1084    0.0100
			    0.0178    0.0100    0.0736
		A:
			    0.2616    0.4256    0.8663
			    0.2773    0.1753    0.9447
			    0.6946    -0.3402    0.6339
			    0.4912    -0.8530    -0.1762
			    -0.1941    0.8429    0.5019
			    -0.1953    0.8215    -0.5357
		b:
			    599.8617
			    615.1004
			    579.7365
			    24.3425
			    269.9085
			    -249.1982
	==================================================================================
	Q3:
		Shape: Hybrid
		q_c:    430.0000    124.0000    496.0000
		ub :    436.7274    129.1859    502.2160
		lb :    423.2726    118.8141    489.7840
		P^-1: 
			    0.0558    -0.0073    -0.0066
			    -0.0073    0.0792    0.0006
			    -0.0066    0.0006    0.0584
		A:
			    -0.5974    -0.7506    0.2823
			    0.2989    -0.5732    0.7630
			    0.5555    0.7977    -0.2349
			    0.1186    -0.7622    -0.6364
			    -0.0307    0.8283    -0.5594
			    -0.3407    0.9125    -0.2265
		b:
			    -207.6769
			    438.1451
			    223.4625
			    -357.1533
			    -185.9369
			    -143.8244
	==================================================================================
	Q4:
		Shape: Hybrid
		q_c:    437.5000    118.5000    479.5000
		ub :    442.1624    124.7924    485.6677
		lb :    432.8376    112.2076    473.3323
		P^-1: 
			    0.2010    -0.0796    0.0153
			    -0.0796    0.1022    -0.0324
			    0.0153    -0.0324    0.0685
		A:
			    -0.9738    0.0797    -0.2131
			    0.2220    0.8764    -0.4273
			    0.9388    0.2368    0.2502
			    0.8888    -0.1699    -0.4256
			    -0.3176    0.5526    0.7705
			    -0.9730    0.1123    0.2016
		b:
			    -517.0996
			    -1.2346
			    561.2937
			    166.4110
			    299.3492
			    -314.1834
	==================================================================================
	Q5:
		Shape: Polyhedra
		q_c:    424.5000    123.0000    494.0000
		ub :    432.6968    130.1209    499.7038
		lb :    416.3032    115.8791    488.2962
		A:
			    0.8325    0.2261    -0.5058
			    0.0066    -0.0028    -1.0000
			    -0.0366    0.7911    0.6106
			    0.3059    0.0023    -0.9521
			    -0.5811    -0.6545    0.4837
			    0.5335    0.4489    0.7168
			    0.4991    0.8260    0.2620
			    0.3879    0.0574    -0.9199
			    -0.7749    0.5607    -0.2917
			    -0.4991    -0.8260    -0.2620
			    -0.3879    -0.0574    0.9199
			    0.7749    -0.5607    0.2917
		b:
			    135.2132
			    -488.0502
			    387.4390
			    -337.1769
			    -84.6949
			    640.0814
			    446.8650
			    -279.7442
			    -397.5935
			    -438.8650
			    285.7442
			    410.5935
	==================================================================================
	Q6:
		Shape: Hybrid
		q_c:    438.5000    122.0000    491.0000
		ub :    445.5551    128.4268    496.7210
		lb :    431.4449    115.5732    485.2790
		P^-1: 
			    0.0502    -0.0266    -0.0408
			    -0.0266    0.0750    0.0295
			    -0.0408    0.0295    0.1251
		A:
			    -0.4745    0.3798    0.7941
			    -0.0947    0.8588    0.5036
			    0.5324    0.0516    -0.8449
			    0.2997    -0.8217    -0.4848
			    -0.6847    0.7027    0.1933
			    0.0885    -0.1449    -0.9855
		b:
			    229.4527
			    312.7336
			    -173.2020
			    -205.0483
			    -117.2268
			    -460.9421


===========================================================================================
===========================================================================================
S6:
	q_c:    319.0000    489.0000    362.5000
	ub :    330.0000    499.0000    379.0000
	lb :    308.0000    479.0000    346.0000

	==================================================================================
	Q1:
		Shape: Polyhedra
		q_c:    323.5000    495.0000    367.5000
		ub :    331.8375    503.3388    371.5531
		lb :    315.1625    486.6612    363.4469
		A:
			    0.1708    0.2950    -0.9401
			    0.4637    0.2419    -0.8523
			    0.1929    -0.4562    0.8687
			    0.9978    -0.0655    0.0108
			    -0.8157    0.5400    0.2073
			    0.3304    0.9397    -0.0883
			    0.6303    0.7102    0.3138
			    0.1507    0.2845    -0.9467
			    -0.7616    0.6440    0.0723
			    -0.6303    -0.7102    -0.3138
			    -0.1507    -0.2845    0.9467
			    0.7616    -0.6440    -0.0723
		b:
			    -142.2185
			    -40.7976
			    158.8207
			    300.1301
			    85.5100
			    544.7699
			    676.2223
			    -156.3325
			    104.9744
			    -665.2223
			    160.3325
			    -92.9744
	==================================================================================
	Q2:
		Shape: Hybrid
		q_c:    324.0000    480.0000    363.0000
		ub :    327.3103    485.6332    368.6124
		lb :    320.6897    474.3668    357.3876
		P^-1: 
			    0.1808    0.0294    0.0245
			    0.0294    0.1309    0.0944
			    0.0245    0.0944    0.1383
		A:
			    -0.7944    -0.6029    -0.0729
			    -0.0523    0.7570    0.6513
			    0.6032    0.0646    -0.7949
			    0.1573    -0.9865    -0.0446
			    -0.5229    -0.4454    -0.7268
			    -0.0820    0.8063    0.5857
		b:
			    -571.5793
			    584.0583
			    -59.5750
			    -435.9848
			    -645.8271
			    574.4098
	==================================================================================
	Q3:
		Shape: Ellipse
		q_c:    312.5000    480.5000    365.0000
		ub :    319.0249    490.3991    374.8498
		lb :    305.9751    470.6009    355.1502
		P^-1: 
			    0.0620    -0.0154    -0.0182
			    -0.0154    0.0342    0.0174
			    -0.0182    0.0174    0.0363
	==================================================================================
	Q4:
		Shape: Ellipse
		q_c:    313.5000    483.0000    366.5000
		ub :    317.6823    489.9280    373.2885
		lb :    309.3177    476.0720    359.7115
		P^-1: 
			    0.2241    -0.0675    -0.0060
			    -0.0675    0.0713    0.0072
			    -0.0060    0.0072    0.0440
	==================================================================================
	Q5:
		Shape: Polyhedra
		q_c:    328.0000    492.5000    360.0000
		ub :    332.2262    497.6048    365.2099
		lb :    323.7738    487.3952    354.7901
		A:
			    0.8954    -0.0096    -0.4452
			    0.8346    0.2281    0.5014
			    -0.5396    0.1259    -0.8325
			    0.8771    0.2030    -0.4352
			    -0.4806    0.8705    -0.1064
			    -0.2345    0.8541    0.4643
			    0.6518    0.3859    0.6529
			    -0.7499    0.4564    0.4789
			    -0.1132    -0.8017    0.5869
			    -0.6518    -0.3859    -0.6529
			    0.7499    -0.4564    -0.4789
			    0.1132    0.8017    -0.5869
		b:
			    131.4020
			    569.5821
			    -411.5202
			    233.8749
			    235.8027
			    513.6582
			    641.8832
			    153.6769
			    -217.2125
			    -635.8832
			    -148.6769
			    224.2125
	==================================================================================
	Q6:
		Shape: Polyhedra
		q_c:    316.0000    490.5000    373.5000
		ub :    322.0194    495.8497    379.7350
		lb :    309.9806    485.1503    367.2650
		A:
			    -0.5784    -0.5326    0.6178
			    0.9185    -0.3655    0.1511
			    -0.4731    -0.6973    0.5385
			    0.2519    -0.9035    0.3468
			    0.9430    0.2870    0.1684
			    0.0708    -0.2540    -0.9646
			    0.1865    0.9764    0.1088
			    0.9646    -0.1609    -0.2090
			    -0.1865    0.1440    -0.9718
			    -0.1865    -0.9764    -0.1088
			    -0.9646    0.1609    0.2090
			    0.1865    -0.1440    0.9718
		b:
			    -208.7610
			    171.9759
			    -285.9644
			    -229.7157
			    506.0995
			    -457.6295
			    582.5125
			    152.3043
			    -346.3199
			    -574.5125
			    -143.3043
			    356.3199


===========================================================================================
===========================================================================================
S7:
	q_c:    119.0000    125.0000    334.0000
	ub :    130.0000    145.0000    357.0000
	lb :    108.0000    105.0000    311.0000

	==================================================================================
	Q1:
		Shape: Hybrid
		q_c:    127.5000    136.0000    329.5000
		ub :    137.0079    145.9631    337.6221
		lb :    117.9921    126.0369    321.3779
		P^-1: 
			    0.0280    0.0075    -0.0006
			    0.0075    0.0308    -0.0090
			    -0.0006    -0.0090    0.0441
		A:
			    0.9746    0.1645    -0.1517
			    0.1725    0.9270    -0.3330
			    -0.5056    0.2721    0.8188
			    0.8094    -0.5269    0.2592
			    0.7420    -0.0553    0.6682
			    -0.4276    -0.8954    0.1242
		b:
			    100.3048
			    41.3965
			    246.0717
			    121.2510
			    310.5376
			    -132.3023
	==================================================================================
	Q2:
		Shape: Hybrid
		q_c:    121.5000    113.5000    334.0000
		ub :    129.5834    120.9493    341.4103
		lb :    113.4166    106.0507    326.5897
		P^-1: 
			    0.0508    0.0195    -0.0053
			    0.0195    0.0502    -0.0176
			    -0.0053    -0.0176    0.0578
		A:
			    -0.7883    -0.3437    -0.5104
			    0.5979    -0.1354    0.7901
			    0.1684    -0.6291    0.7589
			    0.9634    -0.2470    0.1044
			    0.0955    0.0540    -0.9940
			    -0.8381    -0.3459    -0.4219
		b:
			    -302.6091
			    323.9025
			    204.9301
			    127.3529
			    -311.6721
			    -279.3866
	==================================================================================
	Q3:
		Shape: Polyhedra
		q_c:    112.5000    129.5000    332.0000
		ub :    117.4488    136.3922    340.4602
		lb :    107.5512    122.6078    323.5398
		A:
			    -0.5229    -0.2134    0.8252
			    -0.6424    0.5358    -0.5479
			    0.7489    -0.6491    0.1336
			    -0.1719    0.6107    -0.7729
			    0.4913    -0.5805    -0.6493
			    0.3113    -0.9245    -0.2201
			    0.0455    0.4988    0.8655
			    -0.3404    0.8223    -0.4560
			    -0.9392    -0.2739    0.2072
			    -0.0455    -0.4988    -0.8655
			    0.3404    -0.8223    0.4560
			    0.9392    0.2739    -0.2072
		b:
			    192.8296
			    -181.6058
			    47.7505
			    -193.1942
			    -228.9677
			    -152.6016
			    364.5657
			    -80.6917
			    -68.3444
			    -349.5657
			    85.6917
			    76.3444
	==================================================================================
	Q4:
		Shape: Hybrid
		q_c:    127.0000    124.0000    326.5000
		ub :    134.0577    127.7223    333.6197
		lb :    119.9423    120.2777    319.3803
		P^-1: 
			    0.0425    -0.0168    -0.0027
			    -0.0168    0.1546    0.0182
			    -0.0027    0.0182    0.0429
		A:
			    0.0159    0.9632    -0.2682
			    -0.0347    0.9421    0.3334
			    -0.3729    -0.8525    -0.3663
			    -0.8916    0.3122    0.3279
			    0.0777    -0.9969    0.0126
			    -0.2033    -0.8123    -0.5466
		b:
			    35.7935
			    222.6842
			    -270.4804
			    35.8149
			    -108.2504
			    -302.8902
	==================================================================================
	Q5:
		Shape: Ellipse
		q_c:    127.5000    131.0000    343.5000
		ub :    133.6584    137.5776    350.4054
		lb :    121.3416    124.4224    336.5946
		P^-1: 
			    0.0896    0.0039    -0.0291
			    0.0039    0.0498    -0.0028
			    -0.0291    -0.0028    0.0705
	==================================================================================
	Q6:
		Shape: Polyhedra
		q_c:    130.5000    122.5000    325.0000
		ub :    140.4855    132.4869    334.2160
		lb :    120.5145    112.5131    315.7840
		A:
			    0.3638    -0.3923    0.8448
			    0.1346    -0.9600    0.2455
			    -0.4946    0.2168    0.8416
			    -0.1755    -0.6802    -0.7118
			    -0.4059    0.9124    -0.0530
			    -0.6429    0.6687    -0.3735
			    0.4259    0.7623    0.4874
			    0.4665    0.2765    -0.8402
			    -0.7752    0.5852    -0.2379
			    -0.4259    -0.7623    -0.4874
			    -0.4665    -0.2765    0.8402
			    0.7752    -0.5852    0.2379
		b:
			    279.8190
			    -14.1805
			    241.2393
			    -331.1415
			    47.6737
			    -117.3705
			    313.8509
			    -172.8040
			    -100.7924
			    -300.8509
			    183.8040
			    112.7924


===========================================================================================
===========================================================================================
S8:
	q_c:    433.0000    252.5000    173.5000
	ub :    453.0000    278.0000    189.0000
	lb :    413.0000    227.0000    158.0000

	==================================================================================
	Q1:
		Shape: Ellipse
		q_c:    438.5000    256.5000    177.5000
		ub :    445.2371    263.2547    184.7229
		lb :    431.7629    249.7453    170.2771
		P^-1: 
			    0.1536    -0.0037    -0.1130
			    -0.0037    0.0328    0.0061
			    -0.1130    0.0061    0.1170
	==================================================================================
	Q2:
		Shape: Polyhedra
		q_c:    418.5000    261.5000    188.5000
		ub :    429.5796    273.0091    198.4147
		lb :    407.4204    249.9909    178.5853
		A:
			    0.7075    -0.4611    -0.5356
			    -0.5331    -0.4657    0.7064
			    0.5033    0.8585    -0.0982
			    0.1882    -0.9757    0.1120
			    0.3203    0.2183    -0.9218
			    0.4750    0.6882    -0.5484
			    0.2426    0.6878    0.6842
			    -0.8774    0.4565    -0.1478
			    -0.4140    -0.5644    0.7142
			    -0.2426    -0.6878    -0.6842
			    0.8774    -0.4565    0.1478
			    0.4140    0.5644    -0.7142
		b:
			    81.8598
			    -205.6564
			    422.8390
			    -148.2864
			    23.4353
			    281.3839
			    416.8448
			    -267.6625
			    -180.2366
			    -403.8448
			    283.6625
			    192.2366
	==================================================================================
	Q3:
		Shape: Ellipse
		q_c:    446.5000    262.0000    160.5000
		ub :    455.9507    271.8254    171.3610
		lb :    437.0493    252.1746    149.6390
		P^-1: 
			    0.0280    0.0023    -0.0057
			    0.0023    0.0234    -0.0002
			    -0.0057    -0.0002    0.0257
	==================================================================================
	Q4:
		Shape: Polyhedra
		q_c:    439.5000    265.5000    181.0000
		ub :    451.0085    275.6441    194.2917
		lb :    427.9915    255.3559    167.7083
		A:
			    0.5468    0.6573    -0.5187
			    -0.1199    0.7155    -0.6882
			    0.5609    -0.3755    0.7378
			    0.8944    -0.4449    0.0463
			    0.2579    0.2423    -0.9353
			    -0.2729    0.9587    0.0804
			    0.8623    0.3093    0.4009
			    -0.4732    0.2106    0.8554
			    0.1802    -0.9274    0.3280
			    -0.8623    -0.3093    -0.4009
			    0.4732    -0.2106    -0.8554
			    -0.1802    0.9274    -0.3280
		b:
			    328.7260
			    19.7987
			    287.2041
			    290.7647
			    17.6724
			    156.3397
			    540.1775
			    12.7430
			    -101.1675
			    -527.1775
			    7.2570
			    114.1675
	==================================================================================
	Q5:
		Shape: Polyhedra
		q_c:    426.5000    239.5000    163.0000
		ub :    434.6552    250.4892    173.1529
		lb :    418.3448    228.5108    152.8471
		A:
			    0.8239    -0.5515    -0.1308
			    -0.8845    0.4510    0.1192
			    0.5423    -0.0630    -0.8378
			    -0.7403    -0.3218    -0.5903
			    0.3647    -0.0760    -0.9280
			    0.8847    -0.4603    0.0735
			    0.5454    0.1956    0.8151
			    -0.8058    0.3901    0.4456
			    -0.2308    -0.8998    0.3703
			    -0.5454    -0.1956    -0.8151
			    0.8058    -0.3901    -0.4456
			    0.2308    0.8998    -0.3703
		b:
			    202.0032
			    -246.0500
			    84.7152
			    -482.4020
			    -8.3876
			    283.5995
			    418.7932
			    -174.6074
			    -244.0772
			    -405.7932
			    180.6074
			    263.0772
	==================================================================================
	Q6:
		Shape: Hybrid
		q_c:    431.0000    256.5000    188.5000
		ub :    442.0696    269.2175    198.2336
		lb :    419.9304    243.7825    178.7664
		P^-1: 
			    0.0315    0.0066    -0.0104
			    0.0066    0.0102    -0.0032
			    -0.0104    -0.0032    0.0223
		A:
			    0.4567    -0.3071    -0.8350
			    0.2285    -0.0182    -0.9734
			    0.9541    0.1494    0.2596
			    0.6582    0.4221    -0.6234
			    -0.8794    0.4732    0.0529
			    0.9960    -0.0539    -0.0715
		b:
			    -34.4994
			    -85.3706
			    502.7878
			    277.4612
			    -241.4926
			    405.9592


===========================================================================================
===========================================================================================
S9:
	q_c:    508.0000    367.5000    128.5000
	ub :    520.0000    378.0000    152.0000
	lb :    496.0000    357.0000    105.0000

	==================================================================================
	Q1:
		Shape: Polyhedra
		q_c:    509.0000    374.5000    130.5000
		ub :    515.0110    381.1865    138.1725
		lb :    502.9890    367.8135    122.8275
		A:
			    0.3265    0.9403    0.0963
			    0.3089    0.7063    -0.6369
			    -0.3848    -0.1771    0.9059
			    -0.2607    0.6292    -0.7322
			    -0.7918    0.4003    -0.4614
			    0.5003    0.8615    -0.0870
			    0.9102    0.4138    0.0145
			    0.3737    -0.8359    0.4020
			    0.1784    -0.3605    -0.9155
			    -0.9102    -0.4138    -0.0145
			    -0.3737    0.8359    -0.4020
			    -0.1784    0.3605    0.9155
		b:
			    535.1138
			    342.7645
			    -137.7884
			    11.2884
			    -309.8691
			    569.7128
			    624.1793
			    -67.4035
			    -156.6535
			    -616.1793
			    73.4035
			    170.6535
	==================================================================================
	Q2:
		Shape: Hybrid
		q_c:    514.0000    370.5000    124.0000
		ub :    522.4037    378.2895    130.7931
		lb :    505.5963    362.7105    117.2069
		P^-1: 
			    0.0431    -0.0008    -0.0123
			    -0.0008    0.0400    0.0064
			    -0.0123    0.0064    0.0525
		A:
			    -0.3909    -0.4440    -0.8063
			    -0.4962    -0.6355    -0.5915
			    0.3596    0.6565    -0.6631
			    -0.5493    0.0260    0.8352
			    0.2818    0.0775    0.9563
			    -0.3834    0.6517    0.6544
		b:
			    -462.5106
			    -560.9117
			    348.6742
			    -167.0863
			    295.0396
			    127.7585
	==================================================================================
	Q3:
		Shape: Hybrid
		q_c:    515.5000    364.5000    139.5000
		ub :    520.7870    368.1787    147.9420
		lb :    510.2130    360.8213    131.0580
		P^-1: 
			    0.0687    0.0244    0.0059
			    0.0244    0.1531    0.0061
			    0.0059    0.0061    0.0164
		A:
			    -0.2340    0.9374    0.2578
			    0.3181    -0.9419    -0.1080
			    -0.4461    -0.2224    -0.8669
			    -0.0808    -0.9866    0.1420
			    0.2951    0.0783    0.9522
			    0.3586    0.8760    -0.3224
		b:
			    259.2273
			    -192.4945
			    -426.4139
			    -379.8009
			    319.7529
			    461.7806
	==================================================================================
	Q4:
		Shape: Polyhedra
		q_c:    508.0000    372.0000    117.5000
		ub :    514.0663    378.9319    124.3522
		lb :    501.9337    365.0681    110.6478
		A:
			    -0.8973    0.2956    -0.3277
			    0.5083    0.0857    0.8569
			    0.0068    -0.5659    0.8244
			    0.6456    0.4206    -0.6374
			    0.6198    0.7248    0.3010
			    0.8768    0.3329    0.3468
			    0.2673    0.6216    0.7363
			    -0.8959    -0.1210    0.4274
			    0.3548    -0.7739    0.5246
			    -0.2673    -0.6216    -0.7363
			    0.8959    0.1210    -0.4274
			    -0.3548    0.7739    -0.5246
		b:
			    -379.4503
			    394.9665
			    -104.6912
			    413.6419
			    623.1094
			    613.5005
			    456.5557
			    -446.4116
			    -40.0545
			    -450.5557
			    453.4116
			    52.0545
	==================================================================================
	Q5:
		Shape: Polyhedra
		q_c:    501.0000    356.0000    137.0000
		ub :    506.1092    361.2803    142.4520
		lb :    495.8908    350.7197    131.5480
		A:
			    -0.8094    0.0002    0.5873
			    0.2171    -0.9632    0.1587
			    -0.8640    0.5027    0.0278
			    0.9269    0.2195    -0.3044
			    0.8904    0.3814    0.2484
			    -0.4600    -0.8837    -0.0860
			    0.7629    0.6117    0.2094
			    -0.1026    -0.2052    0.9733
			    0.6384    -0.7640    -0.0938
			    -0.7629    -0.6117    -0.2094
			    0.1026    0.2052    -0.9733
			    -0.6384    0.7640    0.0938
		b:
			    -321.1424
			    -209.3679
			    -247.3817
			    504.6609
			    619.8338
			    -553.0313
			    632.6521
			    13.3680
			    37.4851
			    -624.6521
			    -4.3680
			    -32.4851
	==================================================================================
	Q6:
		Shape: Polyhedra
		q_c:    514.5000    355.0000    133.0000
		ub :    523.0006    363.8631    141.0270
		lb :    505.9994    346.1369    124.9730
		A:
			    -0.6273    0.1205    -0.7694
			    0.1416    0.5896    -0.7952
			    -0.6810    -0.6495    -0.3381
			    -0.0752    -0.3143    0.9463
			    0.0700    0.9960    -0.0548
			    -0.3049    -0.9507    -0.0558
			    0.1613    0.8032    0.5734
			    0.0113    0.5795    -0.8149
			    -0.9868    0.1379    0.0844
			    -0.1613    -0.8032    -0.5734
			    -0.0113    -0.5795    0.8149
			    0.9868    -0.1379    -0.0844
		b:
			    -376.2814
			    180.9894
			    -619.1394
			    -19.6905
			    388.1268
			    -495.7345
			    450.8942
			    107.6446
			    -440.0481
			    -437.8942
			    -98.6446
			    455.0481


===========================================================================================
===========================================================================================
S10:
	q_c:    390.0000    192.5000    131.0000
	ub :    417.0000    205.0000    142.0000
