3D_45_12_6_c                l = 3

===========================================================================================
===========================================================================================
S1:
	q_c:	372.5	114.5	302.5
	ub :	389.8604	128.1004	326.6764
	lb :	344.7223	88.2046	279.7114

	==================================================================================
	Q1:
		Shape: Ellipse
		q_c:	367.5	114.0	316.0
		ub :	376.8415	125.3391	326.6764
		lb :	358.1585	102.6609	305.3236
		P^-1:
			0.0223	0.002	-0.0015
			0.002	0.0223	0.0042
			-0.0015	0.0042	0.0246
	==================================================================================
	Q2:
		Shape: Hybrid
		q_c:	377.5	104.5	304.5
		ub :	389.8604	117.203	313.6447
		lb :	365.1396	91.797	295.3553
		P^-1:
			0.0306	0.0192	0.0163
			0.0192	0.0265	0.0079
			0.0163	0.0079	0.0414
		A:
			-0.1462	-0.3716	0.9168
			0.0158	-0.9653	-0.2607
			0.0079	-0.4855	-0.8742
			-0.2799	0.5183	-0.8081
			0.6439	0.7303	0.2281
			-0.0836	-0.9576	0.2755
		b:
			188.9536
			-167.8257
			-309.2339
			-292.8589
			391.4382
			-42.1401
	==================================================================================
	Q3:
		Shape: Hybrid
		q_c:	377.0	96.5	304.0
		ub :	382.4293	104.7954	313.0243
		lb :	371.5707	88.2046	294.9757
		P^-1:
			0.3212	-0.1799	-0.0578
			-0.1799	0.1392	0.0427
			-0.0578	0.0427	0.0375
		A:
			0.8494	-0.5277	-0.0135
			-0.7707	0.6061	-0.1965
			0.1607	-0.8959	0.4143
			0.3751	-0.2763	-0.8849
			-0.898	0.4281	-0.1016
			0.5882	-0.7832	-0.2015
		b:
			266.2291
			-289.6185
			105.2285
			-149.8297
			-326.6366
			86.7238
	==================================================================================
	Q4:
		Shape: Hybrid
		q_c:	373.5	115.5	291.5
		ub :	378.4424	127.6308	303.2886
		lb :	368.5576	103.3692	279.7114
		P^-1:
			0.2335	0.0326	-0.0508
			0.0326	0.0182	-0.0059
			-0.0508	-0.0059	0.0263
		A:
			-0.6215	0.0031	-0.7834
			-0.8921	-0.1536	0.425
			-0.3578	0.8762	0.323
			0.9501	0.2909	0.1123
			-0.9029	-0.4102	0.1283
			-0.8942	0.1643	0.4165
		b:
			-453.4602
			-225.4018
			68.8081
			423.6578
			-345.1306
			-191.128
	==================================================================================
	Q5:
		Shape: Polyhedra
		q_c:	352.5	101.5	290.0
		ub :	360.2777	110.8939	299.8052
		lb :	344.7223	92.1061	280.1948
		A:
			0.5691	0.7448	0.3485
			0.5327	0.5775	0.6187
			0.2068	-0.9753	-0.0781
			-0.5382	0.8283	0.1559
			-0.4558	-0.8087	-0.3719
			-0.61	-0.7523	-0.2491
			0.6326	0.729	0.2615
			0.027	0.3167	-0.9482
			-0.774	0.6069	0.1806
			-0.6326	-0.729	-0.2615
			-0.027	-0.3167	0.9482
			0.774	-0.6069	-0.1806
		b:
			381.3254
			430.6383
			-42.8974
			-54.1293
			-346.4294
			-359.5883
			376.8196
			-225.2922
			-152.3671
			-368.8196
			241.2922
			165.3671
	==================================================================================
	Q6:
		Shape: Polyhedra
		q_c:	360.0	120.0	290.5
		ub :	369.2233	128.1004	297.0574
		lb :	350.7767	111.8996	283.9426
		A:
			0.4244	0.903	0.0666
			0.044	0.6583	0.7515
			0.11	-0.017	-0.9938
			-0.1302	0.9579	0.2558
			-0.0172	-0.4003	-0.9162
			0.4386	-0.4569	0.7739
			0.3626	0.0834	0.9282
			-0.3437	-0.9138	0.2164
			0.8662	-0.3975	-0.3027
			-0.3626	-0.0834	-0.9282
			0.3437	0.9138	-0.2164
			-0.8662	0.3975	0.3027
		b:
			285.8471
			317.9703
			-246.7451
			148.324
			-315.9778
			332.2867
			413.6822
			-165.0448
			183.2251
			-406.6822
			176.0448
			-169.2251


===========================================================================================
===========================================================================================
S2:
	q_c:	301.0	502.5	451.0
	ub :	310.1058	511.3474	460.8762
	lb :	295.8458	497.4782	446.9834

	==================================================================================
	Q1:
		Shape: Ellipse
		q_c:	304.0	502.5	455.0
		ub :	307.0708	505.1287	458.2811
		lb :	300.9292	499.8713	451.7189
		P^-1:
			0.25	0.0	0.0
			0.0	0.25	-0.0
			0.0	-0.0	0.25
	==================================================================================
	Q2:
		Shape: Polyhedra
		q_c:	306.0	501.0	455.0
		ub :	310.1058	504.5218	459.0275
		lb :	301.8942	497.4782	450.9725
		A:
			0.8218	0.3809	-0.4237
			-0.4271	0.8	0.4215
			0.0971	0.8483	0.5205
			-0.255	-0.156	-0.9543
			0.3258	0.2188	-0.9198
			-0.9735	0.2283	-0.0115
			0.6739	0.4046	0.6182
			0.2901	-0.9144	0.2823
			0.6795	-0.0109	-0.7336
			-0.6739	-0.4046	-0.6182
			-0.2901	0.9144	-0.2823
			-0.6795	0.0109	0.7336
		b:
			251.8058
			464.2672
			694.2924
			-587.6434
			-207.0023
			-186.2465
			693.2022
			-238.4149
			-129.3124
			-687.2022
			243.4149
			133.3124
	==================================================================================
	Q3:
		Shape: Polyhedra
		q_c:	299.5	506.5	457.5
		ub :	303.1542	510.2178	460.8762
		lb :	295.8458	502.7822	454.1238
		A:
			0.8198	-0.5723	-0.0169
			0.11	-0.9333	-0.3419
			0.399	-0.5778	-0.712
			0.8388	0.5195	0.163
			-0.2915	-0.944	-0.1544
			0.3255	-0.8708	-0.3685
			0.2134	0.292	0.9323
			-0.6603	0.7464	-0.0826
			-0.72	-0.598	0.3521
			-0.2134	-0.292	-0.9323
			0.6603	-0.7464	0.0826
			0.72	0.598	-0.3521
		b:
			-50.0298
			-593.9167
			-496.6095
			591.4099
			-633.7205
			-509.9989
			640.832
			144.4827
			-354.9628
			-635.832
			-140.4827
			359.9628
	==================================================================================
	Q4:
		Shape: Ellipse
		q_c:	301.5	508.5	456.0
		ub :	304.366	511.3474	458.7494
		lb :	298.634	505.6526	453.2506
		P^-1:
			1.9103	0.1137	1.9299
			0.1137	0.2406	0.0624
			1.9299	0.0624	2.2102
	==================================================================================
	Q5:
		Shape: Ellipse
		q_c:	303.5	503.5	448.5
		ub :	305.1539	505.3399	450.0166
		lb :	301.8461	501.6601	446.9834
		P^-1:
			2.1669	0.8576	1.4895
			0.8576	1.0122	0.4678
			1.4895	0.4678	2.2654
	==================================================================================
	Q6:
		Shape: Ellipse
		q_c:	304.5	501.5	453.5
		ub :	307.1063	505.2511	456.9792
		lb :	301.8937	497.7489	450.0208
		P^-1:
			0.7666	0.0132	-0.3209
			0.0132	0.2497	0.2097
			-0.3209	0.2097	0.5098


===========================================================================================
===========================================================================================
S3:
	q_c:	168.0	100.5	240.0
	ub :	186.0494	118.4067	250.1657
	lb :	145.7971	82.1837	221.3093

	==================================================================================
	Q1:
		Shape: Ellipse
		q_c:	156.0	106.5	230.0
		ub :	166.2029	116.7287	238.6907
		lb :	145.7971	96.2713	221.3093
		P^-1:
			0.0269	0.0053	-0.0027
			0.0053	0.0255	-0.0057
			-0.0027	-0.0057	0.0357
	==================================================================================
	Q2:
		Shape: Hybrid
		q_c:	164.5	114.0	236.5
		ub :	168.7153	118.4067	241.21
		lb :	160.2847	109.5933	231.79
		P^-1:
			0.1526	0.02	-0.0114
			0.02	0.1066	0.0306
			-0.0114	0.0306	0.1425
		A:
			-0.3258	0.772	0.5457
			-0.1338	-0.7042	-0.6973
			0.2589	0.0021	-0.9659
			0.1083	-0.5007	-0.8588
			-0.8492	-0.4412	-0.2902
			0.5756	-0.0045	-0.8177
		b:
			164.9858
			-265.8942
			-184.2031
			-241.1163
			-257.3619
			-97.9237
	==================================================================================
	Q3:
		Shape: Ellipse
		q_c:	176.5	88.0	232.0
		ub :	183.6728	93.8163	237.9125
		lb :	169.3272	82.1837	226.0875
		P^-1:
			0.0314	-0.0174	-0.0177
			-0.0174	0.0939	0.0108
			-0.0177	0.0108	0.0911
	==================================================================================
	Q4:
		Shape: Polyhedra
		q_c:	178.0	98.0	230.0
		ub :	186.0494	106.352	237.4099
		lb :	169.9506	89.648	222.5901
		A:
			-0.124	0.7979	-0.59
			0.8851	0.3937	0.2481
			-0.1175	0.4959	0.8604
			0.3024	0.73	-0.6129
			-0.3298	-0.3399	0.8808
			-0.0439	0.8476	0.5288
			0.5909	0.4626	0.661
			-0.3936	-0.5499	0.7367
			0.7043	-0.6954	-0.1428
			-0.5909	-0.4626	-0.661
			0.3936	0.5499	-0.7367
			-0.7043	0.6954	0.1428
		b:
			-74.2314
			257.5563
			230.1739
			-10.1326
			115.9915
			201.391
			306.5313
			50.9931
			29.3559
			-298.5313
			-39.9931
			-19.3559
	==================================================================================
	Q5:
		Shape: Polyhedra
		q_c:	159.5	97.5	233.0
		ub :	168.4212	108.3354	243.2522
		lb :	150.5788	86.6646	222.7478
		A:
			-0.0492	-0.9417	0.3327
			0.0793	0.4209	-0.9036
			-0.3617	-0.8338	0.4172
			-0.2377	0.9696	-0.0575
			0.0799	-0.752	0.6543
			0.8802	0.2619	-0.3959
			0.1747	0.5632	0.8077
			-0.6809	0.6616	-0.3141
			-0.7113	-0.4951	0.499
			-0.1747	-0.5632	-0.8077
			0.6809	-0.6616	0.3141
			0.7113	0.4951	-0.499
		b:
			-16.2366
			-151.0459
			-36.8934
			50.0656
			97.8334
			78.0335
			278.4567
			-110.2713
			-41.4466
			-263.4567
			124.2713
			49.4466
	==================================================================================
	Q6:
		Shape: Hybrid
		q_c:	160.5	110.0	239.5
		ub :	171.1486	117.8918	250.1657
		lb :	149.8514	102.1082	228.8343
		P^-1:
			0.0263	0.0065	0.015
			0.0065	0.0376	0.0043
			0.015	0.0043	0.0324
		A:
			-0.1393	0.425	0.8944
			-0.2348	-0.905	0.3546
			0.8194	-0.1862	0.5421
			0.1803	-0.3734	0.91
			-0.0672	0.8545	0.5151
			0.1345	0.2238	0.9653
		b:
			243.1155
			-48.8474
			244.0866
			209.39
			210.0932
			281.0322


===========================================================================================
===========================================================================================
S4:
	q_c:	213.0	263.5	215.0
	ub :	224.8237	273.7933	226.1508
	lb :	207.331	257.8834	204.8066

	==================================================================================
	Q1:
		Shape: Hybrid
		q_c:	214.5	263.0	221.5
		ub :	219.5476	268.1166	226.1508
		lb :	209.4524	257.8834	216.8492
		P^-1:
			0.2033	-0.124	-0.1252
			-0.124	0.2079	0.1285
			-0.1252	0.1285	0.1643
		A:
			0.8995	-0.4116	-0.1463
			-0.5409	0.8073	0.2361
			0.446	-0.7039	-0.5528
			0.2056	0.6449	0.7361
			-0.0795	-0.6042	-0.7929
			-0.5496	0.5774	0.6038
		b:
			53.9876
			149.9112
			-211.0697
			379.0677
			-349.4264
			168.4898
	==================================================================================
	Q2:
		Shape: Hybrid
		q_c:	218.0	268.0	210.5
		ub :	223.0905	273.1403	216.1934
		lb :	212.9095	262.8597	204.8066
		P^-1:
			0.082	0.0027	0.0021
			0.0027	0.1	0.014
			0.0021	0.014	0.0924
		A:
			0.8616	-0.2857	-0.4195
			0.013	-0.2699	-0.9628
			-0.1533	0.4461	-0.8817
			0.5769	0.8141	0.067
			-0.3285	-0.8807	0.3411
			-0.8677	-0.0658	-0.4927
		b:
			24.896
			-270.4765
			-97.4733
			359.7688
			-233.9778
			-308.5976
	==================================================================================
	Q3:
		Shape: Ellipse
		q_c:	211.0	261.5	212.5
		ub :	214.669	264.5651	215.4633
		lb :	207.331	258.4349	209.5367
		P^-1:
			0.1897	0.0311	-0.0287
			0.0311	0.234	0.0148
			-0.0287	0.0148	0.2363
	==================================================================================
	Q4:
		Shape: Hybrid
		q_c:	217.0	265.5	215.5
		ub :	220.7787	269.3484	219.8217
		lb :	213.2213	261.6516	211.1783
		P^-1:
			0.1738	-0.0351	0.0155
			-0.0351	0.1751	-0.0591
			0.0155	-0.0591	0.1722
		A:
			0.4501	0.5236	-0.7234
			0.6307	0.0836	0.7715
			0.1293	-0.1729	0.9764
			0.865	0.3119	-0.3929
			0.9173	-0.3974	0.0271
			-0.2153	-0.9645	0.153
		b:
			82.1144
			326.8972
			193.9783
			187.375
			100.6643
			-268.2684
	==================================================================================
	Q5:
		Shape: Hybrid
		q_c:	214.5	267.0	217.5
		ub :	219.0724	270.7552	222.1318
		lb :	209.9276	263.2448	212.8682
		P^-1:
			0.2293	-0.1747	0.0355
			-0.1747	0.2883	-0.0419
			0.0355	-0.0419	0.0901
		A:
			-0.6699	0.0658	-0.7396
			0.0797	0.4965	0.8643
			0.7746	-0.6139	0.1519
			-0.7483	0.6597	0.0701
			0.6163	-0.6651	0.4217
			-0.9263	0.2292	0.299
		b:
			-284.7522
			340.3668
			36.1604
			31.8246
			47.3251
			-70.5337
	==================================================================================
	Q6:
		Shape: Hybrid
		q_c:	219.0	268.0	210.0
		ub :	224.8237	273.7933	214.9852
		lb :	213.1763	262.2067	205.0148
		P^-1:
			0.0665	0.0091	-0.0171
			0.0091	0.0829	-0.0386
			-0.0171	-0.0386	0.1356
		A:
			0.4303	-0.1313	-0.8931
			0.92	0.245	-0.3058
			0.6264	-0.7244	0.2879
			0.8173	-0.4155	-0.3992
			-0.7985	-0.2061	-0.5656
			0.7618	0.5329	-0.3683
		b:
			-126.6365
			205.2743
			5.982
			-13.5535
			-346.1946
			234.3718


===========================================================================================
===========================================================================================
S5:
	q_c:	90.5	373.0	480.0
	ub :	104.0128	382.1853	492.6856
	lb :	72.1258	357.1964	465.5426

	==================================================================================
	Q1:
		Shape: Ellipse
		q_c:	82.5	379.5	486.0
		ub :	85.0381	382.1853	487.9935
		lb :	79.9619	376.8147	484.0065
		P^-1:
			0.4709	0.01	-0.2228
			0.01	0.4304	-0.2495
			-0.2228	-0.2495	0.7931
	==================================================================================
	Q2:
		Shape: Hybrid
		q_c:	92.0	363.0	478.5
		ub :	96.2335	368.8036	484.6963
		lb :	87.7665	357.1964	472.3037
		P^-1:
			0.332	-0.1354	0.1197
			-0.1354	0.1302	-0.0354
			0.1197	-0.0354	0.1039
		A:
			-0.8599	0.1463	-0.4891
			-0.7342	0.5078	0.4507
			-0.8088	0.5529	0.2005
			0.8273	-0.5445	-0.1381
			0.1831	0.8315	-0.5245
			0.8158	-0.5481	-0.1844
		b:
			-259.0037
			334.8391
			223.9743
			-186.0807
			71.5015
			-210.4613
	==================================================================================
	Q3:
		Shape: Ellipse
		q_c:	93.5	367.0	477.5
		ub :	98.376	372.0591	482.0916
		lb :	88.624	361.9409	472.9084
		P^-1:
			0.1098	0.0018	-0.0058
			0.0018	0.1085	0.0081
			-0.0058	0.0081	0.0855
	==================================================================================
	Q4:
		Shape: Polyhedra
		q_c:	92.0	365.0	482.0
		ub :	97.3554	371.0319	484.3315
		lb :	86.6446	358.9681	479.6685
		A:
			0.1052	-0.3667	0.9244
			0.4375	-0.1127	-0.8921
			0.5054	0.3891	-0.7702
			0.3939	0.304	-0.8674
			-0.4714	-0.5016	0.7253
			-0.8239	-0.3752	0.4246
			0.8816	0.3699	0.2934
			-0.2414	-0.181	0.9534
			0.4057	-0.9113	-0.0703
			-0.8816	-0.3699	-0.2934
			0.2414	0.181	-0.9534
			-0.4057	0.9113	0.0703
		b:
			323.3579
			-428.9146
			-181.0505
			-269.6696
			125.0961
			-5.3942
			361.0016
			372.2921
			-324.1622
			-354.0016
			-370.2921
			334.1622
	==================================================================================
	Q5:
		Shape: Polyhedra
		q_c:	98.0	375.0	472.5
		ub :	104.0128	381.1711	479.4574
		lb :	91.9872	368.8289	465.5426
		A:
			0.697	0.533	0.4796
			0.7037	0.5682	0.4265
			-0.6648	-0.5752	-0.4767
			0.6863	0.5839	0.4335
			0.7373	0.6398	0.2167
			0.7095	0.4892	0.5072
			0.6431	0.5785	0.5018
			0.6798	-0.1294	-0.7219
			-0.3527	0.8054	-0.4764
			-0.6431	-0.5785	-0.5018
			-0.6798	0.1294	0.7219
			0.3527	-0.8054	0.4764
		b:
			495.4582
			484.2871
			-505.5484
			491.7378
			416.2819
			493.4872
			517.5676
			-318.0082
			48.8329
			-516.5676
			328.0082
			-35.8329
	==================================================================================
	Q6:
		Shape: Polyhedra
		q_c:	80.5	374.5	485.0
		ub :	88.8742	382.0888	492.6856
		lb :	72.1258	366.9112	477.3144
		A:
			0.1092	0.9787	0.1737
			-0.5217	0.6614	0.5389
			0.2966	-0.3147	0.9017
			0.8782	-0.1227	0.4624
			-0.4418	-0.7473	-0.4963
			-0.1194	0.4641	0.8777
			0.5391	0.5929	0.5982
			0.553	-0.7849	0.2796
			0.6353	0.1801	-0.751
			-0.5391	-0.5929	-0.5982
			-0.553	0.7849	-0.2796
			-0.6353	-0.1801	0.751
		b:
			464.2785
			472.1198
			348.3291
			253.8254
			-552.07
			594.3818
			559.5653
			-108.297
			-240.6683
			-551.5653
			119.297
			250.6683


===========================================================================================
===========================================================================================
S6:
	q_c:	88.5	178.0	374.5
	ub :	102.3354	188.5634	390.2203
	lb :	77.6439	167.9016	367.1802

	==================================================================================
	Q1:
		Shape: Hybrid
		q_c:	93.0	173.0	381.5
		ub :	99.1069	178.0984	387.6141
		lb :	86.8931	167.9016	375.3859
		P^-1:
			0.0886	0.0341	0.0449
			0.0341	0.1283	0.0027
			0.0449	0.0027	0.0942
		A:
			0.9315	0.2099	0.2969
			-0.3746	0.0194	-0.927
			0.014	0.9705	0.2406
			-0.1967	-0.9804	-0.0138
			-0.5937	0.6814	0.428
			0.1082	-0.9728	0.2047
		b:
			238.2161
			-383.3528
			262.8807
			-191.6429
			229.3349
			-78.3832
	==================================================================================
	Q2:
		Shape: Ellipse
		q_c:	97.5	179.5	385.5
		ub :	102.3354	184.9968	390.2203
		lb :	92.6646	174.0032	380.7797
		P^-1:
			0.101	0.0074	0.0327
			0.0074	0.2031	-0.1908
			0.0327	-0.1908	0.2915
	==================================================================================
	Q3:
		Shape: Polyhedra
		q_c:	82.5	179.5	375.0
		ub :	87.3561	184.1201	380.2056
		lb :	77.6439	174.8799	369.7944
		A:
			0.3033	-0.7249	0.6184
			0.3672	-0.8808	0.299
			0.7339	-0.6769	-0.0577
			0.838	-0.1552	0.5232
			0.6846	-0.7024	0.1948
			0.5643	-0.0869	0.821
			0.7419	0.2841	0.6073
			-0.1318	-0.8263	0.5475
			0.6574	-0.4863	-0.5756
			-0.7419	-0.2841	-0.6073
			0.1318	0.8263	-0.5475
			-0.6574	0.4863	0.5756
		b:
			129.4451
			-12.8827
			-79.2858
			240.4764
			6.5217
			341.7314
			342.9486
			48.6311
			-245.4143
			-336.9486
			-43.6311
			252.4143
	==================================================================================
	Q4:
		Shape: Hybrid
		q_c:	93.0	176.5	372.5
		ub :	98.4207	181.5179	377.8198
		lb :	87.5793	171.4821	367.1802
		P^-1:
			0.1173	-0.033	0.089
			-0.033	0.0654	-0.0432
			0.089	-0.0432	0.166
		A:
			0.3792	0.091	0.9208
			-0.2452	0.6093	-0.7541
			-0.7805	0.4135	-0.4689
			-0.3693	0.0968	-0.9243
			0.7447	-0.624	-0.2367
			-0.8614	-0.0582	-0.5045
		b:
			396.0072
			-194.458
			-172.7761
			-360.1668
			-125.9149
			-276.4963
	==================================================================================
	Q5:
		Shape: Ellipse
		q_c:	82.0	184.0	371.5
		ub :	85.2393	188.5634	375.6191
		lb :	78.7607	179.4366	367.3809
		P^-1:
			0.6776	0.0555	-0.4252
			0.0555	0.0948	-0.0564
			-0.4252	-0.0564	0.4204
	==================================================================================
	Q6:
		Shape: Polyhedra
		q_c:	84.0	181.0	378.0
		ub :	89.2869	186.5498	381.2886
		lb :	78.7131	175.4502	374.7114
		A:
			-0.2193	-0.3328	0.9172
			0.3996	-0.6219	0.6735
			-0.4798	0.855	0.197
			0.9938	-0.104	-0.0382
			-0.1129	0.0783	-0.9905
			0.9395	-0.1632	0.3011
			0.5659	0.7045	0.4283
			0.7802	-0.6255	-0.002
			0.2665	0.3353	-0.9037
			-0.5659	-0.7045	-0.4283
			-0.7802	0.6255	0.002
			-0.2665	-0.3353	0.9037
		b:
			269.5556
			177.9841
			192.2285
			53.527
			-367.3253
			166.6914
			341.4358
			-45.4186
			-257.0168
			-332.4358
			51.4186
			260.0168


===========================================================================================
===========================================================================================
S7:
	q_c:	388.5	496.0	267.5
	ub :	404.0615	514.2798	275.974
	lb :	370.964	485.0738	251.1911

	==================================================================================
	Q1:
		Shape: Hybrid
		q_c:	380.0	505.5	263.0
		ub :	389.036	514.2798	272.4057
		lb :	370.964	496.7202	253.5943
		P^-1:
			0.0291	-0.0053	-0.0018
			-0.0053	0.0404	-0.0103
			-0.0018	-0.0103	0.0366
		A:
			0.3095	-0.2418	0.9196
			-0.7175	0.4615	-0.5217
			0.0916	-0.8762	-0.4732
			-0.0155	-0.0216	-0.9996
			-0.3053	0.8394	-0.4497
			0.8022	0.5531	-0.2246
		b:
			240.2222
			-173.5797
			-529.0283
			-276.4558
			192.324
			529.0304
	==================================================================================
	Q2:
		Shape: Polyhedra
		q_c:	389.0	497.0	269.5
		ub :	396.5583	504.1895	275.974
		lb :	381.4417	489.8105	263.026
		A:
			0.713	-0.5482	0.4372
			0.233	0.8401	0.4899
			0.799	0.1159	0.59
			-0.3967	0.9133	0.0922
			0.0035	0.7348	-0.6782
			0.573	0.5792	-0.5799
			0.6066	0.7946	0.0267
			0.6677	-0.5273	0.5255
			0.4316	-0.3009	-0.8504
			-0.6066	-0.7946	-0.0267
			-0.6677	0.5273	-0.5255
			-0.4316	0.3009	0.8504
		b:
			126.6915
			644.8453
			531.64
			328.8568
			188.1028
			359.1172
			642.5566
			143.2503
			-205.8396
			-633.5566
			-135.2503
			215.8396
	==================================================================================
	Q3:
		Shape: Ellipse
		q_c:	398.0	504.5	261.0
		ub :	404.0615	510.3244	264.7442
		lb :	391.9385	498.6756	257.2558
		P^-1:
			0.0625	0.0184	0.018
			0.0184	0.0764	0.0157
			0.018	0.0157	0.1521
	==================================================================================
	Q4:
		Shape: Ellipse
		q_c:	382.5	497.5	264.5
		ub :	387.8208	502.5803	269.377
		lb :	377.1792	492.4197	259.623
		P^-1:
			0.1042	-0.0482	-0.0001
			-0.0482	0.1183	0.0001
			-0.0001	0.0001	0.0625
	==================================================================================
	Q5:
		Shape: Ellipse
		q_c:	389.0	499.5	268.0
		ub :	394.4647	504.163	273.208
		lb :	383.5353	494.837	262.792
		P^-1:
			0.1425	0.1092	0.0965
			0.1092	0.2694	0.1492
			0.0965	0.1492	0.1635
	==================================================================================
	Q6:
		Shape: Hybrid
		q_c:	386.0	491.5	258.0
		ub :	391.6737	497.9262	264.8089
		lb :	380.3263	485.0738	251.1911
		P^-1:
			0.1159	-0.0548	-0.0005
			-0.0548	0.0913	0.0072
			-0.0005	0.0072	0.0352
		A:
			0.2058	0.3754	0.9037
			-0.6439	0.7532	0.1346
			0.4201	-0.906	-0.0514
			0.6973	0.7037	0.1363
			0.7618	-0.631	0.1466
			0.0944	-0.9819	0.1645
		b:
			500.8664
			157.778
			-294.6666
			653.4813
			23.1845
			-401.0274


===========================================================================================
===========================================================================================
S8:
	q_c:	347.0	113.5	406.5
	ub :	357.599	124.9019	415.5776
	lb :	338.1634	105.4668	396.2381

	==================================================================================
	Q1:
		Shape: Ellipse
		q_c:	352.5	119.0	406.5
		ub :	357.599	123.4792	409.4109
		lb :	347.401	114.5208	403.5891
		P^-1:
			0.1497	-0.1496	0.032
			-0.1496	0.2794	-0.0898
			0.032	-0.0898	0.3148
	==================================================================================
	Q2:
		Shape: Hybrid
		q_c:	345.5	111.5	410.0
		ub :	350.1627	116.556	414.3814
		lb :	340.8373	106.444	405.6186
		P^-1:
			0.1051	0.0313	0.0169
			0.0313	0.1262	0.0135
			0.0169	0.0135	0.1215
		A:
			0.6037	0.7742	0.1903
			-0.0177	-0.6777	-0.7351
			0.1832	0.3249	0.9278
			0.7324	0.5342	0.4223
			0.4004	0.5359	0.7433
			-0.2788	-0.0758	-0.9573
		b:
			374.2363
			-381.5228
			481.4069
			487.042
			504.1622
			-495.7566
	==================================================================================
	Q3:
		Shape: Ellipse
		q_c:	349.0	116.5	406.0
		ub :	353.9195	120.7032	410.8544
		lb :	344.0805	112.2968	401.1456
		P^-1:
			0.1442	-0.071	-0.0054
			-0.071	0.193	0.0329
			-0.0054	0.0329	0.1055
	==================================================================================
	Q4:
		Shape: Polyhedra
		q_c:	352.5	117.0	401.0
		ub :	355.8188	120.5329	405.7619
		lb :	349.1812	113.4671	396.2381
		A:
			0.7923	-0.0121	0.6101
			0.7475	-0.0736	-0.6602
			0.9356	0.0987	-0.3389
			-0.9144	-0.1928	-0.3558
			0.9055	0.3475	0.2434
			0.384	-0.841	-0.3812
			0.4911	0.7422	0.4561
			-0.8173	0.5737	-0.0535
			-0.3014	-0.3464	0.8883
			-0.4911	-0.7422	-0.4561
			0.8173	-0.5737	0.0535
			0.3014	0.3464	-0.8883
		b:
			524.4815
			-6.226
			208.4724
			-486.0903
			459.1542
			-114.2204
			444.3251
			-240.944
			213.9591
			-441.3251
			243.944
			-204.9591
	==================================================================================
	Q5:
		Shape: Hybrid
		q_c:	341.5	109.5	410.0
		ub :	344.8366	113.5332	413.8076
		lb :	338.1634	105.4668	406.1924
		P^-1:
			0.1598	-0.0011	0.003
			-0.0011	0.154	0.016
			0.003	0.016	0.1173
		A:
			0.8181	-0.54	0.1977
			0.4031	0.5692	0.7166
			-0.7006	-0.2484	-0.6689
			0.2872	0.5497	0.7844
			-0.4444	-0.205	0.8721
			0.3952	-0.8679	-0.3011
		b:
			302.6243
			495.1436
			-539.3342
			481.2927
			185.0279
			-82.2722
	==================================================================================
	Q6:
		Shape: Polyhedra
		q_c:	350.5	120.5	411.0
		ub :	354.9163	124.9019	415.5776
		lb :	346.0837	116.0981	406.4224
		A:
			0.0468	-0.5467	0.836
			-0.4098	0.897	0.1654
			-0.605	0.42	0.6765
			-0.4376	0.8262	-0.3548
			-0.8426	0.4582	0.2829
			0.8312	0.5444	-0.1131
			0.6259	0.5052	0.5942
			0.2445	0.5964	-0.7646
			-0.7406	0.6238	0.2497
			-0.6259	-0.5052	-0.5942
			-0.2445	-0.5964	0.7646
			0.7406	-0.6238	-0.2497
		b:
			296.3583
			34.406
			118.4887
			-197.8556
			-122.2707
			313.9746
			528.9539
			-154.6818
			-80.2949
			-519.9539
			158.6818
			83.2949


===========================================================================================
===========================================================================================
S9:
	q_c:	485.0	46.5	483.5
	ub :	495.3311	54.9457	495.0439
	lb :	476.122	35.2695	471.1391

	==================================================================================
	Q1:
		Shape: Polyhedra
		q_c:	489.0	41.5	476.5
		ub :	495.3311	47.7305	481.8609
		lb :	482.6689	35.2695	471.1391
		A:
			0.2221	0.4062	0.8864
			0.5037	-0.5449	-0.6704
			0.2692	-0.8156	-0.5121
			0.6086	0.3755	-0.699
			-0.5342	0.7804	-0.325
			-0.8757	-0.4561	0.1586
			0.6068	0.7855	0.1216
			0.5876	-0.3403	-0.7341
			-0.5353	0.5169	-0.668
			-0.6068	-0.7855	-0.1216
			-0.5876	0.3403	0.7341
			0.5353	-0.5169	0.668
		b:
			551.4239
			-92.6717
			-142.8614
			-16.3949
			-379.8233
			-367.744
			391.2699
			-73.6131
			-554.6125
			-383.2699
			79.6131
			562.6125
	==================================================================================
	Q2:
		Shape: Hybrid
		q_c:	486.5	44.0	483.0
		ub :	491.3146	48.823	486.6543
		lb :	481.6854	39.177	479.3457
		P^-1:
			0.1021	0.0344	-0.0023
			0.0344	0.1396	0.0014
			-0.0023	0.0014	0.1599
		A:
			0.2357	-0.1932	0.9524
			-0.2966	0.4232	0.8561
			-0.3167	-0.88	0.3541
			0.1361	-0.7088	0.6921
			0.7716	0.6358	-0.0187
			-0.7447	-0.6593	-0.1034
		b:
			567.5697
			289.2921
			-20.479
			370.8656
			395.6972
			-439.9109
	==================================================================================
	Q3:
		Shape: Hybrid
		q_c:	487.0	49.0	476.0
		ub :	491.3215	53.5272	480.2511
		lb :	482.6785	44.4728	471.7489
		P^-1:
			0.1351	-0.0252	0.002
			-0.0252	0.134	0.0078
			0.002	0.0078	0.0836
		A:
			-0.5362	-0.8209	-0.1963
			0.4743	0.2426	-0.8463
			0.0806	-0.8506	-0.5195
			0.9524	-0.2896	-0.0956
			0.7368	0.5787	-0.3497
			0.955	0.2627	0.1379
		b:
			-393.0885
			-157.8216
			-248.1229
			405.4894
			222.6174
			545.2098
	==================================================================================
	Q4:
		Shape: Ellipse
		q_c:	487.0	44.5	480.0
		ub :	490.095	47.3496	482.608
		lb :	483.905	41.6504	477.392
		P^-1:
			0.2964	-0.0314	0.0767
			-0.0314	0.2713	-0.052
			0.0767	-0.052	0.3768
	==================================================================================
	Q5:
		Shape: Polyhedra
		q_c:	479.0	45.0	488.5
		ub :	481.5513	49.9136	492.2508
		lb :	476.4487	40.0864	484.7492
		A:
			-0.1774	-0.7176	-0.6735
			-0.5215	0.625	0.5809
			0.0582	-0.5777	-0.8142
			-0.4598	-0.1009	-0.8823
			-0.1084	-0.4977	-0.8605
			-0.5466	-0.6203	-0.5625
			0.1772	0.5482	0.8174
			-0.9667	0.2529	0.0399
			-0.1848	-0.7972	0.5747
			-0.1772	-0.5482	-0.8174
			0.9667	-0.2529	-0.0399
			0.1848	0.7972	-0.5747
		b:
			-444.7881
			63.3953
			-394.8273
			-653.7808
			-493.6277
			-562.8061
			509.8198
			-430.6571
			161.3361
			-507.8198
			433.6571
			-151.3361
	==================================================================================
	Q6:
		Shape: Hybrid
		q_c:	481.5	50.5	489.5
		ub :	486.878	54.9457	495.0439
		lb :	476.122	46.0543	483.9561
		P^-1:
			0.1408	-0.0804	0.031
			-0.0804	0.177	-0.0248
			0.031	-0.0248	0.0763
		A:
			0.3989	-0.7188	0.5694
			0.564	-0.3459	0.7498
			-0.92	-0.2821	0.2719
			-0.5316	0.6651	-0.5244
			0.079	0.1878	0.979
			-0.5967	-0.7511	0.2824
		b:
			435.9623
			622.9704
			-321.4304
			-477.821
			529.5298
			-184.3007


===========================================================================================
===========================================================================================
S10:
	q_c:	474.5	331.0	505.5
	ub :	498.5093	339.337	525.2012
	lb :	458.7623	308.0437	483.3006

	==================================================================================
	Q1:
		Shape: Ellipse
		q_c:	462.5	323.0	517.5
		ub :	466.2377	326.9631	521.3152
		lb :	458.7623	319.0369	513.6848
		P^-1:
			0.2303	0.028	-0.0395
			0.028	0.21	0.0563
			-0.0395	0.0563	0.1707
	==================================================================================
	Q2:
		Shape: Hybrid
		q_c:	485.0	327.0	502.5
		ub :	493.9801	334.4224	509.9108
		lb :	476.0199	319.5776	495.0892
		P^-1:
			0.0194	0.0084	-0.0095
			0.0084	0.0521	-0.0043
			-0.0095	-0.0043	0.0561
		A:
			0.1035	-0.9656	-0.2385
			-0.5723	0.3819	0.7257
			-0.0603	-0.3757	0.9248
			0.5058	-0.7611	0.4061
			0.6787	0.6778	-0.2827
			-0.0216	0.9753	-0.2196
		b:
			-382.6762
			215.3904
			314.9123
			204.9436
			411.9545
			200.6952
	==================================================================================
	Q3:
		Shape: Ellipse
		q_c:	484.5	334.0	515.0
		ub :	490.4192	339.337	520.9202
		lb :	478.5808	328.663	509.0798
		P^-1:
			0.0822	0.0155	0.0033
			0.0155	0.0844	0.0184
			0.0033	0.0184	0.0887
	==================================================================================
	Q4:
		Shape: Polyhedra
		q_c:	487.5	320.5	514.0
		ub :	494.7356	327.4518	519.643
		lb :	480.2644	313.5482	508.357
		A:
			-0.4008	-0.7465	-0.5312
			-0.6677	-0.5609	0.4895
			-0.0531	0.2015	0.978
			0.47	0.7491	-0.4669
			-0.154	0.9704	-0.1859
			0.722	0.3563	0.5931
			0.7386	0.664	0.1163
			0.6509	-0.7474	0.1331
			0.1753	-0.0226	-0.9843
			-0.7386	-0.664	-0.1163
			-0.6509	0.7474	-0.1331
			-0.1753	0.0226	0.9843
		b:
			-704.0248
			-250.0798
			545.8866
			233.1305
			146.1971
			774.7796
			635.662
			152.6803
			-423.2178
			-629.662
			-139.6803
			432.2178
	==================================================================================
	Q5:
		Shape: Hybrid
		q_c:	486.5	322.5	514.5
		ub :	498.5093	334.938	525.2012
		lb :	474.4907	310.062	503.7988
		P^-1:
			0.0192	0.0071	-0.0061
			0.0071	0.0209	-0.0031
			-0.0061	-0.0031	0.0256
		A:
			-0.8841	-0.3847	-0.2653
			-0.2927	0.4774	-0.8285
			0.7906	0.2412	0.5629
			-0.5909	0.7799	0.2065
			-0.1673	0.0457	0.9849
			-0.7053	-0.1585	-0.6909
		b:
			-686.1026
			-409.8701
			757.0371
			76.0326
			443.5987
			-744.6514
	==================================================================================
	Q6:
		Shape: Polyhedra
		q_c:	479.0	319.5	494.5
		ub :	489.1653	330.9563	505.6994
		lb :	468.8347	308.0437	483.3006
		A:
			-0.3214	0.8895	-0.3249
			0.4369	-0.5689	0.6968
			-0.3979	0.5195	-0.7561
			-0.8086	0.5683	0.1523
			0.3138	0.1618	0.9356
			-0.789	0.1213	-0.6022
			0.1529	0.5734	0.8049
			-0.7492	0.5984	-0.2839
			-0.6444	-0.5596	0.5211
			-0.1529	-0.5734	-0.8049
			0.7492	-0.5984	0.2839
			0.6444	0.5596	-0.5211
		b:
			-24.6139
			377.7003
			-392.6666
			-125.1658
			670.9869
			-631.758
			660.9639
			-303.6044
			-220.7829
			-647.9639
			312.6044
			238.7829


===========================================================================================
===========================================================================================
S11:
	q_c:	294.5	161.0	271.5
	ub :	313.3996	176.0332	286.1372
	lb :	274.531	141.2216	251.3012

	==================================================================================
	Q1:
		Shape: Ellipse
		q_c:	291.0	166.5	278.0
		ub :	300.1449	175.8177	286.1308
		lb :	281.8551	157.1823	269.8692
		P^-1:
			0.0354	0.0142	0.0105
			0.0142	0.0357	0.024
			0.0105	0.024	0.0614
	==================================================================================
	Q2:
		Shape: Polyhedra
		q_c:	297.5	151.0	264.0
		ub :	307.4663	160.7784	274.1828
		lb :	287.5337	141.2216	253.8172
		A:
			-0.4869	0.4937	0.7205
			-0.1499	0.5009	0.8524
			0.1953	-0.8397	-0.5068
			0.524	0.193	-0.8296
			-0.7263	0.6708	0.1501
			-0.7405	-0.3153	-0.5936
			0.5823	0.5846	0.565
			-0.7155	0.0386	0.6976
			0.386	-0.8104	0.4407
			-0.5823	-0.5846	-0.565
			0.7155	-0.0386	-0.6976
			-0.386	0.8104	-0.4407
		b:
			125.2999
			261.6104
			-196.2532
			-28.6676
			-68.5776
			-418.4624
			416.6603
			-17.8748
			116.3029
			-404.6603
			27.8748
			-101.3029
	==================================================================================
	Q3:
		Shape: Hybrid
		q_c:	284.5	157.5	262.5
		ub :	294.469	167.7972	273.6988
		lb :	274.531	147.2028	251.3012
		P^-1:
			0.0288	-0.0071	-0.0068
			-0.0071	0.0237	0.0067
			-0.0068	0.0067	0.0257
		A:
			-0.7672	0.5557	-0.3204
			0.8365	0.5368	-0.1101
			-0.0668	0.9935	-0.0918
			-0.9944	0.0494	-0.0934
			0.2038	0.9776	0.0516
			0.3682	0.432	-0.8233
		b:
			-210.9025
			298.1729
			117.832
			-295.843
			230.0999
			-38.8229
	==================================================================================
	Q4:
		Shape: Polyhedra
		q_c:	302.5	168.5	264.5
		ub :	313.3996	176.0332	275.1378
		lb :	291.6004	160.9668	253.8622
		A:
			0.9215	-0.3557	0.1558
			0.8707	-0.4741	0.1308
			0.6072	-0.5769	0.5463
			0.5374	0.1554	0.8289
			-0.5461	0.7785	0.3094
			0.3154	-0.9135	0.2569
			0.7384	0.1712	0.6523
			-0.6237	-0.1945	0.7571
			0.2565	-0.9658	-0.0369
			-0.7384	-0.1712	-0.6523
			0.6237	0.1945	-0.7571
			-0.2565	0.9658	0.0369
		b:
			265.9383
			223.8374
			236.0995
			413.4156
			53.8862
			14.6137
			429.7375
			-11.7133
			-89.904
			-419.7375
			30.7133
			99.904
	==================================================================================
	Q5:
		Shape: Hybrid
		q_c:	286.0	156.5	279.0
		ub :	295.5126	166.3546	286.0159
		lb :	276.4874	146.6454	271.9841
		P^-1:
			0.0261	0.0094	-0.002
			0.0094	0.0354	-0.0214
			-0.002	-0.0214	0.071
		A:
			0.5809	0.7349	-0.3498
			0.1158	0.4817	-0.8686
			0.5172	0.7124	-0.4744
			0.5448	0.8376	-0.0388
			0.3678	-0.2155	-0.9046
			0.0814	-0.1744	0.9813
		b:
			186.4558
			-132.0844
			129.656
			279.566
			-177.1979
			271.7938
	==================================================================================
	Q6:
		Shape: Ellipse
		q_c:	302.0	155.5	278.5
		ub :	306.6142	161.8916	286.1372
		lb :	297.3858	149.1084	270.8628
		P^-1:
			0.1418	0.031	0.0233
			0.031	0.072	0.0189
			0.0233	0.0189	0.0323


===========================================================================================
===========================================================================================
S12:
	q_c:	173.5	236.5	118.5
	ub :	197.7308	264.8619	146.2062
	lb :	144.9846	215.979	105.7987

	==================================================================================
	Q1:
		Shape: Ellipse
		q_c:	156.5	230.0	129.5
		ub :	168.0154	240.8942	141.9599
		lb :	144.9846	219.1058	117.0401
		P^-1:
			0.0156	0.0001	-0.0
			0.0001	0.0112	0.0006
			-0.0	0.0006	0.0155
	==================================================================================
	Q2:
		Shape: Polyhedra
		q_c:	169.0	228.5	128.0
		ub :	177.9008	241.021	138.6355
		lb :	160.0992	215.979	117.3645
		A:
			0.3329	0.659	-0.6744
			0.7496	-0.3759	0.5448
			-0.9476	0.3067	0.0888
			0.28	0.3376	0.8987
			0.2329	-0.6092	0.7581
			-0.2509	-0.4415	0.8615
			0.9478	0.305	0.093
			0.1058	-0.576	0.8106
			0.3009	-0.7584	-0.5782
			-0.9478	-0.305	-0.093
			-0.1058	0.576	-0.8106
			-0.3009	0.7584	0.5782
		b:
			125.624
			116.0556
			-71.2174
			247.6769
			2.2769
			-27.5205
			247.2867
			-4.9715
			-185.9613
			-236.2867
			14.9715
			206.9613
	==================================================================================
	Q3:
		Shape: Polyhedra
		q_c:	170.5	252.0	129.0
		ub :	179.4029	264.8619	141.3469
		lb :	161.5971	239.1381	116.6531
		A:
			-0.6836	0.201	-0.7017
			-0.9223	-0.0385	0.3846
			0.5973	-0.2076	0.7747
			-0.8949	-0.3684	0.2521
			-0.6782	0.1737	0.714
			-0.6271	-0.7177	-0.3027
			0.0609	0.7605	0.6465
			0.4627	0.5524	-0.6934
			-0.8844	0.3414	-0.3182
			-0.0609	-0.7605	-0.6465
			-0.4627	-0.5524	0.6934
			0.8844	-0.3414	0.3182
		b:
			-149.4747
			-111.2029
			156.4599
			-206.8501
			27.5755
			-318.1959
			295.4294
			134.1383
			-99.3182
			-275.4294
			-123.1383
			112.3182
	==================================================================================
	Q4:
		Shape: Polyhedra
		q_c:	185.0	242.0	130.0
		ub :	194.105	251.5343	136.9588
		lb :	175.895	232.4657	123.0412
		A:
			0.544	0.6964	-0.4681
			0.7772	-0.0772	0.6245
			-0.6332	0.2317	0.7385
			-0.0939	-0.7889	0.6073
			0.2629	0.5281	0.8074
			-0.2098	0.2388	0.9481
			0.0729	0.2487	0.9658
			-0.1915	0.9539	-0.2312
			-0.9788	-0.1681	0.1171
			-0.0729	-0.2487	-0.9658
			0.1915	-0.9539	0.2312
			0.9788	0.1681	-0.1171
		b:
			215.6859
			212.7197
			41.0488
			-122.1995
			286.4164
			147.0469
			203.7302
			172.8482
			-199.0341
			-194.7302
			-157.8482
			214.0341
	==================================================================================
	Q5:
		Shape: Ellipse
		q_c:	186.0	240.5	135.0
		ub :	197.7308	248.3175	146.2062
		lb :	174.2692	232.6825	123.7938
		P^-1:
			0.0708	-0.1013	0.0069
			-0.1013	0.1927	0.0014
			0.0069	0.0014	0.0193
	==================================================================================
	Q6:
		Shape: Polyhedra
		q_c:	180.0	251.0	112.5
		ub :	185.7862	258.1693	119.2013
		lb :	174.2138	243.8307	105.7987
		A:
			-0.3176	-0.6953	-0.6448
			-0.3661	-0.1633	-0.9161
			0.7996	0.0092	0.6005
			0.0428	-0.3513	-0.9353
			-0.3439	-0.7599	-0.5515
			0.275	0.5408	0.7949
			0.223	0.5535	0.8024
			-0.0558	0.8291	-0.5564
			-0.9732	0.0793	0.2158
			-0.223	-0.5535	-0.8024
			0.0558	-0.8291	0.5564
			0.9732	-0.0793	-0.2158
		b:
			-301.3986
			-206.4534
			218.1661
			-182.6231
			-311.5357
			277.1801
			271.8449
			141.9643
			-125.9961
			-266.8449
			-128.9643
			135.9961


===========================================================================================
===========================================================================================
