3D_45_11_6_e                l = 3

===========================================================================================
===========================================================================================
S1:
	q_c:	264.0	519.5	452.5
	ub :	266.5371	523.2492	455.5858
	lb :	261.42	517.418	450.0749

	==================================================================================
	Q1:
		Shape: Hybrid
		q_c:	263.0	520.0	451.5
		ub :	264.58	521.6773	452.9251
		lb :	261.42	518.3227	450.0749
		P^-1:
			0.9901	0.0734	0.0016
			0.0734	0.4546	-0.0119
			0.0016	-0.0119	0.9997
		A:
			0.8129	0.4355	-0.3867
			0.7306	-0.3993	0.5538
			-0.9557	0.2908	0.0451
			-0.0709	0.2964	0.9524
			-0.4899	0.4035	-0.7728
			0.848	-0.0502	-0.5276
		b:
			266.2136
			235.1901
			-79.1716
			566.0621
			-267.2934
			-40.7246
	==================================================================================
	Q2:
		Shape: Ellipse
		q_c:	264.5	519.0	453.0
		ub :	265.5875	520.582	454.2138
		lb :	263.4125	517.418	451.7862
		P^-1:
			3.7321	0.8657	-0.3626
			0.8657	1.2032	1.1716
			-0.3626	1.1716	3.5092
	==================================================================================
	Q3:
		Shape: Polyhedra
		q_c:	264.5	521.5	452.0
		ub :	265.9275	523.2492	453.7623
		lb :	263.0725	519.7508	450.2377
		A:
			-0.6986	-0.2977	-0.6507
			-0.6592	-0.6685	-0.3444
			-0.7718	0.6009	-0.2081
			-0.5207	-0.8418	0.1419
			-0.6667	-0.7332	0.1343
			0.7242	0.5203	0.4525
			0.8245	0.5649	0.0328
			0.358	-0.5658	0.7428
			0.4381	-0.6007	-0.6688
			-0.8245	-0.5649	-0.0328
			-0.358	0.5658	-0.7428
			-0.4381	0.6007	0.6688
		b:
			-633.284
			-677.9395
			16.309
			-511.9607
			-497.4172
			668.1473
			528.0038
			136.3606
			-498.1436
			-527.0038
			-134.3606
			501.1436
	==================================================================================
	Q4:
		Shape: Hybrid
		q_c:	264.5	519.5	452.5
		ub :	265.837	520.9728	453.7592
		lb :	263.163	518.0272	451.2408
		P^-1:
			1.8196	0.7095	1.1329
			0.7095	1.6143	0.9809
			1.1329	0.9809	2.5662
		A:
			0.4833	0.5776	0.6578
			0.811	0.4147	0.4127
			0.3485	-0.0579	0.9355
			0.218	0.129	0.9674
			0.1345	0.9119	0.3878
			-0.768	-0.0169	0.6403
		b:
			725.8508
			617.0461
			485.8879
			562.8309
			685.2886
			78.545
	==================================================================================
	Q5:
		Shape: Hybrid
		q_c:	263.5	520.0	454.0
		ub :	265.0276	520.786	455.5858
		lb :	261.9724	519.214	452.4142
		P^-1:
			2.416	-0.1269	-1.7626
			-0.1269	3.9898	-0.1412
			-1.7626	-0.1412	2.0386
		A:
			0.5202	0.0939	-0.8489
			0.4895	0.8228	-0.2886
			-0.6843	0.0885	0.7239
			-0.3012	0.9501	0.081
			-0.9045	0.1492	0.3995
			-0.3798	0.856	-0.3508
		b:
			-199.0918
			426.1165
			194.5947
			451.7086
			21.0069
			186.3204
	==================================================================================
	Q6:
		Shape: Polyhedra
		q_c:	264.5	520.0	454.0
		ub :	266.5371	522.0866	455.3628
		lb :	262.4629	517.9134	452.6372
		A:
			-0.3562	-0.538	0.764
			0.9425	0.2779	-0.1856
			0.3152	0.1593	0.9356
			0.2304	-0.3092	-0.9227
			-0.3236	-0.7931	-0.5161
			0.1281	0.9917	0.0081
			0.3391	0.4576	0.8219
			0.388	0.7279	-0.5653
			-0.857	0.5106	0.0692
			-0.3391	-0.4576	-0.8219
			-0.388	-0.7279	0.5653
			0.857	-0.5106	-0.0692
		b:
			-25.6958
			311.008
			591.6014
			-517.7646
			-731.4809
			554.6045
			701.3192
			225.9737
			71.7866
			-700.3192
			-222.9737
			-68.7866


===========================================================================================
===========================================================================================
S2:
	q_c:	244.0	157.5	264.5
	ub :	264.2748	168.5556	278.2779
	lb :	223.2064	137.7651	250.5707

	==================================================================================
	Q1:
		Shape: Hybrid
		q_c:	251.0	154.5	259.0
		ub :	260.1182	162.6718	266.6022
		lb :	241.8818	146.3282	251.3978
		P^-1:
			0.0275	0.0062	-0.0032
			0.0062	0.0369	0.0016
			-0.0032	0.0016	0.0392
		A:
			0.9016	-0.4307	-0.0399
			-0.0902	-0.332	0.9389
			0.1864	-0.1656	-0.9684
			0.0786	-0.6963	-0.7134
			-0.1691	0.8486	0.5013
			0.1064	-0.4496	-0.8869
		b:
			153.3398
			171.8726
			-227.1265
			-270.0526
			221.2737
			-269.9452
	==================================================================================
	Q2:
		Shape: Hybrid
		q_c:	231.0	162.5	268.5
		ub :	238.7936	168.5556	273.427
		lb :	223.2064	156.4444	263.573
		P^-1:
			0.0298	0.027	0.0057
			0.027	0.0982	0.0114
			0.0057	0.0114	0.066
		A:
			-0.0826	-0.9961	0.0295
			-0.3353	-0.8939	0.2976
			0.0169	-0.8963	0.4432
			0.2762	0.3766	0.8842
			-0.1288	-0.9761	0.175
			-0.3024	0.618	-0.7257
		b:
			-171.0735
			-140.9724
			-20.3162
			364.5524
			-139.4475
			-161.0303
	==================================================================================
	Q3:
		Shape: Ellipse
		q_c:	247.5	162.0	271.5
		ub :	253.3116	167.8641	278.2779
		lb :	241.6884	156.1359	264.7221
		P^-1:
			0.2157	-0.1596	-0.0065
			-0.1596	0.2812	0.1236
			-0.0065	0.1236	0.128
	==================================================================================
	Q4:
		Shape: Polyhedra
		q_c:	255.5	145.5	264.0
		ub :	264.2748	153.2349	273.0455
		lb :	246.7252	137.7651	254.9545
		A:
			-0.7594	-0.3692	0.5357
			0.695	-0.6481	0.3114
			-0.0837	-0.2004	-0.9761
			0.6213	0.6495	0.4384
			0.8299	-0.0241	0.5573
			0.4376	-0.1532	0.886
			0.7408	0.0029	0.6717
			-0.6597	0.1918	0.7267
			-0.1267	-0.9814	0.144
			-0.7408	-0.0029	-0.6717
			0.6597	-0.1918	-0.7267
			0.1267	0.9814	-0.144
		b:
			-99.5516
			171.118
			-302.3921
			374.4117
			360.2477
			328.3509
			371.5326
			58.2098
			-130.6537
			-362.5326
			-44.2098
			143.6537
	==================================================================================
	Q5:
		Shape: Ellipse
		q_c:	245.5	155.5	259.0
		ub :	253.0248	164.3754	267.4293
		lb :	237.9752	146.6246	250.5707
		P^-1:
			0.0337	0.008	0.0054
			0.008	0.0401	0.0048
			0.0054	0.0048	0.0364
	==================================================================================
	Q6:
		Shape: Polyhedra
		q_c:	239.0	160.0	264.0
		ub :	249.4149	168.5017	274.6101
		lb :	228.5851	151.4983	253.3899
		A:
			0.1915	0.9479	-0.2547
			0.5071	-0.766	0.3951
			0.1755	0.5464	-0.819
			-0.4688	-0.4457	-0.7626
			0.0035	-0.58	-0.8146
			0.2255	0.8157	0.5328
			0.3271	0.8409	0.4311
			0.8862	-0.1146	-0.449
			-0.3282	0.5289	-0.7827
			-0.3271	-0.8409	-0.4311
			-0.8862	0.1146	0.449
			0.3282	-0.5289	0.7827
		b:
			135.9119
			109.4497
			-80.1522
			-379.2483
			-301.2876
			330.104
			331.5326
			82.4359
			-193.9447
			-321.5326
			-67.4359
			206.9447


===========================================================================================
===========================================================================================
S3:
	q_c:	131.0	298.0	91.0
	ub :	140.0382	309.5029	100.7914
	lb :	122.5218	290.6557	83.0794

	==================================================================================
	Q1:
		Shape: Ellipse
		q_c:	132.0	304.5	95.5
		ub :	136.3974	309.5029	99.2254
		lb :	127.6026	299.4971	91.7746
		P^-1:
			0.109	0.0059	-0.0115
			0.0059	0.095	0.0249
			-0.0115	0.0249	0.1487
	==================================================================================
	Q2:
		Shape: Hybrid
		q_c:	135.5	298.0	88.0
		ub :	138.3925	301.0528	90.9134
		lb :	132.6075	294.9472	85.0866
		P^-1:
			0.3448	0.0951	0.0202
			0.0951	0.3453	0.0203
			0.0202	0.0203	0.2543
		A:
			-0.903	-0.2683	-0.3357
			-0.2667	0.8739	-0.4065
			0.7788	0.5061	-0.3705
			0.0237	0.9924	-0.1208
			-0.561	-0.4766	0.6769
			0.981	-0.0349	-0.1906
		b:
			-230.9485
			189.6912
			224.6553
			289.3398
			-157.4086
			106.8148
	==================================================================================
	Q3:
		Shape: Ellipse
		q_c:	131.5	304.0	95.0
		ub :	135.8657	308.0239	98.2177
		lb :	127.1343	299.9761	91.7823
		P^-1:
			0.1458	0.0133	-0.0455
			0.0133	0.1489	0.0252
			-0.0455	0.0252	0.2264
	==================================================================================
	Q4:
		Shape: Hybrid
		q_c:	127.5	298.0	86.5
		ub :	131.3567	302.007	89.9206
		lb :	123.6433	293.993	83.0794
		P^-1:
			0.0879	-0.0079	0.0309
			-0.0079	0.0915	-0.0387
			0.0309	-0.0387	0.2339
		A:
			-0.5555	0.5273	0.643
			-0.1506	0.3949	-0.9063
			0.3652	0.3821	0.8489
			-0.5924	0.6677	-0.4509
			-0.9421	-0.3177	-0.1075
			-0.6164	0.4816	-0.623
		b:
			144.2457
			21.1322
			235.5374
			86.2992
			-221.6437
			12.6085
	==================================================================================
	Q5:
		Shape: Hybrid
		q_c:	137.0	294.0	95.5
		ub :	140.0382	297.3443	98.8127
		lb :	133.9618	290.6557	92.1873
		P^-1:
			0.7189	0.1653	0.3725
			0.1653	0.2082	0.1168
			0.3725	0.1168	0.344
		A:
			0.5526	0.7582	-0.346
			0.1594	-0.9472	-0.2782
			0.8029	0.0767	0.5912
			0.4038	0.2943	0.8662
			0.6933	0.2861	0.6615
			-0.365	-0.4899	-0.7917
		b:
			267.6607
			-281.2666
			189.6139
			225.8286
			242.8908
			-268.3882
	==================================================================================
	Q6:
		Shape: Polyhedra
		q_c:	127.5	301.5	96.0
		ub :	132.4782	306.1202	100.7914
		lb :	122.5218	296.8798	91.2086
		A:
			-0.4272	-0.686	0.5891
			0.8007	-0.5134	-0.3087
			0.1127	-0.5817	0.8056
			0.1779	0.9482	-0.2633
			-0.3326	0.8447	0.4194
			0.315	0.0061	0.9491
			0.7257	0.65	0.2255
			0.659	-0.7509	0.0436
			0.1977	0.117	-0.9733
			-0.7257	-0.65	-0.2255
			-0.659	0.7509	-0.0436
			-0.1977	-0.117	0.9733
		b:
			-201.0055
			-79.5044
			-80.0751
			286.5388
			255.4548
			136.9308
			313.6572
			-135.6704
			-28.954
			-306.6572
			140.6704
			36.954


===========================================================================================
===========================================================================================
S4:
	q_c:	304.0	139.5	510.5
	ub :	319.3217	147.1706	529.7554
	lb :	291.8375	119.5418	491.8444

	==================================================================================
	Q1:
		Shape: Polyhedra
		q_c:	299.5	142.0	514.0
		ub :	304.5294	147.1706	516.7792
		lb :	294.4706	136.8294	511.2208
		A:
			0.1233	0.2538	-0.9594
			0.7451	-0.6004	-0.2906
			-0.1762	0.462	-0.8692
			0.903	0.1972	-0.3817
			-0.511	0.1802	-0.8405
			-0.7888	-0.3841	-0.4798
			0.6825	0.6907	0.2389
			0.7283	-0.67	-0.1435
			0.0609	0.272	-0.9604
			-0.6825	-0.6907	-0.2389
			-0.7283	0.67	0.1435
			-0.0609	-0.272	0.9604
		b:
			-418.6508
			-8.0185
			-432.1394
			105.4484
			-557.1242
			-534.058
			428.8071
			52.7147
			-435.2517
			-421.8071
			-45.7147
			438.2517
	==================================================================================
	Q2:
		Shape: Polyhedra
		q_c:	311.5	133.5	514.5
		ub :	318.9008	139.0885	522.1651
		lb :	304.0992	127.9115	506.8349
		A:
			0.1472	0.7096	0.689
			-0.4475	0.8147	-0.3688
			0.8487	0.4127	-0.3308
			-0.3214	-0.7238	0.6106
			0.907	0.3483	-0.2369
			0.4309	-0.8152	-0.3869
			0.6308	0.0721	0.7726
			-0.7354	0.373	0.5657
			-0.2474	-0.925	0.2883
			-0.6308	-0.0721	-0.7726
			0.7354	-0.373	-0.5657
			0.2474	0.925	-0.2883
		b:
			499.8478
			-215.9354
			153.4493
			121.467
			211.4109
			-169.6653
			609.111
			115.7624
			-48.2267
			-598.111
			-107.7624
			56.2267
	==================================================================================
	Q3:
		Shape: Ellipse
		q_c:	299.5	125.5	499.0
		ub :	306.2376	131.4582	506.1556
		lb :	292.7624	119.5418	491.8444
		P^-1:
			0.0578	0.0001	-0.0063
			0.0001	0.0494	-0.0001
			-0.0063	-0.0001	0.0541
	==================================================================================
	Q4:
		Shape: Polyhedra
		q_c:	299.5	129.0	521.5
		ub :	307.1625	137.5852	529.7554
		lb :	291.8375	120.4148	513.2446
		A:
			-0.2348	0.9551	-0.1807
			-0.0716	-0.6669	-0.7417
			-0.0795	0.9199	0.3839
			-0.6661	0.4262	-0.6121
			0.6615	-0.4451	-0.6036
			0.7589	-0.5388	0.3656
			0.6243	0.5378	0.5666
			-0.7384	0.643	0.2032
			-0.2551	-0.5453	0.7985
			-0.6243	-0.5378	-0.5666
			0.7384	-0.643	-0.2032
			0.2551	0.5453	-0.7985
		b:
			-36.2546
			-489.7083
			299.6458
			-458.7486
			-169.3079
			353.2126
			556.3473
			-27.7257
			275.6843
			-547.3473
			36.7257
			-263.6843
	==================================================================================
	Q5:
		Shape: Ellipse
		q_c:	313.5	138.5	508.5
		ub :	319.3217	143.9687	514.4724
		lb :	307.6783	133.0313	502.5276
		P^-1:
			0.0927	-0.0218	-0.018
			-0.0218	0.0853	-0.0213
			-0.018	-0.0213	0.0936
	==================================================================================
	Q6:
		Shape: Ellipse
		q_c:	306.0	132.5	507.0
		ub :	310.2765	137.5515	511.1659
		lb :	301.7235	127.4485	502.8341
		P^-1:
			0.1479	0.0245	-0.0162
			0.0245	0.0706	0.0027
			-0.0162	0.0027	0.115


===========================================================================================
===========================================================================================
S5:
	q_c:	529.0	173.0	21.0
	ub :	549.41	193.8416	41.2942
	lb :	510.578	166.9174	-3.9645

	==================================================================================
	Q1:
		Shape: Ellipse
		q_c:	521.0	178.5	31.5
		ub :	531.422	185.7431	41.2942
		lb :	510.578	171.2569	21.7058
		P^-1:
			0.0275	-0.0138	0.0223
			-0.0138	0.0455	-0.0212
			0.0223	-0.0212	0.0503
	==================================================================================
	Q2:
		Shape: Polyhedra
		q_c:	534.0	179.0	25.0
		ub :	540.8669	186.3522	31.2437
		lb :	527.1331	171.6478	18.7563
		A:
			-0.5401	-0.8403	0.0467
			0.9827	0.0677	0.1722
			-0.1659	0.9783	-0.1242
			0.9	0.2813	-0.3329
			-0.938	0.2516	0.2385
			-0.5239	0.1062	-0.8452
			0.7735	0.6311	0.0578
			0.5604	-0.7237	0.4027
			0.296	-0.2791	-0.9135
			-0.7735	-0.6311	-0.0578
			-0.5604	0.7237	-0.4027
			-0.296	0.2791	0.9135
		b:
			-434.2087
			545.424
			88.7904
			526.0332
			-445.2679
			-276.8674
			530.4784
			185.7743
			89.2625
			-524.4784
			-173.7743
			-81.2625
	==================================================================================
	Q3:
		Shape: Hybrid
		q_c:	537.0	183.5	7.0
		ub :	545.9317	192.0308	15.2691
		lb :	528.0683	174.9692	-1.2691
		P^-1:
			0.0383	-0.0037	0.0175
			-0.0037	0.0524	-0.0244
			0.0175	-0.0244	0.0514
		A:
			-0.4559	-0.8888	0.0478
			-0.0378	0.8918	0.4508
			0.6542	-0.5828	0.4821
			0.0335	-0.7711	0.6358
			0.446	-0.1064	0.8887
			0.2698	-0.31	0.9117
		b:
			-404.5309
			150.8222
			250.0409
			-117.0818
			228.7295
			96.698
	==================================================================================
	Q4:
		Shape: Ellipse
		q_c:	540.5	182.5	32.0
		ub :	549.41	191.8767	39.1274
		lb :	531.59	173.1233	24.8726
		P^-1:
			0.0347	-0.0023	0.011
			-0.0023	0.0363	-0.0152
			0.011	-0.0152	0.0483
	==================================================================================
	Q5:
		Shape: Polyhedra
		q_c:	522.0	183.5	6.0
		ub :	529.857	193.8416	15.9645
		lb :	514.143	173.1584	-3.9645
		A:
			0.2429	0.5105	-0.8248
			-0.4745	0.8621	-0.1779
			-0.1098	-0.6957	-0.7099
			-0.6434	-0.4192	0.6406
			0.6497	0.7581	-0.057
			-0.5589	-0.0507	0.8277
			0.1676	0.6262	0.7615
			0.1168	0.7543	-0.646
			-0.9789	0.1973	0.0533
			-0.1676	-0.6262	-0.7615
			-0.1168	-0.7543	0.646
			0.9789	-0.1973	-0.0533
		b:
			221.2659
			-84.588
			-181.2482
			-403.2216
			484.3406
			-289.681
			214.9689
			201.0333
			-468.4711
			-198.9689
			-190.0333
			480.4711
	==================================================================================
	Q6:
		Shape: Polyhedra
		q_c:	524.5	178.5	21.5
		ub :	536.6627	190.0826	30.222
		lb :	512.3373	166.9174	12.778
		A:
			0.4233	0.2157	-0.8799
			0.8712	-0.1056	-0.4794
			0.6845	0.2083	-0.6986
			-0.8662	0.2765	0.4163
			-0.0005	0.2973	-0.9548
			0.976	-0.1777	-0.1261
			0.7259	0.6384	0.2559
			0.4043	-0.095	-0.9097
			-0.5564	0.7638	-0.3271
			-0.7259	-0.6384	-0.2559
			-0.4043	0.095	0.9097
			0.5564	-0.7638	0.3271
		b:
			246.5687
			433.8405
			386.7538
			-389.8699
			37.823
			484.6232
			508.6911
			180.0319
			-155.0491
			-491.6911
			-171.0319
			170.0491


===========================================================================================
===========================================================================================
S6:
	q_c:	436.5	441.5	386.0
	ub :	439.9762	443.849	388.9837
	lb :	434.3591	439.1222	384.812

	==================================================================================
	Q1:
		Shape: Polyhedra
		q_c:	435.5	441.0	387.5
		ub :	436.6409	442.0702	388.5921
		lb :	434.3591	439.9298	386.4079
		A:
			-0.0124	0.361	-0.9325
			0.7204	-0.6743	-0.162
			-0.3607	0.5477	0.7549
			0.6678	-0.7295	0.1479
			-0.5232	-0.7674	0.3705
			0.1301	-0.1311	0.9828
			0.5773	0.6582	0.4833
			-0.4383	0.7491	-0.4967
			-0.689	0.075	0.7209
			-0.5773	-0.6582	-0.4833
			0.4383	-0.7491	0.4967
			0.689	-0.075	-0.7209
		b:
			-207.0395
			-45.9283
			377.682
			26.9355
			-421.9782
			380.3226
			729.9289
			-52.4835
			12.8647
			-727.9289
			53.4835
			-11.8647
	==================================================================================
	Q2:
		Shape: Ellipse
		q_c:	436.0	443.0	386.5
		ub :	436.7328	443.849	387.3328
		lb :	435.2672	442.151	385.6672
		P^-1:
			4.0	0.0	0.0
			0.0	4.0	0.0
			0.0	0.0	4.0
	==================================================================================
	Q3:
		Shape: Polyhedra
		q_c:	437.5	442.5	387.5
		ub :	438.8184	443.7307	388.414
		lb :	436.1816	441.2693	386.586
		A:
			0.9132	0.3533	0.2033
			0.5106	0.6393	-0.575
			-0.2738	-0.4973	0.8232
			-0.9984	0.0566	-0.0061
			-0.9071	-0.3503	-0.2334
			0.4728	-0.0502	0.8797
			0.2306	0.973	0.0077
			0.8632	-0.2009	-0.4632
			-0.4492	0.1135	-0.8862
			-0.2306	-0.973	-0.0077
			-0.8632	0.2009	0.4632
			0.4492	-0.1135	0.8862
		b:
			635.4848
			284.4098
			-20.0436
			-413.1819
			-641.4393
			526.0465
			535.4271
			110.2331
			-489.2189
			-533.4271
			-108.2331
			490.2189
	==================================================================================
	Q4:
		Shape: Hybrid
		q_c:	438.5	442.5	387.5
		ub :	439.9762	443.5771	388.9837
		lb :	437.0238	441.4229	386.0163
		P^-1:
			1.0781	0.4271	-0.2136
			0.4271	3.3375	-1.1688
			-0.2136	-1.1688	1.5845
		A:
			-0.3676	0.9012	0.2298
			0.3697	0.1457	-0.9177
			-0.2591	-0.8829	0.3916
			0.4265	0.8693	-0.2498
			0.3213	0.8408	-0.4357
			-0.5324	0.7471	-0.398
		b:
			327.2161
			-128.4285
			-352.3342
			475.1811
			344.3582
			-56.5563
	==================================================================================
	Q5:
		Shape: Hybrid
		q_c:	437.5	441.0	387.5
		ub :	439.3403	442.6941	388.1668
		lb :	435.6597	439.3059	386.8332
		P^-1:
			0.6649	0.2595	-0.3156
			0.2595	0.8098	0.0572
			-0.3156	0.0572	3.9698
		A:
			0.0901	0.1878	0.9781
			-0.6209	-0.3193	-0.7159
			-0.3665	-0.1326	-0.9209
			0.984	0.178	-0.0051
			-0.3401	-0.3041	0.8899
			-0.0596	-0.0056	-0.9982
		b:
			501.5522
			-689.1878
			-575.1937
			508.0649
			62.3031
			-415.0484
	==================================================================================
	Q6:
		Shape: Hybrid
		q_c:	437.0	441.0	386.5
		ub :	439.0295	442.8778	388.188
		lb :	434.9705	439.1222	384.812
		P^-1:
			1.527	1.1711	1.1427
			1.1711	1.7113	1.2361
			1.1427	1.2361	1.6506
		A:
			0.5599	-0.361	-0.7458
			0.4728	0.8603	0.1907
			-0.5717	-0.636	-0.5182
			0.2957	0.4164	0.8597
			0.3474	0.6393	0.686
			-0.7507	-0.5846	-0.3077
		b:
			-201.6093
			660.2726
			-730.3792
			645.6709
			699.2344
			-704.3665


===========================================================================================
===========================================================================================
S7:
	q_c:	220.5	57.5	435.5
	ub :	225.1628	63.4469	442.8228
	lb :	217.2866	54.1164	430.9318

	==================================================================================
	Q1:
		Shape: Polyhedra
		q_c:	222.5	57.0	434.0
		ub :	225.1628	59.8836	436.4544
		lb :	219.8372	54.1164	431.5456
		A:
			-0.3675	-0.9292	-0.0393
			-0.7279	0.0629	0.6828
			-0.6966	0.1392	0.7038
			0.3716	-0.7139	-0.5936
			-0.0165	0.7514	-0.6596
			0.3476	-0.765	-0.5422
			0.626	0.638	0.4484
			0.7582	-0.6324	-0.1588
			0.1823	0.4394	-0.8796
			-0.626	-0.638	-0.4484
			-0.7582	0.6324	0.1588
			-0.1823	-0.4394	0.8796
		b:
			-149.9304
			139.4684
			159.8839
			-213.9929
			-245.5987
			-199.9218
			372.2652
			65.2352
			-314.6531
			-368.2652
			-62.2352
			317.6531
	==================================================================================
	Q2:
		Shape: Ellipse
		q_c:	222.0	58.0	434.5
		ub :	224.8787	60.8628	436.7836
		lb :	219.1213	55.1372	432.2164
		P^-1:
			0.3784	0.0916	0.0098
			0.0916	0.3175	-0.0136
			0.0098	-0.0136	0.443
	==================================================================================
	Q3:
		Shape: Polyhedra
		q_c:	222.5	56.5	434.0
		ub :	224.4761	58.0503	436.033
		lb :	220.5239	54.9497	431.967
		A:
			0.0494	-0.953	0.2989
			-0.3778	0.9129	0.1545
			-0.7628	-0.2402	-0.6003
			0.9291	0.3694	0.0164
			-0.816	0.5724	-0.0803
			0.1699	-0.8649	-0.4723
			0.613	0.4868	0.6223
			0.2287	-0.8632	0.45
			0.7563	-0.1335	-0.6405
			-0.613	-0.4868	-0.6223
			-0.2287	0.8632	-0.45
			-0.7563	0.1335	0.6405
		b:
			87.8716
			35.748
			-442.8279
			235.9603
			-182.8478
			-214.8579
			434.9743
			198.4181
			-115.747
			-432.9743
			-196.4181
			118.747
	==================================================================================
	Q4:
		Shape: Polyhedra
		q_c:	221.0	60.0	435.0
		ub :	223.4104	61.3061	436.7915
		lb :	218.5896	58.6939	433.2085
		A:
			0.1553	-0.7778	-0.6091
			0.4799	-0.5114	0.7129
			0.1596	-0.9738	-0.1622
			-0.6753	0.6434	-0.3605
			-0.5454	-0.5244	-0.6539
			-0.0455	-0.7218	-0.6906
			0.4797	0.2474	0.8418
			-0.7932	-0.2879	0.5366
			0.3751	-0.9251	0.0581
			-0.4797	-0.2474	-0.8418
			0.7932	0.2879	-0.5366
			-0.3751	0.9251	-0.0581
		b:
			-276.5413
			386.0853
			-93.2095
			-266.8277
			-435.6849
			-353.1907
			487.5543
			43.3552
			53.1776
			-486.5543
			-38.3552
			-52.1776
	==================================================================================
	Q5:
		Shape: Ellipse
		q_c:	223.0	60.0	439.5
		ub :	224.8423	63.3064	442.8228
		lb :	221.1577	56.6936	436.1772
		P^-1:
			0.44	0.0134	0.026
			0.0134	0.2006	0.0466
			0.026	0.0466	0.2138
	==================================================================================
	Q6:
		Shape: Hybrid
		q_c:	219.0	61.0	433.5
		ub :	220.7134	63.4469	436.0682
		lb :	217.2866	58.5531	430.9318
		P^-1:
			0.4444	0.0	-0.0001
			0.0	0.4022	0.0802
			-0.0001	0.0802	0.2922
		A:
			-0.7283	-0.5358	0.4273
			0.894	0.4467	-0.0338
			0.353	-0.5035	-0.7886
			-0.7578	-0.5183	0.3962
			-0.9942	-0.0782	-0.0744
			-0.8024	-0.4947	0.3337
		b:
			-5.9882
			209.1833
			-294.4073
			-24.8736
			-253.974
			-60.3413


===========================================================================================
===========================================================================================
S8:
	q_c:	269.5	226.0	182.5
	ub :	284.3926	238.7444	199.269
	lb :	250.8386	206.3181	165.1923

	==================================================================================
	Q1:
		Shape: Polyhedra
		q_c:	260.5	215.5	185.0
		ub :	270.1614	224.6819	194.157
		lb :	250.8386	206.3181	175.843
		A:
			0.9175	0.3364	0.2123
			0.7899	0.3042	0.5324
			-0.8267	0.5079	-0.2421
			-0.237	-0.7271	-0.6443
			-0.9788	0.1823	0.0935
			0.2139	-0.8733	0.4377
			0.6041	0.0209	0.7966
			-0.7653	0.2939	0.5727
			-0.2222	-0.9556	0.1935
			-0.6041	-0.0209	-0.7966
			0.7653	-0.2939	-0.5727
			0.2222	0.9556	-0.1935
		b:
			356.7963
			375.3008
			-144.6858
			-331.3099
			-192.2509
			-44.503
			314.2489
			-23.5736
			-220.5048
			-304.2489
			36.5736
			235.5048
	==================================================================================
	Q2:
		Shape: Hybrid
		q_c:	275.0	226.0	190.5
		ub :	283.4217	234.0694	199.269
		lb :	266.5783	217.9306	181.731
		P^-1:
			0.0484	-0.0036	-0.0165
			-0.0036	0.0349	-0.007
			-0.0165	-0.007	0.0429
		A:
			-0.9365	0.2079	0.2826
			0.5159	-0.3777	0.7689
			-0.3043	0.3405	-0.8896
			0.2422	0.1231	-0.9624
			0.6313	-0.1286	-0.7648
			0.7295	-0.0065	-0.6839
		b:
			-154.3905
			206.4494
			-172.8385
			-86.1947
			1.0364
			70.8928
	==================================================================================
	Q3:
		Shape: Polyhedra
		q_c:	276.5	217.0	171.5
		ub :	284.3926	221.8791	177.3098
		lb :	268.6074	212.1209	165.6902
		A:
			-0.1582	-0.8767	-0.4544
			0.3179	0.6148	-0.7218
			0.9894	-0.0386	0.1398
			-0.0578	0.6804	0.7306
			0.2683	0.1978	-0.9428
			-0.3215	-0.7845	-0.5302
			0.0687	0.7545	0.6526
			-0.2475	0.6466	-0.7215
			-0.9664	-0.1119	0.2312
			-0.0687	-0.7545	-0.6526
			0.2475	-0.6466	0.7215
			0.9664	0.1119	-0.2312
		b:
			-309.5601
			102.5839
			295.7975
			259.2031
			-39.9134
			-347.3519
			296.672
			-47.8516
			-244.8597
			-292.672
			55.8516
			258.8597
	==================================================================================
	Q4:
		Shape: Hybrid
		q_c:	278.0	231.5	191.0
		ub :	283.7274	238.7444	197.8705
		lb :	272.2726	224.2556	184.1295
		P^-1:
			0.0727	-0.0129	-0.0064
			-0.0129	0.0566	0.0036
			-0.0064	0.0036	0.0511
		A:
			0.7809	-0.0475	-0.6229
			0.7518	-0.3838	0.5362
			0.7611	0.4006	-0.5102
			0.9664	0.2409	0.0898
			0.071	-0.2946	-0.953
			0.3543	-0.9324	0.072
		b:
			89.1994
			224.8575
			209.3127
			343.8971
			-227.8857
			-101.3519
	==================================================================================
	Q5:
		Shape: Polyhedra
		q_c:	278.0	218.5	176.0
		ub :	281.5907	221.8406	179.7481
		lb :	274.4093	215.1594	172.2519
		A:
			0.964	0.0143	-0.2656
			-0.4512	0.8644	-0.222
			0.6274	0.7768	0.0548
			-0.2195	0.9737	-0.0617
			-0.7096	-0.6536	-0.2632
			-0.22	0.9664	-0.133
			0.7435	0.3629	0.5616
			0.3514	0.5025	-0.7899
			-0.5689	0.7847	0.2461
			-0.7435	-0.3629	-0.5616
			-0.3514	-0.5025	0.7899
			0.5689	-0.7847	-0.2461
		b:
			226.5486
			26.1375
			356.2193
			142.6364
			-383.9262
			128.4178
			387.3478
			70.9706
			58.1233
			-382.3478
			-65.9706
			-55.1233
	==================================================================================
	Q6:
		Shape: Hybrid
		q_c:	272.0	220.5	171.5
		ub :	277.7355	225.9142	177.8077
		lb :	266.2645	215.0858	165.1923
		P^-1:
			0.478	-0.3836	0.2819
			-0.3836	0.3699	-0.2549
			0.2819	-0.2549	0.2345
		A:
			-0.9283	0.2104	-0.3066
			0.2545	-0.9598	0.1181
			-0.2597	0.6366	-0.7262
			0.6178	-0.7863	0.0051
			-0.9777	0.0902	-0.1896
			-0.6882	0.5411	-0.4833
		b:
			-256.6528
			-119.2
			-52.9244
			-2.3876
			-275.9191
			-150.1999


===========================================================================================
===========================================================================================
S9:
	q_c:	382.0	296.5	409.5
	ub :	402.143	311.0456	424.7674
	lb :	366.6382	277.1057	392.254

	==================================================================================
	Q1:
		Shape: Polyhedra
		q_c:	371.5	284.5	399.5
		ub :	376.3618	290.1166	404.658
		lb :	366.6382	278.8834	394.342
		A:
			-0.6862	0.5427	0.4844
			-0.3782	-0.879	-0.2905
			0.0906	-0.3181	-0.9437
			-0.2953	-0.6175	-0.729
			0.194	0.9764	0.095
			-0.4414	0.418	0.794
			0.7784	0.6157	0.1223
			0.3847	-0.6219	0.682
			0.496	-0.4839	-0.721
			-0.7784	-0.6157	-0.1223
			-0.3847	0.6219	-0.682
			-0.496	0.4839	0.721
		b:
			95.3561
			-504.0607
			-431.0999
			-574.1372
			390.9312
			274.2029
			515.7219
			243.4597
			-239.4394
			-510.7219
			-233.4597
			243.4394
	==================================================================================
	Q2:
		Shape: Polyhedra
		q_c:	386.5	297.0	418.5
		ub :	395.1413	305.0105	423.0962
		lb :	377.8587	288.9895	413.9038
		A:
			-0.0133	0.6862	0.7273
			0.3385	-0.6397	-0.6901
			-0.2581	-0.0294	-0.9657
			0.0652	0.529	-0.8461
			-0.6098	0.3071	-0.7307
			-0.9343	0.3463	0.0849
			0.1352	0.0126	0.9907
			-0.6445	0.7606	0.0782
			-0.7526	-0.6491	0.1109
			-0.1352	-0.0126	-0.9907
			0.6445	-0.7606	-0.0782
			0.7526	0.6491	-0.1109
		b:
			507.4795
			-343.8216
			-509.0568
			-167.1114
			-446.2696
			-217.5041
			474.109
			14.0592
			-430.2291
			-467.109
			-5.0592
			444.2291
	==================================================================================
	Q3:
		Shape: Ellipse
		q_c:	388.0	300.0	402.0
		ub :	398.1917	311.0456	411.746
		lb :	377.8083	288.9544	392.254
		P^-1:
			0.0236	-0.0044	-0.0036
			-0.0044	0.0263	0.0054
			-0.0036	0.0054	0.0213
	==================================================================================
	Q4:
		Shape: Ellipse
		q_c:	378.5	299.5	419.5
		ub :	383.083	305.9938	424.7674
		lb :	373.917	293.0062	414.2326
		P^-1:
			0.0999	-0.0024	-0.0141
			-0.0024	0.0287	0.0076
			-0.0141	0.0076	0.0919
	==================================================================================
	Q5:
		Shape: Polyhedra
		q_c:	381.5	297.0	406.0
		ub :	388.8718	306.6719	416.0163
		lb :	374.1282	287.3281	395.9837
		A:
			0.491	-0.2995	-0.818
			0.7306	-0.4489	-0.5145
			0.9029	-0.0676	0.4245
			-0.4645	0.5323	0.7078
			0.729	-0.6252	-0.2787
			0.5717	-0.8205	-0.0036
			0.3667	0.5883	0.7208
			0.9157	-0.0911	-0.3915
			-0.1646	0.8035	-0.5721
			-0.3667	-0.5883	-0.7208
			-0.9157	0.0911	0.3915
			0.1646	-0.8035	0.5721
		b:
			-228.8199
			-58.7136
			502.3163
			273.2352
			-15.3577
			-20.6011
			612.7317
			167.8225
			-48.9156
			-601.7317
			-158.8225
			63.9156
	==================================================================================
	Q6:
		Shape: Hybrid
		q_c:	395.5	285.0	404.0
		ub :	402.143	292.8943	410.9826
		lb :	388.857	277.1057	397.0174
		P^-1:
			0.0703	-0.0188	0.0047
			-0.0188	0.0504	0.0064
			0.0047	0.0064	0.0434
		A:
			0.5159	-0.0211	0.8564
			0.1491	-0.4069	-0.9012
			0.9043	0.4263	0.0203
			0.8073	-0.5896	0.025
			-0.6861	0.3868	-0.6161
			0.8663	0.4781	-0.1447
		b:
			546.6722
			-418.2925
			490.322
			163.1266
			-407.7262
			423.6155


===========================================================================================
===========================================================================================
S10:
	q_c:	73.0	426.0	89.5
	ub :	92.9549	446.5448	111.2357
	lb :	57.2465	403.5034	68.6078

	==================================================================================
	Q1:
		Shape: Hybrid
		q_c:	80.5	438.0	81.0
		ub :	92.9549	446.5448	93.3922
		lb :	68.0451	429.4552	68.6078
		P^-1:
			0.0206	-0.0122	0.0043
			-0.0122	0.039	-0.0106
			0.0043	-0.0106	0.0193
		A:
			0.092	-0.0398	-0.995
			0.6532	-0.5423	0.5284
			-0.4876	0.815	0.3131
			-0.0995	0.8184	-0.566
			0.6861	0.3344	0.6461
			0.3394	-0.7053	0.6223
		b:
			-84.9447
			-138.9927
			347.0361
			307.4837
			260.135
			-228.4978
	==================================================================================
	Q2:
		Shape: Ellipse
		q_c:	65.5	436.0	82.0
		ub :	72.2013	444.7295	90.7357
		lb :	58.7987	427.2705	73.2643
		P^-1:
			0.068	-0.0197	0.0047
			-0.0197	0.0458	-0.012
			0.0047	-0.012	0.0314
	==================================================================================
	Q3:
		Shape: Polyhedra
		q_c:	66.0	427.5	88.0
		ub :	74.7535	434.7519	96.8508
		lb :	57.2465	420.2481	79.1492
		A:
			-0.3727	-0.9192	0.1271
			0.063	-0.0043	0.998
			-0.7569	0.4706	-0.4535
			-0.5968	-0.8001	-0.0604
			0.4593	-0.2865	0.8408
			0.5082	-0.1855	0.841
			0.7135	0.4773	0.5129
			-0.4809	-0.1988	0.854
			0.5095	-0.856	0.0877
			-0.7135	-0.4773	-0.5129
			0.4809	0.1988	-0.854
			-0.5095	0.856	-0.0877
		b:
			-401.2276
			96.7221
			115.7394
			-381.9593
			-12.7134
			33.4801
			300.2705
			-34.0644
			-320.0804
			-292.2705
			49.0644
			329.0804
	==================================================================================
	Q4:
		Shape: Polyhedra
		q_c:	81.0	414.5	100.5
		ub :	87.9015	425.4966	111.2357
		lb :	74.0985	403.5034	89.7643
		A:
			0.8618	0.4061	-0.3041
			-0.8601	0.4399	0.2582
			0.6645	-0.5532	-0.5023
			-0.6753	0.6597	-0.3299
			-0.6566	0.4926	0.5711
			-0.1389	0.9178	0.3721
			0.0717	0.6503	0.7562
			0.3565	0.6914	-0.6284
			-0.9316	0.3146	-0.1823
			-0.0717	-0.6503	-0.7562
			-0.3565	-0.6914	0.6284
			0.9316	-0.3146	0.1823
		b:
			213.9475
			143.3978
			-220.227
			190.4686
			214.2931
			413.3211
			358.3779
			259.8149
			40.6367
			-344.3779
			-244.8149
			-32.6367
	==================================================================================
	Q5:
		Shape: Hybrid
		q_c:	80.5	425.5	97.5
		ub :	91.2115	434.2359	108.1984
		lb :	69.7885	416.7641	86.8016
		P^-1:
			0.0251	-0.0043	-0.0034
			-0.0043	0.03	-0.0043
			-0.0034	-0.0043	0.0235
		A:
			-0.9937	0.0816	0.0769
			-0.1363	-0.2964	0.9453
			-0.7085	-0.697	0.1109
			0.9336	-0.2178	0.2846
			0.3569	-0.0804	-0.9307
			-0.8303	-0.2533	0.4964
		b:
			-34.2256
			-41.4909
			-338.9306
			13.976
			-92.6135
			-122.8761
	==================================================================================
	Q6:
		Shape: Ellipse
		q_c:	81.0	430.0	85.5
		ub :	89.6995	439.3786	95.932
		lb :	72.3005	420.6214	75.068
		P^-1:
			0.0321	-0.0049	-0.0082
			-0.0049	0.0285	0.0006
			-0.0082	0.0006	0.0276


===========================================================================================
===========================================================================================
S11:
	q_c:	210.0	241.0	121.5
	ub :	231.4181	254.03	145.609
	lb :	192.4723	221.8518	108.2205

	==================================================================================
	Q1:
		Shape: Ellipse
		q_c:	208.5	229.0	138.5
		ub :	214.8085	236.1482	145.609
		lb :	202.1915	221.8518	131.391
		P^-1:
			0.1029	0.0551	0.0345
			0.0551	0.0852	0.0075
			0.0345	0.0075	0.0621
	==================================================================================
	Q2:
		Shape: Hybrid
		q_c:	215.0	237.0	118.5
		ub :	223.6688	246.4835	128.2743
		lb :	206.3312	227.5165	108.7257
		P^-1:
			0.0429	0.0043	-0.0124
			0.0043	0.0463	-0.0183
			-0.0124	-0.0183	0.0257
		A:
			0.8857	0.1247	-0.4472
			-0.2003	-0.9787	0.045
			-0.4873	-0.6533	0.5794
			0.8958	0.1665	-0.4122
			0.6698	0.3371	-0.6616
			0.7523	0.6456	-0.1316
		b:
			169.4809
			-266.2205
			-188.897
			185.6533
			148.0539
			302.2401
	==================================================================================
	Q3:
		Shape: Polyhedra
		q_c:	222.0	229.5	115.5
		ub :	228.9204	235.7391	122.7795
		lb :	215.0796	223.2609	108.2205
		A:
			-0.1027	0.8778	0.4679
			0.8276	-0.55	0.1118
			-0.1855	-0.5576	0.8091
			-0.535	-0.3975	0.7455
			-0.6158	0.7879	0.0073
			-0.4952	-0.325	0.8057
			0.6751	0.2916	0.6776
			0.1572	-0.9543	0.2541
			0.7208	-0.065	-0.6901
			-0.6751	-0.2916	-0.6776
			-0.1572	0.9543	-0.2541
			-0.7208	0.065	0.6901
		b:
			237.3801
			74.9264
			-71.6474
			-120.4856
			49.1827
			-88.0645
			301.0669
			-150.2683
			68.3972
			-289.0669
			159.2683
			-62.3972
	==================================================================================
	Q4:
		Shape: Ellipse
		q_c:	199.5	243.5	122.5
		ub :	206.5277	250.7733	125.9265
		lb :	192.4723	236.2267	119.0735
		P^-1:
			0.0511	0.0028	-0.037
			0.0028	0.0415	0.0266
			-0.037	0.0266	0.2399
	==================================================================================
	Q5:
		Shape: Ellipse
		q_c:	205.0	237.0	127.5
		ub :	213.246	241.097	135.3966
		lb :	196.754	232.903	119.6034
		P^-1:
			0.086	-0.2341	-0.0685
			-0.2341	0.8671	0.2387
			-0.0685	0.2387	0.0952
	==================================================================================
	Q6:
		Shape: Polyhedra
		q_c:	224.5	248.0	125.0
		ub :	231.4181	254.03	132.2341
		lb :	217.5819	241.97	117.7659
		A:
			-0.5649	0.5974	-0.5692
			0.3163	0.7351	-0.5997
			-0.4002	-0.2205	0.8895
			0.2663	-0.2557	0.9294
			-0.7657	0.5733	-0.2915
			0.3545	0.1208	0.9272
			0.5983	0.1761	0.7817
			-0.1774	-0.9223	0.3435
			0.7814	-0.3441	-0.5206
			-0.5983	-0.1761	-0.7817
			0.1774	0.9223	-0.3435
			-0.7814	0.3441	0.5206
		b:
			-45.5347
			182.4103
			-28.9876
			116.9199
			-61.7666
			229.9251
			280.1967
			-221.6007
			29.4979
			-271.1967
			229.6007
			-20.4979


===========================================================================================
===========================================================================================
