3D_45_25_6_b                l = 3

===========================================================================================
===========================================================================================
S1:
	q_c:	386.0	71.5	114.5
	ub :	397.9914	84.5464	122.7548
	lb :	377.6397	67.6203	106.3647

	==================================================================================
	Q1:
		Shape: Ellipse
		q_c:	394.0	71.0	110.5
		ub :	397.9914	74.3797	114.6353
		lb :	390.0086	67.6203	106.3647
		P^-1:
			0.152	0.0246	0.0571
			0.0246	0.1768	0.0261
			0.0571	0.0261	0.1923
	==================================================================================
	Q2:
		Shape: Ellipse
		q_c:	386.5	77.0	115.5
		ub :	390.5686	80.6606	119.8268
		lb :	382.4314	73.3394	111.1732
		P^-1:
			0.1704	0.0285	-0.0355
			0.0285	0.2193	-0.0394
			-0.0355	-0.0394	0.102
	==================================================================================
	Q3:
		Shape: Ellipse
		q_c:	392.0	73.5	118.5
		ub :	394.3145	76.7066	122.1129
		lb :	389.6855	70.2934	114.8871
		P^-1:
			0.8551	-0.1591	-0.2624
			-0.1591	0.2763	0.1145
			-0.2624	0.1145	0.2297
	==================================================================================
	Q4:
		Shape: Hybrid
		q_c:	382.0	80.5	111.0
		ub :	386.3603	84.5464	114.7811
		lb :	377.6397	76.4536	107.2189
		P^-1:
			0.1681	-0.0111	-0.0561
			-0.0111	0.1444	-0.0254
			-0.0561	-0.0254	0.2086
		A:
			0.6703	-0.2412	0.7018
			-0.4086	-0.3705	0.8341
			-0.5139	-0.6427	0.5681
			-0.1409	-0.0008	0.99
			-0.3071	-0.8507	0.4265
			0.5178	-0.7003	0.4914
		b:
			316.2126
			-92.2925
			-183.7371
			57.203
			-137.0286
			197.4776
	==================================================================================
	Q5:
		Shape: Polyhedra
		q_c:	388.5	76.0	111.0
		ub :	392.8591	81.1078	115.5348
		lb :	384.1409	70.8922	106.4652
		A:
			0.911	-0.337	-0.2377
			0.8226	0.0358	-0.5675
			0.1797	-0.5786	-0.7956
			-0.6624	-0.1181	0.7398
			0.5275	-0.3208	-0.7867
			-0.1578	0.4013	0.9022
			0.5856	0.7582	0.2867
			0.7332	-0.3447	-0.5861
			-0.3456	0.5534	-0.7578
			-0.5856	-0.7582	-0.2867
			-0.7332	0.3447	0.5861
			0.3456	-0.5534	0.7578
		b:
			303.8446
			261.2304
			-60.0424
			-182.0618
			94.9858
			71.8153
			320.4373
			195.1122
			-172.8357
			-313.4373
			-192.1122
			179.8357
	==================================================================================
	Q6:
		Shape: Ellipse
		q_c:	388.0	77.0	119.5
		ub :	390.9442	80.3503	122.7548
		lb :	385.0558	73.6497	116.2452
		P^-1:
			0.233	0.0349	-0.0052
			0.0349	0.1764	-0.006
			-0.0052	-0.006	0.1117


===========================================================================================
===========================================================================================
S2:
	q_c:	114.5	249.0	175.0
	ub :	130.3747	265.7734	190.4884
	lb :	99.8171	225.3306	162.2101

	==================================================================================
	Q1:
		Shape: Polyhedra
		q_c:	124.5	242.0	181.5
		ub :	130.3747	250.5045	189.9396
		lb :	118.6253	233.4955	173.0604
		A:
			0.8639	0.4506	0.2249
			0.7682	0.5934	0.2402
			-0.3594	0.8217	-0.4423
			0.9858	-0.0591	-0.1572
			0.7387	0.6507	-0.1756
			-0.9019	0.0166	-0.4317
			0.9377	0.3205	0.1342
			0.3337	-0.9383	-0.0909
			0.0968	0.13	-0.9868
			-0.9377	-0.3205	-0.1342
			-0.3337	0.9383	0.0909
			-0.0968	-0.13	0.9868
		b:
			260.6372
			286.5225
			80.9082
			84.1418
			221.9429
			-182.4327
			221.652
			-195.0216
			-128.0915
			-215.652
			209.0216
			143.0915
	==================================================================================
	Q2:
		Shape: Polyhedra
		q_c:	112.0	260.0	182.0
		ub :	117.7635	265.7734	188.5994
		lb :	106.2365	254.2266	175.4006
		A:
			0.6988	0.6595	0.2771
			-0.5643	0.6927	0.4492
			-0.6138	0.3562	0.7045
			0.6281	0.4816	-0.6112
			-0.5737	0.7909	0.2127
			-0.3179	0.8483	0.4236
			0.0295	0.9664	0.2554
			0.7684	0.1415	-0.6241
			-0.6392	0.2147	-0.7384
			-0.0295	-0.9664	-0.2554
			-0.7684	-0.1415	0.6241
			0.6392	-0.2147	0.7384
		b:
			304.4351
			202.9463
			156.2212
			88.3929
			184.4265
			266.4647
			305.5499
			13.2661
			-146.1702
			-296.5499
			-5.2661
			154.1702
	==================================================================================
	Q3:
		Shape: Hybrid
		q_c:	124.0	250.5	174.5
		ub :	130.1227	257.4747	180.6274
		lb :	117.8773	243.5253	168.3726
		P^-1:
			0.1141	0.097	-0.1318
			0.097	0.149	-0.1577
			-0.1318	-0.1577	0.2474
		A:
			0.0294	-0.8242	0.5656
			-0.8229	-0.5652	0.0585
			0.5969	0.6102	-0.5209
			0.3436	-0.9247	0.1641
			0.1644	-0.2891	0.9431
			0.181	0.4659	-0.8661
		b:
			-101.5703
			-230.1361
			137.2687
			-156.2094
			115.5354
			-10.539
	==================================================================================
	Q4:
		Shape: Polyhedra
		q_c:	115.0	248.0	178.0
		ub :	124.408	260.1857	190.4884
		lb :	105.592	235.8143	165.5116
		A:
			-0.2414	-0.9485	-0.2053
			-0.9345	-0.3552	-0.0205
			0.7848	-0.4173	0.4583
			0.0502	0.1039	-0.9933
			0.9123	0.0595	0.4052
			0.1231	-0.9188	-0.3751
			0.6246	0.4713	0.6227
			0.781	-0.3817	-0.4944
			0.0047	0.7951	-0.6065
			-0.6246	-0.4713	-0.6227
			-0.781	0.3817	0.4944
			-0.0047	-0.7951	0.6065
		b:
			-291.9143
			-192.1556
			75.6236
			-137.8367
			198.9964
			-273.3848
			307.0492
			-86.8572
			97.7822
			-292.0492
			98.8572
			-81.7822
	==================================================================================
	Q5:
		Shape: Ellipse
		q_c:	109.0	232.5	171.0
		ub :	118.1829	239.6694	179.7899
		lb :	99.8171	225.3306	162.2101
		P^-1:
			0.033	0.0009	-0.0115
			0.0009	0.0417	-0.0042
			-0.0115	-0.0042	0.0384
	==================================================================================
	Q6:
		Shape: Ellipse
		q_c:	115.0	241.5	178.0
		ub :	122.4074	247.3946	184.8759
		lb :	107.5926	235.6054	171.1241
		P^-1:
			0.0476	0.0138	0.0008
			0.0138	0.0723	0.0103
			0.0008	0.0103	0.0511


===========================================================================================
===========================================================================================
S3:
	q_c:	53.0	442.5	501.5
	ub :	58.5147	449.9777	509.9686
	lb :	47.6561	435.1531	491.8311

	==================================================================================
	Q1:
		Shape: Polyhedra
		q_c:	53.5	446.5	502.5
		ub :	57.8837	449.9777	506.6613
		lb :	49.1163	443.0223	498.3387
		A:
			-0.3314	-0.9381	0.1004
			0.4934	0.7922	-0.359
			-0.1196	-0.7362	0.6661
			0.9226	0.3311	0.198
			0.7714	-0.5999	0.2121
			0.359	-0.6036	0.7119
			0.6028	0.0402	0.7969
			-0.66	0.5863	0.4697
			-0.4483	-0.8091	0.38
			-0.6028	-0.0402	-0.7969
			0.66	-0.5863	-0.4697
			0.4483	0.8091	-0.38
		b:
			-384.0382
			201.7263
			1.7306
			299.0781
			-117.2489
			109.8257
			453.1346
			465.4984
			-192.305
			-448.1346
			-459.4984
			196.305
	==================================================================================
	Q2:
		Shape: Polyhedra
		q_c:	53.0	440.0	497.0
		ub :	57.6253	444.8469	502.1689
		lb :	48.3747	435.1531	491.8311
		A:
			0.8653	0.222	0.4494
			0.052	0.2306	0.9717
			-0.8846	0.4605	0.0738
			0.2861	0.8268	-0.4844
			-0.2002	0.8901	0.4094
			0.8748	-0.1043	0.4732
			0.2439	0.8042	0.5421
			-0.8093	0.4768	-0.3432
			-0.5344	-0.355	0.7671
			-0.2439	-0.8042	-0.5421
			0.8093	-0.4768	0.3432
			0.5344	0.355	-0.7671
		b:
			369.6733
			590.304
			195.0621
			141.4831
			587.4279
			238.2456
			639.1694
			-1.1867
			200.2052
			-633.1694
			6.1867
			-193.2052
	==================================================================================
	Q3:
		Shape: Hybrid
		q_c:	50.5	446.0	497.5
		ub :	53.3439	448.1036	500.3115
		lb :	47.6561	443.8964	494.6885
		P^-1:
			0.3757	-0.0033	0.0929
			-0.0033	0.4443	0.0045
			0.0929	0.0045	0.3189
		A:
			0.4867	0.6773	-0.5517
			-0.3334	0.844	-0.4202
			-0.8014	0.5967	0.0414
			-0.7759	-0.3475	0.5265
			0.5624	0.8162	-0.132
			0.7375	-0.6325	0.2366
		b:
			53.213
			151.2943
			247.095
			68.921
			327.6305
			-126.3713
	==================================================================================
	Q4:
		Shape: Ellipse
		q_c:	53.5	446.0	497.5
		ub :	56.1887	448.806	500.6536
		lb :	50.8113	443.194	494.3464
		P^-1:
			0.282	-0.0733	0.0099
			-0.0733	0.3926	-0.066
			0.0099	-0.066	0.1799
	==================================================================================
	Q5:
		Shape: Hybrid
		q_c:	54.5	446.5	507.5
		ub :	58.2431	449.9661	509.9686
		lb :	50.7569	443.0339	505.0314
		P^-1:
			0.1291	0.071	-0.08
			0.071	0.4074	-0.3826
			-0.08	-0.3826	0.7346
		A:
			0.6499	0.4416	-0.6186
			-0.9433	0.3315	0.0157
			0.0115	0.8654	-0.501
			-0.0054	-0.8012	0.5984
			-0.1993	0.974	-0.1078
			0.5008	-0.3654	0.7847
		b:
			-80.0111
			107.0619
			133.7437
			-53.534
			371.0929
			263.767
	==================================================================================
	Q6:
		Shape: Polyhedra
		q_c:	54.5	444.0	503.5
		ub :	58.5147	448.086	507.0075
		lb :	50.4853	439.914	499.9925
		A:
			0.1985	-0.2036	-0.9587
			0.0258	-0.9682	0.2489
			0.4732	-0.0636	0.8787
			-0.8164	-0.304	0.491
			0.0707	-0.9072	0.4148
			0.6083	-0.3596	0.7076
			0.6637	0.6433	0.3817
			0.151	-0.615	0.7739
			0.7326	-0.456	-0.5053
			-0.6637	-0.6433	-0.3817
			-0.151	0.615	-0.7739
			-0.7326	0.456	0.5053
		b:
			-560.1799
			-300.9008
			442.3887
			70.2174
			-188.1244
			231.8059
			517.462
			126.3225
			-414.9903
			-510.462
			-123.3225
			418.9903


===========================================================================================
===========================================================================================
S4:
	q_c:	136.0	336.5	326.0
	ub :	141.4181	343.129	332.2864
	lb :	129.3614	330.1243	319.7294

	==================================================================================
	Q1:
		Shape: Hybrid
		q_c:	133.5	339.5	328.0
		ub :	135.3275	343.129	331.5642
		lb :	131.6725	335.871	324.4358
		P^-1:
			0.4421	0.0245	-0.0064
			0.0245	0.1889	0.0689
			-0.0064	0.0689	0.1745
		A:
			0.9568	-0.0926	0.2757
			0.5185	0.8489	0.103
			-0.2734	-0.4616	-0.8439
			0.6609	-0.3335	-0.6723
			0.8205	-0.5421	-0.1813
			-0.6048	0.6175	0.5029
		b:
			187.6963
			392.545
			-468.6784
			-244.3483
			-132.8621
			294.9768
	==================================================================================
	Q2:
		Shape: Hybrid
		q_c:	137.5	340.5	323.0
		ub :	139.0652	342.7204	326.2706
		lb :	135.9348	338.2796	319.7294
		P^-1:
			0.9418	-0.1584	-0.067
			-0.1584	0.4869	0.0724
			-0.067	0.0724	0.1268
		A:
			-0.7667	-0.5875	-0.2589
			-0.6825	0.3	0.6665
			0.9957	-0.0585	0.0715
			-0.1444	-0.1707	0.9747
			0.9104	-0.2683	0.315
			0.4492	0.8284	-0.3347
		b:
			-388.1133
			225.0119
			140.6976
			239.3005
			136.5597
			237.1182
	==================================================================================
	Q3:
		Shape: Polyhedra
		q_c:	137.5	336.5	328.5
		ub :	141.4181	340.1793	332.2864
		lb :	133.5819	332.8207	324.7136
		A:
			-0.0018	0.2074	-0.9783
			0.1752	-0.9435	0.2814
			-0.1524	-0.0307	-0.9878
			-0.8172	0.5682	0.0968
			-0.187	0.227	-0.9558
			-0.07	-0.724	0.6862
			0.3869	0.4454	0.8074
			-0.5538	0.8123	-0.1828
			-0.7373	-0.3765	0.5609
			-0.3869	-0.4454	-0.8074
			0.5538	-0.8123	0.1828
			0.7373	0.3765	-0.5609
		b:
			-249.3675
			-198.8791
			-353.3088
			112.7703
			-260.8882
			-25.545
			470.8129
			139.1695
			-41.2982
			-465.8129
			-135.1695
			46.2982
	==================================================================================
	Q4:
		Shape: Ellipse
		q_c:	133.5	335.0	325.0
		ub :	135.3486	337.2504	327.1526
		lb :	131.6514	332.7496	322.8474
		P^-1:
			1.924	1.577	0.994
			1.577	1.7851	0.8517
			0.994	0.8517	0.9854
	==================================================================================
	Q5:
		Shape: Ellipse
		q_c:	133.5	333.5	327.5
		ub :	137.6386	336.8757	331.5
		lb :	129.3614	330.1243	323.5
		P^-1:
			0.1776	0.097	-0.0383
			0.097	0.3119	-0.13
			-0.0383	-0.13	0.226
	==================================================================================
	Q6:
		Shape: Ellipse
		q_c:	134.5	335.0	324.0
		ub :	136.3367	336.5065	325.604
		lb :	132.6633	333.4935	322.396
		P^-1:
			1.245	0.5928	1.1271
			0.5928	1.9359	1.329
			1.1271	1.329	2.2635


===========================================================================================
===========================================================================================
S5:
	q_c:	382.0	242.5	374.5
	ub :	401.8118	258.7626	394.698
	lb :	362.5483	216.7886	351.0604

	==================================================================================
	Q1:
		Shape: Polyhedra
		q_c:	390.5	225.5	383.5
		ub :	401.8118	234.2114	394.698
		lb :	379.1882	216.7886	372.302
		A:
			0.9631	-0.1687	0.2097
			-0.9241	-0.0825	-0.3731
			0.8177	-0.4639	0.3408
			0.8944	0.4367	0.0965
			0.8219	-0.5692	-0.0211
			-0.8702	0.0423	-0.4909
			0.6475	0.6557	0.3884
			0.4989	-0.7499	0.4344
			0.5761	-0.0875	-0.8127
			-0.6475	-0.6557	-0.3884
			-0.4989	0.7499	-0.4344
			-0.5761	0.0875	0.8127
		b:
			424.5842
			-516.4176
			350.8375
			491.4921
			190.5731
			-512.6489
			556.1421
			197.2975
			-98.4327
			-543.1421
			-187.2975
			114.4327
	==================================================================================
	Q2:
		Shape: Ellipse
		q_c:	383.0	242.5	375.5
		ub :	394.3913	254.7048	385.7094
		lb :	371.6087	230.2952	365.2906
		P^-1:
			0.0254	0.0119	-0.0067
			0.0119	0.0232	-0.0056
			-0.0067	-0.0056	0.0193
	==================================================================================
	Q3:
		Shape: Polyhedra
		q_c:	370.5	251.5	372.0
		ub :	377.2331	258.7626	379.3171
		lb :	363.7669	244.2374	364.6829
		A:
			-0.0201	-0.0583	-0.9981
			-0.9436	-0.1849	-0.2746
			-0.5667	-0.6658	-0.4853
			0.8968	-0.2325	0.3765
			-0.8802	-0.4712	0.0564
			0.09	-0.6831	-0.7248
			0.8241	0.1699	0.5403
			0.314	0.6569	-0.6855
			-0.4714	0.7346	0.488
			-0.8241	-0.1699	-0.5403
			-0.314	-0.6569	0.6855
			0.4714	-0.7346	-0.488
		b:
			-389.0869
			-494.6633
			-553.9093
			417.7561
			-419.9044
			-402.9003
			552.5732
			30.5103
			197.1307
			-545.5732
			-22.5103
			-186.1307
	==================================================================================
	Q4:
		Shape: Polyhedra
		q_c:	370.5	236.5	360.0
		ub :	377.2273	246.2016	368.9396
		lb :	363.7727	226.7984	351.0604
		A:
			-0.6279	0.1208	0.7689
			-0.8819	0.3467	0.3194
			-0.5533	-0.4018	0.7297
			-0.3998	0.6015	0.6917
			0.1738	0.0393	0.984
			-0.8167	0.001	0.577
			0.0261	0.4995	0.8659
			-0.0108	0.8663	-0.4994
			-0.9996	0.0037	0.028
			-0.0261	-0.4995	-0.8659
			0.0108	-0.8663	0.4994
			0.9996	-0.0037	-0.028
		b:
			78.8612
			-123.4252
			-30.207
			248.9013
			434.0622
			-88.2212
			445.0299
			29.1115
			-352.9027
			-434.0299
			-13.1115
			365.9027
	==================================================================================
	Q5:
		Shape: Polyhedra
		q_c:	370.0	240.0	369.5
		ub :	377.4517	246.7208	377.7416
		lb :	362.5483	233.2792	361.2584
		A:
			0.1314	0.9621	-0.2391
			0.2539	0.9112	-0.3244
			-0.2078	0.4489	-0.8691
			-0.1266	0.1743	-0.9765
			0.6197	-0.5194	0.5884
			-0.28	0.6196	-0.7333
			0.3147	0.6982	0.6431
			-0.2958	0.7159	-0.6325
			-0.9019	0.0088	0.4318
			-0.3147	-0.6982	-0.6431
			0.2958	-0.7159	0.6325
			0.9019	-0.0088	-0.4318
		b:
			195.697
			197.2303
			-286.9678
			-361.2705
			325.1706
			-223.2122
			528.6017
			-168.8227
			-167.077
			-514.6017
			173.8227
			177.077
	==================================================================================
	Q6:
		Shape: Polyhedra
		q_c:	391.5	231.0	372.0
		ub :	395.5895	238.9211	379.4528
		lb :	387.4105	223.0789	364.5472
		A:
			-0.993	0.1176	0.0116
			0.8426	-0.1222	0.5245
			-0.8287	0.3378	0.4463
			-0.8129	0.1257	0.5686
			0.7773	-0.621	-0.1008
			-0.712	0.252	0.6554
			0.3264	0.4581	0.8268
			-0.926	0.3303	0.1825
			-0.1895	-0.8252	0.5321
			-0.3264	-0.4581	-0.8268
			0.926	-0.3303	-0.1825
			0.1895	0.8252	-0.5321
		b:
			-355.3343
			500.2029
			-78.3719
			-74.7607
			125.9027
			26.1852
			545.6785
			-216.8357
			-60.3779
			-536.6785
			219.8357
			73.3779


===========================================================================================
===========================================================================================
S6:
	q_c:	193.0	401.0	351.5
	ub :	208.891	407.9249	367.764
	lb :	177.028	382.5733	336.4663

	==================================================================================
	Q1:
		Shape: Ellipse
		q_c:	204.5	387.0	361.0
		ub :	208.891	390.9493	365.8843
		lb :	200.109	383.0507	356.1157
		P^-1:
			0.2135	-0.1402	-0.0119
			-0.1402	0.3176	0.1061
			-0.0119	0.1061	0.1358
	==================================================================================
	Q2:
		Shape: Hybrid
		q_c:	182.5	401.5	350.0
		ub :	187.972	407.9249	356.523
		lb :	177.028	395.0751	343.477
		P^-1:
			0.0811	-0.0035	0.0021
			-0.0035	0.0586	0.0142
			0.0021	0.0142	0.0729
		A:
			0.2936	0.6425	-0.7078
			0.8664	-0.2445	0.4354
			0.6211	-0.774	0.1234
			-0.9642	-0.2617	-0.0429
			-0.0736	-0.8521	0.5181
			0.7223	0.5153	0.4613
		b:
			66.4712
			214.1916
			-152.0314
			-294.1922
			-171.4813
			501.9835
	==================================================================================
	Q3:
		Shape: Hybrid
		q_c:	188.5	392.0	344.0
		ub :	197.5569	401.4267	351.5337
		lb :	179.4431	382.5733	336.4663
		P^-1:
			0.0302	0.0007	-0.0136
			0.0007	0.0497	-0.0404
			-0.0136	-0.0404	0.0821
		A:
			0.1444	0.5342	-0.833
			-0.3729	-0.0717	0.9251
			0.0543	-0.3985	-0.9156
			0.5382	0.3672	-0.7586
			-0.2835	-0.2844	0.9158
			-0.6238	-0.2484	0.741
		b:
			-48.4165
			222.3521
			-456.347
			-13.3874
			152.0205
			42.3909
	==================================================================================
	Q4:
		Shape: Polyhedra
		q_c:	187.5	396.0	357.5
		ub :	195.3254	403.2914	364.1633
		lb :	179.6746	388.7086	350.8367
		A:
			-0.3496	0.0839	0.9331
			-0.3966	0.5353	-0.7457
			-0.1671	-0.7604	0.6276
			0.1796	-0.4792	0.8591
			-0.1135	-0.729	0.6751
			-0.3517	0.3804	-0.8554
			0.2812	0.8135	0.5091
			0.9462	-0.1463	-0.2887
			-0.1604	0.5629	-0.8108
			-0.2812	-0.8135	-0.5091
			-0.9462	0.1463	0.2887
			0.1604	-0.5629	0.8108
		b:
			306.1582
			-126.5482
			-104.8464
			153.1369
			-65.7283
			-218.5449
			563.3662
			22.2345
			-95.0309
			-550.3662
			-10.2345
			99.0309
	==================================================================================
	Q5:
		Shape: Polyhedra
		q_c:	195.5	398.0	361.0
		ub :	202.2031	403.8723	367.764
		lb :	188.7969	392.1277	354.236
		A:
			-0.6081	-0.7536	-0.2494
			-0.5806	0.6426	0.5
			-0.9589	0.1863	-0.2141
			0.5729	0.0417	0.8186
			0.387	0.8952	-0.2212
			-0.4536	-0.6585	0.6005
			0.5836	0.614	0.5314
			-0.6977	0.0443	0.7151
			0.4155	-0.7881	0.4542
			-0.5836	-0.614	-0.5314
			0.6977	-0.0443	-0.7151
			-0.4155	0.7881	-0.4542
		b:
			-505.2957
			326.832
			-186.4979
			427.9631
			356.1165
			-129.8233
			553.8023
			143.3655
			-63.983
			-546.8023
			-135.3655
			72.983
	==================================================================================
	Q6:
		Shape: Polyhedra
		q_c:	195.0	402.5	344.0
		ub :	201.2475	407.845	350.4988
		lb :	188.7525	397.155	337.5012
		A:
			-0.7535	0.2171	0.6205
			0.9049	0.4191	-0.0745
			-0.0522	0.8735	0.484
			-0.8944	-0.4106	-0.1775
			-0.827	-0.5617	0.0233
			0.5627	-0.8218	0.0898
			0.5032	0.7721	0.3881
			-0.5081	0.6276	-0.5898
			-0.699	0.0997	0.7082
			-0.5032	-0.7721	-0.3881
			0.5081	-0.6276	0.5898
			0.699	-0.0997	-0.7082
		b:
			157.4568
			322.3449
			510.7252
			-397.881
			-376.7885
			-185.1865
			544.3987
			-43.8706
			150.9226
			-540.3987
			54.8706
			-143.9226


===========================================================================================
===========================================================================================
S7:
	q_c:	426.0	386.0	58.5
	ub :	449.5629	411.0906	90.9728
	lb :	397.3669	363.3114	39.6975

	==================================================================================
	Q1:
		Shape: Polyhedra
		q_c:	431.0	396.0	65.5
		ub :	443.8203	411.0906	78.895
		lb :	418.1797	380.9094	52.105
		A:
			0.356	0.3037	-0.8838
			-0.7217	-0.5677	-0.3961
			-0.438	0.752	0.4926
			-0.9891	-0.1366	0.0552
			-0.5527	-0.3071	0.7747
			-0.5344	-0.6258	-0.5681
			0.3669	0.6061	0.7057
			-0.7871	-0.2021	0.5827
			0.4958	-0.7693	0.403
			-0.3669	-0.6061	-0.7057
			0.7871	0.2021	-0.5827
			-0.4958	0.7693	-0.403
		b:
			222.8122
			-554.267
			150.4149
			-469.9111
			-303.1687
			-507.4826
			452.3667
			-376.1013
			-52.5546
			-436.3667
			386.1013
			76.5546
	==================================================================================
	Q2:
		Shape: Ellipse
		q_c:	433.0	394.0	78.5
		ub :	443.1484	406.2288	90.9728
		lb :	422.8516	381.7712	66.0272
		P^-1:
			0.0236	0.0029	0.0025
			0.0029	0.0159	0.0054
			0.0025	0.0054	0.0211
	==================================================================================
	Q3:
		Shape: Ellipse
		q_c:	411.5	392.5	62.0
		ub :	425.6331	405.3269	76.6083
		lb :	397.3669	379.6731	47.3917
		P^-1:
			0.0138	-0.0	-0.0
			-0.0	0.0138	0.0
			-0.0	0.0	0.0138
	==================================================================================
	Q4:
		Shape: Polyhedra
		q_c:	425.0	373.5	48.5
		ub :	433.45	382.229	53.8152
		lb :	416.55	364.771	43.1848
		A:
			-0.8758	-0.4209	-0.2363
			0.462	-0.7904	-0.4023
			0.9068	0.3025	-0.2935
			0.5258	0.8205	0.2245
			-0.0558	-0.7571	-0.6509
			0.1454	0.9329	-0.3295
			0.7718	0.5912	0.2342
			0.5939	-0.8018	0.0665
			0.2271	0.0878	-0.9699
			-0.7718	-0.5912	-0.2342
			-0.5939	0.8018	-0.0665
			-0.2271	-0.0878	0.9699
		b:
			-536.6756
			-111.4816
			488.5213
			545.3012
			-332.8482
			400.1318
			564.1718
			-36.3158
			86.2631
			-556.1718
			51.3158
			-78.2631
	==================================================================================
	Q5:
		Shape: Hybrid
		q_c:	434.0	372.5	47.0
		ub :	441.7441	381.5487	54.3025
		lb :	426.2559	363.4513	39.6975
		P^-1:
			0.2335	0.044	-0.2069
			0.044	0.0326	-0.0447
			-0.2069	-0.0447	0.2224
		A:
			0.9546	-0.2251	-0.1949
			-0.8001	-0.2462	0.547
			-0.9383	0.035	0.3441
			0.6769	-0.0947	-0.73
			-0.4554	-0.3303	0.8267
			-0.712	-0.4303	0.5549
		b:
			324.8785
			-412.0017
			-375.4763
			225.6358
			-279.9771
			-441.439
	==================================================================================
	Q6:
		Shape: Ellipse
		q_c:	439.0	373.0	67.0
		ub :	449.5629	382.6886	76.1043
		lb :	428.4371	363.3114	57.8957
		P^-1:
			0.0648	0.0701	0.0634
			0.0701	0.122	0.093
			0.0634	0.093	0.0934


===========================================================================================
===========================================================================================
S8:
	q_c:	391.0	452.5	110.0
	ub :	397.5281	468.0972	124.0675
	lb :	377.6569	440.4005	98.0509

	==================================================================================
	Q1:
		Shape: Hybrid
		q_c:	384.0	463.0	117.0
		ub :	390.3431	468.0972	123.7174
		lb :	377.6569	457.9028	110.2826
		P^-1:
			0.084	-0.0139	-0.0289
			-0.0139	0.0889	0.0028
			-0.0289	0.0028	0.0598
		A:
			0.9531	-0.1178	-0.2788
			-0.1562	-0.5921	0.7906
			-0.3949	0.9179	-0.0383
			0.1951	-0.6712	-0.7152
			-0.9592	-0.0035	-0.2827
			0.5238	-0.7428	0.4171
		b:
			280.6182
			-239.1912
			270.6448
			-317.2713
			-400.1842
			-91.5754
	==================================================================================
	Q2:
		Shape: Polyhedra
		q_c:	387.5	455.0	103.0
		ub :	392.5068	460.8069	107.9491
		lb :	382.4932	449.1931	98.0509
		A:
			0.3672	-0.2572	0.8939
			0.6726	0.0044	0.74
			-0.2883	0.2867	0.9136
			-0.3019	0.7875	-0.5372
			-0.4729	0.5704	0.6715
			-0.8181	-0.5749	-0.017
			0.2035	0.774	0.5996
			0.0745	0.5984	-0.7977
			-0.9762	0.207	0.0641
			-0.2035	-0.774	-0.5996
			-0.0745	-0.5984	0.7977
			0.9762	-0.207	-0.0641
		b:
			120.4771
			342.6848
			116.6937
			188.9622
			149.674
			-576.3013
			497.2783
			221.469
			-273.5111
			-488.2783
			-216.469
			281.5111
	==================================================================================
	Q3:
		Shape: Hybrid
		q_c:	390.5	459.5	110.0
		ub :	392.8955	464.2673	114.7111
		lb :	388.1045	454.7327	105.2889
		P^-1:
			0.2478	-0.0124	0.0123
			-0.0124	0.0948	-0.0156
			0.0123	-0.0156	0.1001
		A:
			0.7015	0.7031	-0.1165
			0.401	0.8569	-0.324
			-0.4941	-0.237	0.8365
			0.0471	0.9218	-0.3848
			-0.8436	0.3115	0.4374
			-0.8406	0.3762	-0.3898
		b:
			585.9752
			516.716
			-207.8821
			401.7616
			-136.6278
			-197.0441
	==================================================================================
	Q4:
		Shape: Polyhedra
		q_c:	392.5	458.0	105.5
		ub :	396.6283	462.8377	109.8331
		lb :	388.3717	453.1623	101.1669
		A:
			-0.6574	0.6739	0.3372
			-0.5421	0.8031	0.2472
			-0.7516	0.423	0.5061
			-0.46	0.7274	0.5093
			0.8735	-0.1901	-0.4481
			-0.2012	0.9589	-0.1998
			0.5464	0.8205	0.1682
			0.7829	-0.4289	-0.4507
			-0.2976	0.3779	-0.8767
			-0.5464	-0.8205	-0.1682
			-0.7829	0.4289	0.4507
			0.2976	-0.3779	0.8767
		b:
			87.9888
			183.2571
			-46.3743
			208.3594
			210.1956
			342.2898
			611.474
			64.7797
			-32.7465
			-604.474
			-61.7797
			39.7465
	==================================================================================
	Q5:
		Shape: Polyhedra
		q_c:	390.0	446.0	117.5
		ub :	397.5281	451.5995	124.0675
		lb :	382.4719	440.4005	110.9325
		A:
			0.2541	-0.0709	0.9646
			-0.8727	0.3811	-0.3052
			0.409	0.5598	-0.7207
			-0.1177	0.9663	-0.2291
			-0.0081	-0.7413	0.6711
			-0.5432	0.7858	-0.2958
			0.4618	0.0538	0.8853
			-0.824	0.3954	0.4058
			-0.3282	-0.9169	0.227
			-0.4618	-0.0538	-0.8853
			0.824	-0.3954	-0.4058
			0.3282	0.9169	-0.227
		b:
			184.8396
			-201.3533
			328.4713
			362.0034
			-251.2745
			108.3462
			312.1516
			-91.8239
			-506.7871
			-304.1516
			102.8239
			513.7871
	==================================================================================
	Q6:
		Shape: Polyhedra
		q_c:	383.0	450.5	115.0
		ub :	387.8544	455.0341	121.8632
		lb :	378.1456	445.9659	108.1368
		A:
			-0.6977	0.3231	-0.6393
			-0.7727	-0.2418	0.5869
			-0.9663	-0.0841	-0.2432
			-0.0639	0.8615	-0.5038
			0.8123	0.3747	-0.447
			-0.9624	0.2296	-0.1453
			0.0885	0.3276	0.9407
			-0.2179	0.9279	-0.3027
			-0.972	-0.1782	0.1535
			-0.0885	-0.3276	-0.9407
			0.2179	-0.9279	0.3027
			0.972	0.1782	-0.1535
		b:
			-191.0484
			-333.0889
			-431.7465
			308.0559
			432.4735
			-278.1242
			295.6561
			301.7463
			-430.8745
			-283.6561
			-297.7463
			438.8745


===========================================================================================
===========================================================================================
S9:
	q_c:	33.0	42.0	422.0
	ub :	48.4164	62.8958	440.1376
	lb :	10.2892	35.0205	408.9292

	==================================================================================
	Q1:
		Shape: Ellipse
		q_c:	44.5	45.0	416.0
		ub :	48.4164	48.7678	423.0708
		lb :	40.5836	41.2322	408.9292
		P^-1:
			0.1216	0.02	0.0019
			0.02	0.1494	0.0033
			0.0019	0.0033	0.0205
	==================================================================================
	Q2:
		Shape: Hybrid
		q_c:	24.5	42.0	433.0
		ub :	29.7256	48.9795	440.1237
		lb :	19.2744	35.0205	425.8763
		P^-1:
			0.0848	-0.015	-0.0266
			-0.015	0.0486	0.0153
			-0.0266	0.0153	0.0672
		A:
			0.8026	0.5578	-0.2115
			0.565	-0.0669	0.8224
			0.3032	-0.8779	-0.3707
			0.7697	-0.5503	0.3237
			0.739	0.1548	-0.6557
			-0.9768	-0.2069	0.0551
		b:
			-45.6929
			370.2319
			-187.4579
			138.704
			-257.2872
			-6.4059
	==================================================================================
	Q3:
		Shape: Polyhedra
		q_c:	32.5	48.5	418.5
		ub :	41.1881	57.099	425.1097
		lb :	23.8119	39.901	411.8903
		A:
			-0.5254	0.162	0.8353
			-0.8524	-0.516	-0.0843
			0.925	-0.0769	0.3721
			0.0391	0.349	-0.9363
			0.9399	-0.1239	-0.3182
			0.2533	-0.0124	-0.9673
			0.5309	0.8434	0.0828
			0.7249	-0.5026	0.4711
			0.4389	-0.1901	-0.8782
			-0.5309	-0.8434	-0.0828
			-0.7249	0.5026	-0.4711
			-0.4389	0.1901	0.8782
		b:
			344.8739
			-81.8487
			187.0487
			-369.007
			-103.8264
			-392.6803
			99.2971
			200.8287
			-357.9837
			-86.2971
			-191.8287
			366.9837
	==================================================================================
	Q4:
		Shape: Hybrid
		q_c:	21.5	50.0	433.0
		ub :	32.7108	61.1069	438.9543
		lb :	10.2892	38.8931	427.0457
		P^-1:
			0.0164	-0.0031	-0.0013
			-0.0031	0.0181	-0.0019
			-0.0013	-0.0019	0.0398
		A:
			-0.2802	0.8864	-0.3685
			0.1151	-0.8281	0.5486
			0.3171	0.5992	-0.7351
			0.5855	0.2159	-0.7814
			0.9748	-0.2223	0.0204
			0.5552	-0.2717	0.7861
		b:
			-116.9496
			202.6791
			-277.6308
			-311.1723
			23.8119
			342.3013
	==================================================================================
	Q5:
		Shape: Polyhedra
		q_c:	29.5	55.5	419.0
		ub :	37.2622	62.8958	426.4978
		lb :	21.7378	48.1042	411.5022
		A:
			-0.9503	0.3106	0.0206
			-0.7423	-0.5603	0.3674
			0.9649	-0.0024	-0.2625
			-0.962	-0.2712	-0.0324
			-0.9543	0.2716	0.1245
			0.3912	0.6871	-0.6123
			0.8191	0.5288	0.2221
			0.509	-0.8487	0.1437
			0.2645	-0.0047	-0.9644
			-0.8191	-0.5288	-0.2221
			-0.509	0.8487	-0.1437
			-0.2645	0.0047	0.9644
		b:
			3.3603
			105.427
			-76.6865
			-53.0868
			44.5773
			-201.3829
			150.0673
			34.6378
			-390.5322
			-143.0673
			-21.6378
			402.5322
	==================================================================================
	Q6:
		Shape: Ellipse
		q_c:	34.5	50.0	433.0
		ub :	41.1734	55.9131	440.1376
		lb :	27.8266	44.0869	425.8624
		P^-1:
			0.0786	-0.0763	-0.0439
			-0.0763	0.1664	0.0698
			-0.0439	0.0698	0.078


===========================================================================================
===========================================================================================
S10:
	q_c:	309.0	253.0	345.0
	ub :	313.9483	259.1734	350.052
	lb :	304.1259	249.5094	341.7064

	==================================================================================
	Q1:
		Shape: Ellipse
		q_c:	309.5	256.0	347.0
		ub :	312.0347	259.1034	350.052
		lb :	306.9653	252.8966	343.948
		P^-1:
			0.3106	0.0664	0.0608
			0.0664	0.3228	0.0667
			0.0608	0.0667	0.311
	==================================================================================
	Q2:
		Shape: Hybrid
		q_c:	306.5	252.0	343.5
		ub :	308.8741	254.3107	345.2936
		lb :	304.1259	249.6893	341.7064
		P^-1:
			1.0647	0.8755	-1.124
			0.8755	1.2433	-1.383
			-1.124	-1.383	2.3865
		A:
			-0.6693	-0.421	0.6122
			0.2065	0.8143	-0.5424
			-0.4491	-0.6929	0.5642
			-0.5302	-0.4466	0.7208
			0.0209	0.636	-0.7714
			0.5566	0.6881	-0.4656
		b:
			-100.5402
			82.8759
			-118.0431
			-27.1502
			-97.6622
			184.5165
	==================================================================================
	Q3:
		Shape: Ellipse
		q_c:	311.0	255.0	345.5
		ub :	313.648	258.0069	348.8013
		lb :	308.352	251.9931	342.1987
		P^-1:
			0.7377	0.3559	0.1186
			0.3559	0.4675	0.0306
			0.1186	0.0306	0.2048
	==================================================================================
	Q4:
		Shape: Hybrid
		q_c:	310.5	257.0	345.0
		ub :	312.9262	259.1734	347.6365
		lb :	308.0738	254.8266	342.3635
		P^-1:
			0.3747	0.0084	0.0929
			0.0084	0.2506	0.0062
			0.0929	0.0062	0.3192
		A:
			-0.999	0.0315	-0.0308
			-0.1293	-0.2572	-0.9577
			-0.2363	-0.7848	0.5729
			0.1717	0.5354	0.827
			0.9128	-0.402	-0.072
			-0.3371	-0.9328	0.1276
		b:
			-311.7912
			-435.6222
			-76.174
			477.2602
			156.3184
			-299.1275
	==================================================================================
	Q5:
		Shape: Polyhedra
		q_c:	312.0	252.5	346.0
		ub :	313.9483	254.3873	348.2167
		lb :	310.0517	250.6127	343.7833
		A:
			0.9062	-0.3852	0.1747
			0.6796	0.1749	-0.7124
			-0.4046	0.5962	0.6935
			0.632	-0.4549	-0.6274
			0.9738	-0.1951	-0.1166
			-0.1564	-0.1505	0.9762
			0.3066	0.0896	0.9476
			-0.2845	0.9587	0.0014
			-0.9083	-0.2701	0.3194
			-0.3066	-0.0896	-0.9476
			0.2845	-0.9587	-0.0014
			0.9083	0.2701	-0.3194
		b:
			247.3132
			10.9813
			265.846
			-133.3521
			215.3793
			252.7665
			448.1525
			155.2712
			-240.0781
			-444.1525
			-152.2712
			242.0781
	==================================================================================
	Q6:
		Shape: Ellipse
		q_c:	310.5	253.0	346.5
		ub :	312.9105	256.4906	350.0272
		lb :	308.0895	249.5094	342.9728
		P^-1:
			0.4017	0.0459	-0.0669
			0.0459	0.2222	-0.0654
			-0.0669	-0.0654	0.2305


===========================================================================================
===========================================================================================
S11:
	q_c:	454.5	57.0	488.5
	ub :	461.717	64.3521	496.2113
	lb :	446.7455	52.0225	481.4805

	==================================================================================
	Q1:
		Shape: Polyhedra
		q_c:	452.5	60.0	486.0
		ub :	456.9611	64.3521	489.5614
		lb :	448.0389	55.6479	482.4386
		A:
			0.4589	0.602	-0.6534
			0.4508	0.8448	-0.2882
			0.6969	-0.5099	0.5043
			-0.3044	-0.9034	0.3022
			-0.0329	-0.8931	-0.4486
			0.3091	0.6416	-0.702
			0.6642	0.5269	0.5303
			-0.7169	0.65	0.2521
			-0.2118	-0.5476	0.8095
			-0.6642	-0.5269	-0.5303
			0.7169	-0.65	-0.2521
			0.2118	0.5476	-0.8095
		b:
			-72.1041
			116.7972
			532.4981
			-42.9193
			-283.5277
			-161.2669
			592.8851
			-159.8721
			266.1895
			-586.8851
			165.8721
			-263.1895
	==================================================================================
	Q2:
		Shape: Polyhedra
		q_c:	455.0	57.0	485.5
		ub :	459.2419	60.3018	489.5195
		lb :	450.7581	53.6982	481.4805
		A:
			-0.8915	0.423	-0.1622
			0.3344	-0.3709	0.8664
			0.7439	0.5962	-0.3018
			-0.7939	0.4466	0.4127
			-0.0839	-0.9694	0.2306
			0.106	0.9329	-0.3442
			0.7499	0.4099	0.5192
			0.4319	-0.8979	0.0851
			0.5011	0.1604	-0.8504
			-0.7499	-0.4099	-0.5192
			-0.4319	0.8979	-0.0851
			-0.5011	-0.1604	0.8504
		b:
			-458.0325
			554.2264
			228.7047
			-132.8538
			20.783
			-63.3984
			619.1563
			188.6533
			-172.7265
			-614.1563
			-184.6533
			178.7265
	==================================================================================
	Q3:
		Shape: Polyhedra
		q_c:	450.0	58.0	493.0
		ub :	453.2545	60.7658	496.2113
		lb :	446.7455	55.2342	489.7887
		A:
			0.3347	0.9382	-0.0878
			-0.0125	0.4957	0.8684
			0.3515	0.9205	-0.1708
			-0.5265	-0.8418	-0.1193
			-0.0287	0.6533	0.7565
			-0.3747	0.0171	0.927
			0.1651	0.7227	0.6712
			-0.3516	0.6789	-0.6446
			-0.9215	-0.1296	0.3662
			-0.1651	-0.7227	-0.6712
			0.3516	-0.6789	0.6446
			0.9215	0.1296	-0.3662
		b:
			163.676
			452.849
			129.3466
			-342.6365
			399.4902
			291.4686
			448.5764
			-434.6128
			-239.1711
			-445.5764
			438.6128
			244.1711
	==================================================================================
	Q4:
		Shape: Polyhedra
		q_c:	459.5	55.5	492.5
		ub :	461.717	57.6874	495.6499
		lb :	457.283	53.3126	489.3501
		A:
			0.7079	-0.6468	0.2839
			-0.2641	-0.9557	-0.1302
			-0.918	-0.3701	-0.1424
			0.9357	-0.2077	0.2851
			0.9463	-0.2022	-0.2523
			0.4281	0.9018	0.0596
			0.7601	0.6117	0.2193
			-0.6265	0.7794	-0.0024
			-0.1724	-0.1355	0.9757
			-0.7601	-0.6117	-0.2193
			0.6265	-0.7794	0.0024
			0.1724	0.1355	-0.9757
		b:
			430.8123
			-237.343
			-511.4088
			560.2046
			301.0072
			277.2874
			492.1966
			-244.3415
			396.7824
			-490.1966
			247.3415
			-390.7824
	==================================================================================
	Q5:
		Shape: Polyhedra
		q_c:	452.5	55.0	491.5
		ub :	455.1431	57.9775	494.2322
		lb :	449.8569	52.0225	488.7678
		A:
			-0.2963	-0.9001	-0.3196
			0.4147	0.8645	0.2839
			-0.4705	-0.671	0.573
			0.9241	-0.2768	0.2633
			0.9485	0.2389	-0.2081
			0.7991	0.5442	-0.2555
			0.3556	0.7127	0.6046
			0.7053	0.2199	-0.674
			-0.6133	0.6661	-0.4245
			-0.3556	-0.7127	-0.6046
			-0.7053	-0.2199	0.674
			0.6133	-0.6661	0.4245
		b:
			-338.6635
			376.655
			33.1807
			534.221
			341.399
			267.3266
			499.2711
			0.9588
			-447.5275
			-495.2711
			1.0412
			451.5275
	==================================================================================
	Q6:
		Shape: Ellipse
		q_c:	455.5	58.0	488.5
		ub :	458.713	60.3214	490.5228
		lb :	452.287	55.6786	486.4772
		P^-1:
			0.1128	0.0151	-0.0008
			0.0151	0.2483	0.0001
			-0.0008	0.0001	0.25


===========================================================================================
===========================================================================================
S12:
	q_c:	281.0	98.5	271.0
	ub :	283.6424	110.1998	277.3034
	lb :	269.8217	91.0617	261.0899

	==================================================================================
	Q1:
		Shape: Hybrid
		q_c:	275.0	98.5	272.0
		ub :	280.1783	101.8498	277.3034
		lb :	269.8217	95.1502	266.6966
		P^-1:
			0.1283	-0.0547	0.0408
			-0.0547	0.2075	-0.0332
			0.0408	-0.0332	0.0878
		A:
			0.157	-0.8102	0.5648
			0.8451	0.4499	-0.2887
			0.0769	0.979	-0.1887
			0.5052	0.8621	-0.0399
			0.2266	0.905	-0.36
			0.1123	-0.9634	-0.2435
		b:
			118.4342
			200.7243
			67.6899
			214.908
			55.2646
			-128.7159
	==================================================================================
	Q2:
		Shape: Hybrid
		q_c:	278.5	99.5	265.0
		ub :	282.3892	103.8241	268.9101
		lb :	274.6108	95.1759	261.0899
		P^-1:
			0.1362	0.0196	0.0146
			0.0196	0.1749	-0.0548
			0.0146	-0.0548	0.21
		A:
			0.0214	0.9737	0.2268
			-0.1896	-0.0387	-0.9811
			0.2823	0.876	0.3911
			-0.05	0.924	-0.379
			-0.4346	0.0558	-0.8989
			-0.7566	0.4174	0.5032
		b:
			164.6018
			-315.3798
			271.0157
			-21.1853
			-352.4561
			-33.8636
	==================================================================================
	Q3:
		Shape: Polyhedra
		q_c:	274.5	99.0	265.5
		ub :	276.782	102.8402	269.0534
		lb :	272.218	95.1598	261.9466
		A:
			-0.8133	0.431	0.3909
			0.3633	0.3169	0.8761
			0.6649	0.7465	-0.023
			-0.0523	-0.9103	-0.4105
			0.2174	-0.5725	-0.7905
			-0.1592	-0.8479	-0.5057
			0.9687	0.2456	0.0374
			0.153	-0.7084	0.6891
			0.1957	-0.6618	-0.7237
			-0.9687	-0.2456	-0.0374
			-0.153	0.7084	-0.6891
			-0.1957	0.6618	0.7237
		b:
			-75.2128
			365.7485
			252.3702
			-211.6031
			-205.3539
			-260.2312
			301.6269
			158.321
			-202.4505
			-298.6269
			-151.321
			205.4505
	==================================================================================
	Q4:
		Shape: Polyhedra
		q_c:	280.0	94.5	274.5
		ub :	283.6424	97.9383	277.2124
		lb :	276.3576	91.0617	271.7876
		A:
			-0.0918	-0.8304	-0.5496
			-0.5694	0.2349	0.7878
			-0.1178	-0.9642	-0.2374
			0.5341	0.3916	0.7493
			-0.2631	-0.1175	0.9576
			0.6588	-0.3864	0.6456
			0.3382	0.6685	0.6624
			0.9137	-0.4017	-0.0611
			0.2252	0.6259	-0.7467
			-0.3382	-0.6685	-0.6624
			-0.9137	0.4017	0.0611
			-0.2252	-0.6259	0.7467
		b:
			-253.727
			81.4978
			-187.6215
			393.5812
			180.3716
			327.7671
			340.6817
			204.1192
			-80.2523
			-338.6817
			-198.1192
			85.2523
	==================================================================================
	Q5:
		Shape: Polyhedra
		q_c:	279.5	106.5	266.5
		ub :	283.0844	110.1998	269.9671
		lb :	275.9156	102.8002	263.0329
		A:
			-0.3752	0.6923	0.6164
			-0.4083	-0.4073	-0.8169
			0.4822	-0.2402	-0.8425
			-0.3091	0.448	-0.8389
			0.1682	0.7828	0.5991
			-0.2583	0.3364	-0.9056
			0.9135	0.3872	0.1245
			0.2697	-0.8058	0.5272
			0.3045	-0.4481	-0.8405
			-0.9135	-0.3872	-0.1245
			-0.2697	0.8058	-0.5272
			-0.3045	0.4481	0.8405
		b:
			135.5726
			-372.7372
			-112.8566
			-260.1227
			292.5087
			-275.5288
			332.2511
			132.0762
			-184.1256
			-327.2511
			-128.0762
			189.1256
	==================================================================================
	Q6:
		Shape: Polyhedra
		q_c:	276.0	99.5	271.0
		ub :	280.1945	104.6977	276.1651
		lb :	271.8055	94.3023	265.8349
		A:
			0.6371	-0.1704	-0.7517
			0.8754	0.2454	-0.4166
			-0.8877	0.4528	-0.0835
			-0.2644	0.661	0.7023
			0.4397	-0.3574	-0.824
			-0.4114	0.3009	0.8604
			0.6503	0.6951	0.3066
			0.7346	-0.4725	-0.4869
			-0.1936	0.5419	-0.8179
