3D_40_7_6_b                l = 3

===========================================================================================
===========================================================================================
S1:
	q_c:	515.5	90.0	417.0
	ub :	529.9114	104.0665	428.3205
	lb :	498.8237	73.3555	399.4818

	==================================================================================
	Q1:
		Shape: Ellipse
		q_c:	509.5	98.5	411.5
		ub :	514.8302	104.0665	417.4229
		lb :	504.1698	92.9335	405.5771
		P^-1:
			0.0677	-0.0084	-0.0014
			-0.0084	0.076	0.0042
			-0.0014	0.0042	0.0335
	==================================================================================
	Q2:
		Shape: Polyhedra
		q_c:	522.0	88.5	412.5
		ub :	529.9114	95.324	419.6179
		lb :	514.0886	81.676	405.3821
		A:
			-0.5693	-0.817	-0.0917
			-0.3735	-0.5894	0.7163
			-0.0256	-0.6107	-0.7914
			0.9526	0.2955	-0.0719
			-0.6266	0.5447	-0.5573
			-0.2546	-0.8405	-0.4783
			0.3979	0.5772	0.7131
			-0.4692	0.796	-0.3825
			-0.7884	-0.1824	0.5875
			-0.3979	-0.5772	-0.7131
			0.4692	-0.796	0.3825
			0.7884	0.1824	-0.5875
		b:
			-403.2392
			53.8614
			-390.7633
			498.6851
			-503.5397
			-401.4874
			555.4307
			-326.7626
			-179.8151
			-550.4307
			337.7626
			190.8151
	==================================================================================
	Q3:
		Shape: Polyhedra
		q_c:	517.0	81.0	414.5
		ub :	524.171	88.6445	421.3173
		lb :	509.829	73.3555	407.6827
		A:
			-0.112	0.6883	-0.7168
			-0.8675	-0.0183	0.497
			-0.1875	-0.5449	0.8173
			0.1644	0.4262	0.8895
			0.2639	0.7736	0.576
			-0.7253	0.476	0.4974
			0.8661	0.4986	0.0364
			0.4712	-0.8386	0.2734
			0.1668	-0.2197	-0.9612
			-0.8661	-0.4986	-0.0364
			-0.4712	0.8386	-0.2734
			-0.1668	0.2197	0.9612
		b:
			-294.1062
			-239.0563
			202.8308
			493.5814
			442.9396
			-125.0407
			507.7223
			294.038
			-324.4766
			-498.7223
			-284.038
			335.4766
	==================================================================================
	Q4:
		Shape: Ellipse
		q_c:	511.0	97.0	414.5
		ub :	517.1806	101.6023	420.9884
		lb :	504.8194	92.3977	408.0116
		P^-1:
			0.0537	0.0004	0.0063
			0.0004	0.0806	0.0046
			0.0063	0.0046	0.0593
	==================================================================================
	Q5:
		Shape: Ellipse
		q_c:	506.5	80.0	421.5
		ub :	514.1763	85.0037	428.3205
		lb :	498.8237	74.9963	414.6795
		P^-1:
			0.0956	0.0324	-0.095
			0.0324	0.1119	-0.0586
			-0.095	-0.0586	0.1445
	==================================================================================
	Q6:
		Shape: Hybrid
		q_c:	516.5	90.5	408.0
		ub :	524.9862	98.9623	416.5182
		lb :	508.0138	82.0377	399.4818
		P^-1:
			0.0442	0.005	0.0161
			0.005	0.032	0.0017
			0.0161	0.0017	0.0471
		A:
			-0.8791	0.2564	-0.4019
			0.5854	0.7355	0.341
			0.9716	0.1383	0.192
			-0.7831	0.6044	-0.1466
			0.2075	-0.0954	0.9736
			-0.8449	-0.457	0.278
		b:
			-592.1525
			510.8179
			595.3636
			-406.1192
			498.355
			-361.0083


===========================================================================================
===========================================================================================
S2:
	q_c:	320.5	494.0	209.5
	ub :	337.0574	506.4642	221.7623
	lb :	302.7458	476.1599	194.9127

	==================================================================================
	Q1:
		Shape: Polyhedra
		q_c:	319.5	492.0	200.0
		ub :	322.9884	496.3003	203.8306
		lb :	316.0116	487.6997	196.1694
		A:
			-0.8887	-0.2471	-0.3862
			-0.5821	-0.5252	0.6207
			-0.693	0.5238	-0.4954
			-0.0813	0.9233	-0.3755
			0.855	-0.4919	-0.1642
			-0.7472	0.2551	0.6138
			0.2556	0.9177	0.304
			0.1064	0.2859	-0.9523
			-0.9609	0.2758	-0.0246
			-0.2556	-0.9177	-0.304
			-0.1064	-0.2859	0.9523
			0.9609	-0.2758	0.0246
		b:
			-480.075
			-317.3077
			-60.0906
			356.1374
			0.8439
			12.2475
			597.0033
			-12.8211
			-173.7216
			-591.0033
			18.8211
			178.7216
	==================================================================================
	Q2:
		Shape: Hybrid
		q_c:	320.5	486.0	204.5
		ub :	327.1578	490.9978	208.092
		lb :	313.8422	481.0022	200.908
		P^-1:
			0.0641	0.0796	0.0136
			0.0796	0.2027	0.0352
			0.0136	0.0352	0.1221
		A:
			0.0712	-0.7563	-0.6504
			0.0082	-0.8993	-0.4372
			0.511	0.5382	-0.6702
			-0.2494	0.5747	-0.7794
			0.337	0.5303	-0.778
			-0.1208	-0.8129	-0.5698
		b:
			-475.6791
			-521.9121
			290.3221
			42.9038
			208.5086
			-548.8349
	==================================================================================
	Q3:
		Shape: Polyhedra
		q_c:	312.0	486.0	212.5
		ub :	320.0302	494.8649	221.7623
		lb :	303.9698	477.1351	203.2377
		A:
			-0.2911	-0.9566	0.0153
			-0.6458	-0.2929	-0.7051
			-0.0904	-0.1211	-0.9885
			0.4147	0.8757	0.2472
			-0.8338	-0.2673	-0.483
			-0.2884	-0.8515	-0.438
			0.5794	0.5376	0.6127
			-0.8135	0.334	0.4762
			0.0514	-0.7742	0.6308
			-0.5794	-0.5376	-0.6127
			0.8135	-0.334	-0.4762
			-0.0514	0.7742	-0.6308
		b:
			-547.4417
			-489.9089
			-291.9901
			611.8128
			-488.5071
			-592.6356
			575.7169
			16.7035
			-220.2076
			-568.7169
			-2.7035
			232.2076
	==================================================================================
	Q4:
		Shape: Polyhedra
		q_c:	309.5	490.5	202.0
		ub :	316.2542	495.8871	209.0873
		lb :	302.7458	485.1129	194.9127
		A:
			-0.2029	-0.4407	-0.8744
			-0.5443	0.7259	-0.4205
			0.4521	0.8919	0.0149
			-0.3715	0.4169	-0.8296
			0.1843	0.5529	-0.8126
			0.8759	-0.1599	0.4552
			0.4148	0.6366	0.6501
			-0.4099	0.7686	-0.4912
			-0.8124	-0.0627	0.5797
			-0.4148	-0.6366	-0.6501
			0.4099	-0.7686	0.4912
			0.8124	0.0627	-0.5797
		b:
			-450.6808
			105.2236
			584.8057
			-74.8661
			167.6568
			288.4677
			576.9681
			153.4215
			-160.6052
			-566.9681
			-148.4215
			169.6052
	==================================================================================
	Q5:
		Shape: Ellipse
		q_c:	330.0	483.5	208.0
		ub :	337.0574	490.8401	213.4773
		lb :	322.9426	476.1599	202.5227
		P^-1:
			0.0665	0.0223	0.0031
			0.0223	0.0488	-0.0045
			0.0031	-0.0045	0.081
	==================================================================================
	Q6:
		Shape: Ellipse
		q_c:	319.5	497.5	203.0
		ub :	326.6884	506.4642	209.6119
		lb :	312.3116	488.5358	196.3881
		P^-1:
			0.0438	-0.0107	-0.004
			-0.0107	0.0353	-0.0207
			-0.004	-0.0207	0.0724


===========================================================================================
===========================================================================================
S3:
	q_c:	379.5	439.5	277.5
	ub :	398.7762	464.8582	303.9718
	lb :	358.0958	416.6403	260.0712

	==================================================================================
	Q1:
		Shape: Polyhedra
		q_c:	377.0	446.0	284.0
		ub :	384.55	452.7675	288.3619
		lb :	369.45	439.2325	279.6381
		A:
			-0.3164	-0.3903	-0.8646
			0.6659	-0.6515	0.3635
			0.0532	-0.9264	-0.3728
			0.3318	0.1481	-0.9316
			0.3495	0.2068	0.9138
			0.6263	-0.7285	-0.2774
			0.875	0.4821	0.0437
			0.4814	-0.8572	-0.1829
			-0.0507	0.1811	-0.9822
			-0.875	-0.4821	-0.0437
			-0.4814	0.8572	0.1829
			0.0507	-0.1811	0.9822
		b:
			-534.4791
			67.5195
			-494.7936
			-69.5121
			487.7771
			-163.9327
			563.8099
			-249.2838
			-213.7717
			-550.8099
			256.2838
			220.7717
	==================================================================================
	Q2:
		Shape: Ellipse
		q_c:	374.0	424.5	267.0
		ub :	381.3038	432.3597	269.9615
		lb :	366.6962	416.6403	264.0385
		P^-1:
			0.0972	0.0556	-0.11
			0.0556	0.061	-0.0717
			-0.11	-0.0717	0.3883
	==================================================================================
	Q3:
		Shape: Hybrid
		q_c:	393.5	426.0	272.0
		ub :	398.7762	430.9675	278.147
		lb :	388.2238	421.0325	265.853
		P^-1:
			0.0494	0.0053	0.0058
			0.0053	0.1917	0.0958
			0.0058	0.0958	0.0914
		A:
			-0.618	0.6743	0.4042
			0.4502	-0.8673	-0.2126
			-0.4048	0.8916	0.2031
			0.6069	-0.5245	-0.5972
			-0.027	-0.8118	-0.5834
			-0.5661	-0.7945	-0.2196
		b:
			156.2971
			-248.0839
			277.7566
			-144.5361
			-514.0718
			-618.7485
	==================================================================================
	Q4:
		Shape: Hybrid
		q_c:	380.5	432.0	267.0
		ub :	389.3554	440.6792	273.9288
		lb :	371.6446	423.3208	260.0712
		P^-1:
			0.0617	-0.0508	-0.0379
			-0.0508	0.0829	0.0465
			-0.0379	0.0465	0.0594
		A:
			-0.0817	-0.8325	0.548
			-0.6963	0.6161	0.3682
			-0.5611	0.7836	0.2665
			0.0555	-0.6771	-0.7338
			-0.5364	0.3126	0.784
			0.5076	-0.7107	-0.4871
		b:
			-239.1347
			101.134
			197.9239
			-464.4591
			142.6995
			-242.6421
	==================================================================================
	Q5:
		Shape: Hybrid
		q_c:	377.0	455.0	284.5
		ub :	386.5468	464.8582	292.697
		lb :	367.4532	445.1418	276.303
		P^-1:
			0.0223	0.0051	0.0041
			0.0051	0.0346	0.0122
			0.0041	0.0122	0.0366
		A:
			0.6115	-0.2139	-0.7618
			0.0182	0.8939	0.4479
			-0.0823	0.915	0.395
			-0.3929	-0.0502	0.9182
			-0.6813	0.6067	-0.4097
			-0.0167	0.7541	0.6565
		b:
			-79.5632
			543.6908
			500.5755
			94.0757
			-92.7046
			526.0864
	==================================================================================
	Q6:
		Shape: Ellipse
		q_c:	370.5	440.5	292.0
		ub :	382.9042	449.1667	303.9718
		lb :	358.0958	431.8333	280.0282
		P^-1:
			0.0167	-0.005	-0.0026
			-0.005	0.0305	-0.0046
			-0.0026	-0.0046	0.0187


===========================================================================================
===========================================================================================
S4:
	q_c:	101.0	465.5	421.5
	ub :	122.1442	482.4944	437.0781
	lb :	78.4938	444.0484	408.2905

	==================================================================================
	Q1:
		Shape: Polyhedra
		q_c:	95.5	464.0	430.5
		ub :	102.7346	471.4673	437.0781
		lb :	88.2654	456.5327	423.9219
		A:
			-0.239	-0.4568	-0.8569
			0.8074	-0.1523	0.5701
			-0.317	0.7846	0.5328
			0.2766	0.1963	0.9407
			0.9494	-0.1727	-0.2625
			0.2999	0.6327	-0.714
			0.1866	0.6045	0.7744
			0.5884	0.5625	-0.5809
			-0.7867	0.564	-0.2508
			-0.1866	-0.6045	-0.7744
			-0.5884	-0.5625	0.5809
			0.7867	-0.564	0.2508
		b:
			-600.1103
			256.5156
			567.179
			526.2806
			-97.678
			19.3955
			635.2104
			71.6206
			83.6339
			-628.2104
			-62.6206
			-73.6339
	==================================================================================
	Q2:
		Shape: Hybrid
		q_c:	92.0	467.5	423.5
		ub :	98.7698	472.0696	430.4728
		lb :	85.2302	462.9304	416.5272
		P^-1:
			0.055	-0.0476	0.0256
			-0.0476	0.1913	-0.0813
			0.0256	-0.0813	0.0837
		A:
			-0.5191	0.0647	0.8523
			0.5754	-0.8022	0.159
			-0.4313	-0.7767	0.4591
			-0.3516	0.9352	-0.0417
			-0.161	-0.9865	-0.0297
			-0.7319	-0.4404	-0.5199
		b:
			347.3389
			-252.9939
			-205.7448
			388.9803
			-486.0829
			-489.426
	==================================================================================
	Q3:
		Shape: Hybrid
		q_c:	88.5	471.5	423.5
		ub :	98.5062	482.469	434.2496
		lb :	78.4938	460.531	412.7504
		P^-1:
			0.0256	-0.0028	-0.0103
			-0.0028	0.0172	0.0047
			-0.0103	0.0047	0.0306
		A:
			0.2069	0.5936	0.7777
			0.5105	-0.4067	-0.7576
			-0.2599	0.7949	-0.5482
			0.1931	-0.5992	-0.777
			0.9428	-0.0427	-0.3306
			0.8242	-0.4065	-0.3942
		b:
			631.7488
			-464.805
			125.0977
			-591.1295
			-73.2838
			-282.491
	==================================================================================
	Q4:
		Shape: Hybrid
		q_c:	99.5	455.5	419.5
		ub :	107.9487	466.9516	430.7095
		lb :	91.0513	444.0484	408.2905
		P^-1:
			0.036	-0.0066	-0.003
			-0.0066	0.0224	0.0057
			-0.003	0.0057	0.0209
		A:
			0.4557	-0.7823	-0.4246
			0.1615	0.9359	0.3131
			-0.2055	-0.9426	-0.2632
			-0.1463	0.9396	0.3094
			0.9292	-0.32	0.1848
			0.1918	-0.9814	-0.0095
		b:
			-486.0206
			577.9322
			-555.8801
			547.078
			27.1681
			-427.6223
	==================================================================================
	Q5:
		Shape: Ellipse
		q_c:	115.0	466.5	428.5
		ub :	122.1442	472.7895	436.5144
		lb :	107.8558	460.2105	420.4856
		P^-1:
			0.0448	-0.0065	-0.0161
			-0.0065	0.0601	-0.0059
			-0.0161	-0.0059	0.0479
	==================================================================================
	Q6:
		Shape: Polyhedra
		q_c:	112.0	476.5	427.5
		ub :	119.9239	482.4944	435.217
		lb :	104.0761	470.5056	419.783
		A:
			-0.2975	-0.8229	-0.484
			0.9279	0.3242	-0.1841
			0.0321	0.1494	0.9883
			-0.4067	0.5471	-0.7317
			0.2765	0.8022	0.5292
			0.1568	-0.5974	-0.7865
			0.7385	0.1031	0.6664
			-0.5997	-0.3513	0.719
			0.3083	-0.9306	-0.1976
			-0.7385	-0.1031	-0.6664
			0.5997	0.3513	-0.719
			-0.3083	0.9306	0.1976
		b:
			-627.9318
			184.707
			502.1792
			-92.877
			643.8821
			-598.8616
			421.718
			77.7821
			-489.3573
			-411.718
			-67.7821
			497.3573


===========================================================================================
===========================================================================================
S5:
	q_c:	420.5	292.0	511.0
	ub :	424.1067	305.8067	525.5301
	lb :	405.9923	277.8517	497.4558

	==================================================================================
	Q1:
		Shape: Ellipse
		q_c:	411.5	291.5	513.0
		ub :	417.0077	299.0441	520.4238
		lb :	405.9923	283.9559	505.5762
		P^-1:
			0.0777	-0.009	-0.0099
			-0.009	0.0407	-0.0146
			-0.0099	-0.0146	0.0535
	==================================================================================
	Q2:
		Shape: Polyhedra
		q_c:	416.0	302.0	516.0
		ub :	421.7961	305.8067	521.917
		lb :	410.2039	298.1933	510.083
		A:
			-0.4507	0.8841	-0.1238
			0.29	-0.9415	0.172
			0.1229	-0.9673	-0.222
			-0.8971	0.4252	0.1197
			-0.5455	0.7185	-0.4315
			-0.2376	0.9411	-0.2407
			0.4343	0.5081	0.7438
			-0.7579	-0.2402	0.6066
			0.4869	-0.8271	0.2808
			-0.4343	-0.5081	-0.7438
			0.7579	0.2402	-0.6066
			-0.4869	0.8271	-0.2808
		b:
			16.8072
			-73.5722
			-353.297
			-179.6666
			-231.3949
			62.7011
			721.4016
			-69.814
			98.6533
			-714.4016
			79.814
			-96.6533
	==================================================================================
	Q3:
		Shape: Hybrid
		q_c:	417.5	285.0	510.5
		ub :	424.1067	292.1483	517.2079
		lb :	410.8933	277.8517	503.7921
		P^-1:
			0.0562	-0.005	-0.0099
			-0.005	0.0631	-0.017
			-0.0099	-0.017	0.0649
		A:
			0.1152	-0.3378	0.9341
			0.393	-0.7171	0.5756
			-0.3271	0.7617	0.5593
			-0.8642	0.397	0.309
			-0.335	-0.6261	-0.7041
			-0.6217	0.5879	-0.5177
		b:
			430.8147
			255.467
			368.6608
			-87.6607
			-674.5561
			-354.1084
	==================================================================================
	Q4:
		Shape: Polyhedra
		q_c:	418.0	284.0	503.0
		ub :	421.8843	289.4512	508.5442
		lb :	414.1157	278.5488	497.4558
		A:
			-0.8027	0.557	0.2132
			-0.4594	0.0167	0.8881
			0.0882	0.9044	-0.4175
			0.6954	0.6344	-0.3377
			0.8097	-0.36	-0.4634
			0.8135	-0.2439	-0.5279
			0.2757	0.762	0.586
			-0.9239	0.0417	0.3803
			0.2653	-0.6463	0.7155
			-0.2757	-0.762	-0.586
			0.9239	-0.0417	-0.3803
			-0.2653	0.6463	-0.7155
		b:
			-67.544
			262.2723
			87.0694
			303.9579
			5.5452
			7.498
			630.8856
			-181.0338
			290.2782
			-621.8856
			185.0338
			-284.2782
	==================================================================================
	Q5:
		Shape: Polyhedra
		q_c:	417.0	297.5	520.0
		ub :	421.3257	301.6003	525.5301
		lb :	412.6743	293.3997	514.4699
		A:
			-0.6469	0.6776	-0.3499
			0.1326	-0.9888	0.0692
			0.1368	0.6487	-0.7487
			-0.0785	0.9741	-0.2119
			-0.5754	0.5798	-0.5768
			0.6595	-0.4026	0.6347
			0.2374	0.4021	0.8843
			-0.4536	0.8508	-0.2651
			-0.859	-0.3382	0.3844
			-0.2374	-0.4021	-0.8843
			0.4536	-0.8508	0.2651
			0.859	0.3382	-0.3844
		b:
			-248.3294
			-200.8022
			-136.5736
			148.8254
			-365.08
			488.1371
			682.9435
			-72.3964
			-255.9381
			-673.9435
			75.3964
			261.9381
	==================================================================================
	Q6:
		Shape: Ellipse
		q_c:	414.5	287.0	505.0
		ub :	420.4089	293.1357	509.5219
		lb :	408.5911	280.8643	500.4781
		P^-1:
			0.0711	0.0331	0.0121
			0.0331	0.0837	-0.01
			0.0121	-0.01	0.1074


===========================================================================================
===========================================================================================
S6:
	q_c:	303.5	429.0	179.0
	ub :	323.3787	445.1325	204.3393
	lb :	287.6022	415.7257	149.5705

	==================================================================================
	Q1:
		Shape: Polyhedra
		q_c:	307.5	434.0	167.0
		ub :	317.1435	445.1325	178.3609
		lb :	297.8565	422.8675	155.6391
		A:
			0.6128	0.0618	0.7879
			0.3888	-0.1757	0.9044
			-0.0342	0.5007	0.865
			-0.1585	-0.7451	-0.6479
			0.8877	0.4497	-0.0984
			-0.1643	-0.5462	-0.8214
			0.8138	0.0994	0.5726
			0.0814	0.956	-0.2818
			-0.5754	0.2759	0.7699
			-0.8138	-0.0994	-0.5726
			-0.0814	-0.956	0.2818
			0.5754	-0.2759	-0.7699
		b:
			352.9451
			201.0707
			358.0866
			-472.9465
			458.8927
			-417.942
			395.0254
			401.889
			78.4052
			-383.0254
			-383.889
			-64.4052
	==================================================================================
	Q2:
		Shape: Hybrid
		q_c:	297.0	428.5	194.0
		ub :	306.3978	438.0456	204.3393
		lb :	287.6022	418.9544	183.6607
		P^-1:
			0.0831	-0.0493	-0.0571
			-0.0493	0.0611	0.023
			-0.0571	0.023	0.0648
		A:
			-0.635	0.7609	0.1332
			0.4845	-0.579	-0.6558
			-0.5549	0.3541	0.7528
			-0.5881	0.795	0.1488
			-0.9854	0.1695	-0.0181
			0.4708	-0.1373	-0.8715
		b:
			165.3429
			-229.0014
			134.9402
			196.9159
			-217.7567
			-85.4872
	==================================================================================
	Q3:
		Shape: Ellipse
		q_c:	304.0	431.0	170.5
		ub :	311.1458	440.4533	180.1742
		lb :	296.8542	421.5467	160.8258
		P^-1:
			0.0568	0.0014	-0.0127
			0.0014	0.0226	0.0071
			-0.0127	0.0071	0.034
	==================================================================================
	Q4:
		Shape: Hybrid
		q_c:	308.5	423.0	185.0
		ub :	319.4059	430.2743	188.1145
		lb :	297.5941	415.7257	181.8855
		P^-1:
			0.0117	-0.0069	0.0002
			-0.0069	0.0384	-0.0014
			0.0002	-0.0014	0.1111
		A:
			0.02	-0.9794	-0.2011
			-0.3094	-0.7268	0.6132
			0.3376	-0.2274	-0.9134
			-0.2457	-0.8411	-0.4818
			0.053	-0.4896	-0.8703
			-0.696	0.4666	-0.5457
		b:
			-441.5191
			-284.9817
			-158.3372
			-516.2278
			-349.5704
			-113.1641
	==================================================================================
	Q5:
		Shape: Polyhedra
		q_c:	315.0	424.0	185.5
		ub :	323.3787	431.024	194.1752
		lb :	306.6213	416.976	176.8248
		A:
			-0.6056	0.7744	0.1833
			0.6185	0.7042	0.3487
			-0.6861	0.7083	-0.1664
			0.1665	0.0838	-0.9825
			0.6825	0.6019	0.4145
			-0.0912	0.9958	-0.0002
			0.4566	0.6958	0.5544
			-0.3798	0.716	-0.5858
			-0.8045	0.0569	0.5912
			-0.4566	-0.6958	-0.5544
			0.3798	-0.716	0.5858
			0.8045	-0.0569	-0.5912
		b:
			176.7063
			562.6566
			58.4482
			-89.1186
			551.6958
			398.2742
			546.1972
			80.2827
			-114.1158
			-537.1972
			-70.2827
			125.1158
	==================================================================================
	Q6:
		Shape: Ellipse
		q_c:	298.0	430.5	157.0
		ub :	306.1672	434.8183	164.4295
		lb :	289.8328	426.1817	149.5705
		P^-1:
			0.022	0.0103	0.0064
			0.0103	0.1447	0.0401
			0.0064	0.0401	0.0468


===========================================================================================
===========================================================================================
S7:
	q_c:	65.5	205.5	236.0
	ub :	76.0317	216.2061	244.8966
	lb :	56.592	193.3806	225.4659

	==================================================================================
	Q1:
		Shape: Polyhedra
		q_c:	63.5	200.0	233.5
		ub :	68.9675	204.7746	238.464
		lb :	58.0325	195.2254	228.536
		A:
			-0.5067	-0.3581	-0.7842
			-0.521	-0.8531	0.0297
			-0.5724	0.7261	-0.381
			0.3601	-0.9222	-0.1412
			-0.5068	-0.2701	-0.8186
			-0.0477	0.42	0.9063
			0.3078	0.2373	0.9214
			0.0793	0.9586	-0.2734
			-0.9482	0.1572	0.2762
			-0.3078	-0.2373	-0.9214
			-0.0793	-0.9586	0.2734
			0.9482	-0.1572	-0.2762
		b:
			-283.8217
			-193.1554
			23.6777
			-190.7528
			-274.2693
			295.8318
			285.1529
			136.4198
			40.2292
			-279.1529
			-129.4198
			-31.2292
	==================================================================================
	Q2:
		Shape: Polyhedra
		q_c:	61.0	211.0	229.5
		ub :	65.2741	214.6929	233.5341
		lb :	56.7259	207.3071	225.4659
		A:
			-0.0999	0.5194	-0.8487
			0.9112	0.1526	-0.3827
			-0.0856	-0.5352	0.8404
			0.7918	0.5759	-0.2035
			-0.8381	0.3957	-0.3756
			0.3522	0.8602	-0.3688
			0.6089	0.4925	0.6218
			-0.6586	-0.1231	0.7424
			0.4422	-0.8615	0.2495
			-0.6089	-0.4925	-0.6218
			0.6586	0.1231	-0.7424
			-0.4422	0.8615	-0.2495
		b:
			-88.7859
			2.4716
			77.222
			125.6092
			-51.3256
			120.8609
			286.2792
			106.7281
			-95.0609
			-281.2792
			-101.7281
			100.0609
	==================================================================================
	Q3:
		Shape: Polyhedra
		q_c:	61.5	211.0	240.5
		ub :	66.408	216.2061	244.8966
		lb :	56.592	205.7939	236.1034
		A:
			0.5735	0.769	0.2823
			-0.5831	-0.3653	0.7257
			0.3772	0.6483	0.6614
			-0.2834	0.7466	0.6019
			-0.7695	-0.5786	0.2702
			-0.1842	0.9778	-0.0995
			0.494	0.8148	0.3033
			0.8615	-0.5058	-0.0443
			0.1173	0.2832	-0.9518
			-0.494	-0.8148	-0.3033
			-0.8615	0.5058	0.0443
			-0.1173	-0.2832	0.9518
		b:
			268.4355
			65.0283
			322.136
			288.1619
			-101.2073
			174.3545
			278.2638
			-60.9011
			-158.4439
			-272.2638
			67.9011
			165.4439
	==================================================================================
	Q4:
		Shape: Hybrid
		q_c:	65.5	200.0	232.0
		ub :	71.1067	206.6194	238.3732
		lb :	59.8933	193.3806	225.6268
		P^-1:
			0.094	0.0428	-0.0415
			0.0428	0.0829	-0.0219
			-0.0415	-0.0219	0.0857
		A:
			-0.6447	0.2488	-0.7228
			-0.1459	0.8339	0.5322
			-0.758	-0.6017	-0.2517
			-0.9202	0.1531	0.3603
			0.3532	0.6989	0.6219
			0.9668	0.148	-0.2081
		b:
			-156.5708
			283.5656
			-226.1036
			56.4454
			309.883
			46.8466
	==================================================================================
	Q5:
		Shape: Polyhedra
		q_c:	62.0	200.5	237.5
		ub :	66.7598	204.0261	242.0969
		lb :	57.2402	196.9739	232.9031
		A:
			-0.331	-0.9043	-0.2696
			-0.3232	-0.9448	-0.0539
			-0.5413	-0.6995	-0.4666
			0.31	0.3012	0.9018
			0.5418	0.1603	-0.825
			0.0381	-0.9105	-0.4118
			0.4678	0.6708	0.5754
			-0.5131	0.7363	-0.4412
			-0.7196	-0.0889	0.6886
			-0.4678	-0.6708	-0.5754
			0.5131	-0.7363	0.4412
			0.7196	0.0889	-0.6886
		b:
			-264.0156
			-220.095
			-283.0661
			295.8754
			-126.748
			-275.8594
			301.6744
			14.0277
			104.615
			-298.6744
			-8.0277
			-97.615
	==================================================================================
	Q6:
		Shape: Hybrid
		q_c:	69.5	207.0	240.5
		ub :	76.0317	213.2167	244.7077
		lb :	62.9683	200.7833	236.2923
		P^-1:
			0.0696	-0.0227	-0.0286
			-0.0227	0.0621	0.0024
			-0.0286	0.0024	0.15
		A:
			-0.9851	0.1715	0.0108
			0.0433	-0.1203	-0.9918
			0.4648	-0.6705	-0.5783
			0.3329	0.0141	0.9429
			-0.5135	0.1504	0.8448
			-0.9634	0.029	-0.2664
		b:
			-27.6859
			-258.952
			-243.7282
			254.8078
			199.9723
			-121.9818


===========================================================================================
===========================================================================================
