3D_40_10_6_d                l = 3

===========================================================================================
===========================================================================================
S1:
	q_c:    16.0000    225.0000    393.0000
	ub :    25.0000    229.0000    422.0000
	lb :    7.0000    221.0000    364.0000

	==================================================================================
	Q1:
		Shape: Ellipse
		q_c:    20.5000    223.5000    391.5000
		ub :    22.9983    225.8827    394.0485
		lb :    18.0017    221.1173    388.9515
		P^-1: 
			    0.4444    -0.0000    -0.0000
			    -0.0000    0.4444    -0.0000
			    -0.0000    -0.0000    0.4444
	==================================================================================
	Q2:
		Shape: Hybrid
		q_c:    16.0000    227.0000    395.5000
		ub :    19.4201    230.5412    398.8586
		lb :    12.5799    223.4588    392.1414
		P^-1: 
			    0.2104    -0.1149    -0.0999
			    -0.1149    0.2962    0.0481
			    -0.0999    0.0481    0.2989
		A:
			    0.4724    0.7175    0.5119
			    -0.0454    0.2349    0.9710
			    0.0969    -0.9935    -0.0594
			    0.7296    0.5641    -0.3865
			    0.5747    -0.8183    0.0066
			    0.2320    -0.5762    0.7837
		b:
			    374.8689
			    437.8152
			    -246.2664
			    -11.3563
			    -172.9877
			    184.1548
	==================================================================================
	Q3:
		Shape: Polyhedra
		q_c:    14.5000    223.5000    394.0000
		ub :    16.5484    225.2231    395.6812
		lb :    12.4516    221.7769    392.3188
		A:
			    0.7427    -0.0961    0.6627
			    -0.4421    -0.2235    -0.8687
			    -0.3426    -0.2760    -0.8980
			    -0.5892    -0.5120    -0.6250
			    -0.2258    0.2458    -0.9427
			    0.5930    0.0443    0.8040
			    0.4629    0.2124    0.8606
			    -0.0301    0.9741    -0.2242
			    -0.8859    0.0779    0.4573
			    -0.4629    -0.2124    -0.8606
			    0.0301    -0.9741    0.2242
			    0.8859    -0.0779    -0.4573
		b:
			    251.3534
			    -398.1106
			    -419.9174
			    -368.4463
			    -318.8426
			    335.8778
			    393.7466
			    130.4336
			    186.7477
			    -392.7466
			    -127.4336
			    -182.7477
	==================================================================================
	Q4:
		Shape: Ellipse
		q_c:    20.0000    223.5000    395.0000
		ub :    23.0081    226.6349    397.7127
		lb :    16.9919    220.3651    392.2873
		P^-1: 
			    0.2870    -0.0317    -0.0694
			    -0.0317    0.2771    0.0595
			    -0.0694    0.0595    0.3803
	==================================================================================
	Q5:
		Shape: Hybrid
		q_c:    20.5000    227.5000    391.5000
		ub :    23.6883    230.9321    394.1481
		lb :    17.3117    224.0679    388.8519
		P^-1: 
			    0.1715    0.0212    0.0519
			    0.0212    0.1990    0.0955
			    0.0519    0.0955    0.3939
		A:
			    0.2894    -0.7348    -0.6134
			    -0.9772    -0.2116    -0.0200
			    0.0912    -0.9692    -0.2286
			    -0.4409    -0.5682    0.6948
			    0.1058    -0.5761    -0.8105
			    -0.5595    0.7440    0.3654
		b:
			    -400.1748
			    -74.3039
			    -306.6414
			    135.3774
			    -445.2790
			    302.3933
	==================================================================================
	Q6:
		Shape: Ellipse
		q_c:    13.5000    222.0000    390.5000
		ub :    16.6908    223.3880    393.5894
		lb :    10.3092    220.6120    387.4106
		P^-1: 
			    0.1743    -0.1085    -0.0004
			    -0.1085    0.9857    0.0028
			    -0.0004    0.0028    0.1600


===========================================================================================
===========================================================================================
S2:
	q_c:    107.0000    223.0000    184.0000
	ub :    126.0000    256.0000    199.0000
	lb :    88.0000    190.0000    169.0000

	==================================================================================
	Q1:
		Shape: Hybrid
		q_c:    116.0000    211.0000    169.0000
		ub :    125.0211    215.5278    178.2023
		lb :    106.9789    206.4722    159.7977
		P^-1: 
			    0.0158    0.0039    0.0006
			    0.0039    0.1090    0.0135
			    0.0006    0.0135    0.0176
		A:
			    -0.3301    -0.7572    -0.5636
			    0.2130    0.8432    0.4936
			    -0.3808    0.8870    -0.2612
			    0.0015    -0.9376    -0.3478
			    0.7801    0.3361    -0.5277
			    -0.0224    -0.8775    -0.4791
		b:
			    -289.8240
			    288.8021
			    102.5024
			    -254.5351
			    78.4353
			    -266.2550
	==================================================================================
	Q2:
		Shape: Hybrid
		q_c:    101.0000    221.5000    181.0000
		ub :    111.6323    230.5777    192.9398
		lb :    90.3677    212.4223    169.0602
		P^-1: 
			    0.0194    0.0000    -0.0028
			    0.0000    0.0233    -0.0018
			    -0.0028    -0.0018    0.0137
		A:
			    -0.2455    0.7462    -0.6188
			    -0.6196    0.6752    0.4002
			    0.3823    0.2722    -0.8831
			    0.5084    0.7042    0.4956
			    0.0753    -0.7302    -0.6791
			    -0.1930    0.8699    -0.4539
		b:
			    32.6043
			    163.1941
			    -56.4258
			    301.7723
			    -272.3662
			    94.6773
	==================================================================================
	Q3:
		Shape: Hybrid
		q_c:    113.5000    221.0000    178.0000
		ub :    122.9792    229.2553    186.9844
		lb :    104.0208    212.7447    169.0156
		P^-1: 
			    0.0351    -0.0020    -0.0072
			    -0.0020    0.0392    -0.0029
			    -0.0072    -0.0029    0.0294
		A:
			    0.5514    -0.8174    0.1670
			    -0.1262    -0.3452    0.9300
			    -0.0597    -0.7147    -0.6969
			    0.0066    0.8297    -0.5581
			    -0.1919    -0.9387    -0.2865
			    0.0053    0.9999    -0.0100
		b:
			    -85.7185
			    78.0151
			    -285.3707
			    87.3928
			    -277.2315
			    222.3745
	==================================================================================
	Q4:
		Shape: Hybrid
		q_c:    104.0000    236.5000    187.0000
		ub :    110.1480    244.6597    193.8533
		lb :    97.8520    228.3403    180.1467
		P^-1: 
			    0.0954    0.0310    -0.0066
			    0.0310    0.0497    0.0159
			    -0.0066    0.0159    0.0521
		A:
			    0.7966    0.6021    -0.0533
			    -0.2443    0.9669    0.0738
			    0.4172    0.8960    0.1518
			    0.2676    -0.0202    0.9633
			    0.4835    0.1550    0.8615
			    -0.9158    0.1063    0.3874
		b:
			    216.9674
			    221.2459
			    286.3216
			    206.7485
			    251.1212
			    4.4923
	==================================================================================
	Q5:
		Shape: Ellipse
		q_c:    103.5000    212.5000    193.5000
		ub :    113.9571    221.3497    202.5405
		lb :    93.0429    203.6503    184.4595
		P^-1: 
			    0.0254    0.0036    0.0000
			    0.0036    0.0313    0.0001
			    0.0000    0.0001    0.0237
	==================================================================================
	Q6:
		Shape: Hybrid
		q_c:    91.0000    225.5000    174.5000
		ub :    96.5727    235.1311    183.3232
		lb :    85.4273    215.8689    165.6768
		P^-1: 
			    0.0489    -0.0039    0.0003
			    -0.0039    0.0185    0.0007
			    0.0003    0.0007    0.0202
		A:
			    0.0537    0.5562    -0.8293
			    -0.5525    0.1961    -0.8101
			    0.9438    0.3195    0.0842
			    0.9946    0.1020    0.0209
			    0.2781    -0.0621    -0.9585
			    -0.4628    0.6861    -0.5613
		b:
			    -9.3454
			    -143.3391
			    175.5698
			    119.6141
			    -151.3558
			    19.0852


===========================================================================================
===========================================================================================
S3:
	q_c:    290.0000    145.5000    515.5000
	ub :    307.0000    153.0000    532.0000
	lb :    273.0000    138.0000    499.0000

	==================================================================================
	Q1:
		Shape: Hybrid
		q_c:    293.0000    149.5000    519.5000
		ub :    296.6510    153.6176    523.0541
		lb :    289.3490    145.3824    515.9459
		P^-1: 
			    0.2013    0.0598    -0.0286
			    0.0598    0.1766    0.0351
			    -0.0286    0.0351    0.2332
		A:
			    -0.3194    0.3061    -0.8968
			    -0.9171    0.1737    0.3587
			    -0.4558    0.0721    0.8872
			    -0.6130    0.4276    0.6644
			    -0.7322    0.6811    -0.0077
			    -0.7546    -0.6419    0.1362
		b:
			    -512.1451
			    -55.0480
			    339.1191
			    230.6876
			    -114.8104
			    -245.2824
	==================================================================================
	Q2:
		Shape: Ellipse
		q_c:    298.0000    148.0000    508.5000
		ub :    302.5558    150.8870    512.4356
		lb :    293.4442    145.1130    504.5644
		P^-1: 
			    0.0944    0.0411    0.0041
			    0.0411    0.2382    -0.0127
			    0.0041    -0.0127    0.1101
	==================================================================================
	Q3:
		Shape: Hybrid
		q_c:    286.0000    140.0000    512.0000
		ub :    291.7972    145.9387    516.0735
		lb :    280.2028    134.0613    507.9265
		P^-1: 
			    0.1057    0.0428    -0.0211
			    0.0428    0.0821    -0.0124
			    -0.0211    -0.0124    0.1327
		A:
			    0.2595    0.3064    -0.9158
			    -0.2743    -0.8582    -0.4339
			    -0.1805    0.1024    -0.9782
			    -0.7519    -0.5097    0.4182
			    -0.7390    -0.2812    -0.6122
			    0.8242    -0.3614    -0.4360
		b:
			    -350.4138
			    -418.6262
			    -536.4519
			    -70.9597
			    -562.3147
			    -35.4962
	==================================================================================
	Q4:
		Shape: Hybrid
		q_c:    291.0000    148.0000    514.0000
		ub :    295.8076    151.5742    516.2374
		lb :    286.1924    144.4258    511.7626
		P^-1: 
			    0.1943    0.2106    0.2141
			    0.2106    0.4208    0.1278
			    0.2141    0.1278    0.8787
		A:
			    -0.6216    -0.6192    -0.4798
			    -0.0526    -0.8138    -0.5787
			    -0.3967    -0.5103    -0.7631
			    -0.3734    -0.8594    0.3492
			    -0.7055    -0.6970    -0.1280
			    -0.2245    -0.0377    -0.9738
		b:
			    -518.1918
			    -431.5996
			    -582.6349
			    -55.3607
			    -372.9059
			    -570.8474
	==================================================================================
	Q5:
		Shape: Hybrid
		q_c:    290.0000    139.5000    511.0000
		ub :    294.8835    144.7709    514.6976
		lb :    285.1165    134.2291    507.3024
		P^-1: 
			    0.1675    -0.1051    -0.0236
			    -0.1051    0.1956    -0.1308
			    -0.0236    -0.1308    0.3713
		A:
			    -0.2887    0.1805    0.9402
			    -0.2086    0.3023    -0.9301
			    -0.3512    -0.3211    0.8795
			    0.6505    -0.6628    0.3710
			    -0.2866    0.4163    0.8629
			    -0.7557    0.6543    0.0295
		b:
			    423.2673
			    -492.5268
			    303.8342
			    286.8041
			    417.7209
			    -111.6321
	==================================================================================
	Q6:
		Shape: Hybrid
		q_c:    292.0000    143.5000    513.0000
		ub :    295.0221    145.9910    516.3084
		lb :    288.9779    141.0090    509.6916
		P^-1: 
			    0.3539    -0.2577    -0.1086
			    -0.2577    0.7003    0.3077
			    -0.1086    0.3077    0.3558
		A:
			    0.0539    0.3924    0.9182
			    -0.6169    0.0302    0.7865
			    -0.2165    -0.9206    -0.3249
			    -0.3688    0.8281    -0.4222
			    -0.4656    -0.8410    -0.2756
			    -0.9504    0.2528    -0.1813
		b:
			    544.2974
			    229.2327
			    -360.9356
			    -203.9780
			    -396.6784
			    -332.9241


===========================================================================================
===========================================================================================
S4:
	q_c:    480.0000    470.5000    49.0000
	ub :    498.0000    481.0000    66.0000
	lb :    462.0000    460.0000    32.0000

	==================================================================================
	Q1:
		Shape: Hybrid
		q_c:    470.5000    460.5000    62.0000
		ub :    478.6671    468.6097    69.7626
		lb :    462.3329    452.3903    54.2374
		P^-1: 
			    0.0524    -0.0121    -0.0120
			    -0.0121    0.0481    -0.0143
			    -0.0120    -0.0143    0.0482
		A:
			    -0.9792    -0.1590    0.1261
			    0.7213    0.6908    -0.0494
			    -0.5853    0.6692    -0.4578
			    0.2961    -0.0951    0.9504
			    0.5194    -0.4370    0.7344
			    0.0433    -0.3133    0.9487
		b:
			    -523.3147
			    658.0320
			    6.4960
			    157.7037
			    91.2803
			    -62.5584
	==================================================================================
	Q2:
		Shape: Ellipse
		q_c:    489.0000    478.5000    49.0000
		ub :    497.3109    486.6855    58.4130
		lb :    480.6891    470.3145    39.5870
		P^-1: 
			    0.0288    0.0026    0.0022
			    0.0026    0.0344    0.0055
			    0.0022    0.0055    0.0323
	==================================================================================
	Q3:
		Shape: Ellipse
		q_c:    484.5000    466.5000    58.5000
		ub :    494.1558    474.4547    68.1514
		lb :    474.8442    458.5453    48.8486
		P^-1: 
			    0.0421    -0.0167    0.0120
			    -0.0167    0.0381    -0.0087
			    0.0120    -0.0087    0.0237
	==================================================================================
	Q4:
		Shape: Polyhedra
		q_c:    478.0000    471.5000    39.5000
		ub :    486.0747    481.8732    50.1624
		lb :    469.9253    461.1268    28.8376
		A:
			    -0.4485    0.8043    0.3899
			    -0.9086    -0.3533    0.2226
			    -0.1420    0.7473    -0.6491
			    0.7960    -0.5931    0.1208
			    0.8368    0.3379    -0.4307
			    -0.4394    -0.8920    -0.1063
			    0.6271    0.4445    0.6397
			    -0.0040    0.8230    -0.5680
			    -0.7789    0.3536    0.5179
			    -0.6271    -0.4445    -0.6397
			    0.0040    -0.8230    0.5680
			    0.7789    -0.3536    -0.5179
		b:
			    186.0972
			    -586.1559
			    265.7893
			    111.6676
			    548.3481
			    -628.3247
			    540.6066
			    370.7012
			    -179.6316
			    -528.6066
			    -356.7012
			    190.6316
	==================================================================================
	Q5:
		Shape: Polyhedra
		q_c:    484.5000    470.5000    57.5000
		ub :    491.8165    478.1355    65.6140
		lb :    477.1835    462.8645    49.3860
		A:
			    0.6952    0.4146    0.5872
			    0.4671    0.8691    -0.1629
			    0.2834    0.7253    -0.6274
			    0.6171    -0.7858    0.0403
			    0.4274    0.7310    0.5320
			    0.4995    0.8426    0.2013
			    0.7730    0.5580    0.3017
			    0.3191    -0.7531    0.5754
			    0.5483    -0.3486    -0.7602
			    -0.7730    -0.5580    -0.3017
			    -0.3191    0.7531    -0.5754
			    -0.5483    0.3486    0.7602
		b:
			    569.3761
			    629.9463
			    447.2987
			    -63.2540
			    585.5198
			    653.8315
			    657.9384
			    -161.6466
			    63.4308
			    -650.9384
			    171.6466
			    -52.4308
	==================================================================================
	Q6:
		Shape: Ellipse
		q_c:    480.5000    477.5000    51.5000
		ub :    487.9821    483.5213    59.4680
		lb :    473.0179    471.4787    43.5320
		P^-1: 
			    0.0581    0.0104    0.0237
			    0.0104    0.0541    0.0055
			    0.0237    0.0055    0.0467


===========================================================================================
===========================================================================================
S5:
	q_c:    414.0000    18.0000    411.0000
	ub :    435.0000    34.0000    422.0000
	lb :    393.0000    2.0000    400.0000

	==================================================================================
	Q1:
		Shape: Ellipse
		q_c:    409.0000    27.0000    411.0000
		ub :    413.7750    32.7508    415.2212
		lb :    404.2250    21.2492    406.7788
		P^-1: 
			    0.1776    0.0979    0.0178
			    0.0979    0.1155    -0.0071
			    0.0178    -0.0071    0.1079
	==================================================================================
	Q2:
		Shape: Polyhedra
		q_c:    421.0000    12.0000    417.0000
		ub :    430.2877    19.1556    425.9326
		lb :    411.7123    4.8444    408.0674
		A:
			    -0.7174    0.6966    -0.0023
			    0.0116    -0.9958    0.0910
			    -0.6090    -0.7931    0.0084
			    0.3207    -0.8532    0.4113
			    -0.2821    0.6587    -0.6975
			    -0.3170    0.7922    0.5215
			    0.6639    0.4130    0.6234
			    0.4592    -0.8831    0.0959
			    0.5901    0.2226    -0.7760
			    -0.6639    -0.4130    -0.6234
			    -0.4592    0.8831    -0.0959
			    -0.5901    -0.2226    0.7760
		b:
			    -290.3247
			    35.3584
			    -256.8810
			    300.6962
			    -396.6070
			    98.3416
			    549.4365
			    226.7367
			    -65.4657
			    -539.4365
			    -218.7367
			    79.4657
	==================================================================================
	Q3:
		Shape: Polyhedra
		q_c:    424.0000    31.0000    419.0000
		ub :    428.8128    34.8290    423.9177
		lb :    419.1872    27.1710    414.0823
		A:
			    0.2821    0.8087    -0.5161
			    -0.4254    0.8466    -0.3199
			    0.8475    0.4473    -0.2858
			    0.6013    0.3589    0.7139
			    0.7846    0.4401    -0.4368
			    0.6034    0.3892    -0.6960
			    0.2744    0.9595    0.0639
			    0.3163    -0.0273    -0.9482
			    -0.9081    0.2804    -0.3110
			    -0.2744    -0.9595    -0.0639
			    -0.3163    0.0273    0.9482
			    0.9081    -0.2804    0.3110
		b:
			    -68.2157
			    -285.1188
			    256.7452
			    568.4691
			    166.7243
			    -19.9968
			    175.8495
			    -260.0323
			    -503.6636
			    -169.8495
			    268.0323
			    509.6636
	==================================================================================
	Q4:
		Shape: Ellipse
		q_c:    407.0000    10.5000    408.0000
		ub :    413.7949    17.1312    413.3554
		lb :    400.2051    3.8688    402.6446
		P^-1: 
			    0.1019    0.0223    0.0927
			    0.0223    0.0543    0.0089
			    0.0927    0.0089    0.1893
	==================================================================================
	Q5:
		Shape: Polyhedra
		q_c:    415.0000    21.0000    404.0000
		ub :    426.4661    30.7078    414.8478
		lb :    403.5339    11.2922    393.1522
		A:
			    -0.0032    -0.8760    0.4823
			    0.7111    0.6953    0.1041
			    0.5178    -0.0973    0.8500
			    0.1017    0.9915    0.0809
			    0.7561    0.2759    0.5935
			    -0.0277    0.5101    0.8597
			    0.4047    0.4730    0.7826
			    -0.4309    0.8535    -0.2930
			    -0.8066    -0.2186    0.5493
			    -0.4047    -0.4730    -0.7826
			    0.4309    -0.8535    0.2930
			    0.8066    0.2186    -0.5493
		b:
			    181.6097
			    358.7322
			    562.2298
			    101.8901
			    565.6075
			    352.8613
			    500.0675
			    -273.2741
			    -109.4109
			    -488.0675
			    285.2741
			    125.4109
	==================================================================================
	Q6:
		Shape: Polyhedra
		q_c:    423.5000    22.0000    407.5000
		ub :    431.0085    29.0274    414.4422
		lb :    415.9915    14.9726    400.5578
		A:
			    -0.3390    -0.0452    -0.9397
			    -0.9012    -0.4079    -0.1462
			    -0.2701    -0.9580    0.0963
			    0.1649    0.9850    0.0509
			    -0.2835    -0.5498    0.7857
			    0.7855    0.5907    -0.1848
			    0.5688    0.7855    0.2438
			    -0.1850    -0.1667    0.9685
			    0.8014    -0.5960    0.0505
			    -0.5688    -0.7855    -0.2438
			    0.1850    0.1667    -0.9685
			    -0.8014    0.5960    -0.0505
		b:
			    -521.9596
			    -446.1377
			    -92.1289
			    116.3197
			    193.6912
			    274.5734
			    361.0415
			    318.6489
			    352.3533
			    -354.0415
			    -306.6489
			    -341.3533


===========================================================================================
===========================================================================================
S6:
	q_c:    245.0000    414.0000    237.0000
	ub :    261.0000    445.0000    266.0000
	lb :    229.0000    383.0000    208.0000

	==================================================================================
	Q1:
		Shape: Ellipse
		q_c:    230.5000    408.0000    242.0000
		ub :    237.4522    414.1537    247.7160
		lb :    223.5478    401.8463    236.2840
		P^-1: 
			    0.0878    -0.0727    0.0430
			    -0.0727    0.1378    -0.0779
			    0.0430    -0.0779    0.1199
	==================================================================================
	Q2:
		Shape: Hybrid
		q_c:    246.0000    418.5000    237.5000
		ub :    252.5978    424.0130    243.6619
		lb :    239.4022    412.9870    231.3381
		P^-1: 
			    0.0689    -0.0093    0.0074
			    -0.0093    0.0724    -0.0025
			    0.0074    -0.0025    0.0522
		A:
			    0.6376    0.7677    0.0638
			    0.0675    0.8582    -0.5088
			    0.4183    0.8982    0.1347
			    0.3742    0.7919    -0.4827
			    0.1797    0.3180    0.9309
			    -0.8748    0.0785    -0.4780
		b:
			    495.5550
			    257.1034
			    513.0248
			    311.1708
			    400.9380
			    -293.8759
	==================================================================================
	Q3:
		Shape: Ellipse
		q_c:    235.0000    407.0000    238.5000
		ub :    242.1875    413.8009    246.1720
		lb :    227.8125    400.1991    230.8280
		P^-1: 
			    0.0921    0.0827    0.0624
			    0.0827    0.1349    0.0671
			    0.0624    0.0671    0.0866
	==================================================================================
	Q4:
		Shape: Polyhedra
		q_c:    241.5000    412.5000    245.5000
		ub :    249.7392    421.7565    255.0775
		lb :    233.2608    403.2435    235.9225
		A:
			    0.4177    0.9027    0.1034
			    0.5844    0.6000    -0.5463
			    -0.1000    -0.1479    -0.9839
			    -0.1173    -0.8978    0.4245
			    -0.2798    -0.3438    0.8964
			    -0.3386    -0.2152    -0.9160
			    0.5355    0.6591    0.5281
			    -0.2577    0.7230    -0.6410
			    -0.8043    0.2071    0.5570
			    -0.5355    -0.6591    -0.5281
			    0.2577    -0.7230    0.6410
			    0.8043    -0.2071    -0.5570
		b:
			    504.3460
			    260.0706
			    -321.1010
			    -288.1517
			    16.3926
			    -389.7061
			    536.3331
			    85.1384
			    32.4449
			    -525.3331
			    -72.1384
			    -23.4449
	==================================================================================
	Q5:
		Shape: Ellipse
		q_c:    242.5000    424.5000    227.0000
		ub :    248.2663    427.8272    232.6134
		lb :    236.7337    421.1728    221.3866
		P^-1: 
			    0.0767    -0.1567    0.1065
			    -0.1567    3.1095    -1.6411
			    0.1065    -1.6411    0.9354
	==================================================================================
	Q6:
		Shape: Polyhedra
		q_c:    247.5000    422.0000    240.0000
		ub :    252.4243    426.9791    243.6882
		lb :    242.5757    417.0209    236.3118
		A:
			    0.2140    0.9757    0.0474
			    -0.2806    -0.4365    -0.8548
			    0.4560    -0.8310    -0.3185
			    0.3207    -0.9289    -0.1851
			    0.2990    -0.9330    0.2001
			    0.8068    -0.5047    0.3073
			    0.7991    0.5969    0.0712
			    0.4232    -0.4745    -0.7719
			    -0.4270    0.6470    -0.6317
			    -0.7991    -0.5969    -0.0712
			    -0.4232    0.4745    0.7719
			    0.4270    -0.6470    0.6317
		b:
			    479.2476
			    -456.1271
			    -311.8869
			    -354.4515
			    -268.8139
			    63.4432
			    470.2722
			    -278.7434
			    18.7197
			    -463.2722
			    282.7434
			    -12.7197


===========================================================================================
===========================================================================================
S7:
	q_c:    364.0000    129.5000    448.0000
	ub :    380.0000    153.0000    472.0000
	lb :    348.0000    106.0000    424.0000

	==================================================================================
	Q1:
		Shape: Hybrid
		q_c:    354.0000    143.0000    462.5000
		ub :    363.5164    148.7464    473.0871
		lb :    344.4836    137.2536    451.9129
		P^-1: 
			    0.0538    0.0005    -0.0352
			    0.0005    0.0399    0.0021
			    -0.0352    0.0021    0.0370
		A:
			    0.6426    -0.4456    -0.6233
			    -0.8544    0.3326    0.3991
			    -0.5223    -0.7183    0.4596
			    0.3586    0.7369    0.5730
			    -0.0580    -0.3359    -0.9401
			    -0.3945    -0.9115    -0.1165
		b:
			    -122.3628
			    -67.7221
			    -72.3686
			    503.2102
			    -496.8040
			    -320.0488
	==================================================================================
	Q2:
		Shape: Hybrid
		q_c:    361.5000    117.5000    439.5000
		ub :    371.8058    127.4635    448.6687
		lb :    351.1942    107.5365    430.3313
		P^-1: 
			    0.0322    0.0069    -0.0080
			    0.0069    0.0211    -0.0038
			    -0.0080    -0.0038    0.0222
		A:
			    -0.5899    -0.4554    0.6668
			    -0.5018    0.3819    0.7761
			    0.9165    0.3948    -0.0643
			    0.8095    -0.5483    0.2100
			    -0.1670    0.7218    0.6716
			    0.2985    -0.1775    -0.9378
		b:
			    29.1101
			    208.7496
			    352.4260
			    325.2628
			    324.5676
			    -320.8678
	==================================================================================
	Q3:
		Shape: Ellipse
		q_c:    354.5000    139.0000    448.0000
		ub :    361.8015    148.0304    457.0940
		lb :    347.1985    129.9696    438.9060
		P^-1: 
			    0.0287    0.0033    -0.0031
			    0.0033    0.0389    -0.0142
			    -0.0031    -0.0142    0.0274
	==================================================================================
	Q4:
		Shape: Ellipse
		q_c:    361.0000    147.0000    450.5000
		ub :    374.9555    160.9966    466.5691
		lb :    347.0445    133.0034    434.4309
		P^-1: 
			    0.0102    -0.0001    -0.0004
			    -0.0001    0.0111    -0.0001
			    -0.0004    -0.0001    0.0109
	==================================================================================
	Q5:
		Shape: Polyhedra
		q_c:    376.0000    129.5000    450.0000
		ub :    386.1794    139.6413    459.6366
		lb :    365.8206    119.3587    440.3634
		A:
			    -0.8453    -0.4549    0.2801
			    0.0803    0.5183    0.8514
			    0.3510    -0.5736    -0.7401
			    0.7437    -0.3317    -0.5804
			    0.1245    -0.6538    -0.7464
			    -0.3425    0.0841    -0.9357
			    0.2781    0.6349    0.7208
			    -0.6471    0.6784    -0.3480
			    -0.7099    -0.3696    0.5995
			    -0.2781    -0.6349    -0.7208
			    0.6471    -0.6784    0.3480
			    0.7099    0.3696    -0.5995
		b:
			    -244.8008
			    485.5126
			    -269.8395
			    -18.3800
			    -368.4582
			    -533.0631
			    516.1351
			    -305.0283
			    -39.0054
			    -506.1351
			    319.0283
			    51.0054
	==================================================================================
	Q6:
		Shape: Polyhedra
		q_c:    373.0000    140.0000    466.0000
		ub :    386.5382    153.7419    478.0686
		lb :    359.4618    126.2581    453.9314
		A:
			    0.1312    -0.8415    0.5241
			    -0.4608    -0.4579    -0.7603
			    0.9175    -0.1288    0.3764
			    -0.9211    0.2835    0.2669
			    0.2980    -0.5448    -0.7838
			    -0.7750    -0.3801    -0.5048
			    0.3403    0.8529    0.3959
			    0.9403    -0.3088    -0.1430
			    0.0003    0.4210    -0.9071
			    -0.3403    -0.8529    -0.3959
			    -0.9403    0.3088    0.1430
			    -0.0003    -0.4210    0.9071
		b:
			    183.7728
			    -582.1291
			    510.2272
			    -168.0519
			    -321.1215
			    -568.3944
			    438.8350
			    252.3692
			    -355.6595
			    -422.8350
			    -229.3692
			    371.6595


===========================================================================================
===========================================================================================
S8:
	q_c:    195.0000    277.5000    258.0000
	ub :    212.0000    292.0000    269.0000
	lb :    178.0000    263.0000    247.0000

	==================================================================================
	Q1:
		Shape: Polyhedra
		q_c:    192.0000    288.5000    264.0000
		ub :    197.0445    293.1461    266.2862
		lb :    186.9555    283.8539    261.7138
		A:
			    -0.5529    0.3839    -0.7395
			    0.0499    0.0471    -0.9976
			    0.3858    -0.4191    0.8219
			    -0.1394    -0.9855    -0.0964
			    0.1716    0.6038    -0.7785
			    0.2908    0.4239    -0.8577
			    0.4957    0.8548    0.1538
			    0.8611    -0.4607    -0.2151
			    -0.1130    0.2391    -0.9644
			    -0.4957    -0.8548    -0.1538
			    -0.8611    0.4607    0.2151
			    0.1130    -0.2391    0.9644
		b:
			    -188.4608
			    -238.8323
			    171.8234
			    -333.4048
			    3.3239
			    -46.5708
			    385.3791
			    -20.3592
			    -206.3285
			    -379.3791
			    28.3592
			    208.3285
	==================================================================================
	Q2:
		Shape: Hybrid
		q_c:    191.0000    273.5000    265.0000
		ub :    196.4990    278.7431    272.3104
		lb :    185.5010    268.2569    257.6896
		P^-1: 
			    0.1855    -0.0425    -0.0732
			    -0.0425    0.1351    0.0478
			    -0.0732    0.0478    0.0609
		A:
			    -0.2162    0.8663    0.4503
			    0.8193    0.4417    -0.3654
			    -0.9842    0.0345    0.1735
			    0.4519    -0.8146    -0.3636
			    0.8969    -0.1235    -0.4247
			    0.4787    -0.6756    -0.5607
		b:
			    316.5408
			    182.3653
			    -130.9782
			    -231.5836
			    26.1648
			    -240.4710
	==================================================================================
	Q3:
		Shape: Ellipse
		q_c:    187.5000    277.5000    247.0000
		ub :    195.3497    285.8093    254.5245
		lb :    179.6503    269.1907    239.4755
		P^-1: 
			    0.0279    0.0011    0.0009
			    0.0011    0.0208    0.0017
			    0.0009    0.0017    0.0326
	==================================================================================
	Q4:
		Shape: Ellipse
		q_c:    207.0000    276.5000    254.0000
		ub :    215.1428    285.3270    261.7820
		lb :    198.8572    267.6730    246.2180
		P^-1: 
			    0.0459    -0.0143    -0.0098
			    -0.0143    0.0391    0.0077
			    -0.0098    0.0077    0.0331
	==================================================================================
	Q5:
		Shape: Polyhedra
		q_c:    203.0000    277.5000    263.0000
		ub :    214.7323    286.7612    274.1413
		lb :    191.2677    268.2388    251.8587
		A:
			    -0.2758    0.9398    0.2019
			    -0.5378    0.8386    0.0871
			    0.9211    0.2014    0.3331
			    -0.4801    -0.2496    -0.8410
			    0.7639    0.5362    0.3591
			    -0.0368    0.9806    -0.1926
			    0.4667    0.8763    0.1197
			    0.6515    -0.2491    -0.7166
			    -0.5981    0.4125    -0.6871
			    -0.4667    -0.8763    -0.1197
			    -0.6515    0.2491    0.7166
			    0.5981    -0.4125    0.6871
		b:
			    264.3374
			    153.4133
			    336.8536
			    -381.2756
			    403.8822
			    219.7385
			    374.3941
			    -117.3404
			    -180.6754
			    -364.3941
			    133.3404
			    194.6754
	==================================================================================
	Q6:
		Shape: Ellipse
		q_c:    193.0000    274.5000    265.5000
		ub :    199.5967    281.9695    271.9519
		lb :    186.4033    267.0305    259.0481
		P^-1: 
			    0.0420    0.0036    -0.0015
			    0.0036    0.0506    0.0062
			    -0.0015    0.0062    0.0592


===========================================================================================
===========================================================================================
S9:
	q_c:    482.0000    337.0000    99.0000
	ub :    492.0000    354.0000    112.0000
	lb :    472.0000    320.0000    86.0000

	==================================================================================
	Q1:
		Shape: Polyhedra
		q_c:    476.0000    328.0000    98.5000
		ub :    480.3797    333.2187    104.0122
		lb :    471.6203    322.7813    92.9878
		A:
			    0.7556    -0.3261    0.5681
			    0.1690    0.9379    0.3030
			    0.6862    0.6803    0.2576
			    0.7186    0.6527    -0.2402
			    -0.6284    -0.5851    0.5126
			    -0.1002    0.6029    -0.7915
			    0.5790    0.6857    0.4410
			    -0.0971    0.5951    -0.7978
			    -0.8095    0.4191    0.4112
			    -0.5790    -0.6857    -0.4410
			    0.0971    -0.5951    0.7978
			    0.8095    -0.4191    -0.4112
		b:
			    312.1597
			    420.4418
			    577.2378
			    535.3744
			    -437.1451
			    76.0961
			    545.9794
			    74.3959
			    -203.8477
			    -541.9794
			    -66.3959
			    210.8477
	==================================================================================
	Q2:
		Shape: Polyhedra
		q_c:    488.5000    342.0000    93.5000
		ub :    493.1361    346.3117    95.7623
		lb :    483.8639    337.6883    91.2377
		A:
			    -0.4312    0.1215    -0.8940
			    0.5014    -0.2985    0.8121
			    0.2572    -0.4387    0.8610
			    -0.6261    0.0467    -0.7783
			    -0.0859    0.3482    -0.9335
			    -0.1620    -0.1234    -0.9790
			    0.6378    0.7644    0.0943
			    0.7295    -0.5603    -0.3923
			    -0.2470    0.3190    -0.9150
			    -0.6378    -0.7644    -0.0943
			    -0.7295    0.5603    0.3923
			    0.2470    -0.3190    0.9150
		b:
			    -251.8492
			    219.8790
			    56.7712
			    -361.2779
			    -9.4349
			    -211.2892
			    584.3035
			    132.0810
			    -96.6515
			    -579.3035
			    -124.0810
			    97.6515
	==================================================================================
	Q3:
		Shape: Polyhedra
		q_c:    478.5000    331.5000    98.5000
		ub :    480.3772    334.0577    101.1592
		lb :    476.6228    328.9423    95.8408
		A:
			    -0.8377    -0.5327    -0.1205
			    0.6700    0.0373    0.7414
			    -0.6011    -0.2018    -0.7733
			    -0.6882    -0.6059    -0.3991
			    0.9433    -0.1644    0.2883
			    -0.6522    -0.4147    -0.6346
			    0.6026    0.5974    0.5291
			    -0.7816    0.5758    0.2399
			    -0.1614    -0.5581    0.8139
			    -0.6026    -0.5974    -0.5291
			    0.7816    -0.5758    -0.2399
			    0.1614    0.5581    -0.8139
		b:
			    -588.2303
			    407.3312
			    -429.5200
			    -568.8667
			    426.5275
			    -511.3462
			    538.9971
			    -157.9669
			    -179.5658
			    -537.9971
			    160.9669
			    184.5658
	==================================================================================
	Q4:
		Shape: Hybrid
		q_c:    471.5000    334.0000    98.5000
		ub :    477.2781    339.9229    103.0205
		lb :    465.7219    328.0771    93.9795
		P^-1: 
			    0.0804    -0.0077    0.0424
			    -0.0077    0.1097    -0.0805
			    0.0424    -0.0805    0.1909
		A:
			    -0.0064    0.8519    -0.5236
			    0.4052    -0.4958    0.7681
			    -0.8063    0.4005    -0.4352
			    -0.4684    0.8686    -0.1614
			    -0.2406    0.8274    0.5075
			    -0.8874    -0.4503    0.0986
		b:
			    231.5462
			    102.2326
			    -287.2003
			    55.9343
			    216.2643
			    -556.5387
	==================================================================================
	Q5:
		Shape: Polyhedra
		q_c:    482.0000    342.0000    101.0000
		ub :    486.8373    348.2158    107.1996
		lb :    477.1627    335.7842    94.8004
		A:
			    0.6075    -0.6127    0.5055
			    0.8673    0.4472    -0.2188
			    -0.8868    0.4357    -0.1542
			    0.2622    0.6263    -0.7341
			    0.7290    0.3510    -0.5876
			    0.8555    0.3522    0.3796
			    0.5482    0.2226    0.8061
			    0.0273    0.9586    -0.2833
			    -0.8359    0.1774    0.5195
			    -0.5482    -0.2226    -0.8061
			    -0.0273    -0.9586    0.2833
			    0.8359    -0.1774    -0.5195
		b:
			    138.7592
			    552.6475
			    -290.2831
			    270.9406
			    415.7561
			    575.0253
			    425.8080
			    317.4129
			    -286.7675
			    -417.8080
			    -307.4129
			    292.7675
	==================================================================================
	Q6:
		Shape: Polyhedra
		q_c:    474.5000    330.5000    93.0000
		ub :    477.2163    334.6901    97.2707
		lb :    471.7837    326.3099    88.7293
		A:
			    0.5125    0.3729    -0.7735
			    -0.5456    -0.6765    0.4946
			    -0.6766    -0.0401    0.7353
			    0.7740    0.4551    -0.4403
			    0.3357    0.9273    -0.1657
			    -0.4752    -0.5450    0.6908
			    0.1311    0.5753    0.8073
			    -0.5819    0.7040    -0.4072
			    -0.8026    -0.4164    0.4271
			    -0.1311    -0.5753    -0.8073
			    0.5819    -0.7040    0.4072
			    0.8026    0.4164    -0.4271
		b:
			    296.1404
			    -435.1571
			    -264.0081
			    477.7251
			    452.4879
			    -339.8795
			    330.9458
			    -78.8177
			    -477.7444
			    -323.9458
			    83.8177
			    479.7444


===========================================================================================
===========================================================================================
S10:
	q_c:    189.0000    162.5000    181.5000
	ub :    215.0000    165.0000    199.0000
	lb :    163.0000    160.0000    164.0000

	==================================================================================
	Q1:
		Shape: Ellipse
		q_c:    187.5000    165.0000    180.0000
		ub :    189.8633    167.1907    182.0741
		lb :    185.1367    162.8093    177.9259
		P^-1: 
			    0.4444    0.0000    0.0000
			    0.0000    0.4444    0.0000
			    0.0000    0.0000    0.4444
	==================================================================================
	Q2:
		Shape: Polyhedra
		q_c:    187.5000    164.5000    179.5000
		ub :    189.4782    166.1932    181.4557
		lb :    185.5218    162.8068    177.5443
		A:
			    -0.6131    -0.3007    0.7305
			    0.7498    0.6291    -0.2052
			    -0.9354    -0.2908    0.2014
			    0.9573    0.2689    0.1065
			    0.4099    0.2603    0.8742
			    -0.6346    0.6696    0.3859
			    0.8491    0.2063    0.4863
			    -0.2280    -0.6873    0.6896
			    0.4765    -0.6965    -0.5365
			    -0.8491    -0.2063    -0.4863
			    0.2280    0.6873    -0.6896
			    -0.4765    0.6965    0.5365
		b:
			    -32.2589
			    208.4845
			    -185.7590
			    244.2722
			    277.9529
			    61.4633
			    281.9322
			    -31.0266
			    -120.5270
			    -278.9322
			    33.0266
			    122.5270
	==================================================================================
	Q3:
		Shape: Polyhedra
		q_c:    191.5000    163.0000    183.0000
		ub :    192.8688    164.6351    183.7223
		lb :    190.1312    161.3649    182.2777
		A:
			    0.3835    0.0751    -0.9205
			    -0.8454    -0.2551    0.4692
			    -0.9154    -0.1441    -0.3757
			    0.7001    0.5090    0.5007
			    -0.3604    -0.2112    0.9086
			    -0.8660    -0.3296    0.3761
			    0.7224    0.4539    0.5216
			    -0.5197    0.8540    -0.0234
			    -0.4561    -0.2542    0.8528
			    -0.7224    -0.4539    -0.5216
			    0.5197    -0.8540    0.0234
			    0.4561    0.2542    -0.8528
		b:
			    -82.2403
			    -117.0332
			    -266.8469
			    309.1853
			    63.3427
			    -150.1984
			    308.2863
			    36.9012
			    27.7874
			    -307.2863
			    -33.9012
			    -26.7874
	==================================================================================
	Q4:
		Shape: Hybrid
		q_c:    189.0000    164.0000    183.5000
		ub :    190.9140    165.8552    184.9101
		lb :    187.0860    162.1448    182.0899
		P^-1: 
			    0.5214    0.1918    -0.0041
			    0.1918    0.9231    0.0016
			    -0.0041    0.0016    1.0000
		A:
			    0.7199    -0.5785    0.3836
			    0.3400    -0.0349    -0.9398
			    -0.5792    0.8152    -0.0079
			    -0.1598    -0.9351    -0.3163
			    -0.0937    0.9519    0.2919
			    -0.1441    -0.8844    0.4440
		b:
			    112.4674
			    -113.3425
			    23.6425
			    -241.0827
			    192.5716
			    -90.2678
	==================================================================================
	Q5:
		Shape: Hybrid
		q_c:    189.5000    164.5000    182.0000
		ub :    191.3022    166.2310    183.4157
