3D_45_25_6_f                l = 3

===========================================================================================
===========================================================================================
S1:
	q_c:	415.0	193.0	66.5
	ub :	427.6159	202.8432	79.3191
	lb :	408.6854	182.2582	52.4677

	==================================================================================
	Q1:
		Shape: Polyhedra
		q_c:	422.0	188.5	72.0
		ub :	426.6766	193.2675	77.5074
		lb :	417.3234	183.7325	66.4926
		A:
			0.2943	-0.9365	0.1908
			0.2433	-0.9693	0.0369
			0.1861	-0.7338	0.6534
			-0.0981	0.9597	-0.2635
			-0.1356	0.937	-0.3219
			0.297	-0.8009	0.5199
			0.3108	0.6315	0.7104
			-0.6315	0.6958	-0.3422
			-0.7104	-0.3422	0.615
			-0.3108	-0.6315	-0.7104
			0.6315	-0.6958	0.3422
			0.7104	0.3422	-0.615
		b:
			-36.4419
			-74.8968
			-10.5129
			123.0079
			98.5643
			13.7347
			305.329
			-158.4849
			-316.5093
			-297.329
			161.4849
			323.5093
	==================================================================================
	Q2:
		Shape: Ellipse
		q_c:	419.0	193.5	59.0
		ub :	424.3921	200.4997	65.5323
		lb :	413.6079	186.5003	52.4677
		P^-1:
			0.0542	0.0093	0.0138
			0.0093	0.0592	0.0351
			0.0138	0.0351	0.0801
	==================================================================================
	Q3:
		Shape: Hybrid
		q_c:	413.5	197.0	59.0
		ub :	418.3146	202.8432	62.2629
		lb :	408.6854	191.1568	55.7371
		P^-1:
			0.194	-0.0937	0.0013
			-0.0937	0.0895	-0.0163
			0.0013	-0.0163	0.1596
		A:
			0.8611	-0.3253	0.3909
			-0.645	0.1393	-0.7514
			0.2659	0.7739	-0.5748
			-0.5414	-0.1874	-0.8196
			0.5441	-0.838	0.0412
			-0.6923	-0.1962	0.6944
		b:
			316.3026
			-281.9459
			231.8721
			-306.6666
			64.3586
			-281.6932
	==================================================================================
	Q4:
		Shape: Hybrid
		q_c:	423.5	186.5	76.0
		ub :	427.6159	190.7418	79.3191
		lb :	419.3841	182.2582	72.6809
		P^-1:
			0.2183	-0.1499	-0.0864
			-0.1499	0.2493	0.0786
			-0.0864	0.0786	0.2185
		A:
			-0.0394	-0.4295	-0.9022
			-0.0119	-0.3014	0.9534
			-0.7814	0.447	0.4355
			0.5632	-0.8233	-0.0713
			-0.0715	0.8813	-0.4671
			-0.1854	0.3237	0.9278
		b:
			-163.7457
			12.9178
			-213.4924
			80.5256
			100.4192
			53.688
	==================================================================================
	Q5:
		Shape: Hybrid
		q_c:	421.0	190.0	65.0
		ub :	424.697	193.4947	68.7627
		lb :	417.303	186.5053	61.2373
		P^-1:
			0.5324	-0.4571	-0.029
			-0.4571	0.5482	0.0388
			-0.029	0.0388	0.1122
		A:
			-0.8264	0.4932	-0.2716
			0.5774	0.7359	-0.3537
			-0.3781	0.9243	0.0525
			-0.6567	-0.7132	0.245
			-0.7451	0.6586	0.1049
			-0.5588	0.8235	0.0974
		b:
			-270.8283
			362.8655
			20.9409
			-393.0648
			-181.1862
			-71.8057
	==================================================================================
	Q6:
		Shape: Polyhedra
		q_c:	420.5	194.5	70.0
		ub :	426.5347	200.3484	75.5292
		lb :	414.4653	188.6516	64.4708
		A:
			0.6074	0.1591	0.7783
			-0.8431	-0.5266	0.1096
			0.4595	0.862	-0.2139
			0.2553	0.774	0.5794
			-0.2445	-0.9364	-0.2518
			0.995	-0.0978	-0.0203
			0.7479	0.2921	0.5961
			-0.3261	-0.6206	0.7132
			0.5782	-0.7278	-0.3689
			-0.7479	-0.2921	-0.5961
			0.3261	0.6206	-0.7132
			-0.5782	0.7278	0.3689
		b:
			344.2642
			-446.1404
			348.8608
			302.3659
			-298.8116
			401.8491
			416.5329
			-205.3838
			80.2539
			-409.5329
			210.3838
			-71.2539


===========================================================================================
===========================================================================================
S2:
	q_c:	507.5	351.0	270.5
	ub :	520.0564	361.0347	279.8364
	lb :	494.351	341.6095	261.519

	==================================================================================
	Q1:
		Shape: Hybrid
		q_c:	504.0	344.5	276.5
		ub :	507.4262	347.3905	279.8364
		lb :	500.5738	341.6095	273.1636
		P^-1:
			0.2246	-0.0815	0.1353
			-0.0815	0.4142	0.0502
			0.1353	0.0502	0.3612
		A:
			0.8467	0.2261	0.4817
			-0.6265	0.4903	0.6059
			0.2005	-0.9235	-0.3271
			0.1839	-0.0524	0.9816
			-0.2023	-0.2246	-0.9532
			0.0028	0.9857	-0.1683
		b:
			639.0581
			22.1782
			-306.7712
			347.0507
			-442.0394
			295.5171
	==================================================================================
	Q2:
		Shape: Hybrid
		q_c:	504.5	351.0	271.0
		ub :	508.305	356.6452	276.6578
		lb :	500.695	345.3548	265.3422
		P^-1:
			0.2111	0.0421	-0.0575
			0.0421	0.0879	-0.0281
			-0.0575	-0.0281	0.0951
		A:
			0.9231	0.3844	-0.0129
			-0.6904	0.7223	0.0397
			0.0265	-0.8687	-0.4947
			-0.3697	0.6288	-0.6841
			0.7991	-0.3357	0.4988
			0.139	-0.9135	0.3823
		b:
			598.4832
			-81.6347
			-422.6667
			-148.6985
			422.8179
			-144.4615
	==================================================================================
	Q3:
		Shape: Hybrid
		q_c:	514.5	348.0	266.0
		ub :	520.0564	352.8604	270.481
		lb :	508.9436	343.1396	261.519
		P^-1:
			0.1007	-0.0074	-0.0411
			-0.0074	0.1063	-0.021
			-0.0411	-0.021	0.1267
		A:
			-0.3202	-0.7451	0.5851
			0.1856	0.005	-0.9826
			-0.7535	0.5466	0.3653
			-0.1962	-0.1194	-0.9733
			0.4011	0.8783	-0.2602
			0.5482	0.736	-0.3972
		b:
			-266.9344
			-162.5116
			-98.6389
			-399.1839
			444.6568
			434.1961
	==================================================================================
	Q4:
		Shape: Ellipse
		q_c:	499.5	350.0	273.0
		ub :	504.649	355.1243	277.9701
		lb :	494.351	344.8757	268.0299
		P^-1:
			0.0902	0.0113	-0.0071
			0.0113	0.105	0.0038
			-0.0071	0.0038	0.1087
	==================================================================================
	Q5:
		Shape: Polyhedra
		q_c:	506.5	356.5	266.0
		ub :	510.8335	361.0347	270.212
		lb :	502.1665	351.9653	261.788
		A:
			-0.8871	-0.1484	0.437
			-0.9762	-0.1913	-0.1022
			0.7802	0.6054	-0.1575
			0.3019	-0.2493	0.9202
			-0.7962	-0.2332	-0.5582
			-0.088	0.6822	0.7259
			0.4741	0.4794	0.7385
			0.3618	0.6586	-0.6598
			-0.8027	0.58	0.1388
			-0.4741	-0.4794	-0.7385
			-0.3618	-0.6586	0.6598
			0.8027	-0.58	-0.1388
		b:
			-383.4731
			-587.1121
			571.7655
			311.5976
			-632.005
			394.5787
			610.4699
			245.0477
			-160.4152
			-604.4699
			-240.0477
			165.4152
	==================================================================================
	Q6:
		Shape: Hybrid
		q_c:	505.5	354.5	269.0
		ub :	508.6336	357.8734	273.2811
		lb :	502.3664	351.1266	264.7189
		P^-1:
			0.314	0.1367	-0.041
			0.1367	0.2811	-0.0418
			-0.041	-0.0418	0.0718
		A:
			-0.3282	0.8706	-0.3666
			0.005	-0.8908	-0.4543
			-0.9888	0.0009	-0.1491
			0.058	-0.894	0.4444
			0.0496	0.8198	-0.5704
			0.9076	0.3941	0.1449
		b:
			45.899
			-433.3612
			-538.1758
			-166.4139
			164.0607
			638.6405


===========================================================================================
===========================================================================================
S3:
	q_c:	62.0	467.5	140.5
	ub :	67.523	474.4313	146.6809
	lb :	53.5383	461.2025	135.191

	==================================================================================
	Q1:
		Shape: Hybrid
		q_c:	61.0	472.5	144.0
		ub :	63.3996	474.4313	146.588
		lb :	58.6004	470.5687	141.412
		P^-1:
			0.6867	-0.1942	-0.2957
			-0.1942	0.5557	0.1117
			-0.2957	0.1117	0.4521
		A:
			-0.254	0.8051	0.536
			-0.7318	-0.2017	0.651
			0.6336	0.0422	-0.7725
			-0.6136	0.064	0.787
			-0.9615	-0.0158	0.2743
			-0.7806	0.058	0.6223
		b:
			442.8782
			-45.4606
			-51.9225
			106.8377
			-25.8666
			70.0158
	==================================================================================
	Q2:
		Shape: Ellipse
		q_c:	59.0	464.5	140.0
		ub :	62.67	467.7975	142.9662
		lb :	55.33	461.2025	137.0338
		P^-1:
			0.214	0.0426	-0.0114
			0.0426	0.1996	0.0135
			-0.0114	0.0135	0.2464
	==================================================================================
	Q3:
		Shape: Ellipse
		q_c:	59.5	472.5	142.0
		ub :	60.8405	474.266	143.2104
		lb :	58.1595	470.734	140.7896
		P^-1:
			1.0764	0.1423	-0.5242
			0.1423	1.1505	-1.3734
			-0.5242	-1.3734	3.2175
	==================================================================================
	Q4:
		Shape: Polyhedra
		q_c:	58.5	469.0	141.0
		ub :	63.4617	473.8733	145.0439
		lb :	53.5383	464.1267	136.9561
		A:
			-0.8757	0.4679	-0.1191
			-0.9094	0.1066	-0.4021
			0.1914	-0.852	0.4873
			0.3063	-0.9513	-0.0334
			-0.2459	0.9577	0.1496
			-0.9178	-0.0673	0.3913
			0.7404	0.6515	0.1657
			0.4398	-0.6558	0.6136
			0.5084	-0.3815	-0.772
			-0.7404	-0.6515	-0.1657
			-0.4398	0.6558	-0.6136
			-0.5084	0.3815	0.772
		b:
			154.0696
			-56.9076
			-317.0744
			-430.2868
			458.6189
			-27.1031
			375.7137
			-192.8178
			-255.5159
			-368.7137
			197.8178
			260.5159
	==================================================================================
	Q5:
		Shape: Polyhedra
		q_c:	62.5	468.0	137.5
		ub :	64.6793	470.1006	139.809
		lb :	60.3207	465.8994	135.191
		A:
			-0.6976	-0.3282	-0.6369
			0.9705	-0.2408	-0.0087
			-0.0473	-0.305	-0.9512
			-0.5096	-0.2946	0.8084
			-0.2382	0.6988	0.6746
			0.29	0.4138	-0.8629
			0.7609	0.3298	0.5589
			-0.3131	-0.5678	0.7613
			0.5684	-0.7542	-0.3288
			-0.7609	-0.3298	-0.5589
			0.3131	0.5678	-0.7613
			-0.5684	0.7542	0.3288
		b:
			-283.2488
			-51.9537
			-275.1065
			-57.1137
			406.0122
			94.6157
			280.2411
			-179.1239
			-361.6498
			-277.2411
			182.1239
			363.6498
	==================================================================================
	Q6:
		Shape: Hybrid
		q_c:	64.5	469.5	144.0
		ub :	67.523	472.5769	146.6809
		lb :	61.477	466.4231	141.3191
		P^-1:
			0.2815	0.0451	0.0693
			0.0451	0.1827	0.0594
			0.0693	0.0594	0.3902
		A:
			-0.3057	-0.8929	0.3305
			0.1637	-0.6843	-0.7105
			-0.2053	0.326	-0.9228
			0.3237	0.7726	0.5462
			-0.3984	-0.463	-0.7918
			0.204	-0.1296	0.9704
		b:
			-389.7648
			-411.844
			8.056
			463.3811
			-356.2976
			93.0047


===========================================================================================
===========================================================================================
S4:
	q_c:	418.5	424.5	136.0
	ub :	438.0764	439.1022	160.1802
	lb :	399.412	408.1832	124.5037

	==================================================================================
	Q1:
		Shape: Hybrid
		q_c:	418.5	413.5	138.5
		ub :	426.4922	418.8168	147.317
		lb :	410.5078	408.1832	129.683
		P^-1:
			0.337	-0.4177	0.1789
			-0.4177	0.6001	-0.2243
			0.1789	-0.2243	0.1207
		A:
			0.6944	-0.6335	0.3414
			-0.7082	0.6407	-0.2965
			-0.5379	0.8	-0.2657
			0.5935	-0.7645	0.2516
			-0.2456	0.9342	-0.2587
			-0.7064	0.6269	-0.3285
		b:
			76.8784
			-71.4668
			69.4321
			-32.3168
			249.4977
			-80.8743
	==================================================================================
	Q2:
		Shape: Polyhedra
		q_c:	421.0	420.0	132.0
		ub :	427.8163	428.7853	137.5451
		lb :	414.1837	411.2147	126.4549
		A:
			-0.476	0.5798	-0.6612
			0.5216	0.1191	-0.8448
			0.5147	-0.4479	0.7311
			-0.0354	-0.3643	0.9306
			-0.8178	-0.5542	0.1551
			-0.3659	0.8392	-0.4023
			0.4088	0.851	0.3298
			-0.0415	0.3783	-0.9247
			-0.9117	0.3643	0.19
			-0.4088	-0.851	-0.3298
			0.0415	-0.3783	0.9247
			0.9117	-0.3643	-0.19
		b:
			-41.0955
			161.2204
			128.0473
			-42.5532
			-550.4188
			149.606
			580.5308
			21.8468
			-201.7338
			-565.5308
			-16.8468
			209.7338
	==================================================================================
	Q3:
		Shape: Ellipse
		q_c:	407.5	418.5	151.0
		ub :	414.2065	428.4277	160.1802
		lb :	400.7935	408.5723	141.8198
		P^-1:
			0.0543	0.0023	-0.0108
			0.0023	0.021	-0.0119
			-0.0108	-0.0119	0.0428
	==================================================================================
	Q4:
		Shape: Ellipse
		q_c:	411.0	434.5	146.5
		ub :	416.5292	439.1022	152.401
		lb :	405.4708	429.8978	140.599
		P^-1:
			0.101	-0.031	-0.0149
			-0.031	0.1299	-0.0382
			-0.0149	-0.0382	0.0896
	==================================================================================
	Q5:
		Shape: Ellipse
		q_c:	405.0	423.5	131.0
		ub :	410.588	432.2467	137.4963
		lb :	399.412	414.7533	124.5037
		P^-1:
			0.1889	-0.0202	0.0973
			-0.0202	0.0162	-0.0119
			0.0973	-0.0119	0.0865
	==================================================================================
	Q6:
		Shape: Ellipse
		q_c:	432.0	426.0	142.5
		ub :	438.0764	433.7047	151.1055
		lb :	425.9236	418.2953	133.8945
		P^-1:
			0.2987	0.1782	0.0899
			0.1782	0.1464	0.0535
			0.0899	0.0535	0.0561


===========================================================================================
===========================================================================================
S5:
	q_c:	27.0	256.5	283.5
	ub :	35.0362	262.6706	293.9218
	lb :	18.7576	246.1364	272.7112

	==================================================================================
	Q1:
		Shape: Polyhedra
		q_c:	29.5	252.0	279.5
		ub :	35.0362	257.0589	285.2165
		lb :	23.9638	246.9411	273.7835
		A:
			0.6321	0.7639	0.1302
			-0.2425	0.8889	-0.3887
			0.5216	0.8529	-0.0225
			-0.8892	0.2537	-0.3806
			0.5845	-0.6819	0.4398
			0.0969	-0.2156	0.9717
			0.6617	0.227	0.7146
			-0.7076	0.5042	0.4951
			-0.2479	-0.8332	0.4942
			-0.6617	-0.227	-0.7146
			0.7076	-0.5042	-0.4951
			0.2479	0.8332	-0.4942
		b:
			250.7788
			111.3112
			227.185
			-65.1972
			-28.3694
			223.4159
			279.9541
			248.0475
			-76.1461
			-272.9541
			-241.0475
			82.1461
	==================================================================================
	Q2:
		Shape: Hybrid
		q_c:	22.0	258.5	278.5
		ub :	25.089	261.6699	282.2022
		lb :	18.911	255.3301	274.7978
		P^-1:
			0.564	-0.3919	-0.0346
			-0.3919	0.6131	0.137
			-0.0346	0.137	0.1841
		A:
			-0.6108	0.6546	0.4454
			-0.4248	-0.7963	-0.4306
			-0.4882	-0.2654	-0.8314
			0.6831	0.7296	-0.0323
			0.2466	-0.7761	-0.5804
			-0.0945	-0.5018	-0.8598
		b:
			280.5699
			-333.6525
			-309.2646
			196.621
			-355.8931
			-369.7184
	==================================================================================
	Q3:
		Shape: Polyhedra
		q_c:	30.0	251.0	278.0
		ub :	34.0567	255.3644	282.5789
		lb :	25.9433	246.6356	273.4211
		A:
			-0.6833	0.55	-0.4802
			0.1189	-0.9893	-0.0848
			-0.7554	-0.2661	0.5988
			-0.7202	-0.5889	0.3668
			-0.0945	-0.4199	-0.9026
			0.5666	-0.2513	0.7848
			0.7207	0.4598	0.5188
			0.0679	-0.7916	0.6072
			0.6899	-0.4024	-0.6018
			-0.7207	-0.4598	-0.5188
			-0.0679	0.7916	-0.6072
			-0.6899	0.4024	0.6018
		b:
			-13.3277
			-265.7176
			79.5804
			-64.7535
			-356.3831
			174.8343
			284.261
			-25.348
			-245.0919
			-278.261
			30.348
			250.0919
	==================================================================================
	Q4:
		Shape: Ellipse
		q_c:	24.5	250.5	279.5
		ub :	30.2424	254.8636	285.4983
		lb :	18.7576	246.1364	273.5017
		P^-1:
			0.07	0.0239	0.01
			0.0239	0.1392	0.032
			0.01	0.032	0.0758
	==================================================================================
	Q5:
		Shape: Hybrid
		q_c:	27.5	252.5	278.0
		ub :	33.0398	256.6431	283.2888
		lb :	21.9602	248.3569	272.7112
		P^-1:
			0.076	-0.0007	0.0087
			-0.0007	0.0815	0.0011
			0.0087	0.0011	0.0682
		A:
			-0.6712	0.6299	0.3908
			-0.7981	0.1026	-0.5937
			0.0895	-0.9852	-0.1459
			0.0501	-0.5866	-0.8083
			-0.7734	-0.5467	0.3208
			0.6414	-0.6009	-0.4771
		b:
			251.2138
			-159.331
			-285.1166
			-369.4738
			-68.1141
			-264.7072
	==================================================================================
	Q6:
		Shape: Hybrid
		q_c:	28.5	259.0	289.5
		ub :	31.8774	262.6706	293.9218
		lb :	25.1226	255.3294	285.0782
		P^-1:
			0.2334	0.0071	-0.0457
			0.0071	0.1558	-0.025
			-0.0457	-0.025	0.1024
		A:
			-0.8497	0.5247	0.0511
			-0.7873	0.5188	0.3332
			0.9018	0.1042	-0.4193
			0.9298	0.24	0.2789
			0.8312	0.114	0.5442
			-0.612	-0.7785	0.1393
		b:
			127.7164
			209.7153
			-67.6771
			170.9868
			212.7287
			-177.4148


===========================================================================================
===========================================================================================
S6:
	q_c:	85.5	350.0	231.5
	ub :	102.498	363.2214	248.2403
	lb :	67.3125	338.9569	214.3235

	==================================================================================
	Q1:
		Shape: Ellipse
		q_c:	94.5	346.5	222.0
		ub :	102.0273	350.8774	229.6765
		lb :	86.9727	342.1226	214.3235
		P^-1:
			0.0365	-0.0009	-0.0106
			-0.0009	0.081	-0.005
			-0.0106	-0.005	0.0413
	==================================================================================
	Q2:
		Shape: Ellipse
		q_c:	83.5	343.0	226.5
		ub :	88.0457	347.0431	230.234
		lb :	78.9543	338.9569	222.766
		P^-1:
			0.0654	-0.0191	0.0074
			-0.0191	0.1924	-0.0676
			0.0074	-0.0676	0.1659
	==================================================================================
	Q3:
		Shape: Hybrid
		q_c:	94.0	355.5	239.0
		ub :	102.498	363.2214	248.2403
		lb :	85.502	347.7786	229.7597
		P^-1:
			0.0313	0.017	0.0097
			0.017	0.0617	0.0217
			0.0097	0.0217	0.036
		A:
			0.0102	0.7396	0.6729
			0.1112	-0.4059	-0.9071
			-0.5218	-0.8054	0.281
			0.6289	0.4896	0.6039
			-0.7903	-0.612	0.0309
			-0.0944	-0.9954	0.0185
		b:
			427.1268
			-347.1752
			-264.7686
			379.9843
			-281.2591
			-355.4174
	==================================================================================
	Q4:
		Shape: Ellipse
		q_c:	94.5	354.0	224.0
		ub :	98.3294	361.7675	231.0494
		lb :	90.6706	346.2325	216.9506
		P^-1:
			0.1099	-0.0092	-0.003
			-0.0092	0.0348	-0.0093
			-0.003	-0.0093	0.0435
	==================================================================================
	Q5:
		Shape: Ellipse
		q_c:	74.5	345.5	236.0
		ub :	81.6875	351.964	242.2067
		lb :	67.3125	339.036	229.7933
		P^-1:
			0.0551	0.0059	0.0027
			0.0059	0.0555	0.0028
			0.0027	0.0028	0.0507
	==================================================================================
	Q6:
		Shape: Ellipse
		q_c:	89.5	351.5	234.0
		ub :	96.1469	356.3745	239.6137
		lb :	82.8531	346.6255	228.3863
		P^-1:
			0.3466	0.1528	0.432
			0.1528	0.1247	0.2065
			0.432	0.2065	0.6018


===========================================================================================
===========================================================================================
S7:
	q_c:	189.5	321.5	384.0
	ub :	199.5495	330.0896	393.688
	lb :	180.287	313.4032	373.7987

	==================================================================================
	Q1:
		Shape: Ellipse
		q_c:	195.0	323.0	379.0
		ub :	199.389	326.9845	384.2013
		lb :	190.611	319.0155	373.7987
		P^-1:
			0.1468	-0.0193	-0.0196
			-0.0193	0.1202	0.0008
			-0.0196	0.0008	0.0535
	==================================================================================
	Q2:
		Shape: Ellipse
		q_c:	190.5	323.5	389.0
		ub :	194.2109	328.1507	393.688
		lb :	186.7891	318.8493	384.312
		P^-1:
			0.1111	-0.0	0.0
			-0.0	0.1111	0.0
			0.0	0.0	0.1111
	==================================================================================
	Q3:
		Shape: Polyhedra
		q_c:	187.0	324.5	384.0
		ub :	192.3238	330.0896	388.6829
		lb :	181.6762	318.9104	379.3171
		A:
			-0.4151	0.9097	0.008
			-0.6963	0.0936	0.7117
			-0.6261	-0.5601	0.5425
			0.0814	-0.9384	0.3357
			0.2144	0.7505	-0.6251
			0.7872	-0.1863	0.5879
			0.6743	0.434	0.5974
			0.6577	-0.7209	-0.2187
			0.3358	0.5404	-0.7715
			-0.6743	-0.434	-0.5974
			-0.6577	0.7209	0.2187
			-0.3358	-0.5404	0.7715
		b:
			224.5321
			176.9374
			-87.5553
			-156.9218
			46.6389
			315.5311
			498.8439
			-190.9095
			-55.1228
			-493.8439
			198.9095
			61.1228
	==================================================================================
	Q4:
		Shape: Polyhedra
		q_c:	192.5	324.0	382.5
		ub :	195.6795	327.3436	386.2755
		lb :	189.3205	320.6564	378.7245
		A:
			-0.9885	0.1157	0.0974
			-0.8962	-0.3342	0.2918
			0.6227	0.3624	0.6935
			0.2239	0.9446	0.24
			-0.3697	-0.8341	-0.4094
			0.0939	-0.3224	0.9419
			0.8377	0.2078	0.5051
			0.0586	-0.9537	0.2951
			0.543	-0.2175	-0.8111
			-0.8377	-0.2078	-0.5051
			-0.0586	0.9537	-0.2951
			-0.543	0.2175	0.8111
		b:
			-113.3218
			-166.9028
			504.6027
			443.3241
			-495.7421
			276.3101
			423.7722
			-182.3456
			-273.6862
			-419.7722
			187.3456
			278.6862
	==================================================================================
	Q5:
		Shape: Hybrid
		q_c:	194.0	324.0	381.5
		ub :	199.5495	328.4286	385.1137
		lb :	188.4505	319.5714	377.8863
		P^-1:
			0.0713	0.0413	0.0153
			0.0413	0.1408	-0.0071
			0.0153	-0.0071	0.1574
		A:
			0.1494	0.8269	0.5422
			0.4109	0.7104	0.5714
			0.5548	-0.7015	-0.4473
			-0.4978	-0.6186	0.6079
			-0.0505	0.5961	-0.8013
			0.276	-0.432	-0.8586
		b:
			505.2123
			529.1265
			-287.473
			-63.6439
			-121.0287
			-411.9853
	==================================================================================
	Q6:
		Shape: Hybrid
		q_c:	184.0	316.0	378.5
		ub :	187.713	318.5968	381.911
		lb :	180.287	313.4032	375.089
		P^-1:
			0.1946	-0.093	-0.0004
			-0.093	0.4098	0.0011
			-0.0004	0.0011	0.16
		A:
			-0.1278	-0.9455	0.2995
			0.8267	-0.4929	0.2713
			-0.4549	-0.8902	-0.0247
			0.9037	-0.4204	-0.0807
			-0.1168	-0.6642	0.7384
			-0.8975	0.2889	0.3331
		b:
			-207.8257
			100.2881
			-372.991
			4.1971
			49.5945
			53.6863


===========================================================================================
===========================================================================================
S8:
	q_c:	405.0	299.5	398.0
	ub :	422.3323	310.7855	405.2828
	lb :	394.1248	285.1448	382.7618

	==================================================================================
	Q1:
		Shape: Polyhedra
		q_c:	403.5	291.5	397.5
		ub :	410.8447	297.8552	404.7113
		lb :	396.1553	285.1448	390.2887
		A:
			0.3723	-0.7786	-0.5052
			0.8634	0.3915	-0.3181
			-0.8447	-0.3115	-0.4353
			-0.5438	-0.7637	0.348
			-0.0118	-0.1239	0.9922
			-0.8712	0.0733	-0.4855
			0.5323	0.6085	0.5886
			-0.836	0.2687	0.4784
			0.133	-0.7467	0.6517
			-0.5323	-0.6085	-0.5886
			0.836	-0.2687	-0.4784
			-0.133	0.7467	-0.6517
		b:
			-272.4337
			341.2122
			-600.6239
			-299.6577
			357.6628
			-518.8095
			629.6094
			-62.8708
			98.5503
			-622.6094
			74.8708
			-91.5503
	==================================================================================
	Q2:
		Shape: Hybrid
		q_c:	405.5	294.0	391.0
		ub :	410.5382	298.721	395.4925
		lb :	400.4618	289.279	386.5075
		P^-1:
			0.1226	0.0361	-0.0029
			0.0361	0.1231	0.013
			-0.0029	0.013	0.107
		A:
			0.4394	-0.839	-0.3209
			-0.5082	-0.5158	-0.6897
			0.9588	0.1889	-0.2124
			0.0212	-0.8322	-0.554
			-0.8776	0.0279	-0.4786
			0.7924	0.2491	-0.5568
		b:
			-191.9747
			-625.9289
			362.8042
			-451.1047
			-532.9149
			178.4022
	==================================================================================
	Q3:
		Shape: Hybrid
		q_c:	415.0	303.0	398.0
		ub :	422.3323	307.2921	405.2828
		lb :	407.6677	298.7079	390.7172
		P^-1:
			0.0427	-0.0126	-0.0143
			-0.0126	0.1518	-0.0281
			-0.0143	-0.0281	0.0558
		A:
			0.1315	0.981	-0.1427
			-0.839	0.4597	0.291
			0.3583	-0.9328	-0.0387
			-0.1838	0.8952	0.4059
			-0.3086	0.8746	0.3738
			-0.6547	0.7499	0.0946
		b:
			296.5487
			-90.1996
			-147.8003
			358.7515
			287.7489
			-4.6011
	==================================================================================
	Q4:
		Shape: Hybrid
		q_c:	407.5	301.5	394.0
		ub :	413.0405	306.6604	398.3699
		lb :	401.9595	296.3396	389.6301
		P^-1:
			0.2017	0.1642	0.0821
			0.1642	0.2153	0.1122
			0.0821	0.1122	0.1786
		A:
			0.8339	0.0661	0.5479
			-0.7521	-0.5724	-0.3267
			-0.3041	-0.7495	-0.588
			-0.422	-0.9066	-0.0007
			-0.6406	-0.3636	-0.6763
			0.1552	-0.042	0.987
		b:
			578.1293
			-606.8308
			-580.357
			-443.7488
			-635.7874
			441.7065
	==================================================================================
	Q5:
		Shape: Hybrid
		q_c:	401.5	297.5	389.5
		ub :	408.5995	303.3437	396.2382
		lb :	394.4005	291.6563	382.7618
		P^-1:
			0.0668	0.038	-0.024
			0.038	0.1014	-0.0462
			-0.024	-0.0462	0.0811
		A:
			0.3715	0.1958	-0.9076
			0.6769	-0.1262	0.7252
			-0.4204	-0.3086	0.8533
			0.1016	0.9466	-0.3061
			0.4025	0.9121	0.0783
			-0.0324	-0.9296	0.3672
		b:
			-143.8261
			519.8986
			73.7195
			205.1124
			465.7118
			-144.5357
	==================================================================================
	Q6:
		Shape: Hybrid
		q_c:	399.0	305.0	391.5
		ub :	403.8752	310.7855	396.0473
		lb :	394.1248	299.2145	386.9527
		P^-1:
			0.0894	0.0038	0.013
			0.0038	0.0334	0.0029
			0.013	0.0029	0.103
		A:
			-0.6831	0.077	-0.7262
			0.9788	0.0324	0.2022
			-0.9768	-0.0153	-0.2138
			0.7129	0.614	-0.3388
			0.8336	-0.0556	-0.5495
			0.8946	-0.1322	0.4268
		b:
			-531.8202
			481.38
			-476.3106
			341.8269
			102.5435
			485.5001


===========================================================================================
===========================================================================================
S9:
	q_c:	304.5	81.0	393.0
	ub :	319.3327	105.2855	416.2817
	lb :	280.9305	58.8514	378.3896

	==================================================================================
	Q1:
		Shape: Ellipse
		q_c:	290.5	84.5	398.5
		ub :	300.0695	94.04	404.1773
		lb :	280.9305	74.96	392.8227
		P^-1:
			0.0372	-0.0127	0.0219
			-0.0127	0.0362	0.0202
			0.0219	0.0202	0.1009
	==================================================================================
	Q2:
		Shape: Hybrid
		q_c:	298.0	89.0	401.0
		ub :	303.8785	96.1134	408.6186
		lb :	292.1215	81.8866	393.3814
		P^-1:
			0.1262	-0.0023	0.042
			-0.0023	0.0903	0.0506
			0.042	0.0506	0.075
		A:
			0.4048	-0.2795	-0.8706
			0.4029	-0.7771	-0.4836
			-0.258	-0.6748	-0.6915
			0.3616	0.5704	0.7375
			-0.3953	0.7116	0.5809
			0.8344	-0.5269	-0.1617
		b:
			-249.6205
			-141.3014
			-412.7907
			455.7258
			180.3662
			138.6928
	==================================================================================
	Q3:
		Shape: Ellipse
		q_c:	304.0	72.5	407.0
		ub :	308.7025	79.6471	415.6467
		lb :	299.2975	65.3529	398.3533
		P^-1:
			0.1059	-0.0112	-0.0182
			-0.0112	0.066	-0.026
			-0.0182	-0.026	0.0386
	==================================================================================
	Q4:
		Shape: Hybrid
		q_c:	308.5	94.0	406.5
		ub :	319.3327	105.2855	416.2817
		lb :	297.6673	82.7145	396.7183
		P^-1:
			0.0553	0.0152	0.0445
			0.0152	0.0264	0.0224
			0.0445	0.0224	0.0609
		A:
			0.9988	-0.0489	-0.0099
			0.4373	0.8739	-0.2122
			0.8636	0.3439	0.3686
			0.8789	0.3722	-0.2983
			0.252	0.5404	0.8028
			-0.4445	-0.4528	-0.773
		b:
			304.6483
			137.6623
			451.6669
			191.7633
			457.6564
			-491.9359
	==================================================================================
	Q5:
		Shape: Ellipse
		q_c:	299.5	90.0	387.0
		ub :	306.0087	97.5782	395.6104
		lb :	292.9913	82.4218	378.3896
		P^-1:
			0.0843	-0.0845	-0.0473
			-0.0845	0.1515	0.0741
			-0.0473	0.0741	0.0624
	==================================================================================
	Q6:
		Shape: Hybrid
		q_c:	307.5	65.5	404.0
		ub :	316.1567	72.1486	412.4805
		lb :	298.8433	58.8514	395.5195
		P^-1:
			0.0368	0.0172	0.0141
			0.0172	0.0836	0.0333
			0.0141	0.0333	0.0516
		A:
			-0.6206	-0.6612	0.4216
			0.9195	-0.3406	-0.1964
			-0.6928	0.6507	0.3109
			-0.8444	-0.5348	-0.0313
			0.2164	-0.9328	0.2882
			-0.6909	0.6506	0.3154
		b:
			-59.9137
			185.3235
			-41.0914
			-304.0636
			125.3252
			-38.7016


===========================================================================================
===========================================================================================
S10:
	q_c:	123.5	12.0	38.5
	ub :	143.8408	30.4768	57.5358
	lb :	107.2683	-0.0722	22.0642

	==================================================================================
	Q1:
		Shape: Hybrid
		q_c:	134.5	8.0	48.0
		ub :	143.8408	16.0722	57.5358
		lb :	125.1592	-0.0722	38.4642
		P^-1:
			0.0354	-0.0128	-0.0118
			-0.0128	0.0515	-0.0146
			-0.0118	-0.0146	0.0406
		A:
			-0.4197	0.8743	0.2437
			0.0938	0.4278	-0.899
			0.8059	0.5384	-0.2461
			-0.0388	0.9219	-0.3854
			0.1314	-0.7735	0.6201
			-0.6418	-0.2158	0.7358
		b:
			-35.1201
			-24.5538
			105.0161
			-14.1375
			43.2984
			-50.2665
	==================================================================================
	Q2:
		Shape: Hybrid
		q_c:	130.0	10.0	34.5
		ub :	135.8983	14.4468	40.2502
		lb :	124.1017	5.5532	28.7498
		P^-1:
			0.1942	0.1118	0.1578
			0.1118	0.1512	0.1163
			0.1578	0.1163	0.2016
		A:
			-0.6114	-0.5335	-0.5845
			0.6746	0.3535	0.648
			-0.4882	-0.0645	-0.8704
			0.4535	0.6145	0.6456
			-0.4576	-0.0731	-0.8862
			0.4447	0.7445	0.4979
		b:
			-104.2015
			114.4339
			-92.4057
			88.3414
			-89.0037
			83.6273
	==================================================================================
	Q3:
		Shape: Hybrid
		q_c:	130.0	21.0	36.0
		ub :	134.7752	26.7382	40.9749
		lb :	125.2248	15.2618	31.0251
		P^-1:
			0.1061	-0.0111	-0.0003
			-0.0111	0.0867	0.0001
			-0.0003	0.0001	0.0816
		A:
			0.9449	0.3067	-0.1145
			-0.1592	-0.5484	-0.821
			-0.6518	0.5893	-0.4773
			-0.2856	-0.629	0.7231
			-0.1941	-0.0518	-0.9796
			-0.9061	-0.3997	-0.1386
		b:
			126.8933
			-59.7646
			-87.8829
			-22.2985
			-59.5957
			-129.3852
	==================================================================================
	Q4:
		Shape: Hybrid
		q_c:	113.5	24.0	41.5
		ub :	119.7317	30.4768	44.1774
		lb :	107.2683	17.5232	38.8226
		P^-1:
			0.1047	0.0306	-0.2093
			0.0306	0.0823	-0.1733
			-0.2093	-0.1733	0.9155
		A:
			0.3196	0.3546	-0.8787
			0.3442	-0.2332	-0.9095
			0.1672	-0.0554	-0.9844
			-0.384	-0.1649	0.9085
			0.4753	0.169	-0.8634
			0.482	0.1713	-0.8593
		b:
			9.2219
			-2.6971
			-22.1446
			-9.1285
			23.1658
			24.1704
	==================================================================================
	Q5:
		Shape: Ellipse
		q_c:	130.0	18.5	28.5
		ub :	135.0645	24.9346	34.9358
		lb :	124.9355	12.0654	22.0642
		P^-1:
			0.1949	0.0092	-0.0867
			0.0092	0.0565	0.0229
			-0.0867	0.0229	0.1132
	==================================================================================
	Q6:
		Shape: Ellipse
		q_c:	131.0	9.5	44.0
		ub :	139.4707	15.7283	52.5966
		lb :	122.5293	3.2717	35.4034
		P^-1:
			0.047	-0.0136	0.0219
			-0.0136	0.063	-0.0089
			0.0219	-0.0089	0.0448


===========================================================================================
===========================================================================================
S11:
	q_c:	453.5	131.5	353.5
	ub :	465.1575	140.1098	364.9482
	lb :	442.7683	119.3991	347.3349

	==================================================================================
	Q1:
		Shape: Ellipse
		q_c:	455.5	128.5	354.5
		ub :	460.3997	132.7258	359.7125
		lb :	450.6003	124.2742	349.2875
		P^-1:
			0.1401	-0.0499	0.0755
			-0.0499	0.1441	-0.0356
			0.0755	-0.0356	0.1394
	==================================================================================
	Q2:
		Shape: Ellipse
		q_c:	449.0	132.5	359.0
		ub :	455.2317	137.5164	364.9482
		lb :	442.7683	127.4836	353.0518
		P^-1:
			0.0733	0.0012	0.0094
			0.0012	0.0815	-0.0014
			0.0094	-0.0014	0.071
	==================================================================================
	Q3:
		Shape: Ellipse
		q_c:	461.0	124.0	355.5
		ub :	465.1575	128.6009	359.4358
		lb :	456.8425	119.3991	351.5642
		P^-1:
			0.1543	-0.0094	0.0125
			-0.0094	0.1444	0.0207
			0.0125	0.0207	0.1324
	==================================================================================
	Q4:
		Shape: Hybrid
		q_c:	458.0	134.5	350.0
		ub :	463.3276	140.1098	352.6651
		lb :	452.6724	128.8902	347.3349
		P^-1:
			0.1057	-0.0472	0.0676
			-0.0472	0.0906	-0.0787
			0.0676	-0.0787	0.4086
		A:
			0.3205	-0.016	0.9471
			-0.2876	0.2943	0.9114
			-0.31	-0.0643	0.9485
			-0.1483	-0.1284	0.9806
			0.3621	0.2713	0.8918
			-0.6999	0.3068	-0.6449
		b:
			477.1691
			228.4613
			182.7281
			259.1202
			516.2861
			-503.5933
	==================================================================================
	Q5:
		Shape: Polyhedra
		q_c:	454.5	133.5	354.0
		ub :	457.7679	138.0366	358.6343
		lb :	451.2321	128.9634	349.3657
		A:
			0.8253	-0.5591	0.0799
			-0.8316	0.0444	0.5535
			-0.6845	0.2173	0.6959
			-0.0246	-0.411	0.9113
			-0.2288	-0.9017	0.3668
			0.1331	0.9876	-0.0829
			0.0514	0.6758	0.7353
			-0.2275	0.7248	-0.6503
			-0.9724	-0.1339	0.191
			-0.0514	-0.6758	-0.7353
			0.2275	-0.7248	0.6503
			0.9724	0.1339	-0.191
		b:
			331.4988
			-173.5081
			-33.0564
			259.4967
			-91.5913
			165.9624
			376.8758
			-233.8571
			-389.7041
			-370.8758
			239.8571
			394.7041
	==================================================================================
	Q6:
		Shape: Polyhedra
		q_c:	448.0	126.0	357.0
		ub :	453.1491	131.2865	362.3885
		lb :	442.8509	120.7135	351.6115
		A:
			0.8123	0.5691	-0.1279
			0.8304	-0.5546	-0.0538
			0.0457	0.9081	-0.4163
			0.8914	-0.4166	-0.1783
			-0.7674	0.5188	0.3768
			0.9744	0.1013	0.2009
			0.2275	0.9312	0.2847
			0.6829	0.0559	-0.7284
			-0.6942	0.3601	-0.6232
			-0.2275	-0.9312	-0.2847
			-0.6829	-0.0559	0.7284
			0.6942	-0.3601	0.6232
		b:
			393.8689
			286.087
			-9.8802
			286.3995
			-140.3934
			524.1435
			325.3694
			56.4172
			-485.6307
			-316.3694
			-49.4172
			490.6307


===========================================================================================
===========================================================================================
S12:
	q_c:	413.5	341.0	205.5
	ub :	423.4646	348.9525	209.8183
	lb :	405.9925	332.6774	195.5922

	==================================================================================
	Q1:
		Shape: Ellipse
		q_c:	413.0	347.0	207.5
		ub :	415.036	348.9525	209.8183
		lb :	410.964	345.0475	205.1817
		P^-1:
			0.25	0.0026	0.0006
			0.0026	0.4336	0.0445
			0.0006	0.0445	0.2608
	==================================================================================
	Q2:
		Shape: Polyhedra
		q_c:	409.0	341.5	206.0
		ub :	412.0075	344.7456	208.7132
		lb :	405.9925	338.2544	203.2868
		A:
			0.949	0.1805	0.2585
			-0.0106	-0.0023	-0.9999
			0.1972	-0.1093	0.9742
			-0.0298	0.1847	-0.9823
			0.0401	-0.9628	-0.2672
			-0.2993	-0.3457	-0.8893
			0.9695	0.1715	0.1753
			0.0989	-0.9276	0.3603
			0.2243	-0.332	-0.9162
			-0.9695	-0.1715	-0.1753
			-0.0989	0.9276	-0.3603
			-0.2243	0.332	0.9162
		b:
			505.5125
			-209.3992
			245.9547
			-149.5933
			-365.2436
			-421.8687
			493.6757
			-199.5857
			-208.8499
			-488.6757
			204.5857
			211.8499
	==================================================================================
	Q3:
		Shape: Polyhedra
		q_c:	418.0	345.5	204.0
		ub :	421.7956	348.239	207.834
		lb :	414.2044	342.761	200.166
		A:
			-0.8218	0.4778	-0.3103
			0.3842	-0.299	0.8735
			-0.5152	0.706	-0.486
			-0.8927	-0.412	-0.1826
			0.3841	-0.5185	0.7639
			-0.0234	0.9617	-0.273
			0.5303	0.5899	0.609
			0.7436	0.0214	-0.6683
			-0.4072	0.8072	-0.4273
			-0.5303	-0.5899	-0.609
			-0.7436	-0.0214	0.6683
			0.4072	-0.8072	0.4273
		b:
			-239.926
			237.4634
			-69.0147
			-550.2646
			138.9919
			268.5214
			552.1921
			184.3968
			23.0031
			-547.1921
			-179.3968
			-20.0031
	==================================================================================
	Q4:
		Shape: Polyhedra
		q_c:	414.5	336.5	202.5
		ub :	417.9965	340.3226	204.6677
		lb :	411.0035	332.6774	200.3323
		A:
			0.5616	0.312	-0.7664
			0.1813	-0.9349	0.3052
			0.2461	0.9105	0.3323
			0.6357	-0.2645	-0.7252
			-0.7694	-0.6035	0.2093
			-0.2143	-0.827	-0.5198
			0.7844	0.5993	0.1601
			-0.0484	-0.1981	0.979
			0.6184	-0.7757	-0.1264
			-0.7844	-0.5993	-0.1601
			0.0484	0.1981	-0.979
			-0.6184	0.7757	0.1264
		b:
			184.2669
			-175.015
			478.087
			29.9826
			-477.6624
			-470.034
			561.1932
			113.0103
			-27.2851
			-557.1932
			-110.0103
			33.2851
	==================================================================================
	Q5:
		Shape: Hybrid
		q_c:	418.5	342.0	205.0
		ub :	423.4646	345.9462	209.4928
		lb :	413.5354	338.0538	200.5072
		P^-1:
			0.1267	0.0663	0.0158
			0.0663	0.1914	0.0447
			0.0158	0.0447	0.1246
		A:
			-0.9198	-0.3876	0.0604
			0.5601	0.4624	0.6874
			0.9663	0.1945	0.1686
			-0.7747	-0.4583	-0.4356
			0.3488	-0.7853	-0.5115
			0.113	-0.4479	-0.8869
		b:
			-503.493
			534.7999
			507.3357
			-568.8739
			-225.6597
			-286.0529
	==================================================================================
	Q6:
		Shape: Hybrid
		q_c:	415.5	343.0	201.0
		ub :	420.3085	348.1853	206.4078
		lb :	410.6915	337.8147	195.5922
		P^-1:
			0.0943	0.0098	0.0108
			0.0098	0.1054	-0.0063
			0.0108	-0.0063	0.1042
		A:
			-0.027	0.8725	0.4879
			0.7105	0.2833	-0.6442
			-0.7022	-0.7057	0.0946
			0.9613	-0.2092	0.179
			-0.4263	0.2354	-0.8734
			-0.7689	-0.0213	0.6391
		b:
			387.8119
			264.6619
			-513.2598
			365.4348
			-270.4421
			-196.4343


===========================================================================================
===========================================================================================
S13:
	q_c:	131.5	370.5	324.0
	ub :	141.5727	380.2921	335.4171
	lb :	122.8383	362.6372	316.4844

	==================================================================================
	Q1:
		Shape: Ellipse
		q_c:	135.5	372.0	321.5
		ub :	138.8412	375.8437	326.0685
		lb :	132.1588	368.1563	316.9315
		P^-1:
			0.1568	0.0005	-0.0153
			0.0005	0.1092	0.0073
			-0.0153	0.0073	0.0868
	==================================================================================
	Q2:
		Shape: Polyhedra
		q_c:	127.5	373.0	325.5
		ub :	132.1617	377.7273	330.6515
		lb :	122.8383	368.2727	320.3485
		A:
			0.413	-0.3837	0.826
			-0.838	0.273	-0.4725
			-0.1898	0.7571	-0.6251
			0.6624	0.6056	-0.441
			-0.6806	0.7318	-0.0336
			-0.668	0.5984	-0.4424
			0.8205	0.3898	0.418
			0.0897	-0.8101	0.5793
			0.5645	-0.4379	-0.6997
			-0.8205	-0.3898	-0.418
			-0.0897	0.8101	-0.5793
			-0.5645	0.4379	0.6997
		b:
			181.0656
			-155.9378
			57.2489
			169.6854
			178.2879
			-3.2379
			389.0928
			-99.6685
			-315.6072
			-383.0928
			104.6685
			322.6072
	==================================================================================
	Q3:
		Shape: Polyhedra
		q_c:	137.5	376.5	320.0
		ub :	141.5727	380.2921	323.5156
		lb :	133.4273	372.7079	316.4844
		A:
			-0.2612	0.1241	-0.9573
			0.4619	-0.8431	0.2753
			0.6708	-0.5319	-0.5168
			0.491	-0.6043	-0.6274
			0.1553	0.2255	0.9618
			0.6138	0.7574	-0.2226
			0.9573	0.2356	0.1677
			0.242	-0.9701	-0.0185
			0.1583	0.0583	-0.9857
			-0.9573	-0.2356	-0.1677
			-0.242	0.9701	0.0185
			-0.1583	-0.0583	0.9857
		b:
			-292.5256
			-162.8389
			-270.4116
			-357.8079
			417.017
			301.3344
			276.9798
			-334.8982
			-268.6954
			-270.9798
			340.8982
			274.6954
	==================================================================================
	Q4:
		Shape: Hybrid
		q_c:	127.5	366.0	321.5
		ub :	131.4151	369.3628	325.5842
		lb :	123.5849	362.6372	317.4158
		P^-1:
			0.1356	-0.0087	-0.0235
			-0.0087	0.354	-0.1405
			-0.0235	-0.1405	0.2259
		A:
			-0.5051	-0.6221	0.5983
			0.3878	0.9193	0.0665
			-0.4407	0.6335	-0.636
			0.8686	-0.2829	-0.4068
			-0.0496	-0.6811	-0.7305
			-0.2507	-0.8981	-0.3613
		b:
			-98.6179
			408.8377
			-27.5958
			-121.8191
			-488.4635
			-475.0449
	==================================================================================
	Q5:
		Shape: Ellipse
		q_c:	130.5	370.0	328.0
		ub :	135.4198	375.5229	332.0146
		lb :	125.5802	364.4771	323.9854
		P^-1:
			0.1055	0.0177	-0.001
			0.0177	0.0552	0.0032
			-0.001	0.0032	0.1109
	==================================================================================
	Q6:
		Shape: Polyhedra
		q_c:	133.0	370.0	330.0
		ub :	138.816	375.4313	335.4171
		lb :	127.184	364.5687	324.5829
		A:
			-0.9869	-0.0607	-0.1497
			-0.2889	-0.114	-0.9505
			0.1561	0.8728	-0.4625
			-0.3046	-0.168	0.9375
			0.0383	0.8626	-0.5045
			0.2163	0.8124	-0.5416
			0.7375	0.4023	0.5424
			-0.6639	0.5788	0.4735
			-0.1235	-0.7093	0.694
			-0.7375	-0.4023	-0.5424
			0.6639	-0.5788	-0.4735
			0.1235	0.7093	-0.694
		b:
			-199.2942
			-391.0208
			193.2724
			209.7558
			160.0072
			152.7208
			429.429
			286.6105
			-47.8716
