3D_40_6_6_e                l = 3

===========================================================================================
===========================================================================================
S1:
	q_c:	20.5	194.0	267.5
	ub :	28.2311	204.0835	276.467
	lb :	13.3404	184.1279	259.4376

	==================================================================================
	Q1:
		Shape: Hybrid
		q_c:	21.5	193.0	270.0
		ub :	24.7909	197.1733	274.0044
		lb :	18.2091	188.8267	265.9956
		P^-1:
			0.1747	0.0162	0.0295
			0.0162	0.152	0.0581
			0.0295	0.0581	0.1944
		A:
			0.8197	0.0458	-0.571
			-0.4263	0.5556	-0.7138
			-0.3911	0.4434	0.8065
			-0.1736	0.2321	0.9571
			-0.6738	-0.0888	0.7335
			0.2164	-0.972	-0.0911
		b:
			-126.1064
			-92.8727
			296.2177
			300.7852
			168.0759
			-205.8873
	==================================================================================
	Q2:
		Shape: Ellipse
		q_c:	19.5	188.0	268.5
		ub :	23.3702	191.8721	272.3061
		lb :	15.6298	184.1279	264.6939
		P^-1:
			0.1753	0.0459	0.0519
			0.0459	0.2219	-0.0318
			0.0519	-0.0318	0.214
	==================================================================================
	Q3:
		Shape: Polyhedra
		q_c:	17.0	196.0	271.5
		ub :	20.6596	199.9387	274.3106
		lb :	13.3404	192.0613	268.6894
		A:
			0.3936	-0.1416	0.9083
			0.6385	-0.3767	0.6712
			0.9875	0.0067	-0.1573
			0.6856	-0.2078	0.6977
			0.014	0.0105	-0.9998
			-0.0513	-0.1807	-0.9822
			0.4904	0.8381	0.2389
			0.7478	-0.264	-0.6091
			-0.4475	0.4774	-0.7562
			-0.4904	-0.8381	-0.2389
			-0.7478	0.264	0.6091
			0.4475	-0.4774	0.7562
		b:
			227.003
			120.4197
			-22.283
			161.8707
			-267.5225
			-300.9479
			240.9657
			-202.4067
			-118.3532
			-233.9657
			206.4067
			120.3532
	==================================================================================
	Q4:
		Shape: Polyhedra
		q_c:	24.5	200.5	273.5
		ub :	28.2311	204.0835	276.467
		lb :	20.7689	196.9165	270.533
		A:
			-0.2355	0.5454	0.8044
			0.1312	0.7306	-0.6701
			0.7513	-0.1926	-0.6312
			-0.2878	-0.0663	0.9554
			-0.8979	-0.2275	0.3768
			0.0229	0.1105	0.9936
			0.2359	0.7264	0.6455
			0.4281	0.5186	-0.7401
			-0.8724	0.4509	-0.1886
			-0.2359	-0.7264	-0.6455
			-0.4281	-0.5186	0.7401
			0.8724	-0.4509	0.1886
		b:
			325.6275
			-31.8321
			-190.5832
			242.5894
			37.6282
			296.3016
			329.9693
			-86.4477
			20.4383
			-325.9693
			89.4477
			-14.4383
	==================================================================================
	Q5:
		Shape: Ellipse
		q_c:	18.0	190.5	263.0
		ub :	21.2761	194.4887	266.5624
		lb :	14.7239	186.5113	259.4376
		P^-1:
			0.16	0.0	-0.0
			0.0	0.16	0.0
			-0.0	0.0	0.16
	==================================================================================
	Q6:
		Shape: Polyhedra
		q_c:	24.0	192.0	267.0
		ub :	26.8096	196.0891	270.8121
		lb :	21.1904	187.9109	263.1879
		A:
			0.573	-0.0035	-0.8196
			0.9298	0.3553	0.0959
			-0.5406	-0.024	-0.8409
			0.3013	0.4467	-0.8424
			0.0859	0.952	0.2938
			-0.7762	0.1729	-0.6063
			0.0666	0.8194	0.5694
			-0.0421	0.5724	-0.8189
			-0.9969	0.0306	0.0726
			-0.0666	-0.8194	-0.5694
			0.0421	-0.5724	0.8189
			0.9969	-0.0306	-0.0726
		b:
			-203.2162
			118.8229
			-239.4783
			-129.8378
			266.6798
			-144.9187
			314.4412
			-107.7396
			3.8377
			-307.4412
			111.7396
			1.1623


===========================================================================================
===========================================================================================
S2:
	q_c:	317.0	38.0	275.5
	ub :	335.549	63.6444	293.8181
	lb :	307.2956	18.6621	251.7171

	==================================================================================
	Q1:
		Shape: Ellipse
		q_c:	315.0	27.5	268.0
		ub :	322.7044	32.0691	275.1575
		lb :	307.2956	22.9309	260.8425
		P^-1:
			0.0782	0.0001	-0.0715
			0.0001	0.0494	-0.0005
			-0.0715	-0.0005	0.0975
	==================================================================================
	Q2:
		Shape: Ellipse
		q_c:	322.5	30.5	263.0
		ub :	331.8051	42.1493	274.2829
		lb :	313.1949	18.8507	251.7171
		P^-1:
			0.0592	-0.005	-0.0306
			-0.005	0.0166	0.0059
			-0.0306	0.0059	0.0375
	==================================================================================
	Q3:
		Shape: Hybrid
		q_c:	329.0	36.5	287.5
		ub :	335.549	43.9559	293.8181
		lb :	322.451	29.0441	281.1819
		P^-1:
			0.1296	0.0709	-0.0805
			0.0709	0.0858	-0.0567
			-0.0805	-0.0567	0.1076
		A:
			-0.4334	0.1101	0.8945
			-0.4254	-0.7765	-0.4649
			0.6838	-0.1844	-0.706
			-0.6921	-0.5648	-0.4495
			0.4713	0.8496	-0.2368
			0.7436	0.0597	-0.666
		b:
			121.2859
			-298.2576
			17.9836
			-374.0253
			120.158
			57.2629
	==================================================================================
	Q4:
		Shape: Hybrid
		q_c:	323.0	51.5	273.0
		ub :	334.9926	63.6444	283.3975
		lb :	311.0074	39.3556	262.6025
		P^-1:
			0.0189	0.0018	-0.0039
			0.0018	0.0094	-0.0009
			-0.0039	-0.0009	0.0201
		A:
			-0.3119	0.3886	0.867
			-0.6098	-0.2901	-0.7376
			0.7913	0.4557	-0.4076
			-0.5035	0.5128	0.6954
			0.1676	-0.1848	0.9684
			0.627	0.7651	-0.1464
		b:
			160.4441
			-408.4124
			171.7083
			58.6195
			313.2804
			207.3225
	==================================================================================
	Q5:
		Shape: Polyhedra
		q_c:	324.0	26.0	284.5
		ub :	332.8201	33.3379	292.946
		lb :	315.1799	18.6621	276.054
		A:
			-0.0631	0.9125	0.4043
			0.5206	-0.7002	0.4886
			-0.0156	0.9999	-0.0033
			-0.5507	0.5173	-0.6551
			-0.1178	0.8422	-0.5262
			-0.7096	-0.5842	-0.394
			0.5758	0.8167	0.0383
			0.6202	-0.4058	-0.6713
			-0.5327	0.4103	-0.7402
			-0.5758	-0.8167	-0.0383
			-0.6202	0.4058	0.6713
			0.5327	-0.4103	0.7402
		b:
			124.1645
			293.8723
			24.4239
			-347.2878
			-162.2602
			-353.9473
			221.7036
			7.4331
			-368.5059
			-215.7036
			8.5669
			376.5059
	==================================================================================
	Q6:
		Shape: Ellipse
		q_c:	324.5	31.5	271.5
		ub :	332.0182	40.7245	280.8251
		lb :	316.9818	22.2755	262.1749
		P^-1:
			0.066	-0.0205	-0.0197
			-0.0205	0.0487	-0.0166
			-0.0197	-0.0166	0.0433


===========================================================================================
===========================================================================================
S3:
	q_c:	119.5	147.0	107.0
	ub :	125.9476	154.2339	115.6162
	lb :	115.6679	138.7136	101.7056

	==================================================================================
	Q1:
		Shape: Polyhedra
		q_c:	121.5	143.5	106.5
		ub :	125.8674	148.09	110.491
		lb :	117.1326	138.91	102.509
		A:
			0.2215	-0.4562	0.8619
			0.6967	0.7092	-0.1078
			-0.763	-0.6398	0.0919
			0.2538	-0.9646	0.0714
			-0.9615	-0.1625	-0.2218
			0.6458	0.6549	-0.3926
			0.453	0.6764	0.5807
			0.7898	-0.6067	0.0905
			0.4135	0.4176	-0.8091
			-0.453	-0.6764	-0.5807
			-0.7898	0.6067	-0.0905
			-0.4135	-0.4176	0.8091
		b:
			55.778
			177.7176
			-171.9608
			-97.3565
			-161.0227
			133.2612
			216.9548
			21.0395
			26.5084
			-210.9548
			-16.0395
			-21.5084
	==================================================================================
	Q2:
		Shape: Polyhedra
		q_c:	120.5	141.5	104.5
		ub :	122.6287	144.2864	107.0371
		lb :	118.3713	138.7136	101.9629
		A:
			0.7941	-0.3733	-0.4797
			-0.2151	0.9116	0.3504
			-0.4734	0.8802	-0.0339
			-0.2294	-0.9725	0.0406
			0.938	-0.3456	-0.0249
			0.9443	-0.139	-0.2983
			0.1703	0.6485	0.7419
			0.2351	0.7044	-0.6697
			-0.9569	0.2885	-0.0325
			-0.1703	-0.6485	-0.7419
			-0.2351	-0.7044	0.6697
			0.9569	-0.2885	0.0325
		b:
			-5.6437
			141.5317
			65.5831
			-159.2822
			63.031
			64.4601
			191.8164
			59.5201
			-76.3856
			-187.8164
			-56.5201
			79.3856
	==================================================================================
	Q3:
		Shape: Hybrid
		q_c:	119.0	150.0	107.5
		ub :	121.5492	152.9169	110.4917
		lb :	116.4508	147.0831	104.5083
		P^-1:
			0.5378	-0.4079	-0.0906
			-0.4079	0.6005	0.0978
			-0.0906	0.0978	0.1817
		A:
			-0.0542	-0.974	-0.2201
			0.5537	-0.7614	-0.3371
			-0.5737	0.6597	0.4854
			-0.4598	0.8772	-0.1378
			-0.8428	0.1654	-0.5122
			0.0856	-0.9575	-0.2755
		b:
			-174.7977
			-83.943
			83.6324
			62.8929
			-128.9642
			-161.8427
	==================================================================================
	Q4:
		Shape: Polyhedra
		q_c:	122.5	144.0	105.5
		ub :	125.9476	146.4623	109.2944
		lb :	119.0524	141.5377	101.7056
		A:
			0.8365	-0.4917	-0.2418
			-0.1151	0.7642	-0.6347
			0.365	0.9309	-0.0171
			-0.786	-0.613	0.0797
			0.6326	0.2564	-0.7308
			-0.165	-0.2222	0.9609
			0.4282	0.1044	0.8976
			-0.8487	0.3876	0.3598
			-0.3103	-0.9159	0.2546
			-0.4282	-0.1044	-0.8976
			0.8487	-0.3876	-0.3598
			0.3103	0.9159	-0.2546
		b:
			8.1536
			31.0491
			178.5689
			-174.3234
			39.3146
			51.7274
			165.1923
			-8.1993
			-141.5459
			-159.1923
			12.1993
			144.5459
	==================================================================================
	Q5:
		Shape: Hybrid
		q_c:	118.5	149.0	108.0
		ub :	121.3321	152.2732	110.5313
		lb :	115.6679	145.7268	105.4687
		P^-1:
			0.7378	0.3113	-0.2278
			0.3113	0.268	-0.1318
			-0.2278	-0.1318	0.3554
		A:
			-0.6173	0.266	0.7404
			-0.316	-0.2885	-0.9038
			0.6746	0.5197	0.5243
			-0.9837	0.1034	0.1469
			-0.43	-0.1583	0.8888
			-0.2194	-0.0018	0.9756
		b:
			48.0084
			-176.4856
			215.3117
			-83.983
			22.4868
			80.4173
	==================================================================================
	Q6:
		Shape: Polyhedra
		q_c:	119.5	150.0	111.5
		ub :	123.2928	154.2339	115.6162
		lb :	115.7072	145.7661	107.3838
		A:
			-0.0021	0.0259	-0.9997
			-0.9083	0.413	0.0669
			-0.7747	0.5712	0.2712
			0.0244	-0.2714	0.9621
			0.1499	-0.3508	0.9244
			0.5706	0.4596	-0.6806
			0.7772	0.1847	0.6015
			-0.6264	0.1367	0.7674
			0.0595	-0.9732	0.222
			-0.7772	-0.1847	-0.6015
			0.6264	-0.1367	-0.7674
			-0.0595	0.9732	-0.222
		b:
			-105.3194
			-36.4304
			25.978
			72.1958
			71.2694
			63.8208
			190.6509
			33.2252
			-110.6256
			-184.6509
			-29.2252
			117.6256


===========================================================================================
===========================================================================================
S4:
	q_c:	418.5	315.0	450.0
	ub :	430.7469	328.5363	466.6366
	lb :	402.974	302.2704	437.9789

	==================================================================================
	Q1:
		Shape: Ellipse
		q_c:	424.5	307.5	447.0
		ub :	430.7469	312.7296	453.6582
		lb :	418.2531	302.2704	440.3418
		P^-1:
			0.1317	0.0582	-0.0712
			0.0582	0.1451	-0.0624
			-0.0712	-0.0624	0.0826
	==================================================================================
	Q2:
		Shape: Hybrid
		q_c:	411.5	310.0	451.0
		ub :	418.8099	315.2558	456.095
		lb :	404.1901	304.7442	445.905
		P^-1:
			0.0587	-0.0075	-0.0852
			-0.0075	0.0415	0.0161
			-0.0852	0.0161	0.2102
		A:
			-0.0949	0.1154	0.9888
			0.1299	-0.3471	-0.9288
			0.8241	0.3722	-0.427
			-0.6704	0.6353	0.3834
			-0.4182	-0.13	0.899
			-0.2665	0.2127	0.9401
		b:
			444.5727
			-471.0836
			265.7407
			97.4468
			194.2812
			381.5601
	==================================================================================
	Q3:
		Shape: Polyhedra
		q_c:	423.0	312.0	443.5
		ub :	428.256	315.148	449.0211
		lb :	417.744	308.852	437.9789
		A:
			-0.568	0.0503	-0.8215
			-0.601	-0.7857	-0.1462
			-0.025	0.9645	-0.2628
			-0.3051	0.9483	-0.087
			-0.8997	-0.2885	-0.3275
			-0.0059	0.9984	0.0567
			0.6406	0.6065	0.471
			-0.4817	0.795	-0.3686
			-0.598	0.0093	0.8014
			-0.6406	-0.6065	-0.471
			0.4817	-0.795	0.3686
			0.598	-0.0093	-0.8014
		b:
			-586.2803
			-561.5986
			176.0501
			130.3624
			-613.1828
			336.3697
			671.5713
			-117.2123
			109.8434
			-666.5713
			121.2123
			-100.8434
	==================================================================================
	Q4:
		Shape: Ellipse
		q_c:	416.0	309.5	459.0
		ub :	422.0254	315.9569	466.6366
		lb :	409.9746	303.0431	451.3634
		P^-1:
			0.1173	-0.046	-0.031
			-0.046	0.0805	0.0229
			-0.031	0.0229	0.032
	==================================================================================
	Q5:
		Shape: Hybrid
		q_c:	410.5	310.0	456.0
		ub :	418.026	317.4705	460.1748
		lb :	402.974	302.5295	451.8252
		P^-1:
			0.094	0.0974	-0.2074
			0.0974	0.2145	-0.3648
			-0.2074	-0.3648	0.7592
		A:
			0.3002	0.0211	-0.9537
			-0.9828	-0.0058	-0.1845
			0.1821	0.2548	-0.9497
			0.1781	0.5307	-0.8286
			0.4154	-0.9027	-0.1125
			-0.1652	0.9078	-0.3856
		b:
			-303.1463
			-484.4776
			-278.2977
			-139.5374
			-155.9841
			41.1204
	==================================================================================
	Q6:
		Shape: Polyhedra
		q_c:	409.5	323.0	452.5
		ub :	415.2546	328.5363	455.9199
		lb :	403.7454	317.4637	449.0801
		A:
			0.4215	0.7622	-0.4913
			0.6826	0.0001	0.7308
			0.5809	0.0004	0.814
			0.155	0.9386	-0.3081
			-0.3929	0.2832	-0.8749
			0.3408	0.7377	-0.5828
			0.4836	0.671	0.562
			-0.3111	-0.4684	0.8269
			0.8181	-0.5748	-0.0178
			-0.4836	-0.671	-0.562
			0.3111	0.4684	-0.8269
			-0.8181	0.5748	0.0178
		b:
			198.7769
			613.6288
			609.5089
			230.104
			-462.349
			116.3181
			672.0921
			97.4973
			145.8206
			-666.0921
			-93.4973
			-136.8206


===========================================================================================
===========================================================================================
S5:
	q_c:	415.5	513.5	227.0
	ub :	424.6425	525.124	250.5328
	lb :	392.5883	493.1604	211.4374

	==================================================================================
	Q1:
		Shape: Polyhedra
		q_c:	413.0	517.5	243.0
		ub :	420.512	525.124	250.0068
		lb :	405.488	509.876	235.9932
		A:
			-0.3234	-0.8234	0.4664
			0.9712	-0.1567	-0.1794
			0.0512	-0.143	0.9884
			-0.1944	0.754	-0.6274
			-0.3626	0.5369	0.7618
			-0.0989	-0.9001	0.4243
			0.7071	0.5555	0.4375
			0.3591	-0.8151	0.4546
			0.6091	-0.1644	-0.7758
			-0.7071	-0.5555	-0.4375
			-0.3591	0.8151	-0.4546
			-0.6091	0.1644	0.7758
		b:
			-441.4872
			280.5898
			191.5102
			162.368
			316.7699
			-398.5999
			691.3292
			-158.0249
			-19.0344
			-680.3292
			168.0249
			25.0344
	==================================================================================
	Q2:
		Shape: Ellipse
		q_c:	399.5	513.5	222.5
		ub :	406.4117	520.7589	230.6811
		lb :	392.5883	506.2411	214.3189
		P^-1:
			0.058	0.009	0.0084
			0.009	0.0305	0.0024
			0.0084	0.0024	0.0196
	==================================================================================
	Q3:
		Shape: Polyhedra
		q_c:	412.0	510.5	235.0
		ub :	424.5943	522.6984	242.677
		lb :	399.4057	498.3016	227.323
		A:
			0.302	0.1842	-0.9354
			0.5705	-0.3099	-0.7606
			0.2821	0.6425	0.7125
			-0.0015	0.148	-0.989
			0.7649	0.2778	-0.5812
			0.2753	0.4538	-0.8475
			0.6399	0.7197	0.2693
			0.7257	-0.6813	0.0962
			0.2527	0.1339	-0.9582
			-0.6399	-0.7197	-0.2693
			-0.7257	0.6813	-0.0962
			-0.2527	-0.1339	0.9582
		b:
			3.6321
			-95.4298
			618.5807
			-152.1836
			326.6284
			151.3897
			701.843
			-17.1981
			-47.7328
			-686.843
			35.1981
			57.7328
	==================================================================================
	Q4:
		Shape: Ellipse
		q_c:	415.5	499.0	222.0
		ub :	420.0115	503.9344	227.0653
		lb :	410.9885	494.0656	216.9347
		P^-1:
			0.0637	-0.0046	-0.0061
			-0.0046	0.0938	0.014
			-0.0061	0.014	0.0977
	==================================================================================
	Q5:
		Shape: Hybrid
		q_c:	402.0	501.0	242.0
		ub :	409.3826	508.8396	250.5328
		lb :	394.6174	493.1604	233.4672
		P^-1:
			0.0392	0.0	0.0048
			0.0	0.0451	0.0089
			0.0048	0.0089	0.0288
		A:
			-0.7253	-0.6472	-0.2347
			-0.7638	0.4344	0.4773
			0.8883	0.4139	-0.1989
			0.4599	0.8728	0.1634
			-0.2554	-0.3137	-0.9145
			-0.6197	-0.5583	-0.5516
		b:
			-670.0841
			29.1178
			519.5406
			664.1836
			-477.9859
			-659.9098
	==================================================================================
	Q6:
		Shape: Polyhedra
		q_c:	415.5	505.5	219.0
		ub :	424.6425	513.3339	226.5626
		lb :	406.3575	497.6661	211.4374
		A:
			0.9289	0.3618	-0.0785
			0.0559	0.6437	-0.7633
			-0.6698	0.6801	-0.298
			-0.4457	0.3408	-0.8278
			-0.4349	0.8986	-0.0589
			0.4752	0.6172	0.6271
			0.4242	0.9054	0.0176
			0.7603	-0.3456	-0.55
			-0.4919	0.2467	-0.835
			-0.4242	-0.9054	-0.0176
			-0.7603	0.3456	0.55
			0.4919	-0.2467	0.835
		b:
			557.0855
			186.5171
			5.5914
			-189.1921
			266.0172
			651.8073
			642.7882
			26.7683
			-257.5384
			-632.7882
			-14.7683
			267.5384


===========================================================================================
===========================================================================================
S6:
	q_c:	267.5	302.0	163.0
	ub :	276.998	317.3984	182.1753
	lb :	255.255	291.1296	150.0408

	==================================================================================
	Q1:
		Shape: Polyhedra
		q_c:	263.0	308.5	156.0
		ub :	266.211	314.2594	161.9592
		lb :	259.789	302.7406	150.0408
		A:
			-0.7645	0.2008	0.6125
			-0.999	-0.0159	-0.0419
			0.398	-0.6019	-0.6923
			0.7781	-0.0471	0.6264
			-0.4892	-0.8097	-0.3243
			0.5571	-0.5331	-0.6367
			0.1992	0.6914	0.6945
			-0.1267	0.7209	-0.6813
			-0.9717	0.0477	0.2312
			-0.1992	-0.6914	-0.6945
			0.1267	-0.7209	0.6813
			0.9717	-0.0477	-0.2312
		b:
			-41.1531
			-271.969
			-185.9219
			291.2246
			-425.5716
			-114.4258
			377.5281
			87.2821
			-202.7617
			-370.5281
			-78.2821
			206.7617
	==================================================================================
	Q2:
		Shape: Ellipse
		q_c:	262.0	300.0	160.0
		ub :	267.1449	308.2699	168.3327
		lb :	256.8551	291.7301	151.6673
		P^-1:
			0.0772	0.0062	0.0112
			0.0062	0.0334	0.0078
			0.0112	0.0078	0.0388
	==================================================================================
	Q3:
		Shape: Ellipse
		q_c:	265.0	296.5	159.0
		ub :	270.3585	301.8704	164.8207
		lb :	259.6415	291.1296	153.1793
		P^-1:
			0.1542	-0.0849	0.03
			-0.0849	0.137	-0.0488
			0.03	-0.0488	0.0899
	==================================================================================
	Q4:
		Shape: Ellipse
		q_c:	272.0	306.5	169.5
		ub :	276.6344	311.7171	173.921
		lb :	267.3656	301.2829	165.079
		P^-1:
			0.2436	0.1792	0.0819
			0.1792	0.2163	0.0689
			0.0819	0.0689	0.1156
	==================================================================================
	Q5:
		Shape: Ellipse
		q_c:	263.5	309.5	174.0
		ub :	271.745	316.1565	182.1753
		lb :	255.255	302.8435	165.8247
		P^-1:
			0.0413	0.003	-0.0013
			0.003	0.0467	-0.003
			-0.0013	-0.003	0.0413
	==================================================================================
	Q6:
		Shape: Hybrid
		q_c:	273.5	310.0	165.0
		ub :	276.998	317.3984	172.5756
		lb :	270.002	302.6016	157.4244
		P^-1:
			0.2145	0.0392	0.0465
			0.0392	0.0856	0.0629
			0.0465	0.0629	0.0814
		A:
			0.745	0.4098	0.5263
			-0.2684	0.4665	-0.8428
			-0.9433	0.0431	0.329
			0.9241	0.3819	-0.0141
			-0.7356	-0.5942	-0.3254
			-0.5974	0.7959	0.0981
		b:
			418.7586
			-62.3347
			-188.3177
			370.7077
			-437.6343
			102.6376


===========================================================================================
===========================================================================================
