3D_40_9_6_b                l = 3

===========================================================================================
===========================================================================================
S1:
	q_c:	416.5	398.0	492.0
	ub :	435.2005	418.5019	507.1429
	lb :	396.5331	388.2562	476.159

	==================================================================================
	Q1:
		Shape: Hybrid
		q_c:	428.0	396.0	485.5
		ub :	432.6197	403.7438	493.7266
		lb :	423.3803	388.2562	477.2734
		P^-1:
			0.0795	0.0081	-0.0043
			0.0081	0.0392	-0.0067
			-0.0043	-0.0067	0.0266
		A:
			0.9616	-0.2045	-0.1829
			-0.6008	-0.7272	-0.332
			0.8432	-0.5324	-0.075
			-0.6786	-0.7164	0.1621
			0.4531	-0.8784	0.1522
			0.7193	-0.6419	-0.2657
		b:
			243.9658
			-703.0474
			116.3354
			-493.0878
			-76.8187
			-72.1559
	==================================================================================
	Q2:
		Shape: Ellipse
		q_c:	405.5	407.0	500.5
		ub :	414.4669	415.0644	507.1429
		lb :	396.5331	398.9356	493.8571
		P^-1:
			0.0206	0.0119	-0.0091
			0.0119	0.0672	-0.0407
			-0.0091	-0.0407	0.0688
	==================================================================================
	Q3:
		Shape: Ellipse
		q_c:	413.0	406.5	496.5
		ub :	420.0486	411.8557	503.5437
		lb :	405.9514	401.1443	489.4563
		P^-1:
			0.1994	0.064	0.2008
			0.064	0.072	0.0665
			0.2008	0.0665	0.2402
	==================================================================================
	Q4:
		Shape: Hybrid
		q_c:	427.5	397.5	484.5
		ub :	435.2005	404.233	492.841
		lb :	419.7995	390.767	476.159
		P^-1:
			0.0346	-0.0014	0.0036
			-0.0014	0.0461	-0.0042
			0.0036	-0.0042	0.0417
		A:
			-0.0196	0.5377	-0.8429
			-0.0856	0.7166	-0.6922
			-0.0088	-0.9915	0.1299
			-0.122	0.6904	-0.713
			0.033	0.876	-0.4812
			-0.8464	-0.5059	-0.1663
		b:
			-200.6221
			-84.7881
			-332.5772
			-120.8805
			131.4716
			-640.5227
	==================================================================================
	Q5:
		Shape: Polyhedra
		q_c:	414.0	400.0	489.0
		ub :	417.2486	406.1582	495.3148
		lb :	410.7514	393.8418	482.6852
		A:
			0.786	0.5728	-0.2328
			-0.6834	-0.2905	-0.6698
			-0.4067	-0.5691	-0.7146
			0.4347	0.5356	-0.724
			0.7993	0.5412	-0.2611
			-0.2686	0.8837	-0.3832
			0.2605	0.6217	0.7387
			-0.0367	0.771	-0.6358
			-0.9648	0.1385	0.2236
			-0.2605	-0.6217	-0.7387
			0.0367	-0.771	0.6358
			0.9648	-0.1385	-0.2236
		b:
			443.8647
			-722.5882
			-741.0243
			43.776
			422.8552
			58.7816
			722.2242
			-13.7471
			-232.6785
			-713.2242
			21.7471
			236.6785
	==================================================================================
	Q6:
		Shape: Hybrid
		q_c:	405.5	412.0	501.0
		ub :	412.8533	418.5019	506.5513
		lb :	398.1467	405.4981	495.4487
		P^-1:
			0.0793	0.0227	0.0791
			0.0227	0.0878	0.0695
			0.0791	0.0695	0.1731
		A:
			-0.7803	0.5424	-0.3114
			0.3468	0.4421	0.8272
			-0.6973	0.573	0.4305
			-0.5021	-0.6202	-0.6027
			-0.9336	0.2265	-0.2777
			0.9788	-0.0878	0.1849
		b:
			-246.0849
			738.2536
			172.5221
			-759.5435
			-421.4147
			456.7133


===========================================================================================
===========================================================================================
S2:
	q_c:	320.5	494.0	209.5
	ub :	337.0574	506.4642	221.7623
	lb :	302.7458	476.1599	194.9127

	==================================================================================
	Q1:
		Shape: Polyhedra
		q_c:	319.5	492.0	200.0
		ub :	322.9884	496.3003	203.8306
		lb :	316.0116	487.6997	196.1694
		A:
			-0.8887	-0.2471	-0.3862
			-0.5821	-0.5252	0.6207
			-0.693	0.5238	-0.4954
			-0.0813	0.9233	-0.3755
			0.855	-0.4919	-0.1642
			-0.7472	0.2551	0.6138
			0.2556	0.9177	0.304
			0.1064	0.2859	-0.9523
			-0.9609	0.2758	-0.0246
			-0.2556	-0.9177	-0.304
			-0.1064	-0.2859	0.9523
			0.9609	-0.2758	0.0246
		b:
			-480.075
			-317.3077
			-60.0906
			356.1374
			0.8439
			12.2475
			597.0033
			-12.8211
			-173.7216
			-591.0033
			18.8211
			178.7216
	==================================================================================
	Q2:
		Shape: Hybrid
		q_c:	320.5	486.0	204.5
		ub :	327.1578	490.9978	208.092
		lb :	313.8422	481.0022	200.908
		P^-1:
			0.0641	0.0796	0.0136
			0.0796	0.2027	0.0352
			0.0136	0.0352	0.1221
		A:
			0.0712	-0.7563	-0.6504
			0.0082	-0.8993	-0.4372
			0.511	0.5382	-0.6702
			-0.2494	0.5747	-0.7794
			0.337	0.5303	-0.778
			-0.1208	-0.8129	-0.5698
		b:
			-475.6791
			-521.9121
			290.3221
			42.9038
			208.5086
			-548.8349
	==================================================================================
	Q3:
		Shape: Polyhedra
		q_c:	312.0	486.0	212.5
		ub :	320.0302	494.8649	221.7623
		lb :	303.9698	477.1351	203.2377
		A:
			-0.2911	-0.9566	0.0153
			-0.6458	-0.2929	-0.7051
			-0.0904	-0.1211	-0.9885
			0.4147	0.8757	0.2472
			-0.8338	-0.2673	-0.483
			-0.2884	-0.8515	-0.438
			0.5794	0.5376	0.6127
			-0.8135	0.334	0.4762
			0.0514	-0.7742	0.6308
			-0.5794	-0.5376	-0.6127
			0.8135	-0.334	-0.4762
			-0.0514	0.7742	-0.6308
		b:
			-547.4417
			-489.9089
			-291.9901
			611.8128
			-488.5071
			-592.6356
			575.7169
			16.7035
			-220.2076
			-568.7169
			-2.7035
			232.2076
	==================================================================================
	Q4:
		Shape: Polyhedra
		q_c:	309.5	490.5	202.0
		ub :	316.2542	495.8871	209.0873
		lb :	302.7458	485.1129	194.9127
		A:
			-0.2029	-0.4407	-0.8744
			-0.5443	0.7259	-0.4205
			0.4521	0.8919	0.0149
			-0.3715	0.4169	-0.8296
			0.1843	0.5529	-0.8126
			0.8759	-0.1599	0.4552
			0.4148	0.6366	0.6501
			-0.4099	0.7686	-0.4912
			-0.8124	-0.0627	0.5797
			-0.4148	-0.6366	-0.6501
			0.4099	-0.7686	0.4912
			0.8124	0.0627	-0.5797
		b:
			-450.6808
			105.2236
			584.8057
			-74.8661
			167.6568
			288.4677
			576.9681
			153.4215
			-160.6052
			-566.9681
			-148.4215
			169.6052
	==================================================================================
	Q5:
		Shape: Ellipse
		q_c:	330.0	483.5	208.0
		ub :	337.0574	490.8401	213.4773
		lb :	322.9426	476.1599	202.5227
		P^-1:
			0.0665	0.0223	0.0031
			0.0223	0.0488	-0.0045
			0.0031	-0.0045	0.081
	==================================================================================
	Q6:
		Shape: Ellipse
		q_c:	319.5	497.5	203.0
		ub :	326.6884	506.4642	209.6119
		lb :	312.3116	488.5358	196.3881
		P^-1:
			0.0438	-0.0107	-0.004
			-0.0107	0.0353	-0.0207
			-0.004	-0.0207	0.0724


===========================================================================================
===========================================================================================
S3:
	q_c:	66.5	468.0	433.5
	ub :	86.201	492.488	453.5018
	lb :	43.3975	440.6209	419.8384

	==================================================================================
	Q1:
		Shape: Ellipse
		q_c:	81.0	451.0	438.5
		ub :	86.201	461.3791	448.7529
		lb :	75.799	440.6209	428.2471
		P^-1:
			0.2121	-0.0683	0.0526
			-0.0683	0.0429	-0.0143
			0.0526	-0.0143	0.0343
	==================================================================================
	Q2:
		Shape: Ellipse
		q_c:	68.0	460.0	427.5
		ub :	76.2659	468.434	433.4574
		lb :	59.7341	451.566	421.5426
		P^-1:
			0.0795	0.0479	0.0432
			0.0479	0.0594	0.0374
			0.0432	0.0374	0.0814
	==================================================================================
	Q3:
		Shape: Ellipse
		q_c:	62.5	472.5	444.5
		ub :	70.6773	479.4669	451.2539
		lb :	54.3227	465.5331	437.7461
		P^-1:
			0.0157	0.0026	-0.0026
			0.0026	0.0895	-0.0697
			-0.0026	-0.0697	0.0908
	==================================================================================
	Q4:
		Shape: Hybrid
		q_c:	61.0	467.5	442.5
		ub :	72.4913	473.2253	453.5018
		lb :	49.5087	461.7747	431.4982
		P^-1:
			0.0169	0.0009	0.0081
			0.0009	0.0488	0.0035
			0.0081	0.0035	0.0226
		A:
			0.1784	-0.9513	-0.2514
			-0.6594	0.6976	-0.2804
			-0.6646	0.6267	-0.4069
			0.0866	-0.4074	-0.9091
			-0.7064	0.5625	-0.4296
			-0.4421	-0.7055	-0.5539
		b:
			-542.3586
			165.654
			76.1102
			-582.6453
			33.6949
			-599.0556
	==================================================================================
	Q5:
		Shape: Ellipse
		q_c:	54.0	482.5	430.5
		ub :	64.6025	492.488	441.1616
		lb :	43.3975	472.512	419.8384
		P^-1:
			0.0377	-0.0216	-0.0034
			-0.0216	0.0436	-0.0036
			-0.0034	-0.0036	0.0187
	==================================================================================
	Q6:
		Shape: Ellipse
		q_c:	77.0	468.0	429.5
		ub :	84.4901	476.3559	437.1187
		lb :	69.5099	459.6441	421.8813
		P^-1:
			0.0429	0.0031	0.003
			0.0031	0.0433	0.0032
			0.003	0.0032	0.0432


===========================================================================================
===========================================================================================
S4:
	q_c:	340.0	188.5	418.0
	ub :	360.2486	204.6151	432.6642
	lb :	325.3987	178.9578	395.8736

	==================================================================================
	Q1:
		Shape: Polyhedra
		q_c:	353.0	193.5	417.0
		ub :	359.5152	200.3403	422.579
		lb :	346.4848	186.6597	411.421
		A:
			0.6977	0.1869	-0.6916
			-0.2732	-0.6314	-0.7258
			0.2089	0.0951	0.9733
			0.0975	-0.1086	-0.9893
			-0.6408	-0.2564	-0.7236
			0.2047	-0.716	0.6674
			0.0087	0.9625	0.2712
			0.9815	0.0437	-0.1865
			-0.1914	0.2678	-0.9443
			-0.0087	-0.9625	-0.2712
			-0.9815	-0.0437	0.1865
			0.1914	-0.2678	0.9443
		b:
			-0.7325
			-516.0295
			501.5602
			-395.2914
			-572.9501
			216.0306
			308.395
			283.1349
			-406.5043
			-296.395
			-271.1349
			412.5043
	==================================================================================
	Q2:
		Shape: Polyhedra
		q_c:	332.0	187.5	417.5
		ub :	338.6013	194.0259	422.9368
		lb :	325.3987	180.9741	412.0632
		A:
			0.4594	-0.8823	0.1022
			0.7351	-0.2582	0.6269
			0.4211	0.3355	-0.8427
			-0.2135	0.1118	-0.9705
			-0.8839	0.2356	0.404
			0.2515	0.6123	-0.7496
			0.5523	0.8045	0.2185
			0.5675	-0.1708	-0.8055
			-0.6107	0.5688	-0.5509
			-0.5523	-0.8045	-0.2185
			-0.5675	0.1708	0.8055
			0.6107	-0.5688	0.5509
		b:
			33.5516
			461.0611
			-145.7675
			-451.7175
			-77.3638
			-110.9497
			430.4133
			-176.9245
			-322.5939
			-420.4133
			182.9245
			329.5939
	==================================================================================
	Q3:
		Shape: Ellipse
		q_c:	340.0	188.0	404.0
		ub :	349.4491	196.9863	412.1264
		lb :	330.5509	179.0137	395.8736
		P^-1:
			0.0272	0.0062	-0.0016
			0.0062	0.0348	-0.0039
			-0.0016	-0.0039	0.0294
	==================================================================================
	Q4:
		Shape: Ellipse
		q_c:	346.0	197.0	415.5
		ub :	354.0969	201.4885	423.5179
		lb :	337.9031	192.5115	407.4821
		P^-1:
			0.0879	-0.1329	0.053
			-0.1329	0.3332	-0.1278
			0.053	-0.1278	0.0842
	==================================================================================
	Q5:
		Shape: Polyhedra
		q_c:	339.5	183.5	406.5
		ub :	344.4722	188.0422	412.5738
		lb :	334.5278	178.9578	400.4262
		A:
			0.5768	-0.812	-0.0887
			-0.7503	-0.4449	0.489
			0.5156	-0.6977	-0.4974
			-0.7177	-0.5779	-0.3885
			-0.6313	0.636	0.4438
			0.8009	-0.3747	-0.4671
			0.6283	0.1836	0.756
			-0.7462	0.4172	0.5188
			-0.2202	-0.8901	0.3991
			-0.6283	-0.1836	-0.756
			0.7462	-0.4172	-0.5188
			0.2202	0.8901	-0.3991
		b:
			13.0217
			-134.6902
			-153.4551
			-502.6052
			84.1276
			14.3706
			559.8084
			35.1015
			-72.3556
			-548.8084
			-33.1015
			79.3556
	==================================================================================
	Q6:
		Shape: Polyhedra
		q_c:	352.5	196.5	425.0
		ub :	360.2486	204.6151	432.6642
		lb :	344.7514	188.3849	417.3358
		A:
			-0.9857	-0.0339	0.1648
			0.6366	0.6905	0.3436
			-0.0669	0.0784	0.9947
			-0.4026	-0.8819	-0.2453
			0.8386	-0.4566	-0.297
			0.9278	-0.0702	0.3664
			0.6946	0.7107	0.1115
			0.6272	-0.5224	-0.5778
			-0.3523	0.4713	-0.8085
			-0.6946	-0.7107	-0.1115
			-0.6272	0.5224	0.5778
			0.3523	-0.4713	0.8085
		b:
			-279.7713
			510.6357
			419.7737
			-415.0046
			83.8931
			474.1134
			436.4051
			-123.1248
			-369.221
			-427.4051
			131.1248
			381.221


===========================================================================================
===========================================================================================
S5:
	q_c:	284.5	355.0	377.5
	ub :	298.1342	379.6353	399.0525
	lb :	259.0191	339.123	360.0469

	==================================================================================
	Q1:
		Shape: Polyhedra
		q_c:	268.5	368.0	387.5
		ub :	277.9809	379.6353	399.0525
		lb :	259.0191	356.3647	375.9475
		A:
			-0.9023	0.2547	0.3479
			-0.0673	0.2511	0.9656
			-0.8622	-0.2805	-0.4219
			-0.8609	0.1252	0.4932
			-0.8648	0.2595	0.4298
			0.1081	-0.5632	0.8192
			0.8523	0.4	0.3369
			0.0059	-0.6516	0.7586
			0.5229	-0.6446	-0.5577
			-0.8523	-0.4	-0.3369
			-0.0059	0.6516	-0.7586
			-0.5229	0.6446	0.5577
		b:
			-7.6196
			455.0462
			-490.2037
			12.2696
			35.7644
			147.2237
			514.6067
			63.752
			-307.9119
			-498.6067
			-47.752
			317.9119
	==================================================================================
	Q2:
		Shape: Polyhedra
		q_c:	282.5	354.0	367.5
		ub :	290.7592	362.232	374.9531
		lb :	274.2408	345.768	360.0469
		A:
			0.3238	0.2098	0.9226
			0.0073	0.5401	0.8416
			-0.0575	0.9626	0.2646
			-0.1119	0.2832	-0.9525
			-0.7064	0.3935	-0.5883
			-0.5607	-0.5715	0.5992
			0.5281	0.7726	0.3524
			0.8356	-0.3989	-0.3777
			-0.1513	0.4939	-0.8563
			-0.5281	-0.7726	-0.3524
			-0.8356	0.3989	0.3777
			0.1513	-0.4939	0.8563
		b:
			509.2967
			507.6509
			427.0215
			-277.3371
			-271.7615
			-135.713
			557.1914
			-37.9543
			-178.5684
			-547.1914
			49.9543
			186.5684
	==================================================================================
	Q3:
		Shape: Polyhedra
		q_c:	288.5	348.0	372.0
		ub :	298.1342	356.877	379.084
		lb :	278.8658	339.123	364.916
		A:
			-0.8162	0.0557	0.575
			-0.4358	0.0745	0.897
			0.294	0.6479	-0.7027
			-0.8124	0.0771	0.578
			-0.9606	0.2741	-0.046
			0.5948	0.0655	-0.8012
			0.723	0.3664	0.5857
			-0.41	0.9099	-0.0631
			-0.556	-0.1945	0.8081
			-0.723	-0.3664	-0.5857
			0.41	-0.9099	0.0631
			0.556	0.1945	-0.8081
		b:
			1.4221
			237.1222
			52.6639
			11.0975
			-192.4837
			-101.0804
			561.9661
			180.8842
			75.0075
			-545.9661
			-168.8842
			-70.0075
	==================================================================================
	Q4:
		Shape: Polyhedra
		q_c:	274.0	369.0	387.5
		ub :	282.1404	372.8407	394.4707
		lb :	265.8596	365.1593	380.5293
		A:
			-0.193	0.7841	-0.5899
			0.166	0.9748	-0.1488
			0.2277	0.865	0.4471
			-0.184	-0.9395	-0.2888
			0.2726	0.9153	-0.2965
			-0.1678	0.9525	0.2539
			0.3002	0.9498	0.0886
			0.4803	-0.0703	-0.8743
			-0.8241	0.305	-0.4772
			-0.3002	-0.9498	-0.0886
			-0.4803	0.0703	0.8743
			0.8241	-0.305	0.4772
		b:
			12.9694
			349.7693
			556.9936
			-507.3023
			299.8722
			406.8341
			468.5387
			-229.1233
			-291.1973
			-465.5387
			237.1233
			305.1973
	==================================================================================
	Q5:
		Shape: Polyhedra
		q_c:	271.0	358.5	371.0
		ub :	275.8234	363.3731	375.4636
		lb :	266.1766	353.6269	366.5364
		A:
			0.7828	-0.3231	0.5318
			-0.2245	0.6885	0.6896
			0.6667	-0.5175	-0.5364
			-0.2168	-0.2875	0.9329
			0.455	0.8845	0.1029
			0.9188	-0.3916	-0.0492
			0.6201	0.7285	0.2912
			-0.2201	-0.1947	0.9558
			0.753	-0.6569	0.0396
			-0.6201	-0.7285	-0.2912
			0.2201	0.1947	-0.9558
			-0.753	0.6569	-0.0396
		b:
			296.4569
			445.0231
			-200.9695
			187.7999
			482.0495
			92.987
			540.7339
			228.6758
			-14.2271
			-533.7339
			-221.6758
			19.2271
	==================================================================================
	Q6:
		Shape: Ellipse
		q_c:	287.5	370.0	385.5
		ub :	295.2577	378.4003	392.4077
		lb :	279.7423	361.5997	378.5923
		P^-1:
			0.0363	-0.0055	-0.0011
			-0.0055	0.0313	0.0007
			-0.0011	0.0007	0.0279


===========================================================================================
===========================================================================================
S6:
	q_c:	65.5	205.5	236.0
	ub :	76.0317	216.2061	244.8966
	lb :	56.592	193.3806	225.4659

	==================================================================================
	Q1:
		Shape: Polyhedra
		q_c:	63.5	200.0	233.5
		ub :	68.9675	204.7746	238.464
		lb :	58.0325	195.2254	228.536
		A:
			-0.5067	-0.3581	-0.7842
			-0.521	-0.8531	0.0297
			-0.5724	0.7261	-0.381
			0.3601	-0.9222	-0.1412
			-0.5068	-0.2701	-0.8186
			-0.0477	0.42	0.9063
			0.3078	0.2373	0.9214
			0.0793	0.9586	-0.2734
			-0.9482	0.1572	0.2762
			-0.3078	-0.2373	-0.9214
			-0.0793	-0.9586	0.2734
			0.9482	-0.1572	-0.2762
		b:
			-283.8217
			-193.1554
			23.6777
			-190.7528
			-274.2693
			295.8318
			285.1529
			136.4198
			40.2292
			-279.1529
			-129.4198
			-31.2292
	==================================================================================
	Q2:
		Shape: Polyhedra
		q_c:	61.0	211.0	229.5
		ub :	65.2741	214.6929	233.5341
		lb :	56.7259	207.3071	225.4659
		A:
			-0.0999	0.5194	-0.8487
			0.9112	0.1526	-0.3827
			-0.0856	-0.5352	0.8404
			0.7918	0.5759	-0.2035
			-0.8381	0.3957	-0.3756
			0.3522	0.8602	-0.3688
			0.6089	0.4925	0.6218
			-0.6586	-0.1231	0.7424
			0.4422	-0.8615	0.2495
			-0.6089	-0.4925	-0.6218
			0.6586	0.1231	-0.7424
			-0.4422	0.8615	-0.2495
		b:
			-88.7859
			2.4716
			77.222
			125.6092
			-51.3256
			120.8609
			286.2792
			106.7281
			-95.0609
			-281.2792
			-101.7281
			100.0609
	==================================================================================
	Q3:
		Shape: Polyhedra
		q_c:	61.5	211.0	240.5
		ub :	66.408	216.2061	244.8966
		lb :	56.592	205.7939	236.1034
		A:
			0.5735	0.769	0.2823
			-0.5831	-0.3653	0.7257
			0.3772	0.6483	0.6614
			-0.2834	0.7466	0.6019
			-0.7695	-0.5786	0.2702
			-0.1842	0.9778	-0.0995
			0.494	0.8148	0.3033
			0.8615	-0.5058	-0.0443
			0.1173	0.2832	-0.9518
			-0.494	-0.8148	-0.3033
			-0.8615	0.5058	0.0443
			-0.1173	-0.2832	0.9518
		b:
			268.4355
			65.0283
			322.136
			288.1619
			-101.2073
			174.3545
			278.2638
			-60.9011
			-158.4439
			-272.2638
			67.9011
			165.4439
	==================================================================================
	Q4:
		Shape: Hybrid
		q_c:	65.5	200.0	232.0
		ub :	71.1067	206.6194	238.3732
		lb :	59.8933	193.3806	225.6268
		P^-1:
			0.094	0.0428	-0.0415
			0.0428	0.0829	-0.0219
			-0.0415	-0.0219	0.0857
		A:
			-0.6447	0.2488	-0.7228
			-0.1459	0.8339	0.5322
			-0.758	-0.6017	-0.2517
			-0.9202	0.1531	0.3603
			0.3532	0.6989	0.6219
			0.9668	0.148	-0.2081
		b:
			-156.5708
			283.5656
			-226.1036
			56.4454
			309.883
			46.8466
	==================================================================================
	Q5:
		Shape: Polyhedra
		q_c:	62.0	200.5	237.5
		ub :	66.7598	204.0261	242.0969
		lb :	57.2402	196.9739	232.9031
		A:
			-0.331	-0.9043	-0.2696
			-0.3232	-0.9448	-0.0539
			-0.5413	-0.6995	-0.4666
			0.31	0.3012	0.9018
			0.5418	0.1603	-0.825
			0.0381	-0.9105	-0.4118
			0.4678	0.6708	0.5754
			-0.5131	0.7363	-0.4412
			-0.7196	-0.0889	0.6886
			-0.4678	-0.6708	-0.5754
			0.5131	-0.7363	0.4412
			0.7196	0.0889	-0.6886
		b:
			-264.0156
			-220.095
			-283.0661
			295.8754
			-126.748
			-275.8594
			301.6744
			14.0277
			104.615
			-298.6744
			-8.0277
			-97.615
	==================================================================================
	Q6:
		Shape: Hybrid
		q_c:	69.5	207.0	240.5
		ub :	76.0317	213.2167	244.7077
		lb :	62.9683	200.7833	236.2923
		P^-1:
			0.0696	-0.0227	-0.0286
			-0.0227	0.0621	0.0024
			-0.0286	0.0024	0.15
		A:
			-0.9851	0.1715	0.0108
			0.0433	-0.1203	-0.9918
			0.4648	-0.6705	-0.5783
			0.3329	0.0141	0.9429
			-0.5135	0.1504	0.8448
			-0.9634	0.029	-0.2664
		b:
			-27.6859
			-258.952
			-243.7282
			254.8078
			199.9723
			-121.9818


===========================================================================================
===========================================================================================
S7:
	q_c:	467.5	456.5	277.0
	ub :	493.7266	485.9339	302.6234
	lb :	433.6637	429.9093	245.2869

	==================================================================================
	Q1:
		Shape: Ellipse
		q_c:	484.0	470.0	275.5
		ub :	492.3355	475.5794	285.8421
		lb :	475.6645	464.4206	265.1579
		P^-1:
			0.1079	-0.005	-0.0716
			-0.005	0.0491	-0.0012
			-0.0716	-0.0012	0.0615
	==================================================================================
	Q2:
		Shape: Hybrid
		q_c:	460.0	474.5	289.0
		ub :	468.1785	485.9339	299.2805
		lb :	451.8215	463.0661	278.7195
		P^-1:
			0.1073	0.0067	0.0693
			0.0067	0.0134	0.0064
			0.0693	0.0064	0.0673
		A:
			-0.833	0.019	-0.5529
			-0.4974	0.8358	0.2325
			0.865	-0.1023	0.4912
			-0.9902	-0.0172	-0.1389
			0.2506	-0.4142	0.875
			0.576	0.1242	0.808
		b:
			-532.5812
			241.9792
			493.0417
			-500.5134
			176.8409
			559.5428
	==================================================================================
	Q3:
		Shape: Hybrid
		q_c:	445.5	458.0	278.0
		ub :	457.3363	467.6023	291.0254
		lb :	433.6637	448.3977	264.9746
		P^-1:
			0.0539	-0.0376	0.0327
			-0.0376	0.0487	-0.0258
			0.0327	-0.0258	0.0332
		A:
			0.0592	0.9594	-0.2757
			-0.5393	0.8419	-0.0201
			0.3876	0.9212	0.0328
			-0.2288	0.8528	-0.4695
			0.5937	-0.6821	0.427
			0.6907	-0.601	0.4022
		b:
			394.4924
			143.2759
			610.3448
			161.7794
			72.4479
			145.8085
	==================================================================================
	Q4:
		Shape: Hybrid
		q_c:	452.0	452.0	261.5
		ub :	469.24	466.345	277.7131
		lb :	434.76	437.655	245.2869
		P^-1:
			0.0106	0.0038	0.0016
			0.0038	0.0131	0.0033
			0.0016	0.0033	0.0107
		A:
			0.1039	0.4835	-0.8691
			0.6249	0.7028	-0.34
			-0.4608	-0.731	-0.5033
			-0.7771	-0.6145	-0.1359
			0.5776	-0.8064	-0.1268
			0.9143	-0.2124	0.345
		b:
			45.3409
			516.7794
			-666.5325
			-660.1256
			-129.4239
			414.428
	==================================================================================
	Q5:
		Shape: Polyhedra
		q_c:	474.5	439.0	290.5
		ub :	483.8342	448.0907	297.8933
		lb :	465.1658	429.9093	283.1067
		A:
			0.3414	0.5938	-0.7286
			0.5768	-0.2069	-0.7902
			-0.0984	-0.5424	0.8343
			0.894	0.0716	-0.4422
			0.305	-0.7517	-0.5847
			0.0082	0.3355	0.942
			0.6563	0.6904	0.3044
			0.5842	-0.7203	0.374
			0.4775	-0.0676	-0.876
			-0.6563	-0.6904	-0.3044
			-0.5842	0.7203	-0.374
			-0.4775	0.0676	0.876
		b:
			216.0637
			-42.9537
			-36.8927
			331.6312
			-349.9897
			428.8826
			707.915
			77.1514
			-54.1253
			-697.915
			-62.1514
			61.1253
	==================================================================================
	Q6:
		Shape: Polyhedra
		q_c:	481.5	470.5	288.5
		ub :	493.7266	485.6065	302.6234
		lb :	469.2734	455.3935	274.3766
		A:
			-0.1181	-0.1767	0.9771
			0.3655	0.4917	0.7904
			0.841	-0.5373	-0.0628
			0.4712	0.8771	-0.0929
			-0.8505	0.0982	0.5167
			0.9196	-0.1164	0.3752
			0.8367	0.5095	0.2007
			0.4815	-0.51	-0.7127
			-0.2607	0.693	-0.6721
			-0.8367	-0.5095	-0.2007
			-0.4815	0.51	0.7127
			0.2607	-0.693	0.6721
		b:
			151.672
			642.7907
			142.6686
			621.3693
			-207.2234
			505.0049
			707.5155
			-206.7262
			18.1197
			-693.5155
			220.7262
			4.8803


===========================================================================================
===========================================================================================
S8:
	q_c:	83.5	56.0	253.5
	ub :	112.3379	84.1117	277.2662
	lb :	59.8958	41.8685	231.1229

	==================================================================================
	Q1:
		Shape: Polyhedra
		q_c:	90.5	73.5	241.5
		ub :	101.393	84.1117	251.8771
		lb :	79.607	62.8883	231.1229
		A:
			0.5827	-0.7855	0.2087
			0.858	0.1789	-0.4815
			0.7833	-0.4393	-0.4397
			-0.8016	0.3098	-0.5113
			0.8637	-0.502	-0.0447
			0.9983	-0.029	-0.051
			0.5134	0.5763	0.6358
			0.7015	-0.7086	0.0759
			0.4943	0.407	-0.7681
			-0.5134	-0.5763	-0.6358
			-0.7015	0.7086	-0.0759
			-0.4943	-0.407	0.7681
		b:
			51.0135
			-18.0052
			-61.235
			-167.5586
			36.1764
			82.2708
			248.3673
			35.2249
			-102.8569
			-236.3673
			-24.2249
			118.8569
	==================================================================================
	Q2:
		Shape: Hybrid
		q_c:	95.5	51.0	247.0
		ub :	104.622	60.1315	254.3561
		lb :	86.378	41.8685	239.6439
		P^-1:
			0.0306	0.0117	0.0083
			0.0117	0.0435	0.0143
			0.0083	0.0143	0.0398
		A:
			0.1016	-0.2479	-0.9634
			0.6049	0.0814	0.7922
			-0.2126	-0.0273	-0.9768
			0.4827	-0.4226	0.767
			0.5404	-0.2439	-0.8053
			-0.1652	-0.9838	0.069
		b:
			-237.7701
			260.6418
			-259.7666
			218.013
			-155.8618
			-45.7516
	==================================================================================
	Q3:
		Shape: Polyhedra
		q_c:	83.5	66.5	267.5
		ub :	86.8173	74.9383	275.5521
		lb :	80.1827	58.0617	259.4479
		A:
			-0.6367	-0.6477	0.4184
			0.1279	0.4414	-0.8881
			-0.7472	0.6289	-0.2148
			0.936	-0.2407	0.2567
			0.099	0.4648	-0.8798
			-0.7879	0.5484	-0.28
			0.1163	0.7172	0.6871
			0.1184	0.6768	-0.7265
			-0.9861	0.1659	-0.0062
			-0.1163	-0.7172	-0.6871
			-0.1184	-0.6768	0.7265
			0.9861	-0.1659	0.0062
		b:
			19.3435
			-193.5121
			-75.0499
			133.1085
			-192.2169
			-101.6607
			249.2052
			-135.9475
			-70.9741
			-233.2052
			142.9475
			74.9741
	==================================================================================
	Q4:
		Shape: Hybrid
		q_c:	66.0	65.0	246.5
		ub :	72.1042	72.2876	253.7262
		lb :	59.8958	57.7124	239.2738
		P^-1:
			0.0865	-0.0115	-0.0286
			-0.0115	0.0491	0.0138
			-0.0286	0.0138	0.0648
		A:
			-0.1359	0.9832	0.1219
			0.2418	-0.103	-0.9648
			0.0595	0.6268	0.7769
			-0.5071	0.6051	0.6137
			0.6586	0.1582	-0.7357
			0.9174	-0.3578	0.1741
		b:
			87.9637
			-226.2021
			238.7661
			158.9865
			-125.5816
			82.7129
	==================================================================================
	Q5:
		Shape: Ellipse
		q_c:	101.5	64.0	266.0
		ub :	112.3379	75.6837	277.2662
		lb :	90.6621	52.3163	254.7338
		P^-1:
			0.0224	-0.0014	0.0007
			-0.0014	0.0214	-0.0005
			0.0007	-0.0005	0.0206
	==================================================================================
	Q6:
		Shape: Hybrid
		q_c:	92.5	68.5	246.0
		ub :	102.0091	74.5472	257.453
		lb :	82.9909	62.4528	234.547
		P^-1:
			0.0363	-0.0168	-0.0083
			-0.0168	0.0753	0.0002
			-0.0083	0.0002	0.0131
		A:
			0.4878	-0.4333	-0.7578
			0.2487	-0.7812	-0.5726
			-0.9374	-0.095	0.3352
			-0.4776	0.7621	0.4372
			0.7852	0.3034	-0.5399
			-0.0471	0.954	-0.2962
		b:
			-165.9192
			-167.1217
			-7.113
			118.5438
			-35.3918
			-9.2725


===========================================================================================
===========================================================================================
S9:
	q_c:	506.0	337.5	128.0
	ub :	527.4561	354.8142	142.5267
	lb :	488.8964	323.9377	113.1927

	==================================================================================
	Q1:
		Shape: Ellipse
		q_c:	504.0	340.0	135.5
		ub :	512.4794	347.6514	142.0962
		lb :	495.5206	332.3486	128.9038
		P^-1:
			0.0343	0.0204	-0.0059
			0.0204	0.0634	-0.0152
			-0.0059	-0.0152	0.0476
	==================================================================================
	Q2:
		Shape: Ellipse
		q_c:	505.0	331.5	123.5
		ub :	511.0249	336.6471	129.7622
		lb :	498.9751	326.3529	117.2378
		P^-1:
			0.1302	0.0891	0.034
			0.0891	0.1769	0.0096
			0.034	0.0096	0.0646
	==================================================================================
	Q3:
		Shape: Ellipse
		q_c:	515.5	337.0	124.0
		ub :	518.0087	344.6519	132.0941
		lb :	512.9913	329.3481	115.9059
		P^-1:
			0.2489	-0.0156	-0.0012
			-0.0156	0.0329	0.0033
			-0.0012	0.0033	0.025
	==================================================================================
	Q4:
		Shape: Hybrid
		q_c:	507.5	337.0	139.0
		ub :	512.2956	340.2222	142.5267
		lb :	502.7044	333.7778	135.4733
		P^-1:
			0.1434	0.0002	-0.1681
			0.0002	0.1111	-0.0061
			-0.1681	-0.0061	0.3505
		A:
			0.5903	0.036	-0.8064
			0.8233	-0.5141	-0.2405
			-0.1033	-0.5447	-0.8323
			0.15	-0.4912	0.858
			0.9619	0.2692	0.0472
			-0.8164	-0.5763	-0.0361
		b:
			200.4516
			213.6262
			-349.4103
			32.1073
			588.7619
			-610.5196
	==================================================================================
	Q5:
		Shape: Ellipse
		q_c:	517.0	334.0	134.5
		ub :	527.4561	344.0623	141.8591
		lb :	506.5439	323.9377	127.1409
		P^-1:
			0.0226	-0.0014	-0.0023
			-0.0014	0.0221	-0.0014
			-0.0023	-0.0014	0.0324
	==================================================================================
	Q6:
		Shape: Hybrid
		q_c:	496.0	347.0	120.0
		ub :	503.1036	354.8142	126.8073
		lb :	488.8964	339.1858	113.1927
		P^-1:
			0.0455	-0.003	0.004
			-0.003	0.0492	0.0081
			0.004	0.0081	0.0572
		A:
			0.8331	0.5012	0.2339
			-0.222	0.4191	0.8804
			0.5802	-0.6903	-0.4323
			-0.6263	-0.162	0.7626
			0.3526	-0.9239	0.149
			0.1907	0.1197	0.9743
		b:
			617.8664
			143.0649
			-1.3536
			-272.5799
			-125.2894
			255.1377


===========================================================================================
===========================================================================================
