3D_45_6_6_d                l = 3

===========================================================================================
===========================================================================================
S1:
	q_c:	438.0	382.0	337.5
	ub :	454.7699	393.8044	357.6984
	lb :	419.1123	363.8719	311.8654

	==================================================================================
	Q1:
		Shape: Hybrid
		q_c:	431.0	379.0	323.0
		ub :	439.5803	388.5555	331.6736
		lb :	422.4197	369.4445	314.3264
		P^-1:
			0.0343	0.0058	0.0086
			0.0058	0.0396	-0.0189
			0.0086	-0.0189	0.0464
		A:
			-0.4261	-0.2396	-0.8724
			0.6151	-0.5706	0.5442
			-0.4763	-0.372	0.7967
			0.8756	-0.2793	0.3942
			0.3725	0.3939	0.8403
			0.1585	0.3561	-0.9209
		b:
			-552.9641
			227.4127
			-85.844
			402.0582
			584.9424
			-91.4976
	==================================================================================
	Q2:
		Shape: Ellipse
		q_c:	429.0	387.5	328.0
		ub :	434.5902	393.8044	334.1318
		lb :	423.4098	381.1956	321.8682
		P^-1:
			0.135	-0.0423	-0.0298
			-0.0423	0.0884	-0.0505
			-0.0298	-0.0505	0.1243
	==================================================================================
	Q3:
		Shape: Hybrid
		q_c:	438.5	385.5	351.5
		ub :	444.77	390.9383	357.6984
		lb :	432.23	380.0617	345.3016
		P^-1:
			0.0938	0.046	0.0074
			0.046	0.1024	0.0383
			0.0074	0.0383	0.0854
		A:
			-0.0097	0.8378	0.5459
			0.7437	0.6503	-0.155
			0.0394	0.6152	0.7874
			0.8148	0.4539	-0.3606
			0.8619	0.1035	-0.4964
			0.959	0.0462	-0.2795
		b:
			512.405
			524.0069
			532.8687
			407.4499
			245.5402
			342.3833
	==================================================================================
	Q4:
		Shape: Hybrid
		q_c:	427.0	373.5	319.0
		ub :	434.8877	379.7733	326.1346
		lb :	419.1123	367.2267	311.8654
		P^-1:
			0.0494	0.0663	0.0277
			0.0663	0.1944	0.0714
			0.0277	0.0714	0.0535
		A:
			0.5861	0.7773	0.2285
			0.3698	0.9239	0.098
			-0.4762	-0.5818	-0.6593
			-0.1473	0.948	0.282
			0.5568	-0.8245	0.1011
			-0.7146	-0.6955	-0.0746
		b:
			615.2083
			535.8556
			-628.681
			383.7565
			-33.2024
			-586.1034
	==================================================================================
	Q5:
		Shape: Hybrid
		q_c:	447.5	373.0	332.0
		ub :	454.7699	380.6901	340.1704
		lb :	440.2301	365.3099	323.8296
		P^-1:
			0.0597	0.0177	0.005
			0.0177	0.0511	0.019
			0.005	0.019	0.048
		A:
			0.7515	-0.6299	-0.1961
			-0.4451	-0.5611	-0.6979
			0.8637	0.5026	-0.0376
			-0.89	-0.2037	-0.4079
			-0.8339	-0.5514	0.024
			-0.5727	-0.5639	-0.595
		b:
			39.5176
			-638.2731
			563.5994
			-607.3675
			-568.7818
			-662.3468
	==================================================================================
	Q6:
		Shape: Polyhedra
		q_c:	445.0	373.0	329.5
		ub :	453.0373	382.1281	336.6841
		lb :	436.9627	363.8719	322.3159
		A:
			-0.441	-0.6465	0.6226
			-0.6562	-0.4993	0.5657
			-0.6889	-0.2525	0.6794
			0.5334	0.5218	-0.6657
			0.1279	-0.545	0.8286
			-0.5475	-0.3471	0.7614
			0.3603	0.6162	0.7004
			-0.5238	-0.4876	0.6984
			0.7719	-0.6185	0.1471
			-0.3603	-0.6162	-0.7004
			0.5238	0.4876	-0.6984
			-0.7719	0.6185	-0.1471
		b:
			-230.5833
			-290.1801
			-174.8693
			213.7347
			130.8151
			-120.7195
			628.9293
			-183.8525
			167.247
			-612.9293
			185.8525
			-155.247


===========================================================================================
===========================================================================================
S2:
	q_c:	114.0	420.0	133.0
	ub :	120.8619	432.7024	146.3501
	lb :	99.8086	409.0044	118.0883

	==================================================================================
	Q1:
		Shape: Hybrid
		q_c:	111.0	419.0	125.0
		ub :	118.3413	424.4325	131.9117
		lb :	103.6587	413.5675	118.0883
		P^-1:
			0.0592	0.0302	0.0091
			0.0302	0.0876	0.0144
			0.0091	0.0144	0.0444
		A:
			0.815	0.1034	0.5701
			0.0689	-0.7413	0.6676
			0.8159	0.4721	0.3337
			0.1466	0.7776	-0.6115
			-0.6128	-0.101	-0.7837
			-0.8153	0.5673	0.1159
		b:
			207.8127
			-216.2655
			332.0951
			268.6044
			-205.4198
			165.1973
	==================================================================================
	Q2:
		Shape: Ellipse
		q_c:	110.0	425.5	140.5
		ub :	116.6195	432.4826	146.3501
		lb :	103.3805	418.5174	134.6499
		P^-1:
			0.0657	0.0169	0.0213
			0.0169	0.067	0.0221
			0.0213	0.0221	0.0772
	==================================================================================
	Q3:
		Shape: Ellipse
		q_c:	111.0	423.5	133.0
		ub :	117.342	430.1869	138.9407
		lb :	104.658	416.8131	127.0593
		P^-1:
			0.0433	-0.0077	-0.0026
			-0.0077	0.0664	-0.0104
			-0.0026	-0.0104	0.0744
	==================================================================================
	Q4:
		Shape: Polyhedra
		q_c:	108.0	428.0	135.0
		ub :	112.0531	432.5666	138.7974
		lb :	103.9469	423.4334	131.2026
		A:
			-0.3419	0.0447	0.9387
			0.3989	-0.9145	-0.0674
			-0.6825	-0.7032	0.1993
			-0.8423	-0.4507	-0.2957
			0.9439	0.1945	0.2668
			0.6118	-0.3424	-0.7131
			0.5324	0.0557	0.8447
			-0.8382	0.1743	0.5168
			-0.1184	-0.9831	0.1394
			-0.5324	-0.0557	-0.8447
			0.8382	-0.1743	-0.5168
			0.1184	0.9831	-0.1394
		b:
			111.5911
			-353.6912
			-344.1248
			-320.9321
			223.7979
			-173.7739
			197.352
			56.8286
			-410.7446
			-193.352
			-50.8286
			418.7446
	==================================================================================
	Q5:
		Shape: Hybrid
		q_c:	105.0	426.0	140.0
		ub :	110.1914	432.7024	146.2673
		lb :	99.8086	419.2976	133.7327
		P^-1:
			0.1574	0.0411	0.0856
			0.0411	0.0715	0.049
			0.0856	0.049	0.1236
		A:
			-0.7774	-0.4224	-0.4661
			-0.4677	0.2464	0.8488
			0.8925	-0.4285	0.1411
			-0.2728	-0.0698	-0.9595
			-0.0878	-0.5643	-0.8209
			0.8364	-0.5373	0.1082
		b:
			-325.6598
			177.8504
			-66.5591
			-190.4801
			-362.5045
			-123.1979
	==================================================================================
	Q6:
		Shape: Hybrid
		q_c:	117.5	413.5	133.0
		ub :	120.8619	417.9956	137.5021
		lb :	114.1381	409.0044	128.4979
		P^-1:
			0.1547	-0.0034	-0.0193
			-0.0034	0.063	0.0033
			-0.0193	0.0033	0.0864
		A:
			0.7538	0.0298	0.6564
			0.6006	0.75	-0.2771
			-0.7822	0.5006	-0.3708
			0.9438	-0.1741	-0.281
			0.4488	0.3889	-0.8045
			-0.7021	0.6966	0.1475
		b:
			190.1898
			346.0876
			67.7526
			2.8184
			108.5931
			227.1724


===========================================================================================
===========================================================================================
S3:
	q_c:	60.5	114.0	383.5
	ub :	72.3387	128.5077	398.3602
	lb :	47.3403	98.1631	372.4185

	==================================================================================
	Q1:
		Shape: Hybrid
		q_c:	59.0	118.5	388.5
		ub :	62.4558	122.2414	392.4056
		lb :	55.5442	114.7586	384.5944
		P^-1:
			0.2237	-0.0305	-0.0273
			-0.0305	0.1746	0.0131
			-0.0273	0.0131	0.1717
		A:
			-0.3228	-0.8356	-0.4445
			0.1702	0.8849	0.4335
			-0.7953	-0.5038	-0.3371
			-0.4583	-0.1434	0.8772
			0.7474	-0.4837	0.4555
			-0.0943	-0.544	0.8338
		b:
			-289.2764
			284.7722
			-236.128
			298.0521
			165.0501
			255.3862
	==================================================================================
	Q2:
		Shape: Hybrid
		q_c:	66.0	119.0	382.5
		ub :	72.3387	126.1941	386.9361
		lb :	59.6613	111.8059	378.0639
		P^-1:
			0.0667	0.024	0.0018
			0.024	0.0426	-0.0
			0.0018	-0.0	0.0626
		A:
			-0.1474	-0.9858	-0.0804
			-0.8658	0.0208	-0.5
			-0.8829	-0.052	0.4667
			0.7435	0.6638	-0.081
			-0.2559	-0.602	0.7564
			0.8189	0.1925	-0.5407
		b:
			-154.4237
			-243.4257
			116.5126
			98.9545
			203.2654
			-127.6891
	==================================================================================
	Q3:
		Shape: Polyhedra
		q_c:	61.5	122.5	391.0
		ub :	69.3691	128.5077	398.3602
		lb :	53.6309	116.4923	383.6398
		A:
			0.5614	-0.0289	0.827
			0.1228	-0.8196	-0.5596
			0.6845	0.4538	0.5705
			-0.732	-0.5415	-0.4135
			0.654	0.6935	0.3022
			0.419	0.7418	0.5236
			0.3028	0.7289	0.614
			0.795	0.1621	-0.5846
			-0.5257	0.6651	-0.5304
			-0.3028	-0.7289	-0.614
			-0.795	-0.1621	0.5846
			0.5257	-0.6651	0.5304
		b:
			358.7042
			-308.6771
			323.8383
			-269.8082
			246.4173
			323.514
			349.9822
			-154.3151
			-152.7309
			-345.9822
			165.3151
			163.7309
	==================================================================================
	Q4:
		Shape: Polyhedra
		q_c:	59.0	110.0	379.0
		ub :	64.8402	116.0303	385.5815
		lb :	53.1598	103.9697	372.4185
		A:
			0.632	-0.575	0.5196
			0.843	0.489	-0.2241
			0.0804	-0.2505	0.9648
			0.2353	0.7625	0.6027
			0.4614	0.0273	0.8867
			-0.5884	-0.7982	-0.1295
			0.6794	0.3479	0.646
			0.7227	-0.1649	-0.6712
			-0.127	0.9229	-0.3634
			-0.6794	-0.3479	-0.646
			-0.7227	0.1649	0.6712
			0.127	-0.9229	0.3634
		b:
			175.1504
			22.5189
			346.8546
			329.973
			369.9883
			-167.6452
			326.6995
			-225.8985
			-39.212
			-319.6995
			233.8985
			48.212
	==================================================================================
	Q5:
		Shape: Polyhedra
		q_c:	61.0	103.5	380.5
		ub :	66.4883	108.8369	386.3605
		lb :	55.5117	98.1631	374.6395
		A:
			-0.9323	0.3368	-0.1317
			0.8545	0.2274	-0.467
			0.623	0.7018	-0.3456
			0.8806	-0.4566	-0.127
			-0.7566	0.2386	0.6088
			0.8175	-0.4119	0.4025
			0.0981	0.9135	0.3948
			0.4635	0.3091	-0.8305
			-0.8807	0.2645	-0.393
			-0.0981	-0.9135	-0.3948
			-0.4635	-0.3091	0.8305
			0.8807	-0.2645	0.393
		b:
			-68.1768
			-98.3746
			-17.352
			-37.9837
			213.8093
			164.3696
			254.2402
			-252.2345
			-171.9054
			-247.2402
			259.2345
			179.9054
	==================================================================================
	Q6:
		Shape: Polyhedra
		q_c:	53.0	118.0	386.5
		ub :	58.6597	123.8908	389.6604
		lb :	47.3403	112.1092	383.3396
		A:
			-0.112	-0.242	-0.9638
			-0.6005	-0.7601	0.2483
			0.8424	-0.0377	-0.5375
			0.11	0.392	-0.9134
			-0.0916	0.3164	-0.9442
			-0.7283	-0.1307	-0.6727
			0.5971	0.5032	0.6247
			0.6399	-0.7684	0.0074
			0.4837	0.3953	-0.7808
			-0.5971	-0.5032	-0.6247
			-0.6399	0.7684	-0.0074
			-0.4837	-0.3953	0.7808
		b:
			-404.6202
			-23.1695
			-164.2805
			-298.5992
			-329.891
			-311.0585
			334.9697
			-48.8991
			-227.5083
			-329.9697
			58.8991
			231.5083


===========================================================================================
===========================================================================================
S4:
	q_c:	470.5	70.0	82.0
	ub :	483.0967	84.9558	94.9929
	lb :	458.9388	60.3996	69.0613

	==================================================================================
	Q1:
		Shape: Ellipse
		q_c:	477.5	80.0	89.0
		ub :	483.0967	84.9558	94.9929
		lb :	471.9033	75.0442	83.0071
		P^-1:
			0.1213	-0.0792	0.0361
			-0.0792	0.1691	-0.0486
			0.0361	-0.0486	0.0846
	==================================================================================
	Q2:
		Shape: Ellipse
		q_c:	473.0	78.0	76.0
		ub :	479.9501	82.2329	82.9387
		lb :	466.0499	73.7671	69.0613
		P^-1:
			0.0749	-0.0705	0.0159
			-0.0705	0.2163	-0.0263
			0.0159	-0.0263	0.0482
	==================================================================================
	Q3:
		Shape: Hybrid
		q_c:	464.5	74.5	80.0
		ub :	470.0612	80.4897	86.373
		lb :	458.9388	68.5103	73.627
		P^-1:
			0.0941	-0.0	0.024
			-0.0	0.0522	0.0064
			0.024	0.0064	0.0766
		A:
			0.3563	0.3904	0.8489
			-0.187	-0.9823	0.0142
			0.4487	-0.8822	0.1429
			0.2523	0.8048	0.5373
			-0.6522	-0.2111	0.728
			0.716	-0.0988	0.691
		b:
			264.401
			-155.996
			156.7772
			222.5028
			-257.7586
			382.11
	==================================================================================
	Q4:
		Shape: Hybrid
		q_c:	463.5	68.0	78.5
		ub :	466.7609	71.7125	82.2826
		lb :	460.2391	64.2875	74.7174
		P^-1:
			0.2266	0.0206	0.0347
			0.0206	0.1182	0.0199
			0.0347	0.0199	0.1763
		A:
			-0.9703	-0.2221	0.0956
			0.9669	0.234	0.1017
			-0.6977	0.4152	0.5839
			-0.9347	-0.0713	-0.3481
			-0.8541	0.3799	-0.3553
			0.7497	-0.656	-0.0878
		b:
			-456.1743
			473.1368
			-247.7706
			-464.3989
			-396.5756
			297.6219
	==================================================================================
	Q5:
		Shape: Ellipse
		q_c:	479.5	66.0	78.0
		ub :	482.9894	71.6004	82.5051
		lb :	476.0106	60.3996	73.4949
		P^-1:
			0.206	-0.0174	-0.0623
			-0.0174	0.0452	0.0236
			-0.0623	0.0236	0.1499
	==================================================================================
	Q6:
		Shape: Hybrid
		q_c:	473.0	64.0	90.5
		ub :	477.4959	67.3803	94.3697
		lb :	468.5041	60.6197	86.6303
		P^-1:
			0.1015	-0.0686	0.0917
			-0.0686	0.2713	-0.1233
			0.0917	-0.1233	0.2942
		A:
			-0.4409	-0.1126	-0.8905
			-0.0857	-0.0428	-0.9954
			-0.0725	0.3682	-0.9269
			0.6508	-0.4645	0.6006
			-0.5181	0.8553	-0.005
			-0.0916	-0.0337	-0.9952
		b:
			-294.9526
			-131.9487
			-93.4826
			333.7489
			-189.1457
			-134.1263


===========================================================================================
===========================================================================================
S5:
	q_c:	23.0	349.0	478.0
	ub :	45.4324	375.4739	503.3542
	lb :	-5.3055	318.8128	456.7909

	==================================================================================
	Q1:
		Shape: Ellipse
		q_c:	24.0	328.5	490.5
		ub :	31.2169	338.1872	500.0802
		lb :	16.7831	318.8128	480.9198
		P^-1:
			0.0451	-0.0079	0.0075
			-0.0079	0.0317	0.009
			0.0075	0.009	0.0304
	==================================================================================
	Q2:
		Shape: Polyhedra
		q_c:	19.0	347.0	478.5
		ub :	29.406	357.3259	490.1426
		lb :	8.594	336.6741	466.8574
		A:
			-0.3738	0.7731	0.5125
			0.7396	-0.6245	-0.2508
			0.1701	-0.7004	-0.6931
			-0.0913	0.6929	0.7152
			-0.2065	0.406	0.8902
			-0.2777	-0.8899	-0.3619
			0.8552	0.1618	0.4925
			-0.2122	-0.7576	0.6172
			0.473	-0.6323	-0.6136
			-0.8552	-0.1618	-0.4925
			0.2122	0.7576	-0.6172
			-0.473	0.6323	0.6136
		b:
			510.2564
			-317.9082
			-567.3013
			585.4423
			567.7708
			-480.4434
			316.0372
			37.4256
			-500.5211
			-300.0372
			-19.4256
			507.5211
	==================================================================================
	Q3:
		Shape: Polyhedra
		q_c:	9.5	339.5	469.0
		ub :	17.3018	350.1876	479.9398
		lb :	1.6982	328.8124	458.0602
		A:
			0.8289	0.2716	-0.4891
			0.498	0.3415	-0.7971
			0.5999	0.0405	-0.799
			0.0674	0.2785	-0.9581
			0.9118	-0.2159	0.3493
			0.0707	0.6893	-0.7211
			0.1029	0.6232	0.7753
			-0.372	0.747	-0.5511
			-0.9225	-0.2317	0.3086
			-0.1029	-0.6232	-0.7753
			0.372	-0.747	0.5511
			0.9225	0.2317	-0.3086
		b:
			-124.2058
			-247.4093
			-349.3794
			-347.52
			105.0705
			-97.253
			583.6542
			-1.91
			62.3328
			-568.6542
			14.91
			-52.3328
	==================================================================================
	Q4:
		Shape: Hybrid
		q_c:	31.0	361.5	469.0
		ub :	45.4324	375.4739	481.2091
		lb :	16.5676	347.5261	456.7909
		P^-1:
			0.0142	0.0012	0.0008
			0.0012	0.0131	0.0003
			0.0008	0.0003	0.0144
		A:
			-0.4279	0.3288	-0.8419
			0.9726	-0.2324	0.0103
			-0.0377	-0.4661	0.8839
			-0.274	-0.847	0.4555
			0.6142	0.7665	0.1877
			0.0004	0.2518	0.9678
		b:
			-284.8387
			-44.4195
			249.4204
			-96.4555
			388.3421
			549.2461
	==================================================================================
	Q5:
		Shape: Hybrid
		q_c:	38.5	354.5	462.5
		ub :	42.0276	363.4692	467.1232
		lb :	34.9724	345.5308	457.8768
		P^-1:
			0.3978	0.0313	-0.1188
			0.0313	0.0171	-0.0023
			-0.1188	-0.0023	0.125
		A:
			0.5295	-0.0805	-0.8445
			0.6227	-0.2376	-0.7455
			-0.4867	-0.2954	0.8221
			0.3188	0.507	0.8008
			-0.961	0.0306	0.275
			0.931	-0.0104	-0.365
		b:
			-396.9498
			-402.8689
			259.5391
			566.2388
			102.0641
			-135.7533
	==================================================================================
	Q6:
		Shape: Ellipse
		q_c:	6.5	353.0	493.5
		ub :	18.3055	364.3351	503.3542
		lb :	-5.3055	341.6649	483.6458
		P^-1:
			0.034	-0.0104	-0.0213
			-0.0104	0.0245	0.0138
			-0.0213	0.0138	0.0329


===========================================================================================
===========================================================================================
S6:
	q_c:	357.5	419.0	178.0
	ub :	377.3248	438.1872	192.6736
	lb :	343.0525	405.9921	165.4081

	==================================================================================
	Q1:
		Shape: Ellipse
		q_c:	358.5	414.5	178.5
		ub :	366.0003	423.0079	187.0039
		lb :	350.9997	405.9921	169.9961
		P^-1:
			0.0409	0.0055	-0.006
			0.0055	0.04	-0.0007
			-0.006	-0.0007	0.0416
	==================================================================================
	Q2:
		Shape: Polyhedra
		q_c:	368.0	420.0	170.0
		ub :	369.9355	422.6288	172.5184
		lb :	366.0645	417.3712	167.4816
		A:
			-0.6215	-0.2892	0.7281
			0.2217	0.9323	0.2857
			0.4137	-0.8336	-0.3659
			-0.5425	0.3162	0.7783
			0.8256	-0.211	-0.5234
			0.8427	0.2019	-0.499
			0.6537	0.4257	0.6256
			-0.7497	0.2524	0.6117
			0.1026	-0.869	0.4842
			-0.6537	-0.4257	-0.6256
			0.7497	-0.2524	-0.6117
			-0.1026	0.869	-0.4842
		b:
			-225.0375
			523.4502
			-258.6202
			66.5214
			127.2271
			311.3023
			527.2343
			-64.9173
			-242.9129
			-524.2343
			66.9173
			246.9129
	==================================================================================
	Q3:
		Shape: Polyhedra
		q_c:	355.5	433.0	188.0
		ub :	360.0995	438.1872	192.6736
		lb :	350.9005	427.8128	183.3264
		A:
			-0.8705	0.3246	0.37
			-0.8006	0.4025	0.4438
			-0.5802	0.4803	0.6578
			-0.8966	-0.2184	-0.3852
			-0.8105	0.5833	0.0537
			-0.5817	-0.3952	-0.711
			0.2577	0.3072	0.9161
			-0.2583	0.9355	-0.241
			-0.9311	-0.1746	0.3204
			-0.2577	-0.3072	-0.9161
			0.2583	-0.9355	0.241
			0.9311	0.1746	-0.3204
		b:
			-96.1114
			-23.6376
			128.6032
			-482.6991
			-21.9058
			-508.564
			399.831
			271.9265
			-343.3435
			-393.831
			-263.9265
			349.3435
	==================================================================================
	Q4:
		Shape: Polyhedra
		q_c:	351.5	414.0	173.5
		ub :	359.9475	421.4985	181.5919
		lb :	343.0525	406.5015	165.4081
		A:
			0.5059	0.0082	0.8626
			0.1991	0.8505	-0.4867
			-0.8905	0.4387	0.1209
			0.489	0.6125	0.6211
			-0.9092	-0.3839	-0.1613
			-0.9229	-0.3551	-0.1488
			0.6999	0.6187	0.3567
			0.5356	-0.7851	0.3109
			0.4725	-0.0266	-0.881
			-0.6999	-0.6187	-0.3567
			-0.5356	0.7851	-0.3109
			-0.4725	0.0266	0.881
		b:
			335.9734
			343.5526
			-104.1044
			536.5766
			-502.9132
			-493.5487
			567.0773
			-75.8397
			7.715
			-561.0773
			89.8397
			3.285
	==================================================================================
	Q5:
		Shape: Polyhedra
		q_c:	369.5	424.5	176.0
		ub :	377.3248	431.0111	183.8835
		lb :	361.6752	417.9889	168.1165
		A:
			0.6224	-0.7021	0.346
			0.0797	-0.3985	0.9137
			-0.4428	-0.8498	0.286
			-0.0467	0.9925	-0.113
			0.2716	-0.742	0.6129
			-0.5059	0.7966	-0.3307
			0.0635	0.3185	0.9458
			0.1295	0.937	-0.3243
			-0.9895	0.1431	0.0183
			-0.0635	-0.3185	-0.9458
			-0.1295	-0.937	0.3243
			0.9895	-0.1431	-0.0183
		b:
			-1.5728
			26.8299
			-470.018
			388.0403
			-102.0701
			98.1408
			332.1563
			392.0463
			-294.6814
			-318.1563
			-385.0463
			308.6814
	==================================================================================
	Q6:
		Shape: Hybrid
		q_c:	366.0	423.5	184.5
		ub :	374.1003	432.311	192.6006
		lb :	357.8997	414.689	176.3994
		P^-1:
			0.0533	0.0151	0.02
			0.0151	0.0438	0.0173
			0.02	0.0173	0.0412
		A:
			-0.9131	0.3832	-0.1394
			0.0768	-0.56	-0.8249
			0.2049	0.927	-0.314
			0.4801	0.0112	0.8771
			-0.2605	-0.9474	-0.1858
			0.8846	0.2376	0.4012
		b:
			-194.245
			-358.0982
			413.7
			345.2896
			-527.9581
			500.5292


===========================================================================================
===========================================================================================
