3D_45_12_6_e                l = 3

===========================================================================================
===========================================================================================
S1:
	q_c:	57.5	44.5	476.0
	ub :	78.02	59.3592	493.0457
	lb :	45.3663	26.2054	455.4587

	==================================================================================
	Q1:
		Shape: Hybrid
		q_c:	68.5	41.5	479.5
		ub :	78.02	50.9365	487.8054
		lb :	58.98	32.0635	471.1946
		P^-1:
			0.0318	0.0078	0.0025
			0.0078	0.0326	-0.0024
			0.0025	-0.0024	0.0392
		A:
			-0.1061	-0.9383	0.3291
			0.7128	0.1224	-0.6906
			-0.6666	-0.717	-0.2038
			0.0787	0.1973	0.9772
			0.4065	-0.198	-0.8919
			-0.093	-0.2324	-0.9682
		b:
			114.5028
			-274.184
			-170.6128
			484.7803
			-404.9486
			-477.5976
	==================================================================================
	Q2:
		Shape: Polyhedra
		q_c:	56.0	45.0	466.5
		ub :	66.6337	54.7768	477.5413
		lb :	45.3663	35.2232	455.4587
		A:
			0.2278	-0.7639	0.6038
			-0.4975	0.8582	-0.1265
			0.9058	-0.365	-0.2153
			-0.1381	-0.7666	-0.6272
			-0.5613	-0.587	0.5834
			0.2952	0.1545	0.9429
			0.9018	0.3055	0.3057
			0.152	-0.8863	0.4375
			0.4046	-0.3481	-0.8457
			-0.9018	-0.3055	-0.3057
			-0.152	0.8863	-0.4375
			-0.4046	0.3481	0.8457
		b:
			265.6708
			-42.2895
			-58.8979
			-327.5554
			220.906
			470.6506
			214.3366
			178.2343
			-380.0109
			-199.3366
			-167.2343
			395.0109
	==================================================================================
	Q3:
		Shape: Polyhedra
		q_c:	49.5	36.5	476.5
		ub :	53.5076	39.5818	478.6319
		lb :	45.4924	33.4182	474.3681
		A:
			0.3981	-0.4982	-0.7703
			-0.583	-0.2371	0.7771
			0.0409	-0.9991	0.005
			-0.7997	-0.507	0.3217
			-0.1731	-0.6551	0.7354
			-0.4525	-0.1998	0.8691
			0.2349	0.9364	0.2607
			0.2528	0.2001	-0.9466
			-0.9386	0.2882	-0.1897
			-0.2349	-0.9364	-0.2607
			-0.2528	-0.2001	0.9466
			0.9386	-0.2882	0.1897
		b:
			-363.6348
			334.3119
			-29.8896
			97.5091
			319.3582
			385.6393
			172.0336
			-430.2368
			-122.8256
			-168.0336
			432.2368
			129.8256
	==================================================================================
	Q4:
		Shape: Ellipse
		q_c:	55.0	52.0	469.0
		ub :	62.145	59.3592	474.9385
		lb :	47.855	44.6408	463.0615
		P^-1:
			0.0384	0.0172	-0.0313
			0.0172	0.0579	-0.0478
			-0.0313	-0.0478	0.1245
	==================================================================================
	Q5:
		Shape: Hybrid
		q_c:	65.0	34.5	481.0
		ub :	69.5493	42.7946	489.3742
		lb :	60.4507	26.2054	472.6258
		P^-1:
			0.0623	0.0005	-0.002
			0.0005	0.0313	-0.0082
			-0.002	-0.0082	0.0325
		A:
			0.0537	0.2614	-0.9637
			-0.7124	-0.7017	0.0143
			-0.7906	-0.5973	0.1349
			0.4812	-0.4503	0.7521
			0.9742	-0.206	-0.0919
			0.4237	-0.8784	0.2211
		b:
			-447.6916
			-60.6662
			-4.486
			380.4208
			14.1687
			106.8535
	==================================================================================
	Q6:
		Shape: Hybrid
		q_c:	59.0	36.5	485.5
		ub :	64.2614	44.5196	493.0457
		lb :	53.7386	28.4804	477.9543
		P^-1:
			0.0678	0.0256	0.0323
			0.0256	0.0653	0.0585
			0.0323	0.0585	0.0966
		A:
			0.1567	0.6074	0.7788
			0.9618	-0.131	0.2402
			0.6049	0.3999	0.6886
			0.484	-0.4378	-0.7577
			-0.1411	-0.9828	0.1188
			-0.6759	-0.5218	-0.5205
		b:
			410.9482
			171.6811
			386.1029
			-352.6053
			18.3619
			-310.0386


===========================================================================================
===========================================================================================
S2:
	q_c:	540.0	313.5	255.5
	ub :	553.0755	323.6419	267.1586
	lb :	530.8812	303.5042	243.8954

	==================================================================================
	Q1:
		Shape: Hybrid
		q_c:	537.5	307.5	248.5
		ub :	541.5075	311.4958	253.1046
		lb :	533.4925	303.5042	243.8954
		P^-1:
			0.1397	0.0085	0.0225
			0.0085	0.1136	0.0067
			0.0225	0.0067	0.1289
		A:
			0.1225	0.3337	-0.9347
			0.0842	0.2949	-0.9518
			-0.7361	-0.176	0.6536
			-0.0497	0.9965	0.0672
			0.6094	0.7385	0.2886
			-0.0637	-0.3075	-0.9494
		b:
			-62.1404
			-98.9275
			-285.6227
			298.1278
			627.7779
			-363.1908
	==================================================================================
	Q2:
		Shape: Hybrid
		q_c:	547.0	319.0	259.5
		ub :	553.0755	323.6419	265.4679
		lb :	540.9245	314.3581	253.5321
		P^-1:
			0.0812	0.0106	-0.0145
			0.0106	0.1002	-0.0096
			-0.0145	-0.0096	0.0738
		A:
			0.4753	-0.3827	-0.7923
			0.9185	0.0267	0.3945
			0.9475	0.2193	0.2328
			0.4258	0.1727	-0.8882
			-0.0909	-0.4483	0.8893
			-0.5315	0.5347	0.6569
		b:
			-65.6524
			615.6593
			650.8206
			59.3824
			39.9864
			52.3128
	==================================================================================
	Q3:
		Shape: Ellipse
		q_c:	534.0	307.0	250.5
		ub :	537.1188	310.4067	253.2291
		lb :	530.8812	303.5933	247.7709
		P^-1:
			0.2377	-0.0299	0.0079
			-0.0299	0.1774	0.0192
			0.0079	0.0192	0.2449
	==================================================================================
	Q4:
		Shape: Ellipse
		q_c:	541.0	315.0	260.0
		ub :	546.5063	322.0927	267.0694
		lb :	535.4937	307.9073	252.9306
		P^-1:
			0.0957	0.0019	0.0185
			0.0019	0.0626	0.0298
			0.0185	0.0298	0.0675
	==================================================================================
	Q5:
		Shape: Polyhedra
		q_c:	542.5	312.5	258.5
		ub :	545.9271	315.6306	262.3437
		lb :	539.0729	309.3694	254.6563
		A:
			0.0985	-0.0628	-0.9932
			-0.3127	-0.9127	0.2632
			0.0462	0.9482	0.3143
			-0.1912	-0.9464	-0.2603
			-0.7752	-0.122	-0.6198
			0.0834	0.9615	0.2619
			0.1366	0.8533	0.5031
			0.5065	0.3763	-0.7758
			-0.8513	0.3608	-0.3808
			-0.1366	-0.8533	-0.5031
			-0.5065	-0.3763	0.7758
			0.8513	-0.3608	0.3808
		b:
			-220.36
			-384.407
			404.1734
			-465.1385
			-617.0199
			415.0095
			472.3353
			194.8439
			-445.543
			-469.3353
			-188.8439
			449.543
	==================================================================================
	Q6:
		Shape: Hybrid
		q_c:	545.5	311.5	263.5
		ub :	549.7129	315.0901	267.1586
		lb :	541.2871	307.9099	259.8414
		P^-1:
			0.1692	0.0031	-0.0647
			0.0031	0.1569	0.0199
			-0.0647	0.0199	0.195
		A:
			0.4293	0.383	-0.818
			-0.8139	0.5276	0.2432
			-0.3723	-0.6817	-0.6299
			0.9682	0.2336	-0.0892
			0.9117	-0.1631	0.3771
			-0.2099	0.6485	0.7317
		b:
			139.142
			-214.1114
			-579.8331
			578.9193
			547.8062
			281.551


===========================================================================================
===========================================================================================
S3:
	q_c:	21.5	16.5	346.5
	ub :	42.1541	32.8634	365.761
	lb :	1.5066	-3.6924	326.0509

	==================================================================================
	Q1:
		Shape: Polyhedra
		q_c:	24.0	6.0	340.5
		ub :	34.542	15.6924	351.6862
		lb :	13.458	-3.6924	329.3138
		A:
			0.1192	0.786	0.6066
			-0.7	0.6402	0.3165
			0.9876	0.0595	-0.1454
			-0.0771	0.7821	0.6184
			-0.5445	0.8361	0.0665
			-0.2646	0.3183	0.9103
			0.6885	0.171	0.7048
			-0.4438	-0.6692	0.596
			0.5736	-0.7231	-0.3849
			-0.6885	-0.171	-0.7048
			0.4438	0.6692	-0.596
			-0.5736	0.7231	0.3849
		b:
			219.5526
			98.9183
			-18.8793
			218.2918
			19.2163
			311.3629
			264.0255
			196.7586
			-117.6205
			-251.0255
			-179.7586
			125.6205
	==================================================================================
	Q2:
		Shape: Hybrid
		q_c:	24.5	22.0	346.0
		ub :	30.8975	29.605	353.6406
		lb :	18.1025	14.395	338.3594
		P^-1:
			0.0478	-0.0018	-0.0059
			-0.0018	0.0205	0.0003
			-0.0059	0.0003	0.0251
		A:
			-0.7791	-0.1054	-0.6179
			0.6886	-0.388	-0.6126
			-0.4368	0.6803	-0.5886
			-0.3862	0.0283	0.922
			-0.9199	-0.262	-0.2916
			0.9608	0.2432	0.1328
		b:
			-231.593
			-200.6193
			-195.1251
			313.7852
			-126.0913
			77.6697
	==================================================================================
	Q3:
		Shape: Polyhedra
		q_c:	17.5	26.0	358.0
		ub :	25.783	30.7699	365.761
		lb :	9.217	21.2301	350.239
		A:
			0.3034	-0.1277	-0.9443
			-0.4264	-0.7916	0.4376
			0.8966	-0.3037	-0.3222
			-0.4302	0.3024	0.8506
			0.1516	0.3564	-0.9219
			0.1581	0.226	-0.9612
			0.8203	0.033	0.5709
			-0.5413	0.3672	0.7564
			-0.1847	-0.9296	0.3191
			-0.8203	-0.033	-0.5709
			0.5413	-0.3672	-0.7564
			0.1847	0.9296	-0.3191
		b:
			-332.1353
			132.2099
			-102.7657
			308.4497
			-313.9081
			-331.1686
			226.6125
			274.3789
			90.3402
			-212.6125
			-267.3789
			-83.3402
	==================================================================================
	Q4:
		Shape: Ellipse
		q_c:	35.5	29.5	346.5
		ub :	42.1541	32.8634	353.1126
		lb :	28.8459	26.1366	339.8874
		P^-1:
			0.0828	-0.0416	0.045
			-0.0416	0.2375	-0.0076
			0.045	-0.0076	0.0685
	==================================================================================
	Q5:
		Shape: Polyhedra
		q_c:	11.0	10.0	338.0
		ub :	20.4934	18.2614	346.2646
		lb :	1.5066	1.7386	329.7354
		A:
			0.7545	0.4601	0.468
			-0.8201	-0.1356	-0.5559
			0.1142	-0.8966	0.4279
			0.6912	-0.0328	0.7219
			-0.3826	-0.4647	-0.7986
			0.7034	0.5988	0.383
			0.5582	0.0803	0.8258
			-0.708	-0.4729	0.5245
			0.4327	-0.8774	-0.2071
			-0.5582	-0.0803	-0.8258
			0.708	0.4729	-0.5245
			-0.4327	0.8774	0.2071
		b:
			176.2038
			-193.4557
			142.6552
			255.8481
			-274.073
			148.5086
			290.5708
			171.2751
			-68.5114
			-281.5708
			-158.2751
			79.5114
	==================================================================================
	Q6:
		Shape: Polyhedra
		q_c:	14.5	15.5	331.0
		ub :	21.4986	21.012	335.9491
		lb :	7.5014	9.988	326.0509
		A:
			-0.3492	0.7879	0.5073
			0.5327	-0.7045	0.4689
			0.3076	0.8261	0.4722
			0.2528	-0.5339	0.8069
			-0.4768	0.2345	-0.8472
			-0.2764	0.0687	-0.9586
			0.1711	0.2622	0.9497
			-0.5171	0.8444	-0.1399
			-0.8386	-0.4672	0.28
			-0.1711	-0.2622	-0.9497
			0.5171	-0.8444	0.1399
			0.8386	0.4672	-0.28
		b:
			177.5421
			154.1484
			177.6456
			265.4435
			-280.9496
			-317.3054
			323.9093
			-38.7294
			79.7792
			-317.9093
			42.7294
			-66.7792


===========================================================================================
===========================================================================================
S4:
	q_c:	244.0	157.5	264.5
	ub :	264.2748	168.5556	278.2779
	lb :	223.2064	137.7651	250.5707

	==================================================================================
	Q1:
		Shape: Hybrid
		q_c:	251.0	154.5	259.0
		ub :	260.1182	162.6718	266.6022
		lb :	241.8818	146.3282	251.3978
		P^-1:
			0.0275	0.0062	-0.0032
			0.0062	0.0369	0.0016
			-0.0032	0.0016	0.0392
		A:
			0.9016	-0.4307	-0.0399
			-0.0902	-0.332	0.9389
			0.1864	-0.1656	-0.9684
			0.0786	-0.6963	-0.7134
			-0.1691	0.8486	0.5013
			0.1064	-0.4496	-0.8869
		b:
			153.3398
			171.8726
			-227.1265
			-270.0526
			221.2737
			-269.9452
	==================================================================================
	Q2:
		Shape: Hybrid
		q_c:	231.0	162.5	268.5
		ub :	238.7936	168.5556	273.427
		lb :	223.2064	156.4444	263.573
		P^-1:
			0.0298	0.027	0.0057
			0.027	0.0982	0.0114
			0.0057	0.0114	0.066
		A:
			-0.0826	-0.9961	0.0295
			-0.3353	-0.8939	0.2976
			0.0169	-0.8963	0.4432
			0.2762	0.3766	0.8842
			-0.1288	-0.9761	0.175
			-0.3024	0.618	-0.7257
		b:
			-171.0735
			-140.9724
			-20.3162
			364.5524
			-139.4475
			-161.0303
	==================================================================================
	Q3:
		Shape: Ellipse
		q_c:	247.5	162.0	271.5
		ub :	253.3116	167.8641	278.2779
		lb :	241.6884	156.1359	264.7221
		P^-1:
			0.2157	-0.1596	-0.0065
			-0.1596	0.2812	0.1236
			-0.0065	0.1236	0.128
	==================================================================================
	Q4:
		Shape: Polyhedra
		q_c:	255.5	145.5	264.0
		ub :	264.2748	153.2349	273.0455
		lb :	246.7252	137.7651	254.9545
		A:
			-0.7594	-0.3692	0.5357
			0.695	-0.6481	0.3114
			-0.0837	-0.2004	-0.9761
			0.6213	0.6495	0.4384
			0.8299	-0.0241	0.5573
			0.4376	-0.1532	0.886
			0.7408	0.0029	0.6717
			-0.6597	0.1918	0.7267
			-0.1267	-0.9814	0.144
			-0.7408	-0.0029	-0.6717
			0.6597	-0.1918	-0.7267
			0.1267	0.9814	-0.144
		b:
			-99.5516
			171.118
			-302.3921
			374.4117
			360.2477
			328.3509
			371.5326
			58.2098
			-130.6537
			-362.5326
			-44.2098
			143.6537
	==================================================================================
	Q5:
		Shape: Ellipse
		q_c:	245.5	155.5	259.0
		ub :	253.0248	164.3754	267.4293
		lb :	237.9752	146.6246	250.5707
		P^-1:
			0.0337	0.008	0.0054
			0.008	0.0401	0.0048
			0.0054	0.0048	0.0364
	==================================================================================
	Q6:
		Shape: Polyhedra
		q_c:	239.0	160.0	264.0
		ub :	249.4149	168.5017	274.6101
		lb :	228.5851	151.4983	253.3899
		A:
			0.1915	0.9479	-0.2547
			0.5071	-0.766	0.3951
			0.1755	0.5464	-0.819
			-0.4688	-0.4457	-0.7626
			0.0035	-0.58	-0.8146
			0.2255	0.8157	0.5328
			0.3271	0.8409	0.4311
			0.8862	-0.1146	-0.449
			-0.3282	0.5289	-0.7827
			-0.3271	-0.8409	-0.4311
			-0.8862	0.1146	0.449
			0.3282	-0.5289	0.7827
		b:
			135.9119
			109.4497
			-80.1522
			-379.2483
			-301.2876
			330.104
			331.5326
			82.4359
			-193.9447
			-321.5326
			-67.4359
			206.9447


===========================================================================================
===========================================================================================
S5:
	q_c:	484.0	342.0	348.5
	ub :	495.6557	352.5167	362.804
	lb :	476.868	330.3286	339.7467

	==================================================================================
	Q1:
		Shape: Polyhedra
		q_c:	486.0	338.5	354.5
		ub :	490.6258	343.4891	359.9463
		lb :	481.3742	333.5109	349.0537
		A:
			-0.3855	0.6422	-0.6626
			-0.5266	0.1975	0.8269
			-0.2688	-0.3159	-0.9099
			-0.5727	0.8185	-0.0463
			-0.5484	0.7687	-0.3292
			-0.4747	0.6104	-0.6341
			0.8751	0.1435	0.4621
			-0.1902	-0.7762	0.6012
			0.4449	-0.614	-0.6519
			-0.8751	-0.1435	-0.4621
			0.1902	0.7762	-0.6012
			-0.4449	0.614	0.6519
		b:
			-201.4986
			107.1434
			-557.1091
			-14.5292
			-119.7733
			-245.5959
			640.7109
			-138.5254
			-219.7153
			-634.7109
			145.5254
			225.7153
	==================================================================================
	Q2:
		Shape: Hybrid
		q_c:	483.0	348.0	344.0
		ub :	486.5181	352.5167	348.2103
		lb :	479.4819	343.4833	339.7897
		P^-1:
			0.4661	0.2323	-0.34
			0.2323	0.3187	-0.3
			-0.34	-0.3	0.4377
		A:
			0.4096	0.4984	-0.7641
			0.8352	0.212	-0.5074
			0.52	0.734	-0.4369
			0.9651	0.1885	-0.1816
			0.9491	0.2658	-0.1689
			-0.3767	-0.5519	0.744
		b:
			109.1544
			303.4324
			357.3088
			470.6445
			494.2233
			-117.3542
	==================================================================================
	Q3:
		Shape: Ellipse
		q_c:	486.5	341.0	356.0
		ub :	493.1316	346.4453	362.804
		lb :	479.8684	335.5547	349.196
		P^-1:
			0.0595	-0.0163	0.016
			-0.0163	0.0755	-0.0258
			0.016	-0.0258	0.0749
	==================================================================================
	Q4:
		Shape: Polyhedra
		q_c:	481.5	347.0	350.5
		ub :	486.132	352.5076	356.1814
		lb :	476.868	341.4924	344.8186
		A:
			0.4344	-0.6382	-0.6356
			0.9317	-0.1985	-0.3043
			0.0873	-0.6285	-0.7729
			-0.1157	-0.3145	-0.9422
			0.2417	-0.2577	-0.9355
			-0.3588	-0.8849	-0.2971
			0.6307	0.3979	0.6663
			0.3301	0.6394	-0.6944
			-0.7023	0.6579	0.2719
			-0.6307	-0.3979	-0.6663
			-0.3301	-0.6394	0.6944
			0.7023	-0.6579	-0.2719
		b:
			-232.831
			275.794
			-444.5845
			-492.0246
			-297.5666
			-580.7709
			677.7759
			142.4444
			-12.5952
			-672.7759
			-132.4444
			16.5952
	==================================================================================
	Q5:
		Shape: Ellipse
		q_c:	486.5	341.5	352.0
		ub :	492.0469	348.6485	358.9086
		lb :	480.9531	334.3515	345.0914
		P^-1:
			0.0512	0.0048	0.0059
			0.0048	0.0585	0.0232
			0.0059	0.0232	0.0544
	==================================================================================
	Q6:
		Shape: Ellipse
		q_c:	490.5	335.5	343.5
		ub :	495.6557	340.6714	347.2533
		lb :	485.3443	330.3286	339.7467
		P^-1:
			0.1037	-0.0199	0.0134
			-0.0199	0.0998	-0.0154
			0.0134	-0.0154	0.1492


===========================================================================================
===========================================================================================
S6:
	q_c:	486.5	294.5	54.0
	ub :	492.3228	301.3446	60.9191
	lb :	479.974	290.9713	52.9589

	==================================================================================
	Q1:
		Shape: Polyhedra
		q_c:	489.5	294.0	56.0
		ub :	491.4308	297.0287	59.0411
		lb :	487.5692	290.9713	52.9589
		A:
			-0.8338	-0.461	-0.3036
			-0.8474	-0.1961	-0.4933
			-0.7315	-0.6808	-0.0364
			0.0573	0.138	-0.9888
			0.4549	-0.8825	-0.1195
			-0.9888	0.031	0.1459
			0.2311	0.6788	0.697
			0.9729	-0.1579	-0.1689
			-0.0046	0.7171	-0.6969
			-0.2311	-0.6788	-0.697
			-0.9729	0.1579	0.1689
			0.0046	-0.7171	0.6969
		b:
			-558.9287
			-498.3407
			-558.4554
			15.2249
			-41.6564
			-465.2331
			353.7436
			421.8708
			171.5497
			-349.7436
			-418.8708
			-167.5497
	==================================================================================
	Q2:
		Shape: Polyhedra
		q_c:	483.0	293.5	56.5
		ub :	486.026	295.8019	59.5404
		lb :	479.974	291.1981	53.4596
		A:
			-0.4425	0.5969	-0.6693
			0.0996	-0.9928	0.0668
			0.4752	-0.7582	0.4465
			0.1349	0.7298	0.6702
			0.8045	0.589	0.0766
			0.6421	-0.7665	0.0158
			0.2493	0.0023	0.9684
			-0.8403	0.4975	0.2152
			-0.4813	-0.8675	0.126
			-0.2493	-0.0023	-0.9684
			0.8403	-0.4975	-0.2152
			0.4813	0.8675	-0.126
		b:
			-74.0805
			-237.8341
			34.3103
			319.3286
			567.4425
			88.0011
			178.3198
			-245.7101
			-478.4485
			-173.3198
			249.7101
			481.4485
	==================================================================================
	Q3:
		Shape: Ellipse
		q_c:	490.5	299.0	58.0
		ub :	492.3228	301.3262	60.5183
		lb :	488.6772	296.6738	55.4817
		P^-1:
			0.5651	0.205	0.1024
			0.205	0.7461	0.2571
			0.1024	0.2571	0.3833
	==================================================================================
	Q4:
		Shape: Hybrid
		q_c:	485.5	298.0	57.0
		ub :	488.1014	301.3446	60.5094
		lb :	482.8986	294.6554	53.4906
		P^-1:
			0.2447	-0.0121	0.0174
			-0.0121	0.2222	0.0398
			0.0174	0.0398	0.1931
		A:
			0.8853	-0.1267	0.4474
			0.5665	-0.7037	0.4288
			-0.4694	-0.8725	0.1357
			0.6103	-0.7876	0.0853
			-0.417	-0.089	-0.9045
			-0.4679	0.2141	-0.8575
		b:
			418.5982
			90.9463
			-478.9082
			67.5373
			-279.3717
			-210.9865
	==================================================================================
	Q5:
		Shape: Hybrid
		q_c:	489.0	297.0	56.5
		ub :	491.083	300.1494	59.681
		lb :	486.917	293.8506	53.319
		P^-1:
			0.4439	0.0086	-0.0083
			0.0086	0.2972	0.1419
			-0.0083	0.1419	0.3078
		A:
			0.1875	0.5718	0.7987
			0.3629	0.3482	-0.8643
			0.071	0.9336	0.3513
			0.5705	-0.7201	-0.3949
			-0.4772	0.4805	0.7358
			0.629	0.7669	0.1274
		b:
			307.4167
			233.5492
			332.8137
			43.6594
			-48.2671
			543.5332
	==================================================================================
	Q6:
		Shape: Hybrid
		q_c:	487.0	296.5	58.5
		ub :	489.0104	299.3728	60.9191
		lb :	484.9896	293.6272	56.0809
		P^-1:
			0.8051	-0.1587	-0.223
			-0.1587	0.2269	0.1515
			-0.223	0.1515	0.5725
		A:
			-0.1673	0.0796	0.9827
			-0.2952	0.7618	0.5766
			-0.9988	0.0299	-0.0377
			0.9024	-0.3177	0.291
			0.9461	-0.0702	0.3161
			0.9652	-0.1846	0.1851
		b:
			0.4917
			116.9733
			-479.0419
			363.2154
			459.2608
			426.9331


===========================================================================================
===========================================================================================
S7:
	q_c:	94.0	404.5	283.5
	ub :	108.4765	418.116	291.7101
	lb :	84.8745	400.0705	271.9737

	==================================================================================
	Q1:
		Shape: Hybrid
		q_c:	91.0	408.0	277.5
		ub :	95.3626	412.1286	280.1561
		lb :	86.6374	403.8714	274.8439
		P^-1:
			0.0854	0.01	-0.0149
			0.01	0.1117	-0.0194
			-0.0149	-0.0194	0.2457
		A:
			0.1962	0.9798	-0.0376
			0.0158	-0.5635	-0.826
			-0.3907	0.6852	-0.6147
			0.4317	0.0646	0.8997
			-0.1209	0.9253	-0.3594
			-0.2072	0.698	-0.6855
		b:
			409.1732
			-456.145
			75.2462
			316.7706
			268.6901
			77.3206
	==================================================================================
	Q2:
		Shape: Hybrid
		q_c:	102.5	412.0	285.0
		ub :	104.9562	416.3581	289.8773
		lb :	100.0438	407.6419	280.1227
		P^-1:
			0.4422	-0.0177	0.0242
			-0.0177	0.3072	0.1873
			0.0242	0.1873	0.1889
		A:
			0.7691	0.4686	0.4347
			-0.564	-0.0581	-0.8237
			-0.01	-0.7692	-0.639
			0.023	-0.9521	-0.3049
			0.407	-0.7343	-0.5433
			-0.9647	0.1971	-0.1746
		b:
			396.5104
			-314.3534
			-499.2524
			-475.5438
			-414.8875
			-66.5248
	==================================================================================
	Q3:
		Shape: Ellipse
		q_c:	93.0	405.5	277.0
		ub :	97.6791	410.728	282.0263
		lb :	88.3209	400.272	271.9737
		P^-1:
			0.1058	0.0101	0.0051
			0.0101	0.0918	-0.0097
			0.0051	-0.0097	0.1062
	==================================================================================
	Q4:
		Shape: Polyhedra
		q_c:	88.5	404.0	288.5
		ub :	92.1255	405.8447	291.7101
		lb :	84.8745	402.1553	285.2899
		A:
			0.4607	-0.85	-0.2553
			-0.1567	-0.6908	0.7059
			0.4497	0.8813	-0.1451
			-0.3686	0.678	-0.6359
			0.2416	-0.7157	0.6553
			0.3456	-0.7154	0.6073
			0.2836	0.5467	0.7878
			-0.1629	0.8371	-0.5223
			-0.945	0.0198	0.3265
			-0.2836	-0.5467	-0.7878
			0.1629	-0.8371	0.5223
			0.945	-0.0198	-0.3265
		b:
			-374.1774
			-88.0782
			355.8874
			58.7109
			-78.0007
			-82.4175
			475.7583
			173.598
			21.5512
			-470.7583
			-172.598
			-15.5512
	==================================================================================
	Q5:
		Shape: Ellipse
		q_c:	93.5	405.0	280.0
		ub :	98.0845	409.9295	284.2845
		lb :	88.9155	400.0705	275.7155
		P^-1:
			0.136	-0.0268	0.0242
			-0.0268	0.1301	0.0271
			0.0242	0.0271	0.1355
	==================================================================================
	Q6:
		Shape: Polyhedra
		q_c:	102.0	411.5	282.0
		ub :	108.4765	418.116	287.6208
		lb :	95.5235	404.884	276.3792
		A:
			0.8882	0.4547	-0.0655
			-0.3206	-0.4286	-0.8447
			-0.8962	0.3948	-0.2026
			-0.2618	0.2795	0.9237
			-0.9489	-0.1801	-0.2592
			0.932	0.3588	-0.0513
			0.549	0.4802	0.6841
			0.7085	-0.7016	-0.076
			0.4435	0.5264	-0.7254
			-0.549	-0.4802	-0.6841
			-0.7085	0.7016	0.076
			-0.4435	-0.5264	0.7254
		b:
			263.1146
			-444.142
			17.7366
			352.6869
			-240.5295
			232.1119
			449.521
			-233.8998
			61.7972
			-443.521
			241.8998
			-52.7972


===========================================================================================
===========================================================================================
S8:
	q_c:	136.0	437.0	100.5
	ub :	164.4008	452.5453	121.7217
	lb :	111.8498	414.4082	82.2328

	==================================================================================
	Q1:
		Shape: Ellipse
		q_c:	123.5	437.0	103.0
		ub :	135.1502	446.088	111.2594
		lb :	111.8498	427.912	94.7406
		P^-1:
			0.0475	0.1005	0.0687
			0.1005	0.2791	0.1843
			0.0687	0.1843	0.1416
	==================================================================================
	Q2:
		Shape: Ellipse
		q_c:	153.0	430.5	99.0
		ub :	164.4008	442.7729	111.28
		lb :	141.5992	418.2271	86.72
		P^-1:
			0.0165	-0.0004	-0.0011
			-0.0004	0.0202	-0.0034
			-0.0011	-0.0034	0.0203
	==================================================================================
	Q3:
		Shape: Hybrid
		q_c:	140.0	424.5	112.0
		ub :	149.7787	434.5918	121.7217
		lb :	130.2213	414.4082	102.2783
		P^-1:
			0.0227	0.0046	0.0024
			0.0046	0.0348	-0.0131
			0.0024	-0.0131	0.0374
		A:
			0.0652	-0.2235	0.9725
			0.6845	0.4124	0.6012
			-0.1075	0.9864	-0.1242
			-0.5962	0.7631	-0.2496
			0.5184	0.6746	-0.5255
			-0.3952	-0.8544	0.3375
		b:
			26.0177
			341.9503
			393.2908
			216.5513
			302.8685
			-377.489
	==================================================================================
	Q4:
		Shape: Hybrid
		q_c:	139.5	443.5	99.0
		ub :	150.6658	452.5453	109.0382
		lb :	128.3342	434.4547	88.9618
		P^-1:
			0.0309	-0.0094	-0.0167
			-0.0094	0.0446	-0.0085
			-0.0167	-0.0085	0.0344
		A:
			0.2621	0.7845	-0.5621
			0.1833	0.8543	-0.4864
			0.3232	-0.5358	0.78
			-0.8166	0.3463	0.4618
			0.6224	-0.6454	-0.4428
			0.5516	-0.7487	0.3677
		b:
			331.1621
			358.6454
			-111.3003
			87.7951
			-240.9612
			-215.5894
	==================================================================================
	Q5:
		Shape: Ellipse
		q_c:	154.5	446.5	88.0
		ub :	160.8956	451.4316	93.7672
		lb :	148.1044	441.5684	82.2328
		P^-1:
			0.0394	0.0089	0.0137
			0.0089	0.1356	-0.0384
			0.0137	-0.0384	0.0998
	==================================================================================
	Q6:
		Shape: Polyhedra
		q_c:	146.5	441.5	94.0
		ub :	150.0213	448.9768	102.3093
		lb :	142.9787	434.0232	85.6907
		A:
			-0.9294	-0.3648	0.0563
			-0.8425	0.4525	0.2923
			-0.7181	-0.5261	-0.4555
			0.8072	-0.4885	-0.3312
			-0.2257	0.8029	0.5518
			0.5661	0.7884	0.2406
			0.987	0.1597	0.0173
			0.0836	-0.6027	0.7936
			0.1372	-0.7818	-0.6082
			-0.987	-0.1597	-0.0173
			-0.0836	0.6027	-0.7936
			-0.1372	0.7818	0.6082
		b:
			-289.0167
			106.4637
			-377.6714
			-125.9245
			375.8144
			456.7949
			219.2506
			-170.7425
			-379.7457
			-214.2506
			187.7425
			384.7457


===========================================================================================
===========================================================================================
S9:
	q_c:	66.0	277.5	131.0
	ub :	75.3559	285.8991	144.2115
	lb :	58.0679	271.4056	125.5793

	==================================================================================
	Q1:
		Shape: Hybrid
		q_c:	70.0	277.5	133.0
		ub :	73.4543	281.0835	137.1032
		lb :	66.5457	273.9165	128.8968
		P^-1:
			0.2204	0.0568	-0.0424
			0.0568	0.6388	0.444
			-0.0424	0.444	0.4533
		A:
			-0.3074	-0.7607	-0.5717
			-0.2362	0.5276	0.816
			-0.7786	-0.6274	0.0104
			-0.4563	-0.7627	-0.4584
			0.4357	0.8887	0.1428
			0.8302	0.4101	0.3776
		b:
			-307.9912
			239.2512
			-225.9078
			-303.762
			297.2921
			223.7623
	==================================================================================
	Q2:
		Shape: Polyhedra
		q_c:	65.0	275.5	136.5
		ub :	68.8223	279.5944	139.3982
		lb :	61.1777	271.4056	133.6018
		A:
			0.5387	-0.7868	-0.3011
			0.6741	-0.0599	-0.7362
			-0.7005	-0.3958	0.5938
			-0.4765	-0.2301	0.8485
			0.4647	0.7898	0.4003
			-0.5206	-0.2709	0.8096
			0.7594	0.1708	0.6279
			-0.5909	-0.2229	0.7753
			0.2724	-0.9598	-0.0684
			-0.7594	-0.1708	-0.6279
			0.5909	0.2229	-0.7753
			-0.2724	0.9598	0.0684
		b:
			-219.5953
			-71.7868
			-72.2518
			22.53
			305.6416
			3.0757
			185.1065
			7.0016
			-252.5443
			-179.1065
			-5.0016
			259.5443
	==================================================================================
	Q3:
		Shape: Ellipse
		q_c:	62.0	277.5	129.0
		ub :	65.9321	282.2068	132.4207
		lb :	58.0679	272.7932	125.5793
		P^-1:
			0.2185	-0.06	-0.031
			-0.06	0.0856	0.0116
			-0.031	0.0116	0.1195
	==================================================================================
	Q4:
		Shape: Hybrid
		q_c:	68.5	275.5	133.5
		ub :	71.3401	279.0808	136.8587
		lb :	65.6599	271.9192	130.1413
		P^-1:
			0.6012	-0.1572	-0.3889
			-0.1572	0.216	0.1386
			-0.3889	0.1386	0.5028
		A:
			-0.3233	-0.9417	-0.0932
			-0.7812	0.5007	0.3729
			0.7259	0.159	-0.6692
			-0.7998	0.2096	0.5624
			0.4441	-0.7707	0.4568
			0.587	0.3828	-0.7134
		b:
			-292.0296
			135.0067
			5.0597
			78.5745
			-118.9868
			51.666
	==================================================================================
	Q5:
		Shape: Polyhedra
		q_c:	72.0	282.5	138.5
		ub :	75.3559	285.8991	141.5491
		lb :	68.6441	279.1009	135.4509
		A:
			-0.6389	0.7254	0.2562
			-0.422	0.7378	-0.5269
			0.0889	0.3072	-0.9475
			0.8149	0.574	-0.0807
			-0.1626	-0.5399	0.8259
			-0.433	-0.75	0.5
			0.0035	0.4574	0.8892
			-0.8684	0.4424	-0.2242
			-0.4959	-0.7714	0.3988
			-0.0035	-0.4574	-0.8892
			0.8684	-0.4424	0.2242
			0.4959	0.7714	-0.3988
		b:
			197.11
			107.6717
			-36.1424
			211.5394
			-48.0608
			-172.2856
			254.6344
			34.4027
			-196.8991
			-250.6344
			-28.4027
			199.8991
	==================================================================================
	Q6:
		Shape: Hybrid
		q_c:	68.5	279.5	138.5
		ub :	73.3362	284.6575	144.2115
		lb :	63.6638	274.3425	132.7885
		P^-1:
			0.1024	-0.0039	-0.0129
			-0.0039	0.0824	0.0024
			-0.0129	0.0024	0.0896
		A:
			-0.8742	0.3351	-0.3513
			0.3184	-0.49	-0.8115
			-0.6454	-0.7304	-0.2236
			0.9271	-0.3357	0.1668
			0.9036	0.3232	0.2811
			-0.5723	-0.0263	-0.8196
		b:
			-13.0415
			-225.8118
			-277.3717
			-5.4688
			193.0065
			-158.0688


===========================================================================================
===========================================================================================
S10:
	q_c:	131.0	298.0	91.0
	ub :	140.0382	309.5029	100.7914
	lb :	122.5218	290.6557	83.0794

	==================================================================================
	Q1:
		Shape: Ellipse
		q_c:	132.0	304.5	95.5
		ub :	136.3974	309.5029	99.2254
		lb :	127.6026	299.4971	91.7746
		P^-1:
			0.109	0.0059	-0.0115
			0.0059	0.095	0.0249
			-0.0115	0.0249	0.1487
	==================================================================================
	Q2:
		Shape: Hybrid
		q_c:	135.5	298.0	88.0
		ub :	138.3925	301.0528	90.9134
		lb :	132.6075	294.9472	85.0866
		P^-1:
			0.3448	0.0951	0.0202
			0.0951	0.3453	0.0203
			0.0202	0.0203	0.2543
		A:
			-0.903	-0.2683	-0.3357
			-0.2667	0.8739	-0.4065
			0.7788	0.5061	-0.3705
			0.0237	0.9924	-0.1208
			-0.561	-0.4766	0.6769
			0.981	-0.0349	-0.1906
		b:
			-230.9485
			189.6912
			224.6553
			289.3398
			-157.4086
			106.8148
	==================================================================================
	Q3:
		Shape: Ellipse
		q_c:	131.5	304.0	95.0
		ub :	135.8657	308.0239	98.2177
		lb :	127.1343	299.9761	91.7823
		P^-1:
			0.1458	0.0133	-0.0455
			0.0133	0.1489	0.0252
			-0.0455	0.0252	0.2264
	==================================================================================
	Q4:
		Shape: Hybrid
		q_c:	127.5	298.0	86.5
		ub :	131.3567	302.007	89.9206
		lb :	123.6433	293.993	83.0794
		P^-1:
			0.0879	-0.0079	0.0309
			-0.0079	0.0915	-0.0387
			0.0309	-0.0387	0.2339
		A:
			-0.5555	0.5273	0.643
			-0.1506	0.3949	-0.9063
			0.3652	0.3821	0.8489
			-0.5924	0.6677	-0.4509
			-0.9421	-0.3177	-0.1075
			-0.6164	0.4816	-0.623
		b:
			144.2457
			21.1322
			235.5374
			86.2992
			-221.6437
			12.6085
	==================================================================================
	Q5:
		Shape: Hybrid
		q_c:	137.0	294.0	95.5
		ub :	140.0382	297.3443	98.8127
		lb :	133.9618	290.6557	92.1873
		P^-1:
			0.7189	0.1653	0.3725
			0.1653	0.2082	0.1168
			0.3725	0.1168	0.344
		A:
			0.5526	0.7582	-0.346
			0.1594	-0.9472	-0.2782
			0.8029	0.0767	0.5912
			0.4038	0.2943	0.8662
			0.6933	0.2861	0.6615
			-0.365	-0.4899	-0.7917
		b:
			267.6607
			-281.2666
			189.6139
			225.8286
			242.8908
			-268.3882
	==================================================================================
	Q6:
		Shape: Polyhedra
		q_c:	127.5	301.5	96.0
		ub :	132.4782	306.1202	100.7914
		lb :	122.5218	296.8798	91.2086
		A:
			-0.4272	-0.686	0.5891
			0.8007	-0.5134	-0.3087
			0.1127	-0.5817	0.8056
			0.1779	0.9482	-0.2633
			-0.3326	0.8447	0.4194
			0.315	0.0061	0.9491
			0.7257	0.65	0.2255
			0.659	-0.7509	0.0436
			0.1977	0.117	-0.9733
			-0.7257	-0.65	-0.2255
			-0.659	0.7509	-0.0436
			-0.1977	-0.117	0.9733
		b:
			-201.0055
			-79.5044
			-80.0751
			286.5388
			255.4548
			136.9308
			313.6572
			-135.6704
			-28.954
			-306.6572
			140.6704
			36.954


===========================================================================================
===========================================================================================
S11:
	q_c:	234.0	155.0	339.0
	ub :	250.189	169.397	354.5216
	lb :	223.4054	141.0341	322.8615

	==================================================================================
	Q1:
		Shape: Polyhedra
		q_c:	238.0	161.5	332.5
		ub :	241.6049	165.7377	335.1484
		lb :	234.3951	157.2623	329.8516
		A:
			-0.3275	0.0085	0.9448
			0.4354	-0.2875	0.8531
			-0.3717	-0.5963	-0.7115
			-0.3958	-0.0209	0.9181
			-0.7857	-0.1138	-0.6081
			-0.9906	0.0984	0.0945
			0.8629	0.3311	0.3819
			-0.2948	-0.284	0.9124
			0.4106	-0.8998	-0.1474
			-0.8629	-0.3311	-0.3819
			0.2948	0.284	-0.9124
			-0.4106	0.8998	0.1474
		b:
			239.3168
			342.8109
			-418.9484
			209.4407
			-405.5617
			-186.0042
			387.8107
			188.8334
			-93.1373
			-383.8107
			-185.8334
			100.1373
	==================================================================================
	Q2:
		Shape: Ellipse
		q_c:	233.5	156.5	337.0
		ub :	237.289	160.8708	339.293
		lb :	229.711	152.1292	334.707
		P^-1:
			0.1454	-0.0303	-0.0034
			-0.0303	0.0971	-0.0115
			-0.0034	-0.0115	0.2491
	==================================================================================
	Q3:
		Shape: Ellipse
		q_c:	233.5	158.5	329.5
		ub :	240.2713	165.2885	336.1385
		lb :	226.7287	151.7115	322.8615
		P^-1:
			0.0397	-0.0089	-0.014
			-0.0089	0.0543	0.0102
			-0.014	0.0102	0.0701
	==================================================================================
	Q4:
		Shape: Polyhedra
		q_c:	244.0	162.0	347.5
		ub :	250.189	169.2513	354.5216
		lb :	237.811	154.7487	340.4784
		A:
			0.3626	-0.8527	-0.3761
			0.9481	-0.3168	0.0275
			0.8898	0.0273	-0.4555
			0.9197	0.0392	-0.3907
			0.6576	-0.3667	-0.658
			0.6276	0.7233	-0.288
			0.2735	0.6374	0.7203
			-0.8403	-0.206	0.5014
			0.468	-0.7425	0.4793
			-0.2735	-0.6374	-0.7203
			0.8403	0.206	-0.5014
			-0.468	0.7425	-0.4793
		b:
			-175.7896
			193.9414
			66.3702
			98.1381
			-124.0837
			173.8832
			424.3238
			-61.1853
			165.9506
			-416.3238
			67.1853
			-154.9506
	==================================================================================
	Q5:
		Shape: Hybrid
		q_c:	230.0	161.5	343.0
		ub :	236.5946	169.397	350.7108
		lb :	223.4054	153.603	335.2892
		P^-1:
			0.0477	-0.0025	-0.006
			-0.0025	0.049	-0.016
			-0.006	-0.016	0.0429
		A:
			-0.5556	0.6621	-0.503
			0.4605	-0.5777	0.6739
			-0.5892	0.8042	0.0785
			0.3593	0.9221	-0.1435
			-0.8373	0.5266	-0.1467
			-0.585	-0.5167	0.6252
		b:
			-191.117
			246.1034
			23.9171
			185.0248
			-155.4071
			-1.4371
	==================================================================================
	Q6:
		Shape: Hybrid
		q_c:	244.5	144.5	335.0
		ub :	249.8283	147.9659	340.9341
		lb :	239.1717	141.0341	329.0659
		P^-1:
			0.0554	0.0469	0.0154
			0.0469	0.3925	0.1269
			0.0154	0.1269	0.0859
		A:
			0.0549	0.8631	0.502
			-0.4054	-0.9122	-0.0599
			0.5995	0.7988	-0.0514
			0.2885	0.1191	0.95
			-0.1616	-0.9845	-0.0687
			0.2329	0.9669	0.1044
		b:
			307.3123
			-249.4872
			246.9952
			409.7445
			-203.538
			232.7866


===========================================================================================
===========================================================================================
S12:
	q_c:	424.5	45.5	129.5
	ub :	430.4649	51.8748	133.3542
	lb :	419.3271	42.497	124.3328

	==================================================================================
	Q1:
		Shape: Ellipse
		q_c:	428.5	47.5	131.0
		ub :	430.4649	49.2644	132.791
		lb :	426.5351	45.7356	129.209
		P^-1:
			0.5923	0.1838	-0.1628
			0.1838	0.9171	0.0734
			-0.1628	0.0734	0.935
	==================================================================================
	Q2:
		Shape: Ellipse
		q_c:	423.0	46.0	127.5
		ub :	426.1155	49.503	130.6672
		lb :	419.8845	42.497	124.3328
		P^-1:
			0.2985	0.0139	0.0951
			0.0139	0.215	0.0883
			0.0951	0.0883	0.341
	==================================================================================
	Q3:
		Shape: Polyhedra
		q_c:	427.0	45.5	126.5
		ub :	429.6775	48.1896	128.2888
		lb :	424.3225	42.8104	124.7112
		A:
			-0.2643	0.291	-0.9195
			-0.6875	-0.3361	0.6438
			-0.8514	-0.2731	0.4479
			-0.2751	0.629	-0.7271
			0.2272	-0.0117	-0.9738
			0.247	-0.4613	0.8522
			0.6414	0.5594	0.525
			0.6904	-0.7194	-0.0768
			0.3347	0.4117	-0.8476
			-0.6414	-0.5594	-0.525
			-0.6904	0.7194	0.0768
			-0.3347	-0.4117	0.8476
		b:
			-214.6708
			-226.2469
			-317.9557
			-179.4018
			-25.5394
			193.6014
			367.2429
			254.3317
			55.4273
			-364.2429
			-250.3317
			-53.4273
	==================================================================================
	Q4:
		Shape: Hybrid
		q_c:	422.0	49.0	130.5
		ub :	424.6729	51.6845	133.3542
		lb :	419.3271	46.3155	127.6458
		P^-1:
			0.3335	0.0528	0.0805
			0.0528	0.4193	-0.0383
			0.0805	-0.0383	0.3861
		A:
			-0.0169	-0.7326	-0.6805
			-0.2449	-0.8899	0.3848
			-0.397	-0.6243	-0.6727
			0.265	-0.837	0.4787
			-0.8729	0.0285	0.487
			-0.6267	0.6959	-0.3507
		b:
			-130.8867
			-95.9721
			-285.1329
			134.0759
			-302.2311
			-275.2359
	==================================================================================
	Q5:
		Shape: Hybrid
		q_c:	423.5	46.5	129.5
		ub :	425.8374	48.8002	131.2395
		lb :	421.1626	44.1998	127.7605
		P^-1:
			0.7142	0.3511	-0.0971
			0.3511	0.5688	0.1193
			-0.0971	0.1193	0.967
		A:
			0.6053	0.7865	-0.1227
			-0.6258	-0.7458	0.2285
			0.076	-0.6515	-0.7548
			0.9805	0.1248	0.1518
			0.3577	0.2821	0.8902
			0.2758	-0.5262	-0.8044
		b:
			277.6016
			-269.5418
			-95.1436
			441.5758
			280.4271
			-11.1108
	==================================================================================
	Q6:
		Shape: Hybrid
		q_c:	422.5	49.5	131.0
		ub :	424.1141	51.8748	133.2282
		lb :	420.8859	47.1252	128.7718
		P^-1:
			0.8765	0.0486	-0.2259
			0.0486	0.2676	-0.0726
			-0.2259	-0.0726	0.5504
		A:
			0.1544	-0.9499	0.2717
			-0.0498	-0.0465	-0.9977
			-0.7499	-0.2961	0.5916
			0.7591	-0.5043	0.4116
			0.9922	0.0423	-0.1177
			0.0408	0.6207	-0.783
		b:
			55.1687
			-153.0573
			-253.4356
			350.6959
			406.442
			-53.5755


===========================================================================================
===========================================================================================
