3D_45_6_6_a                l = 3

===========================================================================================
===========================================================================================
S1:
	q_c:	159.0	163.0	189.0
	ub :	166.3171	174.3683	206.153
	lb :	144.8368	145.5244	172.0301

	==================================================================================
	Q1:
		Shape: Hybrid
		q_c:	159.5	163.0	198.0
		ub :	166.3171	170.15	205.1698
		lb :	152.6829	155.85	190.8302
		P^-1:
			0.037	-0.0149	0.0215
			-0.0149	0.0559	-0.0324
			0.0215	-0.0324	0.0791
		A:
			0.0959	-0.6866	-0.7207
			-0.0379	-0.2596	0.965
			-0.48	0.1039	-0.8711
			0.63	-0.1215	-0.767
			-0.6537	-0.6838	-0.3242
			-0.002	0.3929	-0.9196
		b:
			-235.3345
			145.0585
			-229.8978
			-67.0479
			-275.7277
			-116.2806
	==================================================================================
	Q2:
		Shape: Ellipse
		q_c:	160.0	154.0	197.5
		ub :	165.2118	159.9027	204.2719
		lb :	154.7882	148.0973	190.7281
		P^-1:
			0.1122	-0.0147	0.0413
			-0.0147	0.1753	-0.0969
			0.0413	-0.0969	0.0973
	==================================================================================
	Q3:
		Shape: Ellipse
		q_c:	157.0	168.0	191.5
		ub :	163.1282	174.3683	197.8199
		lb :	150.8718	161.6317	185.1801
		P^-1:
			0.0595	-0.0158	-0.0136
			-0.0158	0.086	-0.0245
			-0.0136	-0.0245	0.0872
	==================================================================================
	Q4:
		Shape: Ellipse
		q_c:	149.5	168.5	177.0
		ub :	154.1632	173.7333	181.9699
		lb :	144.8368	163.2667	172.0301
		P^-1:
			0.2481	-0.1009	-0.1681
			-0.1009	0.1303	0.053
			-0.1681	0.053	0.2265
	==================================================================================
	Q5:
		Shape: Ellipse
		q_c:	153.5	159.5	199.0
		ub :	159.5626	165.9524	206.153
		lb :	147.4374	153.0476	191.847
		P^-1:
			0.1034	-0.0432	-0.0453
			-0.0432	0.0823	0.0146
			-0.0453	0.0146	0.0699
	==================================================================================
	Q6:
		Shape: Ellipse
		q_c:	155.0	154.5	187.5
		ub :	161.2	163.4756	195.8066
		lb :	148.8	145.5244	179.1934
		P^-1:
			0.0474	0.0056	-0.0038
			0.0056	0.0298	0.0065
			-0.0038	0.0065	0.0358


===========================================================================================
===========================================================================================
S2:
	q_c:	20.0	432.5	369.5
	ub :	49.6738	448.9905	393.5273
	lb :	9.8378	418.8571	361.5184

	==================================================================================
	Q1:
		Shape: Hybrid
		q_c:	39.5	438.0	372.0
		ub :	49.6738	446.8061	377.7486
		lb :	29.3262	429.1939	366.2514
		P^-1:
			0.0238	0.0174	-0.0101
			0.0174	0.0456	-0.0087
			-0.0101	-0.0087	0.0754
		A:
			-0.6954	0.1436	-0.7041
			0.1161	0.1942	-0.9741
			-0.8226	0.3833	0.42
			0.8435	-0.3389	-0.4168
			-0.129	0.4919	0.861
			0.5464	-0.0907	-0.8326
		b:
			-221.4426
			-270.8628
			297.4755
			-264.3285
			533.4879
			-324.606
	==================================================================================
	Q2:
		Shape: Polyhedra
		q_c:	19.0	424.5	376.0
		ub :	24.9803	430.1429	381.6622
		lb :	13.0197	418.8571	370.3378
		A:
			0.2528	-0.7759	-0.578
			-0.5051	-0.2861	0.8143
			0.5309	0.7113	-0.4607
			0.8949	0.4461	0.0104
			-0.869	-0.2956	0.3969
			0.1363	0.9829	-0.1235
			0.66	0.7496	0.0503
			0.4485	-0.3394	-0.8268
			-0.6027	0.5683	-0.5602
			-0.66	-0.7496	-0.0503
			-0.4485	0.3394	0.8268
			0.6027	-0.5683	0.5602
		b:
			-538.7951
			178.2636
			141.5771
			212.8022
			9.7743
			376.8537
			351.6569
			-443.442
			24.6536
			-347.6569
			449.442
			-13.6536
	==================================================================================
	Q3:
		Shape: Polyhedra
		q_c:	34.5	440.5	386.0
		ub :	41.8101	448.1801	393.5273
		lb :	27.1899	432.8199	378.4727
		A:
			0.8139	0.3997	0.4217
			0.2454	-0.7966	-0.5524
			0.2356	0.8536	0.4645
			0.2303	0.3877	0.8925
			0.4951	0.1645	0.8531
			0.0676	0.991	0.1155
			0.033	0.707	0.7065
			0.2783	0.6724	-0.6859
			-0.9599	0.2192	-0.1746
			-0.033	-0.707	-0.7065
			-0.2783	-0.6724	0.6859
			0.9599	-0.2192	0.1746
		b:
			371.6358
			-552.6871
			566.7795
			526.6998
			423.2524
			488.1867
			587.7565
			48.0594
			1.5722
			-582.7565
			-34.0594
			9.4278
	==================================================================================
	Q4:
		Shape: Polyhedra
		q_c:	21.0	425.5	383.5
		ub :	29.002	430.1721	391.2945
		lb :	12.998	420.8279	375.7055
		A:
			-0.1541	-0.9805	0.1219
			-0.2901	0.782	-0.5517
			0.8845	-0.4594	-0.0811
			0.0018	0.9971	0.0757
			0.3264	-0.8539	0.4053
			0.2091	0.0799	-0.9746
			0.7761	0.3085	0.5501
			-0.1301	0.9317	-0.339
			-0.6171	0.1915	0.7632
			-0.7761	-0.3085	-0.5501
			0.1301	-0.9317	0.339
			0.6171	-0.1915	-0.7632
		b:
			-370.8489
			117.6837
			-203.2738
			456.3789
			-198.7196
			-330.5477
			364.5071
			265.7166
			366.2336
			-352.5071
			-261.7166
			-356.2336
	==================================================================================
	Q5:
		Shape: Polyhedra
		q_c:	17.0	430.0	372.0
		ub :	24.1622	436.717	379.0098
		lb :	9.8378	423.283	364.9902
		A:
			-0.6423	-0.1361	0.7543
			-0.0939	-0.7618	0.641
			-0.4089	0.9034	0.129
			-0.5989	0.5269	0.6031
			0.156	0.9395	0.3049
			0.4415	0.2111	-0.8721
			0.7591	0.5646	0.3239
			0.417	-0.8039	0.4241
			0.4999	-0.1869	-0.8457
			-0.7591	-0.5646	-0.3239
			-0.417	0.8039	-0.4241
			-0.4999	0.1869	0.8457
		b:
			215.5995
			-86.28
			433.989
			445.224
			524.3028
			-221.6692
			380.1901
			-176.3431
			-381.958
			-372.1901
			185.3431
			390.958
	==================================================================================
	Q6:
		Shape: Hybrid
		q_c:	22.0	439.0	370.5
		ub :	31.5406	448.9905	379.4816
		lb :	12.4594	429.0095	361.5184
		P^-1:
			0.0163	0.0027	0.0009
			0.0027	0.0263	0.0015
			0.0009	0.0015	0.0245
		A:
			0.7766	0.585	0.234
			0.0723	0.9889	-0.1301
			0.2531	0.2115	0.9441
			-0.215	-0.1208	-0.9691
			-0.4423	-0.0915	-0.8922
			0.2183	0.9626	-0.1603
		b:
			364.3749
			390.6996
			451.4843
			-413.465
			-376.917
			371.1752


===========================================================================================
===========================================================================================
S3:
	q_c:	438.5	257.0	49.5
	ub :	455.6341	270.691	70.4339
	lb :	429.4384	246.9364	38.6087

	==================================================================================
	Q1:
		Shape: Polyhedra
		q_c:	449.5	261.5	59.0
		ub :	455.6341	267.8359	63.7387
		lb :	443.3659	255.1641	54.2613
		A:
			0.7058	-0.6639	-0.2471
			0.2858	0.1153	0.9513
			0.2541	-0.154	0.9548
			-0.2171	-0.0479	-0.975
			-0.0982	-0.4605	-0.8822
			0.2676	0.6909	0.6716
			0.3567	0.1541	0.9214
			-0.9327	0.1145	0.3419
			-0.0529	-0.9814	0.1846
			-0.3567	-0.1541	-0.9214
			0.9327	-0.1145	-0.3419
			0.0529	0.9814	-0.1846
		b:
			134.555
			216.7964
			132.8922
			-165.4293
			-213.7695
			344.1327
			257.0048
			-363.6281
			-264.0005
			-253.0048
			374.6281
			275.0005
	==================================================================================
	Q2:
		Shape: Hybrid
		q_c:	437.0	253.0	64.5
		ub :	442.9963	259.0636	70.4339
		lb :	431.0037	246.9364	58.5661
		P^-1:
			0.0761	0.0079	0.0036
			0.0079	0.0671	0.0021
			0.0036	0.0021	0.0634
		A:
			0.5956	-0.2469	-0.7644
			-0.5831	-0.4298	0.6894
			-0.5245	-0.6691	0.5265
			-0.9282	-0.2346	-0.2887
			0.4615	0.6669	-0.5851
			0.9234	-0.0377	-0.382
		b:
			150.7143
			-316.9921
			-362.4772
			-481.8154
			334.7167
			371.3683
	==================================================================================
	Q3:
		Shape: Hybrid
		q_c:	441.5	265.5	53.0
		ub :	447.4567	270.691	59.2728
		lb :	435.5433	260.309	46.7272
		P^-1:
			0.0706	0.0125	0.0259
			0.0125	0.0881	0.0066
			0.0259	0.0066	0.0834
		A:
			-0.401	0.2214	0.8889
			-0.7283	-0.6839	-0.0423
			0.7302	-0.6409	0.2367
			-0.0858	0.0448	-0.9953
			-0.8458	-0.5019	0.1812
			-0.1569	0.9652	-0.2091
		b:
			-68.4425
			-503.431
			167.0758
			-76.6691
			-494.6667
			177.905
	==================================================================================
	Q4:
		Shape: Polyhedra
		q_c:	438.0	265.0	50.0
		ub :	443.0714	269.0134	54.5073
		lb :	432.9286	260.9866	45.4927
		A:
			-0.5616	-0.7549	0.3386
			0.773	0.6249	0.109
			-0.4991	0.8661	-0.0275
			-0.1602	-0.0349	-0.9865
			-0.3069	0.6718	0.6742
			-0.4244	-0.4995	-0.7552
			0.6068	0.0899	0.7898
			-0.7862	-0.0784	0.613
			0.117	-0.9929	0.0231
			-0.6068	-0.0899	-0.7898
			0.7862	0.0784	-0.613
			-0.117	0.9929	-0.0231
		b:
			-425.3627
			513.0068
			13.045
			-125.824
			80.8764
			-353.3105
			331.5924
			-330.4781
			-207.193
			-326.5924
			338.4781
			214.193
	==================================================================================
	Q5:
		Shape: Polyhedra
		q_c:	440.0	259.0	49.0
		ub :	444.9867	263.4488	53.5977
		lb :	435.0133	254.5512	44.4023
		A:
			0.0369	-0.2151	-0.9759
			0.0272	0.7532	-0.6572
			-0.4334	0.045	-0.9001
			0.7853	-0.5402	0.3026
			-0.2528	0.9619	0.1043
			-0.5854	0.6274	0.5135
			0.9738	0.1291	0.1871
			-0.0123	-0.7919	0.6106
			0.227	-0.5969	-0.7695
			-0.9738	-0.1291	-0.1871
			0.0123	0.7919	-0.6106
			-0.227	0.5969	0.7695
		b:
			-84.6126
			177.8565
			-219.7092
			224.3287
			145.7796
			-67.0206
			475.5855
			-177.6097
			-89.9152
			-466.5855
			183.6097
			94.9152
	==================================================================================
	Q6:
		Shape: Ellipse
		q_c:	436.5	254.5	45.5
		ub :	443.5616	260.7674	52.3913
		lb :	429.4384	248.2326	38.6087
		P^-1:
			0.0637	-0.0066	-0.0174
			-0.0066	0.0557	-0.0081
			-0.0174	-0.0081	0.0648


===========================================================================================
===========================================================================================
S4:
	q_c:	466.5	50.0	410.5
	ub :	476.9294	64.42	423.3065
	lb :	449.836	47.9151	393.9462

	==================================================================================
	Q1:
		Shape: Polyhedra
		q_c:	458.0	58.0	402.0
		ub :	466.164	64.42	410.0538
		lb :	449.836	51.58	393.9462
		A:
			-0.5237	0.6507	0.5499
			0.9059	-0.4216	-0.0411
			0.9406	-0.0144	-0.3391
			-0.4274	0.7726	-0.4695
			-0.1923	0.4507	-0.8717
			0.2759	0.2877	0.9171
			0.6391	0.5278	0.5594
			0.5329	-0.8284	0.1728
			0.5546	0.1876	-0.8107
			-0.6391	-0.5278	-0.5594
			-0.5329	0.8284	-0.1728
			-0.5546	-0.1876	0.8107
		b:
			23.3371
			377.9072
			298.7407
			-336.3617
			-407.6708
			517.2319
			553.7043
			268.4792
			-55.5319
			-542.7043
			-262.4792
			66.5319
	==================================================================================
	Q2:
		Shape: Polyhedra
		q_c:	471.5	55.5	413.0
		ub :	476.9294	61.9281	417.9226
		lb :	466.0706	49.0719	408.0774
		A:
			0.6442	0.0781	0.7609
			-0.2327	0.476	-0.8481
			-0.9858	-0.152	-0.0712
			0.5939	0.4476	0.6686
			-0.7873	-0.2418	-0.5672
			0.7037	-0.0104	0.7104
			0.637	0.2082	0.7422
			-0.6489	0.6646	0.3705
			-0.4161	-0.7176	0.5585
			-0.637	-0.2082	-0.7422
			0.6489	-0.6646	-0.3705
			0.4161	0.7176	-0.5585
		b:
			623.4624
			-430.1721
			-499.4183
			582.4703
			-617.4558
			626.0377
			619.4395
			-111.5402
			-0.8631
			-617.4395
			120.5402
			9.8631
	==================================================================================
	Q3:
		Shape: Polyhedra
		q_c:	464.0	53.5	410.5
		ub :	468.6774	58.094	416.2481
		lb :	459.3226	48.906	404.7519
		A:
			0.3459	-0.7707	-0.5351
			-0.8091	-0.4675	0.3561
			0.4036	0.8703	0.2822
			-0.6881	0.5803	-0.4357
			-0.9286	-0.2004	0.3123
			0.8831	-0.4631	0.0758
			0.8896	0.4288	0.1573
			0.4481	-0.8862	-0.1181
			0.0887	0.1755	-0.9805
			-0.8896	-0.4288	-0.1573
			-0.4481	0.8862	0.1181
			-0.0887	-0.1755	0.9805
		b:
			-97.2596
			-250.3033
			352.8551
			-463.6882
			-309.616
			419.0017
			503.7778
			114.5094
			-346.9154
			-496.7778
			-109.5094
			356.9154
	==================================================================================
	Q4:
		Shape: Polyhedra
		q_c:	472.5	52.5	411.0
		ub :	475.5216	57.0849	415.6049
		lb :	469.4784	47.9151	406.3951
		A:
			-0.4887	-0.7127	0.5032
			0.4495	-0.0102	-0.8932
			0.1732	0.8167	0.5504
			0.6635	-0.7077	-0.2427
			0.9936	-0.1082	0.0331
			0.2066	0.8363	0.5079
			0.927	0.1764	0.3309
			-0.0705	-0.7847	0.6159
			0.3683	-0.5943	-0.715
			-0.927	-0.1764	-0.3309
			0.0705	0.7847	-0.6159
			-0.3683	0.5943	0.715
		b:
			-58.2058
			-152.4212
			353.472
			179.1846
			479.4883
			352.7858
			585.2869
			182.1173
			-148.5157
			-581.2869
			-175.1173
			153.5157
	==================================================================================
	Q5:
		Shape: Polyhedra
		q_c:	466.0	56.5	412.5
		ub :	469.8614	60.7018	413.0873
		lb :	462.1386	52.2982	411.9127
		A:
			-0.1583	-0.2898	0.9439
			-0.0751	-0.1388	0.9875
			0.7827	0.1273	-0.6092
			0.0357	0.1873	0.9817
			-0.1933	0.1609	-0.9678
			0.0247	0.1612	-0.9866
			0.0153	0.0139	0.9998
			-0.2778	0.9606	-0.0091
			-0.9605	-0.2776	0.0186
			-0.0153	-0.0139	-0.9998
			0.2778	-0.9606	0.0091
			0.9605	0.2776	-0.0186
		b:
			300.4576
			365.261
			123.0855
			432.9181
			-479.2658
			-385.5935
			420.8293
			-75.4066
			-452.6331
			-419.8293
			82.4066
			458.6331
	==================================================================================
	Q6:
		Shape: Ellipse
		q_c:	462.5	57.5	417.5
		ub :	468.3616	63.7961	423.3065
		lb :	456.6384	51.2039	411.6935
		P^-1:
			0.0637	-0.0036	0.0028
			-0.0036	0.0737	-0.0087
			0.0028	-0.0087	0.0693


===========================================================================================
===========================================================================================
S5:
	q_c:	479.5	25.5	229.5
	ub :	487.8719	29.229	233.0241
	lb :	471.365	16.9059	220.3342

	==================================================================================
	Q1:
		Shape: Hybrid
		q_c:	474.5	25.0	226.5
		ub :	477.635	27.708	230.1183
		lb :	471.365	22.292	222.8817
		P^-1:
			0.3977	0.3791	0.0282
			0.3791	0.7531	0.0674
			0.0282	0.0674	0.1203
		A:
			0.6622	-0.728	0.1773
			-0.6539	-0.7238	0.2201
			0.2539	0.7958	0.5497
			0.483	-0.8391	0.2503
			0.2761	0.5914	0.7577
			-0.3754	-0.8927	0.2493
		b:
			338.2151
			-277.6998
			266.0817
			266.8274
			319.0966
			-143.0316
	==================================================================================
	Q2:
		Shape: Hybrid
		q_c:	484.0	21.5	226.0
		ub :	487.8719	26.0941	230.3428
		lb :	480.1281	16.9059	221.6572
		P^-1:
			0.1591	-0.0037	0.0055
			-0.0037	0.1454	0.0221
			0.0055	0.0221	0.1266
		A:
			-0.8336	-0.5065	0.2204
			0.973	-0.1997	0.1157
			0.1842	-0.6246	-0.7589
			-0.8692	-0.198	0.4532
			-0.4817	-0.801	0.3555
			0.4599	0.8688	-0.1837
		b:
			-363.1038
			494.0282
			-94.464
			-321.0676
			-168.4665
			201.2419
	==================================================================================
	Q3:
		Shape: Polyhedra
		q_c:	482.5	22.5	226.0
		ub :	486.2601	24.9638	229.8879
		lb :	478.7399	20.0362	222.1121
		A:
			-0.0176	-0.611	0.7914
			0.2075	-0.9713	0.1161
			0.2997	-0.3753	0.8771
			-0.2694	-0.961	0.0632
			-0.2499	0.9358	0.2487
			-0.338	0.8925	-0.2986
			0.7105	0.3903	0.5856
			-0.6659	0.1036	0.7388
			0.2277	-0.9148	0.3335
			-0.7105	-0.3903	-0.5856
			0.6659	-0.1036	-0.7388
			-0.2277	0.9148	-0.3335
		b:
			158.6776
			106.0929
			336.3595
			-135.6219
			-41.3883
			-208.9477
			485.9201
			-148.9716
			166.1646
			-481.9201
			154.9716
			-163.1646
	==================================================================================
	Q4:
		Shape: Polyhedra
		q_c:	484.0	21.0	229.5
		ub :	487.2035	24.3923	233.0241
		lb :	480.7965	17.6077	225.9759
		A:
			0.0384	-0.789	-0.6132
			-0.6181	0.1319	0.775
			-0.7519	-0.5014	-0.4282
			-0.1364	-0.5845	-0.7999
			-0.5797	-0.7932	0.1863
			-0.5157	-0.7744	-0.3666
			0.9101	0.1792	0.3736
			0.0415	-0.9365	0.3483
			0.4123	-0.3015	-0.8597
			-0.9101	-0.1792	-0.3736
			-0.0415	0.9365	-0.3483
			-0.4123	0.3015	0.8597
		b:
			-136.5185
			-116.4742
			-470.2199
			-259.6584
			-251.9827
			-347.5317
			532.4963
			82.839
			-2.0997
			-527.4963
			-77.839
			6.0997
	==================================================================================
	Q5:
		Shape: Polyhedra
		q_c:	483.5	27.0	227.0
		ub :	485.6554	29.229	229.7829
		lb :	481.3446	24.771	224.2171
		A:
			-0.8283	-0.2464	-0.5031
			-0.7636	0.0095	-0.6456
			0.7425	0.6375	0.2057
			0.4935	-0.3769	-0.7838
			0.0141	-0.6634	0.7482
			-0.5642	0.5126	-0.6473
			0.3532	0.3399	0.8716
			-0.935	0.0974	0.3409
			0.031	-0.9354	0.3522
			-0.3532	-0.3399	-0.8716
			0.935	-0.0974	-0.3409
			-0.031	0.9354	-0.3522
		b:
			-519.5157
			-513.6357
			424.6476
			52.2297
			160.3551
			-404.1767
			379.7983
			-370.578
			71.1901
			-375.7983
			373.578
			-68.1901
	==================================================================================
	Q6:
		Shape: Ellipse
		q_c:	482.0	21.5	223.0
		ub :	484.3392	23.9854	225.6658
		lb :	479.6608	19.0146	220.3342
		P^-1:
			0.4382	0.0315	-0.0132
			0.0315	0.2845	0.0673
			-0.0132	0.0673	0.4162


===========================================================================================
===========================================================================================
S6:
	q_c:	263.0	171.5	322.5
	ub :	269.5965	189.7759	337.2598
	lb :	246.6775	148.9606	310.1481

	==================================================================================
	Q1:
		Shape: Ellipse
		q_c:	257.0	156.0	322.5
		ub :	265.4064	163.0394	330.7945
		lb :	248.5936	148.9606	314.2055
		P^-1:
			0.0384	-0.0073	0.0174
			-0.0073	0.0603	0.0052
			0.0174	0.0052	0.05
	==================================================================================
	Q2:
		Shape: Hybrid
		q_c:	259.5	180.5	328.5
		ub :	268.2903	188.6625	337.2598
		lb :	250.7097	172.3375	319.7402
		P^-1:
			0.0341	-0.0102	-0.0022
			-0.0102	0.0483	-0.0148
			-0.0022	-0.0148	0.0438
		A:
			-0.4091	-0.8984	0.1594
			-0.78	0.6244	0.0422
			0.3151	0.4812	-0.818
			0.8401	-0.5135	0.1749
			0.0493	0.8928	-0.4478
			0.0606	0.3662	0.9286
		b:
			-212.5821
			-73.166
			-97.6782
			185.5224
			29.1765
			390.5864
	==================================================================================
	Q3:
		Shape: Polyhedra
		q_c:	251.5	169.5	315.5
		ub :	256.3225	174.3193	319.2234
		lb :	246.6775	164.6807	311.7766
		A:
			-0.1437	0.4349	-0.8889
			-0.2614	0.3873	-0.8841
			-0.5176	0.4963	-0.697
			-0.1354	0.3927	-0.9096
			-0.1312	-0.2837	0.9499
			-0.5264	-0.7934	0.3057
			0.1856	0.8441	0.5031
			-0.0656	0.5215	-0.8507
			-0.9804	0.1249	0.1522
			-0.1856	-0.8441	-0.5031
			0.0656	-0.5215	0.8507
			0.9804	-0.1249	-0.1522
		b:
			-241.7559
			-277.6262
			-263.8998
			-253.2592
			220.2492
			-167.0137
			352.9726
			-195.5147
			-173.4023
			-343.9726
			197.5147
			181.4023
	==================================================================================
	Q4:
		Shape: Ellipse
		q_c:	253.0	165.5	319.0
		ub :	257.9808	169.3969	323.4587
		lb :	248.0192	161.6031	314.5413
		P^-1:
			0.0728	-0.0027	0.027
			-0.0027	0.3058	-0.1676
			0.027	-0.1676	0.2394
	==================================================================================
	Q5:
		Shape: Polyhedra
		q_c:	256.5	182.0	319.0
		ub :	263.057	189.7759	326.3794
		lb :	249.943	174.2241	311.6206
		A:
			0.9973	-0.0193	0.0709
			-0.1922	0.6364	-0.7471
			0.9415	-0.2279	-0.2482
			0.0478	-0.7201	0.6922
			0.9195	0.016	0.3927
			0.2459	-0.6217	0.7436
			0.0462	0.5855	0.8094
			-0.6701	0.619	-0.4096
			-0.7408	-0.5234	0.4209
			-0.0462	-0.5855	-0.8094
			0.6701	-0.619	0.4096
			0.7408	0.5234	-0.4209
		b:
			279.4155
			-167.302
			125.3276
			106.5165
			368.5353
			191.6371
			381.088
			-185.3783
			-146.513
			-372.088
			194.3783
			155.513
	==================================================================================
	Q6:
		Shape: Ellipse
		q_c:	263.5	173.5	316.0
		ub :	269.5965	181.0204	321.8519
		lb :	257.4035	165.9796	310.1481
		P^-1:
			0.5263	-0.093	-0.4743
			-0.093	0.0506	0.0895
			-0.4743	0.0895	0.4892


===========================================================================================
===========================================================================================
