3D_45_11_6_b                l = 3

===========================================================================================
===========================================================================================
S1:
	q_c:	343.5	454.0	94.5
	ub :	357.9934	467.3085	100.6781
	lb :	331.1549	441.4052	80.4863

	==================================================================================
	Q1:
		Shape: Hybrid
		q_c:	351.5	450.0	90.0
		ub :	355.5666	454.8173	94.8931
		lb :	347.4334	445.1827	85.1069
		P^-1:
			0.1421	-0.0174	-0.0159
			-0.0174	0.1209	0.0089
			-0.0159	0.0089	0.1192
		A:
			0.8321	0.2267	-0.5063
			-0.9976	-0.0377	-0.0574
			-0.7835	-0.0289	0.6208
			-0.8404	0.5393	-0.0546
			0.8856	-0.1105	-0.4511
			0.2546	-0.8246	-0.5052
		b:
			350.3714
			-371.3191
			-231.1341
			-56.2657
			222.2777
			-325.6073
	==================================================================================
	Q2:
		Shape: Hybrid
		q_c:	352.0	447.0	87.0
		ub :	357.9934	451.8014	92.6747
		lb :	346.0066	442.1986	81.3253
		P^-1:
			0.0781	0.0001	0.0075
			0.0001	0.0816	-0.0003
			0.0075	-0.0003	0.0661
		A:
			-0.3049	-0.3302	0.8933
			-0.539	-0.7199	-0.4374
			-0.2464	0.7704	-0.588
			-0.3713	-0.77	0.5189
			-0.6986	0.4244	0.5761
			-0.3505	0.9065	0.2353
		b:
			-174.9975
			-547.7825
			208.3358
			-427.7959
			-3.9729
			304.1385
	==================================================================================
	Q3:
		Shape: Ellipse
		q_c:	349.5	465.0	92.5
		ub :	353.7252	467.3085	96.6884
		lb :	345.2748	462.6915	88.3116
		P^-1:
			0.257	-0.3168	0.0895
			-0.3168	0.7993	-0.1944
			0.0895	-0.1944	0.166
	==================================================================================
	Q4:
		Shape: Ellipse
		q_c:	337.0	446.5	91.0
		ub :	341.3804	451.5948	95.5602
		lb :	332.6196	441.4052	86.4398
		P^-1:
			0.1215	0.0369	-0.0131
			0.0369	0.1159	-0.0121
			-0.0131	-0.0121	0.0859
	==================================================================================
	Q5:
		Shape: Polyhedra
		q_c:	336.5	452.0	95.5
		ub :	341.8451	455.4269	100.6781
		lb :	331.1549	448.5731	90.3219
		A:
			-0.7562	-0.5954	-0.2715
			0.5227	0.3531	-0.776
			-0.0035	-0.1277	0.9918
			0.2086	0.5907	0.7794
			0.2047	0.3894	-0.898
			-0.4217	-0.1111	-0.8999
			0.3023	0.9177	0.2579
			0.6477	0.0007	-0.7619
			-0.6993	0.3974	-0.5942
			-0.3023	-0.9177	-0.2579
			-0.6477	-0.0007	0.7619
			0.6993	-0.3974	0.5942
		b:
			-546.8696
			264.3848
			39.2432
			414.2253
			162.4302
			-274.5792
			543.1455
			148.5076
			-108.4524
			-539.1455
			-142.5076
			116.4524
	==================================================================================
	Q6:
		Shape: Ellipse
		q_c:	347.0	457.0	88.0
		ub :	354.1537	463.0963	95.5137
		lb :	339.8463	450.9037	80.4863
		P^-1:
			0.0512	-0.0036	0.0027
			-0.0036	0.0567	-0.0054
			0.0027	-0.0054	0.0534


===========================================================================================
===========================================================================================
S2:
	q_c:	223.0	226.0	80.0
	ub :	239.2041	245.2492	86.6748
	lb :	209.7648	213.9346	66.8823

	==================================================================================
	Q1:
		Shape: Polyhedra
		q_c:	234.5	224.0	72.5
		ub :	239.2041	229.8318	78.1177
		lb :	229.7959	218.1682	66.8823
		A:
			-0.8969	0.4377	0.0631
			0.6839	-0.3807	-0.6224
			0.3075	-0.2452	0.9194
			0.8664	-0.4493	-0.2178
			-0.6364	0.7704	-0.0395
			-0.5074	-0.1395	-0.8503
			0.3644	0.7662	0.5294
			0.8442	-0.5117	0.1596
			0.3932	0.3887	-0.8333
			-0.3644	-0.7662	-0.5294
			-0.8442	0.5117	-0.1596
			-0.3932	-0.3887	0.8333
		b:
			-105.5975
			33.0756
			87.1772
			89.0633
			22.8954
			-208.0687
			299.9441
			96.906
			122.3619
			-290.9441
			-92.906
			-115.3619
	==================================================================================
	Q2:
		Shape: Ellipse
		q_c:	221.5	230.5	78.0
		ub :	228.8238	236.477	83.0007
		lb :	214.1762	224.523	72.9993
		P^-1:
			0.0504	0.0703	0.0551
			0.0703	0.2511	0.1881
			0.0551	0.1881	0.2201
	==================================================================================
	Q3:
		Shape: Hybrid
		q_c:	215.5	230.0	74.0
		ub :	220.9053	235.4996	78.2842
		lb :	210.0947	224.5004	69.7158
		P^-1:
			0.101	-0.0104	0.0297
			-0.0104	0.1004	0.0325
			0.0297	0.0325	0.1322
		A:
			0.6418	0.5623	0.5214
			0.29	0.8491	0.4416
			-0.0902	0.931	0.3538
			-0.2004	-0.3197	-0.9261
			0.2198	0.9581	-0.1834
			-0.3705	0.8389	-0.3988
		b:
			307.839
			292.1457
			222.555
			-183.9174
			256.5772
			85.6158
	==================================================================================
	Q4:
		Shape: Ellipse
		q_c:	216.5	238.5	76.5
		ub :	223.077	245.2492	81.1961
		lb :	209.923	231.7508	71.8039
		P^-1:
			0.0576	0.0142	-0.0252
			0.0142	0.074	-0.0438
			-0.0252	-0.0438	0.1272
	==================================================================================
	Q5:
		Shape: Polyhedra
		q_c:	218.0	221.0	80.0
		ub :	225.688	228.0654	86.6748
		lb :	210.312	213.9346	73.3252
		A:
			-0.7186	0.428	0.5481
			0.0255	-0.7609	0.6483
			0.7185	-0.5279	-0.453
			0.1742	-0.9773	0.1203
			0.2221	-0.793	0.5673
			0.0282	-0.6377	-0.7698
			0.6482	0.6791	0.3445
			-0.3354	-0.1516	0.9298
			0.6836	-0.7182	0.1295
			-0.6482	-0.6791	-0.3445
			0.3354	0.1516	-0.9298
			-0.6836	0.7182	-0.1295
		b:
			-13.2285
			-105.8033
			8.7229
			-163.6332
			-76.4925
			-191.8047
			322.9441
			-27.237
			5.6664
			-314.9441
			37.237
			4.3336
	==================================================================================
	Q6:
		Shape: Hybrid
		q_c:	214.5	232.0	72.5
		ub :	219.2352	236.9415	77.4606
		lb :	209.7648	227.0585	67.5394
		P^-1:
			0.2277	0.1364	-0.1486
			0.1364	0.2005	-0.0479
			-0.1486	-0.0479	0.2162
		A:
			-0.0587	-0.821	-0.5678
			0.0008	-0.4746	-0.8802
			0.1104	0.2947	-0.9492
			0.3551	0.7667	0.5349
			0.0713	-0.2892	-0.9546
			-0.4059	-0.6371	0.6552
		b:
			-242.4926
			-171.8981
			25.5117
			294.5684
			-119.1172
			-185.9632


===========================================================================================
===========================================================================================
S3:
	q_c:	266.5	57.5	124.0
	ub :	303.802	92.8197	157.8264
	lb :	241.2876	27.1316	94.552

	==================================================================================
	Q1:
		Shape: Ellipse
		q_c:	286.0	42.0	110.5
		ub :	302.1664	56.0898	122.7387
		lb :	269.8336	27.9102	98.2613
		P^-1:
			0.005	0.0014	-0.0001
			0.0014	0.0136	0.0
			-0.0001	0.0	0.0138
	==================================================================================
	Q2:
		Shape: Ellipse
		q_c:	286.5	67.0	139.0
		ub :	303.802	86.6076	157.8264
		lb :	269.198	47.3924	120.1736
		P^-1:
			0.0126	0.0027	-0.0055
			0.0027	0.0068	-0.001
			-0.0055	-0.001	0.0105
	==================================================================================
	Q3:
		Shape: Ellipse
		q_c:	271.5	45.5	117.5
		ub :	284.9324	55.8493	127.273
		lb :	258.0676	35.1507	107.727
		P^-1:
			0.0129	-0.0181	0.0119
			-0.0181	0.1326	-0.1165
			0.0119	-0.1165	0.1305
	==================================================================================
	Q4:
		Shape: Polyhedra
		q_c:	260.5	78.5	107.0
		ub :	276.1451	92.8197	119.448
		lb :	244.8549	64.1803	94.552
		A:
			-0.4228	-0.3858	0.82
			-0.0065	0.9633	-0.2685
			-0.2567	0.9644	-0.0641
			-0.6628	0.7207	-0.2033
			-0.6357	-0.1073	-0.7645
			0.6433	0.5053	-0.5752
			0.9187	0.3212	0.2297
			0.1755	-0.8532	0.4912
			0.3537	-0.411	-0.8402
			-0.9187	-0.3212	-0.2297
			-0.1755	0.8532	-0.4912
			-0.3537	0.411	0.8402
		b:
			-44.3489
			54.3984
			10.4976
			-128.2955
			-244.5439
			155.8775
			302.1225
			40.2816
			-24.0186
			-276.1225
			-22.2816
			36.0186
	==================================================================================
	Q5:
		Shape: Ellipse
		q_c:	258.0	41.5	120.5
		ub :	274.7124	55.8684	135.2319
		lb :	241.2876	27.1316	105.7681
		P^-1:
			0.0105	-0.0026	0.006
			-0.0026	0.0119	-0.0053
			0.006	-0.0053	0.0172
	==================================================================================
	Q6:
		Shape: Hybrid
		q_c:	287.0	40.5	130.0
		ub :	297.7258	45.1772	139.5036
		lb :	276.2742	35.8228	120.4964
		P^-1:
			0.038	-0.0103	0.0371
			-0.0103	0.1052	-0.0068
			0.0371	-0.0068	0.0595
		A:
			-0.5782	-0.0009	-0.8159
			0.5757	-0.1297	0.8073
			-0.5928	0.3989	-0.6996
			-0.2603	0.89	-0.3744
			0.4473	-0.1696	0.8782
			0.0336	-0.9027	-0.429
		b:
			-270.1339
			266.7853
			-243.1742
			-85.7888
			237.8725
			-80.1941


===========================================================================================
===========================================================================================
S4:
	q_c:	49.5	261.5	30.0
	ub :	57.2584	271.3911	37.6158
	lb :	43.6597	254.5054	24.0407

	==================================================================================
	Q1:
		Shape: Polyhedra
		q_c:	53.0	262.0	26.5
		ub :	56.3763	265.6062	28.8882
		lb :	49.6237	258.3938	24.1118
		A:
			-0.0966	0.5771	-0.8109
			0.2446	-0.773	0.5854
			-0.9668	0.2282	-0.1147
			-0.8921	0.4183	0.1708
			-0.8901	0.2859	0.355
			-0.508	0.014	-0.8613
			0.9265	0.3745	0.0357
			0.3615	-0.86	-0.3602
			-0.1042	0.3467	-0.9322
			-0.9265	-0.3745	-0.0357
			-0.3615	0.86	0.3602
			0.1042	-0.3467	0.9322
		b:
			126.1819
			-172.1972
			7.9337
			69.334
			39.6368
			-44.2523
			150.6725
			-213.2003
			62.1097
			-145.6725
			218.2003
			-59.1097
	==================================================================================
	Q2:
		Shape: Polyhedra
		q_c:	53.5	264.5	29.0
		ub :	57.2584	268.4496	32.4899
		lb :	49.7416	260.5504	25.5101
		A:
			0.843	0.016	-0.5377
			0.3124	0.3412	-0.8866
			0.7796	0.453	-0.4326
			-0.9018	0.182	-0.3921
			-0.4606	0.4897	-0.7403
			0.5742	0.61	-0.5461
			0.6437	0.6998	0.3097
			0.7591	-0.5327	-0.3741
			-0.0968	0.4759	-0.8742
			-0.6437	-0.6998	-0.3097
			-0.7591	0.5327	0.3741
			0.0968	-0.4759	0.8742
		b:
			36.4711
			83.4243
			151.274
			-9.0321
			85.5512
			178.3463
			230.5209
			-108.138
			97.3417
			-226.5209
			114.138
			-93.3417
	==================================================================================
	Q3:
		Shape: Ellipse
		q_c:	47.0	263.0	34.5
		ub :	50.3403	265.8518	37.6158
		lb :	43.6597	260.1482	31.3842
		P^-1:
			0.2988	-0.138	0.0344
			-0.138	0.2971	-0.0342
			0.0344	-0.0342	0.1685
	==================================================================================
	Q4:
		Shape: Ellipse
		q_c:	48.5	264.5	31.0
		ub :	52.5487	267.7595	35.1165
		lb :	44.4513	261.2405	26.8835
		P^-1:
			0.1825	0.0156	0.0676
			0.0156	0.2464	-0.0156
			0.0676	-0.0156	0.1822
	==================================================================================
	Q5:
		Shape: Polyhedra
		q_c:	49.0	257.5	27.5
		ub :	53.5851	260.4946	30.9593
		lb :	44.4149	254.5054	24.0407
		A:
			-0.919	-0.3089	-0.2451
			-0.1499	0.292	-0.9446
			0.6035	0.0587	0.7952
			0.5063	0.802	0.317
			0.4335	-0.8784	-0.2013
			0.4682	-0.497	0.7306
			0.3062	0.3417	0.8885
			-0.9409	-0.0335	0.3371
			0.145	-0.9392	0.3112
			-0.3062	-0.3417	-0.8885
			0.9409	0.0335	-0.3371
			-0.145	0.9392	-0.3112
		b:
			-128.0139
			43.8984
			68.5211
			242.4339
			-207.7013
			-82.7116
			128.9238
			-41.4605
			-223.6858
			-125.9238
			49.4605
			228.6858
	==================================================================================
	Q6:
		Shape: Polyhedra
		q_c:	50.5	268.0	35.0
		ub :	53.6335	271.3911	37.3231
		lb :	47.3665	264.6089	32.6769
		A:
			-0.2013	-0.9407	-0.2732
			0.0922	0.2329	0.9681
			0.0847	0.6987	0.7104
			0.1099	0.8451	0.5231
			-0.3567	0.4033	0.8427
			-0.7211	-0.6048	0.338
			0.7962	0.6004	0.0744
			0.6048	-0.7929	-0.0741
			0.0145	0.104	-0.9945
			-0.7962	-0.6004	-0.0744
			-0.6048	0.7929	0.0741
			-0.0145	-0.104	0.9945
		b:
			-269.6022
			102.9808
			218.5659
			252.5774
			121.7433
			-184.6661
			205.7246
			-182.0458
			-4.1955
			-201.7246
			187.0458
			8.1955


===========================================================================================
===========================================================================================
S5:
	q_c:	426.0	386.0	58.5
	ub :	449.5629	411.0906	90.9728
	lb :	397.3669	363.3114	39.6975

	==================================================================================
	Q1:
		Shape: Polyhedra
		q_c:	431.0	396.0	65.5
		ub :	443.8203	411.0906	78.895
		lb :	418.1797	380.9094	52.105
		A:
			0.356	0.3037	-0.8838
			-0.7217	-0.5677	-0.3961
			-0.438	0.752	0.4926
			-0.9891	-0.1366	0.0552
			-0.5527	-0.3071	0.7747
			-0.5344	-0.6258	-0.5681
			0.3669	0.6061	0.7057
			-0.7871	-0.2021	0.5827
			0.4958	-0.7693	0.403
			-0.3669	-0.6061	-0.7057
			0.7871	0.2021	-0.5827
			-0.4958	0.7693	-0.403
		b:
			222.8122
			-554.267
			150.4149
			-469.9111
			-303.1687
			-507.4826
			452.3667
			-376.1013
			-52.5546
			-436.3667
			386.1013
			76.5546
	==================================================================================
	Q2:
		Shape: Ellipse
		q_c:	433.0	394.0	78.5
		ub :	443.1484	406.2288	90.9728
		lb :	422.8516	381.7712	66.0272
		P^-1:
			0.0236	0.0029	0.0025
			0.0029	0.0159	0.0054
			0.0025	0.0054	0.0211
	==================================================================================
	Q3:
		Shape: Ellipse
		q_c:	411.5	392.5	62.0
		ub :	425.6331	405.3269	76.6083
		lb :	397.3669	379.6731	47.3917
		P^-1:
			0.0138	-0.0	-0.0
			-0.0	0.0138	0.0
			-0.0	0.0	0.0138
	==================================================================================
	Q4:
		Shape: Polyhedra
		q_c:	425.0	373.5	48.5
		ub :	433.45	382.229	53.8152
		lb :	416.55	364.771	43.1848
		A:
			-0.8758	-0.4209	-0.2363
			0.462	-0.7904	-0.4023
			0.9068	0.3025	-0.2935
			0.5258	0.8205	0.2245
			-0.0558	-0.7571	-0.6509
			0.1454	0.9329	-0.3295
			0.7718	0.5912	0.2342
			0.5939	-0.8018	0.0665
			0.2271	0.0878	-0.9699
			-0.7718	-0.5912	-0.2342
			-0.5939	0.8018	-0.0665
			-0.2271	-0.0878	0.9699
		b:
			-536.6756
			-111.4816
			488.5213
			545.3012
			-332.8482
			400.1318
			564.1718
			-36.3158
			86.2631
			-556.1718
			51.3158
			-78.2631
	==================================================================================
	Q5:
		Shape: Hybrid
		q_c:	434.0	372.5	47.0
		ub :	441.7441	381.5487	54.3025
		lb :	426.2559	363.4513	39.6975
		P^-1:
			0.2335	0.044	-0.2069
			0.044	0.0326	-0.0447
			-0.2069	-0.0447	0.2224
		A:
			0.9546	-0.2251	-0.1949
			-0.8001	-0.2462	0.547
			-0.9383	0.035	0.3441
			0.6769	-0.0947	-0.73
			-0.4554	-0.3303	0.8267
			-0.712	-0.4303	0.5549
		b:
			324.8785
			-412.0017
			-375.4763
			225.6358
			-279.9771
			-441.439
	==================================================================================
	Q6:
		Shape: Ellipse
		q_c:	439.0	373.0	67.0
		ub :	449.5629	382.6886	76.1043
		lb :	428.4371	363.3114	57.8957
		P^-1:
			0.0648	0.0701	0.0634
			0.0701	0.122	0.093
			0.0634	0.093	0.0934


===========================================================================================
===========================================================================================
S6:
	q_c:	172.0	264.0	415.5
	ub :	185.2705	277.7431	430.9863
	lb :	163.8187	255.3504	406.0764

	==================================================================================
	Q1:
		Shape: Polyhedra
		q_c:	169.5	264.0	411.0
		ub :	173.871	268.2611	415.9236
		lb :	165.129	259.7389	406.0764
		A:
			0.4754	-0.8622	0.1749
			-0.1673	-0.0246	-0.9856
			0.1964	0.9613	0.1934
			-0.4127	-0.7326	0.5412
			0.1866	-0.3453	0.9198
			0.6855	0.0102	-0.728
			0.6419	0.2429	0.7273
			0.0281	0.9404	-0.3388
			-0.7663	0.2379	0.5968
			-0.6419	-0.2429	-0.7273
			-0.0281	-0.9404	0.3388
			0.7663	-0.2379	-0.5968
		b:
			-72.0938
			-437.148
			369.4552
			-37.7975
			321.3211
			-176.8629
			474.3548
			116.7814
			181.6968
			-469.3548
			-110.7814
			-174.6968
	==================================================================================
	Q2:
		Shape: Ellipse
		q_c:	177.0	268.0	423.0
		ub :	180.2059	273.6892	428.9899
		lb :	173.7941	262.3108	417.0101
		P^-1:
			0.8058	-0.3654	-0.105
			-0.3654	0.2379	0.0579
			-0.105	0.0579	0.0682
	==================================================================================
	Q3:
		Shape: Ellipse
		q_c:	174.0	262.5	424.5
		ub :	180.5496	268.3461	430.9863
		lb :	167.4504	256.6539	418.0137
		P^-1:
			0.0724	-0.0174	0.0253
			-0.0174	0.051	-0.0189
			0.0253	-0.0189	0.0771
	==================================================================================
	Q4:
		Shape: Ellipse
		q_c:	181.5	268.5	414.0
		ub :	185.2705	270.2774	417.6077
		lb :	177.7295	266.7226	410.3923
		P^-1:
			0.2434	-0.0041	0.1803
			-0.0041	0.4444	0.0037
			0.1803	0.0037	0.2827
	==================================================================================
	Q5:
		Shape: Polyhedra
		q_c:	171.0	270.5	413.5
		ub :	178.1813	277.7431	420.2317
		lb :	163.8187	263.2569	406.7683
		A:
			0.4017	0.5985	0.6932
			-0.0902	-0.8477	0.5227
			0.1283	0.9104	-0.3933
			-0.476	0.6694	-0.5704
			0.5581	0.8279	0.0552
			-0.9912	-0.1073	-0.0774
			0.2715	0.7967	0.54
			0.365	0.4339	-0.8237
			-0.8905	0.4208	-0.173
			-0.2715	-0.7967	-0.54
			-0.365	-0.4339	0.8237
			0.8905	-0.4208	0.173
		b:
			521.269
			-24.0767
			109.97
			-131.3318
			346.3833
			-225.7282
			489.2171
			-156.3011
			-105.0042
			-481.2171
			165.3011
			115.0042
	==================================================================================
	Q6:
		Shape: Ellipse
		q_c:	175.5	263.5	421.5
		ub :	183.2371	271.6496	428.3083
		lb :	167.7629	255.3504	414.6917
		P^-1:
			0.0377	-0.0056	0.0027
			-0.0056	0.0474	-0.0196
			0.0027	-0.0196	0.0696


===========================================================================================
===========================================================================================
S7:
	q_c:	150.5	310.0	195.5
	ub :	174.3293	336.4535	218.3852
	lb :	139.9317	293.7989	181.5154

	==================================================================================
	Q1:
		Shape: Polyhedra
		q_c:	156.5	299.0	209.5
		ub :	162.944	304.2011	215.8643
		lb :	150.056	293.7989	203.1357
		A:
			-0.9784	0.1529	-0.1392
			-0.629	0.7525	0.1953
			-0.679	0.5505	0.4856
			-0.9218	0.3696	0.1169
			0.1247	0.9915	-0.0374
			0.473	-0.8501	-0.2314
			0.5981	0.4085	0.6895
			-0.5908	-0.3566	0.7237
			0.5415	-0.8402	0.028
			-0.5981	-0.4085	-0.6895
			0.5908	0.3566	-0.7237
			-0.5415	0.8402	-0.028
		b:
			-132.4292
			169.5654
			162.5848
			-6.3386
			311.5482
			-226.2353
			366.188
			-44.4647
			-158.6089
			-354.188
			50.4647
			162.6089
	==================================================================================
	Q2:
		Shape: Ellipse
		q_c:	154.0	311.0	199.0
		ub :	163.7319	322.7928	211.5961
		lb :	144.2681	299.2072	186.4039
		P^-1:
			0.0217	-0.0019	0.0029
			-0.0019	0.0178	0.0
			0.0029	0.0	0.0176
	==================================================================================
	Q3:
		Shape: Hybrid
		q_c:	160.0	322.0	207.0
		ub :	167.0821	328.3848	212.7018
		lb :	152.9179	315.6152	201.2982
		P^-1:
			0.0374	-0.0007	0.0123
			-0.0007	0.1212	-0.0985
			0.0123	-0.0985	0.1738
		A:
			0.6721	0.1442	-0.7263
			0.5326	-0.3726	0.7599
			-0.9198	-0.1743	-0.3516
			-0.389	0.4616	-0.7972
			0.4309	-0.5176	0.7392
			-0.9635	0.2447	-0.1089
		b:
			7.0612
			124.6255
			-272.2391
			-77.0255
			57.0514
			-93.7067
	==================================================================================
	Q4:
		Shape: Ellipse
		q_c:	146.0	306.5	210.5
		ub :	152.0683	314.6807	218.3852
		lb :	139.9317	298.3193	202.6148
		P^-1:
			0.0691	-0.0192	-0.0091
			-0.0192	0.0428	0.0065
			-0.0091	0.0065	0.0306
	==================================================================================
	Q5:
		Shape: Polyhedra
		q_c:	165.0	324.0	191.0
		ub :	174.3293	330.2099	200.4846
		lb :	155.6707	317.7901	181.5154
		A:
			-0.1868	-0.6817	-0.7073
			0.4646	-0.6321	-0.6202
			-0.4048	0.5814	0.7057
			0.0562	-0.8849	-0.4623
			0.7894	-0.5158	0.333
			-0.2246	0.7466	0.6262
			0.7414	0.0225	0.6707
			-0.6036	-0.4146	0.6811
			0.2934	-0.9097	-0.2938
			-0.7414	-0.0225	-0.6707
			0.6036	0.4146	-0.6811
			-0.2934	0.9097	0.2938
		b:
			-382.3779
			-242.1655
			261.0187
			-362.0463
			31.6062
			328.4356
			263.219
			-96.8345
			-298.9588
			-252.219
			110.8345
			305.9588
	==================================================================================
	Q6:
		Shape: Ellipse
		q_c:	163.0	327.0	201.5
		ub :	171.9991	336.4535	210.4339
		lb :	154.0009	317.5465	192.5661
		P^-1:
			0.0659	0.002	-0.0442
			0.002	0.0268	0.0101
			-0.0442	0.0101	0.0671


===========================================================================================
===========================================================================================
S8:
	q_c:	193.0	401.0	351.5
	ub :	208.891	407.9249	367.764
	lb :	177.028	382.5733	336.4663

	==================================================================================
	Q1:
		Shape: Ellipse
		q_c:	204.5	387.0	361.0
		ub :	208.891	390.9493	365.8843
		lb :	200.109	383.0507	356.1157
		P^-1:
			0.2135	-0.1402	-0.0119
			-0.1402	0.3176	0.1061
			-0.0119	0.1061	0.1358
	==================================================================================
	Q2:
		Shape: Hybrid
		q_c:	182.5	401.5	350.0
		ub :	187.972	407.9249	356.523
		lb :	177.028	395.0751	343.477
		P^-1:
			0.0811	-0.0035	0.0021
			-0.0035	0.0586	0.0142
			0.0021	0.0142	0.0729
		A:
			0.2936	0.6425	-0.7078
			0.8664	-0.2445	0.4354
			0.6211	-0.774	0.1234
			-0.9642	-0.2617	-0.0429
			-0.0736	-0.8521	0.5181
			0.7223	0.5153	0.4613
		b:
			66.4712
			214.1916
			-152.0314
			-294.1922
			-171.4813
			501.9835
	==================================================================================
	Q3:
		Shape: Hybrid
		q_c:	188.5	392.0	344.0
		ub :	197.5569	401.4267	351.5337
		lb :	179.4431	382.5733	336.4663
		P^-1:
			0.0302	0.0007	-0.0136
			0.0007	0.0497	-0.0404
			-0.0136	-0.0404	0.0821
		A:
			0.1444	0.5342	-0.833
			-0.3729	-0.0717	0.9251
			0.0543	-0.3985	-0.9156
			0.5382	0.3672	-0.7586
			-0.2835	-0.2844	0.9158
			-0.6238	-0.2484	0.741
		b:
			-48.4165
			222.3521
			-456.347
			-13.3874
			152.0205
			42.3909
	==================================================================================
	Q4:
		Shape: Polyhedra
		q_c:	187.5	396.0	357.5
		ub :	195.3254	403.2914	364.1633
		lb :	179.6746	388.7086	350.8367
		A:
			-0.3496	0.0839	0.9331
			-0.3966	0.5353	-0.7457
			-0.1671	-0.7604	0.6276
			0.1796	-0.4792	0.8591
			-0.1135	-0.729	0.6751
			-0.3517	0.3804	-0.8554
			0.2812	0.8135	0.5091
			0.9462	-0.1463	-0.2887
			-0.1604	0.5629	-0.8108
			-0.2812	-0.8135	-0.5091
			-0.9462	0.1463	0.2887
			0.1604	-0.5629	0.8108
		b:
			306.1582
			-126.5482
			-104.8464
			153.1369
			-65.7283
			-218.5449
			563.3662
			22.2345
			-95.0309
			-550.3662
			-10.2345
			99.0309
	==================================================================================
	Q5:
		Shape: Polyhedra
		q_c:	195.5	398.0	361.0
		ub :	202.2031	403.8723	367.764
		lb :	188.7969	392.1277	354.236
		A:
			-0.6081	-0.7536	-0.2494
			-0.5806	0.6426	0.5
			-0.9589	0.1863	-0.2141
			0.5729	0.0417	0.8186
			0.387	0.8952	-0.2212
			-0.4536	-0.6585	0.6005
			0.5836	0.614	0.5314
			-0.6977	0.0443	0.7151
			0.4155	-0.7881	0.4542
			-0.5836	-0.614	-0.5314
			0.6977	-0.0443	-0.7151
			-0.4155	0.7881	-0.4542
		b:
			-505.2957
			326.832
			-186.4979
			427.9631
			356.1165
			-129.8233
			553.8023
			143.3655
			-63.983
			-546.8023
			-135.3655
			72.983
	==================================================================================
	Q6:
		Shape: Polyhedra
		q_c:	195.0	402.5	344.0
		ub :	201.2475	407.845	350.4988
		lb :	188.7525	397.155	337.5012
		A:
			-0.7535	0.2171	0.6205
			0.9049	0.4191	-0.0745
			-0.0522	0.8735	0.484
			-0.8944	-0.4106	-0.1775
			-0.827	-0.5617	0.0233
			0.5627	-0.8218	0.0898
			0.5032	0.7721	0.3881
			-0.5081	0.6276	-0.5898
			-0.699	0.0997	0.7082
			-0.5032	-0.7721	-0.3881
			0.5081	-0.6276	0.5898
			0.699	-0.0997	-0.7082
		b:
			157.4568
			322.3449
			510.7252
			-397.881
			-376.7885
			-185.1865
			544.3987
			-43.8706
			150.9226
			-540.3987
			54.8706
			-143.9226


===========================================================================================
===========================================================================================
S9:
	q_c:	63.0	156.0	347.0
	ub :	91.6769	176.2156	366.0188
	lb :	41.7047	138.0921	320.4213

	==================================================================================
	Q1:
		Shape: Hybrid
		q_c:	60.5	154.5	354.5
		ub :	70.6638	165.193	366.0188
		lb :	50.3362	143.807	342.9812
		P^-1:
			0.0344	0.0134	0.0107
			0.0134	0.0302	0.0022
			0.0107	0.0022	0.0222
		A:
			-0.1845	-0.9145	-0.36
			0.3455	-0.0629	0.9363
			0.6586	-0.4334	-0.6152
			0.2895	-0.4918	-0.8212
			0.7381	-0.4995	0.4536
			-0.9885	-0.1262	-0.083
		b:
			-276.2864
			347.1962
			-238.9604
			-343.714
			132.4932
			-105.1255
	==================================================================================
	Q2:
		Shape: Polyhedra
		q_c:	52.5	148.0	346.5
		ub :	61.1017	157.9079	355.7004
		lb :	43.8983	138.0921	337.2996
		A:
			0.8184	0.3124	-0.4823
			0.8424	0.2546	-0.4749
			0.8931	0.4203	0.1602
			-0.6886	0.694	-0.2102
			-0.1058	0.9273	-0.3592
			0.4833	0.67	0.5634
			0.1104	0.6428	0.7581
			0.3864	0.675	-0.6286
			-0.9157	0.3623	-0.1739
			-0.1104	-0.6428	-0.7581
			-0.3864	-0.675	0.6286
			0.9157	-0.3623	0.1739
		b:
			-72.4011
			-77.043
			170.7258
			0.0872
			12.791
			326.1652
			370.0966
			-92.6149
			-48.1934
			-357.0966
			102.6149
			61.1934
	==================================================================================
	Q3:
		Shape: Hybrid
		q_c:	73.5	153.0	355.0
		ub :	80.8686	161.034	364.1988
		lb :	66.1314	144.966	345.8012
		P^-1:
			0.0541	-0.0323	-0.0137
			-0.0323	0.0749	0.0282
			-0.0137	0.0282	0.0356
		A:
			-0.4204	0.7868	0.4519
			-0.5615	0.4799	0.6741
			-0.2517	0.9582	-0.1358
			-0.1717	0.7792	0.6028
			-0.7899	0.5548	0.2612
			-0.7334	0.6778	0.052
		b:
			251.4475
			273.8762
			83.133
			322.6593
			121.4655
			70.3653
	==================================================================================
	Q4:
		Shape: Ellipse
		q_c:	78.5	165.0	352.5
		ub :	91.6769	176.2156	364.4897
		lb :	65.3231	153.7844	340.5103
		P^-1:
			0.0157	-0.0091	0.004
			-0.0091	0.0346	-0.0158
			0.004	-0.0158	0.0258
	==================================================================================
	Q5:
		Shape: Hybrid
		q_c:	52.5	143.0	332.0
		ub :	63.2953	147.6629	343.5787
		lb :	41.7047	138.3371	320.4213
		P^-1:
			0.0273	0.0191	-0.0111
			0.0191	0.104	-0.0134
			-0.0111	-0.0134	0.0186
		A:
			-0.672	-0.7009	0.2391
			-0.4516	0.7865	-0.4212
			0.316	-0.5728	-0.7564
			-0.6439	-0.763	-0.0563
			-0.1199	0.9038	0.4107
			0.4256	0.4269	-0.7979
		b:
			-53.4843
			-46.1386
			-311.3062
			-158.1684
			262.7401
			-177.1379
	==================================================================================
	Q6:
		Shape: Ellipse
		q_c:	73.0	163.5	337.0
		ub :	80.8854	171.5929	344.4268
		lb :	65.1146	155.4071	329.5732
		P^-1:
			0.0953	-0.0706	0.0125
			-0.0706	0.0782	-0.0112
			0.0125	-0.0112	0.0225


===========================================================================================
===========================================================================================
S10:
	q_c:	405.5	383.0	489.0
	ub :	412.7575	389.0183	492.0309
	lb :	402.1193	376.6939	483.3896

	==================================================================================
	Q1:
		Shape: Polyhedra
		q_c:	404.5	384.0	490.0
		ub :	406.8559	385.9678	492.0309
		lb :	402.1441	382.0322	487.9691
		A:
			-0.51	-0.661	0.5505
			-0.414	0.876	-0.2475
			0.5828	0.549	-0.5992
			0.1801	0.6249	-0.7596
			-0.6872	0.719	-0.1043
			-0.3183	-0.6906	-0.6494
			0.8649	0.3193	0.3873
			-0.1458	-0.5785	0.8026
			0.4803	-0.7506	-0.4538
			-0.8649	-0.3193	-0.3873
			0.1458	0.5785	-0.8026
			-0.4803	0.7506	0.4538
		b:
			-189.1201
			48.6925
			154.2152
			-58.3889
			-51.754
			-710.5284
			664.2463
			113.1535
			-315.2716
			-660.2463
			-111.1535
			317.2716
	==================================================================================
	Q2:
		Shape: Polyhedra
		q_c:	407.0	385.0	487.5
		ub :	409.8981	387.2661	489.5549
		lb :	404.1019	382.7339	485.4451
		A:
			0.1293	0.9569	-0.2599
			-0.0036	-0.7352	0.6778
			-0.4071	-0.4812	0.7764
			0.7032	-0.4771	-0.5271
			-0.6908	0.7206	0.0592
			0.1253	0.9651	-0.23
			0.8166	0.5385	0.2078
			0.5362	-0.841	0.0721
			0.2136	0.0526	-0.9755
			-0.8166	-0.5385	-0.2078
			-0.5362	0.841	-0.0721
			-0.2136	-0.0526	0.9755
		b:
			296.0254
			47.3039
			29.2429
			-153.1062
			26.2511
			312.1059
			643.4942
			-69.406
			-366.8743
			-638.4942
			71.406
			369.8743
	==================================================================================
	Q3:
		Shape: Ellipse
		q_c:	404.0	386.0	485.5
		ub :	405.8807	388.2187	487.6104
		lb :	402.1193	383.7813	483.3896
		P^-1:
			0.7341	-0.2628	-0.0892
			-0.2628	0.6829	0.0809
			-0.0892	0.0809	0.4719
	==================================================================================
	Q4:
		Shape: Hybrid
		q_c:	407.5	382.5	487.0
		ub :	409.6884	384.2797	489.1227
		lb :	405.3116	380.7203	484.8773
		P^-1:
			1.3383	-1.6629	0.3628
			-1.6629	2.7908	-0.5544
			0.3628	-0.5544	0.3709
		A:
			-0.4269	0.6538	-0.6248
			-0.4706	0.8573	-0.2087
			-0.3182	0.9159	-0.2446
			0.2872	-0.8117	-0.5087
			0.4931	-0.8402	0.2256
			-0.7876	-0.1526	-0.5969
		b:
			-227.3744
			34.7961
			101.9955
			-440.0044
			-10.3046
			-668.4501
	==================================================================================
	Q5:
		Shape: Polyhedra
		q_c:	409.0	385.5	488.0
		ub :	411.79	389.0183	491.3997
		lb :	406.21	381.9817	484.6003
		A:
			0.7986	-0.0198	0.6015
			0.875	0.1912	0.4447
			0.8348	-0.4792	-0.2712
			0.138	0.8	0.584
			0.8786	0.4655	-0.1065
			0.4026	-0.1332	-0.9056
			0.6133	0.4634	0.6397
			-0.124	-0.7433	0.6573
			0.7801	-0.4824	-0.3984
			-0.6133	-0.4634	-0.6397
			0.124	0.7433	-0.6573
			-0.7801	0.4824	0.3984
		b:
			614.2272
			650.1951
			26.35
			651.5174
			488.757
			-326.5493
			743.1205
			-13.9872
			-59.3384
			-740.1205
			18.9872
			63.3384
	==================================================================================
	Q6:
		Shape: Ellipse
		q_c:	409.5	380.0	487.0
		ub :	412.7575	383.3061	490.3493
		lb :	406.2425	376.6939	483.6507
		P^-1:
			0.25	-0.0	-0.0
			-0.0	0.25	-0.0
			-0.0	-0.0	0.25


===========================================================================================
===========================================================================================
S11:
	q_c:	425.5	24.0	28.5
	ub :	428.6867	26.9455	31.1882
	lb :	424.8715	23.0585	26.2885

	==================================================================================
	Q1:
		Shape: Ellipse
		q_c:	426.0	24.5	27.5
		ub :	426.8931	25.2237	28.6209
		lb :	425.1069	23.7763	26.3791
		P^-1:
			3.8753	-0.0123	0.5986
			-0.0123	3.9988	0.0589
			0.5986	0.0589	1.1259
	==================================================================================
	Q2:
		Shape: Ellipse
		q_c:	426.0	24.0	30.0
		ub :	427.1118	24.9415	31.1882
		lb :	424.8882	23.0585	28.8118
		P^-1:
			3.2281	-0.3938	1.2509
			-0.3938	3.7991	0.6382
			1.2509	0.6382	1.9728
	==================================================================================
	Q3:
		Shape: Ellipse
		q_c:	427.0	25.0	27.5
		ub :	428.4267	26.4181	28.4996
		lb :	425.5733	23.5819	26.5004
		P^-1:
			1.1035	0.1893	0.5136
			0.1893	1.3464	0.9399
			0.5136	0.9399	3.5501
	==================================================================================
	Q4:
		Shape: Hybrid
		q_c:	426.5	25.0	28.5
		ub :	428.1285	26.3593	30.0329
		lb :	424.8715	23.6407	26.9671
		P^-1:
			1.0	-0.0	0.0
			-0.0	1.0	-0.0
			0.0	-0.0	1.0
		A:
			-0.2496	0.9295	-0.2715
			-0.9715	0.102	-0.2142
			-0.2183	0.1564	-0.9633
			0.8966	-0.4068	0.1751
			0.518	0.8063	-0.2856
			-0.8194	0.5618	0.1135
		b:
			-90.4558
			-417.3812
			-116.1408
			377.7099
			233.4429
			-331.7036
	==================================================================================
	Q5:
		Shape: Hybrid
		q_c:	427.5	26.0	29.0
		ub :	428.6867	26.9455	30.0775
		lb :	426.3133	25.0545	27.9225
		P^-1:
			1.7137	1.275	-0.0773
			1.275	3.2779	-0.138
			-0.0773	-0.138	1.0084
		A:
			0.9229	0.3347	-0.1902
			-0.3094	-0.8612	-0.4033
			-0.1641	-0.9504	0.2644
			-0.4026	-0.6961	0.5944
			-0.2323	-0.8864	0.4003
			-0.3653	0.9209	-0.1362
		b:
			398.2561
			-165.9479
			-86.8276
			-172.5311
			-110.3885
			-135.5662
	==================================================================================
	Q6:
		Shape: Hybrid
		q_c:	427.0	25.5	27.5
		ub :	428.0608	26.2871	28.7115
		lb :	425.9392	24.7129	26.2885
		P^-1:
			3.4148	0.1241	1.1822
			0.1241	3.9737	-0.2506
			1.1822	-0.2506	1.6115
		A:
			-0.4728	0.3249	-0.8191
			-0.9735	0.0014	-0.2288
			-0.6684	0.7379	0.0933
			-0.0719	-0.9283	-0.3647
			-0.8363	0.4883	-0.2495
			0.0829	0.7204	-0.6886
		b:
			-215.7364
			-421.6387
			-263.6404
			-64.0337
			-351.2215
			35.2758


===========================================================================================
===========================================================================================
