3D_45_9_6_a                l = 3

===========================================================================================
===========================================================================================
S1:
	q_c:	239.0	464.0	344.0
	ub :	258.2053	481.2257	359.2721
	lb :	216.4641	446.3631	325.7313

	==================================================================================
	Q1:
		Shape: Ellipse
		q_c:	239.0	453.5	351.5
		ub :	245.1123	460.6369	359.2286
		lb :	232.8877	446.3631	343.7714
		P^-1:
			0.0401	-0.0014	-0.0005
			-0.0014	0.0397	0.0079
			-0.0005	0.0079	0.0426
	==================================================================================
	Q2:
		Shape: Ellipse
		q_c:	230.0	466.5	332.0
		ub :	236.1979	472.7359	338.2687
		lb :	223.8021	460.2641	325.7313
		P^-1:
			0.0424	-0.0037	-0.006
			-0.0037	0.0693	-0.0105
			-0.006	-0.0105	0.0725
	==================================================================================
	Q3:
		Shape: Ellipse
		q_c:	248.0	471.5	339.5
		ub :	258.2053	481.2257	347.4625
		lb :	237.7947	461.7743	331.5375
		P^-1:
			0.0269	0.0024	-0.002
			0.0024	0.0255	-0.0007
			-0.002	-0.0007	0.0321
	==================================================================================
	Q4:
		Shape: Ellipse
		q_c:	231.5	459.0	351.5
		ub :	239.3555	468.0699	359.2721
		lb :	223.6445	449.9301	343.7279
		P^-1:
			0.0734	0.032	-0.0545
			0.032	0.0492	-0.0402
			-0.0545	-0.0402	0.0888
	==================================================================================
	Q5:
		Shape: Ellipse
		q_c:	228.0	473.5	350.5
		ub :	233.1435	481.0816	357.8858
		lb :	222.8565	465.9184	343.1142
		P^-1:
			0.0814	-0.0027	-0.0019
			-0.0027	0.0454	-0.0251
			-0.0019	-0.0251	0.0643
	==================================================================================
	Q6:
		Shape: Ellipse
		q_c:	226.0	466.0	337.0
		ub :	235.5359	473.3992	346.3142
		lb :	216.4641	458.6008	327.6858
		P^-1:
			0.0898	-0.0971	0.0501
			-0.0971	0.1576	-0.0473
			0.0501	-0.0473	0.055


===========================================================================================
===========================================================================================
S2:
	q_c:	426.5	285.0	352.0
	ub :	458.4544	321.5363	376.8751
	lb :	387.2271	240.8421	312.3709

	==================================================================================
	Q1:
		Shape: Hybrid
		q_c:	442.0	306.5	344.0
		ub :	456.9762	317.0443	359.4358
		lb :	427.0238	295.9557	328.5642
		P^-1:
			0.0165	-0.0092	0.0049
			-0.0092	0.0252	-0.0051
			0.0049	-0.0051	0.0094
		A:
			-0.5244	0.8341	-0.1711
			-0.3839	0.9068	0.1739
			-0.0241	0.3332	-0.9425
			0.735	-0.6715	0.0939
			-0.7605	0.1133	0.6394
			0.3045	0.4385	0.8456
		b:
			-32.0893
			172.4425
			-225.0338
			154.872
			-72.848
			567.7434
	==================================================================================
	Q2:
		Shape: Hybrid
		q_c:	432.0	294.0	355.0
		ub :	451.4306	317.0307	376.8751
		lb :	412.5694	270.9693	333.1249
		P^-1:
			0.0067	0.0008	-0.0022
			0.0008	0.0046	-0.0019
			-0.0022	-0.0019	0.0075
		A:
			-0.0245	-0.6662	-0.7454
			-0.7383	-0.1776	0.6507
			0.5733	-0.3538	-0.739
			0.2426	0.8668	-0.4357
			-0.4219	0.2912	-0.8586
			-0.302	-0.8495	0.4326
		b:
			-460.0882
			-134.8013
			-110.7669
			212.7926
			-393.1432
			-218.9747
	==================================================================================
	Q3:
		Shape: Polyhedra
		q_c:	403.5	260.0	337.5
		ub :	419.7729	279.1579	355.9211
		lb :	387.2271	240.8421	319.0789
		A:
			-0.7872	0.3703	0.4931
			0.369	0.7593	-0.536
			-0.853	-0.2149	-0.4756
			0.9763	0.0856	-0.1987
			-0.0591	0.0074	0.9982
			0.1063	-0.9532	-0.283
			0.2167	0.7281	0.6503
			-0.7515	-0.3007	0.5872
			0.6231	-0.6159	0.482
			-0.2167	-0.7281	-0.6503
			0.7515	0.3007	-0.5872
			-0.6231	0.6159	-0.482
		b:
			-45.1411
			174.8501
			-548.6802
			358.0225
			325.6669
			-288.037
			508.2235
			-176.2572
			267.4635
			-484.2235
			190.2572
			-240.4635
	==================================================================================
	Q4:
		Shape: Hybrid
		q_c:	430.0	294.5	343.0
		ub :	436.3499	306.5425	353.3672
		lb :	423.6501	282.4575	332.6328
		P^-1:
			0.0604	-0.0099	0.0004
			-0.0099	0.0162	0.0054
			0.0004	0.0054	0.0207
		A:
			0.7119	-0.1847	0.6776
			-0.9221	0.3703	0.1125
			0.9966	0.002	-0.0829
			-0.9089	-0.1249	-0.3979
			0.1642	0.8191	-0.5496
			0.5238	0.3469	0.778
		b:
			488.0456
			-246.6522
			403.1042
			-561.2393
			130.7829
			598.3677
	==================================================================================
	Q5:
		Shape: Hybrid
		q_c:	448.5	264.5	357.0
		ub :	458.4544	274.2307	367.9148
		lb :	438.5456	254.7693	346.0852
		P^-1:
			0.0396	0.0003	0.0126
			0.0003	0.0397	-0.0116
			0.0126	-0.0116	0.02
		A:
			-0.7542	-0.6556	0.0371
			0.4519	-0.866	0.2143
			0.1035	0.9884	-0.111
			-0.7182	-0.0898	-0.69
			-0.4276	0.6256	-0.6526
			-0.6894	-0.1175	-0.7148
		b:
			-495.6033
			53.0513
			271.1082
			-588.7909
			-256.7011
			-591.8154
	==================================================================================
	Q6:
		Shape: Polyhedra
		q_c:	415.5	305.5	326.0
		ub :	430.9583	321.5363	339.6291
		lb :	400.0417	289.4637	312.3709
		A:
			0.6624	-0.3838	0.6434
			0.3605	-0.6713	-0.6476
			0.276	-0.4685	0.8392
			0.7015	-0.3791	0.6035
			0.4608	-0.8256	-0.3256
			-0.8752	-0.0741	-0.478
			0.4808	0.343	0.807
			-0.4745	-0.6722	0.5684
			0.7374	-0.6562	-0.1604
			-0.4808	-0.343	-0.807
			0.4745	0.6722	-0.5684
			-0.7374	0.6562	0.1604
		b:
			376.0681
			-257.9835
			254.6091
			380.69
			-158.0109
			-534.3194
			574.6252
			-205.6921
			62.6254
			-560.6252
			228.6921
			-44.6254


===========================================================================================
===========================================================================================
S3:
	q_c:	161.5	497.0	26.5
	ub :	166.3215	503.2364	34.0119
	lb :	157.6672	490.8449	19.756

	==================================================================================
	Q1:
		Shape: Hybrid
		q_c:	163.5	499.5	25.0
		ub :	165.7852	503.2364	29.3238
		lb :	161.2148	495.7636	20.6762
		P^-1:
			0.9087	0.0135	0.2725
			0.0135	0.1464	-0.0268
			0.2725	-0.0268	0.1865
		A:
			0.9032	-0.4133	0.1158
			-0.9847	-0.1721	-0.0269
			-0.3277	0.64	0.695
			0.8522	0.1074	0.512
			0.7376	0.0557	0.673
			0.9693	0.2306	0.0849
		b:
			-54.7113
			-246.7786
			286.3794
			206.5865
			166.4251
			276.5527
	==================================================================================
	Q2:
		Shape: Ellipse
		q_c:	163.5	499.5	26.0
		ub :	166.3215	502.2803	28.7012
		lb :	160.6785	496.7197	23.2988
		P^-1:
			0.3653	-0.055	-0.0781
			-0.055	0.4062	-0.0543
			-0.0781	-0.0543	0.3674
	==================================================================================
	Q3:
		Shape: Polyhedra
		q_c:	163.0	497.5	22.0
		ub :	165.5883	499.9854	24.244
		lb :	160.4117	495.0146	19.756
		A:
			0.2062	-0.4167	-0.8854
			-0.3516	-0.8687	0.3488
			-0.8688	0.2273	0.4398
			-0.414	0.5182	-0.7484
			0.1999	-0.4283	0.8812
			0.158	-0.9641	-0.2134
			0.6091	0.3975	0.6863
			-0.5046	-0.4733	0.722
			0.6119	-0.7861	-0.0877
			-0.6091	-0.3975	-0.6863
			0.5046	0.4733	-0.722
			-0.6119	0.7861	0.0877
		b:
			-191.6511
			-480.3266
			-17.3461
			175.3381
			-159.6022
			-457.0871
			313.6508
			-300.3549
			-291.7656
			-310.6508
			303.3549
			294.7656
	==================================================================================
	Q4:
		Shape: Hybrid
		q_c:	160.0	500.5	30.0
		ub :	161.9605	502.3678	31.372
		lb :	158.0395	498.6322	28.628
		P^-1:
			0.569	0.2615	-0.5991
			0.2615	0.9935	-1.2579
			-0.5991	-1.2579	3.3264
		A:
			-0.3239	-0.4459	0.8344
			-0.2093	0.4072	-0.889
			-0.364	-0.3649	0.857
			0.3182	0.4433	-0.838
			0.0847	-0.2339	0.9686
			-0.3469	-0.2475	0.9046
		b:
			-249.6717
			144.1226
			-214.8267
			247.9377
			-74.0123
			-151.9283
	==================================================================================
	Q5:
		Shape: Ellipse
		q_c:	164.0	497.5	31.5
		ub :	165.0099	500.0078	34.0119
		lb :	162.9901	494.9922	28.9881
		P^-1:
			3.8357	-0.7184	0.2568
			-0.7184	0.5011	0.0463
			0.2568	0.0463	0.3576
	==================================================================================
	Q6:
		Shape: Polyhedra
		q_c:	160.0	493.0	27.5
		ub :	162.3328	495.1551	30.0958
		lb :	157.6672	490.8449	24.9042
		A:
			-0.3765	0.8985	-0.2256
			-0.3985	-0.8933	-0.2081
			0.2798	-0.533	-0.7985
			0.1589	0.1946	-0.9679
			0.2903	0.91	-0.296
			-0.02	0.3615	-0.9321
			0.8965	0.0765	0.4364
			-0.2264	-0.7675	0.5997
			0.3808	-0.6364	-0.6708
			-0.8965	-0.0765	-0.4364
			0.2264	0.7675	-0.5997
			-0.3808	0.6364	0.6708
		b:
			377.9753
			-508.3559
			-237.9655
			96.2047
			488.0693
			150.68
			194.6405
			-397.1387
			-269.2703
			-191.6405
			399.1387
			273.2703


===========================================================================================
===========================================================================================
S4:
	q_c:	488.0	356.0	250.0
	ub :	511.3602	373.0563	262.5468
	lb :	466.6081	345.1026	225.4681

	==================================================================================
	Q1:
		Shape: Hybrid
		q_c:	502.0	355.5	249.5
		ub :	511.3602	362.2909	259.956
		lb :	492.6398	348.7091	239.044
		P^-1:
			0.062	-0.0603	0.0095
			-0.0603	0.1222	-0.0043
			0.0095	-0.0043	0.0175
		A:
			0.3171	-0.8073	-0.4977
			-0.1665	-0.5007	-0.8495
			-0.2189	0.9458	-0.24
			-0.9239	-0.0636	-0.3772
			-0.8426	0.5356	0.0557
			-0.0973	0.3624	0.9269
		b:
			-248.5246
			-468.0293
			168.8997
			-576.3096
			-215.9983
			317.443
	==================================================================================
	Q2:
		Shape: Ellipse
		q_c:	480.5	353.5	236.5
		ub :	490.7486	361.8974	247.5319
		lb :	470.2514	345.1026	225.4681
		P^-1:
			0.0368	0.0107	0.0111
			0.0107	0.0309	0.0043
			0.0111	0.0043	0.0192
	==================================================================================
	Q3:
		Shape: Polyhedra
		q_c:	476.5	363.5	241.0
		ub :	486.3919	370.7359	248.1846
		lb :	466.6081	356.2641	233.8154
		A:
			-0.0733	-0.8447	0.5301
			-0.8879	-0.4367	-0.1448
			-0.1515	-0.6504	0.7443
			0.4002	-0.6926	0.6001
			-0.1342	-0.0243	-0.9907
			0.4535	-0.6534	-0.6061
			0.0001	0.7395	0.6731
			0.9827	0.1246	-0.1371
			-0.1853	0.6615	-0.7267
			-0.0001	-0.7395	-0.6731
			-0.9827	-0.1246	0.1371
			0.1853	-0.6615	0.7267
		b:
			-210.2889
			-607.784
			-125.005
			87.2003
			-307.177
			-161.0175
			436.5929
			490.0168
			-19.9785
			-425.5929
			-471.0168
			25.9785
	==================================================================================
	Q4:
		Shape: Polyhedra
		q_c:	484.5	363.0	251.5
		ub :	494.8069	368.7973	262.5468
		lb :	474.1931	357.2027	240.4532
		A:
			0.7457	-0.6324	0.2098
			-0.7633	0.6227	-0.1718
			0.8303	-0.5334	0.1614
			0.3436	-0.7381	0.5807
			-0.6989	0.6684	-0.2545
			0.5971	-0.3104	0.7397
			0.8133	0.2523	0.5243
			-0.5404	-0.0061	0.8414
			0.2155	-0.9676	0.1313
			-0.8133	-0.2523	-0.5243
			0.5404	0.0061	-0.8414
			-0.2155	0.9676	-0.1313
		b:
			189.6505
			-181.7524
			254.7049
			49.8454
			-155.0667
			368.3079
			622.992
			-43.4611
			-209.3058
			-611.992
			61.4611
			218.3058
	==================================================================================
	Q5:
		Shape: Hybrid
		q_c:	498.0	365.5	254.0
		ub :	504.3888	373.0563	261.8855
		lb :	491.6112	357.9437	246.1145
		P^-1:
			0.068	0.0294	0.0187
			0.0294	0.067	0.0232
			0.0187	0.0232	0.0492
		A:
			0.6287	0.7608	0.1611
			0.859	0.2706	0.4347
			0.1448	0.9695	0.1978
			0.9297	-0.0113	0.3682
			0.2176	0.9099	0.3532
			0.7454	0.2428	0.6208
		b:
			633.8567
			639.0893
			479.1677
			555.031
			532.772
			619.7581
	==================================================================================
	Q6:
		Shape: Hybrid
		q_c:	497.0	363.0	251.5
		ub :	504.6763	366.3409	259.5287
		lb :	489.3237	359.6591	243.4713
		P^-1:
			0.0443	0.0055	-0.0229
			0.0055	0.4202	-0.0956
			-0.0229	-0.0956	0.0629
		A:
			0.0602	-0.9865	0.1525
			0.6133	-0.7746	0.1548
			0.3565	0.8185	-0.4505
			-0.9129	0.4081	0.0045
			0.1487	-0.4223	0.8942
			-0.5573	-0.7822	0.2785
		b:
			-288.967
			65.3817
			362.3893
			-300.3668
			149.8229
			-488.6017


===========================================================================================
===========================================================================================
S5:
	q_c:	221.5	434.5	336.0
	ub :	238.4688	448.3993	344.0972
	lb :	204.197	420.9314	320.9105

	==================================================================================
	Q1:
		Shape: Polyhedra
		q_c:	219.0	436.0	333.0
		ub :	224.5615	443.1217	340.9208
		lb :	213.4385	428.8783	325.0792
		A:
			0.5767	-0.8022	0.1544
			-0.8267	0.5621	-0.0235
			0.7314	-0.6138	0.297
			-0.9287	0.304	-0.2123
			0.1367	-0.9578	0.2529
			-0.8176	0.2454	0.5209
			0.7219	0.6434	0.2547
			-0.0369	-0.3318	0.9426
			0.691	-0.6899	-0.2158
			-0.7219	-0.6434	-0.2547
			0.0369	0.3318	-0.9426
			-0.691	0.6899	0.2158
		b:
			-168.2781
			59.4734
			-4.4802
			-137.7285
			-298.8112
			105.4644
			527.9515
			167.6459
			-218.3064
			-518.9515
			-154.6459
			224.3064
	==================================================================================
	Q2:
		Shape: Ellipse
		q_c:	209.5	425.5	330.0
		ub :	214.803	430.0686	335.4493
		lb :	204.197	420.9314	324.5507
		P^-1:
			0.0798	0.011	0.0205
			0.011	0.1072	-0.0072
			0.0205	-0.0072	0.0977
	==================================================================================
	Q3:
		Shape: Hybrid
		q_c:	232.0	441.5	336.5
		ub :	238.4688	447.5642	343.502
		lb :	225.5312	435.4358	329.498
		P^-1:
			0.0759	0.043	0.0333
			0.043	0.1006	0.0355
			0.0333	0.0355	0.0729
		A:
			0.2898	0.1052	0.9513
			0.0095	-0.5709	-0.821
			-0.6472	-0.4576	-0.6097
			-0.9031	0.1788	-0.3903
			0.3887	0.2174	-0.8953
			-0.8309	-0.4613	-0.3111
		b:
			436.2909
			-523.7011
			-555.8821
			-259.0097
			-111.5902
			-499.3607
	==================================================================================
	Q4:
		Shape: Ellipse
		q_c:	227.0	433.0	336.5
		ub :	234.6114	439.4569	344.0972
		lb :	219.3886	426.5431	328.9028
		P^-1:
			0.055	-0.0171	0.0056
			-0.0171	0.0541	-0.017
			0.0056	-0.017	0.055
	==================================================================================
	Q5:
		Shape: Ellipse
		q_c:	231.0	436.5	328.0
		ub :	237.2803	442.7806	331.9863
		lb :	224.7197	430.2194	324.0137
		P^-1:
			0.0762	-0.0258	-0.0578
			-0.0258	0.0751	0.0502
			-0.0578	0.0502	0.2106
	==================================================================================
	Q6:
		Shape: Hybrid
		q_c:	228.5	443.0	325.5
		ub :	233.6281	448.3993	330.0895
		lb :	223.3719	437.6007	320.9105
		P^-1:
			0.0975	0.013	0.0069
			0.013	0.0923	0.0056
			0.0069	0.0056	0.0846
		A:
			-0.7115	-0.1275	0.6911
			-0.8946	-0.4234	0.1431
			-0.765	0.0482	-0.6422
			0.8782	-0.2327	-0.4179
			-0.9978	-0.0653	-0.0101
			-0.9382	0.1532	-0.3105
		b:
			7.8274
			-343.738
			-360.758
			-36.488
			-258.5305
			-245.8013


===========================================================================================
===========================================================================================
S6:
	q_c:	511.0	299.0	237.0
	ub :	540.0199	330.0595	268.7187
	lb :	480.7578	267.9844	218.9295

	==================================================================================
	Q1:
		Shape: Hybrid
		q_c:	497.0	319.5	246.5
		ub :	502.2373	330.0595	257.5423
		lb :	491.7627	308.9405	235.4577
		P^-1:
			0.0783	-0.0096	0.0034
			-0.0096	0.0358	-0.0207
			0.0034	-0.0207	0.0269
		A:
			-0.9438	0.0531	-0.3263
			-0.8586	0.5127	-0.0017
			-0.3571	-0.449	-0.8191
			-0.4575	0.742	0.49
			0.1968	-0.847	0.4939
			0.5228	-0.7678	0.3705
		b:
			-529.9613
			-260.6972
			-515.1441
			137.1948
			-48.3133
			108.3444
	==================================================================================
	Q2:
		Shape: Hybrid
		q_c:	510.0	276.5	254.0
		ub :	524.2181	285.0156	267.344
		lb :	495.7819	267.9844	240.656
		P^-1:
			0.0104	-0.0012	-0.0005
			-0.0012	0.0203	-0.0
			-0.0005	-0.0	0.0108
		A:
			0.1205	-0.7313	0.6714
			0.7589	0.2079	0.6171
			0.683	0.7227	-0.1056
			0.2764	0.7505	0.6003
			0.9438	0.2917	-0.1553
			-0.2287	-0.5335	-0.8143
		b:
			34.6003
			607.7311
			526.6193
			505.9853
			528.7705
			-465.29
	==================================================================================
	Q3:
		Shape: Ellipse
		q_c:	497.0	302.5	232.0
		ub :	513.2422	314.5508	245.0705
		lb :	480.7578	290.4492	218.9295
		P^-1:
			0.0051	-0.0005	0.0016
			-0.0005	0.0208	0.0078
			0.0016	0.0078	0.019
	==================================================================================
	Q4:
		Shape: Polyhedra
		q_c:	514.5	295.5	234.0
		ub :	526.11	302.8019	244.7425
		lb :	502.89	288.1981	223.2575
		A:
			-0.2768	-0.8214	0.4988
			-0.7428	-0.6108	0.2741
			0.281	0.1104	-0.9533
			-0.6902	-0.72	-0.0728
			0.5459	-0.6889	-0.4769
			-0.7044	-0.7096	0.0171
			0.3942	0.0478	0.9178
			-0.8948	0.2476	0.3714
			-0.2095	-0.9677	0.1404
			-0.3942	-0.0478	-0.9178
			0.8948	-0.2476	-0.3714
			0.2095	0.9677	-0.1404
		b:
			-262.8969
			-491.9646
			-38.2375
			-578.773
			-26.5445
			-561.9506
			439.204
			-291.8025
			-355.883
			-424.204
			308.8025
			365.883
	==================================================================================
	Q5:
		Shape: Ellipse
		q_c:	526.0	314.0	252.0
		ub :	540.0199	326.7304	266.0319
		lb :	511.9801	301.2696	237.9681
		P^-1:
			0.0137	0.0004	-0.0018
			0.0004	0.0103	0.0006
			-0.0018	0.0006	0.014
	==================================================================================
	Q6:
		Shape: Hybrid
		q_c:	493.0	294.0	258.5
		ub :	500.1668	303.6563	268.7187
		lb :	485.8332	284.3437	248.2813
		P^-1:
			0.0204	-0.0001	-0.0
			-0.0001	0.0218	0.0034
			-0.0	0.0034	0.0174
		A:
			-0.3205	-0.6391	-0.6992
			0.3794	0.7765	0.5032
			-0.3111	0.2861	0.9063
			0.5404	0.8411	-0.0234
			-0.8991	-0.1115	-0.4232
			0.9285	-0.0821	0.3621
		b:
			-523.1713
			548.7333
			168.9912
			511.3447
			-581.641
			531.1093


===========================================================================================
===========================================================================================
S7:
	q_c:	208.0	275.5	107.5
	ub :	235.7435	296.4461	119.268
	lb :	180.242	248.6228	77.4592

	==================================================================================
	Q1:
		Shape: Polyhedra
		q_c:	220.0	257.5	91.0
		ub :	229.5345	266.3772	97.261
		lb :	210.4655	248.6228	84.739
		A:
			0.5868	-0.1658	0.7926
			0.3063	-0.9157	-0.2601
			-0.4598	-0.3412	-0.8199
			0.6186	-0.7112	-0.334
			0.7842	-0.6201	-0.0204
			0.5669	-0.8237	0.0121
			0.8263	0.5421	0.1526
			0.4312	-0.4347	-0.7907
			-0.3623	0.7191	-0.5929
			-0.8263	-0.5421	-0.1526
			-0.4312	0.4347	0.7907
			0.3623	-0.7191	0.5929
		b:
			164.0653
			-187.874
			-257.5343
			-73.8722
			15.4606
			-82.2277
			343.278
			-86.0098
			56.0091
			-327.278
			92.0098
			-47.0091
	==================================================================================
	Q2:
		Shape: Hybrid
		q_c:	204.5	261.5	107.0
		ub :	217.7051	272.1319	116.4905
		lb :	191.2949	250.8681	97.5095
		P^-1:
			0.0171	0.0145	0.0274
			0.0145	0.0554	0.0634
			0.0274	0.0634	0.1123
		A:
			-0.3544	-0.1366	-0.9251
			-0.0476	0.7923	0.6083
			0.6912	-0.0243	-0.7223
			0.0977	-0.1279	-0.987
			-0.7436	-0.5553	-0.3723
			0.3205	0.3586	0.8768
		b:
			-204.3801
			265.3482
			65.8483
			-114.7845
			-331.2613
			254.8353
	==================================================================================
	Q3:
		Shape: Ellipse
		q_c:	214.0	265.5	88.0
		ub :	229.0632	280.688	98.5408
		lb :	198.9368	250.312	77.4592
		P^-1:
			0.0146	0.0064	-0.0038
			0.0064	0.0135	-0.0047
			-0.0038	-0.0047	0.0229
	==================================================================================
	Q4:
		Shape: Hybrid
		q_c:	225.0	269.5	113.5
		ub :	235.7435	280.1126	119.268
		lb :	214.2565	258.8874	107.732
		P^-1:
			0.0224	0.0138	-0.0279
			0.0138	0.0493	-0.0787
			-0.0279	-0.0787	0.2142
		A:
			0.1134	0.043	-0.9926
			-0.6215	-0.0676	-0.7805
			-0.0283	0.1067	-0.9939
			0.1857	0.8178	-0.5448
			0.4499	-0.6922	0.5643
			0.107	-0.6436	0.7578
		b:
			-73.4434
			-241.8919
			-88.4755
			203.8114
			-16.5157
			-60.7305
	==================================================================================
	Q5:
		Shape: Polyhedra
		q_c:	191.0	286.0	87.0
		ub :	201.758	296.4461	96.2002
		lb :	180.242	275.5539	77.7998
		A:
			0.4953	-0.8637	0.0933
			-0.4389	-0.2019	-0.8755
			0.9625	0.2626	0.0683
			0.976	-0.04	0.214
			0.1626	0.9102	-0.3808
			0.604	-0.5651	-0.5619
			0.5121	0.8166	0.2662
			0.8385	-0.5425	0.0512
			0.1862	0.197	-0.9626
			-0.5121	-0.8166	-0.2662
			-0.8385	0.5425	-0.0512
			-0.1862	-0.197	0.9626
		b:
			-137.0333
			-210.7973
			271.6289
			200.7248
			265.0114
			-87.7801
			360.5283
			16.9367
			15.6629
			-348.5283
			-1.9367
			-0.6629
	==================================================================================
	Q6:
		Shape: Polyhedra
		q_c:	204.0	274.5	106.5
		ub :	213.7729	282.8161	111.5362
		lb :	194.2271	266.1839	101.4638
		A:
			0.094	-0.3697	-0.9244
			-0.3257	-0.0628	-0.9434
			0.5942	0.0746	-0.8009
			-0.0056	-0.8408	-0.5413
			-0.4332	0.3843	0.8153
			0.49	0.2558	0.8334
			0.1046	0.3655	0.9249
			-0.9901	0.1254	0.0624
			-0.0932	-0.9223	0.375
			-0.1046	-0.3655	-0.9249
			0.9901	-0.1254	-0.0624
			0.0932	0.9223	-0.375
		b:
			-178.108
			-180.6523
			62.9181
			-285.1118
			109.0001
			262.9765
			222.1588
			-151.9133
			-225.2617
			-218.1588
			169.9133
			239.2617


===========================================================================================
===========================================================================================
S8:
	q_c:	26.5	391.5	104.5
	ub :	38.8617	404.7499	112.4783
	lb :	9.3866	379.5145	96.5327

	==================================================================================
	Q1:
		Shape: Ellipse
		q_c:	31.0	390.5	103.0
		ub :	38.8617	398.65	109.4673
		lb :	23.1383	382.35	96.5327
		P^-1:
			0.0371	-0.0034	0.0001
			-0.0034	0.0359	-0.0001
			0.0001	-0.0001	0.0331
	==================================================================================
	Q2:
		Shape: Hybrid
		q_c:	19.0	392.5	106.5
		ub :	23.9948	396.3238	111.0059
		lb :	14.0052	388.6762	101.9941
		P^-1:
			0.0868	0.0018	0.0507
			0.0018	0.1964	-0.0497
			0.0507	-0.0497	0.1892
		A:
			-0.6956	-0.7183	0.0167
			0.1945	-0.2925	0.9363
			-0.0371	0.833	-0.552
			0.5584	0.0823	0.8255
			0.0268	-0.9631	0.2677
			-0.062	0.9843	-0.1654
		b:
			-291.4412
			-10.234
			268.5302
			132.172
			-347.8288
			368.7963
	==================================================================================
	Q3:
		Shape: Polyhedra
		q_c:	17.0	386.0	104.5
		ub :	24.6134	392.4855	111.2963
		lb :	9.3866	379.5145	97.7037
		A:
			0.3271	-0.7473	-0.5784
			0.6421	-0.7106	-0.2875
			0.3634	0.5716	0.7357
			0.2294	0.7052	-0.6709
			0.164	-0.6403	-0.7504
			0.2985	0.6146	-0.7302
			0.6666	0.5505	0.5025
			-0.5375	0.8221	-0.1876
			-0.5164	-0.1451	0.844
			-0.6666	-0.5505	-0.5025
			0.5375	-0.8221	0.1876
			0.5164	0.1451	-0.844
		b:
			-339.1399
			-289.7827
			308.9953
			209.9182
			-318.2574
			169.9306
			281.8489
			292.0962
			27.4256
			-270.8489
			-285.0962
			-19.4256
	==================================================================================
	Q4:
		Shape: Ellipse
		q_c:	33.5	397.0	103.0
		ub :	38.3166	403.0654	108.2636
		lb :	28.6834	390.9346	97.7364
		P^-1:
			0.0808	-0.0029	-0.0025
			-0.0029	0.071	-0.009
			-0.0025	-0.009	0.0739
	==================================================================================
	Q5:
		Shape: Ellipse
		q_c:	18.0	399.0	107.5
		ub :	24.6999	404.7499	111.0601
		lb :	11.3001	393.2501	103.9399
		P^-1:
			0.0881	0.0034	-0.1351
			0.0034	0.0622	-0.0355
			-0.1351	-0.0355	0.3897
	==================================================================================
	Q6:
		Shape: Hybrid
		q_c:	32.5	392.5	107.5
		ub :	38.8188	398.1708	112.4783
		lb :	26.1812	386.8292	102.5217
		P^-1:
			0.0734	-0.035	0.0015
			-0.035	0.0775	-0.0062
			0.0015	-0.0062	0.0627
		A:
			-0.3029	-0.901	-0.3106
			0.2838	0.8659	-0.412
			-0.3829	0.7161	0.5836
			0.241	-0.7665	-0.5952
			0.3426	-0.9349	0.0923
			-0.5519	-0.6619	0.5073
		b:
			-393.7063
			307.6915
			333.5133
			-354.6809
			-344.0299
			-220.0943


===========================================================================================
===========================================================================================
S9:
	q_c:	488.0	375.5	213.0
	ub :	500.8363	386.1444	223.1889
	lb :	479.9326	367.0972	206.1829

	==================================================================================
	Q1:
		Shape: Hybrid
		q_c:	487.5	376.5	211.0
		ub :	491.103	380.7565	215.3283
		lb :	483.897	372.2435	206.6717
		P^-1:
			0.2194	-0.0161	-0.0434
			-0.0161	0.1506	0.0354
			-0.0434	0.0354	0.1511
		A:
			0.5367	-0.2481	-0.8065
			0.712	-0.5637	0.4187
			-0.9903	-0.1373	0.0216
			0.2485	-0.9234	-0.2927
			-0.768	0.4126	0.4899
			-0.5551	0.1882	0.8102
		b:
			-0.7429
			224.9605
			-528.7076
			-286.8595
			-114.6864
			-27.5853
	==================================================================================
	Q2:
		Shape: Hybrid
		q_c:	486.0	377.0	214.0
		ub :	490.9111	381.4891	218.2913
		lb :	481.0889	372.5109	209.7087
		P^-1:
			0.121	-0.0496	-0.0677
			-0.0496	0.1489	0.0051
			-0.0677	0.0051	0.2026
		A:
			0.2299	0.1778	-0.9568
			0.1225	-0.8844	-0.4503
			0.5853	0.3297	-0.7408
			-0.2131	-0.7386	0.6396
			0.7018	-0.369	-0.6094
			0.0687	-0.8995	-0.4315
		b:
			-24.8346
			-368.5638
			251.665
			-243.5962
			72.6781
			-396.2667
	==================================================================================
	Q3:
		Shape: Ellipse
		q_c:	484.5	374.5	210.5
		ub :	489.0674	379.7899	214.8171
		lb :	479.9326	369.2101	206.1829
		P^-1:
			0.2895	0.0889	0.1607
			0.0889	0.0982	0.0584
			0.1607	0.0584	0.2009
	==================================================================================
	Q4:
		Shape: Hybrid
		q_c:	490.0	378.0	218.0
		ub :	495.3048	382.5876	222.9989
		lb :	484.6952	373.4124	213.0011
		P^-1:
			0.0995	0.0058	-0.0187
			0.0058	0.0835	-0.0054
			-0.0187	-0.0054	0.0722
		A:
			-0.3409	0.8479	-0.406
			-0.9634	-0.1093	-0.2449
			-0.86	0.2743	0.4304
			0.9825	0.1554	-0.1024
			-0.95	-0.2108	-0.2303
			0.8056	-0.5673	-0.1705
		b:
			67.0478
			-564.7823
			-222.2352
			519.5022
			-593.4313
			144.955
	==================================================================================
	Q5:
		Shape: Hybrid
		q_c:	489.5	382.0	218.5
		ub :	494.3552	386.1444	223.1889
		lb :	484.6448	377.8556	213.8111
		P^-1:
			0.2235	0.0673	0.1517
			0.0673	0.2255	0.1177
			0.1517	0.1177	0.2048
		A:
			0.6446	0.6115	0.4589
			0.8857	0.1566	0.437
			-0.1074	-0.724	-0.6814
			-0.5113	-0.8308	0.2198
			0.5966	-0.0761	0.7989
			0.154	0.6401	0.7527
		b:
			650.3396
			590.066
			-476.7295
			-516.9327
			438.9899
			485.6947
	==================================================================================
	Q6:
		Shape: Ellipse
		q_c:	496.0	372.0	216.0
		ub :	500.8363	376.9028	220.0026
		lb :	491.1637	367.0972	211.9974
		P^-1:
			0.1176	0.0085	-0.0143
			0.0085	0.1222	-0.0186
			-0.0143	-0.0186	0.1424


===========================================================================================
===========================================================================================
