3D_45_15_6_e                l = 3

===========================================================================================
===========================================================================================
S1:
	q_c:    20.5000    164.5000    183.0000
	ub :    35.0000    168.0000    189.0000
	lb :    6.0000    161.0000    177.0000

	==================================================================================
	Q1:
		Shape: Hybrid
		q_c:    21.0000    162.5000    187.0000
		ub :    22.7854    164.8950    188.5915
		lb :    19.2146    160.1050    185.4085
		P^-1: 
			    0.4427    0.0146    -0.0330
			    0.0146    0.3273    0.2233
			    -0.0330    0.2233    0.9245
		A:
			    -0.9561    0.2586    -0.1380
			    -0.0577    0.6480    0.7595
			    -0.2247    -0.6218    -0.7503
			    0.6027    -0.0698    0.7949
			    -0.0004    -0.1190    -0.9929
			    -0.1224    0.8508    0.5110
		b:
			    -2.7642
			    246.7997
			    -245.3656
			    150.8422
			    -204.4619
			    232.2546
	==================================================================================
	Q2:
		Shape: Hybrid
		q_c:    19.5000    162.5000    185.5000
		ub :    22.0896    165.1274    187.7713
		lb :    16.9104    159.8726    183.2287
		P^-1: 
			    0.6055    0.3528    -0.2265
			    0.3528    0.6845    0.2025
			    -0.2265    0.2025    0.8700
		A:
			    -0.7487    -0.2699    -0.6055
			    0.3547    -0.3871    -0.8511
			    0.8890    0.4577    -0.0115
			    0.5076    -0.5675    -0.6483
			    -0.5004    0.0321    0.8652
			    -0.2747    -0.4618    0.8434
		b:
			    -169.6109
			    -213.3157
			    90.3363
			    -201.6535
			    156.4591
			    76.9402
	==================================================================================
	Q3:
		Shape: Ellipse
		q_c:    18.0000    164.0000    186.0000
		ub :    21.3437    167.1919    189.0737
		lb :    14.6563    160.8081    182.9263
		P^-1: 
			    0.2492    0.0562    0.1139
			    0.0562    0.2422    0.0198
			    0.1139    0.0198    0.3631
	==================================================================================
	Q4:
		Shape: Hybrid
		q_c:    19.0000    164.5000    182.5000
		ub :    20.2082    165.7001    183.2468
		lb :    17.7918    163.2999    181.7532
		P^-1: 
			    2.4741    1.4969    0.0930
			    1.4969    2.5316    -0.0913
			    0.0930    -0.0913    3.9943
		A:
			    -0.8000    -0.4213    -0.4271
			    0.6998    0.7140    0.0209
			    0.1249    0.3516    -0.9278
			    0.1862    -0.3303    0.9253
			    -0.8764    -0.4796    0.0428
			    0.6486    0.6873    0.3271
		b:
			    -162.1587
			    134.8236
			    -108.8527
			    118.3917
			    -87.4206
			    185.3245
	==================================================================================
	Q5:
		Shape: Ellipse
		q_c:    21.0000    168.0000    185.5000
		ub :    23.8574    169.7856    188.0465
		lb :    18.1426    166.2144    182.9535
		P^-1: 
			    0.8545    1.3187    -0.3628
			    1.3187    2.9919    -1.0549
			    -0.3628    -1.0549    0.7581
	==================================================================================
	Q6:
		Shape: Hybrid
		q_c:    23.5000    163.5000    186.5000
		ub :    26.0582    166.0817    188.3518
		lb :    20.9418    160.9183    184.6482
		P^-1: 
			    0.5126    0.1111    0.2387
			    0.1111    0.3095    0.0298
			    0.2387    0.0298    0.8724
		A:
			    -0.9917    -0.0465    -0.1200
			    0.1521    -0.3173    0.9361
			    0.9862    0.1145    0.1199
			    -0.0915    -0.8286    0.5523
			    -0.9063    0.0969    0.4114
			    0.9478    0.3162    0.0415
		b:
			    -52.3000
			    126.9577
			    65.2024
			    -33.4859
			    72.4692
			    82.6270


===========================================================================================
===========================================================================================
S2:
	q_c:    136.0000    437.0000    100.5000
	ub :    160.0000    463.0000    116.0000
	lb :    112.0000    411.0000    85.0000

	==================================================================================
	Q1:
		Shape: Ellipse
		q_c:    123.5000    437.0000    103.0000
		ub :    135.1502    446.0880    111.2594
		lb :    111.8498    427.9120    94.7406
		P^-1: 
			    0.0475    0.1005    0.0687
			    0.1005    0.2791    0.1843
			    0.0687    0.1843    0.1416
	==================================================================================
	Q2:
		Shape: Ellipse
		q_c:    153.0000    430.5000    99.0000
		ub :    164.4008    442.7729    111.2800
		lb :    141.5992    418.2271    86.7200
		P^-1: 
			    0.0165    -0.0004    -0.0011
			    -0.0004    0.0202    -0.0034
			    -0.0011    -0.0034    0.0203
	==================================================================================
	Q3:
		Shape: Hybrid
		q_c:    140.0000    424.5000    112.0000
		ub :    149.7787    434.5918    121.7217
		lb :    130.2213    414.4082    102.2783
		P^-1: 
			    0.0227    0.0046    0.0024
			    0.0046    0.0348    -0.0131
			    0.0024    -0.0131    0.0374
		A:
			    0.0652    -0.2235    0.9725
			    0.6845    0.4124    0.6012
			    -0.1075    0.9864    -0.1242
			    -0.5962    0.7631    -0.2496
			    0.5184    0.6746    -0.5255
			    -0.3952    -0.8544    0.3375
		b:
			    26.0177
			    341.9503
			    393.2908
			    216.5513
			    302.8685
			    -377.4890
	==================================================================================
	Q4:
		Shape: Hybrid
		q_c:    139.5000    443.5000    99.0000
		ub :    150.6658    452.5453    109.0382
		lb :    128.3342    434.4547    88.9618
		P^-1: 
			    0.0309    -0.0094    -0.0167
			    -0.0094    0.0446    -0.0085
			    -0.0167    -0.0085    0.0344
		A:
			    0.2621    0.7845    -0.5621
			    0.1833    0.8543    -0.4864
			    0.3232    -0.5358    0.7800
			    -0.8166    0.3463    0.4618
			    0.6224    -0.6454    -0.4428
			    0.5516    -0.7487    0.3677
		b:
			    331.1621
			    358.6454
			    -111.3003
			    87.7951
			    -240.9612
			    -215.5894
	==================================================================================
	Q5:
		Shape: Ellipse
		q_c:    154.5000    446.5000    88.0000
		ub :    160.8956    451.4316    93.7672
		lb :    148.1044    441.5684    82.2328
		P^-1: 
			    0.0394    0.0089    0.0137
			    0.0089    0.1356    -0.0384
			    0.0137    -0.0384    0.0998
	==================================================================================
	Q6:
		Shape: Polyhedra
		q_c:    146.5000    441.5000    94.0000
		ub :    150.0213    448.9768    102.3093
		lb :    142.9787    434.0232    85.6907
		A:
			    -0.9294    -0.3648    0.0563
			    -0.8425    0.4525    0.2923
			    -0.7181    -0.5261    -0.4555
			    0.8072    -0.4885    -0.3312
			    -0.2257    0.8029    0.5518
			    0.5661    0.7884    0.2406
			    0.9870    0.1597    0.0173
			    0.0836    -0.6027    0.7936
			    0.1372    -0.7818    -0.6082
			    -0.9870    -0.1597    -0.0173
			    -0.0836    0.6027    -0.7936
			    -0.1372    0.7818    0.6082
		b:
			    -289.0167
			    106.4637
			    -377.6714
			    -125.9245
			    375.8144
			    456.7949
			    219.2506
			    -170.7425
			    -379.7457
			    -214.2506
			    187.7425
			    384.7457


===========================================================================================
===========================================================================================
S3:
	q_c:    486.5000    294.5000    54.0000
	ub :    491.0000    315.0000    80.0000
	lb :    482.0000    274.0000    28.0000

	==================================================================================
	Q1:
		Shape: Polyhedra
		q_c:    489.5000    294.0000    56.0000
		ub :    491.4308    297.0287    59.0411
		lb :    487.5692    290.9713    52.9589
		A:
			    -0.8338    -0.4610    -0.3036
			    -0.8474    -0.1961    -0.4933
			    -0.7315    -0.6808    -0.0364
			    0.0573    0.1380    -0.9888
			    0.4549    -0.8825    -0.1195
			    -0.9888    0.0310    0.1459
			    0.2311    0.6788    0.6970
			    0.9729    -0.1579    -0.1689
			    -0.0046    0.7171    -0.6969
			    -0.2311    -0.6788    -0.6970
			    -0.9729    0.1579    0.1689
			    0.0046    -0.7171    0.6969
		b:
			    -558.9287
			    -498.3407
			    -558.4554
			    15.2249
			    -41.6564
			    -465.2331
			    353.7436
			    421.8708
			    171.5497
			    -349.7436
			    -418.8708
			    -167.5497
	==================================================================================
	Q2:
		Shape: Polyhedra
		q_c:    483.0000    293.5000    56.5000
		ub :    486.0260    295.8019    59.5404
		lb :    479.9740    291.1981    53.4596
		A:
			    -0.4425    0.5969    -0.6693
			    0.0996    -0.9928    0.0668
			    0.4752    -0.7582    0.4465
			    0.1349    0.7298    0.6702
			    0.8045    0.5890    0.0766
			    0.6421    -0.7665    0.0158
			    0.2493    0.0023    0.9684
			    -0.8403    0.4975    0.2152
			    -0.4813    -0.8675    0.1260
			    -0.2493    -0.0023    -0.9684
			    0.8403    -0.4975    -0.2152
			    0.4813    0.8675    -0.1260
		b:
			    -74.0805
			    -237.8341
			    34.3103
			    319.3286
			    567.4425
			    88.0011
			    178.3198
			    -245.7101
			    -478.4485
			    -173.3198
			    249.7101
			    481.4485
	==================================================================================
	Q3:
		Shape: Ellipse
		q_c:    490.5000    299.0000    58.0000
		ub :    492.3228    301.3262    60.5183
		lb :    488.6772    296.6738    55.4817
		P^-1: 
			    0.5651    0.2050    0.1024
			    0.2050    0.7461    0.2571
			    0.1024    0.2571    0.3833
	==================================================================================
	Q4:
		Shape: Hybrid
		q_c:    485.5000    298.0000    57.0000
		ub :    488.1014    301.3446    60.5094
		lb :    482.8986    294.6554    53.4906
		P^-1: 
			    0.2447    -0.0121    0.0174
			    -0.0121    0.2222    0.0398
			    0.0174    0.0398    0.1931
		A:
			    0.8853    -0.1267    0.4474
			    0.5665    -0.7037    0.4288
			    -0.4694    -0.8725    0.1357
			    0.6103    -0.7876    0.0853
			    -0.4170    -0.0890    -0.9045
			    -0.4679    0.2141    -0.8575
		b:
			    418.5982
			    90.9463
			    -478.9082
			    67.5373
			    -279.3717
			    -210.9865
	==================================================================================
	Q5:
		Shape: Hybrid
		q_c:    489.0000    297.0000    56.5000
		ub :    491.0830    300.1494    59.6810
		lb :    486.9170    293.8506    53.3190
		P^-1: 
			    0.4439    0.0086    -0.0083
			    0.0086    0.2972    0.1419
			    -0.0083    0.1419    0.3078
		A:
			    0.1875    0.5718    0.7987
			    0.3629    0.3482    -0.8643
			    0.0710    0.9336    0.3513
			    0.5705    -0.7201    -0.3949
			    -0.4772    0.4805    0.7358
			    0.6290    0.7669    0.1274
		b:
			    307.4167
			    233.5492
			    332.8137
			    43.6594
			    -48.2671
			    543.5332
	==================================================================================
	Q6:
		Shape: Hybrid
		q_c:    487.0000    296.5000    58.5000
		ub :    489.0104    299.3728    60.9191
		lb :    484.9896    293.6272    56.0809
		P^-1: 
			    0.8051    -0.1587    -0.2230
			    -0.1587    0.2269    0.1515
			    -0.2230    0.1515    0.5725
		A:
			    -0.1673    0.0796    0.9827
			    -0.2952    0.7618    0.5766
			    -0.9988    0.0299    -0.0377
			    0.9024    -0.3177    0.2910
			    0.9461    -0.0702    0.3161
			    0.9652    -0.1846    0.1851
		b:
			    0.4917
			    116.9733
			    -479.0419
			    363.2154
			    459.2608
			    426.9331


===========================================================================================
===========================================================================================
S4:
	q_c:    214.5000    239.5000    210.5000
	ub :    235.0000    247.0000    226.0000
	lb :    194.0000    232.0000    195.0000

	==================================================================================
	Q1:
		Shape: Polyhedra
		q_c:    220.5000    238.0000    204.0000
		ub :    225.5542    243.4877    207.4647
		lb :    215.4458    232.5123    200.5353
		A:
			    0.8456    -0.3135    0.4320
			    0.7203    -0.0200    0.6934
			    0.1531    0.0165    -0.9881
			    -0.0519    -0.8038    -0.5927
			    -0.4532    0.7194    0.5263
			    -0.5554    0.1696    -0.8141
			    0.5291    0.3812    0.7581
			    -0.6766    -0.3496    0.6480
			    0.5121    -0.8558    0.0730
			    -0.5291    -0.3812    -0.7581
			    0.6766    0.3496    -0.6480
			    -0.5121    0.8558    -0.0730
		b:
			    203.5698
			    298.1786
			    -161.5900
			    -320.4580
			    182.5493
			    -245.3423
			    364.0521
			    -97.7065
			    -71.3761
			    -360.0521
			    102.7065
			    80.3761
	==================================================================================
	Q2:
		Shape: Hybrid
		q_c:    216.5000    248.0000    218.0000
		ub :    220.5222    251.8033    221.2004
		lb :    212.4778    244.1967    214.7996
		P^-1: 
			    0.4388    0.3533    0.2461
			    0.3533    0.4366    0.2684
			    0.2461    0.2684    0.3662
		A:
			    -0.1980    -0.9737    0.1131
			    0.3408    0.3657    0.8661
			    -0.2312    -0.5566    -0.7979
			    -0.6883    -0.7198    -0.0906
			    -0.2381    -0.6021    -0.7621
			    -0.3826    0.1166    -0.9165
		b:
			    -257.6681
			    354.3341
			    -361.0427
			    -346.3537
			    -366.0086
			    -251.8465
	==================================================================================
	Q3:
		Shape: Ellipse
		q_c:    222.0000    243.0000    209.5000
		ub :    226.0895    246.6688    214.0498
		lb :    217.9105    239.3312    204.9502
		P^-1: 
			    0.0816    -0.0002    0.0001
			    -0.0002    0.2135    -0.0693
			    0.0001    -0.0693    0.1181
	==================================================================================
	Q4:
		Shape: Hybrid
		q_c:    217.0000    234.5000    211.5000
		ub :    223.1415    241.0251    218.3788
		lb :    210.8585    227.9749    204.6212
		P^-1: 
			    0.0919    -0.0270    0.0134
			    -0.0270    0.0643    -0.0039
			    0.0134    -0.0039    0.0443
		A:
			    0.7882    -0.6139    0.0440
			    0.7861    -0.5776    0.2203
			    0.7309    -0.6805    -0.0520
			    -0.7047    -0.7076    -0.0513
			    -0.3177    -0.6145    -0.7221
			    0.6170    -0.7628    0.1935
		b:
			    37.9624
			    83.2548
			    -10.2902
			    -326.7067
			    -362.7147
			    -2.3322
	==================================================================================
	Q5:
		Shape: Hybrid
		q_c:    211.0000    242.5000    210.0000
		ub :    215.3072    246.2989    213.7863
		lb :    206.6928    238.7011    206.2137
		P^-1: 
			    0.0626    0.0009    0.0008
			    0.0009    0.0816    -0.0000
			    0.0008    -0.0000    0.0816
		A:
			    -0.5586    -0.5767    0.5961
			    0.5379    0.5942    0.5980
			    -0.0922    -0.9871    0.1307
			    -0.5708    -0.8025    -0.1738
			    -0.7031    -0.7108    -0.0193
			    0.3888    0.2654    -0.8823
		b:
			    -130.6310
			    385.0400
			    -229.6325
			    -349.6493
			    -322.8010
			    -37.0374
	==================================================================================
	Q6:
		Shape: Ellipse
		q_c:    222.0000    247.0000    208.5000
		ub :    226.2068    251.4291    213.2093
		lb :    217.7932    242.5709    203.7907
		P^-1: 
			    0.2580    0.0226    0.1959
			    0.0226    0.0648    0.0199
			    0.1959    0.0199    0.2336


===========================================================================================
===========================================================================================
S5:
	q_c:    199.5000    520.5000    479.0000
	ub :    230.0000    541.0000    483.0000
	lb :    169.0000    500.0000    475.0000

	==================================================================================
	Q1:
		Shape: Ellipse
		q_c:    197.0000    519.0000    482.0000
		ub :    200.1076    521.9200    485.2568
		lb :    193.8924    516.0800    478.7432
		P^-1: 
			    0.2869    -0.0710    0.0546
			    -0.0710    0.2368    -0.1044
			    0.0546    -0.1044    0.3307
	==================================================================================
	Q2:
		Shape: Ellipse
		q_c:    202.0000    516.5000    478.0000
		ub :    204.6035    518.9830    480.3930
		lb :    199.3965    514.0170    475.6070
		P^-1: 
			    0.4318    0.1924    -0.0742
			    0.1924    0.5824    -0.3055
			    -0.0742    -0.3055    0.6803
	==================================================================================
	Q3:
		Shape: Hybrid
		q_c:    196.0000    522.0000    479.5000
		ub :    199.2699    525.2054    481.6850
		lb :    192.7301    518.7946    477.3150
		P^-1: 
			    0.2662    0.1375    -0.0061
			    0.1375    0.3384    0.0047
			    -0.0061    0.0047    0.4442
		A:
			    0.1272    0.9340    -0.3340
			    -0.3843    -0.0284    -0.9228
			    0.2615    0.3948    -0.8808
			    0.3313    -0.1163    -0.9363
			    0.1892    0.2714    0.9437
			    -0.4560    0.5754    0.6789
		b:
			    353.3312
			    -531.7331
			    -164.2155
			    -443.8645
			    631.9981
			    537.8232
	==================================================================================
	Q4:
		Shape: Ellipse
		q_c:    200.5000    519.0000    478.5000
		ub :    202.9691    522.0443    480.0424
		lb :    198.0309    515.9557    476.9576
		P^-1: 
			    0.3971    -0.0978    0.0602
			    -0.0978    0.2448    0.1621
			    0.0602    0.1621    0.9626
	==================================================================================
	Q5:
		Shape: Hybrid
		q_c:    197.0000    522.0000    482.5000
		ub :    199.9813    525.0025    485.6433
		lb :    194.0187    518.9975    479.3567
		P^-1: 
			    0.3920    -0.0674    0.0872
			    -0.0674    0.3577    0.1123
			    0.0872    0.1123    0.2992
		A:
			    -0.9871    -0.1598    0.0101
			    -0.9664    0.2537    0.0419
			    0.2957    -0.9486    0.1126
			    0.4219    -0.8679    -0.2622
			    0.8832    0.4076    0.2321
			    -0.8981    0.2896    -0.3309
		b:
			    -271.9154
			    -36.8655
			    -381.5413
			    -495.6644
			    499.7367
			    -184.6465
	==================================================================================
	Q6:
		Shape: Ellipse
		q_c:    199.0000    518.5000    481.0000
		ub :    200.5470    520.9449    482.9834
		lb :    197.4530    516.0551    479.0166
		P^-1: 
			    0.9575    0.1528    -0.0776
			    0.1528    0.2912    0.0224
			    -0.0776    0.0224    0.4458


===========================================================================================
===========================================================================================
S6:
	q_c:    264.0000    519.5000    452.5000
	ub :    265.0000    534.0000    470.0000
	lb :    263.0000    505.0000    435.0000

	==================================================================================
	Q1:
		Shape: Hybrid
		q_c:    263.0000    520.0000    451.5000
		ub :    264.5800    521.6773    452.9251
		lb :    261.4200    518.3227    450.0749
		P^-1: 
			    0.9901    0.0734    0.0016
			    0.0734    0.4546    -0.0119
			    0.0016    -0.0119    0.9997
		A:
			    0.8129    0.4355    -0.3867
			    0.7306    -0.3993    0.5538
			    -0.9557    0.2908    0.0451
			    -0.0709    0.2964    0.9524
			    -0.4899    0.4035    -0.7728
			    0.8480    -0.0502    -0.5276
		b:
			    266.2136
			    235.1901
			    -79.1716
			    566.0621
			    -267.2934
			    -40.7246
	==================================================================================
	Q2:
		Shape: Ellipse
		q_c:    264.5000    519.0000    453.0000
		ub :    265.5875    520.5820    454.2138
		lb :    263.4125    517.4180    451.7862
		P^-1: 
			    3.7321    0.8657    -0.3626
			    0.8657    1.2032    1.1716
			    -0.3626    1.1716    3.5092
	==================================================================================
	Q3:
		Shape: Polyhedra
		q_c:    264.5000    521.5000    452.0000
		ub :    265.9275    523.2492    453.7623
		lb :    263.0725    519.7508    450.2377
		A:
			    -0.6986    -0.2977    -0.6507
			    -0.6592    -0.6685    -0.3444
			    -0.7718    0.6009    -0.2081
			    -0.5207    -0.8418    0.1419
			    -0.6667    -0.7332    0.1343
			    0.7242    0.5203    0.4525
			    0.8245    0.5649    0.0328
			    0.3580    -0.5658    0.7428
			    0.4381    -0.6007    -0.6688
			    -0.8245    -0.5649    -0.0328
			    -0.3580    0.5658    -0.7428
			    -0.4381    0.6007    0.6688
		b:
			    -633.2840
			    -677.9395
			    16.3090
			    -511.9607
			    -497.4172
			    668.1473
			    528.0038
			    136.3606
			    -498.1436
			    -527.0038
			    -134.3606
			    501.1436
	==================================================================================
	Q4:
		Shape: Hybrid
		q_c:    264.5000    519.5000    452.5000
		ub :    265.8370    520.9728    453.7592
		lb :    263.1630    518.0272    451.2408
		P^-1: 
			    1.8196    0.7095    1.1329
			    0.7095    1.6143    0.9809
			    1.1329    0.9809    2.5662
		A:
			    0.4833    0.5776    0.6578
			    0.8110    0.4147    0.4127
			    0.3485    -0.0579    0.9355
			    0.2180    0.1290    0.9674
			    0.1345    0.9119    0.3878
			    -0.7680    -0.0169    0.6403
		b:
			    725.8508
			    617.0461
			    485.8879
			    562.8309
			    685.2886
			    78.5450
	==================================================================================
	Q5:
		Shape: Hybrid
		q_c:    263.5000    520.0000    454.0000
		ub :    265.0276    520.7860    455.5858
		lb :    261.9724    519.2140    452.4142
		P^-1: 
			    2.4160    -0.1269    -1.7626
			    -0.1269    3.9898    -0.1412
			    -1.7626    -0.1412    2.0386
		A:
			    0.5202    0.0939    -0.8489
			    0.4895    0.8228    -0.2886
			    -0.6843    0.0885    0.7239
			    -0.3012    0.9501    0.0810
			    -0.9045    0.1492    0.3995
			    -0.3798    0.8560    -0.3508
		b:
			    -199.0918
			    426.1165
			    194.5947
			    451.7086
			    21.0069
			    186.3204
	==================================================================================
	Q6:
		Shape: Polyhedra
		q_c:    264.5000    520.0000    454.0000
		ub :    266.5371    522.0866    455.3628
		lb :    262.4629    517.9134    452.6372
		A:
			    -0.3562    -0.5380    0.7640
			    0.9425    0.2779    -0.1856
			    0.3152    0.1593    0.9356
			    0.2304    -0.3092    -0.9227
			    -0.3236    -0.7931    -0.5161
			    0.1281    0.9917    0.0081
			    0.3391    0.4576    0.8219
			    0.3880    0.7279    -0.5653
			    -0.8570    0.5106    0.0692
			    -0.3391    -0.4576    -0.8219
			    -0.3880    -0.7279    0.5653
			    0.8570    -0.5106    -0.0692
		b:
			    -25.6958
			    311.0080
			    591.6014
			    -517.7646
			    -731.4809
			    554.6045
			    701.3192
			    225.9737
			    71.7866
			    -700.3192
			    -222.9737
			    -68.7866


===========================================================================================
===========================================================================================
S7:
	q_c:    424.5000    45.5000    129.5000
	ub :    436.0000    59.0000    133.0000
	lb :    413.0000    32.0000    126.0000

	==================================================================================
	Q1:
		Shape: Ellipse
		q_c:    428.5000    47.5000    131.0000
		ub :    430.4649    49.2644    132.7910
		lb :    426.5351    45.7356    129.2090
		P^-1: 
			    0.5923    0.1838    -0.1628
			    0.1838    0.9171    0.0734
			    -0.1628    0.0734    0.9350
	==================================================================================
	Q2:
		Shape: Ellipse
		q_c:    423.0000    46.0000    127.5000
		ub :    426.1155    49.5030    130.6672
		lb :    419.8845    42.4970    124.3328
		P^-1: 
			    0.2985    0.0139    0.0951
			    0.0139    0.2150    0.0883
			    0.0951    0.0883    0.3410
	==================================================================================
	Q3:
		Shape: Polyhedra
		q_c:    427.0000    45.5000    126.5000
		ub :    429.6775    48.1896    128.2888
		lb :    424.3225    42.8104    124.7112
		A:
			    -0.2643    0.2910    -0.9195
			    -0.6875    -0.3361    0.6438
			    -0.8514    -0.2731    0.4479
			    -0.2751    0.6290    -0.7271
			    0.2272    -0.0117    -0.9738
			    0.2470    -0.4613    0.8522
			    0.6414    0.5594    0.5250
			    0.6904    -0.7194    -0.0768
			    0.3347    0.4117    -0.8476
			    -0.6414    -0.5594    -0.5250
			    -0.6904    0.7194    0.0768
			    -0.3347    -0.4117    0.8476
		b:
			    -214.6708
			    -226.2469
			    -317.9557
			    -179.4018
			    -25.5394
			    193.6014
			    367.2429
			    254.3317
			    55.4273
			    -364.2429
			    -250.3317
			    -53.4273
	==================================================================================
	Q4:
		Shape: Hybrid
		q_c:    422.0000    49.0000    130.5000
		ub :    424.6729    51.6845    133.3542
		lb :    419.3271    46.3155    127.6458
		P^-1: 
			    0.3335    0.0528    0.0805
			    0.0528    0.4193    -0.0383
			    0.0805    -0.0383    0.3861
		A:
			    -0.0169    -0.7326    -0.6805
			    -0.2449    -0.8899    0.3848
			    -0.3970    -0.6243    -0.6727
			    0.2650    -0.8370    0.4787
			    -0.8729    0.0285    0.4870
			    -0.6267    0.6959    -0.3507
		b:
			    -130.8867
			    -95.9721
			    -285.1329
			    134.0759
			    -302.2311
			    -275.2359
	==================================================================================
	Q5:
		Shape: Hybrid
		q_c:    423.5000    46.5000    129.5000
		ub :    425.8374    48.8002    131.2395
		lb :    421.1626    44.1998    127.7605
		P^-1: 
			    0.7142    0.3511    -0.0971
			    0.3511    0.5688    0.1193
			    -0.0971    0.1193    0.9670
		A:
			    0.6053    0.7865    -0.1227
			    -0.6258    -0.7458    0.2285
			    0.0760    -0.6515    -0.7548
			    0.9805    0.1248    0.1518
			    0.3577    0.2821    0.8902
			    0.2758    -0.5262    -0.8044
		b:
			    277.6016
			    -269.5418
			    -95.1436
			    441.5758
			    280.4271
			    -11.1108
	==================================================================================
	Q6:
		Shape: Hybrid
		q_c:    422.5000    49.5000    131.0000
		ub :    424.1141    51.8748    133.2282
		lb :    420.8859    47.1252    128.7718
		P^-1: 
			    0.8765    0.0486    -0.2259
			    0.0486    0.2676    -0.0726
			    -0.2259    -0.0726    0.5504
		A:
			    0.1544    -0.9499    0.2717
			    -0.0498    -0.0465    -0.9977
			    -0.7499    -0.2961    0.5916
			    0.7591    -0.5043    0.4116
			    0.9922    0.0423    -0.1177
			    0.0408    0.6207    -0.7830
		b:
			    55.1687
			    -153.0573
			    -253.4356
			    350.6959
			    406.4420
			    -53.5755


===========================================================================================
===========================================================================================
S8:
	q_c:    436.5000    441.5000    386.0000
	ub :    438.0000    445.0000    389.0000
	lb :    435.0000    438.0000    383.0000

	==================================================================================
	Q1:
		Shape: Polyhedra
		q_c:    435.5000    441.0000    387.5000
		ub :    436.6409    442.0702    388.5921
		lb :    434.3591    439.9298    386.4079
		A:
			    -0.0124    0.3610    -0.9325
			    0.7204    -0.6743    -0.1620
			    -0.3607    0.5477    0.7549
			    0.6678    -0.7295    0.1479
			    -0.5232    -0.7674    0.3705
			    0.1301    -0.1311    0.9828
			    0.5773    0.6582    0.4833
			    -0.4383    0.7491    -0.4967
			    -0.6890    0.0750    0.7209
			    -0.5773    -0.6582    -0.4833
			    0.4383    -0.7491    0.4967
			    0.6890    -0.0750    -0.7209
		b:
			    -207.0395
			    -45.9283
			    377.6820
			    26.9355
			    -421.9782
			    380.3226
			    729.9289
			    -52.4835
			    12.8647
			    -727.9289
			    53.4835
			    -11.8647
	==================================================================================
	Q2:
		Shape: Ellipse
		q_c:    436.0000    443.0000    386.5000
		ub :    436.7328    443.8490    387.3328
		lb :    435.2672    442.1510    385.6672
		P^-1: 
			    4.0000    0.0000    0.0000
			    0.0000    4.0000    0.0000
			    0.0000    0.0000    4.0000
	==================================================================================
	Q3:
		Shape: Polyhedra
		q_c:    437.5000    442.5000    387.5000
		ub :    438.8184    443.7307    388.4140
		lb :    436.1816    441.2693    386.5860
		A:
			    0.9132    0.3533    0.2033
			    0.5106    0.6393    -0.5750
			    -0.2738    -0.4973    0.8232
			    -0.9984    0.0566    -0.0061
			    -0.9071    -0.3503    -0.2334
			    0.4728    -0.0502    0.8797
			    0.2306    0.9730    0.0077
			    0.8632    -0.2009    -0.4632
			    -0.4492    0.1135    -0.8862
			    -0.2306    -0.9730    -0.0077
			    -0.8632    0.2009    0.4632
			    0.4492    -0.1135    0.8862
		b:
			    635.4848
			    284.4098
			    -20.0436
			    -413.1819
			    -641.4393
			    526.0465
			    535.4271
			    110.2331
			    -489.2189
			    -533.4271
			    -108.2331
			    490.2189
	==================================================================================
	Q4:
		Shape: Hybrid
		q_c:    438.5000    442.5000    387.5000
		ub :    439.9762    443.5771    388.9837
		lb :    437.0238    441.4229    386.0163
		P^-1: 
			    1.0781    0.4271    -0.2136
			    0.4271    3.3375    -1.1688
			    -0.2136    -1.1688    1.5845
		A:
			    -0.3676    0.9012    0.2298
			    0.3697    0.1457    -0.9177
			    -0.2591    -0.8829    0.3916
			    0.4265    0.8693    -0.2498
			    0.3213    0.8408    -0.4357
			    -0.5324    0.7471    -0.3980
		b:
			    327.2161
			    -128.4285
			    -352.3342
			    475.1811
			    344.3582
			    -56.5563
	==================================================================================
	Q5:
		Shape: Hybrid
		q_c:    437.5000    441.0000    387.5000
		ub :    439.3403    442.6941    388.1668
		lb :    435.6597    439.3059    386.8332
		P^-1: 
			    0.6649    0.2595    -0.3156
			    0.2595    0.8098    0.0572
			    -0.3156    0.0572    3.9698
		A:
			    0.0901    0.1878    0.9781
			    -0.6209    -0.3193    -0.7159
			    -0.3665    -0.1326    -0.9209
			    0.9840    0.1780    -0.0051
			    -0.3401    -0.3041    0.8899
			    -0.0596    -0.0056    -0.9982
		b:
			    501.5522
			    -689.1878
			    -575.1937
			    508.0649
			    62.3031
			    -415.0484
	==================================================================================
	Q6:
		Shape: Hybrid
		q_c:    437.0000    441.0000    386.5000
		ub :    439.0295    442.8778    388.1880
		lb :    434.9705    439.1222    384.8120
		P^-1: 
			    1.5270    1.1711    1.1427
			    1.1711    1.7113    1.2361
			    1.1427    1.2361    1.6506
		A:
			    0.5599    -0.3610    -0.7458
			    0.4728    0.8603    0.1907
			    -0.5717    -0.6360    -0.5182
			    0.2957    0.4164    0.8597
			    0.3474    0.6393    0.6860
			    -0.7507    -0.5846    -0.3077
		b:
			    -201.6093
			    660.2726
			    -730.3792
			    645.6709
			    699.2344
			    -704.3665


===========================================================================================
===========================================================================================
S9:
	q_c:    129.0000    263.0000    274.5000
	ub :    143.0000    284.0000    296.0000
	lb :    115.0000    242.0000    253.0000

	==================================================================================
	Q1:
		Shape: Polyhedra
		q_c:    129.5000    257.5000    273.5000
		ub :    138.5123    259.6985    282.5613
		lb :    120.4877    255.3015    264.4387
		A:
			    0.4262    0.9025    -0.0620
			    0.0130    0.9992    -0.0385
			    0.1744    -0.9337    0.3127
			    0.2451    0.9265    -0.2854
			    0.2039    0.9423    -0.2655
			    -0.1664    0.9834    0.0719
			    0.8339    0.0706    0.5473
			    -0.5518    0.1152    0.8260
			    -0.0047    -0.9908    0.1350
			    -0.8339    -0.0706    -0.5473
			    0.5518    -0.1152    -0.8260
			    0.0047    0.9908    -0.1350
		b:
			    273.5532
			    249.6301
			    -130.4060
			    194.3539
			    198.2893
			    253.3440
			    282.3737
			    190.5931
			    -217.8200
			    -269.3737
			    -177.5931
			    219.8200
	==================================================================================
	Q2:
		Shape: Polyhedra
		q_c:    131.0000    253.0000    288.0000
		ub :    138.5464    261.3529    295.3297
		lb :    123.4536    244.6471    280.6703
		A:
			    -0.9427    0.2269    0.2447
			    -0.1847    -0.1137    0.9762
			    -0.9049    -0.3605    -0.2264
			    0.6443    -0.1917    0.7404
			    -0.9514    -0.0547    0.3031
			    -0.8957    -0.4152    0.1590
			    0.3553    0.6575    0.6645
			    0.3891    0.5424    -0.7446
			    -0.8500    0.5231    -0.0631
			    -0.3553    -0.6575    -0.6645
			    -0.3891    -0.5424    0.7446
			    0.8500    -0.5231    0.0631
		b:
			    8.9916
			    233.1821
			    -270.1149
			    253.8999
			    -46.4761
			    -171.7505
			    409.2475
			    -21.2687
			    7.3106
			    -399.2475
			    31.2687
			    1.6894
	==================================================================================
	Q3:
		Shape: Ellipse
		q_c:    135.5000    252.0000    283.5000
		ub :    139.4420    256.6773    288.0070
		lb :    131.5580    247.3227    278.9930
		P^-1: 
			    0.1192    0.0127    0.0129
			    0.0127    0.1312    0.0204
			    0.0129    0.0204    0.1319
	==================================================================================
	Q4:
		Shape: Hybrid
		q_c:    144.5000    276.0000    282.5000
		ub :    150.1547    284.7126    289.8144
		lb :    138.8453    267.2874    275.1856
		P^-1: 
			    0.0732    -0.0345    -0.0556
			    -0.0345    0.0848    0.0986
			    -0.0556    0.0986    0.1570
		A:
			    0.4049    -0.4602    -0.7901
			    0.5549    0.8216    -0.1304
			    -0.6977    0.1785    0.6938
			    -0.5790    -0.7947    -0.1821
			    0.5084    0.8433    0.1741
			    -0.6593    -0.6319    -0.4075
		b:
			    -290.6198
			    275.4397
			    146.5558
			    -350.1826
			    359.8296
			    -381.4166
	==================================================================================
	Q5:
		Shape: Polyhedra
		q_c:    138.0000    259.5000    287.5000
		ub :    145.2567    265.3916    295.0048
		lb :    130.7433    253.6084    279.9952
		A:
			    0.4478    -0.8236    0.3481
			    0.9064    -0.0491    -0.4195
			    0.6760    0.4264    -0.6011
			    -0.0253    -0.3616    0.9320
			    0.1710    0.4515    -0.8757
			    0.3854    0.9227    -0.0119
			    0.6774    0.3112    0.6666
			    -0.7152    0.0663    0.6958
			    0.1723    -0.9480    0.2675
			    -0.6774    -0.3112    -0.6666
			    0.7152    -0.0663    -0.6958
			    -0.1723    0.9480    -0.2675
		b:
			    -47.6921
			    -4.4182
			    34.8415
			    175.0160
			    -106.9665
			    293.8399
			    371.8811
			    122.0554
			    -141.3140
			    -359.8811
			    -115.0554
			    149.3140
	==================================================================================
	Q6:
		Shape: Hybrid
		q_c:    133.5000    254.5000    263.0000
		ub :    138.0545    260.7380    269.3719
		lb :    128.9455    248.2620    256.6281
		P^-1: 
			    0.3466    -0.1312    -0.1196
			    -0.1312    0.1491    -0.0196
			    -0.1196    -0.0196    0.1324
		A:
			    0.8236    0.0240    -0.5667
			    0.9351    -0.3537    -0.0218
			    0.5798    -0.7030    0.4118
			    -0.5100    -0.5911    0.6249
			    0.2480    0.3121    -0.9171
			    0.7606    -0.6446    0.0773
		b:
			    -31.9453
			    30.4323
			    8.3049
			    -52.2497
			    -126.5235
			    -41.1548


===========================================================================================
===========================================================================================
S10:
	q_c:    317.0000    119.0000    424.0000
	ub :    332.0000    137.0000    442.0000
	lb :    302.0000    101.0000    406.0000

	==================================================================================
	Q1:
		Shape: Hybrid
		q_c:    328.5000    115.0000    436.5000
		ub :    342.0845    129.0774    442.0305
		lb :    314.9155    100.9226    430.9695
		P^-1: 
			    0.0118    -0.0023    0.0056
			    -0.0023    0.0115    -0.0099
			    0.0056    -0.0099    0.0797
		A:
			    0.2264    0.4927    -0.8402
			    -0.7827    0.4183    -0.4609
			    -0.0424    -0.5447    0.8376
			    -0.9388    -0.3374    0.0693
			    0.3002    -0.4613    0.8349
			    0.6273    -0.2652    0.7323
		b:
			    -231.5859
			    -404.3029
			    292.7955
			    -308.7361
			    413.1859
			    499.5004
	==================================================================================
	Q2:
		Shape: Ellipse
		q_c:    325.0000    111.5000    410.5000
		ub :    330.2557    118.3839    417.9403
		lb :    319.7443    104.6161    403.0597
		P^-1: 
			    0.0748    -0.0075    -0.0134
			    -0.0075    0.0486    -0.0012
			    -0.0134    -0.0012    0.0475
	==================================================================================
	Q3:
		Shape: Hybrid
		q_c:    311.0000    103.5000    427.0000
		ub :    318.7060    112.0381    434.9588
		lb :    303.2940    94.9619    419.0412
		P^-1: 
			    0.0716    0.0128    0.0389
			    0.0128    0.0335    0.0084
			    0.0389    0.0084    0.0668
		A:
			    0.2982    0.6097    -0.7344
			    -0.6822    0.4259    -0.5944
			    0.9847    0.0478    -0.1674
			    -0.4569    -0.1276    -0.8803
			    -0.0697    -0.9453    -0.3187
			    0.6296    0.5241    0.5736
		b:
			    -153.7827
			    -419.2001
			    243.1965
			    -529.2811
			    -251.6841
			    496.9123
	==================================================================================
	Q4:
		Shape: Ellipse
		q_c:    317.0000    132.5000    412.5000
		ub :    325.5250    143.5938    421.8896
		lb :    308.4750    121.4062    403.1104
		P^-1: 
			    0.0792    -0.0209    -0.0660
			    -0.0209    0.0239    0.0271
			    -0.0660    0.0271    0.0912
	==================================================================================
	Q5:
		Shape: Ellipse
		q_c:    307.5000    108.5000    420.5000
		ub :    317.5785    116.3546    430.4677
		lb :    297.4215    100.6454    410.5323
		P^-1: 
			    0.0612    -0.0552    -0.0325
			    -0.0552    0.0846    0.0478
			    -0.0325    0.0478    0.0518
	==================================================================================
	Q6:
		Shape: Ellipse
		q_c:    324.5000    126.0000    416.5000
		ub :    331.1900    134.1509    424.7666
		lb :    317.8100    117.8491    408.2334
		P^-1: 
			    0.2048    -0.1048    -0.1839
			    -0.1048    0.0843    0.0989
			    -0.1839    0.0989    0.2009


===========================================================================================
===========================================================================================
S11:
	q_c:    283.0000    38.5000    494.5000
	ub :    298.0000    59.0000    505.0000
	lb :    268.0000    18.0000    484.0000

	==================================================================================
	Q1:
		Shape: Polyhedra
		q_c:    288.0000    45.5000    504.5000
		ub :    296.1667    53.8871    509.8687
		lb :    279.8333    37.1129    499.1313
		A:
			    -0.3768    -0.4380    -0.8162
			    -0.9976    0.0374    -0.0588
			    -0.1610    0.6595    -0.7343
			    0.6924    -0.0228    0.7211
			    0.3516    0.0562    0.9345
			    -0.3535    -0.5713    0.7407
			    0.6476    0.7293    0.2208
			    0.7555    -0.6522    -0.0619
			    0.0989    0.2069    -0.9734
			    -0.6476    -0.7293    -0.2208
			    -0.7555    0.6522    0.0619
			    -0.0989    -0.2069    0.9734
		b:
			    -535.6269
			    -309.6493
			    -382.1741
			    567.0946
			    579.5709
			    250.1377
			    336.0870
