3D_45_12_6_f                l = 3

===========================================================================================
===========================================================================================
S1:
	q_c:	415.0	193.0	66.5
	ub :	427.6159	202.8432	79.3191
	lb :	408.6854	182.2582	52.4677

	==================================================================================
	Q1:
		Shape: Polyhedra
		q_c:	422.0	188.5	72.0
		ub :	426.6766	193.2675	77.5074
		lb :	417.3234	183.7325	66.4926
		A:
			0.2943	-0.9365	0.1908
			0.2433	-0.9693	0.0369
			0.1861	-0.7338	0.6534
			-0.0981	0.9597	-0.2635
			-0.1356	0.937	-0.3219
			0.297	-0.8009	0.5199
			0.3108	0.6315	0.7104
			-0.6315	0.6958	-0.3422
			-0.7104	-0.3422	0.615
			-0.3108	-0.6315	-0.7104
			0.6315	-0.6958	0.3422
			0.7104	0.3422	-0.615
		b:
			-36.4419
			-74.8968
			-10.5129
			123.0079
			98.5643
			13.7347
			305.329
			-158.4849
			-316.5093
			-297.329
			161.4849
			323.5093
	==================================================================================
	Q2:
		Shape: Ellipse
		q_c:	419.0	193.5	59.0
		ub :	424.3921	200.4997	65.5323
		lb :	413.6079	186.5003	52.4677
		P^-1:
			0.0542	0.0093	0.0138
			0.0093	0.0592	0.0351
			0.0138	0.0351	0.0801
	==================================================================================
	Q3:
		Shape: Hybrid
		q_c:	413.5	197.0	59.0
		ub :	418.3146	202.8432	62.2629
		lb :	408.6854	191.1568	55.7371
		P^-1:
			0.194	-0.0937	0.0013
			-0.0937	0.0895	-0.0163
			0.0013	-0.0163	0.1596
		A:
			0.8611	-0.3253	0.3909
			-0.645	0.1393	-0.7514
			0.2659	0.7739	-0.5748
			-0.5414	-0.1874	-0.8196
			0.5441	-0.838	0.0412
			-0.6923	-0.1962	0.6944
		b:
			316.3026
			-281.9459
			231.8721
			-306.6666
			64.3586
			-281.6932
	==================================================================================
	Q4:
		Shape: Hybrid
		q_c:	423.5	186.5	76.0
		ub :	427.6159	190.7418	79.3191
		lb :	419.3841	182.2582	72.6809
		P^-1:
			0.2183	-0.1499	-0.0864
			-0.1499	0.2493	0.0786
			-0.0864	0.0786	0.2185
		A:
			-0.0394	-0.4295	-0.9022
			-0.0119	-0.3014	0.9534
			-0.7814	0.447	0.4355
			0.5632	-0.8233	-0.0713
			-0.0715	0.8813	-0.4671
			-0.1854	0.3237	0.9278
		b:
			-163.7457
			12.9178
			-213.4924
			80.5256
			100.4192
			53.688
	==================================================================================
	Q5:
		Shape: Hybrid
		q_c:	421.0	190.0	65.0
		ub :	424.697	193.4947	68.7627
		lb :	417.303	186.5053	61.2373
		P^-1:
			0.5324	-0.4571	-0.029
			-0.4571	0.5482	0.0388
			-0.029	0.0388	0.1122
		A:
			-0.8264	0.4932	-0.2716
			0.5774	0.7359	-0.3537
			-0.3781	0.9243	0.0525
			-0.6567	-0.7132	0.245
			-0.7451	0.6586	0.1049
			-0.5588	0.8235	0.0974
		b:
			-270.8283
			362.8655
			20.9409
			-393.0648
			-181.1862
			-71.8057
	==================================================================================
	Q6:
		Shape: Polyhedra
		q_c:	420.5	194.5	70.0
		ub :	426.5347	200.3484	75.5292
		lb :	414.4653	188.6516	64.4708
		A:
			0.6074	0.1591	0.7783
			-0.8431	-0.5266	0.1096
			0.4595	0.862	-0.2139
			0.2553	0.774	0.5794
			-0.2445	-0.9364	-0.2518
			0.995	-0.0978	-0.0203
			0.7479	0.2921	0.5961
			-0.3261	-0.6206	0.7132
			0.5782	-0.7278	-0.3689
			-0.7479	-0.2921	-0.5961
			0.3261	0.6206	-0.7132
			-0.5782	0.7278	0.3689
		b:
			344.2642
			-446.1404
			348.8608
			302.3659
			-298.8116
			401.8491
			416.5329
			-205.3838
			80.2539
			-409.5329
			210.3838
			-71.2539


===========================================================================================
===========================================================================================
S2:
	q_c:	138.5	371.5	113.5
	ub :	151.3784	385.8293	127.1303
	lb :	127.712	360.7065	107.4202

	==================================================================================
	Q1:
		Shape: Hybrid
		q_c:	138.5	365.5	115.0
		ub :	144.3822	370.2935	120.6126
		lb :	132.6178	360.7065	109.3874
		P^-1:
			0.4297	0.4169	0.2141
			0.4169	0.4786	0.2418
			0.2141	0.2418	0.1873
		A:
			-0.3871	-0.8826	-0.2668
			-0.6818	-0.729	-0.0608
			0.822	0.32	-0.471
			0.8884	0.4173	0.1915
			-0.5453	-0.7949	-0.2661
			-0.5485	-0.5803	-0.602
		b:
			-405.332
			-366.7562
			179.5374
			299.2188
			-395.7794
			-356.3244
	==================================================================================
	Q2:
		Shape: Hybrid
		q_c:	143.5	381.0	110.5
		ub :	148.4309	385.8293	113.3584
		lb :	138.5691	376.1707	107.6416
		P^-1:
			0.1003	-0.0502	0.0076
			-0.0502	0.1305	-0.0259
			0.0076	-0.0259	0.2417
		A:
			-0.0701	0.2606	0.9629
			0.127	-0.9409	-0.3139
			-0.3469	-0.2934	0.8908
			0.6655	-0.5041	-0.5505
			-0.134	-0.9854	-0.1047
			0.2431	-0.9681	0.0603
		b:
			196.8325
			-373.0205
			-61.6753
			-155.8623
			-403.9151
			-325.5657
	==================================================================================
	Q3:
		Shape: Polyhedra
		q_c:	142.0	375.5	111.5
		ub :	143.7716	379.4402	115.5798
		lb :	140.2284	371.5598	107.4202
		A:
			0.8885	-0.0156	-0.4586
			-0.9023	0.4243	0.076
			-0.635	-0.5708	0.5205
			0.7849	-0.1738	-0.5947
			-0.3876	-0.7021	0.5973
			0.0732	-0.4782	0.8752
			0.0865	0.6718	0.7357
			-0.2525	0.7291	-0.6361
			-0.9637	-0.1308	0.2327
			-0.0865	-0.6718	-0.7357
			0.2525	-0.7291	0.6361
			0.9637	0.1308	-0.2327
		b:
			70.5157
			41.2297
			-245.0167
			-18.1801
			-250.3721
			-69.4099
			350.0676
			168.9973
			-158.9978
			-343.0676
			-164.9973
			160.9978
	==================================================================================
	Q4:
		Shape: Polyhedra
		q_c:	131.5	366.0	122.5
		ub :	135.288	371.0653	127.1303
		lb :	127.712	360.9347	117.8697
		A:
			0.657	-0.691	-0.3014
			-0.0794	-0.1717	0.982
			-0.9143	0.3765	0.1492
			-0.6827	0.0173	0.7305
			0.0176	0.9871	0.1589
			-0.6075	0.0407	-0.7933
			0.1379	0.7012	0.6994
			0.1138	0.6903	-0.7145
			-0.9839	0.1782	0.0154
			-0.1379	-0.7012	-0.6994
			-0.1138	-0.6903	0.7145
			0.9839	-0.1782	-0.0154
		b:
			-200.0487
			50.0627
			38.9161
			9.1008
			386.6349
			-158.8546
			364.4782
			182.5867
			-59.2796
			-356.4782
			-177.5867
			65.2796
	==================================================================================
	Q5:
		Shape: Hybrid
		q_c:	141.0	369.0	122.5
		ub :	145.0173	373.0691	126.7314
		lb :	136.9827	364.9309	118.2686
		P^-1:
			0.1184	0.0098	0.0144
			0.0098	0.1577	-0.0034
			0.0144	-0.0034	0.155
		A:
			-0.1329	0.3707	-0.9192
			0.9293	0.2711	-0.2508
			0.2869	-0.3353	0.8974
			0.0681	0.8253	0.5605
			0.2372	-0.5504	-0.8005
			-0.7487	-0.6549	-0.1029
		b:
			6.7149
			201.9804
			27.9128
			384.1102
			-266.256
			-358.4335
	==================================================================================
	Q6:
		Shape: Polyhedra
		q_c:	145.5	375.0	113.0
		ub :	151.3784	380.5067	118.177
		lb :	139.6216	369.4933	107.823
		A:
			-0.6574	-0.6139	-0.437
			0.6892	0.4224	0.5887
			0.8801	-0.4573	0.1279
			-0.7941	-0.6071	-0.0299
			0.5555	-0.3068	0.7729
			-0.6932	-0.6086	-0.3861
			0.627	0.233	0.7434
			-0.6485	0.6848	0.3324
			-0.4316	-0.6905	0.5804
			-0.627	-0.233	-0.7434
			0.6485	-0.6848	-0.3324
			0.4316	0.6905	-0.5804
		b:
			-372.2991
			328.1696
			-24.8783
			-343.8168
			56.2013
			-369.8105
			265.5967
			204.4881
			-253.6483
			-259.5967
			-195.4881
			258.6483


===========================================================================================
===========================================================================================
S3:
	q_c:	91.5	355.5	122.5
	ub :	101.8973	370.4383	133.965
	lb :	82.6137	344.5507	114.0314

	==================================================================================
	Q1:
		Shape: Ellipse
		q_c:	89.0	365.5	123.0
		ub :	92.9579	370.4383	126.6966
		lb :	85.0421	360.5617	119.3034
		P^-1:
			0.2206	-0.0505	-0.027
			-0.0505	0.0669	0.0255
			-0.027	0.0255	0.172
	==================================================================================
	Q2:
		Shape: Polyhedra
		q_c:	96.0	354.0	119.5
		ub :	101.347	356.8371	124.9686
		lb :	90.653	351.1629	114.0314
		A:
			0.0632	0.7089	0.7024
			-0.4416	0.8949	-0.065
			0.9848	-0.1552	0.078
			-0.1206	-0.8865	-0.4467
			-0.4956	-0.7643	-0.4126
			0.6167	0.6632	0.4241
			0.8062	0.0959	0.5839
			-0.2314	0.9593	0.1619
			-0.5446	-0.2656	0.7955
			-0.8062	-0.0959	-0.5839
			0.2314	-0.9593	-0.1619
			0.5446	0.2656	-0.7955
		b:
			343.5397
			268.4137
			52.3305
			-376.725
			-364.677
			347.6973
			184.6155
			338.2253
			-47.24
			-177.6155
			-335.2253
			55.24
	==================================================================================
	Q3:
		Shape: Polyhedra
		q_c:	95.0	347.5	121.0
		ub :	99.0546	350.4493	124.2716
		lb :	90.9454	344.5507	117.7284
		A:
			-0.4891	0.8275	-0.2758
			0.5752	-0.5567	-0.5994
			0.6177	-0.592	-0.5177
			0.283	-0.4113	0.8665
			-0.062	-0.9925	-0.1057
			0.6972	-0.5885	-0.4093
			0.9377	0.2214	0.2676
			-0.152	-0.4313	0.8893
			0.3123	-0.8746	-0.3708
			-0.9377	-0.2214	-0.2676
			0.152	0.4313	-0.8893
			-0.3123	0.8746	0.3708
		b:
			209.6871
			-209.5613
			-207.8538
			-8.8975
			-361.7233
			-185.7902
			201.8963
			-54.7026
			-317.6331
			-194.8963
			58.7026
			320.6331
	==================================================================================
	Q4:
		Shape: Hybrid
		q_c:	95.5	363.5	127.5
		ub :	101.8973	370.1132	133.965
		lb :	89.1027	356.8868	121.035
		P^-1:
			0.0429	0.0055	0.0052
			0.0055	0.061	-0.0014
			0.0052	-0.0014	0.0611
		A:
			0.0086	0.9931	0.1166
			0.3349	-0.182	0.9245
			0.0362	0.7093	0.704
			-0.7841	-0.5803	0.2199
			-0.4524	-0.8451	0.2849
			0.6656	0.1207	0.7365
		b:
			378.7767
			85.7404
			353.1474
			-255.3716
			-311.9996
			203.53
	==================================================================================
	Q5:
		Shape: Ellipse
		q_c:	89.0	357.5	122.0
		ub :	93.0824	360.8795	126.4051
		lb :	84.9176	354.1205	117.5949
		P^-1:
			0.2953	0.147	0.0864
			0.147	0.2253	0.0585
			0.0864	0.0585	0.1166
	==================================================================================
	Q6:
		Shape: Hybrid
		q_c:	87.5	355.0	120.5
		ub :	92.3863	358.3209	125.0144
		lb :	82.6137	351.6791	115.9856
		P^-1:
			0.0699	-0.004	0.0216
			-0.004	0.3629	-0.1448
			0.0216	-0.1448	0.1853
		A:
			-0.4977	-0.8369	-0.2279
			-0.0702	-0.9714	0.2269
			0.0615	-0.9936	-0.0947
			0.2545	-0.939	0.2315
			-0.5076	0.4526	0.7331
			-0.153	0.8532	0.4986
		b:
			-366.1974
			-322.6995
			-357.3037
			-282.021
			207.5093
			351.7845


===========================================================================================
===========================================================================================
S4:
	q_c:	278.0	169.0	156.5
	ub :	296.7923	194.6351	176.2885
	lb :	267.7617	151.1341	142.0664

	==================================================================================
	Q1:
		Shape: Ellipse
		q_c:	292.0	176.5	148.0
		ub :	296.7923	182.3393	152.8294
		lb :	287.2077	170.6607	143.1706
		P^-1:
			0.1375	-0.0155	-0.0348
			-0.0155	0.0431	-0.0002
			-0.0348	-0.0002	0.101
	==================================================================================
	Q2:
		Shape: Ellipse
		q_c:	280.0	176.5	163.5
		ub :	288.4296	185.8108	171.2561
		lb :	271.5704	167.1892	155.7439
		P^-1:
			0.0312	0.0062	0.0089
			0.0062	0.0387	0.0172
			0.0089	0.0172	0.0441
	==================================================================================
	Q3:
		Shape: Ellipse
		q_c:	277.5	158.5	152.5
		ub :	287.2383	165.8659	161.8107
		lb :	267.7617	151.1341	143.1893
		P^-1:
			0.0339	-0.0133	0.0067
			-0.0133	0.0563	0.003
			0.0067	0.003	0.0232
	==================================================================================
	Q4:
		Shape: Hybrid
		q_c:	289.0	185.0	151.5
		ub :	294.6889	194.6351	160.9336
		lb :	283.3111	175.3649	142.0664
		P^-1:
			0.1004	-0.0239	-0.0147
			-0.0239	0.0305	0.0083
			-0.0147	0.0083	0.0283
		A:
			0.2614	-0.9052	-0.3352
			-0.9352	0.3313	0.125
			-0.8009	-0.5843	-0.1308
			0.7184	-0.4796	0.5038
			0.3465	-0.9083	-0.2343
			-0.9146	0.0275	0.4034
		b:
			-138.7061
			-188.5095
			-355.3121
			198.8808
			-99.5263
			-195.9561
	==================================================================================
	Q5:
		Shape: Hybrid
		q_c:	283.5	168.5	163.5
		ub :	294.1489	179.2373	175.0125
		lb :	272.8511	157.7627	151.9875
		P^-1:
			0.0308	-0.0154	-0.0035
			-0.0154	0.0344	0.0054
			-0.0035	0.0054	0.0176
		A:
			-0.8291	-0.3781	-0.4118
			-0.8038	0.4086	0.4324
			-0.6775	0.5001	0.5393
			-0.2268	0.9658	-0.1258
			-0.9358	0.3242	-0.1386
			0.5552	-0.823	0.1201
		b:
			-360.9198
			-85.2995
			-16.6259
			81.3825
			-229.9049
			41.1177
	==================================================================================
	Q6:
		Shape: Polyhedra
		q_c:	287.5	179.0	169.5
		ub :	296.2839	187.6368	176.2885
		lb :	278.7161	170.3632	162.7115
		A:
			0.5298	-0.2951	0.7951
			0.3845	-0.7731	-0.5044
			0.6052	0.7677	-0.2107
			-0.6773	0.3512	0.6465
			-0.8228	0.5388	0.1808
			-0.1404	-0.2412	0.9603
			0.7517	0.5772	0.3191
			0.1426	0.33	-0.9331
			-0.6439	0.747	0.1658
			-0.7517	-0.5772	-0.3191
			-0.1426	-0.33	0.9331
			0.6439	-0.747	-0.1658
		b:
			239.3205
			-108.8555
			282.3047
			-18.213
			-105.1519
			83.2258
			381.0116
			-54.0788
			-19.3113
			-366.0116
			62.0788
			27.3113


===========================================================================================
===========================================================================================
S5:
	q_c:	420.0	377.5	126.0
	ub :	444.5588	406.3183	151.1305
	lb :	391.523	364.4595	107.7627

	==================================================================================
	Q1:
		Shape: Ellipse
		q_c:	415.5	371.0	139.5
		ub :	423.2452	377.5405	146.9948
		lb :	407.7548	364.4595	132.0052
		P^-1:
			0.055	-0.0169	0.0095
			-0.0169	0.0698	-0.0004
			0.0095	-0.0004	0.0392
	==================================================================================
	Q2:
		Shape: Polyhedra
		q_c:	401.5	376.5	131.0
		ub :	409.5497	383.9626	139.6632
		lb :	393.4503	369.0374	122.3368
		A:
			-0.9857	-0.149	0.0783
			0.8086	0.2817	0.5165
			0.7195	-0.4392	0.5379
			0.3273	0.8957	-0.3011
			0.9316	-0.0614	0.3584
			-0.1991	0.1641	-0.9661
			0.0053	0.9519	0.3064
			0.8135	0.1741	-0.5549
			-0.5816	0.2522	-0.7734
			-0.0053	-0.9519	-0.3064
			-0.8135	-0.1741	0.5549
			0.5816	-0.2522	0.7734
		b:
			-435.1974
			503.337
			198.2702
			435.1586
			402.9554
			-140.0654
			406.1477
			326.4581
			-235.8822
			-395.1477
			-312.4581
			243.8822
	==================================================================================
	Q3:
		Shape: Hybrid
		q_c:	435.5	396.5	140.5
		ub :	444.5588	406.3183	151.1305
		lb :	426.4412	386.6817	129.8695
		P^-1:
			0.0244	-0.001	0.0012
			-0.001	0.0252	-0.0017
			0.0012	-0.0017	0.0256
		A:
			-0.7441	0.6535	-0.139
			-0.5297	-0.4817	0.6981
			0.7985	-0.5552	0.2327
			0.5846	0.1125	-0.8035
			-0.1418	-0.5184	0.8433
			-0.5283	-0.2873	0.799
		b:
			-81.2806
			-320.2581
			163.444
			189.7392
			-145.6408
			-228.3819
	==================================================================================
	Q4:
		Shape: Hybrid
		q_c:	407.5	382.0	124.5
		ub :	415.9335	392.2288	133.3448
		lb :	399.0665	371.7712	115.6552
		P^-1:
			0.0224	0.0081	0.0144
			0.0081	0.0295	0.0273
			0.0144	0.0273	0.0613
		A:
			-0.491	-0.6081	0.6238
			0.4547	-0.7831	-0.4243
			-0.331	-0.1982	-0.9226
			0.5922	0.7364	0.3271
			0.5606	0.5347	0.6323
			0.8638	0.4955	0.0909
		b:
			-348.2332
			-161.8576
			-323.0296
			567.34
			513.945
			557.6284
	==================================================================================
	Q5:
		Shape: Hybrid
		q_c:	420.0	391.5	139.5
		ub :	429.2756	400.3129	149.3769
		lb :	410.7244	382.6871	129.6231
		P^-1:
			0.0228	-0.0002	-0.0017
			-0.0002	0.048	-0.0197
			-0.0017	-0.0197	0.0358
		A:
			0.925	0.3286	-0.1906
			0.7187	-0.6762	0.1618
			-0.3758	0.1292	-0.9176
			-0.5112	-0.7873	0.3448
			-0.6015	-0.0548	0.797
			0.3424	0.9388	0.0378
		b:
			494.8889
			63.3549
			-231.3325
			-471.8492
			-158.961
			520.1798
	==================================================================================
	Q6:
		Shape: Hybrid
		q_c:	405.0	378.0	118.5
		ub :	418.477	391.5038	129.2373
		lb :	391.523	364.4962	107.7627
		P^-1:
			0.0172	0.0038	0.0013
			0.0038	0.0135	0.0003
			0.0013	0.0003	0.0186
		A:
			-0.804	-0.4115	0.4292
			-0.9505	-0.1641	0.2639
			0.4665	0.8489	0.2485
			0.2111	-0.0542	0.976
			-0.5589	-0.8258	-0.075
			0.795	0.1287	-0.5928
		b:
			-426.4008
			-411.5571
			543.4481
			184.4693
			-543.3384
			304.6144


===========================================================================================
===========================================================================================
S6:
	q_c:	27.0	256.5	283.5
	ub :	35.0362	262.6706	293.9218
	lb :	18.7576	246.1364	272.7112

	==================================================================================
	Q1:
		Shape: Polyhedra
		q_c:	29.5	252.0	279.5
		ub :	35.0362	257.0589	285.2165
		lb :	23.9638	246.9411	273.7835
		A:
			0.6321	0.7639	0.1302
			-0.2425	0.8889	-0.3887
			0.5216	0.8529	-0.0225
			-0.8892	0.2537	-0.3806
			0.5845	-0.6819	0.4398
			0.0969	-0.2156	0.9717
			0.6617	0.227	0.7146
			-0.7076	0.5042	0.4951
			-0.2479	-0.8332	0.4942
			-0.6617	-0.227	-0.7146
			0.7076	-0.5042	-0.4951
			0.2479	0.8332	-0.4942
		b:
			250.7788
			111.3112
			227.185
			-65.1972
			-28.3694
			223.4159
			279.9541
			248.0475
			-76.1461
			-272.9541
			-241.0475
			82.1461
	==================================================================================
	Q2:
		Shape: Hybrid
		q_c:	22.0	258.5	278.5
		ub :	25.089	261.6699	282.2022
		lb :	18.911	255.3301	274.7978
		P^-1:
			0.564	-0.3919	-0.0346
			-0.3919	0.6131	0.137
			-0.0346	0.137	0.1841
		A:
			-0.6108	0.6546	0.4454
			-0.4248	-0.7963	-0.4306
			-0.4882	-0.2654	-0.8314
			0.6831	0.7296	-0.0323
			0.2466	-0.7761	-0.5804
			-0.0945	-0.5018	-0.8598
		b:
			280.5699
			-333.6525
			-309.2646
			196.621
			-355.8931
			-369.7184
	==================================================================================
	Q3:
		Shape: Polyhedra
		q_c:	30.0	251.0	278.0
		ub :	34.0567	255.3644	282.5789
		lb :	25.9433	246.6356	273.4211
		A:
			-0.6833	0.55	-0.4802
			0.1189	-0.9893	-0.0848
			-0.7554	-0.2661	0.5988
			-0.7202	-0.5889	0.3668
			-0.0945	-0.4199	-0.9026
			0.5666	-0.2513	0.7848
			0.7207	0.4598	0.5188
			0.0679	-0.7916	0.6072
			0.6899	-0.4024	-0.6018
			-0.7207	-0.4598	-0.5188
			-0.0679	0.7916	-0.6072
			-0.6899	0.4024	0.6018
		b:
			-13.3277
			-265.7176
			79.5804
			-64.7535
			-356.3831
			174.8343
			284.261
			-25.348
			-245.0919
			-278.261
			30.348
			250.0919
	==================================================================================
	Q4:
		Shape: Ellipse
		q_c:	24.5	250.5	279.5
		ub :	30.2424	254.8636	285.4983
		lb :	18.7576	246.1364	273.5017
		P^-1:
			0.07	0.0239	0.01
			0.0239	0.1392	0.032
			0.01	0.032	0.0758
	==================================================================================
	Q5:
		Shape: Hybrid
		q_c:	27.5	252.5	278.0
		ub :	33.0398	256.6431	283.2888
		lb :	21.9602	248.3569	272.7112
		P^-1:
			0.076	-0.0007	0.0087
			-0.0007	0.0815	0.0011
			0.0087	0.0011	0.0682
		A:
			-0.6712	0.6299	0.3908
			-0.7981	0.1026	-0.5937
			0.0895	-0.9852	-0.1459
			0.0501	-0.5866	-0.8083
			-0.7734	-0.5467	0.3208
			0.6414	-0.6009	-0.4771
		b:
			251.2138
			-159.331
			-285.1166
			-369.4738
			-68.1141
			-264.7072
	==================================================================================
	Q6:
		Shape: Hybrid
		q_c:	28.5	259.0	289.5
		ub :	31.8774	262.6706	293.9218
		lb :	25.1226	255.3294	285.0782
		P^-1:
			0.2334	0.0071	-0.0457
			0.0071	0.1558	-0.025
			-0.0457	-0.025	0.1024
		A:
			-0.8497	0.5247	0.0511
			-0.7873	0.5188	0.3332
			0.9018	0.1042	-0.4193
			0.9298	0.24	0.2789
			0.8312	0.114	0.5442
			-0.612	-0.7785	0.1393
		b:
			127.7164
			209.7153
			-67.6771
			170.9868
			212.7287
			-177.4148


===========================================================================================
===========================================================================================
S7:
	q_c:	453.5	131.5	353.5
	ub :	465.1575	140.1098	364.9482
	lb :	442.7683	119.3991	347.3349

	==================================================================================
	Q1:
		Shape: Ellipse
		q_c:	455.5	128.5	354.5
		ub :	460.3997	132.7258	359.7125
		lb :	450.6003	124.2742	349.2875
		P^-1:
			0.1401	-0.0499	0.0755
			-0.0499	0.1441	-0.0356
			0.0755	-0.0356	0.1394
	==================================================================================
	Q2:
		Shape: Ellipse
		q_c:	449.0	132.5	359.0
		ub :	455.2317	137.5164	364.9482
		lb :	442.7683	127.4836	353.0518
		P^-1:
			0.0733	0.0012	0.0094
			0.0012	0.0815	-0.0014
			0.0094	-0.0014	0.071
	==================================================================================
	Q3:
		Shape: Ellipse
		q_c:	461.0	124.0	355.5
		ub :	465.1575	128.6009	359.4358
		lb :	456.8425	119.3991	351.5642
		P^-1:
			0.1543	-0.0094	0.0125
			-0.0094	0.1444	0.0207
			0.0125	0.0207	0.1324
	==================================================================================
	Q4:
		Shape: Hybrid
		q_c:	458.0	134.5	350.0
		ub :	463.3276	140.1098	352.6651
		lb :	452.6724	128.8902	347.3349
		P^-1:
			0.1057	-0.0472	0.0676
			-0.0472	0.0906	-0.0787
			0.0676	-0.0787	0.4086
		A:
			0.3205	-0.016	0.9471
			-0.2876	0.2943	0.9114
			-0.31	-0.0643	0.9485
			-0.1483	-0.1284	0.9806
			0.3621	0.2713	0.8918
			-0.6999	0.3068	-0.6449
		b:
			477.1691
			228.4613
			182.7281
			259.1202
			516.2861
			-503.5933
	==================================================================================
	Q5:
		Shape: Polyhedra
		q_c:	454.5	133.5	354.0
		ub :	457.7679	138.0366	358.6343
		lb :	451.2321	128.9634	349.3657
		A:
			0.8253	-0.5591	0.0799
			-0.8316	0.0444	0.5535
			-0.6845	0.2173	0.6959
			-0.0246	-0.411	0.9113
			-0.2288	-0.9017	0.3668
			0.1331	0.9876	-0.0829
			0.0514	0.6758	0.7353
			-0.2275	0.7248	-0.6503
			-0.9724	-0.1339	0.191
			-0.0514	-0.6758	-0.7353
			0.2275	-0.7248	0.6503
			0.9724	0.1339	-0.191
		b:
			331.4988
			-173.5081
			-33.0564
			259.4967
			-91.5913
			165.9624
			376.8758
			-233.8571
			-389.7041
			-370.8758
			239.8571
			394.7041
	==================================================================================
	Q6:
		Shape: Polyhedra
		q_c:	448.0	126.0	357.0
		ub :	453.1491	131.2865	362.3885
		lb :	442.8509	120.7135	351.6115
		A:
			0.8123	0.5691	-0.1279
			0.8304	-0.5546	-0.0538
			0.0457	0.9081	-0.4163
			0.8914	-0.4166	-0.1783
			-0.7674	0.5188	0.3768
			0.9744	0.1013	0.2009
			0.2275	0.9312	0.2847
			0.6829	0.0559	-0.7284
			-0.6942	0.3601	-0.6232
			-0.2275	-0.9312	-0.2847
			-0.6829	-0.0559	0.7284
			0.6942	-0.3601	0.6232
		b:
			393.8689
			286.087
			-9.8802
			286.3995
			-140.3934
			524.1435
			325.3694
			56.4172
			-485.6307
			-316.3694
			-49.4172
			490.6307


===========================================================================================
===========================================================================================
S8:
	q_c:	493.5	362.0	215.0
	ub :	507.1688	374.3621	229.0299
	lb :	483.4244	351.3826	205.4594

	==================================================================================
	Q1:
		Shape: Polyhedra
		q_c:	491.5	367.0	223.5
		ub :	497.1127	373.051	229.0299
		lb :	485.8873	360.949	217.9701
		A:
			0.916	-0.2992	0.2673
			-0.105	-0.9713	0.2136
			0.5732	0.7295	-0.3731
			-0.2214	-0.8838	0.4123
			0.5425	0.2293	0.8082
			-0.923	0.3671	-0.1155
			0.8069	0.5787	0.1183
			0.3081	-0.5833	0.7516
			0.5039	-0.57	-0.6489
			-0.8069	-0.5787	-0.1183
			-0.3081	0.5833	-0.7516
			-0.5039	0.57	0.6489
		b:
			403.4887
			-357.069
			469.135
			-337.991
			534.6601
			-341.1299
			638.4204
			108.3446
			-102.0689
			-632.4204
			-102.3446
			111.0689
	==================================================================================
	Q2:
		Shape: Hybrid
		q_c:	496.0	369.0	215.0
		ub :	500.2725	374.3621	219.63
		lb :	491.7275	363.6379	210.37
		P^-1:
			0.1077	-0.0135	0.0032
			-0.0135	0.0526	-0.0021
			0.0032	-0.0021	0.0626
		A:
			-0.6027	0.6311	-0.4883
			0.8125	-0.4146	-0.4099
			-0.4474	-0.3085	0.8394
			0.5381	-0.4835	0.6904
			-0.318	-0.8674	0.3828
			-0.1347	-0.4545	-0.8805
		b:
			-169.0137
			163.7174
			-152.8074
			239.0157
			-392.5771
			-421.1947
	==================================================================================
	Q3:
		Shape: Ellipse
		q_c:	490.0	358.5	220.0
		ub :	496.5756	365.6174	226.3475
		lb :	483.4244	351.3826	213.6525
		P^-1:
			0.0942	0.0144	0.0542
			0.0144	0.0513	0.0229
			0.0542	0.0229	0.1039
	==================================================================================
	Q4:
		Shape: Hybrid
		q_c:	501.5	357.5	223.0
		ub :	505.7156	360.8631	227.369
		lb :	497.2844	354.1369	218.631
		P^-1:
			0.1511	0.0363	-0.0076
			0.0363	0.2151	0.0479
			-0.0076	0.0479	0.155
		A:
			0.9107	0.4068	0.0718
			0.0105	-0.3606	0.9327
			-0.6288	-0.7536	-0.1916
			-0.4646	0.8233	0.3262
			0.0832	-0.065	-0.9944
			0.8772	0.4648	-0.1206
		b:
			619.536
			86.1558
			-626.3855
			135.4795
			-201.6652
			580.5185
	==================================================================================
	Q5:
		Shape: Polyhedra
		q_c:	492.5	364.0	210.5
		ub :	498.1609	369.1294	215.5406
		lb :	486.8391	358.8706	205.4594
		A:
			-0.5391	-0.6356	0.5527
			0.5886	0.0562	0.8065
			-0.8787	0.4755	-0.042
			0.751	0.6107	-0.2511
			-0.2028	-0.6748	-0.7096
			-0.7943	0.4856	-0.3651
			0.7765	0.5647	0.2797
			0.5145	-0.8244	0.2361
			0.3639	-0.0394	-0.9306
			-0.7765	-0.5647	-0.2797
			-0.5145	0.8244	-0.2361
			-0.3639	0.0394	0.9306
		b:
			-377.1037
			483.4606
			-264.7529
			542.467
			-491.5674
			-287.4628
			649.8324
			6.9875
			-27.5069
			-643.8324
			1.0125
			34.5069
	==================================================================================
	Q6:
		Shape: Polyhedra
		q_c:	499.5	362.0	213.0
		ub :	507.1688	369.3672	218.2997
		lb :	491.8312	354.6328	207.7003
		A:
			0.0712	0.6338	-0.7702
			0.3898	-0.4739	0.7896
			0.0972	-0.3479	-0.9325
			0.2841	0.4244	-0.8597
			0.388	-0.9088	0.1532
			-0.839	0.242	0.4873
			0.6477	0.7359	0.1976
			0.3818	-0.089	-0.92
			-0.6594	0.6713	-0.3386
			-0.6477	-0.7359	-0.1976
			-0.3818	0.089	0.92
			0.6594	-0.6713	0.3386
		b:
			104.8912
			195.1016
			-272.4039
			116.0007
			-98.2237
			-224.0816
			637.9767
			-34.475
			-154.475
			-625.9767
			40.475
			162.475


===========================================================================================
===========================================================================================
S9:
	q_c:	507.5	351.0	270.5
	ub :	520.0564	361.0347	279.8364
	lb :	494.351	341.6095	261.519

	==================================================================================
	Q1:
		Shape: Hybrid
		q_c:	504.0	344.5	276.5
		ub :	507.4262	347.3905	279.8364
		lb :	500.5738	341.6095	273.1636
		P^-1:
			0.2246	-0.0815	0.1353
			-0.0815	0.4142	0.0502
			0.1353	0.0502	0.3612
		A:
			0.8467	0.2261	0.4817
			-0.6265	0.4903	0.6059
			0.2005	-0.9235	-0.3271
			0.1839	-0.0524	0.9816
			-0.2023	-0.2246	-0.9532
			0.0028	0.9857	-0.1683
		b:
			639.0581
			22.1782
			-306.7712
			347.0507
			-442.0394
			295.5171
	==================================================================================
	Q2:
		Shape: Hybrid
		q_c:	504.5	351.0	271.0
		ub :	508.305	356.6452	276.6578
		lb :	500.695	345.3548	265.3422
		P^-1:
			0.2111	0.0421	-0.0575
			0.0421	0.0879	-0.0281
			-0.0575	-0.0281	0.0951
		A:
			0.9231	0.3844	-0.0129
			-0.6904	0.7223	0.0397
			0.0265	-0.8687	-0.4947
			-0.3697	0.6288	-0.6841
			0.7991	-0.3357	0.4988
			0.139	-0.9135	0.3823
		b:
			598.4832
			-81.6347
			-422.6667
			-148.6985
			422.8179
			-144.4615
	==================================================================================
	Q3:
		Shape: Hybrid
		q_c:	514.5	348.0	266.0
		ub :	520.0564	352.8604	270.481
		lb :	508.9436	343.1396	261.519
		P^-1:
			0.1007	-0.0074	-0.0411
			-0.0074	0.1063	-0.021
			-0.0411	-0.021	0.1267
		A:
			-0.3202	-0.7451	0.5851
			0.1856	0.005	-0.9826
			-0.7535	0.5466	0.3653
			-0.1962	-0.1194	-0.9733
			0.4011	0.8783	-0.2602
			0.5482	0.736	-0.3972
		b:
			-266.9344
			-162.5116
			-98.6389
			-399.1839
			444.6568
			434.1961
	==================================================================================
	Q4:
		Shape: Ellipse
		q_c:	499.5	350.0	273.0
		ub :	504.649	355.1243	277.9701
		lb :	494.351	344.8757	268.0299
		P^-1:
			0.0902	0.0113	-0.0071
			0.0113	0.105	0.0038
			-0.0071	0.0038	0.1087
	==================================================================================
	Q5:
		Shape: Polyhedra
		q_c:	506.5	356.5	266.0
		ub :	510.8335	361.0347	270.212
		lb :	502.1665	351.9653	261.788
		A:
			-0.8871	-0.1484	0.437
			-0.9762	-0.1913	-0.1022
			0.7802	0.6054	-0.1575
			0.3019	-0.2493	0.9202
			-0.7962	-0.2332	-0.5582
			-0.088	0.6822	0.7259
			0.4741	0.4794	0.7385
			0.3618	0.6586	-0.6598
			-0.8027	0.58	0.1388
			-0.4741	-0.4794	-0.7385
			-0.3618	-0.6586	0.6598
			0.8027	-0.58	-0.1388
		b:
			-383.4731
			-587.1121
			571.7655
			311.5976
			-632.005
			394.5787
			610.4699
			245.0477
			-160.4152
			-604.4699
			-240.0477
			165.4152
	==================================================================================
	Q6:
		Shape: Hybrid
		q_c:	505.5	354.5	269.0
		ub :	508.6336	357.8734	273.2811
		lb :	502.3664	351.1266	264.7189
		P^-1:
			0.314	0.1367	-0.041
			0.1367	0.2811	-0.0418
			-0.041	-0.0418	0.0718
		A:
			-0.3282	0.8706	-0.3666
			0.005	-0.8908	-0.4543
			-0.9888	0.0009	-0.1491
			0.058	-0.894	0.4444
			0.0496	0.8198	-0.5704
			0.9076	0.3941	0.1449
		b:
			45.899
			-433.3612
			-538.1758
			-166.4139
			164.0607
			638.6405


===========================================================================================
===========================================================================================
S10:
	q_c:	407.5	261.5	223.5
	ub :	421.6682	271.091	238.8204
	lb :	394.1461	248.9041	213.2133

	==================================================================================
	Q1:
		Shape: Hybrid
		q_c:	398.0	265.5	228.0
		ub :	401.8539	271.091	232.9629
		lb :	394.1461	259.909	223.0371
		P^-1:
			0.082	-0.0042	-0.004
			-0.0042	0.071	0.0524
			-0.004	0.0524	0.1286
		A:
			-0.6359	-0.0843	-0.7672
			-0.2052	-0.5637	0.8
			0.5466	-0.0033	-0.8374
			0.4552	0.062	0.8882
			0.5865	-0.7086	-0.3923
			0.04	-0.4554	-0.8894
		b:
			-448.3556
			-45.5552
			27.8427
			402.1696
			-42.0986
			-306.494
	==================================================================================
	Q2:
		Shape: Ellipse
		q_c:	416.5	262.5	226.0
		ub :	421.6682	268.4288	231.5507
		lb :	411.3318	256.5712	220.4493
		P^-1:
			0.0778	-0.0041	0.0071
			-0.0041	0.086	0.022
			0.0071	0.022	0.0914
	==================================================================================
	Q3:
		Shape: Hybrid
		q_c:	409.0	258.0	222.0
		ub :	411.2252	261.1029	226.0878
		lb :	406.7748	254.8971	217.9122
		P^-1:
			0.4322	-0.0028	-0.0651
			-0.0028	0.1577	0.0143
			-0.0651	0.0143	0.0962
		A:
			-0.4358	0.8995	-0.0318
			0.7841	-0.455	-0.4221
			-0.9167	0.3988	-0.0255
			0.4756	0.8112	0.3402
			-0.5426	0.8358	-0.0842
			-0.9126	-0.2857	0.2925
		b:
			48.4444
			110.7308
			-276.5954
			481.0465
			-23.3391
			-381.0772
	==================================================================================
	Q4:
		Shape: Polyhedra
		q_c:	415.0	259.0	226.5
		ub :	419.2788	264.8887	232.3175
		lb :	410.7212	253.1113	220.6825
		A:
			-0.3084	-0.3992	0.8634
			0.3298	0.2126	-0.9198
			-0.4212	-0.2334	0.8764
			-0.4676	0.0082	0.8839
			-0.0465	-0.9004	-0.4327
			-0.6968	-0.4888	0.5249
			0.152	0.5134	0.8446
			-0.1854	0.8541	-0.4859
			-0.9708	-0.0827	0.225
			-0.152	-0.5134	-0.8446
			0.1854	-0.8541	0.4859
			0.9708	0.0827	-0.225
		b:
			-31.9063
			-12.6976
			-33.0973
			11.7037
			-346.6414
			-293.3697
			390.8647
			38.7405
			-370.3422
			-383.8647
			-29.7405
			376.3422
	==================================================================================
	Q5:
		Shape: Hybrid
		q_c:	407.5	257.0	220.0
		ub :	413.7823	262.5614	226.7867
		lb :	401.2177	251.4386	213.2133
		P^-1:
			0.0531	-0.0005	0.0066
			-0.0005	0.0768	-0.0088
			0.0066	-0.0088	0.0636
		A:
			-0.3721	-0.5367	-0.7573
			-0.5613	0.7666	0.3119
			-0.6497	-0.7259	0.2259
			0.6934	0.718	-0.0607
			-0.0098	0.9095	-0.4156
			-0.1212	-0.7925	-0.5977
		b:
			-453.9117
			39.3007
			-399.3944
			455.9857
			140.0846
			-382.3313
	==================================================================================
	Q6:
		Shape: Polyhedra
		q_c:	401.5	255.5	233.5
		ub :	408.7019	262.0959	238.8204
		lb :	394.2981	248.9041	228.1796
		A:
			0.1475	0.7448	0.6507
			-0.2014	0.9682	0.1487
			-0.3378	-0.4512	0.826
			-0.1519	-0.987	0.0521
			0.4356	0.461	0.7731
			0.4344	0.7042	-0.5616
			0.1552	0.5253	0.8367
			0.3349	0.7688	-0.5448
			-0.9294	0.3647	-0.0566
			-0.1552	-0.5253	-0.8367
			-0.3349	-0.7688	0.5448
			0.9294	-0.3647	0.0566
		b:
			405.4499
			205.6222
			-54.7904
			-297.5353
			477.3901
			226.2516
			395.89
			206.6655
			-287.1677
			-387.89
			-200.6655
			299.1677


===========================================================================================
===========================================================================================
S11:
	q_c:	498.5	97.5	358.5
	ub :	504.1105	103.8595	364.3744
	lb :	492.0602	92.0893	355.6333

	==================================================================================
	Q1:
		Shape: Ellipse
		q_c:	496.5	101.5	360.0
		ub :	499.4908	103.8595	363.2568
		lb :	493.5092	99.1405	356.7432
		P^-1:
			0.3843	0.3039	0.0188
			0.3039	0.8291	0.1204
			0.0188	0.1204	0.1966
	==================================================================================
	Q2:
		Shape: Polyhedra
		q_c:	501.5	98.5	363.0
		ub :	504.1105	100.9879	364.3744
		lb :	498.8895	96.0121	361.6256
		A:
			-0.1059	-0.7371	-0.6675
			0.3584	-0.0102	0.9335
			-0.2075	-0.1713	0.9631
			-0.8287	-0.1261	-0.5453
			0.7104	-0.1854	0.6789
			0.3433	-0.5733	0.744
			0.1586	0.0224	0.9871
			-0.7164	0.6906	0.0995
			-0.6795	-0.7229	0.1256
			-0.1586	-0.0224	-0.9871
			0.7164	-0.6906	-0.0995
			0.6795	0.7229	-0.1256
		b:
			-366.5618
			518.6432
			229.7687
			-624.5301
			585.9078
			387.1667
			441.0714
			-253.1294
			-364.86
			-439.0714
			257.1294
			367.86
	==================================================================================
	Q3:
		Shape: Polyhedra
		q_c:	497.0	99.0	358.0
		ub :	499.1274	100.4301	360.0673
		lb :	494.8726	97.5699	355.9327
		A:
			0.74	0.5172	-0.43
			0.4894	0.8692	0.0706
			-0.5603	-0.8094	-0.1758
			0.9278	0.1044	0.3581
			-0.723	-0.6035	-0.3363
			0.0106	-0.8765	-0.4812
			0.3153	0.79	0.5258
			-0.5181	0.6075	-0.6021
			-0.7951	-0.0826	0.6008
			-0.3153	-0.79	-0.5258
			0.5181	-0.6075	0.6021
			0.7951	0.0826	-0.6008
		b:
			266.405
			355.4023
			-420.7847
			600.9289
			-538.6291
			-253.1011
			423.659
			-411.382
			-186.7524
			-422.659
			414.382
			189.7524
	==================================================================================
	Q4:
		Shape: Hybrid
		q_c:	501.5	99.5	361.0
		ub :	503.8751	102.0626	363.4979
		lb :	499.1249	96.9374	358.5021
		P^-1:
			0.8013	-0.2265	0.2759
			-0.2265	0.7418	0.3145
			0.2759	0.3145	0.6169
		A:
			-0.2619	0.7085	0.6553
			-0.8563	0.2383	0.4582
			-0.9138	0.1107	-0.3908
			0.3236	0.276	-0.905
			-0.8766	-0.2913	-0.3831
			-0.5123	0.7913	-0.3338
		b:
			176.2817
			-239.1218
			-587.801
			-135.137
			-606.1327
			-297.8017
	==================================================================================
	Q5:
		Shape: Ellipse
		q_c:	495.5	98.0	358.0
		ub :	497.7277	101.04	360.3667
		lb :	493.2723	94.96	355.6333
		P^-1:
			0.2494	0.0061	0.0055
			0.0061	0.2008	-0.0989
			0.0055	-0.0989	0.4043
	==================================================================================
	Q6:
		Shape: Hybrid
		q_c:	496.0	96.0	359.5
		ub :	499.9398	99.9107	363.0752
		lb :	492.0602	92.0893	355.9248
		P^-1:
			0.1732	0.0236	-0.0213
			0.0236	0.2023	-0.0382
			-0.0213	-0.0382	0.1945
		A:
			-0.334	0.1469	0.931
			-0.6742	-0.6512	-0.3485
			-0.2408	-0.7888	-0.5655
			0.1515	0.2595	-0.9538
			0.6305	0.4443	-0.6365
			0.1343	0.3705	-0.9191
		b:
			184.4726
			-520.8027
			-397.0015
			-241.6507
			127.6053
			-227.0988


===========================================================================================
===========================================================================================
S12:
	q_c:	45.0	50.5	268.5
	ub :	58.7601	63.4641	276.9004
	lb :	35.7911	44.0327	256.4023

	==================================================================================
	Q1:
		Shape: Polyhedra
		q_c:	41.5	50.0	273.0
		ub :	45.6677	53.0472	276.9004
		lb :	37.3323	46.9528	269.0996
		A:
			0.0126	0.8175	-0.5758
			0.8312	0.4718	0.2942
			-0.0563	0.9788	0.1969
			-0.641	-0.213	-0.7374
			0.3296	0.0203	0.9439
			0.8905	0.4224	0.169
			0.4657	0.882	0.0726
			0.1136	0.0218	-0.9933
			-0.8776	0.4708	-0.09
			-0.4657	-0.882	-0.0726
			-0.1136	-0.0218	0.9933
			0.8776	-0.4708	0.09
		b:
			-113.0435
			140.7285
			102.5851
			-235.4984
			275.7939
			106.636
			84.7497
			-261.8649
			-33.9464
			-81.7497
			268.8649
			40.9464
	==================================================================================
	Q2:
		Shape: Hybrid
		q_c:	41.5	49.0	262.0
		ub :	47.2089	53.4282	267.5977
		lb :	35.7911	44.5718	256.4023
		P^-1:
			0.0551	-0.0067	0.017
			-0.0067	0.1325	-0.0371
			0.017	-0.0371	0.1034
		A:
			-0.5413	0.166	0.8243
			-0.1338	0.961	0.2418
			-0.8979	-0.2067	-0.3886
			0.3187	-0.9109	0.2619
			-0.7301	-0.6571	-0.1876
			0.7013	0.4184	0.5772
		b:
			204.5007
			106.8549
			-146.4838
			38.7396
			-109.1296
			203.2763
	==================================================================================
	Q3:
		Shape: Ellipse
		q_c:	48.5	58.5	269.5
		ub :	53.9263	63.3165	274.7906
		lb :	43.0737	53.6835	264.2094
		P^-1:
			0.1026	-0.0097	-0.0092
			-0.0097	0.1002	-0.0105
			-0.0092	-0.0105	0.1011
	==================================================================================
	Q4:
		Shape: Ellipse
		q_c:	52.5	57.5	265.0
		ub :	58.7601	63.4641	270.9333
		lb :	46.2399	51.5359	259.0667
		P^-1:
			0.0828	-0.0228	0.0153
			-0.0228	0.0918	0.0068
			0.0153	0.0068	0.0675
	==================================================================================
	Q5:
		Shape: Ellipse
		q_c:	46.5	50.0	267.5
		ub :	51.4206	55.8447	273.3456
		lb :	41.5794	44.1553	261.6544
		P^-1:
			0.1708	-0.0971	-0.0135
			-0.0971	0.1271	0.0108
			-0.0135	0.0108	0.0509
	==================================================================================
	Q6:
		Shape: Ellipse
		q_c:	48.5	49.0	265.0
		ub :	52.8273	53.9673	270.3791
		lb :	44.1727	44.0327	259.6209
		P^-1:
			0.3472	-0.1586	-0.0617
			-0.1586	0.1339	0.0328
			-0.0617	0.0328	0.0621


===========================================================================================
===========================================================================================
