3D_45_9_6_d                l = 3

===========================================================================================
===========================================================================================
S1:
	q_c:	123.0	90.0	492.5
	ub :	135.2874	105.8456	509.5679
	lb :	111.5377	76.2378	480.0742

	==================================================================================
	Q1:
		Shape: Polyhedra
		q_c:	128.0	80.5	491.5
		ub :	131.8409	84.2909	497.9713
		lb :	124.1591	76.7091	485.0287
		A:
			-0.8393	-0.2309	-0.4923
			0.5026	0.2935	0.8132
			-0.9385	-0.0777	-0.3364
			-0.7709	-0.0398	-0.6357
			-0.898	0.3581	-0.2558
			0.575	0.5944	0.5622
			0.9574	0.08	0.2774
			0.0702	-0.9965	0.0453
			0.2801	-0.0239	-0.9597
			-0.9574	-0.08	-0.2774
			-0.0702	0.9965	-0.0453
			-0.2801	0.0239	0.9597
		b:
			-365.4973
			491.855
			-289.7099
			-411.3172
			-209.4782
			401.1286
			267.3474
			-45.4975
			-431.7516
			-263.3474
			52.4975
			443.7516
	==================================================================================
	Q2:
		Shape: Hybrid
		q_c:	123.0	97.0	486.5
		ub :	127.2942	100.56	492.1496
		lb :	118.7058	93.44	480.8504
		P^-1:
			0.1999	-0.0135	-0.0884
			-0.0135	0.1117	0.0009
			-0.0884	0.0009	0.0895
		A:
			0.4005	-0.762	-0.5088
			0.2457	-0.8301	0.5006
			0.9188	-0.2431	-0.311
			0.7252	-0.6748	0.1366
			-0.9333	-0.3587	-0.0192
			-0.1667	0.7395	0.6521
		b:
			-270.3085
			195.8416
			-60.6961
			92.3588
			-156.7634
			371.0147
	==================================================================================
	Q3:
		Shape: Hybrid
		q_c:	129.5	97.0	500.5
		ub :	134.2395	102.062	505.8349
		lb :	124.7605	91.938	495.1651
		P^-1:
			0.0991	-0.0197	-0.0152
			-0.0197	0.1646	-0.0938
			-0.0152	-0.0938	0.1467
		A:
			0.5178	0.0795	0.8518
			-0.2339	0.964	0.1264
			0.9317	0.054	-0.3591
			0.016	-0.8001	-0.5997
			-0.2805	-0.645	0.7108
			-0.8042	0.5809	-0.1255
		b:
			504.0381
			128.7598
			-51.8191
			-372.4991
			258.0222
			-108.8538
	==================================================================================
	Q4:
		Shape: Ellipse
		q_c:	119.5	97.5	486.0
		ub :	127.4623	105.8456	491.9258
		lb :	111.5377	89.1544	480.0742
		P^-1:
			0.0848	0.0445	-0.0454
			0.0445	0.0557	-0.0058
			-0.0454	-0.0058	0.1189
	==================================================================================
	Q5:
		Shape: Polyhedra
		q_c:	124.5	92.0	502.5
		ub :	130.1961	99.113	509.5679
		lb :	118.8039	84.887	495.4321
		A:
			0.8367	0.1111	-0.5362
			-0.0307	0.0103	0.9995
			-0.9959	0.0722	-0.0539
			0.6646	0.3687	-0.6499
			0.5159	-0.477	0.7115
			0.9656	-0.1038	-0.2384
			0.889	0.3668	0.2741
			0.0834	-0.7183	0.6908
			0.4502	-0.5913	-0.6691
			-0.889	-0.3668	-0.2741
			-0.0834	0.7183	-0.6908
			-0.4502	0.5913	0.6691
		b:
			-150.7525
			503.8379
			-140.5586
			-205.7767
			381.7676
			-4.9136
			285.6482
			295.406
			-329.5825
			-278.6482
			-287.406
			339.5825
	==================================================================================
	Q6:
		Shape: Polyhedra
		q_c:	132.0	82.0	500.0
		ub :	135.2874	87.7622	502.7257
		lb :	128.7126	76.2378	497.2743
		A:
			-0.787	-0.2348	0.5705
			-0.0324	0.8078	-0.5885
			-0.519	-0.3458	0.7817
			-0.695	-0.3934	0.6019
			0.6976	-0.1578	0.6989
			-0.2597	-0.2367	0.9362
			0.9067	0.1108	0.407
			-0.371	-0.2493	0.8945
			0.2005	-0.9621	-0.185
			-0.9067	-0.1108	-0.407
			0.371	0.2493	-0.8945
			-0.2005	0.9621	0.185
		b:
			163.4752
			-228.5072
			295.146
			178.3717
			430.6522
			415.4562
			334.2468
			378.8406
			-139.4016
			-330.2468
			-376.8406
			150.4016


===========================================================================================
===========================================================================================
S2:
	q_c:	479.0	156.0	270.5
	ub :	483.0205	162.3307	275.324
	lb :	474.8824	151.0983	267.6106

	==================================================================================
	Q1:
		Shape: Ellipse
		q_c:	479.0	155.5	272.5
		ub :	480.98	157.5011	273.942
		lb :	477.02	153.4989	271.058
		P^-1:
			0.8418	0.2505	-0.0106
			0.2505	0.6034	0.0169
			-0.0106	0.0169	0.9993
	==================================================================================
	Q2:
		Shape: Hybrid
		q_c:	479.5	156.5	273.5
		ub :	481.0454	157.6906	275.324
		lb :	477.9546	155.3094	271.676
		P^-1:
			0.909	0.0092	-0.2325
			0.0092	3.4267	-1.2828
			-0.2325	-1.2828	1.1088
		A:
			-0.3916	0.4947	-0.7758
			-0.2789	0.7467	-0.6038
			-0.2994	0.4908	-0.8182
			0.5297	0.8009	-0.2793
			-0.1146	0.9549	-0.2738
			0.7952	0.2793	0.5381
		b:
			-321.7438
			-181.535
			-289.7731
			303.434
			19.9218
			573.3566
	==================================================================================
	Q3:
		Shape: Hybrid
		q_c:	481.5	156.5	271.0
		ub :	483.0102	158.4339	272.9716
		lb :	479.9898	154.5661	269.0284
		P^-1:
			1.7129	1.3737	1.0069
			1.3737	1.9322	1.0905
			1.0069	1.0905	1.2438
		A:
			-0.806	-0.4247	-0.4124
			0.4085	0.8108	0.4192
			0.7356	0.5131	0.4423
			-0.8297	-0.5576	0.0245
			0.2212	0.4996	0.8375
			0.7318	0.6407	0.2324
		b:
			-565.8809
			437.5537
			554.6763
			-479.4901
			412.325
			515.9909
	==================================================================================
	Q4:
		Shape: Hybrid
		q_c:	478.5	153.5	271.5
		ub :	480.8982	155.9017	274.0675
		lb :	476.1018	151.0983	268.9325
		P^-1:
			0.4385	-0.0322	0.0093
			-0.0322	0.2706	0.0505
			0.0093	0.0505	0.4298
		A:
			0.3659	0.0344	-0.93
			0.0945	-0.3829	0.9189
			0.9825	0.0889	-0.1635
			-0.9579	0.2657	-0.1088
			0.2866	0.6103	0.7386
			-0.4063	0.9102	0.0804
		b:
			-71.3068
			236.8594
			440.1856
			-446.3597
			432.1645
			-31.8196
	==================================================================================
	Q5:
		Shape: Polyhedra
		q_c:	481.0	155.0	270.0
		ub :	483.0205	156.8926	271.7747
		lb :	478.9795	153.1074	268.2253
		A:
			-0.0901	0.3904	0.9162
			-0.7354	-0.6353	0.2357
			-0.6766	0.133	0.7243
			-0.8739	-0.3913	-0.2883
			0.8711	0.4465	-0.2046
			0.1929	-0.6226	-0.7584
			0.5347	0.378	0.7557
			-0.6124	0.7896	0.0384
			-0.5822	-0.4833	0.6537
			-0.5347	-0.378	-0.7557
			0.6124	-0.7896	-0.0384
			0.5822	0.4833	-0.6537
		b:
			265.6689
			-387.1496
			-107.9132
			-557.7097
			434.3387
			-207.4173
			520.8547
			-160.8255
			-176.9647
			-518.8547
			162.8255
			179.9647
	==================================================================================
	Q6:
		Shape: Hybrid
		q_c:	478.0	159.5	270.5
		ub :	481.1176	162.3307	273.3894
		lb :	474.8824	156.6693	267.6106
		P^-1:
			0.3107	-0.0897	-0.0085
			-0.0897	0.3825	0.0126
			-0.0085	0.0126	0.2512
		A:
			0.66	0.3982	0.6371
			0.454	0.6753	-0.5812
			0.0635	-0.9963	0.0586
			0.347	-0.9273	0.1404
			-0.6426	0.4435	0.6249
			0.0451	0.2877	0.9567
		b:
			552.5614
			168.728
			-111.8188
			56.7561
			-66.4284
			327.4552


===========================================================================================
===========================================================================================
S3:
	q_c:	333.5	175.5	300.0
	ub :	363.0794	197.9647	335.7751
	lb :	300.878	136.2756	266.0281

	==================================================================================
	Q1:
		Shape: Hybrid
		q_c:	318.5	170.0	283.0
		ub :	336.122	181.3354	299.9719
		lb :	300.878	158.6646	266.0281
		P^-1:
			0.0098	0.0065	-0.001
			0.0065	0.0253	0.0018
			-0.001	0.0018	0.0076
		A:
			0.5906	-0.801	-0.098
			0.2748	-0.903	0.3303
			-0.4798	-0.8765	0.0386
			0.2313	0.6267	0.7442
			-0.5983	-0.7578	-0.2605
			-0.1958	-0.926	-0.3229
		b:
			31.3902
			34.324
			-287.6678
			397.1276
			-388.7717
			-307.6152
	==================================================================================
	Q2:
		Shape: Ellipse
		q_c:	325.0	177.0	308.0
		ub :	338.6976	194.87	325.0548
		lb :	311.3024	159.13	290.9452
		P^-1:
			0.0271	-0.0141	-0.0098
			-0.0141	0.0156	0.0026
			-0.0098	0.0026	0.0125
	==================================================================================
	Q3:
		Shape: Polyhedra
		q_c:	335.5	182.5	323.0
		ub :	345.4386	195.5057	335.7751
		lb :	325.5614	169.4943	310.2249
		A:
			0.7553	0.042	-0.654
			0.9609	0.2741	0.0399
			0.9495	-0.1105	0.2935
			0.7639	0.3759	-0.5246
			-0.9596	-0.1599	0.2313
			-0.004	-0.4157	-0.9095
			0.5839	0.5216	0.6221
			-0.1668	-0.6728	0.7207
			0.7945	-0.5246	-0.3059
			-0.5839	-0.5216	-0.6221
			0.1668	0.6728	-0.7207
			-0.7945	0.5246	0.3059
		b:
			57.6598
			391.7955
			399.3115
			163.9527
			-269.4875
			-364.2799
			498.0275
			64.0421
			77.999
			-486.0275
			-44.0421
			-65.999
	==================================================================================
	Q4:
		Shape: Ellipse
		q_c:	344.0	182.5	295.0
		ub :	356.3164	192.1273	307.4451
		lb :	331.6836	172.8727	282.5549
		P^-1:
			0.03	-0.0202	-0.0118
			-0.0202	0.0362	0.0149
			-0.0118	0.0149	0.0225
	==================================================================================
	Q5:
		Shape: Hybrid
		q_c:	343.0	151.5	281.5
		ub :	356.5568	166.7244	294.2918
		lb :	329.4432	136.2756	268.7082
		P^-1:
			0.0094	0.0007	0.0003
			0.0007	0.0116	-0.0019
			0.0003	-0.0019	0.0147
		A:
			-0.6915	-0.5504	-0.4679
			-0.6586	-0.6358	-0.4025
			0.3569	0.9289	-0.0993
			-0.7903	-0.4459	0.4203
			0.4592	0.4641	-0.7575
			-0.0412	0.2546	0.9662
		b:
			-446.7115
			-429.9659
			240.3449
			-214.8592
			19.095
			301.1796
	==================================================================================
	Q6:
		Shape: Ellipse
		q_c:	351.0	184.5	303.0
		ub :	363.0794	197.9647	312.2272
		lb :	338.9206	171.0353	293.7728
		P^-1:
			0.0265	0.0086	0.0033
			0.0086	0.0126	-0.0009
			0.0033	-0.0009	0.03


===========================================================================================
===========================================================================================
S4:
	q_c:	153.5	174.0	346.0
	ub :	159.2906	182.1933	355.4806
	lb :	147.0658	166.0651	338.3171

	==================================================================================
	Q1:
		Shape: Polyhedra
		q_c:	155.0	170.0	343.0
		ub :	159.2906	173.9349	346.4525
		lb :	150.7094	166.0651	339.5475
		A:
			-0.6781	-0.3318	-0.6558
			-0.3679	0.1341	0.9201
			-0.0113	-0.9678	0.2515
			-0.5602	-0.536	0.6315
			-0.278	-0.1274	0.9521
			0.524	0.6305	0.5726
			0.719	0.5903	0.3669
			0.442	0.0191	-0.8968
			-0.5364	0.8069	-0.2472
			-0.719	-0.5903	-0.3669
			-0.442	-0.0191	0.8968
			0.5364	-0.8069	0.2472
		b:
			-383.9551
			283.3984
			-77.1587
			40.8877
			263.8676
			387.2802
			340.1485
			-233.8437
			-27.7442
			-335.1485
			237.8437
			33.7442
	==================================================================================
	Q2:
		Shape: Hybrid
		q_c:	152.5	174.0	351.0
		ub :	157.9342	179.7431	355.4806
		lb :	147.0658	168.2569	346.5194
		P^-1:
			0.0912	0.0235	0.0044
			0.0235	0.0834	-0.0052
			0.0044	-0.0052	0.1101
		A:
			-0.3685	0.2242	0.9022
			0.8551	-0.0306	-0.5176
			-0.8453	-0.5264	0.0911
			-0.6438	-0.6319	0.4316
			0.9659	0.1661	0.1986
			-0.8014	-0.4829	0.353
		b:
			301.28
			-54.6293
			-186.992
			-55.12
			247.6477
			-80.801
	==================================================================================
	Q3:
		Shape: Hybrid
		q_c:	153.5	171.0	342.5
		ub :	156.7596	175.0675	346.6829
		lb :	150.2404	166.9325	338.3171
		P^-1:
			0.5285	-0.2126	0.4068
			-0.2126	0.2068	-0.1821
			0.4068	-0.1821	0.4574
		A:
			0.6326	-0.6116	0.4752
			0.0069	-0.4236	0.9058
			-0.5761	0.0473	-0.816
			0.5924	-0.7105	0.3798
			-0.5636	0.4127	-0.7156
			0.0704	-0.9199	0.3857
		b:
			156.1305
			240.8834
			-358.8947
			100.656
			-260.3564
			-12.288
	==================================================================================
	Q4:
		Shape: Ellipse
		q_c:	155.5	174.5	349.5
		ub :	158.6553	177.5374	352.8533
		lb :	152.3447	171.4626	346.1467
		P^-1:
			0.1847	0.0747	-0.0321
			0.0747	0.3862	-0.095
			-0.0321	-0.095	0.1447
	==================================================================================
	Q5:
		Shape: Polyhedra
		q_c:	156.0	170.5	342.0
		ub :	158.1521	172.5278	343.37
		lb :	153.8479	168.4722	340.63
		A:
			-0.9881	-0.0349	-0.1496
			0.7003	0.4968	0.5126
			0.0466	-0.4674	0.8828
			-0.2419	0.3574	-0.9021
			0.1742	0.152	0.9729
			0.4404	0.422	-0.7924
			0.3861	0.9222	0.0215
			0.8921	-0.3792	0.2458
			0.2348	-0.0757	-0.9691
			-0.3861	-0.9222	-0.0215
			-0.8921	0.3792	-0.2458
			-0.2348	0.0757	0.9691
		b:
			-209.7824
			370.7086
			230.7019
			-284.1011
			386.9295
			-129.1829
			226.3291
			160.061
			-306.702
			-223.3291
			-157.061
			308.702
	==================================================================================
	Q6:
		Shape: Polyhedra
		q_c:	151.5	179.5	350.5
		ub :	153.4191	182.1933	352.9204
		lb :	149.5809	176.8067	348.0796
		A:
			0.4142	-0.4411	0.7962
			0.4242	-0.4143	0.8052
			0.6839	-0.694	-0.2249
			-0.4443	-0.4453	0.7774
			0.7463	-0.6626	-0.0632
			0.869	0.4914	-0.0571
			0.103	0.8627	0.4951
			-0.9817	0.1684	-0.0892
			-0.1604	-0.4768	0.8643
			-0.103	-0.8627	-0.4951
			0.9817	-0.1684	0.0892
			0.1604	0.4768	-0.8643
		b:
			264.1445
			273.6244
			-98.0617
			126.7265
			-26.3581
			201.4768
			345.9846
			-148.2658
			194.548
			-341.9846
			151.2658
			-191.548


===========================================================================================
===========================================================================================
S5:
	q_c:	352.0	24.0	331.5
	ub :	385.6471	51.6318	366.0513
	lb :	329.9215	-5.2779	312.9699

	==================================================================================
	Q1:
		Shape: Hybrid
		q_c:	352.0	29.0	352.0
		ub :	366.5162	43.5055	366.0513
		lb :	337.4838	14.4945	337.9487
		P^-1:
			0.0143	0.0011	0.0024
			0.0011	0.0146	-0.0021
			0.0024	-0.0021	0.0114
		A:
			0.7306	-0.6584	-0.1808
			0.1142	0.8815	-0.4581
			0.7214	0.005	0.6925
			-0.384	-0.8719	0.304
			0.9535	0.1613	-0.2544
			-0.0831	0.7479	-0.6586
		b:
			179.8686
			-91.467
			502.0008
			-49.4424
			255.6528
			-235.2468
	==================================================================================
	Q2:
		Shape: Hybrid
		q_c:	372.5	11.0	325.0
		ub :	385.6471	25.7896	337.0301
		lb :	359.3529	-3.7896	312.9699
		P^-1:
			0.0131	-0.001	-0.0008
			-0.001	0.0126	-0.0014
			-0.0008	-0.0014	0.0149
		A:
			0.5546	0.8003	-0.2278
			-0.6322	0.1975	0.7492
			0.7035	-0.5705	-0.4238
			0.3285	-0.0768	0.9414
			-0.8397	-0.535	0.0933
			0.6055	-0.3812	-0.6986
		b:
			146.3441
			14.4611
			122.5486
			431.8613
			-283.2329
			-1.311
	==================================================================================
	Q3:
		Shape: Ellipse
		q_c:	349.5	23.0	330.0
		ub :	360.9288	30.5646	340.2642
		lb :	338.0712	15.4354	319.7358
		P^-1:
			0.0154	0.0009	-0.0027
			0.0009	0.0236	0.0003
			-0.0027	0.0003	0.0189
	==================================================================================
	Q4:
		Shape: Hybrid
		q_c:	340.5	40.0	345.0
		ub :	351.0785	51.6318	359.852
		lb :	329.9215	28.3682	330.148
		P^-1:
			2.1067	-1.9175	-0.5444
			-1.9175	1.761	0.4959
			-0.5444	0.4959	0.1499
		A:
			0.7454	-0.6289	-0.2213
			0.7601	-0.6152	-0.2094
			-0.7432	0.6359	0.208
			0.6058	-0.7085	-0.3621
			-0.6959	0.6949	0.1811
			-0.6634	0.7126	0.2281
		b:
			152.7645
			162.5088
			-155.4917
			55.2586
			-146.236
			-117.7895
	==================================================================================
	Q5:
		Shape: Polyhedra
		q_c:	344.0	22.5	333.5
		ub :	350.2057	31.7912	345.7928
		lb :	337.7943	13.2088	321.2072
		A:
			0.9272	-0.3728	-0.0353
			-0.161	-0.9866	-0.0255
			-0.5386	0.6768	-0.5019
			0.9979	0.06	-0.0231
			-0.7525	0.5925	0.2875
			0.2467	-0.0792	-0.9658
			0.0789	0.1667	0.9828
			-0.9888	0.1387	0.0558
			-0.127	-0.9762	0.1758
			-0.0789	-0.1667	-0.9828
			0.9888	-0.1387	-0.0558
			0.127	0.9762	-0.1758
		b:
			303.4863
			-78.868
			-330.231
			341.6084
			-143.6418
			-228.5179
			369.6571
			-313.9026
			-0.0285
			-347.6571
			322.9026
			14.0285
	==================================================================================
	Q6:
		Shape: Polyhedra
		q_c:	346.5	4.0	333.5
		ub :	356.1579	13.2779	341.5344
		lb :	336.8421	-5.2779	325.4656
		A:
			-0.4716	0.6613	0.5834
			-0.3485	0.8697	0.3495
			0.1507	0.0216	-0.9883
			-0.0084	0.9552	-0.2959
			-0.3136	0.4974	0.8089
			-0.27	0.8577	0.4376
			0.8801	0.4569	0.1288
			0.0479	-0.3554	0.9335
			0.4723	-0.8154	-0.3347
			-0.8801	-0.4569	-0.1288
			-0.0479	0.3554	-0.9335
			-0.4723	0.8154	0.3347
		b:
			38.007
			3.411
			-271.5664
			-92.082
			167.8553
			60.1383
			358.2496
			332.495
			52.7521
			-341.2496
			-320.495
			-44.7521


===========================================================================================
===========================================================================================
S6:
	q_c:	190.5	105.5	412.5
	ub :	206.4299	120.1189	434.5551
	lb :	175.622	91.4409	401.3667

	==================================================================================
	Q1:
		Shape: Ellipse
		q_c:	197.5	100.5	424.0
		ub :	206.4299	109.5591	434.5551
		lb :	188.5701	91.4409	413.4449
		P^-1:
			0.0274	-0.0025	0.0058
			-0.0025	0.0276	0.0005
			0.0058	0.0005	0.0262
	==================================================================================
	Q2:
		Shape: Hybrid
		q_c:	199.0	102.0	410.5
		ub :	203.1612	107.0572	414.9267
		lb :	194.8388	96.9428	406.0733
		P^-1:
			0.1676	-0.0416	0.019
			-0.0416	0.0887	-0.0677
			0.019	-0.0677	0.2031
		A:
			0.0012	0.2478	-0.9688
			0.7265	-0.4626	0.5081
			-0.4574	-0.5605	0.6904
			-0.4294	-0.4355	0.7911
			-0.2143	-0.4205	0.8816
			0.9288	-0.2731	0.2504
		b:
			-371.0087
			307.0558
			136.9019
			196.3212
			277.5847
			261.0661
	==================================================================================
	Q3:
		Shape: Polyhedra
		q_c:	188.5	104.5	408.0
		ub :	195.8804	113.2023	414.6333
		lb :	181.1196	95.7977	401.3667
		A:
			-0.2306	0.769	-0.5962
			0.361	0.6731	-0.6455
			-0.1174	-0.3738	-0.9201
			0.5643	-0.4902	-0.6642
			-0.7055	0.066	-0.7056
			-0.4629	0.4157	0.7829
			0.8737	0.4678	0.1336
			0.4861	-0.8273	-0.2816
			-0.0213	0.311	-0.9502
			-0.8737	-0.4678	-0.1336
			-0.4861	0.8273	0.2816
			0.0213	-0.311	0.9502
		b:
			-201.2896
			-120.2343
			-431.5543
			-210.196
			-409.1815
			281.0766
			273.0642
			-103.7328
			-354.6891
			-263.0642
			115.7328
			363.6891
	==================================================================================
	Q4:
		Shape: Hybrid
		q_c:	180.5	106.5	415.0
		ub :	185.378	111.5292	419.1865
		lb :	175.622	101.4708	410.8135
		P^-1:
			0.2107	0.0066	-0.1707
			0.0066	0.096	-0.0493
			-0.1707	-0.0493	0.3113
		A:
			-0.5123	-0.4876	0.707
			-0.5977	-0.6902	0.4078
			-0.2624	0.7245	-0.6374
			-0.9476	-0.0403	0.3169
			-0.5668	-0.8065	-0.1683
			-0.697	0.5541	0.4551
		b:
			150.1499
			-10.2055
			-232.6796
			-42.1953
			-254.983
			123.7778
	==================================================================================
	Q5:
		Shape: Polyhedra
		q_c:	197.5	115.0	422.0
		ub :	202.9163	120.1189	428.3962
		lb :	192.0837	109.8811	415.6038
		A:
			0.4293	0.6878	0.5853
			0.7654	-0.6424	0.0381
			0.6137	-0.7231	-0.317
			-0.907	0.116	0.4049
			-0.8069	0.2716	0.5245
			0.7386	0.6741	0.0086
			0.3292	0.1688	0.9291
			0.5929	0.7288	-0.3425
			-0.7349	0.6636	0.1399
			-0.3292	-0.1688	-0.9291
			-0.5929	-0.7288	0.3425
			0.7349	-0.6636	-0.1399
		b:
			415.6349
			95.101
			-93.9013
			8.0236
			95.9775
			231.5585
			481.4862
			60.8911
			-8.3075
			-471.4862
			-51.8911
			11.3075
	==================================================================================
	Q6:
		Shape: Polyhedra
		q_c:	194.0	113.0	421.0
		ub :	200.919	119.3339	426.2994
		lb :	187.081	106.6661	415.7006
		A:
			-0.3707	-0.8331	0.4105
			-0.9954	-0.0556	-0.0779
			-0.9668	-0.2544	-0.023
			-0.1272	-0.8509	0.5097
			0.71	0.454	-0.5382
			-0.4878	-0.4204	0.7651
			0.5257	0.3409	0.7794
			-0.6935	0.7023	0.1607
			-0.4926	-0.625	0.6056
			-0.5257	-0.3409	-0.7794
			0.6935	-0.7023	-0.1607
			0.4926	0.625	-0.6056
		b:
			8.9388
			-227.6969
			-222.0436
			96.464
			-35.4453
			181.8784
			473.1258
			17.9594
			90.2726
			-464.1258
			-6.9594
			-87.2726


===========================================================================================
===========================================================================================
S7:
	q_c:	193.5	337.0	444.5
	ub :	212.3783	348.7144	459.9921
	lb :	181.9973	322.2382	435.021

	==================================================================================
	Q1:
		Shape: Polyhedra
		q_c:	201.0	336.5	450.5
		ub :	208.0955	344.6771	458.1571
		lb :	193.9045	328.3229	442.8429
		A:
			-0.2463	0.9485	0.1992
			-0.6485	-0.7259	0.2292
			0.0923	0.8746	0.476
			0.7407	0.4092	-0.5329
			0.9455	0.1846	-0.2683
			-0.1199	0.6456	0.7542
			0.7293	0.6607	0.178
			0.5988	-0.4905	-0.6331
			-0.3309	0.5683	-0.7534
			-0.7293	-0.6607	-0.178
			-0.5988	0.4905	0.6331
			0.3309	-0.5683	0.7534
		b:
			363.7672
			-266.4811
			531.0518
			50.9608
			135.1113
			536.1525
			453.5727
			-327.3877
			-207.6889
			-444.5727
			332.3877
			221.6889
	==================================================================================
	Q2:
		Shape: Ellipse
		q_c:	197.5	329.0	454.5
		ub :	204.2242	335.3561	459.9921
		lb :	190.7758	322.6439	449.0079
		P^-1:
			0.0625	-0.0	0.0
			-0.0	0.0625	0.0
			0.0	0.0	0.0625
	==================================================================================
	Q3:
		Shape: Ellipse
		q_c:	194.0	332.5	448.5
		ub :	199.5682	337.5941	452.6001
		lb :	188.4318	327.4059	444.3999
		P^-1:
			0.0911	0.051	0.0129
			0.051	0.1222	-0.0081
			0.0129	-0.0081	0.1072
	==================================================================================
	Q4:
		Shape: Hybrid
		q_c:	186.5	326.5	440.0
		ub :	191.0027	330.7618	444.979
		lb :	181.9973	322.2382	435.021
		P^-1:
			0.2472	-0.0977	-0.1632
			-0.0977	0.1342	0.0829
			-0.1632	0.0829	0.2072
		A:
			-0.6732	0.6183	0.4055
			-0.4437	0.096	0.891
			-0.8279	-0.5523	0.0974
			0.6107	-0.6794	0.4068
			-0.136	-0.5776	-0.8049
			0.5263	-0.8503	0.0074
		b:
			255.7888
			342.0643
			-289.2066
			73.7797
			-565.6297
			-174.1681
	==================================================================================
	Q5:
		Shape: Ellipse
		q_c:	207.5	333.5	443.5
		ub :	212.3783	339.66	449.611
		lb :	202.6217	327.34	437.389
		P^-1:
			0.1952	-0.0866	-0.0102
			-0.0866	0.1084	0.0139
			-0.0102	0.0139	0.0583
	==================================================================================
	Q6:
		Shape: Polyhedra
		q_c:	192.5	342.5	450.5
		ub :	198.6066	348.7144	457.5921
		lb :	186.3934	336.2856	443.4079
		A:
			0.5376	-0.8407	0.0652
			-0.3806	0.6351	-0.6722
			-0.835	-0.1348	-0.5335
			0.7386	0.674	0.0148
			-0.7122	0.6086	0.3497
			0.7071	-0.0158	-0.707
			0.5838	0.2169	0.7823
			-0.8031	0.0129	0.5957
			0.1192	-0.9761	0.1817
			-0.5838	-0.2169	-0.7823
			0.8031	-0.0129	-0.5957
			-0.1192	0.9761	-0.1817
		b:
			-150.3463
			-153.1587
			-441.5465
			384.4628
			232.5446
			-185.1503
			545.141
			120.696
			-224.4982
			-533.141
			-115.696
			234.4982


===========================================================================================
===========================================================================================
S8:
	q_c:	447.0	27.5	324.0
	ub :	462.9134	44.8982	337.2251
	lb :	434.5051	8.9004	303.0004

	==================================================================================
	Q1:
		Shape: Hybrid
		q_c:	440.0	29.0	324.5
		ub :	445.4949	34.847	327.6032
		lb :	434.5051	23.153	321.3968
		P^-1:
			0.1075	-0.0625	0.0006
			-0.0625	0.0856	0.0011
			0.0006	0.0011	0.1111
		A:
			-0.3491	0.7953	0.4957
			-0.6164	-0.0621	0.785
			0.2926	-0.9214	-0.2559
			-0.8344	0.2559	-0.4881
			-0.7565	0.2631	0.5988
			-0.9771	0.125	-0.172
		b:
			32.2511
			-15.973
			21.2919
			-516.2698
			-129.1138
			-479.766
	==================================================================================
	Q2:
		Shape: Hybrid
		q_c:	442.5	40.0	316.0
		ub :	448.28	44.8982	321.5563
		lb :	436.72	35.1018	310.4437
		P^-1:
			0.0908	-0.0126	0.0053
			-0.0126	0.0989	-0.0072
			0.0053	-0.0072	0.0846
		A:
			0.0007	0.8541	0.5202
			0.5445	0.8084	0.2236
			0.0834	-0.4297	-0.8991
			-0.7704	0.5488	0.3246
			-0.8106	0.0237	-0.5852
			0.7374	-0.1764	0.652
		b:
			200.7132
			345.9292
			-262.42
			-214.6284
			-540.8443
			527.0119
	==================================================================================
	Q3:
		Shape: Hybrid
		q_c:	455.0	23.5	331.5
		ub :	462.9134	31.441	337.2251
		lb :	447.0866	15.559	325.7749
		P^-1:
			0.0554	0.019	-0.0271
			0.019	0.0493	-0.0226
			-0.0271	-0.0226	0.0795
		A:
			-0.343	0.2798	0.8967
			0.7103	-0.1779	-0.681
			-0.1235	-0.8996	0.4188
			0.3473	0.039	-0.9369
			0.7415	-0.2532	-0.6213
			-0.3555	-0.2252	-0.9072
		b:
			150.4629
			95.8288
			64.1902
			-149.6297
			128.3293
			-464.5063
	==================================================================================
	Q4:
		Shape: Polyhedra
		q_c:	450.0	29.0	322.5
		ub :	458.4592	38.0784	332.6233
		lb :	441.5408	19.9216	312.3767
		A:
			-0.8106	0.2618	0.5239
			-0.8659	-0.3255	-0.3798
			0.4785	-0.7931	-0.3769
			-0.5503	0.805	-0.2216
			0.0002	-0.9517	-0.307
			0.8208	-0.301	-0.4854
			0.7461	0.2751	0.6064
			-0.2223	-0.7554	0.6163
			0.6277	-0.5947	-0.5024
			-0.7461	-0.2751	-0.6064
			0.2223	0.7554	-0.6163
			-0.6277	0.5947	0.5024
		b:
			-184.6266
			-514.6454
			73.9394
			-290.2704
			-121.1379
			207.5513
			546.2625
			84.3071
			105.6693
			-532.2625
			-69.3071
			-100.6693
	==================================================================================
	Q5:
		Shape: Polyhedra
		q_c:	440.5	17.0	325.5
		ub :	446.2191	25.0996	333.4891
		lb :	434.7809	8.9004	317.5109
		A:
			0.3657	-0.6522	-0.664
			0.5432	-0.6795	-0.4932
			-0.1507	-0.7029	-0.6952
			0.9306	0.3169	-0.1833
			-0.9192	0.2096	0.3333
			0.5893	0.7048	0.3949
			0.5904	0.5705	0.571
			0.0846	-0.7473	0.6591
			0.8027	-0.3408	-0.4894
			-0.5904	-0.5705	-0.571
			-0.0846	0.7473	-0.6591
			-0.8027	0.3408	0.4894
		b:
			-62.4785
			70.3876
			-299.5835
			359.8372
			-290.0962
			405.6175
			461.1132
			244.6119
			190.9718
			-450.1132
			-233.6119
			-185.9718
	==================================================================================
	Q6:
		Shape: Ellipse
		q_c:	445.0	22.0	312.5
		ub :	454.6555	24.0398	321.9996
		lb :	435.3445	19.9602	303.0004
		P^-1:
			0.0229	0.019	0.004
			0.019	0.4426	-0.0209
			0.004	-0.0209	0.0246


===========================================================================================
===========================================================================================
S9:
	q_c:	520.0	453.0	97.0
	ub :	523.0698	455.7122	99.9841
	lb :	517.3957	451.7422	94.7371

	==================================================================================
	Q1:
		Shape: Polyhedra
		q_c:	519.0	453.5	98.5
		ub :	520.6043	455.0416	99.9841
		lb :	517.3957	451.9584	97.0159
		A:
			0.3404	0.8763	0.3408
			-0.3629	0.7081	-0.6057
			-0.674	0.4321	-0.5992
			0.7168	-0.2937	0.6324
			-0.7877	-0.467	-0.4017
			-0.459	0.8789	-0.1297
			0.1317	0.3313	0.9343
			-0.6166	0.7654	-0.1845
			-0.7762	-0.5517	0.305
			-0.1317	-0.3313	-0.9343
			0.6166	-0.7654	0.1845
			0.7762	0.5517	-0.305
		b:
			608.8385
			73.8381
			-212.1958
			301.8897
			-658.9027
			148.1336
			311.6081
			9.4256
			-621.5316
			-309.6081
			-8.4256
			624.5316
	==================================================================================
	Q2:
		Shape: Polyhedra
		q_c:	520.0	454.0	97.5
		ub :	521.3275	455.5733	98.7463
		lb :	518.6725	452.4267	96.2537
		A:
			-0.5732	-0.4837	-0.6615
			-0.8822	0.4514	0.134
			-0.725	0.2535	-0.6404
			-0.9274	-0.0281	-0.373
			0.4193	-0.5445	0.7264
			0.0826	0.7662	0.6373
			0.9655	0.0776	0.2485
			-0.2493	0.0002	0.9684
			0.0751	-0.997	0.0195
			-0.9655	-0.0776	-0.2485
			0.2493	-0.0002	-0.9684
			-0.0751	0.997	-0.0195
		b:
			-581.0255
			-239.6196
			-323.2546
			-530.3716
			42.8778
			454.251
			562.537
			-34.1229
			-410.161
			-560.537
			36.1229
			413.161
	==================================================================================
	Q3:
		Shape: Polyhedra
		q_c:	521.5	453.0	96.0
		ub :	522.6852	454.2578	97.2629
		lb :	520.3148	451.7422	94.7371
		A:
			-0.4365	-0.8751	-0.2092
			-0.8322	-0.5233	-0.1836
			0.8378	0.3675	-0.4038
			0.8241	-0.0902	-0.5593
			-0.6783	-0.2483	-0.6916
			0.6314	0.7607	0.1505
			0.7868	0.6146	0.0567
			0.5796	-0.7672	0.2747
			0.2123	-0.1833	-0.9599
			-0.7868	-0.6146	-0.0567
			-0.5796	0.7672	-0.2747
			-0.2123	0.1833	0.9599
		b:
			-643.4685
			-688.1172
			565.3065
			336.0819
			-531.8318
			688.8628
			694.671
			-17.9552
			-63.4556
			-693.671
			19.9552
			65.4556
	==================================================================================
	Q4:
		Shape: Ellipse
		q_c:	521.0	454.5	96.5
		ub :	521.8406	455.7122	97.4965
		lb :	520.1594	453.2878	95.5035
		P^-1:
			3.8928	-0.5049	-0.2352
			-0.5049	1.623	-1.1072
			-0.2352	-1.1072	3.4843
	==================================================================================
	Q5:
		Shape: Polyhedra
		q_c:	521.5	453.5	97.5
		ub :	523.0698	454.378	98.7446
		lb :	519.9302	452.622	96.2554
		A:
			0.1782	0.6012	-0.779
			0.3386	0.9337	0.1165
			-0.7026	0.0743	0.7077
			-0.2486	0.5073	0.8252
			-0.3813	0.7954	-0.4711
			-0.2746	0.7829	0.5583
			0.8791	0.1783	0.4421
			0.0265	-0.9442	0.3282
			0.4759	-0.2768	-0.8348
			-0.8791	-0.1783	-0.4421
			-0.0265	0.9442	-0.3282
			-0.4759	0.2768	0.8348
		b:
			290.1205
			612.2682
			-263.0523
			181.4748
			116.706
			266.8154
			583.9168
			-381.8846
			41.773
			-580.9168
			382.8846
			-40.773
	==================================================================================
	Q6:
		Shape: Ellipse
		q_c:	520.5	454.0	96.5
		ub :	521.6754	454.8569	97.5644
		lb :	519.3246	453.1431	95.4356
		P^-1:
			1.6293	-0.4467	1.1368
			-0.4467	3.9158	0.2142
			1.1368	0.2142	3.4549


===========================================================================================
===========================================================================================
