3D_40_9_6_f                l = 3

===========================================================================================
===========================================================================================
S1:
	q_c:	242.0	87.0	150.5
	ub :	248.9042	92.9163	155.3724
	lb :	238.9336	81.6523	145.0893

	==================================================================================
	Q1:
		Shape: Ellipse
		q_c:	243.0	87.0	148.5
		ub :	245.1154	88.3255	150.8424
		lb :	240.8846	85.6745	146.1576
		P^-1:
			0.7176	-0.0356	-0.3616
			-0.0356	0.9955	-0.0455
			-0.3616	-0.0455	0.5369
	==================================================================================
	Q2:
		Shape: Ellipse
		q_c:	243.5	87.0	151.5
		ub :	245.2577	88.9448	153.5048
		lb :	241.7423	85.0552	149.4952
		P^-1:
			0.7964	-0.1857	-0.1928
			-0.1857	0.8306	-0.1758
			-0.1928	-0.1758	0.8175
	==================================================================================
	Q3:
		Shape: Polyhedra
		q_c:	241.5	88.5	148.0
		ub :	244.0664	91.0058	150.3477
		lb :	238.9336	85.9942	145.6523
		A:
			0.2014	-0.8975	0.3924
			-0.503	0.7795	-0.3732
			0.6742	-0.0599	-0.7361
			0.398	0.9145	-0.0731
			0.2502	0.771	-0.5856
			0.3625	-0.8653	-0.3461
			0.4704	0.6216	0.6264
			0.6883	-0.7026	0.1804
			0.5522	0.3463	-0.7584
			-0.4704	-0.6216	-0.6264
			-0.6883	0.7026	-0.1804
			-0.5522	-0.3463	0.7584
		b:
			28.7793
			-106.2304
			50.0796
			167.7224
			43.5023
			-38.7596
			262.8143
			132.2407
			53.2707
			-259.8143
			-129.2407
			-50.2707
	==================================================================================
	Q4:
		Shape: Polyhedra
		q_c:	244.5	88.0	153.5
		ub :	246.5393	89.6101	155.3724
		lb :	242.4607	86.3899	151.6276
		A:
			-0.7064	0.5044	-0.4966
			-0.9526	0.0663	0.2969
			0.3409	-0.9385	-0.0552
			-0.4133	0.5934	-0.6907
			-0.6886	0.5784	-0.4374
			0.7232	0.6457	-0.245
			0.7045	0.4871	0.5162
			0.3887	-0.8733	0.2935
			0.5938	-0.0061	-0.8046
			-0.7045	-0.4871	-0.5162
			-0.3887	0.8733	-0.2935
			-0.5938	0.0061	0.8046
		b:
			-203.4111
			-180.3696
			-6.6592
			-153.7846
			-183.487
			197.3003
			295.8442
			64.2532
			22.1429
			-292.8442
			-62.2532
			-20.1429
	==================================================================================
	Q5:
		Shape: Polyhedra
		q_c:	246.0	90.0	148.0
		ub :	248.9042	92.9163	150.9107
		lb :	243.0958	87.0837	145.0893
		A:
			0.3093	-0.5855	-0.7493
			0.1046	0.9865	0.1257
			0.2223	-0.9729	-0.0642
			0.3439	-0.8502	0.3987
			-0.7227	-0.2371	0.6492
			0.2086	-0.7196	-0.6624
			0.7783	0.4666	0.4201
			-0.2381	-0.3998	0.8851
			0.581	-0.7889	-0.2001
			-0.7783	-0.4666	-0.4201
			0.2381	0.3998	-0.8851
			-0.581	0.7889	0.2001
		b:
			-85.7953
			134.8689
			-40.7951
			68.7833
			-101.1008
			-109.7941
			297.6375
			38.4549
			43.8024
			-293.6375
			-34.4549
			-40.8024
	==================================================================================
	Q6:
		Shape: Polyhedra
		q_c:	242.0	84.5	150.0
		ub :	244.8635	87.3477	152.602
		lb :	239.1365	81.6523	147.398
		A:
			0.5208	0.0005	0.8537
			0.8202	-0.0364	-0.5709
			0.395	-0.8453	-0.3598
			0.7002	-0.6891	0.1868
			-0.3947	0.8477	0.3544
			0.8841	-0.3578	0.3005
			0.6762	0.6797	0.2843
			0.3708	-0.6474	0.6658
			0.6366	-0.3448	-0.6898
			-0.6762	-0.6797	-0.2843
			-0.3708	0.6474	-0.6658
			-0.6366	0.3448	0.6898
		b:
			255.8205
			111.3674
			-28.2136
			140.7265
			30.8579
			230.399
			265.7127
			136.4083
			22.9381
			-261.7127
			-133.4083
			-19.9381


===========================================================================================
===========================================================================================
S2:
	q_c:	77.5	274.5	441.0
	ub :	103.2168	296.1805	461.4019
	lb :	60.803	255.5917	419.4476

	==================================================================================
	Q1:
		Shape: Hybrid
		q_c:	72.5	268.0	432.5
		ub :	84.197	280.4083	445.5524
		lb :	60.803	255.5917	419.4476
		P^-1:
			0.0216	-0.0003	-0.0035
			-0.0003	0.02	0.0041
			-0.0035	0.0041	0.0115
		A:
			-0.2522	0.7654	-0.592
			0.6387	-0.7526	0.1601
			0.9537	-0.2359	0.1867
			-0.3005	0.948	0.1048
			-0.7232	-0.6906	-0.005
			-0.1728	0.5407	0.8233
		b:
			-62.7914
			-81.4037
			91.1084
			281.4916
			-235.9489
			493.0738
	==================================================================================
	Q2:
		Shape: Polyhedra
		q_c:	75.5	282.5	446.0
		ub :	89.2862	295.6547	457.4294
		lb :	61.7138	269.3453	434.5706
		A:
			-0.2186	0.6487	-0.729
			0.416	-0.0813	0.9057
			-0.1384	-0.6843	0.716
			0.7859	-0.125	0.6056
			-0.9958	0.0685	-0.061
			0.8703	-0.4916	0.031
			0.5327	0.8409	0.0952
			0.6189	-0.3105	-0.7215
			-0.5772	0.4433	-0.6858
			-0.5327	-0.8409	-0.0952
			-0.6189	0.3105	0.7215
			0.5772	-0.4433	0.6858
		b:
			-151.0577
			419.6837
			123.4529
			301.4435
			-75.1885
			-51.8528
			329.2202
			-354.7658
			-217.2376
			-311.2202
			370.7658
			231.2376
	==================================================================================
	Q3:
		Shape: Hybrid
		q_c:	72.0	282.0	429.5
		ub :	80.27	291.6589	438.418
		lb :	63.73	272.3411	420.582
		P^-1:
			0.046	-0.0187	-0.0211
			-0.0187	0.0393	0.0177
			-0.0211	0.0177	0.0436
		A:
			0.8803	-0.2174	-0.4218
			0.3246	-0.7209	-0.6123
			0.7775	-0.5836	-0.2344
			-0.0986	0.975	0.1992
			-0.7043	0.6955	-0.1421
			-0.9335	0.1753	0.313
		b:
			-176.6371
			-440.656
			-206.9286
			356.9484
			87.8274
			119.3954
	==================================================================================
	Q4:
		Shape: Ellipse
		q_c:	95.0	265.0	454.5
		ub :	103.2168	273.2629	461.4019
		lb :	86.7832	256.7371	447.5981
		P^-1:
			0.032	0.0029	-0.0003
			0.0029	0.0248	0.0009
			-0.0003	0.0009	0.033
	==================================================================================
	Q5:
		Shape: Hybrid
		q_c:	82.0	270.5	430.0
		ub :	86.2456	276.1832	435.818
		lb :	77.7544	264.8168	424.182
		P^-1:
			0.1111	-0.0	-0.0001
			-0.0	0.1013	-0.0226
			-0.0001	-0.0226	0.0592
		A:
			0.5871	0.6306	0.5075
			0.882	0.2588	0.3939
			-0.175	0.9839	0.0372
			0.4861	0.8664	-0.1144
			0.9292	-0.3305	0.1655
			-0.4126	-0.8965	0.1615
		b:
			439.3185
			313.5763
			269.5934
			226.6503
			59.4481
			-205.281
	==================================================================================
	Q6:
		Shape: Polyhedra
		q_c:	72.0	290.5	441.0
		ub :	81.6981	296.1805	448.1804
		lb :	62.3019	284.8195	433.8196
		A:
			0.0473	-0.9507	0.3066
			-0.0663	0.9729	-0.2217
			-0.6828	0.3264	0.6537
			0.558	0.2963	0.7751
			0.5932	-0.3622	-0.719
			-0.0601	0.7413	-0.6684
			0.2725	0.9583	0.0856
			0.2724	0.0085	-0.9621
			-0.9228	0.2855	-0.2588
			-0.2725	-0.9583	-0.0856
			-0.2724	-0.0085	0.9621
			0.9228	-0.2855	0.2588
		b:
			-132.9492
			184.6297
			339.9658
			474.1896
			-373.8777
			-78.516
			339.2717
			-397.2213
			-89.625
			-332.2717
			407.2213
			105.625


===========================================================================================
===========================================================================================
S3:
	q_c:	62.5	102.5	336.5
	ub :	72.3811	110.8654	343.0524
	lb :	54.4083	91.2931	325.8518

	==================================================================================
	Q1:
		Shape: Polyhedra
		q_c:	69.0	101.5	339.5
		ub :	72.3811	104.6197	343.0524
		lb :	65.6189	98.3803	335.9476
		A:
			-0.7082	0.0523	-0.7041
			-0.2746	0.5145	0.8123
			-0.5222	-0.8449	-0.116
			-0.2131	-0.7197	0.6608
			-0.938	0.0494	-0.3431
			-0.8427	-0.5325	-0.0794
			0.0966	0.5939	0.7987
			-0.0819	0.8045	-0.5883
			-0.9919	-0.0086	0.1263
			-0.0966	-0.5939	-0.7987
			0.0819	-0.8045	0.5883
			0.9919	0.0086	-0.1263
		b:
			-280.0013
			311.6418
			-158.6575
			138.6963
			-173.3275
			-136.3491
			340.6031
			-121.7386
			-23.4298
			-335.6031
			125.7386
			29.4298
	==================================================================================
	Q2:
		Shape: Polyhedra
		q_c:	66.5	98.5	338.0
		ub :	70.7687	102.1949	342.348
		lb :	62.2313	94.8051	333.652
		A:
			0.5215	-0.8046	0.284
			-0.5915	0.1729	0.7875
			0.7192	-0.6032	-0.3449
			-0.8594	0.1806	0.4783
			-0.211	-0.925	-0.3159
			0.9808	-0.0412	0.1909
			0.6163	0.1872	0.7649
			-0.6448	0.6776	0.3537
			-0.4521	-0.7112	0.5383
			-0.6163	-0.1872	-0.7649
			0.6448	-0.6776	-0.3537
			0.4521	0.7112	-0.5383
		b:
			53.7089
			246.1442
			-126.1549
			124.4778
			-209.4165
			128.3114
			320.9717
			145.409
			84.3313
			-314.9717
			-141.409
			-79.3313
	==================================================================================
	Q3:
		Shape: Hybrid
		q_c:	61.5	106.0	334.5
		ub :	65.2484	109.2991	338.6984
		lb :	57.7516	102.7009	330.3016
		P^-1:
			0.314	0.0096	-0.1807
			0.0096	0.1115	-0.0105
			-0.1807	-0.0105	0.1925
		A:
			-0.5752	0.7488	0.3293
			0.6604	-0.1381	-0.7381
			0.3987	0.2926	-0.8691
			0.9249	0.359	-0.1248
			0.9263	-0.2991	-0.2291
			0.6418	0.6457	-0.4138
		b:
			155.9257
			-219.9127
			-233.5495
			54.8386
			-49.9701
			-29.0655
	==================================================================================
	Q4:
		Shape: Ellipse
		q_c:	64.0	99.0	337.5
		ub :	69.7083	104.4673	342.4424
		lb :	58.2917	93.5327	332.5576
		P^-1:
			0.0942	0.0066	-0.013
			0.0066	0.0851	-0.0068
			-0.013	-0.0068	0.0951
	==================================================================================
	Q5:
		Shape: Ellipse
		q_c:	68.0	107.0	330.5
		ub :	71.6861	110.8654	333.9885
		lb :	64.3139	103.1346	327.0115
		P^-1:
			0.1623	-0.0068	0.0126
			-0.0068	0.1798	-0.0366
			0.0126	-0.0366	0.2279
	==================================================================================
	Q6:
		Shape: Ellipse
		q_c:	58.5	96.0	329.5
		ub :	62.5917	100.7069	333.1482
		lb :	54.4083	91.2931	325.8518
		P^-1:
			0.1128	-0.0294	0.0306
			-0.0294	0.1427	-0.1511
			0.0306	-0.1511	0.3625


===========================================================================================
===========================================================================================
S4:
	q_c:	77.0	351.5	155.5
	ub :	88.7993	364.6483	166.1214
	lb :	63.289	338.5768	143.303

	==================================================================================
	Q1:
		Shape: Hybrid
		q_c:	75.0	351.0	162.0
		ub :	79.0909	354.105	166.1214
		lb :	70.9091	347.895	157.8786
		P^-1:
			0.1975	-0.1194	0.006
			-0.1194	0.3704	-0.0666
			0.006	-0.0666	0.1476
		A:
			0.1821	0.9042	-0.3864
			-0.2898	0.8981	-0.3309
			0.9791	-0.1551	0.1315
			0.638	-0.7522	-0.1645
			-0.775	0.4907	-0.3983
			-0.9362	0.3461	0.0607
		b:
			269.6298
			240.666
			41.953
			-241.8421
			50.8316
			62.4966
	==================================================================================
	Q2:
		Shape: Ellipse
		q_c:	80.0	346.5	149.5
		ub :	86.8187	352.7035	155.697
		lb :	73.1813	340.2965	143.303
		P^-1:
			0.038	-0.0221	0.0159
			-0.0221	0.09	-0.0174
			0.0159	-0.0174	0.0734
	==================================================================================
	Q3:
		Shape: Ellipse
		q_c:	82.5	357.5	152.0
		ub :	88.7993	364.6483	157.4991
		lb :	76.2007	350.3517	146.5009
		P^-1:
			0.074	0.0134	0.01
			0.0134	0.0316	0.0026
			0.01	0.0026	0.0531
	==================================================================================
	Q4:
		Shape: Hybrid
		q_c:	74.0	343.5	155.0
		ub :	79.5571	348.4232	160.3202
		lb :	68.4429	338.5768	149.6798
		P^-1:
			0.0821	-0.0343	0.0174
			-0.0343	0.1668	-0.085
			0.0174	-0.085	0.1452
		A:
			0.957	0.2217	0.187
			-0.6986	0.2653	-0.6646
			-0.1299	-0.9506	0.2819
			0.0916	-0.9871	0.1316
			-0.0398	0.4595	-0.8873
			-0.3445	-0.8002	0.4909
		b:
			178.7638
			-61.6266
			-290.7668
			-310.1723
			18.6928
			-222.5601
	==================================================================================
	Q5:
		Shape: Ellipse
		q_c:	80.5	354.0	159.5
		ub :	86.3265	361.1816	164.9921
		lb :	74.6735	346.8184	154.0079
		P^-1:
			0.0598	0.009	-0.0008
			0.009	0.0398	0.0127
			-0.0008	0.0127	0.0776
	==================================================================================
	Q6:
		Shape: Hybrid
		q_c:	68.0	352.0	149.5
		ub :	72.711	359.0105	154.7791
		lb :	63.289	344.9895	144.2209
		P^-1:
			0.0836	-0.0025	0.009
			-0.0025	0.0337	0.0204
			0.009	0.0204	0.1032
		A:
			0.893	-0.1498	0.4245
			0.4154	0.384	-0.8246
			0.8162	0.4042	0.4127
			0.9967	-0.0557	0.0587
			-0.7121	0.0313	0.7014
			-0.3727	0.6265	0.6845
		b:
			73.3785
			43.1515
			261.6706
			58.9134
			69.5222
			299.796


===========================================================================================
===========================================================================================
S5:
	q_c:	415.5	133.0	500.0
	ub :	426.3478	160.0697	517.2175
	lb :	385.6702	112.5967	480.1051

	==================================================================================
	Q1:
		Shape: Polyhedra
		q_c:	399.0	127.0	494.5
		ub :	409.1456	136.0007	502.5238
		lb :	388.8544	117.9993	486.4762
		A:
			-0.7328	-0.6789	0.0453
			0.0392	0.978	-0.2049
			0.6686	0.7221	-0.1776
			0.776	0.6269	-0.0694
			-0.3058	-0.5572	-0.772
			-0.5153	-0.7083	-0.4825
			0.6032	0.726	0.3301
			-0.4809	0.0009	0.8768
			0.6363	-0.6876	0.3497
			-0.6032	-0.726	-0.3301
			0.4809	-0.0009	-0.8768
			-0.6363	0.6876	-0.3497
		b:
			-354.0926
			46.8702
			273.4408
			357.1709
			-571.8977
			-532.5197
			497.6293
			245.8164
			350.9714
			-494.6293
			-237.8164
			-327.9714
	==================================================================================
	Q2:
		Shape: Hybrid
		q_c:	400.0	135.0	506.0
		ub :	411.2608	142.0378	517.2175
		lb :	388.7392	127.9622	494.7825
		P^-1:
			0.0193	0.0024	0.0026
			0.0024	0.0323	0.0017
			0.0026	0.0017	0.0175
		A:
			0.81	0.5339	0.2425
			0.8745	0.4838	0.035
			0.1523	0.9694	0.1923
			0.1202	-0.3505	0.9288
			0.8907	0.4001	-0.2158
			-0.5979	0.7903	0.1336
		b:
			522.4169
			436.7735
			291.9024
			475.4543
			305.4516
			-61.0002
	==================================================================================
	Q3:
		Shape: Ellipse
		q_c:	419.0	152.0	492.0
		ub :	426.3478	160.0697	499.9308
		lb :	411.6522	143.9303	484.0692
		P^-1:
			0.0582	0.0168	-0.0035
			0.0168	0.0442	0.0244
			-0.0035	0.0244	0.0621
	==================================================================================
	Q4:
		Shape: Polyhedra
		q_c:	415.0	120.5	485.0
		ub :	421.2645	128.023	489.8949
		lb :	408.7355	112.977	480.1051
		A:
			-0.3412	0.218	0.9143
			0.9187	0.3371	-0.2059
			-0.7236	0.647	-0.2402
			0.3842	0.4042	-0.8301
			0.8967	-0.1985	0.3957
			-0.5437	0.7762	-0.3194
			0.5438	0.8183	0.1861
			0.8042	-0.4449	-0.3941
			-0.2397	0.364	-0.9
			-0.5438	-0.8183	-0.1861
			-0.8042	0.4449	0.3941
			0.2397	-0.364	0.9
		b:
			331.0257
			327.0902
			-336.0652
			-190.781
			543.7338
			-283.756
			421.0553
			91.5315
			-489.1255
			-408.0553
			-86.5315
			495.1255
	==================================================================================
	Q5:
		Shape: Ellipse
		q_c:	393.5	120.0	499.0
		ub :	401.3298	127.4033	507.7568
		lb :	385.6702	112.5967	490.2432
		P^-1:
			0.0357	0.0044	0.0042
			0.0044	0.0542	-0.0135
			0.0042	-0.0135	0.0404
	==================================================================================
	Q6:
		Shape: Ellipse
		q_c:	413.5	131.0	503.5
		ub :	424.5479	142.0721	513.7567
		lb :	402.4521	119.9279	493.2433
		P^-1:
			0.0265	-0.0124	0.0028
			-0.0124	0.0284	0.0006
			0.0028	0.0006	0.0194


===========================================================================================
===========================================================================================
S6:
	q_c:	113.5	20.0	128.5
	ub :	141.0816	23.4843	150.3234
	lb :	97.7825	-5.411	101.203

	==================================================================================
	Q1:
		Shape: Polyhedra
		q_c:	130.5	4.5	141.5
		ub :	140.1387	14.411	150.3234
		lb :	120.8613	-5.411	132.6766
		A:
			0.2546	0.1985	0.9465
			0.5093	0.8568	0.0803
			-0.4329	0.1491	-0.889
			-0.0793	0.6009	-0.7953
			-0.5607	-0.7265	0.3973
			-0.8293	-0.5588	0.004
			0.4634	0.7888	0.4039
			0.2786	0.303	-0.9114
			-0.8412	0.5349	-0.0794
			-0.4634	-0.7888	-0.4039
			-0.2786	-0.303	0.9114
			0.8412	-0.5349	0.0794
		b:
			174.3104
			87.7311
			-175.3441
			-113.7916
			-13.9524
			-104.0893
			127.1739
			-84.7332
			-112.6007
			-115.1739
			97.7332
			124.6007
	==================================================================================
	Q2:
		Shape: Polyhedra
		q_c:	129.5	9.0	135.5
		ub :	139.6718	20.1431	145.1625
		lb :	119.3282	-2.1431	125.8375
		A:
			0.9809	-0.0793	0.1774
			-0.5768	-0.2656	-0.7725
			0.9631	-0.2485	-0.1039
			0.4222	-0.1759	-0.8893
			0.7218	-0.2601	0.6414
			0.5749	0.4681	0.6712
			0.7952	0.5933	0.1255
			0.5861	-0.6988	-0.4101
			-0.1556	0.3996	-0.9034
			-0.7952	-0.5933	-0.1255
			-0.5861	0.6988	0.4101
			0.1556	-0.3996	0.9034
		b:
			157.0549
			-174.7843
			114.8135
			-60.917
			184.9255
			176.5313
			132.3179
			20.048
			-131.9589
			-118.3179
			-8.048
			145.9589
	==================================================================================
	Q3:
		Shape: Hybrid
		q_c:	117.0	10.5	116.0
		ub :	126.9544	21.2194	128.0033
		lb :	107.0456	-0.2194	103.9967
		P^-1:
			0.0232	-0.001	0.0019
			-0.001	0.0216	0.0039
			0.0019	0.0039	0.0164
		A:
			-0.0834	0.8193	-0.5672
			0.506	-0.1239	0.8536
			-0.5617	-0.8115	-0.1613
			-0.9818	0.0003	-0.19
			0.4242	0.8812	0.2086
			0.877	0.3865	-0.2855
		b:
			-62.2269
			161.1407
			-89.3999
			-133.6431
			86.5666
			77.6439
	==================================================================================
	Q4:
		Shape: Ellipse
		q_c:	133.0	13.0	109.5
		ub :	141.0816	15.8702	117.797
		lb :	124.9184	10.1298	101.203
		P^-1:
			0.031	0.0032	0.0023
			0.0032	0.2473	-0.0239
			0.0023	-0.0239	0.0325
	==================================================================================
	Q5:
		Shape: Hybrid
		q_c:	102.5	18.0	139.0
		ub :	107.2175	22.9891	143.1959
		lb :	97.7825	13.0109	134.8041
		P^-1:
			1.7674	0.2229	-1.9397
			0.2229	0.1314	-0.2966
			-1.9397	-0.2966	2.2523
		A:
			0.7263	0.1024	-0.6797
			-0.6046	0.2952	0.7398
			0.6535	0.2411	-0.7175
			0.6244	0.0344	-0.7803
			-0.6439	0.3879	0.6595
			-0.5481	0.2109	0.8094
		b:
			-17.7647
			47.4176
			-27.9131
			-43.4716
			34.0462
			61.3563
	==================================================================================
	Q6:
		Shape: Ellipse
		q_c:	129.5	18.5	123.5
		ub :	134.3775	23.4843	128.3105
		lb :	124.6225	13.5157	118.6895
		P^-1:
			0.0819	0.0177	0.0126
			0.0177	0.1337	0.0885
			0.0126	0.0885	0.1785


===========================================================================================
===========================================================================================
S7:
	q_c:	104.5	144.0	475.5
	ub :	120.3165	157.2675	488.9302
	lb :	88.9037	128.3155	461.8612

	==================================================================================
	Q1:
		Shape: Polyhedra
		q_c:	108.5	136.5	473.5
		ub :	115.7703	143.9084	479.4189
		lb :	101.2297	129.0916	467.5811
		A:
			0.5803	0.7295	-0.3622
			0.9494	0.1636	-0.2679
			-0.3732	-0.6804	-0.6307
			-0.0696	0.3921	-0.9173
			-0.9291	-0.3689	-0.0265
			0.8635	0.4182	-0.2818
			0.6362	0.2296	0.7366
			-0.6024	0.7443	0.2882
			-0.4821	-0.6271	0.6119
			-0.6362	-0.2296	-0.7366
			0.6024	-0.7443	-0.2882
			0.4821	0.6271	-0.6119
		b:
			-5.9274
			2.7506
			-427.9957
			-385.3333
			-160.3178
			20.7895
			452.1313
			179.2315
			154.8278
			-446.1313
			-166.2315
			-148.8278
	==================================================================================
	Q2:
		Shape: Hybrid
		q_c:	112.5	140.5	478.0
		ub :	120.3165	143.9048	485.0937
		lb :	104.6835	137.0952	470.9063
		P^-1:
			0.0836	0.0338	0.0776
			0.0338	0.2324	0.0173
			0.0776	0.0173	0.1117
		A:
			-0.5007	-0.5144	-0.6962
			-0.1827	0.9472	-0.2635
			0.3765	0.6983	0.6088
			0.6358	0.2007	0.7453
			0.0283	-0.9996	-0.0052
			-0.2916	0.9203	-0.2607
		b:
			-460.1233
			-12.1434
			432.7793
			457.3115
			-138.536
			-26.6387
	==================================================================================
	Q3:
		Shape: Ellipse
		q_c:	96.5	133.0	477.0
		ub :	102.7781	137.6845	483.1344
		lb :	90.2219	128.3155	470.8656
		P^-1:
			0.0741	-0.0011	0.0421
			-0.0011	0.1367	-0.0296
			0.0421	-0.0296	0.1003
	==================================================================================
	Q4:
		Shape: Ellipse
		q_c:	110.5	147.5	467.0
		ub :	119.0829	156.2118	472.1388
		lb :	101.9171	138.7882	461.8612
		P^-1:
			0.0647	0.0181	0.0805
			0.0181	0.0333	0.0289
			0.0805	0.0289	0.2087
	==================================================================================
	Q5:
		Shape: Ellipse
		q_c:	94.0	153.0	473.5
		ub :	97.4177	157.2675	479.5506
		lb :	90.5823	148.7325	467.4494
		P^-1:
			0.3377	0.1713	0.0038
			0.1713	0.1692	0.0027
			0.0038	0.0027	0.0278
	==================================================================================
	Q6:
		Shape: Polyhedra
		q_c:	95.5	142.0	482.0
		ub :	102.0963	148.3371	488.9302
		lb :	88.9037	135.6629	475.0698
		A:
			0.2807	0.4637	0.8404
			-0.2837	-0.5593	-0.7789
			0.6998	-0.0875	0.7089
			-0.9151	0.0162	0.403
			0.9346	0.2991	0.1926
			0.3969	0.2845	-0.8727
			0.8744	0.236	0.4239
			-0.1533	-0.6946	0.7029
			0.4603	-0.6796	-0.5711
			-0.8744	-0.236	-0.4239
			0.1533	0.6946	-0.7029
			-0.4603	0.6796	0.5711
		b:
			502.0488
			-477.6168
			400.9133
			113.3841
			229.4804
			-338.4516
			326.3386
			229.5466
			-324.3392
			-316.3386
			-221.5466
			331.3392


===========================================================================================
===========================================================================================
S8:
	q_c:	19.0	174.5	327.5
	ub :	36.4375	186.5528	339.6232
	lb :	3.6947	157.0993	316.1843

	==================================================================================
	Q1:
		Shape: Hybrid
		q_c:	31.0	167.5	330.0
		ub :	36.4375	172.3981	332.8343
		lb :	25.5625	162.6019	327.1657
		P^-1:
			0.1153	-0.0998	0.0077
			-0.0998	0.1724	-0.0121
			0.0077	-0.0121	0.1623
		A:
			0.0415	-0.7464	-0.6643
			0.7229	-0.5756	0.3823
			0.5424	0.6107	-0.577
			-0.761	0.6379	-0.118
			-0.1564	0.6156	-0.7724
			-0.5276	0.4837	-0.6984
		b:
			-340.9275
			53.4508
			-68.0666
			45.5666
			-155.1192
			-164.5453
	==================================================================================
	Q2:
		Shape: Ellipse
		q_c:	20.0	169.5	334.0
		ub :	25.005	176.37	339.6232
		lb :	14.995	162.63	328.3768
		P^-1:
			0.5454	-0.0901	-0.4633
			-0.0901	0.0643	0.1043
			-0.4633	0.1043	0.4859
	==================================================================================
	Q3:
		Shape: Ellipse
		q_c:	27.0	164.0	321.5
		ub :	33.3714	170.9007	326.8157
		lb :	20.6286	157.0993	316.1843
		P^-1:
			0.0711	0.0371	-0.0115
			0.0371	0.0703	-0.0058
			-0.0115	-0.0058	0.0653
	==================================================================================
	Q4:
		Shape: Hybrid
		q_c:	25.0	173.0	330.5
		ub :	32.2266	180.3551	338.0283
		lb :	17.7734	165.6449	322.9717
		P^-1:
			0.0401	-0.0018	0.0017
			-0.0018	0.0617	-0.0207
			0.0017	-0.0207	0.0598
		A:
			0.8062	-0.5853	-0.0863
			-0.9797	0.1327	-0.1502
			-0.5024	-0.3717	0.7807
			0.1179	0.3123	-0.9426
			0.9346	-0.0927	0.3434
			0.7515	0.0192	-0.6595
		b:
			-106.5798
			-48.0128
			183.5573
			-252.4001
			123.9079
			-192.8466
	==================================================================================
	Q5:
		Shape: Ellipse
		q_c:	9.5	181.0	333.5
		ub :	15.3053	186.5528	338.3494
		lb :	3.6947	175.4472	328.6506
		P^-1:
			0.118	-0.0625	0.0537
			-0.0625	0.1111	-0.0659
			0.0537	-0.0659	0.1519
	==================================================================================
	Q6:
		Shape: Ellipse
		q_c:	12.0	177.5	329.0
		ub :	17.254	183.5589	334.5054
		lb :	6.746	171.4411	323.4946
		P^-1:
			0.0929	-0.0209	-0.0102
			-0.0209	0.0836	-0.0022
			-0.0102	-0.0022	0.0787


===========================================================================================
===========================================================================================
S9:
	q_c:	184.5	417.5	149.0
	ub :	206.4344	445.4894	176.6269
	lb :	168.7306	398.0435	118.3792

	==================================================================================
	Q1:
		Shape: Polyhedra
		q_c:	178.5	433.0	162.5
		ub :	188.2694	445.4894	175.2016
		lb :	168.7306	420.5106	149.7984
		A:
			-0.1431	0.9514	0.2728
			-0.7407	0.6715	-0.0207
			-0.773	-0.1042	-0.6258
			-0.4879	0.8724	0.0299
			0.6374	0.0893	-0.7654
			0.3688	0.1692	-0.914
			0.786	0.3665	0.4979
			-0.6175	0.5042	0.6037
			-0.0298	-0.782	0.6226
			-0.786	-0.3665	-0.4979
			0.6175	-0.5042	-0.6037
			0.0298	0.782	-0.6226
		b:
			437.995
			162.321
			-277.6586
			302.9237
			35.2603
			-1.8166
			386.8934
			212.6829
			-234.2491
			-372.8934
			-199.6829
			251.2491
	==================================================================================
	Q2:
		Shape: Ellipse
		q_c:	187.0	433.0	168.5
		ub :	192.6669	440.1674	176.6269
		lb :	181.3331	425.8326	160.3731
		P^-1:
			0.0801	0.0046	-0.0079
			0.0046	0.0671	0.0247
			-0.0079	0.0247	0.0397
	==================================================================================
	Q3:
		Shape: Polyhedra
		q_c:	195.5	422.0	136.5
		ub :	202.8743	428.9562	146.0673
		lb :	188.1257	415.0438	126.9327
		A:
			-0.4247	0.8236	-0.3758
			-0.1141	0.7933	-0.5981
			0.0266	-0.8763	0.481
			-0.3874	0.7715	-0.5047
			-0.6418	0.6489	-0.4087
			-0.5842	0.7734	-0.246
			0.3216	0.5767	0.751
			-0.3631	0.8076	-0.4646
			-0.8745	-0.1233	0.4691
			-0.3216	-0.5767	-0.751
			0.3631	-0.8076	0.4646
			0.8745	0.1233	-0.4691
		b:
			214.87
			232.7469
			-296.6274
			182.5618
			94.8481
			180.6748
			417.7384
			207.9054
			-154.4535
			-399.7384
			-204.9054
			163.4535
	==================================================================================
	Q4:
		Shape: Polyhedra
		q_c:	188.5	410.5	150.5
		ub :	201.355	422.9565	159.3891
		lb :	175.645	398.0435	141.6109
		A:
			0.7236	-0.2906	0.626
			-0.4534	0.3041	-0.8378
			0.4045	0.5226	0.7505
			-0.0903	0.0269	-0.9956
			-0.9377	-0.3461	0.0312
			-0.2357	-0.6426	0.729
			0.6589	0.7516	0.0315
			0.6735	-0.5707	-0.4699
			-0.3352	0.3308	-0.8822
			-0.6589	-0.7516	-0.0315
			-0.6735	0.5707	0.4699
			0.3352	-0.3308	0.8822
		b:
			117.0338
			-82.1442
			410.4404
			-150.1104
			-306.4867
			-192.7883
			444.4704
			-168.0284
			-55.6522
			-430.4704
			188.0284
			64.6522
	==================================================================================
	Q5:
		Shape: Polyhedra
		q_c:	191.0	418.5	128.0
		ub :	202.3113	428.708	137.6208
		lb :	179.6887	408.292	118.3792
		A:
			-0.6532	-0.1135	0.7486
			-0.9209	0.281	0.27
			0.4897	0.3025	-0.8178
			0.3827	-0.3651	-0.8487
			-0.1759	0.1948	-0.965
			0.5946	0.4943	-0.6341
			0.9394	0.2229	0.2605
			0.1088	-0.9144	0.39
			0.3251	-0.338	-0.8832
			-0.9394	-0.2229	-0.2605
			-0.1088	0.9144	-0.39
			-0.3251	0.338	0.8832
		b:
			-70.0931
			-15.8724
			121.6378
			-183.287
			-69.1138
			246.4362
			315.5415
			-304.9678
			-187.4109
			-296.5415
			318.9678
			197.4109
	==================================================================================
	Q6:
		Shape: Ellipse
		q_c:	196.5	425.5	166.5
		ub :	206.4344	438.329	173.7936
		lb :	186.5656	412.671	159.2064
		P^-1:
			0.0525	0.0134	0.0422
			0.0134	0.0117	0.014
			0.0422	0.014	0.075


===========================================================================================
===========================================================================================
