3D_40_9_6_d                l = 3

===========================================================================================
===========================================================================================
S1:
	q_c:	414.0	18.0	411.0
	ub :	431.0085	34.829	425.9326
	lb :	400.2051	3.8688	393.1522

	==================================================================================
	Q1:
		Shape: Ellipse
		q_c:	409.0	27.0	411.0
		ub :	413.775	32.7508	415.2212
		lb :	404.225	21.2492	406.7788
		P^-1:
			0.1776	0.0979	0.0178
			0.0979	0.1155	-0.0071
			0.0178	-0.0071	0.1079
	==================================================================================
	Q2:
		Shape: Polyhedra
		q_c:	421.0	12.0	417.0
		ub :	430.2877	19.1556	425.9326
		lb :	411.7123	4.8444	408.0674
		A:
			-0.7174	0.6966	-0.0023
			0.0116	-0.9958	0.091
			-0.609	-0.7931	0.0084
			0.3207	-0.8532	0.4113
			-0.2821	0.6587	-0.6975
			-0.317	0.7922	0.5215
			0.6639	0.413	0.6234
			0.4592	-0.8831	0.0959
			0.5901	0.2226	-0.776
			-0.6639	-0.413	-0.6234
			-0.4592	0.8831	-0.0959
			-0.5901	-0.2226	0.776
		b:
			-290.3247
			35.3584
			-256.881
			300.6962
			-396.607
			98.3416
			549.4365
			226.7367
			-65.4657
			-539.4365
			-218.7367
			79.4657
	==================================================================================
	Q3:
		Shape: Polyhedra
		q_c:	424.0	31.0	419.0
		ub :	428.8128	34.829	423.9177
		lb :	419.1872	27.171	414.0823
		A:
			0.2821	0.8087	-0.5161
			-0.4254	0.8466	-0.3199
			0.8475	0.4473	-0.2858
			0.6013	0.3589	0.7139
			0.7846	0.4401	-0.4368
			0.6034	0.3892	-0.696
			0.2744	0.9595	0.0639
			0.3163	-0.0273	-0.9482
			-0.9081	0.2804	-0.311
			-0.2744	-0.9595	-0.0639
			-0.3163	0.0273	0.9482
			0.9081	-0.2804	0.311
		b:
			-68.2157
			-285.1188
			256.7452
			568.4691
			166.7243
			-19.9968
			175.8495
			-260.0323
			-503.6636
			-169.8495
			268.0323
			509.6636
	==================================================================================
	Q4:
		Shape: Ellipse
		q_c:	407.0	10.5	408.0
		ub :	413.7949	17.1312	413.3554
		lb :	400.2051	3.8688	402.6446
		P^-1:
			0.1019	0.0223	0.0927
			0.0223	0.0543	0.0089
			0.0927	0.0089	0.1893
	==================================================================================
	Q5:
		Shape: Polyhedra
		q_c:	415.0	21.0	404.0
		ub :	426.4661	30.7078	414.8478
		lb :	403.5339	11.2922	393.1522
		A:
			-0.0032	-0.876	0.4823
			0.7111	0.6953	0.1041
			0.5178	-0.0973	0.85
			0.1017	0.9915	0.0809
			0.7561	0.2759	0.5935
			-0.0277	0.5101	0.8597
			0.4047	0.473	0.7826
			-0.4309	0.8535	-0.293
			-0.8066	-0.2186	0.5493
			-0.4047	-0.473	-0.7826
			0.4309	-0.8535	0.293
			0.8066	0.2186	-0.5493
		b:
			181.6097
			358.7322
			562.2298
			101.8901
			565.6075
			352.8613
			500.0675
			-273.2741
			-109.4109
			-488.0675
			285.2741
			125.4109
	==================================================================================
	Q6:
		Shape: Polyhedra
		q_c:	423.5	22.0	407.5
		ub :	431.0085	29.0274	414.4422
		lb :	415.9915	14.9726	400.5578
		A:
			-0.339	-0.0452	-0.9397
			-0.9012	-0.4079	-0.1462
			-0.2701	-0.958	0.0963
			0.1649	0.985	0.0509
			-0.2835	-0.5498	0.7857
			0.7855	0.5907	-0.1848
			0.5688	0.7855	0.2438
			-0.185	-0.1667	0.9685
			0.8014	-0.596	0.0505
			-0.5688	-0.7855	-0.2438
			0.185	0.1667	-0.9685
			-0.8014	0.596	-0.0505
		b:
			-521.9596
			-446.1377
			-92.1289
			116.3197
			193.6912
			274.5734
			361.0415
			318.6489
			352.3533
			-354.0415
			-306.6489
			-341.3533


===========================================================================================
===========================================================================================
S2:
	q_c:	50.0	421.5	134.5
	ub :	72.9413	442.5535	152.7703
	lb :	28.9025	392.0167	121.3127

	==================================================================================
	Q1:
		Shape: Ellipse
		q_c:	59.5	404.0	133.5
		ub :	72.9413	415.9833	145.6873
		lb :	46.0587	392.0167	121.3127
		P^-1:
			0.0205	-0.0046	0.0113
			-0.0046	0.0236	-0.0102
			0.0113	-0.0102	0.0227
	==================================================================================
	Q2:
		Shape: Ellipse
		q_c:	64.0	406.0	143.0
		ub :	71.5341	413.5626	150.3061
		lb :	56.4659	398.4374	135.6939
		P^-1:
			0.1898	0.1089	-0.1645
			0.1089	0.1338	-0.1302
			-0.1645	-0.1302	0.1859
	==================================================================================
	Q3:
		Shape: Hybrid
		q_c:	45.0	431.5	144.0
		ub :	53.3599	439.9207	152.7703
		lb :	36.6401	423.0793	135.2297
		P^-1:
			0.0333	0.0025	0.0059
			0.0025	0.0431	-0.0071
			0.0059	-0.0071	0.0408
		A:
			-0.5341	0.7032	-0.4693
			0.0721	-0.6383	0.7664
			-0.4919	-0.7329	0.4701
			0.0038	-0.3482	-0.9374
			-0.4875	-0.7178	0.4971
			0.1698	-0.8864	0.4306
		b:
			214.3787
			-159.5364
			-268.0848
			-281.9291
			-257.4928
			-310.4665
	==================================================================================
	Q4:
		Shape: Ellipse
		q_c:	60.5	422.0	141.0
		ub :	69.1953	429.082	149.1339
		lb :	51.8047	414.918	132.8661
		P^-1:
			0.0457	0.0111	0.0248
			0.0111	0.0409	0.0142
			0.0248	0.0142	0.0518
	==================================================================================
	Q5:
		Shape: Ellipse
		q_c:	54.5	412.0	136.0
		ub :	61.9128	421.4535	145.4251
		lb :	47.0872	402.5465	126.5749
		P^-1:
			0.0511	-0.0159	-0.0242
			-0.0159	0.0328	0.014
			-0.0242	0.014	0.045
	==================================================================================
	Q6:
		Shape: Ellipse
		q_c:	37.0	434.0	139.0
		ub :	45.0975	442.5535	146.2781
		lb :	28.9025	425.4465	131.7219
		P^-1:
			0.044	-0.0069	0.0019
			-0.0069	0.0406	0.0026
			0.0019	0.0026	0.0378


===========================================================================================
===========================================================================================
S3:
	q_c:	135.5	121.5	478.0
	ub :	142.74	128.1641	486.5105
	lb :	125.6812	117.0143	471.9984

	==================================================================================
	Q1:
		Shape: Polyhedra
		q_c:	134.0	119.5	476.0
		ub :	136.8532	121.9857	478.6696
		lb :	131.1468	117.0143	473.3304
		A:
			0.7303	0.6734	-0.1147
			0.4467	-0.5497	-0.7059
			0.2699	-0.4511	-0.8507
			-0.3309	-0.8454	-0.4192
			0.4749	-0.6999	-0.5336
			0.5609	-0.1774	-0.8087
			0.9428	0.1128	0.3137
			-0.0872	-0.8247	0.5588
			0.3218	-0.5542	-0.7677
			-0.9428	-0.1128	-0.3137
			0.0872	0.8247	-0.5588
			-0.3218	0.5542	0.7677
		b:
			126.0185
			-340.7788
			-421.6231
			-343.1024
			-272.8012
			-329.6613
			291.6482
			157.7468
			-387.5209
			-286.6482
			-153.7468
			389.5209
	==================================================================================
	Q2:
		Shape: Polyhedra
		q_c:	131.5	122.0	482.5
		ub :	134.9179	125.6027	486.5105
		lb :	128.0821	118.3973	478.4895
		A:
			-0.5811	0.8137	0.0133
			0.9179	-0.1142	-0.38
			-0.6845	-0.6587	-0.3124
			0.5187	-0.2927	-0.8033
			-0.8769	0.3693	0.3078
			-0.6928	0.4731	0.5443
			0.72	0.2715	0.6387
			-0.0903	-0.8758	0.4742
			0.6881	-0.3991	-0.606
			-0.72	-0.2715	-0.6387
			0.0903	0.8758	-0.4742
			-0.6881	0.3991	0.606
		b:
			31.3102
			-74.7659
			-318.2063
			-353.4501
			79.9816
			230.7399
			438.9699
			112.5628
			-249.0971
			-432.9699
			-107.5628
			252.0971
	==================================================================================
	Q3:
		Shape: Ellipse
		q_c:	135.5	126.0	475.0
		ub :	138.8067	128.1641	478.0016
		lb :	132.1933	123.8359	471.9984
		P^-1:
			0.7191	-1.2319	0.6733
			-1.2319	2.7373	-1.2854
			0.6733	-1.2854	0.9047
	==================================================================================
	Q4:
		Shape: Ellipse
		q_c:	139.0	121.5	476.5
		ub :	142.74	124.8545	480.4714
		lb :	135.26	118.1455	472.5286
		P^-1:
			0.1973	-0.043	0.0222
			-0.043	0.208	-0.0145
			0.0222	-0.0145	0.0863
	==================================================================================
	Q5:
		Shape: Polyhedra
		q_c:	129.5	123.5	481.5
		ub :	133.3188	127.714	485.3239
		lb :	125.6812	119.286	477.6761
		A:
			0.0479	-0.997	-0.0608
			0.0388	0.7065	-0.7066
			-0.3542	0.2233	0.9081
			0.0845	-0.5006	-0.8615
			0.397	0.2093	-0.8936
			0.0729	-0.7425	-0.6659
			0.2443	0.4919	0.8357
			0.5193	0.6614	-0.5412
			-0.8189	0.5662	-0.0938
			-0.2443	-0.4919	-0.8357
			-0.5193	-0.6614	0.5412
			0.8189	-0.5662	0.0938
		b:
			-143.7177
			-245.7848
			421.6694
			-462.7658
			-350.665
			-399.9729
			497.7632
			-109.6294
			-78.8201
			-491.7632
			113.6294
			83.8201
	==================================================================================
	Q6:
		Shape: Hybrid
		q_c:	137.5	121.0	478.5
		ub :	141.4429	123.8305	482.6772
		lb :	133.5571	118.1695	474.3228
		P^-1:
			0.1561	-0.0592	0.0021
			-0.0592	0.3807	-0.1166
			0.0021	-0.1166	0.1787
		A:
			0.3126	-0.6949	-0.6476
			0.2928	0.0283	0.9557
			0.5878	0.7649	-0.2634
			0.5009	-0.8167	0.2865
			-0.3256	0.9437	0.0582
			0.443	-0.7713	0.4569
		b:
			-349.1742
			503.0257
			48.8394
			108.0684
			98.3461
			187.1387


===========================================================================================
===========================================================================================
S4:
	q_c:	74.5	326.5	30.0
	ub :	87.7757	345.4751	49.1895
	lb :	50.6297	304.1128	6.4621

	==================================================================================
	Q1:
		Shape: Ellipse
		q_c:	72.5	337.5	17.0
		ub :	80.8357	345.4751	25.2155
		lb :	64.1643	329.5249	8.7845
		P^-1:
			0.0395	0.0034	-0.0091
			0.0034	0.0509	-0.0132
			-0.0091	-0.0132	0.0399
	==================================================================================
	Q2:
		Shape: Polyhedra
		q_c:	59.0	315.0	30.5
		ub :	67.3703	322.9573	37.5404
		lb :	50.6297	307.0427	23.4596
		A:
			0.5372	-0.7958	0.2796
			-0.5987	0.7719	0.2138
			0.9392	-0.0462	0.3403
			0.9197	0.2478	-0.3044
			-0.9219	-0.3772	0.0884
			-0.7401	0.3174	0.5929
			0.5569	0.1756	0.8118
			-0.5902	-0.604	0.5356
			0.5844	-0.7774	-0.2327
			-0.5569	-0.1756	-0.8118
			0.5902	0.604	-0.5356
			-0.5844	0.7774	0.2327
		b:
			-204.4381
			220.8564
			56.2167
			127.2984
			-166.4595
			80.103
			117.4333
			-205.2504
			-210.9985
			-108.4333
			212.2504
			223.9985
	==================================================================================
	Q3:
		Shape: Polyhedra
		q_c:	73.0	315.5	35.0
		ub :	83.5991	326.8872	44.875
		lb :	62.4009	304.1128	25.125
		A:
			0.7972	-0.3091	0.5185
			-0.9846	-0.0192	-0.1738
			0.4847	-0.7412	-0.4644
			-0.1605	-0.0083	-0.987
			-0.2762	0.1944	0.9412
			0.7491	0.048	-0.6608
			0.4869	0.7568	0.4362
			0.8258	-0.5615	0.0526
			0.2847	0.3346	-0.8983
			-0.4869	-0.7568	-0.4362
			-0.8258	0.5615	-0.0526
			-0.2847	-0.3346	0.8983
		b:
			-14.8304
			-77.4686
			-208.1811
			-41.7699
			81.129
			53.4114
			297.0746
			-109.0442
			101.898
			-282.0746
			121.0442
			-87.898
	==================================================================================
	Q4:
		Shape: Hybrid
		q_c:	74.0	336.0	33.5
		ub :	82.3275	344.6342	40.2027
		lb :	65.6725	327.3658	26.7973
		P^-1:
			0.049	0.0049	0.0353
			0.0049	0.0645	0.0563
			0.0353	0.0563	0.1137
		A:
			-0.7418	0.5279	0.4136
			-0.0602	0.7327	0.6778
			0.2274	0.2386	0.9441
			-0.2103	-0.5307	-0.821
			-0.7494	-0.3138	-0.583
			-0.1584	-0.3822	0.9104
		b:
			139.7189
			266.1846
			130.5322
			-220.1258
			-178.0792
			-104.4064
	==================================================================================
	Q5:
		Shape: Hybrid
		q_c:	66.0	334.5	40.5
		ub :	73.2546	343.0558	49.1895
		lb :	58.7454	325.9442	31.8105
		P^-1:
			0.052	-0.0113	-0.0084
			-0.0113	0.0398	0.005
			-0.0084	0.005	0.0368
		A:
			0.6178	-0.7512	-0.2323
			0.7745	-0.6326	-0.0042
			0.8571	0.1153	0.502
			0.2304	-0.0572	-0.9714
			0.7336	-0.0699	-0.676
			0.9004	0.3772	-0.2168
		b:
			-217.7042
			-158.3985
			118.6981
			-40.1772
			0.0998
			179.7904
	==================================================================================
	Q6:
		Shape: Hybrid
		q_c:	82.5	327.5	14.5
		ub :	87.7757	334.6616	22.5379
		lb :	77.2243	320.3384	6.4621
		P^-1:
			0.0968	-0.0156	-0.0273
			-0.0156	0.0481	-0.0028
			-0.0273	-0.0028	0.0434
		A:
			0.9946	-0.0805	0.065
			0.0785	0.9594	0.2707
			0.9967	0.0385	0.0709
			0.8032	0.3169	-0.5044
			-0.882	-0.2534	-0.3972
			-0.1868	0.9421	0.2786
		b:
			58.8938
			328.2809
			98.2855
			164.7389
			-157.9293
			300.4064


===========================================================================================
===========================================================================================
S5:
	q_c:	261.5	76.5	87.0
	ub :	270.2822	82.5272	94.6823
	lb :	251.3658	64.7091	76.4961

	==================================================================================
	Q1:
		Shape: Ellipse
		q_c:	266.0	76.5	87.0
		ub :	270.2822	78.5985	90.7094
		lb :	261.7178	74.4015	83.2906
		P^-1:
			0.2627	-0.2196	0.2171
			-0.2196	0.9017	-0.075
			0.2171	-0.075	0.3425
	==================================================================================
	Q2:
		Shape: Polyhedra
		q_c:	259.5	70.5	89.5
		ub :	264.5732	74.5913	94.6823
		lb :	254.4268	66.4087	84.3177
		A:
			-0.7927	-0.2029	0.5748
			0.9929	-0.1187	-0.0117
			-0.4924	0.1727	0.8531
			-0.8407	-0.3162	0.4395
			0.2225	-0.5932	-0.7737
			-0.2396	0.3854	-0.8911
			0.8234	0.0985	0.5588
			-0.1336	-0.9235	0.3596
			0.5515	-0.3708	-0.7473
			-0.8234	-0.0985	-0.5588
			0.1336	0.9235	-0.3596
			-0.5515	0.3708	0.7473
		b:
			-165.7194
			251.7562
			-36.7166
			-198.0771
			-50.6078
			-111.3462
			274.6325
			-64.5961
			52.5956
			-266.6325
			70.5961
			-47.5956
	==================================================================================
	Q3:
		Shape: Hybrid
		q_c:	266.5	68.0	86.0
		ub :	269.7895	71.2909	88.1873
		lb :	263.2105	64.7091	83.8127
		P^-1:
			0.3698	0.193	-0.2617
			0.193	0.339	-0.2581
			-0.2617	-0.2581	0.7012
		A:
			0.4734	0.8607	0.1872
			0.9075	-0.2872	-0.3064
			-0.4061	-0.7571	0.5117
			-0.6699	-0.7423	0.0138
			-0.3323	0.6046	-0.7239
			-0.0606	-0.9784	-0.1975
		b:
			202.2249
			197.6384
			-114.9042
			-226.6347
			-108.3074
			-97.958
	==================================================================================
	Q4:
		Shape: Polyhedra
		q_c:	264.0	78.0	88.0
		ub :	268.3167	82.5272	93.1162
		lb :	259.6833	73.4728	82.8838
		A:
			0.053	0.9636	-0.2621
			-0.2101	0.8804	0.4252
			0.257	-0.6959	0.6705
			-0.7871	-0.0118	-0.6167
			-0.456	-0.8392	0.2963
			0.1046	-0.2211	-0.9696
			0.0388	0.8278	0.5597
			-0.4342	0.5185	-0.7367
			-0.9	-0.2144	0.3795
			-0.0388	-0.8278	-0.5597
			0.4342	-0.5185	0.7367
			0.9	0.2144	-0.3795
		b:
			69.1493
			53.1986
			76.0292
			-259.7235
			-156.7956
			-72.0414
			126.576
			-135.5057
			-217.9221
			-121.576
			142.5057
			223.9221
	==================================================================================
	Q5:
		Shape: Polyhedra
		q_c:	256.5	76.5	89.0
		ub :	261.6342	81.4632	93.8129
		lb :	251.3658	71.5368	84.1871
		A:
			-0.2422	-0.4071	0.8807
			0.6347	0.1317	-0.7614
			-0.6327	-0.5168	0.5767
			0.6528	-0.2293	0.722
			0.1348	-0.4854	0.8638
			-0.9697	0.1994	0.141
			0.4447	0.5873	0.6763
			0.6344	0.3265	-0.7007
			-0.6323	0.7406	-0.2273
			-0.4447	-0.5873	-0.6763
			-0.6344	-0.3265	0.7007
			0.6323	-0.7406	0.2273
		b:
			-11.8989
			108.1196
			-147.4963
			217.1586
			77.3255
			-217.9299
			222.1831
			128.3305
			-122.7637
			-216.1831
			-122.3305
			128.7637
	==================================================================================
	Q6:
		Shape: Hybrid
		q_c:	260.5	74.0	79.5
		ub :	264.3732	76.6342	82.5039
		lb :	256.6268	71.3658	76.4961
		P^-1:
			0.0935	-0.0459	0.042
			-0.0459	0.3955	-0.0754
			0.042	-0.0754	0.2872
		A:
			-0.2432	0.0348	0.9694
			-0.2628	0.4035	-0.8765
			0.3211	0.5743	0.753
			0.6732	-0.2927	-0.6791
			-0.1796	0.85	0.4952
			0.1172	-0.1481	0.982
		b:
			17.7752
			-107.3151
			187.3937
			101.8827
			56.6644
			98.7284


===========================================================================================
===========================================================================================
S6:
	q_c:	245.0	414.0	237.0
	ub :	252.5978	427.8272	255.0775
	lb :	223.5478	400.1991	221.3866

	==================================================================================
	Q1:
		Shape: Ellipse
		q_c:	230.5	408.0	242.0
		ub :	237.4522	414.1537	247.716
		lb :	223.5478	401.8463	236.284
		P^-1:
			0.0878	-0.0727	0.043
			-0.0727	0.1378	-0.0779
			0.043	-0.0779	0.1199
	==================================================================================
	Q2:
		Shape: Hybrid
		q_c:	246.0	418.5	237.5
		ub :	252.5978	424.013	243.6619
		lb :	239.4022	412.987	231.3381
		P^-1:
			0.0689	-0.0093	0.0074
			-0.0093	0.0724	-0.0025
			0.0074	-0.0025	0.0522
		A:
			0.6376	0.7677	0.0638
			0.0675	0.8582	-0.5088
			0.4183	0.8982	0.1347
			0.3742	0.7919	-0.4827
			0.1797	0.318	0.9309
			-0.8748	0.0785	-0.478
		b:
			495.555
			257.1034
			513.0248
			311.1708
			400.938
			-293.8759
	==================================================================================
	Q3:
		Shape: Ellipse
		q_c:	235.0	407.0	238.5
		ub :	242.1875	413.8009	246.172
		lb :	227.8125	400.1991	230.828
		P^-1:
			0.0921	0.0827	0.0624
			0.0827	0.1349	0.0671
			0.0624	0.0671	0.0866
	==================================================================================
	Q4:
		Shape: Polyhedra
		q_c:	241.5	412.5	245.5
		ub :	249.7392	421.7565	255.0775
		lb :	233.2608	403.2435	235.9225
		A:
			0.4177	0.9027	0.1034
			0.5844	0.6	-0.5463
			-0.1	-0.1479	-0.9839
			-0.1173	-0.8978	0.4245
			-0.2798	-0.3438	0.8964
			-0.3386	-0.2152	-0.916
			0.5355	0.6591	0.5281
			-0.2577	0.723	-0.641
			-0.8043	0.2071	0.557
			-0.5355	-0.6591	-0.5281
			0.2577	-0.723	0.641
			0.8043	-0.2071	-0.557
		b:
			504.346
			260.0706
			-321.101
			-288.1517
			16.3926
			-389.7061
			536.3331
			85.1384
			32.4449
			-525.3331
			-72.1384
			-23.4449
	==================================================================================
	Q5:
		Shape: Ellipse
		q_c:	242.5	424.5	227.0
		ub :	248.2663	427.8272	232.6134
		lb :	236.7337	421.1728	221.3866
		P^-1:
			0.0767	-0.1567	0.1065
			-0.1567	3.1095	-1.6411
			0.1065	-1.6411	0.9354
	==================================================================================
	Q6:
		Shape: Polyhedra
		q_c:	247.5	422.0	240.0
		ub :	252.4243	426.9791	243.6882
		lb :	242.5757	417.0209	236.3118
		A:
			0.214	0.9757	0.0474
			-0.2806	-0.4365	-0.8548
			0.456	-0.831	-0.3185
			0.3207	-0.9289	-0.1851
			0.299	-0.933	0.2001
			0.8068	-0.5047	0.3073
			0.7991	0.5969	0.0712
			0.4232	-0.4745	-0.7719
			-0.427	0.647	-0.6317
			-0.7991	-0.5969	-0.0712
			-0.4232	0.4745	0.7719
			0.427	-0.647	0.6317
		b:
			479.2476
			-456.1271
			-311.8869
			-354.4515
			-268.8139
			63.4432
			470.2722
			-278.7434
			18.7197
			-463.2722
			282.7434
			-12.7197


===========================================================================================
===========================================================================================
S7:
	q_c:	195.0	277.5	258.0
	ub :	215.1428	293.1461	274.1413
	lb :	179.6503	267.0305	239.4755

	==================================================================================
	Q1:
		Shape: Polyhedra
		q_c:	192.0	288.5	264.0
		ub :	197.0445	293.1461	266.2862
		lb :	186.9555	283.8539	261.7138
		A:
			-0.5529	0.3839	-0.7395
			0.0499	0.0471	-0.9976
			0.3858	-0.4191	0.8219
			-0.1394	-0.9855	-0.0964
			0.1716	0.6038	-0.7785
			0.2908	0.4239	-0.8577
			0.4957	0.8548	0.1538
			0.8611	-0.4607	-0.2151
			-0.113	0.2391	-0.9644
			-0.4957	-0.8548	-0.1538
			-0.8611	0.4607	0.2151
			0.113	-0.2391	0.9644
		b:
			-188.4608
			-238.8323
			171.8234
			-333.4048
			3.3239
			-46.5708
			385.3791
			-20.3592
			-206.3285
			-379.3791
			28.3592
			208.3285
	==================================================================================
	Q2:
		Shape: Hybrid
		q_c:	191.0	273.5	265.0
		ub :	196.499	278.7431	272.3104
		lb :	185.501	268.2569	257.6896
		P^-1:
			0.1855	-0.0425	-0.0732
			-0.0425	0.1351	0.0478
			-0.0732	0.0478	0.0609
		A:
			-0.2162	0.8663	0.4503
			0.8193	0.4417	-0.3654
			-0.9842	0.0345	0.1735
			0.4519	-0.8146	-0.3636
			0.8969	-0.1235	-0.4247
			0.4787	-0.6756	-0.5607
		b:
			316.5408
			182.3653
			-130.9782
			-231.5836
			26.1648
			-240.471
	==================================================================================
	Q3:
		Shape: Ellipse
		q_c:	187.5	277.5	247.0
		ub :	195.3497	285.8093	254.5245
		lb :	179.6503	269.1907	239.4755
		P^-1:
			0.0279	0.0011	0.0009
			0.0011	0.0208	0.0017
			0.0009	0.0017	0.0326
	==================================================================================
	Q4:
		Shape: Ellipse
		q_c:	207.0	276.5	254.0
		ub :	215.1428	285.327	261.782
		lb :	198.8572	267.673	246.218
		P^-1:
			0.0459	-0.0143	-0.0098
			-0.0143	0.0391	0.0077
			-0.0098	0.0077	0.0331
	==================================================================================
	Q5:
		Shape: Polyhedra
		q_c:	203.0	277.5	263.0
		ub :	214.7323	286.7612	274.1413
		lb :	191.2677	268.2388	251.8587
		A:
			-0.2758	0.9398	0.2019
			-0.5378	0.8386	0.0871
			0.9211	0.2014	0.3331
			-0.4801	-0.2496	-0.841
			0.7639	0.5362	0.3591
			-0.0368	0.9806	-0.1926
			0.4667	0.8763	0.1197
			0.6515	-0.2491	-0.7166
			-0.5981	0.4125	-0.6871
			-0.4667	-0.8763	-0.1197
			-0.6515	0.2491	0.7166
			0.5981	-0.4125	0.6871
		b:
			264.3374
			153.4133
			336.8536
			-381.2756
			403.8822
			219.7385
			374.3941
			-117.3404
			-180.6754
			-364.3941
			133.3404
			194.6754
	==================================================================================
	Q6:
		Shape: Ellipse
		q_c:	193.0	274.5	265.5
		ub :	199.5967	281.9695	271.9519
		lb :	186.4033	267.0305	259.0481
		P^-1:
			0.042	0.0036	-0.0015
			0.0036	0.0506	0.0062
			-0.0015	0.0062	0.0592


===========================================================================================
===========================================================================================
S8:
	q_c:	274.0	74.5	345.5
	ub :	280.6455	94.4834	357.6981
	lb :	258.9031	59.0601	327.4755

	==================================================================================
	Q1:
		Shape: Ellipse
		q_c:	267.0	81.0	335.0
		ub :	275.0969	88.4945	342.5245
		lb :	258.9031	73.5055	327.4755
		P^-1:
			0.0463	-0.0073	-0.0022
			-0.0073	0.0325	-0.0051
			-0.0022	-0.0051	0.0478
	==================================================================================
	Q2:
		Shape: Ellipse
		q_c:	265.5	65.5	338.0
		ub :	271.3927	71.9399	343.1465
		lb :	259.6073	59.0601	332.8535
		P^-1:
			0.0728	-0.0141	-0.0016
			-0.0141	0.0592	-0.0031
			-0.0016	-0.0031	0.0615
	==================================================================================
	Q3:
		Shape: Ellipse
		q_c:	274.5	71.0	352.5
		ub :	279.9979	76.5845	357.6981
		lb :	269.0021	65.4155	347.3019
		P^-1:
			0.0806	0.001	0.0042
			0.001	0.0806	-0.0042
			0.0042	-0.0042	0.0646
	==================================================================================
	Q4:
		Shape: Hybrid
		q_c:	275.5	76.5	342.5
		ub :	280.6455	83.1803	349.0911
		lb :	270.3545	69.8197	335.9089
		P^-1:
			0.0879	-0.0222	-0.0201
			-0.0222	0.0681	0.005
			-0.0201	0.005	0.067
		A:
			0.2733	0.2672	0.9241
			-0.5969	-0.1519	0.7878
			0.0825	0.1266	0.9885
			-0.4063	-0.8866	-0.2213
			-0.7819	0.6077	-0.139
			-0.6485	0.63	-0.4272
		b:
			415.0028
			95.7833
			373.5566
			-252.6634
			-214.692
			-274.6035
	==================================================================================
	Q5:
		Shape: Hybrid
		q_c:	269.0	88.0	347.0
		ub :	273.1245	94.4834	352.5353
		lb :	264.8755	81.5166	341.4647
		P^-1:
			0.1409	-0.0023	-0.0244
			-0.0023	0.0436	0.0297
			-0.0244	0.0297	0.1196
		A:
			-0.5856	-0.1429	0.7979
			-0.9985	0.0199	0.051
			0.7582	-0.3339	-0.56
			0.5762	0.169	0.7996
			-0.1446	-0.1859	0.9719
			0.827	0.2448	0.5061
		b:
			108.6051
			-247.7197
			-18.352
			449.1692
			284.3468
			421.329
	==================================================================================
	Q6:
		Shape: Hybrid
		q_c:	266.5	70.5	339.5
		ub :	269.4909	75.5999	345.1844
		lb :	263.5091	65.4001	333.8156
		P^-1:
			0.2434	-0.0077	-0.0337
			-0.0077	0.0898	-0.0284
			-0.0337	-0.0284	0.0773
		A:
			-0.9092	0.4067	-0.0893
			0.7764	-0.4993	0.3847
			0.8277	-0.4254	-0.3661
			0.8112	-0.2532	0.5272
			0.9135	-0.2196	0.3424
			0.7093	-0.6792	-0.1886
		b:
			-242.6827
			303.9012
			67.9313
			379.196
			345.761
			79.0211


===========================================================================================
===========================================================================================
S9:
	q_c:	480.0	470.5	49.0
	ub :	497.3109	486.6855	69.7626
	lb :	462.3329	452.3903	28.8376

	==================================================================================
	Q1:
		Shape: Hybrid
		q_c:	470.5	460.5	62.0
		ub :	478.6671	468.6097	69.7626
		lb :	462.3329	452.3903	54.2374
		P^-1:
			0.0524	-0.0121	-0.012
			-0.0121	0.0481	-0.0143
			-0.012	-0.0143	0.0482
		A:
			-0.9792	-0.159	0.1261
			0.7213	0.6908	-0.0494
			-0.5853	0.6692	-0.4578
			0.2961	-0.0951	0.9504
			0.5194	-0.437	0.7344
			0.0433	-0.3133	0.9487
		b:
			-523.3147
			658.032
			6.496
			157.7037
			91.2803
			-62.5584
	==================================================================================
	Q2:
		Shape: Ellipse
		q_c:	489.0	478.5	49.0
		ub :	497.3109	486.6855	58.413
		lb :	480.6891	470.3145	39.587
		P^-1:
			0.0288	0.0026	0.0022
			0.0026	0.0344	0.0055
			0.0022	0.0055	0.0323
	==================================================================================
	Q3:
		Shape: Ellipse
		q_c:	484.5	466.5	58.5
		ub :	494.1558	474.4547	68.1514
		lb :	474.8442	458.5453	48.8486
		P^-1:
			0.0421	-0.0167	0.012
			-0.0167	0.0381	-0.0087
			0.012	-0.0087	0.0237
	==================================================================================
	Q4:
		Shape: Polyhedra
		q_c:	478.0	471.5	39.5
		ub :	486.0747	481.8732	50.1624
		lb :	469.9253	461.1268	28.8376
		A:
			-0.4485	0.8043	0.3899
			-0.9086	-0.3533	0.2226
			-0.142	0.7473	-0.6491
			0.796	-0.5931	0.1208
			0.8368	0.3379	-0.4307
			-0.4394	-0.892	-0.1063
			0.6271	0.4445	0.6397
			-0.004	0.823	-0.568
			-0.7789	0.3536	0.5179
			-0.6271	-0.4445	-0.6397
			0.004	-0.823	0.568
			0.7789	-0.3536	-0.5179
		b:
			186.0972
			-586.1559
			265.7893
			111.6676
			548.3481
			-628.3247
			540.6066
			370.7012
			-179.6316
			-528.6066
			-356.7012
			190.6316
	==================================================================================
	Q5:
		Shape: Polyhedra
		q_c:	484.5	470.5	57.5
		ub :	491.8165	478.1355	65.614
		lb :	477.1835	462.8645	49.386
		A:
			0.6952	0.4146	0.5872
			0.4671	0.8691	-0.1629
			0.2834	0.7253	-0.6274
			0.6171	-0.7858	0.0403
			0.4274	0.731	0.532
			0.4995	0.8426	0.2013
			0.773	0.558	0.3017
			0.3191	-0.7531	0.5754
			0.5483	-0.3486	-0.7602
			-0.773	-0.558	-0.3017
			-0.3191	0.7531	-0.5754
			-0.5483	0.3486	0.7602
		b:
			569.3761
			629.9463
			447.2987
			-63.254
			585.5198
			653.8315
			657.9384
			-161.6466
			63.4308
			-650.9384
			171.6466
			-52.4308
	==================================================================================
	Q6:
		Shape: Ellipse
		q_c:	480.5	477.5	51.5
		ub :	487.9821	483.5213	59.468
		lb :	473.0179	471.4787	43.532
		P^-1:
			0.0581	0.0104	0.0237
			0.0104	0.0541	0.0055
			0.0237	0.0055	0.0467


===========================================================================================
===========================================================================================
