3D_45_10_6_c                l = 3

===========================================================================================
===========================================================================================
S1:
	q_c:    348.5000    246.0000    129.0000
	ub :    358.0000    260.0000    133.0000
	lb :    339.0000    232.0000    125.0000

	==================================================================================
	Q1:
		Shape: Ellipse
		q_c:    353.0000    251.0000    127.5000
		ub :    357.2441    255.3380    131.9657
		lb :    348.7559    246.6620    123.0343
		P^-1: 
			    0.1968    -0.0229    -0.0608
			    -0.0229    0.1146    -0.0313
			    -0.0608    -0.0313    0.1802
	==================================================================================
	Q2:
		Shape: Ellipse
		q_c:    349.5000    246.5000    127.0000
		ub :    353.1471    249.3106    130.4771
		lb :    345.8529    243.6894    123.5229
		P^-1: 
			    0.4711    -0.4011    0.1482
			    -0.4011    0.5694    -0.1908
			    0.1482    -0.1908    0.2306
	==================================================================================
	Q3:
		Shape: Polyhedra
		q_c:    345.5000    249.5000    129.5000
		ub :    349.1124    253.3097    133.9051
		lb :    341.8876    245.6903    125.0949
		A:
			    0.2730    -0.8494    0.4517
			    -0.2285    0.9401    -0.2531
			    -0.8904    0.1656    -0.4241
			    -0.7320    0.5445    -0.4095
			    0.7965    0.1999    0.5706
			    0.4246    -0.3182    0.8476
			    0.1009    0.9547    0.2801
			    0.6082    0.1636    -0.7767
			    -0.7874    0.2487    -0.5641
			    -0.1009    -0.9547    -0.2801
			    -0.6082    -0.1636    0.7767
			    0.7874    -0.2487    0.5641
		b:
			    -56.6157
			    125.4783
			    -319.6036
			    -168.3593
			    400.8543
			    179.1526
			    312.3192
			    153.8615
			    -281.5261
			    -306.3192
			    -146.8615
			    284.5261
	==================================================================================
	Q4:
		Shape: Polyhedra
		q_c:    350.5000    243.5000    129.5000
		ub :    353.8863    246.8620    132.6016
		lb :    347.1137    240.1380    126.3984
		A:
			    0.3500    -0.5257    0.7753
			    0.5977    -0.4932    0.6321
			    0.0669    -0.7466    -0.6619
			    0.0769    0.6210    0.7800
			    0.3892    -0.4464    -0.8058
			    -0.1793    0.7034    0.6878
			    0.5887    0.5301    0.6103
			    0.7947    -0.5179    -0.3167
			    0.1482    0.6714    -0.7261
			    -0.5887    -0.5301    -0.6103
			    -0.7947    0.5179    0.3167
			    -0.1482    -0.6714    0.7261
		b:
			    96.7753
			    173.1950
			    -241.8254
			    281.2992
			    -74.3460
			    199.7975
			    416.4411
			    113.9094
			    122.9055
			    -412.4411
			    -108.9094
			    -119.9055
	==================================================================================
	Q5:
		Shape: Ellipse
		q_c:    345.0000    242.0000    128.0000
		ub :    349.5109    244.6962    131.5285
		lb :    340.4891    239.3038    124.4715
		P^-1: 
			    0.1491    -0.1457    0.2227
			    -0.1457    0.4380    -0.3675
			    0.2227    -0.3675    0.6353
	==================================================================================
	Q6:
		Shape: Hybrid
		q_c:    351.0000    243.5000    132.5000
		ub :    354.4982    248.0877    137.1401
		lb :    347.5018    238.9123    127.8599
		P^-1: 
			    0.1600    -0.0006    -0.0013
			    -0.0006    0.1459    -0.0301
			    -0.0013    -0.0301    0.0958
		A:
			    0.4059    -0.3868    0.8280
			    -0.9604    -0.2786    0.0030
			    0.3416    0.9395    -0.0249
			    0.8666    -0.4980    -0.0317
			    0.9562    0.2770    -0.0944
			    -0.6030    -0.4072    0.6860
		b:
			    159.6502
			    -403.2654
			    346.7969
			    180.0351
			    391.8264
			    -218.4442


===========================================================================================
===========================================================================================
S2:
	q_c:    491.0000    387.5000    252.5000
	ub :    500.0000    401.0000    260.0000
	lb :    482.0000    374.0000    245.0000

	==================================================================================
	Q1:
		Shape: Hybrid
		q_c:    489.0000    386.5000    255.5000
		ub :    492.5516    389.8617    258.5686
		lb :    485.4484    383.1383    252.4314
		P^-1: 
			    0.1884    0.0802    0.0131
			    0.0802    0.5258    -0.4070
			    0.0131    -0.4070    0.6469
		A:
			    0.2810    0.9427    -0.1800
			    0.3282    -0.2944    0.8976
			    0.1459    0.6672    -0.7304
			    0.5873    0.5644    -0.5800
			    0.2968    0.3778    -0.8770
			    0.0532    -0.7925    0.6075
		b:
			    456.8688
			    276.8504
			    143.1003
			    358.2350
			    68.0652
			    -124.3772
	==================================================================================
	Q2:
		Shape: Hybrid
		q_c:    490.5000    394.0000    251.5000
		ub :    494.4095    398.8257    255.9413
		lb :    486.5905    389.1743    247.0587
		P^-1: 
			    0.1589    0.0099    -0.0028
			    0.0099    0.0707    0.0252
			    -0.0028    0.0252    0.1529
		A:
			    -0.6540    0.3503    0.6705
			    -0.9497    0.1607    -0.2689
			    -0.6598    0.5286    0.5341
			    0.3794    -0.3656    0.8500
			    0.3295    0.2707    0.9045
			    0.2725    -0.5050    0.8190
		b:
			    -12.7631
			    -468.6565
			    20.5665
			    257.7029
			    497.0061
			    142.8073
	==================================================================================
	Q3:
		Shape: Polyhedra
		q_c:    497.0000    382.5000    258.5000
		ub :    499.2982    386.2619    261.9632
		lb :    494.7018    378.7381    255.0368
		A:
			    0.3829    0.8683    -0.3153
			    0.1664    -0.0409    -0.9852
			    -0.9157    0.2787    0.2896
			    -0.7401    -0.2372    -0.6293
			    0.4629    -0.7686    0.4416
			    -0.7258    -0.1303    0.6754
			    0.0265    0.8410    0.5404
			    0.1164    0.5343    -0.8372
			    -0.9928    0.0851    -0.0837
			    -0.0265    -0.8410    -0.5404
			    -0.1164    -0.5343    0.8372
			    0.9928    -0.0851    0.0837
		b:
			    443.2885
			    -185.2200
			    -271.4689
			    -618.8753
			    52.3774
			    -233.9350
			    477.5627
			    47.8389
			    -480.5210
			    -471.5627
			    -43.8389
			    484.5210
	==================================================================================
	Q4:
		Shape: Ellipse
		q_c:    486.0000    388.0000    253.5000
		ub :    489.4882    390.6409    257.2528
		lb :    482.5118    385.3591    249.7472
		P^-1: 
			    0.2988    -0.0945    0.0752
			    -0.0945    0.3642    -0.0216
			    0.0752    -0.0216    0.1425
	==================================================================================
	Q5:
		Shape: Hybrid
		q_c:    487.0000    388.0000    247.5000
		ub :    490.1341    392.2877    251.5343
		lb :    483.8659    383.7123    243.4657
		P^-1: 
			    0.2731    -0.0706    0.0382
			    -0.0706    0.1769    -0.1596
			    0.0382    -0.1596    0.3070
		A:
			    -0.5364    0.0676    0.8412
			    0.0536    0.5465    -0.8357
			    -0.9347    0.2821    -0.2161
			    -0.3695    0.7228    -0.5840
			    -0.4380    -0.7320    0.5218
			    0.7661    0.1861    -0.6152
		b:
			    -25.2132
			    32.1906
			    -398.1799
			    -43.0365
			    -366.5662
			    294.2362
	==================================================================================
	Q6:
		Shape: Hybrid
		q_c:    487.5000    388.0000    258.0000
		ub :    490.4668    390.9454    260.5201
		lb :    484.5332    385.0546    255.4799
		P^-1: 
			    0.2235    0.1058    0.0533
			    0.1058    0.3938    -0.0255
			    0.0533    -0.0255    0.4316
		A:
			    -0.4440    0.6286    0.6385
			    0.5995    -0.6532    -0.4625
			    -0.4450    0.7482    0.4921
			    -0.2126    0.8710    -0.4430
			    -0.9897    0.0366    0.1385
			    0.7040    -0.1848    -0.6858
		b:
			    193.5953
			    -78.9121
			    201.7987
			    121.0043
			    -430.9059
			    96.0595


===========================================================================================
===========================================================================================
S3:
	q_c:    103.0000    65.0000    44.5000
	ub :    125.0000    86.0000    62.0000
	lb :    81.0000    44.0000    27.0000

	==================================================================================
	Q1:
		Shape: Polyhedra
		q_c:    111.0000    75.5000    50.5000
		ub :    118.4120    82.7021    58.0919
		lb :    103.5880    68.2979    42.9081
		A:
			    0.2137    0.8650    0.4540
			    0.5204    -0.1492    0.8408
			    -0.2610    -0.5162    0.8158
			    -0.4258    0.5801    -0.6944
			    0.3167    0.9396    0.1294
			    -0.9700    0.1644    0.1790
			    0.6872    0.3923    0.6115
			    -0.0984    -0.7836    0.6134
			    0.7198    -0.4817    -0.4999
			    -0.6872    -0.3923    -0.6115
			    0.0984    0.7836    -0.6134
			    -0.7198    0.4817    0.4999
		b:
			    116.4413
			    92.8062
			    -22.8503
			    -34.7276
			    116.6237
			    -80.6507
			    140.7747
			    -35.6137
			    24.2839
			    -132.7747
			    42.6137
			    -12.2839
	==================================================================================
	Q2:
		Shape: Ellipse
		q_c:    89.0000    53.0000    55.0000
		ub :    94.4079    61.7667    62.6063
		lb :    83.5921    44.2333    47.3937
		P^-1: 
			    0.0616    0.0055    0.0029
			    0.0055    0.0283    -0.0182
			    0.0029    -0.0182    0.0528
	==================================================================================
	Q3:
		Shape: Polyhedra
		q_c:    90.5000    60.5000    61.0000
		ub :    97.8320    68.1066    70.0244
		lb :    83.1680    52.8934    51.9756
		A:
			    0.2660    0.7496    0.6062
			    -0.7370    -0.6666    -0.1114
			    -0.2924    -0.5369    -0.7913
			    -0.7493    -0.5844    -0.3115
			    -0.2502    -0.0950    -0.9635
			    0.4350    0.8508    0.2947
			    0.6100    0.6804    0.4062
			    0.7223    -0.2666    -0.6382
			    -0.3259    0.6827    -0.6540
			    -0.6100    -0.6804    -0.4062
			    -0.7223    0.2666    0.6382
			    0.3259    -0.6827    0.6540
		b:
			    108.9730
			    -111.4637
			    -103.9241
			    -120.3373
			    -81.6225
			    111.2297
			    122.6447
			    15.8107
			    -20.5918
			    -119.6447
			    -4.8107
			    35.5918
	==================================================================================
	Q4:
		Shape: Hybrid
		q_c:    105.0000    62.0000    51.0000
		ub :    110.5555    66.9935    55.3904
		lb :    99.4445    57.0065    46.6096
		P^-1: 
			    0.0409    -0.0013    0.0087
			    -0.0013    0.0781    -0.0359
			    0.0087    -0.0359    0.1436
		A:
			    -0.2972    0.0571    -0.9531
			    -0.8332    0.2943    0.4681
			    0.5576    -0.6666    0.4946
			    -0.0735    0.5967    -0.7991
			    0.1474    0.9878    0.0510
			    -0.3969    -0.6464    0.6516
		b:
			    -74.6591
			    -41.8567
			    44.8105
			    -10.1318
			    81.9287
			    -46.4626
	==================================================================================
	Q5:
		Shape: Ellipse
		q_c:    86.0000    73.0000    47.0000
		ub :    91.7077    77.2441    52.2664
		lb :    80.2923    68.7559    41.7336
		P^-1: 
			    0.0417    -0.0001    -0.0084
			    -0.0001    0.1069    -0.0104
			    -0.0084    -0.0104    0.0841
	==================================================================================
	Q6:
		Shape: Hybrid
		q_c:    101.5000    68.0000    59.5000
		ub :    107.0348    73.4147    66.5720
		lb :    95.9652    62.5853    52.4280
		P^-1: 
			    0.1011    -0.0149    0.0210
			    -0.0149    0.0533    -0.0031
			    0.0210    -0.0031    0.0339
		A:
			    -0.7648    0.0567    -0.6418
			    -0.0995    -0.2243    -0.9694
			    -0.3856    0.8058    -0.4494
			    -0.7093    0.1330    -0.6923
			    0.8283    0.2070    0.5206
			    -0.2712    0.9563    0.1092
		b:
			    -109.7469
			    -78.9028
			    -8.4456
			    -101.7550
			    131.2377
			    46.7478


===========================================================================================
===========================================================================================
S4:
	q_c:    171.5000    316.0000    476.0000
	ub :    193.0000    335.0000    480.0000
	lb :    150.0000    297.0000    472.0000

	==================================================================================
	Q1:
		Shape: Hybrid
		q_c:    175.5000    316.0000    476.0000
		ub :    177.8400    318.5221    478.4857
		lb :    173.1600    313.4779    473.5143
		P^-1: 
			    0.5765    0.0624    -0.3666
			    0.0624    0.2619    -0.0701
			    -0.3666    -0.0701    0.6616
		A:
			    0.6047    0.7964    0.0081
			    0.6374    0.2181    -0.7391
			    0.3831    -0.7511    -0.5377
			    0.0530    -0.9198    0.3887
			    0.5256    -0.0273    -0.8503
			    -0.5457    -0.4792    0.6875
		b:
			    362.9765
			    -170.5097
			    -424.7828
			    -94.9229
			    -320.5568
			    80.7386
	==================================================================================
	Q2:
		Shape: Polyhedra
		q_c:    176.0000    314.5000    478.5000
		ub :    179.4514    317.6281    481.4730
		lb :    172.5486    311.3719    475.5270
		A:
			    -0.3981    -0.1519    0.9047
			    -0.9526    -0.2652    0.1491
			    0.3177    0.7215    -0.6153
			    0.8213    0.2753    -0.4996
			    -0.9971    -0.0485    0.0589
			    -0.6663    0.5730    -0.4771
			    0.8504    0.1333    0.5089
			    -0.4609    -0.2775    0.8429
			    0.2536    -0.9514    -0.1745
			    -0.8504    -0.1333    -0.5089
			    0.4609    0.2775    -0.8429
			    -0.2536    0.9514    0.1745
		b:
			    316.5741
			    -177.5849
			    -9.7748
			    -6.1265
			    -160.2806
			    -162.9253
			    437.6098
			    236.4603
			    -335.6148
			    -432.6098
			    -233.4603
			    340.6148
	==================================================================================
	Q3:
		Shape: Polyhedra
		q_c:    168.5000    319.0000    479.0000
		ub :    170.2558    321.3602    480.9106
		lb :    166.7442    316.6398    477.0894
		A:
			    0.3520    0.6698    0.6538
			    -0.0123    -0.3872    0.9219
			    -0.2442    -0.7896    -0.5629
			    -0.8200    0.3083    -0.4823
			    -0.7718    0.5716    -0.2786
			    -0.8442    -0.0884    -0.5286
			    0.8345    0.3337    0.4385
			    0.2049    -0.9266    0.3152
			    0.5115    -0.1732    -0.8417
			    -0.8345    -0.3337    -0.4385
			    -0.2049    0.9266    -0.3152
			    -0.5115    0.1732    0.8417
		b:
			    587.3112
			    317.4860
			    -561.3427
			    -269.3700
			    -79.4812
			    -422.5793
			    458.0867
			    -108.0771
			    -371.2217
			    -456.0867
			    112.0771
			    373.2217
	==================================================================================
	Q4:
		Shape: Ellipse
		q_c:    175.5000    315.0000    479.0000
		ub :    177.8223    317.1174    480.8543
		lb :    173.1777    312.8826    477.1457
		P^-1: 
			    0.4841    -0.2816    -0.2037
			    -0.2816    0.8463    -0.1112
			    -0.2037    -0.1112    0.9196
	==================================================================================
	Q5:
		Shape: Ellipse
		q_c:    172.5000    313.5000    474.0000
		ub :    176.0758    316.7557    477.6172
		lb :    168.9242    310.2443    470.3828
		P^-1: 
			    0.2940    -0.1168    -0.0503
			    -0.1168    0.3537    -0.0421
			    -0.0503    -0.0421    0.1578
	==================================================================================
	Q6:
		Shape: Ellipse
		q_c:    174.0000    320.0000    478.0000
		ub :    176.3419    322.2154    479.6140
		lb :    171.6581    317.7846    476.3860
		P^-1: 
			    0.2644    0.0502    0.0108
			    0.0502    0.4987    -0.1854
			    0.0108    -0.1854    0.9314


===========================================================================================
===========================================================================================
S5:
	q_c:    421.5000    70.5000    66.0000
	ub :    445.0000    91.0000    84.0000
	lb :    398.0000    50.0000    48.0000

	==================================================================================
	Q1:
		Shape: Polyhedra
		q_c:    431.0000    66.0000    61.0000
		ub :    437.5553    74.1314    68.9264
		lb :    424.4447    57.8686    53.0736
		A:
			    0.5975    -0.4920    -0.6332
			    0.1557    0.3410    0.9271
			    0.9660    -0.2495    -0.0677
			    -0.6614    0.7221    0.2028
			    0.5245    0.0588    0.8494
			    0.2428    -0.8802    -0.4079
			    0.7423    0.4781    0.4695
			    0.0872    -0.7636    0.6398
			    0.6644    -0.4340    -0.6085
			    -0.7423    -0.4781    -0.4695
			    -0.0872    0.7636    -0.6398
			    -0.6644    0.4340    0.6085
		b:
			    189.4375
			    150.8880
			    399.8722
			    -221.3037
			    287.1807
			    25.7827
			    385.6202
			    31.7158
			    223.5887
			    -374.6202
			    -20.7158
			    -217.5887
	==================================================================================
	Q2:
		Shape: Polyhedra
		q_c:    403.5000    76.5000    56.5000
		ub :    409.5805    86.7227    67.0462
		lb :    397.4195    66.2773    45.9538
		A:
			    0.9970    0.0565    -0.0534
			    -0.7804    -0.2450    0.5753
			    -0.9619    -0.2735    -0.0023
			    0.8202    -0.3615    -0.4434
			    -0.7356    -0.2768    0.6183
			    0.8459    -0.4625    -0.2656
			    0.2924    0.6143    0.7329
			    -0.3664    0.7799    -0.5075
			    -0.8833    -0.1201    0.4531
			    -0.2924    -0.6143    -0.7329
			    0.3664    -0.7799    0.5075
			    0.8833    0.1201    -0.4531
		b:
			    407.0928
			    -299.3076
			    -404.4174
			    282.0453
			    -280.9955
			    294.6912
			    216.3710
			    -111.8474
			    -338.5213
			    -196.3710
			    121.8474
			    341.5213
	==================================================================================
	Q3:
		Shape: Polyhedra
		q_c:    404.0000    78.5000    64.5000
		ub :    415.7895    88.8089    72.2739
		lb :    392.2105    68.1911    56.7261
		A:
			    -0.6028    -0.7484    -0.2767
			    -0.4132    0.4335    -0.8009
			    0.3050    0.2622    -0.9155
			    0.6201    -0.4441    0.6467
			    0.1191    0.5188    -0.8466
			    0.5856    0.4971    0.6403
			    0.4403    0.8945    0.0769
			    0.8551    -0.3918    -0.3395
			    -0.2736    0.2152    -0.9375
			    -0.4403    -0.8945    -0.0769
			    -0.8551    0.3918    0.3395
			    0.2736    -0.2152    0.9375
		b:
			    -313.6988
			    -179.5923
			    90.7301
			    263.2647
			    39.3958
			    322.6606
			    259.5766
			    301.8227
			    -149.5960
			    -246.5766
			    -283.8227
			    158.5960
	==================================================================================
	Q4:
		Shape: Ellipse
		q_c:    408.0000    60.5000    83.5000
		ub :    418.5127    71.1058    94.7971
		lb :    397.4873    49.8942    72.2029
		P^-1: 
			    0.0114    -0.0020    0.0014
			    -0.0020    0.0236    -0.0061
			    0.0014    -0.0061    0.0176
	==================================================================================
	Q5:
		Shape: Hybrid
		q_c:    412.0000    80.5000    56.0000
		ub :    418.9901    85.2360    64.6185
		lb :    405.0099    75.7640    47.3815
		P^-1: 
			    0.3295    -0.3897    0.0541
			    -0.3897    0.7731    0.0500
			    0.0541    0.0500    0.0697
		A:
			    0.7179    -0.6653    0.2048
			    0.7005    -0.6990    0.1443
			    0.5683    -0.8199    0.0692
			    0.4219    -0.8960    0.1389
			    -0.4781    0.7995    -0.3636
			    0.7928    -0.1464    0.5916
		b:
			    254.4936
			    241.1492
			    172.5409
			    110.8135
			    -150.6411
			    349.8182
	==================================================================================
	Q6:
		Shape: Polyhedra
		q_c:    407.5000    76.5000    58.0000
		ub :    418.5364    87.4444    67.0989
		lb :    396.4636    65.5556    48.9011
		A:
			    -0.0529    -0.1903    0.9803
			    -0.5143    -0.2290    0.8265
			    0.6302    -0.0365    -0.7756
			    -0.5342    -0.2418    0.8101
			    -0.2642    -0.2737    0.9248
			    -0.6917    0.5010    -0.5202
			    0.5644    0.5226    0.6390
			    -0.5274    -0.3672    0.7661
			    0.6351    -0.7694    0.0684
			    -0.5644    -0.5226    -0.6390
			    0.5274    0.3672    -0.7661
			    -0.6351    0.7694    -0.0684
		b:
			    26.4373
			    -175.9147
			    212.9258
			    -186.0220
			    -70.7832
			    -266.7429
			    317.0255
			    -195.5792
			    209.8975
			    -297.0255
			    201.5792
			    -197.8975


===========================================================================================
===========================================================================================
S6:
	q_c:    173.5000    236.5000    118.5000
	ub :    190.0000    252.0000    140.0000
	lb :    157.0000    221.0000    97.0000

	==================================================================================
	Q1:
		Shape: Ellipse
		q_c:    156.5000    230.0000    129.5000
		ub :    168.0154    240.8942    141.9599
		lb :    144.9846    219.1058    117.0401
		P^-1: 
			    0.0156    0.0001    -0.0000
			    0.0001    0.0112    0.0006
			    -0.0000    0.0006    0.0155
	==================================================================================
	Q2:
		Shape: Polyhedra
		q_c:    169.0000    228.5000    128.0000
		ub :    177.9008    241.0210    138.6355
		lb :    160.0992    215.9790    117.3645
		A:
			    0.3329    0.6590    -0.6744
			    0.7496    -0.3759    0.5448
			    -0.9476    0.3067    0.0888
			    0.2800    0.3376    0.8987
			    0.2329    -0.6092    0.7581
			    -0.2509    -0.4415    0.8615
			    0.9478    0.3050    0.0930
			    0.1058    -0.5760    0.8106
			    0.3009    -0.7584    -0.5782
			    -0.9478    -0.3050    -0.0930
			    -0.1058    0.5760    -0.8106
			    -0.3009    0.7584    0.5782
		b:
			    125.6240
			    116.0556
			    -71.2174
			    247.6769
			    2.2769
			    -27.5205
			    247.2867
			    -4.9715
			    -185.9613
			    -236.2867
			    14.9715
			    206.9613
	==================================================================================
	Q3:
		Shape: Polyhedra
		q_c:    170.5000    252.0000    129.0000
		ub :    179.4029    264.8619    141.3469
		lb :    161.5971    239.1381    116.6531
		A:
			    -0.6836    0.2010    -0.7017
			    -0.9223    -0.0385    0.3846
			    0.5973    -0.2076    0.7747
			    -0.8949    -0.3684    0.2521
			    -0.6782    0.1737    0.7140
			    -0.6271    -0.7177    -0.3027
			    0.0609    0.7605    0.6465
			    0.4627    0.5524    -0.6934
			    -0.8844    0.3414    -0.3182
			    -0.0609    -0.7605    -0.6465
			    -0.4627    -0.5524    0.6934
			    0.8844    -0.3414    0.3182
		b:
			    -149.4747
			    -111.2029
			    156.4599
			    -206.8501
			    27.5755
			    -318.1959
			    295.4294
			    134.1383
			    -99.3182
			    -275.4294
			    -123.1383
			    112.3182
	==================================================================================
	Q4:
		Shape: Polyhedra
		q_c:    185.0000    242.0000    130.0000
		ub :    194.1050    251.5343    136.9588
		lb :    175.8950    232.4657    123.0412
		A:
			    0.5440    0.6964    -0.4681
			    0.7772    -0.0772    0.6245
			    -0.6332    0.2317    0.7385
			    -0.0939    -0.7889    0.6073
			    0.2629    0.5281    0.8074
			    -0.2098    0.2388    0.9481
			    0.0729    0.2487    0.9658
			    -0.1915    0.9539    -0.2312
			    -0.9788    -0.1681    0.1171
			    -0.0729    -0.2487    -0.9658
			    0.1915    -0.9539    0.2312
			    0.9788    0.1681    -0.1171
		b:
			    215.6859
			    212.7197
			    41.0488
			    -122.1995
			    286.4164
			    147.0469
			    203.7302
			    172.8482
			    -199.0341
			    -194.7302
			    -157.8482
			    214.0341
	==================================================================================
	Q5:
		Shape: Ellipse
		q_c:    186.0000    240.5000    135.0000
		ub :    197.7308    248.3175    146.2062
		lb :    174.2692    232.6825    123.7938
		P^-1: 
			    0.0708    -0.1013    0.0069
			    -0.1013    0.1927    0.0014
			    0.0069    0.0014    0.0193
	==================================================================================
	Q6:
		Shape: Polyhedra
		q_c:    180.0000    251.0000    112.5000
		ub :    185.7862    258.1693    119.2013
		lb :    174.2138    243.8307    105.7987
		A:
			    -0.3176    -0.6953    -0.6448
			    -0.3661    -0.1633    -0.9161
			    0.7996    0.0092    0.6005
			    0.0428    -0.3513    -0.9353
			    -0.3439    -0.7599    -0.5515
			    0.2750    0.5408    0.7949
			    0.2230    0.5535    0.8024
			    -0.0558    0.8291    -0.5564
			    -0.9732    0.0793    0.2158
			    -0.2230    -0.5535    -0.8024
			    0.0558    -0.8291    0.5564
			    0.9732    -0.0793    -0.2158
		b:
			    -301.3986
			    -206.4534
			    218.1661
			    -182.6231
			    -311.5357
			    277.1801
			    271.8449
			    141.9643
			    -125.9961
			    -266.8449
			    -128.9643
			    135.9961


===========================================================================================
===========================================================================================
S7:
	q_c:    485.0000    46.5000    483.5000
	ub :    509.0000    66.0000    491.0000
	lb :    461.0000    27.0000    476.0000

	==================================================================================
	Q1:
		Shape: Polyhedra
		q_c:    489.0000    41.5000    476.5000
		ub :    495.3311    47.7305    481.8609
		lb :    482.6689    35.2695    471.1391
		A:
			    0.2221    0.4062    0.8864
			    0.5037    -0.5449    -0.6704
			    0.2692    -0.8156    -0.5121
			    0.6086    0.3755    -0.6990
			    -0.5342    0.7804    -0.3250
			    -0.8757    -0.4561    0.1586
			    0.6068    0.7855    0.1216
			    0.5876    -0.3403    -0.7341
			    -0.5353    0.5169    -0.6680
			    -0.6068    -0.7855    -0.1216
			    -0.5876    0.3403    0.7341
			    0.5353    -0.5169    0.6680
		b:
			    551.4239
			    -92.6717
			    -142.8614
			    -16.3949
			    -379.8233
			    -367.7440
			    391.2699
			    -73.6131
			    -554.6125
			    -383.2699
			    79.6131
			    562.6125
	==================================================================================
	Q2:
		Shape: Hybrid
		q_c:    486.5000    44.0000    483.0000
		ub :    491.3146    48.8230    486.6543
		lb :    481.6854    39.1770    479.3457
		P^-1: 
			    0.1021    0.0344    -0.0023
			    0.0344    0.1396    0.0014
			    -0.0023    0.0014    0.1599
		A:
			    0.2357    -0.1932    0.9524
			    -0.2966    0.4232    0.8561
			    -0.3167    -0.8800    0.3541
			    0.1361    -0.7088    0.6921
			    0.7716    0.6358    -0.0187
			    -0.7447    -0.6593    -0.1034
		b:
			    567.5697
			    289.2921
			    -20.4790
			    370.8656
			    395.6972
			    -439.9109
	==================================================================================
	Q3:
		Shape: Hybrid
		q_c:    487.0000    49.0000    476.0000
		ub :    491.3215    53.5272    480.2511
		lb :    482.6785    44.4728    471.7489
		P^-1: 
			    0.1351    -0.0252    0.0020
			    -0.0252    0.1340    0.0078
			    0.0020    0.0078    0.0836
		A:
			    -0.5362    -0.8209    -0.1963
			    0.4743    0.2426    -0.8463
			    0.0806    -0.8506    -0.5195
			    0.9524    -0.2896    -0.0956
			    0.7368    0.5787    -0.3497
			    0.9550    0.2627    0.1379
		b:
			    -393.0885
			    -157.8216
			    -248.1229
			    405.4894
			    222.6174
			    545.2098
	==================================================================================
	Q4:
		Shape: Ellipse
		q_c:    487.0000    44.5000    480.0000
		ub :    490.0950    47.3496    482.6080
		lb :    483.9050    41.6504    477.3920
		P^-1: 
			    0.2964    -0.0314    0.0767
			    -0.0314    0.2713    -0.0520
			    0.0767    -0.0520    0.3768
	==================================================================================
	Q5:
		Shape: Polyhedra
		q_c:    479.0000    45.0000    488.5000
		ub :    481.5513    49.9136    492.2508
		lb :    476.4487    40.0864    484.7492
		A:
			    -0.1774    -0.7176    -0.6735
			    -0.5215    0.6250    0.5809
			    0.0582    -0.5777    -0.8142
			    -0.4598    -0.1009    -0.8823
			    -0.1084    -0.4977    -0.8605
			    -0.5466    -0.6203    -0.5625
			    0.1772    0.5482    0.8174
			    -0.9667    0.2529    0.0399
			    -0.1848    -0.7972    0.5747
			    -0.1772    -0.5482    -0.8174
			    0.9667    -0.2529    -0.0399
			    0.1848    0.7972    -0.5747
		b:
			    -444.7881
			    63.3953
			    -394.8273
			    -653.7808
			    -493.6277
			    -562.8061
			    509.8198
			    -430.6571
			    161.3361
			    -507.8198
			    433.6571
			    -151.3361
	==================================================================================
	Q6:
		Shape: Hybrid
		q_c:    481.5000    50.5000    489.5000
		ub :    486.8780    54.9457    495.0439
		lb :    476.1220    46.0543    483.9561
		P^-1: 
			    0.1408    -0.0804    0.0310
			    -0.0804    0.1770    -0.0248
			    0.0310    -0.0248    0.0763
		A:
			    0.3989    -0.7188    0.5694
			    0.5640    -0.3459    0.7498
			    -0.9200    -0.2821    0.2719
			    -0.5316    0.6651    -0.5244
			    0.0790    0.1878    0.9790
			    -0.5967    -0.7511    0.2824
		b:
			    435.9623
			    622.9704
			    -321.4304
			    -477.8210
			    529.5298
			    -184.3007


===========================================================================================
===========================================================================================
S8:
	q_c:    372.5000    114.5000    302.5000
	ub :    391.0000    139.0000    321.0000
	lb :    354.0000    90.0000    284.0000

	==================================================================================
	Q1:
		Shape: Ellipse
		q_c:    367.5000    114.0000    316.0000
		ub :    376.8415    125.3391    326.6764
		lb :    358.1585    102.6609    305.3236
		P^-1: 
			    0.0223    0.0020    -0.0015
			    0.0020    0.0223    0.0042
			    -0.0015    0.0042    0.0246
	==================================================================================
	Q2:
		Shape: Hybrid
		q_c:    377.5000    104.5000    304.5000
		ub :    389.8604    117.2030    313.6447
		lb :    365.1396    91.7970    295.3553
		P^-1: 
			    0.0306    0.0192    0.0163
			    0.0192    0.0265    0.0079
			    0.0163    0.0079    0.0414
		A:
			    -0.1462    -0.3716    0.9168
			    0.0158    -0.9653    -0.2607
			    0.0079    -0.4855    -0.8742
			    -0.2799    0.5183    -0.8081
			    0.6439    0.7303    0.2281
			    -0.0836    -0.9576    0.2755
		b:
			    188.9536
			    -167.8257
			    -309.2339
			    -292.8589
			    391.4382
			    -42.1401
	==================================================================================
	Q3:
		Shape: Hybrid
		q_c:    377.0000    96.5000    304.0000
		ub :    382.4293    104.7954    313.0243
		lb :    371.5707    88.2046    294.9757
		P^-1: 
			    0.3212    -0.1799    -0.0578
			    -0.1799    0.1392    0.0427
			    -0.0578    0.0427    0.0375
		A:
			    0.8494    -0.5277    -0.0135
			    -0.7707    0.6061    -0.1965
			    0.1607    -0.8959    0.4143
			    0.3751    -0.2763    -0.8849
			    -0.8980    0.4281    -0.1016
			    0.5882    -0.7832    -0.2015
		b:
			    266.2291
			    -289.6185
			    105.2285
			    -149.8297
			    -326.6366
			    86.7238
	==================================================================================
	Q4:
		Shape: Hybrid
		q_c:    373.5000    115.5000    291.5000
		ub :    378.4424    127.6308    303.2886
		lb :    368.5576    103.3692    279.7114
		P^-1: 
			    0.2335    0.0326    -0.0508
			    0.0326    0.0182    -0.0059
			    -0.0508    -0.0059    0.0263
		A:
			    -0.6215    0.0031    -0.7834
			    -0.8921    -0.1536    0.4250
			    -0.3578    0.8762    0.3230
			    0.9501    0.2909    0.1123
			    -0.9029    -0.4102    0.1283
			    -0.8942    0.1643    0.4165
		b:
			    -453.4602
			    -225.4018
			    68.8081
			    423.6578
			    -345.1306
			    -191.1280
	==================================================================================
	Q5:
		Shape: Polyhedra
		q_c:    352.5000    101.5000    290.0000
		ub :    360.2777    110.8939    299.8052
		lb :    344.7223    92.1061    280.1948
		A:
			    0.5691    0.7448    0.3485
			    0.5327    0.5775    0.6187
			    0.2068    -0.9753    -0.0781
			    -0.5382    0.8283    0.1559
			    -0.4558    -0.8087    -0.3719
			    -0.6100    -0.7523    -0.2491
			    0.6326    0.7290    0.2615
			    0.0270    0.3167    -0.9482
			    -0.7740    0.6069    0.1806
			    -0.6326    -0.7290    -0.2615
			    -0.0270    -0.3167    0.9482
			    0.7740    -0.6069    -0.1806
		b:
			    381.3254
			    430.6383
			    -42.8974
			    -54.1293
			    -346.4294
			    -359.5883
			    376.8196
			    -225.2922
			    -152.3671
			    -368.8196
			    241.2922
			    165.3671
	==================================================================================
	Q6:
		Shape: Polyhedra
		q_c:    360.0000    120.0000    290.5000
		ub :    369.2233    128.1004    297.0574
		lb :    350.7767    111.8996    283.9426
		A:
			    0.4244    0.9030    0.0666
			    0.0440    0.6583    0.7515
			    0.1100    -0.0170    -0.9938
			    -0.1302    0.9579    0.2558
			    -0.0172    -0.4003    -0.9162
			    0.4386    -0.4569    0.7739
			    0.3626    0.0834    0.9282
			    -0.3437    -0.9138    0.2164
			    0.8662    -0.3975    -0.3027
			    -0.3626    -0.0834    -0.9282
			    0.3437    0.9138    -0.2164
			    -0.8662    0.3975    0.3027
		b:
			    285.8471
			    317.9703
			    -246.7451
			    148.3240
			    -315.9778
			    332.2867
			    413.6822
			    -165.0448
			    183.2251
			    -406.6822
			    176.0448
			    -169.2251


===========================================================================================
===========================================================================================
S9:
	q_c:    178.0000    28.5000    490.0000
	ub :    193.0000    57.0000    517.0000
	lb :    163.0000    0.0000    463.0000

	==================================================================================
	Q1:
		Shape: Hybrid
		q_c:    188.0000    37.5000    481.5000
		ub :    200.2417    49.1366    491.1099
		lb :    175.7583    25.8634    471.8901
		P^-1: 
			    0.0209    -0.0029    -0.0044
			    -0.0029    0.0172    0.0023
			    -0.0044    0.0023    0.0231
		A:
			    0.4274    -0.6574    -0.6206
			    0.6818    0.0625    0.7289
			    -0.0604    -0.2633    -0.9628
			    -0.2626    0.5257    -0.8091
			    -0.3669    0.9032    -0.2227
			    -0.4461    -0.5170    -0.7306
		b:
			    -239.7748
			    486.0362
			    -481.0820
			    -414.7824
			    -137.8433
			    -450.5301
	==================================================================================
	Q2:
		Shape: Ellipse
		q_c:    183.5000    29.5000    504.0000
		ub :    189.6653    38.0984    512.6602
		lb :    177.3347    20.9016    495.3398
		P^-1: 
			    0.0889    -0.0298    -0.0190
			    -0.0298    0.0457    0.0128
			    -0.0190    0.0128    0.0373
	==================================================================================
	Q3:
		Shape: Ellipse
		q_c:    175.5000    31.0000    483.0000
		ub :    187.0806    43.2990    492.9852
		lb :    163.9194    18.7010    473.0148
		P^-1: 
			    0.0197    0.0044    0.0016
			    0.0044    0.0186    -0.0015
			    0.0016    -0.0015    0.0196
	==================================================================================
	Q4:
		Shape: Polyhedra
		q_c:    167.5000    29.0000    501.0000
		ub :    174.6209    37.2230    509.5978
		lb :    160.3791    20.7770    492.4022
		A:
			    0.6963    0.3993    0.5964
			    -0.7624    0.5982    0.2468
			    -0.6950    -0.6290    -0.3483
			    0.6858    -0.6981    0.2056
			    -0.3940    0.8139    0.4270
			    -0.8350    0.3532    0.4220
			    0.1933    0.4533    0.8701
			    -0.7136    0.6736    -0.1924
			    -0.6733    -0.5837    0.4537
			    -0.1933    -0.4533    -0.8701
			    0.7136    -0.6736    0.1924
			    0.6733    0.5837    -0.4537
		b:
			    432.9709
			    17.3617
			    -303.3570
			    201.1434
			    176.6090
			    86.2942
			    487.9606
			    -192.8868
			    102.6020
			    -474.9606
			    199.8868
			    -92.6020
	==================================================================================
	Q5:
		Shape: Polyhedra
		q_c:    164.5000    21.5000    490.5000
		ub :    175.9738    29.5947    499.8781
		lb :    153.0262    13.4053    481.1219
		A:
			    -0.1643    0.9422    0.2920
			    -0.6335    0.3651    0.6822
			    -0.1497    0.9745    -0.1672
			    0.0513    0.9495    -0.3095
			    0.2746    0.3645    0.8898
			    -0.0268    0.7391    -0.6731
			    0.8331    0.3037    0.4623
			    -0.2497    -0.5393    0.8042
			    0.4935    -0.7854    -0.3735
			    -0.8331    -0.3037    -0.4623
			    0.2497    0.5393    -0.8042
			    -0.4935    0.7854    0.3735
		b:
			    140.9693
			    242.0375
			    -81.8785
			    -118.7320
			    497.7060
			    -314.5821
			    380.8210
			    345.8131
			    -115.4074
			    -359.8210
			    -337.8131
			    122.4074
	==================================================================================
	Q6:
		Shape: Polyhedra
		q_c:    169.0000    22.0000    477.0000
		ub :    171.6179    24.0161    479.4360
		lb :    166.3821    19.9839    474.5640
		A:
			    0.5520    0.5554    -0.6220
			    -0.8328    0.3018    -0.4641
			    -0.2414    0.7701    0.5905
			    -0.7337    0.3730    0.5679
			    -0.0943    0.9015    0.4223
			    0.0841    -0.4126    -0.9070
			    0.8388    0.2833    0.4650
			    -0.3474    -0.3791    0.8577
			    0.4192    -0.8809    -0.2196
			    -0.8388    -0.2833    -0.4650
			    0.3474    0.3791    -0.8577
			    -0.4192    0.8809    0.2196
		b:
			    -189.6098
			    -353.7125
			    258.9617
			    156.3634
			    206.5331
			    -426.0301
			    371.7857
			    343.5458
			    -52.2651
			    -367.7857
			    -340.5458
			    54.2651


===========================================================================================
===========================================================================================
S10:
	q_c:    469.0000    488.0000    180.0000
	ub :    483.0000    516.0000    191.0000
	lb :    455.0000    460.0000    169.0000

	==================================================================================
	Q1:
		Shape: Ellipse
		q_c:    462.5000    497.5000    176.0000
		ub :    469.7531    502.3735    183.4128
		lb :    455.2469    492.6265    168.5872
		P^-1: 
			    0.1226    0.1588    0.0405
			    0.1588    0.3286    0.0976
			    0.0405    0.0976    0.0703
	==================================================================================
	Q2:
		Shape: Ellipse
		q_c:    469.5000    494.5000    180.0000
		ub :    474.8961    499.2131    185.2970
		lb :    464.1039    489.7869    174.7030
		P^-1: 
			    0.1587    0.0565    -0.0735
			    0.0565    0.1219    -0.0463
			    -0.0735    -0.0463    0.1004
	==================================================================================
	Q3:
		Shape: Ellipse
		q_c:    478.5000    484.5000    190.0000
		ub :    484.5864    490.9749    195.7226
		lb :    472.4136    478.0251    184.2774
		P^-1: 
			    0.0925    0.0609    0.0165
			    0.0609    0.1004    0.0058
			    0.0165    0.0058    0.0626
	==================================================================================
	Q4:
		Shape: Hybrid
		q_c:    483.0000    481.0000    172.5000
		ub :    492.8932    491.5880    179.2963
		lb :    473.1068    470.4120    165.7037
		P^-1: 
			    0.0255    0.0018    0.0107
			    0.0018    0.0282    -0.0214
			    0.0107    -0.0214    0.0713
		A:
			    0.1632    -0.1230    0.9789
			    0.6770    -0.7091    0.1972
			    -0.3721    -0.1244    -0.9198
			    -0.7943    -0.2753    0.5415
