3D_40_5_6_f                l = 3

===========================================================================================
===========================================================================================
S1:
	q_c:    246.0000    264.0000    123.0000
	ub :    260.0000    269.0000    138.0000
	lb :    232.0000    259.0000    108.0000

	==================================================================================
	Q1:
		Shape: Polyhedra
		q_c:    247.5000    266.5000    127.5000
		ub :    250.7872    270.1931    131.0391
		lb :    244.2128    262.8069    123.9609
		A:
			    -0.7991    0.1284    0.5873
			    0.1240    0.2772    -0.9528
			    0.8022    0.0884    -0.5905
			    0.1995    0.5422    -0.8163
			    0.6945    0.6693    -0.2638
			    -0.3944    0.2024    -0.8964
			    0.1800    0.8325    0.5240
			    0.6238    0.3152    -0.7152
			    -0.7605    0.4556    -0.4626
			    -0.1800    -0.8325    -0.5240
			    -0.6238    -0.3152    0.7152
			    0.7605    -0.4556    0.4626
		b:
			    -86.9242
			    -15.0863
			    148.4568
			    91.5620
			    318.4994
			    -155.6493
			    335.7241
			    148.7197
			    -123.2888
			    -330.7241
			    -145.7197
			    128.2888
	==================================================================================
	Q2:
		Shape: Polyhedra
		q_c:    242.0000    268.0000    126.5000
		ub :    245.2298    271.9013    130.2352
		lb :    238.7702    264.0987    122.7648
		A:
			    -0.3953    -0.9086    0.1352
			    0.6589    0.2765    0.6996
			    -0.9627    -0.2656    -0.0514
			    -0.0294    -0.9621    0.2710
			    0.6857    -0.2811    -0.6715
			    -0.6480    0.2854    0.7061
			    0.5408    0.7518    0.3772
			    0.7384    -0.2096    -0.6409
			    -0.4028    0.6252    -0.6685
			    -0.5408    -0.7518    -0.3772
			    -0.7384    0.2096    0.6409
			    0.4028    -0.6252    0.6685
		b:
			    -319.6069
			    324.6068
			    -308.8093
			    -227.7090
			    6.6675
			    10.0336
			    382.0818
			    42.4459
			    -11.0017
			    -378.0818
			    -40.4459
			    18.0017
	==================================================================================
	Q3:
		Shape: Polyhedra
		q_c:    241.5000    268.0000    123.5000
		ub :    245.6837    271.8177    128.1301
		lb :    237.3163    264.1823    118.8699
		A:
			    -0.4348    -0.5826    -0.6866
			    0.0676    0.7796    0.6226
			    0.6706    -0.1820    -0.7191
			    -0.0621    0.9948    0.0804
			    0.2515    -0.6221    -0.7414
			    -0.1303    -0.9905    0.0449
			    0.3052    0.8137    0.4947
			    0.3879    0.3682    -0.8450
			    -0.8697    0.4498    -0.2033
			    -0.3052    -0.8137    -0.4947
			    -0.3879    -0.3682    0.8450
			    0.8697    -0.4498    0.2033
		b:
			    -344.2100
			    303.8769
			    27.8478
			    263.6110
			    -195.0892
			    -289.0258
			    354.3746
			    92.0026
			    -112.1017
			    -351.3746
			    -84.0026
			    117.1017
	==================================================================================
	Q4:
		Shape: Ellipse
		q_c:    248.5000    260.5000    123.0000
		ub :    252.6277    266.2890    127.9309
		lb :    244.3723    254.7110    118.0691
		P^-1: 
			    0.1439    0.0378    0.0096
			    0.0378    0.0649    0.0015
			    0.0096    0.0015    0.0631
	==================================================================================
	Q5:
		Shape: Polyhedra
		q_c:    249.5000    258.5000    121.0000
		ub :    252.7444    262.0042    123.5948
		lb :    246.2556    254.9958    118.4052
		A:
			    -0.9091    -0.2474    -0.3352
			    -0.7981    -0.2756    0.5358
			    -0.0834    0.0638    -0.9945
			    -0.5270    -0.7007    0.4809
			    0.3046    0.9158    0.2619
			    0.0090    0.2283    0.9735
			    0.7196    0.6630    0.2065
			    0.0597    -0.3553    0.9328
			    0.6919    -0.6589    -0.2952
			    -0.7196    -0.6630    -0.2065
			    -0.0597    0.3553    -0.9328
			    -0.6919    0.6589    0.2952
		b:
			    -329.5602
			    -203.4969
			    -123.0434
			    -252.9304
			    346.3432
			    180.9441
			    377.4072
			    37.4071
			    -30.4353
			    -374.4072
			    -34.4071
			    36.4353
	==================================================================================
	Q6:
		Shape: Ellipse
		q_c:    245.5000    271.0000    126.0000
		ub :    249.8617    275.2626    130.8487
		lb :    241.1383    266.7374    121.1513
		P^-1: 
			    0.1938    -0.0601    -0.0460
			    -0.0601    0.1465    0.0166
			    -0.0460    0.0166    0.1024


===========================================================================================
===========================================================================================
S2:
	q_c:    340.5000    231.5000    470.0000
	ub :    360.0000    245.0000    476.0000
	lb :    321.0000    218.0000    464.0000

	==================================================================================
	Q1:
		Shape: Polyhedra
		q_c:    335.5000    236.5000    470.0000
		ub :    340.3922    241.0446    472.8741
		lb :    330.6078    231.9554    467.1259
		A:
			    0.6638    -0.2563    -0.7026
			    -0.0059    0.7997    0.6003
			    -0.2784    -0.9554    0.0981
			    -0.4097    -0.9008    -0.1438
			    0.6269    0.7677    0.1328
			    0.6238    0.4836    -0.6140
			    0.3600    0.5305    0.7674
			    0.8369    -0.5472    -0.0143
			    0.4123    0.6474    -0.6410
			    -0.3600    -0.5305    -0.7674
			    -0.8369    0.5472    0.0143
			    -0.4123    -0.6474    0.6410
		b:
			    -164.9701
			    471.8652
			    -271.0447
			    -416.0010
			    456.3099
			    37.2955
			    608.9385
			    148.6449
			    -7.7984
			    -604.9385
			    -140.6449
			    11.7984
	==================================================================================
	Q2:
		Shape: Ellipse
		q_c:    337.0000    235.5000    468.0000
		ub :    341.3978    239.7839    472.7267
		lb :    332.6022    231.2161    463.2733
		P^-1: 
			    0.1907    -0.0673    -0.0308
			    -0.0673    0.1595    0.0099
			    -0.0308    0.0099    0.0926
	==================================================================================
	Q3:
		Shape: Ellipse
		q_c:    343.0000    229.0000    467.0000
		ub :    345.9416    233.6020    471.4927
		lb :    340.0584    224.3980    462.5073
		P^-1: 
			    0.3932    0.0860    0.0851
			    0.0860    0.1116    0.0366
			    0.0851    0.0366    0.1324
	==================================================================================
	Q4:
		Shape: Hybrid
		q_c:    346.0000    230.0000    472.5000
		ub :    348.8264    233.1787    476.3875
		lb :    343.1736    226.8213    468.6125
		P^-1: 
			    0.1599    0.0004    0.0029
			    0.0004    0.1584    -0.0110
			    0.0029    -0.0110    0.0833
		A:
			    -0.7502    -0.6601    -0.0373
			    0.9080    0.2740    0.3169
			    -0.5978    0.6459    0.4748
			    -0.6327    0.7398    -0.2288
			    -0.4026    0.9057    0.1325
			    -0.0679    -0.2530    0.9651
		b:
			    -427.7904
			    528.2828
			    167.6901
			    -155.6015
			    132.9575
			    376.4394
	==================================================================================
	Q5:
		Shape: Hybrid
		q_c:    346.0000    229.5000    470.5000
		ub :    350.0672    233.8215    474.6186
		lb :    341.9328    225.1785    466.3814
		P^-1: 
			    0.2026    -0.0639    -0.1582
			    -0.0639    0.1356    0.0690
			    -0.1582    0.0690    0.2990
		A:
			    0.7135    0.6892    -0.1262
			    -0.3517    -0.8116    -0.4664
			    -0.3381    -0.9295    -0.1473
			    0.1056    -0.8724    -0.4773
			    0.8230    -0.5592    -0.1001
			    0.9466    -0.1867    -0.2628
		b:
			    348.0994
			    -524.9947
			    -397.1595
			    -386.4249
			    111.0775
			    162.6911
	==================================================================================
	Q6:
		Shape: Ellipse
		q_c:    345.5000    233.5000    470.0000
		ub :    350.7506    237.7913    475.7296
		lb :    340.2494    229.2087    464.2704
		P^-1: 
			    0.0626    0.0016    0.0004
			    0.0016    0.1079    0.0120
			    0.0004    0.0120    0.0657


===========================================================================================
===========================================================================================
S3:
	q_c:    65.0000    371.0000    130.5000
	ub :    82.0000    398.0000    151.0000
	lb :    48.0000    344.0000    110.0000

	==================================================================================
	Q1:
		Shape: Ellipse
		q_c:    69.0000    380.0000    121.0000
		ub :    77.9953    387.9257    129.7016
		lb :    60.0047    372.0743    112.2984
		P^-1: 
			    0.0283    0.0128    -0.0018
			    0.0128    0.0412    -0.0025
			    -0.0018    -0.0025    0.0159
	==================================================================================
	Q2:
		Shape: Polyhedra
		q_c:    58.5000    373.0000    133.5000
		ub :    66.2976    378.1156    141.0166
		lb :    50.7024    367.8844    125.9834
		A:
			    0.3887    -0.8946    -0.2203
			    0.3390    0.6178    0.7095
			    -0.4529    -0.6563    0.6034
			    0.1272    -0.9046    -0.4067
			    0.2406    0.9674    0.0786
			    -0.6393    0.7690    0.0012
			    0.3577    0.9333    0.0313
			    0.8994    -0.3353    -0.2803
			    -0.2511    0.1284    -0.9594
			    -0.3577    -0.9333    -0.0313
			    -0.8994    0.3353    0.2803
			    0.2511    -0.1284    0.9594
		b:
			    -335.7590
			    349.5209
			    -186.3876
			    -380.2409
			    388.0209
			    254.9741
			    375.7360
			    -103.8640
			    -88.8595
			    -370.7360
			    115.8640
			    100.8595
	==================================================================================
	Q3:
		Shape: Ellipse
		q_c:    68.0000    371.5000    137.5000
		ub :    76.2348    385.0739    149.4462
		lb :    59.7652    357.9261    125.5538
		P^-1: 
			    0.0913    0.0296    0.0275
			    0.0296    0.0209    0.0059
			    0.0275    0.0059    0.0250
	==================================================================================
	Q4:
		Shape: Hybrid
		q_c:    60.5000    385.5000    136.5000
		ub :    68.1304    395.4911    146.3368
		lb :    52.8696    375.5089    126.6632
		P^-1: 
			    0.0564    0.0188    0.0115
			    0.0188    0.0357    0.0240
			    0.0115    0.0240    0.0434
		A:
			    0.1746    -0.6546    -0.7356
			    -0.3862    -0.6624    -0.6419
			    0.4058    -0.8582    -0.3144
			    -0.9689    -0.1880    -0.1607
			    -0.9754    -0.2189    0.0259
			    -0.9180    -0.0510    0.3932
		b:
			    -339.3791
			    -364.3902
			    -344.6631
			    -150.6304
			    -137.3394
			    -18.4632
	==================================================================================
	Q5:
		Shape: Hybrid
		q_c:    52.5000    378.5000    133.0000
		ub :    64.6703    391.9213    144.1198
		lb :    40.3297    365.0787    121.8802
		P^-1: 
			    0.0136    -0.0029    -0.0016
			    -0.0029    0.0169    -0.0034
			    -0.0016    -0.0034    0.0219
		A:
			    0.5750    -0.3830    -0.7230
			    -0.5896    0.0248    0.8073
			    -0.5406    0.8189    0.1928
			    -0.1139    0.4896    0.8645
			    0.4976    0.6095    -0.6171
			    -0.3271    -0.6536    -0.6825
		b:
			    -206.8951
			    89.6685
			    311.4513
			    298.6850
			    179.0563
			    -349.7963
	==================================================================================
	Q6:
		Shape: Ellipse
		q_c:    82.0000    358.0000    119.0000
		ub :    93.4134    366.5140    130.4576
		lb :    70.5866    349.4860    107.5424
		P^-1: 
			    0.0251    -0.0035    0.0096
			    -0.0035    0.0342    -0.0053
			    0.0096    -0.0053    0.0223


===========================================================================================
===========================================================================================
S4:
	q_c:    340.5000    378.5000    290.0000
	ub :    357.0000    388.0000    294.0000
	lb :    324.0000    369.0000    286.0000

	==================================================================================
	Q1:
		Shape: Hybrid
		q_c:    342.5000    382.0000    292.0000
		ub :    344.4965    383.8401    293.9356
		lb :    340.5035    380.1599    290.0644
		P^-1: 
			    0.8369    0.1768    -0.1809
			    0.1768    0.8082    0.1962
			    -0.1809    0.1962    0.7993
		A:
			    0.5177    0.8158    0.2578
			    0.3095    -0.8760    -0.3700
			    0.1967    -0.9417    -0.2729
			    0.3526    -0.8356    -0.4212
			    0.9787    0.0068    -0.2053
			    0.0027    0.6215    0.7834
		b:
			    564.7282
			    -336.0488
			    -371.4020
			    -320.8158
			    278.4285
			    467.6084
	==================================================================================
	Q2:
		Shape: Ellipse
		q_c:    340.0000    378.5000    288.5000
		ub :    343.5056    382.5052    292.1531
		lb :    336.4944    374.4948    284.8469
		P^-1: 
			    0.1995    -0.0359    -0.0266
			    -0.0359    0.1926    0.0242
			    -0.0266    0.0242    0.1779
	==================================================================================
	Q3:
		Shape: Polyhedra
		q_c:    340.5000    381.0000    294.5000
		ub :    343.7916    384.2148    297.7910
		lb :    337.2084    377.7852    291.2090
		A:
			    0.0374    0.9921    0.1194
			    -0.2716    -0.9282    -0.2545
			    -0.1059    0.4818    -0.8699
			    0.8175    -0.5116    0.2644
			    -0.8697    -0.4445    -0.2146
			    -0.1979    0.5591    -0.8051
			    0.6086    0.4936    0.6212
			    0.0649    0.7493    -0.6590
			    -0.7908    0.4414    0.4240
			    -0.6086    -0.4936    -0.6212
			    -0.0649    -0.7493    0.6590
			    0.7908    -0.4414    -0.4240
		b:
			    427.8123
			    -519.1311
			    -107.0772
			    163.4830
			    -526.6136
			    -89.8817
			    580.2568
			    115.0114
			    26.2855
			    -576.2568
			    -112.0114
			    -21.2855
	==================================================================================
	Q4:
		Shape: Polyhedra
		q_c:    337.0000    378.0000    290.5000
		ub :    340.2258    381.3253    293.9429
		lb :    333.7742    374.6747    287.0571
		A:
			    -0.6249    -0.3787    -0.6827
			    0.0826    -0.0732    -0.9939
			    0.2271    0.9192    -0.3216
			    -0.3207    0.7813    -0.5355
			    0.6465    -0.2222    0.7298
			    0.7340    -0.2898    -0.6142
			    0.7243    0.0732    0.6856
			    -0.6616    0.3537    0.6611
			    -0.1941    -0.9325    0.3046
			    -0.7243    -0.0732    -0.6856
			    0.6616    -0.3537    -0.6611
			    0.1941    0.9325    -0.3046
		b:
			    -550.4396
			    -286.3790
			    333.0773
			    33.9214
			    347.5305
			    -38.1180
			    472.4175
			    105.3062
			    -326.9098
			    -469.4175
			    -100.3062
			    331.9098
	==================================================================================
	Q5:
		Shape: Hybrid
		q_c:    342.5000    380.0000    291.5000
		ub :    345.0201    382.4266    294.3795
		lb :    339.9799    377.5734    288.6205
		P^-1: 
			    0.7396    0.0151    0.3668
			    0.0151    0.4195    0.1270
			    0.3668    0.1270    0.4454
		A:
			    0.4931    0.8485    -0.1920
			    0.4556    0.7810    -0.4272
			    0.6857    -0.4859    0.5420
			    0.5997    -0.7316    -0.3242
			    -0.7812    -0.2727    -0.5616
			    0.9149    0.1717    0.3654
		b:
			    436.8563
			    330.0045
			    209.0289
			    -166.0148
			    -534.3761
			    485.7109
	==================================================================================
	Q6:
		Shape: Hybrid
		q_c:    339.0000    382.5000    293.5000
		ub :    341.9006    385.0982    296.1605
		lb :    336.0994    379.9018    290.8395
		P^-1: 
			    0.5254    -0.3674    -0.1293
			    -0.3674    0.7098    -0.0417
			    -0.1293    -0.0417    0.3692
		A:
			    -0.4105    0.7152    0.5656
			    -0.4963    0.8170    0.2934
			    0.6413    -0.4458    -0.6245
			    0.1414    -0.5917    0.7937
			    -0.5523    0.4912    -0.6735
			    -0.3782    0.8671    -0.3243
		b:
			    301.2855
			    231.0081
			    -135.6851
			    55.4933
			    -195.8887
			    108.9042


===========================================================================================
===========================================================================================
S5:
	q_c:    522.0000    399.0000    247.0000
	ub :    539.0000    416.0000    258.0000
	lb :    505.0000    382.0000    236.0000

	==================================================================================
	Q1:
		Shape: Polyhedra
		q_c:    533.5000    392.0000    251.0000
		ub :    542.9893    397.9828    259.8465
		lb :    524.0107    386.0172    242.1535
		A:
			    0.4806    0.7173    0.5045
			    -0.2658    0.1789    -0.9473
			    0.1553    -0.9041    0.3981
			    -0.3214    -0.4139    -0.8517
			    -0.5392    -0.7503    -0.3826
			    0.5314    0.4172    0.7373
			    0.5064    0.6326    0.5860
			    0.8174    -0.1357    -0.5598
			    -0.2746    0.7625    -0.5858
			    -0.5064    -0.6326    -0.5860
			    -0.8174    0.1357    0.5598
			    0.2746    -0.7625    0.5858
		b:
			    665.8034
			    -304.7140
			    -166.7693
			    -544.3788
			    -675.6925
			    634.0677
			    666.7148
			    251.3790
			    10.3782
			    -663.7148
			    -233.3790
			    -0.3782
	==================================================================================
	Q2:
		Shape: Hybrid
		q_c:    533.5000    405.5000    255.5000
		ub :    544.9872    413.9342    267.0664
		lb :    522.0128    397.0658    243.9336
		P^-1: 
			    0.0261    -0.0113    -0.0088
			    -0.0113    0.0402    0.0055
			    -0.0088    0.0055    0.0206
		A:
			    -0.3950    0.3742    0.8390
			    -0.2418    0.9570    -0.1601
			    0.5354    -0.2094    -0.8182
			    -0.9431    -0.2487    -0.2206
			    0.8421    -0.3101    -0.4413
			    0.4762    -0.8380    0.2664
		b:
			    159.0650
			    221.1458
			    -4.7397
			    -654.8024
			    213.8754
			    -14.2736
	==================================================================================
	Q3:
		Shape: Polyhedra
		q_c:    511.5000    409.5000    249.5000
		ub :    521.6683    420.2212    257.9323
		lb :    501.3317    398.7788    241.0677
		A:
			    -0.2236    0.4365    -0.8714
			    -0.1661    -0.9440    0.2852
			    0.7642    -0.3826    -0.5193
			    -0.6033    -0.7726    0.1979
			    -0.7170    -0.5331    -0.4491
			    -0.6138    0.2675    -0.7427
			    0.2852    0.6939    0.6612
			    -0.9253    0.3792    0.0011
			    -0.2500    -0.6121    0.7502
			    -0.2852    -0.6939    -0.6612
			    0.9253    -0.3792    -0.0011
			    0.2500    0.6121    -0.7502
		b:
			    -147.1297
			    -394.4632
			    111.7754
			    -569.5729
			    -690.4113
			    -383.0730
			    601.4994
			    -310.2160
			    -185.8244
			    -588.4994
			    325.2160
			    196.8244
	==================================================================================
	Q4:
		Shape: Ellipse
		q_c:    527.0000    392.5000    245.0000
		ub :    535.5452    399.0245    250.1159
		lb :    518.4548    385.9755    239.8841
		P^-1: 
			    0.0803    -0.0200    -0.1516
			    -0.0200    0.0433    0.0360
			    -0.1516    0.0360    0.3764
	==================================================================================
	Q5:
		Shape: Hybrid
		q_c:    512.0000    404.5000    251.0000
		ub :    516.1884    409.2767    255.3229
		lb :    507.8116    399.7233    246.6771
		P^-1: 
			    0.1493    -0.0199    0.0036
			    -0.0199    0.1215    -0.0019
			    0.0036    -0.0019    0.1114
		A:
			    -0.1039    -0.5356    0.8381
			    0.7822    0.6208    0.0514
			    -0.4554    -0.1386    -0.8794
			    -0.4221    0.7612    -0.4923
			    0.3797    0.0452    0.9240
			    -0.5519    0.1957    0.8106
		b:
			    -57.7275
			    666.2104
			    -508.3125
			    -30.2871
			    446.2656
			    1.6610
	==================================================================================
	Q6:
		Shape: Hybrid
		q_c:    526.5000    392.0000    244.0000
		ub :    534.5513    403.5892    255.9069
		lb :    518.4487    380.4108    232.0931
		P^-1: 
			    0.0235    0.0006    0.0011
			    0.0006    0.0157    0.0001
			    0.0011    0.0001    0.0158
		A:
			    -0.3009    -0.9026    -0.3077
			    -0.5176    0.2435    0.8203
			    0.8587    -0.3661    -0.3586
			    0.1859    0.9709    -0.1508
			    -0.1604    -0.4193    -0.8936
			    0.7521    -0.5900    0.2937
		b:
			    -582.8129
			    27.6357
			    224.9522
			    446.3733
			    -462.2290
			    240.3291


===========================================================================================
===========================================================================================
