3D_45_13_6_f                l = 3

===========================================================================================
===========================================================================================
S1:
	q_c:	439.0	141.0	337.0
	ub :	451.4131	157.2538	345.6587
	lb :	423.9434	123.1782	320.4517

	==================================================================================
	Q1:
		Shape: Polyhedra
		q_c:	441.0	149.0	330.5
		ub :	447.7674	154.9006	338.307
		lb :	434.2326	143.0994	322.693
		A:
			-0.2206	-0.639	-0.7369
			-0.5311	-0.1399	0.8357
			-0.6027	-0.4431	0.6637
			-0.6018	0.7696	0.2136
			0.9656	0.2491	-0.0749
			-0.7917	-0.4535	0.4094
			0.6255	0.2047	0.7529
			-0.074	-0.9451	0.3184
			0.7767	-0.2549	-0.576
			-0.6255	-0.2047	-0.7529
			0.074	0.9451	-0.3184
			-0.7767	0.2549	0.576
		b:
			-430.6412
			24.9713
			-108.7115
			-76.4192
			442.78
			-277.4476
			561.1772
			-64.1997
			117.6898
			-549.1772
			72.1997
			-110.6898
	==================================================================================
	Q2:
		Shape: Polyhedra
		q_c:	443.0	132.0	340.5
		ub :	450.8137	140.8218	345.6587
		lb :	435.1863	123.1782	335.3413
		A:
			-0.5893	0.2954	0.752
			-0.5462	0.5162	0.6597
			-0.6084	0.376	0.699
			-0.6436	0.221	0.7328
			0.594	-0.3284	-0.7344
			-0.5571	0.3754	0.7407
			0.6054	0.7858	0.1261
			0.5478	-0.5264	0.6502
			0.5773	-0.3245	-0.7492
			-0.6054	-0.7858	-0.1261
			-0.5478	0.5264	-0.6502
			-0.5773	0.3245	0.7492
		b:
			34.5414
			52.2965
			18.8108
			-5.4026
			-29.7634
			55.5771
			421.8883
			400.5894
			-41.6915
			-407.8883
			-388.5894
			42.6915
	==================================================================================
	Q3:
		Shape: Polyhedra
		q_c:	440.0	133.0	327.0
		ub :	446.9319	141.3449	333.5483
		lb :	433.0681	124.6551	320.4517
		A:
			-0.7377	-0.0917	0.6689
			0.2845	0.0939	-0.9541
			0.6239	0.5932	-0.5088
			-0.7295	0.1448	-0.6685
			0.8473	0.4862	0.2136
			0.5095	-0.1635	0.8448
			0.8871	0.0394	0.46
			-0.4115	-0.384	0.8265
			0.2092	-0.9225	-0.3244
			-0.8871	-0.0394	-0.46
			0.4115	0.384	-0.8265
			-0.2092	0.9225	0.3244
		b:
			-114.6496
			-171.2322
			190.2432
			-515.5049
			512.5205
			482.9997
			550.957
			40.1338
			-128.729
			-540.957
			-36.1338
			144.729
	==================================================================================
	Q4:
		Shape: Polyhedra
		q_c:	429.0	137.5	340.0
		ub :	434.0566	141.7135	345.2409
		lb :	423.9434	133.2865	334.7591
		A:
			-0.4888	-0.8707	-0.0554
			-0.9022	-0.2986	0.3112
			0.0531	-0.9412	-0.3336
			-0.3493	0.8508	-0.3925
			0.5482	0.5823	-0.6003
			-0.7827	0.4362	-0.444
			0.0087	0.0749	0.9972
			-0.9793	0.2021	-0.0066
			-0.202	-0.9765	0.0751
			-0.0087	-0.0749	-0.9972
			0.9793	-0.2021	0.0066
			0.202	0.9765	-0.0751
		b:
			-345.0087
			-318.086
			-216.573
			-162.6072
			115.1328
			-422.284
			358.0651
			-390.1023
			-192.4005
			-348.0651
			399.1023
			198.4005
	==================================================================================
	Q5:
		Shape: Ellipse
		q_c:	437.5	146.0	332.5
		ub :	442.242	151.6085	338.4505
		lb :	432.758	140.3915	326.5495
		P^-1:
			2.3699	-0.8961	-1.7377
			-0.8961	0.424	0.6218
			-1.7377	0.6218	1.3409
	==================================================================================
	Q6:
		Shape: Ellipse
		q_c:	445.5	151.0	331.0
		ub :	451.4131	157.2538	335.8988
		lb :	439.5869	144.7462	326.1012
		P^-1:
			0.1116	-0.0017	-0.0678
			-0.0017	0.1065	-0.0772
			-0.0678	-0.0772	0.1761


===========================================================================================
===========================================================================================
S2:
	q_c:	476.5	328.0	177.5
	ub :	486.2105	351.0602	194.8366
	lb :	455.4193	309.9709	162.749

	==================================================================================
	Q1:
		Shape: Polyhedra
		q_c:	476.5	328.5	185.5
		ub :	483.2511	337.7833	194.8366
		lb :	469.7489	319.2167	176.1634
		A:
			0.6091	0.442	-0.6585
			0.3612	-0.3823	0.8505
			-0.4131	0.8643	0.2867
			0.8315	0.1732	-0.5278
			-0.8125	0.3843	-0.4383
			0.3841	-0.2141	-0.8981
			0.375	0.5592	0.7393
			-0.9253	0.2742	0.262
			-0.0562	-0.7824	0.6203
			-0.375	-0.5592	-0.7393
			0.9253	-0.2742	-0.262
			0.0562	0.7824	-0.6203
		b:
			318.7808
			210.2291
			145.5966
			360.1331
			-337.0191
			-48.4711
			505.551
			-297.7577
			-162.7121
			-493.551
			306.7577
			174.7121
	==================================================================================
	Q2:
		Shape: Ellipse
		q_c:	469.5	318.0	174.0
		ub :	474.3996	325.8064	182.3023
		lb :	464.6004	310.1936	165.6977
		P^-1:
			0.2193	0.0733	0.0196
			0.0733	0.0646	-0.0002
			0.0196	-0.0002	0.0298
	==================================================================================
	Q3:
		Shape: Hybrid
		q_c:	479.0	334.5	176.0
		ub :	486.2105	342.3175	185.9769
		lb :	471.7895	326.6825	166.0231
		P^-1:
			0.0336	0.0075	0.0013
			0.0075	0.0606	0.0304
			0.0013	0.0304	0.0344
		A:
			0.3833	0.6011	0.7012
			-0.1474	0.7529	0.6414
			0.6227	-0.0344	-0.7817
			0.7188	0.67	0.1856
			0.7598	-0.4052	-0.5084
			0.422	0.5621	0.7113
		b:
			510.6225
			296.1405
			153.7003
			603.836
			142.2701
			518.0891
	==================================================================================
	Q4:
		Shape: Ellipse
		q_c:	462.5	343.0	181.5
		ub :	469.5807	351.0602	188.8892
		lb :	455.4193	334.9398	174.1108
		P^-1:
			0.04	0.0001	0.0001
			0.0001	0.0478	0.0107
			0.0001	0.0107	0.0547
	==================================================================================
	Q5:
		Shape: Ellipse
		q_c:	465.5	336.0	168.5
		ub :	471.3113	340.2326	174.251
		lb :	459.6887	331.7674	162.749
		P^-1:
			0.0746	-0.0006	-0.0355
			-0.0006	0.0625	-0.0008
			-0.0355	-0.0008	0.0766
	==================================================================================
	Q6:
		Shape: Polyhedra
		q_c:	470.5	319.0	172.0
		ub :	479.4753	328.0291	177.7791
		lb :	461.5247	309.9709	166.2209
		A:
			0.6749	-0.1409	-0.7243
			0.9976	-0.0049	-0.0697
			0.2215	-0.1828	0.9579
			-0.083	-0.643	-0.7614
			0.2495	0.5786	-0.7765
			0.0538	0.0425	-0.9976
			0.6345	0.7067	0.313
			0.731	-0.6802	0.0539
			0.251	0.1946	-0.9482
			-0.6345	-0.7067	-0.313
			-0.731	0.6802	-0.0539
			-0.251	-0.1946	0.9482
		b:
			152.0603
			461.518
			214.7846
			-369.2709
			172.5044
			-128.9236
			584.816
			141.2079
			20.5691
			-570.816
			-131.2079
			-13.5691


===========================================================================================
===========================================================================================
S3:
	q_c:	278.0	169.0	156.5
	ub :	296.7923	194.6351	176.2885
	lb :	267.7617	151.1341	142.0664

	==================================================================================
	Q1:
		Shape: Ellipse
		q_c:	292.0	176.5	148.0
		ub :	296.7923	182.3393	152.8294
		lb :	287.2077	170.6607	143.1706
		P^-1:
			0.1375	-0.0155	-0.0348
			-0.0155	0.0431	-0.0002
			-0.0348	-0.0002	0.101
	==================================================================================
	Q2:
		Shape: Ellipse
		q_c:	280.0	176.5	163.5
		ub :	288.4296	185.8108	171.2561
		lb :	271.5704	167.1892	155.7439
		P^-1:
			0.0312	0.0062	0.0089
			0.0062	0.0387	0.0172
			0.0089	0.0172	0.0441
	==================================================================================
	Q3:
		Shape: Ellipse
		q_c:	277.5	158.5	152.5
		ub :	287.2383	165.8659	161.8107
		lb :	267.7617	151.1341	143.1893
		P^-1:
			0.0339	-0.0133	0.0067
			-0.0133	0.0563	0.003
			0.0067	0.003	0.0232
	==================================================================================
	Q4:
		Shape: Hybrid
		q_c:	289.0	185.0	151.5
		ub :	294.6889	194.6351	160.9336
		lb :	283.3111	175.3649	142.0664
		P^-1:
			0.1004	-0.0239	-0.0147
			-0.0239	0.0305	0.0083
			-0.0147	0.0083	0.0283
		A:
			0.2614	-0.9052	-0.3352
			-0.9352	0.3313	0.125
			-0.8009	-0.5843	-0.1308
			0.7184	-0.4796	0.5038
			0.3465	-0.9083	-0.2343
			-0.9146	0.0275	0.4034
		b:
			-138.7061
			-188.5095
			-355.3121
			198.8808
			-99.5263
			-195.9561
	==================================================================================
	Q5:
		Shape: Hybrid
		q_c:	283.5	168.5	163.5
		ub :	294.1489	179.2373	175.0125
		lb :	272.8511	157.7627	151.9875
		P^-1:
			0.0308	-0.0154	-0.0035
			-0.0154	0.0344	0.0054
			-0.0035	0.0054	0.0176
		A:
			-0.8291	-0.3781	-0.4118
			-0.8038	0.4086	0.4324
			-0.6775	0.5001	0.5393
			-0.2268	0.9658	-0.1258
			-0.9358	0.3242	-0.1386
			0.5552	-0.823	0.1201
		b:
			-360.9198
			-85.2995
			-16.6259
			81.3825
			-229.9049
			41.1177
	==================================================================================
	Q6:
		Shape: Polyhedra
		q_c:	287.5	179.0	169.5
		ub :	296.2839	187.6368	176.2885
		lb :	278.7161	170.3632	162.7115
		A:
			0.5298	-0.2951	0.7951
			0.3845	-0.7731	-0.5044
			0.6052	0.7677	-0.2107
			-0.6773	0.3512	0.6465
			-0.8228	0.5388	0.1808
			-0.1404	-0.2412	0.9603
			0.7517	0.5772	0.3191
			0.1426	0.33	-0.9331
			-0.6439	0.747	0.1658
			-0.7517	-0.5772	-0.3191
			-0.1426	-0.33	0.9331
			0.6439	-0.747	-0.1658
		b:
			239.3205
			-108.8555
			282.3047
			-18.213
			-105.1519
			83.2258
			381.0116
			-54.0788
			-19.3113
			-366.0116
			62.0788
			27.3113


===========================================================================================
===========================================================================================
S4:
	q_c:	41.0	157.5	356.5
	ub :	50.7415	169.6759	363.9768
	lb :	32.6636	150.6552	349.0533

	==================================================================================
	Q1:
		Shape: Ellipse
		q_c:	43.5	163.0	354.0
		ub :	47.904	167.3052	358.9467
		lb :	39.096	158.6948	349.0533
		P^-1:
			0.2031	-0.1619	-0.0556
			-0.1619	0.2975	0.0742
			-0.0556	0.0742	0.1071
	==================================================================================
	Q2:
		Shape: Ellipse
		q_c:	43.0	159.5	356.5
		ub :	48.2895	163.7647	361.6082
		lb :	37.7105	155.2353	351.3918
		P^-1:
			0.0695	-0.0036	-0.0167
			-0.0036	0.1108	-0.0015
			-0.0167	-0.0015	0.1044
	==================================================================================
	Q3:
		Shape: Hybrid
		q_c:	43.0	153.0	356.0
		ub :	45.4967	155.3448	358.7025
		lb :	40.5033	150.6552	353.2975
		P^-1:
			0.7316	0.1644	0.2926
			0.1644	0.5385	0.1744
			0.2926	0.1744	0.3344
		A:
			-0.7786	-0.6139	-0.1305
			-0.3099	-0.7534	-0.5799
			-0.9769	-0.0243	0.2125
			0.7907	0.2659	0.5515
			-0.8216	0.2528	-0.511
			-0.7085	0.2807	-0.6474
		b:
			-173.0769
			-334.3076
			31.1808
			271.5663
			-177.7742
			-217.0451
	==================================================================================
	Q4:
		Shape: Polyhedra
		q_c:	36.5	165.5	359.5
		ub :	40.3364	169.6759	363.9768
		lb :	32.6636	161.3241	355.0232
		A:
			0.7075	0.6555	-0.2641
			0.9813	0.1925	-0.0026
			-0.9617	-0.0618	0.267
			-0.0661	-0.9745	-0.2144
			-0.8245	-0.396	-0.4043
			0.8376	0.1808	0.5155
			0.7209	0.6419	0.2614
			0.6304	-0.4505	-0.6321
			-0.2879	0.6205	-0.7294
			-0.7209	-0.6419	-0.2614
			-0.6304	0.4505	0.6321
			0.2879	-0.6205	0.7294
		b:
			41.3846
			68.8196
			53.114
			-238.4316
			-239.2792
			247.8397
			228.0295
			-275.8052
			-167.0436
			-225.0295
			281.8052
			173.0436
	==================================================================================
	Q5:
		Shape: Hybrid
		q_c:	39.5	161.5	357.5
		ub :	42.0668	164.0646	360.232
		lb :	36.9332	158.9354	354.768
		P^-1:
			0.2581	0.0199	0.0333
			0.0199	0.2992	0.0821
			0.0333	0.0821	0.3872
		A:
			0.0939	0.8972	0.4314
			0.5301	0.7956	0.2933
			-0.1089	-0.4447	-0.889
			-0.9181	0.3577	-0.171
			-0.8363	-0.5481	0.0154
			0.7444	-0.3632	0.5602
		b:
			303.773
			255.2519
			-393.1924
			-38.3917
			-114.883
			172.1955
	==================================================================================
	Q6:
		Shape: Ellipse
		q_c:	48.0	163.0	353.5
		ub :	50.7415	165.7797	356.0727
		lb :	45.2585	160.2203	350.9273
		P^-1:
			0.7027	0.3226	0.216
			0.3226	0.3547	0.1463
			0.216	0.1463	0.3526


===========================================================================================
===========================================================================================
S5:
	q_c:	399.5	162.5	490.0
	ub :	410.9789	180.5914	508.5647
	lb :	383.6912	145.947	477.4511

	==================================================================================
	Q1:
		Shape: Hybrid
		q_c:	407.5	165.5	481.5
		ub :	410.7542	169.9019	485.5489
		lb :	404.2458	161.0981	477.4511
		P^-1:
			0.1564	-0.0121	-0.004
			-0.0121	0.1144	0.0011
			-0.004	0.0011	0.1115
		A:
			-0.0367	0.9844	0.1723
			0.9924	0.021	-0.1213
			-0.7531	0.6484	-0.1117
			0.8276	0.5612	-0.0005
			-0.1372	0.3449	0.9286
			-0.6859	0.7254	-0.0573
		b:
			232.6112
			350.7878
			-251.988
			431.4705
			449.9939
			-185.6261
	==================================================================================
	Q2:
		Shape: Polyhedra
		q_c:	397.0	172.0	485.5
		ub :	403.9083	180.5914	489.8535
		lb :	390.0917	163.4086	481.1465
		A:
			0.6635	0.3643	0.6535
			0.6292	0.6671	-0.3989
			-0.8748	-0.4842	0.0176
			0.5058	0.8257	-0.2499
			-0.1141	-0.2551	-0.9602
			-0.2382	0.3418	0.9091
			0.7005	0.3208	0.6375
			-0.5935	-0.2343	0.77
			0.3964	-0.9177	0.0263
			-0.7005	-0.3208	-0.6375
			0.5935	0.2343	-0.77
			-0.3964	0.9177	-0.0263
		b:
			646.8573
			174.6346
			-418.8603
			226.3024
			-551.9862
			409.477
			646.2748
			100.4427
			19.7871
			-639.2748
			-95.4427
			-4.7871
	==================================================================================
	Q3:
		Shape: Hybrid
		q_c:	400.5	167.0	499.5
		ub :	409.5367	175.0856	508.5647
		lb :	391.4633	158.9144	490.4353
		P^-1:
			0.0354	0.0066	0.0043
			0.0066	0.0272	0.0016
			0.0043	0.0016	0.0188
		A:
			0.2674	-0.9203	0.2855
			-0.848	0.076	0.5245
			-0.8123	-0.0741	0.5785
			-0.5099	0.0115	-0.8601
			0.5679	0.5522	-0.6104
			-0.5961	-0.6087	-0.5235
		b:
			99.9894
			-60.8483
			-44.6253
			-627.8932
			18.8638
			-598.9408
	==================================================================================
	Q4:
		Shape: Hybrid
		q_c:	391.5	168.5	496.0
		ub :	399.3088	177.529	503.1528
		lb :	383.6912	159.471	488.8472
		P^-1:
			0.0486	0.0076	-0.0261
			0.0076	0.0435	-0.0341
			-0.0261	-0.0341	0.0794
		A:
			0.7838	-0.1947	-0.5897
			0.7407	-0.0931	-0.6654
			0.4605	0.868	-0.1859
			-0.0073	-0.1458	0.9893
			0.6678	0.5344	-0.5181
			-0.0167	0.7761	-0.6303
		b:
			-15.6176
			-53.2145
			238.1237
			466.0284
			96.7609
			-186.1181
	==================================================================================
	Q5:
		Shape: Ellipse
		q_c:	404.5	155.0	495.0
		ub :	410.3925	161.9526	502.1934
		lb :	398.6075	148.0474	487.8066
		P^-1:
			0.0766	-0.0099	0.0067
			-0.0099	0.0618	0.011
			0.0067	0.011	0.0335
	==================================================================================
	Q6:
		Shape: Polyhedra
		q_c:	403.5	152.0	493.5
		ub :	410.9789	158.053	499.2819
		lb :	396.0211	145.947	487.7181
		A:
			0.5456	0.8353	0.0686
			0.1467	0.5573	-0.8172
			0.174	0.5133	-0.8404
			0.6784	-0.6234	-0.3887
			0.7063	0.2397	-0.6661
			-0.6124	0.7147	-0.3378
			0.7157	0.5489	0.4318
			0.4999	-0.8344	0.2321
			0.4877	0.0498	-0.8716
			-0.7157	-0.5489	-0.4318
			-0.4999	0.8344	-0.2321
			-0.4877	-0.0498	0.8716
		b:
			387.2181
			-256.863
			-263.9825
			-10.3289
			-3.9206
			-302.3892
			592.3122
			191.9511
			-223.2794
			-578.3122
			-186.9511
			228.2794


===========================================================================================
===========================================================================================
S6:
	q_c:	507.5	351.0	270.5
	ub :	520.0564	361.0347	279.8364
	lb :	494.351	341.6095	261.519

	==================================================================================
	Q1:
		Shape: Hybrid
		q_c:	504.0	344.5	276.5
		ub :	507.4262	347.3905	279.8364
		lb :	500.5738	341.6095	273.1636
		P^-1:
			0.2246	-0.0815	0.1353
			-0.0815	0.4142	0.0502
			0.1353	0.0502	0.3612
		A:
			0.8467	0.2261	0.4817
			-0.6265	0.4903	0.6059
			0.2005	-0.9235	-0.3271
			0.1839	-0.0524	0.9816
			-0.2023	-0.2246	-0.9532
			0.0028	0.9857	-0.1683
		b:
			639.0581
			22.1782
			-306.7712
			347.0507
			-442.0394
			295.5171
	==================================================================================
	Q2:
		Shape: Hybrid
		q_c:	504.5	351.0	271.0
		ub :	508.305	356.6452	276.6578
		lb :	500.695	345.3548	265.3422
		P^-1:
			0.2111	0.0421	-0.0575
			0.0421	0.0879	-0.0281
			-0.0575	-0.0281	0.0951
		A:
			0.9231	0.3844	-0.0129
			-0.6904	0.7223	0.0397
			0.0265	-0.8687	-0.4947
			-0.3697	0.6288	-0.6841
			0.7991	-0.3357	0.4988
			0.139	-0.9135	0.3823
		b:
			598.4832
			-81.6347
			-422.6667
			-148.6985
			422.8179
			-144.4615
	==================================================================================
	Q3:
		Shape: Hybrid
		q_c:	514.5	348.0	266.0
		ub :	520.0564	352.8604	270.481
		lb :	508.9436	343.1396	261.519
		P^-1:
			0.1007	-0.0074	-0.0411
			-0.0074	0.1063	-0.021
			-0.0411	-0.021	0.1267
		A:
			-0.3202	-0.7451	0.5851
			0.1856	0.005	-0.9826
			-0.7535	0.5466	0.3653
			-0.1962	-0.1194	-0.9733
			0.4011	0.8783	-0.2602
			0.5482	0.736	-0.3972
		b:
			-266.9344
			-162.5116
			-98.6389
			-399.1839
			444.6568
			434.1961
	==================================================================================
	Q4:
		Shape: Ellipse
		q_c:	499.5	350.0	273.0
		ub :	504.649	355.1243	277.9701
		lb :	494.351	344.8757	268.0299
		P^-1:
			0.0902	0.0113	-0.0071
			0.0113	0.105	0.0038
			-0.0071	0.0038	0.1087
	==================================================================================
	Q5:
		Shape: Polyhedra
		q_c:	506.5	356.5	266.0
		ub :	510.8335	361.0347	270.212
		lb :	502.1665	351.9653	261.788
		A:
			-0.8871	-0.1484	0.437
			-0.9762	-0.1913	-0.1022
			0.7802	0.6054	-0.1575
			0.3019	-0.2493	0.9202
			-0.7962	-0.2332	-0.5582
			-0.088	0.6822	0.7259
			0.4741	0.4794	0.7385
			0.3618	0.6586	-0.6598
			-0.8027	0.58	0.1388
			-0.4741	-0.4794	-0.7385
			-0.3618	-0.6586	0.6598
			0.8027	-0.58	-0.1388
		b:
			-383.4731
			-587.1121
			571.7655
			311.5976
			-632.005
			394.5787
			610.4699
			245.0477
			-160.4152
			-604.4699
			-240.0477
			165.4152
	==================================================================================
	Q6:
		Shape: Hybrid
		q_c:	505.5	354.5	269.0
		ub :	508.6336	357.8734	273.2811
		lb :	502.3664	351.1266	264.7189
		P^-1:
			0.314	0.1367	-0.041
			0.1367	0.2811	-0.0418
			-0.041	-0.0418	0.0718
		A:
			-0.3282	0.8706	-0.3666
			0.005	-0.8908	-0.4543
			-0.9888	0.0009	-0.1491
			0.058	-0.894	0.4444
			0.0496	0.8198	-0.5704
			0.9076	0.3941	0.1449
		b:
			45.899
			-433.3612
			-538.1758
			-166.4139
			164.0607
			638.6405


===========================================================================================
===========================================================================================
S7:
	q_c:	138.5	371.5	113.5
	ub :	151.3784	385.8293	127.1303
	lb :	127.712	360.7065	107.4202

	==================================================================================
	Q1:
		Shape: Hybrid
		q_c:	138.5	365.5	115.0
		ub :	144.3822	370.2935	120.6126
		lb :	132.6178	360.7065	109.3874
		P^-1:
			0.4297	0.4169	0.2141
			0.4169	0.4786	0.2418
			0.2141	0.2418	0.1873
		A:
			-0.3871	-0.8826	-0.2668
			-0.6818	-0.729	-0.0608
			0.822	0.32	-0.471
			0.8884	0.4173	0.1915
			-0.5453	-0.7949	-0.2661
			-0.5485	-0.5803	-0.602
		b:
			-405.332
			-366.7562
			179.5374
			299.2188
			-395.7794
			-356.3244
	==================================================================================
	Q2:
		Shape: Hybrid
		q_c:	143.5	381.0	110.5
		ub :	148.4309	385.8293	113.3584
		lb :	138.5691	376.1707	107.6416
		P^-1:
			0.1003	-0.0502	0.0076
			-0.0502	0.1305	-0.0259
			0.0076	-0.0259	0.2417
		A:
			-0.0701	0.2606	0.9629
			0.127	-0.9409	-0.3139
			-0.3469	-0.2934	0.8908
			0.6655	-0.5041	-0.5505
			-0.134	-0.9854	-0.1047
			0.2431	-0.9681	0.0603
		b:
			196.8325
			-373.0205
			-61.6753
			-155.8623
			-403.9151
			-325.5657
	==================================================================================
	Q3:
		Shape: Polyhedra
		q_c:	142.0	375.5	111.5
		ub :	143.7716	379.4402	115.5798
		lb :	140.2284	371.5598	107.4202
		A:
			0.8885	-0.0156	-0.4586
			-0.9023	0.4243	0.076
			-0.635	-0.5708	0.5205
			0.7849	-0.1738	-0.5947
			-0.3876	-0.7021	0.5973
			0.0732	-0.4782	0.8752
			0.0865	0.6718	0.7357
			-0.2525	0.7291	-0.6361
			-0.9637	-0.1308	0.2327
			-0.0865	-0.6718	-0.7357
			0.2525	-0.7291	0.6361
			0.9637	0.1308	-0.2327
		b:
			70.5157
			41.2297
			-245.0167
			-18.1801
			-250.3721
			-69.4099
			350.0676
			168.9973
			-158.9978
			-343.0676
			-164.9973
			160.9978
	==================================================================================
	Q4:
		Shape: Polyhedra
		q_c:	131.5	366.0	122.5
		ub :	135.288	371.0653	127.1303
		lb :	127.712	360.9347	117.8697
		A:
			0.657	-0.691	-0.3014
			-0.0794	-0.1717	0.982
			-0.9143	0.3765	0.1492
			-0.6827	0.0173	0.7305
			0.0176	0.9871	0.1589
			-0.6075	0.0407	-0.7933
			0.1379	0.7012	0.6994
			0.1138	0.6903	-0.7145
			-0.9839	0.1782	0.0154
			-0.1379	-0.7012	-0.6994
			-0.1138	-0.6903	0.7145
			0.9839	-0.1782	-0.0154
		b:
			-200.0487
			50.0627
			38.9161
			9.1008
			386.6349
			-158.8546
			364.4782
			182.5867
			-59.2796
			-356.4782
			-177.5867
			65.2796
	==================================================================================
	Q5:
		Shape: Hybrid
		q_c:	141.0	369.0	122.5
		ub :	145.0173	373.0691	126.7314
		lb :	136.9827	364.9309	118.2686
		P^-1:
			0.1184	0.0098	0.0144
			0.0098	0.1577	-0.0034
			0.0144	-0.0034	0.155
		A:
			-0.1329	0.3707	-0.9192
			0.9293	0.2711	-0.2508
			0.2869	-0.3353	0.8974
			0.0681	0.8253	0.5605
			0.2372	-0.5504	-0.8005
			-0.7487	-0.6549	-0.1029
		b:
			6.7149
			201.9804
			27.9128
			384.1102
			-266.256
			-358.4335
	==================================================================================
	Q6:
		Shape: Polyhedra
		q_c:	145.5	375.0	113.0
		ub :	151.3784	380.5067	118.177
		lb :	139.6216	369.4933	107.823
		A:
			-0.6574	-0.6139	-0.437
			0.6892	0.4224	0.5887
			0.8801	-0.4573	0.1279
			-0.7941	-0.6071	-0.0299
			0.5555	-0.3068	0.7729
			-0.6932	-0.6086	-0.3861
			0.627	0.233	0.7434
			-0.6485	0.6848	0.3324
			-0.4316	-0.6905	0.5804
			-0.627	-0.233	-0.7434
			0.6485	-0.6848	-0.3324
			0.4316	0.6905	-0.5804
		b:
			-372.2991
			328.1696
			-24.8783
			-343.8168
			56.2013
			-369.8105
			265.5967
			204.4881
			-253.6483
			-259.5967
			-195.4881
			258.6483


===========================================================================================
===========================================================================================
S8:
	q_c:	91.5	355.5	122.5
	ub :	101.8973	370.4383	133.965
	lb :	82.6137	344.5507	114.0314

	==================================================================================
	Q1:
		Shape: Ellipse
		q_c:	89.0	365.5	123.0
		ub :	92.9579	370.4383	126.6966
		lb :	85.0421	360.5617	119.3034
		P^-1:
			0.2206	-0.0505	-0.027
			-0.0505	0.0669	0.0255
			-0.027	0.0255	0.172
	==================================================================================
	Q2:
		Shape: Polyhedra
		q_c:	96.0	354.0	119.5
		ub :	101.347	356.8371	124.9686
		lb :	90.653	351.1629	114.0314
		A:
			0.0632	0.7089	0.7024
			-0.4416	0.8949	-0.065
			0.9848	-0.1552	0.078
			-0.1206	-0.8865	-0.4467
			-0.4956	-0.7643	-0.4126
			0.6167	0.6632	0.4241
			0.8062	0.0959	0.5839
			-0.2314	0.9593	0.1619
			-0.5446	-0.2656	0.7955
			-0.8062	-0.0959	-0.5839
			0.2314	-0.9593	-0.1619
			0.5446	0.2656	-0.7955
		b:
			343.5397
			268.4137
			52.3305
			-376.725
			-364.677
			347.6973
			184.6155
			338.2253
			-47.24
			-177.6155
			-335.2253
			55.24
	==================================================================================
	Q3:
		Shape: Polyhedra
		q_c:	95.0	347.5	121.0
		ub :	99.0546	350.4493	124.2716
		lb :	90.9454	344.5507	117.7284
		A:
			-0.4891	0.8275	-0.2758
			0.5752	-0.5567	-0.5994
			0.6177	-0.592	-0.5177
			0.283	-0.4113	0.8665
			-0.062	-0.9925	-0.1057
			0.6972	-0.5885	-0.4093
			0.9377	0.2214	0.2676
			-0.152	-0.4313	0.8893
			0.3123	-0.8746	-0.3708
			-0.9377	-0.2214	-0.2676
			0.152	0.4313	-0.8893
			-0.3123	0.8746	0.3708
		b:
			209.6871
			-209.5613
			-207.8538
			-8.8975
			-361.7233
			-185.7902
			201.8963
			-54.7026
			-317.6331
			-194.8963
			58.7026
			320.6331
	==================================================================================
	Q4:
		Shape: Hybrid
		q_c:	95.5	363.5	127.5
		ub :	101.8973	370.1132	133.965
		lb :	89.1027	356.8868	121.035
		P^-1:
			0.0429	0.0055	0.0052
			0.0055	0.061	-0.0014
			0.0052	-0.0014	0.0611
		A:
			0.0086	0.9931	0.1166
			0.3349	-0.182	0.9245
			0.0362	0.7093	0.704
			-0.7841	-0.5803	0.2199
			-0.4524	-0.8451	0.2849
			0.6656	0.1207	0.7365
		b:
			378.7767
			85.7404
			353.1474
			-255.3716
			-311.9996
			203.53
	==================================================================================
	Q5:
		Shape: Ellipse
		q_c:	89.0	357.5	122.0
		ub :	93.0824	360.8795	126.4051
		lb :	84.9176	354.1205	117.5949
		P^-1:
			0.2953	0.147	0.0864
			0.147	0.2253	0.0585
			0.0864	0.0585	0.1166
	==================================================================================
	Q6:
		Shape: Hybrid
		q_c:	87.5	355.0	120.5
		ub :	92.3863	358.3209	125.0144
		lb :	82.6137	351.6791	115.9856
		P^-1:
			0.0699	-0.004	0.0216
			-0.004	0.3629	-0.1448
			0.0216	-0.1448	0.1853
		A:
			-0.4977	-0.8369	-0.2279
			-0.0702	-0.9714	0.2269
			0.0615	-0.9936	-0.0947
			0.2545	-0.939	0.2315
			-0.5076	0.4526	0.7331
			-0.153	0.8532	0.4986
		b:
			-366.1974
			-322.6995
			-357.3037
			-282.021
			207.5093
			351.7845


===========================================================================================
===========================================================================================
S9:
	q_c:	165.5	242.5	189.5
	ub :	177.4133	257.3776	209.3811
	lb :	151.4653	227.4591	177.5896

	==================================================================================
	Q1:
		Shape: Polyhedra
		q_c:	167.0	236.5	191.5
		ub :	175.2108	245.5409	200.9414
		lb :	158.7892	227.4591	182.0586
		A:
			-0.6698	0.6761	-0.3072
			-0.8756	0.3936	-0.2799
			-0.9337	0.34	-0.1127
			-0.1121	0.819	-0.5628
			-0.5052	-0.8584	-0.0896
			0.6376	-0.2889	0.7142
			0.6904	0.4722	0.548
			0.0148	-0.7666	0.6419
			0.7233	-0.4351	-0.5363
			-0.6904	-0.4722	-0.548
			-0.0148	0.7666	-0.6419
			-0.7233	0.4351	0.5363
		b:
			-5.344
			-101.1532
			-91.3469
			72.2084
			-299.1891
			180.2019
			337.4263
			-50.9007
			-78.8147
			-326.4263
			60.9007
			90.8147
	==================================================================================
	Q2:
		Shape: Hybrid
		q_c:	163.5	252.5	186.0
		ub :	168.5837	257.3776	190.0579
		lb :	158.4163	247.6224	181.9421
		P^-1:
			0.2305	-0.1999	-0.0104
			-0.1999	0.2576	-0.0118
			-0.0104	-0.0118	0.1075
		A:
			0.7358	-0.5834	0.3439
			0.3941	0.3979	0.8285
			0.4108	-0.4521	-0.7917
			0.6006	-0.7796	0.1777
			-0.9367	0.136	0.3225
			-0.4506	0.8726	-0.1884
		b:
			38.1999
			322.4413
			-192.3312
			-64.7404
			-56.5188
			112.8156
	==================================================================================
	Q3:
		Shape: Ellipse
		q_c:	170.0	240.0	188.0
		ub :	175.7198	247.1259	192.9138
		lb :	164.2802	232.8741	183.0862
		P^-1:
			0.0712	0.0195	0.0044
			0.0195	0.0454	-0.0082
			0.0044	-0.0082	0.0798
	==================================================================================
	Q4:
		Shape: Hybrid
		q_c:	168.0	248.5	189.5
		ub :	173.999	253.561	192.9929
		lb :	162.001	243.439	186.0071
		P^-1:
			0.0864	-0.0895	-0.0269
			-0.0895	0.2011	-0.0147
			-0.0269	-0.0147	0.2456
		A:
			0.3321	-0.9251	0.184
			0.2148	-0.9338	-0.2862
			-0.7837	0.6211	-0.0075
			0.1838	-0.983	-0.0049
			-0.3549	0.0303	0.9344
			-0.801	0.5724	-0.1752
		b:
			-138.132
			-248.6764
			23.0771
			-212.7708
			126.1465
			-23.4713
	==================================================================================
	Q5:
		Shape: Polyhedra
		q_c:	156.5	234.0	203.0
		ub :	161.5347	240.4302	209.3811
		lb :	151.4653	227.5698	196.6189
		A:
			0.9557	0.2684	-0.121
			0.9659	-0.2573	-0.0271
			0.7823	0.6229	-0.0104
			-0.0269	-0.6912	-0.7222
			-0.5522	-0.3748	0.7447
			-0.5409	0.5312	0.6522
			0.7178	0.4684	0.5151
			-0.1049	-0.6586	0.7451
			0.6883	-0.5889	-0.4236
			-0.7178	-0.4684	-0.5151
			0.1049	0.6586	-0.7451
			-0.6883	0.5889	0.4236
		b:
			191.1872
			88.8038
			269.5184
			-309.2836
			-18.6841
			175.5657
			329.5105
			-14.7835
			-112.5874
			-323.5105
			23.7835
			119.5874
	==================================================================================
	Q6:
		Shape: Ellipse
		q_c:	170.0	246.5	186.5
		ub :	177.4133	254.1939	195.4104
		lb :	162.5867	238.8061	177.5896
		P^-1:
			0.1173	-0.0941	-0.0512
			-0.0941	0.1245	0.0631
			-0.0512	0.0631	0.0616


===========================================================================================
===========================================================================================
S10:
	q_c:	453.5	131.5	353.5
	ub :	465.1575	140.1098	364.9482
	lb :	442.7683	119.3991	347.3349

	==================================================================================
	Q1:
		Shape: Ellipse
		q_c:	455.5	128.5	354.5
		ub :	460.3997	132.7258	359.7125
		lb :	450.6003	124.2742	349.2875
		P^-1:
			0.1401	-0.0499	0.0755
			-0.0499	0.1441	-0.0356
			0.0755	-0.0356	0.1394
	==================================================================================
	Q2:
		Shape: Ellipse
		q_c:	449.0	132.5	359.0
		ub :	455.2317	137.5164	364.9482
		lb :	442.7683	127.4836	353.0518
		P^-1:
			0.0733	0.0012	0.0094
			0.0012	0.0815	-0.0014
			0.0094	-0.0014	0.071
	==================================================================================
	Q3:
		Shape: Ellipse
		q_c:	461.0	124.0	355.5
		ub :	465.1575	128.6009	359.4358
		lb :	456.8425	119.3991	351.5642
		P^-1:
			0.1543	-0.0094	0.0125
			-0.0094	0.1444	0.0207
			0.0125	0.0207	0.1324
	==================================================================================
	Q4:
		Shape: Hybrid
		q_c:	458.0	134.5	350.0
		ub :	463.3276	140.1098	352.6651
		lb :	452.6724	128.8902	347.3349
		P^-1:
			0.1057	-0.0472	0.0676
			-0.0472	0.0906	-0.0787
			0.0676	-0.0787	0.4086
		A:
			0.3205	-0.016	0.9471
			-0.2876	0.2943	0.9114
			-0.31	-0.0643	0.9485
			-0.1483	-0.1284	0.9806
			0.3621	0.2713	0.8918
			-0.6999	0.3068	-0.6449
		b:
			477.1691
			228.4613
			182.7281
			259.1202
			516.2861
			-503.5933
	==================================================================================
	Q5:
		Shape: Polyhedra
		q_c:	454.5	133.5	354.0
		ub :	457.7679	138.0366	358.6343
		lb :	451.2321	128.9634	349.3657
		A:
			0.8253	-0.5591	0.0799
			-0.8316	0.0444	0.5535
			-0.6845	0.2173	0.6959
			-0.0246	-0.411	0.9113
			-0.2288	-0.9017	0.3668
			0.1331	0.9876	-0.0829
			0.0514	0.6758	0.7353
			-0.2275	0.7248	-0.6503
			-0.9724	-0.1339	0.191
			-0.0514	-0.6758	-0.7353
			0.2275	-0.7248	0.6503
			0.9724	0.1339	-0.191
		b:
			331.4988
			-173.5081
			-33.0564
			259.4967
			-91.5913
			165.9624
			376.8758
			-233.8571
			-389.7041
			-370.8758
			239.8571
			394.7041
	==================================================================================
	Q6:
		Shape: Polyhedra
		q_c:	448.0	126.0	357.0
		ub :	453.1491	131.2865	362.3885
		lb :	442.8509	120.7135	351.6115
		A:
			0.8123	0.5691	-0.1279
			0.8304	-0.5546	-0.0538
			0.0457	0.9081	-0.4163
			0.8914	-0.4166	-0.1783
			-0.7674	0.5188	0.3768
			0.9744	0.1013	0.2009
			0.2275	0.9312	0.2847
			0.6829	0.0559	-0.7284
			-0.6942	0.3601	-0.6232
			-0.2275	-0.9312	-0.2847
			-0.6829	-0.0559	0.7284
			0.6942	-0.3601	0.6232
		b:
			393.8689
			286.087
			-9.8802
			286.3995
			-140.3934
			524.1435
			325.3694
			56.4172
			-485.6307
			-316.3694
			-49.4172
			490.6307


===========================================================================================
===========================================================================================
S11:
	q_c:	366.5	435.5	155.0
	ub :	371.2695	441.5829	160.7963
	lb :	361.7909	429.3054	147.7209

	==================================================================================
	Q1:
		Shape: Polyhedra
		q_c:	366.5	433.5	156.0
		ub :	371.1625	437.6946	160.4463
		lb :	361.8375	429.3054	151.5537
		A:
			0.4728	0.8812	0.0041
			-0.287	-0.8753	0.3892
			-0.4088	-0.8938	0.1844
			0.5076	0.5201	0.6869
			-0.7309	0.6824	0.0122
			0.7768	0.6292	-0.0261
			0.7017	0.2661	0.661
			-0.3375	-0.6928	0.6372
			0.6275	-0.6702	-0.3963
			-0.7017	-0.2661	-0.661
			0.3375	0.6928	-0.6372
			-0.6275	0.6702	0.3963
		b:
			558.3573
			-421.7794
			-506.2512
			521.6611
			32.7998
			555.9314
			478.6245
			-322.6295
			-119.3828
			-472.6245
			326.6295
			125.3828
	==================================================================================
	Q2:
		Shape: Polyhedra
		q_c:	368.5	438.0	150.0
		ub :	371.2695	440.7957	152.2791
		lb :	365.7305	435.2043	147.7209
		A:
			-0.1975	0.4017	0.8942
			-0.2464	-0.5427	-0.803
			0.1109	0.3988	0.9103
			0.7082	0.1093	0.6975
			-0.8334	-0.0198	0.5523
			-0.2404	0.3898	0.889
			0.3304	0.9252	0.1866
			-0.1674	0.252	-0.9531
			-0.9289	0.2836	0.2381
			-0.3304	-0.9252	-0.1866
			0.1674	-0.252	0.9531
			0.9289	-0.2836	-0.2381
		b:
			239.031
			-447.1402
			353.782
			415.2145
			-230.9883
			217.2643
			556.9749
			-92.7724
			-180.3509
			-552.9749
			95.7724
			184.3509
	==================================================================================
	Q3:
		Shape: Polyhedra
		q_c:	367.0	439.5	157.5
		ub :	369.6846	441.5829	160.4317
		lb :	364.3154	437.4171	154.5683
		A:
			-0.2753	0.2975	0.9142
			-0.7554	-0.1909	0.6268
			-0.7174	-0.6877	0.1115
			0.0163	-0.7993	-0.6007
			-0.8642	-0.3636	0.3478
			-0.4563	0.7914	0.4068
			0.6717	0.133	0.7288
			-0.7151	0.3734	0.591
			-0.1935	-0.9181	0.3459
			-0.6717	-0.133	-0.7288
			0.7151	-0.3734	-0.591
			0.1935	0.9181	-0.3459
		b:
			175.2319
			-261.2467
			-546.2079
			-438.2324
			-420.7034
			245.583
			422.2407
			-4.2744
			-418.5541
			-417.2407
			6.2744
			421.5541
	==================================================================================
	Q4:
		Shape: Polyhedra
		q_c:	365.5	433.5	158.0
		ub :	368.3657	436.3427	160.4902
		lb :	362.6343	430.6573	155.5098
		A:
			0.0556	0.7668	0.6395
			0.9432	0.3085	-0.123
			-0.7137	-0.5229	0.466
			-0.0508	0.1884	0.9808
			-0.4058	-0.2569	0.8771
			-0.3691	-0.4516	-0.8123
			0.5792	0.7088	0.4026
			0.5669	-0.7052	0.4258
			0.5857	-0.0184	-0.8103
			-0.5792	-0.7088	-0.4026
			-0.5669	0.7052	-0.4258
			-0.5857	0.0184	0.8103
		b:
			454.979
			460.2871
			-412.819
			219.2833
			-119.7541
			-457.8355
			583.5826
			-28.226
			79.0959
			-581.5826
			34.226
			-77.0959
	==================================================================================
	Q5:
		Shape: Polyhedra
		q_c:	363.5	438.0	158.5
		ub :	365.2091	440.3431	160.7963
		lb :	361.7909	435.6569	156.2037
		A:
			-0.6202	0.5988	0.5067
			-0.4612	-0.8208	-0.337
			-0.8332	-0.2741	0.4803
			-0.9651	-0.2071	0.1604
			0.4784	0.7425	0.4689
			-0.6962	-0.7036	0.142
			0.8839	0.3962	0.2484
			0.0916	-0.6676	0.7389
			0.4585	-0.6304	-0.6264
			-0.8839	-0.3962	-0.2484
			-0.0916	0.6676	-0.7389
			-0.4585	0.6304	0.6264
		b:
			118.6752
			-579.388
			-345.5444
			-414.9687
			574.5924
			-537.6012
			535.2019
			-140.5081
			-207.2115
			-533.2019
			143.5081
			210.2115
	==================================================================================
	Q6:
		Shape: Polyhedra
		q_c:	367.0	435.0	153.0
		ub :	370.694	438.5635	156.2424
		lb :	363.306	431.4365	149.7576
		A:
			-0.0985	0.9826	-0.1572
			0.0149	-0.7604	0.6493
			-0.5076	-0.5035	0.6991
			0.358	0.463	-0.8109
			0.3916	0.8812	0.2649
			0.9753	-0.0605	0.2123
			0.4002	0.2319	0.8866
			-0.43	0.9018	-0.0418
			-0.8093	-0.3645	0.4606
			-0.4002	-0.2319	-0.8866
			0.43	-0.9018	0.0418
			0.8093	0.3645	-0.4606
		b:
			369.6936
			-223.6463
			-296.2937
			210.874
			569.945
			366.4184
			385.9003
			230.5851
			-383.1031
			-380.9003
			-225.5851
			387.1031


===========================================================================================
===========================================================================================
S12:
	q_c:	243.5	269.0	217.0
	ub :	265.8167	291.3611	246.6087
	lb :	217.7682	246.5777	206.9639

	==================================================================================
	Q1:
		Shape: Ellipse
		q_c:	253.5	272.0	224.5
		ub :	265.8167	282.4551	236.8938
		lb :	241.1833	261.5449	212.1062
		P^-1:
			0.021	-0.0073	0.0008
			-0.0073	0.0264	0.0062
			0.0008	0.0062	0.0184
	==================================================================================
	Q2:
		Shape: Hybrid
		q_c:	246.0	278.0	227.0
		ub :	252.2144	284.8437	232.6476
		lb :	239.7856	271.1563	221.3524
		P^-1:
			0.0402	-0.0045	-0.0221
			-0.0045	0.0309	0.015
			-0.0221	0.015	0.1009
		A:
			0.1906	-0.5782	-0.7933
			0.2941	-0.3337	-0.8956
			-0.8995	-0.1522	0.4096
			0.4506	-0.3498	-0.8213
			0.9229	-0.1387	-0.3593
			0.8096	-0.0634	-0.5836
		b:
			-291.7298
			-222.1476
			-167.3864
			-171.1006
			110.048
			51.636
	==================================================================================
	Q3:
		Shape: Polyhedra
		q_c:	231.5	279.0	221.0
		ub :	238.0458	282.8605	225.7445
		lb :	224.9542	275.1395	216.2555
		A:
			0.2255	-0.4166	0.8807
			-0.1754	-0.9835	-0.0446
			-0.3568	0.8512	-0.385
			0.5288	0.1045	0.8423
			-0.2418	0.9591	0.1471
			-0.271	0.8664	0.4193
			0.1529	0.6602	0.7354
			0.9182	0.1803	-0.3528
			-0.3655	0.7292	-0.5786
			-0.1529	-0.6602	-0.7354
			-0.9182	-0.1803	0.3528
			0.3655	-0.7292	0.5786
		b:
			132.8401
			-322.1496
			71.8224
			340.0368
			246.1847
			274.0839
			384.1033
			190.9042
			-7.0406
			-380.1033
			-178.9042
			11.0406
	==================================================================================
	Q4:
		Shape: Hybrid
		q_c:	243.0	282.5	239.0
		ub :	251.9803	291.3611	246.6087
		lb :	234.0197	273.6389	231.3913
		P^-1:
			0.0286	0.0088	-0.0004
			0.0088	0.0411	0.0054
			-0.0004	0.0054	0.0433
		A:
			0.2998	-0.1095	0.9477
			0.3518	-0.2119	-0.9118
			-0.9352	-0.3403	-0.0976
			0.6599	0.3278	0.6761
			-0.1311	0.5959	0.7923
			0.4818	-0.7528	-0.4485
		b:
			271.3564
			-189.606
			-343.4218
			417.4034
			328.3432
			-199.417
	==================================================================================
	Q5:
		Shape: Polyhedra
		q_c:	254.0	257.5	216.0
		ub :	265.2449	268.4223	225.0361
		lb :	242.7551	246.5777	206.9639
		A:
			0.0159	-0.3586	0.9333
			0.6913	0.3653	-0.6234
			-0.4871	-0.8302	-0.2711
			0.7132	0.7009	0.0102
			0.9017	0.3458	0.2596
			0.041	0.9956	-0.0837
			0.5517	0.4059	0.7286
			-0.7427	0.6366	0.2077
			-0.3796	-0.6557	0.6527
			-0.5517	-0.4059	-0.7286
			0.7427	-0.6366	-0.2077
			0.3796	0.6557	-0.6527
		b:
			118.4483
			140.7685
			-390.5126
			369.1079
			380.1469
			255.1991
			407.5267
			28.6555
			-119.284
			-396.5267
			-11.6555
			129.284
	==================================================================================
	Q6:
		Shape: Ellipse
		q_c:	228.5	275.0	224.0
		ub :	239.2318	286.9687	234.3417
		lb :	217.7682	263.0313	213.6583
		P^-1:
			0.0512	0.0195	0.0405
			0.0195	0.0318	0.0296
			0.0405	0.0296	0.0585


===========================================================================================
===========================================================================================
S13:
	q_c:	407.5	261.5	223.5
	ub :	421.6682	271.091	238.8204
	lb :	394.1461	248.9041	213.2133

	==================================================================================
	Q1:
		Shape: Hybrid
		q_c:	398.0	265.5	228.0
		ub :	401.8539	271.091	232.9629
		lb :	394.1461	259.909	223.0371
		P^-1:
			0.082	-0.0042	-0.004
			-0.0042	0.071	0.0524
			-0.004	0.0524	0.1286
		A:
			-0.6359	-0.0843	-0.7672
			-0.2052	-0.5637	0.8
			0.5466	-0.0033	-0.8374
			0.4552	0.062	0.8882
			0.5865	-0.7086	-0.3923
			0.04	-0.4554	-0.8894
		b:
