3D_45_14_6_e                l = 3

===========================================================================================
===========================================================================================
S1:
	q_c:	244.0	157.5	264.5
	ub :	264.2748	168.5556	278.2779
	lb :	223.2064	137.7651	250.5707

	==================================================================================
	Q1:
		Shape: Hybrid
		q_c:	251.0	154.5	259.0
		ub :	260.1182	162.6718	266.6022
		lb :	241.8818	146.3282	251.3978
		P^-1:
			0.0275	0.0062	-0.0032
			0.0062	0.0369	0.0016
			-0.0032	0.0016	0.0392
		A:
			0.9016	-0.4307	-0.0399
			-0.0902	-0.332	0.9389
			0.1864	-0.1656	-0.9684
			0.0786	-0.6963	-0.7134
			-0.1691	0.8486	0.5013
			0.1064	-0.4496	-0.8869
		b:
			153.3398
			171.8726
			-227.1265
			-270.0526
			221.2737
			-269.9452
	==================================================================================
	Q2:
		Shape: Hybrid
		q_c:	231.0	162.5	268.5
		ub :	238.7936	168.5556	273.427
		lb :	223.2064	156.4444	263.573
		P^-1:
			0.0298	0.027	0.0057
			0.027	0.0982	0.0114
			0.0057	0.0114	0.066
		A:
			-0.0826	-0.9961	0.0295
			-0.3353	-0.8939	0.2976
			0.0169	-0.8963	0.4432
			0.2762	0.3766	0.8842
			-0.1288	-0.9761	0.175
			-0.3024	0.618	-0.7257
		b:
			-171.0735
			-140.9724
			-20.3162
			364.5524
			-139.4475
			-161.0303
	==================================================================================
	Q3:
		Shape: Ellipse
		q_c:	247.5	162.0	271.5
		ub :	253.3116	167.8641	278.2779
		lb :	241.6884	156.1359	264.7221
		P^-1:
			0.2157	-0.1596	-0.0065
			-0.1596	0.2812	0.1236
			-0.0065	0.1236	0.128
	==================================================================================
	Q4:
		Shape: Polyhedra
		q_c:	255.5	145.5	264.0
		ub :	264.2748	153.2349	273.0455
		lb :	246.7252	137.7651	254.9545
		A:
			-0.7594	-0.3692	0.5357
			0.695	-0.6481	0.3114
			-0.0837	-0.2004	-0.9761
			0.6213	0.6495	0.4384
			0.8299	-0.0241	0.5573
			0.4376	-0.1532	0.886
			0.7408	0.0029	0.6717
			-0.6597	0.1918	0.7267
			-0.1267	-0.9814	0.144
			-0.7408	-0.0029	-0.6717
			0.6597	-0.1918	-0.7267
			0.1267	0.9814	-0.144
		b:
			-99.5516
			171.118
			-302.3921
			374.4117
			360.2477
			328.3509
			371.5326
			58.2098
			-130.6537
			-362.5326
			-44.2098
			143.6537
	==================================================================================
	Q5:
		Shape: Ellipse
		q_c:	245.5	155.5	259.0
		ub :	253.0248	164.3754	267.4293
		lb :	237.9752	146.6246	250.5707
		P^-1:
			0.0337	0.008	0.0054
			0.008	0.0401	0.0048
			0.0054	0.0048	0.0364
	==================================================================================
	Q6:
		Shape: Polyhedra
		q_c:	239.0	160.0	264.0
		ub :	249.4149	168.5017	274.6101
		lb :	228.5851	151.4983	253.3899
		A:
			0.1915	0.9479	-0.2547
			0.5071	-0.766	0.3951
			0.1755	0.5464	-0.819
			-0.4688	-0.4457	-0.7626
			0.0035	-0.58	-0.8146
			0.2255	0.8157	0.5328
			0.3271	0.8409	0.4311
			0.8862	-0.1146	-0.449
			-0.3282	0.5289	-0.7827
			-0.3271	-0.8409	-0.4311
			-0.8862	0.1146	0.449
			0.3282	-0.5289	0.7827
		b:
			135.9119
			109.4497
			-80.1522
			-379.2483
			-301.2876
			330.104
			331.5326
			82.4359
			-193.9447
			-321.5326
			-67.4359
			206.9447


===========================================================================================
===========================================================================================
S2:
	q_c:	20.5	164.5	183.0
	ub :	26.0582	169.7856	189.0737
	lb :	14.6563	159.8726	181.7532

	==================================================================================
	Q1:
		Shape: Hybrid
		q_c:	21.0	162.5	187.0
		ub :	22.7854	164.895	188.5915
		lb :	19.2146	160.105	185.4085
		P^-1:
			0.4427	0.0146	-0.033
			0.0146	0.3273	0.2233
			-0.033	0.2233	0.9245
		A:
			-0.9561	0.2586	-0.138
			-0.0577	0.648	0.7595
			-0.2247	-0.6218	-0.7503
			0.6027	-0.0698	0.7949
			-0.0004	-0.119	-0.9929
			-0.1224	0.8508	0.511
		b:
			-2.7642
			246.7997
			-245.3656
			150.8422
			-204.4619
			232.2546
	==================================================================================
	Q2:
		Shape: Hybrid
		q_c:	19.5	162.5	185.5
		ub :	22.0896	165.1274	187.7713
		lb :	16.9104	159.8726	183.2287
		P^-1:
			0.6055	0.3528	-0.2265
			0.3528	0.6845	0.2025
			-0.2265	0.2025	0.87
		A:
			-0.7487	-0.2699	-0.6055
			0.3547	-0.3871	-0.8511
			0.889	0.4577	-0.0115
			0.5076	-0.5675	-0.6483
			-0.5004	0.0321	0.8652
			-0.2747	-0.4618	0.8434
		b:
			-169.6109
			-213.3157
			90.3363
			-201.6535
			156.4591
			76.9402
	==================================================================================
	Q3:
		Shape: Ellipse
		q_c:	18.0	164.0	186.0
		ub :	21.3437	167.1919	189.0737
		lb :	14.6563	160.8081	182.9263
		P^-1:
			0.2492	0.0562	0.1139
			0.0562	0.2422	0.0198
			0.1139	0.0198	0.3631
	==================================================================================
	Q4:
		Shape: Hybrid
		q_c:	19.0	164.5	182.5
		ub :	20.2082	165.7001	183.2468
		lb :	17.7918	163.2999	181.7532
		P^-1:
			2.4741	1.4969	0.093
			1.4969	2.5316	-0.0913
			0.093	-0.0913	3.9943
		A:
			-0.8	-0.4213	-0.4271
			0.6998	0.714	0.0209
			0.1249	0.3516	-0.9278
			0.1862	-0.3303	0.9253
			-0.8764	-0.4796	0.0428
			0.6486	0.6873	0.3271
		b:
			-162.1587
			134.8236
			-108.8527
			118.3917
			-87.4206
			185.3245
	==================================================================================
	Q5:
		Shape: Ellipse
		q_c:	21.0	168.0	185.5
		ub :	23.8574	169.7856	188.0465
		lb :	18.1426	166.2144	182.9535
		P^-1:
			0.8545	1.3187	-0.3628
			1.3187	2.9919	-1.0549
			-0.3628	-1.0549	0.7581
	==================================================================================
	Q6:
		Shape: Hybrid
		q_c:	23.5	163.5	186.5
		ub :	26.0582	166.0817	188.3518
		lb :	20.9418	160.9183	184.6482
		P^-1:
			0.5126	0.1111	0.2387
			0.1111	0.3095	0.0298
			0.2387	0.0298	0.8724
		A:
			-0.9917	-0.0465	-0.12
			0.1521	-0.3173	0.9361
			0.9862	0.1145	0.1199
			-0.0915	-0.8286	0.5523
			-0.9063	0.0969	0.4114
			0.9478	0.3162	0.0415
		b:
			-52.3
			126.9577
			65.2024
			-33.4859
			72.4692
			82.627


===========================================================================================
===========================================================================================
S3:
	q_c:	73.0	426.0	89.5
	ub :	92.9549	446.5448	111.2357
	lb :	57.2465	403.5034	68.6078

	==================================================================================
	Q1:
		Shape: Hybrid
		q_c:	80.5	438.0	81.0
		ub :	92.9549	446.5448	93.3922
		lb :	68.0451	429.4552	68.6078
		P^-1:
			0.0206	-0.0122	0.0043
			-0.0122	0.039	-0.0106
			0.0043	-0.0106	0.0193
		A:
			0.092	-0.0398	-0.995
			0.6532	-0.5423	0.5284
			-0.4876	0.815	0.3131
			-0.0995	0.8184	-0.566
			0.6861	0.3344	0.6461
			0.3394	-0.7053	0.6223
		b:
			-84.9447
			-138.9927
			347.0361
			307.4837
			260.135
			-228.4978
	==================================================================================
	Q2:
		Shape: Ellipse
		q_c:	65.5	436.0	82.0
		ub :	72.2013	444.7295	90.7357
		lb :	58.7987	427.2705	73.2643
		P^-1:
			0.068	-0.0197	0.0047
			-0.0197	0.0458	-0.012
			0.0047	-0.012	0.0314
	==================================================================================
	Q3:
		Shape: Polyhedra
		q_c:	66.0	427.5	88.0
		ub :	74.7535	434.7519	96.8508
		lb :	57.2465	420.2481	79.1492
		A:
			-0.3727	-0.9192	0.1271
			0.063	-0.0043	0.998
			-0.7569	0.4706	-0.4535
			-0.5968	-0.8001	-0.0604
			0.4593	-0.2865	0.8408
			0.5082	-0.1855	0.841
			0.7135	0.4773	0.5129
			-0.4809	-0.1988	0.854
			0.5095	-0.856	0.0877
			-0.7135	-0.4773	-0.5129
			0.4809	0.1988	-0.854
			-0.5095	0.856	-0.0877
		b:
			-401.2276
			96.7221
			115.7394
			-381.9593
			-12.7134
			33.4801
			300.2705
			-34.0644
			-320.0804
			-292.2705
			49.0644
			329.0804
	==================================================================================
	Q4:
		Shape: Polyhedra
		q_c:	81.0	414.5	100.5
		ub :	87.9015	425.4966	111.2357
		lb :	74.0985	403.5034	89.7643
		A:
			0.8618	0.4061	-0.3041
			-0.8601	0.4399	0.2582
			0.6645	-0.5532	-0.5023
			-0.6753	0.6597	-0.3299
			-0.6566	0.4926	0.5711
			-0.1389	0.9178	0.3721
			0.0717	0.6503	0.7562
			0.3565	0.6914	-0.6284
			-0.9316	0.3146	-0.1823
			-0.0717	-0.6503	-0.7562
			-0.3565	-0.6914	0.6284
			0.9316	-0.3146	0.1823
		b:
			213.9475
			143.3978
			-220.227
			190.4686
			214.2931
			413.3211
			358.3779
			259.8149
			40.6367
			-344.3779
			-244.8149
			-32.6367
	==================================================================================
	Q5:
		Shape: Hybrid
		q_c:	80.5	425.5	97.5
		ub :	91.2115	434.2359	108.1984
		lb :	69.7885	416.7641	86.8016
		P^-1:
			0.0251	-0.0043	-0.0034
			-0.0043	0.03	-0.0043
			-0.0034	-0.0043	0.0235
		A:
			-0.9937	0.0816	0.0769
			-0.1363	-0.2964	0.9453
			-0.7085	-0.697	0.1109
			0.9336	-0.2178	0.2846
			0.3569	-0.0804	-0.9307
			-0.8303	-0.2533	0.4964
		b:
			-34.2256
			-41.4909
			-338.9306
			13.976
			-92.6135
			-122.8761
	==================================================================================
	Q6:
		Shape: Ellipse
		q_c:	81.0	430.0	85.5
		ub :	89.6995	439.3786	95.932
		lb :	72.3005	420.6214	75.068
		P^-1:
			0.0321	-0.0049	-0.0082
			-0.0049	0.0285	0.0006
			-0.0082	0.0006	0.0276


===========================================================================================
===========================================================================================
S4:
	q_c:	244.5	38.0	142.0
	ub :	253.4138	46.1795	152.1977
	lb :	241.034	30.0117	139.6678

	==================================================================================
	Q1:
		Shape: Ellipse
		q_c:	244.5	41.5	148.0
		ub :	247.3429	45.0522	151.1756
		lb :	241.6571	37.9478	144.8244
		P^-1:
			0.247	0.0143	-0.0078
			0.0143	0.1829	0.0365
			-0.0078	0.0365	0.2302
	==================================================================================
	Q2:
		Shape: Polyhedra
		q_c:	244.5	33.0	145.0
		ub :	247.4047	35.9883	147.1377
		lb :	241.5953	30.0117	142.8623
		A:
			0.0894	-0.2602	0.9614
			0.7804	0.6133	-0.122
			-0.8198	-0.5722	0.0213
			0.5732	0.054	-0.8176
			0.4134	-0.0062	0.9105
			0.1171	0.4467	-0.887
			0.4592	0.6997	0.5474
			-0.4042	-0.3842	0.8301
			0.7911	-0.6024	0.1064
			-0.4592	-0.6997	-0.5474
			0.4042	0.3842	-0.8301
			-0.7911	0.6024	-0.1064
		b:
			154.0011
			195.0026
			-214.5061
			24.5516
			234.6205
			-84.116
			216.7247
			9.8538
			190.9686
			-212.7247
			-7.8538
			-186.9686
	==================================================================================
	Q3:
		Shape: Hybrid
		q_c:	244.5	40.0	148.0
		ub :	247.966	42.793	150.2356
		lb :	241.034	37.207	145.7644
		P^-1:
			0.1861	0.2131	-0.1109
			0.2131	0.717	-0.3169
			-0.1109	-0.3169	0.4581
		A:
			0.6378	-0.4073	0.6537
			0.1895	0.974	-0.1239
			-0.2538	-0.9597	0.1207
			0.0389	-0.7814	0.6228
			-0.4137	-0.6679	-0.6187
			0.4304	0.435	-0.7909
		b:
			238.3424
			67.7613
			-81.8126
			71.2467
			-217.9848
			6.5067
	==================================================================================
	Q4:
		Shape: Hybrid
		q_c:	244.5	43.0	142.5
		ub :	247.6193	46.1795	145.3322
		lb :	241.3807	39.8205	139.6678
		P^-1:
			0.3266	-0.0834	-0.1562
			-0.0834	0.5281	-0.3677
			-0.1562	-0.3677	0.7009
		A:
			0.7225	-0.227	0.653
			0.2415	-0.8479	0.472
			0.313	0.23	-0.9215
			0.4778	0.3644	-0.7993
			-0.5837	0.8071	-0.0884
			0.1289	-0.38	0.916
		b:
			261.6226
			90.5372
			-44.1918
			19.213
			-119.688
			146.5877
	==================================================================================
	Q5:
		Shape: Polyhedra
		q_c:	246.0	38.0	149.5
		ub :	248.6898	40.2289	152.1977
		lb :	243.3102	35.7711	146.8023
		A:
			-0.625	-0.2874	-0.7258
			0.6478	-0.7371	-0.1923
			0.3415	-0.8337	0.4341
			-0.3849	0.7846	0.4862
			0.7689	-0.5849	0.2583
			-0.2544	-0.5206	0.815
			0.001	0.1065	0.9943
			-0.4281	0.8986	-0.0958
			-0.9037	-0.4256	0.0464
			-0.001	-0.1065	-0.9943
			0.4281	-0.8986	0.0958
			0.9037	0.4256	-0.0464
		b:
			-270.6893
			103.9522
			118.4913
			9.4624
			207.0019
			41.7749
			155.4308
			-84.5009
			-229.0427
			-150.4308
			86.5009
			234.0427
	==================================================================================
	Q6:
		Shape: Hybrid
		q_c:	249.0	38.5	147.0
		ub :	253.4138	42.0407	151.1901
		lb :	244.5862	34.9593	142.8099
		P^-1:
			0.2154	0.08	-0.1526
			0.08	0.1659	-0.0943
			-0.1526	-0.0943	0.2559
		A:
			-0.8893	0.3669	-0.273
			-0.0176	0.58	-0.8144
			0.0122	-0.4579	0.8889
			0.3879	-0.6552	-0.6483
			-0.6539	-0.3107	0.6898
			-0.2003	-0.6612	0.7229
		b:
			-244.8856
			-100.1324
			117.7443
			-21.8825
			-72.6057
			32.1836


===========================================================================================
===========================================================================================
S5:
	q_c:	436.5	441.5	386.0
	ub :	439.9762	443.849	388.9837
	lb :	434.3591	439.1222	384.812

	==================================================================================
	Q1:
		Shape: Polyhedra
		q_c:	435.5	441.0	387.5
		ub :	436.6409	442.0702	388.5921
		lb :	434.3591	439.9298	386.4079
		A:
			-0.0124	0.361	-0.9325
			0.7204	-0.6743	-0.162
			-0.3607	0.5477	0.7549
			0.6678	-0.7295	0.1479
			-0.5232	-0.7674	0.3705
			0.1301	-0.1311	0.9828
			0.5773	0.6582	0.4833
			-0.4383	0.7491	-0.4967
			-0.689	0.075	0.7209
			-0.5773	-0.6582	-0.4833
			0.4383	-0.7491	0.4967
			0.689	-0.075	-0.7209
		b:
			-207.0395
			-45.9283
			377.682
			26.9355
			-421.9782
			380.3226
			729.9289
			-52.4835
			12.8647
			-727.9289
			53.4835
			-11.8647
	==================================================================================
	Q2:
		Shape: Ellipse
		q_c:	436.0	443.0	386.5
		ub :	436.7328	443.849	387.3328
		lb :	435.2672	442.151	385.6672
		P^-1:
			4.0	0.0	0.0
			0.0	4.0	0.0
			0.0	0.0	4.0
	==================================================================================
	Q3:
		Shape: Polyhedra
		q_c:	437.5	442.5	387.5
		ub :	438.8184	443.7307	388.414
		lb :	436.1816	441.2693	386.586
		A:
			0.9132	0.3533	0.2033
			0.5106	0.6393	-0.575
			-0.2738	-0.4973	0.8232
			-0.9984	0.0566	-0.0061
			-0.9071	-0.3503	-0.2334
			0.4728	-0.0502	0.8797
			0.2306	0.973	0.0077
			0.8632	-0.2009	-0.4632
			-0.4492	0.1135	-0.8862
			-0.2306	-0.973	-0.0077
			-0.8632	0.2009	0.4632
			0.4492	-0.1135	0.8862
		b:
			635.4848
			284.4098
			-20.0436
			-413.1819
			-641.4393
			526.0465
			535.4271
			110.2331
			-489.2189
			-533.4271
			-108.2331
			490.2189
	==================================================================================
	Q4:
		Shape: Hybrid
		q_c:	438.5	442.5	387.5
		ub :	439.9762	443.5771	388.9837
		lb :	437.0238	441.4229	386.0163
		P^-1:
			1.0781	0.4271	-0.2136
			0.4271	3.3375	-1.1688
			-0.2136	-1.1688	1.5845
		A:
			-0.3676	0.9012	0.2298
			0.3697	0.1457	-0.9177
			-0.2591	-0.8829	0.3916
			0.4265	0.8693	-0.2498
			0.3213	0.8408	-0.4357
			-0.5324	0.7471	-0.398
		b:
			327.2161
			-128.4285
			-352.3342
			475.1811
			344.3582
			-56.5563
	==================================================================================
	Q5:
		Shape: Hybrid
		q_c:	437.5	441.0	387.5
		ub :	439.3403	442.6941	388.1668
		lb :	435.6597	439.3059	386.8332
		P^-1:
			0.6649	0.2595	-0.3156
			0.2595	0.8098	0.0572
			-0.3156	0.0572	3.9698
		A:
			0.0901	0.1878	0.9781
			-0.6209	-0.3193	-0.7159
			-0.3665	-0.1326	-0.9209
			0.984	0.178	-0.0051
			-0.3401	-0.3041	0.8899
			-0.0596	-0.0056	-0.9982
		b:
			501.5522
			-689.1878
			-575.1937
			508.0649
			62.3031
			-415.0484
	==================================================================================
	Q6:
		Shape: Hybrid
		q_c:	437.0	441.0	386.5
		ub :	439.0295	442.8778	388.188
		lb :	434.9705	439.1222	384.812
		P^-1:
			1.527	1.1711	1.1427
			1.1711	1.7113	1.2361
			1.1427	1.2361	1.6506
		A:
			0.5599	-0.361	-0.7458
			0.4728	0.8603	0.1907
			-0.5717	-0.636	-0.5182
			0.2957	0.4164	0.8597
			0.3474	0.6393	0.686
			-0.7507	-0.5846	-0.3077
		b:
			-201.6093
			660.2726
			-730.3792
			645.6709
			699.2344
			-704.3665


===========================================================================================
===========================================================================================
S6:
	q_c:	215.5	73.0	23.5
	ub :	218.7635	77.8263	27.7701
	lb :	212.0183	69.1794	19.6611

	==================================================================================
	Q1:
		Shape: Hybrid
		q_c:	216.0	71.5	21.5
		ub :	218.2442	73.8206	23.3389
		lb :	213.7558	69.1794	19.6611
		P^-1:
			0.4807	0.0764	-0.1139
			0.0764	0.6056	-0.2402
			-0.1139	-0.2402	0.8026
		A:
			-0.7894	0.0851	0.6079
			0.0106	-0.5738	0.8189
			0.6058	0.7721	-0.1919
			-0.4571	-0.8887	-0.0348
			-0.9354	0.1989	0.2925
			-0.8881	0.3008	0.3475
		b:
			-150.5399
			-20.5991
			182.7025
			-162.1647
			-180.5836
			-161.8971
	==================================================================================
	Q2:
		Shape: Hybrid
		q_c:	217.0	73.0	25.5
		ub :	218.7635	74.6917	27.3476
		lb :	215.2365	71.3083	23.6524
		P^-1:
			0.954	-0.034	-0.1492
			-0.034	0.9748	-0.1104
			-0.1492	-0.1104	0.5156
		A:
			0.2475	0.3512	-0.903
			-0.8943	-0.1895	-0.4053
			0.8402	-0.3877	-0.3792
			-0.3575	-0.7967	0.4873
			-0.2361	0.8134	0.5316
			-0.7184	0.0997	0.6885
		b:
			57.0812
			-217.4817
			144.866
			-122.7875
			22.4128
			-130.4326
	==================================================================================
	Q3:
		Shape: Hybrid
		q_c:	216.0	75.5	25.5
		ub :	217.7126	77.8263	27.7701
		lb :	214.2874	73.1737	23.2299
		P^-1:
			0.8644	0.1746	-0.1627
			0.1746	0.517	-0.0676
			-0.1627	-0.0676	0.5075
		A:
			0.3002	0.3759	-0.8767
			-0.8082	-0.3473	-0.4756
			-0.5317	0.8219	0.2043
			0.6268	-0.6486	-0.4318
			0.3586	0.4763	-0.8028
			0.744	0.3135	0.59
		b:
			71.6595
			-212.1221
			-46.6149
			76.3079
			93.6905
			200.2909
	==================================================================================
	Q4:
		Shape: Polyhedra
		q_c:	214.0	74.0	25.5
		ub :	215.9817	75.8999	27.0501
		lb :	212.0183	72.1001	23.9499
		A:
			-0.2099	0.5366	-0.8173
			-0.5335	0.1129	0.8382
			0.4034	0.6332	-0.6605
			0.3737	0.3606	-0.8546
			0.4497	-0.5992	-0.6624
			0.6214	0.7639	-0.1741
			0.6504	0.6794	0.3398
			0.3148	0.1661	-0.9345
			-0.6913	0.7148	-0.1058
			-0.6504	-0.6794	-0.3398
			-0.3148	-0.1661	0.9345
			0.6913	-0.7148	0.1058
		b:
			-25.0516
			-83.4297
			117.4739
			85.8857
			36.0754
			186.4526
			199.6203
			56.8198
			-96.7484
			-196.6203
			-54.8198
			98.7484
	==================================================================================
	Q5:
		Shape: Hybrid
		q_c:	216.0	74.0	24.5
		ub :	217.4249	75.9178	26.5026
		lb :	214.5751	72.0822	22.4974
		P^-1:
			0.9982	-0.0168	-0.0269
			-0.0168	0.8443	-0.2489
			-0.0269	-0.2489	0.6019
		A:
			-0.7445	-0.5929	-0.307
			-0.3186	0.9477	0.0199
			-0.6204	-0.7814	0.068
			0.4599	-0.3932	0.7962
			-0.4774	0.8162	-0.3256
			0.3926	0.8789	-0.271
		b:
			-211.4859
			2.4347
			-189.565
			90.3902
			-50.1792
			143.7469
	==================================================================================
	Q6:
		Shape: Ellipse
		q_c:	215.0	73.5	24.5
		ub :	216.6396	74.616	25.6157
		lb :	213.3604	72.384	23.3843
		P^-1:
			1.1278	0.0207	1.3973
			0.0207	1.0026	0.1258
			1.3973	0.1258	3.314


===========================================================================================
===========================================================================================
S7:
	q_c:	336.0	494.0	140.0
	ub :	346.0791	499.8302	149.1421
	lb :	329.88	485.1246	131.3404

	==================================================================================
	Q1:
		Shape: Polyhedra
		q_c:	335.5	492.5	144.5
		ub :	339.524	497.3951	149.1421
		lb :	331.476	487.6049	139.8579
		A:
			0.8539	-0.4135	-0.316
			-0.6371	-0.5751	-0.5132
			-0.807	-0.565	-0.1717
			-0.5035	-0.091	-0.8592
			0.7828	0.3066	0.5415
			-0.051	-0.7363	-0.6747
			0.5812	0.5421	0.6069
			0.8085	-0.4691	-0.3553
			0.0921	0.6972	-0.7109
			-0.5812	-0.5421	-0.6069
			-0.8085	0.4691	0.3553
			-0.0921	-0.6972	0.7109
		b:
			40.6516
			-569.6015
			-571.7172
			-335.7067
			493.6878
			-474.9488
			551.1621
			-7.5814
			275.0612
			-548.1621
			14.5814
			-268.0612
	==================================================================================
	Q2:
		Shape: Hybrid
		q_c:	337.5	489.5	136.5
		ub :	341.761	493.8754	140.1778
		lb :	333.239	485.1246	132.8222
		P^-1:
			0.222	-0.0375	-0.14
			-0.0375	0.1788	0.1121
			-0.14	0.1121	0.2852
		A:
			-0.1488	-0.7498	-0.6447
			-0.6737	0.6041	0.4257
			-0.7049	-0.4007	0.5853
			0.7294	0.4229	0.5377
			0.043	-0.6731	-0.7383
			-0.9695	-0.2411	0.045
		b:
			-503.9155
			127.6715
			-352.6649
			528.5829
			-414.6232
			-437.3659
	==================================================================================
	Q3:
		Shape: Polyhedra
		q_c:	333.5	494.0	135.0
		ub :	337.12	497.3316	138.6596
		lb :	329.88	490.6684	131.3404
		A:
			-0.6273	-0.7274	-0.278
			-0.0314	0.7819	0.6226
			-0.9073	-0.3742	-0.1916
			-0.4913	0.8707	-0.021
			-0.7494	-0.5287	-0.3986
			0.907	0.3709	0.1994
			0.4069	0.7183	0.5644
			-0.7718	0.6008	-0.2083
			-0.4887	-0.3508	0.7988
			-0.4069	-0.7183	-0.5644
			0.7718	-0.6008	0.2083
			0.4887	0.3508	-0.7988
		b:
			-604.3535
			461.5354
			-511.3321
			265.3906
			-563.233
			514.6194
			568.2062
			13.31
			-225.472
			-565.2062
			-9.31
			231.472
	==================================================================================
	Q4:
		Shape: Ellipse
		q_c:	342.0	490.5	140.0
		ub :	346.0791	494.1239	143.9484
		lb :	337.9209	486.8761	136.0516
		P^-1:
			0.4886	0.3367	-0.2931
			0.3367	0.3656	-0.2583
			-0.2931	-0.2583	0.3385
	==================================================================================
	Q5:
		Shape: Hybrid
		q_c:	337.0	496.0	140.0
		ub :	340.7677	499.6896	144.01
		lb :	333.2323	492.3104	135.99
		P^-1:
			0.2259	-0.0296	0.0435
			-0.0296	0.2137	0.0534
			0.0435	0.0534	0.1715
		A:
			0.8559	-0.1986	0.4775
			0.9685	0.2433	-0.0536
			-0.728	0.1709	-0.6639
			-0.8714	0.4699	0.1411
			-0.9436	0.331	-0.0082
			-0.9463	-0.0989	0.3079
		b:
			257.8131
			440.9038
			-252.4285
			-39.7529
			-153.9125
			-323.3258
	==================================================================================
	Q6:
		Shape: Ellipse
		q_c:	336.5	496.5	137.5
		ub :	339.7717	499.8302	140.7106
		lb :	333.2283	493.1698	134.2894
		P^-1:
			0.1632	0.0222	-0.0199
			0.0222	0.3158	-0.1398
			-0.0199	-0.1398	0.2855


===========================================================================================
===========================================================================================
S8:
	q_c:	131.0	298.0	91.0
	ub :	140.0382	309.5029	100.7914
	lb :	122.5218	290.6557	83.0794

	==================================================================================
	Q1:
		Shape: Ellipse
		q_c:	132.0	304.5	95.5
		ub :	136.3974	309.5029	99.2254
		lb :	127.6026	299.4971	91.7746
		P^-1:
			0.109	0.0059	-0.0115
			0.0059	0.095	0.0249
			-0.0115	0.0249	0.1487
	==================================================================================
	Q2:
		Shape: Hybrid
		q_c:	135.5	298.0	88.0
		ub :	138.3925	301.0528	90.9134
		lb :	132.6075	294.9472	85.0866
		P^-1:
			0.3448	0.0951	0.0202
			0.0951	0.3453	0.0203
			0.0202	0.0203	0.2543
		A:
			-0.903	-0.2683	-0.3357
			-0.2667	0.8739	-0.4065
			0.7788	0.5061	-0.3705
			0.0237	0.9924	-0.1208
			-0.561	-0.4766	0.6769
			0.981	-0.0349	-0.1906
		b:
			-230.9485
			189.6912
			224.6553
			289.3398
			-157.4086
			106.8148
	==================================================================================
	Q3:
		Shape: Ellipse
		q_c:	131.5	304.0	95.0
		ub :	135.8657	308.0239	98.2177
		lb :	127.1343	299.9761	91.7823
		P^-1:
			0.1458	0.0133	-0.0455
			0.0133	0.1489	0.0252
			-0.0455	0.0252	0.2264
	==================================================================================
	Q4:
		Shape: Hybrid
		q_c:	127.5	298.0	86.5
		ub :	131.3567	302.007	89.9206
		lb :	123.6433	293.993	83.0794
		P^-1:
			0.0879	-0.0079	0.0309
			-0.0079	0.0915	-0.0387
			0.0309	-0.0387	0.2339
		A:
			-0.5555	0.5273	0.643
			-0.1506	0.3949	-0.9063
			0.3652	0.3821	0.8489
			-0.5924	0.6677	-0.4509
			-0.9421	-0.3177	-0.1075
			-0.6164	0.4816	-0.623
		b:
			144.2457
			21.1322
			235.5374
			86.2992
			-221.6437
			12.6085
	==================================================================================
	Q5:
		Shape: Hybrid
		q_c:	137.0	294.0	95.5
		ub :	140.0382	297.3443	98.8127
		lb :	133.9618	290.6557	92.1873
		P^-1:
			0.7189	0.1653	0.3725
			0.1653	0.2082	0.1168
			0.3725	0.1168	0.344
		A:
			0.5526	0.7582	-0.346
			0.1594	-0.9472	-0.2782
			0.8029	0.0767	0.5912
			0.4038	0.2943	0.8662
			0.6933	0.2861	0.6615
			-0.365	-0.4899	-0.7917
		b:
			267.6607
			-281.2666
			189.6139
			225.8286
			242.8908
			-268.3882
	==================================================================================
	Q6:
		Shape: Polyhedra
		q_c:	127.5	301.5	96.0
		ub :	132.4782	306.1202	100.7914
		lb :	122.5218	296.8798	91.2086
		A:
			-0.4272	-0.686	0.5891
			0.8007	-0.5134	-0.3087
			0.1127	-0.5817	0.8056
			0.1779	0.9482	-0.2633
			-0.3326	0.8447	0.4194
			0.315	0.0061	0.9491
			0.7257	0.65	0.2255
			0.659	-0.7509	0.0436
			0.1977	0.117	-0.9733
			-0.7257	-0.65	-0.2255
			-0.659	0.7509	-0.0436
			-0.1977	-0.117	0.9733
		b:
			-201.0055
			-79.5044
			-80.0751
			286.5388
			255.4548
			136.9308
			313.6572
			-135.6704
			-28.954
			-306.6572
			140.6704
			36.954


===========================================================================================
===========================================================================================
S9:
	q_c:	486.5	294.5	54.0
	ub :	492.3228	301.3446	60.9191
	lb :	479.974	290.9713	52.9589

	==================================================================================
	Q1:
		Shape: Polyhedra
		q_c:	489.5	294.0	56.0
		ub :	491.4308	297.0287	59.0411
		lb :	487.5692	290.9713	52.9589
		A:
			-0.8338	-0.461	-0.3036
			-0.8474	-0.1961	-0.4933
			-0.7315	-0.6808	-0.0364
			0.0573	0.138	-0.9888
			0.4549	-0.8825	-0.1195
			-0.9888	0.031	0.1459
			0.2311	0.6788	0.697
			0.9729	-0.1579	-0.1689
			-0.0046	0.7171	-0.6969
			-0.2311	-0.6788	-0.697
			-0.9729	0.1579	0.1689
			0.0046	-0.7171	0.6969
		b:
			-558.9287
			-498.3407
			-558.4554
			15.2249
			-41.6564
			-465.2331
			353.7436
			421.8708
			171.5497
			-349.7436
			-418.8708
			-167.5497
	==================================================================================
	Q2:
		Shape: Polyhedra
		q_c:	483.0	293.5	56.5
		ub :	486.026	295.8019	59.5404
		lb :	479.974	291.1981	53.4596
		A:
			-0.4425	0.5969	-0.6693
			0.0996	-0.9928	0.0668
			0.4752	-0.7582	0.4465
			0.1349	0.7298	0.6702
			0.8045	0.589	0.0766
			0.6421	-0.7665	0.0158
			0.2493	0.0023	0.9684
			-0.8403	0.4975	0.2152
			-0.4813	-0.8675	0.126
			-0.2493	-0.0023	-0.9684
			0.8403	-0.4975	-0.2152
			0.4813	0.8675	-0.126
		b:
			-74.0805
			-237.8341
			34.3103
			319.3286
			567.4425
			88.0011
			178.3198
			-245.7101
			-478.4485
			-173.3198
			249.7101
			481.4485
	==================================================================================
	Q3:
		Shape: Ellipse
		q_c:	490.5	299.0	58.0
		ub :	492.3228	301.3262	60.5183
		lb :	488.6772	296.6738	55.4817
		P^-1:
			0.5651	0.205	0.1024
			0.205	0.7461	0.2571
			0.1024	0.2571	0.3833
	==================================================================================
	Q4:
		Shape: Hybrid
		q_c:	485.5	298.0	57.0
		ub :	488.1014	301.3446	60.5094
		lb :	482.8986	294.6554	53.4906
		P^-1:
			0.2447	-0.0121	0.0174
			-0.0121	0.2222	0.0398
			0.0174	0.0398	0.1931
		A:
			0.8853	-0.1267	0.4474
			0.5665	-0.7037	0.4288
			-0.4694	-0.8725	0.1357
			0.6103	-0.7876	0.0853
			-0.417	-0.089	-0.9045
			-0.4679	0.2141	-0.8575
		b:
			418.5982
			90.9463
			-478.9082
			67.5373
			-279.3717
			-210.9865
	==================================================================================
	Q5:
		Shape: Hybrid
		q_c:	489.0	297.0	56.5
		ub :	491.083	300.1494	59.681
		lb :	486.917	293.8506	53.319
		P^-1:
			0.4439	0.0086	-0.0083
			0.0086	0.2972	0.1419
			-0.0083	0.1419	0.3078
		A:
			0.1875	0.5718	0.7987
			0.3629	0.3482	-0.8643
			0.071	0.9336	0.3513
			0.5705	-0.7201	-0.3949
			-0.4772	0.4805	0.7358
			0.629	0.7669	0.1274
		b:
			307.4167
			233.5492
			332.8137
			43.6594
			-48.2671
			543.5332
	==================================================================================
	Q6:
		Shape: Hybrid
		q_c:	487.0	296.5	58.5
		ub :	489.0104	299.3728	60.9191
		lb :	484.9896	293.6272	56.0809
		P^-1:
			0.8051	-0.1587	-0.223
			-0.1587	0.2269	0.1515
			-0.223	0.1515	0.5725
		A:
			-0.1673	0.0796	0.9827
			-0.2952	0.7618	0.5766
			-0.9988	0.0299	-0.0377
			0.9024	-0.3177	0.291
			0.9461	-0.0702	0.3161
			0.9652	-0.1846	0.1851
		b:
			0.4917
			116.9733
			-479.0419
			363.2154
			459.2608
			426.9331


===========================================================================================
===========================================================================================
S10:
	q_c:	269.5	226.0	182.5
	ub :	284.3926	238.7444	199.269
	lb :	250.8386	206.3181	165.1923

	==================================================================================
	Q1:
		Shape: Polyhedra
		q_c:	260.5	215.5	185.0
		ub :	270.1614	224.6819	194.157
		lb :	250.8386	206.3181	175.843
		A:
			0.9175	0.3364	0.2123
			0.7899	0.3042	0.5324
			-0.8267	0.5079	-0.2421
			-0.237	-0.7271	-0.6443
			-0.9788	0.1823	0.0935
			0.2139	-0.8733	0.4377
			0.6041	0.0209	0.7966
			-0.7653	0.2939	0.5727
			-0.2222	-0.9556	0.1935
			-0.6041	-0.0209	-0.7966
			0.7653	-0.2939	-0.5727
			0.2222	0.9556	-0.1935
		b:
			356.7963
			375.3008
			-144.6858
			-331.3099
			-192.2509
			-44.503
			314.2489
			-23.5736
			-220.5048
			-304.2489
			36.5736
			235.5048
	==================================================================================
	Q2:
		Shape: Hybrid
		q_c:	275.0	226.0	190.5
		ub :	283.4217	234.0694	199.269
		lb :	266.5783	217.9306	181.731
		P^-1:
			0.0484	-0.0036	-0.0165
			-0.0036	0.0349	-0.007
			-0.0165	-0.007	0.0429
		A:
			-0.9365	0.2079	0.2826
			0.5159	-0.3777	0.7689
			-0.3043	0.3405	-0.8896
			0.2422	0.1231	-0.9624
			0.6313	-0.1286	-0.7648
			0.7295	-0.0065	-0.6839
		b:
			-154.3905
			206.4494
			-172.8385
			-86.1947
			1.0364
			70.8928
	==================================================================================
	Q3:
		Shape: Polyhedra
		q_c:	276.5	217.0	171.5
		ub :	284.3926	221.8791	177.3098
		lb :	268.6074	212.1209	165.6902
		A:
			-0.1582	-0.8767	-0.4544
			0.3179	0.6148	-0.7218
			0.9894	-0.0386	0.1398
			-0.0578	0.6804	0.7306
			0.2683	0.1978	-0.9428
			-0.3215	-0.7845	-0.5302
			0.0687	0.7545	0.6526
			-0.2475	0.6466	-0.7215
			-0.9664	-0.1119	0.2312
			-0.0687	-0.7545	-0.6526
			0.2475	-0.6466	0.7215
			0.9664	0.1119	-0.2312
		b:
			-309.5601
			102.5839
			295.7975
			259.2031
			-39.9134
			-347.3519
			296.672
			-47.8516
			-244.8597
			-292.672
			55.8516
			258.8597
	==================================================================================
	Q4:
		Shape: Hybrid
		q_c:	278.0	231.5	191.0
		ub :	283.7274	238.7444	197.8705
		lb :	272.2726	224.2556	184.1295
		P^-1:
			0.0727	-0.0129	-0.0064
			-0.0129	0.0566	0.0036
			-0.0064	0.0036	0.0511
		A:
			0.7809	-0.0475	-0.6229
			0.7518	-0.3838	0.5362
			0.7611	0.4006	-0.5102
			0.9664	0.2409	0.0898
			0.071	-0.2946	-0.953
			0.3543	-0.9324	0.072
		b:
			89.1994
			224.8575
			209.3127
			343.8971
			-227.8857
			-101.3519
	==================================================================================
	Q5:
		Shape: Polyhedra
		q_c:	278.0	218.5	176.0
		ub :	281.5907	221.8406	179.7481
		lb :	274.4093	215.1594	172.2519
		A:
			0.964	0.0143	-0.2656
			-0.4512	0.8644	-0.222
			0.6274	0.7768	0.0548
			-0.2195	0.9737	-0.0617
			-0.7096	-0.6536	-0.2632
			-0.22	0.9664	-0.133
			0.7435	0.3629	0.5616
			0.3514	0.5025	-0.7899
			-0.5689	0.7847	0.2461
			-0.7435	-0.3629	-0.5616
			-0.3514	-0.5025	0.7899
			0.5689	-0.7847	-0.2461
		b:
			226.5486
			26.1375
			356.2193
			142.6364
			-383.9262
			128.4178
			387.3478
			70.9706
			58.1233
			-382.3478
			-65.9706
			-55.1233
	==================================================================================
	Q6:
		Shape: Hybrid
		q_c:	272.0	220.5	171.5
		ub :	277.7355	225.9142	177.8077
		lb :	266.2645	215.0858	165.1923
		P^-1:
			0.478	-0.3836	0.2819
			-0.3836	0.3699	-0.2549
			0.2819	-0.2549	0.2345
		A:
			-0.9283	0.2104	-0.3066
			0.2545	-0.9598	0.1181
			-0.2597	0.6366	-0.7262
			0.6178	-0.7863	0.0051
			-0.9777	0.0902	-0.1896
			-0.6882	0.5411	-0.4833
		b:
			-256.6528
			-119.2
			-52.9244
			-2.3876
			-275.9191
			-150.1999


===========================================================================================
===========================================================================================
S11:
	q_c:	136.0	437.0	100.5
	ub :	164.4008	452.5453	121.7217
	lb :	111.8498	414.4082	82.2328

	==================================================================================
	Q1:
		Shape: Ellipse
		q_c:	123.5	437.0	103.0
		ub :	135.1502	446.088	111.2594
		lb :	111.8498	427.912	94.7406
		P^-1:
			0.0475	0.1005	0.0687
			0.1005	0.2791	0.1843
			0.0687	0.1843	0.1416
	==================================================================================
	Q2:
		Shape: Ellipse
		q_c:	153.0	430.5	99.0
		ub :	164.4008	442.7729	111.28
		lb :	141.5992	418.2271	86.72
		P^-1:
			0.0165	-0.0004	-0.0011
			-0.0004	0.0202	-0.0034
			-0.0011	-0.0034	0.0203
	==================================================================================
	Q3:
		Shape: Hybrid
		q_c:	140.0	424.5	112.0
		ub :	149.7787	434.5918	121.7217
		lb :	130.2213	414.4082	102.2783
		P^-1:
			0.0227	0.0046	0.0024
			0.0046	0.0348	-0.0131
			0.0024	-0.0131	0.0374
		A:
			0.0652	-0.2235	0.9725
			0.6845	0.4124	0.6012
			-0.1075	0.9864	-0.1242
			-0.5962	0.7631	-0.2496
			0.5184	0.6746	-0.5255
			-0.3952	-0.8544	0.3375
		b:
			26.0177
			341.9503
			393.2908
			216.5513
			302.8685
			-377.489
	==================================================================================
	Q4:
		Shape: Hybrid
		q_c:	139.5	443.5	99.0
		ub :	150.6658	452.5453	109.0382
		lb :	128.3342	434.4547	88.9618
		P^-1:
			0.0309	-0.0094	-0.0167
			-0.0094	0.0446	-0.0085
			-0.0167	-0.0085	0.0344
		A:
			0.2621	0.7845	-0.5621
			0.1833	0.8543	-0.4864
			0.3232	-0.5358	0.78
			-0.8166	0.3463	0.4618
			0.6224	-0.6454	-0.4428
			0.5516	-0.7487	0.3677
		b:
			331.1621
			358.6454
			-111.3003
			87.7951
			-240.9612
			-215.5894
	==================================================================================
	Q5:
		Shape: Ellipse
		q_c:	154.5	446.5	88.0
		ub :	160.8956	451.4316	93.7672
		lb :	148.1044	441.5684	82.2328
		P^-1:
			0.0394	0.0089	0.0137
			0.0089	0.1356	-0.0384
			0.0137	-0.0384	0.0998
	==================================================================================
	Q6:
		Shape: Polyhedra
		q_c:	146.5	441.5	94.0
		ub :	150.0213	448.9768	102.3093
		lb :	142.9787	434.0232	85.6907
		A:
			-0.9294	-0.3648	0.0563
			-0.8425	0.4525	0.2923
			-0.7181	-0.5261	-0.4555
			0.8072	-0.4885	-0.3312
			-0.2257	0.8029	0.5518
			0.5661	0.7884	0.2406
			0.987	0.1597	0.0173
			0.0836	-0.6027	0.7936
			0.1372	-0.7818	-0.6082
			-0.987	-0.1597	-0.0173
			-0.0836	0.6027	-0.7936
			-0.1372	0.7818	0.6082
		b:
			-289.0167
			106.4637
			-377.6714
			-125.9245
			375.8144
			456.7949
			219.2506
			-170.7425
			-379.7457
			-214.2506
			187.7425
			384.7457


===========================================================================================
===========================================================================================
S12:
	q_c:	529.0	173.0	21.0
	ub :	549.41	193.8416	41.2942
	lb :	510.578	166.9174	-3.9645

	==================================================================================
	Q1:
		Shape: Ellipse
		q_c:	521.0	178.5	31.5
		ub :	531.422	185.7431	41.2942
		lb :	510.578	171.2569	21.7058
		P^-1:
			0.0275	-0.0138	0.0223
			-0.0138	0.0455	-0.0212
			0.0223	-0.0212	0.0503
	==================================================================================
	Q2:
		Shape: Polyhedra
		q_c:	534.0	179.0	25.0
		ub :	540.8669	186.3522	31.2437
		lb :	527.1331	171.6478	18.7563
		A:
			-0.5401	-0.8403	0.0467
			0.9827	0.0677	0.1722
			-0.1659	0.9783	-0.1242
			0.9	0.2813	-0.3329
			-0.938	0.2516	0.2385
			-0.5239	0.1062	-0.8452
			0.7735	0.6311	0.0578
			0.5604	-0.7237	0.4027
			0.296	-0.2791	-0.9135
			-0.7735	-0.6311	-0.0578
			-0.5604	0.7237	-0.4027
			-0.296	0.2791	0.9135
		b:
			-434.2087
			545.424
			88.7904
			526.0332
			-445.2679
			-276.8674
			530.4784
			185.7743
			89.2625
			-524.4784
			-173.7743
			-81.2625
	==================================================================================
	Q3:
		Shape: Hybrid
		q_c:	537.0	183.5	7.0
		ub :	545.9317	192.0308	15.2691
		lb :	528.0683	174.9692	-1.2691
		P^-1:
			0.0383	-0.0037	0.0175
			-0.0037	0.0524	-0.0244
			0.0175	-0.0244	0.0514
		A:
			-0.4559	-0.8888	0.0478
			-0.0378	0.8918	0.4508
			0.6542	-0.5828	0.4821
			0.0335	-0.7711	0.6358
			0.446	-0.1064	0.8887
			0.2698	-0.31	0.9117
		b:
			-404.5309
			150.8222
			250.0409
			-117.0818
			228.7295
			96.698
	==================================================================================
	Q4:
		Shape: Ellipse
		q_c:	540.5	182.5	32.0
		ub :	549.41	191.8767	39.1274
		lb :	531.59	173.1233	24.8726
		P^-1:
			0.0347	-0.0023	0.011
			-0.0023	0.0363	-0.0152
			0.011	-0.0152	0.0483
	==================================================================================
	Q5:
		Shape: Polyhedra
		q_c:	522.0	183.5	6.0
		ub :	529.857	193.8416	15.9645
		lb :	514.143	173.1584	-3.9645
		A:
			0.2429	0.5105	-0.8248
			-0.4745	0.8621	-0.1779
			-0.1098	-0.6957	-0.7099
			-0.6434	-0.4192	0.6406
			0.6497	0.7581	-0.057
			-0.5589	-0.0507	0.8277
			0.1676	0.6262	0.7615
			0.1168	0.7543	-0.646
			-0.9789	0.1973	0.0533
			-0.1676	-0.6262	-0.7615
			-0.1168	-0.7543	0.646
			0.9789	-0.1973	-0.0533
		b:
			221.2659
			-84.588
			-181.2482
			-403.2216
			484.3406
			-289.681
			214.9689
			201.0333
			-468.4711
			-198.9689
			-190.0333
			480.4711
	==================================================================================
	Q6:
		Shape: Polyhedra
		q_c:	524.5	178.5	21.5
		ub :	536.6627	190.0826	30.222
		lb :	512.3373	166.9174	12.778
		A:
			0.4233	0.2157	-0.8799
			0.8712	-0.1056	-0.4794
			0.6845	0.2083	-0.6986
			-0.8662	0.2765	0.4163
			-0.0005	0.2973	-0.9548
			0.976	-0.1777	-0.1261
			0.7259	0.6384	0.2559
			0.4043	-0.095	-0.9097
			-0.5564	0.7638	-0.3271
			-0.7259	-0.6384	-0.2559
			-0.4043	0.095	0.9097
			0.5564	-0.7638	0.3271
		b:
			246.5687
			433.8405
			386.7538
			-389.8699
			37.823
			484.6232
			508.6911
			180.0319
			-155.0491
			-491.6911
			-171.0319
			170.0491


===========================================================================================
===========================================================================================
S13:
	q_c:	194.0	378.5	405.0
	ub :	205.2459	384.8838	422.3391
	lb :	180.6335	362.673	395.136

	==================================================================================
	Q1:
		Shape: Polyhedra
		q_c:	196.5	376.5	408.0
		ub :	203.4226	382.5002	413.4004
		lb :	189.5774	370.4998	402.5996
		A:
			0.5195	-0.8189	-0.2439
			0.6009	-0.799	0.0224
			-0.6504	-0.2157	0.7283
			0.2289	-0.254	0.9397
			-0.1106	-0.701	0.7046
			-0.3193	0.7367	-0.5961
			0.7415	0.5967	0.3068
			0.4552	-0.1115	-0.8834
			-0.4929	0.7947	-0.3542
			-0.7415	-0.5967	-0.3068
			-0.4552	0.1115	0.8834
			0.4929	-0.7947	0.3542
		b:
			-302.6588
			-170.6269
			91.653
			336.0533
			5.09
			-25.5673
			501.0349
			-309.9388
			60.818
			-490.0349
			315.9388
			-54.818
	==================================================================================
	Q2:
		Shape: Hybrid
		q_c:	186.0	376.0	412.5
		ub :	191.3665	381.0965	418.0502
		lb :	180.6335	370.9035	406.9498
		P^-1:
			0.1188	-0.0047	-0.0459
			-0.0047	0.0766	-0.0072
			-0.0459	-0.0072	0.1087
		A:
			-0.2905	-0.2809	0.9147
			-0.9769	0.2118	-0.0294
