3D_40_14_6_a                l = 3

===========================================================================================
===========================================================================================
S1:
	q_c:	408.5	87.0	36.5
	ub :	418.7585	98.3665	46.892
	lb :	400.8803	77.3592	26.2626

	==================================================================================
	Q1:
		Shape: Polyhedra
		q_c:	404.5	81.5	41.5
		ub :	408.1197	85.6408	45.4411
		lb :	400.8803	77.3592	37.5589
		A:
			0.0918	-0.7711	0.6301
			-0.6432	0.5955	-0.4813
			-0.579	0.1798	0.7952
			-0.4697	-0.8499	0.2389
			-0.6686	0.1762	-0.7224
			0.9111	-0.0433	0.4099
			0.2867	0.4124	0.8647
			0.4118	0.7619	-0.4999
			-0.865	0.4995	0.0486
			-0.2867	-0.4124	-0.8647
			-0.4118	-0.7619	0.4999
			0.865	-0.4995	-0.0486
		b:
			2.8873
			-229.3539
			-184.0376
			-246.7968
			-283.4511
			384.4391
			188.4788
			210.4376
			-305.1552
			-182.4788
			-205.4376
			309.1552
	==================================================================================
	Q2:
		Shape: Hybrid
		q_c:	407.0	92.0	32.0
		ub :	411.9862	98.3665	37.7374
		lb :	402.0138	85.6335	26.2626
		P^-1:
			0.0621	-0.0024	-0.0
			-0.0024	0.0498	0.0
			-0.0	0.0	0.0494
		A:
			-0.1071	0.9906	-0.0846
			0.6701	0.1047	0.7349
			0.9312	-0.1176	0.345
			0.7368	-0.5217	0.4301
			-0.6919	0.4826	0.5371
			-0.9418	-0.2326	-0.2426
		b:
			47.3161
			308.1736
			381.2863
			267.7977
			-217.8008
			-410.3721
	==================================================================================
	Q3:
		Shape: Polyhedra
		q_c:	415.0	91.0	41.5
		ub :	418.7585	94.6624	45.5844
		lb :	411.2415	87.3376	37.4156
		A:
			0.8144	0.2665	0.5155
			0.8324	0.2506	-0.4943
			-0.3116	-0.6502	-0.6929
			0.1485	0.6709	-0.7265
			0.3848	0.6354	-0.6695
			0.3671	0.4624	0.8071
			0.6658	0.396	0.6324
			-0.7184	0.1113	0.6866
			0.2015	-0.9115	0.3586
			-0.6658	-0.396	-0.6324
			0.7184	-0.1113	-0.6866
			-0.2015	0.9115	-0.3586
		b:
			385.2287
			350.6087
			-215.3577
			95.5331
			192.7199
			229.6869
			340.0765
			-256.5226
			18.5638
			-337.0765
			262.5226
			-12.5638
	==================================================================================
	Q4:
		Shape: Hybrid
		q_c:	407.0	86.5	38.5
		ub :	412.1595	90.1692	43.7366
		lb :	401.8405	82.8308	33.2634
		P^-1:
			0.0829	0.0177	-0.0049
			0.0177	0.1552	0.0093
			-0.0049	0.0093	0.066
		A:
			0.5929	0.793	0.1403
			0.3996	0.9129	0.0831
			0.3047	0.9242	-0.2301
			0.979	0.0218	0.2027
			-0.2867	0.9417	-0.176
			0.3838	-0.9206	0.0716
		b:
			316.771
			246.1087
			196.5162
			410.4877
			-40.3216
			81.0442
	==================================================================================
	Q5:
		Shape: Hybrid
		q_c:	405.0	83.5	43.0
		ub :	407.9398	87.0213	46.892
		lb :	402.0602	79.9787	39.108
		P^-1:
			0.1624	-0.0263	-0.0148
			-0.0263	0.2762	0.179
			-0.0148	0.179	0.2474
		A:
			0.3332	-0.7768	-0.5344
			-0.5284	-0.8485	0.0282
			-0.3094	-0.1669	-0.9362
			0.4326	-0.5646	-0.7029
			0.7612	-0.4863	-0.4291
			0.2717	-0.923	0.2726
		b:
			47.9902
			-281.6507
			-177.8209
			98.8168
			250.5157
			46.9421
	==================================================================================
	Q6:
		Shape: Ellipse
		q_c:	410.5	92.5	39.5
		ub :	414.3509	98.2949	44.1118
		lb :	406.6491	86.7051	34.8882
		P^-1:
			0.2226	0.0461	0.0225
			0.0461	0.0674	0.0487
			0.0225	0.0487	0.1599


===========================================================================================
===========================================================================================
S2:
	q_c:	283.0	278.5	211.0
	ub :	293.1021	283.2975	218.692
	lb :	274.5745	267.1689	207.2385

	==================================================================================
	Q1:
		Shape: Polyhedra
		q_c:	289.5	276.0	210.5
		ub :	293.1021	279.7778	213.6406
		lb :	285.8979	272.2222	207.3594
		A:
			-0.1165	-0.9022	0.4153
			-0.0751	-0.9894	0.1239
			-0.4091	-0.8719	0.2691
			0.5589	-0.5471	0.6232
			-0.5683	0.8026	0.1812
			-0.8781	0.2561	-0.4041
			0.7585	0.5311	0.3776
			0.6493	-0.6649	-0.3691
			0.055	0.5252	-0.8492
			-0.7585	-0.5311	-0.3776
			-0.6493	0.6649	0.3691
			-0.055	-0.5252	0.8492
		b:
			-193.439
			-266.5919
			-300.3739
			143.9064
			97.6032
			-266.2399
			448.161
			-70.7318
			-16.3855
			-443.161
			75.7318
			19.3855
	==================================================================================
	Q2:
		Shape: Polyhedra
		q_c:	286.0	273.5	215.5
		ub :	288.5215	277.3466	218.0158
		lb :	283.4785	269.6534	212.9842
		A:
			0.6306	0.2787	-0.7244
			0.7852	-0.2151	-0.5807
			-0.7735	0.3066	0.5547
			0.5811	0.1434	-0.8011
			0.821	0.2881	-0.4928
			0.124	-0.1567	0.9798
			0.5951	0.1699	0.7855
			-0.7886	-0.0651	0.6115
			0.1551	-0.9833	0.0952
			-0.5951	-0.1699	-0.7855
			0.7886	0.0651	-0.6115
			-0.1551	0.9833	-0.0952
		b:
			101.8008
			41.9569
			-16.2364
			33.9419
			208.6464
			205.6999
			387.9396
			-110.5765
			-200.5583
			-383.9396
			112.5765
			207.5583
	==================================================================================
	Q3:
		Shape: Hybrid
		q_c:	281.5	274.5	214.0
		ub :	284.7221	277.8873	216.957
		lb :	278.2779	271.1127	211.043
		P^-1:
			0.1124	0.0097	0.0181
			0.0097	0.1853	0.1383
			0.0181	0.1383	0.369
		A:
			0.6169	0.3533	-0.7033
			-0.0909	0.6045	0.7914
			0.0997	-0.3437	-0.9338
			0.3936	0.321	0.8614
			0.3013	0.4397	-0.8461
			-0.0178	-0.5917	-0.8059
		b:
			122.205
			310.56
			-265.2736
			384.2869
			26.39
			-339.1237
	==================================================================================
	Q4:
		Shape: Polyhedra
		q_c:	284.5	279.0	211.5
		ub :	289.0871	283.2975	215.747
		lb :	279.9129	274.7025	207.253
		A:
			0.5082	-0.6273	0.5902
			0.4017	-0.5153	0.757
			0.0714	0.5249	-0.8482
			0.0335	-0.164	0.9859
			-0.3372	0.6733	-0.658
			-0.5974	-0.6068	0.5242
			0.3684	0.6853	0.6282
			0.9292	-0.2493	-0.2729
			-0.0304	0.6843	-0.7286
			-0.3684	-0.6853	-0.6282
			-0.9292	0.2493	0.2729
			0.0304	-0.6843	0.7286
		b:
			96.5296
			132.5753
			-10.9853
			174.6031
			-45.4308
			-225.9118
			432.3745
			140.5627
			29.6771
			-425.3745
			-133.5627
			-26.6771
	==================================================================================
	Q5:
		Shape: Ellipse
		q_c:	281.5	272.5	212.5
		ub :	285.0899	277.8311	217.7615
		lb :	277.9101	267.1689	207.2385
		P^-1:
			0.16	0.0013	-0.0011
			0.0013	0.1023	0.0479
			-0.0011	0.0479	0.1202
	==================================================================================
	Q6:
		Shape: Polyhedra
		q_c:	278.5	277.5	214.5
		ub :	282.4255	280.7571	218.692
		lb :	274.5745	274.2429	210.308
		A:
			0.6492	-0.4778	0.5918
			-0.0984	0.9548	0.2805
			0.1835	-0.9647	-0.1889
			-0.1352	0.8729	0.4688
			0.6849	0.6333	0.3604
			0.0899	0.3714	-0.9241
			0.5706	0.8081	0.1465
			0.7752	-0.5888	0.2287
			0.271	-0.0169	-0.9624
			-0.5706	-0.8081	-0.1465
			-0.7752	0.5888	-0.2287
			-0.271	0.0169	0.9624
		b:
			177.4575
			300.171
			-254.762
			307.8271
			446.2897
			-66.8184
			417.0663
			103.5464
			-132.1534
			-412.0663
			-99.5464
			139.1534


===========================================================================================
===========================================================================================
S3:
	q_c:	126.5	491.0	238.0
	ub :	144.8161	512.1319	257.845
	lb :	109.4427	474.3989	224.1416

	==================================================================================
	Q1:
		Shape: Ellipse
		q_c:	124.5	484.0	231.5
		ub :	133.0559	493.6011	238.8584
		lb :	115.9441	474.3989	224.1416
		P^-1:
			0.0419	0.0143	-0.0292
			0.0143	0.0237	-0.0254
			-0.0292	-0.0254	0.0871
	==================================================================================
	Q2:
		Shape: Ellipse
		q_c:	136.5	505.0	249.0
		ub :	144.8161	509.2685	252.145
		lb :	128.1839	500.7315	245.855
		P^-1:
			0.0312	0.0542	0.0217
			0.0542	0.2366	-0.0054
			0.0217	-0.0054	0.2478
	==================================================================================
	Q3:
		Shape: Hybrid
		q_c:	123.0	505.5	250.0
		ub :	131.2727	512.1319	257.845
		lb :	114.7273	498.8681	242.155
		P^-1:
			0.0405	0.0034	0.0037
			0.0034	0.047	0.0023
			0.0037	0.0023	0.0349
		A:
			-0.4991	-0.8476	0.1801
			-0.7173	0.4814	0.5037
			0.4962	0.4072	0.7668
			-0.9418	-0.3319	0.053
			0.6365	-0.6027	0.4812
			0.4478	-0.5559	0.7003
		b:
			-442.3714
			284.0671
			461.1549
			-267.7602
			-103.2913
			-47.9619
	==================================================================================
	Q4:
		Shape: Hybrid
		q_c:	122.5	495.5	242.5
		ub :	128.6171	503.1712	249.4191
		lb :	116.3829	487.8288	235.5809
		P^-1:
			0.2898	0.0414	-0.1963
			0.0414	0.0391	-0.0337
			-0.1963	-0.0337	0.1764
		A:
			-0.7428	-0.428	0.5149
			-0.1725	-0.8188	0.5475
			-0.9035	-0.0706	0.4228
			-0.6141	-0.2348	0.7535
			0.9004	-0.0644	-0.4304
			0.6428	0.2419	-0.7268
		b:
			-176.6655
			-290.2359
			-41.963
			-7.5153
			-24.6346
			23.5355
	==================================================================================
	Q5:
		Shape: Polyhedra
		q_c:	119.0	491.0	234.5
		ub :	126.7901	500.7964	244.6726
		lb :	111.2099	481.2036	224.3274
		A:
			-0.9044	-0.1355	-0.4046
			0.9498	-0.3081	0.054
			-0.9788	-0.0014	-0.2047
			0.4584	0.8363	0.3009
			0.197	-0.8983	0.3928
			-0.8652	0.2703	-0.4224
			0.1668	0.7479	0.6425
			0.5483	0.4712	-0.6909
			-0.8195	0.4675	-0.3315
			-0.1668	-0.7479	-0.6425
			-0.5483	-0.4712	0.6909
			0.8195	-0.4675	0.3315
		b:
			-264.2223
			-21.5295
			-160.6334
			542.2951
			-320.0603
			-65.589
			544.2461
			141.5955
			57.7716
			-531.2461
			-127.5955
			-50.7716
	==================================================================================
	Q6:
		Shape: Polyhedra
		q_c:	116.5	498.0	235.0
		ub :	123.5573	503.9917	242.1828
		lb :	109.4427	492.0083	227.8172
		A:
			-0.6676	-0.1313	-0.7328
			-0.029	0.6429	-0.7654
			0.451	-0.3053	0.8387
			-0.3924	0.9173	0.0682
			-0.3109	-0.741	-0.5952
			-0.9524	0.1736	0.2504
			0.7948	0.4632	0.3922
			0.3482	-0.8773	0.3304
			0.4971	-0.126	-0.8585
			-0.7948	-0.4632	-0.3922
			-0.3482	0.8773	-0.3304
			-0.4971	0.126	0.8585
		b:
			-311.2669
			141.2266
			101.8364
			431.2629
			-540.8958
			38.8821
			419.4095
			-314.6827
			-201.5854
			-411.4095
			322.6827
			211.5854


===========================================================================================
===========================================================================================
S4:
	q_c:	63.5	421.0	150.0
	ub :	73.6242	430.06	156.8818
	lb :	56.1199	414.4012	141.895

	==================================================================================
	Q1:
		Shape: Hybrid
		q_c:	60.0	423.0	151.0
		ub :	63.8646	426.7585	153.5572
		lb :	56.1354	419.2415	148.4428
		P^-1:
			0.2101	0.1251	0.0561
			0.1251	0.2693	0.0767
			0.0561	0.0767	0.3261
		A:
			0.7212	0.2754	-0.6356
			0.43	0.8999	0.073
			0.4869	0.7765	-0.4
			-0.6339	0.0367	-0.7725
			0.1511	0.7927	0.5906
			0.4639	0.8173	0.3419
		b:
			65.2066
			418.4829
			298.4592
			-137.7964
			434.5818
			426.013
	==================================================================================
	Q2:
		Shape: Hybrid
		q_c:	64.0	424.0	147.0
		ub :	66.5912	426.9723	149.7744
		lb :	61.4088	421.0277	144.2256
		P^-1:
			0.2779	0.054	0.0416
			0.054	0.3545	0.0805
			0.0416	0.0805	0.3121
		A:
			-0.2198	0.8736	-0.4342
			0.3904	0.4003	-0.8291
			-0.027	0.9726	0.2309
			0.712	0.4222	0.5611
			0.5224	0.3383	0.7827
			0.6492	0.7494	0.1301
		b:
			293.7288
			74.0912
			445.5221
			307.908
			292.8064
			379.3198
	==================================================================================
	Q3:
		Shape: Polyhedra
		q_c:	68.5	418.5	149.0
		ub :	72.7031	422.5988	152.6028
		lb :	64.2969	414.4012	145.3972
		A:
			-0.9067	0.3884	0.1645
			0.4629	-0.8131	0.3528
			0.1171	-0.8759	0.468
			-0.2478	0.0501	0.9675
			-0.8635	-0.3273	0.3837
			0.1594	-0.1222	0.9796
			0.824	0.41	0.391
			-0.528	0.8061	0.2674
			-0.2055	-0.4268	0.8807
			-0.824	-0.41	-0.391
			0.528	-0.8061	-0.2674
			0.2055	0.4268	-0.8807
		b:
			127.559
			-253.6455
			-286.6071
			150.291
			-136.3789
			108.0021
			289.2979
			343.5167
			-59.4543
			-283.2979
			-338.5167
			63.4543
	==================================================================================
	Q4:
		Shape: Ellipse
		q_c:	68.5	424.0	153.0
		ub :	73.6242	428.1432	156.8818
		lb :	63.3758	419.8568	149.1182
		P^-1:
			0.0675	-0.0128	-0.0073
			-0.0128	0.1074	-0.0022
			-0.0073	-0.0022	0.1099
	==================================================================================
	Q5:
		Shape: Hybrid
		q_c:	63.0	425.5	147.5
		ub :	66.6673	430.06	151.2038
		lb :	59.3327	420.94	143.7962
		P^-1:
			0.1537	-0.0206	-0.0054
			-0.0206	0.0925	-0.0176
			-0.0054	-0.0176	0.1554
		A:
			-0.8008	-0.3675	0.473
			-0.7229	0.2021	-0.6608
			-0.4407	0.2674	0.8569
			-0.1391	0.2009	0.9697
			-0.2925	-0.1785	0.9395
			0.1468	0.1775	-0.9731
		b:
			-135.5648
			-55.7393
			213.7893
			221.1797
			45.4256
			-57.5291
	==================================================================================
	Q6:
		Shape: Ellipse
		q_c:	60.5	422.5	146.5
		ub :	64.8801	426.3169	151.105
		lb :	56.1199	418.6831	141.895
		P^-1:
			0.148	-0.0143	-0.0155
			-0.0143	0.1431	-0.0184
			-0.0155	-0.0184	0.14


===========================================================================================
===========================================================================================
S5:
	q_c:	297.0	37.5	406.0
	ub :	309.6527	50.5824	417.3085
	lb :	284.4189	23.596	391.5105

	==================================================================================
	Q1:
		Shape: Ellipse
		q_c:	299.0	27.5	410.0
		ub :	305.7093	31.404	417.0061
		lb :	292.2907	23.596	402.9939
		P^-1:
			0.2299	0.3811	0.0326
			0.3811	0.8045	0.0653
			0.0326	0.0653	0.0456
	==================================================================================
	Q2:
		Shape: Hybrid
		q_c:	297.0	27.5	412.0
		ub :	300.0583	29.3448	417.3085
		lb :	293.9417	25.6552	406.6915
		P^-1:
			0.4011	-0.3037	0.0645
			-0.3037	0.8374	-0.0574
			0.0645	-0.0574	0.0515
		A:
			-0.4145	-0.9033	-0.1108
			0.6816	0.72	-0.1305
			0.759	-0.6442	-0.0939
			-0.8046	-0.4143	-0.4254
			-0.9251	0.3797	-0.0061
			-0.9689	-0.1104	0.2213
		b:
			-192.3722
			170.1651
			170.1534
			-423.7432
			-265.6506
			-197.5475
	==================================================================================
	Q3:
		Shape: Hybrid
		q_c:	304.5	37.0	409.0
		ub :	309.6527	42.1682	414.2703
		lb :	299.3473	31.8318	403.7297
		P^-1:
			0.0494	-0.0	0.0003
			-0.0	0.0494	0.0003
			0.0003	0.0003	0.04
		A:
			-0.1223	0.8206	-0.5583
			0.0573	-0.9657	0.2534
			-0.2425	-0.7579	0.6056
			0.5662	0.8077	0.1646
			-0.5604	0.8268	0.0478
			0.0947	-0.684	-0.7233
		b:
			-232.7879
			87.6362
			148.2508
			271.8546
			-118.2682
			-289.8158
	==================================================================================
	Q4:
		Shape: Polyhedra
		q_c:	292.5	42.5	397.0
		ub :	300.5811	50.5824	402.4895
		lb :	284.4189	34.4176	391.5105
		A:
			-0.2479	0.947	-0.2043
			0.7885	0.5485	-0.2783
			-0.4353	-0.138	0.8896
			0.8021	0.2206	-0.555
			0.2021	-0.5062	-0.8384
			-0.0162	-0.4782	0.8781
			0.5524	0.7586	0.3454
			-0.1769	-0.2983	0.9379
			0.8146	-0.5793	-0.0305
			-0.5524	-0.7586	-0.3454
			0.1769	0.2983	-0.9379
			-0.8146	0.5793	0.0305
		b:
			-108.0483
			148.0241
			224.2052
			28.4161
			-290.5455
			327.6864
			335.4682
			311.9345
			207.5139
			-326.4682
			-303.9345
			-195.5139
	==================================================================================
	Q5:
		Shape: Polyhedra
		q_c:	301.5	36.0	407.5
		ub :	306.7677	40.3516	411.9514
		lb :	296.2323	31.6484	403.0486
		A:
			0.1353	-0.8312	0.5392
			-0.7477	0.6602	0.0714
			0.3118	-0.9458	-0.0903
			-0.0029	-0.1826	-0.9832
			0.4113	0.4149	-0.8116
			-0.16	-0.9068	0.3901
			0.7698	0.4926	0.406
			0.1836	-0.78	0.5983
			0.6113	-0.386	-0.6908
			-0.7698	-0.4926	-0.406
			-0.1836	0.78	-0.5983
			-0.6113	0.386	0.6908
		b:
			232.1577
			-170.2284
			25.3891
			-405.1368
			-189.6424
			80.3996
			419.7495
			272.5741
			-108.5909
			-410.7495
			-269.5741
			113.5909
	==================================================================================
	Q6:
		Shape: Hybrid
		q_c:	290.0	44.0	405.5
		ub :	294.6159	50.2146	408.9551
		lb :	285.3841	37.7854	402.0449
		P^-1:
			0.2022	0.0523	0.0431
			0.0523	0.0496	0.006
			0.0431	0.006	0.1913
		A:
			0.9864	-0.066	-0.1507
			-0.4104	-0.8403	0.3541
			0.3488	-0.3373	0.8744
			0.8428	0.4285	0.3259
			0.0398	-0.1822	-0.9824
			-0.9069	0.1461	0.3953
		b:
			223.978
			-9.334
			442.8326
			396.6098
			-393.2641
			-94.0352


===========================================================================================
===========================================================================================
S6:
	q_c:	57.5	397.0	82.0
	ub :	69.5994	409.3311	95.063
	lb :	48.4459	386.4732	71.3432

	==================================================================================
	Q1:
		Shape: Hybrid
		q_c:	55.0	404.0	89.0
		ub :	61.5541	409.3311	95.063
		lb :	48.4459	398.6689	82.937
		P^-1:
			0.0752	0.053	0.0132
			0.053	0.1199	0.0198
			0.0132	0.0198	0.0449
		A:
			-0.5598	-0.6122	-0.5585
			-0.8563	-0.486	-0.1751
			-0.6362	-0.673	-0.3773
			-0.6015	-0.1411	-0.7863
			-0.7539	0.4176	-0.5072
			-0.4582	-0.8494	0.2618
		b:
			-326.0154
			-257.1029
			-338.9956
			-157.0478
			85.7907
			-343.1116
	==================================================================================
	Q2:
		Shape: Hybrid
		q_c:	61.0	403.5	78.5
		ub :	64.3027	407.5299	82.1263
		lb :	57.6973	399.4701	74.8737
		P^-1:
			0.16	-0.0	0.0
			-0.0	0.16	-0.0
			0.0	-0.0	0.16
		A:
			-0.4386	-0.8074	0.3946
			0.7402	-0.2529	0.623
			-0.2122	0.9569	0.1985
			0.0043	0.5647	0.8253
			0.1102	0.9824	0.1507
			-0.554	-0.4746	-0.6841
		b:
			-320.3158
			-6.7219
			389.9733
			294.1352
			416.2083
			-277.7233
	==================================================================================
	Q3:
		Shape: Ellipse
		q_c:	55.0	398.0	88.0
		ub :	58.4755	401.9996	91.7336
		lb :	51.5245	394.0004	84.2664
		P^-1:
			0.1574	0.0173	-0.0027
			0.0173	0.1504	-0.0589
			-0.0027	-0.0589	0.2133
	==================================================================================
	Q4:
		Shape: Hybrid
		q_c:	64.0	400.0	88.5
		ub :	69.5994	406.3486	93.6464
		lb :	58.4006	393.6514	83.3536
		P^-1:
			0.0738	0.0145	0.0021
			0.0145	0.0658	-0.0191
			0.0021	-0.0191	0.1026
		A:
			-0.8133	-0.3772	0.443
			-0.5166	-0.7879	0.3352
			-0.8214	0.5055	-0.264
			0.0308	0.4828	0.8752
			-0.9332	0.2969	-0.2022
			-0.7724	0.6197	-0.139
		b:
			-161.8392
			-316.6943
			128.8074
			274.8439
			43.578
			188.8614
	==================================================================================
	Q5:
		Shape: Hybrid
		q_c:	65.0	390.0	78.0
		ub :	68.2735	393.5268	81.677
		lb :	61.7265	386.4732	74.323
		P^-1:
			0.2141	0.0437	-0.0425
			0.0437	0.3093	0.148
			-0.0425	0.148	0.2822
		A:
			-0.9014	0.0868	0.4242
			0.5427	0.8395	-0.026
			-0.9191	-0.2096	0.3337
			0.8344	0.363	-0.4148
			0.2529	0.6649	0.7028
			-0.0249	0.9273	0.3735
		b:
			9.6075
			361.816
			-114.1671
			164.7048
			331.4192
			390.1329
	==================================================================================
	Q6:
		Shape: Polyhedra
		q_c:	59.5	399.5	78.0
		ub :	65.5113	406.6088	84.6568
		lb :	53.4887	392.3912	71.3432
		A:
			-0.8947	0.2837	0.345
			-0.8041	0.4859	0.3424
			-0.0866	0.0318	-0.9957
			-0.7346	-0.6732	0.084
			-0.5612	-0.1089	-0.8205
			0.5898	-0.2775	-0.7584
			0.1207	0.6524	0.7482
			0.4357	0.6424	-0.6305
			-0.892	0.4021	-0.2067
			-0.1207	-0.6524	-0.7482
			-0.4357	-0.6424	0.6305
			0.892	-0.4021	0.2067
		b:
			91.1221
			177.0282
			-65.9287
			-301.7932
			-136.8866
			-130.7376
			330.1868
			237.8814
			95.4318
			-322.1868
			-228.8814
			-87.4318


===========================================================================================
===========================================================================================
S7:
	q_c:	59.5	427.0	265.0
	ub :	73.0322	445.5213	284.0573
	lb :	48.4257	404.3176	249.2663

	==================================================================================
	Q1:
		Shape: Ellipse
		q_c:	62.5	415.5	275.0
		ub :	73.0322	426.6824	284.0573
		lb :	51.9678	404.3176	265.9427
		P^-1:
			0.0216	-0.0023	0.0029
			-0.0023	0.0249	-0.0056
			0.0029	-0.0056	0.0274
	==================================================================================
	Q2:
		Shape: Polyhedra
		q_c:	53.5	428.0	261.0
		ub :	58.5743	434.1763	266.9588
		lb :	48.4257	421.8237	255.0412
		A:
			0.779	0.533	0.3302
			-0.7429	-0.5669	-0.3559
			-0.906	-0.3022	-0.2963
			0.9157	0.1172	0.3844
			-0.9268	-0.349	-0.1386
			0.5278	0.6414	0.5568
			0.7501	0.4931	0.4408
			-0.5647	0.1306	0.8149
			0.3442	-0.8601	0.3764
			-0.7501	-0.4931	-0.4408
			0.5647	-0.1306	-0.8149
			-0.3442	0.8601	-0.3764
		b:
			357.1386
			-374.1074
			-253.4768
			201.9266
			-233.3314
			449.7518
			367.2038
			242.379
			-245.4706
			-365.2038
			-234.379
			257.4706
	==================================================================================
	Q3:
		Shape: Polyhedra
		q_c:	63.0	417.5	263.0
		ub :	70.5398	423.6173	269.8477
		lb :	55.4602	411.3827	256.1523
		A:
			0.51	-0.8466	0.1524
			-0.1931	0.7771	0.599
			0.4878	-0.7789	-0.3942
			0.9228	-0.0164	0.385
			-0.046	-0.9891	0.1399
			0.539	0.8413	0.0402
			0.6739	0.3051	0.6729
			0.4417	-0.8965	-0.0358
			0.5923	0.3213	-0.7388
			-0.6739	-0.3051	-0.6729
			-0.4417	0.8965	0.0358
			-0.5923	-0.3213	0.7388
		b:
			-277.6909
			473.7572
			-394.4124
			156.9341
			-375.1533
			400.2184
			351.312
			-352.371
			-17.8375
			-342.312
			359.371
			27.8375
	==================================================================================
	Q4:
		Shape: Polyhedra
		q_c:	58.0	438.0	274.5
		ub :	65.5873	445.5213	281.621
		lb :	50.4127	430.4787	267.379
		A:
			0.7788	0.4931	-0.3877
			0.2225	0.9092	-0.3519
			0.0937	0.1368	-0.9862
			-0.0453	-0.0299	0.9985
			0.8076	-0.3366	-0.4842
			-0.2577	-0.9348	0.2445
			0.1144	0.7835	0.6108
			0.5087	0.4819	-0.7134
			-0.8533	0.3923	-0.3434
			-0.1144	-0.7835	-0.6108
			-0.5087	-0.4819	0.7134
			0.8533	-0.3923	0.3434
		b:
			158.39
			318.3826
			-201.4758
			262.3808
			-228.413
			-353.3742
			521.9636
			47.7471
			34.5598
			-512.9636
			-41.7471
			-21.5598
	==================================================================================
	Q5:
		Shape: Polyhedra
		q_c:	64.0	431.0	258.5
		ub :	72.906	440.0471	267.7337
		lb :	55.094	421.9529	249.2663
		A:
			-0.1673	0.2496	0.9538
			0.6211	0.7833	-0.0243
			0.1752	-0.2809	0.9436
			-0.4739	0.8792	0.049
			-0.9471	-0.3183	0.0405
			-0.9372	-0.3488	0.0048
			0.5251	0.2664	0.8083
			0.2602	0.854	-0.4505
			-0.8103	0.4469	0.3791
			-0.5251	-0.2664	-0.8083
			-0.2602	-0.854	0.4505
			0.8103	-0.4469	-0.3791
		b:
			348.9476
			376.9315
			139.7821
			366.9562
			-181.7079
			-203.4158
			362.856
			274.2713
			244.2602
			-351.856
			-262.2713
			-233.2602
	==================================================================================
	Q6:
		Shape: Polyhedra
		q_c:	56.5	418.5	264.5
		ub :	63.8535	424.4442	272.3297
		lb :	49.1465	412.5558	256.6703
		A:
			0.3872	-0.8396	-0.381
			-0.3049	0.7624	-0.5708
			-0.7841	0.5705	-0.2444
			-0.5171	-0.8555	0.0267
			0.5406	-0.8257	-0.1613
			-0.0167	-0.776	-0.6306
			0.6824	0.32	0.6572
			-0.7167	0.1158	0.6878
			0.144	-0.9403	0.3084
			-0.6824	-0.32	-0.6572
			0.7167	-0.1158	-0.6878
			-0.144	0.9403	-0.3084
		b:
			-424.9437
			155.2412
			134.4808
			-375.9468
			-352.3547
			-487.8968
			349.3196
			196.3834
			-299.3121
			-343.3196
			-183.3834
			308.3121


===========================================================================================
===========================================================================================
S8:
	q_c:	161.5	28.5	255.5
	ub :	181.8522	48.4268	274.9468
	lb :	158.8135	14.8512	241.9978

	==================================================================================
	Q1:
		Shape: Ellipse
		q_c:	168.5	40.5	267.5
		ub :	176.8202	48.4268	274.9468
		lb :	160.1798	32.5732	260.0532
		P^-1:
			0.0393	0.0005	0.0029
			0.0005	0.0397	-0.0019
			0.0029	-0.0019	0.0288
	==================================================================================
	Q2:
		Shape: Polyhedra
		q_c:	165.5	20.5	261.0
		ub :	171.6077	26.1488	266.3892
		lb :	159.3923	14.8512	255.6108
		A:
			0.2383	-0.4563	-0.8573
			0.2485	0.4788	0.842
			-0.0535	-0.2047	0.9774
			0.2908	-0.2227	-0.9305
			0.9959	0.0872	-0.0257
			-0.7086	0.2169	0.6714
			0.9795	0.115	0.1657
			-0.1454	-0.1668	0.9752
			0.1398	-0.9793	-0.1467
			-0.9795	-0.115	-0.1657
			0.1454	0.1668	-0.9752
			-0.1398	0.9793	0.1467
		b:
			-189.4816
			275.0756
			246.0458
			-195.2087
			164.8744
			66.8265
			212.6988
			231.0513
			-30.7196
			-202.6988
			-223.0513
			39.7196
	==================================================================================
	Q3:
		Shape: Hybrid
		q_c:	173.5	38.0	262.0
		ub :	181.8522	43.1605	270.3798
		lb :	165.1478	32.8395	253.6202
		P^-1:
			0.031	0.0014	0.008
			0.0014	0.0492	-0.0016
			0.008	-0.0016	0.0328
		A:
			0.9137	-0.059	-0.4022
			-0.6276	0.3618	-0.6894
			0.3835	-0.6242	-0.6806
			-0.8664	-0.3977	0.3018
			0.228	-0.325	0.9178
			-0.1506	0.8638	-0.4808
		b:
			55.0358
			-273.078
			-131.8993
			-82.6606
			270.6459
			-116.8807
	==================================================================================
	Q4:
		Shape: Ellipse
		q_c:	167.0	26.0	259.5
		ub :	175.1865	35.6842	269.3819
		lb :	158.8135	16.3158	249.6181
		P^-1:
			0.0588	0.0278	0.0064
			0.0278	0.044	0.0069
			0.0064	0.0069	0.0229
	==================================================================================
	Q5:
		Shape: Hybrid
		q_c:	167.5	25.0	245.0
		ub :	171.6385	29.9294	248.0022
		lb :	163.3615	20.0706	241.9978
		P^-1:
			0.1394	-0.0423	-0.0009
			-0.0423	0.123	-0.1123
			-0.0009	-0.1123	0.4046
		A:
			-0.1046	0.2087	-0.9724
			0.9812	-0.183	0.0617
			-0.4533	-0.2278	0.8617
			0.0692	0.0181	-0.9974
			0.4609	-0.6841	0.5654
			-0.4351	0.5734	-0.6942
		b:
			-249.6907
			176.817
			130.6222
			-231.282
			199.9161
			-227.5555
	==================================================================================
	Q6:
		Shape: Hybrid
		q_c:	167.0	39.5	253.0
		ub :	175.0513	45.6871	259.7986
		lb :	158.9487	33.3129	246.2014
		P^-1:
			0.0328	-0.0238	0.0036
			-0.0238	0.1727	-0.0991
			0.0036	-0.0991	0.1176
		A:
			0.1834	0.7062	-0.6839
			-0.512	-0.8209	-0.253
			0.7852	-0.5717	-0.2379
			-0.1949	-0.9069	0.3736
			0.0507	-0.5092	-0.8592
			0.7049	0.6472	-0.2903
		b:
			-113.0197
			-177.2351
			51.9116
			28.2095
			-225.0245
			73.9308


===========================================================================================
===========================================================================================
S9:
	q_c:	497.0	478.5	18.5
	ub :	516.4453	493.8693	34.6993
	lb :	485.9079	458.7793	11.9257

	==================================================================================
	Q1:
		Shape: Hybrid
		q_c:	508.0	484.5	28.0
		ub :	513.5399	490.5205	33.0489
		lb :	502.4601	478.4795	22.9511
		P^-1:
			0.0744	0.0274	0.0128
			0.0274	0.0906	-0.0096
			0.0128	-0.0096	0.1066
		A:
			0.7003	-0.1281	0.7023
			-0.0136	-0.1559	-0.9877
			0.0927	0.6959	-0.7121
			-0.0349	-0.3794	-0.9246
			-0.6557	0.2134	-0.7242
			0.7696	-0.5407	-0.3396
		b:
			315.1789
			-108.3481
			365.8552
			-225.5938
			-248.1562
			122.4735
	==================================================================================
	Q2:
		Shape: Hybrid
		q_c:	492.5	488.0	19.0
		ub :	499.0921	493.8693	24.7885
		lb :	485.9079	482.1307	13.2115
		P^-1:
			0.0706	-0.0137	-0.0068
			-0.0137	0.0646	-0.0085
			-0.0068	-0.0085	0.0774
		A:
			0.6806	-0.4836	0.5504
			-0.832	0.2541	0.4932
			0.4826	-0.772	-0.4137
			-0.1354	0.9508	0.2787
			0.422	0.0844	-0.9027
			-0.7185	-0.4716	0.5113
		b:
			111.4941
			-274.6206
			-144.9567
			404.8961
			233.6052
			-572.1747
	==================================================================================
	Q3:
		Shape: Polyhedra
		q_c:	507.5	484.5	23.0
		ub :	515.6758	493.2276	29.9378
		lb :	499.3242	475.7724	16.0622
		A:
			0.9433	-0.3049	0.1315
			-0.6109	0.0433	-0.7905
			-0.793	0.5181	0.3205
			-0.73	0.6828	-0.0285
			-0.6369	0.7056	-0.3105
			-0.4645	-0.52	-0.7168
			0.7236	0.6814	0.1103
			0.6779	-0.6714	-0.2995
			-0.1301	0.2915	-0.9477
			-0.7236	-0.6814	-0.1103
			-0.6779	0.6714	0.2995
			0.1301	-0.2915	0.9477
		b:
			338.7505
			-301.2448
			-140.7559
			-36.9384
			15.512
			-497.5222
			707.3804
			14.8577
			58.9065
			-692.3804
			-8.8577
			-47.9065
	==================================================================================
	Q4:
		Shape: Ellipse
		q_c:	496.5	465.5	19.0
		ub :	503.3905	472.2207	26.0743
		lb :	489.6095	458.7793	11.9257
		P^-1:
			0.0691	0.0003	-0.0179
			0.0003	0.0603	-0.0128
			-0.0179	-0.0128	0.0478
	==================================================================================
	Q5:
		Shape: Polyhedra
		q_c:	511.0	485.0	20.5
		ub :	516.4453	493.3349	28.1024
		lb :	505.5547	476.6651	12.8976
		A:
			-0.4655	0.2383	-0.8524
			0.9642	-0.0499	0.2603
			0.561	-0.8254	-0.063
			0.8983	-0.4107	0.1563
			-0.973	0.175	-0.1504
			0.9017	-0.4287	0.0557
			0.4299	0.7344	0.5252
			0.9017	-0.32	-0.2907
			-0.0454	0.5986	-0.7998
			-0.4299	-0.7344	-0.5252
			-0.9017	0.32	0.2907
			0.0454	-0.5986	0.7998
		b:
			-134.9844
			478.1614
			-111.0522
			266.0726
			-411.8665
			256.8241
			593.6316
			302.097
			254.7415
			-579.6316
			-297.097
			-246.7415
	==================================================================================
	Q6:
		Shape: Hybrid
		q_c:	493.5	475.5	31.5
		ub :	500.548	482.326	34.6993
		lb :	486.452	468.674	28.3007
		P^-1:
			0.0527	-0.0192	-0.0369
			-0.0192	0.0532	0.0222
			-0.0369	0.0222	0.2397
		A:
			-0.1726	0.3329	0.927
			0.2337	0.3283	-0.9152
			0.1348	-0.2168	-0.9669
			0.3518	-0.2247	0.9087
			0.4694	-0.0759	-0.8797
			0.0291	-0.1616	0.9864
		b:
			103.4916
			244.4394
			-65.9737
			97.4325
			169.2689
			-30.0449


===========================================================================================
===========================================================================================
S10:
	q_c:	126.0	115.0	133.0
	ub :	142.4537	133.0124	148.198
	lb :	112.1022	106.4381	119.0035

	==================================================================================
	Q1:
		Shape: Ellipse
		q_c:	131.0	118.0	125.0
		ub :	136.5252	123.4337	128.7799
		lb :	125.4748	112.5663	121.2201
		P^-1:
			0.3037	0.0618	-0.4064
			0.0618	0.0908	-0.0381
			-0.4064	-0.0381	0.7567
	==================================================================================
	Q2:
		Shape: Ellipse
		q_c:	132.5	126.0	128.5
		ub :	140.0312	133.0124	132.9943
		lb :	124.9688	118.9876	124.0057
		P^-1:
			0.1196	-0.1103	0.0233
			-0.1103	0.1383	-0.0335
			0.0233	-0.0335	0.0915
	==================================================================================
	Q3:
		Shape: Ellipse
		q_c:	125.0	121.5	125.5
		ub :	131.1182	125.7687	131.9965
		lb :	118.8818	117.2313	119.0035
		P^-1:
			0.0567	0.0073	0.0045
			0.0073	0.1492	-0.0314
			0.0045	-0.0314	0.066
	==================================================================================
	Q4:
		Shape: Polyhedra
		q_c:	133.0	115.5	135.5
		ub :	142.4537	124.5619	143.4343
		lb :	123.5463	106.4381	127.5657
		A:
			0.3042	-0.9495	0.0763
			0.1142	-0.9934	-0.0134
			-0.8559	0.1288	-0.5009
			0.3431	-0.9357	0.082
			0.0562	-0.7457	0.6639
			-0.4169	0.4074	-0.8126
			0.7127	0.6744	0.193
			0.3452	-0.5767	0.7405
			0.6107	-0.4611	-0.6438
			-0.7127	-0.6744	-0.193
			-0.3452	0.5767	-0.7405
			-0.6107	0.4611	0.6438
		b:
			-53.7627
			-95.966
			-161.9873
			-46.2402
			15.1762
			-114.853
			204.8345
			83.1362
			-52.7656
			-192.8345
			-76.1362
			65.7656
	==================================================================================
	Q5:
		Shape: Ellipse
		q_c:	118.0	114.0	137.0
		ub :	123.8978	120.0442	142.5468
		lb :	112.1022	107.9558	131.4532
		P^-1:
			0.066	-0.0095	0.0082
			-0.0095	0.0885	-0.0223
			0.0082	-0.0223	0.0816
	==================================================================================
	Q6:
		Shape: Hybrid
		q_c:	120.5	112.5	143.5
		ub :	125.0789	117.3341	148.198
		lb :	115.9211	107.6659	138.802
		P^-1:
			0.1038	0.034	0.0093
			0.034	0.134	0.0143
			0.0093	0.0143	0.0855
		A:
			-0.7351	-0.1543	-0.6601
			0.7691	-0.1782	0.6138
			-0.22	-0.3764	-0.9
			0.0919	-0.0069	-0.9957
			-0.0616	0.7509	0.6575
			0.6598	-0.7189	0.2189
		b:
			-198.8269
			162.8228
			-196.1041
			-130.3693
			173.1717
			32.2568


===========================================================================================
===========================================================================================
S11:
	q_c:	124.0	140.5	379.0
	ub :	160.8736	176.7677	406.7763
	lb :	97.3579	113.7697	355.0107

	==================================================================================
	Q1:
		Shape: Polyhedra
		q_c:	109.0	160.5	368.5
		ub :	120.6421	172.3726	381.9893
		lb :	97.3579	148.6274	355.0107
		A:
			0.7743	-0.2163	0.5947
			0.7294	0.2474	0.6378
			-0.0867	-0.9949	0.0511
			0.2706	-0.911	0.3112
			-0.2176	-0.8946	-0.3903
			0.6174	0.035	-0.7859
			0.7367	0.6752	0.0379
			0.5982	-0.6768	0.4291
			0.3154	-0.2934	-0.9025
			-0.7367	-0.6752	-0.0379
			-0.5982	0.6768	-0.4291
			-0.3154	0.2934	0.9025
		b:
			277.1688
			361.4188
			-143.4295
			6.3706
			-304.0254
			-207.1181
			206.6283
			123.7115
			-334.7774
			-198.6283
			-105.7115
			355.7774
	==================================================================================
	Q2:
		Shape: Ellipse
		q_c:	146.5	131.0	374.5
		ub :	160.8736	148.1429	384.6835
		lb :	132.1264	113.8571	364.3165
		P^-1:
			0.0074	0.0004	0.0007
			0.0004	0.0109	-0.0152
			0.0007	-0.0152	0.0434
	==================================================================================
	Q3:
		Shape: Polyhedra
		q_c:	139.0	165.5	395.5
		ub :	152.6945	176.7677	406.7763
		lb :	125.3055	154.2323	384.2237
		A:
			0.1977	0.2392	0.9506
			-0.0286	0.3406	0.9398
			-0.7154	-0.2889	0.6362
			0.4837	0.7172	-0.5016
			0.0538	0.9486	-0.3117
			-0.1879	0.9787	-0.0826
			0.3042	0.8292	0.4688
			-0.115	0.5205	-0.846
			-0.9456	0.2035	0.2538
			-0.3042	-0.8292	-0.4688
			0.115	-0.5205	0.846
			0.9456	-0.2035	-0.2538
		b:
			449.6347
			431.3809
			114.0769
			-4.8576
			47.6652
			110.5905
			371.953
			-258.4506
			14.0883
			-357.953
			270.4506
			8.9117
	==================================================================================
	Q4:
		Shape: Ellipse
		q_c:	117.0	131.0	371.5
		ub :	131.9787	148.2303	387.0545
		lb :	102.0213	113.7697	355.9455
		P^-1:
			0.0182	0.0119	-0.0068
			0.0119	0.0168	-0.0059
			-0.0068	-0.0059	0.0105
	==================================================================================
	Q5:
		Shape: Ellipse
		q_c:	139.5	157.5	364.0
		ub :	151.9178	168.9862	370.0996
		lb :	127.0822	146.0138	357.9004
		P^-1:
			0.0269	0.0242	0.0131
			0.0242	0.0397	0.016
			0.0131	0.016	0.0633
	==================================================================================
	Q6:
		Shape: Polyhedra
		q_c:	126.5	154.5	396.0
		ub :	138.2963	165.8144	406.0782
		lb :	114.7037	143.1856	385.9218
		A:
			-0.0008	0.5336	-0.8458
			-0.396	0.3366	-0.8543
			-0.3922	-0.2566	-0.8834
			-0.8438	0.4634	-0.2709
			-0.1837	-0.9782	-0.0966
			0.5282	-0.7991	0.2873
			0.6504	0.7591	0.028
			0.5498	-0.4449	-0.7069
			-0.5242	0.4752	-0.7067
			-0.6504	-0.7591	-0.028
			-0.5498	0.4449	0.7069
			0.5242	-0.4752	0.7067
		b:
			-246.6851
			-331.0961
			-432.4187
			-136.2013
			-205.7783
			63.2057
			217.1502
			-270.1448
			-267.7511
			-204.1502
			288.1448
			277.7511


===========================================================================================
===========================================================================================
S12:
	q_c:	375.5	101.0	218.5
	ub :	397.218	122.7299	242.0841
	lb :	364.8481	78.6378	203.1526

	==================================================================================
	Q1:
		Shape: Polyhedra
		q_c:	385.5	112.0	228.5
		ub :	392.9502	122.7299	237.8973
		lb :	378.0498	101.2701	219.1027
		A:
			-0.9635	0.075	-0.257
			0.7871	0.3192	0.5278
			0.2499	-0.5366	-0.806
			0.3405	-0.449	-0.8261
			0.026	0.0772	0.9967
			-0.8141	0.1876	0.5496
			0.6946	0.2407	0.678
			-0.0457	0.9552	-0.2924
			-0.718	0.1722	0.6744
			-0.6946	-0.2407	-0.678
			0.0457	-0.9552	0.2924
			0.718	-0.1722	-0.6744
		b:
			-416.0962
			465.7917
			-142.7874
			-103.0585
			251.8073
			-163.1398
			455.6302
			31.5654
			-99.3925
			-443.6302
			-13.5654
			107.3925
	==================================================================================
	Q2:
		Shape: Hybrid
		q_c:	372.0	104.0	227.5
		ub :	379.1519	112.0548	234.3453
		lb :	364.8481	95.9452	220.6547
		P^-1:
			0.0882	0.0442	0.0477
			0.0442	0.0619	0.0304
			0.0477	0.0304	0.0778
		A:
			0.3428	0.278	0.8974
			0.9353	0.2292	0.2698
			0.4552	0.4623	0.7609
			-0.9665	-0.0147	-0.2563
			-0.5771	-0.5468	0.6066
			0.2827	0.6997	0.6561
		b:
			362.6442
			435.3549
			392.1558
			-416.5051
			-129.924
			329.4406
	==================================================================================
	Q3:
		Shape: Hybrid
		q_c:	387.0	89.5	236.0
		ub :	397.218	98.9606	242.0841
		lb :	376.782	80.0394	229.9159
		P^-1:
			0.0278	0.0215	0.0056
			0.0215	0.0477	0.015
			0.0056	0.015	0.0693
		A:
			-0.1068	-0.8752	-0.4718
			0.4535	0.4304	0.7804
			-0.2712	-0.1545	0.95
			-0.064	-0.0815	0.9946
			0.2923	-0.4022	0.8676
			-0.48	-0.7062	-0.5206
		b:
			-228.1754
			400.2652
			107.9046
			204.9412
			285.8041
			-369.8902
	==================================================================================
	Q4:
		Shape: Ellipse
		q_c:	374.5	86.5	220.0
		ub :	382.6622	93.3346	226.5489
		lb :	366.3378	79.6654	213.4511
		P^-1:
			0.0706	0.001	-0.0642
			0.001	0.048	-0.0168
			-0.0642	-0.0168	0.1112
	==================================================================================
	Q5:
		Shape: Polyhedra
		q_c:	389.0	94.0	213.0
		ub :	397.122	103.7145	222.8474
		lb :	380.878	84.2855	203.1526
		A:
			-0.0379	0.6208	-0.783
			-0.0292	0.9221	0.3858
			0.845	-0.2649	0.4645
			-0.7636	-0.6092	-0.2139
			-0.9647	-0.0624	0.256
			0.1908	-0.9439	-0.2695
			0.5738	0.5831	0.5752
			-0.7814	0.6001	0.1711
			-0.2454	-0.5476	0.7999
			-0.5738	-0.5831	-0.5752
			0.7814	-0.6001	-0.1711
			0.2454	0.5476	-0.7999
		b:
			-115.8982
			162.536
			407.7553
			-394.1478
			-321.3122
			-67.0316
			406.0149
			-207.1034
			30.9337
			-395.0149
			215.1034
			-15.9337
	==================================================================================
	Q6:
		Shape: Polyhedra
		q_c:	378.0	87.0	220.5
		ub :	389.5686	95.3622	229.4322
		lb :	366.4314	78.6378	211.5678
		A:
			0.9373	0.3373	0.0874
			-0.2443	0.705	0.6658
			0.3455	0.2358	-0.9083
			0.5218	-0.5931	-0.6131
			-0.1333	0.965	0.2258
			-0.4112	0.7139	0.5669
			0.3976	0.1661	0.9024
			-0.8488	-0.307	0.4305
			0.3486	-0.9371	0.0189
			-0.3976	-0.1661	-0.9024
			0.8488	0.307	-0.4305
			-0.3486	0.9371	-0.0189
		b:
			411.1748
			121.418
			-41.4572
			16.9103
			88.4308
			37.5041
			369.2338
			-243.6116
			59.3909
			-358.2338
			261.6116
			-49.3909


===========================================================================================
===========================================================================================
S13:
	q_c:	242.0	295.5	65.0
	ub :	259.2899	312.9033	87.8635
	lb :	229.0049	278.638	47.3482

	==================================================================================
	Q1:
		Shape: Hybrid
		q_c:	249.0	288.0	57.0
		ub :	259.2899	292.2539	66.6518
		lb :	238.7101	283.7461	47.3482
		P^-1:
			0.0202	0.0252	0.0017
			0.0252	0.2383	0.0441
			0.0017	0.0441	0.0308
		A:
			-0.0563	0.8336	-0.5495
			-0.3677	-0.7959	-0.481
			0.1488	-0.9147	-0.3758
			-0.977	-0.1799	0.1143
