3D_50_14_6_e                l = 3

===========================================================================================
===========================================================================================
S1:
	q_c:	416.0	191.0	348.0
	ub :	435.4956	204.1189	370.6563
	lb :	393.1092	177.4738	325.6645

	==================================================================================
	Q1:
		Shape: Polyhedra
		q_c:	420.5	193.5	344.0
		ub :	428.7429	201.6439	353.402
		lb :	412.2571	185.3561	334.598
		A:
			-0.9562	-0.1758	-0.2339
			0.6602	0.1637	-0.7331
			-0.0599	0.8867	0.4585
			0.4484	-0.3347	-0.8288
			0.6933	-0.4695	0.5467
			-0.941	-0.2781	0.1927
			0.2285	0.8151	0.5324
			0.8414	0.1098	-0.5292
			-0.4898	0.5688	-0.6607
			-0.2285	-0.8151	-0.5324
			-0.8414	-0.1098	0.5292
			0.4898	-0.5688	0.6607
		b:
			-511.2652
			61.7861
			308.7687
			-156.7746
			395.6288
			-378.6231
			441.4362
			197.4993
			-316.1664
			-432.4362
			-188.4993
			330.1664
	==================================================================================
	Q2:
		Shape: Hybrid
		q_c:	425.0	184.0	349.0
		ub :	435.4956	190.5262	360.1936
		lb :	414.5044	177.4738	337.8064
		P^-1:
			0.03	-0.0019	0.014
			-0.0019	0.0396	0.0027
			0.014	0.0027	0.0203
		A:
			-0.2319	0.967	-0.1058
			0.047	0.1102	0.9928
			-0.1901	0.8136	-0.5494
			-0.9068	0.3929	0.1527
			0.4723	0.0964	0.8761
			0.417	-0.8644	0.281
		b:
			44.9749
			392.5299
			-119.1159
			-255.0719
			527.9652
			118.8038
	==================================================================================
	Q3:
		Shape: Hybrid
		q_c:	406.5	194.5	335.0
		ub :	416.8997	204.1189	344.3355
		lb :	396.1003	184.8811	325.6645
		P^-1:
			0.0256	0.0027	-0.0036
			0.0027	0.022	-0.003
			-0.0036	-0.003	0.0295
		A:
			0.3116	-0.9457	-0.0931
			-0.5099	-0.0066	-0.8602
			-0.9152	-0.0377	0.4013
			-0.8474	0.2639	-0.4607
			0.0942	-0.4379	-0.8941
			0.5441	-0.1951	0.816
		b:
			-84.2109
			-493.1402
			-241.6784
			-443.5993
			-342.8083
			460.2054
	==================================================================================
	Q4:
		Shape: Hybrid
		q_c:	409.0	194.5	364.5
		ub :	416.5046	201.6724	370.6563
		lb :	401.4954	187.3276	358.3437
		P^-1:
			0.044	0.0175	0.0004
			0.0175	0.0649	-0.0109
			0.0004	-0.0109	0.0683
		A:
			0.3753	0.176	0.91
			0.5955	-0.7877	0.158
			-0.4646	-0.5855	-0.6643
			0.3608	-0.0853	-0.9287
			0.334	-0.4153	0.8462
			-0.4113	-0.3228	0.8524
		b:
			521.665
			151.3075
			-543.8175
			-204.998
			366.4945
			81.7864
	==================================================================================
	Q5:
		Shape: Hybrid
		q_c:	429.5	192.0	339.0
		ub :	435.2211	197.6583	342.8528
		lb :	423.7789	186.3417	335.1472
		P^-1:
			0.1378	0.0017	0.1519
			0.0017	0.0625	0.0034
			0.1519	0.0034	0.3691
		A:
			-0.2566	0.8285	0.4978
			-0.3767	0.8123	0.4452
			0.616	0.3115	0.7235
			-0.2589	0.2803	-0.9243
			0.5245	0.207	0.8259
			-0.4566	0.4883	-0.7437
		b:
			220.6637
			148.2443
			570.9715
			-369.5313
			545.9401
			-352.7958
	==================================================================================
	Q6:
		Shape: Hybrid
		q_c:	404.0	192.0	344.0
		ub :	414.8908	199.492	354.8016
		lb :	393.1092	184.508	333.1984
		P^-1:
			0.0201	-0.0128	0.0039
			-0.0128	0.0902	-0.0371
			0.0039	-0.0371	0.0368
		A:
			-0.2293	-0.1523	-0.9614
			0.0971	0.9931	-0.0664
			0.4958	-0.626	0.6019
			0.9646	0.262	0.0307
			0.448	-0.6908	-0.5675
			0.1453	-0.8894	0.4334
		b:
			-446.7138
			210.0522
			290.1271
			456.6464
			-141.7415
			38.5404


===========================================================================================
===========================================================================================
S2:
	q_c:	138.0	228.5	501.0
	ub :	151.6697	241.0806	513.9719
	lb :	124.5609	218.8017	490.4151

	==================================================================================
	Q1:
		Shape: Ellipse
		q_c:	132.0	232.0	500.0
		ub :	139.4391	239.2058	505.5118
		lb :	124.5609	224.7942	494.4882
		P^-1:
			0.0515	0.0157	-0.0316
			0.0157	0.0616	-0.0433
			-0.0316	-0.0433	0.1269
	==================================================================================
	Q2:
		Shape: Hybrid
		q_c:	137.5	236.0	496.5
		ub :	139.5727	239.5505	500.6242
		lb :	135.4273	232.4495	492.3758
		P^-1:
			0.4334	-0.0489	-0.0256
			-0.0489	0.1637	0.0239
			-0.0256	0.0239	0.089
		A:
			0.8467	0.1056	0.5214
			0.861	0.3849	-0.3325
			-0.6887	0.4237	0.5884
			0.4755	0.8075	0.3491
			-0.3583	0.9275	0.1065
			0.9405	0.0048	-0.3397
		b:
			401.8019
			45.5153
			298.896
			430.9775
			224.0307
			-37.1945
	==================================================================================
	Q3:
		Shape: Polyhedra
		q_c:	136.0	229.0	494.0
		ub :	137.9458	232.9137	497.5849
		lb :	134.0542	225.0863	490.4151
		A:
			0.9867	-0.1613	-0.018
			0.9442	-0.29	0.156
			0.8237	-0.2023	-0.5297
			0.8953	-0.4455	0.0077
			-0.8827	0.0481	-0.4674
			0.9517	-0.2882	0.106
			0.3176	0.8654	0.3876
			-0.018	0.4142	-0.91
			-0.9481	0.2821	0.1471
			-0.3176	-0.8654	-0.3876
			0.018	-0.4142	0.91
			0.9481	-0.2821	-0.1471
		b:
			89.4787
			140.3107
			-194.6086
			24.7019
			-338.0605
			116.9409
			435.8391
			-354.6472
			9.321
			-429.8391
			359.6472
			-7.321
	==================================================================================
	Q4:
		Shape: Polyhedra
		q_c:	146.0	229.0	508.5
		ub :	151.6697	234.3772	513.9719
		lb :	140.3303	223.6228	503.0281
		A:
			-0.0276	0.778	0.6276
			0.4509	-0.6017	-0.6593
			0.0229	-0.1825	-0.9829
			-0.4049	-0.8861	0.2253
			-0.9612	-0.2699	0.0569
			-0.0174	0.2666	0.9637
			0.3766	0.5924	0.7122
			0.7406	0.2692	-0.6157
			-0.5565	0.7593	-0.3373
			-0.3766	-0.5924	-0.7122
			-0.7406	-0.2692	0.6157
			0.5565	-0.7593	0.3373
		b:
			496.3906
			-403.9135
			-535.083
			-144.093
			-169.8189
			551.6804
			555.7887
			-139.7801
			-75.3968
			-549.7887
			146.7801
			82.3968
	==================================================================================
	Q5:
		Shape: Polyhedra
		q_c:	137.0	224.5	498.0
		ub :	142.2279	230.1983	503.5404
		lb :	131.7721	218.8017	492.4596
		A:
			-0.7132	0.5705	0.4072
			-0.6397	-0.2886	0.7123
			-0.1404	0.2286	0.9634
			0.6215	0.7745	0.1181
			-0.3049	-0.5882	-0.749
			-0.5904	0.1997	0.782
			0.1112	0.6846	0.7204
			0.7247	0.4402	-0.5302
			-0.6801	0.581	-0.4472
			-0.1112	-0.6846	-0.7204
			-0.7247	-0.4402	0.5302
			0.6801	-0.581	0.4472
		b:
			236.5974
			205.3074
			514.8846
			320.847
			-543.7961
			356.4474
			530.6754
			-62.9361
			-181.4301
			-524.6754
			68.9361
			189.4301
	==================================================================================
	Q6:
		Shape: Hybrid
		q_c:	145.0	236.0	503.5
		ub :	150.7061	241.0806	509.0473
		lb :	139.2939	230.9194	497.9527
		P^-1:
			0.1207	0.07	0.0797
			0.07	0.1698	0.002
			0.0797	0.002	0.1526
		A:
			0.5868	-0.0522	0.8081
			0.8169	0.4109	0.4048
			0.1415	0.1531	-0.978
			0.1173	0.4585	0.8809
			0.0435	-0.9595	0.2785
			0.7113	0.1671	0.6827
		b:
			480.8727
			420.6577
			-433.1692
			571.1685
			-78.141
			487.5238


===========================================================================================
===========================================================================================
S3:
	q_c:	250.0	371.5	273.0
	ub :	263.6414	391.4834	293.4503
	lb :	231.6111	353.7375	252.7027

	==================================================================================
	Q1:
		Shape: Polyhedra
		q_c:	238.5	364.0	277.0
		ub :	245.3889	372.4991	285.7615
		lb :	231.6111	355.5009	268.2385
		A:
			-0.8738	-0.0111	-0.4862
			0.7473	-0.5806	-0.3232
			-0.0539	0.2596	-0.9642
			-0.2931	-0.8483	0.441
			0.768	-0.5323	-0.3562
			0.7825	0.5205	0.3418
			0.091	0.6474	0.7567
			-0.2976	0.7429	-0.5997
			-0.9504	-0.1706	0.2602
			-0.091	-0.6474	-0.7567
			0.2976	-0.7429	0.5997
			0.9504	0.1706	-0.2602
		b:
			-341.8678
			-117.3894
			-179.9882
			-251.1836
			-104.0325
			475.9829
			472.4606
			38.8153
			-211.6684
			-461.4606
			-27.8153
			221.6684
	==================================================================================
	Q2:
		Shape: Polyhedra
		q_c:	240.5	383.5	260.5
		ub :	248.0271	391.4834	268.2973
		lb :	232.9729	375.5166	252.7027
		A:
			0.5692	-0.3186	0.758
			0.923	-0.1798	-0.3403
			-0.9282	-0.1084	0.3561
			0.4369	-0.468	0.7682
			0.2945	-0.4588	-0.8383
			0.288	-0.9088	0.3019
			0.7918	0.5082	0.3388
			0.5932	-0.7719	-0.2286
			0.1453	0.382	-0.9127
			-0.7918	-0.5082	-0.3388
			-0.5932	0.7719	0.2286
			-0.1453	-0.382	0.9127
		b:
			217.4512
			69.0455
			-166.9356
			130.9439
			-318.7352
			-196.0551
			479.0637
			-208.9275
			-50.8209
			-468.0637
			216.9275
			61.8209
	==================================================================================
	Q3:
		Shape: Hybrid
		q_c:	242.0	370.0	265.5
		ub :	250.7981	376.338	275.4318
		lb :	233.2019	363.662	255.5682
		P^-1:
			0.0972	-0.0359	-0.062
			-0.0359	0.0506	0.0252
			-0.062	0.0252	0.0576
		A:
			-0.4788	0.733	-0.4832
			0.7259	-0.4277	-0.5387
			-0.1416	-0.8022	0.58
			-0.8675	-0.3578	0.3455
			-0.6697	0.5007	0.5484
			0.8703	-0.3372	-0.3589
		b:
			32.7432
			-124.346
			-172.3478
			-247.1803
			170.1921
			-7.5343
	==================================================================================
	Q4:
		Shape: Ellipse
		q_c:	249.0	363.0	277.5
		ub :	257.8096	372.1363	286.257
		lb :	240.1904	353.8637	268.743
		P^-1:
			0.0309	-0.0018	-0.0039
			-0.0018	0.0159	-0.0001
			-0.0039	-0.0001	0.0256
	==================================================================================
	Q5:
		Shape: Polyhedra
		q_c:	240.0	374.5	267.0
		ub :	247.2639	384.3069	276.8218
		lb :	232.7361	364.6931	257.1782
		A:
			-0.2843	0.9536	-0.0988
			0.8072	-0.0005	0.5902
			-0.7453	0.3419	-0.5724
			-0.8573	0.3932	-0.3324
			0.9712	0.0951	-0.2186
			0.9072	-0.4055	-0.1121
			0.044	0.5554	0.8304
			0.6584	0.609	-0.4422
			-0.7513	0.5662	-0.3389
			-0.044	-0.5554	-0.8304
			-0.6584	-0.609	0.4422
			0.7513	-0.5662	0.3389
		b:
			267.6172
			356.3129
			-199.2625
			-143.1361
			215.696
			40.6119
			447.2732
			274.0422
			-54.7546
			-433.2732
			-262.0422
			62.7546
	==================================================================================
	Q6:
		Shape: Polyhedra
		q_c:	257.0	361.0	286.5
		ub :	263.6414	368.2625	293.4503
		lb :	250.3586	353.7375	279.5497
		A:
			0.5825	0.806	-0.1055
			-0.3385	-0.8079	-0.4824
			0.9725	0.2328	-0.0035
			-0.3654	-0.7791	-0.5095
			-0.6956	-0.6217	-0.3601
			-0.8427	0.477	0.2495
			0.7908	0.6118	0.0155
			0.5796	-0.7568	0.3021
			0.1966	-0.2299	-0.9532
			-0.7908	-0.6118	-0.0155
			-0.5796	0.7568	-0.3021
			-0.1966	0.2299	0.9532
		b:
			413.7455
			-512.6517
			336.5388
			-516.9195
			-502.9559
			32.3498
			431.5626
			-32.2211
			-300.0544
			-425.5626
			43.2211
			311.0544


===========================================================================================
===========================================================================================
S4:
	q_c:	197.5	129.5	302.5
	ub :	224.0368	147.5818	335.1365
	lb :	164.1297	101.5562	289.6505

	==================================================================================
	Q1:
		Shape: Hybrid
		q_c:	203.0	123.5	321.5
		ub :	217.8779	137.6252	335.1365
		lb :	188.1221	109.3748	307.8635
		P^-1:
			0.0142	0.0044	0.0009
			0.0044	0.0116	0.0012
			0.0009	0.0012	0.0102
		A:
			-0.7119	-0.6046	-0.3572
			-0.4991	-0.8664	-0.0143
			0.7792	-0.622	-0.0779
			0.0432	-0.1436	-0.9887
			-0.978	0.1852	-0.0955
			0.0045	-0.1945	-0.9809
		b:
			-330.1912
			-208.4394
			63.2822
			-320.7014
			-200.5836
			-332.4056
	==================================================================================
	Q2:
		Shape: Ellipse
		q_c:	209.0	134.5	323.0
		ub :	219.3895	140.9328	332.9727
		lb :	198.6105	128.0672	313.0273
		P^-1:
			0.0303	-0.0062	0.0196
			-0.0062	0.0579	-0.0029
			0.0196	-0.0029	0.0375
	==================================================================================
	Q3:
		Shape: Polyhedra
		q_c:	175.5	114.5	319.5
		ub :	186.8703	124.6557	330.9458
		lb :	164.1297	104.3443	308.0542
		A:
			0.615	0.1443	0.7752
			0.1476	-0.0538	-0.9876
			-0.5351	0.8448	-0.0028
			-0.4863	-0.8738	-0.0069
			-0.1159	0.9894	-0.0872
			0.6465	-0.0389	0.7619
			0.1342	0.7077	0.6936
			-0.9471	-0.1143	0.3
			0.2916	-0.6972	0.6549
			-0.1342	-0.7077	-0.6936
			0.9471	0.1143	-0.3
			-0.2916	0.6972	-0.6549
		b:
			378.9538
			-288.8349
			9.0358
			-180.336
			71.7353
			359.4455
			332.2104
			-74.4666
			187.5848
			-320.2104
			92.4666
			-173.5848
	==================================================================================
	Q4:
		Shape: Ellipse
		q_c:	205.0	118.5	313.5
		ub :	218.1938	132.6074	324.3885
		lb :	191.8062	104.3926	302.6115
		P^-1:
			0.0168	0.0099	-0.0147
			0.0099	0.0242	-0.0218
			-0.0147	-0.0218	0.0406
	==================================================================================
	Q5:
		Shape: Hybrid
		q_c:	211.5	112.5	313.5
		ub :	224.0368	123.4438	327.4539
		lb :	198.9632	101.5562	299.5461
		P^-1:
			0.0266	0.0097	0.0112
			0.0097	0.0258	0.0021
			0.0112	0.0021	0.0162
		A:
			-0.4923	-0.8161	-0.3026
			0.72	-0.6674	0.1901
			0.7954	0.1701	0.5818
			-0.2303	-0.1155	-0.9662
			0.9429	-0.2199	0.2502
			-0.1294	-0.6645	0.736
		b:
			-287.8825
			142.1395
			372.6621
			-358.8122
			257.7552
			134.1812
	==================================================================================
	Q6:
		Shape: Ellipse
		q_c:	186.0	139.0	298.5
		ub :	193.3031	147.5818	307.3495
		lb :	178.6969	130.4182	289.6505
		P^-1:
			0.0282	-0.0008	0.0011
			-0.0008	0.0329	0.0002
			0.0011	0.0002	0.0328


===========================================================================================
===========================================================================================
S5:
	q_c:	268.0	22.0	293.0
	ub :	294.1364	35.162	315.1788
	lb :	250.449	-0.2326	281.7898

	==================================================================================
	Q1:
		Shape: Polyhedra
		q_c:	272.5	23.0	297.5
		ub :	281.684	30.2264	306.8144
		lb :	263.316	15.7736	288.1856
		A:
			-0.2126	-0.5823	-0.7847
			-0.4428	0.0152	-0.8965
			-0.0226	0.8869	0.4614
			-0.1768	-0.7176	-0.6736
			0.6811	-0.4104	0.6063
			-0.4415	0.8347	0.3291
			0.49	0.6924	0.5295
			0.8059	-0.1283	-0.578
			-0.3323	0.71	-0.6209
			-0.49	-0.6924	-0.5295
			-0.8059	0.1283	0.578
			0.3323	-0.71	0.6209
		b:
			-300.6151
			-382.2903
			156.0091
			-261.0168
			361.9232
			2.5464
			310.4902
			51.68
			-253.4444
			-303.4902
			-37.68
			264.4444
	==================================================================================
	Q2:
		Shape: Polyhedra
		q_c:	259.5	28.5	289.0
		ub :	263.8943	34.522	294.6358
		lb :	255.1057	22.478	283.3642
		A:
			0.8892	0.0979	-0.4469
			-0.0534	0.5751	0.8163
			0.0278	0.2528	0.9671
			-0.3747	-0.6618	-0.6493
			0.239	0.7107	0.6616
			-0.6408	0.0912	-0.7622
			0.0059	0.6505	0.7595
			0.0708	0.7573	-0.6492
			-0.9975	0.0576	-0.0416
			-0.0059	-0.6505	-0.7595
			-0.0708	-0.7573	0.6492
			0.9975	-0.0576	0.0416
		b:
			108.6311
			241.017
			297.2119
			-300.965
			276.1597
			-379.8405
			242.0584
			-142.1611
			-265.2238
			-237.0584
			153.1611
			273.2238
	==================================================================================
	Q3:
		Shape: Ellipse
		q_c:	281.5	13.0	303.5
		ub :	294.1364	26.2326	315.1788
		lb :	268.8636	-0.2326	291.8212
		P^-1:
			0.0164	0.001	-0.0003
			0.001	0.017	0.0002
			-0.0003	0.0002	0.0177
	==================================================================================
	Q4:
		Shape: Polyhedra
		q_c:	257.5	16.0	294.5
		ub :	264.551	23.7828	302.0245
		lb :	250.449	8.2172	286.9755
		A:
			-0.123	-0.9466	-0.298
			-0.8782	-0.0531	0.4753
			0.8345	0.1177	0.5384
			-0.2911	0.0245	0.9564
			0.0328	0.5245	-0.8508
			-0.1847	0.1553	0.9704
			0.4541	0.4047	0.7937
			-0.2258	-0.8095	0.542
			0.8618	-0.4254	-0.2762
			-0.4541	-0.4047	-0.7937
			0.2258	0.8095	-0.542
			-0.8618	0.4254	0.2762
		b:
			-129.882
			-82.3675
			379.8039
			211.7446
			-228.8202
			245.3243
			361.6616
			93.5072
			138.2707
			-352.6616
			-83.5072
			-129.2707
	==================================================================================
	Q5:
		Shape: Polyhedra
		q_c:	261.5	26.0	287.5
		ub :	271.2189	35.162	293.2102
		lb :	251.7811	16.838	281.7898
		A:
			-0.4126	0.451	0.7914
			0.4039	-0.7393	-0.5388
			-0.5385	-0.833	0.127
			-0.5314	0.394	0.75
			-0.268	-0.7889	0.553
			0.4841	0.148	-0.8624
			0.9063	0.4211	0.035
			0.4099	-0.8963	0.1693
			0.1026	-0.1391	-0.9849
			-0.9063	-0.4211	-0.035
			-0.4099	0.8963	-0.1693
			-0.1026	0.1391	0.9849
		b:
			136.2873
			-63.1323
			-118.8836
			92.0357
			74.6253
			-112.1566
			265.5061
			138.5623
			-255.4511
			-250.5061
			-126.5623
			264.4511
	==================================================================================
	Q6:
		Shape: Polyhedra
		q_c:	281.5	11.0	301.5
		ub :	291.8911	16.7718	312.2499
		lb :	271.1089	5.2282	290.7501
		A:
			0.2173	0.9445	0.2462
			-0.0908	0.9434	0.3191
			-0.6832	-0.5823	0.4405
			0.7755	-0.0554	0.629
			-0.1602	-0.7723	0.6148
			0.6712	-0.6849	-0.2834
			0.0388	0.9739	0.2238
			0.7025	0.1327	-0.6992
			-0.7107	0.1843	-0.6789
			-0.0388	-0.9739	-0.2238
			-0.7025	-0.1327	0.6992
			0.7107	-0.1843	0.6789
		b:
			149.5059
			84.6302
			-60.3996
			415.7451
			137.5945
			101.4799
			92.6097
			-5.6176
			-394.2282
			-85.6097
			17.6176
			411.2282


===========================================================================================
===========================================================================================
S6:
	q_c:	33.0	498.5	499.5
	ub :	46.7255	507.7583	512.9189
	lb :	22.374	485.6808	488.4532

	==================================================================================
	Q1:
		Shape: Ellipse
		q_c:	38.5	489.5	506.5
		ub :	44.9068	493.3192	512.9189
		lb :	32.0932	485.6808	500.0811
		P^-1:
			0.0595	-0.0032	0.0214
			-0.0032	0.1096	-0.0058
			0.0214	-0.0058	0.0636
	==================================================================================
	Q2:
		Shape: Hybrid
		q_c:	35.0	502.0	493.0
		ub :	41.3109	506.9201	497.5468
		lb :	28.6891	497.0799	488.4532
		P^-1:
			0.1222	-0.0281	0.1508
			-0.0281	0.1414	-0.108
			0.1508	-0.108	0.3251
		A:
			-0.6163	0.641	-0.4575
			-0.532	0.4589	-0.7116
			-0.1542	0.5173	-0.8418
			-0.7526	-0.0124	-0.6583
			0.7891	-0.0529	0.612
			-0.2103	-0.0189	-0.9775
		b:
			76.8113
			-137.9991
			-159.5987
			-355.6032
			304.496
			-496.9966
	==================================================================================
	Q3:
		Shape: Hybrid
		q_c:	36.0	495.0	506.0
		ub :	41.2484	500.6048	508.7977
		lb :	30.7516	489.3952	503.2023
		P^-1:
			0.1154	0.0506	-0.079
			0.0506	0.09	-0.0828
			-0.079	-0.0828	0.3995
		A:
			0.2564	0.4974	-0.8287
			0.5975	-0.6811	0.4233
			0.1878	0.0758	0.9793
			0.4995	-0.0659	-0.8638
			0.4835	-0.3016	0.8218
			0.2471	0.7475	0.6166
		b:
			-162.8325
			-98.1421
			541.1191
			-450.2074
			285.9967
			693.5464
	==================================================================================
	Q4:
		Shape: Hybrid
		q_c:	40.5	496.5	501.0
		ub :	46.7255	504.0834	508.5821
		lb :	34.2745	488.9166	493.4179
		P^-1:
			0.0883	-0.03	0.0083
			-0.03	0.0609	-0.0153
			0.0083	-0.0153	0.0444
		A:
			-0.8231	0.3628	0.4368
			0.8739	0.2597	-0.4108
			-0.6408	-0.6666	0.3807
			-0.9991	0.0264	0.0344
			-0.1982	-0.1289	0.9716
			0.1417	-0.2526	-0.9571
		b:
			367.9985
			-38.7585
			-163.0534
			-7.9797
			418.0633
			-595.5416
	==================================================================================
	Q5:
		Shape: Polyhedra
		q_c:	33.5	493.5	497.5
		ub :	35.7399	497.6798	502.3025
		lb :	31.2601	489.3202	492.6975
		A:
			-0.6891	0.7188	0.0915
			-0.7041	0.6704	0.2342
			0.6754	-0.6214	-0.3971
			0.4675	-0.7227	-0.509
			0.0952	0.7793	-0.6193
			0.9631	-0.0299	-0.2674
			0.0534	0.8764	0.4786
			0.9982	-0.0336	-0.0498
			-0.0275	0.4804	-0.8766
			-0.0534	-0.8764	-0.4786
			-0.9982	0.0336	0.0498
			0.0275	-0.4804	0.8766
		b:
			379.607
			426.0133
			-479.3416
			-591.8456
			83.4562
			-113.3637
			674.8966
			-5.9157
			-195.9774
			-669.8966
			9.9157
			203.9774
	==================================================================================
	Q6:
		Shape: Hybrid
		q_c:	27.5	502.0	495.0
		ub :	32.626	507.7583	500.8718
		lb :	22.374	496.2417	489.1282
		P^-1:
			0.1324	0.0107	-0.041
			0.0107	0.0596	0.0109
			-0.041	0.0109	0.099
		A:
			-0.4546	-0.8727	0.1783
			0.6828	0.4709	-0.5586
			0.8588	-0.302	-0.4138
			-0.3171	0.1172	0.9411
			-0.744	-0.0885	0.6623
			0.967	-0.0891	0.2385
		b:
			-359.8047
			-19.6391
			-331.242
			517.7161
			264.2054
			102.0888


===========================================================================================
===========================================================================================
S7:
	q_c:	256.0	130.5	296.5
	ub :	273.1682	151.4415	306.4217
	lb :	249.8896	119.4401	277.7282

	==================================================================================
	Q1:
		Shape: Ellipse
		q_c:	266.0	129.5	299.0
		ub :	273.1682	136.9783	304.5341
		lb :	258.8318	122.0217	293.4659
		P^-1:
			0.0431	-0.0049	0.0017
			-0.0049	0.048	-0.0041
			0.0017	-0.0041	0.0608
	==================================================================================
	Q2:
		Shape: Hybrid
		q_c:	261.5	140.0	303.0
		ub :	265.344	143.6251	306.3876
		lb :	257.656	136.3749	299.6124
		P^-1:
			0.2748	-0.148	-0.1043
			-0.148	0.3153	-0.091
			-0.1043	-0.091	0.3804
		A:
			-0.1683	-0.3711	0.9132
			0.197	-0.9758	-0.0947
			0.846	-0.4787	-0.2349
			0.0847	-0.5141	0.8536
			0.1701	-0.2432	0.9549
			-0.5741	0.6837	0.4505
		b:
			181.477
			-112.4056
			83.8897
			209.6062
			300.9329
			82.9812
	==================================================================================
	Q3:
		Shape: Ellipse
		q_c:	257.5	143.0	286.0
		ub :	263.5679	151.4415	294.2718
		lb :	251.4321	134.5585	277.7282
		P^-1:
			0.0494	0.0006	-0.0003
			0.0006	0.0292	0.0106
			-0.0003	0.0106	0.0439
	==================================================================================
	Q4:
		Shape: Polyhedra
		q_c:	259.5	132.0	288.5
		ub :	266.2992	139.4971	294.5695
		lb :	252.7008	124.5029	282.4305
		A:
			0.4304	0.6408	0.6357
			0.0023	-0.9775	0.2109
			0.3423	-0.9266	-0.1559
			-0.2852	0.195	-0.9384
			-0.8556	-0.3459	0.385
			0.7765	0.3694	0.5105
			0.173	0.287	0.9422
			-0.9043	0.4253	0.0365
			-0.3903	-0.8583	0.3331
			-0.173	-0.287	-0.9422
			0.9043	-0.4253	-0.0365
			0.3903	0.8583	-0.3331
		b:
			384.3071
			-62.6717
			-73.7661
			-314.4357
			-151.8319
			402.1458
			359.0949
			-163.4985
			-113.4715
			-350.0949
			172.4985
			123.4715
	==================================================================================
	Q5:
		Shape: Hybrid
		q_c:	255.5	135.0	304.0
		ub :	261.1104	137.1977	306.4217
		lb :	249.8896	132.8023	301.5783
		P^-1:
			0.0352	-0.0106	0.0276
			-0.0106	0.4442	0.0007
			0.0276	0.0007	0.4426
		A:
			-0.1269	-0.0387	0.9912
			0.2058	-0.9523	0.2252
			-0.4537	0.7553	-0.473
			-0.2241	0.1183	0.9674
			-0.4095	0.8807	-0.2381
			-0.0785	0.9492	0.3046
		b:
			264.7408
			-6.5161
			-155.8985
			254.1749
			-56.407
			201.4896
	==================================================================================
	Q6:
		Shape: Polyhedra
		q_c:	257.0	126.5	293.5
		ub :	263.992	133.5599	298.8173
		lb :	250.008	119.4401	288.1827
		A:
			-0.6628	-0.531	0.528
			-0.3222	0.097	0.9417
			-0.868	-0.1003	0.4862
			0.2441	0.1173	-0.9626
			0.1071	-0.268	-0.9575
			0.9367	-0.3264	-0.1269
			0.5034	0.5238	0.6872
			-0.6638	0.7436	-0.0805
			-0.5531	-0.4156	0.722
			-0.5034	-0.5238	-0.6872
			0.6638	-0.7436	0.0805
			0.5531	0.4156	-0.722
		b:
			-79.473
			209.272
			-89.5146
			-201.6859
			-283.728
			166.7697
			401.3223
			-95.166
			20.1838
			-393.3223
			105.166
			-14.1838


===========================================================================================
===========================================================================================
S8:
	q_c:	42.5	361.5	294.5
	ub :	72.4902	386.5008	297.1812
	lb :	28.4176	328.3438	265.9772

	==================================================================================
	Q1:
		Shape: Ellipse
		q_c:	60.5	341.0	283.5
		ub :	72.4902	353.6562	295.3186
		lb :	48.5098	328.3438	271.6814
		P^-1:
			0.0223	-0.0063	0.0002
			-0.0063	0.0204	0.001
			0.0002	0.001	0.0145
	==================================================================================
	Q2:
		Shape: Hybrid
		q_c:	54.5	371.5	277.0
		ub :	62.3106	381.2627	288.0228
		lb :	46.6894	361.7373	265.9772
		P^-1:
			0.0327	-0.015	0.0065
			-0.015	0.0465	-0.0154
			0.0065	-0.0154	0.0193
		A:
			0.4019	-0.172	0.8994
			0.8784	-0.2641	0.3983
			-0.2801	-0.8492	0.4476
			-0.0418	-0.983	0.1787
			0.3667	-0.9147	-0.1699
			0.7765	-0.5768	0.2537
		b:
			212.4085
			63.4963
			-203.3412
			-314.8022
			-363.0242
			-99.2599
	==================================================================================
	Q3:
		Shape: Ellipse
		q_c:	57.0	368.0	286.0
		ub :	66.1081	377.0386	296.1342
		lb :	47.8919	358.9614	275.8658
		P^-1:
			0.0305	0.0028	0.0031
			0.0028	0.03	-0.0034
			0.0031	-0.0034	0.0294
	==================================================================================
	Q4:
		Shape: Ellipse
		q_c:	42.0	375.5	283.0
		ub :	51.7768	382.981	292.5081
		lb :	32.2232	368.019	273.4919
		P^-1:
			0.0303	-0.0082	0.0043
			-0.0082	0.045	0.006
			0.0043	0.006	0.0276
	==================================================================================
	Q5:
		Shape: Polyhedra
		q_c:	62.5	378.5	287.0
		ub :	69.1614	386.5008	294.0458
		lb :	55.8386	370.4992	279.9542
		A:
			-0.4731	-0.8794	0.0535
			0.9387	0.3443	-0.0205
			-0.9279	0.1222	-0.3523
			-0.6076	-0.7246	-0.3252
			-0.2792	-0.6621	0.6955
			-0.1901	0.8182	-0.5425
			0.8305	0.2811	0.481
			0.4657	-0.8242	-0.3223
			0.3058	0.4916	-0.8153
			-0.8305	-0.2811	-0.481
			-0.4657	0.8242	0.3223
			-0.3058	-0.4916	0.8153
		b:
			-342.6189
			186.577
			-109.1416
			-401.7472
			-63.9033
			147.135
			299.3435
			-369.3505
			-24.3103
			-293.3435
			381.3505
			33.3103
	==================================================================================
	Q6:
		Shape: Hybrid
		q_c:	39.0	367.0	287.0
		ub :	49.5824	374.4344	297.1812
		lb :	28.4176	359.5656	276.8188
		P^-1:
			0.1143	0.1581	0.0829
			0.1581	0.2655	0.1433
			0.0829	0.1433	0.0994
		A:
			0.4103	0.9011	0.1404
			-0.4478	-0.878	-0.1693
			0.3262	0.6959	0.6398
			0.3621	0.7949	0.4869
			0.8797	0.4631	0.1076
			0.6244	0.7359	0.2617
		b:
			389.3782
			-386.2493
			453.2551
			446.5856
			238.7851
			370.8877


===========================================================================================
===========================================================================================
S9:
	q_c:	283.0	202.5	425.5
	ub :	292.633	211.8917	432.6096
	lb :	276.0507	193.6202	417.7059

	==================================================================================
	Q1:
		Shape: Polyhedra
		q_c:	280.5	198.5	422.5
		ub :	284.9493	203.3798	427.2941
		lb :	276.0507	193.6202	417.7059
		A:
			0.9426	-0.0546	-0.3296
			0.4836	-0.1256	0.8662
			-0.9751	-0.0934	-0.2009
			0.4467	0.2943	-0.8449
			-0.868	-0.2674	0.4183
			0.9094	-0.4074	-0.0843
			0.566	0.6641	0.4885
			0.7619	-0.1951	-0.6176
			-0.3148	0.7217	-0.6165
			-0.566	-0.6641	-0.4885
			-0.7619	0.1951	0.6176
			0.3148	-0.7217	0.6165
		b:
			116.5528
			479.8919
			-373.9836
			-170.8334
			-117.3854
			140.9656
			500.4655
			-83.9301
			-202.4996
			-493.4655
			87.9301
			208.4996
	==================================================================================
	Q2:
		Shape: Polyhedra
		q_c:	282.5	208.0	429.0
		ub :	286.2033	211.7168	432.2709
		lb :	278.7967	204.2832	425.7291
		A:
			-0.7176	0.4491	0.5323
			-0.3783	0.8842	-0.2741
			-0.1271	0.8258	-0.5494
			0.4485	-0.7243	0.5238
			-0.771	0.1821	0.6102
			0.9525	-0.2823	-0.114
			0.5743	0.6109	0.545
			0.6929	-0.7172	0.0738
			0.436	0.3352	-0.8352
			-0.5743	-0.6109	-0.545
			-0.6929	0.7172	-0.0738
			-0.436	-0.3352	0.8352
		b:
			120.6278
			-38.947
			-98.2543
			202.2635
			83.3718
			163.2451
			526.5948
			79.7285
			-163.9188
			-519.5948
			-76.7285
			166.9188
	==================================================================================
	Q3:
		Shape: Polyhedra
		q_c:	288.5	209.0	427.0
		ub :	291.0425	211.8917	429.3556
		lb :	285.9575	206.1083	424.6444
		A:
			0.1781	0.941	0.2877
			-0.7751	0.631	-0.0308
			0.2953	0.0962	0.9506
			0.655	-0.0864	-0.7507
			-0.102	-0.1179	-0.9878
			-0.3843	0.876	0.2914
			0.1997	0.9737	0.1099
			0.8083	-0.1003	-0.5802
			-0.5539	0.2047	-0.807
			-0.1997	-0.9737	-0.1099
			-0.8083	0.1003	0.5802
			0.5539	-0.2047	0.807
		b:
			373.3876
			-103.155
			512.7706
			-148.1494
			-474.2806
			198.8565
			310.5533
			-34.0034
			-460.1112
			-305.5533
			37.0034
			463.1112
	==================================================================================
	Q4:
		Shape: Polyhedra
		q_c:	289.0	208.0	429.5
		ub :	292.633	210.4972	432.6096
		lb :	285.367	205.5028	426.3904
		A:
			0.4972	-0.0878	0.8632
			0.3238	0.5617	0.7613
			-0.814	0.4446	-0.3738
			-0.5964	0.1655	-0.7855
			0.7144	-0.455	0.5316
			0.4637	0.1848	0.8665
			0.6302	0.1485	0.7621
			-0.7555	-0.1094	0.646
			0.1793	-0.9828	0.0433
			-0.6302	-0.1485	-0.7621
			0.7555	0.1094	-0.646
			-0.1793	0.9828	-0.0433
		b:
			497.4025
			538.8236
			-301.5381
			-474.1356
			341.6755
			545.7999
			541.3429
			39.8711
			-132.022
			-539.3429
			-32.8711
			136.022
	==================================================================================
	Q5:
		Shape: Hybrid
		q_c:	286.0	205.0	426.0
		ub :	289.341	208.0941	429.6789
		lb :	282.659	201.9059	422.3211
		P^-1:
			0.2745	-0.0454	-0.1602
			-0.0454	0.1715	0.0363
			-0.1602	0.0363	0.2695
		A:
			-0.7631	0.5833	0.2783
			-0.623	0.7258	-0.2915
			-0.2755	0.7684	0.5776
			-0.4569	-0.0329	0.8889
			-0.152	-0.8533	-0.4988
			0.992	-0.1137	-0.0544
		b:
			21.037
			-151.7762
			326.089
			242.282
			-429.093
			238.7458
	==================================================================================
	Q6:
		Shape: Hybrid
		q_c:	285.0	202.5	424.5
		ub :	288.5251	206.5804	427.6427
		lb :	281.4749	198.4196	421.3573
		P^-1:
			0.2057	-0.0618	-0.0191
			-0.0618	0.1636	-0.0267
			-0.0191	-0.0267	0.2418
		A:
			-0.2758	0.9391	-0.205
			-0.6407	-0.2977	0.7077
			-0.89	0.4546	-0.0359
			0.9458	0.3236	0.0262
			-0.6535	0.5708	-0.4971
			0.4926	-0.3834	0.7812
		b:
			25.8622
			58.7775
			-175.8278
			347.8861
			-280.6768
			395.432


===========================================================================================
===========================================================================================
S10:
	q_c:	370.0	57.5	140.0
	ub :	381.5614	69.1636	153.8215
	lb :	357.8075	48.2019	136.7974

	==================================================================================
	Q1:
		Shape: Ellipse
		q_c:	374.0	60.5	149.5
		ub :	378.4914	65.3678	153.8215
		lb :	369.5086	55.6322	145.1785
		P^-1:
			0.1308	0.0181	-0.0158
			0.0181	0.1277	-0.0144
			-0.0158	-0.0144	0.1237
	==================================================================================
	Q2:
		Shape: Hybrid
		q_c:	363.5	60.0	141.5
		ub :	369.1925	64.8017	146.0665
		lb :	357.8075	55.1983	136.9335
		P^-1:
			0.1017	-0.04	0.0381
			-0.04	0.1325	0.0261
			0.0381	0.0261	0.1351
		A:
			0.8019	-0.3571	0.479
			0.8938	-0.2016	-0.4006
			-0.841	-0.5222	-0.1414
			0.8889	-0.2179	0.4029
			-0.0759	-0.8675	0.4917
			0.7065	-0.6578	0.2609
		b:
			339.1815
			258.5964
			-354.3948
			368.6251
			-7.6164
			255.5336
	==================================================================================
	Q3:
		Shape: Hybrid
		q_c:	376.5	63.5	142.5
		ub :	381.5614	69.1636	148.2026
		lb :	371.4386	57.8364	136.7974
		P^-1:
			0.0958	-0.0079	-0.0124
			-0.0079	0.0861	0.0069
			-0.0124	0.0069	0.0925
		A:
			0.5181	-0.5079	0.6882
			0.6141	0.7892	-0.0021
			-0.6541	0.0421	-0.7553
			0.1166	0.0739	-0.9904
			0.3087	0.5085	0.8038
			-0.594	0.8044	-0.008
		b:
			262.8905
			283.0089
			-349.2067
			-90.7485
			264.9647
			-171.9409
	==================================================================================
	Q4:
		Shape: Hybrid
		q_c:	363.5	59.0	144.0
		ub :	366.4945	62.397	147.3739
		lb :	360.5055	55.603	140.6261
		P^-1:
			0.3505	0.0056	0.1053
			0.0056	0.1947	0.0591
			0.1053	0.0591	0.3092
		A:
			0.5622	0.6656	0.4908
			-0.5043	-0.5397	-0.6741
			-0.6666	-0.638	-0.3855
			0.8574	-0.4464	-0.2563
			-0.2369	-0.1843	-0.9539
			-0.6508	0.5876	0.4808
		b:
			315.332
			-311.3343
			-334.4002
			249.5962
			-233.3713
			-131.4273
	==================================================================================
	Q5:
		Shape: Ellipse
		q_c:	372.5	62.0	145.5
		ub :	376.7519	65.919	149.1526
		lb :	368.2481	58.081	141.8474
		P^-1:
			0.1085	0.0381	0.0871
			0.0381	0.1356	0.1234
			0.0871	0.1234	0.3636
	==================================================================================
	Q6:
		Shape: Ellipse
		q_c:	364.5	53.0	146.0
		ub :	370.2119	57.7981	151.8242
		lb :	358.7881	48.2019	140.1758
		P^-1:
			0.0944	0.021	0.0497
			0.021	0.0732	0.0222
			0.0497	0.0222	0.1043


===========================================================================================
===========================================================================================
S11:
	q_c:	164.0	279.5	104.5
	ub :	194.8737	312.7053	127.0555
	lb :	138.612	270.2794	85.8624

	==================================================================================
	Q1:
		Shape: Hybrid
		q_c:	183.0	282.5	102.5
		ub :	194.8737	294.7206	114.7923
		lb :	171.1263	270.2794	90.2077
		P^-1:
			0.0173	-0.0038	-0.0018
			-0.0038	0.0213	-0.006
			-0.0018	-0.006	0.0219
		A:
			-0.2296	-0.0414	0.9724
			-0.1709	0.8863	0.4304
			0.3489	0.937	-0.0165
			0.8611	0.4972	-0.1061
			0.9511	-0.1358	0.2774
			0.7546	-0.299	-0.5841
		b:
			49.7694
			267.973
			331.8027
			292.3979
			168.9009
			-2.2401
	==================================================================================
	Q2:
		Shape: Polyhedra
		q_c:	183.0	283.5	96.5
		ub :	189.8887	292.7464	107.1376
		lb :	176.1113	274.2536	85.8624
		A:
			0.1073	-0.7115	-0.6944
			-0.239	-0.896	-0.3743
			-0.6922	0.6678	0.2736
			0.5636	-0.825	0.0419
			0.9007	-0.3222	0.2914
			0.9034	-0.4233	-0.0681
			0.8502	0.5028	0.1559
			0.5264	-0.8117	-0.2529
			-0.0006	0.2971	-0.9549
			-0.8502	-0.5028	-0.1559
			-0.5264	0.8117	0.2529
			0.0006	-0.2971	0.9549
		b:
			-243.056
			-328.8172
			94.0699
			-121.2716
			107.3318
			43.7671
			318.1799
			-153.2002
			0.9652
			-308.1799
			163.2002
			17.0348
	==================================================================================
	Q3:
		Shape: Polyhedra
		q_c:	155.0	301.0	102.0
		ub :	167.8933	312.7053	110.3977
		lb :	142.1067	289.2947	93.6023
		A:
			0.433	0.8593	-0.2723
			-0.6441	-0.6244	0.4418
			-0.41	-0.8701	0.2734
			-0.3232	0.4683	0.8223
			-0.115	0.5197	-0.8466
			-0.0028	0.328	0.9447
			0.2909	0.8164	0.4988
			0.2731	0.4288	-0.8611
			-0.9169	0.3867	-0.0982
			-0.2909	-0.8164	-0.4988
			-0.2731	-0.4288	0.8611
			0.9169	-0.3867	0.0982
		b:
			303.8203
			-236.8012
			-291.7312
			181.7007
			58.0933
			200.6409
			348.7185
			88.0545
			-25.2371
			-334.7185
			-79.0545
			46.2371
	==================================================================================
	Q4:
		Shape: Ellipse
		q_c:	151.5	292.0	102.0
		ub :	164.388	305.4202	116.1736
		lb :	138.612	278.5798	87.8264
		P^-1:
			0.0183	-0.0046	0.0024
			-0.0046	0.0157	-0.0036
			0.0024	-0.0036	0.0146
	==================================================================================
	Q5:
		Shape: Polyhedra
		q_c:	175.5	299.0	117.5
		ub :	188.1324	311.7332	127.0555
		lb :	162.8676	286.2668	107.9445
		A:
			0.5075	-0.6233	0.5949
			0.0611	-0.0056	0.9981
			0.1996	0.3385	-0.9196
			0.816	0.5436	-0.1966
			0.5956	0.7235	-0.349
			0.6894	0.6089	0.3924
			0.6369	0.5626	0.5271
			-0.5778	0.801	-0.1567
			-0.5103	-0.2048	0.8352
			-0.6369	-0.5626	-0.5271
			0.5778	-0.801	0.1567
			0.5103	0.2048	-0.8352
		b:
			-17.7097
			132.4113
			34.7139
			288.3915
			286.1916
			354.6782
			347.4263
			130.1711
			-46.657
			-336.4263
			-109.1711
			58.657
	==================================================================================
	Q6:
		Shape: Polyhedra
		q_c:	166.5	293.5	94.0
		ub :	175.1452	299.099	100.8486
		lb :	157.8548	287.901	87.1514
		A:
			0.713	0.2759	0.6446
			0.4649	0.6305	0.6215
			-0.5585	0.4192	-0.7158
			0.8232	-0.0845	0.5614
			-0.7341	0.2388	-0.6357
			0.3874	-0.6567	0.6471
			0.1592	0.9869	0.0274
			0.7801	-0.1088	-0.6161
			-0.605	0.1194	-0.7872
			-0.1592	-0.9869	-0.0274
			-0.7801	0.1088	0.6161
			0.605	-0.1194	0.7872
		b:
			262.8322
			324.3624
			-35.2115
			168.1425
			-109.4723
			-64.5569
			323.2242
			49.0583
			-138.1807
			-314.2242
			-31.0583
			141.1807


===========================================================================================
===========================================================================================
S12:
	q_c:	308.0	259.0	343.0
	ub :	330.1113	267.32	370.7016
	lb :	290.2754	240.9395	317.5054

	==================================================================================
	Q1:
		Shape: Ellipse
		q_c:	322.0	259.5	362.5
		ub :	330.1113	267.32	370.7016
		lb :	313.8887	251.68	354.2984
		P^-1:
			0.0431	0.001	-0.0054
			0.001	0.0351	0.0034
			-0.0054	0.0034	0.0442
	==================================================================================
	Q2:
		Shape: Polyhedra
		q_c:	308.0	254.5	328.5
		ub :	314.6575	265.0002	339.4946
		lb :	301.3425	243.9998	317.5054
		A:
			-0.4338	0.4047	-0.805
			0.5205	0.8002	-0.2979
			0.2604	-0.5353	-0.8035
			0.0302	-0.0579	0.9979
			-0.5507	-0.8321	-0.066
			0.5245	-0.1333	-0.8409
			0.1966	0.7398	0.6435
			-0.1203	0.6695	-0.733
			-0.9731	0.0667	0.2206
			-0.1966	-0.7398	-0.6435
			0.1203	-0.6695	0.733
			0.9731	-0.0667	-0.2206
		b:
			-287.7833
			272.785
			-313.4365
			329.5927
			-396.4145
			-142.615
			467.2184
			-99.9467
			-205.7397
			-453.2184
			114.9467
			214.7397
	==================================================================================
	Q3:
		Shape: Ellipse
		q_c:	318.0	253.5	358.0
		ub :	327.7411	264.5582	367.9145
		lb :	308.2589	242.4418	348.0855
		P^-1:
			0.0596	0.0176	-0.0415
			0.0176	0.0307	-0.0252
			-0.0415	-0.0252	0.0568
	==================================================================================
	Q4:
		Shape: Polyhedra
		q_c:	319.5	250.0	343.0
		ub :	328.5419	259.0605	352.3134
		lb :	310.4581	240.9395	333.6866
		A:
			0.0578	-0.8657	0.4973
			-0.2422	-0.3184	0.9165
			0.3299	-0.0195	0.9438
			0.3096	-0.9236	0.2262
			-0.7714	-0.059	-0.6336
			-0.7132	0.5261	-0.4632
			0.7084	0.5842	0.396
			0.2273	-0.72	0.6557
			0.6682	-0.3745	-0.6429
			-0.7084	-0.5842	-0.396
			-0.2273	0.72	-0.6557
			-0.6682	0.3745	0.6429
		b:
			-22.3579
			162.8081
			429.58
			-49.1765
			-473.1705
			-249.9862
			513.718
			122.5222
			-94.6591
			-502.718
			-112.5222
			106.6591
	==================================================================================
	Q5:
		Shape: Ellipse
		q_c:	305.5	258.5	348.0
		ub :	314.6763	263.5697	356.0219
		lb :	296.3237	253.4303	339.9781
		P^-1:
			0.025	-0.012	0.004
			-0.012	0.0789	0.0036
			0.004	0.0036	0.0312
	==================================================================================
	Q6:
		Shape: Hybrid
		q_c:	293.5	249.0	350.5
		ub :	296.7246	255.8947	354.0224
		lb :	290.2754	242.1053	346.9776
		P^-1:
			0.111	-0.0028	0.0
			-0.0028	0.027	-0.0209
			0.0	-0.0209	0.1567
		A:
			-0.6617	-0.0137	-0.7496
			0.6096	0.1208	0.7835
			0.8389	0.0233	-0.5439
			-0.4871	0.8611	-0.1459
			0.3074	-0.1081	-0.9454
			0.1802	0.4769	-0.8603
		b:
			-458.7458
			485.4571
			63.0091
			24.6128
			-266.3816
			-127.8823


===========================================================================================
