3D_50_8_6_a                l = 3

===========================================================================================
===========================================================================================
S1:
	q_c:	16.5	216.5	344.0
	ub :	31.8264	225.9697	357.9391
	lb :	6.2603	204.6103	336.3608

	==================================================================================
	Q1:
		Shape: Polyhedra
		q_c:	25.5	212.5	351.5
		ub :	31.8264	218.3809	357.9391
		lb :	19.1736	206.6191	345.0609
		A:
			-0.1023	0.9298	-0.3536
			0.1436	-0.9896	0.0006
			0.5577	-0.2461	0.7927
			-0.9131	-0.3854	-0.1333
			0.8327	0.2195	0.5085
			-0.2407	0.8789	-0.4118
			0.4931	0.724	0.4822
			-0.7209	0.6504	-0.2393
			-0.4869	-0.2297	0.8427
			-0.4931	-0.724	-0.4822
			0.7209	-0.6504	0.2393
			0.4869	0.2297	-0.8427
		b:
			74.2514
			-202.9277
			244.1536
			-148.1159
			250.2823
			39.3136
			339.9445
			38.7222
			239.4978
			-331.9445
			-32.7222
			-230.4978
	==================================================================================
	Q2:
		Shape: Polyhedra
		q_c:	13.5	212.5	344.0
		ub :	18.9257	218.4726	349.2233
		lb :	8.0743	206.5274	338.7767
		A:
			-0.7046	0.3579	-0.6127
			-0.4872	-0.1964	-0.8509
			-0.9834	-0.1644	0.0772
			-0.4065	-0.8838	0.2314
			-0.7588	0.2307	-0.6091
			-0.7558	-0.5511	-0.3537
			0.6187	0.2978	0.727
			-0.7093	0.6096	0.3539
			-0.3377	-0.7347	0.5884
			-0.6187	-0.2978	-0.727
			0.7093	-0.6096	-0.3539
			0.3377	0.7347	-0.5884
		b:
			-141.2423
			-338.9071
			-18.2344
			-109.8833
			-168.0116
			-246.4127
			323.7299
			245.7083
			45.7304
			-319.7299
			-237.7083
			-37.7304
	==================================================================================
	Q3:
		Shape: Polyhedra
		q_c:	17.5	211.0	347.0
		ub :	22.6536	217.2621	352.7934
		lb :	12.3464	204.7379	341.2066
		A:
			-0.2043	-0.9789	0.0098
			-0.0528	0.6332	-0.7722
			0.7413	-0.5163	0.4289
			0.4569	0.8555	-0.2438
			-0.4997	0.4966	-0.7097
			-0.886	0.0579	0.46
			0.7343	0.5924	0.3316
			-0.2049	0.6591	-0.7236
			-0.6472	0.4633	0.6054
			-0.7343	-0.5924	-0.3316
			0.2049	-0.6591	0.7236
			0.6472	-0.4633	-0.6054
		b:
			-202.6791
			-130.7983
			56.8923
			108.1199
			-145.7982
			158.9245
			256.9158
			-111.0905
			298.494
			-248.9158
			120.0905
			-294.494
	==================================================================================
	Q4:
		Shape: Polyhedra
		q_c:	15.0	209.0	346.5
		ub :	19.1088	213.3897	350.2771
		lb :	10.8912	204.6103	342.7229
		A:
			0.2633	0.29	-0.9201
			0.0047	-0.8057	-0.5923
			0.7874	-0.4944	-0.3681
			-0.6591	0.2359	-0.7141
			0.1409	-0.5324	0.8347
			-0.9808	0.0439	-0.1902
			0.8988	0.4225	0.1168
			-0.1068	-0.0473	0.9932
			0.4252	-0.9051	0.0026
			-0.8988	-0.4225	-0.1168
			0.1068	0.0473	-0.9932
			-0.4252	0.9051	-0.0026
		b:
			-250.7988
			-370.1999
			-215.753
			-204.8171
			183.5709
			-68.6943
			144.7497
			336.1437
			-178.383
			-139.7497
			-329.1437
			185.383
	==================================================================================
	Q5:
		Shape: Hybrid
		q_c:	11.5	217.0	341.5
		ub :	16.7397	222.7153	346.6392
		lb :	6.2603	211.2847	336.3608
		P^-1:
			0.1395	-0.0412	-0.0184
			-0.0412	0.077	-0.0371
			-0.0184	-0.0371	0.1435
		A:
			-0.5588	-0.4555	0.693
			-0.7801	-0.5624	0.274
			-0.4788	0.1433	0.8662
			0.8228	0.3355	-0.4586
			0.9097	-0.3826	0.1617
			0.9284	-0.3629	0.0801
		b:
			133.0674
			-34.8143
			322.8415
			-72.4321
			-16.0549
			-39.4091
	==================================================================================
	Q6:
		Shape: Hybrid
		q_c:	15.5	221.5	349.5
		ub :	19.9633	225.9697	352.4126
		lb :	11.0367	217.0303	346.5874
		P^-1:
			0.1267	0.0251	-0.0658
			0.0251	0.1514	-0.1057
			-0.0658	-0.1057	0.3886
		A:
			0.7327	0.6527	0.1927
			0.0821	-0.2907	0.9533
			0.0474	-0.1408	0.9889
			-0.2594	-0.4092	-0.8748
			0.3751	0.6253	-0.6843
			0.3602	0.8303	-0.4252
		b:
			225.5021
			271.0109
			316.1714
			-398.5872
			-93.7895
			42.3987


===========================================================================================
===========================================================================================
S2:
	q_c:	460.5	50.5	394.5
	ub :	482.5467	58.8681	414.8352
	lb :	443.7628	33.4923	379.1277

	==================================================================================
	Q1:
		Shape: Ellipse
		q_c:	452.5	52.0	388.0
		ub :	461.2372	58.8681	396.8723
		lb :	443.7628	45.1319	379.1277
		P^-1:
			0.0352	-0.002	-0.0142
			-0.002	0.0326	-0.0015
			-0.0142	-0.0015	0.0351
	==================================================================================
	Q2:
		Shape: Hybrid
		q_c:	457.5	42.5	389.5
		ub :	463.9854	48.1388	394.9654
		lb :	451.0146	36.8612	384.0346
		P^-1:
			0.1037	0.0397	-0.082
			0.0397	0.0979	-0.0643
			-0.082	-0.0643	0.1509
		A:
			0.9135	-0.3843	0.1336
			-0.2818	0.0457	0.9584
			-0.5995	-0.6053	0.5236
			-0.0264	0.2205	0.975
			0.2889	0.5379	-0.792
			0.4904	-0.1857	-0.8515
		b:
			456.9741
			248.4385
			-94.7668
			380.0232
			-152.1607
			-113.1892
	==================================================================================
	Q3:
		Shape: Hybrid
		q_c:	473.0	50.5	397.0
		ub :	482.5467	56.3682	406.7444
		lb :	463.4533	44.6318	387.2556
		P^-1:
			0.0732	-0.1299	-0.0597
			-0.1299	0.3269	0.1385
			-0.0597	0.1385	0.0825
		A:
			-0.5387	0.7752	0.33
			-0.2274	0.8056	0.5471
			0.3986	-0.9039	-0.1554
			0.4623	-0.8568	-0.2283
			0.1447	0.9494	0.2789
			0.8388	-0.0819	-0.5383
		b:
			-83.2769
			151.7273
			82.7031
			86.0028
			230.2485
			184.0388
	==================================================================================
	Q4:
		Shape: Polyhedra
		q_c:	454.5	47.0	393.5
		ub :	460.1899	52.9996	399.5815
		lb :	448.8101	41.0004	387.4185
		A:
			0.7076	0.6434	-0.2922
			0.7521	0.5574	0.3517
			0.8638	-0.4436	0.2387
			-0.614	-0.5786	-0.5369
			-0.5107	-0.2496	0.8227
			0.6157	0.2282	0.7542
			0.5549	0.4871	0.6744
			-0.2574	0.8714	-0.4176
			-0.7911	0.0582	0.609
			-0.5549	-0.4871	-0.6744
			0.2574	-0.8714	0.4176
			0.7911	-0.0582	-0.609
		b:
			240.936
			508.849
			470.2669
			-515.3657
			84.2089
			589.796
			542.4738
			-234.8708
			-113.1812
			-538.4738
			245.8708
			121.1812
	==================================================================================
	Q5:
		Shape: Hybrid
		q_c:	452.0	46.5	393.5
		ub :	458.162	54.405	400.7299
		lb :	445.838	38.595	386.2701
		P^-1:
			0.0888	-0.0034	-0.0272
			-0.0034	0.0331	-0.0179
			-0.0272	-0.0179	0.0754
		A:
			0.5579	-0.2918	-0.7769
			-0.606	0.4314	0.6683
			-0.8616	0.315	0.398
			0.9825	-0.186	0.008
			0.9639	-0.0288	0.2649
			0.3671	-0.0784	0.9269
		b:
			-64.6285
			11.9119
			-216.1503
			440.632
			541.0737
			529.9166
	==================================================================================
	Q6:
		Shape: Polyhedra
		q_c:	467.5	39.5	408.0
		ub :	473.983	45.5077	414.8352
		lb :	461.017	33.4923	401.1648
		A:
			0.0883	-0.5722	-0.8154
			-0.7789	-0.5319	-0.3322
			0.8285	0.5316	-0.1762
			-0.1557	0.3466	-0.925
			-0.3383	0.8654	-0.3697
			0.9209	-0.34	-0.1908
			0.7798	0.0739	0.6216
			-0.0824	-0.9723	0.219
			0.6205	-0.222	-0.7521
			-0.7798	-0.0739	-0.6216
			0.0824	0.9723	-0.219
			-0.6205	0.222	0.7521
		b:
			-309.8818
			-515.7054
			341.0421
			-431.8713
			-269.8402
			343.3411
			626.108
			17.4159
			-22.0185
			-616.108
			-7.4159
			29.0185


===========================================================================================
===========================================================================================
S3:
	q_c:	142.0	297.0	356.0
	ub :	149.8864	302.6667	363.7196
	lb :	136.3627	291.6362	351.6842

	==================================================================================
	Q1:
		Shape: Hybrid
		q_c:	143.0	298.5	357.5
		ub :	145.0828	300.761	359.4572
		lb :	140.9172	296.239	355.5428
		P^-1:
			0.5484	0.1526	0.1538
			0.1526	0.6685	0.2258
			0.1538	0.2258	0.672
		A:
			-0.6132	-0.677	-0.407
			0.3883	0.759	0.5226
			0.6543	-0.0456	0.7548
			-0.452	0.8687	-0.2027
			0.8177	-0.197	0.5409
			-0.9174	-0.1902	-0.3496
		b:
			-434.7235
			469.439
			350.5568
			123.1809
			252.366
			-312.1979
	==================================================================================
	Q2:
		Shape: Hybrid
		q_c:	147.0	300.0	355.5
		ub :	149.8864	302.6667	358.5228
		lb :	144.1136	297.3333	352.4772
		P^-1:
			0.3608	-0.0632	0.0726
			-0.0632	0.2861	-0.0414
			0.0726	-0.0414	0.2976
		A:
			0.7884	-0.1433	-0.5983
			0.4933	-0.4893	0.7193
			0.1275	0.9918	-0.0125
			0.8865	0.4625	0.0151
			-0.2441	0.6398	-0.7288
			-0.4301	0.8884	0.1606
		b:
			-138.5949
			182.2457
			313.0336
			275.5704
			-102.0982
			261.4597
	==================================================================================
	Q3:
		Shape: Polyhedra
		q_c:	143.0	295.0	355.0
		ub :	146.1038	297.6924	358.1889
		lb :	139.8962	292.3076	351.8111
		A:
			0.0947	-0.5106	-0.8546
			0.6422	-0.7487	-0.1647
			-0.0197	-0.9537	-0.3001
			-0.8148	0.4901	0.3097
			-0.2589	-0.8812	0.3957
			-0.9091	-0.3295	0.255
			0.1753	0.9516	0.2526
			0.5839	0.106	-0.8049
			-0.7927	0.2886	-0.537
			-0.1753	-0.9516	-0.2526
			-0.5839	-0.106	0.8049
			0.7927	-0.2886	0.537
		b:
			-438.4657
			-185.4782
			-388.6964
			140.0388
			-154.4977
			-134.6805
			397.4418
			-168.9398
			-216.8707
			-393.4418
			172.9398
			220.8707
	==================================================================================
	Q4:
		Shape: Polyhedra
		q_c:	140.0	298.0	360.5
		ub :	143.6373	299.9658	363.7196
		lb :	136.3627	296.0342	357.2804
		A:
			0.1822	-0.7319	0.6566
			-0.6927	-0.4842	-0.5345
			-0.0642	-0.836	0.545
			0.3728	-0.3906	0.8417
			-0.3372	0.698	-0.6317
			-0.073	0.8777	0.4737
			0.5609	0.457	0.6903
			-0.8218	0.2064	0.5311
			0.1003	-0.8652	0.4913
			-0.5609	-0.457	-0.6903
			0.8218	-0.2064	-0.5311
			-0.1003	0.8652	-0.4913
		b:
			44.8128
			-431.9306
			-60.9505
			240.5136
			-66.0956
			424.1176
			465.5767
			140.9018
			-66.163
			-461.5767
			-134.9018
			67.163
	==================================================================================
	Q5:
		Shape: Polyhedra
		q_c:	140.0	295.0	354.0
		ub :	142.909	297.9674	356.3158
		lb :	137.091	292.0326	351.6842
		A:
			-0.2901	-0.0289	-0.9566
			0.0472	0.2273	0.9727
			0.6492	0.4179	0.6356
			0.0917	-0.059	-0.994
			0.9263	0.2873	0.2438
			0.4264	-0.6908	0.584
			0.5507	0.2559	0.7945
			0.5622	0.5898	-0.5797
			-0.6169	0.7659	0.1809
			-0.5507	-0.2559	-0.7945
			-0.5622	-0.5898	0.5797
			0.6169	-0.7659	-0.1809
		b:
			-386.5564
			419.327
			440.2445
			-354.9413
			302.2065
			64.4426
			434.8427
			49.4728
			205.6365
			-432.8427
			-45.4728
			-201.6365
	==================================================================================
	Q6:
		Shape: Ellipse
		q_c:	140.0	294.5	358.5
		ub :	142.9736	297.3638	361.3876
		lb :	137.0264	291.6362	355.6124
		P^-1:
			0.3525	-0.0834	0.0634
			-0.0834	0.3177	-0.0476
			0.0634	-0.0476	0.1842


===========================================================================================
===========================================================================================
S4:
	q_c:	277.5	127.5	290.5
	ub :	290.3016	142.325	302.595
	lb :	264.1739	122.6128	277.1455

	==================================================================================
	Q1:
		Shape: Hybrid
		q_c:	284.0	136.0	287.5
		ub :	290.3016	142.325	294.9618
		lb :	277.6984	129.675	280.0382
		P^-1:
			0.0664	-0.0032	-0.0223
			-0.0032	0.0399	0.0004
			-0.0223	0.0004	0.0484
		A:
			0.695	0.0546	-0.717
			-0.0102	0.9622	-0.2721
			0.9643	0.0265	-0.2636
			0.7996	-0.5732	0.179
			0.9227	-0.3724	0.0994
			-0.5609	-0.0503	-0.8264
		b:
			0.5328
			52.9831
			203.7157
			203.498
			242.6481
			-399.9772
	==================================================================================
	Q2:
		Shape: Polyhedra
		q_c:	282.0	129.0	289.5
		ub :	287.6678	135.3872	295.13
		lb :	276.3322	122.6128	283.87
		A:
			0.7812	0.527	0.3347
			0.1801	-0.7732	0.6081
			0.3251	0.0765	-0.9426
			0.1231	0.9803	-0.1546
			0.5876	0.5695	0.5747
			0.7264	0.1595	-0.6685
			0.8476	0.4172	0.3279
			-0.02	-0.5924	0.8054
			0.5302	-0.6892	-0.4938
			-0.8476	-0.4172	-0.3279
			0.02	0.5924	-0.8054
			-0.5302	0.6892	0.4938
		b:
			388.6913
			129.9718
			-167.7547
			119.9892
			409.2911
			35.7042
			391.2652
			153.6061
			-77.3428
			-384.2652
			-148.6061
			87.3428
	==================================================================================
	Q3:
		Shape: Hybrid
		q_c:	275.0	132.5	297.5
		ub :	281.8214	138.5601	302.595
		lb :	268.1786	126.4399	292.405
		P^-1:
			0.0503	-0.0299	-0.0125
			-0.0299	0.0965	-0.0061
			-0.0125	-0.0061	0.1085
		A:
			0.1423	-0.9023	0.407
			0.3626	-0.9293	0.07
			0.6321	-0.594	-0.4976
			-0.6716	0.2909	0.6814
			0.0634	0.0919	0.9937
			0.8263	0.3874	-0.4088
		b:
			42.2728
			-1.0644
			-51.2858
			58.4793
			327.003
			160.2727
	==================================================================================
	Q4:
		Shape: Ellipse
		q_c:	274.5	136.0	282.0
		ub :	279.3368	140.393	286.8545
		lb :	269.6632	131.607	277.1455
		P^-1:
			0.0863	0.0196	0.0194
			0.0196	0.1641	0.0819
			0.0194	0.0819	0.1629
	==================================================================================
	Q5:
		Shape: Ellipse
		q_c:	279.5	133.0	292.5
		ub :	285.1211	137.2805	298.1603
		lb :	273.8789	128.7195	286.8397
		P^-1:
			0.0933	0.0202	0.0482
			0.0202	0.1994	0.0688
			0.0482	0.0688	0.1177
	==================================================================================
	Q6:
		Shape: Ellipse
		q_c:	270.5	136.5	285.0
		ub :	276.8261	141.8996	291.7867
		lb :	264.1739	131.1004	278.2133
		P^-1:
			0.0601	0.0026	-0.0092
			0.0026	0.0784	-0.0085
			-0.0092	-0.0085	0.0456


===========================================================================================
===========================================================================================
S5:
	q_c:	204.0	356.5	180.0
	ub :	215.0459	361.8416	190.849
	lb :	196.783	346.8605	173.0854

	==================================================================================
	Q1:
		Shape: Polyhedra
		q_c:	203.0	356.5	187.0
		ub :	205.3293	361.1181	190.849
		lb :	200.6707	351.8819	183.151
		A:
			0.9527	-0.3004	0.0455
			0.3963	0.3199	-0.8606
			-0.3294	0.8921	0.3094
			0.8974	-0.1592	-0.4115
			-0.4249	0.6753	-0.6028
			0.8208	0.1256	-0.5572
			0.0135	0.888	0.4596
			-0.9888	0.0803	-0.1262
			-0.1489	-0.4527	0.8791
			-0.0135	-0.888	-0.4596
			0.9888	-0.0803	0.1262
			0.1489	0.4527	-0.8791
		b:
			96.9643
			35.6198
			312.8027
			50.7397
			44.0638
			109.2358
			409.2594
			-193.685
			-25.2474
			-401.2594
			197.685
			29.2474
	==================================================================================
	Q2:
		Shape: Ellipse
		q_c:	207.5	356.5	186.0
		ub :	212.2847	361.3097	189.5439
		lb :	202.7153	351.6903	182.4561
		P^-1:
			0.0986	-0.0337	0.0288
			-0.0337	0.1488	-0.0615
			0.0288	-0.0615	0.1953
	==================================================================================
	Q3:
		Shape: Hybrid
		q_c:	201.5	351.0	176.0
		ub :	205.6225	355.1395	178.9146
		lb :	197.3775	346.8605	173.0854
		P^-1:
			0.1725	0.0184	0.0952
			0.0184	0.1856	0.1111
			0.0952	0.1111	0.3575
		A:
			0.9183	0.0847	0.3868
			-0.5848	-0.6944	0.4192
			0.085	-0.6222	-0.7782
			0.5317	0.362	0.7657
			-0.9573	0.2449	-0.1537
			0.7821	-0.3887	-0.4871
		b:
			284.3227
			-285.5598
			-337.2158
			369.7955
			-132.2494
			-62.7511
	==================================================================================
	Q4:
		Shape: Ellipse
		q_c:	210.0	358.0	182.0
		ub :	215.0459	361.8416	187.0705
		lb :	204.9541	354.1584	176.9295
		P^-1:
			0.1517	-0.1614	0.0087
			-0.1614	0.3544	-0.0157
			0.0087	-0.0157	0.0633
	==================================================================================
	Q5:
		Shape: Polyhedra
		q_c:	201.0	354.5	179.0
		ub :	205.217	356.6984	181.4379
		lb :	196.783	352.3016	176.5621
		A:
			-0.2555	0.9661	-0.0373
			-0.0227	-0.9883	-0.1507
			-0.188	-0.8867	-0.4223
			0.345	-0.8248	-0.4479
			0.0117	0.8917	0.4525
			0.4478	-0.6565	0.607
			0.2964	0.2161	0.9303
			-0.3173	0.941	-0.1175
			-0.9008	-0.2603	0.3475
			-0.2964	-0.2161	-0.9303
			0.3173	-0.941	0.1175
			0.9008	0.2603	-0.3475
		b:
			285.4631
			-380.5641
			-426.3354
			-301.8487
			400.4998
			-33.0748
			303.724
			249.7851
			-207.1313
			-301.724
			-247.7851
			215.1313
	==================================================================================
	Q6:
		Shape: Ellipse
		q_c:	210.5	355.5	182.0
		ub :	214.0615	360.1399	186.6286
		lb :	206.9385	350.8601	177.3714
		P^-1:
			0.1111	-0.0	-0.0001
			-0.0	0.1065	-0.0107
			-0.0001	-0.0107	0.0863


===========================================================================================
===========================================================================================
S6:
	q_c:	446.0	495.0	187.5
	ub :	474.1115	514.2776	222.9027
	lb :	424.0259	460.9846	152.5071

	==================================================================================
	Q1:
		Shape: Polyhedra
		q_c:	455.5	497.5	183.0
		ub :	466.6035	507.2134	192.7957
		lb :	444.3965	487.7866	173.2043
		A:
			-0.5543	-0.7139	-0.4279
			0.7916	0.4871	0.3689
			-0.6279	0.1964	0.7531
			-0.2472	0.526	0.8137
			0.667	-0.2345	0.7072
			-0.1277	0.727	0.6746
			0.4058	0.6335	0.6588
			0.6761	0.277	-0.6827
			-0.615	0.7225	-0.3159
			-0.4058	-0.6335	-0.6588
			-0.6761	-0.277	0.6827
			0.615	-0.7225	0.3159
		b:
			-681.9883
			675.1968
			-43.3356
			303.5021
			322.9975
			431.9258
			624.0447
			328.3385
			29.0051
			-617.0447
			-313.3385
			-14.0051
	==================================================================================
	Q2:
		Shape: Polyhedra
		q_c:	466.0	505.5	175.5
		ub :	469.6533	514.2776	186.4
		lb :	462.3467	496.7224	164.6
		A:
			0.8459	-0.5186	-0.1246
			-0.8017	0.0466	0.5959
			0.434	0.2228	0.8729
			0.8986	-0.4232	-0.1162
			0.9579	-0.1937	-0.212
			-0.909	0.3864	0.1565
			0.1581	0.8968	0.4132
			-0.0944	0.4303	-0.8977
			-0.9829	0.103	0.1527
			-0.1581	-0.8968	-0.4132
			0.0944	-0.4303	0.8977
			0.9829	-0.103	-0.1527
		b:
			113.3605
			-240.8573
			475.6825
			187.2741
			313.3065
			-198.228
			604.5482
			25.4607
			-377.175
			-594.5482
			-6.4607
			381.175
	==================================================================================
	Q3:
		Shape: Ellipse
		q_c:	429.0	486.5	172.0
		ub :	433.9741	495.9602	181.616
		lb :	424.0259	477.0398	162.384
		P^-1:
			0.1042	0.0118	0.0204
			0.0118	0.0254	0.003
			0.0204	0.003	0.0288
	==================================================================================
	Q4:
		Shape: Hybrid
		q_c:	467.5	498.5	209.5
		ub :	474.1115	508.9872	222.9027
		lb :	460.8885	488.0128	196.0973
		P^-1:
			0.0339	-0.0235	0.0149
			-0.0235	0.1095	-0.0679
			0.0149	-0.0679	0.0498
		A:
			0.3627	0.8567	-0.3667
			0.407	0.8356	-0.3688
			0.72	-0.6565	0.2252
			-0.3378	0.8729	-0.3521
			0.0368	0.5848	-0.8104
			0.1728	0.8852	-0.4319
		b:
			523.064
			532.92
			59.7393
			205.7304
			143.1801
			433.9943
	==================================================================================
	Q5:
		Shape: Polyhedra
		q_c:	445.5	478.5	178.5
		ub :	461.5518	492.7435	195.7643
		lb :	429.4482	464.2565	161.2357
		A:
			0.6197	0.6005	0.5054
			-0.8525	0.0896	-0.5149
			0.9339	0.1003	0.3432
			0.5669	0.2335	0.79
			-0.9178	0.2303	0.3234
			0.9462	-0.323	-0.0172
			0.6174	0.5101	0.5988
			0.7592	-0.1871	-0.6234
			-0.2059	0.8395	-0.5028
			-0.6174	-0.5101	-0.5988
			-0.7592	0.1871	0.6234
			0.2059	-0.8395	0.5028
		b:
			658.3144
			-420.5723
			533.7642
			511.0123
			-227.0403
			276.5461
			630.525
			151.9175
			231.2361
			-621.525
			-122.9175
			-209.2361
	==================================================================================
	Q6:
		Shape: Polyhedra
		q_c:	445.5	478.5	166.5
		ub :	461.7884	496.0154	180.4929
		lb :	429.2116	460.9846	152.5071
		A:
			-0.6241	0.4763	0.6194
			0.305	0.6262	-0.7175
			0.9121	0.3898	0.127
			-0.4899	0.6575	-0.5725
			-0.4766	0.1453	-0.867
			-0.9789	-0.0036	0.2041
			0.5808	0.7965	0.168
			-0.0413	0.2349	-0.9711
			-0.813	0.5571	0.1694
			-0.5808	-0.7965	-0.168
			0.0413	-0.2349	0.9711
			0.813	-0.5571	-0.1694
		b:
			64.6737
			326.5487
			624.9031
			12.2422
			-276.5031
			-392.3101
			678.3521
			-57.1981
			-55.4185
			-657.3521
			78.1981
			79.4185


===========================================================================================
===========================================================================================
S7:
	q_c:	130.0	105.0	133.5
	ub :	149.1798	124.927	151.577
	lb :	112.6015	92.0635	124.7935

	==================================================================================
	Q1:
		Shape: Hybrid
		q_c:	122.0	110.0	135.5
		ub :	128.6348	116.4978	141.2327
		lb :	115.3652	103.5022	129.7673
		P^-1:
			0.0625	0.0	0.0
			0.0	0.0625	0.0
			0.0	0.0	0.0625
		A:
			0.8553	0.5181	-0.0008
			0.4154	0.0143	0.9095
			0.698	-0.5692	-0.4346
			-0.735	0.457	0.5008
			-0.4818	0.0572	0.8744
			-0.5131	0.8447	-0.1522
		b:
			163.229
			177.4949
			-34.3478
			30.4608
			67.9882
			11.7088
	==================================================================================
	Q2:
		Shape: Ellipse
		q_c:	138.0	115.5	132.0
		ub :	141.7084	122.5025	139.1675
		lb :	134.2916	108.4975	124.8325
		P^-1:
			0.1512	-0.0197	-0.0198
			-0.0197	0.0552	0.0188
			-0.0198	0.0188	0.0492
	==================================================================================
	Q3:
		Shape: Ellipse
		q_c:	139.0	108.0	135.0
		ub :	147.3461	115.4691	141.8319
		lb :	130.6539	100.5309	128.1681
		P^-1:
			0.1029	0.0462	-0.0972
			0.0462	0.0632	-0.0608
			-0.0972	-0.0608	0.1373
	==================================================================================
	Q4:
		Shape: Hybrid
		q_c:	121.5	98.0	133.0
		ub :	128.7187	103.9365	140.814
		lb :	114.2813	92.0635	125.186
		P^-1:
			0.0416	-0.0006	0.0104
			-0.0006	0.0331	-0.0002
			0.0104	-0.0002	0.0356
		A:
			-0.8034	0.092	-0.5883
			-0.266	-0.961	-0.0753
			-0.7544	0.5746	-0.3172
			-0.3491	-0.4707	-0.8103
			-0.6805	-0.7302	-0.0608
			0.0921	-0.7167	0.6913
		b:
			-164.5846
			-133.3072
			-74.9126
			-193.4953
			-159.2778
			36.0606
	==================================================================================
	Q5:
		Shape: Polyhedra
		q_c:	119.0	104.5	132.5
		ub :	125.3985	112.4321	140.2065
		lb :	112.6015	96.5679	124.7935
		A:
			-0.6831	0.5698	-0.4569
			-0.1459	0.94	0.3086
			-0.4377	-0.7803	-0.4468
			0.7936	0.6005	0.098
			0.9016	0.4206	0.1009
			-0.4028	-0.891	-0.2093
			0.7172	0.3303	0.6136
			0.1544	0.7833	-0.6021
			-0.6796	0.5265	0.5108
			-0.7172	-0.3303	-0.6136
			-0.1544	-0.7833	0.6021
			0.6796	-0.5265	-0.5108
		b:
			-77.6253
			126.6473
			-189.0214
			174.1145
			168.4086
			-164.4195
			204.1704
			25.9489
			46.8308
			-198.1704
			-14.9489
			-36.8308
	==================================================================================
	Q6:
		Shape: Ellipse
		q_c:	140.5	116.0	143.0
		ub :	149.1798	124.927	151.577
		lb :	131.8202	107.073	134.423
		P^-1:
			0.0432	0.0189	0.0245
			0.0189	0.0417	0.0068
			0.0245	0.0068	0.0545


===========================================================================================
===========================================================================================
S8:
	q_c:	66.0	131.5	84.0
	ub :	70.9875	134.503	88.8279
	lb :	63.2022	128.002	80.2596

	==================================================================================
	Q1:
		Shape: Polyhedra
		q_c:	66.5	132.5	82.0
		ub :	68.4354	134.4062	83.7404
		lb :	64.5646	130.5938	80.2596
		A:
			-0.5846	0.6929	-0.422
			-0.5703	0.6818	-0.4583
			0.2171	-0.2722	-0.9374
			-0.0174	-0.3855	0.9225
			0.8128	-0.3088	-0.4939
			-0.9461	-0.2607	0.192
			0.4476	0.8578	0.2525
			0.6519	-0.1197	-0.7488
			-0.6121	0.4998	-0.6128
			-0.4476	-0.8578	-0.2525
			-0.6519	0.1197	0.7488
			0.6121	-0.4998	0.6128
		b:
			19.3689
			15.8621
			-97.4168
			24.4145
			-26.3584
			-80.5114
			165.6359
			-32.9127
			-23.7355
			-162.6359
			34.9127
			25.7355
	==================================================================================
	Q2:
		Shape: Hybrid
		q_c:	68.5	132.0	83.0
		ub :	70.364	134.3241	85.3157
		lb :	66.636	129.6759	80.6843
		P^-1:
			0.8315	0.1398	-0.2137
			0.1398	0.4949	-0.0772
			-0.2137	-0.0772	0.5624
		A:
			-0.2636	-0.4386	0.8591
			0.1077	0.9512	-0.2892
			-0.8926	0.2706	0.3605
			-0.4825	-0.8755	-0.0261
			-0.8765	-0.3702	-0.3078
			0.06	-0.0372	0.9975
		b:
			-3.8996
			109.8148
			5.1796
			-149.9763
			-133.6786
			82.916
	==================================================================================
	Q3:
		Shape: Polyhedra
		q_c:	65.5	131.0	87.0
		ub :	67.7978	133.0259	88.4984
		lb :	63.2022	128.9741	85.5016
		A:
			0.1112	0.264	-0.9581
			-0.0721	-0.4741	0.8775
			-0.3561	0.3913	0.8486
			0.2483	0.8752	0.4151
			-0.1969	0.358	0.9127
			-0.4536	0.6927	-0.5607
			0.2523	0.573	0.7798
			0.1801	0.764	-0.6196
			-0.9507	0.2968	0.0895
			-0.2523	-0.573	-0.7798
			-0.1801	-0.764	0.6196
			0.9507	-0.2968	-0.0895
		b:
			-40.2139
			10.919
			102.9746
			167.8586
			114.4051
			13.9278
			159.925
			59.4679
			-13.6096
			-158.925
			-56.4679
			17.6096
	==================================================================================
	Q4:
		Shape: Hybrid
		q_c:	69.0	131.5	82.5
		ub :	70.9875	133.4149	83.8419
		lb :	67.0125	129.5851	81.1581
		P^-1:
			0.6715	0.2723	-0.0208
			0.2723	0.7743	0.0172
			-0.0208	0.0172	0.9987
		A:
			0.3787	-0.6892	0.6178
			-0.3287	-0.3815	-0.864
			-0.4311	-0.3923	-0.8126
			0.1892	-0.9366	0.2948
			0.268	-0.4128	-0.8705
			-0.4544	-0.8335	0.3143
		b:
			-12.7208
			-143.6225
			-147.8565
			-84.9765
			-107.0058
			-114.5039
	==================================================================================
	Q5:
		Shape: Hybrid
		q_c:	67.5	132.0	82.0
		ub :	69.8362	134.503	83.1036
		lb :	65.1638	129.497	80.8964
		P^-1:
			0.7147	0.3024	-0.9788
			0.3024	0.4504	-0.7041
			-0.9788	-0.7041	3.5293
		A:
			0.4999	0.1032	0.8599
			0.4786	0.0212	-0.8778
			-0.062	0.4846	-0.8725
			0.4739	0.2736	-0.837
			-0.3351	-0.1796	-0.9249
			0.1218	0.0604	-0.9907
		b:
			118.841
			-36.4212
			-11.0399
			-0.2011
			-121.317
			-64.6853
	==================================================================================
	Q6:
		Shape: Hybrid
		q_c:	67.0	130.0	86.5
		ub :	69.2436	131.998	88.8279
		lb :	64.7564	128.002	84.1721
		P^-1:
			0.6519	0.2268	0.1442
			0.2268	0.6923	0.1576
			0.1442	0.1576	0.5446
		A:
			0.7225	0.554	0.4136
			-0.8572	-0.2884	0.4266
			0.3397	0.7372	0.5841
			0.0088	-0.9335	-0.3584
			0.1635	-0.4316	-0.8871
			0.4372	0.7836	-0.4414
		b:
			156.7204
			-57.1538
			169.6795
			-151.0423
			-121.0265
			93.8161


===========================================================================================
===========================================================================================
