3D_50_12_6_e                l = 3

===========================================================================================
===========================================================================================
S1:
	q_c:	255.5	280.0	289.5
	ub :	274.9802	300.3057	310.0596
	lb :	240.3446	260.8626	274.9252

	==================================================================================
	Q1:
		Shape: Polyhedra
		q_c:	266.0	283.5	303.0
		ub :	274.9802	292.3593	310.0596
		lb :	257.0198	274.6407	295.9404
		A:
			-0.2418	-0.1692	-0.9555
			-0.9019	0.0547	0.4284
			0.8654	0.282	0.4142
			0.3093	-0.6256	0.7162
			-0.0225	-0.5735	0.8189
			-0.2601	-0.8375	-0.4806
			0.3402	0.2036	0.9181
			-0.738	-0.5473	0.3948
			0.5828	-0.8118	-0.0359
			-0.3402	-0.2036	-0.9181
			0.738	0.5473	-0.3948
			-0.5828	0.8118	0.0359
		b:
			-396.2976
			-89.3276
			440.8459
			127.7752
			84.8685
			-446.6007
			431.8772
			-227.3258
			-79.5031
			-420.8772
			236.3258
			92.5031
	==================================================================================
	Q2:
		Shape: Hybrid
		q_c:	264.5	268.5	288.5
		ub :	273.1019	276.1374	296.4672
		lb :	255.8981	260.8626	280.5328
		P^-1:
			0.0219	0.0007	0.006
			0.0007	0.0432	0.0143
			0.006	0.0143	0.0509
		A:
			-0.2445	0.5132	0.8227
			0.4195	-0.7849	0.4561
			0.0556	-0.9068	-0.418
			0.8589	0.3477	-0.3761
			-0.4639	-0.0068	-0.8859
			0.1154	0.9905	-0.0753
		b:
			313.0159
			35.3633
			-346.8938
			216.9196
			-377.3265
			277.9644
	==================================================================================
	Q3:
		Shape: Hybrid
		q_c:	248.5	292.5	295.0
		ub :	255.5036	300.3057	303.1318
		lb :	241.4964	284.6943	286.8682
		P^-1:
			0.0606	-0.0187	0.0206
			-0.0187	0.0566	0.0087
			0.0206	0.0087	0.0507
		A:
			0.5061	0.802	0.3173
			0.217	0.7931	0.5691
			0.934	0.0214	0.3565
			0.3325	-0.9268	0.1747
			-0.494	0.7245	-0.4808
			0.3082	0.273	0.9113
		b:
			456.9744
			456.1397
			345.8365
			-134.4604
			-50.3786
			427.6019
	==================================================================================
	Q4:
		Shape: Ellipse
		q_c:	254.0	276.0	284.0
		ub :	260.0501	285.2628	293.0748
		lb :	247.9499	266.7372	274.9252
		P^-1:
			0.0725	-0.0192	-0.0089
			-0.0192	0.0309	0.0045
			-0.0089	0.0045	0.0224
	==================================================================================
	Q5:
		Shape: Polyhedra
		q_c:	267.0	287.5	292.0
		ub :	271.1233	296.3689	300.247
		lb :	262.8767	278.6311	283.753
		A:
			0.2891	0.6288	-0.7219
			0.9865	-0.1604	-0.0319
			-0.8435	0.476	-0.2487
			0.7915	0.3842	-0.4753
			0.8516	0.1327	-0.5071
			0.9718	-0.2297	-0.0535
			0.2027	0.7498	0.6299
			0.9238	0.0669	-0.3769
			-0.3247	0.6583	-0.6791
			-0.2027	-0.7498	-0.6299
			-0.9238	-0.0669	0.3769
			0.3247	-0.6583	0.6791
		b:
			49.5023
			209.7681
			-158.8527
			185.1588
			119.069
			179.5293
			463.1069
			157.3331
			-93.2396
			-444.1069
			-154.3331
			98.2396
	==================================================================================
	Q6:
		Shape: Ellipse
		q_c:	246.0	281.5	296.5
		ub :	251.6554	287.2927	304.0705
		lb :	240.3446	275.7073	288.9295
		P^-1:
			0.1434	-0.0876	0.0018
			-0.0876	0.1728	0.035
			0.0018	0.035	0.0391


===========================================================================================
===========================================================================================
S2:
	q_c:	275.5	93.0	83.5
	ub :	283.2138	99.8789	91.3892
	lb :	270.0635	87.5516	78.1001

	==================================================================================
	Q1:
		Shape: Hybrid
		q_c:	279.5	96.0	87.5
		ub :	283.2138	99.2985	91.3892
		lb :	275.7862	92.7015	83.6108
		P^-1:
			0.161	0.0326	0.0581
			0.0326	0.2381	-0.0213
			0.0581	-0.0213	0.2121
		A:
			-0.2037	-0.2154	0.9551
			0.9775	-0.1086	0.1809
			-0.2854	-0.732	-0.6187
			0.6363	0.7056	0.3118
			0.2541	-0.6383	0.7266
			-0.4187	0.6306	-0.6535
		b:
			7.3744
			280.1775
			-203.0455
			273.8984
			74.3095
			-112.6222
	==================================================================================
	Q2:
		Shape: Polyhedra
		q_c:	274.0	96.5	81.5
		ub :	276.308	99.8789	84.8999
		lb :	271.692	93.1211	78.1001
		A:
			-0.6889	-0.1422	-0.7107
			0.8415	-0.2922	-0.4544
			0.9568	0.1083	0.2698
			0.8443	0.307	0.4392
			-0.3433	0.2015	0.9174
			0.7438	-0.1011	0.6607
			0.2678	0.7485	0.6066
			0.9582	-0.1412	-0.2488
			-0.1006	0.6479	-0.755
			-0.2678	-0.7485	-0.6066
			-0.9582	0.1412	0.2488
			0.1006	-0.6479	0.755
		b:
			-258.223
			166.9378
			296.4348
			298.862
			2.2188
			249.907
			197.5504
			230.147
			-24.5778
			-192.5504
			-227.147
			28.5778
	==================================================================================
	Q3:
		Shape: Polyhedra
		q_c:	274.5	95.5	82.0
		ub :	277.9135	98.3913	85.1405
		lb :	271.0865	92.6087	78.8595
		A:
			0.2979	-0.065	-0.9524
			0.1466	0.3948	0.907
			0.4483	0.2887	0.846
			0.1618	0.9831	0.0859
			0.1951	0.5842	0.7878
			-0.4553	-0.8586	0.2357
			0.5189	0.0106	0.8548
			-0.5658	0.7538	0.3341
			-0.6408	-0.657	0.3972
			-0.5189	-0.0106	-0.8548
			0.5658	-0.7538	-0.3341
			0.6408	0.657	-0.3972
		b:
			-0.4794
			154.4602
			222.0231
			147.3631
			176.1276
			-186.0151
			215.5442
			-53.4255
			-204.5721
			-211.5442
			58.4255
			207.5721
	==================================================================================
	Q4:
		Shape: Ellipse
		q_c:	277.0	90.5	82.5
		ub :	280.0564	93.4484	85.2943
		lb :	273.9436	87.5516	79.7057
		P^-1:
			0.3357	-0.3028	-0.1583
			-0.3028	0.6817	0.2727
			-0.1583	0.2727	0.3025
	==================================================================================
	Q5:
		Shape: Hybrid
		q_c:	273.0	90.5	86.5
		ub :	274.0938	91.6781	87.1353
		lb :	271.9062	89.3219	85.8647
		P^-1:
			2.9911	1.4173	-0.0102
			1.4173	2.009	0.0143
			-0.0102	0.0143	3.9999
		A:
			-0.9072	0.109	-0.4063
			-0.6308	-0.5881	-0.5062
			-0.2746	0.1126	-0.9549
			0.6117	0.1285	0.7806
			-0.8531	-0.4363	-0.286
			-0.6396	-0.5725	0.513
		b:
			-272.4653
			-268.9544
			-147.0822
			246.4451
			-296.8645
			-181.7965
	==================================================================================
	Q6:
		Shape: Hybrid
		q_c:	273.5	92.0	88.5
		ub :	276.9365	95.1061	91.3763
		lb :	270.0635	88.8939	85.6237
		P^-1:
			0.25	0.0	0.0
			0.0	0.25	0.0
			0.0	0.0	0.25
		A:
			0.1483	-0.458	0.8765
			0.0356	-0.9198	0.3907
			0.1223	-0.0921	-0.9882
			0.4072	-0.4934	0.7686
			-0.9304	-0.1508	0.3341
			0.0348	0.8824	0.4692
		b:
			76.9865
			-39.3207
			-61.4712
			134.9922
			-237.7641
			133.2245


===========================================================================================
===========================================================================================
S3:
	q_c:	267.0	203.0	93.5
	ub :	285.873	224.6983	110.3937
	lb :	246.5334	184.3241	73.3397

	==================================================================================
	Q1:
		Shape: Hybrid
		q_c:	280.5	218.0	82.5
		ub :	285.873	224.6983	90.8969
		lb :	275.127	211.3017	74.1031
		P^-1:
			0.1341	0.0243	0.0484
			0.0243	0.0608	-0.0052
			0.0484	-0.0052	0.048
		A:
			0.8407	-0.4597	0.2863
			-0.2157	-0.4578	0.8625
			0.0909	-0.9697	-0.2268
			-0.6323	-0.7445	-0.2141
			-0.6361	0.612	-0.47
			-0.7385	-0.5746	-0.3528
		b:
			161.5676
			-84.9588
			-200.6765
			-355.3074
			-81.4909
			-359.7767
	==================================================================================
	Q2:
		Shape: Hybrid
		q_c:	273.5	197.5	93.0
		ub :	280.823	205.7292	100.1334
		lb :	266.177	189.2708	85.8666
		P^-1:
			0.0341	-0.0031	-0.0024
			-0.0031	0.0427	0.0074
			-0.0024	0.0074	0.0387
		A:
			0.4716	0.753	0.4588
			-0.386	0.8887	-0.2475
			-0.4358	-0.8356	0.3344
			0.1692	0.94	0.2963
			-0.9173	0.2554	0.3054
			0.374	-0.1219	0.9194
		b:
			323.126
			49.8068
			-249.968
			262.0176
			-169.1501
			166.8488
	==================================================================================
	Q3:
		Shape: Polyhedra
		q_c:	258.5	195.5	87.0
		ub :	270.4666	206.6759	98.9244
		lb :	246.5334	184.3241	75.0756
		A:
			-0.0905	-0.1215	-0.9885
			-0.8543	-0.4995	-0.1436
			0.0136	0.5607	0.8279
			0.3875	0.0093	0.9218
			-0.0061	0.9897	0.1427
			-0.6774	0.7356	0.0006
			0.7376	0.4887	0.466
			-0.2487	0.8382	-0.4854
			-0.6278	0.2421	0.7398
			-0.7376	-0.4887	-0.466
			0.2487	-0.8382	0.4854
			0.6278	-0.2421	-0.7398
		b:
			-125.9044
			-322.6972
			192.6394
			189.8032
			211.4917
			-24.684
			335.246
			63.848
			-44.0941
			-318.246
			-50.848
			57.0941
	==================================================================================
	Q4:
		Shape: Hybrid
		q_c:	268.5	204.5	98.0
		ub :	275.0921	211.4376	104.3436
		lb :	261.9079	197.5624	91.6564
		P^-1:
			0.0696	-0.0155	-0.0016
			-0.0155	0.0613	0.0012
			-0.0016	0.0012	0.0495
		A:
			0.5548	0.8199	0.1412
			-0.878	0.4378	-0.1938
			-0.4775	0.562	-0.6754
			-0.8188	-0.2461	-0.5186
			0.9292	-0.2883	0.2313
			0.3131	0.9448	-0.0964
		b:
			333.222
			-163.3418
			-77.1285
			-318.4598
			215.1746
			270.4834
	==================================================================================
	Q5:
		Shape: Hybrid
		q_c:	261.0	198.0	101.0
		ub :	271.5319	206.1579	110.3937
		lb :	250.4681	189.8421	91.6063
		P^-1:
			0.022	-0.0042	0.0003
			-0.0042	0.0314	-0.0007
			0.0003	-0.0007	0.0204
		A:
			0.8185	0.1393	0.5573
			0.1514	-0.4919	0.8574
			-0.9238	-0.3675	-0.1076
			-0.9227	-0.317	0.2194
			-0.9319	0.2183	0.2896
			-0.5968	0.5941	-0.5393
		b:
			301.7063
			32.5245
			-320.4839
			-277.1887
			-166.8795
			-89.2777
	==================================================================================
	Q6:
		Shape: Hybrid
		q_c:	274.5	198.5	80.5
		ub :	283.8058	207.852	87.6603
		lb :	265.1942	189.148	73.3397
		P^-1:
			0.033	0.0099	0.0019
			0.0099	0.0345	0.0046
			0.0019	0.0046	0.0455
		A:
			-0.5552	-0.574	0.6019
			-0.9743	-0.1035	0.2002
			-0.5448	-0.4992	0.6738
			-0.2594	0.5651	0.7832
			-0.1156	0.8175	-0.5642
			0.6667	-0.6328	0.3938
		b:
			-215.146
			-268.5414
			-191.663
			106.9162
			88.633
			93.1846


===========================================================================================
===========================================================================================
S4:
	q_c:	251.5	257.5	503.5
	ub :	278.5141	282.7987	526.9062
	lb :	226.4452	239.3967	476.4843

	==================================================================================
	Q1:
		Shape: Polyhedra
		q_c:	238.0	273.0	515.5
		ub :	249.5548	282.7987	526.9062
		lb :	226.4452	263.2013	504.0938
		A:
			-0.1812	0.9555	-0.2326
			0.0631	-0.9569	0.2833
			0.2773	-0.8488	0.4502
			-0.9297	-0.1645	0.3296
			0.0823	-0.9623	0.2594
			-0.4891	-0.8683	0.0822
			0.5039	0.4892	0.7118
			0.693	0.2629	-0.6713
			-0.5155	0.8316	-0.2066
			-0.5039	-0.4892	-0.7118
			-0.693	-0.2629	0.6713
			0.5155	-0.8316	0.2066
		b:
			103.2035
			-94.5447
			71.7137
			-88.9132
			-103.7906
			-304.1299
			627.9447
			-101.8478
			2.8443
			-612.9447
			116.8478
			7.1557
	==================================================================================
	Q2:
		Shape: Polyhedra
		q_c:	240.5	256.0	500.0
		ub :	253.6371	268.5285	514.6369
		lb :	227.3629	243.4715	485.3631
		A:
			-0.5791	-0.2991	0.7584
			0.9125	-0.3961	0.1027
			0.6057	0.2444	-0.7573
			0.4306	0.6022	-0.6723
			0.1183	-0.992	-0.0436
			-0.0261	-0.8575	-0.5138
			0.7244	0.4284	0.54
			0.6776	-0.2984	-0.6722
			-0.1269	0.8529	-0.5064
			-0.7244	-0.4284	-0.54
			-0.6776	0.2984	0.6722
			0.1269	-0.8529	0.5064
		b:
			172.9062
			178.2588
			-160.6679
			-69.8871
			-239.2867
			-474.2382
			560.9214
			-239.0414
			-57.8946
			-546.9214
			260.0414
			72.8946
	==================================================================================
	Q3:
		Shape: Ellipse
		q_c:	241.5	248.0	506.5
		ub :	251.315	256.6033	516.3385
		lb :	231.685	239.3967	496.6615
		P^-1:
			0.0295	0.0161	0.0101
			0.0161	0.0487	0.0083
			0.0101	0.0083	0.0298
	==================================================================================
	Q4:
		Shape: Ellipse
		q_c:	256.5	254.0	511.5
		ub :	263.9411	262.2071	521.8751
		lb :	249.0589	245.7929	501.1249
		P^-1:
			0.0704	-0.0091	-0.02
			-0.0091	0.0416	0.0119
			-0.02	0.0119	0.022
	==================================================================================
	Q5:
		Shape: Ellipse
		q_c:	269.5	250.0	506.5
		ub :	278.5141	255.6948	515.0161
		lb :	260.4859	244.3052	497.9839
		P^-1:
			0.0248	-0.0014	0.0017
			-0.0014	0.0399	0.0004
			0.0017	0.0004	0.0268
	==================================================================================
	Q6:
		Shape: Ellipse
		q_c:	241.0	271.5	488.0
		ub :	251.2407	281.6051	499.5157
		lb :	230.7593	261.3949	476.4843
		P^-1:
			0.0213	0.0037	0.0021
			0.0037	0.0208	0.0084
			0.0021	0.0084	0.0252


===========================================================================================
===========================================================================================
S5:
	q_c:	478.0	497.0	124.5
	ub :	506.349	524.1629	158.8264
	lb :	461.6471	471.7409	107.6856

	==================================================================================
	Q1:
		Shape: Polyhedra
		q_c:	498.0	508.5	142.0
		ub :	506.349	520.6007	151.2673
		lb :	489.651	496.3993	132.7327
		A:
			0.2206	0.9112	0.3481
			0.9731	-0.1903	0.1301
			-0.7307	-0.3223	0.6018
			-0.1665	-0.5545	-0.8154
			-0.862	-0.3329	0.3824
			-0.3183	0.9472	-0.0381
			0.7853	0.4106	0.4634
			0.2295	-0.8882	0.398
			0.5751	-0.2062	-0.7917
			-0.7853	-0.4106	-0.4634
			-0.2295	0.8882	-0.398
			-0.5751	0.2062	0.7917
		b:
			630.0938
			412.5378
			-437.1447
			-476.104
			-539.3802
			327.576
			670.6558
			-270.3309
			72.6128
			-660.6558
			291.3309
			-65.6128
	==================================================================================
	Q2:
		Shape: Ellipse
		q_c:	478.5	492.5	121.0
		ub :	488.7311	506.5377	134.3144
		lb :	468.2689	478.4623	107.6856
		P^-1:
			0.022	0.0042	0.0003
			0.0042	0.0125	0.0008
			0.0003	0.0008	0.0093
	==================================================================================
	Q3:
		Shape: Polyhedra
		q_c:	473.0	513.5	122.5
		ub :	484.3529	524.1629	132.2315
		lb :	461.6471	502.8371	112.7685
		A:
			0.4979	0.8651	-0.0605
			0.6194	0.3089	-0.7218
			-0.3524	-0.6022	0.7164
			0.4772	0.8191	-0.3182
			0.2532	0.4109	-0.8758
			0.5868	-0.5136	0.626
			0.5954	0.5947	0.5402
			0.8024	-0.4731	-0.3637
			0.0393	0.65	-0.7589
			-0.5954	-0.5947	-0.5402
			-0.8024	0.4731	0.3637
			-0.0393	-0.65	0.7589
		b:
			677.6411
			369.8425
			-383.5003
			612.2829
			228.3819
			96.5162
			659.1978
			101.5502
			263.378
			-647.1978
			-82.5502
			-255.378
	==================================================================================
	Q4:
		Shape: Polyhedra
		q_c:	492.0	484.0	147.0
		ub :	497.3779	496.2591	158.8264
		lb :	486.6221	471.7409	135.1736
		A:
			-0.6843	0.3127	-0.6587
			-0.3517	-0.0438	-0.9351
			0.8344	-0.1684	-0.5248
			-0.4095	-0.1141	-0.9051
			0.3525	0.8535	-0.3837
			0.7537	-0.6293	0.1895
			0.0496	0.7685	0.6379
			0.9484	-0.2366	0.2113
			0.3133	0.5944	-0.7406
			-0.0496	-0.7685	-0.6379
			-0.9484	0.2366	-0.2113
			-0.3133	-0.5944	0.7406
		b:
			-277.6552
			-324.0859
			257.8001
			-382.0741
			537.3982
			98.7105
			500.1614
			386.1328
			339.4866
			-480.1614
			-380.1328
			-326.4866
	==================================================================================
	Q5:
		Shape: Hybrid
		q_c:	477.5	510.5	134.0
		ub :	485.7502	518.2091	141.4669
		lb :	469.2498	502.7909	126.5331
		P^-1:
			0.0257	0.0017	0.0068
			0.0017	0.025	0.0054
			0.0068	0.0054	0.046
		A:
			-0.4532	0.1298	0.8819
			-0.3665	-0.1556	-0.9173
			-0.6076	-0.7055	-0.365
			-0.2493	-0.7412	-0.6233
			-0.2305	-0.1489	-0.9616
			0.3057	-0.0334	0.9515
		b:
			-28.6898
			-375.051
			-695.7185
			-577.9422
			-312.6629
			258.8577
	==================================================================================
	Q6:
		Shape: Ellipse
		q_c:	472.0	486.0	141.5
		ub :	481.9872	496.1914	152.283
		lb :	462.0128	475.8086	130.717
		P^-1:
			0.0252	0.0056	-0.002
			0.0056	0.029	0.0104
			-0.002	0.0104	0.0292


===========================================================================================
===========================================================================================
S6:
	q_c:	309.0	41.5	144.5
	ub :	328.1445	61.7413	173.334
	lb :	289.4177	15.4208	120.1437

	==================================================================================
	Q1:
		Shape: Ellipse
		q_c:	320.5	35.5	126.5
		ub :	328.1445	43.6497	132.8563
		lb :	312.8555	27.3503	120.1437
		P^-1:
			0.0349	-0.0067	0.0121
			-0.0067	0.0563	-0.0382
			0.0121	-0.0382	0.0808
	==================================================================================
	Q2:
		Shape: Polyhedra
		q_c:	303.5	36.0	134.0
		ub :	317.217	48.3036	145.4715
		lb :	289.783	23.6964	122.5285
		A:
			0.0948	-0.7413	-0.6644
			-0.526	-0.18	-0.8312
			-0.3375	0.9259	-0.1697
			0.8338	-0.532	-0.1475
			0.4204	-0.8602	-0.2886
			0.0825	0.3927	0.9159
			0.3233	0.5781	0.7491
			-0.6395	-0.4501	0.6233
			0.6975	-0.6806	0.2242
			-0.3233	-0.5781	-0.7491
			0.6395	0.4501	-0.6233
			-0.6975	0.6806	-0.2242
		b:
			-82.1921
			-272.851
			-84.1203
			222.2951
			64.4365
			167.0317
			222.8327
			-115.259
			224.7316
			-215.8327
			138.259
			-209.7316
	==================================================================================
	Q3:
		Shape: Polyhedra
		q_c:	308.0	50.5	148.0
		ub :	313.5712	56.2473	152.9954
		lb :	302.4288	44.7527	143.0046
		A:
			-0.0728	-0.8088	-0.5836
			0.5303	-0.6854	0.499
			-0.0979	0.854	-0.511
			0.3227	-0.9395	0.1147
			-0.0969	-0.5711	0.8151
			-0.2941	0.1727	0.94
			0.3446	0.4381	0.8303
			-0.8996	0.4069	0.1587
			-0.2683	-0.8016	0.5343
			-0.3446	-0.4381	-0.8303
			0.8996	-0.4069	-0.1587
			0.2683	0.8016	-0.5343
		b:
			-146.4207
			206.2804
			-59.0821
			72.6332
			65.3835
			60.6141
			254.1276
			-229.0515
			-40.5474
			-248.1276
			237.0515
			47.5474
	==================================================================================
	Q4:
		Shape: Ellipse
		q_c:	318.0	48.0	159.5
		ub :	327.7222	61.7413	173.334
		lb :	308.2778	34.2587	145.666
		P^-1:
			0.0285	-0.0051	-0.0069
			-0.0051	0.014	0.0022
			-0.0069	0.0022	0.0153
	==================================================================================
	Q5:
		Shape: Polyhedra
		q_c:	300.5	37.0	154.0
		ub :	311.5823	46.5654	164.178
		lb :	289.4177	27.4346	143.822
		A:
			0.2658	-0.6857	0.6776
			-0.4611	-0.8873	-0.0079
			-0.1767	0.7068	0.685
			-0.1973	-0.5804	-0.79
			-0.0063	0.895	-0.4461
			0.9251	0.0318	0.3784
			0.7081	0.2501	0.6603
			0.636	-0.6321	-0.4427
			0.3066	0.7334	-0.6067
			-0.7081	-0.2501	-0.6603
			-0.636	0.6321	0.4427
			-0.3066	-0.7334	0.6067
		b:
			163.7706
			-167.5219
			86.5701
			-195.1667
			-32.9318
			344.2886
			330.2339
			108.0672
			29.345
			-317.2339
			-91.0672
			-22.345
	==================================================================================
	Q6:
		Shape: Hybrid
		q_c:	300.5	25.0	137.0
		ub :	307.1263	34.5792	146.7428
		lb :	293.8737	15.4208	127.2572
		P^-1:
			0.047	-0.005	-0.0055
			-0.005	0.0247	0.0012
			-0.0055	0.0012	0.025
		A:
			0.7599	-0.2389	0.6046
			-0.5319	0.36	-0.7665
			0.6361	-0.5673	-0.523
			0.3292	-0.903	0.2759
			0.8315	-0.5409	0.1263
			-0.6109	-0.0073	0.7917
		b:
			308.7217
			-251.8692
			108.2522
			118.0732
			256.445
			-72.0931


===========================================================================================
===========================================================================================
S7:
	q_c:	53.0	396.0	57.5
	ub :	56.6361	409.3061	67.7986
	lb :	36.8043	384.1097	38.7646

	==================================================================================
	Q1:
		Shape: Ellipse
		q_c:	45.0	393.0	58.0
		ub :	48.8439	398.0689	62.9396
		lb :	41.1561	387.9311	53.0604
		P^-1:
			0.1085	-0.0081	-0.0073
			-0.0081	0.1083	-0.0473
			-0.0073	-0.0473	0.1168
	==================================================================================
	Q2:
		Shape: Hybrid
		q_c:	42.5	404.0	63.0
		ub :	48.1957	409.3061	67.7832
		lb :	36.8043	398.6939	58.2168
		P^-1:
			0.0637	0.028	-0.0065
			0.028	0.1266	0.0291
			-0.0065	0.0291	0.1301
		A:
			0.0269	0.4378	0.8987
			-0.0038	0.9961	0.0887
			-0.2972	0.6949	0.6548
			-0.0754	-0.15	-0.9858
			0.0803	0.0513	0.9955
			0.6204	0.6309	0.466
		b:
			235.9603
			409.5819
			311.0549
			-124.3411
			88.5103
			312.2955
	==================================================================================
	Q3:
		Shape: Hybrid
		q_c:	49.0	397.0	56.5
		ub :	54.812	401.3183	62.2755
		lb :	43.188	392.6817	50.7245
		P^-1:
			0.1158	-0.0688	0.0491
			-0.0688	0.1514	-0.0635
			0.0491	-0.0635	0.1078
		A:
			-0.6653	0.744	0.0624
			-0.9378	0.2997	-0.175
			-0.6045	0.2367	0.7606
			0.2813	-0.7577	0.5888
			-0.5849	0.562	-0.5848
			-0.9298	-0.2659	-0.2545
		b:
			268.0488
			65.0704
			110.2985
			-252.5411
			162.5068
			-162.794
	==================================================================================
	Q4:
		Shape: Hybrid
		q_c:	53.0	397.5	57.5
		ub :	56.6361	402.2409	61.5987
		lb :	49.3639	392.7591	53.4013
		P^-1:
			0.6094	0.0283	0.4333
			0.0283	0.1103	0.0895
			0.4333	0.0895	0.5027
		A:
			0.661	0.4385	0.6089
			0.9591	-0.2828	0.0105
			0.8465	-0.4494	0.2853
			-0.934	0.0369	-0.3552
			-0.4298	-0.2041	-0.8795
			-0.6883	0.1985	-0.6977
		b:
			245.3723
			-59.5092
			-116.0292
			-54.3741
			-153.5616
			3.2549
	==================================================================================
	Q5:
		Shape: Hybrid
		q_c:	48.5	399.5	63.0
		ub :	51.9633	403.5065	67.7986
		lb :	45.0367	395.4935	58.2014
		P^-1:
			0.4002	0.0693	-0.1035
			0.0693	0.3358	0.1622
			-0.1035	0.1622	0.2023
		A:
			0.4532	-0.808	-0.3764
			-0.838	-0.297	0.4578
			-0.9567	-0.2902	-0.0212
			-0.6654	0.7104	-0.2294
			-0.7557	-0.5834	0.2976
			0.368	0.7258	0.5812
		b:
			-323.3799
			-129.4086
			-162.7142
			239.9467
			-249.7897
			345.3778
	==================================================================================
	Q6:
		Shape: Ellipse
		q_c:	45.5	390.5	45.5
		ub :	52.3552	396.8903	52.2354
		lb :	38.6448	384.1097	38.7646
		P^-1:
			0.0682	-0.0046	-0.0272
			-0.0046	0.0867	-0.0263
			-0.0272	-0.0263	0.0709


===========================================================================================
===========================================================================================
S8:
	q_c:	33.0	498.5	499.5
	ub :	46.7255	507.7583	512.9189
	lb :	22.374	485.6808	488.4532

	==================================================================================
	Q1:
		Shape: Ellipse
		q_c:	38.5	489.5	506.5
		ub :	44.9068	493.3192	512.9189
		lb :	32.0932	485.6808	500.0811
		P^-1:
			0.0595	-0.0032	0.0214
			-0.0032	0.1096	-0.0058
			0.0214	-0.0058	0.0636
	==================================================================================
	Q2:
		Shape: Hybrid
		q_c:	35.0	502.0	493.0
		ub :	41.3109	506.9201	497.5468
		lb :	28.6891	497.0799	488.4532
		P^-1:
			0.1222	-0.0281	0.1508
			-0.0281	0.1414	-0.108
			0.1508	-0.108	0.3251
		A:
			-0.6163	0.641	-0.4575
			-0.532	0.4589	-0.7116
			-0.1542	0.5173	-0.8418
			-0.7526	-0.0124	-0.6583
			0.7891	-0.0529	0.612
			-0.2103	-0.0189	-0.9775
		b:
			76.8113
			-137.9991
			-159.5987
			-355.6032
			304.496
			-496.9966
	==================================================================================
	Q3:
		Shape: Hybrid
		q_c:	36.0	495.0	506.0
		ub :	41.2484	500.6048	508.7977
		lb :	30.7516	489.3952	503.2023
		P^-1:
			0.1154	0.0506	-0.079
			0.0506	0.09	-0.0828
			-0.079	-0.0828	0.3995
		A:
			0.2564	0.4974	-0.8287
			0.5975	-0.6811	0.4233
			0.1878	0.0758	0.9793
			0.4995	-0.0659	-0.8638
			0.4835	-0.3016	0.8218
			0.2471	0.7475	0.6166
		b:
			-162.8325
			-98.1421
			541.1191
			-450.2074
			285.9967
			693.5464
	==================================================================================
	Q4:
		Shape: Hybrid
		q_c:	40.5	496.5	501.0
		ub :	46.7255	504.0834	508.5821
		lb :	34.2745	488.9166	493.4179
		P^-1:
			0.0883	-0.03	0.0083
			-0.03	0.0609	-0.0153
			0.0083	-0.0153	0.0444
		A:
			-0.8231	0.3628	0.4368
			0.8739	0.2597	-0.4108
			-0.6408	-0.6666	0.3807
			-0.9991	0.0264	0.0344
			-0.1982	-0.1289	0.9716
			0.1417	-0.2526	-0.9571
		b:
			367.9985
			-38.7585
			-163.0534
			-7.9797
			418.0633
			-595.5416
	==================================================================================
	Q5:
		Shape: Polyhedra
		q_c:	33.5	493.5	497.5
		ub :	35.7399	497.6798	502.3025
		lb :	31.2601	489.3202	492.6975
		A:
			-0.6891	0.7188	0.0915
			-0.7041	0.6704	0.2342
			0.6754	-0.6214	-0.3971
			0.4675	-0.7227	-0.509
			0.0952	0.7793	-0.6193
			0.9631	-0.0299	-0.2674
			0.0534	0.8764	0.4786
			0.9982	-0.0336	-0.0498
			-0.0275	0.4804	-0.8766
			-0.0534	-0.8764	-0.4786
			-0.9982	0.0336	0.0498
			0.0275	-0.4804	0.8766
		b:
			379.607
			426.0133
			-479.3416
			-591.8456
			83.4562
			-113.3637
			674.8966
			-5.9157
			-195.9774
			-669.8966
			9.9157
			203.9774
	==================================================================================
	Q6:
		Shape: Hybrid
		q_c:	27.5	502.0	495.0
		ub :	32.626	507.7583	500.8718
		lb :	22.374	496.2417	489.1282
		P^-1:
			0.1324	0.0107	-0.041
			0.0107	0.0596	0.0109
			-0.041	0.0109	0.099
		A:
			-0.4546	-0.8727	0.1783
			0.6828	0.4709	-0.5586
			0.8588	-0.302	-0.4138
			-0.3171	0.1172	0.9411
			-0.744	-0.0885	0.6623
			0.967	-0.0891	0.2385
		b:
			-359.8047
			-19.6391
			-331.242
			517.7161
			264.2054
			102.0888


===========================================================================================
===========================================================================================
S9:
	q_c:	511.5	175.0	30.5
	ub :	520.5905	185.8967	38.3961
	lb :	506.548	166.402	23.5933

	==================================================================================
	Q1:
		Shape: Hybrid
		q_c:	513.5	171.0	34.0
		ub :	518.3964	175.598	38.3961
		lb :	508.6036	166.402	29.6039
		P^-1:
			0.1255	0.0044	-0.0218
			0.0044	0.1125	-0.0067
			-0.0218	-0.0067	0.1443
		A:
			0.564	-0.1028	-0.8193
			-0.1522	-0.9499	0.2729
			-0.9627	-0.1788	-0.203
			-0.8838	-0.3677	0.2893
			-0.6187	-0.744	0.2523
			0.5046	0.4322	-0.7474
		b:
			245.4961
			-229.6459
			-530.1467
			-505.4148
			-434.8102
			308.9088
	==================================================================================
	Q2:
		Shape: Ellipse
		q_c:	510.0	182.0	34.5
		ub :	513.452	185.8967	37.7487
		lb :	506.548	178.1033	31.2513
		P^-1:
			0.3063	0.1265	0.0972
			0.1265	0.2129	0.0129
			0.0972	0.0129	0.2864
	==================================================================================
	Q3:
		Shape: Hybrid
		q_c:	513.0	172.5	28.0
		ub :	517.4889	177.4178	32.4067
		lb :	508.5111	167.5822	23.5933
		P^-1:
			0.1277	-0.0301	-0.0242
			-0.0301	0.132	-0.0225
			-0.0242	-0.0225	0.1419
		A:
			0.2587	-0.9632	0.0727
			-0.2765	0.8043	-0.526
			-0.0423	-0.1298	-0.9906
			0.1801	-0.1214	0.9761
			-0.6189	-0.6095	0.4954
			0.266	0.9476	-0.1768
		b:
			-30.0172
			-16.5819
			-70.1852
			100.3351
			-407.194
			296.6996
	==================================================================================
	Q4:
		Shape: Polyhedra
		q_c:	517.0	172.5	28.5
		ub :	519.5652	176.3848	30.6996
		lb :	514.4348	168.6152	26.3004
		A:
			-0.6206	0.0878	-0.7792
			-0.7675	0.025	0.6406
			-0.7991	0.2051	-0.5651
			-0.991	-0.0267	0.131
			0.817	0.4022	-0.4132
			-0.7	0.4522	0.5527
			0.8919	0.307	0.3322
			0.2414	-0.9441	0.2243
			0.3825	-0.1199	-0.9161
			-0.8919	-0.307	-0.3322
			-0.2414	0.9441	-0.2243
			-0.3825	0.1199	0.9161
		b:
			-326.0196
			-373.0642
			-391.6649
			-511.7297
			481.5638
			-266.2531
			525.0091
			-28.1689
			151.9729
			-522.0091
			35.1689
			-149.9729
	==================================================================================
	Q5:
		Shape: Polyhedra
		q_c:	508.0	179.5	27.5
		ub :	509.4108	181.5831	30.1393
		lb :	506.5892	177.4169	24.8607
		A:
			-0.9644	0.2133	0.1564
			0.946	-0.1248	-0.2991
			-0.9264	-0.0775	0.3685
			-0.8794	-0.4396	-0.1827
			-0.9619	0.2732	-0.0126
			0.8601	-0.3496	-0.3714
			0.1279	0.011	0.9917
			-0.9421	0.3139	0.118
			-0.31	-0.9494	0.0505
			-0.1279	-0.011	-0.9917
			0.9421	-0.3139	-0.118
			0.31	0.9494	-0.0505
		b:
			-446.786
			450.7281
			-473.3059
			-529.0888
			-439.3453
			364.7877
			96.6956
			-418.4865
			-324.5242
			-91.6956
			419.4865
			328.5242
	==================================================================================
	Q6:
		Shape: Hybrid
		q_c:	516.5	179.0	32.5
		ub :	520.5905	183.6546	36.8305
		lb :	512.4095	174.3454	28.1695
		P^-1:
			0.1611	0.0418	-0.052
			0.0418	0.1459	-0.0434
			-0.052	-0.0434	0.1651
		A:
			-0.017	-0.9618	-0.2732
			0.0434	0.6422	-0.7653
			0.1252	-0.3371	0.9331
			0.9586	-0.0769	-0.2743
			-0.7702	-0.6164	0.1638
			0.763	0.6368	-0.1107
		b:
			-187.9128
			113.8806
			36.235
			473.9532
			-501.5348
			505.8218


===========================================================================================
===========================================================================================
S10:
	q_c:	71.0	500.0	225.5
	ub :	79.4401	509.1108	233.1858
	lb :	66.3262	492.1625	218.4847

	==================================================================================
	Q1:
		Shape: Hybrid
		q_c:	71.0	504.0	228.5
		ub :	75.5879	509.1108	233.1858
		lb :	66.4121	498.8892	223.8142
		P^-1:
			0.1111	-0.0	-0.0
			-0.0	0.1111	0.0
			-0.0	0.0	0.1111
		A:
			0.311	0.8264	0.4694
			-0.2559	-0.8322	0.492
			-0.5359	0.4809	0.694
			0.5595	-0.1038	0.8223
			-0.0612	-0.9915	0.1146
			0.0149	0.9815	-0.1909
		b:
			547.347
			-323.6659
			364.3972
			176.8059
			-476.4012
			453.6188
	==================================================================================
	Q2:
		Shape: Polyhedra
		q_c:	71.5	503.5	224.0
		ub :	73.6614	505.4293	226.3336
		lb :	69.3386	501.5707	221.6664
		A:
			0.6371	0.2456	0.7306
			0.1575	0.9854	-0.0652
			-0.0207	0.9952	0.0956
			0.4005	0.4603	0.7923
			0.7758	-0.4811	-0.4082
			0.305	-0.6286	0.7154
			0.8426	0.1657	0.5124
			0.0635	-0.9754	0.2109
			0.5347	-0.1451	-0.8325
			-0.8426	-0.1657	-0.5124
			-0.0635	0.9754	-0.2109
			-0.5347	0.1451	0.8325
		b:
			334.3837
			494.2883
			522.525
			439.3723
			-276.7099
			-132.9373
			259.9298
			-437.8623
			-219.8037
			-256.9298
			440.8623
			222.8037
	==================================================================================
	Q3:
		Shape: Ellipse
		q_c:	75.5	497.0	229.5
		ub :	78.6152	499.726	232.6632
		lb :	72.3848	494.274	226.3368
		P^-1:
			0.321	0.0791	0.05
			0.0791	0.3382	0.0558
			0.05	0.0558	0.2853
	==================================================================================
	Q4:
		Shape: Ellipse
		q_c:	74.5	501.0	223.5
		ub :	79.4401	506.4999	228.5153
		lb :	69.5599	495.5001	218.4847
		P^-1:
			0.1087	-0.0053	-0.006
			-0.0053	0.0993	-0.0134
			-0.006	-0.0134	0.0958
	==================================================================================
	Q5:
		Shape: Polyhedra
		q_c:	75.5	495.5	224.5
		ub :	78.7087	498.8375	227.9443
		lb :	72.2913	492.1625	221.0557
		A:
			-0.6286	-0.3665	0.686
			-0.2541	0.4631	-0.8491
			0.9654	-0.1402	0.22
			0.6344	0.7019	-0.3238
			-0.3071	-0.5483	0.7779
			-0.0198	-0.9042	0.4267
			0.3702	0.5887	0.7186
			-0.6839	0.6962	-0.218
			-0.6287	-0.4107	0.6604
			-0.3702	-0.5887	-0.7186
			0.6839	-0.6962	0.218
			0.6287	0.4107	-0.6604
		b:
			-73.0609
			21.5808
			54.6471
			325.0827
			-118.2646
			-351.9112
			483.4701
			245.9034
			-100.7401
			-478.4701
			-242.9034
			104.7401
	==================================================================================
	Q6:
		Shape: Hybrid
		q_c:	68.5	503.0	223.0
		ub :	70.6738	505.8894	225.909
		lb :	66.3262	500.1106	220.091
		P^-1:
			0.4443	-0.0041	0.0034
			-0.0041	0.3291	0.0954
			0.0034	0.0954	0.3655
		A:
			0.2616	0.3001	-0.9173
			0.1213	-0.3841	-0.9153
			0.6964	-0.5178	0.4968
			-0.3532	-0.1697	-0.92
			0.805	-0.3223	0.4981
			0.8874	0.2818	0.3648
		b:
			-34.5763
			-388.1905
			-100.9695
			-313.8493
			5.0291
			284.6577


===========================================================================================
===========================================================================================
S11:
	q_c:	72.5	117.5	470.5
	ub :	100.1373	142.1616	490.7465
	lb :	58.7641	92.6447	456.0861

	==================================================================================
	Q1:
		Shape: Ellipse
		q_c:	72.5	104.5	472.0
		ub :	81.2038	116.3553	482.218
		lb :	63.7962	92.6447	461.782
		P^-1:
			0.0473	-0.0015	0.0165
			-0.0015	0.0157	0.0113
			0.0165	0.0113	0.0425
	==================================================================================
	Q2:
		Shape: Polyhedra
		q_c:	66.0	123.0	468.5
		ub :	73.2359	128.2438	475.2244
		lb :	58.7641	117.7562	461.7756
		A:
			-0.2803	-0.411	-0.8674
			-0.3611	-0.8781	-0.3141
			0.8688	-0.3379	0.3621
			0.7503	0.041	0.6598
			-0.6177	0.0989	-0.7801
			-0.3522	-0.7414	-0.5712
			0.6696	0.2486	0.6999
			-0.6958	-0.1196	0.7082
			0.2598	-0.9612	0.0929
			-0.6696	-0.2486	-0.6999
			0.6958	0.1196	-0.7082
			-0.2598	0.9612	-0.0929
		b:
			-472.0301
			-275.5182
			189.0134
			366.2924
			-391.2867
			-378.9678
			405.1705
			277.6442
			-53.5721
			-400.1705
			-264.6442
			61.5721
	==================================================================================
	Q3:
		Shape: Ellipse
		q_c:	88.0	129.0	479.5
		ub :	100.1373	142.1616	490.7465
		lb :	75.8627	115.8384	468.2535
		P^-1:
			0.0162	-0.0031	-0.0042
			-0.0031	0.0181	0.0056
			-0.0042	0.0056	0.0212
	==================================================================================
	Q4:
		Shape: Polyhedra
		q_c:	80.0	118.0	463.5
		ub :	90.4799	128.7402	470.9139
		lb :	69.5201	107.2598	456.0861
		A:
			-0.1572	0.3097	-0.9377
			-0.4389	0.792	0.4243
			-0.4507	-0.0605	0.8906
			-0.9237	-0.3733	-0.0865
			-0.4034	-0.7636	0.5042
			-0.7147	0.3875	-0.5824
			0.3563	0.196	0.9136
			-0.5643	0.8244	0.0432
			-0.7447	-0.531	0.4043
			-0.3563	-0.196	-0.9136
			0.5643	-0.8244	-0.0432
			0.7447	0.531	-0.4043
		b:
			-404.9099
			263.1186
			375.0665
			-152.7326
			116.9685
			-274.2644
			480.5782
			80.6782
			70.1712
			-469.5782
			-63.6782
			-60.1712
	==================================================================================
	Q5:
		Shape: Hybrid
		q_c:	72.0	123.5	470.5
		ub :	77.5326	130.0425	474.3288
		lb :	66.4674	116.9575	466.6712
		P^-1:
			0.273	0.1637	0.1122
			0.1637	0.138	0.0656
			0.1122	0.0656	0.1724
		A:
			0.3695	0.208	0.9057
			-0.806	-0.5909	-0.0341
			0.2692	0.311	0.9115
			0.08	0.5889	0.8043
			-0.6319	-0.5414	-0.5546
			0.8386	0.1493	-0.5239
		b:
			479.8856
			-145.9562
			488.3443
			459.6542
			-372.3619
			-164.9671
	==================================================================================
	Q6:
		Shape: Ellipse
		q_c:	80.5	109.0	471.5
		ub :	88.6858	117.0656	475.2055
		lb :	72.3142	100.9344	467.7945
		P^-1:
			0.0414	0.0241	-0.013
			0.0241	0.0484	-0.0215
			-0.013	-0.0215	0.1531


===========================================================================================
===========================================================================================
S12:
	q_c:	250.0	371.5	273.0
	ub :	263.6414	391.4834	293.4503
	lb :	231.6111	353.7375	252.7027

	==================================================================================
	Q1:
		Shape: Polyhedra
		q_c:	238.5	364.0	277.0
		ub :	245.3889	372.4991	285.7615
		lb :	231.6111	355.5009	268.2385
		A:
			-0.8738	-0.0111	-0.4862
			0.7473	-0.5806	-0.3232
			-0.0539	0.2596	-0.9642
			-0.2931	-0.8483	0.441
			0.768	-0.5323	-0.3562
			0.7825	0.5205	0.3418
			0.091	0.6474	0.7567
			-0.2976	0.7429	-0.5997
			-0.9504	-0.1706	0.2602
			-0.091	-0.6474	-0.7567
			0.2976	-0.7429	0.5997
			0.9504	0.1706	-0.2602
		b:
			-341.8678
			-117.3894
			-179.9882
			-251.1836
			-104.0325
			475.9829
			472.4606
			38.8153
			-211.6684
			-461.4606
			-27.8153
			221.6684
	==================================================================================
	Q2:
		Shape: Polyhedra
		q_c:	240.5	383.5	260.5
		ub :	248.0271	391.4834	268.2973
		lb :	232.9729	375.5166	252.7027
		A:
			0.5692	-0.3186	0.758
			0.923	-0.1798	-0.3403
			-0.9282	-0.1084	0.3561
			0.4369	-0.468	0.7682
			0.2945	-0.4588	-0.8383
			0.288	-0.9088	0.3019
			0.7918	0.5082	0.3388
			0.5932	-0.7719	-0.2286
			0.1453	0.382	-0.9127
			-0.7918	-0.5082	-0.3388
			-0.5932	0.7719	0.2286
			-0.1453	-0.382	0.9127
		b:
			217.4512
			69.0455
			-166.9356
			130.9439
			-318.7352
			-196.0551
			479.0637
			-208.9275
			-50.8209
			-468.0637
			216.9275
			61.8209
	==================================================================================
	Q3:
		Shape: Hybrid
		q_c:	242.0	370.0	265.5
		ub :	250.7981	376.338	275.4318
		lb :	233.2019	363.662	255.5682
		P^-1:
			0.0972	-0.0359	-0.062
			-0.0359	0.0506	0.0252
			-0.062	0.0252	0.0576
		A:
			-0.4788	0.733	-0.4832
			0.7259	-0.4277	-0.5387
			-0.1416	-0.8022	0.58
			-0.8675	-0.3578	0.3455
			-0.6697	0.5007	0.5484
			0.8703	-0.3372	-0.3589
		b:
			32.7432
			-124.346
			-172.3478
			-247.1803
			170.1921
			-7.5343
	==================================================================================
	Q4:
		Shape: Ellipse
		q_c:	249.0	363.0	277.5
		ub :	257.8096	372.1363	286.257
		lb :	240.1904	353.8637	268.743
		P^-1:
			0.0309	-0.0018	-0.0039
			-0.0018	0.0159	-0.0001
			-0.0039	-0.0001	0.0256
	==================================================================================
	Q5:
		Shape: Polyhedra
		q_c:	240.0	374.5	267.0
		ub :	247.2639	384.3069	276.8218
		lb :	232.7361	364.6931	257.1782
		A:
			-0.2843	0.9536	-0.0988
			0.8072	-0.0005	0.5902
			-0.7453	0.3419	-0.5724
			-0.8573	0.3932	-0.3324
			0.9712	0.0951	-0.2186
			0.9072	-0.4055	-0.1121
			0.044	0.5554	0.8304
			0.6584	0.609	-0.4422
			-0.7513	0.5662	-0.3389
			-0.044	-0.5554	-0.8304
			-0.6584	-0.609	0.4422
			0.7513	-0.5662	0.3389
		b:
			267.6172
			356.3129
			-199.2625
			-143.1361
			215.696
			40.6119
			447.2732
			274.0422
			-54.7546
			-433.2732
			-262.0422
			62.7546
	==================================================================================
	Q6:
		Shape: Polyhedra
		q_c:	257.0	361.0	286.5
		ub :	263.6414	368.2625	293.4503
		lb :	250.3586	353.7375	279.5497
		A:
			0.5825	0.806	-0.1055
			-0.3385	-0.8079	-0.4824
			0.9725	0.2328	-0.0035
			-0.3654	-0.7791	-0.5095
			-0.6956	-0.6217	-0.3601
			-0.8427	0.477	0.2495
			0.7908	0.6118	0.0155
			0.5796	-0.7568	0.3021
			0.1966	-0.2299	-0.9532
			-0.7908	-0.6118	-0.0155
			-0.5796	0.7568	-0.3021
			-0.1966	0.2299	0.9532
		b:
			413.7455
			-512.6517
			336.5388
			-516.9195
			-502.9559
			32.3498
			431.5626
			-32.2211
			-300.0544
			-425.5626
			43.2211
			311.0544


===========================================================================================
===========================================================================================
