3D_50_12_6_d                l = 3

===========================================================================================
===========================================================================================
S1:
	q_c:	229.0	65.0	359.5
	ub :	239.6701	72.7349	369.42
	lb :	220.6888	59.7343	352.7009

	==================================================================================
	Q1:
		Shape: Hybrid
		q_c:	224.5	63.5	355.0
		ub :	228.3112	66.1023	357.2991
		lb :	220.6888	60.8977	352.7009
		P^-1:
			0.1018	-0.0722	-0.0411
			-0.0722	0.4292	-0.0087
			-0.0411	-0.0087	0.4395
		A:
			-0.0574	0.9769	-0.206
			0.1054	0.2092	0.9722
			-0.5213	0.6388	0.5659
			0.4718	0.879	-0.069
			-0.1093	0.774	-0.6236
			-0.2466	0.0499	0.9678
		b:
			-23.1673
			383.0291
			125.483
			138.9805
			-196.0276
			292.1839
	==================================================================================
	Q2:
		Shape: Ellipse
		q_c:	231.0	67.0	364.5
		ub :	233.0794	69.555	367.7737
		lb :	228.9206	64.445	361.2263
		P^-1:
			0.9363	-0.118	-0.1966
			-0.118	0.7814	-0.3641
			-0.1966	-0.3641	0.3934
	==================================================================================
	Q3:
		Shape: Hybrid
		q_c:	226.5	62.5	363.0
		ub :	229.5515	65.2657	366.0829
		lb :	223.4485	59.7343	359.9171
		P^-1:
			0.2857	-0.088	-0.1105
			-0.088	0.3957	-0.0612
			-0.1105	-0.0612	0.3675
		A:
			0.9828	0.1837	0.0197
			-0.7647	0.3293	-0.5539
			0.909	-0.301	0.2883
			0.0905	0.6575	-0.748
			0.0168	-0.6298	0.7765
			0.9453	-0.2006	-0.2572
		b:
			242.7123
			-352.3419
			293.0451
			-209.1689
			247.1099
			109.2522
	==================================================================================
	Q4:
		Shape: Ellipse
		q_c:	229.5	67.5	362.5
		ub :	233.2089	72.194	365.8974
		lb :	225.7911	62.806	359.1026
		P^-1:
			0.537	-0.2351	0.3589
			-0.2351	0.1714	-0.2135
			0.3589	-0.2135	0.501
	==================================================================================
	Q5:
		Shape: Polyhedra
		q_c:	235.0	69.0	361.0
		ub :	239.6701	72.7349	366.0395
		lb :	230.3299	65.2651	355.9605
		A:
			-0.5191	-0.6963	0.4957
			-0.2171	-0.8603	-0.4613
			-0.9063	0.2915	0.3061
			0.4578	-0.733	-0.5031
			-0.9992	0.0299	0.0283
			0.8271	-0.5377	-0.1638
			0.0284	0.9855	0.1676
			0.723	0.0955	-0.6842
			-0.6902	0.1406	-0.7098
			-0.0284	-0.9855	-0.1676
			-0.723	-0.0955	0.6842
			0.6902	-0.1406	0.7098
		b:
			11.9292
			-273.8429
			-79.2605
			-121.6147
			-219.2984
			101.2937
			138.1552
			-67.4967
			-405.2423
			-132.1552
			73.4967
			412.2423
	==================================================================================
	Q6:
		Shape: Hybrid
		q_c:	229.0	68.0	365.0
		ub :	232.2972	72.361	369.42
		lb :	225.7028	63.639	360.58
		P^-1:
			0.2884	-0.128	-0.1063
			-0.128	0.2035	0.0767
			-0.1063	0.0767	0.1748
		A:
			0.7978	-0.0249	-0.6025
			-0.8957	0.4337	0.098
			0.7157	0.6076	0.3444
			-0.4009	0.7887	0.4661
			-0.7563	0.6531	0.037
			0.9332	-0.2377	0.2696
		b:
			-37.6494
			-138.817
			333.1476
			133.04
			-114.1804
			297.588


===========================================================================================
===========================================================================================
S2:
	q_c:	481.5	172.5	386.5
	ub :	506.0152	196.1786	401.1898
	lb :	459.62	147.6246	366.1725

	==================================================================================
	Q1:
		Shape: Hybrid
		q_c:	488.5	157.5	392.5
		ub :	498.4763	167.3754	401.1898
		lb :	478.5237	147.6246	383.8102
		P^-1:
			0.0308	-0.0089	-0.0022
			-0.0089	0.0313	-0.0023
			-0.0022	-0.0023	0.026
		A:
			-0.6086	0.7708	0.1884
			0.5528	0.5386	-0.6359
			0.7525	-0.5635	0.3409
			0.7128	-0.2265	-0.6638
			-0.0413	0.9272	-0.3722
			-0.3687	-0.5159	-0.7733
		b:
			-99.3823
			108.894
			415.3727
			55.1146
			-17.033
			-560.5212
	==================================================================================
	Q2:
		Shape: Hybrid
		q_c:	497.0	173.5	392.5
		ub :	504.4953	181.7267	400.7181
		lb :	489.5047	165.2733	384.2819
		P^-1:
			0.058	0.0216	0.0202
			0.0216	0.0556	-0.0095
			0.0202	-0.0095	0.0509
		A:
			0.7839	0.2007	0.5876
			-0.7536	0.4899	-0.4382
			0.1506	-0.725	0.6721
			-0.6522	-0.5274	0.5444
			-0.7939	-0.4326	-0.4273
			-0.681	0.3326	-0.6524
		b:
			656.8726
			-458.5787
			215.1735
			-199.1402
			-635.5768
			-534.5298
	==================================================================================
	Q3:
		Shape: Ellipse
		q_c:	489.5	170.5	390.0
		ub :	497.8508	176.945	398.6528
		lb :	481.1492	164.055	381.3472
		P^-1:
			0.3901	-0.4744	0.0515
			-0.4744	0.6185	-0.0691
			0.0515	-0.0691	0.0306
	==================================================================================
	Q4:
		Shape: Polyhedra
		q_c:	470.5	184.5	376.5
		ub :	481.38	196.1786	386.8275
		lb :	459.62	172.8214	366.1725
		A:
			0.2649	-0.231	-0.9362
			-0.5437	0.7618	0.3523
			0.5569	0.7513	-0.354
			-0.1571	-0.9495	-0.2716
			0.6812	-0.0238	-0.7317
			-0.9261	-0.0453	0.3746
			0.7411	0.6487	0.1732
			0.3556	-0.598	0.7183
			0.5694	-0.4707	-0.6739
			-0.7411	-0.6487	-0.1732
			-0.3556	0.598	-0.7183
			-0.5694	0.4707	0.6739
		b:
			-264.7571
			23.0136
			274.5906
			-344.7388
			46.1875
			-297.0899
			540.5676
			335.4
			-67.647
			-526.5676
			-319.4
			77.647
	==================================================================================
	Q5:
		Shape: Ellipse
		q_c:	480.0	164.0	391.5
		ub :	487.9313	170.6136	398.586
		lb :	472.0687	157.3864	384.414
		P^-1:
			0.0361	-0.0174	-0.0019
			-0.0174	0.1587	-0.1048
			-0.0019	-0.1048	0.1282
	==================================================================================
	Q6:
		Shape: Ellipse
		q_c:	495.0	163.0	379.5
		ub :	506.0152	172.1135	390.9911
		lb :	483.9848	153.8865	368.0089
		P^-1:
			0.021	-0.0056	-0.0094
			-0.0056	0.0365	-0.0068
			-0.0094	-0.0068	0.0267


===========================================================================================
===========================================================================================
S3:
	q_c:	237.0	30.5	206.5
	ub :	258.6211	43.2277	228.3023
	lb :	219.6527	17.2655	186.1649

	==================================================================================
	Q1:
		Shape: Polyhedra
		q_c:	249.0	27.0	196.0
		ub :	258.6211	35.5058	205.8351
		lb :	239.3789	18.4942	186.1649
		A:
			-0.2094	0.5745	-0.7912
			-0.8064	-0.1348	0.5758
			0.975	-0.2192	0.0376
			-0.0682	-0.7408	0.6682
			-0.949	-0.24	-0.2046
			-0.5349	0.3044	0.7882
			0.6641	0.5404	0.5167
			-0.7143	0.2545	0.6519
			0.2208	-0.802	0.5551
			-0.6641	-0.5404	-0.5167
			0.7143	-0.2545	-0.6519
			-0.2208	0.802	-0.5551
		b:
			-187.01
			-85.2407
			250.2623
			98.7093
			-276.7749
			35.9669
			287.2131
			-36.7223
			146.6162
			-275.2131
			49.7223
			-137.6162
	==================================================================================
	Q2:
		Shape: Hybrid
		q_c:	250.0	35.0	201.0
		ub :	256.0286	41.1558	205.9709
		lb :	243.9714	28.8442	196.0291
		P^-1:
			0.1064	0.0263	-0.0444
			0.0263	0.0617	-0.0189
			-0.0444	-0.0189	0.1038
		A:
			-0.8597	-0.0587	0.5074
			0.9966	0.0805	0.018
			-0.2262	-0.6088	0.7604
			-0.3192	-0.9031	-0.2873
			-0.4307	-0.377	0.82
			0.9683	0.1115	-0.2234
		b:
			-113.4545
			257.7693
			76.9151
			-166.3049
			45.4196
			202.8934
	==================================================================================
	Q3:
		Shape: Ellipse
		q_c:	230.0	33.5	211.0
		ub :	240.3473	43.1067	220.09
		lb :	219.6527	23.8933	201.91
		P^-1:
			0.0326	-0.0158	-0.001
			-0.0158	0.0337	-0.0051
			-0.001	-0.0051	0.0265
	==================================================================================
	Q4:
		Shape: Polyhedra
		q_c:	248.0	25.5	215.5
		ub :	255.8826	33.7345	222.4057
		lb :	240.1174	17.2655	208.5943
		A:
			-0.2913	-0.6951	0.6573
			0.9668	-0.2437	-0.0775
			-0.0091	-0.323	0.9464
			0.9041	0.1722	-0.3911
			0.7589	0.5008	-0.4163
			0.0444	0.967	-0.2511
			0.4568	0.583	0.672
			0.5541	0.4045	-0.7276
			-0.696	0.7046	-0.1383
			-0.4568	-0.583	-0.672
			-0.5541	-0.4045	0.7276
			0.696	-0.7046	0.1383
		b:
			55.0758
			221.5045
			197.489
			148.0648
			114.8424
			-13.846
			278.9472
			-6.0626
			-179.424
			-266.9472
			12.0626
			189.424
	==================================================================================
	Q5:
		Shape: Ellipse
		q_c:	239.0	34.0	202.5
		ub :	244.6377	38.9428	208.7934
		lb :	233.3623	29.0572	196.2066
		P^-1:
			0.1451	-0.058	0.0903
			-0.058	0.132	-0.019
			0.0903	-0.019	0.117
	==================================================================================
	Q6:
		Shape: Polyhedra
		q_c:	241.5	34.5	220.0
		ub :	248.6944	43.2277	228.3023
		lb :	234.3056	25.7723	211.6977
		A:
			0.678	0.704	0.2112
			-0.6951	0.4662	-0.5472
			-0.223	0.2552	-0.9408
			-0.6052	-0.4685	-0.6437
			-0.664	0.1932	0.7223
			-0.145	0.4612	0.8754
			0.5076	0.6251	0.593
			0.8406	-0.5103	-0.1815
			0.1892	0.5906	-0.7844
			-0.5076	-0.6251	-0.593
			-0.8406	0.5103	0.1815
			-0.1892	-0.5906	0.7844
		b:
			239.9643
			-267.4085
			-246.5499
			-298.4445
			9.8547
			178.6342
			280.1076
			149.4552
			-101.0174
			-269.1076
			-141.4552
			112.0174


===========================================================================================
===========================================================================================
S4:
	q_c:	155.0	264.0	292.0
	ub :	178.1659	279.5461	317.559
	lb :	136.3467	243.7051	279.7426

	==================================================================================
	Q1:
		Shape: Hybrid
		q_c:	171.0	259.0	290.0
		ub :	178.1659	265.8773	294.9819
		lb :	163.8341	252.1227	285.0181
		P^-1:
			0.0739	0.0314	-0.0706
			0.0314	0.0691	-0.0654
			-0.0706	-0.0654	0.1869
		A:
			0.224	0.6039	-0.7649
			-0.5622	-0.1554	0.8123
			0.5188	0.0906	-0.8501
			0.5788	0.7105	0.4003
			0.7212	0.349	-0.5984
			-0.7477	0.0172	0.6639
		b:
			-25.6945
			100.5224
			-132.9036
			403.0182
			41.8847
			71.2542
	==================================================================================
	Q2:
		Shape: Ellipse
		q_c:	152.5	267.5	286.0
		ub :	157.0284	273.6344	292.2574
		lb :	147.9716	261.3656	279.7426
		P^-1:
			0.0817	0.0008	-0.0072
			0.0008	0.0865	-0.0355
			-0.0072	-0.0355	0.0575
	==================================================================================
	Q3:
		Shape: Polyhedra
		q_c:	143.5	252.0	306.0
		ub :	150.6533	260.2949	313.4181
		lb :	136.3467	243.7051	298.5819
		A:
			0.1222	-0.2065	-0.9708
			-0.6333	-0.7151	-0.2959
			0.7501	-0.4453	0.4889
			-0.8444	-0.4078	-0.3474
			-0.5224	0.8419	-0.1351
			-0.7183	-0.2062	-0.6645
			0.5511	0.3511	0.757
			0.14	0.8554	-0.4987
			-0.8226	0.3808	0.4223
			-0.5511	-0.3511	-0.757
			-0.14	-0.8554	0.4987
			0.8226	-0.3808	-0.4223
		b:
			-327.12
			-357.6631
			149.9445
			-326.5671
			101.8188
			-355.5503
			401.6934
			89.0655
			113.1308
			-396.6934
			-77.0655
			-101.1308
	==================================================================================
	Q4:
		Shape: Hybrid
		q_c:	149.0	267.0	308.0
		ub :	156.5132	276.5351	317.559
		lb :	141.4868	257.4649	298.441
		P^-1:
			0.0399	0.0006	-0.0012
			0.0006	0.0354	0.0083
			-0.0012	0.0083	0.0251
		A:
			-0.9901	0.0231	-0.1388
			-0.9472	-0.037	0.3185
			-0.8501	-0.5078	-0.1392
			0.2406	0.2358	-0.9416
			-0.1221	0.9903	0.0662
			0.6747	0.7052	-0.2177
		b:
			-181.5142
			-50.284
			-302.6325
			-186.9704
			269.5389
			224.8134
	==================================================================================
	Q5:
		Shape: Hybrid
		q_c:	155.0	273.0	292.5
		ub :	164.9407	279.5461	301.8
		lb :	145.0593	266.4539	283.2
		P^-1:
			0.0259	-0.0058	0.0034
			-0.0058	0.048	0.0013
			0.0034	0.0013	0.0237
		A:
			0.2754	0.9189	0.2825
			-0.6015	-0.2607	0.7551
			0.2805	-0.7204	-0.6343
			0.9644	0.2489	0.0893
			0.5868	-0.4246	0.6895
			0.5983	-0.5437	0.5886
		b:
			378.9601
			61.1745
			-335.4794
			247.691
			180.126
			119.6276
	==================================================================================
	Q6:
		Shape: Polyhedra
		q_c:	158.0	257.5	307.5
		ub :	166.7933	266.7265	315.907
		lb :	149.2067	248.2735	299.093
		A:
			-0.0104	-0.1057	0.9943
			0.5278	0.6184	0.5822
			0.7413	0.4355	0.5108
			0.3461	-0.4168	-0.8405
			-0.1741	0.4848	0.8571
			-0.5715	-0.7002	0.4279
			0.3153	0.6108	0.7263
			-0.5333	0.7471	-0.3968
			-0.785	-0.2623	0.5613
			-0.3153	-0.6108	-0.7263
			0.5333	-0.7471	0.3968
			0.785	0.2623	-0.5613
		b:
			282.0303
			425.7178
			390.7587
			-306.778
			365.0927
			-134.0049
			434.4341
			-6.4061
			-14.4624
			-426.4341
			21.4061
			23.4624


===========================================================================================
===========================================================================================
S5:
	q_c:	259.5	50.0	203.0
	ub :	280.5196	68.6156	221.5889
	lb :	244.5341	30.9639	185.0871

	==================================================================================
	Q1:
		Shape: Polyhedra
		q_c:	252.5	44.5	215.0
		ub :	260.4659	52.3428	217.8911
		lb :	244.5341	36.6572	212.1089
		A:
			0.2603	0.1291	-0.9568
			0.1132	-0.0436	-0.9926
			0.5258	-0.2762	-0.8045
			0.2348	-0.0046	-0.972
			-0.6907	0.7195	0.0726
			0.1995	-0.2998	0.9329
			0.7244	0.6794	0.1166
			0.0472	-0.2176	0.9749
			0.6878	-0.7007	-0.1897
			-0.7244	-0.6794	-0.1166
			-0.0472	0.2176	-0.9749
			-0.6878	0.7007	0.1897
		b:
			-132.1169
			-185.1286
			-50.5176
			-148.2715
			-124.7802
			239.1787
			247.2177
			213.3291
			103.6969
			-229.2177
			-210.3291
			-99.6969
	==================================================================================
	Q2:
		Shape: Polyhedra
		q_c:	268.0	47.5	211.5
		ub :	277.3381	54.6521	221.5889
		lb :	258.6619	40.3479	201.4111
		A:
			0.6907	-0.3917	-0.6079
			-0.3748	0.9237	-0.0788
			0.2676	-0.8597	-0.4352
			0.589	-0.674	0.4459
			-0.7228	-0.3101	-0.6176
			0.0426	0.7764	0.6289
			0.6955	0.5365	0.478
			0.6494	-0.1846	-0.7377
			-0.3076	0.8235	-0.4768
			-0.6955	-0.5365	-0.478
			-0.6494	0.1846	0.7377
			0.3076	-0.8235	0.4768
		b:
			46.2354
			-68.0905
			-54.7878
			224.7563
			-335.4609
			187.0529
			316.4685
			17.7528
			-139.6443
			-309.4685
			-0.7528
			148.6443
	==================================================================================
	Q3:
		Shape: Polyhedra
		q_c:	273.0	43.5	211.5
		ub :	280.5196	50.55	216.3251
		lb :	265.4804	36.45	206.6749
		A:
			-0.0949	0.4331	0.8963
			0.2812	0.6516	-0.7045
			-0.308	-0.7825	0.5412
			-0.405	0.1809	0.8962
			0.1146	-0.1745	0.978
			-0.2237	-0.6731	0.7049
			0.6363	0.7354	0.2332
			0.6877	-0.6776	0.2607
			0.3497	-0.0055	-0.9368
			-0.6363	-0.7354	-0.2332
			-0.6877	0.6776	-0.2607
			-0.3497	0.0055	0.9368
		b:
			185.6155
			-40.1473
			0.4777
			89.517
			233.9383
			62.6059
			259.5082
			218.8846
			-100.4142
			-250.5082
			-207.8846
			105.4142
	==================================================================================
	Q4:
		Shape: Polyhedra
		q_c:	254.0	62.5	211.5
		ub :	260.6507	68.6156	217.2685
		lb :	247.3493	56.3844	205.7315
		A:
			0.0011	-0.4161	-0.9093
			-0.2236	0.4589	-0.8599
			-0.6833	-0.7193	-0.1251
			0.3675	0.4234	0.8281
			-0.7949	0.4041	0.4526
			0.2243	-0.3961	0.8904
			0.5715	0.551	0.6081
			0.5855	-0.793	0.1682
			0.5749	0.2599	-0.7758
			-0.5715	-0.551	-0.6081
			-0.5855	0.793	-0.1682
			-0.5749	-0.2599	0.7758
		b:
			-214.6328
			-205.7338
			-241.8356
			297.7114
			-76.4161
			224.6946
			310.7163
			139.2365
			2.6802
			-305.7163
			-130.2365
			6.3198
	==================================================================================
	Q5:
		Shape: Ellipse
		q_c:	260.5	39.5	191.0
		ub :	269.6094	48.0361	196.9129
		lb :	251.3906	30.9639	185.0871
		P^-1:
			0.0398	0.018	0.0514
			0.018	0.068	0.0824
			0.0514	0.0824	0.1957
	==================================================================================
	Q6:
		Shape: Hybrid
		q_c:	271.0	53.5	193.0
		ub :	278.146	59.8714	200.7806
		lb :	263.854	47.1286	185.2194
		P^-1:
			0.0727	0.0467	0.0183
			0.0467	0.1027	0.0455
			0.0183	0.0455	0.0618
		A:
			-0.5327	-0.8337	0.1451
			0.8757	0.0138	-0.4827
			0.7074	0.6854	-0.1728
			0.9693	-0.1216	-0.2135
			0.6564	0.7412	-0.1406
			-0.3107	-0.6842	-0.6598
		b:
			-158.5496
			148.0654
			197.3214
			218.2943
			192.6642
			-246.6269


===========================================================================================
===========================================================================================
S6:
	q_c:	257.0	505.0	136.0
	ub :	271.7961	514.2159	147.4044
	lb :	251.7264	494.068	121.3969

	==================================================================================
	Q1:
		Shape: Ellipse
		q_c:	265.5	501.0	140.0
		ub :	271.7961	505.4443	146.3466
		lb :	259.2039	496.5557	133.6534
		P^-1:
			0.1392	0.1647	0.036
			0.1647	0.3455	0.0425
			0.036	0.0425	0.0623
	==================================================================================
	Q2:
		Shape: Hybrid
		q_c:	264.5	498.0	132.0
		ub :	267.7876	501.932	135.557
		lb :	261.2124	494.068	128.443
		P^-1:
			0.6136	-0.2833	-0.3496
			-0.2833	0.293	0.1032
			-0.3496	0.1032	0.425
		A:
			0.3614	0.2927	-0.8853
			0.7529	-0.6067	0.2549
			0.0331	-0.4072	0.9127
			0.4879	-0.3523	-0.7986
			0.3954	-0.0122	-0.9184
			-0.9318	-0.3266	-0.1586
		b:
			125.6549
			-68.0956
			-72.0561
			-150.8678
			-21.696
			-427.4535
	==================================================================================
	Q3:
		Shape: Hybrid
		q_c:	258.0	506.5	142.0
		ub :	262.7757	511.9532	147.4044
		lb :	253.2243	501.0468	136.5956
		P^-1:
			0.1102	0.0037	-0.0035
			0.0037	0.0961	0.0143
			-0.0035	0.0143	0.0975
		A:
			-0.7872	-0.6091	0.0965
			0.3225	-0.9182	0.2298
			0.9778	-0.0494	0.2034
			-0.1367	0.6884	-0.7124
			-0.8578	-0.4033	-0.3185
			-0.7856	-0.2427	0.5691
		b:
			-496.3303
			-347.3625
			257.7059
			214.2194
			-469.3296
			-243.1929
	==================================================================================
	Q4:
		Shape: Polyhedra
		q_c:	264.0	501.0	139.5
		ub :	268.4438	504.6423	145.7675
		lb :	259.5562	497.3577	133.2325
		A:
			-0.7907	0.6118	-0.0219
			0.578	-0.7697	0.2712
			0.4985	-0.8584	0.1211
			-0.7436	0.5585	-0.3675
			-0.7932	0.6056	-0.0635
			-0.7285	0.6276	-0.2746
			0.5642	0.7553	0.3335
			0.7403	-0.6417	0.2008
			0.3656	0.1336	-0.9211
			-0.5642	-0.7553	-0.3335
			-0.7403	0.6417	-0.2008
			-0.3656	-0.1336	0.9211
		b:
			96.1153
			-193.8429
			-280.1644
			33.5532
			86.4424
			84.8468
			576.8674
			-97.0353
			40.4639
			-570.8674
			99.0353
			-29.4639
	==================================================================================
	Q5:
		Shape: Polyhedra
		q_c:	264.0	507.0	128.5
		ub :	270.1973	514.2159	135.6031
		lb :	257.8027	499.7841	121.3969
		A:
			-0.2644	-0.6475	-0.7147
			0.8095	-0.4975	0.3117
			-0.4039	0.445	0.7993
			0.91	0.0619	0.41
			-0.5618	0.7029	0.4363
			-0.418	0.9048	-0.081
			0.5811	0.568	0.5828
			0.7871	-0.5742	-0.2252
			0.2068	0.5896	-0.7808
			-0.5811	-0.568	-0.5828
			-0.7871	0.5742	0.2252
			-0.2068	-0.5896	0.7808
		b:
			-485.1139
			5.0918
			225.551
			328.7053
			267.4197
			341.5605
			521.2924
			-109.2729
			257.6684
			-511.2924
			115.2729
			-248.6684
	==================================================================================
	Q6:
		Shape: Hybrid
		q_c:	256.5	507.0	139.5
		ub :	261.2736	510.5798	144.2466
		lb :	251.7264	503.4202	134.7534
		P^-1:
			0.0877	0.0218	0.0056
			0.0218	0.1526	0.0073
			0.0056	0.0073	0.0638
		A:
			-0.2253	-0.9496	-0.2178
			0.2828	0.608	-0.7419
			-0.5509	-0.7172	0.4267
			0.8762	0.4447	-0.186
			-0.2139	-0.865	0.4539
			0.2358	-0.9612	-0.1432
		b:
			-568.3509
			279.6001
			-443.5979
			426.1923
			-428.3711
			-445.253


===========================================================================================
===========================================================================================
S7:
	q_c:	35.0	371.5	187.5
	ub :	55.8138	396.0101	216.4573
	lb :	9.5915	348.7071	155.2325

	==================================================================================
	Q1:
		Shape: Ellipse
		q_c:	49.0	373.0	200.5
		ub :	55.8138	378.8199	205.8732
		lb :	42.1862	367.1801	195.1268
		P^-1:
			0.098	-0.0276	0.0899
			-0.0276	0.0823	-0.0553
			0.0899	-0.0553	0.1653
	==================================================================================
	Q2:
		Shape: Polyhedra
		q_c:	25.0	378.5	203.5
		ub :	37.411	391.7443	216.4573
		lb :	12.589	365.2557	190.5427
		A:
			-0.0588	-0.5932	-0.8029
			-0.0312	-0.767	-0.6409
			0.7097	0.3613	-0.6048
			-0.8736	0.1836	-0.4506
			-0.1473	0.8014	-0.5797
			0.9428	0.053	0.3292
			0.5431	0.6743	0.5003
			-0.8361	0.3795	0.3962
			0.0773	-0.6335	0.7699
			-0.5431	-0.6743	-0.5003
			0.8361	-0.3795	-0.3962
			-0.0773	0.6335	-0.7699
		b:
			-381.1856
			-413.2337
			39.5456
			-35.9231
			188.7873
			118.9633
			378.6164
			212.3637
			-74.1555
			-362.6164
			-194.3637
			88.1555
	==================================================================================
	Q3:
		Shape: Hybrid
		q_c:	34.5	357.5	184.5
		ub :	46.0842	366.2929	196.5493
		lb :	22.9158	348.7071	172.4507
		P^-1:
			0.0243	0.0028	0.0093
			0.0028	0.0291	0.0003
			0.0093	0.0003	0.0198
		A:
			0.8829	-0.3389	0.3249
			0.5087	0.207	0.8357
			0.984	-0.1108	-0.1394
			0.2132	-0.7487	0.6277
			0.9206	-0.2814	0.2707
			0.2012	-0.9751	-0.0936
		b:
			-27.2881
			249.0703
			-26.4992
			-140.9485
			-15.2649
			-355.4386
	==================================================================================
	Q4:
		Shape: Polyhedra
		q_c:	31.0	383.5	171.0
		ub :	39.6505	389.8559	181.2629
		lb :	22.3495	377.1441	160.7371
		A:
			0.6292	-0.7735	-0.0765
			0.7801	-0.6027	-0.1679
			0.8024	0.4746	-0.3617
			-0.6438	0.7294	0.2314
			-0.6692	0.7333	-0.1202
			-0.425	0.9044	-0.0384
			0.454	0.2943	0.841
			-0.5706	0.821	0.0207
			-0.6843	-0.4893	0.5406
			-0.454	-0.2943	-0.841
			0.5706	-0.821	-0.0207
			0.6843	0.4893	-0.5406
		b:
			-289.0362
			-233.2964
			151.5818
			301.2491
			241.7359
			328.6233
			278.7576
			301.6892
			-109.9068
			-262.7576
			-299.6892
			122.9068
	==================================================================================
	Q5:
		Shape: Hybrid
		q_c:	31.5	369.0	181.0
		ub :	44.478	381.3974	191.4587
		lb :	18.522	356.6026	170.5413
		P^-1:
			0.0192	0.0059	-0.0014
			0.0059	0.016	0.0018
			-0.0014	0.0018	0.0232
		A:
			-0.0051	-0.7837	0.6212
			-0.3594	-0.8531	0.3783
			0.0393	0.2558	0.9659
			-0.0897	0.2842	-0.9546
			-0.3883	0.8417	-0.3751
			0.9717	0.0262	-0.2346
		b:
			-171.942
			-253.4497
			273.7056
			-66.7548
			236.5281
			1.984
	==================================================================================
	Q6:
		Shape: Ellipse
		q_c:	22.5	383.0	168.5
		ub :	35.4085	396.0101	181.7675
		lb :	9.5915	369.9899	155.2325
		P^-1:
			0.0177	-0.0145	-0.004
			-0.0145	0.0283	0.0057
			-0.004	0.0057	0.0091


===========================================================================================
===========================================================================================
S8:
	q_c:	271.0	266.0	75.0
	ub :	296.3924	296.4621	95.3222
	lb :	248.2427	237.7297	44.6555

	==================================================================================
	Q1:
		Shape: Hybrid
		q_c:	268.5	273.5	58.0
		ub :	281.5385	284.663	71.3445
		lb :	255.4615	262.337	44.6555
		P^-1:
			0.0138	-0.0021	-0.0026
			-0.0021	0.0192	-0.0021
			-0.0026	-0.0021	0.0162
		A:
			-0.3572	-0.9311	0.0734
			0.644	-0.1851	-0.7423
			0.6351	0.5163	-0.5745
			0.0101	0.5668	0.8238
			-0.5343	0.8037	0.2619
			-0.853	0.4591	-0.2481
		b:
			-341.955
			83.2395
			282.5357
			210.3853
			95.2969
			-113.1803
	==================================================================================
	Q2:
		Shape: Hybrid
		q_c:	286.0	250.0	84.0
		ub :	296.3924	262.2703	95.3222
		lb :	275.6076	237.7297	72.6778
		P^-1:
			0.0254	-0.0045	-0.008
			-0.0045	0.023	0.0108
			-0.008	0.0108	0.0244
		A:
			-0.5922	-0.2083	-0.7784
			-0.7738	0.3385	0.5354
			-0.1232	-0.9849	-0.1214
			-0.7091	-0.216	0.6712
			0.0205	0.7697	-0.638
			-0.5214	-0.2696	-0.8096
		b:
			-281.7845
			-88.9322
			-287.0627
			-196.2522
			151.0721
			-279.6635
	==================================================================================
	Q3:
		Shape: Hybrid
		q_c:	252.0	262.5	65.0
		ub :	255.7573	273.9619	77.2455
		lb :	248.2427	251.0381	52.7545
		P^-1:
			0.0816	-0.0016	0.0
			-0.0016	0.01	0.0002
			0.0	0.0002	0.0083
		A:
			-0.8728	0.1668	0.4587
			-0.944	-0.1588	0.2892
			-0.9864	-0.1368	-0.0914
			0.9936	0.0994	0.0539
			-0.9529	-0.1895	0.2368
			-0.9177	-0.2137	0.3348
		b:
			-142.0582
			-257.5726
			-288.2627
			281.9577
			-271.4821
			-261.9038
	==================================================================================
	Q4:
		Shape: Ellipse
		q_c:	279.5	284.0	69.0
		ub :	291.0059	296.4621	82.5079
		lb :	267.9941	271.5379	55.4921
		P^-1:
			0.0164	0.0009	0.0022
			0.0009	0.0103	0.0009
			0.0022	0.0009	0.0135
	==================================================================================
	Q5:
		Shape: Hybrid
		q_c:	281.5	256.0	69.5
		ub :	295.0081	269.0582	81.4869
		lb :	267.9919	242.9418	57.5131
		P^-1:
			0.0284	-0.0201	-0.0027
			-0.0201	0.03	-0.0051
			-0.0027	-0.0051	0.0179
		A:
			-0.3785	0.6788	-0.6293
			-0.9383	0.3457	-0.0072
			0.5251	-0.7326	0.4331
			-0.113	0.3171	-0.9416
			0.7626	-0.4141	0.497
			-0.1509	0.7622	-0.6295
		b:
			26.8842
			-171.9403
			-6.8843
			-11.0089
			147.9097
			112.6825
	==================================================================================
	Q6:
		Shape: Ellipse
		q_c:	281.5	278.5	63.0
		ub :	291.9908	288.3817	74.3665
		lb :	271.0092	268.6183	51.6335
		P^-1:
			0.046	-0.0244	0.0224
			-0.0244	0.033	-0.0183
			0.0224	-0.0183	0.0321


===========================================================================================
===========================================================================================
S9:
	q_c:	415.0	255.0	495.0
	ub :	432.7275	273.5321	517.5449
	lb :	402.9922	235.5363	477.3594

	==================================================================================
	Q1:
		Shape: Hybrid
		q_c:	425.5	266.0	487.0
		ub :	432.7275	273.5321	492.5946
		lb :	418.2725	258.4679	481.4054
		P^-1:
			0.0396	-0.0154	0.0058
			-0.0154	0.0543	0.0099
			0.0058	0.0099	0.078
		A:
			0.8597	-0.4394	-0.2606
			0.3009	0.0064	0.9536
			0.8928	0.1042	0.4382
			-0.2881	0.3361	-0.8967
			0.3312	-0.0134	0.9435
			0.1182	0.7598	0.6394
		b:
			124.7873
			596.0065
			624.2637
			-467.8351
			598.7055
			566.0183
	==================================================================================
	Q2:
		Shape: Polyhedra
		q_c:	418.0	245.0	507.5
		ub :	427.6521	254.4637	517.5449
		lb :	408.3479	235.5363	497.4551
		A:
			0.357	-0.5775	0.7342
			-0.157	0.2807	-0.9469
			-0.1998	0.5564	-0.8065
			-0.209	0.557	-0.8038
			-0.099	0.9908	-0.0926
			0.5434	0.5755	0.6112
			0.9226	0.0238	0.3851
			-0.3098	-0.5493	0.7761
			0.23	-0.8353	-0.4994
			-0.9226	-0.0238	-0.3851
			0.3098	0.5493	-0.7761
			-0.23	0.8353	0.4994
		b:
			385.795
			-472.2249
			-351.5873
			-353.8256
			161.6273
			685.9857
			593.9018
			133.792
			-353.4469
			-579.9018
			-125.792
			370.4469
	==================================================================================
	Q3:
		Shape: Polyhedra
		q_c:	414.0	245.5	503.5
		ub :	424.1167	255.0333	513.7379
		lb :	403.8833	235.9667	493.2621
		A:
			0.9572	-0.2504	-0.1451
			-0.9513	-0.2013	-0.2333
			0.8023	-0.4305	-0.4134
			-0.1944	0.9552	-0.2234
			0.0783	0.9933	-0.0851
			0.5145	-0.6644	-0.5421
			0.4563	0.5974	0.6595
			-0.5779	-0.3646	0.7301
			0.6767	-0.7142	0.1789
			-0.4563	-0.5974	-0.6595
			0.5779	0.3646	-0.7301
			-0.6767	0.7142	-0.1789
		b:
			267.4784
			-554.792
			24.1633
			46.834
			239.2028
			-217.4125
			673.6021
			46.3615
			199.3735
			-661.6021
			-31.3615
			-190.3735
	==================================================================================
	Q4:
		Shape: Ellipse
		q_c:	415.0	258.5	503.0
		ub :	424.8442	265.9862	512.3386
		lb :	405.1558	251.0138	493.6614
		P^-1:
			0.0223	-0.0015	0.0086
			-0.0015	0.029	-0.0034
			0.0086	-0.0034	0.0342
	==================================================================================
	Q5:
		Shape: Ellipse
		q_c:	411.0	256.0	485.5
		ub :	418.5632	262.3952	493.6406
		lb :	403.4368	249.6048	477.3594
		P^-1:
			0.0444	-0.0273	0.0063
			-0.0273	0.0939	-0.019
			0.0063	-0.019	0.0336
	==================================================================================
	Q6:
		Shape: Hybrid
		q_c:	411.5	244.0	488.5
		ub :	420.0078	251.0892	497.1485
		lb :	402.9922	236.9108	479.8515
		P^-1:
			0.036	-0.0182	0.009
			-0.0182	0.0752	-0.0388
			0.009	-0.0388	0.0566
		A:
			0.0486	-0.6563	0.7529
			-0.5989	0.7982	-0.0649
			0.7496	0.651	-0.1196
			-0.4428	0.7622	0.4723
			-0.83	0.3594	-0.4264
			0.4461	-0.4737	-0.7594
		b:
			229.4287
			-80.7844
			413.1562
			238.4462
			-459.1127
			-298.616


===========================================================================================
===========================================================================================
S10:
	q_c:	354.0	132.5	91.0
	ub :	381.825	168.4867	126.5996
	lb :	324.8711	100.6191	60.4132

	==================================================================================
	Q1:
		Shape: Polyhedra
		q_c:	368.0	114.0	78.0
		ub :	377.9823	124.6905	92.1365
		lb :	358.0177	103.3095	63.8635
		A:
			-0.6722	0.6557	-0.3438
			0.7894	-0.6128	0.0369
			-0.817	0.5763	-0.0173
			-0.7673	0.6412	-0.0081
			0.5766	-0.817	0.0006
			0.8008	-0.5981	0.0317
			0.4788	0.562	0.6745
			0.7333	-0.6785	0.0449
			0.4828	0.4731	-0.7369
			-0.4788	-0.562	-0.6745
			-0.7333	0.6785	-0.0449
			-0.4828	-0.4731	0.7369
		b:
			-196.3715
			224.5125
			-234.884
			-209.0974
			121.2933
			230.1396
			302.8618
			196.4976
			184.1289
			-282.8618
			-195.4976
			-164.1289
	==================================================================================
	Q2:
		Shape: Ellipse
		q_c:	359.5	117.5	112.5
		ub :	374.2022	125.2216	126.5996
		lb :	344.7978	109.7784	98.4004
		P^-1:
			0.0087	0.0005	-0.0021
			0.0005	0.0235	-0.0013
			-0.0021	-0.0013	0.0114
	==================================================================================
	Q3:
		Shape: Polyhedra
		q_c:	364.5	148.5	99.0
		ub :	381.825	166.9463	115.2854
		lb :	347.175	130.0537	82.7146
		A:
			0.1734	-0.9769	0.125
			-0.1485	0.9038	-0.4014
			0.7468	0.4638	0.4766
			-0.0552	-0.6128	-0.7883
			0.6791	0.0106	-0.734
			-0.2142	0.8203	0.5304
			0.1899	0.8687	0.4575
			0.1258	0.4407	-0.8888
			-0.9737	0.2263	-0.0256
			-0.1899	-0.8687	-0.4575
			-0.1258	-0.4407	0.8888
			0.9737	-0.2263	0.0256
		b:
			-57.4326
			52.4524
			400.8417
			-177.5548
			189.2769
			108.1566
			255.0157
			35.2833
			-309.8387
			-232.0157
			-11.2833
			337.8387
	==================================================================================
	Q4:
		Shape: Hybrid
		q_c:	338.0	155.0	76.5
		ub :	351.1289	168.4867	91.5459
		lb :	324.8711	141.5133	61.4541
		P^-1:
			0.0309	-0.0191	0.0056
			-0.0191	0.0268	-0.0044
			0.0056	-0.0044	0.0108
		A:
			-0.0878	0.8234	0.5607
			-0.9459	0.0853	-0.3132
			-0.6888	0.6533	0.3142
			0.4447	-0.8037	0.3954
			-0.9411	0.3374	-0.0219
			0.9888	-0.0708	0.131
		b:
			147.5272
			-325.6984
			-103.4431
			59.4857
			-263.8542
			338.1807
	==================================================================================
	Q5:
		Shape: Polyhedra
		q_c:	350.5	120.5	75.5
		ub :	370.8455	140.3809	90.5868
		lb :	330.1545	100.6191	60.4132
		A:
			-0.1463	0.0917	0.985
			0.1796	-0.1726	-0.9685
			-0.5569	0.0219	0.8303
			-0.3929	0.0687	-0.917
			0.735	0.6542	-0.1782
			-0.887	-0.1521	-0.4361
			0.5273	0.6987	0.4835
			-0.8431	0.5009	0.1955
			-0.1056	-0.5107	0.8533
			-0.5273	-0.6987	-0.4835
			0.8431	-0.5009	-0.1955
			0.1056	0.5107	-0.8533
		b:
			44.089
			-20.4135
			-118.045
			-189.1447
			334.0129
			-349.0251
			317.0041
			-204.3917
			-26.6392
			-294.0041
			236.3917
			41.6392
	==================================================================================
	Q6:
		Shape: Polyhedra
		q_c:	354.5	148.0	79.0
		ub :	370.3244	166.6035	96.5732
		lb :	338.6756	129.3965	61.4268
		A:
			-0.8877	-0.2176	0.4058
			0.0974	-0.9952	-0.0033
			-0.9575	0.2076	0.2004
			-0.9343	0.3421	-0.1002
			0.9673	-0.1476	0.2063
			-0.9465	-0.1107	0.3032
			0.734	0.5755	0.3606
			-0.1122	0.6265	-0.7713
			-0.6698	0.5257	0.5245
			-0.734	-0.5755	-0.3606
			0.1122	-0.6265	0.7713
			0.6698	-0.5257	-0.5245
		b:
			-304.3938
			-102.3167
			-283.4487
			-278.4912
			348.2279
			-317.6833
			386.372
			3.4976
			-110.1986
			-361.372
			19.5024
			126.1986


===========================================================================================
===========================================================================================
S11:
	q_c:	182.5	427.5	267.0
	ub :	204.3085	454.9456	297.0861
	lb :	153.7681	402.3361	251.1996

	==================================================================================
	Q1:
		Shape: Ellipse
		q_c:	178.5	429.0	265.5
		ub :	193.0133	440.2477	279.8004
		lb :	163.9867	417.7523	251.1996
		P^-1:
			0.0132	-0.0039	-0.003
			-0.0039	0.021	0.0022
			-0.003	0.0022	0.0133
	==================================================================================
	Q2:
		Shape: Hybrid
		q_c:	177.5	442.5	274.5
		ub :	186.0263	452.4603	284.1848
		lb :	168.9737	432.5397	264.8152
		P^-1:
			0.0242	0.0063	0.0045
			0.0063	0.0318	0.006
			0.0045	0.006	0.028
		A:
			0.8608	-0.304	0.4081
			-0.8435	0.528	0.0987
			0.2441	0.8908	-0.3833
			-0.6612	-0.7393	0.1276
			-0.3954	-0.8976	0.1951
			-0.633	-0.4076	-0.6582
		b:
			134.4141
			115.4762
			335.8695
			-406.2148
			-410.5282
			-470.5917
	==================================================================================
	Q3:
		Shape: Hybrid
		q_c:	171.5	410.0	274.5
		ub :	181.2866	417.6639	284.0802
		lb :	161.7134	402.3361	264.9198
		P^-1:
			0.0253	-0.0016	0.0022
			-0.0016	0.0325	-0.0008
			0.0022	-0.0008	0.0267
		A:
			-0.3879	0.1283	0.9127
			-0.3922	0.0051	-0.9199
			-0.1289	0.9893	-0.069
			0.2423	-0.8614	-0.4464
			0.3435	0.0431	0.9382
			0.6791	-0.2913	0.6738
		b:
			240.183
			-314.4256
			367.3053
			-431.1267
			337.3591
			185.0852
	==================================================================================
	Q4:
		Shape: Polyhedra
		q_c:	181.0	437.0	271.5
		ub :	194.5415	449.7432	280.926
		lb :	167.4585	424.2568	262.074
		A:
			-0.2572	0.4958	0.8295
			-0.63	-0.6389	0.4414
			0.0711	0.2725	-0.9595
			-0.4549	-0.2787	-0.8458
			0.361	0.5795	0.7307
			-0.5994	0.1263	0.7904
			0.5747	0.7757	0.2608
			0.7949	-0.6049	0.0476
			0.1946	0.18	-0.9642
			-0.5747	-0.7757	-0.2608
			-0.7949	0.6049	-0.0476
			-0.1946	-0.18	0.9642
		b:
			403.3963
			-266.3935
			-120.9794
			-426.5255
			523.749
			169.6949
			520.3009
			-97.0643
			-140.4216
			-507.3009
			118.0643
			155.4216
	==================================================================================
	Q5:
		Shape: Ellipse
		q_c:	163.0	445.5	264.0
		ub :	172.2319	453.0145	269.1467
		lb :	153.7681	437.9855	258.8533
		P^-1:
			0.0205	0.0158	-0.0092
			0.0158	0.0662	-0.028
			-0.0092	-0.028	0.0894
	==================================================================================
	Q6:
		Shape: Hybrid
		q_c:	189.5	441.5	283.0
		ub :	204.3085	454.9456	297.0861
		lb :	174.6915	428.0544	268.9139
		P^-1:
			0.0133	0.0023	-0.0028
			0.0023	0.0166	-0.0036
			-0.0028	-0.0036	0.0129
		A:
			-0.2493	0.241	0.938
			-0.7659	0.3486	0.5402
			0.8843	0.4487	-0.1289
			-0.164	-0.586	0.7935
			0.1318	-0.9913	0.0015
			0.8394	0.4326	-0.329
		b:
			330.3074
			166.9624
			333.8044
			-61.1694
			-407.5632
			261.1225


===========================================================================================
===========================================================================================
S12:
	q_c:	459.5	458.0	495.5
	ub :	469.1496	466.2217	505.5247
	lb :	450.887	452.8194	489.9941

	==================================================================================
	Q1:
		Shape: Hybrid
		q_c:	455.0	456.5	500.0
		ub :	459.113	460.1806	504.1058
		lb :	450.887	452.8194	495.8942
		P^-1:
			0.2267	-0.0956	0.1024
			-0.0956	0.2901	-0.1147
			0.1024	-0.1147	0.1692
		A:
			0.6499	-0.7393	0.1766
			0.8412	-0.339	-0.4212
			-0.3799	0.5554	0.7398
			-0.222	0.635	-0.7399
			0.675	-0.1438	0.7236
			-0.3106	-0.8402	0.4446
		b:
			47.5981
			19.6657
			453.2168
			-179.9465
			604.5918
			-301.0776
	==================================================================================
	Q2:
		Shape: Hybrid
		q_c:	456.5	462.5	495.0
		ub :	460.7872	466.2217	500.0059
		lb :	452.2128	458.7783	489.9941
		P^-1:
			1.7757	-1.9347	0.2343
			-1.9347	2.2572	-0.2773
			0.2343	-0.2773	0.1112
		A:
			-0.5483	0.8173	0.177
			0.6998	0.7082	-0.0935
			0.6404	-0.7674	-0.032
			-0.5916	0.8062	0.0033
			-0.7434	0.6517	0.1502
			0.8167	-0.4736	-0.3298
		b:
			216.323
			604.3348
			-77.97
			104.9094
			37.2228
			-7.8866
	==================================================================================
	Q3:
		Shape: Hybrid
		q_c:	454.0	459.0	493.0
		ub :	456.5963	460.9419	495.6093
		lb :	451.4037	457.0581	490.3907
		P^-1:
			0.6492	-0.0213	-0.4077
			-0.0213	0.4456	0.0707
			-0.4077	0.0707	0.5097
		A:
			-0.8157	0.4598	0.3511
			0.3154	0.8937	-0.3192
			-0.8478	-0.5029	0.1686
			-0.8909	-0.2093	0.4032
			0.8856	-0.1955	-0.4213
			0.3764	-0.6052	-0.7015
		b:
			14.5862
			397.019
			-531.6297
			-301.0352
			105.2501
			-451.9824
	==================================================================================
	Q4:
		Shape: Hybrid
		q_c:	465.5	459.5	496.5
		ub :	469.1496	463.8388	500.631
		lb :	461.8504	455.1612	492.369
		P^-1:
			0.2189	-0.0492	-0.0256
			-0.0492	0.1644	-0.0136
			-0.0256	-0.0136	0.1379
		A:
			-0.3846	-0.9019	0.1966
			-0.7752	0.2346	-0.5865
			0.8601	-0.1542	0.4862
			0.5498	-0.1763	-0.8165
			-0.666	-0.7159	0.2096
			0.1611	-0.9512	0.2633
		b:
			-494.169
			-542.7666
			572.4084
			-229.0217
			-533.2639
			-229.9182
	==================================================================================
	Q5:
		Shape: Hybrid
		q_c:	461.5	456.5	494.5
		ub :	466.0714	459.5454	498.9185
		lb :	456.9286	453.4546	490.0815
		P^-1:
			0.2693	0.2825	0.2225
			0.2825	0.5771	0.3427
			0.2225	0.3427	0.3464
		A:
			-0.8256	0.1142	0.5525
			0.6319	0.7491	0.1986
			0.6176	0.5025	0.605
			0.3975	0.9175	-0.0094
			0.1085	0.755	0.6467
			0.7634	0.3561	0.5389
		b:
			-52.6787
			732.9462
			814.3987
			599.1506
			715.5518
			782.5749
	==================================================================================
	Q6:
		Shape: Ellipse
		q_c:	462.5	461.5	501.5
		ub :	466.4239	465.6204	505.5247
		lb :	458.5761	457.3796	497.4753
		P^-1:
			0.1706	0.0005	0.0841
			0.0005	0.0625	0.0013
			0.0841	0.0013	0.161


===========================================================================================
===========================================================================================
