3D_50_7_6_c                l = 3

===========================================================================================
===========================================================================================
S1:
	q_c:	500.5	38.0	26.5
	ub :	512.4476	52.7096	41.7565
	lb :	484.7313	24.0179	13.6504

	==================================================================================
	Q1:
		Shape: Polyhedra
		q_c:	492.0	46.0	35.5
		ub :	499.2687	52.7096	41.7565
		lb :	484.7313	39.2904	29.2435
		A:
			-0.8752	0.4761	-0.0851
			0.7824	0.1083	0.6132
			0.9156	-0.3422	0.2113
			0.591	0.6857	0.4248
			0.831	-0.4221	-0.3623
			-0.4225	0.6245	0.6569
			0.4325	0.25	0.8663
			-0.6433	-0.5877	0.4908
			0.6318	-0.7695	-0.0933
			-0.4325	-0.25	-0.8663
			0.6433	0.5877	-0.4908
			-0.6318	0.7695	0.0933
		b:
			-408.4329
			415.3904
			445.671
			341.8853
			380.4322
			-152.4427
			258.5332
			-320.1017
			275.1323
			-251.5332
			332.1017
			-269.1323
	==================================================================================
	Q2:
		Shape: Hybrid
		q_c:	496.0	38.5	24.0
		ub :	501.1477	43.8174	28.1965
		lb :	490.8523	33.1826	19.8035
		P^-1:
			0.1369	-0.0439	-0.0097
			-0.0439	0.0766	-0.0185
			-0.0097	-0.0185	0.1559
		A:
			-0.2813	-0.1793	0.9427
			0.5719	-0.7271	0.3798
			-0.8479	0.3321	-0.4132
			-0.0214	-0.402	0.9154
			0.4012	0.4572	-0.7937
			0.8444	0.0984	-0.5266
		b:
			-122.5365
			266.2782
			-416.3502
			-2.7923
			199.2524
			411.5639
	==================================================================================
	Q3:
		Shape: Hybrid
		q_c:	496.5	34.5	31.5
		ub :	504.1595	40.9899	37.9164
		lb :	488.8405	28.0101	25.0836
		P^-1:
			0.0462	-0.0033	-0.0081
			-0.0033	0.0473	-0.0023
			-0.0081	-0.0023	0.0584
		A:
			-0.5453	-0.7151	0.4374
			-0.3942	-0.3383	0.8545
			0.9109	-0.2453	0.3318
			0.0037	-0.1594	-0.9872
			0.9354	-0.215	-0.2806
			-0.0015	-0.2426	0.9701
		b:
			-279.1469
			-178.4089
			457.0126
			-32.5022
			450.632
			23.5881
	==================================================================================
	Q4:
		Shape: Polyhedra
		q_c:	499.0	44.5	30.5
		ub :	502.6866	48.0606	34.6569
		lb :	495.3134	40.9394	26.3431
		A:
			0.0252	0.7915	0.6107
			-0.9958	0.0369	-0.0837
			0.844	-0.3328	0.4206
			0.1853	0.9164	0.3547
			0.4996	-0.7749	-0.3871
			0.7199	-0.2252	-0.6565
			0.3251	0.8003	0.5039
			0.7411	-0.5465	0.3899
			0.5874	0.2467	-0.7708
			-0.3251	-0.8003	-0.5039
			-0.7411	0.5465	-0.3899
			-0.5874	-0.2467	0.7708
		b:
			68.9126
			-495.704
			420.7563
			146.5314
			205.2785
			331.9624
			215.6912
			358.8918
			283.5925
			-210.6912
			-355.8918
			-277.5925
	==================================================================================
	Q5:
		Shape: Ellipse
		q_c:	504.5	34.0	20.5
		ub :	511.6539	39.69	27.3496
		lb :	497.3461	28.31	13.6504
		P^-1:
			0.0413	-0.0051	0.0009
			-0.0051	0.0605	-0.0038
			0.0009	-0.0038	0.0407
	==================================================================================
	Q6:
		Shape: Polyhedra
		q_c:	504.0	32.5	25.0
		ub :	512.4476	40.9821	30.8269
		lb :	495.5524	24.0179	19.1731
		A:
			0.6261	-0.4949	0.6026
			-0.6738	-0.5788	0.4593
			0.8676	0.0779	-0.4911
			0.6401	-0.7537	-0.149
			-0.1149	-0.7195	0.685
			-0.1416	0.5923	0.7932
			0.6581	0.6119	0.4387
			-0.283	-0.3388	0.8973
			0.6977	-0.7147	-0.0498
			-0.6581	-0.6119	-0.4387
			0.283	0.3388	-0.8973
			-0.6977	0.7147	0.0498
		b:
			319.5546
			-342.6062
			432.1303
			299.8808
			-60.1595
			-27.3274
			368.0398
			-127.7329
			332.6697
			-357.0398
			134.7329
			-321.6697


===========================================================================================
===========================================================================================
S2:
	q_c:	254.0	438.0	254.5
	ub :	267.9272	451.3321	269.9959
	lb :	236.8725	424.6817	244.4864

	==================================================================================
	Q1:
		Shape: Ellipse
		q_c:	246.5	443.0	266.0
		ub :	252.2221	450.506	269.9959
		lb :	240.7779	435.494	262.0041
		P^-1:
			0.1007	-0.0329	0.0062
			-0.0329	0.0399	-0.0194
			0.0062	-0.0194	0.1542
	==================================================================================
	Q2:
		Shape: Hybrid
		q_c:	249.0	445.0	251.0
		ub :	255.2219	448.9705	257.5136
		lb :	242.7781	441.0295	244.4864
		P^-1:
			0.1152	0.0628	0.0554
			0.0628	0.2055	0.0227
			0.0554	0.0227	0.0736
		A:
			0.1737	0.9464	0.2723
			0.0479	-0.6301	0.7751
			-0.4202	-0.8536	-0.3079
			-0.1244	0.9176	0.3775
			0.7184	0.6779	0.156
			0.5545	0.2146	0.804
		b:
			534.1086
			-71.1868
			-560.7175
			474.412
			521.0785
			437.3394
	==================================================================================
	Q3:
		Shape: Ellipse
		q_c:	243.0	437.0	261.0
		ub :	249.1275	444.6377	267.6855
		lb :	236.8725	429.3623	254.3145
		P^-1:
			0.0839	0.0403	0.004
			0.0403	0.0507	0.0023
			0.004	0.0023	0.028
	==================================================================================
	Q4:
		Shape: Ellipse
		q_c:	260.0	445.5	255.5
		ub :	265.9786	451.3321	259.9357
		lb :	254.0214	439.6679	251.0643
		P^-1:
			0.0758	-0.0057	0.0136
			-0.0057	0.0762	0.0115
			0.0136	0.0115	0.1033
	==================================================================================
	Q5:
		Shape: Polyhedra
		q_c:	253.5	434.0	263.5
		ub :	258.4444	439.9537	269.371
		lb :	248.5556	428.0463	257.629
		A:
			0.6829	-0.67	-0.2911
			-0.7132	-0.1413	0.6865
			0.6056	0.6043	-0.5177
			-0.5075	0.6837	0.5244
			-0.9865	-0.0591	-0.1527
			-0.8002	0.4136	0.4343
			0.3719	0.921	0.116
			0.8773	-0.3079	-0.368
			-0.3032	0.2387	-0.9225
			-0.3719	-0.921	-0.116
			-0.8773	0.3079	0.368
			0.3032	-0.2387	0.9225
		b:
			-191.7688
			-58.0925
			283.4679
			309.1738
			-312.6556
			93.1701
			529.0629
			-6.198
			-211.3725
			-520.0629
			10.198
			221.3725
	==================================================================================
	Q6:
		Shape: Ellipse
		q_c:	261.5	432.0	262.0
		ub :	267.9272	439.3183	268.8684
		lb :	255.0728	424.6817	255.1316
		P^-1:
			0.0494	0.0004	-0.0007
			0.0004	0.0536	-0.0061
			-0.0007	-0.0061	0.0583


===========================================================================================
===========================================================================================
S3:
	q_c:	165.0	45.0	516.5
	ub :	180.096	59.0681	530.2281
	lb :	148.3558	27.5084	497.2284

	==================================================================================
	Q1:
		Shape: Polyhedra
		q_c:	158.0	35.5	510.5
		ub :	165.6025	43.4916	519.0478
		lb :	150.3975	27.5084	501.9522
		A:
			-0.5558	-0.7495	0.3597
			0.6219	0.6226	0.475
			-0.0295	0.6377	0.7697
			0.3607	0.848	0.3883
			-0.6102	0.6238	0.4884
			0.1271	0.5943	0.7941
			0.4666	0.809	0.3574
			0.8702	-0.3475	-0.3493
			-0.1584	0.474	-0.8662
			-0.4666	-0.809	-0.3574
			-0.8702	0.3475	0.3493
			0.1584	-0.474	0.8662
		b:
			74.1679
			367.0141
			415.6396
			289.3528
			180.3551
			451.2296
			288.9137
			-47.6585
			-444.3697
			-280.9137
			58.6585
			456.3697
	==================================================================================
	Q2:
		Shape: Polyhedra
		q_c:	171.0	53.0	518.0
		ub :	178.8554	59.0681	525.2273
		lb :	163.1446	46.9319	510.7727
		A:
			-0.6632	0.7439	-0.0818
			-0.5172	0.3675	-0.7729
			-0.2404	0.8963	0.3726
			-0.3721	-0.8363	-0.4026
			0.9039	-0.0321	0.4265
			0.6142	0.4489	0.649
			0.7327	0.2002	0.6504
			-0.6326	-0.1519	0.7595
			0.2509	-0.9679	0.0153
			-0.7327	-0.2002	-0.6504
			0.6326	0.1519	-0.7595
			-0.2509	0.9679	-0.0153
		b:
			-111.8436
			-464.9666
			204.0387
			-312.2586
			377.989
			469.0458
			476.806
			283.1792
			4.0516
			-468.806
			-271.1792
			4.9484
	==================================================================================
	Q3:
		Shape: Polyhedra
		q_c:	155.0	38.0	521.0
		ub :	161.6442	46.4745	528.6527
		lb :	148.3558	29.5255	513.3473
		A:
			0.2599	0.8733	0.4121
			-0.6028	-0.7124	0.3592
			-0.8145	0.5289	0.2383
			0.0028	-0.8829	-0.4696
			-0.8936	-0.4486	0.0112
			-0.8991	-0.3116	-0.3075
			0.9029	0.4259	0.0584
			0.2633	-0.6554	0.7079
			0.3398	-0.6238	-0.7039
			-0.9029	-0.4259	-0.0584
			-0.2633	0.6554	-0.7079
			-0.3398	0.6238	0.7039
		b:
			292.0796
			71.7903
			22.3537
			-273.8865
			-145.6956
			-307.1558
			190.5768
			391.7286
			-334.2618
			-182.5768
			-377.7286
			341.2618
	==================================================================================
	Q4:
		Shape: Hybrid
		q_c:	175.0	43.5	524.0
		ub :	180.096	49.0086	530.2281
		lb :	169.904	37.9914	517.7719
		P^-1:
			0.0773	-0.0117	-0.0073
			-0.0117	0.1155	-0.056
			-0.0073	-0.056	0.0888
		A:
			-0.3105	-0.9497	-0.0409
			0.5461	-0.4333	-0.7169
			0.9226	-0.1403	-0.3593
			0.4124	0.8285	-0.3788
			0.9514	-0.0069	0.3078
			0.9568	-0.2487	-0.1506
		b:
			-114.4116
			-296.0961
			-30.6864
			-88.4657
			330.1659
			79.9204
	==================================================================================
	Q5:
		Shape: Polyhedra
		q_c:	166.5	39.0	504.5
		ub :	174.437	46.6341	511.7716
		lb :	158.563	31.3659	497.2284
		A:
			0.8549	0.3038	-0.4205
			0.481	-0.8221	0.3046
			-0.8623	0.4471	0.2378
			0.7954	0.3096	-0.521
			-0.4232	0.7587	0.4953
			-0.9901	-0.1271	0.0592
			0.8645	0.4846	0.1335
			0.4999	-0.8568	-0.1265
			0.0531	0.1761	-0.9829
			-0.8645	-0.4846	-0.1335
			-0.4999	0.8568	0.1265
			-0.0531	-0.1761	0.9829
		b:
			-51.7057
			206.1403
			-1.353
			-112.1015
			213.3528
			-133.7908
			236.6922
			-10.0182
			-474.1859
			-223.6922
			18.0182
			486.1859
	==================================================================================
	Q6:
		Shape: Polyhedra
		q_c:	170.0	42.5	518.5
		ub :	174.3225	48.7974	525.5308
		lb :	165.6775	36.2026	511.4692
		A:
			-0.3235	0.9388	-0.1184
			-0.2826	-0.2146	0.9349
			0.453	-0.8865	-0.0944
			0.4668	0.5613	-0.6834
			-0.4157	0.194	0.8886
			0.5552	0.821	-0.133
			0.0766	0.396	0.9151
			0.2847	0.8709	-0.4007
			-0.9556	0.2912	-0.046
			-0.0766	-0.396	-0.9151
			-0.2847	-0.8709	0.4007
			0.9556	-0.2912	0.046
		b:
			-72.9725
			432.6509
			-5.7979
			-247.2216
			403.6882
			63.9885
			510.3078
			-118.8521
			-170.9314
			-498.3078
			125.8521
			176.9314


===========================================================================================
===========================================================================================
S4:
	q_c:	288.0	132.0	306.0
	ub :	291.1857	135.4166	308.4343
	lb :	286.4385	130.2312	304.3798

	==================================================================================
	Q1:
		Shape: Hybrid
		q_c:	288.5	131.5	306.5
		ub :	290.0498	132.7688	307.6121
		lb :	286.9502	130.2312	305.3879
		P^-1:
			1.4126	-1.2767	0.9354
			-1.2767	3.37	0.4615
			0.9354	0.4615	3.6619
		A:
			-0.0812	0.3504	0.9331
			0.526	-0.7515	-0.3982
			-0.7955	0.4929	0.3524
			0.0468	0.9382	-0.3429
			0.4609	-0.1736	0.8703
			-0.3668	0.9215	0.1274
		b:
			308.9565
			-68.7316
			-55.9731
			32.4513
			377.1479
			54.6459
	==================================================================================
	Q2:
		Shape: Hybrid
		q_c:	289.5	134.0	306.0
		ub :	290.7152	135.4166	307.3321
		lb :	288.2848	132.5834	304.6679
		P^-1:
			1.8865	0.9925	0.9426
			0.9925	2.1113	1.0554
			0.9426	1.0554	2.0022
		A:
			0.8214	-0.0221	0.5699
			-0.0646	-0.751	-0.6571
			0.0691	0.4669	0.8816
			0.1203	0.9927	-0.008
			0.4872	-0.8688	-0.0888
			0.4152	0.8851	0.2102
		b:
			409.7358
			-320.0179
			352.7901
			165.9783
			-1.8411
			303.5193
	==================================================================================
	Q3:
		Shape: Polyhedra
		q_c:	290.0	132.0	307.0
		ub :	291.1857	133.1187	308.2825
		lb :	288.8143	130.8813	305.7175
		A:
			-0.5039	0.657	-0.5608
			0.8215	-0.0541	0.5677
			0.2	0.8864	0.4176
			0.6248	-0.7356	0.2618
			0.2515	-0.3621	-0.8976
			-0.0738	-0.9639	-0.2559
			0.9802	0.0146	0.1975
			-0.1978	0.1104	0.974
			-0.0076	-0.9938	0.1111
			-0.9802	-0.0146	-0.1975
			0.1978	-0.1104	-0.974
			0.0076	0.9938	-0.1111
		b:
			-230.5728
			406.362
			304.1887
			165.4455
			-249.404
			-226.2067
			347.8011
			257.2124
			-98.2837
			-345.8011
			-255.2124
			100.2837
	==================================================================================
	Q4:
		Shape: Ellipse
		q_c:	289.5	133.0	307.0
		ub :	290.667	134.0187	308.2107
		lb :	288.333	131.9813	305.7893
		P^-1:
			1.0141	0.1817	0.0948
			0.1817	3.3468	1.2247
			0.0948	1.2247	1.6391
	==================================================================================
	Q5:
		Shape: Polyhedra
		q_c:	288.5	133.0	305.5
		ub :	289.6668	134.0502	306.6202
		lb :	287.3332	131.9498	304.3798
		A:
			0.2301	-0.414	-0.8807
			0.4056	-0.3978	0.823
			-0.3246	-0.9442	-0.0556
			-0.5969	0.7228	-0.3482
			0.4657	-0.8572	0.22
			-0.6697	0.6469	0.3647
			0.2895	0.6042	0.7424
			0.6908	0.405	-0.599
			-0.6626	0.6862	-0.3001
			-0.2895	-0.6042	-0.7424
			-0.6908	-0.405	0.599
			0.6626	-0.6862	0.3001
		b:
			-257.0686
			316.126
			-235.5099
			-181.9457
			88.0547
			4.8834
			391.1722
			71.175
			-191.0782
			-390.1722
			-69.175
			192.0782
	==================================================================================
	Q6:
		Shape: Polyhedra
		q_c:	288.0	132.0	307.0
		ub :	289.5615	133.3057	308.4343
		lb :	286.4385	130.6943	305.5657
		A:
			-0.782	-0.4746	0.4041
			0.9813	0.1879	0.041
			-0.8358	-0.3887	0.3878
			0.9001	-0.223	0.3743
			0.5898	0.7766	0.2214
			0.3223	0.1661	0.932
			0.3016	0.9407	0.1552
			0.3898	0.0269	-0.9205
			-0.8701	0.3381	-0.3586
			-0.3016	-0.9407	-0.1552
			-0.3898	-0.0269	0.9205
			0.8701	-0.3381	0.3586
		b:
			-162.8053
			321.0247
			-171.9505
			345.7005
			341.3406
			401.852
			259.6601
			-165.7934
			-315.0568
			-257.6601
			167.7934
			317.0568


===========================================================================================
===========================================================================================
S5:
	q_c:	307.0	281.5	504.0
	ub :	323.9329	291.4914	513.2543
	lb :	288.0267	263.5695	487.2726

	==================================================================================
	Q1:
		Shape: Polyhedra
		q_c:	313.5	283.0	497.5
		ub :	323.9329	289.6048	507.7274
		lb :	303.0671	276.3952	487.2726
		A:
			-0.5783	0.3824	0.7206
			-0.6827	0.7251	0.0899
			-0.1775	-0.9297	0.3228
			0.0947	-0.4995	0.8611
			0.4852	-0.8704	-0.0835
			0.4211	0.8755	0.2369
			0.6155	0.1067	0.7809
			-0.0864	-0.9757	0.2014
			0.7834	-0.1915	-0.5913
			-0.6155	-0.1067	-0.7809
			0.0864	0.9757	-0.2014
			-0.7834	0.1915	0.5913
		b:
			293.6666
			42.8757
			-153.5294
			322.2767
			-129.5129
			502.4633
			617.1444
			-198.4989
			-94.262
			-606.1444
			207.4989
			111.262
	==================================================================================
	Q2:
		Shape: Polyhedra
		q_c:	299.0	286.0	501.0
		ub :	305.7256	291.4914	507.5913
		lb :	292.2744	280.5086	494.4087
		A:
			0.7351	0.6636	-0.1387
			0.736	-0.0935	-0.6705
			0.4123	0.8987	-0.1492
			0.7349	-0.6778	0.0229
			0.9167	0.3258	0.2316
			0.0446	-0.9801	-0.1933
			0.4338	0.7286	0.5301
			0.6649	0.1383	-0.734
			-0.6081	0.6709	-0.4244
			-0.4338	-0.7286	-0.5301
			-0.6649	-0.1383	0.734
			0.6081	-0.6709	0.4244
		b:
			343.8563
			-138.1429
			309.1785
			41.4002
			486.8614
			-360.4064
			606.6631
			-124.9093
			-198.5885
			-600.6631
			133.9093
			206.5885
	==================================================================================
	Q3:
		Shape: Polyhedra
		q_c:	297.0	281.5	509.5
		ub :	304.2846	288.7331	512.5389
		lb :	289.7154	274.2669	506.4611
		A:
			0.4251	-0.625	0.6547
			-0.9232	0.1847	0.337
			-0.1236	-0.5262	0.8414
			0.2455	-0.126	0.9612
			-0.0502	-0.0127	-0.9987
			-0.101	0.7774	-0.6208
			0.7212	0.6917	0.0373
			0.657	-0.666	-0.3532
			-0.2194	0.2793	-0.9348
			-0.7212	-0.6917	-0.0373
			-0.657	0.666	0.3532
			0.2194	-0.2793	0.9348
		b:
			286.257
			-45.8668
			246.7381
			528.8685
			-525.3236
			-124.2062
			433.9433
			-168.294
			-461.3399
			-421.9433
			176.294
			464.3399
	==================================================================================
	Q4:
		Shape: Ellipse
		q_c:	295.5	274.0	494.5
		ub :	302.9733	279.1632	501.6766
		lb :	288.0267	268.8368	487.3234
		P^-1:
			0.0436	-0.0337	0.0097
			-0.0337	0.1405	-0.031
			0.0097	-0.031	0.042
	==================================================================================
	Q5:
		Shape: Hybrid
		q_c:	314.0	276.0	500.0
		ub :	322.2742	284.359	507.4133
		lb :	305.7258	267.641	492.5867
		P^-1:
			0.025	0.0043	-0.0011
			0.0043	0.0373	-0.0037
			-0.0011	-0.0037	0.0292
		A:
			-0.9729	-0.1407	0.1833
			0.3508	-0.7365	-0.5784
			0.7645	0.637	-0.0985
			-0.2296	-0.9484	0.2188
			0.0858	0.6854	0.7231
			-0.5807	0.6644	0.4705
		b:
			-248.957
			-378.7785
			369.6356
			-221.9237
			581.0413
			240.0202
	==================================================================================
	Q6:
		Shape: Polyhedra
		q_c:	310.5	271.5	505.5
		ub :	314.7885	279.4305	513.2543
		lb :	306.2115	263.5695	497.7457
		A:
			-0.2326	0.2517	0.9394
			-0.8453	0.3753	-0.3802
			0.8488	-0.4419	-0.2902
			-0.9088	0.3179	-0.2701
			-0.9546	0.1549	0.2545
			-0.4068	-0.9049	0.125
			0.2279	0.7682	0.5983
			0.9517	-0.3056	0.0298
			0.2058	0.5626	-0.8007
			-0.2279	-0.7682	-0.5983
			-0.9517	0.3056	-0.0298
			-0.2058	-0.5626	0.8007
		b:
			476.3121
			-350.033
			-0.3899
			-330.0656
			-123.0802
			-303.3151
			587.2722
			229.6114
			-182.614
			-576.2722
			-225.6114
			193.614


===========================================================================================
===========================================================================================
S6:
	q_c:	226.5	423.5	221.0
	ub :	240.1677	433.6093	234.8631
	lb :	213.0838	407.7989	215.8875

	==================================================================================
	Q1:
		Shape: Polyhedra
		q_c:	217.5	422.5	225.0
		ub :	221.7554	428.6468	230.8059
		lb :	213.2446	416.3532	219.1941
		A:
			0.5365	-0.8408	-0.0717
			-0.6307	0.5967	0.4962
			0.9594	-0.2428	-0.1434
			-0.5054	0.1203	0.8545
			-0.6293	0.2245	0.7441
			0.748	-0.2806	-0.6014
			0.643	0.5507	0.5322
			0.1662	-0.7787	0.6049
			0.7476	-0.3005	-0.5923
			-0.643	-0.5507	-0.5322
			-0.1662	0.7787	-0.6049
			-0.7476	0.3005	0.5923
		b:
			-250.8821
			228.9496
			76.3367
			135.7101
			127.5642
			-89.184
			495.2702
			-151.7565
			-95.6473
			-489.2702
			161.7565
			99.6473
	==================================================================================
	Q2:
		Shape: Polyhedra
		q_c:	221.5	414.5	226.5
		ub :	229.1152	421.2011	234.2354
		lb :	213.8848	407.7989	218.7646
		A:
			0.006	-0.7933	0.6089
			0.569	-0.3328	0.752
			-0.4641	-0.5828	0.6671
			-0.852	0.274	-0.4462
			-0.3366	0.3159	-0.8871
			-0.4352	-0.6526	-0.6203
			0.5693	0.2204	0.7921
			-0.8163	0.2661	0.5126
			-0.0978	-0.9384	0.3314
			-0.5693	-0.2204	-0.7921
			0.8163	-0.2661	-0.5126
			0.0978	0.9384	-0.3314
		b:
			-185.1116
			162.6188
			-188.2445
			-171.5013
			-140.3323
			-503.2308
			400.8356
			51.6088
			-331.0832
			-392.8356
			-39.6088
			340.0832
	==================================================================================
	Q3:
		Shape: Ellipse
		q_c:	229.0	420.0	219.5
		ub :	232.6867	423.6569	223.1125
		lb :	225.3133	416.3431	215.8875
		P^-1:
			0.2647	0.1808	0.0144
			0.1808	0.2602	0.0142
			0.0144	0.0142	0.0828
	==================================================================================
	Q4:
		Shape: Ellipse
		q_c:	227.0	430.0	221.0
		ub :	232.3002	433.6093	225.9716
		lb :	221.6998	426.3907	216.0284
		P^-1:
			0.2141	0.0531	0.1808
			0.0531	0.1961	0.0853
			0.1808	0.0853	0.2343
	==================================================================================
	Q5:
		Shape: Ellipse
		q_c:	222.5	418.5	227.5
		ub :	231.9162	427.6579	234.8631
		lb :	213.0838	409.3421	220.1369
		P^-1:
			0.0395	0.0104	-0.0143
			0.0104	0.0306	-0.0098
			-0.0143	-0.0098	0.0439
	==================================================================================
	Q6:
		Shape: Ellipse
		q_c:	235.0	423.0	223.5
		ub :	240.1677	429.0068	229.0181
		lb :	229.8323	416.9932	217.9819
		P^-1:
			0.0816	0.0	0.0
			0.0	0.0816	0.0
			0.0	0.0	0.0816


===========================================================================================
===========================================================================================
S7:
	q_c:	132.5	108.5	302.0
	ub :	154.5845	121.8262	321.9734
	lb :	114.3584	89.1898	284.3676

	==================================================================================
	Q1:
		Shape: Polyhedra
		q_c:	146.5	108.0	303.0
		ub :	154.5845	114.7695	311.8752
		lb :	138.4155	101.2305	294.1248
		A:
			-0.368	0.8805	-0.2989
			-0.1683	-0.9794	0.1119
			0.5543	-0.6626	0.5037
			0.013	-0.6421	0.7665
			-0.936	0.1737	0.306
			-0.943	-0.1104	0.3139
			0.5549	0.6584	0.5085
			0.6309	-0.7315	0.2587
			0.5423	0.1772	-0.8213
			-0.5549	-0.6584	-0.5085
			-0.6309	0.7315	-0.2587
			-0.5423	-0.1772	0.8213
		b:
			-46.9578
			-91.1869
			164.4597
			169.3373
			-20.8476
			-49.2758
			313.4742
			93.3217
			-144.2584
			-299.4742
			-90.3217
			156.2584
	==================================================================================
	Q2:
		Shape: Hybrid
		q_c:	147.5	97.0	290.0
		ub :	152.1576	102.5122	295.6324
		lb :	142.8424	91.4878	284.3676
		P^-1:
			0.1041	-0.0062	0.0186
			-0.0062	0.0407	-0.0027
			0.0186	-0.0027	0.0557
		A:
			0.1371	0.9577	-0.2531
			0.9473	0.2911	-0.1336
			-0.4386	0.1542	-0.8854
			-0.324	0.9456	0.0291
			0.2593	-0.7327	-0.6292
			-0.8405	-0.4955	-0.2192
		b:
			43.1529
			131.3446
			-304.1753
			55.6266
			-212.0119
			-233.3273
	==================================================================================
	Q3:
		Shape: Ellipse
		q_c:	127.0	98.5	304.0
		ub :	136.1484	107.8102	312.4407
		lb :	117.8516	89.1898	295.5593
		P^-1:
			0.0396	0.0114	-0.0047
			0.0114	0.0357	0.0076
			-0.0047	0.0076	0.0345
	==================================================================================
	Q4:
		Shape: Hybrid
		q_c:	136.0	113.5	309.0
		ub :	145.1578	121.8262	319.0685
		lb :	126.8422	105.1738	298.9315
		P^-1:
			0.0486	0.0127	0.0206
			0.0127	0.057	0.0204
			0.0206	0.0204	0.0283
		A:
			-0.9421	-0.2725	-0.1955
			0.5905	-0.6694	0.4509
			-0.5595	0.6938	0.4534
			-0.7418	0.5322	-0.408
			-0.6032	-0.7535	-0.2613
			-0.206	0.3659	0.9076
		b:
			-216.6205
			147.5519
			146.7475
			-163.13
			-246.097
			299.56
	==================================================================================
	Q5:
		Shape: Polyhedra
		q_c:	122.5	111.0	293.0
		ub :	130.6416	117.7815	299.4562
		lb :	114.3584	104.2185	286.5438
		A:
			-0.3309	-0.1153	0.9366
			0.064	0.5719	-0.8178
			-0.3804	0.3829	-0.8418
			0.3456	0.7135	-0.6095
			0.6291	-0.7541	-0.1888
			-0.1255	0.9869	0.1012
			0.8537	0.3979	0.3359
			0.2105	-0.8537	0.4764
			0.4763	-0.336	-0.8125
			-0.8537	-0.3979	-0.3359
			-0.2105	0.8537	-0.4764
			-0.4763	0.336	0.8125
		b:
			224.2086
			-164.9338
			-246.3541
			-52.953
			-58.5311
			127.7414
			254.1625
			74.1202
			-214.0247
			-240.1625
			-67.1202
			220.0247
	==================================================================================
	Q6:
		Shape: Polyhedra
		q_c:	131.0	106.5	316.0
		ub :	138.9782	114.7826	321.9734
		lb :	123.0218	98.2174	310.0266
		A:
			0.3299	0.2165	0.9188
			0.563	-0.1838	0.8058
			0.6558	0.0636	0.7522
			-0.2699	0.267	-0.9251
			0.5895	0.6427	0.4893
			0.3294	0.8425	0.4262
			0.3821	0.2241	0.8966
			-0.8759	0.3971	0.274
			-0.2946	-0.89	0.348
			-0.3821	-0.2241	-0.8966
			0.8759	-0.3971	-0.274
			0.2946	0.89	-0.348
		b:
			359.1514
			312.2711
			333.514
			-295.6047
			304.3673
			272.1949
			359.7263
			20.137
			-17.4257
			-354.7263
			-8.137
			29.4257


===========================================================================================
===========================================================================================
