3D_50_10_6_f                l = 3

===========================================================================================
===========================================================================================
S1:
	q_c:    508.0000    44.5000    400.0000
	ub :    530.0000    75.0000    421.0000
	lb :    486.0000    14.0000    379.0000

	==================================================================================
	Q1:
		Shape: Polyhedra
		q_c:    497.0000    23.5000    397.0000
		ub :    515.7468    41.3408    411.6918
		lb :    478.2532    5.6592    382.3082
		A:
			    0.3425    -0.8517    0.3966
			    -0.0216    0.8102    -0.5858
			    -0.1021    0.9796    -0.1728
			    -0.2348    -0.5064    -0.8297
			    -0.9363    0.1119    0.3328
			    0.5488    -0.4831    -0.6822
			    0.6760    0.7316    0.0881
			    0.6778    -0.6643    0.3153
			    0.2892    -0.1534    -0.9449
			    -0.6760    -0.7316    -0.0881
			    -0.6778    0.6643    -0.3153
			    -0.2892    0.1534    0.9449
		b:
			    318.1407
			    -213.1761
			    -85.0396
			    -446.2511
			    -319.3572
			    1.3418
			    401.1569
			    456.3954
			    -224.0227
			    -375.1569
			    -436.3954
			    246.0227
	==================================================================================
	Q2:
		Shape: Hybrid
		q_c:    495.0000    65.0000    406.0000
		ub :    511.6806    79.5501    423.5037
		lb :    478.3194    50.4499    388.4963
		P^-1: 
			    0.0135    -0.0068    0.0040
			    -0.0068    0.0159    -0.0037
			    0.0040    -0.0037    0.0095
		A:
			    -0.0948    0.9748    -0.2019
			    -0.6859    0.7005    0.1971
			    0.0558    -0.3181    -0.9464
			    -0.3359    -0.9178    0.2117
			    0.5599    -0.8132    -0.1590
			    -0.1558    0.7947    -0.5866
		b:
			    -60.3928
			    -208.8845
			    -369.1423
			    -132.8311
			    164.5291
			    -258.6764
	==================================================================================
	Q3:
		Shape: Polyhedra
		q_c:    511.5000    30.5000    405.0000
		ub :    521.1569    40.5808    414.1070
		lb :    501.8431    20.4192    395.8930
		A:
			    0.4145    0.0199    -0.9099
			    -0.0661    -0.8762    0.4774
			    0.0947    -0.9574    0.2728
			    0.6660    -0.3566    0.6552
			    0.5891    -0.7542    -0.2901
			    0.7634    -0.3966    -0.5098
			    0.1430    0.6480    0.7481
			    0.1629    0.7301    -0.6636
			    -0.9762    0.2168    -0.0012
			    -0.1430    -0.6480    -0.7481
			    -0.1629    -0.7301    0.6636
			    0.9762    -0.2168    0.0012
		b:
			    -148.9699
			    136.4910
			    134.9244
			    602.0788
			    169.1833
			    180.2818
			    405.3713
			    -160.1574
			    -485.2069
			    -386.3713
			    166.1574
			    501.2069
	==================================================================================
	Q4:
		Shape: Polyhedra
		q_c:    499.0000    41.5000    419.0000
		ub :    503.5341    49.9973    426.6283
		lb :    494.4659    33.0027    411.3717
		A:
			    0.4702    0.7753    0.4218
			    0.8410    -0.2389    0.4855
			    0.9542    0.2979    -0.0279
			    0.4680    0.5378    0.7013
			    0.6118    0.2285    0.7573
			    -0.9727    0.0637    0.2233
			    0.9329    0.2557    0.2537
			    0.1460    -0.9123    0.3827
			    0.3293    -0.3200    -0.8883
			    -0.9329    -0.2557    -0.2537
			    -0.1460    0.9123    -0.3827
			    -0.3293    0.3200    0.8883
		b:
			    447.8606
			    617.2106
			    479.3114
			    553.3762
			    635.4706
			    -385.8781
			    584.4250
			    202.3392
			    -216.1515
			    -580.4250
			    -188.3392
			    226.1515
	==================================================================================
	Q5:
		Shape: Hybrid
		q_c:    516.0000    51.5000    412.0000
		ub :    525.6386    61.4243    422.0751
		lb :    506.3614    41.5757    401.9249
		P^-1: 
			    0.0436    -0.0201    0.0034
			    -0.0201    0.0358    -0.0101
			    0.0034    -0.0101    0.0266
		A:
			    -0.2549    -0.9004    0.3525
			    0.9009    -0.3960    -0.1779
			    -0.9472    0.2983    0.1173
			    0.3239    -0.5233    0.7882
			    -0.2617    0.7144    -0.6489
			    0.6432    -0.7588    0.1025
		b:
			    -28.2514
			    373.7643
			    -422.3628
			    467.9379
			    -362.8199
			    337.2644
	==================================================================================
	Q6:
		Shape: Polyhedra
		q_c:    510.0000    52.0000    420.5000
		ub :    522.9115    69.4247    435.4842
		lb :    497.0885    34.5753    405.5158
		A:
			    0.7584    -0.2831    -0.5871
			    0.7872    0.0428    -0.6152
			    -0.7532    0.2633    0.6028
			    0.7789    0.0022    -0.6271
			    0.9292    -0.0606    -0.3645
			    0.7099    0.0980    -0.6974
			    0.5583    0.7093    0.4304
			    0.7458    -0.2019    -0.6348
			    -0.3634    0.6754    -0.6417
			    -0.5583    -0.7093    -0.4304
			    -0.7458    0.2019    0.6348
			    0.3634    -0.6754    0.6417
		b:
			    127.9583
			    148.8193
			    -114.2805
			    137.1380
			    322.1279
			    78.4711
			    513.6022
			    105.4262
			    -406.5255
			    -491.6022
			    -100.4262
			    433.5255


===========================================================================================
===========================================================================================
S2:
	q_c:    189.0000    195.5000    348.5000
	ub :    200.0000    213.0000    359.0000
	lb :    178.0000    178.0000    338.0000

	==================================================================================
	Q1:
		Shape: Polyhedra
		q_c:    186.0000    196.5000    356.0000
		ub :    190.5279    199.4779    360.5404
		lb :    181.4721    193.5221    351.4596
		A:
			    -0.1386    -0.9753    0.1718
			    -0.3112    0.6160    -0.7237
			    0.0209    -0.8885    0.4584
			    -0.2929    0.3317    -0.8967
			    -0.8446    0.2755    -0.4591
			    -0.0199    -0.9430    0.3323
			    0.5593    0.7354    0.3826
			    0.6685    -0.1272    -0.7328
			    -0.4902    0.6656    -0.5627
			    -0.5593    -0.7354    -0.3826
			    -0.6685    0.1272    0.7328
			    0.4902    -0.6656    0.5627
		b:
			    -154.4331
			    -192.7326
			    -5.7066
			    -306.3551
			    -264.5025
			    -68.9259
			    386.7452
			    -157.5112
			    -159.2155
			    -382.7452
			    165.5112
			    162.2155
	==================================================================================
	Q2:
		Shape: Ellipse
		q_c:    184.0000    191.0000    354.0000
		ub :    186.6322    196.5822    359.1820
		lb :    181.3678    185.4178    348.8180
		P^-1: 
			    0.8084    0.1845    0.3244
			    0.1845    0.1019    0.0947
			    0.3244    0.0947    0.2207
	==================================================================================
	Q3:
		Shape: Polyhedra
		q_c:    182.5000    185.5000    353.0000
		ub :    185.4444    188.8255    356.0621
		lb :    179.5556    182.1745    349.9379
		A:
			    0.8380    0.5024    -0.2129
			    0.6191    0.4085    -0.6707
			    -0.8299    -0.3078    0.4653
			    0.6584    0.6904    -0.2998
			    -0.4761    -0.5634    0.6752
			    0.5247    0.7031    -0.4799
			    0.1237    0.4955    0.8597
			    -0.7751    0.5892    -0.2281
			    -0.6196    -0.6382    0.4570
			    -0.1237    -0.4955    -0.8597
			    0.7751    -0.5892    0.2281
			    0.6196    0.6382    -0.4570
		b:
			    172.1074
			    -47.0812
			    -43.0864
			    143.0397
			    47.8159
			    57.3812
			    420.4808
			    -109.6815
			    -69.6456
			    -415.4808
			    115.6815
			    70.6456
	==================================================================================
	Q4:
		Shape: Polyhedra
		q_c:    188.5000    190.0000    346.0000
		ub :    193.8429    195.0604    351.3670
		lb :    183.1571    184.9396    340.6330
		A:
			    -0.6157    0.7468    0.2513
			    0.3174    0.1432    0.9374
			    0.8945    0.2028    -0.3985
			    -0.6663    0.6542    0.3579
			    -0.4625    0.8819    -0.0911
			    -0.9861    -0.1594    -0.0480
			    0.6575    0.5887    0.4703
			    0.1995    -0.7379    0.6448
			    0.7266    -0.3301    -0.6026
			    -0.6575    -0.5887    -0.4703
			    -0.1995    0.7379    -0.6448
			    -0.7266    0.3301    0.6026
		b:
			    116.0408
			    414.6021
			    72.7010
			    125.8982
			    51.7548
			    -229.2713
			    402.0122
			    122.9826
			    -130.7395
			    -395.0122
			    -117.9826
			    137.7395
	==================================================================================
	Q5:
		Shape: Polyhedra
		q_c:    183.5000    198.5000    354.5000
		ub :    189.9229    202.7980    358.6185
		lb :    177.0771    194.2020    350.3815
		A:
			    0.3248    -0.5149    -0.7933
			    0.2357    -0.3595    0.9029
			    0.4033    -0.2162    -0.8891
			    0.0151    0.8713    -0.4904
			    0.5691    -0.7689    -0.2916
			    -0.1231    -0.8993    -0.4196
			    0.9645    0.2124    0.1568
			    0.1979    -0.9748    0.1031
			    0.1748    -0.0684    -0.9822
			    -0.9645    -0.2124    -0.1568
			    -0.1979    0.9748    -0.1031
			    -0.1748    0.0684    0.9822
		b:
			    -320.8289
			    295.2531
			    -280.9611
			    4.9317
			    -148.1764
			    -346.3928
			    280.2432
			    -117.6172
			    -326.7156
			    -269.2432
			    123.6172
			    332.7156
	==================================================================================
	Q6:
		Shape: Hybrid
		q_c:    192.5000    192.0000    343.0000
		ub :    197.4017    196.6813    348.4436
		lb :    187.5983    187.3187    337.5564
		P^-1: 
			    0.0817    0.0011    -0.0007
			    0.0011    0.1387    -0.0349
			    -0.0007    -0.0349    0.1029
		A:
			    0.3710    0.9220    -0.1111
			    0.3148    0.9095    -0.2713
			    -0.7364    -0.5657    0.3711
			    0.6941    0.2895    -0.6591
			    0.9257    0.2914    -0.2413
			    -0.3191    0.7075    -0.6305
		b:
			    211.8912
			    143.5889
			    -121.2863
			    -34.9334
			    153.5026
			    -140.4514


===========================================================================================
===========================================================================================
S3:
	q_c:    241.0000    66.5000    371.5000
	ub :    260.0000    85.0000    392.0000
	lb :    222.0000    48.0000    351.0000

	==================================================================================
	Q1:
		Shape: Hybrid
		q_c:    236.5000    54.5000    386.5000
		ub :    244.5135    61.7498    394.7002
		lb :    228.4865    47.2502    378.2998
		P^-1: 
			    0.0461    -0.0087    -0.0122
			    -0.0087    0.0327    0.0085
			    -0.0122    0.0085    0.0445
		A:
			    -0.8781    -0.4498    0.1628
			    0.8279    0.2742    0.4892
			    -0.4847    0.7136    0.5058
			    -0.2105    0.7907    0.5749
			    0.4695    0.2074    0.8582
			    0.1367    -0.9124    -0.3859
		b:
			    -165.8911
			    403.3587
			    122.1288
			    218.2368
			    457.4210
			    -163.3739
	==================================================================================
	Q2:
		Shape: Hybrid
		q_c:    230.0000    68.0000    384.5000
		ub :    236.4722    77.6038    393.8305
		lb :    223.5278    58.3962    375.1695
		P^-1: 
			    0.0584    0.0101    0.0051
			    0.0101    0.0285    0.0037
			    0.0051    0.0037    0.0270
		A:
			    -0.3639    -0.5207    0.7723
			    -0.3023    0.4132    -0.8590
			    0.8976    0.4261    -0.1129
			    -0.4960    -0.0311    0.8678
			    0.7594    0.3735    -0.5327
			    0.8819    0.4262    0.2016
		b:
			    181.9679
			    -367.4542
			    194.2916
			    221.4069
			    -1.5637
			    311.3785
	==================================================================================
	Q3:
		Shape: Hybrid
		q_c:    241.0000    55.5000    357.5000
		ub :    249.5943    64.8174    364.9937
		lb :    232.4057    46.1826    350.0063
		P^-1: 
			    0.0671    0.0347    0.0860
			    0.0347    0.0369    0.0635
			    0.0860    0.0635    0.1787
		A:
			    0.6763    0.2455    0.6945
			    0.6957    0.1711    0.6977
			    -0.3922    -0.3109    -0.8657
			    0.2431    0.5284    0.8134
			    -0.7891    -0.1606    -0.5930
			    0.0861    0.6954    0.7135
		b:
			    426.6305
			    428.5892
			    -420.2285
			    380.8326
			    -408.4386
			    318.1540
	==================================================================================
	Q4:
		Shape: Ellipse
		q_c:    248.5000    62.0000    365.5000
		ub :    256.0714    69.0132    374.6388
		lb :    240.9286    54.9868    356.3612
		P^-1: 
			    0.0561    -0.0068    -0.0116
			    -0.0068    0.0512    -0.0037
			    -0.0116    -0.0037    0.0223
	==================================================================================
	Q5:
		Shape: Polyhedra
		q_c:    243.0000    47.5000    377.0000
		ub :    256.0745    60.8736    385.6785
		lb :    229.9255    34.1264    368.3215
		A:
			    -0.2645    0.5378    -0.8005
			    0.1589    -0.5008    0.8509
			    0.5050    -0.1635    -0.8475
			    0.1890    0.4262    0.8847
			    -0.1418    -0.1760    0.9741
			    -0.4938    -0.3437    -0.7988
			    0.6002    0.7449    0.2912
			    -0.1290    -0.2692    0.9544
			    0.7894    -0.6104    -0.0655
			    -0.6002    -0.7449    -0.2912
			    0.1290    0.2692    -0.9544
			    -0.7894    0.6104    0.0655
		b:
			    -333.5394
			    342.1947
			    -197.3144
			    406.8212
			    330.4597
			    -430.0917
			    299.0246
			    321.6943
			    147.6160
			    -283.0246
			    -309.6943
			    -128.6160
	==================================================================================
	Q6:
		Shape: Ellipse
		q_c:    224.5000    64.5000    379.0000
		ub :    232.4991    72.7230    387.9810
		lb :    216.5009    56.2770    370.0190
		P^-1: 
			    0.0292    0.0013    0.0019
			    0.0013    0.0433    -0.0084
			    0.0019    -0.0084    0.0377


===========================================================================================
===========================================================================================
S4:
	q_c:    395.0000    230.0000    488.0000
	ub :    403.0000    246.0000    504.0000
	lb :    387.0000    214.0000    472.0000

	==================================================================================
	Q1:
		Shape: Polyhedra
		q_c:    387.5000    233.0000    492.5000
		ub :    393.4167    240.6278    500.1413
		lb :    381.5833    225.3722    484.8587
		A:
			    -0.1611    -0.8555    -0.4920
			    0.6051    -0.4548    -0.6535
			    -0.9591    -0.2195    0.1789
			    -0.4539    -0.8596    -0.2348
			    -0.1126    0.9505    0.2896
			    -0.1260    0.7765    0.6173
			    0.5536    0.5546    0.6212
			    -0.8133    0.5206    0.2600
			    -0.1792    -0.6491    0.7393
			    -0.5536    -0.5546    -0.6212
			    0.8133    -0.5206    -0.2600
			    0.1792    0.6491    -0.7393
		b:
			    -499.7898
			    -189.8583
			    -330.6261
			    -487.0698
			    324.5805
			    440.0373
			    654.1942
			    -62.7956
			    148.9220
			    -645.1942
			    68.7956
			    -137.9220
	==================================================================================
	Q2:
		Shape: Polyhedra
		q_c:    398.5000    234.0000    494.0000
		ub :    404.5744    240.0331    498.3071
		lb :    392.4256    227.9669    489.6929
		A:
			    0.2886    0.7566    0.5868
			    -0.1075    0.6804    0.7249
			    -0.4384    0.0124    -0.8987
			    -0.9727    0.2160    -0.0847
			    -0.3917    -0.8371    -0.3819
			    -0.1262    0.3915    0.9115
			    0.5291    0.5964    0.6036
			    -0.7687    0.6381    0.0435
			    -0.3593    -0.4870    0.7961
			    -0.5291    -0.5964    -0.6036
			    0.7687    -0.6381    -0.0435
			    0.3593    0.4870    -0.7961
		b:
			    583.9404
			    477.6859
			    -612.8046
			    -374.4069
			    -538.5114
			    494.8167
			    650.1037
			    -130.5621
			    140.1265
			    -647.1037
			    140.5621
			    -132.1265
	==================================================================================
	Q3:
		Shape: Hybrid
		q_c:    392.5000    229.0000    484.0000
		ub :    396.4895    234.5164    489.7719
		lb :    388.5105    223.4836    478.2281
		P^-1: 
			    0.2360    0.1330    0.0948
			    0.1330    0.1997    0.1360
			    0.0948    0.1360    0.1598
		A:
			    0.9186    -0.0414    0.3929
			    -0.7377    -0.4382    -0.5136
			    0.2698    0.8311    0.4863
			    -0.7393    -0.5451    -0.3954
			    0.9439    0.2984    0.1417
			    -0.5513    -0.7356    -0.3938
		b:
			    543.4121
			    -637.5135
			    532.8462
			    -605.5603
			    508.6925
			    -574.4496
	==================================================================================
	Q4:
		Shape: Ellipse
		q_c:    389.5000    230.0000    490.0000
		ub :    395.6875    236.1571    496.1570
		lb :    383.3125    223.8429    483.8430
		P^-1: 
			    0.0890    -0.0215    0.0134
			    -0.0215    0.0901    0.0143
			    0.0134    0.0143    0.0536
	==================================================================================
	Q5:
		Shape: Polyhedra
		q_c:    389.5000    228.5000    494.0000
		ub :    394.9671    233.8563    497.1884
		lb :    384.0329    223.1437    490.8116
		A:
			    -0.8020    -0.2940    -0.5200
			    0.0326    0.2783    -0.9599
			    -0.5735    0.2999    -0.7624
			    -0.4910    0.3443    -0.8002
			    -0.2415    0.7937    -0.5583
			    0.5748    -0.2840    0.7674
			    0.5963    0.7861    0.1627
			    0.1508    -0.3087    0.9391
			    0.7885    -0.5354    -0.3026
			    -0.5963    -0.7861    -0.1627
			    -0.1508    0.3087    -0.9391
			    -0.7885    0.5354    0.3026
		b:
			    -633.2770
			    -396.2670
			    -529.2706
			    -505.8972
			    -185.9625
			    540.2686
			    495.7405
			    453.6196
			    39.2944
			    -488.7405
			    -450.6196
			    -31.2944
	==================================================================================
	Q6:
		Shape: Polyhedra
		q_c:    403.0000    239.5000    488.0000
		ub :    408.3770    244.8569    490.5188
		lb :    397.6230    234.1431    485.4812
		A:
			    0.2486    -0.6722    -0.6974
			    -0.5917    0.3132    -0.7428
			    -0.2771    0.2426    0.9297
			    -0.0314    -0.2432    0.9695
			    0.0188    0.5128    -0.8583
			    0.5165    0.3743    -0.7702
			    0.6633    0.6591    0.3544
			    0.7168    -0.6956    -0.0478
			    0.2150    0.2857    -0.9339
			    -0.6633    -0.6591    -0.3544
			    -0.7168    0.6956    0.0478
			    -0.2150    -0.2857    0.9339
		b:
			    -397.9276
			    -523.0912
			    402.2072
			    403.4239
			    -287.0081
			    -76.4131
			    602.1205
			    102.4398
			    -299.6260
			    -594.1205
			    -95.4398
			    301.6260


===========================================================================================
===========================================================================================
S5:
	q_c:    79.0000    112.0000    431.0000
	ub :    107.0000    129.0000    441.0000
	lb :    51.0000    95.0000    421.0000

	==================================================================================
	Q1:
		Shape: Polyhedra
		q_c:    74.5000    115.0000    425.5000
		ub :    80.5370    121.6728    432.2574
		lb :    68.4630    108.3272    418.7426
		A:
			    0.4362    -0.8450    0.3093
			    -0.9104    -0.4128    -0.0273
			    0.5413    0.6828    0.4907
			    -0.7607    0.3225    0.5634
			    0.2201    0.0687    -0.9731
			    0.3609    0.5225    -0.7725
			    0.4680    0.7453    0.4748
			    0.2381    -0.6238    0.7445
			    0.8511    -0.2353    -0.4694
			    -0.4680    -0.7453    -0.4748
			    -0.2381    0.6238    -0.7445
			    -0.8511    0.2353    0.4694
		b:
			    70.8970
			    -122.8221
			    332.1456
			    223.6571
			    -385.8715
			    -237.8230
			    327.1190
			    266.7765
			    -159.8738
			    -318.1190
			    -258.7765
			    166.8738
	==================================================================================
	Q2:
		Shape: Hybrid
		q_c:    82.0000    104.5000    427.0000
		ub :    88.1080    111.4418    433.9366
		lb :    75.8920    97.5582    420.0634
		P^-1: 
			    0.0667    -0.0288    -0.0189
			    -0.0288    0.0750    0.0156
			    -0.0189    0.0156    0.0587
		A:
			    0.5208    -0.2320    -0.8215
			    0.1052    -0.3478    -0.9317
			    -0.9356    0.2961    0.1925
			    -0.1539    -0.9729    -0.1726
			    0.4994    0.0780    -0.8628
			    0.9175    -0.3815    0.1120
		b:
			    -330.2642
			    -423.0412
			    38.5691
			    -185.2593
			    -316.8193
			    85.5720
	==================================================================================
	Q3:
		Shape: Hybrid
		q_c:    80.5000    111.0000    435.0000
		ub :    86.9756    117.1483    443.3652
		lb :    74.0244    104.8517    426.6348
		P^-1: 
			    0.0486    -0.0011    0.0062
			    -0.0011    0.0603    -0.0082
			    0.0062    -0.0082    0.0234
		A:
			    0.8260    0.4699    -0.3113
			    -0.1493    0.9395    0.3084
			    0.8030    0.5632    -0.1951
			    -0.6774    0.3771    -0.6317
			    0.4778    0.8768    -0.0538
			    -0.6437    0.7648    0.0269
		b:
			    -13.8929
			    229.3612
			    44.8818
			    -284.6410
			    114.5956
			    47.2617
	==================================================================================
	Q4:
		Shape: Polyhedra
		q_c:    82.0000    121.0000    426.5000
		ub :    90.4349    128.8430    433.5321
		lb :    73.5651    113.1570    419.4679
		A:
			    0.8059    -0.4498    -0.3849
			    0.2207    0.1111    0.9690
			    -0.3019    -0.9533    -0.0124
			    0.0024    -0.4138    0.9103
			    -0.5233    0.5697    -0.6337
			    -0.6652    -0.7462    -0.0253
			    0.6630    0.5088    0.5492
			    0.5038    -0.8458    0.1754
			    0.5538    0.1604    -0.8171
			    -0.6630    -0.5088    -0.5492
			    -0.5038    0.8458    -0.1754
			    -0.5538    -0.1604    0.8171
		b:
			    -148.1381
			    449.8696
			    -140.0072
			    342.5775
			    -239.1919
			    -150.1807
			    356.1615
			    18.7837
			    -280.1620
			    -344.1615
			    -8.7837
			    287.1620
	==================================================================================
	Q5:
		Shape: Polyhedra
		q_c:    72.5000    103.5000    439.5000
		ub :    78.2122    107.1196    446.3230
		lb :    66.7878    99.8804    432.6770
		A:
			    0.0233    -0.9609    0.2759
			    -0.1083    0.9595    -0.2600
			    0.1356    0.8623    -0.4880
			    -0.5921    0.7579    0.2740
			    -0.1194    -0.8924    -0.4352
			    0.5126    -0.6124    0.6018
			    0.0266    0.3224    0.9462
			    -0.0291    0.9464    -0.3216
			    -0.9992    -0.0190    0.0346
			    -0.0266    -0.3224    -0.9462
			    0.0291    -0.9464    0.3216
			    0.9992    0.0190    -0.0346
		b:
			    25.0264
			    -21.2096
			    -113.3119
			    160.5732
			    -287.5679
			    242.0774
			    457.6649
			    -44.0140
			    -53.7240
			    -444.6649
			    47.0140
			    64.7240
	==================================================================================
	Q6:
		Shape: Hybrid
		q_c:    82.0000    119.5000    437.5000
		ub :    88.5601    126.9146    444.7381
		lb :    75.4399    112.0854    430.2619
		P^-1: 
			    0.0672    0.0211    -0.0144
			    0.0211    0.0706    0.0360
			    -0.0144    0.0360    0.0786
		A:
			    0.3933    0.8489    0.3532
			    0.8145    0.5147    -0.2679
			    0.7705    -0.3286    -0.5462
			    -0.4878    0.4934    0.7201
			    -0.4379    0.3789    0.8153
			    0.9511    -0.1319    0.2794
		b:
			    289.9620
			    13.0907
			    -212.8103
			    335.8171
			    367.7309
			    188.2461


===========================================================================================
===========================================================================================
S6:
	q_c:    505.5000    243.0000    51.0000
	ub :    520.0000    250.0000    73.0000
	lb :    491.0000    236.0000    29.0000

	==================================================================================
	Q1:
		Shape: Hybrid
		q_c:    501.0000    238.0000    49.0000
		ub :    506.1371    243.0054    53.9783
		lb :    495.8629    232.9946    44.0217
		P^-1: 
			    0.0648    0.0008    0.0085
			    0.0008    0.0865    -0.0119
			    0.0085    -0.0119    0.1040
		A:
			    0.0083    -0.2632    0.9647
			    -0.4344    0.5993    0.6724
			    -0.2238    0.9745    -0.0170
			    -0.5070    -0.3148    0.8024
			    -0.1018    -0.5981    0.7949
			    0.8840    -0.4674    -0.0042
		b:
			    -9.6774
			    -39.8655
			    120.9562
			    -287.6860
			    -152.8329
			    333.8388
	==================================================================================
	Q2:
		Shape: Ellipse
		q_c:    511.5000    246.5000    45.0000
		ub :    516.5397    249.2724    49.9669
		lb :    506.4603    243.7276    40.0331
		P^-1: 
			    0.0807    -0.0002    -0.0236
			    -0.0002    0.1598    -0.0038
			    -0.0236    -0.0038    0.0931
	==================================================================================
	Q3:
		Shape: Hybrid
		q_c:    502.5000    243.5000    48.5000
		ub :    505.8568    248.0248    52.9814
		lb :    499.1432    238.9752    44.0186
		P^-1: 
			    0.1831    0.0269    0.0293
			    0.0269    0.1303    0.0683
			    0.0293    0.0683    0.1783
		A:
			    0.8440    -0.0920    0.5284
			    0.5266    -0.4768    -0.7039
			    -0.1060    -0.0754    -0.9915
			    -0.7897    0.1464    -0.5958
			    0.9280    0.3272    -0.1782
			    -0.5700    -0.7701    -0.2865
		b:
			    428.7819
			    115.7731
			    -118.1737
			    -388.5045
			    538.8455
			    -486.4491
	==================================================================================
	Q4:
		Shape: Ellipse
		q_c:    501.5000    237.5000    57.5000
		ub :    505.5733    241.8748    62.0586
		lb :    497.4267    233.1252    52.9414
		P^-1: 
			    0.1447    -0.0120    -0.0192
			    -0.0120    0.1505    -0.0151
			    -0.0192    -0.0151    0.1359
	==================================================================================
	Q5:
		Shape: Hybrid
		q_c:    504.5000    242.0000    45.5000
		ub :    508.4782    246.6687    50.3911
		lb :    500.5218    237.3313    40.6089
		P^-1: 
			    0.1432    -0.0147    0.0180
			    -0.0147    0.1178    -0.0082
			    0.0180    -0.0082    0.1212
		A:
			    -0.3139    0.9008    -0.3000
			    -0.5529    0.6507    -0.5204
			    0.8130    0.5812    -0.0350
			    0.7920    -0.3798    -0.4780
			    0.4224    0.6132    -0.6675
			    -0.2806    0.9071    -0.3138
		b:
			    47.4655
			    -143.8434
			    550.8848
			    287.5256
			    332.8460
			    65.1589
	==================================================================================
	Q6:
		Shape: Polyhedra
		q_c:    506.5000    241.0000    47.0000
		ub :    510.8045    243.4236    49.9335
		lb :    502.1955    238.5764    44.0665
		A:
			    -0.4648    0.6196    -0.6325
			    -0.3059    -0.8957    -0.3228
			    -0.3956    0.6342    0.6643
			    -0.4873    0.4021    -0.7751
			    -0.2300    -0.9596    -0.1619
			    0.1997    0.0799    0.9766
			    0.1013    0.3936    0.9137
			    -0.2414    0.9007    -0.3612
			    -0.9651    -0.1840    0.1862
			    -0.1013    -0.3936    -0.9137
			    0.2414    -0.9007    0.3612
			    0.9651    0.1840    -0.1862
		b:
			    -114.3676
			    -383.7882
			    -14.0042
			    -184.5956
			    -353.3980
			    168.2142
			    191.0919
			    78.8413
			    -520.4209
			    -187.0919
			    -76.8413
			    528.4209


===========================================================================================
===========================================================================================
S7:
	q_c:    534.5000    60.0000    66.5000
	ub :    560.0000    88.0000    84.0000
	lb :    509.0000    32.0000    49.0000

	==================================================================================
	Q1:
		Shape: Hybrid
		q_c:    546.5000    52.5000    49.0000
		ub :    552.9470    59.3128    52.7624
		lb :    540.0530    45.6872    45.2376
		P^-1: 
			    0.1443    0.0772    -0.1487
			    0.0772    0.0867    -0.1062
			    -0.1487    -0.1062    0.3090
		A:
			    -0.2858    -0.1310    0.9493
			    -0.7209    0.6387    0.2691
			    -0.7436    -0.1924    0.6403
			    -0.4582    -0.4388    0.7730
			    -0.4071    -0.3926    0.8247
			    -0.6174    -0.2745    0.7372
		b:
			    -115.3686
			    -342.8122
			    -383.6871
			    -234.7039
			    -201.8415
			    -314.7676
	==================================================================================
	Q2:
		Shape: Polyhedra
		q_c:    540.0000    41.5000    81.5000
		ub :    548.5386    47.2094    91.1288
		lb :    531.4614    35.7906    71.8712
		A:
			    -0.0973    0.9829    0.1561
			    0.4129    0.8134    -0.4098
			    -0.5490    -0.7810    0.2978
			    0.4809    0.7676    -0.4236
			    0.0618    0.9722    -0.2258
			    -0.1689    -0.9686    -0.1826
			    0.1768    0.0023    0.9843
			    -0.8704    0.4672    0.1552
			    -0.4595    -0.8841    0.0846
			    -0.1768    -0.0023    -0.9843
			    0.8704    -0.4672    -0.1552
			    0.4595    0.8841    -0.0846
		b:
			    5.5529
			    227.3177
			    -301.1105
			    261.0991
			    59.3411
			    -142.3688
			    184.2594
			    -431.4779
			    -274.9361
			    -167.2594
			    444.4779
			    280.9361
	==================================================================================
	Q3:
		Shape: Hybrid
		q_c:    524.0000    52.5000    76.5000
		ub :    539.3390    65.9078    89.1523
		lb :    508.6610    39.0922    63.8477
		P^-1: 
			    0.0123    -0.0031    -0.0004
			    -0.0031    0.0125    -0.0011
			    -0.0004    -0.0011    0.0137
		A:
			    -0.4712    -0.0691    0.8793
			    0.5504    0.3038    0.7776
			    -0.9860    0.0722    -0.1503
			    0.0281    -0.6920    0.7214
			    0.4674    -0.8828    0.0468
			    0.0440    -0.5603    0.8271
		b:
			    -178.7050
			    369.5494
			    -519.1860
			    38.0413
			    206.3703
			    61.2549
	==================================================================================
	Q4:
		Shape: Hybrid
		q_c:    553.0000    64.0000    72.0000
		ub :    563.8228    77.3799    84.9998
		lb :    542.1772    50.6201    59.0002
		P^-1: 
			    0.0299    0.0145    0.0140
			    0.0145    0.0219    0.0065
			    0.0140    0.0065    0.0223
		A:
			    0.2894    -0.6585    -0.6947
			    0.3846    0.8794    0.2807
			    0.1638    -0.5494    0.8194
			    -0.2763    -0.9174    -0.2863
			    0.5269    0.7460    0.4073
			    0.2367    -0.9547    -0.1802
		b:
			    75.2006
			    293.1012
			    119.9869
			    -227.6162
			    371.4337
			    63.7943
	==================================================================================
	Q5:
		Shape: Hybrid
		q_c:    549.5000    64.0000    53.0000
		ub :    564.3424    79.8434    64.5935
		lb :    534.6576    48.1566    41.4065
		P^-1: 
			    0.0112    -0.0002    0.0028
			    -0.0002    0.0102    0.0036
			    0.0028    0.0036    0.0183
		A:
			    0.7310    0.5134    -0.4495
			    -0.9955    -0.0946    -0.0094
			    -0.7942    -0.2571    -0.5506
			    0.0064    0.8018    0.5976
			    0.6590    -0.6448    0.3873
			    0.4520    -0.1185    -0.8841
		b:
			    417.9904
			    -547.3526
			    -477.3396
			    91.3006
			    347.3744
			    199.1200
	==================================================================================
	Q6:
		Shape: Ellipse
		q_c:    555.0000    44.0000    68.0000
		ub :    568.6323    55.3157    80.3702
		lb :    541.3677    32.6843    55.6298
		P^-1: 
			    0.0153    0.0046    -0.0012
			    0.0046    0.0198    -0.0028
			    -0.0012    -0.0028    0.0147


===========================================================================================
===========================================================================================
S8:
	q_c:    39.5000    48.5000    413.5000
	ub :    69.0000    58.0000    423.0000
	lb :    10.0000    39.0000    404.0000

	==================================================================================
	Q1:
		Shape: Hybrid
		q_c:    46.5000    47.0000    415.0000
		ub :    48.7955    49.7492    417.7050
		lb :    44.2045    44.2508    412.2950
		P^-1: 
			    0.4139    -0.0437    0.0831
			    -0.0437    0.5980    0.4034
			    0.0831    0.4034    0.5925
		A:
			    0.4808    0.6696    0.5661
			    0.3347    -0.4627    -0.8209
			    -0.3661    0.6752    0.6404
			    0.5061    -0.6935    -0.5127
			    -0.7034    0.0436    0.7095
			    0.1908    0.2661    0.9449
		b:
			    289.4560
			    -346.0215
			    281.1080
			    -221.1283
			    265.2403
			    414.3988
	==================================================================================
	Q2:
		Shape: Polyhedra
		q_c:    34.0000    56.5000    420.0000
		ub :    39.2119    62.4435    424.2443
		lb :    28.7881    50.5565    415.7557
		A:
			    -0.7148    -0.5715    -0.4030
			    0.6638    0.4274    -0.6137
			    0.9151    -0.1031    0.3897
			    -0.5436    0.3416    0.7666
			    -0.7186    -0.1055    0.6874
			    0.8838    0.1472    0.4441
			    0.5274    0.7655    0.3685
			    0.8400    -0.5349    -0.0911
			    0.1274    0.3576    -0.9252
			    -0.5274    -0.7655    -0.3685
			    -0.8400    0.5349    0.0911
			    -0.1274    -0.3576    0.9252
		b:
			    -221.4290
			    -207.9649
			    192.4726
			    325.7368
			    261.1011
			    228.7575
			    220.4530
			    -36.9052
			    -361.5331
			    -211.4530
			    42.9052
			    366.5331
	==================================================================================
	Q3:
		Shape: Hybrid
		q_c:    42.0000    54.0000    416.0000
		ub :    44.8977    60.1560    422.6606
		lb :    39.1023    47.8440    409.3394
		P^-1: 
			    0.1594    -0.0033    -0.0060
			    -0.0033    0.0656    0.0232
			    -0.0060    0.0232    0.0496
		A:
			    -0.0124    -0.9995    0.0276
			    0.8709    0.0449    0.4893
			    0.2773    0.6573    0.7007
			    -0.6395    0.7674    -0.0472
			    -0.9293    -0.2802    -0.2404
			    -0.9552    0.2630    -0.1358
		b:
			    -39.9291
			    244.6066
			    340.9712
			    -2.5743
			    -152.6983
			    -80.8026
	==================================================================================
	Q4:
		Shape: Polyhedra
		q_c:    38.5000    49.0000    417.5000
		ub :    44.1414    54.8815    422.0595
		lb :    32.8586    43.1185    412.9405
		A:
			    -0.2835    -0.9396    -0.1919
			    -0.8462    -0.1685    -0.5055
			    0.7058    0.4780    0.5228
			    0.7696    -0.4945    0.4040
			    0.8789    0.4728    -0.0633
			    -0.6243    0.1500    0.7666
			    0.7808    0.5946    0.1919
			    0.6218    -0.7095    -0.3316
			    -0.0610    0.3782    -0.9237
			    -0.7808    -0.5946    -0.1919
			    -0.6218    0.7095    0.3316
			    0.0610    -0.3782    0.9237
		b:
			    -132.7279
			    -247.3438
			    273.6625
			    177.2181
			    35.4156
			    306.2860
			    144.3122
			    -146.7482
			    -366.4680
			    -134.3122
			    151.7482
			    372.4680
	==================================================================================
	Q5:
		Shape: Hybrid
		q_c:    32.5000    47.5000    405.0000
		ub :    36.0602    50.7522    408.3104
		lb :    28.9398    44.2478    401.6896
		P^-1: 
			    0.1810    0.1322    -0.0305
			    0.1322    0.3612    -0.0577
			    -0.0305    -0.0577    0.1244
		A:
			    -0.9403    0.3401    0.0108
			    0.3051    -0.8636    0.4014
			    -0.5893    -0.8012    -0.1037
			    0.9606    0.0519    -0.2730
			    0.1262    0.8800    -0.4578
			    0.5509    0.5548    -0.6235
		b:
			    -7.7910
			    133.1098
			    -98.2143
			    -74.9952
			    -138.4287
			    -206.9900
	==================================================================================
	Q6:
		Shape: Ellipse
		q_c:    32.0000    55.0000    417.0000
		ub :    38.9210    59.8042    423.7519
		lb :    25.0790    50.1958    410.2481
		P^-1: 
			    0.0580    -0.0080    -0.0229
			    -0.0080    0.0789    -0.0078
			    -0.0229    -0.0078    0.0594


===========================================================================================
===========================================================================================
S9:
	q_c:    56.0000    258.5000    195.0000
	ub :    71.0000    267.0000    217.0000
	lb :    41.0000    250.0000    173.0000

	==================================================================================
	Q1:
		Shape: Ellipse
		q_c:    56.5000    251.5000    194.5000
		ub :    61.4227    257.3719    200.5653
		lb :    51.5773    245.6281    188.4347
		P^-1: 
			    0.0814    0.0012    -0.0016
			    0.0012    0.0748    0.0091
			    -0.0016    0.0091    0.0695
	==================================================================================
	Q2:
		Shape: Hybrid
		q_c:    53.5000    263.5000    191.5000
		ub :    60.9304    270.6599    197.4885
		lb :    46.0696    256.3401    185.5115
		P^-1: 
			    0.0425    0.0168    0.0003
			    0.0168    0.0656    0.0104
			    0.0003    0.0104    0.0691
		A:
			    -0.8290    -0.1247    0.5452
			    0.5851    0.5257    0.6175
			    -0.6683    -0.1518    0.7282
			    0.1680    -0.6087    -0.7754
			    -0.5184    -0.8489    0.1030
			    0.8577    0.1959    0.4753
		b:
			    30.0139
			    290.0936
			    66.2307
			    -297.7922
			    -229.7025
			    191.3993
	==================================================================================
	Q3:
		Shape: Polyhedra
		q_c:    64.5000    260.5000    201.0000
		ub :    66.1864    263.8186    204.2959
		lb :    62.8136    257.1814    197.7041
		A:
			    0.2202    -0.0430    0.9745
			    0.6723    -0.7330    -0.1038
			    0.7716    -0.1776    0.6108
			    0.9773    0.0973    -0.1880
			    -0.7061    -0.5628    0.4298
			    0.9312    -0.3275    -0.1599
			    0.2736    0.6866    0.6736
			    0.9616    -0.2101    -0.1764
			    0.0204    0.6961    -0.7177
			    -0.2736    -0.6866    -0.6736
			    -0.9616    0.2101    0.1764
			    -0.0204    -0.6961    0.7177
		b:
			    201.1254
			    -166.9306
			    128.0837
			    51.7596
			    -104.0372
			    -56.3745
			    334.3967
			    -27.1632
			    40.3788
			    -329.3967
			    29.1632
			    -36.3788
	==================================================================================
	Q4:
		Shape: Hybrid
		q_c:    47.5000    255.5000    192.0000
		ub :    52.3941    262.2977    197.9102
		lb :    42.6059    248.7023    186.0898
		P^-1: 
			    0.5930    0.1219    -0.4522
			    0.1219    0.0792    -0.1207
			    -0.4522    -0.1207    0.4234
		A:
			    -0.1385    -0.9897    0.0370
			    -0.8687    -0.1486    0.4725
			    -0.5995    -0.1965    0.7759
			    0.8585    0.0469    -0.5107
			    0.8652    0.0592    -0.4979
			    -0.4476    -0.6605    0.6028
		b:
			    -248.1509
			    12.3158
			    71.1867
			    -44.5158
			    -38.5770
			    -72.2751
	==================================================================================
	Q5:
		Shape: Hybrid
		q_c:    49.5000    265.0000    189.5000
		ub :    57.6557    273.2604    196.1636
		lb :    41.3443    256.7396    182.8364
		P^-1: 
			    0.0429    -0.0079    -0.0010
			    -0.0079    0.0397    -0.0012
			    -0.0010    -0.0012    0.0492
		A:
			    0.0276    0.9514    -0.3068
			    -0.5643    -0.3773    0.7343
			    0.6732    -0.6971    0.2467
			    0.8833    -0.4651    -0.0586
			    0.6761    0.6083    0.4158
			    0.8711    -0.4777    0.1144
		b:
			    198.1451
			    13.8513
			    -102.4084
			    -88.3355
			    276.5933
			    -59.5031
	==================================================================================
	Q6:
		Shape: Ellipse
		q_c:    56.5000    261.0000    191.5000
		ub :    63.7765    268.5505    198.9207
		lb :    49.2235    253.4495    184.0793
		P^-1: 
			    0.0432    -0.0032    -0.0082
			    -0.0032    0.0602    -0.0208
			    -0.0082    -0.0208    0.0607


===========================================================================================
===========================================================================================
S10:
