3D_50_5_6_c                l = 3

===========================================================================================
===========================================================================================
S1:
	q_c:    356.0000    360.5000    126.5000
	ub :    370.0000    378.0000    130.0000
	lb :    342.0000    343.0000    123.0000

	==================================================================================
	Q1:
		Shape: Polyhedra
		q_c:    357.5000    362.5000    126.0000
		ub :    360.5934    365.8291    128.8672
		lb :    354.4066    359.1709    123.1328
		A:
			    0.6750    0.5057    0.5373
			    -0.5784    0.2084    -0.7887
			    0.1700    0.6562    0.7352
			    -0.4548    -0.0274    0.8902
			    0.2623    0.2126    -0.9413
			    0.5742    0.7898    0.2155
			    0.2262    0.4393    0.8694
			    -0.8942    -0.2603    0.3642
			    0.3863    -0.8598    0.3339
			    -0.2262    -0.4393    -0.8694
			    0.8942    0.2603    -0.3642
			    -0.3863    0.8598    -0.3339
		b:
			    493.9831
			    -228.5743
			    392.8597
			    -58.5539
			    54.1405
			    520.6382
			    351.1414
			    -366.1634
			    -129.0110
			    -348.1414
			    370.1634
			    134.0110
	==================================================================================
	Q2:
		Shape: Hybrid
		q_c:    358.5000    362.5000    126.5000
		ub :    361.1437    365.0414    128.4035
		lb :    355.8563    359.9586    124.5965
		P^-1: 
			    0.4568    0.0739    -0.2351
			    0.0739    0.3421    0.0736
			    -0.2351    0.0736    0.8956
		A:
			    -0.1893    -0.4914    0.8501
			    0.5305    -0.2609    -0.8066
			    0.5689    -0.2964    -0.7672
			    -0.5909    -0.4982    0.6345
			    0.0496    0.9153    0.3998
			    -0.7189    -0.5265    0.4539
		b:
			    -137.5931
			    -5.8073
			    0.1059
			    -311.4309
			    401.2187
			    -390.3578
	==================================================================================
	Q3:
		Shape: Ellipse
		q_c:    354.5000    361.5000    130.0000
		ub :    356.3803    363.7396    132.3334
		lb :    352.6197    359.2604    127.6666
		P^-1: 
			    0.7343    -0.1856    0.2063
			    -0.1856    0.5633    -0.1321
			    0.2063    -0.1321    0.5913
	==================================================================================
	Q4:
		Shape: Ellipse
		q_c:    359.0000    358.5000    126.5000
		ub :    360.9857    359.7740    128.8246
		lb :    357.0143    357.2260    124.1754
		P^-1: 
			    0.7797    0.0551    0.3371
			    0.0551    0.9862    -0.0843
			    0.3371    -0.0843    0.4841
	==================================================================================
	Q5:
		Shape: Polyhedra
		q_c:    355.5000    361.0000    128.0000
		ub :    357.1276    362.2565    128.7589
		lb :    353.8724    359.7435    127.2411
		A:
			    -0.8605    -0.4987    0.1044
			    -0.7870    -0.2064    0.5814
			    -0.6386    -0.6442    0.4209
			    -0.2718    -0.5176    -0.8113
			    -0.3858    -0.7430    0.5469
			    0.2188    0.9022    0.3718
			    0.4649    0.8507    0.2454
			    0.8601    -0.4997    0.1028
			    0.2101    0.1632    -0.9640
			    -0.4649    -0.8507    -0.2454
			    -0.8601    0.4997    -0.1028
			    -0.2101    -0.1632    0.9640
		b:
			    -471.7268
			    -278.9705
			    -405.1505
			    -386.8090
			    -334.8686
			    451.6320
			    504.2720
			    140.0450
			    10.7143
			    -503.2720
			    -137.0450
			    -9.7143
	==================================================================================
	Q6:
		Shape: Polyhedra
		q_c:    356.5000    360.0000    129.5000
		ub :    359.4057    362.4733    132.1938
		lb :    353.5943    357.5267    126.8062
		A:
			    -0.3953    -0.9184    -0.0142
			    -0.9427    0.3124    -0.1169
			    0.2876    -0.9546    0.0782
			    0.3060    -0.4022    -0.8629
			    0.4301    0.8141    -0.3902
			    -0.8117    0.0769    -0.5790
			    0.4722    0.4534    0.7559
			    -0.4740    0.8537    -0.2159
			    -0.7432    -0.2564    0.6180
			    -0.4722    -0.4534    -0.7559
			    0.4740    -0.8537    0.2159
			    0.7432    0.2564    -0.6180
		b:
			    -471.7502
			    -237.0753
			    -229.4884
			    -145.6959
			    397.6840
			    -335.1318
			    430.9647
			    111.8768
			    -275.1995
			    -427.9647
			    -108.8768
			    279.1995


===========================================================================================
===========================================================================================
S2:
	q_c:    16.5000    126.5000    152.0000
	ub :    33.0000    135.0000    168.0000
	lb :    0.0000    118.0000    136.0000

	==================================================================================
	Q1:
		Shape: Polyhedra
		q_c:    24.5000    117.5000    157.5000
		ub :    32.5948    124.4615    164.9056
		lb :    16.4052    110.5385    150.0944
		A:
			    0.7149    -0.0499    -0.6974
			    0.2041    0.0112    0.9789
			    -0.7163    0.0354    0.6969
			    -0.4295    -0.8971    0.1039
			    -0.8160    0.0124    0.5779
			    -0.9687    -0.1154    -0.2199
			    0.7820    0.2641    0.5645
			    -0.4877    -0.3046    0.8181
			    0.3880    -0.9151    -0.1094
			    -0.7820    -0.2641    -0.5645
			    0.4877    0.3046    -0.8181
			    -0.3880    0.9151    0.1094
		b:
			    -93.2688
			    165.4896
			    101.2995
			    -94.7723
			    77.4137
			    -66.9566
			    144.1022
			    86.1159
			    -110.7543
			    -134.1022
			    -76.1159
			    119.7543
	==================================================================================
	Q2:
		Shape: Polyhedra
		q_c:    12.0000    134.0000    154.0000
		ub :    16.1605    139.8446    158.0473
		lb :    7.8395    128.1554    149.9527
		A:
			    -0.4317    0.1743    0.8850
			    -0.0669    -0.9505    0.3033
			    0.8999    0.4348    -0.0332
			    0.8511    -0.1415    -0.5056
			    0.9406    0.1540    -0.3025
			    -0.5538    -0.4240    0.7167
			    0.5629    0.0610    0.8243
			    -0.0999    0.9950    -0.0055
			    -0.8205    -0.0793    0.5662
			    -0.5629    -0.0610    -0.8243
			    0.0999    -0.9950    0.0055
			    0.8205    0.0793    -0.5662
		b:
			    157.1496
			    -76.2245
			    66.9781
			    -84.2930
			    -12.4780
			    49.7571
			    145.3700
			    136.7876
			    68.7268
			    -138.3700
			    -125.7876
			    -64.7268
	==================================================================================
	Q3:
		Shape: Ellipse
		q_c:    24.0000    124.0000    147.0000
		ub :    31.6829    131.7359    156.1452
		lb :    16.3171    116.2641    137.8548
		P^-1: 
			    0.0421    -0.0019    -0.0114
			    -0.0019    0.0276    -0.0000
			    -0.0114    -0.0000    0.0311
	==================================================================================
	Q4:
		Shape: Ellipse
		q_c:    23.0000    135.5000    163.0000
		ub :    29.1704    140.4012    170.3250
		lb :    16.8296    130.5988    155.6750
		P^-1: 
			    0.0913    0.0020    -0.0361
			    0.0020    0.0625    -0.0056
			    -0.0361    -0.0056    0.0435
	==================================================================================
	Q5:
		Shape: Ellipse
		q_c:    24.0000    129.5000    160.0000
		ub :    29.9633    135.2489    164.9765
		lb :    18.0367    123.7511    155.0235
		P^-1: 
			    0.1079    0.0560    0.0162
			    0.0560    0.0866    0.0165
			    0.0162    0.0165    0.0680
	==================================================================================
	Q6:
		Shape: Polyhedra
		q_c:    18.5000    121.0000    154.5000
		ub :    24.1472    124.4931    159.6042
		lb :    12.8528    117.5069    149.3958
		A:
			    0.7992    0.5567    -0.2267
			    0.1086    -0.5743    0.8114
			    -0.6032    0.0344    0.7968
			    0.8959    -0.1892    0.4019
			    -0.3108    -0.7592    -0.5719
			    0.0624    -0.9496    -0.3071
			    0.7353    0.4076    0.5415
			    0.3055    -0.9125    0.2720
			    0.6050    -0.0346    -0.7955
			    -0.7353    -0.4076    -0.5415
			    -0.3055    0.9125    -0.2720
			    -0.6050    0.0346    0.7955
		b:
			    50.9733
			    60.2011
			    118.6138
			    59.8972
			    -181.6119
			    -158.2778
			    151.5782
			    -61.2366
			    -113.3985
			    -141.5782
			    64.2366
			    118.3985


===========================================================================================
===========================================================================================
S3:
	q_c:    109.5000    410.0000    482.5000
	ub :    126.0000    428.0000    502.0000
	lb :    93.0000    392.0000    463.0000

	==================================================================================
	Q1:
		Shape: Polyhedra
		q_c:    104.5000    423.0000    473.5000
		ub :    116.6187    435.1069    482.1670
		lb :    92.3813    410.8931    464.8330
		A:
			    0.2806    -0.6470    0.7090
			    0.0737    -0.5716    0.8172
			    -0.9839    0.0120    0.1785
			    0.3865    -0.0201    -0.9221
			    -0.2398    -0.5166    0.8220
			    0.6437    0.5774    -0.5022
			    0.6484    0.3693    0.6658
			    -0.5511    -0.3757    0.7451
			    0.5253    -0.8500    -0.0401
			    -0.6484    -0.3693    -0.6658
			    0.5511    0.3757    -0.7451
			    -0.5253    0.8500    0.0401
		b:
			    98.6621
			    159.0927
			    -6.3425
			    -399.5540
			    150.4602
			    78.3197
			    547.2067
			    140.2852
			    -314.6264
			    -531.2067
			    -132.2852
			    332.6264
	==================================================================================
	Q2:
		Shape: Polyhedra
		q_c:    92.0000    418.5000    472.0000
		ub :    103.1144    425.5614    482.9586
		lb :    80.8856    411.4386    461.0414
		A:
			    0.3728    0.4276    0.8235
			    -0.7223    -0.5824    -0.3731
			    -0.4078    0.1702    -0.8971
			    0.2221    0.9380    0.2660
			    -0.4674    0.8814    0.0683
			    0.2045    -0.9120    0.3556
			    0.9480    0.2000    0.2474
			    -0.2735    0.1156    0.9549
			    0.1624    -0.9729    0.1643
			    -0.9480    -0.2000    -0.2474
			    0.2735    -0.1156    -0.9549
			    -0.1624    0.9729    -0.1643
		b:
			    610.2963
			    -478.2370
			    -381.6491
			    544.5552
			    363.3934
			    -190.2777
			    296.1904
			    482.4301
			    -310.1662
			    -279.1904
			    -465.4301
			    319.1662
	==================================================================================
	Q3:
		Shape: Hybrid
		q_c:    93.0000    409.0000    495.0000
		ub :    103.7959    421.3462    507.1257
		lb :    82.2041    396.6538    482.8743
		P^-1: 
			    0.0160    -0.0044    -0.0026
			    -0.0044    0.0224    0.0060
			    -0.0026    0.0060    0.0143
		A:
			    0.0891    -0.2869    -0.9538
			    -0.1726    -0.9710    0.1654
			    -0.0013    -0.6108    -0.7918
			    -0.3695    0.7525    0.5451
			    -0.9502    0.2971    -0.0938
			    -0.4505    -0.6660    0.5945
		b:
			    -576.1611
			    -326.3827
			    -637.7914
			    546.3184
			    -8.4479
			    -13.8954
	==================================================================================
	Q4:
		Shape: Polyhedra
		q_c:    109.0000    409.5000    498.0000
		ub :    121.5108    422.5940    512.7347
		lb :    96.4892    396.4060    483.2653
		A:
			    0.0526    0.2733    -0.9605
			    0.5823    0.5246    -0.6211
			    0.9056    0.4220    -0.0425
			    -0.1786    -0.9537    0.2418
			    -0.9443    0.1375    -0.2990
			    -0.6060    -0.5397    -0.5843
			    0.3584    0.7002    0.6175
			    0.8882    -0.0520    -0.4566
			    -0.2876    0.7120    -0.6405
			    -0.3584    -0.7002    -0.6175
			    -0.8882    0.0520    0.4566
			    0.2876    -0.7120    0.6405
		b:
			    -352.2522
			    -23.0660
			    258.5898
			    -280.7880
			    -187.3139
			    -568.7085
			    642.7966
			    -144.3508
			    -50.2538
			    -623.7966
			    159.3508
			    67.2538
	==================================================================================
	Q5:
		Shape: Polyhedra
		q_c:    118.0000    393.5000    485.5000
		ub :    131.2137    404.9321    497.5988
		lb :    104.7863    382.0679    473.4012
		A:
			    0.5014    0.5277    -0.6857
			    -0.1014    -0.4494    0.8876
			    -0.0025    0.3588    0.9334
			    0.5272    -0.0948    0.8444
			    0.5215    0.8026    -0.2896
			    -0.5735    -0.8178    0.0488
			    0.3860    0.6335    0.6706
			    0.0323    -0.7357    0.6765
			    0.9219    -0.2395    -0.3044
			    -0.3860    -0.6335    -0.6706
			    -0.0323    0.7357    -0.6765
			    -0.9219    0.2395    0.3044
		b:
			    -58.4901
			    248.2809
			    601.9274
			    441.8926
			    243.8131
			    -358.3882
			    627.9017
			    48.2250
			    -122.2398
			    -612.9017
			    -37.2250
			    144.2398
	==================================================================================
	Q6:
		Shape: Polyhedra
		q_c:    110.5000    403.0000    467.5000
		ub :    122.9175    414.1929    479.9442
		lb :    98.0825    391.8071    455.0558
		A:
			    0.1890    -0.1880    0.9638
			    0.5475    0.7554    -0.3600
			    0.3120    -0.9162    -0.2515
			    -0.1977    0.9411    -0.2744
			    -0.2963    -0.4627    -0.8355
			    0.6764    0.5298    0.5117
			    0.0855    0.8024    0.5906
			    0.6349    0.4129    -0.6530
			    -0.7678    0.4308    -0.4742
			    -0.0855    -0.8024    -0.5906
			    -0.6349    -0.4129    0.6530
			    0.7678    -0.4308    0.4742
		b:
			    403.7613
			    204.1519
			    -446.0008
			    236.8166
			    -603.8095
			    534.1617
			    613.9294
			    -60.7028
			    -123.8923
			    -603.9294
			    76.7028
			    141.8923


===========================================================================================
===========================================================================================
S4:
	q_c:    500.5000    293.5000    231.0000
	ub :    520.0000    300.0000    241.0000
	lb :    481.0000    287.0000    221.0000

	==================================================================================
	Q1:
		Shape: Hybrid
		q_c:    502.0000    291.5000    231.0000
		ub :    506.5296    297.0749    236.2061
		lb :    497.4704    285.9251    225.7939
		P^-1: 
			    0.1287    0.0356    0.0282
			    0.0356    0.0968    -0.0075
			    0.0282    -0.0075    0.1081
		A:
			    -0.6122    0.3913    -0.6871
			    -0.1271    0.2263    -0.9657
			    0.2407    -0.0033    -0.9706
			    -0.9925    -0.0928    -0.0796
			    -0.3494    -0.6084    -0.7126
			    0.3040    0.9512    -0.0537
		b:
			    -350.3198
			    -219.1787
			    -102.2427
			    -542.0481
			    -515.5552
			    419.2727
	==================================================================================
	Q2:
		Shape: Polyhedra
		q_c:    498.0000    300.0000    227.5000
		ub :    500.6752    304.8522    230.5269
		lb :    495.3248    295.1478    224.4731
		A:
			    0.5982    0.5655    -0.5678
			    -0.7757    -0.0610    0.6282
			    0.8495    0.0441    -0.5258
			    -0.6428    -0.1095    0.7581
			    0.7846    0.3726    -0.4956
			    0.8623    0.4729    0.1810
			    0.9342    0.0840    0.3467
			    -0.3077    -0.3020    0.9023
			    0.1805    -0.9496    -0.2563
			    -0.9342    -0.0840    -0.3467
			    0.3077    0.3020    -0.9023
			    -0.1805    0.9496    0.2563
		b:
			    340.2821
			    -259.8506
			    318.4863
			    -178.7665
			    391.3001
			    614.5619
			    570.8136
			    -37.0630
			    -248.7887
			    -567.8136
			    40.0630
			    257.7887
	==================================================================================
	Q3:
		Shape: Hybrid
		q_c:    494.5000    298.5000    232.0000
		ub :    500.2616    302.4242    237.9319
		lb :    488.7384    294.5758    226.0681
		P^-1: 
			    0.0659    -0.0228    0.0101
			    -0.0228    0.2162    -0.0683
			    0.0101    -0.0683    0.0929
		A:
			    0.1420    -0.9749    -0.1712
			    -0.5549    -0.8301    0.0543
			    0.3792    -0.0440    -0.9242
			    0.7064    -0.6493    0.2818
			    0.0813    0.8774    -0.4728
			    -0.4757    0.1564    -0.8656
		b:
			    -258.7478
			    -507.4046
			    -37.1544
			    222.7882
			    193.5898
			    -386.8255
	==================================================================================
	Q4:
		Shape: Ellipse
		q_c:    506.5000    289.0000    237.0000
		ub :    513.4913    294.0682    243.7069
		lb :    499.5087    283.9318    230.2931
		P^-1: 
			    0.0626    0.0463    -0.0384
			    0.0463    0.1696    -0.0870
			    -0.0384    -0.0870    0.1072
	==================================================================================
	Q5:
		Shape: Polyhedra
		q_c:    504.5000    297.5000    231.0000
		ub :    509.5015    301.7674    236.2156
		lb :    499.4985    293.2326    225.7844
		A:
			    0.1708    -0.8689    -0.4647
			    -0.9460    0.2955    -0.1332
			    0.7579    -0.4295    0.4910
			    0.1162    -0.9185    -0.3781
			    -0.0412    0.9833    0.1772
			    -0.6586    -0.6611    0.3593
			    0.7480    0.3451    0.5669
			    0.4417    0.3786    -0.8134
			    -0.4953    0.8588    0.1308
			    -0.7480    -0.3451    -0.5669
			    -0.4417    -0.3786    0.8134
			    0.4953    -0.8588    -0.1308
		b:
			    -277.4021
			    -417.5050
			    370.6532
			    -299.7129
			    315.0078
			    -442.2700
			    614.0045
			    151.5778
			    37.8023
			    -608.0045
			    -143.5778
			    -33.8023
	==================================================================================
	Q6:
		Shape: Hybrid
		q_c:    495.5000    291.0000    232.0000
		ub :    500.6215    296.1463    237.4060
		lb :    490.3785    285.8537    226.5940
		P^-1: 
			    0.1082    -0.0071    0.0051
			    -0.0071    0.0936    0.0126
			    0.0051    0.0126    0.1020
		A:
			    -0.1893    -0.4250    -0.8852
			    0.1237    0.3121    0.9420
			    -0.5639    0.8206    0.0925
			    0.1207    -0.0347    -0.9921
			    -0.9846    0.1296    -0.1170
			    -0.2907    0.5249    0.8000
		b:
			    -421.3217
			    372.1661
			    -17.5584
			    -178.7627
			    -475.8028
			    195.8266


===========================================================================================
===========================================================================================
S5:
	q_c:    51.0000    224.5000    365.0000
	ub :    66.0000    244.0000    382.0000
	lb :    36.0000    205.0000    348.0000

	==================================================================================
	Q1:
		Shape: Ellipse
		q_c:    47.5000    209.0000    368.5000
		ub :    57.8029    218.5675    376.7605
		lb :    37.1971    199.4325    360.2395
		P^-1: 
			    0.0291    0.0021    0.0117
			    0.0021    0.0321    -0.0090
			    0.0117    -0.0090    0.0391
	==================================================================================
	Q2:
		Shape: Ellipse
		q_c:    52.5000    232.0000    354.0000
		ub :    63.8733    243.4584    364.9428
		lb :    41.1267    220.5416    343.0572
		P^-1: 
			    0.0213    0.0021    -0.0014
			    0.0021    0.0218    0.0019
			    -0.0014    0.0019    0.0148
	==================================================================================
	Q3:
		Shape: Hybrid
		q_c:    61.5000    229.0000    356.5000
		ub :    70.2259    240.6636    368.7416
		lb :    52.7741    217.3364    344.2584
		P^-1: 
			    0.0138    0.0001    0.0000
			    0.0001    0.0155    0.0032
			    0.0000    0.0032    0.0133
		A:
			    0.3896    0.5999    -0.6989
			    0.0544    -0.9045    0.4231
			    -0.0628    -0.9079    -0.4144
			    -0.8759    0.4079    -0.2579
			    0.6316    -0.7526    -0.1862
			    -0.7416    0.1736    -0.6480
		b:
			    -82.2408
			    -47.6426
			    -355.6908
			    -47.4577
			    -195.5334
			    -231.7478
	==================================================================================
	Q4:
		Shape: Ellipse
		q_c:    49.0000    234.5000    348.5000
		ub :    59.3954    245.5809    357.4363
		lb :    38.6046    223.4191    339.5637
		P^-1: 
			    0.0358    -0.0163    -0.0070
			    -0.0163    0.0237    0.0048
			    -0.0070    0.0048    0.0179
	==================================================================================
	Q5:
		Shape: Hybrid
		q_c:    41.5000    214.5000    378.0000
		ub :    52.8217    225.2600    388.9294
		lb :    30.1783    203.7400    367.0706
		P^-1: 
			    0.0243    0.0032    -0.0032
			    0.0032    0.0180    0.0019
			    -0.0032    0.0019    0.0248
		A:
			    0.6166    0.0459    -0.7860
			    -0.5145    -0.8575    -0.0034
			    -0.2366    0.8876    -0.3951
			    0.6342    -0.6636    -0.3968
			    -0.0834    0.8321    -0.5483
			    0.3936    0.0824    0.9156
		b:
			    -258.6462
			    -202.7395
			    36.1546
			    -261.9156
			    -27.5246
			    383.7947
	==================================================================================
	Q6:
		Shape: Hybrid
		q_c:    41.0000    219.0000    370.5000
		ub :    45.4182    223.1221    374.8094
		lb :    36.5818    214.8779    366.1906
		P^-1: 
			    1.5594    -1.6223    -1.0360
			    -1.6223    1.8266    1.0455
			    -1.0360    1.0455    0.8141
		A:
			    0.6764    -0.6026    -0.4236
			    -0.6692    0.6981    0.2544
			    -0.6428    0.6473    0.4098
			    0.4846    -0.5346    -0.6924
			    0.7582    -0.5271    -0.3837
			    -0.1803    0.9735    -0.1405
		b:
			    -260.7853
			    220.2279
			    267.4895
			    -352.8066
			    -225.7200
			    155.6317


===========================================================================================
===========================================================================================
